"Datum";"Region";"PCR_Pos";"Ag_Neg";"Ag_Pos";"Total";"Pocet.potvrdenych";"Potvrdenych";"newcases";"date";"positive"
2021-01-25;"Banskobystrický kraj";82;30770;360;31130;21742;39876;442;2021-01-25;39876
2021-01-24;"Banskobystrický kraj";38;26784;227;27011;NA;39876;265;2021-01-24;39434
2021-01-23;"Banskobystrický kraj";142;74691;488;75179;NA;39876;630;2021-01-23;39169
2021-01-22;"Banskobystrický kraj";175;27108;351;27459;NA;39876;526;2021-01-22;38539
2021-01-21;"Banskobystrický kraj";194;15494;344;15838;NA;39876;538;2021-01-21;38013
2021-01-20;"Banskobystrický kraj";231;9500;192;9692;NA;39876;423;2021-01-20;37475
2021-01-19;"Banskobystrický kraj";213;10457;306;10763;NA;39876;519;2021-01-19;37052
2021-01-18;"Banskobystrický kraj";94;6730;329;7059;NA;39876;423;2021-01-18;36533
2021-01-17;"Banskobystrický kraj";110;7638;67;7705;NA;39876;177;2021-01-17;36110
2021-01-16;"Banskobystrický kraj";58;1873;56;1929;NA;39876;114;2021-01-16;35933
2021-01-15;"Banskobystrický kraj";164;6233;202;6435;NA;39876;366;2021-01-15;35819
2021-01-14;"Banskobystrický kraj";220;5466;317;5783;NA;39876;537;2021-01-14;35453
2021-01-13;"Banskobystrický kraj";235;5756;194;5950;NA;39876;429;2021-01-13;34916
2021-01-12;"Banskobystrický kraj";194;6256;425;6681;NA;39876;619;2021-01-12;34487
2021-01-11;"Banskobystrický kraj";76;6992;409;7401;NA;39876;485;2021-01-11;33868
2021-01-10;"Banskobystrický kraj";110;66;1;67;NA;39876;111;2021-01-10;33383
2021-01-09;"Banskobystrický kraj";297;2726;105;2831;NA;39876;402;2021-01-09;33272
2021-01-08;"Banskobystrický kraj";435;8110;387;8497;NA;39876;822;2021-01-08;32870
2021-01-07;"Banskobystrický kraj";127;4034;262;4296;NA;39876;389;2021-01-07;32048
2021-01-06;"Banskobystrický kraj";305;3335;205;3540;NA;39876;510;2021-01-06;31659
2021-01-05;"Banskobystrický kraj";372;6464;494;6958;NA;39876;866;2021-01-05;31149
2021-01-04;"Banskobystrický kraj";130;5668;565;6233;NA;39876;695;2021-01-04;30283
2021-01-03;"Banskobystrický kraj";199;174;13;187;NA;39876;212;2021-01-03;29588
2021-01-02;"Banskobystrický kraj";123;571;83;654;NA;39876;206;2021-01-02;29376
2021-01-01;"Banskobystrický kraj";220;2015;135;2150;NA;39876;355;2021-01-01;29170
2020-12-31;"Banskobystrický kraj";499;6796;724;7520;NA;39876;1223;2020-12-31;28815
2020-12-30;"Banskobystrický kraj";593;7101;536;7637;NA;39876;1129;2020-12-30;27592
2020-12-29;"Banskobystrický kraj";240;7590;738;8328;NA;39876;978;2020-12-29;26463
2020-12-28;"Banskobystrický kraj";131;5575;674;6249;NA;39876;805;2020-12-28;25485
2020-12-27;"Banskobystrický kraj";116;496;25;521;NA;39876;141;2020-12-27;24680
2020-12-26;"Banskobystrický kraj";61;259;32;291;NA;39876;93;2020-12-26;24539
2020-12-25;"Banskobystrický kraj";65;229;6;235;NA;39876;71;2020-12-25;24446
2020-12-24;"Banskobystrický kraj";452;3674;135;3809;NA;39876;587;2020-12-24;24375
2020-12-23;"Banskobystrický kraj";368;9388;470;9858;NA;39876;838;2020-12-23;23788
2020-12-22;"Banskobystrický kraj";307;8300;624;8924;NA;39876;931;2020-12-22;22950
2020-12-21;"Banskobystrický kraj";286;4898;448;5346;NA;39876;734;2020-12-21;22019
2020-12-20;"Banskobystrický kraj";155;99;14;113;NA;39876;169;2020-12-20;21285
2020-12-19;"Banskobystrický kraj";170;2488;565;3053;NA;39876;735;2020-12-19;21116
2020-12-18;"Banskobystrický kraj";432;6454;414;6868;NA;39876;846;2020-12-18;20381
2020-12-17;"Banskobystrický kraj";468;8474;772;9246;NA;39876;1240;2020-12-17;19535
2020-12-16;"Banskobystrický kraj";379;10080;557;10637;NA;39876;936;2020-12-16;18295
2020-12-15;"Banskobystrický kraj";336;5318;430;5748;NA;39876;766;2020-12-15;17359
2020-12-14;"Banskobystrický kraj";148;3733;259;3992;NA;39876;407;2020-12-14;16593
2020-12-13;"Banskobystrický kraj";122;19;1;20;NA;39876;123;2020-12-13;16186
2020-12-12;"Banskobystrický kraj";137;2594;138;2732;NA;39876;275;2020-12-12;16063
2020-12-11;"Banskobystrický kraj";468;6443;374;6817;NA;39876;842;2020-12-11;15788
2020-12-10;"Banskobystrický kraj";280;5027;351;5378;NA;39876;631;2020-12-10;14946
2020-12-09;"Banskobystrický kraj";323;3707;212;3919;NA;39876;535;2020-12-09;14315
2020-12-08;"Banskobystrický kraj";256;3667;276;3943;NA;39876;532;2020-12-08;13780
2020-12-07;"Banskobystrický kraj";175;2006;140;2146;NA;39876;315;2020-12-07;13248
2020-12-06;"Banskobystrický kraj";121;359;9;368;NA;39876;130;2020-12-06;12933
2020-12-05;"Banskobystrický kraj";109;952;33;985;NA;39876;142;2020-12-05;12803
2020-12-04;"Banskobystrický kraj";339;3723;174;3897;NA;39876;513;2020-12-04;12661
2020-12-03;"Banskobystrický kraj";240;2913;227;3140;NA;39876;467;2020-12-03;12148
2020-12-02;"Banskobystrický kraj";217;4292;186;4478;NA;39876;403;2020-12-02;11681
2020-12-01;"Banskobystrický kraj";215;2820;135;2955;NA;39876;350;2020-12-01;11278
2020-11-30;"Banskobystrický kraj";75;3761;226;3987;NA;39876;301;2020-11-30;10928
2020-11-29;"Banskobystrický kraj";19;80;3;83;NA;39876;22;2020-11-29;10627
2020-11-28;"Banskobystrický kraj";81;1279;48;1327;NA;39876;129;2020-11-28;10605
2020-11-27;"Banskobystrický kraj";219;1930;120;2050;NA;39876;339;2020-11-27;10476
2020-11-26;"Banskobystrický kraj";209;1855;91;1946;NA;39876;300;2020-11-26;10137
2020-11-25;"Banskobystrický kraj";170;1760;84;1844;NA;39876;254;2020-11-25;9837
2020-11-24;"Banskobystrický kraj";166;2262;67;2329;NA;39876;233;2020-11-24;9583
2020-11-23;"Banskobystrický kraj";66;9948;191;10139;NA;39876;257;2020-11-23;9350
2020-11-22;"Banskobystrický kraj";38;72;1;73;NA;39876;39;2020-11-22;9093
2020-11-21;"Banskobystrický kraj";52;885;14;899;NA;39876;66;2020-11-21;9054
2020-11-20;"Banskobystrický kraj";127;1872;105;1977;NA;39876;232;2020-11-20;8988
2020-11-19;"Banskobystrický kraj";170;1112;82;1194;NA;39876;252;2020-11-19;8756
2020-11-18;"Banskobystrický kraj";153;587;62;649;NA;39876;215;2020-11-18;8504
2020-11-17;"Banskobystrický kraj";52;578;35;613;NA;39876;87;2020-11-17;8289
2020-11-16;"Banskobystrický kraj";106;351;22;373;NA;39876;128;2020-11-16;8202
2020-11-15;"Banskobystrický kraj";52;64;2;66;NA;39876;54;2020-11-15;8074
2020-11-14;"Banskobystrický kraj";73;305;2;307;NA;39876;75;2020-11-14;8020
2020-11-13;"Banskobystrický kraj";157;552;11;563;NA;39876;168;2020-11-13;7945
2020-11-12;"Banskobystrický kraj";218;952;44;996;NA;39876;262;2020-11-12;7777
2020-11-11;"Banskobystrický kraj";224;437;9;446;NA;39876;233;2020-11-11;7515
2020-11-10;"Banskobystrický kraj";263;463;18;481;NA;39876;281;2020-11-10;7282
2020-11-09;"Banskobystrický kraj";80;2678;31;2709;NA;39876;111;2020-11-09;7001
2020-11-08;"Banskobystrický kraj";82;783;16;799;NA;39876;98;2020-11-08;6890
2020-11-07;"Banskobystrický kraj";164;8828;94;8922;NA;39876;258;2020-11-07;6792
2020-11-06;"Banskobystrický kraj";227;2496;16;2512;NA;39876;243;2020-11-06;6534
2020-11-05;"Banskobystrický kraj";240;263;33;296;NA;39876;273;2020-11-05;6291
2020-11-04;"Banskobystrický kraj";254;1366;13;1379;NA;39876;267;2020-11-04;6018
2020-11-03;"Banskobystrický kraj";246;1332;4;1336;NA;39876;250;2020-11-03;5751
2020-11-02;"Banskobystrický kraj";90;2247;65;2312;NA;39876;155;2020-11-02;5501
2020-11-01;"Banskobystrický kraj";101;2671;42;2713;NA;39876;143;2020-11-01;5346
2020-10-31;"Banskobystrický kraj";198;13516;116;13632;NA;39876;314;2020-10-31;5203
2020-10-30;"Banskobystrický kraj";254;2829;20;2849;NA;39876;274;2020-10-30;4889
2020-10-29;"Banskobystrický kraj";372;969;42;1011;NA;39876;414;2020-10-29;4615
2020-10-28;"Banskobystrický kraj";285;302;30;332;NA;39876;315;2020-10-28;4201
2020-10-27;"Banskobystrický kraj";266;654;40;694;NA;39876;306;2020-10-27;3886
2020-10-26;"Banskobystrický kraj";38;232;29;261;NA;39876;67;2020-10-26;3580
2020-10-25;"Banskobystrický kraj";50;140;11;151;NA;39876;61;2020-10-25;3513
2020-10-24;"Banskobystrický kraj";315;114;12;126;NA;39876;327;2020-10-24;3452
2020-10-23;"Banskobystrický kraj";231;230;29;259;NA;39876;260;2020-10-23;3125
2020-10-22;"Banskobystrický kraj";264;253;24;277;NA;39876;288;2020-10-22;2865
2020-10-21;"Banskobystrický kraj";209;266;3;269;NA;39876;212;2020-10-21;2577
2020-10-20;"Banskobystrický kraj";210;66;3;69;NA;39876;213;2020-10-20;2365
2020-10-19;"Banskobystrický kraj";27;71;12;83;NA;39876;39;2020-10-19;2152
2020-10-18;"Banskobystrický kraj";49;0;0;0;NA;39876;49;2020-10-18;2113
2020-10-17;"Banskobystrický kraj";91;0;0;0;NA;39876;91;2020-10-17;2064
2020-10-16;"Banskobystrický kraj";224;37;3;40;NA;39876;227;2020-10-16;1973
2020-10-15;"Banskobystrický kraj";133;29;1;30;NA;39876;134;2020-10-15;1746
2020-10-14;"Banskobystrický kraj";139;31;1;32;NA;39876;140;2020-10-14;1612
2020-10-13;"Banskobystrický kraj";151;169;11;180;NA;39876;162;2020-10-13;1472
2020-10-12;"Banskobystrický kraj";11;13;0;13;NA;39876;11;2020-10-12;1310
2020-10-11;"Banskobystrický kraj";14;0;0;0;NA;39876;14;2020-10-11;1299
2020-10-10;"Banskobystrický kraj";53;0;0;0;NA;39876;53;2020-10-10;1285
2020-10-09;"Banskobystrický kraj";128;0;0;0;NA;39876;128;2020-10-09;1232
2020-10-08;"Banskobystrický kraj";99;0;0;0;NA;39876;99;2020-10-08;1104
2020-10-07;"Banskobystrický kraj";124;0;0;0;NA;39876;124;2020-10-07;1005
2020-10-06;"Banskobystrický kraj";68;0;0;0;NA;39876;68;2020-10-06;881
2020-10-05;"Banskobystrický kraj";49;0;0;0;NA;39876;49;2020-10-05;813
2020-10-04;"Banskobystrický kraj";8;0;0;0;NA;39876;8;2020-10-04;764
2020-10-03;"Banskobystrický kraj";37;0;0;0;NA;39876;37;2020-10-03;756
2020-10-02;"Banskobystrický kraj";74;0;0;0;NA;39876;74;2020-10-02;719
2020-10-01;"Banskobystrický kraj";49;0;0;0;NA;39876;49;2020-10-01;645
2020-09-30;"Banskobystrický kraj";60;0;0;0;NA;39876;60;2020-09-30;596
2020-09-29;"Banskobystrický kraj";24;0;0;0;NA;39876;24;2020-09-29;536
2020-09-27;"Banskobystrický kraj";20;0;0;0;NA;39876;20;2020-09-27;512
2020-09-26;"Banskobystrický kraj";24;0;0;0;NA;39876;24;2020-09-26;492
2020-09-25;"Banskobystrický kraj";29;0;0;0;NA;39876;29;2020-09-25;468
2020-09-24;"Banskobystrický kraj";25;0;0;0;NA;39876;25;2020-09-24;439
2020-09-23;"Banskobystrický kraj";17;0;0;0;NA;39876;17;2020-09-23;414
2020-09-22;"Banskobystrický kraj";25;0;0;0;NA;39876;25;2020-09-22;397
2020-09-21;"Banskobystrický kraj";3;0;0;0;NA;39876;3;2020-09-21;372
2020-09-19;"Banskobystrický kraj";3;0;0;0;NA;39876;3;2020-09-19;369
2020-09-18;"Banskobystrický kraj";24;0;0;0;NA;39876;24;2020-09-18;366
2020-09-17;"Banskobystrický kraj";14;0;0;0;NA;39876;14;2020-09-17;342
2020-09-16;"Banskobystrický kraj";6;0;0;0;NA;39876;6;2020-09-16;328
2020-09-15;"Banskobystrický kraj";2;0;0;0;NA;39876;2;2020-09-15;322
2020-09-14;"Banskobystrický kraj";13;0;0;0;NA;39876;13;2020-09-14;320
2020-09-13;"Banskobystrický kraj";1;0;0;0;NA;39876;1;2020-09-13;307
2020-09-12;"Banskobystrický kraj";5;0;0;0;NA;39876;5;2020-09-12;306
2020-09-11;"Banskobystrický kraj";19;0;0;0;NA;39876;19;2020-09-11;301
2020-09-10;"Banskobystrický kraj";11;0;0;0;NA;39876;11;2020-09-10;282
2020-09-09;"Banskobystrický kraj";13;0;0;0;NA;39876;13;2020-09-09;271
2020-09-08;"Banskobystrický kraj";5;0;0;0;NA;39876;5;2020-09-08;258
2020-09-07;"Banskobystrický kraj";2;0;0;0;NA;39876;2;2020-09-07;253
2020-09-04;"Banskobystrický kraj";9;0;0;0;NA;39876;9;2020-09-04;251
2020-09-03;"Banskobystrický kraj";5;0;0;0;NA;39876;5;2020-09-03;242
2021-01-25;"Bratislavský kraj";356;22888;232;23120;28118;47364;588;2021-01-25;47364
2021-01-24;"Bratislavský kraj";175;23849;247;24096;NA;47364;422;2021-01-24;46776
2021-01-23;"Bratislavský kraj";396;48617;419;49036;NA;47364;815;2021-01-23;46354
2021-01-22;"Bratislavský kraj";199;38743;373;39116;NA;47364;572;2021-01-22;45539
2021-01-21;"Bratislavský kraj";255;43550;448;43998;NA;47364;703;2021-01-21;44967
2021-01-20;"Bratislavský kraj";360;25221;449;25670;NA;47364;809;2021-01-20;44264
2021-01-19;"Bratislavský kraj";375;12712;347;13059;NA;47364;722;2021-01-19;43455
2021-01-18;"Bratislavský kraj";357;9410;621;10031;NA;47364;978;2021-01-18;42733
2021-01-17;"Bratislavský kraj";244;312;33;345;NA;47364;277;2021-01-17;41755
2021-01-16;"Bratislavský kraj";70;4027;174;4201;NA;47364;244;2021-01-16;41478
2021-01-15;"Bratislavský kraj";251;7668;244;7912;NA;47364;495;2021-01-15;41234
2021-01-14;"Bratislavský kraj";363;7343;269;7612;NA;47364;632;2021-01-14;40739
2021-01-13;"Bratislavský kraj";336;17919;416;18335;NA;47364;752;2021-01-13;40107
2021-01-12;"Bratislavský kraj";450;10570;496;11066;NA;47364;946;2021-01-12;39355
2021-01-11;"Bratislavský kraj";397;8251;277;8528;NA;47364;674;2021-01-11;38409
2021-01-10;"Bratislavský kraj";252;666;58;724;NA;47364;310;2021-01-10;37735
2021-01-09;"Bratislavský kraj";351;5728;334;6062;NA;47364;685;2021-01-09;37425
2021-01-08;"Bratislavský kraj";556;8916;456;9372;NA;47364;1012;2021-01-08;36740
2021-01-07;"Bratislavský kraj";537;5501;338;5839;NA;47364;875;2021-01-07;35728
2021-01-06;"Bratislavský kraj";271;4171;306;4477;NA;47364;577;2021-01-06;34853
2021-01-05;"Bratislavský kraj";619;10205;758;10963;NA;47364;1377;2021-01-05;34276
2021-01-04;"Bratislavský kraj";601;7105;637;7742;NA;47364;1238;2021-01-04;32899
2021-01-03;"Bratislavský kraj";77;518;77;595;NA;47364;154;2021-01-03;31661
2021-01-02;"Bratislavský kraj";185;462;35;497;NA;47364;220;2021-01-02;31507
2021-01-01;"Bratislavský kraj";235;3862;199;4061;NA;47364;434;2021-01-01;31287
2020-12-31;"Bratislavský kraj";925;12260;503;12763;NA;47364;1428;2020-12-31;30853
2020-12-30;"Bratislavský kraj";650;10259;634;10893;NA;47364;1284;2020-12-30;29425
2020-12-29;"Bratislavský kraj";303;9046;651;9697;NA;47364;954;2020-12-29;28141
2020-12-28;"Bratislavský kraj";255;7619;548;8167;NA;47364;803;2020-12-28;27187
2020-12-27;"Bratislavský kraj";160;549;67;616;NA;47364;227;2020-12-27;26384
2020-12-26;"Bratislavský kraj";75;416;23;439;NA;47364;98;2020-12-26;26157
2020-12-25;"Bratislavský kraj";114;460;38;498;NA;47364;152;2020-12-25;26059
2020-12-24;"Bratislavský kraj";536;5166;192;5358;NA;47364;728;2020-12-24;25907
2020-12-23;"Bratislavský kraj";416;12021;478;12499;NA;47364;894;2020-12-23;25179
2020-12-22;"Bratislavský kraj";327;14781;812;15593;NA;47364;1139;2020-12-22;24285
2020-12-21;"Bratislavský kraj";392;13571;1887;15458;NA;47364;2279;2020-12-21;23146
2020-12-20;"Bratislavský kraj";180;558;52;610;NA;47364;232;2020-12-20;20867
2020-12-19;"Bratislavský kraj";396;3150;129;3279;NA;47364;525;2020-12-19;20635
2020-12-18;"Bratislavský kraj";306;12522;508;13030;NA;47364;814;2020-12-18;20110
2020-12-17;"Bratislavský kraj";502;7711;313;8024;NA;47364;815;2020-12-17;19296
2020-12-16;"Bratislavský kraj";282;9804;435;10239;NA;47364;717;2020-12-16;18481
2020-12-15;"Bratislavský kraj";423;9770;447;10217;NA;47364;870;2020-12-15;17764
2020-12-14;"Bratislavský kraj";279;5906;265;6171;NA;47364;544;2020-12-14;16894
2020-12-13;"Bratislavský kraj";125;108;7;115;NA;47364;132;2020-12-13;16350
2020-12-12;"Bratislavský kraj";361;4113;169;4282;NA;47364;530;2020-12-12;16218
2020-12-11;"Bratislavský kraj";326;6652;290;6942;NA;47364;616;2020-12-11;15688
2020-12-10;"Bratislavský kraj";286;4848;217;5065;NA;47364;503;2020-12-10;15072
2020-12-09;"Bratislavský kraj";382;5249;207;5456;NA;47364;589;2020-12-09;14569
2020-12-08;"Bratislavský kraj";234;5427;197;5624;NA;47364;431;2020-12-08;13980
2020-12-07;"Bratislavský kraj";272;4535;172;4707;NA;47364;444;2020-12-07;13549
2020-12-06;"Bratislavský kraj";61;1584;52;1636;NA;47364;113;2020-12-06;13105
2020-12-05;"Bratislavský kraj";266;3515;70;3585;NA;47364;336;2020-12-05;12992
2020-12-04;"Bratislavský kraj";200;4101;99;4200;NA;47364;299;2020-12-04;12656
2020-12-03;"Bratislavský kraj";213;4717;95;4812;NA;47364;308;2020-12-03;12357
2020-12-02;"Bratislavský kraj";204;2161;131;2292;NA;47364;335;2020-12-02;12049
2020-12-01;"Bratislavský kraj";255;3172;164;3336;NA;47364;419;2020-12-01;11714
2020-11-30;"Bratislavský kraj";152;1569;94;1663;NA;47364;246;2020-11-30;11295
2020-11-29;"Bratislavský kraj";52;41;21;62;NA;47364;73;2020-11-29;11049
2020-11-28;"Bratislavský kraj";232;1983;21;2004;NA;47364;253;2020-11-28;10976
2020-11-27;"Bratislavský kraj";54;1198;29;1227;NA;47364;83;2020-11-27;10723
2020-11-26;"Bratislavský kraj";129;1114;25;1139;NA;47364;154;2020-11-26;10640
2020-11-25;"Bratislavský kraj";140;1133;31;1164;NA;47364;171;2020-11-25;10486
2020-11-24;"Bratislavský kraj";81;2988;67;3055;NA;47364;148;2020-11-24;10315
2020-11-23;"Bratislavský kraj";67;7077;58;7135;NA;47364;125;2020-11-23;10167
2020-11-22;"Bratislavský kraj";36;81;7;88;NA;47364;43;2020-11-22;10042
2020-11-21;"Bratislavský kraj";109;2126;47;2173;NA;47364;156;2020-11-21;9999
2020-11-20;"Bratislavský kraj";118;2869;48;2917;NA;47364;166;2020-11-20;9843
2020-11-19;"Bratislavský kraj";173;987;29;1016;NA;47364;202;2020-11-19;9677
2020-11-18;"Bratislavský kraj";118;616;75;691;NA;47364;193;2020-11-18;9475
2020-11-17;"Bratislavský kraj";108;928;23;951;NA;47364;131;2020-11-17;9282
2020-11-16;"Bratislavský kraj";82;651;9;660;NA;47364;91;2020-11-16;9151
2020-11-15;"Bratislavský kraj";47;236;0;236;NA;47364;47;2020-11-15;9060
2020-11-14;"Bratislavský kraj";53;1834;15;1849;NA;47364;68;2020-11-14;9013
2020-11-13;"Bratislavský kraj";94;2096;21;2117;NA;47364;115;2020-11-13;8945
2020-11-12;"Bratislavský kraj";141;1727;6;1733;NA;47364;147;2020-11-12;8830
2020-11-11;"Bratislavský kraj";159;1429;12;1441;NA;47364;171;2020-11-11;8683
2020-11-10;"Bratislavský kraj";136;805;14;819;NA;47364;150;2020-11-10;8512
2020-11-09;"Bratislavský kraj";70;609;8;617;NA;47364;78;2020-11-09;8362
2020-11-08;"Bratislavský kraj";82;869;6;875;NA;47364;88;2020-11-08;8284
2020-11-07;"Bratislavský kraj";88;4039;17;4056;NA;47364;105;2020-11-07;8196
2020-11-06;"Bratislavský kraj";281;6441;25;6466;NA;47364;306;2020-11-06;8091
2020-11-05;"Bratislavský kraj";175;476;11;487;NA;47364;186;2020-11-05;7785
2020-11-04;"Bratislavský kraj";65;411;10;421;NA;47364;75;2020-11-04;7599
2020-11-03;"Bratislavský kraj";251;1081;12;1093;NA;47364;263;2020-11-03;7524
2020-11-02;"Bratislavský kraj";202;3365;22;3387;NA;47364;224;2020-11-02;7261
2020-11-01;"Bratislavský kraj";227;8694;39;8733;NA;47364;266;2020-11-01;7037
2020-10-31;"Bratislavský kraj";173;22407;123;22530;NA;47364;296;2020-10-31;6771
2020-10-30;"Bratislavský kraj";158;17350;138;17488;NA;47364;296;2020-10-30;6475
2020-10-29;"Bratislavský kraj";262;116;4;120;NA;47364;266;2020-10-29;6179
2020-10-28;"Bratislavský kraj";220;260;15;275;NA;47364;235;2020-10-28;5913
2020-10-27;"Bratislavský kraj";256;145;4;149;NA;47364;260;2020-10-27;5678
2020-10-26;"Bratislavský kraj";123;229;11;240;NA;47364;134;2020-10-26;5418
2020-10-25;"Bratislavský kraj";152;33;2;35;NA;47364;154;2020-10-25;5284
2020-10-24;"Bratislavský kraj";170;221;6;227;NA;47364;176;2020-10-24;5130
2020-10-23;"Bratislavský kraj";151;144;8;152;NA;47364;159;2020-10-23;4954
2020-10-22;"Bratislavský kraj";192;204;15;219;NA;47364;207;2020-10-22;4795
2020-10-21;"Bratislavský kraj";66;90;6;96;NA;47364;72;2020-10-21;4588
2020-10-20;"Bratislavský kraj";183;97;4;101;NA;47364;187;2020-10-20;4516
2020-10-19;"Bratislavský kraj";148;80;3;83;NA;47364;151;2020-10-19;4329
2020-10-18;"Bratislavský kraj";75;92;0;92;NA;47364;75;2020-10-18;4178
2020-10-17;"Bratislavský kraj";136;0;0;0;NA;47364;136;2020-10-17;4103
2020-10-16;"Bratislavský kraj";103;14;1;15;NA;47364;104;2020-10-16;3967
2020-10-15;"Bratislavský kraj";135;6;1;7;NA;47364;136;2020-10-15;3863
2020-10-14;"Bratislavský kraj";127;4;0;4;NA;47364;127;2020-10-14;3727
2020-10-13;"Bratislavský kraj";86;108;8;116;NA;47364;94;2020-10-13;3600
2020-10-12;"Bratislavský kraj";46;0;0;0;NA;47364;46;2020-10-12;3506
2020-10-11;"Bratislavský kraj";80;0;0;0;NA;47364;80;2020-10-11;3460
2020-10-10;"Bratislavský kraj";55;0;0;0;NA;47364;55;2020-10-10;3380
2020-10-09;"Bratislavský kraj";148;0;0;0;NA;47364;148;2020-10-09;3325
2020-10-08;"Bratislavský kraj";100;0;0;0;NA;47364;100;2020-10-08;3177
2020-10-07;"Bratislavský kraj";107;0;0;0;NA;47364;107;2020-10-07;3077
2020-10-06;"Bratislavský kraj";108;0;0;0;NA;47364;108;2020-10-06;2970
2020-10-05;"Bratislavský kraj";30;0;0;0;NA;47364;30;2020-10-05;2862
2020-10-04;"Bratislavský kraj";49;0;0;0;NA;47364;49;2020-10-04;2832
2020-10-03;"Bratislavský kraj";82;0;0;0;NA;47364;82;2020-10-03;2783
2020-10-02;"Bratislavský kraj";101;0;0;0;NA;47364;101;2020-10-02;2701
2020-10-01;"Bratislavský kraj";72;0;0;0;NA;47364;72;2020-10-01;2600
2020-09-30;"Bratislavský kraj";91;0;0;0;NA;47364;91;2020-09-30;2528
2020-09-29;"Bratislavský kraj";74;0;0;0;NA;47364;74;2020-09-29;2437
2020-09-28;"Bratislavský kraj";29;0;0;0;NA;47364;29;2020-09-28;2363
2020-09-27;"Bratislavský kraj";48;0;0;0;NA;47364;48;2020-09-27;2334
2020-09-26;"Bratislavský kraj";86;0;0;0;NA;47364;86;2020-09-26;2286
2020-09-25;"Bratislavský kraj";97;0;0;0;NA;47364;97;2020-09-25;2200
2020-09-24;"Bratislavský kraj";73;0;0;0;NA;47364;73;2020-09-24;2103
2020-09-23;"Bratislavský kraj";55;0;0;0;NA;47364;55;2020-09-23;2030
2020-09-22;"Bratislavský kraj";81;0;0;0;NA;47364;81;2020-09-22;1975
2020-09-21;"Bratislavský kraj";32;0;0;0;NA;47364;32;2020-09-21;1894
2020-09-20;"Bratislavský kraj";25;0;0;0;NA;47364;25;2020-09-20;1862
2020-09-19;"Bratislavský kraj";59;0;0;0;NA;47364;59;2020-09-19;1837
2020-09-18;"Bratislavský kraj";42;0;0;0;NA;47364;42;2020-09-18;1778
2020-09-17;"Bratislavský kraj";52;0;0;0;NA;47364;52;2020-09-17;1736
2020-09-16;"Bratislavský kraj";32;0;0;0;NA;47364;32;2020-09-16;1684
2020-09-15;"Bratislavský kraj";26;0;0;0;NA;47364;26;2020-09-15;1652
2020-09-14;"Bratislavský kraj";24;0;0;0;NA;47364;24;2020-09-14;1626
2020-09-13;"Bratislavský kraj";11;0;0;0;NA;47364;11;2020-09-13;1602
2020-09-12;"Bratislavský kraj";24;0;0;0;NA;47364;24;2020-09-12;1591
2020-09-11;"Bratislavský kraj";50;0;0;0;NA;47364;50;2020-09-11;1567
2020-09-10;"Bratislavský kraj";47;0;0;0;NA;47364;47;2020-09-10;1517
2020-09-09;"Bratislavský kraj";40;0;0;0;NA;47364;40;2020-09-09;1470
2020-09-08;"Bratislavský kraj";58;0;0;0;NA;47364;58;2020-09-08;1430
2020-09-07;"Bratislavský kraj";39;0;0;0;NA;47364;39;2020-09-07;1372
2020-09-06;"Bratislavský kraj";11;0;0;0;NA;47364;11;2020-09-06;1333
2020-09-05;"Bratislavský kraj";37;0;0;0;NA;47364;37;2020-09-05;1322
2020-09-04;"Bratislavský kraj";87;0;0;0;NA;47364;87;2020-09-04;1285
2020-09-03;"Bratislavský kraj";51;0;0;0;NA;47364;51;2020-09-03;1198
2021-01-25;"Košický kraj";226;24413;363;24776;28590;43325;589;2021-01-25;43325
2021-01-24;"Košický kraj";150;20462;291;20753;NA;43325;441;2021-01-24;42736
2021-01-23;"Košický kraj";232;52889;518;53407;NA;43325;750;2021-01-23;42295
2021-01-22;"Košický kraj";316;19645;235;19880;NA;43325;551;2021-01-22;41545
2021-01-21;"Košický kraj";274;13161;161;13322;NA;43325;435;2021-01-21;40994
2021-01-20;"Košický kraj";374;10240;188;10428;NA;43325;562;2021-01-20;40559
2021-01-19;"Košický kraj";248;9613;180;9793;NA;43325;428;2021-01-19;39997
2021-01-18;"Košický kraj";333;12352;728;13080;NA;43325;1061;2021-01-18;39569
2021-01-17;"Košický kraj";155;531;13;544;NA;43325;168;2021-01-17;38508
2021-01-16;"Košický kraj";153;1590;50;1640;NA;43325;203;2021-01-16;38340
2021-01-15;"Košický kraj";308;6306;236;6542;NA;43325;544;2021-01-15;38137
2021-01-14;"Košický kraj";358;5246;212;5458;NA;43325;570;2021-01-14;37593
2021-01-13;"Košický kraj";421;4790;217;5007;NA;43325;638;2021-01-13;37023
2021-01-12;"Košický kraj";482;6573;247;6820;NA;43325;729;2021-01-12;36385
2021-01-11;"Košický kraj";309;7298;405;7703;NA;43325;714;2021-01-11;35656
2021-01-10;"Košický kraj";193;131;10;141;NA;43325;203;2021-01-10;34942
2021-01-09;"Košický kraj";469;1466;66;1532;NA;43325;535;2021-01-09;34739
2021-01-08;"Košický kraj";551;7925;380;8305;NA;43325;931;2021-01-08;34204
2021-01-07;"Košický kraj";251;5828;379;6207;NA;43325;630;2021-01-07;33273
2021-01-06;"Košický kraj";442;669;49;718;NA;43325;491;2021-01-06;32643
2021-01-05;"Košický kraj";584;7662;528;8190;NA;43325;1112;2021-01-05;32152
2021-01-04;"Košický kraj";407;6525;665;7190;NA;43325;1072;2021-01-04;31040
2021-01-03;"Košický kraj";118;882;31;913;NA;43325;149;2021-01-03;29968
2021-01-02;"Košický kraj";88;436;43;479;NA;43325;131;2021-01-02;29819
2021-01-01;"Košický kraj";398;980;66;1046;NA;43325;464;2021-01-01;29688
2020-12-31;"Košický kraj";625;7237;434;7671;NA;43325;1059;2020-12-31;29224
2020-12-30;"Košický kraj";590;6351;402;6753;NA;43325;992;2020-12-30;28165
2020-12-29;"Košický kraj";419;7824;621;8445;NA;43325;1040;2020-12-29;27173
2020-12-28;"Košický kraj";356;8296;804;9100;NA;43325;1160;2020-12-28;26133
2020-12-27;"Košický kraj";159;147;16;163;NA;43325;175;2020-12-27;24973
2020-12-26;"Košický kraj";163;274;23;297;NA;43325;186;2020-12-26;24798
2020-12-25;"Košický kraj";237;140;10;150;NA;43325;247;2020-12-25;24612
2020-12-24;"Košický kraj";564;1470;90;1560;NA;43325;654;2020-12-24;24365
2020-12-23;"Košický kraj";304;7942;354;8296;NA;43325;658;2020-12-23;23711
2020-12-22;"Košický kraj";438;7920;459;8379;NA;43325;897;2020-12-22;23053
2020-12-21;"Košický kraj";405;6984;509;7493;NA;43325;914;2020-12-21;22156
2020-12-20;"Košický kraj";215;48;8;56;NA;43325;223;2020-12-20;21242
2020-12-19;"Košický kraj";207;1148;59;1207;NA;43325;266;2020-12-19;21019
2020-12-18;"Košický kraj";310;8484;326;8810;NA;43325;636;2020-12-18;20753
2020-12-17;"Košický kraj";463;5292;255;5547;NA;43325;718;2020-12-17;20117
2020-12-16;"Košický kraj";455;5632;582;6214;NA;43325;1037;2020-12-16;19399
2020-12-15;"Košický kraj";319;5086;338;5424;NA;43325;657;2020-12-15;18362
2020-12-14;"Košický kraj";256;2893;239;3132;NA;43325;495;2020-12-14;17705
2020-12-13;"Košický kraj";47;181;2;183;NA;43325;49;2020-12-13;17210
2020-12-12;"Košický kraj";369;1587;118;1705;NA;43325;487;2020-12-12;17161
2020-12-11;"Košický kraj";355;5461;258;5719;NA;43325;613;2020-12-11;16674
2020-12-10;"Košický kraj";283;4064;176;4240;NA;43325;459;2020-12-10;16061
2020-12-09;"Košický kraj";279;3786;166;3952;NA;43325;445;2020-12-09;15602
2020-12-08;"Košický kraj";226;4105;355;4460;NA;43325;581;2020-12-08;15157
2020-12-07;"Košický kraj";270;2111;103;2214;NA;43325;373;2020-12-07;14576
2020-12-06;"Košický kraj";121;97;20;117;NA;43325;141;2020-12-06;14203
2020-12-05;"Košický kraj";90;1096;48;1144;NA;43325;138;2020-12-05;14062
2020-12-04;"Košický kraj";224;2680;82;2762;NA;43325;306;2020-12-04;13924
2020-12-03;"Košický kraj";211;7717;173;7890;NA;43325;384;2020-12-03;13618
2020-12-02;"Košický kraj";194;3654;124;3778;NA;43325;318;2020-12-02;13234
2020-12-01;"Košický kraj";178;2237;124;2361;NA;43325;302;2020-12-01;12916
2020-11-30;"Košický kraj";171;3754;62;3816;NA;43325;233;2020-11-30;12614
2020-11-29;"Košický kraj";31;287;16;303;NA;43325;47;2020-11-29;12381
2020-11-28;"Košický kraj";69;721;52;773;NA;43325;121;2020-11-28;12334
2020-11-27;"Košický kraj";149;2729;74;2803;NA;43325;223;2020-11-27;12213
2020-11-26;"Košický kraj";239;1090;55;1145;NA;43325;294;2020-11-26;11990
2020-11-25;"Košický kraj";237;1664;122;1786;NA;43325;359;2020-11-25;11696
2020-11-24;"Košický kraj";196;1871;64;1935;NA;43325;260;2020-11-24;11337
2020-11-23;"Košický kraj";51;3737;54;3791;NA;43325;105;2020-11-23;11077
2020-11-22;"Košický kraj";57;28;3;31;NA;43325;60;2020-11-22;10972
2020-11-21;"Košický kraj";87;858;36;894;NA;43325;123;2020-11-21;10912
2020-11-20;"Košický kraj";176;2989;45;3034;NA;43325;221;2020-11-20;10789
2020-11-19;"Košický kraj";206;1648;40;1688;NA;43325;246;2020-11-19;10568
2020-11-18;"Košický kraj";122;443;16;459;NA;43325;138;2020-11-18;10322
2020-11-17;"Košický kraj";152;82;9;91;NA;43325;161;2020-11-17;10184
2020-11-16;"Košický kraj";114;531;24;555;NA;43325;138;2020-11-16;10023
2020-11-15;"Košický kraj";15;338;7;345;NA;43325;22;2020-11-15;9885
2020-11-14;"Košický kraj";234;520;12;532;NA;43325;246;2020-11-14;9863
2020-11-13;"Košický kraj";207;664;29;693;NA;43325;236;2020-11-13;9617
2020-11-12;"Košický kraj";192;736;13;749;NA;43325;205;2020-11-12;9381
2020-11-11;"Košický kraj";301;593;7;600;NA;43325;308;2020-11-11;9176
2020-11-10;"Košický kraj";190;541;11;552;NA;43325;201;2020-11-10;8868
2020-11-09;"Košický kraj";129;380;5;385;NA;43325;134;2020-11-09;8667
2020-11-08;"Košický kraj";78;1298;8;1306;NA;43325;86;2020-11-08;8533
2020-11-07;"Košický kraj";192;3909;22;3931;NA;43325;214;2020-11-07;8447
2020-11-06;"Košický kraj";195;5310;34;5344;NA;43325;229;2020-11-06;8233
2020-11-05;"Košický kraj";342;330;31;361;NA;43325;373;2020-11-05;8004
2020-11-04;"Košický kraj";101;154;6;160;NA;43325;107;2020-11-04;7631
2020-11-03;"Košický kraj";358;1122;13;1135;NA;43325;371;2020-11-03;7524
2020-11-02;"Košický kraj";111;4368;51;4419;NA;43325;162;2020-11-02;7153
2020-11-01;"Košický kraj";346;6522;34;6556;NA;43325;380;2020-11-01;6991
2020-10-31;"Košický kraj";82;13810;105;13915;NA;43325;187;2020-10-31;6611
2020-10-30;"Košický kraj";379;2835;27;2862;NA;43325;406;2020-10-30;6424
2020-10-29;"Košický kraj";333;983;13;996;NA;43325;346;2020-10-29;6018
2020-10-28;"Košický kraj";224;305;13;318;NA;43325;237;2020-10-28;5672
2020-10-27;"Košický kraj";386;439;21;460;NA;43325;407;2020-10-27;5435
2020-10-26;"Košický kraj";56;206;10;216;NA;43325;66;2020-10-26;5028
2020-10-25;"Košický kraj";154;79;2;81;NA;43325;156;2020-10-25;4962
2020-10-24;"Košický kraj";313;113;15;128;NA;43325;328;2020-10-24;4806
2020-10-23;"Košický kraj";315;331;8;339;NA;43325;323;2020-10-23;4478
2020-10-22;"Košický kraj";349;530;16;546;NA;43325;365;2020-10-22;4155
2020-10-21;"Košický kraj";129;84;2;86;NA;43325;131;2020-10-21;3790
2020-10-20;"Košický kraj";181;14;1;15;NA;43325;182;2020-10-20;3659
2020-10-19;"Košický kraj";64;10;0;10;NA;43325;64;2020-10-19;3477
2020-10-18;"Košický kraj";158;0;0;0;NA;43325;158;2020-10-18;3413
2020-10-17;"Košický kraj";142;0;0;0;NA;43325;142;2020-10-17;3255
2020-10-16;"Košický kraj";206;19;0;19;NA;43325;206;2020-10-16;3113
2020-10-15;"Košický kraj";177;19;5;24;NA;43325;182;2020-10-15;2907
2020-10-14;"Košický kraj";211;8;0;8;NA;43325;211;2020-10-14;2725
2020-10-13;"Košický kraj";179;80;3;83;NA;43325;182;2020-10-13;2514
2020-10-12;"Košický kraj";74;0;0;0;NA;43325;74;2020-10-12;2332
2020-10-11;"Košický kraj";121;0;0;0;NA;43325;121;2020-10-11;2258
2020-10-10;"Košický kraj";70;0;0;0;NA;43325;70;2020-10-10;2137
2020-10-09;"Košický kraj";188;0;0;0;NA;43325;188;2020-10-09;2067
2020-10-08;"Košický kraj";102;0;0;0;NA;43325;102;2020-10-08;1879
2020-10-07;"Košický kraj";158;0;0;0;NA;43325;158;2020-10-07;1777
2020-10-06;"Košický kraj";70;0;0;0;NA;43325;70;2020-10-06;1619
2020-10-05;"Košický kraj";39;0;0;0;NA;43325;39;2020-10-05;1549
2020-10-04;"Košický kraj";45;0;0;0;NA;43325;45;2020-10-04;1510
2020-10-03;"Košický kraj";105;0;0;0;NA;43325;105;2020-10-03;1465
2020-10-02;"Košický kraj";57;0;0;0;NA;43325;57;2020-10-02;1360
2020-10-01;"Košický kraj";69;0;0;0;NA;43325;69;2020-10-01;1303
2020-09-30;"Košický kraj";95;0;0;0;NA;43325;95;2020-09-30;1234
2020-09-29;"Košický kraj";75;0;0;0;NA;43325;75;2020-09-29;1139
2020-09-28;"Košický kraj";19;0;0;0;NA;43325;19;2020-09-28;1064
2020-09-27;"Košický kraj";21;0;0;0;NA;43325;21;2020-09-27;1045
2020-09-26;"Košický kraj";53;0;0;0;NA;43325;53;2020-09-26;1024
2020-09-25;"Košický kraj";72;0;0;0;NA;43325;72;2020-09-25;971
2020-09-24;"Košický kraj";35;0;0;0;NA;43325;35;2020-09-24;899
2020-09-23;"Košický kraj";23;0;0;0;NA;43325;23;2020-09-23;864
2020-09-22;"Košický kraj";39;0;0;0;NA;43325;39;2020-09-22;841
2020-09-21;"Košický kraj";5;0;0;0;NA;43325;5;2020-09-21;802
2020-09-20;"Košický kraj";3;0;0;0;NA;43325;3;2020-09-20;797
2020-09-19;"Košický kraj";13;0;0;0;NA;43325;13;2020-09-19;794
2020-09-18;"Košický kraj";20;0;0;0;NA;43325;20;2020-09-18;781
2020-09-17;"Košický kraj";22;0;0;0;NA;43325;22;2020-09-17;761
2020-09-16;"Košický kraj";12;0;0;0;NA;43325;12;2020-09-16;739
2020-09-15;"Košický kraj";10;0;0;0;NA;43325;10;2020-09-15;727
2020-09-14;"Košický kraj";6;0;0;0;NA;43325;6;2020-09-14;717
2020-09-13;"Košický kraj";3;0;0;0;NA;43325;3;2020-09-13;711
2020-09-12;"Košický kraj";16;0;0;0;NA;43325;16;2020-09-12;708
2020-09-11;"Košický kraj";20;0;0;0;NA;43325;20;2020-09-11;692
2020-09-10;"Košický kraj";11;0;0;0;NA;43325;11;2020-09-10;672
2020-09-09;"Košický kraj";37;0;0;0;NA;43325;37;2020-09-09;661
2020-09-08;"Košický kraj";10;0;0;0;NA;43325;10;2020-09-08;624
2020-09-07;"Košický kraj";4;0;0;0;NA;43325;4;2020-09-07;614
2020-09-06;"Košický kraj";2;0;0;0;NA;43325;2;2020-09-06;610
2020-09-05;"Košický kraj";10;0;0;0;NA;43325;10;2020-09-05;608
2020-09-04;"Košický kraj";14;0;0;0;NA;43325;14;2020-09-04;598
2020-09-03;"Košický kraj";22;0;0;0;NA;43325;22;2020-09-03;584
2021-01-25;"Nitriansky kraj";201;28091;419;28510;28075;58388;620;2021-01-25;58388
2021-01-24;"Nitriansky kraj";12;41995;369;42364;NA;58388;381;2021-01-24;57768
2021-01-23;"Nitriansky kraj";277;58794;863;59657;NA;58388;1140;2021-01-23;57387
2021-01-22;"Nitriansky kraj";139;27521;512;28033;NA;58388;651;2021-01-22;56247
2021-01-21;"Nitriansky kraj";305;14117;403;14520;NA;58388;708;2021-01-21;55596
2021-01-20;"Nitriansky kraj";326;11249;600;11849;NA;58388;926;2021-01-20;54888
2021-01-19;"Nitriansky kraj";344;10641;600;11241;NA;58388;944;2021-01-19;53962
2021-01-18;"Nitriansky kraj";367;19202;669;19871;NA;58388;1036;2021-01-18;53018
2021-01-17;"Nitriansky kraj";97;30350;437;30787;NA;58388;534;2021-01-17;51982
2021-01-16;"Nitriansky kraj";64;9465;318;9783;NA;58388;382;2021-01-16;51448
2021-01-15;"Nitriansky kraj";373;15395;474;15869;NA;58388;847;2021-01-15;51066
2021-01-14;"Nitriansky kraj";627;10404;449;10853;NA;58388;1076;2021-01-14;50219
2021-01-13;"Nitriansky kraj";663;9230;782;10012;NA;58388;1445;2021-01-13;49143
2021-01-12;"Nitriansky kraj";642;9201;594;9795;NA;58388;1236;2021-01-12;47698
2021-01-11;"Nitriansky kraj";422;20593;866;21459;NA;58388;1288;2021-01-11;46462
2021-01-10;"Nitriansky kraj";44;32806;1049;33855;NA;58388;1093;2021-01-10;45174
2021-01-09;"Nitriansky kraj";532;10604;392;10996;NA;58388;924;2021-01-09;44081
2021-01-08;"Nitriansky kraj";817;13603;691;14294;NA;58388;1508;2021-01-08;43157
2021-01-07;"Nitriansky kraj";438;11720;769;12489;NA;58388;1207;2021-01-07;41649
2021-01-06;"Nitriansky kraj";259;2822;457;3279;NA;58388;716;2021-01-06;40442
2021-01-05;"Nitriansky kraj";732;8815;1204;10019;NA;58388;1936;2021-01-05;39726
2021-01-04;"Nitriansky kraj";362;8852;1333;10185;NA;58388;1695;2021-01-04;37790
2021-01-03;"Nitriansky kraj";42;84;20;104;NA;58388;62;2021-01-03;36095
2021-01-02;"Nitriansky kraj";249;1582;34;1616;NA;58388;283;2021-01-02;36033
2021-01-01;"Nitriansky kraj";119;671;94;765;NA;58388;213;2021-01-01;35750
2020-12-31;"Nitriansky kraj";786;6146;706;6852;NA;58388;1492;2020-12-31;35537
2020-12-30;"Nitriansky kraj";1094;8641;1098;9739;NA;58388;2192;2020-12-30;34045
2020-12-29;"Nitriansky kraj";607;7870;1245;9115;NA;58388;1852;2020-12-29;31853
2020-12-28;"Nitriansky kraj";83;6881;1271;8152;NA;58388;1354;2020-12-28;30001
2020-12-27;"Nitriansky kraj";22;36;2;38;NA;58388;24;2020-12-27;28647
2020-12-26;"Nitriansky kraj";54;297;56;353;NA;58388;110;2020-12-26;28623
2020-12-25;"Nitriansky kraj";35;47;5;52;NA;58388;40;2020-12-25;28513
2020-12-24;"Nitriansky kraj";514;1861;176;2037;NA;58388;690;2020-12-24;28473
2020-12-23;"Nitriansky kraj";349;15214;843;16057;NA;58388;1192;2020-12-23;27783
2020-12-22;"Nitriansky kraj";673;10915;994;11909;NA;58388;1667;2020-12-22;26591
2020-12-21;"Nitriansky kraj";128;7719;976;8695;NA;58388;1104;2020-12-21;24924
2020-12-20;"Nitriansky kraj";77;50;10;60;NA;58388;87;2020-12-20;23820
2020-12-19;"Nitriansky kraj";262;2449;169;2618;NA;58388;431;2020-12-19;23733
2020-12-18;"Nitriansky kraj";512;8130;541;8671;NA;58388;1053;2020-12-18;23302
2020-12-17;"Nitriansky kraj";586;6705;514;7219;NA;58388;1100;2020-12-17;22249
2020-12-16;"Nitriansky kraj";357;8265;513;8778;NA;58388;870;2020-12-16;21149
2020-12-15;"Nitriansky kraj";461;9365;769;10134;NA;58388;1230;2020-12-15;20279
2020-12-14;"Nitriansky kraj";217;8414;888;9302;NA;58388;1105;2020-12-14;19049
2020-12-13;"Nitriansky kraj";12;9;1;10;NA;58388;13;2020-12-13;17944
2020-12-12;"Nitriansky kraj";341;1832;125;1957;NA;58388;466;2020-12-12;17931
2020-12-11;"Nitriansky kraj";409;5976;454;6430;NA;58388;863;2020-12-11;17465
2020-12-10;"Nitriansky kraj";360;5030;326;5356;NA;58388;686;2020-12-10;16602
2020-12-09;"Nitriansky kraj";362;5726;542;6268;NA;58388;904;2020-12-09;15916
2020-12-08;"Nitriansky kraj";340;8766;611;9377;NA;58388;951;2020-12-08;15012
2020-12-07;"Nitriansky kraj";139;6243;573;6816;NA;58388;712;2020-12-07;14061
2020-12-06;"Nitriansky kraj";15;89;4;93;NA;58388;19;2020-12-06;13349
2020-12-05;"Nitriansky kraj";136;618;14;632;NA;58388;150;2020-12-05;13330
2020-12-04;"Nitriansky kraj";232;3047;86;3133;NA;58388;318;2020-12-04;13180
2020-12-03;"Nitriansky kraj";248;2599;127;2726;NA;58388;375;2020-12-03;12862
2020-12-02;"Nitriansky kraj";252;3733;163;3896;NA;58388;415;2020-12-02;12487
2020-12-01;"Nitriansky kraj";331;2940;134;3074;NA;58388;465;2020-12-01;12072
2020-11-30;"Nitriansky kraj";91;4232;143;4375;NA;58388;234;2020-11-30;11607
2020-11-29;"Nitriansky kraj";3;620;42;662;NA;58388;45;2020-11-29;11373
2020-11-28;"Nitriansky kraj";135;892;31;923;NA;58388;166;2020-11-28;11328
2020-11-27;"Nitriansky kraj";177;1229;43;1272;NA;58388;220;2020-11-27;11162
2020-11-26;"Nitriansky kraj";191;2262;57;2319;NA;58388;248;2020-11-26;10942
2020-11-25;"Nitriansky kraj";325;1993;66;2059;NA;58388;391;2020-11-25;10694
2020-11-24;"Nitriansky kraj";147;1141;50;1191;NA;58388;197;2020-11-24;10303
2020-11-23;"Nitriansky kraj";102;9562;206;9768;NA;58388;308;2020-11-23;10106
2020-11-22;"Nitriansky kraj";7;0;0;0;NA;58388;7;2020-11-22;9798
2020-11-21;"Nitriansky kraj";86;1083;38;1121;NA;58388;124;2020-11-21;9791
2020-11-20;"Nitriansky kraj";264;4020;101;4121;NA;58388;365;2020-11-20;9667
2020-11-19;"Nitriansky kraj";185;2953;133;3086;NA;58388;318;2020-11-19;9302
2020-11-18;"Nitriansky kraj";188;2109;77;2186;NA;58388;265;2020-11-18;8984
2020-11-17;"Nitriansky kraj";178;596;29;625;NA;58388;207;2020-11-17;8719
2020-11-16;"Nitriansky kraj";139;1836;75;1911;NA;58388;214;2020-11-16;8512
2020-11-15;"Nitriansky kraj";14;10;1;11;NA;58388;15;2020-11-15;8298
2020-11-14;"Nitriansky kraj";114;1131;32;1163;NA;58388;146;2020-11-14;8283
2020-11-13;"Nitriansky kraj";210;936;46;982;NA;58388;256;2020-11-13;8137
2020-11-12;"Nitriansky kraj";256;1195;35;1230;NA;58388;291;2020-11-12;7881
2020-11-11;"Nitriansky kraj";279;1247;22;1269;NA;58388;301;2020-11-11;7590
2020-11-10;"Nitriansky kraj";192;2623;39;2662;NA;58388;231;2020-11-10;7289
2020-11-09;"Nitriansky kraj";128;3136;43;3179;NA;58388;171;2020-11-09;7058
2020-11-08;"Nitriansky kraj";43;1462;32;1494;NA;58388;75;2020-11-08;6887
2020-11-07;"Nitriansky kraj";130;1046;4;1050;NA;58388;134;2020-11-07;6812
2020-11-06;"Nitriansky kraj";210;2264;32;2296;NA;58388;242;2020-11-06;6678
2020-11-05;"Nitriansky kraj";178;312;14;326;NA;58388;192;2020-11-05;6436
2020-11-04;"Nitriansky kraj";211;297;16;313;NA;58388;227;2020-11-04;6244
2020-11-03;"Nitriansky kraj";216;435;25;460;NA;58388;241;2020-11-03;6017
2020-11-02;"Nitriansky kraj";171;4208;46;4254;NA;58388;217;2020-11-02;5776
2020-11-01;"Nitriansky kraj";130;2546;27;2573;NA;58388;157;2020-11-01;5559
2020-10-31;"Nitriansky kraj";261;10466;134;10600;NA;58388;395;2020-10-31;5402
2020-10-30;"Nitriansky kraj";204;2380;21;2401;NA;58388;225;2020-10-30;5007
2020-10-29;"Nitriansky kraj";293;841;39;880;NA;58388;332;2020-10-29;4782
2020-10-28;"Nitriansky kraj";216;608;59;667;NA;58388;275;2020-10-28;4450
2020-10-27;"Nitriansky kraj";296;550;47;597;NA;58388;343;2020-10-27;4175
2020-10-26;"Nitriansky kraj";69;633;56;689;NA;58388;125;2020-10-26;3832
2020-10-25;"Nitriansky kraj";50;40;6;46;NA;58388;56;2020-10-25;3707
2020-10-24;"Nitriansky kraj";169;237;11;248;NA;58388;180;2020-10-24;3651
2020-10-23;"Nitriansky kraj";282;762;41;803;NA;58388;323;2020-10-23;3471
2020-10-22;"Nitriansky kraj";137;444;39;483;NA;58388;176;2020-10-22;3148
2020-10-21;"Nitriansky kraj";146;208;3;211;NA;58388;149;2020-10-21;2972
2020-10-20;"Nitriansky kraj";197;78;6;84;NA;58388;203;2020-10-20;2823
2020-10-19;"Nitriansky kraj";148;79;1;80;NA;58388;149;2020-10-19;2620
2020-10-18;"Nitriansky kraj";22;0;0;0;NA;58388;22;2020-10-18;2471
2020-10-17;"Nitriansky kraj";67;0;0;0;NA;58388;67;2020-10-17;2449
2020-10-16;"Nitriansky kraj";133;28;3;31;NA;58388;136;2020-10-16;2382
2020-10-15;"Nitriansky kraj";106;31;2;33;NA;58388;108;2020-10-15;2246
2020-10-14;"Nitriansky kraj";80;22;4;26;NA;58388;84;2020-10-14;2138
2020-10-13;"Nitriansky kraj";101;82;2;84;NA;58388;103;2020-10-13;2054
2020-10-12;"Nitriansky kraj";36;0;0;0;NA;58388;36;2020-10-12;1951
2020-10-11;"Nitriansky kraj";8;0;0;0;NA;58388;8;2020-10-11;1915
2020-10-10;"Nitriansky kraj";107;0;0;0;NA;58388;107;2020-10-10;1907
2020-10-09;"Nitriansky kraj";120;0;0;0;NA;58388;120;2020-10-09;1800
2020-10-08;"Nitriansky kraj";132;0;0;0;NA;58388;132;2020-10-08;1680
2020-10-07;"Nitriansky kraj";81;0;0;0;NA;58388;81;2020-10-07;1548
2020-10-06;"Nitriansky kraj";48;0;0;0;NA;58388;48;2020-10-06;1467
2020-10-05;"Nitriansky kraj";20;0;0;0;NA;58388;20;2020-10-05;1419
2020-10-04;"Nitriansky kraj";17;0;0;0;NA;58388;17;2020-10-04;1399
2020-10-03;"Nitriansky kraj";96;0;0;0;NA;58388;96;2020-10-03;1382
2020-10-02;"Nitriansky kraj";108;0;0;0;NA;58388;108;2020-10-02;1286
2020-10-01;"Nitriansky kraj";95;0;0;0;NA;58388;95;2020-10-01;1178
2020-09-30;"Nitriansky kraj";100;0;0;0;NA;58388;100;2020-09-30;1083
2020-09-29;"Nitriansky kraj";50;0;0;0;NA;58388;50;2020-09-29;983
2020-09-28;"Nitriansky kraj";22;0;0;0;NA;58388;22;2020-09-28;933
2020-09-27;"Nitriansky kraj";16;0;0;0;NA;58388;16;2020-09-27;911
2020-09-26;"Nitriansky kraj";64;0;0;0;NA;58388;64;2020-09-26;895
2020-09-25;"Nitriansky kraj";90;0;0;0;NA;58388;90;2020-09-25;831
2020-09-24;"Nitriansky kraj";51;0;0;0;NA;58388;51;2020-09-24;741
2020-09-23;"Nitriansky kraj";70;0;0;0;NA;58388;70;2020-09-23;690
2020-09-22;"Nitriansky kraj";18;0;0;0;NA;58388;18;2020-09-22;620
2020-09-21;"Nitriansky kraj";10;0;0;0;NA;58388;10;2020-09-21;602
2020-09-20;"Nitriansky kraj";4;0;0;0;NA;58388;4;2020-09-20;592
2020-09-19;"Nitriansky kraj";14;0;0;0;NA;58388;14;2020-09-19;588
2020-09-18;"Nitriansky kraj";19;0;0;0;NA;58388;19;2020-09-18;574
2020-09-17;"Nitriansky kraj";30;0;0;0;NA;58388;30;2020-09-17;555
2020-09-16;"Nitriansky kraj";6;0;0;0;NA;58388;6;2020-09-16;525
2020-09-15;"Nitriansky kraj";19;0;0;0;NA;58388;19;2020-09-15;519
2020-09-14;"Nitriansky kraj";28;0;0;0;NA;58388;28;2020-09-14;500
2020-09-13;"Nitriansky kraj";3;0;0;0;NA;58388;3;2020-09-13;472
2020-09-12;"Nitriansky kraj";12;0;0;0;NA;58388;12;2020-09-12;469
2020-09-11;"Nitriansky kraj";23;0;0;0;NA;58388;23;2020-09-11;457
2020-09-10;"Nitriansky kraj";29;0;0;0;NA;58388;29;2020-09-10;434
2020-09-09;"Nitriansky kraj";19;0;0;0;NA;58388;19;2020-09-09;405
2020-09-08;"Nitriansky kraj";17;0;0;0;NA;58388;17;2020-09-08;386
2020-09-07;"Nitriansky kraj";17;0;0;0;NA;58388;17;2020-09-07;369
2020-09-05;"Nitriansky kraj";22;0;0;0;NA;58388;22;2020-09-05;352
2020-09-04;"Nitriansky kraj";34;0;0;0;NA;58388;34;2020-09-04;330
2020-09-03;"Nitriansky kraj";15;0;0;0;NA;58388;15;2020-09-03;296
2021-01-25;"Prešovský kraj";196;26943;372;27315;37503;63264;568;2021-01-25;63264
2021-01-24;"Prešovský kraj";12;52834;386;53220;NA;63264;398;2021-01-24;62696
2021-01-23;"Prešovský kraj";189;99246;1415;100661;NA;63264;1604;2021-01-23;62298
2021-01-22;"Prešovský kraj";187;32593;243;32836;NA;63264;430;2021-01-22;60694
2021-01-21;"Prešovský kraj";187;18666;195;18861;NA;63264;382;2021-01-21;60264
2021-01-20;"Prešovský kraj";253;12678;174;12852;NA;63264;427;2021-01-20;59882
2021-01-19;"Prešovský kraj";281;10650;284;10934;NA;63264;565;2021-01-19;59455
2021-01-18;"Prešovský kraj";203;9314;307;9621;NA;63264;510;2021-01-18;58890
2021-01-17;"Prešovský kraj";107;80;6;86;NA;63264;113;2021-01-17;58380
2021-01-16;"Prešovský kraj";72;1583;76;1659;NA;63264;148;2021-01-16;58267
2021-01-15;"Prešovský kraj";159;6482;211;6693;NA;63264;370;2021-01-15;58119
2021-01-14;"Prešovský kraj";268;5254;239;5493;NA;63264;507;2021-01-14;57749
2021-01-13;"Prešovský kraj";342;5130;206;5336;NA;63264;548;2021-01-13;57242
2021-01-12;"Prešovský kraj";455;8098;370;8468;NA;63264;825;2021-01-12;56694
2021-01-11;"Prešovský kraj";343;7177;435;7612;NA;63264;778;2021-01-11;55869
2021-01-10;"Prešovský kraj";63;486;23;509;NA;63264;86;2021-01-10;55091
2021-01-09;"Prešovský kraj";439;2248;125;2373;NA;63264;564;2021-01-09;55005
2021-01-08;"Prešovský kraj";430;9866;517;10383;NA;63264;947;2021-01-08;54441
2021-01-07;"Prešovský kraj";268;7387;621;8008;NA;63264;889;2021-01-07;53494
2021-01-06;"Prešovský kraj";315;1259;101;1360;NA;63264;416;2021-01-06;52605
2021-01-05;"Prešovský kraj";655;11094;947;12041;NA;63264;1602;2021-01-05;52189
2021-01-04;"Prešovský kraj";371;16392;1688;18080;NA;63264;2059;2021-01-04;50587
2021-01-03;"Prešovský kraj";89;257;37;294;NA;63264;126;2021-01-03;48528
2021-01-02;"Prešovský kraj";65;1559;160;1719;NA;63264;225;2021-01-02;48402
2021-01-01;"Prešovský kraj";174;914;70;984;NA;63264;244;2021-01-01;48177
2020-12-31;"Prešovský kraj";640;11208;695;11903;NA;63264;1335;2020-12-31;47933
2020-12-30;"Prešovský kraj";729;8297;715;9012;NA;63264;1444;2020-12-30;46598
2020-12-29;"Prešovský kraj";435;8286;863;9149;NA;63264;1298;2020-12-29;45154
2020-12-28;"Prešovský kraj";393;8292;1020;9312;NA;63264;1413;2020-12-28;43856
2020-12-27;"Prešovský kraj";40;571;39;610;NA;63264;79;2020-12-27;42443
2020-12-26;"Prešovský kraj";64;176;12;188;NA;63264;76;2020-12-26;42364
2020-12-25;"Prešovský kraj";208;273;13;286;NA;63264;221;2020-12-25;42288
2020-12-24;"Prešovský kraj";452;1214;85;1299;NA;63264;537;2020-12-24;42067
2020-12-23;"Prešovský kraj";361;9882;760;10642;NA;63264;1121;2020-12-23;41530
2020-12-22;"Prešovský kraj";439;8972;671;9643;NA;63264;1110;2020-12-22;40409
2020-12-21;"Prešovský kraj";432;9396;820;10216;NA;63264;1252;2020-12-21;39299
2020-12-20;"Prešovský kraj";184;396;20;416;NA;63264;204;2020-12-20;38047
2020-12-19;"Prešovský kraj";276;1658;151;1809;NA;63264;427;2020-12-19;37843
2020-12-18;"Prešovský kraj";396;8850;599;9449;NA;63264;995;2020-12-18;37416
2020-12-17;"Prešovský kraj";427;10826;891;11717;NA;63264;1318;2020-12-17;36421
2020-12-16;"Prešovský kraj";466;5987;508;6495;NA;63264;974;2020-12-16;35103
2020-12-15;"Prešovský kraj";411;5685;584;6269;NA;63264;995;2020-12-15;34129
2020-12-14;"Prešovský kraj";334;5767;508;6275;NA;63264;842;2020-12-14;33134
2020-12-13;"Prešovský kraj";89;29;8;37;NA;63264;97;2020-12-13;32292
2020-12-12;"Prešovský kraj";319;2474;166;2640;NA;63264;485;2020-12-12;32195
2020-12-11;"Prešovský kraj";560;6042;418;6460;NA;63264;978;2020-12-11;31710
2020-12-10;"Prešovský kraj";337;5180;440;5620;NA;63264;777;2020-12-10;30732
2020-12-09;"Prešovský kraj";358;3646;270;3916;NA;63264;628;2020-12-09;29955
2020-12-08;"Prešovský kraj";350;6436;647;7083;NA;63264;997;2020-12-08;29327
2020-12-07;"Prešovský kraj";309;3639;337;3976;NA;63264;646;2020-12-07;28330
2020-12-06;"Prešovský kraj";59;358;26;384;NA;63264;85;2020-12-06;27684
2020-12-05;"Prešovský kraj";218;984;87;1071;NA;63264;305;2020-12-05;27599
2020-12-04;"Prešovský kraj";352;4471;281;4752;NA;63264;633;2020-12-04;27294
2020-12-03;"Prešovský kraj";284;2900;202;3102;NA;63264;486;2020-12-03;26661
2020-12-02;"Prešovský kraj";232;3341;235;3576;NA;63264;467;2020-12-02;26175
2020-12-01;"Prešovský kraj";281;2341;213;2554;NA;63264;494;2020-12-01;25708
2020-11-30;"Prešovský kraj";196;5821;110;5931;NA;63264;306;2020-11-30;25214
2020-11-29;"Prešovský kraj";27;379;42;421;NA;63264;69;2020-11-29;24908
2020-11-28;"Prešovský kraj";199;682;62;744;NA;63264;261;2020-11-28;24839
2020-11-27;"Prešovský kraj";232;2135;119;2254;NA;63264;351;2020-11-27;24578
2020-11-26;"Prešovský kraj";263;2787;312;3099;NA;63264;575;2020-11-26;24227
2020-11-25;"Prešovský kraj";302;1642;78;1720;NA;63264;380;2020-11-25;23652
2020-11-24;"Prešovský kraj";365;1662;140;1802;NA;63264;505;2020-11-24;23272
2020-11-23;"Prešovský kraj";164;842;42;884;NA;63264;206;2020-11-23;22767
2020-11-22;"Prešovský kraj";46;30;1;31;NA;63264;47;2020-11-22;22561
2020-11-21;"Prešovský kraj";205;689;57;746;NA;63264;262;2020-11-21;22514
2020-11-20;"Prešovský kraj";363;2063;98;2161;NA;63264;461;2020-11-20;22252
2020-11-19;"Prešovský kraj";359;1973;229;2202;NA;63264;588;2020-11-19;21791
2020-11-18;"Prešovský kraj";270;391;32;423;NA;63264;302;2020-11-18;21203
2020-11-17;"Prešovský kraj";347;151;17;168;NA;63264;364;2020-11-17;20901
2020-11-16;"Prešovský kraj";226;382;51;433;NA;63264;277;2020-11-16;20537
2020-11-15;"Prešovský kraj";186;39;4;43;NA;63264;190;2020-11-15;20260
2020-11-14;"Prešovský kraj";261;54;4;58;NA;63264;265;2020-11-14;20070
2020-11-13;"Prešovský kraj";395;166;8;174;NA;63264;403;2020-11-13;19805
2020-11-12;"Prešovský kraj";397;229;50;279;NA;63264;447;2020-11-12;19402
2020-11-11;"Prešovský kraj";516;161;15;176;NA;63264;531;2020-11-11;18955
2020-11-10;"Prešovský kraj";437;197;9;206;NA;63264;446;2020-11-10;18424
2020-11-09;"Prešovský kraj";190;4106;945;5051;NA;63264;1135;2020-11-09;17978
2020-11-08;"Prešovský kraj";97;2817;32;2849;NA;63264;129;2020-11-08;16843
2020-11-07;"Prešovský kraj";416;8578;81;8659;NA;63264;497;2020-11-07;16714
2020-11-06;"Prešovský kraj";520;4791;76;4867;NA;63264;596;2020-11-06;16217
2020-11-05;"Prešovský kraj";397;180;5;185;NA;63264;402;2020-11-05;15621
2020-11-04;"Prešovský kraj";350;807;8;815;NA;63264;358;2020-11-04;15219
2020-11-03;"Prešovský kraj";565;98;12;110;NA;63264;577;2020-11-03;14861
2020-11-02;"Prešovský kraj";203;4158;1004;5162;NA;63264;1207;2020-11-02;14284
2020-11-01;"Prešovský kraj";386;2906;53;2959;NA;63264;439;2020-11-01;13077
2020-10-31;"Prešovský kraj";315;10497;170;10667;NA;63264;485;2020-10-31;12638
2020-10-30;"Prešovský kraj";552;2949;65;3014;NA;63264;617;2020-10-30;12153
2020-10-29;"Prešovský kraj";594;301;38;339;NA;63264;632;2020-10-29;11536
2020-10-28;"Prešovský kraj";617;291;46;337;NA;63264;663;2020-10-28;10904
2020-10-27;"Prešovský kraj";656;268;34;302;NA;63264;690;2020-10-27;10241
2020-10-26;"Prešovský kraj";137;363;57;420;NA;63264;194;2020-10-26;9551
2020-10-25;"Prešovský kraj";237;346;11;357;NA;63264;248;2020-10-25;9357
2020-10-24;"Prešovský kraj";719;200;12;212;NA;63264;731;2020-10-24;9109
2020-10-23;"Prešovský kraj";750;218;8;226;NA;63264;758;2020-10-23;8378
2020-10-22;"Prešovský kraj";646;396;30;426;NA;63264;676;2020-10-22;7620
2020-10-21;"Prešovský kraj";383;58;8;66;NA;63264;391;2020-10-21;6944
2020-10-20;"Prešovský kraj";493;65;7;72;NA;63264;500;2020-10-20;6553
2020-10-19;"Prešovský kraj";140;235;15;250;NA;63264;155;2020-10-19;6053
2020-10-18;"Prešovský kraj";209;0;0;0;NA;63264;209;2020-10-18;5898
2020-10-17;"Prešovský kraj";342;0;0;0;NA;63264;342;2020-10-17;5689
2020-10-16;"Prešovský kraj";388;57;3;60;NA;63264;391;2020-10-16;5347
2020-10-15;"Prešovský kraj";435;85;18;103;NA;63264;453;2020-10-15;4956
2020-10-14;"Prešovský kraj";451;54;10;64;NA;63264;461;2020-10-14;4503
2020-10-13;"Prešovský kraj";264;50;6;56;NA;63264;270;2020-10-13;4042
2020-10-12;"Prešovský kraj";214;334;35;369;NA;63264;249;2020-10-12;3772
2020-10-11;"Prešovský kraj";127;0;0;0;NA;63264;127;2020-10-11;3523
2020-10-10;"Prešovský kraj";248;0;0;0;NA;63264;248;2020-10-10;3396
2020-10-09;"Prešovský kraj";406;0;0;0;NA;63264;406;2020-10-09;3148
2020-10-08;"Prešovský kraj";245;0;0;0;NA;63264;245;2020-10-08;2742
2020-10-07;"Prešovský kraj";244;0;0;0;NA;63264;244;2020-10-07;2497
2020-10-06;"Prešovský kraj";166;0;0;0;NA;63264;166;2020-10-06;2253
2020-10-05;"Prešovský kraj";84;0;0;0;NA;63264;84;2020-10-05;2087
2020-10-04;"Prešovský kraj";118;0;0;0;NA;63264;118;2020-10-04;2003
2020-10-03;"Prešovský kraj";204;0;0;0;NA;63264;204;2020-10-03;1885
2020-10-02;"Prešovský kraj";149;0;0;0;NA;63264;149;2020-10-02;1681
2020-10-01;"Prešovský kraj";136;0;0;0;NA;63264;136;2020-10-01;1532
2020-09-30;"Prešovský kraj";121;0;0;0;NA;63264;121;2020-09-30;1396
2020-09-29;"Prešovský kraj";156;0;0;0;NA;63264;156;2020-09-29;1275
2020-09-28;"Prešovský kraj";51;0;0;0;NA;63264;51;2020-09-28;1119
2020-09-27;"Prešovský kraj";10;0;0;0;NA;63264;10;2020-09-27;1068
2020-09-26;"Prešovský kraj";72;0;0;0;NA;63264;72;2020-09-26;1058
2020-09-25;"Prešovský kraj";91;0;0;0;NA;63264;91;2020-09-25;986
2020-09-24;"Prešovský kraj";52;0;0;0;NA;63264;52;2020-09-24;895
2020-09-23;"Prešovský kraj";55;0;0;0;NA;63264;55;2020-09-23;843
2020-09-22;"Prešovský kraj";29;0;0;0;NA;63264;29;2020-09-22;788
2020-09-21;"Prešovský kraj";14;0;0;0;NA;63264;14;2020-09-21;759
2020-09-20;"Prešovský kraj";5;0;0;0;NA;63264;5;2020-09-20;745
2020-09-19;"Prešovský kraj";12;0;0;0;NA;63264;12;2020-09-19;740
2020-09-18;"Prešovský kraj";29;0;0;0;NA;63264;29;2020-09-18;728
2020-09-17;"Prešovský kraj";25;0;0;0;NA;63264;25;2020-09-17;699
2020-09-16;"Prešovský kraj";8;0;0;0;NA;63264;8;2020-09-16;674
2020-09-15;"Prešovský kraj";10;0;0;0;NA;63264;10;2020-09-15;666
2020-09-14;"Prešovský kraj";47;0;0;0;NA;63264;47;2020-09-14;656
2020-09-13;"Prešovský kraj";3;0;0;0;NA;63264;3;2020-09-13;609
2020-09-12;"Prešovský kraj";4;0;0;0;NA;63264;4;2020-09-12;606
2020-09-11;"Prešovský kraj";15;0;0;0;NA;63264;15;2020-09-11;602
2020-09-10;"Prešovský kraj";10;0;0;0;NA;63264;10;2020-09-10;587
2020-09-09;"Prešovský kraj";21;0;0;0;NA;63264;21;2020-09-09;577
2020-09-08;"Prešovský kraj";23;0;0;0;NA;63264;23;2020-09-08;556
2020-09-07;"Prešovský kraj";5;0;0;0;NA;63264;5;2020-09-07;533
2020-09-06;"Prešovský kraj";3;0;0;0;NA;63264;3;2020-09-06;528
2020-09-05;"Prešovský kraj";7;0;0;0;NA;63264;7;2020-09-05;525
2020-09-04;"Prešovský kraj";24;0;0;0;NA;63264;24;2020-09-04;518
2020-09-03;"Prešovský kraj";8;0;0;0;NA;63264;8;2020-09-03;494
2021-01-25;"Trenčiansky kraj";160;46620;439;47059;32779;54166;599;2021-01-25;54166
2021-01-24;"Trenčiansky kraj";51;17860;121;17981;NA;54166;172;2021-01-24;53567
2021-01-23;"Trenčiansky kraj";206;72232;378;72610;NA;54166;584;2021-01-23;53395
2021-01-22;"Trenčiansky kraj";148;13630;180;13810;NA;54166;328;2021-01-22;52811
2021-01-21;"Trenčiansky kraj";143;8064;186;8250;NA;54166;329;2021-01-21;52483
2021-01-20;"Trenčiansky kraj";181;7843;236;8079;NA;54166;417;2021-01-20;52154
2021-01-19;"Trenčiansky kraj";363;5711;265;5976;NA;54166;628;2021-01-19;51737
2021-01-18;"Trenčiansky kraj";72;4307;253;4560;NA;54166;325;2021-01-18;51109
2021-01-17;"Trenčiansky kraj";124;49;10;59;NA;54166;134;2021-01-17;50784
2021-01-16;"Trenčiansky kraj";39;1035;70;1105;NA;54166;109;2021-01-16;50650
2021-01-15;"Trenčiansky kraj";264;3387;198;3585;NA;54166;462;2021-01-15;50541
2021-01-14;"Trenčiansky kraj";275;2981;154;3135;NA;54166;429;2021-01-14;50079
2021-01-13;"Trenčiansky kraj";222;4077;237;4314;NA;54166;459;2021-01-13;49650
2021-01-12;"Trenčiansky kraj";508;4821;294;5115;NA;54166;802;2021-01-12;49191
2021-01-11;"Trenčiansky kraj";142;3599;288;3887;NA;54166;430;2021-01-11;48389
2021-01-10;"Trenčiansky kraj";89;4939;76;5015;NA;54166;165;2021-01-10;47959
2021-01-09;"Trenčiansky kraj";276;8212;137;8349;NA;54166;413;2021-01-09;47794
2021-01-08;"Trenčiansky kraj";489;6209;449;6658;NA;54166;938;2021-01-08;47381
2021-01-07;"Trenčiansky kraj";420;5989;556;6545;NA;54166;976;2021-01-07;46443
2021-01-06;"Trenčiansky kraj";221;1268;86;1354;NA;54166;307;2021-01-06;45467
2021-01-05;"Trenčiansky kraj";669;5808;803;6611;NA;54166;1472;2021-01-05;45160
2021-01-04;"Trenčiansky kraj";337;4310;615;4925;NA;54166;952;2021-01-04;43688
2021-01-03;"Trenčiansky kraj";38;60;13;73;NA;54166;51;2021-01-03;42736
2021-01-02;"Trenčiansky kraj";129;140;23;163;NA;54166;152;2021-01-02;42685
2021-01-01;"Trenčiansky kraj";329;588;41;629;NA;54166;370;2021-01-01;42533
2020-12-31;"Trenčiansky kraj";597;4848;548;5396;NA;54166;1145;2020-12-31;42163
2020-12-30;"Trenčiansky kraj";836;6373;712;7085;NA;54166;1548;2020-12-30;41018
2020-12-29;"Trenčiansky kraj";459;5981;1007;6988;NA;54166;1466;2020-12-29;39470
2020-12-28;"Trenčiansky kraj";258;3512;699;4211;NA;54166;957;2020-12-28;38004
2020-12-27;"Trenčiansky kraj";5;202;36;238;NA;54166;41;2020-12-27;37047
2020-12-26;"Trenčiansky kraj";174;74;10;84;NA;54166;184;2020-12-26;37006
2020-12-25;"Trenčiansky kraj";251;325;47;372;NA;54166;298;2020-12-25;36822
2020-12-24;"Trenčiansky kraj";552;2455;266;2721;NA;54166;818;2020-12-24;36524
2020-12-23;"Trenčiansky kraj";421;6161;622;6783;NA;54166;1043;2020-12-23;35706
2020-12-22;"Trenčiansky kraj";673;5560;690;6250;NA;54166;1363;2020-12-22;34663
2020-12-21;"Trenčiansky kraj";248;13524;988;14512;NA;54166;1236;2020-12-21;33300
2020-12-20;"Trenčiansky kraj";238;12480;291;12771;NA;54166;529;2020-12-20;32064
2020-12-19;"Trenčiansky kraj";341;1846;165;2011;NA;54166;506;2020-12-19;31535
2020-12-18;"Trenčiansky kraj";521;4331;531;4862;NA;54166;1052;2020-12-18;31029
2020-12-17;"Trenčiansky kraj";670;3790;526;4316;NA;54166;1196;2020-12-17;29977
2020-12-16;"Trenčiansky kraj";461;4320;612;4932;NA;54166;1073;2020-12-16;28781
2020-12-15;"Trenčiansky kraj";595;3344;632;3976;NA;54166;1227;2020-12-15;27708
2020-12-14;"Trenčiansky kraj";318;2481;573;3054;NA;54166;891;2020-12-14;26481
2020-12-13;"Trenčiansky kraj";77;24;4;28;NA;54166;81;2020-12-13;25590
2020-12-12;"Trenčiansky kraj";314;1214;141;1355;NA;54166;455;2020-12-12;25509
2020-12-11;"Trenčiansky kraj";750;3578;483;4061;NA;54166;1233;2020-12-11;25054
2020-12-10;"Trenčiansky kraj";271;3324;448;3772;NA;54166;719;2020-12-10;23821
2020-12-09;"Trenčiansky kraj";508;4209;524;4733;NA;54166;1032;2020-12-09;23102
2020-12-08;"Trenčiansky kraj";546;3833;565;4398;NA;54166;1111;2020-12-08;22070
2020-12-07;"Trenčiansky kraj";258;3655;435;4090;NA;54166;693;2020-12-07;20959
2020-12-06;"Trenčiansky kraj";114;179;10;189;NA;54166;124;2020-12-06;20266
2020-12-05;"Trenčiansky kraj";223;904;71;975;NA;54166;294;2020-12-05;20142
2020-12-04;"Trenčiansky kraj";253;2543;208;2751;NA;54166;461;2020-12-04;19848
2020-12-03;"Trenčiansky kraj";503;1606;197;1803;NA;54166;700;2020-12-03;19387
2020-12-02;"Trenčiansky kraj";418;1895;234;2129;NA;54166;652;2020-12-02;18687
2020-12-01;"Trenčiansky kraj";321;5652;352;6004;NA;54166;673;2020-12-01;18035
2020-11-30;"Trenčiansky kraj";167;8546;463;9009;NA;54166;630;2020-11-30;17362
2020-11-29;"Trenčiansky kraj";29;18;2;20;NA;54166;31;2020-11-29;16732
2020-11-28;"Trenčiansky kraj";202;1051;93;1144;NA;54166;295;2020-11-28;16701
2020-11-27;"Trenčiansky kraj";330;1584;171;1755;NA;54166;501;2020-11-27;16406
2020-11-26;"Trenčiansky kraj";395;1252;122;1374;NA;54166;517;2020-11-26;15905
2020-11-25;"Trenčiansky kraj";322;1444;160;1604;NA;54166;482;2020-11-25;15388
2020-11-24;"Trenčiansky kraj";348;2553;308;2861;NA;54166;656;2020-11-24;14906
2020-11-23;"Trenčiansky kraj";159;1186;122;1308;NA;54166;281;2020-11-23;14250
2020-11-22;"Trenčiansky kraj";26;11;1;12;NA;54166;27;2020-11-22;13969
2020-11-21;"Trenčiansky kraj";255;1323;62;1385;NA;54166;317;2020-11-21;13942
2020-11-20;"Trenčiansky kraj";316;861;93;954;NA;54166;409;2020-11-20;13625
2020-11-19;"Trenčiansky kraj";316;740;113;853;NA;54166;429;2020-11-19;13216
2020-11-18;"Trenčiansky kraj";233;379;66;445;NA;54166;299;2020-11-18;12787
2020-11-17;"Trenčiansky kraj";222;106;15;121;NA;54166;237;2020-11-17;12488
2020-11-16;"Trenčiansky kraj";245;236;45;281;NA;54166;290;2020-11-16;12251
2020-11-15;"Trenčiansky kraj";109;29;6;35;NA;54166;115;2020-11-15;11961
2020-11-14;"Trenčiansky kraj";190;74;11;85;NA;54166;201;2020-11-14;11846
2020-11-13;"Trenčiansky kraj";308;131;13;144;NA;54166;321;2020-11-13;11645
2020-11-12;"Trenčiansky kraj";324;124;5;129;NA;54166;329;2020-11-12;11324
2020-11-11;"Trenčiansky kraj";366;113;10;123;NA;54166;376;2020-11-11;10995
2020-11-10;"Trenčiansky kraj";277;106;6;112;NA;54166;283;2020-11-10;10619
2020-11-09;"Trenčiansky kraj";115;1407;48;1455;NA;54166;163;2020-11-09;10336
2020-11-08;"Trenčiansky kraj";81;1223;8;1231;NA;54166;89;2020-11-08;10173
2020-11-07;"Trenčiansky kraj";319;3662;59;3721;NA;54166;378;2020-11-07;10084
2020-11-06;"Trenčiansky kraj";383;6893;84;6977;NA;54166;467;2020-11-06;9706
2020-11-05;"Trenčiansky kraj";399;98;15;113;NA;54166;414;2020-11-05;9239
2020-11-04;"Trenčiansky kraj";370;91;9;100;NA;54166;379;2020-11-04;8825
2020-11-03;"Trenčiansky kraj";575;97;8;105;NA;54166;583;2020-11-03;8446
2020-11-02;"Trenčiansky kraj";197;1833;68;1901;NA;54166;265;2020-11-02;7863
2020-11-01;"Trenčiansky kraj";257;804;23;827;NA;54166;280;2020-11-01;7598
2020-10-31;"Trenčiansky kraj";332;4719;82;4801;NA;54166;414;2020-10-31;7318
2020-10-30;"Trenčiansky kraj";299;5283;102;5385;NA;54166;401;2020-10-30;6904
2020-10-29;"Trenčiansky kraj";496;764;68;832;NA;54166;564;2020-10-29;6503
2020-10-28;"Trenčiansky kraj";269;192;33;225;NA;54166;302;2020-10-28;5939
2020-10-27;"Trenčiansky kraj";473;127;27;154;NA;54166;500;2020-10-27;5637
2020-10-26;"Trenčiansky kraj";177;103;31;134;NA;54166;208;2020-10-26;5137
2020-10-25;"Trenčiansky kraj";138;9;5;14;NA;54166;143;2020-10-25;4929
2020-10-24;"Trenčiansky kraj";395;128;6;134;NA;54166;401;2020-10-24;4786
2020-10-23;"Trenčiansky kraj";301;154;8;162;NA;54166;309;2020-10-23;4385
2020-10-22;"Trenčiansky kraj";273;82;12;94;NA;54166;285;2020-10-22;4076
2020-10-21;"Trenčiansky kraj";183;53;9;62;NA;54166;192;2020-10-21;3791
2020-10-20;"Trenčiansky kraj";212;47;6;53;NA;54166;218;2020-10-20;3599
2020-10-19;"Trenčiansky kraj";41;83;25;108;NA;54166;66;2020-10-19;3381
2020-10-18;"Trenčiansky kraj";104;0;0;0;NA;54166;104;2020-10-18;3315
2020-10-17;"Trenčiansky kraj";157;0;0;0;NA;54166;157;2020-10-17;3211
2020-10-16;"Trenčiansky kraj";225;42;6;48;NA;54166;231;2020-10-16;3054
2020-10-15;"Trenčiansky kraj";255;39;4;43;NA;54166;259;2020-10-15;2823
2020-10-14;"Trenčiansky kraj";162;42;7;49;NA;54166;169;2020-10-14;2564
2020-10-13;"Trenčiansky kraj";124;105;12;117;NA;54166;136;2020-10-13;2395
2020-10-12;"Trenčiansky kraj";55;0;0;0;NA;54166;55;2020-10-12;2259
2020-10-11;"Trenčiansky kraj";73;0;0;0;NA;54166;73;2020-10-11;2204
2020-10-10;"Trenčiansky kraj";180;0;0;0;NA;54166;180;2020-10-10;2131
2020-10-09;"Trenčiansky kraj";198;0;0;0;NA;54166;198;2020-10-09;1951
2020-10-08;"Trenčiansky kraj";115;0;0;0;NA;54166;115;2020-10-08;1753
2020-10-07;"Trenčiansky kraj";75;0;0;0;NA;54166;75;2020-10-07;1638
2020-10-06;"Trenčiansky kraj";72;0;0;0;NA;54166;72;2020-10-06;1563
2020-10-05;"Trenčiansky kraj";32;0;0;0;NA;54166;32;2020-10-05;1491
2020-10-04;"Trenčiansky kraj";37;0;0;0;NA;54166;37;2020-10-04;1459
2020-10-03;"Trenčiansky kraj";79;0;0;0;NA;54166;79;2020-10-03;1422
2020-10-02;"Trenčiansky kraj";69;0;0;0;NA;54166;69;2020-10-02;1343
2020-10-01;"Trenčiansky kraj";58;0;0;0;NA;54166;58;2020-10-01;1274
2020-09-30;"Trenčiansky kraj";76;0;0;0;NA;54166;76;2020-09-30;1216
2020-09-29;"Trenčiansky kraj";43;0;0;0;NA;54166;43;2020-09-29;1140
2020-09-28;"Trenčiansky kraj";7;0;0;0;NA;54166;7;2020-09-28;1097
2020-09-27;"Trenčiansky kraj";12;0;0;0;NA;54166;12;2020-09-27;1090
2020-09-26;"Trenčiansky kraj";37;0;0;0;NA;54166;37;2020-09-26;1078
2020-09-25;"Trenčiansky kraj";72;0;0;0;NA;54166;72;2020-09-25;1041
2020-09-24;"Trenčiansky kraj";41;0;0;0;NA;54166;41;2020-09-24;969
2020-09-23;"Trenčiansky kraj";32;0;0;0;NA;54166;32;2020-09-23;928
2020-09-22;"Trenčiansky kraj";26;0;0;0;NA;54166;26;2020-09-22;896
2020-09-21;"Trenčiansky kraj";23;0;0;0;NA;54166;23;2020-09-21;870
2020-09-20;"Trenčiansky kraj";21;0;0;0;NA;54166;21;2020-09-20;847
2020-09-19;"Trenčiansky kraj";20;0;0;0;NA;54166;20;2020-09-19;826
2020-09-18;"Trenčiansky kraj";41;0;0;0;NA;54166;41;2020-09-18;806
2020-09-17;"Trenčiansky kraj";20;0;0;0;NA;54166;20;2020-09-17;765
2020-09-16;"Trenčiansky kraj";14;0;0;0;NA;54166;14;2020-09-16;745
2020-09-15;"Trenčiansky kraj";8;0;0;0;NA;54166;8;2020-09-15;731
2020-09-14;"Trenčiansky kraj";5;0;0;0;NA;54166;5;2020-09-14;723
2020-09-13;"Trenčiansky kraj";12;0;0;0;NA;54166;12;2020-09-13;718
2020-09-12;"Trenčiansky kraj";2;0;0;0;NA;54166;2;2020-09-12;706
2020-09-11;"Trenčiansky kraj";27;0;0;0;NA;54166;27;2020-09-11;704
2020-09-10;"Trenčiansky kraj";15;0;0;0;NA;54166;15;2020-09-10;677
2020-09-09;"Trenčiansky kraj";11;0;0;0;NA;54166;11;2020-09-09;662
2020-09-08;"Trenčiansky kraj";12;0;0;0;NA;54166;12;2020-09-08;651
2020-09-07;"Trenčiansky kraj";6;0;0;0;NA;54166;6;2020-09-07;639
2020-09-06;"Trenčiansky kraj";1;0;0;0;NA;54166;1;2020-09-06;633
2020-09-05;"Trenčiansky kraj";3;0;0;0;NA;54166;3;2020-09-05;632
2020-09-04;"Trenčiansky kraj";9;0;0;0;NA;54166;9;2020-09-04;629
2020-09-03;"Trenčiansky kraj";10;0;0;0;NA;54166;10;2020-09-03;620
2021-01-25;"Trnavský kraj";210;40579;1238;41817;26419;46002;1448;2021-01-25;46002
2021-01-24;"Trnavský kraj";91;27638;353;27991;NA;46002;444;2021-01-24;44554
2021-01-23;"Trnavský kraj";372;102052;1145;103197;NA;46002;1517;2021-01-23;44110
2021-01-22;"Trnavský kraj";217;30749;472;31221;NA;46002;689;2021-01-22;42593
2021-01-21;"Trnavský kraj";311;12786;369;13155;NA;46002;680;2021-01-21;41904
2021-01-20;"Trnavský kraj";503;8149;274;8423;NA;46002;777;2021-01-20;41224
2021-01-19;"Trnavský kraj";415;7019;346;7365;NA;46002;761;2021-01-19;40447
2021-01-18;"Trnavský kraj";247;6239;487;6726;NA;46002;734;2021-01-18;39686
2021-01-17;"Trnavský kraj";128;854;215;1069;NA;46002;343;2021-01-17;38952
2021-01-16;"Trnavský kraj";103;599;19;618;NA;46002;122;2021-01-16;38609
2021-01-15;"Trnavský kraj";278;5468;336;5804;NA;46002;614;2021-01-15;38487
2021-01-14;"Trnavský kraj";452;4415;389;4804;NA;46002;841;2021-01-14;37873
2021-01-13;"Trnavský kraj";457;4562;365;4927;NA;46002;822;2021-01-13;37032
2021-01-12;"Trnavský kraj";469;7177;483;7660;NA;46002;952;2021-01-12;36210
2021-01-11;"Trnavský kraj";370;4911;376;5287;NA;46002;746;2021-01-11;35258
2021-01-10;"Trnavský kraj";71;8;0;8;NA;46002;71;2021-01-10;34512
2021-01-09;"Trnavský kraj";417;2310;123;2433;NA;46002;540;2021-01-09;34441
2021-01-08;"Trnavský kraj";381;5814;479;6293;NA;46002;860;2021-01-08;33901
2021-01-07;"Trnavský kraj";501;3595;336;3931;NA;46002;837;2021-01-07;33041
2021-01-06;"Trnavský kraj";179;758;132;890;NA;46002;311;2021-01-06;32204
2021-01-05;"Trnavský kraj";611;6132;705;6837;NA;46002;1316;2021-01-05;31893
2021-01-04;"Trnavský kraj";302;5235;689;5924;NA;46002;991;2021-01-04;30577
2021-01-03;"Trnavský kraj";60;51;7;58;NA;46002;67;2021-01-03;29586
2021-01-02;"Trnavský kraj";282;412;30;442;NA;46002;312;2021-01-02;29519
2021-01-01;"Trnavský kraj";143;447;73;520;NA;46002;216;2021-01-01;29207
2020-12-31;"Trnavský kraj";498;8474;856;9330;NA;46002;1354;2020-12-31;28991
2020-12-30;"Trnavský kraj";785;4820;562;5382;NA;46002;1347;2020-12-30;27637
2020-12-29;"Trnavský kraj";322;5003;593;5596;NA;46002;915;2020-12-29;26290
2020-12-28;"Trnavský kraj";213;5339;615;5954;NA;46002;828;2020-12-28;25375
2020-12-27;"Trnavský kraj";27;13;4;17;NA;46002;31;2020-12-27;24547
2020-12-26;"Trnavský kraj";148;44;1;45;NA;46002;149;2020-12-26;24516
2020-12-25;"Trnavský kraj";65;49;5;54;NA;46002;70;2020-12-25;24367
2020-12-24;"Trnavský kraj";333;1359;117;1476;NA;46002;450;2020-12-24;24297
2020-12-23;"Trnavský kraj";210;6417;375;6792;NA;46002;585;2020-12-23;23847
2020-12-22;"Trnavský kraj";311;5590;491;6081;NA;46002;802;2020-12-22;23262
2020-12-21;"Trnavský kraj";328;5255;456;5711;NA;46002;784;2020-12-21;22460
2020-12-20;"Trnavský kraj";134;110;12;122;NA;46002;146;2020-12-20;21676
2020-12-19;"Trnavský kraj";201;1046;86;1132;NA;46002;287;2020-12-19;21530
2020-12-18;"Trnavský kraj";341;4898;378;5276;NA;46002;719;2020-12-18;21243
2020-12-17;"Trnavský kraj";375;4996;407;5403;NA;46002;782;2020-12-17;20524
2020-12-16;"Trnavský kraj";312;5249;405;5654;NA;46002;717;2020-12-16;19742
2020-12-15;"Trnavský kraj";492;6622;632;7254;NA;46002;1124;2020-12-15;19025
2020-12-14;"Trnavský kraj";161;3048;256;3304;NA;46002;417;2020-12-14;17901
2020-12-13;"Trnavský kraj";7;0;0;0;NA;46002;7;2020-12-13;17484
2020-12-12;"Trnavský kraj";254;1456;114;1570;NA;46002;368;2020-12-12;17477
2020-12-11;"Trnavský kraj";384;4683;262;4945;NA;46002;646;2020-12-11;17109
2020-12-10;"Trnavský kraj";183;5194;320;5514;NA;46002;503;2020-12-10;16463
2020-12-09;"Trnavský kraj";521;4272;320;4592;NA;46002;841;2020-12-09;15960
2020-12-08;"Trnavský kraj";281;4090;304;4394;NA;46002;585;2020-12-08;15119
2020-12-07;"Trnavský kraj";178;2895;199;3094;NA;46002;377;2020-12-07;14534
2020-12-06;"Trnavský kraj";46;0;0;0;NA;46002;46;2020-12-06;14157
2020-12-05;"Trnavský kraj";129;2218;41;2259;NA;46002;170;2020-12-05;14111
2020-12-04;"Trnavský kraj";242;3948;158;4106;NA;46002;400;2020-12-04;13941
2020-12-03;"Trnavský kraj";248;3018;201;3219;NA;46002;449;2020-12-03;13541
2020-12-02;"Trnavský kraj";284;4968;202;5170;NA;46002;486;2020-12-02;13092
2020-12-01;"Trnavský kraj";253;3642;235;3877;NA;46002;488;2020-12-01;12606
2020-11-30;"Trnavský kraj";200;7360;186;7546;NA;46002;386;2020-11-30;12118
2020-11-29;"Trnavský kraj";17;708;34;742;NA;46002;51;2020-11-29;11732
2020-11-28;"Trnavský kraj";83;1453;77;1530;NA;46002;160;2020-11-28;11681
2020-11-27;"Trnavský kraj";148;1591;83;1674;NA;46002;231;2020-11-27;11521
2020-11-26;"Trnavský kraj";234;985;59;1044;NA;46002;293;2020-11-26;11290
2020-11-25;"Trnavský kraj";232;1029;72;1101;NA;46002;304;2020-11-25;10997
2020-11-24;"Trnavský kraj";295;1772;91;1863;NA;46002;386;2020-11-24;10693
2020-11-23;"Trnavský kraj";242;7207;125;7332;NA;46002;367;2020-11-23;10307
2020-11-22;"Trnavský kraj";10;54;3;57;NA;46002;13;2020-11-22;9940
2020-11-21;"Trnavský kraj";129;1214;23;1237;NA;46002;152;2020-11-21;9927
2020-11-20;"Trnavský kraj";246;1027;61;1088;NA;46002;307;2020-11-20;9775
2020-11-19;"Trnavský kraj";157;694;58;752;NA;46002;215;2020-11-19;9468
2020-11-18;"Trnavský kraj";235;716;75;791;NA;46002;310;2020-11-18;9253
2020-11-17;"Trnavský kraj";129;695;72;767;NA;46002;201;2020-11-17;8943
2020-11-16;"Trnavský kraj";187;682;32;714;NA;46002;219;2020-11-16;8742
2020-11-15;"Trnavský kraj";23;73;4;77;NA;46002;27;2020-11-15;8523
2020-11-14;"Trnavský kraj";86;389;10;399;NA;46002;96;2020-11-14;8496
2020-11-13;"Trnavský kraj";219;1312;21;1333;NA;46002;240;2020-11-13;8400
2020-11-12;"Trnavský kraj";162;420;18;438;NA;46002;180;2020-11-12;8160
2020-11-11;"Trnavský kraj";257;392;15;407;NA;46002;272;2020-11-11;7980
2020-11-10;"Trnavský kraj";189;889;30;919;NA;46002;219;2020-11-10;7708
2020-11-09;"Trnavský kraj";196;369;23;392;NA;46002;219;2020-11-09;7489
2020-11-08;"Trnavský kraj";55;306;4;310;NA;46002;59;2020-11-08;7270
2020-11-07;"Trnavský kraj";207;6070;74;6144;NA;46002;281;2020-11-07;7211
2020-11-06;"Trnavský kraj";260;1531;19;1550;NA;46002;279;2020-11-06;6930
2020-11-05;"Trnavský kraj";150;220;27;247;NA;46002;177;2020-11-05;6651
2020-11-04;"Trnavský kraj";188;212;10;222;NA;46002;198;2020-11-04;6474
2020-11-03;"Trnavský kraj";317;127;8;135;NA;46002;325;2020-11-03;6276
2020-11-02;"Trnavský kraj";281;1728;31;1759;NA;46002;312;2020-11-02;5951
2020-11-01;"Trnavský kraj";87;494;27;521;NA;46002;114;2020-11-01;5639
2020-10-31;"Trnavský kraj";259;5024;41;5065;NA;46002;300;2020-10-31;5525
2020-10-30;"Trnavský kraj";198;3784;27;3811;NA;46002;225;2020-10-30;5225
2020-10-29;"Trnavský kraj";273;1461;16;1477;NA;46002;289;2020-10-29;5000
2020-10-28;"Trnavský kraj";319;117;16;133;NA;46002;335;2020-10-28;4711
2020-10-27;"Trnavský kraj";199;461;36;497;NA;46002;235;2020-10-27;4376
2020-10-26;"Trnavský kraj";153;29;2;31;NA;46002;155;2020-10-26;4141
2020-10-25;"Trnavský kraj";95;19;1;20;NA;46002;96;2020-10-25;3986
2020-10-24;"Trnavský kraj";158;109;2;111;NA;46002;160;2020-10-24;3890
2020-10-23;"Trnavský kraj";201;89;4;93;NA;46002;205;2020-10-23;3730
2020-10-22;"Trnavský kraj";195;55;2;57;NA;46002;197;2020-10-22;3525
2020-10-21;"Trnavský kraj";134;73;3;76;NA;46002;137;2020-10-21;3328
2020-10-20;"Trnavský kraj";202;82;3;85;NA;46002;205;2020-10-20;3191
2020-10-19;"Trnavský kraj";67;55;0;55;NA;46002;67;2020-10-19;2986
2020-10-18;"Trnavský kraj";84;0;0;0;NA;46002;84;2020-10-18;2919
2020-10-17;"Trnavský kraj";123;0;0;0;NA;46002;123;2020-10-17;2835
2020-10-16;"Trnavský kraj";86;45;2;47;NA;46002;88;2020-10-16;2712
2020-10-15;"Trnavský kraj";155;66;2;68;NA;46002;157;2020-10-15;2624
2020-10-14;"Trnavský kraj";236;468;3;471;NA;46002;239;2020-10-14;2467
2020-10-13;"Trnavský kraj";138;16;2;18;NA;46002;140;2020-10-13;2228
2020-10-12;"Trnavský kraj";33;41;1;42;NA;46002;34;2020-10-12;2088
2020-10-11;"Trnavský kraj";31;0;0;0;NA;46002;31;2020-10-11;2054
2020-10-10;"Trnavský kraj";128;0;0;0;NA;46002;128;2020-10-10;2023
2020-10-09;"Trnavský kraj";156;0;0;0;NA;46002;156;2020-10-09;1895
2020-10-08;"Trnavský kraj";153;0;0;0;NA;46002;153;2020-10-08;1739
2020-10-07;"Trnavský kraj";80;0;0;0;NA;46002;80;2020-10-07;1586
2020-10-06;"Trnavský kraj";112;0;0;0;NA;46002;112;2020-10-06;1506
2020-10-05;"Trnavský kraj";33;0;0;0;NA;46002;33;2020-10-05;1394
2020-10-04;"Trnavský kraj";44;0;0;0;NA;46002;44;2020-10-04;1361
2020-10-03;"Trnavský kraj";60;0;0;0;NA;46002;60;2020-10-03;1317
2020-10-02;"Trnavský kraj";41;0;0;0;NA;46002;41;2020-10-02;1257
2020-10-01;"Trnavský kraj";53;0;0;0;NA;46002;53;2020-10-01;1216
2020-09-30;"Trnavský kraj";91;0;0;0;NA;46002;91;2020-09-30;1163
2020-09-29;"Trnavský kraj";40;0;0;0;NA;46002;40;2020-09-29;1072
2020-09-28;"Trnavský kraj";69;0;0;0;NA;46002;69;2020-09-28;1032
2020-09-27;"Trnavský kraj";30;0;0;0;NA;46002;30;2020-09-27;963
2020-09-26;"Trnavský kraj";46;0;0;0;NA;46002;46;2020-09-26;933
2020-09-25;"Trnavský kraj";32;0;0;0;NA;46002;32;2020-09-25;887
2020-09-24;"Trnavský kraj";42;0;0;0;NA;46002;42;2020-09-24;855
2020-09-23;"Trnavský kraj";43;0;0;0;NA;46002;43;2020-09-23;813
2020-09-22;"Trnavský kraj";55;0;0;0;NA;46002;55;2020-09-22;770
2020-09-21;"Trnavský kraj";41;0;0;0;NA;46002;41;2020-09-21;715
2020-09-20;"Trnavský kraj";17;0;0;0;NA;46002;17;2020-09-20;674
2020-09-19;"Trnavský kraj";4;0;0;0;NA;46002;4;2020-09-19;657
2020-09-18;"Trnavský kraj";33;0;0;0;NA;46002;33;2020-09-18;653
2020-09-17;"Trnavský kraj";42;0;0;0;NA;46002;42;2020-09-17;620
2020-09-16;"Trnavský kraj";49;0;0;0;NA;46002;49;2020-09-16;578
2020-09-15;"Trnavský kraj";5;0;0;0;NA;46002;5;2020-09-15;529
2020-09-14;"Trnavský kraj";26;0;0;0;NA;46002;26;2020-09-14;524
2020-09-13;"Trnavský kraj";9;0;0;0;NA;46002;9;2020-09-13;498
2020-09-12;"Trnavský kraj";12;0;0;0;NA;46002;12;2020-09-12;489
2020-09-11;"Trnavský kraj";16;0;0;0;NA;46002;16;2020-09-11;477
2020-09-10;"Trnavský kraj";32;0;0;0;NA;46002;32;2020-09-10;461
2020-09-09;"Trnavský kraj";14;0;0;0;NA;46002;14;2020-09-09;429
2020-09-08;"Trnavský kraj";11;0;0;0;NA;46002;11;2020-09-08;415
2020-09-07;"Trnavský kraj";7;0;0;0;NA;46002;7;2020-09-07;404
2020-09-06;"Trnavský kraj";5;0;0;0;NA;46002;5;2020-09-06;397
2020-09-05;"Trnavský kraj";7;0;0;0;NA;46002;7;2020-09-05;392
2020-09-04;"Trnavský kraj";16;0;0;0;NA;46002;16;2020-09-04;385
2020-09-03;"Trnavský kraj";8;0;0;0;NA;46002;8;2020-09-03;369
2021-01-25;"Žilinský kraj";159;14728;118;14846;35391;57406;277;2021-01-25;57406
2021-01-24;"Žilinský kraj";22;32770;137;32907;NA;57406;159;2021-01-24;57129
2021-01-23;"Žilinský kraj";91;71793;290;72083;NA;57406;381;2021-01-23;56970
2021-01-22;"Žilinský kraj";163;25658;218;25876;NA;57406;381;2021-01-22;56589
2021-01-21;"Žilinský kraj";116;17593;175;17768;NA;57406;291;2021-01-21;56208
2021-01-20;"Žilinský kraj";236;16561;170;16731;NA;57406;406;2021-01-20;55917
2021-01-19;"Žilinský kraj";245;17864;406;18270;NA;57406;651;2021-01-19;55511
2021-01-18;"Žilinský kraj";236;12707;440;13147;NA;57406;676;2021-01-18;54860
2021-01-17;"Žilinský kraj";95;113;2;115;NA;57406;97;2021-01-17;54184
2021-01-16;"Žilinský kraj";14;314;8;322;NA;57406;22;2021-01-16;54087
2021-01-15;"Žilinský kraj";248;7126;205;7331;NA;57406;453;2021-01-15;54065
2021-01-14;"Žilinský kraj";166;5650;249;5899;NA;57406;415;2021-01-14;53612
2021-01-13;"Žilinský kraj";247;11366;569;11935;NA;57406;816;2021-01-13;53197
2021-01-12;"Žilinský kraj";376;9042;437;9479;NA;57406;813;2021-01-12;52381
2021-01-11;"Žilinský kraj";351;10586;497;11083;NA;57406;848;2021-01-11;51568
2021-01-10;"Žilinský kraj";38;189;7;196;NA;57406;45;2021-01-10;50720
2021-01-09;"Žilinský kraj";192;2122;106;2228;NA;57406;298;2021-01-09;50675
2021-01-08;"Žilinský kraj";413;25201;1818;27019;NA;57406;2231;2021-01-08;50377
2021-01-07;"Žilinský kraj";438;8429;669;9098;NA;57406;1107;2021-01-07;48146
2021-01-06;"Žilinský kraj";145;1337;89;1426;NA;57406;234;2021-01-06;47039
2021-01-05;"Žilinský kraj";717;10844;884;11728;NA;57406;1601;2021-01-05;46805
2021-01-04;"Žilinský kraj";479;9460;990;10450;NA;57406;1469;2021-01-04;45204
2021-01-03;"Žilinský kraj";13;33;4;37;NA;57406;17;2021-01-03;43735
2021-01-02;"Žilinský kraj";98;792;67;859;NA;57406;165;2021-01-02;43718
2021-01-01;"Žilinský kraj";118;552;36;588;NA;57406;154;2021-01-01;43553
2020-12-31;"Žilinský kraj";395;10302;818;11120;NA;57406;1213;2020-12-31;43399
2020-12-30;"Žilinský kraj";1038;12169;901;13070;NA;57406;1939;2020-12-30;42186
2020-12-29;"Žilinský kraj";256;11104;1111;12215;NA;57406;1367;2020-12-29;40247
2020-12-28;"Žilinský kraj";406;10770;1002;11772;NA;57406;1408;2020-12-28;38880
2020-12-27;"Žilinský kraj";40;662;80;742;NA;57406;120;2020-12-27;37472
2020-12-26;"Žilinský kraj";135;124;14;138;NA;57406;149;2020-12-26;37352
2020-12-25;"Žilinský kraj";66;111;10;121;NA;57406;76;2020-12-25;37203
2020-12-24;"Žilinský kraj";643;1018;75;1093;NA;57406;718;2020-12-24;37127
2020-12-23;"Žilinský kraj";228;17718;1049;18767;NA;57406;1277;2020-12-23;36409
2020-12-22;"Žilinský kraj";519;13188;1023;14211;NA;57406;1542;2020-12-22;35132
2020-12-21;"Žilinský kraj";444;12703;1107;13810;NA;57406;1551;2020-12-21;33590
2020-12-20;"Žilinský kraj";36;579;73;652;NA;57406;109;2020-12-20;32039
2020-12-19;"Žilinský kraj";208;2080;144;2224;NA;57406;352;2020-12-19;31930
2020-12-18;"Žilinský kraj";333;7027;402;7429;NA;57406;735;2020-12-18;31578
2020-12-17;"Žilinský kraj";500;4333;281;4614;NA;57406;781;2020-12-17;30843
2020-12-16;"Žilinský kraj";333;4365;305;4670;NA;57406;638;2020-12-16;30062
2020-12-15;"Žilinský kraj";528;4756;418;5174;NA;57406;946;2020-12-15;29424
2020-12-14;"Žilinský kraj";321;4688;419;5107;NA;57406;740;2020-12-14;28478
2020-12-13;"Žilinský kraj";26;515;64;579;NA;57406;90;2020-12-13;27738
2020-12-12;"Žilinský kraj";95;1061;53;1114;NA;57406;148;2020-12-12;27648
2020-12-11;"Žilinský kraj";455;5089;318;5407;NA;57406;773;2020-12-11;27500
2020-12-10;"Žilinský kraj";166;9279;977;10256;NA;57406;1143;2020-12-10;26727
2020-12-09;"Žilinský kraj";392;2570;164;2734;NA;57406;556;2020-12-09;25584
2020-12-08;"Žilinský kraj";331;3915;188;4103;NA;57406;519;2020-12-08;25028
2020-12-07;"Žilinský kraj";348;2274;121;2395;NA;57406;469;2020-12-07;24509
2020-12-06;"Žilinský kraj";15;134;4;138;NA;57406;19;2020-12-06;24040
2020-12-05;"Žilinský kraj";98;1237;45;1282;NA;57406;143;2020-12-05;24021
2020-12-04;"Žilinský kraj";228;2847;120;2967;NA;57406;348;2020-12-04;23878
2020-12-03;"Žilinský kraj";237;1412;119;1531;NA;57406;356;2020-12-03;23530
2020-12-02;"Žilinský kraj";181;1553;82;1635;NA;57406;263;2020-12-02;23174
2020-12-01;"Žilinský kraj";209;6529;309;6838;NA;57406;518;2020-12-01;22911
2020-11-30;"Žilinský kraj";202;5232;291;5523;NA;57406;493;2020-11-30;22393
2020-11-29;"Žilinský kraj";18;81;7;88;NA;57406;25;2020-11-29;21900
2020-11-28;"Žilinský kraj";99;349;15;364;NA;57406;114;2020-11-28;21875
2020-11-27;"Žilinský kraj";218;913;46;959;NA;57406;264;2020-11-27;21761
2020-11-26;"Žilinský kraj";189;1104;57;1161;NA;57406;246;2020-11-26;21497
2020-11-25;"Žilinský kraj";225;1217;49;1266;NA;57406;274;2020-11-25;21251
2020-11-24;"Žilinský kraj";213;2092;67;2159;NA;57406;280;2020-11-24;20977
2020-11-23;"Žilinský kraj";170;759;44;803;NA;57406;214;2020-11-23;20697
2020-11-22;"Žilinský kraj";11;0;0;0;NA;57406;11;2020-11-22;20483
2020-11-21;"Žilinský kraj";61;505;20;525;NA;57406;81;2020-11-21;20472
2020-11-20;"Žilinský kraj";251;1074;45;1119;NA;57406;296;2020-11-20;20391
2020-11-19;"Žilinský kraj";252;752;61;813;NA;57406;313;2020-11-19;20095
2020-11-18;"Žilinský kraj";346;348;15;363;NA;57406;361;2020-11-18;19782
2020-11-17;"Žilinský kraj";123;490;15;505;NA;57406;138;2020-11-17;19421
2020-11-16;"Žilinský kraj";227;206;13;219;NA;57406;240;2020-11-16;19283
2020-11-15;"Žilinský kraj";63;13;0;13;NA;57406;63;2020-11-15;19043
2020-11-14;"Žilinský kraj";189;1038;11;1049;NA;57406;200;2020-11-14;18980
2020-11-13;"Žilinský kraj";181;125;9;134;NA;57406;190;2020-11-13;18780
2020-11-12;"Žilinský kraj";334;79;2;81;NA;57406;336;2020-11-12;18590
2020-11-11;"Žilinský kraj";489;147;10;157;NA;57406;499;2020-11-11;18254
2020-11-10;"Žilinský kraj";374;519;9;528;NA;57406;383;2020-11-10;17755
2020-11-09;"Žilinský kraj";143;2335;30;2365;NA;57406;173;2020-11-09;17372
2020-11-08;"Žilinský kraj";59;2196;35;2231;NA;57406;94;2020-11-08;17199
2020-11-07;"Žilinský kraj";312;8175;88;8263;NA;57406;400;2020-11-07;17105
2020-11-06;"Žilinský kraj";503;4090;38;4128;NA;57406;541;2020-11-06;16705
2020-11-05;"Žilinský kraj";473;64;4;68;NA;57406;477;2020-11-05;16164
2020-11-04;"Žilinský kraj";423;168;10;178;NA;57406;433;2020-11-04;15687
2020-11-03;"Žilinský kraj";688;889;16;905;NA;57406;704;2020-11-03;15254
2020-11-02;"Žilinský kraj";472;1043;39;1082;NA;57406;511;2020-11-02;14550
2020-11-01;"Žilinský kraj";349;5096;130;5226;NA;57406;479;2020-11-01;14039
2020-10-31;"Žilinský kraj";662;7963;203;8166;NA;57406;865;2020-10-31;13560
2020-10-30;"Žilinský kraj";529;2575;61;2636;NA;57406;590;2020-10-30;12695
2020-10-29;"Žilinský kraj";740;503;17;520;NA;57406;757;2020-10-29;12105
2020-10-28;"Žilinský kraj";635;105;11;116;NA;57406;646;2020-10-28;11348
2020-10-27;"Žilinský kraj";355;154;24;178;NA;57406;379;2020-10-27;10702
2020-10-26;"Žilinský kraj";148;117;28;145;NA;57406;176;2020-10-26;10323
2020-10-25;"Žilinský kraj";436;0;0;0;NA;57406;436;2020-10-25;10147
2020-10-24;"Žilinský kraj";803;0;0;0;NA;57406;803;2020-10-24;9711
2020-10-23;"Žilinský kraj";659;102;13;115;NA;57406;672;2020-10-23;8908
2020-10-22;"Žilinský kraj";525;33;3;36;NA;57406;528;2020-10-22;8236
2020-10-21;"Žilinský kraj";478;74;14;88;NA;57406;492;2020-10-21;7708
2020-10-20;"Žilinský kraj";524;127;8;135;NA;57406;532;2020-10-20;7216
2020-10-19;"Žilinský kraj";70;80;12;92;NA;57406;82;2020-10-19;6684
2020-10-18;"Žilinský kraj";159;0;0;0;NA;57406;159;2020-10-18;6602
2020-10-17;"Žilinský kraj";509;0;0;0;NA;57406;509;2020-10-17;6443
2020-10-16;"Žilinský kraj";603;51;9;60;NA;57406;612;2020-10-16;5934
2020-10-15;"Žilinský kraj";679;61;3;64;NA;57406;682;2020-10-15;5322
2020-10-14;"Žilinský kraj";523;269;6;275;NA;57406;529;2020-10-14;4640
2020-10-13;"Žilinský kraj";367;458;40;498;NA;57406;407;2020-10-13;4111
2020-10-12;"Žilinský kraj";62;0;0;0;NA;57406;62;2020-10-12;3704
2020-10-11;"Žilinský kraj";50;0;0;0;NA;57406;50;2020-10-11;3642
2020-10-10;"Žilinský kraj";213;0;0;0;NA;57406;213;2020-10-10;3592
2020-10-09;"Žilinský kraj";543;0;0;0;NA;57406;543;2020-10-09;3379
2020-10-08;"Žilinský kraj";238;0;0;0;NA;57406;238;2020-10-08;2836
2020-10-07;"Žilinský kraj";168;0;0;0;NA;57406;168;2020-10-07;2598
2020-10-06;"Žilinský kraj";233;0;0;0;NA;57406;233;2020-10-06;2430
2020-10-05;"Žilinský kraj";33;0;0;0;NA;57406;33;2020-10-05;2197
2020-10-04;"Žilinský kraj";35;0;0;0;NA;57406;35;2020-10-04;2164
2020-10-03;"Žilinský kraj";155;0;0;0;NA;57406;155;2020-10-03;2129
2020-10-02;"Žilinský kraj";105;0;0;0;NA;57406;105;2020-10-02;1974
2020-10-01;"Žilinský kraj";147;0;0;0;NA;57406;147;2020-10-01;1869
2020-09-30;"Žilinský kraj";163;0;0;0;NA;57406;163;2020-09-30;1722
2020-09-29;"Žilinský kraj";105;0;0;0;NA;57406;105;2020-09-29;1559
2020-09-28;"Žilinský kraj";34;0;0;0;NA;57406;34;2020-09-28;1454
2020-09-27;"Žilinský kraj";108;0;0;0;NA;57406;108;2020-09-27;1420
2020-09-26;"Žilinský kraj";96;0;0;0;NA;57406;96;2020-09-26;1312
2020-09-25;"Žilinský kraj";69;0;0;0;NA;57406;69;2020-09-25;1216
2020-09-24;"Žilinský kraj";100;0;0;0;NA;57406;100;2020-09-24;1147
2020-09-23;"Žilinský kraj";65;0;0;0;NA;57406;65;2020-09-23;1047
2020-09-22;"Žilinský kraj";65;0;0;0;NA;57406;65;2020-09-22;982
2020-09-21;"Žilinský kraj";47;0;0;0;NA;57406;47;2020-09-21;917
2020-09-20;"Žilinský kraj";4;0;0;0;NA;57406;4;2020-09-20;870
2020-09-19;"Žilinský kraj";6;0;0;0;NA;57406;6;2020-09-19;866
2020-09-18;"Žilinský kraj";82;0;0;0;NA;57406;82;2020-09-18;860
2020-09-17;"Žilinský kraj";30;0;0;0;NA;57406;30;2020-09-17;778
2020-09-16;"Žilinský kraj";34;0;0;0;NA;57406;34;2020-09-16;748
2020-09-15;"Žilinský kraj";12;0;0;0;NA;57406;12;2020-09-15;714
2020-09-14;"Žilinský kraj";39;0;0;0;NA;57406;39;2020-09-14;702
2020-09-13;"Žilinský kraj";6;0;0;0;NA;57406;6;2020-09-13;663
2020-09-12;"Žilinský kraj";4;0;0;0;NA;57406;4;2020-09-12;657
2020-09-11;"Žilinský kraj";31;0;0;0;NA;57406;31;2020-09-11;653
2020-09-10;"Žilinský kraj";31;0;0;0;NA;57406;31;2020-09-10;622
2020-09-09;"Žilinský kraj";23;0;0;0;NA;57406;23;2020-09-09;591
2020-09-08;"Žilinský kraj";25;0;0;0;NA;57406;25;2020-09-08;568
2020-09-07;"Žilinský kraj";11;0;0;0;NA;57406;11;2020-09-07;543
2020-09-05;"Žilinský kraj";2;0;0;0;NA;57406;2;2020-09-05;532
2020-09-04;"Žilinský kraj";33;0;0;0;NA;57406;33;2020-09-04;530
2020-09-03;"Žilinský kraj";18;0;0;0;NA;57406;18;2020-09-03;497
