"Datum";"Region";"PCR_Pos";"Ag_Neg";"Ag_Pos";"Total";"Pocet.potvrdenych";"Potvrdenych";"newcases";"date";"positive"
2021-01-21;"Banskobystrický kraj";194;12593;301;12894;21480;38093;495;2021-01-21;38093
2021-01-20;"Banskobystrický kraj";231;8800;176;8976;NA;38093;407;2021-01-20;37598
2021-01-19;"Banskobystrický kraj";213;10206;303;10509;NA;38093;516;2021-01-19;37191
2021-01-18;"Banskobystrický kraj";94;5943;296;6239;NA;38093;390;2021-01-18;36675
2021-01-17;"Banskobystrický kraj";110;7638;67;7705;NA;38093;177;2021-01-17;36285
2021-01-16;"Banskobystrický kraj";58;1873;56;1929;NA;38093;114;2021-01-16;36108
2021-01-15;"Banskobystrický kraj";164;6233;202;6435;NA;38093;366;2021-01-15;35994
2021-01-14;"Banskobystrický kraj";220;5466;317;5783;NA;38093;537;2021-01-14;35628
2021-01-13;"Banskobystrický kraj";235;5624;194;5818;NA;38093;429;2021-01-13;35091
2021-01-12;"Banskobystrický kraj";194;6256;425;6681;NA;38093;619;2021-01-12;34662
2021-01-11;"Banskobystrický kraj";76;6992;409;7401;NA;38093;485;2021-01-11;34043
2021-01-10;"Banskobystrický kraj";110;66;1;67;NA;38093;111;2021-01-10;33558
2021-01-09;"Banskobystrický kraj";297;2726;105;2831;NA;38093;402;2021-01-09;33447
2021-01-08;"Banskobystrický kraj";435;8110;387;8497;NA;38093;822;2021-01-08;33045
2021-01-07;"Banskobystrický kraj";127;4034;262;4296;NA;38093;389;2021-01-07;32223
2021-01-06;"Banskobystrický kraj";305;3335;205;3540;NA;38093;510;2021-01-06;31834
2021-01-05;"Banskobystrický kraj";372;6464;494;6958;NA;38093;866;2021-01-05;31324
2021-01-04;"Banskobystrický kraj";130;5668;565;6233;NA;38093;695;2021-01-04;30458
2021-01-03;"Banskobystrický kraj";199;174;13;187;NA;38093;212;2021-01-03;29763
2021-01-02;"Banskobystrický kraj";123;571;83;654;NA;38093;206;2021-01-02;29551
2021-01-01;"Banskobystrický kraj";220;2015;135;2150;NA;38093;355;2021-01-01;29345
2020-12-31;"Banskobystrický kraj";499;6796;724;7520;NA;38093;1223;2020-12-31;28990
2020-12-30;"Banskobystrický kraj";593;7101;536;7637;NA;38093;1129;2020-12-30;27767
2020-12-29;"Banskobystrický kraj";240;7590;738;8328;NA;38093;978;2020-12-29;26638
2020-12-28;"Banskobystrický kraj";131;5575;674;6249;NA;38093;805;2020-12-28;25660
2020-12-27;"Banskobystrický kraj";116;496;25;521;NA;38093;141;2020-12-27;24855
2020-12-26;"Banskobystrický kraj";61;259;32;291;NA;38093;93;2020-12-26;24714
2020-12-25;"Banskobystrický kraj";65;229;6;235;NA;38093;71;2020-12-25;24621
2020-12-24;"Banskobystrický kraj";452;3674;135;3809;NA;38093;587;2020-12-24;24550
2020-12-23;"Banskobystrický kraj";368;9388;470;9858;NA;38093;838;2020-12-23;23963
2020-12-22;"Banskobystrický kraj";307;8300;624;8924;NA;38093;931;2020-12-22;23125
2020-12-21;"Banskobystrický kraj";286;4898;448;5346;NA;38093;734;2020-12-21;22194
2020-12-20;"Banskobystrický kraj";155;99;14;113;NA;38093;169;2020-12-20;21460
2020-12-19;"Banskobystrický kraj";170;2488;565;3053;NA;38093;735;2020-12-19;21291
2020-12-18;"Banskobystrický kraj";432;6454;414;6868;NA;38093;846;2020-12-18;20556
2020-12-17;"Banskobystrický kraj";468;8474;772;9246;NA;38093;1240;2020-12-17;19710
2020-12-16;"Banskobystrický kraj";379;10080;557;10637;NA;38093;936;2020-12-16;18470
2020-12-15;"Banskobystrický kraj";336;5318;430;5748;NA;38093;766;2020-12-15;17534
2020-12-14;"Banskobystrický kraj";148;3733;259;3992;NA;38093;407;2020-12-14;16768
2020-12-13;"Banskobystrický kraj";122;19;1;20;NA;38093;123;2020-12-13;16361
2020-12-12;"Banskobystrický kraj";137;2594;138;2732;NA;38093;275;2020-12-12;16238
2020-12-11;"Banskobystrický kraj";468;6443;374;6817;NA;38093;842;2020-12-11;15963
2020-12-10;"Banskobystrický kraj";280;5027;351;5378;NA;38093;631;2020-12-10;15121
2020-12-09;"Banskobystrický kraj";323;3707;212;3919;NA;38093;535;2020-12-09;14490
2020-12-08;"Banskobystrický kraj";256;3667;276;3943;NA;38093;532;2020-12-08;13955
2020-12-07;"Banskobystrický kraj";175;2006;140;2146;NA;38093;315;2020-12-07;13423
2020-12-06;"Banskobystrický kraj";121;359;9;368;NA;38093;130;2020-12-06;13108
2020-12-05;"Banskobystrický kraj";109;952;33;985;NA;38093;142;2020-12-05;12978
2020-12-04;"Banskobystrický kraj";339;3723;174;3897;NA;38093;513;2020-12-04;12836
2020-12-03;"Banskobystrický kraj";240;2913;227;3140;NA;38093;467;2020-12-03;12323
2020-12-02;"Banskobystrický kraj";217;4292;186;4478;NA;38093;403;2020-12-02;11856
2020-12-01;"Banskobystrický kraj";215;2820;135;2955;NA;38093;350;2020-12-01;11453
2020-11-30;"Banskobystrický kraj";75;3761;226;3987;NA;38093;301;2020-11-30;11103
2020-11-29;"Banskobystrický kraj";19;80;3;83;NA;38093;22;2020-11-29;10802
2020-11-28;"Banskobystrický kraj";81;1279;48;1327;NA;38093;129;2020-11-28;10780
2020-11-27;"Banskobystrický kraj";219;1930;120;2050;NA;38093;339;2020-11-27;10651
2020-11-26;"Banskobystrický kraj";209;1855;91;1946;NA;38093;300;2020-11-26;10312
2020-11-25;"Banskobystrický kraj";170;1760;84;1844;NA;38093;254;2020-11-25;10012
2020-11-24;"Banskobystrický kraj";166;2262;67;2329;NA;38093;233;2020-11-24;9758
2020-11-23;"Banskobystrický kraj";66;9948;191;10139;NA;38093;257;2020-11-23;9525
2020-11-22;"Banskobystrický kraj";38;72;1;73;NA;38093;39;2020-11-22;9268
2020-11-21;"Banskobystrický kraj";52;885;14;899;NA;38093;66;2020-11-21;9229
2020-11-20;"Banskobystrický kraj";127;1872;105;1977;NA;38093;232;2020-11-20;9163
2020-11-19;"Banskobystrický kraj";170;1112;82;1194;NA;38093;252;2020-11-19;8931
2020-11-18;"Banskobystrický kraj";153;587;62;649;NA;38093;215;2020-11-18;8679
2020-11-17;"Banskobystrický kraj";52;578;35;613;NA;38093;87;2020-11-17;8464
2020-11-16;"Banskobystrický kraj";106;351;22;373;NA;38093;128;2020-11-16;8377
2020-11-15;"Banskobystrický kraj";52;64;2;66;NA;38093;54;2020-11-15;8249
2020-11-14;"Banskobystrický kraj";73;305;2;307;NA;38093;75;2020-11-14;8195
2020-11-13;"Banskobystrický kraj";157;552;11;563;NA;38093;168;2020-11-13;8120
2020-11-12;"Banskobystrický kraj";218;952;44;996;NA;38093;262;2020-11-12;7952
2020-11-11;"Banskobystrický kraj";224;437;9;446;NA;38093;233;2020-11-11;7690
2020-11-10;"Banskobystrický kraj";263;463;18;481;NA;38093;281;2020-11-10;7457
2020-11-09;"Banskobystrický kraj";80;2678;31;2709;NA;38093;111;2020-11-09;7176
2020-11-08;"Banskobystrický kraj";82;783;16;799;NA;38093;98;2020-11-08;7065
2020-11-07;"Banskobystrický kraj";164;8828;94;8922;NA;38093;258;2020-11-07;6967
2020-11-06;"Banskobystrický kraj";227;2496;16;2512;NA;38093;243;2020-11-06;6709
2020-11-05;"Banskobystrický kraj";240;263;33;296;NA;38093;273;2020-11-05;6466
2020-11-04;"Banskobystrický kraj";254;1366;13;1379;NA;38093;267;2020-11-04;6193
2020-11-03;"Banskobystrický kraj";246;1332;4;1336;NA;38093;250;2020-11-03;5926
2020-11-02;"Banskobystrický kraj";90;2247;65;2312;NA;38093;155;2020-11-02;5676
2020-11-01;"Banskobystrický kraj";101;2671;42;2713;NA;38093;143;2020-11-01;5521
2020-10-31;"Banskobystrický kraj";198;13516;116;13632;NA;38093;314;2020-10-31;5378
2020-10-30;"Banskobystrický kraj";254;2829;20;2849;NA;38093;274;2020-10-30;5064
2020-10-29;"Banskobystrický kraj";372;969;42;1011;NA;38093;414;2020-10-29;4790
2020-10-28;"Banskobystrický kraj";285;302;30;332;NA;38093;315;2020-10-28;4376
2020-10-27;"Banskobystrický kraj";266;654;40;694;NA;38093;306;2020-10-27;4061
2020-10-26;"Banskobystrický kraj";38;232;29;261;NA;38093;67;2020-10-26;3755
2020-10-25;"Banskobystrický kraj";50;140;11;151;NA;38093;61;2020-10-25;3688
2020-10-24;"Banskobystrický kraj";315;114;12;126;NA;38093;327;2020-10-24;3627
2020-10-23;"Banskobystrický kraj";231;230;29;259;NA;38093;260;2020-10-23;3300
2020-10-22;"Banskobystrický kraj";264;253;24;277;NA;38093;288;2020-10-22;3040
2020-10-21;"Banskobystrický kraj";209;266;3;269;NA;38093;212;2020-10-21;2752
2020-10-20;"Banskobystrický kraj";210;66;3;69;NA;38093;213;2020-10-20;2540
2020-10-19;"Banskobystrický kraj";27;71;12;83;NA;38093;39;2020-10-19;2327
2020-10-18;"Banskobystrický kraj";49;0;0;0;NA;38093;49;2020-10-18;2288
2020-10-17;"Banskobystrický kraj";91;0;0;0;NA;38093;91;2020-10-17;2239
2020-10-16;"Banskobystrický kraj";224;37;3;40;NA;38093;227;2020-10-16;2148
2020-10-15;"Banskobystrický kraj";133;29;1;30;NA;38093;134;2020-10-15;1921
2020-10-14;"Banskobystrický kraj";139;31;1;32;NA;38093;140;2020-10-14;1787
2020-10-13;"Banskobystrický kraj";151;169;11;180;NA;38093;162;2020-10-13;1647
2020-10-12;"Banskobystrický kraj";11;13;0;13;NA;38093;11;2020-10-12;1485
2020-10-11;"Banskobystrický kraj";14;0;0;0;NA;38093;14;2020-10-11;1474
2020-10-10;"Banskobystrický kraj";53;0;0;0;NA;38093;53;2020-10-10;1460
2020-10-09;"Banskobystrický kraj";128;0;0;0;NA;38093;128;2020-10-09;1407
2020-10-08;"Banskobystrický kraj";99;0;0;0;NA;38093;99;2020-10-08;1279
2020-10-07;"Banskobystrický kraj";124;0;0;0;NA;38093;124;2020-10-07;1180
2020-10-06;"Banskobystrický kraj";68;0;0;0;NA;38093;68;2020-10-06;1056
2020-10-05;"Banskobystrický kraj";49;0;0;0;NA;38093;49;2020-10-05;988
2020-10-04;"Banskobystrický kraj";8;0;0;0;NA;38093;8;2020-10-04;939
2020-10-03;"Banskobystrický kraj";37;0;0;0;NA;38093;37;2020-10-03;931
2020-10-02;"Banskobystrický kraj";74;0;0;0;NA;38093;74;2020-10-02;894
2020-10-01;"Banskobystrický kraj";49;0;0;0;NA;38093;49;2020-10-01;820
2020-09-30;"Banskobystrický kraj";60;0;0;0;NA;38093;60;2020-09-30;771
2020-09-29;"Banskobystrický kraj";24;0;0;0;NA;38093;24;2020-09-29;711
2020-09-27;"Banskobystrický kraj";20;0;0;0;NA;38093;20;2020-09-27;687
2020-09-26;"Banskobystrický kraj";24;0;0;0;NA;38093;24;2020-09-26;667
2020-09-25;"Banskobystrický kraj";29;0;0;0;NA;38093;29;2020-09-25;643
2020-09-24;"Banskobystrický kraj";25;0;0;0;NA;38093;25;2020-09-24;614
2020-09-23;"Banskobystrický kraj";17;0;0;0;NA;38093;17;2020-09-23;589
2020-09-22;"Banskobystrický kraj";25;0;0;0;NA;38093;25;2020-09-22;572
2020-09-21;"Banskobystrický kraj";3;0;0;0;NA;38093;3;2020-09-21;547
2020-09-19;"Banskobystrický kraj";3;0;0;0;NA;38093;3;2020-09-19;544
2020-09-18;"Banskobystrický kraj";24;0;0;0;NA;38093;24;2020-09-18;541
2020-09-17;"Banskobystrický kraj";14;0;0;0;NA;38093;14;2020-09-17;517
2020-09-16;"Banskobystrický kraj";6;0;0;0;NA;38093;6;2020-09-16;503
2020-09-15;"Banskobystrický kraj";2;0;0;0;NA;38093;2;2020-09-15;497
2020-09-14;"Banskobystrický kraj";13;0;0;0;NA;38093;13;2020-09-14;495
2020-09-13;"Banskobystrický kraj";1;0;0;0;NA;38093;1;2020-09-13;482
2020-09-12;"Banskobystrický kraj";5;0;0;0;NA;38093;5;2020-09-12;481
2020-09-11;"Banskobystrický kraj";19;0;0;0;NA;38093;19;2020-09-11;476
2020-09-10;"Banskobystrický kraj";11;0;0;0;NA;38093;11;2020-09-10;457
2020-09-09;"Banskobystrický kraj";13;0;0;0;NA;38093;13;2020-09-09;446
2020-09-08;"Banskobystrický kraj";5;0;0;0;NA;38093;5;2020-09-08;433
2020-09-07;"Banskobystrický kraj";2;0;0;0;NA;38093;2;2020-09-07;428
2020-09-04;"Banskobystrický kraj";9;0;0;0;NA;38093;9;2020-09-04;426
2020-09-03;"Banskobystrický kraj";5;0;0;0;NA;38093;5;2020-09-03;417
2021-01-21;"Bratislavský kraj";255;33828;309;34137;27191;44937;564;2021-01-21;44937
2021-01-20;"Bratislavský kraj";360;21656;404;22060;NA;44937;764;2021-01-20;44373
2021-01-19;"Bratislavský kraj";375;10069;264;10333;NA;44937;639;2021-01-19;43609
2021-01-18;"Bratislavský kraj";357;9439;592;10031;NA;44937;949;2021-01-18;42970
2021-01-17;"Bratislavský kraj";244;312;33;345;NA;44937;277;2021-01-17;42021
2021-01-16;"Bratislavský kraj";70;3579;136;3715;NA;44937;206;2021-01-16;41744
2021-01-15;"Bratislavský kraj";251;7668;244;7912;NA;44937;495;2021-01-15;41538
2021-01-14;"Bratislavský kraj";363;7343;269;7612;NA;44937;632;2021-01-14;41043
2021-01-13;"Bratislavský kraj";336;17813;522;18335;NA;44937;858;2021-01-13;40411
2021-01-12;"Bratislavský kraj";450;10570;496;11066;NA;44937;946;2021-01-12;39553
2021-01-11;"Bratislavský kraj";397;8251;277;8528;NA;44937;674;2021-01-11;38607
2021-01-10;"Bratislavský kraj";252;666;58;724;NA;44937;310;2021-01-10;37933
2021-01-09;"Bratislavský kraj";351;5728;334;6062;NA;44937;685;2021-01-09;37623
2021-01-08;"Bratislavský kraj";556;8916;456;9372;NA;44937;1012;2021-01-08;36938
2021-01-07;"Bratislavský kraj";537;5501;338;5839;NA;44937;875;2021-01-07;35926
2021-01-06;"Bratislavský kraj";271;4171;306;4477;NA;44937;577;2021-01-06;35051
2021-01-05;"Bratislavský kraj";619;10205;758;10963;NA;44937;1377;2021-01-05;34474
2021-01-04;"Bratislavský kraj";601;7105;637;7742;NA;44937;1238;2021-01-04;33097
2021-01-03;"Bratislavský kraj";77;518;77;595;NA;44937;154;2021-01-03;31859
2021-01-02;"Bratislavský kraj";185;462;35;497;NA;44937;220;2021-01-02;31705
2021-01-01;"Bratislavský kraj";235;3862;199;4061;NA;44937;434;2021-01-01;31485
2020-12-31;"Bratislavský kraj";925;12260;503;12763;NA;44937;1428;2020-12-31;31051
2020-12-30;"Bratislavský kraj";650;10259;634;10893;NA;44937;1284;2020-12-30;29623
2020-12-29;"Bratislavský kraj";303;9046;651;9697;NA;44937;954;2020-12-29;28339
2020-12-28;"Bratislavský kraj";255;7618;548;8166;NA;44937;803;2020-12-28;27385
2020-12-27;"Bratislavský kraj";160;549;67;616;NA;44937;227;2020-12-27;26582
2020-12-26;"Bratislavský kraj";75;416;23;439;NA;44937;98;2020-12-26;26355
2020-12-25;"Bratislavský kraj";114;460;38;498;NA;44937;152;2020-12-25;26257
2020-12-24;"Bratislavský kraj";536;5166;192;5358;NA;44937;728;2020-12-24;26105
2020-12-23;"Bratislavský kraj";416;12021;478;12499;NA;44937;894;2020-12-23;25377
2020-12-22;"Bratislavský kraj";327;14781;812;15593;NA;44937;1139;2020-12-22;24483
2020-12-21;"Bratislavský kraj";392;13571;1887;15458;NA;44937;2279;2020-12-21;23344
2020-12-20;"Bratislavský kraj";180;558;52;610;NA;44937;232;2020-12-20;21065
2020-12-19;"Bratislavský kraj";396;3150;129;3279;NA;44937;525;2020-12-19;20833
2020-12-18;"Bratislavský kraj";306;12512;507;13019;NA;44937;813;2020-12-18;20308
2020-12-17;"Bratislavský kraj";502;7711;313;8024;NA;44937;815;2020-12-17;19495
2020-12-16;"Bratislavský kraj";282;9804;435;10239;NA;44937;717;2020-12-16;18680
2020-12-15;"Bratislavský kraj";423;9770;447;10217;NA;44937;870;2020-12-15;17963
2020-12-14;"Bratislavský kraj";279;5906;265;6171;NA;44937;544;2020-12-14;17093
2020-12-13;"Bratislavský kraj";125;108;7;115;NA;44937;132;2020-12-13;16549
2020-12-12;"Bratislavský kraj";361;4113;169;4282;NA;44937;530;2020-12-12;16417
2020-12-11;"Bratislavský kraj";326;6652;290;6942;NA;44937;616;2020-12-11;15887
2020-12-10;"Bratislavský kraj";286;4848;217;5065;NA;44937;503;2020-12-10;15271
2020-12-09;"Bratislavský kraj";382;5249;207;5456;NA;44937;589;2020-12-09;14768
2020-12-08;"Bratislavský kraj";234;5427;197;5624;NA;44937;431;2020-12-08;14179
2020-12-07;"Bratislavský kraj";272;4535;172;4707;NA;44937;444;2020-12-07;13748
2020-12-06;"Bratislavský kraj";61;1584;52;1636;NA;44937;113;2020-12-06;13304
2020-12-05;"Bratislavský kraj";266;3515;70;3585;NA;44937;336;2020-12-05;13191
2020-12-04;"Bratislavský kraj";200;4101;99;4200;NA;44937;299;2020-12-04;12855
2020-12-03;"Bratislavský kraj";213;4717;95;4812;NA;44937;308;2020-12-03;12556
2020-12-02;"Bratislavský kraj";204;2161;131;2292;NA;44937;335;2020-12-02;12248
2020-12-01;"Bratislavský kraj";255;3172;164;3336;NA;44937;419;2020-12-01;11913
2020-11-30;"Bratislavský kraj";152;1569;94;1663;NA;44937;246;2020-11-30;11494
2020-11-29;"Bratislavský kraj";52;41;21;62;NA;44937;73;2020-11-29;11248
2020-11-28;"Bratislavský kraj";232;1983;21;2004;NA;44937;253;2020-11-28;11175
2020-11-27;"Bratislavský kraj";54;1198;29;1227;NA;44937;83;2020-11-27;10922
2020-11-26;"Bratislavský kraj";129;1114;25;1139;NA;44937;154;2020-11-26;10839
2020-11-25;"Bratislavský kraj";140;1133;31;1164;NA;44937;171;2020-11-25;10685
2020-11-24;"Bratislavský kraj";81;2988;67;3055;NA;44937;148;2020-11-24;10514
2020-11-23;"Bratislavský kraj";67;7077;58;7135;NA;44937;125;2020-11-23;10366
2020-11-22;"Bratislavský kraj";36;81;7;88;NA;44937;43;2020-11-22;10241
2020-11-21;"Bratislavský kraj";109;2126;47;2173;NA;44937;156;2020-11-21;10198
2020-11-20;"Bratislavský kraj";118;2869;48;2917;NA;44937;166;2020-11-20;10042
2020-11-19;"Bratislavský kraj";173;987;29;1016;NA;44937;202;2020-11-19;9876
2020-11-18;"Bratislavský kraj";118;616;75;691;NA;44937;193;2020-11-18;9674
2020-11-17;"Bratislavský kraj";108;928;23;951;NA;44937;131;2020-11-17;9481
2020-11-16;"Bratislavský kraj";82;651;9;660;NA;44937;91;2020-11-16;9350
2020-11-15;"Bratislavský kraj";47;236;0;236;NA;44937;47;2020-11-15;9259
2020-11-14;"Bratislavský kraj";53;1834;15;1849;NA;44937;68;2020-11-14;9212
2020-11-13;"Bratislavský kraj";94;2096;21;2117;NA;44937;115;2020-11-13;9144
2020-11-12;"Bratislavský kraj";141;1727;6;1733;NA;44937;147;2020-11-12;9029
2020-11-11;"Bratislavský kraj";159;1429;12;1441;NA;44937;171;2020-11-11;8882
2020-11-10;"Bratislavský kraj";136;805;14;819;NA;44937;150;2020-11-10;8711
2020-11-09;"Bratislavský kraj";70;609;8;617;NA;44937;78;2020-11-09;8561
2020-11-08;"Bratislavský kraj";82;869;6;875;NA;44937;88;2020-11-08;8483
2020-11-07;"Bratislavský kraj";88;4039;17;4056;NA;44937;105;2020-11-07;8395
2020-11-06;"Bratislavský kraj";281;6441;25;6466;NA;44937;306;2020-11-06;8290
2020-11-05;"Bratislavský kraj";175;476;11;487;NA;44937;186;2020-11-05;7984
2020-11-04;"Bratislavský kraj";65;411;10;421;NA;44937;75;2020-11-04;7798
2020-11-03;"Bratislavský kraj";251;1081;12;1093;NA;44937;263;2020-11-03;7723
2020-11-02;"Bratislavský kraj";202;3365;22;3387;NA;44937;224;2020-11-02;7460
2020-11-01;"Bratislavský kraj";227;8694;39;8733;NA;44937;266;2020-11-01;7236
2020-10-31;"Bratislavský kraj";173;22407;123;22530;NA;44937;296;2020-10-31;6970
2020-10-30;"Bratislavský kraj";158;17350;138;17488;NA;44937;296;2020-10-30;6674
2020-10-29;"Bratislavský kraj";262;116;4;120;NA;44937;266;2020-10-29;6378
2020-10-28;"Bratislavský kraj";220;260;15;275;NA;44937;235;2020-10-28;6112
2020-10-27;"Bratislavský kraj";256;145;4;149;NA;44937;260;2020-10-27;5877
2020-10-26;"Bratislavský kraj";123;229;11;240;NA;44937;134;2020-10-26;5617
2020-10-25;"Bratislavský kraj";152;33;2;35;NA;44937;154;2020-10-25;5483
2020-10-24;"Bratislavský kraj";170;221;6;227;NA;44937;176;2020-10-24;5329
2020-10-23;"Bratislavský kraj";151;144;8;152;NA;44937;159;2020-10-23;5153
2020-10-22;"Bratislavský kraj";192;204;15;219;NA;44937;207;2020-10-22;4994
2020-10-21;"Bratislavský kraj";66;90;6;96;NA;44937;72;2020-10-21;4787
2020-10-20;"Bratislavský kraj";183;97;4;101;NA;44937;187;2020-10-20;4715
2020-10-19;"Bratislavský kraj";148;80;3;83;NA;44937;151;2020-10-19;4528
2020-10-18;"Bratislavský kraj";75;92;0;92;NA;44937;75;2020-10-18;4377
2020-10-17;"Bratislavský kraj";136;0;0;0;NA;44937;136;2020-10-17;4302
2020-10-16;"Bratislavský kraj";103;14;1;15;NA;44937;104;2020-10-16;4166
2020-10-15;"Bratislavský kraj";135;6;1;7;NA;44937;136;2020-10-15;4062
2020-10-14;"Bratislavský kraj";127;4;0;4;NA;44937;127;2020-10-14;3926
2020-10-13;"Bratislavský kraj";86;108;8;116;NA;44937;94;2020-10-13;3799
2020-10-12;"Bratislavský kraj";46;0;0;0;NA;44937;46;2020-10-12;3705
2020-10-11;"Bratislavský kraj";80;0;0;0;NA;44937;80;2020-10-11;3659
2020-10-10;"Bratislavský kraj";55;0;0;0;NA;44937;55;2020-10-10;3579
2020-10-09;"Bratislavský kraj";148;0;0;0;NA;44937;148;2020-10-09;3524
2020-10-08;"Bratislavský kraj";100;0;0;0;NA;44937;100;2020-10-08;3376
2020-10-07;"Bratislavský kraj";107;0;0;0;NA;44937;107;2020-10-07;3276
2020-10-06;"Bratislavský kraj";108;0;0;0;NA;44937;108;2020-10-06;3169
2020-10-05;"Bratislavský kraj";30;0;0;0;NA;44937;30;2020-10-05;3061
2020-10-04;"Bratislavský kraj";49;0;0;0;NA;44937;49;2020-10-04;3031
2020-10-03;"Bratislavský kraj";82;0;0;0;NA;44937;82;2020-10-03;2982
2020-10-02;"Bratislavský kraj";101;0;0;0;NA;44937;101;2020-10-02;2900
2020-10-01;"Bratislavský kraj";72;0;0;0;NA;44937;72;2020-10-01;2799
2020-09-30;"Bratislavský kraj";91;0;0;0;NA;44937;91;2020-09-30;2727
2020-09-29;"Bratislavský kraj";74;0;0;0;NA;44937;74;2020-09-29;2636
2020-09-28;"Bratislavský kraj";29;0;0;0;NA;44937;29;2020-09-28;2562
2020-09-27;"Bratislavský kraj";48;0;0;0;NA;44937;48;2020-09-27;2533
2020-09-26;"Bratislavský kraj";86;0;0;0;NA;44937;86;2020-09-26;2485
2020-09-25;"Bratislavský kraj";97;0;0;0;NA;44937;97;2020-09-25;2399
2020-09-24;"Bratislavský kraj";73;0;0;0;NA;44937;73;2020-09-24;2302
2020-09-23;"Bratislavský kraj";55;0;0;0;NA;44937;55;2020-09-23;2229
2020-09-22;"Bratislavský kraj";81;0;0;0;NA;44937;81;2020-09-22;2174
2020-09-21;"Bratislavský kraj";32;0;0;0;NA;44937;32;2020-09-21;2093
2020-09-20;"Bratislavský kraj";25;0;0;0;NA;44937;25;2020-09-20;2061
2020-09-19;"Bratislavský kraj";59;0;0;0;NA;44937;59;2020-09-19;2036
2020-09-18;"Bratislavský kraj";42;0;0;0;NA;44937;42;2020-09-18;1977
2020-09-17;"Bratislavský kraj";52;0;0;0;NA;44937;52;2020-09-17;1935
2020-09-16;"Bratislavský kraj";32;0;0;0;NA;44937;32;2020-09-16;1883
2020-09-15;"Bratislavský kraj";26;0;0;0;NA;44937;26;2020-09-15;1851
2020-09-14;"Bratislavský kraj";24;0;0;0;NA;44937;24;2020-09-14;1825
2020-09-13;"Bratislavský kraj";11;0;0;0;NA;44937;11;2020-09-13;1801
2020-09-12;"Bratislavský kraj";24;0;0;0;NA;44937;24;2020-09-12;1790
2020-09-11;"Bratislavský kraj";50;0;0;0;NA;44937;50;2020-09-11;1766
2020-09-10;"Bratislavský kraj";47;0;0;0;NA;44937;47;2020-09-10;1716
2020-09-09;"Bratislavský kraj";40;0;0;0;NA;44937;40;2020-09-09;1669
2020-09-08;"Bratislavský kraj";58;0;0;0;NA;44937;58;2020-09-08;1629
2020-09-07;"Bratislavský kraj";39;0;0;0;NA;44937;39;2020-09-07;1571
2020-09-06;"Bratislavský kraj";11;0;0;0;NA;44937;11;2020-09-06;1532
2020-09-05;"Bratislavský kraj";37;0;0;0;NA;44937;37;2020-09-05;1521
2020-09-04;"Bratislavský kraj";87;0;0;0;NA;44937;87;2020-09-04;1484
2020-09-03;"Bratislavský kraj";51;0;0;0;NA;44937;51;2020-09-03;1397
2021-01-21;"Košický kraj";274;13118;161;13279;27982;41310;435;2021-01-21;41310
2021-01-20;"Košický kraj";374;10240;188;10428;NA;41310;562;2021-01-20;40875
2021-01-19;"Košický kraj";248;9613;180;9793;NA;41310;428;2021-01-19;40313
2021-01-18;"Košický kraj";333;12352;728;13080;NA;41310;1061;2021-01-18;39885
2021-01-17;"Košický kraj";155;531;13;544;NA;41310;168;2021-01-17;38824
2021-01-16;"Košický kraj";153;1590;50;1640;NA;41310;203;2021-01-16;38656
2021-01-15;"Košický kraj";308;6306;236;6542;NA;41310;544;2021-01-15;38453
2021-01-14;"Košický kraj";358;5246;212;5458;NA;41310;570;2021-01-14;37909
2021-01-13;"Košický kraj";421;4790;217;5007;NA;41310;638;2021-01-13;37339
2021-01-12;"Košický kraj";482;6573;247;6820;NA;41310;729;2021-01-12;36701
2021-01-11;"Košický kraj";309;7298;405;7703;NA;41310;714;2021-01-11;35972
2021-01-10;"Košický kraj";193;131;10;141;NA;41310;203;2021-01-10;35258
2021-01-09;"Košický kraj";469;1466;66;1532;NA;41310;535;2021-01-09;35055
2021-01-08;"Košický kraj";551;7925;380;8305;NA;41310;931;2021-01-08;34520
2021-01-07;"Košický kraj";251;5828;379;6207;NA;41310;630;2021-01-07;33589
2021-01-06;"Košický kraj";442;669;49;718;NA;41310;491;2021-01-06;32959
2021-01-05;"Košický kraj";584;7662;528;8190;NA;41310;1112;2021-01-05;32468
2021-01-04;"Košický kraj";407;6525;665;7190;NA;41310;1072;2021-01-04;31356
2021-01-03;"Košický kraj";118;882;31;913;NA;41310;149;2021-01-03;30284
2021-01-02;"Košický kraj";88;436;43;479;NA;41310;131;2021-01-02;30135
2021-01-01;"Košický kraj";398;980;66;1046;NA;41310;464;2021-01-01;30004
2020-12-31;"Košický kraj";625;7237;434;7671;NA;41310;1059;2020-12-31;29540
2020-12-30;"Košický kraj";590;6351;402;6753;NA;41310;992;2020-12-30;28481
2020-12-29;"Košický kraj";419;7824;621;8445;NA;41310;1040;2020-12-29;27489
2020-12-28;"Košický kraj";356;8296;804;9100;NA;41310;1160;2020-12-28;26449
2020-12-27;"Košický kraj";159;147;16;163;NA;41310;175;2020-12-27;25289
2020-12-26;"Košický kraj";163;274;23;297;NA;41310;186;2020-12-26;25114
2020-12-25;"Košický kraj";237;140;10;150;NA;41310;247;2020-12-25;24928
2020-12-24;"Košický kraj";564;1470;90;1560;NA;41310;654;2020-12-24;24681
2020-12-23;"Košický kraj";304;7942;354;8296;NA;41310;658;2020-12-23;24027
2020-12-22;"Košický kraj";438;7920;459;8379;NA;41310;897;2020-12-22;23369
2020-12-21;"Košický kraj";405;6984;509;7493;NA;41310;914;2020-12-21;22472
2020-12-20;"Košický kraj";215;48;8;56;NA;41310;223;2020-12-20;21558
2020-12-19;"Košický kraj";207;1148;59;1207;NA;41310;266;2020-12-19;21335
2020-12-18;"Košický kraj";310;8484;326;8810;NA;41310;636;2020-12-18;21069
2020-12-17;"Košický kraj";463;5292;255;5547;NA;41310;718;2020-12-17;20433
2020-12-16;"Košický kraj";455;5632;582;6214;NA;41310;1037;2020-12-16;19715
2020-12-15;"Košický kraj";319;5086;338;5424;NA;41310;657;2020-12-15;18678
2020-12-14;"Košický kraj";256;2893;239;3132;NA;41310;495;2020-12-14;18021
2020-12-13;"Košický kraj";47;181;2;183;NA;41310;49;2020-12-13;17526
2020-12-12;"Košický kraj";369;1587;118;1705;NA;41310;487;2020-12-12;17477
2020-12-11;"Košický kraj";355;5461;258;5719;NA;41310;613;2020-12-11;16990
2020-12-10;"Košický kraj";283;4064;176;4240;NA;41310;459;2020-12-10;16377
2020-12-09;"Košický kraj";279;3786;166;3952;NA;41310;445;2020-12-09;15918
2020-12-08;"Košický kraj";226;4105;355;4460;NA;41310;581;2020-12-08;15473
2020-12-07;"Košický kraj";270;2111;103;2214;NA;41310;373;2020-12-07;14892
2020-12-06;"Košický kraj";121;97;20;117;NA;41310;141;2020-12-06;14519
2020-12-05;"Košický kraj";90;1096;48;1144;NA;41310;138;2020-12-05;14378
2020-12-04;"Košický kraj";224;2680;82;2762;NA;41310;306;2020-12-04;14240
2020-12-03;"Košický kraj";211;7717;173;7890;NA;41310;384;2020-12-03;13934
2020-12-02;"Košický kraj";194;3654;124;3778;NA;41310;318;2020-12-02;13550
2020-12-01;"Košický kraj";178;2237;124;2361;NA;41310;302;2020-12-01;13232
2020-11-30;"Košický kraj";171;3754;62;3816;NA;41310;233;2020-11-30;12930
2020-11-29;"Košický kraj";31;287;16;303;NA;41310;47;2020-11-29;12697
2020-11-28;"Košický kraj";69;721;52;773;NA;41310;121;2020-11-28;12650
2020-11-27;"Košický kraj";149;2729;74;2803;NA;41310;223;2020-11-27;12529
2020-11-26;"Košický kraj";239;1090;55;1145;NA;41310;294;2020-11-26;12306
2020-11-25;"Košický kraj";237;1664;122;1786;NA;41310;359;2020-11-25;12012
2020-11-24;"Košický kraj";196;1871;64;1935;NA;41310;260;2020-11-24;11653
2020-11-23;"Košický kraj";51;3737;54;3791;NA;41310;105;2020-11-23;11393
2020-11-22;"Košický kraj";57;28;3;31;NA;41310;60;2020-11-22;11288
2020-11-21;"Košický kraj";87;858;36;894;NA;41310;123;2020-11-21;11228
2020-11-20;"Košický kraj";176;2989;45;3034;NA;41310;221;2020-11-20;11105
2020-11-19;"Košický kraj";206;1648;40;1688;NA;41310;246;2020-11-19;10884
2020-11-18;"Košický kraj";122;443;16;459;NA;41310;138;2020-11-18;10638
2020-11-17;"Košický kraj";152;82;9;91;NA;41310;161;2020-11-17;10500
2020-11-16;"Košický kraj";114;531;24;555;NA;41310;138;2020-11-16;10339
2020-11-15;"Košický kraj";15;338;7;345;NA;41310;22;2020-11-15;10201
2020-11-14;"Košický kraj";234;520;12;532;NA;41310;246;2020-11-14;10179
2020-11-13;"Košický kraj";207;664;29;693;NA;41310;236;2020-11-13;9933
2020-11-12;"Košický kraj";192;736;13;749;NA;41310;205;2020-11-12;9697
2020-11-11;"Košický kraj";301;593;7;600;NA;41310;308;2020-11-11;9492
2020-11-10;"Košický kraj";190;541;11;552;NA;41310;201;2020-11-10;9184
2020-11-09;"Košický kraj";129;380;5;385;NA;41310;134;2020-11-09;8983
2020-11-08;"Košický kraj";78;1298;8;1306;NA;41310;86;2020-11-08;8849
2020-11-07;"Košický kraj";192;3909;22;3931;NA;41310;214;2020-11-07;8763
2020-11-06;"Košický kraj";195;5310;34;5344;NA;41310;229;2020-11-06;8549
2020-11-05;"Košický kraj";342;330;31;361;NA;41310;373;2020-11-05;8320
2020-11-04;"Košický kraj";101;154;6;160;NA;41310;107;2020-11-04;7947
2020-11-03;"Košický kraj";358;1122;13;1135;NA;41310;371;2020-11-03;7840
2020-11-02;"Košický kraj";111;4368;51;4419;NA;41310;162;2020-11-02;7469
2020-11-01;"Košický kraj";346;6522;34;6556;NA;41310;380;2020-11-01;7307
2020-10-31;"Košický kraj";82;13810;105;13915;NA;41310;187;2020-10-31;6927
2020-10-30;"Košický kraj";379;2835;27;2862;NA;41310;406;2020-10-30;6740
2020-10-29;"Košický kraj";333;983;13;996;NA;41310;346;2020-10-29;6334
2020-10-28;"Košický kraj";224;305;13;318;NA;41310;237;2020-10-28;5988
2020-10-27;"Košický kraj";386;439;21;460;NA;41310;407;2020-10-27;5751
2020-10-26;"Košický kraj";56;206;10;216;NA;41310;66;2020-10-26;5344
2020-10-25;"Košický kraj";154;79;2;81;NA;41310;156;2020-10-25;5278
2020-10-24;"Košický kraj";313;113;15;128;NA;41310;328;2020-10-24;5122
2020-10-23;"Košický kraj";315;331;8;339;NA;41310;323;2020-10-23;4794
2020-10-22;"Košický kraj";349;530;16;546;NA;41310;365;2020-10-22;4471
2020-10-21;"Košický kraj";129;84;2;86;NA;41310;131;2020-10-21;4106
2020-10-20;"Košický kraj";181;14;1;15;NA;41310;182;2020-10-20;3975
2020-10-19;"Košický kraj";64;10;0;10;NA;41310;64;2020-10-19;3793
2020-10-18;"Košický kraj";158;0;0;0;NA;41310;158;2020-10-18;3729
2020-10-17;"Košický kraj";142;0;0;0;NA;41310;142;2020-10-17;3571
2020-10-16;"Košický kraj";206;19;0;19;NA;41310;206;2020-10-16;3429
2020-10-15;"Košický kraj";177;19;5;24;NA;41310;182;2020-10-15;3223
2020-10-14;"Košický kraj";211;8;0;8;NA;41310;211;2020-10-14;3041
2020-10-13;"Košický kraj";179;80;3;83;NA;41310;182;2020-10-13;2830
2020-10-12;"Košický kraj";74;0;0;0;NA;41310;74;2020-10-12;2648
2020-10-11;"Košický kraj";121;0;0;0;NA;41310;121;2020-10-11;2574
2020-10-10;"Košický kraj";70;0;0;0;NA;41310;70;2020-10-10;2453
2020-10-09;"Košický kraj";188;0;0;0;NA;41310;188;2020-10-09;2383
2020-10-08;"Košický kraj";102;0;0;0;NA;41310;102;2020-10-08;2195
2020-10-07;"Košický kraj";158;0;0;0;NA;41310;158;2020-10-07;2093
2020-10-06;"Košický kraj";70;0;0;0;NA;41310;70;2020-10-06;1935
2020-10-05;"Košický kraj";39;0;0;0;NA;41310;39;2020-10-05;1865
2020-10-04;"Košický kraj";45;0;0;0;NA;41310;45;2020-10-04;1826
2020-10-03;"Košický kraj";105;0;0;0;NA;41310;105;2020-10-03;1781
2020-10-02;"Košický kraj";57;0;0;0;NA;41310;57;2020-10-02;1676
2020-10-01;"Košický kraj";69;0;0;0;NA;41310;69;2020-10-01;1619
2020-09-30;"Košický kraj";95;0;0;0;NA;41310;95;2020-09-30;1550
2020-09-29;"Košický kraj";75;0;0;0;NA;41310;75;2020-09-29;1455
2020-09-28;"Košický kraj";19;0;0;0;NA;41310;19;2020-09-28;1380
2020-09-27;"Košický kraj";21;0;0;0;NA;41310;21;2020-09-27;1361
2020-09-26;"Košický kraj";53;0;0;0;NA;41310;53;2020-09-26;1340
2020-09-25;"Košický kraj";72;0;0;0;NA;41310;72;2020-09-25;1287
2020-09-24;"Košický kraj";35;0;0;0;NA;41310;35;2020-09-24;1215
2020-09-23;"Košický kraj";23;0;0;0;NA;41310;23;2020-09-23;1180
2020-09-22;"Košický kraj";39;0;0;0;NA;41310;39;2020-09-22;1157
2020-09-21;"Košický kraj";5;0;0;0;NA;41310;5;2020-09-21;1118
2020-09-20;"Košický kraj";3;0;0;0;NA;41310;3;2020-09-20;1113
2020-09-19;"Košický kraj";13;0;0;0;NA;41310;13;2020-09-19;1110
2020-09-18;"Košický kraj";20;0;0;0;NA;41310;20;2020-09-18;1097
2020-09-17;"Košický kraj";22;0;0;0;NA;41310;22;2020-09-17;1077
2020-09-16;"Košický kraj";12;0;0;0;NA;41310;12;2020-09-16;1055
2020-09-15;"Košický kraj";10;0;0;0;NA;41310;10;2020-09-15;1043
2020-09-14;"Košický kraj";6;0;0;0;NA;41310;6;2020-09-14;1033
2020-09-13;"Košický kraj";3;0;0;0;NA;41310;3;2020-09-13;1027
2020-09-12;"Košický kraj";16;0;0;0;NA;41310;16;2020-09-12;1024
2020-09-11;"Košický kraj";20;0;0;0;NA;41310;20;2020-09-11;1008
2020-09-10;"Košický kraj";11;0;0;0;NA;41310;11;2020-09-10;988
2020-09-09;"Košický kraj";37;0;0;0;NA;41310;37;2020-09-09;977
2020-09-08;"Košický kraj";10;0;0;0;NA;41310;10;2020-09-08;940
2020-09-07;"Košický kraj";4;0;0;0;NA;41310;4;2020-09-07;930
2020-09-06;"Košický kraj";2;0;0;0;NA;41310;2;2020-09-06;926
2020-09-05;"Košický kraj";10;0;0;0;NA;41310;10;2020-09-05;924
2020-09-04;"Košický kraj";14;0;0;0;NA;41310;14;2020-09-04;914
2020-09-03;"Košický kraj";22;0;0;0;NA;41310;22;2020-09-03;900
2021-01-21;"Nitriansky kraj";305;13335;397;13732;27585;55965;702;2021-01-21;55965
2021-01-20;"Nitriansky kraj";326;11001;589;11590;NA;55965;915;2021-01-20;55263
2021-01-19;"Nitriansky kraj";344;10395;599;10994;NA;55965;943;2021-01-19;54348
2021-01-18;"Nitriansky kraj";367;18335;945;19280;NA;55965;1312;2021-01-18;53405
2021-01-17;"Nitriansky kraj";97;30350;437;30787;NA;55965;534;2021-01-17;52093
2021-01-16;"Nitriansky kraj";64;9465;318;9783;NA;55965;382;2021-01-16;51559
2021-01-15;"Nitriansky kraj";373;15267;472;15739;NA;55965;845;2021-01-15;51177
2021-01-14;"Nitriansky kraj";627;10404;449;10853;NA;55965;1076;2021-01-14;50332
2021-01-13;"Nitriansky kraj";663;9069;771;9840;NA;55965;1434;2021-01-13;49256
2021-01-12;"Nitriansky kraj";642;9201;594;9795;NA;55965;1236;2021-01-12;47822
2021-01-11;"Nitriansky kraj";422;20593;866;21459;NA;55965;1288;2021-01-11;46586
2021-01-10;"Nitriansky kraj";44;32806;1049;33855;NA;55965;1093;2021-01-10;45298
2021-01-09;"Nitriansky kraj";532;10604;392;10996;NA;55965;924;2021-01-09;44205
2021-01-08;"Nitriansky kraj";817;13486;690;14176;NA;55965;1507;2021-01-08;43281
2021-01-07;"Nitriansky kraj";438;11508;755;12263;NA;55965;1193;2021-01-07;41774
2021-01-06;"Nitriansky kraj";259;2822;457;3279;NA;55965;716;2021-01-06;40581
2021-01-05;"Nitriansky kraj";732;8815;1204;10019;NA;55965;1936;2021-01-05;39865
2021-01-04;"Nitriansky kraj";362;8852;1333;10185;NA;55965;1695;2021-01-04;37929
2021-01-03;"Nitriansky kraj";42;84;20;104;NA;55965;62;2021-01-03;36234
2021-01-02;"Nitriansky kraj";249;1582;34;1616;NA;55965;283;2021-01-02;36172
2021-01-01;"Nitriansky kraj";119;671;94;765;NA;55965;213;2021-01-01;35889
2020-12-31;"Nitriansky kraj";786;6146;706;6852;NA;55965;1492;2020-12-31;35676
2020-12-30;"Nitriansky kraj";1094;8641;1098;9739;NA;55965;2192;2020-12-30;34184
2020-12-29;"Nitriansky kraj";607;7870;1245;9115;NA;55965;1852;2020-12-29;31992
2020-12-28;"Nitriansky kraj";83;6881;1271;8152;NA;55965;1354;2020-12-28;30140
2020-12-27;"Nitriansky kraj";22;36;2;38;NA;55965;24;2020-12-27;28786
2020-12-26;"Nitriansky kraj";54;297;56;353;NA;55965;110;2020-12-26;28762
2020-12-25;"Nitriansky kraj";35;47;5;52;NA;55965;40;2020-12-25;28652
2020-12-24;"Nitriansky kraj";514;1861;176;2037;NA;55965;690;2020-12-24;28612
2020-12-23;"Nitriansky kraj";349;15214;843;16057;NA;55965;1192;2020-12-23;27922
2020-12-22;"Nitriansky kraj";673;10915;994;11909;NA;55965;1667;2020-12-22;26730
2020-12-21;"Nitriansky kraj";128;7719;976;8695;NA;55965;1104;2020-12-21;25063
2020-12-20;"Nitriansky kraj";77;50;10;60;NA;55965;87;2020-12-20;23959
2020-12-19;"Nitriansky kraj";262;2449;169;2618;NA;55965;431;2020-12-19;23872
2020-12-18;"Nitriansky kraj";512;8130;541;8671;NA;55965;1053;2020-12-18;23441
2020-12-17;"Nitriansky kraj";586;6705;514;7219;NA;55965;1100;2020-12-17;22388
2020-12-16;"Nitriansky kraj";357;8265;513;8778;NA;55965;870;2020-12-16;21288
2020-12-15;"Nitriansky kraj";461;9365;769;10134;NA;55965;1230;2020-12-15;20418
2020-12-14;"Nitriansky kraj";217;8414;888;9302;NA;55965;1105;2020-12-14;19188
2020-12-13;"Nitriansky kraj";12;9;1;10;NA;55965;13;2020-12-13;18083
2020-12-12;"Nitriansky kraj";341;1832;125;1957;NA;55965;466;2020-12-12;18070
2020-12-11;"Nitriansky kraj";409;5976;454;6430;NA;55965;863;2020-12-11;17604
2020-12-10;"Nitriansky kraj";360;5030;326;5356;NA;55965;686;2020-12-10;16741
2020-12-09;"Nitriansky kraj";362;5726;542;6268;NA;55965;904;2020-12-09;16055
2020-12-08;"Nitriansky kraj";340;8766;611;9377;NA;55965;951;2020-12-08;15151
2020-12-07;"Nitriansky kraj";139;6243;573;6816;NA;55965;712;2020-12-07;14200
2020-12-06;"Nitriansky kraj";15;89;4;93;NA;55965;19;2020-12-06;13488
2020-12-05;"Nitriansky kraj";136;618;14;632;NA;55965;150;2020-12-05;13469
2020-12-04;"Nitriansky kraj";232;3047;86;3133;NA;55965;318;2020-12-04;13319
2020-12-03;"Nitriansky kraj";248;2599;127;2726;NA;55965;375;2020-12-03;13001
2020-12-02;"Nitriansky kraj";252;3733;163;3896;NA;55965;415;2020-12-02;12626
2020-12-01;"Nitriansky kraj";331;2940;134;3074;NA;55965;465;2020-12-01;12211
2020-11-30;"Nitriansky kraj";91;4232;143;4375;NA;55965;234;2020-11-30;11746
2020-11-29;"Nitriansky kraj";3;620;42;662;NA;55965;45;2020-11-29;11512
2020-11-28;"Nitriansky kraj";135;892;31;923;NA;55965;166;2020-11-28;11467
2020-11-27;"Nitriansky kraj";177;1229;43;1272;NA;55965;220;2020-11-27;11301
2020-11-26;"Nitriansky kraj";191;2262;57;2319;NA;55965;248;2020-11-26;11081
2020-11-25;"Nitriansky kraj";325;1993;66;2059;NA;55965;391;2020-11-25;10833
2020-11-24;"Nitriansky kraj";147;1141;50;1191;NA;55965;197;2020-11-24;10442
2020-11-23;"Nitriansky kraj";102;9562;206;9768;NA;55965;308;2020-11-23;10245
2020-11-22;"Nitriansky kraj";7;0;0;0;NA;55965;7;2020-11-22;9937
2020-11-21;"Nitriansky kraj";86;1083;38;1121;NA;55965;124;2020-11-21;9930
2020-11-20;"Nitriansky kraj";264;4020;101;4121;NA;55965;365;2020-11-20;9806
2020-11-19;"Nitriansky kraj";185;2953;133;3086;NA;55965;318;2020-11-19;9441
2020-11-18;"Nitriansky kraj";188;2109;77;2186;NA;55965;265;2020-11-18;9123
2020-11-17;"Nitriansky kraj";178;596;29;625;NA;55965;207;2020-11-17;8858
2020-11-16;"Nitriansky kraj";139;1836;75;1911;NA;55965;214;2020-11-16;8651
2020-11-15;"Nitriansky kraj";14;10;1;11;NA;55965;15;2020-11-15;8437
2020-11-14;"Nitriansky kraj";114;1131;32;1163;NA;55965;146;2020-11-14;8422
2020-11-13;"Nitriansky kraj";210;936;46;982;NA;55965;256;2020-11-13;8276
2020-11-12;"Nitriansky kraj";256;1195;35;1230;NA;55965;291;2020-11-12;8020
2020-11-11;"Nitriansky kraj";279;1247;22;1269;NA;55965;301;2020-11-11;7729
2020-11-10;"Nitriansky kraj";192;2623;39;2662;NA;55965;231;2020-11-10;7428
2020-11-09;"Nitriansky kraj";128;3136;43;3179;NA;55965;171;2020-11-09;7197
2020-11-08;"Nitriansky kraj";43;1462;32;1494;NA;55965;75;2020-11-08;7026
2020-11-07;"Nitriansky kraj";130;1046;4;1050;NA;55965;134;2020-11-07;6951
2020-11-06;"Nitriansky kraj";210;2264;32;2296;NA;55965;242;2020-11-06;6817
2020-11-05;"Nitriansky kraj";178;312;14;326;NA;55965;192;2020-11-05;6575
2020-11-04;"Nitriansky kraj";211;297;16;313;NA;55965;227;2020-11-04;6383
2020-11-03;"Nitriansky kraj";216;435;25;460;NA;55965;241;2020-11-03;6156
2020-11-02;"Nitriansky kraj";171;4208;46;4254;NA;55965;217;2020-11-02;5915
2020-11-01;"Nitriansky kraj";130;2546;27;2573;NA;55965;157;2020-11-01;5698
2020-10-31;"Nitriansky kraj";261;10466;134;10600;NA;55965;395;2020-10-31;5541
2020-10-30;"Nitriansky kraj";204;2380;21;2401;NA;55965;225;2020-10-30;5146
2020-10-29;"Nitriansky kraj";293;841;39;880;NA;55965;332;2020-10-29;4921
2020-10-28;"Nitriansky kraj";216;608;59;667;NA;55965;275;2020-10-28;4589
2020-10-27;"Nitriansky kraj";296;550;47;597;NA;55965;343;2020-10-27;4314
2020-10-26;"Nitriansky kraj";69;633;56;689;NA;55965;125;2020-10-26;3971
2020-10-25;"Nitriansky kraj";50;40;6;46;NA;55965;56;2020-10-25;3846
2020-10-24;"Nitriansky kraj";169;237;11;248;NA;55965;180;2020-10-24;3790
2020-10-23;"Nitriansky kraj";282;762;41;803;NA;55965;323;2020-10-23;3610
2020-10-22;"Nitriansky kraj";137;444;39;483;NA;55965;176;2020-10-22;3287
2020-10-21;"Nitriansky kraj";146;208;3;211;NA;55965;149;2020-10-21;3111
2020-10-20;"Nitriansky kraj";197;78;6;84;NA;55965;203;2020-10-20;2962
2020-10-19;"Nitriansky kraj";148;79;1;80;NA;55965;149;2020-10-19;2759
2020-10-18;"Nitriansky kraj";22;0;0;0;NA;55965;22;2020-10-18;2610
2020-10-17;"Nitriansky kraj";67;0;0;0;NA;55965;67;2020-10-17;2588
2020-10-16;"Nitriansky kraj";133;28;3;31;NA;55965;136;2020-10-16;2521
2020-10-15;"Nitriansky kraj";106;31;2;33;NA;55965;108;2020-10-15;2385
2020-10-14;"Nitriansky kraj";80;22;4;26;NA;55965;84;2020-10-14;2277
2020-10-13;"Nitriansky kraj";101;82;2;84;NA;55965;103;2020-10-13;2193
2020-10-12;"Nitriansky kraj";36;0;0;0;NA;55965;36;2020-10-12;2090
2020-10-11;"Nitriansky kraj";8;0;0;0;NA;55965;8;2020-10-11;2054
2020-10-10;"Nitriansky kraj";107;0;0;0;NA;55965;107;2020-10-10;2046
2020-10-09;"Nitriansky kraj";120;0;0;0;NA;55965;120;2020-10-09;1939
2020-10-08;"Nitriansky kraj";132;0;0;0;NA;55965;132;2020-10-08;1819
2020-10-07;"Nitriansky kraj";81;0;0;0;NA;55965;81;2020-10-07;1687
2020-10-06;"Nitriansky kraj";48;0;0;0;NA;55965;48;2020-10-06;1606
2020-10-05;"Nitriansky kraj";20;0;0;0;NA;55965;20;2020-10-05;1558
2020-10-04;"Nitriansky kraj";17;0;0;0;NA;55965;17;2020-10-04;1538
2020-10-03;"Nitriansky kraj";96;0;0;0;NA;55965;96;2020-10-03;1521
2020-10-02;"Nitriansky kraj";108;0;0;0;NA;55965;108;2020-10-02;1425
2020-10-01;"Nitriansky kraj";95;0;0;0;NA;55965;95;2020-10-01;1317
2020-09-30;"Nitriansky kraj";100;0;0;0;NA;55965;100;2020-09-30;1222
2020-09-29;"Nitriansky kraj";50;0;0;0;NA;55965;50;2020-09-29;1122
2020-09-28;"Nitriansky kraj";22;0;0;0;NA;55965;22;2020-09-28;1072
2020-09-27;"Nitriansky kraj";16;0;0;0;NA;55965;16;2020-09-27;1050
2020-09-26;"Nitriansky kraj";64;0;0;0;NA;55965;64;2020-09-26;1034
2020-09-25;"Nitriansky kraj";90;0;0;0;NA;55965;90;2020-09-25;970
2020-09-24;"Nitriansky kraj";51;0;0;0;NA;55965;51;2020-09-24;880
2020-09-23;"Nitriansky kraj";70;0;0;0;NA;55965;70;2020-09-23;829
2020-09-22;"Nitriansky kraj";18;0;0;0;NA;55965;18;2020-09-22;759
2020-09-21;"Nitriansky kraj";10;0;0;0;NA;55965;10;2020-09-21;741
2020-09-20;"Nitriansky kraj";4;0;0;0;NA;55965;4;2020-09-20;731
2020-09-19;"Nitriansky kraj";14;0;0;0;NA;55965;14;2020-09-19;727
2020-09-18;"Nitriansky kraj";19;0;0;0;NA;55965;19;2020-09-18;713
2020-09-17;"Nitriansky kraj";30;0;0;0;NA;55965;30;2020-09-17;694
2020-09-16;"Nitriansky kraj";6;0;0;0;NA;55965;6;2020-09-16;664
2020-09-15;"Nitriansky kraj";19;0;0;0;NA;55965;19;2020-09-15;658
2020-09-14;"Nitriansky kraj";28;0;0;0;NA;55965;28;2020-09-14;639
2020-09-13;"Nitriansky kraj";3;0;0;0;NA;55965;3;2020-09-13;611
2020-09-12;"Nitriansky kraj";12;0;0;0;NA;55965;12;2020-09-12;608
2020-09-11;"Nitriansky kraj";23;0;0;0;NA;55965;23;2020-09-11;596
2020-09-10;"Nitriansky kraj";29;0;0;0;NA;55965;29;2020-09-10;573
2020-09-09;"Nitriansky kraj";19;0;0;0;NA;55965;19;2020-09-09;544
2020-09-08;"Nitriansky kraj";17;0;0;0;NA;55965;17;2020-09-08;525
2020-09-07;"Nitriansky kraj";17;0;0;0;NA;55965;17;2020-09-07;508
2020-09-05;"Nitriansky kraj";22;0;0;0;NA;55965;22;2020-09-05;491
2020-09-04;"Nitriansky kraj";34;0;0;0;NA;55965;34;2020-09-04;469
2020-09-03;"Nitriansky kraj";15;0;0;0;NA;55965;15;2020-09-03;435
2021-01-21;"Prešovský kraj";187;17304;138;17442;37106;60589;325;2021-01-21;60589
2021-01-20;"Prešovský kraj";253;12388;173;12561;NA;60589;426;2021-01-20;60264
2021-01-19;"Prešovský kraj";281;10375;278;10653;NA;60589;559;2021-01-19;59838
2021-01-18;"Prešovský kraj";203;9130;299;9429;NA;60589;502;2021-01-18;59279
2021-01-17;"Prešovský kraj";107;80;6;86;NA;60589;113;2021-01-17;58777
2021-01-16;"Prešovský kraj";72;1371;63;1434;NA;60589;135;2021-01-16;58664
2021-01-15;"Prešovský kraj";159;6476;211;6687;NA;60589;370;2021-01-15;58529
2021-01-14;"Prešovský kraj";268;5254;239;5493;NA;60589;507;2021-01-14;58159
2021-01-13;"Prešovský kraj";342;5130;206;5336;NA;60589;548;2021-01-13;57652
2021-01-12;"Prešovský kraj";455;8098;370;8468;NA;60589;825;2021-01-12;57104
2021-01-11;"Prešovský kraj";343;7115;428;7543;NA;60589;771;2021-01-11;56279
2021-01-10;"Prešovský kraj";63;486;23;509;NA;60589;86;2021-01-10;55508
2021-01-09;"Prešovský kraj";439;2248;125;2373;NA;60589;564;2021-01-09;55422
2021-01-08;"Prešovský kraj";430;9636;747;10383;NA;60589;1177;2021-01-08;54858
2021-01-07;"Prešovský kraj";268;7387;621;8008;NA;60589;889;2021-01-07;53681
2021-01-06;"Prešovský kraj";315;1259;101;1360;NA;60589;416;2021-01-06;52792
2021-01-05;"Prešovský kraj";655;11094;947;12041;NA;60589;1602;2021-01-05;52376
2021-01-04;"Prešovský kraj";371;16392;1688;18080;NA;60589;2059;2021-01-04;50774
2021-01-03;"Prešovský kraj";89;257;37;294;NA;60589;126;2021-01-03;48715
2021-01-02;"Prešovský kraj";65;1559;160;1719;NA;60589;225;2021-01-02;48589
2021-01-01;"Prešovský kraj";174;914;70;984;NA;60589;244;2021-01-01;48364
2020-12-31;"Prešovský kraj";640;11208;695;11903;NA;60589;1335;2020-12-31;48120
2020-12-30;"Prešovský kraj";729;8297;715;9012;NA;60589;1444;2020-12-30;46785
2020-12-29;"Prešovský kraj";435;8286;863;9149;NA;60589;1298;2020-12-29;45341
2020-12-28;"Prešovský kraj";393;8292;1020;9312;NA;60589;1413;2020-12-28;44043
2020-12-27;"Prešovský kraj";40;571;39;610;NA;60589;79;2020-12-27;42630
2020-12-26;"Prešovský kraj";64;176;12;188;NA;60589;76;2020-12-26;42551
2020-12-25;"Prešovský kraj";208;273;13;286;NA;60589;221;2020-12-25;42475
2020-12-24;"Prešovský kraj";452;1214;85;1299;NA;60589;537;2020-12-24;42254
2020-12-23;"Prešovský kraj";361;9882;760;10642;NA;60589;1121;2020-12-23;41717
2020-12-22;"Prešovský kraj";439;8972;671;9643;NA;60589;1110;2020-12-22;40596
2020-12-21;"Prešovský kraj";432;9370;820;10190;NA;60589;1252;2020-12-21;39486
2020-12-20;"Prešovský kraj";184;396;20;416;NA;60589;204;2020-12-20;38234
2020-12-19;"Prešovský kraj";276;1658;151;1809;NA;60589;427;2020-12-19;38030
2020-12-18;"Prešovský kraj";396;8850;599;9449;NA;60589;995;2020-12-18;37603
2020-12-17;"Prešovský kraj";427;10826;891;11717;NA;60589;1318;2020-12-17;36608
2020-12-16;"Prešovský kraj";466;5987;508;6495;NA;60589;974;2020-12-16;35290
2020-12-15;"Prešovský kraj";411;5685;584;6269;NA;60589;995;2020-12-15;34316
2020-12-14;"Prešovský kraj";334;5767;508;6275;NA;60589;842;2020-12-14;33321
2020-12-13;"Prešovský kraj";89;29;8;37;NA;60589;97;2020-12-13;32479
2020-12-12;"Prešovský kraj";319;2474;166;2640;NA;60589;485;2020-12-12;32382
2020-12-11;"Prešovský kraj";560;6042;418;6460;NA;60589;978;2020-12-11;31897
2020-12-10;"Prešovský kraj";337;5180;440;5620;NA;60589;777;2020-12-10;30919
2020-12-09;"Prešovský kraj";358;3646;270;3916;NA;60589;628;2020-12-09;30142
2020-12-08;"Prešovský kraj";350;6436;647;7083;NA;60589;997;2020-12-08;29514
2020-12-07;"Prešovský kraj";309;3639;337;3976;NA;60589;646;2020-12-07;28517
2020-12-06;"Prešovský kraj";59;358;26;384;NA;60589;85;2020-12-06;27871
2020-12-05;"Prešovský kraj";218;984;87;1071;NA;60589;305;2020-12-05;27786
2020-12-04;"Prešovský kraj";352;4471;281;4752;NA;60589;633;2020-12-04;27481
2020-12-03;"Prešovský kraj";284;2900;202;3102;NA;60589;486;2020-12-03;26848
2020-12-02;"Prešovský kraj";232;3341;235;3576;NA;60589;467;2020-12-02;26362
2020-12-01;"Prešovský kraj";281;2341;213;2554;NA;60589;494;2020-12-01;25895
2020-11-30;"Prešovský kraj";196;5821;110;5931;NA;60589;306;2020-11-30;25401
2020-11-29;"Prešovský kraj";27;379;42;421;NA;60589;69;2020-11-29;25095
2020-11-28;"Prešovský kraj";199;682;62;744;NA;60589;261;2020-11-28;25026
2020-11-27;"Prešovský kraj";232;2135;119;2254;NA;60589;351;2020-11-27;24765
2020-11-26;"Prešovský kraj";263;2787;312;3099;NA;60589;575;2020-11-26;24414
2020-11-25;"Prešovský kraj";302;1642;78;1720;NA;60589;380;2020-11-25;23839
2020-11-24;"Prešovský kraj";365;1662;140;1802;NA;60589;505;2020-11-24;23459
2020-11-23;"Prešovský kraj";164;842;42;884;NA;60589;206;2020-11-23;22954
2020-11-22;"Prešovský kraj";46;30;1;31;NA;60589;47;2020-11-22;22748
2020-11-21;"Prešovský kraj";205;689;57;746;NA;60589;262;2020-11-21;22701
2020-11-20;"Prešovský kraj";363;2063;98;2161;NA;60589;461;2020-11-20;22439
2020-11-19;"Prešovský kraj";359;1973;229;2202;NA;60589;588;2020-11-19;21978
2020-11-18;"Prešovský kraj";270;391;32;423;NA;60589;302;2020-11-18;21390
2020-11-17;"Prešovský kraj";347;151;17;168;NA;60589;364;2020-11-17;21088
2020-11-16;"Prešovský kraj";226;382;51;433;NA;60589;277;2020-11-16;20724
2020-11-15;"Prešovský kraj";186;39;4;43;NA;60589;190;2020-11-15;20447
2020-11-14;"Prešovský kraj";261;54;4;58;NA;60589;265;2020-11-14;20257
2020-11-13;"Prešovský kraj";395;166;8;174;NA;60589;403;2020-11-13;19992
2020-11-12;"Prešovský kraj";397;229;50;279;NA;60589;447;2020-11-12;19589
2020-11-11;"Prešovský kraj";516;161;15;176;NA;60589;531;2020-11-11;19142
2020-11-10;"Prešovský kraj";437;197;9;206;NA;60589;446;2020-11-10;18611
2020-11-09;"Prešovský kraj";190;4106;945;5051;NA;60589;1135;2020-11-09;18165
2020-11-08;"Prešovský kraj";97;2817;32;2849;NA;60589;129;2020-11-08;17030
2020-11-07;"Prešovský kraj";416;8578;81;8659;NA;60589;497;2020-11-07;16901
2020-11-06;"Prešovský kraj";520;4791;76;4867;NA;60589;596;2020-11-06;16404
2020-11-05;"Prešovský kraj";397;180;5;185;NA;60589;402;2020-11-05;15808
2020-11-04;"Prešovský kraj";350;807;8;815;NA;60589;358;2020-11-04;15406
2020-11-03;"Prešovský kraj";565;98;12;110;NA;60589;577;2020-11-03;15048
2020-11-02;"Prešovský kraj";203;4158;1004;5162;NA;60589;1207;2020-11-02;14471
2020-11-01;"Prešovský kraj";386;2906;53;2959;NA;60589;439;2020-11-01;13264
2020-10-31;"Prešovský kraj";315;10497;170;10667;NA;60589;485;2020-10-31;12825
2020-10-30;"Prešovský kraj";552;2949;65;3014;NA;60589;617;2020-10-30;12340
2020-10-29;"Prešovský kraj";594;301;38;339;NA;60589;632;2020-10-29;11723
2020-10-28;"Prešovský kraj";617;291;46;337;NA;60589;663;2020-10-28;11091
2020-10-27;"Prešovský kraj";656;268;34;302;NA;60589;690;2020-10-27;10428
2020-10-26;"Prešovský kraj";137;363;57;420;NA;60589;194;2020-10-26;9738
2020-10-25;"Prešovský kraj";237;346;11;357;NA;60589;248;2020-10-25;9544
2020-10-24;"Prešovský kraj";719;200;12;212;NA;60589;731;2020-10-24;9296
2020-10-23;"Prešovský kraj";750;218;8;226;NA;60589;758;2020-10-23;8565
2020-10-22;"Prešovský kraj";646;396;30;426;NA;60589;676;2020-10-22;7807
2020-10-21;"Prešovský kraj";383;58;8;66;NA;60589;391;2020-10-21;7131
2020-10-20;"Prešovský kraj";493;65;7;72;NA;60589;500;2020-10-20;6740
2020-10-19;"Prešovský kraj";140;235;15;250;NA;60589;155;2020-10-19;6240
2020-10-18;"Prešovský kraj";209;0;0;0;NA;60589;209;2020-10-18;6085
2020-10-17;"Prešovský kraj";342;0;0;0;NA;60589;342;2020-10-17;5876
2020-10-16;"Prešovský kraj";388;57;3;60;NA;60589;391;2020-10-16;5534
2020-10-15;"Prešovský kraj";435;85;18;103;NA;60589;453;2020-10-15;5143
2020-10-14;"Prešovský kraj";451;54;10;64;NA;60589;461;2020-10-14;4690
2020-10-13;"Prešovský kraj";264;50;6;56;NA;60589;270;2020-10-13;4229
2020-10-12;"Prešovský kraj";214;334;35;369;NA;60589;249;2020-10-12;3959
2020-10-11;"Prešovský kraj";127;0;0;0;NA;60589;127;2020-10-11;3710
2020-10-10;"Prešovský kraj";248;0;0;0;NA;60589;248;2020-10-10;3583
2020-10-09;"Prešovský kraj";406;0;0;0;NA;60589;406;2020-10-09;3335
2020-10-08;"Prešovský kraj";245;0;0;0;NA;60589;245;2020-10-08;2929
2020-10-07;"Prešovský kraj";244;0;0;0;NA;60589;244;2020-10-07;2684
2020-10-06;"Prešovský kraj";166;0;0;0;NA;60589;166;2020-10-06;2440
2020-10-05;"Prešovský kraj";84;0;0;0;NA;60589;84;2020-10-05;2274
2020-10-04;"Prešovský kraj";118;0;0;0;NA;60589;118;2020-10-04;2190
2020-10-03;"Prešovský kraj";204;0;0;0;NA;60589;204;2020-10-03;2072
2020-10-02;"Prešovský kraj";149;0;0;0;NA;60589;149;2020-10-02;1868
2020-10-01;"Prešovský kraj";136;0;0;0;NA;60589;136;2020-10-01;1719
2020-09-30;"Prešovský kraj";121;0;0;0;NA;60589;121;2020-09-30;1583
2020-09-29;"Prešovský kraj";156;0;0;0;NA;60589;156;2020-09-29;1462
2020-09-28;"Prešovský kraj";51;0;0;0;NA;60589;51;2020-09-28;1306
2020-09-27;"Prešovský kraj";10;0;0;0;NA;60589;10;2020-09-27;1255
2020-09-26;"Prešovský kraj";72;0;0;0;NA;60589;72;2020-09-26;1245
2020-09-25;"Prešovský kraj";91;0;0;0;NA;60589;91;2020-09-25;1173
2020-09-24;"Prešovský kraj";52;0;0;0;NA;60589;52;2020-09-24;1082
2020-09-23;"Prešovský kraj";55;0;0;0;NA;60589;55;2020-09-23;1030
2020-09-22;"Prešovský kraj";29;0;0;0;NA;60589;29;2020-09-22;975
2020-09-21;"Prešovský kraj";14;0;0;0;NA;60589;14;2020-09-21;946
2020-09-20;"Prešovský kraj";5;0;0;0;NA;60589;5;2020-09-20;932
2020-09-19;"Prešovský kraj";12;0;0;0;NA;60589;12;2020-09-19;927
2020-09-18;"Prešovský kraj";29;0;0;0;NA;60589;29;2020-09-18;915
2020-09-17;"Prešovský kraj";25;0;0;0;NA;60589;25;2020-09-17;886
2020-09-16;"Prešovský kraj";8;0;0;0;NA;60589;8;2020-09-16;861
2020-09-15;"Prešovský kraj";10;0;0;0;NA;60589;10;2020-09-15;853
2020-09-14;"Prešovský kraj";47;0;0;0;NA;60589;47;2020-09-14;843
2020-09-13;"Prešovský kraj";3;0;0;0;NA;60589;3;2020-09-13;796
2020-09-12;"Prešovský kraj";4;0;0;0;NA;60589;4;2020-09-12;793
2020-09-11;"Prešovský kraj";15;0;0;0;NA;60589;15;2020-09-11;789
2020-09-10;"Prešovský kraj";10;0;0;0;NA;60589;10;2020-09-10;774
2020-09-09;"Prešovský kraj";21;0;0;0;NA;60589;21;2020-09-09;764
2020-09-08;"Prešovský kraj";23;0;0;0;NA;60589;23;2020-09-08;743
2020-09-07;"Prešovský kraj";5;0;0;0;NA;60589;5;2020-09-07;720
2020-09-06;"Prešovský kraj";3;0;0;0;NA;60589;3;2020-09-06;715
2020-09-05;"Prešovský kraj";7;0;0;0;NA;60589;7;2020-09-05;712
2020-09-04;"Prešovský kraj";24;0;0;0;NA;60589;24;2020-09-04;705
2020-09-03;"Prešovský kraj";8;0;0;0;NA;60589;8;2020-09-03;681
2021-01-21;"Trenčiansky kraj";143;7709;180;7889;32362;52607;323;2021-01-21;52607
2021-01-20;"Trenčiansky kraj";181;7771;236;8007;NA;52607;417;2021-01-20;52284
2021-01-19;"Trenčiansky kraj";363;5378;247;5625;NA;52607;610;2021-01-19;51867
2021-01-18;"Trenčiansky kraj";72;4103;249;4352;NA;52607;321;2021-01-18;51257
2021-01-17;"Trenčiansky kraj";124;49;10;59;NA;52607;134;2021-01-17;50936
2021-01-16;"Trenčiansky kraj";39;1180;71;1251;NA;52607;110;2021-01-16;50802
2021-01-15;"Trenčiansky kraj";264;3369;198;3567;NA;52607;462;2021-01-15;50692
2021-01-14;"Trenčiansky kraj";275;2984;154;3138;NA;52607;429;2021-01-14;50230
2021-01-13;"Trenčiansky kraj";222;4175;237;4412;NA;52607;459;2021-01-13;49801
2021-01-12;"Trenčiansky kraj";508;4807;294;5101;NA;52607;802;2021-01-12;49342
2021-01-11;"Trenčiansky kraj";142;3599;288;3887;NA;52607;430;2021-01-11;48540
2021-01-10;"Trenčiansky kraj";89;4939;76;5015;NA;52607;165;2021-01-10;48110
2021-01-09;"Trenčiansky kraj";276;8474;143;8617;NA;52607;419;2021-01-09;47945
2021-01-08;"Trenčiansky kraj";489;6151;444;6595;NA;52607;933;2021-01-08;47526
2021-01-07;"Trenčiansky kraj";420;5990;558;6548;NA;52607;978;2021-01-07;46593
2021-01-06;"Trenčiansky kraj";221;1268;86;1354;NA;52607;307;2021-01-06;45615
2021-01-05;"Trenčiansky kraj";669;5808;803;6611;NA;52607;1472;2021-01-05;45308
2021-01-04;"Trenčiansky kraj";337;4308;615;4923;NA;52607;952;2021-01-04;43836
2021-01-03;"Trenčiansky kraj";38;60;13;73;NA;52607;51;2021-01-03;42884
2021-01-02;"Trenčiansky kraj";129;140;23;163;NA;52607;152;2021-01-02;42833
2021-01-01;"Trenčiansky kraj";329;588;41;629;NA;52607;370;2021-01-01;42681
2020-12-31;"Trenčiansky kraj";597;4848;548;5396;NA;52607;1145;2020-12-31;42311
2020-12-30;"Trenčiansky kraj";836;6373;712;7085;NA;52607;1548;2020-12-30;41166
2020-12-29;"Trenčiansky kraj";459;5981;1007;6988;NA;52607;1466;2020-12-29;39618
2020-12-28;"Trenčiansky kraj";258;3512;699;4211;NA;52607;957;2020-12-28;38152
2020-12-27;"Trenčiansky kraj";5;202;36;238;NA;52607;41;2020-12-27;37195
2020-12-26;"Trenčiansky kraj";174;74;10;84;NA;52607;184;2020-12-26;37154
2020-12-25;"Trenčiansky kraj";251;325;47;372;NA;52607;298;2020-12-25;36970
2020-12-24;"Trenčiansky kraj";552;2455;266;2721;NA;52607;818;2020-12-24;36672
2020-12-23;"Trenčiansky kraj";421;6161;622;6783;NA;52607;1043;2020-12-23;35854
2020-12-22;"Trenčiansky kraj";673;5560;690;6250;NA;52607;1363;2020-12-22;34811
2020-12-21;"Trenčiansky kraj";248;13521;988;14509;NA;52607;1236;2020-12-21;33448
2020-12-20;"Trenčiansky kraj";238;12480;291;12771;NA;52607;529;2020-12-20;32212
2020-12-19;"Trenčiansky kraj";341;1846;165;2011;NA;52607;506;2020-12-19;31683
2020-12-18;"Trenčiansky kraj";521;4331;531;4862;NA;52607;1052;2020-12-18;31177
2020-12-17;"Trenčiansky kraj";670;3790;526;4316;NA;52607;1196;2020-12-17;30125
2020-12-16;"Trenčiansky kraj";461;4320;612;4932;NA;52607;1073;2020-12-16;28929
2020-12-15;"Trenčiansky kraj";595;3344;632;3976;NA;52607;1227;2020-12-15;27856
2020-12-14;"Trenčiansky kraj";318;2481;573;3054;NA;52607;891;2020-12-14;26629
2020-12-13;"Trenčiansky kraj";77;24;4;28;NA;52607;81;2020-12-13;25738
2020-12-12;"Trenčiansky kraj";314;1214;141;1355;NA;52607;455;2020-12-12;25657
2020-12-11;"Trenčiansky kraj";750;3578;483;4061;NA;52607;1233;2020-12-11;25202
2020-12-10;"Trenčiansky kraj";271;3324;448;3772;NA;52607;719;2020-12-10;23969
2020-12-09;"Trenčiansky kraj";508;4209;524;4733;NA;52607;1032;2020-12-09;23250
2020-12-08;"Trenčiansky kraj";546;3833;565;4398;NA;52607;1111;2020-12-08;22218
2020-12-07;"Trenčiansky kraj";258;3655;435;4090;NA;52607;693;2020-12-07;21107
2020-12-06;"Trenčiansky kraj";114;179;10;189;NA;52607;124;2020-12-06;20414
2020-12-05;"Trenčiansky kraj";223;904;71;975;NA;52607;294;2020-12-05;20290
2020-12-04;"Trenčiansky kraj";253;2543;208;2751;NA;52607;461;2020-12-04;19996
2020-12-03;"Trenčiansky kraj";503;1606;197;1803;NA;52607;700;2020-12-03;19535
2020-12-02;"Trenčiansky kraj";418;1895;234;2129;NA;52607;652;2020-12-02;18835
2020-12-01;"Trenčiansky kraj";321;5652;352;6004;NA;52607;673;2020-12-01;18183
2020-11-30;"Trenčiansky kraj";167;8546;463;9009;NA;52607;630;2020-11-30;17510
2020-11-29;"Trenčiansky kraj";29;18;2;20;NA;52607;31;2020-11-29;16880
2020-11-28;"Trenčiansky kraj";202;1051;93;1144;NA;52607;295;2020-11-28;16849
2020-11-27;"Trenčiansky kraj";330;1584;171;1755;NA;52607;501;2020-11-27;16554
2020-11-26;"Trenčiansky kraj";395;1252;122;1374;NA;52607;517;2020-11-26;16053
2020-11-25;"Trenčiansky kraj";322;1444;160;1604;NA;52607;482;2020-11-25;15536
2020-11-24;"Trenčiansky kraj";348;2553;308;2861;NA;52607;656;2020-11-24;15054
2020-11-23;"Trenčiansky kraj";159;1186;122;1308;NA;52607;281;2020-11-23;14398
2020-11-22;"Trenčiansky kraj";26;11;1;12;NA;52607;27;2020-11-22;14117
2020-11-21;"Trenčiansky kraj";255;1323;62;1385;NA;52607;317;2020-11-21;14090
2020-11-20;"Trenčiansky kraj";316;861;93;954;NA;52607;409;2020-11-20;13773
2020-11-19;"Trenčiansky kraj";316;740;113;853;NA;52607;429;2020-11-19;13364
2020-11-18;"Trenčiansky kraj";233;379;66;445;NA;52607;299;2020-11-18;12935
2020-11-17;"Trenčiansky kraj";222;106;15;121;NA;52607;237;2020-11-17;12636
2020-11-16;"Trenčiansky kraj";245;236;45;281;NA;52607;290;2020-11-16;12399
2020-11-15;"Trenčiansky kraj";109;29;6;35;NA;52607;115;2020-11-15;12109
2020-11-14;"Trenčiansky kraj";190;74;11;85;NA;52607;201;2020-11-14;11994
2020-11-13;"Trenčiansky kraj";308;131;13;144;NA;52607;321;2020-11-13;11793
2020-11-12;"Trenčiansky kraj";324;124;5;129;NA;52607;329;2020-11-12;11472
2020-11-11;"Trenčiansky kraj";366;113;10;123;NA;52607;376;2020-11-11;11143
2020-11-10;"Trenčiansky kraj";277;106;6;112;NA;52607;283;2020-11-10;10767
2020-11-09;"Trenčiansky kraj";115;1407;48;1455;NA;52607;163;2020-11-09;10484
2020-11-08;"Trenčiansky kraj";81;1223;8;1231;NA;52607;89;2020-11-08;10321
2020-11-07;"Trenčiansky kraj";319;3662;59;3721;NA;52607;378;2020-11-07;10232
2020-11-06;"Trenčiansky kraj";383;6893;84;6977;NA;52607;467;2020-11-06;9854
2020-11-05;"Trenčiansky kraj";399;98;15;113;NA;52607;414;2020-11-05;9387
2020-11-04;"Trenčiansky kraj";370;91;9;100;NA;52607;379;2020-11-04;8973
2020-11-03;"Trenčiansky kraj";575;97;8;105;NA;52607;583;2020-11-03;8594
2020-11-02;"Trenčiansky kraj";197;1833;68;1901;NA;52607;265;2020-11-02;8011
2020-11-01;"Trenčiansky kraj";257;804;23;827;NA;52607;280;2020-11-01;7746
2020-10-31;"Trenčiansky kraj";332;4719;82;4801;NA;52607;414;2020-10-31;7466
2020-10-30;"Trenčiansky kraj";299;5283;102;5385;NA;52607;401;2020-10-30;7052
2020-10-29;"Trenčiansky kraj";496;764;68;832;NA;52607;564;2020-10-29;6651
2020-10-28;"Trenčiansky kraj";269;192;33;225;NA;52607;302;2020-10-28;6087
2020-10-27;"Trenčiansky kraj";473;127;27;154;NA;52607;500;2020-10-27;5785
2020-10-26;"Trenčiansky kraj";177;103;31;134;NA;52607;208;2020-10-26;5285
2020-10-25;"Trenčiansky kraj";138;9;5;14;NA;52607;143;2020-10-25;5077
2020-10-24;"Trenčiansky kraj";395;128;6;134;NA;52607;401;2020-10-24;4934
2020-10-23;"Trenčiansky kraj";301;154;8;162;NA;52607;309;2020-10-23;4533
2020-10-22;"Trenčiansky kraj";273;82;12;94;NA;52607;285;2020-10-22;4224
2020-10-21;"Trenčiansky kraj";183;53;9;62;NA;52607;192;2020-10-21;3939
2020-10-20;"Trenčiansky kraj";212;47;6;53;NA;52607;218;2020-10-20;3747
2020-10-19;"Trenčiansky kraj";41;83;25;108;NA;52607;66;2020-10-19;3529
2020-10-18;"Trenčiansky kraj";104;0;0;0;NA;52607;104;2020-10-18;3463
2020-10-17;"Trenčiansky kraj";157;0;0;0;NA;52607;157;2020-10-17;3359
2020-10-16;"Trenčiansky kraj";225;42;6;48;NA;52607;231;2020-10-16;3202
2020-10-15;"Trenčiansky kraj";255;39;4;43;NA;52607;259;2020-10-15;2971
2020-10-14;"Trenčiansky kraj";162;42;7;49;NA;52607;169;2020-10-14;2712
2020-10-13;"Trenčiansky kraj";124;105;12;117;NA;52607;136;2020-10-13;2543
2020-10-12;"Trenčiansky kraj";55;0;0;0;NA;52607;55;2020-10-12;2407
2020-10-11;"Trenčiansky kraj";73;0;0;0;NA;52607;73;2020-10-11;2352
2020-10-10;"Trenčiansky kraj";180;0;0;0;NA;52607;180;2020-10-10;2279
2020-10-09;"Trenčiansky kraj";198;0;0;0;NA;52607;198;2020-10-09;2099
2020-10-08;"Trenčiansky kraj";115;0;0;0;NA;52607;115;2020-10-08;1901
2020-10-07;"Trenčiansky kraj";75;0;0;0;NA;52607;75;2020-10-07;1786
2020-10-06;"Trenčiansky kraj";72;0;0;0;NA;52607;72;2020-10-06;1711
2020-10-05;"Trenčiansky kraj";32;0;0;0;NA;52607;32;2020-10-05;1639
2020-10-04;"Trenčiansky kraj";37;0;0;0;NA;52607;37;2020-10-04;1607
2020-10-03;"Trenčiansky kraj";79;0;0;0;NA;52607;79;2020-10-03;1570
2020-10-02;"Trenčiansky kraj";69;0;0;0;NA;52607;69;2020-10-02;1491
2020-10-01;"Trenčiansky kraj";58;0;0;0;NA;52607;58;2020-10-01;1422
2020-09-30;"Trenčiansky kraj";76;0;0;0;NA;52607;76;2020-09-30;1364
2020-09-29;"Trenčiansky kraj";43;0;0;0;NA;52607;43;2020-09-29;1288
2020-09-28;"Trenčiansky kraj";7;0;0;0;NA;52607;7;2020-09-28;1245
2020-09-27;"Trenčiansky kraj";12;0;0;0;NA;52607;12;2020-09-27;1238
2020-09-26;"Trenčiansky kraj";37;0;0;0;NA;52607;37;2020-09-26;1226
2020-09-25;"Trenčiansky kraj";72;0;0;0;NA;52607;72;2020-09-25;1189
2020-09-24;"Trenčiansky kraj";41;0;0;0;NA;52607;41;2020-09-24;1117
2020-09-23;"Trenčiansky kraj";32;0;0;0;NA;52607;32;2020-09-23;1076
2020-09-22;"Trenčiansky kraj";26;0;0;0;NA;52607;26;2020-09-22;1044
2020-09-21;"Trenčiansky kraj";23;0;0;0;NA;52607;23;2020-09-21;1018
2020-09-20;"Trenčiansky kraj";21;0;0;0;NA;52607;21;2020-09-20;995
2020-09-19;"Trenčiansky kraj";20;0;0;0;NA;52607;20;2020-09-19;974
2020-09-18;"Trenčiansky kraj";41;0;0;0;NA;52607;41;2020-09-18;954
2020-09-17;"Trenčiansky kraj";20;0;0;0;NA;52607;20;2020-09-17;913
2020-09-16;"Trenčiansky kraj";14;0;0;0;NA;52607;14;2020-09-16;893
2020-09-15;"Trenčiansky kraj";8;0;0;0;NA;52607;8;2020-09-15;879
2020-09-14;"Trenčiansky kraj";5;0;0;0;NA;52607;5;2020-09-14;871
2020-09-13;"Trenčiansky kraj";12;0;0;0;NA;52607;12;2020-09-13;866
2020-09-12;"Trenčiansky kraj";2;0;0;0;NA;52607;2;2020-09-12;854
2020-09-11;"Trenčiansky kraj";27;0;0;0;NA;52607;27;2020-09-11;852
2020-09-10;"Trenčiansky kraj";15;0;0;0;NA;52607;15;2020-09-10;825
2020-09-09;"Trenčiansky kraj";11;0;0;0;NA;52607;11;2020-09-09;810
2020-09-08;"Trenčiansky kraj";12;0;0;0;NA;52607;12;2020-09-08;799
2020-09-07;"Trenčiansky kraj";6;0;0;0;NA;52607;6;2020-09-07;787
2020-09-06;"Trenčiansky kraj";1;0;0;0;NA;52607;1;2020-09-06;781
2020-09-05;"Trenčiansky kraj";3;0;0;0;NA;52607;3;2020-09-05;780
2020-09-04;"Trenčiansky kraj";9;0;0;0;NA;52607;9;2020-09-04;777
2020-09-03;"Trenčiansky kraj";10;0;0;0;NA;52607;10;2020-09-03;768
2021-01-21;"Trnavský kraj";311;10644;338;10982;25746;42070;649;2021-01-21;42070
2021-01-20;"Trnavský kraj";503;8149;274;8423;NA;42070;777;2021-01-20;41421
2021-01-19;"Trnavský kraj";415;7019;346;7365;NA;42070;761;2021-01-19;40644
2021-01-18;"Trnavský kraj";247;5919;467;6386;NA;42070;714;2021-01-18;39883
2021-01-17;"Trnavský kraj";128;854;215;1069;NA;42070;343;2021-01-17;39169
2021-01-16;"Trnavský kraj";103;599;19;618;NA;42070;122;2021-01-16;38826
2021-01-15;"Trnavský kraj";278;5468;336;5804;NA;42070;614;2021-01-15;38704
2021-01-14;"Trnavský kraj";452;4415;389;4804;NA;42070;841;2021-01-14;38090
2021-01-13;"Trnavský kraj";457;4562;365;4927;NA;42070;822;2021-01-13;37249
2021-01-12;"Trnavský kraj";469;7177;483;7660;NA;42070;952;2021-01-12;36427
2021-01-11;"Trnavský kraj";370;4911;376;5287;NA;42070;746;2021-01-11;35475
2021-01-10;"Trnavský kraj";71;8;0;8;NA;42070;71;2021-01-10;34729
2021-01-09;"Trnavský kraj";417;2310;123;2433;NA;42070;540;2021-01-09;34658
2021-01-08;"Trnavský kraj";381;5729;479;6208;NA;42070;860;2021-01-08;34118
2021-01-07;"Trnavský kraj";501;3595;336;3931;NA;42070;837;2021-01-07;33258
2021-01-06;"Trnavský kraj";179;758;132;890;NA;42070;311;2021-01-06;32421
2021-01-05;"Trnavský kraj";611;6132;705;6837;NA;42070;1316;2021-01-05;32110
2021-01-04;"Trnavský kraj";302;5235;689;5924;NA;42070;991;2021-01-04;30794
2021-01-03;"Trnavský kraj";60;51;7;58;NA;42070;67;2021-01-03;29803
2021-01-02;"Trnavský kraj";282;412;30;442;NA;42070;312;2021-01-02;29736
2021-01-01;"Trnavský kraj";143;447;73;520;NA;42070;216;2021-01-01;29424
2020-12-31;"Trnavský kraj";498;8474;856;9330;NA;42070;1354;2020-12-31;29208
2020-12-30;"Trnavský kraj";785;4820;562;5382;NA;42070;1347;2020-12-30;27854
2020-12-29;"Trnavský kraj";322;5003;593;5596;NA;42070;915;2020-12-29;26507
2020-12-28;"Trnavský kraj";213;5335;615;5950;NA;42070;828;2020-12-28;25592
2020-12-27;"Trnavský kraj";27;13;4;17;NA;42070;31;2020-12-27;24764
2020-12-26;"Trnavský kraj";148;44;1;45;NA;42070;149;2020-12-26;24733
2020-12-25;"Trnavský kraj";65;49;5;54;NA;42070;70;2020-12-25;24584
2020-12-24;"Trnavský kraj";333;1359;117;1476;NA;42070;450;2020-12-24;24514
2020-12-23;"Trnavský kraj";210;6417;375;6792;NA;42070;585;2020-12-23;24064
2020-12-22;"Trnavský kraj";311;5590;491;6081;NA;42070;802;2020-12-22;23479
2020-12-21;"Trnavský kraj";328;5255;456;5711;NA;42070;784;2020-12-21;22677
2020-12-20;"Trnavský kraj";134;110;12;122;NA;42070;146;2020-12-20;21893
2020-12-19;"Trnavský kraj";201;1046;86;1132;NA;42070;287;2020-12-19;21747
2020-12-18;"Trnavský kraj";341;4898;378;5276;NA;42070;719;2020-12-18;21460
2020-12-17;"Trnavský kraj";375;4996;407;5403;NA;42070;782;2020-12-17;20741
2020-12-16;"Trnavský kraj";312;5249;405;5654;NA;42070;717;2020-12-16;19959
2020-12-15;"Trnavský kraj";492;6622;632;7254;NA;42070;1124;2020-12-15;19242
2020-12-14;"Trnavský kraj";161;3048;256;3304;NA;42070;417;2020-12-14;18118
2020-12-13;"Trnavský kraj";7;0;0;0;NA;42070;7;2020-12-13;17701
2020-12-12;"Trnavský kraj";254;1456;114;1570;NA;42070;368;2020-12-12;17694
2020-12-11;"Trnavský kraj";384;4683;262;4945;NA;42070;646;2020-12-11;17326
2020-12-10;"Trnavský kraj";183;5194;320;5514;NA;42070;503;2020-12-10;16680
2020-12-09;"Trnavský kraj";521;4272;320;4592;NA;42070;841;2020-12-09;16177
2020-12-08;"Trnavský kraj";281;4090;304;4394;NA;42070;585;2020-12-08;15336
2020-12-07;"Trnavský kraj";178;2895;199;3094;NA;42070;377;2020-12-07;14751
2020-12-06;"Trnavský kraj";46;0;0;0;NA;42070;46;2020-12-06;14374
2020-12-05;"Trnavský kraj";129;2218;41;2259;NA;42070;170;2020-12-05;14328
2020-12-04;"Trnavský kraj";242;3948;158;4106;NA;42070;400;2020-12-04;14158
2020-12-03;"Trnavský kraj";248;3018;201;3219;NA;42070;449;2020-12-03;13758
2020-12-02;"Trnavský kraj";284;4968;202;5170;NA;42070;486;2020-12-02;13309
2020-12-01;"Trnavský kraj";253;3642;235;3877;NA;42070;488;2020-12-01;12823
2020-11-30;"Trnavský kraj";200;7360;186;7546;NA;42070;386;2020-11-30;12335
2020-11-29;"Trnavský kraj";17;708;34;742;NA;42070;51;2020-11-29;11949
2020-11-28;"Trnavský kraj";83;1453;77;1530;NA;42070;160;2020-11-28;11898
2020-11-27;"Trnavský kraj";148;1591;83;1674;NA;42070;231;2020-11-27;11738
2020-11-26;"Trnavský kraj";234;985;59;1044;NA;42070;293;2020-11-26;11507
2020-11-25;"Trnavský kraj";232;1029;72;1101;NA;42070;304;2020-11-25;11214
2020-11-24;"Trnavský kraj";295;1772;91;1863;NA;42070;386;2020-11-24;10910
2020-11-23;"Trnavský kraj";242;7207;125;7332;NA;42070;367;2020-11-23;10524
2020-11-22;"Trnavský kraj";10;54;3;57;NA;42070;13;2020-11-22;10157
2020-11-21;"Trnavský kraj";129;1214;23;1237;NA;42070;152;2020-11-21;10144
2020-11-20;"Trnavský kraj";246;1027;61;1088;NA;42070;307;2020-11-20;9992
2020-11-19;"Trnavský kraj";157;694;58;752;NA;42070;215;2020-11-19;9685
2020-11-18;"Trnavský kraj";235;716;75;791;NA;42070;310;2020-11-18;9470
2020-11-17;"Trnavský kraj";129;695;72;767;NA;42070;201;2020-11-17;9160
2020-11-16;"Trnavský kraj";187;682;32;714;NA;42070;219;2020-11-16;8959
2020-11-15;"Trnavský kraj";23;73;4;77;NA;42070;27;2020-11-15;8740
2020-11-14;"Trnavský kraj";86;389;10;399;NA;42070;96;2020-11-14;8713
2020-11-13;"Trnavský kraj";219;1312;21;1333;NA;42070;240;2020-11-13;8617
2020-11-12;"Trnavský kraj";162;420;18;438;NA;42070;180;2020-11-12;8377
2020-11-11;"Trnavský kraj";257;392;15;407;NA;42070;272;2020-11-11;8197
2020-11-10;"Trnavský kraj";189;889;30;919;NA;42070;219;2020-11-10;7925
2020-11-09;"Trnavský kraj";196;369;23;392;NA;42070;219;2020-11-09;7706
2020-11-08;"Trnavský kraj";55;306;4;310;NA;42070;59;2020-11-08;7487
2020-11-07;"Trnavský kraj";207;6070;74;6144;NA;42070;281;2020-11-07;7428
2020-11-06;"Trnavský kraj";260;1531;19;1550;NA;42070;279;2020-11-06;7147
2020-11-05;"Trnavský kraj";150;220;27;247;NA;42070;177;2020-11-05;6868
2020-11-04;"Trnavský kraj";188;212;10;222;NA;42070;198;2020-11-04;6691
2020-11-03;"Trnavský kraj";317;127;8;135;NA;42070;325;2020-11-03;6493
2020-11-02;"Trnavský kraj";281;1728;31;1759;NA;42070;312;2020-11-02;6168
2020-11-01;"Trnavský kraj";87;494;27;521;NA;42070;114;2020-11-01;5856
2020-10-31;"Trnavský kraj";259;5024;41;5065;NA;42070;300;2020-10-31;5742
2020-10-30;"Trnavský kraj";198;3784;27;3811;NA;42070;225;2020-10-30;5442
2020-10-29;"Trnavský kraj";273;1461;16;1477;NA;42070;289;2020-10-29;5217
2020-10-28;"Trnavský kraj";319;117;16;133;NA;42070;335;2020-10-28;4928
2020-10-27;"Trnavský kraj";199;461;36;497;NA;42070;235;2020-10-27;4593
2020-10-26;"Trnavský kraj";153;29;2;31;NA;42070;155;2020-10-26;4358
2020-10-25;"Trnavský kraj";95;19;1;20;NA;42070;96;2020-10-25;4203
2020-10-24;"Trnavský kraj";158;109;2;111;NA;42070;160;2020-10-24;4107
2020-10-23;"Trnavský kraj";201;89;4;93;NA;42070;205;2020-10-23;3947
2020-10-22;"Trnavský kraj";195;55;2;57;NA;42070;197;2020-10-22;3742
2020-10-21;"Trnavský kraj";134;73;3;76;NA;42070;137;2020-10-21;3545
2020-10-20;"Trnavský kraj";202;82;3;85;NA;42070;205;2020-10-20;3408
2020-10-19;"Trnavský kraj";67;55;0;55;NA;42070;67;2020-10-19;3203
2020-10-18;"Trnavský kraj";84;0;0;0;NA;42070;84;2020-10-18;3136
2020-10-17;"Trnavský kraj";123;0;0;0;NA;42070;123;2020-10-17;3052
2020-10-16;"Trnavský kraj";86;45;2;47;NA;42070;88;2020-10-16;2929
2020-10-15;"Trnavský kraj";155;66;2;68;NA;42070;157;2020-10-15;2841
2020-10-14;"Trnavský kraj";236;468;3;471;NA;42070;239;2020-10-14;2684
2020-10-13;"Trnavský kraj";138;16;2;18;NA;42070;140;2020-10-13;2445
2020-10-12;"Trnavský kraj";33;41;1;42;NA;42070;34;2020-10-12;2305
2020-10-11;"Trnavský kraj";31;0;0;0;NA;42070;31;2020-10-11;2271
2020-10-10;"Trnavský kraj";128;0;0;0;NA;42070;128;2020-10-10;2240
2020-10-09;"Trnavský kraj";156;0;0;0;NA;42070;156;2020-10-09;2112
2020-10-08;"Trnavský kraj";153;0;0;0;NA;42070;153;2020-10-08;1956
2020-10-07;"Trnavský kraj";80;0;0;0;NA;42070;80;2020-10-07;1803
2020-10-06;"Trnavský kraj";112;0;0;0;NA;42070;112;2020-10-06;1723
2020-10-05;"Trnavský kraj";33;0;0;0;NA;42070;33;2020-10-05;1611
2020-10-04;"Trnavský kraj";44;0;0;0;NA;42070;44;2020-10-04;1578
2020-10-03;"Trnavský kraj";60;0;0;0;NA;42070;60;2020-10-03;1534
2020-10-02;"Trnavský kraj";41;0;0;0;NA;42070;41;2020-10-02;1474
2020-10-01;"Trnavský kraj";53;0;0;0;NA;42070;53;2020-10-01;1433
2020-09-30;"Trnavský kraj";91;0;0;0;NA;42070;91;2020-09-30;1380
2020-09-29;"Trnavský kraj";40;0;0;0;NA;42070;40;2020-09-29;1289
2020-09-28;"Trnavský kraj";69;0;0;0;NA;42070;69;2020-09-28;1249
2020-09-27;"Trnavský kraj";30;0;0;0;NA;42070;30;2020-09-27;1180
2020-09-26;"Trnavský kraj";46;0;0;0;NA;42070;46;2020-09-26;1150
2020-09-25;"Trnavský kraj";32;0;0;0;NA;42070;32;2020-09-25;1104
2020-09-24;"Trnavský kraj";42;0;0;0;NA;42070;42;2020-09-24;1072
2020-09-23;"Trnavský kraj";43;0;0;0;NA;42070;43;2020-09-23;1030
2020-09-22;"Trnavský kraj";55;0;0;0;NA;42070;55;2020-09-22;987
2020-09-21;"Trnavský kraj";41;0;0;0;NA;42070;41;2020-09-21;932
2020-09-20;"Trnavský kraj";17;0;0;0;NA;42070;17;2020-09-20;891
2020-09-19;"Trnavský kraj";4;0;0;0;NA;42070;4;2020-09-19;874
2020-09-18;"Trnavský kraj";33;0;0;0;NA;42070;33;2020-09-18;870
2020-09-17;"Trnavský kraj";42;0;0;0;NA;42070;42;2020-09-17;837
2020-09-16;"Trnavský kraj";49;0;0;0;NA;42070;49;2020-09-16;795
2020-09-15;"Trnavský kraj";5;0;0;0;NA;42070;5;2020-09-15;746
2020-09-14;"Trnavský kraj";26;0;0;0;NA;42070;26;2020-09-14;741
2020-09-13;"Trnavský kraj";9;0;0;0;NA;42070;9;2020-09-13;715
2020-09-12;"Trnavský kraj";12;0;0;0;NA;42070;12;2020-09-12;706
2020-09-11;"Trnavský kraj";16;0;0;0;NA;42070;16;2020-09-11;694
2020-09-10;"Trnavský kraj";32;0;0;0;NA;42070;32;2020-09-10;678
2020-09-09;"Trnavský kraj";14;0;0;0;NA;42070;14;2020-09-09;646
2020-09-08;"Trnavský kraj";11;0;0;0;NA;42070;11;2020-09-08;632
2020-09-07;"Trnavský kraj";7;0;0;0;NA;42070;7;2020-09-07;621
2020-09-06;"Trnavský kraj";5;0;0;0;NA;42070;5;2020-09-06;614
2020-09-05;"Trnavský kraj";7;0;0;0;NA;42070;7;2020-09-05;609
2020-09-04;"Trnavský kraj";16;0;0;0;NA;42070;16;2020-09-04;602
2020-09-03;"Trnavský kraj";8;0;0;0;NA;42070;8;2020-09-03;586
2021-01-21;"Žilinský kraj";116;15771;162;15933;35119;56317;278;2021-01-21;56317
2021-01-20;"Žilinský kraj";236;15891;163;16054;NA;56317;399;2021-01-20;56039
2021-01-19;"Žilinský kraj";245;16910;387;17297;NA;56317;632;2021-01-19;55640
2021-01-18;"Žilinský kraj";236;12707;440;13147;NA;56317;676;2021-01-18;55008
2021-01-17;"Žilinský kraj";95;113;2;115;NA;56317;97;2021-01-17;54332
2021-01-16;"Žilinský kraj";14;314;8;322;NA;56317;22;2021-01-16;54235
2021-01-15;"Žilinský kraj";248;7126;205;7331;NA;56317;453;2021-01-15;54213
2021-01-14;"Žilinský kraj";166;5650;249;5899;NA;56317;415;2021-01-14;53760
2021-01-13;"Žilinský kraj";247;11366;569;11935;NA;56317;816;2021-01-13;53345
2021-01-12;"Žilinský kraj";376;9042;437;9479;NA;56317;813;2021-01-12;52529
2021-01-11;"Žilinský kraj";351;10586;497;11083;NA;56317;848;2021-01-11;51716
2021-01-10;"Žilinský kraj";38;189;7;196;NA;56317;45;2021-01-10;50868
2021-01-09;"Žilinský kraj";192;2122;106;2228;NA;56317;298;2021-01-09;50823
2021-01-08;"Žilinský kraj";413;25201;1818;27019;NA;56317;2231;2021-01-08;50525
2021-01-07;"Žilinský kraj";438;8429;669;9098;NA;56317;1107;2021-01-07;48294
2021-01-06;"Žilinský kraj";145;1337;89;1426;NA;56317;234;2021-01-06;47187
2021-01-05;"Žilinský kraj";717;10844;884;11728;NA;56317;1601;2021-01-05;46953
2021-01-04;"Žilinský kraj";479;9458;990;10448;NA;56317;1469;2021-01-04;45352
2021-01-03;"Žilinský kraj";13;33;4;37;NA;56317;17;2021-01-03;43883
2021-01-02;"Žilinský kraj";98;792;67;859;NA;56317;165;2021-01-02;43866
2021-01-01;"Žilinský kraj";118;552;36;588;NA;56317;154;2021-01-01;43701
2020-12-31;"Žilinský kraj";395;10302;818;11120;NA;56317;1213;2020-12-31;43547
2020-12-30;"Žilinský kraj";1038;12169;901;13070;NA;56317;1939;2020-12-30;42334
2020-12-29;"Žilinský kraj";256;11104;1111;12215;NA;56317;1367;2020-12-29;40395
2020-12-28;"Žilinský kraj";406;10530;987;11517;NA;56317;1393;2020-12-28;39028
2020-12-27;"Žilinský kraj";40;662;80;742;NA;56317;120;2020-12-27;37635
2020-12-26;"Žilinský kraj";135;124;14;138;NA;56317;149;2020-12-26;37515
2020-12-25;"Žilinský kraj";66;111;10;121;NA;56317;76;2020-12-25;37366
2020-12-24;"Žilinský kraj";643;1018;75;1093;NA;56317;718;2020-12-24;37290
2020-12-23;"Žilinský kraj";228;17718;1049;18767;NA;56317;1277;2020-12-23;36572
2020-12-22;"Žilinský kraj";519;13188;1023;14211;NA;56317;1542;2020-12-22;35295
2020-12-21;"Žilinský kraj";444;12703;1107;13810;NA;56317;1551;2020-12-21;33753
2020-12-20;"Žilinský kraj";36;579;73;652;NA;56317;109;2020-12-20;32202
2020-12-19;"Žilinský kraj";208;2080;144;2224;NA;56317;352;2020-12-19;32093
2020-12-18;"Žilinský kraj";333;7027;402;7429;NA;56317;735;2020-12-18;31741
2020-12-17;"Žilinský kraj";500;4333;281;4614;NA;56317;781;2020-12-17;31006
2020-12-16;"Žilinský kraj";333;4365;305;4670;NA;56317;638;2020-12-16;30225
2020-12-15;"Žilinský kraj";528;4756;418;5174;NA;56317;946;2020-12-15;29587
2020-12-14;"Žilinský kraj";321;4688;419;5107;NA;56317;740;2020-12-14;28641
2020-12-13;"Žilinský kraj";26;515;64;579;NA;56317;90;2020-12-13;27901
2020-12-12;"Žilinský kraj";95;1061;53;1114;NA;56317;148;2020-12-12;27811
2020-12-11;"Žilinský kraj";455;5089;318;5407;NA;56317;773;2020-12-11;27663
2020-12-10;"Žilinský kraj";166;9279;977;10256;NA;56317;1143;2020-12-10;26890
2020-12-09;"Žilinský kraj";392;2570;164;2734;NA;56317;556;2020-12-09;25747
2020-12-08;"Žilinský kraj";331;3915;188;4103;NA;56317;519;2020-12-08;25191
2020-12-07;"Žilinský kraj";348;2274;121;2395;NA;56317;469;2020-12-07;24672
2020-12-06;"Žilinský kraj";15;134;4;138;NA;56317;19;2020-12-06;24203
2020-12-05;"Žilinský kraj";98;1237;45;1282;NA;56317;143;2020-12-05;24184
2020-12-04;"Žilinský kraj";228;2847;120;2967;NA;56317;348;2020-12-04;24041
2020-12-03;"Žilinský kraj";237;1412;119;1531;NA;56317;356;2020-12-03;23693
2020-12-02;"Žilinský kraj";181;1553;82;1635;NA;56317;263;2020-12-02;23337
2020-12-01;"Žilinský kraj";209;6529;309;6838;NA;56317;518;2020-12-01;23074
2020-11-30;"Žilinský kraj";202;5232;291;5523;NA;56317;493;2020-11-30;22556
2020-11-29;"Žilinský kraj";18;81;7;88;NA;56317;25;2020-11-29;22063
2020-11-28;"Žilinský kraj";99;349;15;364;NA;56317;114;2020-11-28;22038
2020-11-27;"Žilinský kraj";218;913;46;959;NA;56317;264;2020-11-27;21924
2020-11-26;"Žilinský kraj";189;1104;57;1161;NA;56317;246;2020-11-26;21660
2020-11-25;"Žilinský kraj";225;1217;49;1266;NA;56317;274;2020-11-25;21414
2020-11-24;"Žilinský kraj";213;2092;67;2159;NA;56317;280;2020-11-24;21140
2020-11-23;"Žilinský kraj";170;759;44;803;NA;56317;214;2020-11-23;20860
2020-11-22;"Žilinský kraj";11;0;0;0;NA;56317;11;2020-11-22;20646
2020-11-21;"Žilinský kraj";61;505;20;525;NA;56317;81;2020-11-21;20635
2020-11-20;"Žilinský kraj";251;1074;45;1119;NA;56317;296;2020-11-20;20554
2020-11-19;"Žilinský kraj";252;752;61;813;NA;56317;313;2020-11-19;20258
2020-11-18;"Žilinský kraj";346;348;15;363;NA;56317;361;2020-11-18;19945
2020-11-17;"Žilinský kraj";123;490;15;505;NA;56317;138;2020-11-17;19584
2020-11-16;"Žilinský kraj";227;206;13;219;NA;56317;240;2020-11-16;19446
2020-11-15;"Žilinský kraj";63;13;0;13;NA;56317;63;2020-11-15;19206
2020-11-14;"Žilinský kraj";189;1038;11;1049;NA;56317;200;2020-11-14;19143
2020-11-13;"Žilinský kraj";181;125;9;134;NA;56317;190;2020-11-13;18943
2020-11-12;"Žilinský kraj";334;79;2;81;NA;56317;336;2020-11-12;18753
2020-11-11;"Žilinský kraj";489;147;10;157;NA;56317;499;2020-11-11;18417
2020-11-10;"Žilinský kraj";374;519;9;528;NA;56317;383;2020-11-10;17918
2020-11-09;"Žilinský kraj";143;2335;30;2365;NA;56317;173;2020-11-09;17535
2020-11-08;"Žilinský kraj";59;2196;35;2231;NA;56317;94;2020-11-08;17362
2020-11-07;"Žilinský kraj";312;8175;88;8263;NA;56317;400;2020-11-07;17268
2020-11-06;"Žilinský kraj";503;4090;38;4128;NA;56317;541;2020-11-06;16868
2020-11-05;"Žilinský kraj";473;64;4;68;NA;56317;477;2020-11-05;16327
2020-11-04;"Žilinský kraj";423;168;10;178;NA;56317;433;2020-11-04;15850
2020-11-03;"Žilinský kraj";688;889;16;905;NA;56317;704;2020-11-03;15417
2020-11-02;"Žilinský kraj";472;1043;39;1082;NA;56317;511;2020-11-02;14713
2020-11-01;"Žilinský kraj";349;5096;130;5226;NA;56317;479;2020-11-01;14202
2020-10-31;"Žilinský kraj";662;7963;203;8166;NA;56317;865;2020-10-31;13723
2020-10-30;"Žilinský kraj";529;2575;61;2636;NA;56317;590;2020-10-30;12858
2020-10-29;"Žilinský kraj";740;503;17;520;NA;56317;757;2020-10-29;12268
2020-10-28;"Žilinský kraj";635;105;11;116;NA;56317;646;2020-10-28;11511
2020-10-27;"Žilinský kraj";355;154;24;178;NA;56317;379;2020-10-27;10865
2020-10-26;"Žilinský kraj";148;117;28;145;NA;56317;176;2020-10-26;10486
2020-10-25;"Žilinský kraj";436;0;0;0;NA;56317;436;2020-10-25;10310
2020-10-24;"Žilinský kraj";803;0;0;0;NA;56317;803;2020-10-24;9874
2020-10-23;"Žilinský kraj";659;102;13;115;NA;56317;672;2020-10-23;9071
2020-10-22;"Žilinský kraj";525;33;3;36;NA;56317;528;2020-10-22;8399
2020-10-21;"Žilinský kraj";478;74;14;88;NA;56317;492;2020-10-21;7871
2020-10-20;"Žilinský kraj";524;127;8;135;NA;56317;532;2020-10-20;7379
2020-10-19;"Žilinský kraj";70;80;12;92;NA;56317;82;2020-10-19;6847
2020-10-18;"Žilinský kraj";159;0;0;0;NA;56317;159;2020-10-18;6765
2020-10-17;"Žilinský kraj";509;0;0;0;NA;56317;509;2020-10-17;6606
2020-10-16;"Žilinský kraj";603;51;9;60;NA;56317;612;2020-10-16;6097
2020-10-15;"Žilinský kraj";679;61;3;64;NA;56317;682;2020-10-15;5485
2020-10-14;"Žilinský kraj";523;269;6;275;NA;56317;529;2020-10-14;4803
2020-10-13;"Žilinský kraj";367;458;40;498;NA;56317;407;2020-10-13;4274
2020-10-12;"Žilinský kraj";62;0;0;0;NA;56317;62;2020-10-12;3867
2020-10-11;"Žilinský kraj";50;0;0;0;NA;56317;50;2020-10-11;3805
2020-10-10;"Žilinský kraj";213;0;0;0;NA;56317;213;2020-10-10;3755
2020-10-09;"Žilinský kraj";543;0;0;0;NA;56317;543;2020-10-09;3542
2020-10-08;"Žilinský kraj";238;0;0;0;NA;56317;238;2020-10-08;2999
2020-10-07;"Žilinský kraj";168;0;0;0;NA;56317;168;2020-10-07;2761
2020-10-06;"Žilinský kraj";233;0;0;0;NA;56317;233;2020-10-06;2593
2020-10-05;"Žilinský kraj";33;0;0;0;NA;56317;33;2020-10-05;2360
2020-10-04;"Žilinský kraj";35;0;0;0;NA;56317;35;2020-10-04;2327
2020-10-03;"Žilinský kraj";155;0;0;0;NA;56317;155;2020-10-03;2292
2020-10-02;"Žilinský kraj";105;0;0;0;NA;56317;105;2020-10-02;2137
2020-10-01;"Žilinský kraj";147;0;0;0;NA;56317;147;2020-10-01;2032
2020-09-30;"Žilinský kraj";163;0;0;0;NA;56317;163;2020-09-30;1885
2020-09-29;"Žilinský kraj";105;0;0;0;NA;56317;105;2020-09-29;1722
2020-09-28;"Žilinský kraj";34;0;0;0;NA;56317;34;2020-09-28;1617
2020-09-27;"Žilinský kraj";108;0;0;0;NA;56317;108;2020-09-27;1583
2020-09-26;"Žilinský kraj";96;0;0;0;NA;56317;96;2020-09-26;1475
2020-09-25;"Žilinský kraj";69;0;0;0;NA;56317;69;2020-09-25;1379
2020-09-24;"Žilinský kraj";100;0;0;0;NA;56317;100;2020-09-24;1310
2020-09-23;"Žilinský kraj";65;0;0;0;NA;56317;65;2020-09-23;1210
2020-09-22;"Žilinský kraj";65;0;0;0;NA;56317;65;2020-09-22;1145
2020-09-21;"Žilinský kraj";47;0;0;0;NA;56317;47;2020-09-21;1080
2020-09-20;"Žilinský kraj";4;0;0;0;NA;56317;4;2020-09-20;1033
2020-09-19;"Žilinský kraj";6;0;0;0;NA;56317;6;2020-09-19;1029
2020-09-18;"Žilinský kraj";82;0;0;0;NA;56317;82;2020-09-18;1023
2020-09-17;"Žilinský kraj";30;0;0;0;NA;56317;30;2020-09-17;941
2020-09-16;"Žilinský kraj";34;0;0;0;NA;56317;34;2020-09-16;911
2020-09-15;"Žilinský kraj";12;0;0;0;NA;56317;12;2020-09-15;877
2020-09-14;"Žilinský kraj";39;0;0;0;NA;56317;39;2020-09-14;865
2020-09-13;"Žilinský kraj";6;0;0;0;NA;56317;6;2020-09-13;826
2020-09-12;"Žilinský kraj";4;0;0;0;NA;56317;4;2020-09-12;820
2020-09-11;"Žilinský kraj";31;0;0;0;NA;56317;31;2020-09-11;816
2020-09-10;"Žilinský kraj";31;0;0;0;NA;56317;31;2020-09-10;785
2020-09-09;"Žilinský kraj";23;0;0;0;NA;56317;23;2020-09-09;754
2020-09-08;"Žilinský kraj";25;0;0;0;NA;56317;25;2020-09-08;731
2020-09-07;"Žilinský kraj";11;0;0;0;NA;56317;11;2020-09-07;706
2020-09-05;"Žilinský kraj";2;0;0;0;NA;56317;2;2020-09-05;695
2020-09-04;"Žilinský kraj";33;0;0;0;NA;56317;33;2020-09-04;693
2020-09-03;"Žilinský kraj";18;0;0;0;NA;56317;18;2020-09-03;660
