"Date";"District";"District_code";"PCR_Pos";"PCR_Neg";"PCR_Total"
2021-03-18;"Neznáme";"SK000";28;111;139
2021-03-18;"Okres Bratislava II";"SK0102";0;1;1
2021-03-18;"Okres Bratislava III";"SK0103";0;1;1
2021-03-18;"Okres Malacky";"SK0106";0;1;1
2021-03-18;"Okres Myjava";"SK0223";0;1;1
2021-03-18;"Okres Senica";"SK0215";4;23;27
2021-03-18;"Okres Skalica";"SK0216";5;18;23
2021-03-18;"Okres Trenčín";"SK0229";0;1;1
2021-03-18;"Okres Trnava";"SK0217";0;1;1
2021-03-18;"Okres Žilina";"SK031B";0;1;1
2021-03-17;"Neznáme";"SK000";186;878;1064
2021-03-17;"Okres Bánovce nad Bebravou";"SK0221";6;25;31
2021-03-17;"Okres Banská Bystrica";"SK0321";30;193;223
2021-03-17;"Okres Banská Štiavnica";"SK0322";3;14;17
2021-03-17;"Okres Bardejov";"SK0411";39;124;163
2021-03-17;"Okres Bratislava I";"SK0101";7;188;195
2021-03-17;"Okres Bratislava II";"SK0102";21;278;299
2021-03-17;"Okres Bratislava III";"SK0103";15;170;185
2021-03-17;"Okres Bratislava IV";"SK0104";21;236;257
2021-03-17;"Okres Bratislava V";"SK0105";31;274;305
2021-03-17;"Okres Brezno";"SK0323";20;65;85
2021-03-17;"Okres Bytča";"SK0311";13;50;63
2021-03-17;"Okres Čadca";"SK0312";67;108;175
2021-03-17;"Okres Detva";"SK0324";6;26;32
2021-03-17;"Okres Dolný Kubín";"SK0313";17;85;102
2021-03-17;"Okres Dunajská Streda";"SK0211";40;160;200
2021-03-17;"Okres Galanta";"SK0212";21;108;129
2021-03-17;"Okres Gelnica";"SK0421";20;40;60
2021-03-17;"Okres Hlohovec";"SK0213";14;63;77
2021-03-17;"Okres Humenné";"SK0412";12;39;51
2021-03-17;"Okres Ilava";"SK0222";87;122;209
2021-03-17;"Okres Kežmarok";"SK0413";35;78;113
2021-03-17;"Okres Komárno";"SK0231";18;120;138
2021-03-17;"Okres Košice - okolie";"SK0426";12;120;132
2021-03-17;"Okres Košice I";"SK0422";1;11;12
2021-03-17;"Okres Košice II";"SK0423";8;21;29
2021-03-17;"Okres Košice III";"SK0424";1;15;16
2021-03-17;"Okres Košice IV";"SK0425";3;14;17
2021-03-17;"Okres Krupina";"SK0325";14;63;77
2021-03-17;"Okres Kysucké Nové Mesto";"SK0314";19;61;80
2021-03-17;"Okres Levice";"SK0232";20;119;139
2021-03-17;"Okres Levoča";"SK0414";8;42;50
2021-03-17;"Okres Liptovský Mikuláš";"SK0315";54;168;222
2021-03-17;"Okres Lučenec";"SK0326";40;121;161
2021-03-17;"Okres Malacky";"SK0106";31;126;157
2021-03-17;"Okres Martin";"SK0316";61;181;242
2021-03-17;"Okres Medzilaborce";"SK0415";1;7;8
2021-03-17;"Okres Michalovce";"SK0427";23;85;108
2021-03-17;"Okres Myjava";"SK0223";24;44;68
2021-03-17;"Okres Námestovo";"SK0317";20;66;86
2021-03-17;"Okres Nitra";"SK0233";7;128;135
2021-03-17;"Okres Nové Mesto nad Váhom";"SK0224";38;98;136
2021-03-17;"Okres Nové Zámky";"SK0234";18;152;170
2021-03-17;"Okres Partizánske";"SK0225";10;24;34
2021-03-17;"Okres Pezinok";"SK0107";20;135;155
2021-03-17;"Okres Piešťany";"SK0214";42;83;125
2021-03-17;"Okres Poltár";"SK0327";26;21;47
2021-03-17;"Okres Poprad";"SK0416";105;221;326
2021-03-17;"Okres Považská Bystrica";"SK0226";39;95;134
2021-03-17;"Okres Prešov";"SK0417";67;277;344
2021-03-17;"Okres Prievidza";"SK0227";86;89;175
2021-03-17;"Okres Púchov";"SK0228";34;60;94
2021-03-17;"Okres Revúca";"SK0328";6;23;29
2021-03-17;"Okres Rimavská Sobota";"SK0329";55;340;395
2021-03-17;"Okres Rožňava";"SK0428";13;56;69
2021-03-17;"Okres Ružomberok";"SK0318";22;95;117
2021-03-17;"Okres Sabinov";"SK0418";16;67;83
2021-03-17;"Okres Senec";"SK0108";32;171;203
2021-03-17;"Okres Senica";"SK0215";43;82;125
2021-03-17;"Okres Skalica";"SK0216";13;40;53
2021-03-17;"Okres Snina";"SK0419";4;25;29
2021-03-17;"Okres Sobrance";"SK0429";6;10;16
2021-03-17;"Okres Spišská Nová Ves";"SK042A";41;139;180
2021-03-17;"Okres Stará Ľubovňa";"SK041A";5;46;51
2021-03-17;"Okres Stropkov";"SK041B";3;20;23
2021-03-17;"Okres Svidník";"SK041C";13;37;50
2021-03-17;"Okres Šaľa";"SK0235";10;55;65
2021-03-17;"Okres Topoľčany";"SK0236";12;66;78
2021-03-17;"Okres Trebišov";"SK042B";37;70;107
2021-03-17;"Okres Trenčín";"SK0229";55;190;245
2021-03-17;"Okres Trnava";"SK0217";43;208;251
2021-03-17;"Okres Turčianske Teplice";"SK0319";6;22;28
2021-03-17;"Okres Tvrdošín";"SK031A";5;41;46
2021-03-17;"Okres Veľký Krtíš";"SK032A";30;103;133
2021-03-17;"Okres Vranov nad Topľou";"SK041D";7;54;61
2021-03-17;"Okres Zlaté Moravce";"SK0237";0;15;15
2021-03-17;"Okres Zvolen";"SK032B";25;83;108
2021-03-17;"Okres Žarnovica";"SK032C";4;50;54
2021-03-17;"Okres Žiar nad Hronom";"SK032D";16;66;82
2021-03-17;"Okres Žilina";"SK031B";90;428;518
2021-03-17;NA;"?";16;206;222
2021-03-16;"Neznáme";"SK000";328;1278;1606
2021-03-16;"Okres Bánovce nad Bebravou";"SK0221";7;41;48
2021-03-16;"Okres Banská Bystrica";"SK0321";98;297;395
2021-03-16;"Okres Banská Štiavnica";"SK0322";6;22;28
2021-03-16;"Okres Bardejov";"SK0411";44;161;205
2021-03-16;"Okres Bratislava I";"SK0101";8;246;254
2021-03-16;"Okres Bratislava II";"SK0102";47;383;430
2021-03-16;"Okres Bratislava III";"SK0103";31;262;293
2021-03-16;"Okres Bratislava IV";"SK0104";37;302;339
2021-03-16;"Okres Bratislava V";"SK0105";41;323;364
2021-03-16;"Okres Brezno";"SK0323";18;79;97
2021-03-16;"Okres Bytča";"SK0311";17;72;89
2021-03-16;"Okres Čadca";"SK0312";90;165;255
2021-03-16;"Okres Detva";"SK0324";11;39;50
2021-03-16;"Okres Dolný Kubín";"SK0313";11;45;56
2021-03-16;"Okres Dunajská Streda";"SK0211";50;245;295
2021-03-16;"Okres Galanta";"SK0212";42;142;184
2021-03-16;"Okres Gelnica";"SK0421";11;57;68
2021-03-16;"Okres Hlohovec";"SK0213";27;80;107
2021-03-16;"Okres Humenné";"SK0412";24;46;70
2021-03-16;"Okres Ilava";"SK0222";73;148;221
2021-03-16;"Okres Kežmarok";"SK0413";14;82;96
2021-03-16;"Okres Komárno";"SK0231";27;104;131
2021-03-16;"Okres Košice - okolie";"SK0426";40;155;195
2021-03-16;"Okres Košice I";"SK0422";2;41;43
2021-03-16;"Okres Košice II";"SK0423";16;43;59
2021-03-16;"Okres Košice III";"SK0424";3;7;10
2021-03-16;"Okres Košice IV";"SK0425";10;23;33
2021-03-16;"Okres Krupina";"SK0325";7;15;22
2021-03-16;"Okres Kysucké Nové Mesto";"SK0314";20;51;71
2021-03-16;"Okres Levice";"SK0232";9;100;109
2021-03-16;"Okres Levoča";"SK0414";25;67;92
2021-03-16;"Okres Liptovský Mikuláš";"SK0315";72;210;282
2021-03-16;"Okres Lučenec";"SK0326";97;195;292
2021-03-16;"Okres Malacky";"SK0106";29;150;179
2021-03-16;"Okres Martin";"SK0316";68;170;238
2021-03-16;"Okres Medzilaborce";"SK0415";5;11;16
2021-03-16;"Okres Michalovce";"SK0427";60;150;210
2021-03-16;"Okres Myjava";"SK0223";9;27;36
2021-03-16;"Okres Námestovo";"SK0317";17;79;96
2021-03-16;"Okres Nitra";"SK0233";3;127;130
2021-03-16;"Okres Nové Mesto nad Váhom";"SK0224";68;168;236
2021-03-16;"Okres Nové Zámky";"SK0234";69;169;238
2021-03-16;"Okres Partizánske";"SK0225";17;63;80
2021-03-16;"Okres Pezinok";"SK0107";24;186;210
2021-03-16;"Okres Piešťany";"SK0214";61;148;209
2021-03-16;"Okres Poltár";"SK0327";31;45;76
2021-03-16;"Okres Poprad";"SK0416";75;194;269
2021-03-16;"Okres Považská Bystrica";"SK0226";44;167;211
2021-03-16;"Okres Prešov";"SK0417";92;346;438
2021-03-16;"Okres Prievidza";"SK0227";108;216;324
2021-03-16;"Okres Púchov";"SK0228";29;73;102
2021-03-16;"Okres Revúca";"SK0328";17;33;50
2021-03-16;"Okres Rimavská Sobota";"SK0329";47;99;146
2021-03-16;"Okres Rožňava";"SK0428";33;67;100
2021-03-16;"Okres Ružomberok";"SK0318";26;71;97
2021-03-16;"Okres Sabinov";"SK0418";13;99;112
2021-03-16;"Okres Senec";"SK0108";37;227;264
2021-03-16;"Okres Senica";"SK0215";38;129;167
2021-03-16;"Okres Skalica";"SK0216";6;45;51
2021-03-16;"Okres Snina";"SK0419";10;52;62
2021-03-16;"Okres Sobrance";"SK0429";4;30;34
2021-03-16;"Okres Spišská Nová Ves";"SK042A";82;212;294
2021-03-16;"Okres Stará Ľubovňa";"SK041A";25;122;147
2021-03-16;"Okres Stropkov";"SK041B";10;43;53
2021-03-16;"Okres Svidník";"SK041C";17;80;97
2021-03-16;"Okres Šaľa";"SK0235";5;78;83
2021-03-16;"Okres Topoľčany";"SK0236";25;79;104
2021-03-16;"Okres Trebišov";"SK042B";98;181;279
2021-03-16;"Okres Trenčín";"SK0229";88;293;381
2021-03-16;"Okres Trnava";"SK0217";50;273;323
2021-03-16;"Okres Turčianske Teplice";"SK0319";6;12;18
2021-03-16;"Okres Tvrdošín";"SK031A";10;54;64
2021-03-16;"Okres Veľký Krtíš";"SK032A";10;32;42
2021-03-16;"Okres Vranov nad Topľou";"SK041D";98;228;326
2021-03-16;"Okres Zlaté Moravce";"SK0237";9;31;40
2021-03-16;"Okres Zvolen";"SK032B";26;119;145
2021-03-16;"Okres Žarnovica";"SK032C";2;27;29
2021-03-16;"Okres Žiar nad Hronom";"SK032D";19;96;115
2021-03-16;"Okres Žilina";"SK031B";75;288;363
2021-03-16;"Zahraničie";"SKZZZZ";0;1;1
2021-03-16;NA;"?";44;383;427
2021-03-15;"Neznáme";"SK000";178;1383;1561
2021-03-15;"Okres Bánovce nad Bebravou";"SK0221";6;26;32
2021-03-15;"Okres Banská Bystrica";"SK0321";24;102;126
2021-03-15;"Okres Banská Štiavnica";"SK0322";1;10;11
2021-03-15;"Okres Bardejov";"SK0411";6;46;52
2021-03-15;"Okres Bratislava I";"SK0101";18;141;159
2021-03-15;"Okres Bratislava II";"SK0102";31;206;237
2021-03-15;"Okres Bratislava III";"SK0103";20;163;183
2021-03-15;"Okres Bratislava IV";"SK0104";21;173;194
2021-03-15;"Okres Bratislava V";"SK0105";34;193;227
2021-03-15;"Okres Brezno";"SK0323";18;53;71
2021-03-15;"Okres Bytča";"SK0311";5;24;29
2021-03-15;"Okres Čadca";"SK0312";41;40;81
2021-03-15;"Okres Detva";"SK0324";4;24;28
2021-03-15;"Okres Dolný Kubín";"SK0313";1;23;24
2021-03-15;"Okres Dunajská Streda";"SK0211";45;112;157
2021-03-15;"Okres Galanta";"SK0212";11;48;59
2021-03-15;"Okres Gelnica";"SK0421";7;31;38
2021-03-15;"Okres Hlohovec";"SK0213";12;78;90
2021-03-15;"Okres Humenné";"SK0412";33;74;107
2021-03-15;"Okres Ilava";"SK0222";28;68;96
2021-03-15;"Okres Kežmarok";"SK0413";12;41;53
2021-03-15;"Okres Komárno";"SK0231";27;109;136
2021-03-15;"Okres Košice - okolie";"SK0426";38;151;189
2021-03-15;"Okres Košice I";"SK0422";3;29;32
2021-03-15;"Okres Košice II";"SK0423";18;57;75
2021-03-15;"Okres Košice III";"SK0424";7;11;18
2021-03-15;"Okres Košice IV";"SK0425";1;29;30
2021-03-15;"Okres Krupina";"SK0325";1;26;27
2021-03-15;"Okres Kysucké Nové Mesto";"SK0314";11;18;29
2021-03-15;"Okres Levice";"SK0232";12;92;104
2021-03-15;"Okres Levoča";"SK0414";2;22;24
2021-03-15;"Okres Liptovský Mikuláš";"SK0315";30;61;91
2021-03-15;"Okres Lučenec";"SK0326";19;62;81
2021-03-15;"Okres Malacky";"SK0106";10;205;215
2021-03-15;"Okres Martin";"SK0316";138;381;519
2021-03-15;"Okres Medzilaborce";"SK0415";0;12;12
2021-03-15;"Okres Michalovce";"SK0427";22;87;109
2021-03-15;"Okres Myjava";"SK0223";15;47;62
2021-03-15;"Okres Námestovo";"SK0317";18;65;83
2021-03-15;"Okres Nitra";"SK0233";9;178;187
2021-03-15;"Okres Nové Mesto nad Váhom";"SK0224";10;47;57
2021-03-15;"Okres Nové Zámky";"SK0234";36;99;135
2021-03-15;"Okres Partizánske";"SK0225";4;25;29
2021-03-15;"Okres Pezinok";"SK0107";20;104;124
2021-03-15;"Okres Piešťany";"SK0214";20;97;117
2021-03-15;"Okres Poltár";"SK0327";7;12;19
2021-03-15;"Okres Poprad";"SK0416";39;106;145
2021-03-15;"Okres Považská Bystrica";"SK0226";36;60;96
2021-03-15;"Okres Prešov";"SK0417";208;487;695
2021-03-15;"Okres Prievidza";"SK0227";43;119;162
2021-03-15;"Okres Púchov";"SK0228";8;31;39
2021-03-15;"Okres Revúca";"SK0328";2;10;12
2021-03-15;"Okres Rimavská Sobota";"SK0329";1;13;14
2021-03-15;"Okres Rožňava";"SK0428";1;21;22
2021-03-15;"Okres Ružomberok";"SK0318";11;44;55
2021-03-15;"Okres Sabinov";"SK0418";28;136;164
2021-03-15;"Okres Senec";"SK0108";42;173;215
2021-03-15;"Okres Senica";"SK0215";23;92;115
2021-03-15;"Okres Skalica";"SK0216";1;83;84
2021-03-15;"Okres Snina";"SK0419";4;49;53
2021-03-15;"Okres Sobrance";"SK0429";8;29;37
2021-03-15;"Okres Spišská Nová Ves";"SK042A";3;83;86
2021-03-15;"Okres Stará Ľubovňa";"SK041A";22;75;97
2021-03-15;"Okres Stropkov";"SK041B";3;11;14
2021-03-15;"Okres Svidník";"SK041C";27;51;78
2021-03-15;"Okres Šaľa";"SK0235";12;66;78
2021-03-15;"Okres Topoľčany";"SK0236";5;76;81
2021-03-15;"Okres Trebišov";"SK042B";29;83;112
2021-03-15;"Okres Trenčín";"SK0229";20;111;131
2021-03-15;"Okres Trnava";"SK0217";33;143;176
2021-03-15;"Okres Turčianske Teplice";"SK0319";22;33;55
2021-03-15;"Okres Tvrdošín";"SK031A";9;59;68
2021-03-15;"Okres Veľký Krtíš";"SK032A";4;27;31
2021-03-15;"Okres Vranov nad Topľou";"SK041D";4;40;44
2021-03-15;"Okres Zlaté Moravce";"SK0237";3;33;36
2021-03-15;"Okres Zvolen";"SK032B";17;102;119
2021-03-15;"Okres Žarnovica";"SK032C";5;14;19
2021-03-15;"Okres Žiar nad Hronom";"SK032D";16;22;38
2021-03-15;"Okres Žilina";"SK031B";30;176;206
2021-03-15;NA;"?";42;282;324
2021-03-14;"Neznáme";"SK000";50;198;248
2021-03-14;"Okres Bánovce nad Bebravou";"SK0221";0;5;5
2021-03-14;"Okres Banská Bystrica";"SK0321";40;102;142
2021-03-14;"Okres Banská Štiavnica";"SK0322";2;8;10
2021-03-14;"Okres Bardejov";"SK0411";0;17;17
2021-03-14;"Okres Bratislava I";"SK0101";3;74;77
2021-03-14;"Okres Bratislava II";"SK0102";13;148;161
2021-03-14;"Okres Bratislava III";"SK0103";12;103;115
2021-03-14;"Okres Bratislava IV";"SK0104";9;103;112
2021-03-14;"Okres Bratislava V";"SK0105";9;131;140
2021-03-14;"Okres Brezno";"SK0323";2;7;9
2021-03-14;"Okres Bytča";"SK0311";0;11;11
2021-03-14;"Okres Čadca";"SK0312";1;6;7
2021-03-14;"Okres Detva";"SK0324";0;3;3
2021-03-14;"Okres Dolný Kubín";"SK0313";11;31;42
2021-03-14;"Okres Dunajská Streda";"SK0211";3;15;18
2021-03-14;"Okres Galanta";"SK0212";1;16;17
2021-03-14;"Okres Gelnica";"SK0421";1;6;7
2021-03-14;"Okres Hlohovec";"SK0213";4;15;19
2021-03-14;"Okres Humenné";"SK0412";23;31;54
2021-03-14;"Okres Ilava";"SK0222";2;30;32
2021-03-14;"Okres Kežmarok";"SK0413";1;6;7
2021-03-14;"Okres Komárno";"SK0231";0;2;2
2021-03-14;"Okres Košice - okolie";"SK0426";33;72;105
2021-03-14;"Okres Košice I";"SK0422";13;20;33
2021-03-14;"Okres Košice II";"SK0423";12;26;38
2021-03-14;"Okres Košice III";"SK0424";2;9;11
2021-03-14;"Okres Košice IV";"SK0425";10;21;31
2021-03-14;"Okres Krupina";"SK0325";0;4;4
2021-03-14;"Okres Kysucké Nové Mesto";"SK0314";2;3;5
2021-03-14;"Okres Levice";"SK0232";1;11;12
2021-03-14;"Okres Levoča";"SK0414";0;2;2
2021-03-14;"Okres Liptovský Mikuláš";"SK0315";6;6;12
2021-03-14;"Okres Lučenec";"SK0326";0;2;2
2021-03-14;"Okres Malacky";"SK0106";12;58;70
2021-03-14;"Okres Martin";"SK0316";4;9;13
2021-03-14;"Okres Medzilaborce";"SK0415";0;6;6
2021-03-14;"Okres Michalovce";"SK0427";26;75;101
2021-03-14;"Okres Myjava";"SK0223";0;2;2
2021-03-14;"Okres Námestovo";"SK0317";6;27;33
2021-03-14;"Okres Nitra";"SK0233";1;11;12
2021-03-14;"Okres Nové Mesto nad Váhom";"SK0224";2;11;13
2021-03-14;"Okres Nové Zámky";"SK0234";0;11;11
2021-03-14;"Okres Partizánske";"SK0225";1;4;5
2021-03-14;"Okres Pezinok";"SK0107";9;74;83
2021-03-14;"Okres Piešťany";"SK0214";1;7;8
2021-03-14;"Okres Poltár";"SK0327";0;1;1
2021-03-14;"Okres Poprad";"SK0416";4;11;15
2021-03-14;"Okres Považská Bystrica";"SK0226";2;3;5
2021-03-14;"Okres Prešov";"SK0417";4;39;43
2021-03-14;"Okres Prievidza";"SK0227";2;12;14
2021-03-14;"Okres Púchov";"SK0228";0;4;4
2021-03-14;"Okres Revúca";"SK0328";0;3;3
2021-03-14;"Okres Rimavská Sobota";"SK0329";1;6;7
2021-03-14;"Okres Rožňava";"SK0428";2;2;4
2021-03-14;"Okres Ružomberok";"SK0318";16;46;62
2021-03-14;"Okres Sabinov";"SK0418";4;16;20
2021-03-14;"Okres Senec";"SK0108";9;79;88
2021-03-14;"Okres Senica";"SK0215";1;16;17
2021-03-14;"Okres Skalica";"SK0216";0;6;6
2021-03-14;"Okres Snina";"SK0419";3;14;17
2021-03-14;"Okres Sobrance";"SK0429";6;9;15
2021-03-14;"Okres Spišská Nová Ves";"SK042A";2;11;13
2021-03-14;"Okres Stará Ľubovňa";"SK041A";0;5;5
2021-03-14;"Okres Stropkov";"SK041B";0;1;1
2021-03-14;"Okres Svidník";"SK041C";3;13;16
2021-03-14;"Okres Šaľa";"SK0235";0;14;14
2021-03-14;"Okres Topoľčany";"SK0236";2;2;4
2021-03-14;"Okres Trebišov";"SK042B";5;17;22
2021-03-14;"Okres Trenčín";"SK0229";34;82;116
2021-03-14;"Okres Trnava";"SK0217";4;29;33
2021-03-14;"Okres Turčianske Teplice";"SK0319";0;2;2
2021-03-14;"Okres Tvrdošín";"SK031A";1;14;15
2021-03-14;"Okres Veľký Krtíš";"SK032A";0;3;3
2021-03-14;"Okres Vranov nad Topľou";"SK041D";15;23;38
2021-03-14;"Okres Zlaté Moravce";"SK0237";0;4;4
2021-03-14;"Okres Zvolen";"SK032B";0;9;9
2021-03-14;"Okres Žarnovica";"SK032C";0;3;3
2021-03-14;"Okres Žiar nad Hronom";"SK032D";1;5;6
2021-03-14;"Okres Žilina";"SK031B";14;57;71
2021-03-14;NA;"?";25;192;217
2021-03-13;"Neznáme";"SK000";97;403;500
2021-03-13;"Okres Bánovce nad Bebravou";"SK0221";13;63;76
2021-03-13;"Okres Banská Bystrica";"SK0321";56;173;229
2021-03-13;"Okres Banská Štiavnica";"SK0322";2;19;21
2021-03-13;"Okres Bardejov";"SK0411";37;147;184
2021-03-13;"Okres Bratislava I";"SK0101";2;121;123
2021-03-13;"Okres Bratislava II";"SK0102";22;210;232
2021-03-13;"Okres Bratislava III";"SK0103";4;130;134
2021-03-13;"Okres Bratislava IV";"SK0104";10;196;206
2021-03-13;"Okres Bratislava V";"SK0105";19;179;198
2021-03-13;"Okres Brezno";"SK0323";2;16;18
2021-03-13;"Okres Bytča";"SK0311";10;33;43
2021-03-13;"Okres Čadca";"SK0312";12;82;94
2021-03-13;"Okres Detva";"SK0324";3;20;23
2021-03-13;"Okres Dolný Kubín";"SK0313";8;15;23
2021-03-13;"Okres Dunajská Streda";"SK0211";32;139;171
2021-03-13;"Okres Galanta";"SK0212";17;108;125
2021-03-13;"Okres Gelnica";"SK0421";6;26;32
2021-03-13;"Okres Hlohovec";"SK0213";14;31;45
2021-03-13;"Okres Humenné";"SK0412";4;41;45
2021-03-13;"Okres Ilava";"SK0222";18;70;88
2021-03-13;"Okres Kežmarok";"SK0413";7;56;63
2021-03-13;"Okres Komárno";"SK0231";3;30;33
2021-03-13;"Okres Košice - okolie";"SK0426";14;85;99
2021-03-13;"Okres Košice I";"SK0422";3;10;13
2021-03-13;"Okres Košice II";"SK0423";3;9;12
2021-03-13;"Okres Košice III";"SK0424";7;2;9
2021-03-13;"Okres Košice IV";"SK0425";8;10;18
2021-03-13;"Okres Krupina";"SK0325";4;21;25
2021-03-13;"Okres Kysucké Nové Mesto";"SK0314";4;12;16
2021-03-13;"Okres Levice";"SK0232";9;57;66
2021-03-13;"Okres Levoča";"SK0414";10;25;35
2021-03-13;"Okres Liptovský Mikuláš";"SK0315";42;117;159
2021-03-13;"Okres Lučenec";"SK0326";5;14;19
2021-03-13;"Okres Malacky";"SK0106";23;73;96
2021-03-13;"Okres Martin";"SK0316";1;47;48
2021-03-13;"Okres Medzilaborce";"SK0415";2;9;11
2021-03-13;"Okres Michalovce";"SK0427";25;76;101
2021-03-13;"Okres Myjava";"SK0223";1;13;14
2021-03-13;"Okres Námestovo";"SK0317";1;30;31
2021-03-13;"Okres Nitra";"SK0233";7;43;50
2021-03-13;"Okres Nové Mesto nad Váhom";"SK0224";31;92;123
2021-03-13;"Okres Nové Zámky";"SK0234";10;30;40
2021-03-13;"Okres Partizánske";"SK0225";21;32;53
2021-03-13;"Okres Pezinok";"SK0107";9;70;79
2021-03-13;"Okres Piešťany";"SK0214";4;20;24
2021-03-13;"Okres Poltár";"SK0327";2;7;9
2021-03-13;"Okres Poprad";"SK0416";36;205;241
2021-03-13;"Okres Považská Bystrica";"SK0226";57;86;143
2021-03-13;"Okres Prešov";"SK0417";50;175;225
2021-03-13;"Okres Prievidza";"SK0227";26;98;124
2021-03-13;"Okres Púchov";"SK0228";49;99;148
2021-03-13;"Okres Revúca";"SK0328";11;29;40
2021-03-13;"Okres Rimavská Sobota";"SK0329";76;53;129
2021-03-13;"Okres Rožňava";"SK0428";15;51;66
2021-03-13;"Okres Ružomberok";"SK0318";7;36;43
2021-03-13;"Okres Sabinov";"SK0418";11;81;92
2021-03-13;"Okres Senec";"SK0108";24;135;159
2021-03-13;"Okres Senica";"SK0215";17;54;71
2021-03-13;"Okres Skalica";"SK0216";9;22;31
2021-03-13;"Okres Snina";"SK0419";0;32;32
2021-03-13;"Okres Sobrance";"SK0429";3;14;17
2021-03-13;"Okres Spišská Nová Ves";"SK042A";44;198;242
2021-03-13;"Okres Stará Ľubovňa";"SK041A";14;113;127
2021-03-13;"Okres Stropkov";"SK041B";6;39;45
2021-03-13;"Okres Svidník";"SK041C";7;33;40
2021-03-13;"Okres Šaľa";"SK0235";16;30;46
2021-03-13;"Okres Topoľčany";"SK0236";4;25;29
2021-03-13;"Okres Trebišov";"SK042B";3;21;24
2021-03-13;"Okres Trenčín";"SK0229";57;159;216
2021-03-13;"Okres Trnava";"SK0217";43;163;206
2021-03-13;"Okres Turčianske Teplice";"SK0319";0;5;5
2021-03-13;"Okres Tvrdošín";"SK031A";1;9;10
2021-03-13;"Okres Veľký Krtíš";"SK032A";2;5;7
2021-03-13;"Okres Vranov nad Topľou";"SK041D";19;46;65
2021-03-13;"Okres Zlaté Moravce";"SK0237";4;10;14
2021-03-13;"Okres Zvolen";"SK032B";19;88;107
2021-03-13;"Okres Žarnovica";"SK032C";10;28;38
2021-03-13;"Okres Žiar nad Hronom";"SK032D";21;103;124
2021-03-13;"Okres Žilina";"SK031B";34;153;187
2021-03-13;NA;"?";20;180;200
2021-03-12;"Neznáme";"SK000";218;876;1094
2021-03-12;"Okres Bánovce nad Bebravou";"SK0221";5;23;28
2021-03-12;"Okres Banská Bystrica";"SK0321";51;257;308
2021-03-12;"Okres Banská Štiavnica";"SK0322";2;16;18
2021-03-12;"Okres Bardejov";"SK0411";63;131;194
2021-03-12;"Okres Bratislava I";"SK0101";8;259;267
2021-03-12;"Okres Bratislava II";"SK0102";38;483;521
2021-03-12;"Okres Bratislava III";"SK0103";12;297;309
2021-03-12;"Okres Bratislava IV";"SK0104";20;565;585
2021-03-12;"Okres Bratislava V";"SK0105";25;491;516
2021-03-12;"Okres Brezno";"SK0323";18;34;52
2021-03-12;"Okres Bytča";"SK0311";7;42;49
2021-03-12;"Okres Čadca";"SK0312";59;135;194
2021-03-12;"Okres Detva";"SK0324";7;34;41
2021-03-12;"Okres Dolný Kubín";"SK0313";25;88;113
2021-03-12;"Okres Dunajská Streda";"SK0211";30;198;228
2021-03-12;"Okres Galanta";"SK0212";32;140;172
2021-03-12;"Okres Gelnica";"SK0421";20;41;61
2021-03-12;"Okres Hlohovec";"SK0213";4;63;67
2021-03-12;"Okres Humenné";"SK0412";29;80;109
2021-03-12;"Okres Ilava";"SK0222";52;97;149
2021-03-12;"Okres Kežmarok";"SK0413";7;52;59
2021-03-12;"Okres Komárno";"SK0231";28;77;105
2021-03-12;"Okres Košice - okolie";"SK0426";64;176;240
2021-03-12;"Okres Košice I";"SK0422";9;45;54
2021-03-12;"Okres Košice II";"SK0423";24;58;82
2021-03-12;"Okres Košice III";"SK0424";8;13;21
2021-03-12;"Okres Košice IV";"SK0425";12;27;39
2021-03-12;"Okres Krupina";"SK0325";7;21;28
2021-03-12;"Okres Kysucké Nové Mesto";"SK0314";11;33;44
2021-03-12;"Okres Levice";"SK0232";13;117;130
2021-03-12;"Okres Levoča";"SK0414";10;56;66
2021-03-12;"Okres Liptovský Mikuláš";"SK0315";82;150;232
2021-03-12;"Okres Lučenec";"SK0326";35;103;138
2021-03-12;"Okres Malacky";"SK0106";26;375;401
2021-03-12;"Okres Martin";"SK0316";107;311;418
2021-03-12;"Okres Medzilaborce";"SK0415";0;5;5
2021-03-12;"Okres Michalovce";"SK0427";47;153;200
2021-03-12;"Okres Myjava";"SK0223";34;72;106
2021-03-12;"Okres Námestovo";"SK0317";24;183;207
2021-03-12;"Okres Nitra";"SK0233";10;137;147
2021-03-12;"Okres Nové Mesto nad Váhom";"SK0224";45;116;161
2021-03-12;"Okres Nové Zámky";"SK0234";53;193;246
2021-03-12;"Okres Partizánske";"SK0225";10;26;36
2021-03-12;"Okres Pezinok";"SK0107";13;185;198
2021-03-12;"Okres Piešťany";"SK0214";23;108;131
2021-03-12;"Okres Poltár";"SK0327";5;27;32
2021-03-12;"Okres Poprad";"SK0416";62;380;442
2021-03-12;"Okres Považská Bystrica";"SK0226";46;95;141
2021-03-12;"Okres Prešov";"SK0417";107;579;686
2021-03-12;"Okres Prievidza";"SK0227";58;231;289
2021-03-12;"Okres Púchov";"SK0228";20;55;75
2021-03-12;"Okres Revúca";"SK0328";10;32;42
2021-03-12;"Okres Rimavská Sobota";"SK0329";37;139;176
2021-03-12;"Okres Rožňava";"SK0428";31;25;56
2021-03-12;"Okres Ružomberok";"SK0318";54;188;242
2021-03-12;"Okres Sabinov";"SK0418";15;125;140
2021-03-12;"Okres Senec";"SK0108";15;261;276
2021-03-12;"Okres Senica";"SK0215";27;106;133
2021-03-12;"Okres Skalica";"SK0216";4;35;39
2021-03-12;"Okres Snina";"SK0419";4;46;50
2021-03-12;"Okres Sobrance";"SK0429";7;28;35
2021-03-12;"Okres Spišská Nová Ves";"SK042A";39;143;182
2021-03-12;"Okres Stará Ľubovňa";"SK041A";12;61;73
2021-03-12;"Okres Stropkov";"SK041B";5;60;65
2021-03-12;"Okres Svidník";"SK041C";15;83;98
2021-03-12;"Okres Šaľa";"SK0235";6;45;51
2021-03-12;"Okres Topoľčany";"SK0236";17;68;85
2021-03-12;"Okres Trebišov";"SK042B";41;189;230
2021-03-12;"Okres Trenčín";"SK0229";98;220;318
2021-03-12;"Okres Trnava";"SK0217";48;259;307
2021-03-12;"Okres Turčianske Teplice";"SK0319";23;52;75
2021-03-12;"Okres Tvrdošín";"SK031A";8;93;101
2021-03-12;"Okres Veľký Krtíš";"SK032A";31;86;117
2021-03-12;"Okres Vranov nad Topľou";"SK041D";89;208;297
2021-03-12;"Okres Zlaté Moravce";"SK0237";3;26;29
2021-03-12;"Okres Zvolen";"SK032B";15;147;162
2021-03-12;"Okres Žarnovica";"SK032C";3;22;25
2021-03-12;"Okres Žiar nad Hronom";"SK032D";13;57;70
2021-03-12;"Okres Žilina";"SK031B";58;267;325
2021-03-12;NA;"?";76;387;463
2021-03-11;"Neznáme";"SK000";193;753;946
2021-03-11;"Okres Bánovce nad Bebravou";"SK0221";12;27;39
2021-03-11;"Okres Banská Bystrica";"SK0321";69;210;279
2021-03-11;"Okres Banská Štiavnica";"SK0322";0;13;13
2021-03-11;"Okres Bardejov";"SK0411";43;111;154
2021-03-11;"Okres Bratislava I";"SK0101";11;188;199
2021-03-11;"Okres Bratislava II";"SK0102";31;285;316
2021-03-11;"Okres Bratislava III";"SK0103";19;216;235
2021-03-11;"Okres Bratislava IV";"SK0104";24;229;253
2021-03-11;"Okres Bratislava V";"SK0105";29;247;276
2021-03-11;"Okres Brezno";"SK0323";17;46;63
2021-03-11;"Okres Bytča";"SK0311";2;21;23
2021-03-11;"Okres Čadca";"SK0312";93;163;256
2021-03-11;"Okres Detva";"SK0324";9;25;34
2021-03-11;"Okres Dolný Kubín";"SK0313";9;37;46
2021-03-11;"Okres Dunajská Streda";"SK0211";39;100;139
2021-03-11;"Okres Galanta";"SK0212";11;51;62
2021-03-11;"Okres Gelnica";"SK0421";20;48;68
2021-03-11;"Okres Hlohovec";"SK0213";11;63;74
2021-03-11;"Okres Humenné";"SK0412";57;102;159
2021-03-11;"Okres Ilava";"SK0222";27;76;103
2021-03-11;"Okres Kežmarok";"SK0413";16;78;94
2021-03-11;"Okres Komárno";"SK0231";46;97;143
2021-03-11;"Okres Košice - okolie";"SK0426";65;164;229
2021-03-11;"Okres Košice I";"SK0422";16;29;45
2021-03-11;"Okres Košice II";"SK0423";24;49;73
2021-03-11;"Okres Košice III";"SK0424";9;15;24
2021-03-11;"Okres Košice IV";"SK0425";10;24;34
2021-03-11;"Okres Krupina";"SK0325";0;22;22
2021-03-11;"Okres Kysucké Nové Mesto";"SK0314";8;38;46
2021-03-11;"Okres Levice";"SK0232";9;66;75
2021-03-11;"Okres Levoča";"SK0414";30;60;90
2021-03-11;"Okres Liptovský Mikuláš";"SK0315";45;109;154
2021-03-11;"Okres Lučenec";"SK0326";33;110;143
2021-03-11;"Okres Malacky";"SK0106";25;191;216
2021-03-11;"Okres Martin";"SK0316";53;199;252
2021-03-11;"Okres Medzilaborce";"SK0415";2;12;14
2021-03-11;"Okres Michalovce";"SK0427";52;169;221
2021-03-11;"Okres Myjava";"SK0223";2;5;7
2021-03-11;"Okres Námestovo";"SK0317";15;43;58
2021-03-11;"Okres Nitra";"SK0233";2;86;88
2021-03-11;"Okres Nové Mesto nad Váhom";"SK0224";41;130;171
2021-03-11;"Okres Nové Zámky";"SK0234";39;123;162
2021-03-11;"Okres Partizánske";"SK0225";11;44;55
2021-03-11;"Okres Pezinok";"SK0107";15;121;136
2021-03-11;"Okres Piešťany";"SK0214";36;112;148
2021-03-11;"Okres Poltár";"SK0327";8;15;23
2021-03-11;"Okres Poprad";"SK0416";33;98;131
2021-03-11;"Okres Považská Bystrica";"SK0226";42;63;105
2021-03-11;"Okres Prešov";"SK0417";102;296;398
2021-03-11;"Okres Prievidza";"SK0227";93;179;272
2021-03-11;"Okres Púchov";"SK0228";11;38;49
2021-03-11;"Okres Revúca";"SK0328";12;26;38
2021-03-11;"Okres Rimavská Sobota";"SK0329";47;132;179
2021-03-11;"Okres Rožňava";"SK0428";10;46;56
2021-03-11;"Okres Ružomberok";"SK0318";37;112;149
2021-03-11;"Okres Sabinov";"SK0418";21;75;96
2021-03-11;"Okres Senec";"SK0108";31;184;215
2021-03-11;"Okres Senica";"SK0215";29;55;84
2021-03-11;"Okres Skalica";"SK0216";11;32;43
2021-03-11;"Okres Snina";"SK0419";14;47;61
2021-03-11;"Okres Sobrance";"SK0429";13;42;55
2021-03-11;"Okres Spišská Nová Ves";"SK042A";56;253;309
2021-03-11;"Okres Stará Ľubovňa";"SK041A";15;109;124
2021-03-11;"Okres Stropkov";"SK041B";13;55;68
2021-03-11;"Okres Svidník";"SK041C";26;93;119
2021-03-11;"Okres Šaľa";"SK0235";9;49;58
2021-03-11;"Okres Topoľčany";"SK0236";23;51;74
2021-03-11;"Okres Trebišov";"SK042B";45;131;176
2021-03-11;"Okres Trenčín";"SK0229";69;178;247
2021-03-11;"Okres Trnava";"SK0217";50;166;216
2021-03-11;"Okres Turčianske Teplice";"SK0319";6;19;25
2021-03-11;"Okres Tvrdošín";"SK031A";4;25;29
2021-03-11;"Okres Veľký Krtíš";"SK032A";26;82;108
2021-03-11;"Okres Vranov nad Topľou";"SK041D";92;185;277
2021-03-11;"Okres Zlaté Moravce";"SK0237";3;16;19
2021-03-11;"Okres Zvolen";"SK032B";20;107;127
2021-03-11;"Okres Žarnovica";"SK032C";10;28;38
2021-03-11;"Okres Žiar nad Hronom";"SK032D";21;59;80
2021-03-11;"Okres Žilina";"SK031B";66;180;246
2021-03-11;NA;"?";93;352;445
2021-03-10;"Neznáme";"SK000";225;1030;1255
2021-03-10;"Okres Bánovce nad Bebravou";"SK0221";11;65;76
2021-03-10;"Okres Banská Bystrica";"SK0321";33;174;207
2021-03-10;"Okres Banská Štiavnica";"SK0322";2;24;26
2021-03-10;"Okres Bardejov";"SK0411";23;128;151
2021-03-10;"Okres Bratislava I";"SK0101";4;182;186
2021-03-10;"Okres Bratislava II";"SK0102";26;285;311
2021-03-10;"Okres Bratislava III";"SK0103";22;195;217
2021-03-10;"Okres Bratislava IV";"SK0104";28;241;269
2021-03-10;"Okres Bratislava V";"SK0105";26;268;294
2021-03-10;"Okres Brezno";"SK0323";25;62;87
2021-03-10;"Okres Bytča";"SK0311";12;30;42
2021-03-10;"Okres Čadca";"SK0312";54;142;196
2021-03-10;"Okres Detva";"SK0324";3;29;32
2021-03-10;"Okres Dolný Kubín";"SK0313";9;41;50
2021-03-10;"Okres Dunajská Streda";"SK0211";40;149;189
2021-03-10;"Okres Galanta";"SK0212";33;116;149
2021-03-10;"Okres Gelnica";"SK0421";13;28;41
2021-03-10;"Okres Hlohovec";"SK0213";21;49;70
2021-03-10;"Okres Humenné";"SK0412";14;24;38
2021-03-10;"Okres Ilava";"SK0222";86;107;193
2021-03-10;"Okres Kežmarok";"SK0413";21;92;113
2021-03-10;"Okres Komárno";"SK0231";4;71;75
2021-03-10;"Okres Košice - okolie";"SK0426";16;117;133
2021-03-10;"Okres Košice I";"SK0422";3;19;22
2021-03-10;"Okres Košice II";"SK0423";9;16;25
2021-03-10;"Okres Košice III";"SK0424";3;4;7
2021-03-10;"Okres Košice IV";"SK0425";2;4;6
2021-03-10;"Okres Krupina";"SK0325";3;17;20
2021-03-10;"Okres Kysucké Nové Mesto";"SK0314";7;38;45
2021-03-10;"Okres Levice";"SK0232";21;98;119
2021-03-10;"Okres Levoča";"SK0414";20;60;80
2021-03-10;"Okres Liptovský Mikuláš";"SK0315";40;116;156
2021-03-10;"Okres Lučenec";"SK0326";41;90;131
2021-03-10;"Okres Malacky";"SK0106";18;138;156
2021-03-10;"Okres Martin";"SK0316";64;160;224
2021-03-10;"Okres Medzilaborce";"SK0415";1;7;8
2021-03-10;"Okres Michalovce";"SK0427";13;62;75
2021-03-10;"Okres Myjava";"SK0223";23;51;74
2021-03-10;"Okres Námestovo";"SK0317";11;87;98
2021-03-10;"Okres Nitra";"SK0233";11;113;124
2021-03-10;"Okres Nové Mesto nad Váhom";"SK0224";52;127;179
2021-03-10;"Okres Nové Zámky";"SK0234";15;78;93
2021-03-10;"Okres Partizánske";"SK0225";3;13;16
2021-03-10;"Okres Pezinok";"SK0107";20;121;141
2021-03-10;"Okres Piešťany";"SK0214";31;135;166
2021-03-10;"Okres Poltár";"SK0327";10;24;34
2021-03-10;"Okres Poprad";"SK0416";64;178;242
2021-03-10;"Okres Považská Bystrica";"SK0226";26;75;101
2021-03-10;"Okres Prešov";"SK0417";85;272;357
2021-03-10;"Okres Prievidza";"SK0227";61;169;230
2021-03-10;"Okres Púchov";"SK0228";54;89;143
2021-03-10;"Okres Revúca";"SK0328";13;23;36
2021-03-10;"Okres Rimavská Sobota";"SK0329";52;122;174
2021-03-10;"Okres Rožňava";"SK0428";16;67;83
2021-03-10;"Okres Ružomberok";"SK0318";57;92;149
2021-03-10;"Okres Sabinov";"SK0418";17;67;84
2021-03-10;"Okres Senec";"SK0108";24;164;188
2021-03-10;"Okres Senica";"SK0215";35;65;100
2021-03-10;"Okres Skalica";"SK0216";5;41;46
2021-03-10;"Okres Snina";"SK0419";8;28;36
2021-03-10;"Okres Sobrance";"SK0429";2;18;20
2021-03-10;"Okres Spišská Nová Ves";"SK042A";21;91;112
2021-03-10;"Okres Stará Ľubovňa";"SK041A";39;138;177
2021-03-10;"Okres Stropkov";"SK041B";14;23;37
2021-03-10;"Okres Svidník";"SK041C";13;30;43
2021-03-10;"Okres Šaľa";"SK0235";11;49;60
2021-03-10;"Okres Topoľčany";"SK0236";13;55;68
2021-03-10;"Okres Trebišov";"SK042B";18;56;74
2021-03-10;"Okres Trenčín";"SK0229";77;325;402
2021-03-10;"Okres Trnava";"SK0217";47;163;210
2021-03-10;"Okres Turčianske Teplice";"SK0319";6;17;23
2021-03-10;"Okres Tvrdošín";"SK031A";9;59;68
2021-03-10;"Okres Veľký Krtíš";"SK032A";40;79;119
2021-03-10;"Okres Vranov nad Topľou";"SK041D";5;35;40
2021-03-10;"Okres Zlaté Moravce";"SK0237";0;23;23
2021-03-10;"Okres Zvolen";"SK032B";18;99;117
2021-03-10;"Okres Žarnovica";"SK032C";8;42;50
2021-03-10;"Okres Žiar nad Hronom";"SK032D";32;73;105
2021-03-10;"Okres Žilina";"SK031B";44;204;248
2021-03-10;"Zahraničie";"SKZZZZ";0;1;1
2021-03-10;NA;"?";18;260;278
2021-03-09;"Neznáme";"SK000";350;1402;1752
2021-03-09;"Okres Bánovce nad Bebravou";"SK0221";36;81;117
2021-03-09;"Okres Banská Bystrica";"SK0321";79;335;414
2021-03-09;"Okres Banská Štiavnica";"SK0322";5;31;36
2021-03-09;"Okres Bardejov";"SK0411";57;206;263
2021-03-09;"Okres Bratislava I";"SK0101";15;189;204
2021-03-09;"Okres Bratislava II";"SK0102";44;356;400
2021-03-09;"Okres Bratislava III";"SK0103";30;189;219
2021-03-09;"Okres Bratislava IV";"SK0104";37;317;354
2021-03-09;"Okres Bratislava V";"SK0105";24;263;287
2021-03-09;"Okres Brezno";"SK0323";28;91;119
2021-03-09;"Okres Bytča";"SK0311";25;45;70
2021-03-09;"Okres Čadca";"SK0312";34;124;158
2021-03-09;"Okres Detva";"SK0324";10;44;54
2021-03-09;"Okres Dolný Kubín";"SK0313";9;24;33
2021-03-09;"Okres Dunajská Streda";"SK0211";133;337;470
2021-03-09;"Okres Galanta";"SK0212";33;157;190
2021-03-09;"Okres Gelnica";"SK0421";37;65;102
2021-03-09;"Okres Hlohovec";"SK0213";36;97;133
2021-03-09;"Okres Humenné";"SK0412";37;84;121
2021-03-09;"Okres Ilava";"SK0222";77;156;233
2021-03-09;"Okres Kežmarok";"SK0413";18;111;129
2021-03-09;"Okres Komárno";"SK0231";86;129;215
2021-03-09;"Okres Košice - okolie";"SK0426";105;351;456
2021-03-09;"Okres Košice I";"SK0422";28;64;92
2021-03-09;"Okres Košice II";"SK0423";37;101;138
2021-03-09;"Okres Košice III";"SK0424";11;20;31
2021-03-09;"Okres Košice IV";"SK0425";28;39;67
2021-03-09;"Okres Krupina";"SK0325";10;31;41
2021-03-09;"Okres Kysucké Nové Mesto";"SK0314";10;77;87
2021-03-09;"Okres Levice";"SK0232";21;111;132
2021-03-09;"Okres Levoča";"SK0414";21;61;82
2021-03-09;"Okres Liptovský Mikuláš";"SK0315";95;210;305
2021-03-09;"Okres Lučenec";"SK0326";40;113;153
2021-03-09;"Okres Malacky";"SK0106";29;161;190
2021-03-09;"Okres Martin";"SK0316";120;156;276
2021-03-09;"Okres Medzilaborce";"SK0415";1;14;15
2021-03-09;"Okres Michalovce";"SK0427";63;254;317
2021-03-09;"Okres Myjava";"SK0223";31;86;117
2021-03-09;"Okres Námestovo";"SK0317";13;69;82
2021-03-09;"Okres Nitra";"SK0233";8;102;110
2021-03-09;"Okres Nové Mesto nad Váhom";"SK0224";79;207;286
2021-03-09;"Okres Nové Zámky";"SK0234";62;146;208
2021-03-09;"Okres Partizánske";"SK0225";17;71;88
2021-03-09;"Okres Pezinok";"SK0107";22;133;155
2021-03-09;"Okres Piešťany";"SK0214";68;147;215
2021-03-09;"Okres Poltár";"SK0327";27;33;60
2021-03-09;"Okres Poprad";"SK0416";74;181;255
2021-03-09;"Okres Považská Bystrica";"SK0226";105;188;293
2021-03-09;"Okres Prešov";"SK0417";104;272;376
2021-03-09;"Okres Prievidza";"SK0227";65;213;278
2021-03-09;"Okres Púchov";"SK0228";61;91;152
2021-03-09;"Okres Revúca";"SK0328";19;30;49
2021-03-09;"Okres Rimavská Sobota";"SK0329";72;114;186
2021-03-09;"Okres Rožňava";"SK0428";35;84;119
2021-03-09;"Okres Ružomberok";"SK0318";24;68;92
2021-03-09;"Okres Sabinov";"SK0418";25;95;120
2021-03-09;"Okres Senec";"SK0108";41;222;263
2021-03-09;"Okres Senica";"SK0215";49;143;192
2021-03-09;"Okres Skalica";"SK0216";13;57;70
2021-03-09;"Okres Snina";"SK0419";16;62;78
2021-03-09;"Okres Sobrance";"SK0429";18;32;50
2021-03-09;"Okres Spišská Nová Ves";"SK042A";85;227;312
2021-03-09;"Okres Stará Ľubovňa";"SK041A";27;133;160
2021-03-09;"Okres Stropkov";"SK041B";13;40;53
2021-03-09;"Okres Svidník";"SK041C";42;95;137
2021-03-09;"Okres Šaľa";"SK0235";33;81;114
2021-03-09;"Okres Topoľčany";"SK0236";30;73;103
2021-03-09;"Okres Trebišov";"SK042B";143;295;438
2021-03-09;"Okres Trenčín";"SK0229";135;367;502
2021-03-09;"Okres Trnava";"SK0217";71;281;352
2021-03-09;"Okres Turčianske Teplice";"SK0319";18;43;61
2021-03-09;"Okres Tvrdošín";"SK031A";8;40;48
2021-03-09;"Okres Veľký Krtíš";"SK032A";11;31;42
2021-03-09;"Okres Vranov nad Topľou";"SK041D";96;248;344
2021-03-09;"Okres Zlaté Moravce";"SK0237";2;37;39
2021-03-09;"Okres Zvolen";"SK032B";60;202;262
2021-03-09;"Okres Žarnovica";"SK032C";8;36;44
2021-03-09;"Okres Žiar nad Hronom";"SK032D";33;103;136
2021-03-09;"Okres Žilina";"SK031B";69;262;331
2021-03-09;"Zahraničie";"SKZZZZ";0;1;1
2021-03-09;NA;"?";100;433;533
2021-03-08;"Neznáme";"SK000";241;1004;1245
2021-03-08;"Okres Bánovce nad Bebravou";"SK0221";6;25;31
2021-03-08;"Okres Banská Bystrica";"SK0321";25;156;181
2021-03-08;"Okres Banská Štiavnica";"SK0322";6;15;21
2021-03-08;"Okres Bardejov";"SK0411";6;46;52
2021-03-08;"Okres Bratislava I";"SK0101";15;179;194
2021-03-08;"Okres Bratislava II";"SK0102";40;307;347
2021-03-08;"Okres Bratislava III";"SK0103";39;195;234
2021-03-08;"Okres Bratislava IV";"SK0104";33;254;287
2021-03-08;"Okres Bratislava V";"SK0105";57;269;326
2021-03-08;"Okres Brezno";"SK0323";24;93;117
2021-03-08;"Okres Bytča";"SK0311";8;21;29
2021-03-08;"Okres Čadca";"SK0312";45;85;130
2021-03-08;"Okres Detva";"SK0324";11;50;61
2021-03-08;"Okres Dolný Kubín";"SK0313";10;36;46
2021-03-08;"Okres Dunajská Streda";"SK0211";44;118;162
2021-03-08;"Okres Galanta";"SK0212";58;160;218
2021-03-08;"Okres Gelnica";"SK0421";13;27;40
2021-03-08;"Okres Hlohovec";"SK0213";30;72;102
2021-03-08;"Okres Humenné";"SK0412";24;72;96
2021-03-08;"Okres Ilava";"SK0222";31;100;131
2021-03-08;"Okres Kežmarok";"SK0413";3;28;31
2021-03-08;"Okres Komárno";"SK0231";44;129;173
2021-03-08;"Okres Košice - okolie";"SK0426";105;199;304
2021-03-08;"Okres Košice I";"SK0422";47;45;92
2021-03-08;"Okres Košice II";"SK0423";80;76;156
2021-03-08;"Okres Košice III";"SK0424";16;19;35
2021-03-08;"Okres Košice IV";"SK0425";30;26;56
2021-03-08;"Okres Krupina";"SK0325";4;18;22
2021-03-08;"Okres Kysucké Nové Mesto";"SK0314";6;35;41
2021-03-08;"Okres Levice";"SK0232";12;88;100
2021-03-08;"Okres Levoča";"SK0414";6;26;32
2021-03-08;"Okres Liptovský Mikuláš";"SK0315";15;43;58
2021-03-08;"Okres Lučenec";"SK0326";39;158;197
2021-03-08;"Okres Malacky";"SK0106";21;166;187
2021-03-08;"Okres Martin";"SK0316";119;300;419
2021-03-08;"Okres Medzilaborce";"SK0415";3;12;15
2021-03-08;"Okres Michalovce";"SK0427";63;170;233
2021-03-08;"Okres Myjava";"SK0223";6;33;39
2021-03-08;"Okres Námestovo";"SK0317";14;58;72
2021-03-08;"Okres Nitra";"SK0233";8;174;182
2021-03-08;"Okres Nové Mesto nad Váhom";"SK0224";8;51;59
2021-03-08;"Okres Nové Zámky";"SK0234";25;133;158
2021-03-08;"Okres Partizánske";"SK0225";15;34;49
2021-03-08;"Okres Pezinok";"SK0107";26;145;171
2021-03-08;"Okres Piešťany";"SK0214";32;101;133
2021-03-08;"Okres Poltár";"SK0327";14;35;49
2021-03-08;"Okres Poprad";"SK0416";40;121;161
2021-03-08;"Okres Považská Bystrica";"SK0226";4;21;25
2021-03-08;"Okres Prešov";"SK0417";173;530;703
2021-03-08;"Okres Prievidza";"SK0227";38;157;195
2021-03-08;"Okres Púchov";"SK0228";7;36;43
2021-03-08;"Okres Revúca";"SK0328";3;10;13
2021-03-08;"Okres Rimavská Sobota";"SK0329";19;32;51
2021-03-08;"Okres Rožňava";"SK0428";5;43;48
2021-03-08;"Okres Ružomberok";"SK0318";23;50;73
2021-03-08;"Okres Sabinov";"SK0418";30;120;150
2021-03-08;"Okres Senec";"SK0108";40;207;247
2021-03-08;"Okres Senica";"SK0215";12;47;59
2021-03-08;"Okres Skalica";"SK0216";1;54;55
2021-03-08;"Okres Snina";"SK0419";2;28;30
2021-03-08;"Okres Sobrance";"SK0429";6;15;21
2021-03-08;"Okres Spišská Nová Ves";"SK042A";28;65;93
2021-03-08;"Okres Stará Ľubovňa";"SK041A";3;58;61
2021-03-08;"Okres Stropkov";"SK041B";3;14;17
2021-03-08;"Okres Svidník";"SK041C";9;26;35
2021-03-08;"Okres Šaľa";"SK0235";18;82;100
2021-03-08;"Okres Topoľčany";"SK0236";36;88;124
2021-03-08;"Okres Trebišov";"SK042B";58;137;195
2021-03-08;"Okres Trenčín";"SK0229";62;257;319
2021-03-08;"Okres Trnava";"SK0217";38;133;171
2021-03-08;"Okres Turčianske Teplice";"SK0319";13;31;44
2021-03-08;"Okres Tvrdošín";"SK031A";5;37;42
2021-03-08;"Okres Veľký Krtíš";"SK032A";7;22;29
2021-03-08;"Okres Vranov nad Topľou";"SK041D";27;72;99
2021-03-08;"Okres Zlaté Moravce";"SK0237";1;19;20
2021-03-08;"Okres Zvolen";"SK032B";37;153;190
2021-03-08;"Okres Žarnovica";"SK032C";2;19;21
2021-03-08;"Okres Žiar nad Hronom";"SK032D";24;63;87
2021-03-08;"Okres Žilina";"SK031B";34;142;176
2021-03-08;NA;"?";124;288;412
2021-03-07;"Neznáme";"SK000";34;244;278
2021-03-07;"Okres Bánovce nad Bebravou";"SK0221";1;4;5
2021-03-07;"Okres Banská Bystrica";"SK0321";28;109;137
2021-03-07;"Okres Banská Štiavnica";"SK0322";0;3;3
2021-03-07;"Okres Bardejov";"SK0411";0;3;3
2021-03-07;"Okres Bratislava I";"SK0101";7;65;72
2021-03-07;"Okres Bratislava II";"SK0102";21;148;169
2021-03-07;"Okres Bratislava III";"SK0103";8;110;118
2021-03-07;"Okres Bratislava IV";"SK0104";11;115;126
2021-03-07;"Okres Bratislava V";"SK0105";29;108;137
2021-03-07;"Okres Brezno";"SK0323";0;10;10
2021-03-07;"Okres Bytča";"SK0311";0;1;1
2021-03-07;"Okres Čadca";"SK0312";1;11;12
2021-03-07;"Okres Detva";"SK0324";3;8;11
2021-03-07;"Okres Dolný Kubín";"SK0313";11;59;70
2021-03-07;"Okres Dunajská Streda";"SK0211";1;13;14
2021-03-07;"Okres Galanta";"SK0212";2;31;33
2021-03-07;"Okres Gelnica";"SK0421";3;8;11
2021-03-07;"Okres Hlohovec";"SK0213";8;17;25
2021-03-07;"Okres Humenné";"SK0412";1;1;2
2021-03-07;"Okres Ilava";"SK0222";0;1;1
2021-03-07;"Okres Kežmarok";"SK0413";4;3;7
2021-03-07;"Okres Komárno";"SK0231";4;12;16
2021-03-07;"Okres Košice - okolie";"SK0426";10;62;72
2021-03-07;"Okres Košice I";"SK0422";1;3;4
2021-03-07;"Okres Košice II";"SK0423";2;8;10
2021-03-07;"Okres Košice III";"SK0424";1;2;3
2021-03-07;"Okres Košice IV";"SK0425";1;4;5
2021-03-07;"Okres Krupina";"SK0325";0;2;2
2021-03-07;"Okres Levice";"SK0232";5;19;24
2021-03-07;"Okres Levoča";"SK0414";2;13;15
2021-03-07;"Okres Liptovský Mikuláš";"SK0315";4;14;18
2021-03-07;"Okres Lučenec";"SK0326";11;44;55
2021-03-07;"Okres Malacky";"SK0106";32;63;95
2021-03-07;"Okres Martin";"SK0316";0;9;9
2021-03-07;"Okres Michalovce";"SK0427";16;20;36
2021-03-07;"Okres Myjava";"SK0223";0;5;5
2021-03-07;"Okres Námestovo";"SK0317";9;27;36
2021-03-07;"Okres Nitra";"SK0233";4;10;14
2021-03-07;"Okres Nové Mesto nad Váhom";"SK0224";2;3;5
2021-03-07;"Okres Nové Zámky";"SK0234";36;89;125
2021-03-07;"Okres Partizánske";"SK0225";0;3;3
2021-03-07;"Okres Pezinok";"SK0107";17;62;79
2021-03-07;"Okres Piešťany";"SK0214";1;9;10
2021-03-07;"Okres Poltár";"SK0327";5;13;18
2021-03-07;"Okres Poprad";"SK0416";3;16;19
2021-03-07;"Okres Považská Bystrica";"SK0226";0;2;2
2021-03-07;"Okres Prešov";"SK0417";11;57;68
2021-03-07;"Okres Prievidza";"SK0227";1;8;9
2021-03-07;"Okres Púchov";"SK0228";0;2;2
2021-03-07;"Okres Revúca";"SK0328";6;43;49
2021-03-07;"Okres Rimavská Sobota";"SK0329";5;6;11
2021-03-07;"Okres Rožňava";"SK0428";0;6;6
2021-03-07;"Okres Ružomberok";"SK0318";12;53;65
2021-03-07;"Okres Sabinov";"SK0418";1;12;13
2021-03-07;"Okres Senec";"SK0108";17;96;113
2021-03-07;"Okres Senica";"SK0215";2;14;16
2021-03-07;"Okres Skalica";"SK0216";1;6;7
2021-03-07;"Okres Snina";"SK0419";0;3;3
2021-03-07;"Okres Sobrance";"SK0429";0;3;3
2021-03-07;"Okres Spišská Nová Ves";"SK042A";1;12;13
2021-03-07;"Okres Stará Ľubovňa";"SK041A";0;2;2
2021-03-07;"Okres Stropkov";"SK041B";0;2;2
2021-03-07;"Okres Svidník";"SK041C";0;3;3
2021-03-07;"Okres Šaľa";"SK0235";0;8;8
2021-03-07;"Okres Topoľčany";"SK0236";1;5;6
2021-03-07;"Okres Trebišov";"SK042B";0;16;16
2021-03-07;"Okres Trenčín";"SK0229";2;2;4
2021-03-07;"Okres Trnava";"SK0217";15;50;65
2021-03-07;"Okres Turčianske Teplice";"SK0319";1;5;6
2021-03-07;"Okres Tvrdošín";"SK031A";1;16;17
2021-03-07;"Okres Veľký Krtíš";"SK032A";0;11;11
2021-03-07;"Okres Vranov nad Topľou";"SK041D";0;8;8
2021-03-07;"Okres Zlaté Moravce";"SK0237";0;4;4
2021-03-07;"Okres Zvolen";"SK032B";4;28;32
2021-03-07;"Okres Žarnovica";"SK032C";2;1;3
2021-03-07;"Okres Žiar nad Hronom";"SK032D";0;12;12
2021-03-07;"Okres Žilina";"SK031B";1;10;11
2021-03-07;NA;"?";10;224;234
2021-03-06;"Neznáme";"SK000";150;617;767
2021-03-06;"Okres Bánovce nad Bebravou";"SK0221";23;62;85
2021-03-06;"Okres Banská Bystrica";"SK0321";46;180;226
2021-03-06;"Okres Banská Štiavnica";"SK0322";0;8;8
2021-03-06;"Okres Bardejov";"SK0411";41;166;207
2021-03-06;"Okres Bratislava I";"SK0101";4;258;262
2021-03-06;"Okres Bratislava II";"SK0102";25;171;196
2021-03-06;"Okres Bratislava III";"SK0103";10;97;107
2021-03-06;"Okres Bratislava IV";"SK0104";10;163;173
2021-03-06;"Okres Bratislava V";"SK0105";12;105;117
2021-03-06;"Okres Brezno";"SK0323";4;21;25
2021-03-06;"Okres Bytča";"SK0311";7;22;29
2021-03-06;"Okres Čadca";"SK0312";36;161;197
2021-03-06;"Okres Detva";"SK0324";1;21;22
2021-03-06;"Okres Dolný Kubín";"SK0313";0;7;7
2021-03-06;"Okres Dunajská Streda";"SK0211";12;70;82
2021-03-06;"Okres Galanta";"SK0212";15;65;80
2021-03-06;"Okres Gelnica";"SK0421";6;22;28
2021-03-06;"Okres Hlohovec";"SK0213";12;50;62
2021-03-06;"Okres Humenné";"SK0412";4;12;16
2021-03-06;"Okres Ilava";"SK0222";33;116;149
2021-03-06;"Okres Kežmarok";"SK0413";12;80;92
2021-03-06;"Okres Komárno";"SK0231";2;43;45
2021-03-06;"Okres Košice - okolie";"SK0426";24;111;135
2021-03-06;"Okres Košice I";"SK0422";6;19;25
2021-03-06;"Okres Košice II";"SK0423";10;30;40
2021-03-06;"Okres Košice III";"SK0424";1;8;9
2021-03-06;"Okres Košice IV";"SK0425";5;22;27
2021-03-06;"Okres Krupina";"SK0325";2;7;9
2021-03-06;"Okres Kysucké Nové Mesto";"SK0314";13;147;160
2021-03-06;"Okres Levice";"SK0232";6;99;105
2021-03-06;"Okres Levoča";"SK0414";5;27;32
2021-03-06;"Okres Liptovský Mikuláš";"SK0315";33;92;125
2021-03-06;"Okres Lučenec";"SK0326";1;19;20
2021-03-06;"Okres Malacky";"SK0106";7;43;50
2021-03-06;"Okres Martin";"SK0316";1;83;84
2021-03-06;"Okres Medzilaborce";"SK0415";0;3;3
2021-03-06;"Okres Michalovce";"SK0427";17;57;74
2021-03-06;"Okres Myjava";"SK0223";1;13;14
2021-03-06;"Okres Námestovo";"SK0317";6;41;47
2021-03-06;"Okres Nitra";"SK0233";7;25;32
2021-03-06;"Okres Nové Mesto nad Váhom";"SK0224";37;115;152
2021-03-06;"Okres Nové Zámky";"SK0234";10;50;60
2021-03-06;"Okres Partizánske";"SK0225";3;18;21
2021-03-06;"Okres Pezinok";"SK0107";6;51;57
2021-03-06;"Okres Piešťany";"SK0214";27;52;79
2021-03-06;"Okres Poltár";"SK0327";4;4;8
2021-03-06;"Okres Poprad";"SK0416";39;117;156
2021-03-06;"Okres Považská Bystrica";"SK0226";47;107;154
2021-03-06;"Okres Prešov";"SK0417";27;164;191
2021-03-06;"Okres Prievidza";"SK0227";21;70;91
2021-03-06;"Okres Púchov";"SK0228";49;106;155
2021-03-06;"Okres Revúca";"SK0328";15;50;65
2021-03-06;"Okres Rimavská Sobota";"SK0329";76;42;118
2021-03-06;"Okres Rožňava";"SK0428";22;86;108
2021-03-06;"Okres Ružomberok";"SK0318";3;58;61
2021-03-06;"Okres Sabinov";"SK0418";8;76;84
2021-03-06;"Okres Senec";"SK0108";12;97;109
2021-03-06;"Okres Senica";"SK0215";10;30;40
2021-03-06;"Okres Skalica";"SK0216";7;17;24
2021-03-06;"Okres Snina";"SK0419";11;15;26
2021-03-06;"Okres Sobrance";"SK0429";0;4;4
2021-03-06;"Okres Spišská Nová Ves";"SK042A";28;108;136
2021-03-06;"Okres Stará Ľubovňa";"SK041A";5;61;66
2021-03-06;"Okres Stropkov";"SK041B";16;46;62
2021-03-06;"Okres Svidník";"SK041C";5;40;45
2021-03-06;"Okres Šaľa";"SK0235";10;19;29
2021-03-06;"Okres Topoľčany";"SK0236";4;34;38
2021-03-06;"Okres Trebišov";"SK042B";25;41;66
2021-03-06;"Okres Trenčín";"SK0229";48;218;266
2021-03-06;"Okres Trnava";"SK0217";40;219;259
2021-03-06;"Okres Turčianske Teplice";"SK0319";2;12;14
2021-03-06;"Okres Tvrdošín";"SK031A";0;8;8
2021-03-06;"Okres Veľký Krtíš";"SK032A";0;5;5
2021-03-06;"Okres Vranov nad Topľou";"SK041D";30;82;112
2021-03-06;"Okres Zlaté Moravce";"SK0237";1;13;14
2021-03-06;"Okres Zvolen";"SK032B";19;51;70
2021-03-06;"Okres Žarnovica";"SK032C";0;20;20
2021-03-06;"Okres Žiar nad Hronom";"SK032D";8;45;53
2021-03-06;"Okres Žilina";"SK031B";44;196;240
2021-03-06;NA;"?";31;341;372
2021-03-05;"Neznáme";"SK000";194;1197;1391
2021-03-05;"Okres Bánovce nad Bebravou";"SK0221";7;39;46
2021-03-05;"Okres Banská Bystrica";"SK0321";49;285;334
2021-03-05;"Okres Banská Štiavnica";"SK0322";3;17;20
2021-03-05;"Okres Bardejov";"SK0411";36;142;178
2021-03-05;"Okres Bratislava I";"SK0101";15;384;399
2021-03-05;"Okres Bratislava II";"SK0102";58;507;565
2021-03-05;"Okres Bratislava III";"SK0103";38;367;405
2021-03-05;"Okres Bratislava IV";"SK0104";29;636;665
2021-03-05;"Okres Bratislava V";"SK0105";26;479;505
2021-03-05;"Okres Brezno";"SK0323";14;90;104
2021-03-05;"Okres Bytča";"SK0311";12;35;47
2021-03-05;"Okres Čadca";"SK0312";6;43;49
2021-03-05;"Okres Detva";"SK0324";5;36;41
2021-03-05;"Okres Dolný Kubín";"SK0313";13;61;74
2021-03-05;"Okres Dunajská Streda";"SK0211";68;256;324
2021-03-05;"Okres Galanta";"SK0212";39;225;264
2021-03-05;"Okres Gelnica";"SK0421";6;19;25
2021-03-05;"Okres Hlohovec";"SK0213";20;68;88
2021-03-05;"Okres Humenné";"SK0412";63;165;228
2021-03-05;"Okres Ilava";"SK0222";28;65;93
2021-03-05;"Okres Kežmarok";"SK0413";16;178;194
2021-03-05;"Okres Komárno";"SK0231";27;65;92
2021-03-05;"Okres Košice - okolie";"SK0426";52;215;267
2021-03-05;"Okres Košice I";"SK0422";16;51;67
2021-03-05;"Okres Košice II";"SK0423";26;70;96
2021-03-05;"Okres Košice III";"SK0424";20;18;38
2021-03-05;"Okres Košice IV";"SK0425";16;33;49
2021-03-05;"Okres Krupina";"SK0325";6;20;26
2021-03-05;"Okres Kysucké Nové Mesto";"SK0314";13;28;41
2021-03-05;"Okres Levice";"SK0232";9;101;110
2021-03-05;"Okres Levoča";"SK0414";8;43;51
2021-03-05;"Okres Liptovský Mikuláš";"SK0315";91;254;345
2021-03-05;"Okres Lučenec";"SK0326";10;52;62
2021-03-05;"Okres Malacky";"SK0106";36;304;340
2021-03-05;"Okres Martin";"SK0316";80;318;398
2021-03-05;"Okres Medzilaborce";"SK0415";3;14;17
2021-03-05;"Okres Michalovce";"SK0427";86;177;263
2021-03-05;"Okres Myjava";"SK0223";20;110;130
2021-03-05;"Okres Námestovo";"SK0317";8;137;145
2021-03-05;"Okres Nitra";"SK0233";21;232;253
2021-03-05;"Okres Nové Mesto nad Váhom";"SK0224";36;100;136
2021-03-05;"Okres Nové Zámky";"SK0234";17;114;131
2021-03-05;"Okres Partizánske";"SK0225";21;75;96
2021-03-05;"Okres Pezinok";"SK0107";11;177;188
2021-03-05;"Okres Piešťany";"SK0214";28;110;138
2021-03-05;"Okres Poltár";"SK0327";4;21;25
2021-03-05;"Okres Poprad";"SK0416";49;176;225
2021-03-05;"Okres Považská Bystrica";"SK0226";52;97;149
2021-03-05;"Okres Prešov";"SK0417";140;631;771
2021-03-05;"Okres Prievidza";"SK0227";91;246;337
2021-03-05;"Okres Púchov";"SK0228";12;41;53
2021-03-05;"Okres Revúca";"SK0328";19;63;82
2021-03-05;"Okres Rimavská Sobota";"SK0329";57;122;179
2021-03-05;"Okres Rožňava";"SK0428";18;60;78
2021-03-05;"Okres Ružomberok";"SK0318";49;183;232
2021-03-05;"Okres Sabinov";"SK0418";22;169;191
2021-03-05;"Okres Senec";"SK0108";36;276;312
2021-03-05;"Okres Senica";"SK0215";42;106;148
2021-03-05;"Okres Skalica";"SK0216";5;21;26
2021-03-05;"Okres Snina";"SK0419";13;47;60
2021-03-05;"Okres Sobrance";"SK0429";20;29;49
2021-03-05;"Okres Spišská Nová Ves";"SK042A";8;100;108
2021-03-05;"Okres Stará Ľubovňa";"SK041A";12;94;106
2021-03-05;"Okres Stropkov";"SK041B";1;47;48
2021-03-05;"Okres Svidník";"SK041C";34;97;131
2021-03-05;"Okres Šaľa";"SK0235";4;100;104
2021-03-05;"Okres Topoľčany";"SK0236";16;88;104
2021-03-05;"Okres Trebišov";"SK042B";120;157;277
2021-03-05;"Okres Trenčín";"SK0229";63;238;301
2021-03-05;"Okres Trnava";"SK0217";76;288;364
2021-03-05;"Okres Turčianske Teplice";"SK0319";6;36;42
2021-03-05;"Okres Tvrdošín";"SK031A";4;64;68
2021-03-05;"Okres Veľký Krtíš";"SK032A";18;95;113
2021-03-05;"Okres Vranov nad Topľou";"SK041D";125;213;338
2021-03-05;"Okres Zlaté Moravce";"SK0237";4;41;45
2021-03-05;"Okres Zvolen";"SK032B";30;154;184
2021-03-05;"Okres Žarnovica";"SK032C";9;23;32
2021-03-05;"Okres Žiar nad Hronom";"SK032D";12;61;73
2021-03-05;"Okres Žilina";"SK031B";49;265;314
2021-03-05;NA;"?";61;473;534
2021-03-04;"Neznáme";"SK000";235;1094;1329
2021-03-04;"Okres Bánovce nad Bebravou";"SK0221";29;73;102
2021-03-04;"Okres Banská Bystrica";"SK0321";54;169;223
2021-03-04;"Okres Banská Štiavnica";"SK0322";2;22;24
2021-03-04;"Okres Bardejov";"SK0411";29;119;148
2021-03-04;"Okres Bratislava I";"SK0101";13;182;195
2021-03-04;"Okres Bratislava II";"SK0102";45;296;341
2021-03-04;"Okres Bratislava III";"SK0103";27;192;219
2021-03-04;"Okres Bratislava IV";"SK0104";11;215;226
2021-03-04;"Okres Bratislava V";"SK0105";41;246;287
2021-03-04;"Okres Brezno";"SK0323";4;22;26
2021-03-04;"Okres Bytča";"SK0311";15;35;50
2021-03-04;"Okres Čadca";"SK0312";100;119;219
2021-03-04;"Okres Detva";"SK0324";11;34;45
2021-03-04;"Okres Dolný Kubín";"SK0313";17;39;56
2021-03-04;"Okres Dunajská Streda";"SK0211";56;223;279
2021-03-04;"Okres Galanta";"SK0212";18;56;74
2021-03-04;"Okres Gelnica";"SK0421";29;44;73
2021-03-04;"Okres Hlohovec";"SK0213";28;75;103
2021-03-04;"Okres Humenné";"SK0412";49;72;121
2021-03-04;"Okres Ilava";"SK0222";45;137;182
2021-03-04;"Okres Kežmarok";"SK0413";9;50;59
2021-03-04;"Okres Komárno";"SK0231";48;117;165
2021-03-04;"Okres Košice - okolie";"SK0426";39;179;218
2021-03-04;"Okres Košice I";"SK0422";11;56;67
2021-03-04;"Okres Košice II";"SK0423";20;64;84
2021-03-04;"Okres Košice III";"SK0424";11;24;35
2021-03-04;"Okres Košice IV";"SK0425";12;24;36
2021-03-04;"Okres Krupina";"SK0325";6;18;24
2021-03-04;"Okres Kysucké Nové Mesto";"SK0314";15;34;49
2021-03-04;"Okres Levice";"SK0232";27;62;89
2021-03-04;"Okres Levoča";"SK0414";26;61;87
2021-03-04;"Okres Liptovský Mikuláš";"SK0315";41;132;173
2021-03-04;"Okres Lučenec";"SK0326";21;70;91
2021-03-04;"Okres Malacky";"SK0106";34;254;288
2021-03-04;"Okres Martin";"SK0316";100;240;340
2021-03-04;"Okres Medzilaborce";"SK0415";4;5;9
2021-03-04;"Okres Michalovce";"SK0427";50;140;190
2021-03-04;"Okres Myjava";"SK0223";2;8;10
2021-03-04;"Okres Námestovo";"SK0317";10;61;71
2021-03-04;"Okres Nitra";"SK0233";9;96;105
2021-03-04;"Okres Nové Mesto nad Váhom";"SK0224";44;148;192
2021-03-04;"Okres Nové Zámky";"SK0234";29;97;126
2021-03-04;"Okres Partizánske";"SK0225";15;46;61
2021-03-04;"Okres Pezinok";"SK0107";13;102;115
2021-03-04;"Okres Piešťany";"SK0214";58;117;175
2021-03-04;"Okres Poltár";"SK0327";3;9;12
2021-03-04;"Okres Poprad";"SK0416";24;92;116
2021-03-04;"Okres Považská Bystrica";"SK0226";31;101;132
2021-03-04;"Okres Prešov";"SK0417";121;305;426
2021-03-04;"Okres Prievidza";"SK0227";64;168;232
2021-03-04;"Okres Púchov";"SK0228";26;61;87
2021-03-04;"Okres Revúca";"SK0328";6;21;27
2021-03-04;"Okres Rimavská Sobota";"SK0329";36;144;180
2021-03-04;"Okres Rožňava";"SK0428";30;43;73
2021-03-04;"Okres Ružomberok";"SK0318";48;102;150
2021-03-04;"Okres Sabinov";"SK0418";16;61;77
2021-03-04;"Okres Senec";"SK0108";32;153;185
2021-03-04;"Okres Senica";"SK0215";10;37;47
2021-03-04;"Okres Skalica";"SK0216";5;35;40
2021-03-04;"Okres Snina";"SK0419";9;34;43
2021-03-04;"Okres Sobrance";"SK0429";12;14;26
2021-03-04;"Okres Spišská Nová Ves";"SK042A";61;188;249
2021-03-04;"Okres Stará Ľubovňa";"SK041A";6;47;53
2021-03-04;"Okres Stropkov";"SK041B";11;18;29
2021-03-04;"Okres Svidník";"SK041C";6;22;28
2021-03-04;"Okres Šaľa";"SK0235";14;40;54
2021-03-04;"Okres Topoľčany";"SK0236";19;61;80
2021-03-04;"Okres Trebišov";"SK042B";104;208;312
2021-03-04;"Okres Trenčín";"SK0229";68;226;294
2021-03-04;"Okres Trnava";"SK0217";37;183;220
2021-03-04;"Okres Turčianske Teplice";"SK0319";13;26;39
2021-03-04;"Okres Tvrdošín";"SK031A";5;46;51
2021-03-04;"Okres Veľký Krtíš";"SK032A";30;78;108
2021-03-04;"Okres Vranov nad Topľou";"SK041D";72;119;191
2021-03-04;"Okres Zlaté Moravce";"SK0237";4;31;35
2021-03-04;"Okres Zvolen";"SK032B";37;135;172
2021-03-04;"Okres Žarnovica";"SK032C";11;26;37
2021-03-04;"Okres Žiar nad Hronom";"SK032D";45;97;142
2021-03-04;"Okres Žilina";"SK031B";37;203;240
2021-03-04;"Zahraničie";"SKZZZZ";0;5;5
2021-03-04;NA;"?";55;321;376
2021-03-03;"Neznáme";"SK000";241;923;1164
2021-03-03;"Okres Bánovce nad Bebravou";"SK0221";8;20;28
2021-03-03;"Okres Banská Bystrica";"SK0321";70;299;369
2021-03-03;"Okres Banská Štiavnica";"SK0322";7;19;26
2021-03-03;"Okres Bardejov";"SK0411";55;134;189
2021-03-03;"Okres Bratislava I";"SK0101";7;203;210
2021-03-03;"Okres Bratislava II";"SK0102";38;303;341
2021-03-03;"Okres Bratislava III";"SK0103";20;187;207
2021-03-03;"Okres Bratislava IV";"SK0104";35;222;257
2021-03-03;"Okres Bratislava V";"SK0105";39;250;289
2021-03-03;"Okres Brezno";"SK0323";13;73;86
2021-03-03;"Okres Bytča";"SK0311";10;40;50
2021-03-03;"Okres Čadca";"SK0312";66;99;165
2021-03-03;"Okres Detva";"SK0324";7;38;45
2021-03-03;"Okres Dolný Kubín";"SK0313";6;23;29
2021-03-03;"Okres Dunajská Streda";"SK0211";44;174;218
2021-03-03;"Okres Galanta";"SK0212";82;219;301
2021-03-03;"Okres Gelnica";"SK0421";24;34;58
2021-03-03;"Okres Hlohovec";"SK0213";43;57;100
2021-03-03;"Okres Humenné";"SK0412";5;45;50
2021-03-03;"Okres Ilava";"SK0222";44;87;131
2021-03-03;"Okres Kežmarok";"SK0413";25;78;103
2021-03-03;"Okres Komárno";"SK0231";37;138;175
2021-03-03;"Okres Košice - okolie";"SK0426";30;130;160
2021-03-03;"Okres Košice I";"SK0422";15;19;34
2021-03-03;"Okres Košice II";"SK0423";16;43;59
2021-03-03;"Okres Košice III";"SK0424";8;11;19
2021-03-03;"Okres Košice IV";"SK0425";13;9;22
2021-03-03;"Okres Krupina";"SK0325";6;30;36
2021-03-03;"Okres Kysucké Nové Mesto";"SK0314";17;27;44
2021-03-03;"Okres Levice";"SK0232";11;78;89
2021-03-03;"Okres Levoča";"SK0414";23;59;82
2021-03-03;"Okres Liptovský Mikuláš";"SK0315";104;226;330
2021-03-03;"Okres Lučenec";"SK0326";44;148;192
2021-03-03;"Okres Malacky";"SK0106";34;144;178
2021-03-03;"Okres Martin";"SK0316";82;271;353
2021-03-03;"Okres Medzilaborce";"SK0415";1;8;9
2021-03-03;"Okres Michalovce";"SK0427";47;115;162
2021-03-03;"Okres Myjava";"SK0223";25;48;73
2021-03-03;"Okres Námestovo";"SK0317";16;39;55
2021-03-03;"Okres Nitra";"SK0233";8;95;103
2021-03-03;"Okres Nové Mesto nad Váhom";"SK0224";48;125;173
2021-03-03;"Okres Nové Zámky";"SK0234";44;148;192
2021-03-03;"Okres Partizánske";"SK0225";7;26;33
2021-03-03;"Okres Pezinok";"SK0107";32;112;144
2021-03-03;"Okres Piešťany";"SK0214";52;103;155
2021-03-03;"Okres Poltár";"SK0327";19;36;55
2021-03-03;"Okres Poprad";"SK0416";62;154;216
2021-03-03;"Okres Považská Bystrica";"SK0226";65;101;166
2021-03-03;"Okres Prešov";"SK0417";105;325;430
2021-03-03;"Okres Prievidza";"SK0227";50;144;194
2021-03-03;"Okres Púchov";"SK0228";38;83;121
2021-03-03;"Okres Revúca";"SK0328";14;35;49
2021-03-03;"Okres Rimavská Sobota";"SK0329";73;129;202
2021-03-03;"Okres Rožňava";"SK0428";46;50;96
2021-03-03;"Okres Ružomberok";"SK0318";32;180;212
2021-03-03;"Okres Sabinov";"SK0418";18;86;104
2021-03-03;"Okres Senec";"SK0108";45;177;222
2021-03-03;"Okres Senica";"SK0215";37;86;123
2021-03-03;"Okres Skalica";"SK0216";12;33;45
2021-03-03;"Okres Snina";"SK0419";17;37;54
2021-03-03;"Okres Sobrance";"SK0429";7;24;31
2021-03-03;"Okres Spišská Nová Ves";"SK042A";66;166;232
2021-03-03;"Okres Stará Ľubovňa";"SK041A";32;167;199
2021-03-03;"Okres Stropkov";"SK041B";8;14;22
2021-03-03;"Okres Svidník";"SK041C";18;29;47
2021-03-03;"Okres Šaľa";"SK0235";15;53;68
2021-03-03;"Okres Topoľčany";"SK0236";22;49;71
2021-03-03;"Okres Trebišov";"SK042B";85;158;243
2021-03-03;"Okres Trenčín";"SK0229";136;304;440
2021-03-03;"Okres Trnava";"SK0217";82;258;340
2021-03-03;"Okres Turčianske Teplice";"SK0319";11;57;68
2021-03-03;"Okres Tvrdošín";"SK031A";7;21;28
2021-03-03;"Okres Veľký Krtíš";"SK032A";40;103;143
2021-03-03;"Okres Vranov nad Topľou";"SK041D";40;107;147
2021-03-03;"Okres Zlaté Moravce";"SK0237";3;15;18
2021-03-03;"Okres Zvolen";"SK032B";15;88;103
2021-03-03;"Okres Žarnovica";"SK032C";22;49;71
2021-03-03;"Okres Žiar nad Hronom";"SK032D";26;81;107
2021-03-03;"Okres Žilina";"SK031B";77;261;338
2021-03-03;NA;"?";41;290;331
2021-03-02;"Neznáme";"SK000";233;1031;1264
2021-03-02;"Okres Bánovce nad Bebravou";"SK0221";27;82;109
2021-03-02;"Okres Banská Bystrica";"SK0321";68;320;388
2021-03-02;"Okres Banská Štiavnica";"SK0322";4;28;32
2021-03-02;"Okres Bardejov";"SK0411";50;197;247
2021-03-02;"Okres Bratislava I";"SK0101";14;212;226
2021-03-02;"Okres Bratislava II";"SK0102";57;321;378
2021-03-02;"Okres Bratislava III";"SK0103";31;208;239
2021-03-02;"Okres Bratislava IV";"SK0104";41;248;289
2021-03-02;"Okres Bratislava V";"SK0105";43;268;311
2021-03-02;"Okres Brezno";"SK0323";32;83;115
2021-03-02;"Okres Bytča";"SK0311";11;39;50
2021-03-02;"Okres Čadca";"SK0312";108;127;235
2021-03-02;"Okres Detva";"SK0324";9;33;42
2021-03-02;"Okres Dolný Kubín";"SK0313";47;88;135
2021-03-02;"Okres Dunajská Streda";"SK0211";103;240;343
2021-03-02;"Okres Galanta";"SK0212";83;282;365
2021-03-02;"Okres Gelnica";"SK0421";15;62;77
2021-03-02;"Okres Hlohovec";"SK0213";24;74;98
2021-03-02;"Okres Humenné";"SK0412";31;49;80
2021-03-02;"Okres Ilava";"SK0222";72;129;201
2021-03-02;"Okres Kežmarok";"SK0413";28;96;124
2021-03-02;"Okres Komárno";"SK0231";60;112;172
2021-03-02;"Okres Košice - okolie";"SK0426";57;181;238
2021-03-02;"Okres Košice I";"SK0422";19;52;71
2021-03-02;"Okres Košice II";"SK0423";32;63;95
2021-03-02;"Okres Košice III";"SK0424";10;19;29
2021-03-02;"Okres Košice IV";"SK0425";18;29;47
2021-03-02;"Okres Krupina";"SK0325";5;26;31
2021-03-02;"Okres Kysucké Nové Mesto";"SK0314";21;30;51
2021-03-02;"Okres Levice";"SK0232";34;120;154
2021-03-02;"Okres Levoča";"SK0414";14;38;52
2021-03-02;"Okres Liptovský Mikuláš";"SK0315";75;219;294
2021-03-02;"Okres Lučenec";"SK0326";25;136;161
2021-03-02;"Okres Malacky";"SK0106";18;141;159
2021-03-02;"Okres Martin";"SK0316";97;298;395
2021-03-02;"Okres Medzilaborce";"SK0415";1;9;10
2021-03-02;"Okres Michalovce";"SK0427";53;206;259
2021-03-02;"Okres Myjava";"SK0223";20;44;64
2021-03-02;"Okres Námestovo";"SK0317";13;192;205
2021-03-02;"Okres Nitra";"SK0233";19;152;171
2021-03-02;"Okres Nové Mesto nad Váhom";"SK0224";91;166;257
2021-03-02;"Okres Nové Zámky";"SK0234";57;197;254
2021-03-02;"Okres Partizánske";"SK0225";28;75;103
2021-03-02;"Okres Pezinok";"SK0107";28;127;155
2021-03-02;"Okres Piešťany";"SK0214";57;138;195
2021-03-02;"Okres Poltár";"SK0327";12;31;43
2021-03-02;"Okres Poprad";"SK0416";69;162;231
2021-03-02;"Okres Považská Bystrica";"SK0226";71;191;262
2021-03-02;"Okres Prešov";"SK0417";100;360;460
2021-03-02;"Okres Prievidza";"SK0227";99;216;315
2021-03-02;"Okres Púchov";"SK0228";47;95;142
2021-03-02;"Okres Revúca";"SK0328";21;48;69
2021-03-02;"Okres Rimavská Sobota";"SK0329";66;106;172
2021-03-02;"Okres Rožňava";"SK0428";52;76;128
2021-03-02;"Okres Ružomberok";"SK0318";57;112;169
2021-03-02;"Okres Sabinov";"SK0418";24;82;106
2021-03-02;"Okres Senec";"SK0108";48;184;232
2021-03-02;"Okres Senica";"SK0215";73;168;241
2021-03-02;"Okres Skalica";"SK0216";13;47;60
2021-03-02;"Okres Snina";"SK0419";4;13;17
2021-03-02;"Okres Sobrance";"SK0429";15;41;56
2021-03-02;"Okres Spišská Nová Ves";"SK042A";54;209;263
2021-03-02;"Okres Stará Ľubovňa";"SK041A";15;137;152
2021-03-02;"Okres Stropkov";"SK041B";5;21;26
2021-03-02;"Okres Svidník";"SK041C";36;52;88
2021-03-02;"Okres Šaľa";"SK0235";20;62;82
2021-03-02;"Okres Topoľčany";"SK0236";48;155;203
2021-03-02;"Okres Trebišov";"SK042B";75;242;317
2021-03-02;"Okres Trenčín";"SK0229";164;238;402
2021-03-02;"Okres Trnava";"SK0217";105;313;418
2021-03-02;"Okres Turčianske Teplice";"SK0319";13;33;46
2021-03-02;"Okres Tvrdošín";"SK031A";6;42;48
2021-03-02;"Okres Veľký Krtíš";"SK032A";16;47;63
2021-03-02;"Okres Vranov nad Topľou";"SK041D";65;126;191
2021-03-02;"Okres Zlaté Moravce";"SK0237";12;42;54
2021-03-02;"Okres Zvolen";"SK032B";38;137;175
2021-03-02;"Okres Žarnovica";"SK032C";8;21;29
2021-03-02;"Okres Žiar nad Hronom";"SK032D";22;60;82
2021-03-02;"Okres Žilina";"SK031B";89;274;363
2021-03-02;"Zahraničie";"SKZZZZ";0;1;1
2021-03-02;NA;"?";65;370;435
2021-03-01;"Neznáme";"SK000";164;832;996
2021-03-01;"Okres Bánovce nad Bebravou";"SK0221";3;12;15
2021-03-01;"Okres Banská Bystrica";"SK0321";19;96;115
2021-03-01;"Okres Banská Štiavnica";"SK0322";5;12;17
2021-03-01;"Okres Bardejov";"SK0411";10;50;60
2021-03-01;"Okres Bratislava I";"SK0101";28;200;228
2021-03-01;"Okres Bratislava II";"SK0102";57;330;387
2021-03-01;"Okres Bratislava III";"SK0103";35;207;242
2021-03-01;"Okres Bratislava IV";"SK0104";32;320;352
2021-03-01;"Okres Bratislava V";"SK0105";62;276;338
2021-03-01;"Okres Brezno";"SK0323";12;72;84
2021-03-01;"Okres Bytča";"SK0311";12;57;69
2021-03-01;"Okres Čadca";"SK0312";9;33;42
2021-03-01;"Okres Detva";"SK0324";4;50;54
2021-03-01;"Okres Dolný Kubín";"SK0313";4;44;48
2021-03-01;"Okres Dunajská Streda";"SK0211";42;93;135
2021-03-01;"Okres Galanta";"SK0212";10;57;67
2021-03-01;"Okres Gelnica";"SK0421";7;45;52
2021-03-01;"Okres Hlohovec";"SK0213";35;60;95
2021-03-01;"Okres Humenné";"SK0412";37;56;93
2021-03-01;"Okres Ilava";"SK0222";27;82;109
2021-03-01;"Okres Kežmarok";"SK0413";9;37;46
2021-03-01;"Okres Komárno";"SK0231";49;112;161
2021-03-01;"Okres Košice - okolie";"SK0426";134;203;337
2021-03-01;"Okres Košice I";"SK0422";24;44;68
2021-03-01;"Okres Košice II";"SK0423";37;61;98
2021-03-01;"Okres Košice III";"SK0424";12;20;32
2021-03-01;"Okres Košice IV";"SK0425";26;26;52
2021-03-01;"Okres Krupina";"SK0325";6;20;26
2021-03-01;"Okres Kysucké Nové Mesto";"SK0314";19;38;57
2021-03-01;"Okres Levice";"SK0232";12;153;165
2021-03-01;"Okres Levoča";"SK0414";0;14;14
2021-03-01;"Okres Liptovský Mikuláš";"SK0315";16;105;121
2021-03-01;"Okres Lučenec";"SK0326";46;135;181
2021-03-01;"Okres Malacky";"SK0106";32;253;285
2021-03-01;"Okres Martin";"SK0316";134;339;473
2021-03-01;"Okres Medzilaborce";"SK0415";2;4;6
2021-03-01;"Okres Michalovce";"SK0427";24;67;91
2021-03-01;"Okres Myjava";"SK0223";28;71;99
2021-03-01;"Okres Námestovo";"SK0317";10;69;79
2021-03-01;"Okres Nitra";"SK0233";22;139;161
2021-03-01;"Okres Nové Mesto nad Váhom";"SK0224";45;98;143
2021-03-01;"Okres Nové Zámky";"SK0234";33;130;163
2021-03-01;"Okres Partizánske";"SK0225";2;13;15
2021-03-01;"Okres Pezinok";"SK0107";30;129;159
2021-03-01;"Okres Piešťany";"SK0214";47;110;157
2021-03-01;"Okres Poltár";"SK0327";10;33;43
2021-03-01;"Okres Poprad";"SK0416";22;101;123
2021-03-01;"Okres Považská Bystrica";"SK0226";29;88;117
2021-03-01;"Okres Prešov";"SK0417";123;435;558
2021-03-01;"Okres Prievidza";"SK0227";26;102;128
2021-03-01;"Okres Púchov";"SK0228";10;29;39
2021-03-01;"Okres Revúca";"SK0328";5;10;15
2021-03-01;"Okres Rimavská Sobota";"SK0329";8;19;27
2021-03-01;"Okres Rožňava";"SK0428";2;12;14
2021-03-01;"Okres Ružomberok";"SK0318";14;70;84
2021-03-01;"Okres Sabinov";"SK0418";21;128;149
2021-03-01;"Okres Senec";"SK0108";51;191;242
2021-03-01;"Okres Senica";"SK0215";28;105;133
2021-03-01;"Okres Skalica";"SK0216";1;61;62
2021-03-01;"Okres Snina";"SK0419";16;51;67
2021-03-01;"Okres Sobrance";"SK0429";3;9;12
2021-03-01;"Okres Spišská Nová Ves";"SK042A";2;53;55
2021-03-01;"Okres Stará Ľubovňa";"SK041A";2;27;29
2021-03-01;"Okres Stropkov";"SK041B";4;30;34
2021-03-01;"Okres Svidník";"SK041C";17;33;50
2021-03-01;"Okres Šaľa";"SK0235";3;42;45
2021-03-01;"Okres Topoľčany";"SK0236";6;22;28
2021-03-01;"Okres Trebišov";"SK042B";46;105;151
2021-03-01;"Okres Trenčín";"SK0229";49;149;198
2021-03-01;"Okres Trnava";"SK0217";63;153;216
2021-03-01;"Okres Turčianske Teplice";"SK0319";27;43;70
2021-03-01;"Okres Tvrdošín";"SK031A";8;33;41
2021-03-01;"Okres Veľký Krtíš";"SK032A";17;39;56
2021-03-01;"Okres Vranov nad Topľou";"SK041D";39;88;127
2021-03-01;"Okres Zlaté Moravce";"SK0237";3;28;31
2021-03-01;"Okres Zvolen";"SK032B";22;114;136
2021-03-01;"Okres Žarnovica";"SK032C";9;16;25
2021-03-01;"Okres Žiar nad Hronom";"SK032D";12;50;62
2021-03-01;"Okres Žilina";"SK031B";100;320;420
2021-03-01;NA;"?";99;381;480
2021-02-28;"Neznáme";"SK000";42;116;158
2021-02-28;"Okres Bánovce nad Bebravou";"SK0221";1;0;1
2021-02-28;"Okres Banská Bystrica";"SK0321";35;106;141
2021-02-28;"Okres Banská Štiavnica";"SK0322";1;5;6
2021-02-28;"Okres Bardejov";"SK0411";2;30;32
2021-02-28;"Okres Bratislava I";"SK0101";10;64;74
2021-02-28;"Okres Bratislava II";"SK0102";35;188;223
2021-02-28;"Okres Bratislava III";"SK0103";16;94;110
2021-02-28;"Okres Bratislava IV";"SK0104";16;99;115
2021-02-28;"Okres Bratislava V";"SK0105";32;102;134
2021-02-28;"Okres Brezno";"SK0323";4;22;26
2021-02-28;"Okres Bytča";"SK0311";0;4;4
2021-02-28;"Okres Čadca";"SK0312";0;13;13
2021-02-28;"Okres Detva";"SK0324";0;4;4
2021-02-28;"Okres Dolný Kubín";"SK0313";13;31;44
2021-02-28;"Okres Dunajská Streda";"SK0211";6;22;28
2021-02-28;"Okres Galanta";"SK0212";0;11;11
2021-02-28;"Okres Gelnica";"SK0421";0;10;10
2021-02-28;"Okres Hlohovec";"SK0213";14;23;37
2021-02-28;"Okres Humenné";"SK0412";39;53;92
2021-02-28;"Okres Ilava";"SK0222";2;4;6
2021-02-28;"Okres Kežmarok";"SK0413";0;13;13
2021-02-28;"Okres Komárno";"SK0231";13;20;33
2021-02-28;"Okres Košice - okolie";"SK0426";95;80;175
2021-02-28;"Okres Košice I";"SK0422";27;23;50
2021-02-28;"Okres Košice II";"SK0423";25;25;50
2021-02-28;"Okres Košice III";"SK0424";7;10;17
2021-02-28;"Okres Košice IV";"SK0425";16;17;33
2021-02-28;"Okres Krupina";"SK0325";0;4;4
2021-02-28;"Okres Kysucké Nové Mesto";"SK0314";1;2;3
2021-02-28;"Okres Levice";"SK0232";3;14;17
2021-02-28;"Okres Levoča";"SK0414";0;3;3
2021-02-28;"Okres Liptovský Mikuláš";"SK0315";1;61;62
2021-02-28;"Okres Lučenec";"SK0326";0;4;4
2021-02-28;"Okres Malacky";"SK0106";18;71;89
2021-02-28;"Okres Martin";"SK0316";7;12;19
2021-02-28;"Okres Medzilaborce";"SK0415";1;4;5
2021-02-28;"Okres Michalovce";"SK0427";29;93;122
2021-02-28;"Okres Námestovo";"SK0317";8;19;27
2021-02-28;"Okres Nitra";"SK0233";3;13;16
2021-02-28;"Okres Nové Mesto nad Váhom";"SK0224";7;20;27
2021-02-28;"Okres Nové Zámky";"SK0234";41;95;136
2021-02-28;"Okres Partizánske";"SK0225";14;37;51
2021-02-28;"Okres Pezinok";"SK0107";17;53;70
2021-02-28;"Okres Piešťany";"SK0214";7;6;13
2021-02-28;"Okres Poltár";"SK0327";0;2;2
2021-02-28;"Okres Poprad";"SK0416";1;23;24
2021-02-28;"Okres Považská Bystrica";"SK0226";4;5;9
2021-02-28;"Okres Prešov";"SK0417";19;38;57
2021-02-28;"Okres Prievidza";"SK0227";14;40;54
2021-02-28;"Okres Púchov";"SK0228";1;10;11
2021-02-28;"Okres Revúca";"SK0328";0;3;3
2021-02-28;"Okres Rimavská Sobota";"SK0329";4;2;6
2021-02-28;"Okres Rožňava";"SK0428";1;7;8
2021-02-28;"Okres Ružomberok";"SK0318";19;51;70
2021-02-28;"Okres Sabinov";"SK0418";0;25;25
2021-02-28;"Okres Senec";"SK0108";31;124;155
2021-02-28;"Okres Senica";"SK0215";6;10;16
2021-02-28;"Okres Skalica";"SK0216";1;1;2
2021-02-28;"Okres Snina";"SK0419";2;17;19
2021-02-28;"Okres Sobrance";"SK0429";8;22;30
2021-02-28;"Okres Spišská Nová Ves";"SK042A";1;9;10
2021-02-28;"Okres Stará Ľubovňa";"SK041A";1;55;56
2021-02-28;"Okres Stropkov";"SK041B";4;12;16
2021-02-28;"Okres Svidník";"SK041C";3;15;18
2021-02-28;"Okres Šaľa";"SK0235";2;20;22
2021-02-28;"Okres Topoľčany";"SK0236";19;29;48
2021-02-28;"Okres Trebišov";"SK042B";8;40;48
2021-02-28;"Okres Trenčín";"SK0229";2;12;14
2021-02-28;"Okres Trnava";"SK0217";54;117;171
2021-02-28;"Okres Turčianske Teplice";"SK0319";2;0;2
2021-02-28;"Okres Tvrdošín";"SK031A";2;11;13
2021-02-28;"Okres Veľký Krtíš";"SK032A";2;4;6
2021-02-28;"Okres Vranov nad Topľou";"SK041D";9;27;36
2021-02-28;"Okres Zlaté Moravce";"SK0237";1;7;8
2021-02-28;"Okres Zvolen";"SK032B";1;17;18
2021-02-28;"Okres Žarnovica";"SK032C";0;4;4
2021-02-28;"Okres Žiar nad Hronom";"SK032D";1;5;6
2021-02-28;"Okres Žilina";"SK031B";2;7;9
2021-02-28;NA;"?";62;199;261
2021-02-27;"Neznáme";"SK000";133;609;742
2021-02-27;"Okres Bánovce nad Bebravou";"SK0221";35;67;102
2021-02-27;"Okres Banská Bystrica";"SK0321";113;173;286
2021-02-27;"Okres Banská Štiavnica";"SK0322";5;14;19
2021-02-27;"Okres Bardejov";"SK0411";54;126;180
2021-02-27;"Okres Bratislava I";"SK0101";4;156;160
2021-02-27;"Okres Bratislava II";"SK0102";33;240;273
2021-02-27;"Okres Bratislava III";"SK0103";17;150;167
2021-02-27;"Okres Bratislava IV";"SK0104";15;219;234
2021-02-27;"Okres Bratislava V";"SK0105";25;166;191
2021-02-27;"Okres Brezno";"SK0323";2;27;29
2021-02-27;"Okres Bytča";"SK0311";18;35;53
2021-02-27;"Okres Čadca";"SK0312";3;57;60
2021-02-27;"Okres Detva";"SK0324";6;21;27
2021-02-27;"Okres Dolný Kubín";"SK0313";0;4;4
2021-02-27;"Okres Dunajská Streda";"SK0211";78;212;290
2021-02-27;"Okres Galanta";"SK0212";59;158;217
2021-02-27;"Okres Gelnica";"SK0421";11;28;39
2021-02-27;"Okres Hlohovec";"SK0213";14;39;53
2021-02-27;"Okres Humenné";"SK0412";25;64;89
2021-02-27;"Okres Ilava";"SK0222";26;84;110
2021-02-27;"Okres Kežmarok";"SK0413";6;90;96
2021-02-27;"Okres Komárno";"SK0231";13;29;42
2021-02-27;"Okres Košice - okolie";"SK0426";30;127;157
2021-02-27;"Okres Košice I";"SK0422";14;34;48
2021-02-27;"Okres Košice II";"SK0423";26;40;66
2021-02-27;"Okres Košice III";"SK0424";3;5;8
2021-02-27;"Okres Košice IV";"SK0425";7;21;28
2021-02-27;"Okres Krupina";"SK0325";1;18;19
2021-02-27;"Okres Kysucké Nové Mesto";"SK0314";13;117;130
2021-02-27;"Okres Levice";"SK0232";17;123;140
2021-02-27;"Okres Levoča";"SK0414";16;60;76
2021-02-27;"Okres Liptovský Mikuláš";"SK0315";56;159;215
2021-02-27;"Okres Lučenec";"SK0326";5;18;23
2021-02-27;"Okres Malacky";"SK0106";20;97;117
2021-02-27;"Okres Martin";"SK0316";4;101;105
2021-02-27;"Okres Medzilaborce";"SK0415";0;2;2
2021-02-27;"Okres Michalovce";"SK0427";47;133;180
2021-02-27;"Okres Myjava";"SK0223";0;12;12
2021-02-27;"Okres Námestovo";"SK0317";1;12;13
2021-02-27;"Okres Nitra";"SK0233";4;54;58
2021-02-27;"Okres Nové Mesto nad Váhom";"SK0224";24;104;128
2021-02-27;"Okres Nové Zámky";"SK0234";10;50;60
2021-02-27;"Okres Partizánske";"SK0225";1;20;21
2021-02-27;"Okres Pezinok";"SK0107";14;68;82
2021-02-27;"Okres Piešťany";"SK0214";6;49;55
2021-02-27;"Okres Poltár";"SK0327";3;7;10
2021-02-27;"Okres Poprad";"SK0416";44;143;187
2021-02-27;"Okres Považská Bystrica";"SK0226";29;57;86
2021-02-27;"Okres Prešov";"SK0417";37;133;170
2021-02-27;"Okres Prievidza";"SK0227";20;100;120
2021-02-27;"Okres Púchov";"SK0228";54;102;156
2021-02-27;"Okres Revúca";"SK0328";34;67;101
2021-02-27;"Okres Rimavská Sobota";"SK0329";74;61;135
2021-02-27;"Okres Rožňava";"SK0428";25;65;90
2021-02-27;"Okres Ružomberok";"SK0318";14;65;79
2021-02-27;"Okres Sabinov";"SK0418";8;36;44
2021-02-27;"Okres Senec";"SK0108";16;126;142
2021-02-27;"Okres Senica";"SK0215";14;49;63
2021-02-27;"Okres Skalica";"SK0216";5;25;30
2021-02-27;"Okres Snina";"SK0419";16;32;48
2021-02-27;"Okres Sobrance";"SK0429";8;13;21
2021-02-27;"Okres Spišská Nová Ves";"SK042A";43;150;193
2021-02-27;"Okres Stará Ľubovňa";"SK041A";4;109;113
2021-02-27;"Okres Stropkov";"SK041B";1;18;19
2021-02-27;"Okres Svidník";"SK041C";4;31;35
2021-02-27;"Okres Šaľa";"SK0235";14;42;56
2021-02-27;"Okres Topoľčany";"SK0236";10;45;55
2021-02-27;"Okres Trebišov";"SK042B";43;97;140
2021-02-27;"Okres Trenčín";"SK0229";85;251;336
2021-02-27;"Okres Trnava";"SK0217";59;187;246
2021-02-27;"Okres Turčianske Teplice";"SK0319";1;5;6
2021-02-27;"Okres Tvrdošín";"SK031A";2;3;5
2021-02-27;"Okres Veľký Krtíš";"SK032A";1;8;9
2021-02-27;"Okres Vranov nad Topľou";"SK041D";67;62;129
2021-02-27;"Okres Zlaté Moravce";"SK0237";0;17;17
2021-02-27;"Okres Zvolen";"SK032B";40;97;137
2021-02-27;"Okres Žarnovica";"SK032C";7;21;28
2021-02-27;"Okres Žiar nad Hronom";"SK032D";17;72;89
2021-02-27;"Okres Žilina";"SK031B";48;219;267
2021-02-27;NA;"?";55;216;271
2021-02-26;"Neznáme";"SK000";182;975;1157
2021-02-26;"Okres Bánovce nad Bebravou";"SK0221";14;29;43
2021-02-26;"Okres Banská Bystrica";"SK0321";69;250;319
2021-02-26;"Okres Banská Štiavnica";"SK0322";3;18;21
2021-02-26;"Okres Bardejov";"SK0411";26;169;195
2021-02-26;"Okres Bratislava I";"SK0101";19;378;397
2021-02-26;"Okres Bratislava II";"SK0102";43;564;607
2021-02-26;"Okres Bratislava III";"SK0103";40;350;390
2021-02-26;"Okres Bratislava IV";"SK0104";58;681;739
2021-02-26;"Okres Bratislava V";"SK0105";49;557;606
2021-02-26;"Okres Brezno";"SK0323";27;50;77
2021-02-26;"Okres Bytča";"SK0311";23;60;83
2021-02-26;"Okres Čadca";"SK0312";76;152;228
2021-02-26;"Okres Detva";"SK0324";12;37;49
2021-02-26;"Okres Dolný Kubín";"SK0313";8;53;61
2021-02-26;"Okres Dunajská Streda";"SK0211";67;215;282
2021-02-26;"Okres Galanta";"SK0212";46;169;215
2021-02-26;"Okres Gelnica";"SK0421";11;48;59
2021-02-26;"Okres Hlohovec";"SK0213";24;60;84
2021-02-26;"Okres Humenné";"SK0412";29;68;97
2021-02-26;"Okres Ilava";"SK0222";41;102;143
2021-02-26;"Okres Kežmarok";"SK0413";11;89;100
2021-02-26;"Okres Komárno";"SK0231";24;106;130
2021-02-26;"Okres Košice - okolie";"SK0426";78;270;348
2021-02-26;"Okres Košice I";"SK0422";16;53;69
2021-02-26;"Okres Košice II";"SK0423";37;80;117
2021-02-26;"Okres Košice III";"SK0424";7;24;31
2021-02-26;"Okres Košice IV";"SK0425";11;30;41
2021-02-26;"Okres Krupina";"SK0325";3;16;19
2021-02-26;"Okres Kysucké Nové Mesto";"SK0314";6;44;50
2021-02-26;"Okres Levice";"SK0232";15;65;80
2021-02-26;"Okres Levoča";"SK0414";11;41;52
2021-02-26;"Okres Liptovský Mikuláš";"SK0315";57;132;189
2021-02-26;"Okres Lučenec";"SK0326";26;131;157
2021-02-26;"Okres Malacky";"SK0106";21;248;269
2021-02-26;"Okres Martin";"SK0316";106;278;384
2021-02-26;"Okres Medzilaborce";"SK0415";1;10;11
2021-02-26;"Okres Michalovce";"SK0427";49;123;172
2021-02-26;"Okres Myjava";"SK0223";31;90;121
2021-02-26;"Okres Námestovo";"SK0317";13;187;200
2021-02-26;"Okres Nitra";"SK0233";12;238;250
2021-02-26;"Okres Nové Mesto nad Váhom";"SK0224";35;112;147
2021-02-26;"Okres Nové Zámky";"SK0234";16;130;146
2021-02-26;"Okres Partizánske";"SK0225";10;31;41
2021-02-26;"Okres Pezinok";"SK0107";35;194;229
2021-02-26;"Okres Piešťany";"SK0214";53;125;178
2021-02-26;"Okres Poltár";"SK0327";11;34;45
2021-02-26;"Okres Poprad";"SK0416";63;189;252
2021-02-26;"Okres Považská Bystrica";"SK0226";59;92;151
2021-02-26;"Okres Prešov";"SK0417";110;480;590
2021-02-26;"Okres Prievidza";"SK0227";130;283;413
2021-02-26;"Okres Púchov";"SK0228";21;60;81
2021-02-26;"Okres Revúca";"SK0328";29;25;54
2021-02-26;"Okres Rimavská Sobota";"SK0329";72;101;173
2021-02-26;"Okres Rožňava";"SK0428";23;41;64
2021-02-26;"Okres Ružomberok";"SK0318";54;143;197
2021-02-26;"Okres Sabinov";"SK0418";27;138;165
2021-02-26;"Okres Senec";"SK0108";22;289;311
2021-02-26;"Okres Senica";"SK0215";27;73;100
2021-02-26;"Okres Skalica";"SK0216";6;31;37
2021-02-26;"Okres Snina";"SK0419";8;39;47
2021-02-26;"Okres Sobrance";"SK0429";7;20;27
2021-02-26;"Okres Spišská Nová Ves";"SK042A";42;142;184
2021-02-26;"Okres Stará Ľubovňa";"SK041A";25;136;161
2021-02-26;"Okres Stropkov";"SK041B";15;102;117
2021-02-26;"Okres Svidník";"SK041C";36;115;151
2021-02-26;"Okres Šaľa";"SK0235";17;62;79
2021-02-26;"Okres Topoľčany";"SK0236";10;76;86
2021-02-26;"Okres Trebišov";"SK042B";61;139;200
2021-02-26;"Okres Trenčín";"SK0229";88;224;312
2021-02-26;"Okres Trnava";"SK0217";130;323;453
2021-02-26;"Okres Turčianske Teplice";"SK0319";16;28;44
2021-02-26;"Okres Tvrdošín";"SK031A";1;77;78
2021-02-26;"Okres Veľký Krtíš";"SK032A";27;74;101
2021-02-26;"Okres Vranov nad Topľou";"SK041D";106;190;296
2021-02-26;"Okres Zlaté Moravce";"SK0237";1;24;25
2021-02-26;"Okres Zvolen";"SK032B";32;149;181
2021-02-26;"Okres Žarnovica";"SK032C";13;45;58
2021-02-26;"Okres Žiar nad Hronom";"SK032D";25;91;116
2021-02-26;"Okres Žilina";"SK031B";85;329;414
2021-02-26;NA;"?";102;483;585
2021-02-25;"Neznáme";"SK000";199;974;1173
2021-02-25;"Okres Bánovce nad Bebravou";"SK0221";68;95;163
2021-02-25;"Okres Banská Bystrica";"SK0321";91;328;419
2021-02-25;"Okres Banská Štiavnica";"SK0322";5;14;19
2021-02-25;"Okres Bardejov";"SK0411";35;101;136
2021-02-25;"Okres Bratislava I";"SK0101";19;235;254
2021-02-25;"Okres Bratislava II";"SK0102";55;323;378
2021-02-25;"Okres Bratislava III";"SK0103";38;210;248
2021-02-25;"Okres Bratislava IV";"SK0104";45;237;282
2021-02-25;"Okres Bratislava V";"SK0105";38;254;292
2021-02-25;"Okres Brezno";"SK0323";41;57;98
2021-02-25;"Okres Bytča";"SK0311";15;25;40
2021-02-25;"Okres Čadca";"SK0312";42;59;101
2021-02-25;"Okres Detva";"SK0324";9;37;46
2021-02-25;"Okres Dolný Kubín";"SK0313";17;45;62
2021-02-25;"Okres Dunajská Streda";"SK0211";88;242;330
2021-02-25;"Okres Galanta";"SK0212";64;115;179
2021-02-25;"Okres Gelnica";"SK0421";15;50;65
2021-02-25;"Okres Hlohovec";"SK0213";48;76;124
2021-02-25;"Okres Humenné";"SK0412";19;42;61
2021-02-25;"Okres Ilava";"SK0222";65;156;221
2021-02-25;"Okres Kežmarok";"SK0413";20;65;85
2021-02-25;"Okres Komárno";"SK0231";40;97;137
2021-02-25;"Okres Košice - okolie";"SK0426";60;181;241
2021-02-25;"Okres Košice I";"SK0422";26;38;64
2021-02-25;"Okres Košice II";"SK0423";22;43;65
2021-02-25;"Okres Košice III";"SK0424";7;12;19
2021-02-25;"Okres Košice IV";"SK0425";7;22;29
2021-02-25;"Okres Krupina";"SK0325";3;26;29
2021-02-25;"Okres Kysucké Nové Mesto";"SK0314";20;34;54
2021-02-25;"Okres Levice";"SK0232";18;117;135
2021-02-25;"Okres Levoča";"SK0414";11;53;64
2021-02-25;"Okres Liptovský Mikuláš";"SK0315";35;95;130
2021-02-25;"Okres Lučenec";"SK0326";25;102;127
2021-02-25;"Okres Malacky";"SK0106";25;150;175
2021-02-25;"Okres Martin";"SK0316";84;248;332
2021-02-25;"Okres Medzilaborce";"SK0415";1;7;8
2021-02-25;"Okres Michalovce";"SK0427";35;112;147
2021-02-25;"Okres Myjava";"SK0223";9;43;52
2021-02-25;"Okres Námestovo";"SK0317";7;33;40
2021-02-25;"Okres Nitra";"SK0233";27;215;242
2021-02-25;"Okres Nové Mesto nad Váhom";"SK0224";57;95;152
2021-02-25;"Okres Nové Zámky";"SK0234";39;118;157
2021-02-25;"Okres Partizánske";"SK0225";18;51;69
2021-02-25;"Okres Pezinok";"SK0107";18;127;145
2021-02-25;"Okres Piešťany";"SK0214";77;120;197
2021-02-25;"Okres Poltár";"SK0327";5;15;20
2021-02-25;"Okres Poprad";"SK0416";25;60;85
2021-02-25;"Okres Považská Bystrica";"SK0226";33;76;109
2021-02-25;"Okres Prešov";"SK0417";98;221;319
2021-02-25;"Okres Prievidza";"SK0227";48;95;143
2021-02-25;"Okres Púchov";"SK0228";26;56;82
2021-02-25;"Okres Revúca";"SK0328";29;28;57
2021-02-25;"Okres Rimavská Sobota";"SK0329";52;109;161
2021-02-25;"Okres Rožňava";"SK0428";17;34;51
2021-02-25;"Okres Ružomberok";"SK0318";16;36;52
2021-02-25;"Okres Sabinov";"SK0418";17;79;96
2021-02-25;"Okres Senec";"SK0108";35;193;228
2021-02-25;"Okres Senica";"SK0215";19;40;59
2021-02-25;"Okres Skalica";"SK0216";7;20;27
2021-02-25;"Okres Snina";"SK0419";6;25;31
2021-02-25;"Okres Sobrance";"SK0429";9;42;51
2021-02-25;"Okres Spišská Nová Ves";"SK042A";32;133;165
2021-02-25;"Okres Stará Ľubovňa";"SK041A";18;59;77
2021-02-25;"Okres Stropkov";"SK041B";3;30;33
2021-02-25;"Okres Svidník";"SK041C";10;65;75
2021-02-25;"Okres Šaľa";"SK0235";10;41;51
2021-02-25;"Okres Topoľčany";"SK0236";19;73;92
2021-02-25;"Okres Trebišov";"SK042B";59;215;274
2021-02-25;"Okres Trenčín";"SK0229";109;243;352
2021-02-25;"Okres Trnava";"SK0217";103;289;392
2021-02-25;"Okres Turčianske Teplice";"SK0319";17;18;35
2021-02-25;"Okres Tvrdošín";"SK031A";2;18;20
2021-02-25;"Okres Veľký Krtíš";"SK032A";22;70;92
2021-02-25;"Okres Vranov nad Topľou";"SK041D";19;71;90
2021-02-25;"Okres Zlaté Moravce";"SK0237";10;61;71
2021-02-25;"Okres Zvolen";"SK032B";52;148;200
2021-02-25;"Okres Žarnovica";"SK032C";30;53;83
2021-02-25;"Okres Žiar nad Hronom";"SK032D";29;66;95
2021-02-25;"Okres Žilina";"SK031B";81;224;305
2021-02-25;"Zahraničie";"SKZZZZ";1;1;2
2021-02-25;NA;"?";56;348;404
2021-02-24;"Neznáme";"SK000";204;876;1080
2021-02-24;"Okres Bánovce nad Bebravou";"SK0221";4;27;31
2021-02-24;"Okres Banská Bystrica";"SK0321";51;200;251
2021-02-24;"Okres Banská Štiavnica";"SK0322";2;15;17
2021-02-24;"Okres Bardejov";"SK0411";40;139;179
2021-02-24;"Okres Bratislava I";"SK0101";7;191;198
2021-02-24;"Okres Bratislava II";"SK0102";51;287;338
2021-02-24;"Okres Bratislava III";"SK0103";21;156;177
2021-02-24;"Okres Bratislava IV";"SK0104";39;225;264
2021-02-24;"Okres Bratislava V";"SK0105";27;260;287
2021-02-24;"Okres Brezno";"SK0323";34;49;83
2021-02-24;"Okres Bytča";"SK0311";12;16;28
2021-02-24;"Okres Čadca";"SK0312";27;69;96
2021-02-24;"Okres Detva";"SK0324";11;33;44
2021-02-24;"Okres Dolný Kubín";"SK0313";21;61;82
2021-02-24;"Okres Dunajská Streda";"SK0211";58;163;221
2021-02-24;"Okres Galanta";"SK0212";104;180;284
2021-02-24;"Okres Gelnica";"SK0421";8;46;54
2021-02-24;"Okres Hlohovec";"SK0213";30;73;103
2021-02-24;"Okres Humenné";"SK0412";37;74;111
2021-02-24;"Okres Ilava";"SK0222";74;189;263
2021-02-24;"Okres Kežmarok";"SK0413";5;35;40
2021-02-24;"Okres Komárno";"SK0231";7;70;77
2021-02-24;"Okres Košice - okolie";"SK0426";42;140;182
2021-02-24;"Okres Košice I";"SK0422";9;28;37
2021-02-24;"Okres Košice II";"SK0423";5;33;38
2021-02-24;"Okres Košice III";"SK0424";2;6;8
2021-02-24;"Okres Košice IV";"SK0425";7;16;23
2021-02-24;"Okres Krupina";"SK0325";5;26;31
2021-02-24;"Okres Kysucké Nové Mesto";"SK0314";3;22;25
2021-02-24;"Okres Levice";"SK0232";14;61;75
2021-02-24;"Okres Levoča";"SK0414";1;35;36
2021-02-24;"Okres Liptovský Mikuláš";"SK0315";44;96;140
2021-02-24;"Okres Lučenec";"SK0326";36;136;172
2021-02-24;"Okres Malacky";"SK0106";35;118;153
2021-02-24;"Okres Martin";"SK0316";95;200;295
2021-02-24;"Okres Medzilaborce";"SK0415";0;12;12
2021-02-24;"Okres Michalovce";"SK0427";41;105;146
2021-02-24;"Okres Myjava";"SK0223";15;33;48
2021-02-24;"Okres Námestovo";"SK0317";19;89;108
2021-02-24;"Okres Nitra";"SK0233";11;115;126
2021-02-24;"Okres Nové Mesto nad Váhom";"SK0224";65;118;183
2021-02-24;"Okres Nové Zámky";"SK0234";28;111;139
2021-02-24;"Okres Partizánske";"SK0225";8;17;25
2021-02-24;"Okres Pezinok";"SK0107";20;116;136
2021-02-24;"Okres Piešťany";"SK0214";54;141;195
2021-02-24;"Okres Poltár";"SK0327";8;18;26
2021-02-24;"Okres Poprad";"SK0416";43;165;208
2021-02-24;"Okres Považská Bystrica";"SK0226";43;68;111
2021-02-24;"Okres Prešov";"SK0417";105;301;406
2021-02-24;"Okres Prievidza";"SK0227";66;134;200
2021-02-24;"Okres Púchov";"SK0228";43;55;98
2021-02-24;"Okres Revúca";"SK0328";20;30;50
2021-02-24;"Okres Rimavská Sobota";"SK0329";70;125;195
2021-02-24;"Okres Rožňava";"SK0428";28;51;79
2021-02-24;"Okres Ružomberok";"SK0318";27;63;90
2021-02-24;"Okres Sabinov";"SK0418";23;77;100
2021-02-24;"Okres Senec";"SK0108";25;178;203
2021-02-24;"Okres Senica";"SK0215";21;55;76
2021-02-24;"Okres Skalica";"SK0216";2;19;21
2021-02-24;"Okres Snina";"SK0419";7;22;29
2021-02-24;"Okres Sobrance";"SK0429";7;14;21
2021-02-24;"Okres Spišská Nová Ves";"SK042A";53;169;222
2021-02-24;"Okres Stará Ľubovňa";"SK041A";11;51;62
2021-02-24;"Okres Stropkov";"SK041B";9;11;20
2021-02-24;"Okres Svidník";"SK041C";5;29;34
2021-02-24;"Okres Šaľa";"SK0235";22;83;105
2021-02-24;"Okres Topoľčany";"SK0236";15;68;83
2021-02-24;"Okres Trebišov";"SK042B";27;81;108
2021-02-24;"Okres Trenčín";"SK0229";120;211;331
2021-02-24;"Okres Trnava";"SK0217";111;218;329
2021-02-24;"Okres Turčianske Teplice";"SK0319";17;25;42
2021-02-24;"Okres Tvrdošín";"SK031A";6;43;49
2021-02-24;"Okres Veľký Krtíš";"SK032A";38;103;141
2021-02-24;"Okres Vranov nad Topľou";"SK041D";48;61;109
2021-02-24;"Okres Zlaté Moravce";"SK0237";3;13;16
2021-02-24;"Okres Zvolen";"SK032B";31;105;136
2021-02-24;"Okres Žarnovica";"SK032C";11;23;34
2021-02-24;"Okres Žiar nad Hronom";"SK032D";19;59;78
2021-02-24;"Okres Žilina";"SK031B";38;131;169
2021-02-24;NA;"?";45;291;336
2021-02-23;"Neznáme";"SK000";276;1077;1353
2021-02-23;"Okres Bánovce nad Bebravou";"SK0221";32;58;90
2021-02-23;"Okres Banská Bystrica";"SK0321";88;308;396
2021-02-23;"Okres Banská Štiavnica";"SK0322";2;17;19
2021-02-23;"Okres Bardejov";"SK0411";64;199;263
2021-02-23;"Okres Bratislava I";"SK0101";28;213;241
2021-02-23;"Okres Bratislava II";"SK0102";66;327;393
2021-02-23;"Okres Bratislava III";"SK0103";30;224;254
2021-02-23;"Okres Bratislava IV";"SK0104";33;210;243
2021-02-23;"Okres Bratislava V";"SK0105";49;269;318
2021-02-23;"Okres Brezno";"SK0323";53;61;114
2021-02-23;"Okres Bytča";"SK0311";19;46;65
2021-02-23;"Okres Čadca";"SK0312";73;93;166
2021-02-23;"Okres Detva";"SK0324";10;43;53
2021-02-23;"Okres Dolný Kubín";"SK0313";26;57;83
2021-02-23;"Okres Dunajská Streda";"SK0211";102;277;379
2021-02-23;"Okres Galanta";"SK0212";86;182;268
2021-02-23;"Okres Gelnica";"SK0421";7;36;43
2021-02-23;"Okres Hlohovec";"SK0213";38;85;123
2021-02-23;"Okres Humenné";"SK0412";18;40;58
2021-02-23;"Okres Ilava";"SK0222";64;109;173
2021-02-23;"Okres Kežmarok";"SK0413";25;112;137
2021-02-23;"Okres Komárno";"SK0231";63;344;407
2021-02-23;"Okres Košice - okolie";"SK0426";127;177;304
2021-02-23;"Okres Košice I";"SK0422";43;49;92
2021-02-23;"Okres Košice II";"SK0423";39;53;92
2021-02-23;"Okres Košice III";"SK0424";11;21;32
2021-02-23;"Okres Košice IV";"SK0425";23;29;52
2021-02-23;"Okres Krupina";"SK0325";4;18;22
2021-02-23;"Okres Kysucké Nové Mesto";"SK0314";14;33;47
2021-02-23;"Okres Levice";"SK0232";19;117;136
2021-02-23;"Okres Levoča";"SK0414";22;79;101
2021-02-23;"Okres Liptovský Mikuláš";"SK0315";61;151;212
2021-02-23;"Okres Lučenec";"SK0326";64;222;286
2021-02-23;"Okres Malacky";"SK0106";15;97;112
2021-02-23;"Okres Martin";"SK0316";100;279;379
2021-02-23;"Okres Medzilaborce";"SK0415";0;4;4
2021-02-23;"Okres Michalovce";"SK0427";47;144;191
2021-02-23;"Okres Myjava";"SK0223";19;61;80
2021-02-23;"Okres Námestovo";"SK0317";8;138;146
2021-02-23;"Okres Nitra";"SK0233";14;131;145
2021-02-23;"Okres Nové Mesto nad Váhom";"SK0224";91;156;247
2021-02-23;"Okres Nové Zámky";"SK0234";48;207;255
2021-02-23;"Okres Partizánske";"SK0225";29;71;100
2021-02-23;"Okres Pezinok";"SK0107";18;109;127
2021-02-23;"Okres Piešťany";"SK0214";72;137;209
2021-02-23;"Okres Poltár";"SK0327";18;71;89
2021-02-23;"Okres Poprad";"SK0416";52;136;188
2021-02-23;"Okres Považská Bystrica";"SK0226";70;127;197
2021-02-23;"Okres Prešov";"SK0417";117;325;442
2021-02-23;"Okres Prievidza";"SK0227";147;282;429
2021-02-23;"Okres Púchov";"SK0228";25;70;95
2021-02-23;"Okres Revúca";"SK0328";64;39;103
2021-02-23;"Okres Rimavská Sobota";"SK0329";89;75;164
2021-02-23;"Okres Rožňava";"SK0428";42;108;150
2021-02-23;"Okres Ružomberok";"SK0318";28;100;128
2021-02-23;"Okres Sabinov";"SK0418";21;131;152
2021-02-23;"Okres Senec";"SK0108";24;185;209
2021-02-23;"Okres Senica";"SK0215";27;55;82
2021-02-23;"Okres Skalica";"SK0216";8;45;53
2021-02-23;"Okres Snina";"SK0419";13;41;54
2021-02-23;"Okres Sobrance";"SK0429";12;48;60
2021-02-23;"Okres Spišská Nová Ves";"SK042A";50;180;230
2021-02-23;"Okres Stará Ľubovňa";"SK041A";25;177;202
2021-02-23;"Okres Stropkov";"SK041B";13;36;49
2021-02-23;"Okres Svidník";"SK041C";15;56;71
2021-02-23;"Okres Šaľa";"SK0235";16;72;88
2021-02-23;"Okres Topoľčany";"SK0236";52;114;166
2021-02-23;"Okres Trebišov";"SK042B";167;234;401
2021-02-23;"Okres Trenčín";"SK0229";109;285;394
2021-02-23;"Okres Trnava";"SK0217";97;294;391
2021-02-23;"Okres Turčianske Teplice";"SK0319";18;39;57
2021-02-23;"Okres Tvrdošín";"SK031A";1;13;14
2021-02-23;"Okres Veľký Krtíš";"SK032A";9;27;36
2021-02-23;"Okres Vranov nad Topľou";"SK041D";64;129;193
2021-02-23;"Okres Zlaté Moravce";"SK0237";16;58;74
2021-02-23;"Okres Zvolen";"SK032B";53;204;257
2021-02-23;"Okres Žarnovica";"SK032C";11;67;78
2021-02-23;"Okres Žiar nad Hronom";"SK032D";26;54;80
2021-02-23;"Okres Žilina";"SK031B";55;261;316
2021-02-23;"Zahraničie";"SKZZZZ";0;1;1
2021-02-23;NA;"?";101;356;457
2021-02-22;"Neznáme";"SK000";182;863;1045
2021-02-22;"Okres Bánovce nad Bebravou";"SK0221";3;19;22
2021-02-22;"Okres Banská Bystrica";"SK0321";15;99;114
2021-02-22;"Okres Banská Štiavnica";"SK0322";3;9;12
2021-02-22;"Okres Bardejov";"SK0411";10;52;62
2021-02-22;"Okres Bratislava I";"SK0101";18;149;167
2021-02-22;"Okres Bratislava II";"SK0102";69;329;398
2021-02-22;"Okres Bratislava III";"SK0103";39;216;255
2021-02-22;"Okres Bratislava IV";"SK0104";56;241;297
2021-02-22;"Okres Bratislava V";"SK0105";53;229;282
2021-02-22;"Okres Brezno";"SK0323";10;23;33
2021-02-22;"Okres Bytča";"SK0311";8;37;45
2021-02-22;"Okres Čadca";"SK0312";12;29;41
2021-02-22;"Okres Detva";"SK0324";6;35;41
2021-02-22;"Okres Dolný Kubín";"SK0313";5;23;28
2021-02-22;"Okres Dunajská Streda";"SK0211";30;158;188
2021-02-22;"Okres Galanta";"SK0212";28;85;113
2021-02-22;"Okres Gelnica";"SK0421";3;14;17
2021-02-22;"Okres Hlohovec";"SK0213";25;44;69
2021-02-22;"Okres Humenné";"SK0412";32;61;93
2021-02-22;"Okres Ilava";"SK0222";19;70;89
2021-02-22;"Okres Kežmarok";"SK0413";5;36;41
2021-02-22;"Okres Komárno";"SK0231";42;71;113
2021-02-22;"Okres Košice - okolie";"SK0426";58;157;215
2021-02-22;"Okres Košice I";"SK0422";25;47;72
2021-02-22;"Okres Košice II";"SK0423";34;56;90
2021-02-22;"Okres Košice III";"SK0424";6;10;16
2021-02-22;"Okres Košice IV";"SK0425";18;36;54
2021-02-22;"Okres Krupina";"SK0325";2;54;56
2021-02-22;"Okres Kysucké Nové Mesto";"SK0314";8;29;37
2021-02-22;"Okres Levice";"SK0232";16;57;73
2021-02-22;"Okres Levoča";"SK0414";1;39;40
2021-02-22;"Okres Liptovský Mikuláš";"SK0315";8;57;65
2021-02-22;"Okres Lučenec";"SK0326";8;26;34
2021-02-22;"Okres Malacky";"SK0106";59;294;353
2021-02-22;"Okres Martin";"SK0316";166;319;485
2021-02-22;"Okres Medzilaborce";"SK0415";2;11;13
2021-02-22;"Okres Michalovce";"SK0427";25;127;152
2021-02-22;"Okres Myjava";"SK0223";19;40;59
2021-02-22;"Okres Námestovo";"SK0317";10;66;76
2021-02-22;"Okres Nitra";"SK0233";26;148;174
2021-02-22;"Okres Nové Mesto nad Váhom";"SK0224";25;38;63
2021-02-22;"Okres Nové Zámky";"SK0234";12;75;87
2021-02-22;"Okres Partizánske";"SK0225";1;16;17
2021-02-22;"Okres Pezinok";"SK0107";23;126;149
2021-02-22;"Okres Piešťany";"SK0214";33;87;120
2021-02-22;"Okres Poltár";"SK0327";2;7;9
2021-02-22;"Okres Poprad";"SK0416";20;88;108
2021-02-22;"Okres Považská Bystrica";"SK0226";40;79;119
2021-02-22;"Okres Prešov";"SK0417";169;365;534
2021-02-22;"Okres Prievidza";"SK0227";9;27;36
2021-02-22;"Okres Púchov";"SK0228";10;33;43
2021-02-22;"Okres Revúca";"SK0328";9;11;20
2021-02-22;"Okres Rimavská Sobota";"SK0329";0;13;13
2021-02-22;"Okres Rožňava";"SK0428";2;50;52
2021-02-22;"Okres Ružomberok";"SK0318";2;30;32
2021-02-22;"Okres Sabinov";"SK0418";28;75;103
2021-02-22;"Okres Senec";"SK0108";46;184;230
2021-02-22;"Okres Senica";"SK0215";40;83;123
2021-02-22;"Okres Skalica";"SK0216";1;77;78
2021-02-22;"Okres Snina";"SK0419";8;47;55
2021-02-22;"Okres Sobrance";"SK0429";8;32;40
2021-02-22;"Okres Spišská Nová Ves";"SK042A";10;50;60
2021-02-22;"Okres Stará Ľubovňa";"SK041A";4;10;14
2021-02-22;"Okres Stropkov";"SK041B";1;12;13
2021-02-22;"Okres Svidník";"SK041C";8;54;62
2021-02-22;"Okres Šaľa";"SK0235";13;43;56
2021-02-22;"Okres Topoľčany";"SK0236";31;50;81
2021-02-22;"Okres Trebišov";"SK042B";87;96;183
2021-02-22;"Okres Trenčín";"SK0229";32;115;147
2021-02-22;"Okres Trnava";"SK0217";74;158;232
2021-02-22;"Okres Turčianske Teplice";"SK0319";9;30;39
2021-02-22;"Okres Tvrdošín";"SK031A";3;31;34
2021-02-22;"Okres Veľký Krtíš";"SK032A";7;13;20
2021-02-22;"Okres Vranov nad Topľou";"SK041D";76;146;222
2021-02-22;"Okres Zlaté Moravce";"SK0237";1;18;19
2021-02-22;"Okres Zvolen";"SK032B";23;133;156
2021-02-22;"Okres Žarnovica";"SK032C";2;15;17
2021-02-22;"Okres Žiar nad Hronom";"SK032D";9;52;61
2021-02-22;"Okres Žilina";"SK031B";72;240;312
2021-02-22;NA;"?";104;377;481
2021-02-21;"Neznáme";"SK000";26;93;119
2021-02-21;"Okres Bánovce nad Bebravou";"SK0221";7;5;12
2021-02-21;"Okres Banská Bystrica";"SK0321";48;126;174
2021-02-21;"Okres Banská Štiavnica";"SK0322";0;4;4
2021-02-21;"Okres Bardejov";"SK0411";1;9;10
2021-02-21;"Okres Bratislava I";"SK0101";13;63;76
2021-02-21;"Okres Bratislava II";"SK0102";35;143;178
2021-02-21;"Okres Bratislava III";"SK0103";31;65;96
2021-02-21;"Okres Bratislava IV";"SK0104";33;127;160
2021-02-21;"Okres Bratislava V";"SK0105";22;96;118
2021-02-21;"Okres Brezno";"SK0323";3;13;16
2021-02-21;"Okres Bytča";"SK0311";1;1;2
2021-02-21;"Okres Čadca";"SK0312";1;6;7
2021-02-21;"Okres Detva";"SK0324";8;12;20
2021-02-21;"Okres Dolný Kubín";"SK0313";6;17;23
2021-02-21;"Okres Dunajská Streda";"SK0211";14;26;40
2021-02-21;"Okres Galanta";"SK0212";6;21;27
2021-02-21;"Okres Gelnica";"SK0421";1;6;7
2021-02-21;"Okres Hlohovec";"SK0213";5;18;23
2021-02-21;"Okres Humenné";"SK0412";31;48;79
2021-02-21;"Okres Ilava";"SK0222";3;20;23
2021-02-21;"Okres Kežmarok";"SK0413";1;6;7
2021-02-21;"Okres Komárno";"SK0231";4;21;25
2021-02-21;"Okres Košice - okolie";"SK0426";31;92;123
2021-02-21;"Okres Košice I";"SK0422";7;35;42
2021-02-21;"Okres Košice II";"SK0423";20;60;80
2021-02-21;"Okres Košice III";"SK0424";9;18;27
2021-02-21;"Okres Košice IV";"SK0425";5;18;23
2021-02-21;"Okres Krupina";"SK0325";0;4;4
2021-02-21;"Okres Kysucké Nové Mesto";"SK0314";0;2;2
2021-02-21;"Okres Levice";"SK0232";3;16;19
2021-02-21;"Okres Levoča";"SK0414";2;10;12
2021-02-21;"Okres Liptovský Mikuláš";"SK0315";2;14;16
2021-02-21;"Okres Lučenec";"SK0326";2;7;9
2021-02-21;"Okres Malacky";"SK0106";12;32;44
2021-02-21;"Okres Martin";"SK0316";8;10;18
2021-02-21;"Okres Medzilaborce";"SK0415";2;2;4
2021-02-21;"Okres Michalovce";"SK0427";27;68;95
2021-02-21;"Okres Myjava";"SK0223";0;2;2
2021-02-21;"Okres Námestovo";"SK0317";3;12;15
2021-02-21;"Okres Nitra";"SK0233";2;14;16
2021-02-21;"Okres Nové Mesto nad Váhom";"SK0224";15;71;86
2021-02-21;"Okres Nové Zámky";"SK0234";10;48;58
2021-02-21;"Okres Partizánske";"SK0225";1;5;6
2021-02-21;"Okres Pezinok";"SK0107";16;48;64
2021-02-21;"Okres Piešťany";"SK0214";2;10;12
2021-02-21;"Okres Poprad";"SK0416";1;19;20
2021-02-21;"Okres Považská Bystrica";"SK0226";1;3;4
2021-02-21;"Okres Prešov";"SK0417";8;60;68
2021-02-21;"Okres Prievidza";"SK0227";2;20;22
2021-02-21;"Okres Púchov";"SK0228";1;4;5
2021-02-21;"Okres Revúca";"SK0328";0;3;3
2021-02-21;"Okres Rimavská Sobota";"SK0329";2;1;3
2021-02-21;"Okres Rožňava";"SK0428";1;4;5
2021-02-21;"Okres Ružomberok";"SK0318";11;42;53
2021-02-21;"Okres Sabinov";"SK0418";5;18;23
2021-02-21;"Okres Senec";"SK0108";25;95;120
2021-02-21;"Okres Senica";"SK0215";0;2;2
2021-02-21;"Okres Skalica";"SK0216";0;1;1
2021-02-21;"Okres Snina";"SK0419";2;16;18
2021-02-21;"Okres Sobrance";"SK0429";13;18;31
2021-02-21;"Okres Spišská Nová Ves";"SK042A";3;11;14
2021-02-21;"Okres Stará Ľubovňa";"SK041A";3;54;57
2021-02-21;"Okres Stropkov";"SK041B";0;11;11
2021-02-21;"Okres Svidník";"SK041C";1;11;12
2021-02-21;"Okres Šaľa";"SK0235";1;9;10
2021-02-21;"Okres Topoľčany";"SK0236";0;5;5
2021-02-21;"Okres Trebišov";"SK042B";8;25;33
2021-02-21;"Okres Trenčín";"SK0229";34;61;95
2021-02-21;"Okres Trnava";"SK0217";13;81;94
2021-02-21;"Okres Turčianske Teplice";"SK0319";0;4;4
2021-02-21;"Okres Tvrdošín";"SK031A";1;8;9
2021-02-21;"Okres Veľký Krtíš";"SK032A";0;4;4
2021-02-21;"Okres Vranov nad Topľou";"SK041D";8;23;31
2021-02-21;"Okres Zlaté Moravce";"SK0237";2;5;7
2021-02-21;"Okres Zvolen";"SK032B";11;31;42
2021-02-21;"Okres Žarnovica";"SK032C";2;1;3
2021-02-21;"Okres Žiar nad Hronom";"SK032D";1;4;5
2021-02-21;"Okres Žilina";"SK031B";1;6;7
2021-02-21;NA;"?";46;169;215
2021-02-20;"Neznáme";"SK000";163;624;787
2021-02-20;"Okres Bánovce nad Bebravou";"SK0221";23;58;81
2021-02-20;"Okres Banská Bystrica";"SK0321";92;233;325
2021-02-20;"Okres Banská Štiavnica";"SK0322";8;7;15
2021-02-20;"Okres Bardejov";"SK0411";29;113;142
2021-02-20;"Okres Bratislava I";"SK0101";13;159;172
2021-02-20;"Okres Bratislava II";"SK0102";36;213;249
2021-02-20;"Okres Bratislava III";"SK0103";14;137;151
2021-02-20;"Okres Bratislava IV";"SK0104";26;168;194
2021-02-20;"Okres Bratislava V";"SK0105";20;186;206
2021-02-20;"Okres Brezno";"SK0323";11;33;44
2021-02-20;"Okres Bytča";"SK0311";11;37;48
2021-02-20;"Okres Čadca";"SK0312";36;109;145
2021-02-20;"Okres Detva";"SK0324";5;23;28
2021-02-20;"Okres Dolný Kubín";"SK0313";2;7;9
2021-02-20;"Okres Dunajská Streda";"SK0211";57;186;243
2021-02-20;"Okres Galanta";"SK0212";61;156;217
2021-02-20;"Okres Gelnica";"SK0421";11;38;49
2021-02-20;"Okres Hlohovec";"SK0213";22;29;51
2021-02-20;"Okres Humenné";"SK0412";0;25;25
2021-02-20;"Okres Ilava";"SK0222";41;74;115
2021-02-20;"Okres Kežmarok";"SK0413";16;90;106
2021-02-20;"Okres Komárno";"SK0231";3;25;28
2021-02-20;"Okres Košice - okolie";"SK0426";38;113;151
2021-02-20;"Okres Košice I";"SK0422";10;22;32
2021-02-20;"Okres Košice II";"SK0423";16;38;54
2021-02-20;"Okres Košice III";"SK0424";5;9;14
2021-02-20;"Okres Košice IV";"SK0425";10;9;19
2021-02-20;"Okres Krupina";"SK0325";2;11;13
2021-02-20;"Okres Kysucké Nové Mesto";"SK0314";4;122;126
2021-02-20;"Okres Levice";"SK0232";14;103;117
2021-02-20;"Okres Levoča";"SK0414";5;30;35
2021-02-20;"Okres Liptovský Mikuláš";"SK0315";48;110;158
2021-02-20;"Okres Lučenec";"SK0326";2;25;27
2021-02-20;"Okres Malacky";"SK0106";24;81;105
2021-02-20;"Okres Martin";"SK0316";1;86;87
2021-02-20;"Okres Medzilaborce";"SK0415";0;12;12
2021-02-20;"Okres Michalovce";"SK0427";13;58;71
2021-02-20;"Okres Myjava";"SK0223";1;8;9
2021-02-20;"Okres Námestovo";"SK0317";0;38;38
2021-02-20;"Okres Nitra";"SK0233";5;44;49
2021-02-20;"Okres Nové Mesto nad Váhom";"SK0224";34;74;108
2021-02-20;"Okres Nové Zámky";"SK0234";8;51;59
2021-02-20;"Okres Partizánske";"SK0225";25;37;62
2021-02-20;"Okres Pezinok";"SK0107";19;80;99
2021-02-20;"Okres Piešťany";"SK0214";26;42;68
2021-02-20;"Okres Poltár";"SK0327";7;13;20
2021-02-20;"Okres Poprad";"SK0416";16;107;123
2021-02-20;"Okres Považská Bystrica";"SK0226";17;63;80
2021-02-20;"Okres Prešov";"SK0417";32;178;210
2021-02-20;"Okres Prievidza";"SK0227";56;123;179
2021-02-20;"Okres Púchov";"SK0228";22;35;57
2021-02-20;"Okres Revúca";"SK0328";20;45;65
2021-02-20;"Okres Rimavská Sobota";"SK0329";67;47;114
2021-02-20;"Okres Rožňava";"SK0428";27;92;119
2021-02-20;"Okres Ružomberok";"SK0318";10;37;47
2021-02-20;"Okres Sabinov";"SK0418";6;60;66
2021-02-20;"Okres Senec";"SK0108";17;111;128
2021-02-20;"Okres Senica";"SK0215";6;39;45
2021-02-20;"Okres Skalica";"SK0216";2;28;30
2021-02-20;"Okres Snina";"SK0419";2;20;22
2021-02-20;"Okres Sobrance";"SK0429";3;10;13
2021-02-20;"Okres Spišská Nová Ves";"SK042A";33;159;192
2021-02-20;"Okres Stará Ľubovňa";"SK041A";9;107;116
2021-02-20;"Okres Stropkov";"SK041B";8;33;41
2021-02-20;"Okres Svidník";"SK041C";6;41;47
2021-02-20;"Okres Šaľa";"SK0235";19;66;85
2021-02-20;"Okres Topoľčany";"SK0236";16;57;73
2021-02-20;"Okres Trebišov";"SK042B";77;92;169
2021-02-20;"Okres Trenčín";"SK0229";64;184;248
2021-02-20;"Okres Trnava";"SK0217";71;177;248
2021-02-20;"Okres Turčianske Teplice";"SK0319";0;3;3
2021-02-20;"Okres Tvrdošín";"SK031A";0;13;13
2021-02-20;"Okres Veľký Krtíš";"SK032A";0;10;10
2021-02-20;"Okres Vranov nad Topľou";"SK041D";3;42;45
2021-02-20;"Okres Zlaté Moravce";"SK0237";5;9;14
2021-02-20;"Okres Zvolen";"SK032B";36;68;104
2021-02-20;"Okres Žarnovica";"SK032C";4;24;28
2021-02-20;"Okres Žiar nad Hronom";"SK032D";30;73;103
2021-02-20;"Okres Žilina";"SK031B";37;185;222
2021-02-20;NA;"?";56;199;255
2021-02-19;"Neznáme";"SK000";200;1153;1353
2021-02-19;"Okres Bánovce nad Bebravou";"SK0221";7;68;75
2021-02-19;"Okres Banská Bystrica";"SK0321";100;234;334
2021-02-19;"Okres Banská Štiavnica";"SK0322";2;12;14
2021-02-19;"Okres Bardejov";"SK0411";25;136;161
2021-02-19;"Okres Bratislava I";"SK0101";19;305;324
2021-02-19;"Okres Bratislava II";"SK0102";52;467;519
2021-02-19;"Okres Bratislava III";"SK0103";23;310;333
2021-02-19;"Okres Bratislava IV";"SK0104";42;607;649
2021-02-19;"Okres Bratislava V";"SK0105";56;476;532
2021-02-19;"Okres Brezno";"SK0323";50;89;139
2021-02-19;"Okres Bytča";"SK0311";24;36;60
2021-02-19;"Okres Čadca";"SK0312";11;71;82
2021-02-19;"Okres Detva";"SK0324";9;33;42
2021-02-19;"Okres Dolný Kubín";"SK0313";15;86;101
2021-02-19;"Okres Dunajská Streda";"SK0211";104;206;310
2021-02-19;"Okres Galanta";"SK0212";44;120;164
2021-02-19;"Okres Gelnica";"SK0421";5;52;57
2021-02-19;"Okres Hlohovec";"SK0213";24;53;77
2021-02-19;"Okres Humenné";"SK0412";49;103;152
2021-02-19;"Okres Ilava";"SK0222";22;89;111
2021-02-19;"Okres Kežmarok";"SK0413";3;37;40
2021-02-19;"Okres Komárno";"SK0231";31;75;106
2021-02-19;"Okres Košice - okolie";"SK0426";88;184;272
2021-02-19;"Okres Košice I";"SK0422";29;53;82
2021-02-19;"Okres Košice II";"SK0423";39;85;124
2021-02-19;"Okres Košice III";"SK0424";8;9;17
2021-02-19;"Okres Košice IV";"SK0425";21;32;53
2021-02-19;"Okres Krupina";"SK0325";8;48;56
2021-02-19;"Okres Kysucké Nové Mesto";"SK0314";4;20;24
2021-02-19;"Okres Levice";"SK0232";20;51;71
2021-02-19;"Okres Levoča";"SK0414";4;25;29
2021-02-19;"Okres Liptovský Mikuláš";"SK0315";40;103;143
2021-02-19;"Okres Lučenec";"SK0326";37;124;161
2021-02-19;"Okres Malacky";"SK0106";16;181;197
2021-02-19;"Okres Martin";"SK0316";98;269;367
2021-02-19;"Okres Medzilaborce";"SK0415";0;15;15
2021-02-19;"Okres Michalovce";"SK0427";68;140;208
2021-02-19;"Okres Myjava";"SK0223";11;66;77
2021-02-19;"Okres Námestovo";"SK0317";3;109;112
2021-02-19;"Okres Nitra";"SK0233";21;173;194
2021-02-19;"Okres Nové Mesto nad Váhom";"SK0224";43;88;131
2021-02-19;"Okres Nové Zámky";"SK0234";31;150;181
2021-02-19;"Okres Partizánske";"SK0225";8;36;44
2021-02-19;"Okres Pezinok";"SK0107";36;180;216
2021-02-19;"Okres Piešťany";"SK0214";34;102;136
2021-02-19;"Okres Poltár";"SK0327";11;30;41
2021-02-19;"Okres Poprad";"SK0416";59;134;193
2021-02-19;"Okres Považská Bystrica";"SK0226";45;90;135
2021-02-19;"Okres Prešov";"SK0417";74;485;559
2021-02-19;"Okres Prievidza";"SK0227";63;174;237
2021-02-19;"Okres Púchov";"SK0228";28;58;86
2021-02-19;"Okres Revúca";"SK0328";71;37;108
2021-02-19;"Okres Rimavská Sobota";"SK0329";76;67;143
2021-02-19;"Okres Rožňava";"SK0428";26;77;103
2021-02-19;"Okres Ružomberok";"SK0318";32;131;163
2021-02-19;"Okres Sabinov";"SK0418";16;130;146
2021-02-19;"Okres Senec";"SK0108";44;273;317
2021-02-19;"Okres Senica";"SK0215";17;81;98
2021-02-19;"Okres Skalica";"SK0216";7;27;34
2021-02-19;"Okres Snina";"SK0419";12;41;53
2021-02-19;"Okres Sobrance";"SK0429";27;37;64
2021-02-19;"Okres Spišská Nová Ves";"SK042A";7;96;103
2021-02-19;"Okres Stará Ľubovňa";"SK041A";15;99;114
2021-02-19;"Okres Stropkov";"SK041B";15;134;149
2021-02-19;"Okres Svidník";"SK041C";9;91;100
2021-02-19;"Okres Šaľa";"SK0235";16;54;70
2021-02-19;"Okres Topoľčany";"SK0236";22;80;102
2021-02-19;"Okres Trebišov";"SK042B";80;153;233
2021-02-19;"Okres Trenčín";"SK0229";52;159;211
2021-02-19;"Okres Trnava";"SK0217";97;244;341
2021-02-19;"Okres Turčianske Teplice";"SK0319";13;40;53
2021-02-19;"Okres Tvrdošín";"SK031A";6;65;71
2021-02-19;"Okres Veľký Krtíš";"SK032A";37;69;106
2021-02-19;"Okres Vranov nad Topľou";"SK041D";108;211;319
2021-02-19;"Okres Zlaté Moravce";"SK0237";8;39;47
2021-02-19;"Okres Zvolen";"SK032B";12;117;129
2021-02-19;"Okres Žarnovica";"SK032C";11;41;52
2021-02-19;"Okres Žiar nad Hronom";"SK032D";8;58;66
2021-02-19;"Okres Žilina";"SK031B";80;296;376
2021-02-19;"Zahraničie";"SKZZZZ";0;1;1
2021-02-19;NA;"?";106;426;532
2021-02-18;"Neznáme";"SK000";165;832;997
2021-02-18;"Okres Bánovce nad Bebravou";"SK0221";23;57;80
2021-02-18;"Okres Banská Bystrica";"SK0321";61;189;250
2021-02-18;"Okres Banská Štiavnica";"SK0322";3;13;16
2021-02-18;"Okres Bardejov";"SK0411";3;26;29
2021-02-18;"Okres Bratislava I";"SK0101";14;160;174
2021-02-18;"Okres Bratislava II";"SK0102";57;271;328
2021-02-18;"Okres Bratislava III";"SK0103";21;166;187
2021-02-18;"Okres Bratislava IV";"SK0104";45;211;256
2021-02-18;"Okres Bratislava V";"SK0105";45;199;244
2021-02-18;"Okres Brezno";"SK0323";8;30;38
2021-02-18;"Okres Bytča";"SK0311";20;35;55
2021-02-18;"Okres Čadca";"SK0312";50;86;136
2021-02-18;"Okres Detva";"SK0324";15;37;52
2021-02-18;"Okres Dolný Kubín";"SK0313";11;40;51
2021-02-18;"Okres Dunajská Streda";"SK0211";91;154;245
2021-02-18;"Okres Galanta";"SK0212";59;158;217
2021-02-18;"Okres Gelnica";"SK0421";12;33;45
2021-02-18;"Okres Hlohovec";"SK0213";24;48;72
2021-02-18;"Okres Humenné";"SK0412";32;43;75
2021-02-18;"Okres Ilava";"SK0222";39;71;110
2021-02-18;"Okres Kežmarok";"SK0413";13;70;83
2021-02-18;"Okres Komárno";"SK0231";44;206;250
2021-02-18;"Okres Košice - okolie";"SK0426";69;183;252
2021-02-18;"Okres Košice I";"SK0422";18;34;52
2021-02-18;"Okres Košice II";"SK0423";32;44;76
2021-02-18;"Okres Košice III";"SK0424";8;15;23
2021-02-18;"Okres Košice IV";"SK0425";12;21;33
2021-02-18;"Okres Krupina";"SK0325";0;22;22
2021-02-18;"Okres Kysucké Nové Mesto";"SK0314";5;17;22
2021-02-18;"Okres Levice";"SK0232";18;82;100
2021-02-18;"Okres Levoča";"SK0414";14;40;54
2021-02-18;"Okres Liptovský Mikuláš";"SK0315";27;59;86
2021-02-18;"Okres Lučenec";"SK0326";21;61;82
2021-02-18;"Okres Malacky";"SK0106";21;84;105
2021-02-18;"Okres Martin";"SK0316";66;240;306
2021-02-18;"Okres Medzilaborce";"SK0415";2;4;6
2021-02-18;"Okres Michalovce";"SK0427";22;49;71
2021-02-18;"Okres Myjava";"SK0223";2;10;12
2021-02-18;"Okres Námestovo";"SK0317";8;47;55
2021-02-18;"Okres Nitra";"SK0233";18;118;136
2021-02-18;"Okres Nové Mesto nad Váhom";"SK0224";45;95;140
2021-02-18;"Okres Nové Zámky";"SK0234";28;93;121
2021-02-18;"Okres Partizánske";"SK0225";32;64;96
2021-02-18;"Okres Pezinok";"SK0107";23;183;206
2021-02-18;"Okres Piešťany";"SK0214";73;114;187
2021-02-18;"Okres Poltár";"SK0327";12;13;25
2021-02-18;"Okres Poprad";"SK0416";36;75;111
2021-02-18;"Okres Považská Bystrica";"SK0226";55;81;136
2021-02-18;"Okres Prešov";"SK0417";79;307;386
2021-02-18;"Okres Prievidza";"SK0227";62;120;182
2021-02-18;"Okres Púchov";"SK0228";23;41;64
2021-02-18;"Okres Revúca";"SK0328";8;10;18
2021-02-18;"Okres Rimavská Sobota";"SK0329";21;59;80
2021-02-18;"Okres Rožňava";"SK0428";22;43;65
2021-02-18;"Okres Ružomberok";"SK0318";26;83;109
2021-02-18;"Okres Sabinov";"SK0418";8;37;45
2021-02-18;"Okres Senec";"SK0108";40;225;265
2021-02-18;"Okres Senica";"SK0215";2;16;18
2021-02-18;"Okres Skalica";"SK0216";5;19;24
2021-02-18;"Okres Snina";"SK0419";17;39;56
2021-02-18;"Okres Sobrance";"SK0429";6;5;11
2021-02-18;"Okres Spišská Nová Ves";"SK042A";51;160;211
2021-02-18;"Okres Stará Ľubovňa";"SK041A";9;32;41
2021-02-18;"Okres Stropkov";"SK041B";15;27;42
2021-02-18;"Okres Svidník";"SK041C";13;15;28
2021-02-18;"Okres Šaľa";"SK0235";12;56;68
2021-02-18;"Okres Topoľčany";"SK0236";35;71;106
2021-02-18;"Okres Trebišov";"SK042B";89;167;256
2021-02-18;"Okres Trenčín";"SK0229";84;146;230
2021-02-18;"Okres Trnava";"SK0217";61;196;257
2021-02-18;"Okres Turčianske Teplice";"SK0319";8;34;42
2021-02-18;"Okres Tvrdošín";"SK031A";0;11;11
2021-02-18;"Okres Veľký Krtíš";"SK032A";22;57;79
2021-02-18;"Okres Vranov nad Topľou";"SK041D";33;47;80
2021-02-18;"Okres Zlaté Moravce";"SK0237";12;38;50
2021-02-18;"Okres Zvolen";"SK032B";45;138;183
2021-02-18;"Okres Žarnovica";"SK032C";13;22;35
2021-02-18;"Okres Žiar nad Hronom";"SK032D";31;60;91
2021-02-18;"Okres Žilina";"SK031B";54;177;231
2021-02-18;"Zahraničie";"SKZZZZ";0;2;2
2021-02-18;NA;"?";81;331;412
2021-02-17;"Neznáme";"SK000";189;770;959
2021-02-17;"Okres Bánovce nad Bebravou";"SK0221";10;20;30
2021-02-17;"Okres Banská Bystrica";"SK0321";66;203;269
2021-02-17;"Okres Banská Štiavnica";"SK0322";11;23;34
2021-02-17;"Okres Bardejov";"SK0411";24;84;108
2021-02-17;"Okres Bratislava I";"SK0101";16;168;184
2021-02-17;"Okres Bratislava II";"SK0102";43;281;324
2021-02-17;"Okres Bratislava III";"SK0103";46;141;187
2021-02-17;"Okres Bratislava IV";"SK0104";35;211;246
2021-02-17;"Okres Bratislava V";"SK0105";39;226;265
2021-02-17;"Okres Brezno";"SK0323";35;56;91
2021-02-17;"Okres Bytča";"SK0311";7;26;33
2021-02-17;"Okres Čadca";"SK0312";29;76;105
2021-02-17;"Okres Detva";"SK0324";7;46;53
2021-02-17;"Okres Dolný Kubín";"SK0313";6;15;21
2021-02-17;"Okres Dunajská Streda";"SK0211";101;192;293
2021-02-17;"Okres Galanta";"SK0212";111;259;370
2021-02-17;"Okres Gelnica";"SK0421";18;33;51
2021-02-17;"Okres Hlohovec";"SK0213";32;74;106
2021-02-17;"Okres Humenné";"SK0412";15;42;57
2021-02-17;"Okres Ilava";"SK0222";48;91;139
2021-02-17;"Okres Kežmarok";"SK0413";5;45;50
2021-02-17;"Okres Komárno";"SK0231";12;306;318
2021-02-17;"Okres Košice - okolie";"SK0426";51;141;192
2021-02-17;"Okres Košice I";"SK0422";4;21;25
2021-02-17;"Okres Košice II";"SK0423";17;37;54
2021-02-17;"Okres Košice III";"SK0424";4;5;9
2021-02-17;"Okres Košice IV";"SK0425";2;17;19
2021-02-17;"Okres Krupina";"SK0325";6;30;36
2021-02-17;"Okres Kysucké Nové Mesto";"SK0314";9;14;23
2021-02-17;"Okres Levice";"SK0232";23;107;130
2021-02-17;"Okres Levoča";"SK0414";13;43;56
2021-02-17;"Okres Liptovský Mikuláš";"SK0315";65;101;166
2021-02-17;"Okres Lučenec";"SK0326";61;141;202
2021-02-17;"Okres Malacky";"SK0106";37;114;151
2021-02-17;"Okres Martin";"SK0316";74;204;278
2021-02-17;"Okres Medzilaborce";"SK0415";0;7;7
2021-02-17;"Okres Michalovce";"SK0427";39;105;144
2021-02-17;"Okres Myjava";"SK0223";13;18;31
2021-02-17;"Okres Námestovo";"SK0317";12;69;81
2021-02-17;"Okres Nitra";"SK0233";12;103;115
2021-02-17;"Okres Nové Mesto nad Váhom";"SK0224";54;110;164
2021-02-17;"Okres Nové Zámky";"SK0234";35;113;148
2021-02-17;"Okres Partizánske";"SK0225";12;24;36
2021-02-17;"Okres Pezinok";"SK0107";17;106;123
2021-02-17;"Okres Piešťany";"SK0214";24;84;108
2021-02-17;"Okres Poltár";"SK0327";17;20;37
2021-02-17;"Okres Poprad";"SK0416";45;111;156
2021-02-17;"Okres Považská Bystrica";"SK0226";59;113;172
2021-02-17;"Okres Prešov";"SK0417";67;271;338
2021-02-17;"Okres Prievidza";"SK0227";52;92;144
2021-02-17;"Okres Púchov";"SK0228";21;51;72
2021-02-17;"Okres Revúca";"SK0328";50;43;93
2021-02-17;"Okres Rimavská Sobota";"SK0329";52;114;166
2021-02-17;"Okres Rožňava";"SK0428";38;71;109
2021-02-17;"Okres Ružomberok";"SK0318";12;34;46
2021-02-17;"Okres Sabinov";"SK0418";14;49;63
2021-02-17;"Okres Senec";"SK0108";40;170;210
2021-02-17;"Okres Senica";"SK0215";18;40;58
2021-02-17;"Okres Skalica";"SK0216";4;12;16
2021-02-17;"Okres Snina";"SK0419";6;22;28
2021-02-17;"Okres Sobrance";"SK0429";11;26;37
2021-02-17;"Okres Spišská Nová Ves";"SK042A";36;112;148
2021-02-17;"Okres Stará Ľubovňa";"SK041A";25;58;83
2021-02-17;"Okres Stropkov";"SK041B";7;13;20
2021-02-17;"Okres Svidník";"SK041C";7;29;36
2021-02-17;"Okres Šaľa";"SK0235";53;87;140
2021-02-17;"Okres Topoľčany";"SK0236";29;73;102
2021-02-17;"Okres Trebišov";"SK042B";66;100;166
2021-02-17;"Okres Trenčín";"SK0229";96;152;248
2021-02-17;"Okres Trnava";"SK0217";129;272;401
2021-02-17;"Okres Turčianske Teplice";"SK0319";12;20;32
2021-02-17;"Okres Tvrdošín";"SK031A";3;15;18
2021-02-17;"Okres Veľký Krtíš";"SK032A";22;67;89
2021-02-17;"Okres Vranov nad Topľou";"SK041D";69;68;137
2021-02-17;"Okres Zlaté Moravce";"SK0237";0;11;11
2021-02-17;"Okres Zvolen";"SK032B";32;130;162
2021-02-17;"Okres Žarnovica";"SK032C";20;42;62
2021-02-17;"Okres Žiar nad Hronom";"SK032D";66;113;179
2021-02-17;"Okres Žilina";"SK031B";45;146;191
2021-02-17;NA;"?";36;251;287
2021-02-16;"Neznáme";"SK000";218;812;1030
2021-02-16;"Okres Bánovce nad Bebravou";"SK0221";51;75;126
2021-02-16;"Okres Banská Bystrica";"SK0321";89;207;296
2021-02-16;"Okres Banská Štiavnica";"SK0322";6;17;23
2021-02-16;"Okres Bardejov";"SK0411";75;201;276
2021-02-16;"Okres Bratislava I";"SK0101";24;213;237
2021-02-16;"Okres Bratislava II";"SK0102";61;363;424
2021-02-16;"Okres Bratislava III";"SK0103";35;191;226
2021-02-16;"Okres Bratislava IV";"SK0104";49;221;270
2021-02-16;"Okres Bratislava V";"SK0105";55;263;318
2021-02-16;"Okres Brezno";"SK0323";9;52;61
2021-02-16;"Okres Bytča";"SK0311";12;51;63
2021-02-16;"Okres Čadca";"SK0312";41;97;138
2021-02-16;"Okres Detva";"SK0324";16;33;49
2021-02-16;"Okres Dolný Kubín";"SK0313";17;42;59
2021-02-16;"Okres Dunajská Streda";"SK0211";70;198;268
2021-02-16;"Okres Galanta";"SK0212";86;201;287
2021-02-16;"Okres Gelnica";"SK0421";9;28;37
2021-02-16;"Okres Hlohovec";"SK0213";36;109;145
2021-02-16;"Okres Humenné";"SK0412";19;55;74
2021-02-16;"Okres Ilava";"SK0222";52;97;149
2021-02-16;"Okres Kežmarok";"SK0413";1;40;41
2021-02-16;"Okres Komárno";"SK0231";47;119;166
2021-02-16;"Okres Košice - okolie";"SK0426";95;187;282
2021-02-16;"Okres Košice I";"SK0422";13;30;43
2021-02-16;"Okres Košice II";"SK0423";37;74;111
2021-02-16;"Okres Košice III";"SK0424";14;19;33
2021-02-16;"Okres Košice IV";"SK0425";25;26;51
2021-02-16;"Okres Krupina";"SK0325";6;20;26
2021-02-16;"Okres Kysucké Nové Mesto";"SK0314";9;40;49
2021-02-16;"Okres Levice";"SK0232";17;115;132
2021-02-16;"Okres Levoča";"SK0414";6;24;30
2021-02-16;"Okres Liptovský Mikuláš";"SK0315";58;128;186
2021-02-16;"Okres Lučenec";"SK0326";10;55;65
2021-02-16;"Okres Malacky";"SK0106";22;109;131
2021-02-16;"Okres Martin";"SK0316";81;174;255
2021-02-16;"Okres Medzilaborce";"SK0415";0;11;11
2021-02-16;"Okres Michalovce";"SK0427";58;129;187
2021-02-16;"Okres Myjava";"SK0223";5;21;26
2021-02-16;"Okres Námestovo";"SK0317";3;38;41
2021-02-16;"Okres Nitra";"SK0233";41;138;179
2021-02-16;"Okres Nové Mesto nad Váhom";"SK0224";60;148;208
2021-02-16;"Okres Nové Zámky";"SK0234";53;162;215
2021-02-16;"Okres Partizánske";"SK0225";34;64;98
2021-02-16;"Okres Pezinok";"SK0107";20;111;131
2021-02-16;"Okres Piešťany";"SK0214";62;149;211
2021-02-16;"Okres Poltár";"SK0327";1;6;7
2021-02-16;"Okres Poprad";"SK0416";50;127;177
2021-02-16;"Okres Považská Bystrica";"SK0226";54;152;206
2021-02-16;"Okres Prešov";"SK0417";75;235;310
2021-02-16;"Okres Prievidza";"SK0227";121;434;555
2021-02-16;"Okres Púchov";"SK0228";27;61;88
2021-02-16;"Okres Revúca";"SK0328";48;54;102
2021-02-16;"Okres Rimavská Sobota";"SK0329";66;69;135
2021-02-16;"Okres Rožňava";"SK0428";77;135;212
2021-02-16;"Okres Ružomberok";"SK0318";30;109;139
2021-02-16;"Okres Sabinov";"SK0418";12;80;92
2021-02-16;"Okres Senec";"SK0108";29;159;188
2021-02-16;"Okres Senica";"SK0215";17;50;67
2021-02-16;"Okres Skalica";"SK0216";13;30;43
2021-02-16;"Okres Snina";"SK0419";9;38;47
2021-02-16;"Okres Sobrance";"SK0429";20;30;50
2021-02-16;"Okres Spišská Nová Ves";"SK042A";27;128;155
2021-02-16;"Okres Stará Ľubovňa";"SK041A";16;70;86
2021-02-16;"Okres Stropkov";"SK041B";11;29;40
2021-02-16;"Okres Svidník";"SK041C";7;79;86
2021-02-16;"Okres Šaľa";"SK0235";42;94;136
2021-02-16;"Okres Topoľčany";"SK0236";56;107;163
2021-02-16;"Okres Trebišov";"SK042B";142;200;342
2021-02-16;"Okres Trenčín";"SK0229";85;179;264
2021-02-16;"Okres Trnava";"SK0217";109;256;365
2021-02-16;"Okres Turčianske Teplice";"SK0319";10;13;23
2021-02-16;"Okres Tvrdošín";"SK031A";0;25;25
2021-02-16;"Okres Veľký Krtíš";"SK032A";4;30;34
2021-02-16;"Okres Vranov nad Topľou";"SK041D";153;154;307
2021-02-16;"Okres Zlaté Moravce";"SK0237";6;51;57
2021-02-16;"Okres Zvolen";"SK032B";44;139;183
2021-02-16;"Okres Žarnovica";"SK032C";5;15;20
2021-02-16;"Okres Žiar nad Hronom";"SK032D";51;64;115
2021-02-16;"Okres Žilina";"SK031B";55;217;272
2021-02-16;NA;"?";108;387;495
2021-02-15;"Neznáme";"SK000";158;745;903
2021-02-15;"Okres Bánovce nad Bebravou";"SK0221";5;18;23
2021-02-15;"Okres Banská Bystrica";"SK0321";28;131;159
2021-02-15;"Okres Banská Štiavnica";"SK0322";8;37;45
2021-02-15;"Okres Bardejov";"SK0411";5;33;38
2021-02-15;"Okres Bratislava I";"SK0101";22;161;183
2021-02-15;"Okres Bratislava II";"SK0102";69;233;302
2021-02-15;"Okres Bratislava III";"SK0103";27;160;187
2021-02-15;"Okres Bratislava IV";"SK0104";44;228;272
2021-02-15;"Okres Bratislava V";"SK0105";40;228;268
2021-02-15;"Okres Brezno";"SK0323";4;39;43
2021-02-15;"Okres Bytča";"SK0311";16;41;57
2021-02-15;"Okres Čadca";"SK0312";2;32;34
2021-02-15;"Okres Detva";"SK0324";7;37;44
2021-02-15;"Okres Dolný Kubín";"SK0313";12;34;46
2021-02-15;"Okres Dunajská Streda";"SK0211";16;118;134
2021-02-15;"Okres Galanta";"SK0212";21;54;75
2021-02-15;"Okres Gelnica";"SK0421";5;29;34
2021-02-15;"Okres Hlohovec";"SK0213";17;49;66
2021-02-15;"Okres Humenné";"SK0412";5;17;22
2021-02-15;"Okres Ilava";"SK0222";28;42;70
2021-02-15;"Okres Kežmarok";"SK0413";11;67;78
2021-02-15;"Okres Komárno";"SK0231";28;95;123
2021-02-15;"Okres Košice - okolie";"SK0426";55;123;178
2021-02-15;"Okres Košice I";"SK0422";12;16;28
2021-02-15;"Okres Košice II";"SK0423";17;51;68
2021-02-15;"Okres Košice III";"SK0424";1;9;10
2021-02-15;"Okres Košice IV";"SK0425";7;11;18
2021-02-15;"Okres Krupina";"SK0325";6;31;37
2021-02-15;"Okres Kysucké Nové Mesto";"SK0314";8;30;38
2021-02-15;"Okres Levice";"SK0232";10;55;65
2021-02-15;"Okres Levoča";"SK0414";4;31;35
2021-02-15;"Okres Liptovský Mikuláš";"SK0315";16;26;42
2021-02-15;"Okres Lučenec";"SK0326";29;86;115
2021-02-15;"Okres Malacky";"SK0106";18;212;230
2021-02-15;"Okres Martin";"SK0316";98;221;319
2021-02-15;"Okres Medzilaborce";"SK0415";0;4;4
2021-02-15;"Okres Michalovce";"SK0427";10;54;64
2021-02-15;"Okres Myjava";"SK0223";27;50;77
2021-02-15;"Okres Námestovo";"SK0317";4;69;73
2021-02-15;"Okres Nitra";"SK0233";20;102;122
2021-02-15;"Okres Nové Mesto nad Váhom";"SK0224";13;22;35
2021-02-15;"Okres Nové Zámky";"SK0234";23;116;139
2021-02-15;"Okres Partizánske";"SK0225";9;11;20
2021-02-15;"Okres Pezinok";"SK0107";23;107;130
2021-02-15;"Okres Piešťany";"SK0214";29;84;113
2021-02-15;"Okres Poltár";"SK0327";10;17;27
2021-02-15;"Okres Poprad";"SK0416";23;75;98
2021-02-15;"Okres Považská Bystrica";"SK0226";22;79;101
2021-02-15;"Okres Prešov";"SK0417";97;308;405
2021-02-15;"Okres Prievidza";"SK0227";21;45;66
2021-02-15;"Okres Púchov";"SK0228";11;25;36
2021-02-15;"Okres Revúca";"SK0328";5;11;16
2021-02-15;"Okres Rimavská Sobota";"SK0329";5;23;28
2021-02-15;"Okres Rožňava";"SK0428";0;12;12
2021-02-15;"Okres Ružomberok";"SK0318";9;58;67
2021-02-15;"Okres Sabinov";"SK0418";26;72;98
2021-02-15;"Okres Senec";"SK0108";28;156;184
2021-02-15;"Okres Senica";"SK0215";17;69;86
2021-02-15;"Okres Skalica";"SK0216";3;74;77
2021-02-15;"Okres Snina";"SK0419";13;30;43
2021-02-15;"Okres Sobrance";"SK0429";5;4;9
2021-02-15;"Okres Spišská Nová Ves";"SK042A";8;59;67
2021-02-15;"Okres Stará Ľubovňa";"SK041A";24;49;73
2021-02-15;"Okres Stropkov";"SK041B";2;12;14
2021-02-15;"Okres Svidník";"SK041C";1;17;18
2021-02-15;"Okres Šaľa";"SK0235";8;27;35
2021-02-15;"Okres Topoľčany";"SK0236";26;62;88
2021-02-15;"Okres Trebišov";"SK042B";48;87;135
2021-02-15;"Okres Trenčín";"SK0229";21;83;104
2021-02-15;"Okres Trnava";"SK0217";62;176;238
2021-02-15;"Okres Turčianske Teplice";"SK0319";12;17;29
2021-02-15;"Okres Tvrdošín";"SK031A";4;42;46
2021-02-15;"Okres Veľký Krtíš";"SK032A";4;23;27
2021-02-15;"Okres Vranov nad Topľou";"SK041D";6;19;25
2021-02-15;"Okres Zlaté Moravce";"SK0237";1;14;15
2021-02-15;"Okres Zvolen";"SK032B";25;169;194
2021-02-15;"Okres Žarnovica";"SK032C";1;8;9
2021-02-15;"Okres Žiar nad Hronom";"SK032D";4;50;54
2021-02-15;"Okres Žilina";"SK031B";38;248;286
2021-02-15;NA;"?";55;206;261
2021-02-14;"Neznáme";"SK000";17;149;166
2021-02-14;"Okres Bánovce nad Bebravou";"SK0221";1;1;2
2021-02-14;"Okres Banská Bystrica";"SK0321";44;121;165
2021-02-14;"Okres Banská Štiavnica";"SK0322";1;3;4
2021-02-14;"Okres Bardejov";"SK0411";0;9;9
2021-02-14;"Okres Bratislava I";"SK0101";7;110;117
2021-02-14;"Okres Bratislava II";"SK0102";39;180;219
2021-02-14;"Okres Bratislava III";"SK0103";14;89;103
2021-02-14;"Okres Bratislava IV";"SK0104";15;124;139
2021-02-14;"Okres Bratislava V";"SK0105";28;145;173
2021-02-14;"Okres Brezno";"SK0323";7;10;17
2021-02-14;"Okres Čadca";"SK0312";0;1;1
2021-02-14;"Okres Detva";"SK0324";7;8;15
2021-02-14;"Okres Dolný Kubín";"SK0313";7;23;30
2021-02-14;"Okres Dunajská Streda";"SK0211";3;12;15
2021-02-14;"Okres Galanta";"SK0212";0;11;11
2021-02-14;"Okres Gelnica";"SK0421";1;5;6
2021-02-14;"Okres Hlohovec";"SK0213";4;12;16
2021-02-14;"Okres Humenné";"SK0412";2;12;14
2021-02-14;"Okres Ilava";"SK0222";0;4;4
2021-02-14;"Okres Kežmarok";"SK0413";1;9;10
2021-02-14;"Okres Komárno";"SK0231";0;4;4
2021-02-14;"Okres Košice - okolie";"SK0426";55;75;130
2021-02-14;"Okres Košice I";"SK0422";19;24;43
2021-02-14;"Okres Košice II";"SK0423";36;42;78
2021-02-14;"Okres Košice III";"SK0424";9;9;18
2021-02-14;"Okres Košice IV";"SK0425";23;16;39
2021-02-14;"Okres Krupina";"SK0325";0;5;5
2021-02-14;"Okres Kysucké Nové Mesto";"SK0314";0;2;2
2021-02-14;"Okres Levice";"SK0232";3;2;5
2021-02-14;"Okres Levoča";"SK0414";0;5;5
2021-02-14;"Okres Liptovský Mikuláš";"SK0315";5;12;17
2021-02-14;"Okres Lučenec";"SK0326";0;6;6
2021-02-14;"Okres Malacky";"SK0106";22;84;106
2021-02-14;"Okres Martin";"SK0316";1;15;16
2021-02-14;"Okres Medzilaborce";"SK0415";0;2;2
2021-02-14;"Okres Michalovce";"SK0427";21;76;97
2021-02-14;"Okres Myjava";"SK0223";0;3;3
2021-02-14;"Okres Námestovo";"SK0317";1;18;19
2021-02-14;"Okres Nitra";"SK0233";1;10;11
2021-02-14;"Okres Nové Mesto nad Váhom";"SK0224";0;7;7
2021-02-14;"Okres Nové Zámky";"SK0234";4;6;10
2021-02-14;"Okres Partizánske";"SK0225";0;4;4
2021-02-14;"Okres Pezinok";"SK0107";7;49;56
2021-02-14;"Okres Piešťany";"SK0214";1;12;13
2021-02-14;"Okres Poltár";"SK0327";0;1;1
2021-02-14;"Okres Poprad";"SK0416";3;29;32
2021-02-14;"Okres Považská Bystrica";"SK0226";0;2;2
2021-02-14;"Okres Prešov";"SK0417";12;23;35
2021-02-14;"Okres Prievidza";"SK0227";0;5;5
2021-02-14;"Okres Púchov";"SK0228";0;2;2
2021-02-14;"Okres Revúca";"SK0328";0;3;3
2021-02-14;"Okres Rimavská Sobota";"SK0329";0;3;3
2021-02-14;"Okres Rožňava";"SK0428";1;3;4
2021-02-14;"Okres Ružomberok";"SK0318";13;21;34
2021-02-14;"Okres Sabinov";"SK0418";2;7;9
2021-02-14;"Okres Senec";"SK0108";32;97;129
2021-02-14;"Okres Senica";"SK0215";8;20;28
2021-02-14;"Okres Skalica";"SK0216";0;3;3
2021-02-14;"Okres Snina";"SK0419";1;17;18
2021-02-14;"Okres Sobrance";"SK0429";5;19;24
2021-02-14;"Okres Spišská Nová Ves";"SK042A";1;8;9
2021-02-14;"Okres Stará Ľubovňa";"SK041A";3;12;15
2021-02-14;"Okres Stropkov";"SK041B";4;8;12
2021-02-14;"Okres Svidník";"SK041C";0;4;4
2021-02-14;"Okres Šaľa";"SK0235";2;10;12
2021-02-14;"Okres Topoľčany";"SK0236";1;3;4
2021-02-14;"Okres Trebišov";"SK042B";9;29;38
2021-02-14;"Okres Trenčín";"SK0229";2;6;8
2021-02-14;"Okres Trnava";"SK0217";35;74;109
2021-02-14;"Okres Tvrdošín";"SK031A";2;4;6
2021-02-14;"Okres Veľký Krtíš";"SK032A";1;3;4
2021-02-14;"Okres Vranov nad Topľou";"SK041D";2;16;18
2021-02-14;"Okres Zlaté Moravce";"SK0237";0;2;2
2021-02-14;"Okres Zvolen";"SK032B";6;17;23
2021-02-14;"Okres Žarnovica";"SK032C";0;1;1
2021-02-14;"Okres Žiar nad Hronom";"SK032D";0;3;3
2021-02-14;"Okres Žilina";"SK031B";1;8;9
2021-02-14;NA;"?";61;173;234
2021-02-13;"Neznáme";"SK000";129;541;670
2021-02-13;"Okres Bánovce nad Bebravou";"SK0221";35;75;110
2021-02-13;"Okres Banská Bystrica";"SK0321";57;200;257
2021-02-13;"Okres Banská Štiavnica";"SK0322";3;14;17
2021-02-13;"Okres Bardejov";"SK0411";20;77;97
2021-02-13;"Okres Bratislava I";"SK0101";7;98;105
2021-02-13;"Okres Bratislava II";"SK0102";31;167;198
2021-02-13;"Okres Bratislava III";"SK0103";10;115;125
2021-02-13;"Okres Bratislava IV";"SK0104";27;168;195
2021-02-13;"Okres Bratislava V";"SK0105";28;179;207
2021-02-13;"Okres Brezno";"SK0323";4;37;41
2021-02-13;"Okres Bytča";"SK0311";16;26;42
2021-02-13;"Okres Čadca";"SK0312";11;71;82
2021-02-13;"Okres Detva";"SK0324";3;21;24
2021-02-13;"Okres Dolný Kubín";"SK0313";1;8;9
2021-02-13;"Okres Dunajská Streda";"SK0211";46;138;184
2021-02-13;"Okres Galanta";"SK0212";56;115;171
2021-02-13;"Okres Gelnica";"SK0421";9;29;38
2021-02-13;"Okres Hlohovec";"SK0213";21;39;60
2021-02-13;"Okres Humenné";"SK0412";12;38;50
2021-02-13;"Okres Ilava";"SK0222";21;61;82
2021-02-13;"Okres Kežmarok";"SK0413";10;41;51
2021-02-13;"Okres Komárno";"SK0231";5;43;48
2021-02-13;"Okres Košice - okolie";"SK0426";49;205;254
2021-02-13;"Okres Košice I";"SK0422";6;18;24
2021-02-13;"Okres Košice II";"SK0423";12;37;49
2021-02-13;"Okres Košice III";"SK0424";1;8;9
2021-02-13;"Okres Košice IV";"SK0425";4;11;15
2021-02-13;"Okres Krupina";"SK0325";2;9;11
2021-02-13;"Okres Kysucké Nové Mesto";"SK0314";4;24;28
2021-02-13;"Okres Levice";"SK0232";9;45;54
2021-02-13;"Okres Levoča";"SK0414";4;30;34
2021-02-13;"Okres Liptovský Mikuláš";"SK0315";2;30;32
2021-02-13;"Okres Lučenec";"SK0326";2;66;68
2021-02-13;"Okres Malacky";"SK0106";12;62;74
2021-02-13;"Okres Martin";"SK0316";7;89;96
2021-02-13;"Okres Medzilaborce";"SK0415";1;9;10
2021-02-13;"Okres Michalovce";"SK0427";22;98;120
2021-02-13;"Okres Myjava";"SK0223";1;13;14
2021-02-13;"Okres Námestovo";"SK0317";3;47;50
2021-02-13;"Okres Nitra";"SK0233";10;34;44
2021-02-13;"Okres Nové Mesto nad Váhom";"SK0224";52;138;190
2021-02-13;"Okres Nové Zámky";"SK0234";10;44;54
2021-02-13;"Okres Partizánske";"SK0225";19;62;81
2021-02-13;"Okres Pezinok";"SK0107";23;77;100
2021-02-13;"Okres Piešťany";"SK0214";6;24;30
2021-02-13;"Okres Poltár";"SK0327";3;5;8
2021-02-13;"Okres Poprad";"SK0416";8;53;61
2021-02-13;"Okres Považská Bystrica";"SK0226";19;64;83
2021-02-13;"Okres Prešov";"SK0417";55;158;213
2021-02-13;"Okres Prievidza";"SK0227";40;129;169
2021-02-13;"Okres Púchov";"SK0228";17;41;58
2021-02-13;"Okres Revúca";"SK0328";36;46;82
2021-02-13;"Okres Rimavská Sobota";"SK0329";51;43;94
2021-02-13;"Okres Rožňava";"SK0428";23;92;115
2021-02-13;"Okres Ružomberok";"SK0318";9;68;77
2021-02-13;"Okres Sabinov";"SK0418";3;69;72
2021-02-13;"Okres Senec";"SK0108";38;135;173
2021-02-13;"Okres Senica";"SK0215";2;21;23
2021-02-13;"Okres Skalica";"SK0216";9;30;39
2021-02-13;"Okres Snina";"SK0419";5;33;38
2021-02-13;"Okres Sobrance";"SK0429";7;8;15
2021-02-13;"Okres Spišská Nová Ves";"SK042A";40;138;178
2021-02-13;"Okres Stará Ľubovňa";"SK041A";5;69;74
2021-02-13;"Okres Stropkov";"SK041B";6;71;77
2021-02-13;"Okres Svidník";"SK041C";1;22;23
2021-02-13;"Okres Šaľa";"SK0235";14;41;55
2021-02-13;"Okres Topoľčany";"SK0236";17;74;91
2021-02-13;"Okres Trebišov";"SK042B";4;49;53
2021-02-13;"Okres Trenčín";"SK0229";76;250;326
2021-02-13;"Okres Trnava";"SK0217";66;151;217
2021-02-13;"Okres Turčianske Teplice";"SK0319";1;7;8
2021-02-13;"Okres Tvrdošín";"SK031A";1;7;8
2021-02-13;"Okres Veľký Krtíš";"SK032A";1;14;15
2021-02-13;"Okres Vranov nad Topľou";"SK041D";35;53;88
2021-02-13;"Okres Zlaté Moravce";"SK0237";2;9;11
2021-02-13;"Okres Zvolen";"SK032B";43;92;135
2021-02-13;"Okres Žarnovica";"SK032C";0;10;10
2021-02-13;"Okres Žiar nad Hronom";"SK032D";24;50;74
2021-02-13;"Okres Žilina";"SK031B";39;159;198
2021-02-13;NA;"?";33;299;332
2021-02-12;"Neznáme";"SK000";150;1024;1174
2021-02-12;"Okres Bánovce nad Bebravou";"SK0221";19;48;67
2021-02-12;"Okres Banská Bystrica";"SK0321";86;224;310
2021-02-12;"Okres Banská Štiavnica";"SK0322";3;16;19
2021-02-12;"Okres Bardejov";"SK0411";38;139;177
2021-02-12;"Okres Bratislava I";"SK0101";20;259;279
2021-02-12;"Okres Bratislava II";"SK0102";54;569;623
2021-02-12;"Okres Bratislava III";"SK0103";20;332;352
2021-02-12;"Okres Bratislava IV";"SK0104";49;603;652
2021-02-12;"Okres Bratislava V";"SK0105";49;490;539
2021-02-12;"Okres Brezno";"SK0323";37;66;103
2021-02-12;"Okres Bytča";"SK0311";7;36;43
2021-02-12;"Okres Čadca";"SK0312";3;61;64
2021-02-12;"Okres Detva";"SK0324";10;43;53
2021-02-12;"Okres Dolný Kubín";"SK0313";13;72;85
2021-02-12;"Okres Dunajská Streda";"SK0211";70;231;301
2021-02-12;"Okres Galanta";"SK0212";57;127;184
2021-02-12;"Okres Gelnica";"SK0421";11;45;56
2021-02-12;"Okres Hlohovec";"SK0213";35;95;130
2021-02-12;"Okres Humenné";"SK0412";44;107;151
2021-02-12;"Okres Ilava";"SK0222";28;77;105
2021-02-12;"Okres Kežmarok";"SK0413";8;51;59
2021-02-12;"Okres Komárno";"SK0231";11;99;110
2021-02-12;"Okres Košice - okolie";"SK0426";95;200;295
2021-02-12;"Okres Košice I";"SK0422";22;46;68
2021-02-12;"Okres Košice II";"SK0423";50;76;126
2021-02-12;"Okres Košice III";"SK0424";9;19;28
2021-02-12;"Okres Košice IV";"SK0425";37;21;58
2021-02-12;"Okres Krupina";"SK0325";3;25;28
2021-02-12;"Okres Kysucké Nové Mesto";"SK0314";5;25;30
2021-02-12;"Okres Levice";"SK0232";17;93;110
2021-02-12;"Okres Levoča";"SK0414";1;45;46
2021-02-12;"Okres Liptovský Mikuláš";"SK0315";67;82;149
2021-02-12;"Okres Lučenec";"SK0326";42;210;252
2021-02-12;"Okres Malacky";"SK0106";41;250;291
2021-02-12;"Okres Martin";"SK0316";50;255;305
2021-02-12;"Okres Medzilaborce";"SK0415";2;9;11
2021-02-12;"Okres Michalovce";"SK0427";32;116;148
2021-02-12;"Okres Myjava";"SK0223";10;39;49
2021-02-12;"Okres Námestovo";"SK0317";1;49;50
2021-02-12;"Okres Nitra";"SK0233";26;174;200
2021-02-12;"Okres Nové Mesto nad Váhom";"SK0224";62;131;193
2021-02-12;"Okres Nové Zámky";"SK0234";51;210;261
2021-02-12;"Okres Partizánske";"SK0225";4;29;33
2021-02-12;"Okres Pezinok";"SK0107";22;155;177
2021-02-12;"Okres Piešťany";"SK0214";35;112;147
2021-02-12;"Okres Poltár";"SK0327";15;47;62
2021-02-12;"Okres Poprad";"SK0416";35;135;170
2021-02-12;"Okres Považská Bystrica";"SK0226";46;99;145
2021-02-12;"Okres Prešov";"SK0417";71;359;430
2021-02-12;"Okres Prievidza";"SK0227";40;199;239
2021-02-12;"Okres Púchov";"SK0228";9;46;55
2021-02-12;"Okres Revúca";"SK0328";37;46;83
2021-02-12;"Okres Rimavská Sobota";"SK0329";61;124;185
2021-02-12;"Okres Rožňava";"SK0428";27;115;142
2021-02-12;"Okres Ružomberok";"SK0318";28;101;129
2021-02-12;"Okres Sabinov";"SK0418";20;140;160
2021-02-12;"Okres Senec";"SK0108";33;259;292
2021-02-12;"Okres Senica";"SK0215";22;86;108
2021-02-12;"Okres Skalica";"SK0216";2;21;23
2021-02-12;"Okres Snina";"SK0419";12;64;76
2021-02-12;"Okres Sobrance";"SK0429";10;20;30
2021-02-12;"Okres Spišská Nová Ves";"SK042A";14;115;129
2021-02-12;"Okres Stará Ľubovňa";"SK041A";13;63;76
2021-02-12;"Okres Stropkov";"SK041B";8;80;88
2021-02-12;"Okres Svidník";"SK041C";5;95;100
2021-02-12;"Okres Šaľa";"SK0235";15;64;79
2021-02-12;"Okres Topoľčany";"SK0236";10;59;69
2021-02-12;"Okres Trebišov";"SK042B";88;141;229
2021-02-12;"Okres Trenčín";"SK0229";70;222;292
2021-02-12;"Okres Trnava";"SK0217";79;259;338
2021-02-12;"Okres Turčianske Teplice";"SK0319";5;26;31
2021-02-12;"Okres Tvrdošín";"SK031A";1;58;59
2021-02-12;"Okres Veľký Krtíš";"SK032A";4;49;53
2021-02-12;"Okres Vranov nad Topľou";"SK041D";76;127;203
2021-02-12;"Okres Zlaté Moravce";"SK0237";0;28;28
2021-02-12;"Okres Zvolen";"SK032B";25;134;159
2021-02-12;"Okres Žarnovica";"SK032C";5;12;17
2021-02-12;"Okres Žiar nad Hronom";"SK032D";17;42;59
2021-02-12;"Okres Žilina";"SK031B";66;263;329
2021-02-12;NA;"?";82;551;633
2021-02-11;"Neznáme";"SK000";139;900;1039
2021-02-11;"Okres Bánovce nad Bebravou";"SK0221";24;84;108
2021-02-11;"Okres Banská Bystrica";"SK0321";106;160;266
2021-02-11;"Okres Banská Štiavnica";"SK0322";6;10;16
2021-02-11;"Okres Bardejov";"SK0411";21;99;120
2021-02-11;"Okres Bratislava I";"SK0101";15;137;152
2021-02-11;"Okres Bratislava II";"SK0102";66;277;343
2021-02-11;"Okres Bratislava III";"SK0103";23;188;211
2021-02-11;"Okres Bratislava IV";"SK0104";56;222;278
2021-02-11;"Okres Bratislava V";"SK0105";68;232;300
2021-02-11;"Okres Brezno";"SK0323";16;44;60
2021-02-11;"Okres Bytča";"SK0311";7;22;29
2021-02-11;"Okres Čadca";"SK0312";13;57;70
2021-02-11;"Okres Detva";"SK0324";2;23;25
2021-02-11;"Okres Dolný Kubín";"SK0313";10;32;42
2021-02-11;"Okres Dunajská Streda";"SK0211";141;254;395
2021-02-11;"Okres Galanta";"SK0212";128;248;376
2021-02-11;"Okres Gelnica";"SK0421";7;31;38
2021-02-11;"Okres Hlohovec";"SK0213";29;54;83
2021-02-11;"Okres Humenné";"SK0412";39;51;90
2021-02-11;"Okres Ilava";"SK0222";17;50;67
2021-02-11;"Okres Kežmarok";"SK0413";0;19;19
2021-02-11;"Okres Komárno";"SK0231";23;54;77
2021-02-11;"Okres Košice - okolie";"SK0426";80;171;251
2021-02-11;"Okres Košice I";"SK0422";22;40;62
2021-02-11;"Okres Košice II";"SK0423";47;60;107
2021-02-11;"Okres Košice III";"SK0424";11;11;22
2021-02-11;"Okres Košice IV";"SK0425";16;43;59
2021-02-11;"Okres Krupina";"SK0325";6;11;17
2021-02-11;"Okres Kysucké Nové Mesto";"SK0314";5;18;23
2021-02-11;"Okres Levice";"SK0232";35;99;134
2021-02-11;"Okres Levoča";"SK0414";2;12;14
2021-02-11;"Okres Liptovský Mikuláš";"SK0315";46;76;122
2021-02-11;"Okres Lučenec";"SK0326";5;34;39
2021-02-11;"Okres Malacky";"SK0106";16;99;115
2021-02-11;"Okres Martin";"SK0316";64;154;218
2021-02-11;"Okres Medzilaborce";"SK0415";2;14;16
2021-02-11;"Okres Michalovce";"SK0427";33;61;94
2021-02-11;"Okres Myjava";"SK0223";3;17;20
2021-02-11;"Okres Námestovo";"SK0317";6;51;57
2021-02-11;"Okres Nitra";"SK0233";20;158;178
2021-02-11;"Okres Nové Mesto nad Váhom";"SK0224";42;98;140
2021-02-11;"Okres Nové Zámky";"SK0234";40;100;140
2021-02-11;"Okres Partizánske";"SK0225";34;52;86
2021-02-11;"Okres Pezinok";"SK0107";60;126;186
2021-02-11;"Okres Piešťany";"SK0214";44;102;146
2021-02-11;"Okres Poltár";"SK0327";1;7;8
2021-02-11;"Okres Poprad";"SK0416";20;63;83
2021-02-11;"Okres Považská Bystrica";"SK0226";19;69;88
2021-02-11;"Okres Prešov";"SK0417";74;274;348
2021-02-11;"Okres Prievidza";"SK0227";92;121;213
2021-02-11;"Okres Púchov";"SK0228";15;24;39
2021-02-11;"Okres Revúca";"SK0328";42;42;84
2021-02-11;"Okres Rimavská Sobota";"SK0329";37;46;83
2021-02-11;"Okres Rožňava";"SK0428";46;89;135
2021-02-11;"Okres Ružomberok";"SK0318";25;62;87
2021-02-11;"Okres Sabinov";"SK0418";9;42;51
2021-02-11;"Okres Senec";"SK0108";32;174;206
2021-02-11;"Okres Senica";"SK0215";1;16;17
2021-02-11;"Okres Skalica";"SK0216";0;17;17
2021-02-11;"Okres Snina";"SK0419";3;9;12
2021-02-11;"Okres Sobrance";"SK0429";2;15;17
2021-02-11;"Okres Spišská Nová Ves";"SK042A";10;72;82
2021-02-11;"Okres Stará Ľubovňa";"SK041A";19;96;115
2021-02-11;"Okres Stropkov";"SK041B";11;21;32
2021-02-11;"Okres Svidník";"SK041C";10;35;45
2021-02-11;"Okres Šaľa";"SK0235";37;106;143
2021-02-11;"Okres Topoľčany";"SK0236";32;65;97
2021-02-11;"Okres Trebišov";"SK042B";93;92;185
2021-02-11;"Okres Trenčín";"SK0229";60;249;309
2021-02-11;"Okres Trnava";"SK0217";75;224;299
2021-02-11;"Okres Turčianske Teplice";"SK0319";17;21;38
2021-02-11;"Okres Tvrdošín";"SK031A";4;36;40
2021-02-11;"Okres Veľký Krtíš";"SK032A";18;32;50
2021-02-11;"Okres Vranov nad Topľou";"SK041D";23;43;66
2021-02-11;"Okres Zlaté Moravce";"SK0237";5;44;49
2021-02-11;"Okres Zvolen";"SK032B";39;114;153
2021-02-11;"Okres Žarnovica";"SK032C";10;37;47
2021-02-11;"Okres Žiar nad Hronom";"SK032D";24;78;102
2021-02-11;"Okres Žilina";"SK031B";40;180;220
2021-02-11;"Zahraničie";"SKZZZZ";0;1;1
2021-02-11;NA;"?";90;301;391
2021-02-10;"Neznáme";"SK000";194;914;1108
2021-02-10;"Okres Bánovce nad Bebravou";"SK0221";7;26;33
2021-02-10;"Okres Banská Bystrica";"SK0321";53;208;261
2021-02-10;"Okres Banská Štiavnica";"SK0322";2;17;19
2021-02-10;"Okres Bardejov";"SK0411";23;107;130
2021-02-10;"Okres Bratislava I";"SK0101";20;183;203
2021-02-10;"Okres Bratislava II";"SK0102";48;287;335
2021-02-10;"Okres Bratislava III";"SK0103";35;222;257
2021-02-10;"Okres Bratislava IV";"SK0104";49;275;324
2021-02-10;"Okres Bratislava V";"SK0105";58;337;395
2021-02-10;"Okres Brezno";"SK0323";19;79;98
2021-02-10;"Okres Bytča";"SK0311";12;23;35
2021-02-10;"Okres Čadca";"SK0312";32;79;111
2021-02-10;"Okres Detva";"SK0324";11;38;49
2021-02-10;"Okres Dolný Kubín";"SK0313";17;38;55
2021-02-10;"Okres Dunajská Streda";"SK0211";174;256;430
2021-02-10;"Okres Galanta";"SK0212";91;184;275
2021-02-10;"Okres Gelnica";"SK0421";17;40;57
2021-02-10;"Okres Hlohovec";"SK0213";35;74;109
2021-02-10;"Okres Humenné";"SK0412";4;21;25
2021-02-10;"Okres Ilava";"SK0222";35;54;89
2021-02-10;"Okres Kežmarok";"SK0413";13;65;78
2021-02-10;"Okres Komárno";"SK0231";15;68;83
2021-02-10;"Okres Košice - okolie";"SK0426";51;162;213
2021-02-10;"Okres Košice I";"SK0422";13;25;38
2021-02-10;"Okres Košice II";"SK0423";13;59;72
2021-02-10;"Okres Košice III";"SK0424";6;25;31
2021-02-10;"Okres Košice IV";"SK0425";11;23;34
2021-02-10;"Okres Krupina";"SK0325";7;23;30
2021-02-10;"Okres Kysucké Nové Mesto";"SK0314";13;31;44
2021-02-10;"Okres Levice";"SK0232";22;58;80
2021-02-10;"Okres Levoča";"SK0414";8;40;48
2021-02-10;"Okres Liptovský Mikuláš";"SK0315";45;91;136
2021-02-10;"Okres Lučenec";"SK0326";35;103;138
2021-02-10;"Okres Malacky";"SK0106";30;140;170
2021-02-10;"Okres Martin";"SK0316";73;165;238
2021-02-10;"Okres Medzilaborce";"SK0415";2;2;4
2021-02-10;"Okres Michalovce";"SK0427";22;59;81
2021-02-10;"Okres Myjava";"SK0223";7;14;21
2021-02-10;"Okres Námestovo";"SK0317";4;37;41
2021-02-10;"Okres Nitra";"SK0233";25;153;178
2021-02-10;"Okres Nové Mesto nad Váhom";"SK0224";47;81;128
2021-02-10;"Okres Nové Zámky";"SK0234";45;99;144
2021-02-10;"Okres Partizánske";"SK0225";4;22;26
2021-02-10;"Okres Pezinok";"SK0107";37;143;180
2021-02-10;"Okres Piešťany";"SK0214";44;127;171
2021-02-10;"Okres Poltár";"SK0327";10;23;33
2021-02-10;"Okres Poprad";"SK0416";26;117;143
2021-02-10;"Okres Považská Bystrica";"SK0226";38;69;107
2021-02-10;"Okres Prešov";"SK0417";85;208;293
2021-02-10;"Okres Prievidza";"SK0227";70;94;164
2021-02-10;"Okres Púchov";"SK0228";18;38;56
2021-02-10;"Okres Revúca";"SK0328";47;54;101
2021-02-10;"Okres Rimavská Sobota";"SK0329";49;72;121
2021-02-10;"Okres Rožňava";"SK0428";46;76;122
2021-02-10;"Okres Ružomberok";"SK0318";5;19;24
2021-02-10;"Okres Sabinov";"SK0418";7;35;42
2021-02-10;"Okres Senec";"SK0108";39;181;220
2021-02-10;"Okres Senica";"SK0215";26;42;68
2021-02-10;"Okres Skalica";"SK0216";2;20;22
2021-02-10;"Okres Snina";"SK0419";9;25;34
2021-02-10;"Okres Sobrance";"SK0429";9;24;33
2021-02-10;"Okres Spišská Nová Ves";"SK042A";73;140;213
2021-02-10;"Okres Stará Ľubovňa";"SK041A";11;68;79
2021-02-10;"Okres Stropkov";"SK041B";1;6;7
2021-02-10;"Okres Svidník";"SK041C";15;26;41
2021-02-10;"Okres Šaľa";"SK0235";22;67;89
2021-02-10;"Okres Topoľčany";"SK0236";18;72;90
2021-02-10;"Okres Trebišov";"SK042B";62;70;132
2021-02-10;"Okres Trenčín";"SK0229";85;223;308
2021-02-10;"Okres Trnava";"SK0217";120;337;457
2021-02-10;"Okres Turčianske Teplice";"SK0319";11;24;35
2021-02-10;"Okres Tvrdošín";"SK031A";1;7;8
2021-02-10;"Okres Veľký Krtíš";"SK032A";16;71;87
2021-02-10;"Okres Vranov nad Topľou";"SK041D";27;24;51
2021-02-10;"Okres Zlaté Moravce";"SK0237";2;14;16
2021-02-10;"Okres Zvolen";"SK032B";30;121;151
2021-02-10;"Okres Žarnovica";"SK032C";12;45;57
2021-02-10;"Okres Žiar nad Hronom";"SK032D";48;119;167
2021-02-10;"Okres Žilina";"SK031B";34;182;216
2021-02-10;NA;"?";53;287;340
2021-02-09;"Neznáme";"SK000";261;1100;1361
2021-02-09;"Okres Bánovce nad Bebravou";"SK0221";71;88;159
2021-02-09;"Okres Banská Bystrica";"SK0321";95;317;412
2021-02-09;"Okres Banská Štiavnica";"SK0322";6;21;27
2021-02-09;"Okres Bardejov";"SK0411";47;150;197
2021-02-09;"Okres Bratislava I";"SK0101";21;194;215
2021-02-09;"Okres Bratislava II";"SK0102";76;350;426
2021-02-09;"Okres Bratislava III";"SK0103";35;208;243
2021-02-09;"Okres Bratislava IV";"SK0104";41;270;311
2021-02-09;"Okres Bratislava V";"SK0105";62;283;345
2021-02-09;"Okres Brezno";"SK0323";7;52;59
2021-02-09;"Okres Bytča";"SK0311";7;31;38
2021-02-09;"Okres Čadca";"SK0312";28;107;135
2021-02-09;"Okres Detva";"SK0324";16;46;62
2021-02-09;"Okres Dolný Kubín";"SK0313";16;79;95
2021-02-09;"Okres Dunajská Streda";"SK0211";154;213;367
2021-02-09;"Okres Galanta";"SK0212";83;180;263
2021-02-09;"Okres Gelnica";"SK0421";10;29;39
2021-02-09;"Okres Hlohovec";"SK0213";41;79;120
2021-02-09;"Okres Humenné";"SK0412";43;87;130
2021-02-09;"Okres Ilava";"SK0222";64;92;156
2021-02-09;"Okres Kežmarok";"SK0413";18;55;73
2021-02-09;"Okres Komárno";"SK0231";44;106;150
2021-02-09;"Okres Košice - okolie";"SK0426";82;317;399
2021-02-09;"Okres Košice I";"SK0422";16;62;78
2021-02-09;"Okres Košice II";"SK0423";36;77;113
2021-02-09;"Okres Košice III";"SK0424";9;26;35
2021-02-09;"Okres Košice IV";"SK0425";16;39;55
2021-02-09;"Okres Krupina";"SK0325";0;33;33
2021-02-09;"Okres Kysucké Nové Mesto";"SK0314";7;35;42
2021-02-09;"Okres Levice";"SK0232";28;100;128
2021-02-09;"Okres Levoča";"SK0414";7;25;32
2021-02-09;"Okres Liptovský Mikuláš";"SK0315";60;160;220
2021-02-09;"Okres Lučenec";"SK0326";17;65;82
2021-02-09;"Okres Malacky";"SK0106";15;132;147
2021-02-09;"Okres Martin";"SK0316";157;360;517
2021-02-09;"Okres Medzilaborce";"SK0415";4;14;18
2021-02-09;"Okres Michalovce";"SK0427";110;199;309
2021-02-09;"Okres Myjava";"SK0223";9;39;48
2021-02-09;"Okres Námestovo";"SK0317";5;93;98
2021-02-09;"Okres Nitra";"SK0233";15;154;169
2021-02-09;"Okres Nové Mesto nad Váhom";"SK0224";60;147;207
2021-02-09;"Okres Nové Zámky";"SK0234";46;157;203
2021-02-09;"Okres Partizánske";"SK0225";34;60;94
2021-02-09;"Okres Pezinok";"SK0107";25;118;143
2021-02-09;"Okres Piešťany";"SK0214";71;142;213
2021-02-09;"Okres Poltár";"SK0327";6;8;14
2021-02-09;"Okres Poprad";"SK0416";70;171;241
2021-02-09;"Okres Považská Bystrica";"SK0226";67;96;163
2021-02-09;"Okres Prešov";"SK0417";71;262;333
2021-02-09;"Okres Prievidza";"SK0227";83;156;239
2021-02-09;"Okres Púchov";"SK0228";51;55;106
2021-02-09;"Okres Revúca";"SK0328";57;62;119
2021-02-09;"Okres Rimavská Sobota";"SK0329";51;67;118
2021-02-09;"Okres Rožňava";"SK0428";55;120;175
2021-02-09;"Okres Ružomberok";"SK0318";33;78;111
2021-02-09;"Okres Sabinov";"SK0418";14;65;79
2021-02-09;"Okres Senec";"SK0108";35;222;257
2021-02-09;"Okres Senica";"SK0215";12;52;64
2021-02-09;"Okres Skalica";"SK0216";5;49;54
2021-02-09;"Okres Snina";"SK0419";9;31;40
2021-02-09;"Okres Sobrance";"SK0429";17;48;65
2021-02-09;"Okres Spišská Nová Ves";"SK042A";74;165;239
2021-02-09;"Okres Stará Ľubovňa";"SK041A";17;56;73
2021-02-09;"Okres Stropkov";"SK041B";6;19;25
2021-02-09;"Okres Svidník";"SK041C";7;63;70
2021-02-09;"Okres Šaľa";"SK0235";36;74;110
2021-02-09;"Okres Topoľčany";"SK0236";43;90;133
2021-02-09;"Okres Trebišov";"SK042B";82;120;202
2021-02-09;"Okres Trenčín";"SK0229";86;224;310
2021-02-09;"Okres Trnava";"SK0217";134;294;428
2021-02-09;"Okres Turčianske Teplice";"SK0319";19;187;206
2021-02-09;"Okres Tvrdošín";"SK031A";6;33;39
2021-02-09;"Okres Veľký Krtíš";"SK032A";3;25;28
2021-02-09;"Okres Vranov nad Topľou";"SK041D";33;98;131
2021-02-09;"Okres Zlaté Moravce";"SK0237";9;74;83
2021-02-09;"Okres Zvolen";"SK032B";37;138;175
2021-02-09;"Okres Žarnovica";"SK032C";15;22;37
2021-02-09;"Okres Žiar nad Hronom";"SK032D";33;73;106
2021-02-09;"Okres Žilina";"SK031B";46;206;252
2021-02-09;NA;"?";57;332;389
2021-02-08;"Neznáme";"SK000";156;792;948
2021-02-08;"Okres Bánovce nad Bebravou";"SK0221";4;27;31
2021-02-08;"Okres Banská Bystrica";"SK0321";23;109;132
2021-02-08;"Okres Banská Štiavnica";"SK0322";2;8;10
2021-02-08;"Okres Bardejov";"SK0411";6;37;43
2021-02-08;"Okres Bratislava I";"SK0101";29;232;261
2021-02-08;"Okres Bratislava II";"SK0102";89;430;519
2021-02-08;"Okres Bratislava III";"SK0103";56;240;296
2021-02-08;"Okres Bratislava IV";"SK0104";82;327;409
2021-02-08;"Okres Bratislava V";"SK0105";93;396;489
2021-02-08;"Okres Brezno";"SK0323";2;33;35
2021-02-08;"Okres Bytča";"SK0311";7;34;41
2021-02-08;"Okres Čadca";"SK0312";4;25;29
2021-02-08;"Okres Detva";"SK0324";8;46;54
2021-02-08;"Okres Dolný Kubín";"SK0313";10;28;38
2021-02-08;"Okres Dunajská Streda";"SK0211";68;145;213
2021-02-08;"Okres Galanta";"SK0212";17;58;75
2021-02-08;"Okres Gelnica";"SK0421";6;18;24
2021-02-08;"Okres Hlohovec";"SK0213";30;62;92
2021-02-08;"Okres Humenné";"SK0412";9;35;44
2021-02-08;"Okres Ilava";"SK0222";29;23;52
2021-02-08;"Okres Kežmarok";"SK0413";7;38;45
2021-02-08;"Okres Komárno";"SK0231";38;84;122
2021-02-08;"Okres Košice - okolie";"SK0426";64;149;213
2021-02-08;"Okres Košice I";"SK0422";12;31;43
2021-02-08;"Okres Košice II";"SK0423";44;42;86
2021-02-08;"Okres Košice III";"SK0424";7;22;29
2021-02-08;"Okres Košice IV";"SK0425";12;26;38
2021-02-08;"Okres Krupina";"SK0325";5;23;28
2021-02-08;"Okres Kysucké Nové Mesto";"SK0314";6;18;24
2021-02-08;"Okres Levice";"SK0232";18;61;79
2021-02-08;"Okres Levoča";"SK0414";5;38;43
2021-02-08;"Okres Liptovský Mikuláš";"SK0315";1;22;23
2021-02-08;"Okres Lučenec";"SK0326";12;50;62
2021-02-08;"Okres Malacky";"SK0106";47;257;304
2021-02-08;"Okres Martin";"SK0316";45;100;145
2021-02-08;"Okres Medzilaborce";"SK0415";1;5;6
2021-02-08;"Okres Michalovce";"SK0427";5;30;35
2021-02-08;"Okres Myjava";"SK0223";9;34;43
2021-02-08;"Okres Námestovo";"SK0317";4;36;40
2021-02-08;"Okres Nitra";"SK0233";19;144;163
2021-02-08;"Okres Nové Mesto nad Váhom";"SK0224";18;44;62
2021-02-08;"Okres Nové Zámky";"SK0234";42;153;195
2021-02-08;"Okres Partizánske";"SK0225";10;25;35
2021-02-08;"Okres Pezinok";"SK0107";39;137;176
2021-02-08;"Okres Piešťany";"SK0214";48;88;136
2021-02-08;"Okres Poltár";"SK0327";8;31;39
2021-02-08;"Okres Poprad";"SK0416";23;87;110
2021-02-08;"Okres Považská Bystrica";"SK0226";44;70;114
2021-02-08;"Okres Prešov";"SK0417";80;387;467
2021-02-08;"Okres Prievidza";"SK0227";63;96;159
2021-02-08;"Okres Púchov";"SK0228";9;20;29
2021-02-08;"Okres Revúca";"SK0328";4;9;13
2021-02-08;"Okres Rimavská Sobota";"SK0329";0;10;10
2021-02-08;"Okres Rožňava";"SK0428";1;60;61
2021-02-08;"Okres Ružomberok";"SK0318";28;63;91
2021-02-08;"Okres Sabinov";"SK0418";6;71;77
2021-02-08;"Okres Senec";"SK0108";55;250;305
2021-02-08;"Okres Senica";"SK0215";23;73;96
2021-02-08;"Okres Skalica";"SK0216";2;67;69
2021-02-08;"Okres Snina";"SK0419";6;25;31
2021-02-08;"Okres Sobrance";"SK0429";0;5;5
2021-02-08;"Okres Spišská Nová Ves";"SK042A";6;55;61
2021-02-08;"Okres Stará Ľubovňa";"SK041A";9;34;43
2021-02-08;"Okres Stropkov";"SK041B";7;18;25
2021-02-08;"Okres Svidník";"SK041C";6;12;18
2021-02-08;"Okres Šaľa";"SK0235";14;34;48
2021-02-08;"Okres Topoľčany";"SK0236";29;64;93
2021-02-08;"Okres Trebišov";"SK042B";40;80;120
2021-02-08;"Okres Trenčín";"SK0229";20;82;102
2021-02-08;"Okres Trnava";"SK0217";64;165;229
2021-02-08;"Okres Turčianske Teplice";"SK0319";2;6;8
2021-02-08;"Okres Tvrdošín";"SK031A";3;27;30
2021-02-08;"Okres Veľký Krtíš";"SK032A";0;20;20
2021-02-08;"Okres Vranov nad Topľou";"SK041D";5;22;27
2021-02-08;"Okres Zlaté Moravce";"SK0237";5;20;25
2021-02-08;"Okres Zvolen";"SK032B";35;189;224
2021-02-08;"Okres Žarnovica";"SK032C";3;4;7
2021-02-08;"Okres Žiar nad Hronom";"SK032D";2;36;38
2021-02-08;"Okres Žilina";"SK031B";62;238;300
2021-02-08;NA;"?";53;253;306
2021-02-07;"Neznáme";"SK000";42;156;198
2021-02-07;"Okres Bánovce nad Bebravou";"SK0221";1;6;7
2021-02-07;"Okres Banská Bystrica";"SK0321";45;108;153
2021-02-07;"Okres Banská Štiavnica";"SK0322";1;3;4
2021-02-07;"Okres Bardejov";"SK0411";0;4;4
2021-02-07;"Okres Bratislava I";"SK0101";12;123;135
2021-02-07;"Okres Bratislava II";"SK0102";53;279;332
2021-02-07;"Okres Bratislava III";"SK0103";31;173;204
2021-02-07;"Okres Bratislava IV";"SK0104";37;198;235
2021-02-07;"Okres Bratislava V";"SK0105";40;194;234
2021-02-07;"Okres Brezno";"SK0323";2;6;8
2021-02-07;"Okres Bytča";"SK0311";1;0;1
2021-02-07;"Okres Čadca";"SK0312";0;3;3
2021-02-07;"Okres Detva";"SK0324";4;12;16
2021-02-07;"Okres Dolný Kubín";"SK0313";1;4;5
2021-02-07;"Okres Dunajská Streda";"SK0211";6;24;30
2021-02-07;"Okres Galanta";"SK0212";13;30;43
2021-02-07;"Okres Gelnica";"SK0421";1;5;6
2021-02-07;"Okres Hlohovec";"SK0213";11;27;38
2021-02-07;"Okres Humenné";"SK0412";6;19;25
2021-02-07;"Okres Ilava";"SK0222";2;13;15
2021-02-07;"Okres Kežmarok";"SK0413";1;6;7
2021-02-07;"Okres Komárno";"SK0231";7;6;13
2021-02-07;"Okres Košice - okolie";"SK0426";50;113;163
2021-02-07;"Okres Košice I";"SK0422";15;27;42
2021-02-07;"Okres Košice II";"SK0423";41;52;93
2021-02-07;"Okres Košice III";"SK0424";8;16;24
2021-02-07;"Okres Košice IV";"SK0425";13;15;28
2021-02-07;"Okres Krupina";"SK0325";1;7;8
2021-02-07;"Okres Kysucké Nové Mesto";"SK0314";0;1;1
2021-02-07;"Okres Levice";"SK0232";8;26;34
2021-02-07;"Okres Levoča";"SK0414";2;9;11
2021-02-07;"Okres Liptovský Mikuláš";"SK0315";4;15;19
2021-02-07;"Okres Lučenec";"SK0326";2;10;12
2021-02-07;"Okres Malacky";"SK0106";22;93;115
2021-02-07;"Okres Martin";"SK0316";6;21;27
2021-02-07;"Okres Medzilaborce";"SK0415";2;3;5
2021-02-07;"Okres Michalovce";"SK0427";17;69;86
2021-02-07;"Okres Myjava";"SK0223";0;2;2
2021-02-07;"Okres Námestovo";"SK0317";1;2;3
2021-02-07;"Okres Nitra";"SK0233";1;24;25
2021-02-07;"Okres Nové Mesto nad Váhom";"SK0224";5;4;9
2021-02-07;"Okres Nové Zámky";"SK0234";3;8;11
2021-02-07;"Okres Partizánske";"SK0225";0;8;8
2021-02-07;"Okres Pezinok";"SK0107";27;90;117
2021-02-07;"Okres Piešťany";"SK0214";3;12;15
2021-02-07;"Okres Poltár";"SK0327";1;4;5
2021-02-07;"Okres Poprad";"SK0416";1;9;10
2021-02-07;"Okres Považská Bystrica";"SK0226";1;10;11
2021-02-07;"Okres Prešov";"SK0417";5;41;46
2021-02-07;"Okres Prievidza";"SK0227";13;71;84
2021-02-07;"Okres Púchov";"SK0228";0;6;6
2021-02-07;"Okres Revúca";"SK0328";0;1;1
2021-02-07;"Okres Rimavská Sobota";"SK0329";0;5;5
2021-02-07;"Okres Rožňava";"SK0428";2;3;5
2021-02-07;"Okres Ružomberok";"SK0318";12;30;42
2021-02-07;"Okres Sabinov";"SK0418";0;11;11
2021-02-07;"Okres Senec";"SK0108";34;160;194
2021-02-07;"Okres Senica";"SK0215";5;17;22
2021-02-07;"Okres Skalica";"SK0216";2;4;6
2021-02-07;"Okres Snina";"SK0419";0;13;13
2021-02-07;"Okres Sobrance";"SK0429";9;20;29
2021-02-07;"Okres Spišská Nová Ves";"SK042A";1;15;16
2021-02-07;"Okres Stará Ľubovňa";"SK041A";0;4;4
2021-02-07;"Okres Stropkov";"SK041B";2;3;5
2021-02-07;"Okres Svidník";"SK041C";1;4;5
2021-02-07;"Okres Šaľa";"SK0235";1;13;14
2021-02-07;"Okres Topoľčany";"SK0236";2;4;6
2021-02-07;"Okres Trebišov";"SK042B";7;10;17
2021-02-07;"Okres Trenčín";"SK0229";13;51;64
2021-02-07;"Okres Trnava";"SK0217";83;178;261
2021-02-07;"Okres Turčianske Teplice";"SK0319";1;2;3
2021-02-07;"Okres Tvrdošín";"SK031A";0;7;7
2021-02-07;"Okres Veľký Krtíš";"SK032A";1;4;5
2021-02-07;"Okres Vranov nad Topľou";"SK041D";5;11;16
2021-02-07;"Okres Zlaté Moravce";"SK0237";0;8;8
2021-02-07;"Okres Zvolen";"SK032B";12;26;38
2021-02-07;"Okres Žarnovica";"SK032C";0;5;5
2021-02-07;"Okres Žiar nad Hronom";"SK032D";6;6;12
2021-02-07;"Okres Žilina";"SK031B";2;9;11
2021-02-07;NA;"?";46;177;223
2021-02-06;"Neznáme";"SK000";136;502;638
2021-02-06;"Okres Bánovce nad Bebravou";"SK0221";28;102;130
2021-02-06;"Okres Banská Bystrica";"SK0321";46;183;229
2021-02-06;"Okres Banská Štiavnica";"SK0322";2;13;15
2021-02-06;"Okres Bardejov";"SK0411";27;105;132
2021-02-06;"Okres Bratislava I";"SK0101";14;118;132
2021-02-06;"Okres Bratislava II";"SK0102";24;215;239
2021-02-06;"Okres Bratislava III";"SK0103";8;147;155
2021-02-06;"Okres Bratislava IV";"SK0104";5;177;182
2021-02-06;"Okres Bratislava V";"SK0105";15;151;166
2021-02-06;"Okres Brezno";"SK0323";3;24;27
2021-02-06;"Okres Bytča";"SK0311";9;26;35
2021-02-06;"Okres Čadca";"SK0312";2;61;63
2021-02-06;"Okres Detva";"SK0324";4;4;8
2021-02-06;"Okres Dolný Kubín";"SK0313";0;13;13
2021-02-06;"Okres Dunajská Streda";"SK0211";87;227;314
2021-02-06;"Okres Galanta";"SK0212";128;245;373
2021-02-06;"Okres Gelnica";"SK0421";5;16;21
2021-02-06;"Okres Hlohovec";"SK0213";16;60;76
2021-02-06;"Okres Humenné";"SK0412";23;104;127
2021-02-06;"Okres Ilava";"SK0222";26;59;85
2021-02-06;"Okres Kežmarok";"SK0413";2;27;29
2021-02-06;"Okres Komárno";"SK0231";0;13;13
2021-02-06;"Okres Košice - okolie";"SK0426";62;172;234
2021-02-06;"Okres Košice I";"SK0422";15;50;65
2021-02-06;"Okres Košice II";"SK0423";28;56;84
2021-02-06;"Okres Košice III";"SK0424";5;18;23
2021-02-06;"Okres Košice IV";"SK0425";6;24;30
2021-02-06;"Okres Krupina";"SK0325";0;3;3
2021-02-06;"Okres Kysucké Nové Mesto";"SK0314";4;22;26
2021-02-06;"Okres Levice";"SK0232";5;43;48
2021-02-06;"Okres Levoča";"SK0414";1;16;17
2021-02-06;"Okres Liptovský Mikuláš";"SK0315";7;32;39
2021-02-06;"Okres Lučenec";"SK0326";2;9;11
2021-02-06;"Okres Malacky";"SK0106";2;42;44
2021-02-06;"Okres Martin";"SK0316";2;72;74
2021-02-06;"Okres Medzilaborce";"SK0415";3;15;18
2021-02-06;"Okres Michalovce";"SK0427";38;116;154
2021-02-06;"Okres Myjava";"SK0223";2;7;9
2021-02-06;"Okres Námestovo";"SK0317";4;94;98
2021-02-06;"Okres Nitra";"SK0233";3;43;46
2021-02-06;"Okres Nové Mesto nad Váhom";"SK0224";46;160;206
2021-02-06;"Okres Nové Zámky";"SK0234";10;46;56
2021-02-06;"Okres Partizánske";"SK0225";27;41;68
2021-02-06;"Okres Pezinok";"SK0107";15;235;250
2021-02-06;"Okres Piešťany";"SK0214";19;35;54
2021-02-06;"Okres Poltár";"SK0327";0;3;3
2021-02-06;"Okres Poprad";"SK0416";11;89;100
2021-02-06;"Okres Považská Bystrica";"SK0226";12;37;49
2021-02-06;"Okres Prešov";"SK0417";44;213;257
2021-02-06;"Okres Prievidza";"SK0227";30;74;104
2021-02-06;"Okres Púchov";"SK0228";12;35;47
2021-02-06;"Okres Revúca";"SK0328";48;43;91
2021-02-06;"Okres Rimavská Sobota";"SK0329";42;72;114
2021-02-06;"Okres Rožňava";"SK0428";46;72;118
2021-02-06;"Okres Ružomberok";"SK0318";5;84;89
2021-02-06;"Okres Sabinov";"SK0418";13;63;76
2021-02-06;"Okres Senec";"SK0108";24;120;144
2021-02-06;"Okres Senica";"SK0215";7;15;22
2021-02-06;"Okres Skalica";"SK0216";6;17;23
2021-02-06;"Okres Snina";"SK0419";3;17;20
2021-02-06;"Okres Sobrance";"SK0429";11;45;56
2021-02-06;"Okres Spišská Nová Ves";"SK042A";11;81;92
2021-02-06;"Okres Stará Ľubovňa";"SK041A";7;64;71
2021-02-06;"Okres Stropkov";"SK041B";7;73;80
2021-02-06;"Okres Svidník";"SK041C";6;91;97
2021-02-06;"Okres Šaľa";"SK0235";45;98;143
2021-02-06;"Okres Topoľčany";"SK0236";26;66;92
2021-02-06;"Okres Trebišov";"SK042B";44;90;134
2021-02-06;"Okres Trenčín";"SK0229";42;150;192
2021-02-06;"Okres Trnava";"SK0217";56;171;227
2021-02-06;"Okres Turčianske Teplice";"SK0319";0;4;4
2021-02-06;"Okres Tvrdošín";"SK031A";4;34;38
2021-02-06;"Okres Veľký Krtíš";"SK032A";4;5;9
2021-02-06;"Okres Vranov nad Topľou";"SK041D";33;89;122
2021-02-06;"Okres Zlaté Moravce";"SK0237";1;15;16
2021-02-06;"Okres Zvolen";"SK032B";8;72;80
2021-02-06;"Okres Žarnovica";"SK032C";2;16;18
2021-02-06;"Okres Žiar nad Hronom";"SK032D";17;78;95
2021-02-06;"Okres Žilina";"SK031B";36;170;206
2021-02-06;NA;"?";55;339;394
2021-02-05;"Neznáme";"SK000";208;1237;1445
2021-02-05;"Okres Bánovce nad Bebravou";"SK0221";13;34;47
2021-02-05;"Okres Banská Bystrica";"SK0321";45;259;304
2021-02-05;"Okres Banská Štiavnica";"SK0322";3;19;22
2021-02-05;"Okres Bardejov";"SK0411";12;96;108
2021-02-05;"Okres Bratislava I";"SK0101";25;275;300
2021-02-05;"Okres Bratislava II";"SK0102";68;485;553
2021-02-05;"Okres Bratislava III";"SK0103";30;313;343
2021-02-05;"Okres Bratislava IV";"SK0104";49;510;559
2021-02-05;"Okres Bratislava V";"SK0105";69;497;566
2021-02-05;"Okres Brezno";"SK0323";41;62;103
2021-02-05;"Okres Bytča";"SK0311";10;33;43
2021-02-05;"Okres Čadca";"SK0312";9;78;87
2021-02-05;"Okres Detva";"SK0324";6;39;45
2021-02-05;"Okres Dolný Kubín";"SK0313";20;39;59
2021-02-05;"Okres Dunajská Streda";"SK0211";117;384;501
2021-02-05;"Okres Galanta";"SK0212";69;170;239
2021-02-05;"Okres Gelnica";"SK0421";12;32;44
2021-02-05;"Okres Hlohovec";"SK0213";43;109;152
2021-02-05;"Okres Humenné";"SK0412";3;14;17
2021-02-05;"Okres Ilava";"SK0222";19;45;64
2021-02-05;"Okres Kežmarok";"SK0413";5;161;166
2021-02-05;"Okres Komárno";"SK0231";41;136;177
2021-02-05;"Okres Košice - okolie";"SK0426";59;214;273
2021-02-05;"Okres Košice I";"SK0422";13;38;51
2021-02-05;"Okres Košice II";"SK0423";27;56;83
2021-02-05;"Okres Košice III";"SK0424";12;17;29
2021-02-05;"Okres Košice IV";"SK0425";16;22;38
2021-02-05;"Okres Krupina";"SK0325";8;23;31
2021-02-05;"Okres Kysucké Nové Mesto";"SK0314";3;23;26
2021-02-05;"Okres Levice";"SK0232";35;99;134
2021-02-05;"Okres Levoča";"SK0414";12;58;70
2021-02-05;"Okres Liptovský Mikuláš";"SK0315";54;103;157
2021-02-05;"Okres Lučenec";"SK0326";29;91;120
2021-02-05;"Okres Malacky";"SK0106";34;244;278
2021-02-05;"Okres Martin";"SK0316";72;222;294
2021-02-05;"Okres Medzilaborce";"SK0415";0;7;7
2021-02-05;"Okres Michalovce";"SK0427";11;44;55
2021-02-05;"Okres Myjava";"SK0223";10;24;34
2021-02-05;"Okres Námestovo";"SK0317";11;69;80
2021-02-05;"Okres Nitra";"SK0233";28;226;254
2021-02-05;"Okres Nové Mesto nad Váhom";"SK0224";34;90;124
2021-02-05;"Okres Nové Zámky";"SK0234";37;185;222
2021-02-05;"Okres Partizánske";"SK0225";11;25;36
2021-02-05;"Okres Pezinok";"SK0107";26;153;179
2021-02-05;"Okres Piešťany";"SK0214";26;116;142
2021-02-05;"Okres Poltár";"SK0327";4;21;25
2021-02-05;"Okres Poprad";"SK0416";18;119;137
2021-02-05;"Okres Považská Bystrica";"SK0226";22;71;93
2021-02-05;"Okres Prešov";"SK0417";96;489;585
2021-02-05;"Okres Prievidza";"SK0227";73;115;188
2021-02-05;"Okres Púchov";"SK0228";4;38;42
2021-02-05;"Okres Revúca";"SK0328";17;63;80
2021-02-05;"Okres Rimavská Sobota";"SK0329";62;105;167
2021-02-05;"Okres Rožňava";"SK0428";65;107;172
2021-02-05;"Okres Ružomberok";"SK0318";11;71;82
2021-02-05;"Okres Sabinov";"SK0418";13;107;120
2021-02-05;"Okres Senec";"SK0108";29;325;354
2021-02-05;"Okres Senica";"SK0215";14;56;70
2021-02-05;"Okres Skalica";"SK0216";4;27;31
2021-02-05;"Okres Snina";"SK0419";10;39;49
2021-02-05;"Okres Sobrance";"SK0429";2;1;3
2021-02-05;"Okres Spišská Nová Ves";"SK042A";36;193;229
2021-02-05;"Okres Stará Ľubovňa";"SK041A";5;50;55
2021-02-05;"Okres Stropkov";"SK041B";4;18;22
2021-02-05;"Okres Svidník";"SK041C";7;48;55
2021-02-05;"Okres Šaľa";"SK0235";22;83;105
2021-02-05;"Okres Topoľčany";"SK0236";22;85;107
2021-02-05;"Okres Trebišov";"SK042B";68;143;211
2021-02-05;"Okres Trenčín";"SK0229";27;170;197
2021-02-05;"Okres Trnava";"SK0217";93;311;404
2021-02-05;"Okres Turčianske Teplice";"SK0319";11;33;44
2021-02-05;"Okres Tvrdošín";"SK031A";2;19;21
2021-02-05;"Okres Veľký Krtíš";"SK032A";6;37;43
2021-02-05;"Okres Vranov nad Topľou";"SK041D";4;45;49
2021-02-05;"Okres Zlaté Moravce";"SK0237";4;32;36
2021-02-05;"Okres Zvolen";"SK032B";45;139;184
2021-02-05;"Okres Žarnovica";"SK032C";9;46;55
2021-02-05;"Okres Žiar nad Hronom";"SK032D";28;100;128
2021-02-05;"Okres Žilina";"SK031B";45;266;311
2021-02-05;NA;"?";72;492;564
2021-02-04;"Neznáme";"SK000";222;979;1201
2021-02-04;"Okres Bánovce nad Bebravou";"SK0221";21;26;47
2021-02-04;"Okres Banská Bystrica";"SK0321";75;305;380
2021-02-04;"Okres Banská Štiavnica";"SK0322";11;8;19
2021-02-04;"Okres Bardejov";"SK0411";7;46;53
2021-02-04;"Okres Bratislava I";"SK0101";27;179;206
2021-02-04;"Okres Bratislava II";"SK0102";127;321;448
2021-02-04;"Okres Bratislava III";"SK0103";54;172;226
2021-02-04;"Okres Bratislava IV";"SK0104";80;231;311
2021-02-04;"Okres Bratislava V";"SK0105";87;234;321
2021-02-04;"Okres Brezno";"SK0323";11;55;66
2021-02-04;"Okres Bytča";"SK0311";17;30;47
2021-02-04;"Okres Čadca";"SK0312";32;78;110
2021-02-04;"Okres Detva";"SK0324";5;25;30
2021-02-04;"Okres Dolný Kubín";"SK0313";8;44;52
2021-02-04;"Okres Dunajská Streda";"SK0211";101;281;382
2021-02-04;"Okres Galanta";"SK0212";92;156;248
2021-02-04;"Okres Gelnica";"SK0421";9;25;34
2021-02-04;"Okres Hlohovec";"SK0213";39;91;130
2021-02-04;"Okres Humenné";"SK0412";29;56;85
2021-02-04;"Okres Ilava";"SK0222";21;54;75
2021-02-04;"Okres Kežmarok";"SK0413";4;28;32
2021-02-04;"Okres Komárno";"SK0231";50;84;134
2021-02-04;"Okres Košice - okolie";"SK0426";79;218;297
2021-02-04;"Okres Košice I";"SK0422";9;42;51
2021-02-04;"Okres Košice II";"SK0423";30;68;98
2021-02-04;"Okres Košice III";"SK0424";7;28;35
2021-02-04;"Okres Košice IV";"SK0425";11;21;32
2021-02-04;"Okres Krupina";"SK0325";3;15;18
2021-02-04;"Okres Kysucké Nové Mesto";"SK0314";2;17;19
2021-02-04;"Okres Levice";"SK0232";52;79;131
2021-02-04;"Okres Levoča";"SK0414";4;16;20
2021-02-04;"Okres Liptovský Mikuláš";"SK0315";39;66;105
2021-02-04;"Okres Lučenec";"SK0326";22;65;87
2021-02-04;"Okres Malacky";"SK0106";39;76;115
2021-02-04;"Okres Martin";"SK0316";48;139;187
2021-02-04;"Okres Medzilaborce";"SK0415";0;10;10
2021-02-04;"Okres Michalovce";"SK0427";38;169;207
2021-02-04;"Okres Myjava";"SK0223";1;32;33
2021-02-04;"Okres Námestovo";"SK0317";0;28;28
2021-02-04;"Okres Nitra";"SK0233";23;125;148
2021-02-04;"Okres Nové Mesto nad Váhom";"SK0224";39;123;162
2021-02-04;"Okres Nové Zámky";"SK0234";41;86;127
2021-02-04;"Okres Partizánske";"SK0225";25;46;71
2021-02-04;"Okres Pezinok";"SK0107";42;152;194
2021-02-04;"Okres Piešťany";"SK0214";44;96;140
2021-02-04;"Okres Poltár";"SK0327";6;12;18
2021-02-04;"Okres Poprad";"SK0416";19;53;72
2021-02-04;"Okres Považská Bystrica";"SK0226";37;102;139
2021-02-04;"Okres Prešov";"SK0417";53;224;277
2021-02-04;"Okres Prievidza";"SK0227";67;125;192
2021-02-04;"Okres Púchov";"SK0228";22;30;52
2021-02-04;"Okres Revúca";"SK0328";22;49;71
2021-02-04;"Okres Rimavská Sobota";"SK0329";42;89;131
2021-02-04;"Okres Rožňava";"SK0428";27;86;113
2021-02-04;"Okres Ružomberok";"SK0318";18;55;73
2021-02-04;"Okres Sabinov";"SK0418";11;59;70
2021-02-04;"Okres Senec";"SK0108";105;191;296
2021-02-04;"Okres Senica";"SK0215";29;56;85
2021-02-04;"Okres Skalica";"SK0216";5;19;24
2021-02-04;"Okres Snina";"SK0419";9;34;43
2021-02-04;"Okres Sobrance";"SK0429";3;19;22
2021-02-04;"Okres Spišská Nová Ves";"SK042A";42;145;187
2021-02-04;"Okres Stará Ľubovňa";"SK041A";24;100;124
2021-02-04;"Okres Stropkov";"SK041B";2;20;22
2021-02-04;"Okres Svidník";"SK041C";10;32;42
2021-02-04;"Okres Šaľa";"SK0235";38;80;118
2021-02-04;"Okres Topoľčany";"SK0236";42;61;103
2021-02-04;"Okres Trebišov";"SK042B";61;196;257
2021-02-04;"Okres Trenčín";"SK0229";44;204;248
2021-02-04;"Okres Trnava";"SK0217";140;235;375
2021-02-04;"Okres Turčianske Teplice";"SK0319";24;29;53
2021-02-04;"Okres Tvrdošín";"SK031A";1;21;22
2021-02-04;"Okres Veľký Krtíš";"SK032A";6;22;28
2021-02-04;"Okres Vranov nad Topľou";"SK041D";26;82;108
2021-02-04;"Okres Zlaté Moravce";"SK0237";11;48;59
2021-02-04;"Okres Zvolen";"SK032B";27;107;134
2021-02-04;"Okres Žarnovica";"SK032C";9;44;53
2021-02-04;"Okres Žiar nad Hronom";"SK032D";31;79;110
2021-02-04;"Okres Žilina";"SK031B";42;133;175
2021-02-04;NA;"?";102;332;434
2021-02-03;"Neznáme";"SK000";216;981;1197
2021-02-03;"Okres Bánovce nad Bebravou";"SK0221";14;33;47
2021-02-03;"Okres Banská Bystrica";"SK0321";100;283;383
2021-02-03;"Okres Banská Štiavnica";"SK0322";0;26;26
2021-02-03;"Okres Bardejov";"SK0411";44;113;157
2021-02-03;"Okres Bratislava I";"SK0101";19;157;176
2021-02-03;"Okres Bratislava II";"SK0102";31;256;287
2021-02-03;"Okres Bratislava III";"SK0103";12;180;192
2021-02-03;"Okres Bratislava IV";"SK0104";15;237;252
2021-02-03;"Okres Bratislava V";"SK0105";19;221;240
2021-02-03;"Okres Brezno";"SK0323";9;84;93
2021-02-03;"Okres Bytča";"SK0311";19;49;68
2021-02-03;"Okres Čadca";"SK0312";18;56;74
2021-02-03;"Okres Detva";"SK0324";4;35;39
2021-02-03;"Okres Dolný Kubín";"SK0313";7;53;60
2021-02-03;"Okres Dunajská Streda";"SK0211";197;323;520
2021-02-03;"Okres Galanta";"SK0212";116;235;351
2021-02-03;"Okres Gelnica";"SK0421";10;31;41
2021-02-03;"Okres Hlohovec";"SK0213";26;90;116
2021-02-03;"Okres Humenné";"SK0412";30;68;98
2021-02-03;"Okres Ilava";"SK0222";22;50;72
2021-02-03;"Okres Kežmarok";"SK0413";6;43;49
2021-02-03;"Okres Komárno";"SK0231";26;193;219
2021-02-03;"Okres Košice - okolie";"SK0426";41;130;171
2021-02-03;"Okres Košice I";"SK0422";5;25;30
2021-02-03;"Okres Košice II";"SK0423";9;23;32
2021-02-03;"Okres Košice III";"SK0424";6;14;20
2021-02-03;"Okres Košice IV";"SK0425";6;14;20
2021-02-03;"Okres Krupina";"SK0325";10;18;28
2021-02-03;"Okres Kysucké Nové Mesto";"SK0314";3;16;19
2021-02-03;"Okres Levice";"SK0232";6;142;148
2021-02-03;"Okres Levoča";"SK0414";13;34;47
2021-02-03;"Okres Liptovský Mikuláš";"SK0315";4;64;68
2021-02-03;"Okres Lučenec";"SK0326";24;66;90
2021-02-03;"Okres Malacky";"SK0106";4;113;117
2021-02-03;"Okres Martin";"SK0316";43;247;290
2021-02-03;"Okres Medzilaborce";"SK0415";0;12;12
2021-02-03;"Okres Michalovce";"SK0427";31;102;133
2021-02-03;"Okres Myjava";"SK0223";1;25;26
2021-02-03;"Okres Námestovo";"SK0317";6;54;60
2021-02-03;"Okres Nitra";"SK0233";17;150;167
2021-02-03;"Okres Nové Mesto nad Váhom";"SK0224";19;90;109
2021-02-03;"Okres Nové Zámky";"SK0234";49;144;193
2021-02-03;"Okres Partizánske";"SK0225";11;18;29
2021-02-03;"Okres Pezinok";"SK0107";25;187;212
2021-02-03;"Okres Piešťany";"SK0214";23;149;172
2021-02-03;"Okres Poltár";"SK0327";2;22;24
2021-02-03;"Okres Poprad";"SK0416";16;120;136
2021-02-03;"Okres Považská Bystrica";"SK0226";16;78;94
2021-02-03;"Okres Prešov";"SK0417";79;258;337
2021-02-03;"Okres Prievidza";"SK0227";53;113;166
2021-02-03;"Okres Púchov";"SK0228";12;28;40
2021-02-03;"Okres Revúca";"SK0328";57;62;119
2021-02-03;"Okres Rimavská Sobota";"SK0329";71;81;152
2021-02-03;"Okres Rožňava";"SK0428";28;94;122
2021-02-03;"Okres Ružomberok";"SK0318";34;91;125
2021-02-03;"Okres Sabinov";"SK0418";12;53;65
2021-02-03;"Okres Senec";"SK0108";12;215;227
2021-02-03;"Okres Senica";"SK0215";12;57;69
2021-02-03;"Okres Skalica";"SK0216";6;35;41
2021-02-03;"Okres Snina";"SK0419";8;41;49
2021-02-03;"Okres Sobrance";"SK0429";4;17;21
2021-02-03;"Okres Spišská Nová Ves";"SK042A";36;139;175
2021-02-03;"Okres Stará Ľubovňa";"SK041A";14;76;90
2021-02-03;"Okres Stropkov";"SK041B";5;21;26
2021-02-03;"Okres Svidník";"SK041C";7;25;32
2021-02-03;"Okres Šaľa";"SK0235";35;78;113
2021-02-03;"Okres Topoľčany";"SK0236";19;42;61
2021-02-03;"Okres Trebišov";"SK042B";72;177;249
2021-02-03;"Okres Trenčín";"SK0229";32;134;166
2021-02-03;"Okres Trnava";"SK0217";68;354;422
2021-02-03;"Okres Turčianske Teplice";"SK0319";20;51;71
2021-02-03;"Okres Tvrdošín";"SK031A";0;24;24
2021-02-03;"Okres Veľký Krtíš";"SK032A";31;82;113
2021-02-03;"Okres Vranov nad Topľou";"SK041D";21;37;58
2021-02-03;"Okres Zlaté Moravce";"SK0237";2;27;29
2021-02-03;"Okres Zvolen";"SK032B";25;105;130
2021-02-03;"Okres Žarnovica";"SK032C";4;32;36
2021-02-03;"Okres Žiar nad Hronom";"SK032D";30;79;109
2021-02-03;"Okres Žilina";"SK031B";36;221;257
2021-02-03;"Zahraničie";"SKZZZZ";1;0;1
2021-02-03;NA;"?";44;278;322
2021-02-02;"Neznáme";"SK000";307;944;1251
2021-02-02;"Okres Bánovce nad Bebravou";"SK0221";43;101;144
2021-02-02;"Okres Banská Bystrica";"SK0321";47;183;230
2021-02-02;"Okres Banská Štiavnica";"SK0322";6;21;27
2021-02-02;"Okres Bardejov";"SK0411";31;131;162
2021-02-02;"Okres Bratislava I";"SK0101";23;209;232
2021-02-02;"Okres Bratislava II";"SK0102";73;321;394
2021-02-02;"Okres Bratislava III";"SK0103";41;207;248
2021-02-02;"Okres Bratislava IV";"SK0104";50;238;288
2021-02-02;"Okres Bratislava V";"SK0105";68;251;319
2021-02-02;"Okres Brezno";"SK0323";11;40;51
2021-02-02;"Okres Bytča";"SK0311";14;41;55
2021-02-02;"Okres Čadca";"SK0312";23;79;102
2021-02-02;"Okres Detva";"SK0324";6;41;47
2021-02-02;"Okres Dolný Kubín";"SK0313";2;35;37
2021-02-02;"Okres Dunajská Streda";"SK0211";99;193;292
2021-02-02;"Okres Galanta";"SK0212";74;155;229
2021-02-02;"Okres Gelnica";"SK0421";6;38;44
2021-02-02;"Okres Hlohovec";"SK0213";27;49;76
2021-02-02;"Okres Humenné";"SK0412";11;50;61
2021-02-02;"Okres Ilava";"SK0222";42;86;128
2021-02-02;"Okres Kežmarok";"SK0413";17;63;80
2021-02-02;"Okres Komárno";"SK0231";38;100;138
2021-02-02;"Okres Košice - okolie";"SK0426";97;212;309
2021-02-02;"Okres Košice I";"SK0422";22;36;58
2021-02-02;"Okres Košice II";"SK0423";24;55;79
2021-02-02;"Okres Košice III";"SK0424";12;16;28
2021-02-02;"Okres Košice IV";"SK0425";25;38;63
2021-02-02;"Okres Krupina";"SK0325";2;42;44
2021-02-02;"Okres Kysucké Nové Mesto";"SK0314";5;34;39
2021-02-02;"Okres Levice";"SK0232";33;118;151
2021-02-02;"Okres Levoča";"SK0414";8;29;37
2021-02-02;"Okres Liptovský Mikuláš";"SK0315";54;164;218
2021-02-02;"Okres Lučenec";"SK0326";24;105;129
2021-02-02;"Okres Malacky";"SK0106";34;237;271
2021-02-02;"Okres Martin";"SK0316";55;212;267
2021-02-02;"Okres Medzilaborce";"SK0415";2;3;5
2021-02-02;"Okres Michalovce";"SK0427";37;129;166
2021-02-02;"Okres Myjava";"SK0223";6;27;33
2021-02-02;"Okres Námestovo";"SK0317";1;28;29
2021-02-02;"Okres Nitra";"SK0233";32;166;198
2021-02-02;"Okres Nové Mesto nad Váhom";"SK0224";55;143;198
2021-02-02;"Okres Nové Zámky";"SK0234";69;157;226
2021-02-02;"Okres Partizánske";"SK0225";48;51;99
2021-02-02;"Okres Pezinok";"SK0107";27;111;138
2021-02-02;"Okres Piešťany";"SK0214";43;105;148
2021-02-02;"Okres Poltár";"SK0327";9;34;43
2021-02-02;"Okres Poprad";"SK0416";27;157;184
2021-02-02;"Okres Považská Bystrica";"SK0226";35;88;123
2021-02-02;"Okres Prešov";"SK0417";64;245;309
2021-02-02;"Okres Prievidza";"SK0227";70;148;218
2021-02-02;"Okres Púchov";"SK0228";20;50;70
2021-02-02;"Okres Revúca";"SK0328";41;53;94
2021-02-02;"Okres Rimavská Sobota";"SK0329";64;92;156
2021-02-02;"Okres Rožňava";"SK0428";57;61;118
2021-02-02;"Okres Ružomberok";"SK0318";1;22;23
2021-02-02;"Okres Sabinov";"SK0418";18;50;68
2021-02-02;"Okres Senec";"SK0108";57;216;273
2021-02-02;"Okres Senica";"SK0215";27;90;117
2021-02-02;"Okres Skalica";"SK0216";5;96;101
2021-02-02;"Okres Snina";"SK0419";4;15;19
2021-02-02;"Okres Sobrance";"SK0429";14;25;39
2021-02-02;"Okres Spišská Nová Ves";"SK042A";39;214;253
2021-02-02;"Okres Stará Ľubovňa";"SK041A";39;106;145
2021-02-02;"Okres Stropkov";"SK041B";11;18;29
2021-02-02;"Okres Svidník";"SK041C";7;29;36
2021-02-02;"Okres Šaľa";"SK0235";30;67;97
2021-02-02;"Okres Topoľčany";"SK0236";39;106;145
2021-02-02;"Okres Trebišov";"SK042B";73;126;199
2021-02-02;"Okres Trenčín";"SK0229";42;184;226
2021-02-02;"Okres Trnava";"SK0217";114;254;368
2021-02-02;"Okres Turčianske Teplice";"SK0319";7;17;24
2021-02-02;"Okres Tvrdošín";"SK031A";7;21;28
2021-02-02;"Okres Veľký Krtíš";"SK032A";6;30;36
2021-02-02;"Okres Vranov nad Topľou";"SK041D";24;88;112
2021-02-02;"Okres Zlaté Moravce";"SK0237";33;55;88
2021-02-02;"Okres Zvolen";"SK032B";41;140;181
2021-02-02;"Okres Žarnovica";"SK032C";5;22;27
2021-02-02;"Okres Žiar nad Hronom";"SK032D";39;89;128
2021-02-02;"Okres Žilina";"SK031B";49;198;247
2021-02-02;"Zahraničie";"SKZZZZ";0;1;1
2021-02-02;NA;"?";84;336;420
2021-02-01;"Neznáme";"SK000";167;655;822
2021-02-01;"Okres Bánovce nad Bebravou";"SK0221";5;14;19
2021-02-01;"Okres Banská Bystrica";"SK0321";29;105;134
2021-02-01;"Okres Banská Štiavnica";"SK0322";0;7;7
2021-02-01;"Okres Bardejov";"SK0411";6;35;41
2021-02-01;"Okres Bratislava I";"SK0101";22;146;168
2021-02-01;"Okres Bratislava II";"SK0102";37;296;333
2021-02-01;"Okres Bratislava III";"SK0103";28;147;175
2021-02-01;"Okres Bratislava IV";"SK0104";32;183;215
2021-02-01;"Okres Bratislava V";"SK0105";45;214;259
2021-02-01;"Okres Brezno";"SK0323";1;20;21
2021-02-01;"Okres Bytča";"SK0311";23;46;69
2021-02-01;"Okres Čadca";"SK0312";3;25;28
2021-02-01;"Okres Detva";"SK0324";10;55;65
2021-02-01;"Okres Dolný Kubín";"SK0313";21;49;70
2021-02-01;"Okres Dunajská Streda";"SK0211";34;143;177
2021-02-01;"Okres Galanta";"SK0212";27;61;88
2021-02-01;"Okres Gelnica";"SK0421";6;19;25
2021-02-01;"Okres Hlohovec";"SK0213";31;94;125
2021-02-01;"Okres Humenné";"SK0412";21;77;98
2021-02-01;"Okres Ilava";"SK0222";8;25;33
2021-02-01;"Okres Kežmarok";"SK0413";4;22;26
2021-02-01;"Okres Komárno";"SK0231";32;68;100
2021-02-01;"Okres Košice - okolie";"SK0426";100;300;400
2021-02-01;"Okres Košice I";"SK0422";11;34;45
2021-02-01;"Okres Košice II";"SK0423";23;71;94
2021-02-01;"Okres Košice III";"SK0424";13;19;32
2021-02-01;"Okres Košice IV";"SK0425";13;18;31
2021-02-01;"Okres Krupina";"SK0325";9;46;55
2021-02-01;"Okres Kysucké Nové Mesto";"SK0314";7;23;30
2021-02-01;"Okres Levice";"SK0232";27;46;73
2021-02-01;"Okres Levoča";"SK0414";1;12;13
2021-02-01;"Okres Liptovský Mikuláš";"SK0315";5;31;36
2021-02-01;"Okres Lučenec";"SK0326";4;24;28
2021-02-01;"Okres Malacky";"SK0106";28;154;182
2021-02-01;"Okres Martin";"SK0316";62;279;341
2021-02-01;"Okres Medzilaborce";"SK0415";1;12;13
2021-02-01;"Okres Michalovce";"SK0427";41;98;139
2021-02-01;"Okres Myjava";"SK0223";13;48;61
2021-02-01;"Okres Námestovo";"SK0317";5;54;59
2021-02-01;"Okres Nitra";"SK0233";30;123;153
2021-02-01;"Okres Nové Mesto nad Váhom";"SK0224";16;84;100
2021-02-01;"Okres Nové Zámky";"SK0234";58;142;200
2021-02-01;"Okres Partizánske";"SK0225";12;18;30
2021-02-01;"Okres Pezinok";"SK0107";19;109;128
2021-02-01;"Okres Piešťany";"SK0214";19;99;118
2021-02-01;"Okres Poltár";"SK0327";1;4;5
2021-02-01;"Okres Poprad";"SK0416";10;65;75
2021-02-01;"Okres Považská Bystrica";"SK0226";23;94;117
2021-02-01;"Okres Prešov";"SK0417";101;344;445
2021-02-01;"Okres Prievidza";"SK0227";67;141;208
2021-02-01;"Okres Púchov";"SK0228";5;24;29
2021-02-01;"Okres Revúca";"SK0328";8;5;13
2021-02-01;"Okres Rimavská Sobota";"SK0329";1;15;16
2021-02-01;"Okres Rožňava";"SK0428";0;16;16
2021-02-01;"Okres Ružomberok";"SK0318";11;64;75
2021-02-01;"Okres Sabinov";"SK0418";23;74;97
2021-02-01;"Okres Senec";"SK0108";17;181;198
2021-02-01;"Okres Senica";"SK0215";16;41;57
2021-02-01;"Okres Skalica";"SK0216";3;16;19
2021-02-01;"Okres Snina";"SK0419";10;50;60
2021-02-01;"Okres Sobrance";"SK0429";6;33;39
2021-02-01;"Okres Spišská Nová Ves";"SK042A";7;41;48
2021-02-01;"Okres Stará Ľubovňa";"SK041A";4;59;63
2021-02-01;"Okres Stropkov";"SK041B";8;26;34
2021-02-01;"Okres Svidník";"SK041C";12;44;56
2021-02-01;"Okres Šaľa";"SK0235";19;40;59
2021-02-01;"Okres Topoľčany";"SK0236";34;93;127
2021-02-01;"Okres Trebišov";"SK042B";81;151;232
2021-02-01;"Okres Trenčín";"SK0229";16;103;119
2021-02-01;"Okres Trnava";"SK0217";85;217;302
2021-02-01;"Okres Turčianske Teplice";"SK0319";9;30;39
2021-02-01;"Okres Tvrdošín";"SK031A";2;24;26
2021-02-01;"Okres Veľký Krtíš";"SK032A";3;14;17
2021-02-01;"Okres Vranov nad Topľou";"SK041D";32;117;149
2021-02-01;"Okres Zlaté Moravce";"SK0237";5;16;21
2021-02-01;"Okres Zvolen";"SK032B";28;216;244
2021-02-01;"Okres Žarnovica";"SK032C";0;11;11
2021-02-01;"Okres Žiar nad Hronom";"SK032D";4;42;46
2021-02-01;"Okres Žilina";"SK031B";67;427;494
2021-02-01;NA;"?";107;382;489
2021-01-31;"Neznáme";"SK000";19;95;114
2021-01-31;"Okres Bánovce nad Bebravou";"SK0221";1;0;1
2021-01-31;"Okres Banská Bystrica";"SK0321";24;56;80
2021-01-31;"Okres Bardejov";"SK0411";1;3;4
2021-01-31;"Okres Bratislava I";"SK0101";10;66;76
2021-01-31;"Okres Bratislava II";"SK0102";39;140;179
2021-01-31;"Okres Bratislava III";"SK0103";15;100;115
2021-01-31;"Okres Bratislava IV";"SK0104";26;112;138
2021-01-31;"Okres Bratislava V";"SK0105";27;114;141
2021-01-31;"Okres Brezno";"SK0323";2;6;8
2021-01-31;"Okres Čadca";"SK0312";0;1;1
2021-01-31;"Okres Detva";"SK0324";1;6;7
2021-01-31;"Okres Dolný Kubín";"SK0313";0;4;4
2021-01-31;"Okres Dunajská Streda";"SK0211";3;18;21
2021-01-31;"Okres Galanta";"SK0212";3;8;11
2021-01-31;"Okres Gelnica";"SK0421";2;6;8
2021-01-31;"Okres Hlohovec";"SK0213";10;35;45
2021-01-31;"Okres Humenné";"SK0412";2;4;6
2021-01-31;"Okres Ilava";"SK0222";0;1;1
2021-01-31;"Okres Kežmarok";"SK0413";2;3;5
2021-01-31;"Okres Komárno";"SK0231";1;3;4
2021-01-31;"Okres Košice - okolie";"SK0426";50;96;146
2021-01-31;"Okres Košice I";"SK0422";8;20;28
2021-01-31;"Okres Košice II";"SK0423";13;42;55
2021-01-31;"Okres Košice III";"SK0424";8;13;21
2021-01-31;"Okres Košice IV";"SK0425";12;19;31
2021-01-31;"Okres Krupina";"SK0325";0;10;10
2021-01-31;"Okres Kysucké Nové Mesto";"SK0314";0;1;1
2021-01-31;"Okres Levice";"SK0232";0;4;4
2021-01-31;"Okres Levoča";"SK0414";0;2;2
2021-01-31;"Okres Liptovský Mikuláš";"SK0315";0;2;2
2021-01-31;"Okres Lučenec";"SK0326";1;9;10
2021-01-31;"Okres Malacky";"SK0106";13;52;65
2021-01-31;"Okres Martin";"SK0316";4;14;18
2021-01-31;"Okres Medzilaborce";"SK0415";1;1;2
2021-01-31;"Okres Michalovce";"SK0427";3;31;34
2021-01-31;"Okres Myjava";"SK0223";2;0;2
2021-01-31;"Okres Námestovo";"SK0317";1;9;10
2021-01-31;"Okres Nitra";"SK0233";2;11;13
2021-01-31;"Okres Nové Mesto nad Váhom";"SK0224";3;6;9
2021-01-31;"Okres Nové Zámky";"SK0234";4;6;10
2021-01-31;"Okres Partizánske";"SK0225";0;2;2
2021-01-31;"Okres Pezinok";"SK0107";21;54;75
2021-01-31;"Okres Piešťany";"SK0214";0;7;7
2021-01-31;"Okres Poltár";"SK0327";0;1;1
2021-01-31;"Okres Poprad";"SK0416";3;9;12
2021-01-31;"Okres Považská Bystrica";"SK0226";0;4;4
2021-01-31;"Okres Prešov";"SK0417";19;88;107
2021-01-31;"Okres Prievidza";"SK0227";0;4;4
2021-01-31;"Okres Revúca";"SK0328";1;3;4
2021-01-31;"Okres Rimavská Sobota";"SK0329";0;3;3
2021-01-31;"Okres Rožňava";"SK0428";1;3;4
2021-01-31;"Okres Ružomberok";"SK0318";7;13;20
2021-01-31;"Okres Sabinov";"SK0418";6;33;39
2021-01-31;"Okres Senec";"SK0108";33;117;150
2021-01-31;"Okres Senica";"SK0215";1;9;10
2021-01-31;"Okres Skalica";"SK0216";0;2;2
2021-01-31;"Okres Snina";"SK0419";0;8;8
2021-01-31;"Okres Sobrance";"SK0429";0;8;8
2021-01-31;"Okres Spišská Nová Ves";"SK042A";1;3;4
2021-01-31;"Okres Stará Ľubovňa";"SK041A";6;36;42
2021-01-31;"Okres Stropkov";"SK041B";2;8;10
2021-01-31;"Okres Svidník";"SK041C";2;9;11
2021-01-31;"Okres Šaľa";"SK0235";1;7;8
2021-01-31;"Okres Topoľčany";"SK0236";4;7;11
2021-01-31;"Okres Trebišov";"SK042B";3;15;18
2021-01-31;"Okres Trenčín";"SK0229";1;1;2
2021-01-31;"Okres Trnava";"SK0217";1;23;24
2021-01-31;"Okres Turčianske Teplice";"SK0319";1;1;2
2021-01-31;"Okres Tvrdošín";"SK031A";0;4;4
2021-01-31;"Okres Veľký Krtíš";"SK032A";0;4;4
2021-01-31;"Okres Vranov nad Topľou";"SK041D";4;18;22
2021-01-31;"Okres Zlaté Moravce";"SK0237";0;1;1
2021-01-31;"Okres Zvolen";"SK032B";7;10;17
2021-01-31;"Okres Žarnovica";"SK032C";0;2;2
2021-01-31;"Okres Žiar nad Hronom";"SK032D";0;3;3
2021-01-31;"Okres Žilina";"SK031B";1;5;6
2021-01-31;NA;"?";41;156;197
2021-01-30;"Neznáme";"SK000";147;516;663
2021-01-30;"Okres Bánovce nad Bebravou";"SK0221";41;80;121
2021-01-30;"Okres Banská Bystrica";"SK0321";62;124;186
2021-01-30;"Okres Banská Štiavnica";"SK0322";2;14;16
2021-01-30;"Okres Bardejov";"SK0411";13;101;114
2021-01-30;"Okres Bratislava I";"SK0101";13;96;109
2021-01-30;"Okres Bratislava II";"SK0102";91;324;415
2021-01-30;"Okres Bratislava III";"SK0103";29;158;187
2021-01-30;"Okres Bratislava IV";"SK0104";59;195;254
2021-01-30;"Okres Bratislava V";"SK0105";48;190;238
2021-01-30;"Okres Brezno";"SK0323";14;35;49
2021-01-30;"Okres Bytča";"SK0311";4;29;33
2021-01-30;"Okres Čadca";"SK0312";0;43;43
2021-01-30;"Okres Detva";"SK0324";2;14;16
2021-01-30;"Okres Dolný Kubín";"SK0313";0;12;12
2021-01-30;"Okres Dunajská Streda";"SK0211";71;211;282
2021-01-30;"Okres Galanta";"SK0212";62;150;212
2021-01-30;"Okres Gelnica";"SK0421";2;14;16
2021-01-30;"Okres Hlohovec";"SK0213";34;55;89
2021-01-30;"Okres Humenné";"SK0412";16;84;100
2021-01-30;"Okres Ilava";"SK0222";22;113;135
2021-01-30;"Okres Kežmarok";"SK0413";2;31;33
2021-01-30;"Okres Komárno";"SK0231";41;36;77
2021-01-30;"Okres Košice - okolie";"SK0426";62;154;216
2021-01-30;"Okres Košice I";"SK0422";12;27;39
2021-01-30;"Okres Košice II";"SK0423";18;58;76
2021-01-30;"Okres Košice III";"SK0424";8;17;25
2021-01-30;"Okres Košice IV";"SK0425";7;21;28
2021-01-30;"Okres Krupina";"SK0325";5;16;21
2021-01-30;"Okres Kysucké Nové Mesto";"SK0314";6;17;23
2021-01-30;"Okres Levice";"SK0232";11;39;50
2021-01-30;"Okres Levoča";"SK0414";4;27;31
2021-01-30;"Okres Liptovský Mikuláš";"SK0315";12;45;57
2021-01-30;"Okres Lučenec";"SK0326";0;9;9
2021-01-30;"Okres Malacky";"SK0106";15;76;91
2021-01-30;"Okres Martin";"SK0316";5;22;27
2021-01-30;"Okres Medzilaborce";"SK0415";2;14;16
2021-01-30;"Okres Michalovce";"SK0427";45;160;205
2021-01-30;"Okres Myjava";"SK0223";5;4;9
2021-01-30;"Okres Námestovo";"SK0317";2;13;15
2021-01-30;"Okres Nitra";"SK0233";7;40;47
2021-01-30;"Okres Nové Mesto nad Váhom";"SK0224";26;133;159
2021-01-30;"Okres Nové Zámky";"SK0234";14;26;40
2021-01-30;"Okres Partizánske";"SK0225";18;37;55
2021-01-30;"Okres Pezinok";"SK0107";32;115;147
2021-01-30;"Okres Piešťany";"SK0214";10;36;46
2021-01-30;"Okres Poltár";"SK0327";1;4;5
2021-01-30;"Okres Poprad";"SK0416";24;112;136
2021-01-30;"Okres Považská Bystrica";"SK0226";23;50;73
2021-01-30;"Okres Prešov";"SK0417";43;176;219
2021-01-30;"Okres Prievidza";"SK0227";27;98;125
2021-01-30;"Okres Púchov";"SK0228";20;28;48
2021-01-30;"Okres Revúca";"SK0328";37;41;78
2021-01-30;"Okres Rimavská Sobota";"SK0329";26;44;70
2021-01-30;"Okres Rožňava";"SK0428";31;67;98
2021-01-30;"Okres Ružomberok";"SK0318";11;43;54
2021-01-30;"Okres Sabinov";"SK0418";1;43;44
2021-01-30;"Okres Senec";"SK0108";29;197;226
2021-01-30;"Okres Senica";"SK0215";7;90;97
2021-01-30;"Okres Skalica";"SK0216";9;15;24
2021-01-30;"Okres Snina";"SK0419";1;56;57
2021-01-30;"Okres Sobrance";"SK0429";7;25;32
2021-01-30;"Okres Spišská Nová Ves";"SK042A";29;94;123
2021-01-30;"Okres Stará Ľubovňa";"SK041A";3;45;48
2021-01-30;"Okres Stropkov";"SK041B";3;26;29
2021-01-30;"Okres Svidník";"SK041C";9;47;56
2021-01-30;"Okres Šaľa";"SK0235";19;63;82
2021-01-30;"Okres Topoľčany";"SK0236";3;32;35
2021-01-30;"Okres Trebišov";"SK042B";44;104;148
2021-01-30;"Okres Trenčín";"SK0229";50;201;251
2021-01-30;"Okres Trnava";"SK0217";116;262;378
2021-01-30;"Okres Turčianske Teplice";"SK0319";0;2;2
2021-01-30;"Okres Tvrdošín";"SK031A";1;10;11
2021-01-30;"Okres Veľký Krtíš";"SK032A";1;7;8
2021-01-30;"Okres Vranov nad Topľou";"SK041D";31;96;127
2021-01-30;"Okres Zlaté Moravce";"SK0237";1;15;16
2021-01-30;"Okres Zvolen";"SK032B";12;71;83
2021-01-30;"Okres Žarnovica";"SK032C";1;13;14
2021-01-30;"Okres Žiar nad Hronom";"SK032D";15;58;73
2021-01-30;"Okres Žilina";"SK031B";42;111;153
2021-01-30;NA;"?";54;292;346
2021-01-29;"Neznáme";"SK000";171;801;972
2021-01-29;"Okres Bánovce nad Bebravou";"SK0221";44;142;186
2021-01-29;"Okres Banská Bystrica";"SK0321";54;286;340
2021-01-29;"Okres Banská Štiavnica";"SK0322";1;9;10
2021-01-29;"Okres Bardejov";"SK0411";24;96;120
2021-01-29;"Okres Bratislava I";"SK0101";22;213;235
2021-01-29;"Okres Bratislava II";"SK0102";70;394;464
2021-01-29;"Okres Bratislava III";"SK0103";38;239;277
2021-01-29;"Okres Bratislava IV";"SK0104";41;400;441
2021-01-29;"Okres Bratislava V";"SK0105";63;292;355
2021-01-29;"Okres Brezno";"SK0323";14;75;89
2021-01-29;"Okres Bytča";"SK0311";9;33;42
2021-01-29;"Okres Čadca";"SK0312";16;98;114
2021-01-29;"Okres Detva";"SK0324";8;43;51
2021-01-29;"Okres Dolný Kubín";"SK0313";6;30;36
2021-01-29;"Okres Dunajská Streda";"SK0211";154;348;502
2021-01-29;"Okres Galanta";"SK0212";65;132;197
2021-01-29;"Okres Gelnica";"SK0421";9;43;52
2021-01-29;"Okres Hlohovec";"SK0213";37;66;103
2021-01-29;"Okres Humenné";"SK0412";5;30;35
2021-01-29;"Okres Ilava";"SK0222";33;215;248
2021-01-29;"Okres Kežmarok";"SK0413";6;57;63
2021-01-29;"Okres Komárno";"SK0231";79;116;195
2021-01-29;"Okres Košice - okolie";"SK0426";59;172;231
2021-01-29;"Okres Košice I";"SK0422";16;37;53
2021-01-29;"Okres Košice II";"SK0423";23;36;59
2021-01-29;"Okres Košice III";"SK0424";4;6;10
2021-01-29;"Okres Košice IV";"SK0425";11;19;30
2021-01-29;"Okres Krupina";"SK0325";7;24;31
2021-01-29;"Okres Kysucké Nové Mesto";"SK0314";1;19;20
2021-01-29;"Okres Levice";"SK0232";40;141;181
2021-01-29;"Okres Levoča";"SK0414";7;36;43
2021-01-29;"Okres Liptovský Mikuláš";"SK0315";20;58;78
2021-01-29;"Okres Lučenec";"SK0326";23;100;123
2021-01-29;"Okres Malacky";"SK0106";29;128;157
2021-01-29;"Okres Martin";"SK0316";76;120;196
2021-01-29;"Okres Medzilaborce";"SK0415";1;4;5
2021-01-29;"Okres Michalovce";"SK0427";42;99;141
2021-01-29;"Okres Myjava";"SK0223";9;24;33
2021-01-29;"Okres Námestovo";"SK0317";9;103;112
2021-01-29;"Okres Nitra";"SK0233";38;169;207
2021-01-29;"Okres Nové Mesto nad Váhom";"SK0224";26;97;123
2021-01-29;"Okres Nové Zámky";"SK0234";36;133;169
2021-01-29;"Okres Partizánske";"SK0225";12;21;33
2021-01-29;"Okres Pezinok";"SK0107";34;121;155
2021-01-29;"Okres Piešťany";"SK0214";28;98;126
2021-01-29;"Okres Poltár";"SK0327";6;22;28
2021-01-29;"Okres Poprad";"SK0416";9;156;165
2021-01-29;"Okres Považská Bystrica";"SK0226";19;46;65
2021-01-29;"Okres Prešov";"SK0417";83;228;311
2021-01-29;"Okres Prievidza";"SK0227";43;120;163
2021-01-29;"Okres Púchov";"SK0228";15;23;38
2021-01-29;"Okres Revúca";"SK0328";40;34;74
2021-01-29;"Okres Rimavská Sobota";"SK0329";38;102;140
2021-01-29;"Okres Rožňava";"SK0428";33;49;82
2021-01-29;"Okres Ružomberok";"SK0318";13;47;60
2021-01-29;"Okres Sabinov";"SK0418";20;84;104
2021-01-29;"Okres Senec";"SK0108";51;237;288
2021-01-29;"Okres Senica";"SK0215";22;59;81
2021-01-29;"Okres Skalica";"SK0216";3;15;18
2021-01-29;"Okres Snina";"SK0419";13;28;41
2021-01-29;"Okres Sobrance";"SK0429";10;17;27
2021-01-29;"Okres Spišská Nová Ves";"SK042A";19;84;103
2021-01-29;"Okres Stará Ľubovňa";"SK041A";9;92;101
2021-01-29;"Okres Stropkov";"SK041B";3;9;12
2021-01-29;"Okres Svidník";"SK041C";6;14;20
2021-01-29;"Okres Šaľa";"SK0235";48;46;94
2021-01-29;"Okres Topoľčany";"SK0236";28;84;112
2021-01-29;"Okres Trebišov";"SK042B";29;121;150
2021-01-29;"Okres Trenčín";"SK0229";26;118;144
2021-01-29;"Okres Trnava";"SK0217";93;194;287
2021-01-29;"Okres Turčianske Teplice";"SK0319";11;14;25
2021-01-29;"Okres Tvrdošín";"SK031A";4;38;42
2021-01-29;"Okres Veľký Krtíš";"SK032A";2;17;19
2021-01-29;"Okres Vranov nad Topľou";"SK041D";15;54;69
2021-01-29;"Okres Zlaté Moravce";"SK0237";8;30;38
2021-01-29;"Okres Zvolen";"SK032B";18;118;136
2021-01-29;"Okres Žarnovica";"SK032C";2;58;60
2021-01-29;"Okres Žiar nad Hronom";"SK032D";9;34;43
2021-01-29;"Okres Žilina";"SK031B";40;152;192
2021-01-29;NA;"?";72;360;432
2021-01-28;"Neznáme";"SK000";224;704;928
2021-01-28;"Okres Bánovce nad Bebravou";"SK0221";20;42;62
2021-01-28;"Okres Banská Bystrica";"SK0321";55;214;269
2021-01-28;"Okres Banská Štiavnica";"SK0322";5;9;14
2021-01-28;"Okres Bardejov";"SK0411";21;63;84
2021-01-28;"Okres Bratislava I";"SK0101";20;173;193
2021-01-28;"Okres Bratislava II";"SK0102";61;281;342
2021-01-28;"Okres Bratislava III";"SK0103";34;201;235
2021-01-28;"Okres Bratislava IV";"SK0104";28;237;265
2021-01-28;"Okres Bratislava V";"SK0105";52;231;283
2021-01-28;"Okres Brezno";"SK0323";15;32;47
2021-01-28;"Okres Bytča";"SK0311";10;26;36
2021-01-28;"Okres Čadca";"SK0312";14;31;45
2021-01-28;"Okres Detva";"SK0324";5;38;43
2021-01-28;"Okres Dolný Kubín";"SK0313";13;37;50
2021-01-28;"Okres Dunajská Streda";"SK0211";96;238;334
2021-01-28;"Okres Galanta";"SK0212";103;144;247
2021-01-28;"Okres Gelnica";"SK0421";7;22;29
2021-01-28;"Okres Hlohovec";"SK0213";41;56;97
2021-01-28;"Okres Humenné";"SK0412";31;73;104
2021-01-28;"Okres Ilava";"SK0222";20;81;101
2021-01-28;"Okres Kežmarok";"SK0413";5;36;41
2021-01-28;"Okres Komárno";"SK0231";44;119;163
2021-01-28;"Okres Košice - okolie";"SK0426";61;200;261
2021-01-28;"Okres Košice I";"SK0422";17;54;71
2021-01-28;"Okres Košice II";"SK0423";31;62;93
2021-01-28;"Okres Košice III";"SK0424";10;19;29
2021-01-28;"Okres Košice IV";"SK0425";7;39;46
2021-01-28;"Okres Krupina";"SK0325";5;20;25
2021-01-28;"Okres Kysucké Nové Mesto";"SK0314";5;15;20
2021-01-28;"Okres Levice";"SK0232";46;77;123
2021-01-28;"Okres Levoča";"SK0414";11;46;57
2021-01-28;"Okres Liptovský Mikuláš";"SK0315";56;141;197
2021-01-28;"Okres Lučenec";"SK0326";28;114;142
2021-01-28;"Okres Malacky";"SK0106";25;101;126
2021-01-28;"Okres Martin";"SK0316";44;127;171
2021-01-28;"Okres Medzilaborce";"SK0415";21;40;61
2021-01-28;"Okres Michalovce";"SK0427";44;131;175
2021-01-28;"Okres Myjava";"SK0223";15;60;75
2021-01-28;"Okres Námestovo";"SK0317";4;36;40
2021-01-28;"Okres Nitra";"SK0233";32;124;156
2021-01-28;"Okres Nové Mesto nad Váhom";"SK0224";27;88;115
2021-01-28;"Okres Nové Zámky";"SK0234";37;103;140
2021-01-28;"Okres Partizánske";"SK0225";33;63;96
2021-01-28;"Okres Pezinok";"SK0107";36;123;159
2021-01-28;"Okres Piešťany";"SK0214";38;87;125
2021-01-28;"Okres Poltár";"SK0327";7;18;25
2021-01-28;"Okres Poprad";"SK0416";23;81;104
2021-01-28;"Okres Považská Bystrica";"SK0226";36;54;90
2021-01-28;"Okres Prešov";"SK0417";105;297;402
2021-01-28;"Okres Prievidza";"SK0227";97;220;317
2021-01-28;"Okres Púchov";"SK0228";16;51;67
2021-01-28;"Okres Revúca";"SK0328";26;56;82
2021-01-28;"Okres Rimavská Sobota";"SK0329";33;41;74
2021-01-28;"Okres Rožňava";"SK0428";17;73;90
2021-01-28;"Okres Ružomberok";"SK0318";18;53;71
2021-01-28;"Okres Sabinov";"SK0418";15;52;67
2021-01-28;"Okres Senec";"SK0108";39;172;211
2021-01-28;"Okres Senica";"SK0215";12;36;48
2021-01-28;"Okres Skalica";"SK0216";2;15;17
2021-01-28;"Okres Snina";"SK0419";4;32;36
2021-01-28;"Okres Sobrance";"SK0429";4;25;29
2021-01-28;"Okres Spišská Nová Ves";"SK042A";17;98;115
2021-01-28;"Okres Stará Ľubovňa";"SK041A";16;50;66
2021-01-28;"Okres Stropkov";"SK041B";11;17;28
2021-01-28;"Okres Svidník";"SK041C";15;58;73
2021-01-28;"Okres Šaľa";"SK0235";38;73;111
2021-01-28;"Okres Topoľčany";"SK0236";20;72;92
2021-01-28;"Okres Trebišov";"SK042B";200;304;504
2021-01-28;"Okres Trenčín";"SK0229";46;178;224
2021-01-28;"Okres Trnava";"SK0217";89;210;299
2021-01-28;"Okres Turčianske Teplice";"SK0319";8;33;41
2021-01-28;"Okres Tvrdošín";"SK031A";2;22;24
2021-01-28;"Okres Veľký Krtíš";"SK032A";6;31;37
2021-01-28;"Okres Vranov nad Topľou";"SK041D";50;97;147
2021-01-28;"Okres Zlaté Moravce";"SK0237";13;67;80
2021-01-28;"Okres Zvolen";"SK032B";24;139;163
2021-01-28;"Okres Žarnovica";"SK032C";8;90;98
2021-01-28;"Okres Žiar nad Hronom";"SK032D";31;67;98
2021-01-28;"Okres Žilina";"SK031B";61;131;192
2021-01-28;NA;"?";133;523;656
2021-01-27;"Neznáme";"SK000";206;813;1019
2021-01-27;"Okres Bánovce nad Bebravou";"SK0221";16;18;34
2021-01-27;"Okres Banská Bystrica";"SK0321";31;177;208
2021-01-27;"Okres Banská Štiavnica";"SK0322";2;19;21
2021-01-27;"Okres Bardejov";"SK0411";3;23;26
2021-01-27;"Okres Bratislava I";"SK0101";16;173;189
2021-01-27;"Okres Bratislava II";"SK0102";49;311;360
2021-01-27;"Okres Bratislava III";"SK0103";26;177;203
2021-01-27;"Okres Bratislava IV";"SK0104";41;240;281
2021-01-27;"Okres Bratislava V";"SK0105";65;217;282
2021-01-27;"Okres Brezno";"SK0323";14;43;57
2021-01-27;"Okres Bytča";"SK0311";18;25;43
2021-01-27;"Okres Čadca";"SK0312";26;66;92
2021-01-27;"Okres Detva";"SK0324";6;41;47
2021-01-27;"Okres Dolný Kubín";"SK0313";9;21;30
2021-01-27;"Okres Dunajská Streda";"SK0211";129;251;380
2021-01-27;"Okres Galanta";"SK0212";59;171;230
2021-01-27;"Okres Gelnica";"SK0421";12;23;35
2021-01-27;"Okres Hlohovec";"SK0213";33;78;111
2021-01-27;"Okres Humenné";"SK0412";9;43;52
2021-01-27;"Okres Ilava";"SK0222";13;41;54
2021-01-27;"Okres Kežmarok";"SK0413";7;49;56
2021-01-27;"Okres Komárno";"SK0231";24;100;124
2021-01-27;"Okres Košice - okolie";"SK0426";79;162;241
2021-01-27;"Okres Košice I";"SK0422";6;24;30
2021-01-27;"Okres Košice II";"SK0423";16;49;65
2021-01-27;"Okres Košice III";"SK0424";4;12;16
2021-01-27;"Okres Košice IV";"SK0425";5;11;16
2021-01-27;"Okres Krupina";"SK0325";13;39;52
2021-01-27;"Okres Kysucké Nové Mesto";"SK0314";6;15;21
2021-01-27;"Okres Levice";"SK0232";16;95;111
2021-01-27;"Okres Levoča";"SK0414";3;35;38
2021-01-27;"Okres Liptovský Mikuláš";"SK0315";25;73;98
2021-01-27;"Okres Lučenec";"SK0326";5;23;28
2021-01-27;"Okres Malacky";"SK0106";48;133;181
2021-01-27;"Okres Martin";"SK0316";59;220;279
2021-01-27;"Okres Michalovce";"SK0427";8;36;44
2021-01-27;"Okres Myjava";"SK0223";3;14;17
2021-01-27;"Okres Námestovo";"SK0317";8;35;43
2021-01-27;"Okres Nitra";"SK0233";27;122;149
2021-01-27;"Okres Nové Mesto nad Váhom";"SK0224";25;103;128
2021-01-27;"Okres Nové Zámky";"SK0234";39;145;184
2021-01-27;"Okres Partizánske";"SK0225";20;40;60
2021-01-27;"Okres Pezinok";"SK0107";40;112;152
2021-01-27;"Okres Piešťany";"SK0214";29;80;109
2021-01-27;"Okres Poltár";"SK0327";2;9;11
2021-01-27;"Okres Poprad";"SK0416";15;89;104
2021-01-27;"Okres Považská Bystrica";"SK0226";18;54;72
2021-01-27;"Okres Prešov";"SK0417";61;215;276
2021-01-27;"Okres Prievidza";"SK0227";49;87;136
2021-01-27;"Okres Púchov";"SK0228";8;37;45
2021-01-27;"Okres Revúca";"SK0328";11;24;35
2021-01-27;"Okres Rimavská Sobota";"SK0329";41;45;86
2021-01-27;"Okres Rožňava";"SK0428";7;75;82
2021-01-27;"Okres Ružomberok";"SK0318";28;85;113
2021-01-27;"Okres Sabinov";"SK0418";27;44;71
2021-01-27;"Okres Senec";"SK0108";50;181;231
2021-01-27;"Okres Senica";"SK0215";31;67;98
2021-01-27;"Okres Skalica";"SK0216";5;22;27
2021-01-27;"Okres Snina";"SK0419";3;20;23
2021-01-27;"Okres Sobrance";"SK0429";3;8;11
2021-01-27;"Okres Spišská Nová Ves";"SK042A";41;143;184
2021-01-27;"Okres Stará Ľubovňa";"SK041A";25;89;114
2021-01-27;"Okres Stropkov";"SK041B";4;28;32
2021-01-27;"Okres Svidník";"SK041C";1;14;15
2021-01-27;"Okres Šaľa";"SK0235";19;70;89
2021-01-27;"Okres Topoľčany";"SK0236";46;111;157
2021-01-27;"Okres Trebišov";"SK042B";11;42;53
2021-01-27;"Okres Trenčín";"SK0229";24;145;169
2021-01-27;"Okres Trnava";"SK0217";96;279;375
2021-01-27;"Okres Turčianske Teplice";"SK0319";25;35;60
2021-01-27;"Okres Tvrdošín";"SK031A";1;48;49
2021-01-27;"Okres Veľký Krtíš";"SK032A";4;18;22
2021-01-27;"Okres Vranov nad Topľou";"SK041D";3;19;22
2021-01-27;"Okres Zlaté Moravce";"SK0237";4;16;20
2021-01-27;"Okres Zvolen";"SK032B";31;148;179
2021-01-27;"Okres Žarnovica";"SK032C";10;36;46
2021-01-27;"Okres Žiar nad Hronom";"SK032D";28;63;91
2021-01-27;"Okres Žilina";"SK031B";57;253;310
2021-01-27;"Zahraničie";"SKZZZZ";0;1;1
2021-01-27;NA;"?";82;324;406
2021-01-26;"Neznáme";"SK000";232;1058;1290
2021-01-26;"Okres Bánovce nad Bebravou";"SK0221";38;86;124
2021-01-26;"Okres Banská Bystrica";"SK0321";94;260;354
2021-01-26;"Okres Banská Štiavnica";"SK0322";0;10;10
2021-01-26;"Okres Bardejov";"SK0411";32;149;181
2021-01-26;"Okres Bratislava I";"SK0101";21;259;280
2021-01-26;"Okres Bratislava II";"SK0102";49;492;541
2021-01-26;"Okres Bratislava III";"SK0103";40;308;348
2021-01-26;"Okres Bratislava IV";"SK0104";51;393;444
2021-01-26;"Okres Bratislava V";"SK0105";70;450;520
2021-01-26;"Okres Brezno";"SK0323";14;59;73
2021-01-26;"Okres Bytča";"SK0311";12;22;34
2021-01-26;"Okres Čadca";"SK0312";25;109;134
2021-01-26;"Okres Detva";"SK0324";10;40;50
2021-01-26;"Okres Dolný Kubín";"SK0313";7;35;42
2021-01-26;"Okres Dunajská Streda";"SK0211";170;284;454
2021-01-26;"Okres Galanta";"SK0212";77;186;263
2021-01-26;"Okres Gelnica";"SK0421";4;26;30
2021-01-26;"Okres Hlohovec";"SK0213";55;102;157
2021-01-26;"Okres Humenné";"SK0412";9;83;92
2021-01-26;"Okres Ilava";"SK0222";47;105;152
2021-01-26;"Okres Kežmarok";"SK0413";15;131;146
2021-01-26;"Okres Komárno";"SK0231";41;180;221
2021-01-26;"Okres Košice - okolie";"SK0426";73;166;239
2021-01-26;"Okres Košice I";"SK0422";7;33;40
2021-01-26;"Okres Košice II";"SK0423";25;35;60
2021-01-26;"Okres Košice III";"SK0424";6;23;29
2021-01-26;"Okres Košice IV";"SK0425";14;14;28
2021-01-26;"Okres Krupina";"SK0325";7;21;28
2021-01-26;"Okres Kysucké Nové Mesto";"SK0314";6;20;26
2021-01-26;"Okres Levice";"SK0232";30;91;121
2021-01-26;"Okres Levoča";"SK0414";15;33;48
2021-01-26;"Okres Liptovský Mikuláš";"SK0315";51;137;188
2021-01-26;"Okres Lučenec";"SK0326";9;82;91
2021-01-26;"Okres Malacky";"SK0106";19;143;162
2021-01-26;"Okres Martin";"SK0316";52;209;261
2021-01-26;"Okres Medzilaborce";"SK0415";3;5;8
2021-01-26;"Okres Michalovce";"SK0427";82;223;305
2021-01-26;"Okres Myjava";"SK0223";2;21;23
2021-01-26;"Okres Námestovo";"SK0317";4;49;53
2021-01-26;"Okres Nitra";"SK0233";42;150;192
2021-01-26;"Okres Nové Mesto nad Váhom";"SK0224";40;129;169
2021-01-26;"Okres Nové Zámky";"SK0234";76;162;238
2021-01-26;"Okres Partizánske";"SK0225";24;51;75
2021-01-26;"Okres Pezinok";"SK0107";27;194;221
2021-01-26;"Okres Piešťany";"SK0214";48;101;149
2021-01-26;"Okres Poltár";"SK0327";6;16;22
2021-01-26;"Okres Poprad";"SK0416";50;207;257
2021-01-26;"Okres Považská Bystrica";"SK0226";27;87;114
2021-01-26;"Okres Prešov";"SK0417";63;287;350
2021-01-26;"Okres Prievidza";"SK0227";46;166;212
2021-01-26;"Okres Púchov";"SK0228";19;55;74
2021-01-26;"Okres Revúca";"SK0328";26;129;155
2021-01-26;"Okres Rimavská Sobota";"SK0329";32;94;126
2021-01-26;"Okres Rožňava";"SK0428";32;69;101
2021-01-26;"Okres Ružomberok";"SK0318";28;69;97
2021-01-26;"Okres Sabinov";"SK0418";9;71;80
2021-01-26;"Okres Senec";"SK0108";38;236;274
2021-01-26;"Okres Senica";"SK0215";10;59;69
2021-01-26;"Okres Skalica";"SK0216";7;36;43
2021-01-26;"Okres Snina";"SK0419";8;43;51
2021-01-26;"Okres Sobrance";"SK0429";21;40;61
2021-01-26;"Okres Spišská Nová Ves";"SK042A";43;165;208
2021-01-26;"Okres Stará Ľubovňa";"SK041A";5;37;42
2021-01-26;"Okres Stropkov";"SK041B";12;36;48
2021-01-26;"Okres Svidník";"SK041C";8;57;65
2021-01-26;"Okres Šaľa";"SK0235";21;75;96
2021-01-26;"Okres Topoľčany";"SK0236";72;131;203
2021-01-26;"Okres Trebišov";"SK042B";130;171;301
2021-01-26;"Okres Trenčín";"SK0229";67;185;252
2021-01-26;"Okres Trnava";"SK0217";136;331;467
2021-01-26;"Okres Turčianske Teplice";"SK0319";7;16;23
2021-01-26;"Okres Tvrdošín";"SK031A";2;37;39
2021-01-26;"Okres Veľký Krtíš";"SK032A";8;56;64
2021-01-26;"Okres Vranov nad Topľou";"SK041D";42;114;156
2021-01-26;"Okres Zlaté Moravce";"SK0237";22;78;100
2021-01-26;"Okres Zvolen";"SK032B";17;139;156
2021-01-26;"Okres Žarnovica";"SK032C";5;32;37
2021-01-26;"Okres Žiar nad Hronom";"SK032D";28;114;142
2021-01-26;"Okres Žilina";"SK031B";51;211;262
2021-01-26;NA;"?";108;466;574
2021-01-25;"Neznáme";"SK000";182;817;999
2021-01-25;"Okres Bánovce nad Bebravou";"SK0221";7;9;16
2021-01-25;"Okres Banská Bystrica";"SK0321";15;152;167
2021-01-25;"Okres Banská Štiavnica";"SK0322";0;38;38
2021-01-25;"Okres Bardejov";"SK0411";1;40;41
2021-01-25;"Okres Bratislava I";"SK0101";25;282;307
2021-01-25;"Okres Bratislava II";"SK0102";68;572;640
2021-01-25;"Okres Bratislava III";"SK0103";47;375;422
2021-01-25;"Okres Bratislava IV";"SK0104";54;504;558
2021-01-25;"Okres Bratislava V";"SK0105";54;418;472
2021-01-25;"Okres Brezno";"SK0323";4;42;46
2021-01-25;"Okres Bytča";"SK0311";13;22;35
2021-01-25;"Okres Čadca";"SK0312";0;30;30
2021-01-25;"Okres Detva";"SK0324";17;57;74
2021-01-25;"Okres Dolný Kubín";"SK0313";5;58;63
2021-01-25;"Okres Dunajská Streda";"SK0211";32;96;128
2021-01-25;"Okres Galanta";"SK0212";18;67;85
2021-01-25;"Okres Gelnica";"SK0421";2;17;19
2021-01-25;"Okres Hlohovec";"SK0213";43;65;108
2021-01-25;"Okres Humenné";"SK0412";21;64;85
2021-01-25;"Okres Ilava";"SK0222";6;23;29
2021-01-25;"Okres Kežmarok";"SK0413";10;77;87
2021-01-25;"Okres Komárno";"SK0231";21;68;89
2021-01-25;"Okres Košice - okolie";"SK0426";55;143;198
2021-01-25;"Okres Košice I";"SK0422";13;36;49
2021-01-25;"Okres Košice II";"SK0423";8;44;52
2021-01-25;"Okres Košice III";"SK0424";2;8;10
2021-01-25;"Okres Košice IV";"SK0425";7;29;36
2021-01-25;"Okres Krupina";"SK0325";4;23;27
2021-01-25;"Okres Kysucké Nové Mesto";"SK0314";2;26;28
2021-01-25;"Okres Levice";"SK0232";38;161;199
2021-01-25;"Okres Levoča";"SK0414";0;14;14
2021-01-25;"Okres Liptovský Mikuláš";"SK0315";0;14;14
2021-01-25;"Okres Lučenec";"SK0326";22;83;105
2021-01-25;"Okres Malacky";"SK0106";30;260;290
2021-01-25;"Okres Martin";"SK0316";63;185;248
2021-01-25;"Okres Medzilaborce";"SK0415";2;6;8
2021-01-25;"Okres Michalovce";"SK0427";6;49;55
2021-01-25;"Okres Myjava";"SK0223";3;25;28
2021-01-25;"Okres Námestovo";"SK0317";3;161;164
2021-01-25;"Okres Nitra";"SK0233";36;130;166
2021-01-25;"Okres Nové Mesto nad Váhom";"SK0224";12;52;64
2021-01-25;"Okres Nové Zámky";"SK0234";52;189;241
2021-01-25;"Okres Partizánske";"SK0225";1;14;15
2021-01-25;"Okres Pezinok";"SK0107";25;155;180
2021-01-25;"Okres Piešťany";"SK0214";39;101;140
2021-01-25;"Okres Poltár";"SK0327";6;21;27
2021-01-25;"Okres Poprad";"SK0416";16;76;92
2021-01-25;"Okres Považská Bystrica";"SK0226";37;103;140
2021-01-25;"Okres Prešov";"SK0417";92;351;443
2021-01-25;"Okres Prievidza";"SK0227";29;105;134
2021-01-25;"Okres Púchov";"SK0228";15;34;49
2021-01-25;"Okres Revúca";"SK0328";1;8;9
2021-01-25;"Okres Rimavská Sobota";"SK0329";4;26;30
2021-01-25;"Okres Rožňava";"SK0428";2;18;20
2021-01-25;"Okres Ružomberok";"SK0318";15;58;73
2021-01-25;"Okres Sabinov";"SK0418";20;80;100
2021-01-25;"Okres Senec";"SK0108";51;355;406
2021-01-25;"Okres Senica";"SK0215";17;80;97
2021-01-25;"Okres Skalica";"SK0216";1;24;25
2021-01-25;"Okres Snina";"SK0419";7;44;51
2021-01-25;"Okres Sobrance";"SK0429";3;5;8
2021-01-25;"Okres Spišská Nová Ves";"SK042A";9;43;52
2021-01-25;"Okres Stará Ľubovňa";"SK041A";17;66;83
2021-01-25;"Okres Stropkov";"SK041B";2;27;29
2021-01-25;"Okres Svidník";"SK041C";11;58;69
2021-01-25;"Okres Šaľa";"SK0235";11;44;55
2021-01-25;"Okres Topoľčany";"SK0236";14;37;51
2021-01-25;"Okres Trebišov";"SK042B";51;105;156
2021-01-25;"Okres Trenčín";"SK0229";51;116;167
2021-01-25;"Okres Trnava";"SK0217";71;260;331
2021-01-25;"Okres Turčianske Teplice";"SK0319";14;23;37
2021-01-25;"Okres Tvrdošín";"SK031A";0;22;22
2021-01-25;"Okres Veľký Krtíš";"SK032A";3;22;25
2021-01-25;"Okres Vranov nad Topľou";"SK041D";6;21;27
2021-01-25;"Okres Zlaté Moravce";"SK0237";7;24;31
2021-01-25;"Okres Zvolen";"SK032B";19;198;217
2021-01-25;"Okres Žarnovica";"SK032C";2;20;22
2021-01-25;"Okres Žiar nad Hronom";"SK032D";2;34;36
2021-01-25;"Okres Žilina";"SK031B";45;284;329
2021-01-25;NA;"?";92;546;638
2021-01-24;"Neznáme";"SK000";20;149;169
2021-01-24;"Okres Bánovce nad Bebravou";"SK0221";6;7;13
2021-01-24;"Okres Banská Bystrica";"SK0321";25;93;118
2021-01-24;"Okres Banská Štiavnica";"SK0322";0;2;2
2021-01-24;"Okres Bardejov";"SK0411";1;17;18
2021-01-24;"Okres Bratislava I";"SK0101";10;166;176
2021-01-24;"Okres Bratislava II";"SK0102";36;333;369
2021-01-24;"Okres Bratislava III";"SK0103";24;188;212
2021-01-24;"Okres Bratislava IV";"SK0104";21;231;252
2021-01-24;"Okres Bratislava V";"SK0105";42;266;308
2021-01-24;"Okres Brezno";"SK0323";1;12;13
2021-01-24;"Okres Bytča";"SK0311";0;6;6
2021-01-24;"Okres Čadca";"SK0312";6;30;36
2021-01-24;"Okres Detva";"SK0324";7;9;16
2021-01-24;"Okres Dolný Kubín";"SK0313";0;8;8
2021-01-24;"Okres Dunajská Streda";"SK0211";12;39;51
2021-01-24;"Okres Galanta";"SK0212";9;37;46
2021-01-24;"Okres Gelnica";"SK0421";0;7;7
2021-01-24;"Okres Hlohovec";"SK0213";8;7;15
2021-01-24;"Okres Humenné";"SK0412";3;18;21
2021-01-24;"Okres Ilava";"SK0222";5;19;24
2021-01-24;"Okres Kežmarok";"SK0413";0;3;3
2021-01-24;"Okres Komárno";"SK0231";1;6;7
2021-01-24;"Okres Košice - okolie";"SK0426";32;76;108
2021-01-24;"Okres Košice I";"SK0422";6;26;32
2021-01-24;"Okres Košice II";"SK0423";12;32;44
2021-01-24;"Okres Košice III";"SK0424";9;13;22
2021-01-24;"Okres Košice IV";"SK0425";8;23;31
2021-01-24;"Okres Krupina";"SK0325";0;1;1
2021-01-24;"Okres Kysucké Nové Mesto";"SK0314";0;6;6
2021-01-24;"Okres Levice";"SK0232";1;7;8
2021-01-24;"Okres Levoča";"SK0414";0;9;9
2021-01-24;"Okres Liptovský Mikuláš";"SK0315";2;3;5
2021-01-24;"Okres Lučenec";"SK0326";2;3;5
2021-01-24;"Okres Malacky";"SK0106";12;53;65
2021-01-24;"Okres Martin";"SK0316";8;12;20
2021-01-24;"Okres Michalovce";"SK0427";18;89;107
2021-01-24;"Okres Myjava";"SK0223";0;4;4
2021-01-24;"Okres Námestovo";"SK0317";1;16;17
2021-01-24;"Okres Nitra";"SK0233";7;24;31
2021-01-24;"Okres Nové Mesto nad Váhom";"SK0224";0;17;17
2021-01-24;"Okres Nové Zámky";"SK0234";4;25;29
2021-01-24;"Okres Partizánske";"SK0225";0;6;6
2021-01-24;"Okres Pezinok";"SK0107";11;68;79
2021-01-24;"Okres Piešťany";"SK0214";1;6;7
2021-01-24;"Okres Poprad";"SK0416";1;17;18
2021-01-24;"Okres Považská Bystrica";"SK0226";3;27;30
2021-01-24;"Okres Prešov";"SK0417";9;152;161
2021-01-24;"Okres Prievidza";"SK0227";2;26;28
2021-01-24;"Okres Púchov";"SK0228";4;12;16
2021-01-24;"Okres Revúca";"SK0328";1;2;3
2021-01-24;"Okres Rimavská Sobota";"SK0329";1;4;5
2021-01-24;"Okres Rožňava";"SK0428";2;3;5
2021-01-24;"Okres Ružomberok";"SK0318";10;30;40
2021-01-24;"Okres Sabinov";"SK0418";1;19;20
2021-01-24;"Okres Senec";"SK0108";22;150;172
2021-01-24;"Okres Senica";"SK0215";0;8;8
2021-01-24;"Okres Skalica";"SK0216";0;3;3
2021-01-24;"Okres Snina";"SK0419";1;2;3
2021-01-24;"Okres Sobrance";"SK0429";9;16;25
2021-01-24;"Okres Spišská Nová Ves";"SK042A";1;38;39
2021-01-24;"Okres Stará Ľubovňa";"SK041A";0;13;13
2021-01-24;"Okres Stropkov";"SK041B";0;1;1
2021-01-24;"Okres Svidník";"SK041C";2;7;9
2021-01-24;"Okres Šaľa";"SK0235";3;14;17
2021-01-24;"Okres Topoľčany";"SK0236";0;4;4
2021-01-24;"Okres Trebišov";"SK042B";3;10;13
2021-01-24;"Okres Trenčín";"SK0229";32;72;104
2021-01-24;"Okres Trnava";"SK0217";64;89;153
2021-01-24;"Okres Turčianske Teplice";"SK0319";0;1;1
2021-01-24;"Okres Tvrdošín";"SK031A";1;8;9
2021-01-24;"Okres Veľký Krtíš";"SK032A";1;0;1
2021-01-24;"Okres Vranov nad Topľou";"SK041D";1;22;23
2021-01-24;"Okres Zlaté Moravce";"SK0237";0;7;7
2021-01-24;"Okres Zvolen";"SK032B";5;23;28
2021-01-24;"Okres Žarnovica";"SK032C";1;3;4
2021-01-24;"Okres Žiar nad Hronom";"SK032D";0;11;11
2021-01-24;"Okres Žilina";"SK031B";0;14;14
2021-01-24;NA;"?";47;228;275
2021-01-23;"Neznáme";"SK000";176;926;1102
2021-01-23;"Okres Bánovce nad Bebravou";"SK0221";25;132;157
2021-01-23;"Okres Banská Bystrica";"SK0321";38;293;331
2021-01-23;"Okres Banská Štiavnica";"SK0322";1;18;19
2021-01-23;"Okres Bardejov";"SK0411";18;137;155
2021-01-23;"Okres Bratislava I";"SK0101";30;454;484
2021-01-23;"Okres Bratislava II";"SK0102";64;799;863
2021-01-23;"Okres Bratislava III";"SK0103";46;552;598
2021-01-23;"Okres Bratislava IV";"SK0104";54;714;768
2021-01-23;"Okres Bratislava V";"SK0105";67;612;679
2021-01-23;"Okres Brezno";"SK0323";6;37;43
2021-01-23;"Okres Bytča";"SK0311";7;29;36
2021-01-23;"Okres Čadca";"SK0312";7;98;105
2021-01-23;"Okres Detva";"SK0324";1;27;28
2021-01-23;"Okres Dolný Kubín";"SK0313";2;32;34
2021-01-23;"Okres Dunajská Streda";"SK0211";116;318;434
2021-01-23;"Okres Galanta";"SK0212";101;249;350
2021-01-23;"Okres Gelnica";"SK0421";4;45;49
2021-01-23;"Okres Hlohovec";"SK0213";21;74;95
2021-01-23;"Okres Humenné";"SK0412";31;171;202
2021-01-23;"Okres Ilava";"SK0222";21;104;125
2021-01-23;"Okres Kežmarok";"SK0413";7;79;86
2021-01-23;"Okres Komárno";"SK0231";20;100;120
2021-01-23;"Okres Košice - okolie";"SK0426";64;228;292
2021-01-23;"Okres Košice I";"SK0422";8;30;38
2021-01-23;"Okres Košice II";"SK0423";11;47;58
2021-01-23;"Okres Košice III";"SK0424";4;10;14
2021-01-23;"Okres Košice IV";"SK0425";11;30;41
2021-01-23;"Okres Krupina";"SK0325";2;247;249
2021-01-23;"Okres Kysucké Nové Mesto";"SK0314";3;31;34
2021-01-23;"Okres Levice";"SK0232";43;169;212
2021-01-23;"Okres Levoča";"SK0414";8;33;41
2021-01-23;"Okres Liptovský Mikuláš";"SK0315";34;83;117
2021-01-23;"Okres Lučenec";"SK0326";10;93;103
2021-01-23;"Okres Malacky";"SK0106";34;271;305
2021-01-23;"Okres Martin";"SK0316";6;141;147
2021-01-23;"Okres Medzilaborce";"SK0415";6;17;23
2021-01-23;"Okres Michalovce";"SK0427";13;203;216
2021-01-23;"Okres Myjava";"SK0223";3;16;19
2021-01-23;"Okres Námestovo";"SK0317";2;447;449
2021-01-23;"Okres Nitra";"SK0233";41;238;279
2021-01-23;"Okres Nové Mesto nad Váhom";"SK0224";43;306;349
2021-01-23;"Okres Nové Zámky";"SK0234";27;242;269
2021-01-23;"Okres Partizánske";"SK0225";37;112;149
2021-01-23;"Okres Pezinok";"SK0107";36;247;283
2021-01-23;"Okres Piešťany";"SK0214";3;115;118
2021-01-23;"Okres Poltár";"SK0327";4;24;28
2021-01-23;"Okres Poprad";"SK0416";9;134;143
2021-01-23;"Okres Považská Bystrica";"SK0226";15;80;95
2021-01-23;"Okres Prešov";"SK0417";68;490;558
2021-01-23;"Okres Prievidza";"SK0227";23;187;210
2021-01-23;"Okres Púchov";"SK0228";9;31;40
2021-01-23;"Okres Revúca";"SK0328";33;71;104
2021-01-23;"Okres Rimavská Sobota";"SK0329";20;144;164
2021-01-23;"Okres Rožňava";"SK0428";15;140;155
2021-01-23;"Okres Ružomberok";"SK0318";19;134;153
2021-01-23;"Okres Sabinov";"SK0418";12;99;111
2021-01-23;"Okres Senec";"SK0108";53;450;503
2021-01-23;"Okres Senica";"SK0215";13;112;125
2021-01-23;"Okres Skalica";"SK0216";5;46;51
2021-01-23;"Okres Snina";"SK0419";0;48;48
2021-01-23;"Okres Sobrance";"SK0429";5;25;30
2021-01-23;"Okres Spišská Nová Ves";"SK042A";19;99;118
2021-01-23;"Okres Stará Ľubovňa";"SK041A";6;72;78
2021-01-23;"Okres Stropkov";"SK041B";4;48;52
2021-01-23;"Okres Svidník";"SK041C";4;109;113
2021-01-23;"Okres Šaľa";"SK0235";38;105;143
2021-01-23;"Okres Topoľčany";"SK0236";52;171;223
2021-01-23;"Okres Trebišov";"SK042B";17;132;149
2021-01-23;"Okres Trenčín";"SK0229";36;285;321
2021-01-23;"Okres Trnava";"SK0217";110;391;501
2021-01-23;"Okres Turčianske Teplice";"SK0319";1;10;11
2021-01-23;"Okres Tvrdošín";"SK031A";2;56;58
2021-01-23;"Okres Veľký Krtíš";"SK032A";1;30;31
2021-01-23;"Okres Vranov nad Topľou";"SK041D";23;183;206
2021-01-23;"Okres Zlaté Moravce";"SK0237";8;40;48
2021-01-23;"Okres Zvolen";"SK032B";3;102;105
2021-01-23;"Okres Žarnovica";"SK032C";8;33;41
2021-01-23;"Okres Žiar nad Hronom";"SK032D";20;115;135
2021-01-23;"Okres Žilina";"SK031B";13;171;184
2021-01-23;NA;"?";76;719;795
2021-01-22;"Neznáme";"SK000";162;1026;1188
2021-01-22;"Okres Bánovce nad Bebravou";"SK0221";1;14;15
2021-01-22;"Okres Banská Bystrica";"SK0321";48;326;374
2021-01-22;"Okres Banská Štiavnica";"SK0322";3;20;23
2021-01-22;"Okres Bardejov";"SK0411";230;712;942
2021-01-22;"Okres Bratislava I";"SK0101";15;182;197
2021-01-22;"Okres Bratislava II";"SK0102";48;304;352
2021-01-22;"Okres Bratislava III";"SK0103";17;210;227
2021-01-22;"Okres Bratislava IV";"SK0104";37;282;319
2021-01-22;"Okres Bratislava V";"SK0105";43;303;346
2021-01-22;"Okres Brezno";"SK0323";9;56;65
2021-01-22;"Okres Bytča";"SK0311";6;46;52
2021-01-22;"Okres Čadca";"SK0312";9;47;56
2021-01-22;"Okres Detva";"SK0324";10;48;58
2021-01-22;"Okres Dolný Kubín";"SK0313";7;69;76
2021-01-22;"Okres Dunajská Streda";"SK0211";28;177;205
2021-01-22;"Okres Galanta";"SK0212";20;96;116
2021-01-22;"Okres Gelnica";"SK0421";18;71;89
2021-01-22;"Okres Hlohovec";"SK0213";29;55;84
2021-01-22;"Okres Humenné";"SK0412";160;463;623
2021-01-22;"Okres Ilava";"SK0222";8;57;65
2021-01-22;"Okres Kežmarok";"SK0413";3;56;59
2021-01-22;"Okres Komárno";"SK0231";17;74;91
2021-01-22;"Okres Košice - okolie";"SK0426";368;800;1168
2021-01-22;"Okres Košice I";"SK0422";109;271;380
2021-01-22;"Okres Košice II";"SK0423";122;379;501
2021-01-22;"Okres Košice III";"SK0424";50;106;156
2021-01-22;"Okres Košice IV";"SK0425";55;181;236
2021-01-22;"Okres Krupina";"SK0325";3;21;24
2021-01-22;"Okres Kysucké Nové Mesto";"SK0314";1;21;22
2021-01-22;"Okres Levice";"SK0232";10;33;43
2021-01-22;"Okres Levoča";"SK0414";4;25;29
2021-01-22;"Okres Liptovský Mikuláš";"SK0315";7;62;69
2021-01-22;"Okres Lučenec";"SK0326";16;77;93
2021-01-22;"Okres Malacky";"SK0106";9;71;80
2021-01-22;"Okres Martin";"SK0316";71;286;357
2021-01-22;"Okres Medzilaborce";"SK0415";26;46;72
2021-01-22;"Okres Michalovce";"SK0427";288;1045;1333
2021-01-22;"Okres Myjava";"SK0223";8;26;34
2021-01-22;"Okres Námestovo";"SK0317";3;62;65
2021-01-22;"Okres Nitra";"SK0233";11;60;71
2021-01-22;"Okres Nové Mesto nad Váhom";"SK0224";23;113;136
2021-01-22;"Okres Nové Zámky";"SK0234";47;123;170
2021-01-22;"Okres Partizánske";"SK0225";10;20;30
2021-01-22;"Okres Pezinok";"SK0107";13;75;88
2021-01-22;"Okres Piešťany";"SK0214";51;96;147
2021-01-22;"Okres Poltár";"SK0327";13;17;30
2021-01-22;"Okres Poprad";"SK0416";9;62;71
2021-01-22;"Okres Považská Bystrica";"SK0226";14;46;60
2021-01-22;"Okres Prešov";"SK0417";70;373;443
2021-01-22;"Okres Prievidza";"SK0227";60;118;178
2021-01-22;"Okres Púchov";"SK0228";13;19;32
2021-01-22;"Okres Revúca";"SK0328";40;67;107
2021-01-22;"Okres Rimavská Sobota";"SK0329";199;338;537
2021-01-22;"Okres Rožňava";"SK0428";113;476;589
2021-01-22;"Okres Ružomberok";"SK0318";15;126;141
2021-01-22;"Okres Sabinov";"SK0418";33;111;144
2021-01-22;"Okres Senec";"SK0108";12;187;199
2021-01-22;"Okres Senica";"SK0215";18;29;47
2021-01-22;"Okres Skalica";"SK0216";6;36;42
2021-01-22;"Okres Snina";"SK0419";18;108;126
2021-01-22;"Okres Sobrance";"SK0429";34;188;222
2021-01-22;"Okres Spišská Nová Ves";"SK042A";17;143;160
2021-01-22;"Okres Stará Ľubovňa";"SK041A";31;130;161
2021-01-22;"Okres Stropkov";"SK041B";23;131;154
2021-01-22;"Okres Svidník";"SK041C";161;425;586
2021-01-22;"Okres Šaľa";"SK0235";3;43;46
2021-01-22;"Okres Topoľčany";"SK0236";19;44;63
2021-01-22;"Okres Trebišov";"SK042B";286;844;1130
2021-01-22;"Okres Trenčín";"SK0229";25;133;158
2021-01-22;"Okres Trnava";"SK0217";64;269;333
2021-01-22;"Okres Turčianske Teplice";"SK0319";6;17;23
2021-01-22;"Okres Tvrdošín";"SK031A";1;40;41
2021-01-22;"Okres Veľký Krtíš";"SK032A";10;66;76
2021-01-22;"Okres Vranov nad Topľou";"SK041D";288;727;1015
2021-01-22;"Okres Zlaté Moravce";"SK0237";1;12;13
2021-01-22;"Okres Zvolen";"SK032B";19;153;172
2021-01-22;"Okres Žarnovica";"SK032C";7;8;15
2021-01-22;"Okres Žiar nad Hronom";"SK032D";13;47;60
2021-01-22;"Okres Žilina";"SK031B";36;210;246
2021-01-22;NA;"?";433;1485;1918
2021-01-21;"Neznáme";"SK000";223;887;1110
2021-01-21;"Okres Bánovce nad Bebravou";"SK0221";3;26;29
2021-01-21;"Okres Banská Bystrica";"SK0321";30;178;208
2021-01-21;"Okres Banská Štiavnica";"SK0322";1;22;23
2021-01-21;"Okres Bardejov";"SK0411";9;78;87
2021-01-21;"Okres Bratislava I";"SK0101";16;270;286
2021-01-21;"Okres Bratislava II";"SK0102";43;455;498
2021-01-21;"Okres Bratislava III";"SK0103";21;307;328
2021-01-21;"Okres Bratislava IV";"SK0104";29;368;397
2021-01-21;"Okres Bratislava V";"SK0105";54;424;478
2021-01-21;"Okres Brezno";"SK0323";2;26;28
2021-01-21;"Okres Bytča";"SK0311";6;24;30
2021-01-21;"Okres Čadca";"SK0312";7;39;46
2021-01-21;"Okres Detva";"SK0324";5;35;40
2021-01-21;"Okres Dolný Kubín";"SK0313";2;7;9
2021-01-21;"Okres Dunajská Streda";"SK0211";64;186;250
2021-01-21;"Okres Galanta";"SK0212";66;199;265
2021-01-21;"Okres Gelnica";"SK0421";7;25;32
2021-01-21;"Okres Hlohovec";"SK0213";37;71;108
2021-01-21;"Okres Humenné";"SK0412";20;26;46
2021-01-21;"Okres Ilava";"SK0222";19;59;78
2021-01-21;"Okres Kežmarok";"SK0413";20;69;89
2021-01-21;"Okres Komárno";"SK0231";45;85;130
2021-01-21;"Okres Košice - okolie";"SK0426";54;176;230
2021-01-21;"Okres Košice I";"SK0422";11;20;31
2021-01-21;"Okres Košice II";"SK0423";12;43;55
2021-01-21;"Okres Košice III";"SK0424";3;8;11
2021-01-21;"Okres Košice IV";"SK0425";8;21;29
2021-01-21;"Okres Krupina";"SK0325";8;19;27
2021-01-21;"Okres Kysucké Nové Mesto";"SK0314";2;21;23
2021-01-21;"Okres Levice";"SK0232";36;87;123
2021-01-21;"Okres Levoča";"SK0414";4;35;39
2021-01-21;"Okres Liptovský Mikuláš";"SK0315";16;128;144
2021-01-21;"Okres Lučenec";"SK0326";25;112;137
2021-01-21;"Okres Malacky";"SK0106";15;118;133
2021-01-21;"Okres Martin";"SK0316";22;94;116
2021-01-21;"Okres Medzilaborce";"SK0415";1;7;8
2021-01-21;"Okres Michalovce";"SK0427";21;125;146
2021-01-21;"Okres Myjava";"SK0223";3;17;20
2021-01-21;"Okres Námestovo";"SK0317";0;23;23
2021-01-21;"Okres Nitra";"SK0233";42;120;162
2021-01-21;"Okres Nové Mesto nad Váhom";"SK0224";8;50;58
2021-01-21;"Okres Nové Zámky";"SK0234";83;214;297
2021-01-21;"Okres Partizánske";"SK0225";6;16;22
2021-01-21;"Okres Pezinok";"SK0107";15;148;163
2021-01-21;"Okres Piešťany";"SK0214";16;119;135
2021-01-21;"Okres Poltár";"SK0327";9;38;47
2021-01-21;"Okres Poprad";"SK0416";20;122;142
2021-01-21;"Okres Považská Bystrica";"SK0226";26;80;106
2021-01-21;"Okres Prešov";"SK0417";73;311;384
2021-01-21;"Okres Prievidza";"SK0227";43;156;199
2021-01-21;"Okres Púchov";"SK0228";6;26;32
2021-01-21;"Okres Revúca";"SK0328";37;34;71
2021-01-21;"Okres Rimavská Sobota";"SK0329";36;145;181
2021-01-21;"Okres Rožňava";"SK0428";17;71;88
2021-01-21;"Okres Ružomberok";"SK0318";9;55;64
2021-01-21;"Okres Sabinov";"SK0418";10;54;64
2021-01-21;"Okres Senec";"SK0108";45;283;328
2021-01-21;"Okres Senica";"SK0215";13;39;52
2021-01-21;"Okres Skalica";"SK0216";6;36;42
2021-01-21;"Okres Snina";"SK0419";7;21;28
2021-01-21;"Okres Sobrance";"SK0429";3;23;26
2021-01-21;"Okres Spišská Nová Ves";"SK042A";2;46;48
2021-01-21;"Okres Stará Ľubovňa";"SK041A";16;66;82
2021-01-21;"Okres Stropkov";"SK041B";7;33;40
2021-01-21;"Okres Svidník";"SK041C";4;33;37
2021-01-21;"Okres Šaľa";"SK0235";13;69;82
2021-01-21;"Okres Topoľčany";"SK0236";5;40;45
2021-01-21;"Okres Trebišov";"SK042B";47;135;182
2021-01-21;"Okres Trenčín";"SK0229";29;154;183
2021-01-21;"Okres Trnava";"SK0217";85;464;549
2021-01-21;"Okres Turčianske Teplice";"SK0319";3;12;15
2021-01-21;"Okres Tvrdošín";"SK031A";1;30;31
2021-01-21;"Okres Veľký Krtíš";"SK032A";7;35;42
2021-01-21;"Okres Vranov nad Topľou";"SK041D";6;20;26
2021-01-21;"Okres Zlaté Moravce";"SK0237";24;65;89
2021-01-21;"Okres Zvolen";"SK032B";23;103;126
2021-01-21;"Okres Žarnovica";"SK032C";10;33;43
2021-01-21;"Okres Žiar nad Hronom";"SK032D";10;61;71
2021-01-21;"Okres Žilina";"SK031B";47;185;232
2021-01-21;NA;"?";92;422;514
2021-01-20;"Neznáme";"SK000";231;771;1002
2021-01-20;"Okres Bánovce nad Bebravou";"SK0221";9;24;33
2021-01-20;"Okres Banská Bystrica";"SK0321";49;203;252
2021-01-20;"Okres Banská Štiavnica";"SK0322";1;14;15
2021-01-20;"Okres Bardejov";"SK0411";24;95;119
2021-01-20;"Okres Bratislava I";"SK0101";29;237;266
2021-01-20;"Okres Bratislava II";"SK0102";67;480;547
2021-01-20;"Okres Bratislava III";"SK0103";39;304;343
2021-01-20;"Okres Bratislava IV";"SK0104";66;415;481
2021-01-20;"Okres Bratislava V";"SK0105";59;402;461
2021-01-20;"Okres Brezno";"SK0323";24;60;84
2021-01-20;"Okres Bytča";"SK0311";12;31;43
2021-01-20;"Okres Čadca";"SK0312";15;67;82
2021-01-20;"Okres Detva";"SK0324";4;47;51
2021-01-20;"Okres Dolný Kubín";"SK0313";24;65;89
2021-01-20;"Okres Dunajská Streda";"SK0211";173;379;552
2021-01-20;"Okres Galanta";"SK0212";70;150;220
2021-01-20;"Okres Gelnica";"SK0421";11;36;47
2021-01-20;"Okres Hlohovec";"SK0213";56;63;119
2021-01-20;"Okres Humenné";"SK0412";27;75;102
2021-01-20;"Okres Ilava";"SK0222";12;62;74
2021-01-20;"Okres Kežmarok";"SK0413";22;50;72
2021-01-20;"Okres Komárno";"SK0231";21;94;115
2021-01-20;"Okres Košice - okolie";"SK0426";66;220;286
2021-01-20;"Okres Košice I";"SK0422";17;55;72
2021-01-20;"Okres Košice II";"SK0423";14;73;87
2021-01-20;"Okres Košice III";"SK0424";10;16;26
2021-01-20;"Okres Košice IV";"SK0425";13;31;44
2021-01-20;"Okres Krupina";"SK0325";2;24;26
2021-01-20;"Okres Kysucké Nové Mesto";"SK0314";6;34;40
2021-01-20;"Okres Levice";"SK0232";50;95;145
2021-01-20;"Okres Levoča";"SK0414";14;40;54
2021-01-20;"Okres Liptovský Mikuláš";"SK0315";22;77;99
2021-01-20;"Okres Lučenec";"SK0326";49;160;209
2021-01-20;"Okres Malacky";"SK0106";35;202;237
2021-01-20;"Okres Martin";"SK0316";30;135;165
2021-01-20;"Okres Medzilaborce";"SK0415";2;13;15
2021-01-20;"Okres Michalovce";"SK0427";42;198;240
2021-01-20;"Okres Myjava";"SK0223";7;19;26
2021-01-20;"Okres Námestovo";"SK0317";10;72;82
2021-01-20;"Okres Nitra";"SK0233";42;115;157
2021-01-20;"Okres Nové Mesto nad Váhom";"SK0224";20;99;119
2021-01-20;"Okres Nové Zámky";"SK0234";95;227;322
2021-01-20;"Okres Partizánske";"SK0225";4;19;23
2021-01-20;"Okres Pezinok";"SK0107";32;116;148
2021-01-20;"Okres Piešťany";"SK0214";31;122;153
2021-01-20;"Okres Poltár";"SK0327";6;25;31
2021-01-20;"Okres Poprad";"SK0416";31;87;118
2021-01-20;"Okres Považská Bystrica";"SK0226";26;73;99
2021-01-20;"Okres Prešov";"SK0417";57;297;354
2021-01-20;"Okres Prievidza";"SK0227";48;84;132
2021-01-20;"Okres Púchov";"SK0228";11;31;42
2021-01-20;"Okres Revúca";"SK0328";33;137;170
2021-01-20;"Okres Rimavská Sobota";"SK0329";31;65;96
2021-01-20;"Okres Rožňava";"SK0428";16;92;108
2021-01-20;"Okres Ružomberok";"SK0318";13;98;111
2021-01-20;"Okres Sabinov";"SK0418";18;57;75
2021-01-20;"Okres Senec";"SK0108";35;271;306
2021-01-20;"Okres Senica";"SK0215";11;51;62
2021-01-20;"Okres Skalica";"SK0216";4;35;39
2021-01-20;"Okres Snina";"SK0419";3;38;41
2021-01-20;"Okres Sobrance";"SK0429";12;30;42
2021-01-20;"Okres Spišská Nová Ves";"SK042A";45;148;193
2021-01-20;"Okres Stará Ľubovňa";"SK041A";27;81;108
2021-01-20;"Okres Stropkov";"SK041B";9;28;37
2021-01-20;"Okres Svidník";"SK041C";10;35;45
2021-01-20;"Okres Šaľa";"SK0235";47;76;123
2021-01-20;"Okres Topoľčany";"SK0236";25;56;81
2021-01-20;"Okres Trebišov";"SK042B";53;171;224
2021-01-20;"Okres Trenčín";"SK0229";46;167;213
2021-01-20;"Okres Trnava";"SK0217";126;307;433
2021-01-20;"Okres Turčianske Teplice";"SK0319";9;13;22
2021-01-20;"Okres Tvrdošín";"SK031A";5;26;31
2021-01-20;"Okres Veľký Krtíš";"SK032A";13;36;49
2021-01-20;"Okres Vranov nad Topľou";"SK041D";31;111;142
2021-01-20;"Okres Zlaté Moravce";"SK0237";8;20;28
2021-01-20;"Okres Zvolen";"SK032B";18;186;204
2021-01-20;"Okres Žarnovica";"SK032C";21;22;43
2021-01-20;"Okres Žiar nad Hronom";"SK032D";11;67;78
2021-01-20;"Okres Žilina";"SK031B";69;252;321
2021-01-20;NA;"?";88;435;523
2021-01-19;"Neznáme";"SK000";192;796;988
2021-01-19;"Okres Bánovce nad Bebravou";"SK0221";33;79;112
2021-01-19;"Okres Banská Bystrica";"SK0321";58;255;313
2021-01-19;"Okres Banská Štiavnica";"SK0322";1;18;19
2021-01-19;"Okres Bardejov";"SK0411";84;149;233
2021-01-19;"Okres Bratislava I";"SK0101";28;193;221
2021-01-19;"Okres Bratislava II";"SK0102";71;365;436
2021-01-19;"Okres Bratislava III";"SK0103";37;209;246
2021-01-19;"Okres Bratislava IV";"SK0104";67;310;377
2021-01-19;"Okres Bratislava V";"SK0105";65;297;362
2021-01-19;"Okres Brezno";"SK0323";12;41;53
2021-01-19;"Okres Bytča";"SK0311";15;52;67
2021-01-19;"Okres Čadca";"SK0312";22;104;126
2021-01-19;"Okres Detva";"SK0324";20;33;53
2021-01-19;"Okres Dolný Kubín";"SK0313";0;12;12
2021-01-19;"Okres Dunajská Streda";"SK0211";71;194;265
2021-01-19;"Okres Galanta";"SK0212";62;150;212
2021-01-19;"Okres Gelnica";"SK0421";7;34;41
2021-01-19;"Okres Hlohovec";"SK0213";58;105;163
2021-01-19;"Okres Humenné";"SK0412";6;24;30
2021-01-19;"Okres Ilava";"SK0222";33;90;123
2021-01-19;"Okres Kežmarok";"SK0413";24;89;113
2021-01-19;"Okres Komárno";"SK0231";31;106;137
2021-01-19;"Okres Košice - okolie";"SK0426";50;161;211
2021-01-19;"Okres Košice I";"SK0422";3;19;22
2021-01-19;"Okres Košice II";"SK0423";4;24;28
2021-01-19;"Okres Košice III";"SK0424";3;3;6
2021-01-19;"Okres Košice IV";"SK0425";0;8;8
2021-01-19;"Okres Krupina";"SK0325";2;18;20
2021-01-19;"Okres Kysucké Nové Mesto";"SK0314";7;31;38
2021-01-19;"Okres Levice";"SK0232";28;103;131
2021-01-19;"Okres Levoča";"SK0414";17;43;60
2021-01-19;"Okres Liptovský Mikuláš";"SK0315";51;58;109
2021-01-19;"Okres Lučenec";"SK0326";47;143;190
2021-01-19;"Okres Malacky";"SK0106";29;158;187
2021-01-19;"Okres Martin";"SK0316";42;103;145
2021-01-19;"Okres Medzilaborce";"SK0415";4;5;9
2021-01-19;"Okres Michalovce";"SK0427";33;140;173
2021-01-19;"Okres Myjava";"SK0223";2;36;38
2021-01-19;"Okres Námestovo";"SK0317";1;10;11
2021-01-19;"Okres Nitra";"SK0233";46;136;182
2021-01-19;"Okres Nové Mesto nad Váhom";"SK0224";38;147;185
2021-01-19;"Okres Nové Zámky";"SK0234";70;120;190
2021-01-19;"Okres Partizánske";"SK0225";36;82;118
2021-01-19;"Okres Pezinok";"SK0107";34;128;162
2021-01-19;"Okres Piešťany";"SK0214";51;139;190
2021-01-19;"Okres Poltár";"SK0327";14;34;48
2021-01-19;"Okres Poprad";"SK0416";53;136;189
2021-01-19;"Okres Považská Bystrica";"SK0226";48;115;163
2021-01-19;"Okres Prešov";"SK0417";72;271;343
2021-01-19;"Okres Prievidza";"SK0227";99;205;304
2021-01-19;"Okres Púchov";"SK0228";15;59;74
2021-01-19;"Okres Revúca";"SK0328";15;174;189
2021-01-19;"Okres Rimavská Sobota";"SK0329";21;97;118
2021-01-19;"Okres Rožňava";"SK0428";20;98;118
2021-01-19;"Okres Ružomberok";"SK0318";31;136;167
2021-01-19;"Okres Sabinov";"SK0418";10;53;63
2021-01-19;"Okres Senec";"SK0108";41;255;296
2021-01-19;"Okres Senica";"SK0215";16;45;61
2021-01-19;"Okres Skalica";"SK0216";1;9;10
2021-01-19;"Okres Snina";"SK0419";3;10;13
2021-01-19;"Okres Sobrance";"SK0429";9;23;32
2021-01-19;"Okres Spišská Nová Ves";"SK042A";54;120;174
2021-01-19;"Okres Stará Ľubovňa";"SK041A";8;80;88
2021-01-19;"Okres Stropkov";"SK041B";8;10;18
2021-01-19;"Okres Svidník";"SK041C";4;17;21
2021-01-19;"Okres Šaľa";"SK0235";29;75;104
2021-01-19;"Okres Topoľčany";"SK0236";59;129;188
2021-01-19;"Okres Trebišov";"SK042B";27;147;174
2021-01-19;"Okres Trenčín";"SK0229";61;172;233
2021-01-19;"Okres Trnava";"SK0217";159;450;609
2021-01-19;"Okres Turčianske Teplice";"SK0319";5;13;18
2021-01-19;"Okres Tvrdošín";"SK031A";1;7;8
2021-01-19;"Okres Veľký Krtíš";"SK032A";3;32;35
2021-01-19;"Okres Vranov nad Topľou";"SK041D";3;25;28
2021-01-19;"Okres Zlaté Moravce";"SK0237";22;87;109
2021-01-19;"Okres Zvolen";"SK032B";22;145;167
2021-01-19;"Okres Žarnovica";"SK032C";17;69;86
2021-01-19;"Okres Žiar nad Hronom";"SK032D";17;60;77
2021-01-19;"Okres Žilina";"SK031B";62;245;307
2021-01-19;NA;"?";54;323;377
2021-01-18;"Neznáme";"SK000";250;838;1088
2021-01-18;"Okres Bánovce nad Bebravou";"SK0221";4;36;40
2021-01-18;"Okres Banská Bystrica";"SK0321";20;130;150
2021-01-18;"Okres Banská Štiavnica";"SK0322";3;16;19
2021-01-18;"Okres Bardejov";"SK0411";13;82;95
2021-01-18;"Okres Bratislava I";"SK0101";26;140;166
2021-01-18;"Okres Bratislava II";"SK0102";83;352;435
2021-01-18;"Okres Bratislava III";"SK0103";41;200;241
2021-01-18;"Okres Bratislava IV";"SK0104";53;205;258
2021-01-18;"Okres Bratislava V";"SK0105";65;279;344
2021-01-18;"Okres Brezno";"SK0323";10;30;40
2021-01-18;"Okres Bytča";"SK0311";9;24;33
2021-01-18;"Okres Čadca";"SK0312";4;14;18
2021-01-18;"Okres Detva";"SK0324";7;61;68
2021-01-18;"Okres Dolný Kubín";"SK0313";9;60;69
2021-01-18;"Okres Dunajská Streda";"SK0211";67;63;130
2021-01-18;"Okres Galanta";"SK0212";29;74;103
2021-01-18;"Okres Gelnica";"SK0421";8;29;37
2021-01-18;"Okres Hlohovec";"SK0213";24;59;83
2021-01-18;"Okres Humenné";"SK0412";14;51;65
2021-01-18;"Okres Ilava";"SK0222";6;18;24
2021-01-18;"Okres Kežmarok";"SK0413";6;22;28
2021-01-18;"Okres Komárno";"SK0231";48;89;137
2021-01-18;"Okres Košice - okolie";"SK0426";81;209;290
2021-01-18;"Okres Košice I";"SK0422";18;47;65
2021-01-18;"Okres Košice II";"SK0423";22;64;86
2021-01-18;"Okres Košice III";"SK0424";7;20;27
2021-01-18;"Okres Košice IV";"SK0425";20;37;57
2021-01-18;"Okres Krupina";"SK0325";8;25;33
2021-01-18;"Okres Kysucké Nové Mesto";"SK0314";6;33;39
2021-01-18;"Okres Levice";"SK0232";67;74;141
2021-01-18;"Okres Levoča";"SK0414";8;33;41
2021-01-18;"Okres Liptovský Mikuláš";"SK0315";40;106;146
2021-01-18;"Okres Lučenec";"SK0326";5;50;55
2021-01-18;"Okres Malacky";"SK0106";28;212;240
2021-01-18;"Okres Martin";"SK0316";68;211;279
2021-01-18;"Okres Medzilaborce";"SK0415";2;6;8
2021-01-18;"Okres Michalovce";"SK0427";3;63;66
2021-01-18;"Okres Myjava";"SK0223";9;26;35
2021-01-18;"Okres Námestovo";"SK0317";16;61;77
2021-01-18;"Okres Nitra";"SK0233";39;130;169
2021-01-18;"Okres Nové Mesto nad Váhom";"SK0224";11;34;45
2021-01-18;"Okres Nové Zámky";"SK0234";97;161;258
2021-01-18;"Okres Partizánske";"SK0225";7;15;22
2021-01-18;"Okres Pezinok";"SK0107";25;86;111
2021-01-18;"Okres Piešťany";"SK0214";19;108;127
2021-01-18;"Okres Poltár";"SK0327";1;7;8
2021-01-18;"Okres Poprad";"SK0416";9;56;65
2021-01-18;"Okres Považská Bystrica";"SK0226";18;41;59
2021-01-18;"Okres Prešov";"SK0417";87;387;474
2021-01-18;"Okres Prievidza";"SK0227";3;53;56
2021-01-18;"Okres Púchov";"SK0228";7;17;24
2021-01-18;"Okres Revúca";"SK0328";4;17;21
2021-01-18;"Okres Rimavská Sobota";"SK0329";2;27;29
2021-01-18;"Okres Rožňava";"SK0428";1;52;53
2021-01-18;"Okres Ružomberok";"SK0318";11;66;77
2021-01-18;"Okres Sabinov";"SK0418";23;110;133
2021-01-18;"Okres Senec";"SK0108";39;206;245
2021-01-18;"Okres Senica";"SK0215";16;56;72
2021-01-18;"Okres Skalica";"SK0216";9;82;91
2021-01-18;"Okres Snina";"SK0419";6;39;45
2021-01-18;"Okres Sobrance";"SK0429";3;13;16
2021-01-18;"Okres Spišská Nová Ves";"SK042A";50;107;157
2021-01-18;"Okres Stará Ľubovňa";"SK041A";11;50;61
2021-01-18;"Okres Stropkov";"SK041B";1;19;20
2021-01-18;"Okres Svidník";"SK041C";4;52;56
2021-01-18;"Okres Šaľa";"SK0235";7;33;40
2021-01-18;"Okres Topoľčany";"SK0236";29;63;92
2021-01-18;"Okres Trebišov";"SK042B";50;156;206
2021-01-18;"Okres Trenčín";"SK0229";17;115;132
2021-01-18;"Okres Trnava";"SK0217";43;184;227
2021-01-18;"Okres Turčianske Teplice";"SK0319";7;14;21
2021-01-18;"Okres Tvrdošín";"SK031A";6;31;37
2021-01-18;"Okres Veľký Krtíš";"SK032A";4;15;19
2021-01-18;"Okres Vranov nad Topľou";"SK041D";38;129;167
2021-01-18;"Okres Zlaté Moravce";"SK0237";9;29;38
2021-01-18;"Okres Zvolen";"SK032B";23;186;209
2021-01-18;"Okres Žarnovica";"SK032C";4;26;30
2021-01-18;"Okres Žiar nad Hronom";"SK032D";19;34;53
2021-01-18;"Okres Žilina";"SK031B";64;184;248
2021-01-18;NA;"?";100;348;448
2021-01-17;"Neznáme";"SK000";135;513;648
2021-01-17;"Okres Bánovce nad Bebravou";"SK0221";10;53;63
2021-01-17;"Okres Banská Bystrica";"SK0321";67;142;209
2021-01-17;"Okres Banská Štiavnica";"SK0322";0;8;8
2021-01-17;"Okres Bardejov";"SK0411";5;30;35
2021-01-17;"Okres Bratislava I";"SK0101";17;127;144
2021-01-17;"Okres Bratislava II";"SK0102";46;224;270
2021-01-17;"Okres Bratislava III";"SK0103";33;124;157
2021-01-17;"Okres Bratislava IV";"SK0104";34;167;201
2021-01-17;"Okres Bratislava V";"SK0105";41;165;206
2021-01-17;"Okres Brezno";"SK0323";7;26;33
2021-01-17;"Okres Bytča";"SK0311";7;11;18
2021-01-17;"Okres Čadca";"SK0312";5;25;30
2021-01-17;"Okres Detva";"SK0324";4;19;23
2021-01-17;"Okres Dolný Kubín";"SK0313";1;5;6
2021-01-17;"Okres Dunajská Streda";"SK0211";26;63;89
2021-01-17;"Okres Galanta";"SK0212";8;54;62
2021-01-17;"Okres Gelnica";"SK0421";2;13;15
2021-01-17;"Okres Hlohovec";"SK0213";28;47;75
2021-01-17;"Okres Humenné";"SK0412";6;38;44
2021-01-17;"Okres Ilava";"SK0222";30;100;130
2021-01-17;"Okres Kežmarok";"SK0413";1;26;27
2021-01-17;"Okres Komárno";"SK0231";6;34;40
2021-01-17;"Okres Košice - okolie";"SK0426";40;127;167
2021-01-17;"Okres Košice I";"SK0422";5;8;13
2021-01-17;"Okres Košice II";"SK0423";10;26;36
2021-01-17;"Okres Košice III";"SK0424";2;3;5
2021-01-17;"Okres Košice IV";"SK0425";3;7;10
2021-01-17;"Okres Krupina";"SK0325";0;10;10
2021-01-17;"Okres Kysucké Nové Mesto";"SK0314";3;17;20
2021-01-17;"Okres Levice";"SK0232";16;59;75
2021-01-17;"Okres Levoča";"SK0414";2;22;24
2021-01-17;"Okres Liptovský Mikuláš";"SK0315";2;17;19
2021-01-17;"Okres Lučenec";"SK0326";7;58;65
2021-01-17;"Okres Malacky";"SK0106";15;76;91
2021-01-17;"Okres Martin";"SK0316";7;36;43
2021-01-17;"Okres Medzilaborce";"SK0415";2;12;14
2021-01-17;"Okres Michalovce";"SK0427";18;98;116
2021-01-17;"Okres Myjava";"SK0223";0;6;6
2021-01-17;"Okres Námestovo";"SK0317";5;17;22
2021-01-17;"Okres Nitra";"SK0233";13;55;68
2021-01-17;"Okres Nové Mesto nad Váhom";"SK0224";1;25;26
2021-01-17;"Okres Nové Zámky";"SK0234";3;26;29
2021-01-17;"Okres Partizánske";"SK0225";7;19;26
2021-01-17;"Okres Pezinok";"SK0107";21;97;118
2021-01-17;"Okres Piešťany";"SK0214";3;34;37
2021-01-17;"Okres Poltár";"SK0327";1;12;13
2021-01-17;"Okres Poprad";"SK0416";14;80;94
2021-01-17;"Okres Považská Bystrica";"SK0226";9;48;57
2021-01-17;"Okres Prešov";"SK0417";32;198;230
2021-01-17;"Okres Prievidza";"SK0227";14;83;97
2021-01-17;"Okres Púchov";"SK0228";10;61;71
2021-01-17;"Okres Revúca";"SK0328";16;40;56
2021-01-17;"Okres Rimavská Sobota";"SK0329";1;33;34
2021-01-17;"Okres Rožňava";"SK0428";1;12;13
2021-01-17;"Okres Ružomberok";"SK0318";14;63;77
2021-01-17;"Okres Sabinov";"SK0418";10;82;92
2021-01-17;"Okres Senec";"SK0108";30;168;198
2021-01-17;"Okres Senica";"SK0215";1;13;14
2021-01-17;"Okres Skalica";"SK0216";0;4;4
2021-01-17;"Okres Snina";"SK0419";4;21;25
2021-01-17;"Okres Sobrance";"SK0429";5;41;46
2021-01-17;"Okres Spišská Nová Ves";"SK042A";9;81;90
2021-01-17;"Okres Stará Ľubovňa";"SK041A";26;154;180
2021-01-17;"Okres Stropkov";"SK041B";4;32;36
2021-01-17;"Okres Svidník";"SK041C";4;26;30
2021-01-17;"Okres Šaľa";"SK0235";1;20;21
2021-01-17;"Okres Topoľčany";"SK0236";5;12;17
2021-01-17;"Okres Trebišov";"SK042B";11;26;37
2021-01-17;"Okres Trenčín";"SK0229";46;218;264
2021-01-17;"Okres Trnava";"SK0217";67;208;275
2021-01-17;"Okres Turčianske Teplice";"SK0319";0;7;7
2021-01-17;"Okres Tvrdošín";"SK031A";4;8;12
2021-01-17;"Okres Veľký Krtíš";"SK032A";1;15;16
2021-01-17;"Okres Vranov nad Topľou";"SK041D";4;19;23
2021-01-17;"Okres Zlaté Moravce";"SK0237";3;17;20
2021-01-17;"Okres Zvolen";"SK032B";11;55;66
2021-01-17;"Okres Žarnovica";"SK032C";2;20;22
2021-01-17;"Okres Žiar nad Hronom";"SK032D";6;35;41
2021-01-17;"Okres Žilina";"SK031B";41;95;136
2021-01-17;NA;"?";52;213;265
2021-01-16;"Neznáme";"SK000";24;95;119
2021-01-16;"Okres Bánovce nad Bebravou";"SK0221";0;2;2
2021-01-16;"Okres Banská Bystrica";"SK0321";22;71;93
2021-01-16;"Okres Banská Štiavnica";"SK0322";0;2;2
2021-01-16;"Okres Bardejov";"SK0411";16;111;127
2021-01-16;"Okres Bratislava I";"SK0101";0;7;7
2021-01-16;"Okres Bratislava II";"SK0102";7;36;43
2021-01-16;"Okres Bratislava III";"SK0103";14;17;31
2021-01-16;"Okres Bratislava IV";"SK0104";3;9;12
2021-01-16;"Okres Bratislava V";"SK0105";7;22;29
2021-01-16;"Okres Brezno";"SK0323";0;6;6
2021-01-16;"Okres Bytča";"SK0311";0;2;2
2021-01-16;"Okres Čadca";"SK0312";13;51;64
2021-01-16;"Okres Detva";"SK0324";3;6;9
2021-01-16;"Okres Dolný Kubín";"SK0313";0;1;1
2021-01-16;"Okres Dunajská Streda";"SK0211";62;160;222
2021-01-16;"Okres Galanta";"SK0212";40;127;167
2021-01-16;"Okres Gelnica";"SK0421";0;4;4
2021-01-16;"Okres Hlohovec";"SK0213";2;1;3
2021-01-16;"Okres Humenné";"SK0412";14;53;67
2021-01-16;"Okres Ilava";"SK0222";1;8;9
2021-01-16;"Okres Kežmarok";"SK0413";0;8;8
2021-01-16;"Okres Komárno";"SK0231";0;2;2
2021-01-16;"Okres Košice - okolie";"SK0426";17;99;116
2021-01-16;"Okres Košice I";"SK0422";14;21;35
2021-01-16;"Okres Košice II";"SK0423";8;45;53
2021-01-16;"Okres Košice III";"SK0424";8;5;13
2021-01-16;"Okres Košice IV";"SK0425";7;22;29
2021-01-16;"Okres Krupina";"SK0325";0;4;4
2021-01-16;"Okres Kysucké Nové Mesto";"SK0314";1;3;4
2021-01-16;"Okres Levice";"SK0232";2;3;5
2021-01-16;"Okres Levoča";"SK0414";2;7;9
2021-01-16;"Okres Liptovský Mikuláš";"SK0315";0;1;1
2021-01-16;"Okres Lučenec";"SK0326";0;1;1
2021-01-16;"Okres Malacky";"SK0106";8;17;25
2021-01-16;"Okres Medzilaborce";"SK0415";2;8;10
2021-01-16;"Okres Michalovce";"SK0427";24;104;128
2021-01-16;"Okres Myjava";"SK0223";0;1;1
2021-01-16;"Okres Námestovo";"SK0317";0;2;2
2021-01-16;"Okres Nitra";"SK0233";1;13;14
2021-01-16;"Okres Nové Mesto nad Váhom";"SK0224";20;60;80
2021-01-16;"Okres Nové Zámky";"SK0234";45;44;89
2021-01-16;"Okres Partizánske";"SK0225";8;26;34
2021-01-16;"Okres Pezinok";"SK0107";3;24;27
2021-01-16;"Okres Piešťany";"SK0214";2;4;6
2021-01-16;"Okres Poltár";"SK0327";1;4;5
2021-01-16;"Okres Poprad";"SK0416";15;113;128
2021-01-16;"Okres Považská Bystrica";"SK0226";0;1;1
2021-01-16;"Okres Prešov";"SK0417";1;42;43
2021-01-16;"Okres Prievidza";"SK0227";8;15;23
2021-01-16;"Okres Púchov";"SK0228";0;2;2
2021-01-16;"Okres Revúca";"SK0328";2;10;12
2021-01-16;"Okres Rimavská Sobota";"SK0329";42;61;103
2021-01-16;"Okres Rožňava";"SK0428";17;38;55
2021-01-16;"Okres Ružomberok";"SK0318";0;4;4
2021-01-16;"Okres Sabinov";"SK0418";0;29;29
2021-01-16;"Okres Senec";"SK0108";16;31;47
2021-01-16;"Okres Senica";"SK0215";0;4;4
2021-01-16;"Okres Skalica";"SK0216";1;0;1
2021-01-16;"Okres Snina";"SK0419";1;15;16
2021-01-16;"Okres Sobrance";"SK0429";5;21;26
2021-01-16;"Okres Spišská Nová Ves";"SK042A";18;37;55
2021-01-16;"Okres Stará Ľubovňa";"SK041A";0;10;10
2021-01-16;"Okres Stropkov";"SK041B";1;9;10
2021-01-16;"Okres Svidník";"SK041C";3;37;40
2021-01-16;"Okres Šaľa";"SK0235";22;47;69
2021-01-16;"Okres Topoľčany";"SK0236";9;20;29
2021-01-16;"Okres Trebišov";"SK042B";11;40;51
2021-01-16;"Okres Trenčín";"SK0229";2;33;35
2021-01-16;"Okres Trnava";"SK0217";0;5;5
2021-01-16;"Okres Tvrdošín";"SK031A";1;1;2
2021-01-16;"Okres Veľký Krtíš";"SK032A";1;3;4
2021-01-16;"Okres Vranov nad Topľou";"SK041D";25;79;104
2021-01-16;"Okres Zlaté Moravce";"SK0237";2;1;3
2021-01-16;"Okres Zvolen";"SK032B";2;13;15
2021-01-16;"Okres Žarnovica";"SK032C";0;3;3
2021-01-16;"Okres Žiar nad Hronom";"SK032D";0;2;2
2021-01-16;"Okres Žilina";"SK031B";0;1;1
2021-01-16;NA;"?";32;166;198
2021-01-15;"Neznáme";"SK000";270;1030;1300
2021-01-15;"Okres Bánovce nad Bebravou";"SK0221";9;42;51
2021-01-15;"Okres Banská Bystrica";"SK0321";58;274;332
2021-01-15;"Okres Banská Štiavnica";"SK0322";6;19;25
2021-01-15;"Okres Bardejov";"SK0411";9;67;76
2021-01-15;"Okres Bratislava I";"SK0101";20;169;189
2021-01-15;"Okres Bratislava II";"SK0102";49;265;314
2021-01-15;"Okres Bratislava III";"SK0103";26;205;231
2021-01-15;"Okres Bratislava IV";"SK0104";31;241;272
2021-01-15;"Okres Bratislava V";"SK0105";36;283;319
2021-01-15;"Okres Brezno";"SK0323";9;57;66
2021-01-15;"Okres Bytča";"SK0311";9;34;43
2021-01-15;"Okres Čadca";"SK0312";22;86;108
2021-01-15;"Okres Detva";"SK0324";10;38;48
2021-01-15;"Okres Dolný Kubín";"SK0313";2;32;34
2021-01-15;"Okres Dunajská Streda";"SK0211";58;170;228
2021-01-15;"Okres Galanta";"SK0212";51;151;202
2021-01-15;"Okres Gelnica";"SK0421";12;42;54
2021-01-15;"Okres Hlohovec";"SK0213";19;57;76
2021-01-15;"Okres Humenné";"SK0412";5;30;35
2021-01-15;"Okres Ilava";"SK0222";53;128;181
2021-01-15;"Okres Kežmarok";"SK0413";8;71;79
2021-01-15;"Okres Komárno";"SK0231";30;69;99
2021-01-15;"Okres Košice - okolie";"SK0426";77;193;270
2021-01-15;"Okres Košice I";"SK0422";12;30;42
2021-01-15;"Okres Košice II";"SK0423";20;38;58
2021-01-15;"Okres Košice III";"SK0424";4;16;20
2021-01-15;"Okres Košice IV";"SK0425";8;16;24
2021-01-15;"Okres Krupina";"SK0325";4;30;34
2021-01-15;"Okres Kysucké Nové Mesto";"SK0314";3;25;28
2021-01-15;"Okres Levice";"SK0232";56;256;312
2021-01-15;"Okres Levoča";"SK0414";5;30;35
2021-01-15;"Okres Liptovský Mikuláš";"SK0315";57;120;177
2021-01-15;"Okres Lučenec";"SK0326";1;24;25
2021-01-15;"Okres Malacky";"SK0106";27;119;146
2021-01-15;"Okres Martin";"SK0316";37;120;157
2021-01-15;"Okres Medzilaborce";"SK0415";0;5;5
2021-01-15;"Okres Michalovce";"SK0427";18;93;111
2021-01-15;"Okres Myjava";"SK0223";5;53;58
2021-01-15;"Okres Námestovo";"SK0317";7;118;125
2021-01-15;"Okres Nitra";"SK0233";41;173;214
2021-01-15;"Okres Nové Mesto nad Váhom";"SK0224";18;76;94
2021-01-15;"Okres Nové Zámky";"SK0234";71;138;209
2021-01-15;"Okres Partizánske";"SK0225";25;39;64
2021-01-15;"Okres Pezinok";"SK0107";29;110;139
2021-01-15;"Okres Piešťany";"SK0214";30;81;111
2021-01-15;"Okres Poltár";"SK0327";1;6;7
2021-01-15;"Okres Poprad";"SK0416";35;135;170
2021-01-15;"Okres Považská Bystrica";"SK0226";32;110;142
2021-01-15;"Okres Prešov";"SK0417";60;353;413
2021-01-15;"Okres Prievidza";"SK0227";49;129;178
2021-01-15;"Okres Púchov";"SK0228";26;70;96
2021-01-15;"Okres Revúca";"SK0328";8;38;46
2021-01-15;"Okres Rimavská Sobota";"SK0329";35;90;125
2021-01-15;"Okres Rožňava";"SK0428";11;31;42
2021-01-15;"Okres Ružomberok";"SK0318";29;103;132
2021-01-15;"Okres Sabinov";"SK0418";20;111;131
2021-01-15;"Okres Senec";"SK0108";24;177;201
2021-01-15;"Okres Senica";"SK0215";27;62;89
2021-01-15;"Okres Skalica";"SK0216";5;37;42
2021-01-15;"Okres Snina";"SK0419";2;29;31
2021-01-15;"Okres Sobrance";"SK0429";5;28;33
2021-01-15;"Okres Spišská Nová Ves";"SK042A";41;182;223
2021-01-15;"Okres Stará Ľubovňa";"SK041A";14;105;119
2021-01-15;"Okres Stropkov";"SK041B";0;6;6
2021-01-15;"Okres Svidník";"SK041C";0;20;20
2021-01-15;"Okres Šaľa";"SK0235";26;60;86
2021-01-15;"Okres Topoľčany";"SK0236";40;81;121
2021-01-15;"Okres Trebišov";"SK042B";44;133;177
2021-01-15;"Okres Trenčín";"SK0229";52;211;263
2021-01-15;"Okres Trnava";"SK0217";68;272;340
2021-01-15;"Okres Turčianske Teplice";"SK0319";13;24;37
2021-01-15;"Okres Tvrdošín";"SK031A";7;69;76
2021-01-15;"Okres Veľký Krtíš";"SK032A";1;20;21
2021-01-15;"Okres Vranov nad Topľou";"SK041D";15;76;91
2021-01-15;"Okres Zlaté Moravce";"SK0237";17;44;61
2021-01-15;"Okres Zvolen";"SK032B";13;144;157
2021-01-15;"Okres Žarnovica";"SK032C";10;36;46
2021-01-15;"Okres Žiar nad Hronom";"SK032D";30;100;130
2021-01-15;"Okres Žilina";"SK031B";46;239;285
2021-01-15;NA;"?";71;364;435
2021-01-14;"Neznáme";"SK000";320;874;1194
2021-01-14;"Okres Bánovce nad Bebravou";"SK0221";8;26;34
2021-01-14;"Okres Banská Bystrica";"SK0321";61;256;317
2021-01-14;"Okres Banská Štiavnica";"SK0322";2;12;14
2021-01-14;"Okres Bardejov";"SK0411";22;132;154
2021-01-14;"Okres Bratislava I";"SK0101";35;175;210
2021-01-14;"Okres Bratislava II";"SK0102";62;259;321
2021-01-14;"Okres Bratislava III";"SK0103";55;256;311
2021-01-14;"Okres Bratislava IV";"SK0104";45;233;278
2021-01-14;"Okres Bratislava V";"SK0105";55;222;277
2021-01-14;"Okres Brezno";"SK0323";12;22;34
2021-01-14;"Okres Bytča";"SK0311";6;19;25
2021-01-14;"Okres Čadca";"SK0312";28;72;100
2021-01-14;"Okres Detva";"SK0324";12;54;66
2021-01-14;"Okres Dolný Kubín";"SK0313";3;29;32
2021-01-14;"Okres Dunajská Streda";"SK0211";87;214;301
2021-01-14;"Okres Galanta";"SK0212";59;166;225
2021-01-14;"Okres Gelnica";"SK0421";10;21;31
2021-01-14;"Okres Hlohovec";"SK0213";44;56;100
2021-01-14;"Okres Humenné";"SK0412";38;87;125
2021-01-14;"Okres Ilava";"SK0222";40;66;106
2021-01-14;"Okres Kežmarok";"SK0413";8;50;58
2021-01-14;"Okres Komárno";"SK0231";38;109;147
2021-01-14;"Okres Košice - okolie";"SK0426";72;246;318
2021-01-14;"Okres Košice I";"SK0422";13;47;60
2021-01-14;"Okres Košice II";"SK0423";16;75;91
2021-01-14;"Okres Košice III";"SK0424";22;29;51
2021-01-14;"Okres Košice IV";"SK0425";12;40;52
2021-01-14;"Okres Krupina";"SK0325";6;26;32
2021-01-14;"Okres Kysucké Nové Mesto";"SK0314";6;22;28
2021-01-14;"Okres Levice";"SK0232";47;122;169
2021-01-14;"Okres Levoča";"SK0414";7;51;58
2021-01-14;"Okres Liptovský Mikuláš";"SK0315";3;33;36
2021-01-14;"Okres Lučenec";"SK0326";62;171;233
2021-01-14;"Okres Malacky";"SK0106";25;84;109
2021-01-14;"Okres Martin";"SK0316";26;85;111
2021-01-14;"Okres Medzilaborce";"SK0415";5;11;16
2021-01-14;"Okres Michalovce";"SK0427";32;112;144
2021-01-14;"Okres Myjava";"SK0223";7;33;40
2021-01-14;"Okres Námestovo";"SK0317";2;19;21
2021-01-14;"Okres Nitra";"SK0233";62;141;203
2021-01-14;"Okres Nové Mesto nad Váhom";"SK0224";56;143;199
2021-01-14;"Okres Nové Zámky";"SK0234";101;143;244
2021-01-14;"Okres Partizánske";"SK0225";15;36;51
2021-01-14;"Okres Pezinok";"SK0107";23;113;136
2021-01-14;"Okres Piešťany";"SK0214";83;109;192
2021-01-14;"Okres Poltár";"SK0327";8;19;27
2021-01-14;"Okres Poprad";"SK0416";25;89;114
2021-01-14;"Okres Považská Bystrica";"SK0226";33;61;94
2021-01-14;"Okres Prešov";"SK0417";82;400;482
2021-01-14;"Okres Prievidza";"SK0227";51;192;243
2021-01-14;"Okres Púchov";"SK0228";12;43;55
2021-01-14;"Okres Revúca";"SK0328";12;48;60
2021-01-14;"Okres Rimavská Sobota";"SK0329";25;82;107
2021-01-14;"Okres Rožňava";"SK0428";8;58;66
2021-01-14;"Okres Ružomberok";"SK0318";12;62;74
2021-01-14;"Okres Sabinov";"SK0418";9;95;104
2021-01-14;"Okres Senec";"SK0108";37;161;198
2021-01-14;"Okres Senica";"SK0215";14;25;39
2021-01-14;"Okres Skalica";"SK0216";3;24;27
2021-01-14;"Okres Snina";"SK0419";4;48;52
2021-01-14;"Okres Sobrance";"SK0429";2;30;32
2021-01-14;"Okres Spišská Nová Ves";"SK042A";8;50;58
2021-01-14;"Okres Stará Ľubovňa";"SK041A";35;162;197
2021-01-14;"Okres Stropkov";"SK041B";4;20;24
2021-01-14;"Okres Svidník";"SK041C";10;71;81
2021-01-14;"Okres Šaľa";"SK0235";28;57;85
2021-01-14;"Okres Topoľčany";"SK0236";32;58;90
2021-01-14;"Okres Trebišov";"SK042B";75;172;247
2021-01-14;"Okres Trenčín";"SK0229";46;123;169
2021-01-14;"Okres Trnava";"SK0217";113;315;428
2021-01-14;"Okres Turčianske Teplice";"SK0319";2;8;10
2021-01-14;"Okres Tvrdošín";"SK031A";1;12;13
2021-01-14;"Okres Veľký Krtíš";"SK032A";7;28;35
2021-01-14;"Okres Vranov nad Topľou";"SK041D";27;143;170
2021-01-14;"Okres Zlaté Moravce";"SK0237";222;141;363
2021-01-14;"Okres Zvolen";"SK032B";21;139;160
2021-01-14;"Okres Žarnovica";"SK032C";9;47;56
2021-01-14;"Okres Žiar nad Hronom";"SK032D";12;62;74
2021-01-14;"Okres Žilina";"SK031B";56;155;211
2021-01-14;NA;"?";100;476;576
2021-01-13;"Neznáme";"SK000";388;979;1367
2021-01-13;"Okres Bánovce nad Bebravou";"SK0221";10;26;36
2021-01-13;"Okres Banská Bystrica";"SK0321";71;277;348
2021-01-13;"Okres Banská Štiavnica";"SK0322";0;13;13
2021-01-13;"Okres Bardejov";"SK0411";35;109;144
2021-01-13;"Okres Bratislava I";"SK0101";24;152;176
2021-01-13;"Okres Bratislava II";"SK0102";56;276;332
2021-01-13;"Okres Bratislava III";"SK0103";33;217;250
2021-01-13;"Okres Bratislava IV";"SK0104";59;271;330
2021-01-13;"Okres Bratislava V";"SK0105";56;234;290
2021-01-13;"Okres Brezno";"SK0323";9;79;88
2021-01-13;"Okres Bytča";"SK0311";11;19;30
2021-01-13;"Okres Čadca";"SK0312";20;73;93
2021-01-13;"Okres Detva";"SK0324";7;42;49
2021-01-13;"Okres Dolný Kubín";"SK0313";25;70;95
2021-01-13;"Okres Dunajská Streda";"SK0211";135;271;406
2021-01-13;"Okres Galanta";"SK0212";121;235;356
2021-01-13;"Okres Gelnica";"SK0421";8;49;57
2021-01-13;"Okres Hlohovec";"SK0213";30;111;141
2021-01-13;"Okres Humenné";"SK0412";7;35;42
2021-01-13;"Okres Ilava";"SK0222";33;77;110
2021-01-13;"Okres Kežmarok";"SK0413";43;185;228
2021-01-13;"Okres Komárno";"SK0231";75;174;249
2021-01-13;"Okres Košice - okolie";"SK0426";98;332;430
2021-01-13;"Okres Košice I";"SK0422";15;32;47
2021-01-13;"Okres Košice II";"SK0423";16;46;62
2021-01-13;"Okres Košice III";"SK0424";9;13;22
2021-01-13;"Okres Košice IV";"SK0425";9;20;29
2021-01-13;"Okres Krupina";"SK0325";6;48;54
2021-01-13;"Okres Kysucké Nové Mesto";"SK0314";9;18;27
2021-01-13;"Okres Levice";"SK0232";40;118;158
2021-01-13;"Okres Levoča";"SK0414";12;52;64
2021-01-13;"Okres Liptovský Mikuláš";"SK0315";20;61;81
2021-01-13;"Okres Lučenec";"SK0326";5;33;38
2021-01-13;"Okres Malacky";"SK0106";38;135;173
2021-01-13;"Okres Martin";"SK0316";56;184;240
2021-01-13;"Okres Medzilaborce";"SK0415";2;12;14
2021-01-13;"Okres Michalovce";"SK0427";24;99;123
2021-01-13;"Okres Myjava";"SK0223";11;20;31
2021-01-13;"Okres Námestovo";"SK0317";3;60;63
2021-01-13;"Okres Nitra";"SK0233";114;150;264
2021-01-13;"Okres Nové Mesto nad Váhom";"SK0224";4;44;48
2021-01-13;"Okres Nové Zámky";"SK0234";90;178;268
2021-01-13;"Okres Partizánske";"SK0225";11;21;32
2021-01-13;"Okres Pezinok";"SK0107";16;108;124
2021-01-13;"Okres Piešťany";"SK0214";17;92;109
2021-01-13;"Okres Poltár";"SK0327";7;16;23
2021-01-13;"Okres Poprad";"SK0416";55;137;192
2021-01-13;"Okres Považská Bystrica";"SK0226";57;65;122
2021-01-13;"Okres Prešov";"SK0417";86;335;421
2021-01-13;"Okres Prievidza";"SK0227";37;89;126
2021-01-13;"Okres Púchov";"SK0228";7;26;33
2021-01-13;"Okres Revúca";"SK0328";15;59;74
2021-01-13;"Okres Rimavská Sobota";"SK0329";39;94;133
2021-01-13;"Okres Rožňava";"SK0428";13;64;77
2021-01-13;"Okres Ružomberok";"SK0318";13;79;92
2021-01-13;"Okres Sabinov";"SK0418";22;85;107
2021-01-13;"Okres Senec";"SK0108";43;158;201
2021-01-13;"Okres Senica";"SK0215";12;46;58
2021-01-13;"Okres Skalica";"SK0216";4;22;26
2021-01-13;"Okres Snina";"SK0419";10;33;43
2021-01-13;"Okres Sobrance";"SK0429";5;15;20
2021-01-13;"Okres Spišská Nová Ves";"SK042A";58;148;206
2021-01-13;"Okres Stará Ľubovňa";"SK041A";7;38;45
2021-01-13;"Okres Stropkov";"SK041B";3;32;35
2021-01-13;"Okres Svidník";"SK041C";8;67;75
2021-01-13;"Okres Šaľa";"SK0235";69;100;169
2021-01-13;"Okres Topoľčany";"SK0236";89;113;202
2021-01-13;"Okres Trebišov";"SK042B";52;113;165
2021-01-13;"Okres Trenčín";"SK0229";46;148;194
2021-01-13;"Okres Trnava";"SK0217";90;300;390
2021-01-13;"Okres Turčianske Teplice";"SK0319";2;10;12
2021-01-13;"Okres Tvrdošín";"SK031A";2;33;35
2021-01-13;"Okres Veľký Krtíš";"SK032A";16;64;80
2021-01-13;"Okres Vranov nad Topľou";"SK041D";66;116;182
2021-01-13;"Okres Zlaté Moravce";"SK0237";38;34;72
2021-01-13;"Okres Zvolen";"SK032B";26;116;142
2021-01-13;"Okres Žarnovica";"SK032C";18;39;57
2021-01-13;"Okres Žiar nad Hronom";"SK032D";26;60;86
2021-01-13;"Okres Žilina";"SK031B";79;174;253
2021-01-13;NA;"?";113;350;463
2021-01-12;"Neznáme";"SK000";385;1225;1610
2021-01-12;"Okres Bánovce nad Bebravou";"SK0221";32;92;124
2021-01-12;"Okres Banská Bystrica";"SK0321";41;190;231
2021-01-12;"Okres Banská Štiavnica";"SK0322";2;11;13
2021-01-12;"Okres Bardejov";"SK0411";60;195;255
2021-01-12;"Okres Bratislava I";"SK0101";36;226;262
2021-01-12;"Okres Bratislava II";"SK0102";85;358;443
2021-01-12;"Okres Bratislava III";"SK0103";51;232;283
2021-01-12;"Okres Bratislava IV";"SK0104";90;456;546
2021-01-12;"Okres Bratislava V";"SK0105";68;346;414
2021-01-12;"Okres Brezno";"SK0323";8;52;60
2021-01-12;"Okres Bytča";"SK0311";13;51;64
2021-01-12;"Okres Čadca";"SK0312";57;117;174
2021-01-12;"Okres Detva";"SK0324";15;52;67
2021-01-12;"Okres Dolný Kubín";"SK0313";17;39;56
2021-01-12;"Okres Dunajská Streda";"SK0211";105;261;366
2021-01-12;"Okres Galanta";"SK0212";77;166;243
2021-01-12;"Okres Gelnica";"SK0421";10;45;55
2021-01-12;"Okres Hlohovec";"SK0213";24;68;92
2021-01-12;"Okres Humenné";"SK0412";11;43;54
2021-01-12;"Okres Ilava";"SK0222";54;131;185
2021-01-12;"Okres Kežmarok";"SK0413";38;135;173
2021-01-12;"Okres Komárno";"SK0231";47;143;190
2021-01-12;"Okres Košice - okolie";"SK0426";101;206;307
2021-01-12;"Okres Košice I";"SK0422";6;23;29
2021-01-12;"Okres Košice II";"SK0423";10;28;38
2021-01-12;"Okres Košice III";"SK0424";7;14;21
2021-01-12;"Okres Košice IV";"SK0425";5;12;17
2021-01-12;"Okres Krupina";"SK0325";7;24;31
2021-01-12;"Okres Kysucké Nové Mesto";"SK0314";19;45;64
2021-01-12;"Okres Levice";"SK0232";96;167;263
2021-01-12;"Okres Levoča";"SK0414";21;53;74
2021-01-12;"Okres Liptovský Mikuláš";"SK0315";59;85;144
2021-01-12;"Okres Lučenec";"SK0326";47;93;140
2021-01-12;"Okres Malacky";"SK0106";32;151;183
2021-01-12;"Okres Martin";"SK0316";67;137;204
2021-01-12;"Okres Medzilaborce";"SK0415";6;8;14
2021-01-12;"Okres Michalovce";"SK0427";27;148;175
2021-01-12;"Okres Myjava";"SK0223";6;44;50
2021-01-12;"Okres Námestovo";"SK0317";9;78;87
2021-01-12;"Okres Nitra";"SK0233";112;175;287
2021-01-12;"Okres Nové Mesto nad Váhom";"SK0224";52;162;214
2021-01-12;"Okres Nové Zámky";"SK0234";59;181;240
2021-01-12;"Okres Partizánske";"SK0225";38;78;116
2021-01-12;"Okres Pezinok";"SK0107";39;139;178
2021-01-12;"Okres Piešťany";"SK0214";75;139;214
2021-01-12;"Okres Poltár";"SK0327";17;24;41
2021-01-12;"Okres Poprad";"SK0416";63;228;291
2021-01-12;"Okres Považská Bystrica";"SK0226";120;151;271
2021-01-12;"Okres Prešov";"SK0417";120;515;635
2021-01-12;"Okres Prievidza";"SK0227";107;188;295
2021-01-12;"Okres Púchov";"SK0228";23;92;115
2021-01-12;"Okres Revúca";"SK0328";12;69;81
2021-01-12;"Okres Rimavská Sobota";"SK0329";21;95;116
2021-01-12;"Okres Rožňava";"SK0428";21;79;100
2021-01-12;"Okres Ružomberok";"SK0318";15;70;85
2021-01-12;"Okres Sabinov";"SK0418";27;120;147
2021-01-12;"Okres Senec";"SK0108";37;233;270
2021-01-12;"Okres Senica";"SK0215";13;47;60
2021-01-12;"Okres Skalica";"SK0216";7;27;34
2021-01-12;"Okres Snina";"SK0419";19;37;56
2021-01-12;"Okres Sobrance";"SK0429";3;20;23
2021-01-12;"Okres Spišská Nová Ves";"SK042A";86;165;251
2021-01-12;"Okres Stará Ľubovňa";"SK041A";49;159;208
2021-01-12;"Okres Stropkov";"SK041B";4;19;23
2021-01-12;"Okres Svidník";"SK041C";12;38;50
2021-01-12;"Okres Šaľa";"SK0235";45;74;119
2021-01-12;"Okres Topoľčany";"SK0236";90;149;239
2021-01-12;"Okres Trebišov";"SK042B";98;220;318
2021-01-12;"Okres Trenčín";"SK0229";82;285;367
2021-01-12;"Okres Trnava";"SK0217";102;340;442
2021-01-12;"Okres Turčianske Teplice";"SK0319";6;14;20
2021-01-12;"Okres Tvrdošín";"SK031A";11;42;53
2021-01-12;"Okres Veľký Krtíš";"SK032A";4;42;46
2021-01-12;"Okres Vranov nad Topľou";"SK041D";51;249;300
2021-01-12;"Okres Zlaté Moravce";"SK0237";46;100;146
2021-01-12;"Okres Zvolen";"SK032B";27;195;222
2021-01-12;"Okres Žarnovica";"SK032C";4;21;25
2021-01-12;"Okres Žiar nad Hronom";"SK032D";17;68;85
2021-01-12;"Okres Žilina";"SK031B";89;312;401
2021-01-12;NA;"?";120;335;455
2021-01-11;"Neznáme";"SK000";295;1047;1342
2021-01-11;"Okres Bánovce nad Bebravou";"SK0221";3;44;47
2021-01-11;"Okres Banská Bystrica";"SK0321";18;126;144
2021-01-11;"Okres Banská Štiavnica";"SK0322";2;16;18
2021-01-11;"Okres Bardejov";"SK0411";15;96;111
2021-01-11;"Okres Bratislava I";"SK0101";22;253;275
2021-01-11;"Okres Bratislava II";"SK0102";74;402;476
2021-01-11;"Okres Bratislava III";"SK0103";41;282;323
2021-01-11;"Okres Bratislava IV";"SK0104";65;338;403
2021-01-11;"Okres Bratislava V";"SK0105";62;310;372
2021-01-11;"Okres Brezno";"SK0323";13;23;36
2021-01-11;"Okres Bytča";"SK0311";22;45;67
2021-01-11;"Okres Čadca";"SK0312";10;48;58
2021-01-11;"Okres Detva";"SK0324";7;69;76
2021-01-11;"Okres Dolný Kubín";"SK0313";12;37;49
2021-01-11;"Okres Dunajská Streda";"SK0211";63;109;172
2021-01-11;"Okres Galanta";"SK0212";38;81;119
2021-01-11;"Okres Gelnica";"SK0421";5;30;35
2021-01-11;"Okres Hlohovec";"SK0213";48;112;160
2021-01-11;"Okres Humenné";"SK0412";25;57;82
2021-01-11;"Okres Ilava";"SK0222";6;14;20
2021-01-11;"Okres Kežmarok";"SK0413";8;31;39
2021-01-11;"Okres Komárno";"SK0231";44;106;150
2021-01-11;"Okres Košice - okolie";"SK0426";103;228;331
2021-01-11;"Okres Košice I";"SK0422";11;43;54
2021-01-11;"Okres Košice II";"SK0423";21;54;75
2021-01-11;"Okres Košice III";"SK0424";9;23;32
2021-01-11;"Okres Košice IV";"SK0425";5;36;41
2021-01-11;"Okres Krupina";"SK0325";2;35;37
2021-01-11;"Okres Kysucké Nové Mesto";"SK0314";22;44;66
2021-01-11;"Okres Levice";"SK0232";27;101;128
2021-01-11;"Okres Levoča";"SK0414";1;13;14
2021-01-11;"Okres Liptovský Mikuláš";"SK0315";50;76;126
2021-01-11;"Okres Lučenec";"SK0326";5;47;52
2021-01-11;"Okres Malacky";"SK0106";42;175;217
2021-01-11;"Okres Martin";"SK0316";64;238;302
2021-01-11;"Okres Medzilaborce";"SK0415";7;13;20
2021-01-11;"Okres Michalovce";"SK0427";33;78;111
2021-01-11;"Okres Myjava";"SK0223";22;51;73
2021-01-11;"Okres Námestovo";"SK0317";4;64;68
2021-01-11;"Okres Nitra";"SK0233";59;155;214
2021-01-11;"Okres Nové Mesto nad Váhom";"SK0224";13;79;92
2021-01-11;"Okres Nové Zámky";"SK0234";127;194;321
2021-01-11;"Okres Partizánske";"SK0225";1;11;12
2021-01-11;"Okres Pezinok";"SK0107";47;136;183
2021-01-11;"Okres Piešťany";"SK0214";25;157;182
2021-01-11;"Okres Poltár";"SK0327";2;7;9
2021-01-11;"Okres Poprad";"SK0416";20;73;93
2021-01-11;"Okres Považská Bystrica";"SK0226";30;43;73
2021-01-11;"Okres Prešov";"SK0417";159;441;600
2021-01-11;"Okres Prievidza";"SK0227";14;85;99
2021-01-11;"Okres Púchov";"SK0228";8;20;28
2021-01-11;"Okres Revúca";"SK0328";2;9;11
2021-01-11;"Okres Rimavská Sobota";"SK0329";2;14;16
2021-01-11;"Okres Rožňava";"SK0428";2;13;15
2021-01-11;"Okres Ružomberok";"SK0318";29;79;108
2021-01-11;"Okres Sabinov";"SK0418";41;132;173
2021-01-11;"Okres Senec";"SK0108";45;277;322
2021-01-11;"Okres Senica";"SK0215";20;63;83
2021-01-11;"Okres Skalica";"SK0216";9;57;66
2021-01-11;"Okres Snina";"SK0419";8;52;60
2021-01-11;"Okres Sobrance";"SK0429";3;11;14
2021-01-11;"Okres Spišská Nová Ves";"SK042A";8;43;51
2021-01-11;"Okres Stará Ľubovňa";"SK041A";41;98;139
2021-01-11;"Okres Stropkov";"SK041B";9;37;46
2021-01-11;"Okres Svidník";"SK041C";21;95;116
2021-01-11;"Okres Šaľa";"SK0235";26;52;78
2021-01-11;"Okres Topoľčany";"SK0236";21;27;48
2021-01-11;"Okres Trebišov";"SK042B";26;75;101
2021-01-11;"Okres Trenčín";"SK0229";45;159;204
2021-01-11;"Okres Trnava";"SK0217";131;568;699
2021-01-11;"Okres Turčianske Teplice";"SK0319";15;40;55
2021-01-11;"Okres Tvrdošín";"SK031A";9;54;63
2021-01-11;"Okres Veľký Krtíš";"SK032A";1;19;20
2021-01-11;"Okres Vranov nad Topľou";"SK041D";11;44;55
2021-01-11;"Okres Zlaté Moravce";"SK0237";10;16;26
2021-01-11;"Okres Zvolen";"SK032B";17;250;267
2021-01-11;"Okres Žarnovica";"SK032C";5;18;23
2021-01-11;"Okres Žiar nad Hronom";"SK032D";16;60;76
2021-01-11;"Okres Žilina";"SK031B";129;377;506
2021-01-11;NA;"?";99;352;451
2021-01-10;"Neznáme";"SK000";34;457;491
2021-01-10;"Okres Bánovce nad Bebravou";"SK0221";2;19;21
2021-01-10;"Okres Banská Bystrica";"SK0321";71;144;215
2021-01-10;"Okres Banská Štiavnica";"SK0322";0;4;4
2021-01-10;"Okres Bardejov";"SK0411";2;10;12
2021-01-10;"Okres Bratislava I";"SK0101";19;94;113
2021-01-10;"Okres Bratislava II";"SK0102";38;170;208
2021-01-10;"Okres Bratislava III";"SK0103";32;99;131
2021-01-10;"Okres Bratislava IV";"SK0104";43;144;187
2021-01-10;"Okres Bratislava V";"SK0105";52;146;198
2021-01-10;"Okres Brezno";"SK0323";5;22;27
2021-01-10;"Okres Bytča";"SK0311";0;5;5
2021-01-10;"Okres Čadca";"SK0312";1;10;11
2021-01-10;"Okres Detva";"SK0324";6;17;23
2021-01-10;"Okres Dolný Kubín";"SK0313";0;6;6
2021-01-10;"Okres Dunajská Streda";"SK0211";8;32;40
2021-01-10;"Okres Galanta";"SK0212";11;35;46
2021-01-10;"Okres Gelnica";"SK0421";1;6;7
2021-01-10;"Okres Hlohovec";"SK0213";16;30;46
2021-01-10;"Okres Humenné";"SK0412";22;49;71
2021-01-10;"Okres Ilava";"SK0222";11;41;52
2021-01-10;"Okres Kežmarok";"SK0413";1;8;9
2021-01-10;"Okres Komárno";"SK0231";2;6;8
2021-01-10;"Okres Košice - okolie";"SK0426";65;116;181
2021-01-10;"Okres Košice I";"SK0422";7;31;38
2021-01-10;"Okres Košice II";"SK0423";14;39;53
2021-01-10;"Okres Košice III";"SK0424";5;11;16
2021-01-10;"Okres Košice IV";"SK0425";8;19;27
2021-01-10;"Okres Krupina";"SK0325";2;7;9
2021-01-10;"Okres Kysucké Nové Mesto";"SK0314";0;4;4
2021-01-10;"Okres Levice";"SK0232";11;31;42
2021-01-10;"Okres Levoča";"SK0414";0;6;6
2021-01-10;"Okres Liptovský Mikuláš";"SK0315";1;4;5
2021-01-10;"Okres Lučenec";"SK0326";10;33;43
2021-01-10;"Okres Malacky";"SK0106";20;76;96
2021-01-10;"Okres Martin";"SK0316";22;38;60
2021-01-10;"Okres Medzilaborce";"SK0415";3;7;10
2021-01-10;"Okres Michalovce";"SK0427";26;70;96
2021-01-10;"Okres Myjava";"SK0223";0;1;1
2021-01-10;"Okres Námestovo";"SK0317";3;14;17
2021-01-10;"Okres Nitra";"SK0233";21;150;171
2021-01-10;"Okres Nové Mesto nad Váhom";"SK0224";8;31;39
2021-01-10;"Okres Nové Zámky";"SK0234";4;26;30
2021-01-10;"Okres Partizánske";"SK0225";0;14;14
2021-01-10;"Okres Pezinok";"SK0107";21;57;78
2021-01-10;"Okres Piešťany";"SK0214";4;19;23
2021-01-10;"Okres Poltár";"SK0327";1;9;10
2021-01-10;"Okres Poprad";"SK0416";2;14;16
2021-01-10;"Okres Považská Bystrica";"SK0226";1;8;9
2021-01-10;"Okres Prešov";"SK0417";14;34;48
2021-01-10;"Okres Prievidza";"SK0227";6;45;51
2021-01-10;"Okres Púchov";"SK0228";1;7;8
2021-01-10;"Okres Revúca";"SK0328";0;4;4
2021-01-10;"Okres Rimavská Sobota";"SK0329";4;53;57
2021-01-10;"Okres Rožňava";"SK0428";1;7;8
2021-01-10;"Okres Ružomberok";"SK0318";5;23;28
2021-01-10;"Okres Sabinov";"SK0418";6;12;18
2021-01-10;"Okres Senec";"SK0108";38;125;163
2021-01-10;"Okres Senica";"SK0215";5;14;19
2021-01-10;"Okres Skalica";"SK0216";1;7;8
2021-01-10;"Okres Snina";"SK0419";1;10;11
2021-01-10;"Okres Sobrance";"SK0429";0;12;12
2021-01-10;"Okres Spišská Nová Ves";"SK042A";5;19;24
2021-01-10;"Okres Stará Ľubovňa";"SK041A";1;4;5
2021-01-10;"Okres Stropkov";"SK041B";1;4;5
2021-01-10;"Okres Svidník";"SK041C";0;5;5
2021-01-10;"Okres Šaľa";"SK0235";3;26;29
2021-01-10;"Okres Topoľčany";"SK0236";3;12;15
2021-01-10;"Okres Trebišov";"SK042B";5;34;39
2021-01-10;"Okres Trenčín";"SK0229";60;116;176
2021-01-10;"Okres Trnava";"SK0217";28;80;108
2021-01-10;"Okres Turčianske Teplice";"SK0319";1;8;9
2021-01-10;"Okres Tvrdošín";"SK031A";1;5;6
2021-01-10;"Okres Veľký Krtíš";"SK032A";1;11;12
2021-01-10;"Okres Vranov nad Topľou";"SK041D";9;40;49
2021-01-10;"Okres Zlaté Moravce";"SK0237";4;15;19
2021-01-10;"Okres Zvolen";"SK032B";8;38;46
2021-01-10;"Okres Žarnovica";"SK032C";5;12;17
2021-01-10;"Okres Žiar nad Hronom";"SK032D";6;44;50
2021-01-10;"Okres Žilina";"SK031B";1;11;12
2021-01-10;NA;"?";54;188;242
2021-01-09;"Neznáme";"SK000";224;768;992
2021-01-09;"Okres Bánovce nad Bebravou";"SK0221";22;59;81
2021-01-09;"Okres Banská Bystrica";"SK0321";103;261;364
2021-01-09;"Okres Banská Štiavnica";"SK0322";10;57;67
2021-01-09;"Okres Bardejov";"SK0411";58;149;207
2021-01-09;"Okres Bratislava I";"SK0101";27;124;151
2021-01-09;"Okres Bratislava II";"SK0102";50;301;351
2021-01-09;"Okres Bratislava III";"SK0103";39;174;213
2021-01-09;"Okres Bratislava IV";"SK0104";77;287;364
2021-01-09;"Okres Bratislava V";"SK0105";42;281;323
2021-01-09;"Okres Brezno";"SK0323";15;44;59
2021-01-09;"Okres Bytča";"SK0311";8;21;29
2021-01-09;"Okres Čadca";"SK0312";24;112;136
2021-01-09;"Okres Detva";"SK0324";14;43;57
2021-01-09;"Okres Dolný Kubín";"SK0313";1;17;18
2021-01-09;"Okres Dunajská Streda";"SK0211";129;353;482
2021-01-09;"Okres Galanta";"SK0212";82;193;275
2021-01-09;"Okres Gelnica";"SK0421";8;43;51
2021-01-09;"Okres Hlohovec";"SK0213";35;65;100
2021-01-09;"Okres Humenné";"SK0412";29;114;143
2021-01-09;"Okres Ilava";"SK0222";45;131;176
2021-01-09;"Okres Kežmarok";"SK0413";36;87;123
2021-01-09;"Okres Komárno";"SK0231";30;95;125
2021-01-09;"Okres Košice - okolie";"SK0426";159;247;406
2021-01-09;"Okres Košice I";"SK0422";26;55;81
2021-01-09;"Okres Košice II";"SK0423";19;76;95
2021-01-09;"Okres Košice III";"SK0424";16;23;39
2021-01-09;"Okres Košice IV";"SK0425";13;33;46
2021-01-09;"Okres Krupina";"SK0325";6;26;32
2021-01-09;"Okres Kysucké Nové Mesto";"SK0314";0;16;16
2021-01-09;"Okres Levice";"SK0232";92;222;314
2021-01-09;"Okres Levoča";"SK0414";6;61;67
2021-01-09;"Okres Liptovský Mikuláš";"SK0315";48;125;173
2021-01-09;"Okres Lučenec";"SK0326";3;17;20
2021-01-09;"Okres Malacky";"SK0106";33;133;166
2021-01-09;"Okres Martin";"SK0316";36;103;139
2021-01-09;"Okres Medzilaborce";"SK0415";20;59;79
2021-01-09;"Okres Michalovce";"SK0427";41;161;202
2021-01-09;"Okres Myjava";"SK0223";0;6;6
2021-01-09;"Okres Námestovo";"SK0317";3;92;95
2021-01-09;"Okres Nitra";"SK0233";181;299;480
2021-01-09;"Okres Nové Mesto nad Váhom";"SK0224";52;126;178
2021-01-09;"Okres Nové Zámky";"SK0234";42;151;193
2021-01-09;"Okres Partizánske";"SK0225";25;63;88
2021-01-09;"Okres Pezinok";"SK0107";27;104;131
2021-01-09;"Okres Piešťany";"SK0214";43;64;107
2021-01-09;"Okres Poltár";"SK0327";0;5;5
2021-01-09;"Okres Poprad";"SK0416";54;134;188
2021-01-09;"Okres Považská Bystrica";"SK0226";36;38;74
2021-01-09;"Okres Prešov";"SK0417";53;196;249
2021-01-09;"Okres Prievidza";"SK0227";31;174;205
2021-01-09;"Okres Púchov";"SK0228";15;62;77
2021-01-09;"Okres Revúca";"SK0328";22;58;80
2021-01-09;"Okres Rimavská Sobota";"SK0329";42;95;137
2021-01-09;"Okres Rožňava";"SK0428";17;41;58
2021-01-09;"Okres Ružomberok";"SK0318";15;58;73
2021-01-09;"Okres Sabinov";"SK0418";31;130;161
2021-01-09;"Okres Senec";"SK0108";41;210;251
2021-01-09;"Okres Senica";"SK0215";12;22;34
2021-01-09;"Okres Skalica";"SK0216";4;8;12
2021-01-09;"Okres Snina";"SK0419";2;40;42
2021-01-09;"Okres Sobrance";"SK0429";1;37;38
2021-01-09;"Okres Spišská Nová Ves";"SK042A";36;181;217
2021-01-09;"Okres Stará Ľubovňa";"SK041A";61;258;319
2021-01-09;"Okres Stropkov";"SK041B";9;36;45
2021-01-09;"Okres Svidník";"SK041C";18;86;104
2021-01-09;"Okres Šaľa";"SK0235";38;106;144
2021-01-09;"Okres Topoľčany";"SK0236";53;77;130
2021-01-09;"Okres Trebišov";"SK042B";17;78;95
2021-01-09;"Okres Trenčín";"SK0229";51;194;245
2021-01-09;"Okres Trnava";"SK0217";104;311;415
2021-01-09;"Okres Turčianske Teplice";"SK0319";5;22;27
2021-01-09;"Okres Tvrdošín";"SK031A";3;46;49
2021-01-09;"Okres Veľký Krtíš";"SK032A";2;17;19
2021-01-09;"Okres Vranov nad Topľou";"SK041D";73;185;258
2021-01-09;"Okres Zlaté Moravce";"SK0237";27;61;88
2021-01-09;"Okres Zvolen";"SK032B";27;123;150
2021-01-09;"Okres Žarnovica";"SK032C";31;82;113
2021-01-09;"Okres Žiar nad Hronom";"SK032D";29;70;99
2021-01-09;"Okres Žilina";"SK031B";38;113;151
2021-01-09;NA;"?";113;339;452
2021-01-08;"Neznáme";"SK000";527;1331;1858
2021-01-08;"Okres Bánovce nad Bebravou";"SK0221";19;31;50
2021-01-08;"Okres Banská Bystrica";"SK0321";106;290;396
2021-01-08;"Okres Banská Štiavnica";"SK0322";0;13;13
2021-01-08;"Okres Bardejov";"SK0411";56;175;231
2021-01-08;"Okres Bratislava I";"SK0101";35;183;218
2021-01-08;"Okres Bratislava II";"SK0102";106;372;478
2021-01-08;"Okres Bratislava III";"SK0103";39;245;284
2021-01-08;"Okres Bratislava IV";"SK0104";78;311;389
2021-01-08;"Okres Bratislava V";"SK0105";94;341;435
2021-01-08;"Okres Brezno";"SK0323";33;111;144
2021-01-08;"Okres Bytča";"SK0311";22;43;65
2021-01-08;"Okres Čadca";"SK0312";17;71;88
2021-01-08;"Okres Detva";"SK0324";25;59;84
2021-01-08;"Okres Dolný Kubín";"SK0313";35;82;117
2021-01-08;"Okres Dunajská Streda";"SK0211";64;224;288
2021-01-08;"Okres Galanta";"SK0212";83;170;253
2021-01-08;"Okres Gelnica";"SK0421";7;30;37
2021-01-08;"Okres Hlohovec";"SK0213";35;63;98
2021-01-08;"Okres Humenné";"SK0412";42;85;127
2021-01-08;"Okres Ilava";"SK0222";54;122;176
2021-01-08;"Okres Kežmarok";"SK0413";22;124;146
2021-01-08;"Okres Komárno";"SK0231";30;103;133
2021-01-08;"Okres Košice - okolie";"SK0426";156;304;460
2021-01-08;"Okres Košice I";"SK0422";28;78;106
2021-01-08;"Okres Košice II";"SK0423";33;73;106
2021-01-08;"Okres Košice III";"SK0424";17;22;39
2021-01-08;"Okres Košice IV";"SK0425";8;40;48
2021-01-08;"Okres Krupina";"SK0325";19;41;60
2021-01-08;"Okres Kysucké Nové Mesto";"SK0314";13;25;38
2021-01-08;"Okres Levice";"SK0232";101;212;313
2021-01-08;"Okres Levoča";"SK0414";1;35;36
2021-01-08;"Okres Liptovský Mikuláš";"SK0315";67;134;201
2021-01-08;"Okres Lučenec";"SK0326";70;123;193
2021-01-08;"Okres Malacky";"SK0106";30;116;146
2021-01-08;"Okres Martin";"SK0316";43;126;169
2021-01-08;"Okres Medzilaborce";"SK0415";6;10;16
2021-01-08;"Okres Michalovce";"SK0427";22;190;212
2021-01-08;"Okres Myjava";"SK0223";13;32;45
2021-01-08;"Okres Námestovo";"SK0317";22;124;146
2021-01-08;"Okres Nitra";"SK0233";198;337;535
2021-01-08;"Okres Nové Mesto nad Váhom";"SK0224";54;97;151
2021-01-08;"Okres Nové Zámky";"SK0234";168;225;393
2021-01-08;"Okres Partizánske";"SK0225";17;52;69
2021-01-08;"Okres Pezinok";"SK0107";35;126;161
2021-01-08;"Okres Piešťany";"SK0214";35;115;150
2021-01-08;"Okres Poltár";"SK0327";17;35;52
2021-01-08;"Okres Poprad";"SK0416";54;245;299
2021-01-08;"Okres Považská Bystrica";"SK0226";44;99;143
2021-01-08;"Okres Prešov";"SK0417";118;388;506
2021-01-08;"Okres Prievidza";"SK0227";109;251;360
2021-01-08;"Okres Púchov";"SK0228";19;76;95
2021-01-08;"Okres Revúca";"SK0328";32;66;98
2021-01-08;"Okres Rimavská Sobota";"SK0329";69;109;178
2021-01-08;"Okres Rožňava";"SK0428";23;65;88
2021-01-08;"Okres Ružomberok";"SK0318";40;109;149
2021-01-08;"Okres Sabinov";"SK0418";18;134;152
2021-01-08;"Okres Senec";"SK0108";64;249;313
2021-01-08;"Okres Senica";"SK0215";7;57;64
2021-01-08;"Okres Skalica";"SK0216";9;26;35
2021-01-08;"Okres Snina";"SK0419";13;50;63
2021-01-08;"Okres Sobrance";"SK0429";4;46;50
2021-01-08;"Okres Spišská Nová Ves";"SK042A";20;77;97
2021-01-08;"Okres Stará Ľubovňa";"SK041A";9;112;121
2021-01-08;"Okres Stropkov";"SK041B";22;58;80
2021-01-08;"Okres Svidník";"SK041C";18;71;89
2021-01-08;"Okres Šaľa";"SK0235";45;73;118
2021-01-08;"Okres Topoľčany";"SK0236";54;113;167
2021-01-08;"Okres Trebišov";"SK042B";79;216;295
2021-01-08;"Okres Trenčín";"SK0229";140;323;463
2021-01-08;"Okres Trnava";"SK0217";79;273;352
2021-01-08;"Okres Turčianske Teplice";"SK0319";6;15;21
2021-01-08;"Okres Tvrdošín";"SK031A";20;58;78
2021-01-08;"Okres Veľký Krtíš";"SK032A";27;52;79
2021-01-08;"Okres Vranov nad Topľou";"SK041D";67;195;262
2021-01-08;"Okres Zlaté Moravce";"SK0237";57;100;157
2021-01-08;"Okres Zvolen";"SK032B";24;167;191
2021-01-08;"Okres Žarnovica";"SK032C";13;21;34
2021-01-08;"Okres Žiar nad Hronom";"SK032D";15;66;81
2021-01-08;"Okres Žilina";"SK031B";103;336;439
2021-01-08;NA;"?";147;551;698
2021-01-07;"Neznáme";"SK000";412;937;1349
2021-01-07;"Okres Bánovce nad Bebravou";"SK0221";24;28;52
2021-01-07;"Okres Banská Bystrica";"SK0321";38;111;149
2021-01-07;"Okres Banská Štiavnica";"SK0322";2;2;4
2021-01-07;"Okres Bardejov";"SK0411";15;66;81
2021-01-07;"Okres Bratislava I";"SK0101";38;128;166
2021-01-07;"Okres Bratislava II";"SK0102";84;251;335
2021-01-07;"Okres Bratislava III";"SK0103";53;182;235
2021-01-07;"Okres Bratislava IV";"SK0104";68;225;293
2021-01-07;"Okres Bratislava V";"SK0105";74;262;336
2021-01-07;"Okres Brezno";"SK0323";9;76;85
2021-01-07;"Okres Bytča";"SK0311";26;44;70
2021-01-07;"Okres Čadca";"SK0312";50;71;121
2021-01-07;"Okres Detva";"SK0324";10;63;73
2021-01-07;"Okres Dolný Kubín";"SK0313";1;23;24
2021-01-07;"Okres Dunajská Streda";"SK0211";93;194;287
2021-01-07;"Okres Galanta";"SK0212";53;85;138
2021-01-07;"Okres Gelnica";"SK0421";11;47;58
2021-01-07;"Okres Hlohovec";"SK0213";49;62;111
2021-01-07;"Okres Humenné";"SK0412";11;29;40
2021-01-07;"Okres Ilava";"SK0222";40;47;87
2021-01-07;"Okres Kežmarok";"SK0413";20;54;74
2021-01-07;"Okres Komárno";"SK0231";11;65;76
2021-01-07;"Okres Košice - okolie";"SK0426";50;114;164
2021-01-07;"Okres Košice I";"SK0422";8;20;28
2021-01-07;"Okres Košice II";"SK0423";15;35;50
2021-01-07;"Okres Košice III";"SK0424";4;8;12
2021-01-07;"Okres Košice IV";"SK0425";4;10;14
2021-01-07;"Okres Krupina";"SK0325";6;26;32
2021-01-07;"Okres Kysucké Nové Mesto";"SK0314";24;36;60
2021-01-07;"Okres Levice";"SK0232";34;143;177
2021-01-07;"Okres Levoča";"SK0414";14;45;59
2021-01-07;"Okres Liptovský Mikuláš";"SK0315";29;24;53
2021-01-07;"Okres Lučenec";"SK0326";0;13;13
2021-01-07;"Okres Malacky";"SK0106";59;85;144
2021-01-07;"Okres Martin";"SK0316";116;130;246
2021-01-07;"Okres Medzilaborce";"SK0415";5;10;15
2021-01-07;"Okres Michalovce";"SK0427";19;67;86
2021-01-07;"Okres Myjava";"SK0223";25;19;44
2021-01-07;"Okres Námestovo";"SK0317";6;92;98
2021-01-07;"Okres Nitra";"SK0233";103;157;260
2021-01-07;"Okres Nové Mesto nad Váhom";"SK0224";102;139;241
2021-01-07;"Okres Nové Zámky";"SK0234";67;114;181
2021-01-07;"Okres Partizánske";"SK0225";10;15;25
2021-01-07;"Okres Pezinok";"SK0107";47;109;156
2021-01-07;"Okres Piešťany";"SK0214";72;110;182
2021-01-07;"Okres Poltár";"SK0327";0;1;1
2021-01-07;"Okres Poprad";"SK0416";8;63;71
2021-01-07;"Okres Považská Bystrica";"SK0226";53;63;116
2021-01-07;"Okres Prešov";"SK0417";112;311;423
2021-01-07;"Okres Prievidza";"SK0227";27;78;105
2021-01-07;"Okres Púchov";"SK0228";24;39;63
2021-01-07;"Okres Revúca";"SK0328";8;41;49
2021-01-07;"Okres Rimavská Sobota";"SK0329";24;48;72
2021-01-07;"Okres Rožňava";"SK0428";11;44;55
2021-01-07;"Okres Ružomberok";"SK0318";27;144;171
2021-01-07;"Okres Sabinov";"SK0418";39;81;120
2021-01-07;"Okres Senec";"SK0108";61;147;208
2021-01-07;"Okres Senica";"SK0215";20;50;70
2021-01-07;"Okres Skalica";"SK0216";9;33;42
2021-01-07;"Okres Snina";"SK0419";11;36;47
2021-01-07;"Okres Sobrance";"SK0429";0;4;4
2021-01-07;"Okres Spišská Nová Ves";"SK042A";48;151;199
2021-01-07;"Okres Stará Ľubovňa";"SK041A";34;88;122
2021-01-07;"Okres Stropkov";"SK041B";0;20;20
2021-01-07;"Okres Svidník";"SK041C";13;38;51
2021-01-07;"Okres Šaľa";"SK0235";29;47;76
2021-01-07;"Okres Topoľčany";"SK0236";25;42;67
2021-01-07;"Okres Trebišov";"SK042B";41;73;114
2021-01-07;"Okres Trenčín";"SK0229";116;253;369
2021-01-07;"Okres Trnava";"SK0217";125;240;365
2021-01-07;"Okres Turčianske Teplice";"SK0319";18;10;28
2021-01-07;"Okres Tvrdošín";"SK031A";1;31;32
2021-01-07;"Okres Veľký Krtíš";"SK032A";1;50;51
2021-01-07;"Okres Vranov nad Topľou";"SK041D";4;45;49
2021-01-07;"Okres Zlaté Moravce";"SK0237";12;23;35
2021-01-07;"Okres Zvolen";"SK032B";24;138;162
2021-01-07;"Okres Žarnovica";"SK032C";7;15;22
2021-01-07;"Okres Žiar nad Hronom";"SK032D";3;25;28
2021-01-07;"Okres Žilina";"SK031B";126;250;376
2021-01-07;NA;"?";51;239;290
2021-01-06;"Neznáme";"SK000";124;421;545
2021-01-06;"Okres Bánovce nad Bebravou";"SK0221";10;23;33
2021-01-06;"Okres Banská Bystrica";"SK0321";137;323;460
2021-01-06;"Okres Banská Štiavnica";"SK0322";6;9;15
2021-01-06;"Okres Bardejov";"SK0411";33;71;104
2021-01-06;"Okres Bratislava I";"SK0101";17;106;123
2021-01-06;"Okres Bratislava II";"SK0102";39;167;206
2021-01-06;"Okres Bratislava III";"SK0103";16;119;135
2021-01-06;"Okres Bratislava IV";"SK0104";33;139;172
2021-01-06;"Okres Bratislava V";"SK0105";48;147;195
2021-01-06;"Okres Brezno";"SK0323";20;46;66
2021-01-06;"Okres Bytča";"SK0311";6;10;16
2021-01-06;"Okres Čadca";"SK0312";54;85;139
2021-01-06;"Okres Detva";"SK0324";8;31;39
2021-01-06;"Okres Dolný Kubín";"SK0313";6;67;73
2021-01-06;"Okres Dunajská Streda";"SK0211";79;147;226
2021-01-06;"Okres Galanta";"SK0212";42;80;122
2021-01-06;"Okres Gelnica";"SK0421";8;30;38
2021-01-06;"Okres Hlohovec";"SK0213";10;33;43
2021-01-06;"Okres Humenné";"SK0412";3;30;33
2021-01-06;"Okres Ilava";"SK0222";74;100;174
2021-01-06;"Okres Kežmarok";"SK0413";36;102;138
2021-01-06;"Okres Komárno";"SK0231";4;24;28
2021-01-06;"Okres Košice - okolie";"SK0426";90;135;225
2021-01-06;"Okres Košice I";"SK0422";24;27;51
2021-01-06;"Okres Košice II";"SK0423";32;52;84
2021-01-06;"Okres Košice III";"SK0424";8;11;19
2021-01-06;"Okres Košice IV";"SK0425";16;12;28
2021-01-06;"Okres Krupina";"SK0325";11;37;48
2021-01-06;"Okres Kysucké Nové Mesto";"SK0314";4;4;8
2021-01-06;"Okres Levice";"SK0232";47;129;176
2021-01-06;"Okres Levoča";"SK0414";18;24;42
2021-01-06;"Okres Liptovský Mikuláš";"SK0315";31;103;134
2021-01-06;"Okres Lučenec";"SK0326";13;147;160
2021-01-06;"Okres Malacky";"SK0106";26;78;104
2021-01-06;"Okres Martin";"SK0316";1;25;26
2021-01-06;"Okres Medzilaborce";"SK0415";5;11;16
2021-01-06;"Okres Michalovce";"SK0427";33;106;139
2021-01-06;"Okres Myjava";"SK0223";2;0;2
2021-01-06;"Okres Námestovo";"SK0317";3;64;67
2021-01-06;"Okres Nitra";"SK0233";61;127;188
2021-01-06;"Okres Nové Mesto nad Váhom";"SK0224";18;47;65
2021-01-06;"Okres Nové Zámky";"SK0234";33;83;116
2021-01-06;"Okres Partizánske";"SK0225";14;21;35
2021-01-06;"Okres Pezinok";"SK0107";27;75;102
2021-01-06;"Okres Piešťany";"SK0214";2;18;20
2021-01-06;"Okres Poltár";"SK0327";10;44;54
2021-01-06;"Okres Poprad";"SK0416";66;133;199
2021-01-06;"Okres Považská Bystrica";"SK0226";30;45;75
2021-01-06;"Okres Prešov";"SK0417";10;74;84
2021-01-06;"Okres Prievidza";"SK0227";14;41;55
2021-01-06;"Okres Púchov";"SK0228";12;56;68
2021-01-06;"Okres Revúca";"SK0328";4;6;10
2021-01-06;"Okres Rimavská Sobota";"SK0329";40;67;107
2021-01-06;"Okres Rožňava";"SK0428";3;34;37
2021-01-06;"Okres Ružomberok";"SK0318";35;93;128
2021-01-06;"Okres Sabinov";"SK0418";19;44;63
2021-01-06;"Okres Senec";"SK0108";46;125;171
2021-01-06;"Okres Senica";"SK0215";2;37;39
2021-01-06;"Okres Skalica";"SK0216";0;9;9
2021-01-06;"Okres Snina";"SK0419";10;43;53
2021-01-06;"Okres Sobrance";"SK0429";1;10;11
2021-01-06;"Okres Spišská Nová Ves";"SK042A";68;189;257
2021-01-06;"Okres Stará Ľubovňa";"SK041A";45;134;179
2021-01-06;"Okres Stropkov";"SK041B";13;44;57
2021-01-06;"Okres Svidník";"SK041C";26;44;70
2021-01-06;"Okres Šaľa";"SK0235";20;41;61
2021-01-06;"Okres Topoľčany";"SK0236";33;47;80
2021-01-06;"Okres Trebišov";"SK042B";49;103;152
2021-01-06;"Okres Trenčín";"SK0229";54;115;169
2021-01-06;"Okres Trnava";"SK0217";38;117;155
2021-01-06;"Okres Turčianske Teplice";"SK0319";2;4;6
2021-01-06;"Okres Tvrdošín";"SK031A";1;19;20
2021-01-06;"Okres Veľký Krtíš";"SK032A";11;69;80
2021-01-06;"Okres Vranov nad Topľou";"SK041D";36;81;117
2021-01-06;"Okres Zlaté Moravce";"SK0237";34;27;61
2021-01-06;"Okres Zvolen";"SK032B";19;101;120
2021-01-06;"Okres Žarnovica";"SK032C";18;58;76
2021-01-06;"Okres Žiar nad Hronom";"SK032D";19;60;79
2021-01-06;"Okres Žilina";"SK031B";5;12;17
2021-01-06;"Zahraničie";"SKZZZZ";0;1;1
2021-01-06;NA;"?";98;261;359
2021-01-05;"Neznáme";"SK000";586;1226;1812
2021-01-05;"Okres Bánovce nad Bebravou";"SK0221";21;87;108
2021-01-05;"Okres Banská Bystrica";"SK0321";108;266;374
2021-01-05;"Okres Banská Štiavnica";"SK0322";4;11;15
2021-01-05;"Okres Bardejov";"SK0411";123;246;369
2021-01-05;"Okres Bratislava I";"SK0101";44;199;243
2021-01-05;"Okres Bratislava II";"SK0102";95;453;548
2021-01-05;"Okres Bratislava III";"SK0103";79;303;382
2021-01-05;"Okres Bratislava IV";"SK0104";75;312;387
2021-01-05;"Okres Bratislava V";"SK0105";112;322;434
2021-01-05;"Okres Brezno";"SK0323";30;69;99
2021-01-05;"Okres Bytča";"SK0311";55;63;118
2021-01-05;"Okres Čadca";"SK0312";69;149;218
2021-01-05;"Okres Detva";"SK0324";15;86;101
2021-01-05;"Okres Dolný Kubín";"SK0313";19;63;82
2021-01-05;"Okres Dunajská Streda";"SK0211";80;194;274
2021-01-05;"Okres Galanta";"SK0212";60;173;233
2021-01-05;"Okres Gelnica";"SK0421";2;50;52
2021-01-05;"Okres Hlohovec";"SK0213";57;78;135
2021-01-05;"Okres Humenné";"SK0412";27;82;109
2021-01-05;"Okres Ilava";"SK0222";68;110;178
2021-01-05;"Okres Kežmarok";"SK0413";33;89;122
2021-01-05;"Okres Komárno";"SK0231";69;112;181
2021-01-05;"Okres Košice - okolie";"SK0426";130;289;419
2021-01-05;"Okres Košice I";"SK0422";18;56;74
2021-01-05;"Okres Košice II";"SK0423";31;73;104
2021-01-05;"Okres Košice III";"SK0424";20;21;41
2021-01-05;"Okres Košice IV";"SK0425";10;29;39
2021-01-05;"Okres Krupina";"SK0325";3;35;38
2021-01-05;"Okres Kysucké Nové Mesto";"SK0314";31;58;89
2021-01-05;"Okres Levice";"SK0232";29;89;118
2021-01-05;"Okres Levoča";"SK0414";19;81;100
2021-01-05;"Okres Liptovský Mikuláš";"SK0315";69;157;226
2021-01-05;"Okres Lučenec";"SK0326";54;172;226
2021-01-05;"Okres Malacky";"SK0106";48;223;271
2021-01-05;"Okres Martin";"SK0316";174;129;303
2021-01-05;"Okres Medzilaborce";"SK0415";5;6;11
2021-01-05;"Okres Michalovce";"SK0427";53;177;230
2021-01-05;"Okres Myjava";"SK0223";19;42;61
2021-01-05;"Okres Námestovo";"SK0317";14;52;66
2021-01-05;"Okres Nitra";"SK0233";141;245;386
2021-01-05;"Okres Nové Mesto nad Váhom";"SK0224";47;115;162
2021-01-05;"Okres Nové Zámky";"SK0234";159;260;419
2021-01-05;"Okres Partizánske";"SK0225";32;52;84
2021-01-05;"Okres Pezinok";"SK0107";41;153;194
2021-01-05;"Okres Piešťany";"SK0214";91;142;233
2021-01-05;"Okres Poltár";"SK0327";14;52;66
2021-01-05;"Okres Poprad";"SK0416";103;215;318
2021-01-05;"Okres Považská Bystrica";"SK0226";129;158;287
2021-01-05;"Okres Prešov";"SK0417";121;345;466
2021-01-05;"Okres Prievidza";"SK0227";113;163;276
2021-01-05;"Okres Púchov";"SK0228";58;93;151
2021-01-05;"Okres Revúca";"SK0328";16;71;87
2021-01-05;"Okres Rimavská Sobota";"SK0329";51;89;140
2021-01-05;"Okres Rožňava";"SK0428";29;90;119
2021-01-05;"Okres Ružomberok";"SK0318";36;103;139
2021-01-05;"Okres Sabinov";"SK0418";32;102;134
2021-01-05;"Okres Senec";"SK0108";78;248;326
2021-01-05;"Okres Senica";"SK0215";39;274;313
2021-01-05;"Okres Skalica";"SK0216";23;88;111
2021-01-05;"Okres Snina";"SK0419";3;32;35
2021-01-05;"Okres Sobrance";"SK0429";5;26;31
2021-01-05;"Okres Spišská Nová Ves";"SK042A";56;225;281
2021-01-05;"Okres Stará Ľubovňa";"SK041A";60;139;199
2021-01-05;"Okres Stropkov";"SK041B";5;21;26
2021-01-05;"Okres Svidník";"SK041C";29;48;77
2021-01-05;"Okres Šaľa";"SK0235";35;83;118
2021-01-05;"Okres Topoľčany";"SK0236";57;105;162
2021-01-05;"Okres Trebišov";"SK042B";97;248;345
2021-01-05;"Okres Trenčín";"SK0229";165;352;517
2021-01-05;"Okres Trnava";"SK0217";160;402;562
2021-01-05;"Okres Turčianske Teplice";"SK0319";21;16;37
2021-01-05;"Okres Tvrdošín";"SK031A";9;79;88
2021-01-05;"Okres Veľký Krtíš";"SK032A";3;42;45
2021-01-05;"Okres Vranov nad Topľou";"SK041D";121;184;305
2021-01-05;"Okres Zlaté Moravce";"SK0237";59;77;136
2021-01-05;"Okres Zvolen";"SK032B";64;193;257
2021-01-05;"Okres Žarnovica";"SK032C";6;16;22
2021-01-05;"Okres Žiar nad Hronom";"SK032D";16;44;60
2021-01-05;"Okres Žilina";"SK031B";168;340;508
2021-01-05;NA;"?";147;463;610
2021-01-04;"Neznáme";"SK000";441;1058;1499
2021-01-04;"Okres Bánovce nad Bebravou";"SK0221";11;69;80
2021-01-04;"Okres Banská Bystrica";"SK0321";25;134;159
2021-01-04;"Okres Banská Štiavnica";"SK0322";1;13;14
2021-01-04;"Okres Bardejov";"SK0411";14;95;109
2021-01-04;"Okres Bratislava I";"SK0101";31;196;227
2021-01-04;"Okres Bratislava II";"SK0102";119;376;495
2021-01-04;"Okres Bratislava III";"SK0103";69;247;316
2021-01-04;"Okres Bratislava IV";"SK0104";94;305;399
2021-01-04;"Okres Bratislava V";"SK0105";113;293;406
2021-01-04;"Okres Brezno";"SK0323";3;35;38
2021-01-04;"Okres Bytča";"SK0311";41;57;98
2021-01-04;"Okres Čadca";"SK0312";8;60;68
2021-01-04;"Okres Detva";"SK0324";20;69;89
2021-01-04;"Okres Dolný Kubín";"SK0313";11;22;33
2021-01-04;"Okres Dunajská Streda";"SK0211";34;79;113
2021-01-04;"Okres Galanta";"SK0212";34;74;108
2021-01-04;"Okres Gelnica";"SK0421";8;17;25
2021-01-04;"Okres Hlohovec";"SK0213";26;34;60
2021-01-04;"Okres Humenné";"SK0412";6;50;56
2021-01-04;"Okres Ilava";"SK0222";29;52;81
2021-01-04;"Okres Kežmarok";"SK0413";10;68;78
2021-01-04;"Okres Komárno";"SK0231";26;78;104
2021-01-04;"Okres Košice - okolie";"SK0426";114;261;375
2021-01-04;"Okres Košice I";"SK0422";36;76;112
2021-01-04;"Okres Košice II";"SK0423";34;93;127
2021-01-04;"Okres Košice III";"SK0424";14;19;33
2021-01-04;"Okres Košice IV";"SK0425";19;31;50
2021-01-04;"Okres Krupina";"SK0325";8;49;57
2021-01-04;"Okres Kysucké Nové Mesto";"SK0314";20;47;67
2021-01-04;"Okres Levice";"SK0232";45;76;121
2021-01-04;"Okres Levoča";"SK0414";2;29;31
2021-01-04;"Okres Liptovský Mikuláš";"SK0315";29;67;96
2021-01-04;"Okres Lučenec";"SK0326";28;110;138
2021-01-04;"Okres Malacky";"SK0106";52;189;241
2021-01-04;"Okres Martin";"SK0316";144;349;493
2021-01-04;"Okres Medzilaborce";"SK0415";7;6;13
2021-01-04;"Okres Michalovce";"SK0427";29;79;108
2021-01-04;"Okres Myjava";"SK0223";18;71;89
2021-01-04;"Okres Námestovo";"SK0317";4;32;36
2021-01-04;"Okres Nitra";"SK0233";59;115;174
2021-01-04;"Okres Nové Mesto nad Váhom";"SK0224";34;99;133
2021-01-04;"Okres Nové Zámky";"SK0234";14;61;75
2021-01-04;"Okres Partizánske";"SK0225";6;19;25
2021-01-04;"Okres Pezinok";"SK0107";49;102;151
2021-01-04;"Okres Piešťany";"SK0214";35;94;129
2021-01-04;"Okres Poltár";"SK0327";5;24;29
2021-01-04;"Okres Poprad";"SK0416";17;65;82
2021-01-04;"Okres Považská Bystrica";"SK0226";24;50;74
2021-01-04;"Okres Prešov";"SK0417";161;459;620
2021-01-04;"Okres Prievidza";"SK0227";58;127;185
2021-01-04;"Okres Púchov";"SK0228";6;21;27
2021-01-04;"Okres Revúca";"SK0328";2;7;9
2021-01-04;"Okres Rimavská Sobota";"SK0329";2;18;20
2021-01-04;"Okres Rožňava";"SK0428";2;53;55
2021-01-04;"Okres Ružomberok";"SK0318";31;71;102
2021-01-04;"Okres Sabinov";"SK0418";50;132;182
2021-01-04;"Okres Senec";"SK0108";75;226;301
2021-01-04;"Okres Senica";"SK0215";21;53;74
2021-01-04;"Okres Skalica";"SK0216";17;60;77
2021-01-04;"Okres Snina";"SK0419";19;44;63
2021-01-04;"Okres Sobrance";"SK0429";7;20;27
2021-01-04;"Okres Spišská Nová Ves";"SK042A";8;25;33
2021-01-04;"Okres Stará Ľubovňa";"SK041A";10;61;71
2021-01-04;"Okres Stropkov";"SK041B";18;52;70
2021-01-04;"Okres Svidník";"SK041C";48;126;174
2021-01-04;"Okres Šaľa";"SK0235";17;30;47
2021-01-04;"Okres Topoľčany";"SK0236";14;34;48
2021-01-04;"Okres Trebišov";"SK042B";14;110;124
2021-01-04;"Okres Trenčín";"SK0229";143;277;420
2021-01-04;"Okres Trnava";"SK0217";73;226;299
2021-01-04;"Okres Turčianske Teplice";"SK0319";18;33;51
2021-01-04;"Okres Tvrdošín";"SK031A";2;5;7
2021-01-04;"Okres Veľký Krtíš";"SK032A";4;35;39
2021-01-04;"Okres Vranov nad Topľou";"SK041D";21;49;70
2021-01-04;"Okres Zlaté Moravce";"SK0237";12;20;32
2021-01-04;"Okres Zvolen";"SK032B";34;208;242
2021-01-04;"Okres Žarnovica";"SK032C";3;11;14
2021-01-04;"Okres Žiar nad Hronom";"SK032D";5;55;60
2021-01-04;"Okres Žilina";"SK031B";151;339;490
2021-01-04;"Zahraničie";"SKZZZZ";0;1;1
2021-01-04;NA;"?";147;501;648
2021-01-03;"Neznáme";"SK000";25;118;143
2021-01-03;"Okres Bánovce nad Bebravou";"SK0221";6;15;21
2021-01-03;"Okres Banská Bystrica";"SK0321";146;181;327
2021-01-03;"Okres Banská Štiavnica";"SK0322";1;6;7
2021-01-03;"Okres Bardejov";"SK0411";1;12;13
2021-01-03;"Okres Bratislava I";"SK0101";3;71;74
2021-01-03;"Okres Bratislava II";"SK0102";19;121;140
2021-01-03;"Okres Bratislava III";"SK0103";13;74;87
2021-01-03;"Okres Bratislava IV";"SK0104";15;66;81
2021-01-03;"Okres Bratislava V";"SK0105";10;80;90
2021-01-03;"Okres Brezno";"SK0323";15;34;49
2021-01-03;"Okres Bytča";"SK0311";0;3;3
2021-01-03;"Okres Čadca";"SK0312";0;14;14
2021-01-03;"Okres Detva";"SK0324";10;16;26
2021-01-03;"Okres Dolný Kubín";"SK0313";1;5;6
2021-01-03;"Okres Dunajská Streda";"SK0211";13;40;53
2021-01-03;"Okres Galanta";"SK0212";18;43;61
2021-01-03;"Okres Gelnica";"SK0421";0;11;11
2021-01-03;"Okres Hlohovec";"SK0213";3;12;15
2021-01-03;"Okres Humenné";"SK0412";20;37;57
2021-01-03;"Okres Ilava";"SK0222";8;10;18
2021-01-03;"Okres Kežmarok";"SK0413";2;15;17
2021-01-03;"Okres Komárno";"SK0231";1;9;10
2021-01-03;"Okres Košice - okolie";"SK0426";25;78;103
2021-01-03;"Okres Košice I";"SK0422";6;8;14
2021-01-03;"Okres Košice II";"SK0423";6;15;21
2021-01-03;"Okres Košice III";"SK0424";2;0;2
2021-01-03;"Okres Košice IV";"SK0425";4;13;17
2021-01-03;"Okres Krupina";"SK0325";0;3;3
2021-01-03;"Okres Kysucké Nové Mesto";"SK0314";1;4;5
2021-01-03;"Okres Levice";"SK0232";7;34;41
2021-01-03;"Okres Levoča";"SK0414";1;12;13
2021-01-03;"Okres Liptovský Mikuláš";"SK0315";7;9;16
2021-01-03;"Okres Lučenec";"SK0326";6;6;12
2021-01-03;"Okres Malacky";"SK0106";11;38;49
2021-01-03;"Okres Martin";"SK0316";0;9;9
2021-01-03;"Okres Medzilaborce";"SK0415";3;3;6
2021-01-03;"Okres Michalovce";"SK0427";32;90;122
2021-01-03;"Okres Myjava";"SK0223";0;2;2
2021-01-03;"Okres Námestovo";"SK0317";0;8;8
2021-01-03;"Okres Nitra";"SK0233";23;52;75
2021-01-03;"Okres Nové Mesto nad Váhom";"SK0224";4;11;15
2021-01-03;"Okres Nové Zámky";"SK0234";2;15;17
2021-01-03;"Okres Partizánske";"SK0225";0;9;9
2021-01-03;"Okres Pezinok";"SK0107";3;34;37
2021-01-03;"Okres Piešťany";"SK0214";6;13;19
2021-01-03;"Okres Poltár";"SK0327";0;1;1
2021-01-03;"Okres Poprad";"SK0416";4;31;35
2021-01-03;"Okres Považská Bystrica";"SK0226";0;7;7
2021-01-03;"Okres Prešov";"SK0417";40;135;175
2021-01-03;"Okres Prievidza";"SK0227";2;30;32
2021-01-03;"Okres Púchov";"SK0228";0;1;1
2021-01-03;"Okres Rimavská Sobota";"SK0329";0;5;5
2021-01-03;"Okres Rožňava";"SK0428";0;6;6
2021-01-03;"Okres Ružomberok";"SK0318";3;17;20
2021-01-03;"Okres Sabinov";"SK0418";14;30;44
2021-01-03;"Okres Senec";"SK0108";7;79;86
2021-01-03;"Okres Senica";"SK0215";0;6;6
2021-01-03;"Okres Skalica";"SK0216";1;8;9
2021-01-03;"Okres Snina";"SK0419";0;17;17
2021-01-03;"Okres Sobrance";"SK0429";3;15;18
2021-01-03;"Okres Spišská Nová Ves";"SK042A";1;30;31
2021-01-03;"Okres Stará Ľubovňa";"SK041A";0;11;11
2021-01-03;"Okres Stropkov";"SK041B";0;3;3
2021-01-03;"Okres Svidník";"SK041C";1;4;5
2021-01-03;"Okres Šaľa";"SK0235";6;12;18
2021-01-03;"Okres Topoľčany";"SK0236";3;10;13
2021-01-03;"Okres Trebišov";"SK042B";1;24;25
2021-01-03;"Okres Trenčín";"SK0229";22;48;70
2021-01-03;"Okres Trnava";"SK0217";17;83;100
2021-01-03;"Okres Turčianske Teplice";"SK0319";1;1;2
2021-01-03;"Okres Tvrdošín";"SK031A";0;5;5
2021-01-03;"Okres Veľký Krtíš";"SK032A";0;6;6
2021-01-03;"Okres Vranov nad Topľou";"SK041D";5;30;35
2021-01-03;"Okres Zlaté Moravce";"SK0237";0;8;8
2021-01-03;"Okres Zvolen";"SK032B";15;47;62
2021-01-03;"Okres Žarnovica";"SK032C";2;10;12
2021-01-03;"Okres Žiar nad Hronom";"SK032D";7;47;54
2021-01-03;"Okres Žilina";"SK031B";1;30;31
2021-01-03;NA;"?";36;184;220
2021-01-02;"Neznáme";"SK000";240;483;723
2021-01-02;"Okres Bánovce nad Bebravou";"SK0221";24;34;58
2021-01-02;"Okres Banská Bystrica";"SK0321";62;78;140
2021-01-02;"Okres Banská Štiavnica";"SK0322";2;6;8
2021-01-02;"Okres Bardejov";"SK0411";4;21;25
2021-01-02;"Okres Bratislava I";"SK0101";1;28;29
2021-01-02;"Okres Bratislava II";"SK0102";13;61;74
2021-01-02;"Okres Bratislava III";"SK0103";13;31;44
2021-01-02;"Okres Bratislava IV";"SK0104";6;42;48
2021-01-02;"Okres Bratislava V";"SK0105";10;38;48
2021-01-02;"Okres Brezno";"SK0323";1;14;15
2021-01-02;"Okres Bytča";"SK0311";15;22;37
2021-01-02;"Okres Čadca";"SK0312";2;12;14
2021-01-02;"Okres Detva";"SK0324";6;16;22
2021-01-02;"Okres Dolný Kubín";"SK0313";1;5;6
2021-01-02;"Okres Dunajská Streda";"SK0211";54;122;176
2021-01-02;"Okres Galanta";"SK0212";48;77;125
2021-01-02;"Okres Gelnica";"SK0421";0;19;19
2021-01-02;"Okres Hlohovec";"SK0213";43;34;77
2021-01-02;"Okres Humenné";"SK0412";4;33;37
2021-01-02;"Okres Ilava";"SK0222";13;32;45
2021-01-02;"Okres Kežmarok";"SK0413";3;26;29
2021-01-02;"Okres Komárno";"SK0231";1;8;9
2021-01-02;"Okres Košice - okolie";"SK0426";10;43;53
2021-01-02;"Okres Košice I";"SK0422";0;1;1
2021-01-02;"Okres Košice II";"SK0423";2;1;3
2021-01-02;"Okres Košice IV";"SK0425";0;1;1
2021-01-02;"Okres Krupina";"SK0325";1;15;16
2021-01-02;"Okres Kysucké Nové Mesto";"SK0314";2;11;13
2021-01-02;"Okres Levice";"SK0232";18;66;84
2021-01-02;"Okres Levoča";"SK0414";14;39;53
2021-01-02;"Okres Liptovský Mikuláš";"SK0315";3;23;26
2021-01-02;"Okres Lučenec";"SK0326";4;4;8
2021-01-02;"Okres Malacky";"SK0106";13;34;47
2021-01-02;"Okres Martin";"SK0316";6;9;15
2021-01-02;"Okres Medzilaborce";"SK0415";1;3;4
2021-01-02;"Okres Michalovce";"SK0427";0;5;5
2021-01-02;"Okres Myjava";"SK0223";0;3;3
2021-01-02;"Okres Námestovo";"SK0317";7;20;27
2021-01-02;"Okres Nitra";"SK0233";76;83;159
2021-01-02;"Okres Nové Mesto nad Váhom";"SK0224";7;16;23
2021-01-02;"Okres Nové Zámky";"SK0234";19;40;59
2021-01-02;"Okres Partizánske";"SK0225";20;16;36
2021-01-02;"Okres Pezinok";"SK0107";15;40;55
2021-01-02;"Okres Piešťany";"SK0214";15;17;32
2021-01-02;"Okres Poltár";"SK0327";0;1;1
2021-01-02;"Okres Poprad";"SK0416";21;56;77
2021-01-02;"Okres Považská Bystrica";"SK0226";21;29;50
2021-01-02;"Okres Prešov";"SK0417";9;50;59
2021-01-02;"Okres Prievidza";"SK0227";17;49;66
2021-01-02;"Okres Púchov";"SK0228";15;21;36
2021-01-02;"Okres Revúca";"SK0328";0;3;3
2021-01-02;"Okres Rimavská Sobota";"SK0329";0;4;4
2021-01-02;"Okres Rožňava";"SK0428";1;10;11
2021-01-02;"Okres Ružomberok";"SK0318";13;28;41
2021-01-02;"Okres Sabinov";"SK0418";2;15;17
2021-01-02;"Okres Senec";"SK0108";28;82;110
2021-01-02;"Okres Senica";"SK0215";4;27;31
2021-01-02;"Okres Skalica";"SK0216";1;13;14
2021-01-02;"Okres Snina";"SK0419";2;9;11
2021-01-02;"Okres Sobrance";"SK0429";1;7;8
2021-01-02;"Okres Spišská Nová Ves";"SK042A";47;129;176
2021-01-02;"Okres Stará Ľubovňa";"SK041A";1;25;26
2021-01-02;"Okres Stropkov";"SK041B";3;23;26
2021-01-02;"Okres Svidník";"SK041C";3;11;14
2021-01-02;"Okres Šaľa";"SK0235";15;23;38
2021-01-02;"Okres Topoľčany";"SK0236";23;28;51
2021-01-02;"Okres Trebišov";"SK042B";3;11;14
2021-01-02;"Okres Trenčín";"SK0229";18;47;65
2021-01-02;"Okres Trnava";"SK0217";91;157;248
2021-01-02;"Okres Turčianske Teplice";"SK0319";0;4;4
2021-01-02;"Okres Tvrdošín";"SK031A";0;16;16
2021-01-02;"Okres Veľký Krtíš";"SK032A";0;4;4
2021-01-02;"Okres Vranov nad Topľou";"SK041D";7;22;29
2021-01-02;"Okres Zlaté Moravce";"SK0237";24;21;45
2021-01-02;"Okres Zvolen";"SK032B";29;56;85
2021-01-02;"Okres Žarnovica";"SK032C";7;11;18
2021-01-02;"Okres Žiar nad Hronom";"SK032D";17;33;50
2021-01-02;"Okres Žilina";"SK031B";45;114;159
2021-01-02;NA;"?";20;130;150
2021-01-01;"Neznáme";"SK000";35;113;148
2021-01-01;"Okres Bánovce nad Bebravou";"SK0221";10;17;27
2021-01-01;"Okres Banská Bystrica";"SK0321";124;83;207
2021-01-01;"Okres Banská Štiavnica";"SK0322";0;1;1
2021-01-01;"Okres Bardejov";"SK0411";47;75;122
2021-01-01;"Okres Bratislava I";"SK0101";14;66;80
2021-01-01;"Okres Bratislava II";"SK0102";28;108;136
2021-01-01;"Okres Bratislava III";"SK0103";30;62;92
2021-01-01;"Okres Bratislava IV";"SK0104";24;103;127
2021-01-01;"Okres Bratislava V";"SK0105";42;106;148
2021-01-01;"Okres Brezno";"SK0323";11;12;23
2021-01-01;"Okres Bytča";"SK0311";7;6;13
2021-01-01;"Okres Čadca";"SK0312";58;72;130
2021-01-01;"Okres Detva";"SK0324";8;8;16
2021-01-01;"Okres Dolný Kubín";"SK0313";12;46;58
2021-01-01;"Okres Dunajská Streda";"SK0211";46;53;99
2021-01-01;"Okres Galanta";"SK0212";34;77;111
2021-01-01;"Okres Gelnica";"SK0421";2;4;6
2021-01-01;"Okres Hlohovec";"SK0213";10;24;34
2021-01-01;"Okres Humenné";"SK0412";30;58;88
2021-01-01;"Okres Ilava";"SK0222";72;112;184
2021-01-01;"Okres Kežmarok";"SK0413";0;3;3
2021-01-01;"Okres Komárno";"SK0231";0;8;8
2021-01-01;"Okres Košice - okolie";"SK0426";80;82;162
2021-01-01;"Okres Košice I";"SK0422";26;29;55
2021-01-01;"Okres Košice II";"SK0423";41;41;82
2021-01-01;"Okres Košice III";"SK0424";14;13;27
2021-01-01;"Okres Košice IV";"SK0425";12;30;42
2021-01-01;"Okres Krupina";"SK0325";3;3;6
2021-01-01;"Okres Kysucké Nové Mesto";"SK0314";16;19;35
2021-01-01;"Okres Levice";"SK0232";1;6;7
2021-01-01;"Okres Levoča";"SK0414";2;3;5
2021-01-01;"Okres Liptovský Mikuláš";"SK0315";4;8;12
2021-01-01;"Okres Lučenec";"SK0326";0;18;18
2021-01-01;"Okres Malacky";"SK0106";22;35;57
2021-01-01;"Okres Martin";"SK0316";1;9;10
2021-01-01;"Okres Medzilaborce";"SK0415";5;5;10
2021-01-01;"Okres Michalovce";"SK0427";33;84;117
2021-01-01;"Okres Myjava";"SK0223";1;8;9
2021-01-01;"Okres Námestovo";"SK0317";1;29;30
2021-01-01;"Okres Nitra";"SK0233";54;55;109
2021-01-01;"Okres Nové Mesto nad Váhom";"SK0224";34;51;85
2021-01-01;"Okres Nové Zámky";"SK0234";13;106;119
2021-01-01;"Okres Partizánske";"SK0225";3;10;13
2021-01-01;"Okres Pezinok";"SK0107";25;35;60
2021-01-01;"Okres Piešťany";"SK0214";21;52;73
2021-01-01;"Okres Poltár";"SK0327";1;2;3
2021-01-01;"Okres Poprad";"SK0416";4;14;18
2021-01-01;"Okres Považská Bystrica";"SK0226";30;51;81
2021-01-01;"Okres Prešov";"SK0417";13;37;50
2021-01-01;"Okres Prievidza";"SK0227";3;28;31
2021-01-01;"Okres Púchov";"SK0228";15;25;40
2021-01-01;"Okres Revúca";"SK0328";3;8;11
2021-01-01;"Okres Rimavská Sobota";"SK0329";8;12;20
2021-01-01;"Okres Rožňava";"SK0428";24;46;70
2021-01-01;"Okres Ružomberok";"SK0318";8;23;31
2021-01-01;"Okres Sabinov";"SK0418";7;9;16
2021-01-01;"Okres Senec";"SK0108";41;75;116
2021-01-01;"Okres Senica";"SK0215";1;6;7
2021-01-01;"Okres Skalica";"SK0216";0;3;3
2021-01-01;"Okres Snina";"SK0419";2;4;6
2021-01-01;"Okres Sobrance";"SK0429";10;15;25
2021-01-01;"Okres Spišská Nová Ves";"SK042A";6;40;46
2021-01-01;"Okres Stará Ľubovňa";"SK041A";0;6;6
2021-01-01;"Okres Stropkov";"SK041B";10;17;27
2021-01-01;"Okres Svidník";"SK041C";24;42;66
2021-01-01;"Okres Šaľa";"SK0235";19;31;50
2021-01-01;"Okres Topoľčany";"SK0236";17;28;45
2021-01-01;"Okres Trebišov";"SK042B";35;86;121
2021-01-01;"Okres Trenčín";"SK0229";162;231;393
2021-01-01;"Okres Trnava";"SK0217";32;51;83
2021-01-01;"Okres Turčianske Teplice";"SK0319";2;2;4
2021-01-01;"Okres Tvrdošín";"SK031A";2;25;27
2021-01-01;"Okres Veľký Krtíš";"SK032A";1;3;4
2021-01-01;"Okres Vranov nad Topľou";"SK041D";42;94;136
2021-01-01;"Okres Zlaté Moravce";"SK0237";16;6;22
2021-01-01;"Okres Zvolen";"SK032B";38;40;78
2021-01-01;"Okres Žarnovica";"SK032C";7;3;10
2021-01-01;"Okres Žiar nad Hronom";"SK032D";18;27;45
2021-01-01;"Okres Žilina";"SK031B";8;15;23
2021-01-01;NA;"?";113;123;236
2020-12-31;"Neznáme";"SK000";444;889;1333
2020-12-31;"Okres Bánovce nad Bebravou";"SK0221";36;49;85
2020-12-31;"Okres Banská Bystrica";"SK0321";167;315;482
2020-12-31;"Okres Banská Štiavnica";"SK0322";4;15;19
2020-12-31;"Okres Bardejov";"SK0411";85;156;241
2020-12-31;"Okres Bratislava I";"SK0101";55;211;266
2020-12-31;"Okres Bratislava II";"SK0102";147;391;538
2020-12-31;"Okres Bratislava III";"SK0103";77;240;317
2020-12-31;"Okres Bratislava IV";"SK0104";159;418;577
2020-12-31;"Okres Bratislava V";"SK0105";138;377;515
2020-12-31;"Okres Brezno";"SK0323";40;84;124
2020-12-31;"Okres Bytča";"SK0311";22;17;39
2020-12-31;"Okres Čadca";"SK0312";116;189;305
2020-12-31;"Okres Detva";"SK0324";17;41;58
2020-12-31;"Okres Dolný Kubín";"SK0313";28;30;58
2020-12-31;"Okres Dunajská Streda";"SK0211";103;227;330
2020-12-31;"Okres Galanta";"SK0212";65;180;245
2020-12-31;"Okres Gelnica";"SK0421";9;54;63
2020-12-31;"Okres Hlohovec";"SK0213";67;81;148
2020-12-31;"Okres Humenné";"SK0412";30;78;108
2020-12-31;"Okres Ilava";"SK0222";91;143;234
2020-12-31;"Okres Kežmarok";"SK0413";83;120;203
2020-12-31;"Okres Komárno";"SK0231";63;152;215
2020-12-31;"Okres Košice - okolie";"SK0426";104;205;309
2020-12-31;"Okres Košice I";"SK0422";38;41;79
2020-12-31;"Okres Košice II";"SK0423";30;66;96
2020-12-31;"Okres Košice III";"SK0424";24;24;48
2020-12-31;"Okres Košice IV";"SK0425";9;23;32
2020-12-31;"Okres Krupina";"SK0325";15;22;37
2020-12-31;"Okres Kysucké Nové Mesto";"SK0314";17;41;58
2020-12-31;"Okres Levice";"SK0232";91;217;308
2020-12-31;"Okres Levoča";"SK0414";46;119;165
2020-12-31;"Okres Liptovský Mikuláš";"SK0315";102;155;257
2020-12-31;"Okres Lučenec";"SK0326";59;94;153
2020-12-31;"Okres Malacky";"SK0106";91;185;276
2020-12-31;"Okres Martin";"SK0316";6;30;36
2020-12-31;"Okres Medzilaborce";"SK0415";5;11;16
2020-12-31;"Okres Michalovce";"SK0427";74;131;205
2020-12-31;"Okres Myjava";"SK0223";1;11;12
2020-12-31;"Okres Námestovo";"SK0317";6;25;31
2020-12-31;"Okres Nitra";"SK0233";175;296;471
2020-12-31;"Okres Nové Mesto nad Váhom";"SK0224";86;104;190
2020-12-31;"Okres Nové Zámky";"SK0234";179;245;424
2020-12-31;"Okres Partizánske";"SK0225";30;42;72
2020-12-31;"Okres Pezinok";"SK0107";83;184;267
2020-12-31;"Okres Piešťany";"SK0214";63;159;222
2020-12-31;"Okres Poltár";"SK0327";10;12;22
2020-12-31;"Okres Poprad";"SK0416";127;273;400
2020-12-31;"Okres Považská Bystrica";"SK0226";71;149;220
2020-12-31;"Okres Prešov";"SK0417";110;468;578
2020-12-31;"Okres Prievidza";"SK0227";106;243;349
2020-12-31;"Okres Púchov";"SK0228";50;90;140
2020-12-31;"Okres Revúca";"SK0328";13;51;64
2020-12-31;"Okres Rimavská Sobota";"SK0329";94;128;222
2020-12-31;"Okres Rožňava";"SK0428";17;55;72
2020-12-31;"Okres Ružomberok";"SK0318";43;76;119
2020-12-31;"Okres Sabinov";"SK0418";10;78;88
2020-12-31;"Okres Senec";"SK0108";113;279;392
2020-12-31;"Okres Senica";"SK0215";9;29;38
2020-12-31;"Okres Skalica";"SK0216";7;17;24
2020-12-31;"Okres Snina";"SK0419";19;62;81
2020-12-31;"Okres Sobrance";"SK0429";7;31;38
2020-12-31;"Okres Spišská Nová Ves";"SK042A";96;306;402
2020-12-31;"Okres Stará Ľubovňa";"SK041A";35;131;166
2020-12-31;"Okres Stropkov";"SK041B";14;22;36
2020-12-31;"Okres Svidník";"SK041C";24;51;75
2020-12-31;"Okres Šaľa";"SK0235";36;91;127
2020-12-31;"Okres Topoľčany";"SK0236";16;58;74
2020-12-31;"Okres Trebišov";"SK042B";84;199;283
2020-12-31;"Okres Trenčín";"SK0229";125;270;395
2020-12-31;"Okres Trnava";"SK0217";126;253;379
2020-12-31;"Okres Turčianske Teplice";"SK0319";1;6;7
2020-12-31;"Okres Tvrdošín";"SK031A";19;40;59
2020-12-31;"Okres Veľký Krtíš";"SK032A";16;39;55
2020-12-31;"Okres Vranov nad Topľou";"SK041D";62;125;187
2020-12-31;"Okres Zlaté Moravce";"SK0237";57;70;127
2020-12-31;"Okres Zvolen";"SK032B";57;114;171
2020-12-31;"Okres Žarnovica";"SK032C";14;84;98
2020-12-31;"Okres Žiar nad Hronom";"SK032D";23;64;87
2020-12-31;"Okres Žilina";"SK031B";34;59;93
2020-12-31;NA;"?";141;403;544
2020-12-30;"Neznáme";"SK000";1035;2027;3062
2020-12-30;"Okres Bánovce nad Bebravou";"SK0221";21;39;60
2020-12-30;"Okres Banská Bystrica";"SK0321";186;463;649
2020-12-30;"Okres Banská Štiavnica";"SK0322";5;17;22
2020-12-30;"Okres Bardejov";"SK0411";82;149;231
2020-12-30;"Okres Bratislava I";"SK0101";46;304;350
2020-12-30;"Okres Bratislava II";"SK0102";112;447;559
2020-12-30;"Okres Bratislava III";"SK0103";87;405;492
2020-12-30;"Okres Bratislava IV";"SK0104";100;467;567
2020-12-30;"Okres Bratislava V";"SK0105";102;399;501
2020-12-30;"Okres Brezno";"SK0323";45;99;144
2020-12-30;"Okres Bytča";"SK0311";59;50;109
2020-12-30;"Okres Čadca";"SK0312";18;72;90
2020-12-30;"Okres Detva";"SK0324";39;65;104
2020-12-30;"Okres Dolný Kubín";"SK0313";25;56;81
2020-12-30;"Okres Dunajská Streda";"SK0211";120;334;454
2020-12-30;"Okres Galanta";"SK0212";79;200;279
2020-12-30;"Okres Gelnica";"SK0421";14;52;66
2020-12-30;"Okres Hlohovec";"SK0213";39;96;135
2020-12-30;"Okres Humenné";"SK0412";54;91;145
2020-12-30;"Okres Ilava";"SK0222";116;272;388
2020-12-30;"Okres Kežmarok";"SK0413";34;224;258
2020-12-30;"Okres Komárno";"SK0231";33;91;124
2020-12-30;"Okres Košice - okolie";"SK0426";111;267;378
2020-12-30;"Okres Košice I";"SK0422";11;48;59
2020-12-30;"Okres Košice II";"SK0423";26;70;96
2020-12-30;"Okres Košice III";"SK0424";12;26;38
2020-12-30;"Okres Košice IV";"SK0425";13;29;42
2020-12-30;"Okres Krupina";"SK0325";18;56;74
2020-12-30;"Okres Kysucké Nové Mesto";"SK0314";34;57;91
2020-12-30;"Okres Levice";"SK0232";72;186;258
2020-12-30;"Okres Levoča";"SK0414";30;164;194
2020-12-30;"Okres Liptovský Mikuláš";"SK0315";113;146;259
2020-12-30;"Okres Lučenec";"SK0326";83;249;332
2020-12-30;"Okres Malacky";"SK0106";63;141;204
2020-12-30;"Okres Martin";"SK0316";250;272;522
2020-12-30;"Okres Medzilaborce";"SK0415";7;11;18
2020-12-30;"Okres Michalovce";"SK0427";64;129;193
2020-12-30;"Okres Myjava";"SK0223";56;118;174
2020-12-30;"Okres Námestovo";"SK0317";13;44;57
2020-12-30;"Okres Nitra";"SK0233";196;301;497
2020-12-30;"Okres Nové Mesto nad Váhom";"SK0224";80;139;219
2020-12-30;"Okres Nové Zámky";"SK0234";111;218;329
2020-12-30;"Okres Partizánske";"SK0225";33;43;76
2020-12-30;"Okres Pezinok";"SK0107";33;220;253
2020-12-30;"Okres Piešťany";"SK0214";81;125;206
2020-12-30;"Okres Poltár";"SK0327";20;32;52
2020-12-30;"Okres Poprad";"SK0416";99;215;314
2020-12-30;"Okres Považská Bystrica";"SK0226";152;252;404
2020-12-30;"Okres Prešov";"SK0417";149;515;664
2020-12-30;"Okres Prievidza";"SK0227";105;192;297
2020-12-30;"Okres Púchov";"SK0228";96;119;215
2020-12-30;"Okres Revúca";"SK0328";18;57;75
2020-12-30;"Okres Rimavská Sobota";"SK0329";86;147;233
2020-12-30;"Okres Rožňava";"SK0428";30;58;88
2020-12-30;"Okres Ružomberok";"SK0318";113;275;388
2020-12-30;"Okres Sabinov";"SK0418";43;82;125
2020-12-30;"Okres Senec";"SK0108";56;286;342
2020-12-30;"Okres Senica";"SK0215";53;101;154
2020-12-30;"Okres Skalica";"SK0216";25;62;87
2020-12-30;"Okres Snina";"SK0419";28;65;93
2020-12-30;"Okres Sobrance";"SK0429";14;48;62
2020-12-30;"Okres Spišská Nová Ves";"SK042A";40;119;159
2020-12-30;"Okres Stará Ľubovňa";"SK041A";65;160;225
2020-12-30;"Okres Stropkov";"SK041B";17;39;56
2020-12-30;"Okres Svidník";"SK041C";69;91;160
2020-12-30;"Okres Šaľa";"SK0235";39;63;102
2020-12-30;"Okres Topoľčany";"SK0236";187;135;322
2020-12-30;"Okres Trebišov";"SK042B";70;217;287
2020-12-30;"Okres Trenčín";"SK0229";176;303;479
2020-12-30;"Okres Trnava";"SK0217";151;455;606
2020-12-30;"Okres Turčianske Teplice";"SK0319";22;31;53
2020-12-30;"Okres Tvrdošín";"SK031A";12;17;29
2020-12-30;"Okres Veľký Krtíš";"SK032A";16;79;95
2020-12-30;"Okres Vranov nad Topľou";"SK041D";80;242;322
2020-12-30;"Okres Zlaté Moravce";"SK0237";46;78;124
2020-12-30;"Okres Zvolen";"SK032B";64;226;290
2020-12-30;"Okres Žarnovica";"SK032C";12;41;53
2020-12-30;"Okres Žiar nad Hronom";"SK032D";18;59;77
2020-12-30;"Okres Žilina";"SK031B";297;530;827
2020-12-30;"Zahraničie";"SKZZZZ";0;1;1
2020-12-30;NA;"?";197;482;679
2020-12-29;"Neznáme";"SK000";543;1113;1656
2020-12-29;"Okres Bánovce nad Bebravou";"SK0221";39;96;135
2020-12-29;"Okres Banská Bystrica";"SK0321";51;242;293
2020-12-29;"Okres Banská Štiavnica";"SK0322";0;11;11
2020-12-29;"Okres Bardejov";"SK0411";44;140;184
2020-12-29;"Okres Bratislava I";"SK0101";16;135;151
2020-12-29;"Okres Bratislava II";"SK0102";34;220;254
2020-12-29;"Okres Bratislava III";"SK0103";29;150;179
2020-12-29;"Okres Bratislava IV";"SK0104";30;215;245
2020-12-29;"Okres Bratislava V";"SK0105";33;164;197
2020-12-29;"Okres Brezno";"SK0323";18;68;86
2020-12-29;"Okres Bytča";"SK0311";12;10;22
2020-12-29;"Okres Čadca";"SK0312";16;28;44
2020-12-29;"Okres Detva";"SK0324";13;45;58
2020-12-29;"Okres Dolný Kubín";"SK0313";13;38;51
2020-12-29;"Okres Dunajská Streda";"SK0211";22;77;99
2020-12-29;"Okres Galanta";"SK0212";105;116;221
2020-12-29;"Okres Gelnica";"SK0421";5;26;31
2020-12-29;"Okres Hlohovec";"SK0213";27;63;90
2020-12-29;"Okres Humenné";"SK0412";15;47;62
2020-12-29;"Okres Ilava";"SK0222";46;92;138
2020-12-29;"Okres Kežmarok";"SK0413";19;77;96
2020-12-29;"Okres Komárno";"SK0231";61;169;230
2020-12-29;"Okres Košice - okolie";"SK0426";58;161;219
2020-12-29;"Okres Košice I";"SK0422";15;40;55
2020-12-29;"Okres Košice II";"SK0423";15;63;78
2020-12-29;"Okres Košice III";"SK0424";5;12;17
2020-12-29;"Okres Košice IV";"SK0425";6;38;44
2020-12-29;"Okres Krupina";"SK0325";5;24;29
2020-12-29;"Okres Kysucké Nové Mesto";"SK0314";2;8;10
2020-12-29;"Okres Levice";"SK0232";23;89;112
2020-12-29;"Okres Levoča";"SK0414";18;20;38
2020-12-29;"Okres Liptovský Mikuláš";"SK0315";31;73;104
2020-12-29;"Okres Lučenec";"SK0326";43;44;87
2020-12-29;"Okres Malacky";"SK0106";27;82;109
2020-12-29;"Okres Martin";"SK0316";21;90;111
2020-12-29;"Okres Medzilaborce";"SK0415";5;10;15
2020-12-29;"Okres Michalovce";"SK0427";62;168;230
2020-12-29;"Okres Myjava";"SK0223";2;8;10
2020-12-29;"Okres Námestovo";"SK0317";15;40;55
2020-12-29;"Okres Nitra";"SK0233";116;215;331
2020-12-29;"Okres Nové Mesto nad Váhom";"SK0224";81;127;208
2020-12-29;"Okres Nové Zámky";"SK0234";85;146;231
2020-12-29;"Okres Partizánske";"SK0225";21;38;59
2020-12-29;"Okres Pezinok";"SK0107";16;64;80
2020-12-29;"Okres Piešťany";"SK0214";41;92;133
2020-12-29;"Okres Poltár";"SK0327";11;5;16
2020-12-29;"Okres Poprad";"SK0416";65;179;244
2020-12-29;"Okres Považská Bystrica";"SK0226";81;110;191
2020-12-29;"Okres Prešov";"SK0417";122;323;445
2020-12-29;"Okres Prievidza";"SK0227";76;182;258
2020-12-29;"Okres Púchov";"SK0228";42;43;85
2020-12-29;"Okres Revúca";"SK0328";19;68;87
2020-12-29;"Okres Rimavská Sobota";"SK0329";36;86;122
2020-12-29;"Okres Rožňava";"SK0428";25;76;101
2020-12-29;"Okres Ružomberok";"SK0318";30;53;83
2020-12-29;"Okres Sabinov";"SK0418";19;59;78
2020-12-29;"Okres Senec";"SK0108";39;130;169
2020-12-29;"Okres Senica";"SK0215";3;13;16
2020-12-29;"Okres Skalica";"SK0216";0;4;4
2020-12-29;"Okres Snina";"SK0419";0;8;8
2020-12-29;"Okres Sobrance";"SK0429";4;19;23
2020-12-29;"Okres Spišská Nová Ves";"SK042A";67;155;222
2020-12-29;"Okres Stará Ľubovňa";"SK041A";19;45;64
2020-12-29;"Okres Stropkov";"SK041B";24;55;79
2020-12-29;"Okres Svidník";"SK041C";39;77;116
2020-12-29;"Okres Šaľa";"SK0235";7;21;28
2020-12-29;"Okres Topoľčany";"SK0236";13;67;80
2020-12-29;"Okres Trebišov";"SK042B";55;190;245
2020-12-29;"Okres Trenčín";"SK0229";65;151;216
2020-12-29;"Okres Trnava";"SK0217";116;242;358
2020-12-29;"Okres Turčianske Teplice";"SK0319";2;4;6
2020-12-29;"Okres Tvrdošín";"SK031A";28;45;73
2020-12-29;"Okres Veľký Krtíš";"SK032A";5;9;14
2020-12-29;"Okres Vranov nad Topľou";"SK041D";61;128;189
2020-12-29;"Okres Zlaté Moravce";"SK0237";25;34;59
2020-12-29;"Okres Zvolen";"SK032B";37;156;193
2020-12-29;"Okres Žarnovica";"SK032C";3;19;22
2020-12-29;"Okres Žiar nad Hronom";"SK032D";12;33;45
2020-12-29;"Okres Žilina";"SK031B";41;101;142
2020-12-29;NA;"?";106;329;435
2020-12-28;"Neznáme";"SK000";181;561;742
2020-12-28;"Okres Bánovce nad Bebravou";"SK0221";13;65;78
2020-12-28;"Okres Banská Bystrica";"SK0321";42;136;178
2020-12-28;"Okres Banská Štiavnica";"SK0322";2;12;14
2020-12-28;"Okres Bardejov";"SK0411";17;77;94
2020-12-28;"Okres Bratislava I";"SK0101";27;176;203
2020-12-28;"Okres Bratislava II";"SK0102";53;280;333
2020-12-28;"Okres Bratislava III";"SK0103";25;182;207
2020-12-28;"Okres Bratislava IV";"SK0104";41;203;244
2020-12-28;"Okres Bratislava V";"SK0105";32;216;248
2020-12-28;"Okres Brezno";"SK0323";3;21;24
2020-12-28;"Okres Bytča";"SK0311";23;41;64
2020-12-28;"Okres Čadca";"SK0312";52;118;170
2020-12-28;"Okres Detva";"SK0324";10;55;65
2020-12-28;"Okres Dolný Kubín";"SK0313";5;22;27
2020-12-28;"Okres Dunajská Streda";"SK0211";23;76;99
2020-12-28;"Okres Galanta";"SK0212";28;68;96
2020-12-28;"Okres Gelnica";"SK0421";6;12;18
2020-12-28;"Okres Hlohovec";"SK0213";18;52;70
2020-12-28;"Okres Humenné";"SK0412";20;74;94
2020-12-28;"Okres Ilava";"SK0222";19;43;62
2020-12-28;"Okres Kežmarok";"SK0413";9;24;33
2020-12-28;"Okres Komárno";"SK0231";1;43;44
2020-12-28;"Okres Košice - okolie";"SK0426";81;182;263
2020-12-28;"Okres Košice I";"SK0422";31;39;70
2020-12-28;"Okres Košice II";"SK0423";21;42;63
2020-12-28;"Okres Košice III";"SK0424";6;16;22
2020-12-28;"Okres Košice IV";"SK0425";12;29;41
2020-12-28;"Okres Krupina";"SK0325";6;46;52
2020-12-28;"Okres Kysucké Nové Mesto";"SK0314";21;47;68
2020-12-28;"Okres Levice";"SK0232";11;16;27
2020-12-28;"Okres Levoča";"SK0414";11;32;43
2020-12-28;"Okres Liptovský Mikuláš";"SK0315";31;81;112
2020-12-28;"Okres Lučenec";"SK0326";31;96;127
2020-12-28;"Okres Malacky";"SK0106";21;85;106
2020-12-28;"Okres Martin";"SK0316";79;214;293
2020-12-28;"Okres Medzilaborce";"SK0415";3;5;8
2020-12-28;"Okres Michalovce";"SK0427";7;28;35
2020-12-28;"Okres Myjava";"SK0223";16;58;74
2020-12-28;"Okres Námestovo";"SK0317";3;17;20
2020-12-28;"Okres Nitra";"SK0233";13;32;45
2020-12-28;"Okres Nové Mesto nad Váhom";"SK0224";24;71;95
2020-12-28;"Okres Nové Zámky";"SK0234";34;92;126
2020-12-28;"Okres Partizánske";"SK0225";1;28;29
2020-12-28;"Okres Pezinok";"SK0107";12;93;105
2020-12-28;"Okres Piešťany";"SK0214";41;111;152
2020-12-28;"Okres Poltár";"SK0327";2;17;19
2020-12-28;"Okres Poprad";"SK0416";14;74;88
2020-12-28;"Okres Považská Bystrica";"SK0226";43;71;114
2020-12-28;"Okres Prešov";"SK0417";177;484;661
2020-12-28;"Okres Prievidza";"SK0227";11;64;75
2020-12-28;"Okres Púchov";"SK0228";19;29;48
2020-12-28;"Okres Revúca";"SK0328";4;8;12
2020-12-28;"Okres Rimavská Sobota";"SK0329";3;20;23
2020-12-28;"Okres Rožňava";"SK0428";6;9;15
2020-12-28;"Okres Ružomberok";"SK0318";29;84;113
2020-12-28;"Okres Sabinov";"SK0418";48;101;149
2020-12-28;"Okres Senec";"SK0108";23;144;167
2020-12-28;"Okres Senica";"SK0215";12;51;63
2020-12-28;"Okres Skalica";"SK0216";2;10;12
2020-12-28;"Okres Snina";"SK0419";10;35;45
2020-12-28;"Okres Sobrance";"SK0429";2;8;10
2020-12-28;"Okres Spišská Nová Ves";"SK042A";12;52;64
2020-12-28;"Okres Stará Ľubovňa";"SK041A";36;59;95
2020-12-28;"Okres Stropkov";"SK041B";5;15;20
2020-12-28;"Okres Svidník";"SK041C";37;69;106
2020-12-28;"Okres Šaľa";"SK0235";8;12;20
2020-12-28;"Okres Topoľčany";"SK0236";13;19;32
2020-12-28;"Okres Trebišov";"SK042B";58;131;189
2020-12-28;"Okres Trenčín";"SK0229";105;233;338
2020-12-28;"Okres Trnava";"SK0217";94;219;313
2020-12-28;"Okres Turčianske Teplice";"SK0319";9;22;31
2020-12-28;"Okres Tvrdošín";"SK031A";0;4;4
2020-12-28;"Okres Veľký Krtíš";"SK032A";2;19;21
2020-12-28;"Okres Vranov nad Topľou";"SK041D";9;48;57
2020-12-28;"Okres Zlaté Moravce";"SK0237";2;4;6
2020-12-28;"Okres Zvolen";"SK032B";35;243;278
2020-12-28;"Okres Žarnovica";"SK032C";3;14;17
2020-12-28;"Okres Žiar nad Hronom";"SK032D";9;44;53
2020-12-28;"Okres Žilina";"SK031B";110;277;387
2020-12-28;NA;"?";118;384;502
2020-12-27;"Neznáme";"SK000";45;113;158
2020-12-27;"Okres Bánovce nad Bebravou";"SK0221";1;2;3
2020-12-27;"Okres Banská Bystrica";"SK0321";23;109;132
2020-12-27;"Okres Banská Štiavnica";"SK0322";2;0;2
2020-12-27;"Okres Bardejov";"SK0411";9;36;45
2020-12-27;"Okres Bratislava I";"SK0101";6;68;74
2020-12-27;"Okres Bratislava II";"SK0102";28;110;138
2020-12-27;"Okres Bratislava III";"SK0103";18;69;87
2020-12-27;"Okres Bratislava IV";"SK0104";32;85;117
2020-12-27;"Okres Bratislava V";"SK0105";27;104;131
2020-12-27;"Okres Brezno";"SK0323";2;29;31
2020-12-27;"Okres Bytča";"SK0311";0;1;1
2020-12-27;"Okres Čadca";"SK0312";1;3;4
2020-12-27;"Okres Detva";"SK0324";4;6;10
2020-12-27;"Okres Dolný Kubín";"SK0313";2;21;23
2020-12-27;"Okres Dunajská Streda";"SK0211";1;19;20
2020-12-27;"Okres Galanta";"SK0212";5;11;16
2020-12-27;"Okres Gelnica";"SK0421";1;3;4
2020-12-27;"Okres Hlohovec";"SK0213";2;14;16
2020-12-27;"Okres Humenné";"SK0412";3;6;9
2020-12-27;"Okres Ilava";"SK0222";0;4;4
2020-12-27;"Okres Kežmarok";"SK0413";3;1;4
2020-12-27;"Okres Komárno";"SK0231";0;9;9
2020-12-27;"Okres Košice - okolie";"SK0426";22;64;86
2020-12-27;"Okres Košice I";"SK0422";6;8;14
2020-12-27;"Okres Košice II";"SK0423";5;26;31
2020-12-27;"Okres Košice III";"SK0424";3;5;8
2020-12-27;"Okres Košice IV";"SK0425";4;12;16
2020-12-27;"Okres Krupina";"SK0325";0;4;4
2020-12-27;"Okres Kysucké Nové Mesto";"SK0314";0;1;1
2020-12-27;"Okres Levice";"SK0232";2;13;15
2020-12-27;"Okres Levoča";"SK0414";1;2;3
2020-12-27;"Okres Liptovský Mikuláš";"SK0315";6;22;28
2020-12-27;"Okres Lučenec";"SK0326";3;3;6
2020-12-27;"Okres Malacky";"SK0106";14;32;46
2020-12-27;"Okres Martin";"SK0316";2;12;14
2020-12-27;"Okres Medzilaborce";"SK0415";0;4;4
2020-12-27;"Okres Michalovce";"SK0427";22;55;77
2020-12-27;"Okres Myjava";"SK0223";0;1;1
2020-12-27;"Okres Námestovo";"SK0317";1;18;19
2020-12-27;"Okres Nitra";"SK0233";4;16;20
2020-12-27;"Okres Nové Mesto nad Váhom";"SK0224";1;5;6
2020-12-27;"Okres Nové Zámky";"SK0234";20;27;47
2020-12-27;"Okres Partizánske";"SK0225";3;1;4
2020-12-27;"Okres Pezinok";"SK0107";7;38;45
2020-12-27;"Okres Piešťany";"SK0214";1;3;4
2020-12-27;"Okres Poltár";"SK0327";1;2;3
2020-12-27;"Okres Poprad";"SK0416";2;15;17
2020-12-27;"Okres Prešov";"SK0417";11;38;49
2020-12-27;"Okres Prievidza";"SK0227";2;4;6
2020-12-27;"Okres Púchov";"SK0228";1;0;1
2020-12-27;"Okres Revúca";"SK0328";6;5;11
2020-12-27;"Okres Rimavská Sobota";"SK0329";70;71;141
2020-12-27;"Okres Rožňava";"SK0428";25;31;56
2020-12-27;"Okres Ružomberok";"SK0318";30;45;75
2020-12-27;"Okres Sabinov";"SK0418";7;11;18
2020-12-27;"Okres Senec";"SK0108";13;65;78
2020-12-27;"Okres Senica";"SK0215";1;3;4
2020-12-27;"Okres Skalica";"SK0216";0;1;1
2020-12-27;"Okres Snina";"SK0419";1;7;8
2020-12-27;"Okres Sobrance";"SK0429";2;2;4
2020-12-27;"Okres Spišská Nová Ves";"SK042A";4;9;13
2020-12-27;"Okres Stará Ľubovňa";"SK041A";0;2;2
2020-12-27;"Okres Stropkov";"SK041B";0;4;4
2020-12-27;"Okres Svidník";"SK041C";1;3;4
2020-12-27;"Okres Šaľa";"SK0235";0;8;8
2020-12-27;"Okres Topoľčany";"SK0236";2;3;5
2020-12-27;"Okres Trebišov";"SK042B";14;49;63
2020-12-27;"Okres Trenčín";"SK0229";2;8;10
2020-12-27;"Okres Trnava";"SK0217";19;64;83
2020-12-27;"Okres Tvrdošín";"SK031A";2;14;16
2020-12-27;"Okres Veľký Krtíš";"SK032A";0;1;1
2020-12-27;"Okres Vranov nad Topľou";"SK041D";8;21;29
2020-12-27;"Okres Zlaté Moravce";"SK0237";1;2;3
2020-12-27;"Okres Zvolen";"SK032B";6;38;44
2020-12-27;"Okres Žarnovica";"SK032C";2;5;7
2020-12-27;"Okres Žiar nad Hronom";"SK032D";8;20;28
2020-12-27;"Okres Žilina";"SK031B";0;7;7
2020-12-27;"Zahraničie";"SKZZZZ";0;1;1
2020-12-27;NA;"?";48;155;203
2020-12-26;"Neznáme";"SK000";141;326;467
2020-12-26;"Okres Bánovce nad Bebravou";"SK0221";11;18;29
2020-12-26;"Okres Banská Bystrica";"SK0321";26;62;88
2020-12-26;"Okres Banská Štiavnica";"SK0322";0;2;2
2020-12-26;"Okres Bardejov";"SK0411";4;8;12
2020-12-26;"Okres Bratislava I";"SK0101";3;54;57
2020-12-26;"Okres Bratislava II";"SK0102";9;68;77
2020-12-26;"Okres Bratislava III";"SK0103";3;42;45
2020-12-26;"Okres Bratislava IV";"SK0104";8;38;46
2020-12-26;"Okres Bratislava V";"SK0105";7;62;69
2020-12-26;"Okres Brezno";"SK0323";6;14;20
2020-12-26;"Okres Bytča";"SK0311";13;15;28
2020-12-26;"Okres Čadca";"SK0312";5;12;17
2020-12-26;"Okres Detva";"SK0324";3;26;29
2020-12-26;"Okres Dolný Kubín";"SK0313";0;2;2
2020-12-26;"Okres Dunajská Streda";"SK0211";42;157;199
2020-12-26;"Okres Galanta";"SK0212";16;28;44
2020-12-26;"Okres Gelnica";"SK0421";2;13;15
2020-12-26;"Okres Hlohovec";"SK0213";6;12;18
2020-12-26;"Okres Humenné";"SK0412";9;28;37
2020-12-26;"Okres Ilava";"SK0222";36;48;84
2020-12-26;"Okres Kežmarok";"SK0413";2;15;17
2020-12-26;"Okres Komárno";"SK0231";9;20;29
2020-12-26;"Okres Košice - okolie";"SK0426";32;118;150
2020-12-26;"Okres Košice I";"SK0422";13;20;33
2020-12-26;"Okres Košice II";"SK0423";12;43;55
2020-12-26;"Okres Košice III";"SK0424";2;5;7
2020-12-26;"Okres Košice IV";"SK0425";2;20;22
2020-12-26;"Okres Krupina";"SK0325";1;14;15
2020-12-26;"Okres Kysucké Nové Mesto";"SK0314";8;13;21
2020-12-26;"Okres Levice";"SK0232";13;38;51
2020-12-26;"Okres Levoča";"SK0414";3;23;26
2020-12-26;"Okres Liptovský Mikuláš";"SK0315";0;2;2
2020-12-26;"Okres Lučenec";"SK0326";0;8;8
2020-12-26;"Okres Malacky";"SK0106";11;22;33
2020-12-26;"Okres Martin";"SK0316";5;17;22
2020-12-26;"Okres Medzilaborce";"SK0415";2;4;6
2020-12-26;"Okres Michalovce";"SK0427";21;70;91
2020-12-26;"Okres Myjava";"SK0223";3;11;14
2020-12-26;"Okres Námestovo";"SK0317";0;2;2
2020-12-26;"Okres Nitra";"SK0233";16;39;55
2020-12-26;"Okres Nové Mesto nad Váhom";"SK0224";13;48;61
2020-12-26;"Okres Nové Zámky";"SK0234";3;13;16
2020-12-26;"Okres Partizánske";"SK0225";0;6;6
2020-12-26;"Okres Pezinok";"SK0107";9;19;28
2020-12-26;"Okres Piešťany";"SK0214";3;14;17
2020-12-26;"Okres Poprad";"SK0416";9;47;56
2020-12-26;"Okres Považská Bystrica";"SK0226";5;9;14
2020-12-26;"Okres Prešov";"SK0417";16;21;37
2020-12-26;"Okres Prievidza";"SK0227";28;75;103
2020-12-26;"Okres Púchov";"SK0228";8;10;18
2020-12-26;"Okres Revúca";"SK0328";1;4;5
2020-12-26;"Okres Rimavská Sobota";"SK0329";7;11;18
2020-12-26;"Okres Rožňava";"SK0428";1;3;4
2020-12-26;"Okres Ružomberok";"SK0318";1;3;4
2020-12-26;"Okres Sabinov";"SK0418";2;11;13
2020-12-26;"Okres Senec";"SK0108";17;38;55
2020-12-26;"Okres Senica";"SK0215";6;20;26
2020-12-26;"Okres Skalica";"SK0216";10;10;20
2020-12-26;"Okres Snina";"SK0419";1;6;7
2020-12-26;"Okres Sobrance";"SK0429";2;14;16
2020-12-26;"Okres Spišská Nová Ves";"SK042A";5;23;28
2020-12-26;"Okres Stará Ľubovňa";"SK041A";2;7;9
2020-12-26;"Okres Stropkov";"SK041B";0;5;5
2020-12-26;"Okres Svidník";"SK041C";3;8;11
2020-12-26;"Okres Šaľa";"SK0235";8;27;35
2020-12-26;"Okres Topoľčany";"SK0236";1;1;2
2020-12-26;"Okres Trebišov";"SK042B";11;31;42
2020-12-26;"Okres Trenčín";"SK0229";68;194;262
2020-12-26;"Okres Trnava";"SK0217";15;66;81
2020-12-26;"Okres Tvrdošín";"SK031A";1;3;4
2020-12-26;"Okres Veľký Krtíš";"SK032A";0;7;7
2020-12-26;"Okres Vranov nad Topľou";"SK041D";19;25;44
2020-12-26;"Okres Zlaté Moravce";"SK0237";0;2;2
2020-12-26;"Okres Zvolen";"SK032B";12;61;73
2020-12-26;"Okres Žarnovica";"SK032C";1;3;4
2020-12-26;"Okres Žiar nad Hronom";"SK032D";5;5;10
2020-12-26;"Okres Žilina";"SK031B";76;97;173
2020-12-26;NA;"?";53;137;190
2020-12-25;"Neznáme";"SK000";61;189;250
2020-12-25;"Okres Bánovce nad Bebravou";"SK0221";7;30;37
2020-12-25;"Okres Banská Bystrica";"SK0321";18;49;67
2020-12-25;"Okres Banská Štiavnica";"SK0322";0;8;8
2020-12-25;"Okres Bardejov";"SK0411";18;84;102
2020-12-25;"Okres Bratislava I";"SK0101";5;32;37
2020-12-25;"Okres Bratislava II";"SK0102";13;52;65
2020-12-25;"Okres Bratislava III";"SK0103";6;28;34
2020-12-25;"Okres Bratislava IV";"SK0104";8;42;50
2020-12-25;"Okres Bratislava V";"SK0105";9;46;55
2020-12-25;"Okres Brezno";"SK0323";9;10;19
2020-12-25;"Okres Bytča";"SK0311";0;1;1
2020-12-25;"Okres Čadca";"SK0312";5;6;11
2020-12-25;"Okres Detva";"SK0324";2;1;3
2020-12-25;"Okres Dolný Kubín";"SK0313";3;4;7
2020-12-25;"Okres Dunajská Streda";"SK0211";30;91;121
2020-12-25;"Okres Galanta";"SK0212";16;61;77
2020-12-25;"Okres Gelnica";"SK0421";5;23;28
2020-12-25;"Okres Hlohovec";"SK0213";1;3;4
2020-12-25;"Okres Humenné";"SK0412";17;50;67
2020-12-25;"Okres Ilava";"SK0222";60;99;159
2020-12-25;"Okres Kežmarok";"SK0413";1;10;11
2020-12-25;"Okres Komárno";"SK0231";1;4;5
2020-12-25;"Okres Košice - okolie";"SK0426";36;128;164
2020-12-25;"Okres Košice I";"SK0422";11;36;47
2020-12-25;"Okres Košice II";"SK0423";14;44;58
2020-12-25;"Okres Košice III";"SK0424";5;15;20
2020-12-25;"Okres Košice IV";"SK0425";11;22;33
2020-12-25;"Okres Krupina";"SK0325";0;1;1
2020-12-25;"Okres Kysucké Nové Mesto";"SK0314";1;2;3
2020-12-25;"Okres Levice";"SK0232";1;2;3
2020-12-25;"Okres Levoča";"SK0414";8;11;19
2020-12-25;"Okres Liptovský Mikuláš";"SK0315";29;136;165
2020-12-25;"Okres Lučenec";"SK0326";1;9;10
2020-12-25;"Okres Malacky";"SK0106";6;29;35
2020-12-25;"Okres Martin";"SK0316";1;10;11
2020-12-25;"Okres Medzilaborce";"SK0415";2;5;7
2020-12-25;"Okres Michalovce";"SK0427";24;74;98
2020-12-25;"Okres Myjava";"SK0223";9;10;19
2020-12-25;"Okres Námestovo";"SK0317";1;5;6
2020-12-25;"Okres Nitra";"SK0233";21;42;63
2020-12-25;"Okres Nové Mesto nad Váhom";"SK0224";27;36;63
2020-12-25;"Okres Nové Zámky";"SK0234";3;14;17
2020-12-25;"Okres Partizánske";"SK0225";7;13;20
2020-12-25;"Okres Pezinok";"SK0107";5;30;35
2020-12-25;"Okres Piešťany";"SK0214";11;15;26
2020-12-25;"Okres Poprad";"SK0416";5;18;23
2020-12-25;"Okres Považská Bystrica";"SK0226";16;23;39
2020-12-25;"Okres Prešov";"SK0417";79;240;319
2020-12-25;"Okres Prievidza";"SK0227";15;43;58
2020-12-25;"Okres Púchov";"SK0228";17;26;43
2020-12-25;"Okres Revúca";"SK0328";2;3;5
2020-12-25;"Okres Rimavská Sobota";"SK0329";17;20;37
2020-12-25;"Okres Rožňava";"SK0428";4;28;32
2020-12-25;"Okres Ružomberok";"SK0318";24;43;67
2020-12-25;"Okres Sabinov";"SK0418";13;59;72
2020-12-25;"Okres Senec";"SK0108";20;37;57
2020-12-25;"Okres Senica";"SK0215";0;4;4
2020-12-25;"Okres Skalica";"SK0216";1;0;1
2020-12-25;"Okres Snina";"SK0419";1;5;6
2020-12-25;"Okres Sobrance";"SK0429";2;13;15
2020-12-25;"Okres Spišská Nová Ves";"SK042A";45;90;135
2020-12-25;"Okres Stará Ľubovňa";"SK041A";1;8;9
2020-12-25;"Okres Stropkov";"SK041B";2;18;20
2020-12-25;"Okres Svidník";"SK041C";30;89;119
2020-12-25;"Okres Šaľa";"SK0235";1;13;14
2020-12-25;"Okres Topoľčany";"SK0236";8;30;38
2020-12-25;"Okres Trebišov";"SK042B";26;125;151
2020-12-25;"Okres Trenčín";"SK0229";91;203;294
2020-12-25;"Okres Trnava";"SK0217";11;21;32
2020-12-25;"Okres Turčianske Teplice";"SK0319";0;1;1
2020-12-25;"Okres Tvrdošín";"SK031A";1;0;1
2020-12-25;"Okres Veľký Krtíš";"SK032A";1;2;3
2020-12-25;"Okres Vranov nad Topľou";"SK041D";45;106;151
2020-12-25;"Okres Zlaté Moravce";"SK0237";0;4;4
2020-12-25;"Okres Zvolen";"SK032B";10;17;27
2020-12-25;"Okres Žarnovica";"SK032C";3;5;8
2020-12-25;"Okres Žiar nad Hronom";"SK032D";10;37;47
2020-12-25;"Okres Žilina";"SK031B";3;3;6
2020-12-25;NA;"?";61;209;270
2020-12-24;"Neznáme";"SK000";354;1239;1593
2020-12-24;"Okres Bánovce nad Bebravou";"SK0221";25;69;94
2020-12-24;"Okres Banská Bystrica";"SK0321";146;435;581
2020-12-24;"Okres Banská Štiavnica";"SK0322";4;18;22
2020-12-24;"Okres Bardejov";"SK0411";62;169;231
2020-12-24;"Okres Bratislava I";"SK0101";30;406;436
2020-12-24;"Okres Bratislava II";"SK0102";93;617;710
2020-12-24;"Okres Bratislava III";"SK0103";57;434;491
2020-12-24;"Okres Bratislava IV";"SK0104";74;527;601
2020-12-24;"Okres Bratislava V";"SK0105";90;495;585
2020-12-24;"Okres Brezno";"SK0323";27;51;78
2020-12-24;"Okres Bytča";"SK0311";41;67;108
2020-12-24;"Okres Čadca";"SK0312";86;192;278
2020-12-24;"Okres Detva";"SK0324";10;46;56
2020-12-24;"Okres Dolný Kubín";"SK0313";8;84;92
2020-12-24;"Okres Dunajská Streda";"SK0211";36;195;231
2020-12-24;"Okres Galanta";"SK0212";34;92;126
2020-12-24;"Okres Gelnica";"SK0421";19;61;80
2020-12-24;"Okres Hlohovec";"SK0213";36;88;124
2020-12-24;"Okres Humenné";"SK0412";23;36;59
2020-12-24;"Okres Ilava";"SK0222";52;106;158
2020-12-24;"Okres Kežmarok";"SK0413";29;132;161
2020-12-24;"Okres Komárno";"SK0231";32;106;138
2020-12-24;"Okres Košice - okolie";"SK0426";72;209;281
2020-12-24;"Okres Košice I";"SK0422";12;57;69
2020-12-24;"Okres Košice II";"SK0423";18;70;88
2020-12-24;"Okres Košice III";"SK0424";8;20;28
2020-12-24;"Okres Košice IV";"SK0425";6;28;34
2020-12-24;"Okres Krupina";"SK0325";9;43;52
2020-12-24;"Okres Kysucké Nové Mesto";"SK0314";43;71;114
2020-12-24;"Okres Levice";"SK0232";42;124;166
2020-12-24;"Okres Levoča";"SK0414";28;108;136
2020-12-24;"Okres Liptovský Mikuláš";"SK0315";14;53;67
2020-12-24;"Okres Lučenec";"SK0326";24;100;124
2020-12-24;"Okres Malacky";"SK0106";42;223;265
2020-12-24;"Okres Martin";"SK0316";55;165;220
2020-12-24;"Okres Medzilaborce";"SK0415";6;17;23
2020-12-24;"Okres Michalovce";"SK0427";46;179;225
2020-12-24;"Okres Myjava";"SK0223";5;33;38
2020-12-24;"Okres Námestovo";"SK0317";4;20;24
2020-12-24;"Okres Nitra";"SK0233";192;372;564
2020-12-24;"Okres Nové Mesto nad Váhom";"SK0224";64;202;266
2020-12-24;"Okres Nové Zámky";"SK0234";118;296;414
2020-12-24;"Okres Partizánske";"SK0225";16;62;78
2020-12-24;"Okres Pezinok";"SK0107";53;222;275
2020-12-24;"Okres Piešťany";"SK0214";42;162;204
2020-12-24;"Okres Poltár";"SK0327";3;15;18
2020-12-24;"Okres Poprad";"SK0416";72;250;322
2020-12-24;"Okres Považská Bystrica";"SK0226";158;287;445
2020-12-24;"Okres Prešov";"SK0417";49;213;262
2020-12-24;"Okres Prievidza";"SK0227";54;150;204
2020-12-24;"Okres Púchov";"SK0228";79;120;199
2020-12-24;"Okres Revúca";"SK0328";24;57;81
2020-12-24;"Okres Rimavská Sobota";"SK0329";105;194;299
2020-12-24;"Okres Rožňava";"SK0428";42;176;218
2020-12-24;"Okres Ružomberok";"SK0318";70;137;207
2020-12-24;"Okres Sabinov";"SK0418";12;52;64
2020-12-24;"Okres Senec";"SK0108";62;383;445
2020-12-24;"Okres Senica";"SK0215";21;61;82
2020-12-24;"Okres Skalica";"SK0216";10;23;33
2020-12-24;"Okres Snina";"SK0419";12;35;47
2020-12-24;"Okres Sobrance";"SK0429";3;33;36
2020-12-24;"Okres Spišská Nová Ves";"SK042A";145;338;483
2020-12-24;"Okres Stará Ľubovňa";"SK041A";39;150;189
2020-12-24;"Okres Stropkov";"SK041B";17;41;58
2020-12-24;"Okres Svidník";"SK041C";48;102;150
2020-12-24;"Okres Šaľa";"SK0235";22;74;96
2020-12-24;"Okres Topoľčany";"SK0236";38;124;162
2020-12-24;"Okres Trebišov";"SK042B";87;241;328
2020-12-24;"Okres Trenčín";"SK0229";93;308;401
2020-12-24;"Okres Trnava";"SK0217";88;468;556
2020-12-24;"Okres Turčianske Teplice";"SK0319";6;13;19
2020-12-24;"Okres Tvrdošín";"SK031A";3;11;14
2020-12-24;"Okres Veľký Krtíš";"SK032A";20;97;117
2020-12-24;"Okres Vranov nad Topľou";"SK041D";57;151;208
2020-12-24;"Okres Zlaté Moravce";"SK0237";46;45;91
2020-12-24;"Okres Zvolen";"SK032B";62;225;287
2020-12-24;"Okres Žarnovica";"SK032C";17;22;39
2020-12-24;"Okres Žiar nad Hronom";"SK032D";18;58;76
2020-12-24;"Okres Žilina";"SK031B";233;475;708
2020-12-24;NA;"?";103;608;711
2020-12-23;"Neznáme";"SK000";301;1326;1627
2020-12-23;"Okres Bánovce nad Bebravou";"SK0221";19;48;67
2020-12-23;"Okres Banská Bystrica";"SK0321";75;215;290
2020-12-23;"Okres Banská Štiavnica";"SK0322";1;11;12
2020-12-23;"Okres Bardejov";"SK0411";27;91;118
2020-12-23;"Okres Bratislava I";"SK0101";35;472;507
2020-12-23;"Okres Bratislava II";"SK0102";49;662;711
2020-12-23;"Okres Bratislava III";"SK0103";65;442;507
2020-12-23;"Okres Bratislava IV";"SK0104";62;558;620
2020-12-23;"Okres Bratislava V";"SK0105";66;495;561
2020-12-23;"Okres Brezno";"SK0323";48;73;121
2020-12-23;"Okres Bytča";"SK0311";0;13;13
2020-12-23;"Okres Čadca";"SK0312";114;193;307
2020-12-23;"Okres Detva";"SK0324";20;45;65
2020-12-23;"Okres Dolný Kubín";"SK0313";13;51;64
2020-12-23;"Okres Dunajská Streda";"SK0211";89;339;428
2020-12-23;"Okres Galanta";"SK0212";27;108;135
2020-12-23;"Okres Gelnica";"SK0421";6;23;29
2020-12-23;"Okres Hlohovec";"SK0213";19;63;82
2020-12-23;"Okres Humenné";"SK0412";14;55;69
2020-12-23;"Okres Ilava";"SK0222";60;125;185
2020-12-23;"Okres Kežmarok";"SK0413";18;90;108
2020-12-23;"Okres Komárno";"SK0231";36;151;187
2020-12-23;"Okres Košice - okolie";"SK0426";26;110;136
2020-12-23;"Okres Košice I";"SK0422";4;12;16
2020-12-23;"Okres Košice II";"SK0423";4;14;18
2020-12-23;"Okres Košice III";"SK0424";1;4;5
2020-12-23;"Okres Košice IV";"SK0425";1;9;10
2020-12-23;"Okres Krupina";"SK0325";11;58;69
2020-12-23;"Okres Kysucké Nové Mesto";"SK0314";7;17;24
2020-12-23;"Okres Levice";"SK0232";43;203;246
2020-12-23;"Okres Levoča";"SK0414";20;79;99
2020-12-23;"Okres Liptovský Mikuláš";"SK0315";26;55;81
2020-12-23;"Okres Lučenec";"SK0326";47;128;175
2020-12-23;"Okres Malacky";"SK0106";29;151;180
2020-12-23;"Okres Martin";"SK0316";8;34;42
2020-12-23;"Okres Medzilaborce";"SK0415";18;35;53
2020-12-23;"Okres Michalovce";"SK0427";27;121;148
2020-12-23;"Okres Myjava";"SK0223";6;14;20
2020-12-23;"Okres Námestovo";"SK0317";5;77;82
2020-12-23;"Okres Nitra";"SK0233";129;281;410
2020-12-23;"Okres Nové Mesto nad Váhom";"SK0224";25;84;109
2020-12-23;"Okres Nové Zámky";"SK0234";28;79;107
2020-12-23;"Okres Partizánske";"SK0225";11;40;51
2020-12-23;"Okres Pezinok";"SK0107";18;157;175
2020-12-23;"Okres Piešťany";"SK0214";15;103;118
2020-12-23;"Okres Poltár";"SK0327";5;15;20
2020-12-23;"Okres Poprad";"SK0416";67;251;318
2020-12-23;"Okres Považská Bystrica";"SK0226";10;60;70
2020-12-23;"Okres Prešov";"SK0417";38;344;382
2020-12-23;"Okres Prievidza";"SK0227";55;118;173
2020-12-23;"Okres Púchov";"SK0228";18;58;76
2020-12-23;"Okres Revúca";"SK0328";14;29;43
2020-12-23;"Okres Rimavská Sobota";"SK0329";28;73;101
2020-12-23;"Okres Rožňava";"SK0428";5;36;41
2020-12-23;"Okres Ružomberok";"SK0318";16;37;53
2020-12-23;"Okres Sabinov";"SK0418";10;45;55
2020-12-23;"Okres Senec";"SK0108";33;264;297
2020-12-23;"Okres Senica";"SK0215";34;45;79
2020-12-23;"Okres Skalica";"SK0216";0;13;13
2020-12-23;"Okres Snina";"SK0419";11;41;52
2020-12-23;"Okres Sobrance";"SK0429";1;13;14
2020-12-23;"Okres Spišská Nová Ves";"SK042A";44;95;139
2020-12-23;"Okres Stará Ľubovňa";"SK041A";39;138;177
2020-12-23;"Okres Stropkov";"SK041B";18;39;57
2020-12-23;"Okres Svidník";"SK041C";64;181;245
2020-12-23;"Okres Šaľa";"SK0235";9;55;64
2020-12-23;"Okres Topoľčany";"SK0236";17;56;73
2020-12-23;"Okres Trebišov";"SK042B";116;287;403
2020-12-23;"Okres Trenčín";"SK0229";196;410;606
2020-12-23;"Okres Trnava";"SK0217";24;161;185
2020-12-23;"Okres Turčianske Teplice";"SK0319";1;4;5
2020-12-23;"Okres Tvrdošín";"SK031A";19;68;87
2020-12-23;"Okres Veľký Krtíš";"SK032A";31;108;139
2020-12-23;"Okres Vranov nad Topľou";"SK041D";22;67;89
2020-12-23;"Okres Zlaté Moravce";"SK0237";31;59;90
2020-12-23;"Okres Zvolen";"SK032B";39;207;246
2020-12-23;"Okres Žarnovica";"SK032C";1;25;26
2020-12-23;"Okres Žiar nad Hronom";"SK032D";19;46;65
2020-12-23;"Okres Žilina";"SK031B";9;70;79
2020-12-23;"Zahraničie";"SKZZZZ";0;1;1
2020-12-23;NA;"?";66;422;488
2020-12-22;"Neznáme";"SK000";802;2241;3043
2020-12-22;"Okres Bánovce nad Bebravou";"SK0221";40;84;124
2020-12-22;"Okres Banská Bystrica";"SK0321";89;413;502
2020-12-22;"Okres Banská Štiavnica";"SK0322";6;32;38
2020-12-22;"Okres Bardejov";"SK0411";13;88;101
2020-12-22;"Okres Bratislava I";"SK0101";26;436;462
2020-12-22;"Okres Bratislava II";"SK0102";47;612;659
2020-12-22;"Okres Bratislava III";"SK0103";49;410;459
2020-12-22;"Okres Bratislava IV";"SK0104";50;556;606
2020-12-22;"Okres Bratislava V";"SK0105";50;494;544
2020-12-22;"Okres Brezno";"SK0323";30;88;118
2020-12-22;"Okres Bytča";"SK0311";18;42;60
2020-12-22;"Okres Čadca";"SK0312";8;34;42
2020-12-22;"Okres Detva";"SK0324";13;49;62
2020-12-22;"Okres Dolný Kubín";"SK0313";29;62;91
2020-12-22;"Okres Dunajská Streda";"SK0211";29;131;160
2020-12-22;"Okres Galanta";"SK0212";19;147;166
2020-12-22;"Okres Gelnica";"SK0421";12;28;40
2020-12-22;"Okres Hlohovec";"SK0213";29;85;114
2020-12-22;"Okres Humenné";"SK0412";21;91;112
2020-12-22;"Okres Ilava";"SK0222";73;129;202
2020-12-22;"Okres Kežmarok";"SK0413";33;88;121
2020-12-22;"Okres Komárno";"SK0231";43;118;161
2020-12-22;"Okres Košice - okolie";"SK0426";84;251;335
2020-12-22;"Okres Košice I";"SK0422";15;60;75
2020-12-22;"Okres Košice II";"SK0423";21;77;98
2020-12-22;"Okres Košice III";"SK0424";10;19;29
2020-12-22;"Okres Košice IV";"SK0425";14;37;51
2020-12-22;"Okres Krupina";"SK0325";6;51;57
2020-12-22;"Okres Kysucké Nové Mesto";"SK0314";14;28;42
2020-12-22;"Okres Levice";"SK0232";27;144;171
2020-12-22;"Okres Levoča";"SK0414";19;53;72
2020-12-22;"Okres Liptovský Mikuláš";"SK0315";171;232;403
2020-12-22;"Okres Lučenec";"SK0326";47;155;202
2020-12-22;"Okres Malacky";"SK0106";24;135;159
2020-12-22;"Okres Martin";"SK0316";94;326;420
2020-12-22;"Okres Medzilaborce";"SK0415";1;8;9
2020-12-22;"Okres Michalovce";"SK0427";39;89;128
2020-12-22;"Okres Myjava";"SK0223";22;81;103
2020-12-22;"Okres Námestovo";"SK0317";2;14;16
2020-12-22;"Okres Nitra";"SK0233";77;234;311
2020-12-22;"Okres Nové Mesto nad Váhom";"SK0224";114;304;418
2020-12-22;"Okres Nové Zámky";"SK0234";53;138;191
2020-12-22;"Okres Partizánske";"SK0225";11;29;40
2020-12-22;"Okres Pezinok";"SK0107";18;149;167
2020-12-22;"Okres Piešťany";"SK0214";37;171;208
2020-12-22;"Okres Poltár";"SK0327";14;33;47
2020-12-22;"Okres Poprad";"SK0416";84;223;307
2020-12-22;"Okres Považská Bystrica";"SK0226";131;301;432
2020-12-22;"Okres Prešov";"SK0417";161;492;653
2020-12-22;"Okres Prievidza";"SK0227";90;200;290
2020-12-22;"Okres Púchov";"SK0228";87;120;207
2020-12-22;"Okres Revúca";"SK0328";7;59;66
2020-12-22;"Okres Rimavská Sobota";"SK0329";12;55;67
2020-12-22;"Okres Rožňava";"SK0428";12;46;58
2020-12-22;"Okres Ružomberok";"SK0318";50;110;160
2020-12-22;"Okres Sabinov";"SK0418";21;61;82
2020-12-22;"Okres Senec";"SK0108";24;225;249
2020-12-22;"Okres Senica";"SK0215";22;71;93
2020-12-22;"Okres Skalica";"SK0216";11;59;70
2020-12-22;"Okres Snina";"SK0419";4;16;20
2020-12-22;"Okres Sobrance";"SK0429";8;14;22
2020-12-22;"Okres Spišská Nová Ves";"SK042A";77;265;342
2020-12-22;"Okres Stará Ľubovňa";"SK041A";4;15;19
2020-12-22;"Okres Stropkov";"SK041B";8;33;41
2020-12-22;"Okres Svidník";"SK041C";34;73;107
2020-12-22;"Okres Šaľa";"SK0235";19;68;87
2020-12-22;"Okres Topoľčany";"SK0236";7;54;61
2020-12-22;"Okres Trebišov";"SK042B";38;123;161
2020-12-22;"Okres Trenčín";"SK0229";84;339;423
2020-12-22;"Okres Trnava";"SK0217";78;437;515
2020-12-22;"Okres Turčianske Teplice";"SK0319";4;33;37
2020-12-22;"Okres Tvrdošín";"SK031A";0;7;7
2020-12-22;"Okres Veľký Krtíš";"SK032A";10;36;46
2020-12-22;"Okres Vranov nad Topľou";"SK041D";41;156;197
2020-12-22;"Okres Zlaté Moravce";"SK0237";8;22;30
2020-12-22;"Okres Zvolen";"SK032B";62;234;296
2020-12-22;"Okres Žarnovica";"SK032C";4;26;30
2020-12-22;"Okres Žiar nad Hronom";"SK032D";24;70;94
2020-12-22;"Okres Žilina";"SK031B";79;316;395
2020-12-22;NA;"?";113;628;741
2020-12-21;"Neznáme";"SK000";187;876;1063
2020-12-21;"Okres Bánovce nad Bebravou";"SK0221";15;50;65
2020-12-21;"Okres Banská Bystrica";"SK0321";60;211;271
2020-12-21;"Okres Banská Štiavnica";"SK0322";1;23;24
2020-12-21;"Okres Bardejov";"SK0411";15;76;91
2020-12-21;"Okres Bratislava I";"SK0101";26;291;317
2020-12-21;"Okres Bratislava II";"SK0102";56;575;631
2020-12-21;"Okres Bratislava III";"SK0103";56;371;427
2020-12-21;"Okres Bratislava IV";"SK0104";69;423;492
2020-12-21;"Okres Bratislava V";"SK0105";83;445;528
2020-12-21;"Okres Brezno";"SK0323";12;30;42
2020-12-21;"Okres Bytča";"SK0311";21;39;60
2020-12-21;"Okres Čadca";"SK0312";63;125;188
2020-12-21;"Okres Detva";"SK0324";6;58;64
2020-12-21;"Okres Dolný Kubín";"SK0313";16;28;44
2020-12-21;"Okres Dunajská Streda";"SK0211";17;87;104
2020-12-21;"Okres Galanta";"SK0212";23;84;107
2020-12-21;"Okres Gelnica";"SK0421";16;29;45
2020-12-21;"Okres Hlohovec";"SK0213";36;122;158
2020-12-21;"Okres Humenné";"SK0412";34;46;80
2020-12-21;"Okres Ilava";"SK0222";25;57;82
2020-12-21;"Okres Kežmarok";"SK0413";11;22;33
2020-12-21;"Okres Komárno";"SK0231";8;55;63
2020-12-21;"Okres Košice - okolie";"SK0426";77;267;344
2020-12-21;"Okres Košice I";"SK0422";14;63;77
2020-12-21;"Okres Košice II";"SK0423";17;63;80
2020-12-21;"Okres Košice III";"SK0424";8;16;24
2020-12-21;"Okres Košice IV";"SK0425";1;35;36
2020-12-21;"Okres Krupina";"SK0325";8;50;58
2020-12-21;"Okres Kysucké Nové Mesto";"SK0314";41;47;88
2020-12-21;"Okres Levice";"SK0232";7;45;52
2020-12-21;"Okres Levoča";"SK0414";13;22;35
2020-12-21;"Okres Liptovský Mikuláš";"SK0315";19;46;65
2020-12-21;"Okres Lučenec";"SK0326";75;123;198
2020-12-21;"Okres Malacky";"SK0106";27;139;166
2020-12-21;"Okres Martin";"SK0316";95;287;382
2020-12-21;"Okres Medzilaborce";"SK0415";7;7;14
2020-12-21;"Okres Michalovce";"SK0427";35;131;166
2020-12-21;"Okres Myjava";"SK0223";41;92;133
2020-12-21;"Okres Námestovo";"SK0317";15;26;41
2020-12-21;"Okres Nitra";"SK0233";32;131;163
2020-12-21;"Okres Nové Mesto nad Váhom";"SK0224";26;101;127
2020-12-21;"Okres Nové Zámky";"SK0234";49;118;167
2020-12-21;"Okres Partizánske";"SK0225";7;16;23
2020-12-21;"Okres Pezinok";"SK0107";19;155;174
2020-12-21;"Okres Piešťany";"SK0214";46;127;173
2020-12-21;"Okres Poltár";"SK0327";5;17;22
2020-12-21;"Okres Poprad";"SK0416";25;90;115
2020-12-21;"Okres Považská Bystrica";"SK0226";13;40;53
2020-12-21;"Okres Prešov";"SK0417";173;552;725
2020-12-21;"Okres Prievidza";"SK0227";42;106;148
2020-12-21;"Okres Púchov";"SK0228";6;13;19
2020-12-21;"Okres Revúca";"SK0328";52;32;84
2020-12-21;"Okres Rimavská Sobota";"SK0329";30;24;54
2020-12-21;"Okres Rožňava";"SK0428";6;20;26
2020-12-21;"Okres Ružomberok";"SK0318";36;90;126
2020-12-21;"Okres Sabinov";"SK0418";36;129;165
2020-12-21;"Okres Senec";"SK0108";55;248;303
2020-12-21;"Okres Senica";"SK0215";23;59;82
2020-12-21;"Okres Skalica";"SK0216";11;37;48
2020-12-21;"Okres Snina";"SK0419";7;48;55
2020-12-21;"Okres Sobrance";"SK0429";7;21;28
2020-12-21;"Okres Spišská Nová Ves";"SK042A";68;138;206
2020-12-21;"Okres Stará Ľubovňa";"SK041A";40;124;164
2020-12-21;"Okres Stropkov";"SK041B";16;40;56
2020-12-21;"Okres Svidník";"SK041C";37;86;123
2020-12-21;"Okres Šaľa";"SK0235";9;32;41
2020-12-21;"Okres Topoľčany";"SK0236";19;51;70
2020-12-21;"Okres Trebišov";"SK042B";76;185;261
2020-12-21;"Okres Trenčín";"SK0229";69;312;381
2020-12-21;"Okres Trnava";"SK0217";123;364;487
2020-12-21;"Okres Turčianske Teplice";"SK0319";7;18;25
2020-12-21;"Okres Tvrdošín";"SK031A";20;46;66
2020-12-21;"Okres Veľký Krtíš";"SK032A";13;21;34
2020-12-21;"Okres Vranov nad Topľou";"SK041D";40;124;164
2020-12-21;"Okres Zlaté Moravce";"SK0237";8;11;19
2020-12-21;"Okres Zvolen";"SK032B";43;222;265
2020-12-21;"Okres Žarnovica";"SK032C";1;30;31
2020-12-21;"Okres Žiar nad Hronom";"SK032D";11;53;64
2020-12-21;"Okres Žilina";"SK031B";85;297;382
2020-12-21;"Zahraničie";"SKZZZZ";0;1;1
2020-12-21;NA;"?";98;533;631
2020-12-20;"Neznáme";"SK000";62;184;246
2020-12-20;"Okres Bánovce nad Bebravou";"SK0221";12;34;46
2020-12-20;"Okres Banská Bystrica";"SK0321";66;177;243
2020-12-20;"Okres Banská Štiavnica";"SK0322";2;2;4
2020-12-20;"Okres Bardejov";"SK0411";36;120;156
2020-12-20;"Okres Bratislava I";"SK0101";10;142;152
2020-12-20;"Okres Bratislava II";"SK0102";21;277;298
2020-12-20;"Okres Bratislava III";"SK0103";20;226;246
2020-12-20;"Okres Bratislava IV";"SK0104";33;253;286
2020-12-20;"Okres Bratislava V";"SK0105";42;240;282
2020-12-20;"Okres Brezno";"SK0323";15;40;55
2020-12-20;"Okres Bytča";"SK0311";1;4;5
2020-12-20;"Okres Čadca";"SK0312";3;20;23
2020-12-20;"Okres Detva";"SK0324";4;15;19
2020-12-20;"Okres Dolný Kubín";"SK0313";1;6;7
2020-12-20;"Okres Dunajská Streda";"SK0211";39;137;176
2020-12-20;"Okres Galanta";"SK0212";26;121;147
2020-12-20;"Okres Gelnica";"SK0421";1;8;9
2020-12-20;"Okres Hlohovec";"SK0213";8;30;38
2020-12-20;"Okres Humenné";"SK0412";18;28;46
2020-12-20;"Okres Ilava";"SK0222";26;42;68
2020-12-20;"Okres Kežmarok";"SK0413";8;64;72
2020-12-20;"Okres Komárno";"SK0231";5;15;20
2020-12-20;"Okres Košice - okolie";"SK0426";41;103;144
2020-12-20;"Okres Košice I";"SK0422";8;27;35
2020-12-20;"Okres Košice II";"SK0423";11;58;69
2020-12-20;"Okres Košice III";"SK0424";4;14;18
2020-12-20;"Okres Košice IV";"SK0425";12;25;37
2020-12-20;"Okres Krupina";"SK0325";3;6;9
2020-12-20;"Okres Kysucké Nové Mesto";"SK0314";0;2;2
2020-12-20;"Okres Levice";"SK0232";3;15;18
2020-12-20;"Okres Levoča";"SK0414";4;13;17
2020-12-20;"Okres Liptovský Mikuláš";"SK0315";4;24;28
2020-12-20;"Okres Lučenec";"SK0326";4;4;8
2020-12-20;"Okres Malacky";"SK0106";20;48;68
2020-12-20;"Okres Martin";"SK0316";8;51;59
2020-12-20;"Okres Medzilaborce";"SK0415";2;9;11
2020-12-20;"Okres Michalovce";"SK0427";28;90;118
2020-12-20;"Okres Myjava";"SK0223";2;7;9
2020-12-20;"Okres Námestovo";"SK0317";0;10;10
2020-12-20;"Okres Nitra";"SK0233";26;64;90
2020-12-20;"Okres Nové Mesto nad Váhom";"SK0224";59;132;191
2020-12-20;"Okres Nové Zámky";"SK0234";12;50;62
2020-12-20;"Okres Partizánske";"SK0225";6;12;18
2020-12-20;"Okres Pezinok";"SK0107";11;110;121
2020-12-20;"Okres Piešťany";"SK0214";9;37;46
2020-12-20;"Okres Poltár";"SK0327";0;3;3
2020-12-20;"Okres Poprad";"SK0416";14;92;106
2020-12-20;"Okres Považská Bystrica";"SK0226";0;9;9
2020-12-20;"Okres Prešov";"SK0417";8;46;54
2020-12-20;"Okres Prievidza";"SK0227";18;63;81
2020-12-20;"Okres Púchov";"SK0228";0;8;8
2020-12-20;"Okres Revúca";"SK0328";2;5;7
2020-12-20;"Okres Rimavská Sobota";"SK0329";47;66;113
2020-12-20;"Okres Rožňava";"SK0428";5;21;26
2020-12-20;"Okres Ružomberok";"SK0318";13;34;47
2020-12-20;"Okres Sabinov";"SK0418";3;15;18
2020-12-20;"Okres Senec";"SK0108";26;169;195
2020-12-20;"Okres Senica";"SK0215";2;14;16
2020-12-20;"Okres Skalica";"SK0216";0;2;2
2020-12-20;"Okres Snina";"SK0419";2;5;7
2020-12-20;"Okres Sobrance";"SK0429";6;14;20
2020-12-20;"Okres Spišská Nová Ves";"SK042A";0;27;27
2020-12-20;"Okres Stará Ľubovňa";"SK041A";13;78;91
2020-12-20;"Okres Stropkov";"SK041B";11;20;31
2020-12-20;"Okres Svidník";"SK041C";38;78;116
2020-12-20;"Okres Šaľa";"SK0235";12;58;70
2020-12-20;"Okres Topoľčany";"SK0236";7;50;57
2020-12-20;"Okres Trebišov";"SK042B";51;93;144
2020-12-20;"Okres Trenčín";"SK0229";118;261;379
2020-12-20;"Okres Trnava";"SK0217";54;184;238
2020-12-20;"Okres Turčianske Teplice";"SK0319";1;4;5
2020-12-20;"Okres Tvrdošín";"SK031A";0;5;5
2020-12-20;"Okres Veľký Krtíš";"SK032A";1;4;5
2020-12-20;"Okres Vranov nad Topľou";"SK041D";35;126;161
2020-12-20;"Okres Zlaté Moravce";"SK0237";5;5;10
2020-12-20;"Okres Zvolen";"SK032B";28;60;88
2020-12-20;"Okres Žarnovica";"SK032C";1;4;5
2020-12-20;"Okres Žiar nad Hronom";"SK032D";9;16;25
2020-12-20;"Okres Žilina";"SK031B";1;65;66
2020-12-20;NA;"?";50;174;224
2020-12-19;"Neznáme";"SK000";212;636;848
2020-12-19;"Okres Bánovce nad Bebravou";"SK0221";20;66;86
2020-12-19;"Okres Banská Bystrica";"SK0321";42;180;222
2020-12-19;"Okres Banská Štiavnica";"SK0322";1;9;10
2020-12-19;"Okres Bardejov";"SK0411";40;129;169
2020-12-19;"Okres Bratislava I";"SK0101";28;257;285
2020-12-19;"Okres Bratislava II";"SK0102";45;403;448
2020-12-19;"Okres Bratislava III";"SK0103";47;317;364
2020-12-19;"Okres Bratislava IV";"SK0104";54;333;387
2020-12-19;"Okres Bratislava V";"SK0105";61;353;414
2020-12-19;"Okres Brezno";"SK0323";20;53;73
2020-12-19;"Okres Bytča";"SK0311";10;23;33
2020-12-19;"Okres Čadca";"SK0312";37;65;102
2020-12-19;"Okres Detva";"SK0324";11;24;35
2020-12-19;"Okres Dolný Kubín";"SK0313";2;16;18
2020-12-19;"Okres Dunajská Streda";"SK0211";28;156;184
2020-12-19;"Okres Galanta";"SK0212";44;100;144
2020-12-19;"Okres Gelnica";"SK0421";6;16;22
2020-12-19;"Okres Hlohovec";"SK0213";16;41;57
2020-12-19;"Okres Humenné";"SK0412";26;53;79
2020-12-19;"Okres Ilava";"SK0222";50;105;155
2020-12-19;"Okres Kežmarok";"SK0413";33;109;142
2020-12-19;"Okres Komárno";"SK0231";47;81;128
2020-12-19;"Okres Košice - okolie";"SK0426";28;105;133
2020-12-19;"Okres Košice I";"SK0422";7;17;24
2020-12-19;"Okres Košice II";"SK0423";7;33;40
2020-12-19;"Okres Košice III";"SK0424";2;5;7
2020-12-19;"Okres Košice IV";"SK0425";9;11;20
2020-12-19;"Okres Krupina";"SK0325";3;14;17
2020-12-19;"Okres Kysucké Nové Mesto";"SK0314";8;18;26
2020-12-19;"Okres Levice";"SK0232";22;90;112
2020-12-19;"Okres Levoča";"SK0414";11;34;45
2020-12-19;"Okres Liptovský Mikuláš";"SK0315";37;104;141
2020-12-19;"Okres Lučenec";"SK0326";1;15;16
2020-12-19;"Okres Malacky";"SK0106";43;145;188
2020-12-19;"Okres Martin";"SK0316";15;73;88
2020-12-19;"Okres Medzilaborce";"SK0415";2;35;37
2020-12-19;"Okres Michalovce";"SK0427";11;62;73
2020-12-19;"Okres Myjava";"SK0223";3;5;8
2020-12-19;"Okres Námestovo";"SK0317";1;39;40
2020-12-19;"Okres Nitra";"SK0233";73;185;258
2020-12-19;"Okres Nové Mesto nad Váhom";"SK0224";78;137;215
2020-12-19;"Okres Nové Zámky";"SK0234";29;79;108
2020-12-19;"Okres Partizánske";"SK0225";14;34;48
2020-12-19;"Okres Pezinok";"SK0107";23;130;153
2020-12-19;"Okres Piešťany";"SK0214";24;59;83
2020-12-19;"Okres Poltár";"SK0327";0;8;8
2020-12-19;"Okres Poprad";"SK0416";84;250;334
2020-12-19;"Okres Považská Bystrica";"SK0226";44;123;167
2020-12-19;"Okres Prešov";"SK0417";57;222;279
2020-12-19;"Okres Prievidza";"SK0227";9;44;53
2020-12-19;"Okres Púchov";"SK0228";24;46;70
2020-12-19;"Okres Revúca";"SK0328";21;53;74
2020-12-19;"Okres Rimavská Sobota";"SK0329";71;135;206
2020-12-19;"Okres Rožňava";"SK0428";13;81;94
2020-12-19;"Okres Ružomberok";"SK0318";35;74;109
2020-12-19;"Okres Sabinov";"SK0418";4;42;46
2020-12-19;"Okres Senec";"SK0108";44;240;284
2020-12-19;"Okres Senica";"SK0215";4;19;23
2020-12-19;"Okres Skalica";"SK0216";0;12;12
2020-12-19;"Okres Snina";"SK0419";1;14;15
2020-12-19;"Okres Sobrance";"SK0429";0;9;9
2020-12-19;"Okres Spišská Nová Ves";"SK042A";17;50;67
2020-12-19;"Okres Stará Ľubovňa";"SK041A";5;10;15
2020-12-19;"Okres Stropkov";"SK041B";1;12;13
2020-12-19;"Okres Svidník";"SK041C";3;22;25
2020-12-19;"Okres Šaľa";"SK0235";9;52;61
2020-12-19;"Okres Topoľčany";"SK0236";16;61;77
2020-12-19;"Okres Trebišov";"SK042B";39;104;143
2020-12-19;"Okres Trenčín";"SK0229";98;222;320
2020-12-19;"Okres Trnava";"SK0217";89;228;317
2020-12-19;"Okres Turčianske Teplice";"SK0319";5;11;16
2020-12-19;"Okres Tvrdošín";"SK031A";2;7;9
2020-12-19;"Okres Veľký Krtíš";"SK032A";1;9;10
2020-12-19;"Okres Vranov nad Topľou";"SK041D";27;54;81
2020-12-19;"Okres Zlaté Moravce";"SK0237";4;28;32
2020-12-19;"Okres Zvolen";"SK032B";13;97;110
2020-12-19;"Okres Žarnovica";"SK032C";0;7;7
2020-12-19;"Okres Žiar nad Hronom";"SK032D";5;11;16
2020-12-19;"Okres Žilina";"SK031B";36;145;181
2020-12-19;NA;"?";40;213;253
2020-12-18;"Neznáme";"SK000";561;1809;2370
2020-12-18;"Okres Bánovce nad Bebravou";"SK0221";7;23;30
2020-12-18;"Okres Banská Bystrica";"SK0321";134;392;526
2020-12-18;"Okres Banská Štiavnica";"SK0322";4;23;27
2020-12-18;"Okres Bardejov";"SK0411";12;46;58
2020-12-18;"Okres Bratislava I";"SK0101";17;291;308
2020-12-18;"Okres Bratislava II";"SK0102";46;526;572
2020-12-18;"Okres Bratislava III";"SK0103";26;331;357
2020-12-18;"Okres Bratislava IV";"SK0104";39;419;458
2020-12-18;"Okres Bratislava V";"SK0105";55;432;487
2020-12-18;"Okres Brezno";"SK0323";51;93;144
2020-12-18;"Okres Bytča";"SK0311";15;46;61
2020-12-18;"Okres Čadca";"SK0312";20;86;106
2020-12-18;"Okres Detva";"SK0324";14;95;109
2020-12-18;"Okres Dolný Kubín";"SK0313";9;45;54
2020-12-18;"Okres Dunajská Streda";"SK0211";57;157;214
2020-12-18;"Okres Galanta";"SK0212";48;134;182
2020-12-18;"Okres Gelnica";"SK0421";13;29;42
2020-12-18;"Okres Hlohovec";"SK0213";27;86;113
2020-12-18;"Okres Humenné";"SK0412";15;72;87
2020-12-18;"Okres Ilava";"SK0222";60;118;178
2020-12-18;"Okres Kežmarok";"SK0413";47;229;276
2020-12-18;"Okres Komárno";"SK0231";64;123;187
2020-12-18;"Okres Košice - okolie";"SK0426";41;163;204
2020-12-18;"Okres Košice I";"SK0422";9;27;36
2020-12-18;"Okres Košice II";"SK0423";15;56;71
2020-12-18;"Okres Košice III";"SK0424";0;8;8
2020-12-18;"Okres Košice IV";"SK0425";7;14;21
2020-12-18;"Okres Krupina";"SK0325";14;58;72
2020-12-18;"Okres Kysucké Nové Mesto";"SK0314";13;46;59
2020-12-18;"Okres Levice";"SK0232";14;133;147
2020-12-18;"Okres Levoča";"SK0414";25;85;110
2020-12-18;"Okres Liptovský Mikuláš";"SK0315";23;45;68
2020-12-18;"Okres Lučenec";"SK0326";41;130;171
2020-12-18;"Okres Malacky";"SK0106";32;180;212
2020-12-18;"Okres Martin";"SK0316";72;274;346
2020-12-18;"Okres Medzilaborce";"SK0415";5;97;102
2020-12-18;"Okres Michalovce";"SK0427";68;311;379
2020-12-18;"Okres Myjava";"SK0223";31;64;95
2020-12-18;"Okres Námestovo";"SK0317";1;57;58
2020-12-18;"Okres Nitra";"SK0233";83;254;337
2020-12-18;"Okres Nové Mesto nad Váhom";"SK0224";36;183;219
2020-12-18;"Okres Nové Zámky";"SK0234";68;170;238
2020-12-18;"Okres Partizánske";"SK0225";8;12;20
2020-12-18;"Okres Pezinok";"SK0107";19;155;174
2020-12-18;"Okres Piešťany";"SK0214";32;152;184
2020-12-18;"Okres Poltár";"SK0327";3;18;21
2020-12-18;"Okres Poprad";"SK0416";55;199;254
2020-12-18;"Okres Považská Bystrica";"SK0226";82;202;284
2020-12-18;"Okres Prešov";"SK0417";105;455;560
2020-12-18;"Okres Prievidza";"SK0227";107;190;297
2020-12-18;"Okres Púchov";"SK0228";72;107;179
2020-12-18;"Okres Revúca";"SK0328";8;42;50
2020-12-18;"Okres Rimavská Sobota";"SK0329";24;68;92
2020-12-18;"Okres Rožňava";"SK0428";1;24;25
2020-12-18;"Okres Ružomberok";"SK0318";24;54;78
2020-12-18;"Okres Sabinov";"SK0418";25;85;110
2020-12-18;"Okres Senec";"SK0108";40;301;341
2020-12-18;"Okres Senica";"SK0215";24;116;140
2020-12-18;"Okres Skalica";"SK0216";9;25;34
2020-12-18;"Okres Snina";"SK0419";14;42;56
2020-12-18;"Okres Sobrance";"SK0429";3;14;17
2020-12-18;"Okres Spišská Nová Ves";"SK042A";54;151;205
2020-12-18;"Okres Stará Ľubovňa";"SK041A";35;85;120
2020-12-18;"Okres Stropkov";"SK041B";9;26;35
2020-12-18;"Okres Svidník";"SK041C";23;47;70
2020-12-18;"Okres Šaľa";"SK0235";28;63;91
2020-12-18;"Okres Topoľčany";"SK0236";21;46;67
2020-12-18;"Okres Trebišov";"SK042B";39;79;118
2020-12-18;"Okres Trenčín";"SK0229";88;274;362
2020-12-18;"Okres Trnava";"SK0217";84;369;453
2020-12-18;"Okres Turčianske Teplice";"SK0319";6;26;32
2020-12-18;"Okres Tvrdošín";"SK031A";17;35;52
2020-12-18;"Okres Veľký Krtíš";"SK032A";26;57;83
2020-12-18;"Okres Vranov nad Topľou";"SK041D";44;111;155
2020-12-18;"Okres Zlaté Moravce";"SK0237";19;56;75
2020-12-18;"Okres Zvolen";"SK032B";56;316;372
2020-12-18;"Okres Žarnovica";"SK032C";14;33;47
2020-12-18;"Okres Žiar nad Hronom";"SK032D";20;87;107
2020-12-18;"Okres Žilina";"SK031B";96;356;452
2020-12-18;NA;"?";60;426;486
2020-12-17;"Neznáme";"SK000";449;1635;2084
2020-12-17;"Okres Bánovce nad Bebravou";"SK0221";48;74;122
2020-12-17;"Okres Banská Bystrica";"SK0321";83;330;413
2020-12-17;"Okres Banská Štiavnica";"SK0322";7;85;92
2020-12-17;"Okres Bardejov";"SK0411";57;149;206
2020-12-17;"Okres Bratislava I";"SK0101";23;337;360
2020-12-17;"Okres Bratislava II";"SK0102";62;531;593
2020-12-17;"Okres Bratislava III";"SK0103";55;377;432
2020-12-17;"Okres Bratislava IV";"SK0104";65;389;454
2020-12-17;"Okres Bratislava V";"SK0105";83;411;494
2020-12-17;"Okres Brezno";"SK0323";44;144;188
2020-12-17;"Okres Bytča";"SK0311";14;38;52
2020-12-17;"Okres Čadca";"SK0312";87;182;269
2020-12-17;"Okres Detva";"SK0324";11;54;65
2020-12-17;"Okres Dolný Kubín";"SK0313";6;30;36
2020-12-17;"Okres Dunajská Streda";"SK0211";56;212;268
2020-12-17;"Okres Galanta";"SK0212";16;103;119
2020-12-17;"Okres Gelnica";"SK0421";16;49;65
2020-12-17;"Okres Hlohovec";"SK0213";43;134;177
2020-12-17;"Okres Humenné";"SK0412";24;82;106
2020-12-17;"Okres Ilava";"SK0222";89;205;294
2020-12-17;"Okres Kežmarok";"SK0413";23;63;86
2020-12-17;"Okres Komárno";"SK0231";178;246;424
2020-12-17;"Okres Košice - okolie";"SK0426";62;194;256
2020-12-17;"Okres Košice I";"SK0422";12;24;36
2020-12-17;"Okres Košice II";"SK0423";25;72;97
2020-12-17;"Okres Košice III";"SK0424";5;7;12
2020-12-17;"Okres Košice IV";"SK0425";8;12;20
2020-12-17;"Okres Krupina";"SK0325";14;100;114
2020-12-17;"Okres Kysucké Nové Mesto";"SK0314";19;30;49
2020-12-17;"Okres Levice";"SK0232";27;162;189
2020-12-17;"Okres Levoča";"SK0414";13;71;84
2020-12-17;"Okres Liptovský Mikuláš";"SK0315";58;159;217
2020-12-17;"Okres Lučenec";"SK0326";74;227;301
2020-12-17;"Okres Malacky";"SK0106";89;225;314
2020-12-17;"Okres Martin";"SK0316";77;206;283
2020-12-17;"Okres Medzilaborce";"SK0415";2;13;15
2020-12-17;"Okres Michalovce";"SK0427";55;135;190
2020-12-17;"Okres Myjava";"SK0223";26;48;74
2020-12-17;"Okres Námestovo";"SK0317";11;43;54
2020-12-17;"Okres Nitra";"SK0233";116;326;442
2020-12-17;"Okres Nové Mesto nad Váhom";"SK0224";63;162;225
2020-12-17;"Okres Nové Zámky";"SK0234";60;190;250
2020-12-17;"Okres Partizánske";"SK0225";21;40;61
2020-12-17;"Okres Pezinok";"SK0107";35;158;193
2020-12-17;"Okres Piešťany";"SK0214";67;185;252
2020-12-17;"Okres Poltár";"SK0327";9;33;42
2020-12-17;"Okres Poprad";"SK0416";50;176;226
2020-12-17;"Okres Považská Bystrica";"SK0226";102;186;288
2020-12-17;"Okres Prešov";"SK0417";103;390;493
2020-12-17;"Okres Prievidza";"SK0227";78;121;199
2020-12-17;"Okres Púchov";"SK0228";55;99;154
2020-12-17;"Okres Revúca";"SK0328";33;57;90
2020-12-17;"Okres Rimavská Sobota";"SK0329";52;74;126
2020-12-17;"Okres Rožňava";"SK0428";23;86;109
2020-12-17;"Okres Ružomberok";"SK0318";41;128;169
2020-12-17;"Okres Sabinov";"SK0418";21;62;83
2020-12-17;"Okres Senec";"SK0108";60;291;351
2020-12-17;"Okres Senica";"SK0215";18;74;92
2020-12-17;"Okres Skalica";"SK0216";8;36;44
2020-12-17;"Okres Snina";"SK0419";22;46;68
2020-12-17;"Okres Sobrance";"SK0429";8;24;32
2020-12-17;"Okres Spišská Nová Ves";"SK042A";108;233;341
2020-12-17;"Okres Stará Ľubovňa";"SK041A";13;120;133
2020-12-17;"Okres Stropkov";"SK041B";16;32;48
2020-12-17;"Okres Svidník";"SK041C";40;103;143
2020-12-17;"Okres Šaľa";"SK0235";12;54;66
2020-12-17;"Okres Topoľčany";"SK0236";22;49;71
2020-12-17;"Okres Trebišov";"SK042B";70;185;255
2020-12-17;"Okres Trenčín";"SK0229";185;495;680
2020-12-17;"Okres Trnava";"SK0217";113;526;639
2020-12-17;"Okres Turčianske Teplice";"SK0319";8;22;30
2020-12-17;"Okres Tvrdošín";"SK031A";8;34;42
2020-12-17;"Okres Veľký Krtíš";"SK032A";75;93;168
2020-12-17;"Okres Vranov nad Topľou";"SK041D";51;180;231
2020-12-17;"Okres Zlaté Moravce";"SK0237";31;69;100
2020-12-17;"Okres Zvolen";"SK032B";49;216;265
2020-12-17;"Okres Žarnovica";"SK032C";4;34;38
2020-12-17;"Okres Žiar nad Hronom";"SK032D";41;101;142
2020-12-17;"Okres Žilina";"SK031B";97;305;402
2020-12-17;"Zahraničie";"SKZZZZ";0;1;1
2020-12-17;NA;"?";80;454;534
2020-12-16;"Neznáme";"SK000";370;1477;1847
2020-12-16;"Okres Bánovce nad Bebravou";"SK0221";15;30;45
2020-12-16;"Okres Banská Bystrica";"SK0321";89;375;464
2020-12-16;"Okres Banská Štiavnica";"SK0322";4;20;24
2020-12-16;"Okres Bardejov";"SK0411";64;181;245
2020-12-16;"Okres Bratislava I";"SK0101";23;194;217
2020-12-16;"Okres Bratislava II";"SK0102";41;368;409
2020-12-16;"Okres Bratislava III";"SK0103";39;274;313
2020-12-16;"Okres Bratislava IV";"SK0104";43;319;362
2020-12-16;"Okres Bratislava V";"SK0105";58;295;353
2020-12-16;"Okres Brezno";"SK0323";26;95;121
2020-12-16;"Okres Bytča";"SK0311";16;26;42
2020-12-16;"Okres Čadca";"SK0312";46;94;140
2020-12-16;"Okres Detva";"SK0324";15;40;55
2020-12-16;"Okres Dolný Kubín";"SK0313";13;36;49
2020-12-16;"Okres Dunajská Streda";"SK0211";40;178;218
2020-12-16;"Okres Galanta";"SK0212";29;149;178
2020-12-16;"Okres Gelnica";"SK0421";14;47;61
2020-12-16;"Okres Hlohovec";"SK0213";28;62;90
2020-12-16;"Okres Humenné";"SK0412";10;23;33
2020-12-16;"Okres Ilava";"SK0222";39;152;191
2020-12-16;"Okres Kežmarok";"SK0413";15;110;125
2020-12-16;"Okres Komárno";"SK0231";13;65;78
2020-12-16;"Okres Košice - okolie";"SK0426";53;263;316
2020-12-16;"Okres Košice I";"SK0422";5;45;50
2020-12-16;"Okres Košice II";"SK0423";22;71;93
2020-12-16;"Okres Košice III";"SK0424";4;21;25
2020-12-16;"Okres Košice IV";"SK0425";9;21;30
2020-12-16;"Okres Krupina";"SK0325";15;54;69
2020-12-16;"Okres Kysucké Nové Mesto";"SK0314";5;21;26
2020-12-16;"Okres Levice";"SK0232";25;81;106
2020-12-16;"Okres Levoča";"SK0414";45;120;165
2020-12-16;"Okres Liptovský Mikuláš";"SK0315";37;149;186
2020-12-16;"Okres Lučenec";"SK0326";42;69;111
2020-12-16;"Okres Malacky";"SK0106";27;105;132
2020-12-16;"Okres Martin";"SK0316";65;244;309
2020-12-16;"Okres Medzilaborce";"SK0415";3;11;14
2020-12-16;"Okres Michalovce";"SK0427";44;143;187
2020-12-16;"Okres Myjava";"SK0223";54;145;199
2020-12-16;"Okres Námestovo";"SK0317";8;32;40
2020-12-16;"Okres Nitra";"SK0233";82;177;259
2020-12-16;"Okres Nové Mesto nad Váhom";"SK0224";57;212;269
2020-12-16;"Okres Nové Zámky";"SK0234";53;195;248
2020-12-16;"Okres Partizánske";"SK0225";3;21;24
2020-12-16;"Okres Pezinok";"SK0107";14;102;116
2020-12-16;"Okres Piešťany";"SK0214";34;96;130
2020-12-16;"Okres Poltár";"SK0327";6;14;20
2020-12-16;"Okres Poprad";"SK0416";68;211;279
2020-12-16;"Okres Považská Bystrica";"SK0226";65;128;193
2020-12-16;"Okres Prešov";"SK0417";98;461;559
2020-12-16;"Okres Prievidza";"SK0227";62;82;144
2020-12-16;"Okres Púchov";"SK0228";70;77;147
2020-12-16;"Okres Revúca";"SK0328";15;51;66
2020-12-16;"Okres Rimavská Sobota";"SK0329";63;131;194
2020-12-16;"Okres Rožňava";"SK0428";31;114;145
2020-12-16;"Okres Ružomberok";"SK0318";26;62;88
2020-12-16;"Okres Sabinov";"SK0418";13;91;104
2020-12-16;"Okres Senec";"SK0108";25;145;170
2020-12-16;"Okres Senica";"SK0215";49;115;164
2020-12-16;"Okres Skalica";"SK0216";8;31;39
2020-12-16;"Okres Snina";"SK0419";6;47;53
2020-12-16;"Okres Sobrance";"SK0429";13;22;35
2020-12-16;"Okres Spišská Nová Ves";"SK042A";96;251;347
2020-12-16;"Okres Stará Ľubovňa";"SK041A";33;160;193
2020-12-16;"Okres Stropkov";"SK041B";13;43;56
2020-12-16;"Okres Svidník";"SK041C";44;93;137
2020-12-16;"Okres Šaľa";"SK0235";11;41;52
2020-12-16;"Okres Topoľčany";"SK0236";23;53;76
2020-12-16;"Okres Trebišov";"SK042B";71;201;272
2020-12-16;"Okres Trenčín";"SK0229";93;392;485
2020-12-16;"Okres Trnava";"SK0217";80;360;440
2020-12-16;"Okres Turčianske Teplice";"SK0319";2;20;22
2020-12-16;"Okres Tvrdošín";"SK031A";33;46;79
2020-12-16;"Okres Veľký Krtíš";"SK032A";43;91;134
2020-12-16;"Okres Vranov nad Topľou";"SK041D";57;131;188
2020-12-16;"Okres Zlaté Moravce";"SK0237";17;45;62
2020-12-16;"Okres Zvolen";"SK032B";45;205;250
2020-12-16;"Okres Žarnovica";"SK032C";7;56;63
2020-12-16;"Okres Žiar nad Hronom";"SK032D";25;58;83
2020-12-16;"Okres Žilina";"SK031B";60;186;246
2020-12-16;NA;"?";83;489;572
2020-12-15;"Neznáme";"SK000";578;1848;2426
2020-12-15;"Okres Bánovce nad Bebravou";"SK0221";31;102;133
2020-12-15;"Okres Banská Bystrica";"SK0321";62;292;354
2020-12-15;"Okres Banská Štiavnica";"SK0322";4;22;26
2020-12-15;"Okres Bardejov";"SK0411";54;146;200
2020-12-15;"Okres Bratislava I";"SK0101";28;262;290
2020-12-15;"Okres Bratislava II";"SK0102";66;417;483
2020-12-15;"Okres Bratislava III";"SK0103";43;312;355
2020-12-15;"Okres Bratislava IV";"SK0104";61;401;462
2020-12-15;"Okres Bratislava V";"SK0105";53;379;432
2020-12-15;"Okres Brezno";"SK0323";24;70;94
2020-12-15;"Okres Bytča";"SK0311";16;40;56
2020-12-15;"Okres Čadca";"SK0312";62;150;212
2020-12-15;"Okres Detva";"SK0324";11;39;50
2020-12-15;"Okres Dolný Kubín";"SK0313";15;37;52
2020-12-15;"Okres Dunajská Streda";"SK0211";69;280;349
2020-12-15;"Okres Galanta";"SK0212";41;168;209
2020-12-15;"Okres Gelnica";"SK0421";6;27;33
2020-12-15;"Okres Hlohovec";"SK0213";80;280;360
2020-12-15;"Okres Humenné";"SK0412";14;49;63
2020-12-15;"Okres Ilava";"SK0222";48;119;167
2020-12-15;"Okres Kežmarok";"SK0413";17;76;93
2020-12-15;"Okres Komárno";"SK0231";61;141;202
2020-12-15;"Okres Košice - okolie";"SK0426";37;181;218
2020-12-15;"Okres Košice I";"SK0422";4;36;40
2020-12-15;"Okres Košice II";"SK0423";5;32;37
2020-12-15;"Okres Košice III";"SK0424";3;6;9
2020-12-15;"Okres Košice IV";"SK0425";6;23;29
2020-12-15;"Okres Krupina";"SK0325";1;25;26
2020-12-15;"Okres Kysucké Nové Mesto";"SK0314";12;55;67
2020-12-15;"Okres Levice";"SK0232";12;169;181
2020-12-15;"Okres Levoča";"SK0414";16;34;50
2020-12-15;"Okres Liptovský Mikuláš";"SK0315";52;159;211
2020-12-15;"Okres Lučenec";"SK0326";90;122;212
2020-12-15;"Okres Malacky";"SK0106";51;168;219
2020-12-15;"Okres Martin";"SK0316";104;231;335
2020-12-15;"Okres Medzilaborce";"SK0415";8;20;28
2020-12-15;"Okres Michalovce";"SK0427";31;138;169
2020-12-15;"Okres Myjava";"SK0223";25;132;157
2020-12-15;"Okres Námestovo";"SK0317";6;49;55
2020-12-15;"Okres Nitra";"SK0233";94;307;401
2020-12-15;"Okres Nové Mesto nad Váhom";"SK0224";77;163;240
2020-12-15;"Okres Nové Zámky";"SK0234";49;134;183
2020-12-15;"Okres Partizánske";"SK0225";21;55;76
2020-12-15;"Okres Pezinok";"SK0107";27;139;166
2020-12-15;"Okres Piešťany";"SK0214";40;140;180
2020-12-15;"Okres Poltár";"SK0327";12;28;40
2020-12-15;"Okres Poprad";"SK0416";88;178;266
2020-12-15;"Okres Považská Bystrica";"SK0226";66;151;217
2020-12-15;"Okres Prešov";"SK0417";77;315;392
2020-12-15;"Okres Prievidza";"SK0227";92;245;337
2020-12-15;"Okres Púchov";"SK0228";52;166;218
2020-12-15;"Okres Revúca";"SK0328";18;61;79
2020-12-15;"Okres Rimavská Sobota";"SK0329";39;105;144
2020-12-15;"Okres Rožňava";"SK0428";31;69;100
2020-12-15;"Okres Ružomberok";"SK0318";99;185;284
2020-12-15;"Okres Sabinov";"SK0418";7;46;53
2020-12-15;"Okres Senec";"SK0108";46;256;302
2020-12-15;"Okres Senica";"SK0215";19;70;89
2020-12-15;"Okres Skalica";"SK0216";16;41;57
2020-12-15;"Okres Snina";"SK0419";19;42;61
2020-12-15;"Okres Sobrance";"SK0429";5;21;26
2020-12-15;"Okres Spišská Nová Ves";"SK042A";40;114;154
2020-12-15;"Okres Stará Ľubovňa";"SK041A";22;59;81
2020-12-15;"Okres Stropkov";"SK041B";19;56;75
2020-12-15;"Okres Svidník";"SK041C";21;49;70
2020-12-15;"Okres Šaľa";"SK0235";28;109;137
2020-12-15;"Okres Topoľčany";"SK0236";20;80;100
2020-12-15;"Okres Trebišov";"SK042B";80;210;290
2020-12-15;"Okres Trenčín";"SK0229";161;377;538
2020-12-15;"Okres Trnava";"SK0217";91;465;556
2020-12-15;"Okres Turčianske Teplice";"SK0319";11;38;49
2020-12-15;"Okres Tvrdošín";"SK031A";11;31;42
2020-12-15;"Okres Veľký Krtíš";"SK032A";17;50;67
2020-12-15;"Okres Vranov nad Topľou";"SK041D";66;234;300
2020-12-15;"Okres Zlaté Moravce";"SK0237";15;43;58
2020-12-15;"Okres Zvolen";"SK032B";33;188;221
2020-12-15;"Okres Žarnovica";"SK032C";5;23;28
2020-12-15;"Okres Žiar nad Hronom";"SK032D";16;77;93
2020-12-15;"Okres Žilina";"SK031B";101;299;400
2020-12-15;NA;"?";66;337;403
2020-12-14;"Neznáme";"SK000";234;951;1185
2020-12-14;"Okres Bánovce nad Bebravou";"SK0221";25;71;96
2020-12-14;"Okres Banská Bystrica";"SK0321";33;172;205
2020-12-14;"Okres Banská Štiavnica";"SK0322";0;15;15
2020-12-14;"Okres Bardejov";"SK0411";13;49;62
2020-12-14;"Okres Bratislava I";"SK0101";19;181;200
2020-12-14;"Okres Bratislava II";"SK0102";50;331;381
2020-12-14;"Okres Bratislava III";"SK0103";26;191;217
2020-12-14;"Okres Bratislava IV";"SK0104";47;313;360
2020-12-14;"Okres Bratislava V";"SK0105";52;335;387
2020-12-14;"Okres Brezno";"SK0323";12;37;49
2020-12-14;"Okres Bytča";"SK0311";16;55;71
2020-12-14;"Okres Čadca";"SK0312";33;78;111
2020-12-14;"Okres Detva";"SK0324";9;83;92
2020-12-14;"Okres Dolný Kubín";"SK0313";11;30;41
2020-12-14;"Okres Dunajská Streda";"SK0211";10;77;87
2020-12-14;"Okres Galanta";"SK0212";15;81;96
2020-12-14;"Okres Gelnica";"SK0421";10;30;40
2020-12-14;"Okres Hlohovec";"SK0213";26;63;89
2020-12-14;"Okres Humenné";"SK0412";11;62;73
2020-12-14;"Okres Ilava";"SK0222";28;73;101
2020-12-14;"Okres Kežmarok";"SK0413";12;37;49
2020-12-14;"Okres Komárno";"SK0231";15;33;48
2020-12-14;"Okres Košice - okolie";"SK0426";55;233;288
2020-12-14;"Okres Košice I";"SK0422";10;41;51
2020-12-14;"Okres Košice II";"SK0423";14;54;68
2020-12-14;"Okres Košice III";"SK0424";1;15;16
2020-12-14;"Okres Košice IV";"SK0425";7;31;38
2020-12-14;"Okres Krupina";"SK0325";6;41;47
2020-12-14;"Okres Kysucké Nové Mesto";"SK0314";18;44;62
2020-12-14;"Okres Levice";"SK0232";4;49;53
2020-12-14;"Okres Levoča";"SK0414";6;45;51
2020-12-14;"Okres Liptovský Mikuláš";"SK0315";13;44;57
2020-12-14;"Okres Lučenec";"SK0326";51;132;183
2020-12-14;"Okres Malacky";"SK0106";21;125;146
2020-12-14;"Okres Martin";"SK0316";59;367;426
2020-12-14;"Okres Medzilaborce";"SK0415";3;7;10
2020-12-14;"Okres Michalovce";"SK0427";19;94;113
2020-12-14;"Okres Myjava";"SK0223";37;92;129
2020-12-14;"Okres Námestovo";"SK0317";3;27;30
2020-12-14;"Okres Nitra";"SK0233";24;87;111
2020-12-14;"Okres Nové Mesto nad Váhom";"SK0224";22;102;124
2020-12-14;"Okres Nové Zámky";"SK0234";39;96;135
2020-12-14;"Okres Partizánske";"SK0225";2;25;27
2020-12-14;"Okres Pezinok";"SK0107";22;120;142
2020-12-14;"Okres Piešťany";"SK0214";33;98;131
2020-12-14;"Okres Poltár";"SK0327";10;30;40
2020-12-14;"Okres Poprad";"SK0416";14;73;87
2020-12-14;"Okres Považská Bystrica";"SK0226";52;116;168
2020-12-14;"Okres Prešov";"SK0417";143;440;583
2020-12-14;"Okres Prievidza";"SK0227";8;51;59
2020-12-14;"Okres Púchov";"SK0228";20;40;60
2020-12-14;"Okres Revúca";"SK0328";4;6;10
2020-12-14;"Okres Rimavská Sobota";"SK0329";9;20;29
2020-12-14;"Okres Rožňava";"SK0428";0;8;8
2020-12-14;"Okres Ružomberok";"SK0318";39;114;153
2020-12-14;"Okres Sabinov";"SK0418";23;91;114
2020-12-14;"Okres Senec";"SK0108";39;196;235
2020-12-14;"Okres Senica";"SK0215";12;31;43
2020-12-14;"Okres Skalica";"SK0216";1;8;9
2020-12-14;"Okres Snina";"SK0419";12;51;63
2020-12-14;"Okres Sobrance";"SK0429";2;14;16
2020-12-14;"Okres Spišská Nová Ves";"SK042A";21;44;65
2020-12-14;"Okres Stará Ľubovňa";"SK041A";32;86;118
2020-12-14;"Okres Stropkov";"SK041B";3;27;30
2020-12-14;"Okres Svidník";"SK041C";56;93;149
2020-12-14;"Okres Šaľa";"SK0235";4;18;22
2020-12-14;"Okres Topoľčany";"SK0236";26;44;70
2020-12-14;"Okres Trebišov";"SK042B";46;112;158
2020-12-14;"Okres Trenčín";"SK0229";109;313;422
2020-12-14;"Okres Trnava";"SK0217";65;249;314
2020-12-14;"Okres Turčianske Teplice";"SK0319";13;86;99
2020-12-14;"Okres Tvrdošín";"SK031A";2;12;14
2020-12-14;"Okres Veľký Krtíš";"SK032A";4;30;34
2020-12-14;"Okres Vranov nad Topľou";"SK041D";21;49;70
2020-12-14;"Okres Zlaté Moravce";"SK0237";2;16;18
2020-12-14;"Okres Zvolen";"SK032B";20;238;258
2020-12-14;"Okres Žarnovica";"SK032C";1;14;15
2020-12-14;"Okres Žiar nad Hronom";"SK032D";13;41;54
2020-12-14;"Okres Žilina";"SK031B";105;285;390
2020-12-14;NA;"?";58;373;431
2020-12-13;"Neznáme";"SK000";46;131;177
2020-12-13;"Okres Bánovce nad Bebravou";"SK0221";4;12;16
2020-12-13;"Okres Banská Bystrica";"SK0321";63;201;264
2020-12-13;"Okres Banská Štiavnica";"SK0322";2;2;4
2020-12-13;"Okres Bardejov";"SK0411";1;17;18
2020-12-13;"Okres Bratislava I";"SK0101";6;61;67
2020-12-13;"Okres Bratislava II";"SK0102";13;131;144
2020-12-13;"Okres Bratislava III";"SK0103";11;74;85
2020-12-13;"Okres Bratislava IV";"SK0104";19;109;128
2020-12-13;"Okres Bratislava V";"SK0105";36;107;143
2020-12-13;"Okres Brezno";"SK0323";10;26;36
2020-12-13;"Okres Čadca";"SK0312";1;7;8
2020-12-13;"Okres Detva";"SK0324";9;8;17
2020-12-13;"Okres Dolný Kubín";"SK0313";0;2;2
2020-12-13;"Okres Dunajská Streda";"SK0211";3;17;20
2020-12-13;"Okres Galanta";"SK0212";1;6;7
2020-12-13;"Okres Gelnica";"SK0421";5;9;14
2020-12-13;"Okres Hlohovec";"SK0213";1;4;5
2020-12-13;"Okres Humenné";"SK0412";1;8;9
2020-12-13;"Okres Ilava";"SK0222";8;40;48
2020-12-13;"Okres Kežmarok";"SK0413";5;33;38
2020-12-13;"Okres Komárno";"SK0231";0;9;9
2020-12-13;"Okres Košice - okolie";"SK0426";12;45;57
2020-12-13;"Okres Košice I";"SK0422";5;12;17
2020-12-13;"Okres Košice II";"SK0423";1;20;21
2020-12-13;"Okres Košice III";"SK0424";1;1;2
2020-12-13;"Okres Košice IV";"SK0425";1;6;7
2020-12-13;"Okres Krupina";"SK0325";6;12;18
2020-12-13;"Okres Kysucké Nové Mesto";"SK0314";0;1;1
2020-12-13;"Okres Levice";"SK0232";0;10;10
2020-12-13;"Okres Levoča";"SK0414";0;11;11
2020-12-13;"Okres Liptovský Mikuláš";"SK0315";4;17;21
2020-12-13;"Okres Lučenec";"SK0326";1;3;4
2020-12-13;"Okres Malacky";"SK0106";18;51;69
2020-12-13;"Okres Martin";"SK0316";8;9;17
2020-12-13;"Okres Medzilaborce";"SK0415";1;1;2
2020-12-13;"Okres Michalovce";"SK0427";2;15;17
2020-12-13;"Okres Myjava";"SK0223";0;2;2
2020-12-13;"Okres Námestovo";"SK0317";0;8;8
2020-12-13;"Okres Nitra";"SK0233";2;8;10
2020-12-13;"Okres Nové Mesto nad Váhom";"SK0224";7;44;51
2020-12-13;"Okres Nové Zámky";"SK0234";7;23;30
2020-12-13;"Okres Partizánske";"SK0225";1;6;7
2020-12-13;"Okres Pezinok";"SK0107";7;51;58
2020-12-13;"Okres Piešťany";"SK0214";0;8;8
2020-12-13;"Okres Poltár";"SK0327";0;1;1
2020-12-13;"Okres Poprad";"SK0416";25;115;140
2020-12-13;"Okres Považská Bystrica";"SK0226";2;4;6
2020-12-13;"Okres Prešov";"SK0417";10;27;37
2020-12-13;"Okres Prievidza";"SK0227";1;17;18
2020-12-13;"Okres Púchov";"SK0228";2;16;18
2020-12-13;"Okres Revúca";"SK0328";0;2;2
2020-12-13;"Okres Rimavská Sobota";"SK0329";0;5;5
2020-12-13;"Okres Rožňava";"SK0428";0;4;4
2020-12-13;"Okres Ružomberok";"SK0318";8;35;43
2020-12-13;"Okres Sabinov";"SK0418";1;17;18
2020-12-13;"Okres Senec";"SK0108";16;63;79
2020-12-13;"Okres Senica";"SK0215";1;6;7
2020-12-13;"Okres Skalica";"SK0216";0;1;1
2020-12-13;"Okres Snina";"SK0419";3;6;9
2020-12-13;"Okres Sobrance";"SK0429";3;5;8
2020-12-13;"Okres Spišská Nová Ves";"SK042A";4;34;38
2020-12-13;"Okres Stará Ľubovňa";"SK041A";20;75;95
2020-12-13;"Okres Stropkov";"SK041B";16;37;53
2020-12-13;"Okres Svidník";"SK041C";15;21;36
2020-12-13;"Okres Šaľa";"SK0235";2;3;5
2020-12-13;"Okres Topoľčany";"SK0236";4;15;19
2020-12-13;"Okres Trebišov";"SK042B";1;8;9
2020-12-13;"Okres Trenčín";"SK0229";53;224;277
2020-12-13;"Okres Trnava";"SK0217";3;9;12
2020-12-13;"Okres Turčianske Teplice";"SK0319";0;2;2
2020-12-13;"Okres Tvrdošín";"SK031A";0;7;7
2020-12-13;"Okres Veľký Krtíš";"SK032A";3;4;7
2020-12-13;"Okres Vranov nad Topľou";"SK041D";0;8;8
2020-12-13;"Okres Zlaté Moravce";"SK0237";1;2;3
2020-12-13;"Okres Zvolen";"SK032B";15;50;65
2020-12-13;"Okres Žarnovica";"SK032C";1;3;4
2020-12-13;"Okres Žiar nad Hronom";"SK032D";9;41;50
2020-12-13;"Okres Žilina";"SK031B";1;6;7
2020-12-13;NA;"?";11;88;99
2020-12-12;"Neznáme";"SK000";223;685;908
2020-12-12;"Okres Bánovce nad Bebravou";"SK0221";27;58;85
2020-12-12;"Okres Banská Bystrica";"SK0321";38;211;249
2020-12-12;"Okres Banská Štiavnica";"SK0322";0;11;11
2020-12-12;"Okres Bardejov";"SK0411";38;204;242
2020-12-12;"Okres Bratislava I";"SK0101";23;144;167
2020-12-12;"Okres Bratislava II";"SK0102";42;228;270
2020-12-12;"Okres Bratislava III";"SK0103";23;148;171
2020-12-12;"Okres Bratislava IV";"SK0104";33;194;227
2020-12-12;"Okres Bratislava V";"SK0105";114;275;389
2020-12-12;"Okres Brezno";"SK0323";5;34;39
2020-12-12;"Okres Bytča";"SK0311";2;23;25
2020-12-12;"Okres Čadca";"SK0312";9;29;38
2020-12-12;"Okres Detva";"SK0324";5;33;38
2020-12-12;"Okres Dolný Kubín";"SK0313";1;7;8
2020-12-12;"Okres Dunajská Streda";"SK0211";59;157;216
2020-12-12;"Okres Galanta";"SK0212";43;132;175
2020-12-12;"Okres Gelnica";"SK0421";9;25;34
2020-12-12;"Okres Hlohovec";"SK0213";17;62;79
2020-12-12;"Okres Humenné";"SK0412";21;65;86
2020-12-12;"Okres Ilava";"SK0222";52;98;150
2020-12-12;"Okres Kežmarok";"SK0413";30;104;134
2020-12-12;"Okres Komárno";"SK0231";58;270;328
2020-12-12;"Okres Košice - okolie";"SK0426";46;163;209
2020-12-12;"Okres Košice I";"SK0422";15;54;69
2020-12-12;"Okres Košice II";"SK0423";14;67;81
2020-12-12;"Okres Košice III";"SK0424";2;11;13
2020-12-12;"Okres Košice IV";"SK0425";8;33;41
2020-12-12;"Okres Krupina";"SK0325";22;29;51
2020-12-12;"Okres Kysucké Nové Mesto";"SK0314";2;11;13
2020-12-12;"Okres Levice";"SK0232";20;256;276
2020-12-12;"Okres Levoča";"SK0414";11;54;65
2020-12-12;"Okres Liptovský Mikuláš";"SK0315";4;20;24
2020-12-12;"Okres Lučenec";"SK0326";1;7;8
2020-12-12;"Okres Malacky";"SK0106";47;135;182
2020-12-12;"Okres Martin";"SK0316";4;21;25
2020-12-12;"Okres Medzilaborce";"SK0415";3;5;8
2020-12-12;"Okres Michalovce";"SK0427";54;152;206
2020-12-12;"Okres Myjava";"SK0223";0;5;5
2020-12-12;"Okres Námestovo";"SK0317";0;5;5
2020-12-12;"Okres Nitra";"SK0233";64;183;247
2020-12-12;"Okres Nové Mesto nad Váhom";"SK0224";26;103;129
2020-12-12;"Okres Nové Zámky";"SK0234";37;136;173
2020-12-12;"Okres Partizánske";"SK0225";20;29;49
2020-12-12;"Okres Pezinok";"SK0107";9;78;87
2020-12-12;"Okres Piešťany";"SK0214";13;50;63
2020-12-12;"Okres Poltár";"SK0327";1;3;4
2020-12-12;"Okres Poprad";"SK0416";66;204;270
2020-12-12;"Okres Považská Bystrica";"SK0226";74;158;232
2020-12-12;"Okres Prešov";"SK0417";42;139;181
2020-12-12;"Okres Prievidza";"SK0227";11;87;98
2020-12-12;"Okres Púchov";"SK0228";44;84;128
2020-12-12;"Okres Revúca";"SK0328";16;59;75
2020-12-12;"Okres Rimavská Sobota";"SK0329";51;80;131
2020-12-12;"Okres Rožňava";"SK0428";19;63;82
2020-12-12;"Okres Ružomberok";"SK0318";6;24;30
2020-12-12;"Okres Sabinov";"SK0418";8;33;41
2020-12-12;"Okres Senec";"SK0108";45;182;227
2020-12-12;"Okres Senica";"SK0215";6;76;82
2020-12-12;"Okres Skalica";"SK0216";32;34;66
2020-12-12;"Okres Snina";"SK0419";1;17;18
2020-12-12;"Okres Sobrance";"SK0429";9;35;44
2020-12-12;"Okres Spišská Nová Ves";"SK042A";122;197;319
2020-12-12;"Okres Stará Ľubovňa";"SK041A";25;94;119
2020-12-12;"Okres Stropkov";"SK041B";2;20;22
2020-12-12;"Okres Svidník";"SK041C";31;70;101
2020-12-12;"Okres Šaľa";"SK0235";27;55;82
2020-12-12;"Okres Topoľčany";"SK0236";13;27;40
2020-12-12;"Okres Trebišov";"SK042B";19;71;90
2020-12-12;"Okres Trenčín";"SK0229";54;258;312
2020-12-12;"Okres Trnava";"SK0217";84;219;303
2020-12-12;"Okres Turčianske Teplice";"SK0319";0;5;5
2020-12-12;"Okres Tvrdošín";"SK031A";1;6;7
2020-12-12;"Okres Veľký Krtíš";"SK032A";1;4;5
2020-12-12;"Okres Vranov nad Topľou";"SK041D";43;122;165
2020-12-12;"Okres Zlaté Moravce";"SK0237";4;26;30
2020-12-12;"Okres Zvolen";"SK032B";14;86;100
2020-12-12;"Okres Žarnovica";"SK032C";1;19;20
2020-12-12;"Okres Žiar nad Hronom";"SK032D";5;13;18
2020-12-12;"Okres Žilina";"SK031B";45;103;148
2020-12-12;NA;"?";60;238;298
2020-12-11;"Neznáme";"SK000";350;1379;1729
2020-12-11;"Okres Bánovce nad Bebravou";"SK0221";22;62;84
2020-12-11;"Okres Banská Bystrica";"SK0321";110;411;521
2020-12-11;"Okres Banská Štiavnica";"SK0322";15;38;53
2020-12-11;"Okres Bardejov";"SK0411";44;117;161
2020-12-11;"Okres Bratislava I";"SK0101";20;288;308
2020-12-11;"Okres Bratislava II";"SK0102";47;420;467
2020-12-11;"Okres Bratislava III";"SK0103";33;273;306
2020-12-11;"Okres Bratislava IV";"SK0104";37;331;368
2020-12-11;"Okres Bratislava V";"SK0105";56;366;422
2020-12-11;"Okres Brezno";"SK0323";28;89;117
2020-12-11;"Okres Bytča";"SK0311";14;36;50
2020-12-11;"Okres Čadca";"SK0312";78;210;288
2020-12-11;"Okres Detva";"SK0324";15;164;179
2020-12-11;"Okres Dolný Kubín";"SK0313";7;52;59
2020-12-11;"Okres Dunajská Streda";"SK0211";64;245;309
2020-12-11;"Okres Galanta";"SK0212";56;206;262
2020-12-11;"Okres Gelnica";"SK0421";13;33;46
2020-12-11;"Okres Hlohovec";"SK0213";33;99;132
2020-12-11;"Okres Humenné";"SK0412";48;108;156
2020-12-11;"Okres Ilava";"SK0222";68;311;379
2020-12-11;"Okres Kežmarok";"SK0413";28;98;126
2020-12-11;"Okres Komárno";"SK0231";56;117;173
2020-12-11;"Okres Košice - okolie";"SK0426";61;187;248
2020-12-11;"Okres Košice I";"SK0422";10;36;46
2020-12-11;"Okres Košice II";"SK0423";17;60;77
2020-12-11;"Okres Košice III";"SK0424";2;12;14
2020-12-11;"Okres Košice IV";"SK0425";5;23;28
2020-12-11;"Okres Krupina";"SK0325";16;95;111
2020-12-11;"Okres Kysucké Nové Mesto";"SK0314";12;41;53
2020-12-11;"Okres Levice";"SK0232";25;100;125
2020-12-11;"Okres Levoča";"SK0414";11;96;107
2020-12-11;"Okres Liptovský Mikuláš";"SK0315";65;198;263
2020-12-11;"Okres Lučenec";"SK0326";30;114;144
2020-12-11;"Okres Malacky";"SK0106";34;134;168
2020-12-11;"Okres Martin";"SK0316";82;332;414
2020-12-11;"Okres Medzilaborce";"SK0415";8;15;23
2020-12-11;"Okres Michalovce";"SK0427";47;389;436
2020-12-11;"Okres Myjava";"SK0223";54;127;181
2020-12-11;"Okres Námestovo";"SK0317";8;119;127
2020-12-11;"Okres Nitra";"SK0233";95;260;355
2020-12-11;"Okres Nové Mesto nad Váhom";"SK0224";132;233;365
2020-12-11;"Okres Nové Zámky";"SK0234";63;168;231
2020-12-11;"Okres Partizánske";"SK0225";15;46;61
2020-12-11;"Okres Pezinok";"SK0107";19;168;187
2020-12-11;"Okres Piešťany";"SK0214";33;130;163
2020-12-11;"Okres Poltár";"SK0327";7;34;41
2020-12-11;"Okres Poprad";"SK0416";68;228;296
2020-12-11;"Okres Považská Bystrica";"SK0226";70;147;217
2020-12-11;"Okres Prešov";"SK0417";160;415;575
2020-12-11;"Okres Prievidza";"SK0227";151;220;371
2020-12-11;"Okres Púchov";"SK0228";81;116;197
2020-12-11;"Okres Revúca";"SK0328";16;79;95
2020-12-11;"Okres Rimavská Sobota";"SK0329";80;160;240
2020-12-11;"Okres Rožňava";"SK0428";17;63;80
2020-12-11;"Okres Ružomberok";"SK0318";37;127;164
2020-12-11;"Okres Sabinov";"SK0418";15;70;85
2020-12-11;"Okres Senec";"SK0108";62;255;317
2020-12-11;"Okres Senica";"SK0215";35;99;134
2020-12-11;"Okres Skalica";"SK0216";12;43;55
2020-12-11;"Okres Snina";"SK0419";23;77;100
2020-12-11;"Okres Sobrance";"SK0429";5;23;28
2020-12-11;"Okres Spišská Nová Ves";"SK042A";68;189;257
2020-12-11;"Okres Stará Ľubovňa";"SK041A";29;69;98
2020-12-11;"Okres Stropkov";"SK041B";27;68;95
2020-12-11;"Okres Svidník";"SK041C";51;82;133
2020-12-11;"Okres Šaľa";"SK0235";18;78;96
2020-12-11;"Okres Topoľčany";"SK0236";35;129;164
2020-12-11;"Okres Trebišov";"SK042B";52;203;255
2020-12-11;"Okres Trenčín";"SK0229";150;341;491
2020-12-11;"Okres Trnava";"SK0217";119;444;563
2020-12-11;"Okres Turčianske Teplice";"SK0319";7;23;30
2020-12-11;"Okres Tvrdošín";"SK031A";7;42;49
2020-12-11;"Okres Veľký Krtíš";"SK032A";35;117;152
2020-12-11;"Okres Vranov nad Topľou";"SK041D";63;149;212
2020-12-11;"Okres Zlaté Moravce";"SK0237";22;81;103
2020-12-11;"Okres Zvolen";"SK032B";77;456;533
2020-12-11;"Okres Žarnovica";"SK032C";8;45;53
2020-12-11;"Okres Žiar nad Hronom";"SK032D";66;152;218
2020-12-11;"Okres Žilina";"SK031B";92;272;364
2020-12-11;NA;"?";65;408;473
2020-12-10;"Neznáme";"SK000";332;1186;1518
2020-12-10;"Okres Bánovce nad Bebravou";"SK0221";2;16;18
2020-12-10;"Okres Banská Bystrica";"SK0321";94;188;282
2020-12-10;"Okres Banská Štiavnica";"SK0322";2;6;8
2020-12-10;"Okres Bardejov";"SK0411";15;78;93
2020-12-10;"Okres Bratislava I";"SK0101";15;208;223
2020-12-10;"Okres Bratislava II";"SK0102";53;277;330
2020-12-10;"Okres Bratislava III";"SK0103";30;195;225
2020-12-10;"Okres Bratislava IV";"SK0104";40;221;261
2020-12-10;"Okres Bratislava V";"SK0105";33;229;262
2020-12-10;"Okres Brezno";"SK0323";21;34;55
2020-12-10;"Okres Bytča";"SK0311";12;21;33
2020-12-10;"Okres Čadca";"SK0312";34;92;126
2020-12-10;"Okres Detva";"SK0324";15;36;51
2020-12-10;"Okres Dolný Kubín";"SK0313";2;35;37
2020-12-10;"Okres Dunajská Streda";"SK0211";12;94;106
2020-12-10;"Okres Galanta";"SK0212";38;72;110
2020-12-10;"Okres Gelnica";"SK0421";7;38;45
2020-12-10;"Okres Hlohovec";"SK0213";29;72;101
2020-12-10;"Okres Humenné";"SK0412";11;99;110
2020-12-10;"Okres Ilava";"SK0222";41;118;159
2020-12-10;"Okres Kežmarok";"SK0413";23;66;89
2020-12-10;"Okres Komárno";"SK0231";16;50;66
2020-12-10;"Okres Košice - okolie";"SK0426";60;156;216
2020-12-10;"Okres Košice I";"SK0422";3;18;21
2020-12-10;"Okres Košice II";"SK0423";5;15;20
2020-12-10;"Okres Košice III";"SK0424";2;8;10
2020-12-10;"Okres Košice IV";"SK0425";2;16;18
2020-12-10;"Okres Krupina";"SK0325";11;23;34
2020-12-10;"Okres Kysucké Nové Mesto";"SK0314";12;17;29
2020-12-10;"Okres Levice";"SK0232";14;105;119
2020-12-10;"Okres Levoča";"SK0414";14;41;55
2020-12-10;"Okres Liptovský Mikuláš";"SK0315";2;27;29
2020-12-10;"Okres Lučenec";"SK0326";18;59;77
2020-12-10;"Okres Malacky";"SK0106";53;152;205
2020-12-10;"Okres Martin";"SK0316";23;87;110
2020-12-10;"Okres Medzilaborce";"SK0415";35;34;69
2020-12-10;"Okres Michalovce";"SK0427";50;235;285
2020-12-10;"Okres Myjava";"SK0223";5;19;24
2020-12-10;"Okres Námestovo";"SK0317";4;27;31
2020-12-10;"Okres Nitra";"SK0233";67;184;251
2020-12-10;"Okres Nové Mesto nad Váhom";"SK0224";13;85;98
2020-12-10;"Okres Nové Zámky";"SK0234";60;152;212
2020-12-10;"Okres Partizánske";"SK0225";2;14;16
2020-12-10;"Okres Pezinok";"SK0107";26;167;193
2020-12-10;"Okres Piešťany";"SK0214";16;71;87
2020-12-10;"Okres Poltár";"SK0327";2;18;20
2020-12-10;"Okres Poprad";"SK0416";65;187;252
2020-12-10;"Okres Považská Bystrica";"SK0226";47;96;143
2020-12-10;"Okres Prešov";"SK0417";56;275;331
2020-12-10;"Okres Prievidza";"SK0227";9;57;66
2020-12-10;"Okres Púchov";"SK0228";35;66;101
2020-12-10;"Okres Revúca";"SK0328";7;47;54
2020-12-10;"Okres Rimavská Sobota";"SK0329";39;118;157
2020-12-10;"Okres Rožňava";"SK0428";7;80;87
2020-12-10;"Okres Ružomberok";"SK0318";10;28;38
2020-12-10;"Okres Sabinov";"SK0418";11;46;57
2020-12-10;"Okres Senec";"SK0108";27;164;191
2020-12-10;"Okres Senica";"SK0215";12;46;58
2020-12-10;"Okres Skalica";"SK0216";15;91;106
2020-12-10;"Okres Snina";"SK0419";11;80;91
2020-12-10;"Okres Sobrance";"SK0429";7;26;33
2020-12-10;"Okres Spišská Nová Ves";"SK042A";54;185;239
2020-12-10;"Okres Stará Ľubovňa";"SK041A";33;103;136
2020-12-10;"Okres Stropkov";"SK041B";17;44;61
2020-12-10;"Okres Svidník";"SK041C";11;23;34
2020-12-10;"Okres Šaľa";"SK0235";24;33;57
2020-12-10;"Okres Topoľčany";"SK0236";12;45;57
2020-12-10;"Okres Trebišov";"SK042B";38;122;160
2020-12-10;"Okres Trenčín";"SK0229";119;400;519
2020-12-10;"Okres Trnava";"SK0217";45;274;319
2020-12-10;"Okres Turčianske Teplice";"SK0319";5;17;22
2020-12-10;"Okres Tvrdošín";"SK031A";8;18;26
2020-12-10;"Okres Veľký Krtíš";"SK032A";34;50;84
2020-12-10;"Okres Vranov nad Topľou";"SK041D";43;148;191
2020-12-10;"Okres Zlaté Moravce";"SK0237";2;13;15
2020-12-10;"Okres Zvolen";"SK032B";28;81;109
2020-12-10;"Okres Žarnovica";"SK032C";8;27;35
2020-12-10;"Okres Žiar nad Hronom";"SK032D";5;30;35
2020-12-10;"Okres Žilina";"SK031B";43;166;209
2020-12-10;NA;"?";36;292;328
2020-12-09;"Neznáme";"SK000";371;1180;1551
2020-12-09;"Okres Bánovce nad Bebravou";"SK0221";15;35;50
2020-12-09;"Okres Banská Bystrica";"SK0321";66;209;275
2020-12-09;"Okres Banská Štiavnica";"SK0322";10;37;47
2020-12-09;"Okres Bardejov";"SK0411";27;74;101
2020-12-09;"Okres Bratislava I";"SK0101";31;227;258
2020-12-09;"Okres Bratislava II";"SK0102";51;332;383
2020-12-09;"Okres Bratislava III";"SK0103";38;249;287
2020-12-09;"Okres Bratislava IV";"SK0104";43;264;307
2020-12-09;"Okres Bratislava V";"SK0105";53;265;318
2020-12-09;"Okres Brezno";"SK0323";28;71;99
2020-12-09;"Okres Bytča";"SK0311";12;36;48
2020-12-09;"Okres Čadca";"SK0312";53;145;198
2020-12-09;"Okres Detva";"SK0324";25;122;147
2020-12-09;"Okres Dolný Kubín";"SK0313";10;30;40
2020-12-09;"Okres Dunajská Streda";"SK0211";79;315;394
2020-12-09;"Okres Galanta";"SK0212";65;214;279
2020-12-09;"Okres Gelnica";"SK0421";4;26;30
2020-12-09;"Okres Hlohovec";"SK0213";50;139;189
2020-12-09;"Okres Humenné";"SK0412";37;89;126
2020-12-09;"Okres Ilava";"SK0222";66;126;192
2020-12-09;"Okres Kežmarok";"SK0413";24;193;217
2020-12-09;"Okres Komárno";"SK0231";42;173;215
2020-12-09;"Okres Košice - okolie";"SK0426";45;196;241
2020-12-09;"Okres Košice I";"SK0422";8;21;29
2020-12-09;"Okres Košice II";"SK0423";14;40;54
2020-12-09;"Okres Košice III";"SK0424";3;15;18
2020-12-09;"Okres Košice IV";"SK0425";5;12;17
2020-12-09;"Okres Krupina";"SK0325";5;33;38
2020-12-09;"Okres Kysucké Nové Mesto";"SK0314";23;33;56
2020-12-09;"Okres Levice";"SK0232";28;114;142
2020-12-09;"Okres Levoča";"SK0414";19;100;119
2020-12-09;"Okres Liptovský Mikuláš";"SK0315";85;209;294
2020-12-09;"Okres Lučenec";"SK0326";28;85;113
2020-12-09;"Okres Malacky";"SK0106";26;167;193
2020-12-09;"Okres Martin";"SK0316";62;299;361
2020-12-09;"Okres Medzilaborce";"SK0415";4;9;13
2020-12-09;"Okres Michalovce";"SK0427";30;186;216
2020-12-09;"Okres Myjava";"SK0223";29;116;145
2020-12-09;"Okres Námestovo";"SK0317";4;25;29
2020-12-09;"Okres Nitra";"SK0233";68;262;330
2020-12-09;"Okres Nové Mesto nad Váhom";"SK0224";54;175;229
2020-12-09;"Okres Nové Zámky";"SK0234";39;193;232
2020-12-09;"Okres Partizánske";"SK0225";12;32;44
2020-12-09;"Okres Pezinok";"SK0107";33;126;159
2020-12-09;"Okres Piešťany";"SK0214";74;194;268
2020-12-09;"Okres Poltár";"SK0327";9;18;27
2020-12-09;"Okres Poprad";"SK0416";74;182;256
2020-12-09;"Okres Považská Bystrica";"SK0226";78;117;195
2020-12-09;"Okres Prešov";"SK0417";68;211;279
2020-12-09;"Okres Prievidza";"SK0227";56;131;187
2020-12-09;"Okres Púchov";"SK0228";57;122;179
2020-12-09;"Okres Revúca";"SK0328";20;53;73
2020-12-09;"Okres Rimavská Sobota";"SK0329";36;111;147
2020-12-09;"Okres Rožňava";"SK0428";8;111;119
2020-12-09;"Okres Ružomberok";"SK0318";26;67;93
2020-12-09;"Okres Sabinov";"SK0418";11;34;45
2020-12-09;"Okres Senec";"SK0108";65;222;287
2020-12-09;"Okres Senica";"SK0215";25;56;81
2020-12-09;"Okres Skalica";"SK0216";15;101;116
2020-12-09;"Okres Snina";"SK0419";14;74;88
2020-12-09;"Okres Sobrance";"SK0429";5;24;29
2020-12-09;"Okres Spišská Nová Ves";"SK042A";62;183;245
2020-12-09;"Okres Stará Ľubovňa";"SK041A";20;105;125
2020-12-09;"Okres Stropkov";"SK041B";21;65;86
2020-12-09;"Okres Svidník";"SK041C";27;69;96
2020-12-09;"Okres Šaľa";"SK0235";31;94;125
2020-12-09;"Okres Topoľčany";"SK0236";35;149;184
2020-12-09;"Okres Trebišov";"SK042B";42;152;194
2020-12-09;"Okres Trenčín";"SK0229";125;440;565
2020-12-09;"Okres Trnava";"SK0217";155;518;673
2020-12-09;"Okres Turčianske Teplice";"SK0319";7;30;37
2020-12-09;"Okres Tvrdošín";"SK031A";9;26;35
2020-12-09;"Okres Veľký Krtíš";"SK032A";40;86;126
2020-12-09;"Okres Vranov nad Topľou";"SK041D";29;120;149
2020-12-09;"Okres Zlaté Moravce";"SK0237";6;28;34
2020-12-09;"Okres Zvolen";"SK032B";49;222;271
2020-12-09;"Okres Žarnovica";"SK032C";14;43;57
2020-12-09;"Okres Žiar nad Hronom";"SK032D";18;76;94
2020-12-09;"Okres Žilina";"SK031B";75;255;330
2020-12-09;NA;"?";51;361;412
2020-12-08;"Neznáme";"SK000";401;1301;1702
2020-12-08;"Okres Bánovce nad Bebravou";"SK0221";39;99;138
2020-12-08;"Okres Banská Bystrica";"SK0321";81;301;382
2020-12-08;"Okres Banská Štiavnica";"SK0322";4;18;22
2020-12-08;"Okres Bardejov";"SK0411";39;153;192
2020-12-08;"Okres Bratislava I";"SK0101";21;178;199
2020-12-08;"Okres Bratislava II";"SK0102";47;276;323
2020-12-08;"Okres Bratislava III";"SK0103";26;189;215
2020-12-08;"Okres Bratislava IV";"SK0104";40;226;266
2020-12-08;"Okres Bratislava V";"SK0105";34;268;302
2020-12-08;"Okres Brezno";"SK0323";27;44;71
2020-12-08;"Okres Bytča";"SK0311";10;44;54
2020-12-08;"Okres Čadca";"SK0312";39;68;107
2020-12-08;"Okres Detva";"SK0324";7;68;75
2020-12-08;"Okres Dolný Kubín";"SK0313";8;59;67
2020-12-08;"Okres Dunajská Streda";"SK0211";60;299;359
2020-12-08;"Okres Galanta";"SK0212";34;128;162
2020-12-08;"Okres Gelnica";"SK0421";6;33;39
2020-12-08;"Okres Hlohovec";"SK0213";21;39;60
2020-12-08;"Okres Humenné";"SK0412";26;53;79
2020-12-08;"Okres Ilava";"SK0222";59;131;190
2020-12-08;"Okres Kežmarok";"SK0413";24;90;114
2020-12-08;"Okres Komárno";"SK0231";23;105;128
2020-12-08;"Okres Košice - okolie";"SK0426";25;130;155
2020-12-08;"Okres Košice I";"SK0422";1;8;9
2020-12-08;"Okres Košice II";"SK0423";3;27;30
2020-12-08;"Okres Košice III";"SK0424";0;5;5
2020-12-08;"Okres Košice IV";"SK0425";2;14;16
2020-12-08;"Okres Krupina";"SK0325";15;42;57
2020-12-08;"Okres Kysucké Nové Mesto";"SK0314";12;53;65
2020-12-08;"Okres Levice";"SK0232";26;140;166
2020-12-08;"Okres Levoča";"SK0414";21;96;117
2020-12-08;"Okres Liptovský Mikuláš";"SK0315";15;38;53
2020-12-08;"Okres Lučenec";"SK0326";31;132;163
2020-12-08;"Okres Malacky";"SK0106";33;129;162
2020-12-08;"Okres Martin";"SK0316";51;451;502
2020-12-08;"Okres Medzilaborce";"SK0415";3;10;13
2020-12-08;"Okres Michalovce";"SK0427";57;201;258
2020-12-08;"Okres Myjava";"SK0223";19;45;64
2020-12-08;"Okres Námestovo";"SK0317";8;78;86
2020-12-08;"Okres Nitra";"SK0233";50;146;196
2020-12-08;"Okres Nové Mesto nad Váhom";"SK0224";25;53;78
2020-12-08;"Okres Nové Zámky";"SK0234";49;161;210
2020-12-08;"Okres Partizánske";"SK0225";16;53;69
2020-12-08;"Okres Pezinok";"SK0107";18;97;115
2020-12-08;"Okres Piešťany";"SK0214";11;76;87
2020-12-08;"Okres Poltár";"SK0327";7;15;22
2020-12-08;"Okres Poprad";"SK0416";84;219;303
2020-12-08;"Okres Považská Bystrica";"SK0226";99;227;326
2020-12-08;"Okres Prešov";"SK0417";55;204;259
2020-12-08;"Okres Prievidza";"SK0227";85;245;330
2020-12-08;"Okres Púchov";"SK0228";68;139;207
2020-12-08;"Okres Revúca";"SK0328";12;61;73
2020-12-08;"Okres Rimavská Sobota";"SK0329";26;158;184
2020-12-08;"Okres Rožňava";"SK0428";12;126;138
2020-12-08;"Okres Ružomberok";"SK0318";29;97;126
2020-12-08;"Okres Sabinov";"SK0418";8;40;48
2020-12-08;"Okres Senec";"SK0108";17;196;213
2020-12-08;"Okres Senica";"SK0215";26;41;67
2020-12-08;"Okres Skalica";"SK0216";11;30;41
2020-12-08;"Okres Snina";"SK0419";6;49;55
2020-12-08;"Okres Sobrance";"SK0429";7;20;27
2020-12-08;"Okres Spišská Nová Ves";"SK042A";22;101;123
2020-12-08;"Okres Stará Ľubovňa";"SK041A";27;124;151
2020-12-08;"Okres Stropkov";"SK041B";14;29;43
2020-12-08;"Okres Svidník";"SK041C";24;76;100
2020-12-08;"Okres Šaľa";"SK0235";20;55;75
2020-12-08;"Okres Topoľčany";"SK0236";31;82;113
2020-12-08;"Okres Trebišov";"SK042B";38;180;218
2020-12-08;"Okres Trenčín";"SK0229";121;425;546
2020-12-08;"Okres Trnava";"SK0217";52;147;199
2020-12-08;"Okres Turčianske Teplice";"SK0319";8;32;40
2020-12-08;"Okres Tvrdošín";"SK031A";6;39;45
2020-12-08;"Okres Veľký Krtíš";"SK032A";13;30;43
2020-12-08;"Okres Vranov nad Topľou";"SK041D";29;86;115
2020-12-08;"Okres Zlaté Moravce";"SK0237";16;73;89
2020-12-08;"Okres Zvolen";"SK032B";32;173;205
2020-12-08;"Okres Žarnovica";"SK032C";2;30;32
2020-12-08;"Okres Žiar nad Hronom";"SK032D";18;67;85
2020-12-08;"Okres Žilina";"SK031B";87;245;332
2020-12-08;NA;"?";35;347;382
2020-12-07;"Neznáme";"SK000";273;1020;1293
2020-12-07;"Okres Bánovce nad Bebravou";"SK0221";8;19;27
2020-12-07;"Okres Banská Bystrica";"SK0321";26;151;177
2020-12-07;"Okres Banská Štiavnica";"SK0322";0;18;18
2020-12-07;"Okres Bardejov";"SK0411";7;36;43
2020-12-07;"Okres Bratislava I";"SK0101";18;143;161
2020-12-07;"Okres Bratislava II";"SK0102";33;290;323
2020-12-07;"Okres Bratislava III";"SK0103";25;180;205
2020-12-07;"Okres Bratislava IV";"SK0104";38;216;254
2020-12-07;"Okres Bratislava V";"SK0105";51;261;312
2020-12-07;"Okres Brezno";"SK0323";11;31;42
2020-12-07;"Okres Bytča";"SK0311";24;34;58
2020-12-07;"Okres Čadca";"SK0312";33;91;124
2020-12-07;"Okres Detva";"SK0324";9;71;80
2020-12-07;"Okres Dolný Kubín";"SK0313";5;35;40
2020-12-07;"Okres Dunajská Streda";"SK0211";8;56;64
2020-12-07;"Okres Galanta";"SK0212";8;52;60
2020-12-07;"Okres Gelnica";"SK0421";19;22;41
2020-12-07;"Okres Hlohovec";"SK0213";12;48;60
2020-12-07;"Okres Humenné";"SK0412";39;72;111
2020-12-07;"Okres Ilava";"SK0222";22;32;54
2020-12-07;"Okres Kežmarok";"SK0413";9;30;39
2020-12-07;"Okres Komárno";"SK0231";8;28;36
2020-12-07;"Okres Košice - okolie";"SK0426";27;184;211
2020-12-07;"Okres Košice I";"SK0422";9;39;48
2020-12-07;"Okres Košice II";"SK0423";12;59;71
2020-12-07;"Okres Košice III";"SK0424";2;17;19
2020-12-07;"Okres Košice IV";"SK0425";5;20;25
2020-12-07;"Okres Krupina";"SK0325";2;41;43
2020-12-07;"Okres Kysucké Nové Mesto";"SK0314";21;56;77
2020-12-07;"Okres Levice";"SK0232";13;30;43
2020-12-07;"Okres Levoča";"SK0414";13;46;59
2020-12-07;"Okres Liptovský Mikuláš";"SK0315";59;87;146
2020-12-07;"Okres Lučenec";"SK0326";41;123;164
2020-12-07;"Okres Malacky";"SK0106";26;108;134
2020-12-07;"Okres Martin";"SK0316";83;359;442
2020-12-07;"Okres Medzilaborce";"SK0415";3;8;11
2020-12-07;"Okres Michalovce";"SK0427";30;100;130
2020-12-07;"Okres Myjava";"SK0223";24;49;73
2020-12-07;"Okres Námestovo";"SK0317";4;35;39
2020-12-07;"Okres Nitra";"SK0233";20;60;80
2020-12-07;"Okres Nové Mesto nad Váhom";"SK0224";24;135;159
2020-12-07;"Okres Nové Zámky";"SK0234";26;133;159
2020-12-07;"Okres Partizánske";"SK0225";0;6;6
2020-12-07;"Okres Pezinok";"SK0107";26;110;136
2020-12-07;"Okres Piešťany";"SK0214";27;91;118
2020-12-07;"Okres Poltár";"SK0327";13;39;52
2020-12-07;"Okres Poprad";"SK0416";23;73;96
2020-12-07;"Okres Považská Bystrica";"SK0226";32;51;83
2020-12-07;"Okres Prešov";"SK0417";123;364;487
2020-12-07;"Okres Prievidza";"SK0227";9;31;40
2020-12-07;"Okres Púchov";"SK0228";11;32;43
2020-12-07;"Okres Revúca";"SK0328";9;54;63
2020-12-07;"Okres Rimavská Sobota";"SK0329";33;160;193
2020-12-07;"Okres Rožňava";"SK0428";0;13;13
2020-12-07;"Okres Ružomberok";"SK0318";20;46;66
2020-12-07;"Okres Sabinov";"SK0418";11;73;84
2020-12-07;"Okres Senec";"SK0108";37;181;218
2020-12-07;"Okres Senica";"SK0215";16;52;68
2020-12-07;"Okres Skalica";"SK0216";9;24;33
2020-12-07;"Okres Snina";"SK0419";3;14;17
2020-12-07;"Okres Sobrance";"SK0429";5;19;24
2020-12-07;"Okres Spišská Nová Ves";"SK042A";62;153;215
2020-12-07;"Okres Stará Ľubovňa";"SK041A";5;14;19
2020-12-07;"Okres Stropkov";"SK041B";10;14;24
2020-12-07;"Okres Svidník";"SK041C";43;74;117
2020-12-07;"Okres Šaľa";"SK0235";0;15;15
2020-12-07;"Okres Topoľčany";"SK0236";26;69;95
2020-12-07;"Okres Trebišov";"SK042B";40;99;139
2020-12-07;"Okres Trenčín";"SK0229";91;226;317
2020-12-07;"Okres Trnava";"SK0217";70;230;300
2020-12-07;"Okres Turčianske Teplice";"SK0319";4;19;23
2020-12-07;"Okres Tvrdošín";"SK031A";4;30;34
2020-12-07;"Okres Veľký Krtíš";"SK032A";16;32;48
2020-12-07;"Okres Vranov nad Topľou";"SK041D";51;140;191
2020-12-07;"Okres Zlaté Moravce";"SK0237";4;13;17
2020-12-07;"Okres Zvolen";"SK032B";22;246;268
2020-12-07;"Okres Žarnovica";"SK032C";3;12;15
2020-12-07;"Okres Žiar nad Hronom";"SK032D";10;37;47
2020-12-07;"Okres Žilina";"SK031B";83;225;308
2020-12-07;NA;"?";65;393;458
2020-12-06;"Neznáme";"SK000";12;114;126
2020-12-06;"Okres Bánovce nad Bebravou";"SK0221";8;25;33
2020-12-06;"Okres Banská Bystrica";"SK0321";49;143;192
2020-12-06;"Okres Banská Štiavnica";"SK0322";4;11;15
2020-12-06;"Okres Bardejov";"SK0411";2;14;16
2020-12-06;"Okres Bratislava I";"SK0101";6;58;64
2020-12-06;"Okres Bratislava II";"SK0102";6;85;91
2020-12-06;"Okres Bratislava III";"SK0103";5;72;77
2020-12-06;"Okres Bratislava IV";"SK0104";11;88;99
2020-12-06;"Okres Bratislava V";"SK0105";14;96;110
2020-12-06;"Okres Brezno";"SK0323";9;38;47
2020-12-06;"Okres Čadca";"SK0312";3;8;11
2020-12-06;"Okres Detva";"SK0324";14;52;66
2020-12-06;"Okres Dolný Kubín";"SK0313";0;5;5
2020-12-06;"Okres Dunajská Streda";"SK0211";13;91;104
2020-12-06;"Okres Galanta";"SK0212";4;18;22
2020-12-06;"Okres Gelnica";"SK0421";8;14;22
2020-12-06;"Okres Hlohovec";"SK0213";3;23;26
2020-12-06;"Okres Humenné";"SK0412";11;15;26
2020-12-06;"Okres Ilava";"SK0222";9;15;24
2020-12-06;"Okres Kežmarok";"SK0413";1;3;4
2020-12-06;"Okres Komárno";"SK0231";2;14;16
2020-12-06;"Okres Košice - okolie";"SK0426";15;70;85
2020-12-06;"Okres Košice I";"SK0422";7;20;27
2020-12-06;"Okres Košice II";"SK0423";1;26;27
2020-12-06;"Okres Košice III";"SK0424";2;13;15
2020-12-06;"Okres Košice IV";"SK0425";0;7;7
2020-12-06;"Okres Krupina";"SK0325";2;26;28
2020-12-06;"Okres Kysucké Nové Mesto";"SK0314";0;1;1
2020-12-06;"Okres Levice";"SK0232";8;178;186
2020-12-06;"Okres Levoča";"SK0414";9;29;38
2020-12-06;"Okres Liptovský Mikuláš";"SK0315";1;12;13
2020-12-06;"Okres Lučenec";"SK0326";1;9;10
2020-12-06;"Okres Malacky";"SK0106";8;36;44
2020-12-06;"Okres Martin";"SK0316";2;13;15
2020-12-06;"Okres Medzilaborce";"SK0415";1;5;6
2020-12-06;"Okres Michalovce";"SK0427";21;69;90
2020-12-06;"Okres Myjava";"SK0223";3;1;4
2020-12-06;"Okres Námestovo";"SK0317";1;39;40
2020-12-06;"Okres Nitra";"SK0233";3;11;14
2020-12-06;"Okres Nové Mesto nad Váhom";"SK0224";29;93;122
2020-12-06;"Okres Nové Zámky";"SK0234";3;10;13
2020-12-06;"Okres Partizánske";"SK0225";11;37;48
2020-12-06;"Okres Pezinok";"SK0107";3;46;49
2020-12-06;"Okres Piešťany";"SK0214";3;23;26
2020-12-06;"Okres Poltár";"SK0327";0;4;4
2020-12-06;"Okres Poprad";"SK0416";6;11;17
2020-12-06;"Okres Považská Bystrica";"SK0226";1;5;6
2020-12-06;"Okres Prešov";"SK0417";1;28;29
2020-12-06;"Okres Prievidza";"SK0227";12;38;50
2020-12-06;"Okres Púchov";"SK0228";6;3;9
2020-12-06;"Okres Revúca";"SK0328";4;24;28
2020-12-06;"Okres Rimavská Sobota";"SK0329";3;12;15
2020-12-06;"Okres Rožňava";"SK0428";1;12;13
2020-12-06;"Okres Ružomberok";"SK0318";4;13;17
2020-12-06;"Okres Sabinov";"SK0418";2;9;11
2020-12-06;"Okres Senec";"SK0108";5;63;68
2020-12-06;"Okres Senica";"SK0215";1;3;4
2020-12-06;"Okres Skalica";"SK0216";1;2;3
2020-12-06;"Okres Snina";"SK0419";2;2;4
2020-12-06;"Okres Sobrance";"SK0429";2;13;15
2020-12-06;"Okres Spišská Nová Ves";"SK042A";38;127;165
2020-12-06;"Okres Stará Ľubovňa";"SK041A";0;5;5
2020-12-06;"Okres Stropkov";"SK041B";6;17;23
2020-12-06;"Okres Svidník";"SK041C";15;32;47
2020-12-06;"Okres Šaľa";"SK0235";0;7;7
2020-12-06;"Okres Topoľčany";"SK0236";1;10;11
2020-12-06;"Okres Trebišov";"SK042B";11;42;53
2020-12-06;"Okres Trenčín";"SK0229";34;130;164
2020-12-06;"Okres Trnava";"SK0217";21;82;103
2020-12-06;"Okres Turčianske Teplice";"SK0319";0;4;4
2020-12-06;"Okres Tvrdošín";"SK031A";0;12;12
2020-12-06;"Okres Veľký Krtíš";"SK032A";0;1;1
2020-12-06;"Okres Vranov nad Topľou";"SK041D";6;18;24
2020-12-06;"Okres Zlaté Moravce";"SK0237";0;8;8
2020-12-06;"Okres Zvolen";"SK032B";25;130;155
2020-12-06;"Okres Žarnovica";"SK032C";3;26;29
2020-12-06;"Okres Žiar nad Hronom";"SK032D";14;36;50
2020-12-06;"Okres Žilina";"SK031B";0;5;5
2020-12-06;NA;"?";19;133;152
2020-12-05;"Neznáme";"SK000";204;742;946
2020-12-05;"Okres Bánovce nad Bebravou";"SK0221";6;60;66
2020-12-05;"Okres Banská Bystrica";"SK0321";46;149;195
2020-12-05;"Okres Banská Štiavnica";"SK0322";2;2;4
2020-12-05;"Okres Bardejov";"SK0411";17;52;69
2020-12-05;"Okres Bratislava I";"SK0101";8;97;105
2020-12-05;"Okres Bratislava II";"SK0102";37;183;220
2020-12-05;"Okres Bratislava III";"SK0103";21;129;150
2020-12-05;"Okres Bratislava IV";"SK0104";30;168;198
2020-12-05;"Okres Bratislava V";"SK0105";88;328;416
2020-12-05;"Okres Brezno";"SK0323";6;26;32
2020-12-05;"Okres Bytča";"SK0311";8;11;19
2020-12-05;"Okres Čadca";"SK0312";37;116;153
2020-12-05;"Okres Detva";"SK0324";4;24;28
2020-12-05;"Okres Dolný Kubín";"SK0313";0;8;8
2020-12-05;"Okres Dunajská Streda";"SK0211";15;137;152
2020-12-05;"Okres Galanta";"SK0212";5;43;48
2020-12-05;"Okres Gelnica";"SK0421";3;15;18
2020-12-05;"Okres Hlohovec";"SK0213";5;47;52
2020-12-05;"Okres Humenné";"SK0412";4;27;31
2020-12-05;"Okres Ilava";"SK0222";28;112;140
2020-12-05;"Okres Kežmarok";"SK0413";9;43;52
2020-12-05;"Okres Komárno";"SK0231";10;47;57
2020-12-05;"Okres Košice - okolie";"SK0426";15;73;88
2020-12-05;"Okres Košice I";"SK0422";0;14;14
2020-12-05;"Okres Košice II";"SK0423";9;11;20
2020-12-05;"Okres Košice III";"SK0424";1;2;3
2020-12-05;"Okres Košice IV";"SK0425";1;13;14
2020-12-05;"Okres Krupina";"SK0325";0;13;13
2020-12-05;"Okres Kysucké Nové Mesto";"SK0314";3;12;15
2020-12-05;"Okres Levice";"SK0232";0;22;22
2020-12-05;"Okres Levoča";"SK0414";3;14;17
2020-12-05;"Okres Liptovský Mikuláš";"SK0315";1;13;14
2020-12-05;"Okres Lučenec";"SK0326";3;10;13
2020-12-05;"Okres Malacky";"SK0106";39;122;161
2020-12-05;"Okres Martin";"SK0316";6;66;72
2020-12-05;"Okres Medzilaborce";"SK0415";0;3;3
2020-12-05;"Okres Michalovce";"SK0427";23;116;139
2020-12-05;"Okres Myjava";"SK0223";0;4;4
2020-12-05;"Okres Námestovo";"SK0317";2;8;10
2020-12-05;"Okres Nitra";"SK0233";11;66;77
2020-12-05;"Okres Nové Mesto nad Váhom";"SK0224";7;27;34
2020-12-05;"Okres Nové Zámky";"SK0234";30;72;102
2020-12-05;"Okres Partizánske";"SK0225";1;10;11
2020-12-05;"Okres Pezinok";"SK0107";15;94;109
2020-12-05;"Okres Piešťany";"SK0214";2;69;71
2020-12-05;"Okres Poltár";"SK0327";0;8;8
2020-12-05;"Okres Poprad";"SK0416";33;114;147
2020-12-05;"Okres Považská Bystrica";"SK0226";46;86;132
2020-12-05;"Okres Prešov";"SK0417";23;143;166
2020-12-05;"Okres Prievidza";"SK0227";33;87;120
2020-12-05;"Okres Púchov";"SK0228";48;82;130
2020-12-05;"Okres Revúca";"SK0328";1;13;14
2020-12-05;"Okres Rimavská Sobota";"SK0329";29;72;101
2020-12-05;"Okres Rožňava";"SK0428";5;61;66
2020-12-05;"Okres Ružomberok";"SK0318";6;34;40
2020-12-05;"Okres Sabinov";"SK0418";38;122;160
2020-12-05;"Okres Senec";"SK0108";22;137;159
2020-12-05;"Okres Senica";"SK0215";21;24;45
2020-12-05;"Okres Skalica";"SK0216";6;26;32
2020-12-05;"Okres Snina";"SK0419";24;19;43
2020-12-05;"Okres Sobrance";"SK0429";1;11;12
2020-12-05;"Okres Spišská Nová Ves";"SK042A";2;30;32
2020-12-05;"Okres Stará Ľubovňa";"SK041A";66;177;243
2020-12-05;"Okres Stropkov";"SK041B";1;23;24
2020-12-05;"Okres Svidník";"SK041C";8;32;40
2020-12-05;"Okres Šaľa";"SK0235";4;41;45
2020-12-05;"Okres Topoľčany";"SK0236";2;14;16
2020-12-05;"Okres Trebišov";"SK042B";6;69;75
2020-12-05;"Okres Trenčín";"SK0229";60;183;243
2020-12-05;"Okres Trnava";"SK0217";19;331;350
2020-12-05;"Okres Turčianske Teplice";"SK0319";0;6;6
2020-12-05;"Okres Tvrdošín";"SK031A";0;11;11
2020-12-05;"Okres Veľký Krtíš";"SK032A";3;5;8
2020-12-05;"Okres Vranov nad Topľou";"SK041D";35;90;125
2020-12-05;"Okres Zlaté Moravce";"SK0237";0;10;10
2020-12-05;"Okres Zvolen";"SK032B";17;37;54
2020-12-05;"Okres Žarnovica";"SK032C";3;11;14
2020-12-05;"Okres Žiar nad Hronom";"SK032D";3;10;13
2020-12-05;"Okres Žilina";"SK031B";31;79;110
2020-12-05;NA;"?";29;187;216
2020-12-04;"Neznáme";"SK000";201;1341;1542
2020-12-04;"Okres Bánovce nad Bebravou";"SK0221";9;25;34
2020-12-04;"Okres Banská Bystrica";"SK0321";42;257;299
2020-12-04;"Okres Banská Štiavnica";"SK0322";1;25;26
2020-12-04;"Okres Bardejov";"SK0411";10;58;68
2020-12-04;"Okres Bratislava I";"SK0101";11;168;179
2020-12-04;"Okres Bratislava II";"SK0102";37;269;306
2020-12-04;"Okres Bratislava III";"SK0103";17;169;186
2020-12-04;"Okres Bratislava IV";"SK0104";21;228;249
2020-12-04;"Okres Bratislava V";"SK0105";32;291;323
2020-12-04;"Okres Brezno";"SK0323";22;76;98
2020-12-04;"Okres Bytča";"SK0311";5;46;51
2020-12-04;"Okres Čadca";"SK0312";26;104;130
2020-12-04;"Okres Detva";"SK0324";13;73;86
2020-12-04;"Okres Dolný Kubín";"SK0313";5;31;36
2020-12-04;"Okres Dunajská Streda";"SK0211";42;188;230
2020-12-04;"Okres Galanta";"SK0212";35;116;151
2020-12-04;"Okres Gelnica";"SK0421";6;25;31
2020-12-04;"Okres Hlohovec";"SK0213";17;74;91
2020-12-04;"Okres Humenné";"SK0412";36;115;151
2020-12-04;"Okres Ilava";"SK0222";36;129;165
2020-12-04;"Okres Kežmarok";"SK0413";18;97;115
2020-12-04;"Okres Komárno";"SK0231";6;72;78
2020-12-04;"Okres Košice - okolie";"SK0426";36;176;212
2020-12-04;"Okres Košice I";"SK0422";6;36;42
2020-12-04;"Okres Košice II";"SK0423";13;38;51
2020-12-04;"Okres Košice III";"SK0424";1;7;8
2020-12-04;"Okres Košice IV";"SK0425";3;26;29
2020-12-04;"Okres Krupina";"SK0325";12;38;50
2020-12-04;"Okres Kysucké Nové Mesto";"SK0314";11;18;29
2020-12-04;"Okres Levice";"SK0232";20;118;138
2020-12-04;"Okres Levoča";"SK0414";8;46;54
2020-12-04;"Okres Liptovský Mikuláš";"SK0315";44;150;194
2020-12-04;"Okres Lučenec";"SK0326";18;118;136
2020-12-04;"Okres Malacky";"SK0106";26;153;179
2020-12-04;"Okres Martin";"SK0316";28;221;249
2020-12-04;"Okres Medzilaborce";"SK0415";4;11;15
2020-12-04;"Okres Michalovce";"SK0427";33;174;207
2020-12-04;"Okres Myjava";"SK0223";6;50;56
2020-12-04;"Okres Námestovo";"SK0317";3;35;38
2020-12-04;"Okres Nitra";"SK0233";45;183;228
2020-12-04;"Okres Nové Mesto nad Váhom";"SK0224";30;132;162
2020-12-04;"Okres Nové Zámky";"SK0234";49;120;169
2020-12-04;"Okres Partizánske";"SK0225";0;27;27
2020-12-04;"Okres Pezinok";"SK0107";16;107;123
2020-12-04;"Okres Piešťany";"SK0214";28;93;121
2020-12-04;"Okres Poltár";"SK0327";17;54;71
2020-12-04;"Okres Poprad";"SK0416";75;190;265
2020-12-04;"Okres Považská Bystrica";"SK0226";26;61;87
2020-12-04;"Okres Prešov";"SK0417";73;316;389
2020-12-04;"Okres Prievidza";"SK0227";19;147;166
2020-12-04;"Okres Púchov";"SK0228";29;42;71
2020-12-04;"Okres Revúca";"SK0328";33;82;115
2020-12-04;"Okres Rimavská Sobota";"SK0329";118;293;411
2020-12-04;"Okres Rožňava";"SK0428";7;84;91
2020-12-04;"Okres Ružomberok";"SK0318";23;54;77
2020-12-04;"Okres Sabinov";"SK0418";26;62;88
2020-12-04;"Okres Senec";"SK0108";27;174;201
2020-12-04;"Okres Senica";"SK0215";45;82;127
2020-12-04;"Okres Skalica";"SK0216";1;46;47
2020-12-04;"Okres Snina";"SK0419";11;60;71
2020-12-04;"Okres Sobrance";"SK0429";7;22;29
2020-12-04;"Okres Spišská Nová Ves";"SK042A";49;181;230
2020-12-04;"Okres Stará Ľubovňa";"SK041A";27;133;160
2020-12-04;"Okres Stropkov";"SK041B";10;25;35
2020-12-04;"Okres Svidník";"SK041C";22;61;83
2020-12-04;"Okres Šaľa";"SK0235";21;68;89
2020-12-04;"Okres Topoľčany";"SK0236";16;60;76
2020-12-04;"Okres Trebišov";"SK042B";46;247;293
2020-12-04;"Okres Trenčín";"SK0229";94;241;335
2020-12-04;"Okres Trnava";"SK0217";82;307;389
2020-12-04;"Okres Turčianske Teplice";"SK0319";1;15;16
2020-12-04;"Okres Tvrdošín";"SK031A";3;19;22
2020-12-04;"Okres Veľký Krtíš";"SK032A";29;116;145
2020-12-04;"Okres Vranov nad Topľou";"SK041D";57;181;238
2020-12-04;"Okres Zlaté Moravce";"SK0237";5;27;32
2020-12-04;"Okres Zvolen";"SK032B";30;248;278
2020-12-04;"Okres Žarnovica";"SK032C";4;41;45
2020-12-04;"Okres Žiar nad Hronom";"SK032D";18;88;106
2020-12-04;"Okres Žilina";"SK031B";60;201;261
2020-12-04;NA;"?";33;356;389
2020-12-03;"Neznáme";"SK000";256;1013;1269
2020-12-03;"Okres Bánovce nad Bebravou";"SK0221";43;84;127
2020-12-03;"Okres Banská Bystrica";"SK0321";65;177;242
2020-12-03;"Okres Banská Štiavnica";"SK0322";3;28;31
2020-12-03;"Okres Bardejov";"SK0411";12;65;77
2020-12-03;"Okres Bratislava I";"SK0101";16;151;167
2020-12-03;"Okres Bratislava II";"SK0102";33;286;319
2020-12-03;"Okres Bratislava III";"SK0103";15;150;165
2020-12-03;"Okres Bratislava IV";"SK0104";26;208;234
2020-12-03;"Okres Bratislava V";"SK0105";39;197;236
2020-12-03;"Okres Brezno";"SK0323";21;59;80
2020-12-03;"Okres Bytča";"SK0311";14;38;52
2020-12-03;"Okres Čadca";"SK0312";35;86;121
2020-12-03;"Okres Detva";"SK0324";24;89;113
2020-12-03;"Okres Dolný Kubín";"SK0313";6;33;39
2020-12-03;"Okres Dunajská Streda";"SK0211";62;234;296
2020-12-03;"Okres Galanta";"SK0212";28;107;135
2020-12-03;"Okres Gelnica";"SK0421";10;20;30
2020-12-03;"Okres Hlohovec";"SK0213";12;59;71
2020-12-03;"Okres Humenné";"SK0412";37;72;109
2020-12-03;"Okres Ilava";"SK0222";41;117;158
2020-12-03;"Okres Kežmarok";"SK0413";12;92;104
2020-12-03;"Okres Komárno";"SK0231";28;108;136
2020-12-03;"Okres Košice - okolie";"SK0426";17;104;121
2020-12-03;"Okres Košice I";"SK0422";7;23;30
2020-12-03;"Okres Košice II";"SK0423";11;31;42
2020-12-03;"Okres Košice III";"SK0424";2;7;9
2020-12-03;"Okres Košice IV";"SK0425";4;13;17
2020-12-03;"Okres Krupina";"SK0325";17;54;71
2020-12-03;"Okres Kysucké Nové Mesto";"SK0314";5;22;27
2020-12-03;"Okres Levice";"SK0232";20;119;139
2020-12-03;"Okres Levoča";"SK0414";15;84;99
2020-12-03;"Okres Liptovský Mikuláš";"SK0315";23;58;81
2020-12-03;"Okres Lučenec";"SK0326";4;73;77
2020-12-03;"Okres Malacky";"SK0106";9;68;77
2020-12-03;"Okres Martin";"SK0316";73;138;211
2020-12-03;"Okres Medzilaborce";"SK0415";6;10;16
2020-12-03;"Okres Michalovce";"SK0427";35;158;193
2020-12-03;"Okres Myjava";"SK0223";16;85;101
2020-12-03;"Okres Námestovo";"SK0317";6;32;38
2020-12-03;"Okres Nitra";"SK0233";35;145;180
2020-12-03;"Okres Nové Mesto nad Váhom";"SK0224";40;157;197
2020-12-03;"Okres Nové Zámky";"SK0234";56;123;179
2020-12-03;"Okres Partizánske";"SK0225";22;38;60
2020-12-03;"Okres Pezinok";"SK0107";23;83;106
2020-12-03;"Okres Piešťany";"SK0214";32;95;127
2020-12-03;"Okres Poltár";"SK0327";0;8;8
2020-12-03;"Okres Poprad";"SK0416";58;136;194
2020-12-03;"Okres Považská Bystrica";"SK0226";90;169;259
2020-12-03;"Okres Prešov";"SK0417";50;193;243
2020-12-03;"Okres Prievidza";"SK0227";77;124;201
2020-12-03;"Okres Púchov";"SK0228";82;99;181
2020-12-03;"Okres Revúca";"SK0328";3;33;36
2020-12-03;"Okres Rimavská Sobota";"SK0329";27;76;103
2020-12-03;"Okres Rožňava";"SK0428";10;67;77
2020-12-03;"Okres Ružomberok";"SK0318";6;52;58
2020-12-03;"Okres Sabinov";"SK0418";15;53;68
2020-12-03;"Okres Senec";"SK0108";30;149;179
2020-12-03;"Okres Senica";"SK0215";6;63;69
2020-12-03;"Okres Skalica";"SK0216";7;10;17
2020-12-03;"Okres Snina";"SK0419";22;41;63
2020-12-03;"Okres Sobrance";"SK0429";10;21;31
2020-12-03;"Okres Spišská Nová Ves";"SK042A";51;193;244
2020-12-03;"Okres Stará Ľubovňa";"SK041A";13;41;54
2020-12-03;"Okres Stropkov";"SK041B";4;22;26
2020-12-03;"Okres Svidník";"SK041C";11;48;59
2020-12-03;"Okres Šaľa";"SK0235";4;45;49
2020-12-03;"Okres Topoľčany";"SK0236";28;84;112
2020-12-03;"Okres Trebišov";"SK042B";26;183;209
2020-12-03;"Okres Trenčín";"SK0229";97;297;394
2020-12-03;"Okres Trnava";"SK0217";77;245;322
2020-12-03;"Okres Turčianske Teplice";"SK0319";6;11;17
2020-12-03;"Okres Tvrdošín";"SK031A";3;22;25
2020-12-03;"Okres Veľký Krtíš";"SK032A";35;62;97
2020-12-03;"Okres Vranov nad Topľou";"SK041D";59;299;358
2020-12-03;"Okres Zlaté Moravce";"SK0237";14;46;60
2020-12-03;"Okres Zvolen";"SK032B";29;231;260
2020-12-03;"Okres Žarnovica";"SK032C";10;25;35
2020-12-03;"Okres Žiar nad Hronom";"SK032D";15;104;119
2020-12-03;"Okres Žilina";"SK031B";53;220;273
2020-12-03;NA;"?";35;177;212
2020-12-02;"Neznáme";"SK000";238;962;1200
2020-12-02;"Okres Bánovce nad Bebravou";"SK0221";5;33;38
2020-12-02;"Okres Banská Bystrica";"SK0321";53;168;221
2020-12-02;"Okres Banská Štiavnica";"SK0322";2;13;15
2020-12-02;"Okres Bardejov";"SK0411";14;92;106
2020-12-02;"Okres Bratislava I";"SK0101";12;122;134
2020-12-02;"Okres Bratislava II";"SK0102";33;294;327
2020-12-02;"Okres Bratislava III";"SK0103";20;149;169
2020-12-02;"Okres Bratislava IV";"SK0104";29;201;230
2020-12-02;"Okres Bratislava V";"SK0105";39;225;264
2020-12-02;"Okres Brezno";"SK0323";12;25;37
2020-12-02;"Okres Bytča";"SK0311";15;20;35
2020-12-02;"Okres Čadca";"SK0312";24;72;96
2020-12-02;"Okres Detva";"SK0324";11;69;80
2020-12-02;"Okres Dolný Kubín";"SK0313";1;10;11
2020-12-02;"Okres Dunajská Streda";"SK0211";65;231;296
2020-12-02;"Okres Galanta";"SK0212";51;139;190
2020-12-02;"Okres Gelnica";"SK0421";11;25;36
2020-12-02;"Okres Hlohovec";"SK0213";24;193;217
2020-12-02;"Okres Humenné";"SK0412";6;22;28
2020-12-02;"Okres Ilava";"SK0222";52;107;159
2020-12-02;"Okres Kežmarok";"SK0413";33;107;140
2020-12-02;"Okres Komárno";"SK0231";32;148;180
2020-12-02;"Okres Košice - okolie";"SK0426";18;85;103
2020-12-02;"Okres Košice I";"SK0422";1;7;8
2020-12-02;"Okres Košice II";"SK0423";7;19;26
2020-12-02;"Okres Košice III";"SK0424";0;6;6
2020-12-02;"Okres Košice IV";"SK0425";1;3;4
2020-12-02;"Okres Krupina";"SK0325";2;18;20
2020-12-02;"Okres Kysucké Nové Mesto";"SK0314";8;14;22
2020-12-02;"Okres Levice";"SK0232";10;70;80
2020-12-02;"Okres Levoča";"SK0414";19;91;110
2020-12-02;"Okres Liptovský Mikuláš";"SK0315";36;86;122
2020-12-02;"Okres Lučenec";"SK0326";31;125;156
2020-12-02;"Okres Malacky";"SK0106";19;138;157
2020-12-02;"Okres Martin";"SK0316";36;123;159
2020-12-02;"Okres Medzilaborce";"SK0415";2;5;7
2020-12-02;"Okres Michalovce";"SK0427";26;118;144
2020-12-02;"Okres Myjava";"SK0223";3;32;35
2020-12-02;"Okres Námestovo";"SK0317";0;12;12
2020-12-02;"Okres Nitra";"SK0233";48;190;238
2020-12-02;"Okres Nové Mesto nad Váhom";"SK0224";30;177;207
2020-12-02;"Okres Nové Zámky";"SK0234";41;128;169
2020-12-02;"Okres Partizánske";"SK0225";1;14;15
2020-12-02;"Okres Pezinok";"SK0107";27;104;131
2020-12-02;"Okres Piešťany";"SK0214";19;64;83
2020-12-02;"Okres Poltár";"SK0327";8;15;23
2020-12-02;"Okres Poprad";"SK0416";50;175;225
2020-12-02;"Okres Považská Bystrica";"SK0226";44;101;145
2020-12-02;"Okres Prešov";"SK0417";40;143;183
2020-12-02;"Okres Prievidza";"SK0227";59;64;123
2020-12-02;"Okres Púchov";"SK0228";86;175;261
2020-12-02;"Okres Revúca";"SK0328";3;6;9
2020-12-02;"Okres Rimavská Sobota";"SK0329";26;53;79
2020-12-02;"Okres Rožňava";"SK0428";11;49;60
2020-12-02;"Okres Ružomberok";"SK0318";10;37;47
2020-12-02;"Okres Sabinov";"SK0418";13;51;64
2020-12-02;"Okres Senec";"SK0108";29;169;198
2020-12-02;"Okres Senica";"SK0215";11;40;51
2020-12-02;"Okres Skalica";"SK0216";6;20;26
2020-12-02;"Okres Snina";"SK0419";21;34;55
2020-12-02;"Okres Sobrance";"SK0429";4;13;17
2020-12-02;"Okres Spišská Nová Ves";"SK042A";50;226;276
2020-12-02;"Okres Stará Ľubovňa";"SK041A";21;150;171
2020-12-02;"Okres Stropkov";"SK041B";6;39;45
2020-12-02;"Okres Svidník";"SK041C";4;89;93
2020-12-02;"Okres Šaľa";"SK0235";16;80;96
2020-12-02;"Okres Topoľčany";"SK0236";21;46;67
2020-12-02;"Okres Trebišov";"SK042B";34;88;122
2020-12-02;"Okres Trenčín";"SK0229";126;310;436
2020-12-02;"Okres Trnava";"SK0217";69;204;273
2020-12-02;"Okres Turčianske Teplice";"SK0319";2;10;12
2020-12-02;"Okres Tvrdošín";"SK031A";0;5;5
2020-12-02;"Okres Veľký Krtíš";"SK032A";19;122;141
2020-12-02;"Okres Vranov nad Topľou";"SK041D";17;49;66
2020-12-02;"Okres Zlaté Moravce";"SK0237";6;26;32
2020-12-02;"Okres Zvolen";"SK032B";38;113;151
2020-12-02;"Okres Žarnovica";"SK032C";15;33;48
2020-12-02;"Okres Žiar nad Hronom";"SK032D";21;39;60
2020-12-02;"Okres Žilina";"SK031B";39;145;184
2020-12-02;NA;"?";31;166;197
2020-12-01;"Neznáme";"SK000";205;1081;1286
2020-12-01;"Okres Bánovce nad Bebravou";"SK0221";11;97;108
2020-12-01;"Okres Banská Bystrica";"SK0321";45;142;187
2020-12-01;"Okres Banská Štiavnica";"SK0322";1;7;8
2020-12-01;"Okres Bardejov";"SK0411";65;148;213
2020-12-01;"Okres Bratislava I";"SK0101";13;120;133
2020-12-01;"Okres Bratislava II";"SK0102";34;270;304
2020-12-01;"Okres Bratislava III";"SK0103";27;170;197
2020-12-01;"Okres Bratislava IV";"SK0104";28;197;225
2020-12-01;"Okres Bratislava V";"SK0105";42;239;281
2020-12-01;"Okres Brezno";"SK0323";12;33;45
2020-12-01;"Okres Bytča";"SK0311";18;37;55
2020-12-01;"Okres Čadca";"SK0312";40;102;142
2020-12-01;"Okres Detva";"SK0324";6;37;43
2020-12-01;"Okres Dolný Kubín";"SK0313";4;48;52
2020-12-01;"Okres Dunajská Streda";"SK0211";73;193;266
2020-12-01;"Okres Galanta";"SK0212";36;90;126
2020-12-01;"Okres Gelnica";"SK0421";1;25;26
2020-12-01;"Okres Hlohovec";"SK0213";22;49;71
2020-12-01;"Okres Humenné";"SK0412";7;60;67
2020-12-01;"Okres Ilava";"SK0222";46;104;150
2020-12-01;"Okres Kežmarok";"SK0413";7;74;81
2020-12-01;"Okres Komárno";"SK0231";18;254;272
2020-12-01;"Okres Košice - okolie";"SK0426";27;132;159
2020-12-01;"Okres Košice I";"SK0422";9;26;35
2020-12-01;"Okres Košice II";"SK0423";10;44;54
2020-12-01;"Okres Košice III";"SK0424";1;16;17
2020-12-01;"Okres Košice IV";"SK0425";3;19;22
2020-12-01;"Okres Krupina";"SK0325";12;23;35
2020-12-01;"Okres Kysucké Nové Mesto";"SK0314";11;25;36
2020-12-01;"Okres Levice";"SK0232";75;173;248
2020-12-01;"Okres Levoča";"SK0414";8;34;42
2020-12-01;"Okres Liptovský Mikuláš";"SK0315";15;41;56
2020-12-01;"Okres Lučenec";"SK0326";49;76;125
2020-12-01;"Okres Malacky";"SK0106";65;85;150
2020-12-01;"Okres Martin";"SK0316";34;184;218
2020-12-01;"Okres Medzilaborce";"SK0415";2;10;12
2020-12-01;"Okres Michalovce";"SK0427";33;116;149
2020-12-01;"Okres Myjava";"SK0223";11;51;62
2020-12-01;"Okres Námestovo";"SK0317";10;67;77
2020-12-01;"Okres Nitra";"SK0233";45;173;218
2020-12-01;"Okres Nové Mesto nad Váhom";"SK0224";13;36;49
2020-12-01;"Okres Nové Zámky";"SK0234";48;180;228
2020-12-01;"Okres Partizánske";"SK0225";14;53;67
2020-12-01;"Okres Pezinok";"SK0107";13;107;120
2020-12-01;"Okres Piešťany";"SK0214";23;65;88
2020-12-01;"Okres Poltár";"SK0327";8;17;25
2020-12-01;"Okres Poprad";"SK0416";63;186;249
2020-12-01;"Okres Považská Bystrica";"SK0226";52;163;215
2020-12-01;"Okres Prešov";"SK0417";106;358;464
2020-12-01;"Okres Prievidza";"SK0227";68;122;190
2020-12-01;"Okres Púchov";"SK0228";48;74;122
2020-12-01;"Okres Revúca";"SK0328";8;32;40
2020-12-01;"Okres Rimavská Sobota";"SK0329";36;114;150
2020-12-01;"Okres Rožňava";"SK0428";8;60;68
2020-12-01;"Okres Ružomberok";"SK0318";21;89;110
2020-12-01;"Okres Sabinov";"SK0418";7;69;76
2020-12-01;"Okres Senec";"SK0108";19;153;172
2020-12-01;"Okres Senica";"SK0215";18;50;68
2020-12-01;"Okres Skalica";"SK0216";6;12;18
2020-12-01;"Okres Snina";"SK0419";8;25;33
2020-12-01;"Okres Sobrance";"SK0429";2;22;24
2020-12-01;"Okres Spišská Nová Ves";"SK042A";8;46;54
2020-12-01;"Okres Stará Ľubovňa";"SK041A";26;127;153
2020-12-01;"Okres Stropkov";"SK041B";2;22;24
2020-12-01;"Okres Svidník";"SK041C";15;39;54
2020-12-01;"Okres Šaľa";"SK0235";19;91;110
2020-12-01;"Okres Topoľčany";"SK0236";34;88;122
2020-12-01;"Okres Trebišov";"SK042B";36;122;158
2020-12-01;"Okres Trenčín";"SK0229";68;376;444
2020-12-01;"Okres Trnava";"SK0217";59;231;290
2020-12-01;"Okres Turčianske Teplice";"SK0319";1;10;11
2020-12-01;"Okres Tvrdošín";"SK031A";4;24;28
2020-12-01;"Okres Veľký Krtíš";"SK032A";23;53;76
2020-12-01;"Okres Vranov nad Topľou";"SK041D";28;110;138
2020-12-01;"Okres Zlaté Moravce";"SK0237";11;64;75
2020-12-01;"Okres Zvolen";"SK032B";32;99;131
2020-12-01;"Okres Žarnovica";"SK032C";6;17;23
2020-12-01;"Okres Žiar nad Hronom";"SK032D";10;63;73
2020-12-01;"Okres Žilina";"SK031B";44;197;241
2020-12-01;"Zahraničie";"SKZZZZ";0;1;1
2020-12-01;NA;"?";42;259;301
2020-11-30;"Neznáme";"SK000";166;890;1056
2020-11-30;"Okres Bánovce nad Bebravou";"SK0221";5;19;24
2020-11-30;"Okres Banská Bystrica";"SK0321";12;78;90
2020-11-30;"Okres Banská Štiavnica";"SK0322";3;13;16
2020-11-30;"Okres Bardejov";"SK0411";3;33;36
2020-11-30;"Okres Bratislava I";"SK0101";12;80;92
2020-11-30;"Okres Bratislava II";"SK0102";32;151;183
2020-11-30;"Okres Bratislava III";"SK0103";16;100;116
2020-11-30;"Okres Bratislava IV";"SK0104";16;104;120
2020-11-30;"Okres Bratislava V";"SK0105";26;143;169
2020-11-30;"Okres Brezno";"SK0323";8;38;46
2020-11-30;"Okres Bytča";"SK0311";12;37;49
2020-11-30;"Okres Čadca";"SK0312";19;38;57
2020-11-30;"Okres Detva";"SK0324";11;50;61
2020-11-30;"Okres Dolný Kubín";"SK0313";2;28;30
2020-11-30;"Okres Dunajská Streda";"SK0211";21;102;123
2020-11-30;"Okres Galanta";"SK0212";21;88;109
2020-11-30;"Okres Gelnica";"SK0421";6;38;44
2020-11-30;"Okres Hlohovec";"SK0213";21;54;75
2020-11-30;"Okres Humenné";"SK0412";16;76;92
2020-11-30;"Okres Ilava";"SK0222";10;34;44
2020-11-30;"Okres Kežmarok";"SK0413";18;60;78
2020-11-30;"Okres Komárno";"SK0231";6;74;80
2020-11-30;"Okres Košice - okolie";"SK0426";18;98;116
2020-11-30;"Okres Košice I";"SK0422";6;22;28
2020-11-30;"Okres Košice II";"SK0423";5;21;26
2020-11-30;"Okres Košice III";"SK0424";1;1;2
2020-11-30;"Okres Košice IV";"SK0425";3;7;10
2020-11-30;"Okres Krupina";"SK0325";1;25;26
2020-11-30;"Okres Kysucké Nové Mesto";"SK0314";10;47;57
2020-11-30;"Okres Levice";"SK0232";12;53;65
2020-11-30;"Okres Levoča";"SK0414";13;40;53
2020-11-30;"Okres Liptovský Mikuláš";"SK0315";25;115;140
2020-11-30;"Okres Lučenec";"SK0326";9;60;69
2020-11-30;"Okres Malacky";"SK0106";10;39;49
2020-11-30;"Okres Martin";"SK0316";50;191;241
2020-11-30;"Okres Medzilaborce";"SK0415";3;11;14
2020-11-30;"Okres Michalovce";"SK0427";23;71;94
2020-11-30;"Okres Myjava";"SK0223";7;60;67
2020-11-30;"Okres Námestovo";"SK0317";1;43;44
2020-11-30;"Okres Nitra";"SK0233";7;86;93
2020-11-30;"Okres Nové Mesto nad Váhom";"SK0224";33;124;157
2020-11-30;"Okres Nové Zámky";"SK0234";25;119;144
2020-11-30;"Okres Partizánske";"SK0225";0;15;15
2020-11-30;"Okres Pezinok";"SK0107";13;51;64
2020-11-30;"Okres Piešťany";"SK0214";30;77;107
2020-11-30;"Okres Poltár";"SK0327";0;8;8
2020-11-30;"Okres Poprad";"SK0416";13;57;70
2020-11-30;"Okres Považská Bystrica";"SK0226";30;82;112
2020-11-30;"Okres Prešov";"SK0417";67;298;365
2020-11-30;"Okres Prievidza";"SK0227";34;103;137
2020-11-30;"Okres Púchov";"SK0228";15;23;38
2020-11-30;"Okres Revúca";"SK0328";1;12;13
2020-11-30;"Okres Rimavská Sobota";"SK0329";15;79;94
2020-11-30;"Okres Rožňava";"SK0428";1;10;11
2020-11-30;"Okres Ružomberok";"SK0318";16;60;76
2020-11-30;"Okres Sabinov";"SK0418";2;55;57
2020-11-30;"Okres Senec";"SK0108";23;107;130
2020-11-30;"Okres Senica";"SK0215";14;45;59
2020-11-30;"Okres Skalica";"SK0216";8;31;39
2020-11-30;"Okres Snina";"SK0419";15;36;51
2020-11-30;"Okres Sobrance";"SK0429";3;6;9
2020-11-30;"Okres Spišská Nová Ves";"SK042A";63;182;245
2020-11-30;"Okres Stará Ľubovňa";"SK041A";1;17;18
2020-11-30;"Okres Stropkov";"SK041B";11;48;59
2020-11-30;"Okres Svidník";"SK041C";18;66;84
2020-11-30;"Okres Šaľa";"SK0235";3;28;31
2020-11-30;"Okres Topoľčany";"SK0236";6;18;24
2020-11-30;"Okres Trebišov";"SK042B";36;127;163
2020-11-30;"Okres Trenčín";"SK0229";39;251;290
2020-11-30;"Okres Trnava";"SK0217";75;190;265
2020-11-30;"Okres Turčianske Teplice";"SK0319";12;19;31
2020-11-30;"Okres Tvrdošín";"SK031A";0;14;14
2020-11-30;"Okres Veľký Krtíš";"SK032A";4;19;23
2020-11-30;"Okres Vranov nad Topľou";"SK041D";30;128;158
2020-11-30;"Okres Zlaté Moravce";"SK0237";3;18;21
2020-11-30;"Okres Zvolen";"SK032B";20;142;162
2020-11-30;"Okres Žarnovica";"SK032C";4;19;23
2020-11-30;"Okres Žiar nad Hronom";"SK032D";8;61;69
2020-11-30;"Okres Žilina";"SK031B";57;261;318
2020-11-30;NA;"?";24;229;253
2020-11-29;"Neznáme";"SK000";9;101;110
2020-11-29;"Okres Bánovce nad Bebravou";"SK0221";1;5;6
2020-11-29;"Okres Banská Bystrica";"SK0321";8;50;58
2020-11-29;"Okres Bardejov";"SK0411";0;2;2
2020-11-29;"Okres Bratislava I";"SK0101";3;18;21
2020-11-29;"Okres Bratislava II";"SK0102";8;33;41
2020-11-29;"Okres Bratislava III";"SK0103";13;20;33
2020-11-29;"Okres Bratislava IV";"SK0104";12;25;37
2020-11-29;"Okres Bratislava V";"SK0105";6;21;27
2020-11-29;"Okres Brezno";"SK0323";3;12;15
2020-11-29;"Okres Bytča";"SK0311";0;2;2
2020-11-29;"Okres Čadca";"SK0312";1;4;5
2020-11-29;"Okres Detva";"SK0324";2;11;13
2020-11-29;"Okres Dolný Kubín";"SK0313";2;1;3
2020-11-29;"Okres Dunajská Streda";"SK0211";4;9;13
2020-11-29;"Okres Galanta";"SK0212";4;18;22
2020-11-29;"Okres Gelnica";"SK0421";0;1;1
2020-11-29;"Okres Hlohovec";"SK0213";3;11;14
2020-11-29;"Okres Humenné";"SK0412";2;6;8
2020-11-29;"Okres Ilava";"SK0222";3;16;19
2020-11-29;"Okres Kežmarok";"SK0413";1;2;3
2020-11-29;"Okres Komárno";"SK0231";1;2;3
2020-11-29;"Okres Košice - okolie";"SK0426";4;22;26
2020-11-29;"Okres Košice II";"SK0423";0;2;2
2020-11-29;"Okres Krupina";"SK0325";0;1;1
2020-11-29;"Okres Levice";"SK0232";0;3;3
2020-11-29;"Okres Levoča";"SK0414";0;3;3
2020-11-29;"Okres Liptovský Mikuláš";"SK0315";4;9;13
2020-11-29;"Okres Lučenec";"SK0326";1;5;6
2020-11-29;"Okres Malacky";"SK0106";2;9;11
2020-11-29;"Okres Martin";"SK0316";3;12;15
2020-11-29;"Okres Medzilaborce";"SK0415";0;1;1
2020-11-29;"Okres Michalovce";"SK0427";21;42;63
2020-11-29;"Okres Nitra";"SK0233";1;7;8
2020-11-29;"Okres Nové Mesto nad Váhom";"SK0224";2;7;9
2020-11-29;"Okres Nové Zámky";"SK0234";2;6;8
2020-11-29;"Okres Partizánske";"SK0225";0;1;1
2020-11-29;"Okres Pezinok";"SK0107";2;11;13
2020-11-29;"Okres Piešťany";"SK0214";1;4;5
2020-11-29;"Okres Poltár";"SK0327";1;1;2
2020-11-29;"Okres Poprad";"SK0416";5;4;9
2020-11-29;"Okres Považská Bystrica";"SK0226";0;10;10
2020-11-29;"Okres Prešov";"SK0417";12;19;31
2020-11-29;"Okres Prievidza";"SK0227";2;4;6
2020-11-29;"Okres Púchov";"SK0228";3;6;9
2020-11-29;"Okres Rimavská Sobota";"SK0329";1;4;5
2020-11-29;"Okres Ružomberok";"SK0318";8;9;17
2020-11-29;"Okres Sabinov";"SK0418";1;13;14
2020-11-29;"Okres Senec";"SK0108";5;22;27
2020-11-29;"Okres Senica";"SK0215";0;4;4
2020-11-29;"Okres Skalica";"SK0216";0;1;1
2020-11-29;"Okres Snina";"SK0419";2;2;4
2020-11-29;"Okres Sobrance";"SK0429";3;7;10
2020-11-29;"Okres Spišská Nová Ves";"SK042A";0;2;2
2020-11-29;"Okres Stará Ľubovňa";"SK041A";5;22;27
2020-11-29;"Okres Stropkov";"SK041B";2;2;4
2020-11-29;"Okres Svidník";"SK041C";0;5;5
2020-11-29;"Okres Šaľa";"SK0235";0;3;3
2020-11-29;"Okres Topoľčany";"SK0236";0;2;2
2020-11-29;"Okres Trebišov";"SK042B";0;12;12
2020-11-29;"Okres Trenčín";"SK0229";18;54;72
2020-11-29;"Okres Trnava";"SK0217";6;41;47
2020-11-29;"Okres Veľký Krtíš";"SK032A";0;1;1
2020-11-29;"Okres Vranov nad Topľou";"SK041D";3;12;15
2020-11-29;"Okres Zlaté Moravce";"SK0237";0;1;1
2020-11-29;"Okres Zvolen";"SK032B";2;11;13
2020-11-29;"Okres Žarnovica";"SK032C";0;2;2
2020-11-29;"Okres Žiar nad Hronom";"SK032D";0;4;4
2020-11-29;"Okres Žilina";"SK031B";1;4;5
2020-11-29;NA;"?";6;49;55
2020-11-28;"Neznáme";"SK000";123;723;846
2020-11-28;"Okres Bánovce nad Bebravou";"SK0221";7;40;47
2020-11-28;"Okres Banská Bystrica";"SK0321";43;139;182
2020-11-28;"Okres Banská Štiavnica";"SK0322";1;8;9
2020-11-28;"Okres Bardejov";"SK0411";12;45;57
2020-11-28;"Okres Bratislava I";"SK0101";22;176;198
2020-11-28;"Okres Bratislava II";"SK0102";41;296;337
2020-11-28;"Okres Bratislava III";"SK0103";25;196;221
2020-11-28;"Okres Bratislava IV";"SK0104";29;254;283
2020-11-28;"Okres Bratislava V";"SK0105";41;307;348
2020-11-28;"Okres Brezno";"SK0323";8;27;35
2020-11-28;"Okres Bytča";"SK0311";1;16;17
2020-11-28;"Okres Čadca";"SK0312";53;157;210
2020-11-28;"Okres Detva";"SK0324";8;35;43
2020-11-28;"Okres Dolný Kubín";"SK0313";0;2;2
2020-11-28;"Okres Dunajská Streda";"SK0211";33;168;201
2020-11-28;"Okres Galanta";"SK0212";10;57;67
2020-11-28;"Okres Gelnica";"SK0421";6;17;23
2020-11-28;"Okres Hlohovec";"SK0213";5;32;37
2020-11-28;"Okres Humenné";"SK0412";7;18;25
2020-11-28;"Okres Ilava";"SK0222";39;130;169
2020-11-28;"Okres Kežmarok";"SK0413";15;133;148
2020-11-28;"Okres Komárno";"SK0231";6;45;51
2020-11-28;"Okres Košice - okolie";"SK0426";6;67;73
2020-11-28;"Okres Košice I";"SK0422";2;21;23
2020-11-28;"Okres Košice II";"SK0423";7;18;25
2020-11-28;"Okres Košice III";"SK0424";1;2;3
2020-11-28;"Okres Košice IV";"SK0425";4;7;11
2020-11-28;"Okres Krupina";"SK0325";1;10;11
2020-11-28;"Okres Kysucké Nové Mesto";"SK0314";10;19;29
2020-11-28;"Okres Levice";"SK0232";7;115;122
2020-11-28;"Okres Levoča";"SK0414";7;28;35
2020-11-28;"Okres Liptovský Mikuláš";"SK0315";1;30;31
2020-11-28;"Okres Lučenec";"SK0326";2;17;19
2020-11-28;"Okres Malacky";"SK0106";20;128;148
2020-11-28;"Okres Martin";"SK0316";2;17;19
2020-11-28;"Okres Medzilaborce";"SK0415";1;6;7
2020-11-28;"Okres Michalovce";"SK0427";9;44;53
2020-11-28;"Okres Myjava";"SK0223";1;6;7
2020-11-28;"Okres Námestovo";"SK0317";2;50;52
2020-11-28;"Okres Nitra";"SK0233";22;101;123
2020-11-28;"Okres Nové Mesto nad Váhom";"SK0224";33;104;137
2020-11-28;"Okres Nové Zámky";"SK0234";43;87;130
2020-11-28;"Okres Partizánske";"SK0225";2;12;14
2020-11-28;"Okres Pezinok";"SK0107";16;115;131
2020-11-28;"Okres Piešťany";"SK0214";4;28;32
2020-11-28;"Okres Poltár";"SK0327";0;1;1
2020-11-28;"Okres Poprad";"SK0416";38;145;183
2020-11-28;"Okres Považská Bystrica";"SK0226";23;79;102
2020-11-28;"Okres Prešov";"SK0417";34;101;135
2020-11-28;"Okres Prievidza";"SK0227";14;73;87
2020-11-28;"Okres Púchov";"SK0228";32;58;90
2020-11-28;"Okres Revúca";"SK0328";2;39;41
2020-11-28;"Okres Rimavská Sobota";"SK0329";2;21;23
2020-11-28;"Okres Rožňava";"SK0428";5;44;49
2020-11-28;"Okres Ružomberok";"SK0318";13;43;56
2020-11-28;"Okres Sabinov";"SK0418";10;52;62
2020-11-28;"Okres Senec";"SK0108";27;204;231
2020-11-28;"Okres Senica";"SK0215";4;31;35
2020-11-28;"Okres Skalica";"SK0216";2;10;12
2020-11-28;"Okres Snina";"SK0419";8;17;25
2020-11-28;"Okres Sobrance";"SK0429";0;7;7
2020-11-28;"Okres Spišská Nová Ves";"SK042A";12;89;101
2020-11-28;"Okres Stará Ľubovňa";"SK041A";43;207;250
2020-11-28;"Okres Stropkov";"SK041B";10;46;56
2020-11-28;"Okres Svidník";"SK041C";12;33;45
2020-11-28;"Okres Šaľa";"SK0235";4;31;35
2020-11-28;"Okres Topoľčany";"SK0236";5;21;26
2020-11-28;"Okres Trebišov";"SK042B";4;38;42
2020-11-28;"Okres Trenčín";"SK0229";61;174;235
2020-11-28;"Okres Trnava";"SK0217";25;141;166
2020-11-28;"Okres Turčianske Teplice";"SK0319";1;1;2
2020-11-28;"Okres Tvrdošín";"SK031A";2;15;17
2020-11-28;"Okres Veľký Krtíš";"SK032A";5;167;172
2020-11-28;"Okres Vranov nad Topľou";"SK041D";8;51;59
2020-11-28;"Okres Zlaté Moravce";"SK0237";4;19;23
2020-11-28;"Okres Zvolen";"SK032B";9;42;51
2020-11-28;"Okres Žarnovica";"SK032C";4;8;12
2020-11-28;"Okres Žiar nad Hronom";"SK032D";4;17;21
2020-11-28;"Okres Žilina";"SK031B";14;113;127
2020-11-28;"Zahraničie";"SKZZZZ";0;1;1
2020-11-28;NA;"?";17;148;165
2020-11-27;"Neznáme";"SK000";232;1160;1392
2020-11-27;"Okres Bánovce nad Bebravou";"SK0221";9;59;68
2020-11-27;"Okres Banská Bystrica";"SK0321";28;134;162
2020-11-27;"Okres Banská Štiavnica";"SK0322";6;17;23
2020-11-27;"Okres Bardejov";"SK0411";12;72;84
2020-11-27;"Okres Bratislava I";"SK0101";6;88;94
2020-11-27;"Okres Bratislava II";"SK0102";10;145;155
2020-11-27;"Okres Bratislava III";"SK0103";7;105;112
2020-11-27;"Okres Bratislava IV";"SK0104";10;103;113
2020-11-27;"Okres Bratislava V";"SK0105";11;88;99
2020-11-27;"Okres Brezno";"SK0323";17;51;68
2020-11-27;"Okres Bytča";"SK0311";8;19;27
2020-11-27;"Okres Čadca";"SK0312";10;45;55
2020-11-27;"Okres Detva";"SK0324";15;41;56
2020-11-27;"Okres Dolný Kubín";"SK0313";4;32;36
2020-11-27;"Okres Dunajská Streda";"SK0211";34;122;156
2020-11-27;"Okres Galanta";"SK0212";14;68;82
2020-11-27;"Okres Gelnica";"SK0421";12;40;52
2020-11-27;"Okres Hlohovec";"SK0213";2;44;46
2020-11-27;"Okres Humenné";"SK0412";17;51;68
2020-11-27;"Okres Ilava";"SK0222";52;143;195
2020-11-27;"Okres Kežmarok";"SK0413";38;212;250
2020-11-27;"Okres Komárno";"SK0231";25;103;128
2020-11-27;"Okres Košice - okolie";"SK0426";13;149;162
2020-11-27;"Okres Košice I";"SK0422";4;25;29
2020-11-27;"Okres Košice II";"SK0423";2;42;44
2020-11-27;"Okres Košice III";"SK0424";1;12;13
2020-11-27;"Okres Košice IV";"SK0425";2;8;10
2020-11-27;"Okres Krupina";"SK0325";2;23;25
2020-11-27;"Okres Kysucké Nové Mesto";"SK0314";16;29;45
2020-11-27;"Okres Levice";"SK0232";11;94;105
2020-11-27;"Okres Levoča";"SK0414";10;62;72
2020-11-27;"Okres Liptovský Mikuláš";"SK0315";24;98;122
2020-11-27;"Okres Lučenec";"SK0326";7;66;73
2020-11-27;"Okres Malacky";"SK0106";6;31;37
2020-11-27;"Okres Martin";"SK0316";62;287;349
2020-11-27;"Okres Medzilaborce";"SK0415";3;7;10
2020-11-27;"Okres Michalovce";"SK0427";11;104;115
2020-11-27;"Okres Myjava";"SK0223";6;60;66
2020-11-27;"Okres Námestovo";"SK0317";2;75;77
2020-11-27;"Okres Nitra";"SK0233";16;127;143
2020-11-27;"Okres Nové Mesto nad Váhom";"SK0224";23;93;116
2020-11-27;"Okres Nové Zámky";"SK0234";45;95;140
2020-11-27;"Okres Partizánske";"SK0225";35;74;109
2020-11-27;"Okres Pezinok";"SK0107";3;71;74
2020-11-27;"Okres Piešťany";"SK0214";14;110;124
2020-11-27;"Okres Poltár";"SK0327";3;15;18
2020-11-27;"Okres Poprad";"SK0416";40;174;214
2020-11-27;"Okres Považská Bystrica";"SK0226";61;115;176
2020-11-27;"Okres Prešov";"SK0417";48;315;363
2020-11-27;"Okres Prievidza";"SK0227";35;126;161
2020-11-27;"Okres Púchov";"SK0228";48;86;134
2020-11-27;"Okres Revúca";"SK0328";5;20;25
2020-11-27;"Okres Rimavská Sobota";"SK0329";37;138;175
2020-11-27;"Okres Rožňava";"SK0428";1;53;54
2020-11-27;"Okres Ružomberok";"SK0318";30;74;104
2020-11-27;"Okres Sabinov";"SK0418";21;77;98
2020-11-27;"Okres Senec";"SK0108";2;94;96
2020-11-27;"Okres Senica";"SK0215";12;30;42
2020-11-27;"Okres Skalica";"SK0216";3;17;20
2020-11-27;"Okres Snina";"SK0419";2;43;45
2020-11-27;"Okres Sobrance";"SK0429";4;13;17
2020-11-27;"Okres Spišská Nová Ves";"SK042A";59;251;310
2020-11-27;"Okres Stará Ľubovňa";"SK041A";6;48;54
2020-11-27;"Okres Stropkov";"SK041B";1;21;22
2020-11-27;"Okres Svidník";"SK041C";8;54;62
2020-11-27;"Okres Šaľa";"SK0235";6;28;34
2020-11-27;"Okres Topoľčany";"SK0236";29;55;84
2020-11-27;"Okres Trebišov";"SK042B";19;83;102
2020-11-27;"Okres Trenčín";"SK0229";67;250;317
2020-11-27;"Okres Trnava";"SK0217";46;324;370
2020-11-27;"Okres Turčianske Teplice";"SK0319";3;10;13
2020-11-27;"Okres Tvrdošín";"SK031A";1;19;20
2020-11-27;"Okres Veľký Krtíš";"SK032A";25;110;135
2020-11-27;"Okres Vranov nad Topľou";"SK041D";45;166;211
2020-11-27;"Okres Zlaté Moravce";"SK0237";3;22;25
2020-11-27;"Okres Zvolen";"SK032B";23;150;173
2020-11-27;"Okres Žarnovica";"SK032C";17;40;57
2020-11-27;"Okres Žiar nad Hronom";"SK032D";20;91;111
2020-11-27;"Okres Žilina";"SK031B";39;122;161
2020-11-27;NA;"?";25;283;308
2020-11-26;"Neznáme";"SK000";173;999;1172
2020-11-26;"Okres Bánovce nad Bebravou";"SK0221";11;42;53
2020-11-26;"Okres Banská Bystrica";"SK0321";39;239;278
2020-11-26;"Okres Banská Štiavnica";"SK0322";8;9;17
2020-11-26;"Okres Bardejov";"SK0411";20;88;108
2020-11-26;"Okres Bratislava I";"SK0101";11;100;111
2020-11-26;"Okres Bratislava II";"SK0102";38;206;244
2020-11-26;"Okres Bratislava III";"SK0103";10;117;127
2020-11-26;"Okres Bratislava IV";"SK0104";15;155;170
2020-11-26;"Okres Bratislava V";"SK0105";10;119;129
2020-11-26;"Okres Brezno";"SK0323";22;43;65
2020-11-26;"Okres Bytča";"SK0311";11;23;34
2020-11-26;"Okres Čadca";"SK0312";37;109;146
2020-11-26;"Okres Detva";"SK0324";8;50;58
2020-11-26;"Okres Dolný Kubín";"SK0313";3;18;21
2020-11-26;"Okres Dunajská Streda";"SK0211";48;166;214
2020-11-26;"Okres Galanta";"SK0212";39;105;144
2020-11-26;"Okres Gelnica";"SK0421";6;37;43
2020-11-26;"Okres Hlohovec";"SK0213";18;69;87
2020-11-26;"Okres Humenné";"SK0412";21;83;104
2020-11-26;"Okres Ilava";"SK0222";27;70;97
2020-11-26;"Okres Kežmarok";"SK0413";9;53;62
2020-11-26;"Okres Komárno";"SK0231";16;87;103
2020-11-26;"Okres Košice - okolie";"SK0426";22;174;196
2020-11-26;"Okres Košice I";"SK0422";6;42;48
2020-11-26;"Okres Košice II";"SK0423";4;49;53
2020-11-26;"Okres Košice III";"SK0424";4;8;12
2020-11-26;"Okres Košice IV";"SK0425";1;16;17
2020-11-26;"Okres Krupina";"SK0325";0;10;10
2020-11-26;"Okres Kysucké Nové Mesto";"SK0314";7;34;41
2020-11-26;"Okres Levice";"SK0232";4;65;69
2020-11-26;"Okres Levoča";"SK0414";16;77;93
2020-11-26;"Okres Liptovský Mikuláš";"SK0315";12;49;61
2020-11-26;"Okres Lučenec";"SK0326";21;77;98
2020-11-26;"Okres Malacky";"SK0106";22;82;104
2020-11-26;"Okres Martin";"SK0316";43;90;133
2020-11-26;"Okres Medzilaborce";"SK0415";0;9;9
2020-11-26;"Okres Michalovce";"SK0427";39;147;186
2020-11-26;"Okres Myjava";"SK0223";11;52;63
2020-11-26;"Okres Námestovo";"SK0317";8;41;49
2020-11-26;"Okres Nitra";"SK0233";27;170;197
2020-11-26;"Okres Nové Mesto nad Váhom";"SK0224";37;166;203
2020-11-26;"Okres Nové Zámky";"SK0234";49;128;177
2020-11-26;"Okres Partizánske";"SK0225";22;172;194
2020-11-26;"Okres Pezinok";"SK0107";12;250;262
2020-11-26;"Okres Piešťany";"SK0214";9;99;108
2020-11-26;"Okres Poltár";"SK0327";5;31;36
2020-11-26;"Okres Poprad";"SK0416";48;168;216
2020-11-26;"Okres Považská Bystrica";"SK0226";82;168;250
2020-11-26;"Okres Prešov";"SK0417";63;239;302
2020-11-26;"Okres Prievidza";"SK0227";69;163;232
2020-11-26;"Okres Púchov";"SK0228";78;141;219
2020-11-26;"Okres Revúca";"SK0328";3;16;19
2020-11-26;"Okres Rimavská Sobota";"SK0329";40;138;178
2020-11-26;"Okres Rožňava";"SK0428";5;52;57
2020-11-26;"Okres Ružomberok";"SK0318";10;81;91
2020-11-26;"Okres Sabinov";"SK0418";6;57;63
2020-11-26;"Okres Senec";"SK0108";11;162;173
2020-11-26;"Okres Senica";"SK0215";60;62;122
2020-11-26;"Okres Skalica";"SK0216";3;18;21
2020-11-26;"Okres Snina";"SK0419";9;28;37
2020-11-26;"Okres Sobrance";"SK0429";4;31;35
2020-11-26;"Okres Spišská Nová Ves";"SK042A";54;168;222
2020-11-26;"Okres Stará Ľubovňa";"SK041A";28;213;241
2020-11-26;"Okres Stropkov";"SK041B";1;33;34
2020-11-26;"Okres Svidník";"SK041C";14;95;109
2020-11-26;"Okres Šaľa";"SK0235";17;69;86
2020-11-26;"Okres Topoľčany";"SK0236";20;78;98
2020-11-26;"Okres Trebišov";"SK042B";66;129;195
2020-11-26;"Okres Trenčín";"SK0229";72;228;300
2020-11-26;"Okres Trnava";"SK0217";51;249;300
2020-11-26;"Okres Turčianske Teplice";"SK0319";2;15;17
2020-11-26;"Okres Tvrdošín";"SK031A";6;25;31
2020-11-26;"Okres Veľký Krtíš";"SK032A";24;46;70
2020-11-26;"Okres Vranov nad Topľou";"SK041D";56;171;227
2020-11-26;"Okres Zlaté Moravce";"SK0237";13;50;63
2020-11-26;"Okres Zvolen";"SK032B";25;119;144
2020-11-26;"Okres Žarnovica";"SK032C";13;60;73
2020-11-26;"Okres Žiar nad Hronom";"SK032D";17;85;102
2020-11-26;"Okres Žilina";"SK031B";47;194;241
2020-11-26;NA;"?";44;310;354
2020-11-25;"Neznáme";"SK000";185;953;1138
2020-11-25;"Okres Bánovce nad Bebravou";"SK0221";4;26;30
2020-11-25;"Okres Banská Bystrica";"SK0321";33;163;196
2020-11-25;"Okres Banská Štiavnica";"SK0322";4;10;14
2020-11-25;"Okres Bardejov";"SK0411";23;65;88
2020-11-25;"Okres Bratislava I";"SK0101";14;122;136
2020-11-25;"Okres Bratislava II";"SK0102";29;218;247
2020-11-25;"Okres Bratislava III";"SK0103";11;155;166
2020-11-25;"Okres Bratislava IV";"SK0104";17;150;167
2020-11-25;"Okres Bratislava V";"SK0105";15;186;201
2020-11-25;"Okres Brezno";"SK0323";15;61;76
2020-11-25;"Okres Bytča";"SK0311";9;33;42
2020-11-25;"Okres Čadca";"SK0312";8;30;38
2020-11-25;"Okres Detva";"SK0324";9;41;50
2020-11-25;"Okres Dolný Kubín";"SK0313";3;19;22
2020-11-25;"Okres Dunajská Streda";"SK0211";56;193;249
2020-11-25;"Okres Galanta";"SK0212";39;117;156
2020-11-25;"Okres Gelnica";"SK0421";8;22;30
2020-11-25;"Okres Hlohovec";"SK0213";8;37;45
2020-11-25;"Okres Humenné";"SK0412";7;36;43
2020-11-25;"Okres Ilava";"SK0222";50;84;134
2020-11-25;"Okres Kežmarok";"SK0413";16;78;94
2020-11-25;"Okres Komárno";"SK0231";22;100;122
2020-11-25;"Okres Košice - okolie";"SK0426";25;141;166
2020-11-25;"Okres Košice I";"SK0422";6;27;33
2020-11-25;"Okres Košice II";"SK0423";6;29;35
2020-11-25;"Okres Košice III";"SK0424";0;5;5
2020-11-25;"Okres Košice IV";"SK0425";1;20;21
2020-11-25;"Okres Krupina";"SK0325";4;13;17
2020-11-25;"Okres Kysucké Nové Mesto";"SK0314";7;17;24
2020-11-25;"Okres Levice";"SK0232";19;124;143
2020-11-25;"Okres Levoča";"SK0414";39;126;165
2020-11-25;"Okres Liptovský Mikuláš";"SK0315";34;100;134
2020-11-25;"Okres Lučenec";"SK0326";27;154;181
2020-11-25;"Okres Malacky";"SK0106";14;79;93
2020-11-25;"Okres Martin";"SK0316";72;234;306
2020-11-25;"Okres Medzilaborce";"SK0415";0;4;4
2020-11-25;"Okres Michalovce";"SK0427";22;109;131
2020-11-25;"Okres Myjava";"SK0223";20;55;75
2020-11-25;"Okres Námestovo";"SK0317";5;29;34
2020-11-25;"Okres Nitra";"SK0233";67;299;366
2020-11-25;"Okres Nové Mesto nad Váhom";"SK0224";38;168;206
2020-11-25;"Okres Nové Zámky";"SK0234";102;268;370
2020-11-25;"Okres Partizánske";"SK0225";11;18;29
2020-11-25;"Okres Pezinok";"SK0107";11;88;99
2020-11-25;"Okres Piešťany";"SK0214";12;67;79
2020-11-25;"Okres Poltár";"SK0327";4;28;32
2020-11-25;"Okres Poprad";"SK0416";63;190;253
2020-11-25;"Okres Považská Bystrica";"SK0226";29;95;124
2020-11-25;"Okres Prešov";"SK0417";47;214;261
2020-11-25;"Okres Prievidza";"SK0227";74;107;181
2020-11-25;"Okres Púchov";"SK0228";12;84;96
2020-11-25;"Okres Revúca";"SK0328";2;12;14
2020-11-25;"Okres Rimavská Sobota";"SK0329";10;21;31
2020-11-25;"Okres Rožňava";"SK0428";4;35;39
2020-11-25;"Okres Ružomberok";"SK0318";14;76;90
2020-11-25;"Okres Sabinov";"SK0418";9;39;48
2020-11-25;"Okres Senec";"SK0108";20;179;199
2020-11-25;"Okres Senica";"SK0215";60;65;125
2020-11-25;"Okres Skalica";"SK0216";4;24;28
2020-11-25;"Okres Snina";"SK0419";7;33;40
2020-11-25;"Okres Sobrance";"SK0429";1;16;17
2020-11-25;"Okres Spišská Nová Ves";"SK042A";122;280;402
2020-11-25;"Okres Stará Ľubovňa";"SK041A";41;130;171
2020-11-25;"Okres Stropkov";"SK041B";10;26;36
2020-11-25;"Okres Svidník";"SK041C";13;44;57
2020-11-25;"Okres Šaľa";"SK0235";12;137;149
2020-11-25;"Okres Topoľčany";"SK0236";36;90;126
2020-11-25;"Okres Trebišov";"SK042B";23;76;99
2020-11-25;"Okres Trenčín";"SK0229";82;292;374
2020-11-25;"Okres Trnava";"SK0217";32;255;287
2020-11-25;"Okres Turčianske Teplice";"SK0319";3;10;13
2020-11-25;"Okres Tvrdošín";"SK031A";6;25;31
2020-11-25;"Okres Veľký Krtíš";"SK032A";49;107;156
2020-11-25;"Okres Vranov nad Topľou";"SK041D";94;200;294
2020-11-25;"Okres Zlaté Moravce";"SK0237";9;35;44
2020-11-25;"Okres Zvolen";"SK032B";21;104;125
2020-11-25;"Okres Žarnovica";"SK032C";5;39;44
2020-11-25;"Okres Žiar nad Hronom";"SK032D";10;36;46
2020-11-25;"Okres Žilina";"SK031B";50;155;205
2020-11-25;NA;"?";29;257;286
2020-11-24;"Neznáme";"SK000";144;1019;1163
2020-11-24;"Okres Bánovce nad Bebravou";"SK0221";20;47;67
2020-11-24;"Okres Banská Bystrica";"SK0321";46;214;260
2020-11-24;"Okres Banská Štiavnica";"SK0322";5;9;14
2020-11-24;"Okres Bardejov";"SK0411";16;68;84
2020-11-24;"Okres Bratislava I";"SK0101";7;96;103
2020-11-24;"Okres Bratislava II";"SK0102";12;142;154
2020-11-24;"Okres Bratislava III";"SK0103";14;100;114
2020-11-24;"Okres Bratislava IV";"SK0104";14;156;170
2020-11-24;"Okres Bratislava V";"SK0105";14;124;138
2020-11-24;"Okres Brezno";"SK0323";24;49;73
2020-11-24;"Okres Bytča";"SK0311";15;25;40
2020-11-24;"Okres Čadca";"SK0312";37;133;170
2020-11-24;"Okres Detva";"SK0324";8;69;77
2020-11-24;"Okres Dolný Kubín";"SK0313";4;36;40
2020-11-24;"Okres Dunajská Streda";"SK0211";19;63;82
2020-11-24;"Okres Galanta";"SK0212";20;92;112
2020-11-24;"Okres Gelnica";"SK0421";8;47;55
2020-11-24;"Okres Hlohovec";"SK0213";9;56;65
2020-11-24;"Okres Humenné";"SK0412";27;90;117
2020-11-24;"Okres Ilava";"SK0222";100;140;240
2020-11-24;"Okres Kežmarok";"SK0413";32;183;215
2020-11-24;"Okres Komárno";"SK0231";13;103;116
2020-11-24;"Okres Košice - okolie";"SK0426";22;118;140
2020-11-24;"Okres Košice I";"SK0422";9;13;22
2020-11-24;"Okres Košice II";"SK0423";6;24;30
2020-11-24;"Okres Košice III";"SK0424";2;5;7
2020-11-24;"Okres Košice IV";"SK0425";1;7;8
2020-11-24;"Okres Krupina";"SK0325";1;15;16
2020-11-24;"Okres Kysucké Nové Mesto";"SK0314";6;33;39
2020-11-24;"Okres Levice";"SK0232";13;71;84
2020-11-24;"Okres Levoča";"SK0414";10;56;66
2020-11-24;"Okres Liptovský Mikuláš";"SK0315";51;125;176
2020-11-24;"Okres Lučenec";"SK0326";22;135;157
2020-11-24;"Okres Malacky";"SK0106";3;51;54
2020-11-24;"Okres Martin";"SK0316";18;113;131
2020-11-24;"Okres Medzilaborce";"SK0415";4;9;13
2020-11-24;"Okres Michalovce";"SK0427";35;139;174
2020-11-24;"Okres Myjava";"SK0223";10;30;40
2020-11-24;"Okres Námestovo";"SK0317";8;52;60
2020-11-24;"Okres Nitra";"SK0233";26;156;182
2020-11-24;"Okres Nové Mesto nad Váhom";"SK0224";22;42;64
2020-11-24;"Okres Nové Zámky";"SK0234";37;140;177
2020-11-24;"Okres Partizánske";"SK0225";7;16;23
2020-11-24;"Okres Pezinok";"SK0107";11;69;80
2020-11-24;"Okres Piešťany";"SK0214";16;55;71
2020-11-24;"Okres Poltár";"SK0327";5;24;29
2020-11-24;"Okres Poprad";"SK0416";72;273;345
2020-11-24;"Okres Považská Bystrica";"SK0226";72;174;246
2020-11-24;"Okres Prešov";"SK0417";62;269;331
2020-11-24;"Okres Prievidza";"SK0227";22;69;91
2020-11-24;"Okres Púchov";"SK0228";48;163;211
2020-11-24;"Okres Revúca";"SK0328";2;28;30
2020-11-24;"Okres Rimavská Sobota";"SK0329";15;82;97
2020-11-24;"Okres Rožňava";"SK0428";6;52;58
2020-11-24;"Okres Ružomberok";"SK0318";14;61;75
2020-11-24;"Okres Sabinov";"SK0418";16;65;81
2020-11-24;"Okres Senec";"SK0108";14;96;110
2020-11-24;"Okres Senica";"SK0215";129;41;170
2020-11-24;"Okres Skalica";"SK0216";9;62;71
2020-11-24;"Okres Snina";"SK0419";21;29;50
2020-11-24;"Okres Sobrance";"SK0429";3;17;20
2020-11-24;"Okres Spišská Nová Ves";"SK042A";38;293;331
2020-11-24;"Okres Stará Ľubovňa";"SK041A";8;63;71
2020-11-24;"Okres Stropkov";"SK041B";6;14;20
2020-11-24;"Okres Svidník";"SK041C";25;50;75
2020-11-24;"Okres Šaľa";"SK0235";4;62;66
2020-11-24;"Okres Topoľčany";"SK0236";8;20;28
2020-11-24;"Okres Trebišov";"SK042B";36;157;193
2020-11-24;"Okres Trenčín";"SK0229";57;281;338
2020-11-24;"Okres Trnava";"SK0217";49;257;306
2020-11-24;"Okres Turčianske Teplice";"SK0319";1;6;7
2020-11-24;"Okres Tvrdošín";"SK031A";4;29;33
2020-11-24;"Okres Veľký Krtíš";"SK032A";5;26;31
2020-11-24;"Okres Vranov nad Topľou";"SK041D";65;129;194
2020-11-24;"Okres Zlaté Moravce";"SK0237";7;73;80
2020-11-24;"Okres Zvolen";"SK032B";33;141;174
2020-11-24;"Okres Žarnovica";"SK032C";2;28;30
2020-11-24;"Okres Žiar nad Hronom";"SK032D";11;69;80
2020-11-24;"Okres Žilina";"SK031B";48;189;237
2020-11-24;NA;"?";51;302;353
2020-11-23;"Neznáme";"SK000";176;806;982
2020-11-23;"Okres Bánovce nad Bebravou";"SK0221";2;27;29
2020-11-23;"Okres Banská Bystrica";"SK0321";10;69;79
2020-11-23;"Okres Banská Štiavnica";"SK0322";3;21;24
2020-11-23;"Okres Bardejov";"SK0411";2;37;39
2020-11-23;"Okres Bratislava I";"SK0101";5;55;60
2020-11-23;"Okres Bratislava II";"SK0102";12;109;121
2020-11-23;"Okres Bratislava III";"SK0103";8;68;76
2020-11-23;"Okres Bratislava IV";"SK0104";7;75;82
2020-11-23;"Okres Bratislava V";"SK0105";11;75;86
2020-11-23;"Okres Brezno";"SK0323";6;24;30
2020-11-23;"Okres Bytča";"SK0311";9;15;24
2020-11-23;"Okres Čadca";"SK0312";14;69;83
2020-11-23;"Okres Detva";"SK0324";9;16;25
2020-11-23;"Okres Dolný Kubín";"SK0313";4;21;25
2020-11-23;"Okres Dunajská Streda";"SK0211";21;140;161
2020-11-23;"Okres Galanta";"SK0212";11;41;52
2020-11-23;"Okres Gelnica";"SK0421";2;25;27
2020-11-23;"Okres Hlohovec";"SK0213";13;42;55
2020-11-23;"Okres Humenné";"SK0412";7;14;21
2020-11-23;"Okres Ilava";"SK0222";2;35;37
2020-11-23;"Okres Kežmarok";"SK0413";4;53;57
2020-11-23;"Okres Komárno";"SK0231";9;66;75
2020-11-23;"Okres Košice - okolie";"SK0426";5;100;105
2020-11-23;"Okres Košice I";"SK0422";7;45;52
2020-11-23;"Okres Košice II";"SK0423";2;28;30
2020-11-23;"Okres Košice III";"SK0424";0;7;7
2020-11-23;"Okres Košice IV";"SK0425";2;4;6
2020-11-23;"Okres Krupina";"SK0325";2;13;15
2020-11-23;"Okres Kysucké Nové Mesto";"SK0314";16;28;44
2020-11-23;"Okres Levice";"SK0232";11;67;78
2020-11-23;"Okres Levoča";"SK0414";2;27;29
2020-11-23;"Okres Liptovský Mikuláš";"SK0315";9;19;28
2020-11-23;"Okres Lučenec";"SK0326";2;2;4
2020-11-23;"Okres Malacky";"SK0106";2;26;28
2020-11-23;"Okres Martin";"SK0316";66;155;221
2020-11-23;"Okres Medzilaborce";"SK0415";1;5;6
2020-11-23;"Okres Michalovce";"SK0427";7;31;38
2020-11-23;"Okres Myjava";"SK0223";7;48;55
2020-11-23;"Okres Námestovo";"SK0317";3;10;13
2020-11-23;"Okres Nitra";"SK0233";18;80;98
2020-11-23;"Okres Nové Mesto nad Váhom";"SK0224";15;125;140
2020-11-23;"Okres Nové Zámky";"SK0234";23;95;118
2020-11-23;"Okres Partizánske";"SK0225";5;28;33
2020-11-23;"Okres Pezinok";"SK0107";12;47;59
2020-11-23;"Okres Piešťany";"SK0214";25;146;171
2020-11-23;"Okres Poltár";"SK0327";1;1;2
2020-11-23;"Okres Poprad";"SK0416";16;46;62
2020-11-23;"Okres Považská Bystrica";"SK0226";19;51;70
2020-11-23;"Okres Prešov";"SK0417";92;290;382
2020-11-23;"Okres Prievidza";"SK0227";66;180;246
2020-11-23;"Okres Púchov";"SK0228";9;10;19
2020-11-23;"Okres Revúca";"SK0328";1;15;16
2020-11-23;"Okres Rimavská Sobota";"SK0329";12;83;95
2020-11-23;"Okres Rožňava";"SK0428";0;10;10
2020-11-23;"Okres Ružomberok";"SK0318";15;68;83
2020-11-23;"Okres Sabinov";"SK0418";15;99;114
2020-11-23;"Okres Senec";"SK0108";9;67;76
2020-11-23;"Okres Senica";"SK0215";16;34;50
2020-11-23;"Okres Skalica";"SK0216";25;34;59
2020-11-23;"Okres Snina";"SK0419";7;40;47
2020-11-23;"Okres Sobrance";"SK0429";0;5;5
2020-11-23;"Okres Spišská Nová Ves";"SK042A";3;38;41
2020-11-23;"Okres Stará Ľubovňa";"SK041A";23;69;92
2020-11-23;"Okres Stropkov";"SK041B";35;78;113
2020-11-23;"Okres Svidník";"SK041C";12;26;38
2020-11-23;"Okres Šaľa";"SK0235";3;25;28
2020-11-23;"Okres Topoľčany";"SK0236";19;60;79
2020-11-23;"Okres Trebišov";"SK042B";5;33;38
2020-11-23;"Okres Trenčín";"SK0229";39;135;174
2020-11-23;"Okres Trnava";"SK0217";98;172;270
2020-11-23;"Okres Turčianske Teplice";"SK0319";2;29;31
2020-11-23;"Okres Tvrdošín";"SK031A";1;14;15
2020-11-23;"Okres Veľký Krtíš";"SK032A";1;14;15
2020-11-23;"Okres Vranov nad Topľou";"SK041D";7;39;46
2020-11-23;"Okres Zlaté Moravce";"SK0237";2;17;19
2020-11-23;"Okres Zvolen";"SK032B";16;64;80
2020-11-23;"Okres Žarnovica";"SK032C";8;9;17
2020-11-23;"Okres Žiar nad Hronom";"SK032D";12;53;65
2020-11-23;"Okres Žilina";"SK031B";43;149;192
2020-11-23;NA;"?";22;206;228
2020-11-22;"Neznáme";"SK000";18;84;102
2020-11-22;"Okres Bánovce nad Bebravou";"SK0221";1;3;4
2020-11-22;"Okres Banská Bystrica";"SK0321";21;76;97
2020-11-22;"Okres Banská Štiavnica";"SK0322";0;1;1
2020-11-22;"Okres Bardejov";"SK0411";1;9;10
2020-11-22;"Okres Bratislava I";"SK0101";1;32;33
2020-11-22;"Okres Bratislava II";"SK0102";8;51;59
2020-11-22;"Okres Bratislava III";"SK0103";6;47;53
2020-11-22;"Okres Bratislava IV";"SK0104";5;50;55
2020-11-22;"Okres Bratislava V";"SK0105";3;42;45
2020-11-22;"Okres Brezno";"SK0323";5;14;19
2020-11-22;"Okres Bytča";"SK0311";0;1;1
2020-11-22;"Okres Čadca";"SK0312";0;6;6
2020-11-22;"Okres Detva";"SK0324";1;10;11
2020-11-22;"Okres Dolný Kubín";"SK0313";0;2;2
2020-11-22;"Okres Dunajská Streda";"SK0211";5;17;22
2020-11-22;"Okres Galanta";"SK0212";5;8;13
2020-11-22;"Okres Gelnica";"SK0421";1;15;16
2020-11-22;"Okres Hlohovec";"SK0213";0;2;2
2020-11-22;"Okres Humenné";"SK0412";1;7;8
2020-11-22;"Okres Ilava";"SK0222";4;23;27
2020-11-22;"Okres Kežmarok";"SK0413";0;11;11
2020-11-22;"Okres Komárno";"SK0231";2;5;7
2020-11-22;"Okres Košice - okolie";"SK0426";8;34;42
2020-11-22;"Okres Košice I";"SK0422";2;9;11
2020-11-22;"Okres Košice II";"SK0423";6;13;19
2020-11-22;"Okres Košice III";"SK0424";3;3;6
2020-11-22;"Okres Košice IV";"SK0425";2;7;9
2020-11-22;"Okres Levice";"SK0232";0;18;18
2020-11-22;"Okres Levoča";"SK0414";0;2;2
2020-11-22;"Okres Liptovský Mikuláš";"SK0315";0;16;16
2020-11-22;"Okres Lučenec";"SK0326";2;5;7
2020-11-22;"Okres Malacky";"SK0106";5;14;19
2020-11-22;"Okres Martin";"SK0316";0;6;6
2020-11-22;"Okres Medzilaborce";"SK0415";0;6;6
2020-11-22;"Okres Michalovce";"SK0427";11;70;81
2020-11-22;"Okres Námestovo";"SK0317";0;7;7
2020-11-22;"Okres Nitra";"SK0233";1;10;11
2020-11-22;"Okres Nové Mesto nad Váhom";"SK0224";5;6;11
2020-11-22;"Okres Nové Zámky";"SK0234";10;49;59
2020-11-22;"Okres Partizánske";"SK0225";0;3;3
2020-11-22;"Okres Pezinok";"SK0107";4;30;34
2020-11-22;"Okres Piešťany";"SK0214";2;5;7
2020-11-22;"Okres Poltár";"SK0327";2;0;2
2020-11-22;"Okres Poprad";"SK0416";4;26;30
2020-11-22;"Okres Považská Bystrica";"SK0226";1;3;4
2020-11-22;"Okres Prešov";"SK0417";8;80;88
2020-11-22;"Okres Prievidza";"SK0227";1;9;10
2020-11-22;"Okres Púchov";"SK0228";1;23;24
2020-11-22;"Okres Revúca";"SK0328";0;2;2
2020-11-22;"Okres Rimavská Sobota";"SK0329";0;5;5
2020-11-22;"Okres Rožňava";"SK0428";1;2;3
2020-11-22;"Okres Ružomberok";"SK0318";8;19;27
2020-11-22;"Okres Sabinov";"SK0418";1;20;21
2020-11-22;"Okres Senec";"SK0108";9;46;55
2020-11-22;"Okres Senica";"SK0215";0;10;10
2020-11-22;"Okres Snina";"SK0419";1;2;3
2020-11-22;"Okres Sobrance";"SK0429";1;10;11
2020-11-22;"Okres Spišská Nová Ves";"SK042A";0;7;7
2020-11-22;"Okres Stará Ľubovňa";"SK041A";18;70;88
2020-11-22;"Okres Stropkov";"SK041B";2;23;25
2020-11-22;"Okres Svidník";"SK041C";0;18;18
2020-11-22;"Okres Šaľa";"SK0235";1;8;9
2020-11-22;"Okres Topoľčany";"SK0236";5;6;11
2020-11-22;"Okres Trebišov";"SK042B";2;22;24
2020-11-22;"Okres Trenčín";"SK0229";15;64;79
2020-11-22;"Okres Trnava";"SK0217";3;26;29
2020-11-22;"Okres Turčianske Teplice";"SK0319";1;0;1
2020-11-22;"Okres Tvrdošín";"SK031A";1;2;3
2020-11-22;"Okres Veľký Krtíš";"SK032A";3;2;5
2020-11-22;"Okres Vranov nad Topľou";"SK041D";4;18;22
2020-11-22;"Okres Zlaté Moravce";"SK0237";0;5;5
2020-11-22;"Okres Zvolen";"SK032B";5;25;30
2020-11-22;"Okres Žarnovica";"SK032C";0;3;3
2020-11-22;"Okres Žiar nad Hronom";"SK032D";1;5;6
2020-11-22;"Okres Žilina";"SK031B";1;2;3
2020-11-22;NA;"?";19;113;132
2020-11-21;"Neznáme";"SK000";88;406;494
2020-11-21;"Okres Bánovce nad Bebravou";"SK0221";20;45;65
2020-11-21;"Okres Banská Bystrica";"SK0321";19;128;147
2020-11-21;"Okres Banská Štiavnica";"SK0322";1;8;9
2020-11-21;"Okres Bardejov";"SK0411";15;94;109
2020-11-21;"Okres Bratislava I";"SK0101";1;49;50
2020-11-21;"Okres Bratislava II";"SK0102";22;99;121
2020-11-21;"Okres Bratislava III";"SK0103";13;78;91
2020-11-21;"Okres Bratislava IV";"SK0104";14;133;147
2020-11-21;"Okres Bratislava V";"SK0105";14;100;114
2020-11-21;"Okres Brezno";"SK0323";7;40;47
2020-11-21;"Okres Bytča";"SK0311";3;23;26
2020-11-21;"Okres Čadca";"SK0312";11;55;66
2020-11-21;"Okres Detva";"SK0324";5;15;20
2020-11-21;"Okres Dolný Kubín";"SK0313";0;18;18
2020-11-21;"Okres Dunajská Streda";"SK0211";80;191;271
2020-11-21;"Okres Galanta";"SK0212";12;31;43
2020-11-21;"Okres Gelnica";"SK0421";4;17;21
2020-11-21;"Okres Hlohovec";"SK0213";7;31;38
2020-11-21;"Okres Humenné";"SK0412";6;34;40
2020-11-21;"Okres Ilava";"SK0222";33;70;103
2020-11-21;"Okres Kežmarok";"SK0413";22;94;116
2020-11-21;"Okres Komárno";"SK0231";19;54;73
2020-11-21;"Okres Košice - okolie";"SK0426";11;63;74
2020-11-21;"Okres Košice I";"SK0422";2;13;15
2020-11-21;"Okres Košice II";"SK0423";6;20;26
2020-11-21;"Okres Košice III";"SK0424";1;4;5
2020-11-21;"Okres Košice IV";"SK0425";1;8;9
2020-11-21;"Okres Krupina";"SK0325";6;17;23
2020-11-21;"Okres Kysucké Nové Mesto";"SK0314";8;18;26
2020-11-21;"Okres Levice";"SK0232";10;45;55
2020-11-21;"Okres Levoča";"SK0414";14;53;67
2020-11-21;"Okres Liptovský Mikuláš";"SK0315";1;14;15
2020-11-21;"Okres Lučenec";"SK0326";0;12;12
2020-11-21;"Okres Malacky";"SK0106";10;45;55
2020-11-21;"Okres Martin";"SK0316";3;23;26
2020-11-21;"Okres Medzilaborce";"SK0415";1;6;7
2020-11-21;"Okres Michalovce";"SK0427";7;93;100
2020-11-21;"Okres Myjava";"SK0223";0;2;2
2020-11-21;"Okres Námestovo";"SK0317";3;28;31
2020-11-21;"Okres Nitra";"SK0233";16;62;78
2020-11-21;"Okres Nové Mesto nad Váhom";"SK0224";29;66;95
2020-11-21;"Okres Nové Zámky";"SK0234";17;23;40
2020-11-21;"Okres Partizánske";"SK0225";19;38;57
2020-11-21;"Okres Pezinok";"SK0107";7;69;76
2020-11-21;"Okres Piešťany";"SK0214";9;26;35
2020-11-21;"Okres Poltár";"SK0327";0;6;6
2020-11-21;"Okres Poprad";"SK0416";49;140;189
2020-11-21;"Okres Považská Bystrica";"SK0226";23;49;72
2020-11-21;"Okres Prešov";"SK0417";21;148;169
2020-11-21;"Okres Prievidza";"SK0227";9;84;93
2020-11-21;"Okres Púchov";"SK0228";109;196;305
2020-11-21;"Okres Revúca";"SK0328";3;27;30
2020-11-21;"Okres Rimavská Sobota";"SK0329";1;19;20
2020-11-21;"Okres Rožňava";"SK0428";19;50;69
2020-11-21;"Okres Ružomberok";"SK0318";5;15;20
2020-11-21;"Okres Sabinov";"SK0418";11;51;62
2020-11-21;"Okres Senec";"SK0108";17;100;117
2020-11-21;"Okres Senica";"SK0215";0;3;3
2020-11-21;"Okres Skalica";"SK0216";1;1;2
2020-11-21;"Okres Snina";"SK0419";15;36;51
2020-11-21;"Okres Sobrance";"SK0429";1;10;11
2020-11-21;"Okres Spišská Nová Ves";"SK042A";16;114;130
2020-11-21;"Okres Stará Ľubovňa";"SK041A";32;127;159
2020-11-21;"Okres Stropkov";"SK041B";7;28;35
2020-11-21;"Okres Svidník";"SK041C";5;44;49
2020-11-21;"Okres Šaľa";"SK0235";2;10;12
2020-11-21;"Okres Topoľčany";"SK0236";7;12;19
2020-11-21;"Okres Trebišov";"SK042B";8;48;56
2020-11-21;"Okres Trenčín";"SK0229";37;108;145
2020-11-21;"Okres Trnava";"SK0217";29;145;174
2020-11-21;"Okres Turčianske Teplice";"SK0319";0;1;1
2020-11-21;"Okres Tvrdošín";"SK031A";1;15;16
2020-11-21;"Okres Veľký Krtíš";"SK032A";1;12;13
2020-11-21;"Okres Vranov nad Topľou";"SK041D";22;118;140
2020-11-21;"Okres Zlaté Moravce";"SK0237";0;11;11
2020-11-21;"Okres Zvolen";"SK032B";8;49;57
2020-11-21;"Okres Žarnovica";"SK032C";2;10;12
2020-11-21;"Okres Žiar nad Hronom";"SK032D";5;21;26
2020-11-21;"Okres Žilina";"SK031B";24;70;94
2020-11-21;NA;"?";25;140;165
2020-11-20;"Neznáme";"SK000";209;1131;1340
2020-11-20;"Okres Bánovce nad Bebravou";"SK0221";9;40;49
2020-11-20;"Okres Banská Bystrica";"SK0321";25;119;144
2020-11-20;"Okres Banská Štiavnica";"SK0322";5;16;21
2020-11-20;"Okres Bardejov";"SK0411";20;89;109
2020-11-20;"Okres Bratislava I";"SK0101";6;92;98
2020-11-20;"Okres Bratislava II";"SK0102";21;162;183
2020-11-20;"Okres Bratislava III";"SK0103";14;108;122
2020-11-20;"Okres Bratislava IV";"SK0104";14;278;292
2020-11-20;"Okres Bratislava V";"SK0105";17;111;128
2020-11-20;"Okres Brezno";"SK0323";14;30;44
2020-11-20;"Okres Bytča";"SK0311";14;27;41
2020-11-20;"Okres Čadca";"SK0312";53;98;151
2020-11-20;"Okres Detva";"SK0324";10;44;54
2020-11-20;"Okres Dolný Kubín";"SK0313";1;34;35
2020-11-20;"Okres Dunajská Streda";"SK0211";80;195;275
2020-11-20;"Okres Galanta";"SK0212";34;106;140
2020-11-20;"Okres Gelnica";"SK0421";4;47;51
2020-11-20;"Okres Hlohovec";"SK0213";12;48;60
2020-11-20;"Okres Humenné";"SK0412";27;70;97
2020-11-20;"Okres Ilava";"SK0222";31;84;115
2020-11-20;"Okres Kežmarok";"SK0413";15;55;70
2020-11-20;"Okres Komárno";"SK0231";21;68;89
2020-11-20;"Okres Košice - okolie";"SK0426";21;161;182
2020-11-20;"Okres Košice I";"SK0422";4;22;26
2020-11-20;"Okres Košice II";"SK0423";6;25;31
2020-11-20;"Okres Košice III";"SK0424";0;10;10
2020-11-20;"Okres Košice IV";"SK0425";8;14;22
2020-11-20;"Okres Krupina";"SK0325";3;36;39
2020-11-20;"Okres Kysucké Nové Mesto";"SK0314";25;20;45
2020-11-20;"Okres Levice";"SK0232";16;126;142
2020-11-20;"Okres Levoča";"SK0414";15;52;67
2020-11-20;"Okres Liptovský Mikuláš";"SK0315";18;55;73
2020-11-20;"Okres Lučenec";"SK0326";16;85;101
2020-11-20;"Okres Malacky";"SK0106";4;69;73
2020-11-20;"Okres Martin";"SK0316";40;129;169
2020-11-20;"Okres Medzilaborce";"SK0415";2;14;16
2020-11-20;"Okres Michalovce";"SK0427";30;117;147
2020-11-20;"Okres Myjava";"SK0223";9;43;52
2020-11-20;"Okres Námestovo";"SK0317";6;59;65
2020-11-20;"Okres Nitra";"SK0233";72;332;404
2020-11-20;"Okres Nové Mesto nad Váhom";"SK0224";12;52;64
2020-11-20;"Okres Nové Zámky";"SK0234";57;148;205
2020-11-20;"Okres Partizánske";"SK0225";16;20;36
2020-11-20;"Okres Pezinok";"SK0107";8;67;75
2020-11-20;"Okres Piešťany";"SK0214";41;78;119
2020-11-20;"Okres Poltár";"SK0327";4;20;24
2020-11-20;"Okres Poprad";"SK0416";44;147;191
2020-11-20;"Okres Považská Bystrica";"SK0226";71;166;237
2020-11-20;"Okres Prešov";"SK0417";88;317;405
2020-11-20;"Okres Prievidza";"SK0227";49;97;146
2020-11-20;"Okres Púchov";"SK0228";65;79;144
2020-11-20;"Okres Revúca";"SK0328";4;16;20
2020-11-20;"Okres Rimavská Sobota";"SK0329";33;118;151
2020-11-20;"Okres Rožňava";"SK0428";3;35;38
2020-11-20;"Okres Ružomberok";"SK0318";20;90;110
2020-11-20;"Okres Sabinov";"SK0418";23;79;102
2020-11-20;"Okres Senec";"SK0108";17;146;163
2020-11-20;"Okres Senica";"SK0215";6;38;44
2020-11-20;"Okres Skalica";"SK0216";9;16;25
2020-11-20;"Okres Snina";"SK0419";60;33;93
2020-11-20;"Okres Sobrance";"SK0429";1;17;18
2020-11-20;"Okres Spišská Nová Ves";"SK042A";63;142;205
2020-11-20;"Okres Stará Ľubovňa";"SK041A";39;102;141
2020-11-20;"Okres Stropkov";"SK041B";9;29;38
2020-11-20;"Okres Svidník";"SK041C";9;81;90
2020-11-20;"Okres Šaľa";"SK0235";26;108;134
2020-11-20;"Okres Topoľčany";"SK0236";48;198;246
2020-11-20;"Okres Trebišov";"SK042B";16;128;144
2020-11-20;"Okres Trenčín";"SK0229";65;207;272
2020-11-20;"Okres Trnava";"SK0217";52;215;267
2020-11-20;"Okres Turčianske Teplice";"SK0319";0;8;8
2020-11-20;"Okres Tvrdošín";"SK031A";5;29;34
2020-11-20;"Okres Veľký Krtíš";"SK032A";8;68;76
2020-11-20;"Okres Vranov nad Topľou";"SK041D";64;191;255
2020-11-20;"Okres Zlaté Moravce";"SK0237";6;36;42
2020-11-20;"Okres Zvolen";"SK032B";8;62;70
2020-11-20;"Okres Žarnovica";"SK032C";8;31;39
2020-11-20;"Okres Žiar nad Hronom";"SK032D";28;87;115
2020-11-20;"Okres Žilina";"SK031B";65;144;209
2020-11-20;NA;"?";31;356;387
2020-11-19;"Neznáme";"SK000";119;827;946
2020-11-19;"Okres Bánovce nad Bebravou";"SK0221";13;54;67
2020-11-19;"Okres Banská Bystrica";"SK0321";19;92;111
2020-11-19;"Okres Banská Štiavnica";"SK0322";8;11;19
2020-11-19;"Okres Bardejov";"SK0411";29;102;131
2020-11-19;"Okres Bratislava I";"SK0101";11;104;115
2020-11-19;"Okres Bratislava II";"SK0102";31;168;199
2020-11-19;"Okres Bratislava III";"SK0103";10;139;149
2020-11-19;"Okres Bratislava IV";"SK0104";26;173;199
2020-11-19;"Okres Bratislava V";"SK0105";28;171;199
2020-11-19;"Okres Brezno";"SK0323";30;41;71
2020-11-19;"Okres Bytča";"SK0311";7;29;36
2020-11-19;"Okres Čadca";"SK0312";33;137;170
2020-11-19;"Okres Detva";"SK0324";25;45;70
2020-11-19;"Okres Dolný Kubín";"SK0313";14;25;39
2020-11-19;"Okres Dunajská Streda";"SK0211";64;144;208
2020-11-19;"Okres Galanta";"SK0212";30;115;145
2020-11-19;"Okres Gelnica";"SK0421";5;46;51
2020-11-19;"Okres Hlohovec";"SK0213";4;33;37
2020-11-19;"Okres Humenné";"SK0412";32;68;100
2020-11-19;"Okres Ilava";"SK0222";34;91;125
2020-11-19;"Okres Kežmarok";"SK0413";27;67;94
2020-11-19;"Okres Komárno";"SK0231";25;97;122
2020-11-19;"Okres Košice - okolie";"SK0426";24;107;131
2020-11-19;"Okres Košice I";"SK0422";7;26;33
2020-11-19;"Okres Košice II";"SK0423";13;31;44
2020-11-19;"Okres Košice III";"SK0424";0;5;5
2020-11-19;"Okres Košice IV";"SK0425";3;10;13
2020-11-19;"Okres Krupina";"SK0325";2;24;26
2020-11-19;"Okres Kysucké Nové Mesto";"SK0314";6;25;31
2020-11-19;"Okres Levice";"SK0232";17;74;91
2020-11-19;"Okres Levoča";"SK0414";30;130;160
2020-11-19;"Okres Liptovský Mikuláš";"SK0315";50;66;116
2020-11-19;"Okres Lučenec";"SK0326";15;127;142
2020-11-19;"Okres Malacky";"SK0106";6;70;76
2020-11-19;"Okres Martin";"SK0316";39;125;164
2020-11-19;"Okres Medzilaborce";"SK0415";1;9;10
2020-11-19;"Okres Michalovce";"SK0427";33;100;133
2020-11-19;"Okres Myjava";"SK0223";6;29;35
2020-11-19;"Okres Námestovo";"SK0317";14;39;53
2020-11-19;"Okres Nitra";"SK0233";41;254;295
2020-11-19;"Okres Nové Mesto nad Váhom";"SK0224";50;136;186
2020-11-19;"Okres Nové Zámky";"SK0234";26;128;154
2020-11-19;"Okres Partizánske";"SK0225";14;31;45
2020-11-19;"Okres Pezinok";"SK0107";8;50;58
2020-11-19;"Okres Piešťany";"SK0214";9;62;71
2020-11-19;"Okres Poltár";"SK0327";3;23;26
2020-11-19;"Okres Poprad";"SK0416";37;101;138
2020-11-19;"Okres Považská Bystrica";"SK0226";34;138;172
2020-11-19;"Okres Prešov";"SK0417";106;328;434
2020-11-19;"Okres Prievidza";"SK0227";66;218;284
2020-11-19;"Okres Púchov";"SK0228";41;61;102
2020-11-19;"Okres Revúca";"SK0328";4;27;31
2020-11-19;"Okres Rimavská Sobota";"SK0329";19;106;125
2020-11-19;"Okres Rožňava";"SK0428";6;30;36
2020-11-19;"Okres Ružomberok";"SK0318";30;55;85
2020-11-19;"Okres Sabinov";"SK0418";31;86;117
2020-11-19;"Okres Senec";"SK0108";32;140;172
2020-11-19;"Okres Senica";"SK0215";5;26;31
2020-11-19;"Okres Skalica";"SK0216";64;17;81
2020-11-19;"Okres Snina";"SK0419";15;40;55
2020-11-19;"Okres Sobrance";"SK0429";4;18;22
2020-11-19;"Okres Spišská Nová Ves";"SK042A";33;106;139
2020-11-19;"Okres Stará Ľubovňa";"SK041A";36;104;140
2020-11-19;"Okres Stropkov";"SK041B";6;44;50
2020-11-19;"Okres Svidník";"SK041C";22;72;94
2020-11-19;"Okres Šaľa";"SK0235";20;71;91
2020-11-19;"Okres Topoľčany";"SK0236";51;170;221
2020-11-19;"Okres Trebišov";"SK042B";49;134;183
2020-11-19;"Okres Trenčín";"SK0229";55;242;297
2020-11-19;"Okres Trnava";"SK0217";27;195;222
2020-11-19;"Okres Turčianske Teplice";"SK0319";8;18;26
2020-11-19;"Okres Tvrdošín";"SK031A";10;26;36
2020-11-19;"Okres Veľký Krtíš";"SK032A";12;33;45
2020-11-19;"Okres Vranov nad Topľou";"SK041D";33;136;169
2020-11-19;"Okres Zlaté Moravce";"SK0237";6;60;66
2020-11-19;"Okres Zvolen";"SK032B";25;64;89
2020-11-19;"Okres Žarnovica";"SK032C";9;34;43
2020-11-19;"Okres Žiar nad Hronom";"SK032D";20;58;78
2020-11-19;"Okres Žilina";"SK031B";33;79;112
2020-11-19;"Zahraničie";"SKZZZZ";0;1;1
2020-11-19;NA;"?";40;308;348
2020-11-18;"Neznáme";"SK000";203;748;951
2020-11-18;"Okres Bánovce nad Bebravou";"SK0221";13;34;47
2020-11-18;"Okres Banská Bystrica";"SK0321";30;146;176
2020-11-18;"Okres Banská Štiavnica";"SK0322";2;2;4
2020-11-18;"Okres Bardejov";"SK0411";4;29;33
2020-11-18;"Okres Bratislava I";"SK0101";5;82;87
2020-11-18;"Okres Bratislava II";"SK0102";15;112;127
2020-11-18;"Okres Bratislava III";"SK0103";10;78;88
2020-11-18;"Okres Bratislava IV";"SK0104";14;104;118
2020-11-18;"Okres Bratislava V";"SK0105";20;104;124
2020-11-18;"Okres Brezno";"SK0323";21;36;57
2020-11-18;"Okres Bytča";"SK0311";19;23;42
2020-11-18;"Okres Čadca";"SK0312";42;82;124
2020-11-18;"Okres Detva";"SK0324";17;54;71
2020-11-18;"Okres Dolný Kubín";"SK0313";10;40;50
2020-11-18;"Okres Dunajská Streda";"SK0211";31;117;148
2020-11-18;"Okres Galanta";"SK0212";38;91;129
2020-11-18;"Okres Gelnica";"SK0421";11;24;35
2020-11-18;"Okres Hlohovec";"SK0213";8;44;52
2020-11-18;"Okres Humenné";"SK0412";2;8;10
2020-11-18;"Okres Ilava";"SK0222";30;58;88
2020-11-18;"Okres Kežmarok";"SK0413";23;101;124
2020-11-18;"Okres Komárno";"SK0231";46;114;160
2020-11-18;"Okres Košice - okolie";"SK0426";13;94;107
2020-11-18;"Okres Košice I";"SK0422";1;10;11
2020-11-18;"Okres Košice II";"SK0423";5;19;24
2020-11-18;"Okres Košice III";"SK0424";0;2;2
2020-11-18;"Okres Košice IV";"SK0425";0;4;4
2020-11-18;"Okres Krupina";"SK0325";4;22;26
2020-11-18;"Okres Kysucké Nové Mesto";"SK0314";24;41;65
2020-11-18;"Okres Levice";"SK0232";5;45;50
2020-11-18;"Okres Levoča";"SK0414";10;75;85
2020-11-18;"Okres Liptovský Mikuláš";"SK0315";34;90;124
2020-11-18;"Okres Lučenec";"SK0326";16;50;66
2020-11-18;"Okres Malacky";"SK0106";31;43;74
2020-11-18;"Okres Martin";"SK0316";103;197;300
2020-11-18;"Okres Medzilaborce";"SK0415";1;4;5
2020-11-18;"Okres Michalovce";"SK0427";2;16;18
2020-11-18;"Okres Myjava";"SK0223";6;41;47
2020-11-18;"Okres Námestovo";"SK0317";5;22;27
2020-11-18;"Okres Nitra";"SK0233";5;62;67
2020-11-18;"Okres Nové Mesto nad Váhom";"SK0224";22;60;82
2020-11-18;"Okres Nové Zámky";"SK0234";82;151;233
2020-11-18;"Okres Partizánske";"SK0225";12;23;35
2020-11-18;"Okres Pezinok";"SK0107";6;38;44
2020-11-18;"Okres Piešťany";"SK0214";29;81;110
2020-11-18;"Okres Poltár";"SK0327";5;33;38
2020-11-18;"Okres Poprad";"SK0416";26;73;99
2020-11-18;"Okres Považská Bystrica";"SK0226";46;100;146
2020-11-18;"Okres Prešov";"SK0417";123;229;352
2020-11-18;"Okres Prievidza";"SK0227";13;29;42
2020-11-18;"Okres Púchov";"SK0228";26;58;84
2020-11-18;"Okres Revúca";"SK0328";2;17;19
2020-11-18;"Okres Rimavská Sobota";"SK0329";40;176;216
2020-11-18;"Okres Rožňava";"SK0428";0;11;11
2020-11-18;"Okres Ružomberok";"SK0318";31;112;143
2020-11-18;"Okres Sabinov";"SK0418";76;98;174
2020-11-18;"Okres Senec";"SK0108";13;81;94
2020-11-18;"Okres Senica";"SK0215";16;30;46
2020-11-18;"Okres Skalica";"SK0216";59;51;110
2020-11-18;"Okres Snina";"SK0419";5;12;17
2020-11-18;"Okres Sobrance";"SK0429";0;1;1
2020-11-18;"Okres Spišská Nová Ves";"SK042A";46;123;169
2020-11-18;"Okres Stará Ľubovňa";"SK041A";4;14;18
2020-11-18;"Okres Stropkov";"SK041B";15;1;16
2020-11-18;"Okres Svidník";"SK041C";4;15;19
2020-11-18;"Okres Šaľa";"SK0235";19;40;59
2020-11-18;"Okres Topoľčany";"SK0236";20;63;83
2020-11-18;"Okres Trebišov";"SK042B";14;37;51
2020-11-18;"Okres Trenčín";"SK0229";83;243;326
2020-11-18;"Okres Trnava";"SK0217";33;222;255
2020-11-18;"Okres Turčianske Teplice";"SK0319";3;16;19
2020-11-18;"Okres Tvrdošín";"SK031A";2;14;16
2020-11-18;"Okres Veľký Krtíš";"SK032A";5;19;24
2020-11-18;"Okres Vranov nad Topľou";"SK041D";45;76;121
2020-11-18;"Okres Zlaté Moravce";"SK0237";7;57;64
2020-11-18;"Okres Zvolen";"SK032B";30;118;148
2020-11-18;"Okres Žarnovica";"SK032C";3;16;19
2020-11-18;"Okres Žiar nad Hronom";"SK032D";6;32;38
2020-11-18;"Okres Žilina";"SK031B";62;110;172
2020-11-18;"Zahraničie";"SKZZZZ";0;1;1
2020-11-18;NA;"?";36;141;177
2020-11-17;"Neznáme";"SK000";132;540;672
2020-11-17;"Okres Bánovce nad Bebravou";"SK0221";19;35;54
2020-11-17;"Okres Banská Bystrica";"SK0321";18;71;89
2020-11-17;"Okres Banská Štiavnica";"SK0322";0;5;5
2020-11-17;"Okres Bardejov";"SK0411";41;88;129
2020-11-17;"Okres Bratislava I";"SK0101";7;45;52
2020-11-17;"Okres Bratislava II";"SK0102";26;86;112
2020-11-17;"Okres Bratislava III";"SK0103";6;48;54
2020-11-17;"Okres Bratislava IV";"SK0104";15;82;97
2020-11-17;"Okres Bratislava V";"SK0105";19;76;95
2020-11-17;"Okres Brezno";"SK0323";17;26;43
2020-11-17;"Okres Bytča";"SK0311";2;8;10
2020-11-17;"Okres Čadca";"SK0312";68;82;150
2020-11-17;"Okres Detva";"SK0324";5;10;15
2020-11-17;"Okres Dolný Kubín";"SK0313";10;14;24
2020-11-17;"Okres Dunajská Streda";"SK0211";103;337;440
2020-11-17;"Okres Galanta";"SK0212";5;58;63
2020-11-17;"Okres Gelnica";"SK0421";6;17;23
2020-11-17;"Okres Hlohovec";"SK0213";2;9;11
2020-11-17;"Okres Humenné";"SK0412";26;53;79
2020-11-17;"Okres Ilava";"SK0222";22;75;97
2020-11-17;"Okres Kežmarok";"SK0413";22;40;62
2020-11-17;"Okres Komárno";"SK0231";39;76;115
2020-11-17;"Okres Košice - okolie";"SK0426";13;61;74
2020-11-17;"Okres Košice I";"SK0422";0;7;7
2020-11-17;"Okres Košice II";"SK0423";1;12;13
2020-11-17;"Okres Košice III";"SK0424";0;2;2
2020-11-17;"Okres Košice IV";"SK0425";0;6;6
2020-11-17;"Okres Krupina";"SK0325";1;9;10
2020-11-17;"Okres Kysucké Nové Mesto";"SK0314";13;13;26
2020-11-17;"Okres Levice";"SK0232";9;93;102
2020-11-17;"Okres Levoča";"SK0414";13;35;48
2020-11-17;"Okres Liptovský Mikuláš";"SK0315";0;25;25
2020-11-17;"Okres Lučenec";"SK0326";2;7;9
2020-11-17;"Okres Malacky";"SK0106";3;39;42
2020-11-17;"Okres Martin";"SK0316";6;11;17
2020-11-17;"Okres Medzilaborce";"SK0415";2;6;8
2020-11-17;"Okres Michalovce";"SK0427";15;74;89
2020-11-17;"Okres Myjava";"SK0223";2;11;13
2020-11-17;"Okres Námestovo";"SK0317";9;17;26
2020-11-17;"Okres Nitra";"SK0233";35;141;176
2020-11-17;"Okres Nové Mesto nad Váhom";"SK0224";20;76;96
2020-11-17;"Okres Nové Zámky";"SK0234";28;55;83
2020-11-17;"Okres Partizánske";"SK0225";14;34;48
2020-11-17;"Okres Pezinok";"SK0107";10;47;57
2020-11-17;"Okres Piešťany";"SK0214";4;16;20
2020-11-17;"Okres Poltár";"SK0327";0;5;5
2020-11-17;"Okres Poprad";"SK0416";63;199;262
2020-11-17;"Okres Považská Bystrica";"SK0226";44;74;118
2020-11-17;"Okres Prešov";"SK0417";41;143;184
2020-11-17;"Okres Prievidza";"SK0227";16;78;94
2020-11-17;"Okres Púchov";"SK0228";29;62;91
2020-11-17;"Okres Revúca";"SK0328";2;25;27
2020-11-17;"Okres Rimavská Sobota";"SK0329";4;20;24
2020-11-17;"Okres Rožňava";"SK0428";9;55;64
2020-11-17;"Okres Ružomberok";"SK0318";14;28;42
2020-11-17;"Okres Sabinov";"SK0418";14;33;47
2020-11-17;"Okres Senec";"SK0108";18;67;85
2020-11-17;"Okres Senica";"SK0215";2;8;10
2020-11-17;"Okres Skalica";"SK0216";0;1;1
2020-11-17;"Okres Snina";"SK0419";51;76;127
2020-11-17;"Okres Sobrance";"SK0429";2;15;17
2020-11-17;"Okres Spišská Nová Ves";"SK042A";29;98;127
2020-11-17;"Okres Stará Ľubovňa";"SK041A";31;113;144
2020-11-17;"Okres Stropkov";"SK041B";44;87;131
2020-11-17;"Okres Svidník";"SK041C";16;35;51
2020-11-17;"Okres Šaľa";"SK0235";10;35;45
2020-11-17;"Okres Topoľčany";"SK0236";4;32;36
2020-11-17;"Okres Trebišov";"SK042B";40;99;139
2020-11-17;"Okres Trenčín";"SK0229";58;97;155
2020-11-17;"Okres Trnava";"SK0217";5;41;46
2020-11-17;"Okres Turčianske Teplice";"SK0319";0;2;2
2020-11-17;"Okres Tvrdošín";"SK031A";2;4;6
2020-11-17;"Okres Veľký Krtíš";"SK032A";1;7;8
2020-11-17;"Okres Vranov nad Topľou";"SK041D";3;33;36
2020-11-17;"Okres Zlaté Moravce";"SK0237";1;14;15
2020-11-17;"Okres Zvolen";"SK032B";2;38;40
2020-11-17;"Okres Žarnovica";"SK032C";2;18;20
2020-11-17;"Okres Žiar nad Hronom";"SK032D";2;16;18
2020-11-17;"Okres Žilina";"SK031B";4;17;21
2020-11-17;NA;"?";38;186;224
2020-11-16;"Neznáme";"SK000";191;1059;1250
2020-11-16;"Okres Bánovce nad Bebravou";"SK0221";12;25;37
2020-11-16;"Okres Banská Bystrica";"SK0321";43;134;177
2020-11-16;"Okres Banská Štiavnica";"SK0322";1;16;17
2020-11-16;"Okres Bardejov";"SK0411";4;39;43
2020-11-16;"Okres Bratislava I";"SK0101";7;81;88
2020-11-16;"Okres Bratislava II";"SK0102";16;139;155
2020-11-16;"Okres Bratislava III";"SK0103";6;101;107
2020-11-16;"Okres Bratislava IV";"SK0104";5;93;98
2020-11-16;"Okres Bratislava V";"SK0105";9;116;125
2020-11-16;"Okres Brezno";"SK0323";18;44;62
2020-11-16;"Okres Bytča";"SK0311";11;33;44
2020-11-16;"Okres Čadca";"SK0312";21;79;100
2020-11-16;"Okres Detva";"SK0324";14;78;92
2020-11-16;"Okres Dolný Kubín";"SK0313";0;5;5
2020-11-16;"Okres Dunajská Streda";"SK0211";10;55;65
2020-11-16;"Okres Galanta";"SK0212";23;83;106
2020-11-16;"Okres Gelnica";"SK0421";4;21;25
2020-11-16;"Okres Hlohovec";"SK0213";23;41;64
2020-11-16;"Okres Humenné";"SK0412";3;33;36
2020-11-16;"Okres Ilava";"SK0222";7;47;54
2020-11-16;"Okres Kežmarok";"SK0413";22;98;120
2020-11-16;"Okres Komárno";"SK0231";29;81;110
2020-11-16;"Okres Košice - okolie";"SK0426";25;121;146
2020-11-16;"Okres Košice I";"SK0422";2;15;17
2020-11-16;"Okres Košice II";"SK0423";9;25;34
2020-11-16;"Okres Košice III";"SK0424";0;7;7
2020-11-16;"Okres Košice IV";"SK0425";2;8;10
2020-11-16;"Okres Krupina";"SK0325";3;32;35
2020-11-16;"Okres Kysucké Nové Mesto";"SK0314";23;117;140
2020-11-16;"Okres Levice";"SK0232";10;47;57
2020-11-16;"Okres Levoča";"SK0414";14;41;55
2020-11-16;"Okres Liptovský Mikuláš";"SK0315";68;105;173
2020-11-16;"Okres Lučenec";"SK0326";22;72;94
2020-11-16;"Okres Malacky";"SK0106";5;39;44
2020-11-16;"Okres Martin";"SK0316";18;53;71
2020-11-16;"Okres Medzilaborce";"SK0415";0;9;9
2020-11-16;"Okres Michalovce";"SK0427";16;71;87
2020-11-16;"Okres Myjava";"SK0223";44;117;161
2020-11-16;"Okres Námestovo";"SK0317";5;25;30
2020-11-16;"Okres Nitra";"SK0233";8;76;84
2020-11-16;"Okres Nové Mesto nad Váhom";"SK0224";9;64;73
2020-11-16;"Okres Nové Zámky";"SK0234";13;80;93
2020-11-16;"Okres Partizánske";"SK0225";8;9;17
2020-11-16;"Okres Pezinok";"SK0107";3;64;67
2020-11-16;"Okres Piešťany";"SK0214";18;82;100
2020-11-16;"Okres Poltár";"SK0327";4;9;13
2020-11-16;"Okres Poprad";"SK0416";24;74;98
2020-11-16;"Okres Považská Bystrica";"SK0226";27;68;95
2020-11-16;"Okres Prešov";"SK0417";111;321;432
2020-11-16;"Okres Prievidza";"SK0227";50;163;213
2020-11-16;"Okres Púchov";"SK0228";21;14;35
2020-11-16;"Okres Revúca";"SK0328";1;14;15
2020-11-16;"Okres Rimavská Sobota";"SK0329";4;24;28
2020-11-16;"Okres Rožňava";"SK0428";3;19;22
2020-11-16;"Okres Ružomberok";"SK0318";12;50;62
2020-11-16;"Okres Sabinov";"SK0418";39;103;142
2020-11-16;"Okres Senec";"SK0108";21;118;139
2020-11-16;"Okres Senica";"SK0215";9;39;48
2020-11-16;"Okres Skalica";"SK0216";9;28;37
2020-11-16;"Okres Snina";"SK0419";0;15;15
2020-11-16;"Okres Sobrance";"SK0429";3;15;18
2020-11-16;"Okres Spišská Nová Ves";"SK042A";13;76;89
2020-11-16;"Okres Stará Ľubovňa";"SK041A";6;41;47
2020-11-16;"Okres Stropkov";"SK041B";5;44;49
2020-11-16;"Okres Svidník";"SK041C";13;72;85
2020-11-16;"Okres Šaľa";"SK0235";7;27;34
2020-11-16;"Okres Topoľčany";"SK0236";27;41;68
2020-11-16;"Okres Trebišov";"SK042B";19;69;88
2020-11-16;"Okres Trenčín";"SK0229";46;167;213
2020-11-16;"Okres Trnava";"SK0217";70;217;287
2020-11-16;"Okres Turčianske Teplice";"SK0319";1;4;5
2020-11-16;"Okres Tvrdošín";"SK031A";11;39;50
2020-11-16;"Okres Veľký Krtíš";"SK032A";1;14;15
2020-11-16;"Okres Vranov nad Topľou";"SK041D";16;39;55
2020-11-16;"Okres Zlaté Moravce";"SK0237";1;18;19
2020-11-16;"Okres Zvolen";"SK032B";12;83;95
2020-11-16;"Okres Žarnovica";"SK032C";0;8;8
2020-11-16;"Okres Žiar nad Hronom";"SK032D";9;56;65
2020-11-16;"Okres Žilina";"SK031B";53;206;259
2020-11-16;NA;"?";28;216;244
2020-11-15;"Neznáme";"SK000";9;91;100
2020-11-15;"Okres Bánovce nad Bebravou";"SK0221";1;16;17
2020-11-15;"Okres Banská Bystrica";"SK0321";21;53;74
2020-11-15;"Okres Bardejov";"SK0411";3;3;6
2020-11-15;"Okres Bratislava I";"SK0101";5;41;46
2020-11-15;"Okres Bratislava II";"SK0102";9;76;85
2020-11-15;"Okres Bratislava III";"SK0103";5;58;63
2020-11-15;"Okres Bratislava IV";"SK0104";7;68;75
2020-11-15;"Okres Bratislava V";"SK0105";10;69;79
2020-11-15;"Okres Brezno";"SK0323";7;17;24
2020-11-15;"Okres Bytča";"SK0311";0;4;4
2020-11-15;"Okres Čadca";"SK0312";33;77;110
2020-11-15;"Okres Detva";"SK0324";8;7;15
2020-11-15;"Okres Dolný Kubín";"SK0313";0;3;3
2020-11-15;"Okres Dunajská Streda";"SK0211";21;76;97
2020-11-15;"Okres Galanta";"SK0212";4;14;18
2020-11-15;"Okres Gelnica";"SK0421";1;2;3
2020-11-15;"Okres Hlohovec";"SK0213";0;5;5
2020-11-15;"Okres Humenné";"SK0412";10;12;22
2020-11-15;"Okres Ilava";"SK0222";38;136;174
2020-11-15;"Okres Kežmarok";"SK0413";1;20;21
2020-11-15;"Okres Komárno";"SK0231";6;16;22
2020-11-15;"Okres Košice - okolie";"SK0426";1;10;11
2020-11-15;"Okres Košice II";"SK0423";0;1;1
2020-11-15;"Okres Košice IV";"SK0425";0;1;1
2020-11-15;"Okres Krupina";"SK0325";1;22;23
2020-11-15;"Okres Kysucké Nové Mesto";"SK0314";5;5;10
2020-11-15;"Okres Levice";"SK0232";3;25;28
2020-11-15;"Okres Levoča";"SK0414";1;11;12
2020-11-15;"Okres Liptovský Mikuláš";"SK0315";2;16;18
2020-11-15;"Okres Lučenec";"SK0326";0;4;4
2020-11-15;"Okres Malacky";"SK0106";2;27;29
2020-11-15;"Okres Martin";"SK0316";16;110;126
2020-11-15;"Okres Medzilaborce";"SK0415";0;1;1
2020-11-15;"Okres Michalovce";"SK0427";1;6;7
2020-11-15;"Okres Námestovo";"SK0317";1;12;13
2020-11-15;"Okres Nitra";"SK0233";1;4;5
2020-11-15;"Okres Nové Mesto nad Váhom";"SK0224";8;6;14
2020-11-15;"Okres Nové Zámky";"SK0234";11;26;37
2020-11-15;"Okres Partizánske";"SK0225";6;8;14
2020-11-15;"Okres Pezinok";"SK0107";5;24;29
2020-11-15;"Okres Piešťany";"SK0214";2;8;10
2020-11-15;"Okres Poltár";"SK0327";0;1;1
2020-11-15;"Okres Poprad";"SK0416";10;40;50
2020-11-15;"Okres Považská Bystrica";"SK0226";3;3;6
2020-11-15;"Okres Prešov";"SK0417";13;34;47
2020-11-15;"Okres Prievidza";"SK0227";11;90;101
2020-11-15;"Okres Púchov";"SK0228";3;14;17
2020-11-15;"Okres Rimavská Sobota";"SK0329";0;1;1
2020-11-15;"Okres Rožňava";"SK0428";0;4;4
2020-11-15;"Okres Ružomberok";"SK0318";5;18;23
2020-11-15;"Okres Sabinov";"SK0418";1;26;27
2020-11-15;"Okres Senec";"SK0108";8;66;74
2020-11-15;"Okres Senica";"SK0215";0;6;6
2020-11-15;"Okres Skalica";"SK0216";1;2;3
2020-11-15;"Okres Snina";"SK0419";6;3;9
2020-11-15;"Okres Sobrance";"SK0429";1;3;4
2020-11-15;"Okres Spišská Nová Ves";"SK042A";4;37;41
2020-11-15;"Okres Stará Ľubovňa";"SK041A";3;22;25
2020-11-15;"Okres Stropkov";"SK041B";4;3;7
2020-11-15;"Okres Svidník";"SK041C";2;9;11
2020-11-15;"Okres Šaľa";"SK0235";3;5;8
2020-11-15;"Okres Topoľčany";"SK0236";7;6;13
2020-11-15;"Okres Trebišov";"SK042B";1;9;10
2020-11-15;"Okres Trenčín";"SK0229";45;130;175
2020-11-15;"Okres Trnava";"SK0217";3;14;17
2020-11-15;"Okres Turčianske Teplice";"SK0319";1;4;5
2020-11-15;"Okres Tvrdošín";"SK031A";0;10;10
2020-11-15;"Okres Veľký Krtíš";"SK032A";0;8;8
2020-11-15;"Okres Vranov nad Topľou";"SK041D";137;73;210
2020-11-15;"Okres Zlaté Moravce";"SK0237";1;7;8
2020-11-15;"Okres Zvolen";"SK032B";21;31;52
2020-11-15;"Okres Žiar nad Hronom";"SK032D";1;5;6
2020-11-15;"Okres Žilina";"SK031B";4;19;23
2020-11-15;NA;"?";7;34;41
2020-11-14;"Neznáme";"SK000";118;568;686
2020-11-14;"Okres Bánovce nad Bebravou";"SK0221";10;26;36
2020-11-14;"Okres Banská Bystrica";"SK0321";28;76;104
2020-11-14;"Okres Banská Štiavnica";"SK0322";1;11;12
2020-11-14;"Okres Bardejov";"SK0411";27;75;102
2020-11-14;"Okres Bratislava I";"SK0101";7;67;74
2020-11-14;"Okres Bratislava II";"SK0102";7;114;121
2020-11-14;"Okres Bratislava III";"SK0103";5;95;100
2020-11-14;"Okres Bratislava IV";"SK0104";7;88;95
2020-11-14;"Okres Bratislava V";"SK0105";11;97;108
2020-11-14;"Okres Brezno";"SK0323";21;16;37
2020-11-14;"Okres Bytča";"SK0311";16;14;30
2020-11-14;"Okres Čadca";"SK0312";20;41;61
2020-11-14;"Okres Detva";"SK0324";2;14;16
2020-11-14;"Okres Dolný Kubín";"SK0313";0;3;3
2020-11-14;"Okres Dunajská Streda";"SK0211";54;121;175
2020-11-14;"Okres Galanta";"SK0212";8;45;53
2020-11-14;"Okres Gelnica";"SK0421";39;62;101
2020-11-14;"Okres Hlohovec";"SK0213";13;28;41
2020-11-14;"Okres Humenné";"SK0412";3;20;23
2020-11-14;"Okres Ilava";"SK0222";21;79;100
2020-11-14;"Okres Kežmarok";"SK0413";42;106;148
2020-11-14;"Okres Komárno";"SK0231";19;49;68
2020-11-14;"Okres Košice - okolie";"SK0426";13;75;88
2020-11-14;"Okres Košice I";"SK0422";4;15;19
2020-11-14;"Okres Košice II";"SK0423";6;13;19
2020-11-14;"Okres Košice III";"SK0424";3;10;13
2020-11-14;"Okres Košice IV";"SK0425";2;13;15
2020-11-14;"Okres Krupina";"SK0325";1;28;29
2020-11-14;"Okres Kysucké Nové Mesto";"SK0314";13;10;23
2020-11-14;"Okres Levice";"SK0232";14;66;80
2020-11-14;"Okres Levoča";"SK0414";31;39;70
2020-11-14;"Okres Liptovský Mikuláš";"SK0315";43;53;96
2020-11-14;"Okres Lučenec";"SK0326";2;8;10
2020-11-14;"Okres Malacky";"SK0106";3;48;51
2020-11-14;"Okres Martin";"SK0316";60;85;145
2020-11-14;"Okres Medzilaborce";"SK0415";0;10;10
2020-11-14;"Okres Michalovce";"SK0427";29;128;157
2020-11-14;"Okres Myjava";"SK0223";0;7;7
2020-11-14;"Okres Námestovo";"SK0317";2;71;73
2020-11-14;"Okres Nitra";"SK0233";7;89;96
2020-11-14;"Okres Nové Mesto nad Váhom";"SK0224";17;54;71
2020-11-14;"Okres Nové Zámky";"SK0234";10;44;54
2020-11-14;"Okres Partizánske";"SK0225";21;33;54
2020-11-14;"Okres Pezinok";"SK0107";5;31;36
2020-11-14;"Okres Piešťany";"SK0214";2;19;21
2020-11-14;"Okres Poltár";"SK0327";1;1;2
2020-11-14;"Okres Poprad";"SK0416";39;180;219
2020-11-14;"Okres Považská Bystrica";"SK0226";48;67;115
2020-11-14;"Okres Prešov";"SK0417";22;125;147
2020-11-14;"Okres Prievidza";"SK0227";33;100;133
2020-11-14;"Okres Púchov";"SK0228";31;45;76
2020-11-14;"Okres Revúca";"SK0328";3;7;10
2020-11-14;"Okres Rimavská Sobota";"SK0329";3;20;23
2020-11-14;"Okres Rožňava";"SK0428";14;39;53
2020-11-14;"Okres Ružomberok";"SK0318";2;24;26
2020-11-14;"Okres Sabinov";"SK0418";21;51;72
2020-11-14;"Okres Senec";"SK0108";9;82;91
2020-11-14;"Okres Senica";"SK0215";2;7;9
2020-11-14;"Okres Skalica";"SK0216";0;7;7
2020-11-14;"Okres Snina";"SK0419";1;11;12
2020-11-14;"Okres Sobrance";"SK0429";9;17;26
2020-11-14;"Okres Spišská Nová Ves";"SK042A";39;171;210
2020-11-14;"Okres Stará Ľubovňa";"SK041A";42;188;230
2020-11-14;"Okres Stropkov";"SK041B";11;46;57
2020-11-14;"Okres Svidník";"SK041C";16;48;64
2020-11-14;"Okres Šaľa";"SK0235";4;6;10
2020-11-14;"Okres Topoľčany";"SK0236";18;24;42
2020-11-14;"Okres Trebišov";"SK042B";50;77;127
2020-11-14;"Okres Trenčín";"SK0229";10;44;54
2020-11-14;"Okres Trnava";"SK0217";21;87;108
2020-11-14;"Okres Turčianske Teplice";"SK0319";3;10;13
2020-11-14;"Okres Tvrdošín";"SK031A";4;10;14
2020-11-14;"Okres Veľký Krtíš";"SK032A";0;6;6
2020-11-14;"Okres Vranov nad Topľou";"SK041D";14;54;68
2020-11-14;"Okres Zlaté Moravce";"SK0237";1;9;10
2020-11-14;"Okres Zvolen";"SK032B";28;24;52
2020-11-14;"Okres Žarnovica";"SK032C";3;18;21
2020-11-14;"Okres Žiar nad Hronom";"SK032D";0;16;16
2020-11-14;"Okres Žilina";"SK031B";27;78;105
2020-11-14;NA;"?";38;189;227
2020-11-13;"Neznáme";"SK000";207;967;1174
2020-11-13;"Okres Bánovce nad Bebravou";"SK0221";14;67;81
2020-11-13;"Okres Banská Bystrica";"SK0321";35;156;191
2020-11-13;"Okres Banská Štiavnica";"SK0322";13;12;25
2020-11-13;"Okres Bardejov";"SK0411";37;115;152
2020-11-13;"Okres Bratislava I";"SK0101";4;99;103
2020-11-13;"Okres Bratislava II";"SK0102";12;158;170
2020-11-13;"Okres Bratislava III";"SK0103";15;100;115
2020-11-13;"Okres Bratislava IV";"SK0104";19;146;165
2020-11-13;"Okres Bratislava V";"SK0105";9;118;127
2020-11-13;"Okres Brezno";"SK0323";16;53;69
2020-11-13;"Okres Bytča";"SK0311";14;36;50
2020-11-13;"Okres Čadca";"SK0312";33;142;175
2020-11-13;"Okres Detva";"SK0324";14;55;69
2020-11-13;"Okres Dolný Kubín";"SK0313";8;64;72
2020-11-13;"Okres Dunajská Streda";"SK0211";114;236;350
2020-11-13;"Okres Galanta";"SK0212";22;57;79
2020-11-13;"Okres Gelnica";"SK0421";3;31;34
2020-11-13;"Okres Hlohovec";"SK0213";7;46;53
2020-11-13;"Okres Humenné";"SK0412";25;59;84
2020-11-13;"Okres Ilava";"SK0222";40;166;206
2020-11-13;"Okres Kežmarok";"SK0413";43;144;187
2020-11-13;"Okres Komárno";"SK0231";24;85;109
2020-11-13;"Okres Košice - okolie";"SK0426";22;114;136
2020-11-13;"Okres Košice I";"SK0422";2;20;22
2020-11-13;"Okres Košice II";"SK0423";9;28;37
2020-11-13;"Okres Košice III";"SK0424";5;3;8
2020-11-13;"Okres Košice IV";"SK0425";4;10;14
2020-11-13;"Okres Krupina";"SK0325";4;37;41
2020-11-13;"Okres Kysucké Nové Mesto";"SK0314";15;32;47
2020-11-13;"Okres Levice";"SK0232";9;78;87
2020-11-13;"Okres Levoča";"SK0414";18;54;72
2020-11-13;"Okres Liptovský Mikuláš";"SK0315";4;39;43
2020-11-13;"Okres Lučenec";"SK0326";16;68;84
2020-11-13;"Okres Malacky";"SK0106";10;57;67
2020-11-13;"Okres Martin";"SK0316";22;64;86
2020-11-13;"Okres Medzilaborce";"SK0415";2;6;8
2020-11-13;"Okres Michalovce";"SK0427";21;104;125
2020-11-13;"Okres Myjava";"SK0223";11;71;82
2020-11-13;"Okres Námestovo";"SK0317";7;57;64
2020-11-13;"Okres Nitra";"SK0233";42;301;343
2020-11-13;"Okres Nové Mesto nad Váhom";"SK0224";29;81;110
2020-11-13;"Okres Nové Zámky";"SK0234";45;139;184
2020-11-13;"Okres Partizánske";"SK0225";9;16;25
2020-11-13;"Okres Pezinok";"SK0107";8;63;71
2020-11-13;"Okres Piešťany";"SK0214";29;136;165
2020-11-13;"Okres Poltár";"SK0327";6;18;24
2020-11-13;"Okres Poprad";"SK0416";49;149;198
2020-11-13;"Okres Považská Bystrica";"SK0226";71;155;226
2020-11-13;"Okres Prešov";"SK0417";139;351;490
2020-11-13;"Okres Prievidza";"SK0227";24;110;134
2020-11-13;"Okres Púchov";"SK0228";51;86;137
2020-11-13;"Okres Revúca";"SK0328";12;45;57
2020-11-13;"Okres Rimavská Sobota";"SK0329";63;115;178
2020-11-13;"Okres Rožňava";"SK0428";9;60;69
2020-11-13;"Okres Ružomberok";"SK0318";26;130;156
2020-11-13;"Okres Sabinov";"SK0418";42;122;164
2020-11-13;"Okres Senec";"SK0108";15;101;116
2020-11-13;"Okres Senica";"SK0215";6;68;74
2020-11-13;"Okres Skalica";"SK0216";6;17;23
2020-11-13;"Okres Snina";"SK0419";20;35;55
2020-11-13;"Okres Sobrance";"SK0429";3;10;13
2020-11-13;"Okres Spišská Nová Ves";"SK042A";57;415;472
2020-11-13;"Okres Stará Ľubovňa";"SK041A";13;78;91
2020-11-13;"Okres Stropkov";"SK041B";5;15;20
2020-11-13;"Okres Svidník";"SK041C";18;80;98
2020-11-13;"Okres Šaľa";"SK0235";6;32;38
2020-11-13;"Okres Topoľčany";"SK0236";33;71;104
2020-11-13;"Okres Trebišov";"SK042B";47;172;219
2020-11-13;"Okres Trenčín";"SK0229";75;230;305
2020-11-13;"Okres Trnava";"SK0217";31;226;257
2020-11-13;"Okres Turčianske Teplice";"SK0319";1;14;15
2020-11-13;"Okres Tvrdošín";"SK031A";4;46;50
2020-11-13;"Okres Veľký Krtíš";"SK032A";0;55;55
2020-11-13;"Okres Vranov nad Topľou";"SK041D";49;103;152
2020-11-13;"Okres Zlaté Moravce";"SK0237";5;28;33
2020-11-13;"Okres Zvolen";"SK032B";12;101;113
2020-11-13;"Okres Žarnovica";"SK032C";5;38;43
2020-11-13;"Okres Žiar nad Hronom";"SK032D";17;70;87
2020-11-13;"Okres Žilina";"SK031B";40;184;224
2020-11-13;NA;"?";51;218;269
2020-11-12;"Neznáme";"SK000";147;656;803
2020-11-12;"Okres Bánovce nad Bebravou";"SK0221";20;99;119
2020-11-12;"Okres Banská Bystrica";"SK0321";61;327;388
2020-11-12;"Okres Banská Štiavnica";"SK0322";5;10;15
2020-11-12;"Okres Bardejov";"SK0411";27;89;116
2020-11-12;"Okres Bratislava I";"SK0101";16;144;160
2020-11-12;"Okres Bratislava II";"SK0102";16;386;402
2020-11-12;"Okres Bratislava III";"SK0103";11;151;162
2020-11-12;"Okres Bratislava IV";"SK0104";19;186;205
2020-11-12;"Okres Bratislava V";"SK0105";23;214;237
2020-11-12;"Okres Brezno";"SK0323";31;77;108
2020-11-12;"Okres Bytča";"SK0311";10;27;37
2020-11-12;"Okres Čadca";"SK0312";97;122;219
2020-11-12;"Okres Detva";"SK0324";15;64;79
2020-11-12;"Okres Dolný Kubín";"SK0313";5;27;32
2020-11-12;"Okres Dunajská Streda";"SK0211";33;146;179
2020-11-12;"Okres Galanta";"SK0212";37;185;222
2020-11-12;"Okres Gelnica";"SK0421";3;35;38
2020-11-12;"Okres Hlohovec";"SK0213";10;30;40
2020-11-12;"Okres Humenné";"SK0412";53;91;144
2020-11-12;"Okres Ilava";"SK0222";35;76;111
2020-11-12;"Okres Kežmarok";"SK0413";37;133;170
2020-11-12;"Okres Komárno";"SK0231";65;144;209
2020-11-12;"Okres Košice - okolie";"SK0426";24;122;146
2020-11-12;"Okres Košice I";"SK0422";2;18;20
2020-11-12;"Okres Košice II";"SK0423";6;24;30
2020-11-12;"Okres Košice III";"SK0424";0;8;8
2020-11-12;"Okres Košice IV";"SK0425";1;12;13
2020-11-12;"Okres Krupina";"SK0325";7;22;29
2020-11-12;"Okres Kysucké Nové Mesto";"SK0314";14;31;45
2020-11-12;"Okres Levice";"SK0232";38;193;231
2020-11-12;"Okres Levoča";"SK0414";15;34;49
2020-11-12;"Okres Liptovský Mikuláš";"SK0315";37;51;88
2020-11-12;"Okres Lučenec";"SK0326";12;75;87
2020-11-12;"Okres Malacky";"SK0106";13;99;112
2020-11-12;"Okres Martin";"SK0316";44;109;153
2020-11-12;"Okres Medzilaborce";"SK0415";6;21;27
2020-11-12;"Okres Michalovce";"SK0427";43;110;153
2020-11-12;"Okres Myjava";"SK0223";5;18;23
2020-11-12;"Okres Námestovo";"SK0317";15;37;52
2020-11-12;"Okres Nitra";"SK0233";77;207;284
2020-11-12;"Okres Nové Mesto nad Váhom";"SK0224";16;40;56
2020-11-12;"Okres Nové Zámky";"SK0234";65;188;253
2020-11-12;"Okres Partizánske";"SK0225";41;67;108
2020-11-12;"Okres Pezinok";"SK0107";15;73;88
2020-11-12;"Okres Piešťany";"SK0214";24;82;106
2020-11-12;"Okres Poltár";"SK0327";6;24;30
2020-11-12;"Okres Poprad";"SK0416";51;178;229
2020-11-12;"Okres Považská Bystrica";"SK0226";33;44;77
2020-11-12;"Okres Prešov";"SK0417";80;239;319
2020-11-12;"Okres Prievidza";"SK0227";102;296;398
2020-11-12;"Okres Púchov";"SK0228";23;69;92
2020-11-12;"Okres Revúca";"SK0328";6;12;18
2020-11-12;"Okres Rimavská Sobota";"SK0329";54;49;103
2020-11-12;"Okres Rožňava";"SK0428";32;69;101
2020-11-12;"Okres Ružomberok";"SK0318";25;97;122
2020-11-12;"Okres Sabinov";"SK0418";28;108;136
2020-11-12;"Okres Senec";"SK0108";16;128;144
2020-11-12;"Okres Senica";"SK0215";6;33;39
2020-11-12;"Okres Skalica";"SK0216";9;30;39
2020-11-12;"Okres Snina";"SK0419";9;29;38
2020-11-12;"Okres Sobrance";"SK0429";5;14;19
2020-11-12;"Okres Spišská Nová Ves";"SK042A";25;73;98
2020-11-12;"Okres Stará Ľubovňa";"SK041A";62;203;265
2020-11-12;"Okres Stropkov";"SK041B";5;28;33
2020-11-12;"Okres Svidník";"SK041C";8;55;63
2020-11-12;"Okres Šaľa";"SK0235";11;78;89
2020-11-12;"Okres Topoľčany";"SK0236";31;124;155
2020-11-12;"Okres Trebišov";"SK042B";49;129;178
2020-11-12;"Okres Trenčín";"SK0229";69;313;382
2020-11-12;"Okres Trnava";"SK0217";42;232;274
2020-11-12;"Okres Turčianske Teplice";"SK0319";2;17;19
2020-11-12;"Okres Tvrdošín";"SK031A";11;16;27
2020-11-12;"Okres Veľký Krtíš";"SK032A";4;41;45
2020-11-12;"Okres Vranov nad Topľou";"SK041D";78;99;177
2020-11-12;"Okres Zlaté Moravce";"SK0237";12;67;79
2020-11-12;"Okres Zvolen";"SK032B";23;115;138
2020-11-12;"Okres Žarnovica";"SK032C";3;39;42
2020-11-12;"Okres Žiar nad Hronom";"SK032D";10;31;41
2020-11-12;"Okres Žilina";"SK031B";68;153;221
2020-11-12;NA;"?";35;306;341
2020-11-11;"Neznáme";"SK000";198;880;1078
2020-11-11;"Okres Bánovce nad Bebravou";"SK0221";12;81;93
2020-11-11;"Okres Banská Bystrica";"SK0321";44;217;261
2020-11-11;"Okres Banská Štiavnica";"SK0322";4;16;20
2020-11-11;"Okres Bardejov";"SK0411";53;88;141
2020-11-11;"Okres Bratislava I";"SK0101";8;146;154
2020-11-11;"Okres Bratislava II";"SK0102";22;317;339
2020-11-11;"Okres Bratislava III";"SK0103";9;158;167
2020-11-11;"Okres Bratislava IV";"SK0104";20;180;200
2020-11-11;"Okres Bratislava V";"SK0105";23;171;194
2020-11-11;"Okres Brezno";"SK0323";13;51;64
2020-11-11;"Okres Bytča";"SK0311";32;54;86
2020-11-11;"Okres Čadca";"SK0312";107;242;349
2020-11-11;"Okres Detva";"SK0324";16;40;56
2020-11-11;"Okres Dolný Kubín";"SK0313";5;27;32
2020-11-11;"Okres Dunajská Streda";"SK0211";121;253;374
2020-11-11;"Okres Galanta";"SK0212";21;124;145
2020-11-11;"Okres Gelnica";"SK0421";7;27;34
2020-11-11;"Okres Hlohovec";"SK0213";16;51;67
2020-11-11;"Okres Humenné";"SK0412";11;59;70
2020-11-11;"Okres Ilava";"SK0222";44;158;202
2020-11-11;"Okres Kežmarok";"SK0413";29;112;141
2020-11-11;"Okres Komárno";"SK0231";63;100;163
2020-11-11;"Okres Košice - okolie";"SK0426";30;98;128
2020-11-11;"Okres Košice I";"SK0422";10;21;31
2020-11-11;"Okres Košice II";"SK0423";22;34;56
2020-11-11;"Okres Košice III";"SK0424";6;15;21
2020-11-11;"Okres Košice IV";"SK0425";2;16;18
2020-11-11;"Okres Krupina";"SK0325";10;55;65
2020-11-11;"Okres Kysucké Nové Mesto";"SK0314";26;99;125
2020-11-11;"Okres Levice";"SK0232";36;129;165
2020-11-11;"Okres Levoča";"SK0414";25;87;112
2020-11-11;"Okres Liptovský Mikuláš";"SK0315";61;116;177
2020-11-11;"Okres Lučenec";"SK0326";22;68;90
2020-11-11;"Okres Malacky";"SK0106";15;75;90
2020-11-11;"Okres Martin";"SK0316";62;163;225
2020-11-11;"Okres Medzilaborce";"SK0415";2;13;15
2020-11-11;"Okres Michalovce";"SK0427";61;134;195
2020-11-11;"Okres Myjava";"SK0223";11;32;43
2020-11-11;"Okres Námestovo";"SK0317";10;36;46
2020-11-11;"Okres Nitra";"SK0233";79;259;338
2020-11-11;"Okres Nové Mesto nad Váhom";"SK0224";43;124;167
2020-11-11;"Okres Nové Zámky";"SK0234";57;121;178
2020-11-11;"Okres Partizánske";"SK0225";36;38;74
2020-11-11;"Okres Pezinok";"SK0107";24;100;124
2020-11-11;"Okres Piešťany";"SK0214";35;106;141
2020-11-11;"Okres Poltár";"SK0327";5;25;30
2020-11-11;"Okres Poprad";"SK0416";68;183;251
2020-11-11;"Okres Považská Bystrica";"SK0226";80;138;218
2020-11-11;"Okres Prešov";"SK0417";164;400;564
2020-11-11;"Okres Prievidza";"SK0227";31;143;174
2020-11-11;"Okres Púchov";"SK0228";72;125;197
2020-11-11;"Okres Revúca";"SK0328";6;23;29
2020-11-11;"Okres Rimavská Sobota";"SK0329";50;154;204
2020-11-11;"Okres Rožňava";"SK0428";16;32;48
2020-11-11;"Okres Ružomberok";"SK0318";43;66;109
2020-11-11;"Okres Sabinov";"SK0418";64;143;207
2020-11-11;"Okres Senec";"SK0108";24;149;173
2020-11-11;"Okres Senica";"SK0215";12;48;60
2020-11-11;"Okres Skalica";"SK0216";17;49;66
2020-11-11;"Okres Snina";"SK0419";20;68;88
2020-11-11;"Okres Sobrance";"SK0429";9;31;40
2020-11-11;"Okres Spišská Nová Ves";"SK042A";65;224;289
2020-11-11;"Okres Stará Ľubovňa";"SK041A";52;136;188
2020-11-11;"Okres Stropkov";"SK041B";12;50;62
2020-11-11;"Okres Svidník";"SK041C";14;77;91
2020-11-11;"Okres Šaľa";"SK0235";14;43;57
2020-11-11;"Okres Topoľčany";"SK0236";37;103;140
2020-11-11;"Okres Trebišov";"SK042B";52;149;201
2020-11-11;"Okres Trenčín";"SK0229";58;268;326
2020-11-11;"Okres Trnava";"SK0217";40;203;243
2020-11-11;"Okres Turčianske Teplice";"SK0319";7;25;32
2020-11-11;"Okres Tvrdošín";"SK031A";7;25;32
2020-11-11;"Okres Veľký Krtíš";"SK032A";14;61;75
2020-11-11;"Okres Vranov nad Topľou";"SK041D";67;159;226
2020-11-11;"Okres Zlaté Moravce";"SK0237";9;28;37
2020-11-11;"Okres Zvolen";"SK032B";32;110;142
2020-11-11;"Okres Žarnovica";"SK032C";15;53;68
2020-11-11;"Okres Žiar nad Hronom";"SK032D";10;68;78
2020-11-11;"Okres Žilina";"SK031B";116;184;300
2020-11-11;NA;"?";55;238;293
2020-11-10;"Neznáme";"SK000";199;1052;1251
2020-11-10;"Okres Bánovce nad Bebravou";"SK0221";7;59;66
2020-11-10;"Okres Banská Bystrica";"SK0321";46;144;190
2020-11-10;"Okres Banská Štiavnica";"SK0322";7;17;24
2020-11-10;"Okres Bardejov";"SK0411";39;106;145
2020-11-10;"Okres Bratislava I";"SK0101";10;195;205
2020-11-10;"Okres Bratislava II";"SK0102";18;408;426
2020-11-10;"Okres Bratislava III";"SK0103";14;220;234
2020-11-10;"Okres Bratislava IV";"SK0104";20;247;267
2020-11-10;"Okres Bratislava V";"SK0105";27;301;328
2020-11-10;"Okres Brezno";"SK0323";25;46;71
2020-11-10;"Okres Bytča";"SK0311";17;27;44
2020-11-10;"Okres Čadca";"SK0312";73;121;194
2020-11-10;"Okres Detva";"SK0324";78;101;179
2020-11-10;"Okres Dolný Kubín";"SK0313";2;13;15
2020-11-10;"Okres Dunajská Streda";"SK0211";51;150;201
2020-11-10;"Okres Galanta";"SK0212";12;136;148
2020-11-10;"Okres Gelnica";"SK0421";7;58;65
2020-11-10;"Okres Hlohovec";"SK0213";11;46;57
2020-11-10;"Okres Humenné";"SK0412";13;59;72
2020-11-10;"Okres Ilava";"SK0222";27;114;141
2020-11-10;"Okres Kežmarok";"SK0413";19;124;143
2020-11-10;"Okres Komárno";"SK0231";36;120;156
2020-11-10;"Okres Košice - okolie";"SK0426";20;117;137
2020-11-10;"Okres Košice I";"SK0422";1;14;15
2020-11-10;"Okres Košice II";"SK0423";0;18;18
2020-11-10;"Okres Košice III";"SK0424";2;9;11
2020-11-10;"Okres Košice IV";"SK0425";1;3;4
2020-11-10;"Okres Krupina";"SK0325";8;232;240
2020-11-10;"Okres Kysucké Nové Mesto";"SK0314";22;83;105
2020-11-10;"Okres Levice";"SK0232";22;124;146
2020-11-10;"Okres Levoča";"SK0414";18;38;56
2020-11-10;"Okres Liptovský Mikuláš";"SK0315";2;30;32
2020-11-10;"Okres Lučenec";"SK0326";41;114;155
2020-11-10;"Okres Malacky";"SK0106";18;89;107
2020-11-10;"Okres Martin";"SK0316";85;196;281
2020-11-10;"Okres Medzilaborce";"SK0415";8;19;27
2020-11-10;"Okres Michalovce";"SK0427";26;98;124
2020-11-10;"Okres Myjava";"SK0223";13;30;43
2020-11-10;"Okres Námestovo";"SK0317";25;167;192
2020-11-10;"Okres Nitra";"SK0233";53;314;367
2020-11-10;"Okres Nové Mesto nad Váhom";"SK0224";31;111;142
2020-11-10;"Okres Nové Zámky";"SK0234";35;145;180
2020-11-10;"Okres Partizánske";"SK0225";15;55;70
2020-11-10;"Okres Pezinok";"SK0107";15;115;130
2020-11-10;"Okres Piešťany";"SK0214";34;114;148
2020-11-10;"Okres Poltár";"SK0327";7;48;55
2020-11-10;"Okres Poprad";"SK0416";44;182;226
2020-11-10;"Okres Považská Bystrica";"SK0226";56;138;194
2020-11-10;"Okres Prešov";"SK0417";181;664;845
2020-11-10;"Okres Prievidza";"SK0227";53;186;239
2020-11-10;"Okres Púchov";"SK0228";39;78;117
2020-11-10;"Okres Revúca";"SK0328";10;48;58
2020-11-10;"Okres Rimavská Sobota";"SK0329";50;84;134
2020-11-10;"Okres Rožňava";"SK0428";10;119;129
2020-11-10;"Okres Ružomberok";"SK0318";16;88;104
2020-11-10;"Okres Sabinov";"SK0418";100;279;379
2020-11-10;"Okres Senec";"SK0108";16;214;230
2020-11-10;"Okres Senica";"SK0215";8;29;37
2020-11-10;"Okres Skalica";"SK0216";17;22;39
2020-11-10;"Okres Snina";"SK0419";11;60;71
2020-11-10;"Okres Sobrance";"SK0429";4;17;21
2020-11-10;"Okres Spišská Nová Ves";"SK042A";37;194;231
2020-11-10;"Okres Stará Ľubovňa";"SK041A";19;107;126
2020-11-10;"Okres Stropkov";"SK041B";14;67;81
2020-11-10;"Okres Svidník";"SK041C";36;101;137
2020-11-10;"Okres Šaľa";"SK0235";10;74;84
2020-11-10;"Okres Topoľčany";"SK0236";19;79;98
2020-11-10;"Okres Trebišov";"SK042B";75;230;305
2020-11-10;"Okres Trenčín";"SK0229";43;194;237
2020-11-10;"Okres Trnava";"SK0217";36;217;253
2020-11-10;"Okres Turčianske Teplice";"SK0319";21;33;54
2020-11-10;"Okres Tvrdošín";"SK031A";3;24;27
2020-11-10;"Okres Veľký Krtíš";"SK032A";4;40;44
2020-11-10;"Okres Vranov nad Topľou";"SK041D";46;80;126
2020-11-10;"Okres Zlaté Moravce";"SK0237";8;96;104
2020-11-10;"Okres Zvolen";"SK032B";16;100;116
2020-11-10;"Okres Žarnovica";"SK032C";6;27;33
2020-11-10;"Okres Žiar nad Hronom";"SK032D";7;103;110
2020-11-10;"Okres Žilina";"SK031B";86;216;302
2020-11-10;NA;"?";31;240;271
