"Date";"District";"Ag_Neg";"Ag_Pos";"Total";"District_code"
2020-06-01;"Okres Senica";2;0;2;"SK0215"
2020-11-03;"Okres Bratislava I";4;0;4;"SK0101"
2020-11-04;"Okres Žilina";10;0;10;"SK031B"
2020-11-05;"Okres Zlaté Moravce";1;0;1;"SK0237"
2020-11-09;"Okres Bratislava I";7;0;7;"SK0101"
2020-11-16;"Okres Hlohovec";50;0;50;"SK0213"
2020-11-16;"Okres Košice - okolie";65;3;68;"SK0426"
2020-11-16;"Okres Krupina";28;0;28;"SK0325"
2020-11-16;"Okres Poltár";17;0;17;"SK0327"
2020-11-16;"Okres Snina";131;5;136;"SK0419"
2020-11-16;"Okres Šaľa";41;0;41;"SK0235"
2020-11-17;"Okres Snina";42;4;46;"SK0419"
2020-11-18;"Okres Hlohovec";86;7;93;"SK0213"
2020-11-18;"Okres Humenné";10;0;10;"SK0412"
2020-11-18;"Okres Krupina";79;0;79;"SK0325"
2020-11-18;"Okres Poltár";32;3;35;"SK0327"
2020-11-18;"Okres Snina";80;7;87;"SK0419"
2020-11-18;"Okres Šaľa";92;1;93;"SK0235"
2020-11-18;"Okres Zlaté Moravce";13;1;14;"SK0237"
2020-11-19;"Okres Hlohovec";129;6;135;"SK0213"
2020-11-19;"Okres Humenné";0;4;4;"SK0412"
2020-11-19;"Okres Košice - okolie";88;8;96;"SK0426"
2020-11-19;"Okres Krupina";54;0;54;"SK0325"
2020-11-19;"Okres Poltár";52;0;52;"SK0327"
2020-11-19;"Okres Snina";48;3;51;"SK0419"
2020-11-19;"Okres Šaľa";96;0;96;"SK0235"
2020-11-19;"Okres Zlaté Moravce";16;1;17;"SK0237"
2020-11-20;"Okres Bratislava II";0;0;0;"SK0102"
2020-11-20;"Okres Bratislava IV";7;0;7;"SK0104"
2020-11-20;"Okres Hlohovec";127;3;130;"SK0213"
2020-11-20;"Okres Humenné";3;0;3;"SK0412"
2020-11-20;"Okres Košice - okolie";95;4;99;"SK0426"
2020-11-20;"Okres Krupina";93;0;93;"SK0325"
2020-11-20;"Okres Poltár";40;2;42;"SK0327"
2020-11-20;"Okres Snina";97;3;100;"SK0419"
2020-11-20;"Okres Šaľa";118;2;120;"SK0235"
2020-11-20;"Okres Zlaté Moravce";42;0;42;"SK0237"
2020-11-21;"Okres Snina";54;5;59;"SK0419"
2020-11-23;"Okres Bratislava I";6;0;6;"SK0101"
2020-11-23;"Okres Hlohovec";186;4;190;"SK0213"
2020-11-23;"Okres Humenné";3;0;3;"SK0412"
2020-11-23;"Okres Komárno";26;0;26;"SK0231"
2020-11-23;"Okres Košice - okolie";196;9;205;"SK0426"
2020-11-23;"Okres Krupina";106;1;107;"SK0325"
2020-11-23;"Okres Poltár";186;2;188;"SK0327"
2020-11-23;"Okres Snina";79;3;82;"SK0419"
2020-11-23;"Okres Šaľa";252;2;254;"SK0235"
2020-11-23;"Okres Zlaté Moravce";28;1;29;"SK0237"
2020-11-24;"Okres Hlohovec";137;5;142;"SK0213"
2020-11-24;"Okres Humenné";0;0;0;"SK0412"
2020-11-24;"Okres Komárno";48;5;53;"SK0231"
2020-11-24;"Okres Košice - okolie";105;3;108;"SK0426"
2020-11-24;"Okres Krupina";105;1;106;"SK0325"
2020-11-24;"Okres Poltár";199;1;200;"SK0327"
2020-11-24;"Okres Ružomberok";141;0;141;"SK0318"
2020-11-24;"Okres Snina";70;16;86;"SK0419"
2020-11-24;"Okres Šaľa";170;1;171;"SK0235"
2020-11-24;"Okres Zlaté Moravce";33;0;33;"SK0237"
2020-11-25;"Okres Bratislava II";37;1;38;"SK0102"
2020-11-25;"Okres Hlohovec";139;2;141;"SK0213"
2020-11-25;"Okres Humenné";0;2;2;"SK0412"
2020-11-25;"Okres Komárno";75;12;87;"SK0231"
2020-11-25;"Okres Košice - okolie";121;1;122;"SK0426"
2020-11-25;"Okres Krupina";62;1;63;"SK0325"
2020-11-25;"Okres Pezinok";73;6;79;"SK0107"
2020-11-25;"Okres Poltár";65;1;66;"SK0327"
2020-11-25;"Okres Snina";126;16;142;"SK0419"
2020-11-25;"Okres Šaľa";198;4;202;"SK0235"
2020-11-25;"Okres Zlaté Moravce";51;1;52;"SK0237"
2020-11-26;"Okres Banská Bystrica";142;2;144;"SK0321"
2020-11-26;"Okres Bratislava II";4;0;4;"SK0102"
2020-11-26;"Okres Hlohovec";138;9;147;"SK0213"
2020-11-26;"Okres Humenné";5;0;5;"SK0412"
2020-11-26;"Okres Komárno";114;12;126;"SK0231"
2020-11-26;"Okres Košice - okolie";144;5;149;"SK0426"
2020-11-26;"Okres Krupina";79;0;79;"SK0325"
2020-11-26;"Okres Pezinok";122;7;129;"SK0107"
2020-11-26;"Okres Poltár";36;0;36;"SK0327"
2020-11-26;"Okres Ružomberok";3;0;3;"SK0318"
2020-11-26;"Okres Snina";116;15;131;"SK0419"
2020-11-26;"Okres Šaľa";185;5;190;"SK0235"
2020-11-26;"Okres Zlaté Moravce";81;4;85;"SK0237"
2020-11-27;"Okres Banská Bystrica";147;3;150;"SK0321"
2020-11-27;"Okres Bratislava II";13;0;13;"SK0102"
2020-11-27;"Okres Hlohovec";188;2;190;"SK0213"
2020-11-27;"Okres Humenné";5;0;5;"SK0412"
2020-11-27;"Okres Komárno";105;4;109;"SK0231"
2020-11-27;"Okres Košice - okolie";192;4;196;"SK0426"
2020-11-27;"Okres Krupina";115;0;115;"SK0325"
2020-11-27;"Okres Pezinok";240;8;248;"SK0107"
2020-11-27;"Okres Poltár";74;0;74;"SK0327"
2020-11-27;"Okres Prievidza";304;15;319;"SK0227"
2020-11-27;"Okres Ružomberok";3;0;3;"SK0318"
2020-11-27;"Okres Snina";134;9;143;"SK0419"
2020-11-27;"Okres Šaľa";272;2;274;"SK0235"
2020-11-27;"Okres Topoľčany";1;0;1;"SK0236"
2020-11-27;"Okres Zlaté Moravce";138;8;146;"SK0237"
2020-11-28;"Okres Banská Bystrica";117;3;120;"SK0321"
2020-11-28;"Okres Bratislava II";9;0;9;"SK0102"
2020-11-28;"Okres Bratislava III";4;0;4;"SK0103"
2020-11-28;"Okres Snina";82;13;95;"SK0419"
2020-11-28;"Okres Zvolen";12;4;16;"SK032B"
2020-11-29;"Okres Banská Bystrica";97;3;100;"SK0321"
2020-11-29;"Okres Bratislava II";3;0;3;"SK0102"
2020-11-29;"Okres Bratislava III";5;0;5;"SK0103"
2020-11-30;"Okres Banská Bystrica";1691;28;1719;"SK0321"
2020-11-30;"Okres Bardejov";391;4;395;"SK0411"
2020-11-30;"Okres Bratislava I";85;0;85;"SK0101"
2020-11-30;"Okres Bratislava II";493;29;522;"SK0102"
2020-11-30;"Okres Bratislava III";976;37;1013;"SK0103"
2020-11-30;"Okres Bratislava V";0;0;0;"SK0105"
2020-11-30;"Okres Brezno";244;35;279;"SK0323"
2020-11-30;"Okres Čadca";49;10;59;"SK0312"
2020-11-30;"Okres Detva";1239;145;1384;"SK0324"
2020-11-30;"Okres Dolný Kubín";1357;119;1476;"SK0313"
2020-11-30;"Okres Dunajská Streda";345;28;373;"SK0211"
2020-11-30;"Okres Galanta";483;27;510;"SK0212"
2020-11-30;"Okres Gelnica";74;10;84;"SK0421"
2020-11-30;"Okres Hlohovec";5425;79;5504;"SK0213"
2020-11-30;"Okres Humenné";10;1;11;"SK0412"
2020-11-30;"Okres Ilava";297;16;313;"SK0222"
2020-11-30;"Okres Kežmarok";60;0;60;"SK0413"
2020-11-30;"Okres Komárno";798;78;876;"SK0231"
2020-11-30;"Okres Košice - okolie";242;14;256;"SK0426"
2020-11-30;"Okres Košice I";2125;9;2134;"SK0422"
2020-11-30;"Okres Košice II";197;1;198;"SK0423"
2020-11-30;"Okres Košice IV";329;2;331;"SK0425"
2020-11-30;"Okres Krupina";490;32;522;"SK0325"
2020-11-30;"Okres Levice";2210;30;2240;"SK0232"
2020-11-30;"Okres Levoča";81;9;90;"SK0414"
2020-11-30;"Okres Lučenec";30;1;31;"SK0326"
2020-11-30;"Okres Martin";766;56;822;"SK0316"
2020-11-30;"Okres Michalovce";40;9;49;"SK0427"
2020-11-30;"Okres Myjava";9199;204;9403;"SK0223"
2020-11-30;"Okres Námestovo";97;4;101;"SK0317"
2020-11-30;"Okres Nitra";430;38;468;"SK0233"
2020-11-30;"Okres Nové Mesto nad Váhom";3;1;4;"SK0224"
2020-11-30;"Okres Nové Zámky";205;21;226;"SK0234"
2020-11-30;"Okres Partizánske";1;0;1;"SK0225"
2020-11-30;"Okres Pezinok";304;33;337;"SK0107"
2020-11-30;"Okres Piešťany";445;9;454;"SK0214"
2020-11-30;"Okres Poltár";103;3;106;"SK0327"
2020-11-30;"Okres Poprad";88;4;92;"SK0416"
2020-11-30;"Okres Považská Bystrica";2;0;2;"SK0226"
2020-11-30;"Okres Prešov";4457;44;4501;"SK0417"
2020-11-30;"Okres Prievidza";518;121;639;"SK0227"
2020-11-30;"Okres Púchov";33;0;33;"SK0228"
2020-11-30;"Okres Revúca";104;1;105;"SK0328"
2020-11-30;"Okres Rimavská Sobota";690;3;693;"SK0329"
2020-11-30;"Okres Rožňava";353;4;357;"SK0428"
2020-11-30;"Okres Ružomberok";1885;77;1962;"SK0318"
2020-11-30;"Okres Sabinov";129;10;139;"SK0418"
2020-11-30;"Okres Senec";588;44;632;"SK0108"
2020-11-30;"Okres Senica";202;19;221;"SK0215"
2020-11-30;"Okres Skalica";15;1;16;"SK0216"
2020-11-30;"Okres Snina";342;32;374;"SK0419"
2020-11-30;"Okres Sobrance";96;6;102;"SK0429"
2020-11-30;"Okres Spišská Nová Ves";298;7;305;"SK042A"
2020-11-30;"Okres Svidník";50;1;51;"SK041C"
2020-11-30;"Okres Šaľa";329;9;338;"SK0235"
2020-11-30;"Okres Topoľčany";106;3;109;"SK0236"
2020-11-30;"Okres Trebišov";12;0;12;"SK042B"
2020-11-30;"Okres Trenčín";4386;275;4661;"SK0229"
2020-11-30;"Okres Trnava";445;23;468;"SK0217"
2020-11-30;"Okres Tvrdošín";95;10;105;"SK031A"
2020-11-30;"Okres Zlaté Moravce";175;10;185;"SK0237"
2020-11-30;"Okres Zvolen";565;17;582;"SK032B"
2020-11-30;"Okres Žilina";1336;47;1383;"SK031B"
2020-12-01;"Okres Bánovce nad Bebravou";271;32;303;"SK0221"
2020-12-01;"Okres Banská Bystrica";525;33;558;"SK0321"
2020-12-01;"Okres Bardejov";276;0;276;"SK0411"
2020-12-01;"Okres Bratislava I";170;2;172;"SK0101"
2020-12-01;"Okres Bratislava II";1818;57;1875;"SK0102"
2020-12-01;"Okres Bratislava III";1176;45;1221;"SK0103"
2020-12-01;"Okres Bratislava V";1104;63;1167;"SK0105"
2020-12-01;"Okres Detva";139;16;155;"SK0324"
2020-12-01;"Okres Dolný Kubín";105;7;112;"SK0313"
2020-12-01;"Okres Dunajská Streda";333;48;381;"SK0211"
2020-12-01;"Okres Galanta";902;48;950;"SK0212"
2020-12-01;"Okres Gelnica";40;3;43;"SK0421"
2020-12-01;"Okres Hlohovec";270;15;285;"SK0213"
2020-12-01;"Okres Humenné";309;7;316;"SK0412"
2020-12-01;"Okres Ilava";4038;114;4152;"SK0222"
2020-12-01;"Okres Kežmarok";210;34;244;"SK0413"
2020-12-01;"Okres Komárno";1038;38;1076;"SK0231"
2020-12-01;"Okres Košice - okolie";119;1;120;"SK0426"
2020-12-01;"Okres Košice I";57;0;57;"SK0422"
2020-12-01;"Okres Košice II";421;10;431;"SK0423"
2020-12-01;"Okres Košice IV";36;0;36;"SK0425"
2020-12-01;"Okres Krupina";385;2;387;"SK0325"
2020-12-01;"Okres Levice";662;31;693;"SK0232"
2020-12-01;"Okres Levoča";105;9;114;"SK0414"
2020-12-01;"Okres Lučenec";627;40;667;"SK0326"
2020-12-01;"Okres Martin";3264;152;3416;"SK0316"
2020-12-01;"Okres Medzilaborce";72;4;76;"SK0415"
2020-12-01;"Okres Michalovce";462;57;519;"SK0427"
2020-12-01;"Okres Myjava";192;24;216;"SK0223"
2020-12-01;"Okres Námestovo";99;2;101;"SK0317"
2020-12-01;"Okres Nitra";162;10;172;"SK0233"
2020-12-01;"Okres Nové Mesto nad Váhom";243;17;260;"SK0224"
2020-12-01;"Okres Nové Zámky";181;21;202;"SK0234"
2020-12-01;"Okres Partizánske";197;50;247;"SK0225"
2020-12-01;"Okres Pezinok";475;31;506;"SK0107"
2020-12-01;"Okres Piešťany";198;6;204;"SK0214"
2020-12-01;"Okres Poltár";84;3;87;"SK0327"
2020-12-01;"Okres Poprad";519;44;563;"SK0416"
2020-12-01;"Okres Považská Bystrica";2;0;2;"SK0226"
2020-12-01;"Okres Prešov";916;107;1023;"SK0417"
2020-12-01;"Okres Prievidza";530;179;709;"SK0227"
2020-12-01;"Okres Púchov";4;0;4;"SK0228"
2020-12-01;"Okres Revúca";502;2;504;"SK0328"
2020-12-01;"Okres Rimavská Sobota";252;16;268;"SK0329"
2020-12-01;"Okres Rožňava";308;10;318;"SK0428"
2020-12-01;"Okres Ružomberok";351;18;369;"SK0318"
2020-12-01;"Okres Senec";502;18;520;"SK0108"
2020-12-01;"Okres Senica";152;11;163;"SK0215"
2020-12-01;"Okres Skalica";235;26;261;"SK0216"
2020-12-01;"Okres Snina";134;9;143;"SK0419"
2020-12-01;"Okres Sobrance";90;7;97;"SK0429"
2020-12-01;"Okres Spišská Nová Ves";289;23;312;"SK042A"
2020-12-01;"Okres Svidník";13;1;14;"SK041C"
2020-12-01;"Okres Šaľa";262;15;277;"SK0235"
2020-12-01;"Okres Topoľčany";113;7;120;"SK0236"
2020-12-01;"Okres Trebišov";539;13;552;"SK042B"
2020-12-01;"Okres Trenčín";476;23;499;"SK0229"
2020-12-01;"Okres Trnava";1199;54;1253;"SK0217"
2020-12-01;"Okres Tvrdošín";53;4;57;"SK031A"
2020-12-01;"Okres Veľký Krtíš";222;21;243;"SK032A"
2020-12-01;"Okres Vranov nad Topľou";177;48;225;"SK041D"
2020-12-01;"Okres Zlaté Moravce";480;10;490;"SK0237"
2020-12-01;"Okres Zvolen";228;7;235;"SK032B"
2020-12-01;"Okres Žiar nad Hronom";194;4;198;"SK032D"
2020-12-01;"Okres Žilina";2709;129;2838;"SK031B"
2020-12-02;"Okres Bánovce nad Bebravou";194;30;224;"SK0221"
2020-12-02;"Okres Banská Bystrica";2835;112;2947;"SK0321"
2020-12-02;"Okres Bardejov";509;12;521;"SK0411"
2020-12-02;"Okres Bratislava I";350;0;350;"SK0101"
2020-12-02;"Okres Bratislava II";1822;48;1870;"SK0102"
2020-12-02;"Okres Bratislava III";1176;23;1199;"SK0103"
2020-12-02;"Okres Bratislava IV";3;0;3;"SK0104"
2020-12-02;"Okres Bratislava V";499;11;510;"SK0105"
2020-12-02;"Okres Brezno";0;0;0;"SK0323"
2020-12-02;"Okres Čadca";34;8;42;"SK0312"
2020-12-02;"Okres Detva";144;14;158;"SK0324"
2020-12-02;"Okres Dolný Kubín";64;4;68;"SK0313"
2020-12-02;"Okres Dunajská Streda";371;30;401;"SK0211"
2020-12-02;"Okres Galanta";713;40;753;"SK0212"
2020-12-02;"Okres Gelnica";51;9;60;"SK0421"
2020-12-02;"Okres Hlohovec";285;14;299;"SK0213"
2020-12-02;"Okres Humenné";405;33;438;"SK0412"
2020-12-02;"Okres Ilava";227;38;265;"SK0222"
2020-12-02;"Okres Kežmarok";356;36;392;"SK0413"
2020-12-02;"Okres Komárno";536;22;558;"SK0231"
2020-12-02;"Okres Košice - okolie";133;10;143;"SK0426"
2020-12-02;"Okres Košice I";1206;50;1256;"SK0422"
2020-12-02;"Okres Košice II";517;8;525;"SK0423"
2020-12-02;"Okres Košice III";22390;1860;24250;"SK0424"
2020-12-02;"Okres Košice IV";1898;4;1902;"SK0425"
2020-12-02;"Okres Krupina";164;7;171;"SK0325"
2020-12-02;"Okres Levice";548;21;569;"SK0232"
2020-12-02;"Okres Levoča";209;12;221;"SK0414"
2020-12-02;"Okres Lučenec";229;7;236;"SK0326"
2020-12-02;"Okres Martin";1315;52;1367;"SK0316"
2020-12-02;"Okres Medzilaborce";24;0;24;"SK0415"
2020-12-02;"Okres Michalovce";377;31;408;"SK0427"
2020-12-02;"Okres Myjava";120;7;127;"SK0223"
2020-12-02;"Okres Námestovo";58;3;61;"SK0317"
2020-12-02;"Okres Nitra";1887;91;1978;"SK0233"
2020-12-02;"Okres Nové Mesto nad Váhom";208;17;225;"SK0224"
2020-12-02;"Okres Nové Zámky";184;15;199;"SK0234"
2020-12-02;"Okres Partizánske";110;21;131;"SK0225"
2020-12-02;"Okres Pezinok";457;18;475;"SK0107"
2020-12-02;"Okres Piešťany";790;12;802;"SK0214"
2020-12-02;"Okres Poltár";95;12;107;"SK0327"
2020-12-02;"Okres Poprad";596;59;655;"SK0416"
2020-12-02;"Okres Prešov";836;44;880;"SK0417"
2020-12-02;"Okres Prievidza";860;113;973;"SK0227"
2020-12-02;"Okres Púchov";5;0;5;"SK0228"
2020-12-02;"Okres Revúca";379;4;383;"SK0328"
2020-12-02;"Okres Rimavská Sobota";554;24;578;"SK0329"
2020-12-02;"Okres Rožňava";59;1;60;"SK0428"
2020-12-02;"Okres Ružomberok";76;4;80;"SK0318"
2020-12-02;"Okres Sabinov";193;15;208;"SK0418"
2020-12-02;"Okres Senec";468;18;486;"SK0108"
2020-12-02;"Okres Senica";147;19;166;"SK0215"
2020-12-02;"Okres Skalica";129;20;149;"SK0216"
2020-12-02;"Okres Snina";188;24;212;"SK0419"
2020-12-02;"Okres Sobrance";59;2;61;"SK0429"
2020-12-02;"Okres Spišská Nová Ves";159;4;163;"SK042A"
2020-12-02;"Okres Svidník";42;4;46;"SK041C"
2020-12-02;"Okres Šaľa";284;8;292;"SK0235"
2020-12-02;"Okres Topoľčany";108;1;109;"SK0236"
2020-12-02;"Okres Trebišov";135;6;141;"SK042B"
2020-12-02;"Okres Trenčín";510;58;568;"SK0229"
2020-12-02;"Okres Trnava";2498;49;2547;"SK0217"
2020-12-02;"Okres Tvrdošín";64;3;67;"SK031A"
2020-12-02;"Okres Veľký Krtíš";148;6;154;"SK032A"
2020-12-02;"Okres Vranov nad Topľou";198;31;229;"SK041D"
2020-12-02;"Okres Zlaté Moravce";299;7;306;"SK0237"
2020-12-02;"Okres Zvolen";202;6;208;"SK032B"
2020-12-02;"Okres Žiar nad Hronom";283;18;301;"SK032D"
2020-12-02;"Okres Žilina";300;16;316;"SK031B"
2020-12-03;"Okres Bánovce nad Bebravou";198;32;230;"SK0221"
2020-12-03;"Okres Banská Bystrica";493;40;533;"SK0321"
2020-12-03;"Okres Banská Štiavnica";25;3;28;"SK0322"
2020-12-03;"Okres Bardejov";387;12;399;"SK0411"
2020-12-03;"Okres Bratislava I";488;1;489;"SK0101"
2020-12-03;"Okres Bratislava II";2500;48;2548;"SK0102"
2020-12-03;"Okres Bratislava III";2298;28;2326;"SK0103"
2020-12-03;"Okres Bratislava V";1591;7;1598;"SK0105"
2020-12-03;"Okres Brezno";1035;204;1239;"SK0323"
2020-12-03;"Okres Čadca";355;30;385;"SK0312"
2020-12-03;"Okres Detva";160;13;173;"SK0324"
2020-12-03;"Okres Dolný Kubín";72;12;84;"SK0313"
2020-12-03;"Okres Dunajská Streda";324;29;353;"SK0211"
2020-12-03;"Okres Galanta";556;47;603;"SK0212"
2020-12-03;"Okres Hlohovec";268;14;282;"SK0213"
2020-12-03;"Okres Humenné";157;13;170;"SK0412"
2020-12-03;"Okres Ilava";198;36;234;"SK0222"
2020-12-03;"Okres Kežmarok";264;46;310;"SK0413"
2020-12-03;"Okres Komárno";591;17;608;"SK0231"
2020-12-03;"Okres Košice I";239;8;247;"SK0422"
2020-12-03;"Okres Košice II";675;25;700;"SK0423"
2020-12-03;"Okres Košice IV";1493;6;1499;"SK0425"
2020-12-03;"Okres Krupina";260;10;270;"SK0325"
2020-12-03;"Okres Levice";746;12;758;"SK0232"
2020-12-03;"Okres Levoča";288;10;298;"SK0414"
2020-12-03;"Okres Lučenec";164;8;172;"SK0326"
2020-12-03;"Okres Malacky";128;0;128;"SK0106"
2020-12-03;"Okres Martin";649;29;678;"SK0316"
2020-12-03;"Okres Medzilaborce";33;1;34;"SK0415"
2020-12-03;"Okres Michalovce";295;45;340;"SK0427"
2020-12-03;"Okres Myjava";85;6;91;"SK0223"
2020-12-03;"Okres Námestovo";3;0;3;"SK0317"
2020-12-03;"Okres Nitra";497;47;544;"SK0233"
2020-12-03;"Okres Nové Mesto nad Váhom";200;29;229;"SK0224"
2020-12-03;"Okres Nové Zámky";186;13;199;"SK0234"
2020-12-03;"Okres Partizánske";116;18;134;"SK0225"
2020-12-03;"Okres Pezinok";663;24;687;"SK0107"
2020-12-03;"Okres Piešťany";486;23;509;"SK0214"
2020-12-03;"Okres Poltár";160;7;167;"SK0327"
2020-12-03;"Okres Poprad";203;32;235;"SK0416"
2020-12-03;"Okres Považská Bystrica";3;0;3;"SK0226"
2020-12-03;"Okres Prešov";1288;43;1331;"SK0417"
2020-12-03;"Okres Prievidza";653;48;701;"SK0227"
2020-12-03;"Okres Púchov";3;0;3;"SK0228"
2020-12-03;"Okres Revúca";526;18;544;"SK0328"
2020-12-03;"Okres Rimavská Sobota";394;20;414;"SK0329"
2020-12-03;"Okres Rožňava";128;2;130;"SK0428"
2020-12-03;"Okres Ružomberok";69;11;80;"SK0318"
2020-12-03;"Okres Sabinov";127;15;142;"SK0418"
2020-12-03;"Okres Senec";647;14;661;"SK0108"
2020-12-03;"Okres Senica";211;14;225;"SK0215"
2020-12-03;"Okres Skalica";194;13;207;"SK0216"
2020-12-03;"Okres Snina";152;18;170;"SK0419"
2020-12-03;"Okres Sobrance";87;9;96;"SK0429"
2020-12-03;"Okres Spišská Nová Ves";339;27;366;"SK042A"
2020-12-03;"Okres Svidník";26;4;30;"SK041C"
2020-12-03;"Okres Šaľa";280;12;292;"SK0235"
2020-12-03;"Okres Topoľčany";133;7;140;"SK0236"
2020-12-03;"Okres Trebišov";5189;52;5241;"SK042B"
2020-12-03;"Okres Trenčín";376;27;403;"SK0229"
2020-12-03;"Okres Trnava";1021;84;1105;"SK0217"
2020-12-03;"Okres Tvrdošín";86;9;95;"SK031A"
2020-12-03;"Okres Veľký Krtíš";124;12;136;"SK032A"
2020-12-03;"Okres Vranov nad Topľou";191;30;221;"SK041D"
2020-12-03;"Okres Zlaté Moravce";249;5;254;"SK0237"
2020-12-03;"Okres Zvolen";184;9;193;"SK032B"
2020-12-03;"Okres Žarnovica";206;16;222;"SK032C"
2020-12-03;"Okres Žiar nad Hronom";581;33;614;"SK032D"
2020-12-03;"Okres Žilina";330;34;364;"SK031B"
2020-12-04;"Okres Bánovce nad Bebravou";434;16;450;"SK0221"
2020-12-04;"Okres Banská Bystrica";627;28;655;"SK0321"
2020-12-04;"Okres Banská Štiavnica";5;0;5;"SK0322"
2020-12-04;"Okres Bardejov";1767;48;1815;"SK0411"
2020-12-04;"Okres Bratislava I";595;4;599;"SK0101"
2020-12-04;"Okres Bratislava II";1828;31;1859;"SK0102"
2020-12-04;"Okres Bratislava III";1044;35;1079;"SK0103"
2020-12-04;"Okres Bratislava V";563;7;570;"SK0105"
2020-12-04;"Okres Brezno";200;16;216;"SK0323"
2020-12-04;"Okres Čadca";567;31;598;"SK0312"
2020-12-04;"Okres Detva";275;11;286;"SK0324"
2020-12-04;"Okres Dolný Kubín";96;10;106;"SK0313"
2020-12-04;"Okres Dunajská Streda";476;19;495;"SK0211"
2020-12-04;"Okres Galanta";652;31;683;"SK0212"
2020-12-04;"Okres Hlohovec";289;18;307;"SK0213"
2020-12-04;"Okres Humenné";258;15;273;"SK0412"
2020-12-04;"Okres Ilava";256;33;289;"SK0222"
2020-12-04;"Okres Kežmarok";269;46;315;"SK0413"
2020-12-04;"Okres Komárno";752;12;764;"SK0231"
2020-12-04;"Okres Košice I";254;7;261;"SK0422"
2020-12-04;"Okres Košice II";390;8;398;"SK0423"
2020-12-04;"Okres Košice IV";1563;24;1587;"SK0425"
2020-12-04;"Okres Krupina";220;17;237;"SK0325"
2020-12-04;"Okres Levice";711;18;729;"SK0232"
2020-12-04;"Okres Levoča";178;10;188;"SK0414"
2020-12-04;"Okres Liptovský Mikuláš";2;0;2;"SK0315"
2020-12-04;"Okres Lučenec";165;7;172;"SK0326"
2020-12-04;"Okres Malacky";726;0;726;"SK0106"
2020-12-04;"Okres Martin";505;36;541;"SK0316"
2020-12-04;"Okres Medzilaborce";40;0;40;"SK0415"
2020-12-04;"Okres Michalovce";360;32;392;"SK0427"
2020-12-04;"Okres Myjava";202;12;214;"SK0223"
2020-12-04;"Okres Námestovo";386;12;398;"SK0317"
2020-12-04;"Okres Nitra";1321;28;1349;"SK0233"
2020-12-04;"Okres Nové Mesto nad Váhom";210;22;232;"SK0224"
2020-12-04;"Okres Nové Zámky";488;12;500;"SK0234"
2020-12-04;"Okres Partizánske";424;58;482;"SK0225"
2020-12-04;"Okres Pezinok";727;21;748;"SK0107"
2020-12-04;"Okres Piešťany";657;26;683;"SK0214"
2020-12-04;"Okres Poltár";265;5;270;"SK0327"
2020-12-04;"Okres Poprad";1067;60;1127;"SK0416"
2020-12-04;"Okres Považská Bystrica";1;1;2;"SK0226"
2020-12-04;"Okres Prešov";1702;46;1748;"SK0417"
2020-12-04;"Okres Prievidza";518;42;560;"SK0227"
2020-12-04;"Okres Púchov";309;57;366;"SK0228"
2020-12-04;"Okres Revúca";383;4;387;"SK0328"
2020-12-04;"Okres Rimavská Sobota";838;17;855;"SK0329"
2020-12-04;"Okres Rožňava";468;1;469;"SK0428"
2020-12-04;"Okres Ružomberok";109;2;111;"SK0318"
2020-12-04;"Okres Sabinov";156;9;165;"SK0418"
2020-12-04;"Okres Senec";881;14;895;"SK0108"
2020-12-04;"Okres Senica";309;9;318;"SK0215"
2020-12-04;"Okres Skalica";400;19;419;"SK0216"
2020-12-04;"Okres Snina";257;15;272;"SK0419"
2020-12-04;"Okres Sobrance";34;1;35;"SK0429"
2020-12-04;"Okres Spišská Nová Ves";309;15;324;"SK042A"
2020-12-04;"Okres Stará Ľubovňa";621;80;701;"SK041A"
2020-12-04;"Okres Svidník";26;2;28;"SK041C"
2020-12-04;"Okres Šaľa";300;4;304;"SK0235"
2020-12-04;"Okres Topoľčany";86;6;92;"SK0236"
2020-12-04;"Okres Trebišov";305;8;313;"SK042B"
2020-12-04;"Okres Trenčín";847;40;887;"SK0229"
2020-12-04;"Okres Trnava";1765;48;1813;"SK0217"
2020-12-04;"Okres Tvrdošín";19;0;19;"SK031A"
2020-12-04;"Okres Veľký Krtíš";177;19;196;"SK032A"
2020-12-04;"Okres Vranov nad Topľou";195;17;212;"SK041D"
2020-12-04;"Okres Zlaté Moravce";239;6;245;"SK0237"
2020-12-04;"Okres Zvolen";286;15;301;"SK032B"
2020-12-04;"Okres Žarnovica";245;13;258;"SK032C"
2020-12-04;"Okres Žiar nad Hronom";671;38;709;"SK032D"
2020-12-04;"Okres Žilina";1499;44;1543;"SK031B"
2020-12-05;"Okres Bánovce nad Bebravou";0;0;0;"SK0221"
2020-12-05;"Okres Banská Bystrica";439;5;444;"SK0321"
2020-12-05;"Okres Bratislava I";133;2;135;"SK0101"
2020-12-05;"Okres Bratislava II";1283;31;1314;"SK0102"
2020-12-05;"Okres Bratislava III";317;11;328;"SK0103"
2020-12-05;"Okres Bratislava V";490;2;492;"SK0105"
2020-12-05;"Okres Čadca";851;16;867;"SK0312"
2020-12-05;"Okres Galanta";1348;27;1375;"SK0212"
2020-12-05;"Okres Humenné";4;0;4;"SK0412"
2020-12-05;"Okres Komárno";482;6;488;"SK0231"
2020-12-05;"Okres Košice II";373;12;385;"SK0423"
2020-12-05;"Okres Košice IV";230;0;230;"SK0425"
2020-12-05;"Okres Krupina";4;0;4;"SK0325"
2020-12-05;"Okres Levice";978;5;983;"SK0232"
2020-12-05;"Okres Levoča";214;10;224;"SK0414"
2020-12-05;"Okres Michalovce";346;25;371;"SK0427"
2020-12-05;"Okres Myjava";146;19;165;"SK0223"
2020-12-05;"Okres Nitra";2;0;2;"SK0233"
2020-12-05;"Okres Nové Mesto nad Váhom";167;24;191;"SK0224"
2020-12-05;"Okres Partizánske";27;5;32;"SK0225"
2020-12-05;"Okres Pezinok";314;7;321;"SK0107"
2020-12-05;"Okres Poprad";47;5;52;"SK0416"
2020-12-05;"Okres Revúca";686;18;704;"SK0328"
2020-12-05;"Okres Rimavská Sobota";0;0;0;"SK0329"
2020-12-05;"Okres Ružomberok";62;6;68;"SK0318"
2020-12-05;"Okres Senica";381;2;383;"SK0215"
2020-12-05;"Okres Skalica";485;8;493;"SK0216"
2020-12-05;"Okres Snina";324;22;346;"SK0419"
2020-12-05;"Okres Sobrance";166;8;174;"SK0429"
2020-12-05;"Okres Spišská Nová Ves";44;2;46;"SK042A"
2020-12-05;"Okres Stará Ľubovňa";211;13;224;"SK041A"
2020-12-05;"Okres Svidník";26;3;29;"SK041C"
2020-12-05;"Okres Topoľčany";134;8;142;"SK0236"
2020-12-05;"Okres Trebišov";40;2;42;"SK042B"
2020-12-05;"Okres Trenčín";270;8;278;"SK0229"
2020-12-05;"Okres Trnava";474;13;487;"SK0217"
2020-12-05;"Okres Tvrdošín";180;8;188;"SK031A"
2020-12-05;"Okres Vranov nad Topľou";232;36;268;"SK041D"
2020-12-05;"Okres Zvolen";195;10;205;"SK032B"
2020-12-05;"Okres Žiar nad Hronom";200;10;210;"SK032D"
2020-12-05;"Okres Žilina";407;23;430;"SK031B"
2020-12-06;"Okres Banská Bystrica";148;2;150;"SK0321"
2020-12-06;"Okres Bratislava I";96;2;98;"SK0101"
2020-12-06;"Okres Bratislava II";1171;49;1220;"SK0102"
2020-12-06;"Okres Bratislava III";444;2;446;"SK0103"
2020-12-06;"Okres Čadca";112;6;118;"SK0312"
2020-12-06;"Okres Galanta";0;0;0;"SK0212"
2020-12-06;"Okres Humenné";0;0;0;"SK0412"
2020-12-06;"Okres Kežmarok";386;40;426;"SK0413"
2020-12-06;"Okres Komárno";15;4;19;"SK0231"
2020-12-06;"Okres Košice IV";28;3;31;"SK0425"
2020-12-06;"Okres Levice";73;0;73;"SK0232"
2020-12-06;"Okres Lučenec";316;8;324;"SK0326"
2020-12-06;"Okres Martin";13;0;13;"SK0316"
2020-12-06;"Okres Michalovce";35;14;49;"SK0427"
2020-12-06;"Okres Myjava";128;4;132;"SK0223"
2020-12-06;"Okres Nové Mesto nad Váhom";6;0;6;"SK0224"
2020-12-06;"Okres Partizánske";13;3;16;"SK0225"
2020-12-06;"Okres Pezinok";0;0;0;"SK0107"
2020-12-06;"Okres Poprad";2;0;2;"SK0416"
2020-12-06;"Okres Revúca";66;0;66;"SK0328"
2020-12-06;"Okres Rimavská Sobota";0;0;0;"SK0329"
2020-12-06;"Okres Skalica";0;0;0;"SK0216"
2020-12-06;"Okres Snina";138;5;143;"SK0419"
2020-12-06;"Okres Sobrance";6;0;6;"SK0429"
2020-12-06;"Okres Spišská Nová Ves";19;3;22;"SK042A"
2020-12-06;"Okres Stará Ľubovňa";297;0;297;"SK041A"
2020-12-06;"Okres Topoľčany";13;0;13;"SK0236"
2020-12-06;"Okres Trebišov";18;0;18;"SK042B"
2020-12-06;"Okres Trenčín";35;3;38;"SK0229"
2020-12-06;"Okres Zvolen";10;1;11;"SK032B"
2020-12-06;"Okres Žilina";3;0;3;"SK031B"
2020-12-07;"Okres Bánovce nad Bebravou";470;88;558;"SK0221"
2020-12-07;"Okres Banská Bystrica";614;51;665;"SK0321"
2020-12-07;"Okres Banská Štiavnica";3;0;3;"SK0322"
2020-12-07;"Okres Bardejov";2066;158;2224;"SK0411"
2020-12-07;"Okres Bratislava I";999;16;1015;"SK0101"
2020-12-07;"Okres Bratislava II";990;43;1033;"SK0102"
2020-12-07;"Okres Bratislava III";1648;55;1703;"SK0103"
2020-12-07;"Okres Bratislava V";1677;17;1694;"SK0105"
2020-12-07;"Okres Čadca";231;36;267;"SK0312"
2020-12-07;"Okres Detva";260;36;296;"SK0324"
2020-12-07;"Okres Dolný Kubín";687;16;703;"SK0313"
2020-12-07;"Okres Dunajská Streda";597;18;615;"SK0211"
2020-12-07;"Okres Galanta";102;8;110;"SK0212"
2020-12-07;"Okres Gelnica";197;21;218;"SK0421"
2020-12-07;"Okres Hlohovec";352;34;386;"SK0213"
2020-12-07;"Okres Humenné";414;29;443;"SK0412"
2020-12-07;"Okres Ilava";286;31;317;"SK0222"
2020-12-07;"Okres Kežmarok";165;20;185;"SK0413"
2020-12-07;"Okres Komárno";426;20;446;"SK0231"
2020-12-07;"Okres Košice I";216;7;223;"SK0422"
2020-12-07;"Okres Košice II";310;3;313;"SK0423"
2020-12-07;"Okres Košice IV";368;1;369;"SK0425"
2020-12-07;"Okres Krupina";291;18;309;"SK0325"
2020-12-07;"Okres Levice";441;37;478;"SK0232"
2020-12-07;"Okres Levoča";254;18;272;"SK0414"
2020-12-07;"Okres Liptovský Mikuláš";1;0;1;"SK0315"
2020-12-07;"Okres Lučenec";229;10;239;"SK0326"
2020-12-07;"Okres Malacky";58;0;58;"SK0106"
2020-12-07;"Okres Martin";583;43;626;"SK0316"
2020-12-07;"Okres Medzilaborce";81;3;84;"SK0415"
2020-12-07;"Okres Michalovce";295;37;332;"SK0427"
2020-12-07;"Okres Myjava";20;0;20;"SK0223"
2020-12-07;"Okres Námestovo";440;18;458;"SK0317"
2020-12-07;"Okres Nitra";1419;101;1520;"SK0233"
2020-12-07;"Okres Nové Mesto nad Váhom";92;15;107;"SK0224"
2020-12-07;"Okres Nové Zámky";312;28;340;"SK0234"
2020-12-07;"Okres Partizánske";6;2;8;"SK0225"
2020-12-07;"Okres Pezinok";475;21;496;"SK0107"
2020-12-07;"Okres Piešťany";691;38;729;"SK0214"
2020-12-07;"Okres Poltár";235;5;240;"SK0327"
2020-12-07;"Okres Poprad";210;21;231;"SK0416"
2020-12-07;"Okres Považská Bystrica";143;22;165;"SK0226"
2020-12-07;"Okres Prešov";1682;97;1779;"SK0417"
2020-12-07;"Okres Prievidza";795;131;926;"SK0227"
2020-12-07;"Okres Púchov";140;30;170;"SK0228"
2020-12-07;"Okres Revúca";128;4;132;"SK0328"
2020-12-07;"Okres Rimavská Sobota";220;4;224;"SK0329"
2020-12-07;"Okres Rožňava";366;3;369;"SK0428"
2020-12-07;"Okres Ružomberok";161;15;176;"SK0318"
2020-12-07;"Okres Sabinov";265;24;289;"SK0418"
2020-12-07;"Okres Senec";764;46;810;"SK0108"
2020-12-07;"Okres Senica";275;28;303;"SK0215"
2020-12-07;"Okres Skalica";5;5;10;"SK0216"
2020-12-07;"Okres Snina";497;59;556;"SK0419"
2020-12-07;"Okres Sobrance";0;0;0;"SK0429"
2020-12-07;"Okres Spišská Nová Ves";324;25;349;"SK042A"
2020-12-07;"Okres Stará Ľubovňa";329;13;342;"SK041A"
2020-12-07;"Okres Svidník";62;11;73;"SK041C"
2020-12-07;"Okres Šaľa";290;25;315;"SK0235"
2020-12-07;"Okres Topoľčany";3572;340;3912;"SK0236"
2020-12-07;"Okres Trebišov";734;9;743;"SK042B"
2020-12-07;"Okres Trenčín";2435;234;2669;"SK0229"
2020-12-07;"Okres Trnava";1566;127;1693;"SK0217"
2020-12-07;"Okres Tvrdošín";167;18;185;"SK031A"
2020-12-07;"Okres Zlaté Moravce";222;27;249;"SK0237"
2020-12-07;"Okres Zvolen";116;10;126;"SK032B"
2020-12-07;"Okres Žarnovica";261;16;277;"SK032C"
2020-12-07;"Okres Žiar nad Hronom";197;6;203;"SK032D"
2020-12-07;"Okres Žilina";266;15;281;"SK031B"
2020-12-08;"Okres Bánovce nad Bebravou";378;88;466;"SK0221"
2020-12-08;"Okres Banská Bystrica";660;65;725;"SK0321"
2020-12-08;"Okres Bardejov";4061;139;4200;"SK0411"
2020-12-08;"Okres Bratislava I";876;21;897;"SK0101"
2020-12-08;"Okres Bratislava II";4565;103;4668;"SK0102"
2020-12-08;"Okres Bratislava III";1920;58;1978;"SK0103"
2020-12-08;"Okres Bratislava IV";3;0;3;"SK0104"
2020-12-08;"Okres Bratislava V";989;22;1011;"SK0105"
2020-12-08;"Okres Brezno";702;110;812;"SK0323"
2020-12-08;"Okres Čadca";640;44;684;"SK0312"
2020-12-08;"Okres Detva";199;21;220;"SK0324"
2020-12-08;"Okres Dolný Kubín";171;13;184;"SK0313"
2020-12-08;"Okres Dunajská Streda";568;40;608;"SK0211"
2020-12-08;"Okres Galanta";976;79;1055;"SK0212"
2020-12-08;"Okres Gelnica";148;10;158;"SK0421"
2020-12-08;"Okres Hlohovec";47;0;47;"SK0213"
2020-12-08;"Okres Humenné";379;29;408;"SK0412"
2020-12-08;"Okres Ilava";229;58;287;"SK0222"
2020-12-08;"Okres Kežmarok";420;82;502;"SK0413"
2020-12-08;"Okres Komárno";772;27;799;"SK0231"
2020-12-08;"Okres Košice I";699;33;732;"SK0422"
2020-12-08;"Okres Košice II";614;22;636;"SK0423"
2020-12-08;"Okres Košice IV";258;11;269;"SK0425"
2020-12-08;"Okres Krupina";320;18;338;"SK0325"
2020-12-08;"Okres Levice";1174;70;1244;"SK0232"
2020-12-08;"Okres Levoča";447;39;486;"SK0414"
2020-12-08;"Okres Liptovský Mikuláš";556;14;570;"SK0315"
2020-12-08;"Okres Lučenec";303;14;317;"SK0326"
2020-12-08;"Okres Malacky";38;0;38;"SK0106"
2020-12-08;"Okres Martin";274;17;291;"SK0316"
2020-12-08;"Okres Medzilaborce";71;1;72;"SK0415"
2020-12-08;"Okres Michalovce";811;82;893;"SK0427"
2020-12-08;"Okres Myjava";239;44;283;"SK0223"
2020-12-08;"Okres Námestovo";222;5;227;"SK0317"
2020-12-08;"Okres Nitra";1042;105;1147;"SK0233"
2020-12-08;"Okres Nové Mesto nad Váhom";412;26;438;"SK0224"
2020-12-08;"Okres Nové Zámky";4596;274;4870;"SK0234"
2020-12-08;"Okres Partizánske";406;45;451;"SK0225"
2020-12-08;"Okres Pezinok";565;26;591;"SK0107"
2020-12-08;"Okres Piešťany";591;26;617;"SK0214"
2020-12-08;"Okres Poltár";146;2;148;"SK0327"
2020-12-08;"Okres Poprad";2092;229;2321;"SK0416"
2020-12-08;"Okres Považská Bystrica";453;95;548;"SK0226"
2020-12-08;"Okres Prešov";1192;88;1280;"SK0417"
2020-12-08;"Okres Prievidza";517;58;575;"SK0227"
2020-12-08;"Okres Púchov";607;98;705;"SK0228"
2020-12-08;"Okres Revúca";632;14;646;"SK0328"
2020-12-08;"Okres Rimavská Sobota";251;9;260;"SK0329"
2020-12-08;"Okres Rožňava";321;7;328;"SK0428"
2020-12-08;"Okres Ružomberok";1469;40;1509;"SK0318"
2020-12-08;"Okres Sabinov";341;20;361;"SK0418"
2020-12-08;"Okres Senec";1306;46;1352;"SK0108"
2020-12-08;"Okres Senica";284;16;300;"SK0215"
2020-12-08;"Okres Skalica";382;29;411;"SK0216"
2020-12-08;"Okres Snina";389;38;427;"SK0419"
2020-12-08;"Okres Sobrance";498;69;567;"SK0429"
2020-12-08;"Okres Spišská Nová Ves";632;146;778;"SK042A"
2020-12-08;"Okres Stará Ľubovňa";262;46;308;"SK041A"
2020-12-08;"Okres Svidník";135;20;155;"SK041C"
2020-12-08;"Okres Šaľa";313;18;331;"SK0235"
2020-12-08;"Okres Topoľčany";231;30;261;"SK0236"
2020-12-08;"Okres Trebišov";464;24;488;"SK042B"
2020-12-08;"Okres Trenčín";558;68;626;"SK0229"
2020-12-08;"Okres Trnava";2159;191;2350;"SK0217"
2020-12-08;"Okres Tvrdošín";184;13;197;"SK031A"
2020-12-08;"Okres Veľký Krtíš";253;21;274;"SK032A"
2020-12-08;"Okres Vranov nad Topľou";329;83;412;"SK041D"
2020-12-08;"Okres Zlaté Moravce";665;48;713;"SK0237"
2020-12-08;"Okres Zvolen";311;13;324;"SK032B"
2020-12-08;"Okres Žarnovica";241;20;261;"SK032C"
2020-12-08;"Okres Žiar nad Hronom";241;29;270;"SK032D"
2020-12-08;"Okres Žilina";325;7;332;"SK031B"
2020-12-09;"Okres Bánovce nad Bebravou";378;53;431;"SK0221"
2020-12-09;"Okres Banská Bystrica";832;53;885;"SK0321"
2020-12-09;"Okres Banská Štiavnica";15;3;18;"SK0322"
2020-12-09;"Okres Bardejov";923;57;980;"SK0411"
2020-12-09;"Okres Bratislava I";380;8;388;"SK0101"
2020-12-09;"Okres Bratislava II";1849;42;1891;"SK0102"
2020-12-09;"Okres Bratislava III";1795;66;1861;"SK0103"
2020-12-09;"Okres Bratislava V";1164;37;1201;"SK0105"
2020-12-09;"Okres Čadca";550;48;598;"SK0312"
2020-12-09;"Okres Detva";211;18;229;"SK0324"
2020-12-09;"Okres Dolný Kubín";147;12;159;"SK0313"
2020-12-09;"Okres Dunajská Streda";532;34;566;"SK0211"
2020-12-09;"Okres Galanta";1023;62;1085;"SK0212"
2020-12-09;"Okres Gelnica";168;7;175;"SK0421"
2020-12-09;"Okres Hlohovec";482;66;548;"SK0213"
2020-12-09;"Okres Humenné";460;16;476;"SK0412"
2020-12-09;"Okres Ilava";288;36;324;"SK0222"
2020-12-09;"Okres Kežmarok";418;53;471;"SK0413"
2020-12-09;"Okres Komárno";735;18;753;"SK0231"
2020-12-09;"Okres Košice I";381;14;395;"SK0422"
2020-12-09;"Okres Košice II";898;23;921;"SK0423"
2020-12-09;"Okres Košice IV";290;13;303;"SK0425"
2020-12-09;"Okres Krupina";158;12;170;"SK0325"
2020-12-09;"Okres Levice";1218;60;1278;"SK0232"
2020-12-09;"Okres Levoča";331;21;352;"SK0414"
2020-12-09;"Okres Liptovský Mikuláš";526;18;544;"SK0315"
2020-12-09;"Okres Lučenec";456;22;478;"SK0326"
2020-12-09;"Okres Malacky";42;0;42;"SK0106"
2020-12-09;"Okres Martin";884;42;926;"SK0316"
2020-12-09;"Okres Medzilaborce";59;1;60;"SK0415"
2020-12-09;"Okres Michalovce";886;48;934;"SK0427"
2020-12-09;"Okres Myjava";377;29;406;"SK0223"
2020-12-09;"Okres Námestovo";126;6;132;"SK0317"
2020-12-09;"Okres Nitra";650;44;694;"SK0233"
2020-12-09;"Okres Nové Mesto nad Váhom";578;48;626;"SK0224"
2020-12-09;"Okres Nové Zámky";1073;263;1336;"SK0234"
2020-12-09;"Okres Partizánske";254;29;283;"SK0225"
2020-12-09;"Okres Pezinok";588;45;633;"SK0107"
2020-12-09;"Okres Piešťany";899;53;952;"SK0214"
2020-12-09;"Okres Poltár";140;2;142;"SK0327"
2020-12-09;"Okres Poprad";486;54;540;"SK0416"
2020-12-09;"Okres Považská Bystrica";683;78;761;"SK0226"
2020-12-09;"Okres Prešov";1061;71;1132;"SK0417"
2020-12-09;"Okres Prievidza";622;73;695;"SK0227"
2020-12-09;"Okres Púchov";556;100;656;"SK0228"
2020-12-09;"Okres Revúca";332;3;335;"SK0328"
2020-12-09;"Okres Rimavská Sobota";396;11;407;"SK0329"
2020-12-09;"Okres Rožňava";212;4;216;"SK0428"
2020-12-09;"Okres Ružomberok";111;16;127;"SK0318"
2020-12-09;"Okres Sabinov";244;16;260;"SK0418"
2020-12-09;"Okres Senec";856;30;886;"SK0108"
2020-12-09;"Okres Senica";243;30;273;"SK0215"
2020-12-09;"Okres Skalica";569;13;582;"SK0216"
2020-12-09;"Okres Snina";340;28;368;"SK0419"
2020-12-09;"Okres Sobrance";415;20;435;"SK0429"
2020-12-09;"Okres Spišská Nová Ves";405;35;440;"SK042A"
2020-12-09;"Okres Stará Ľubovňa";208;13;221;"SK041A"
2020-12-09;"Okres Svidník";145;10;155;"SK041C"
2020-12-09;"Okres Šaľa";563;32;595;"SK0235"
2020-12-09;"Okres Topoľčany";980;89;1069;"SK0236"
2020-12-09;"Okres Trebišov";324;15;339;"SK042B"
2020-12-09;"Okres Trenčín";499;59;558;"SK0229"
2020-12-09;"Okres Trnava";1528;140;1668;"SK0217"
2020-12-09;"Okres Tvrdošín";194;17;211;"SK031A"
2020-12-09;"Okres Veľký Krtíš";248;17;265;"SK032A"
2020-12-09;"Okres Vranov nad Topľou";274;24;298;"SK041D"
2020-12-09;"Okres Zlaté Moravce";343;24;367;"SK0237"
2020-12-09;"Okres Zvolen";289;21;310;"SK032B"
2020-12-09;"Okres Žarnovica";617;32;649;"SK032C"
2020-12-09;"Okres Žiar nad Hronom";356;22;378;"SK032D"
2020-12-09;"Okres Žilina";179;13;192;"SK031B"
2020-12-10;"Okres Bánovce nad Bebravou";432;78;510;"SK0221"
2020-12-10;"Okres Banská Bystrica";1767;69;1836;"SK0321"
2020-12-10;"Okres Bardejov";2957;161;3118;"SK0411"
2020-12-10;"Okres Bratislava I";465;9;474;"SK0101"
2020-12-10;"Okres Bratislava II";2140;89;2229;"SK0102"
2020-12-10;"Okres Bratislava III";1049;42;1091;"SK0103"
2020-12-10;"Okres Bratislava IV";92;3;95;"SK0104"
2020-12-10;"Okres Bratislava V";2460;19;2479;"SK0105"
2020-12-10;"Okres Brezno";858;232;1090;"SK0323"
2020-12-10;"Okres Čadca";479;35;514;"SK0312"
2020-12-10;"Okres Detva";331;20;351;"SK0324"
2020-12-10;"Okres Dolný Kubín";163;16;179;"SK0313"
2020-12-10;"Okres Dunajská Streda";428;21;449;"SK0211"
2020-12-10;"Okres Galanta";1347;72;1419;"SK0212"
2020-12-10;"Okres Gelnica";214;8;222;"SK0421"
2020-12-10;"Okres Hlohovec";506;50;556;"SK0213"
2020-12-10;"Okres Humenné";441;33;474;"SK0412"
2020-12-10;"Okres Ilava";355;44;399;"SK0222"
2020-12-10;"Okres Kežmarok";712;59;771;"SK0413"
2020-12-10;"Okres Komárno";610;20;630;"SK0231"
2020-12-10;"Okres Košice I";661;33;694;"SK0422"
2020-12-10;"Okres Košice II";620;24;644;"SK0423"
2020-12-10;"Okres Košice IV";244;8;252;"SK0425"
2020-12-10;"Okres Krupina";298;18;316;"SK0325"
2020-12-10;"Okres Levice";1173;61;1234;"SK0232"
2020-12-10;"Okres Levoča";204;21;225;"SK0414"
2020-12-10;"Okres Liptovský Mikuláš";255;4;259;"SK0315"
2020-12-10;"Okres Lučenec";453;26;479;"SK0326"
2020-12-10;"Okres Malacky";403;41;444;"SK0106"
2020-12-10;"Okres Martin";893;57;950;"SK0316"
2020-12-10;"Okres Medzilaborce";48;3;51;"SK0415"
2020-12-10;"Okres Michalovce";1052;66;1118;"SK0427"
2020-12-10;"Okres Myjava";240;29;269;"SK0223"
2020-12-10;"Okres Námestovo";277;3;280;"SK0317"
2020-12-10;"Okres Nitra";1512;125;1637;"SK0233"
2020-12-10;"Okres Nové Mesto nad Váhom";480;49;529;"SK0224"
2020-12-10;"Okres Nové Zámky";1573;106;1679;"SK0234"
2020-12-10;"Okres Partizánske";187;15;202;"SK0225"
2020-12-10;"Okres Pezinok";722;26;748;"SK0107"
2020-12-10;"Okres Piešťany";495;28;523;"SK0214"
2020-12-10;"Okres Poltár";147;7;154;"SK0327"
2020-12-10;"Okres Poprad";1263;128;1391;"SK0416"
2020-12-10;"Okres Považská Bystrica";595;85;680;"SK0226"
2020-12-10;"Okres Prešov";1071;74;1145;"SK0417"
2020-12-10;"Okres Prievidza";695;108;803;"SK0227"
2020-12-10;"Okres Púchov";214;40;254;"SK0228"
2020-12-10;"Okres Revúca";268;7;275;"SK0328"
2020-12-10;"Okres Rimavská Sobota";285;11;296;"SK0329"
2020-12-10;"Okres Rožňava";329;6;335;"SK0428"
2020-12-10;"Okres Ružomberok";238;20;258;"SK0318"
2020-12-10;"Okres Sabinov";265;16;281;"SK0418"
2020-12-10;"Okres Senec";874;8;882;"SK0108"
2020-12-10;"Okres Senica";267;30;297;"SK0215"
2020-12-10;"Okres Skalica";563;16;579;"SK0216"
2020-12-10;"Okres Snina";380;51;431;"SK0419"
2020-12-10;"Okres Sobrance";266;9;275;"SK0429"
2020-12-10;"Okres Spišská Nová Ves";240;18;258;"SK042A"
2020-12-10;"Okres Stará Ľubovňa";180;21;201;"SK041A"
2020-12-10;"Okres Svidník";64;3;67;"SK041C"
2020-12-10;"Okres Šaľa";235;12;247;"SK0235"
2020-12-10;"Okres Topoľčany";393;31;424;"SK0236"
2020-12-10;"Okres Trebišov";821;12;833;"SK042B"
2020-12-10;"Okres Trenčín";502;73;575;"SK0229"
2020-12-10;"Okres Trnava";2758;210;2968;"SK0217"
2020-12-10;"Okres Tvrdošín";245;18;263;"SK031A"
2020-12-10;"Okres Veľký Krtíš";339;9;348;"SK032A"
2020-12-10;"Okres Vranov nad Topľou";338;32;370;"SK041D"
2020-12-10;"Okres Zlaté Moravce";377;20;397;"SK0237"
2020-12-10;"Okres Zvolen";423;35;458;"SK032B"
2020-12-10;"Okres Žarnovica";347;26;373;"SK032C"
2020-12-10;"Okres Žiar nad Hronom";710;31;741;"SK032D"
2020-12-10;"Okres Žilina";7057;702;7759;"SK031B"
2020-12-11;"Okres Bánovce nad Bebravou";477;88;565;"SK0221"
2020-12-11;"Okres Banská Bystrica";1119;48;1167;"SK0321"
2020-12-11;"Okres Banská Štiavnica";5;0;5;"SK0322"
2020-12-11;"Okres Bardejov";3105;177;3282;"SK0411"
2020-12-11;"Okres Bratislava I";696;5;701;"SK0101"
2020-12-11;"Okres Bratislava II";2137;89;2226;"SK0102"
2020-12-11;"Okres Bratislava III";1664;53;1717;"SK0103"
2020-12-11;"Okres Bratislava IV";4;0;4;"SK0104"
2020-12-11;"Okres Bratislava V";945;37;982;"SK0105"
2020-12-11;"Okres Brezno";522;62;584;"SK0323"
2020-12-11;"Okres Čadca";422;32;454;"SK0312"
2020-12-11;"Okres Detva";287;25;312;"SK0324"
2020-12-11;"Okres Dolný Kubín";186;12;198;"SK0313"
2020-12-11;"Okres Dunajská Streda";361;26;387;"SK0211"
2020-12-11;"Okres Galanta";1275;65;1340;"SK0212"
2020-12-11;"Okres Gelnica";204;17;221;"SK0421"
2020-12-11;"Okres Hlohovec";618;38;656;"SK0213"
2020-12-11;"Okres Humenné";335;24;359;"SK0412"
2020-12-11;"Okres Ilava";271;31;302;"SK0222"
2020-12-11;"Okres Kežmarok";940;86;1026;"SK0413"
2020-12-11;"Okres Komárno";584;51;635;"SK0231"
2020-12-11;"Okres Košice I";763;40;803;"SK0422"
2020-12-11;"Okres Košice II";867;33;900;"SK0423"
2020-12-11;"Okres Košice IV";1122;29;1151;"SK0425"
2020-12-11;"Okres Krupina";290;19;309;"SK0325"
2020-12-11;"Okres Levice";1288;76;1364;"SK0232"
2020-12-11;"Okres Levoča";263;24;287;"SK0414"
2020-12-11;"Okres Liptovský Mikuláš";279;8;287;"SK0315"
2020-12-11;"Okres Lučenec";799;34;833;"SK0326"
2020-12-11;"Okres Malacky";1320;68;1388;"SK0106"
2020-12-11;"Okres Martin";773;64;837;"SK0316"
2020-12-11;"Okres Medzilaborce";111;1;112;"SK0415"
2020-12-11;"Okres Michalovce";740;32;772;"SK0427"
2020-12-11;"Okres Myjava";218;11;229;"SK0223"
2020-12-11;"Okres Námestovo";296;9;305;"SK0317"
2020-12-11;"Okres Nitra";601;65;666;"SK0233"
2020-12-11;"Okres Nové Mesto nad Váhom";432;52;484;"SK0224"
2020-12-11;"Okres Nové Zámky";2402;127;2529;"SK0234"
2020-12-11;"Okres Partizánske";273;23;296;"SK0225"
2020-12-11;"Okres Pezinok";786;38;824;"SK0107"
2020-12-11;"Okres Piešťany";390;21;411;"SK0214"
2020-12-11;"Okres Poltár";179;1;180;"SK0327"
2020-12-11;"Okres Poprad";1089;84;1173;"SK0416"
2020-12-11;"Okres Považská Bystrica";529;125;654;"SK0226"
2020-12-11;"Okres Prešov";1428;79;1507;"SK0417"
2020-12-11;"Okres Prievidza";563;47;610;"SK0227"
2020-12-11;"Okres Púchov";752;105;857;"SK0228"
2020-12-11;"Okres Revúca";448;10;458;"SK0328"
2020-12-11;"Okres Rimavská Sobota";507;25;532;"SK0329"
2020-12-11;"Okres Rožňava";696;8;704;"SK0428"
2020-12-11;"Okres Ružomberok";372;24;396;"SK0318"
2020-12-11;"Okres Sabinov";413;28;441;"SK0418"
2020-12-11;"Okres Senec";1156;30;1186;"SK0108"
2020-12-11;"Okres Senica";314;17;331;"SK0215"
2020-12-11;"Okres Skalica";345;8;353;"SK0216"
2020-12-11;"Okres Snina";315;22;337;"SK0419"
2020-12-11;"Okres Sobrance";214;7;221;"SK0429"
2020-12-11;"Okres Spišská Nová Ves";946;74;1020;"SK042A"
2020-12-11;"Okres Stará Ľubovňa";172;10;182;"SK041A"
2020-12-11;"Okres Svidník";101;10;111;"SK041C"
2020-12-11;"Okres Šaľa";260;20;280;"SK0235"
2020-12-11;"Okres Topoľčany";628;79;707;"SK0236"
2020-12-11;"Okres Trebišov";723;30;753;"SK042B"
2020-12-11;"Okres Trenčín";881;77;958;"SK0229"
2020-12-11;"Okres Trnava";2459;152;2611;"SK0217"
2020-12-11;"Okres Tvrdošín";358;19;377;"SK031A"
2020-12-11;"Okres Veľký Krtíš";1460;114;1574;"SK032A"
2020-12-11;"Okres Vranov nad Topľou";283;32;315;"SK041D"
2020-12-11;"Okres Zlaté Moravce";398;28;426;"SK0237"
2020-12-11;"Okres Zvolen";617;46;663;"SK032B"
2020-12-11;"Okres Žarnovica";405;15;420;"SK032C"
2020-12-11;"Okres Žiar nad Hronom";297;7;304;"SK032D"
2020-12-11;"Okres Žilina";2081;117;2198;"SK031B"
2020-12-12;"Okres Bánovce nad Bebravou";8;2;10;"SK0221"
2020-12-12;"Okres Banská Bystrica";847;53;900;"SK0321"
2020-12-12;"Okres Bratislava I";249;4;253;"SK0101"
2020-12-12;"Okres Bratislava II";1104;47;1151;"SK0102"
2020-12-12;"Okres Bratislava III";1058;37;1095;"SK0103"
2020-12-12;"Okres Bratislava IV";134;0;134;"SK0104"
2020-12-12;"Okres Bratislava V";476;16;492;"SK0105"
2020-12-12;"Okres Čadca";543;37;580;"SK0312"
2020-12-12;"Okres Galanta";786;86;872;"SK0212"
2020-12-12;"Okres Hlohovec";1;0;1;"SK0213"
2020-12-12;"Okres Humenné";32;0;32;"SK0412"
2020-12-12;"Okres Komárno";408;27;435;"SK0231"
2020-12-12;"Okres Košice I";195;12;207;"SK0422"
2020-12-12;"Okres Košice II";501;42;543;"SK0423"
2020-12-12;"Okres Košice IV";147;10;157;"SK0425"
2020-12-12;"Okres Krupina";0;16;16;"SK0325"
2020-12-12;"Okres Levice";716;7;723;"SK0232"
2020-12-12;"Okres Levoča";206;12;218;"SK0414"
2020-12-12;"Okres Liptovský Mikuláš";41;0;41;"SK0315"
2020-12-12;"Okres Lučenec";411;11;422;"SK0326"
2020-12-12;"Okres Malacky";415;17;432;"SK0106"
2020-12-12;"Okres Michalovce";555;38;593;"SK0427"
2020-12-12;"Okres Myjava";240;12;252;"SK0223"
2020-12-12;"Okres Nitra";769;76;845;"SK0233"
2020-12-12;"Okres Nové Mesto nad Váhom";215;20;235;"SK0224"
2020-12-12;"Okres Partizánske";331;47;378;"SK0225"
2020-12-12;"Okres Pezinok";590;25;615;"SK0107"
2020-12-12;"Okres Piešťany";29;0;29;"SK0214"
2020-12-12;"Okres Poprad";1173;45;1218;"SK0416"
2020-12-12;"Okres Považská Bystrica";283;46;329;"SK0226"
2020-12-12;"Okres Prešov";236;17;253;"SK0417"
2020-12-12;"Okres Revúca";1066;27;1093;"SK0328"
2020-12-12;"Okres Rožňava";32;1;33;"SK0428"
2020-12-12;"Okres Ružomberok";68;2;70;"SK0318"
2020-12-12;"Okres Senec";351;23;374;"SK0108"
2020-12-12;"Okres Senica";300;21;321;"SK0215"
2020-12-12;"Okres Skalica";340;7;347;"SK0216"
2020-12-12;"Okres Snina";222;21;243;"SK0419"
2020-12-12;"Okres Sobrance";336;18;354;"SK0429"
2020-12-12;"Okres Spišská Nová Ves";97;14;111;"SK042A"
2020-12-12;"Okres Stará Ľubovňa";236;17;253;"SK041A"
2020-12-12;"Okres Svidník";59;5;64;"SK041C"
2020-12-12;"Okres Topoľčany";219;15;234;"SK0236"
2020-12-12;"Okres Trebišov";24;0;24;"SK042B"
2020-12-12;"Okres Trenčín";208;12;220;"SK0229"
2020-12-12;"Okres Vranov nad Topľou";354;49;403;"SK041D"
2020-12-12;"Okres Zvolen";218;13;231;"SK032B"
2020-12-12;"Okres Žiar nad Hronom";202;18;220;"SK032D"
2020-12-12;"Okres Žilina";561;33;594;"SK031B"
2020-12-13;"Okres Banská Bystrica";100;0;100;"SK0321"
2020-12-13;"Okres Bratislava I";30;0;30;"SK0101"
2020-12-13;"Okres Bratislava II";64;9;73;"SK0102"
2020-12-13;"Okres Bratislava III";137;9;146;"SK0103"
2020-12-13;"Okres Bratislava V";36;0;36;"SK0105"
2020-12-13;"Okres Čadca";124;20;144;"SK0312"
2020-12-13;"Okres Galanta";0;0;0;"SK0212"
2020-12-13;"Okres Humenné";2;0;2;"SK0412"
2020-12-13;"Okres Komárno";26;5;31;"SK0231"
2020-12-13;"Okres Košice II";88;0;88;"SK0423"
2020-12-13;"Okres Košice IV";54;0;54;"SK0425"
2020-12-13;"Okres Kysucké Nové Mesto";0;1;1;"SK0314"
2020-12-13;"Okres Levice";34;0;34;"SK0232"
2020-12-13;"Okres Lučenec";11;1;12;"SK0326"
2020-12-13;"Okres Martin";14;2;16;"SK0316"
2020-12-13;"Okres Michalovce";3;1;4;"SK0427"
2020-12-13;"Okres Myjava";47;2;49;"SK0223"
2020-12-13;"Okres Partizánske";36;6;42;"SK0225"
2020-12-13;"Okres Pezinok";6;1;7;"SK0107"
2020-12-13;"Okres Piešťany";2;0;2;"SK0214"
2020-12-13;"Okres Poprad";8;2;10;"SK0416"
2020-12-13;"Okres Považská Bystrica";3;0;3;"SK0226"
2020-12-13;"Okres Prešov";1;0;1;"SK0417"
2020-12-13;"Okres Revúca";46;0;46;"SK0328"
2020-12-13;"Okres Rožňava";0;0;0;"SK0428"
2020-12-13;"Okres Ružomberok";18;1;19;"SK0318"
2020-12-13;"Okres Senec";4;0;4;"SK0108"
2020-12-13;"Okres Skalica";5;0;5;"SK0216"
2020-12-13;"Okres Snina";5;3;8;"SK0419"
2020-12-13;"Okres Sobrance";6;0;6;"SK0429"
2020-12-13;"Okres Spišská Nová Ves";12;1;13;"SK042A"
2020-12-13;"Okres Stará Ľubovňa";13;3;16;"SK041A"
2020-12-13;"Okres Topoľčany";9;1;10;"SK0236"
2020-12-13;"Okres Trebišov";42;0;42;"SK042B"
2020-12-13;"Okres Trenčín";9;2;11;"SK0229"
2020-12-13;"Okres Zvolen";8;0;8;"SK032B"
2020-12-13;"Okres Žilina";400;52;452;"SK031B"
2020-12-14;"Okres Bánovce nad Bebravou";496;136;632;"SK0221"
2020-12-14;"Okres Banská Bystrica";461;26;487;"SK0321"
2020-12-14;"Okres Banská Štiavnica";14;0;14;"SK0322"
2020-12-14;"Okres Bardejov";3910;226;4136;"SK0411"
2020-12-14;"Okres Bratislava I";1082;29;1111;"SK0101"
2020-12-14;"Okres Bratislava II";2294;57;2351;"SK0102"
2020-12-14;"Okres Bratislava III";2233;92;2325;"SK0103"
2020-12-14;"Okres Bratislava IV";690;14;704;"SK0104"
2020-12-14;"Okres Bratislava V";682;10;692;"SK0105"
2020-12-14;"Okres Čadca";181;20;201;"SK0312"
2020-12-14;"Okres Detva";231;44;275;"SK0324"
2020-12-14;"Okres Dolný Kubín";286;15;301;"SK0313"
2020-12-14;"Okres Dunajská Streda";393;14;407;"SK0211"
2020-12-14;"Okres Galanta";576;42;618;"SK0212"
2020-12-14;"Okres Gelnica";247;16;263;"SK0421"
2020-12-14;"Okres Hlohovec";353;41;394;"SK0213"
2020-12-14;"Okres Humenné";504;70;574;"SK0412"
2020-12-14;"Okres Ilava";395;36;431;"SK0222"
2020-12-14;"Okres Kežmarok";730;99;829;"SK0413"
2020-12-14;"Okres Komárno";406;42;448;"SK0231"
2020-12-14;"Okres Košice I";406;16;422;"SK0422"
2020-12-14;"Okres Košice II";416;21;437;"SK0423"
2020-12-14;"Okres Košice IV";13;1;14;"SK0425"
2020-12-14;"Okres Krupina";335;28;363;"SK0325"
2020-12-14;"Okres Kysucké Nové Mesto";1;0;1;"SK0314"
2020-12-14;"Okres Levice";1638;87;1725;"SK0232"
2020-12-14;"Okres Levoča";156;15;171;"SK0414"
2020-12-14;"Okres Liptovský Mikuláš";361;15;376;"SK0315"
2020-12-14;"Okres Lučenec";574;36;610;"SK0326"
2020-12-14;"Okres Malacky";819;64;883;"SK0106"
2020-12-14;"Okres Martin";1094;63;1157;"SK0316"
2020-12-14;"Okres Medzilaborce";148;11;159;"SK0415"
2020-12-14;"Okres Michalovce";677;67;744;"SK0427"
2020-12-14;"Okres Myjava";32;0;32;"SK0223"
2020-12-14;"Okres Námestovo";385;18;403;"SK0317"
2020-12-14;"Okres Nitra";2928;373;3301;"SK0233"
2020-12-14;"Okres Nové Mesto nad Váhom";220;45;265;"SK0224"
2020-12-14;"Okres Nové Zámky";1659;157;1816;"SK0234"
2020-12-14;"Okres Partizánske";30;8;38;"SK0225"
2020-12-14;"Okres Pezinok";319;27;346;"SK0107"
2020-12-14;"Okres Piešťany";896;70;966;"SK0214"
2020-12-14;"Okres Poltár";148;4;152;"SK0327"
2020-12-14;"Okres Poprad";1096;78;1174;"SK0416"
2020-12-14;"Okres Považská Bystrica";274;59;333;"SK0226"
2020-12-14;"Okres Prešov";1789;157;1946;"SK0417"
2020-12-14;"Okres Prievidza";778;135;913;"SK0227"
2020-12-14;"Okres Púchov";619;125;744;"SK0228"
2020-12-14;"Okres Revúca";494;15;509;"SK0328"
2020-12-14;"Okres Rimavská Sobota";469;7;476;"SK0329"
2020-12-14;"Okres Rožňava";508;25;533;"SK0428"
2020-12-14;"Okres Ružomberok";426;45;471;"SK0318"
2020-12-14;"Okres Sabinov";430;25;455;"SK0418"
2020-12-14;"Okres Senec";917;33;950;"SK0108"
2020-12-14;"Okres Senica";357;32;389;"SK0215"
2020-12-14;"Okres Skalica";11;2;13;"SK0216"
2020-12-14;"Okres Snina";286;33;319;"SK0419"
2020-12-14;"Okres Sobrance";83;4;87;"SK0429"
2020-12-14;"Okres Spišská Nová Ves";572;76;648;"SK042A"
2020-12-14;"Okres Stará Ľubovňa";148;11;159;"SK041A"
2020-12-14;"Okres Svidník";64;12;76;"SK041C"
2020-12-14;"Okres Šaľa";122;16;138;"SK0235"
2020-12-14;"Okres Topoľčany";1330;159;1489;"SK0236"
2020-12-14;"Okres Trebišov";491;38;529;"SK042B"
2020-12-14;"Okres Trenčín";633;142;775;"SK0229"
2020-12-14;"Okres Trnava";2130;214;2344;"SK0217"
2020-12-14;"Okres Tvrdošín";337;30;367;"SK031A"
2020-12-14;"Okres Veľký Krtíš";514;15;529;"SK032A"
2020-12-14;"Okres Zlaté Moravce";131;11;142;"SK0237"
2020-12-14;"Okres Zvolen";361;60;421;"SK032B"
2020-12-14;"Okres Žarnovica";192;17;209;"SK032C"
2020-12-14;"Okres Žiar nad Hronom";242;9;251;"SK032D"
2020-12-14;"Okres Žilina";1553;171;1724;"SK031B"
2020-12-15;"Okres Bánovce nad Bebravou";445;106;551;"SK0221"
2020-12-15;"Okres Banská Bystrica";1008;103;1111;"SK0321"
2020-12-15;"Okres Bardejov";3063;137;3200;"SK0411"
2020-12-15;"Okres Bratislava I";946;36;982;"SK0101"
2020-12-15;"Okres Bratislava II";4202;121;4323;"SK0102"
2020-12-15;"Okres Bratislava III";3036;93;3129;"SK0103"
2020-12-15;"Okres Bratislava IV";318;28;346;"SK0104"
2020-12-15;"Okres Bratislava V";1790;96;1886;"SK0105"
2020-12-15;"Okres Brezno";989;152;1141;"SK0323"
2020-12-15;"Okres Čadca";1148;146;1294;"SK0312"
2020-12-15;"Okres Detva";209;21;230;"SK0324"
2020-12-15;"Okres Dolný Kubín";158;13;171;"SK0313"
2020-12-15;"Okres Dunajská Streda";1565;107;1672;"SK0211"
2020-12-15;"Okres Galanta";1411;146;1557;"SK0212"
2020-12-15;"Okres Gelnica";214;21;235;"SK0421"
2020-12-15;"Okres Hlohovec";702;82;784;"SK0213"
2020-12-15;"Okres Humenné";418;47;465;"SK0412"
2020-12-15;"Okres Ilava";275;77;352;"SK0222"
2020-12-15;"Okres Kežmarok";587;68;655;"SK0413"
2020-12-15;"Okres Komárno";670;49;719;"SK0231"
2020-12-15;"Okres Košice I";558;21;579;"SK0422"
2020-12-15;"Okres Košice II";871;53;924;"SK0423"
2020-12-15;"Okres Košice IV";527;28;555;"SK0425"
2020-12-15;"Okres Krupina";262;25;287;"SK0325"
2020-12-15;"Okres Kysucké Nové Mesto";3;1;4;"SK0314"
2020-12-15;"Okres Levice";3445;180;3625;"SK0232"
2020-12-15;"Okres Levoča";540;42;582;"SK0414"
2020-12-15;"Okres Liptovský Mikuláš";334;15;349;"SK0315"
2020-12-15;"Okres Lučenec";618;28;646;"SK0326"
2020-12-15;"Okres Malacky";1010;62;1072;"SK0106"
2020-12-15;"Okres Martin";826;53;879;"SK0316"
2020-12-15;"Okres Medzilaborce";72;5;77;"SK0415"
2020-12-15;"Okres Michalovce";942;60;1002;"SK0427"
2020-12-15;"Okres Myjava";326;36;362;"SK0223"
2020-12-15;"Okres Námestovo";150;5;155;"SK0317"
2020-12-15;"Okres Nitra";2200;238;2438;"SK0233"
2020-12-15;"Okres Nové Mesto nad Váhom";193;56;249;"SK0224"
2020-12-15;"Okres Nové Zámky";1449;100;1549;"SK0234"
2020-12-15;"Okres Partizánske";321;63;384;"SK0225"
2020-12-15;"Okres Pezinok";1014;74;1088;"SK0107"
2020-12-15;"Okres Piešťany";1259;67;1326;"SK0214"
2020-12-15;"Okres Poprad";960;98;1058;"SK0416"
2020-12-15;"Okres Považská Bystrica";460;89;549;"SK0226"
2020-12-15;"Okres Prešov";953;67;1020;"SK0417"
2020-12-15;"Okres Prievidza";783;99;882;"SK0227"
2020-12-15;"Okres Púchov";548;88;636;"SK0228"
2020-12-15;"Okres Revúca";720;33;753;"SK0328"
2020-12-15;"Okres Rimavská Sobota";403;28;431;"SK0329"
2020-12-15;"Okres Rožňava";496;26;522;"SK0428"
2020-12-15;"Okres Ružomberok";420;17;437;"SK0318"
2020-12-15;"Okres Sabinov";283;26;309;"SK0418"
2020-12-15;"Okres Senec";1156;47;1203;"SK0108"
2020-12-15;"Okres Senica";269;28;297;"SK0215"
2020-12-15;"Okres Skalica";368;26;394;"SK0216"
2020-12-15;"Okres Snina";1079;125;1204;"SK0419"
2020-12-15;"Okres Sobrance";266;17;283;"SK0429"
2020-12-15;"Okres Spišská Nová Ves";630;72;702;"SK042A"
2020-12-15;"Okres Stará Ľubovňa";249;35;284;"SK041A"
2020-12-15;"Okres Svidník";136;25;161;"SK041C"
2020-12-15;"Okres Šaľa";252;16;268;"SK0235"
2020-12-15;"Okres Topoľčany";1282;121;1403;"SK0236"
2020-12-15;"Okres Trebišov";862;55;917;"SK042B"
2020-12-15;"Okres Trenčín";860;125;985;"SK0229"
2020-12-15;"Okres Trnava";2317;323;2640;"SK0217"
2020-12-15;"Okres Tvrdošín";206;16;222;"SK031A"
2020-12-15;"Okres Veľký Krtíš";517;18;535;"SK032A"
2020-12-15;"Okres Vranov nad Topľou";297;74;371;"SK041D"
2020-12-15;"Okres Zlaté Moravce";612;83;695;"SK0237"
2020-12-15;"Okres Zvolen";644;49;693;"SK032B"
2020-12-15;"Okres Žarnovica";331;25;356;"SK032C"
2020-12-15;"Okres Žiar nad Hronom";317;33;350;"SK032D"
2020-12-15;"Okres Žilina";1115;130;1245;"SK031B"
2020-12-16;"Okres Bánovce nad Bebravou";460;52;512;"SK0221"
2020-12-16;"Okres Banská Bystrica";1001;77;1078;"SK0321"
2020-12-16;"Okres Banská Štiavnica";3824;204;4028;"SK0322"
2020-12-16;"Okres Bardejov";3016;144;3160;"SK0411"
2020-12-16;"Okres Bratislava I";1402;30;1432;"SK0101"
2020-12-16;"Okres Bratislava II";2775;90;2865;"SK0102"
2020-12-16;"Okres Bratislava III";5375;153;5528;"SK0103"
2020-12-16;"Okres Bratislava IV";271;12;283;"SK0104"
2020-12-16;"Okres Bratislava V";1765;118;1883;"SK0105"
2020-12-16;"Okres Brezno";234;43;277;"SK0323"
2020-12-16;"Okres Čadca";768;53;821;"SK0312"
2020-12-16;"Okres Detva";398;38;436;"SK0324"
2020-12-16;"Okres Dolný Kubín";128;11;139;"SK0313"
2020-12-16;"Okres Dunajská Streda";668;54;722;"SK0211"
2020-12-16;"Okres Galanta";1279;74;1353;"SK0212"
2020-12-16;"Okres Gelnica";447;22;469;"SK0421"
2020-12-16;"Okres Hlohovec";467;33;500;"SK0213"
2020-12-16;"Okres Humenné";545;35;580;"SK0412"
2020-12-16;"Okres Ilava";321;56;377;"SK0222"
2020-12-16;"Okres Kežmarok";430;48;478;"SK0413"
2020-12-16;"Okres Komárno";506;38;544;"SK0231"
2020-12-16;"Okres Košice I";614;30;644;"SK0422"
2020-12-16;"Okres Košice II";851;49;900;"SK0423"
2020-12-16;"Okres Košice IV";2389;57;2446;"SK0425"
2020-12-16;"Okres Krupina";977;17;994;"SK0325"
2020-12-16;"Okres Levice";2381;103;2484;"SK0232"
2020-12-16;"Okres Levoča";475;25;500;"SK0414"
2020-12-16;"Okres Liptovský Mikuláš";431;15;446;"SK0315"
2020-12-16;"Okres Lučenec";670;30;700;"SK0326"
2020-12-16;"Okres Malacky";1073;97;1170;"SK0106"
2020-12-16;"Okres Martin";1039;59;1098;"SK0316"
2020-12-16;"Okres Medzilaborce";61;3;64;"SK0415"
2020-12-16;"Okres Michalovce";948;67;1015;"SK0427"
2020-12-16;"Okres Myjava";278;13;291;"SK0223"
2020-12-16;"Okres Námestovo";149;5;154;"SK0317"
2020-12-16;"Okres Nitra";1526;186;1712;"SK0233"
2020-12-16;"Okres Nové Mesto nad Váhom";666;80;746;"SK0224"
2020-12-16;"Okres Nové Zámky";3368;143;3511;"SK0234"
2020-12-16;"Okres Partizánske";420;58;478;"SK0225"
2020-12-16;"Okres Pezinok";1172;56;1228;"SK0107"
2020-12-16;"Okres Piešťany";674;50;724;"SK0214"
2020-12-16;"Okres Poltár";134;6;140;"SK0327"
2020-12-16;"Okres Poprad";1012;74;1086;"SK0416"
2020-12-16;"Okres Považská Bystrica";476;69;545;"SK0226"
2020-12-16;"Okres Prešov";2098;143;2241;"SK0417"
2020-12-16;"Okres Prievidza";880;148;1028;"SK0227"
2020-12-16;"Okres Púchov";518;93;611;"SK0228"
2020-12-16;"Okres Revúca";434;22;456;"SK0328"
2020-12-16;"Okres Rimavská Sobota";587;34;621;"SK0329"
2020-12-16;"Okres Rožňava";430;13;443;"SK0428"
2020-12-16;"Okres Ružomberok";465;39;504;"SK0318"
2020-12-16;"Okres Sabinov";344;34;378;"SK0418"
2020-12-16;"Okres Senec";1237;23;1260;"SK0108"
2020-12-16;"Okres Senica";243;29;272;"SK0215"
2020-12-16;"Okres Skalica";497;35;532;"SK0216"
2020-12-16;"Okres Snina";364;42;406;"SK0419"
2020-12-16;"Okres Sobrance";176;10;186;"SK0429"
2020-12-16;"Okres Spišská Nová Ves";747;70;817;"SK042A"
2020-12-16;"Okres Stará Ľubovňa";217;20;237;"SK041A"
2020-12-16;"Okres Svidník";102;20;122;"SK041C"
2020-12-16;"Okres Šaľa";223;8;231;"SK0235"
2020-12-16;"Okres Topoľčany";771;61;832;"SK0236"
2020-12-16;"Okres Trebišov";697;36;733;"SK042B"
2020-12-16;"Okres Trenčín";817;116;933;"SK0229"
2020-12-16;"Okres Trnava";2628;224;2852;"SK0217"
2020-12-16;"Okres Tvrdošín";222;27;249;"SK031A"
2020-12-16;"Okres Veľký Krtíš";315;8;323;"SK032A"
2020-12-16;"Okres Vranov nad Topľou";252;67;319;"SK041D"
2020-12-16;"Okres Zlaté Moravce";388;19;407;"SK0237"
2020-12-16;"Okres Zvolen";704;45;749;"SK032B"
2020-12-16;"Okres Žarnovica";546;25;571;"SK032C"
2020-12-16;"Okres Žiar nad Hronom";664;32;696;"SK032D"
2020-12-16;"Okres Žilina";1110;99;1209;"SK031B"
2020-12-17;"Okres Bánovce nad Bebravou";461;68;529;"SK0221"
2020-12-17;"Okres Banská Bystrica";1015;89;1104;"SK0321"
2020-12-17;"Okres Banská Štiavnica";199;17;216;"SK0322"
2020-12-17;"Okres Bardejov";2889;153;3042;"SK0411"
2020-12-17;"Okres Bratislava I";1325;32;1357;"SK0101"
2020-12-17;"Okres Bratislava II";3185;114;3299;"SK0102"
2020-12-17;"Okres Bratislava III";2708;61;2769;"SK0103"
2020-12-17;"Okres Bratislava IV";354;20;374;"SK0104"
2020-12-17;"Okres Bratislava V";1163;26;1189;"SK0105"
2020-12-17;"Okres Brezno";350;98;448;"SK0323"
2020-12-17;"Okres Čadca";803;54;857;"SK0312"
2020-12-17;"Okres Detva";199;34;233;"SK0324"
2020-12-17;"Okres Dolný Kubín";147;11;158;"SK0313"
2020-12-17;"Okres Dunajská Streda";729;52;781;"SK0211"
2020-12-17;"Okres Galanta";1405;118;1523;"SK0212"
2020-12-17;"Okres Gelnica";438;26;464;"SK0421"
2020-12-17;"Okres Hlohovec";321;23;344;"SK0213"
2020-12-17;"Okres Humenné";5865;488;6353;"SK0412"
2020-12-17;"Okres Ilava";233;60;293;"SK0222"
2020-12-17;"Okres Kežmarok";263;14;277;"SK0413"
2020-12-17;"Okres Komárno";911;37;948;"SK0231"
2020-12-17;"Okres Košice I";470;14;484;"SK0422"
2020-12-17;"Okres Košice II";723;37;760;"SK0423"
2020-12-17;"Okres Košice IV";1533;29;1562;"SK0425"
2020-12-17;"Okres Krupina";262;8;270;"SK0325"
2020-12-17;"Okres Levice";1527;94;1621;"SK0232"
2020-12-17;"Okres Levoča";188;25;213;"SK0414"
2020-12-17;"Okres Liptovský Mikuláš";290;11;301;"SK0315"
2020-12-17;"Okres Lučenec";735;32;767;"SK0326"
2020-12-17;"Okres Malacky";941;95;1036;"SK0106"
2020-12-17;"Okres Martin";956;47;1003;"SK0316"
2020-12-17;"Okres Medzilaborce";86;4;90;"SK0415"
2020-12-17;"Okres Michalovce";898;65;963;"SK0427"
2020-12-17;"Okres Myjava";306;23;329;"SK0223"
2020-12-17;"Okres Námestovo";362;28;390;"SK0317"
2020-12-17;"Okres Nitra";1356;139;1495;"SK0233"
2020-12-17;"Okres Nové Mesto nad Váhom";440;56;496;"SK0224"
2020-12-17;"Okres Nové Zámky";2132;147;2279;"SK0234"
2020-12-17;"Okres Partizánske";299;51;350;"SK0225"
2020-12-17;"Okres Pezinok";1201;60;1261;"SK0107"
2020-12-17;"Okres Piešťany";695;46;741;"SK0214"
2020-12-17;"Okres Poltár";87;1;88;"SK0327"
2020-12-17;"Okres Poprad";629;44;673;"SK0416"
2020-12-17;"Okres Považská Bystrica";484;71;555;"SK0226"
2020-12-17;"Okres Prešov";1992;106;2098;"SK0417"
2020-12-17;"Okres Prievidza";819;83;902;"SK0227"
2020-12-17;"Okres Púchov";484;78;562;"SK0228"
2020-12-17;"Okres Revúca";607;31;638;"SK0328"
2020-12-17;"Okres Rimavská Sobota";648;19;667;"SK0329"
2020-12-17;"Okres Rožňava";650;11;661;"SK0428"
2020-12-17;"Okres Ružomberok";661;40;701;"SK0318"
2020-12-17;"Okres Sabinov";493;40;533;"SK0418"
2020-12-17;"Okres Senec";1192;40;1232;"SK0108"
2020-12-17;"Okres Senica";314;31;345;"SK0215"
2020-12-17;"Okres Skalica";460;24;484;"SK0216"
2020-12-17;"Okres Snina";336;19;355;"SK0419"
2020-12-17;"Okres Sobrance";256;24;280;"SK0429"
2020-12-17;"Okres Spišská Nová Ves";801;44;845;"SK042A"
2020-12-17;"Okres Stará Ľubovňa";182;70;252;"SK041A"
2020-12-17;"Okres Svidník";135;8;143;"SK041C"
2020-12-17;"Okres Šaľa";232;13;245;"SK0235"
2020-12-17;"Okres Topoľčany";1066;106;1172;"SK0236"
2020-12-17;"Okres Trebišov";654;42;696;"SK042B"
2020-12-17;"Okres Trenčín";655;78;733;"SK0229"
2020-12-17;"Okres Trnava";2446;263;2709;"SK0217"
2020-12-17;"Okres Tvrdošín";311;26;337;"SK031A"
2020-12-17;"Okres Veľký Krtíš";278;10;288;"SK032A"
2020-12-17;"Okres Vranov nad Topľou";235;39;274;"SK041D"
2020-12-17;"Okres Zlaté Moravce";459;53;512;"SK0237"
2020-12-17;"Okres Zvolen";857;74;931;"SK032B"
2020-12-17;"Okres Žarnovica";331;16;347;"SK032C"
2020-12-17;"Okres Žiar nad Hronom";3492;252;3744;"SK032D"
2020-12-17;"Okres Žilina";986;84;1070;"SK031B"
2020-12-18;"Okres Bánovce nad Bebravou";583;90;673;"SK0221"
2020-12-18;"Okres Banská Bystrica";1068;62;1130;"SK0321"
2020-12-18;"Okres Banská Štiavnica";3;2;5;"SK0322"
2020-12-18;"Okres Bardejov";3089;208;3297;"SK0411"
2020-12-18;"Okres Bratislava I";1539;30;1569;"SK0101"
2020-12-18;"Okres Bratislava II";2722;113;2835;"SK0102"
2020-12-18;"Okres Bratislava III";3730;96;3826;"SK0103"
2020-12-18;"Okres Bratislava IV";378;10;388;"SK0104"
2020-12-18;"Okres Bratislava V";842;22;864;"SK0105"
2020-12-18;"Okres Brezno";829;108;937;"SK0323"
2020-12-18;"Okres Čadca";1018;85;1103;"SK0312"
2020-12-18;"Okres Detva";229;38;267;"SK0324"
2020-12-18;"Okres Dolný Kubín";194;16;210;"SK0313"
2020-12-18;"Okres Dunajská Streda";732;73;805;"SK0211"
2020-12-18;"Okres Galanta";1295;99;1394;"SK0212"
2020-12-18;"Okres Gelnica";424;24;448;"SK0421"
2020-12-18;"Okres Hlohovec";365;24;389;"SK0213"
2020-12-18;"Okres Humenné";557;36;593;"SK0412"
2020-12-18;"Okres Ilava";321;62;383;"SK0222"
2020-12-18;"Okres Kežmarok";759;102;861;"SK0413"
2020-12-18;"Okres Komárno";4656;146;4802;"SK0231"
2020-12-18;"Okres Košice I";1203;45;1248;"SK0422"
2020-12-18;"Okres Košice II";1739;56;1795;"SK0423"
2020-12-18;"Okres Košice IV";1714;40;1754;"SK0425"
2020-12-18;"Okres Krupina";1;0;1;"SK0325"
2020-12-18;"Okres Levice";2614;141;2755;"SK0232"
2020-12-18;"Okres Levoča";321;24;345;"SK0414"
2020-12-18;"Okres Liptovský Mikuláš";356;15;371;"SK0315"
2020-12-18;"Okres Lučenec";1034;48;1082;"SK0326"
2020-12-18;"Okres Malacky";1618;99;1717;"SK0106"
2020-12-18;"Okres Martin";1587;95;1682;"SK0316"
2020-12-18;"Okres Medzilaborce";137;16;153;"SK0415"
2020-12-18;"Okres Michalovce";1046;60;1106;"SK0427"
2020-12-18;"Okres Myjava";309;18;327;"SK0223"
2020-12-18;"Okres Námestovo";263;13;276;"SK0317"
2020-12-18;"Okres Nitra";1124;109;1233;"SK0233"
2020-12-18;"Okres Nové Mesto nad Váhom";493;55;548;"SK0224"
2020-12-18;"Okres Nové Zámky";2753;216;2969;"SK0234"
2020-12-18;"Okres Partizánske";739;97;836;"SK0225"
2020-12-18;"Okres Pezinok";1105;31;1136;"SK0107"
2020-12-18;"Okres Piešťany";420;30;450;"SK0214"
2020-12-18;"Okres Poprad";1569;101;1670;"SK0416"
2020-12-18;"Okres Považská Bystrica";550;60;610;"SK0226"
2020-12-18;"Okres Prešov";2869;136;3005;"SK0417"
2020-12-18;"Okres Prievidza";1292;141;1433;"SK0227"
2020-12-18;"Okres Púchov";421;64;485;"SK0228"
2020-12-18;"Okres Revúca";547;14;561;"SK0328"
2020-12-18;"Okres Rimavská Sobota";468;10;478;"SK0329"
2020-12-18;"Okres Rožňava";779;10;789;"SK0428"
2020-12-18;"Okres Ružomberok";953;56;1009;"SK0318"
2020-12-18;"Okres Sabinov";516;42;558;"SK0418"
2020-12-18;"Okres Senec";1253;76;1329;"SK0108"
2020-12-18;"Okres Senica";304;28;332;"SK0215"
2020-12-18;"Okres Skalica";431;21;452;"SK0216"
2020-12-18;"Okres Snina";505;31;536;"SK0419"
2020-12-18;"Okres Sobrance";313;25;338;"SK0429"
2020-12-18;"Okres Spišská Nová Ves";949;46;995;"SK042A"
2020-12-18;"Okres Stará Ľubovňa";594;26;620;"SK041A"
2020-12-18;"Okres Svidník";295;27;322;"SK041C"
2020-12-18;"Okres Šaľa";5;0;5;"SK0235"
2020-12-18;"Okres Topoľčany";922;85;1007;"SK0236"
2020-12-18;"Okres Trebišov";1338;55;1393;"SK042B"
2020-12-18;"Okres Trenčín";879;88;967;"SK0229"
2020-12-18;"Okres Trnava";2769;172;2941;"SK0217"
2020-12-18;"Okres Tvrdošín";555;42;597;"SK031A"
2020-12-18;"Okres Veľký Krtíš";382;8;390;"SK032A"
2020-12-18;"Okres Vranov nad Topľou";280;39;319;"SK041D"
2020-12-18;"Okres Zlaté Moravce";249;26;275;"SK0237"
2020-12-18;"Okres Zvolen";1275;52;1327;"SK032B"
2020-12-18;"Okres Žiar nad Hronom";622;37;659;"SK032D"
2020-12-18;"Okres Žilina";2330;113;2443;"SK031B"
2020-12-19;"Okres Bánovce nad Bebravou";1;0;1;"SK0221"
2020-12-19;"Okres Banská Bystrica";942;27;969;"SK0321"
2020-12-19;"Okres Banská Štiavnica";630;40;670;"SK0322"
2020-12-19;"Okres Bratislava I";267;4;271;"SK0101"
2020-12-19;"Okres Bratislava II";1072;38;1110;"SK0102"
2020-12-19;"Okres Bratislava III";510;20;530;"SK0103"
2020-12-19;"Okres Bratislava V";360;8;368;"SK0105"
2020-12-19;"Okres Brezno";13;1;14;"SK0323"
2020-12-19;"Okres Čadca";711;29;740;"SK0312"
2020-12-19;"Okres Dunajská Streda";1;2;3;"SK0211"
2020-12-19;"Okres Galanta";686;52;738;"SK0212"
2020-12-19;"Okres Hlohovec";5;0;5;"SK0213"
2020-12-19;"Okres Humenné";7;0;7;"SK0412"
2020-12-19;"Okres Kežmarok";470;61;531;"SK0413"
2020-12-19;"Okres Komárno";485;18;503;"SK0231"
2020-12-19;"Okres Košice II";539;24;563;"SK0423"
2020-12-19;"Okres Košice IV";320;6;326;"SK0425"
2020-12-19;"Okres Krupina";0;1;1;"SK0325"
2020-12-19;"Okres Levice";783;35;818;"SK0232"
2020-12-19;"Okres Levoča";392;21;413;"SK0414"
2020-12-19;"Okres Liptovský Mikuláš";212;9;221;"SK0315"
2020-12-19;"Okres Lučenec";301;7;308;"SK0326"
2020-12-19;"Okres Malacky";437;29;466;"SK0106"
2020-12-19;"Okres Michalovce";332;20;352;"SK0427"
2020-12-19;"Okres Myjava";313;13;326;"SK0223"
2020-12-19;"Okres Nitra";217;33;250;"SK0233"
2020-12-19;"Okres Nové Mesto nad Váhom";200;39;239;"SK0224"
2020-12-19;"Okres Pezinok";729;30;759;"SK0107"
2020-12-19;"Okres Poprad";78;2;80;"SK0416"
2020-12-19;"Okres Považská Bystrica";271;41;312;"SK0226"
2020-12-19;"Okres Prešov";26;1;27;"SK0417"
2020-12-19;"Okres Prievidza";8;2;10;"SK0227"
2020-12-19;"Okres Revúca";583;12;595;"SK0328"
2020-12-19;"Okres Ružomberok";49;3;52;"SK0318"
2020-12-19;"Okres Senec";459;23;482;"SK0108"
2020-12-19;"Okres Senica";354;32;386;"SK0215"
2020-12-19;"Okres Skalica";361;17;378;"SK0216"
2020-12-19;"Okres Snina";333;26;359;"SK0419"
2020-12-19;"Okres Sobrance";322;8;330;"SK0429"
2020-12-19;"Okres Spišská Nová Ves";71;11;82;"SK042A"
2020-12-19;"Okres Stará Ľubovňa";276;19;295;"SK041A"
2020-12-19;"Okres Svidník";78;13;91;"SK041C"
2020-12-19;"Okres Šaľa";5;1;6;"SK0235"
2020-12-19;"Okres Topoľčany";997;72;1069;"SK0236"
2020-12-19;"Okres Trebišov";64;0;64;"SK042B"
2020-12-19;"Okres Trenčín";914;56;970;"SK0229"
2020-12-19;"Okres Vranov nad Topľou";336;44;380;"SK041D"
2020-12-19;"Okres Zvolen";472;24;496;"SK032B"
2020-12-19;"Okres Žiar nad Hronom";298;27;325;"SK032D"
2020-12-19;"Okres Žilina";1166;108;1274;"SK031B"
2020-12-20;"Okres Bánovce nad Bebravou";0;0;0;"SK0221"
2020-12-20;"Okres Banská Bystrica";188;0;188;"SK0321"
2020-12-20;"Okres Bratislava I";183;3;186;"SK0101"
2020-12-20;"Okres Bratislava II";131;31;162;"SK0102"
2020-12-20;"Okres Bratislava III";262;18;280;"SK0103"
2020-12-20;"Okres Bratislava IV";5;0;5;"SK0104"
2020-12-20;"Okres Bratislava V";488;25;513;"SK0105"
2020-12-20;"Okres Brezno";4;4;8;"SK0323"
2020-12-20;"Okres Čadca";165;22;187;"SK0312"
2020-12-20;"Okres Dunajská Streda";87;10;97;"SK0211"
2020-12-20;"Okres Galanta";2;1;3;"SK0212"
2020-12-20;"Okres Humenné";333;16;349;"SK0412"
2020-12-20;"Okres Komárno";29;3;32;"SK0231"
2020-12-20;"Okres Košice IV";0;0;0;"SK0425"
2020-12-20;"Okres Krupina";0;0;0;"SK0325"
2020-12-20;"Okres Levice";8;1;9;"SK0232"
2020-12-20;"Okres Lučenec";17;3;20;"SK0326"
2020-12-20;"Okres Michalovce";25;5;30;"SK0427"
2020-12-20;"Okres Nitra";0;2;2;"SK0233"
2020-12-20;"Okres Pezinok";4;2;6;"SK0107"
2020-12-20;"Okres Poprad";41;4;45;"SK0416"
2020-12-20;"Okres Považská Bystrica";48;2;50;"SK0226"
2020-12-20;"Okres Revúca";46;2;48;"SK0328"
2020-12-20;"Okres Ružomberok";11;3;14;"SK0318"
2020-12-20;"Okres Senec";6;0;6;"SK0108"
2020-12-20;"Okres Senica";21;1;22;"SK0215"
2020-12-20;"Okres Skalica";23;0;23;"SK0216"
2020-12-20;"Okres Snina";8;0;8;"SK0419"
2020-12-20;"Okres Sobrance";2;2;4;"SK0429"
2020-12-20;"Okres Spišská Nová Ves";25;3;28;"SK042A"
2020-12-20;"Okres Stará Ľubovňa";12;0;12;"SK041A"
2020-12-20;"Okres Šaľa";1;0;1;"SK0235"
2020-12-20;"Okres Topoľčany";12;4;16;"SK0236"
2020-12-20;"Okres Trebišov";44;4;48;"SK042B"
2020-12-20;"Okres Trenčín";24619;563;25182;"SK0229"
2020-12-20;"Okres Vranov nad Topľou";2;0;2;"SK041D"
2020-12-20;"Okres Zvolen";13;5;18;"SK032B"
2020-12-20;"Okres Žilina";503;66;569;"SK031B"
2020-12-21;"Okres Bánovce nad Bebravou";729;154;883;"SK0221"
2020-12-21;"Okres Banská Bystrica";635;28;663;"SK0321"
2020-12-21;"Okres Bardejov";3200;234;3434;"SK0411"
2020-12-21;"Okres Bratislava I";1659;58;1717;"SK0101"
2020-12-21;"Okres Bratislava II";2270;165;2435;"SK0102"
2020-12-21;"Okres Bratislava III";1564;80;1644;"SK0103"
2020-12-21;"Okres Bratislava IV";725;32;757;"SK0104"
2020-12-21;"Okres Bratislava V";9497;1533;11030;"SK0105"
2020-12-21;"Okres Brezno";436;92;528;"SK0323"
2020-12-21;"Okres Bytča";3857;436;4293;"SK0311"
2020-12-21;"Okres Čadca";798;79;877;"SK0312"
2020-12-21;"Okres Detva";261;51;312;"SK0324"
2020-12-21;"Okres Dolný Kubín";802;21;823;"SK0313"
2020-12-21;"Okres Dunajská Streda";944;86;1030;"SK0211"
2020-12-21;"Okres Galanta";604;60;664;"SK0212"
2020-12-21;"Okres Gelnica";576;62;638;"SK0421"
2020-12-21;"Okres Hlohovec";356;35;391;"SK0213"
2020-12-21;"Okres Humenné";1064;127;1191;"SK0412"
2020-12-21;"Okres Ilava";395;42;437;"SK0222"
2020-12-21;"Okres Kežmarok";658;115;773;"SK0413"
2020-12-21;"Okres Komárno";1023;69;1092;"SK0231"
2020-12-21;"Okres Košice I";471;34;505;"SK0422"
2020-12-21;"Okres Košice II";2449;112;2561;"SK0423"
2020-12-21;"Okres Košice IV";41;0;41;"SK0425"
2020-12-21;"Okres Krupina";223;37;260;"SK0325"
2020-12-21;"Okres Levice";2378;214;2592;"SK0232"
2020-12-21;"Okres Levoča";357;27;384;"SK0414"
2020-12-21;"Okres Liptovský Mikuláš";612;30;642;"SK0315"
2020-12-21;"Okres Lučenec";878;51;929;"SK0326"
2020-12-21;"Okres Malacky";715;117;832;"SK0106"
2020-12-21;"Okres Martin";1937;141;2078;"SK0316"
2020-12-21;"Okres Medzilaborce";180;17;197;"SK0415"
2020-12-21;"Okres Michalovce";690;124;814;"SK0427"
2020-12-21;"Okres Myjava";61;6;67;"SK0223"
2020-12-21;"Okres Námestovo";413;26;439;"SK0317"
2020-12-21;"Okres Nitra";990;169;1159;"SK0233"
2020-12-21;"Okres Nové Mesto nad Váhom";319;47;366;"SK0224"
2020-12-21;"Okres Nové Zámky";2600;275;2875;"SK0234"
2020-12-21;"Okres Partizánske";114;28;142;"SK0225"
2020-12-21;"Okres Pezinok";404;25;429;"SK0107"
2020-12-21;"Okres Piešťany";629;66;695;"SK0214"
2020-12-21;"Okres Poltár";227;8;235;"SK0327"
2020-12-21;"Okres Poprad";2471;177;2648;"SK0416"
2020-12-21;"Okres Považská Bystrica";340;38;378;"SK0226"
2020-12-21;"Okres Prešov";2921;232;3153;"SK0417"
2020-12-21;"Okres Prievidza";1334;163;1497;"SK0227"
2020-12-21;"Okres Púchov";622;69;691;"SK0228"
2020-12-21;"Okres Revúca";300;7;307;"SK0328"
2020-12-21;"Okres Rimavská Sobota";178;13;191;"SK0329"
2020-12-21;"Okres Rožňava";935;23;958;"SK0428"
2020-12-21;"Okres Ružomberok";1245;112;1357;"SK0318"
2020-12-21;"Okres Sabinov";1167;139;1306;"SK0418"
2020-12-21;"Okres Senec";910;54;964;"SK0108"
2020-12-21;"Okres Senica";476;36;512;"SK0215"
2020-12-21;"Okres Skalica";24;1;25;"SK0216"
2020-12-21;"Okres Snina";699;56;755;"SK0419"
2020-12-21;"Okres Sobrance";203;14;217;"SK0429"
2020-12-21;"Okres Spišská Nová Ves";1304;96;1400;"SK042A"
2020-12-21;"Okres Stará Ľubovňa";415;45;460;"SK041A"
2020-12-21;"Okres Svidník";233;15;248;"SK041C"
2020-12-21;"Okres Šaľa";190;42;232;"SK0235"
2020-12-21;"Okres Topoľčany";1379;224;1603;"SK0236"
2020-12-21;"Okres Trebišov";782;79;861;"SK042B"
2020-12-21;"Okres Trenčín";10885;633;11518;"SK0229"
2020-12-21;"Okres Trnava";2664;205;2869;"SK0217"
2020-12-21;"Okres Turčianske Teplice";1393;72;1465;"SK0319"
2020-12-21;"Okres Tvrdošín";643;69;712;"SK031A"
2020-12-21;"Okres Veľký Krtíš";384;20;404;"SK032A"
2020-12-21;"Okres Vranov nad Topľou";183;44;227;"SK041D"
2020-12-21;"Okres Zlaté Moravce";405;95;500;"SK0237"
2020-12-21;"Okres Zvolen";435;60;495;"SK032B"
2020-12-21;"Okres Žarnovica";504;51;555;"SK032C"
2020-12-21;"Okres Žiar nad Hronom";435;36;471;"SK032D"
2020-12-21;"Okres Žilina";1356;143;1499;"SK031B"
2020-12-22;"Okres Bánovce nad Bebravou";772;96;868;"SK0221"
2020-12-22;"Okres Banská Bystrica";1328;109;1437;"SK0321"
2020-12-22;"Okres Banská Štiavnica";693;54;747;"SK0322"
2020-12-22;"Okres Bardejov";3213;243;3456;"SK0411"
2020-12-22;"Okres Bratislava I";3129;64;3193;"SK0101"
2020-12-22;"Okres Bratislava II";5076;119;5195;"SK0102"
2020-12-22;"Okres Bratislava III";2899;113;3012;"SK0103"
2020-12-22;"Okres Bratislava IV";1529;79;1608;"SK0104"
2020-12-22;"Okres Bratislava V";2018;106;2124;"SK0105"
2020-12-22;"Okres Brezno";487;63;550;"SK0323"
2020-12-22;"Okres Bytča";524;86;610;"SK0311"
2020-12-22;"Okres Čadca";1373;105;1478;"SK0312"
2020-12-22;"Okres Detva";264;35;299;"SK0324"
2020-12-22;"Okres Dolný Kubín";319;25;344;"SK0313"
2020-12-22;"Okres Dunajská Streda";608;70;678;"SK0211"
2020-12-22;"Okres Galanta";1539;179;1718;"SK0212"
2020-12-22;"Okres Gelnica";610;42;652;"SK0421"
2020-12-22;"Okres Hlohovec";581;68;649;"SK0213"
2020-12-22;"Okres Humenné";1165;91;1256;"SK0412"
2020-12-22;"Okres Ilava";417;54;471;"SK0222"
2020-12-22;"Okres Kežmarok";809;78;887;"SK0413"
2020-12-22;"Okres Komárno";1419;88;1507;"SK0231"
2020-12-22;"Okres Košice I";732;19;751;"SK0422"
2020-12-22;"Okres Košice II";1128;66;1194;"SK0423"
2020-12-22;"Okres Košice IV";534;46;580;"SK0425"
2020-12-22;"Okres Krupina";252;12;264;"SK0325"
2020-12-22;"Okres Kysucké Nové Mesto";3081;374;3455;"SK0314"
2020-12-22;"Okres Levice";3816;252;4068;"SK0232"
2020-12-22;"Okres Levoča";460;47;507;"SK0414"
2020-12-22;"Okres Liptovský Mikuláš";593;22;615;"SK0315"
2020-12-22;"Okres Lučenec";1033;56;1089;"SK0326"
2020-12-22;"Okres Malacky";1232;119;1351;"SK0106"
2020-12-22;"Okres Martin";2280;86;2366;"SK0316"
2020-12-22;"Okres Medzilaborce";148;12;160;"SK0415"
2020-12-22;"Okres Michalovce";1829;120;1949;"SK0427"
2020-12-22;"Okres Myjava";410;21;431;"SK0223"
2020-12-22;"Okres Námestovo";274;15;289;"SK0317"
2020-12-22;"Okres Nitra";1659;284;1943;"SK0233"
2020-12-22;"Okres Nové Mesto nad Váhom";610;70;680;"SK0224"
2020-12-22;"Okres Nové Zámky";1973;116;2089;"SK0234"
2020-12-22;"Okres Partizánske";387;94;481;"SK0225"
2020-12-22;"Okres Pezinok";1602;206;1808;"SK0107"
2020-12-22;"Okres Piešťany";1225;66;1291;"SK0214"
2020-12-22;"Okres Poltár";208;2;210;"SK0327"
2020-12-22;"Okres Poprad";1828;141;1969;"SK0416"
2020-12-22;"Okres Považská Bystrica";886;131;1017;"SK0226"
2020-12-22;"Okres Prešov";1581;58;1639;"SK0417"
2020-12-22;"Okres Prievidza";981;83;1064;"SK0227"
2020-12-22;"Okres Púchov";662;73;735;"SK0228"
2020-12-22;"Okres Revúca";742;32;774;"SK0328"
2020-12-22;"Okres Rimavská Sobota";930;62;992;"SK0329"
2020-12-22;"Okres Rožňava";936;32;968;"SK0428"
2020-12-22;"Okres Ružomberok";2394;99;2493;"SK0318"
2020-12-22;"Okres Sabinov";1128;44;1172;"SK0418"
2020-12-22;"Okres Senec";1459;74;1533;"SK0108"
2020-12-22;"Okres Senica";382;22;404;"SK0215"
2020-12-22;"Okres Skalica";297;31;328;"SK0216"
2020-12-22;"Okres Snina";672;40;712;"SK0419"
2020-12-22;"Okres Sobrance";356;24;380;"SK0429"
2020-12-22;"Okres Spišská Nová Ves";1238;71;1309;"SK042A"
2020-12-22;"Okres Stará Ľubovňa";518;54;572;"SK041A"
2020-12-22;"Okres Stropkov";65;4;69;"SK041B"
2020-12-22;"Okres Svidník";453;46;499;"SK041C"
2020-12-22;"Okres Šaľa";1588;77;1665;"SK0235"
2020-12-22;"Okres Topoľčany";2196;262;2458;"SK0236"
2020-12-22;"Okres Trebišov";1130;73;1203;"SK042B"
2020-12-22;"Okres Trenčín";1200;136;1336;"SK0229"
2020-12-22;"Okres Trnava";3295;162;3457;"SK0217"
2020-12-22;"Okres Turčianske Teplice";174;19;193;"SK0319"
2020-12-22;"Okres Tvrdošín";646;30;676;"SK031A"
2020-12-22;"Okres Veľký Krtíš";411;30;441;"SK032A"
2020-12-22;"Okres Vranov nad Topľou";394;63;457;"SK041D"
2020-12-22;"Okres Zlaté Moravce";467;71;538;"SK0237"
2020-12-22;"Okres Zvolen";828;63;891;"SK032B"
2020-12-22;"Okres Žarnovica";841;59;900;"SK032C"
2020-12-22;"Okres Žiar nad Hronom";590;61;651;"SK032D"
2020-12-22;"Okres Žilina";2682;233;2915;"SK031B"
2020-12-23;"Okres Bánovce nad Bebravou";780;112;892;"SK0221"
2020-12-23;"Okres Banská Bystrica";2490;68;2558;"SK0321"
2020-12-23;"Okres Banská Štiavnica";468;15;483;"SK0322"
2020-12-23;"Okres Bardejov";1790;52;1842;"SK0411"
2020-12-23;"Okres Bratislava I";1848;52;1900;"SK0101"
2020-12-23;"Okres Bratislava II";3460;93;3553;"SK0102"
2020-12-23;"Okres Bratislava III";2931;101;3032;"SK0103"
2020-12-23;"Okres Bratislava IV";791;20;811;"SK0104"
2020-12-23;"Okres Bratislava V";1739;56;1795;"SK0105"
2020-12-23;"Okres Brezno";697;68;765;"SK0323"
2020-12-23;"Okres Bytča";354;76;430;"SK0311"
2020-12-23;"Okres Čadca";3408;216;3624;"SK0312"
2020-12-23;"Okres Detva";230;46;276;"SK0324"
2020-12-23;"Okres Dolný Kubín";2007;113;2120;"SK0313"
2020-12-23;"Okres Dunajská Streda";1301;86;1387;"SK0211"
2020-12-23;"Okres Galanta";1549;81;1630;"SK0212"
2020-12-23;"Okres Gelnica";578;16;594;"SK0421"
2020-12-23;"Okres Hlohovec";773;65;838;"SK0213"
2020-12-23;"Okres Humenné";1433;66;1499;"SK0412"
2020-12-23;"Okres Ilava";603;51;654;"SK0222"
2020-12-23;"Okres Kežmarok";1109;128;1237;"SK0413"
2020-12-23;"Okres Komárno";1038;55;1093;"SK0231"
2020-12-23;"Okres Košice I";787;22;809;"SK0422"
2020-12-23;"Okres Košice II";1550;63;1613;"SK0423"
2020-12-23;"Okres Košice IV";725;24;749;"SK0425"
2020-12-23;"Okres Krupina";241;21;262;"SK0325"
2020-12-23;"Okres Kysucké Nové Mesto";233;39;272;"SK0314"
2020-12-23;"Okres Levice";2702;163;2865;"SK0232"
2020-12-23;"Okres Levoča";612;36;648;"SK0414"
2020-12-23;"Okres Liptovský Mikuláš";2248;133;2381;"SK0315"
2020-12-23;"Okres Lučenec";1153;57;1210;"SK0326"
2020-12-23;"Okres Malacky";1283;108;1391;"SK0106"
2020-12-23;"Okres Martin";2657;130;2787;"SK0316"
2020-12-23;"Okres Medzilaborce";241;9;250;"SK0415"
2020-12-23;"Okres Michalovce";1641;79;1720;"SK0427"
2020-12-23;"Okres Myjava";507;23;530;"SK0223"
2020-12-23;"Okres Námestovo";2184;143;2327;"SK0317"
2020-12-23;"Okres Nitra";925;131;1056;"SK0233"
2020-12-23;"Okres Nové Mesto nad Váhom";669;61;730;"SK0224"
2020-12-23;"Okres Nové Zámky";11624;349;11973;"SK0234"
2020-12-23;"Okres Partizánske";625;121;746;"SK0225"
2020-12-23;"Okres Pezinok";1501;73;1574;"SK0107"
2020-12-23;"Okres Piešťany";642;37;679;"SK0214"
2020-12-23;"Okres Poltár";329;7;336;"SK0327"
2020-12-23;"Okres Poprad";1973;93;2066;"SK0416"
2020-12-23;"Okres Považská Bystrica";896;105;1001;"SK0226"
2020-12-23;"Okres Prešov";3263;145;3408;"SK0417"
2020-12-23;"Okres Prievidza";987;72;1059;"SK0227"
2020-12-23;"Okres Púchov";782;76;858;"SK0228"
2020-12-23;"Okres Revúca";771;22;793;"SK0328"
2020-12-23;"Okres Rimavská Sobota";655;20;675;"SK0329"
2020-12-23;"Okres Rožňava";732;27;759;"SK0428"
2020-12-23;"Okres Ružomberok";1787;89;1876;"SK0318"
2020-12-23;"Okres Sabinov";1185;56;1241;"SK0418"
2020-12-23;"Okres Senec";1425;48;1473;"SK0108"
2020-12-23;"Okres Senica";348;25;373;"SK0215"
2020-12-23;"Okres Skalica";842;39;881;"SK0216"
2020-12-23;"Okres Snina";739;45;784;"SK0419"
2020-12-23;"Okres Sobrance";323;24;347;"SK0429"
2020-12-23;"Okres Spišská Nová Ves";866;45;911;"SK042A"
2020-12-23;"Okres Stará Ľubovňa";794;54;848;"SK041A"
2020-12-23;"Okres Stropkov";218;4;222;"SK041B"
2020-12-23;"Okres Svidník";435;34;469;"SK041C"
2020-12-23;"Okres Šaľa";411;27;438;"SK0235"
2020-12-23;"Okres Topoľčany";1802;154;1956;"SK0236"
2020-12-23;"Okres Trebišov";1303;70;1373;"SK042B"
2020-12-23;"Okres Trenčín";1445;128;1573;"SK0229"
2020-12-23;"Okres Trnava";3939;159;4098;"SK0217"
2020-12-23;"Okres Turčianske Teplice";183;6;189;"SK0319"
2020-12-23;"Okres Tvrdošín";774;37;811;"SK031A"
2020-12-23;"Okres Veľký Krtíš";558;23;581;"SK032A"
2020-12-23;"Okres Vranov nad Topľou";494;50;544;"SK041D"
2020-12-23;"Okres Zlaté Moravce";452;71;523;"SK0237"
2020-12-23;"Okres Zvolen";845;57;902;"SK032B"
2020-12-23;"Okres Žarnovica";971;69;1040;"SK032C"
2020-12-23;"Okres Žiar nad Hronom";824;36;860;"SK032D"
2020-12-23;"Okres Žilina";2076;128;2204;"SK031B"
2020-12-24;"Okres Bánovce nad Bebravou";0;0;0;"SK0221"
2020-12-24;"Okres Banská Bystrica";921;31;952;"SK0321"
2020-12-24;"Okres Bardejov";3;0;3;"SK0411"
2020-12-24;"Okres Bratislava I";602;15;617;"SK0101"
2020-12-24;"Okres Bratislava II";944;20;964;"SK0102"
2020-12-24;"Okres Bratislava III";363;24;387;"SK0103"
2020-12-24;"Okres Bratislava V";233;10;243;"SK0105"
2020-12-24;"Okres Čadca";521;39;560;"SK0312"
2020-12-24;"Okres Detva";6;2;8;"SK0324"
2020-12-24;"Okres Dunajská Streda";479;39;518;"SK0211"
2020-12-24;"Okres Galanta";847;73;920;"SK0212"
2020-12-24;"Okres Hlohovec";8;1;9;"SK0213"
2020-12-24;"Okres Humenné";3;0;3;"SK0412"
2020-12-24;"Okres Ilava";283;51;334;"SK0222"
2020-12-24;"Okres Kežmarok";404;56;460;"SK0413"
2020-12-24;"Okres Komárno";459;21;480;"SK0231"
2020-12-24;"Okres Košice II";434;19;453;"SK0423"
2020-12-24;"Okres Košice IV";265;4;269;"SK0425"
2020-12-24;"Okres Levice";720;61;781;"SK0232"
2020-12-24;"Okres Levoča";295;16;311;"SK0414"
2020-12-24;"Okres Liptovský Mikuláš";124;13;137;"SK0315"
2020-12-24;"Okres Lučenec";321;18;339;"SK0326"
2020-12-24;"Okres Malacky";486;13;499;"SK0106"
2020-12-24;"Okres Michalovce";351;36;387;"SK0427"
2020-12-24;"Okres Myjava";174;5;179;"SK0223"
2020-12-24;"Okres Nitra";265;44;309;"SK0233"
2020-12-24;"Okres Nové Mesto nad Váhom";505;52;557;"SK0224"
2020-12-24;"Okres Partizánske";423;61;484;"SK0225"
2020-12-24;"Okres Pezinok";885;26;911;"SK0107"
2020-12-24;"Okres Poprad";432;35;467;"SK0416"
2020-12-24;"Okres Považská Bystrica";600;67;667;"SK0226"
2020-12-24;"Okres Púchov";48;0;48;"SK0228"
2020-12-24;"Okres Revúca";446;14;460;"SK0328"
2020-12-24;"Okres Rimavská Sobota";1388;48;1436;"SK0329"
2020-12-24;"Okres Ružomberok";21;1;22;"SK0318"
2020-12-24;"Okres Sabinov";146;5;151;"SK0418"
2020-12-24;"Okres Senec";494;13;507;"SK0108"
2020-12-24;"Okres Senica";10;0;10;"SK0215"
2020-12-24;"Okres Snina";15;1;16;"SK0419"
2020-12-24;"Okres Sobrance";154;4;158;"SK0429"
2020-12-24;"Okres Spišská Nová Ves";370;29;399;"SK042A"
2020-12-24;"Okres Stará Ľubovňa";43;1;44;"SK041A"
2020-12-24;"Okres Svidník";148;5;153;"SK041C"
2020-12-24;"Okres Topoľčany";627;85;712;"SK0236"
2020-12-24;"Okres Trebišov";26;0;26;"SK042B"
2020-12-24;"Okres Trenčín";282;30;312;"SK0229"
2020-12-24;"Okres Trnava";30;8;38;"SK0217"
2020-12-24;"Okres Turčianske Teplice";1;0;1;"SK0319"
2020-12-24;"Okres Vranov nad Topľou";197;15;212;"SK041D"
2020-12-24;"Okres Zlaté Moravce";1;1;2;"SK0237"
2020-12-24;"Okres Zvolen";277;17;294;"SK032B"
2020-12-24;"Okres Žarnovica";3;0;3;"SK032C"
2020-12-24;"Okres Žiar nad Hronom";435;9;444;"SK032D"
2020-12-24;"Okres Žilina";457;34;491;"SK031B"
2020-12-25;"Okres Bánovce nad Bebravou";1;0;1;"SK0221"
2020-12-25;"Okres Banská Bystrica";35;0;35;"SK0321"
2020-12-25;"Okres Bardejov";9;0;9;"SK0411"
2020-12-25;"Okres Bratislava I";52;6;58;"SK0101"
2020-12-25;"Okres Bratislava II";107;15;122;"SK0102"
2020-12-25;"Okres Bratislava III";421;24;445;"SK0103"
2020-12-25;"Okres Bratislava V";54;3;57;"SK0105"
2020-12-25;"Okres Brezno";0;1;1;"SK0323"
2020-12-25;"Okres Čadca";76;12;88;"SK0312"
2020-12-25;"Okres Detva";8;1;9;"SK0324"
2020-12-25;"Okres Dunajská Streda";18;2;20;"SK0211"
2020-12-25;"Okres Galanta";0;0;0;"SK0212"
2020-12-25;"Okres Hlohovec";10;0;10;"SK0213"
2020-12-25;"Okres Humenné";1;0;1;"SK0412"
2020-12-25;"Okres Komárno";13;6;19;"SK0231"
2020-12-25;"Okres Košice II";70;1;71;"SK0423"
2020-12-25;"Okres Levice";22;0;22;"SK0232"
2020-12-25;"Okres Levoča";3;0;3;"SK0414"
2020-12-25;"Okres Lučenec";21;1;22;"SK0326"
2020-12-25;"Okres Malacky";30;7;37;"SK0106"
2020-12-25;"Okres Martin";6;0;6;"SK0316"
2020-12-25;"Okres Michalovce";21;2;23;"SK0427"
2020-12-25;"Okres Myjava";70;2;72;"SK0223"
2020-12-25;"Okres Nitra";9;5;14;"SK0233"
2020-12-25;"Okres Partizánske";37;9;46;"SK0225"
2020-12-25;"Okres Pezinok";9;1;10;"SK0107"
2020-12-25;"Okres Piešťany";8;1;9;"SK0214"
2020-12-25;"Okres Poprad";303;8;311;"SK0416"
2020-12-25;"Okres Prešov";23;0;23;"SK0417"
2020-12-25;"Okres Revúca";43;3;46;"SK0328"
2020-12-25;"Okres Ružomberok";6;2;8;"SK0318"
2020-12-25;"Okres Skalica";6;0;6;"SK0216"
2020-12-25;"Okres Snina";7;1;8;"SK0419"
2020-12-25;"Okres Sobrance";4;0;4;"SK0429"
2020-12-25;"Okres Spišská Nová Ves";19;5;24;"SK042A"
2020-12-25;"Okres Stará Ľubovňa";13;3;16;"SK041A"
2020-12-25;"Okres Topoľčany";16;0;16;"SK0236"
2020-12-25;"Okres Trebišov";52;4;56;"SK042B"
2020-12-25;"Okres Trenčín";268;40;308;"SK0229"
2020-12-25;"Okres Trnava";7;2;9;"SK0217"
2020-12-25;"Okres Zvolen";0;0;0;"SK032B"
2020-12-25;"Okres Žarnovica";1;0;1;"SK032C"
2020-12-25;"Okres Žiar nad Hronom";212;4;216;"SK032D"
2020-12-25;"Okres Žilina";31;1;32;"SK031B"
2020-12-26;"Okres Bánovce nad Bebravou";2;0;2;"SK0221"
2020-12-26;"Okres Banská Bystrica";71;7;78;"SK0321"
2020-12-26;"Okres Bratislava I";70;0;70;"SK0101"
2020-12-26;"Okres Bratislava II";94;10;104;"SK0102"
2020-12-26;"Okres Bratislava III";123;2;125;"SK0103"
2020-12-26;"Okres Bratislava IV";7;1;8;"SK0104"
2020-12-26;"Okres Bratislava V";403;16;419;"SK0105"
2020-12-26;"Okres Čadca";222;12;234;"SK0312"
2020-12-26;"Okres Detva";66;3;69;"SK0324"
2020-12-26;"Okres Dunajská Streda";37;0;37;"SK0211"
2020-12-26;"Okres Humenné";0;0;0;"SK0412"
2020-12-26;"Okres Ilava";9;5;14;"SK0222"
2020-12-26;"Okres Kežmarok";6;0;6;"SK0413"
2020-12-26;"Okres Komárno";22;6;28;"SK0231"
2020-12-26;"Okres Košice II";91;2;93;"SK0423"
2020-12-26;"Okres Krupina";20;14;34;"SK0325"
2020-12-26;"Okres Levice";258;41;299;"SK0232"
2020-12-26;"Okres Levoča";2;0;2;"SK0414"
2020-12-26;"Okres Liptovský Mikuláš";391;34;425;"SK0315"
2020-12-26;"Okres Lučenec";16;2;18;"SK0326"
2020-12-26;"Okres Michalovce";41;10;51;"SK0427"
2020-12-26;"Okres Myjava";64;0;64;"SK0223"
2020-12-26;"Okres Nitra";2;3;5;"SK0233"
2020-12-26;"Okres Nové Mesto nad Váhom";1;2;3;"SK0224"
2020-12-26;"Okres Pezinok";3;5;8;"SK0107"
2020-12-26;"Okres Piešťany";7;0;7;"SK0214"
2020-12-26;"Okres Poltár";0;2;2;"SK0327"
2020-12-26;"Okres Poprad";201;11;212;"SK0416"
2020-12-26;"Okres Považská Bystrica";1;0;1;"SK0226"
2020-12-26;"Okres Púchov";28;0;28;"SK0228"
2020-12-26;"Okres Revúca";5;0;5;"SK0328"
2020-12-26;"Okres Rožňava";162;2;164;"SK0428"
2020-12-26;"Okres Ružomberok";12;7;19;"SK0318"
2020-12-26;"Okres Sabinov";16;0;16;"SK0418"
2020-12-26;"Okres Snina";7;1;8;"SK0419"
2020-12-26;"Okres Sobrance";5;0;5;"SK0429"
2020-12-26;"Okres Spišská Nová Ves";26;10;36;"SK042A"
2020-12-26;"Okres Stará Ľubovňa";18;4;22;"SK041A"
2020-12-26;"Okres Topoľčany";15;6;21;"SK0236"
2020-12-26;"Okres Trebišov";50;0;50;"SK042B"
2020-12-26;"Okres Trenčín";1;3;4;"SK0229"
2020-12-26;"Okres Trnava";0;1;1;"SK0217"
2020-12-26;"Okres Turčianske Teplice";3;0;3;"SK0319"
2020-12-26;"Okres Vranov nad Topľou";20;0;20;"SK041D"
2020-12-26;"Okres Zvolen";17;6;23;"SK032B"
2020-12-26;"Okres Žiar nad Hronom";121;4;125;"SK032D"
2020-12-26;"Okres Žilina";76;1;77;"SK031B"
2020-12-27;"Okres Banská Bystrica";296;5;301;"SK0321"
2020-12-27;"Okres Bardejov";45;12;57;"SK0411"
2020-12-27;"Okres Bratislava I";59;0;59;"SK0101"
2020-12-27;"Okres Bratislava II";84;9;93;"SK0102"
2020-12-27;"Okres Bratislava III";211;23;234;"SK0103"
2020-12-27;"Okres Bratislava IV";1;0;1;"SK0104"
2020-12-27;"Okres Bratislava V";469;57;526;"SK0105"
2020-12-27;"Okres Brezno";0;1;1;"SK0323"
2020-12-27;"Okres Čadca";246;40;286;"SK0312"
2020-12-27;"Okres Detva";83;5;88;"SK0324"
2020-12-27;"Okres Dunajská Streda";2;0;2;"SK0211"
2020-12-27;"Okres Galanta";5;2;7;"SK0212"
2020-12-27;"Okres Hlohovec";2;0;2;"SK0213"
2020-12-27;"Okres Humenné";0;0;0;"SK0412"
2020-12-27;"Okres Ilava";5;0;5;"SK0222"
2020-12-27;"Okres Kežmarok";22;1;23;"SK0413"
2020-12-27;"Okres Komárno";24;6;30;"SK0231"
2020-12-27;"Okres Košice IV";94;0;94;"SK0425"
2020-12-27;"Okres Krupina";1;0;1;"SK0325"
2020-12-27;"Okres Kysucké Nové Mesto";1;0;1;"SK0314"
2020-12-27;"Okres Levice";6;0;6;"SK0232"
2020-12-27;"Okres Levoča";1;0;1;"SK0414"
2020-12-27;"Okres Liptovský Mikuláš";538;70;608;"SK0315"
2020-12-27;"Okres Lučenec";14;1;15;"SK0326"
2020-12-27;"Okres Malacky";4;0;4;"SK0106"
2020-12-27;"Okres Medzilaborce";16;0;16;"SK0415"
2020-12-27;"Okres Michalovce";43;6;49;"SK0427"
2020-12-27;"Okres Nitra";5;1;6;"SK0233"
2020-12-27;"Okres Pezinok";25;0;25;"SK0107"
2020-12-27;"Okres Poprad";745;27;772;"SK0416"
2020-12-27;"Okres Považská Bystrica";1;0;1;"SK0226"
2020-12-27;"Okres Púchov";38;0;38;"SK0228"
2020-12-27;"Okres Revúca";24;2;26;"SK0328"
2020-12-27;"Okres Ružomberok";8;4;12;"SK0318"
2020-12-27;"Okres Sabinov";12;1;13;"SK0418"
2020-12-27;"Okres Senec";5;1;6;"SK0108"
2020-12-27;"Okres Skalica";8;0;8;"SK0216"
2020-12-27;"Okres Snina";11;2;13;"SK0419"
2020-12-27;"Okres Sobrance";5;1;6;"SK0429"
2020-12-27;"Okres Spišská Nová Ves";27;9;36;"SK042A"
2020-12-27;"Okres Stará Ľubovňa";15;4;19;"SK041A"
2020-12-27;"Okres Topoľčany";25;1;26;"SK0236"
2020-12-27;"Okres Trebišov";50;0;50;"SK042B"
2020-12-27;"Okres Trenčín";166;36;202;"SK0229"
2020-12-27;"Okres Trnava";3;2;5;"SK0217"
2020-12-27;"Okres Tvrdošín";5;0;5;"SK031A"
2020-12-27;"Okres Zvolen";26;12;38;"SK032B"
2020-12-27;"Okres Žarnovica";1;0;1;"SK032C"
2020-12-27;"Okres Žiar nad Hronom";111;5;116;"SK032D"
2020-12-27;"Okres Žilina";9;0;9;"SK031B"
2020-12-28;"Okres Bánovce nad Bebravou";622;131;753;"SK0221"
2020-12-28;"Okres Banská Bystrica";492;62;554;"SK0321"
2020-12-28;"Okres Banská Štiavnica";370;29;399;"SK0322"
2020-12-28;"Okres Bardejov";4218;441;4659;"SK0411"
2020-12-28;"Okres Bratislava I";1671;46;1717;"SK0101"
2020-12-28;"Okres Bratislava II";2032;120;2152;"SK0102"
2020-12-28;"Okres Bratislava III";1720;141;1861;"SK0103"
2020-12-28;"Okres Bratislava IV";803;47;850;"SK0104"
2020-12-28;"Okres Bratislava V";1531;18;1549;"SK0105"
2020-12-28;"Okres Brezno";1571;228;1799;"SK0323"
2020-12-28;"Okres Bytča";444;60;504;"SK0311"
2020-12-28;"Okres Čadca";1300;132;1432;"SK0312"
2020-12-28;"Okres Detva";310;62;372;"SK0324"
2020-12-28;"Okres Dolný Kubín";916;85;1001;"SK0313"
2020-12-28;"Okres Dunajská Streda";554;98;652;"SK0211"
2020-12-28;"Okres Galanta";926;137;1063;"SK0212"
2020-12-28;"Okres Gelnica";561;46;607;"SK0421"
2020-12-28;"Okres Hlohovec";649;109;758;"SK0213"
2020-12-28;"Okres Humenné";1260;149;1409;"SK0412"
2020-12-28;"Okres Ilava";87;14;101;"SK0222"
2020-12-28;"Okres Kežmarok";677;110;787;"SK0413"
2020-12-28;"Okres Komárno";871;120;991;"SK0231"
2020-12-28;"Okres Košice I";593;52;645;"SK0422"
2020-12-28;"Okres Košice II";1127;85;1212;"SK0423"
2020-12-28;"Okres Košice IV";2867;365;3232;"SK0425"
2020-12-28;"Okres Krupina";240;11;251;"SK0325"
2020-12-28;"Okres Kysucké Nové Mesto";216;23;239;"SK0314"
2020-12-28;"Okres Levice";2193;313;2506;"SK0232"
2020-12-28;"Okres Levoča";495;47;542;"SK0414"
2020-12-28;"Okres Liptovský Mikuláš";1189;70;1259;"SK0315"
2020-12-28;"Okres Lučenec";886;102;988;"SK0326"
2020-12-28;"Okres Malacky";748;119;867;"SK0106"
2020-12-28;"Okres Martin";2480;250;2730;"SK0316"
2020-12-28;"Okres Medzilaborce";448;78;526;"SK0415"
2020-12-28;"Okres Michalovce";1052;130;1182;"SK0427"
2020-12-28;"Okres Myjava";281;9;290;"SK0223"
2020-12-28;"Okres Námestovo";1172;97;1269;"SK0317"
2020-12-28;"Okres Nitra";982;253;1235;"SK0233"
2020-12-28;"Okres Nové Mesto nad Váhom";595;132;727;"SK0224"
2020-12-28;"Okres Nové Zámky";1962;233;2195;"SK0234"
2020-12-28;"Okres Partizánske";172;52;224;"SK0225"
2020-12-28;"Okres Pezinok";574;57;631;"SK0107"
2020-12-28;"Okres Piešťany";548;60;608;"SK0214"
2020-12-28;"Okres Poltár";264;13;277;"SK0327"
2020-12-28;"Okres Poprad";1950;191;2141;"SK0416"
2020-12-28;"Okres Považská Bystrica";349;71;420;"SK0226"
2020-12-28;"Okres Prešov";1580;127;1707;"SK0417"
2020-12-28;"Okres Prievidza";873;141;1014;"SK0227"
2020-12-28;"Okres Púchov";923;136;1059;"SK0228"
2020-12-28;"Okres Revúca";337;28;365;"SK0328"
2020-12-28;"Okres Rimavská Sobota";383;11;394;"SK0329"
2020-12-28;"Okres Rožňava";1412;54;1466;"SK0428"
2020-12-28;"Okres Ružomberok";1367;169;1536;"SK0318"
2020-12-28;"Okres Sabinov";1448;182;1630;"SK0418"
2020-12-28;"Okres Senec";845;75;920;"SK0108"
2020-12-28;"Okres Senica";360;31;391;"SK0215"
2020-12-28;"Okres Skalica";101;15;116;"SK0216"
2020-12-28;"Okres Snina";605;89;694;"SK0419"
2020-12-28;"Okres Sobrance";239;22;261;"SK0429"
2020-12-28;"Okres Spišská Nová Ves";1192;155;1347;"SK042A"
2020-12-28;"Okres Stará Ľubovňa";311;45;356;"SK041A"
2020-12-28;"Okres Stropkov";149;15;164;"SK041B"
2020-12-28;"Okres Svidník";267;34;301;"SK041C"
2020-12-28;"Okres Šaľa";567;127;694;"SK0235"
2020-12-28;"Okres Topoľčany";1087;264;1351;"SK0236"
2020-12-28;"Okres Trebišov";1075;92;1167;"SK042B"
2020-12-28;"Okres Trenčín";1201;275;1476;"SK0229"
2020-12-28;"Okres Trnava";3632;340;3972;"SK0217"
2020-12-28;"Okres Turčianske Teplice";179;9;188;"SK0319"
2020-12-28;"Okres Tvrdošín";750;70;820;"SK031A"
2020-12-28;"Okres Veľký Krtíš";463;25;488;"SK032A"
2020-12-28;"Okres Vranov nad Topľou";218;38;256;"SK041D"
2020-12-28;"Okres Zlaté Moravce";439;119;558;"SK0237"
2020-12-28;"Okres Zvolen";400;79;479;"SK032B"
2020-12-28;"Okres Žarnovica";85;29;114;"SK032C"
2020-12-28;"Okres Žiar nad Hronom";372;33;405;"SK032D"
2020-12-28;"Okres Žilina";1923;155;2078;"SK031B"
2020-12-29;"Okres Bánovce nad Bebravou";452;60;512;"SK0221"
2020-12-29;"Okres Banská Bystrica";1845;112;1957;"SK0321"
2020-12-29;"Okres Banská Štiavnica";1;0;1;"SK0322"
2020-12-29;"Okres Bardejov";2926;206;3132;"SK0411"
2020-12-29;"Okres Bratislava I";1055;27;1082;"SK0101"
2020-12-29;"Okres Bratislava II";3266;151;3417;"SK0102"
2020-12-29;"Okres Bratislava III";2541;151;2692;"SK0103"
2020-12-29;"Okres Bratislava IV";568;60;628;"SK0104"
2020-12-29;"Okres Bratislava V";1179;76;1255;"SK0105"
2020-12-29;"Okres Brezno";815;110;925;"SK0323"
2020-12-29;"Okres Bytča";408;76;484;"SK0311"
2020-12-29;"Okres Čadca";1670;156;1826;"SK0312"
2020-12-29;"Okres Detva";256;63;319;"SK0324"
2020-12-29;"Okres Dolný Kubín";605;58;663;"SK0313"
2020-12-29;"Okres Dunajská Streda";853;91;944;"SK0211"
2020-12-29;"Okres Galanta";1384;203;1587;"SK0212"
2020-12-29;"Okres Gelnica";445;42;487;"SK0421"
2020-12-29;"Okres Hlohovec";763;118;881;"SK0213"
2020-12-29;"Okres Humenné";820;77;897;"SK0412"
2020-12-29;"Okres Ilava";315;94;409;"SK0222"
2020-12-29;"Okres Kežmarok";838;170;1008;"SK0413"
2020-12-29;"Okres Komárno";1333;122;1455;"SK0231"
2020-12-29;"Okres Košice I";577;36;613;"SK0422"
2020-12-29;"Okres Košice II";1677;78;1755;"SK0423"
2020-12-29;"Okres Košice IV";502;37;539;"SK0425"
2020-12-29;"Okres Krupina";244;26;270;"SK0325"
2020-12-29;"Okres Kysucké Nové Mesto";186;55;241;"SK0314"
2020-12-29;"Okres Levice";2896;323;3219;"SK0232"
2020-12-29;"Okres Levoča";822;62;884;"SK0414"
2020-12-29;"Okres Liptovský Mikuláš";1129;80;1209;"SK0315"
2020-12-29;"Okres Lučenec";1002;59;1061;"SK0326"
2020-12-29;"Okres Malacky";1168;169;1337;"SK0106"
2020-12-29;"Okres Martin";2169;170;2339;"SK0316"
2020-12-29;"Okres Medzilaborce";350;42;392;"SK0415"
2020-12-29;"Okres Michalovce";1262;122;1384;"SK0427"
2020-12-29;"Okres Myjava";431;24;455;"SK0223"
2020-12-29;"Okres Námestovo";1018;68;1086;"SK0317"
2020-12-29;"Okres Nitra";903;277;1180;"SK0233"
2020-12-29;"Okres Nové Mesto nad Váhom";488;79;567;"SK0224"
2020-12-29;"Okres Nové Zámky";2145;209;2354;"SK0234"
2020-12-29;"Okres Partizánske";982;235;1217;"SK0225"
2020-12-29;"Okres Pezinok";1208;106;1314;"SK0107"
2020-12-29;"Okres Piešťany";751;54;805;"SK0214"
2020-12-29;"Okres Poltár";221;17;238;"SK0327"
2020-12-29;"Okres Poprad";1655;153;1808;"SK0416"
2020-12-29;"Okres Považská Bystrica";826;149;975;"SK0226"
2020-12-29;"Okres Prešov";2248;193;2441;"SK0417"
2020-12-29;"Okres Prievidza";844;136;980;"SK0227"
2020-12-29;"Okres Púchov";617;66;683;"SK0228"
2020-12-29;"Okres Revúca";867;30;897;"SK0328"
2020-12-29;"Okres Rimavská Sobota";661;49;710;"SK0329"
2020-12-29;"Okres Rožňava";847;66;913;"SK0428"
2020-12-29;"Okres Ružomberok";1072;88;1160;"SK0318"
2020-12-29;"Okres Sabinov";1092;124;1216;"SK0418"
2020-12-29;"Okres Senec";1310;88;1398;"SK0108"
2020-12-29;"Okres Senica";321;36;357;"SK0215"
2020-12-29;"Okres Skalica";362;49;411;"SK0216"
2020-12-29;"Okres Snina";496;45;541;"SK0419"
2020-12-29;"Okres Sobrance";286;30;316;"SK0429"
2020-12-29;"Okres Spišská Nová Ves";1010;119;1129;"SK042A"
2020-12-29;"Okres Stará Ľubovňa";475;80;555;"SK041A"
2020-12-29;"Okres Stropkov";99;6;105;"SK041B"
2020-12-29;"Okres Svidník";256;39;295;"SK041C"
2020-12-29;"Okres Šaľa";400;48;448;"SK0235"
2020-12-29;"Okres Topoľčany";1704;431;2135;"SK0236"
2020-12-29;"Okres Trebišov";1383;110;1493;"SK042B"
2020-12-29;"Okres Trenčín";2087;288;2375;"SK0229"
2020-12-29;"Okres Trnava";1517;131;1648;"SK0217"
2020-12-29;"Okres Turčianske Teplice";189;26;215;"SK0319"
2020-12-29;"Okres Tvrdošín";563;49;612;"SK031A"
2020-12-29;"Okres Veľký Krtíš";398;20;418;"SK032A"
2020-12-29;"Okres Vranov nad Topľou";567;85;652;"SK041D"
2020-12-29;"Okres Zlaté Moravce";332;97;429;"SK0237"
2020-12-29;"Okres Zvolen";587;52;639;"SK032B"
2020-12-29;"Okres Žarnovica";826;74;900;"SK032C"
2020-12-29;"Okres Žiar nad Hronom";583;57;640;"SK032D"
2020-12-29;"Okres Žilina";2264;298;2562;"SK031B"
2020-12-30;"Okres Bánovce nad Bebravou";553;80;633;"SK0221"
2020-12-30;"Okres Banská Bystrica";1571;104;1675;"SK0321"
2020-12-30;"Okres Banská Štiavnica";239;15;254;"SK0322"
2020-12-30;"Okres Bardejov";3035;202;3237;"SK0411"
2020-12-30;"Okres Bratislava I";719;29;748;"SK0101"
2020-12-30;"Okres Bratislava II";2466;95;2561;"SK0102"
2020-12-30;"Okres Bratislava III";2466;121;2587;"SK0103"
2020-12-30;"Okres Bratislava IV";594;48;642;"SK0104"
2020-12-30;"Okres Bratislava V";938;50;988;"SK0105"
2020-12-30;"Okres Brezno";505;69;574;"SK0323"
2020-12-30;"Okres Bytča";218;39;257;"SK0311"
2020-12-30;"Okres Čadca";1650;141;1791;"SK0312"
2020-12-30;"Okres Detva";248;45;293;"SK0324"
2020-12-30;"Okres Dolný Kubín";589;29;618;"SK0313"
2020-12-30;"Okres Dunajská Streda";829;97;926;"SK0211"
2020-12-30;"Okres Galanta";1732;211;1943;"SK0212"
2020-12-30;"Okres Gelnica";464;50;514;"SK0421"
2020-12-30;"Okres Hlohovec";674;93;767;"SK0213"
2020-12-30;"Okres Humenné";891;73;964;"SK0412"
2020-12-30;"Okres Ilava";329;59;388;"SK0222"
2020-12-30;"Okres Kežmarok";919;129;1048;"SK0413"
2020-12-30;"Okres Komárno";1541;112;1653;"SK0231"
2020-12-30;"Okres Košice I";448;16;464;"SK0422"
2020-12-30;"Okres Košice II";504;81;585;"SK0423"
2020-12-30;"Okres Košice IV";1797;50;1847;"SK0425"
2020-12-30;"Okres Krupina";3;0;3;"SK0325"
2020-12-30;"Okres Kysucké Nové Mesto";199;36;235;"SK0314"
2020-12-30;"Okres Levice";2150;268;2418;"SK0232"
2020-12-30;"Okres Levoča";340;35;375;"SK0414"
2020-12-30;"Okres Liptovský Mikuláš";1563;64;1627;"SK0315"
2020-12-30;"Okres Lučenec";945;62;1007;"SK0326"
2020-12-30;"Okres Malacky";1187;86;1273;"SK0106"
2020-12-30;"Okres Martin";5839;324;6163;"SK0316"
2020-12-30;"Okres Medzilaborce";207;31;238;"SK0415"
2020-12-30;"Okres Michalovce";1080;76;1156;"SK0427"
2020-12-30;"Okres Myjava";438;12;450;"SK0223"
2020-12-30;"Okres Námestovo";792;50;842;"SK0317"
2020-12-30;"Okres Nitra";1494;230;1724;"SK0233"
2020-12-30;"Okres Nové Mesto nad Váhom";633;81;714;"SK0224"
2020-12-30;"Okres Nové Zámky";2799;179;2978;"SK0234"
2020-12-30;"Okres Partizánske";537;94;631;"SK0225"
2020-12-30;"Okres Pezinok";1195;94;1289;"SK0107"
2020-12-30;"Okres Piešťany";334;31;365;"SK0214"
2020-12-30;"Okres Poltár";171;14;185;"SK0327"
2020-12-30;"Okres Poprad";1628;121;1749;"SK0416"
2020-12-30;"Okres Považská Bystrica";788;88;876;"SK0226"
2020-12-30;"Okres Prešov";2046;101;2147;"SK0417"
2020-12-30;"Okres Prievidza";836;100;936;"SK0227"
2020-12-30;"Okres Púchov";1022;92;1114;"SK0228"
2020-12-30;"Okres Revúca";618;29;647;"SK0328"
2020-12-30;"Okres Rimavská Sobota";803;46;849;"SK0329"
2020-12-30;"Okres Rožňava";906;37;943;"SK0428"
2020-12-30;"Okres Ružomberok";1078;98;1176;"SK0318"
2020-12-30;"Okres Sabinov";1256;124;1380;"SK0418"
2020-12-30;"Okres Senec";1143;68;1211;"SK0108"
2020-12-30;"Okres Senica";325;28;353;"SK0215"
2020-12-30;"Okres Skalica";297;26;323;"SK0216"
2020-12-30;"Okres Snina";391;36;427;"SK0419"
2020-12-30;"Okres Sobrance";238;11;249;"SK0429"
2020-12-30;"Okres Spišská Nová Ves";991;63;1054;"SK042A"
2020-12-30;"Okres Stará Ľubovňa";509;61;570;"SK041A"
2020-12-30;"Okres Stropkov";127;23;150;"SK041B"
2020-12-30;"Okres Svidník";360;39;399;"SK041C"
2020-12-30;"Okres Šaľa";164;21;185;"SK0235"
2020-12-30;"Okres Topoľčany";2372;377;2749;"SK0236"
2020-12-30;"Okres Trebišov";1212;70;1282;"SK042B"
2020-12-30;"Okres Trenčín";3020;303;3323;"SK0229"
2020-12-30;"Okres Trnava";1517;161;1678;"SK0217"
2020-12-30;"Okres Turčianske Teplice";157;14;171;"SK0319"
2020-12-30;"Okres Tvrdošín";672;25;697;"SK031A"
2020-12-30;"Okres Veľký Krtíš";700;36;736;"SK032A"
2020-12-30;"Okres Vranov nad Topľou";527;81;608;"SK041D"
2020-12-30;"Okres Zlaté Moravce";370;76;446;"SK0237"
2020-12-30;"Okres Zvolen";623;57;680;"SK032B"
2020-12-30;"Okres Žarnovica";655;45;700;"SK032C"
2020-12-30;"Okres Žiar nad Hronom";721;40;761;"SK032D"
2020-12-30;"Okres Žilina";2457;216;2673;"SK031B"
2020-12-31;"Okres Bánovce nad Bebravou";425;68;493;"SK0221"
2020-12-31;"Okres Banská Bystrica";2039;114;2153;"SK0321"
2020-12-31;"Okres Banská Štiavnica";519;36;555;"SK0322"
2020-12-31;"Okres Bardejov";1238;90;1328;"SK0411"
2020-12-31;"Okres Bratislava I";1023;26;1049;"SK0101"
2020-12-31;"Okres Bratislava II";2599;99;2698;"SK0102"
2020-12-31;"Okres Bratislava III";2711;140;2851;"SK0103"
2020-12-31;"Okres Bratislava IV";758;44;802;"SK0104"
2020-12-31;"Okres Bratislava V";4736;65;4801;"SK0105"
2020-12-31;"Okres Brezno";703;36;739;"SK0323"
2020-12-31;"Okres Bytča";185;21;206;"SK0311"
2020-12-31;"Okres Čadca";1587;155;1742;"SK0312"
2020-12-31;"Okres Detva";177;13;190;"SK0324"
2020-12-31;"Okres Dolný Kubín";615;48;663;"SK0313"
2020-12-31;"Okres Dunajská Streda";553;99;652;"SK0211"
2020-12-31;"Okres Galanta";1088;150;1238;"SK0212"
2020-12-31;"Okres Gelnica";427;20;447;"SK0421"
2020-12-31;"Okres Hlohovec";538;104;642;"SK0213"
2020-12-31;"Okres Humenné";858;76;934;"SK0412"
2020-12-31;"Okres Ilava";355;58;413;"SK0222"
2020-12-31;"Okres Kežmarok";970;117;1087;"SK0413"
2020-12-31;"Okres Komárno";2177;318;2495;"SK0231"
2020-12-31;"Okres Košice I";733;64;797;"SK0422"
2020-12-31;"Okres Košice II";2230;168;2398;"SK0423"
2020-12-31;"Okres Košice IV";2014;36;2050;"SK0425"
2020-12-31;"Okres Krupina";333;29;362;"SK0325"
2020-12-31;"Okres Kysucké Nové Mesto";264;39;303;"SK0314"
2020-12-31;"Okres Levice";1711;136;1847;"SK0232"
2020-12-31;"Okres Levoča";442;19;461;"SK0414"
2020-12-31;"Okres Liptovský Mikuláš";1309;71;1380;"SK0315"
2020-12-31;"Okres Lučenec";1149;56;1205;"SK0326"
2020-12-31;"Okres Malacky";2747;81;2828;"SK0106"
2020-12-31;"Okres Martin";1592;92;1684;"SK0316"
2020-12-31;"Okres Medzilaborce";225;14;239;"SK0415"
2020-12-31;"Okres Michalovce";1055;76;1131;"SK0427"
2020-12-31;"Okres Myjava";413;21;434;"SK0223"
2020-12-31;"Okres Námestovo";793;35;828;"SK0317"
2020-12-31;"Okres Nitra";1456;258;1714;"SK0233"
2020-12-31;"Okres Nové Mesto nad Váhom";475;41;516;"SK0224"
2020-12-31;"Okres Nové Zámky";1270;121;1391;"SK0234"
2020-12-31;"Okres Partizánske";761;94;855;"SK0225"
2020-12-31;"Okres Pezinok";1167;84;1251;"SK0107"
2020-12-31;"Okres Piešťany";4314;376;4690;"SK0214"
2020-12-31;"Okres Poltár";196;8;204;"SK0327"
2020-12-31;"Okres Poprad";4786;157;4943;"SK0416"
2020-12-31;"Okres Považská Bystrica";756;86;842;"SK0226"
2020-12-31;"Okres Prešov";2764;183;2947;"SK0417"
2020-12-31;"Okres Prievidza";767;83;850;"SK0227"
2020-12-31;"Okres Púchov";501;71;572;"SK0228"
2020-12-31;"Okres Revúca";1300;72;1372;"SK0328"
2020-12-31;"Okres Rimavská Sobota";545;236;781;"SK0329"
2020-12-31;"Okres Rožňava";1057;31;1088;"SK0428"
2020-12-31;"Okres Ružomberok";967;81;1048;"SK0318"
2020-12-31;"Okres Sabinov";1245;122;1367;"SK0418"
2020-12-31;"Okres Senec";1034;50;1084;"SK0108"
2020-12-31;"Okres Senica";232;13;245;"SK0215"
2020-12-31;"Okres Skalica";744;37;781;"SK0216"
2020-12-31;"Okres Snina";374;40;414;"SK0419"
2020-12-31;"Okres Sobrance";233;13;246;"SK0429"
2020-12-31;"Okres Spišská Nová Ves";697;40;737;"SK042A"
2020-12-31;"Okres Stará Ľubovňa";785;104;889;"SK041A"
2020-12-31;"Okres Stropkov";161;18;179;"SK041B"
2020-12-31;"Okres Svidník";338;28;366;"SK041C"
2020-12-31;"Okres Šaľa";26;2;28;"SK0235"
2020-12-31;"Okres Topoľčany";1267;136;1403;"SK0236"
2020-12-31;"Okres Trebišov";732;43;775;"SK042B"
2020-12-31;"Okres Trenčín";1335;132;1467;"SK0229"
2020-12-31;"Okres Trnava";1485;106;1591;"SK0217"
2020-12-31;"Okres Turčianske Teplice";158;17;175;"SK0319"
2020-12-31;"Okres Tvrdošín";605;38;643;"SK031A"
2020-12-31;"Okres Veľký Krtíš";271;9;280;"SK032A"
2020-12-31;"Okres Vranov nad Topľou";270;25;295;"SK041D"
2020-12-31;"Okres Zlaté Moravce";183;31;214;"SK0237"
2020-12-31;"Okres Zvolen";676;55;731;"SK032B"
2020-12-31;"Okres Žarnovica";82;0;82;"SK032C"
2020-12-31;"Okres Žiar nad Hronom";498;24;522;"SK032D"
2020-12-31;"Okres Žilina";2346;240;2586;"SK031B"
2021-01-01;"Okres Banská Bystrica";1118;64;1182;"SK0321"
2021-01-01;"Okres Banská Štiavnica";0;6;6;"SK0322"
2021-01-01;"Okres Bardejov";3;0;3;"SK0411"
2021-01-01;"Okres Bratislava I";112;1;113;"SK0101"
2021-01-01;"Okres Bratislava II";727;10;737;"SK0102"
2021-01-01;"Okres Bratislava III";301;17;318;"SK0103"
2021-01-01;"Okres Bratislava IV";4;0;4;"SK0104"
2021-01-01;"Okres Bratislava V";733;27;760;"SK0105"
2021-01-01;"Okres Čadca";939;54;993;"SK0312"
2021-01-01;"Okres Detva";3;0;3;"SK0324"
2021-01-01;"Okres Galanta";437;73;510;"SK0212"
2021-01-01;"Okres Hlohovec";1;0;1;"SK0213"
2021-01-01;"Okres Humenné";2;0;2;"SK0412"
2021-01-01;"Okres Kežmarok";23;0;23;"SK0413"
2021-01-01;"Okres Komárno";110;1;111;"SK0231"
2021-01-01;"Okres Košice II";6;1;7;"SK0423"
2021-01-01;"Okres Košice IV";388;14;402;"SK0425"
2021-01-01;"Okres Krupina";6;0;6;"SK0325"
2021-01-01;"Okres Levice";387;47;434;"SK0232"
2021-01-01;"Okres Levoča";190;16;206;"SK0414"
2021-01-01;"Okres Liptovský Mikuláš";59;5;64;"SK0315"
2021-01-01;"Okres Lučenec";270;14;284;"SK0326"
2021-01-01;"Okres Malacky";669;23;692;"SK0106"
2021-01-01;"Okres Martin";140;8;148;"SK0316"
2021-01-01;"Okres Michalovce";258;19;277;"SK0427"
2021-01-01;"Okres Myjava";112;0;112;"SK0223"
2021-01-01;"Okres Nitra";7;0;7;"SK0233"
2021-01-01;"Okres Nové Mesto nad Váhom";4;0;4;"SK0224"
2021-01-01;"Okres Partizánske";7;1;8;"SK0225"
2021-01-01;"Okres Pezinok";538;35;573;"SK0107"
2021-01-01;"Okres Poprad";733;26;759;"SK0416"
2021-01-01;"Okres Považská Bystrica";12;0;12;"SK0226"
2021-01-01;"Okres Prešov";2;0;2;"SK0417"
2021-01-01;"Okres Púchov";0;0;0;"SK0228"
2021-01-01;"Okres Revúca";42;4;46;"SK0328"
2021-01-01;"Okres Ružomberok";11;1;12;"SK0318"
2021-01-01;"Okres Senec";425;26;451;"SK0108"
2021-01-01;"Okres Skalica";6;0;6;"SK0216"
2021-01-01;"Okres Snina";4;6;10;"SK0419"
2021-01-01;"Okres Sobrance";173;18;191;"SK0429"
2021-01-01;"Okres Spišská Nová Ves";24;3;27;"SK042A"
2021-01-01;"Okres Stará Ľubovňa";19;1;20;"SK041A"
2021-01-01;"Okres Topoľčany";498;89;587;"SK0236"
2021-01-01;"Okres Trebišov";92;1;93;"SK042B"
2021-01-01;"Okres Trenčín";273;22;295;"SK0229"
2021-01-01;"Okres Trnava";11;3;14;"SK0217"
2021-01-01;"Okres Tvrdošín";2;0;2;"SK031A"
2021-01-01;"Okres Vranov nad Topľou";153;27;180;"SK041D"
2021-01-01;"Okres Zvolen";59;10;69;"SK032B"
2021-01-01;"Okres Žiar nad Hronom";498;43;541;"SK032D"
2021-01-01;"Okres Žilina";3;0;3;"SK031B"
2021-01-02;"Okres Bánovce nad Bebravou";0;0;0;"SK0221"
2021-01-02;"Okres Banská Bystrica";136;8;144;"SK0321"
2021-01-02;"Okres Banská Štiavnica";388;67;455;"SK0322"
2021-01-02;"Okres Bardejov";31;9;40;"SK0411"
2021-01-02;"Okres Bratislava I";81;1;82;"SK0101"
2021-01-02;"Okres Bratislava II";325;50;375;"SK0102"
2021-01-02;"Okres Bratislava III";128;19;147;"SK0103"
2021-01-02;"Okres Bratislava IV";6;0;6;"SK0104"
2021-01-02;"Okres Bratislava V";105;0;105;"SK0105"
2021-01-02;"Okres Brezno";18;0;18;"SK0323"
2021-01-02;"Okres Čadca";287;18;305;"SK0312"
2021-01-02;"Okres Dolný Kubín";11;2;13;"SK0313"
2021-01-02;"Okres Dunajská Streda";65;9;74;"SK0211"
2021-01-02;"Okres Humenné";413;33;446;"SK0412"
2021-01-02;"Okres Kežmarok";25;4;29;"SK0413"
2021-01-02;"Okres Komárno";34;6;40;"SK0231"
2021-01-02;"Okres Košice II";355;30;385;"SK0423"
2021-01-02;"Okres Košice IV";2;0;2;"SK0425"
2021-01-02;"Okres Krupina";15;7;22;"SK0325"
2021-01-02;"Okres Levice";6;2;8;"SK0232"
2021-01-02;"Okres Levoča";9;1;10;"SK0414"
2021-01-02;"Okres Liptovský Mikuláš";115;9;124;"SK0315"
2021-01-02;"Okres Lučenec";22;0;22;"SK0326"
2021-01-02;"Okres Martin";316;18;334;"SK0316"
2021-01-02;"Okres Michalovce";21;5;26;"SK0427"
2021-01-02;"Okres Myjava";110;0;110;"SK0223"
2021-01-02;"Okres Nitra";12;7;19;"SK0233"
2021-01-02;"Okres Nové Zámky";1012;8;1020;"SK0234"
2021-01-02;"Okres Pezinok";21;2;23;"SK0107"
2021-01-02;"Okres Poprad";265;15;280;"SK0416"
2021-01-02;"Okres Prešov";2;1;3;"SK0417"
2021-01-02;"Okres Prievidza";1;0;1;"SK0227"
2021-01-02;"Okres Púchov";8;0;8;"SK0228"
2021-01-02;"Okres Revúca";20;1;21;"SK0328"
2021-01-02;"Okres Ružomberok";4;3;7;"SK0318"
2021-01-02;"Okres Senica";314;21;335;"SK0215"
2021-01-02;"Okres Skalica";25;0;25;"SK0216"
2021-01-02;"Okres Snina";329;44;373;"SK0419"
2021-01-02;"Okres Sobrance";21;4;25;"SK0429"
2021-01-02;"Okres Spišská Nová Ves";28;12;40;"SK042A"
2021-01-02;"Okres Stará Ľubovňa";281;8;289;"SK041A"
2021-01-02;"Okres Topoľčany";20;1;21;"SK0236"
2021-01-02;"Okres Trebišov";26;2;28;"SK042B"
2021-01-02;"Okres Trenčín";131;23;154;"SK0229"
2021-01-02;"Okres Trnava";13;2;15;"SK0217"
2021-01-02;"Okres Vranov nad Topľou";218;46;264;"SK041D"
2021-01-02;"Okres Zlaté Moravce";6;3;9;"SK0237"
2021-01-02;"Okres Zvolen";30;4;34;"SK032B"
2021-01-02;"Okres Žiar nad Hronom";94;1;95;"SK032D"
2021-01-02;"Okres Žilina";352;58;410;"SK031B"
2021-01-03;"Okres Bánovce nad Bebravou";0;0;0;"SK0221"
2021-01-03;"Okres Banská Bystrica";121;2;123;"SK0321"
2021-01-03;"Okres Bardejov";15;3;18;"SK0411"
2021-01-03;"Okres Bratislava I";36;4;40;"SK0101"
2021-01-03;"Okres Bratislava II";240;26;266;"SK0102"
2021-01-03;"Okres Bratislava III";235;18;253;"SK0103"
2021-01-03;"Okres Bratislava V";78;4;82;"SK0105"
2021-01-03;"Okres Brezno";63;7;70;"SK0323"
2021-01-03;"Okres Bytča";418;16;434;"SK0311"
2021-01-03;"Okres Čadca";228;34;262;"SK0312"
2021-01-03;"Okres Dolný Kubín";5;0;5;"SK0313"
2021-01-03;"Okres Dunajská Streda";30;6;36;"SK0211"
2021-01-03;"Okres Galanta";0;1;1;"SK0212"
2021-01-03;"Okres Humenné";0;0;0;"SK0412"
2021-01-03;"Okres Kežmarok";10;3;13;"SK0413"
2021-01-03;"Okres Komárno";25;4;29;"SK0231"
2021-01-03;"Okres Košice II";542;6;548;"SK0423"
2021-01-03;"Okres Košice IV";56;2;58;"SK0425"
2021-01-03;"Okres Levice";49;25;74;"SK0232"
2021-01-03;"Okres Lučenec";9;2;11;"SK0326"
2021-01-03;"Okres Michalovce";29;6;35;"SK0427"
2021-01-03;"Okres Myjava";107;4;111;"SK0223"
2021-01-03;"Okres Nitra";20;1;21;"SK0233"
2021-01-03;"Okres Nové Mesto nad Váhom";52;11;63;"SK0224"
2021-01-03;"Okres Nové Zámky";2;1;3;"SK0234"
2021-01-03;"Okres Pezinok";7;1;8;"SK0107"
2021-01-03;"Okres Poprad";301;51;352;"SK0416"
2021-01-03;"Okres Revúca";11;0;11;"SK0328"
2021-01-03;"Okres Ružomberok";11;3;14;"SK0318"
2021-01-03;"Okres Senec";6;0;6;"SK0108"
2021-01-03;"Okres Skalica";3;0;3;"SK0216"
2021-01-03;"Okres Snina";4;0;4;"SK0419"
2021-01-03;"Okres Sobrance";5;1;6;"SK0429"
2021-01-03;"Okres Spišská Nová Ves";37;7;44;"SK042A"
2021-01-03;"Okres Stará Ľubovňa";198;4;202;"SK041A"
2021-01-03;"Okres Topoľčany";10;1;11;"SK0236"
2021-01-03;"Okres Trebišov";36;1;37;"SK042B"
2021-01-03;"Okres Trenčín";8;2;10;"SK0229"
2021-01-03;"Okres Trnava";20;0;20;"SK0217"
2021-01-03;"Okres Turčianske Teplice";2;0;2;"SK0319"
2021-01-03;"Okres Tvrdošín";650;78;728;"SK031A"
2021-01-03;"Okres Veľký Krtíš";42;6;48;"SK032A"
2021-01-03;"Okres Vranov nad Topľou";7;0;7;"SK041D"
2021-01-03;"Okres Zvolen";0;0;0;"SK032B"
2021-01-03;"Okres Žarnovica";1;0;1;"SK032C"
2021-01-03;"Okres Žiar nad Hronom";74;3;77;"SK032D"
2021-01-03;"Okres Žilina";15;1;16;"SK031B"
2021-01-04;"Okres Bánovce nad Bebravou";458;106;564;"SK0221"
2021-01-04;"Okres Banská Bystrica";799;32;831;"SK0321"
2021-01-04;"Okres Banská Štiavnica";283;25;308;"SK0322"
2021-01-04;"Okres Bardejov";4873;232;5105;"SK0411"
2021-01-04;"Okres Bratislava I";1895;77;1972;"SK0101"
2021-01-04;"Okres Bratislava II";3078;115;3193;"SK0102"
2021-01-04;"Okres Bratislava III";1758;113;1871;"SK0103"
2021-01-04;"Okres Bratislava IV";174;28;202;"SK0104"
2021-01-04;"Okres Bratislava V";1651;66;1717;"SK0105"
2021-01-04;"Okres Brezno";587;114;701;"SK0323"
2021-01-04;"Okres Bytča";348;35;383;"SK0311"
2021-01-04;"Okres Čadca";1440;136;1576;"SK0312"
2021-01-04;"Okres Detva";290;74;364;"SK0324"
2021-01-04;"Okres Dolný Kubín";910;95;1005;"SK0313"
2021-01-04;"Okres Dunajská Streda";1150;164;1314;"SK0211"
2021-01-04;"Okres Galanta";1093;151;1244;"SK0212"
2021-01-04;"Okres Gelnica";590;100;690;"SK0421"
2021-01-04;"Okres Hlohovec";699;112;811;"SK0213"
2021-01-04;"Okres Humenné";996;108;1104;"SK0412"
2021-01-04;"Okres Ilava";301;23;324;"SK0222"
2021-01-04;"Okres Kežmarok";628;110;738;"SK0413"
2021-01-04;"Okres Komárno";1281;94;1375;"SK0231"
2021-01-04;"Okres Košice I";539;71;610;"SK0422"
2021-01-04;"Okres Košice II";996;141;1137;"SK0423"
2021-01-04;"Okres Košice III";287;47;334;"SK0424"
2021-01-04;"Okres Košice IV";305;31;336;"SK0425"
2021-01-04;"Okres Krupina";231;23;254;"SK0325"
2021-01-04;"Okres Kysucké Nové Mesto";259;31;290;"SK0314"
2021-01-04;"Okres Levice";2394;310;2704;"SK0232"
2021-01-04;"Okres Levoča";138;21;159;"SK0414"
2021-01-04;"Okres Liptovský Mikuláš";716;32;748;"SK0315"
2021-01-04;"Okres Lučenec";631;40;671;"SK0326"
2021-01-04;"Okres Malacky";729;144;873;"SK0106"
2021-01-04;"Okres Martin";2326;250;2576;"SK0316"
2021-01-04;"Okres Medzilaborce";270;45;315;"SK0415"
2021-01-04;"Okres Michalovce";1484;141;1625;"SK0427"
2021-01-04;"Okres Myjava";99;4;103;"SK0223"
2021-01-04;"Okres Námestovo";891;101;992;"SK0317"
2021-01-04;"Okres Nitra";966;262;1228;"SK0233"
2021-01-04;"Okres Nové Mesto nad Váhom";600;115;715;"SK0224"
2021-01-04;"Okres Nové Zámky";2222;233;2455;"SK0234"
2021-01-04;"Okres Partizánske";1988;450;2438;"SK0225"
2021-01-04;"Okres Pezinok";408;45;453;"SK0107"
2021-01-04;"Okres Piešťany";911;81;992;"SK0214"
2021-01-04;"Okres Poltár";367;25;392;"SK0327"
2021-01-04;"Okres Poprad";9730;1029;10759;"SK0416"
2021-01-04;"Okres Považská Bystrica";444;59;503;"SK0226"
2021-01-04;"Okres Prešov";2506;211;2717;"SK0417"
2021-01-04;"Okres Prievidza";897;112;1009;"SK0227"
2021-01-04;"Okres Púchov";907;101;1008;"SK0228"
2021-01-04;"Okres Revúca";1312;100;1412;"SK0328"
2021-01-04;"Okres Rimavská Sobota";704;34;738;"SK0329"
2021-01-04;"Okres Rožňava";1267;62;1329;"SK0428"
2021-01-04;"Okres Ružomberok";789;136;925;"SK0318"
2021-01-04;"Okres Sabinov";1632;174;1806;"SK0418"
2021-01-04;"Okres Senec";403;38;441;"SK0108"
2021-01-04;"Okres Senica";423;41;464;"SK0215"
2021-01-04;"Okres Skalica";24;4;28;"SK0216"
2021-01-04;"Okres Snina";515;65;580;"SK0419"
2021-01-04;"Okres Sobrance";224;14;238;"SK0429"
2021-01-04;"Okres Spišská Nová Ves";1253;109;1362;"SK042A"
2021-01-04;"Okres Stará Ľubovňa";281;75;356;"SK041A"
2021-01-04;"Okres Stropkov";135;4;139;"SK041B"
2021-01-04;"Okres Svidník";181;8;189;"SK041C"
2021-01-04;"Okres Šaľa";441;87;528;"SK0235"
2021-01-04;"Okres Topoľčany";2399;439;2838;"SK0236"
2021-01-04;"Okres Trebišov";1035;111;1146;"SK042B"
2021-01-04;"Okres Trenčín";1253;182;1435;"SK0229"
2021-01-04;"Okres Trnava";1535;209;1744;"SK0217"
2021-01-04;"Okres Turčianske Teplice";166;16;182;"SK0319"
2021-01-04;"Okres Tvrdošín";807;56;863;"SK031A"
2021-01-04;"Okres Veľký Krtíš";401;21;422;"SK032A"
2021-01-04;"Okres Vranov nad Topľou";61;5;66;"SK041D"
2021-01-04;"Okres Zlaté Moravce";367;95;462;"SK0237"
2021-01-04;"Okres Zvolen";697;91;788;"SK032B"
2021-01-04;"Okres Žarnovica";1236;166;1402;"SK032C"
2021-01-04;"Okres Žiar nad Hronom";409;34;443;"SK032D"
2021-01-04;"Okres Žilina";1638;163;1801;"SK031B"
2021-01-05;"Okres Bánovce nad Bebravou";532;58;590;"SK0221"
2021-01-05;"Okres Banská Bystrica";1690;162;1852;"SK0321"
2021-01-05;"Okres Banská Štiavnica";6;0;6;"SK0322"
2021-01-05;"Okres Bardejov";3917;176;4093;"SK0411"
2021-01-05;"Okres Bratislava I";1245;86;1331;"SK0101"
2021-01-05;"Okres Bratislava II";2638;121;2759;"SK0102"
2021-01-05;"Okres Bratislava III";3161;129;3290;"SK0103"
2021-01-05;"Okres Bratislava IV";432;61;493;"SK0104"
2021-01-05;"Okres Bratislava V";476;36;512;"SK0105"
2021-01-05;"Okres Brezno";385;42;427;"SK0323"
2021-01-05;"Okres Bytča";242;43;285;"SK0311"
2021-01-05;"Okres Čadca";2163;167;2330;"SK0312"
2021-01-05;"Okres Detva";415;56;471;"SK0324"
2021-01-05;"Okres Dolný Kubín";802;71;873;"SK0313"
2021-01-05;"Okres Dunajská Streda";1400;194;1594;"SK0211"
2021-01-05;"Okres Galanta";919;117;1036;"SK0212"
2021-01-05;"Okres Gelnica";484;20;504;"SK0421"
2021-01-05;"Okres Hlohovec";761;73;834;"SK0213"
2021-01-05;"Okres Humenné";801;86;887;"SK0412"
2021-01-05;"Okres Ilava";273;78;351;"SK0222"
2021-01-05;"Okres Kežmarok";875;132;1007;"SK0413"
2021-01-05;"Okres Komárno";1481;131;1612;"SK0231"
2021-01-05;"Okres Košice I";975;68;1043;"SK0422"
2021-01-05;"Okres Košice II";1038;93;1131;"SK0423"
2021-01-05;"Okres Košice III";279;29;308;"SK0424"
2021-01-05;"Okres Košice IV";1832;59;1891;"SK0425"
2021-01-05;"Okres Krupina";386;16;402;"SK0325"
2021-01-05;"Okres Kysucké Nové Mesto";277;59;336;"SK0314"
2021-01-05;"Okres Levice";2934;331;3265;"SK0232"
2021-01-05;"Okres Levoča";528;48;576;"SK0414"
2021-01-05;"Okres Liptovský Mikuláš";1182;65;1247;"SK0315"
2021-01-05;"Okres Lučenec";443;36;479;"SK0326"
2021-01-05;"Okres Malacky";1245;138;1383;"SK0106"
2021-01-05;"Okres Martin";2236;99;2335;"SK0316"
2021-01-05;"Okres Medzilaborce";245;19;264;"SK0415"
2021-01-05;"Okres Michalovce";1147;97;1244;"SK0427"
2021-01-05;"Okres Myjava";406;26;432;"SK0223"
2021-01-05;"Okres Námestovo";574;50;624;"SK0317"
2021-01-05;"Okres Nitra";1476;286;1762;"SK0233"
2021-01-05;"Okres Nové Mesto nad Váhom";772;50;822;"SK0224"
2021-01-05;"Okres Nové Zámky";2033;206;2239;"SK0234"
2021-01-05;"Okres Partizánske";2569;355;2924;"SK0225"
2021-01-05;"Okres Pezinok";1333;208;1541;"SK0107"
2021-01-05;"Okres Piešťany";1326;116;1442;"SK0214"
2021-01-05;"Okres Poltár";454;34;488;"SK0327"
2021-01-05;"Okres Poprad";3594;216;3810;"SK0416"
2021-01-05;"Okres Považská Bystrica";785;115;900;"SK0226"
2021-01-05;"Okres Prešov";2198;158;2356;"SK0417"
2021-01-05;"Okres Prievidza";576;89;665;"SK0227"
2021-01-05;"Okres Púchov";495;58;553;"SK0228"
2021-01-05;"Okres Revúca";1017;62;1079;"SK0328"
2021-01-05;"Okres Rimavská Sobota";452;30;482;"SK0329"
2021-01-05;"Okres Rožňava";984;55;1039;"SK0428"
2021-01-05;"Okres Ružomberok";1662;72;1734;"SK0318"
2021-01-05;"Okres Sabinov";1412;179;1591;"SK0418"
2021-01-05;"Okres Senec";1635;105;1740;"SK0108"
2021-01-05;"Okres Senica";342;40;382;"SK0215"
2021-01-05;"Okres Skalica";680;37;717;"SK0216"
2021-01-05;"Okres Snina";571;37;608;"SK0419"
2021-01-05;"Okres Sobrance";260;36;296;"SK0429"
2021-01-05;"Okres Spišská Nová Ves";1216;82;1298;"SK042A"
2021-01-05;"Okres Stará Ľubovňa";468;95;563;"SK041A"
2021-01-05;"Okres Stropkov";91;9;100;"SK041B"
2021-01-05;"Okres Svidník";309;28;337;"SK041C"
2021-01-05;"Okres Šaľa";506;41;547;"SK0235"
2021-01-05;"Okres Topoľčany";1139;257;1396;"SK0236"
2021-01-05;"Okres Trebišov";1050;65;1115;"SK042B"
2021-01-05;"Okres Trenčín";1406;137;1543;"SK0229"
2021-01-05;"Okres Trnava";1674;181;1855;"SK0217"
2021-01-05;"Okres Turčianske Teplice";402;34;436;"SK0319"
2021-01-05;"Okres Tvrdošín";435;28;463;"SK031A"
2021-01-05;"Okres Veľký Krtíš";517;15;532;"SK032A"
2021-01-05;"Okres Vranov nad Topľou";456;48;504;"SK041D"
2021-01-05;"Okres Zlaté Moravce";380;62;442;"SK0237"
2021-01-05;"Okres Zvolen";785;32;817;"SK032B"
2021-01-05;"Okres Žarnovica";1130;87;1217;"SK032C"
2021-01-05;"Okres Žiar nad Hronom";345;20;365;"SK032D"
2021-01-05;"Okres Žilina";1742;215;1957;"SK031B"
2021-01-06;"Okres Banská Bystrica";1070;57;1127;"SK0321"
2021-01-06;"Okres Banská Štiavnica";192;13;205;"SK0322"
2021-01-06;"Okres Bardejov";17;2;19;"SK0411"
2021-01-06;"Okres Bratislava I";273;6;279;"SK0101"
2021-01-06;"Okres Bratislava II";773;28;801;"SK0102"
2021-01-06;"Okres Bratislava III";1071;61;1132;"SK0103"
2021-01-06;"Okres Bratislava IV";200;0;200;"SK0104"
2021-01-06;"Okres Bratislava V";234;19;253;"SK0105"
2021-01-06;"Okres Čadca";884;72;956;"SK0312"
2021-01-06;"Okres Dunajská Streda";34;14;48;"SK0211"
2021-01-06;"Okres Galanta";1016;159;1175;"SK0212"
2021-01-06;"Okres Hlohovec";0;1;1;"SK0213"
2021-01-06;"Okres Humenné";11;1;12;"SK0412"
2021-01-06;"Okres Ilava";20;13;33;"SK0222"
2021-01-06;"Okres Kežmarok";218;12;230;"SK0413"
2021-01-06;"Okres Komárno";506;31;537;"SK0231"
2021-01-06;"Okres Košice II";59;5;64;"SK0423"
2021-01-06;"Okres Košice IV";86;1;87;"SK0425"
2021-01-06;"Okres Levice";753;79;832;"SK0232"
2021-01-06;"Okres Lučenec";728;29;757;"SK0326"
2021-01-06;"Okres Malacky";433;49;482;"SK0106"
2021-01-06;"Okres Martin";583;23;606;"SK0316"
2021-01-06;"Okres Michalovce";61;7;68;"SK0427"
2021-01-06;"Okres Myjava";269;9;278;"SK0223"
2021-01-06;"Okres Nitra";171;37;208;"SK0233"
2021-01-06;"Okres Nové Mesto nad Váhom";163;5;168;"SK0224"
2021-01-06;"Okres Nové Zámky";1557;10;1567;"SK0234"
2021-01-06;"Okres Partizánske";98;22;120;"SK0225"
2021-01-06;"Okres Pezinok";508;42;550;"SK0107"
2021-01-06;"Okres Poprad";349;24;373;"SK0416"
2021-01-06;"Okres Považská Bystrica";1;0;1;"SK0226"
2021-01-06;"Okres Prešov";3;2;5;"SK0417"
2021-01-06;"Okres Prievidza";41;0;41;"SK0227"
2021-01-06;"Okres Púchov";0;0;0;"SK0228"
2021-01-06;"Okres Revúca";258;7;265;"SK0328"
2021-01-06;"Okres Rimavská Sobota";215;10;225;"SK0329"
2021-01-06;"Okres Ružomberok";20;7;27;"SK0318"
2021-01-06;"Okres Senec";458;29;487;"SK0108"
2021-01-06;"Okres Senica";6;0;6;"SK0215"
2021-01-06;"Okres Sobrance";104;15;119;"SK0429"
2021-01-06;"Okres Spišská Nová Ves";101;4;105;"SK042A"
2021-01-06;"Okres Stará Ľubovňa";426;51;477;"SK041A"
2021-01-06;"Okres Svidník";122;7;129;"SK041C"
2021-01-06;"Okres Topoľčany";255;46;301;"SK0236"
2021-01-06;"Okres Trebišov";31;2;33;"SK042B"
2021-01-06;"Okres Trenčín";642;27;669;"SK0229"
2021-01-06;"Okres Trnava";85;16;101;"SK0217"
2021-01-06;"Okres Veľký Krtíš";35;5;40;"SK032A"
2021-01-06;"Okres Vranov nad Topľou";366;39;405;"SK041D"
2021-01-06;"Okres Zvolen";83;0;83;"SK032B"
2021-01-06;"Okres Žarnovica";207;44;251;"SK032C"
2021-01-06;"Okres Žiar nad Hronom";397;21;418;"SK032D"
2021-01-06;"Okres Žilina";368;30;398;"SK031B"
2021-01-07;"Okres Bánovce nad Bebravou";520;71;591;"SK0221"
2021-01-07;"Okres Banská Bystrica";714;18;732;"SK0321"
2021-01-07;"Okres Banská Štiavnica";20;4;24;"SK0322"
2021-01-07;"Okres Bardejov";3632;102;3734;"SK0411"
2021-01-07;"Okres Bratislava I";2279;76;2355;"SK0101"
2021-01-07;"Okres Bratislava II";1951;85;2036;"SK0102"
2021-01-07;"Okres Bratislava III";1656;87;1743;"SK0103"
2021-01-07;"Okres Bratislava IV";441;42;483;"SK0104"
2021-01-07;"Okres Bratislava V";596;19;615;"SK0105"
2021-01-07;"Okres Brezno";385;77;462;"SK0323"
2021-01-07;"Okres Bytča";248;34;282;"SK0311"
2021-01-07;"Okres Čadca";959;66;1025;"SK0312"
2021-01-07;"Okres Detva";289;32;321;"SK0324"
2021-01-07;"Okres Dolný Kubín";531;46;577;"SK0313"
2021-01-07;"Okres Dunajská Streda";856;73;929;"SK0211"
2021-01-07;"Okres Galanta";660;77;737;"SK0212"
2021-01-07;"Okres Gelnica";527;36;563;"SK0421"
2021-01-07;"Okres Hlohovec";506;35;541;"SK0213"
2021-01-07;"Okres Humenné";982;76;1058;"SK0412"
2021-01-07;"Okres Ilava";209;35;244;"SK0222"
2021-01-07;"Okres Kežmarok";408;76;484;"SK0413"
2021-01-07;"Okres Komárno";1067;108;1175;"SK0231"
2021-01-07;"Okres Košice I";576;43;619;"SK0422"
2021-01-07;"Okres Košice II";885;69;954;"SK0423"
2021-01-07;"Okres Košice III";267;24;291;"SK0424"
2021-01-07;"Okres Košice IV";1437;41;1478;"SK0425"
2021-01-07;"Okres Krupina";467;16;483;"SK0325"
2021-01-07;"Okres Kysucké Nové Mesto";206;39;245;"SK0314"
2021-01-07;"Okres Levice";2573;260;2833;"SK0232"
2021-01-07;"Okres Levoča";273;17;290;"SK0414"
2021-01-07;"Okres Liptovský Mikuláš";9844;693;10537;"SK0315"
2021-01-07;"Okres Lučenec";465;17;482;"SK0326"
2021-01-07;"Okres Malacky";995;90;1085;"SK0106"
2021-01-07;"Okres Martin";1526;68;1594;"SK0316"
2021-01-07;"Okres Medzilaborce";222;26;248;"SK0415"
2021-01-07;"Okres Michalovce";1315;98;1413;"SK0427"
2021-01-07;"Okres Myjava";164;3;167;"SK0223"
2021-01-07;"Okres Námestovo";748;54;802;"SK0317"
2021-01-07;"Okres Nitra";3560;160;3720;"SK0233"
2021-01-07;"Okres Nové Mesto nad Váhom";602;71;673;"SK0224"
2021-01-07;"Okres Nové Zámky";2160;116;2276;"SK0234"
2021-01-07;"Okres Partizánske";1077;259;1336;"SK0225"
2021-01-07;"Okres Pezinok";493;14;507;"SK0107"
2021-01-07;"Okres Piešťany";812;54;866;"SK0214"
2021-01-07;"Okres Poltár";484;16;500;"SK0327"
2021-01-07;"Okres Poprad";1127;99;1226;"SK0416"
2021-01-07;"Okres Považská Bystrica";784;112;896;"SK0226"
2021-01-07;"Okres Prešov";2262;149;2411;"SK0417"
2021-01-07;"Okres Prievidza";928;84;1012;"SK0227"
2021-01-07;"Okres Púchov";464;28;492;"SK0228"
2021-01-07;"Okres Revúca";1168;64;1232;"SK0328"
2021-01-07;"Okres Rimavská Sobota";648;36;684;"SK0329"
2021-01-07;"Okres Rožňava";1138;71;1209;"SK0428"
2021-01-07;"Okres Ružomberok";7461;720;8181;"SK0318"
2021-01-07;"Okres Sabinov";1498;194;1692;"SK0418"
2021-01-07;"Okres Senec";447;30;477;"SK0108"
2021-01-07;"Okres Senica";274;28;302;"SK0215"
2021-01-07;"Okres Skalica";27;1;28;"SK0216"
2021-01-07;"Okres Snina";496;39;535;"SK0419"
2021-01-07;"Okres Sobrance";163;6;169;"SK0429"
2021-01-07;"Okres Spišská Nová Ves";1010;73;1083;"SK042A"
2021-01-07;"Okres Stará Ľubovňa";87;9;96;"SK041A"
2021-01-07;"Okres Stropkov";102;9;111;"SK041B"
2021-01-07;"Okres Svidník";225;17;242;"SK041C"
2021-01-07;"Okres Šaľa";444;69;513;"SK0235"
2021-01-07;"Okres Topoľčany";888;144;1032;"SK0236"
2021-01-07;"Okres Trebišov";704;33;737;"SK042B"
2021-01-07;"Okres Trenčín";2763;153;2916;"SK0229"
2021-01-07;"Okres Trnava";1507;164;1671;"SK0217"
2021-01-07;"Okres Turčianske Teplice";291;28;319;"SK0319"
2021-01-07;"Okres Tvrdošín";561;29;590;"SK031A"
2021-01-07;"Okres Veľký Krtíš";344;10;354;"SK032A"
2021-01-07;"Okres Vranov nad Topľou";227;28;255;"SK041D"
2021-01-07;"Okres Zlaté Moravce";448;60;508;"SK0237"
2021-01-07;"Okres Zvolen";363;19;382;"SK032B"
2021-01-07;"Okres Žarnovica";1109;62;1171;"SK032C"
2021-01-07;"Okres Žiar nad Hronom";563;39;602;"SK032D"
2021-01-07;"Okres Žilina";1511;141;1652;"SK031B"
2021-01-08;"Okres Bánovce nad Bebravou";614;50;664;"SK0221"
2021-01-08;"Okres Banská Bystrica";1834;88;1922;"SK0321"
2021-01-08;"Okres Banská Štiavnica";242;13;255;"SK0322"
2021-01-08;"Okres Bardejov";3699;68;3767;"SK0411"
2021-01-08;"Okres Bratislava I";2484;29;2513;"SK0101"
2021-01-08;"Okres Bratislava II";2064;73;2137;"SK0102"
2021-01-08;"Okres Bratislava III";1820;104;1924;"SK0103"
2021-01-08;"Okres Bratislava IV";497;43;540;"SK0104"
2021-01-08;"Okres Bratislava V";572;19;591;"SK0105"
2021-01-08;"Okres Brezno";471;50;521;"SK0323"
2021-01-08;"Okres Bytča";258;33;291;"SK0311"
2021-01-08;"Okres Čadca";2152;112;2264;"SK0312"
2021-01-08;"Okres Detva";352;17;369;"SK0324"
2021-01-08;"Okres Dolný Kubín";727;54;781;"SK0313"
2021-01-08;"Okres Dunajská Streda";827;108;935;"SK0211"
2021-01-08;"Okres Galanta";1385;141;1526;"SK0212"
2021-01-08;"Okres Gelnica";677;12;689;"SK0421"
2021-01-08;"Okres Hlohovec";938;98;1036;"SK0213"
2021-01-08;"Okres Humenné";1382;84;1466;"SK0412"
2021-01-08;"Okres Ilava";436;53;489;"SK0222"
2021-01-08;"Okres Kežmarok";921;77;998;"SK0413"
2021-01-08;"Okres Komárno";1441;67;1508;"SK0231"
2021-01-08;"Okres Košice I";782;36;818;"SK0422"
2021-01-08;"Okres Košice II";1167;61;1228;"SK0423"
2021-01-08;"Okres Košice III";278;11;289;"SK0424"
2021-01-08;"Okres Košice IV";434;19;453;"SK0425"
2021-01-08;"Okres Krupina";472;10;482;"SK0325"
2021-01-08;"Okres Kysucké Nové Mesto";272;41;313;"SK0314"
2021-01-08;"Okres Levice";2467;167;2634;"SK0232"
2021-01-08;"Okres Levoča";708;38;746;"SK0414"
2021-01-08;"Okres Liptovský Mikuláš";1165;34;1199;"SK0315"
2021-01-08;"Okres Lučenec";870;35;905;"SK0326"
2021-01-08;"Okres Malacky";847;55;902;"SK0106"
2021-01-08;"Okres Martin";1770;67;1837;"SK0316"
2021-01-08;"Okres Medzilaborce";233;27;260;"SK0415"
2021-01-08;"Okres Michalovce";1694;76;1770;"SK0427"
2021-01-08;"Okres Myjava";304;7;311;"SK0223"
2021-01-08;"Okres Námestovo";985;39;1024;"SK0317"
2021-01-08;"Okres Nitra";6400;186;6586;"SK0233"
2021-01-08;"Okres Nové Mesto nad Váhom";649;35;684;"SK0224"
2021-01-08;"Okres Nové Zámky";2147;108;2255;"SK0234"
2021-01-08;"Okres Partizánske";1051;132;1183;"SK0225"
2021-01-08;"Okres Pezinok";1137;59;1196;"SK0107"
2021-01-08;"Okres Piešťany";1505;61;1566;"SK0214"
2021-01-08;"Okres Poltár";360;8;368;"SK0327"
2021-01-08;"Okres Poprad";1509;72;1581;"SK0416"
2021-01-08;"Okres Považská Bystrica";1123;76;1199;"SK0226"
2021-01-08;"Okres Prešov";3151;94;3245;"SK0417"
2021-01-08;"Okres Prievidza";1299;123;1422;"SK0227"
2021-01-08;"Okres Púchov";843;32;875;"SK0228"
2021-01-08;"Okres Revúca";1494;53;1547;"SK0328"
2021-01-08;"Okres Rimavská Sobota";653;20;673;"SK0329"
2021-01-08;"Okres Rožňava";1323;61;1384;"SK0428"
2021-01-08;"Okres Ružomberok";1224;64;1288;"SK0318"
2021-01-08;"Okres Sabinov";1812;97;1909;"SK0418"
2021-01-08;"Okres Senec";1555;69;1624;"SK0108"
2021-01-08;"Okres Senica";244;21;265;"SK0215"
2021-01-08;"Okres Skalica";768;32;800;"SK0216"
2021-01-08;"Okres Snina";591;16;607;"SK0419"
2021-01-08;"Okres Sobrance";373;21;394;"SK0429"
2021-01-08;"Okres Spišská Nová Ves";1185;52;1237;"SK042A"
2021-01-08;"Okres Stará Ľubovňa";582;91;673;"SK041A"
2021-01-08;"Okres Stropkov";110;4;114;"SK041B"
2021-01-08;"Okres Svidník";290;12;302;"SK041C"
2021-01-08;"Okres Šaľa";367;23;390;"SK0235"
2021-01-08;"Okres Topoľčany";1820;172;1992;"SK0236"
2021-01-08;"Okres Trebišov";1167;77;1244;"SK042B"
2021-01-08;"Okres Trenčín";1532;98;1630;"SK0229"
2021-01-08;"Okres Trnava";1674;100;1774;"SK0217"
2021-01-08;"Okres Turčianske Teplice";150;8;158;"SK0319"
2021-01-08;"Okres Tvrdošín";365;14;379;"SK031A"
2021-01-08;"Okres Veľký Krtíš";605;14;619;"SK032A"
2021-01-08;"Okres Vranov nad Topľou";346;20;366;"SK041D"
2021-01-08;"Okres Zlaté Moravce";443;28;471;"SK0237"
2021-01-08;"Okres Zvolen";1177;54;1231;"SK032B"
2021-01-08;"Okres Žarnovica";1374;90;1464;"SK032C"
2021-01-08;"Okres Žiar nad Hronom";520;33;553;"SK032D"
2021-01-08;"Okres Žilina";1397;87;1484;"SK031B"
2021-01-09;"Okres Bánovce nad Bebravou";6;3;9;"SK0221"
2021-01-09;"Okres Banská Bystrica";1265;54;1319;"SK0321"
2021-01-09;"Okres Banská Štiavnica";289;5;294;"SK0322"
2021-01-09;"Okres Bardejov";4;0;4;"SK0411"
2021-01-09;"Okres Bratislava I";901;26;927;"SK0101"
2021-01-09;"Okres Bratislava II";1014;51;1065;"SK0102"
2021-01-09;"Okres Bratislava III";1490;142;1632;"SK0103"
2021-01-09;"Okres Bratislava IV";3;0;3;"SK0104"
2021-01-09;"Okres Bratislava V";51;0;51;"SK0105"
2021-01-09;"Okres Brezno";39;2;41;"SK0323"
2021-01-09;"Okres Čadca";476;16;492;"SK0312"
2021-01-09;"Okres Detva";1;0;1;"SK0324"
2021-01-09;"Okres Dolný Kubín";8;3;11;"SK0313"
2021-01-09;"Okres Galanta";1086;80;1166;"SK0212"
2021-01-09;"Okres Hlohovec";24;0;24;"SK0213"
2021-01-09;"Okres Humenné";27;0;27;"SK0412"
2021-01-09;"Okres Kežmarok";220;11;231;"SK0413"
2021-01-09;"Okres Komárno";1098;59;1157;"SK0231"
2021-01-09;"Okres Košice I";3;0;3;"SK0422"
2021-01-09;"Okres Košice II";331;20;351;"SK0423"
2021-01-09;"Okres Košice IV";590;10;600;"SK0425"
2021-01-09;"Okres Levice";521;52;573;"SK0232"
2021-01-09;"Okres Liptovský Mikuláš";522;26;548;"SK0315"
2021-01-09;"Okres Lučenec";316;9;325;"SK0326"
2021-01-09;"Okres Malacky";664;43;707;"SK0106"
2021-01-09;"Okres Martin";0;1;1;"SK0316"
2021-01-09;"Okres Michalovce";49;4;53;"SK0427"
2021-01-09;"Okres Myjava";413;9;422;"SK0223"
2021-01-09;"Okres Nitra";35177;970;36147;"SK0233"
2021-01-09;"Okres Nové Mesto nad Váhom";3;0;3;"SK0224"
2021-01-09;"Okres Nové Zámky";1608;40;1648;"SK0234"
2021-01-09;"Okres Partizánske";81;26;107;"SK0225"
2021-01-09;"Okres Pezinok";871;26;897;"SK0107"
2021-01-09;"Okres Piešťany";410;20;430;"SK0214"
2021-01-09;"Okres Poprad";1092;46;1138;"SK0416"
2021-01-09;"Okres Považská Bystrica";798;30;828;"SK0226"
2021-01-09;"Okres Prešov";17;0;17;"SK0417"
2021-01-09;"Okres Prievidza";1;0;1;"SK0227"
2021-01-09;"Okres Púchov";7002;64;7066;"SK0228"
2021-01-09;"Okres Revúca";141;2;143;"SK0328"
2021-01-09;"Okres Rožňava";5;0;5;"SK0428"
2021-01-09;"Okres Ružomberok";266;15;281;"SK0318"
2021-01-09;"Okres Sabinov";1;0;1;"SK0418"
2021-01-09;"Okres Senec";518;29;547;"SK0108"
2021-01-09;"Okres Senica";246;19;265;"SK0215"
2021-01-09;"Okres Skalica";6;1;7;"SK0216"
2021-01-09;"Okres Snina";269;21;290;"SK0419"
2021-01-09;"Okres Sobrance";200;3;203;"SK0429"
2021-01-09;"Okres Spišská Nová Ves";58;6;64;"SK042A"
2021-01-09;"Okres Stará Ľubovňa";310;37;347;"SK041A"
2021-01-09;"Okres Šaľa";226;16;242;"SK0235"
2021-01-09;"Okres Topoľčany";383;28;411;"SK0236"
2021-01-09;"Okres Trebišov";117;6;123;"SK042B"
2021-01-09;"Okres Trenčín";366;17;383;"SK0229"
2021-01-09;"Okres Trnava";394;7;401;"SK0217"
2021-01-09;"Okres Tvrdošín";316;6;322;"SK031A"
2021-01-09;"Okres Vranov nad Topľou";371;15;386;"SK041D"
2021-01-09;"Okres Zvolen";46;0;46;"SK032B"
2021-01-09;"Okres Žiar nad Hronom";281;9;290;"SK032D"
2021-01-09;"Okres Žilina";475;22;497;"SK031B"
2021-01-10;"Okres Banská Bystrica";135;0;135;"SK0321"
2021-01-10;"Okres Bardejov";61;4;65;"SK0411"
2021-01-10;"Okres Bratislava I";191;0;191;"SK0101"
2021-01-10;"Okres Bratislava II";209;21;230;"SK0102"
2021-01-10;"Okres Bratislava III";1180;48;1228;"SK0103"
2021-01-10;"Okres Bratislava V";37;0;37;"SK0105"
2021-01-10;"Okres Čadca";241;6;247;"SK0312"
2021-01-10;"Okres Humenné";336;16;352;"SK0412"
2021-01-10;"Okres Kežmarok";4;0;4;"SK0413"
2021-01-10;"Okres Komárno";25;5;30;"SK0231"
2021-01-10;"Okres Košice II";53;1;54;"SK0423"
2021-01-10;"Okres Košice IV";2;0;2;"SK0425"
2021-01-10;"Okres Levice";12843;387;13230;"SK0232"
2021-01-10;"Okres Levoča";0;0;0;"SK0414"
2021-01-10;"Okres Lučenec";16;1;17;"SK0326"
2021-01-10;"Okres Malacky";75;14;89;"SK0106"
2021-01-10;"Okres Martin";2;0;2;"SK0316"
2021-01-10;"Okres Michalovce";32;1;33;"SK0427"
2021-01-10;"Okres Myjava";57;2;59;"SK0223"
2021-01-10;"Okres Nitra";6151;187;6338;"SK0233"
2021-01-10;"Okres Nové Mesto nad Váhom";2;0;2;"SK0224"
2021-01-10;"Okres Nové Zámky";1126;42;1168;"SK0234"
2021-01-10;"Okres Partizánske";1;0;1;"SK0225"
2021-01-10;"Okres Pezinok";53;2;55;"SK0107"
2021-01-10;"Okres Poprad";69;2;71;"SK0416"
2021-01-10;"Okres Prešov";13;0;13;"SK0417"
2021-01-10;"Okres Púchov";4922;72;4994;"SK0228"
2021-01-10;"Okres Revúca";21;0;21;"SK0328"
2021-01-10;"Okres Ružomberok";11;2;13;"SK0318"
2021-01-10;"Okres Sabinov";1;0;1;"SK0418"
2021-01-10;"Okres Senec";1;0;1;"SK0108"
2021-01-10;"Okres Snina";6;1;7;"SK0419"
2021-01-10;"Okres Sobrance";2;0;2;"SK0429"
2021-01-10;"Okres Spišská Nová Ves";28;0;28;"SK042A"
2021-01-10;"Okres Stará Ľubovňa";15;1;16;"SK041A"
2021-01-10;"Okres Šaľa";1;0;1;"SK0235"
2021-01-10;"Okres Topoľčany";1131;164;1295;"SK0236"
2021-01-10;"Okres Trebišov";35;6;41;"SK042B"
2021-01-10;"Okres Trenčín";15;4;19;"SK0229"
2021-01-10;"Okres Trnava";18;0;18;"SK0217"
2021-01-10;"Okres Tvrdošín";2;0;2;"SK031A"
2021-01-10;"Okres Veľký Krtíš";36;3;39;"SK032A"
2021-01-10;"Okres Zvolen";0;0;0;"SK032B"
2021-01-10;"Okres Žiar nad Hronom";28;0;28;"SK032D"
2021-01-10;"Okres Žilina";93;1;94;"SK031B"
2021-01-11;"Okres Bánovce nad Bebravou";530;72;602;"SK0221"
2021-01-11;"Okres Banská Bystrica";644;21;665;"SK0321"
2021-01-11;"Okres Banská Štiavnica";637;35;672;"SK0322"
2021-01-11;"Okres Bardejov";3898;75;3973;"SK0411"
2021-01-11;"Okres Bratislava I";1977;24;2001;"SK0101"
2021-01-11;"Okres Bratislava II";4357;66;4423;"SK0102"
2021-01-11;"Okres Bratislava III";11465;132;11597;"SK0103"
2021-01-11;"Okres Bratislava IV";577;57;634;"SK0104"
2021-01-11;"Okres Bratislava V";824;20;844;"SK0105"
2021-01-11;"Okres Brezno";785;153;938;"SK0323"
2021-01-11;"Okres Bytča";276;23;299;"SK0311"
2021-01-11;"Okres Čadca";1630;53;1683;"SK0312"
2021-01-11;"Okres Detva";423;27;450;"SK0324"
2021-01-11;"Okres Dolný Kubín";674;38;712;"SK0313"
2021-01-11;"Okres Dunajská Streda";1135;99;1234;"SK0211"
2021-01-11;"Okres Galanta";671;46;717;"SK0212"
2021-01-11;"Okres Gelnica";600;54;654;"SK0421"
2021-01-11;"Okres Hlohovec";1066;100;1166;"SK0213"
2021-01-11;"Okres Humenné";980;75;1055;"SK0412"
2021-01-11;"Okres Ilava";315;16;331;"SK0222"
2021-01-11;"Okres Kežmarok";515;61;576;"SK0413"
2021-01-11;"Okres Komárno";1054;81;1135;"SK0231"
2021-01-11;"Okres Košice I";565;23;588;"SK0422"
2021-01-11;"Okres Košice II";1712;32;1744;"SK0423"
2021-01-11;"Okres Košice III";350;18;368;"SK0424"
2021-01-11;"Okres Košice IV";539;15;554;"SK0425"
2021-01-11;"Okres Krupina";442;8;450;"SK0325"
2021-01-11;"Okres Kysucké Nové Mesto";298;21;319;"SK0314"
2021-01-11;"Okres Levice";2557;189;2746;"SK0232"
2021-01-11;"Okres Levoča";297;9;306;"SK0414"
2021-01-11;"Okres Liptovský Mikuláš";619;18;637;"SK0315"
2021-01-11;"Okres Lučenec";790;15;805;"SK0326"
2021-01-11;"Okres Malacky";1006;43;1049;"SK0106"
2021-01-11;"Okres Martin";2157;92;2249;"SK0316"
2021-01-11;"Okres Medzilaborce";234;30;264;"SK0415"
2021-01-11;"Okres Michalovce";1555;68;1623;"SK0427"
2021-01-11;"Okres Myjava";67;2;69;"SK0223"
2021-01-11;"Okres Námestovo";1416;99;1515;"SK0317"
2021-01-11;"Okres Nitra";1894;55;1949;"SK0233"
2021-01-11;"Okres Nové Mesto nad Váhom";615;49;664;"SK0224"
2021-01-11;"Okres Nové Zámky";1826;101;1927;"SK0234"
2021-01-11;"Okres Partizánske";1036;156;1192;"SK0225"
2021-01-11;"Okres Pezinok";517;17;534;"SK0107"
2021-01-11;"Okres Piešťany";704;51;755;"SK0214"
2021-01-11;"Okres Poltár";750;21;771;"SK0327"
2021-01-11;"Okres Poprad";1440;93;1533;"SK0416"
2021-01-11;"Okres Považská Bystrica";402;25;427;"SK0226"
2021-01-11;"Okres Prešov";2492;82;2574;"SK0417"
2021-01-11;"Okres Prievidza";785;44;829;"SK0227"
2021-01-11;"Okres Púchov";338;24;362;"SK0228"
2021-01-11;"Okres Revúca";1438;77;1515;"SK0328"
2021-01-11;"Okres Rimavská Sobota";1005;35;1040;"SK0329"
2021-01-11;"Okres Rožňava";1761;36;1797;"SK0428"
2021-01-11;"Okres Ružomberok";793;61;854;"SK0318"
2021-01-11;"Okres Sabinov";1798;119;1917;"SK0418"
2021-01-11;"Okres Senec";446;28;474;"SK0108"
2021-01-11;"Okres Senica";243;13;256;"SK0215"
2021-01-11;"Okres Skalica";19;2;21;"SK0216"
2021-01-11;"Okres Snina";449;40;489;"SK0419"
2021-01-11;"Okres Sobrance";211;13;224;"SK0429"
2021-01-11;"Okres Spišská Nová Ves";1213;51;1264;"SK042A"
2021-01-11;"Okres Stará Ľubovňa";324;17;341;"SK041A"
2021-01-11;"Okres Stropkov";91;2;93;"SK041B"
2021-01-11;"Okres Svidník";251;23;274;"SK041C"
2021-01-11;"Okres Šaľa";401;40;441;"SK0235"
2021-01-11;"Okres Topoľčany";1217;149;1366;"SK0236"
2021-01-11;"Okres Trebišov";898;50;948;"SK042B"
2021-01-11;"Okres Trenčín";1267;89;1356;"SK0229"
2021-01-11;"Okres Trnava";1758;106;1864;"SK0217"
2021-01-11;"Okres Turčianske Teplice";168;7;175;"SK0319"
2021-01-11;"Okres Tvrdošín";638;33;671;"SK031A"
2021-01-11;"Okres Veľký Krtíš";388;11;399;"SK032A"
2021-01-11;"Okres Vranov nad Topľou";207;2;209;"SK041D"
2021-01-11;"Okres Zlaté Moravce";478;18;496;"SK0237"
2021-01-11;"Okres Zvolen";814;38;852;"SK032B"
2021-01-11;"Okres Žarnovica";935;72;1007;"SK032C"
2021-01-11;"Okres Žiar nad Hronom";235;19;254;"SK032D"
2021-01-11;"Okres Žilina";2740;128;2868;"SK031B"
2021-01-12;"Okres Bánovce nad Bebravou";364;40;404;"SK0221"
2021-01-12;"Okres Banská Bystrica";1613;65;1678;"SK0321"
2021-01-12;"Okres Banská Štiavnica";2;2;4;"SK0322"
2021-01-12;"Okres Bardejov";3156;65;3221;"SK0411"
2021-01-12;"Okres Bratislava I";1287;28;1315;"SK0101"
2021-01-12;"Okres Bratislava II";2856;86;2942;"SK0102"
2021-01-12;"Okres Bratislava III";2511;120;2631;"SK0103"
2021-01-12;"Okres Bratislava IV";499;38;537;"SK0104"
2021-01-12;"Okres Bratislava V";2291;34;2325;"SK0105"
2021-01-12;"Okres Brezno";291;24;315;"SK0323"
2021-01-12;"Okres Bytča";254;21;275;"SK0311"
2021-01-12;"Okres Čadca";1754;61;1815;"SK0312"
2021-01-12;"Okres Detva";241;37;278;"SK0324"
2021-01-12;"Okres Dolný Kubín";851;42;893;"SK0313"
2021-01-12;"Okres Dunajská Streda";1461;181;1642;"SK0211"
2021-01-12;"Okres Galanta";1081;81;1162;"SK0212"
2021-01-12;"Okres Gelnica";486;22;508;"SK0421"
2021-01-12;"Okres Hlohovec";752;49;801;"SK0213"
2021-01-12;"Okres Humenné";1081;74;1155;"SK0412"
2021-01-12;"Okres Ilava";245;23;268;"SK0222"
2021-01-12;"Okres Kežmarok";514;38;552;"SK0413"
2021-01-12;"Okres Komárno";1517;90;1607;"SK0231"
2021-01-12;"Okres Košice - okolie";1;0;1;"SK0426"
2021-01-12;"Okres Košice I";365;13;378;"SK0422"
2021-01-12;"Okres Košice II";1250;50;1300;"SK0423"
2021-01-12;"Okres Košice III";140;11;151;"SK0424"
2021-01-12;"Okres Košice IV";1009;6;1015;"SK0425"
2021-01-12;"Okres Krupina";834;37;871;"SK0325"
2021-01-12;"Okres Kysucké Nové Mesto";357;26;383;"SK0314"
2021-01-12;"Okres Levice";3490;206;3696;"SK0232"
2021-01-12;"Okres Levoča";430;11;441;"SK0414"
2021-01-12;"Okres Liptovský Mikuláš";787;37;824;"SK0315"
2021-01-12;"Okres Lučenec";787;23;810;"SK0326"
2021-01-12;"Okres Malacky";1013;82;1095;"SK0106"
2021-01-12;"Okres Martin";1499;70;1569;"SK0316"
2021-01-12;"Okres Medzilaborce";199;13;212;"SK0415"
2021-01-12;"Okres Michalovce";1401;34;1435;"SK0427"
2021-01-12;"Okres Myjava";343;13;356;"SK0223"
2021-01-12;"Okres Námestovo";568;21;589;"SK0317"
2021-01-12;"Okres Nitra";564;37;601;"SK0233"
2021-01-12;"Okres Nové Mesto nad Váhom";458;22;480;"SK0224"
2021-01-12;"Okres Nové Zámky";1485;58;1543;"SK0234"
2021-01-12;"Okres Partizánske";694;98;792;"SK0225"
2021-01-12;"Okres Pezinok";1161;61;1222;"SK0107"
2021-01-12;"Okres Piešťany";1312;50;1362;"SK0214"
2021-01-12;"Okres Poltár";316;8;324;"SK0327"
2021-01-12;"Okres Poprad";2271;45;2316;"SK0416"
2021-01-12;"Okres Považská Bystrica";970;53;1023;"SK0226"
2021-01-12;"Okres Prešov";1488;66;1554;"SK0417"
2021-01-12;"Okres Prievidza";782;39;821;"SK0227"
2021-01-12;"Okres Púchov";156;11;167;"SK0228"
2021-01-12;"Okres Revúca";1112;50;1162;"SK0328"
2021-01-12;"Okres Rimavská Sobota";650;22;672;"SK0329"
2021-01-12;"Okres Rožňava";1069;29;1098;"SK0428"
2021-01-12;"Okres Ružomberok";1550;27;1577;"SK0318"
2021-01-12;"Okres Sabinov";898;64;962;"SK0418"
2021-01-12;"Okres Senec";838;43;881;"SK0108"
2021-01-12;"Okres Senica";254;24;278;"SK0215"
2021-01-12;"Okres Skalica";1986;22;2008;"SK0216"
2021-01-12;"Okres Snina";326;22;348;"SK0419"
2021-01-12;"Okres Sobrance";300;15;315;"SK0429"
2021-01-12;"Okres Spišská Nová Ves";688;32;720;"SK042A"
2021-01-12;"Okres Stará Ľubovňa";412;59;471;"SK041A"
2021-01-12;"Okres Stropkov";66;7;73;"SK041B"
2021-01-12;"Okres Svidník";217;3;220;"SK041C"
2021-01-12;"Okres Šaľa";435;29;464;"SK0235"
2021-01-12;"Okres Topoľčany";2083;151;2234;"SK0236"
2021-01-12;"Okres Trebišov";822;68;890;"SK042B"
2021-01-12;"Okres Trenčín";1475;47;1522;"SK0229"
2021-01-12;"Okres Trnava";1518;169;1687;"SK0217"
2021-01-12;"Okres Turčianske Teplice";149;12;161;"SK0319"
2021-01-12;"Okres Tvrdošín";280;6;286;"SK031A"
2021-01-12;"Okres Veľký Krtíš";443;3;446;"SK032A"
2021-01-12;"Okres Vranov nad Topľou";341;23;364;"SK041D"
2021-01-12;"Okres Zlaté Moravce";435;27;462;"SK0237"
2021-01-12;"Okres Zvolen";481;20;501;"SK032B"
2021-01-12;"Okres Žarnovica";985;41;1026;"SK032C"
2021-01-12;"Okres Žiar nad Hronom";437;29;466;"SK032D"
2021-01-12;"Okres Žilina";1375;104;1479;"SK031B"
2021-01-13;"Okres Bánovce nad Bebravou";306;22;328;"SK0221"
2021-01-13;"Okres Banská Bystrica";1355;31;1386;"SK0321"
2021-01-13;"Okres Banská Štiavnica";259;17;276;"SK0322"
2021-01-13;"Okres Bardejov";2990;62;3052;"SK0411"
2021-01-13;"Okres Bratislava I";1645;37;1682;"SK0101"
2021-01-13;"Okres Bratislava II";2260;80;2340;"SK0102"
2021-01-13;"Okres Bratislava III";2312;59;2371;"SK0103"
2021-01-13;"Okres Bratislava IV";465;33;498;"SK0104"
2021-01-13;"Okres Bratislava V";692;29;721;"SK0105"
2021-01-13;"Okres Brezno";407;15;422;"SK0323"
2021-01-13;"Okres Bytča";153;9;162;"SK0311"
2021-01-13;"Okres Čadca";1230;37;1267;"SK0312"
2021-01-13;"Okres Detva";260;14;274;"SK0324"
2021-01-13;"Okres Dolný Kubín";243;12;255;"SK0313"
2021-01-13;"Okres Dunajská Streda";1117;134;1251;"SK0211"
2021-01-13;"Okres Galanta";864;108;972;"SK0212"
2021-01-13;"Okres Gelnica";400;16;416;"SK0421"
2021-01-13;"Okres Hlohovec";386;26;412;"SK0213"
2021-01-13;"Okres Humenné";596;28;624;"SK0412"
2021-01-13;"Okres Ilava";256;28;284;"SK0222"
2021-01-13;"Okres Kežmarok";541;37;578;"SK0413"
2021-01-13;"Okres Komárno";1462;88;1550;"SK0231"
2021-01-13;"Okres Košice I";501;24;525;"SK0422"
2021-01-13;"Okres Košice II";450;18;468;"SK0423"
2021-01-13;"Okres Košice III";119;8;127;"SK0424"
2021-01-13;"Okres Košice IV";997;36;1033;"SK0425"
2021-01-13;"Okres Krupina";404;22;426;"SK0325"
2021-01-13;"Okres Kysucké Nové Mesto";202;14;216;"SK0314"
2021-01-13;"Okres Levice";1839;110;1949;"SK0232"
2021-01-13;"Okres Levoča";261;5;266;"SK0414"
2021-01-13;"Okres Liptovský Mikuláš";6403;363;6766;"SK0315"
2021-01-13;"Okres Lučenec";709;14;723;"SK0326"
2021-01-13;"Okres Malacky";904;55;959;"SK0106"
2021-01-13;"Okres Martin";1137;20;1157;"SK0316"
2021-01-13;"Okres Medzilaborce";103;8;111;"SK0415"
2021-01-13;"Okres Michalovce";981;31;1012;"SK0427"
2021-01-13;"Okres Myjava";210;6;216;"SK0223"
2021-01-13;"Okres Námestovo";326;13;339;"SK0317"
2021-01-13;"Okres Nitra";595;55;650;"SK0233"
2021-01-13;"Okres Nové Mesto nad Váhom";595;24;619;"SK0224"
2021-01-13;"Okres Nové Zámky";3653;99;3752;"SK0234"
2021-01-13;"Okres Partizánske";133;30;163;"SK0225"
2021-01-13;"Okres Pezinok";788;29;817;"SK0107"
2021-01-13;"Okres Piešťany";686;30;716;"SK0214"
2021-01-13;"Okres Poltár";210;10;220;"SK0327"
2021-01-13;"Okres Poprad";896;24;920;"SK0416"
2021-01-13;"Okres Považská Bystrica";1049;70;1119;"SK0226"
2021-01-13;"Okres Prešov";1504;50;1554;"SK0417"
2021-01-13;"Okres Prievidza";672;43;715;"SK0227"
2021-01-13;"Okres Púchov";320;19;339;"SK0228"
2021-01-13;"Okres Revúca";925;54;979;"SK0328"
2021-01-13;"Okres Rimavská Sobota";370;12;382;"SK0329"
2021-01-13;"Okres Rožňava";816;26;842;"SK0428"
2021-01-13;"Okres Ružomberok";446;27;473;"SK0318"
2021-01-13;"Okres Sabinov";480;34;514;"SK0418"
2021-01-13;"Okres Senec";685;31;716;"SK0108"
2021-01-13;"Okres Senica";241;21;262;"SK0215"
2021-01-13;"Okres Skalica";770;15;785;"SK0216"
2021-01-13;"Okres Snina";275;13;288;"SK0419"
2021-01-13;"Okres Sobrance";169;10;179;"SK0429"
2021-01-13;"Okres Spišská Nová Ves";468;26;494;"SK042A"
2021-01-13;"Okres Stará Ľubovňa";241;14;255;"SK041A"
2021-01-13;"Okres Stropkov";47;3;50;"SK041B"
2021-01-13;"Okres Svidník";121;3;124;"SK041C"
2021-01-13;"Okres Šaľa";470;27;497;"SK0235"
2021-01-13;"Okres Topoľčany";2014;149;2163;"SK0236"
2021-01-13;"Okres Trebišov";761;62;823;"SK042B"
2021-01-13;"Okres Trenčín";1122;27;1149;"SK0229"
2021-01-13;"Okres Trnava";1003;64;1067;"SK0217"
2021-01-13;"Okres Turčianske Teplice";97;7;104;"SK0319"
2021-01-13;"Okres Tvrdošín";243;2;245;"SK031A"
2021-01-13;"Okres Veľký Krtíš";452;1;453;"SK032A"
2021-01-13;"Okres Vranov nad Topľou";283;14;297;"SK041D"
2021-01-13;"Okres Zlaté Moravce";355;18;373;"SK0237"
2021-01-13;"Okres Zvolen";369;14;383;"SK032B"
2021-01-13;"Okres Žarnovica";694;35;729;"SK032C"
2021-01-13;"Okres Žiar nad Hronom";575;31;606;"SK032D"
2021-01-13;"Okres Žilina";1059;56;1115;"SK031B"
2021-01-14;"Okres Bánovce nad Bebravou";316;22;338;"SK0221"
2021-01-14;"Okres Banská Bystrica";2205;60;2265;"SK0321"
2021-01-14;"Okres Banská Štiavnica";34;0;34;"SK0322"
2021-01-14;"Okres Bardejov";2842;32;2874;"SK0411"
2021-01-14;"Okres Bratislava I";804;26;830;"SK0101"
2021-01-14;"Okres Bratislava II";1814;61;1875;"SK0102"
2021-01-14;"Okres Bratislava III";2581;65;2646;"SK0103"
2021-01-14;"Okres Bratislava IV";461;29;490;"SK0104"
2021-01-14;"Okres Bratislava V";618;16;634;"SK0105"
2021-01-14;"Okres Brezno";357;96;453;"SK0323"
2021-01-14;"Okres Bytča";151;14;165;"SK0311"
2021-01-14;"Okres Čadca";1046;30;1076;"SK0312"
2021-01-14;"Okres Detva";243;17;260;"SK0324"
2021-01-14;"Okres Dolný Kubín";245;13;258;"SK0313"
2021-01-14;"Okres Dunajská Streda";740;77;817;"SK0211"
2021-01-14;"Okres Galanta";929;97;1026;"SK0212"
2021-01-14;"Okres Gelnica";468;8;476;"SK0421"
2021-01-14;"Okres Hlohovec";800;57;857;"SK0213"
2021-01-14;"Okres Humenné";448;22;470;"SK0412"
2021-01-14;"Okres Ilava";150;8;158;"SK0222"
2021-01-14;"Okres Kežmarok";429;44;473;"SK0413"
2021-01-14;"Okres Komárno";1515;72;1587;"SK0231"
2021-01-14;"Okres Košice I";713;36;749;"SK0422"
2021-01-14;"Okres Košice II";657;37;694;"SK0423"
2021-01-14;"Okres Košice III";146;8;154;"SK0424"
2021-01-14;"Okres Košice IV";1487;12;1499;"SK0425"
2021-01-14;"Okres Krupina";271;8;279;"SK0325"
2021-01-14;"Okres Kysucké Nové Mesto";178;13;191;"SK0314"
2021-01-14;"Okres Levice";1547;119;1666;"SK0232"
2021-01-14;"Okres Levoča";325;19;344;"SK0414"
2021-01-14;"Okres Liptovský Mikuláš";608;33;641;"SK0315"
2021-01-14;"Okres Lučenec";539;16;555;"SK0326"
2021-01-14;"Okres Malacky";1302;44;1346;"SK0106"
2021-01-14;"Okres Martin";1136;27;1163;"SK0316"
2021-01-14;"Okres Medzilaborce";108;7;115;"SK0415"
2021-01-14;"Okres Michalovce";861;31;892;"SK0427"
2021-01-14;"Okres Myjava";237;4;241;"SK0223"
2021-01-14;"Okres Námestovo";311;12;323;"SK0317"
2021-01-14;"Okres Nitra";4357;64;4421;"SK0233"
2021-01-14;"Okres Nové Mesto nad Váhom";299;22;321;"SK0224"
2021-01-14;"Okres Nové Zámky";2099;79;2178;"SK0234"
2021-01-14;"Okres Partizánske";577;96;673;"SK0225"
2021-01-14;"Okres Pezinok";857;30;887;"SK0107"
2021-01-14;"Okres Piešťany";570;29;599;"SK0214"
2021-01-14;"Okres Poltár";194;4;198;"SK0327"
2021-01-14;"Okres Poprad";748;25;773;"SK0416"
2021-01-14;"Okres Považská Bystrica";321;5;326;"SK0226"
2021-01-14;"Okres Prešov";1627;66;1693;"SK0417"
2021-01-14;"Okres Prievidza";785;40;825;"SK0227"
2021-01-14;"Okres Púchov";174;28;202;"SK0228"
2021-01-14;"Okres Revúca";865;43;908;"SK0328"
2021-01-14;"Okres Rimavská Sobota";320;10;330;"SK0329"
2021-01-14;"Okres Rožňava";700;19;719;"SK0428"
2021-01-14;"Okres Ružomberok";417;24;441;"SK0318"
2021-01-14;"Okres Sabinov";870;32;902;"SK0418"
2021-01-14;"Okres Senec";754;23;777;"SK0108"
2021-01-14;"Okres Senica";249;21;270;"SK0215"
2021-01-14;"Okres Skalica";238;5;243;"SK0216"
2021-01-14;"Okres Snina";243;8;251;"SK0419"
2021-01-14;"Okres Sobrance";153;11;164;"SK0429"
2021-01-14;"Okres Spišská Nová Ves";594;33;627;"SK042A"
2021-01-14;"Okres Stará Ľubovňa";235;17;252;"SK041A"
2021-01-14;"Okres Stropkov";45;2;47;"SK041B"
2021-01-14;"Okres Svidník";124;5;129;"SK041C"
2021-01-14;"Okres Šaľa";523;20;543;"SK0235"
2021-01-14;"Okres Topoľčany";1178;115;1293;"SK0236"
2021-01-14;"Okres Trebišov";801;40;841;"SK042B"
2021-01-14;"Okres Trenčín";948;35;983;"SK0229"
2021-01-14;"Okres Trnava";947;83;1030;"SK0217"
2021-01-14;"Okres Turčianske Teplice";60;2;62;"SK0319"
2021-01-14;"Okres Tvrdošín";211;5;216;"SK031A"
2021-01-14;"Okres Veľký Krtíš";280;6;286;"SK032A"
2021-01-14;"Okres Vranov nad Topľou";219;18;237;"SK041D"
2021-01-14;"Okres Zlaté Moravce";335;28;363;"SK0237"
2021-01-14;"Okres Zvolen";729;54;783;"SK032B"
2021-01-14;"Okres Žarnovica";1070;36;1106;"SK032C"
2021-01-14;"Okres Žiar nad Hronom";429;28;457;"SK032D"
2021-01-14;"Okres Žilina";1367;80;1447;"SK031B"
2021-01-15;"Okres Bánovce nad Bebravou";438;52;490;"SK0221"
2021-01-15;"Okres Banská Bystrica";2045;44;2089;"SK0321"
2021-01-15;"Okres Banská Štiavnica";133;8;141;"SK0322"
2021-01-15;"Okres Bardejov";2813;40;2853;"SK0411"
2021-01-15;"Okres Bratislava I";990;24;1014;"SK0101"
2021-01-15;"Okres Bratislava II";1425;49;1474;"SK0102"
2021-01-15;"Okres Bratislava III";2194;68;2262;"SK0103"
2021-01-15;"Okres Bratislava IV";514;10;524;"SK0104"
2021-01-15;"Okres Bratislava V";426;18;444;"SK0105"
2021-01-15;"Okres Brezno";475;24;499;"SK0323"
2021-01-15;"Okres Bytča";113;10;123;"SK0311"
2021-01-15;"Okres Čadca";1138;30;1168;"SK0312"
2021-01-15;"Okres Detva";349;13;362;"SK0324"
2021-01-15;"Okres Dolný Kubín";318;10;328;"SK0313"
2021-01-15;"Okres Dunajská Streda";590;88;678;"SK0211"
2021-01-15;"Okres Galanta";1411;102;1513;"SK0212"
2021-01-15;"Okres Gelnica";533;9;542;"SK0421"
2021-01-15;"Okres Hlohovec";621;34;655;"SK0213"
2021-01-15;"Okres Humenné";644;33;677;"SK0412"
2021-01-15;"Okres Ilava";132;9;141;"SK0222"
2021-01-15;"Okres Kežmarok";468;46;514;"SK0413"
2021-01-15;"Okres Komárno";2172;80;2252;"SK0231"
2021-01-15;"Okres Košice - okolie";1;0;1;"SK0426"
2021-01-15;"Okres Košice I";788;36;824;"SK0422"
2021-01-15;"Okres Košice II";1183;25;1208;"SK0423"
2021-01-15;"Okres Košice III";177;3;180;"SK0424"
2021-01-15;"Okres Košice IV";610;9;619;"SK0425"
2021-01-15;"Okres Krupina";524;20;544;"SK0325"
2021-01-15;"Okres Kysucké Nové Mesto";148;4;152;"SK0314"
2021-01-15;"Okres Levice";2554;97;2651;"SK0232"
2021-01-15;"Okres Levoča";389;6;395;"SK0414"
2021-01-15;"Okres Liptovský Mikuláš";882;12;894;"SK0315"
2021-01-15;"Okres Lučenec";733;8;741;"SK0326"
2021-01-15;"Okres Malacky";1014;40;1054;"SK0106"
2021-01-15;"Okres Martin";1418;24;1442;"SK0316"
2021-01-15;"Okres Medzilaborce";146;9;155;"SK0415"
2021-01-15;"Okres Michalovce";1191;54;1245;"SK0427"
2021-01-15;"Okres Myjava";212;5;217;"SK0223"
2021-01-15;"Okres Námestovo";636;27;663;"SK0317"
2021-01-15;"Okres Nitra";7552;102;7654;"SK0233"
2021-01-15;"Okres Nové Mesto nad Váhom";468;26;494;"SK0224"
2021-01-15;"Okres Nové Zámky";2444;90;2534;"SK0234"
2021-01-15;"Okres Partizánske";745;99;844;"SK0225"
2021-01-15;"Okres Pezinok";939;33;972;"SK0107"
2021-01-15;"Okres Piešťany";561;28;589;"SK0214"
2021-01-15;"Okres Poltár";402;14;416;"SK0327"
2021-01-15;"Okres Poprad";1657;50;1707;"SK0416"
2021-01-15;"Okres Považská Bystrica";857;46;903;"SK0226"
2021-01-15;"Okres Prešov";1342;23;1365;"SK0417"
2021-01-15;"Okres Prievidza";964;25;989;"SK0227"
2021-01-15;"Okres Púchov";607;22;629;"SK0228"
2021-01-15;"Okres Revúca";1364;53;1417;"SK0328"
2021-01-15;"Okres Rimavská Sobota";744;13;757;"SK0329"
2021-01-15;"Okres Rožňava";962;25;987;"SK0428"
2021-01-15;"Okres Ružomberok";813;25;838;"SK0318"
2021-01-15;"Okres Sabinov";985;34;1019;"SK0418"
2021-01-15;"Okres Senec";762;32;794;"SK0108"
2021-01-15;"Okres Senica";281;9;290;"SK0215"
2021-01-15;"Okres Skalica";889;16;905;"SK0216"
2021-01-15;"Okres Snina";331;7;338;"SK0419"
2021-01-15;"Okres Sobrance";208;7;215;"SK0429"
2021-01-15;"Okres Spišská Nová Ves";635;14;649;"SK042A"
2021-01-15;"Okres Stará Ľubovňa";460;21;481;"SK041A"
2021-01-15;"Okres Stropkov";54;13;67;"SK041B"
2021-01-15;"Okres Svidník";171;3;174;"SK041C"
2021-01-15;"Okres Šaľa";723;17;740;"SK0235"
2021-01-15;"Okres Topoľčany";1414;103;1517;"SK0236"
2021-01-15;"Okres Trebišov";988;50;1038;"SK042B"
2021-01-15;"Okres Trenčín";906;39;945;"SK0229"
2021-01-15;"Okres Trnava";1462;70;1532;"SK0217"
2021-01-15;"Okres Turčianske Teplice";68;1;69;"SK0319"
2021-01-15;"Okres Tvrdošín";457;10;467;"SK031A"
2021-01-15;"Okres Veľký Krtíš";394;6;400;"SK032A"
2021-01-15;"Okres Vranov nad Topľou";254;20;274;"SK041D"
2021-01-15;"Okres Zlaté Moravce";450;40;490;"SK0237"
2021-01-15;"Okres Zvolen";648;18;666;"SK032B"
2021-01-15;"Okres Žarnovica";1173;28;1201;"SK032C"
2021-01-15;"Okres Žiar nad Hronom";470;16;486;"SK032D"
2021-01-15;"Okres Žilina";1392;56;1448;"SK031B"
2021-01-16;"Okres Banská Bystrica";1260;24;1284;"SK0321"
2021-01-16;"Okres Banská Štiavnica";207;11;218;"SK0322"
2021-01-16;"Okres Bardejov";11;0;11;"SK0411"
2021-01-16;"Okres Bratislava I";125;9;134;"SK0101"
2021-01-16;"Okres Bratislava II";1059;44;1103;"SK0102"
2021-01-16;"Okres Bratislava III";305;17;322;"SK0103"
2021-01-16;"Okres Bratislava V";332;13;345;"SK0105"
2021-01-16;"Okres Brezno";20;5;25;"SK0323"
2021-01-16;"Okres Čadca";386;8;394;"SK0312"
2021-01-16;"Okres Detva";2;2;4;"SK0324"
2021-01-16;"Okres Dolný Kubín";1;0;1;"SK0313"
2021-01-16;"Okres Dunajská Streda";44;0;44;"SK0211"
2021-01-16;"Okres Galanta";555;19;574;"SK0212"
2021-01-16;"Okres Humenné";436;26;462;"SK0412"
2021-01-16;"Okres Ilava";29;1;30;"SK0222"
2021-01-16;"Okres Kežmarok";243;9;252;"SK0413"
2021-01-16;"Okres Komárno";373;32;405;"SK0231"
2021-01-16;"Okres Košice I";20;1;21;"SK0422"
2021-01-16;"Okres Košice II";255;10;265;"SK0423"
2021-01-16;"Okres Košice IV";539;9;548;"SK0425"
2021-01-16;"Okres Levice";812;56;868;"SK0232"
2021-01-16;"Okres Levoča";196;9;205;"SK0414"
2021-01-16;"Okres Liptovský Mikuláš";193;14;207;"SK0315"
2021-01-16;"Okres Lučenec";415;8;423;"SK0326"
2021-01-16;"Okres Malacky";522;33;555;"SK0106"
2021-01-16;"Okres Michalovce";51;2;53;"SK0427"
2021-01-16;"Okres Myjava";618;9;627;"SK0223"
2021-01-16;"Okres Nitra";60027;865;60892;"SK0233"
2021-01-16;"Okres Nové Mesto nad Váhom";1;0;1;"SK0224"
2021-01-16;"Okres Nové Zámky";1077;20;1097;"SK0234"
2021-01-16;"Okres Partizánske";46;38;84;"SK0225"
2021-01-16;"Okres Pezinok";580;26;606;"SK0107"
2021-01-16;"Okres Poprad";586;21;607;"SK0416"
2021-01-16;"Okres Považská Bystrica";562;28;590;"SK0226"
2021-01-16;"Okres Prešov";10;2;12;"SK0417"
2021-01-16;"Okres Prievidza";93;0;93;"SK0227"
2021-01-16;"Okres Púchov";1;0;1;"SK0228"
2021-01-16;"Okres Revúca";44;5;49;"SK0328"
2021-01-16;"Okres Rožňava";480;8;488;"SK0428"
2021-01-16;"Okres Ružomberok";595;29;624;"SK0318"
2021-01-16;"Okres Senec";448;38;486;"SK0108"
2021-01-16;"Okres Senica";268;4;272;"SK0215"
2021-01-16;"Okres Skalica";6;0;6;"SK0216"
2021-01-16;"Okres Snina";147;6;153;"SK0419"
2021-01-16;"Okres Sobrance";165;3;168;"SK0429"
2021-01-16;"Okres Spišská Nová Ves";43;3;46;"SK042A"
2021-01-16;"Okres Stará Ľubovňa";12;0;12;"SK041A"
2021-01-16;"Okres Topoľčany";949;62;1011;"SK0236"
2021-01-16;"Okres Trebišov";279;19;298;"SK042B"
2021-01-16;"Okres Trenčín";311;7;318;"SK0229"
2021-01-16;"Okres Trnava";25;1;26;"SK0217"
2021-01-16;"Okres Vranov nad Topľou";253;10;263;"SK041D"
2021-01-16;"Okres Zvolen";87;0;87;"SK032B"
2021-01-16;"Okres Žiar nad Hronom";249;3;252;"SK032D"
2021-01-16;"Okres Žilina";5;2;7;"SK031B"
2021-01-17;"Okres Bánovce nad Bebravou";88;2;90;"SK0221"
2021-01-17;"Okres Banská Bystrica";7961;68;8029;"SK0321"
2021-01-17;"Okres Bardejov";5;1;6;"SK0411"
2021-01-17;"Okres Bratislava I";16;2;18;"SK0101"
2021-01-17;"Okres Bratislava II";147;14;161;"SK0102"
2021-01-17;"Okres Bratislava III";182;12;194;"SK0103"
2021-01-17;"Okres Bratislava IV";2;0;2;"SK0104"
2021-01-17;"Okres Bratislava V";91;3;94;"SK0105"
2021-01-17;"Okres Brezno";94;4;98;"SK0323"
2021-01-17;"Okres Čadca";204;16;220;"SK0312"
2021-01-17;"Okres Dolný Kubín";1;0;1;"SK0313"
2021-01-17;"Okres Humenné";1;0;1;"SK0412"
2021-01-17;"Okres Kežmarok";16;1;17;"SK0413"
2021-01-17;"Okres Komárno";31;9;40;"SK0231"
2021-01-17;"Okres Košice II";374;9;383;"SK0423"
2021-01-17;"Okres Košice IV";1;0;1;"SK0425"
2021-01-17;"Okres Krupina";4;0;4;"SK0325"
2021-01-17;"Okres Levice";447;14;461;"SK0232"
2021-01-17;"Okres Levoča";2;0;2;"SK0414"
2021-01-17;"Okres Lučenec";34;3;37;"SK0326"
2021-01-17;"Okres Malacky";2;0;2;"SK0106"
2021-01-17;"Okres Michalovce";19;1;20;"SK0427"
2021-01-17;"Okres Myjava";125;0;125;"SK0223"
2021-01-17;"Okres Nitra";14066;238;14304;"SK0233"
2021-01-17;"Okres Nové Zámky";500;14;514;"SK0234"
2021-01-17;"Okres Partizánske";38;18;56;"SK0225"
2021-01-17;"Okres Pezinok";47;5;52;"SK0107"
2021-01-17;"Okres Poprad";35;3;38;"SK0416"
2021-01-17;"Okres Prešov";2;0;2;"SK0417"
2021-01-17;"Okres Púchov";10;0;10;"SK0228"
2021-01-17;"Okres Revúca";27;2;29;"SK0328"
2021-01-17;"Okres Rimavská Sobota";7;0;7;"SK0329"
2021-01-17;"Okres Rožňava";65;1;66;"SK0428"
2021-01-17;"Okres Ružomberok";16;0;16;"SK0318"
2021-01-17;"Okres Sabinov";1;0;1;"SK0418"
2021-01-17;"Okres Senec";141;1;142;"SK0108"
2021-01-17;"Okres Snina";6;0;6;"SK0419"
2021-01-17;"Okres Sobrance";4;0;4;"SK0429"
2021-01-17;"Okres Spišská Nová Ves";19;3;22;"SK042A"
2021-01-17;"Okres Stará Ľubovňa";20;1;21;"SK041A"
2021-01-17;"Okres Stropkov";7401;607;8008;"SK041B"
2021-01-17;"Okres Svidník";6915;396;7311;"SK041C"
2021-01-17;"Okres Topoľčany";12;0;12;"SK0236"
2021-01-17;"Okres Trebišov";69;0;69;"SK042B"
2021-01-17;"Okres Trenčín";20;1;21;"SK0229"
2021-01-17;"Okres Trnava";1706;428;2134;"SK0217"
2021-01-17;"Okres Turčianske Teplice";4;0;4;"SK0319"
2021-01-17;"Okres Veľký Krtíš";25;1;26;"SK032A"
2021-01-17;"Okres Zlaté Moravce";5;0;5;"SK0237"
2021-01-17;"Okres Zvolen";4;0;4;"SK032B"
2021-01-17;"Okres Žiar nad Hronom";30;0;30;"SK032D"
2021-01-17;"Okres Žilina";24;0;24;"SK031B"
2021-01-18;"Okres Bánovce nad Bebravou";408;78;486;"SK0221"
2021-01-18;"Okres Banská Bystrica";468;22;490;"SK0321"
2021-01-18;"Okres Banská Štiavnica";4;1;5;"SK0322"
2021-01-18;"Okres Bardejov";4264;89;4353;"SK0411"
2021-01-18;"Okres Bratislava I";1931;25;1956;"SK0101"
2021-01-18;"Okres Bratislava II";2419;102;2521;"SK0102"
2021-01-18;"Okres Bratislava III";5407;94;5501;"SK0103"
2021-01-18;"Okres Bratislava IV";583;22;605;"SK0104"
2021-01-18;"Okres Bratislava V";2440;375;2815;"SK0105"
2021-01-18;"Okres Brezno";658;91;749;"SK0323"
2021-01-18;"Okres Bytča";174;18;192;"SK0311"
2021-01-18;"Okres Čadca";1448;38;1486;"SK0312"
2021-01-18;"Okres Detva";516;32;548;"SK0324"
2021-01-18;"Okres Dolný Kubín";635;17;652;"SK0313"
2021-01-18;"Okres Dunajská Streda";803;129;932;"SK0211"
2021-01-18;"Okres Galanta";1667;138;1805;"SK0212"
2021-01-18;"Okres Gelnica";617;17;634;"SK0421"
2021-01-18;"Okres Hlohovec";678;74;752;"SK0213"
2021-01-18;"Okres Humenné";1021;55;1076;"SK0412"
2021-01-18;"Okres Ilava";306;35;341;"SK0222"
2021-01-18;"Okres Kežmarok";597;38;635;"SK0413"
2021-01-18;"Okres Komárno";1110;70;1180;"SK0231"
2021-01-18;"Okres Košice - okolie";12;0;12;"SK0426"
2021-01-18;"Okres Košice I";706;25;731;"SK0422"
2021-01-18;"Okres Košice II";815;31;846;"SK0423"
2021-01-18;"Okres Košice III";370;9;379;"SK0424"
2021-01-18;"Okres Košice IV";330;10;340;"SK0425"
2021-01-18;"Okres Krupina";483;34;517;"SK0325"
2021-01-18;"Okres Kysucké Nové Mesto";193;17;210;"SK0314"
2021-01-18;"Okres Levice";2627;211;2838;"SK0232"
2021-01-18;"Okres Levoča";273;3;276;"SK0414"
2021-01-18;"Okres Liptovský Mikuláš";1585;33;1618;"SK0315"
2021-01-18;"Okres Lučenec";2255;63;2318;"SK0326"
2021-01-18;"Okres Malacky";1039;67;1106;"SK0106"
2021-01-18;"Okres Martin";2577;58;2635;"SK0316"
2021-01-18;"Okres Medzilaborce";271;16;287;"SK0415"
2021-01-18;"Okres Michalovce";1604;67;1671;"SK0427"
2021-01-18;"Okres Myjava";307;4;311;"SK0223"
2021-01-18;"Okres Námestovo";965;19;984;"SK0317"
2021-01-18;"Okres Nitra";1461;54;1515;"SK0233"
2021-01-18;"Okres Nové Mesto nad Váhom";736;45;781;"SK0224"
2021-01-18;"Okres Nové Zámky";2368;114;2482;"SK0234"
2021-01-18;"Okres Partizánske";810;132;942;"SK0225"
2021-01-18;"Okres Pezinok";480;25;505;"SK0107"
2021-01-18;"Okres Piešťany";1011;44;1055;"SK0214"
2021-01-18;"Okres Poltár";480;18;498;"SK0327"
2021-01-18;"Okres Poprad";1147;38;1185;"SK0416"
2021-01-18;"Okres Považská Bystrica";401;19;420;"SK0226"
2021-01-18;"Okres Prešov";3529;71;3600;"SK0417"
2021-01-18;"Okres Prievidza";720;58;778;"SK0227"
2021-01-18;"Okres Púchov";859;32;891;"SK0228"
2021-01-18;"Okres Revúca";1118;97;1215;"SK0328"
2021-01-18;"Okres Rimavská Sobota";637;26;663;"SK0329"
2021-01-18;"Okres Rožňava";2460;63;2523;"SK0428"
2021-01-18;"Okres Ružomberok";1854;40;1894;"SK0318"
2021-01-18;"Okres Sabinov";1281;63;1344;"SK0418"
2021-01-18;"Okres Senec";876;58;934;"SK0108"
2021-01-18;"Okres Senica";282;25;307;"SK0215"
2021-01-18;"Okres Skalica";140;1;141;"SK0216"
2021-01-18;"Okres Snina";620;11;631;"SK0419"
2021-01-18;"Okres Sobrance";269;7;276;"SK0429"
2021-01-18;"Okres Spišská Nová Ves";1093;33;1126;"SK042A"
2021-01-18;"Okres Stará Ľubovňa";387;29;416;"SK041A"
2021-01-18;"Okres Stropkov";191;2;193;"SK041B"
2021-01-18;"Okres Svidník";477;1;478;"SK041C"
2021-01-18;"Okres Šaľa";607;28;635;"SK0235"
2021-01-18;"Okres Topoľčany";1726;128;1854;"SK0236"
2021-01-18;"Okres Trebišov";781;35;816;"SK042B"
2021-01-18;"Okres Trenčín";1320;38;1358;"SK0229"
2021-01-18;"Okres Trnava";2217;98;2315;"SK0217"
2021-01-18;"Okres Turčianske Teplice";88;1;89;"SK0319"
2021-01-18;"Okres Tvrdošín";787;14;801;"SK031A"
2021-01-18;"Okres Veľký Krtíš";331;6;337;"SK032A"
2021-01-18;"Okres Vranov nad Topľou";38;1;39;"SK041D"
2021-01-18;"Okres Zlaté Moravce";475;36;511;"SK0237"
2021-01-18;"Okres Zvolen";748;30;778;"SK032B"
2021-01-18;"Okres Žarnovica";1196;73;1269;"SK032C"
2021-01-18;"Okres Žiar nad Hronom";218;26;244;"SK032D"
2021-01-18;"Okres Žilina";2955;88;3043;"SK031B"
2021-01-19;"Okres Bánovce nad Bebravou";703;58;761;"SK0221"
2021-01-19;"Okres Banská Bystrica";2105;59;2164;"SK0321"
2021-01-19;"Okres Banská Štiavnica";832;26;858;"SK0322"
2021-01-19;"Okres Bardejov";3630;20;3650;"SK0411"
2021-01-19;"Okres Bratislava I";2911;39;2950;"SK0101"
2021-01-19;"Okres Bratislava II";4020;64;4084;"SK0102"
2021-01-19;"Okres Bratislava III";6315;106;6421;"SK0103"
2021-01-19;"Okres Bratislava IV";675;28;703;"SK0104"
2021-01-19;"Okres Bratislava V";1905;42;1947;"SK0105"
2021-01-19;"Okres Brezno";596;25;621;"SK0323"
2021-01-19;"Okres Bytča";303;31;334;"SK0311"
2021-01-19;"Okres Čadca";2040;46;2086;"SK0312"
2021-01-19;"Okres Detva";537;19;556;"SK0324"
2021-01-19;"Okres Dolný Kubín";510;15;525;"SK0313"
2021-01-19;"Okres Dunajská Streda";879;103;982;"SK0211"
2021-01-19;"Okres Galanta";1237;102;1339;"SK0212"
2021-01-19;"Okres Gelnica";634;10;644;"SK0421"
2021-01-19;"Okres Hlohovec";671;31;702;"SK0213"
2021-01-19;"Okres Humenné";1043;37;1080;"SK0412"
2021-01-19;"Okres Ilava";316;14;330;"SK0222"
2021-01-19;"Okres Kežmarok";904;27;931;"SK0413"
2021-01-19;"Okres Komárno";1722;70;1792;"SK0231"
2021-01-19;"Okres Košice I";816;19;835;"SK0422"
2021-01-19;"Okres Košice II";975;9;984;"SK0423"
2021-01-19;"Okres Košice III";1969;40;2009;"SK0424"
2021-01-19;"Okres Košice IV";1142;22;1164;"SK0425"
2021-01-19;"Okres Krupina";484;8;492;"SK0325"
2021-01-19;"Okres Kysucké Nové Mesto";293;14;307;"SK0314"
2021-01-19;"Okres Levice";3620;241;3861;"SK0232"
2021-01-19;"Okres Levoča";431;5;436;"SK0414"
2021-01-19;"Okres Liptovský Mikuláš";2327;41;2368;"SK0315"
2021-01-19;"Okres Lučenec";1287;12;1299;"SK0326"
2021-01-19;"Okres Malacky";2129;81;2210;"SK0106"
2021-01-19;"Okres Martin";3205;20;3225;"SK0316"
2021-01-19;"Okres Medzilaborce";292;5;297;"SK0415"
2021-01-19;"Okres Michalovce";2069;34;2103;"SK0427"
2021-01-19;"Okres Myjava";157;1;158;"SK0223"
2021-01-19;"Okres Námestovo";1022;17;1039;"SK0317"
2021-01-19;"Okres Nitra";1418;69;1487;"SK0233"
2021-01-19;"Okres Nové Mesto nad Váhom";773;23;796;"SK0224"
2021-01-19;"Okres Nové Zámky";2060;103;2163;"SK0234"
2021-01-19;"Okres Partizánske";749;128;877;"SK0225"
2021-01-19;"Okres Pezinok";1478;35;1513;"SK0107"
2021-01-19;"Okres Piešťany";1527;25;1552;"SK0214"
2021-01-19;"Okres Poltár";510;7;517;"SK0327"
2021-01-19;"Okres Poprad";2460;27;2487;"SK0416"
2021-01-19;"Okres Považská Bystrica";2006;62;2068;"SK0226"
2021-01-19;"Okres Prešov";3194;229;3423;"SK0417"
2021-01-19;"Okres Prievidza";922;39;961;"SK0227"
2021-01-19;"Okres Púchov";1193;5;1198;"SK0228"
2021-01-19;"Okres Revúca";1450;51;1501;"SK0328"
2021-01-19;"Okres Rimavská Sobota";886;26;912;"SK0329"
2021-01-19;"Okres Rožňava";2271;50;2321;"SK0428"
2021-01-19;"Okres Ružomberok";3182;58;3240;"SK0318"
2021-01-19;"Okres Sabinov";1459;18;1477;"SK0418"
2021-01-19;"Okres Senec";974;33;1007;"SK0108"
2021-01-19;"Okres Senica";296;20;316;"SK0215"
2021-01-19;"Okres Skalica";749;11;760;"SK0216"
2021-01-19;"Okres Snina";582;2;584;"SK0419"
2021-01-19;"Okres Sobrance";458;8;466;"SK0429"
2021-01-19;"Okres Spišská Nová Ves";1354;18;1372;"SK042A"
2021-01-19;"Okres Stará Ľubovňa";631;15;646;"SK041A"
2021-01-19;"Okres Stropkov";332;7;339;"SK041B"
2021-01-19;"Okres Svidník";783;3;786;"SK041C"
2021-01-19;"Okres Šaľa";684;25;709;"SK0235"
2021-01-19;"Okres Topoľčany";1985;143;2128;"SK0236"
2021-01-19;"Okres Trebišov";1155;25;1180;"SK042B"
2021-01-19;"Okres Trenčín";1736;43;1779;"SK0229"
2021-01-19;"Okres Trnava";3033;77;3110;"SK0217"
2021-01-19;"Okres Turčianske Teplice";210;2;212;"SK0319"
2021-01-19;"Okres Tvrdošín";1077;5;1082;"SK031A"
2021-01-19;"Okres Veľký Krtíš";656;7;663;"SK032A"
2021-01-19;"Okres Vranov nad Topľou";359;16;375;"SK041D"
2021-01-19;"Okres Zlaté Moravce";494;21;515;"SK0237"
2021-01-19;"Okres Zvolen";957;31;988;"SK032B"
2021-01-19;"Okres Žarnovica";1538;68;1606;"SK032C"
2021-01-19;"Okres Žiar nad Hronom";527;25;552;"SK032D"
2021-01-19;"Okres Žilina";2190;59;2249;"SK031B"
2021-01-20;"Okres Bánovce nad Bebravou";581;29;610;"SK0221"
2021-01-20;"Okres Banská Bystrica";1666;37;1703;"SK0321"
2021-01-20;"Okres Banská Štiavnica";618;5;623;"SK0322"
2021-01-20;"Okres Bardejov";4052;7;4059;"SK0411"
2021-01-20;"Okres Bratislava I";10781;63;10844;"SK0101"
2021-01-20;"Okres Bratislava II";3781;45;3826;"SK0102"
2021-01-20;"Okres Bratislava III";7720;110;7830;"SK0103"
2021-01-20;"Okres Bratislava IV";1341;11;1352;"SK0104"
2021-01-20;"Okres Bratislava V";1090;11;1101;"SK0105"
2021-01-20;"Okres Brezno";335;14;349;"SK0323"
2021-01-20;"Okres Bytča";336;7;343;"SK0311"
2021-01-20;"Okres Čadca";2451;23;2474;"SK0312"
2021-01-20;"Okres Detva";411;11;422;"SK0324"
2021-01-20;"Okres Dolný Kubín";821;11;832;"SK0313"
2021-01-20;"Okres Dunajská Streda";954;119;1073;"SK0211"
2021-01-20;"Okres Galanta";2966;96;3062;"SK0212"
2021-01-20;"Okres Gelnica";669;8;677;"SK0421"
2021-01-20;"Okres Hlohovec";567;20;587;"SK0213"
2021-01-20;"Okres Humenné";3229;36;3265;"SK0412"
2021-01-20;"Okres Ilava";381;10;391;"SK0222"
2021-01-20;"Okres Kežmarok";855;22;877;"SK0413"
2021-01-20;"Okres Komárno";2814;345;3159;"SK0231"
2021-01-20;"Okres Košice I";581;19;600;"SK0422"
2021-01-20;"Okres Košice II";1068;9;1077;"SK0423"
2021-01-20;"Okres Košice III";327;8;335;"SK0424"
2021-01-20;"Okres Košice IV";1286;20;1306;"SK0425"
2021-01-20;"Okres Krupina";477;15;492;"SK0325"
2021-01-20;"Okres Kysucké Nové Mesto";248;10;258;"SK0314"
2021-01-20;"Okres Levice";3014;101;3115;"SK0232"
2021-01-20;"Okres Levoča";457;9;466;"SK0414"
2021-01-20;"Okres Liptovský Mikuláš";2211;23;2234;"SK0315"
2021-01-20;"Okres Lučenec";1139;10;1149;"SK0326"
2021-01-20;"Okres Malacky";6652;105;6757;"SK0106"
2021-01-20;"Okres Martin";5263;35;5298;"SK0316"
2021-01-20;"Okres Medzilaborce";349;9;358;"SK0415"
2021-01-20;"Okres Michalovce";1734;24;1758;"SK0427"
2021-01-20;"Okres Myjava";435;3;438;"SK0223"
2021-01-20;"Okres Námestovo";1205;8;1213;"SK0317"
2021-01-20;"Okres Nitra";962;29;991;"SK0233"
2021-01-20;"Okres Nové Mesto nad Váhom";976;24;1000;"SK0224"
2021-01-20;"Okres Nové Zámky";3191;82;3273;"SK0234"
2021-01-20;"Okres Partizánske";1294;94;1388;"SK0225"
2021-01-20;"Okres Pezinok";2523;204;2727;"SK0107"
2021-01-20;"Okres Piešťany";1197;16;1213;"SK0214"
2021-01-20;"Okres Poltár";661;8;669;"SK0327"
2021-01-20;"Okres Poprad";2800;13;2813;"SK0416"
2021-01-20;"Okres Považská Bystrica";2883;73;2956;"SK0226"
2021-01-20;"Okres Prešov";3368;48;3416;"SK0417"
2021-01-20;"Okres Prievidza";1113;31;1144;"SK0227"
2021-01-20;"Okres Púchov";1194;18;1212;"SK0228"
2021-01-20;"Okres Revúca";1299;50;1349;"SK0328"
2021-01-20;"Okres Rimavská Sobota";857;17;874;"SK0329"
2021-01-20;"Okres Rožňava";2768;33;2801;"SK0428"
2021-01-20;"Okres Ružomberok";2133;27;2160;"SK0318"
2021-01-20;"Okres Sabinov";1568;30;1598;"SK0418"
2021-01-20;"Okres Senec";1211;27;1238;"SK0108"
2021-01-20;"Okres Senica";304;7;311;"SK0215"
2021-01-20;"Okres Skalica";813;17;830;"SK0216"
2021-01-20;"Okres Snina";951;13;964;"SK0419"
2021-01-20;"Okres Sobrance";441;11;452;"SK0429"
2021-01-20;"Okres Spišská Nová Ves";1916;16;1932;"SK042A"
2021-01-20;"Okres Stará Ľubovňa";798;23;821;"SK041A"
2021-01-20;"Okres Stropkov";247;0;247;"SK041B"
2021-01-20;"Okres Svidník";740;3;743;"SK041C"
2021-01-20;"Okres Šaľa";527;26;553;"SK0235"
2021-01-20;"Okres Topoľčany";3536;120;3656;"SK0236"
2021-01-20;"Okres Trebišov";1750;76;1826;"SK042B"
2021-01-20;"Okres Trenčín";2256;46;2302;"SK0229"
2021-01-20;"Okres Trnava";2351;38;2389;"SK0217"
2021-01-20;"Okres Turčianske Teplice";306;4;310;"SK0319"
2021-01-20;"Okres Tvrdošín";1570;3;1573;"SK031A"
2021-01-20;"Okres Veľký Krtíš";411;6;417;"SK032A"
2021-01-20;"Okres Vranov nad Topľou";536;5;541;"SK041D"
2021-01-20;"Okres Zlaté Moravce";506;22;528;"SK0237"
2021-01-20;"Okres Zvolen";778;10;788;"SK032B"
2021-01-20;"Okres Žarnovica";1227;25;1252;"SK032C"
2021-01-20;"Okres Žiar nad Hronom";632;22;654;"SK032D"
2021-01-20;"Okres Žilina";1968;21;1989;"SK031B"
2021-01-21;"Okres Bánovce nad Bebravou";797;29;826;"SK0221"
2021-01-21;"Okres Banská Bystrica";2084;17;2101;"SK0321"
2021-01-21;"Okres Banská Štiavnica";1051;7;1058;"SK0322"
2021-01-21;"Okres Bardejov";4100;17;4117;"SK0411"
2021-01-21;"Okres Bratislava I";21183;148;21331;"SK0101"
2021-01-21;"Okres Bratislava II";5555;47;5602;"SK0102"
2021-01-21;"Okres Bratislava III";8989;91;9080;"SK0103"
2021-01-21;"Okres Bratislava IV";2058;19;2077;"SK0104"
2021-01-21;"Okres Bratislava V";63826;890;64716;"SK0105"
2021-01-21;"Okres Brezno";3144;362;3506;"SK0323"
2021-01-21;"Okres Bytča";344;8;352;"SK0311"
2021-01-21;"Okres Čadca";2567;21;2588;"SK0312"
2021-01-21;"Okres Detva";1670;20;1690;"SK0324"
2021-01-21;"Okres Dolný Kubín";1447;5;1452;"SK0313"
2021-01-21;"Okres Dunajská Streda";2389;210;2599;"SK0211"
2021-01-21;"Okres Galanta";3231;67;3298;"SK0212"
2021-01-21;"Okres Gelnica";573;0;573;"SK0421"
2021-01-21;"Okres Hlohovec";1205;58;1263;"SK0213"
2021-01-21;"Okres Humenné";2198;17;2215;"SK0412"
2021-01-21;"Okres Ilava";392;10;402;"SK0222"
2021-01-21;"Okres Kežmarok";1573;28;1601;"SK0413"
2021-01-21;"Okres Komárno";3091;104;3195;"SK0231"
2021-01-21;"Okres Košice - okolie";0;1;1;"SK0426"
2021-01-21;"Okres Košice I";1037;8;1045;"SK0422"
2021-01-21;"Okres Košice II";2075;23;2098;"SK0423"
2021-01-21;"Okres Košice III";418;3;421;"SK0424"
2021-01-21;"Okres Košice IV";1599;31;1630;"SK0425"
2021-01-21;"Okres Krupina";764;8;772;"SK0325"
2021-01-21;"Okres Kysucké Nové Mesto";482;3;485;"SK0314"
2021-01-21;"Okres Levice";3426;110;3536;"SK0232"
2021-01-21;"Okres Levoča";636;2;638;"SK0414"
2021-01-21;"Okres Liptovský Mikuláš";4406;45;4451;"SK0315"
2021-01-21;"Okres Lučenec";1813;10;1823;"SK0326"
2021-01-21;"Okres Malacky";7183;102;7285;"SK0106"
2021-01-21;"Okres Martin";2845;21;2866;"SK0316"
2021-01-21;"Okres Medzilaborce";373;2;375;"SK0415"
2021-01-21;"Okres Michalovce";2677;27;2704;"SK0427"
2021-01-21;"Okres Myjava";448;2;450;"SK0223"
2021-01-21;"Okres Námestovo";1144;11;1155;"SK0317"
2021-01-21;"Okres Nitra";1406;45;1451;"SK0233"
2021-01-21;"Okres Nové Mesto nad Váhom";902;31;933;"SK0224"
2021-01-21;"Okres Nové Zámky";4190;83;4273;"SK0234"
2021-01-21;"Okres Partizánske";161;19;180;"SK0225"
2021-01-21;"Okres Pezinok";1828;52;1880;"SK0107"
2021-01-21;"Okres Piešťany";1230;7;1237;"SK0214"
2021-01-21;"Okres Poltár";262;0;262;"SK0327"
2021-01-21;"Okres Poprad";3124;67;3191;"SK0416"
2021-01-21;"Okres Považská Bystrica";2562;47;2609;"SK0226"
2021-01-21;"Okres Prešov";5561;56;5617;"SK0417"
2021-01-21;"Okres Prievidza";2876;24;2900;"SK0227"
2021-01-21;"Okres Púchov";1409;28;1437;"SK0228"
2021-01-21;"Okres Revúca";2924;55;2979;"SK0328"
2021-01-21;"Okres Rimavská Sobota";839;6;845;"SK0329"
2021-01-21;"Okres Rožňava";2944;49;2993;"SK0428"
2021-01-21;"Okres Ružomberok";1927;27;1954;"SK0318"
2021-01-21;"Okres Sabinov";2230;19;2249;"SK0418"
2021-01-21;"Okres Senec";2729;64;2793;"SK0108"
2021-01-21;"Okres Senica";536;8;544;"SK0215"
2021-01-21;"Okres Skalica";2853;59;2912;"SK0216"
2021-01-21;"Okres Snina";962;10;972;"SK0419"
2021-01-21;"Okres Sobrance";529;3;532;"SK0429"
2021-01-21;"Okres Spišská Nová Ves";2417;11;2428;"SK042A"
2021-01-21;"Okres Stará Ľubovňa";1926;15;1941;"SK041A"
2021-01-21;"Okres Stropkov";469;5;474;"SK041B"
2021-01-21;"Okres Svidník";925;2;927;"SK041C"
2021-01-21;"Okres Šaľa";560;18;578;"SK0235"
2021-01-21;"Okres Topoľčany";3313;92;3405;"SK0236"
2021-01-21;"Okres Trebišov";2215;26;2241;"SK042B"
2021-01-21;"Okres Trenčín";2368;36;2404;"SK0229"
2021-01-21;"Okres Trnava";4351;52;4403;"SK0217"
2021-01-21;"Okres Turčianske Teplice";609;3;612;"SK0319"
2021-01-21;"Okres Tvrdošín";1516;6;1522;"SK031A"
2021-01-21;"Okres Veľký Krtíš";892;3;895;"SK032A"
2021-01-21;"Okres Vranov nad Topľou";1272;10;1282;"SK041D"
2021-01-21;"Okres Zlaté Moravce";904;32;936;"SK0237"
2021-01-21;"Okres Zvolen";1987;26;2013;"SK032B"
2021-01-21;"Okres Žarnovica";2746;52;2798;"SK032C"
2021-01-21;"Okres Žiar nad Hronom";1046;25;1071;"SK032D"
2021-01-21;"Okres Žilina";4306;46;4352;"SK031B"
2021-01-22;"Okres Bánovce nad Bebravou";804;37;841;"SK0221"
2021-01-22;"Okres Banská Bystrica";3763;44;3807;"SK0321"
2021-01-22;"Okres Banská Štiavnica";1239;16;1255;"SK0322"
2021-01-22;"Okres Bardejov";4225;19;4244;"SK0411"
2021-01-22;"Okres Bratislava I";11566;66;11632;"SK0101"
2021-01-22;"Okres Bratislava II";6952;59;7011;"SK0102"
2021-01-22;"Okres Bratislava III";8249;92;8341;"SK0103"
2021-01-22;"Okres Bratislava IV";3394;19;3413;"SK0104"
2021-01-22;"Okres Bratislava V";1582;36;1618;"SK0105"
2021-01-22;"Okres Brezno";3115;43;3158;"SK0323"
2021-01-22;"Okres Bytča";834;22;856;"SK0311"
2021-01-22;"Okres Čadca";3146;29;3175;"SK0312"
2021-01-22;"Okres Detva";1939;17;1956;"SK0324"
2021-01-22;"Okres Dolný Kubín";3011;23;3034;"SK0313"
2021-01-22;"Okres Dunajská Streda";14364;321;14685;"SK0211"
2021-01-22;"Okres Galanta";5110;74;5184;"SK0212"
2021-01-22;"Okres Gelnica";817;11;828;"SK0421"
2021-01-22;"Okres Hlohovec";642;19;661;"SK0213"
2021-01-22;"Okres Humenné";3266;43;3309;"SK0412"
2021-01-22;"Okres Ilava";1234;15;1249;"SK0222"
2021-01-22;"Okres Kežmarok";1730;13;1743;"SK0413"
2021-01-22;"Okres Komárno";5585;94;5679;"SK0231"
2021-01-22;"Okres Košice - okolie";580;7;587;"SK0426"
2021-01-22;"Okres Košice I";1597;22;1619;"SK0422"
2021-01-22;"Okres Košice II";2645;36;2681;"SK0423"
2021-01-22;"Okres Košice III";368;3;371;"SK0424"
2021-01-22;"Okres Košice IV";2139;16;2155;"SK0425"
2021-01-22;"Okres Krupina";600;26;626;"SK0325"
2021-01-22;"Okres Kysucké Nové Mesto";487;2;489;"SK0314"
2021-01-22;"Okres Levice";4387;111;4498;"SK0232"
2021-01-22;"Okres Levoča";6977;30;7007;"SK0414"
2021-01-22;"Okres Liptovský Mikuláš";6890;50;6940;"SK0315"
2021-01-22;"Okres Lučenec";1370;13;1383;"SK0326"
2021-01-22;"Okres Malacky";12504;86;12590;"SK0106"
2021-01-22;"Okres Martin";3924;26;3950;"SK0316"
2021-01-22;"Okres Medzilaborce";336;12;348;"SK0415"
2021-01-22;"Okres Michalovce";3903;38;3941;"SK0427"
2021-01-22;"Okres Myjava";8017;44;8061;"SK0223"
2021-01-22;"Okres Námestovo";5751;20;5771;"SK0317"
2021-01-22;"Okres Nitra";10982;105;11087;"SK0233"
2021-01-22;"Okres Nové Mesto nad Váhom";1433;19;1452;"SK0224"
2021-01-22;"Okres Nové Zámky";12013;219;12232;"SK0234"
2021-01-22;"Okres Partizánske";2990;147;3137;"SK0225"
2021-01-22;"Okres Pezinok";2967;30;2997;"SK0107"
2021-01-22;"Okres Piešťany";1684;16;1700;"SK0214"
2021-01-22;"Okres Poltár";69;0;69;"SK0327"
2021-01-22;"Okres Poprad";8795;64;8859;"SK0416"
2021-01-22;"Okres Považská Bystrica";3619;34;3653;"SK0226"
2021-01-22;"Okres Prešov";7909;59;7968;"SK0417"
2021-01-22;"Okres Prievidza";1723;13;1736;"SK0227"
2021-01-22;"Okres Púchov";1397;11;1408;"SK0228"
2021-01-22;"Okres Revúca";5618;118;5736;"SK0328"
2021-01-22;"Okres Rimavská Sobota";1863;28;1891;"SK0329"
2021-01-22;"Okres Rožňava";4824;146;4970;"SK0428"
2021-01-22;"Okres Ružomberok";2305;20;2325;"SK0318"
2021-01-22;"Okres Sabinov";4433;27;4460;"SK0418"
2021-01-22;"Okres Senec";4097;52;4149;"SK0108"
2021-01-22;"Okres Senica";1265;9;1274;"SK0215"
2021-01-22;"Okres Skalica";5678;26;5704;"SK0216"
2021-01-22;"Okres Snina";1626;23;1649;"SK0419"
2021-01-22;"Okres Sobrance";782;9;791;"SK0429"
2021-01-22;"Okres Spišská Nová Ves";2426;12;2438;"SK042A"
2021-01-22;"Okres Stará Ľubovňa";2566;18;2584;"SK041A"
2021-01-22;"Okres Stropkov";1557;10;1567;"SK041B"
2021-01-22;"Okres Svidník";2556;8;2564;"SK041C"
2021-01-22;"Okres Šaľa";2128;56;2184;"SK0235"
2021-01-22;"Okres Topoľčany";3994;111;4105;"SK0236"
2021-01-22;"Okres Trebišov";3916;56;3972;"SK042B"
2021-01-22;"Okres Trenčín";5359;59;5418;"SK0229"
2021-01-22;"Okres Trnava";11335;179;11514;"SK0217"
2021-01-22;"Okres Turčianske Teplice";1832;19;1851;"SK0319"
2021-01-22;"Okres Tvrdošín";3100;6;3106;"SK031A"
2021-01-22;"Okres Veľký Krtíš";1248;2;1250;"SK032A"
2021-01-22;"Okres Vranov nad Topľou";1785;8;1793;"SK041D"
2021-01-22;"Okres Zlaté Moravce";1049;17;1066;"SK0237"
2021-01-22;"Okres Zvolen";5206;66;5272;"SK032B"
2021-01-22;"Okres Žarnovica";2705;54;2759;"SK032C"
2021-01-22;"Okres Žiar nad Hronom";1319;25;1344;"SK032D"
2021-01-22;"Okres Žilina";5137;55;5192;"SK031B"
2021-01-23;"Okres Bánovce nad Bebravou";12535;161;12696;"SK0221"
2021-01-23;"Okres Banská Bystrica";20130;109;20239;"SK0321"
2021-01-23;"Okres Banská Štiavnica";1141;8;1149;"SK0322"
2021-01-23;"Okres Bardejov";12973;45;13018;"SK0411"
2021-01-23;"Okres Bratislava I";10211;54;10265;"SK0101"
2021-01-23;"Okres Bratislava II";3304;21;3325;"SK0102"
2021-01-23;"Okres Bratislava III";5107;61;5168;"SK0103"
2021-01-23;"Okres Bratislava IV";34730;266;34996;"SK0104"
2021-01-23;"Okres Bratislava V";3952;25;3977;"SK0105"
2021-01-23;"Okres Brezno";6453;42;6495;"SK0323"
2021-01-23;"Okres Bytča";3871;20;3891;"SK0311"
2021-01-23;"Okres Čadca";9000;36;9036;"SK0312"
2021-01-23;"Okres Detva";7419;50;7469;"SK0324"
2021-01-23;"Okres Dolný Kubín";4554;23;4577;"SK0313"
2021-01-23;"Okres Dunajská Streda";44688;779;45467;"SK0211"
2021-01-23;"Okres Galanta";13349;159;13508;"SK0212"
2021-01-23;"Okres Hlohovec";10355;145;10500;"SK0213"
2021-01-23;"Okres Humenné";11221;126;11347;"SK0412"
2021-01-23;"Okres Ilava";19511;139;19650;"SK0222"
2021-01-23;"Okres Kežmarok";15281;56;15337;"SK0413"
2021-01-23;"Okres Komárno";24372;384;24756;"SK0231"
2021-01-23;"Okres Košice - okolie";17462;256;17718;"SK0426"
2021-01-23;"Okres Košice I";421;4;425;"SK0422"
2021-01-23;"Okres Košice II";2246;45;2291;"SK0423"
2021-01-23;"Okres Košice IV";1143;5;1148;"SK0425"
2021-01-23;"Okres Krupina";1513;9;1522;"SK0325"
2021-01-23;"Okres Kysucké Nové Mesto";1218;2;1220;"SK0314"
2021-01-23;"Okres Levice";27757;351;28108;"SK0232"
2021-01-23;"Okres Levoča";7585;37;7622;"SK0414"
2021-01-23;"Okres Liptovský Mikuláš";29043;163;29206;"SK0315"
2021-01-23;"Okres Lučenec";8051;28;8079;"SK0326"
2021-01-23;"Okres Malacky";17132;156;17288;"SK0106"
2021-01-23;"Okres Martin";1891;2;1893;"SK0316"
2021-01-23;"Okres Medzilaborce";2046;12;2058;"SK0415"
2021-01-23;"Okres Michalovce";29395;193;29588;"SK0427"
2021-01-23;"Okres Myjava";5739;23;5762;"SK0223"
2021-01-23;"Okres Námestovo";2068;12;2080;"SK0317"
2021-01-23;"Okres Nitra";6716;79;6795;"SK0233"
2021-01-23;"Okres Nové Mesto nad Váhom";13421;93;13514;"SK0224"
2021-01-23;"Okres Nové Zámky";25162;349;25511;"SK0234"
2021-01-23;"Okres Partizánske";9028;96;9124;"SK0225"
2021-01-23;"Okres Pezinok";5678;42;5720;"SK0107"
2021-01-23;"Okres Piešťany";5529;22;5551;"SK0214"
2021-01-23;"Okres Poltár";4217;28;4245;"SK0327"
2021-01-23;"Okres Poprad";16872;73;16945;"SK0416"
2021-01-23;"Okres Považská Bystrica";28949;151;29100;"SK0226"
2021-01-23;"Okres Prešov";745;3;748;"SK0417"
2021-01-23;"Okres Prievidza";1086;6;1092;"SK0227"
2021-01-23;"Okres Púchov";11587;49;11636;"SK0228"
2021-01-23;"Okres Revúca";8042;141;8183;"SK0328"
2021-01-23;"Okres Rimavská Sobota";3799;19;3818;"SK0329"
2021-01-23;"Okres Rožňava";10402;133;10535;"SK0428"
2021-01-23;"Okres Ružomberok";12528;47;12575;"SK0318"
2021-01-23;"Okres Sabinov";12453;54;12507;"SK0418"
2021-01-23;"Okres Senec";21633;248;21881;"SK0108"
2021-01-23;"Okres Senica";10066;88;10154;"SK0215"
2021-01-23;"Okres Skalica";24232;165;24397;"SK0216"
2021-01-23;"Okres Snina";6055;47;6102;"SK0419"
2021-01-23;"Okres Sobrance";6106;33;6139;"SK0429"
2021-01-23;"Okres Spišská Nová Ves";17001;155;17156;"SK042A"
2021-01-23;"Okres Stará Ľubovňa";6600;48;6648;"SK041A"
2021-01-23;"Okres Stropkov";2238;16;2254;"SK041B"
2021-01-23;"Okres Svidník";5558;27;5585;"SK041C"
2021-01-23;"Okres Šaľa";5766;105;5871;"SK0235"
2021-01-23;"Okres Topoľčany";15218;315;15533;"SK0236"
2021-01-23;"Okres Trebišov";13632;204;13836;"SK042B"
2021-01-23;"Okres Trenčín";26776;106;26882;"SK0229"
2021-01-23;"Okres Trnava";42497;385;42882;"SK0217"
2021-01-23;"Okres Turčianske Teplice";2590;13;2603;"SK0319"
2021-01-23;"Okres Tvrdošín";5072;14;5086;"SK031A"
2021-01-23;"Okres Veľký Krtíš";8029;14;8043;"SK032A"
2021-01-23;"Okres Vranov nad Topľou";11929;43;11972;"SK041D"
2021-01-23;"Okres Zlaté Moravce";3613;34;3647;"SK0237"
2021-01-23;"Okres Zvolen";20325;120;20445;"SK032B"
2021-01-23;"Okres Žarnovica";2594;19;2613;"SK032C"
2021-01-23;"Okres Žiar nad Hronom";1498;9;1507;"SK032D"
2021-01-23;"Okres Žilina";35215;159;35374;"SK031B"
2021-01-24;"Okres Bánovce nad Bebravou";2990;32;3022;"SK0221"
2021-01-24;"Okres Banská Bystrica";1937;16;1953;"SK0321"
2021-01-24;"Okres Banská Štiavnica";519;5;524;"SK0322"
2021-01-24;"Okres Bardejov";4742;6;4748;"SK0411"
2021-01-24;"Okres Bratislava I";4746;37;4783;"SK0101"
2021-01-24;"Okres Bratislava II";2693;60;2753;"SK0102"
2021-01-24;"Okres Bratislava III";3518;54;3572;"SK0103"
2021-01-24;"Okres Bratislava IV";6247;54;6301;"SK0104"
2021-01-24;"Okres Bratislava V";758;4;762;"SK0105"
2021-01-24;"Okres Brezno";3714;33;3747;"SK0323"
2021-01-24;"Okres Bytča";2388;16;2404;"SK0311"
2021-01-24;"Okres Čadca";20658;63;20721;"SK0312"
2021-01-24;"Okres Detva";2573;9;2582;"SK0324"
2021-01-24;"Okres Dolný Kubín";1935;13;1948;"SK0313"
2021-01-24;"Okres Dunajská Streda";21405;423;21828;"SK0211"
2021-01-24;"Okres Galanta";8967;125;9092;"SK0212"
2021-01-24;"Okres Hlohovec";4420;84;4504;"SK0213"
2021-01-24;"Okres Humenné";3969;33;4002;"SK0412"
2021-01-24;"Okres Ilava";5870;47;5917;"SK0222"
2021-01-24;"Okres Kežmarok";5298;26;5324;"SK0413"
2021-01-24;"Okres Komárno";11364;211;11575;"SK0231"
2021-01-24;"Okres Košice - okolie";13237;253;13490;"SK0426"
2021-01-24;"Okres Košice I";6;0;6;"SK0422"
2021-01-24;"Okres Košice II";501;8;509;"SK0423"
2021-01-24;"Okres Košice III";0;0;0;"SK0424"
2021-01-24;"Okres Košice IV";31;0;31;"SK0425"
2021-01-24;"Okres Krupina";206;2;208;"SK0325"
2021-01-24;"Okres Kysucké Nové Mesto";7271;21;7292;"SK0314"
2021-01-24;"Okres Levice";11128;150;11278;"SK0232"
2021-01-24;"Okres Levoča";3667;35;3702;"SK0414"
2021-01-24;"Okres Liptovský Mikuláš";9665;91;9756;"SK0315"
2021-01-24;"Okres Lučenec";3788;15;3803;"SK0326"
2021-01-24;"Okres Malacky";9103;95;9198;"SK0106"
2021-01-24;"Okres Martin";610;6;616;"SK0316"
2021-01-24;"Okres Medzilaborce";678;11;689;"SK0415"
2021-01-24;"Okres Michalovce";13356;103;13459;"SK0427"
2021-01-24;"Okres Myjava";1081;7;1088;"SK0223"
2021-01-24;"Okres Námestovo";3974;25;3999;"SK0317"
2021-01-24;"Okres Nitra";38581;233;38814;"SK0233"
2021-01-24;"Okres Nové Mesto nad Váhom";8778;71;8849;"SK0224"
2021-01-24;"Okres Nové Zámky";13205;231;13436;"SK0234"
2021-01-24;"Okres Partizánske";2318;31;2349;"SK0225"
2021-01-24;"Okres Pezinok";2575;19;2594;"SK0107"
2021-01-24;"Okres Piešťany";11581;65;11646;"SK0214"
2021-01-24;"Okres Poltár";1636;10;1646;"SK0327"
2021-01-24;"Okres Poprad";10333;65;10398;"SK0416"
2021-01-24;"Okres Považská Bystrica";7;0;7;"SK0226"
2021-01-24;"Okres Prešov";114;0;114;"SK0417"
2021-01-24;"Okres Prievidza";433;0;433;"SK0227"
2021-01-24;"Okres Púchov";7921;42;7963;"SK0228"
2021-01-24;"Okres Revúca";5596;139;5735;"SK0328"
2021-01-24;"Okres Rimavská Sobota";140;0;140;"SK0329"
2021-01-24;"Okres Rožňava";4027;78;4105;"SK0428"
2021-01-24;"Okres Ružomberok";5280;26;5306;"SK0318"
2021-01-24;"Okres Sabinov";2774;11;2785;"SK0418"
2021-01-24;"Okres Senec";12085;149;12234;"SK0108"
2021-01-24;"Okres Senica";7344;63;7407;"SK0215"
2021-01-24;"Okres Skalica";3603;16;3619;"SK0216"
2021-01-24;"Okres Snina";4862;88;4950;"SK0419"
2021-01-24;"Okres Sobrance";1158;13;1171;"SK0429"
2021-01-24;"Okres Spišská Nová Ves";6547;52;6599;"SK042A"
2021-01-24;"Okres Stará Ľubovňa";3344;10;3354;"SK041A"
2021-01-24;"Okres Stropkov";227;0;227;"SK041B"
2021-01-24;"Okres Svidník";1214;7;1221;"SK041C"
2021-01-24;"Okres Šaľa";2959;60;3019;"SK0235"
2021-01-24;"Okres Topoľčany";5757;124;5881;"SK0236"
2021-01-24;"Okres Trebišov";8534;135;8669;"SK042B"
2021-01-24;"Okres Trenčín";10145;60;10205;"SK0229"
2021-01-24;"Okres Trnava";20277;221;20498;"SK0217"
2021-01-24;"Okres Turčianske Teplice";12948;56;13004;"SK0319"
2021-01-24;"Okres Tvrdošín";1776;3;1779;"SK031A"
2021-01-24;"Okres Veľký Krtíš";2606;8;2614;"SK032A"
2021-01-24;"Okres Vranov nad Topľou";6537;30;6567;"SK041D"
2021-01-24;"Okres Zlaté Moravce";1796;27;1823;"SK0237"
2021-01-24;"Okres Zvolen";11384;72;11456;"SK032B"
2021-01-24;"Okres Žarnovica";1110;9;1119;"SK032C"
2021-01-24;"Okres Žiar nad Hronom";2849;13;2862;"SK032D"
2021-01-24;"Okres Žilina";6943;37;6980;"SK031B"
2021-01-25;"Okres Bánovce nad Bebravou";303;33;336;"SK0221"
2021-01-25;"Okres Banská Bystrica";16668;127;16795;"SK0321"
2021-01-25;"Okres Banská Štiavnica";965;7;972;"SK0322"
2021-01-25;"Okres Bardejov";5510;17;5527;"SK0411"
2021-01-25;"Okres Bratislava I";2888;26;2914;"SK0101"
2021-01-25;"Okres Bratislava II";3724;48;3772;"SK0102"
2021-01-25;"Okres Bratislava III";7111;90;7201;"SK0103"
2021-01-25;"Okres Bratislava IV";2416;25;2441;"SK0104"
2021-01-25;"Okres Bratislava V";2354;5;2359;"SK0105"
2021-01-25;"Okres Brezno";1421;105;1526;"SK0323"
2021-01-25;"Okres Bytča";554;8;562;"SK0311"
2021-01-25;"Okres Čadca";2361;21;2382;"SK0312"
2021-01-25;"Okres Detva";474;10;484;"SK0324"
2021-01-25;"Okres Dolný Kubín";325;14;339;"SK0313"
2021-01-25;"Okres Dunajská Streda";8476;199;8675;"SK0211"
2021-01-25;"Okres Galanta";5319;92;5411;"SK0212"
2021-01-25;"Okres Gelnica";207;4;211;"SK0421"
2021-01-25;"Okres Hlohovec";1636;37;1673;"SK0213"
2021-01-25;"Okres Humenné";4167;47;4214;"SK0412"
2021-01-25;"Okres Ilava";4905;42;4947;"SK0222"
2021-01-25;"Okres Kežmarok";3626;45;3671;"SK0413"
2021-01-25;"Okres Komárno";3665;84;3749;"SK0231"
2021-01-25;"Okres Košice - okolie";11810;173;11983;"SK0426"
2021-01-25;"Okres Košice I";1544;13;1557;"SK0422"
2021-01-25;"Okres Košice II";1273;38;1311;"SK0423"
2021-01-25;"Okres Košice III";1400;40;1440;"SK0424"
2021-01-25;"Okres Košice IV";966;15;981;"SK0425"
2021-01-25;"Okres Krupina";744;28;772;"SK0325"
2021-01-25;"Okres Kysucké Nové Mesto";80;0;80;"SK0314"
2021-01-25;"Okres Levice";6697;126;6823;"SK0232"
2021-01-25;"Okres Levoča";2010;4;2014;"SK0414"
2021-01-25;"Okres Liptovský Mikuláš";1826;6;1832;"SK0315"
2021-01-25;"Okres Lučenec";1283;5;1288;"SK0326"
2021-01-25;"Okres Malacky";3244;32;3276;"SK0106"
2021-01-25;"Okres Martin";2179;25;2204;"SK0316"
2021-01-25;"Okres Medzilaborce";783;14;797;"SK0415"
2021-01-25;"Okres Michalovce";1633;24;1657;"SK0427"
2021-01-25;"Okres Myjava";182;1;183;"SK0223"
2021-01-25;"Okres Námestovo";4129;26;4155;"SK0317"
2021-01-25;"Okres Nitra";1716;24;1740;"SK0233"
2021-01-25;"Okres Nové Mesto nad Váhom";8463;51;8514;"SK0224"
2021-01-25;"Okres Nové Zámky";5554;106;5660;"SK0234"
2021-01-25;"Okres Partizánske";1199;77;1276;"SK0225"
2021-01-25;"Okres Pezinok";584;22;606;"SK0107"
2021-01-25;"Okres Piešťany";5711;43;5754;"SK0214"
2021-01-25;"Okres Poltár";727;4;731;"SK0327"
2021-01-25;"Okres Poprad";7099;60;7159;"SK0416"
2021-01-25;"Okres Považská Bystrica";21334;148;21482;"SK0226"
2021-01-25;"Okres Prešov";5012;75;5087;"SK0417"
2021-01-25;"Okres Prievidza";1299;10;1309;"SK0227"
2021-01-25;"Okres Púchov";636;6;642;"SK0228"
2021-01-25;"Okres Revúca";1850;75;1925;"SK0328"
2021-01-25;"Okres Rimavská Sobota";1438;6;1444;"SK0329"
2021-01-25;"Okres Rožňava";6461;157;6618;"SK0428"
2021-01-25;"Okres Ružomberok";1564;15;1579;"SK0318"
2021-01-25;"Okres Sabinov";1512;20;1532;"SK0418"
2021-01-25;"Okres Senec";5539;57;5596;"SK0108"
2021-01-25;"Okres Senica";22359;182;22541;"SK0215"
2021-01-25;"Okres Skalica";2192;16;2208;"SK0216"
2021-01-25;"Okres Snina";772;10;782;"SK0419"
2021-01-25;"Okres Sobrance";903;4;907;"SK0429"
2021-01-25;"Okres Spišská Nová Ves";1743;31;1774;"SK042A"
2021-01-25;"Okres Stará Ľubovňa";360;3;363;"SK041A"
2021-01-25;"Okres Stropkov";1088;10;1098;"SK041B"
2021-01-25;"Okres Svidník";808;4;812;"SK041C"
2021-01-25;"Okres Šaľa";601;21;622;"SK0235"
2021-01-25;"Okres Topoľčany";3684;105;3789;"SK0236"
2021-01-25;"Okres Trebišov";3726;48;3774;"SK042B"
2021-01-25;"Okres Trenčín";6008;25;6033;"SK0229"
2021-01-25;"Okres Trnava";11281;160;11441;"SK0217"
2021-01-25;"Okres Turčianske Teplice";935;3;938;"SK0319"
2021-01-25;"Okres Tvrdošín";4525;12;4537;"SK031A"
2021-01-25;"Okres Veľký Krtíš";5339;10;5349;"SK032A"
2021-01-25;"Okres Vranov nad Topľou";3967;18;3985;"SK041D"
2021-01-25;"Okres Zlaté Moravce";2910;36;2946;"SK0237"
2021-01-25;"Okres Zvolen";1305;32;1337;"SK032B"
2021-01-25;"Okres Žarnovica";1259;29;1288;"SK032C"
2021-01-25;"Okres Žiar nad Hronom";1632;20;1652;"SK032D"
2021-01-25;"Okres Žilina";3371;25;3396;"SK031B"
2021-01-26;"Okres Bánovce nad Bebravou";358;43;401;"SK0221"
2021-01-26;"Okres Banská Bystrica";2391;16;2407;"SK0321"
2021-01-26;"Okres Banská Štiavnica";1202;12;1214;"SK0322"
2021-01-26;"Okres Bardejov";2629;1;2630;"SK0411"
2021-01-26;"Okres Bratislava I";5021;42;5063;"SK0101"
2021-01-26;"Okres Bratislava II";4727;40;4767;"SK0102"
2021-01-26;"Okres Bratislava III";5741;117;5858;"SK0103"
2021-01-26;"Okres Bratislava IV";2606;27;2633;"SK0104"
2021-01-26;"Okres Bratislava V";1387;21;1408;"SK0105"
2021-01-26;"Okres Brezno";469;14;483;"SK0323"
2021-01-26;"Okres Bytča";847;21;868;"SK0311"
2021-01-26;"Okres Čadca";788;14;802;"SK0312"
2021-01-26;"Okres Detva";331;12;343;"SK0324"
2021-01-26;"Okres Dolný Kubín";885;38;923;"SK0313"
2021-01-26;"Okres Dunajská Streda";4818;343;5161;"SK0211"
2021-01-26;"Okres Galanta";12239;228;12467;"SK0212"
2021-01-26;"Okres Gelnica";349;2;351;"SK0421"
2021-01-26;"Okres Hlohovec";2247;77;2324;"SK0213"
2021-01-26;"Okres Humenné";3173;24;3197;"SK0412"
2021-01-26;"Okres Ilava";491;13;504;"SK0222"
2021-01-26;"Okres Kežmarok";817;5;822;"SK0413"
2021-01-26;"Okres Komárno";3006;93;3099;"SK0231"
2021-01-26;"Okres Košice - okolie";773;19;792;"SK0426"
2021-01-26;"Okres Košice I";1170;28;1198;"SK0422"
2021-01-26;"Okres Košice II";1774;34;1808;"SK0423"
2021-01-26;"Okres Košice III";308;5;313;"SK0424"
2021-01-26;"Okres Košice IV";2809;30;2839;"SK0425"
2021-01-26;"Okres Krupina";482;26;508;"SK0325"
2021-01-26;"Okres Kysucké Nové Mesto";226;8;234;"SK0314"
2021-01-26;"Okres Levice";3329;116;3445;"SK0232"
2021-01-26;"Okres Levoča";1491;8;1499;"SK0414"
2021-01-26;"Okres Liptovský Mikuláš";2179;33;2212;"SK0315"
2021-01-26;"Okres Lučenec";1130;6;1136;"SK0326"
2021-01-26;"Okres Malacky";3086;60;3146;"SK0106"
2021-01-26;"Okres Martin";32663;167;32830;"SK0316"
2021-01-26;"Okres Medzilaborce";239;6;245;"SK0415"
2021-01-26;"Okres Michalovce";1622;25;1647;"SK0427"
2021-01-26;"Okres Myjava";98;1;99;"SK0223"
2021-01-26;"Okres Námestovo";499;6;505;"SK0317"
2021-01-26;"Okres Nitra";896;24;920;"SK0233"
2021-01-26;"Okres Nové Mesto nad Váhom";2792;35;2827;"SK0224"
2021-01-26;"Okres Nové Zámky";10054;197;10251;"SK0234"
2021-01-26;"Okres Partizánske";2469;115;2584;"SK0225"
2021-01-26;"Okres Pezinok";1143;15;1158;"SK0107"
2021-01-26;"Okres Piešťany";2517;32;2549;"SK0214"
2021-01-26;"Okres Poltár";1862;4;1866;"SK0327"
2021-01-26;"Okres Poprad";3195;18;3213;"SK0416"
2021-01-26;"Okres Považská Bystrica";1850;33;1883;"SK0226"
2021-01-26;"Okres Prešov";2879;38;2917;"SK0417"
2021-01-26;"Okres Prievidza";1937;32;1969;"SK0227"
2021-01-26;"Okres Púchov";726;15;741;"SK0228"
2021-01-26;"Okres Revúca";1704;89;1793;"SK0328"
2021-01-26;"Okres Rimavská Sobota";996;22;1018;"SK0329"
2021-01-26;"Okres Rožňava";2121;51;2172;"SK0428"
2021-01-26;"Okres Ružomberok";6254;46;6300;"SK0318"
2021-01-26;"Okres Sabinov";1331;16;1347;"SK0418"
2021-01-26;"Okres Senec";2769;49;2818;"SK0108"
2021-01-26;"Okres Senica";785;8;793;"SK0215"
2021-01-26;"Okres Skalica";2078;3;2081;"SK0216"
2021-01-26;"Okres Snina";1240;23;1263;"SK0419"
2021-01-26;"Okres Sobrance";422;3;425;"SK0429"
2021-01-26;"Okres Spišská Nová Ves";1614;24;1638;"SK042A"
2021-01-26;"Okres Stará Ľubovňa";684;6;690;"SK041A"
2021-01-26;"Okres Stropkov";228;1;229;"SK041B"
2021-01-26;"Okres Svidník";318;3;321;"SK041C"
2021-01-26;"Okres Šaľa";2292;79;2371;"SK0235"
2021-01-26;"Okres Topoľčany";3591;101;3692;"SK0236"
2021-01-26;"Okres Trebišov";4109;63;4172;"SK042B"
2021-01-26;"Okres Trenčín";5576;58;5634;"SK0229"
2021-01-26;"Okres Trnava";3499;104;3603;"SK0217"
2021-01-26;"Okres Turčianske Teplice";415;11;426;"SK0319"
2021-01-26;"Okres Tvrdošín";1571;1;1572;"SK031A"
2021-01-26;"Okres Veľký Krtíš";2469;5;2474;"SK032A"
2021-01-26;"Okres Vranov nad Topľou";2072;18;2090;"SK041D"
2021-01-26;"Okres Zlaté Moravce";384;6;390;"SK0237"
2021-01-26;"Okres Zvolen";1533;38;1571;"SK032B"
2021-01-26;"Okres Žarnovica";1491;46;1537;"SK032C"
2021-01-26;"Okres Žiar nad Hronom";5235;57;5292;"SK032D"
2021-01-26;"Okres Žilina";6654;40;6694;"SK031B"
2021-01-27;"Okres Bánovce nad Bebravou";226;64;290;"SK0221"
2021-01-27;"Okres Banská Bystrica";2611;23;2634;"SK0321"
2021-01-27;"Okres Banská Štiavnica";124;4;128;"SK0322"
2021-01-27;"Okres Bardejov";2003;41;2044;"SK0411"
2021-01-27;"Okres Bratislava I";4033;34;4067;"SK0101"
2021-01-27;"Okres Bratislava II";5034;35;5069;"SK0102"
2021-01-27;"Okres Bratislava III";2073;34;2107;"SK0103"
2021-01-27;"Okres Bratislava IV";1238;4;1242;"SK0104"
2021-01-27;"Okres Bratislava V";883;58;941;"SK0105"
2021-01-27;"Okres Brezno";155;17;172;"SK0323"
2021-01-27;"Okres Bytča";127;7;134;"SK0311"
2021-01-27;"Okres Čadca";1603;14;1617;"SK0312"
2021-01-27;"Okres Detva";512;22;534;"SK0324"
2021-01-27;"Okres Dolný Kubín";244;5;249;"SK0313"
2021-01-27;"Okres Dunajská Streda";1474;143;1617;"SK0211"
2021-01-27;"Okres Galanta";739;55;794;"SK0212"
2021-01-27;"Okres Gelnica";253;6;259;"SK0421"
2021-01-27;"Okres Hlohovec";268;18;286;"SK0213"
2021-01-27;"Okres Humenné";788;29;817;"SK0412"
2021-01-27;"Okres Ilava";240;4;244;"SK0222"
2021-01-27;"Okres Kežmarok";1838;7;1845;"SK0413"
2021-01-27;"Okres Komárno";1244;89;1333;"SK0231"
2021-01-27;"Okres Košice - okolie";203;14;217;"SK0426"
2021-01-27;"Okres Košice I";673;20;693;"SK0422"
2021-01-27;"Okres Košice II";1283;29;1312;"SK0423"
2021-01-27;"Okres Košice III";238;12;250;"SK0424"
2021-01-27;"Okres Košice IV";1570;14;1584;"SK0425"
2021-01-27;"Okres Krupina";261;24;285;"SK0325"
2021-01-27;"Okres Kysucké Nové Mesto";236;5;241;"SK0314"
2021-01-27;"Okres Levice";1828;74;1902;"SK0232"
2021-01-27;"Okres Levoča";191;2;193;"SK0414"
2021-01-27;"Okres Liptovský Mikuláš";1211;24;1235;"SK0315"
2021-01-27;"Okres Lučenec";842;8;850;"SK0326"
2021-01-27;"Okres Malacky";1055;49;1104;"SK0106"
2021-01-27;"Okres Martin";811;17;828;"SK0316"
2021-01-27;"Okres Medzilaborce";144;6;150;"SK0415"
2021-01-27;"Okres Michalovce";834;27;861;"SK0427"
2021-01-27;"Okres Myjava";109;0;109;"SK0223"
2021-01-27;"Okres Námestovo";468;1;469;"SK0317"
2021-01-27;"Okres Nitra";812;30;842;"SK0233"
2021-01-27;"Okres Nové Mesto nad Váhom";409;13;422;"SK0224"
2021-01-27;"Okres Nové Zámky";2058;59;2117;"SK0234"
2021-01-27;"Okres Partizánske";955;133;1088;"SK0225"
2021-01-27;"Okres Pezinok";11672;142;11814;"SK0107"
2021-01-27;"Okres Piešťany";763;19;782;"SK0214"
2021-01-27;"Okres Poltár";55;2;57;"SK0327"
2021-01-27;"Okres Poprad";4238;48;4286;"SK0416"
2021-01-27;"Okres Považská Bystrica";765;10;775;"SK0226"
2021-01-27;"Okres Prešov";1669;26;1695;"SK0417"
2021-01-27;"Okres Prievidza";597;16;613;"SK0227"
2021-01-27;"Okres Púchov";315;10;325;"SK0228"
2021-01-27;"Okres Revúca";1179;64;1243;"SK0328"
2021-01-27;"Okres Rimavská Sobota";1116;14;1130;"SK0329"
2021-01-27;"Okres Rožňava";2049;76;2125;"SK0428"
2021-01-27;"Okres Ružomberok";856;26;882;"SK0318"
2021-01-27;"Okres Sabinov";797;17;814;"SK0418"
2021-01-27;"Okres Senec";472;33;505;"SK0108"
2021-01-27;"Okres Senica";211;2;213;"SK0215"
2021-01-27;"Okres Skalica";1800;7;1807;"SK0216"
2021-01-27;"Okres Snina";362;15;377;"SK0419"
2021-01-27;"Okres Sobrance";323;5;328;"SK0429"
2021-01-27;"Okres Spišská Nová Ves";976;21;997;"SK042A"
2021-01-27;"Okres Stará Ľubovňa";548;7;555;"SK041A"
2021-01-27;"Okres Stropkov";145;3;148;"SK041B"
2021-01-27;"Okres Svidník";172;2;174;"SK041C"
2021-01-27;"Okres Šaľa";348;21;369;"SK0235"
2021-01-27;"Okres Topoľčany";682;44;726;"SK0236"
2021-01-27;"Okres Trebišov";1100;41;1141;"SK042B"
2021-01-27;"Okres Trenčín";2151;45;2196;"SK0229"
2021-01-27;"Okres Trnava";1890;60;1950;"SK0217"
2021-01-27;"Okres Turčianske Teplice";317;4;321;"SK0319"
2021-01-27;"Okres Tvrdošín";402;3;405;"SK031A"
2021-01-27;"Okres Veľký Krtíš";292;3;295;"SK032A"
2021-01-27;"Okres Vranov nad Topľou";558;2;560;"SK041D"
2021-01-27;"Okres Zlaté Moravce";375;14;389;"SK0237"
2021-01-27;"Okres Zvolen";223;14;237;"SK032B"
2021-01-27;"Okres Žarnovica";905;41;946;"SK032C"
2021-01-27;"Okres Žiar nad Hronom";908;24;932;"SK032D"
2021-01-27;"Okres Žilina";1391;28;1419;"SK031B"
2021-01-28;"Okres Bánovce nad Bebravou";266;24;290;"SK0221"
2021-01-28;"Okres Banská Bystrica";3194;26;3220;"SK0321"
2021-01-28;"Okres Banská Štiavnica";168;7;175;"SK0322"
2021-01-28;"Okres Bardejov";2185;26;2211;"SK0411"
2021-01-28;"Okres Bratislava I";1548;28;1576;"SK0101"
2021-01-28;"Okres Bratislava II";2582;54;2636;"SK0102"
2021-01-28;"Okres Bratislava III";4427;74;4501;"SK0103"
2021-01-28;"Okres Bratislava IV";417;7;424;"SK0104"
2021-01-28;"Okres Bratislava V";2843;69;2912;"SK0105"
2021-01-28;"Okres Brezno";934;89;1023;"SK0323"
2021-01-28;"Okres Bytča";151;10;161;"SK0311"
2021-01-28;"Okres Čadca";697;15;712;"SK0312"
2021-01-28;"Okres Detva";268;18;286;"SK0324"
2021-01-28;"Okres Dolný Kubín";470;28;498;"SK0313"
2021-01-28;"Okres Dunajská Streda";1940;183;2123;"SK0211"
2021-01-28;"Okres Galanta";1156;68;1224;"SK0212"
2021-01-28;"Okres Gelnica";3;0;3;"SK0421"
2021-01-28;"Okres Hlohovec";361;22;383;"SK0213"
2021-01-28;"Okres Humenné";595;15;610;"SK0412"
2021-01-28;"Okres Ilava";139;5;144;"SK0222"
2021-01-28;"Okres Kežmarok";299;4;303;"SK0413"
2021-01-28;"Okres Komárno";1426;94;1520;"SK0231"
2021-01-28;"Okres Košice - okolie";1889;45;1934;"SK0426"
2021-01-28;"Okres Košice I";670;27;697;"SK0422"
2021-01-28;"Okres Košice II";1495;43;1538;"SK0423"
2021-01-28;"Okres Košice III";195;14;209;"SK0424"
2021-01-28;"Okres Košice IV";1102;19;1121;"SK0425"
2021-01-28;"Okres Krupina";368;18;386;"SK0325"
2021-01-28;"Okres Kysucké Nové Mesto";179;10;189;"SK0314"
2021-01-28;"Okres Levice";1719;106;1825;"SK0232"
2021-01-28;"Okres Levoča";268;2;270;"SK0414"
2021-01-28;"Okres Liptovský Mikuláš";983;24;1007;"SK0315"
2021-01-28;"Okres Lučenec";2089;36;2125;"SK0326"
2021-01-28;"Okres Malacky";1173;72;1245;"SK0106"
2021-01-28;"Okres Martin";1050;27;1077;"SK0316"
2021-01-28;"Okres Medzilaborce";114;3;117;"SK0415"
2021-01-28;"Okres Michalovce";853;30;883;"SK0427"
2021-01-28;"Okres Myjava";128;7;135;"SK0223"
2021-01-28;"Okres Námestovo";374;20;394;"SK0317"
2021-01-28;"Okres Nitra";4718;84;4802;"SK0233"
2021-01-28;"Okres Nové Mesto nad Váhom";441;13;454;"SK0224"
2021-01-28;"Okres Nové Zámky";2298;81;2379;"SK0234"
2021-01-28;"Okres Partizánske";472;69;541;"SK0225"
2021-01-28;"Okres Pezinok";672;37;709;"SK0107"
2021-01-28;"Okres Piešťany";1656;36;1692;"SK0214"
2021-01-28;"Okres Poltár";648;4;652;"SK0327"
2021-01-28;"Okres Poprad";1094;32;1126;"SK0416"
2021-01-28;"Okres Považská Bystrica";1256;28;1284;"SK0226"
2021-01-28;"Okres Prešov";998;26;1024;"SK0417"
2021-01-28;"Okres Prievidza";598;31;629;"SK0227"
2021-01-28;"Okres Púchov";263;19;282;"SK0228"
2021-01-28;"Okres Revúca";931;48;979;"SK0328"
2021-01-28;"Okres Rimavská Sobota";1773;28;1801;"SK0329"
2021-01-28;"Okres Rožňava";2847;100;2947;"SK0428"
2021-01-28;"Okres Ružomberok";584;15;599;"SK0318"
2021-01-28;"Okres Sabinov";686;26;712;"SK0418"
2021-01-28;"Okres Senec";597;28;625;"SK0108"
2021-01-28;"Okres Senica";203;5;208;"SK0215"
2021-01-28;"Okres Skalica";214;6;220;"SK0216"
2021-01-28;"Okres Snina";287;12;299;"SK0419"
2021-01-28;"Okres Sobrance";129;5;134;"SK0429"
2021-01-28;"Okres Spišská Nová Ves";884;12;896;"SK042A"
2021-01-28;"Okres Stará Ľubovňa";271;10;281;"SK041A"
2021-01-28;"Okres Stropkov";94;4;98;"SK041B"
2021-01-28;"Okres Svidník";130;4;134;"SK041C"
2021-01-28;"Okres Šaľa";365;27;392;"SK0235"
2021-01-28;"Okres Topoľčany";966;49;1015;"SK0236"
2021-01-28;"Okres Trebišov";645;24;669;"SK042B"
2021-01-28;"Okres Trenčín";2842;29;2871;"SK0229"
2021-01-28;"Okres Trnava";1031;44;1075;"SK0217"
2021-01-28;"Okres Turčianske Teplice";56;2;58;"SK0319"
2021-01-28;"Okres Tvrdošín";415;7;422;"SK031A"
2021-01-28;"Okres Veľký Krtíš";193;6;199;"SK032A"
2021-01-28;"Okres Vranov nad Topľou";2449;16;2465;"SK041D"
2021-01-28;"Okres Zlaté Moravce";580;12;592;"SK0237"
2021-01-28;"Okres Zvolen";1021;40;1061;"SK032B"
2021-01-28;"Okres Žarnovica";588;20;608;"SK032C"
2021-01-28;"Okres Žiar nad Hronom";3015;74;3089;"SK032D"
2021-01-28;"Okres Žilina";789;20;809;"SK031B"
2021-01-29;"Okres Bánovce nad Bebravou";387;19;406;"SK0221"
2021-01-29;"Okres Banská Bystrica";2308;23;2331;"SK0321"
2021-01-29;"Okres Banská Štiavnica";872;19;891;"SK0322"
2021-01-29;"Okres Bardejov";3347;53;3400;"SK0411"
2021-01-29;"Okres Bratislava I";1093;29;1122;"SK0101"
2021-01-29;"Okres Bratislava II";4986;96;5082;"SK0102"
2021-01-29;"Okres Bratislava III";3223;74;3297;"SK0103"
2021-01-29;"Okres Bratislava IV";458;15;473;"SK0104"
2021-01-29;"Okres Bratislava V";583;19;602;"SK0105"
2021-01-29;"Okres Brezno";1202;15;1217;"SK0323"
2021-01-29;"Okres Bytča";786;32;818;"SK0311"
2021-01-29;"Okres Čadca";881;25;906;"SK0312"
2021-01-29;"Okres Detva";989;13;1002;"SK0324"
2021-01-29;"Okres Dolný Kubín";2700;17;2717;"SK0313"
2021-01-29;"Okres Dunajská Streda";2104;115;2219;"SK0211"
2021-01-29;"Okres Galanta";2198;68;2266;"SK0212"
2021-01-29;"Okres Gelnica";492;1;493;"SK0421"
2021-01-29;"Okres Hlohovec";476;23;499;"SK0213"
2021-01-29;"Okres Humenné";1949;28;1977;"SK0412"
2021-01-29;"Okres Ilava";143;11;154;"SK0222"
2021-01-29;"Okres Kežmarok";874;20;894;"SK0413"
2021-01-29;"Okres Komárno";2662;94;2756;"SK0231"
2021-01-29;"Okres Košice - okolie";1157;40;1197;"SK0426"
2021-01-29;"Okres Košice I";1810;11;1821;"SK0422"
2021-01-29;"Okres Košice II";22508;218;22726;"SK0423"
2021-01-29;"Okres Košice III";341;6;347;"SK0424"
2021-01-29;"Okres Košice IV";1394;9;1403;"SK0425"
2021-01-29;"Okres Krupina";1024;14;1038;"SK0325"
2021-01-29;"Okres Kysucké Nové Mesto";150;14;164;"SK0314"
2021-01-29;"Okres Levice";5109;182;5291;"SK0232"
2021-01-29;"Okres Levoča";330;6;336;"SK0414"
2021-01-29;"Okres Liptovský Mikuláš";3229;59;3288;"SK0315"
2021-01-29;"Okres Lučenec";2077;15;2092;"SK0326"
2021-01-29;"Okres Malacky";5726;88;5814;"SK0106"
2021-01-29;"Okres Martin";1385;26;1411;"SK0316"
2021-01-29;"Okres Medzilaborce";276;8;284;"SK0415"
2021-01-29;"Okres Michalovce";942;38;980;"SK0427"
2021-01-29;"Okres Myjava";377;14;391;"SK0223"
2021-01-29;"Okres Námestovo";2903;15;2918;"SK0317"
2021-01-29;"Okres Nitra";4213;53;4266;"SK0233"
2021-01-29;"Okres Nové Mesto nad Váhom";2871;22;2893;"SK0224"
2021-01-29;"Okres Nové Zámky";6483;99;6582;"SK0234"
2021-01-29;"Okres Partizánske";982;84;1066;"SK0225"
2021-01-29;"Okres Pezinok";993;29;1022;"SK0107"
2021-01-29;"Okres Piešťany";650;16;666;"SK0214"
2021-01-29;"Okres Poltár";129;1;130;"SK0327"
2021-01-29;"Okres Poprad";4035;121;4156;"SK0416"
2021-01-29;"Okres Považská Bystrica";863;35;898;"SK0226"
2021-01-29;"Okres Prešov";3462;56;3518;"SK0417"
2021-01-29;"Okres Prievidza";1285;27;1312;"SK0227"
2021-01-29;"Okres Púchov";653;32;685;"SK0228"
2021-01-29;"Okres Revúca";3158;78;3236;"SK0328"
2021-01-29;"Okres Rimavská Sobota";711;12;723;"SK0329"
2021-01-29;"Okres Rožňava";8433;86;8519;"SK0428"
2021-01-29;"Okres Ružomberok";1389;31;1420;"SK0318"
2021-01-29;"Okres Sabinov";671;24;695;"SK0418"
2021-01-29;"Okres Senec";2561;51;2612;"SK0108"
2021-01-29;"Okres Senica";898;36;934;"SK0215"
2021-01-29;"Okres Skalica";368;6;374;"SK0216"
2021-01-29;"Okres Snina";732;14;746;"SK0419"
2021-01-29;"Okres Sobrance";233;3;236;"SK0429"
2021-01-29;"Okres Spišská Nová Ves";747;28;775;"SK042A"
2021-01-29;"Okres Stará Ľubovňa";361;18;379;"SK041A"
2021-01-29;"Okres Stropkov";118;8;126;"SK041B"
2021-01-29;"Okres Svidník";189;0;189;"SK041C"
2021-01-29;"Okres Šaľa";1787;38;1825;"SK0235"
2021-01-29;"Okres Topoľčany";2406;63;2469;"SK0236"
2021-01-29;"Okres Trebišov";1697;69;1766;"SK042B"
2021-01-29;"Okres Trenčín";1521;60;1581;"SK0229"
2021-01-29;"Okres Trnava";4575;78;4653;"SK0217"
2021-01-29;"Okres Turčianske Teplice";113;3;116;"SK0319"
2021-01-29;"Okres Tvrdošín";612;9;621;"SK031A"
2021-01-29;"Okres Veľký Krtíš";869;14;883;"SK032A"
2021-01-29;"Okres Vranov nad Topľou";5999;31;6030;"SK041D"
2021-01-29;"Okres Zlaté Moravce";1127;8;1135;"SK0237"
2021-01-29;"Okres Zvolen";2402;39;2441;"SK032B"
2021-01-29;"Okres Žarnovica";1125;23;1148;"SK032C"
2021-01-29;"Okres Žiar nad Hronom";2966;68;3034;"SK032D"
2021-01-29;"Okres Žilina";8884;77;8961;"SK031B"
2021-01-30;"Okres Bánovce nad Bebravou";12549;158;12707;"SK0221"
2021-01-30;"Okres Banská Bystrica";1479;38;1517;"SK0321"
2021-01-30;"Okres Banská Štiavnica";312;4;316;"SK0322"
2021-01-30;"Okres Bardejov";48;0;48;"SK0411"
2021-01-30;"Okres Bratislava I";1451;16;1467;"SK0101"
2021-01-30;"Okres Bratislava II";1898;58;1956;"SK0102"
2021-01-30;"Okres Bratislava III";870;27;897;"SK0103"
2021-01-30;"Okres Bratislava IV";4506;55;4561;"SK0104"
2021-01-30;"Okres Bratislava V";1045;36;1081;"SK0105"
2021-01-30;"Okres Brezno";9581;63;9644;"SK0323"
2021-01-30;"Okres Bytča";4218;22;4240;"SK0311"
2021-01-30;"Okres Čadca";144;8;152;"SK0312"
2021-01-30;"Okres Detva";8329;61;8390;"SK0324"
2021-01-30;"Okres Dolný Kubín";2880;25;2905;"SK0313"
2021-01-30;"Okres Dunajská Streda";56876;909;57785;"SK0211"
2021-01-30;"Okres Galanta";16101;193;16294;"SK0212"
2021-01-30;"Okres Hlohovec";10103;112;10215;"SK0213"
2021-01-30;"Okres Humenné";14208;95;14303;"SK0412"
2021-01-30;"Okres Ilava";105;10;115;"SK0222"
2021-01-30;"Okres Kežmarok";224;5;229;"SK0413"
2021-01-30;"Okres Komárno";17610;248;17858;"SK0231"
2021-01-30;"Okres Košice - okolie";21479;186;21665;"SK0426"
2021-01-30;"Okres Košice I";288;4;292;"SK0422"
2021-01-30;"Okres Košice II";28357;173;28530;"SK0423"
2021-01-30;"Okres Košice IV";1730;20;1750;"SK0425"
2021-01-30;"Okres Krupina";2013;9;2022;"SK0325"
2021-01-30;"Okres Levice";26249;207;26456;"SK0232"
2021-01-30;"Okres Levoča";166;8;174;"SK0414"
2021-01-30;"Okres Liptovský Mikuláš";10378;112;10490;"SK0315"
2021-01-30;"Okres Lučenec";462;12;474;"SK0326"
2021-01-30;"Okres Malacky";20565;158;20723;"SK0106"
2021-01-30;"Okres Martin";8;1;9;"SK0316"
2021-01-30;"Okres Medzilaborce";1373;6;1379;"SK0415"
2021-01-30;"Okres Michalovce";102;3;105;"SK0427"
2021-01-30;"Okres Myjava";49;1;50;"SK0223"
2021-01-30;"Okres Nitra";1654;17;1671;"SK0233"
2021-01-30;"Okres Nové Mesto nad Váhom";16542;63;16605;"SK0224"
2021-01-30;"Okres Nové Zámky";30072;286;30358;"SK0234"
2021-01-30;"Okres Partizánske";9021;94;9115;"SK0225"
2021-01-30;"Okres Pezinok";5446;65;5511;"SK0107"
2021-01-30;"Okres Piešťany";1188;25;1213;"SK0214"
2021-01-30;"Okres Poltár";2574;7;2581;"SK0327"
2021-01-30;"Okres Poprad";1891;35;1926;"SK0416"
2021-01-30;"Okres Považská Bystrica";8;0;8;"SK0226"
2021-01-30;"Okres Prešov";250;10;260;"SK0417"
2021-01-30;"Okres Prievidza";679;4;683;"SK0227"
2021-01-30;"Okres Revúca";9624;137;9761;"SK0328"
2021-01-30;"Okres Rimavská Sobota";364;17;381;"SK0329"
2021-01-30;"Okres Rožňava";14989;184;15173;"SK0428"
2021-01-30;"Okres Ružomberok";189;2;191;"SK0318"
2021-01-30;"Okres Sabinov";332;6;338;"SK0418"
2021-01-30;"Okres Senec";27482;227;27709;"SK0108"
2021-01-30;"Okres Senica";12575;99;12674;"SK0215"
2021-01-30;"Okres Skalica";1490;55;1545;"SK0216"
2021-01-30;"Okres Snina";6040;38;6078;"SK0419"
2021-01-30;"Okres Sobrance";130;0;130;"SK0429"
2021-01-30;"Okres Spišská Nová Ves";511;12;523;"SK042A"
2021-01-30;"Okres Stará Ľubovňa";847;12;859;"SK041A"
2021-01-30;"Okres Stropkov";911;14;925;"SK041B"
2021-01-30;"Okres Svidník";414;6;420;"SK041C"
2021-01-30;"Okres Šaľa";5759;101;5860;"SK0235"
2021-01-30;"Okres Topoľčany";10736;114;10850;"SK0236"
2021-01-30;"Okres Trebišov";15707;169;15876;"SK042B"
2021-01-30;"Okres Trenčín";344;5;349;"SK0229"
2021-01-30;"Okres Trnava";44028;329;44357;"SK0217"
2021-01-30;"Okres Turčianske Teplice";3;0;3;"SK0319"
2021-01-30;"Okres Tvrdošín";276;5;281;"SK031A"
2021-01-30;"Okres Vranov nad Topľou";230;5;235;"SK041D"
2021-01-30;"Okres Zlaté Moravce";13123;174;13297;"SK0237"
2021-01-30;"Okres Zvolen";26724;187;26911;"SK032B"
2021-01-30;"Okres Žarnovica";2943;40;2983;"SK032C"
2021-01-30;"Okres Žiar nad Hronom";4348;27;4375;"SK032D"
2021-01-30;"Okres Žilina";849;20;869;"SK031B"
2021-01-31;"Okres Bánovce nad Bebravou";3683;50;3733;"SK0221"
2021-01-31;"Okres Banská Bystrica";310;24;334;"SK0321"
2021-01-31;"Okres Bardejov";1;0;1;"SK0411"
2021-01-31;"Okres Bratislava I";1378;14;1392;"SK0101"
2021-01-31;"Okres Bratislava II";903;28;931;"SK0102"
2021-01-31;"Okres Bratislava III";990;34;1024;"SK0103"
2021-01-31;"Okres Bratislava IV";962;23;985;"SK0104"
2021-01-31;"Okres Bratislava V";601;20;621;"SK0105"
2021-01-31;"Okres Brezno";2146;16;2162;"SK0323"
2021-01-31;"Okres Bytča";1660;14;1674;"SK0311"
2021-01-31;"Okres Čadca";194;4;198;"SK0312"
2021-01-31;"Okres Detva";3782;16;3798;"SK0324"
2021-01-31;"Okres Dolný Kubín";158;2;160;"SK0313"
2021-01-31;"Okres Dunajská Streda";29846;477;30323;"SK0211"
2021-01-31;"Okres Galanta";7878;130;8008;"SK0212"
2021-01-31;"Okres Gelnica";11;3;14;"SK0421"
2021-01-31;"Okres Hlohovec";6307;82;6389;"SK0213"
2021-01-31;"Okres Humenné";5133;40;5173;"SK0412"
2021-01-31;"Okres Ilava";2;1;3;"SK0222"
2021-01-31;"Okres Kežmarok";8;1;9;"SK0413"
2021-01-31;"Okres Komárno";14090;196;14286;"SK0231"
2021-01-31;"Okres Košice - okolie";10499;312;10811;"SK0426"
2021-01-31;"Okres Košice I";11;0;11;"SK0422"
2021-01-31;"Okres Košice II";32133;252;32385;"SK0423"
2021-01-31;"Okres Košice IV";2;0;2;"SK0425"
2021-01-31;"Okres Krupina";319;1;320;"SK0325"
2021-01-31;"Okres Levice";12499;109;12608;"SK0232"
2021-01-31;"Okres Levoča";51;2;53;"SK0414"
2021-01-31;"Okres Liptovský Mikuláš";601;6;607;"SK0315"
2021-01-31;"Okres Lučenec";330;12;342;"SK0326"
2021-01-31;"Okres Malacky";16431;166;16597;"SK0106"
2021-01-31;"Okres Medzilaborce";885;8;893;"SK0415"
2021-01-31;"Okres Michalovce";87;2;89;"SK0427"
2021-01-31;"Okres Myjava";225;0;225;"SK0223"
2021-01-31;"Okres Nitra";422;3;425;"SK0233"
2021-01-31;"Okres Nové Mesto nad Váhom";14557;103;14660;"SK0224"
2021-01-31;"Okres Nové Zámky";14919;139;15058;"SK0234"
2021-01-31;"Okres Partizánske";2389;12;2401;"SK0225"
2021-01-31;"Okres Pezinok";9017;79;9096;"SK0107"
2021-01-31;"Okres Piešťany";1612;36;1648;"SK0214"
2021-01-31;"Okres Poltár";1709;11;1720;"SK0327"
2021-01-31;"Okres Poprad";38;0;38;"SK0416"
2021-01-31;"Okres Považská Bystrica";1;0;1;"SK0226"
2021-01-31;"Okres Prešov";359;16;375;"SK0417"
2021-01-31;"Okres Prievidza";910;11;921;"SK0227"
2021-01-31;"Okres Púchov";7;0;7;"SK0228"
2021-01-31;"Okres Revúca";4961;121;5082;"SK0328"
2021-01-31;"Okres Rimavská Sobota";599;12;611;"SK0329"
2021-01-31;"Okres Rožňava";8414;68;8482;"SK0428"
2021-01-31;"Okres Ružomberok";3;0;3;"SK0318"
2021-01-31;"Okres Sabinov";332;22;354;"SK0418"
2021-01-31;"Okres Senec";14449;156;14605;"SK0108"
2021-01-31;"Okres Senica";15409;122;15531;"SK0215"
2021-01-31;"Okres Skalica";33;0;33;"SK0216"
2021-01-31;"Okres Snina";3779;27;3806;"SK0419"
2021-01-31;"Okres Sobrance";64;5;69;"SK0429"
2021-01-31;"Okres Spišská Nová Ves";416;19;435;"SK042A"
2021-01-31;"Okres Stará Ľubovňa";25;0;25;"SK041A"
2021-01-31;"Okres Svidník";2;0;2;"SK041C"
2021-01-31;"Okres Šaľa";3490;41;3531;"SK0235"
2021-01-31;"Okres Topoľčany";4982;65;5047;"SK0236"
2021-01-31;"Okres Trebišov";6822;67;6889;"SK042B"
2021-01-31;"Okres Trenčín";38;1;39;"SK0229"
2021-01-31;"Okres Trnava";17937;167;18104;"SK0217"
2021-01-31;"Okres Tvrdošín";158;2;160;"SK031A"
2021-01-31;"Okres Veľký Krtíš";36;4;40;"SK032A"
2021-01-31;"Okres Vranov nad Topľou";330;10;340;"SK041D"
2021-01-31;"Okres Zlaté Moravce";531;3;534;"SK0237"
2021-01-31;"Okres Zvolen";4552;16;4568;"SK032B"
2021-01-31;"Okres Žarnovica";2498;18;2516;"SK032C"
2021-01-31;"Okres Žiar nad Hronom";1145;9;1154;"SK032D"
2021-01-31;"Okres Žilina";39;1;40;"SK031B"
2021-02-01;"Okres Bánovce nad Bebravou";711;39;750;"SK0221"
2021-02-01;"Okres Banská Bystrica";2327;52;2379;"SK0321"
2021-02-01;"Okres Banská Štiavnica";1925;60;1985;"SK0322"
2021-02-01;"Okres Bardejov";4366;71;4437;"SK0411"
2021-02-01;"Okres Bratislava I";3563;37;3600;"SK0101"
2021-02-01;"Okres Bratislava II";3520;80;3600;"SK0102"
2021-02-01;"Okres Bratislava III";6821;135;6956;"SK0103"
2021-02-01;"Okres Bratislava IV";1570;25;1595;"SK0104"
2021-02-01;"Okres Bratislava V";761;11;772;"SK0105"
2021-02-01;"Okres Brezno";2818;100;2918;"SK0323"
2021-02-01;"Okres Bytča";3158;30;3188;"SK0311"
2021-02-01;"Okres Čadca";2299;67;2366;"SK0312"
2021-02-01;"Okres Detva";1249;22;1271;"SK0324"
2021-02-01;"Okres Dolný Kubín";4364;40;4404;"SK0313"
2021-02-01;"Okres Dunajská Streda";8593;251;8844;"SK0211"
2021-02-01;"Okres Galanta";16539;272;16811;"SK0212"
2021-02-01;"Okres Gelnica";536;24;560;"SK0421"
2021-02-01;"Okres Hlohovec";1323;73;1396;"SK0213"
2021-02-01;"Okres Humenné";4190;49;4239;"SK0412"
2021-02-01;"Okres Ilava";236;22;258;"SK0222"
2021-02-01;"Okres Kežmarok";1483;33;1516;"SK0413"
2021-02-01;"Okres Komárno";4049;107;4156;"SK0231"
2021-02-01;"Okres Košice - okolie";5603;70;5673;"SK0426"
2021-02-01;"Okres Košice I";1905;19;1924;"SK0422"
2021-02-01;"Okres Košice II";7059;99;7158;"SK0423"
2021-02-01;"Okres Košice III";774;12;786;"SK0424"
2021-02-01;"Okres Košice IV";2277;17;2294;"SK0425"
2021-02-01;"Okres Krupina";986;15;1001;"SK0325"
2021-02-01;"Okres Kysucké Nové Mesto";266;8;274;"SK0314"
2021-02-01;"Okres Levice";3558;103;3661;"SK0232"
2021-02-01;"Okres Levoča";388;35;423;"SK0414"
2021-02-01;"Okres Liptovský Mikuláš";1718;38;1756;"SK0315"
2021-02-01;"Okres Lučenec";986;20;1006;"SK0326"
2021-02-01;"Okres Malacky";10134;115;10249;"SK0106"
2021-02-01;"Okres Martin";3678;89;3767;"SK0316"
2021-02-01;"Okres Medzilaborce";611;10;621;"SK0415"
2021-02-01;"Okres Michalovce";1330;53;1383;"SK0427"
2021-02-01;"Okres Myjava";437;10;447;"SK0223"
2021-02-01;"Okres Námestovo";662;25;687;"SK0317"
2021-02-01;"Okres Nitra";3683;101;3784;"SK0233"
2021-02-01;"Okres Nové Mesto nad Váhom";1757;16;1773;"SK0224"
2021-02-01;"Okres Nové Zámky";12578;137;12715;"SK0234"
2021-02-01;"Okres Partizánske";1721;118;1839;"SK0225"
2021-02-01;"Okres Pezinok";6356;67;6423;"SK0107"
2021-02-01;"Okres Piešťany";602;16;618;"SK0214"
2021-02-01;"Okres Poltár";2124;3;2127;"SK0327"
2021-02-01;"Okres Poprad";2416;42;2458;"SK0416"
2021-02-01;"Okres Považská Bystrica";1209;49;1258;"SK0226"
2021-02-01;"Okres Prešov";2572;83;2655;"SK0417"
2021-02-01;"Okres Prievidza";2626;54;2680;"SK0227"
2021-02-01;"Okres Púchov";726;73;799;"SK0228"
2021-02-01;"Okres Revúca";2440;116;2556;"SK0328"
2021-02-01;"Okres Rimavská Sobota";1547;83;1630;"SK0329"
2021-02-01;"Okres Rožňava";5103;82;5185;"SK0428"
2021-02-01;"Okres Ružomberok";951;34;985;"SK0318"
2021-02-01;"Okres Sabinov";561;33;594;"SK0418"
2021-02-01;"Okres Senec";9818;90;9908;"SK0108"
2021-02-01;"Okres Senica";4173;27;4200;"SK0215"
2021-02-01;"Okres Skalica";43;2;45;"SK0216"
2021-02-01;"Okres Snina";2471;33;2504;"SK0419"
2021-02-01;"Okres Sobrance";160;11;171;"SK0429"
2021-02-01;"Okres Spišská Nová Ves";740;44;784;"SK042A"
2021-02-01;"Okres Stará Ľubovňa";296;11;307;"SK041A"
2021-02-01;"Okres Stropkov";253;2;255;"SK041B"
2021-02-01;"Okres Svidník";341;3;344;"SK041C"
2021-02-01;"Okres Šaľa";1204;39;1243;"SK0235"
2021-02-01;"Okres Topoľčany";3841;68;3909;"SK0236"
2021-02-01;"Okres Trebišov";2374;41;2415;"SK042B"
2021-02-01;"Okres Trenčín";1816;90;1906;"SK0229"
2021-02-01;"Okres Trnava";11163;141;11304;"SK0217"
2021-02-01;"Okres Turčianske Teplice";132;3;135;"SK0319"
2021-02-01;"Okres Tvrdošín";603;9;612;"SK031A"
2021-02-01;"Okres Veľký Krtíš";1649;21;1670;"SK032A"
2021-02-01;"Okres Vranov nad Topľou";420;8;428;"SK041D"
2021-02-01;"Okres Zlaté Moravce";1278;12;1290;"SK0237"
2021-02-01;"Okres Zvolen";1173;16;1189;"SK032B"
2021-02-01;"Okres Žarnovica";2009;35;2044;"SK032C"
2021-02-01;"Okres Žiar nad Hronom";7473;81;7554;"SK032D"
2021-02-01;"Okres Žilina";3266;70;3336;"SK031B"
2021-02-02;"Okres Bánovce nad Bebravou";606;44;650;"SK0221"
2021-02-02;"Okres Banská Bystrica";2264;77;2341;"SK0321"
2021-02-02;"Okres Banská Štiavnica";312;7;319;"SK0322"
2021-02-02;"Okres Bardejov";3802;36;3838;"SK0411"
2021-02-02;"Okres Bratislava I";3874;43;3917;"SK0101"
2021-02-02;"Okres Bratislava II";4313;121;4434;"SK0102"
2021-02-02;"Okres Bratislava III";4610;85;4695;"SK0103"
2021-02-02;"Okres Bratislava IV";1203;18;1221;"SK0104"
2021-02-02;"Okres Bratislava V";1485;37;1522;"SK0105"
2021-02-02;"Okres Brezno";498;14;512;"SK0323"
2021-02-02;"Okres Bytča";288;8;296;"SK0311"
2021-02-02;"Okres Čadca";1646;28;1674;"SK0312"
2021-02-02;"Okres Detva";522;13;535;"SK0324"
2021-02-02;"Okres Dolný Kubín";651;35;686;"SK0313"
2021-02-02;"Okres Dunajská Streda";3667;190;3857;"SK0211"
2021-02-02;"Okres Galanta";2085;133;2218;"SK0212"
2021-02-02;"Okres Gelnica";4303;38;4341;"SK0421"
2021-02-02;"Okres Hlohovec";834;47;881;"SK0213"
2021-02-02;"Okres Humenné";1833;39;1872;"SK0412"
2021-02-02;"Okres Ilava";1526;169;1695;"SK0222"
2021-02-02;"Okres Kežmarok";2675;18;2693;"SK0413"
2021-02-02;"Okres Komárno";2850;121;2971;"SK0231"
2021-02-02;"Okres Košice - okolie";738;38;776;"SK0426"
2021-02-02;"Okres Košice I";2279;34;2313;"SK0422"
2021-02-02;"Okres Košice II";6352;120;6472;"SK0423"
2021-02-02;"Okres Košice III";740;20;760;"SK0424"
2021-02-02;"Okres Košice IV";4004;56;4060;"SK0425"
2021-02-02;"Okres Krupina";1363;9;1372;"SK0325"
2021-02-02;"Okres Kysucké Nové Mesto";372;19;391;"SK0314"
2021-02-02;"Okres Levice";3384;84;3468;"SK0232"
2021-02-02;"Okres Levoča";375;10;385;"SK0414"
2021-02-02;"Okres Liptovský Mikuláš";1257;32;1289;"SK0315"
2021-02-02;"Okres Lučenec";4551;34;4585;"SK0326"
2021-02-02;"Okres Malacky";6277;131;6408;"SK0106"
2021-02-02;"Okres Martin";1566;64;1630;"SK0316"
2021-02-02;"Okres Medzilaborce";221;9;230;"SK0415"
2021-02-02;"Okres Michalovce";1853;53;1906;"SK0427"
2021-02-02;"Okres Myjava";288;4;292;"SK0223"
2021-02-02;"Okres Námestovo";436;17;453;"SK0317"
2021-02-02;"Okres Nitra";2153;53;2206;"SK0233"
2021-02-02;"Okres Nové Mesto nad Váhom";932;24;956;"SK0224"
2021-02-02;"Okres Nové Zámky";2685;69;2754;"SK0234"
2021-02-02;"Okres Partizánske";1322;128;1450;"SK0225"
2021-02-02;"Okres Pezinok";1044;45;1089;"SK0107"
2021-02-02;"Okres Piešťany";1510;34;1544;"SK0214"
2021-02-02;"Okres Poltár";270;6;276;"SK0327"
2021-02-02;"Okres Poprad";1264;48;1312;"SK0416"
2021-02-02;"Okres Považská Bystrica";1266;44;1310;"SK0226"
2021-02-02;"Okres Prešov";2448;80;2528;"SK0417"
2021-02-02;"Okres Prievidza";2105;64;2169;"SK0227"
2021-02-02;"Okres Púchov";486;23;509;"SK0228"
2021-02-02;"Okres Revúca";2236;75;2311;"SK0328"
2021-02-02;"Okres Rimavská Sobota";1274;49;1323;"SK0329"
2021-02-02;"Okres Rožňava";5768;103;5871;"SK0428"
2021-02-02;"Okres Ružomberok";1863;27;1890;"SK0318"
2021-02-02;"Okres Sabinov";763;14;777;"SK0418"
2021-02-02;"Okres Senec";9510;112;9622;"SK0108"
2021-02-02;"Okres Senica";1268;27;1295;"SK0215"
2021-02-02;"Okres Skalica";733;20;753;"SK0216"
2021-02-02;"Okres Snina";920;15;935;"SK0419"
2021-02-02;"Okres Sobrance";303;19;322;"SK0429"
2021-02-02;"Okres Spišská Nová Ves";62007;2345;64352;"SK042A"
2021-02-02;"Okres Stará Ľubovňa";560;21;581;"SK041A"
2021-02-02;"Okres Stropkov";134;5;139;"SK041B"
2021-02-02;"Okres Svidník";263;5;268;"SK041C"
2021-02-02;"Okres Šaľa";1990;63;2053;"SK0235"
2021-02-02;"Okres Topoľčany";5956;65;6021;"SK0236"
2021-02-02;"Okres Trebišov";1843;32;1875;"SK042B"
2021-02-02;"Okres Trenčín";2263;72;2335;"SK0229"
2021-02-02;"Okres Trnava";6542;110;6652;"SK0217"
2021-02-02;"Okres Turčianske Teplice";144;10;154;"SK0319"
2021-02-02;"Okres Tvrdošín";280;4;284;"SK031A"
2021-02-02;"Okres Veľký Krtíš";778;15;793;"SK032A"
2021-02-02;"Okres Vranov nad Topľou";636;29;665;"SK041D"
2021-02-02;"Okres Zlaté Moravce";1355;7;1362;"SK0237"
2021-02-02;"Okres Zvolen";1859;34;1893;"SK032B"
2021-02-02;"Okres Žarnovica";1732;33;1765;"SK032C"
2021-02-02;"Okres Žiar nad Hronom";682;24;706;"SK032D"
2021-02-02;"Okres Žilina";1955;61;2016;"SK031B"
2021-02-03;"Okres Bánovce nad Bebravou";717;44;761;"SK0221"
2021-02-03;"Okres Banská Bystrica";1812;51;1863;"SK0321"
2021-02-03;"Okres Banská Štiavnica";13;2;15;"SK0322"
2021-02-03;"Okres Bardejov";2724;45;2769;"SK0411"
2021-02-03;"Okres Bratislava I";1447;17;1464;"SK0101"
2021-02-03;"Okres Bratislava II";3639;98;3737;"SK0102"
2021-02-03;"Okres Bratislava III";3817;100;3917;"SK0103"
2021-02-03;"Okres Bratislava IV";1051;26;1077;"SK0104"
2021-02-03;"Okres Bratislava V";1644;41;1685;"SK0105"
2021-02-03;"Okres Brezno";227;9;236;"SK0323"
2021-02-03;"Okres Bytča";313;13;326;"SK0311"
2021-02-03;"Okres Čadca";1268;20;1288;"SK0312"
2021-02-03;"Okres Detva";411;20;431;"SK0324"
2021-02-03;"Okres Dolný Kubín";439;29;468;"SK0313"
2021-02-03;"Okres Dunajská Streda";2719;273;2992;"SK0211"
2021-02-03;"Okres Galanta";1931;143;2074;"SK0212"
2021-02-03;"Okres Gelnica";574;12;586;"SK0421"
2021-02-03;"Okres Hlohovec";598;56;654;"SK0213"
2021-02-03;"Okres Humenné";753;27;780;"SK0412"
2021-02-03;"Okres Ilava";576;45;621;"SK0222"
2021-02-03;"Okres Kežmarok";396;30;426;"SK0413"
2021-02-03;"Okres Komárno";3078;131;3209;"SK0231"
2021-02-03;"Okres Košice - okolie";864;41;905;"SK0426"
2021-02-03;"Okres Košice I";920;12;932;"SK0422"
2021-02-03;"Okres Košice II";4887;107;4994;"SK0423"
2021-02-03;"Okres Košice III";588;14;602;"SK0424"
2021-02-03;"Okres Košice IV";3474;89;3563;"SK0425"
2021-02-03;"Okres Krupina";218;3;221;"SK0325"
2021-02-03;"Okres Kysucké Nové Mesto";226;8;234;"SK0314"
2021-02-03;"Okres Levice";3190;104;3294;"SK0232"
2021-02-03;"Okres Levoča";563;5;568;"SK0414"
2021-02-03;"Okres Liptovský Mikuláš";1226;27;1253;"SK0315"
2021-02-03;"Okres Lučenec";1640;24;1664;"SK0326"
2021-02-03;"Okres Malacky";1118;43;1161;"SK0106"
2021-02-03;"Okres Martin";1245;40;1285;"SK0316"
2021-02-03;"Okres Medzilaborce";169;5;174;"SK0415"
2021-02-03;"Okres Michalovce";1432;30;1462;"SK0427"
2021-02-03;"Okres Myjava";330;4;334;"SK0223"
2021-02-03;"Okres Námestovo";428;22;450;"SK0317"
2021-02-03;"Okres Nitra";2063;34;2097;"SK0233"
2021-02-03;"Okres Nové Mesto nad Váhom";572;33;605;"SK0224"
2021-02-03;"Okres Nové Zámky";2995;99;3094;"SK0234"
2021-02-03;"Okres Partizánske";1406;147;1553;"SK0225"
2021-02-03;"Okres Pezinok";815;38;853;"SK0107"
2021-02-03;"Okres Piešťany";751;24;775;"SK0214"
2021-02-03;"Okres Poltár";7;0;7;"SK0327"
2021-02-03;"Okres Poprad";1424;40;1464;"SK0416"
2021-02-03;"Okres Považská Bystrica";1107;34;1141;"SK0226"
2021-02-03;"Okres Prešov";2035;81;2116;"SK0417"
2021-02-03;"Okres Prievidza";1023;89;1112;"SK0227"
2021-02-03;"Okres Púchov";803;24;827;"SK0228"
2021-02-03;"Okres Revúca";1197;63;1260;"SK0328"
2021-02-03;"Okres Rimavská Sobota";1337;53;1390;"SK0329"
2021-02-03;"Okres Rožňava";2041;60;2101;"SK0428"
2021-02-03;"Okres Ružomberok";605;30;635;"SK0318"
2021-02-03;"Okres Sabinov";908;31;939;"SK0418"
2021-02-03;"Okres Senec";1535;34;1569;"SK0108"
2021-02-03;"Okres Senica";406;15;421;"SK0215"
2021-02-03;"Okres Skalica";447;12;459;"SK0216"
2021-02-03;"Okres Snina";573;10;583;"SK0419"
2021-02-03;"Okres Sobrance";273;9;282;"SK0429"
2021-02-03;"Okres Spišská Nová Ves";974;39;1013;"SK042A"
2021-02-03;"Okres Stará Ľubovňa";454;6;460;"SK041A"
2021-02-03;"Okres Stropkov";174;9;183;"SK041B"
2021-02-03;"Okres Svidník";355;4;359;"SK041C"
2021-02-03;"Okres Šaľa";530;39;569;"SK0235"
2021-02-03;"Okres Topoľčany";1392;39;1431;"SK0236"
2021-02-03;"Okres Trebišov";1000;53;1053;"SK042B"
2021-02-03;"Okres Trenčín";1994;58;2052;"SK0229"
2021-02-03;"Okres Trnava";1257;42;1299;"SK0217"
2021-02-03;"Okres Turčianske Teplice";130;8;138;"SK0319"
2021-02-03;"Okres Tvrdošín";286;1;287;"SK031A"
2021-02-03;"Okres Veľký Krtíš";878;10;888;"SK032A"
2021-02-03;"Okres Vranov nad Topľou";1007;28;1035;"SK041D"
2021-02-03;"Okres Zlaté Moravce";1975;22;1997;"SK0237"
2021-02-03;"Okres Zvolen";1491;29;1520;"SK032B"
2021-02-03;"Okres Žarnovica";543;17;560;"SK032C"
2021-02-03;"Okres Žiar nad Hronom";1011;31;1042;"SK032D"
2021-02-03;"Okres Žilina";3317;64;3381;"SK031B"
2021-02-04;"Okres Bánovce nad Bebravou";265;25;290;"SK0221"
2021-02-04;"Okres Banská Bystrica";2689;38;2727;"SK0321"
2021-02-04;"Okres Banská Štiavnica";316;10;326;"SK0322"
2021-02-04;"Okres Bardejov";3196;25;3221;"SK0411"
2021-02-04;"Okres Bratislava I";1213;8;1221;"SK0101"
2021-02-04;"Okres Bratislava II";5563;79;5642;"SK0102"
2021-02-04;"Okres Bratislava III";5917;95;6012;"SK0103"
2021-02-04;"Okres Bratislava IV";1962;35;1997;"SK0104"
2021-02-04;"Okres Bratislava V";2570;21;2591;"SK0105"
2021-02-04;"Okres Brezno";406;106;512;"SK0323"
2021-02-04;"Okres Bytča";252;20;272;"SK0311"
2021-02-04;"Okres Čadca";1950;18;1968;"SK0312"
2021-02-04;"Okres Detva";470;23;493;"SK0324"
2021-02-04;"Okres Dolný Kubín";886;23;909;"SK0313"
2021-02-04;"Okres Dunajská Streda";1973;238;2211;"SK0211"
2021-02-04;"Okres Galanta";2061;186;2247;"SK0212"
2021-02-04;"Okres Gelnica";605;2;607;"SK0421"
2021-02-04;"Okres Hlohovec";876;38;914;"SK0213"
2021-02-04;"Okres Humenné";760;25;785;"SK0412"
2021-02-04;"Okres Ilava";839;46;885;"SK0222"
2021-02-04;"Okres Kežmarok";1035;13;1048;"SK0413"
2021-02-04;"Okres Komárno";1747;154;1901;"SK0231"
2021-02-04;"Okres Košice - okolie";619;51;670;"SK0426"
2021-02-04;"Okres Košice I";854;16;870;"SK0422"
2021-02-04;"Okres Košice II";5469;103;5572;"SK0423"
2021-02-04;"Okres Košice III";490;24;514;"SK0424"
2021-02-04;"Okres Košice IV";2310;44;2354;"SK0425"
2021-02-04;"Okres Krupina";208;8;216;"SK0325"
2021-02-04;"Okres Kysucké Nové Mesto";391;8;399;"SK0314"
2021-02-04;"Okres Levice";2898;165;3063;"SK0232"
2021-02-04;"Okres Levoča";795;7;802;"SK0414"
2021-02-04;"Okres Liptovský Mikuláš";1721;52;1773;"SK0315"
2021-02-04;"Okres Lučenec";1932;23;1955;"SK0326"
2021-02-04;"Okres Malacky";1174;63;1237;"SK0106"
2021-02-04;"Okres Martin";2998;47;3045;"SK0316"
2021-02-04;"Okres Medzilaborce";147;4;151;"SK0415"
2021-02-04;"Okres Michalovce";2308;34;2342;"SK0427"
2021-02-04;"Okres Myjava";527;2;529;"SK0223"
2021-02-04;"Okres Námestovo";1243;13;1256;"SK0317"
2021-02-04;"Okres Nitra";2531;43;2574;"SK0233"
2021-02-04;"Okres Nové Mesto nad Váhom";639;34;673;"SK0224"
2021-02-04;"Okres Nové Zámky";2556;94;2650;"SK0234"
2021-02-04;"Okres Partizánske";1343;148;1491;"SK0225"
2021-02-04;"Okres Pezinok";818;30;848;"SK0107"
2021-02-04;"Okres Piešťany";1033;35;1068;"SK0214"
2021-02-04;"Okres Poltár";598;2;600;"SK0327"
2021-02-04;"Okres Poprad";2751;38;2789;"SK0416"
2021-02-04;"Okres Považská Bystrica";1458;40;1498;"SK0226"
2021-02-04;"Okres Prešov";3354;74;3428;"SK0417"
2021-02-04;"Okres Prievidza";1090;81;1171;"SK0227"
2021-02-04;"Okres Púchov";1053;26;1079;"SK0228"
2021-02-04;"Okres Revúca";1737;94;1831;"SK0328"
2021-02-04;"Okres Rimavská Sobota";1867;35;1902;"SK0329"
2021-02-04;"Okres Rožňava";1915;53;1968;"SK0428"
2021-02-04;"Okres Ružomberok";1425;27;1452;"SK0318"
2021-02-04;"Okres Sabinov";1719;37;1756;"SK0418"
2021-02-04;"Okres Senec";818;38;856;"SK0108"
2021-02-04;"Okres Senica";613;13;626;"SK0215"
2021-02-04;"Okres Skalica";681;12;693;"SK0216"
2021-02-04;"Okres Snina";677;18;695;"SK0419"
2021-02-04;"Okres Sobrance";313;17;330;"SK0429"
2021-02-04;"Okres Spišská Nová Ves";2579;48;2627;"SK042A"
2021-02-04;"Okres Stará Ľubovňa";770;12;782;"SK041A"
2021-02-04;"Okres Stropkov";345;8;353;"SK041B"
2021-02-04;"Okres Svidník";414;6;420;"SK041C"
2021-02-04;"Okres Šaľa";6382;102;6484;"SK0235"
2021-02-04;"Okres Topoľčany";957;52;1009;"SK0236"
2021-02-04;"Okres Trebišov";942;77;1019;"SK042B"
2021-02-04;"Okres Trenčín";2200;60;2260;"SK0229"
2021-02-04;"Okres Trnava";794;33;827;"SK0217"
2021-02-04;"Okres Turčianske Teplice";137;8;145;"SK0319"
2021-02-04;"Okres Tvrdošín";838;4;842;"SK031A"
2021-02-04;"Okres Veľký Krtíš";888;13;901;"SK032A"
2021-02-04;"Okres Vranov nad Topľou";1234;20;1254;"SK041D"
2021-02-04;"Okres Zlaté Moravce";662;11;673;"SK0237"
2021-02-04;"Okres Zvolen";1074;48;1122;"SK032B"
2021-02-04;"Okres Žarnovica";622;31;653;"SK032C"
2021-02-04;"Okres Žiar nad Hronom";2951;67;3018;"SK032D"
2021-02-04;"Okres Žilina";1950;49;1999;"SK031B"
2021-02-05;"Okres Bánovce nad Bebravou";1333;31;1364;"SK0221"
2021-02-05;"Okres Banská Bystrica";4808;44;4852;"SK0321"
2021-02-05;"Okres Banská Štiavnica";1793;37;1830;"SK0322"
2021-02-05;"Okres Bardejov";3348;23;3371;"SK0411"
2021-02-05;"Okres Bratislava I";3097;35;3132;"SK0101"
2021-02-05;"Okres Bratislava II";9388;90;9478;"SK0102"
2021-02-05;"Okres Bratislava III";5827;88;5915;"SK0103"
2021-02-05;"Okres Bratislava IV";2403;26;2429;"SK0104"
2021-02-05;"Okres Bratislava V";2747;54;2801;"SK0105"
2021-02-05;"Okres Brezno";1529;24;1553;"SK0323"
2021-02-05;"Okres Bytča";2079;61;2140;"SK0311"
2021-02-05;"Okres Čadca";3988;44;4032;"SK0312"
2021-02-05;"Okres Detva";1706;39;1745;"SK0324"
2021-02-05;"Okres Dolný Kubín";2400;34;2434;"SK0313"
2021-02-05;"Okres Dunajská Streda";3810;188;3998;"SK0211"
2021-02-05;"Okres Galanta";3226;107;3333;"SK0212"
2021-02-05;"Okres Gelnica";632;8;640;"SK0421"
2021-02-05;"Okres Hlohovec";1054;38;1092;"SK0213"
2021-02-05;"Okres Humenné";1980;21;2001;"SK0412"
2021-02-05;"Okres Ilava";2675;60;2735;"SK0222"
2021-02-05;"Okres Kežmarok";2344;7;2351;"SK0413"
2021-02-05;"Okres Komárno";4504;150;4654;"SK0231"
2021-02-05;"Okres Košice - okolie";2156;56;2212;"SK0426"
2021-02-05;"Okres Košice I";2733;24;2757;"SK0422"
2021-02-05;"Okres Košice II";22598;232;22830;"SK0423"
2021-02-05;"Okres Košice III";936;3;939;"SK0424"
2021-02-05;"Okres Košice IV";1710;28;1738;"SK0425"
2021-02-05;"Okres Krupina";508;23;531;"SK0325"
2021-02-05;"Okres Kysucké Nové Mesto";564;15;579;"SK0314"
2021-02-05;"Okres Levice";4593;86;4679;"SK0232"
2021-02-05;"Okres Levoča";1849;13;1862;"SK0414"
2021-02-05;"Okres Liptovský Mikuláš";4880;62;4942;"SK0315"
2021-02-05;"Okres Lučenec";3320;29;3349;"SK0326"
2021-02-05;"Okres Malacky";3486;39;3525;"SK0106"
2021-02-05;"Okres Martin";6222;62;6284;"SK0316"
2021-02-05;"Okres Medzilaborce";400;5;405;"SK0415"
2021-02-05;"Okres Michalovce";7382;72;7454;"SK0427"
2021-02-05;"Okres Myjava";1028;8;1036;"SK0223"
2021-02-05;"Okres Námestovo";3753;21;3774;"SK0317"
2021-02-05;"Okres Nitra";6052;95;6147;"SK0233"
2021-02-05;"Okres Nové Mesto nad Váhom";2440;35;2475;"SK0224"
2021-02-05;"Okres Nové Zámky";6379;119;6498;"SK0234"
2021-02-05;"Okres Partizánske";3073;132;3205;"SK0225"
2021-02-05;"Okres Pezinok";1270;50;1320;"SK0107"
2021-02-05;"Okres Piešťany";1704;29;1733;"SK0214"
2021-02-05;"Okres Poltár";180;2;182;"SK0327"
2021-02-05;"Okres Poprad";8302;50;8352;"SK0416"
2021-02-05;"Okres Považská Bystrica";3595;56;3651;"SK0226"
2021-02-05;"Okres Prešov";5963;102;6065;"SK0417"
2021-02-05;"Okres Prievidza";2009;81;2090;"SK0227"
2021-02-05;"Okres Púchov";1453;21;1474;"SK0228"
2021-02-05;"Okres Revúca";4286;104;4390;"SK0328"
2021-02-05;"Okres Rimavská Sobota";4374;43;4417;"SK0329"
2021-02-05;"Okres Rožňava";4349;80;4429;"SK0428"
2021-02-05;"Okres Ružomberok";1997;10;2007;"SK0318"
2021-02-05;"Okres Sabinov";3974;50;4024;"SK0418"
2021-02-05;"Okres Senec";3276;56;3332;"SK0108"
2021-02-05;"Okres Senica";2111;29;2140;"SK0215"
2021-02-05;"Okres Skalica";420;9;429;"SK0216"
2021-02-05;"Okres Snina";1434;26;1460;"SK0419"
2021-02-05;"Okres Sobrance";579;9;588;"SK0429"
2021-02-05;"Okres Spišská Nová Ves";4930;35;4965;"SK042A"
2021-02-05;"Okres Stará Ľubovňa";1694;9;1703;"SK041A"
2021-02-05;"Okres Stropkov";741;5;746;"SK041B"
2021-02-05;"Okres Svidník";1748;4;1752;"SK041C"
2021-02-05;"Okres Šaľa";6839;115;6954;"SK0235"
2021-02-05;"Okres Topoľčany";1652;50;1702;"SK0236"
2021-02-05;"Okres Trebišov";2803;72;2875;"SK042B"
2021-02-05;"Okres Trenčín";5446;91;5537;"SK0229"
2021-02-05;"Okres Trnava";5114;48;5162;"SK0217"
2021-02-05;"Okres Turčianske Teplice";608;1;609;"SK0319"
2021-02-05;"Okres Tvrdošín";2781;7;2788;"SK031A"
2021-02-05;"Okres Veľký Krtíš";2985;13;2998;"SK032A"
2021-02-05;"Okres Vranov nad Topľou";6098;40;6138;"SK041D"
2021-02-05;"Okres Zlaté Moravce";1041;13;1054;"SK0237"
2021-02-05;"Okres Zvolen";1611;23;1634;"SK032B"
2021-02-05;"Okres Žarnovica";1520;34;1554;"SK032C"
2021-02-05;"Okres Žiar nad Hronom";635;29;664;"SK032D"
2021-02-05;"Okres Žilina";5053;53;5106;"SK031B"
2021-02-06;"Okres Bánovce nad Bebravou";11943;118;12061;"SK0221"
2021-02-06;"Okres Banská Bystrica";5551;39;5590;"SK0321"
2021-02-06;"Okres Banská Štiavnica";1544;18;1562;"SK0322"
2021-02-06;"Okres Bardejov";5933;40;5973;"SK0411"
2021-02-06;"Okres Bratislava I";4571;41;4612;"SK0101"
2021-02-06;"Okres Bratislava II";9782;75;9857;"SK0102"
2021-02-06;"Okres Bratislava III";4858;44;4902;"SK0103"
2021-02-06;"Okres Bratislava IV";15360;172;15532;"SK0104"
2021-02-06;"Okres Bratislava V";3414;21;3435;"SK0105"
2021-02-06;"Okres Brezno";6187;29;6216;"SK0323"
2021-02-06;"Okres Bytča";4673;20;4693;"SK0311"
2021-02-06;"Okres Čadca";6714;43;6757;"SK0312"
2021-02-06;"Okres Detva";7718;54;7772;"SK0324"
2021-02-06;"Okres Dolný Kubín";5012;35;5047;"SK0313"
2021-02-06;"Okres Dunajská Streda";38997;471;39468;"SK0211"
2021-02-06;"Okres Galanta";13964;135;14099;"SK0212"
2021-02-06;"Okres Gelnica";1355;10;1365;"SK0421"
2021-02-06;"Okres Hlohovec";11593;92;11685;"SK0213"
2021-02-06;"Okres Humenné";11693;55;11748;"SK0412"
2021-02-06;"Okres Ilava";8380;75;8455;"SK0222"
2021-02-06;"Okres Kežmarok";14133;58;14191;"SK0413"
2021-02-06;"Okres Komárno";16937;208;17145;"SK0231"
2021-02-06;"Okres Košice - okolie";28431;277;28708;"SK0426"
2021-02-06;"Okres Košice I";817;9;826;"SK0422"
2021-02-06;"Okres Košice II";28511;214;28725;"SK0423"
2021-02-06;"Okres Košice IV";971;10;981;"SK0425"
2021-02-06;"Okres Krupina";3458;21;3479;"SK0325"
2021-02-06;"Okres Kysucké Nové Mesto";1866;5;1871;"SK0314"
2021-02-06;"Okres Levice";24394;153;24547;"SK0232"
2021-02-06;"Okres Levoča";4163;8;4171;"SK0414"
2021-02-06;"Okres Liptovský Mikuláš";12310;76;12386;"SK0315"
2021-02-06;"Okres Lučenec";5322;26;5348;"SK0326"
2021-02-06;"Okres Malacky";8156;85;8241;"SK0106"
2021-02-06;"Okres Martin";6538;55;6593;"SK0316"
2021-02-06;"Okres Medzilaborce";819;5;824;"SK0415"
2021-02-06;"Okres Michalovce";11054;66;11120;"SK0427"
2021-02-06;"Okres Myjava";190;1;191;"SK0223"
2021-02-06;"Okres Námestovo";7052;11;7063;"SK0317"
2021-02-06;"Okres Nitra";16211;78;16289;"SK0233"
2021-02-06;"Okres Nové Mesto nad Váhom";19127;141;19268;"SK0224"
2021-02-06;"Okres Nové Zámky";37220;310;37530;"SK0234"
2021-02-06;"Okres Partizánske";7149;93;7242;"SK0225"
2021-02-06;"Okres Pezinok";7783;59;7842;"SK0107"
2021-02-06;"Okres Piešťany";5866;60;5926;"SK0214"
2021-02-06;"Okres Poltár";3493;7;3500;"SK0327"
2021-02-06;"Okres Poprad";10056;52;10108;"SK0416"
2021-02-06;"Okres Považská Bystrica";3903;28;3931;"SK0226"
2021-02-06;"Okres Prešov";2410;14;2424;"SK0417"
2021-02-06;"Okres Prievidza";1876;17;1893;"SK0227"
2021-02-06;"Okres Púchov";5668;31;5699;"SK0228"
2021-02-06;"Okres Revúca";6173;108;6281;"SK0328"
2021-02-06;"Okres Rimavská Sobota";2583;21;2604;"SK0329"
2021-02-06;"Okres Rožňava";15086;175;15261;"SK0428"
2021-02-06;"Okres Ružomberok";4450;38;4488;"SK0318"
2021-02-06;"Okres Sabinov";7626;37;7663;"SK0418"
2021-02-06;"Okres Senec";24020;148;24168;"SK0108"
2021-02-06;"Okres Senica";11038;64;11102;"SK0215"
2021-02-06;"Okres Skalica";4621;26;4647;"SK0216"
2021-02-06;"Okres Snina";7431;45;7476;"SK0419"
2021-02-06;"Okres Sobrance";772;10;782;"SK0429"
2021-02-06;"Okres Spišská Nová Ves";11175;54;11229;"SK042A"
2021-02-06;"Okres Stará Ľubovňa";9518;28;9546;"SK041A"
2021-02-06;"Okres Stropkov";275;2;277;"SK041B"
2021-02-06;"Okres Svidník";3212;2;3214;"SK041C"
2021-02-06;"Okres Šaľa";8533;77;8610;"SK0235"
2021-02-06;"Okres Topoľčany";11857;78;11935;"SK0236"
2021-02-06;"Okres Trebišov";15069;164;15233;"SK042B"
2021-02-06;"Okres Trenčín";10025;99;10124;"SK0229"
2021-02-06;"Okres Trnava";35032;746;35778;"SK0217"
2021-02-06;"Okres Turčianske Teplice";191;1;192;"SK0319"
2021-02-06;"Okres Tvrdošín";2963;1;2964;"SK031A"
2021-02-06;"Okres Veľký Krtíš";3844;21;3865;"SK032A"
2021-02-06;"Okres Vranov nad Topľou";7350;97;7447;"SK041D"
2021-02-06;"Okres Zlaté Moravce";7247;32;7279;"SK0237"
2021-02-06;"Okres Zvolen";22338;204;22542;"SK032B"
2021-02-06;"Okres Žarnovica";2518;29;2547;"SK032C"
2021-02-06;"Okres Žiar nad Hronom";4980;46;5026;"SK032D"
2021-02-06;"Okres Žilina";22178;86;22264;"SK031B"
2021-02-07;"Okres Bánovce nad Bebravou";3378;46;3424;"SK0221"
2021-02-07;"Okres Banská Bystrica";10488;68;10556;"SK0321"
2021-02-07;"Okres Banská Štiavnica";646;5;651;"SK0322"
2021-02-07;"Okres Bardejov";1760;11;1771;"SK0411"
2021-02-07;"Okres Bratislava I";4651;27;4678;"SK0101"
2021-02-07;"Okres Bratislava II";5267;50;5317;"SK0102"
2021-02-07;"Okres Bratislava III";3575;49;3624;"SK0103"
2021-02-07;"Okres Bratislava IV";8953;88;9041;"SK0104"
2021-02-07;"Okres Bratislava V";2956;17;2973;"SK0105"
2021-02-07;"Okres Brezno";5479;62;5541;"SK0323"
2021-02-07;"Okres Bytča";1795;15;1810;"SK0311"
2021-02-07;"Okres Čadca";3644;20;3664;"SK0312"
2021-02-07;"Okres Detva";2582;22;2604;"SK0324"
2021-02-07;"Okres Dolný Kubín";3635;22;3657;"SK0313"
2021-02-07;"Okres Dunajská Streda";20547;214;20761;"SK0211"
2021-02-07;"Okres Galanta";8573;87;8660;"SK0212"
2021-02-07;"Okres Gelnica";1086;9;1095;"SK0421"
2021-02-07;"Okres Hlohovec";5994;72;6066;"SK0213"
2021-02-07;"Okres Humenné";4929;38;4967;"SK0412"
2021-02-07;"Okres Ilava";8233;82;8315;"SK0222"
2021-02-07;"Okres Kežmarok";8176;21;8197;"SK0413"
2021-02-07;"Okres Komárno";9928;142;10070;"SK0231"
2021-02-07;"Okres Košice - okolie";6872;136;7008;"SK0426"
2021-02-07;"Okres Košice I";13;0;13;"SK0422"
2021-02-07;"Okres Košice II";32318;253;32571;"SK0423"
2021-02-07;"Okres Košice IV";109;4;113;"SK0425"
2021-02-07;"Okres Krupina";2104;10;2114;"SK0325"
2021-02-07;"Okres Kysucké Nové Mesto";1425;8;1433;"SK0314"
2021-02-07;"Okres Levice";8404;70;8474;"SK0232"
2021-02-07;"Okres Levoča";1878;16;1894;"SK0414"
2021-02-07;"Okres Liptovský Mikuláš";1168;21;1189;"SK0315"
2021-02-07;"Okres Lučenec";4513;24;4537;"SK0326"
2021-02-07;"Okres Malacky";11569;108;11677;"SK0106"
2021-02-07;"Okres Martin";4520;43;4563;"SK0316"
2021-02-07;"Okres Medzilaborce";847;7;854;"SK0415"
2021-02-07;"Okres Michalovce";2832;27;2859;"SK0427"
2021-02-07;"Okres Myjava";6948;62;7010;"SK0223"
2021-02-07;"Okres Námestovo";216;1;217;"SK0317"
2021-02-07;"Okres Nitra";9492;52;9544;"SK0233"
2021-02-07;"Okres Nové Mesto nad Váhom";5634;36;5670;"SK0224"
2021-02-07;"Okres Nové Zámky";21109;172;21281;"SK0234"
2021-02-07;"Okres Partizánske";2670;16;2686;"SK0225"
2021-02-07;"Okres Pezinok";8089;58;8147;"SK0107"
2021-02-07;"Okres Piešťany";5567;54;5621;"SK0214"
2021-02-07;"Okres Poltár";735;2;737;"SK0327"
2021-02-07;"Okres Poprad";6555;40;6595;"SK0416"
2021-02-07;"Okres Považská Bystrica";11263;82;11345;"SK0226"
2021-02-07;"Okres Prešov";1976;27;2003;"SK0417"
2021-02-07;"Okres Prievidza";1320;18;1338;"SK0227"
2021-02-07;"Okres Púchov";2158;17;2175;"SK0228"
2021-02-07;"Okres Revúca";4440;115;4555;"SK0328"
2021-02-07;"Okres Rimavská Sobota";2911;31;2942;"SK0329"
2021-02-07;"Okres Rožňava";6674;89;6763;"SK0428"
2021-02-07;"Okres Ružomberok";2845;34;2879;"SK0318"
2021-02-07;"Okres Sabinov";3499;23;3522;"SK0418"
2021-02-07;"Okres Senec";14060;97;14157;"SK0108"
2021-02-07;"Okres Senica";15739;73;15812;"SK0215"
2021-02-07;"Okres Skalica";3416;18;3434;"SK0216"
2021-02-07;"Okres Snina";4641;21;4662;"SK0419"
2021-02-07;"Okres Sobrance";956;15;971;"SK0429"
2021-02-07;"Okres Spišská Nová Ves";4285;70;4355;"SK042A"
2021-02-07;"Okres Stará Ľubovňa";3414;10;3424;"SK041A"
2021-02-07;"Okres Svidník";1791;8;1799;"SK041C"
2021-02-07;"Okres Šaľa";7865;110;7975;"SK0235"
2021-02-07;"Okres Topoľčany";6355;62;6417;"SK0236"
2021-02-07;"Okres Trebišov";6472;106;6578;"SK042B"
2021-02-07;"Okres Trenčín";5940;73;6013;"SK0229"
2021-02-07;"Okres Trnava";16471;150;16621;"SK0217"
2021-02-07;"Okres Turčianske Teplice";1612;4;1616;"SK0319"
2021-02-07;"Okres Tvrdošín";644;2;646;"SK031A"
2021-02-07;"Okres Veľký Krtíš";1485;6;1491;"SK032A"
2021-02-07;"Okres Vranov nad Topľou";6599;64;6663;"SK041D"
2021-02-07;"Okres Zlaté Moravce";2697;12;2709;"SK0237"
2021-02-07;"Okres Zvolen";2667;17;2684;"SK032B"
2021-02-07;"Okres Žarnovica";898;15;913;"SK032C"
2021-02-07;"Okres Žiar nad Hronom";1517;9;1526;"SK032D"
2021-02-07;"Okres Žilina";51569;181;51750;"SK031B"
2021-02-08;"Okres Bánovce nad Bebravou";335;12;347;"SK0221"
2021-02-08;"Okres Banská Bystrica";18335;137;18472;"SK0321"
2021-02-08;"Okres Banská Štiavnica";898;14;912;"SK0322"
2021-02-08;"Okres Bardejov";4791;29;4820;"SK0411"
2021-02-08;"Okres Bratislava I";7410;43;7453;"SK0101"
2021-02-08;"Okres Bratislava II";7829;82;7911;"SK0102"
2021-02-08;"Okres Bratislava III";4249;41;4290;"SK0103"
2021-02-08;"Okres Bratislava IV";3185;43;3228;"SK0104"
2021-02-08;"Okres Bratislava V";7967;127;8094;"SK0105"
2021-02-08;"Okres Brezno";3227;95;3322;"SK0323"
2021-02-08;"Okres Bytča";1891;48;1939;"SK0311"
2021-02-08;"Okres Čadca";5243;41;5284;"SK0312"
2021-02-08;"Okres Detva";7368;105;7473;"SK0324"
2021-02-08;"Okres Dolný Kubín";1862;24;1886;"SK0313"
2021-02-08;"Okres Dunajská Streda";10907;228;11135;"SK0211"
2021-02-08;"Okres Galanta";6807;118;6925;"SK0212"
2021-02-08;"Okres Gelnica";1816;20;1836;"SK0421"
2021-02-08;"Okres Hlohovec";6412;110;6522;"SK0213"
2021-02-08;"Okres Humenné";3668;34;3702;"SK0412"
2021-02-08;"Okres Ilava";2398;64;2462;"SK0222"
2021-02-08;"Okres Kežmarok";3804;22;3826;"SK0413"
2021-02-08;"Okres Komárno";3379;98;3477;"SK0231"
2021-02-08;"Okres Košice - okolie";2589;29;2618;"SK0426"
2021-02-08;"Okres Košice I";2221;37;2258;"SK0422"
2021-02-08;"Okres Košice II";6115;94;6209;"SK0423"
2021-02-08;"Okres Košice III";689;16;705;"SK0424"
2021-02-08;"Okres Košice IV";1929;20;1949;"SK0425"
2021-02-08;"Okres Krupina";1470;13;1483;"SK0325"
2021-02-08;"Okres Kysucké Nové Mesto";1215;37;1252;"SK0314"
2021-02-08;"Okres Levice";5876;156;6032;"SK0232"
2021-02-08;"Okres Levoča";1639;6;1645;"SK0414"
2021-02-08;"Okres Liptovský Mikuláš";4435;70;4505;"SK0315"
2021-02-08;"Okres Lučenec";4944;46;4990;"SK0326"
2021-02-08;"Okres Malacky";3883;77;3960;"SK0106"
2021-02-08;"Okres Martin";6904;70;6974;"SK0316"
2021-02-08;"Okres Medzilaborce";765;3;768;"SK0415"
2021-02-08;"Okres Michalovce";5199;65;5264;"SK0427"
2021-02-08;"Okres Myjava";121;3;124;"SK0223"
2021-02-08;"Okres Námestovo";2881;7;2888;"SK0317"
2021-02-08;"Okres Nitra";7216;96;7312;"SK0233"
2021-02-08;"Okres Nové Mesto nad Váhom";5890;74;5964;"SK0224"
2021-02-08;"Okres Nové Zámky";11686;185;11871;"SK0234"
2021-02-08;"Okres Partizánske";1936;107;2043;"SK0225"
2021-02-08;"Okres Pezinok";1031;24;1055;"SK0107"
2021-02-08;"Okres Piešťany";2534;35;2569;"SK0214"
2021-02-08;"Okres Poltár";1746;7;1753;"SK0327"
2021-02-08;"Okres Poprad";5219;34;5253;"SK0416"
2021-02-08;"Okres Považská Bystrica";8778;103;8881;"SK0226"
2021-02-08;"Okres Prešov";6490;33;6523;"SK0417"
2021-02-08;"Okres Prievidza";2680;63;2743;"SK0227"
2021-02-08;"Okres Púchov";2595;36;2631;"SK0228"
2021-02-08;"Okres Revúca";2510;74;2584;"SK0328"
2021-02-08;"Okres Rimavská Sobota";2825;61;2886;"SK0329"
2021-02-08;"Okres Rožňava";6535;142;6677;"SK0428"
2021-02-08;"Okres Ružomberok";5253;38;5291;"SK0318"
2021-02-08;"Okres Sabinov";4470;67;4537;"SK0418"
2021-02-08;"Okres Senec";4814;49;4863;"SK0108"
2021-02-08;"Okres Senica";1420;26;1446;"SK0215"
2021-02-08;"Okres Skalica";2773;15;2788;"SK0216"
2021-02-08;"Okres Snina";1556;24;1580;"SK0419"
2021-02-08;"Okres Sobrance";348;5;353;"SK0429"
2021-02-08;"Okres Spišská Nová Ves";3161;54;3215;"SK042A"
2021-02-08;"Okres Stará Ľubovňa";1867;14;1881;"SK041A"
2021-02-08;"Okres Stropkov";5042;39;5081;"SK041B"
2021-02-08;"Okres Svidník";3530;19;3549;"SK041C"
2021-02-08;"Okres Šaľa";5194;58;5252;"SK0235"
2021-02-08;"Okres Topoľčany";4431;57;4488;"SK0236"
2021-02-08;"Okres Trebišov";1701;46;1747;"SK042B"
2021-02-08;"Okres Trenčín";8821;99;8920;"SK0229"
2021-02-08;"Okres Trnava";5791;42;5833;"SK0217"
2021-02-08;"Okres Turčianske Teplice";2440;17;2457;"SK0319"
2021-02-08;"Okres Tvrdošín";1238;7;1245;"SK031A"
2021-02-08;"Okres Veľký Krtíš";2694;28;2722;"SK032A"
2021-02-08;"Okres Vranov nad Topľou";6972;42;7014;"SK041D"
2021-02-08;"Okres Zlaté Moravce";3341;21;3362;"SK0237"
2021-02-08;"Okres Zvolen";2106;65;2171;"SK032B"
2021-02-08;"Okres Žarnovica";1902;32;1934;"SK032C"
2021-02-08;"Okres Žiar nad Hronom";7212;120;7332;"SK032D"
2021-02-08;"Okres Žilina";18420;105;18525;"SK031B"
2021-02-09;"Okres Bánovce nad Bebravou";976;28;1004;"SK0221"
2021-02-09;"Okres Banská Bystrica";4454;56;4510;"SK0321"
2021-02-09;"Okres Banská Štiavnica";804;8;812;"SK0322"
2021-02-09;"Okres Bardejov";3709;38;3747;"SK0411"
2021-02-09;"Okres Bratislava I";5013;49;5062;"SK0101"
2021-02-09;"Okres Bratislava II";16509;169;16678;"SK0102"
2021-02-09;"Okres Bratislava III";5980;54;6034;"SK0103"
2021-02-09;"Okres Bratislava IV";1516;17;1533;"SK0104"
2021-02-09;"Okres Bratislava V";6585;91;6676;"SK0105"
2021-02-09;"Okres Brezno";1910;30;1940;"SK0323"
2021-02-09;"Okres Bytča";334;13;347;"SK0311"
2021-02-09;"Okres Čadca";2743;50;2793;"SK0312"
2021-02-09;"Okres Detva";664;20;684;"SK0324"
2021-02-09;"Okres Dolný Kubín";1587;19;1606;"SK0313"
2021-02-09;"Okres Dunajská Streda";3053;180;3233;"SK0211"
2021-02-09;"Okres Galanta";1634;46;1680;"SK0212"
2021-02-09;"Okres Gelnica";901;23;924;"SK0421"
2021-02-09;"Okres Hlohovec";898;42;940;"SK0213"
2021-02-09;"Okres Humenné";1670;21;1691;"SK0412"
2021-02-09;"Okres Ilava";2211;45;2256;"SK0222"
2021-02-09;"Okres Kežmarok";1669;23;1692;"SK0413"
2021-02-09;"Okres Komárno";2464;90;2554;"SK0231"
2021-02-09;"Okres Košice - okolie";1484;39;1523;"SK0426"
2021-02-09;"Okres Košice I";2371;54;2425;"SK0422"
2021-02-09;"Okres Košice II";4945;89;5034;"SK0423"
2021-02-09;"Okres Košice III";713;17;730;"SK0424"
2021-02-09;"Okres Košice IV";4332;131;4463;"SK0425"
2021-02-09;"Okres Krupina";390;4;394;"SK0325"
2021-02-09;"Okres Kysucké Nové Mesto";871;10;881;"SK0314"
2021-02-09;"Okres Levice";6483;126;6609;"SK0232"
2021-02-09;"Okres Levoča";1392;12;1404;"SK0414"
2021-02-09;"Okres Liptovský Mikuláš";2974;49;3023;"SK0315"
2021-02-09;"Okres Lučenec";2396;30;2426;"SK0326"
2021-02-09;"Okres Malacky";4616;66;4682;"SK0106"
2021-02-09;"Okres Martin";6281;54;6335;"SK0316"
2021-02-09;"Okres Medzilaborce";302;7;309;"SK0415"
2021-02-09;"Okres Michalovce";6687;60;6747;"SK0427"
2021-02-09;"Okres Myjava";548;2;550;"SK0223"
2021-02-09;"Okres Námestovo";1893;18;1911;"SK0317"
2021-02-09;"Okres Nitra";3810;50;3860;"SK0233"
2021-02-09;"Okres Nové Mesto nad Váhom";859;30;889;"SK0224"
2021-02-09;"Okres Nové Zámky";3777;92;3869;"SK0234"
2021-02-09;"Okres Partizánske";1108;97;1205;"SK0225"
2021-02-09;"Okres Pezinok";1265;44;1309;"SK0107"
2021-02-09;"Okres Piešťany";2155;33;2188;"SK0214"
2021-02-09;"Okres Poltár";365;4;369;"SK0327"
2021-02-09;"Okres Poprad";4940;39;4979;"SK0416"
2021-02-09;"Okres Považská Bystrica";4115;57;4172;"SK0226"
2021-02-09;"Okres Prešov";4984;54;5038;"SK0417"
2021-02-09;"Okres Prievidza";1950;72;2022;"SK0227"
2021-02-09;"Okres Púchov";2507;29;2536;"SK0228"
2021-02-09;"Okres Revúca";1659;74;1733;"SK0328"
2021-02-09;"Okres Rimavská Sobota";2113;42;2155;"SK0329"
2021-02-09;"Okres Rožňava";2935;72;3007;"SK0428"
2021-02-09;"Okres Ružomberok";5781;38;5819;"SK0318"
2021-02-09;"Okres Sabinov";1684;48;1732;"SK0418"
2021-02-09;"Okres Senec";3796;71;3867;"SK0108"
2021-02-09;"Okres Senica";817;26;843;"SK0215"
2021-02-09;"Okres Skalica";3566;23;3589;"SK0216"
2021-02-09;"Okres Snina";1780;30;1810;"SK0419"
2021-02-09;"Okres Sobrance";642;13;655;"SK0429"
2021-02-09;"Okres Spišská Nová Ves";3802;46;3848;"SK042A"
2021-02-09;"Okres Stará Ľubovňa";927;8;935;"SK041A"
2021-02-09;"Okres Stropkov";537;5;542;"SK041B"
2021-02-09;"Okres Svidník";611;4;615;"SK041C"
2021-02-09;"Okres Šaľa";1629;28;1657;"SK0235"
2021-02-09;"Okres Topoľčany";2547;46;2593;"SK0236"
2021-02-09;"Okres Trebišov";2656;65;2721;"SK042B"
2021-02-09;"Okres Trenčín";6686;90;6776;"SK0229"
2021-02-09;"Okres Trnava";1719;67;1786;"SK0217"
2021-02-09;"Okres Turčianske Teplice";321;7;328;"SK0319"
2021-02-09;"Okres Tvrdošín";1241;8;1249;"SK031A"
2021-02-09;"Okres Veľký Krtíš";1405;12;1417;"SK032A"
2021-02-09;"Okres Vranov nad Topľou";3194;163;3357;"SK041D"
2021-02-09;"Okres Zlaté Moravce";258;8;266;"SK0237"
2021-02-09;"Okres Zvolen";1852;53;1905;"SK032B"
2021-02-09;"Okres Žarnovica";1563;36;1599;"SK032C"
2021-02-09;"Okres Žiar nad Hronom";1309;46;1355;"SK032D"
2021-02-09;"Okres Žilina";4942;47;4989;"SK031B"
2021-02-10;"Okres Bánovce nad Bebravou";333;38;371;"SK0221"
2021-02-10;"Okres Banská Bystrica";5232;60;5292;"SK0321"
2021-02-10;"Okres Banská Štiavnica";496;10;506;"SK0322"
2021-02-10;"Okres Bardejov";3782;39;3821;"SK0411"
2021-02-10;"Okres Bratislava I";4959;55;5014;"SK0101"
2021-02-10;"Okres Bratislava II";7093;87;7180;"SK0102"
2021-02-10;"Okres Bratislava III";4689;41;4730;"SK0103"
2021-02-10;"Okres Bratislava IV";1259;19;1278;"SK0104"
2021-02-10;"Okres Bratislava V";7264;108;7372;"SK0105"
2021-02-10;"Okres Brezno";599;9;608;"SK0323"
2021-02-10;"Okres Bytča";356;21;377;"SK0311"
2021-02-10;"Okres Čadca";2084;35;2119;"SK0312"
2021-02-10;"Okres Detva";558;32;590;"SK0324"
2021-02-10;"Okres Dolný Kubín";1230;25;1255;"SK0313"
2021-02-10;"Okres Dunajská Streda";2915;159;3074;"SK0211"
2021-02-10;"Okres Galanta";1411;84;1495;"SK0212"
2021-02-10;"Okres Gelnica";570;10;580;"SK0421"
2021-02-10;"Okres Hlohovec";941;35;976;"SK0213"
2021-02-10;"Okres Humenné";1118;29;1147;"SK0412"
2021-02-10;"Okres Ilava";1743;49;1792;"SK0222"
2021-02-10;"Okres Kežmarok";1619;16;1635;"SK0413"
2021-02-10;"Okres Komárno";4136;396;4532;"SK0231"
2021-02-10;"Okres Košice - okolie";826;28;854;"SK0426"
2021-02-10;"Okres Košice I";1966;66;2032;"SK0422"
2021-02-10;"Okres Košice II";5005;108;5113;"SK0423"
2021-02-10;"Okres Košice III";602;16;618;"SK0424"
2021-02-10;"Okres Košice IV";4406;59;4465;"SK0425"
2021-02-10;"Okres Krupina";774;10;784;"SK0325"
2021-02-10;"Okres Kysucké Nové Mesto";655;11;666;"SK0314"
2021-02-10;"Okres Levice";3281;95;3376;"SK0232"
2021-02-10;"Okres Levoča";840;1;841;"SK0414"
2021-02-10;"Okres Liptovský Mikuláš";2187;44;2231;"SK0315"
2021-02-10;"Okres Lučenec";2125;33;2158;"SK0326"
2021-02-10;"Okres Malacky";2004;52;2056;"SK0106"
2021-02-10;"Okres Martin";5393;53;5446;"SK0316"
2021-02-10;"Okres Medzilaborce";187;3;190;"SK0415"
2021-02-10;"Okres Michalovce";4244;45;4289;"SK0427"
2021-02-10;"Okres Myjava";268;2;270;"SK0223"
2021-02-10;"Okres Námestovo";787;7;794;"SK0317"
2021-02-10;"Okres Nitra";5228;52;5280;"SK0233"
2021-02-10;"Okres Nové Mesto nad Váhom";798;34;832;"SK0224"
2021-02-10;"Okres Nové Zámky";2819;72;2891;"SK0234"
2021-02-10;"Okres Partizánske";910;67;977;"SK0225"
2021-02-10;"Okres Pezinok";1353;31;1384;"SK0107"
2021-02-10;"Okres Piešťany";1625;19;1644;"SK0214"
2021-02-10;"Okres Poltár";178;8;186;"SK0327"
2021-02-10;"Okres Poprad";5033;55;5088;"SK0416"
2021-02-10;"Okres Považská Bystrica";2322;37;2359;"SK0226"
2021-02-10;"Okres Prešov";4972;59;5031;"SK0417"
2021-02-10;"Okres Prievidza";1287;101;1388;"SK0227"
2021-02-10;"Okres Púchov";1522;21;1543;"SK0228"
2021-02-10;"Okres Revúca";1396;85;1481;"SK0328"
2021-02-10;"Okres Rimavská Sobota";2190;41;2231;"SK0329"
2021-02-10;"Okres Rožňava";3219;74;3293;"SK0428"
2021-02-10;"Okres Ružomberok";1443;18;1461;"SK0318"
2021-02-10;"Okres Sabinov";1763;26;1789;"SK0418"
2021-02-10;"Okres Senec";2203;52;2255;"SK0108"
2021-02-10;"Okres Senica";865;28;893;"SK0215"
2021-02-10;"Okres Skalica";840;15;855;"SK0216"
2021-02-10;"Okres Snina";1031;36;1067;"SK0419"
2021-02-10;"Okres Sobrance";971;18;989;"SK0429"
2021-02-10;"Okres Spišská Nová Ves";4581;126;4707;"SK042A"
2021-02-10;"Okres Stará Ľubovňa";686;11;697;"SK041A"
2021-02-10;"Okres Stropkov";547;15;562;"SK041B"
2021-02-10;"Okres Svidník";531;3;534;"SK041C"
2021-02-10;"Okres Šaľa";445;24;469;"SK0235"
2021-02-10;"Okres Topoľčany";2582;57;2639;"SK0236"
2021-02-10;"Okres Trebišov";1152;74;1226;"SK042B"
2021-02-10;"Okres Trenčín";4084;42;4126;"SK0229"
2021-02-10;"Okres Trnava";2124;64;2188;"SK0217"
2021-02-10;"Okres Turčianske Teplice";350;4;354;"SK0319"
2021-02-10;"Okres Tvrdošín";994;7;1001;"SK031A"
2021-02-10;"Okres Veľký Krtíš";1386;20;1406;"SK032A"
2021-02-10;"Okres Vranov nad Topľou";1359;41;1400;"SK041D"
2021-02-10;"Okres Zlaté Moravce";1052;8;1060;"SK0237"
2021-02-10;"Okres Zvolen";857;35;892;"SK032B"
2021-02-10;"Okres Žarnovica";998;24;1022;"SK032C"
2021-02-10;"Okres Žiar nad Hronom";995;40;1035;"SK032D"
2021-02-10;"Okres Žilina";3765;56;3821;"SK031B"
2021-02-11;"Okres Bánovce nad Bebravou";562;22;584;"SK0221"
2021-02-11;"Okres Banská Bystrica";6192;66;6258;"SK0321"
2021-02-11;"Okres Banská Štiavnica";401;5;406;"SK0322"
2021-02-11;"Okres Bardejov";3456;43;3499;"SK0411"
2021-02-11;"Okres Bratislava I";2269;17;2286;"SK0101"
2021-02-11;"Okres Bratislava II";6396;66;6462;"SK0102"
2021-02-11;"Okres Bratislava III";6928;59;6987;"SK0103"
2021-02-11;"Okres Bratislava IV";2475;22;2497;"SK0104"
2021-02-11;"Okres Bratislava V";7758;91;7849;"SK0105"
2021-02-11;"Okres Brezno";518;21;539;"SK0323"
2021-02-11;"Okres Bytča";312;13;325;"SK0311"
2021-02-11;"Okres Čadca";2436;42;2478;"SK0312"
2021-02-11;"Okres Detva";858;30;888;"SK0324"
2021-02-11;"Okres Dolný Kubín";1676;35;1711;"SK0313"
2021-02-11;"Okres Dunajská Streda";3333;164;3497;"SK0211"
2021-02-11;"Okres Galanta";2308;110;2418;"SK0212"
2021-02-11;"Okres Gelnica";486;12;498;"SK0421"
2021-02-11;"Okres Hlohovec";741;33;774;"SK0213"
2021-02-11;"Okres Humenné";764;29;793;"SK0412"
2021-02-11;"Okres Ilava";1478;117;1595;"SK0222"
2021-02-11;"Okres Kežmarok";1535;21;1556;"SK0413"
2021-02-11;"Okres Komárno";1694;65;1759;"SK0231"
2021-02-11;"Okres Košice - okolie";748;24;772;"SK0426"
2021-02-11;"Okres Košice I";1650;62;1712;"SK0422"
2021-02-11;"Okres Košice II";3164;56;3220;"SK0423"
2021-02-11;"Okres Košice III";401;9;410;"SK0424"
2021-02-11;"Okres Košice IV";4549;160;4709;"SK0425"
2021-02-11;"Okres Krupina";449;4;453;"SK0325"
2021-02-11;"Okres Kysucké Nové Mesto";644;11;655;"SK0314"
2021-02-11;"Okres Levice";3305;85;3390;"SK0232"
2021-02-11;"Okres Levoča";959;8;967;"SK0414"
2021-02-11;"Okres Liptovský Mikuláš";3801;45;3846;"SK0315"
2021-02-11;"Okres Lučenec";2462;31;2493;"SK0326"
2021-02-11;"Okres Malacky";1614;25;1639;"SK0106"
2021-02-11;"Okres Martin";4750;52;4802;"SK0316"
2021-02-11;"Okres Medzilaborce";154;1;155;"SK0415"
2021-02-11;"Okres Michalovce";2388;15;2403;"SK0427"
2021-02-11;"Okres Myjava";643;1;644;"SK0223"
2021-02-11;"Okres Námestovo";1839;24;1863;"SK0317"
2021-02-11;"Okres Nitra";3485;26;3511;"SK0233"
2021-02-11;"Okres Nové Mesto nad Váhom";697;26;723;"SK0224"
2021-02-11;"Okres Nové Zámky";2387;58;2445;"SK0234"
2021-02-11;"Okres Partizánske";1094;50;1144;"SK0225"
2021-02-11;"Okres Pezinok";1474;38;1512;"SK0107"
2021-02-11;"Okres Piešťany";1773;26;1799;"SK0214"
2021-02-11;"Okres Poltár";72;1;73;"SK0327"
2021-02-11;"Okres Poprad";4592;55;4647;"SK0416"
2021-02-11;"Okres Považská Bystrica";2095;35;2130;"SK0226"
2021-02-11;"Okres Prešov";4583;71;4654;"SK0417"
2021-02-11;"Okres Prievidza";2225;68;2293;"SK0227"
2021-02-11;"Okres Púchov";1314;18;1332;"SK0228"
2021-02-11;"Okres Revúca";5727;84;5811;"SK0328"
2021-02-11;"Okres Rimavská Sobota";2206;56;2262;"SK0329"
2021-02-11;"Okres Rožňava";2088;43;2131;"SK0428"
2021-02-11;"Okres Ružomberok";2097;36;2133;"SK0318"
2021-02-11;"Okres Sabinov";1082;16;1098;"SK0418"
2021-02-11;"Okres Senec";1871;35;1906;"SK0108"
2021-02-11;"Okres Senica";908;27;935;"SK0215"
2021-02-11;"Okres Skalica";1487;22;1509;"SK0216"
2021-02-11;"Okres Snina";827;22;849;"SK0419"
2021-02-11;"Okres Sobrance";829;20;849;"SK0429"
2021-02-11;"Okres Spišská Nová Ves";2526;33;2559;"SK042A"
2021-02-11;"Okres Stará Ľubovňa";648;10;658;"SK041A"
2021-02-11;"Okres Stropkov";623;12;635;"SK041B"
2021-02-11;"Okres Svidník";646;5;651;"SK041C"
2021-02-11;"Okres Šaľa";797;27;824;"SK0235"
2021-02-11;"Okres Topoľčany";1613;41;1654;"SK0236"
2021-02-11;"Okres Trebišov";1283;48;1331;"SK042B"
2021-02-11;"Okres Trenčín";3534;40;3574;"SK0229"
2021-02-11;"Okres Trnava";1139;49;1188;"SK0217"
2021-02-11;"Okres Turčianske Teplice";299;11;310;"SK0319"
2021-02-11;"Okres Tvrdošín";2236;9;2245;"SK031A"
2021-02-11;"Okres Veľký Krtíš";1347;13;1360;"SK032A"
2021-02-11;"Okres Vranov nad Topľou";1496;21;1517;"SK041D"
2021-02-11;"Okres Zlaté Moravce";550;6;556;"SK0237"
2021-02-11;"Okres Zvolen";2139;64;2203;"SK032B"
2021-02-11;"Okres Žarnovica";989;23;1012;"SK032C"
2021-02-11;"Okres Žiar nad Hronom";954;42;996;"SK032D"
2021-02-11;"Okres Žilina";5104;46;5150;"SK031B"
2021-02-12;"Okres Bánovce nad Bebravou";1561;33;1594;"SK0221"
2021-02-12;"Okres Banská Bystrica";10919;96;11015;"SK0321"
2021-02-12;"Okres Banská Štiavnica";1182;8;1190;"SK0322"
2021-02-12;"Okres Bardejov";5084;28;5112;"SK0411"
2021-02-12;"Okres Bratislava I";5253;40;5293;"SK0101"
2021-02-12;"Okres Bratislava II";10319;103;10422;"SK0102"
2021-02-12;"Okres Bratislava III";6025;58;6083;"SK0103"
2021-02-12;"Okres Bratislava IV";3995;16;4011;"SK0104"
2021-02-12;"Okres Bratislava V";9374;112;9486;"SK0105"
2021-02-12;"Okres Brezno";2465;80;2545;"SK0323"
2021-02-12;"Okres Bytča";2209;23;2232;"SK0311"
2021-02-12;"Okres Čadca";4077;49;4126;"SK0312"
2021-02-12;"Okres Detva";1318;37;1355;"SK0324"
2021-02-12;"Okres Dolný Kubín";3595;40;3635;"SK0313"
2021-02-12;"Okres Dunajská Streda";5059;161;5220;"SK0211"
2021-02-12;"Okres Galanta";4558;59;4617;"SK0212"
2021-02-12;"Okres Gelnica";1393;11;1404;"SK0421"
2021-02-12;"Okres Hlohovec";703;22;725;"SK0213"
2021-02-12;"Okres Humenné";3303;24;3327;"SK0412"
2021-02-12;"Okres Ilava";4874;89;4963;"SK0222"
2021-02-12;"Okres Kežmarok";4352;12;4364;"SK0413"
2021-02-12;"Okres Komárno";5900;142;6042;"SK0231"
2021-02-12;"Okres Košice - okolie";2488;46;2534;"SK0426"
2021-02-12;"Okres Košice I";3735;37;3772;"SK0422"
2021-02-12;"Okres Košice II";16621;135;16756;"SK0423"
2021-02-12;"Okres Košice III";765;16;781;"SK0424"
2021-02-12;"Okres Košice IV";4102;65;4167;"SK0425"
2021-02-12;"Okres Krupina";1683;16;1699;"SK0325"
2021-02-12;"Okres Kysucké Nové Mesto";1205;12;1217;"SK0314"
2021-02-12;"Okres Levice";4380;79;4459;"SK0232"
2021-02-12;"Okres Levoča";1636;14;1650;"SK0414"
2021-02-12;"Okres Liptovský Mikuláš";4093;32;4125;"SK0315"
2021-02-12;"Okres Lučenec";2558;28;2586;"SK0326"
2021-02-12;"Okres Malacky";2711;45;2756;"SK0106"
2021-02-12;"Okres Martin";6621;76;6697;"SK0316"
2021-02-12;"Okres Medzilaborce";491;8;499;"SK0415"
2021-02-12;"Okres Michalovce";5093;48;5141;"SK0427"
2021-02-12;"Okres Myjava";1131;9;1140;"SK0223"
2021-02-12;"Okres Námestovo";4946;21;4967;"SK0317"
2021-02-12;"Okres Nitra";12560;54;12614;"SK0233"
2021-02-12;"Okres Nové Mesto nad Váhom";2426;46;2472;"SK0224"
2021-02-12;"Okres Nové Zámky";5609;83;5692;"SK0234"
2021-02-12;"Okres Partizánske";4909;106;5015;"SK0225"
2021-02-12;"Okres Pezinok";1621;22;1643;"SK0107"
2021-02-12;"Okres Piešťany";1873;20;1893;"SK0214"
2021-02-12;"Okres Poltár";146;5;151;"SK0327"
2021-02-12;"Okres Poprad";10697;81;10778;"SK0416"
2021-02-12;"Okres Považská Bystrica";4282;43;4325;"SK0226"
2021-02-12;"Okres Prešov";11135;67;11202;"SK0417"
2021-02-12;"Okres Prievidza";4211;86;4297;"SK0227"
2021-02-12;"Okres Púchov";3046;26;3072;"SK0228"
2021-02-12;"Okres Revúca";3989;103;4092;"SK0328"
2021-02-12;"Okres Rimavská Sobota";3578;54;3632;"SK0329"
2021-02-12;"Okres Rožňava";4689;54;4743;"SK0428"
2021-02-12;"Okres Ružomberok";3281;23;3304;"SK0318"
2021-02-12;"Okres Sabinov";3166;27;3193;"SK0418"
2021-02-12;"Okres Senec";4276;37;4313;"SK0108"
2021-02-12;"Okres Senica";2698;24;2722;"SK0215"
2021-02-12;"Okres Skalica";3677;14;3691;"SK0216"
2021-02-12;"Okres Snina";1558;16;1574;"SK0419"
2021-02-12;"Okres Sobrance";2207;36;2243;"SK0429"
2021-02-12;"Okres Spišská Nová Ves";5875;57;5932;"SK042A"
2021-02-12;"Okres Stará Ľubovňa";1321;11;1332;"SK041A"
2021-02-12;"Okres Stropkov";1087;9;1096;"SK041B"
2021-02-12;"Okres Svidník";1788;5;1793;"SK041C"
2021-02-12;"Okres Šaľa";5195;77;5272;"SK0235"
2021-02-12;"Okres Topoľčany";2401;48;2449;"SK0236"
2021-02-12;"Okres Trebišov";10090;207;10297;"SK042B"
2021-02-12;"Okres Trenčín";7165;79;7244;"SK0229"
2021-02-12;"Okres Trnava";7599;90;7689;"SK0217"
2021-02-12;"Okres Turčianske Teplice";1508;15;1523;"SK0319"
2021-02-12;"Okres Tvrdošín";3254;7;3261;"SK031A"
2021-02-12;"Okres Veľký Krtíš";2711;25;2736;"SK032A"
2021-02-12;"Okres Vranov nad Topľou";3101;130;3231;"SK041D"
2021-02-12;"Okres Zlaté Moravce";1809;13;1822;"SK0237"
2021-02-12;"Okres Zvolen";6239;88;6327;"SK032B"
2021-02-12;"Okres Žarnovica";1584;30;1614;"SK032C"
2021-02-12;"Okres Žiar nad Hronom";3720;56;3776;"SK032D"
2021-02-12;"Okres Žilina";9579;59;9638;"SK031B"
2021-02-13;"Okres Bánovce nad Bebravou";9487;67;9554;"SK0221"
2021-02-13;"Okres Banská Bystrica";9969;35;10004;"SK0321"
2021-02-13;"Okres Banská Štiavnica";903;5;908;"SK0322"
2021-02-13;"Okres Bardejov";7377;28;7405;"SK0411"
2021-02-13;"Okres Bratislava I";3969;19;3988;"SK0101"
2021-02-13;"Okres Bratislava II";9117;83;9200;"SK0102"
2021-02-13;"Okres Bratislava III";6239;90;6329;"SK0103"
2021-02-13;"Okres Bratislava IV";6488;52;6540;"SK0104"
2021-02-13;"Okres Bratislava V";16833;121;16954;"SK0105"
2021-02-13;"Okres Brezno";5653;30;5683;"SK0323"
2021-02-13;"Okres Bytča";4594;40;4634;"SK0311"
2021-02-13;"Okres Čadca";4878;36;4914;"SK0312"
2021-02-13;"Okres Detva";7428;95;7523;"SK0324"
2021-02-13;"Okres Dolný Kubín";3272;25;3297;"SK0313"
2021-02-13;"Okres Dunajská Streda";52116;422;52538;"SK0211"
2021-02-13;"Okres Galanta";18734;140;18874;"SK0212"
2021-02-13;"Okres Gelnica";2659;16;2675;"SK0421"
2021-02-13;"Okres Hlohovec";11837;90;11927;"SK0213"
2021-02-13;"Okres Humenné";10148;61;10209;"SK0412"
2021-02-13;"Okres Ilava";6835;74;6909;"SK0222"
2021-02-13;"Okres Kežmarok";9189;29;9218;"SK0413"
2021-02-13;"Okres Komárno";17468;240;17708;"SK0231"
2021-02-13;"Okres Košice - okolie";24551;155;24706;"SK0426"
2021-02-13;"Okres Košice I";2332;13;2345;"SK0422"
2021-02-13;"Okres Košice II";21331;161;21492;"SK0423"
2021-02-13;"Okres Košice III";543;3;546;"SK0424"
2021-02-13;"Okres Košice IV";2990;14;3004;"SK0425"
2021-02-13;"Okres Krupina";2192;26;2218;"SK0325"
2021-02-13;"Okres Kysucké Nové Mesto";1187;10;1197;"SK0314"
2021-02-13;"Okres Levice";23364;111;23475;"SK0232"
2021-02-13;"Okres Levoča";3797;10;3807;"SK0414"
2021-02-13;"Okres Liptovský Mikuláš";3849;44;3893;"SK0315"
2021-02-13;"Okres Lučenec";2941;30;2971;"SK0326"
2021-02-13;"Okres Malacky";9871;105;9976;"SK0106"
2021-02-13;"Okres Martin";15837;161;15998;"SK0316"
2021-02-13;"Okres Medzilaborce";1298;6;1304;"SK0415"
2021-02-13;"Okres Michalovce";9989;74;10063;"SK0427"
2021-02-13;"Okres Myjava";2540;5;2545;"SK0223"
2021-02-13;"Okres Námestovo";8747;27;8774;"SK0317"
2021-02-13;"Okres Nitra";24887;59;24946;"SK0233"
2021-02-13;"Okres Nové Mesto nad Váhom";20712;189;20901;"SK0224"
2021-02-13;"Okres Nové Zámky";28594;156;28750;"SK0234"
2021-02-13;"Okres Partizánske";8994;97;9091;"SK0225"
2021-02-13;"Okres Pezinok";10734;69;10803;"SK0107"
2021-02-13;"Okres Piešťany";10070;98;10168;"SK0214"
2021-02-13;"Okres Poltár";618;9;627;"SK0327"
2021-02-13;"Okres Poprad";11464;74;11538;"SK0416"
2021-02-13;"Okres Považská Bystrica";3660;19;3679;"SK0226"
2021-02-13;"Okres Prešov";6736;54;6790;"SK0417"
2021-02-13;"Okres Prievidza";3541;50;3591;"SK0227"
2021-02-13;"Okres Púchov";5220;42;5262;"SK0228"
2021-02-13;"Okres Revúca";6571;101;6672;"SK0328"
2021-02-13;"Okres Rimavská Sobota";3992;56;4048;"SK0329"
2021-02-13;"Okres Rožňava";16534;148;16682;"SK0428"
2021-02-13;"Okres Ružomberok";7351;48;7399;"SK0318"
2021-02-13;"Okres Sabinov";5820;31;5851;"SK0418"
2021-02-13;"Okres Senec";19856;87;19943;"SK0108"
2021-02-13;"Okres Senica";16764;115;16879;"SK0215"
2021-02-13;"Okres Skalica";2198;12;2210;"SK0216"
2021-02-13;"Okres Snina";5264;34;5298;"SK0419"
2021-02-13;"Okres Sobrance";4546;32;4578;"SK0429"
2021-02-13;"Okres Spišská Nová Ves";8956;91;9047;"SK042A"
2021-02-13;"Okres Stará Ľubovňa";6522;21;6543;"SK041A"
2021-02-13;"Okres Stropkov";630;5;635;"SK041B"
2021-02-13;"Okres Svidník";3443;10;3453;"SK041C"
2021-02-13;"Okres Šaľa";5871;50;5921;"SK0235"
2021-02-13;"Okres Topoľčany";12186;91;12277;"SK0236"
2021-02-13;"Okres Trebišov";15245;179;15424;"SK042B"
2021-02-13;"Okres Trenčín";9264;61;9325;"SK0229"
2021-02-13;"Okres Trnava";36797;226;37023;"SK0217"
2021-02-13;"Okres Turčianske Teplice";955;11;966;"SK0319"
2021-02-13;"Okres Tvrdošín";3179;3;3182;"SK031A"
2021-02-13;"Okres Veľký Krtíš";4360;26;4386;"SK032A"
2021-02-13;"Okres Vranov nad Topľou";8538;61;8599;"SK041D"
2021-02-13;"Okres Zlaté Moravce";7892;33;7925;"SK0237"
2021-02-13;"Okres Zvolen";12861;164;13025;"SK032B"
2021-02-13;"Okres Žarnovica";1454;18;1472;"SK032C"
2021-02-13;"Okres Žiar nad Hronom";4609;46;4655;"SK032D"
2021-02-13;"Okres Žilina";23998;116;24114;"SK031B"
2021-02-14;"Okres Bánovce nad Bebravou";5023;55;5078;"SK0221"
2021-02-14;"Okres Banská Bystrica";7863;84;7947;"SK0321"
2021-02-14;"Okres Banská Štiavnica";250;3;253;"SK0322"
2021-02-14;"Okres Bardejov";3642;38;3680;"SK0411"
2021-02-14;"Okres Bratislava I";1728;16;1744;"SK0101"
2021-02-14;"Okres Bratislava II";8686;61;8747;"SK0102"
2021-02-14;"Okres Bratislava III";5314;43;5357;"SK0103"
2021-02-14;"Okres Bratislava IV";6309;53;6362;"SK0104"
2021-02-14;"Okres Bratislava V";22379;143;22522;"SK0105"
2021-02-14;"Okres Brezno";4577;29;4606;"SK0323"
2021-02-14;"Okres Bytča";1004;7;1011;"SK0311"
2021-02-14;"Okres Čadca";4557;27;4584;"SK0312"
2021-02-14;"Okres Detva";1954;20;1974;"SK0324"
2021-02-14;"Okres Dolný Kubín";2349;21;2370;"SK0313"
2021-02-14;"Okres Dunajská Streda";15341;112;15453;"SK0211"
2021-02-14;"Okres Galanta";11472;147;11619;"SK0212"
2021-02-14;"Okres Gelnica";3137;22;3159;"SK0421"
2021-02-14;"Okres Hlohovec";4736;49;4785;"SK0213"
2021-02-14;"Okres Humenné";5130;44;5174;"SK0412"
2021-02-14;"Okres Ilava";5335;66;5401;"SK0222"
2021-02-14;"Okres Kežmarok";5660;42;5702;"SK0413"
2021-02-14;"Okres Komárno";7508;81;7589;"SK0231"
2021-02-14;"Okres Košice - okolie";7126;71;7197;"SK0426"
2021-02-14;"Okres Košice I";2295;27;2322;"SK0422"
2021-02-14;"Okres Košice II";28040;212;28252;"SK0423"
2021-02-14;"Okres Košice III";534;2;536;"SK0424"
2021-02-14;"Okres Košice IV";1719;21;1740;"SK0425"
2021-02-14;"Okres Krupina";2448;22;2470;"SK0325"
2021-02-14;"Okres Kysucké Nové Mesto";1822;9;1831;"SK0314"
2021-02-14;"Okres Levice";10742;64;10806;"SK0232"
2021-02-14;"Okres Levoča";2205;5;2210;"SK0414"
2021-02-14;"Okres Liptovský Mikuláš";1425;27;1452;"SK0315"
2021-02-14;"Okres Lučenec";2601;39;2640;"SK0326"
2021-02-14;"Okres Malacky";9314;74;9388;"SK0106"
2021-02-14;"Okres Martin";4078;67;4145;"SK0316"
2021-02-14;"Okres Medzilaborce";760;6;766;"SK0415"
2021-02-14;"Okres Michalovce";3919;38;3957;"SK0427"
2021-02-14;"Okres Myjava";2423;14;2437;"SK0223"
2021-02-14;"Okres Námestovo";827;3;830;"SK0317"
2021-02-14;"Okres Nitra";14929;56;14985;"SK0233"
2021-02-14;"Okres Nové Mesto nad Váhom";6674;52;6726;"SK0224"
2021-02-14;"Okres Nové Zámky";11571;76;11647;"SK0234"
2021-02-14;"Okres Partizánske";3594;38;3632;"SK0225"
2021-02-14;"Okres Pezinok";1905;5;1910;"SK0107"
2021-02-14;"Okres Piešťany";3048;32;3080;"SK0214"
2021-02-14;"Okres Poltár";675;7;682;"SK0327"
2021-02-14;"Okres Poprad";5299;44;5343;"SK0416"
2021-02-14;"Okres Považská Bystrica";2413;54;2467;"SK0226"
2021-02-14;"Okres Prešov";4384;38;4422;"SK0417"
2021-02-14;"Okres Prievidza";1439;20;1459;"SK0227"
2021-02-14;"Okres Púchov";1790;6;1796;"SK0228"
2021-02-14;"Okres Revúca";4624;105;4729;"SK0328"
2021-02-14;"Okres Rimavská Sobota";2755;58;2813;"SK0329"
2021-02-14;"Okres Rožňava";4976;63;5039;"SK0428"
2021-02-14;"Okres Ružomberok";983;11;994;"SK0318"
2021-02-14;"Okres Sabinov";2912;43;2955;"SK0418"
2021-02-14;"Okres Senec";15773;96;15869;"SK0108"
2021-02-14;"Okres Senica";13643;95;13738;"SK0215"
2021-02-14;"Okres Skalica";1753;13;1766;"SK0216"
2021-02-14;"Okres Snina";2996;34;3030;"SK0419"
2021-02-14;"Okres Sobrance";576;7;583;"SK0429"
2021-02-14;"Okres Spišská Nová Ves";3224;39;3263;"SK042A"
2021-02-14;"Okres Stará Ľubovňa";3277;22;3299;"SK041A"
2021-02-14;"Okres Stropkov";370;2;372;"SK041B"
2021-02-14;"Okres Svidník";633;0;633;"SK041C"
2021-02-14;"Okres Šaľa";2034;32;2066;"SK0235"
2021-02-14;"Okres Topoľčany";6935;38;6973;"SK0236"
2021-02-14;"Okres Trebišov";6912;103;7015;"SK042B"
2021-02-14;"Okres Trenčín";5586;56;5642;"SK0229"
2021-02-14;"Okres Trnava";15429;109;15538;"SK0217"
2021-02-14;"Okres Turčianske Teplice";669;5;674;"SK0319"
2021-02-14;"Okres Tvrdošín";1319;6;1325;"SK031A"
2021-02-14;"Okres Veľký Krtíš";2034;11;2045;"SK032A"
2021-02-14;"Okres Vranov nad Topľou";7451;40;7491;"SK041D"
2021-02-14;"Okres Zlaté Moravce";2031;7;2038;"SK0237"
2021-02-14;"Okres Zvolen";4477;51;4528;"SK032B"
2021-02-14;"Okres Žarnovica";348;12;360;"SK032C"
2021-02-14;"Okres Žiar nad Hronom";2763;26;2789;"SK032D"
2021-02-14;"Okres Žilina";10506;66;10572;"SK031B"
2021-02-15;"Okres Bánovce nad Bebravou";568;17;585;"SK0221"
2021-02-15;"Okres Banská Bystrica";7055;68;7123;"SK0321"
2021-02-15;"Okres Banská Štiavnica";839;19;858;"SK0322"
2021-02-15;"Okres Bardejov";4881;28;4909;"SK0411"
2021-02-15;"Okres Bratislava I";5993;35;6028;"SK0101"
2021-02-15;"Okres Bratislava II";6940;75;7015;"SK0102"
2021-02-15;"Okres Bratislava III";8474;60;8534;"SK0103"
2021-02-15;"Okres Bratislava IV";4280;36;4316;"SK0104"
2021-02-15;"Okres Bratislava V";10513;150;10663;"SK0105"
2021-02-15;"Okres Brezno";1844;47;1891;"SK0323"
2021-02-15;"Okres Bytča";679;26;705;"SK0311"
2021-02-15;"Okres Čadca";3471;40;3511;"SK0312"
2021-02-15;"Okres Detva";4154;54;4208;"SK0324"
2021-02-15;"Okres Dolný Kubín";2033;27;2060;"SK0313"
2021-02-15;"Okres Dunajská Streda";4345;149;4494;"SK0211"
2021-02-15;"Okres Galanta";5083;56;5139;"SK0212"
2021-02-15;"Okres Gelnica";514;24;538;"SK0421"
2021-02-15;"Okres Hlohovec";748;19;767;"SK0213"
2021-02-15;"Okres Humenné";3025;50;3075;"SK0412"
2021-02-15;"Okres Ilava";3574;91;3665;"SK0222"
2021-02-15;"Okres Kežmarok";3566;22;3588;"SK0413"
2021-02-15;"Okres Komárno";3483;87;3570;"SK0231"
2021-02-15;"Okres Košice - okolie";3317;42;3359;"SK0426"
2021-02-15;"Okres Košice I";2477;26;2503;"SK0422"
2021-02-15;"Okres Košice II";4841;80;4921;"SK0423"
2021-02-15;"Okres Košice III";608;18;626;"SK0424"
2021-02-15;"Okres Košice IV";4119;55;4174;"SK0425"
2021-02-15;"Okres Krupina";3141;41;3182;"SK0325"
2021-02-15;"Okres Kysucké Nové Mesto";1242;16;1258;"SK0314"
2021-02-15;"Okres Levice";4188;53;4241;"SK0232"
2021-02-15;"Okres Levoča";987;3;990;"SK0414"
2021-02-15;"Okres Liptovský Mikuláš";4006;47;4053;"SK0315"
2021-02-15;"Okres Lučenec";2707;48;2755;"SK0326"
2021-02-15;"Okres Malacky";2038;38;2076;"SK0106"
2021-02-15;"Okres Martin";5085;56;5141;"SK0316"
2021-02-15;"Okres Medzilaborce";358;2;360;"SK0415"
2021-02-15;"Okres Michalovce";4004;35;4039;"SK0427"
2021-02-15;"Okres Myjava";539;0;539;"SK0223"
2021-02-15;"Okres Námestovo";1650;13;1663;"SK0317"
2021-02-15;"Okres Nitra";7359;175;7534;"SK0233"
2021-02-15;"Okres Nové Mesto nad Váhom";1512;38;1550;"SK0224"
2021-02-15;"Okres Nové Zámky";4290;59;4349;"SK0234"
2021-02-15;"Okres Partizánske";2131;101;2232;"SK0225"
2021-02-15;"Okres Pezinok";1579;30;1609;"SK0107"
2021-02-15;"Okres Piešťany";1931;33;1964;"SK0214"
2021-02-15;"Okres Poltár";175;5;180;"SK0327"
2021-02-15;"Okres Poprad";5051;56;5107;"SK0416"
2021-02-15;"Okres Považská Bystrica";3122;75;3197;"SK0226"
2021-02-15;"Okres Prešov";7080;69;7149;"SK0417"
2021-02-15;"Okres Prievidza";5449;143;5592;"SK0227"
2021-02-15;"Okres Púchov";2974;37;3011;"SK0228"
2021-02-15;"Okres Revúca";2146;80;2226;"SK0328"
2021-02-15;"Okres Rimavská Sobota";3108;61;3169;"SK0329"
2021-02-15;"Okres Rožňava";4041;62;4103;"SK0428"
2021-02-15;"Okres Ružomberok";4478;43;4521;"SK0318"
2021-02-15;"Okres Sabinov";1719;20;1739;"SK0418"
2021-02-15;"Okres Senec";4957;56;5013;"SK0108"
2021-02-15;"Okres Senica";1283;18;1301;"SK0215"
2021-02-15;"Okres Skalica";2973;22;2995;"SK0216"
2021-02-15;"Okres Snina";1822;20;1842;"SK0419"
2021-02-15;"Okres Sobrance";1916;15;1931;"SK0429"
2021-02-15;"Okres Spišská Nová Ves";3743;68;3811;"SK042A"
2021-02-15;"Okres Stará Ľubovňa";933;7;940;"SK041A"
2021-02-15;"Okres Stropkov";5261;36;5297;"SK041B"
2021-02-15;"Okres Svidník";3811;10;3821;"SK041C"
2021-02-15;"Okres Šaľa";5110;49;5159;"SK0235"
2021-02-15;"Okres Topoľčany";2600;42;2642;"SK0236"
2021-02-15;"Okres Trebišov";3305;79;3384;"SK042B"
2021-02-15;"Okres Trenčín";5687;92;5779;"SK0229"
2021-02-15;"Okres Trnava";3406;39;3445;"SK0217"
2021-02-15;"Okres Turčianske Teplice";750;5;755;"SK0319"
2021-02-15;"Okres Tvrdošín";1367;12;1379;"SK031A"
2021-02-15;"Okres Veľký Krtíš";3706;35;3741;"SK032A"
2021-02-15;"Okres Vranov nad Topľou";2838;49;2887;"SK041D"
2021-02-15;"Okres Zlaté Moravce";1426;13;1439;"SK0237"
2021-02-15;"Okres Zvolen";4417;72;4489;"SK032B"
2021-02-15;"Okres Žarnovica";1629;37;1666;"SK032C"
2021-02-15;"Okres Žiar nad Hronom";9226;130;9356;"SK032D"
2021-02-15;"Okres Žilina";7397;42;7439;"SK031B"
2021-02-16;"Okres Bánovce nad Bebravou";1155;39;1194;"SK0221"
2021-02-16;"Okres Banská Bystrica";8082;103;8185;"SK0321"
2021-02-16;"Okres Banská Štiavnica";668;13;681;"SK0322"
2021-02-16;"Okres Bardejov";3295;37;3332;"SK0411"
2021-02-16;"Okres Bratislava I";4051;24;4075;"SK0101"
2021-02-16;"Okres Bratislava II";6963;73;7036;"SK0102"
2021-02-16;"Okres Bratislava III";6107;54;6161;"SK0103"
2021-02-16;"Okres Bratislava IV";2420;21;2441;"SK0104"
2021-02-16;"Okres Bratislava V";5733;69;5802;"SK0105"
2021-02-16;"Okres Brezno";1037;21;1058;"SK0323"
2021-02-16;"Okres Bytča";547;22;569;"SK0311"
2021-02-16;"Okres Čadca";2410;36;2446;"SK0312"
2021-02-16;"Okres Detva";1130;38;1168;"SK0324"
2021-02-16;"Okres Dolný Kubín";1243;36;1279;"SK0313"
2021-02-16;"Okres Dunajská Streda";3057;95;3152;"SK0211"
2021-02-16;"Okres Galanta";1876;57;1933;"SK0212"
2021-02-16;"Okres Gelnica";514;22;536;"SK0421"
2021-02-16;"Okres Hlohovec";926;33;959;"SK0213"
2021-02-16;"Okres Humenné";1838;33;1871;"SK0412"
2021-02-16;"Okres Ilava";1838;59;1897;"SK0222"
2021-02-16;"Okres Kežmarok";2620;25;2645;"SK0413"
2021-02-16;"Okres Komárno";2614;78;2692;"SK0231"
2021-02-16;"Okres Košice - okolie";636;10;646;"SK0426"
2021-02-16;"Okres Košice I";1986;59;2045;"SK0422"
2021-02-16;"Okres Košice II";3913;77;3990;"SK0423"
2021-02-16;"Okres Košice III";632;16;648;"SK0424"
2021-02-16;"Okres Košice IV";7488;182;7670;"SK0425"
2021-02-16;"Okres Krupina";789;13;802;"SK0325"
2021-02-16;"Okres Kysucké Nové Mesto";805;16;821;"SK0314"
2021-02-16;"Okres Levice";3420;59;3479;"SK0232"
2021-02-16;"Okres Levoča";1047;8;1055;"SK0414"
2021-02-16;"Okres Liptovský Mikuláš";2047;38;2085;"SK0315"
2021-02-16;"Okres Lučenec";1905;31;1936;"SK0326"
2021-02-16;"Okres Malacky";2547;57;2604;"SK0106"
2021-02-16;"Okres Martin";8317;82;8399;"SK0316"
2021-02-16;"Okres Medzilaborce";248;1;249;"SK0415"
2021-02-16;"Okres Michalovce";5631;62;5693;"SK0427"
2021-02-16;"Okres Myjava";262;4;266;"SK0223"
2021-02-16;"Okres Námestovo";858;10;868;"SK0317"
2021-02-16;"Okres Nitra";2858;38;2896;"SK0233"
2021-02-16;"Okres Nové Mesto nad Váhom";1086;36;1122;"SK0224"
2021-02-16;"Okres Nové Zámky";4293;81;4374;"SK0234"
2021-02-16;"Okres Partizánske";1257;38;1295;"SK0225"
2021-02-16;"Okres Pezinok";1552;38;1590;"SK0107"
2021-02-16;"Okres Piešťany";2182;54;2236;"SK0214"
2021-02-16;"Okres Poltár";386;2;388;"SK0327"
2021-02-16;"Okres Poprad";4093;39;4132;"SK0416"
2021-02-16;"Okres Považská Bystrica";3016;43;3059;"SK0226"
2021-02-16;"Okres Prešov";5591;89;5680;"SK0417"
2021-02-16;"Okres Prievidza";3195;129;3324;"SK0227"
2021-02-16;"Okres Púchov";1131;13;1144;"SK0228"
2021-02-16;"Okres Revúca";1665;70;1735;"SK0328"
2021-02-16;"Okres Rimavská Sobota";3019;47;3066;"SK0329"
2021-02-16;"Okres Rožňava";3269;98;3367;"SK0428"
2021-02-16;"Okres Ružomberok";6400;58;6458;"SK0318"
2021-02-16;"Okres Sabinov";1034;19;1053;"SK0418"
2021-02-16;"Okres Senec";3548;65;3613;"SK0108"
2021-02-16;"Okres Senica";930;15;945;"SK0215"
2021-02-16;"Okres Skalica";1005;14;1019;"SK0216"
2021-02-16;"Okres Snina";1232;23;1255;"SK0419"
2021-02-16;"Okres Sobrance";1059;19;1078;"SK0429"
2021-02-16;"Okres Spišská Nová Ves";2920;44;2964;"SK042A"
2021-02-16;"Okres Stará Ľubovňa";785;7;792;"SK041A"
2021-02-16;"Okres Stropkov";433;5;438;"SK041B"
2021-02-16;"Okres Svidník";764;9;773;"SK041C"
2021-02-16;"Okres Šaľa";986;19;1005;"SK0235"
2021-02-16;"Okres Topoľčany";1602;30;1632;"SK0236"
2021-02-16;"Okres Trebišov";1414;53;1467;"SK042B"
2021-02-16;"Okres Trenčín";6710;110;6820;"SK0229"
2021-02-16;"Okres Trnava";2497;56;2553;"SK0217"
2021-02-16;"Okres Turčianske Teplice";417;13;430;"SK0319"
2021-02-16;"Okres Tvrdošín";1249;9;1258;"SK031A"
2021-02-16;"Okres Veľký Krtíš";1289;12;1301;"SK032A"
2021-02-16;"Okres Vranov nad Topľou";1461;35;1496;"SK041D"
2021-02-16;"Okres Zlaté Moravce";423;6;429;"SK0237"
2021-02-16;"Okres Zvolen";3014;54;3068;"SK032B"
2021-02-16;"Okres Žarnovica";1048;15;1063;"SK032C"
2021-02-16;"Okres Žiar nad Hronom";1218;31;1249;"SK032D"
2021-02-16;"Okres Žilina";3980;45;4025;"SK031B"
2021-02-17;"Okres Bánovce nad Bebravou";463;25;488;"SK0221"
2021-02-17;"Okres Banská Bystrica";5261;77;5338;"SK0321"
2021-02-17;"Okres Banská Štiavnica";540;11;551;"SK0322"
2021-02-17;"Okres Bardejov";3371;38;3409;"SK0411"
2021-02-17;"Okres Bratislava I";3323;23;3346;"SK0101"
2021-02-17;"Okres Bratislava II";5645;60;5705;"SK0102"
2021-02-17;"Okres Bratislava III";4628;56;4684;"SK0103"
2021-02-17;"Okres Bratislava IV";2545;47;2592;"SK0104"
2021-02-17;"Okres Bratislava V";6192;82;6274;"SK0105"
2021-02-17;"Okres Brezno";702;17;719;"SK0323"
2021-02-17;"Okres Bytča";323;11;334;"SK0311"
2021-02-17;"Okres Čadca";2326;61;2387;"SK0312"
2021-02-17;"Okres Detva";720;20;740;"SK0324"
2021-02-17;"Okres Dolný Kubín";1104;32;1136;"SK0313"
2021-02-17;"Okres Dunajská Streda";2565;116;2681;"SK0211"
2021-02-17;"Okres Galanta";1330;58;1388;"SK0212"
2021-02-17;"Okres Gelnica";742;26;768;"SK0421"
2021-02-17;"Okres Hlohovec";837;137;974;"SK0213"
2021-02-17;"Okres Humenné";1229;40;1269;"SK0412"
2021-02-17;"Okres Ilava";1816;70;1886;"SK0222"
2021-02-17;"Okres Kežmarok";2027;19;2046;"SK0413"
2021-02-17;"Okres Komárno";2150;82;2232;"SK0231"
2021-02-17;"Okres Košice - okolie";654;12;666;"SK0426"
2021-02-17;"Okres Košice I";1698;51;1749;"SK0422"
2021-02-17;"Okres Košice II";4516;102;4618;"SK0423"
2021-02-17;"Okres Košice III";461;15;476;"SK0424"
2021-02-17;"Okres Košice IV";3160;93;3253;"SK0425"
2021-02-17;"Okres Krupina";325;9;334;"SK0325"
2021-02-17;"Okres Kysucké Nové Mesto";696;17;713;"SK0314"
2021-02-17;"Okres Levice";2848;105;2953;"SK0232"
2021-02-17;"Okres Levoča";710;0;710;"SK0414"
2021-02-17;"Okres Liptovský Mikuláš";1796;42;1838;"SK0315"
2021-02-17;"Okres Lučenec";1984;45;2029;"SK0326"
2021-02-17;"Okres Malacky";1697;32;1729;"SK0106"
2021-02-17;"Okres Martin";4695;90;4785;"SK0316"
2021-02-17;"Okres Medzilaborce";230;4;234;"SK0415"
2021-02-17;"Okres Michalovce";4080;57;4137;"SK0427"
2021-02-17;"Okres Myjava";235;5;240;"SK0223"
2021-02-17;"Okres Námestovo";679;11;690;"SK0317"
2021-02-17;"Okres Nitra";3011;32;3043;"SK0233"
2021-02-17;"Okres Nové Mesto nad Váhom";575;39;614;"SK0224"
2021-02-17;"Okres Nové Zámky";2559;64;2623;"SK0234"
2021-02-17;"Okres Partizánske";938;73;1011;"SK0225"
2021-02-17;"Okres Pezinok";1404;25;1429;"SK0107"
2021-02-17;"Okres Piešťany";1279;30;1309;"SK0214"
2021-02-17;"Okres Poltár";180;7;187;"SK0327"
2021-02-17;"Okres Poprad";4561;42;4603;"SK0416"
2021-02-17;"Okres Považská Bystrica";1752;41;1793;"SK0226"
2021-02-17;"Okres Prešov";4816;74;4890;"SK0417"
2021-02-17;"Okres Prievidza";2614;114;2728;"SK0227"
2021-02-17;"Okres Púchov";905;11;916;"SK0228"
2021-02-17;"Okres Revúca";1662;48;1710;"SK0328"
2021-02-17;"Okres Rimavská Sobota";3207;64;3271;"SK0329"
2021-02-17;"Okres Rožňava";1714;39;1753;"SK0428"
2021-02-17;"Okres Ružomberok";2056;34;2090;"SK0318"
2021-02-17;"Okres Sabinov";1032;16;1048;"SK0418"
2021-02-17;"Okres Senec";2580;44;2624;"SK0108"
2021-02-17;"Okres Senica";848;28;876;"SK0215"
2021-02-17;"Okres Skalica";1133;17;1150;"SK0216"
2021-02-17;"Okres Snina";942;9;951;"SK0419"
2021-02-17;"Okres Sobrance";1075;25;1100;"SK0429"
2021-02-17;"Okres Spišská Nová Ves";2708;47;2755;"SK042A"
2021-02-17;"Okres Stará Ľubovňa";661;14;675;"SK041A"
2021-02-17;"Okres Stropkov";361;4;365;"SK041B"
2021-02-17;"Okres Svidník";459;6;465;"SK041C"
2021-02-17;"Okres Šaľa";684;24;708;"SK0235"
2021-02-17;"Okres Topoľčany";1184;35;1219;"SK0236"
2021-02-17;"Okres Trebišov";1194;47;1241;"SK042B"
2021-02-17;"Okres Trenčín";3850;81;3931;"SK0229"
2021-02-17;"Okres Trnava";1496;55;1551;"SK0217"
2021-02-17;"Okres Turčianske Teplice";413;9;422;"SK0319"
2021-02-17;"Okres Tvrdošín";1123;6;1129;"SK031A"
2021-02-17;"Okres Veľký Krtíš";1223;33;1256;"SK032A"
2021-02-17;"Okres Vranov nad Topľou";1482;31;1513;"SK041D"
2021-02-17;"Okres Zlaté Moravce";531;10;541;"SK0237"
2021-02-17;"Okres Zvolen";1553;49;1602;"SK032B"
2021-02-17;"Okres Žarnovica";1027;29;1056;"SK032C"
2021-02-17;"Okres Žiar nad Hronom";1376;46;1422;"SK032D"
2021-02-17;"Okres Žilina";3637;60;3697;"SK031B"
2021-02-18;"Okres Bánovce nad Bebravou";865;33;898;"SK0221"
2021-02-18;"Okres Banská Bystrica";5936;46;5982;"SK0321"
2021-02-18;"Okres Banská Štiavnica";490;14;504;"SK0322"
2021-02-18;"Okres Bardejov";2819;61;2880;"SK0411"
2021-02-18;"Okres Bratislava I";3653;30;3683;"SK0101"
2021-02-18;"Okres Bratislava II";5825;75;5900;"SK0102"
2021-02-18;"Okres Bratislava III";6110;82;6192;"SK0103"
2021-02-18;"Okres Bratislava IV";3278;48;3326;"SK0104"
2021-02-18;"Okres Bratislava V";5848;89;5937;"SK0105"
2021-02-18;"Okres Brezno";949;75;1024;"SK0323"
2021-02-18;"Okres Bytča";428;11;439;"SK0311"
2021-02-18;"Okres Čadca";2288;47;2335;"SK0312"
2021-02-18;"Okres Detva";1139;22;1161;"SK0324"
2021-02-18;"Okres Dolný Kubín";1247;27;1274;"SK0313"
2021-02-18;"Okres Dunajská Streda";3051;123;3174;"SK0211"
2021-02-18;"Okres Galanta";2582;80;2662;"SK0212"
2021-02-18;"Okres Gelnica";482;18;500;"SK0421"
2021-02-18;"Okres Hlohovec";815;44;859;"SK0213"
2021-02-18;"Okres Humenné";1101;37;1138;"SK0412"
2021-02-18;"Okres Ilava";2005;87;2092;"SK0222"
2021-02-18;"Okres Kežmarok";1548;24;1572;"SK0413"
2021-02-18;"Okres Komárno";1848;99;1947;"SK0231"
2021-02-18;"Okres Košice - okolie";525;23;548;"SK0426"
2021-02-18;"Okres Košice I";1951;35;1986;"SK0422"
2021-02-18;"Okres Košice II";4191;50;4241;"SK0423"
2021-02-18;"Okres Košice III";735;15;750;"SK0424"
2021-02-18;"Okres Košice IV";3980;52;4032;"SK0425"
2021-02-18;"Okres Krupina";534;14;548;"SK0325"
2021-02-18;"Okres Kysucké Nové Mesto";763;14;777;"SK0314"
2021-02-18;"Okres Levice";3434;52;3486;"SK0232"
2021-02-18;"Okres Levoča";652;12;664;"SK0414"
2021-02-18;"Okres Liptovský Mikuláš";3930;73;4003;"SK0315"
2021-02-18;"Okres Lučenec";2012;28;2040;"SK0326"
2021-02-18;"Okres Malacky";1231;20;1251;"SK0106"
2021-02-18;"Okres Martin";5172;101;5273;"SK0316"
2021-02-18;"Okres Medzilaborce";166;9;175;"SK0415"
2021-02-18;"Okres Michalovce";4071;57;4128;"SK0427"
2021-02-18;"Okres Myjava";540;12;552;"SK0223"
2021-02-18;"Okres Námestovo";869;13;882;"SK0317"
2021-02-18;"Okres Nitra";7529;26;7555;"SK0233"
2021-02-18;"Okres Nové Mesto nad Váhom";1751;45;1796;"SK0224"
2021-02-18;"Okres Nové Zámky";2565;59;2624;"SK0234"
2021-02-18;"Okres Partizánske";1371;62;1433;"SK0225"
2021-02-18;"Okres Pezinok";1553;46;1599;"SK0107"
2021-02-18;"Okres Piešťany";1663;50;1713;"SK0214"
2021-02-18;"Okres Poltár";148;3;151;"SK0327"
2021-02-18;"Okres Poprad";3398;52;3450;"SK0416"
2021-02-18;"Okres Považská Bystrica";2527;49;2576;"SK0226"
2021-02-18;"Okres Prešov";5105;63;5168;"SK0417"
2021-02-18;"Okres Prievidza";2730;120;2850;"SK0227"
2021-02-18;"Okres Púchov";1223;21;1244;"SK0228"
2021-02-18;"Okres Revúca";1566;63;1629;"SK0328"
2021-02-18;"Okres Rimavská Sobota";2453;41;2494;"SK0329"
2021-02-18;"Okres Rožňava";1819;44;1863;"SK0428"
2021-02-18;"Okres Ružomberok";1594;23;1617;"SK0318"
2021-02-18;"Okres Sabinov";1059;27;1086;"SK0418"
2021-02-18;"Okres Senec";2953;38;2991;"SK0108"
2021-02-18;"Okres Senica";935;25;960;"SK0215"
2021-02-18;"Okres Skalica";2165;31;2196;"SK0216"
2021-02-18;"Okres Snina";795;22;817;"SK0419"
2021-02-18;"Okres Sobrance";823;22;845;"SK0429"
2021-02-18;"Okres Spišská Nová Ves";2934;35;2969;"SK042A"
2021-02-18;"Okres Stará Ľubovňa";952;19;971;"SK041A"
2021-02-18;"Okres Stropkov";371;9;380;"SK041B"
2021-02-18;"Okres Svidník";539;3;542;"SK041C"
2021-02-18;"Okres Šaľa";1086;35;1121;"SK0235"
2021-02-18;"Okres Topoľčany";1548;28;1576;"SK0236"
2021-02-18;"Okres Trebišov";1384;52;1436;"SK042B"
2021-02-18;"Okres Trenčín";3797;70;3867;"SK0229"
2021-02-18;"Okres Trnava";1485;38;1523;"SK0217"
2021-02-18;"Okres Turčianske Teplice";714;9;723;"SK0319"
2021-02-18;"Okres Tvrdošín";1969;4;1973;"SK031A"
2021-02-18;"Okres Veľký Krtíš";1552;32;1584;"SK032A"
2021-02-18;"Okres Vranov nad Topľou";1829;32;1861;"SK041D"
2021-02-18;"Okres Zlaté Moravce";771;7;778;"SK0237"
2021-02-18;"Okres Zvolen";2469;48;2517;"SK032B"
2021-02-18;"Okres Žarnovica";716;14;730;"SK032C"
2021-02-18;"Okres Žiar nad Hronom";1126;35;1161;"SK032D"
2021-02-18;"Okres Žilina";7112;64;7176;"SK031B"
2021-02-19;"Okres Bánovce nad Bebravou";2005;33;2038;"SK0221"
2021-02-19;"Okres Banská Bystrica";12291;106;12397;"SK0321"
2021-02-19;"Okres Banská Štiavnica";1022;19;1041;"SK0322"
2021-02-19;"Okres Bardejov";5711;64;5775;"SK0411"
2021-02-19;"Okres Bratislava I";6013;46;6059;"SK0101"
2021-02-19;"Okres Bratislava II";12446;86;12532;"SK0102"
2021-02-19;"Okres Bratislava III";9022;87;9109;"SK0103"
2021-02-19;"Okres Bratislava IV";6036;59;6095;"SK0104"
2021-02-19;"Okres Bratislava V";9806;69;9875;"SK0105"
2021-02-19;"Okres Brezno";2543;44;2587;"SK0323"
2021-02-19;"Okres Bytča";2122;10;2132;"SK0311"
2021-02-19;"Okres Čadca";4663;76;4739;"SK0312"
2021-02-19;"Okres Detva";1733;30;1763;"SK0324"
2021-02-19;"Okres Dolný Kubín";3619;37;3656;"SK0313"
2021-02-19;"Okres Dunajská Streda";6506;128;6634;"SK0211"
2021-02-19;"Okres Galanta";4806;68;4874;"SK0212"
2021-02-19;"Okres Gelnica";1039;17;1056;"SK0421"
2021-02-19;"Okres Hlohovec";946;10;956;"SK0213"
2021-02-19;"Okres Humenné";3528;60;3588;"SK0412"
2021-02-19;"Okres Ilava";6286;108;6394;"SK0222"
2021-02-19;"Okres Kežmarok";3832;24;3856;"SK0413"
2021-02-19;"Okres Komárno";4519;86;4605;"SK0231"
2021-02-19;"Okres Košice - okolie";1892;31;1923;"SK0426"
2021-02-19;"Okres Košice I";5086;20;5106;"SK0422"
2021-02-19;"Okres Košice II";11581;99;11680;"SK0423"
2021-02-19;"Okres Košice III";1314;9;1323;"SK0424"
2021-02-19;"Okres Košice IV";7963;415;8378;"SK0425"
2021-02-19;"Okres Krupina";2235;18;2253;"SK0325"
2021-02-19;"Okres Kysucké Nové Mesto";1421;15;1436;"SK0314"
2021-02-19;"Okres Levice";4944;90;5034;"SK0232"
2021-02-19;"Okres Levoča";1955;22;1977;"SK0414"
2021-02-19;"Okres Liptovský Mikuláš";5233;73;5306;"SK0315"
2021-02-19;"Okres Lučenec";4541;38;4579;"SK0326"
2021-02-19;"Okres Malacky";2565;65;2630;"SK0106"
2021-02-19;"Okres Martin";6952;82;7034;"SK0316"
2021-02-19;"Okres Medzilaborce";338;4;342;"SK0415"
2021-02-19;"Okres Michalovce";5462;49;5511;"SK0427"
2021-02-19;"Okres Myjava";1567;15;1582;"SK0223"
2021-02-19;"Okres Námestovo";4948;28;4976;"SK0317"
2021-02-19;"Okres Nitra";16102;46;16148;"SK0233"
2021-02-19;"Okres Nové Mesto nad Váhom";2579;59;2638;"SK0224"
2021-02-19;"Okres Nové Zámky";7270;75;7345;"SK0234"
2021-02-19;"Okres Partizánske";4127;79;4206;"SK0225"
2021-02-19;"Okres Pezinok";2326;39;2365;"SK0107"
2021-02-19;"Okres Piešťany";2492;29;2521;"SK0214"
2021-02-19;"Okres Poltár";256;2;258;"SK0327"
2021-02-19;"Okres Poprad";7552;60;7612;"SK0416"
2021-02-19;"Okres Považská Bystrica";5643;72;5715;"SK0226"
2021-02-19;"Okres Prešov";11869;112;11981;"SK0417"
2021-02-19;"Okres Prievidza";5572;125;5697;"SK0227"
2021-02-19;"Okres Púchov";1798;30;1828;"SK0228"
2021-02-19;"Okres Revúca";3477;67;3544;"SK0328"
2021-02-19;"Okres Rimavská Sobota";4987;73;5060;"SK0329"
2021-02-19;"Okres Rožňava";3713;60;3773;"SK0428"
2021-02-19;"Okres Ružomberok";3564;33;3597;"SK0318"
2021-02-19;"Okres Sabinov";2503;38;2541;"SK0418"
2021-02-19;"Okres Senec";7094;56;7150;"SK0108"
2021-02-19;"Okres Senica";3140;38;3178;"SK0215"
2021-02-19;"Okres Skalica";3658;33;3691;"SK0216"
2021-02-19;"Okres Snina";1678;24;1702;"SK0419"
2021-02-19;"Okres Sobrance";2601;31;2632;"SK0429"
2021-02-19;"Okres Spišská Nová Ves";5780;48;5828;"SK042A"
2021-02-19;"Okres Stará Ľubovňa";1667;18;1685;"SK041A"
2021-02-19;"Okres Stropkov";677;4;681;"SK041B"
2021-02-19;"Okres Svidník";1614;14;1628;"SK041C"
2021-02-19;"Okres Šaľa";3860;34;3894;"SK0235"
2021-02-19;"Okres Topoľčany";2078;32;2110;"SK0236"
2021-02-19;"Okres Trebišov";2871;57;2928;"SK042B"
2021-02-19;"Okres Trenčín";6333;92;6425;"SK0229"
2021-02-19;"Okres Trnava";7735;79;7814;"SK0217"
2021-02-19;"Okres Turčianske Teplice";914;10;924;"SK0319"
2021-02-19;"Okres Tvrdošín";3903;9;3912;"SK031A"
2021-02-19;"Okres Veľký Krtíš";3500;37;3537;"SK032A"
2021-02-19;"Okres Vranov nad Topľou";4505;82;4587;"SK041D"
2021-02-19;"Okres Zlaté Moravce";2161;12;2173;"SK0237"
2021-02-19;"Okres Zvolen";5620;86;5706;"SK032B"
2021-02-19;"Okres Žarnovica";1315;41;1356;"SK032C"
2021-02-19;"Okres Žiar nad Hronom";1919;31;1950;"SK032D"
2021-02-19;"Okres Žilina";9553;64;9617;"SK031B"
2021-02-20;"Okres Bánovce nad Bebravou";9830;54;9884;"SK0221"
2021-02-20;"Okres Banská Bystrica";11247;68;11315;"SK0321"
2021-02-20;"Okres Banská Štiavnica";1043;15;1058;"SK0322"
2021-02-20;"Okres Bardejov";5009;59;5068;"SK0411"
2021-02-20;"Okres Bratislava I";3637;20;3657;"SK0101"
2021-02-20;"Okres Bratislava II";11704;70;11774;"SK0102"
2021-02-20;"Okres Bratislava III";8062;65;8127;"SK0103"
2021-02-20;"Okres Bratislava IV";8551;61;8612;"SK0104"
2021-02-20;"Okres Bratislava V";18506;117;18623;"SK0105"
2021-02-20;"Okres Brezno";9459;87;9546;"SK0323"
2021-02-20;"Okres Bytča";4636;26;4662;"SK0311"
2021-02-20;"Okres Čadca";10516;99;10615;"SK0312"
2021-02-20;"Okres Detva";9504;64;9568;"SK0324"
2021-02-20;"Okres Dolný Kubín";4343;38;4381;"SK0313"
2021-02-20;"Okres Dunajská Streda";48646;293;48939;"SK0211"
2021-02-20;"Okres Galanta";17525;126;17651;"SK0212"
2021-02-20;"Okres Gelnica";2269;27;2296;"SK0421"
2021-02-20;"Okres Hlohovec";10707;76;10783;"SK0213"
2021-02-20;"Okres Humenné";11674;85;11759;"SK0412"
2021-02-20;"Okres Ilava";7613;109;7722;"SK0222"
2021-02-20;"Okres Kežmarok";10085;59;10144;"SK0413"
2021-02-20;"Okres Komárno";17088;193;17281;"SK0231"
2021-02-20;"Okres Košice - okolie";27304;164;27468;"SK0426"
2021-02-20;"Okres Košice I";5053;34;5087;"SK0422"
2021-02-20;"Okres Košice II";12383;101;12484;"SK0423"
2021-02-20;"Okres Košice III";1455;8;1463;"SK0424"
2021-02-20;"Okres Košice IV";4471;44;4515;"SK0425"
2021-02-20;"Okres Krupina";3720;19;3739;"SK0325"
2021-02-20;"Okres Kysucké Nové Mesto";3880;23;3903;"SK0314"
2021-02-20;"Okres Levice";23276;85;23361;"SK0232"
2021-02-20;"Okres Levoča";3642;11;3653;"SK0414"
2021-02-20;"Okres Liptovský Mikuláš";10866;110;10976;"SK0315"
2021-02-20;"Okres Lučenec";4851;37;4888;"SK0326"
2021-02-20;"Okres Malacky";11138;129;11267;"SK0106"
2021-02-20;"Okres Martin";10762;128;10890;"SK0316"
2021-02-20;"Okres Medzilaborce";1344;3;1347;"SK0415"
2021-02-20;"Okres Michalovce";10002;79;10081;"SK0427"
2021-02-20;"Okres Myjava";2816;29;2845;"SK0223"
2021-02-20;"Okres Námestovo";9890;35;9925;"SK0317"
2021-02-20;"Okres Nitra";16335;43;16378;"SK0233"
2021-02-20;"Okres Nové Mesto nad Váhom";19925;191;20116;"SK0224"
2021-02-20;"Okres Nové Zámky";31044;179;31223;"SK0234"
2021-02-20;"Okres Partizánske";10479;92;10571;"SK0225"
2021-02-20;"Okres Pezinok";10544;76;10620;"SK0107"
2021-02-20;"Okres Piešťany";10111;82;10193;"SK0214"
2021-02-20;"Okres Poltár";4076;21;4097;"SK0327"
2021-02-20;"Okres Poprad";10866;98;10964;"SK0416"
2021-02-20;"Okres Považská Bystrica";12102;105;12207;"SK0226"
2021-02-20;"Okres Prešov";7027;42;7069;"SK0417"
2021-02-20;"Okres Prievidza";5282;68;5350;"SK0227"
2021-02-20;"Okres Púchov";8252;75;8327;"SK0228"
2021-02-20;"Okres Revúca";5997;122;6119;"SK0328"
2021-02-20;"Okres Rimavská Sobota";3312;34;3346;"SK0329"
2021-02-20;"Okres Rožňava";9087;97;9184;"SK0428"
2021-02-20;"Okres Ružomberok";8521;85;8606;"SK0318"
2021-02-20;"Okres Sabinov";5125;30;5155;"SK0418"
2021-02-20;"Okres Senec";16918;102;17020;"SK0108"
2021-02-20;"Okres Senica";18078;118;18196;"SK0215"
2021-02-20;"Okres Skalica";4182;18;4200;"SK0216"
2021-02-20;"Okres Snina";4715;36;4751;"SK0419"
2021-02-20;"Okres Sobrance";6642;56;6698;"SK0429"
2021-02-20;"Okres Spišská Nová Ves";8021;55;8076;"SK042A"
2021-02-20;"Okres Stará Ľubovňa";3635;22;3657;"SK041A"
2021-02-20;"Okres Stropkov";493;2;495;"SK041B"
2021-02-20;"Okres Svidník";2357;9;2366;"SK041C"
2021-02-20;"Okres Šaľa";6681;34;6715;"SK0235"
2021-02-20;"Okres Topoľčany";14581;73;14654;"SK0236"
2021-02-20;"Okres Trebišov";17397;210;17607;"SK042B"
2021-02-20;"Okres Trenčín";15020;152;15172;"SK0229"
2021-02-20;"Okres Trnava";36194;186;36380;"SK0217"
2021-02-20;"Okres Turčianske Teplice";1669;20;1689;"SK0319"
2021-02-20;"Okres Tvrdošín";4258;10;4268;"SK031A"
2021-02-20;"Okres Veľký Krtíš";5942;57;5999;"SK032A"
2021-02-20;"Okres Vranov nad Topľou";9458;95;9553;"SK041D"
2021-02-20;"Okres Zlaté Moravce";8186;24;8210;"SK0237"
2021-02-20;"Okres Zvolen";15468;102;15570;"SK032B"
2021-02-20;"Okres Žarnovica";2302;24;2326;"SK032C"
2021-02-20;"Okres Žiar nad Hronom";5804;50;5854;"SK032D"
2021-02-20;"Okres Žilina";22338;117;22455;"SK031B"
2021-02-21;"Okres Bánovce nad Bebravou";3616;62;3678;"SK0221"
2021-02-21;"Okres Banská Bystrica";8979;58;9037;"SK0321"
2021-02-21;"Okres Banská Štiavnica";313;3;316;"SK0322"
2021-02-21;"Okres Bardejov";1916;26;1942;"SK0411"
2021-02-21;"Okres Bratislava I";2328;18;2346;"SK0101"
2021-02-21;"Okres Bratislava II";12518;108;12626;"SK0102"
2021-02-21;"Okres Bratislava III";5185;67;5252;"SK0103"
2021-02-21;"Okres Bratislava IV";7790;52;7842;"SK0104"
2021-02-21;"Okres Bratislava V";16737;93;16830;"SK0105"
2021-02-21;"Okres Brezno";4737;55;4792;"SK0323"
2021-02-21;"Okres Bytča";2193;20;2213;"SK0311"
2021-02-21;"Okres Čadca";4328;52;4380;"SK0312"
2021-02-21;"Okres Detva";4745;24;4769;"SK0324"
2021-02-21;"Okres Dolný Kubín";1488;22;1510;"SK0313"
2021-02-21;"Okres Dunajská Streda";14654;96;14750;"SK0211"
2021-02-21;"Okres Galanta";4509;35;4544;"SK0212"
2021-02-21;"Okres Gelnica";780;9;789;"SK0421"
2021-02-21;"Okres Hlohovec";5450;34;5484;"SK0213"
2021-02-21;"Okres Humenné";3388;31;3419;"SK0412"
2021-02-21;"Okres Ilava";2932;61;2993;"SK0222"
2021-02-21;"Okres Kežmarok";4007;40;4047;"SK0413"
2021-02-21;"Okres Komárno";7972;108;8080;"SK0231"
2021-02-21;"Okres Košice - okolie";5735;51;5786;"SK0426"
2021-02-21;"Okres Košice I";2669;24;2693;"SK0422"
2021-02-21;"Okres Košice II";12372;90;12462;"SK0423"
2021-02-21;"Okres Košice III";1163;4;1167;"SK0424"
2021-02-21;"Okres Košice IV";4459;39;4498;"SK0425"
2021-02-21;"Okres Krupina";663;6;669;"SK0325"
2021-02-21;"Okres Kysucké Nové Mesto";1478;16;1494;"SK0314"
2021-02-21;"Okres Levice";10530;35;10565;"SK0232"
2021-02-21;"Okres Levoča";1530;6;1536;"SK0414"
2021-02-21;"Okres Liptovský Mikuláš";3093;61;3154;"SK0315"
2021-02-21;"Okres Lučenec";4126;46;4172;"SK0326"
2021-02-21;"Okres Malacky";9608;78;9686;"SK0106"
2021-02-21;"Okres Martin";3966;82;4048;"SK0316"
2021-02-21;"Okres Medzilaborce";428;3;431;"SK0415"
2021-02-21;"Okres Michalovce";4121;29;4150;"SK0427"
2021-02-21;"Okres Myjava";1845;12;1857;"SK0223"
2021-02-21;"Okres Námestovo";480;1;481;"SK0317"
2021-02-21;"Okres Nitra";12058;40;12098;"SK0233"
2021-02-21;"Okres Nové Mesto nad Váhom";6076;71;6147;"SK0224"
2021-02-21;"Okres Nové Zámky";7744;83;7827;"SK0234"
2021-02-21;"Okres Partizánske";3460;27;3487;"SK0225"
2021-02-21;"Okres Pezinok";1471;11;1482;"SK0107"
2021-02-21;"Okres Piešťany";2933;35;2968;"SK0214"
2021-02-21;"Okres Poltár";1257;3;1260;"SK0327"
2021-02-21;"Okres Poprad";3743;49;3792;"SK0416"
2021-02-21;"Okres Považská Bystrica";4329;99;4428;"SK0226"
2021-02-21;"Okres Prešov";5699;49;5748;"SK0417"
2021-02-21;"Okres Prievidza";2139;38;2177;"SK0227"
2021-02-21;"Okres Púchov";2459;32;2491;"SK0228"
2021-02-21;"Okres Revúca";4869;102;4971;"SK0328"
2021-02-21;"Okres Rimavská Sobota";3653;54;3707;"SK0329"
2021-02-21;"Okres Rožňava";3334;43;3377;"SK0428"
2021-02-21;"Okres Ružomberok";1164;13;1177;"SK0318"
2021-02-21;"Okres Sabinov";2877;34;2911;"SK0418"
2021-02-21;"Okres Senec";11634;68;11702;"SK0108"
2021-02-21;"Okres Senica";12135;128;12263;"SK0215"
2021-02-21;"Okres Skalica";1445;11;1456;"SK0216"
2021-02-21;"Okres Snina";2325;22;2347;"SK0419"
2021-02-21;"Okres Sobrance";635;5;640;"SK0429"
2021-02-21;"Okres Spišská Nová Ves";3073;39;3112;"SK042A"
2021-02-21;"Okres Stará Ľubovňa";2097;8;2105;"SK041A"
2021-02-21;"Okres Stropkov";409;3;412;"SK041B"
2021-02-21;"Okres Svidník";491;2;493;"SK041C"
2021-02-21;"Okres Šaľa";3083;30;3113;"SK0235"
2021-02-21;"Okres Topoľčany";5660;39;5699;"SK0236"
2021-02-21;"Okres Trebišov";4990;81;5071;"SK042B"
2021-02-21;"Okres Trenčín";6442;74;6516;"SK0229"
2021-02-21;"Okres Trnava";14215;74;14289;"SK0217"
2021-02-21;"Okres Turčianske Teplice";1365;14;1379;"SK0319"
2021-02-21;"Okres Tvrdošín";1355;9;1364;"SK031A"
2021-02-21;"Okres Veľký Krtíš";1594;21;1615;"SK032A"
2021-02-21;"Okres Vranov nad Topľou";5607;54;5661;"SK041D"
2021-02-21;"Okres Zlaté Moravce";1520;6;1526;"SK0237"
2021-02-21;"Okres Zvolen";4212;62;4274;"SK032B"
2021-02-21;"Okres Žarnovica";1268;29;1297;"SK032C"
2021-02-21;"Okres Žiar nad Hronom";2923;31;2954;"SK032D"
2021-02-21;"Okres Žilina";9578;67;9645;"SK031B"
2021-02-22;"Okres Bánovce nad Bebravou";700;28;728;"SK0221"
2021-02-22;"Okres Banská Bystrica";6446;87;6533;"SK0321"
2021-02-22;"Okres Banská Štiavnica";806;15;821;"SK0322"
2021-02-22;"Okres Bardejov";4818;51;4869;"SK0411"
2021-02-22;"Okres Bratislava I";5847;51;5898;"SK0101"
2021-02-22;"Okres Bratislava II";8509;97;8606;"SK0102"
2021-02-22;"Okres Bratislava III";7209;107;7316;"SK0103"
2021-02-22;"Okres Bratislava IV";4935;68;5003;"SK0104"
2021-02-22;"Okres Bratislava V";7652;99;7751;"SK0105"
2021-02-22;"Okres Brezno";1675;81;1756;"SK0323"
2021-02-22;"Okres Bytča";639;9;648;"SK0311"
2021-02-22;"Okres Čadca";3155;70;3225;"SK0312"
2021-02-22;"Okres Detva";1400;24;1424;"SK0324"
2021-02-22;"Okres Dolný Kubín";2315;25;2340;"SK0313"
2021-02-22;"Okres Dunajská Streda";5306;112;5418;"SK0211"
2021-02-22;"Okres Galanta";4865;89;4954;"SK0212"
2021-02-22;"Okres Gelnica";997;26;1023;"SK0421"
2021-02-22;"Okres Hlohovec";1375;36;1411;"SK0213"
2021-02-22;"Okres Humenné";2368;57;2425;"SK0412"
2021-02-22;"Okres Ilava";4014;139;4153;"SK0222"
2021-02-22;"Okres Kežmarok";2259;40;2299;"SK0413"
2021-02-22;"Okres Komárno";3023;88;3111;"SK0231"
2021-02-22;"Okres Košice - okolie";1344;13;1357;"SK0426"
2021-02-22;"Okres Košice I";3446;45;3491;"SK0422"
2021-02-22;"Okres Košice II";8870;99;8969;"SK0423"
2021-02-22;"Okres Košice III";1610;17;1627;"SK0424"
2021-02-22;"Okres Košice IV";3947;33;3980;"SK0425"
2021-02-22;"Okres Krupina";3220;47;3267;"SK0325"
2021-02-22;"Okres Kysucké Nové Mesto";1002;15;1017;"SK0314"
2021-02-22;"Okres Levice";3525;54;3579;"SK0232"
2021-02-22;"Okres Levoča";929;11;940;"SK0414"
2021-02-22;"Okres Liptovský Mikuláš";3821;86;3907;"SK0315"
2021-02-22;"Okres Lučenec";2630;68;2698;"SK0326"
2021-02-22;"Okres Malacky";1715;25;1740;"SK0106"
2021-02-22;"Okres Martin";5255;109;5364;"SK0316"
2021-02-22;"Okres Medzilaborce";317;2;319;"SK0415"
2021-02-22;"Okres Michalovce";4609;55;4664;"SK0427"
2021-02-22;"Okres Myjava";687;4;691;"SK0223"
2021-02-22;"Okres Námestovo";1179;13;1192;"SK0317"
2021-02-22;"Okres Nitra";8856;58;8914;"SK0233"
2021-02-22;"Okres Nové Mesto nad Váhom";1730;35;1765;"SK0224"
2021-02-22;"Okres Nové Zámky";5453;68;5521;"SK0234"
2021-02-22;"Okres Partizánske";2425;76;2501;"SK0225"
2021-02-22;"Okres Pezinok";1714;39;1753;"SK0107"
2021-02-22;"Okres Piešťany";1316;25;1341;"SK0214"
2021-02-22;"Okres Poltár";204;2;206;"SK0327"
2021-02-22;"Okres Poprad";5413;55;5468;"SK0416"
2021-02-22;"Okres Považská Bystrica";3634;68;3702;"SK0226"
2021-02-22;"Okres Prešov";7096;59;7155;"SK0417"
2021-02-22;"Okres Prievidza";3342;95;3437;"SK0227"
2021-02-22;"Okres Púchov";1472;24;1496;"SK0228"
2021-02-22;"Okres Revúca";1982;43;2025;"SK0328"
2021-02-22;"Okres Rimavská Sobota";3303;75;3378;"SK0329"
2021-02-22;"Okres Rožňava";3356;54;3410;"SK0428"
2021-02-22;"Okres Ružomberok";3643;59;3702;"SK0318"
2021-02-22;"Okres Sabinov";1517;19;1536;"SK0418"
2021-02-22;"Okres Senec";5120;74;5194;"SK0108"
2021-02-22;"Okres Senica";1530;37;1567;"SK0215"
2021-02-22;"Okres Skalica";4621;34;4655;"SK0216"
2021-02-22;"Okres Snina";1799;19;1818;"SK0419"
2021-02-22;"Okres Sobrance";1044;15;1059;"SK0429"
2021-02-22;"Okres Spišská Nová Ves";4186;102;4288;"SK042A"
2021-02-22;"Okres Stará Ľubovňa";1124;9;1133;"SK041A"
2021-02-22;"Okres Stropkov";655;9;664;"SK041B"
2021-02-22;"Okres Svidník";821;15;836;"SK041C"
2021-02-22;"Okres Šaľa";3043;41;3084;"SK0235"
2021-02-22;"Okres Topoľčany";1854;28;1882;"SK0236"
2021-02-22;"Okres Trebišov";2049;51;2100;"SK042B"
2021-02-22;"Okres Trenčín";5332;89;5421;"SK0229"
2021-02-22;"Okres Trnava";4024;76;4100;"SK0217"
2021-02-22;"Okres Turčianske Teplice";539;7;546;"SK0319"
2021-02-22;"Okres Tvrdošín";1433;8;1441;"SK031A"
2021-02-22;"Okres Veľký Krtíš";2127;33;2160;"SK032A"
2021-02-22;"Okres Vranov nad Topľou";2736;62;2798;"SK041D"
2021-02-22;"Okres Zlaté Moravce";1574;6;1580;"SK0237"
2021-02-22;"Okres Zvolen";4423;107;4530;"SK032B"
2021-02-22;"Okres Žarnovica";1011;27;1038;"SK032C"
2021-02-22;"Okres Žiar nad Hronom";4556;75;4631;"SK032D"
2021-02-22;"Okres Žilina";7876;76;7952;"SK031B"
2021-02-23;"Okres Bánovce nad Bebravou";1136;29;1165;"SK0221"
2021-02-23;"Okres Banská Bystrica";5825;88;5913;"SK0321"
2021-02-23;"Okres Banská Štiavnica";712;9;721;"SK0322"
2021-02-23;"Okres Bardejov";3317;40;3357;"SK0411"
2021-02-23;"Okres Bratislava I";6082;45;6127;"SK0101"
2021-02-23;"Okres Bratislava II";6779;72;6851;"SK0102"
2021-02-23;"Okres Bratislava III";5937;44;5981;"SK0103"
2021-02-23;"Okres Bratislava IV";3399;35;3434;"SK0104"
2021-02-23;"Okres Bratislava V";6079;103;6182;"SK0105"
2021-02-23;"Okres Brezno";1128;29;1157;"SK0323"
2021-02-23;"Okres Bytča";526;25;551;"SK0311"
2021-02-23;"Okres Čadca";2582;64;2646;"SK0312"
2021-02-23;"Okres Detva";1028;23;1051;"SK0324"
2021-02-23;"Okres Dolný Kubín";1378;46;1424;"SK0313"
2021-02-23;"Okres Dunajská Streda";2893;97;2990;"SK0211"
2021-02-23;"Okres Galanta";2212;63;2275;"SK0212"
2021-02-23;"Okres Gelnica";612;35;647;"SK0421"
2021-02-23;"Okres Hlohovec";1206;35;1241;"SK0213"
2021-02-23;"Okres Humenné";1638;33;1671;"SK0412"
2021-02-23;"Okres Ilava";2212;69;2281;"SK0222"
2021-02-23;"Okres Kežmarok";1640;38;1678;"SK0413"
2021-02-23;"Okres Komárno";2628;59;2687;"SK0231"
2021-02-23;"Okres Košice - okolie";550;12;562;"SK0426"
2021-02-23;"Okres Košice I";2435;38;2473;"SK0422"
2021-02-23;"Okres Košice II";5102;69;5171;"SK0423"
2021-02-23;"Okres Košice III";1097;28;1125;"SK0424"
2021-02-23;"Okres Košice IV";3461;48;3509;"SK0425"
2021-02-23;"Okres Krupina";342;8;350;"SK0325"
2021-02-23;"Okres Kysucké Nové Mesto";778;20;798;"SK0314"
2021-02-23;"Okres Levice";3596;65;3661;"SK0232"
2021-02-23;"Okres Levoča";929;4;933;"SK0414"
2021-02-23;"Okres Liptovský Mikuláš";2550;75;2625;"SK0315"
2021-02-23;"Okres Lučenec";2071;44;2115;"SK0326"
2021-02-23;"Okres Malacky";2915;59;2974;"SK0106"
2021-02-23;"Okres Martin";5103;109;5212;"SK0316"
2021-02-23;"Okres Medzilaborce";443;6;449;"SK0415"
2021-02-23;"Okres Michalovce";3825;33;3858;"SK0427"
2021-02-23;"Okres Myjava";204;7;211;"SK0223"
2021-02-23;"Okres Námestovo";759;17;776;"SK0317"
2021-02-23;"Okres Nitra";3691;28;3719;"SK0233"
2021-02-23;"Okres Nové Mesto nad Váhom";1282;46;1328;"SK0224"
2021-02-23;"Okres Nové Zámky";3543;69;3612;"SK0234"
2021-02-23;"Okres Partizánske";1594;41;1635;"SK0225"
2021-02-23;"Okres Pezinok";1643;45;1688;"SK0107"
2021-02-23;"Okres Piešťany";2077;50;2127;"SK0214"
2021-02-23;"Okres Poltár";104;2;106;"SK0327"
2021-02-23;"Okres Poprad";3636;49;3685;"SK0416"
2021-02-23;"Okres Považská Bystrica";2839;63;2902;"SK0226"
2021-02-23;"Okres Prešov";4954;59;5013;"SK0417"
2021-02-23;"Okres Prievidza";2086;73;2159;"SK0227"
2021-02-23;"Okres Púchov";935;23;958;"SK0228"
2021-02-23;"Okres Revúca";1880;75;1955;"SK0328"
2021-02-23;"Okres Rimavská Sobota";2379;71;2450;"SK0329"
2021-02-23;"Okres Rožňava";1963;23;1986;"SK0428"
2021-02-23;"Okres Ružomberok";7198;79;7277;"SK0318"
2021-02-23;"Okres Sabinov";1211;23;1234;"SK0418"
2021-02-23;"Okres Senec";4700;67;4767;"SK0108"
2021-02-23;"Okres Senica";1056;18;1074;"SK0215"
2021-02-23;"Okres Skalica";914;14;928;"SK0216"
2021-02-23;"Okres Snina";1188;22;1210;"SK0419"
2021-02-23;"Okres Sobrance";884;16;900;"SK0429"
2021-02-23;"Okres Spišská Nová Ves";3705;81;3786;"SK042A"
2021-02-23;"Okres Stará Ľubovňa";822;13;835;"SK041A"
2021-02-23;"Okres Stropkov";2526;29;2555;"SK041B"
2021-02-23;"Okres Svidník";4654;49;4703;"SK041C"
2021-02-23;"Okres Šaľa";1257;18;1275;"SK0235"
2021-02-23;"Okres Topoľčany";1380;41;1421;"SK0236"
2021-02-23;"Okres Trebišov";1782;40;1822;"SK042B"
2021-02-23;"Okres Trenčín";4674;86;4760;"SK0229"
2021-02-23;"Okres Trnava";2158;50;2208;"SK0217"
2021-02-23;"Okres Turčianske Teplice";406;6;412;"SK0319"
2021-02-23;"Okres Tvrdošín";1206;10;1216;"SK031A"
2021-02-23;"Okres Veľký Krtíš";1376;29;1405;"SK032A"
2021-02-23;"Okres Vranov nad Topľou";1605;73;1678;"SK041D"
2021-02-23;"Okres Zlaté Moravce";487;9;496;"SK0237"
2021-02-23;"Okres Zvolen";3427;70;3497;"SK032B"
2021-02-23;"Okres Žarnovica";1019;21;1040;"SK032C"
2021-02-23;"Okres Žiar nad Hronom";1213;31;1244;"SK032D"
2021-02-23;"Okres Žilina";4168;55;4223;"SK031B"
2021-02-24;"Okres Bánovce nad Bebravou";582;28;610;"SK0221"
2021-02-24;"Okres Banská Bystrica";5718;64;5782;"SK0321"
2021-02-24;"Okres Banská Štiavnica";574;11;585;"SK0322"
2021-02-24;"Okres Bardejov";3485;92;3577;"SK0411"
2021-02-24;"Okres Bratislava I";2863;20;2883;"SK0101"
2021-02-24;"Okres Bratislava II";6152;69;6221;"SK0102"
2021-02-24;"Okres Bratislava III";8181;67;8248;"SK0103"
2021-02-24;"Okres Bratislava IV";3237;37;3274;"SK0104"
2021-02-24;"Okres Bratislava V";6047;109;6156;"SK0105"
2021-02-24;"Okres Brezno";849;16;865;"SK0323"
2021-02-24;"Okres Bytča";486;26;512;"SK0311"
2021-02-24;"Okres Čadca";2818;71;2889;"SK0312"
2021-02-24;"Okres Detva";767;21;788;"SK0324"
2021-02-24;"Okres Dolný Kubín";1123;31;1154;"SK0313"
2021-02-24;"Okres Dunajská Streda";2546;82;2628;"SK0211"
2021-02-24;"Okres Galanta";1349;45;1394;"SK0212"
2021-02-24;"Okres Gelnica";748;22;770;"SK0421"
2021-02-24;"Okres Hlohovec";765;22;787;"SK0213"
2021-02-24;"Okres Humenné";1250;49;1299;"SK0412"
2021-02-24;"Okres Ilava";1889;80;1969;"SK0222"
2021-02-24;"Okres Kežmarok";1379;28;1407;"SK0413"
2021-02-24;"Okres Komárno";2094;73;2167;"SK0231"
2021-02-24;"Okres Košice - okolie";533;16;549;"SK0426"
2021-02-24;"Okres Košice I";1889;38;1927;"SK0422"
2021-02-24;"Okres Košice II";4489;77;4566;"SK0423"
2021-02-24;"Okres Košice III";668;24;692;"SK0424"
2021-02-24;"Okres Košice IV";3967;372;4339;"SK0425"
2021-02-24;"Okres Krupina";367;4;371;"SK0325"
2021-02-24;"Okres Kysucké Nové Mesto";953;33;986;"SK0314"
2021-02-24;"Okres Levice";3182;57;3239;"SK0232"
2021-02-24;"Okres Levoča";677;6;683;"SK0414"
2021-02-24;"Okres Liptovský Mikuláš";2625;80;2705;"SK0315"
2021-02-24;"Okres Lučenec";1643;30;1673;"SK0326"
2021-02-24;"Okres Malacky";1880;40;1920;"SK0106"
2021-02-24;"Okres Martin";4006;60;4066;"SK0316"
2021-02-24;"Okres Medzilaborce";201;2;203;"SK0415"
2021-02-24;"Okres Michalovce";3870;43;3913;"SK0427"
2021-02-24;"Okres Myjava";221;9;230;"SK0223"
2021-02-24;"Okres Námestovo";639;14;653;"SK0317"
2021-02-24;"Okres Nitra";4372;29;4401;"SK0233"
2021-02-24;"Okres Nové Mesto nad Váhom";628;47;675;"SK0224"
2021-02-24;"Okres Nové Zámky";2739;67;2806;"SK0234"
2021-02-24;"Okres Partizánske";991;55;1046;"SK0225"
2021-02-24;"Okres Pezinok";1669;80;1749;"SK0107"
2021-02-24;"Okres Piešťany";1446;38;1484;"SK0214"
2021-02-24;"Okres Poltár";160;8;168;"SK0327"
2021-02-24;"Okres Poprad";5188;81;5269;"SK0416"
2021-02-24;"Okres Považská Bystrica";2277;42;2319;"SK0226"
2021-02-24;"Okres Prešov";5271;71;5342;"SK0417"
2021-02-24;"Okres Prievidza";2335;104;2439;"SK0227"
2021-02-24;"Okres Púchov";1021;25;1046;"SK0228"
2021-02-24;"Okres Revúca";1289;48;1337;"SK0328"
2021-02-24;"Okres Rimavská Sobota";2369;68;2437;"SK0329"
2021-02-24;"Okres Rožňava";1792;33;1825;"SK0428"
2021-02-24;"Okres Ružomberok";1623;38;1661;"SK0318"
2021-02-24;"Okres Sabinov";1180;32;1212;"SK0418"
2021-02-24;"Okres Senec";3176;56;3232;"SK0108"
2021-02-24;"Okres Senica";1037;44;1081;"SK0215"
2021-02-24;"Okres Skalica";1198;18;1216;"SK0216"
2021-02-24;"Okres Snina";1099;25;1124;"SK0419"
2021-02-24;"Okres Sobrance";866;19;885;"SK0429"
2021-02-24;"Okres Spišská Nová Ves";3180;60;3240;"SK042A"
2021-02-24;"Okres Stará Ľubovňa";734;11;745;"SK041A"
2021-02-24;"Okres Stropkov";583;5;588;"SK041B"
2021-02-24;"Okres Svidník";498;9;507;"SK041C"
2021-02-24;"Okres Šaľa";718;22;740;"SK0235"
2021-02-24;"Okres Topoľčany";1159;25;1184;"SK0236"
2021-02-24;"Okres Trebišov";1208;28;1236;"SK042B"
2021-02-24;"Okres Trenčín";3361;61;3422;"SK0229"
2021-02-24;"Okres Trnava";1510;60;1570;"SK0217"
2021-02-24;"Okres Turčianske Teplice";449;6;455;"SK0319"
2021-02-24;"Okres Tvrdošín";1045;3;1048;"SK031A"
2021-02-24;"Okres Veľký Krtíš";1392;22;1414;"SK032A"
2021-02-24;"Okres Vranov nad Topľou";1795;61;1856;"SK041D"
2021-02-24;"Okres Zlaté Moravce";635;2;637;"SK0237"
2021-02-24;"Okres Zvolen";2035;50;2085;"SK032B"
2021-02-24;"Okres Žarnovica";1067;27;1094;"SK032C"
2021-02-24;"Okres Žiar nad Hronom";1159;37;1196;"SK032D"
2021-02-24;"Okres Žilina";4553;88;4641;"SK031B"
2021-02-25;"Okres Bánovce nad Bebravou";896;13;909;"SK0221"
2021-02-25;"Okres Banská Bystrica";5194;59;5253;"SK0321"
2021-02-25;"Okres Banská Štiavnica";535;12;547;"SK0322"
2021-02-25;"Okres Bardejov";3625;67;3692;"SK0411"
2021-02-25;"Okres Bratislava I";3971;23;3994;"SK0101"
2021-02-25;"Okres Bratislava II";7185;113;7298;"SK0102"
2021-02-25;"Okres Bratislava III";5319;55;5374;"SK0103"
2021-02-25;"Okres Bratislava IV";4047;36;4083;"SK0104"
2021-02-25;"Okres Bratislava V";6654;92;6746;"SK0105"
2021-02-25;"Okres Brezno";919;61;980;"SK0323"
2021-02-25;"Okres Bytča";512;20;532;"SK0311"
2021-02-25;"Okres Čadca";2954;68;3022;"SK0312"
2021-02-25;"Okres Detva";1061;21;1082;"SK0324"
2021-02-25;"Okres Dolný Kubín";1456;38;1494;"SK0313"
2021-02-25;"Okres Dunajská Streda";2862;64;2926;"SK0211"
2021-02-25;"Okres Galanta";2854;45;2899;"SK0212"
2021-02-25;"Okres Gelnica";531;18;549;"SK0421"
2021-02-25;"Okres Hlohovec";778;20;798;"SK0213"
2021-02-25;"Okres Humenné";1287;42;1329;"SK0412"
2021-02-25;"Okres Ilava";1827;89;1916;"SK0222"
2021-02-25;"Okres Kežmarok";1392;30;1422;"SK0413"
2021-02-25;"Okres Komárno";1729;47;1776;"SK0231"
2021-02-25;"Okres Košice - okolie";503;10;513;"SK0426"
2021-02-25;"Okres Košice I";1830;24;1854;"SK0422"
2021-02-25;"Okres Košice II";5003;72;5075;"SK0423"
2021-02-25;"Okres Košice III";562;8;570;"SK0424"
2021-02-25;"Okres Košice IV";4689;98;4787;"SK0425"
2021-02-25;"Okres Krupina";700;9;709;"SK0325"
2021-02-25;"Okres Kysucké Nové Mesto";1078;26;1104;"SK0314"
2021-02-25;"Okres Levice";2802;60;2862;"SK0232"
2021-02-25;"Okres Levoča";754;7;761;"SK0414"
2021-02-25;"Okres Liptovský Mikuláš";4594;71;4665;"SK0315"
2021-02-25;"Okres Lučenec";2275;30;2305;"SK0326"
2021-02-25;"Okres Malacky";1303;28;1331;"SK0106"
2021-02-25;"Okres Martin";10169;71;10240;"SK0316"
2021-02-25;"Okres Medzilaborce";216;0;216;"SK0415"
2021-02-25;"Okres Michalovce";2946;53;2999;"SK0427"
2021-02-25;"Okres Myjava";343;4;347;"SK0223"
2021-02-25;"Okres Námestovo";779;21;800;"SK0317"
2021-02-25;"Okres Nitra";5991;24;6015;"SK0233"
2021-02-25;"Okres Nové Mesto nad Váhom";1125;41;1166;"SK0224"
2021-02-25;"Okres Nové Zámky";2631;51;2682;"SK0234"
2021-02-25;"Okres Partizánske";1326;32;1358;"SK0225"
2021-02-25;"Okres Pezinok";2832;112;2944;"SK0107"
2021-02-25;"Okres Piešťany";1592;30;1622;"SK0214"
2021-02-25;"Okres Poltár";184;2;186;"SK0327"
2021-02-25;"Okres Poprad";3958;50;4008;"SK0416"
2021-02-25;"Okres Považská Bystrica";2305;36;2341;"SK0226"
2021-02-25;"Okres Prešov";5883;83;5966;"SK0417"
2021-02-25;"Okres Prievidza";2964;74;3038;"SK0227"
2021-02-25;"Okres Púchov";982;19;1001;"SK0228"
2021-02-25;"Okres Revúca";1166;35;1201;"SK0328"
2021-02-25;"Okres Rimavská Sobota";2230;41;2271;"SK0329"
2021-02-25;"Okres Rožňava";1351;27;1378;"SK0428"
2021-02-25;"Okres Ružomberok";3010;61;3071;"SK0318"
2021-02-25;"Okres Sabinov";1543;32;1575;"SK0418"
2021-02-25;"Okres Senec";4022;44;4066;"SK0108"
2021-02-25;"Okres Senica";1144;35;1179;"SK0215"
2021-02-25;"Okres Skalica";1137;18;1155;"SK0216"
2021-02-25;"Okres Snina";1120;19;1139;"SK0419"
2021-02-25;"Okres Sobrance";795;15;810;"SK0429"
2021-02-25;"Okres Spišská Nová Ves";3276;43;3319;"SK042A"
2021-02-25;"Okres Stará Ľubovňa";732;13;745;"SK041A"
2021-02-25;"Okres Stropkov";498;6;504;"SK041B"
2021-02-25;"Okres Svidník";537;9;546;"SK041C"
2021-02-25;"Okres Šaľa";1140;31;1171;"SK0235"
2021-02-25;"Okres Topoľčany";1143;31;1174;"SK0236"
2021-02-25;"Okres Trebišov";1544;34;1578;"SK042B"
2021-02-25;"Okres Trenčín";3593;46;3639;"SK0229"
2021-02-25;"Okres Trnava";1505;32;1537;"SK0217"
2021-02-25;"Okres Turčianske Teplice";732;8;740;"SK0319"
2021-02-25;"Okres Tvrdošín";1017;14;1031;"SK031A"
2021-02-25;"Okres Veľký Krtíš";1573;28;1601;"SK032A"
2021-02-25;"Okres Vranov nad Topľou";2032;45;2077;"SK041D"
2021-02-25;"Okres Zlaté Moravce";914;2;916;"SK0237"
2021-02-25;"Okres Zvolen";2451;47;2498;"SK032B"
2021-02-25;"Okres Žarnovica";805;25;830;"SK032C"
2021-02-25;"Okres Žiar nad Hronom";898;21;919;"SK032D"
2021-02-25;"Okres Žilina";8103;62;8165;"SK031B"
2021-02-26;"Okres Bánovce nad Bebravou";2677;18;2695;"SK0221"
2021-02-26;"Okres Banská Bystrica";12465;75;12540;"SK0321"
2021-02-26;"Okres Banská Štiavnica";1020;12;1032;"SK0322"
2021-02-26;"Okres Bardejov";6450;42;6492;"SK0411"
2021-02-26;"Okres Bratislava I";5539;40;5579;"SK0101"
2021-02-26;"Okres Bratislava II";10704;79;10783;"SK0102"
2021-02-26;"Okres Bratislava III";8648;53;8701;"SK0103"
2021-02-26;"Okres Bratislava IV";7306;36;7342;"SK0104"
2021-02-26;"Okres Bratislava V";10082;93;10175;"SK0105"
2021-02-26;"Okres Brezno";2593;40;2633;"SK0323"
2021-02-26;"Okres Bytča";2148;21;2169;"SK0311"
2021-02-26;"Okres Čadca";5814;63;5877;"SK0312"
2021-02-26;"Okres Detva";1685;19;1704;"SK0324"
2021-02-26;"Okres Dolný Kubín";3541;42;3583;"SK0313"
2021-02-26;"Okres Dunajská Streda";5886;82;5968;"SK0211"
2021-02-26;"Okres Galanta";6027;47;6074;"SK0212"
2021-02-26;"Okres Gelnica";2780;53;2833;"SK0421"
2021-02-26;"Okres Hlohovec";956;18;974;"SK0213"
2021-02-26;"Okres Humenné";2789;48;2837;"SK0412"
2021-02-26;"Okres Ilava";5002;73;5075;"SK0222"
2021-02-26;"Okres Kežmarok";4219;30;4249;"SK0413"
2021-02-26;"Okres Komárno";4492;63;4555;"SK0231"
2021-02-26;"Okres Košice - okolie";2410;43;2453;"SK0426"
2021-02-26;"Okres Košice I";4401;25;4426;"SK0422"
2021-02-26;"Okres Košice II";12155;99;12254;"SK0423"
2021-02-26;"Okres Košice III";1393;13;1406;"SK0424"
2021-02-26;"Okres Košice IV";5045;73;5118;"SK0425"
2021-02-26;"Okres Krupina";1168;8;1176;"SK0325"
2021-02-26;"Okres Kysucké Nové Mesto";2547;33;2580;"SK0314"
2021-02-26;"Okres Levice";4658;77;4735;"SK0232"
2021-02-26;"Okres Levoča";1746;27;1773;"SK0414"
2021-02-26;"Okres Liptovský Mikuláš";7904;101;8005;"SK0315"
2021-02-26;"Okres Lučenec";4423;53;4476;"SK0326"
2021-02-26;"Okres Malacky";3562;45;3607;"SK0106"
2021-02-26;"Okres Martin";7175;97;7272;"SK0316"
2021-02-26;"Okres Medzilaborce";376;20;396;"SK0415"
2021-02-26;"Okres Michalovce";6576;59;6635;"SK0427"
2021-02-26;"Okres Myjava";634;14;648;"SK0223"
2021-02-26;"Okres Námestovo";3729;32;3761;"SK0317"
2021-02-26;"Okres Nitra";18986;44;19030;"SK0233"
2021-02-26;"Okres Nové Mesto nad Váhom";3026;54;3080;"SK0224"
2021-02-26;"Okres Nové Zámky";6720;80;6800;"SK0234"
2021-02-26;"Okres Partizánske";4156;46;4202;"SK0225"
2021-02-26;"Okres Pezinok";2666;41;2707;"SK0107"
2021-02-26;"Okres Piešťany";3259;57;3316;"SK0214"
2021-02-26;"Okres Poltár";281;8;289;"SK0327"
2021-02-26;"Okres Poprad";9041;93;9134;"SK0416"
2021-02-26;"Okres Považská Bystrica";5813;81;5894;"SK0226"
2021-02-26;"Okres Prešov";12238;105;12343;"SK0417"
2021-02-26;"Okres Prievidza";5725;80;5805;"SK0227"
2021-02-26;"Okres Púchov";1918;32;1950;"SK0228"
2021-02-26;"Okres Revúca";3374;60;3434;"SK0328"
2021-02-26;"Okres Rimavská Sobota";5409;84;5493;"SK0329"
2021-02-26;"Okres Rožňava";3662;36;3698;"SK0428"
2021-02-26;"Okres Ružomberok";4675;59;4734;"SK0318"
2021-02-26;"Okres Sabinov";2298;18;2316;"SK0418"
2021-02-26;"Okres Senec";7809;70;7879;"SK0108"
2021-02-26;"Okres Senica";2714;45;2759;"SK0215"
2021-02-26;"Okres Skalica";3877;30;3907;"SK0216"
2021-02-26;"Okres Snina";1664;35;1699;"SK0419"
2021-02-26;"Okres Sobrance";2132;31;2163;"SK0429"
2021-02-26;"Okres Spišská Nová Ves";6689;97;6786;"SK042A"
2021-02-26;"Okres Stará Ľubovňa";1590;15;1605;"SK041A"
2021-02-26;"Okres Stropkov";887;3;890;"SK041B"
2021-02-26;"Okres Svidník";1911;11;1922;"SK041C"
2021-02-26;"Okres Šaľa";3667;35;3702;"SK0235"
2021-02-26;"Okres Topoľčany";2049;36;2085;"SK0236"
2021-02-26;"Okres Trebišov";3118;43;3161;"SK042B"
2021-02-26;"Okres Trenčín";7794;83;7877;"SK0229"
2021-02-26;"Okres Trnava";6463;44;6507;"SK0217"
2021-02-26;"Okres Turčianske Teplice";865;13;878;"SK0319"
2021-02-26;"Okres Tvrdošín";4498;14;4512;"SK031A"
2021-02-26;"Okres Veľký Krtíš";3480;44;3524;"SK032A"
2021-02-26;"Okres Vranov nad Topľou";3678;53;3731;"SK041D"
2021-02-26;"Okres Zlaté Moravce";1955;9;1964;"SK0237"
2021-02-26;"Okres Zvolen";5484;61;5545;"SK032B"
2021-02-26;"Okres Žarnovica";966;32;998;"SK032C"
2021-02-26;"Okres Žiar nad Hronom";1900;18;1918;"SK032D"
2021-02-26;"Okres Žilina";9377;86;9463;"SK031B"
2021-02-27;"Okres Bánovce nad Bebravou";8597;46;8643;"SK0221"
2021-02-27;"Okres Banská Bystrica";11279;65;11344;"SK0321"
2021-02-27;"Okres Banská Štiavnica";1018;9;1027;"SK0322"
2021-02-27;"Okres Bardejov";10748;76;10824;"SK0411"
2021-02-27;"Okres Bratislava I";3654;11;3665;"SK0101"
2021-02-27;"Okres Bratislava II";12458;58;12516;"SK0102"
2021-02-27;"Okres Bratislava III";7650;52;7702;"SK0103"
2021-02-27;"Okres Bratislava IV";8432;47;8479;"SK0104"
2021-02-27;"Okres Bratislava V";19578;96;19674;"SK0105"
2021-02-27;"Okres Brezno";9486;99;9585;"SK0323"
2021-02-27;"Okres Bytča";4574;26;4600;"SK0311"
2021-02-27;"Okres Čadca";10750;109;10859;"SK0312"
2021-02-27;"Okres Detva";5241;21;5262;"SK0324"
2021-02-27;"Okres Dolný Kubín";4477;48;4525;"SK0313"
2021-02-27;"Okres Dunajská Streda";40225;184;40409;"SK0211"
2021-02-27;"Okres Galanta";23895;131;24026;"SK0212"
2021-02-27;"Okres Gelnica";3630;32;3662;"SK0421"
2021-02-27;"Okres Hlohovec";12403;90;12493;"SK0213"
2021-02-27;"Okres Humenné";10967;65;11032;"SK0412"
2021-02-27;"Okres Ilava";7682;110;7792;"SK0222"
2021-02-27;"Okres Kežmarok";10481;69;10550;"SK0413"
2021-02-27;"Okres Komárno";15495;162;15657;"SK0231"
2021-02-27;"Okres Košice - okolie";27504;144;27648;"SK0426"
2021-02-27;"Okres Košice I";3778;18;3796;"SK0422"
2021-02-27;"Okres Košice II";11196;96;11292;"SK0423"
2021-02-27;"Okres Košice III";1412;17;1429;"SK0424"
2021-02-27;"Okres Košice IV";5565;33;5598;"SK0425"
2021-02-27;"Okres Krupina";3424;23;3447;"SK0325"
2021-02-27;"Okres Kysucké Nové Mesto";4576;47;4623;"SK0314"
2021-02-27;"Okres Levice";27666;134;27800;"SK0232"
2021-02-27;"Okres Levoča";4558;27;4585;"SK0414"
2021-02-27;"Okres Liptovský Mikuláš";17271;230;17501;"SK0315"
2021-02-27;"Okres Lučenec";3662;33;3695;"SK0326"
2021-02-27;"Okres Malacky";9054;106;9160;"SK0106"
2021-02-27;"Okres Martin";9773;85;9858;"SK0316"
2021-02-27;"Okres Medzilaborce";1452;11;1463;"SK0415"
2021-02-27;"Okres Michalovce";11909;114;12023;"SK0427"
2021-02-27;"Okres Myjava";3508;24;3532;"SK0223"
2021-02-27;"Okres Námestovo";8588;40;8628;"SK0317"
2021-02-27;"Okres Nitra";20958;43;21001;"SK0233"
2021-02-27;"Okres Nové Mesto nad Váhom";17330;172;17502;"SK0224"
2021-02-27;"Okres Nové Zámky";28621;122;28743;"SK0234"
2021-02-27;"Okres Partizánske";10930;56;10986;"SK0225"
2021-02-27;"Okres Pezinok";11000;92;11092;"SK0107"
2021-02-27;"Okres Piešťany";9132;60;9192;"SK0214"
2021-02-27;"Okres Poltár";3120;20;3140;"SK0327"
2021-02-27;"Okres Poprad";13367;144;13511;"SK0416"
2021-02-27;"Okres Považská Bystrica";6429;47;6476;"SK0226"
2021-02-27;"Okres Prešov";9572;66;9638;"SK0417"
2021-02-27;"Okres Prievidza";5350;47;5397;"SK0227"
2021-02-27;"Okres Púchov";8462;96;8558;"SK0228"
2021-02-27;"Okres Revúca";4225;63;4288;"SK0328"
2021-02-27;"Okres Rimavská Sobota";3491;37;3528;"SK0329"
2021-02-27;"Okres Rožňava";9416;92;9508;"SK0428"
2021-02-27;"Okres Ružomberok";8142;52;8194;"SK0318"
2021-02-27;"Okres Sabinov";9167;138;9305;"SK0418"
2021-02-27;"Okres Senec";20843;74;20917;"SK0108"
2021-02-27;"Okres Senica";19163;171;19334;"SK0215"
2021-02-27;"Okres Skalica";3712;49;3761;"SK0216"
2021-02-27;"Okres Snina";5538;42;5580;"SK0419"
2021-02-27;"Okres Sobrance";5723;45;5768;"SK0429"
2021-02-27;"Okres Spišská Nová Ves";10413;63;10476;"SK042A"
2021-02-27;"Okres Stará Ľubovňa";8083;31;8114;"SK041A"
2021-02-27;"Okres Stropkov";704;9;713;"SK041B"
2021-02-27;"Okres Svidník";4240;28;4268;"SK041C"
2021-02-27;"Okres Šaľa";6428;18;6446;"SK0235"
2021-02-27;"Okres Topoľčany";16846;73;16919;"SK0236"
2021-02-27;"Okres Trebišov";17765;210;17975;"SK042B"
2021-02-27;"Okres Trenčín";15386;134;15520;"SK0229"
2021-02-27;"Okres Trnava";37333;157;37490;"SK0217"
2021-02-27;"Okres Turčianske Teplice";996;10;1006;"SK0319"
2021-02-27;"Okres Tvrdošín";2229;12;2241;"SK031A"
2021-02-27;"Okres Veľký Krtíš";5823;47;5870;"SK032A"
2021-02-27;"Okres Vranov nad Topľou";9098;105;9203;"SK041D"
2021-02-27;"Okres Zlaté Moravce";6934;9;6943;"SK0237"
2021-02-27;"Okres Zvolen";10741;75;10816;"SK032B"
2021-02-27;"Okres Žarnovica";3163;29;3192;"SK032C"
2021-02-27;"Okres Žiar nad Hronom";6059;38;6097;"SK032D"
2021-02-27;"Okres Žilina";22276;104;22380;"SK031B"
2021-02-28;"Okres Bánovce nad Bebravou";2418;19;2437;"SK0221"
2021-02-28;"Okres Banská Bystrica";9342;48;9390;"SK0321"
2021-02-28;"Okres Banská Štiavnica";352;1;353;"SK0322"
2021-02-28;"Okres Bardejov";3701;25;3726;"SK0411"
2021-02-28;"Okres Bratislava I";3808;16;3824;"SK0101"
2021-02-28;"Okres Bratislava II";14026;93;14119;"SK0102"
2021-02-28;"Okres Bratislava III";7563;34;7597;"SK0103"
2021-02-28;"Okres Bratislava IV";7394;55;7449;"SK0104"
2021-02-28;"Okres Bratislava V";19439;109;19548;"SK0105"
2021-02-28;"Okres Brezno";4826;36;4862;"SK0323"
2021-02-28;"Okres Bytča";2317;12;2329;"SK0311"
2021-02-28;"Okres Čadca";7420;88;7508;"SK0312"
2021-02-28;"Okres Detva";5207;26;5233;"SK0324"
2021-02-28;"Okres Dolný Kubín";1822;29;1851;"SK0313"
2021-02-28;"Okres Dunajská Streda";15363;81;15444;"SK0211"
2021-02-28;"Okres Galanta";5193;26;5219;"SK0212"
2021-02-28;"Okres Gelnica";1503;8;1511;"SK0421"
2021-02-28;"Okres Hlohovec";4107;21;4128;"SK0213"
2021-02-28;"Okres Humenné";4648;41;4689;"SK0412"
2021-02-28;"Okres Ilava";3105;93;3198;"SK0222"
2021-02-28;"Okres Kežmarok";4947;65;5012;"SK0413"
2021-02-28;"Okres Komárno";7784;87;7871;"SK0231"
2021-02-28;"Okres Košice - okolie";4893;35;4928;"SK0426"
2021-02-28;"Okres Košice I";2715;13;2728;"SK0422"
2021-02-28;"Okres Košice II";11382;88;11470;"SK0423"
2021-02-28;"Okres Košice III";1170;5;1175;"SK0424"
2021-02-28;"Okres Košice IV";4971;36;5007;"SK0425"
2021-02-28;"Okres Krupina";944;20;964;"SK0325"
2021-02-28;"Okres Kysucké Nové Mesto";3565;31;3596;"SK0314"
2021-02-28;"Okres Levice";9011;42;9053;"SK0232"
2021-02-28;"Okres Levoča";1487;11;1498;"SK0414"
2021-02-28;"Okres Liptovský Mikuláš";2328;29;2357;"SK0315"
2021-02-28;"Okres Lučenec";5129;52;5181;"SK0326"
2021-02-28;"Okres Malacky";2998;31;3029;"SK0106"
2021-02-28;"Okres Martin";4593;58;4651;"SK0316"
2021-02-28;"Okres Medzilaborce";542;5;547;"SK0415"
2021-02-28;"Okres Michalovce";6645;58;6703;"SK0427"
2021-02-28;"Okres Myjava";1576;20;1596;"SK0223"
2021-02-28;"Okres Námestovo";896;12;908;"SK0317"
2021-02-28;"Okres Nitra";14859;33;14892;"SK0233"
2021-02-28;"Okres Nové Mesto nad Váhom";9101;96;9197;"SK0224"
2021-02-28;"Okres Nové Zámky";8702;41;8743;"SK0234"
2021-02-28;"Okres Partizánske";3176;20;3196;"SK0225"
2021-02-28;"Okres Pezinok";1533;18;1551;"SK0107"
2021-02-28;"Okres Piešťany";2614;42;2656;"SK0214"
2021-02-28;"Okres Poltár";1730;12;1742;"SK0327"
2021-02-28;"Okres Poprad";5000;44;5044;"SK0416"
2021-02-28;"Okres Považská Bystrica";2624;41;2665;"SK0226"
2021-02-28;"Okres Prešov";7408;58;7466;"SK0417"
2021-02-28;"Okres Prievidza";2827;35;2862;"SK0227"
2021-02-28;"Okres Púchov";3504;49;3553;"SK0228"
2021-02-28;"Okres Revúca";3362;46;3408;"SK0328"
2021-02-28;"Okres Rimavská Sobota";4166;54;4220;"SK0329"
2021-02-28;"Okres Rožňava";3400;18;3418;"SK0428"
2021-02-28;"Okres Ružomberok";1813;24;1837;"SK0318"
2021-02-28;"Okres Sabinov";3405;35;3440;"SK0418"
2021-02-28;"Okres Senec";10598;49;10647;"SK0108"
2021-02-28;"Okres Senica";12219;122;12341;"SK0215"
2021-02-28;"Okres Skalica";1530;20;1550;"SK0216"
2021-02-28;"Okres Snina";2999;13;3012;"SK0419"
2021-02-28;"Okres Sobrance";663;3;666;"SK0429"
2021-02-28;"Okres Spišská Nová Ves";4758;46;4804;"SK042A"
2021-02-28;"Okres Stará Ľubovňa";2965;20;2985;"SK041A"
2021-02-28;"Okres Stropkov";5358;27;5385;"SK041B"
2021-02-28;"Okres Svidník";6168;53;6221;"SK041C"
2021-02-28;"Okres Šaľa";2265;17;2282;"SK0235"
2021-02-28;"Okres Topoľčany";5726;25;5751;"SK0236"
2021-02-28;"Okres Trebišov";5265;60;5325;"SK042B"
2021-02-28;"Okres Trenčín";4814;40;4854;"SK0229"
2021-02-28;"Okres Trnava";13243;81;13324;"SK0217"
2021-02-28;"Okres Turčianske Teplice";2327;18;2345;"SK0319"
2021-02-28;"Okres Tvrdošín";1468;9;1477;"SK031A"
2021-02-28;"Okres Veľký Krtíš";1182;16;1198;"SK032A"
2021-02-28;"Okres Vranov nad Topľou";6471;58;6529;"SK041D"
2021-02-28;"Okres Zlaté Moravce";1961;6;1967;"SK0237"
2021-02-28;"Okres Zvolen";4387;35;4422;"SK032B"
2021-02-28;"Okres Žarnovica";386;5;391;"SK032C"
2021-02-28;"Okres Žiar nad Hronom";2257;21;2278;"SK032D"
2021-02-28;"Okres Žilina";8998;56;9054;"SK031B"
2021-03-01;"Okres Bánovce nad Bebravou";1008;14;1022;"SK0221"
2021-03-01;"Okres Banská Bystrica";7112;56;7168;"SK0321"
2021-03-01;"Okres Banská Štiavnica";914;13;927;"SK0322"
2021-03-01;"Okres Bardejov";4167;67;4234;"SK0411"
2021-03-01;"Okres Bratislava I";4796;23;4819;"SK0101"
2021-03-01;"Okres Bratislava II";8741;88;8829;"SK0102"
2021-03-01;"Okres Bratislava III";7918;70;7988;"SK0103"
2021-03-01;"Okres Bratislava IV";6189;69;6258;"SK0104"
2021-03-01;"Okres Bratislava V";9133;82;9215;"SK0105"
2021-03-01;"Okres Brezno";1958;31;1989;"SK0323"
2021-03-01;"Okres Bytča";757;14;771;"SK0311"
2021-03-01;"Okres Čadca";5720;82;5802;"SK0312"
2021-03-01;"Okres Detva";1132;16;1148;"SK0324"
2021-03-01;"Okres Dolný Kubín";2836;42;2878;"SK0313"
2021-03-01;"Okres Dunajská Streda";4329;56;4385;"SK0211"
2021-03-01;"Okres Galanta";2865;43;2908;"SK0212"
2021-03-01;"Okres Gelnica";526;22;548;"SK0421"
2021-03-01;"Okres Hlohovec";1079;19;1098;"SK0213"
2021-03-01;"Okres Humenné";2477;49;2526;"SK0412"
2021-03-01;"Okres Ilava";3335;90;3425;"SK0222"
2021-03-01;"Okres Kežmarok";2514;28;2542;"SK0413"
2021-03-01;"Okres Komárno";3522;69;3591;"SK0231"
2021-03-01;"Okres Košice - okolie";810;12;822;"SK0426"
2021-03-01;"Okres Košice I";2896;25;2921;"SK0422"
2021-03-01;"Okres Košice II";7351;86;7437;"SK0423"
2021-03-01;"Okres Košice III";1241;18;1259;"SK0424"
2021-03-01;"Okres Košice IV";5227;189;5416;"SK0425"
2021-03-01;"Okres Krupina";1679;10;1689;"SK0325"
2021-03-01;"Okres Kysucké Nové Mesto";1421;23;1444;"SK0314"
2021-03-01;"Okres Levice";3851;55;3906;"SK0232"
2021-03-01;"Okres Levoča";996;14;1010;"SK0414"
2021-03-01;"Okres Liptovský Mikuláš";5103;96;5199;"SK0315"
2021-03-01;"Okres Lučenec";4238;43;4281;"SK0326"
2021-03-01;"Okres Malacky";2696;60;2756;"SK0106"
2021-03-01;"Okres Martin";4721;79;4800;"SK0316"
2021-03-01;"Okres Medzilaborce";393;3;396;"SK0415"
2021-03-01;"Okres Michalovce";4133;63;4196;"SK0427"
2021-03-01;"Okres Myjava";663;6;669;"SK0223"
2021-03-01;"Okres Námestovo";1118;19;1137;"SK0317"
2021-03-01;"Okres Nitra";9201;39;9240;"SK0233"
2021-03-01;"Okres Nové Mesto nad Váhom";1468;42;1510;"SK0224"
2021-03-01;"Okres Nové Zámky";5161;70;5231;"SK0234"
2021-03-01;"Okres Partizánske";1377;47;1424;"SK0225"
2021-03-01;"Okres Pezinok";2646;115;2761;"SK0107"
2021-03-01;"Okres Piešťany";2358;35;2393;"SK0214"
2021-03-01;"Okres Poltár";408;12;420;"SK0327"
2021-03-01;"Okres Poprad";5460;103;5563;"SK0416"
2021-03-01;"Okres Považská Bystrica";3528;53;3581;"SK0226"
2021-03-01;"Okres Prešov";7204;62;7266;"SK0417"
2021-03-01;"Okres Prievidza";4075;75;4150;"SK0227"
2021-03-01;"Okres Púchov";2095;49;2144;"SK0228"
2021-03-01;"Okres Revúca";1892;47;1939;"SK0328"
2021-03-01;"Okres Rimavská Sobota";3735;68;3803;"SK0329"
2021-03-01;"Okres Rožňava";3730;49;3779;"SK0428"
2021-03-01;"Okres Ružomberok";3091;46;3137;"SK0318"
2021-03-01;"Okres Sabinov";2296;53;2349;"SK0418"
2021-03-01;"Okres Senec";4230;49;4279;"SK0108"
2021-03-01;"Okres Senica";1487;39;1526;"SK0215"
2021-03-01;"Okres Skalica";3789;42;3831;"SK0216"
2021-03-01;"Okres Snina";1928;30;1958;"SK0419"
2021-03-01;"Okres Sobrance";787;8;795;"SK0429"
2021-03-01;"Okres Spišská Nová Ves";3896;81;3977;"SK042A"
2021-03-01;"Okres Stará Ľubovňa";1001;11;1012;"SK041A"
2021-03-01;"Okres Stropkov";637;8;645;"SK041B"
2021-03-01;"Okres Svidník";756;4;760;"SK041C"
2021-03-01;"Okres Šaľa";3930;38;3968;"SK0235"
2021-03-01;"Okres Topoľčany";1835;23;1858;"SK0236"
2021-03-01;"Okres Trebišov";3485;41;3526;"SK042B"
2021-03-01;"Okres Trenčín";7187;114;7301;"SK0229"
2021-03-01;"Okres Trnava";4143;23;4166;"SK0217"
2021-03-01;"Okres Turčianske Teplice";499;5;504;"SK0319"
2021-03-01;"Okres Tvrdošín";1352;16;1368;"SK031A"
2021-03-01;"Okres Veľký Krtíš";2173;29;2202;"SK032A"
2021-03-01;"Okres Vranov nad Topľou";1743;33;1776;"SK041D"
2021-03-01;"Okres Zlaté Moravce";2005;2;2007;"SK0237"
2021-03-01;"Okres Zvolen";4479;54;4533;"SK032B"
2021-03-01;"Okres Žarnovica";1317;43;1360;"SK032C"
2021-03-01;"Okres Žiar nad Hronom";4973;61;5034;"SK032D"
2021-03-01;"Okres Žilina";7113;70;7183;"SK031B"
2021-03-02;"Okres Bánovce nad Bebravou";2850;53;2903;"SK0221"
2021-03-02;"Okres Banská Bystrica";6121;51;6172;"SK0321"
2021-03-02;"Okres Banská Štiavnica";1100;27;1127;"SK0322"
2021-03-02;"Okres Bardejov";3535;54;3589;"SK0411"
2021-03-02;"Okres Bratislava I";7772;57;7829;"SK0101"
2021-03-02;"Okres Bratislava II";9112;69;9181;"SK0102"
2021-03-02;"Okres Bratislava III";7244;57;7301;"SK0103"
2021-03-02;"Okres Bratislava IV";5069;29;5098;"SK0104"
2021-03-02;"Okres Bratislava V";8920;88;9008;"SK0105"
2021-03-02;"Okres Brezno";1317;33;1350;"SK0323"
2021-03-02;"Okres Bytča";623;15;638;"SK0311"
2021-03-02;"Okres Čadca";4953;62;5015;"SK0312"
2021-03-02;"Okres Detva";1338;27;1365;"SK0324"
2021-03-02;"Okres Dolný Kubín";1502;35;1537;"SK0313"
2021-03-02;"Okres Dunajská Streda";2766;55;2821;"SK0211"
2021-03-02;"Okres Galanta";3027;30;3057;"SK0212"
2021-03-02;"Okres Gelnica";516;20;536;"SK0421"
2021-03-02;"Okres Hlohovec";685;20;705;"SK0213"
2021-03-02;"Okres Humenné";1885;18;1903;"SK0412"
2021-03-02;"Okres Ilava";2322;75;2397;"SK0222"
2021-03-02;"Okres Kežmarok";2600;52;2652;"SK0413"
2021-03-02;"Okres Komárno";5859;122;5981;"SK0231"
2021-03-02;"Okres Košice - okolie";713;15;728;"SK0426"
2021-03-02;"Okres Košice I";2688;18;2706;"SK0422"
2021-03-02;"Okres Košice II";5341;69;5410;"SK0423"
2021-03-02;"Okres Košice III";1069;26;1095;"SK0424"
2021-03-02;"Okres Košice IV";3721;67;3788;"SK0425"
2021-03-02;"Okres Krupina";579;6;585;"SK0325"
2021-03-02;"Okres Kysucké Nové Mesto";1313;30;1343;"SK0314"
2021-03-02;"Okres Levice";3149;35;3184;"SK0232"
2021-03-02;"Okres Levoča";923;13;936;"SK0414"
2021-03-02;"Okres Liptovský Mikuláš";3530;77;3607;"SK0315"
2021-03-02;"Okres Lučenec";2927;38;2965;"SK0326"
2021-03-02;"Okres Malacky";3461;60;3521;"SK0106"
2021-03-02;"Okres Martin";5036;54;5090;"SK0316"
2021-03-02;"Okres Medzilaborce";338;8;346;"SK0415"
2021-03-02;"Okres Michalovce";4397;61;4458;"SK0427"
2021-03-02;"Okres Myjava";651;4;655;"SK0223"
2021-03-02;"Okres Námestovo";1142;29;1171;"SK0317"
2021-03-02;"Okres Nitra";5644;139;5783;"SK0233"
2021-03-02;"Okres Nové Mesto nad Váhom";1984;41;2025;"SK0224"
2021-03-02;"Okres Nové Zámky";3780;30;3810;"SK0234"
2021-03-02;"Okres Partizánske";1295;30;1325;"SK0225"
2021-03-02;"Okres Pezinok";2129;71;2200;"SK0107"
2021-03-02;"Okres Piešťany";2884;35;2919;"SK0214"
2021-03-02;"Okres Poltár";190;3;193;"SK0327"
2021-03-02;"Okres Poprad";4193;71;4264;"SK0416"
2021-03-02;"Okres Považská Bystrica";3466;55;3521;"SK0226"
2021-03-02;"Okres Prešov";4991;70;5061;"SK0417"
2021-03-02;"Okres Prievidza";2452;46;2498;"SK0227"
2021-03-02;"Okres Púchov";1023;20;1043;"SK0228"
2021-03-02;"Okres Revúca";1427;35;1462;"SK0328"
2021-03-02;"Okres Rimavská Sobota";2625;57;2682;"SK0329"
2021-03-02;"Okres Rožňava";2163;46;2209;"SK0428"
2021-03-02;"Okres Ružomberok";4214;58;4272;"SK0318"
2021-03-02;"Okres Sabinov";1454;23;1477;"SK0418"
2021-03-02;"Okres Senec";4829;44;4873;"SK0108"
2021-03-02;"Okres Senica";1005;35;1040;"SK0215"
2021-03-02;"Okres Skalica";1230;17;1247;"SK0216"
2021-03-02;"Okres Snina";1374;18;1392;"SK0419"
2021-03-02;"Okres Sobrance";646;6;652;"SK0429"
2021-03-02;"Okres Spišská Nová Ves";3799;65;3864;"SK042A"
2021-03-02;"Okres Stará Ľubovňa";897;16;913;"SK041A"
2021-03-02;"Okres Stropkov";587;10;597;"SK041B"
2021-03-02;"Okres Svidník";881;13;894;"SK041C"
2021-03-02;"Okres Šaľa";1351;11;1362;"SK0235"
2021-03-02;"Okres Topoľčany";1488;26;1514;"SK0236"
2021-03-02;"Okres Trebišov";1617;32;1649;"SK042B"
2021-03-02;"Okres Trenčín";5689;76;5765;"SK0229"
2021-03-02;"Okres Trnava";1706;12;1718;"SK0217"
2021-03-02;"Okres Turčianske Teplice";428;2;430;"SK0319"
2021-03-02;"Okres Tvrdošín";1399;12;1411;"SK031A"
2021-03-02;"Okres Veľký Krtíš";1478;17;1495;"SK032A"
2021-03-02;"Okres Vranov nad Topľou";1955;40;1995;"SK041D"
2021-03-02;"Okres Zlaté Moravce";823;8;831;"SK0237"
2021-03-02;"Okres Zvolen";3624;52;3676;"SK032B"
2021-03-02;"Okres Žarnovica";1145;14;1159;"SK032C"
2021-03-02;"Okres Žiar nad Hronom";1291;29;1320;"SK032D"
2021-03-02;"Okres Žilina";5116;63;5179;"SK031B"
2021-03-03;"Okres Bánovce nad Bebravou";768;12;780;"SK0221"
2021-03-03;"Okres Banská Bystrica";5777;44;5821;"SK0321"
2021-03-03;"Okres Banská Štiavnica";708;11;719;"SK0322"
2021-03-03;"Okres Bardejov";3572;58;3630;"SK0411"
2021-03-03;"Okres Bratislava I";3382;16;3398;"SK0101"
2021-03-03;"Okres Bratislava II";7648;83;7731;"SK0102"
2021-03-03;"Okres Bratislava III";5716;47;5763;"SK0103"
2021-03-03;"Okres Bratislava IV";4695;43;4738;"SK0104"
2021-03-03;"Okres Bratislava V";8344;109;8453;"SK0105"
2021-03-03;"Okres Brezno";1228;12;1240;"SK0323"
2021-03-03;"Okres Bytča";542;20;562;"SK0311"
2021-03-03;"Okres Čadca";4579;119;4698;"SK0312"
2021-03-03;"Okres Detva";1099;13;1112;"SK0324"
2021-03-03;"Okres Dolný Kubín";1466;29;1495;"SK0313"
2021-03-03;"Okres Dunajská Streda";2565;55;2620;"SK0211"
2021-03-03;"Okres Galanta";1927;54;1981;"SK0212"
2021-03-03;"Okres Gelnica";561;12;573;"SK0421"
2021-03-03;"Okres Hlohovec";1363;17;1380;"SK0213"
2021-03-03;"Okres Humenné";1520;31;1551;"SK0412"
2021-03-03;"Okres Ilava";1926;86;2012;"SK0222"
2021-03-03;"Okres Kežmarok";1768;33;1801;"SK0413"
2021-03-03;"Okres Komárno";2293;40;2333;"SK0231"
2021-03-03;"Okres Košice - okolie";619;8;627;"SK0426"
2021-03-03;"Okres Košice I";2312;19;2331;"SK0422"
2021-03-03;"Okres Košice II";5495;55;5550;"SK0423"
2021-03-03;"Okres Košice III";896;15;911;"SK0424"
2021-03-03;"Okres Košice IV";4009;53;4062;"SK0425"
2021-03-03;"Okres Krupina";401;5;406;"SK0325"
2021-03-03;"Okres Kysucké Nové Mesto";1197;24;1221;"SK0314"
2021-03-03;"Okres Levice";3473;43;3516;"SK0232"
2021-03-03;"Okres Levoča";731;11;742;"SK0414"
2021-03-03;"Okres Liptovský Mikuláš";3049;61;3110;"SK0315"
2021-03-03;"Okres Lučenec";3587;37;3624;"SK0326"
2021-03-03;"Okres Malacky";2109;46;2155;"SK0106"
2021-03-03;"Okres Martin";6594;65;6659;"SK0316"
2021-03-03;"Okres Medzilaborce";275;5;280;"SK0415"
2021-03-03;"Okres Michalovce";4181;38;4219;"SK0427"
2021-03-03;"Okres Myjava";412;3;415;"SK0223"
2021-03-03;"Okres Námestovo";749;23;772;"SK0317"
2021-03-03;"Okres Nitra";5862;21;5883;"SK0233"
2021-03-03;"Okres Nové Mesto nad Váhom";801;28;829;"SK0224"
2021-03-03;"Okres Nové Zámky";3280;51;3331;"SK0234"
2021-03-03;"Okres Partizánske";1102;22;1124;"SK0225"
2021-03-03;"Okres Pezinok";2335;64;2399;"SK0107"
2021-03-03;"Okres Piešťany";2705;58;2763;"SK0214"
2021-03-03;"Okres Poltár";225;4;229;"SK0327"
2021-03-03;"Okres Poprad";4633;77;4710;"SK0416"
2021-03-03;"Okres Považská Bystrica";2421;57;2478;"SK0226"
2021-03-03;"Okres Prešov";5852;72;5924;"SK0417"
2021-03-03;"Okres Prievidza";2462;49;2511;"SK0227"
2021-03-03;"Okres Púchov";876;33;909;"SK0228"
2021-03-03;"Okres Revúca";1297;23;1320;"SK0328"
2021-03-03;"Okres Rimavská Sobota";2903;55;2958;"SK0329"
2021-03-03;"Okres Rožňava";1846;41;1887;"SK0428"
2021-03-03;"Okres Ružomberok";2693;32;2725;"SK0318"
2021-03-03;"Okres Sabinov";1163;16;1179;"SK0418"
2021-03-03;"Okres Senec";3666;43;3709;"SK0108"
2021-03-03;"Okres Senica";988;31;1019;"SK0215"
2021-03-03;"Okres Skalica";1476;29;1505;"SK0216"
2021-03-03;"Okres Snina";1214;8;1222;"SK0419"
2021-03-03;"Okres Sobrance";729;11;740;"SK0429"
2021-03-03;"Okres Spišská Nová Ves";3275;46;3321;"SK042A"
2021-03-03;"Okres Stará Ľubovňa";990;18;1008;"SK041A"
2021-03-03;"Okres Stropkov";624;8;632;"SK041B"
2021-03-03;"Okres Svidník";763;12;775;"SK041C"
2021-03-03;"Okres Šaľa";1064;13;1077;"SK0235"
2021-03-03;"Okres Topoľčany";1321;14;1335;"SK0236"
2021-03-03;"Okres Trebišov";1990;42;2032;"SK042B"
2021-03-03;"Okres Trenčín";4472;81;4553;"SK0229"
2021-03-03;"Okres Trnava";1919;39;1958;"SK0217"
2021-03-03;"Okres Turčianske Teplice";524;5;529;"SK0319"
2021-03-03;"Okres Tvrdošín";1358;4;1362;"SK031A"
2021-03-03;"Okres Veľký Krtíš";1485;26;1511;"SK032A"
2021-03-03;"Okres Vranov nad Topľou";1498;38;1536;"SK041D"
2021-03-03;"Okres Zlaté Moravce";858;4;862;"SK0237"
2021-03-03;"Okres Zvolen";3073;56;3129;"SK032B"
2021-03-03;"Okres Žarnovica";1228;34;1262;"SK032C"
2021-03-03;"Okres Žiar nad Hronom";1600;44;1644;"SK032D"
2021-03-03;"Okres Žilina";5937;67;6004;"SK031B"
2021-03-04;"Okres Bánovce nad Bebravou";1090;22;1112;"SK0221"
2021-03-04;"Okres Banská Bystrica";5091;35;5126;"SK0321"
2021-03-04;"Okres Banská Štiavnica";730;12;742;"SK0322"
2021-03-04;"Okres Bardejov";3564;32;3596;"SK0411"
2021-03-04;"Okres Bratislava I";4612;28;4640;"SK0101"
2021-03-04;"Okres Bratislava II";8604;90;8694;"SK0102"
2021-03-04;"Okres Bratislava III";6550;37;6587;"SK0103"
2021-03-04;"Okres Bratislava IV";5056;46;5102;"SK0104"
2021-03-04;"Okres Bratislava V";6278;72;6350;"SK0105"
2021-03-04;"Okres Brezno";894;26;920;"SK0323"
2021-03-04;"Okres Bytča";540;18;558;"SK0311"
2021-03-04;"Okres Čadca";4294;120;4414;"SK0312"
2021-03-04;"Okres Detva";1273;15;1288;"SK0324"
2021-03-04;"Okres Dolný Kubín";1625;28;1653;"SK0313"
2021-03-04;"Okres Dunajská Streda";3085;45;3130;"SK0211"
2021-03-04;"Okres Galanta";3656;25;3681;"SK0212"
2021-03-04;"Okres Gelnica";638;10;648;"SK0421"
2021-03-04;"Okres Hlohovec";1029;21;1050;"SK0213"
2021-03-04;"Okres Humenné";1580;50;1630;"SK0412"
2021-03-04;"Okres Ilava";2301;64;2365;"SK0222"
2021-03-04;"Okres Kežmarok";2165;31;2196;"SK0413"
2021-03-04;"Okres Komárno";1961;43;2004;"SK0231"
2021-03-04;"Okres Košice - okolie";639;6;645;"SK0426"
2021-03-04;"Okres Košice I";2628;16;2644;"SK0422"
2021-03-04;"Okres Košice II";5868;61;5929;"SK0423"
2021-03-04;"Okres Košice III";718;9;727;"SK0424"
2021-03-04;"Okres Košice IV";4509;77;4586;"SK0425"
2021-03-04;"Okres Krupina";449;3;452;"SK0325"
2021-03-04;"Okres Kysucké Nové Mesto";1182;30;1212;"SK0314"
2021-03-04;"Okres Levice";2494;47;2541;"SK0232"
2021-03-04;"Okres Levoča";1055;26;1081;"SK0414"
2021-03-04;"Okres Liptovský Mikuláš";3533;61;3594;"SK0315"
2021-03-04;"Okres Lučenec";3084;45;3129;"SK0326"
2021-03-04;"Okres Malacky";2460;45;2505;"SK0106"
2021-03-04;"Okres Martin";5855;54;5909;"SK0316"
2021-03-04;"Okres Medzilaborce";248;3;251;"SK0415"
2021-03-04;"Okres Michalovce";3488;38;3526;"SK0427"
2021-03-04;"Okres Myjava";561;8;569;"SK0223"
2021-03-04;"Okres Námestovo";3793;12;3805;"SK0317"
2021-03-04;"Okres Nitra";7521;20;7541;"SK0233"
2021-03-04;"Okres Nové Mesto nad Váhom";1150;22;1172;"SK0224"
2021-03-04;"Okres Nové Zámky";2791;38;2829;"SK0234"
2021-03-04;"Okres Partizánske";1444;21;1465;"SK0225"
2021-03-04;"Okres Pezinok";2585;58;2643;"SK0107"
2021-03-04;"Okres Piešťany";2762;21;2783;"SK0214"
2021-03-04;"Okres Poltár";219;12;231;"SK0327"
2021-03-04;"Okres Poprad";3743;68;3811;"SK0416"
2021-03-04;"Okres Považská Bystrica";2841;49;2890;"SK0226"
2021-03-04;"Okres Prešov";6662;89;6751;"SK0417"
2021-03-04;"Okres Prievidza";3168;50;3218;"SK0227"
2021-03-04;"Okres Púchov";1741;22;1763;"SK0228"
2021-03-04;"Okres Revúca";1544;33;1577;"SK0328"
2021-03-04;"Okres Rimavská Sobota";2916;76;2992;"SK0329"
2021-03-04;"Okres Rožňava";1849;44;1893;"SK0428"
2021-03-04;"Okres Ružomberok";2320;31;2351;"SK0318"
2021-03-04;"Okres Sabinov";1432;26;1458;"SK0418"
2021-03-04;"Okres Senec";3951;22;3973;"SK0108"
2021-03-04;"Okres Senica";1335;34;1369;"SK0215"
2021-03-04;"Okres Skalica";2807;22;2829;"SK0216"
2021-03-04;"Okres Snina";1154;15;1169;"SK0419"
2021-03-04;"Okres Sobrance";689;18;707;"SK0429"
2021-03-04;"Okres Spišská Nová Ves";4029;39;4068;"SK042A"
2021-03-04;"Okres Stará Ľubovňa";1071;11;1082;"SK041A"
2021-03-04;"Okres Stropkov";718;12;730;"SK041B"
2021-03-04;"Okres Svidník";871;12;883;"SK041C"
2021-03-04;"Okres Šaľa";1781;7;1788;"SK0235"
2021-03-04;"Okres Topoľčany";1310;19;1329;"SK0236"
2021-03-04;"Okres Trebišov";2136;45;2181;"SK042B"
2021-03-04;"Okres Trenčín";4380;86;4466;"SK0229"
2021-03-04;"Okres Trnava";2014;29;2043;"SK0217"
2021-03-04;"Okres Turčianske Teplice";733;5;738;"SK0319"
2021-03-04;"Okres Tvrdošín";2236;5;2241;"SK031A"
2021-03-04;"Okres Veľký Krtíš";1909;19;1928;"SK032A"
2021-03-04;"Okres Vranov nad Topľou";2120;26;2146;"SK041D"
2021-03-04;"Okres Zlaté Moravce";1000;6;1006;"SK0237"
2021-03-04;"Okres Zvolen";3529;53;3582;"SK032B"
2021-03-04;"Okres Žarnovica";1644;30;1674;"SK032C"
2021-03-04;"Okres Žiar nad Hronom";1160;31;1191;"SK032D"
2021-03-04;"Okres Žilina";8949;86;9035;"SK031B"
2021-03-05;"Okres Bánovce nad Bebravou";2534;39;2573;"SK0221"
2021-03-05;"Okres Banská Bystrica";10673;53;10726;"SK0321"
2021-03-05;"Okres Banská Štiavnica";1313;14;1327;"SK0322"
2021-03-05;"Okres Bardejov";7866;75;7941;"SK0411"
2021-03-05;"Okres Bratislava I";4976;8;4984;"SK0101"
2021-03-05;"Okres Bratislava II";13572;56;13628;"SK0102"
2021-03-05;"Okres Bratislava III";8144;34;8178;"SK0103"
2021-03-05;"Okres Bratislava IV";8130;63;8193;"SK0104"
2021-03-05;"Okres Bratislava V";7569;58;7627;"SK0105"
2021-03-05;"Okres Brezno";2916;26;2942;"SK0323"
2021-03-05;"Okres Bytča";2678;34;2712;"SK0311"
2021-03-05;"Okres Čadca";7196;93;7289;"SK0312"
2021-03-05;"Okres Detva";1715;13;1728;"SK0324"
2021-03-05;"Okres Dolný Kubín";3530;40;3570;"SK0313"
2021-03-05;"Okres Dunajská Streda";6437;55;6492;"SK0211"
2021-03-05;"Okres Galanta";5963;52;6015;"SK0212"
2021-03-05;"Okres Gelnica";2399;28;2427;"SK0421"
2021-03-05;"Okres Hlohovec";2070;12;2082;"SK0213"
2021-03-05;"Okres Humenné";3203;43;3246;"SK0412"
2021-03-05;"Okres Ilava";5363;103;5466;"SK0222"
2021-03-05;"Okres Kežmarok";3675;25;3700;"SK0413"
2021-03-05;"Okres Komárno";4966;71;5037;"SK0231"
2021-03-05;"Okres Košice - okolie";2129;21;2150;"SK0426"
2021-03-05;"Okres Košice I";6167;36;6203;"SK0422"
2021-03-05;"Okres Košice II";9756;64;9820;"SK0423"
2021-03-05;"Okres Košice III";1158;3;1161;"SK0424"
2021-03-05;"Okres Košice IV";5823;97;5920;"SK0425"
2021-03-05;"Okres Krupina";1969;29;1998;"SK0325"
2021-03-05;"Okres Kysucké Nové Mesto";1924;20;1944;"SK0314"
2021-03-05;"Okres Levice";4813;47;4860;"SK0232"
2021-03-05;"Okres Levoča";1513;18;1531;"SK0414"
2021-03-05;"Okres Liptovský Mikuláš";8111;88;8199;"SK0315"
2021-03-05;"Okres Lučenec";5500;60;5560;"SK0326"
2021-03-05;"Okres Malacky";6146;46;6192;"SK0106"
2021-03-05;"Okres Martin";6701;56;6757;"SK0316"
2021-03-05;"Okres Medzilaborce";335;5;340;"SK0415"
2021-03-05;"Okres Michalovce";7018;66;7084;"SK0427"
2021-03-05;"Okres Myjava";2872;18;2890;"SK0223"
2021-03-05;"Okres Námestovo";6228;30;6258;"SK0317"
2021-03-05;"Okres Nitra";15594;25;15619;"SK0233"
2021-03-05;"Okres Nové Mesto nad Váhom";3015;43;3058;"SK0224"
2021-03-05;"Okres Nové Zámky";5471;27;5498;"SK0234"
2021-03-05;"Okres Partizánske";2312;14;2326;"SK0225"
2021-03-05;"Okres Pezinok";3438;25;3463;"SK0107"
2021-03-05;"Okres Piešťany";3502;21;3523;"SK0214"
2021-03-05;"Okres Poltár";322;7;329;"SK0327"
2021-03-05;"Okres Poprad";9040;86;9126;"SK0416"
2021-03-05;"Okres Považská Bystrica";5399;73;5472;"SK0226"
2021-03-05;"Okres Prešov";13745;72;13817;"SK0417"
2021-03-05;"Okres Prievidza";5655;67;5722;"SK0227"
2021-03-05;"Okres Púchov";2138;22;2160;"SK0228"
2021-03-05;"Okres Revúca";3937;35;3972;"SK0328"
2021-03-05;"Okres Rimavská Sobota";4932;54;4986;"SK0329"
2021-03-05;"Okres Rožňava";4236;60;4296;"SK0428"
2021-03-05;"Okres Ružomberok";3570;39;3609;"SK0318"
2021-03-05;"Okres Sabinov";2788;18;2806;"SK0418"
2021-03-05;"Okres Senec";6575;48;6623;"SK0108"
2021-03-05;"Okres Senica";3270;50;3320;"SK0215"
2021-03-05;"Okres Skalica";3154;25;3179;"SK0216"
2021-03-05;"Okres Snina";1734;10;1744;"SK0419"
2021-03-05;"Okres Sobrance";1952;22;1974;"SK0429"
2021-03-05;"Okres Spišská Nová Ves";6476;76;6552;"SK042A"
2021-03-05;"Okres Stará Ľubovňa";1997;19;2016;"SK041A"
2021-03-05;"Okres Stropkov";1070;19;1089;"SK041B"
2021-03-05;"Okres Svidník";2478;17;2495;"SK041C"
2021-03-05;"Okres Šaľa";4234;17;4251;"SK0235"
2021-03-05;"Okres Topoľčany";2487;17;2504;"SK0236"
2021-03-05;"Okres Trebišov";3399;46;3445;"SK042B"
2021-03-05;"Okres Trenčín";8069;78;8147;"SK0229"
2021-03-05;"Okres Trnava";6555;42;6597;"SK0217"
2021-03-05;"Okres Turčianske Teplice";1258;13;1271;"SK0319"
2021-03-05;"Okres Tvrdošín";4640;22;4662;"SK031A"
2021-03-05;"Okres Veľký Krtíš";4014;39;4053;"SK032A"
2021-03-05;"Okres Vranov nad Topľou";3666;53;3719;"SK041D"
2021-03-05;"Okres Zlaté Moravce";2506;2;2508;"SK0237"
2021-03-05;"Okres Zvolen";5411;41;5452;"SK032B"
2021-03-05;"Okres Žarnovica";1312;26;1338;"SK032C"
2021-03-05;"Okres Žiar nad Hronom";2180;28;2208;"SK032D"
2021-03-05;"Okres Žilina";9960;106;10066;"SK031B"
2021-03-06;"Okres Bánovce nad Bebravou";8509;23;8532;"SK0221"
2021-03-06;"Okres Banská Bystrica";10012;49;10061;"SK0321"
2021-03-06;"Okres Banská Štiavnica";1076;4;1080;"SK0322"
2021-03-06;"Okres Bardejov";11002;73;11075;"SK0411"
2021-03-06;"Okres Bratislava I";3708;17;3725;"SK0101"
2021-03-06;"Okres Bratislava II";12049;82;12131;"SK0102"
2021-03-06;"Okres Bratislava III";7842;42;7884;"SK0103"
2021-03-06;"Okres Bratislava IV";9050;48;9098;"SK0104"
2021-03-06;"Okres Bratislava V";13677;93;13770;"SK0105"
2021-03-06;"Okres Brezno";10333;54;10387;"SK0323"
2021-03-06;"Okres Bytča";5025;20;5045;"SK0311"
2021-03-06;"Okres Čadca";14562;137;14699;"SK0312"
2021-03-06;"Okres Detva";5642;34;5676;"SK0324"
2021-03-06;"Okres Dolný Kubín";4329;25;4354;"SK0313"
2021-03-06;"Okres Dunajská Streda";40658;146;40804;"SK0211"
2021-03-06;"Okres Galanta";17740;46;17786;"SK0212"
2021-03-06;"Okres Gelnica";3709;30;3739;"SK0421"
2021-03-06;"Okres Hlohovec";9869;35;9904;"SK0213"
2021-03-06;"Okres Humenné";11909;55;11964;"SK0412"
2021-03-06;"Okres Ilava";8575;85;8660;"SK0222"
2021-03-06;"Okres Kežmarok";12183;84;12267;"SK0413"
2021-03-06;"Okres Komárno";15171;81;15252;"SK0231"
2021-03-06;"Okres Košice - okolie";30751;172;30923;"SK0426"
2021-03-06;"Okres Košice I";6551;19;6570;"SK0422"
2021-03-06;"Okres Košice II";10161;46;10207;"SK0423"
2021-03-06;"Okres Košice III";1399;5;1404;"SK0424"
2021-03-06;"Okres Košice IV";6560;22;6582;"SK0425"
2021-03-06;"Okres Krupina";2851;13;2864;"SK0325"
2021-03-06;"Okres Kysucké Nové Mesto";4757;36;4793;"SK0314"
2021-03-06;"Okres Levice";23732;63;23795;"SK0232"
2021-03-06;"Okres Levoča";4446;21;4467;"SK0414"
2021-03-06;"Okres Liptovský Mikuláš";11317;131;11448;"SK0315"
2021-03-06;"Okres Lučenec";4891;36;4927;"SK0326"
2021-03-06;"Okres Malacky";11924;103;12027;"SK0106"
2021-03-06;"Okres Martin";10424;79;10503;"SK0316"
2021-03-06;"Okres Medzilaborce";1064;1;1065;"SK0415"
2021-03-06;"Okres Michalovce";11856;70;11926;"SK0427"
2021-03-06;"Okres Myjava";2264;17;2281;"SK0223"
2021-03-06;"Okres Námestovo";9324;45;9369;"SK0317"
2021-03-06;"Okres Nitra";22500;30;22530;"SK0233"
2021-03-06;"Okres Nové Mesto nad Váhom";18193;125;18318;"SK0224"
2021-03-06;"Okres Nové Zámky";30818;105;30923;"SK0234"
2021-03-06;"Okres Partizánske";10768;33;10801;"SK0225"
2021-03-06;"Okres Pezinok";4998;24;5022;"SK0107"
2021-03-06;"Okres Piešťany";10369;49;10418;"SK0214"
2021-03-06;"Okres Poltár";3372;25;3397;"SK0327"
2021-03-06;"Okres Poprad";14153;102;14255;"SK0416"
2021-03-06;"Okres Považská Bystrica";6250;40;6290;"SK0226"
2021-03-06;"Okres Prešov";11986;78;12064;"SK0417"
2021-03-06;"Okres Prievidza";6292;60;6352;"SK0227"
2021-03-06;"Okres Púchov";8881;66;8947;"SK0228"
2021-03-06;"Okres Revúca";3748;41;3789;"SK0328"
2021-03-06;"Okres Rimavská Sobota";4407;29;4436;"SK0329"
2021-03-06;"Okres Rožňava";10306;84;10390;"SK0428"
2021-03-06;"Okres Ružomberok";8274;37;8311;"SK0318"
2021-03-06;"Okres Sabinov";7597;58;7655;"SK0418"
2021-03-06;"Okres Senec";20451;77;20528;"SK0108"
2021-03-06;"Okres Senica";16654;110;16764;"SK0215"
2021-03-06;"Okres Skalica";4831;41;4872;"SK0216"
2021-03-06;"Okres Snina";5760;21;5781;"SK0419"
2021-03-06;"Okres Sobrance";4894;22;4916;"SK0429"
2021-03-06;"Okres Spišská Nová Ves";10476;52;10528;"SK042A"
2021-03-06;"Okres Stará Ľubovňa";7268;36;7304;"SK041A"
2021-03-06;"Okres Stropkov";1053;9;1062;"SK041B"
2021-03-06;"Okres Svidník";3441;10;3451;"SK041C"
2021-03-06;"Okres Šaľa";5105;20;5125;"SK0235"
2021-03-06;"Okres Topoľčany";13788;29;13817;"SK0236"
2021-03-06;"Okres Trebišov";19110;90;19200;"SK042B"
2021-03-06;"Okres Trenčín";14872;110;14982;"SK0229"
2021-03-06;"Okres Trnava";37448;112;37560;"SK0217"
2021-03-06;"Okres Turčianske Teplice";1692;15;1707;"SK0319"
2021-03-06;"Okres Tvrdošín";3271;5;3276;"SK031A"
2021-03-06;"Okres Veľký Krtíš";6381;64;6445;"SK032A"
2021-03-06;"Okres Vranov nad Topľou";10228;88;10316;"SK041D"
2021-03-06;"Okres Zlaté Moravce";7868;14;7882;"SK0237"
2021-03-06;"Okres Zvolen";12096;41;12137;"SK032B"
2021-03-06;"Okres Žarnovica";2978;18;2996;"SK032C"
2021-03-06;"Okres Žiar nad Hronom";6802;26;6828;"SK032D"
2021-03-06;"Okres Žilina";24680;123;24803;"SK031B"
2021-03-07;"Okres Bánovce nad Bebravou";2599;18;2617;"SK0221"
2021-03-07;"Okres Banská Bystrica";7233;45;7278;"SK0321"
2021-03-07;"Okres Banská Štiavnica";350;4;354;"SK0322"
2021-03-07;"Okres Bardejov";3610;26;3636;"SK0411"
2021-03-07;"Okres Bratislava I";3131;9;3140;"SK0101"
2021-03-07;"Okres Bratislava II";11957;60;12017;"SK0102"
2021-03-07;"Okres Bratislava III";7040;51;7091;"SK0103"
2021-03-07;"Okres Bratislava IV";8549;41;8590;"SK0104"
2021-03-07;"Okres Bratislava V";12975;81;13056;"SK0105"
2021-03-07;"Okres Brezno";4501;31;4532;"SK0323"
2021-03-07;"Okres Bytča";1145;7;1152;"SK0311"
2021-03-07;"Okres Čadca";8823;83;8906;"SK0312"
2021-03-07;"Okres Detva";5196;27;5223;"SK0324"
2021-03-07;"Okres Dolný Kubín";1700;20;1720;"SK0313"
2021-03-07;"Okres Dunajská Streda";17592;66;17658;"SK0211"
2021-03-07;"Okres Galanta";6345;30;6375;"SK0212"
2021-03-07;"Okres Gelnica";1061;6;1067;"SK0421"
2021-03-07;"Okres Hlohovec";2200;12;2212;"SK0213"
2021-03-07;"Okres Humenné";3545;72;3617;"SK0412"
2021-03-07;"Okres Ilava";3974;64;4038;"SK0222"
2021-03-07;"Okres Kežmarok";5363;37;5400;"SK0413"
2021-03-07;"Okres Komárno";7457;44;7501;"SK0231"
2021-03-07;"Okres Košice - okolie";4872;15;4887;"SK0426"
2021-03-07;"Okres Košice I";5314;27;5341;"SK0422"
2021-03-07;"Okres Košice II";9965;54;10019;"SK0423"
2021-03-07;"Okres Košice III";1738;6;1744;"SK0424"
2021-03-07;"Okres Košice IV";5778;34;5812;"SK0425"
2021-03-07;"Okres Krupina";725;15;740;"SK0325"
2021-03-07;"Okres Kysucké Nové Mesto";2748;38;2786;"SK0314"
2021-03-07;"Okres Levice";10428;29;10457;"SK0232"
2021-03-07;"Okres Levoča";1789;21;1810;"SK0414"
2021-03-07;"Okres Liptovský Mikuláš";2642;17;2659;"SK0315"
2021-03-07;"Okres Lučenec";5957;53;6010;"SK0326"
2021-03-07;"Okres Malacky";4710;39;4749;"SK0106"
2021-03-07;"Okres Martin";3807;36;3843;"SK0316"
2021-03-07;"Okres Medzilaborce";1121;7;1128;"SK0415"
2021-03-07;"Okres Michalovce";5869;49;5918;"SK0427"
2021-03-07;"Okres Myjava";1860;4;1864;"SK0223"
2021-03-07;"Okres Námestovo";497;2;499;"SK0317"
2021-03-07;"Okres Nitra";10503;25;10528;"SK0233"
2021-03-07;"Okres Nové Mesto nad Váhom";9720;81;9801;"SK0224"
2021-03-07;"Okres Nové Zámky";8470;31;8501;"SK0234"
2021-03-07;"Okres Partizánske";3494;13;3507;"SK0225"
2021-03-07;"Okres Pezinok";1752;15;1767;"SK0107"
2021-03-07;"Okres Piešťany";1629;15;1644;"SK0214"
2021-03-07;"Okres Poltár";2158;7;2165;"SK0327"
2021-03-07;"Okres Poprad";5133;52;5185;"SK0416"
2021-03-07;"Okres Považská Bystrica";3478;55;3533;"SK0226"
2021-03-07;"Okres Prešov";8825;78;8903;"SK0417"
2021-03-07;"Okres Prievidza";2720;26;2746;"SK0227"
2021-03-07;"Okres Púchov";4306;38;4344;"SK0228"
2021-03-07;"Okres Revúca";3335;25;3360;"SK0328"
2021-03-07;"Okres Rimavská Sobota";4141;41;4182;"SK0329"
2021-03-07;"Okres Rožňava";3412;28;3440;"SK0428"
2021-03-07;"Okres Ružomberok";2078;38;2116;"SK0318"
2021-03-07;"Okres Sabinov";3286;20;3306;"SK0418"
2021-03-07;"Okres Senec";11679;55;11734;"SK0108"
2021-03-07;"Okres Senica";16259;118;16377;"SK0215"
2021-03-07;"Okres Skalica";1591;17;1608;"SK0216"
2021-03-07;"Okres Snina";3128;8;3136;"SK0419"
2021-03-07;"Okres Sobrance";764;5;769;"SK0429"
2021-03-07;"Okres Spišská Nová Ves";4449;58;4507;"SK042A"
2021-03-07;"Okres Stará Ľubovňa";2959;15;2974;"SK041A"
2021-03-07;"Okres Stropkov";5289;7;5296;"SK041B"
2021-03-07;"Okres Svidník";8744;68;8812;"SK041C"
2021-03-07;"Okres Šaľa";2307;8;2315;"SK0235"
2021-03-07;"Okres Topoľčany";4769;18;4787;"SK0236"
2021-03-07;"Okres Trebišov";5619;54;5673;"SK042B"
2021-03-07;"Okres Trenčín";6024;46;6070;"SK0229"
2021-03-07;"Okres Trnava";13407;57;13464;"SK0217"
2021-03-07;"Okres Turčianske Teplice";1673;13;1686;"SK0319"
2021-03-07;"Okres Tvrdošín";1193;8;1201;"SK031A"
2021-03-07;"Okres Veľký Krtíš";1293;15;1308;"SK032A"
2021-03-07;"Okres Vranov nad Topľou";6270;51;6321;"SK041D"
2021-03-07;"Okres Zlaté Moravce";7771;42;7813;"SK0237"
2021-03-07;"Okres Zvolen";4243;30;4273;"SK032B"
2021-03-07;"Okres Žarnovica";620;2;622;"SK032C"
2021-03-07;"Okres Žiar nad Hronom";2841;25;2866;"SK032D"
2021-03-07;"Okres Žilina";9331;63;9394;"SK031B"
2021-03-08;"Okres Bánovce nad Bebravou";1036;25;1061;"SK0221"
2021-03-08;"Okres Banská Bystrica";5918;40;5958;"SK0321"
2021-03-08;"Okres Banská Štiavnica";891;20;911;"SK0322"
2021-03-08;"Okres Bardejov";5408;77;5485;"SK0411"
2021-03-08;"Okres Bratislava I";6720;27;6747;"SK0101"
2021-03-08;"Okres Bratislava II";7895;62;7957;"SK0102"
2021-03-08;"Okres Bratislava III";7785;37;7822;"SK0103"
2021-03-08;"Okres Bratislava IV";6412;47;6459;"SK0104"
2021-03-08;"Okres Bratislava V";7048;62;7110;"SK0105"
2021-03-08;"Okres Brezno";1810;57;1867;"SK0323"
2021-03-08;"Okres Bytča";964;31;995;"SK0311"
2021-03-08;"Okres Čadca";5288;95;5383;"SK0312"
2021-03-08;"Okres Detva";1290;14;1304;"SK0324"
2021-03-08;"Okres Dolný Kubín";2846;57;2903;"SK0313"
2021-03-08;"Okres Dunajská Streda";4912;53;4965;"SK0211"
2021-03-08;"Okres Galanta";3632;23;3655;"SK0212"
2021-03-08;"Okres Gelnica";548;10;558;"SK0421"
2021-03-08;"Okres Hlohovec";1806;10;1816;"SK0213"
2021-03-08;"Okres Humenné";1973;22;1995;"SK0412"
2021-03-08;"Okres Ilava";2755;82;2837;"SK0222"
2021-03-08;"Okres Kežmarok";2140;31;2171;"SK0413"
2021-03-08;"Okres Komárno";3209;45;3254;"SK0231"
2021-03-08;"Okres Košice - okolie";707;6;713;"SK0426"
2021-03-08;"Okres Košice I";3898;21;3919;"SK0422"
2021-03-08;"Okres Košice II";6495;44;6539;"SK0423"
2021-03-08;"Okres Košice III";1099;10;1109;"SK0424"
2021-03-08;"Okres Košice IV";5696;129;5825;"SK0425"
2021-03-08;"Okres Krupina";1748;24;1772;"SK0325"
2021-03-08;"Okres Kysucké Nové Mesto";1314;26;1340;"SK0314"
2021-03-08;"Okres Levice";3793;45;3838;"SK0232"
2021-03-08;"Okres Levoča";1145;12;1157;"SK0414"
2021-03-08;"Okres Liptovský Mikuláš";3860;71;3931;"SK0315"
2021-03-08;"Okres Lučenec";4734;72;4806;"SK0326"
2021-03-08;"Okres Malacky";3849;43;3892;"SK0106"
2021-03-08;"Okres Martin";6361;107;6468;"SK0316"
2021-03-08;"Okres Medzilaborce";384;7;391;"SK0415"
2021-03-08;"Okres Michalovce";4051;46;4097;"SK0427"
2021-03-08;"Okres Myjava";1174;9;1183;"SK0223"
2021-03-08;"Okres Námestovo";1662;33;1695;"SK0317"
2021-03-08;"Okres Nitra";8650;10;8660;"SK0233"
2021-03-08;"Okres Nové Mesto nad Váhom";1680;47;1727;"SK0224"
2021-03-08;"Okres Nové Zámky";5856;45;5901;"SK0234"
2021-03-08;"Okres Partizánske";1375;20;1395;"SK0225"
2021-03-08;"Okres Pezinok";2475;68;2543;"SK0107"
2021-03-08;"Okres Piešťany";2592;33;2625;"SK0214"
2021-03-08;"Okres Poltár";220;4;224;"SK0327"
2021-03-08;"Okres Poprad";4667;87;4754;"SK0416"
2021-03-08;"Okres Považská Bystrica";3757;60;3817;"SK0226"
2021-03-08;"Okres Prešov";8230;58;8288;"SK0417"
2021-03-08;"Okres Prievidza";4390;62;4452;"SK0227"
2021-03-08;"Okres Púchov";2020;18;2038;"SK0228"
2021-03-08;"Okres Revúca";1590;19;1609;"SK0328"
2021-03-08;"Okres Rimavská Sobota";4255;77;4332;"SK0329"
2021-03-08;"Okres Rožňava";3219;39;3258;"SK0428"
2021-03-08;"Okres Ružomberok";3078;21;3099;"SK0318"
2021-03-08;"Okres Sabinov";1662;35;1697;"SK0418"
2021-03-08;"Okres Senec";4381;38;4419;"SK0108"
2021-03-08;"Okres Senica";1106;14;1120;"SK0215"
2021-03-08;"Okres Skalica";4070;23;4093;"SK0216"
2021-03-08;"Okres Snina";1675;15;1690;"SK0419"
2021-03-08;"Okres Sobrance";782;8;790;"SK0429"
2021-03-08;"Okres Spišská Nová Ves";4718;60;4778;"SK042A"
2021-03-08;"Okres Stará Ľubovňa";2093;26;2119;"SK041A"
2021-03-08;"Okres Stropkov";772;6;778;"SK041B"
2021-03-08;"Okres Svidník";1177;7;1184;"SK041C"
2021-03-08;"Okres Šaľa";4486;15;4501;"SK0235"
2021-03-08;"Okres Topoľčany";2190;18;2208;"SK0236"
2021-03-08;"Okres Trebišov";2822;20;2842;"SK042B"
2021-03-08;"Okres Trenčín";6852;75;6927;"SK0229"
2021-03-08;"Okres Trnava";4510;20;4530;"SK0217"
2021-03-08;"Okres Turčianske Teplice";521;6;527;"SK0319"
2021-03-08;"Okres Tvrdošín";1357;18;1375;"SK031A"
2021-03-08;"Okres Veľký Krtíš";1913;29;1942;"SK032A"
2021-03-08;"Okres Vranov nad Topľou";2862;21;2883;"SK041D"
2021-03-08;"Okres Zlaté Moravce";1059;7;1066;"SK0237"
2021-03-08;"Okres Zvolen";3522;30;3552;"SK032B"
2021-03-08;"Okres Žarnovica";1469;32;1501;"SK032C"
2021-03-08;"Okres Žiar nad Hronom";4734;56;4790;"SK032D"
2021-03-08;"Okres Žilina";6572;71;6643;"SK031B"
2021-03-09;"Okres Bánovce nad Bebravou";2092;15;2107;"SK0221"
2021-03-09;"Okres Banská Bystrica";4910;46;4956;"SK0321"
2021-03-09;"Okres Banská Štiavnica";753;12;765;"SK0322"
2021-03-09;"Okres Bardejov";2625;39;2664;"SK0411"
2021-03-09;"Okres Bratislava I";4412;13;4425;"SK0101"
2021-03-09;"Okres Bratislava II";8084;47;8131;"SK0102"
2021-03-09;"Okres Bratislava III";7569;41;7610;"SK0103"
2021-03-09;"Okres Bratislava IV";5927;36;5963;"SK0104"
2021-03-09;"Okres Bratislava V";5776;59;5835;"SK0105"
2021-03-09;"Okres Brezno";1206;23;1229;"SK0323"
2021-03-09;"Okres Bytča";770;33;803;"SK0311"
2021-03-09;"Okres Čadca";4648;72;4720;"SK0312"
2021-03-09;"Okres Detva";1195;21;1216;"SK0324"
2021-03-09;"Okres Dolný Kubín";2005;29;2034;"SK0313"
2021-03-09;"Okres Dunajská Streda";2906;46;2952;"SK0211"
2021-03-09;"Okres Galanta";6399;47;6446;"SK0212"
2021-03-09;"Okres Gelnica";426;20;446;"SK0421"
2021-03-09;"Okres Hlohovec";1043;10;1053;"SK0213"
2021-03-09;"Okres Humenné";1756;26;1782;"SK0412"
2021-03-09;"Okres Ilava";2069;66;2135;"SK0222"
2021-03-09;"Okres Kežmarok";2107;35;2142;"SK0413"
2021-03-09;"Okres Komárno";2450;47;2497;"SK0231"
2021-03-09;"Okres Košice - okolie";950;5;955;"SK0426"
2021-03-09;"Okres Košice I";3389;34;3423;"SK0422"
2021-03-09;"Okres Košice II";5712;39;5751;"SK0423"
2021-03-09;"Okres Košice III";770;8;778;"SK0424"
2021-03-09;"Okres Košice IV";4711;66;4777;"SK0425"
2021-03-09;"Okres Krupina";578;3;581;"SK0325"
2021-03-09;"Okres Kysucké Nové Mesto";1084;19;1103;"SK0314"
2021-03-09;"Okres Levice";3011;37;3048;"SK0232"
2021-03-09;"Okres Levoča";945;14;959;"SK0414"
2021-03-09;"Okres Liptovský Mikuláš";3156;42;3198;"SK0315"
2021-03-09;"Okres Lučenec";3059;34;3093;"SK0326"
2021-03-09;"Okres Malacky";4362;58;4420;"SK0106"
2021-03-09;"Okres Martin";5519;48;5567;"SK0316"
2021-03-09;"Okres Medzilaborce";284;9;293;"SK0415"
2021-03-09;"Okres Michalovce";3997;40;4037;"SK0427"
2021-03-09;"Okres Myjava";408;11;419;"SK0223"
2021-03-09;"Okres Námestovo";830;25;855;"SK0317"
2021-03-09;"Okres Nitra";6759;32;6791;"SK0233"
2021-03-09;"Okres Nové Mesto nad Váhom";1295;38;1333;"SK0224"
2021-03-09;"Okres Nové Zámky";3490;26;3516;"SK0234"
2021-03-09;"Okres Partizánske";1307;19;1326;"SK0225"
2021-03-09;"Okres Pezinok";2596;23;2619;"SK0107"
2021-03-09;"Okres Piešťany";2168;22;2190;"SK0214"
2021-03-09;"Okres Poltár";2;0;2;"SK0327"
2021-03-09;"Okres Poprad";5020;92;5112;"SK0416"
2021-03-09;"Okres Považská Bystrica";2799;40;2839;"SK0226"
2021-03-09;"Okres Prešov";5485;44;5529;"SK0417"
2021-03-09;"Okres Prievidza";2707;44;2751;"SK0227"
2021-03-09;"Okres Púchov";1149;18;1167;"SK0228"
2021-03-09;"Okres Revúca";1401;14;1415;"SK0328"
2021-03-09;"Okres Rimavská Sobota";2574;53;2627;"SK0329"
2021-03-09;"Okres Rožňava";1873;42;1915;"SK0428"
2021-03-09;"Okres Ružomberok";3664;24;3688;"SK0318"
2021-03-09;"Okres Sabinov";1438;18;1456;"SK0418"
2021-03-09;"Okres Senec";5012;30;5042;"SK0108"
2021-03-09;"Okres Senica";867;13;880;"SK0215"
2021-03-09;"Okres Skalica";1186;18;1204;"SK0216"
2021-03-09;"Okres Snina";1156;20;1176;"SK0419"
2021-03-09;"Okres Sobrance";601;8;609;"SK0429"
2021-03-09;"Okres Spišská Nová Ves";3567;42;3609;"SK042A"
2021-03-09;"Okres Stará Ľubovňa";936;8;944;"SK041A"
2021-03-09;"Okres Stropkov";565;2;567;"SK041B"
2021-03-09;"Okres Svidník";831;9;840;"SK041C"
2021-03-09;"Okres Šaľa";1292;5;1297;"SK0235"
2021-03-09;"Okres Topoľčany";1447;12;1459;"SK0236"
2021-03-09;"Okres Trebišov";1625;35;1660;"SK042B"
2021-03-09;"Okres Trenčín";5997;62;6059;"SK0229"
2021-03-09;"Okres Trnava";1655;25;1680;"SK0217"
2021-03-09;"Okres Turčianske Teplice";419;2;421;"SK0319"
2021-03-09;"Okres Tvrdošín";1335;13;1348;"SK031A"
2021-03-09;"Okres Veľký Krtíš";1640;27;1667;"SK032A"
2021-03-09;"Okres Vranov nad Topľou";1561;23;1584;"SK041D"
2021-03-09;"Okres Zlaté Moravce";757;2;759;"SK0237"
2021-03-09;"Okres Zvolen";3541;25;3566;"SK032B"
2021-03-09;"Okres Žarnovica";1243;24;1267;"SK032C"
2021-03-09;"Okres Žiar nad Hronom";1213;23;1236;"SK032D"
2021-03-09;"Okres Žilina";5335;61;5396;"SK031B"
2021-03-10;"Okres Bánovce nad Bebravou";701;10;711;"SK0221"
2021-03-10;"Okres Banská Bystrica";5077;33;5110;"SK0321"
2021-03-10;"Okres Banská Štiavnica";677;3;680;"SK0322"
2021-03-10;"Okres Bardejov";2459;34;2493;"SK0411"
2021-03-10;"Okres Bratislava I";3032;12;3044;"SK0101"
2021-03-10;"Okres Bratislava II";7275;34;7309;"SK0102"
2021-03-10;"Okres Bratislava III";6237;35;6272;"SK0103"
2021-03-10;"Okres Bratislava IV";4560;33;4593;"SK0104"
2021-03-10;"Okres Bratislava V";5864;52;5916;"SK0105"
2021-03-10;"Okres Brezno";1214;17;1231;"SK0323"
2021-03-10;"Okres Bytča";609;13;622;"SK0311"
2021-03-10;"Okres Čadca";4219;110;4329;"SK0312"
2021-03-10;"Okres Detva";951;24;975;"SK0324"
2021-03-10;"Okres Dolný Kubín";1428;26;1454;"SK0313"
2021-03-10;"Okres Dunajská Streda";2979;27;3006;"SK0211"
2021-03-10;"Okres Galanta";1805;19;1824;"SK0212"
2021-03-10;"Okres Gelnica";475;16;491;"SK0421"
2021-03-10;"Okres Hlohovec";1447;13;1460;"SK0213"
2021-03-10;"Okres Humenné";1519;41;1560;"SK0412"
2021-03-10;"Okres Ilava";1978;54;2032;"SK0222"
2021-03-10;"Okres Kežmarok";1605;29;1634;"SK0413"
2021-03-10;"Okres Komárno";4092;43;4135;"SK0231"
2021-03-10;"Okres Košice - okolie";746;7;753;"SK0426"
2021-03-10;"Okres Košice I";2455;19;2474;"SK0422"
2021-03-10;"Okres Košice II";5543;41;5584;"SK0423"
2021-03-10;"Okres Košice III";686;6;692;"SK0424"
2021-03-10;"Okres Košice IV";3481;48;3529;"SK0425"
2021-03-10;"Okres Krupina";431;11;442;"SK0325"
2021-03-10;"Okres Kysucké Nové Mesto";1175;35;1210;"SK0314"
2021-03-10;"Okres Levice";2603;36;2639;"SK0232"
2021-03-10;"Okres Levoča";948;8;956;"SK0414"
2021-03-10;"Okres Liptovský Mikuláš";3006;48;3054;"SK0315"
2021-03-10;"Okres Lučenec";3172;31;3203;"SK0326"
2021-03-10;"Okres Malacky";2516;41;2557;"SK0106"
2021-03-10;"Okres Martin";4209;56;4265;"SK0316"
2021-03-10;"Okres Medzilaborce";231;4;235;"SK0415"
2021-03-10;"Okres Michalovce";3986;38;4024;"SK0427"
2021-03-10;"Okres Myjava";339;14;353;"SK0223"
2021-03-10;"Okres Námestovo";858;20;878;"SK0317"
2021-03-10;"Okres Nitra";5237;8;5245;"SK0233"
2021-03-10;"Okres Nové Mesto nad Váhom";764;37;801;"SK0224"
2021-03-10;"Okres Nové Zámky";3188;52;3240;"SK0234"
2021-03-10;"Okres Partizánske";1120;26;1146;"SK0225"
2021-03-10;"Okres Pezinok";2341;56;2397;"SK0107"
2021-03-10;"Okres Piešťany";2073;20;2093;"SK0214"
2021-03-10;"Okres Poltár";396;12;408;"SK0327"
2021-03-10;"Okres Poprad";4546;64;4610;"SK0416"
2021-03-10;"Okres Považská Bystrica";2184;22;2206;"SK0226"
2021-03-10;"Okres Prešov";6151;66;6217;"SK0417"
2021-03-10;"Okres Prievidza";3041;43;3084;"SK0227"
2021-03-10;"Okres Púchov";1053;21;1074;"SK0228"
2021-03-10;"Okres Revúca";1350;11;1361;"SK0328"
2021-03-10;"Okres Rimavská Sobota";2734;48;2782;"SK0329"
2021-03-10;"Okres Rožňava";1754;34;1788;"SK0428"
2021-03-10;"Okres Ružomberok";1537;17;1554;"SK0318"
2021-03-10;"Okres Sabinov";1122;19;1141;"SK0418"
2021-03-10;"Okres Senec";3642;43;3685;"SK0108"
2021-03-10;"Okres Senica";954;19;973;"SK0215"
2021-03-10;"Okres Skalica";1295;22;1317;"SK0216"
2021-03-10;"Okres Snina";1180;7;1187;"SK0419"
2021-03-10;"Okres Sobrance";589;6;595;"SK0429"
2021-03-10;"Okres Spišská Nová Ves";3604;56;3660;"SK042A"
2021-03-10;"Okres Stará Ľubovňa";925;7;932;"SK041A"
2021-03-10;"Okres Stropkov";528;2;530;"SK041B"
2021-03-10;"Okres Svidník";662;11;673;"SK041C"
2021-03-10;"Okres Šaľa";963;8;971;"SK0235"
2021-03-10;"Okres Topoľčany";1471;16;1487;"SK0236"
2021-03-10;"Okres Trebišov";1647;33;1680;"SK042B"
2021-03-10;"Okres Trenčín";4443;48;4491;"SK0229"
2021-03-10;"Okres Trnava";1382;24;1406;"SK0217"
2021-03-10;"Okres Turčianske Teplice";447;5;452;"SK0319"
2021-03-10;"Okres Tvrdošín";1241;6;1247;"SK031A"
2021-03-10;"Okres Veľký Krtíš";1414;22;1436;"SK032A"
2021-03-10;"Okres Vranov nad Topľou";1440;34;1474;"SK041D"
2021-03-10;"Okres Zlaté Moravce";776;1;777;"SK0237"
2021-03-10;"Okres Zvolen";2118;19;2137;"SK032B"
2021-03-10;"Okres Žarnovica";1254;23;1277;"SK032C"
2021-03-10;"Okres Žiar nad Hronom";1340;10;1350;"SK032D"
2021-03-10;"Okres Žilina";6203;94;6297;"SK031B"
2021-03-11;"Okres Bánovce nad Bebravou";1012;9;1021;"SK0221"
2021-03-11;"Okres Banská Bystrica";5035;38;5073;"SK0321"
2021-03-11;"Okres Banská Štiavnica";839;16;855;"SK0322"
2021-03-11;"Okres Bardejov";2988;44;3032;"SK0411"
2021-03-11;"Okres Bratislava I";3613;4;3617;"SK0101"
2021-03-11;"Okres Bratislava II";7528;55;7583;"SK0102"
2021-03-11;"Okres Bratislava III";6472;44;6516;"SK0103"
2021-03-11;"Okres Bratislava IV";6175;36;6211;"SK0104"
2021-03-11;"Okres Bratislava V";6415;56;6471;"SK0105"
2021-03-11;"Okres Brezno";1271;41;1312;"SK0323"
2021-03-11;"Okres Bytča";554;13;567;"SK0311"
2021-03-11;"Okres Čadca";4447;105;4552;"SK0312"
2021-03-11;"Okres Detva";1161;21;1182;"SK0324"
2021-03-11;"Okres Dolný Kubín";1541;19;1560;"SK0313"
2021-03-11;"Okres Dunajská Streda";2601;23;2624;"SK0211"
2021-03-11;"Okres Galanta";2857;27;2884;"SK0212"
2021-03-11;"Okres Gelnica";470;6;476;"SK0421"
2021-03-11;"Okres Hlohovec";1129;9;1138;"SK0213"
2021-03-11;"Okres Humenné";1412;24;1436;"SK0412"
2021-03-11;"Okres Ilava";1943;53;1996;"SK0222"
2021-03-11;"Okres Kežmarok";1692;48;1740;"SK0413"
2021-03-11;"Okres Komárno";1852;24;1876;"SK0231"
2021-03-11;"Okres Košice - okolie";658;8;666;"SK0426"
2021-03-11;"Okres Košice I";2918;13;2931;"SK0422"
2021-03-11;"Okres Košice II";5684;43;5727;"SK0423"
2021-03-11;"Okres Košice III";799;5;804;"SK0424"
2021-03-11;"Okres Košice IV";4455;67;4522;"SK0425"
2021-03-11;"Okres Krupina";854;14;868;"SK0325"
2021-03-11;"Okres Kysucké Nové Mesto";1184;39;1223;"SK0314"
2021-03-11;"Okres Levice";2923;40;2963;"SK0232"
2021-03-11;"Okres Levoča";929;16;945;"SK0414"
2021-03-11;"Okres Liptovský Mikuláš";2994;37;3031;"SK0315"
2021-03-11;"Okres Lučenec";3163;35;3198;"SK0326"
2021-03-11;"Okres Malacky";3271;36;3307;"SK0106"
2021-03-11;"Okres Martin";4784;46;4830;"SK0316"
2021-03-11;"Okres Medzilaborce";237;1;238;"SK0415"
2021-03-11;"Okres Michalovce";3350;47;3397;"SK0427"
2021-03-11;"Okres Myjava";587;0;587;"SK0223"
2021-03-11;"Okres Námestovo";2338;10;2348;"SK0317"
2021-03-11;"Okres Nitra";7860;22;7882;"SK0233"
2021-03-11;"Okres Nové Mesto nad Váhom";1144;32;1176;"SK0224"
2021-03-11;"Okres Nové Zámky";3061;38;3099;"SK0234"
2021-03-11;"Okres Partizánske";1288;7;1295;"SK0225"
2021-03-11;"Okres Pezinok";2675;54;2729;"SK0107"
2021-03-11;"Okres Piešťany";2116;17;2133;"SK0214"
2021-03-11;"Okres Poltár";183;6;189;"SK0327"
2021-03-11;"Okres Poprad";4238;57;4295;"SK0416"
2021-03-11;"Okres Považská Bystrica";2616;32;2648;"SK0226"
2021-03-11;"Okres Prešov";5864;57;5921;"SK0417"
2021-03-11;"Okres Prievidza";3149;27;3176;"SK0227"
2021-03-11;"Okres Púchov";1589;20;1609;"SK0228"
2021-03-11;"Okres Revúca";1313;14;1327;"SK0328"
2021-03-11;"Okres Rimavská Sobota";2546;25;2571;"SK0329"
2021-03-11;"Okres Rožňava";1631;24;1655;"SK0428"
2021-03-11;"Okres Ružomberok";1568;17;1585;"SK0318"
2021-03-11;"Okres Sabinov";1617;18;1635;"SK0418"
2021-03-11;"Okres Senec";3544;51;3595;"SK0108"
2021-03-11;"Okres Senica";1264;38;1302;"SK0215"
2021-03-11;"Okres Skalica";2640;27;2667;"SK0216"
2021-03-11;"Okres Snina";999;10;1009;"SK0419"
2021-03-11;"Okres Sobrance";432;7;439;"SK0429"
2021-03-11;"Okres Spišská Nová Ves";3507;36;3543;"SK042A"
2021-03-11;"Okres Stará Ľubovňa";937;9;946;"SK041A"
2021-03-11;"Okres Stropkov";638;4;642;"SK041B"
2021-03-11;"Okres Svidník";800;8;808;"SK041C"
2021-03-11;"Okres Šaľa";1754;6;1760;"SK0235"
2021-03-11;"Okres Topoľčany";1514;12;1526;"SK0236"
2021-03-11;"Okres Trebišov";2095;36;2131;"SK042B"
2021-03-11;"Okres Trenčín";3852;43;3895;"SK0229"
2021-03-11;"Okres Trnava";1663;23;1686;"SK0217"
2021-03-11;"Okres Turčianske Teplice";718;9;727;"SK0319"
2021-03-11;"Okres Tvrdošín";2033;15;2048;"SK031A"
2021-03-11;"Okres Veľký Krtíš";2227;31;2258;"SK032A"
2021-03-11;"Okres Vranov nad Topľou";2147;12;2159;"SK041D"
2021-03-11;"Okres Zlaté Moravce";891;10;901;"SK0237"
2021-03-11;"Okres Zvolen";3659;35;3694;"SK032B"
2021-03-11;"Okres Žarnovica";948;5;953;"SK032C"
2021-03-11;"Okres Žiar nad Hronom";1425;21;1446;"SK032D"
2021-03-11;"Okres Žilina";9349;57;9406;"SK031B"
2021-03-12;"Okres Bánovce nad Bebravou";2911;12;2923;"SK0221"
2021-03-12;"Okres Banská Bystrica";10784;43;10827;"SK0321"
2021-03-12;"Okres Banská Štiavnica";1280;6;1286;"SK0322"
2021-03-12;"Okres Bardejov";7419;51;7470;"SK0411"
2021-03-12;"Okres Bratislava I";4996;21;5017;"SK0101"
2021-03-12;"Okres Bratislava II";12240;39;12279;"SK0102"
2021-03-12;"Okres Bratislava III";8483;40;8523;"SK0103"
2021-03-12;"Okres Bratislava IV";9894;40;9934;"SK0104"
2021-03-12;"Okres Bratislava V";9031;47;9078;"SK0105"
2021-03-12;"Okres Brezno";2534;25;2559;"SK0323"
2021-03-12;"Okres Bytča";1826;15;1841;"SK0311"
2021-03-12;"Okres Čadca";6745;117;6862;"SK0312"
2021-03-12;"Okres Detva";1639;12;1651;"SK0324"
2021-03-12;"Okres Dolný Kubín";3598;33;3631;"SK0313"
2021-03-12;"Okres Dunajská Streda";6394;44;6438;"SK0211"
2021-03-12;"Okres Galanta";5921;17;5938;"SK0212"
2021-03-12;"Okres Gelnica";2403;38;2441;"SK0421"
2021-03-12;"Okres Hlohovec";1637;12;1649;"SK0213"
2021-03-12;"Okres Humenné";3248;40;3288;"SK0412"
2021-03-12;"Okres Ilava";5182;77;5259;"SK0222"
2021-03-12;"Okres Kežmarok";4281;27;4308;"SK0413"
2021-03-12;"Okres Komárno";4810;32;4842;"SK0231"
2021-03-12;"Okres Košice - okolie";2452;5;2457;"SK0426"
2021-03-12;"Okres Košice I";6166;18;6184;"SK0422"
2021-03-12;"Okres Košice II";9938;40;9978;"SK0423"
2021-03-12;"Okres Košice III";1262;9;1271;"SK0424"
2021-03-12;"Okres Košice IV";6806;55;6861;"SK0425"
2021-03-12;"Okres Krupina";1847;15;1862;"SK0325"
2021-03-12;"Okres Kysucké Nové Mesto";1887;30;1917;"SK0314"
2021-03-12;"Okres Levice";4419;28;4447;"SK0232"
2021-03-12;"Okres Levoča";1661;22;1683;"SK0414"
2021-03-12;"Okres Liptovský Mikuláš";8278;76;8354;"SK0315"
2021-03-12;"Okres Lučenec";5289;58;5347;"SK0326"
2021-03-12;"Okres Malacky";6155;45;6200;"SK0106"
2021-03-12;"Okres Martin";7015;38;7053;"SK0316"
2021-03-12;"Okres Medzilaborce";382;4;386;"SK0415"
2021-03-12;"Okres Michalovce";6494;64;6558;"SK0427"
2021-03-12;"Okres Myjava";2792;2;2794;"SK0223"
2021-03-12;"Okres Námestovo";6801;25;6826;"SK0317"
2021-03-12;"Okres Nitra";17249;20;17269;"SK0233"
2021-03-12;"Okres Nové Mesto nad Váhom";3399;30;3429;"SK0224"
2021-03-12;"Okres Nové Zámky";5948;47;5995;"SK0234"
2021-03-12;"Okres Partizánske";2584;30;2614;"SK0225"
2021-03-12;"Okres Pezinok";3861;52;3913;"SK0107"
2021-03-12;"Okres Piešťany";4284;24;4308;"SK0214"
2021-03-12;"Okres Poltár";346;8;354;"SK0327"
2021-03-12;"Okres Poprad";9857;94;9951;"SK0416"
2021-03-12;"Okres Považská Bystrica";5049;49;5098;"SK0226"
2021-03-12;"Okres Prešov";12570;96;12666;"SK0417"
2021-03-12;"Okres Prievidza";6641;60;6701;"SK0227"
2021-03-12;"Okres Púchov";2383;36;2419;"SK0228"
2021-03-12;"Okres Revúca";2819;25;2844;"SK0328"
2021-03-12;"Okres Rimavská Sobota";5140;51;5191;"SK0329"
2021-03-12;"Okres Rožňava";4729;34;4763;"SK0428"
2021-03-12;"Okres Ružomberok";3550;24;3574;"SK0318"
2021-03-12;"Okres Sabinov";3306;10;3316;"SK0418"
2021-03-12;"Okres Senec";7522;54;7576;"SK0108"
2021-03-12;"Okres Senica";2792;24;2816;"SK0215"
2021-03-12;"Okres Skalica";3444;25;3469;"SK0216"
2021-03-12;"Okres Snina";1699;15;1714;"SK0419"
2021-03-12;"Okres Sobrance";1499;8;1507;"SK0429"
2021-03-12;"Okres Spišská Nová Ves";6674;56;6730;"SK042A"
2021-03-12;"Okres Stará Ľubovňa";2242;14;2256;"SK041A"
2021-03-12;"Okres Stropkov";1010;2;1012;"SK041B"
2021-03-12;"Okres Svidník";2609;16;2625;"SK041C"
2021-03-12;"Okres Šaľa";4305;3;4308;"SK0235"
2021-03-12;"Okres Topoľčany";2397;23;2420;"SK0236"
2021-03-12;"Okres Trebišov";3981;22;4003;"SK042B"
2021-03-12;"Okres Trenčín";7864;36;7900;"SK0229"
2021-03-12;"Okres Trnava";6511;60;6571;"SK0217"
2021-03-12;"Okres Turčianske Teplice";1396;4;1400;"SK0319"
2021-03-12;"Okres Tvrdošín";3698;23;3721;"SK031A"
2021-03-12;"Okres Veľký Krtíš";4024;60;4084;"SK032A"
2021-03-12;"Okres Vranov nad Topľou";2916;17;2933;"SK041D"
2021-03-12;"Okres Zlaté Moravce";2817;12;2829;"SK0237"
2021-03-12;"Okres Zvolen";5982;32;6014;"SK032B"
2021-03-12;"Okres Žarnovica";1550;15;1565;"SK032C"
2021-03-12;"Okres Žiar nad Hronom";2262;17;2279;"SK032D"
2021-03-12;"Okres Žilina";12110;95;12205;"SK031B"
2021-03-13;"Okres Bánovce nad Bebravou";7221;17;7238;"SK0221"
2021-03-13;"Okres Banská Bystrica";10384;52;10436;"SK0321"
2021-03-13;"Okres Banská Štiavnica";1095;12;1107;"SK0322"
2021-03-13;"Okres Bardejov";10176;49;10225;"SK0411"
2021-03-13;"Okres Bratislava I";4222;9;4231;"SK0101"
2021-03-13;"Okres Bratislava II";12052;46;12098;"SK0102"
2021-03-13;"Okres Bratislava III";8077;30;8107;"SK0103"
2021-03-13;"Okres Bratislava IV";10457;34;10491;"SK0104"
2021-03-13;"Okres Bratislava V";13258;79;13337;"SK0105"
2021-03-13;"Okres Brezno";7553;36;7589;"SK0323"
2021-03-13;"Okres Bytča";5141;25;5166;"SK0311"
2021-03-13;"Okres Čadca";14312;116;14428;"SK0312"
2021-03-13;"Okres Detva";5029;28;5057;"SK0324"
2021-03-13;"Okres Dolný Kubín";4095;24;4119;"SK0313"
2021-03-13;"Okres Dunajská Streda";39450;81;39531;"SK0211"
2021-03-13;"Okres Galanta";21852;84;21936;"SK0212"
2021-03-13;"Okres Gelnica";3707;17;3724;"SK0421"
2021-03-13;"Okres Hlohovec";12213;36;12249;"SK0213"
2021-03-13;"Okres Humenné";10843;55;10898;"SK0412"
2021-03-13;"Okres Ilava";7156;79;7235;"SK0222"
2021-03-13;"Okres Kežmarok";11081;72;11153;"SK0413"
2021-03-13;"Okres Komárno";18119;71;18190;"SK0231"
2021-03-13;"Okres Košice - okolie";29615;139;29754;"SK0426"
2021-03-13;"Okres Košice I";5460;9;5469;"SK0422"
2021-03-13;"Okres Košice II";9054;36;9090;"SK0423"
2021-03-13;"Okres Košice III";1438;6;1444;"SK0424"
2021-03-13;"Okres Košice IV";7231;18;7249;"SK0425"
2021-03-13;"Okres Krupina";4025;42;4067;"SK0325"
2021-03-13;"Okres Kysucké Nové Mesto";4622;39;4661;"SK0314"
2021-03-13;"Okres Levice";23551;49;23600;"SK0232"
2021-03-13;"Okres Levoča";4993;31;5024;"SK0414"
2021-03-13;"Okres Liptovský Mikuláš";11075;89;11164;"SK0315"
2021-03-13;"Okres Lučenec";4584;30;4614;"SK0326"
2021-03-13;"Okres Malacky";12082;60;12142;"SK0106"
2021-03-13;"Okres Martin";11555;76;11631;"SK0316"
2021-03-13;"Okres Medzilaborce";962;2;964;"SK0415"
2021-03-13;"Okres Michalovce";12459;67;12526;"SK0427"
2021-03-13;"Okres Myjava";2579;8;2587;"SK0223"
2021-03-13;"Okres Námestovo";9672;58;9730;"SK0317"
2021-03-13;"Okres Nitra";18299;15;18314;"SK0233"
2021-03-13;"Okres Nové Mesto nad Váhom";16120;80;16200;"SK0224"
2021-03-13;"Okres Nové Zámky";30762;85;30847;"SK0234"
2021-03-13;"Okres Partizánske";10829;28;10857;"SK0225"
2021-03-13;"Okres Pezinok";9237;39;9276;"SK0107"
2021-03-13;"Okres Piešťany";10351;44;10395;"SK0214"
2021-03-13;"Okres Poltár";3151;19;3170;"SK0327"
2021-03-13;"Okres Poprad";13457;137;13594;"SK0416"
2021-03-13;"Okres Považská Bystrica";5862;27;5889;"SK0226"
2021-03-13;"Okres Prešov";12053;57;12110;"SK0417"
2021-03-13;"Okres Prievidza";6622;30;6652;"SK0227"
2021-03-13;"Okres Púchov";9294;85;9379;"SK0228"
2021-03-13;"Okres Revúca";4425;71;4496;"SK0328"
2021-03-13;"Okres Rimavská Sobota";3534;20;3554;"SK0329"
2021-03-13;"Okres Rožňava";8697;59;8756;"SK0428"
2021-03-13;"Okres Ružomberok";10802;56;10858;"SK0318"
2021-03-13;"Okres Sabinov";8476;44;8520;"SK0418"
2021-03-13;"Okres Senec";20057;61;20118;"SK0108"
2021-03-13;"Okres Senica";16462;78;16540;"SK0215"
2021-03-13;"Okres Skalica";4561;19;4580;"SK0216"
2021-03-13;"Okres Snina";5455;12;5467;"SK0419"
2021-03-13;"Okres Sobrance";3441;4;3445;"SK0429"
2021-03-13;"Okres Spišská Nová Ves";10410;93;10503;"SK042A"
2021-03-13;"Okres Stará Ľubovňa";8337;26;8363;"SK041A"
2021-03-13;"Okres Stropkov";1050;1;1051;"SK041B"
2021-03-13;"Okres Svidník";3740;17;3757;"SK041C"
2021-03-13;"Okres Šaľa";5070;11;5081;"SK0235"
2021-03-13;"Okres Topoľčany";13793;15;13808;"SK0236"
2021-03-13;"Okres Trebišov";18784;69;18853;"SK042B"
2021-03-13;"Okres Trenčín";16271;109;16380;"SK0229"
2021-03-13;"Okres Trnava";38473;85;38558;"SK0217"
2021-03-13;"Okres Turčianske Teplice";1043;4;1047;"SK0319"
2021-03-13;"Okres Tvrdošín";3069;15;3084;"SK031A"
2021-03-13;"Okres Veľký Krtíš";6635;40;6675;"SK032A"
2021-03-13;"Okres Vranov nad Topľou";9500;46;9546;"SK041D"
2021-03-13;"Okres Zlaté Moravce";8179;7;8186;"SK0237"
2021-03-13;"Okres Zvolen";13077;35;13112;"SK032B"
2021-03-13;"Okres Žarnovica";2613;11;2624;"SK032C"
2021-03-13;"Okres Žiar nad Hronom";8396;32;8428;"SK032D"
2021-03-13;"Okres Žilina";24510;135;24645;"SK031B"
2021-03-14;"Okres Bánovce nad Bebravou";3046;15;3061;"SK0221"
2021-03-14;"Okres Banská Bystrica";7439;20;7459;"SK0321"
2021-03-14;"Okres Banská Štiavnica";355;1;356;"SK0322"
2021-03-14;"Okres Bardejov";4242;27;4269;"SK0411"
2021-03-14;"Okres Bratislava I";3076;6;3082;"SK0101"
2021-03-14;"Okres Bratislava II";12365;59;12424;"SK0102"
2021-03-14;"Okres Bratislava III";8099;35;8134;"SK0103"
2021-03-14;"Okres Bratislava IV";8848;32;8880;"SK0104"
2021-03-14;"Okres Bratislava V";13324;129;13453;"SK0105"
2021-03-14;"Okres Brezno";4275;24;4299;"SK0323"
2021-03-14;"Okres Bytča";1120;11;1131;"SK0311"
2021-03-14;"Okres Čadca";9150;94;9244;"SK0312"
2021-03-14;"Okres Detva";10630;85;10715;"SK0324"
2021-03-14;"Okres Dolný Kubín";1947;14;1961;"SK0313"
2021-03-14;"Okres Dunajská Streda";15241;27;15268;"SK0211"
2021-03-14;"Okres Galanta";6414;15;6429;"SK0212"
2021-03-14;"Okres Gelnica";1072;15;1087;"SK0421"
2021-03-14;"Okres Hlohovec";3864;12;3876;"SK0213"
2021-03-14;"Okres Humenné";4910;72;4982;"SK0412"
2021-03-14;"Okres Ilava";3063;50;3113;"SK0222"
2021-03-14;"Okres Kežmarok";5551;43;5594;"SK0413"
2021-03-14;"Okres Komárno";8158;41;8199;"SK0231"
2021-03-14;"Okres Košice - okolie";5208;12;5220;"SK0426"
2021-03-14;"Okres Košice I";4622;10;4632;"SK0422"
2021-03-14;"Okres Košice II";8801;32;8833;"SK0423"
2021-03-14;"Okres Košice III";1307;4;1311;"SK0424"
2021-03-14;"Okres Košice IV";5906;32;5938;"SK0425"
2021-03-14;"Okres Krupina";1456;27;1483;"SK0325"
2021-03-14;"Okres Kysucké Nové Mesto";2879;41;2920;"SK0314"
2021-03-14;"Okres Levice";10762;21;10783;"SK0232"
2021-03-14;"Okres Levoča";1558;25;1583;"SK0414"
2021-03-14;"Okres Liptovský Mikuláš";2748;26;2774;"SK0315"
2021-03-14;"Okres Lučenec";6054;42;6096;"SK0326"
2021-03-14;"Okres Malacky";4208;29;4237;"SK0106"
2021-03-14;"Okres Martin";4262;21;4283;"SK0316"
2021-03-14;"Okres Medzilaborce";982;3;985;"SK0415"
2021-03-14;"Okres Michalovce";6199;35;6234;"SK0427"
2021-03-14;"Okres Myjava";1663;14;1677;"SK0223"
2021-03-14;"Okres Námestovo";27;0;27;"SK0317"
2021-03-14;"Okres Nitra";12966;12;12978;"SK0233"
2021-03-14;"Okres Nové Mesto nad Váhom";7771;39;7810;"SK0224"
2021-03-14;"Okres Nové Zámky";8646;23;8669;"SK0234"
2021-03-14;"Okres Partizánske";3348;7;3355;"SK0225"
2021-03-14;"Okres Pezinok";1126;14;1140;"SK0107"
2021-03-14;"Okres Piešťany";1527;13;1540;"SK0214"
2021-03-14;"Okres Poltár";1896;6;1902;"SK0327"
2021-03-14;"Okres Poprad";4969;44;5013;"SK0416"
2021-03-14;"Okres Považská Bystrica";4362;38;4400;"SK0226"
2021-03-14;"Okres Prešov";9305;50;9355;"SK0417"
2021-03-14;"Okres Prievidza";3171;16;3187;"SK0227"
2021-03-14;"Okres Púchov";4288;37;4325;"SK0228"
2021-03-14;"Okres Revúca";3604;15;3619;"SK0328"
2021-03-14;"Okres Rimavská Sobota";4331;29;4360;"SK0329"
2021-03-14;"Okres Rožňava";3638;17;3655;"SK0428"
2021-03-14;"Okres Ružomberok";1791;18;1809;"SK0318"
2021-03-14;"Okres Sabinov";3902;21;3923;"SK0418"
2021-03-14;"Okres Senec";9398;18;9416;"SK0108"
2021-03-14;"Okres Senica";13322;91;13413;"SK0215"
2021-03-14;"Okres Skalica";1776;14;1790;"SK0216"
2021-03-14;"Okres Snina";3164;12;3176;"SK0419"
2021-03-14;"Okres Sobrance";1316;2;1318;"SK0429"
2021-03-14;"Okres Spišská Nová Ves";4458;35;4493;"SK042A"
2021-03-14;"Okres Stará Ľubovňa";2530;7;2537;"SK041A"
2021-03-14;"Okres Stropkov";5407;5;5412;"SK041B"
2021-03-14;"Okres Svidník";11283;38;11321;"SK041C"
2021-03-14;"Okres Šaľa";2195;4;2199;"SK0235"
2021-03-14;"Okres Topoľčany";7057;13;7070;"SK0236"
2021-03-14;"Okres Trebišov";6487;46;6533;"SK042B"
2021-03-14;"Okres Trenčín";6293;48;6341;"SK0229"
2021-03-14;"Okres Trnava";12901;35;12936;"SK0217"
2021-03-14;"Okres Turčianske Teplice";1871;8;1879;"SK0319"
2021-03-14;"Okres Tvrdošín";1840;20;1860;"SK031A"
2021-03-14;"Okres Veľký Krtíš";2122;21;2143;"SK032A"
2021-03-14;"Okres Vranov nad Topľou";7176;74;7250;"SK041D"
2021-03-14;"Okres Zlaté Moravce";2173;1;2174;"SK0237"
2021-03-14;"Okres Zvolen";4622;17;4639;"SK032B"
2021-03-14;"Okres Žarnovica";546;2;548;"SK032C"
2021-03-14;"Okres Žiar nad Hronom";2659;22;2681;"SK032D"
2021-03-14;"Okres Žilina";8921;47;8968;"SK031B"
2021-03-15;"Okres Bánovce nad Bebravou";1015;7;1022;"SK0221"
2021-03-15;"Okres Banská Bystrica";5659;49;5708;"SK0321"
2021-03-15;"Okres Banská Štiavnica";890;9;899;"SK0322"
2021-03-15;"Okres Bardejov";2778;48;2826;"SK0411"
2021-03-15;"Okres Bratislava I";4123;8;4131;"SK0101"
2021-03-15;"Okres Bratislava II";8030;47;8077;"SK0102"
2021-03-15;"Okres Bratislava III";8382;25;8407;"SK0103"
2021-03-15;"Okres Bratislava IV";6696;38;6734;"SK0104"
2021-03-15;"Okres Bratislava V";6898;37;6935;"SK0105"
2021-03-15;"Okres Brezno";1672;28;1700;"SK0323"
2021-03-15;"Okres Bytča";715;10;725;"SK0311"
2021-03-15;"Okres Čadca";5305;96;5401;"SK0312"
2021-03-15;"Okres Detva";1225;22;1247;"SK0324"
2021-03-15;"Okres Dolný Kubín";2654;24;2678;"SK0313"
2021-03-15;"Okres Dunajská Streda";4896;40;4936;"SK0211"
2021-03-15;"Okres Galanta";4484;27;4511;"SK0212"
2021-03-15;"Okres Gelnica";499;17;516;"SK0421"
2021-03-15;"Okres Hlohovec";1108;9;1117;"SK0213"
2021-03-15;"Okres Humenné";1939;32;1971;"SK0412"
2021-03-15;"Okres Ilava";3008;81;3089;"SK0222"
2021-03-15;"Okres Kežmarok";2476;37;2513;"SK0413"
2021-03-15;"Okres Komárno";3519;31;3550;"SK0231"
2021-03-15;"Okres Košice - okolie";752;6;758;"SK0426"
2021-03-15;"Okres Košice I";3354;16;3370;"SK0422"
2021-03-15;"Okres Košice II";5462;30;5492;"SK0423"
2021-03-15;"Okres Košice III";954;5;959;"SK0424"
2021-03-15;"Okres Košice IV";4720;106;4826;"SK0425"
2021-03-15;"Okres Krupina";2269;43;2312;"SK0325"
2021-03-15;"Okres Kysucké Nové Mesto";1685;39;1724;"SK0314"
2021-03-15;"Okres Levice";3739;32;3771;"SK0232"
2021-03-15;"Okres Levoča";1078;17;1095;"SK0414"
2021-03-15;"Okres Liptovský Mikuláš";3824;66;3890;"SK0315"
2021-03-15;"Okres Lučenec";4667;54;4721;"SK0326"
2021-03-15;"Okres Malacky";2724;32;2756;"SK0106"
2021-03-15;"Okres Martin";6679;74;6753;"SK0316"
2021-03-15;"Okres Medzilaborce";407;8;415;"SK0415"
2021-03-15;"Okres Michalovce";4470;41;4511;"SK0427"
2021-03-15;"Okres Myjava";684;8;692;"SK0223"
2021-03-15;"Okres Námestovo";1353;34;1387;"SK0317"
2021-03-15;"Okres Nitra";6211;18;6229;"SK0233"
2021-03-15;"Okres Nové Mesto nad Váhom";1752;27;1779;"SK0224"
2021-03-15;"Okres Nové Zámky";4657;55;4712;"SK0234"
2021-03-15;"Okres Partizánske";1240;16;1256;"SK0225"
2021-03-15;"Okres Pezinok";2770;47;2817;"SK0107"
2021-03-15;"Okres Piešťany";2873;14;2887;"SK0214"
2021-03-15;"Okres Poltár";173;5;178;"SK0327"
2021-03-15;"Okres Poprad";5273;94;5367;"SK0416"
2021-03-15;"Okres Považská Bystrica";2982;39;3021;"SK0226"
2021-03-15;"Okres Prešov";10331;70;10401;"SK0417"
2021-03-15;"Okres Prievidza";4679;63;4742;"SK0227"
2021-03-15;"Okres Púchov";2449;20;2469;"SK0228"
2021-03-15;"Okres Revúca";1566;16;1582;"SK0328"
2021-03-15;"Okres Rimavská Sobota";3908;55;3963;"SK0329"
2021-03-15;"Okres Rožňava";2813;18;2831;"SK0428"
2021-03-15;"Okres Ružomberok";1823;20;1843;"SK0318"
2021-03-15;"Okres Sabinov";2075;27;2102;"SK0418"
2021-03-15;"Okres Senec";3886;52;3938;"SK0108"
2021-03-15;"Okres Senica";1133;26;1159;"SK0215"
2021-03-15;"Okres Skalica";1389;23;1412;"SK0216"
2021-03-15;"Okres Snina";1919;4;1923;"SK0419"
2021-03-15;"Okres Sobrance";556;7;563;"SK0429"
2021-03-15;"Okres Spišská Nová Ves";4704;46;4750;"SK042A"
2021-03-15;"Okres Stará Ľubovňa";1657;13;1670;"SK041A"
2021-03-15;"Okres Stropkov";785;4;789;"SK041B"
2021-03-15;"Okres Svidník";1450;2;1452;"SK041C"
2021-03-15;"Okres Šaľa";4265;17;4282;"SK0235"
2021-03-15;"Okres Topoľčany";1949;16;1965;"SK0236"
2021-03-15;"Okres Trebišov";2695;32;2727;"SK042B"
2021-03-15;"Okres Trenčín";6384;39;6423;"SK0229"
2021-03-15;"Okres Trnava";3850;13;3863;"SK0217"
2021-03-15;"Okres Turčianske Teplice";494;1;495;"SK0319"
2021-03-15;"Okres Tvrdošín";1095;12;1107;"SK031A"
2021-03-15;"Okres Veľký Krtíš";2091;22;2113;"SK032A"
2021-03-15;"Okres Vranov nad Topľou";2292;26;2318;"SK041D"
2021-03-15;"Okres Zlaté Moravce";1195;2;1197;"SK0237"
2021-03-15;"Okres Zvolen";4028;40;4068;"SK032B"
2021-03-15;"Okres Žarnovica";1541;14;1555;"SK032C"
2021-03-15;"Okres Žiar nad Hronom";4083;34;4117;"SK032D"
2021-03-15;"Okres Žilina";6411;84;6495;"SK031B"
2021-03-16;"Okres Bánovce nad Bebravou";1487;20;1507;"SK0221"
2021-03-16;"Okres Banská Bystrica";4610;26;4636;"SK0321"
2021-03-16;"Okres Banská Štiavnica";745;2;747;"SK0322"
2021-03-16;"Okres Bardejov";2204;33;2237;"SK0411"
2021-03-16;"Okres Bratislava I";6375;12;6387;"SK0101"
2021-03-16;"Okres Bratislava II";6916;20;6936;"SK0102"
2021-03-16;"Okres Bratislava III";5838;18;5856;"SK0103"
2021-03-16;"Okres Bratislava IV";5141;37;5178;"SK0104"
2021-03-16;"Okres Bratislava V";5621;43;5664;"SK0105"
2021-03-16;"Okres Brezno";1358;21;1379;"SK0323"
2021-03-16;"Okres Bytča";507;8;515;"SK0311"
2021-03-16;"Okres Čadca";3732;68;3800;"SK0312"
2021-03-16;"Okres Detva";1115;17;1132;"SK0324"
2021-03-16;"Okres Dolný Kubín";1310;19;1329;"SK0313"
2021-03-16;"Okres Dunajská Streda";2399;23;2422;"SK0211"
2021-03-16;"Okres Galanta";1719;13;1732;"SK0212"
2021-03-16;"Okres Gelnica";485;6;491;"SK0421"
2021-03-16;"Okres Hlohovec";948;6;954;"SK0213"
2021-03-16;"Okres Humenné";1780;21;1801;"SK0412"
2021-03-16;"Okres Ilava";1958;51;2009;"SK0222"
2021-03-16;"Okres Kežmarok";2086;33;2119;"SK0413"
2021-03-16;"Okres Komárno";2947;38;2985;"SK0231"
2021-03-16;"Okres Košice - okolie";693;8;701;"SK0426"
2021-03-16;"Okres Košice I";3251;13;3264;"SK0422"
2021-03-16;"Okres Košice II";4494;28;4522;"SK0423"
2021-03-16;"Okres Košice III";903;7;910;"SK0424"
2021-03-16;"Okres Košice IV";4489;48;4537;"SK0425"
2021-03-16;"Okres Krupina";507;12;519;"SK0325"
2021-03-16;"Okres Kysucké Nové Mesto";978;23;1001;"SK0314"
2021-03-16;"Okres Levice";3183;18;3201;"SK0232"
2021-03-16;"Okres Levoča";959;21;980;"SK0414"
2021-03-16;"Okres Liptovský Mikuláš";3010;49;3059;"SK0315"
2021-03-16;"Okres Lučenec";3291;43;3334;"SK0326"
2021-03-16;"Okres Malacky";4013;72;4085;"SK0106"
2021-03-16;"Okres Martin";4943;64;5007;"SK0316"
2021-03-16;"Okres Medzilaborce";324;1;325;"SK0415"
2021-03-16;"Okres Michalovce";4139;50;4189;"SK0427"
2021-03-16;"Okres Myjava";239;6;245;"SK0223"
2021-03-16;"Okres Námestovo";943;15;958;"SK0317"
2021-03-16;"Okres Nitra";6384;15;6399;"SK0233"
2021-03-16;"Okres Nové Mesto nad Váhom";1318;20;1338;"SK0224"
2021-03-16;"Okres Nové Zámky";3341;34;3375;"SK0234"
2021-03-16;"Okres Partizánske";1028;10;1038;"SK0225"
2021-03-16;"Okres Pezinok";1983;51;2034;"SK0107"
2021-03-16;"Okres Piešťany";2030;24;2054;"SK0214"
2021-03-16;"Okres Poltár";176;3;179;"SK0327"
2021-03-16;"Okres Poprad";4430;86;4516;"SK0416"
2021-03-16;"Okres Považská Bystrica";2407;20;2427;"SK0226"
2021-03-16;"Okres Prešov";5117;43;5160;"SK0417"
2021-03-16;"Okres Prievidza";2435;41;2476;"SK0227"
2021-03-16;"Okres Púchov";871;12;883;"SK0228"
2021-03-16;"Okres Revúca";1146;16;1162;"SK0328"
2021-03-16;"Okres Rimavská Sobota";2605;39;2644;"SK0329"
2021-03-16;"Okres Rožňava";1755;14;1769;"SK0428"
2021-03-16;"Okres Ružomberok";3798;53;3851;"SK0318"
2021-03-16;"Okres Sabinov";1257;23;1280;"SK0418"
2021-03-16;"Okres Senec";4307;47;4354;"SK0108"
2021-03-16;"Okres Senica";848;23;871;"SK0215"
2021-03-16;"Okres Skalica";3873;35;3908;"SK0216"
2021-03-16;"Okres Snina";1111;16;1127;"SK0419"
2021-03-16;"Okres Sobrance";441;6;447;"SK0429"
2021-03-16;"Okres Spišská Nová Ves";4084;39;4123;"SK042A"
2021-03-16;"Okres Stará Ľubovňa";931;11;942;"SK041A"
2021-03-16;"Okres Stropkov";560;2;562;"SK041B"
2021-03-16;"Okres Svidník";785;7;792;"SK041C"
2021-03-16;"Okres Šaľa";1276;6;1282;"SK0235"
2021-03-16;"Okres Topoľčany";1459;11;1470;"SK0236"
2021-03-16;"Okres Trebišov";1748;29;1777;"SK042B"
2021-03-16;"Okres Trenčín";4556;71;4627;"SK0229"
2021-03-16;"Okres Trnava";1967;23;1990;"SK0217"
2021-03-16;"Okres Turčianske Teplice";414;7;421;"SK0319"
2021-03-16;"Okres Tvrdošín";1445;7;1452;"SK031A"
2021-03-16;"Okres Veľký Krtíš";1718;15;1733;"SK032A"
2021-03-16;"Okres Vranov nad Topľou";1535;22;1557;"SK041D"
2021-03-16;"Okres Zlaté Moravce";698;3;701;"SK0237"
2021-03-16;"Okres Zvolen";3340;20;3360;"SK032B"
2021-03-16;"Okres Žarnovica";905;10;915;"SK032C"
2021-03-16;"Okres Žiar nad Hronom";3463;20;3483;"SK032D"
2021-03-16;"Okres Žilina";4620;52;4672;"SK031B"
2021-03-17;"Okres Bánovce nad Bebravou";799;9;808;"SK0221"
2021-03-17;"Okres Banská Bystrica";4115;40;4155;"SK0321"
2021-03-17;"Okres Banská Štiavnica";574;7;581;"SK0322"
2021-03-17;"Okres Bardejov";2239;13;2252;"SK0411"
2021-03-17;"Okres Bratislava I";3083;2;3085;"SK0101"
2021-03-17;"Okres Bratislava II";6443;17;6460;"SK0102"
2021-03-17;"Okres Bratislava III";5736;18;5754;"SK0103"
2021-03-17;"Okres Bratislava IV";4840;43;4883;"SK0104"
2021-03-17;"Okres Bratislava V";5563;36;5599;"SK0105"
2021-03-17;"Okres Brezno";1178;10;1188;"SK0323"
2021-03-17;"Okres Bytča";592;6;598;"SK0311"
2021-03-17;"Okres Čadca";4217;68;4285;"SK0312"
2021-03-17;"Okres Detva";1044;18;1062;"SK0324"
2021-03-17;"Okres Dolný Kubín";1267;13;1280;"SK0313"
2021-03-17;"Okres Dunajská Streda";2153;27;2180;"SK0211"
2021-03-17;"Okres Galanta";1379;10;1389;"SK0212"
2021-03-17;"Okres Gelnica";602;8;610;"SK0421"
2021-03-17;"Okres Hlohovec";1572;7;1579;"SK0213"
2021-03-17;"Okres Humenné";1294;10;1304;"SK0412"
2021-03-17;"Okres Ilava";2069;39;2108;"SK0222"
2021-03-17;"Okres Kežmarok";1788;21;1809;"SK0413"
2021-03-17;"Okres Komárno";2220;33;2253;"SK0231"
2021-03-17;"Okres Košice - okolie";700;8;708;"SK0426"
2021-03-17;"Okres Košice I";2565;16;2581;"SK0422"
2021-03-17;"Okres Košice II";4175;27;4202;"SK0423"
2021-03-17;"Okres Košice III";671;6;677;"SK0424"
2021-03-17;"Okres Košice IV";2931;21;2952;"SK0425"
2021-03-17;"Okres Krupina";468;11;479;"SK0325"
2021-03-17;"Okres Kysucké Nové Mesto";1154;22;1176;"SK0314"
2021-03-17;"Okres Levice";3178;21;3199;"SK0232"
2021-03-17;"Okres Levoča";769;15;784;"SK0414"
2021-03-17;"Okres Liptovský Mikuláš";3128;43;3171;"SK0315"
2021-03-17;"Okres Lučenec";3046;47;3093;"SK0326"
2021-03-17;"Okres Malacky";2636;27;2663;"SK0106"
2021-03-17;"Okres Martin";3802;32;3834;"SK0316"
2021-03-17;"Okres Medzilaborce";222;2;224;"SK0415"
2021-03-17;"Okres Michalovce";4468;45;4513;"SK0427"
2021-03-17;"Okres Myjava";203;8;211;"SK0223"
2021-03-17;"Okres Námestovo";883;24;907;"SK0317"
2021-03-17;"Okres Nitra";5284;13;5297;"SK0233"
2021-03-17;"Okres Nové Mesto nad Váhom";841;14;855;"SK0224"
2021-03-17;"Okres Nové Zámky";2942;44;2986;"SK0234"
2021-03-17;"Okres Partizánske";1148;12;1160;"SK0225"
2021-03-17;"Okres Pezinok";2173;43;2216;"SK0107"
2021-03-17;"Okres Piešťany";2514;16;2530;"SK0214"
2021-03-17;"Okres Poltár";238;8;246;"SK0327"
2021-03-17;"Okres Poprad";4809;66;4875;"SK0416"
2021-03-17;"Okres Považská Bystrica";1837;19;1856;"SK0226"
2021-03-17;"Okres Prešov";6202;41;6243;"SK0417"
2021-03-17;"Okres Prievidza";2928;36;2964;"SK0227"
2021-03-17;"Okres Púchov";755;5;760;"SK0228"
2021-03-17;"Okres Revúca";1195;20;1215;"SK0328"
2021-03-17;"Okres Rimavská Sobota";2693;24;2717;"SK0329"
2021-03-17;"Okres Rožňava";1634;18;1652;"SK0428"
2021-03-17;"Okres Ružomberok";1425;17;1442;"SK0318"
2021-03-17;"Okres Sabinov";1042;18;1060;"SK0418"
2021-03-17;"Okres Senec";4010;49;4059;"SK0108"
2021-03-17;"Okres Senica";837;16;853;"SK0215"
2021-03-17;"Okres Skalica";1261;19;1280;"SK0216"
2021-03-17;"Okres Snina";1140;15;1155;"SK0419"
2021-03-17;"Okres Sobrance";558;1;559;"SK0429"
2021-03-17;"Okres Spišská Nová Ves";3501;28;3529;"SK042A"
2021-03-17;"Okres Stará Ľubovňa";801;6;807;"SK041A"
2021-03-17;"Okres Stropkov";571;0;571;"SK041B"
2021-03-17;"Okres Svidník";713;7;720;"SK041C"
2021-03-17;"Okres Šaľa";968;8;976;"SK0235"
2021-03-17;"Okres Topoľčany";1255;16;1271;"SK0236"
2021-03-17;"Okres Trebišov";1618;32;1650;"SK042B"
2021-03-17;"Okres Trenčín";4053;34;4087;"SK0229"
2021-03-17;"Okres Trnava";1494;10;1504;"SK0217"
2021-03-17;"Okres Turčianske Teplice";388;5;393;"SK0319"
2021-03-17;"Okres Tvrdošín";1238;10;1248;"SK031A"
2021-03-17;"Okres Veľký Krtíš";1014;22;1036;"SK032A"
2021-03-17;"Okres Vranov nad Topľou";1352;37;1389;"SK041D"
2021-03-17;"Okres Zlaté Moravce";663;3;666;"SK0237"
2021-03-17;"Okres Zvolen";2245;19;2264;"SK032B"
2021-03-17;"Okres Žarnovica";855;8;863;"SK032C"
2021-03-17;"Okres Žiar nad Hronom";3878;27;3905;"SK032D"
2021-03-17;"Okres Žilina";5479;60;5539;"SK031B"
2021-03-18;"Okres Bánovce nad Bebravou";1146;9;1155;"SK0221"
2021-03-18;"Okres Banská Bystrica";5107;27;5134;"SK0321"
2021-03-18;"Okres Banská Štiavnica";620;6;626;"SK0322"
2021-03-18;"Okres Bardejov";2393;23;2416;"SK0411"
2021-03-18;"Okres Bratislava I";3520;12;3532;"SK0101"
2021-03-18;"Okres Bratislava II";7691;36;7727;"SK0102"
2021-03-18;"Okres Bratislava III";6601;23;6624;"SK0103"
2021-03-18;"Okres Bratislava IV";6195;31;6226;"SK0104"
2021-03-18;"Okres Bratislava V";6070;51;6121;"SK0105"
2021-03-18;"Okres Brezno";1213;36;1249;"SK0323"
2021-03-18;"Okres Bytča";605;29;634;"SK0311"
2021-03-18;"Okres Čadca";4300;53;4353;"SK0312"
2021-03-18;"Okres Detva";1123;14;1137;"SK0324"
2021-03-18;"Okres Dolný Kubín";1558;12;1570;"SK0313"
2021-03-18;"Okres Dunajská Streda";2475;39;2514;"SK0211"
2021-03-18;"Okres Galanta";2388;10;2398;"SK0212"
2021-03-18;"Okres Gelnica";463;4;467;"SK0421"
2021-03-18;"Okres Hlohovec";932;9;941;"SK0213"
2021-03-18;"Okres Humenné";1297;17;1314;"SK0412"
2021-03-18;"Okres Ilava";2322;61;2383;"SK0222"
2021-03-18;"Okres Kežmarok";1619;10;1629;"SK0413"
2021-03-18;"Okres Komárno";1885;35;1920;"SK0231"
2021-03-18;"Okres Košice - okolie";734;8;742;"SK0426"
2021-03-18;"Okres Košice I";3174;8;3182;"SK0422"
2021-03-18;"Okres Košice II";4725;13;4738;"SK0423"
2021-03-18;"Okres Košice III";736;3;739;"SK0424"
2021-03-18;"Okres Košice IV";4247;68;4315;"SK0425"
2021-03-18;"Okres Krupina";527;18;545;"SK0325"
2021-03-18;"Okres Kysucké Nové Mesto";1177;44;1221;"SK0314"
2021-03-18;"Okres Levice";2572;31;2603;"SK0232"
2021-03-18;"Okres Levoča";754;14;768;"SK0414"
2021-03-18;"Okres Liptovský Mikuláš";3800;52;3852;"SK0315"
2021-03-18;"Okres Lučenec";2992;47;3039;"SK0326"
2021-03-18;"Okres Malacky";3108;19;3127;"SK0106"
2021-03-18;"Okres Martin";4184;33;4217;"SK0316"
2021-03-18;"Okres Medzilaborce";239;1;240;"SK0415"
2021-03-18;"Okres Michalovce";3339;37;3376;"SK0427"
2021-03-18;"Okres Myjava";337;6;343;"SK0223"
2021-03-18;"Okres Námestovo";2405;16;2421;"SK0317"
2021-03-18;"Okres Nitra";10002;15;10017;"SK0233"
2021-03-18;"Okres Nové Mesto nad Váhom";1146;26;1172;"SK0224"
2021-03-18;"Okres Nové Zámky";2349;27;2376;"SK0234"
2021-03-18;"Okres Partizánske";1531;12;1543;"SK0225"
2021-03-18;"Okres Pezinok";2553;20;2573;"SK0107"
2021-03-18;"Okres Piešťany";2052;12;2064;"SK0214"
2021-03-18;"Okres Poltár";182;11;193;"SK0327"
2021-03-18;"Okres Poprad";4011;52;4063;"SK0416"
2021-03-18;"Okres Považská Bystrica";2256;25;2281;"SK0226"
2021-03-18;"Okres Prešov";5893;47;5940;"SK0417"
2021-03-18;"Okres Prievidza";3205;15;3220;"SK0227"
2021-03-18;"Okres Púchov";1238;9;1247;"SK0228"
2021-03-18;"Okres Revúca";1324;18;1342;"SK0328"
2021-03-18;"Okres Rimavská Sobota";2964;36;3000;"SK0329"
2021-03-18;"Okres Rožňava";1651;16;1667;"SK0428"
2021-03-18;"Okres Ružomberok";1541;19;1560;"SK0318"
2021-03-18;"Okres Sabinov";1300;12;1312;"SK0418"
2021-03-18;"Okres Senec";3491;23;3514;"SK0108"
2021-03-18;"Okres Senica";1026;28;1054;"SK0215"
2021-03-18;"Okres Skalica";2142;22;2164;"SK0216"
2021-03-18;"Okres Snina";1101;4;1105;"SK0419"
2021-03-18;"Okres Sobrance";496;2;498;"SK0429"
2021-03-18;"Okres Spišská Nová Ves";3601;42;3643;"SK042A"
2021-03-18;"Okres Stará Ľubovňa";908;13;921;"SK041A"
2021-03-18;"Okres Stropkov";600;0;600;"SK041B"
2021-03-18;"Okres Svidník";809;5;814;"SK041C"
2021-03-18;"Okres Šaľa";1666;4;1670;"SK0235"
2021-03-18;"Okres Topoľčany";1812;10;1822;"SK0236"
2021-03-18;"Okres Trebišov";2058;19;2077;"SK042B"
2021-03-18;"Okres Trenčín";4610;39;4649;"SK0229"
2021-03-18;"Okres Trnava";1661;18;1679;"SK0217"
2021-03-18;"Okres Turčianske Teplice";701;1;702;"SK0319"
2021-03-18;"Okres Tvrdošín";1994;6;2000;"SK031A"
2021-03-18;"Okres Veľký Krtíš";2046;34;2080;"SK032A"
2021-03-18;"Okres Vranov nad Topľou";2109;30;2139;"SK041D"
2021-03-18;"Okres Zlaté Moravce";847;1;848;"SK0237"
2021-03-18;"Okres Zvolen";2917;22;2939;"SK032B"
2021-03-18;"Okres Žarnovica";724;6;730;"SK032C"
2021-03-18;"Okres Žiar nad Hronom";1355;18;1373;"SK032D"
2021-03-18;"Okres Žilina";8715;63;8778;"SK031B"
2021-03-19;"Okres Bánovce nad Bebravou";2861;5;2866;"SK0221"
2021-03-19;"Okres Banská Bystrica";11398;38;11436;"SK0321"
2021-03-19;"Okres Banská Štiavnica";1457;4;1461;"SK0322"
2021-03-19;"Okres Bardejov";6097;33;6130;"SK0411"
2021-03-19;"Okres Bratislava I";5383;8;5391;"SK0101"
2021-03-19;"Okres Bratislava II";12767;39;12806;"SK0102"
2021-03-19;"Okres Bratislava III";9233;46;9279;"SK0103"
2021-03-19;"Okres Bratislava IV";9428;31;9459;"SK0104"
2021-03-19;"Okres Bratislava V";8981;47;9028;"SK0105"
2021-03-19;"Okres Brezno";2757;14;2771;"SK0323"
2021-03-19;"Okres Bytča";2317;27;2344;"SK0311"
2021-03-19;"Okres Čadca";6169;76;6245;"SK0312"
2021-03-19;"Okres Detva";1670;18;1688;"SK0324"
2021-03-19;"Okres Dolný Kubín";3718;17;3735;"SK0313"
2021-03-19;"Okres Dunajská Streda";6712;30;6742;"SK0211"
2021-03-19;"Okres Galanta";5551;21;5572;"SK0212"
2021-03-19;"Okres Gelnica";2881;17;2898;"SK0421"
2021-03-19;"Okres Hlohovec";1218;5;1223;"SK0213"
2021-03-19;"Okres Humenné";3524;21;3545;"SK0412"
2021-03-19;"Okres Ilava";5204;58;5262;"SK0222"
2021-03-19;"Okres Kežmarok";3658;36;3694;"SK0413"
2021-03-19;"Okres Komárno";4303;36;4339;"SK0231"
2021-03-19;"Okres Košice - okolie";2081;9;2090;"SK0426"
2021-03-19;"Okres Košice I";6057;10;6067;"SK0422"
2021-03-19;"Okres Košice II";9676;37;9713;"SK0423"
2021-03-19;"Okres Košice III";1212;8;1220;"SK0424"
2021-03-19;"Okres Košice IV";5688;53;5741;"SK0425"
2021-03-19;"Okres Krupina";1560;11;1571;"SK0325"
2021-03-19;"Okres Kysucké Nové Mesto";1849;35;1884;"SK0314"
2021-03-19;"Okres Levice";3804;11;3815;"SK0232"
2021-03-19;"Okres Levoča";1560;5;1565;"SK0414"
2021-03-19;"Okres Liptovský Mikuláš";6883;79;6962;"SK0315"
2021-03-19;"Okres Lučenec";5002;59;5061;"SK0326"
2021-03-19;"Okres Malacky";5042;32;5074;"SK0106"
2021-03-19;"Okres Martin";7208;50;7258;"SK0316"
2021-03-19;"Okres Medzilaborce";311;3;314;"SK0415"
2021-03-19;"Okres Michalovce";6803;61;6864;"SK0427"
2021-03-19;"Okres Myjava";1648;8;1656;"SK0223"
2021-03-19;"Okres Námestovo";7048;44;7092;"SK0317"
2021-03-19;"Okres Nitra";15763;14;15777;"SK0233"
2021-03-19;"Okres Nové Mesto nad Váhom";2553;20;2573;"SK0224"
2021-03-19;"Okres Nové Zámky";4483;28;4511;"SK0234"
2021-03-19;"Okres Partizánske";2986;16;3002;"SK0225"
2021-03-19;"Okres Pezinok";3802;52;3854;"SK0107"
2021-03-19;"Okres Piešťany";3564;7;3571;"SK0214"
2021-03-19;"Okres Poltár";270;4;274;"SK0327"
2021-03-19;"Okres Poprad";9253;89;9342;"SK0416"
2021-03-19;"Okres Považská Bystrica";4814;28;4842;"SK0226"
2021-03-19;"Okres Prešov";11532;54;11586;"SK0417"
2021-03-19;"Okres Prievidza";6221;39;6260;"SK0227"
2021-03-19;"Okres Púchov";2098;18;2116;"SK0228"
2021-03-19;"Okres Revúca";2859;25;2884;"SK0328"
2021-03-19;"Okres Rimavská Sobota";6013;77;6090;"SK0329"
2021-03-19;"Okres Rožňava";3589;19;3608;"SK0428"
2021-03-19;"Okres Ružomberok";3724;18;3742;"SK0318"
2021-03-19;"Okres Sabinov";3137;16;3153;"SK0418"
2021-03-19;"Okres Senec";7381;28;7409;"SK0108"
2021-03-19;"Okres Senica";3366;20;3386;"SK0215"
2021-03-19;"Okres Skalica";3772;28;3800;"SK0216"
2021-03-19;"Okres Snina";1764;10;1774;"SK0419"
2021-03-19;"Okres Sobrance";1207;3;1210;"SK0429"
2021-03-19;"Okres Spišská Nová Ves";6067;44;6111;"SK042A"
2021-03-19;"Okres Stará Ľubovňa";1716;22;1738;"SK041A"
2021-03-19;"Okres Stropkov";1173;2;1175;"SK041B"
2021-03-19;"Okres Svidník";2311;15;2326;"SK041C"
2021-03-19;"Okres Šaľa";4268;5;4273;"SK0235"
2021-03-19;"Okres Topoľčany";2402;8;2410;"SK0236"
2021-03-19;"Okres Trebišov";3653;18;3671;"SK042B"
2021-03-19;"Okres Trenčín";8368;48;8416;"SK0229"
2021-03-19;"Okres Trnava";6607;37;6644;"SK0217"
2021-03-19;"Okres Turčianske Teplice";1335;8;1343;"SK0319"
2021-03-19;"Okres Tvrdošín";4032;19;4051;"SK031A"
2021-03-19;"Okres Veľký Krtíš";4306;35;4341;"SK032A"
2021-03-19;"Okres Vranov nad Topľou";3048;33;3081;"SK041D"
2021-03-19;"Okres Zlaté Moravce";2529;2;2531;"SK0237"
2021-03-19;"Okres Zvolen";5513;18;5531;"SK032B"
2021-03-19;"Okres Žarnovica";1491;6;1497;"SK032C"
2021-03-19;"Okres Žiar nad Hronom";2451;19;2470;"SK032D"
2021-03-19;"Okres Žilina";10971;92;11063;"SK031B"
2021-03-20;"Okres Bánovce nad Bebravou";7565;26;7591;"SK0221"
2021-03-20;"Okres Banská Bystrica";9440;60;9500;"SK0321"
2021-03-20;"Okres Banská Štiavnica";1063;5;1068;"SK0322"
2021-03-20;"Okres Bardejov";9590;35;9625;"SK0411"
2021-03-20;"Okres Bratislava I";3324;6;3330;"SK0101"
2021-03-20;"Okres Bratislava II";13133;49;13182;"SK0102"
2021-03-20;"Okres Bratislava III";8873;23;8896;"SK0103"
2021-03-20;"Okres Bratislava IV";11481;25;11506;"SK0104"
2021-03-20;"Okres Bratislava V";6441;19;6460;"SK0105"
2021-03-20;"Okres Brezno";8520;48;8568;"SK0323"
2021-03-20;"Okres Bytča";4511;25;4536;"SK0311"
2021-03-20;"Okres Čadca";14483;126;14609;"SK0312"
2021-03-20;"Okres Detva";5268;23;5291;"SK0324"
2021-03-20;"Okres Dolný Kubín";3822;11;3833;"SK0313"
2021-03-20;"Okres Dunajská Streda";39227;60;39287;"SK0211"
2021-03-20;"Okres Galanta";21155;49;21204;"SK0212"
2021-03-20;"Okres Gelnica";3542;18;3560;"SK0421"
2021-03-20;"Okres Hlohovec";11315;30;11345;"SK0213"
2021-03-20;"Okres Humenné";11080;52;11132;"SK0412"
2021-03-20;"Okres Ilava";7703;67;7770;"SK0222"
2021-03-20;"Okres Kežmarok";12080;76;12156;"SK0413"
2021-03-20;"Okres Komárno";15726;59;15785;"SK0231"
2021-03-20;"Okres Košice - okolie";28070;69;28139;"SK0426"
2021-03-20;"Okres Košice I";5337;16;5353;"SK0422"
2021-03-20;"Okres Košice II";8207;24;8231;"SK0423"
2021-03-20;"Okres Košice III";1530;11;1541;"SK0424"
2021-03-20;"Okres Košice IV";5556;19;5575;"SK0425"
2021-03-20;"Okres Krupina";3610;37;3647;"SK0325"
2021-03-20;"Okres Kysucké Nové Mesto";4073;21;4094;"SK0314"
2021-03-20;"Okres Levice";17396;55;17451;"SK0232"
2021-03-20;"Okres Levoča";4673;27;4700;"SK0414"
2021-03-20;"Okres Liptovský Mikuláš";12131;84;12215;"SK0315"
2021-03-20;"Okres Lučenec";4921;40;4961;"SK0326"
2021-03-20;"Okres Malacky";12009;57;12066;"SK0106"
2021-03-20;"Okres Martin";12117;57;12174;"SK0316"
2021-03-20;"Okres Medzilaborce";1535;7;1542;"SK0415"
2021-03-20;"Okres Michalovce";11081;44;11125;"SK0427"
2021-03-20;"Okres Myjava";2358;9;2367;"SK0223"
2021-03-20;"Okres Námestovo";9467;25;9492;"SK0317"
2021-03-20;"Okres Nitra";18526;21;18547;"SK0233"
2021-03-20;"Okres Nové Mesto nad Váhom";16585;59;16644;"SK0224"
2021-03-20;"Okres Nové Zámky";23104;44;23148;"SK0234"
2021-03-20;"Okres Partizánske";10999;19;11018;"SK0225"
2021-03-20;"Okres Pezinok";9553;36;9589;"SK0107"
2021-03-20;"Okres Piešťany";9501;15;9516;"SK0214"
2021-03-20;"Okres Poltár";3690;25;3715;"SK0327"
2021-03-20;"Okres Poprad";13498;79;13577;"SK0416"
2021-03-20;"Okres Považská Bystrica";5835;20;5855;"SK0226"
2021-03-20;"Okres Prešov";11068;43;11111;"SK0417"
2021-03-20;"Okres Prievidza";6232;26;6258;"SK0227"
2021-03-20;"Okres Púchov";8885;47;8932;"SK0228"
2021-03-20;"Okres Revúca";4178;38;4216;"SK0328"
2021-03-20;"Okres Rimavská Sobota";3393;20;3413;"SK0329"
2021-03-20;"Okres Rožňava";9752;46;9798;"SK0428"
2021-03-20;"Okres Ružomberok";9034;30;9064;"SK0318"
2021-03-20;"Okres Sabinov";8439;48;8487;"SK0418"
2021-03-20;"Okres Senec";18129;51;18180;"SK0108"
2021-03-20;"Okres Senica";16806;68;16874;"SK0215"
2021-03-20;"Okres Skalica";4685;30;4715;"SK0216"
2021-03-20;"Okres Snina";6860;16;6876;"SK0419"
2021-03-20;"Okres Sobrance";3406;9;3415;"SK0429"
2021-03-20;"Okres Spišská Nová Ves";10764;32;10796;"SK042A"
2021-03-20;"Okres Stará Ľubovňa";7494;22;7516;"SK041A"
2021-03-20;"Okres Stropkov";1016;3;1019;"SK041B"
2021-03-20;"Okres Svidník";3532;13;3545;"SK041C"
2021-03-20;"Okres Šaľa";5158;6;5164;"SK0235"
2021-03-20;"Okres Topoľčany";13298;20;13318;"SK0236"
2021-03-20;"Okres Trebišov";18212;35;18247;"SK042B"
2021-03-20;"Okres Trenčín";15672;58;15730;"SK0229"
2021-03-20;"Okres Trnava";37357;72;37429;"SK0217"
2021-03-20;"Okres Turčianske Teplice";1128;5;1133;"SK0319"
2021-03-20;"Okres Tvrdošín";3853;10;3863;"SK031A"
2021-03-20;"Okres Veľký Krtíš";5722;31;5753;"SK032A"
2021-03-20;"Okres Vranov nad Topľou";9498;39;9537;"SK041D"
2021-03-20;"Okres Zlaté Moravce";7723;4;7727;"SK0237"
2021-03-20;"Okres Zvolen";10387;45;10432;"SK032B"
2021-03-20;"Okres Žarnovica";3402;16;3418;"SK032C"
2021-03-20;"Okres Žiar nad Hronom";6870;18;6888;"SK032D"
2021-03-20;"Okres Žilina";24375;156;24531;"SK031B"
2021-03-21;"Okres Bánovce nad Bebravou";2643;8;2651;"SK0221"
2021-03-21;"Okres Banská Bystrica";7081;95;7176;"SK0321"
2021-03-21;"Okres Banská Štiavnica";445;1;446;"SK0322"
2021-03-21;"Okres Bardejov";4767;18;4785;"SK0411"
2021-03-21;"Okres Bratislava I";2697;12;2709;"SK0101"
2021-03-21;"Okres Bratislava II";12913;38;12951;"SK0102"
2021-03-21;"Okres Bratislava III";7640;19;7659;"SK0103"
2021-03-21;"Okres Bratislava IV";9118;28;9146;"SK0104"
2021-03-21;"Okres Bratislava V";20711;66;20777;"SK0105"
2021-03-21;"Okres Brezno";4707;37;4744;"SK0323"
2021-03-21;"Okres Bytča";1143;8;1151;"SK0311"
2021-03-21;"Okres Čadca";10128;84;10212;"SK0312"
2021-03-21;"Okres Detva";4899;10;4909;"SK0324"
2021-03-21;"Okres Dolný Kubín";1809;5;1814;"SK0313"
2021-03-21;"Okres Dunajská Streda";15149;29;15178;"SK0211"
2021-03-21;"Okres Galanta";5854;14;5868;"SK0212"
2021-03-21;"Okres Gelnica";1011;10;1021;"SK0421"
2021-03-21;"Okres Hlohovec";3738;13;3751;"SK0213"
2021-03-21;"Okres Humenné";4851;53;4904;"SK0412"
2021-03-21;"Okres Ilava";2624;28;2652;"SK0222"
2021-03-21;"Okres Kežmarok";4973;43;5016;"SK0413"
2021-03-21;"Okres Komárno";8157;29;8186;"SK0231"
2021-03-21;"Okres Košice - okolie";5983;16;5999;"SK0426"
2021-03-21;"Okres Košice I";5183;8;5191;"SK0422"
2021-03-21;"Okres Košice II";8677;19;8696;"SK0423"
2021-03-21;"Okres Košice III";1318;3;1321;"SK0424"
2021-03-21;"Okres Košice IV";5657;24;5681;"SK0425"
2021-03-21;"Okres Krupina";772;4;776;"SK0325"
2021-03-21;"Okres Kysucké Nové Mesto";3164;31;3195;"SK0314"
2021-03-21;"Okres Levice";7343;12;7355;"SK0232"
2021-03-21;"Okres Levoča";1821;14;1835;"SK0414"
2021-03-21;"Okres Liptovský Mikuláš";2651;11;2662;"SK0315"
2021-03-21;"Okres Lučenec";6757;43;6800;"SK0326"
2021-03-21;"Okres Malacky";3373;35;3408;"SK0106"
2021-03-21;"Okres Martin";4531;45;4576;"SK0316"
2021-03-21;"Okres Medzilaborce";652;5;657;"SK0415"
2021-03-21;"Okres Michalovce";6303;27;6330;"SK0427"
2021-03-21;"Okres Myjava";1853;6;1859;"SK0223"
2021-03-21;"Okres Námestovo";3;0;3;"SK0317"
2021-03-21;"Okres Nitra";11392;11;11403;"SK0233"
2021-03-21;"Okres Nové Mesto nad Váhom";6212;31;6243;"SK0224"
2021-03-21;"Okres Nové Zámky";7058;27;7085;"SK0234"
2021-03-21;"Okres Partizánske";4496;6;4502;"SK0225"
2021-03-21;"Okres Pezinok";1519;6;1525;"SK0107"
2021-03-21;"Okres Piešťany";2634;17;2651;"SK0214"
2021-03-21;"Okres Poltár";1697;7;1704;"SK0327"
2021-03-21;"Okres Poprad";5304;51;5355;"SK0416"
2021-03-21;"Okres Považská Bystrica";3203;18;3221;"SK0226"
2021-03-21;"Okres Prešov";8911;33;8944;"SK0417"
2021-03-21;"Okres Prievidza";3115;18;3133;"SK0227"
2021-03-21;"Okres Púchov";3882;27;3909;"SK0228"
2021-03-21;"Okres Revúca";3472;20;3492;"SK0328"
2021-03-21;"Okres Rimavská Sobota";4579;45;4624;"SK0329"
2021-03-21;"Okres Rožňava";3351;16;3367;"SK0428"
2021-03-21;"Okres Ružomberok";1119;7;1126;"SK0318"
2021-03-21;"Okres Sabinov";4097;16;4113;"SK0418"
2021-03-21;"Okres Senec";11978;36;12014;"SK0108"
2021-03-21;"Okres Senica";9720;51;9771;"SK0215"
2021-03-21;"Okres Skalica";1834;17;1851;"SK0216"
2021-03-21;"Okres Snina";3630;9;3639;"SK0419"
2021-03-21;"Okres Sobrance";833;1;834;"SK0429"
2021-03-21;"Okres Spišská Nová Ves";4978;26;5004;"SK042A"
2021-03-21;"Okres Stará Ľubovňa";2905;11;2916;"SK041A"
2021-03-21;"Okres Stropkov";2380;2;2382;"SK041B"
2021-03-21;"Okres Svidník";2029;8;2037;"SK041C"
2021-03-21;"Okres Šaľa";2395;4;2399;"SK0235"
2021-03-21;"Okres Topoľčany";4075;13;4088;"SK0236"
2021-03-21;"Okres Trebišov";8756;31;8787;"SK042B"
2021-03-21;"Okres Trenčín";6580;28;6608;"SK0229"
2021-03-21;"Okres Trnava";13409;29;13438;"SK0217"
2021-03-21;"Okres Turčianske Teplice";1795;12;1807;"SK0319"
2021-03-21;"Okres Tvrdošín";1475;9;1484;"SK031A"
2021-03-21;"Okres Veľký Krtíš";1404;14;1418;"SK032A"
2021-03-21;"Okres Vranov nad Topľou";6718;41;6759;"SK041D"
2021-03-21;"Okres Zlaté Moravce";2475;3;2478;"SK0237"
2021-03-21;"Okres Zvolen";4878;70;4948;"SK032B"
2021-03-21;"Okres Žarnovica";564;0;564;"SK032C"
2021-03-21;"Okres Žiar nad Hronom";2244;7;2251;"SK032D"
2021-03-21;"Okres Žilina";8488;41;8529;"SK031B"
2021-03-22;"Okres Bánovce nad Bebravou";1031;9;1040;"SK0221"
2021-03-22;"Okres Banská Bystrica";5580;41;5621;"SK0321"
2021-03-22;"Okres Banská Štiavnica";876;5;881;"SK0322"
2021-03-22;"Okres Bardejov";2984;28;3012;"SK0411"
2021-03-22;"Okres Bratislava I";6407;4;6411;"SK0101"
2021-03-22;"Okres Bratislava II";8242;24;8266;"SK0102"
2021-03-22;"Okres Bratislava III";9357;40;9397;"SK0103"
2021-03-22;"Okres Bratislava IV";6362;24;6386;"SK0104"
2021-03-22;"Okres Bratislava V";7340;69;7409;"SK0105"
2021-03-22;"Okres Brezno";1401;4;1405;"SK0323"
2021-03-22;"Okres Bytča";735;9;744;"SK0311"
2021-03-22;"Okres Čadca";4680;66;4746;"SK0312"
2021-03-22;"Okres Detva";1312;16;1328;"SK0324"
2021-03-22;"Okres Dolný Kubín";2124;23;2147;"SK0313"
2021-03-22;"Okres Dunajská Streda";4521;36;4557;"SK0211"
2021-03-22;"Okres Galanta";3305;16;3321;"SK0212"
2021-03-22;"Okres Gelnica";564;18;582;"SK0421"
2021-03-22;"Okres Hlohovec";1090;5;1095;"SK0213"
2021-03-22;"Okres Humenné";1929;22;1951;"SK0412"
2021-03-22;"Okres Ilava";2591;29;2620;"SK0222"
2021-03-22;"Okres Kežmarok";2215;35;2250;"SK0413"
2021-03-22;"Okres Komárno";2877;42;2919;"SK0231"
2021-03-22;"Okres Košice - okolie";770;8;778;"SK0426"
2021-03-22;"Okres Košice I";2764;10;2774;"SK0422"
2021-03-22;"Okres Košice II";5109;32;5141;"SK0423"
2021-03-22;"Okres Košice III";816;5;821;"SK0424"
2021-03-22;"Okres Košice IV";3863;64;3927;"SK0425"
2021-03-22;"Okres Krupina";1481;23;1504;"SK0325"
2021-03-22;"Okres Kysucké Nové Mesto";1377;32;1409;"SK0314"
2021-03-22;"Okres Levice";4656;37;4693;"SK0232"
2021-03-22;"Okres Levoča";1100;18;1118;"SK0414"
2021-03-22;"Okres Liptovský Mikuláš";4301;52;4353;"SK0315"
2021-03-22;"Okres Lučenec";4197;43;4240;"SK0326"
2021-03-22;"Okres Malacky";2580;29;2609;"SK0106"
2021-03-22;"Okres Martin";6334;67;6401;"SK0316"
2021-03-22;"Okres Medzilaborce";394;3;397;"SK0415"
2021-03-22;"Okres Michalovce";3914;38;3952;"SK0427"
2021-03-22;"Okres Myjava";705;3;708;"SK0223"
2021-03-22;"Okres Námestovo";1348;22;1370;"SK0317"
2021-03-22;"Okres Nitra";6212;7;6219;"SK0233"
2021-03-22;"Okres Nové Mesto nad Váhom";1648;29;1677;"SK0224"
2021-03-22;"Okres Nové Zámky";4702;29;4731;"SK0234"
2021-03-22;"Okres Partizánske";1277;28;1305;"SK0225"
2021-03-22;"Okres Pezinok";2074;18;2092;"SK0107"
2021-03-22;"Okres Piešťany";2299;17;2316;"SK0214"
2021-03-22;"Okres Poltár";442;34;476;"SK0327"
2021-03-22;"Okres Poprad";4773;67;4840;"SK0416"
2021-03-22;"Okres Považská Bystrica";3824;35;3859;"SK0226"
2021-03-22;"Okres Prešov";7685;57;7742;"SK0417"
2021-03-22;"Okres Prievidza";4287;36;4323;"SK0227"
2021-03-22;"Okres Púchov";1494;9;1503;"SK0228"
2021-03-22;"Okres Revúca";1606;13;1619;"SK0328"
2021-03-22;"Okres Rimavská Sobota";3787;46;3833;"SK0329"
2021-03-22;"Okres Rožňava";2777;16;2793;"SK0428"
2021-03-22;"Okres Ružomberok";1617;11;1628;"SK0318"
2021-03-22;"Okres Sabinov";1946;17;1963;"SK0418"
2021-03-22;"Okres Senec";5116;38;5154;"SK0108"
2021-03-22;"Okres Senica";1114;12;1126;"SK0215"
2021-03-22;"Okres Skalica";1349;13;1362;"SK0216"
2021-03-22;"Okres Snina";1541;8;1549;"SK0419"
2021-03-22;"Okres Sobrance";750;5;755;"SK0429"
2021-03-22;"Okres Spišská Nová Ves";4089;30;4119;"SK042A"
2021-03-22;"Okres Stará Ľubovňa";1080;13;1093;"SK041A"
2021-03-22;"Okres Stropkov";763;1;764;"SK041B"
2021-03-22;"Okres Svidník";1171;3;1174;"SK041C"
2021-03-22;"Okres Šaľa";3971;12;3983;"SK0235"
2021-03-22;"Okres Topoľčany";1830;16;1846;"SK0236"
2021-03-22;"Okres Trebišov";2601;15;2616;"SK042B"
2021-03-22;"Okres Trenčín";5373;50;5423;"SK0229"
2021-03-22;"Okres Trnava";4524;30;4554;"SK0217"
2021-03-22;"Okres Turčianske Teplice";544;6;550;"SK0319"
2021-03-22;"Okres Tvrdošín";1322;16;1338;"SK031A"
2021-03-22;"Okres Veľký Krtíš";1474;14;1488;"SK032A"
2021-03-22;"Okres Vranov nad Topľou";2216;33;2249;"SK041D"
2021-03-22;"Okres Zlaté Moravce";1787;2;1789;"SK0237"
2021-03-22;"Okres Zvolen";3366;27;3393;"SK032B"
2021-03-22;"Okres Žarnovica";1248;5;1253;"SK032C"
2021-03-22;"Okres Žiar nad Hronom";4672;21;4693;"SK032D"
2021-03-22;"Okres Žilina";6568;46;6614;"SK031B"
2021-03-23;"Okres Bánovce nad Bebravou";1694;9;1703;"SK0221"
2021-03-23;"Okres Banská Bystrica";4647;55;4702;"SK0321"
2021-03-23;"Okres Banská Štiavnica";1041;12;1053;"SK0322"
2021-03-23;"Okres Bardejov";2235;20;2255;"SK0411"
2021-03-23;"Okres Bratislava I";5140;15;5155;"SK0101"
2021-03-23;"Okres Bratislava II";7317;25;7342;"SK0102"
2021-03-23;"Okres Bratislava III";7042;19;7061;"SK0103"
2021-03-23;"Okres Bratislava IV";5550;18;5568;"SK0104"
2021-03-23;"Okres Bratislava V";6410;45;6455;"SK0105"
2021-03-23;"Okres Brezno";1746;23;1769;"SK0323"
2021-03-23;"Okres Bytča";490;13;503;"SK0311"
2021-03-23;"Okres Čadca";3801;40;3841;"SK0312"
2021-03-23;"Okres Detva";1578;20;1598;"SK0324"
2021-03-23;"Okres Dolný Kubín";1276;19;1295;"SK0313"
2021-03-23;"Okres Dunajská Streda";2755;31;2786;"SK0211"
2021-03-23;"Okres Galanta";1707;3;1710;"SK0212"
2021-03-23;"Okres Gelnica";412;13;425;"SK0421"
2021-03-23;"Okres Hlohovec";1044;6;1050;"SK0213"
2021-03-23;"Okres Humenné";1810;22;1832;"SK0412"
2021-03-23;"Okres Ilava";2499;42;2541;"SK0222"
2021-03-23;"Okres Kežmarok";2007;61;2068;"SK0413"
2021-03-23;"Okres Komárno";2279;15;2294;"SK0231"
2021-03-23;"Okres Košice - okolie";654;5;659;"SK0426"
2021-03-23;"Okres Košice I";2586;9;2595;"SK0422"
2021-03-23;"Okres Košice II";4047;32;4079;"SK0423"
2021-03-23;"Okres Košice III";674;1;675;"SK0424"
2021-03-23;"Okres Košice IV";3790;57;3847;"SK0425"
2021-03-23;"Okres Krupina";461;9;470;"SK0325"
2021-03-23;"Okres Kysucké Nové Mesto";1141;29;1170;"SK0314"
2021-03-23;"Okres Levice";2811;11;2822;"SK0232"
2021-03-23;"Okres Levoča";898;9;907;"SK0414"
2021-03-23;"Okres Liptovský Mikuláš";3124;30;3154;"SK0315"
2021-03-23;"Okres Lučenec";3000;42;3042;"SK0326"
2021-03-23;"Okres Malacky";4566;33;4599;"SK0106"
2021-03-23;"Okres Martin";4340;36;4376;"SK0316"
2021-03-23;"Okres Medzilaborce";276;1;277;"SK0415"
2021-03-23;"Okres Michalovce";3767;27;3794;"SK0427"
2021-03-23;"Okres Myjava";290;2;292;"SK0223"
2021-03-23;"Okres Námestovo";814;16;830;"SK0317"
2021-03-23;"Okres Nitra";5836;13;5849;"SK0233"
2021-03-23;"Okres Nové Mesto nad Váhom";1201;11;1212;"SK0224"
2021-03-23;"Okres Nové Zámky";3284;21;3305;"SK0234"
2021-03-23;"Okres Partizánske";1684;32;1716;"SK0225"
2021-03-23;"Okres Pezinok";2002;28;2030;"SK0107"
2021-03-23;"Okres Piešťany";1780;10;1790;"SK0214"
2021-03-23;"Okres Poltár";183;11;194;"SK0327"
2021-03-23;"Okres Poprad";3930;53;3983;"SK0416"
2021-03-23;"Okres Považská Bystrica";2448;20;2468;"SK0226"
2021-03-23;"Okres Prešov";4274;30;4304;"SK0417"
2021-03-23;"Okres Prievidza";2757;29;2786;"SK0227"
2021-03-23;"Okres Púchov";731;10;741;"SK0228"
2021-03-23;"Okres Revúca";1158;16;1174;"SK0328"
2021-03-23;"Okres Rimavská Sobota";2525;52;2577;"SK0329"
2021-03-23;"Okres Rožňava";1822;10;1832;"SK0428"
2021-03-23;"Okres Ružomberok";3574;60;3634;"SK0318"
2021-03-23;"Okres Sabinov";1199;25;1224;"SK0418"
2021-03-23;"Okres Senec";4700;47;4747;"SK0108"
2021-03-23;"Okres Senica";834;23;857;"SK0215"
2021-03-23;"Okres Skalica";3819;24;3843;"SK0216"
2021-03-23;"Okres Snina";1119;15;1134;"SK0419"
2021-03-23;"Okres Sobrance";396;1;397;"SK0429"
2021-03-23;"Okres Spišská Nová Ves";3419;43;3462;"SK042A"
2021-03-23;"Okres Stará Ľubovňa";906;7;913;"SK041A"
2021-03-23;"Okres Stropkov";561;2;563;"SK041B"
2021-03-23;"Okres Svidník";869;11;880;"SK041C"
2021-03-23;"Okres Šaľa";1261;4;1265;"SK0235"
2021-03-23;"Okres Topoľčany";1474;2;1476;"SK0236"
2021-03-23;"Okres Trebišov";1673;6;1679;"SK042B"
2021-03-23;"Okres Trenčín";6047;35;6082;"SK0229"
2021-03-23;"Okres Trnava";2025;22;2047;"SK0217"
2021-03-23;"Okres Turčianske Teplice";403;2;405;"SK0319"
2021-03-23;"Okres Tvrdošín";1264;11;1275;"SK031A"
2021-03-23;"Okres Veľký Krtíš";1294;9;1303;"SK032A"
2021-03-23;"Okres Vranov nad Topľou";1243;20;1263;"SK041D"
2021-03-23;"Okres Zlaté Moravce";649;3;652;"SK0237"
2021-03-23;"Okres Zvolen";3766;30;3796;"SK032B"
2021-03-23;"Okres Žarnovica";1072;2;1074;"SK032C"
2021-03-23;"Okres Žiar nad Hronom";1584;14;1598;"SK032D"
2021-03-23;"Okres Žilina";4397;57;4454;"SK031B"
2021-03-24;"Okres Bánovce nad Bebravou";717;6;723;"SK0221"
2021-03-24;"Okres Banská Bystrica";3975;38;4013;"SK0321"
2021-03-24;"Okres Banská Štiavnica";537;4;541;"SK0322"
2021-03-24;"Okres Bardejov";2088;14;2102;"SK0411"
2021-03-24;"Okres Bratislava I";3308;10;3318;"SK0101"
2021-03-24;"Okres Bratislava II";6337;34;6371;"SK0102"
2021-03-24;"Okres Bratislava III";5533;26;5559;"SK0103"
2021-03-24;"Okres Bratislava IV";5024;20;5044;"SK0104"
2021-03-24;"Okres Bratislava V";5622;40;5662;"SK0105"
2021-03-24;"Okres Brezno";1170;7;1177;"SK0323"
2021-03-24;"Okres Bytča";532;16;548;"SK0311"
2021-03-24;"Okres Čadca";4290;72;4362;"SK0312"
2021-03-24;"Okres Detva";967;15;982;"SK0324"
2021-03-24;"Okres Dolný Kubín";1182;13;1195;"SK0313"
2021-03-24;"Okres Dunajská Streda";2734;21;2755;"SK0211"
2021-03-24;"Okres Galanta";1387;8;1395;"SK0212"
2021-03-24;"Okres Gelnica";310;10;320;"SK0421"
2021-03-24;"Okres Hlohovec";1775;6;1781;"SK0213"
2021-03-24;"Okres Humenné";1314;17;1331;"SK0412"
2021-03-24;"Okres Ilava";1759;49;1808;"SK0222"
2021-03-24;"Okres Kežmarok";1666;33;1699;"SK0413"
2021-03-24;"Okres Komárno";2021;19;2040;"SK0231"
2021-03-24;"Okres Košice - okolie";629;6;635;"SK0426"
2021-03-24;"Okres Košice I";2106;8;2114;"SK0422"
2021-03-24;"Okres Košice II";3888;26;3914;"SK0423"
2021-03-24;"Okres Košice III";661;2;663;"SK0424"
2021-03-24;"Okres Košice IV";2897;27;2924;"SK0425"
2021-03-24;"Okres Krupina";475;7;482;"SK0325"
2021-03-24;"Okres Kysucké Nové Mesto";1088;27;1115;"SK0314"
2021-03-24;"Okres Levice";2415;22;2437;"SK0232"
2021-03-24;"Okres Levoča";796;5;801;"SK0414"
2021-03-24;"Okres Liptovský Mikuláš";2850;21;2871;"SK0315"
2021-03-24;"Okres Lučenec";2936;64;3000;"SK0326"
2021-03-24;"Okres Malacky";2325;28;2353;"SK0106"
2021-03-24;"Okres Martin";3632;38;3670;"SK0316"
2021-03-24;"Okres Medzilaborce";240;3;243;"SK0415"
2021-03-24;"Okres Michalovce";3934;27;3961;"SK0427"
2021-03-24;"Okres Myjava";182;5;187;"SK0223"
2021-03-24;"Okres Námestovo";632;9;641;"SK0317"
2021-03-24;"Okres Nitra";5659;8;5667;"SK0233"
2021-03-24;"Okres Nové Mesto nad Váhom";693;13;706;"SK0224"
2021-03-24;"Okres Nové Zámky";2482;36;2518;"SK0234"
2021-03-24;"Okres Partizánske";1014;18;1032;"SK0225"
2021-03-24;"Okres Pezinok";2229;48;2277;"SK0107"
2021-03-24;"Okres Piešťany";1621;9;1630;"SK0214"
2021-03-24;"Okres Poltár";403;12;415;"SK0327"
2021-03-24;"Okres Poprad";4140;74;4214;"SK0416"
2021-03-24;"Okres Považská Bystrica";1802;14;1816;"SK0226"
2021-03-24;"Okres Prešov";5224;31;5255;"SK0417"
2021-03-24;"Okres Prievidza";2983;25;3008;"SK0227"
2021-03-24;"Okres Púchov";849;13;862;"SK0228"
2021-03-24;"Okres Revúca";1292;15;1307;"SK0328"
2021-03-24;"Okres Rimavská Sobota";2316;26;2342;"SK0329"
2021-03-24;"Okres Rožňava";1509;19;1528;"SK0428"
2021-03-24;"Okres Ružomberok";1736;21;1757;"SK0318"
2021-03-24;"Okres Sabinov";1028;15;1043;"SK0418"
2021-03-24;"Okres Senec";4065;27;4092;"SK0108"
2021-03-24;"Okres Senica";806;10;816;"SK0215"
2021-03-24;"Okres Skalica";1239;20;1259;"SK0216"
2021-03-24;"Okres Snina";1114;9;1123;"SK0419"
2021-03-24;"Okres Sobrance";529;1;530;"SK0429"
2021-03-24;"Okres Spišská Nová Ves";3079;18;3097;"SK042A"
2021-03-24;"Okres Stará Ľubovňa";844;14;858;"SK041A"
2021-03-24;"Okres Stropkov";549;0;549;"SK041B"
2021-03-24;"Okres Svidník";675;4;679;"SK041C"
2021-03-24;"Okres Šaľa";832;3;835;"SK0235"
2021-03-24;"Okres Topoľčany";1364;14;1378;"SK0236"
2021-03-24;"Okres Trebišov";1534;15;1549;"SK042B"
2021-03-24;"Okres Trenčín";4024;38;4062;"SK0229"
2021-03-24;"Okres Trnava";1444;16;1460;"SK0217"
2021-03-24;"Okres Turčianske Teplice";425;8;433;"SK0319"
2021-03-24;"Okres Tvrdošín";1614;12;1626;"SK031A"
2021-03-24;"Okres Veľký Krtíš";1299;18;1317;"SK032A"
2021-03-24;"Okres Vranov nad Topľou";1450;28;1478;"SK041D"
2021-03-24;"Okres Zlaté Moravce";673;1;674;"SK0237"
2021-03-24;"Okres Zvolen";2188;25;2213;"SK032B"
2021-03-24;"Okres Žarnovica";1020;4;1024;"SK032C"
2021-03-24;"Okres Žiar nad Hronom";1446;10;1456;"SK032D"
2021-03-24;"Okres Žilina";5106;54;5160;"SK031B"
2021-03-25;"Okres Bánovce nad Bebravou";1379;8;1387;"SK0221"
2021-03-25;"Okres Banská Bystrica";4895;43;4938;"SK0321"
2021-03-25;"Okres Banská Štiavnica";606;1;607;"SK0322"
2021-03-25;"Okres Bardejov";2526;7;2533;"SK0411"
2021-03-25;"Okres Bratislava I";3943;10;3953;"SK0101"
2021-03-25;"Okres Bratislava II";7889;22;7911;"SK0102"
2021-03-25;"Okres Bratislava III";5861;20;5881;"SK0103"
2021-03-25;"Okres Bratislava IV";6260;22;6282;"SK0104"
2021-03-25;"Okres Bratislava V";6450;35;6485;"SK0105"
2021-03-25;"Okres Brezno";944;5;949;"SK0323"
2021-03-25;"Okres Bytča";606;7;613;"SK0311"
2021-03-25;"Okres Čadca";3940;45;3985;"SK0312"
2021-03-25;"Okres Detva";1192;8;1200;"SK0324"
2021-03-25;"Okres Dolný Kubín";1451;10;1461;"SK0313"
2021-03-25;"Okres Dunajská Streda";4049;16;4065;"SK0211"
2021-03-25;"Okres Galanta";2774;8;2782;"SK0212"
2021-03-25;"Okres Gelnica";212;6;218;"SK0421"
2021-03-25;"Okres Hlohovec";900;7;907;"SK0213"
2021-03-25;"Okres Humenné";1527;18;1545;"SK0412"
2021-03-25;"Okres Ilava";2361;38;2399;"SK0222"
2021-03-25;"Okres Kežmarok";1490;26;1516;"SK0413"
2021-03-25;"Okres Komárno";1954;22;1976;"SK0231"
2021-03-25;"Okres Košice - okolie";623;4;627;"SK0426"
2021-03-25;"Okres Košice I";2756;6;2762;"SK0422"
2021-03-25;"Okres Košice II";4979;38;5017;"SK0423"
2021-03-25;"Okres Košice III";808;4;812;"SK0424"
2021-03-25;"Okres Košice IV";4252;36;4288;"SK0425"
2021-03-25;"Okres Krupina";495;13;508;"SK0325"
2021-03-25;"Okres Kysucké Nové Mesto";1314;25;1339;"SK0314"
2021-03-25;"Okres Levice";2501;36;2537;"SK0232"
2021-03-25;"Okres Levoča";749;11;760;"SK0414"
2021-03-25;"Okres Liptovský Mikuláš";3081;23;3104;"SK0315"
2021-03-25;"Okres Lučenec";3072;52;3124;"SK0326"
2021-03-25;"Okres Malacky";3248;27;3275;"SK0106"
2021-03-25;"Okres Martin";3985;29;4014;"SK0316"
2021-03-25;"Okres Medzilaborce";213;4;217;"SK0415"
2021-03-25;"Okres Michalovce";3465;32;3497;"SK0427"
2021-03-25;"Okres Myjava";325;6;331;"SK0223"
2021-03-25;"Okres Námestovo";1195;11;1206;"SK0317"
2021-03-25;"Okres Nitra";9065;10;9075;"SK0233"
2021-03-25;"Okres Nové Mesto nad Váhom";1226;19;1245;"SK0224"
2021-03-25;"Okres Nové Zámky";2514;22;2536;"SK0234"
2021-03-25;"Okres Partizánske";1677;34;1711;"SK0225"
2021-03-25;"Okres Pezinok";2636;32;2668;"SK0107"
2021-03-25;"Okres Piešťany";1738;11;1749;"SK0214"
2021-03-25;"Okres Poltár";453;13;466;"SK0327"
2021-03-25;"Okres Poprad";4175;43;4218;"SK0416"
2021-03-25;"Okres Považská Bystrica";2388;20;2408;"SK0226"
2021-03-25;"Okres Prešov";6681;50;6731;"SK0417"
2021-03-25;"Okres Prievidza";3331;22;3353;"SK0227"
2021-03-25;"Okres Púchov";1052;17;1069;"SK0228"
2021-03-25;"Okres Revúca";1217;23;1240;"SK0328"
2021-03-25;"Okres Rimavská Sobota";2575;18;2593;"SK0329"
2021-03-25;"Okres Rožňava";1786;15;1801;"SK0428"
2021-03-25;"Okres Ružomberok";1682;15;1697;"SK0318"
2021-03-25;"Okres Sabinov";1299;6;1305;"SK0418"
2021-03-25;"Okres Senec";4683;20;4703;"SK0108"
2021-03-25;"Okres Senica";990;14;1004;"SK0215"
2021-03-25;"Okres Skalica";2677;20;2697;"SK0216"
2021-03-25;"Okres Snina";1264;15;1279;"SK0419"
2021-03-25;"Okres Sobrance";423;0;423;"SK0429"
2021-03-25;"Okres Spišská Nová Ves";3501;30;3531;"SK042A"
2021-03-25;"Okres Stará Ľubovňa";905;24;929;"SK041A"
2021-03-25;"Okres Stropkov";558;0;558;"SK041B"
2021-03-25;"Okres Svidník";812;4;816;"SK041C"
2021-03-25;"Okres Šaľa";1738;7;1745;"SK0235"
2021-03-25;"Okres Topoľčany";1540;4;1544;"SK0236"
2021-03-25;"Okres Trebišov";1823;9;1832;"SK042B"
2021-03-25;"Okres Trenčín";4346;35;4381;"SK0229"
2021-03-25;"Okres Trnava";1715;9;1724;"SK0217"
2021-03-25;"Okres Turčianske Teplice";662;0;662;"SK0319"
2021-03-25;"Okres Tvrdošín";2255;12;2267;"SK031A"
2021-03-25;"Okres Veľký Krtíš";1670;25;1695;"SK032A"
2021-03-25;"Okres Vranov nad Topľou";1878;21;1899;"SK041D"
2021-03-25;"Okres Zlaté Moravce";875;1;876;"SK0237"
2021-03-25;"Okres Zvolen";2952;33;2985;"SK032B"
2021-03-25;"Okres Žarnovica";704;6;710;"SK032C"
2021-03-25;"Okres Žiar nad Hronom";1820;21;1841;"SK032D"
2021-03-25;"Okres Žilina";9265;57;9322;"SK031B"
2021-03-26;"Okres Bánovce nad Bebravou";3277;9;3286;"SK0221"
2021-03-26;"Okres Banská Bystrica";10681;36;10717;"SK0321"
2021-03-26;"Okres Banská Štiavnica";1055;2;1057;"SK0322"
2021-03-26;"Okres Bardejov";6573;29;6602;"SK0411"
2021-03-26;"Okres Bratislava I";5379;10;5389;"SK0101"
2021-03-26;"Okres Bratislava II";14629;38;14667;"SK0102"
2021-03-26;"Okres Bratislava III";9212;25;9237;"SK0103"
2021-03-26;"Okres Bratislava IV";9473;26;9499;"SK0104"
2021-03-26;"Okres Bratislava V";10652;43;10695;"SK0105"
2021-03-26;"Okres Brezno";2543;6;2549;"SK0323"
2021-03-26;"Okres Bytča";2281;15;2296;"SK0311"
2021-03-26;"Okres Čadca";5553;72;5625;"SK0312"
2021-03-26;"Okres Detva";1675;12;1687;"SK0324"
2021-03-26;"Okres Dolný Kubín";3737;12;3749;"SK0313"
2021-03-26;"Okres Dunajská Streda";7455;37;7492;"SK0211"
2021-03-26;"Okres Galanta";7623;21;7644;"SK0212"
2021-03-26;"Okres Gelnica";1793;31;1824;"SK0421"
2021-03-26;"Okres Hlohovec";1221;11;1232;"SK0213"
2021-03-26;"Okres Humenné";3548;23;3571;"SK0412"
2021-03-26;"Okres Ilava";5654;31;5685;"SK0222"
2021-03-26;"Okres Kežmarok";3719;19;3738;"SK0413"
2021-03-26;"Okres Komárno";4361;28;4389;"SK0231"
2021-03-26;"Okres Košice - okolie";1900;2;1902;"SK0426"
2021-03-26;"Okres Košice I";5063;7;5070;"SK0422"
2021-03-26;"Okres Košice II";9033;24;9057;"SK0423"
2021-03-26;"Okres Košice III";1243;4;1247;"SK0424"
2021-03-26;"Okres Košice IV";5617;15;5632;"SK0425"
2021-03-26;"Okres Krupina";1288;13;1301;"SK0325"
2021-03-26;"Okres Kysucké Nové Mesto";1909;25;1934;"SK0314"
2021-03-26;"Okres Levice";3881;19;3900;"SK0232"
2021-03-26;"Okres Levoča";1586;10;1596;"SK0414"
2021-03-26;"Okres Liptovský Mikuláš";6464;50;6514;"SK0315"
2021-03-26;"Okres Lučenec";5204;57;5261;"SK0326"
2021-03-26;"Okres Malacky";4825;44;4869;"SK0106"
2021-03-26;"Okres Martin";7036;26;7062;"SK0316"
2021-03-26;"Okres Medzilaborce";281;4;285;"SK0415"
2021-03-26;"Okres Michalovce";6503;34;6537;"SK0427"
2021-03-26;"Okres Myjava";1167;5;1172;"SK0223"
2021-03-26;"Okres Námestovo";7709;40;7749;"SK0317"
2021-03-26;"Okres Nitra";17185;17;17202;"SK0233"
2021-03-26;"Okres Nové Mesto nad Váhom";2307;10;2317;"SK0224"
2021-03-26;"Okres Nové Zámky";5565;36;5601;"SK0234"
2021-03-26;"Okres Partizánske";2259;14;2273;"SK0225"
2021-03-26;"Okres Pezinok";3660;18;3678;"SK0107"
2021-03-26;"Okres Piešťany";3851;21;3872;"SK0214"
2021-03-26;"Okres Poltár";317;3;320;"SK0327"
2021-03-26;"Okres Poprad";8880;69;8949;"SK0416"
2021-03-26;"Okres Považská Bystrica";5066;18;5084;"SK0226"
2021-03-26;"Okres Prešov";12482;57;12539;"SK0417"
2021-03-26;"Okres Prievidza";6163;35;6198;"SK0227"
2021-03-26;"Okres Púchov";2216;11;2227;"SK0228"
2021-03-26;"Okres Revúca";2857;19;2876;"SK0328"
2021-03-26;"Okres Rimavská Sobota";4856;30;4886;"SK0329"
2021-03-26;"Okres Rožňava";4004;21;4025;"SK0428"
2021-03-26;"Okres Ružomberok";3838;18;3856;"SK0318"
2021-03-26;"Okres Sabinov";2667;14;2681;"SK0418"
2021-03-26;"Okres Senec";7912;20;7932;"SK0108"
2021-03-26;"Okres Senica";2817;22;2839;"SK0215"
2021-03-26;"Okres Skalica";3393;12;3405;"SK0216"
2021-03-26;"Okres Snina";2072;13;2085;"SK0419"
2021-03-26;"Okres Sobrance";1167;2;1169;"SK0429"
2021-03-26;"Okres Spišská Nová Ves";6357;49;6406;"SK042A"
2021-03-26;"Okres Stará Ľubovňa";1765;24;1789;"SK041A"
2021-03-26;"Okres Stropkov";1130;4;1134;"SK041B"
2021-03-26;"Okres Svidník";2223;7;2230;"SK041C"
2021-03-26;"Okres Šaľa";4401;4;4405;"SK0235"
2021-03-26;"Okres Topoľčany";2972;17;2989;"SK0236"
2021-03-26;"Okres Trebišov";3559;24;3583;"SK042B"
2021-03-26;"Okres Trenčín";10414;28;10442;"SK0229"
2021-03-26;"Okres Trnava";6321;18;6339;"SK0217"
2021-03-26;"Okres Turčianske Teplice";1479;6;1485;"SK0319"
2021-03-26;"Okres Tvrdošín";4293;42;4335;"SK031A"
2021-03-26;"Okres Veľký Krtíš";3513;14;3527;"SK032A"
2021-03-26;"Okres Vranov nad Topľou";3381;37;3418;"SK041D"
2021-03-26;"Okres Zlaté Moravce";3431;4;3435;"SK0237"
2021-03-26;"Okres Zvolen";5900;31;5931;"SK032B"
2021-03-26;"Okres Žarnovica";3674;4;3678;"SK032C"
2021-03-26;"Okres Žiar nad Hronom";2463;24;2487;"SK032D"
2021-03-26;"Okres Žilina";10473;63;10536;"SK031B"
2021-03-27;"Okres Bánovce nad Bebravou";7282;17;7299;"SK0221"
2021-03-27;"Okres Banská Bystrica";9036;32;9068;"SK0321"
2021-03-27;"Okres Banská Štiavnica";962;6;968;"SK0322"
2021-03-27;"Okres Bardejov";9034;38;9072;"SK0411"
2021-03-27;"Okres Bratislava I";3997;4;4001;"SK0101"
2021-03-27;"Okres Bratislava II";11716;25;11741;"SK0102"
2021-03-27;"Okres Bratislava III";8484;16;8500;"SK0103"
2021-03-27;"Okres Bratislava IV";10725;26;10751;"SK0104"
2021-03-27;"Okres Bratislava V";13736;61;13797;"SK0105"
2021-03-27;"Okres Brezno";8077;17;8094;"SK0323"
2021-03-27;"Okres Bytča";4445;15;4460;"SK0311"
2021-03-27;"Okres Čadca";13078;77;13155;"SK0312"
2021-03-27;"Okres Detva";5018;16;5034;"SK0324"
2021-03-27;"Okres Dolný Kubín";3759;3;3762;"SK0313"
2021-03-27;"Okres Dunajská Streda";36490;85;36575;"SK0211"
2021-03-27;"Okres Galanta";19800;23;19823;"SK0212"
2021-03-27;"Okres Gelnica";4410;15;4425;"SK0421"
2021-03-27;"Okres Hlohovec";10597;17;10614;"SK0213"
2021-03-27;"Okres Humenné";10581;42;10623;"SK0412"
2021-03-27;"Okres Ilava";6627;41;6668;"SK0222"
2021-03-27;"Okres Kežmarok";10711;64;10775;"SK0413"
2021-03-27;"Okres Komárno";16198;64;16262;"SK0231"
2021-03-27;"Okres Košice - okolie";24418;52;24470;"SK0426"
2021-03-27;"Okres Košice I";4454;6;4460;"SK0422"
2021-03-27;"Okres Košice II";8137;24;8161;"SK0423"
2021-03-27;"Okres Košice III";1292;1;1293;"SK0424"
2021-03-27;"Okres Košice IV";5154;9;5163;"SK0425"
2021-03-27;"Okres Krupina";5046;29;5075;"SK0325"
2021-03-27;"Okres Kysucké Nové Mesto";4289;37;4326;"SK0314"
2021-03-27;"Okres Levice";23734;36;23770;"SK0232"
2021-03-27;"Okres Levoča";4204;17;4221;"SK0414"
2021-03-27;"Okres Liptovský Mikuláš";10122;44;10166;"SK0315"
2021-03-27;"Okres Lučenec";4650;52;4702;"SK0326"
2021-03-27;"Okres Malacky";11291;55;11346;"SK0106"
2021-03-27;"Okres Martin";10286;41;10327;"SK0316"
2021-03-27;"Okres Medzilaborce";1471;2;1473;"SK0415"
2021-03-27;"Okres Michalovce";11915;50;11965;"SK0427"
2021-03-27;"Okres Myjava";2808;12;2820;"SK0223"
2021-03-27;"Okres Námestovo";9048;33;9081;"SK0317"
2021-03-27;"Okres Nitra";18643;18;18661;"SK0233"
2021-03-27;"Okres Nové Mesto nad Váhom";15209;56;15265;"SK0224"
2021-03-27;"Okres Nové Zámky";27443;38;27481;"SK0234"
2021-03-27;"Okres Partizánske";10785;35;10820;"SK0225"
2021-03-27;"Okres Pezinok";9396;22;9418;"SK0107"
2021-03-27;"Okres Piešťany";10138;12;10150;"SK0214"
2021-03-27;"Okres Poltár";3616;19;3635;"SK0327"
2021-03-27;"Okres Poprad";12354;72;12426;"SK0416"
2021-03-27;"Okres Považská Bystrica";5613;15;5628;"SK0226"
2021-03-27;"Okres Prešov";10509;46;10555;"SK0417"
2021-03-27;"Okres Prievidza";6319;18;6337;"SK0227"
2021-03-27;"Okres Púchov";8593;52;8645;"SK0228"
2021-03-27;"Okres Revúca";3845;22;3867;"SK0328"
2021-03-27;"Okres Rimavská Sobota";3332;20;3352;"SK0329"
2021-03-27;"Okres Rožňava";9055;29;9084;"SK0428"
2021-03-27;"Okres Ružomberok";9760;18;9778;"SK0318"
2021-03-27;"Okres Sabinov";6743;16;6759;"SK0418"
2021-03-27;"Okres Senec";19041;57;19098;"SK0108"
2021-03-27;"Okres Senica";15507;54;15561;"SK0215"
2021-03-27;"Okres Skalica";4465;19;4484;"SK0216"
2021-03-27;"Okres Snina";4879;15;4894;"SK0419"
2021-03-27;"Okres Sobrance";3394;4;3398;"SK0429"
2021-03-27;"Okres Spišská Nová Ves";10312;41;10353;"SK042A"
2021-03-27;"Okres Stará Ľubovňa";7920;27;7947;"SK041A"
2021-03-27;"Okres Stropkov";1570;2;1572;"SK041B"
2021-03-27;"Okres Svidník";3811;7;3818;"SK041C"
2021-03-27;"Okres Šaľa";5412;6;5418;"SK0235"
2021-03-27;"Okres Topoľčany";11997;19;12016;"SK0236"
2021-03-27;"Okres Trebišov";16888;37;16925;"SK042B"
2021-03-27;"Okres Trenčín";15495;54;15549;"SK0229"
2021-03-27;"Okres Trnava";35496;38;35534;"SK0217"
2021-03-27;"Okres Turčianske Teplice";1422;14;1436;"SK0319"
2021-03-27;"Okres Tvrdošín";3739;7;3746;"SK031A"
2021-03-27;"Okres Veľký Krtíš";6083;29;6112;"SK032A"
2021-03-27;"Okres Vranov nad Topľou";9175;43;9218;"SK041D"
2021-03-27;"Okres Zlaté Moravce";7353;9;7362;"SK0237"
2021-03-27;"Okres Zvolen";9705;37;9742;"SK032B"
2021-03-27;"Okres Žarnovica";2460;6;2466;"SK032C"
2021-03-27;"Okres Žiar nad Hronom";6806;12;6818;"SK032D"
2021-03-27;"Okres Žilina";22704;85;22789;"SK031B"
2021-03-28;"Okres Bánovce nad Bebravou";3138;5;3143;"SK0221"
2021-03-28;"Okres Banská Bystrica";7156;12;7168;"SK0321"
2021-03-28;"Okres Banská Štiavnica";441;1;442;"SK0322"
2021-03-28;"Okres Bardejov";5032;14;5046;"SK0411"
2021-03-28;"Okres Bratislava I";3259;14;3273;"SK0101"
2021-03-28;"Okres Bratislava II";12845;32;12877;"SK0102"
2021-03-28;"Okres Bratislava III";8830;22;8852;"SK0103"
2021-03-28;"Okres Bratislava IV";9634;24;9658;"SK0104"
2021-03-28;"Okres Bratislava V";14632;40;14672;"SK0105"
2021-03-28;"Okres Brezno";4994;12;5006;"SK0323"
2021-03-28;"Okres Bytča";1250;11;1261;"SK0311"
2021-03-28;"Okres Čadca";9538;66;9604;"SK0312"
2021-03-28;"Okres Detva";4936;22;4958;"SK0324"
2021-03-28;"Okres Dolný Kubín";1807;11;1818;"SK0313"
2021-03-28;"Okres Dunajská Streda";15663;26;15689;"SK0211"
2021-03-28;"Okres Galanta";5760;16;5776;"SK0212"
2021-03-28;"Okres Gelnica";987;8;995;"SK0421"
2021-03-28;"Okres Hlohovec";4769;11;4780;"SK0213"
2021-03-28;"Okres Humenné";5026;28;5054;"SK0412"
2021-03-28;"Okres Ilava";3007;20;3027;"SK0222"
2021-03-28;"Okres Kežmarok";4652;45;4697;"SK0413"
2021-03-28;"Okres Komárno";8199;38;8237;"SK0231"
2021-03-28;"Okres Košice - okolie";5749;17;5766;"SK0426"
2021-03-28;"Okres Košice I";3830;3;3833;"SK0422"
2021-03-28;"Okres Košice II";8708;20;8728;"SK0423"
2021-03-28;"Okres Košice III";1311;1;1312;"SK0424"
2021-03-28;"Okres Košice IV";5142;13;5155;"SK0425"
2021-03-28;"Okres Krupina";2386;19;2405;"SK0325"
2021-03-28;"Okres Kysucké Nové Mesto";2771;28;2799;"SK0314"
2021-03-28;"Okres Levice";9027;19;9046;"SK0232"
2021-03-28;"Okres Levoča";1646;18;1664;"SK0414"
2021-03-28;"Okres Liptovský Mikuláš";2920;31;2951;"SK0315"
2021-03-28;"Okres Lučenec";5642;54;5696;"SK0326"
2021-03-28;"Okres Malacky";2767;12;2779;"SK0106"
2021-03-28;"Okres Martin";4342;16;4358;"SK0316"
2021-03-28;"Okres Medzilaborce";596;2;598;"SK0415"
2021-03-28;"Okres Michalovce";5571;21;5592;"SK0427"
2021-03-28;"Okres Myjava";1763;4;1767;"SK0223"
2021-03-28;"Okres Námestovo";657;2;659;"SK0317"
2021-03-28;"Okres Nitra";11851;11;11862;"SK0233"
2021-03-28;"Okres Nové Mesto nad Váhom";7562;21;7583;"SK0224"
2021-03-28;"Okres Nové Zámky";8697;23;8720;"SK0234"
2021-03-28;"Okres Partizánske";3355;9;3364;"SK0225"
2021-03-28;"Okres Pezinok";1553;5;1558;"SK0107"
2021-03-28;"Okres Piešťany";2684;10;2694;"SK0214"
2021-03-28;"Okres Poltár";1672;12;1684;"SK0327"
2021-03-28;"Okres Poprad";5204;38;5242;"SK0416"
2021-03-28;"Okres Považská Bystrica";3894;18;3912;"SK0226"
2021-03-28;"Okres Prešov";8583;36;8619;"SK0417"
2021-03-28;"Okres Prievidza";3402;5;3407;"SK0227"
2021-03-28;"Okres Púchov";3903;18;3921;"SK0228"
2021-03-28;"Okres Revúca";3770;15;3785;"SK0328"
2021-03-28;"Okres Rimavská Sobota";3971;14;3985;"SK0329"
2021-03-28;"Okres Rožňava";2614;7;2621;"SK0428"
2021-03-28;"Okres Ružomberok";938;12;950;"SK0318"
2021-03-28;"Okres Sabinov";3565;19;3584;"SK0418"
2021-03-28;"Okres Senec";9674;22;9696;"SK0108"
2021-03-28;"Okres Senica";9549;28;9577;"SK0215"
2021-03-28;"Okres Skalica";1903;18;1921;"SK0216"
2021-03-28;"Okres Snina";3326;11;3337;"SK0419"
2021-03-28;"Okres Sobrance";820;1;821;"SK0429"
2021-03-28;"Okres Spišská Nová Ves";3797;18;3815;"SK042A"
2021-03-28;"Okres Stará Ľubovňa";2853;8;2861;"SK041A"
2021-03-28;"Okres Stropkov";2101;1;2102;"SK041B"
2021-03-28;"Okres Svidník";1443;7;1450;"SK041C"
2021-03-28;"Okres Šaľa";2451;7;2458;"SK0235"
2021-03-28;"Okres Topoľčany";4787;14;4801;"SK0236"
2021-03-28;"Okres Trebišov";7828;21;7849;"SK042B"
2021-03-28;"Okres Trenčín";6552;18;6570;"SK0229"
2021-03-28;"Okres Trnava";14035;34;14069;"SK0217"
2021-03-28;"Okres Turčianske Teplice";1393;11;1404;"SK0319"
2021-03-28;"Okres Tvrdošín";1641;9;1650;"SK031A"
2021-03-28;"Okres Veľký Krtíš";1570;4;1574;"SK032A"
2021-03-28;"Okres Vranov nad Topľou";5415;39;5454;"SK041D"
2021-03-28;"Okres Zlaté Moravce";2275;0;2275;"SK0237"
2021-03-28;"Okres Zvolen";4750;17;4767;"SK032B"
2021-03-28;"Okres Žarnovica";372;19;391;"SK032C"
2021-03-28;"Okres Žiar nad Hronom";2417;3;2420;"SK032D"
2021-03-28;"Okres Žilina";10653;53;10706;"SK031B"
2021-03-29;"Okres Bánovce nad Bebravou";1263;16;1279;"SK0221"
2021-03-29;"Okres Banská Bystrica";4782;34;4816;"SK0321"
2021-03-29;"Okres Banská Štiavnica";925;5;930;"SK0322"
2021-03-29;"Okres Bardejov";2992;17;3009;"SK0411"
2021-03-29;"Okres Bratislava I";6311;15;6326;"SK0101"
2021-03-29;"Okres Bratislava II";8040;48;8088;"SK0102"
2021-03-29;"Okres Bratislava III";8075;16;8091;"SK0103"
2021-03-29;"Okres Bratislava IV";6383;30;6413;"SK0104"
2021-03-29;"Okres Bratislava V";6958;44;7002;"SK0105"
2021-03-29;"Okres Brezno";1424;4;1428;"SK0323"
2021-03-29;"Okres Bytča";618;13;631;"SK0311"
2021-03-29;"Okres Čadca";4685;61;4746;"SK0312"
2021-03-29;"Okres Detva";1190;24;1214;"SK0324"
2021-03-29;"Okres Dolný Kubín";2310;11;2321;"SK0313"
2021-03-29;"Okres Dunajská Streda";3935;22;3957;"SK0211"
2021-03-29;"Okres Galanta";4596;12;4608;"SK0212"
2021-03-29;"Okres Gelnica";256;5;261;"SK0421"
2021-03-29;"Okres Hlohovec";933;4;937;"SK0213"
2021-03-29;"Okres Humenné";2224;17;2241;"SK0412"
2021-03-29;"Okres Ilava";2416;26;2442;"SK0222"
2021-03-29;"Okres Kežmarok";2091;21;2112;"SK0413"
2021-03-29;"Okres Komárno";3167;23;3190;"SK0231"
2021-03-29;"Okres Košice - okolie";3079;11;3090;"SK0426"
2021-03-29;"Okres Košice I";2720;8;2728;"SK0422"
2021-03-29;"Okres Košice II";4845;18;4863;"SK0423"
2021-03-29;"Okres Košice III";798;2;800;"SK0424"
2021-03-29;"Okres Košice IV";3759;73;3832;"SK0425"
2021-03-29;"Okres Krupina";1679;4;1683;"SK0325"
2021-03-29;"Okres Kysucké Nové Mesto";1284;22;1306;"SK0314"
2021-03-29;"Okres Levice";3295;26;3321;"SK0232"
2021-03-29;"Okres Levoča";1340;16;1356;"SK0414"
2021-03-29;"Okres Liptovský Mikuláš";3391;30;3421;"SK0315"
2021-03-29;"Okres Lučenec";4129;51;4180;"SK0326"
2021-03-29;"Okres Malacky";2525;14;2539;"SK0106"
2021-03-29;"Okres Martin";5473;33;5506;"SK0316"
2021-03-29;"Okres Medzilaborce";601;8;609;"SK0415"
2021-03-29;"Okres Michalovce";3690;25;3715;"SK0427"
2021-03-29;"Okres Myjava";667;4;671;"SK0223"
2021-03-29;"Okres Námestovo";1048;10;1058;"SK0317"
2021-03-29;"Okres Nitra";8250;12;8262;"SK0233"
2021-03-29;"Okres Nové Mesto nad Váhom";1672;18;1690;"SK0224"
2021-03-29;"Okres Nové Zámky";5175;30;5205;"SK0234"
2021-03-29;"Okres Partizánske";1007;13;1020;"SK0225"
2021-03-29;"Okres Pezinok";2134;9;2143;"SK0107"
2021-03-29;"Okres Piešťany";2588;25;2613;"SK0214"
2021-03-29;"Okres Poltár";207;6;213;"SK0327"
2021-03-29;"Okres Poprad";4698;46;4744;"SK0416"
2021-03-29;"Okres Považská Bystrica";3248;18;3266;"SK0226"
2021-03-29;"Okres Prešov";7543;35;7578;"SK0417"
2021-03-29;"Okres Prievidza";3864;27;3891;"SK0227"
2021-03-29;"Okres Púchov";1514;13;1527;"SK0228"
2021-03-29;"Okres Revúca";1394;18;1412;"SK0328"
2021-03-29;"Okres Rimavská Sobota";3704;23;3727;"SK0329"
2021-03-29;"Okres Rožňava";2673;10;2683;"SK0428"
2021-03-29;"Okres Ružomberok";1847;14;1861;"SK0318"
2021-03-29;"Okres Sabinov";1640;19;1659;"SK0418"
2021-03-29;"Okres Senec";5547;29;5576;"SK0108"
2021-03-29;"Okres Senica";1017;19;1036;"SK0215"
2021-03-29;"Okres Skalica";3783;36;3819;"SK0216"
2021-03-29;"Okres Snina";1498;12;1510;"SK0419"
2021-03-29;"Okres Sobrance";482;0;482;"SK0429"
2021-03-29;"Okres Spišská Nová Ves";4164;37;4201;"SK042A"
2021-03-29;"Okres Stará Ľubovňa";1112;23;1135;"SK041A"
2021-03-29;"Okres Stropkov";764;0;764;"SK041B"
2021-03-29;"Okres Svidník";1151;8;1159;"SK041C"
2021-03-29;"Okres Šaľa";3914;8;3922;"SK0235"
2021-03-29;"Okres Topoľčany";1633;11;1644;"SK0236"
2021-03-29;"Okres Trebišov";3337;15;3352;"SK042B"
2021-03-29;"Okres Trenčín";6146;52;6198;"SK0229"
2021-03-29;"Okres Trnava";4867;18;4885;"SK0217"
2021-03-29;"Okres Turčianske Teplice";510;1;511;"SK0319"
2021-03-29;"Okres Tvrdošín";1697;19;1716;"SK031A"
2021-03-29;"Okres Veľký Krtíš";1382;11;1393;"SK032A"
2021-03-29;"Okres Vranov nad Topľou";2720;24;2744;"SK041D"
2021-03-29;"Okres Zlaté Moravce";1049;2;1051;"SK0237"
2021-03-29;"Okres Zvolen";3737;19;3756;"SK032B"
2021-03-29;"Okres Žarnovica";1348;12;1360;"SK032C"
2021-03-29;"Okres Žiar nad Hronom";4600;11;4611;"SK032D"
2021-03-29;"Okres Žilina";6159;71;6230;"SK031B"
2021-03-30;"Okres Bánovce nad Bebravou";1357;8;1365;"SK0221"
2021-03-30;"Okres Banská Bystrica";4288;17;4305;"SK0321"
2021-03-30;"Okres Banská Štiavnica";598;1;599;"SK0322"
2021-03-30;"Okres Bardejov";2144;14;2158;"SK0411"
2021-03-30;"Okres Bratislava I";5226;8;5234;"SK0101"
2021-03-30;"Okres Bratislava II";8347;16;8363;"SK0102"
2021-03-30;"Okres Bratislava III";7072;21;7093;"SK0103"
2021-03-30;"Okres Bratislava IV";6922;21;6943;"SK0104"
2021-03-30;"Okres Bratislava V";6999;33;7032;"SK0105"
2021-03-30;"Okres Brezno";1190;3;1193;"SK0323"
2021-03-30;"Okres Bytča";548;8;556;"SK0311"
2021-03-30;"Okres Čadca";4304;49;4353;"SK0312"
2021-03-30;"Okres Detva";1206;19;1225;"SK0324"
2021-03-30;"Okres Dolný Kubín";1310;11;1321;"SK0313"
2021-03-30;"Okres Dunajská Streda";2591;24;2615;"SK0211"
2021-03-30;"Okres Galanta";2601;21;2622;"SK0212"
2021-03-30;"Okres Gelnica";183;3;186;"SK0421"
2021-03-30;"Okres Hlohovec";962;4;966;"SK0213"
2021-03-30;"Okres Humenné";1479;16;1495;"SK0412"
2021-03-30;"Okres Ilava";2144;26;2170;"SK0222"
2021-03-30;"Okres Kežmarok";1552;26;1578;"SK0413"
2021-03-30;"Okres Komárno";2461;19;2480;"SK0231"
2021-03-30;"Okres Košice - okolie";1150;12;1162;"SK0426"
2021-03-30;"Okres Košice I";2828;4;2832;"SK0422"
2021-03-30;"Okres Košice II";4500;20;4520;"SK0423"
2021-03-30;"Okres Košice III";760;2;762;"SK0424"
2021-03-30;"Okres Košice IV";4251;24;4275;"SK0425"
2021-03-30;"Okres Krupina";506;13;519;"SK0325"
2021-03-30;"Okres Kysucké Nové Mesto";1121;15;1136;"SK0314"
2021-03-30;"Okres Levice";2445;19;2464;"SK0232"
2021-03-30;"Okres Levoča";749;11;760;"SK0414"
2021-03-30;"Okres Liptovský Mikuláš";3192;21;3213;"SK0315"
2021-03-30;"Okres Lučenec";2896;34;2930;"SK0326"
2021-03-30;"Okres Malacky";3231;24;3255;"SK0106"
2021-03-30;"Okres Martin";5264;43;5307;"SK0316"
2021-03-30;"Okres Medzilaborce";211;0;211;"SK0415"
2021-03-30;"Okres Michalovce";4183;45;4228;"SK0427"
2021-03-30;"Okres Myjava";319;7;326;"SK0223"
2021-03-30;"Okres Námestovo";890;23;913;"SK0317"
2021-03-30;"Okres Nitra";5510;12;5522;"SK0233"
2021-03-30;"Okres Nové Mesto nad Váhom";1694;17;1711;"SK0224"
2021-03-30;"Okres Nové Zámky";3624;21;3645;"SK0234"
2021-03-30;"Okres Partizánske";1147;10;1157;"SK0225"
2021-03-30;"Okres Pezinok";2423;10;2433;"SK0107"
2021-03-30;"Okres Piešťany";2083;12;2095;"SK0214"
2021-03-30;"Okres Poltár";219;3;222;"SK0327"
2021-03-30;"Okres Poprad";4193;60;4253;"SK0416"
2021-03-30;"Okres Považská Bystrica";2546;13;2559;"SK0226"
2021-03-30;"Okres Prešov";5371;28;5399;"SK0417"
2021-03-30;"Okres Prievidza";3020;23;3043;"SK0227"
2021-03-30;"Okres Púchov";855;11;866;"SK0228"
2021-03-30;"Okres Revúca";1338;23;1361;"SK0328"
2021-03-30;"Okres Rimavská Sobota";2500;22;2522;"SK0329"
2021-03-30;"Okres Rožňava";1827;16;1843;"SK0428"
2021-03-30;"Okres Ružomberok";3519;42;3561;"SK0318"
2021-03-30;"Okres Sabinov";1091;17;1108;"SK0418"
2021-03-30;"Okres Senec";4910;26;4936;"SK0108"
2021-03-30;"Okres Senica";954;10;964;"SK0215"
2021-03-30;"Okres Skalica";1001;7;1008;"SK0216"
2021-03-30;"Okres Snina";1287;6;1293;"SK0419"
2021-03-30;"Okres Sobrance";410;2;412;"SK0429"
2021-03-30;"Okres Spišská Nová Ves";3404;31;3435;"SK042A"
2021-03-30;"Okres Stará Ľubovňa";934;13;947;"SK041A"
2021-03-30;"Okres Stropkov";489;0;489;"SK041B"
2021-03-30;"Okres Svidník";869;5;874;"SK041C"
2021-03-30;"Okres Šaľa";1447;6;1453;"SK0235"
2021-03-30;"Okres Topoľčany";1413;5;1418;"SK0236"
2021-03-30;"Okres Trebišov";1830;12;1842;"SK042B"
2021-03-30;"Okres Trenčín";5498;35;5533;"SK0229"
2021-03-30;"Okres Trnava";1344;14;1358;"SK0217"
2021-03-30;"Okres Turčianske Teplice";469;3;472;"SK0319"
2021-03-30;"Okres Tvrdošín";1619;17;1636;"SK031A"
2021-03-30;"Okres Veľký Krtíš";1345;11;1356;"SK032A"
2021-03-30;"Okres Vranov nad Topľou";1256;10;1266;"SK041D"
2021-03-30;"Okres Zlaté Moravce";853;4;857;"SK0237"
2021-03-30;"Okres Zvolen";3319;12;3331;"SK032B"
2021-03-30;"Okres Žarnovica";1165;2;1167;"SK032C"
2021-03-30;"Okres Žiar nad Hronom";1189;5;1194;"SK032D"
2021-03-30;"Okres Žilina";5713;50;5763;"SK031B"
2021-03-31;"Okres Bánovce nad Bebravou";1123;11;1134;"SK0221"
2021-03-31;"Okres Banská Bystrica";6012;12;6024;"SK0321"
2021-03-31;"Okres Banská Štiavnica";643;0;643;"SK0322"
2021-03-31;"Okres Bardejov";3144;10;3154;"SK0411"
2021-03-31;"Okres Bratislava I";5083;8;5091;"SK0101"
2021-03-31;"Okres Bratislava II";10563;24;10587;"SK0102"
2021-03-31;"Okres Bratislava III";8056;22;8078;"SK0103"
2021-03-31;"Okres Bratislava IV";7312;25;7337;"SK0104"
2021-03-31;"Okres Bratislava V";9952;38;9990;"SK0105"
2021-03-31;"Okres Brezno";1378;4;1382;"SK0323"
2021-03-31;"Okres Bytča";759;13;772;"SK0311"
2021-03-31;"Okres Čadca";4933;48;4981;"SK0312"
2021-03-31;"Okres Detva";1130;14;1144;"SK0324"
2021-03-31;"Okres Dolný Kubín";1388;15;1403;"SK0313"
2021-03-31;"Okres Dunajská Streda";2972;15;2987;"SK0211"
2021-03-31;"Okres Galanta";2913;8;2921;"SK0212"
2021-03-31;"Okres Gelnica";298;3;301;"SK0421"
2021-03-31;"Okres Hlohovec";1983;2;1985;"SK0213"
2021-03-31;"Okres Humenné";1884;10;1894;"SK0412"
2021-03-31;"Okres Ilava";2643;20;2663;"SK0222"
2021-03-31;"Okres Kežmarok";2653;18;2671;"SK0413"
2021-03-31;"Okres Komárno";2368;21;2389;"SK0231"
2021-03-31;"Okres Košice - okolie";836;3;839;"SK0426"
2021-03-31;"Okres Košice I";3831;8;3839;"SK0422"
2021-03-31;"Okres Košice II";6060;17;6077;"SK0423"
2021-03-31;"Okres Košice III";1206;5;1211;"SK0424"
2021-03-31;"Okres Košice IV";4135;9;4144;"SK0425"
2021-03-31;"Okres Krupina";976;10;986;"SK0325"
2021-03-31;"Okres Kysucké Nové Mesto";1341;24;1365;"SK0314"
2021-03-31;"Okres Levice";3272;20;3292;"SK0232"
2021-03-31;"Okres Levoča";1057;13;1070;"SK0414"
2021-03-31;"Okres Liptovský Mikuláš";3905;36;3941;"SK0315"
2021-03-31;"Okres Lučenec";3455;41;3496;"SK0326"
2021-03-31;"Okres Malacky";3054;16;3070;"SK0106"
2021-03-31;"Okres Martin";5801;31;5832;"SK0316"
2021-03-31;"Okres Medzilaborce";331;1;332;"SK0415"
2021-03-31;"Okres Michalovce";4792;16;4808;"SK0427"
2021-03-31;"Okres Myjava";389;8;397;"SK0223"
2021-03-31;"Okres Námestovo";2254;16;2270;"SK0317"
2021-03-31;"Okres Nitra";8770;18;8788;"SK0233"
2021-03-31;"Okres Nové Mesto nad Váhom";1005;21;1026;"SK0224"
2021-03-31;"Okres Nové Zámky";4205;26;4231;"SK0234"
2021-03-31;"Okres Partizánske";1556;9;1565;"SK0225"
2021-03-31;"Okres Pezinok";3264;18;3282;"SK0107"
2021-03-31;"Okres Piešťany";2710;6;2716;"SK0214"
2021-03-31;"Okres Poltár";202;7;209;"SK0327"
2021-03-31;"Okres Poprad";7025;69;7094;"SK0416"
2021-03-31;"Okres Považská Bystrica";2373;14;2387;"SK0226"
2021-03-31;"Okres Prešov";8608;44;8652;"SK0417"
2021-03-31;"Okres Prievidza";4992;17;5009;"SK0227"
2021-03-31;"Okres Púchov";1051;12;1063;"SK0228"
2021-03-31;"Okres Revúca";1388;13;1401;"SK0328"
2021-03-31;"Okres Rimavská Sobota";3363;20;3383;"SK0329"
2021-03-31;"Okres Rožňava";1799;15;1814;"SK0428"
2021-03-31;"Okres Ružomberok";2141;10;2151;"SK0318"
2021-03-31;"Okres Sabinov";1732;18;1750;"SK0418"
2021-03-31;"Okres Senec";4483;23;4506;"SK0108"
2021-03-31;"Okres Senica";1784;16;1800;"SK0215"
2021-03-31;"Okres Skalica";1882;18;1900;"SK0216"
2021-03-31;"Okres Snina";1314;8;1322;"SK0419"
2021-03-31;"Okres Sobrance";751;1;752;"SK0429"
2021-03-31;"Okres Spišská Nová Ves";4301;29;4330;"SK042A"
2021-03-31;"Okres Stará Ľubovňa";1076;20;1096;"SK041A"
2021-03-31;"Okres Stropkov";638;0;638;"SK041B"
2021-03-31;"Okres Svidník";838;4;842;"SK041C"
2021-03-31;"Okres Šaľa";1000;0;1000;"SK0235"
2021-03-31;"Okres Topoľčany";1801;12;1813;"SK0236"
2021-03-31;"Okres Trebišov";2460;22;2482;"SK042B"
2021-03-31;"Okres Trenčín";6344;21;6365;"SK0229"
2021-03-31;"Okres Trnava";1647;20;1667;"SK0217"
2021-03-31;"Okres Turčianske Teplice";487;4;491;"SK0319"
2021-03-31;"Okres Tvrdošín";2810;19;2829;"SK031A"
2021-03-31;"Okres Veľký Krtíš";1319;20;1339;"SK032A"
2021-03-31;"Okres Vranov nad Topľou";1617;25;1642;"SK041D"
2021-03-31;"Okres Zlaté Moravce";1076;2;1078;"SK0237"
2021-03-31;"Okres Zvolen";3565;13;3578;"SK032B"
2021-03-31;"Okres Žarnovica";1025;4;1029;"SK032C"
2021-03-31;"Okres Žiar nad Hronom";1582;4;1586;"SK032D"
2021-03-31;"Okres Žilina";7927;56;7983;"SK031B"
2021-05-01;"Okres Bánovce nad Bebravou";5041;2;5043;"SK0221"
2021-05-01;"Okres Banská Bystrica";5038;7;5045;"SK0321"
2021-05-01;"Okres Banská Štiavnica";402;5;407;"SK0322"
2021-05-01;"Okres Bardejov";6189;26;6215;"SK0411"
2021-05-01;"Okres Bratislava I";2751;1;2752;"SK0101"
2021-05-01;"Okres Bratislava II";7329;4;7333;"SK0102"
2021-05-01;"Okres Bratislava III";4353;2;4355;"SK0103"
2021-05-01;"Okres Bratislava IV";6539;1;6540;"SK0104"
2021-05-01;"Okres Bratislava V";2289;12;2301;"SK0105"
2021-05-01;"Okres Brezno";4085;1;4086;"SK0323"
2021-05-01;"Okres Bytča";3159;9;3168;"SK0311"
2021-05-01;"Okres Čadca";6642;13;6655;"SK0312"
2021-05-01;"Okres Detva";2886;1;2887;"SK0324"
2021-05-01;"Okres Dolný Kubín";2695;6;2701;"SK0313"
2021-05-01;"Okres Dunajská Streda";30385;12;30397;"SK0211"
2021-05-01;"Okres Galanta";13675;11;13686;"SK0212"
2021-05-01;"Okres Gelnica";2120;7;2127;"SK0421"
2021-05-01;"Okres Hlohovec";4800;4;4804;"SK0213"
2021-05-01;"Okres Humenné";4870;9;4879;"SK0412"
2021-05-01;"Okres Ilava";4563;5;4568;"SK0222"
2021-05-01;"Okres Kežmarok";9676;66;9742;"SK0413"
2021-05-01;"Okres Komárno";6817;2;6819;"SK0231"
2021-05-01;"Okres Košice - okolie";12161;17;12178;"SK0426"
2021-05-01;"Okres Košice I";2382;2;2384;"SK0422"
2021-05-01;"Okres Košice II";3284;5;3289;"SK0423"
2021-05-01;"Okres Košice III";785;1;786;"SK0424"
2021-05-01;"Okres Košice IV";2587;4;2591;"SK0425"
2021-05-01;"Okres Krupina";532;1;533;"SK0325"
2021-05-01;"Okres Kysucké Nové Mesto";3184;8;3192;"SK0314"
2021-05-01;"Okres Levice";13791;13;13804;"SK0232"
2021-05-01;"Okres Levoča";2976;3;2979;"SK0414"
2021-05-01;"Okres Liptovský Mikuláš";3949;2;3951;"SK0315"
2021-05-01;"Okres Lučenec";2806;12;2818;"SK0326"
2021-05-01;"Okres Malacky";4691;5;4696;"SK0106"
2021-05-01;"Okres Martin";6898;11;6909;"SK0316"
2021-05-01;"Okres Medzilaborce";725;0;725;"SK0415"
2021-05-01;"Okres Michalovce";6332;10;6342;"SK0427"
2021-05-01;"Okres Myjava";3576;2;3578;"SK0223"
2021-05-01;"Okres Námestovo";6344;21;6365;"SK0317"
2021-05-01;"Okres Nitra";8411;1;8412;"SK0233"
2021-05-01;"Okres Nové Mesto nad Váhom";12959;12;12971;"SK0224"
2021-05-01;"Okres Nové Zámky";19884;21;19905;"SK0234"
2021-05-01;"Okres Partizánske";7933;1;7934;"SK0225"
2021-05-01;"Okres Pezinok";5022;9;5031;"SK0107"
2021-05-01;"Okres Piešťany";2943;0;2943;"SK0214"
2021-05-01;"Okres Poltár";1956;3;1959;"SK0327"
2021-05-01;"Okres Poprad";10784;33;10817;"SK0416"
2021-05-01;"Okres Považská Bystrica";3911;6;3917;"SK0226"
2021-05-01;"Okres Prešov";5009;18;5027;"SK0417"
2021-05-01;"Okres Prievidza";4978;8;4986;"SK0227"
2021-05-01;"Okres Púchov";5071;4;5075;"SK0228"
2021-05-01;"Okres Revúca";3613;5;3618;"SK0328"
2021-05-01;"Okres Rimavská Sobota";2156;3;2159;"SK0329"
2021-05-01;"Okres Rožňava";5937;10;5947;"SK0428"
2021-05-01;"Okres Ružomberok";5917;10;5927;"SK0318"
2021-05-01;"Okres Sabinov";3744;11;3755;"SK0418"
2021-05-01;"Okres Senec";8495;6;8501;"SK0108"
2021-05-01;"Okres Senica";13186;19;13205;"SK0215"
2021-05-01;"Okres Skalica";2520;6;2526;"SK0216"
2021-05-01;"Okres Snina";3938;8;3946;"SK0419"
2021-05-01;"Okres Sobrance";2436;2;2438;"SK0429"
2021-05-01;"Okres Spišská Nová Ves";5042;16;5058;"SK042A"
2021-05-01;"Okres Stará Ľubovňa";5729;18;5747;"SK041A"
2021-05-01;"Okres Stropkov";889;1;890;"SK041B"
2021-05-01;"Okres Svidník";2562;4;2566;"SK041C"
2021-05-01;"Okres Šaľa";3941;1;3942;"SK0235"
2021-05-01;"Okres Topoľčany";5257;1;5258;"SK0236"
2021-05-01;"Okres Trebišov";9334;2;9336;"SK042B"
2021-05-01;"Okres Trenčín";11730;21;11751;"SK0229"
2021-05-01;"Okres Trnava";13838;12;13850;"SK0217"
2021-05-01;"Okres Turčianske Teplice";905;1;906;"SK0319"
2021-05-01;"Okres Tvrdošín";2950;3;2953;"SK031A"
2021-05-01;"Okres Veľký Krtíš";4485;10;4495;"SK032A"
2021-05-01;"Okres Vranov nad Topľou";3954;11;3965;"SK041D"
2021-05-01;"Okres Zlaté Moravce";3822;5;3827;"SK0237"
2021-05-01;"Okres Zvolen";6259;26;6285;"SK032B"
2021-05-01;"Okres Žarnovica";1429;0;1429;"SK032C"
2021-05-01;"Okres Žiar nad Hronom";2681;1;2682;"SK032D"
2021-05-01;"Okres Žilina";12803;23;12826;"SK031B"
2021-05-02;"Okres Bánovce nad Bebravou";3242;11;3253;"SK0221"
2021-05-02;"Okres Banská Bystrica";4987;15;5002;"SK0321"
2021-05-02;"Okres Banská Štiavnica";519;4;523;"SK0322"
2021-05-02;"Okres Bardejov";3776;15;3791;"SK0411"
2021-05-02;"Okres Bratislava I";2190;0;2190;"SK0101"
2021-05-02;"Okres Bratislava II";9012;5;9017;"SK0102"
2021-05-02;"Okres Bratislava III";8123;2;8125;"SK0103"
2021-05-02;"Okres Bratislava IV";4978;3;4981;"SK0104"
2021-05-02;"Okres Bratislava V";11274;37;11311;"SK0105"
2021-05-02;"Okres Brezno";2131;1;2132;"SK0323"
2021-05-02;"Okres Bytča";361;2;363;"SK0311"
2021-05-02;"Okres Čadca";8154;17;8171;"SK0312"
2021-05-02;"Okres Detva";1889;3;1892;"SK0324"
2021-05-02;"Okres Dolný Kubín";1630;2;1632;"SK0313"
2021-05-02;"Okres Dunajská Streda";9567;4;9571;"SK0211"
2021-05-02;"Okres Galanta";2528;5;2533;"SK0212"
2021-05-02;"Okres Gelnica";790;0;790;"SK0421"
2021-05-02;"Okres Hlohovec";2389;0;2389;"SK0213"
2021-05-02;"Okres Humenné";2591;18;2609;"SK0412"
2021-05-02;"Okres Ilava";3426;4;3430;"SK0222"
2021-05-02;"Okres Kežmarok";5203;23;5226;"SK0413"
2021-05-02;"Okres Komárno";8030;9;8039;"SK0231"
2021-05-02;"Okres Košice - okolie";3615;5;3620;"SK0426"
2021-05-02;"Okres Košice I";3441;4;3445;"SK0422"
2021-05-02;"Okres Košice II";5869;17;5886;"SK0423"
2021-05-02;"Okres Košice III";1026;3;1029;"SK0424"
2021-05-02;"Okres Košice IV";4015;8;4023;"SK0425"
2021-05-02;"Okres Krupina";840;1;841;"SK0325"
2021-05-02;"Okres Kysucké Nové Mesto";2730;15;2745;"SK0314"
2021-05-02;"Okres Levice";3084;3;3087;"SK0232"
2021-05-02;"Okres Levoča";1422;7;1429;"SK0414"
2021-05-02;"Okres Liptovský Mikuláš";2248;7;2255;"SK0315"
2021-05-02;"Okres Lučenec";6492;20;6512;"SK0326"
2021-05-02;"Okres Malacky";1402;2;1404;"SK0106"
2021-05-02;"Okres Martin";5334;11;5345;"SK0316"
2021-05-02;"Okres Medzilaborce";294;3;297;"SK0415"
2021-05-02;"Okres Michalovce";5780;5;5785;"SK0427"
2021-05-02;"Okres Myjava";3057;3;3060;"SK0223"
2021-05-02;"Okres Námestovo";9;0;9;"SK0317"
2021-05-02;"Okres Nitra";8749;14;8763;"SK0233"
2021-05-02;"Okres Nové Mesto nad Váhom";3136;2;3138;"SK0224"
2021-05-02;"Okres Nové Zámky";6431;10;6441;"SK0234"
2021-05-02;"Okres Partizánske";2555;1;2556;"SK0225"
2021-05-02;"Okres Pezinok";1727;22;1749;"SK0107"
2021-05-02;"Okres Piešťany";2029;7;2036;"SK0214"
2021-05-02;"Okres Poltár";1296;1;1297;"SK0327"
2021-05-02;"Okres Poprad";3491;1;3492;"SK0416"
2021-05-02;"Okres Považská Bystrica";3357;11;3368;"SK0226"
2021-05-02;"Okres Prešov";6587;16;6603;"SK0417"
2021-05-02;"Okres Prievidza";4247;8;4255;"SK0227"
2021-05-02;"Okres Púchov";3692;3;3695;"SK0228"
2021-05-02;"Okres Revúca";3559;3;3562;"SK0328"
2021-05-02;"Okres Rimavská Sobota";3841;5;3846;"SK0329"
2021-05-02;"Okres Rožňava";2509;3;2512;"SK0428"
2021-05-02;"Okres Ružomberok";1022;1;1023;"SK0318"
2021-05-02;"Okres Sabinov";3546;5;3551;"SK0418"
2021-05-02;"Okres Senec";6763;4;6767;"SK0108"
2021-05-02;"Okres Senica";5573;5;5578;"SK0215"
2021-05-02;"Okres Skalica";949;1;950;"SK0216"
2021-05-02;"Okres Snina";2558;1;2559;"SK0419"
2021-05-02;"Okres Sobrance";453;1;454;"SK0429"
2021-05-02;"Okres Spišská Nová Ves";4121;7;4128;"SK042A"
2021-05-02;"Okres Stará Ľubovňa";2198;6;2204;"SK041A"
2021-05-02;"Okres Stropkov";1508;1;1509;"SK041B"
2021-05-02;"Okres Svidník";531;0;531;"SK041C"
2021-05-02;"Okres Šaľa";2261;6;2267;"SK0235"
2021-05-02;"Okres Topoľčany";1742;1;1743;"SK0236"
2021-05-02;"Okres Trebišov";5033;4;5037;"SK042B"
2021-05-02;"Okres Trenčín";7456;23;7479;"SK0229"
2021-05-02;"Okres Trnava";2622;7;2629;"SK0217"
2021-05-02;"Okres Turčianske Teplice";1700;0;1700;"SK0319"
2021-05-02;"Okres Tvrdošín";2201;1;2202;"SK031A"
2021-05-02;"Okres Veľký Krtíš";1292;0;1292;"SK032A"
2021-05-02;"Okres Vranov nad Topľou";3676;8;3684;"SK041D"
2021-05-02;"Okres Zlaté Moravce";1454;3;1457;"SK0237"
2021-05-02;"Okres Zvolen";3624;5;3629;"SK032B"
2021-05-02;"Okres Žiar nad Hronom";2519;2;2521;"SK032D"
2021-05-02;"Okres Žilina";3528;8;3536;"SK031B"
2021-05-03;"Okres Bánovce nad Bebravou";853;3;856;"SK0221"
2021-05-03;"Okres Banská Bystrica";3062;19;3081;"SK0321"
2021-05-03;"Okres Banská Štiavnica";545;2;547;"SK0322"
2021-05-03;"Okres Bardejov";2504;12;2516;"SK0411"
2021-05-03;"Okres Bratislava I";3144;8;3152;"SK0101"
2021-05-03;"Okres Bratislava II";4408;6;4414;"SK0102"
2021-05-03;"Okres Bratislava III";3993;11;4004;"SK0103"
2021-05-03;"Okres Bratislava IV";2989;7;2996;"SK0104"
2021-05-03;"Okres Bratislava V";3490;19;3509;"SK0105"
2021-05-03;"Okres Brezno";1162;3;1165;"SK0323"
2021-05-03;"Okres Bytča";812;9;821;"SK0311"
2021-05-03;"Okres Čadca";3772;25;3797;"SK0312"
2021-05-03;"Okres Detva";851;3;854;"SK0324"
2021-05-03;"Okres Dolný Kubín";1508;4;1512;"SK0313"
2021-05-03;"Okres Dunajská Streda";2625;3;2628;"SK0211"
2021-05-03;"Okres Galanta";2209;8;2217;"SK0212"
2021-05-03;"Okres Gelnica";191;4;195;"SK0421"
2021-05-03;"Okres Hlohovec";356;0;356;"SK0213"
2021-05-03;"Okres Humenné";1418;8;1426;"SK0412"
2021-05-03;"Okres Ilava";2254;8;2262;"SK0222"
2021-05-03;"Okres Kežmarok";2052;16;2068;"SK0413"
2021-05-03;"Okres Komárno";2756;16;2772;"SK0231"
2021-05-03;"Okres Košice - okolie";516;4;520;"SK0426"
2021-05-03;"Okres Košice I";2150;3;2153;"SK0422"
2021-05-03;"Okres Košice II";1654;2;1656;"SK0423"
2021-05-03;"Okres Košice III";505;3;508;"SK0424"
2021-05-03;"Okres Košice IV";2846;20;2866;"SK0425"
2021-05-03;"Okres Krupina";816;2;818;"SK0325"
2021-05-03;"Okres Kysucké Nové Mesto";1234;13;1247;"SK0314"
2021-05-03;"Okres Levice";2135;1;2136;"SK0232"
2021-05-03;"Okres Levoča";1014;2;1016;"SK0414"
2021-05-03;"Okres Liptovský Mikuláš";2041;8;2049;"SK0315"
2021-05-03;"Okres Lučenec";4105;15;4120;"SK0326"
2021-05-03;"Okres Malacky";1375;4;1379;"SK0106"
2021-05-03;"Okres Martin";3222;5;3227;"SK0316"
2021-05-03;"Okres Medzilaborce";220;3;223;"SK0415"
2021-05-03;"Okres Michalovce";2548;4;2552;"SK0427"
2021-05-03;"Okres Myjava";578;5;583;"SK0223"
2021-05-03;"Okres Námestovo";789;13;802;"SK0317"
2021-05-03;"Okres Nitra";3205;2;3207;"SK0233"
2021-05-03;"Okres Nové Mesto nad Váhom";1199;3;1202;"SK0224"
2021-05-03;"Okres Nové Zámky";2650;13;2663;"SK0234"
2021-05-03;"Okres Partizánske";842;4;846;"SK0225"
2021-05-03;"Okres Pezinok";1675;16;1691;"SK0107"
2021-05-03;"Okres Piešťany";1080;1;1081;"SK0214"
2021-05-03;"Okres Poltár";167;0;167;"SK0327"
2021-05-03;"Okres Poprad";3333;4;3337;"SK0416"
2021-05-03;"Okres Považská Bystrica";2519;6;2525;"SK0226"
2021-05-03;"Okres Prešov";3292;24;3316;"SK0417"
2021-05-03;"Okres Prievidza";2342;8;2350;"SK0227"
2021-05-03;"Okres Púchov";954;3;957;"SK0228"
2021-05-03;"Okres Revúca";1232;6;1238;"SK0328"
2021-05-03;"Okres Rimavská Sobota";2301;14;2315;"SK0329"
2021-05-03;"Okres Rožňava";1767;8;1775;"SK0428"
2021-05-03;"Okres Ružomberok";1069;6;1075;"SK0318"
2021-05-03;"Okres Sabinov";1120;6;1126;"SK0418"
2021-05-03;"Okres Senec";2041;1;2042;"SK0108"
2021-05-03;"Okres Senica";658;0;658;"SK0215"
2021-05-03;"Okres Skalica";747;6;753;"SK0216"
2021-05-03;"Okres Snina";1125;2;1127;"SK0419"
2021-05-03;"Okres Sobrance";346;3;349;"SK0429"
2021-05-03;"Okres Spišská Nová Ves";2864;17;2881;"SK042A"
2021-05-03;"Okres Stará Ľubovňa";662;10;672;"SK041A"
2021-05-03;"Okres Stropkov";457;0;457;"SK041B"
2021-05-03;"Okres Svidník";825;6;831;"SK041C"
2021-05-03;"Okres Šaľa";2519;3;2522;"SK0235"
2021-05-03;"Okres Topoľčany";939;7;946;"SK0236"
2021-05-03;"Okres Trebišov";1678;0;1678;"SK042B"
2021-05-03;"Okres Trenčín";4204;15;4219;"SK0229"
2021-05-03;"Okres Trnava";1279;4;1283;"SK0217"
2021-05-03;"Okres Turčianske Teplice";323;5;328;"SK0319"
2021-05-03;"Okres Tvrdošín";1592;9;1601;"SK031A"
2021-05-03;"Okres Veľký Krtíš";974;0;974;"SK032A"
2021-05-03;"Okres Vranov nad Topľou";1025;19;1044;"SK041D"
2021-05-03;"Okres Zlaté Moravce";551;2;553;"SK0237"
2021-05-03;"Okres Zvolen";2646;10;2656;"SK032B"
2021-05-03;"Okres Žarnovica";414;1;415;"SK032C"
2021-05-03;"Okres Žiar nad Hronom";2919;5;2924;"SK032D"
2021-05-03;"Okres Žilina";4093;24;4117;"SK031B"
2021-05-04;"Okres Bánovce nad Bebravou";1426;3;1429;"SK0221"
2021-05-04;"Okres Banská Bystrica";2467;14;2481;"SK0321"
2021-05-04;"Okres Banská Štiavnica";226;1;227;"SK0322"
2021-05-04;"Okres Bardejov";1724;3;1727;"SK0411"
2021-05-04;"Okres Bratislava I";2528;3;2531;"SK0101"
2021-05-04;"Okres Bratislava II";3637;6;3643;"SK0102"
2021-05-04;"Okres Bratislava III";4136;5;4141;"SK0103"
2021-05-04;"Okres Bratislava IV";2298;4;2302;"SK0104"
2021-05-04;"Okres Bratislava V";2871;21;2892;"SK0105"
2021-05-04;"Okres Brezno";574;0;574;"SK0323"
2021-05-04;"Okres Bytča";409;15;424;"SK0311"
2021-05-04;"Okres Čadca";2282;10;2292;"SK0312"
2021-05-04;"Okres Detva";545;3;548;"SK0324"
2021-05-04;"Okres Dolný Kubín";777;3;780;"SK0313"
2021-05-04;"Okres Dunajská Streda";1588;1;1589;"SK0211"
2021-05-04;"Okres Galanta";963;1;964;"SK0212"
2021-05-04;"Okres Gelnica";146;0;146;"SK0421"
2021-05-04;"Okres Hlohovec";382;0;382;"SK0213"
2021-05-04;"Okres Humenné";940;7;947;"SK0412"
2021-05-04;"Okres Ilava";1456;4;1460;"SK0222"
2021-05-04;"Okres Kežmarok";1597;7;1604;"SK0413"
2021-05-04;"Okres Komárno";1323;10;1333;"SK0231"
2021-05-04;"Okres Košice - okolie";575;0;575;"SK0426"
2021-05-04;"Okres Košice I";1742;1;1743;"SK0422"
2021-05-04;"Okres Košice II";1641;1;1642;"SK0423"
2021-05-04;"Okres Košice III";343;1;344;"SK0424"
2021-05-04;"Okres Košice IV";2960;8;2968;"SK0425"
2021-05-04;"Okres Krupina";238;1;239;"SK0325"
2021-05-04;"Okres Kysucké Nové Mesto";979;9;988;"SK0314"
2021-05-04;"Okres Levice";1371;5;1376;"SK0232"
2021-05-04;"Okres Levoča";445;0;445;"SK0414"
2021-05-04;"Okres Liptovský Mikuláš";1577;1;1578;"SK0315"
2021-05-04;"Okres Lučenec";2949;9;2958;"SK0326"
2021-05-04;"Okres Malacky";890;0;890;"SK0106"
2021-05-04;"Okres Martin";3768;2;3770;"SK0316"
2021-05-04;"Okres Medzilaborce";174;6;180;"SK0415"
2021-05-04;"Okres Michalovce";2538;5;2543;"SK0427"
2021-05-04;"Okres Myjava";244;2;246;"SK0223"
2021-05-04;"Okres Námestovo";570;16;586;"SK0317"
2021-05-04;"Okres Nitra";2745;4;2749;"SK0233"
2021-05-04;"Okres Nové Mesto nad Váhom";1035;5;1040;"SK0224"
2021-05-04;"Okres Nové Zámky";1979;7;1986;"SK0234"
2021-05-04;"Okres Partizánske";738;4;742;"SK0225"
2021-05-04;"Okres Pezinok";1113;11;1124;"SK0107"
2021-05-04;"Okres Piešťany";1279;2;1281;"SK0214"
2021-05-04;"Okres Poltár";1;0;1;"SK0327"
2021-05-04;"Okres Poprad";3156;11;3167;"SK0416"
2021-05-04;"Okres Považská Bystrica";1757;5;1762;"SK0226"
2021-05-04;"Okres Prešov";2825;10;2835;"SK0417"
2021-05-04;"Okres Prievidza";1365;6;1371;"SK0227"
2021-05-04;"Okres Púchov";373;1;374;"SK0228"
2021-05-04;"Okres Revúca";895;6;901;"SK0328"
2021-05-04;"Okres Rimavská Sobota";1542;5;1547;"SK0329"
2021-05-04;"Okres Rožňava";1233;0;1233;"SK0428"
2021-05-04;"Okres Ružomberok";2359;9;2368;"SK0318"
2021-05-04;"Okres Sabinov";532;4;536;"SK0418"
2021-05-04;"Okres Senec";2221;4;2225;"SK0108"
2021-05-04;"Okres Senica";616;10;626;"SK0215"
2021-05-04;"Okres Skalica";2480;5;2485;"SK0216"
2021-05-04;"Okres Snina";724;0;724;"SK0419"
2021-05-04;"Okres Sobrance";368;3;371;"SK0429"
2021-05-04;"Okres Spišská Nová Ves";1871;15;1886;"SK042A"
2021-05-04;"Okres Stará Ľubovňa";524;6;530;"SK041A"
2021-05-04;"Okres Stropkov";291;0;291;"SK041B"
2021-05-04;"Okres Svidník";424;7;431;"SK041C"
2021-05-04;"Okres Šaľa";710;1;711;"SK0235"
2021-05-04;"Okres Topoľčany";589;1;590;"SK0236"
2021-05-04;"Okres Trebišov";995;5;1000;"SK042B"
2021-05-04;"Okres Trenčín";4493;23;4516;"SK0229"
2021-05-04;"Okres Trnava";1469;3;1472;"SK0217"
2021-05-04;"Okres Turčianske Teplice";356;2;358;"SK0319"
2021-05-04;"Okres Tvrdošín";1029;7;1036;"SK031A"
2021-05-04;"Okres Veľký Krtíš";784;1;785;"SK032A"
2021-05-04;"Okres Vranov nad Topľou";676;6;682;"SK041D"
2021-05-04;"Okres Zlaté Moravce";408;0;408;"SK0237"
2021-05-04;"Okres Zvolen";2722;6;2728;"SK032B"
2021-05-04;"Okres Žarnovica";342;1;343;"SK032C"
2021-05-04;"Okres Žiar nad Hronom";744;0;744;"SK032D"
2021-05-04;"Okres Žilina";2359;12;2371;"SK031B"
2021-05-05;"Okres Bánovce nad Bebravou";641;4;645;"SK0221"
2021-05-05;"Okres Banská Bystrica";2258;12;2270;"SK0321"
2021-05-05;"Okres Banská Štiavnica";281;1;282;"SK0322"
2021-05-05;"Okres Bardejov";1736;19;1755;"SK0411"
2021-05-05;"Okres Bratislava I";2020;3;2023;"SK0101"
2021-05-05;"Okres Bratislava II";3264;2;3266;"SK0102"
2021-05-05;"Okres Bratislava III";2754;3;2757;"SK0103"
2021-05-05;"Okres Bratislava IV";2094;4;2098;"SK0104"
2021-05-05;"Okres Bratislava V";2482;4;2486;"SK0105"
2021-05-05;"Okres Brezno";579;2;581;"SK0323"
2021-05-05;"Okres Bytča";438;6;444;"SK0311"
2021-05-05;"Okres Čadca";2420;12;2432;"SK0312"
2021-05-05;"Okres Detva";606;4;610;"SK0324"
2021-05-05;"Okres Dolný Kubín";657;4;661;"SK0313"
2021-05-05;"Okres Dunajská Streda";1593;4;1597;"SK0211"
2021-05-05;"Okres Galanta";803;1;804;"SK0212"
2021-05-05;"Okres Gelnica";174;0;174;"SK0421"
2021-05-05;"Okres Hlohovec";343;0;343;"SK0213"
2021-05-05;"Okres Humenné";849;12;861;"SK0412"
2021-05-05;"Okres Ilava";1634;2;1636;"SK0222"
2021-05-05;"Okres Kežmarok";1009;9;1018;"SK0413"
2021-05-05;"Okres Komárno";1507;3;1510;"SK0231"
2021-05-05;"Okres Košice - okolie";519;2;521;"SK0426"
2021-05-05;"Okres Košice I";1547;1;1548;"SK0422"
2021-05-05;"Okres Košice II";1496;4;1500;"SK0423"
2021-05-05;"Okres Košice III";327;2;329;"SK0424"
2021-05-05;"Okres Košice IV";2416;15;2431;"SK0425"
2021-05-05;"Okres Krupina";196;1;197;"SK0325"
2021-05-05;"Okres Kysucké Nové Mesto";746;11;757;"SK0314"
2021-05-05;"Okres Levice";1409;9;1418;"SK0232"
2021-05-05;"Okres Levoča";506;0;506;"SK0414"
2021-05-05;"Okres Liptovský Mikuláš";1435;4;1439;"SK0315"
2021-05-05;"Okres Lučenec";2737;21;2758;"SK0326"
2021-05-05;"Okres Malacky";1181;8;1189;"SK0106"
2021-05-05;"Okres Martin";2266;2;2268;"SK0316"
2021-05-05;"Okres Medzilaborce";130;1;131;"SK0415"
2021-05-05;"Okres Michalovce";2227;5;2232;"SK0427"
2021-05-05;"Okres Myjava";211;2;213;"SK0223"
2021-05-05;"Okres Námestovo";537;8;545;"SK0317"
2021-05-05;"Okres Nitra";2312;0;2312;"SK0233"
2021-05-05;"Okres Nové Mesto nad Váhom";472;4;476;"SK0224"
2021-05-05;"Okres Nové Zámky";2027;9;2036;"SK0234"
2021-05-05;"Okres Partizánske";738;0;738;"SK0225"
2021-05-05;"Okres Pezinok";1177;8;1185;"SK0107"
2021-05-05;"Okres Piešťany";1121;2;1123;"SK0214"
2021-05-05;"Okres Poltár";148;2;150;"SK0327"
2021-05-05;"Okres Poprad";2449;5;2454;"SK0416"
2021-05-05;"Okres Považská Bystrica";1373;6;1379;"SK0226"
2021-05-05;"Okres Prešov";2867;19;2886;"SK0417"
2021-05-05;"Okres Prievidza";1258;5;1263;"SK0227"
2021-05-05;"Okres Púchov";321;4;325;"SK0228"
2021-05-05;"Okres Revúca";806;2;808;"SK0328"
2021-05-05;"Okres Rimavská Sobota";1793;2;1795;"SK0329"
2021-05-05;"Okres Rožňava";984;1;985;"SK0428"
2021-05-05;"Okres Ružomberok";726;6;732;"SK0318"
2021-05-05;"Okres Sabinov";871;5;876;"SK0418"
2021-05-05;"Okres Senec";1367;0;1367;"SK0108"
2021-05-05;"Okres Senica";297;1;298;"SK0215"
2021-05-05;"Okres Skalica";925;7;932;"SK0216"
2021-05-05;"Okres Snina";586;4;590;"SK0419"
2021-05-05;"Okres Sobrance";196;2;198;"SK0429"
2021-05-05;"Okres Spišská Nová Ves";1538;4;1542;"SK042A"
2021-05-05;"Okres Stará Ľubovňa";534;7;541;"SK041A"
2021-05-05;"Okres Stropkov";254;0;254;"SK041B"
2021-05-05;"Okres Svidník";341;0;341;"SK041C"
2021-05-05;"Okres Šaľa";409;0;409;"SK0235"
2021-05-05;"Okres Topoľčany";645;2;647;"SK0236"
2021-05-05;"Okres Trebišov";853;0;853;"SK042B"
2021-05-05;"Okres Trenčín";2990;15;3005;"SK0229"
2021-05-05;"Okres Trnava";1045;5;1050;"SK0217"
2021-05-05;"Okres Turčianske Teplice";157;0;157;"SK0319"
2021-05-05;"Okres Tvrdošín";1090;2;1092;"SK031A"
2021-05-05;"Okres Veľký Krtíš";730;2;732;"SK032A"
2021-05-05;"Okres Vranov nad Topľou";1240;5;1245;"SK041D"
2021-05-05;"Okres Zlaté Moravce";380;1;381;"SK0237"
2021-05-05;"Okres Zvolen";1601;11;1612;"SK032B"
2021-05-05;"Okres Žarnovica";342;5;347;"SK032C"
2021-05-05;"Okres Žiar nad Hronom";1037;1;1038;"SK032D"
2021-05-05;"Okres Žilina";1985;18;2003;"SK031B"
2021-05-06;"Okres Bánovce nad Bebravou";606;0;606;"SK0221"
2021-05-06;"Okres Banská Bystrica";2402;11;2413;"SK0321"
2021-05-06;"Okres Banská Štiavnica";273;6;279;"SK0322"
2021-05-06;"Okres Bardejov";1870;25;1895;"SK0411"
2021-05-06;"Okres Bratislava I";2305;1;2306;"SK0101"
2021-05-06;"Okres Bratislava II";4504;11;4515;"SK0102"
2021-05-06;"Okres Bratislava III";4202;4;4206;"SK0103"
2021-05-06;"Okres Bratislava IV";3115;10;3125;"SK0104"
2021-05-06;"Okres Bratislava V";3257;14;3271;"SK0105"
2021-05-06;"Okres Brezno";702;7;709;"SK0323"
2021-05-06;"Okres Bytča";424;2;426;"SK0311"
2021-05-06;"Okres Čadca";1924;10;1934;"SK0312"
2021-05-06;"Okres Detva";544;1;545;"SK0324"
2021-05-06;"Okres Dolný Kubín";779;3;782;"SK0313"
2021-05-06;"Okres Dunajská Streda";1624;1;1625;"SK0211"
2021-05-06;"Okres Galanta";1200;12;1212;"SK0212"
2021-05-06;"Okres Gelnica";131;0;131;"SK0421"
2021-05-06;"Okres Hlohovec";316;2;318;"SK0213"
2021-05-06;"Okres Humenné";728;3;731;"SK0412"
2021-05-06;"Okres Ilava";1506;8;1514;"SK0222"
2021-05-06;"Okres Kežmarok";951;5;956;"SK0413"
2021-05-06;"Okres Komárno";1323;4;1327;"SK0231"
2021-05-06;"Okres Košice - okolie";335;3;338;"SK0426"
2021-05-06;"Okres Košice I";1599;6;1605;"SK0422"
2021-05-06;"Okres Košice II";1475;5;1480;"SK0423"
2021-05-06;"Okres Košice III";426;2;428;"SK0424"
2021-05-06;"Okres Košice IV";2392;4;2396;"SK0425"
2021-05-06;"Okres Krupina";203;0;203;"SK0325"
2021-05-06;"Okres Kysucké Nové Mesto";851;3;854;"SK0314"
2021-05-06;"Okres Levice";1237;3;1240;"SK0232"
2021-05-06;"Okres Levoča";462;2;464;"SK0414"
2021-05-06;"Okres Liptovský Mikuláš";2456;0;2456;"SK0315"
2021-05-06;"Okres Lučenec";2635;17;2652;"SK0326"
2021-05-06;"Okres Malacky";1171;0;1171;"SK0106"
2021-05-06;"Okres Martin";2505;6;2511;"SK0316"
2021-05-06;"Okres Medzilaborce";130;1;131;"SK0415"
2021-05-06;"Okres Michalovce";1803;1;1804;"SK0427"
2021-05-06;"Okres Myjava";266;2;268;"SK0223"
2021-05-06;"Okres Námestovo";776;10;786;"SK0317"
2021-05-06;"Okres Nitra";3583;3;3586;"SK0233"
2021-05-06;"Okres Nové Mesto nad Váhom";664;4;668;"SK0224"
2021-05-06;"Okres Nové Zámky";1685;4;1689;"SK0234"
2021-05-06;"Okres Partizánske";1238;2;1240;"SK0225"
2021-05-06;"Okres Pezinok";1580;11;1591;"SK0107"
2021-05-06;"Okres Piešťany";984;3;987;"SK0214"
2021-05-06;"Okres Poltár";4;0;4;"SK0327"
2021-05-06;"Okres Poprad";2720;7;2727;"SK0416"
2021-05-06;"Okres Považská Bystrica";1823;6;1829;"SK0226"
2021-05-06;"Okres Prešov";2914;11;2925;"SK0417"
2021-05-06;"Okres Prievidza";1516;7;1523;"SK0227"
2021-05-06;"Okres Púchov";342;5;347;"SK0228"
2021-05-06;"Okres Revúca";617;2;619;"SK0328"
2021-05-06;"Okres Rimavská Sobota";1336;4;1340;"SK0329"
2021-05-06;"Okres Rožňava";845;7;852;"SK0428"
2021-05-06;"Okres Ružomberok";657;6;663;"SK0318"
2021-05-06;"Okres Sabinov";511;1;512;"SK0418"
2021-05-06;"Okres Senec";2015;3;2018;"SK0108"
2021-05-06;"Okres Senica";443;0;443;"SK0215"
2021-05-06;"Okres Skalica";1663;1;1664;"SK0216"
2021-05-06;"Okres Snina";686;2;688;"SK0419"
2021-05-06;"Okres Sobrance";260;0;260;"SK0429"
2021-05-06;"Okres Spišská Nová Ves";1642;14;1656;"SK042A"
2021-05-06;"Okres Stará Ľubovňa";503;6;509;"SK041A"
2021-05-06;"Okres Stropkov";291;2;293;"SK041B"
2021-05-06;"Okres Svidník";339;0;339;"SK041C"
2021-05-06;"Okres Šaľa";618;0;618;"SK0235"
2021-05-06;"Okres Topoľčany";618;1;619;"SK0236"
2021-05-06;"Okres Trebišov";1011;1;1012;"SK042B"
2021-05-06;"Okres Trenčín";2904;10;2914;"SK0229"
2021-05-06;"Okres Trnava";2167;3;2170;"SK0217"
2021-05-06;"Okres Turčianske Teplice";459;1;460;"SK0319"
2021-05-06;"Okres Tvrdošín";1747;3;1750;"SK031A"
2021-05-06;"Okres Veľký Krtíš";1041;9;1050;"SK032A"
2021-05-06;"Okres Vranov nad Topľou";1092;4;1096;"SK041D"
2021-05-06;"Okres Zlaté Moravce";395;5;400;"SK0237"
2021-05-06;"Okres Zvolen";1883;10;1893;"SK032B"
2021-05-06;"Okres Žarnovica";186;0;186;"SK032C"
2021-05-06;"Okres Žiar nad Hronom";760;4;764;"SK032D"
2021-05-06;"Okres Žilina";4143;29;4172;"SK031B"
2021-05-07;"Okres Bánovce nad Bebravou";1733;6;1739;"SK0221"
2021-05-07;"Okres Banská Bystrica";3746;8;3754;"SK0321"
2021-05-07;"Okres Banská Štiavnica";253;1;254;"SK0322"
2021-05-07;"Okres Bardejov";3554;18;3572;"SK0411"
2021-05-07;"Okres Bratislava I";2877;0;2877;"SK0101"
2021-05-07;"Okres Bratislava II";5522;14;5536;"SK0102"
2021-05-07;"Okres Bratislava III";5723;4;5727;"SK0103"
2021-05-07;"Okres Bratislava IV";4731;0;4731;"SK0104"
2021-05-07;"Okres Bratislava V";4314;19;4333;"SK0105"
2021-05-07;"Okres Brezno";1164;0;1164;"SK0323"
2021-05-07;"Okres Bytča";1217;17;1234;"SK0311"
2021-05-07;"Okres Čadca";2839;9;2848;"SK0312"
2021-05-07;"Okres Detva";1255;2;1257;"SK0324"
2021-05-07;"Okres Dolný Kubín";1171;1;1172;"SK0313"
2021-05-07;"Okres Dunajská Streda";3100;2;3102;"SK0211"
2021-05-07;"Okres Galanta";1823;12;1835;"SK0212"
2021-05-07;"Okres Gelnica";515;1;516;"SK0421"
2021-05-07;"Okres Hlohovec";308;0;308;"SK0213"
2021-05-07;"Okres Humenné";1990;9;1999;"SK0412"
2021-05-07;"Okres Ilava";2642;6;2648;"SK0222"
2021-05-07;"Okres Kežmarok";2416;8;2424;"SK0413"
2021-05-07;"Okres Komárno";2163;7;2170;"SK0231"
2021-05-07;"Okres Košice - okolie";570;1;571;"SK0426"
2021-05-07;"Okres Košice I";2906;3;2909;"SK0422"
2021-05-07;"Okres Košice II";4150;11;4161;"SK0423"
2021-05-07;"Okres Košice III";646;2;648;"SK0424"
2021-05-07;"Okres Košice IV";3631;9;3640;"SK0425"
2021-05-07;"Okres Krupina";552;2;554;"SK0325"
2021-05-07;"Okres Kysucké Nové Mesto";1182;9;1191;"SK0314"
2021-05-07;"Okres Levice";2174;1;2175;"SK0232"
2021-05-07;"Okres Levoča";805;3;808;"SK0414"
2021-05-07;"Okres Liptovský Mikuláš";1940;3;1943;"SK0315"
2021-05-07;"Okres Lučenec";3682;18;3700;"SK0326"
2021-05-07;"Okres Malacky";2087;16;2103;"SK0106"
2021-05-07;"Okres Martin";3562;3;3565;"SK0316"
2021-05-07;"Okres Medzilaborce";222;1;223;"SK0415"
2021-05-07;"Okres Michalovce";3455;4;3459;"SK0427"
2021-05-07;"Okres Myjava";1501;3;1504;"SK0223"
2021-05-07;"Okres Námestovo";2246;11;2257;"SK0317"
2021-05-07;"Okres Nitra";4711;3;4714;"SK0233"
2021-05-07;"Okres Nové Mesto nad Váhom";1407;5;1412;"SK0224"
2021-05-07;"Okres Nové Zámky";2857;3;2860;"SK0234"
2021-05-07;"Okres Partizánske";1414;2;1416;"SK0225"
2021-05-07;"Okres Pezinok";1934;14;1948;"SK0107"
2021-05-07;"Okres Piešťany";2190;2;2192;"SK0214"
2021-05-07;"Okres Poltár";519;2;521;"SK0327"
2021-05-07;"Okres Poprad";4267;3;4270;"SK0416"
2021-05-07;"Okres Považská Bystrica";3494;3;3497;"SK0226"
2021-05-07;"Okres Prešov";5015;8;5023;"SK0417"
2021-05-07;"Okres Prievidza";2861;3;2864;"SK0227"
2021-05-07;"Okres Púchov";636;2;638;"SK0228"
2021-05-07;"Okres Revúca";1829;2;1831;"SK0328"
2021-05-07;"Okres Rimavská Sobota";2137;12;2149;"SK0329"
2021-05-07;"Okres Rožňava";2716;1;2717;"SK0428"
2021-05-07;"Okres Ružomberok";2282;8;2290;"SK0318"
2021-05-07;"Okres Sabinov";1634;5;1639;"SK0418"
2021-05-07;"Okres Senec";3268;2;3270;"SK0108"
2021-05-07;"Okres Senica";981;1;982;"SK0215"
2021-05-07;"Okres Skalica";2419;3;2422;"SK0216"
2021-05-07;"Okres Snina";1098;6;1104;"SK0419"
2021-05-07;"Okres Sobrance";547;3;550;"SK0429"
2021-05-07;"Okres Spišská Nová Ves";2528;15;2543;"SK042A"
2021-05-07;"Okres Stará Ľubovňa";806;4;810;"SK041A"
2021-05-07;"Okres Stropkov";471;0;471;"SK041B"
2021-05-07;"Okres Svidník";811;1;812;"SK041C"
2021-05-07;"Okres Šaľa";1186;1;1187;"SK0235"
2021-05-07;"Okres Topoľčany";929;4;933;"SK0236"
2021-05-07;"Okres Trebišov";2728;6;2734;"SK042B"
2021-05-07;"Okres Trenčín";5857;14;5871;"SK0229"
2021-05-07;"Okres Trnava";4074;9;4083;"SK0217"
2021-05-07;"Okres Turčianske Teplice";585;0;585;"SK0319"
2021-05-07;"Okres Tvrdošín";3093;3;3096;"SK031A"
2021-05-07;"Okres Veľký Krtíš";1511;4;1515;"SK032A"
2021-05-07;"Okres Vranov nad Topľou";1579;6;1585;"SK041D"
2021-05-07;"Okres Zlaté Moravce";870;1;871;"SK0237"
2021-05-07;"Okres Zvolen";2762;20;2782;"SK032B"
2021-05-07;"Okres Žarnovica";578;2;580;"SK032C"
2021-05-07;"Okres Žiar nad Hronom";1937;6;1943;"SK032D"
2021-05-07;"Okres Žilina";3969;21;3990;"SK031B"
2021-05-08;"Okres Bánovce nad Bebravou";1840;2;1842;"SK0221"
2021-05-08;"Okres Banská Bystrica";1878;5;1883;"SK0321"
2021-05-08;"Okres Banská Štiavnica";138;0;138;"SK0322"
2021-05-08;"Okres Bardejov";3213;9;3222;"SK0411"
2021-05-08;"Okres Bratislava I";1812;4;1816;"SK0101"
2021-05-08;"Okres Bratislava II";4080;7;4087;"SK0102"
2021-05-08;"Okres Bratislava III";3019;7;3026;"SK0103"
2021-05-08;"Okres Bratislava IV";3329;0;3329;"SK0104"
2021-05-08;"Okres Bratislava V";1552;3;1555;"SK0105"
2021-05-08;"Okres Brezno";597;0;597;"SK0323"
2021-05-08;"Okres Bytča";1055;9;1064;"SK0311"
2021-05-08;"Okres Čadca";2753;12;2765;"SK0312"
2021-05-08;"Okres Detva";637;2;639;"SK0324"
2021-05-08;"Okres Dolný Kubín";702;0;702;"SK0313"
2021-05-08;"Okres Dunajská Streda";7610;1;7611;"SK0211"
2021-05-08;"Okres Galanta";6996;6;7002;"SK0212"
2021-05-08;"Okres Gelnica";522;1;523;"SK0421"
2021-05-08;"Okres Hlohovec";394;0;394;"SK0213"
2021-05-08;"Okres Humenné";3792;6;3798;"SK0412"
2021-05-08;"Okres Ilava";1359;2;1361;"SK0222"
2021-05-08;"Okres Kežmarok";1602;6;1608;"SK0413"
2021-05-08;"Okres Komárno";3295;4;3299;"SK0231"
2021-05-08;"Okres Košice - okolie";5551;5;5556;"SK0426"
2021-05-08;"Okres Košice I";1680;0;1680;"SK0422"
2021-05-08;"Okres Košice II";2237;1;2238;"SK0423"
2021-05-08;"Okres Košice III";520;1;521;"SK0424"
2021-05-08;"Okres Košice IV";1903;4;1907;"SK0425"
2021-05-08;"Okres Krupina";154;0;154;"SK0325"
2021-05-08;"Okres Kysucké Nové Mesto";2598;7;2605;"SK0314"
2021-05-08;"Okres Levice";4014;4;4018;"SK0232"
2021-05-08;"Okres Levoča";1222;1;1223;"SK0414"
2021-05-08;"Okres Liptovský Mikuláš";1447;2;1449;"SK0315"
2021-05-08;"Okres Lučenec";2255;5;2260;"SK0326"
2021-05-08;"Okres Malacky";981;1;982;"SK0106"
2021-05-08;"Okres Martin";5983;4;5987;"SK0316"
2021-05-08;"Okres Medzilaborce";159;1;160;"SK0415"
2021-05-08;"Okres Michalovce";3402;0;3402;"SK0427"
2021-05-08;"Okres Myjava";1866;3;1869;"SK0223"
2021-05-08;"Okres Námestovo";2464;11;2475;"SK0317"
2021-05-08;"Okres Nitra";3104;1;3105;"SK0233"
2021-05-08;"Okres Nové Mesto nad Váhom";1218;2;1220;"SK0224"
2021-05-08;"Okres Nové Zámky";11998;25;12023;"SK0234"
2021-05-08;"Okres Partizánske";3295;3;3298;"SK0225"
2021-05-08;"Okres Pezinok";1323;5;1328;"SK0107"
2021-05-08;"Okres Piešťany";1075;0;1075;"SK0214"
2021-05-08;"Okres Poltár";1009;3;1012;"SK0327"
2021-05-08;"Okres Poprad";3083;5;3088;"SK0416"
2021-05-08;"Okres Považská Bystrica";3627;7;3634;"SK0226"
2021-05-08;"Okres Prešov";4377;16;4393;"SK0417"
2021-05-08;"Okres Prievidza";2097;3;2100;"SK0227"
2021-05-08;"Okres Púchov";252;0;252;"SK0228"
2021-05-08;"Okres Revúca";709;1;710;"SK0328"
2021-05-08;"Okres Rimavská Sobota";1152;0;1152;"SK0329"
2021-05-08;"Okres Rožňava";1444;2;1446;"SK0428"
2021-05-08;"Okres Ružomberok";2121;6;2127;"SK0318"
2021-05-08;"Okres Sabinov";1014;2;1016;"SK0418"
2021-05-08;"Okres Senec";3700;1;3701;"SK0108"
2021-05-08;"Okres Senica";991;0;991;"SK0215"
2021-05-08;"Okres Skalica";1893;5;1898;"SK0216"
2021-05-08;"Okres Snina";783;0;783;"SK0419"
2021-05-08;"Okres Sobrance";1297;2;1299;"SK0429"
2021-05-08;"Okres Spišská Nová Ves";2243;4;2247;"SK042A"
2021-05-08;"Okres Stará Ľubovňa";898;0;898;"SK041A"
2021-05-08;"Okres Stropkov";486;0;486;"SK041B"
2021-05-08;"Okres Svidník";1616;5;1621;"SK041C"
2021-05-08;"Okres Šaľa";1884;1;1885;"SK0235"
2021-05-08;"Okres Topoľčany";1155;0;1155;"SK0236"
2021-05-08;"Okres Trebišov";2236;1;2237;"SK042B"
2021-05-08;"Okres Trenčín";7078;9;7087;"SK0229"
2021-05-08;"Okres Trnava";3826;9;3835;"SK0217"
2021-05-08;"Okres Turčianske Teplice";656;2;658;"SK0319"
2021-05-08;"Okres Tvrdošín";1863;4;1867;"SK031A"
2021-05-08;"Okres Veľký Krtíš";1914;0;1914;"SK032A"
2021-05-08;"Okres Vranov nad Topľou";1293;3;1296;"SK041D"
2021-05-08;"Okres Zlaté Moravce";1091;0;1091;"SK0237"
2021-05-08;"Okres Zvolen";1422;6;1428;"SK032B"
2021-05-08;"Okres Žarnovica";380;1;381;"SK032C"
2021-05-08;"Okres Žiar nad Hronom";1634;0;1634;"SK032D"
2021-05-08;"Okres Žilina";1381;4;1385;"SK031B"
2021-05-09;"Okres Bánovce nad Bebravou";1691;0;1691;"SK0221"
2021-05-09;"Okres Banská Bystrica";2553;11;2564;"SK0321"
2021-05-09;"Okres Banská Štiavnica";219;0;219;"SK0322"
2021-05-09;"Okres Bardejov";3105;9;3114;"SK0411"
2021-05-09;"Okres Bratislava I";1735;1;1736;"SK0101"
2021-05-09;"Okres Bratislava II";6083;6;6089;"SK0102"
2021-05-09;"Okres Bratislava III";4674;2;4676;"SK0103"
2021-05-09;"Okres Bratislava IV";3926;1;3927;"SK0104"
2021-05-09;"Okres Bratislava V";7584;18;7602;"SK0105"
2021-05-09;"Okres Brezno";1128;5;1133;"SK0323"
2021-05-09;"Okres Bytča";420;4;424;"SK0311"
2021-05-09;"Okres Čadca";5112;17;5129;"SK0312"
2021-05-09;"Okres Detva";1271;0;1271;"SK0324"
2021-05-09;"Okres Dolný Kubín";960;2;962;"SK0313"
2021-05-09;"Okres Dunajská Streda";5374;2;5376;"SK0211"
2021-05-09;"Okres Galanta";1437;7;1444;"SK0212"
2021-05-09;"Okres Gelnica";343;2;345;"SK0421"
2021-05-09;"Okres Hlohovec";455;0;455;"SK0213"
2021-05-09;"Okres Humenné";2078;6;2084;"SK0412"
2021-05-09;"Okres Ilava";2268;10;2278;"SK0222"
2021-05-09;"Okres Kežmarok";2692;19;2711;"SK0413"
2021-05-09;"Okres Komárno";6058;6;6064;"SK0231"
2021-05-09;"Okres Košice - okolie";1351;0;1351;"SK0426"
2021-05-09;"Okres Košice I";2291;2;2293;"SK0422"
2021-05-09;"Okres Košice II";4422;10;4432;"SK0423"
2021-05-09;"Okres Košice III";638;0;638;"SK0424"
2021-05-09;"Okres Košice IV";3749;23;3772;"SK0425"
2021-05-09;"Okres Krupina";359;0;359;"SK0325"
2021-05-09;"Okres Kysucké Nové Mesto";2025;8;2033;"SK0314"
2021-05-09;"Okres Levice";1834;5;1839;"SK0232"
2021-05-09;"Okres Levoča";722;0;722;"SK0414"
2021-05-09;"Okres Liptovský Mikuláš";1444;4;1448;"SK0315"
2021-05-09;"Okres Lučenec";5475;19;5494;"SK0326"
2021-05-09;"Okres Malacky";1405;0;1405;"SK0106"
2021-05-09;"Okres Martin";3608;10;3618;"SK0316"
2021-05-09;"Okres Medzilaborce";317;4;321;"SK0415"
2021-05-09;"Okres Michalovce";4413;2;4415;"SK0427"
2021-05-09;"Okres Myjava";677;2;679;"SK0223"
2021-05-09;"Okres Námestovo";0;2;2;"SK0317"
2021-05-09;"Okres Nitra";5362;3;5365;"SK0233"
2021-05-09;"Okres Nové Mesto nad Váhom";819;0;819;"SK0224"
2021-05-09;"Okres Nové Zámky";4644;14;4658;"SK0234"
2021-05-09;"Okres Partizánske";962;0;962;"SK0225"
2021-05-09;"Okres Pezinok";944;5;949;"SK0107"
2021-05-09;"Okres Piešťany";1248;0;1248;"SK0214"
2021-05-09;"Okres Poltár";1163;0;1163;"SK0327"
2021-05-09;"Okres Poprad";1646;4;1650;"SK0416"
2021-05-09;"Okres Považská Bystrica";2876;2;2878;"SK0226"
2021-05-09;"Okres Prešov";5435;26;5461;"SK0417"
2021-05-09;"Okres Prievidza";2433;5;2438;"SK0227"
2021-05-09;"Okres Revúca";1687;9;1696;"SK0328"
2021-05-09;"Okres Rimavská Sobota";2924;6;2930;"SK0329"
2021-05-09;"Okres Rožňava";1890;7;1897;"SK0428"
2021-05-09;"Okres Ružomberok";979;4;983;"SK0318"
2021-05-09;"Okres Sabinov";2622;2;2624;"SK0418"
2021-05-09;"Okres Senec";4533;0;4533;"SK0108"
2021-05-09;"Okres Senica";352;1;353;"SK0215"
2021-05-09;"Okres Skalica";895;1;896;"SK0216"
2021-05-09;"Okres Snina";1890;0;1890;"SK0419"
2021-05-09;"Okres Sobrance";467;1;468;"SK0429"
2021-05-09;"Okres Spišská Nová Ves";2234;4;2238;"SK042A"
2021-05-09;"Okres Stará Ľubovňa";1167;6;1173;"SK041A"
2021-05-09;"Okres Stropkov";538;1;539;"SK041B"
2021-05-09;"Okres Svidník";327;1;328;"SK041C"
2021-05-09;"Okres Šaľa";1655;0;1655;"SK0235"
2021-05-09;"Okres Topoľčany";2029;8;2037;"SK0236"
2021-05-09;"Okres Trebišov";3885;2;3887;"SK042B"
2021-05-09;"Okres Trenčín";4646;13;4659;"SK0229"
2021-05-09;"Okres Trnava";2818;0;2818;"SK0217"
2021-05-09;"Okres Turčianske Teplice";1212;1;1213;"SK0319"
2021-05-09;"Okres Tvrdošín";2391;3;2394;"SK031A"
2021-05-09;"Okres Veľký Krtíš";1202;4;1206;"SK032A"
2021-05-09;"Okres Vranov nad Topľou";1998;10;2008;"SK041D"
2021-05-09;"Okres Zlaté Moravce";1009;3;1012;"SK0237"
2021-05-09;"Okres Zvolen";2655;11;2666;"SK032B"
2021-05-09;"Okres Žiar nad Hronom";1460;2;1462;"SK032D"
2021-05-09;"Okres Žilina";2274;18;2292;"SK031B"
2021-05-10;"Okres Bánovce nad Bebravou";710;2;712;"SK0221"
2021-05-10;"Okres Banská Bystrica";2719;6;2725;"SK0321"
2021-05-10;"Okres Banská Štiavnica";346;2;348;"SK0322"
2021-05-10;"Okres Bardejov";2779;22;2801;"SK0411"
2021-05-10;"Okres Bratislava I";2672;3;2675;"SK0101"
2021-05-10;"Okres Bratislava II";3888;8;3896;"SK0102"
2021-05-10;"Okres Bratislava III";4174;8;4182;"SK0103"
2021-05-10;"Okres Bratislava IV";2750;4;2754;"SK0104"
2021-05-10;"Okres Bratislava V";3350;18;3368;"SK0105"
2021-05-10;"Okres Brezno";827;1;828;"SK0323"
2021-05-10;"Okres Bytča";689;12;701;"SK0311"
2021-05-10;"Okres Čadca";2597;6;2603;"SK0312"
2021-05-10;"Okres Detva";1061;2;1063;"SK0324"
2021-05-10;"Okres Dolný Kubín";1115;2;1117;"SK0313"
2021-05-10;"Okres Dunajská Streda";2459;1;2460;"SK0211"
2021-05-10;"Okres Galanta";1629;7;1636;"SK0212"
2021-05-10;"Okres Gelnica";281;3;284;"SK0421"
2021-05-10;"Okres Hlohovec";309;0;309;"SK0213"
2021-05-10;"Okres Humenné";1229;9;1238;"SK0412"
2021-05-10;"Okres Ilava";943;7;950;"SK0222"
2021-05-10;"Okres Kežmarok";1634;7;1641;"SK0413"
2021-05-10;"Okres Komárno";2102;6;2108;"SK0231"
2021-05-10;"Okres Košice - okolie";627;0;627;"SK0426"
2021-05-10;"Okres Košice I";1942;5;1947;"SK0422"
2021-05-10;"Okres Košice II";1434;4;1438;"SK0423"
2021-05-10;"Okres Košice III";534;0;534;"SK0424"
2021-05-10;"Okres Košice IV";3172;5;3177;"SK0425"
2021-05-10;"Okres Krupina";654;1;655;"SK0325"
2021-05-10;"Okres Kysucké Nové Mesto";873;12;885;"SK0314"
2021-05-10;"Okres Levice";1906;7;1913;"SK0232"
2021-05-10;"Okres Levoča";532;0;532;"SK0414"
2021-05-10;"Okres Liptovský Mikuláš";1298;3;1301;"SK0315"
2021-05-10;"Okres Lučenec";2836;5;2841;"SK0326"
2021-05-10;"Okres Malacky";1569;4;1573;"SK0106"
2021-05-10;"Okres Martin";2368;5;2373;"SK0316"
2021-05-10;"Okres Medzilaborce";176;1;177;"SK0415"
2021-05-10;"Okres Michalovce";2453;5;2458;"SK0427"
2021-05-10;"Okres Myjava";307;4;311;"SK0223"
2021-05-10;"Okres Námestovo";780;8;788;"SK0317"
2021-05-10;"Okres Nitra";4315;5;4320;"SK0233"
2021-05-10;"Okres Nové Mesto nad Váhom";1044;4;1048;"SK0224"
2021-05-10;"Okres Nové Zámky";2418;9;2427;"SK0234"
2021-05-10;"Okres Partizánske";723;4;727;"SK0225"
2021-05-10;"Okres Pezinok";1410;18;1428;"SK0107"
2021-05-10;"Okres Piešťany";730;0;730;"SK0214"
2021-05-10;"Okres Poltár";137;0;137;"SK0327"
2021-05-10;"Okres Poprad";2633;8;2641;"SK0416"
2021-05-10;"Okres Považská Bystrica";1988;3;1991;"SK0226"
2021-05-10;"Okres Prešov";3208;5;3213;"SK0417"
2021-05-10;"Okres Prievidza";2111;3;2114;"SK0227"
2021-05-10;"Okres Púchov";444;2;446;"SK0228"
2021-05-10;"Okres Revúca";1118;7;1125;"SK0328"
2021-05-10;"Okres Rimavská Sobota";1932;11;1943;"SK0329"
2021-05-10;"Okres Rožňava";1888;5;1893;"SK0428"
2021-05-10;"Okres Ružomberok";1016;5;1021;"SK0318"
2021-05-10;"Okres Sabinov";966;6;972;"SK0418"
2021-05-10;"Okres Senec";1297;6;1303;"SK0108"
2021-05-10;"Okres Senica";362;3;365;"SK0215"
2021-05-10;"Okres Skalica";1879;7;1886;"SK0216"
2021-05-10;"Okres Snina";898;5;903;"SK0419"
2021-05-10;"Okres Sobrance";488;0;488;"SK0429"
2021-05-10;"Okres Spišská Nová Ves";2165;14;2179;"SK042A"
2021-05-10;"Okres Stará Ľubovňa";620;1;621;"SK041A"
2021-05-10;"Okres Stropkov";397;0;397;"SK041B"
2021-05-10;"Okres Svidník";529;4;533;"SK041C"
2021-05-10;"Okres Šaľa";1055;1;1056;"SK0235"
2021-05-10;"Okres Topoľčany";969;4;973;"SK0236"
2021-05-10;"Okres Trebišov";2052;0;2052;"SK042B"
2021-05-10;"Okres Trenčín";4753;26;4779;"SK0229"
2021-05-10;"Okres Trnava";1090;6;1096;"SK0217"
2021-05-10;"Okres Turčianske Teplice";202;0;202;"SK0319"
2021-05-10;"Okres Tvrdošín";1192;0;1192;"SK031A"
2021-05-10;"Okres Veľký Krtíš";1004;10;1014;"SK032A"
2021-05-10;"Okres Vranov nad Topľou";1023;4;1027;"SK041D"
2021-05-10;"Okres Zlaté Moravce";529;0;529;"SK0237"
2021-05-10;"Okres Zvolen";2642;16;2658;"SK032B"
2021-05-10;"Okres Žarnovica";428;0;428;"SK032C"
2021-05-10;"Okres Žiar nad Hronom";2120;2;2122;"SK032D"
2021-05-10;"Okres Žilina";2877;20;2897;"SK031B"
2021-05-11;"Okres Bánovce nad Bebravou";1267;0;1267;"SK0221"
2021-05-11;"Okres Banská Bystrica";1720;12;1732;"SK0321"
2021-05-11;"Okres Banská Štiavnica";220;4;224;"SK0322"
2021-05-11;"Okres Bardejov";1658;8;1666;"SK0411"
2021-05-11;"Okres Bratislava I";2366;2;2368;"SK0101"
2021-05-11;"Okres Bratislava II";3386;4;3390;"SK0102"
2021-05-11;"Okres Bratislava III";3459;2;3461;"SK0103"
2021-05-11;"Okres Bratislava IV";2008;4;2012;"SK0104"
2021-05-11;"Okres Bratislava V";2654;10;2664;"SK0105"
2021-05-11;"Okres Brezno";552;0;552;"SK0323"
2021-05-11;"Okres Bytča";344;1;345;"SK0311"
2021-05-11;"Okres Čadca";2077;17;2094;"SK0312"
2021-05-11;"Okres Detva";575;0;575;"SK0324"
2021-05-11;"Okres Dolný Kubín";492;3;495;"SK0313"
2021-05-11;"Okres Dunajská Streda";1401;1;1402;"SK0211"
2021-05-11;"Okres Galanta";1107;5;1112;"SK0212"
2021-05-11;"Okres Gelnica";166;1;167;"SK0421"
2021-05-11;"Okres Hlohovec";217;0;217;"SK0213"
2021-05-11;"Okres Humenné";851;6;857;"SK0412"
2021-05-11;"Okres Ilava";750;6;756;"SK0222"
2021-05-11;"Okres Kežmarok";1023;5;1028;"SK0413"
2021-05-11;"Okres Komárno";1256;2;1258;"SK0231"
2021-05-11;"Okres Košice - okolie";277;0;277;"SK0426"
2021-05-11;"Okres Košice I";1609;2;1611;"SK0422"
2021-05-11;"Okres Košice II";1042;6;1048;"SK0423"
2021-05-11;"Okres Košice III";283;1;284;"SK0424"
2021-05-11;"Okres Košice IV";1977;5;1982;"SK0425"
2021-05-11;"Okres Krupina";251;4;255;"SK0325"
2021-05-11;"Okres Kysucké Nové Mesto";600;5;605;"SK0314"
2021-05-11;"Okres Levice";2142;2;2144;"SK0232"
2021-05-11;"Okres Levoča";376;0;376;"SK0414"
2021-05-11;"Okres Liptovský Mikuláš";1238;0;1238;"SK0315"
2021-05-11;"Okres Lučenec";1908;5;1913;"SK0326"
2021-05-11;"Okres Malacky";950;3;953;"SK0106"
2021-05-11;"Okres Martin";1780;2;1782;"SK0316"
2021-05-11;"Okres Medzilaborce";100;2;102;"SK0415"
2021-05-11;"Okres Michalovce";2033;5;2038;"SK0427"
2021-05-11;"Okres Myjava";398;5;403;"SK0223"
2021-05-11;"Okres Námestovo";365;1;366;"SK0317"
2021-05-11;"Okres Nitra";2251;2;2253;"SK0233"
2021-05-11;"Okres Nové Mesto nad Váhom";1021;2;1023;"SK0224"
2021-05-11;"Okres Nové Zámky";1697;6;1703;"SK0234"
2021-05-11;"Okres Partizánske";553;1;554;"SK0225"
2021-05-11;"Okres Pezinok";1049;5;1054;"SK0107"
2021-05-11;"Okres Piešťany";1004;1;1005;"SK0214"
2021-05-11;"Okres Poprad";1795;4;1799;"SK0416"
2021-05-11;"Okres Považská Bystrica";1645;2;1647;"SK0226"
2021-05-11;"Okres Prešov";2419;8;2427;"SK0417"
2021-05-11;"Okres Prievidza";1685;5;1690;"SK0227"
2021-05-11;"Okres Púchov";267;2;269;"SK0228"
2021-05-11;"Okres Revúca";763;3;766;"SK0328"
2021-05-11;"Okres Rimavská Sobota";1663;10;1673;"SK0329"
2021-05-11;"Okres Rožňava";1180;4;1184;"SK0428"
2021-05-11;"Okres Ružomberok";1972;5;1977;"SK0318"
2021-05-11;"Okres Sabinov";509;2;511;"SK0418"
2021-05-11;"Okres Senec";1786;1;1787;"SK0108"
2021-05-11;"Okres Senica";425;0;425;"SK0215"
2021-05-11;"Okres Skalica";645;0;645;"SK0216"
2021-05-11;"Okres Snina";666;5;671;"SK0419"
2021-05-11;"Okres Sobrance";280;0;280;"SK0429"
2021-05-11;"Okres Spišská Nová Ves";1562;7;1569;"SK042A"
2021-05-11;"Okres Stará Ľubovňa";468;7;475;"SK041A"
2021-05-11;"Okres Stropkov";246;0;246;"SK041B"
2021-05-11;"Okres Svidník";314;2;316;"SK041C"
2021-05-11;"Okres Šaľa";573;3;576;"SK0235"
2021-05-11;"Okres Topoľčany";711;0;711;"SK0236"
2021-05-11;"Okres Trebišov";894;1;895;"SK042B"
2021-05-11;"Okres Trenčín";3257;10;3267;"SK0229"
2021-05-11;"Okres Trnava";1615;6;1621;"SK0217"
2021-05-11;"Okres Turčianske Teplice";246;2;248;"SK0319"
2021-05-11;"Okres Tvrdošín";847;1;848;"SK031A"
2021-05-11;"Okres Veľký Krtíš";866;2;868;"SK032A"
2021-05-11;"Okres Vranov nad Topľou";801;4;805;"SK041D"
2021-05-11;"Okres Zlaté Moravce";328;0;328;"SK0237"
2021-05-11;"Okres Zvolen";1993;8;2001;"SK032B"
2021-05-11;"Okres Žarnovica";369;0;369;"SK032C"
2021-05-11;"Okres Žiar nad Hronom";871;3;874;"SK032D"
2021-05-11;"Okres Žilina";1888;13;1901;"SK031B"
2021-05-12;"Okres Bánovce nad Bebravou";462;2;464;"SK0221"
2021-05-12;"Okres Banská Bystrica";1857;6;1863;"SK0321"
2021-05-12;"Okres Banská Štiavnica";351;6;357;"SK0322"
2021-05-12;"Okres Bardejov";1711;9;1720;"SK0411"
2021-05-12;"Okres Bratislava I";1956;1;1957;"SK0101"
2021-05-12;"Okres Bratislava II";3082;8;3090;"SK0102"
2021-05-12;"Okres Bratislava III";2701;2;2703;"SK0103"
2021-05-12;"Okres Bratislava IV";1887;2;1889;"SK0104"
2021-05-12;"Okres Bratislava V";2860;7;2867;"SK0105"
2021-05-12;"Okres Brezno";548;0;548;"SK0323"
2021-05-12;"Okres Bytča";400;3;403;"SK0311"
2021-05-12;"Okres Čadca";2156;8;2164;"SK0312"
2021-05-12;"Okres Detva";524;1;525;"SK0324"
2021-05-12;"Okres Dolný Kubín";710;1;711;"SK0313"
2021-05-12;"Okres Dunajská Streda";1500;1;1501;"SK0211"
2021-05-12;"Okres Galanta";1750;8;1758;"SK0212"
2021-05-12;"Okres Gelnica";151;0;151;"SK0421"
2021-05-12;"Okres Hlohovec";331;0;331;"SK0213"
2021-05-12;"Okres Humenné";775;4;779;"SK0412"
2021-05-12;"Okres Ilava";969;4;973;"SK0222"
2021-05-12;"Okres Kežmarok";857;2;859;"SK0413"
2021-05-12;"Okres Komárno";1247;8;1255;"SK0231"
2021-05-12;"Okres Košice - okolie";470;0;470;"SK0426"
2021-05-12;"Okres Košice I";1345;3;1348;"SK0422"
2021-05-12;"Okres Košice II";1101;3;1104;"SK0423"
2021-05-12;"Okres Košice III";303;0;303;"SK0424"
2021-05-12;"Okres Košice IV";2266;14;2280;"SK0425"
2021-05-12;"Okres Krupina";597;1;598;"SK0325"
2021-05-12;"Okres Kysucké Nové Mesto";450;2;452;"SK0314"
2021-05-12;"Okres Levice";1419;3;1422;"SK0232"
2021-05-12;"Okres Levoča";361;1;362;"SK0414"
2021-05-12;"Okres Liptovský Mikuláš";1129;1;1130;"SK0315"
2021-05-12;"Okres Lučenec";1783;3;1786;"SK0326"
2021-05-12;"Okres Malacky";915;0;915;"SK0106"
2021-05-12;"Okres Martin";1691;2;1693;"SK0316"
2021-05-12;"Okres Medzilaborce";112;0;112;"SK0415"
2021-05-12;"Okres Michalovce";1794;4;1798;"SK0427"
2021-05-12;"Okres Myjava";416;2;418;"SK0223"
2021-05-12;"Okres Námestovo";581;8;589;"SK0317"
2021-05-12;"Okres Nitra";2074;1;2075;"SK0233"
2021-05-12;"Okres Nové Mesto nad Váhom";545;3;548;"SK0224"
2021-05-12;"Okres Nové Zámky";1704;10;1714;"SK0234"
2021-05-12;"Okres Partizánske";510;1;511;"SK0225"
2021-05-12;"Okres Pezinok";1104;7;1111;"SK0107"
2021-05-12;"Okres Piešťany";744;2;746;"SK0214"
2021-05-12;"Okres Poltár";100;0;100;"SK0327"
2021-05-12;"Okres Poprad";1720;5;1725;"SK0416"
2021-05-12;"Okres Považská Bystrica";1254;5;1259;"SK0226"
2021-05-12;"Okres Prešov";3063;10;3073;"SK0417"
2021-05-12;"Okres Prievidza";1487;2;1489;"SK0227"
2021-05-12;"Okres Púchov";257;3;260;"SK0228"
2021-05-12;"Okres Revúca";666;6;672;"SK0328"
2021-05-12;"Okres Rimavská Sobota";1223;5;1228;"SK0329"
2021-05-12;"Okres Rožňava";1139;2;1141;"SK0428"
2021-05-12;"Okres Ružomberok";634;2;636;"SK0318"
2021-05-12;"Okres Sabinov";803;1;804;"SK0418"
2021-05-12;"Okres Senec";1076;2;1078;"SK0108"
2021-05-12;"Okres Senica";624;2;626;"SK0215"
2021-05-12;"Okres Skalica";755;12;767;"SK0216"
2021-05-12;"Okres Snina";558;4;562;"SK0419"
2021-05-12;"Okres Sobrance";227;1;228;"SK0429"
2021-05-12;"Okres Spišská Nová Ves";1330;6;1336;"SK042A"
2021-05-12;"Okres Stará Ľubovňa";401;2;403;"SK041A"
2021-05-12;"Okres Stropkov";266;0;266;"SK041B"
2021-05-12;"Okres Svidník";321;1;322;"SK041C"
2021-05-12;"Okres Šaľa";404;0;404;"SK0235"
2021-05-12;"Okres Topoľčany";602;4;606;"SK0236"
2021-05-12;"Okres Trebišov";912;0;912;"SK042B"
2021-05-12;"Okres Trenčín";1950;10;1960;"SK0229"
2021-05-12;"Okres Trnava";1092;1;1093;"SK0217"
2021-05-12;"Okres Turčianske Teplice";221;0;221;"SK0319"
2021-05-12;"Okres Tvrdošín";716;6;722;"SK031A"
2021-05-12;"Okres Veľký Krtíš";803;3;806;"SK032A"
2021-05-12;"Okres Vranov nad Topľou";785;0;785;"SK041D"
2021-05-12;"Okres Zlaté Moravce";330;0;330;"SK0237"
2021-05-12;"Okres Zvolen";1412;13;1425;"SK032B"
2021-05-12;"Okres Žarnovica";216;0;216;"SK032C"
2021-05-12;"Okres Žiar nad Hronom";806;1;807;"SK032D"
2021-05-12;"Okres Žilina";2008;20;2028;"SK031B"
2021-05-13;"Okres Bánovce nad Bebravou";648;2;650;"SK0221"
2021-05-13;"Okres Banská Bystrica";1999;3;2002;"SK0321"
2021-05-13;"Okres Banská Štiavnica";310;3;313;"SK0322"
2021-05-13;"Okres Bardejov";1940;17;1957;"SK0411"
2021-05-13;"Okres Bratislava I";1577;1;1578;"SK0101"
2021-05-13;"Okres Bratislava II";3218;2;3220;"SK0102"
2021-05-13;"Okres Bratislava III";3448;3;3451;"SK0103"
2021-05-13;"Okres Bratislava IV";2100;1;2101;"SK0104"
2021-05-13;"Okres Bratislava V";3019;5;3024;"SK0105"
2021-05-13;"Okres Brezno";583;9;592;"SK0323"
2021-05-13;"Okres Bytča";510;0;510;"SK0311"
2021-05-13;"Okres Čadca";1878;5;1883;"SK0312"
2021-05-13;"Okres Detva";514;3;517;"SK0324"
2021-05-13;"Okres Dolný Kubín";631;1;632;"SK0313"
2021-05-13;"Okres Dunajská Streda";2226;1;2227;"SK0211"
2021-05-13;"Okres Galanta";1088;1;1089;"SK0212"
2021-05-13;"Okres Gelnica";128;1;129;"SK0421"
2021-05-13;"Okres Hlohovec";307;0;307;"SK0213"
2021-05-13;"Okres Humenné";738;7;745;"SK0412"
2021-05-13;"Okres Ilava";900;4;904;"SK0222"
2021-05-13;"Okres Kežmarok";852;5;857;"SK0413"
2021-05-13;"Okres Komárno";1277;2;1279;"SK0231"
2021-05-13;"Okres Košice - okolie";482;0;482;"SK0426"
2021-05-13;"Okres Košice I";1324;5;1329;"SK0422"
2021-05-13;"Okres Košice II";1130;3;1133;"SK0423"
2021-05-13;"Okres Košice III";260;2;262;"SK0424"
2021-05-13;"Okres Košice IV";1954;9;1963;"SK0425"
2021-05-13;"Okres Krupina";215;0;215;"SK0325"
2021-05-13;"Okres Kysucké Nové Mesto";573;4;577;"SK0314"
2021-05-13;"Okres Levice";1111;5;1116;"SK0232"
2021-05-13;"Okres Levoča";350;2;352;"SK0414"
2021-05-13;"Okres Liptovský Mikuláš";1221;0;1221;"SK0315"
2021-05-13;"Okres Lučenec";1657;5;1662;"SK0326"
2021-05-13;"Okres Malacky";970;1;971;"SK0106"
2021-05-13;"Okres Martin";1436;2;1438;"SK0316"
2021-05-13;"Okres Medzilaborce";122;1;123;"SK0415"
2021-05-13;"Okres Michalovce";1384;2;1386;"SK0427"
2021-05-13;"Okres Myjava";464;6;470;"SK0223"
2021-05-13;"Okres Námestovo";1592;3;1595;"SK0317"
2021-05-13;"Okres Nitra";2480;2;2482;"SK0233"
2021-05-13;"Okres Nové Mesto nad Váhom";853;4;857;"SK0224"
2021-05-13;"Okres Nové Zámky";1731;7;1738;"SK0234"
2021-05-13;"Okres Partizánske";488;0;488;"SK0225"
2021-05-13;"Okres Pezinok";1003;5;1008;"SK0107"
2021-05-13;"Okres Piešťany";811;0;811;"SK0214"
2021-05-13;"Okres Poprad";2047;10;2057;"SK0416"
2021-05-13;"Okres Považská Bystrica";1653;5;1658;"SK0226"
2021-05-13;"Okres Prešov";2663;15;2678;"SK0417"
2021-05-13;"Okres Prievidza";1414;1;1415;"SK0227"
2021-05-13;"Okres Púchov";316;0;316;"SK0228"
2021-05-13;"Okres Revúca";862;4;866;"SK0328"
2021-05-13;"Okres Rimavská Sobota";1212;5;1217;"SK0329"
2021-05-13;"Okres Rožňava";935;4;939;"SK0428"
2021-05-13;"Okres Ružomberok";674;6;680;"SK0318"
2021-05-13;"Okres Sabinov";733;1;734;"SK0418"
2021-05-13;"Okres Senec";1737;1;1738;"SK0108"
2021-05-13;"Okres Senica";443;2;445;"SK0215"
2021-05-13;"Okres Skalica";1147;6;1153;"SK0216"
2021-05-13;"Okres Snina";503;4;507;"SK0419"
2021-05-13;"Okres Sobrance";329;1;330;"SK0429"
2021-05-13;"Okres Spišská Nová Ves";1449;5;1454;"SK042A"
2021-05-13;"Okres Stará Ľubovňa";468;3;471;"SK041A"
2021-05-13;"Okres Stropkov";262;2;264;"SK041B"
2021-05-13;"Okres Svidník";436;3;439;"SK041C"
2021-05-13;"Okres Šaľa";475;0;475;"SK0235"
2021-05-13;"Okres Topoľčany";645;2;647;"SK0236"
2021-05-13;"Okres Trebišov";952;0;952;"SK042B"
2021-05-13;"Okres Trenčín";1971;5;1976;"SK0229"
2021-05-13;"Okres Trnava";1087;2;1089;"SK0217"
2021-05-13;"Okres Turčianske Teplice";391;0;391;"SK0319"
2021-05-13;"Okres Tvrdošín";867;5;872;"SK031A"
2021-05-13;"Okres Veľký Krtíš";993;0;993;"SK032A"
2021-05-13;"Okres Vranov nad Topľou";728;7;735;"SK041D"
2021-05-13;"Okres Zlaté Moravce";381;1;382;"SK0237"
2021-05-13;"Okres Zvolen";1697;5;1702;"SK032B"
2021-05-13;"Okres Žarnovica";167;1;168;"SK032C"
2021-05-13;"Okres Žiar nad Hronom";739;3;742;"SK032D"
2021-05-13;"Okres Žilina";2708;26;2734;"SK031B"
2021-05-14;"Okres Bánovce nad Bebravou";1274;4;1278;"SK0221"
2021-05-14;"Okres Banská Bystrica";3153;4;3157;"SK0321"
2021-05-14;"Okres Banská Štiavnica";220;3;223;"SK0322"
2021-05-14;"Okres Bardejov";3194;12;3206;"SK0411"
2021-05-14;"Okres Bratislava I";2726;4;2730;"SK0101"
2021-05-14;"Okres Bratislava II";5007;5;5012;"SK0102"
2021-05-14;"Okres Bratislava III";4200;9;4209;"SK0103"
2021-05-14;"Okres Bratislava IV";3676;0;3676;"SK0104"
2021-05-14;"Okres Bratislava V";3942;5;3947;"SK0105"
2021-05-14;"Okres Brezno";753;2;755;"SK0323"
2021-05-14;"Okres Bytča";1660;18;1678;"SK0311"
2021-05-14;"Okres Čadca";3101;13;3114;"SK0312"
2021-05-14;"Okres Detva";682;4;686;"SK0324"
2021-05-14;"Okres Dolný Kubín";1595;4;1599;"SK0313"
2021-05-14;"Okres Dunajská Streda";2574;2;2576;"SK0211"
2021-05-14;"Okres Galanta";1814;4;1818;"SK0212"
2021-05-14;"Okres Gelnica";687;1;688;"SK0421"
2021-05-14;"Okres Hlohovec";296;1;297;"SK0213"
2021-05-14;"Okres Humenné";1556;7;1563;"SK0412"
2021-05-14;"Okres Ilava";868;2;870;"SK0222"
2021-05-14;"Okres Kežmarok";1106;2;1108;"SK0413"
2021-05-14;"Okres Komárno";2318;8;2326;"SK0231"
2021-05-14;"Okres Košice - okolie";2477;2;2479;"SK0426"
2021-05-14;"Okres Košice I";2532;1;2533;"SK0422"
2021-05-14;"Okres Košice II";3070;1;3071;"SK0423"
2021-05-14;"Okres Košice III";473;1;474;"SK0424"
2021-05-14;"Okres Košice IV";3246;2;3248;"SK0425"
2021-05-14;"Okres Krupina";1505;0;1505;"SK0325"
2021-05-14;"Okres Kysucké Nové Mesto";692;11;703;"SK0314"
2021-05-14;"Okres Levice";1649;1;1650;"SK0232"
2021-05-14;"Okres Levoča";526;1;527;"SK0414"
2021-05-14;"Okres Liptovský Mikuláš";1971;1;1972;"SK0315"
2021-05-14;"Okres Lučenec";2024;4;2028;"SK0326"
2021-05-14;"Okres Malacky";1625;4;1629;"SK0106"
2021-05-14;"Okres Martin";1888;2;1890;"SK0316"
2021-05-14;"Okres Medzilaborce";154;0;154;"SK0415"
2021-05-14;"Okres Michalovce";2766;9;2775;"SK0427"
2021-05-14;"Okres Myjava";1376;9;1385;"SK0223"
2021-05-14;"Okres Námestovo";1517;8;1525;"SK0317"
2021-05-14;"Okres Nitra";3167;7;3174;"SK0233"
2021-05-14;"Okres Nové Mesto nad Váhom";3256;9;3265;"SK0224"
2021-05-14;"Okres Nové Zámky";2836;7;2843;"SK0234"
2021-05-14;"Okres Partizánske";1807;2;1809;"SK0225"
2021-05-14;"Okres Pezinok";1695;9;1704;"SK0107"
2021-05-14;"Okres Piešťany";1207;2;1209;"SK0214"
2021-05-14;"Okres Poltár";67;0;67;"SK0327"
2021-05-14;"Okres Poprad";3449;21;3470;"SK0416"
2021-05-14;"Okres Považská Bystrica";3017;2;3019;"SK0226"
2021-05-14;"Okres Prešov";4349;8;4357;"SK0417"
2021-05-14;"Okres Prievidza";2508;1;2509;"SK0227"
2021-05-14;"Okres Púchov";502;1;503;"SK0228"
2021-05-14;"Okres Revúca";1518;8;1526;"SK0328"
2021-05-14;"Okres Rimavská Sobota";2361;8;2369;"SK0329"
2021-05-14;"Okres Rožňava";2540;11;2551;"SK0428"
2021-05-14;"Okres Ružomberok";1787;8;1795;"SK0318"
2021-05-14;"Okres Sabinov";1719;2;1721;"SK0418"
2021-05-14;"Okres Senec";2051;2;2053;"SK0108"
2021-05-14;"Okres Senica";1023;1;1024;"SK0215"
2021-05-14;"Okres Skalica";878;7;885;"SK0216"
2021-05-14;"Okres Snina";700;5;705;"SK0419"
2021-05-14;"Okres Sobrance";951;1;952;"SK0429"
2021-05-14;"Okres Spišská Nová Ves";2255;13;2268;"SK042A"
2021-05-14;"Okres Stará Ľubovňa";691;5;696;"SK041A"
2021-05-14;"Okres Stropkov";443;2;445;"SK041B"
2021-05-14;"Okres Svidník";842;2;844;"SK041C"
2021-05-14;"Okres Šaľa";1063;0;1063;"SK0235"
2021-05-14;"Okres Topoľčany";1426;0;1426;"SK0236"
2021-05-14;"Okres Trebišov";1785;0;1785;"SK042B"
2021-05-14;"Okres Trenčín";2876;9;2885;"SK0229"
2021-05-14;"Okres Trnava";2054;3;2057;"SK0217"
2021-05-14;"Okres Turčianske Teplice";455;0;455;"SK0319"
2021-05-14;"Okres Tvrdošín";2292;2;2294;"SK031A"
2021-05-14;"Okres Veľký Krtíš";1448;0;1448;"SK032A"
2021-05-14;"Okres Vranov nad Topľou";1158;5;1163;"SK041D"
2021-05-14;"Okres Zlaté Moravce";1145;0;1145;"SK0237"
2021-05-14;"Okres Zvolen";2555;8;2563;"SK032B"
2021-05-14;"Okres Žarnovica";739;0;739;"SK032C"
2021-05-14;"Okres Žiar nad Hronom";1114;2;1116;"SK032D"
2021-05-14;"Okres Žilina";3411;19;3430;"SK031B"
2021-05-15;"Okres Bánovce nad Bebravou";1883;0;1883;"SK0221"
2021-05-15;"Okres Banská Bystrica";1685;0;1685;"SK0321"
2021-05-15;"Okres Banská Štiavnica";179;2;181;"SK0322"
2021-05-15;"Okres Bardejov";4598;13;4611;"SK0411"
2021-05-15;"Okres Bratislava I";1719;6;1725;"SK0101"
2021-05-15;"Okres Bratislava II";4160;5;4165;"SK0102"
2021-05-15;"Okres Bratislava III";3024;8;3032;"SK0103"
2021-05-15;"Okres Bratislava IV";2585;1;2586;"SK0104"
2021-05-15;"Okres Bratislava V";2869;9;2878;"SK0105"
2021-05-15;"Okres Brezno";861;1;862;"SK0323"
2021-05-15;"Okres Bytča";732;7;739;"SK0311"
2021-05-15;"Okres Čadca";3151;10;3161;"SK0312"
2021-05-15;"Okres Detva";708;4;712;"SK0324"
2021-05-15;"Okres Dolný Kubín";1553;1;1554;"SK0313"
2021-05-15;"Okres Dunajská Streda";7694;3;7697;"SK0211"
2021-05-15;"Okres Galanta";3055;0;3055;"SK0212"
2021-05-15;"Okres Gelnica";990;2;992;"SK0421"
2021-05-15;"Okres Hlohovec";321;0;321;"SK0213"
2021-05-15;"Okres Humenné";2488;2;2490;"SK0412"
2021-05-15;"Okres Ilava";951;2;953;"SK0222"
2021-05-15;"Okres Kežmarok";3684;25;3709;"SK0413"
2021-05-15;"Okres Komárno";6327;3;6330;"SK0231"
2021-05-15;"Okres Košice - okolie";4839;0;4839;"SK0426"
2021-05-15;"Okres Košice I";1450;1;1451;"SK0422"
2021-05-15;"Okres Košice II";1958;0;1958;"SK0423"
2021-05-15;"Okres Košice III";416;0;416;"SK0424"
2021-05-15;"Okres Košice IV";1842;1;1843;"SK0425"
2021-05-15;"Okres Krupina";691;1;692;"SK0325"
2021-05-15;"Okres Kysucké Nové Mesto";617;3;620;"SK0314"
2021-05-15;"Okres Levice";5710;1;5711;"SK0232"
2021-05-15;"Okres Levoča";1723;7;1730;"SK0414"
2021-05-15;"Okres Liptovský Mikuláš";1094;0;1094;"SK0315"
2021-05-15;"Okres Lučenec";1402;7;1409;"SK0326"
2021-05-15;"Okres Malacky";1398;1;1399;"SK0106"
2021-05-15;"Okres Martin";1339;0;1339;"SK0316"
2021-05-15;"Okres Medzilaborce";111;0;111;"SK0415"
2021-05-15;"Okres Michalovce";3314;7;3321;"SK0427"
2021-05-15;"Okres Myjava";1197;0;1197;"SK0223"
2021-05-15;"Okres Námestovo";2101;2;2103;"SK0317"
2021-05-15;"Okres Nitra";2946;2;2948;"SK0233"
2021-05-15;"Okres Nové Mesto nad Váhom";7166;7;7173;"SK0224"
2021-05-15;"Okres Nové Zámky";7477;18;7495;"SK0234"
2021-05-15;"Okres Partizánske";979;6;985;"SK0225"
2021-05-15;"Okres Pezinok";1061;6;1067;"SK0107"
2021-05-15;"Okres Piešťany";969;0;969;"SK0214"
2021-05-15;"Okres Poltár";185;0;185;"SK0327"
2021-05-15;"Okres Poprad";3074;2;3076;"SK0416"
2021-05-15;"Okres Považská Bystrica";974;1;975;"SK0226"
2021-05-15;"Okres Prešov";3497;11;3508;"SK0417"
2021-05-15;"Okres Prievidza";1966;2;1968;"SK0227"
2021-05-15;"Okres Púchov";1518;3;1521;"SK0228"
2021-05-15;"Okres Revúca";2376;1;2377;"SK0328"
2021-05-15;"Okres Rimavská Sobota";1297;6;1303;"SK0329"
2021-05-15;"Okres Rožňava";2627;3;2630;"SK0428"
2021-05-15;"Okres Ružomberok";2917;2;2919;"SK0318"
2021-05-15;"Okres Sabinov";1408;1;1409;"SK0418"
2021-05-15;"Okres Senec";3170;0;3170;"SK0108"
2021-05-15;"Okres Senica";1202;0;1202;"SK0215"
2021-05-15;"Okres Skalica";2175;10;2185;"SK0216"
2021-05-15;"Okres Snina";663;0;663;"SK0419"
2021-05-15;"Okres Sobrance";2078;5;2083;"SK0429"
2021-05-15;"Okres Spišská Nová Ves";2104;7;2111;"SK042A"
2021-05-15;"Okres Stará Ľubovňa";1799;14;1813;"SK041A"
2021-05-15;"Okres Stropkov";531;1;532;"SK041B"
2021-05-15;"Okres Svidník";903;1;904;"SK041C"
2021-05-15;"Okres Šaľa";1390;0;1390;"SK0235"
2021-05-15;"Okres Topoľčany";1305;1;1306;"SK0236"
2021-05-15;"Okres Trebišov";4371;2;4373;"SK042B"
2021-05-15;"Okres Trenčín";3256;5;3261;"SK0229"
2021-05-15;"Okres Trnava";2624;1;2625;"SK0217"
2021-05-15;"Okres Turčianske Teplice";225;0;225;"SK0319"
2021-05-15;"Okres Tvrdošín";1794;2;1796;"SK031A"
2021-05-15;"Okres Veľký Krtíš";2447;3;2450;"SK032A"
2021-05-15;"Okres Vranov nad Topľou";1088;6;1094;"SK041D"
2021-05-15;"Okres Zlaté Moravce";1000;1;1001;"SK0237"
2021-05-15;"Okres Zvolen";1513;5;1518;"SK032B"
2021-05-15;"Okres Žarnovica";173;0;173;"SK032C"
2021-05-15;"Okres Žiar nad Hronom";1697;1;1698;"SK032D"
2021-05-15;"Okres Žilina";1630;8;1638;"SK031B"
2021-05-16;"Okres Bánovce nad Bebravou";1068;3;1071;"SK0221"
2021-05-16;"Okres Banská Bystrica";1879;4;1883;"SK0321"
2021-05-16;"Okres Banská Štiavnica";150;1;151;"SK0322"
2021-05-16;"Okres Bardejov";2743;16;2759;"SK0411"
2021-05-16;"Okres Bratislava I";1612;2;1614;"SK0101"
2021-05-16;"Okres Bratislava II";4998;7;5005;"SK0102"
2021-05-16;"Okres Bratislava III";3399;7;3406;"SK0103"
2021-05-16;"Okres Bratislava IV";3215;0;3215;"SK0104"
2021-05-16;"Okres Bratislava V";5376;12;5388;"SK0105"
2021-05-16;"Okres Brezno";1286;2;1288;"SK0323"
2021-05-16;"Okres Bytča";332;2;334;"SK0311"
2021-05-16;"Okres Čadca";4482;3;4485;"SK0312"
2021-05-16;"Okres Detva";822;4;826;"SK0324"
2021-05-16;"Okres Dolný Kubín";644;1;645;"SK0313"
2021-05-16;"Okres Dunajská Streda";4190;1;4191;"SK0211"
2021-05-16;"Okres Galanta";759;1;760;"SK0212"
2021-05-16;"Okres Gelnica";229;1;230;"SK0421"
2021-05-16;"Okres Hlohovec";374;0;374;"SK0213"
2021-05-16;"Okres Humenné";1166;11;1177;"SK0412"
2021-05-16;"Okres Ilava";1052;0;1052;"SK0222"
2021-05-16;"Okres Kežmarok";2053;12;2065;"SK0413"
2021-05-16;"Okres Komárno";2465;2;2467;"SK0231"
2021-05-16;"Okres Košice - okolie";3172;1;3173;"SK0426"
2021-05-16;"Okres Košice I";1542;4;1546;"SK0422"
2021-05-16;"Okres Košice II";2464;2;2466;"SK0423"
2021-05-16;"Okres Košice III";406;0;406;"SK0424"
2021-05-16;"Okres Košice IV";2154;2;2156;"SK0425"
2021-05-16;"Okres Krupina";282;0;282;"SK0325"
2021-05-16;"Okres Kysucké Nové Mesto";1045;8;1053;"SK0314"
2021-05-16;"Okres Levice";1351;0;1351;"SK0232"
2021-05-16;"Okres Levoča";587;0;587;"SK0414"
2021-05-16;"Okres Liptovský Mikuláš";886;0;886;"SK0315"
2021-05-16;"Okres Lučenec";2357;6;2363;"SK0326"
2021-05-16;"Okres Malacky";664;2;666;"SK0106"
2021-05-16;"Okres Martin";1687;2;1689;"SK0316"
2021-05-16;"Okres Medzilaborce";254;3;257;"SK0415"
2021-05-16;"Okres Michalovce";2245;2;2247;"SK0427"
2021-05-16;"Okres Myjava";2038;10;2048;"SK0223"
2021-05-16;"Okres Nitra";3476;1;3477;"SK0233"
2021-05-16;"Okres Nové Mesto nad Váhom";1284;2;1286;"SK0224"
2021-05-16;"Okres Nové Zámky";3577;5;3582;"SK0234"
2021-05-16;"Okres Partizánske";924;0;924;"SK0225"
2021-05-16;"Okres Pezinok";788;4;792;"SK0107"
2021-05-16;"Okres Piešťany";740;3;743;"SK0214"
2021-05-16;"Okres Poltár";203;1;204;"SK0327"
2021-05-16;"Okres Poprad";1075;3;1078;"SK0416"
2021-05-16;"Okres Považská Bystrica";2943;5;2948;"SK0226"
2021-05-16;"Okres Prešov";3750;13;3763;"SK0417"
2021-05-16;"Okres Prievidza";2002;3;2005;"SK0227"
2021-05-16;"Okres Púchov";647;0;647;"SK0228"
2021-05-16;"Okres Revúca";1454;0;1454;"SK0328"
2021-05-16;"Okres Rimavská Sobota";1794;1;1795;"SK0329"
2021-05-16;"Okres Rožňava";1750;2;1752;"SK0428"
2021-05-16;"Okres Ružomberok";1122;7;1129;"SK0318"
2021-05-16;"Okres Sabinov";1264;0;1264;"SK0418"
2021-05-16;"Okres Senec";2626;4;2630;"SK0108"
2021-05-16;"Okres Senica";394;0;394;"SK0215"
2021-05-16;"Okres Skalica";1674;3;1677;"SK0216"
2021-05-16;"Okres Snina";883;0;883;"SK0419"
2021-05-16;"Okres Sobrance";418;2;420;"SK0429"
2021-05-16;"Okres Spišská Nová Ves";1920;5;1925;"SK042A"
2021-05-16;"Okres Stará Ľubovňa";932;3;935;"SK041A"
2021-05-16;"Okres Stropkov";363;1;364;"SK041B"
2021-05-16;"Okres Svidník";266;2;268;"SK041C"
2021-05-16;"Okres Šaľa";1368;1;1369;"SK0235"
2021-05-16;"Okres Topoľčany";983;5;988;"SK0236"
2021-05-16;"Okres Trebišov";2102;0;2102;"SK042B"
2021-05-16;"Okres Trenčín";2755;7;2762;"SK0229"
2021-05-16;"Okres Trnava";1754;1;1755;"SK0217"
2021-05-16;"Okres Turčianske Teplice";243;0;243;"SK0319"
2021-05-16;"Okres Tvrdošín";1224;3;1227;"SK031A"
2021-05-16;"Okres Veľký Krtíš";871;0;871;"SK032A"
2021-05-16;"Okres Vranov nad Topľou";796;3;799;"SK041D"
2021-05-16;"Okres Zlaté Moravce";610;1;611;"SK0237"
2021-05-16;"Okres Zvolen";1776;4;1780;"SK032B"
2021-05-16;"Okres Žarnovica";219;1;220;"SK032C"
2021-05-16;"Okres Žiar nad Hronom";837;0;837;"SK032D"
2021-05-16;"Okres Žilina";1969;11;1980;"SK031B"
2021-05-17;"Okres Bánovce nad Bebravou";352;0;352;"SK0221"
2021-05-17;"Okres Banská Bystrica";2004;6;2010;"SK0321"
2021-05-17;"Okres Banská Štiavnica";271;1;272;"SK0322"
2021-05-17;"Okres Bardejov";2175;14;2189;"SK0411"
2021-05-17;"Okres Bratislava I";1849;1;1850;"SK0101"
2021-05-17;"Okres Bratislava II";2807;7;2814;"SK0102"
2021-05-17;"Okres Bratislava III";2552;3;2555;"SK0103"
2021-05-17;"Okres Bratislava IV";2288;3;2291;"SK0104"
2021-05-17;"Okres Bratislava V";2218;9;2227;"SK0105"
2021-05-17;"Okres Brezno";626;2;628;"SK0323"
2021-05-17;"Okres Bytča";463;10;473;"SK0311"
2021-05-17;"Okres Čadca";2439;13;2452;"SK0312"
2021-05-17;"Okres Detva";535;7;542;"SK0324"
2021-05-17;"Okres Dolný Kubín";716;4;720;"SK0313"
2021-05-17;"Okres Dunajská Streda";1978;1;1979;"SK0211"
2021-05-17;"Okres Galanta";1038;7;1045;"SK0212"
2021-05-17;"Okres Gelnica";200;4;204;"SK0421"
2021-05-17;"Okres Hlohovec";193;0;193;"SK0213"
2021-05-17;"Okres Humenné";1098;6;1104;"SK0412"
2021-05-17;"Okres Ilava";563;1;564;"SK0222"
2021-05-17;"Okres Kežmarok";1132;3;1135;"SK0413"
2021-05-17;"Okres Komárno";1973;6;1979;"SK0231"
2021-05-17;"Okres Košice - okolie";359;0;359;"SK0426"
2021-05-17;"Okres Košice I";1462;5;1467;"SK0422"
2021-05-17;"Okres Košice II";1112;1;1113;"SK0423"
2021-05-17;"Okres Košice III";383;0;383;"SK0424"
2021-05-17;"Okres Košice IV";1945;1;1946;"SK0425"
2021-05-17;"Okres Krupina";1629;0;1629;"SK0325"
2021-05-17;"Okres Kysucké Nové Mesto";649;11;660;"SK0314"
2021-05-17;"Okres Levice";1699;7;1706;"SK0232"
2021-05-17;"Okres Levoča";422;3;425;"SK0414"
2021-05-17;"Okres Liptovský Mikuláš";1047;0;1047;"SK0315"
2021-05-17;"Okres Lučenec";1727;1;1728;"SK0326"
2021-05-17;"Okres Malacky";933;0;933;"SK0106"
2021-05-17;"Okres Martin";1941;2;1943;"SK0316"
2021-05-17;"Okres Medzilaborce";150;2;152;"SK0415"
2021-05-17;"Okres Michalovce";2067;6;2073;"SK0427"
2021-05-17;"Okres Myjava";344;5;349;"SK0223"
2021-05-17;"Okres Námestovo";736;10;746;"SK0317"
2021-05-17;"Okres Nitra";1650;2;1652;"SK0233"
2021-05-17;"Okres Nové Mesto nad Váhom";647;12;659;"SK0224"
2021-05-17;"Okres Nové Zámky";2804;4;2808;"SK0234"
2021-05-17;"Okres Partizánske";423;0;423;"SK0225"
2021-05-17;"Okres Pezinok";924;5;929;"SK0107"
2021-05-17;"Okres Piešťany";462;1;463;"SK0214"
2021-05-17;"Okres Poltár";89;0;89;"SK0327"
2021-05-17;"Okres Poprad";2110;5;2115;"SK0416"
2021-05-17;"Okres Považská Bystrica";1274;4;1278;"SK0226"
2021-05-17;"Okres Prešov";2336;6;2342;"SK0417"
2021-05-17;"Okres Prievidza";1311;2;1313;"SK0227"
2021-05-17;"Okres Púchov";295;0;295;"SK0228"
2021-05-17;"Okres Revúca";998;2;1000;"SK0328"
2021-05-17;"Okres Rimavská Sobota";2202;1;2203;"SK0329"
2021-05-17;"Okres Rožňava";1533;6;1539;"SK0428"
2021-05-17;"Okres Ružomberok";965;7;972;"SK0318"
2021-05-17;"Okres Sabinov";733;1;734;"SK0418"
2021-05-17;"Okres Senec";930;2;932;"SK0108"
2021-05-17;"Okres Senica";627;1;628;"SK0215"
2021-05-17;"Okres Skalica";660;12;672;"SK0216"
2021-05-17;"Okres Snina";676;2;678;"SK0419"
2021-05-17;"Okres Sobrance";541;2;543;"SK0429"
2021-05-17;"Okres Spišská Nová Ves";1778;8;1786;"SK042A"
2021-05-17;"Okres Stará Ľubovňa";644;6;650;"SK041A"
2021-05-17;"Okres Stropkov";311;0;311;"SK041B"
2021-05-17;"Okres Svidník";469;0;469;"SK041C"
2021-05-17;"Okres Šaľa";667;0;667;"SK0235"
2021-05-17;"Okres Topoľčany";648;2;650;"SK0236"
2021-05-17;"Okres Trebišov";1316;8;1324;"SK042B"
2021-05-17;"Okres Trenčín";1745;15;1760;"SK0229"
2021-05-17;"Okres Trnava";1027;1;1028;"SK0217"
2021-05-17;"Okres Turčianske Teplice";232;0;232;"SK0319"
2021-05-17;"Okres Tvrdošín";795;5;800;"SK031A"
2021-05-17;"Okres Veľký Krtíš";912;2;914;"SK032A"
2021-05-17;"Okres Vranov nad Topľou";776;1;777;"SK041D"
2021-05-17;"Okres Zlaté Moravce";353;1;354;"SK0237"
2021-05-17;"Okres Zvolen";1963;3;1966;"SK032B"
2021-05-17;"Okres Žarnovica";91;1;92;"SK032C"
2021-05-17;"Okres Žiar nad Hronom";1372;4;1376;"SK032D"
2021-05-17;"Okres Žilina";2062;19;2081;"SK031B"
2021-05-18;"Okres Bánovce nad Bebravou";1032;2;1034;"SK0221"
2021-05-18;"Okres Banská Bystrica";1455;5;1460;"SK0321"
2021-05-18;"Okres Banská Štiavnica";288;2;290;"SK0322"
2021-05-18;"Okres Bardejov";1574;10;1584;"SK0411"
2021-05-18;"Okres Bratislava I";1718;2;1720;"SK0101"
2021-05-18;"Okres Bratislava II";2661;3;2664;"SK0102"
2021-05-18;"Okres Bratislava III";2062;3;2065;"SK0103"
2021-05-18;"Okres Bratislava IV";1696;2;1698;"SK0104"
2021-05-18;"Okres Bratislava V";2294;9;2303;"SK0105"
2021-05-18;"Okres Brezno";613;3;616;"SK0323"
2021-05-18;"Okres Bytča";200;4;204;"SK0311"
2021-05-18;"Okres Čadca";2120;8;2128;"SK0312"
2021-05-18;"Okres Detva";526;2;528;"SK0324"
2021-05-18;"Okres Dolný Kubín";511;0;511;"SK0313"
2021-05-18;"Okres Dunajská Streda";1836;2;1838;"SK0211"
2021-05-18;"Okres Galanta";743;4;747;"SK0212"
2021-05-18;"Okres Gelnica";150;0;150;"SK0421"
2021-05-18;"Okres Hlohovec";160;0;160;"SK0213"
2021-05-18;"Okres Humenné";789;2;791;"SK0412"
2021-05-18;"Okres Ilava";807;1;808;"SK0222"
2021-05-18;"Okres Kežmarok";871;1;872;"SK0413"
2021-05-18;"Okres Komárno";1247;4;1251;"SK0231"
2021-05-18;"Okres Košice - okolie";255;0;255;"SK0426"
2021-05-18;"Okres Košice I";1122;0;1122;"SK0422"
2021-05-18;"Okres Košice II";868;2;870;"SK0423"
2021-05-18;"Okres Košice III";250;0;250;"SK0424"
2021-05-18;"Okres Košice IV";2466;14;2480;"SK0425"
2021-05-18;"Okres Krupina";220;0;220;"SK0325"
2021-05-18;"Okres Kysucké Nové Mesto";540;5;545;"SK0314"
2021-05-18;"Okres Levice";1354;3;1357;"SK0232"
2021-05-18;"Okres Levoča";399;0;399;"SK0414"
2021-05-18;"Okres Liptovský Mikuláš";982;0;982;"SK0315"
2021-05-18;"Okres Lučenec";1591;4;1595;"SK0326"
2021-05-18;"Okres Malacky";611;4;615;"SK0106"
2021-05-18;"Okres Martin";1568;1;1569;"SK0316"
2021-05-18;"Okres Medzilaborce";155;1;156;"SK0415"
2021-05-18;"Okres Michalovce";1919;5;1924;"SK0427"
2021-05-18;"Okres Myjava";200;1;201;"SK0223"
2021-05-18;"Okres Námestovo";348;3;351;"SK0317"
2021-05-18;"Okres Nitra";2174;1;2175;"SK0233"
2021-05-18;"Okres Nové Mesto nad Váhom";608;4;612;"SK0224"
2021-05-18;"Okres Nové Zámky";1785;9;1794;"SK0234"
2021-05-18;"Okres Partizánske";347;0;347;"SK0225"
2021-05-18;"Okres Pezinok";898;5;903;"SK0107"
2021-05-18;"Okres Piešťany";674;1;675;"SK0214"
2021-05-18;"Okres Poltár";8;0;8;"SK0327"
2021-05-18;"Okres Poprad";1594;3;1597;"SK0416"
2021-05-18;"Okres Považská Bystrica";1060;10;1070;"SK0226"
2021-05-18;"Okres Prešov";1604;2;1606;"SK0417"
2021-05-18;"Okres Prievidza";1061;1;1062;"SK0227"
2021-05-18;"Okres Púchov";248;0;248;"SK0228"
2021-05-18;"Okres Revúca";783;1;784;"SK0328"
2021-05-18;"Okres Rimavská Sobota";1288;1;1289;"SK0329"
2021-05-18;"Okres Rožňava";982;7;989;"SK0428"
2021-05-18;"Okres Ružomberok";1805;6;1811;"SK0318"
2021-05-18;"Okres Sabinov";533;2;535;"SK0418"
2021-05-18;"Okres Senec";1335;4;1339;"SK0108"
2021-05-18;"Okres Senica";532;2;534;"SK0215"
2021-05-18;"Okres Skalica";565;3;568;"SK0216"
2021-05-18;"Okres Snina";561;2;563;"SK0419"
2021-05-18;"Okres Sobrance";270;1;271;"SK0429"
2021-05-18;"Okres Spišská Nová Ves";1271;7;1278;"SK042A"
2021-05-18;"Okres Stará Ľubovňa";420;3;423;"SK041A"
2021-05-18;"Okres Stropkov";245;1;246;"SK041B"
2021-05-18;"Okres Svidník";260;0;260;"SK041C"
2021-05-18;"Okres Šaľa";479;0;479;"SK0235"
2021-05-18;"Okres Topoľčany";535;3;538;"SK0236"
2021-05-18;"Okres Trebišov";717;0;717;"SK042B"
2021-05-18;"Okres Trenčín";2482;7;2489;"SK0229"
2021-05-18;"Okres Trnava";1176;3;1179;"SK0217"
2021-05-18;"Okres Turčianske Teplice";190;1;191;"SK0319"
2021-05-18;"Okres Tvrdošín";544;4;548;"SK031A"
2021-05-18;"Okres Veľký Krtíš";672;1;673;"SK032A"
2021-05-18;"Okres Vranov nad Topľou";812;5;817;"SK041D"
2021-05-18;"Okres Zlaté Moravce";383;0;383;"SK0237"
2021-05-18;"Okres Zvolen";1531;4;1535;"SK032B"
2021-05-18;"Okres Žarnovica";134;0;134;"SK032C"
2021-05-18;"Okres Žiar nad Hronom";590;3;593;"SK032D"
2021-05-18;"Okres Žilina";1557;11;1568;"SK031B"
2021-05-19;"Okres Bánovce nad Bebravou";343;2;345;"SK0221"
2021-05-19;"Okres Banská Bystrica";1569;3;1572;"SK0321"
2021-05-19;"Okres Banská Štiavnica";143;3;146;"SK0322"
2021-05-19;"Okres Bardejov";1694;10;1704;"SK0411"
2021-05-19;"Okres Bratislava I";1673;2;1675;"SK0101"
2021-05-19;"Okres Bratislava II";2481;4;2485;"SK0102"
2021-05-19;"Okres Bratislava III";1997;6;2003;"SK0103"
2021-05-19;"Okres Bratislava IV";1626;1;1627;"SK0104"
2021-05-19;"Okres Bratislava V";2021;9;2030;"SK0105"
2021-05-19;"Okres Brezno";438;0;438;"SK0323"
2021-05-19;"Okres Bytča";260;3;263;"SK0311"
2021-05-19;"Okres Čadca";1951;4;1955;"SK0312"
2021-05-19;"Okres Detva";386;1;387;"SK0324"
2021-05-19;"Okres Dolný Kubín";491;0;491;"SK0313"
2021-05-19;"Okres Dunajská Streda";1350;2;1352;"SK0211"
2021-05-19;"Okres Galanta";787;1;788;"SK0212"
2021-05-19;"Okres Gelnica";141;0;141;"SK0421"
2021-05-19;"Okres Hlohovec";166;0;166;"SK0213"
2021-05-19;"Okres Humenné";737;2;739;"SK0412"
2021-05-19;"Okres Ilava";415;2;417;"SK0222"
2021-05-19;"Okres Kežmarok";526;2;528;"SK0413"
2021-05-19;"Okres Komárno";1344;5;1349;"SK0231"
2021-05-19;"Okres Košice - okolie";261;0;261;"SK0426"
2021-05-19;"Okres Košice I";1145;0;1145;"SK0422"
2021-05-19;"Okres Košice II";855;3;858;"SK0423"
2021-05-19;"Okres Košice III";342;1;343;"SK0424"
2021-05-19;"Okres Košice IV";1663;3;1666;"SK0425"
2021-05-19;"Okres Krupina";175;0;175;"SK0325"
2021-05-19;"Okres Kysucké Nové Mesto";413;5;418;"SK0314"
2021-05-19;"Okres Levice";1124;0;1124;"SK0232"
2021-05-19;"Okres Levoča";448;0;448;"SK0414"
2021-05-19;"Okres Liptovský Mikuláš";745;1;746;"SK0315"
2021-05-19;"Okres Lučenec";1591;3;1594;"SK0326"
2021-05-19;"Okres Malacky";723;0;723;"SK0106"
2021-05-19;"Okres Martin";824;0;824;"SK0316"
2021-05-19;"Okres Medzilaborce";93;0;93;"SK0415"
2021-05-19;"Okres Michalovce";1611;1;1612;"SK0427"
2021-05-19;"Okres Myjava";198;4;202;"SK0223"
2021-05-19;"Okres Námestovo";487;5;492;"SK0317"
2021-05-19;"Okres Nitra";1650;1;1651;"SK0233"
2021-05-19;"Okres Nové Mesto nad Váhom";432;10;442;"SK0224"
2021-05-19;"Okres Nové Zámky";1557;7;1564;"SK0234"
2021-05-19;"Okres Partizánske";393;0;393;"SK0225"
2021-05-19;"Okres Pezinok";854;2;856;"SK0107"
2021-05-19;"Okres Piešťany";716;2;718;"SK0214"
2021-05-19;"Okres Poltár";63;0;63;"SK0327"
2021-05-19;"Okres Poprad";1894;2;1896;"SK0416"
2021-05-19;"Okres Považská Bystrica";716;4;720;"SK0226"
2021-05-19;"Okres Prešov";2535;3;2538;"SK0417"
2021-05-19;"Okres Prievidza";1036;8;1044;"SK0227"
2021-05-19;"Okres Púchov";165;0;165;"SK0228"
2021-05-19;"Okres Revúca";670;0;670;"SK0328"
2021-05-19;"Okres Rimavská Sobota";1210;5;1215;"SK0329"
2021-05-19;"Okres Rožňava";889;4;893;"SK0428"
2021-05-19;"Okres Ružomberok";494;2;496;"SK0318"
2021-05-19;"Okres Sabinov";931;1;932;"SK0418"
2021-05-19;"Okres Senec";798;1;799;"SK0108"
2021-05-19;"Okres Senica";336;0;336;"SK0215"
2021-05-19;"Okres Skalica";882;5;887;"SK0216"
2021-05-19;"Okres Snina";504;2;506;"SK0419"
2021-05-19;"Okres Sobrance";313;3;316;"SK0429"
2021-05-19;"Okres Spišská Nová Ves";2970;5;2975;"SK042A"
2021-05-19;"Okres Stará Ľubovňa";471;5;476;"SK041A"
2021-05-19;"Okres Stropkov";245;1;246;"SK041B"
2021-05-19;"Okres Svidník";303;1;304;"SK041C"
2021-05-19;"Okres Šaľa";364;0;364;"SK0235"
2021-05-19;"Okres Topoľčany";469;1;470;"SK0236"
2021-05-19;"Okres Trebišov";963;0;963;"SK042B"
2021-05-19;"Okres Trenčín";1425;4;1429;"SK0229"
2021-05-19;"Okres Trnava";922;2;924;"SK0217"
2021-05-19;"Okres Turčianske Teplice";159;0;159;"SK0319"
2021-05-19;"Okres Tvrdošín";459;0;459;"SK031A"
2021-05-19;"Okres Veľký Krtíš";525;0;525;"SK032A"
2021-05-19;"Okres Vranov nad Topľou";592;6;598;"SK041D"
2021-05-19;"Okres Zlaté Moravce";314;0;314;"SK0237"
2021-05-19;"Okres Zvolen";1319;3;1322;"SK032B"
2021-05-19;"Okres Žarnovica";121;1;122;"SK032C"
2021-05-19;"Okres Žiar nad Hronom";525;0;525;"SK032D"
2021-05-19;"Okres Žilina";1727;20;1747;"SK031B"
2021-05-20;"Okres Bánovce nad Bebravou";405;3;408;"SK0221"
2021-05-20;"Okres Banská Bystrica";1431;4;1435;"SK0321"
2021-05-20;"Okres Banská Štiavnica";138;6;144;"SK0322"
2021-05-20;"Okres Bardejov";1554;5;1559;"SK0411"
2021-05-20;"Okres Bratislava I";1794;0;1794;"SK0101"
2021-05-20;"Okres Bratislava II";3370;1;3371;"SK0102"
2021-05-20;"Okres Bratislava III";2246;2;2248;"SK0103"
2021-05-20;"Okres Bratislava IV";2102;3;2105;"SK0104"
2021-05-20;"Okres Bratislava V";2299;4;2303;"SK0105"
2021-05-20;"Okres Brezno";500;1;501;"SK0323"
2021-05-20;"Okres Bytča";232;1;233;"SK0311"
2021-05-20;"Okres Čadca";1841;3;1844;"SK0312"
2021-05-20;"Okres Detva";377;0;377;"SK0324"
2021-05-20;"Okres Dolný Kubín";691;1;692;"SK0313"
2021-05-20;"Okres Dunajská Streda";1184;0;1184;"SK0211"
2021-05-20;"Okres Galanta";758;1;759;"SK0212"
2021-05-20;"Okres Gelnica";1;0;1;"SK0421"
2021-05-20;"Okres Hlohovec";251;0;251;"SK0213"
2021-05-20;"Okres Humenné";797;11;808;"SK0412"
2021-05-20;"Okres Ilava";443;1;444;"SK0222"
2021-05-20;"Okres Kežmarok";431;0;431;"SK0413"
2021-05-20;"Okres Komárno";1255;0;1255;"SK0231"
2021-05-20;"Okres Košice - okolie";230;0;230;"SK0426"
2021-05-20;"Okres Košice I";1207;1;1208;"SK0422"
2021-05-20;"Okres Košice II";857;2;859;"SK0423"
2021-05-20;"Okres Košice III";262;1;263;"SK0424"
2021-05-20;"Okres Košice IV";1837;9;1846;"SK0425"
2021-05-20;"Okres Krupina";160;2;162;"SK0325"
2021-05-20;"Okres Kysucké Nové Mesto";565;1;566;"SK0314"
2021-05-20;"Okres Levice";959;0;959;"SK0232"
2021-05-20;"Okres Levoča";400;0;400;"SK0414"
2021-05-20;"Okres Liptovský Mikuláš";762;1;763;"SK0315"
2021-05-20;"Okres Lučenec";1615;3;1618;"SK0326"
2021-05-20;"Okres Malacky";710;1;711;"SK0106"
2021-05-20;"Okres Martin";918;0;918;"SK0316"
2021-05-20;"Okres Medzilaborce";119;2;121;"SK0415"
2021-05-20;"Okres Michalovce";1411;2;1413;"SK0427"
2021-05-20;"Okres Myjava";240;0;240;"SK0223"
2021-05-20;"Okres Námestovo";431;4;435;"SK0317"
2021-05-20;"Okres Nitra";1971;5;1976;"SK0233"
2021-05-20;"Okres Nové Mesto nad Váhom";552;5;557;"SK0224"
2021-05-20;"Okres Nové Zámky";1682;2;1684;"SK0234"
2021-05-20;"Okres Partizánske";684;2;686;"SK0225"
2021-05-20;"Okres Pezinok";825;2;827;"SK0107"
2021-05-20;"Okres Piešťany";1374;0;1374;"SK0214"
2021-05-20;"Okres Poprad";1838;3;1841;"SK0416"
2021-05-20;"Okres Považská Bystrica";754;2;756;"SK0226"
2021-05-20;"Okres Prešov";1872;3;1875;"SK0417"
2021-05-20;"Okres Prievidza";1025;0;1025;"SK0227"
2021-05-20;"Okres Púchov";159;1;160;"SK0228"
2021-05-20;"Okres Revúca";532;1;533;"SK0328"
2021-05-20;"Okres Rimavská Sobota";1149;3;1152;"SK0329"
2021-05-20;"Okres Rožňava";872;8;880;"SK0428"
2021-05-20;"Okres Ružomberok";571;6;577;"SK0318"
2021-05-20;"Okres Sabinov";576;0;576;"SK0418"
2021-05-20;"Okres Senec";1224;4;1228;"SK0108"
2021-05-20;"Okres Senica";248;0;248;"SK0215"
2021-05-20;"Okres Skalica";553;6;559;"SK0216"
2021-05-20;"Okres Snina";500;0;500;"SK0419"
2021-05-20;"Okres Sobrance";258;2;260;"SK0429"
2021-05-20;"Okres Spišská Nová Ves";2236;3;2239;"SK042A"
2021-05-20;"Okres Stará Ľubovňa";355;4;359;"SK041A"
2021-05-20;"Okres Stropkov";191;0;191;"SK041B"
2021-05-20;"Okres Svidník";341;3;344;"SK041C"
2021-05-20;"Okres Šaľa";434;0;434;"SK0235"
2021-05-20;"Okres Topoľčany";541;0;541;"SK0236"
2021-05-20;"Okres Trebišov";704;0;704;"SK042B"
2021-05-20;"Okres Trenčín";1491;9;1500;"SK0229"
2021-05-20;"Okres Trnava";855;2;857;"SK0217"
2021-05-20;"Okres Turčianske Teplice";177;0;177;"SK0319"
2021-05-20;"Okres Tvrdošín";733;3;736;"SK031A"
2021-05-20;"Okres Veľký Krtíš";776;1;777;"SK032A"
2021-05-20;"Okres Vranov nad Topľou";830;4;834;"SK041D"
2021-05-20;"Okres Zlaté Moravce";380;0;380;"SK0237"
2021-05-20;"Okres Zvolen";1345;2;1347;"SK032B"
2021-05-20;"Okres Žarnovica";87;0;87;"SK032C"
2021-05-20;"Okres Žiar nad Hronom";625;2;627;"SK032D"
2021-05-20;"Okres Žilina";1638;10;1648;"SK031B"
2021-05-21;"Okres Bánovce nad Bebravou";1085;2;1087;"SK0221"
2021-05-21;"Okres Banská Bystrica";2202;3;2205;"SK0321"
2021-05-21;"Okres Banská Štiavnica";219;3;222;"SK0322"
2021-05-21;"Okres Bardejov";2474;5;2479;"SK0411"
2021-05-21;"Okres Bratislava I";2202;2;2204;"SK0101"
2021-05-21;"Okres Bratislava II";4289;2;4291;"SK0102"
2021-05-21;"Okres Bratislava III";3139;6;3145;"SK0103"
2021-05-21;"Okres Bratislava IV";3038;1;3039;"SK0104"
2021-05-21;"Okres Bratislava V";2897;6;2903;"SK0105"
2021-05-21;"Okres Brezno";664;0;664;"SK0323"
2021-05-21;"Okres Bytča";290;3;293;"SK0311"
2021-05-21;"Okres Čadca";2632;6;2638;"SK0312"
2021-05-21;"Okres Detva";527;1;528;"SK0324"
2021-05-21;"Okres Dolný Kubín";966;1;967;"SK0313"
2021-05-21;"Okres Dunajská Streda";2331;0;2331;"SK0211"
2021-05-21;"Okres Galanta";1064;7;1071;"SK0212"
2021-05-21;"Okres Gelnica";299;0;299;"SK0421"
2021-05-21;"Okres Hlohovec";246;2;248;"SK0213"
2021-05-21;"Okres Humenné";902;2;904;"SK0412"
2021-05-21;"Okres Ilava";684;3;687;"SK0222"
2021-05-21;"Okres Kežmarok";680;1;681;"SK0413"
2021-05-21;"Okres Komárno";1761;6;1767;"SK0231"
2021-05-21;"Okres Košice - okolie";685;0;685;"SK0426"
2021-05-21;"Okres Košice I";1872;6;1878;"SK0422"
2021-05-21;"Okres Košice II";1908;3;1911;"SK0423"
2021-05-21;"Okres Košice III";506;0;506;"SK0424"
2021-05-21;"Okres Košice IV";2277;2;2279;"SK0425"
2021-05-21;"Okres Krupina";240;0;240;"SK0325"
2021-05-21;"Okres Kysucké Nové Mesto";678;7;685;"SK0314"
2021-05-21;"Okres Levice";1157;1;1158;"SK0232"
2021-05-21;"Okres Levoča";566;1;567;"SK0414"
2021-05-21;"Okres Liptovský Mikuláš";1075;0;1075;"SK0315"
2021-05-21;"Okres Lučenec";1817;1;1818;"SK0326"
2021-05-21;"Okres Malacky";1217;5;1222;"SK0106"
2021-05-21;"Okres Martin";1741;2;1743;"SK0316"
2021-05-21;"Okres Medzilaborce";136;0;136;"SK0415"
2021-05-21;"Okres Michalovce";1855;4;1859;"SK0427"
2021-05-21;"Okres Myjava";1271;1;1272;"SK0223"
2021-05-21;"Okres Námestovo";1313;8;1321;"SK0317"
2021-05-21;"Okres Nitra";3016;3;3019;"SK0233"
2021-05-21;"Okres Nové Mesto nad Váhom";906;7;913;"SK0224"
2021-05-21;"Okres Nové Zámky";2734;3;2737;"SK0234"
2021-05-21;"Okres Partizánske";1240;3;1243;"SK0225"
2021-05-21;"Okres Pezinok";1268;1;1269;"SK0107"
2021-05-21;"Okres Piešťany";1149;1;1150;"SK0214"
2021-05-21;"Okres Poltár";57;0;57;"SK0327"
2021-05-21;"Okres Poprad";2440;4;2444;"SK0416"
2021-05-21;"Okres Považská Bystrica";1484;3;1487;"SK0226"
2021-05-21;"Okres Prešov";3220;5;3225;"SK0417"
2021-05-21;"Okres Prievidza";1773;0;1773;"SK0227"
2021-05-21;"Okres Púchov";204;0;204;"SK0228"
2021-05-21;"Okres Revúca";958;3;961;"SK0328"
2021-05-21;"Okres Rimavská Sobota";1602;5;1607;"SK0329"
2021-05-21;"Okres Rožňava";1127;4;1131;"SK0428"
2021-05-21;"Okres Ružomberok";1320;2;1322;"SK0318"
2021-05-21;"Okres Sabinov";888;0;888;"SK0418"
2021-05-21;"Okres Senec";1557;0;1557;"SK0108"
2021-05-21;"Okres Senica";550;2;552;"SK0215"
2021-05-21;"Okres Skalica";1010;7;1017;"SK0216"
2021-05-21;"Okres Snina";554;2;556;"SK0419"
2021-05-21;"Okres Sobrance";852;2;854;"SK0429"
2021-05-21;"Okres Spišská Nová Ves";2270;5;2275;"SK042A"
2021-05-21;"Okres Stará Ľubovňa";538;1;539;"SK041A"
2021-05-21;"Okres Stropkov";257;0;257;"SK041B"
2021-05-21;"Okres Svidník";587;1;588;"SK041C"
2021-05-21;"Okres Šaľa";784;0;784;"SK0235"
2021-05-21;"Okres Topoľčany";675;2;677;"SK0236"
2021-05-21;"Okres Trebišov";1247;2;1249;"SK042B"
2021-05-21;"Okres Trenčín";2197;6;2203;"SK0229"
2021-05-21;"Okres Trnava";1729;0;1729;"SK0217"
2021-05-21;"Okres Turčianske Teplice";178;0;178;"SK0319"
2021-05-21;"Okres Tvrdošín";2141;5;2146;"SK031A"
2021-05-21;"Okres Veľký Krtíš";761;0;761;"SK032A"
2021-05-21;"Okres Vranov nad Topľou";698;2;700;"SK041D"
2021-05-21;"Okres Zlaté Moravce";543;0;543;"SK0237"
2021-05-21;"Okres Zvolen";1897;1;1898;"SK032B"
2021-05-21;"Okres Žarnovica";262;0;262;"SK032C"
2021-05-21;"Okres Žiar nad Hronom";1217;4;1221;"SK032D"
2021-05-21;"Okres Žilina";2629;14;2643;"SK031B"
2021-05-22;"Okres Bánovce nad Bebravou";846;0;846;"SK0221"
2021-05-22;"Okres Banská Bystrica";1236;9;1245;"SK0321"
2021-05-22;"Okres Banská Štiavnica";176;0;176;"SK0322"
2021-05-22;"Okres Bardejov";2216;8;2224;"SK0411"
2021-05-22;"Okres Bratislava I";1135;1;1136;"SK0101"
2021-05-22;"Okres Bratislava II";2849;4;2853;"SK0102"
2021-05-22;"Okres Bratislava III";2030;4;2034;"SK0103"
2021-05-22;"Okres Bratislava IV";2002;0;2002;"SK0104"
2021-05-22;"Okres Bratislava V";2395;7;2402;"SK0105"
2021-05-22;"Okres Brezno";422;0;422;"SK0323"
2021-05-22;"Okres Bytča";315;4;319;"SK0311"
2021-05-22;"Okres Čadca";2110;5;2115;"SK0312"
2021-05-22;"Okres Detva";483;2;485;"SK0324"
2021-05-22;"Okres Dolný Kubín";925;1;926;"SK0313"
2021-05-22;"Okres Dunajská Streda";5911;2;5913;"SK0211"
2021-05-22;"Okres Galanta";2257;2;2259;"SK0212"
2021-05-22;"Okres Gelnica";287;2;289;"SK0421"
2021-05-22;"Okres Hlohovec";373;1;374;"SK0213"
2021-05-22;"Okres Humenné";1396;3;1399;"SK0412"
2021-05-22;"Okres Ilava";907;2;909;"SK0222"
2021-05-22;"Okres Kežmarok";792;6;798;"SK0413"
2021-05-22;"Okres Komárno";4142;2;4144;"SK0231"
2021-05-22;"Okres Košice - okolie";761;1;762;"SK0426"
2021-05-22;"Okres Košice I";1204;4;1208;"SK0422"
2021-05-22;"Okres Košice II";1337;5;1342;"SK0423"
2021-05-22;"Okres Košice III";247;0;247;"SK0424"
2021-05-22;"Okres Košice IV";1435;1;1436;"SK0425"
2021-05-22;"Okres Krupina";171;0;171;"SK0325"
2021-05-22;"Okres Kysucké Nové Mesto";577;3;580;"SK0314"
2021-05-22;"Okres Levice";2537;3;2540;"SK0232"
2021-05-22;"Okres Levoča";771;3;774;"SK0414"
2021-05-22;"Okres Liptovský Mikuláš";737;1;738;"SK0315"
2021-05-22;"Okres Lučenec";1182;2;1184;"SK0326"
2021-05-22;"Okres Malacky";945;3;948;"SK0106"
2021-05-22;"Okres Martin";1369;0;1369;"SK0316"
2021-05-22;"Okres Medzilaborce";85;0;85;"SK0415"
2021-05-22;"Okres Michalovce";1882;2;1884;"SK0427"
2021-05-22;"Okres Myjava";1158;1;1159;"SK0223"
2021-05-22;"Okres Námestovo";1882;7;1889;"SK0317"
2021-05-22;"Okres Nitra";2077;0;2077;"SK0233"
2021-05-22;"Okres Nové Mesto nad Váhom";823;4;827;"SK0224"
2021-05-22;"Okres Nové Zámky";6006;5;6011;"SK0234"
2021-05-22;"Okres Partizánske";748;0;748;"SK0225"
2021-05-22;"Okres Pezinok";863;1;864;"SK0107"
2021-05-22;"Okres Piešťany";731;0;731;"SK0214"
2021-05-22;"Okres Poltár";114;0;114;"SK0327"
2021-05-22;"Okres Poprad";3573;11;3584;"SK0416"
2021-05-22;"Okres Považská Bystrica";611;1;612;"SK0226"
2021-05-22;"Okres Prešov";2026;3;2029;"SK0417"
2021-05-22;"Okres Prievidza";1376;1;1377;"SK0227"
2021-05-22;"Okres Púchov";390;2;392;"SK0228"
2021-05-22;"Okres Revúca";634;0;634;"SK0328"
2021-05-22;"Okres Rimavská Sobota";974;3;977;"SK0329"
2021-05-22;"Okres Rožňava";1022;2;1024;"SK0428"
2021-05-22;"Okres Ružomberok";601;3;604;"SK0318"
2021-05-22;"Okres Sabinov";840;2;842;"SK0418"
2021-05-22;"Okres Senec";1685;3;1688;"SK0108"
2021-05-22;"Okres Senica";772;2;774;"SK0215"
2021-05-22;"Okres Skalica";1301;5;1306;"SK0216"
2021-05-22;"Okres Snina";781;1;782;"SK0419"
2021-05-22;"Okres Sobrance";1558;0;1558;"SK0429"
2021-05-22;"Okres Spišská Nová Ves";1559;1;1560;"SK042A"
2021-05-22;"Okres Stará Ľubovňa";514;7;521;"SK041A"
2021-05-22;"Okres Stropkov";382;0;382;"SK041B"
2021-05-22;"Okres Svidník";748;0;748;"SK041C"
2021-05-22;"Okres Šaľa";1252;0;1252;"SK0235"
2021-05-22;"Okres Topoľčany";530;1;531;"SK0236"
2021-05-22;"Okres Trebišov";1217;0;1217;"SK042B"
2021-05-22;"Okres Trenčín";3485;1;3486;"SK0229"
2021-05-22;"Okres Trnava";1422;6;1428;"SK0217"
2021-05-22;"Okres Turčianske Teplice";199;0;199;"SK0319"
2021-05-22;"Okres Tvrdošín";1201;0;1201;"SK031A"
2021-05-22;"Okres Veľký Krtíš";1845;3;1848;"SK032A"
2021-05-22;"Okres Vranov nad Topľou";474;2;476;"SK041D"
2021-05-22;"Okres Zlaté Moravce";435;0;435;"SK0237"
2021-05-22;"Okres Zvolen";1396;1;1397;"SK032B"
2021-05-22;"Okres Žarnovica";220;3;223;"SK032C"
2021-05-22;"Okres Žiar nad Hronom";759;5;764;"SK032D"
2021-05-22;"Okres Žilina";1134;4;1138;"SK031B"
2021-05-23;"Okres Bánovce nad Bebravou";728;1;729;"SK0221"
2021-05-23;"Okres Banská Bystrica";1427;3;1430;"SK0321"
2021-05-23;"Okres Banská Štiavnica";113;3;116;"SK0322"
2021-05-23;"Okres Bardejov";1576;2;1578;"SK0411"
2021-05-23;"Okres Bratislava I";837;0;837;"SK0101"
2021-05-23;"Okres Bratislava II";2976;2;2978;"SK0102"
2021-05-23;"Okres Bratislava III";2182;2;2184;"SK0103"
2021-05-23;"Okres Bratislava IV";1964;3;1967;"SK0104"
2021-05-23;"Okres Bratislava V";2306;7;2313;"SK0105"
2021-05-23;"Okres Brezno";581;0;581;"SK0323"
2021-05-23;"Okres Bytča";314;2;316;"SK0311"
2021-05-23;"Okres Čadca";3589;15;3604;"SK0312"
2021-05-23;"Okres Detva";498;2;500;"SK0324"
2021-05-23;"Okres Dolný Kubín";457;0;457;"SK0313"
2021-05-23;"Okres Dunajská Streda";2855;3;2858;"SK0211"
2021-05-23;"Okres Galanta";736;3;739;"SK0212"
2021-05-23;"Okres Gelnica";206;1;207;"SK0421"
2021-05-23;"Okres Hlohovec";290;0;290;"SK0213"
2021-05-23;"Okres Humenné";1103;2;1105;"SK0412"
2021-05-23;"Okres Ilava";851;3;854;"SK0222"
2021-05-23;"Okres Kežmarok";1001;2;1003;"SK0413"
2021-05-23;"Okres Komárno";1866;5;1871;"SK0231"
2021-05-23;"Okres Košice - okolie";379;0;379;"SK0426"
2021-05-23;"Okres Košice I";1510;0;1510;"SK0422"
2021-05-23;"Okres Košice II";1407;2;1409;"SK0423"
2021-05-23;"Okres Košice III";285;0;285;"SK0424"
2021-05-23;"Okres Košice IV";1781;1;1782;"SK0425"
2021-05-23;"Okres Krupina";299;0;299;"SK0325"
2021-05-23;"Okres Kysucké Nové Mesto";725;7;732;"SK0314"
2021-05-23;"Okres Levice";935;5;940;"SK0232"
2021-05-23;"Okres Levoča";322;1;323;"SK0414"
2021-05-23;"Okres Liptovský Mikuláš";671;0;671;"SK0315"
2021-05-23;"Okres Lučenec";1745;1;1746;"SK0326"
2021-05-23;"Okres Malacky";446;1;447;"SK0106"
2021-05-23;"Okres Martin";1740;2;1742;"SK0316"
2021-05-23;"Okres Medzilaborce";162;0;162;"SK0415"
2021-05-23;"Okres Michalovce";2072;0;2072;"SK0427"
2021-05-23;"Okres Myjava";1342;7;1349;"SK0223"
2021-05-23;"Okres Nitra";2494;1;2495;"SK0233"
2021-05-23;"Okres Nové Zámky";2440;2;2442;"SK0234"
2021-05-23;"Okres Partizánske";516;0;516;"SK0225"
2021-05-23;"Okres Pezinok";668;4;672;"SK0107"
2021-05-23;"Okres Piešťany";391;0;391;"SK0214"
2021-05-23;"Okres Poltár";171;2;173;"SK0327"
2021-05-23;"Okres Poprad";1068;8;1076;"SK0416"
2021-05-23;"Okres Považská Bystrica";1484;9;1493;"SK0226"
2021-05-23;"Okres Prešov";2838;1;2839;"SK0417"
2021-05-23;"Okres Prievidza";1302;0;1302;"SK0227"
2021-05-23;"Okres Púchov";262;1;263;"SK0228"
2021-05-23;"Okres Revúca";873;2;875;"SK0328"
2021-05-23;"Okres Rimavská Sobota";1302;5;1307;"SK0329"
2021-05-23;"Okres Rožňava";557;5;562;"SK0428"
2021-05-23;"Okres Ružomberok";663;10;673;"SK0318"
2021-05-23;"Okres Sabinov";1267;3;1270;"SK0418"
2021-05-23;"Okres Senec";1757;5;1762;"SK0108"
2021-05-23;"Okres Senica";532;0;532;"SK0215"
2021-05-23;"Okres Skalica";1851;2;1853;"SK0216"
2021-05-23;"Okres Snina";774;1;775;"SK0419"
2021-05-23;"Okres Sobrance";383;0;383;"SK0429"
2021-05-23;"Okres Spišská Nová Ves";1775;6;1781;"SK042A"
2021-05-23;"Okres Stará Ľubovňa";545;0;545;"SK041A"
2021-05-23;"Okres Stropkov";500;0;500;"SK041B"
2021-05-23;"Okres Šaľa";583;0;583;"SK0235"
2021-05-23;"Okres Topoľčany";591;0;591;"SK0236"
2021-05-23;"Okres Trebišov";1791;0;1791;"SK042B"
2021-05-23;"Okres Trenčín";2087;3;2090;"SK0229"
2021-05-23;"Okres Trnava";1112;0;1112;"SK0217"
2021-05-23;"Okres Turčianske Teplice";251;0;251;"SK0319"
2021-05-23;"Okres Tvrdošín";835;4;839;"SK031A"
2021-05-23;"Okres Veľký Krtíš";654;4;658;"SK032A"
2021-05-23;"Okres Vranov nad Topľou";711;0;711;"SK041D"
2021-05-23;"Okres Zlaté Moravce";607;0;607;"SK0237"
2021-05-23;"Okres Zvolen";1314;1;1315;"SK032B"
2021-05-23;"Okres Žarnovica";1;0;1;"SK032C"
2021-05-23;"Okres Žiar nad Hronom";762;4;766;"SK032D"
2021-05-23;"Okres Žilina";1347;12;1359;"SK031B"
2021-05-24;"Okres Bánovce nad Bebravou";274;2;276;"SK0221"
2021-05-24;"Okres Banská Bystrica";1663;9;1672;"SK0321"
2021-05-24;"Okres Banská Štiavnica";415;5;420;"SK0322"
2021-05-24;"Okres Bardejov";2608;20;2628;"SK0411"
2021-05-24;"Okres Bratislava I";1829;0;1829;"SK0101"
2021-05-24;"Okres Bratislava II";2427;4;2431;"SK0102"
2021-05-24;"Okres Bratislava III";1948;0;1948;"SK0103"
2021-05-24;"Okres Bratislava IV";1835;0;1835;"SK0104"
2021-05-24;"Okres Bratislava V";2308;15;2323;"SK0105"
2021-05-24;"Okres Brezno";675;1;676;"SK0323"
2021-05-24;"Okres Bytča";486;3;489;"SK0311"
2021-05-24;"Okres Čadca";2458;6;2464;"SK0312"
2021-05-24;"Okres Detva";628;1;629;"SK0324"
2021-05-24;"Okres Dolný Kubín";825;0;825;"SK0313"
2021-05-24;"Okres Dunajská Streda";1989;4;1993;"SK0211"
2021-05-24;"Okres Galanta";949;0;949;"SK0212"
2021-05-24;"Okres Gelnica";198;3;201;"SK0421"
2021-05-24;"Okres Hlohovec";310;1;311;"SK0213"
2021-05-24;"Okres Humenné";822;3;825;"SK0412"
2021-05-24;"Okres Ilava";1059;6;1065;"SK0222"
2021-05-24;"Okres Kežmarok";1056;1;1057;"SK0413"
2021-05-24;"Okres Komárno";2145;2;2147;"SK0231"
2021-05-24;"Okres Košice - okolie";399;2;401;"SK0426"
2021-05-24;"Okres Košice I";1321;1;1322;"SK0422"
2021-05-24;"Okres Košice II";832;0;832;"SK0423"
2021-05-24;"Okres Košice III";270;0;270;"SK0424"
2021-05-24;"Okres Košice IV";1799;8;1807;"SK0425"
2021-05-24;"Okres Krupina";249;0;249;"SK0325"
2021-05-24;"Okres Kysucké Nové Mesto";713;12;725;"SK0314"
2021-05-24;"Okres Levice";1874;1;1875;"SK0232"
2021-05-24;"Okres Levoča";437;2;439;"SK0414"
2021-05-24;"Okres Liptovský Mikuláš";1086;6;1092;"SK0315"
2021-05-24;"Okres Lučenec";2419;1;2420;"SK0326"
2021-05-24;"Okres Malacky";955;2;957;"SK0106"
2021-05-24;"Okres Martin";1569;1;1570;"SK0316"
2021-05-24;"Okres Medzilaborce";163;0;163;"SK0415"
2021-05-24;"Okres Michalovce";1658;4;1662;"SK0427"
2021-05-24;"Okres Myjava";361;1;362;"SK0223"
2021-05-24;"Okres Námestovo";713;3;716;"SK0317"
2021-05-24;"Okres Nitra";2066;1;2067;"SK0233"
2021-05-24;"Okres Nové Mesto nad Váhom";971;10;981;"SK0224"
2021-05-24;"Okres Nové Zámky";2006;10;2016;"SK0234"
2021-05-24;"Okres Partizánske";517;2;519;"SK0225"
2021-05-24;"Okres Pezinok";916;2;918;"SK0107"
2021-05-24;"Okres Piešťany";816;0;816;"SK0214"
2021-05-24;"Okres Poprad";2799;2;2801;"SK0416"
2021-05-24;"Okres Považská Bystrica";1472;8;1480;"SK0226"
2021-05-24;"Okres Prešov";2481;7;2488;"SK0417"
2021-05-24;"Okres Prievidza";1310;4;1314;"SK0227"
2021-05-24;"Okres Púchov";420;0;420;"SK0228"
2021-05-24;"Okres Revúca";1012;6;1018;"SK0328"
2021-05-24;"Okres Rimavská Sobota";1869;12;1881;"SK0329"
2021-05-24;"Okres Rožňava";1328;0;1328;"SK0428"
2021-05-24;"Okres Ružomberok";877;5;882;"SK0318"
2021-05-24;"Okres Sabinov";691;2;693;"SK0418"
2021-05-24;"Okres Senec";1078;0;1078;"SK0108"
2021-05-24;"Okres Senica";668;0;668;"SK0215"
2021-05-24;"Okres Skalica";874;12;886;"SK0216"
2021-05-24;"Okres Snina";623;0;623;"SK0419"
2021-05-24;"Okres Sobrance";394;2;396;"SK0429"
2021-05-24;"Okres Spišská Nová Ves";1478;4;1482;"SK042A"
2021-05-24;"Okres Stará Ľubovňa";677;2;679;"SK041A"
2021-05-24;"Okres Stropkov";279;0;279;"SK041B"
2021-05-24;"Okres Svidník";422;0;422;"SK041C"
2021-05-24;"Okres Šaľa";502;0;502;"SK0235"
2021-05-24;"Okres Topoľčany";554;0;554;"SK0236"
2021-05-24;"Okres Trebišov";1271;3;1274;"SK042B"
2021-05-24;"Okres Trenčín";2855;4;2859;"SK0229"
2021-05-24;"Okres Trnava";914;5;919;"SK0217"
2021-05-24;"Okres Turčianske Teplice";287;0;287;"SK0319"
2021-05-24;"Okres Tvrdošín";940;1;941;"SK031A"
2021-05-24;"Okres Veľký Krtíš";1003;0;1003;"SK032A"
2021-05-24;"Okres Vranov nad Topľou";648;4;652;"SK041D"
2021-05-24;"Okres Zlaté Moravce";532;2;534;"SK0237"
2021-05-24;"Okres Zvolen";1728;5;1733;"SK032B"
2021-05-24;"Okres Žarnovica";199;2;201;"SK032C"
2021-05-24;"Okres Žiar nad Hronom";837;2;839;"SK032D"
2021-05-24;"Okres Žilina";1659;20;1679;"SK031B"
2021-05-25;"Okres Bánovce nad Bebravou";1218;4;1222;"SK0221"
2021-05-25;"Okres Banská Bystrica";1388;7;1395;"SK0321"
2021-05-25;"Okres Banská Štiavnica";137;1;138;"SK0322"
2021-05-25;"Okres Bardejov";1656;3;1659;"SK0411"
2021-05-25;"Okres Bratislava I";1174;4;1178;"SK0101"
2021-05-25;"Okres Bratislava II";2233;4;2237;"SK0102"
2021-05-25;"Okres Bratislava III";2527;4;2531;"SK0103"
2021-05-25;"Okres Bratislava IV";1277;0;1277;"SK0104"
2021-05-25;"Okres Bratislava V";1841;6;1847;"SK0105"
2021-05-25;"Okres Brezno";420;0;420;"SK0323"
2021-05-25;"Okres Bytča";274;4;278;"SK0311"
2021-05-25;"Okres Čadca";1952;7;1959;"SK0312"
2021-05-25;"Okres Detva";458;1;459;"SK0324"
2021-05-25;"Okres Dolný Kubín";459;1;460;"SK0313"
2021-05-25;"Okres Dunajská Streda";1378;0;1378;"SK0211"
2021-05-25;"Okres Galanta";691;0;691;"SK0212"
2021-05-25;"Okres Gelnica";178;1;179;"SK0421"
2021-05-25;"Okres Hlohovec";158;1;159;"SK0213"
2021-05-25;"Okres Humenné";715;2;717;"SK0412"
2021-05-25;"Okres Ilava";361;2;363;"SK0222"
2021-05-25;"Okres Kežmarok";404;0;404;"SK0413"
2021-05-25;"Okres Komárno";1128;4;1132;"SK0231"
2021-05-25;"Okres Košice - okolie";233;1;234;"SK0426"
2021-05-25;"Okres Košice I";1164;0;1164;"SK0422"
2021-05-25;"Okres Košice II";754;2;756;"SK0423"
2021-05-25;"Okres Košice III";201;0;201;"SK0424"
2021-05-25;"Okres Košice IV";2260;2;2262;"SK0425"
2021-05-25;"Okres Krupina";191;0;191;"SK0325"
2021-05-25;"Okres Kysucké Nové Mesto";524;2;526;"SK0314"
2021-05-25;"Okres Levice";2220;1;2221;"SK0232"
2021-05-25;"Okres Levoča";239;2;241;"SK0414"
2021-05-25;"Okres Liptovský Mikuláš";803;1;804;"SK0315"
2021-05-25;"Okres Lučenec";1574;2;1576;"SK0326"
2021-05-25;"Okres Malacky";523;5;528;"SK0106"
2021-05-25;"Okres Martin";904;0;904;"SK0316"
2021-05-25;"Okres Medzilaborce";115;0;115;"SK0415"
2021-05-25;"Okres Michalovce";1307;0;1307;"SK0427"
2021-05-25;"Okres Myjava";173;0;173;"SK0223"
2021-05-25;"Okres Námestovo";314;3;317;"SK0317"
2021-05-25;"Okres Nitra";1426;0;1426;"SK0233"
2021-05-25;"Okres Nové Mesto nad Váhom";485;6;491;"SK0224"
2021-05-25;"Okres Nové Zámky";1184;3;1187;"SK0234"
2021-05-25;"Okres Partizánske";333;0;333;"SK0225"
2021-05-25;"Okres Pezinok";735;4;739;"SK0107"
2021-05-25;"Okres Piešťany";628;0;628;"SK0214"
2021-05-25;"Okres Poprad";1393;2;1395;"SK0416"
2021-05-25;"Okres Považská Bystrica";840;5;845;"SK0226"
2021-05-25;"Okres Prešov";2286;6;2292;"SK0417"
2021-05-25;"Okres Prievidza";854;0;854;"SK0227"
2021-05-25;"Okres Púchov";127;0;127;"SK0228"
2021-05-25;"Okres Revúca";733;3;736;"SK0328"
2021-05-25;"Okres Rimavská Sobota";1482;7;1489;"SK0329"
2021-05-25;"Okres Rožňava";844;2;846;"SK0428"
2021-05-25;"Okres Ružomberok";1786;1;1787;"SK0318"
2021-05-25;"Okres Sabinov";562;4;566;"SK0418"
2021-05-25;"Okres Senec";1605;4;1609;"SK0108"
2021-05-25;"Okres Senica";212;2;214;"SK0215"
2021-05-25;"Okres Skalica";693;3;696;"SK0216"
2021-05-25;"Okres Snina";394;0;394;"SK0419"
2021-05-25;"Okres Sobrance";247;2;249;"SK0429"
2021-05-25;"Okres Spišská Nová Ves";1151;1;1152;"SK042A"
2021-05-25;"Okres Stará Ľubovňa";397;1;398;"SK041A"
2021-05-25;"Okres Stropkov";150;0;150;"SK041B"
2021-05-25;"Okres Svidník";341;1;342;"SK041C"
2021-05-25;"Okres Šaľa";486;0;486;"SK0235"
2021-05-25;"Okres Topoľčany";831;1;832;"SK0236"
2021-05-25;"Okres Trebišov";809;1;810;"SK042B"
2021-05-25;"Okres Trenčín";1466;4;1470;"SK0229"
2021-05-25;"Okres Trnava";969;19;988;"SK0217"
2021-05-25;"Okres Turčianske Teplice";69;0;69;"SK0319"
2021-05-25;"Okres Tvrdošín";624;2;626;"SK031A"
2021-05-25;"Okres Veľký Krtíš";776;3;779;"SK032A"
2021-05-25;"Okres Vranov nad Topľou";590;3;593;"SK041D"
2021-05-25;"Okres Zlaté Moravce";356;0;356;"SK0237"
2021-05-25;"Okres Zvolen";1352;6;1358;"SK032B"
2021-05-25;"Okres Žarnovica";203;1;204;"SK032C"
2021-05-25;"Okres Žiar nad Hronom";537;0;537;"SK032D"
2021-05-25;"Okres Žilina";1393;15;1408;"SK031B"
2021-05-26;"Okres Bánovce nad Bebravou";342;3;345;"SK0221"
2021-05-26;"Okres Banská Bystrica";1120;1;1121;"SK0321"
2021-05-26;"Okres Banská Štiavnica";85;3;88;"SK0322"
2021-05-26;"Okres Bardejov";1347;2;1349;"SK0411"
2021-05-26;"Okres Bratislava I";1562;3;1565;"SK0101"
2021-05-26;"Okres Bratislava II";2012;1;2013;"SK0102"
2021-05-26;"Okres Bratislava III";1842;4;1846;"SK0103"
2021-05-26;"Okres Bratislava IV";1428;1;1429;"SK0104"
2021-05-26;"Okres Bratislava V";1843;5;1848;"SK0105"
2021-05-26;"Okres Brezno";353;1;354;"SK0323"
2021-05-26;"Okres Bytča";213;0;213;"SK0311"
2021-05-26;"Okres Čadca";1883;3;1886;"SK0312"
2021-05-26;"Okres Detva";395;0;395;"SK0324"
2021-05-26;"Okres Dolný Kubín";691;1;692;"SK0313"
2021-05-26;"Okres Dunajská Streda";1227;1;1228;"SK0211"
2021-05-26;"Okres Galanta";748;1;749;"SK0212"
2021-05-26;"Okres Gelnica";116;2;118;"SK0421"
2021-05-26;"Okres Hlohovec";150;1;151;"SK0213"
2021-05-26;"Okres Humenné";642;4;646;"SK0412"
2021-05-26;"Okres Ilava";331;1;332;"SK0222"
2021-05-26;"Okres Kežmarok";485;0;485;"SK0413"
2021-05-26;"Okres Komárno";1092;0;1092;"SK0231"
2021-05-26;"Okres Košice - okolie";249;3;252;"SK0426"
2021-05-26;"Okres Košice I";922;2;924;"SK0422"
2021-05-26;"Okres Košice II";654;1;655;"SK0423"
2021-05-26;"Okres Košice III";215;0;215;"SK0424"
2021-05-26;"Okres Košice IV";1434;2;1436;"SK0425"
2021-05-26;"Okres Krupina";180;2;182;"SK0325"
2021-05-26;"Okres Kysucké Nové Mesto";439;1;440;"SK0314"
2021-05-26;"Okres Levice";1124;5;1129;"SK0232"
2021-05-26;"Okres Levoča";305;3;308;"SK0414"
2021-05-26;"Okres Liptovský Mikuláš";543;2;545;"SK0315"
2021-05-26;"Okres Lučenec";1357;2;1359;"SK0326"
2021-05-26;"Okres Malacky";735;2;737;"SK0106"
2021-05-26;"Okres Martin";903;2;905;"SK0316"
2021-05-26;"Okres Medzilaborce";66;1;67;"SK0415"
2021-05-26;"Okres Michalovce";1550;8;1558;"SK0427"
2021-05-26;"Okres Myjava";182;0;182;"SK0223"
2021-05-26;"Okres Námestovo";273;4;277;"SK0317"
2021-05-26;"Okres Nitra";3952;2;3954;"SK0233"
2021-05-26;"Okres Nové Mesto nad Váhom";489;3;492;"SK0224"
2021-05-26;"Okres Nové Zámky";1227;3;1230;"SK0234"
2021-05-26;"Okres Partizánske";505;0;505;"SK0225"
2021-05-26;"Okres Pezinok";718;1;719;"SK0107"
2021-05-26;"Okres Piešťany";438;1;439;"SK0214"
2021-05-26;"Okres Poltár";87;0;87;"SK0327"
2021-05-26;"Okres Poprad";1372;2;1374;"SK0416"
2021-05-26;"Okres Považská Bystrica";513;1;514;"SK0226"
2021-05-26;"Okres Prešov";1714;4;1718;"SK0417"
2021-05-26;"Okres Prievidza";750;0;750;"SK0227"
2021-05-26;"Okres Púchov";124;0;124;"SK0228"
2021-05-26;"Okres Revúca";698;1;699;"SK0328"
2021-05-26;"Okres Rimavská Sobota";1055;5;1060;"SK0329"
2021-05-26;"Okres Rožňava";727;6;733;"SK0428"
2021-05-26;"Okres Ružomberok";828;0;828;"SK0318"
2021-05-26;"Okres Sabinov";407;0;407;"SK0418"
2021-05-26;"Okres Senec";752;1;753;"SK0108"
2021-05-26;"Okres Senica";193;0;193;"SK0215"
2021-05-26;"Okres Skalica";949;0;949;"SK0216"
2021-05-26;"Okres Snina";347;2;349;"SK0419"
2021-05-26;"Okres Sobrance";226;1;227;"SK0429"
2021-05-26;"Okres Spišská Nová Ves";1272;1;1273;"SK042A"
2021-05-26;"Okres Stará Ľubovňa";281;0;281;"SK041A"
2021-05-26;"Okres Stropkov";232;0;232;"SK041B"
2021-05-26;"Okres Svidník";360;0;360;"SK041C"
2021-05-26;"Okres Šaľa";349;0;349;"SK0235"
2021-05-26;"Okres Topoľčany";448;0;448;"SK0236"
2021-05-26;"Okres Trebišov";674;0;674;"SK042B"
2021-05-26;"Okres Trenčín";1298;5;1303;"SK0229"
2021-05-26;"Okres Trnava";905;4;909;"SK0217"
2021-05-26;"Okres Turčianske Teplice";51;0;51;"SK0319"
2021-05-26;"Okres Tvrdošín";441;0;441;"SK031A"
2021-05-26;"Okres Veľký Krtíš";617;0;617;"SK032A"
2021-05-26;"Okres Vranov nad Topľou";464;6;470;"SK041D"
2021-05-26;"Okres Zlaté Moravce";312;0;312;"SK0237"
2021-05-26;"Okres Zvolen";1150;2;1152;"SK032B"
2021-05-26;"Okres Žarnovica";181;0;181;"SK032C"
2021-05-26;"Okres Žiar nad Hronom";539;1;540;"SK032D"
2021-05-26;"Okres Žilina";1162;8;1170;"SK031B"
2021-05-27;"Okres Bánovce nad Bebravou";579;1;580;"SK0221"
2021-05-27;"Okres Banská Bystrica";1377;0;1377;"SK0321"
2021-05-27;"Okres Banská Štiavnica";197;1;198;"SK0322"
2021-05-27;"Okres Bardejov";1279;9;1288;"SK0411"
2021-05-27;"Okres Bratislava I";1489;0;1489;"SK0101"
2021-05-27;"Okres Bratislava II";2365;1;2366;"SK0102"
2021-05-27;"Okres Bratislava III";1838;3;1841;"SK0103"
2021-05-27;"Okres Bratislava IV";1297;2;1299;"SK0104"
2021-05-27;"Okres Bratislava V";2073;5;2078;"SK0105"
2021-05-27;"Okres Brezno";505;5;510;"SK0323"
2021-05-27;"Okres Bytča";252;1;253;"SK0311"
2021-05-27;"Okres Čadca";1758;11;1769;"SK0312"
2021-05-27;"Okres Detva";532;0;532;"SK0324"
2021-05-27;"Okres Dolný Kubín";884;0;884;"SK0313"
2021-05-27;"Okres Dunajská Streda";1166;1;1167;"SK0211"
2021-05-27;"Okres Galanta";778;2;780;"SK0212"
2021-05-27;"Okres Gelnica";125;1;126;"SK0421"
2021-05-27;"Okres Hlohovec";236;0;236;"SK0213"
2021-05-27;"Okres Humenné";547;8;555;"SK0412"
2021-05-27;"Okres Ilava";580;4;584;"SK0222"
2021-05-27;"Okres Kežmarok";639;4;643;"SK0413"
2021-05-27;"Okres Komárno";1080;1;1081;"SK0231"
2021-05-27;"Okres Košice - okolie";193;0;193;"SK0426"
2021-05-27;"Okres Košice I";919;1;920;"SK0422"
2021-05-27;"Okres Košice II";807;0;807;"SK0423"
2021-05-27;"Okres Košice III";267;0;267;"SK0424"
2021-05-27;"Okres Košice IV";1486;3;1489;"SK0425"
2021-05-27;"Okres Krupina";154;0;154;"SK0325"
2021-05-27;"Okres Kysucké Nové Mesto";485;3;488;"SK0314"
2021-05-27;"Okres Levice";988;0;988;"SK0232"
2021-05-27;"Okres Levoča";205;2;207;"SK0414"
2021-05-27;"Okres Liptovský Mikuláš";805;0;805;"SK0315"
2021-05-27;"Okres Lučenec";1584;0;1584;"SK0326"
2021-05-27;"Okres Malacky";581;0;581;"SK0106"
2021-05-27;"Okres Martin";992;3;995;"SK0316"
2021-05-27;"Okres Medzilaborce";84;0;84;"SK0415"
2021-05-27;"Okres Michalovce";1149;4;1153;"SK0427"
2021-05-27;"Okres Myjava";130;0;130;"SK0223"
2021-05-27;"Okres Námestovo";683;12;695;"SK0317"
2021-05-27;"Okres Nitra";1814;0;1814;"SK0233"
2021-05-27;"Okres Nové Mesto nad Váhom";506;2;508;"SK0224"
2021-05-27;"Okres Nové Zámky";1219;4;1223;"SK0234"
2021-05-27;"Okres Partizánske";449;1;450;"SK0225"
2021-05-27;"Okres Pezinok";735;6;741;"SK0107"
2021-05-27;"Okres Piešťany";683;2;685;"SK0214"
2021-05-27;"Okres Poprad";1331;3;1334;"SK0416"
2021-05-27;"Okres Považská Bystrica";794;0;794;"SK0226"
2021-05-27;"Okres Prešov";1788;2;1790;"SK0417"
2021-05-27;"Okres Prievidza";932;1;933;"SK0227"
2021-05-27;"Okres Púchov";239;0;239;"SK0228"
2021-05-27;"Okres Revúca";689;0;689;"SK0328"
2021-05-27;"Okres Rimavská Sobota";1112;2;1114;"SK0329"
2021-05-27;"Okres Rožňava";608;1;609;"SK0428"
2021-05-27;"Okres Ružomberok";419;1;420;"SK0318"
2021-05-27;"Okres Sabinov";449;1;450;"SK0418"
2021-05-27;"Okres Senec";1177;1;1178;"SK0108"
2021-05-27;"Okres Senica";391;1;392;"SK0215"
2021-05-27;"Okres Skalica";729;1;730;"SK0216"
2021-05-27;"Okres Snina";244;0;244;"SK0419"
2021-05-27;"Okres Sobrance";252;2;254;"SK0429"
2021-05-27;"Okres Spišská Nová Ves";1596;13;1609;"SK042A"
2021-05-27;"Okres Stará Ľubovňa";302;6;308;"SK041A"
2021-05-27;"Okres Stropkov";102;0;102;"SK041B"
2021-05-27;"Okres Svidník";268;0;268;"SK041C"
2021-05-27;"Okres Šaľa";361;0;361;"SK0235"
2021-05-27;"Okres Topoľčany";527;0;527;"SK0236"
2021-05-27;"Okres Trebišov";765;0;765;"SK042B"
2021-05-27;"Okres Trenčín";1181;3;1184;"SK0229"
2021-05-27;"Okres Trnava";893;1;894;"SK0217"
2021-05-27;"Okres Turčianske Teplice";232;0;232;"SK0319"
2021-05-27;"Okres Tvrdošín";488;0;488;"SK031A"
2021-05-27;"Okres Veľký Krtíš";679;0;679;"SK032A"
2021-05-27;"Okres Vranov nad Topľou";418;2;420;"SK041D"
2021-05-27;"Okres Zlaté Moravce";286;0;286;"SK0237"
2021-05-27;"Okres Zvolen";1087;3;1090;"SK032B"
2021-05-27;"Okres Žarnovica";188;0;188;"SK032C"
2021-05-27;"Okres Žiar nad Hronom";516;1;517;"SK032D"
2021-05-27;"Okres Žilina";1345;8;1353;"SK031B"
2021-05-28;"Okres Bánovce nad Bebravou";871;2;873;"SK0221"
2021-05-28;"Okres Banská Bystrica";1793;1;1794;"SK0321"
2021-05-28;"Okres Banská Štiavnica";154;4;158;"SK0322"
2021-05-28;"Okres Bardejov";1884;1;1885;"SK0411"
2021-05-28;"Okres Bratislava I";2114;0;2114;"SK0101"
2021-05-28;"Okres Bratislava II";3445;1;3446;"SK0102"
2021-05-28;"Okres Bratislava III";2190;1;2191;"SK0103"
2021-05-28;"Okres Bratislava IV";2371;0;2371;"SK0104"
2021-05-28;"Okres Bratislava V";2506;16;2522;"SK0105"
2021-05-28;"Okres Brezno";480;0;480;"SK0323"
2021-05-28;"Okres Bytča";588;0;588;"SK0311"
2021-05-28;"Okres Čadca";2293;8;2301;"SK0312"
2021-05-28;"Okres Detva";539;1;540;"SK0324"
2021-05-28;"Okres Dolný Kubín";773;0;773;"SK0313"
2021-05-28;"Okres Dunajská Streda";2164;1;2165;"SK0211"
2021-05-28;"Okres Galanta";1169;1;1170;"SK0212"
2021-05-28;"Okres Gelnica";222;4;226;"SK0421"
2021-05-28;"Okres Hlohovec";186;0;186;"SK0213"
2021-05-28;"Okres Humenné";939;0;939;"SK0412"
2021-05-28;"Okres Ilava";510;0;510;"SK0222"
2021-05-28;"Okres Kežmarok";473;1;474;"SK0413"
2021-05-28;"Okres Komárno";1550;0;1550;"SK0231"
2021-05-28;"Okres Košice - okolie";562;0;562;"SK0426"
2021-05-28;"Okres Košice I";1443;0;1443;"SK0422"
2021-05-28;"Okres Košice II";1196;1;1197;"SK0423"
2021-05-28;"Okres Košice III";401;0;401;"SK0424"
2021-05-28;"Okres Košice IV";2685;12;2697;"SK0425"
2021-05-28;"Okres Krupina";443;0;443;"SK0325"
2021-05-28;"Okres Kysucké Nové Mesto";611;0;611;"SK0314"
2021-05-28;"Okres Levice";1021;2;1023;"SK0232"
2021-05-28;"Okres Levoča";298;1;299;"SK0414"
2021-05-28;"Okres Liptovský Mikuláš";900;3;903;"SK0315"
2021-05-28;"Okres Lučenec";2014;1;2015;"SK0326"
2021-05-28;"Okres Malacky";1226;1;1227;"SK0106"
2021-05-28;"Okres Martin";1436;1;1437;"SK0316"
2021-05-28;"Okres Medzilaborce";137;0;137;"SK0415"
2021-05-28;"Okres Michalovce";2287;2;2289;"SK0427"
2021-05-28;"Okres Myjava";669;2;671;"SK0223"
2021-05-28;"Okres Námestovo";432;4;436;"SK0317"
2021-05-28;"Okres Nitra";2173;1;2174;"SK0233"
2021-05-28;"Okres Nové Mesto nad Váhom";927;5;932;"SK0224"
2021-05-28;"Okres Nové Zámky";1967;1;1968;"SK0234"
2021-05-28;"Okres Partizánske";479;0;479;"SK0225"
2021-05-28;"Okres Pezinok";1039;2;1041;"SK0107"
2021-05-28;"Okres Piešťany";997;1;998;"SK0214"
2021-05-28;"Okres Poltár";49;0;49;"SK0327"
2021-05-28;"Okres Poprad";1998;6;2004;"SK0416"
2021-05-28;"Okres Považská Bystrica";977;3;980;"SK0226"
2021-05-28;"Okres Prešov";2518;2;2520;"SK0417"
2021-05-28;"Okres Prievidza";1475;2;1477;"SK0227"
2021-05-28;"Okres Púchov";185;1;186;"SK0228"
2021-05-28;"Okres Revúca";1064;0;1064;"SK0328"
2021-05-28;"Okres Rimavská Sobota";1860;8;1868;"SK0329"
2021-05-28;"Okres Rožňava";1053;6;1059;"SK0428"
2021-05-28;"Okres Ružomberok";1241;3;1244;"SK0318"
2021-05-28;"Okres Sabinov";1189;0;1189;"SK0418"
2021-05-28;"Okres Senec";1281;1;1282;"SK0108"
2021-05-28;"Okres Senica";369;3;372;"SK0215"
2021-05-28;"Okres Skalica";846;2;848;"SK0216"
2021-05-28;"Okres Snina";396;0;396;"SK0419"
2021-05-28;"Okres Sobrance";701;0;701;"SK0429"
2021-05-28;"Okres Spišská Nová Ves";1690;4;1694;"SK042A"
2021-05-28;"Okres Stará Ľubovňa";502;1;503;"SK041A"
2021-05-28;"Okres Stropkov";211;1;212;"SK041B"
2021-05-28;"Okres Svidník";504;2;506;"SK041C"
2021-05-28;"Okres Šaľa";725;0;725;"SK0235"
2021-05-28;"Okres Topoľčany";895;2;897;"SK0236"
2021-05-28;"Okres Trebišov";958;0;958;"SK042B"
2021-05-28;"Okres Trenčín";2035;10;2045;"SK0229"
2021-05-28;"Okres Trnava";1374;3;1377;"SK0217"
2021-05-28;"Okres Turčianske Teplice";93;0;93;"SK0319"
2021-05-28;"Okres Tvrdošín";1678;4;1682;"SK031A"
2021-05-28;"Okres Veľký Krtíš";688;0;688;"SK032A"
2021-05-28;"Okres Vranov nad Topľou";1049;4;1053;"SK041D"
2021-05-28;"Okres Zlaté Moravce";342;0;342;"SK0237"
2021-05-28;"Okres Zvolen";1504;5;1509;"SK032B"
2021-05-28;"Okres Žarnovica";216;0;216;"SK032C"
2021-05-28;"Okres Žiar nad Hronom";706;3;709;"SK032D"
2021-05-28;"Okres Žilina";2291;7;2298;"SK031B"
2021-05-29;"Okres Bánovce nad Bebravou";643;2;645;"SK0221"
2021-05-29;"Okres Banská Bystrica";1251;1;1252;"SK0321"
2021-05-29;"Okres Banská Štiavnica";256;3;259;"SK0322"
2021-05-29;"Okres Bardejov";2144;2;2146;"SK0411"
2021-05-29;"Okres Bratislava I";1045;3;1048;"SK0101"
2021-05-29;"Okres Bratislava II";2380;0;2380;"SK0102"
2021-05-29;"Okres Bratislava III";1596;2;1598;"SK0103"
2021-05-29;"Okres Bratislava IV";1765;0;1765;"SK0104"
2021-05-29;"Okres Bratislava V";2122;4;2126;"SK0105"
2021-05-29;"Okres Brezno";388;0;388;"SK0323"
2021-05-29;"Okres Bytča";260;0;260;"SK0311"
2021-05-29;"Okres Čadca";1997;0;1997;"SK0312"
2021-05-29;"Okres Detva";385;1;386;"SK0324"
2021-05-29;"Okres Dolný Kubín";1012;1;1013;"SK0313"
2021-05-29;"Okres Dunajská Streda";3033;1;3034;"SK0211"
2021-05-29;"Okres Galanta";1136;0;1136;"SK0212"
2021-05-29;"Okres Gelnica";260;0;260;"SK0421"
2021-05-29;"Okres Hlohovec";173;0;173;"SK0213"
2021-05-29;"Okres Humenné";886;3;889;"SK0412"
2021-05-29;"Okres Ilava";419;1;420;"SK0222"
2021-05-29;"Okres Kežmarok";956;0;956;"SK0413"
2021-05-29;"Okres Komárno";3667;2;3669;"SK0231"
2021-05-29;"Okres Košice - okolie";662;0;662;"SK0426"
2021-05-29;"Okres Košice I";1147;0;1147;"SK0422"
2021-05-29;"Okres Košice II";616;0;616;"SK0423"
2021-05-29;"Okres Košice III";292;0;292;"SK0424"
2021-05-29;"Okres Košice IV";1649;8;1657;"SK0425"
2021-05-29;"Okres Krupina";354;0;354;"SK0325"
2021-05-29;"Okres Kysucké Nové Mesto";540;0;540;"SK0314"
2021-05-29;"Okres Levice";1810;2;1812;"SK0232"
2021-05-29;"Okres Levoča";727;1;728;"SK0414"
2021-05-29;"Okres Liptovský Mikuláš";868;1;869;"SK0315"
2021-05-29;"Okres Lučenec";1431;0;1431;"SK0326"
2021-05-29;"Okres Malacky";1015;1;1016;"SK0106"
2021-05-29;"Okres Martin";829;2;831;"SK0316"
2021-05-29;"Okres Medzilaborce";119;0;119;"SK0415"
2021-05-29;"Okres Michalovce";1446;4;1450;"SK0427"
2021-05-29;"Okres Myjava";948;3;951;"SK0223"
2021-05-29;"Okres Námestovo";1441;10;1451;"SK0317"
2021-05-29;"Okres Nitra";1724;1;1725;"SK0233"
2021-05-29;"Okres Nové Mesto nad Váhom";755;2;757;"SK0224"
2021-05-29;"Okres Nové Zámky";3785;2;3787;"SK0234"
2021-05-29;"Okres Partizánske";549;1;550;"SK0225"
2021-05-29;"Okres Pezinok";706;0;706;"SK0107"
2021-05-29;"Okres Piešťany";685;0;685;"SK0214"
2021-05-29;"Okres Poltár";565;0;565;"SK0327"
2021-05-29;"Okres Poprad";1947;5;1952;"SK0416"
2021-05-29;"Okres Považská Bystrica";681;1;682;"SK0226"
2021-05-29;"Okres Prešov";2233;3;2236;"SK0417"
2021-05-29;"Okres Prievidza";1107;0;1107;"SK0227"
2021-05-29;"Okres Púchov";241;0;241;"SK0228"
2021-05-29;"Okres Revúca";651;0;651;"SK0328"
2021-05-29;"Okres Rimavská Sobota";956;6;962;"SK0329"
2021-05-29;"Okres Rožňava";1078;1;1079;"SK0428"
2021-05-29;"Okres Ružomberok";754;2;756;"SK0318"
2021-05-29;"Okres Sabinov";856;2;858;"SK0418"
2021-05-29;"Okres Senec";1432;0;1432;"SK0108"
2021-05-29;"Okres Senica";615;2;617;"SK0215"
2021-05-29;"Okres Skalica";1551;1;1552;"SK0216"
2021-05-29;"Okres Snina";407;2;409;"SK0419"
2021-05-29;"Okres Sobrance";1297;5;1302;"SK0429"
2021-05-29;"Okres Spišská Nová Ves";1346;1;1347;"SK042A"
2021-05-29;"Okres Stará Ľubovňa";576;0;576;"SK041A"
2021-05-29;"Okres Stropkov";349;0;349;"SK041B"
2021-05-29;"Okres Svidník";728;0;728;"SK041C"
2021-05-29;"Okres Šaľa";961;0;961;"SK0235"
2021-05-29;"Okres Topoľčany";504;0;504;"SK0236"
2021-05-29;"Okres Trebišov";1124;2;1126;"SK042B"
2021-05-29;"Okres Trenčín";1571;3;1574;"SK0229"
2021-05-29;"Okres Trnava";1216;0;1216;"SK0217"
2021-05-29;"Okres Turčianske Teplice";79;0;79;"SK0319"
2021-05-29;"Okres Tvrdošín";1459;0;1459;"SK031A"
2021-05-29;"Okres Veľký Krtíš";1671;2;1673;"SK032A"
2021-05-29;"Okres Vranov nad Topľou";741;6;747;"SK041D"
2021-05-29;"Okres Zlaté Moravce";348;0;348;"SK0237"
2021-05-29;"Okres Zvolen";870;0;870;"SK032B"
2021-05-29;"Okres Žarnovica";194;0;194;"SK032C"
2021-05-29;"Okres Žiar nad Hronom";678;4;682;"SK032D"
2021-05-29;"Okres Žilina";1052;2;1054;"SK031B"
2021-05-30;"Okres Bánovce nad Bebravou";703;1;704;"SK0221"
2021-05-30;"Okres Banská Bystrica";1189;2;1191;"SK0321"
2021-05-30;"Okres Banská Štiavnica";103;1;104;"SK0322"
2021-05-30;"Okres Bardejov";1530;2;1532;"SK0411"
2021-05-30;"Okres Bratislava I";800;2;802;"SK0101"
2021-05-30;"Okres Bratislava II";2695;2;2697;"SK0102"
2021-05-30;"Okres Bratislava III";1858;5;1863;"SK0103"
2021-05-30;"Okres Bratislava IV";1682;0;1682;"SK0104"
2021-05-30;"Okres Bratislava V";2122;5;2127;"SK0105"
2021-05-30;"Okres Brezno";479;1;480;"SK0323"
2021-05-30;"Okres Bytča";252;2;254;"SK0311"
2021-05-30;"Okres Čadca";3054;7;3061;"SK0312"
2021-05-30;"Okres Detva";379;0;379;"SK0324"
2021-05-30;"Okres Dolný Kubín";304;4;308;"SK0313"
2021-05-30;"Okres Dunajská Streda";2284;0;2284;"SK0211"
2021-05-30;"Okres Galanta";604;0;604;"SK0212"
2021-05-30;"Okres Gelnica";299;5;304;"SK0421"
2021-05-30;"Okres Hlohovec";187;0;187;"SK0213"
2021-05-30;"Okres Humenné";809;4;813;"SK0412"
2021-05-30;"Okres Ilava";633;0;633;"SK0222"
2021-05-30;"Okres Kežmarok";1058;1;1059;"SK0413"
2021-05-30;"Okres Komárno";1600;1;1601;"SK0231"
2021-05-30;"Okres Košice - okolie";367;0;367;"SK0426"
2021-05-30;"Okres Košice I";1313;2;1315;"SK0422"
2021-05-30;"Okres Košice II";752;0;752;"SK0423"
2021-05-30;"Okres Košice III";246;0;246;"SK0424"
2021-05-30;"Okres Košice IV";1701;0;1701;"SK0425"
2021-05-30;"Okres Krupina";181;0;181;"SK0325"
2021-05-30;"Okres Kysucké Nové Mesto";622;2;624;"SK0314"
2021-05-30;"Okres Levice";933;0;933;"SK0232"
2021-05-30;"Okres Levoča";174;0;174;"SK0414"
2021-05-30;"Okres Liptovský Mikuláš";676;0;676;"SK0315"
2021-05-30;"Okres Lučenec";2065;0;2065;"SK0326"
2021-05-30;"Okres Malacky";386;0;386;"SK0106"
2021-05-30;"Okres Martin";991;4;995;"SK0316"
2021-05-30;"Okres Medzilaborce";136;0;136;"SK0415"
2021-05-30;"Okres Michalovce";1735;1;1736;"SK0427"
2021-05-30;"Okres Myjava";858;7;865;"SK0223"
2021-05-30;"Okres Nitra";2495;0;2495;"SK0233"
2021-05-30;"Okres Nové Zámky";1995;6;2001;"SK0234"
2021-05-30;"Okres Partizánske";972;0;972;"SK0225"
2021-05-30;"Okres Pezinok";567;2;569;"SK0107"
2021-05-30;"Okres Piešťany";371;1;372;"SK0214"
2021-05-30;"Okres Poltár";489;0;489;"SK0327"
2021-05-30;"Okres Poprad";1311;5;1316;"SK0416"
2021-05-30;"Okres Považská Bystrica";1381;3;1384;"SK0226"
2021-05-30;"Okres Prešov";2514;0;2514;"SK0417"
2021-05-30;"Okres Prievidza";988;1;989;"SK0227"
2021-05-30;"Okres Revúca";750;0;750;"SK0328"
2021-05-30;"Okres Rimavská Sobota";1265;19;1284;"SK0329"
2021-05-30;"Okres Rožňava";1173;0;1173;"SK0428"
2021-05-30;"Okres Ružomberok";445;3;448;"SK0318"
2021-05-30;"Okres Sabinov";1226;0;1226;"SK0418"
2021-05-30;"Okres Senec";1751;1;1752;"SK0108"
2021-05-30;"Okres Senica";323;0;323;"SK0215"
2021-05-30;"Okres Skalica";1469;4;1473;"SK0216"
2021-05-30;"Okres Snina";567;0;567;"SK0419"
2021-05-30;"Okres Sobrance";337;0;337;"SK0429"
2021-05-30;"Okres Spišská Nová Ves";1597;2;1599;"SK042A"
2021-05-30;"Okres Stará Ľubovňa";238;0;238;"SK041A"
2021-05-30;"Okres Stropkov";294;0;294;"SK041B"
2021-05-30;"Okres Svidník";66;0;66;"SK041C"
2021-05-30;"Okres Šaľa";871;0;871;"SK0235"
2021-05-30;"Okres Topoľčany";746;1;747;"SK0236"
2021-05-30;"Okres Trebišov";1696;0;1696;"SK042B"
2021-05-30;"Okres Trenčín";1830;3;1833;"SK0229"
2021-05-30;"Okres Trnava";1105;1;1106;"SK0217"
2021-05-30;"Okres Turčianske Teplice";145;0;145;"SK0319"
2021-05-30;"Okres Tvrdošín";1113;0;1113;"SK031A"
2021-05-30;"Okres Veľký Krtíš";370;0;370;"SK032A"
2021-05-30;"Okres Vranov nad Topľou";638;3;641;"SK041D"
2021-05-30;"Okres Zlaté Moravce";427;0;427;"SK0237"
2021-05-30;"Okres Zvolen";1221;1;1222;"SK032B"
2021-05-30;"Okres Žiar nad Hronom";557;0;557;"SK032D"
2021-05-30;"Okres Žilina";1304;9;1313;"SK031B"
2021-05-31;"Okres Bánovce nad Bebravou";332;3;335;"SK0221"
2021-05-31;"Okres Banská Bystrica";1504;1;1505;"SK0321"
2021-05-31;"Okres Banská Štiavnica";96;1;97;"SK0322"
2021-05-31;"Okres Bardejov";1859;6;1865;"SK0411"
2021-05-31;"Okres Bratislava I";1711;4;1715;"SK0101"
2021-05-31;"Okres Bratislava II";2208;2;2210;"SK0102"
2021-05-31;"Okres Bratislava III";1571;3;1574;"SK0103"
2021-05-31;"Okres Bratislava IV";1558;1;1559;"SK0104"
2021-05-31;"Okres Bratislava V";1937;5;1942;"SK0105"
2021-05-31;"Okres Brezno";499;0;499;"SK0323"
2021-05-31;"Okres Bytča";345;3;348;"SK0311"
2021-05-31;"Okres Čadca";2243;8;2251;"SK0312"
2021-05-31;"Okres Detva";403;7;410;"SK0324"
2021-05-31;"Okres Dolný Kubín";603;1;604;"SK0313"
2021-05-31;"Okres Dunajská Streda";1800;5;1805;"SK0211"
2021-05-31;"Okres Galanta";1009;3;1012;"SK0212"
2021-05-31;"Okres Hlohovec";242;0;242;"SK0213"
2021-05-31;"Okres Humenné";754;3;757;"SK0412"
2021-05-31;"Okres Ilava";385;2;387;"SK0222"
2021-05-31;"Okres Kežmarok";392;0;392;"SK0413"
2021-05-31;"Okres Komárno";1392;0;1392;"SK0231"
2021-05-31;"Okres Košice - okolie";284;2;286;"SK0426"
2021-05-31;"Okres Košice I";1209;2;1211;"SK0422"
2021-05-31;"Okres Košice II";717;1;718;"SK0423"
2021-05-31;"Okres Košice III";251;0;251;"SK0424"
2021-05-31;"Okres Košice IV";1520;5;1525;"SK0425"
2021-05-31;"Okres Krupina";192;1;193;"SK0325"
2021-05-31;"Okres Kysucké Nové Mesto";591;5;596;"SK0314"
2021-05-31;"Okres Levice";984;2;986;"SK0232"
2021-05-31;"Okres Levoča";316;2;318;"SK0414"
2021-05-31;"Okres Liptovský Mikuláš";755;0;755;"SK0315"
2021-05-31;"Okres Lučenec";1626;1;1627;"SK0326"
2021-05-31;"Okres Malacky";655;10;665;"SK0106"
2021-05-31;"Okres Martin";746;3;749;"SK0316"
2021-05-31;"Okres Medzilaborce";102;0;102;"SK0415"
2021-05-31;"Okres Michalovce";1574;2;1576;"SK0427"
2021-05-31;"Okres Myjava";251;1;252;"SK0223"
2021-05-31;"Okres Námestovo";928;23;951;"SK0317"
2021-05-31;"Okres Nitra";3223;2;3225;"SK0233"
2021-05-31;"Okres Nové Mesto nad Váhom";670;7;677;"SK0224"
2021-05-31;"Okres Nové Zámky";1718;1;1719;"SK0234"
2021-05-31;"Okres Partizánske";378;0;378;"SK0225"
2021-05-31;"Okres Pezinok";832;7;839;"SK0107"
2021-05-31;"Okres Piešťany";623;1;624;"SK0214"
2021-05-31;"Okres Poltár";3;0;3;"SK0327"
2021-05-31;"Okres Poprad";1612;1;1613;"SK0416"
2021-05-31;"Okres Považská Bystrica";832;0;832;"SK0226"
2021-05-31;"Okres Prešov";1826;1;1827;"SK0417"
2021-05-31;"Okres Prievidza";1009;2;1011;"SK0227"
2021-05-31;"Okres Púchov";285;0;285;"SK0228"
2021-05-31;"Okres Revúca";750;4;754;"SK0328"
2021-05-31;"Okres Rimavská Sobota";1477;12;1489;"SK0329"
2021-05-31;"Okres Rožňava";1140;2;1142;"SK0428"
2021-05-31;"Okres Ružomberok";702;1;703;"SK0318"
2021-05-31;"Okres Sabinov";670;0;670;"SK0418"
2021-05-31;"Okres Senec";828;2;830;"SK0108"
2021-05-31;"Okres Senica";243;2;245;"SK0215"
2021-05-31;"Okres Skalica";721;4;725;"SK0216"
2021-05-31;"Okres Snina";474;7;481;"SK0419"
2021-05-31;"Okres Sobrance";293;1;294;"SK0429"
2021-05-31;"Okres Spišská Nová Ves";1245;0;1245;"SK042A"
2021-05-31;"Okres Stará Ľubovňa";431;0;431;"SK041A"
2021-05-31;"Okres Stropkov";177;0;177;"SK041B"
2021-05-31;"Okres Svidník";471;0;471;"SK041C"
2021-05-31;"Okres Šaľa";369;0;369;"SK0235"
2021-05-31;"Okres Topoľčany";607;1;608;"SK0236"
2021-05-31;"Okres Trebišov";991;2;993;"SK042B"
2021-05-31;"Okres Trenčín";1353;9;1362;"SK0229"
2021-05-31;"Okres Trnava";620;1;621;"SK0217"
2021-05-31;"Okres Turčianske Teplice";66;0;66;"SK0319"
2021-05-31;"Okres Tvrdošín";777;2;779;"SK031A"
2021-05-31;"Okres Veľký Krtíš";661;0;661;"SK032A"
2021-05-31;"Okres Vranov nad Topľou";536;2;538;"SK041D"
2021-05-31;"Okres Zlaté Moravce";415;2;417;"SK0237"
2021-05-31;"Okres Zvolen";1354;2;1356;"SK032B"
2021-05-31;"Okres Žarnovica";195;0;195;"SK032C"
2021-05-31;"Okres Žiar nad Hronom";630;0;630;"SK032D"
2021-05-31;"Okres Žilina";1213;15;1228;"SK031B"
2021-06-01;"Okres Bánovce nad Bebravou";216;1;217;"SK0221"
2021-06-01;"Okres Banská Bystrica";1393;3;1396;"SK0321"
2021-06-01;"Okres Banská Štiavnica";120;1;121;"SK0322"
2021-06-01;"Okres Bardejov";1200;2;1202;"SK0411"
2021-06-01;"Okres Bratislava I";1059;3;1062;"SK0101"
2021-06-01;"Okres Bratislava II";1844;2;1846;"SK0102"
2021-06-01;"Okres Bratislava III";1359;2;1361;"SK0103"
2021-06-01;"Okres Bratislava IV";1157;1;1158;"SK0104"
2021-06-01;"Okres Bratislava V";1551;13;1564;"SK0105"
2021-06-01;"Okres Brezno";340;0;340;"SK0323"
2021-06-01;"Okres Bytča";189;0;189;"SK0311"
2021-06-01;"Okres Čadca";1787;5;1792;"SK0312"
2021-06-01;"Okres Detva";373;4;377;"SK0324"
2021-06-01;"Okres Dolný Kubín";518;1;519;"SK0313"
2021-06-01;"Okres Dunajská Streda";1052;1;1053;"SK0211"
2021-06-01;"Okres Galanta";585;0;585;"SK0212"
2021-06-01;"Okres Hlohovec";116;0;116;"SK0213"
2021-06-01;"Okres Humenné";604;7;611;"SK0412"
2021-06-01;"Okres Ilava";316;0;316;"SK0222"
2021-06-01;"Okres Kežmarok";484;0;484;"SK0413"
2021-06-01;"Okres Komárno";878;1;879;"SK0231"
2021-06-01;"Okres Košice - okolie";195;0;195;"SK0426"
2021-06-01;"Okres Košice I";841;1;842;"SK0422"
2021-06-01;"Okres Košice II";686;0;686;"SK0423"
2021-06-01;"Okres Košice III";196;0;196;"SK0424"
2021-06-01;"Okres Košice IV";1976;1;1977;"SK0425"
2021-06-01;"Okres Krupina";154;0;154;"SK0325"
2021-06-01;"Okres Kysucké Nové Mesto";379;5;384;"SK0314"
2021-06-01;"Okres Levice";651;0;651;"SK0232"
2021-06-01;"Okres Levoča";190;0;190;"SK0414"
2021-06-01;"Okres Liptovský Mikuláš";693;0;693;"SK0315"
2021-06-01;"Okres Lučenec";1294;1;1295;"SK0326"
2021-06-01;"Okres Malacky";398;3;401;"SK0106"
2021-06-01;"Okres Martin";599;3;602;"SK0316"
2021-06-01;"Okres Medzilaborce";86;0;86;"SK0415"
2021-06-01;"Okres Michalovce";1192;4;1196;"SK0427"
2021-06-01;"Okres Myjava";170;3;173;"SK0223"
2021-06-01;"Okres Námestovo";271;8;279;"SK0317"
2021-06-01;"Okres Nitra";1124;1;1125;"SK0233"
2021-06-01;"Okres Nové Mesto nad Váhom";422;4;426;"SK0224"
2021-06-01;"Okres Nové Zámky";1089;0;1089;"SK0234"
2021-06-01;"Okres Partizánske";255;0;255;"SK0225"
2021-06-01;"Okres Pezinok";624;4;628;"SK0107"
2021-06-01;"Okres Piešťany";366;1;367;"SK0214"
2021-06-01;"Okres Poltár";1;0;1;"SK0327"
2021-06-01;"Okres Poprad";956;0;956;"SK0416"
2021-06-01;"Okres Považská Bystrica";488;1;489;"SK0226"
2021-06-01;"Okres Prešov";1336;2;1338;"SK0417"
2021-06-01;"Okres Prievidza";859;4;863;"SK0227"
2021-06-01;"Okres Púchov";126;1;127;"SK0228"
2021-06-01;"Okres Revúca";587;0;587;"SK0328"
2021-06-01;"Okres Rimavská Sobota";1221;2;1223;"SK0329"
2021-06-01;"Okres Rožňava";703;2;705;"SK0428"
2021-06-01;"Okres Ružomberok";1400;1;1401;"SK0318"
2021-06-01;"Okres Sabinov";471;1;472;"SK0418"
2021-06-01;"Okres Senec";823;3;826;"SK0108"
2021-06-01;"Okres Senica";173;1;174;"SK0215"
2021-06-01;"Okres Skalica";459;1;460;"SK0216"
2021-06-01;"Okres Snina";432;0;432;"SK0419"
2021-06-01;"Okres Sobrance";203;0;203;"SK0429"
2021-06-01;"Okres Spišská Nová Ves";915;2;917;"SK042A"
2021-06-01;"Okres Stará Ľubovňa";340;0;340;"SK041A"
2021-06-01;"Okres Stropkov";135;0;135;"SK041B"
2021-06-01;"Okres Svidník";231;0;231;"SK041C"
2021-06-01;"Okres Šaľa";298;0;298;"SK0235"
2021-06-01;"Okres Topoľčany";409;0;409;"SK0236"
2021-06-01;"Okres Trebišov";634;0;634;"SK042B"
2021-06-01;"Okres Trenčín";1661;3;1664;"SK0229"
2021-06-01;"Okres Trnava";692;0;692;"SK0217"
2021-06-01;"Okres Turčianske Teplice";41;0;41;"SK0319"
2021-06-01;"Okres Tvrdošín";448;0;448;"SK031A"
2021-06-01;"Okres Veľký Krtíš";431;0;431;"SK032A"
2021-06-01;"Okres Vranov nad Topľou";356;2;358;"SK041D"
2021-06-01;"Okres Zlaté Moravce";249;0;249;"SK0237"
2021-06-01;"Okres Zvolen";903;0;903;"SK032B"
2021-06-01;"Okres Žarnovica";180;2;182;"SK032C"
2021-06-01;"Okres Žiar nad Hronom";395;1;396;"SK032D"
2021-06-01;"Okres Žilina";1392;17;1409;"SK031B"
2021-06-02;"Okres Bánovce nad Bebravou";331;1;332;"SK0221"
2021-06-02;"Okres Banská Bystrica";993;1;994;"SK0321"
2021-06-02;"Okres Banská Štiavnica";87;0;87;"SK0322"
2021-06-02;"Okres Bardejov";1186;1;1187;"SK0411"
2021-06-02;"Okres Bratislava I";1433;11;1444;"SK0101"
2021-06-02;"Okres Bratislava II";1982;1;1983;"SK0102"
2021-06-02;"Okres Bratislava III";1457;0;1457;"SK0103"
2021-06-02;"Okres Bratislava IV";1063;0;1063;"SK0104"
2021-06-02;"Okres Bratislava V";1245;9;1254;"SK0105"
2021-06-02;"Okres Brezno";273;0;273;"SK0323"
2021-06-02;"Okres Bytča";190;1;191;"SK0311"
2021-06-02;"Okres Čadca";1790;1;1791;"SK0312"
2021-06-02;"Okres Detva";306;1;307;"SK0324"
2021-06-02;"Okres Dolný Kubín";396;0;396;"SK0313"
2021-06-02;"Okres Dunajská Streda";1397;1;1398;"SK0211"
2021-06-02;"Okres Galanta";621;0;621;"SK0212"
2021-06-02;"Okres Hlohovec";116;0;116;"SK0213"
2021-06-02;"Okres Humenné";505;5;510;"SK0412"
2021-06-02;"Okres Ilava";404;0;404;"SK0222"
2021-06-02;"Okres Kežmarok";586;2;588;"SK0413"
2021-06-02;"Okres Komárno";958;1;959;"SK0231"
2021-06-02;"Okres Košice - okolie";229;1;230;"SK0426"
2021-06-02;"Okres Košice I";931;1;932;"SK0422"
2021-06-02;"Okres Košice II";624;2;626;"SK0423"
2021-06-02;"Okres Košice III";104;0;104;"SK0424"
2021-06-02;"Okres Košice IV";1707;8;1715;"SK0425"
2021-06-02;"Okres Krupina";152;1;153;"SK0325"
2021-06-02;"Okres Kysucké Nové Mesto";355;2;357;"SK0314"
2021-06-02;"Okres Levice";764;2;766;"SK0232"
2021-06-02;"Okres Levoča";304;1;305;"SK0414"
2021-06-02;"Okres Liptovský Mikuláš";731;1;732;"SK0315"
2021-06-02;"Okres Lučenec";1245;0;1245;"SK0326"
2021-06-02;"Okres Malacky";451;0;451;"SK0106"
2021-06-02;"Okres Martin";776;4;780;"SK0316"
2021-06-02;"Okres Medzilaborce";93;0;93;"SK0415"
2021-06-02;"Okres Michalovce";1257;4;1261;"SK0427"
2021-06-02;"Okres Myjava";245;0;245;"SK0223"
2021-06-02;"Okres Námestovo";411;9;420;"SK0317"
2021-06-02;"Okres Nitra";1241;5;1246;"SK0233"
2021-06-02;"Okres Nové Mesto nad Váhom";353;0;353;"SK0224"
2021-06-02;"Okres Nové Zámky";1100;2;1102;"SK0234"
2021-06-02;"Okres Partizánske";242;1;243;"SK0225"
2021-06-02;"Okres Pezinok";583;0;583;"SK0107"
2021-06-02;"Okres Piešťany";469;3;472;"SK0214"
2021-06-02;"Okres Poltár";83;0;83;"SK0327"
2021-06-02;"Okres Poprad";1169;4;1173;"SK0416"
2021-06-02;"Okres Považská Bystrica";674;0;674;"SK0226"
2021-06-02;"Okres Prešov";1891;1;1892;"SK0417"
2021-06-02;"Okres Prievidza";827;4;831;"SK0227"
2021-06-02;"Okres Púchov";257;0;257;"SK0228"
2021-06-02;"Okres Revúca";515;0;515;"SK0328"
2021-06-02;"Okres Rimavská Sobota";998;1;999;"SK0329"
2021-06-02;"Okres Rožňava";685;1;686;"SK0428"
2021-06-02;"Okres Ružomberok";416;1;417;"SK0318"
2021-06-02;"Okres Sabinov";331;0;331;"SK0418"
2021-06-02;"Okres Senec";617;1;618;"SK0108"
2021-06-02;"Okres Senica";300;6;306;"SK0215"
2021-06-02;"Okres Skalica";632;1;633;"SK0216"
2021-06-02;"Okres Snina";370;0;370;"SK0419"
2021-06-02;"Okres Sobrance";190;3;193;"SK0429"
2021-06-02;"Okres Spišská Nová Ves";995;4;999;"SK042A"
2021-06-02;"Okres Stará Ľubovňa";262;0;262;"SK041A"
2021-06-02;"Okres Stropkov";138;0;138;"SK041B"
2021-06-02;"Okres Svidník";217;0;217;"SK041C"
2021-06-02;"Okres Šaľa";192;1;193;"SK0235"
2021-06-02;"Okres Topoľčany";367;0;367;"SK0236"
2021-06-02;"Okres Trebišov";554;0;554;"SK042B"
2021-06-02;"Okres Trenčín";1087;2;1089;"SK0229"
2021-06-02;"Okres Trnava";680;1;681;"SK0217"
2021-06-02;"Okres Turčianske Teplice";145;0;145;"SK0319"
2021-06-02;"Okres Tvrdošín";356;0;356;"SK031A"
2021-06-02;"Okres Veľký Krtíš";443;0;443;"SK032A"
2021-06-02;"Okres Vranov nad Topľou";316;0;316;"SK041D"
2021-06-02;"Okres Zlaté Moravce";280;0;280;"SK0237"
2021-06-02;"Okres Zvolen";819;1;820;"SK032B"
2021-06-02;"Okres Žarnovica";184;0;184;"SK032C"
2021-06-02;"Okres Žiar nad Hronom";399;0;399;"SK032D"
2021-06-02;"Okres Žilina";1378;9;1387;"SK031B"
2021-06-03;"Okres Bánovce nad Bebravou";273;2;275;"SK0221"
2021-06-03;"Okres Banská Bystrica";1059;6;1065;"SK0321"
2021-06-03;"Okres Banská Štiavnica";81;2;83;"SK0322"
2021-06-03;"Okres Bardejov";1177;3;1180;"SK0411"
2021-06-03;"Okres Bratislava I";1321;4;1325;"SK0101"
2021-06-03;"Okres Bratislava II";2002;1;2003;"SK0102"
2021-06-03;"Okres Bratislava III";1484;4;1488;"SK0103"
2021-06-03;"Okres Bratislava IV";1363;0;1363;"SK0104"
2021-06-03;"Okres Bratislava V";1484;6;1490;"SK0105"
2021-06-03;"Okres Brezno";319;2;321;"SK0323"
2021-06-03;"Okres Bytča";181;0;181;"SK0311"
2021-06-03;"Okres Čadca";1625;4;1629;"SK0312"
2021-06-03;"Okres Detva";273;1;274;"SK0324"
2021-06-03;"Okres Dolný Kubín";449;0;449;"SK0313"
2021-06-03;"Okres Dunajská Streda";1147;1;1148;"SK0211"
2021-06-03;"Okres Galanta";500;4;504;"SK0212"
2021-06-03;"Okres Hlohovec";113;0;113;"SK0213"
2021-06-03;"Okres Humenné";508;2;510;"SK0412"
2021-06-03;"Okres Ilava";254;2;256;"SK0222"
2021-06-03;"Okres Kežmarok";281;0;281;"SK0413"
2021-06-03;"Okres Komárno";838;1;839;"SK0231"
2021-06-03;"Okres Košice - okolie";177;0;177;"SK0426"
2021-06-03;"Okres Košice I";857;0;857;"SK0422"
2021-06-03;"Okres Košice II";615;0;615;"SK0423"
2021-06-03;"Okres Košice III";175;0;175;"SK0424"
2021-06-03;"Okres Košice IV";1276;1;1277;"SK0425"
2021-06-03;"Okres Krupina";126;0;126;"SK0325"
2021-06-03;"Okres Kysucké Nové Mesto";429;6;435;"SK0314"
2021-06-03;"Okres Levice";783;3;786;"SK0232"
2021-06-03;"Okres Levoča";200;1;201;"SK0414"
2021-06-03;"Okres Liptovský Mikuláš";495;0;495;"SK0315"
2021-06-03;"Okres Lučenec";1203;1;1204;"SK0326"
2021-06-03;"Okres Malacky";536;1;537;"SK0106"
2021-06-03;"Okres Martin";556;0;556;"SK0316"
2021-06-03;"Okres Medzilaborce";82;0;82;"SK0415"
2021-06-03;"Okres Michalovce";1058;2;1060;"SK0427"
2021-06-03;"Okres Myjava";140;0;140;"SK0223"
2021-06-03;"Okres Námestovo";526;3;529;"SK0317"
2021-06-03;"Okres Nitra";1406;0;1406;"SK0233"
2021-06-03;"Okres Nové Mesto nad Váhom";462;2;464;"SK0224"
2021-06-03;"Okres Nové Zámky";1057;2;1059;"SK0234"
2021-06-03;"Okres Partizánske";276;0;276;"SK0225"
2021-06-03;"Okres Pezinok";581;3;584;"SK0107"
2021-06-03;"Okres Piešťany";418;2;420;"SK0214"
2021-06-03;"Okres Poprad";1131;1;1132;"SK0416"
2021-06-03;"Okres Považská Bystrica";607;0;607;"SK0226"
2021-06-03;"Okres Prešov";1339;1;1340;"SK0417"
2021-06-03;"Okres Prievidza";730;2;732;"SK0227"
2021-06-03;"Okres Púchov";133;0;133;"SK0228"
2021-06-03;"Okres Revúca";387;0;387;"SK0328"
2021-06-03;"Okres Rimavská Sobota";843;6;849;"SK0329"
2021-06-03;"Okres Rožňava";645;3;648;"SK0428"
2021-06-03;"Okres Ružomberok";480;2;482;"SK0318"
2021-06-03;"Okres Sabinov";379;0;379;"SK0418"
2021-06-03;"Okres Senec";837;2;839;"SK0108"
2021-06-03;"Okres Senica";204;1;205;"SK0215"
2021-06-03;"Okres Skalica";548;0;548;"SK0216"
2021-06-03;"Okres Snina";334;1;335;"SK0419"
2021-06-03;"Okres Sobrance";181;0;181;"SK0429"
2021-06-03;"Okres Spišská Nová Ves";787;6;793;"SK042A"
2021-06-03;"Okres Stará Ľubovňa";338;1;339;"SK041A"
2021-06-03;"Okres Stropkov";121;0;121;"SK041B"
2021-06-03;"Okres Svidník";256;0;256;"SK041C"
2021-06-03;"Okres Šaľa";327;0;327;"SK0235"
2021-06-03;"Okres Topoľčany";433;0;433;"SK0236"
2021-06-03;"Okres Trebišov";557;1;558;"SK042B"
2021-06-03;"Okres Trenčín";1103;1;1104;"SK0229"
2021-06-03;"Okres Trnava";1033;3;1036;"SK0217"
2021-06-03;"Okres Turčianske Teplice";40;0;40;"SK0319"
2021-06-03;"Okres Tvrdošín";424;2;426;"SK031A"
2021-06-03;"Okres Veľký Krtíš";476;0;476;"SK032A"
2021-06-03;"Okres Vranov nad Topľou";351;5;356;"SK041D"
2021-06-03;"Okres Zlaté Moravce";218;0;218;"SK0237"
2021-06-03;"Okres Zvolen";837;2;839;"SK032B"
2021-06-03;"Okres Žarnovica";194;0;194;"SK032C"
2021-06-03;"Okres Žiar nad Hronom";415;1;416;"SK032D"
2021-06-03;"Okres Žilina";1119;14;1133;"SK031B"
2021-06-04;"Okres Bánovce nad Bebravou";452;0;452;"SK0221"
2021-06-04;"Okres Banská Bystrica";1670;2;1672;"SK0321"
2021-06-04;"Okres Banská Štiavnica";106;0;106;"SK0322"
2021-06-04;"Okres Bardejov";1564;3;1567;"SK0411"
2021-06-04;"Okres Bratislava I";1907;5;1912;"SK0101"
2021-06-04;"Okres Bratislava II";2997;4;3001;"SK0102"
2021-06-04;"Okres Bratislava III";1967;6;1973;"SK0103"
2021-06-04;"Okres Bratislava IV";2150;0;2150;"SK0104"
2021-06-04;"Okres Bratislava V";1716;6;1722;"SK0105"
2021-06-04;"Okres Brezno";456;0;456;"SK0323"
2021-06-04;"Okres Bytča";364;0;364;"SK0311"
2021-06-04;"Okres Čadca";1840;1;1841;"SK0312"
2021-06-04;"Okres Detva";393;1;394;"SK0324"
2021-06-04;"Okres Dolný Kubín";666;0;666;"SK0313"
2021-06-04;"Okres Dunajská Streda";1884;3;1887;"SK0211"
2021-06-04;"Okres Galanta";1136;0;1136;"SK0212"
2021-06-04;"Okres Gelnica";852;4;856;"SK0421"
2021-06-04;"Okres Hlohovec";147;0;147;"SK0213"
2021-06-04;"Okres Humenné";684;3;687;"SK0412"
2021-06-04;"Okres Ilava";496;0;496;"SK0222"
2021-06-04;"Okres Kežmarok";712;0;712;"SK0413"
2021-06-04;"Okres Komárno";1407;0;1407;"SK0231"
2021-06-04;"Okres Košice - okolie";661;1;662;"SK0426"
2021-06-04;"Okres Košice I";1301;0;1301;"SK0422"
2021-06-04;"Okres Košice II";1054;1;1055;"SK0423"
2021-06-04;"Okres Košice III";159;0;159;"SK0424"
2021-06-04;"Okres Košice IV";1778;5;1783;"SK0425"
2021-06-04;"Okres Krupina";188;0;188;"SK0325"
2021-06-04;"Okres Kysucké Nové Mesto";508;4;512;"SK0314"
2021-06-04;"Okres Levice";962;0;962;"SK0232"
2021-06-04;"Okres Levoča";320;1;321;"SK0414"
2021-06-04;"Okres Liptovský Mikuláš";664;3;667;"SK0315"
2021-06-04;"Okres Lučenec";1491;1;1492;"SK0326"
2021-06-04;"Okres Malacky";760;3;763;"SK0106"
2021-06-04;"Okres Martin";1395;0;1395;"SK0316"
2021-06-04;"Okres Medzilaborce";116;0;116;"SK0415"
2021-06-04;"Okres Michalovce";1724;0;1724;"SK0427"
2021-06-04;"Okres Myjava";255;0;255;"SK0223"
2021-06-04;"Okres Námestovo";957;7;964;"SK0317"
2021-06-04;"Okres Nitra";2041;1;2042;"SK0233"
2021-06-04;"Okres Nové Mesto nad Váhom";824;0;824;"SK0224"
2021-06-04;"Okres Nové Zámky";1616;3;1619;"SK0234"
2021-06-04;"Okres Partizánske";609;2;611;"SK0225"
2021-06-04;"Okres Pezinok";1057;6;1063;"SK0107"
2021-06-04;"Okres Piešťany";717;4;721;"SK0214"
2021-06-04;"Okres Poltár";13;0;13;"SK0327"
2021-06-04;"Okres Poprad";1843;2;1845;"SK0416"
2021-06-04;"Okres Považská Bystrica";1088;0;1088;"SK0226"
2021-06-04;"Okres Prešov";2154;2;2156;"SK0417"
2021-06-04;"Okres Prievidza";1283;1;1284;"SK0227"
2021-06-04;"Okres Púchov";186;0;186;"SK0228"
2021-06-04;"Okres Revúca";572;1;573;"SK0328"
2021-06-04;"Okres Rimavská Sobota";1089;4;1093;"SK0329"
2021-06-04;"Okres Rožňava";1227;2;1229;"SK0428"
2021-06-04;"Okres Ružomberok";819;2;821;"SK0318"
2021-06-04;"Okres Sabinov";637;2;639;"SK0418"
2021-06-04;"Okres Senec";1330;0;1330;"SK0108"
2021-06-04;"Okres Senica";568;1;569;"SK0215"
2021-06-04;"Okres Skalica";617;1;618;"SK0216"
2021-06-04;"Okres Snina";392;1;393;"SK0419"
2021-06-04;"Okres Sobrance";261;0;261;"SK0429"
2021-06-04;"Okres Spišská Nová Ves";1102;5;1107;"SK042A"
2021-06-04;"Okres Stará Ľubovňa";366;0;366;"SK041A"
2021-06-04;"Okres Stropkov";154;0;154;"SK041B"
2021-06-04;"Okres Svidník";413;1;414;"SK041C"
2021-06-04;"Okres Šaľa";564;2;566;"SK0235"
2021-06-04;"Okres Topoľčany";570;0;570;"SK0236"
2021-06-04;"Okres Trebišov";1098;1;1099;"SK042B"
2021-06-04;"Okres Trenčín";1607;0;1607;"SK0229"
2021-06-04;"Okres Trnava";1444;0;1444;"SK0217"
2021-06-04;"Okres Turčianske Teplice";52;0;52;"SK0319"
2021-06-04;"Okres Tvrdošín";1885;0;1885;"SK031A"
2021-06-04;"Okres Veľký Krtíš";769;0;769;"SK032A"
2021-06-04;"Okres Vranov nad Topľou";801;3;804;"SK041D"
2021-06-04;"Okres Zlaté Moravce";458;0;458;"SK0237"
2021-06-04;"Okres Zvolen";1195;3;1198;"SK032B"
2021-06-04;"Okres Žarnovica";197;0;197;"SK032C"
2021-06-04;"Okres Žiar nad Hronom";658;0;658;"SK032D"
2021-06-04;"Okres Žilina";1911;9;1920;"SK031B"
2021-06-05;"Okres Bánovce nad Bebravou";363;0;363;"SK0221"
2021-06-05;"Okres Banská Bystrica";1351;1;1352;"SK0321"
2021-06-05;"Okres Banská Štiavnica";72;0;72;"SK0322"
2021-06-05;"Okres Bardejov";1540;2;1542;"SK0411"
2021-06-05;"Okres Bratislava I";1082;0;1082;"SK0101"
2021-06-05;"Okres Bratislava II";2259;3;2262;"SK0102"
2021-06-05;"Okres Bratislava III";1466;4;1470;"SK0103"
2021-06-05;"Okres Bratislava IV";1726;0;1726;"SK0104"
2021-06-05;"Okres Bratislava V";2380;4;2384;"SK0105"
2021-06-05;"Okres Brezno";383;1;384;"SK0323"
2021-06-05;"Okres Bytča";236;0;236;"SK0311"
2021-06-05;"Okres Čadca";1576;1;1577;"SK0312"
2021-06-05;"Okres Detva";312;1;313;"SK0324"
2021-06-05;"Okres Dolný Kubín";658;0;658;"SK0313"
2021-06-05;"Okres Dunajská Streda";2549;1;2550;"SK0211"
2021-06-05;"Okres Galanta";1145;1;1146;"SK0212"
2021-06-05;"Okres Gelnica";328;0;328;"SK0421"
2021-06-05;"Okres Hlohovec";226;1;227;"SK0213"
2021-06-05;"Okres Humenné";715;2;717;"SK0412"
2021-06-05;"Okres Ilava";363;2;365;"SK0222"
2021-06-05;"Okres Kežmarok";627;1;628;"SK0413"
2021-06-05;"Okres Komárno";1875;0;1875;"SK0231"
2021-06-05;"Okres Košice - okolie";379;0;379;"SK0426"
2021-06-05;"Okres Košice I";1032;0;1032;"SK0422"
2021-06-05;"Okres Košice II";677;0;677;"SK0423"
2021-06-05;"Okres Košice III";142;0;142;"SK0424"
2021-06-05;"Okres Košice IV";1318;0;1318;"SK0425"
2021-06-05;"Okres Krupina";110;0;110;"SK0325"
2021-06-05;"Okres Kysucké Nové Mesto";545;3;548;"SK0314"
2021-06-05;"Okres Levice";1063;1;1064;"SK0232"
2021-06-05;"Okres Levoča";557;0;557;"SK0414"
2021-06-05;"Okres Liptovský Mikuláš";644;0;644;"SK0315"
2021-06-05;"Okres Lučenec";988;0;988;"SK0326"
2021-06-05;"Okres Malacky";739;0;739;"SK0106"
2021-06-05;"Okres Martin";663;0;663;"SK0316"
2021-06-05;"Okres Medzilaborce";99;0;99;"SK0415"
2021-06-05;"Okres Michalovce";1403;1;1404;"SK0427"
2021-06-05;"Okres Myjava";189;0;189;"SK0223"
2021-06-05;"Okres Námestovo";1160;3;1163;"SK0317"
2021-06-05;"Okres Nitra";1445;1;1446;"SK0233"
2021-06-05;"Okres Nové Mesto nad Váhom";734;0;734;"SK0224"
2021-06-05;"Okres Nové Zámky";2679;4;2683;"SK0234"
2021-06-05;"Okres Partizánske";500;0;500;"SK0225"
2021-06-05;"Okres Pezinok";708;2;710;"SK0107"
2021-06-05;"Okres Piešťany";594;0;594;"SK0214"
2021-06-05;"Okres Poprad";1743;2;1745;"SK0416"
2021-06-05;"Okres Považská Bystrica";436;0;436;"SK0226"
2021-06-05;"Okres Prešov";1427;4;1431;"SK0417"
2021-06-05;"Okres Prievidza";936;0;936;"SK0227"
2021-06-05;"Okres Púchov";772;0;772;"SK0228"
2021-06-05;"Okres Revúca";447;0;447;"SK0328"
2021-06-05;"Okres Rimavská Sobota";817;4;821;"SK0329"
2021-06-05;"Okres Rožňava";1063;2;1065;"SK0428"
2021-06-05;"Okres Ružomberok";604;1;605;"SK0318"
2021-06-05;"Okres Sabinov";866;0;866;"SK0418"
2021-06-05;"Okres Senec";1835;2;1837;"SK0108"
2021-06-05;"Okres Senica";795;3;798;"SK0215"
2021-06-05;"Okres Skalica";685;0;685;"SK0216"
2021-06-05;"Okres Snina";558;1;559;"SK0419"
2021-06-05;"Okres Sobrance";316;0;316;"SK0429"
2021-06-05;"Okres Spišská Nová Ves";1403;0;1403;"SK042A"
2021-06-05;"Okres Stará Ľubovňa";679;1;680;"SK041A"
2021-06-05;"Okres Stropkov";291;0;291;"SK041B"
2021-06-05;"Okres Svidník";375;0;375;"SK041C"
2021-06-05;"Okres Šaľa";539;0;539;"SK0235"
2021-06-05;"Okres Topoľčany";486;1;487;"SK0236"
2021-06-05;"Okres Trebišov";1005;0;1005;"SK042B"
2021-06-05;"Okres Trenčín";1419;2;1421;"SK0229"
2021-06-05;"Okres Trnava";934;0;934;"SK0217"
2021-06-05;"Okres Turčianske Teplice";67;0;67;"SK0319"
2021-06-05;"Okres Tvrdošín";999;0;999;"SK031A"
2021-06-05;"Okres Veľký Krtíš";1398;0;1398;"SK032A"
2021-06-05;"Okres Vranov nad Topľou";501;1;502;"SK041D"
2021-06-05;"Okres Zlaté Moravce";330;2;332;"SK0237"
2021-06-05;"Okres Zvolen";762;0;762;"SK032B"
2021-06-05;"Okres Žarnovica";180;0;180;"SK032C"
2021-06-05;"Okres Žiar nad Hronom";470;1;471;"SK032D"
2021-06-05;"Okres Žilina";937;1;938;"SK031B"
2021-06-06;"Okres Bánovce nad Bebravou";445;0;445;"SK0221"
2021-06-06;"Okres Banská Bystrica";961;1;962;"SK0321"
2021-06-06;"Okres Banská Štiavnica";90;0;90;"SK0322"
2021-06-06;"Okres Bardejov";1159;1;1160;"SK0411"
2021-06-06;"Okres Bratislava I";873;2;875;"SK0101"
2021-06-06;"Okres Bratislava II";2421;3;2424;"SK0102"
2021-06-06;"Okres Bratislava III";1469;3;1472;"SK0103"
2021-06-06;"Okres Bratislava IV";1617;3;1620;"SK0104"
2021-06-06;"Okres Bratislava V";2379;3;2382;"SK0105"
2021-06-06;"Okres Brezno";387;0;387;"SK0323"
2021-06-06;"Okres Bytča";253;1;254;"SK0311"
2021-06-06;"Okres Čadca";2614;9;2623;"SK0312"
2021-06-06;"Okres Detva";363;0;363;"SK0324"
2021-06-06;"Okres Dolný Kubín";421;3;424;"SK0313"
2021-06-06;"Okres Dunajská Streda";2113;0;2113;"SK0211"
2021-06-06;"Okres Galanta";557;0;557;"SK0212"
2021-06-06;"Okres Gelnica";237;2;239;"SK0421"
2021-06-06;"Okres Hlohovec";182;1;183;"SK0213"
2021-06-06;"Okres Humenné";664;1;665;"SK0412"
2021-06-06;"Okres Ilava";448;2;450;"SK0222"
2021-06-06;"Okres Kežmarok";708;0;708;"SK0413"
2021-06-06;"Okres Komárno";1717;0;1717;"SK0231"
2021-06-06;"Okres Košice - okolie";255;0;255;"SK0426"
2021-06-06;"Okres Košice I";999;1;1000;"SK0422"
2021-06-06;"Okres Košice II";571;1;572;"SK0423"
2021-06-06;"Okres Košice III";193;0;193;"SK0424"
2021-06-06;"Okres Košice IV";1320;1;1321;"SK0425"
2021-06-06;"Okres Krupina";238;0;238;"SK0325"
2021-06-06;"Okres Kysucké Nové Mesto";607;0;607;"SK0314"
2021-06-06;"Okres Levice";677;3;680;"SK0232"
2021-06-06;"Okres Levoča";157;0;157;"SK0414"
2021-06-06;"Okres Liptovský Mikuláš";401;2;403;"SK0315"
2021-06-06;"Okres Lučenec";1565;0;1565;"SK0326"
2021-06-06;"Okres Malacky";458;0;458;"SK0106"
2021-06-06;"Okres Martin";726;3;729;"SK0316"
2021-06-06;"Okres Medzilaborce";152;0;152;"SK0415"
2021-06-06;"Okres Michalovce";1256;0;1256;"SK0427"
2021-06-06;"Okres Myjava";106;0;106;"SK0223"
2021-06-06;"Okres Nitra";1792;0;1792;"SK0233"
2021-06-06;"Okres Nové Zámky";1513;0;1513;"SK0234"
2021-06-06;"Okres Partizánske";582;0;582;"SK0225"
2021-06-06;"Okres Pezinok";532;7;539;"SK0107"
2021-06-06;"Okres Piešťany";456;0;456;"SK0214"
2021-06-06;"Okres Poltár";190;1;191;"SK0327"
2021-06-06;"Okres Poprad";742;1;743;"SK0416"
2021-06-06;"Okres Považská Bystrica";776;2;778;"SK0226"
2021-06-06;"Okres Prešov";1775;0;1775;"SK0417"
2021-06-06;"Okres Prievidza";902;1;903;"SK0227"
2021-06-06;"Okres Púchov";15;0;15;"SK0228"
2021-06-06;"Okres Revúca";606;1;607;"SK0328"
2021-06-06;"Okres Rimavská Sobota";902;0;902;"SK0329"
2021-06-06;"Okres Rožňava";429;1;430;"SK0428"
2021-06-06;"Okres Ružomberok";272;0;272;"SK0318"
2021-06-06;"Okres Sabinov";1013;1;1014;"SK0418"
2021-06-06;"Okres Senec";764;1;765;"SK0108"
2021-06-06;"Okres Senica";292;1;293;"SK0215"
2021-06-06;"Okres Skalica";1198;0;1198;"SK0216"
2021-06-06;"Okres Snina";366;0;366;"SK0419"
2021-06-06;"Okres Sobrance";315;1;316;"SK0429"
2021-06-06;"Okres Spišská Nová Ves";1119;0;1119;"SK042A"
2021-06-06;"Okres Stará Ľubovňa";238;0;238;"SK041A"
2021-06-06;"Okres Stropkov";270;0;270;"SK041B"
2021-06-06;"Okres Svidník";17;0;17;"SK041C"
2021-06-06;"Okres Šaľa";403;1;404;"SK0235"
2021-06-06;"Okres Topoľčany";516;0;516;"SK0236"
2021-06-06;"Okres Trebišov";1067;0;1067;"SK042B"
2021-06-06;"Okres Trenčín";1385;4;1389;"SK0229"
2021-06-06;"Okres Trnava";865;0;865;"SK0217"
2021-06-06;"Okres Turčianske Teplice";156;0;156;"SK0319"
2021-06-06;"Okres Tvrdošín";743;1;744;"SK031A"
2021-06-06;"Okres Veľký Krtíš";296;0;296;"SK032A"
2021-06-06;"Okres Vranov nad Topľou";441;0;441;"SK041D"
2021-06-06;"Okres Zlaté Moravce";363;0;363;"SK0237"
2021-06-06;"Okres Zvolen";1148;8;1156;"SK032B"
2021-06-06;"Okres Žiar nad Hronom";500;0;500;"SK032D"
2021-06-06;"Okres Žilina";1201;5;1206;"SK031B"
2021-06-07;"Okres Bánovce nad Bebravou";321;0;321;"SK0221"
2021-06-07;"Okres Banská Bystrica";1088;2;1090;"SK0321"
2021-06-07;"Okres Banská Štiavnica";121;3;124;"SK0322"
2021-06-07;"Okres Bardejov";1857;4;1861;"SK0411"
2021-06-07;"Okres Bratislava I";1326;3;1329;"SK0101"
2021-06-07;"Okres Bratislava II";1849;3;1852;"SK0102"
2021-06-07;"Okres Bratislava III";1461;2;1463;"SK0103"
2021-06-07;"Okres Bratislava IV";1564;3;1567;"SK0104"
2021-06-07;"Okres Bratislava V";1307;26;1333;"SK0105"
2021-06-07;"Okres Brezno";378;0;378;"SK0323"
2021-06-07;"Okres Bytča";248;0;248;"SK0311"
2021-06-07;"Okres Čadca";1933;5;1938;"SK0312"
2021-06-07;"Okres Detva";345;2;347;"SK0324"
2021-06-07;"Okres Dolný Kubín";536;0;536;"SK0313"
2021-06-07;"Okres Dunajská Streda";1484;0;1484;"SK0211"
2021-06-07;"Okres Galanta";918;3;921;"SK0212"
2021-06-07;"Okres Gelnica";29;0;29;"SK0421"
2021-06-07;"Okres Hlohovec";127;1;128;"SK0213"
2021-06-07;"Okres Humenné";541;1;542;"SK0412"
2021-06-07;"Okres Ilava";315;0;315;"SK0222"
2021-06-07;"Okres Kežmarok";391;0;391;"SK0413"
2021-06-07;"Okres Komárno";1248;1;1249;"SK0231"
2021-06-07;"Okres Košice - okolie";248;0;248;"SK0426"
2021-06-07;"Okres Košice I";975;2;977;"SK0422"
2021-06-07;"Okres Košice II";806;0;806;"SK0423"
2021-06-07;"Okres Košice III";113;0;113;"SK0424"
2021-06-07;"Okres Košice IV";1115;0;1115;"SK0425"
2021-06-07;"Okres Krupina";166;1;167;"SK0325"
2021-06-07;"Okres Kysucké Nové Mesto";495;3;498;"SK0314"
2021-06-07;"Okres Levice";939;2;941;"SK0232"
2021-06-07;"Okres Levoča";278;0;278;"SK0414"
2021-06-07;"Okres Liptovský Mikuláš";602;3;605;"SK0315"
2021-06-07;"Okres Lučenec";1205;2;1207;"SK0326"
2021-06-07;"Okres Malacky";436;0;436;"SK0106"
2021-06-07;"Okres Martin";1044;2;1046;"SK0316"
2021-06-07;"Okres Medzilaborce";85;0;85;"SK0415"
2021-06-07;"Okres Michalovce";1215;0;1215;"SK0427"
2021-06-07;"Okres Myjava";156;1;157;"SK0223"
2021-06-07;"Okres Námestovo";494;4;498;"SK0317"
2021-06-07;"Okres Nitra";1226;1;1227;"SK0233"
2021-06-07;"Okres Nové Mesto nad Váhom";775;3;778;"SK0224"
2021-06-07;"Okres Nové Zámky";1325;4;1329;"SK0234"
2021-06-07;"Okres Partizánske";308;2;310;"SK0225"
2021-06-07;"Okres Pezinok";662;7;669;"SK0107"
2021-06-07;"Okres Piešťany";339;0;339;"SK0214"
2021-06-07;"Okres Poprad";1717;5;1722;"SK0416"
2021-06-07;"Okres Považská Bystrica";807;1;808;"SK0226"
2021-06-07;"Okres Prešov";1574;2;1576;"SK0417"
2021-06-07;"Okres Prievidza";790;1;791;"SK0227"
2021-06-07;"Okres Púchov";219;1;220;"SK0228"
2021-06-07;"Okres Revúca";682;3;685;"SK0328"
2021-06-07;"Okres Rimavská Sobota";980;4;984;"SK0329"
2021-06-07;"Okres Rožňava";973;11;984;"SK0428"
2021-06-07;"Okres Ružomberok";539;1;540;"SK0318"
2021-06-07;"Okres Sabinov";623;1;624;"SK0418"
2021-06-07;"Okres Senec";665;1;666;"SK0108"
2021-06-07;"Okres Senica";227;1;228;"SK0215"
2021-06-07;"Okres Skalica";526;3;529;"SK0216"
2021-06-07;"Okres Snina";396;2;398;"SK0419"
2021-06-07;"Okres Sobrance";217;0;217;"SK0429"
2021-06-07;"Okres Spišská Nová Ves";975;8;983;"SK042A"
2021-06-07;"Okres Stará Ľubovňa";428;0;428;"SK041A"
2021-06-07;"Okres Stropkov";146;0;146;"SK041B"
2021-06-07;"Okres Svidník";409;0;409;"SK041C"
2021-06-07;"Okres Šaľa";273;0;273;"SK0235"
2021-06-07;"Okres Topoľčany";431;0;431;"SK0236"
2021-06-07;"Okres Trebišov";876;1;877;"SK042B"
2021-06-07;"Okres Trenčín";1253;1;1254;"SK0229"
2021-06-07;"Okres Trnava";658;0;658;"SK0217"
2021-06-07;"Okres Turčianske Teplice";49;0;49;"SK0319"
2021-06-07;"Okres Tvrdošín";579;1;580;"SK031A"
2021-06-07;"Okres Veľký Krtíš";524;0;524;"SK032A"
2021-06-07;"Okres Vranov nad Topľou";554;0;554;"SK041D"
2021-06-07;"Okres Zlaté Moravce";206;0;206;"SK0237"
2021-06-07;"Okres Zvolen";1160;1;1161;"SK032B"
2021-06-07;"Okres Žarnovica";195;1;196;"SK032C"
2021-06-07;"Okres Žiar nad Hronom";483;0;483;"SK032D"
2021-06-07;"Okres Žilina";1221;3;1224;"SK031B"
2021-06-08;"Okres Bánovce nad Bebravou";282;1;283;"SK0221"
2021-06-08;"Okres Banská Bystrica";936;0;936;"SK0321"
2021-06-08;"Okres Banská Štiavnica";73;1;74;"SK0322"
2021-06-08;"Okres Bardejov";1286;1;1287;"SK0411"
2021-06-08;"Okres Bratislava I";1254;6;1260;"SK0101"
2021-06-08;"Okres Bratislava II";1688;9;1697;"SK0102"
2021-06-08;"Okres Bratislava III";1134;2;1136;"SK0103"
2021-06-08;"Okres Bratislava IV";1140;0;1140;"SK0104"
2021-06-08;"Okres Bratislava V";1204;13;1217;"SK0105"
2021-06-08;"Okres Brezno";278;0;278;"SK0323"
2021-06-08;"Okres Bytča";172;0;172;"SK0311"
2021-06-08;"Okres Čadca";1500;1;1501;"SK0312"
2021-06-08;"Okres Detva";264;0;264;"SK0324"
2021-06-08;"Okres Dolný Kubín";492;0;492;"SK0313"
2021-06-08;"Okres Dunajská Streda";956;0;956;"SK0211"
2021-06-08;"Okres Galanta";433;2;435;"SK0212"
2021-06-08;"Okres Gelnica";1;0;1;"SK0421"
2021-06-08;"Okres Hlohovec";113;0;113;"SK0213"
2021-06-08;"Okres Humenné";483;2;485;"SK0412"
2021-06-08;"Okres Ilava";212;2;214;"SK0222"
2021-06-08;"Okres Kežmarok";280;0;280;"SK0413"
2021-06-08;"Okres Komárno";816;1;817;"SK0231"
2021-06-08;"Okres Košice - okolie";174;3;177;"SK0426"
2021-06-08;"Okres Košice I";892;0;892;"SK0422"
2021-06-08;"Okres Košice II";565;0;565;"SK0423"
2021-06-08;"Okres Košice III";95;0;95;"SK0424"
2021-06-08;"Okres Košice IV";1776;5;1781;"SK0425"
2021-06-08;"Okres Krupina";140;1;141;"SK0325"
2021-06-08;"Okres Kysucké Nové Mesto";348;1;349;"SK0314"
2021-06-08;"Okres Levice";669;1;670;"SK0232"
2021-06-08;"Okres Levoča";210;1;211;"SK0414"
2021-06-08;"Okres Liptovský Mikuláš";578;0;578;"SK0315"
2021-06-08;"Okres Lučenec";944;1;945;"SK0326"
2021-06-08;"Okres Malacky";240;0;240;"SK0106"
2021-06-08;"Okres Martin";622;0;622;"SK0316"
2021-06-08;"Okres Medzilaborce";85;0;85;"SK0415"
2021-06-08;"Okres Michalovce";984;3;987;"SK0427"
2021-06-08;"Okres Myjava";228;0;228;"SK0223"
2021-06-08;"Okres Námestovo";252;1;253;"SK0317"
2021-06-08;"Okres Nitra";975;0;975;"SK0233"
2021-06-08;"Okres Nové Mesto nad Váhom";330;0;330;"SK0224"
2021-06-08;"Okres Nové Zámky";943;1;944;"SK0234"
2021-06-08;"Okres Partizánske";380;2;382;"SK0225"
2021-06-08;"Okres Pezinok";463;2;465;"SK0107"
2021-06-08;"Okres Piešťany";337;1;338;"SK0214"
2021-06-08;"Okres Poltár";8;0;8;"SK0327"
2021-06-08;"Okres Poprad";1045;2;1047;"SK0416"
2021-06-08;"Okres Považská Bystrica";536;0;536;"SK0226"
2021-06-08;"Okres Prešov";1114;2;1116;"SK0417"
2021-06-08;"Okres Prievidza";720;1;721;"SK0227"
2021-06-08;"Okres Púchov";126;0;126;"SK0228"
2021-06-08;"Okres Revúca";444;0;444;"SK0328"
2021-06-08;"Okres Rimavská Sobota";813;4;817;"SK0329"
2021-06-08;"Okres Rožňava";577;0;577;"SK0428"
2021-06-08;"Okres Ružomberok";607;7;614;"SK0318"
2021-06-08;"Okres Sabinov";393;0;393;"SK0418"
2021-06-08;"Okres Senec";696;0;696;"SK0108"
2021-06-08;"Okres Senica";141;1;142;"SK0215"
2021-06-08;"Okres Skalica";380;0;380;"SK0216"
2021-06-08;"Okres Snina";299;1;300;"SK0419"
2021-06-08;"Okres Sobrance";185;0;185;"SK0429"
2021-06-08;"Okres Spišská Nová Ves";915;2;917;"SK042A"
2021-06-08;"Okres Stará Ľubovňa";252;0;252;"SK041A"
2021-06-08;"Okres Stropkov";156;0;156;"SK041B"
2021-06-08;"Okres Svidník";313;0;313;"SK041C"
2021-06-08;"Okres Šaľa";230;0;230;"SK0235"
2021-06-08;"Okres Topoľčany";347;0;347;"SK0236"
2021-06-08;"Okres Trebišov";627;0;627;"SK042B"
2021-06-08;"Okres Trenčín";907;1;908;"SK0229"
2021-06-08;"Okres Trnava";527;0;527;"SK0217"
2021-06-08;"Okres Turčianske Teplice";54;0;54;"SK0319"
2021-06-08;"Okres Tvrdošín";515;0;515;"SK031A"
2021-06-08;"Okres Veľký Krtíš";395;0;395;"SK032A"
2021-06-08;"Okres Vranov nad Topľou";374;3;377;"SK041D"
2021-06-08;"Okres Zlaté Moravce";259;0;259;"SK0237"
2021-06-08;"Okres Zvolen";810;0;810;"SK032B"
2021-06-08;"Okres Žarnovica";137;1;138;"SK032C"
2021-06-08;"Okres Žiar nad Hronom";352;2;354;"SK032D"
2021-06-08;"Okres Žilina";1097;5;1102;"SK031B"
2021-06-09;"Okres Bánovce nad Bebravou";238;1;239;"SK0221"
2021-06-09;"Okres Banská Bystrica";884;1;885;"SK0321"
2021-06-09;"Okres Banská Štiavnica";59;0;59;"SK0322"
2021-06-09;"Okres Bardejov";1166;0;1166;"SK0411"
2021-06-09;"Okres Bratislava I";1206;3;1209;"SK0101"
2021-06-09;"Okres Bratislava II";1656;2;1658;"SK0102"
2021-06-09;"Okres Bratislava III";1165;0;1165;"SK0103"
2021-06-09;"Okres Bratislava IV";911;3;914;"SK0104"
2021-06-09;"Okres Bratislava V";1178;3;1181;"SK0105"
2021-06-09;"Okres Brezno";270;0;270;"SK0323"
2021-06-09;"Okres Bytča";128;0;128;"SK0311"
2021-06-09;"Okres Čadca";1410;5;1415;"SK0312"
2021-06-09;"Okres Detva";275;0;275;"SK0324"
2021-06-09;"Okres Dolný Kubín";395;0;395;"SK0313"
2021-06-09;"Okres Dunajská Streda";974;0;974;"SK0211"
2021-06-09;"Okres Galanta";554;0;554;"SK0212"
2021-06-09;"Okres Hlohovec";106;0;106;"SK0213"
2021-06-09;"Okres Humenné";532;0;532;"SK0412"
2021-06-09;"Okres Ilava";237;0;237;"SK0222"
2021-06-09;"Okres Kežmarok";254;0;254;"SK0413"
2021-06-09;"Okres Komárno";781;1;782;"SK0231"
2021-06-09;"Okres Košice - okolie";196;0;196;"SK0426"
2021-06-09;"Okres Košice I";824;0;824;"SK0422"
2021-06-09;"Okres Košice II";645;1;646;"SK0423"
2021-06-09;"Okres Košice III";96;0;96;"SK0424"
2021-06-09;"Okres Košice IV";1143;1;1144;"SK0425"
2021-06-09;"Okres Krupina";158;0;158;"SK0325"
2021-06-09;"Okres Kysucké Nové Mesto";336;0;336;"SK0314"
2021-06-09;"Okres Levice";1088;3;1091;"SK0232"
2021-06-09;"Okres Levoča";214;1;215;"SK0414"
2021-06-09;"Okres Liptovský Mikuláš";407;0;407;"SK0315"
2021-06-09;"Okres Lučenec";943;0;943;"SK0326"
2021-06-09;"Okres Malacky";438;0;438;"SK0106"
2021-06-09;"Okres Martin";445;1;446;"SK0316"
2021-06-09;"Okres Medzilaborce";63;0;63;"SK0415"
2021-06-09;"Okres Michalovce";1053;0;1053;"SK0427"
2021-06-09;"Okres Myjava";200;0;200;"SK0223"
2021-06-09;"Okres Námestovo";231;1;232;"SK0317"
2021-06-09;"Okres Nitra";1057;0;1057;"SK0233"
2021-06-09;"Okres Nové Mesto nad Váhom";368;0;368;"SK0224"
2021-06-09;"Okres Nové Zámky";995;1;996;"SK0234"
2021-06-09;"Okres Partizánske";217;0;217;"SK0225"
2021-06-09;"Okres Pezinok";520;0;520;"SK0107"
2021-06-09;"Okres Piešťany";350;0;350;"SK0214"
2021-06-09;"Okres Poltár";78;0;78;"SK0327"
2021-06-09;"Okres Poprad";996;2;998;"SK0416"
2021-06-09;"Okres Považská Bystrica";429;0;429;"SK0226"
2021-06-09;"Okres Prešov";1147;0;1147;"SK0417"
2021-06-09;"Okres Prievidza";631;0;631;"SK0227"
2021-06-09;"Okres Púchov";134;1;135;"SK0228"
2021-06-09;"Okres Revúca";438;0;438;"SK0328"
2021-06-09;"Okres Rimavská Sobota";743;1;744;"SK0329"
2021-06-09;"Okres Rožňava";566;3;569;"SK0428"
2021-06-09;"Okres Ružomberok";384;1;385;"SK0318"
2021-06-09;"Okres Sabinov";473;0;473;"SK0418"
2021-06-09;"Okres Senec";501;1;502;"SK0108"
2021-06-09;"Okres Senica";171;0;171;"SK0215"
2021-06-09;"Okres Skalica";509;1;510;"SK0216"
2021-06-09;"Okres Snina";291;0;291;"SK0419"
2021-06-09;"Okres Sobrance";175;0;175;"SK0429"
2021-06-09;"Okres Spišská Nová Ves";781;2;783;"SK042A"
2021-06-09;"Okres Stará Ľubovňa";196;0;196;"SK041A"
2021-06-09;"Okres Stropkov";157;0;157;"SK041B"
2021-06-09;"Okres Svidník";242;0;242;"SK041C"
2021-06-09;"Okres Šaľa";142;0;142;"SK0235"
2021-06-09;"Okres Topoľčany";338;0;338;"SK0236"
2021-06-09;"Okres Trebišov";519;0;519;"SK042B"
2021-06-09;"Okres Trenčín";889;4;893;"SK0229"
2021-06-09;"Okres Trnava";831;0;831;"SK0217"
2021-06-09;"Okres Turčianske Teplice";36;0;36;"SK0319"
2021-06-09;"Okres Tvrdošín";411;0;411;"SK031A"
2021-06-09;"Okres Veľký Krtíš";415;0;415;"SK032A"
2021-06-09;"Okres Vranov nad Topľou";266;0;266;"SK041D"
2021-06-09;"Okres Zlaté Moravce";255;0;255;"SK0237"
2021-06-09;"Okres Zvolen";723;0;723;"SK032B"
2021-06-09;"Okres Žarnovica";148;0;148;"SK032C"
2021-06-09;"Okres Žiar nad Hronom";376;0;376;"SK032D"
2021-06-09;"Okres Žilina";1039;2;1041;"SK031B"
2021-06-10;"Okres Bánovce nad Bebravou";205;0;205;"SK0221"
2021-06-10;"Okres Banská Bystrica";887;0;887;"SK0321"
2021-06-10;"Okres Banská Štiavnica";56;0;56;"SK0322"
2021-06-10;"Okres Bardejov";1134;1;1135;"SK0411"
2021-06-10;"Okres Bratislava I";1269;3;1272;"SK0101"
2021-06-10;"Okres Bratislava II";1895;3;1898;"SK0102"
2021-06-10;"Okres Bratislava III";1230;4;1234;"SK0103"
2021-06-10;"Okres Bratislava IV";1193;1;1194;"SK0104"
2021-06-10;"Okres Bratislava V";1285;3;1288;"SK0105"
2021-06-10;"Okres Brezno";268;0;268;"SK0323"
2021-06-10;"Okres Bytča";147;0;147;"SK0311"
2021-06-10;"Okres Čadca";1344;2;1346;"SK0312"
2021-06-10;"Okres Detva";231;2;233;"SK0324"
2021-06-10;"Okres Dolný Kubín";843;0;843;"SK0313"
2021-06-10;"Okres Dunajská Streda";608;0;608;"SK0211"
2021-06-10;"Okres Galanta";700;0;700;"SK0212"
2021-06-10;"Okres Gelnica";2;0;2;"SK0421"
2021-06-10;"Okres Hlohovec";80;0;80;"SK0213"
2021-06-10;"Okres Humenné";398;0;398;"SK0412"
2021-06-10;"Okres Ilava";263;0;263;"SK0222"
2021-06-10;"Okres Kežmarok";365;0;365;"SK0413"
2021-06-10;"Okres Komárno";852;0;852;"SK0231"
2021-06-10;"Okres Košice - okolie";157;1;158;"SK0426"
2021-06-10;"Okres Košice I";699;1;700;"SK0422"
2021-06-10;"Okres Košice II";525;0;525;"SK0423"
2021-06-10;"Okres Košice III";82;0;82;"SK0424"
2021-06-10;"Okres Košice IV";1154;2;1156;"SK0425"
2021-06-10;"Okres Krupina";152;0;152;"SK0325"
2021-06-10;"Okres Kysucké Nové Mesto";365;0;365;"SK0314"
2021-06-10;"Okres Levice";719;0;719;"SK0232"
2021-06-10;"Okres Levoča";227;2;229;"SK0414"
2021-06-10;"Okres Liptovský Mikuláš";483;0;483;"SK0315"
2021-06-10;"Okres Lučenec";930;0;930;"SK0326"
2021-06-10;"Okres Malacky";232;0;232;"SK0106"
2021-06-10;"Okres Martin";423;1;424;"SK0316"
2021-06-10;"Okres Medzilaborce";62;0;62;"SK0415"
2021-06-10;"Okres Michalovce";997;2;999;"SK0427"
2021-06-10;"Okres Myjava";86;0;86;"SK0223"
2021-06-10;"Okres Námestovo";449;2;451;"SK0317"
2021-06-10;"Okres Nitra";1141;0;1141;"SK0233"
2021-06-10;"Okres Nové Mesto nad Váhom";327;0;327;"SK0224"
2021-06-10;"Okres Nové Zámky";1021;1;1022;"SK0234"
2021-06-10;"Okres Partizánske";290;1;291;"SK0225"
2021-06-10;"Okres Pezinok";550;1;551;"SK0107"
2021-06-10;"Okres Piešťany";343;0;343;"SK0214"
2021-06-10;"Okres Poprad";1293;0;1293;"SK0416"
2021-06-10;"Okres Považská Bystrica";440;0;440;"SK0226"
2021-06-10;"Okres Prešov";1220;3;1223;"SK0417"
2021-06-10;"Okres Prievidza";687;0;687;"SK0227"
2021-06-10;"Okres Púchov";134;1;135;"SK0228"
2021-06-10;"Okres Revúca";342;0;342;"SK0328"
2021-06-10;"Okres Rimavská Sobota";732;2;734;"SK0329"
2021-06-10;"Okres Rožňava";841;5;846;"SK0428"
2021-06-10;"Okres Ružomberok";372;1;373;"SK0318"
2021-06-10;"Okres Sabinov";403;1;404;"SK0418"
2021-06-10;"Okres Senec";471;0;471;"SK0108"
2021-06-10;"Okres Senica";195;1;196;"SK0215"
2021-06-10;"Okres Skalica";213;0;213;"SK0216"
2021-06-10;"Okres Snina";248;0;248;"SK0419"
2021-06-10;"Okres Sobrance";162;2;164;"SK0429"
2021-06-10;"Okres Spišská Nová Ves";1250;3;1253;"SK042A"
2021-06-10;"Okres Stará Ľubovňa";290;0;290;"SK041A"
2021-06-10;"Okres Stropkov";151;0;151;"SK041B"
2021-06-10;"Okres Svidník";207;0;207;"SK041C"
2021-06-10;"Okres Šaľa";269;0;269;"SK0235"
2021-06-10;"Okres Topoľčany";320;0;320;"SK0236"
2021-06-10;"Okres Trebišov";509;0;509;"SK042B"
2021-06-10;"Okres Trenčín";762;5;767;"SK0229"
2021-06-10;"Okres Trnava";739;0;739;"SK0217"
2021-06-10;"Okres Turčianske Teplice";32;0;32;"SK0319"
2021-06-10;"Okres Tvrdošín";435;0;435;"SK031A"
2021-06-10;"Okres Veľký Krtíš";574;0;574;"SK032A"
2021-06-10;"Okres Vranov nad Topľou";296;2;298;"SK041D"
2021-06-10;"Okres Zlaté Moravce";217;0;217;"SK0237"
2021-06-10;"Okres Zvolen";810;2;812;"SK032B"
2021-06-10;"Okres Žarnovica";143;0;143;"SK032C"
2021-06-10;"Okres Žiar nad Hronom";390;1;391;"SK032D"
2021-06-10;"Okres Žilina";1019;1;1020;"SK031B"
2021-06-11;"Okres Bánovce nad Bebravou";189;0;189;"SK0221"
2021-06-11;"Okres Banská Bystrica";2007;0;2007;"SK0321"
2021-06-11;"Okres Banská Štiavnica";92;0;92;"SK0322"
2021-06-11;"Okres Bardejov";1690;0;1690;"SK0411"
2021-06-11;"Okres Bratislava I";1781;2;1783;"SK0101"
2021-06-11;"Okres Bratislava II";2793;1;2794;"SK0102"
2021-06-11;"Okres Bratislava III";1728;7;1735;"SK0103"
2021-06-11;"Okres Bratislava IV";1766;3;1769;"SK0104"
2021-06-11;"Okres Bratislava V";1737;2;1739;"SK0105"
2021-06-11;"Okres Brezno";557;1;558;"SK0323"
2021-06-11;"Okres Bytča";120;0;120;"SK0311"
2021-06-11;"Okres Čadca";1631;2;1633;"SK0312"
2021-06-11;"Okres Detva";392;1;393;"SK0324"
2021-06-11;"Okres Dolný Kubín";872;0;872;"SK0313"
2021-06-11;"Okres Dunajská Streda";1091;0;1091;"SK0211"
2021-06-11;"Okres Galanta";922;0;922;"SK0212"
2021-06-11;"Okres Gelnica";7;0;7;"SK0421"
2021-06-11;"Okres Hlohovec";165;0;165;"SK0213"
2021-06-11;"Okres Humenné";621;2;623;"SK0412"
2021-06-11;"Okres Ilava";271;1;272;"SK0222"
2021-06-11;"Okres Kežmarok";449;0;449;"SK0413"
2021-06-11;"Okres Komárno";1227;1;1228;"SK0231"
2021-06-11;"Okres Košice - okolie";379;0;379;"SK0426"
2021-06-11;"Okres Košice I";1122;0;1122;"SK0422"
2021-06-11;"Okres Košice II";706;0;706;"SK0423"
2021-06-11;"Okres Košice III";132;0;132;"SK0424"
2021-06-11;"Okres Košice IV";1489;0;1489;"SK0425"
2021-06-11;"Okres Krupina";148;0;148;"SK0325"
2021-06-11;"Okres Kysucké Nové Mesto";449;1;450;"SK0314"
2021-06-11;"Okres Levice";768;1;769;"SK0232"
2021-06-11;"Okres Levoča";262;0;262;"SK0414"
2021-06-11;"Okres Liptovský Mikuláš";562;0;562;"SK0315"
2021-06-11;"Okres Lučenec";1211;1;1212;"SK0326"
2021-06-11;"Okres Malacky";360;0;360;"SK0106"
2021-06-11;"Okres Martin";899;0;899;"SK0316"
2021-06-11;"Okres Medzilaborce";104;3;107;"SK0415"
2021-06-11;"Okres Michalovce";1420;3;1423;"SK0427"
2021-06-11;"Okres Myjava";262;0;262;"SK0223"
2021-06-11;"Okres Námestovo";382;0;382;"SK0317"
2021-06-11;"Okres Nitra";1724;0;1724;"SK0233"
2021-06-11;"Okres Nové Mesto nad Váhom";708;2;710;"SK0224"
2021-06-11;"Okres Nové Zámky";1123;1;1124;"SK0234"
2021-06-11;"Okres Partizánske";428;2;430;"SK0225"
2021-06-11;"Okres Pezinok";593;5;598;"SK0107"
2021-06-11;"Okres Piešťany";645;0;645;"SK0214"
2021-06-11;"Okres Poltár";24;0;24;"SK0327"
2021-06-11;"Okres Poprad";1711;2;1713;"SK0416"
2021-06-11;"Okres Považská Bystrica";638;0;638;"SK0226"
2021-06-11;"Okres Prešov";1604;1;1605;"SK0417"
2021-06-11;"Okres Prievidza";1237;2;1239;"SK0227"
2021-06-11;"Okres Púchov";5;0;5;"SK0228"
2021-06-11;"Okres Revúca";562;1;563;"SK0328"
2021-06-11;"Okres Rimavská Sobota";1355;3;1358;"SK0329"
2021-06-11;"Okres Rožňava";606;0;606;"SK0428"
2021-06-11;"Okres Ružomberok";895;1;896;"SK0318"
2021-06-11;"Okres Sabinov";702;0;702;"SK0418"
2021-06-11;"Okres Senec";1008;0;1008;"SK0108"
2021-06-11;"Okres Senica";617;0;617;"SK0215"
2021-06-11;"Okres Skalica";322;4;326;"SK0216"
2021-06-11;"Okres Snina";316;0;316;"SK0419"
2021-06-11;"Okres Sobrance";286;1;287;"SK0429"
2021-06-11;"Okres Spišská Nová Ves";1186;1;1187;"SK042A"
2021-06-11;"Okres Stará Ľubovňa";470;0;470;"SK041A"
2021-06-11;"Okres Stropkov";187;0;187;"SK041B"
2021-06-11;"Okres Svidník";379;0;379;"SK041C"
2021-06-11;"Okres Šaľa";232;0;232;"SK0235"
2021-06-11;"Okres Topoľčany";524;1;525;"SK0236"
2021-06-11;"Okres Trebišov";719;0;719;"SK042B"
2021-06-11;"Okres Trenčín";1520;3;1523;"SK0229"
2021-06-11;"Okres Trnava";1141;0;1141;"SK0217"
2021-06-11;"Okres Turčianske Teplice";57;0;57;"SK0319"
2021-06-11;"Okres Tvrdošín";1792;0;1792;"SK031A"
2021-06-11;"Okres Veľký Krtíš";735;0;735;"SK032A"
2021-06-11;"Okres Vranov nad Topľou";637;1;638;"SK041D"
2021-06-11;"Okres Zlaté Moravce";465;0;465;"SK0237"
2021-06-11;"Okres Zvolen";1356;3;1359;"SK032B"
2021-06-11;"Okres Žiar nad Hronom";713;3;716;"SK032D"
2021-06-11;"Okres Žilina";1816;4;1820;"SK031B"
2021-06-12;"Okres Bánovce nad Bebravou";551;0;551;"SK0221"
2021-06-12;"Okres Banská Bystrica";1035;0;1035;"SK0321"
2021-06-12;"Okres Banská Štiavnica";88;0;88;"SK0322"
2021-06-12;"Okres Bardejov";1433;2;1435;"SK0411"
2021-06-12;"Okres Bratislava I";1010;2;1012;"SK0101"
2021-06-12;"Okres Bratislava II";1927;4;1931;"SK0102"
2021-06-12;"Okres Bratislava III";1252;2;1254;"SK0103"
2021-06-12;"Okres Bratislava IV";1300;0;1300;"SK0104"
2021-06-12;"Okres Bratislava V";1170;0;1170;"SK0105"
2021-06-12;"Okres Brezno";338;0;338;"SK0323"
2021-06-12;"Okres Bytča";140;0;140;"SK0311"
2021-06-12;"Okres Čadca";1353;1;1354;"SK0312"
2021-06-12;"Okres Detva";253;0;253;"SK0324"
2021-06-12;"Okres Dolný Kubín";754;0;754;"SK0313"
2021-06-12;"Okres Dunajská Streda";1048;0;1048;"SK0211"
2021-06-12;"Okres Galanta";779;0;779;"SK0212"
2021-06-12;"Okres Gelnica";380;6;386;"SK0421"
2021-06-12;"Okres Hlohovec";143;0;143;"SK0213"
2021-06-12;"Okres Humenné";375;1;376;"SK0412"
2021-06-12;"Okres Ilava";502;0;502;"SK0222"
2021-06-12;"Okres Kežmarok";493;0;493;"SK0413"
2021-06-12;"Okres Komárno";1566;0;1566;"SK0231"
2021-06-12;"Okres Košice - okolie";265;0;265;"SK0426"
2021-06-12;"Okres Košice I";842;2;844;"SK0422"
2021-06-12;"Okres Košice II";462;0;462;"SK0423"
2021-06-12;"Okres Košice III";139;0;139;"SK0424"
2021-06-12;"Okres Košice IV";1171;0;1171;"SK0425"
2021-06-12;"Okres Krupina";146;2;148;"SK0325"
2021-06-12;"Okres Kysucké Nové Mesto";397;0;397;"SK0314"
2021-06-12;"Okres Levice";784;0;784;"SK0232"
2021-06-12;"Okres Levoča";406;3;409;"SK0414"
2021-06-12;"Okres Liptovský Mikuláš";323;0;323;"SK0315"
2021-06-12;"Okres Lučenec";905;0;905;"SK0326"
2021-06-12;"Okres Malacky";291;0;291;"SK0106"
2021-06-12;"Okres Martin";809;1;810;"SK0316"
2021-06-12;"Okres Medzilaborce";106;2;108;"SK0415"
2021-06-12;"Okres Michalovce";954;0;954;"SK0427"
2021-06-12;"Okres Myjava";228;0;228;"SK0223"
2021-06-12;"Okres Námestovo";814;1;815;"SK0317"
2021-06-12;"Okres Nitra";1339;0;1339;"SK0233"
2021-06-12;"Okres Nové Mesto nad Váhom";443;0;443;"SK0224"
2021-06-12;"Okres Nové Zámky";2020;0;2020;"SK0234"
2021-06-12;"Okres Partizánske";288;93;381;"SK0225"
2021-06-12;"Okres Pezinok";431;1;432;"SK0107"
2021-06-12;"Okres Piešťany";464;0;464;"SK0214"
2021-06-12;"Okres Poprad";1407;1;1408;"SK0416"
2021-06-12;"Okres Považská Bystrica";340;1;341;"SK0226"
2021-06-12;"Okres Prešov";1357;0;1357;"SK0417"
2021-06-12;"Okres Prievidza";838;3;841;"SK0227"
2021-06-12;"Okres Púchov";4;0;4;"SK0228"
2021-06-12;"Okres Revúca";364;0;364;"SK0328"
2021-06-12;"Okres Rimavská Sobota";1031;2;1033;"SK0329"
2021-06-12;"Okres Rožňava";692;1;693;"SK0428"
2021-06-12;"Okres Ružomberok";528;0;528;"SK0318"
2021-06-12;"Okres Sabinov";743;0;743;"SK0418"
2021-06-12;"Okres Senec";1114;0;1114;"SK0108"
2021-06-12;"Okres Senica";441;0;441;"SK0215"
2021-06-12;"Okres Skalica";329;1;330;"SK0216"
2021-06-12;"Okres Snina";305;0;305;"SK0419"
2021-06-12;"Okres Sobrance";245;0;245;"SK0429"
2021-06-12;"Okres Spišská Nová Ves";914;0;914;"SK042A"
2021-06-12;"Okres Stará Ľubovňa";507;0;507;"SK041A"
2021-06-12;"Okres Stropkov";224;0;224;"SK041B"
2021-06-12;"Okres Svidník";382;0;382;"SK041C"
2021-06-12;"Okres Šaľa";899;1;900;"SK0235"
2021-06-12;"Okres Topoľčany";255;0;255;"SK0236"
2021-06-12;"Okres Trebišov";845;0;845;"SK042B"
2021-06-12;"Okres Trenčín";1015;1;1016;"SK0229"
2021-06-12;"Okres Trnava";782;0;782;"SK0217"
2021-06-12;"Okres Turčianske Teplice";79;0;79;"SK0319"
2021-06-12;"Okres Tvrdošín";640;0;640;"SK031A"
2021-06-12;"Okres Veľký Krtíš";700;0;700;"SK032A"
2021-06-12;"Okres Vranov nad Topľou";337;0;337;"SK041D"
2021-06-12;"Okres Zlaté Moravce";231;0;231;"SK0237"
2021-06-12;"Okres Zvolen";723;1;724;"SK032B"
2021-06-12;"Okres Žiar nad Hronom";399;0;399;"SK032D"
2021-06-12;"Okres Žilina";901;4;905;"SK031B"
2021-06-13;"Okres Bánovce nad Bebravou";341;1;342;"SK0221"
2021-06-13;"Okres Banská Bystrica";1043;0;1043;"SK0321"
2021-06-13;"Okres Banská Štiavnica";4;0;4;"SK0322"
2021-06-13;"Okres Bardejov";984;2;986;"SK0411"
2021-06-13;"Okres Bratislava I";363;0;363;"SK0101"
2021-06-13;"Okres Bratislava II";1953;1;1954;"SK0102"
2021-06-13;"Okres Bratislava III";956;0;956;"SK0103"
2021-06-13;"Okres Bratislava IV";1107;0;1107;"SK0104"
2021-06-13;"Okres Bratislava V";417;0;417;"SK0105"
2021-06-13;"Okres Brezno";249;0;249;"SK0323"
2021-06-13;"Okres Bytča";206;0;206;"SK0311"
2021-06-13;"Okres Čadca";1931;3;1934;"SK0312"
2021-06-13;"Okres Detva";111;0;111;"SK0324"
2021-06-13;"Okres Dolný Kubín";294;0;294;"SK0313"
2021-06-13;"Okres Dunajská Streda";1265;3;1268;"SK0211"
2021-06-13;"Okres Galanta";392;0;392;"SK0212"
2021-06-13;"Okres Gelnica";234;0;234;"SK0421"
2021-06-13;"Okres Hlohovec";137;0;137;"SK0213"
2021-06-13;"Okres Humenné";503;0;503;"SK0412"
2021-06-13;"Okres Ilava";396;0;396;"SK0222"
2021-06-13;"Okres Kežmarok";270;1;271;"SK0413"
2021-06-13;"Okres Komárno";1103;0;1103;"SK0231"
2021-06-13;"Okres Košice - okolie";233;0;233;"SK0426"
2021-06-13;"Okres Košice I";775;0;775;"SK0422"
2021-06-13;"Okres Košice II";334;0;334;"SK0423"
2021-06-13;"Okres Košice III";151;0;151;"SK0424"
2021-06-13;"Okres Košice IV";905;2;907;"SK0425"
2021-06-13;"Okres Kysucké Nové Mesto";498;1;499;"SK0314"
2021-06-13;"Okres Levice";1023;2;1025;"SK0232"
2021-06-13;"Okres Levoča";107;0;107;"SK0414"
2021-06-13;"Okres Liptovský Mikuláš";391;0;391;"SK0315"
2021-06-13;"Okres Lučenec";1290;0;1290;"SK0326"
2021-06-13;"Okres Martin";658;2;660;"SK0316"
2021-06-13;"Okres Medzilaborce";119;0;119;"SK0415"
2021-06-13;"Okres Michalovce";1080;0;1080;"SK0427"
2021-06-13;"Okres Myjava";26;0;26;"SK0223"
2021-06-13;"Okres Nitra";1399;0;1399;"SK0233"
2021-06-13;"Okres Nové Mesto nad Váhom";122;0;122;"SK0224"
2021-06-13;"Okres Nové Zámky";1117;1;1118;"SK0234"
2021-06-13;"Okres Partizánske";268;0;268;"SK0225"
2021-06-13;"Okres Pezinok";433;1;434;"SK0107"
2021-06-13;"Okres Piešťany";208;1;209;"SK0214"
2021-06-13;"Okres Poprad";680;0;680;"SK0416"
2021-06-13;"Okres Považská Bystrica";447;1;448;"SK0226"
2021-06-13;"Okres Prešov";1530;1;1531;"SK0417"
2021-06-13;"Okres Prievidza";751;0;751;"SK0227"
2021-06-13;"Okres Revúca";523;1;524;"SK0328"
2021-06-13;"Okres Rimavská Sobota";797;1;798;"SK0329"
2021-06-13;"Okres Rožňava";305;1;306;"SK0428"
2021-06-13;"Okres Ružomberok";311;0;311;"SK0318"
2021-06-13;"Okres Sabinov";763;2;765;"SK0418"
2021-06-13;"Okres Senec";681;1;682;"SK0108"
2021-06-13;"Okres Senica";346;1;347;"SK0215"
2021-06-13;"Okres Skalica";466;0;466;"SK0216"
2021-06-13;"Okres Snina";203;0;203;"SK0419"
2021-06-13;"Okres Sobrance";206;3;209;"SK0429"
2021-06-13;"Okres Spišská Nová Ves";783;2;785;"SK042A"
2021-06-13;"Okres Stará Ľubovňa";178;0;178;"SK041A"
2021-06-13;"Okres Stropkov";180;0;180;"SK041B"
2021-06-13;"Okres Šaľa";306;0;306;"SK0235"
2021-06-13;"Okres Topoľčany";488;0;488;"SK0236"
2021-06-13;"Okres Trebišov";848;0;848;"SK042B"
2021-06-13;"Okres Trenčín";1108;1;1109;"SK0229"
2021-06-13;"Okres Trnava";710;0;710;"SK0217"
2021-06-13;"Okres Turčianske Teplice";107;0;107;"SK0319"
2021-06-13;"Okres Tvrdošín";381;1;382;"SK031A"
2021-06-13;"Okres Veľký Krtíš";85;0;85;"SK032A"
2021-06-13;"Okres Vranov nad Topľou";439;0;439;"SK041D"
2021-06-13;"Okres Zlaté Moravce";334;0;334;"SK0237"
2021-06-13;"Okres Zvolen";563;3;566;"SK032B"
2021-06-13;"Okres Žiar nad Hronom";66;0;66;"SK032D"
2021-06-13;"Okres Žilina";1081;1;1082;"SK031B"
2021-06-14;"Okres Bratislava I";1;0;1;"SK0101"
2021-06-14;"Okres Bratislava II";1;0;1;"SK0102"
2021-06-14;"Okres Liptovský Mikuláš";1;0;1;"SK0315"
2021-06-14;"Okres Nitra";5;0;5;"SK0233"
2021-06-14;"Okres Trenčín";4;0;4;"SK0229"
