"Datum";"Region";"PCR_Pos";"Ag_Neg";"Ag_Pos";"Total";"Pocet.potvrdenych";"Potvrdenych";"newcases";"date";"positive"
2021-04-07;"Banskobystrický kraj";226;22208;221;22429;35732;64030;447;2021-04-07;64030
2021-04-06;"Banskobystrický kraj";93;39894;179;40073;NA;64030;272;2021-04-06;63583
2021-04-05;"Banskobystrický kraj";15;6250;34;6284;NA;64030;49;2021-04-05;63311
2021-04-04;"Banskobystrický kraj";24;9412;29;9441;NA;64030;53;2021-04-04;63262
2021-04-03;"Banskobystrický kraj";5;23070;46;23116;NA;64030;51;2021-04-03;63209
2021-04-02;"Banskobystrický kraj";71;12909;63;12972;NA;64030;134;2021-04-02;63158
2021-04-01;"Banskobystrický kraj";171;38861;200;39061;NA;64030;371;2021-04-01;63024
2021-03-31;"Banskobystrický kraj";147;25402;161;25563;NA;64030;308;2021-03-31;62653
2021-03-30;"Banskobystrický kraj";167;20838;158;20996;NA;64030;325;2021-03-30;62345
2021-03-29;"Banskobystrický kraj";119;26088;177;26265;NA;64030;296;2021-03-29;62020
2021-03-28;"Banskobystrický kraj";25;16372;79;16451;NA;64030;104;2021-03-28;61724
2021-03-27;"Banskobystrický kraj";85;54461;190;54651;NA;64030;275;2021-03-27;61620
2021-03-26;"Banskobystrický kraj";122;40533;222;40755;NA;64030;344;2021-03-26;61345
2021-03-25;"Banskobystrický kraj";120;20863;238;21101;NA;64030;358;2021-03-25;61001
2021-03-24;"Banskobystrický kraj";200;19321;225;19546;NA;64030;425;2021-03-24;60643
2021-03-23;"Banskobystrický kraj";241;21170;255;21425;NA;64030;496;2021-03-23;60218
2021-03-22;"Banskobystrický kraj";65;29392;268;29660;NA;64030;333;2021-03-22;59722
2021-03-21;"Banskobystrický kraj";31;24593;203;24796;NA;64030;234;2021-03-21;59389
2021-03-20;"Banskobystrický kraj";119;54447;305;54752;NA;64030;424;2021-03-20;59155
2021-03-19;"Banskobystrický kraj";240;44043;301;44344;NA;64030;541;2021-03-19;58731
2021-03-18;"Banskobystrický kraj";160;19894;231;20125;NA;64030;391;2021-03-18;58190
2021-03-17;"Banskobystrický kraj";262;21521;245;21766;NA;64030;507;2021-03-17;57799
2021-03-16;"Banskobystrický kraj";340;23403;223;23626;NA;64030;563;2021-03-16;57292
2021-03-15;"Banskobystrický kraj";95;28957;322;29279;NA;64030;417;2021-03-15;56729
2021-03-14;"Banskobystrický kraj";39;15312;67;15379;NA;64030;106;2021-03-14;56312
2021-03-13;"Banskobystrický kraj";209;66354;391;66745;NA;64030;600;2021-03-13;56206
2021-03-12;"Banskobystrický kraj";206;41407;331;41738;NA;64030;537;2021-03-12;55606
2021-03-11;"Banskobystrický kraj";228;20002;252;20254;NA;64030;480;2021-03-11;55069
2021-03-10;"Banskobystrický kraj";260;20381;238;20619;NA;64030;498;2021-03-10;54589
2021-03-09;"Banskobystrický kraj";352;21790;284;22074;NA;64030;636;2021-03-09;54091
2021-03-08;"Banskobystrický kraj";191;31228;427;31655;NA;64030;618;2021-03-08;53455
2021-03-07;"Banskobystrický kraj";60;34334;240;34574;NA;64030;300;2021-03-07;52837
2021-03-06;"Banskobystrický kraj";164;58886;308;59194;NA;64030;472;2021-03-06;52537
2021-03-05;"Banskobystrický kraj";221;41876;386;42262;NA;64030;607;2021-03-05;52065
2021-03-04;"Banskobystrický kraj";226;21607;334;21941;NA;64030;560;2021-03-04;51458
2021-03-03;"Banskobystrický kraj";317;21957;332;22289;NA;64030;649;2021-03-03;50898
2021-03-02;"Banskobystrický kraj";291;22645;354;22999;NA;64030;645;2021-03-02;50249
2021-03-01;"Banskobystrický kraj";151;31824;437;32261;NA;64030;588;2021-03-01;49604
2021-02-28;"Banskobystrický kraj";45;0;0;0;NA;64030;45;2021-02-28;49016
2021-02-27;"Banskobystrický kraj";289;0;0;0;NA;64030;289;2021-02-27;48971
2021-02-26;"Banskobystrický kraj";326;0;0;0;NA;64030;326;2021-02-26;48682
2021-02-25;"Banskobystrický kraj";375;0;0;0;NA;64030;375;2021-02-25;48356
2021-02-24;"Banskobystrický kraj";332;0;0;0;NA;64030;332;2021-02-24;47981
2021-02-23;"Banskobystrický kraj";462;0;0;0;NA;64030;462;2021-02-23;47649
2021-02-22;"Banskobystrický kraj";67;0;0;0;NA;64030;67;2021-02-22;47187
2021-02-21;"Banskobystrický kraj";68;0;0;0;NA;64030;68;2021-02-21;47120
2021-02-20;"Banskobystrický kraj";280;0;0;0;NA;64030;280;2021-02-20;47052
2021-02-19;"Banskobystrický kraj";420;0;0;0;NA;64030;420;2021-02-19;46772
2021-02-18;"Banskobystrický kraj";241;0;0;0;NA;64030;241;2021-02-18;46352
2021-02-17;"Banskobystrický kraj";415;0;0;0;NA;64030;415;2021-02-17;46111
2021-02-16;"Banskobystrický kraj";338;0;0;0;NA;64030;338;2021-02-16;45696
2021-02-15;"Banskobystrický kraj";118;0;0;0;NA;64030;118;2021-02-15;45358
2021-02-14;"Banskobystrický kraj";60;0;0;0;NA;64030;60;2021-02-14;45240
2021-02-13;"Banskobystrický kraj";202;0;0;0;NA;64030;202;2021-02-13;45180
2021-02-12;"Banskobystrický kraj";312;0;0;0;NA;64030;312;2021-02-12;44978
2021-02-11;"Banskobystrický kraj";305;0;0;0;NA;64030;305;2021-02-11;44666
2021-02-10;"Banskobystrický kraj";333;0;0;0;NA;64030;333;2021-02-10;44361
2021-02-09;"Banskobystrický kraj";329;0;0;0;NA;64030;329;2021-02-09;44028
2021-02-08;"Banskobystrický kraj";103;0;0;0;NA;64030;103;2021-02-08;43699
2021-02-07;"Banskobystrický kraj";70;0;0;0;NA;64030;70;2021-02-07;43596
2021-02-06;"Banskobystrický kraj";178;0;0;0;NA;64030;178;2021-02-06;43526
2021-02-05;"Banskobystrický kraj";282;0;0;0;NA;64030;282;2021-02-05;43348
2021-02-04;"Banskobystrický kraj";240;0;0;0;NA;64030;240;2021-02-04;43066
2021-02-03;"Banskobystrický kraj";350;0;0;0;NA;64030;350;2021-02-03;42826
2021-02-02;"Banskobystrický kraj";277;0;0;0;NA;64030;277;2021-02-02;42476
2021-02-01;"Banskobystrický kraj";75;0;0;0;NA;64030;75;2021-02-01;42199
2021-01-31;"Banskobystrický kraj";34;24292;213;24505;NA;64030;247;2021-01-31;42124
2021-01-30;"Banskobystrický kraj";163;46244;387;46631;NA;64030;550;2021-01-30;41877
2021-01-29;"Banskobystrický kraj";196;16709;265;16974;NA;64030;461;2021-01-29;41327
2021-01-28;"Banskobystrický kraj";218;14013;362;14375;NA;64030;580;2021-01-28;40866
2021-01-27;"Banskobystrický kraj";191;10775;203;10978;NA;64030;394;2021-01-27;40286
2021-01-26;"Banskobystrický kraj";238;19616;283;19899;NA;64030;521;2021-01-26;39892
2021-01-25;"Banskobystrický kraj";82;31513;381;31894;NA;64030;463;2021-01-25;39371
2021-01-24;"Banskobystrický kraj";38;29266;238;29504;NA;64030;276;2021-01-24;38908
2021-01-23;"Banskobystrický kraj";142;83829;506;84335;NA;64030;648;2021-01-23;38632
2021-01-22;"Banskobystrický kraj";175;27176;359;27535;NA;64030;534;2021-01-22;37984
2021-01-21;"Banskobystrický kraj";194;16592;285;16877;NA;64030;479;2021-01-21;37450
2021-01-20;"Banskobystrický kraj";231;8540;183;8723;NA;64030;414;2021-01-20;36971
2021-01-19;"Banskobystrický kraj";213;10493;308;10801;NA;64030;521;2021-01-19;36557
2021-01-18;"Banskobystrický kraj";94;5630;340;5970;NA;64030;434;2021-01-18;36036
2021-01-17;"Banskobystrický kraj";110;8150;77;8227;NA;64030;187;2021-01-17;35602
2021-01-16;"Banskobystrický kraj";58;1403;35;1438;NA;64030;93;2021-01-16;35415
2021-01-15;"Banskobystrický kraj";164;6931;209;7140;NA;64030;373;2021-01-15;35322
2021-01-14;"Banskobystrický kraj";220;5760;325;6085;NA;64030;545;2021-01-14;34949
2021-01-13;"Banskobystrický kraj";235;5715;200;5915;NA;64030;435;2021-01-13;34404
2021-01-12;"Banskobystrický kraj";194;6808;299;7107;NA;64030;493;2021-01-12;33969
2021-01-11;"Banskobystrický kraj";76;8231;481;8712;NA;64030;557;2021-01-11;33476
2021-01-10;"Banskobystrický kraj";110;212;4;216;NA;64030;114;2021-01-10;32919
2021-01-09;"Banskobystrický kraj";297;2380;83;2463;NA;64030;380;2021-01-09;32805
2021-01-08;"Banskobystrický kraj";435;9435;430;9865;NA;64030;865;2021-01-08;32425
2021-01-07;"Banskobystrický kraj";127;5368;333;5701;NA;64030;460;2021-01-07;31560
2021-01-06;"Banskobystrický kraj";305;3124;185;3309;NA;64030;490;2021-01-06;31100
2021-01-05;"Banskobystrický kraj";372;7349;533;7882;NA;64030;905;2021-01-05;30610
2021-01-04;"Banskobystrický kraj";130;7083;700;7783;NA;64030;830;2021-01-04;29705
2021-01-03;"Banskobystrický kraj";199;267;13;280;NA;64030;212;2021-01-03;28875
2021-01-02;"Banskobystrický kraj";123;682;84;766;NA;64030;207;2021-01-02;28663
2021-01-01;"Banskobystrický kraj";220;1688;115;1803;NA;64030;335;2021-01-01;28456
2020-12-31;"Banskobystrický kraj";499;7378;633;8011;NA;64030;1132;2020-12-31;28121
2020-12-30;"Banskobystrický kraj";593;7670;557;8227;NA;64030;1150;2020-12-30;26989
2020-12-29;"Banskobystrický kraj";240;7954;664;8618;NA;64030;904;2020-12-29;25839
2020-12-28;"Banskobystrický kraj";131;5790;701;6491;NA;64030;832;2020-12-28;24935
2020-12-27;"Banskobystrický kraj";116;540;25;565;NA;64030;141;2020-12-27;24103
2020-12-26;"Banskobystrický kraj";61;274;32;306;NA;64030;93;2020-12-26;23962
2020-12-25;"Banskobystrický kraj";65;249;6;255;NA;64030;71;2020-12-25;23869
2020-12-24;"Banskobystrický kraj";452;3685;135;3820;NA;64030;587;2020-12-24;23798
2020-12-23;"Banskobystrický kraj";368;10114;506;10620;NA;64030;874;2020-12-23;23211
2020-12-22;"Banskobystrický kraj";307;8446;623;9069;NA;64030;930;2020-12-22;22337
2020-12-21;"Banskobystrický kraj";286;4896;445;5341;NA;64030;731;2020-12-21;21407
2020-12-20;"Banskobystrický kraj";155;249;14;263;NA;64030;169;2020-12-20;20676
2020-12-19;"Banskobystrický kraj";170;3059;138;3197;NA;64030;308;2020-12-19;20507
2020-12-18;"Banskobystrický kraj";432;6574;414;6988;NA;64030;846;2020-12-18;20199
2020-12-17;"Banskobystrický kraj";468;8714;656;9370;NA;64030;1124;2020-12-17;19353
2020-12-16;"Banskobystrický kraj";379;10201;560;10761;NA;64030;939;2020-12-16;18229
2020-12-15;"Banskobystrický kraj";336;5424;433;5857;NA;64030;769;2020-12-15;17290
2020-12-14;"Banskobystrický kraj";148;3883;259;4142;NA;64030;407;2020-12-14;16521
2020-12-13;"Banskobystrický kraj";122;119;1;120;NA;64030;123;2020-12-13;16114
2020-12-12;"Banskobystrický kraj";137;2714;138;2852;NA;64030;275;2020-12-12;15991
2020-12-11;"Banskobystrický kraj";468;6587;374;6961;NA;64030;842;2020-12-11;15716
2020-12-10;"Banskobystrický kraj";280;5204;355;5559;NA;64030;635;2020-12-10;14874
2020-12-09;"Banskobystrický kraj";323;3817;213;4030;NA;64030;536;2020-12-09;14239
2020-12-08;"Banskobystrický kraj";256;3787;276;4063;NA;64030;532;2020-12-08;13703
2020-12-07;"Banskobystrický kraj";175;2114;140;2254;NA;64030;315;2020-12-07;13171
2020-12-06;"Banskobystrický kraj";121;507;11;518;NA;64030;132;2020-12-06;12856
2020-12-05;"Banskobystrický kraj";109;1094;34;1128;NA;64030;143;2020-12-05;12724
2020-12-04;"Banskobystrický kraj";339;3822;174;3996;NA;64030;513;2020-12-04;12581
2020-12-03;"Banskobystrický kraj";240;3026;224;3250;NA;64030;464;2020-12-03;12068
2020-12-02;"Banskobystrický kraj";217;4442;185;4627;NA;64030;402;2020-12-02;11604
2020-12-01;"Banskobystrický kraj";215;2701;134;2835;NA;64030;349;2020-12-01;11202
2020-11-30;"Banskobystrický kraj";74;3890;222;4112;NA;64030;296;2020-11-30;10853
2020-11-29;"Banskobystrický kraj";19;39;2;41;NA;64030;21;2020-11-29;10557
2020-11-28;"Banskobystrický kraj";81;671;14;685;NA;64030;95;2020-11-28;10536
2020-11-27;"Banskobystrický kraj";219;1285;98;1383;NA;64030;317;2020-11-27;10441
2020-11-26;"Banskobystrický kraj";208;1470;77;1547;NA;64030;285;2020-11-26;10124
2020-11-25;"Banskobystrický kraj";170;1760;84;1844;NA;64030;254;2020-11-25;9839
2020-11-24;"Banskobystrický kraj";166;2262;67;2329;NA;64030;233;2020-11-24;9585
2020-11-23;"Banskobystrický kraj";66;9948;191;10139;NA;64030;257;2020-11-23;9352
2020-11-22;"Banskobystrický kraj";38;72;1;73;NA;64030;39;2020-11-22;9095
2020-11-21;"Banskobystrický kraj";52;885;14;899;NA;64030;66;2020-11-21;9056
2020-11-20;"Banskobystrický kraj";127;1872;105;1977;NA;64030;232;2020-11-20;8990
2020-11-19;"Banskobystrický kraj";170;1112;82;1194;NA;64030;252;2020-11-19;8758
2020-11-18;"Banskobystrický kraj";153;587;62;649;NA;64030;215;2020-11-18;8506
2020-11-17;"Banskobystrický kraj";52;578;35;613;NA;64030;87;2020-11-17;8291
2020-11-16;"Banskobystrický kraj";106;351;22;373;NA;64030;128;2020-11-16;8204
2020-11-15;"Banskobystrický kraj";52;64;2;66;NA;64030;54;2020-11-15;8076
2020-11-14;"Banskobystrický kraj";73;305;2;307;NA;64030;75;2020-11-14;8022
2020-11-13;"Banskobystrický kraj";157;552;11;563;NA;64030;168;2020-11-13;7947
2020-11-12;"Banskobystrický kraj";218;952;44;996;NA;64030;262;2020-11-12;7779
2020-11-11;"Banskobystrický kraj";224;437;9;446;NA;64030;233;2020-11-11;7517
2020-11-10;"Banskobystrický kraj";263;463;18;481;NA;64030;281;2020-11-10;7284
2020-11-09;"Banskobystrický kraj";80;2678;31;2709;NA;64030;111;2020-11-09;7003
2020-11-08;"Banskobystrický kraj";82;783;16;799;NA;64030;98;2020-11-08;6892
2020-11-07;"Banskobystrický kraj";164;8828;94;8922;NA;64030;258;2020-11-07;6794
2020-11-06;"Banskobystrický kraj";227;2496;16;2512;NA;64030;243;2020-11-06;6536
2020-11-05;"Banskobystrický kraj";240;263;33;296;NA;64030;273;2020-11-05;6293
2020-11-04;"Banskobystrický kraj";254;1366;13;1379;NA;64030;267;2020-11-04;6020
2020-11-03;"Banskobystrický kraj";246;1332;4;1336;NA;64030;250;2020-11-03;5753
2020-11-02;"Banskobystrický kraj";90;2247;65;2312;NA;64030;155;2020-11-02;5503
2020-11-01;"Banskobystrický kraj";101;2671;42;2713;NA;64030;143;2020-11-01;5348
2020-10-31;"Banskobystrický kraj";199;13516;116;13632;NA;64030;315;2020-10-31;5205
2020-10-30;"Banskobystrický kraj";254;2829;20;2849;NA;64030;274;2020-10-30;4890
2020-10-29;"Banskobystrický kraj";372;969;42;1011;NA;64030;414;2020-10-29;4616
2020-10-28;"Banskobystrický kraj";285;302;30;332;NA;64030;315;2020-10-28;4202
2020-10-27;"Banskobystrický kraj";266;654;40;694;NA;64030;306;2020-10-27;3887
2020-10-26;"Banskobystrický kraj";38;232;29;261;NA;64030;67;2020-10-26;3581
2020-10-25;"Banskobystrický kraj";50;140;11;151;NA;64030;61;2020-10-25;3514
2020-10-24;"Banskobystrický kraj";315;114;12;126;NA;64030;327;2020-10-24;3453
2020-10-23;"Banskobystrický kraj";231;230;29;259;NA;64030;260;2020-10-23;3126
2020-10-22;"Banskobystrický kraj";264;253;24;277;NA;64030;288;2020-10-22;2866
2020-10-21;"Banskobystrický kraj";209;266;3;269;NA;64030;212;2020-10-21;2578
2020-10-20;"Banskobystrický kraj";210;66;3;69;NA;64030;213;2020-10-20;2366
2020-10-19;"Banskobystrický kraj";27;71;12;83;NA;64030;39;2020-10-19;2153
2020-10-18;"Banskobystrický kraj";49;0;0;0;NA;64030;49;2020-10-18;2114
2020-10-17;"Banskobystrický kraj";91;0;0;0;NA;64030;91;2020-10-17;2065
2020-10-16;"Banskobystrický kraj";224;37;3;40;NA;64030;227;2020-10-16;1974
2020-10-15;"Banskobystrický kraj";133;29;1;30;NA;64030;134;2020-10-15;1747
2020-10-14;"Banskobystrický kraj";139;31;1;32;NA;64030;140;2020-10-14;1613
2020-10-13;"Banskobystrický kraj";151;169;11;180;NA;64030;162;2020-10-13;1473
2020-10-12;"Banskobystrický kraj";11;13;0;13;NA;64030;11;2020-10-12;1311
2020-10-11;"Banskobystrický kraj";14;0;0;0;NA;64030;14;2020-10-11;1300
2020-10-10;"Banskobystrický kraj";53;0;0;0;NA;64030;53;2020-10-10;1286
2020-10-09;"Banskobystrický kraj";128;0;0;0;NA;64030;128;2020-10-09;1233
2020-10-08;"Banskobystrický kraj";99;0;0;0;NA;64030;99;2020-10-08;1105
2020-10-07;"Banskobystrický kraj";124;0;0;0;NA;64030;124;2020-10-07;1006
2020-10-06;"Banskobystrický kraj";68;0;0;0;NA;64030;68;2020-10-06;882
2020-10-05;"Banskobystrický kraj";49;0;0;0;NA;64030;49;2020-10-05;814
2020-10-04;"Banskobystrický kraj";8;0;0;0;NA;64030;8;2020-10-04;765
2020-10-03;"Banskobystrický kraj";37;0;0;0;NA;64030;37;2020-10-03;757
2020-10-02;"Banskobystrický kraj";74;0;0;0;NA;64030;74;2020-10-02;720
2020-10-01;"Banskobystrický kraj";49;0;0;0;NA;64030;49;2020-10-01;646
2020-09-30;"Banskobystrický kraj";60;0;0;0;NA;64030;60;2020-09-30;597
2020-09-29;"Banskobystrický kraj";24;0;0;0;NA;64030;24;2020-09-29;537
2020-09-27;"Banskobystrický kraj";20;0;0;0;NA;64030;20;2020-09-27;513
2020-09-26;"Banskobystrický kraj";24;0;0;0;NA;64030;24;2020-09-26;493
2020-09-25;"Banskobystrický kraj";29;0;0;0;NA;64030;29;2020-09-25;469
2020-09-24;"Banskobystrický kraj";25;0;0;0;NA;64030;25;2020-09-24;440
2020-09-23;"Banskobystrický kraj";17;0;0;0;NA;64030;17;2020-09-23;415
2020-09-22;"Banskobystrický kraj";25;0;0;0;NA;64030;25;2020-09-22;398
2020-09-21;"Banskobystrický kraj";3;0;0;0;NA;64030;3;2020-09-21;373
2020-09-19;"Banskobystrický kraj";3;0;0;0;NA;64030;3;2020-09-19;370
2020-09-18;"Banskobystrický kraj";24;0;0;0;NA;64030;24;2020-09-18;367
2020-09-17;"Banskobystrický kraj";14;0;0;0;NA;64030;14;2020-09-17;343
2020-09-16;"Banskobystrický kraj";6;0;0;0;NA;64030;6;2020-09-16;329
2020-09-15;"Banskobystrický kraj";2;0;0;0;NA;64030;2;2020-09-15;323
2020-09-14;"Banskobystrický kraj";13;0;0;0;NA;64030;13;2020-09-14;321
2020-09-13;"Banskobystrický kraj";1;0;0;0;NA;64030;1;2020-09-13;308
2020-09-12;"Banskobystrický kraj";5;0;0;0;NA;64030;5;2020-09-12;307
2020-09-11;"Banskobystrický kraj";19;0;0;0;NA;64030;19;2020-09-11;302
2020-09-10;"Banskobystrický kraj";11;0;0;0;NA;64030;11;2020-09-10;283
2020-09-09;"Banskobystrický kraj";13;0;0;0;NA;64030;13;2020-09-09;272
2020-09-08;"Banskobystrický kraj";5;0;0;0;NA;64030;5;2020-09-08;259
2020-09-07;"Banskobystrický kraj";2;0;0;0;NA;64030;2;2020-09-07;254
2020-09-04;"Banskobystrický kraj";9;0;0;0;NA;64030;9;2020-09-04;252
2020-09-03;"Banskobystrický kraj";5;0;0;0;NA;64030;5;2020-09-03;243
2020-09-02;"Banskobystrický kraj";6;0;0;0;NA;64030;6;2020-09-02;238
2020-09-01;"Banskobystrický kraj";2;0;0;0;NA;64030;2;2020-09-01;232
2020-08-31;"Banskobystrický kraj";6;0;0;0;NA;64030;6;2020-08-31;230
2020-08-29;"Banskobystrický kraj";1;0;0;0;NA;64030;1;2020-08-29;224
2020-08-28;"Banskobystrický kraj";3;0;0;0;NA;64030;3;2020-08-28;223
2020-08-27;"Banskobystrický kraj";1;0;0;0;NA;64030;1;2020-08-27;220
2020-08-26;"Banskobystrický kraj";2;0;0;0;NA;64030;2;2020-08-26;219
2020-08-25;"Banskobystrický kraj";2;0;0;0;NA;64030;2;2020-08-25;217
2020-08-21;"Banskobystrický kraj";4;0;0;0;NA;64030;4;2020-08-21;215
2020-08-20;"Banskobystrický kraj";1;0;0;0;NA;64030;1;2020-08-20;211
2020-08-19;"Banskobystrický kraj";4;0;0;0;NA;64030;4;2020-08-19;210
2020-08-17;"Banskobystrický kraj";1;0;0;0;NA;64030;1;2020-08-17;206
2020-08-14;"Banskobystrický kraj";5;0;0;0;NA;64030;5;2020-08-14;205
2020-08-11;"Banskobystrický kraj";2;0;0;0;NA;64030;2;2020-08-11;200
2020-08-10;"Banskobystrický kraj";3;0;0;0;NA;64030;3;2020-08-10;198
2020-08-08;"Banskobystrický kraj";2;0;0;0;NA;64030;2;2020-08-08;195
2020-08-07;"Banskobystrický kraj";1;0;0;0;NA;64030;1;2020-08-07;193
2020-08-06;"Banskobystrický kraj";1;0;0;0;NA;64030;1;2020-08-06;192
2020-08-04;"Banskobystrický kraj";3;0;0;0;NA;64030;3;2020-08-04;191
2020-08-01;"Banskobystrický kraj";1;0;0;0;NA;64030;1;2020-08-01;188
2020-07-31;"Banskobystrický kraj";2;0;0;0;NA;64030;2;2020-07-31;187
2020-07-30;"Banskobystrický kraj";1;0;0;0;NA;64030;1;2020-07-30;185
2020-07-28;"Banskobystrický kraj";2;0;0;0;NA;64030;2;2020-07-28;184
2020-07-27;"Banskobystrický kraj";3;0;0;0;NA;64030;3;2020-07-27;182
2020-07-24;"Banskobystrický kraj";9;0;0;0;NA;64030;9;2020-07-24;179
2020-07-22;"Banskobystrický kraj";3;0;0;0;NA;64030;3;2020-07-22;170
2020-07-21;"Banskobystrický kraj";3;0;0;0;NA;64030;3;2020-07-21;167
2020-07-20;"Banskobystrický kraj";1;0;0;0;NA;64030;1;2020-07-20;164
2020-07-19;"Banskobystrický kraj";1;0;0;0;NA;64030;1;2020-07-19;163
2020-07-17;"Banskobystrický kraj";2;0;0;0;NA;64030;2;2020-07-17;162
2020-07-16;"Banskobystrický kraj";1;0;0;0;NA;64030;1;2020-07-16;160
2020-07-15;"Banskobystrický kraj";4;0;0;0;NA;64030;4;2020-07-15;159
2020-07-14;"Banskobystrický kraj";2;0;0;0;NA;64030;2;2020-07-14;155
2020-07-13;"Banskobystrický kraj";1;0;0;0;NA;64030;1;2020-07-13;153
2020-07-10;"Banskobystrický kraj";3;0;0;0;NA;64030;3;2020-07-10;152
2020-07-09;"Banskobystrický kraj";9;0;0;0;NA;64030;9;2020-07-09;149
2020-07-07;"Banskobystrický kraj";4;0;0;0;NA;64030;4;2020-07-07;140
2020-07-04;"Banskobystrický kraj";1;0;0;0;NA;64030;1;2020-07-04;136
2020-07-03;"Banskobystrický kraj";4;0;0;0;NA;64030;4;2020-07-03;135
2020-07-01;"Banskobystrický kraj";1;0;0;0;NA;64030;1;2020-07-01;131
2020-06-25;"Banskobystrický kraj";1;0;0;0;NA;64030;1;2020-06-25;130
2020-06-23;"Banskobystrický kraj";6;0;0;0;NA;64030;6;2020-06-23;129
2020-06-19;"Banskobystrický kraj";2;0;0;0;NA;64030;2;2020-06-19;123
2020-06-18;"Banskobystrický kraj";10;0;0;0;NA;64030;10;2020-06-18;121
2020-06-17;"Banskobystrický kraj";1;0;0;0;NA;64030;1;2020-06-17;111
2020-06-14;"Banskobystrický kraj";2;0;0;0;NA;64030;2;2020-06-14;110
2020-06-13;"Banskobystrický kraj";2;0;0;0;NA;64030;2;2020-06-13;108
2020-06-11;"Banskobystrický kraj";1;0;0;0;NA;64030;1;2020-06-11;106
2020-06-05;"Banskobystrický kraj";2;0;0;0;NA;64030;2;2020-06-05;105
2020-05-27;"Banskobystrický kraj";1;0;0;0;NA;64030;1;2020-05-27;103
2020-05-23;"Banskobystrický kraj";1;0;0;0;NA;64030;1;2020-05-23;102
2020-05-20;"Banskobystrický kraj";1;0;0;0;NA;64030;1;2020-05-20;101
2020-05-12;"Banskobystrický kraj";1;0;0;0;NA;64030;1;2020-05-12;100
2020-05-07;"Banskobystrický kraj";2;0;0;0;NA;64030;2;2020-05-07;99
2020-05-06;"Banskobystrický kraj";1;0;0;0;NA;64030;1;2020-05-06;97
2020-05-05;"Banskobystrický kraj";2;0;0;0;NA;64030;2;2020-05-05;96
2020-04-30;"Banskobystrický kraj";1;0;0;0;NA;64030;1;2020-04-30;94
2020-04-29;"Banskobystrický kraj";1;0;0;0;NA;64030;1;2020-04-29;93
2020-04-25;"Banskobystrický kraj";2;0;0;0;NA;64030;2;2020-04-25;92
2020-04-24;"Banskobystrický kraj";3;0;0;0;NA;64030;3;2020-04-24;90
2020-04-23;"Banskobystrický kraj";2;0;0;0;NA;64030;2;2020-04-23;87
2020-04-22;"Banskobystrický kraj";2;0;0;0;NA;64030;2;2020-04-22;85
2020-04-21;"Banskobystrický kraj";2;0;0;0;NA;64030;2;2020-04-21;83
2020-04-18;"Banskobystrický kraj";8;0;0;0;NA;64030;8;2020-04-18;81
2020-04-17;"Banskobystrický kraj";2;0;0;0;NA;64030;2;2020-04-17;73
2020-04-15;"Banskobystrický kraj";10;0;0;0;NA;64030;10;2020-04-15;71
2020-04-13;"Banskobystrický kraj";2;0;0;0;NA;64030;2;2020-04-13;61
2020-04-12;"Banskobystrický kraj";4;0;0;0;NA;64030;4;2020-04-12;59
2020-04-11;"Banskobystrický kraj";1;0;0;0;NA;64030;1;2020-04-11;55
2020-04-09;"Banskobystrický kraj";2;0;0;0;NA;64030;2;2020-04-09;54
2020-04-07;"Banskobystrický kraj";4;0;0;0;NA;64030;4;2020-04-07;52
2020-04-06;"Banskobystrický kraj";10;0;0;0;NA;64030;10;2020-04-06;48
2020-04-05;"Banskobystrický kraj";9;0;0;0;NA;64030;9;2020-04-05;38
2020-04-03;"Banskobystrický kraj";2;0;0;0;NA;64030;2;2020-04-03;29
2020-04-02;"Banskobystrický kraj";2;0;0;0;NA;64030;2;2020-04-02;27
2020-04-01;"Banskobystrický kraj";5;0;0;0;NA;64030;5;2020-04-01;25
2020-03-31;"Banskobystrický kraj";3;0;0;0;NA;64030;3;2020-03-31;20
2020-03-30;"Banskobystrický kraj";1;0;0;0;NA;64030;1;2020-03-30;17
2020-03-29;"Banskobystrický kraj";2;0;0;0;NA;64030;2;2020-03-29;16
2020-03-28;"Banskobystrický kraj";1;0;0;0;NA;64030;1;2020-03-28;14
2020-03-27;"Banskobystrický kraj";1;0;0;0;NA;64030;1;2020-03-27;13
2020-03-26;"Banskobystrický kraj";1;0;0;0;NA;64030;1;2020-03-26;12
2020-03-24;"Banskobystrický kraj";1;0;0;0;NA;64030;1;2020-03-24;11
2020-03-23;"Banskobystrický kraj";1;0;0;0;NA;64030;1;2020-03-23;10
2020-03-21;"Banskobystrický kraj";3;0;0;0;NA;64030;3;2020-03-21;9
2020-03-19;"Banskobystrický kraj";2;0;0;0;NA;64030;2;2020-03-19;6
2020-03-18;"Banskobystrický kraj";1;0;0;0;NA;64030;1;2020-03-18;4
2020-03-17;"Banskobystrický kraj";1;0;0;0;NA;64030;1;2020-03-17;3
2020-03-15;"Banskobystrický kraj";1;0;0;0;NA;64030;1;2020-03-15;2
2020-03-13;"Banskobystrický kraj";1;0;0;0;NA;64030;1;2020-03-13;1
2021-04-07;"Bratislavský kraj";96;28638;78;28716;42584;74147;174;2021-04-07;74147
2021-04-06;"Bratislavský kraj";94;45799;142;45941;NA;74147;236;2021-04-06;73973
2021-04-05;"Bratislavský kraj";85;16591;75;16666;NA;74147;160;2021-04-05;73737
2021-04-04;"Bratislavský kraj";37;26969;72;27041;NA;74147;109;2021-04-04;73577
2021-04-03;"Bratislavský kraj";52;68458;202;68660;NA;74147;254;2021-04-03;73468
2021-04-02;"Bratislavský kraj";33;21727;95;21822;NA;74147;128;2021-04-02;73214
2021-04-01;"Bratislavský kraj";119;46065;125;46190;NA;74147;244;2021-04-01;73086
2021-03-31;"Bratislavský kraj";105;41929;138;42067;NA;74147;243;2021-03-31;72842
2021-03-30;"Bratislavský kraj";100;38654;143;38797;NA;74147;243;2021-03-30;72599
2021-03-29;"Bratislavský kraj";153;39948;172;40120;NA;74147;325;2021-03-29;72356
2021-03-28;"Bratislavský kraj";59;53667;138;53805;NA;74147;197;2021-03-28;72031
2021-03-27;"Bratislavský kraj";53;76078;232;76310;NA;74147;285;2021-03-27;71834
2021-03-26;"Bratislavský kraj";114;55116;189;55305;NA;74147;303;2021-03-26;71549
2021-03-25;"Bratislavský kraj";76;35923;171;36094;NA;74147;247;2021-03-25;71246
2021-03-24;"Bratislavský kraj";120;29938;196;30134;NA;74147;316;2021-03-24;70999
2021-03-23;"Bratislavský kraj";138;35924;186;36110;NA;74147;324;2021-03-23;70683
2021-03-22;"Bratislavský kraj";110;42016;211;42227;NA;74147;321;2021-03-22;70359
2021-03-21;"Bratislavský kraj";54;61298;211;61509;NA;74147;265;2021-03-21;70038
2021-03-20;"Bratislavský kraj";59;71210;226;71436;NA;74147;285;2021-03-20;69773
2021-03-19;"Bratislavský kraj";139;53432;249;53681;NA;74147;388;2021-03-19;69488
2021-03-18;"Bratislavský kraj";142;33674;187;33861;NA;74147;329;2021-03-18;69100
2021-03-17;"Bratislavský kraj";177;29806;211;30017;NA;74147;388;2021-03-17;68771
2021-03-16;"Bratislavský kraj";258;36027;281;36308;NA;74147;539;2021-03-16;68383
2021-03-15;"Bratislavský kraj";180;37568;253;37821;NA;74147;433;2021-03-15;67844
2021-03-14;"Bratislavský kraj";75;51473;268;51741;NA;74147;343;2021-03-14;67411
2021-03-13;"Bratislavský kraj";110;78851;326;79177;NA;74147;436;2021-03-13;67068
2021-03-12;"Bratislavský kraj";152;54191;302;54493;NA;74147;454;2021-03-12;66632
2021-03-11;"Bratislavský kraj";178;34251;273;34524;NA;74147;451;2021-03-11;66178
2021-03-10;"Bratislavský kraj";164;30509;270;30779;NA;74147;434;2021-03-10;65727
2021-03-09;"Bratislavský kraj";242;39229;261;39490;NA;74147;503;2021-03-09;65293
2021-03-08;"Bratislavský kraj";255;40154;338;40492;NA;74147;593;2021-03-08;64790
2021-03-07;"Bratislavský kraj";142;51036;289;51325;NA;74147;431;2021-03-07;64197
2021-03-06;"Bratislavský kraj";79;71461;410;71871;NA;74147;489;2021-03-06;63766
2021-03-05;"Bratislavský kraj";238;51455;305;51760;NA;74147;543;2021-03-05;63277
2021-03-04;"Bratislavský kraj";204;34319;337;34656;NA;74147;541;2021-03-04;62734
2021-03-03;"Bratislavský kraj";250;30238;357;30595;NA;74147;607;2021-03-03;62193
2021-03-02;"Bratislavský kraj";267;39146;390;39536;NA;74147;657;2021-03-02;61586
2021-03-01;"Bratislavský kraj";320;37834;434;38268;NA;74147;754;2021-03-01;60929
2021-02-28;"Bratislavský kraj";184;0;0;0;NA;74147;184;2021-02-28;60175
2021-02-27;"Bratislavský kraj";151;0;0;0;NA;74147;151;2021-02-27;59991
2021-02-26;"Bratislavský kraj";277;0;0;0;NA;74147;277;2021-02-26;59840
2021-02-25;"Bratislavský kraj";277;0;0;0;NA;74147;277;2021-02-25;59563
2021-02-24;"Bratislavský kraj";217;0;0;0;NA;74147;217;2021-02-24;59286
2021-02-23;"Bratislavský kraj";257;0;0;0;NA;74147;257;2021-02-23;59069
2021-02-22;"Bratislavský kraj";353;0;0;0;NA;74147;353;2021-02-22;58812
2021-02-21;"Bratislavský kraj";185;0;0;0;NA;74147;185;2021-02-21;58459
2021-02-20;"Bratislavský kraj";167;0;0;0;NA;74147;167;2021-02-20;58274
2021-02-19;"Bratislavský kraj";280;0;0;0;NA;74147;280;2021-02-19;58107
2021-02-18;"Bratislavský kraj";263;0;0;0;NA;74147;263;2021-02-18;57827
2021-02-17;"Bratislavský kraj";264;0;0;0;NA;74147;264;2021-02-17;57564
2021-02-16;"Bratislavský kraj";289;0;0;0;NA;74147;289;2021-02-16;57300
2021-02-15;"Bratislavský kraj";248;0;0;0;NA;74147;248;2021-02-15;57011
2021-02-14;"Bratislavský kraj";153;0;0;0;NA;74147;153;2021-02-14;56763
2021-02-13;"Bratislavský kraj";173;0;0;0;NA;74147;173;2021-02-13;56610
2021-02-12;"Bratislavský kraj";282;0;0;0;NA;74147;282;2021-02-12;56437
2021-02-11;"Bratislavský kraj";337;0;0;0;NA;74147;337;2021-02-11;56155
2021-02-10;"Bratislavský kraj";314;0;0;0;NA;74147;314;2021-02-10;55818
2021-02-09;"Bratislavský kraj";287;0;0;0;NA;74147;287;2021-02-09;55504
2021-02-08;"Bratislavský kraj";484;0;0;0;NA;74147;484;2021-02-08;55217
2021-02-07;"Bratislavský kraj";243;0;0;0;NA;74147;243;2021-02-07;54733
2021-02-06;"Bratislavský kraj";116;0;0;0;NA;74147;116;2021-02-06;54490
2021-02-05;"Bratislavský kraj";327;0;0;0;NA;74147;327;2021-02-05;54374
2021-02-04;"Bratislavský kraj";555;0;0;0;NA;74147;555;2021-02-04;54047
2021-02-03;"Bratislavský kraj";161;0;0;0;NA;74147;161;2021-02-03;53492
2021-02-02;"Bratislavský kraj";397;0;0;0;NA;74147;397;2021-02-02;53331
2021-02-01;"Bratislavský kraj";221;0;0;0;NA;74147;221;2021-02-01;52934
2021-01-31;"Bratislavský kraj";180;35621;425;36046;NA;74147;605;2021-01-31;52713
2021-01-30;"Bratislavský kraj";310;45888;499;46387;NA;74147;809;2021-01-30;52108
2021-01-29;"Bratislavský kraj";344;16341;341;16682;NA;74147;685;2021-01-29;51299
2021-01-28;"Bratislavský kraj";307;10643;301;10944;NA;74147;608;2021-01-28;50614
2021-01-27;"Bratislavský kraj";336;21988;341;22329;NA;74147;677;2021-01-27;50006
2021-01-26;"Bratislavský kraj";297;22078;308;22386;NA;74147;605;2021-01-26;49329
2021-01-25;"Bratislavský kraj";356;22622;248;22870;NA;74147;604;2021-01-25;48724
2021-01-24;"Bratislavský kraj";175;37754;391;38145;NA;74147;566;2021-01-24;48120
2021-01-23;"Bratislavský kraj";396;79317;703;80020;NA;74147;1099;2021-01-23;47554
2021-01-22;"Bratislavský kraj";199;41727;364;42091;NA;74147;563;2021-01-22;46455
2021-01-21;"Bratislavský kraj";255;105639;1317;106956;NA;74147;1572;2021-01-21;45892
2021-01-20;"Bratislavský kraj";360;27082;457;27539;NA;74147;817;2021-01-20;44320
2021-01-19;"Bratislavský kraj";375;13748;339;14087;NA;74147;714;2021-01-19;43503
2021-01-18;"Bratislavský kraj";357;11977;707;12684;NA;74147;1064;2021-01-18;42789
2021-01-17;"Bratislavský kraj";244;426;26;452;NA;74147;270;2021-01-17;41725
2021-01-16;"Bratislavský kraj";70;2908;156;3064;NA;74147;226;2021-01-16;41455
2021-01-15;"Bratislavský kraj";251;7744;256;8000;NA;74147;507;2021-01-15;41229
2021-01-14;"Bratislavský kraj";363;8316;273;8589;NA;74147;636;2021-01-14;40722
2021-01-13;"Bratislavský kraj";336;8040;329;8369;NA;74147;665;2021-01-13;40086
2021-01-12;"Bratislavský kraj";450;9644;464;10108;NA;74147;914;2021-01-12;39421
2021-01-11;"Bratislavský kraj";397;19215;380;19595;NA;74147;777;2021-01-11;38507
2021-01-10;"Bratislavský kraj";252;1352;79;1431;NA;74147;331;2021-01-10;37730
2021-01-09;"Bratislavský kraj";351;4946;291;5237;NA;74147;642;2021-01-09;37399
2021-01-08;"Bratislavský kraj";556;9880;436;10316;NA;74147;992;2021-01-08;36757
2021-01-07;"Bratislavský kraj";537;7161;412;7573;NA;74147;949;2021-01-07;35765
2021-01-06;"Bratislavský kraj";271;3075;216;3291;NA;74147;487;2021-01-06;34816
2021-01-05;"Bratislavský kraj";619;10730;844;11574;NA;74147;1463;2021-01-05;34329
2021-01-04;"Bratislavský kraj";601;7381;606;7987;NA;74147;1207;2021-01-04;32866
2021-01-03;"Bratislavský kraj";77;394;41;435;NA;74147;118;2021-01-03;31659
2021-01-02;"Bratislavský kraj";185;384;57;441;NA;74147;242;2021-01-02;31541
2021-01-01;"Bratislavský kraj";235;3210;131;3341;NA;74147;366;2021-01-01;31299
2020-12-31;"Bratislavský kraj";925;14638;589;15227;NA;74147;1514;2020-12-31;30933
2020-12-30;"Bratislavský kraj";650;9327;528;9855;NA;74147;1178;2020-12-30;29419
2020-12-29;"Bratislavský kraj";303;10365;776;11141;NA;74147;1079;2020-12-29;28241
2020-12-28;"Bratislavský kraj";255;7687;560;8247;NA;74147;815;2020-12-28;27162
2020-12-27;"Bratislavský kraj";160;659;76;735;NA;74147;236;2020-12-27;26347
2020-12-26;"Bratislavský kraj";75;426;27;453;NA;74147;102;2020-12-26;26111
2020-12-25;"Bratislavský kraj";114;460;38;498;NA;74147;152;2020-12-25;26009
2020-12-24;"Bratislavský kraj";536;3381;102;3483;NA;74147;638;2020-12-24;25857
2020-12-23;"Bratislavský kraj";416;13159;500;13659;NA;74147;916;2020-12-23;25219
2020-12-22;"Bratislavský kraj";327;15248;772;16020;NA;74147;1099;2020-12-22;24303
2020-12-21;"Bratislavský kraj";392;14970;2007;16977;NA;74147;2399;2020-12-21;23204
2020-12-20;"Bratislavský kraj";180;643;54;697;NA;74147;234;2020-12-20;20805
2020-12-19;"Bratislavský kraj";396;3164;130;3294;NA;74147;526;2020-12-19;20571
2020-12-18;"Bratislavský kraj";306;10672;401;11073;NA;74147;707;2020-12-18;20045
2020-12-17;"Bratislavský kraj";502;10217;412;10629;NA;74147;914;2020-12-17;19338
2020-12-16;"Bratislavský kraj";282;10546;452;10998;NA;74147;734;2020-12-16;18424
2020-12-15;"Bratislavský kraj";423;10741;479;11220;NA;74147;902;2020-12-15;17690
2020-12-14;"Bratislavský kraj";279;6526;293;6819;NA;74147;572;2020-12-14;16788
2020-12-13;"Bratislavský kraj";125;123;10;133;NA;74147;135;2020-12-13;16216
2020-12-12;"Bratislavský kraj";361;3863;157;4020;NA;74147;518;2020-12-12;16081
2020-12-11;"Bratislavský kraj";326;7203;289;7492;NA;74147;615;2020-12-11;15563
2020-12-10;"Bratislavský kraj";286;5104;209;5313;NA;74147;495;2020-12-10;14948
2020-12-09;"Bratislavský kraj";382;4712;178;4890;NA;74147;560;2020-12-09;14453
2020-12-08;"Bratislavský kraj";234;5793;207;6000;NA;74147;441;2020-12-08;13893
2020-12-07;"Bratislavský kraj";272;4078;152;4230;NA;74147;424;2020-12-07;13452
2020-12-06;"Bratislavský kraj";61;1586;52;1638;NA;74147;113;2020-12-06;13028
2020-12-05;"Bratislavský kraj";266;2148;41;2189;NA;74147;307;2020-12-05;12915
2020-12-04;"Bratislavský kraj";200;4789;99;4888;NA;74147;299;2020-12-04;12608
2020-12-03;"Bratislavský kraj";213;5071;95;5166;NA;74147;308;2020-12-03;12309
2020-12-02;"Bratislavský kraj";205;2831;95;2926;NA;74147;300;2020-12-02;12001
2020-12-01;"Bratislavský kraj";255;3943;204;4147;NA;74147;459;2020-12-01;11701
2020-11-30;"Bratislavský kraj";152;2153;121;2274;NA;74147;273;2020-11-30;11242
2020-11-29;"Bratislavský kraj";52;7;3;10;NA;74147;55;2020-11-29;10969
2020-11-28;"Bratislavský kraj";232;1509;18;1527;NA;74147;250;2020-11-28;10914
2020-11-27;"Bratislavský kraj";54;1198;29;1227;NA;74147;83;2020-11-27;10664
2020-11-26;"Bratislavský kraj";129;1114;25;1139;NA;74147;154;2020-11-26;10581
2020-11-25;"Bratislavský kraj";140;1133;31;1164;NA;74147;171;2020-11-25;10427
2020-11-24;"Bratislavský kraj";81;2988;67;3055;NA;74147;148;2020-11-24;10256
2020-11-23;"Bratislavský kraj";67;405;13;418;NA;74147;80;2020-11-23;10108
2020-11-22;"Bratislavský kraj";36;81;7;88;NA;74147;43;2020-11-22;10028
2020-11-21;"Bratislavský kraj";109;2126;47;2173;NA;74147;156;2020-11-21;9985
2020-11-20;"Bratislavský kraj";118;2869;48;2917;NA;74147;166;2020-11-20;9829
2020-11-19;"Bratislavský kraj";173;987;29;1016;NA;74147;202;2020-11-19;9663
2020-11-18;"Bratislavský kraj";118;616;75;691;NA;74147;193;2020-11-18;9461
2020-11-17;"Bratislavský kraj";108;928;23;951;NA;74147;131;2020-11-17;9268
2020-11-16;"Bratislavský kraj";82;651;9;660;NA;74147;91;2020-11-16;9137
2020-11-15;"Bratislavský kraj";47;236;0;236;NA;74147;47;2020-11-15;9046
2020-11-14;"Bratislavský kraj";53;1834;15;1849;NA;74147;68;2020-11-14;8999
2020-11-13;"Bratislavský kraj";94;2096;21;2117;NA;74147;115;2020-11-13;8931
2020-11-12;"Bratislavský kraj";141;1727;6;1733;NA;74147;147;2020-11-12;8816
2020-11-11;"Bratislavský kraj";159;1429;12;1441;NA;74147;171;2020-11-11;8669
2020-11-10;"Bratislavský kraj";136;805;14;819;NA;74147;150;2020-11-10;8498
2020-11-09;"Bratislavský kraj";70;466;1;467;NA;74147;71;2020-11-09;8348
2020-11-08;"Bratislavský kraj";82;869;6;875;NA;74147;88;2020-11-08;8277
2020-11-07;"Bratislavský kraj";88;4039;17;4056;NA;74147;105;2020-11-07;8189
2020-11-06;"Bratislavský kraj";281;6441;25;6466;NA;74147;306;2020-11-06;8084
2020-11-05;"Bratislavský kraj";175;476;11;487;NA;74147;186;2020-11-05;7778
2020-11-04;"Bratislavský kraj";65;411;10;421;NA;74147;75;2020-11-04;7592
2020-11-03;"Bratislavský kraj";251;944;5;949;NA;74147;256;2020-11-03;7517
2020-11-02;"Bratislavský kraj";202;3365;22;3387;NA;74147;224;2020-11-02;7261
2020-11-01;"Bratislavský kraj";227;8694;39;8733;NA;74147;266;2020-11-01;7037
2020-10-31;"Bratislavský kraj";173;22407;123;22530;NA;74147;296;2020-10-31;6771
2020-10-30;"Bratislavský kraj";158;17350;138;17488;NA;74147;296;2020-10-30;6475
2020-10-29;"Bratislavský kraj";262;116;4;120;NA;74147;266;2020-10-29;6179
2020-10-28;"Bratislavský kraj";220;260;15;275;NA;74147;235;2020-10-28;5913
2020-10-27;"Bratislavský kraj";256;145;4;149;NA;74147;260;2020-10-27;5678
2020-10-26;"Bratislavský kraj";123;229;11;240;NA;74147;134;2020-10-26;5418
2020-10-25;"Bratislavský kraj";152;33;2;35;NA;74147;154;2020-10-25;5284
2020-10-24;"Bratislavský kraj";170;221;6;227;NA;74147;176;2020-10-24;5130
2020-10-23;"Bratislavský kraj";151;144;8;152;NA;74147;159;2020-10-23;4954
2020-10-22;"Bratislavský kraj";192;204;15;219;NA;74147;207;2020-10-22;4795
2020-10-21;"Bratislavský kraj";66;90;6;96;NA;74147;72;2020-10-21;4588
2020-10-20;"Bratislavský kraj";183;97;4;101;NA;74147;187;2020-10-20;4516
2020-10-19;"Bratislavský kraj";148;80;3;83;NA;74147;151;2020-10-19;4329
2020-10-18;"Bratislavský kraj";75;92;0;92;NA;74147;75;2020-10-18;4178
2020-10-17;"Bratislavský kraj";136;0;0;0;NA;74147;136;2020-10-17;4103
2020-10-16;"Bratislavský kraj";103;14;1;15;NA;74147;104;2020-10-16;3967
2020-10-15;"Bratislavský kraj";135;6;1;7;NA;74147;136;2020-10-15;3863
2020-10-14;"Bratislavský kraj";127;4;0;4;NA;74147;127;2020-10-14;3727
2020-10-13;"Bratislavský kraj";86;108;8;116;NA;74147;94;2020-10-13;3600
2020-10-12;"Bratislavský kraj";46;0;0;0;NA;74147;46;2020-10-12;3506
2020-10-11;"Bratislavský kraj";80;0;0;0;NA;74147;80;2020-10-11;3460
2020-10-10;"Bratislavský kraj";55;0;0;0;NA;74147;55;2020-10-10;3380
2020-10-09;"Bratislavský kraj";148;0;0;0;NA;74147;148;2020-10-09;3325
2020-10-08;"Bratislavský kraj";100;0;0;0;NA;74147;100;2020-10-08;3177
2020-10-07;"Bratislavský kraj";107;0;0;0;NA;74147;107;2020-10-07;3077
2020-10-06;"Bratislavský kraj";108;0;0;0;NA;74147;108;2020-10-06;2970
2020-10-05;"Bratislavský kraj";30;0;0;0;NA;74147;30;2020-10-05;2862
2020-10-04;"Bratislavský kraj";49;0;0;0;NA;74147;49;2020-10-04;2832
2020-10-03;"Bratislavský kraj";82;0;0;0;NA;74147;82;2020-10-03;2783
2020-10-02;"Bratislavský kraj";101;0;0;0;NA;74147;101;2020-10-02;2701
2020-10-01;"Bratislavský kraj";72;0;0;0;NA;74147;72;2020-10-01;2600
2020-09-30;"Bratislavský kraj";91;0;0;0;NA;74147;91;2020-09-30;2528
2020-09-29;"Bratislavský kraj";74;0;0;0;NA;74147;74;2020-09-29;2437
2020-09-28;"Bratislavský kraj";29;0;0;0;NA;74147;29;2020-09-28;2363
2020-09-27;"Bratislavský kraj";48;0;0;0;NA;74147;48;2020-09-27;2334
2020-09-26;"Bratislavský kraj";86;0;0;0;NA;74147;86;2020-09-26;2286
2020-09-25;"Bratislavský kraj";97;0;0;0;NA;74147;97;2020-09-25;2200
2020-09-24;"Bratislavský kraj";73;0;0;0;NA;74147;73;2020-09-24;2103
2020-09-23;"Bratislavský kraj";55;0;0;0;NA;74147;55;2020-09-23;2030
2020-09-22;"Bratislavský kraj";81;0;0;0;NA;74147;81;2020-09-22;1975
2020-09-21;"Bratislavský kraj";32;0;0;0;NA;74147;32;2020-09-21;1894
2020-09-20;"Bratislavský kraj";25;0;0;0;NA;74147;25;2020-09-20;1862
2020-09-19;"Bratislavský kraj";59;0;0;0;NA;74147;59;2020-09-19;1837
2020-09-18;"Bratislavský kraj";42;0;0;0;NA;74147;42;2020-09-18;1778
2020-09-17;"Bratislavský kraj";52;0;0;0;NA;74147;52;2020-09-17;1736
2020-09-16;"Bratislavský kraj";32;0;0;0;NA;74147;32;2020-09-16;1684
2020-09-15;"Bratislavský kraj";26;0;0;0;NA;74147;26;2020-09-15;1652
2020-09-14;"Bratislavský kraj";24;0;0;0;NA;74147;24;2020-09-14;1626
2020-09-13;"Bratislavský kraj";11;0;0;0;NA;74147;11;2020-09-13;1602
2020-09-12;"Bratislavský kraj";24;0;0;0;NA;74147;24;2020-09-12;1591
2020-09-11;"Bratislavský kraj";50;0;0;0;NA;74147;50;2020-09-11;1567
2020-09-10;"Bratislavský kraj";47;0;0;0;NA;74147;47;2020-09-10;1517
2020-09-09;"Bratislavský kraj";40;0;0;0;NA;74147;40;2020-09-09;1470
2020-09-08;"Bratislavský kraj";58;0;0;0;NA;74147;58;2020-09-08;1430
2020-09-07;"Bratislavský kraj";39;0;0;0;NA;74147;39;2020-09-07;1372
2020-09-06;"Bratislavský kraj";11;0;0;0;NA;74147;11;2020-09-06;1333
2020-09-05;"Bratislavský kraj";37;0;0;0;NA;74147;37;2020-09-05;1322
2020-09-04;"Bratislavský kraj";87;0;0;0;NA;74147;87;2020-09-04;1285
2020-09-03;"Bratislavský kraj";51;0;0;0;NA;74147;51;2020-09-03;1198
2020-09-02;"Bratislavský kraj";50;0;0;0;NA;74147;50;2020-09-02;1147
2020-09-01;"Bratislavský kraj";16;0;0;0;NA;74147;16;2020-09-01;1097
2020-08-31;"Bratislavský kraj";19;0;0;0;NA;74147;19;2020-08-31;1081
2020-08-30;"Bratislavský kraj";9;0;0;0;NA;74147;9;2020-08-30;1062
2020-08-29;"Bratislavský kraj";12;0;0;0;NA;74147;12;2020-08-29;1053
2020-08-28;"Bratislavský kraj";35;0;0;0;NA;74147;35;2020-08-28;1041
2020-08-27;"Bratislavský kraj";33;0;0;0;NA;74147;33;2020-08-27;1006
2020-08-26;"Bratislavský kraj";27;0;0;0;NA;74147;27;2020-08-26;973
2020-08-25;"Bratislavský kraj";29;0;0;0;NA;74147;29;2020-08-25;946
2020-08-24;"Bratislavský kraj";6;0;0;0;NA;74147;6;2020-08-24;917
2020-08-23;"Bratislavský kraj";45;0;0;0;NA;74147;45;2020-08-23;911
2020-08-22;"Bratislavský kraj";13;0;0;0;NA;74147;13;2020-08-22;866
2020-08-21;"Bratislavský kraj";46;0;0;0;NA;74147;46;2020-08-21;853
2020-08-20;"Bratislavský kraj";41;0;0;0;NA;74147;41;2020-08-20;807
2020-08-19;"Bratislavský kraj";27;0;0;0;NA;74147;27;2020-08-19;766
2020-08-18;"Bratislavský kraj";47;0;0;0;NA;74147;47;2020-08-18;739
2020-08-17;"Bratislavský kraj";2;0;0;0;NA;74147;2;2020-08-17;692
2020-08-16;"Bratislavský kraj";3;0;0;0;NA;74147;3;2020-08-16;690
2020-08-15;"Bratislavský kraj";18;0;0;0;NA;74147;18;2020-08-15;687
2020-08-14;"Bratislavský kraj";16;0;0;0;NA;74147;16;2020-08-14;669
2020-08-13;"Bratislavský kraj";12;0;0;0;NA;74147;12;2020-08-13;653
2020-08-12;"Bratislavský kraj";10;0;0;0;NA;74147;10;2020-08-12;641
2020-08-11;"Bratislavský kraj";23;0;0;0;NA;74147;23;2020-08-11;631
2020-08-10;"Bratislavský kraj";2;0;0;0;NA;74147;2;2020-08-10;608
2020-08-09;"Bratislavský kraj";2;0;0;0;NA;74147;2;2020-08-09;606
2020-08-08;"Bratislavský kraj";1;0;0;0;NA;74147;1;2020-08-08;604
2020-08-07;"Bratislavský kraj";9;0;0;0;NA;74147;9;2020-08-07;603
2020-08-06;"Bratislavský kraj";15;0;0;0;NA;74147;15;2020-08-06;594
2020-08-05;"Bratislavský kraj";11;0;0;0;NA;74147;11;2020-08-05;579
2020-08-04;"Bratislavský kraj";21;0;0;0;NA;74147;21;2020-08-04;568
2020-08-03;"Bratislavský kraj";7;0;0;0;NA;74147;7;2020-08-03;547
2020-07-31;"Bratislavský kraj";14;0;0;0;NA;74147;14;2020-07-31;540
2020-07-30;"Bratislavský kraj";6;0;0;0;NA;74147;6;2020-07-30;526
2020-07-29;"Bratislavský kraj";7;0;0;0;NA;74147;7;2020-07-29;520
2020-07-28;"Bratislavský kraj";14;0;0;0;NA;74147;14;2020-07-28;513
2020-07-27;"Bratislavský kraj";3;0;0;0;NA;74147;3;2020-07-27;499
2020-07-25;"Bratislavský kraj";8;0;0;0;NA;74147;8;2020-07-25;496
2020-07-24;"Bratislavský kraj";2;0;0;0;NA;74147;2;2020-07-24;488
2020-07-23;"Bratislavský kraj";8;0;0;0;NA;74147;8;2020-07-23;486
2020-07-22;"Bratislavský kraj";11;0;0;0;NA;74147;11;2020-07-22;478
2020-07-21;"Bratislavský kraj";8;0;0;0;NA;74147;8;2020-07-21;467
2020-07-20;"Bratislavský kraj";12;0;0;0;NA;74147;12;2020-07-20;459
2020-07-18;"Bratislavský kraj";2;0;0;0;NA;74147;2;2020-07-18;447
2020-07-17;"Bratislavský kraj";2;0;0;0;NA;74147;2;2020-07-17;445
2020-07-16;"Bratislavský kraj";6;0;0;0;NA;74147;6;2020-07-16;443
2020-07-15;"Bratislavský kraj";3;0;0;0;NA;74147;3;2020-07-15;437
2020-07-14;"Bratislavský kraj";2;0;0;0;NA;74147;2;2020-07-14;434
2020-07-13;"Bratislavský kraj";2;0;0;0;NA;74147;2;2020-07-13;432
2020-07-10;"Bratislavský kraj";8;0;0;0;NA;74147;8;2020-07-10;430
2020-07-09;"Bratislavský kraj";2;0;0;0;NA;74147;2;2020-07-09;422
2020-07-08;"Bratislavský kraj";11;0;0;0;NA;74147;11;2020-07-08;420
2020-07-07;"Bratislavský kraj";5;0;0;0;NA;74147;5;2020-07-07;409
2020-07-06;"Bratislavský kraj";1;0;0;0;NA;74147;1;2020-07-06;404
2020-07-04;"Bratislavský kraj";3;0;0;0;NA;74147;3;2020-07-04;403
2020-07-03;"Bratislavský kraj";1;0;0;0;NA;74147;1;2020-07-03;400
2020-07-01;"Bratislavský kraj";7;0;0;0;NA;74147;7;2020-07-01;399
2020-06-30;"Bratislavský kraj";3;0;0;0;NA;74147;3;2020-06-30;392
2020-06-29;"Bratislavský kraj";1;0;0;0;NA;74147;1;2020-06-29;389
2020-06-27;"Bratislavský kraj";1;0;0;0;NA;74147;1;2020-06-27;388
2020-06-26;"Bratislavský kraj";6;0;0;0;NA;74147;6;2020-06-26;387
2020-06-24;"Bratislavský kraj";3;0;0;0;NA;74147;3;2020-06-24;381
2020-06-22;"Bratislavský kraj";1;0;0;0;NA;74147;1;2020-06-22;378
2020-06-19;"Bratislavský kraj";3;0;0;0;NA;74147;3;2020-06-19;377
2020-06-14;"Bratislavský kraj";2;0;0;0;NA;74147;2;2020-06-14;374
2020-06-13;"Bratislavský kraj";1;0;0;0;NA;74147;1;2020-06-13;372
2020-06-12;"Bratislavský kraj";2;0;0;0;NA;74147;2;2020-06-12;371
2020-06-08;"Bratislavský kraj";1;0;0;0;NA;74147;1;2020-06-08;369
2020-06-03;"Bratislavský kraj";1;0;0;0;NA;74147;1;2020-06-03;368
2020-05-27;"Bratislavský kraj";1;0;0;0;NA;74147;1;2020-05-27;367
2020-05-23;"Bratislavský kraj";2;0;0;0;NA;74147;2;2020-05-23;366
2020-05-12;"Bratislavský kraj";2;0;0;0;NA;74147;2;2020-05-12;364
2020-05-07;"Bratislavský kraj";1;0;0;0;NA;74147;1;2020-05-07;362
2020-05-06;"Bratislavský kraj";3;0;0;0;NA;74147;3;2020-05-06;361
2020-05-03;"Bratislavský kraj";2;0;0;0;NA;74147;2;2020-05-03;358
2020-04-30;"Bratislavský kraj";5;0;0;0;NA;74147;5;2020-04-30;356
2020-04-28;"Bratislavský kraj";2;0;0;0;NA;74147;2;2020-04-28;351
2020-04-26;"Bratislavský kraj";1;0;0;0;NA;74147;1;2020-04-26;349
2020-04-24;"Bratislavský kraj";2;0;0;0;NA;74147;2;2020-04-24;348
2020-04-23;"Bratislavský kraj";6;0;0;0;NA;74147;6;2020-04-23;346
2020-04-22;"Bratislavský kraj";11;0;0;0;NA;74147;11;2020-04-22;340
2020-04-21;"Bratislavský kraj";4;0;0;0;NA;74147;4;2020-04-21;329
2020-04-19;"Bratislavský kraj";4;0;0;0;NA;74147;4;2020-04-19;325
2020-04-18;"Bratislavský kraj";5;0;0;0;NA;74147;5;2020-04-18;321
2020-04-17;"Bratislavský kraj";6;0;0;0;NA;74147;6;2020-04-17;316
2020-04-16;"Bratislavský kraj";15;0;0;0;NA;74147;15;2020-04-16;310
2020-04-15;"Bratislavský kraj";11;0;0;0;NA;74147;11;2020-04-15;295
2020-04-14;"Bratislavský kraj";19;0;0;0;NA;74147;19;2020-04-14;284
2020-04-13;"Bratislavský kraj";53;0;0;0;NA;74147;53;2020-04-13;265
2020-04-12;"Bratislavský kraj";3;0;0;0;NA;74147;3;2020-04-12;212
2020-04-11;"Bratislavský kraj";1;0;0;0;NA;74147;1;2020-04-11;209
2020-04-10;"Bratislavský kraj";8;0;0;0;NA;74147;8;2020-04-10;208
2020-04-09;"Bratislavský kraj";3;0;0;0;NA;74147;3;2020-04-09;200
2020-04-08;"Bratislavský kraj";3;0;0;0;NA;74147;3;2020-04-08;197
2020-04-07;"Bratislavský kraj";24;0;0;0;NA;74147;24;2020-04-07;194
2020-04-06;"Bratislavský kraj";5;0;0;0;NA;74147;5;2020-04-06;170
2020-04-05;"Bratislavský kraj";6;0;0;0;NA;74147;6;2020-04-05;165
2020-04-04;"Bratislavský kraj";2;0;0;0;NA;74147;2;2020-04-04;159
2020-04-03;"Bratislavský kraj";1;0;0;0;NA;74147;1;2020-04-03;157
2020-04-02;"Bratislavský kraj";2;0;0;0;NA;74147;2;2020-04-02;156
2020-04-01;"Bratislavský kraj";5;0;0;0;NA;74147;5;2020-04-01;154
2020-03-31;"Bratislavský kraj";19;0;0;0;NA;74147;19;2020-03-31;149
2020-03-30;"Bratislavský kraj";6;0;0;0;NA;74147;6;2020-03-30;130
2020-03-29;"Bratislavský kraj";8;0;0;0;NA;74147;8;2020-03-29;124
2020-03-28;"Bratislavský kraj";4;0;0;0;NA;74147;4;2020-03-28;116
2020-03-27;"Bratislavský kraj";3;0;0;0;NA;74147;3;2020-03-27;112
2020-03-26;"Bratislavský kraj";15;0;0;0;NA;74147;15;2020-03-26;109
2020-03-25;"Bratislavský kraj";1;0;0;0;NA;74147;1;2020-03-25;94
2020-03-24;"Bratislavský kraj";4;0;0;0;NA;74147;4;2020-03-24;93
2020-03-23;"Bratislavský kraj";9;0;0;0;NA;74147;9;2020-03-23;89
2020-03-22;"Bratislavský kraj";2;0;0;0;NA;74147;2;2020-03-22;80
2020-03-21;"Bratislavský kraj";22;0;0;0;NA;74147;22;2020-03-21;78
2020-03-20;"Bratislavský kraj";3;0;0;0;NA;74147;3;2020-03-20;56
2020-03-19;"Bratislavský kraj";4;0;0;0;NA;74147;4;2020-03-19;53
2020-03-18;"Bratislavský kraj";3;0;0;0;NA;74147;3;2020-03-18;49
2020-03-17;"Bratislavský kraj";13;0;0;0;NA;74147;13;2020-03-17;46
2020-03-16;"Bratislavský kraj";1;0;0;0;NA;74147;1;2020-03-16;33
2020-03-15;"Bratislavský kraj";4;0;0;0;NA;74147;4;2020-03-15;32
2020-03-14;"Bratislavský kraj";9;0;0;0;NA;74147;9;2020-03-14;28
2020-03-13;"Bratislavský kraj";2;0;0;0;NA;74147;2;2020-03-13;19
2020-03-12;"Bratislavský kraj";8;0;0;0;NA;74147;8;2020-03-12;17
2020-03-11;"Bratislavský kraj";3;0;0;0;NA;74147;3;2020-03-11;9
2020-03-08;"Bratislavský kraj";2;0;0;0;NA;74147;2;2020-03-08;6
2020-03-07;"Bratislavský kraj";2;0;0;0;NA;74147;2;2020-03-07;4
2020-03-06;"Bratislavský kraj";1;0;0;0;NA;74147;1;2020-03-06;2
2021-04-07;"Košický kraj";232;25616;189;25805;49399;76042;421;2021-04-07;76042
2021-04-06;"Košický kraj";121;31334;148;31482;NA;76042;269;2021-04-06;75621
2021-04-05;"Košický kraj";19;11718;53;11771;NA;76042;72;2021-04-05;75352
2021-04-04;"Košický kraj";33;8808;31;8839;NA;76042;64;2021-04-04;75280
2021-04-03;"Košický kraj";138;87043;219;87262;NA;76042;357;2021-04-03;75216
2021-04-02;"Košický kraj";128;23106;84;23190;NA;76042;212;2021-04-02;74859
2021-04-01;"Košický kraj";165;45945;145;46090;NA;76042;310;2021-04-01;74647
2021-03-31;"Košický kraj";160;29808;127;29935;NA;76042;287;2021-03-31;74337
2021-03-30;"Košický kraj";229;24108;163;24271;NA;76042;392;2021-03-30;74050
2021-03-29;"Košický kraj";78;26003;222;26225;NA;76042;300;2021-03-29;73658
2021-03-28;"Košický kraj";39;30609;76;30685;NA;76042;115;2021-03-28;73358
2021-03-27;"Košický kraj";222;96675;267;96942;NA;76042;489;2021-03-27;73243
2021-03-26;"Košický kraj";233;45260;202;45462;NA;76042;435;2021-03-26;72754
2021-03-25;"Košický kraj";133;23793;174;23967;NA;76042;307;2021-03-25;72319
2021-03-24;"Košický kraj";165;20677;157;20834;NA;76042;322;2021-03-24;72012
2021-03-23;"Košický kraj";202;22480;190;22670;NA;76042;392;2021-03-23;71690
2021-03-22;"Košický kraj";169;24140;211;24351;NA;76042;380;2021-03-22;71298
2021-03-21;"Košický kraj";109;40321;146;40467;NA;76042;255;2021-03-21;70918
2021-03-20;"Košický kraj";126;97970;306;98276;NA;76042;432;2021-03-20;70663
2021-03-19;"Košický kraj";205;45707;258;45965;NA;76042;463;2021-03-19;70231
2021-03-18;"Košický kraj";274;23831;211;24042;NA;76042;485;2021-03-18;69768
2021-03-17;"Košický kraj";177;21559;197;21756;NA;76042;374;2021-03-17;69283
2021-03-16;"Košický kraj";386;23441;226;23667;NA;76042;612;2021-03-16;68909
2021-03-15;"Košický kraj";173;24981;276;25257;NA;76042;449;2021-03-15;68297
2021-03-14;"Košický kraj";145;44419;226;44645;NA;76042;371;2021-03-14;67848
2021-03-13;"Košický kraj";146;103822;481;104303;NA;76042;627;2021-03-13;67477
2021-03-12;"Košický kraj";366;47353;316;47669;NA;76042;682;2021-03-12;66850
2021-03-11;"Košický kraj";396;23225;261;23486;NA;76042;657;2021-03-11;66168
2021-03-10;"Košický kraj";121;22199;268;22467;NA;76042;389;2021-03-10;65511
2021-03-09;"Košický kraj";676;24524;301;24825;NA;76042;977;2021-03-09;65122
2021-03-08;"Košický kraj";559;29679;342;30021;NA;76042;901;2021-03-08;64145
2021-03-07;"Košický kraj";45;35061;229;35290;NA;76042;274;2021-03-07;63244
2021-03-06;"Košický kraj";177;105850;537;106387;NA;76042;714;2021-03-06;62970
2021-03-05;"Košický kraj";439;45557;422;45979;NA;76042;861;2021-03-05;62256
2021-03-04;"Košický kraj";417;23862;321;24183;NA;76042;738;2021-03-04;61395
2021-03-03;"Košický kraj";390;23134;297;23431;NA;76042;687;2021-03-03;60657
2021-03-02;"Košický kraj";464;24157;372;24529;NA;76042;836;2021-03-02;59970
2021-03-01;"Košický kraj";389;29980;512;30492;NA;76042;901;2021-03-01;59134
2021-02-28;"Košický kraj";265;0;0;0;NA;76042;265;2021-02-28;58233
2021-02-27;"Košický kraj";301;0;0;0;NA;76042;301;2021-02-27;57968
2021-02-26;"Košický kraj";440;0;0;0;NA;76042;440;2021-02-26;57667
2021-02-25;"Košický kraj";331;0;0;0;NA;76042;331;2021-02-25;57227
2021-02-24;"Košický kraj";263;0;0;0;NA;76042;263;2021-02-24;56896
2021-02-23;"Košický kraj";642;0;0;0;NA;76042;642;2021-02-23;56633
2021-02-22;"Košický kraj";362;0;0;0;NA;76042;362;2021-02-22;55991
2021-02-21;"Košický kraj";170;0;0;0;NA;76042;170;2021-02-21;55629
2021-02-20;"Košický kraj";283;0;0;0;NA;76042;283;2021-02-20;55459
2021-02-19;"Košický kraj";507;0;0;0;NA;76042;507;2021-02-19;55176
2021-02-18;"Košický kraj";397;0;0;0;NA;76042;397;2021-02-18;54669
2021-02-17;"Košický kraj";322;0;0;0;NA;76042;322;2021-02-17;54272
2021-02-16;"Košický kraj";600;0;0;0;NA;76042;600;2021-02-16;53950
2021-02-15;"Košický kraj";216;0;0;0;NA;76042;216;2021-02-15;53350
2021-02-14;"Košický kraj";241;0;0;0;NA;76042;241;2021-02-14;53134
2021-02-13;"Košický kraj";206;0;0;0;NA;76042;206;2021-02-13;52893
2021-02-12;"Košický kraj";448;0;0;0;NA;76042;448;2021-02-12;52687
2021-02-11;"Košický kraj";435;0;0;0;NA;76042;435;2021-02-11;52239
2021-02-10;"Košický kraj";360;0;0;0;NA;76042;360;2021-02-10;51804
2021-02-09;"Košický kraj";545;0;0;0;NA;76042;545;2021-02-09;51444
2021-02-08;"Košický kraj";237;0;0;0;NA;76042;237;2021-02-08;50899
2021-02-07;"Košický kraj";208;0;0;0;NA;76042;208;2021-02-07;50662
2021-02-06;"Košický kraj";318;0;0;0;NA;76042;318;2021-02-06;50454
2021-02-05;"Košický kraj";384;0;0;0;NA;76042;384;2021-02-05;50136
2021-02-04;"Košický kraj";391;0;0;0;NA;76042;391;2021-02-04;49752
2021-02-03;"Košický kraj";296;0;0;0;NA;76042;296;2021-02-03;49361
2021-02-02;"Košický kraj";473;0;0;0;NA;76042;473;2021-02-02;49065
2021-02-01;"Košický kraj";415;0;0;0;NA;76042;415;2021-02-01;48592
2021-01-31;"Košický kraj";142;53674;585;54259;NA;76042;727;2021-01-31;48177
2021-01-30;"Košický kraj";320;76770;673;77443;NA;76042;993;2021-01-30;47450
2021-01-29;"Košický kraj";311;37131;456;37587;NA;76042;767;2021-01-29;46457
2021-01-28;"Košický kraj";540;9025;247;9272;NA;76042;787;2021-01-28;45690
2021-01-27;"Košický kraj";265;7484;207;7691;NA;76042;472;2021-01-27;44903
2021-01-26;"Košický kraj";530;14256;246;14502;NA;76042;776;2021-01-26;44431
2021-01-25;"Košický kraj";226;26430;413;26843;NA;76042;639;2021-01-25;43655
2021-01-24;"Košický kraj";150;45108;595;45703;NA;76042;745;2021-01-24;43016
2021-01-23;"Košický kraj";232;82016;843;82859;NA;76042;1075;2021-01-23;42271
2021-01-22;"Košický kraj";316;19997;265;20262;NA;76042;581;2021-01-22;41196
2021-01-21;"Košický kraj";274;14047;158;14205;NA;76042;432;2021-01-21;40615
2021-01-20;"Košický kraj";374;10843;201;11044;NA;76042;575;2021-01-20;40183
2021-01-19;"Košický kraj";248;9853;182;10035;NA;76042;430;2021-01-19;39608
2021-01-18;"Košický kraj";333;5770;212;5982;NA;76042;545;2021-01-18;39178
2021-01-17;"Košický kraj";155;535;14;549;NA;76042;169;2021-01-17;38633
2021-01-16;"Košický kraj";153;1403;47;1450;NA;76042;200;2021-01-16;38464
2021-01-15;"Košický kraj";308;6443;213;6656;NA;76042;521;2021-01-15;38264
2021-01-14;"Košický kraj";358;5471;221;5692;NA;76042;579;2021-01-14;37743
2021-01-13;"Košický kraj";421;4897;226;5123;NA;76042;647;2021-01-13;37164
2021-01-12;"Košický kraj";482;6689;258;6947;NA;76042;740;2021-01-12;36517
2021-01-11;"Košický kraj";309;7945;304;8249;NA;76042;613;2021-01-11;35777
2021-01-10;"Košický kraj";193;134;6;140;NA;76042;199;2021-01-10;35164
2021-01-09;"Košický kraj";469;1134;45;1179;NA;76042;514;2021-01-09;34965
2021-01-08;"Košický kraj";551;8222;388;8610;NA;76042;939;2021-01-08;34451
2021-01-07;"Košický kraj";251;6403;428;6831;NA;76042;679;2021-01-07;33512
2021-01-06;"Košický kraj";442;429;33;462;NA;76042;475;2021-01-06;32833
2021-01-05;"Košický kraj";584;8100;560;8660;NA;76042;1144;2021-01-05;32358
2021-01-04;"Košický kraj";407;7113;737;7850;NA;76042;1144;2021-01-04;31214
2021-01-03;"Košický kraj";118;661;22;683;NA;76042;140;2021-01-03;30070
2021-01-02;"Košický kraj";88;440;52;492;NA;76042;140;2021-01-02;29930
2021-01-01;"Košický kraj";398;725;49;774;NA;76042;447;2021-01-01;29790
2020-12-31;"Košický kraj";625;7877;461;8338;NA;76042;1086;2020-12-31;29343
2020-12-30;"Košický kraj";590;6477;412;6889;NA;76042;1002;2020-12-30;28257
2020-12-29;"Košický kraj";419;7573;605;8178;NA;76042;1024;2020-12-29;27255
2020-12-28;"Košický kraj";356;8296;804;9100;NA;76042;1160;2020-12-28;26231
2020-12-27;"Košický kraj";159;147;16;163;NA;76042;175;2020-12-27;25071
2020-12-26;"Košický kraj";163;274;23;297;NA;76042;186;2020-12-26;24896
2020-12-25;"Košický kraj";237;140;10;150;NA;76042;247;2020-12-25;24710
2020-12-24;"Košický kraj";564;1470;90;1560;NA;76042;654;2020-12-24;24463
2020-12-23;"Košický kraj";304;7942;354;8296;NA;76042;658;2020-12-23;23809
2020-12-22;"Košický kraj";438;7920;459;8379;NA;76042;897;2020-12-22;23151
2020-12-21;"Košický kraj";405;6984;509;7493;NA;76042;914;2020-12-21;22254
2020-12-20;"Košický kraj";215;48;8;56;NA;76042;223;2020-12-20;21340
2020-12-19;"Košický kraj";207;1148;59;1207;NA;76042;266;2020-12-19;21117
2020-12-18;"Košický kraj";310;8484;326;8810;NA;76042;636;2020-12-18;20851
2020-12-17;"Košický kraj";463;5292;255;5547;NA;76042;718;2020-12-17;20215
2020-12-16;"Košický kraj";455;5898;316;6214;NA;76042;771;2020-12-16;19497
2020-12-15;"Košický kraj";319;5086;338;5424;NA;76042;657;2020-12-15;18726
2020-12-14;"Košický kraj";256;2893;239;3132;NA;76042;495;2020-12-14;18069
2020-12-13;"Košický kraj";47;181;2;183;NA;76042;49;2020-12-13;17574
2020-12-12;"Košický kraj";369;1587;118;1705;NA;76042;487;2020-12-12;17525
2020-12-11;"Košický kraj";354;5461;258;5719;NA;76042;612;2020-12-11;17038
2020-12-10;"Košický kraj";283;4064;176;4240;NA;76042;459;2020-12-10;16426
2020-12-09;"Košický kraj";279;3786;166;3952;NA;76042;445;2020-12-09;15967
2020-12-08;"Košický kraj";226;4105;355;4460;NA;76042;581;2020-12-08;15522
2020-12-07;"Košický kraj";270;2111;103;2214;NA;76042;373;2020-12-07;14941
2020-12-06;"Košický kraj";121;97;20;117;NA;76042;141;2020-12-06;14568
2020-12-05;"Košický kraj";90;1096;48;1144;NA;76042;138;2020-12-05;14427
2020-12-04;"Košický kraj";224;2680;82;2762;NA;76042;306;2020-12-04;14289
2020-12-03;"Košický kraj";211;7717;173;7890;NA;76042;384;2020-12-03;13983
2020-12-02;"Košický kraj";193;8132;496;8628;NA;76042;689;2020-12-02;13599
2020-12-01;"Košický kraj";178;2237;124;2361;NA;76042;302;2020-12-01;12910
2020-11-30;"Košický kraj";171;3645;58;3703;NA;76042;229;2020-11-30;12608
2020-11-29;"Košický kraj";31;287;16;303;NA;76042;47;2020-11-29;12379
2020-11-28;"Košický kraj";69;721;52;773;NA;76042;121;2020-11-28;12332
2020-11-27;"Košický kraj";149;2729;74;2803;NA;76042;223;2020-11-27;12211
2020-11-26;"Košický kraj";239;1090;55;1145;NA;76042;294;2020-11-26;11988
2020-11-25;"Košický kraj";237;1664;122;1786;NA;76042;359;2020-11-25;11694
2020-11-24;"Košický kraj";196;1871;64;1935;NA;76042;260;2020-11-24;11335
2020-11-23;"Košický kraj";51;3737;54;3791;NA;76042;105;2020-11-23;11075
2020-11-22;"Košický kraj";57;28;3;31;NA;76042;60;2020-11-22;10970
2020-11-21;"Košický kraj";87;858;36;894;NA;76042;123;2020-11-21;10910
2020-11-20;"Košický kraj";176;2989;45;3034;NA;76042;221;2020-11-20;10787
2020-11-19;"Košický kraj";206;1648;40;1688;NA;76042;246;2020-11-19;10566
2020-11-18;"Košický kraj";122;443;16;459;NA;76042;138;2020-11-18;10320
2020-11-17;"Košický kraj";152;82;9;91;NA;76042;161;2020-11-17;10182
2020-11-16;"Košický kraj";114;531;24;555;NA;76042;138;2020-11-16;10021
2020-11-15;"Košický kraj";15;338;7;345;NA;76042;22;2020-11-15;9883
2020-11-14;"Košický kraj";234;520;12;532;NA;76042;246;2020-11-14;9861
2020-11-13;"Košický kraj";207;664;29;693;NA;76042;236;2020-11-13;9615
2020-11-12;"Košický kraj";192;736;13;749;NA;76042;205;2020-11-12;9379
2020-11-11;"Košický kraj";301;593;7;600;NA;76042;308;2020-11-11;9174
2020-11-10;"Košický kraj";190;541;11;552;NA;76042;201;2020-11-10;8866
2020-11-09;"Košický kraj";129;380;5;385;NA;76042;134;2020-11-09;8665
2020-11-08;"Košický kraj";78;1298;8;1306;NA;76042;86;2020-11-08;8531
2020-11-07;"Košický kraj";192;3909;22;3931;NA;76042;214;2020-11-07;8445
2020-11-06;"Košický kraj";195;5310;34;5344;NA;76042;229;2020-11-06;8231
2020-11-05;"Košický kraj";342;330;31;361;NA;76042;373;2020-11-05;8002
2020-11-04;"Košický kraj";101;154;6;160;NA;76042;107;2020-11-04;7629
2020-11-03;"Košický kraj";358;1122;13;1135;NA;76042;371;2020-11-03;7522
2020-11-02;"Košický kraj";111;4368;51;4419;NA;76042;162;2020-11-02;7151
2020-11-01;"Košický kraj";346;6522;34;6556;NA;76042;380;2020-11-01;6989
2020-10-31;"Košický kraj";82;13810;105;13915;NA;76042;187;2020-10-31;6609
2020-10-30;"Košický kraj";379;2835;27;2862;NA;76042;406;2020-10-30;6422
2020-10-29;"Košický kraj";333;983;13;996;NA;76042;346;2020-10-29;6016
2020-10-28;"Košický kraj";224;305;13;318;NA;76042;237;2020-10-28;5670
2020-10-27;"Košický kraj";386;439;21;460;NA;76042;407;2020-10-27;5433
2020-10-26;"Košický kraj";56;191;7;198;NA;76042;63;2020-10-26;5026
2020-10-25;"Košický kraj";154;79;2;81;NA;76042;156;2020-10-25;4963
2020-10-24;"Košický kraj";313;113;15;128;NA;76042;328;2020-10-24;4807
2020-10-23;"Košický kraj";315;331;8;339;NA;76042;323;2020-10-23;4479
2020-10-22;"Košický kraj";349;530;16;546;NA;76042;365;2020-10-22;4156
2020-10-21;"Košický kraj";129;84;2;86;NA;76042;131;2020-10-21;3791
2020-10-20;"Košický kraj";181;14;1;15;NA;76042;182;2020-10-20;3660
2020-10-19;"Košický kraj";64;10;0;10;NA;76042;64;2020-10-19;3478
2020-10-18;"Košický kraj";158;0;0;0;NA;76042;158;2020-10-18;3414
2020-10-17;"Košický kraj";142;0;0;0;NA;76042;142;2020-10-17;3256
2020-10-16;"Košický kraj";206;19;0;19;NA;76042;206;2020-10-16;3114
2020-10-15;"Košický kraj";177;19;5;24;NA;76042;182;2020-10-15;2908
2020-10-14;"Košický kraj";211;8;0;8;NA;76042;211;2020-10-14;2726
2020-10-13;"Košický kraj";179;80;3;83;NA;76042;182;2020-10-13;2515
2020-10-12;"Košický kraj";74;0;0;0;NA;76042;74;2020-10-12;2333
2020-10-11;"Košický kraj";121;0;0;0;NA;76042;121;2020-10-11;2259
2020-10-10;"Košický kraj";70;0;0;0;NA;76042;70;2020-10-10;2138
2020-10-09;"Košický kraj";188;0;0;0;NA;76042;188;2020-10-09;2068
2020-10-08;"Košický kraj";102;0;0;0;NA;76042;102;2020-10-08;1880
2020-10-07;"Košický kraj";158;0;0;0;NA;76042;158;2020-10-07;1778
2020-10-06;"Košický kraj";70;0;0;0;NA;76042;70;2020-10-06;1620
2020-10-05;"Košický kraj";39;0;0;0;NA;76042;39;2020-10-05;1550
2020-10-04;"Košický kraj";45;0;0;0;NA;76042;45;2020-10-04;1511
2020-10-03;"Košický kraj";105;0;0;0;NA;76042;105;2020-10-03;1466
2020-10-02;"Košický kraj";57;0;0;0;NA;76042;57;2020-10-02;1361
2020-10-01;"Košický kraj";69;0;0;0;NA;76042;69;2020-10-01;1304
2020-09-30;"Košický kraj";95;0;0;0;NA;76042;95;2020-09-30;1235
2020-09-29;"Košický kraj";75;0;0;0;NA;76042;75;2020-09-29;1140
2020-09-28;"Košický kraj";19;0;0;0;NA;76042;19;2020-09-28;1065
2020-09-27;"Košický kraj";21;0;0;0;NA;76042;21;2020-09-27;1046
2020-09-26;"Košický kraj";53;0;0;0;NA;76042;53;2020-09-26;1025
2020-09-25;"Košický kraj";72;0;0;0;NA;76042;72;2020-09-25;972
2020-09-24;"Košický kraj";35;0;0;0;NA;76042;35;2020-09-24;900
2020-09-23;"Košický kraj";23;0;0;0;NA;76042;23;2020-09-23;865
2020-09-22;"Košický kraj";39;0;0;0;NA;76042;39;2020-09-22;842
2020-09-21;"Košický kraj";5;0;0;0;NA;76042;5;2020-09-21;803
2020-09-20;"Košický kraj";3;0;0;0;NA;76042;3;2020-09-20;798
2020-09-19;"Košický kraj";13;0;0;0;NA;76042;13;2020-09-19;795
2020-09-18;"Košický kraj";20;0;0;0;NA;76042;20;2020-09-18;782
2020-09-17;"Košický kraj";22;0;0;0;NA;76042;22;2020-09-17;762
2020-09-16;"Košický kraj";12;0;0;0;NA;76042;12;2020-09-16;740
2020-09-15;"Košický kraj";10;0;0;0;NA;76042;10;2020-09-15;728
2020-09-14;"Košický kraj";6;0;0;0;NA;76042;6;2020-09-14;718
2020-09-13;"Košický kraj";3;0;0;0;NA;76042;3;2020-09-13;712
2020-09-12;"Košický kraj";16;0;0;0;NA;76042;16;2020-09-12;709
2020-09-11;"Košický kraj";20;0;0;0;NA;76042;20;2020-09-11;693
2020-09-10;"Košický kraj";11;0;0;0;NA;76042;11;2020-09-10;673
2020-09-09;"Košický kraj";37;0;0;0;NA;76042;37;2020-09-09;662
2020-09-08;"Košický kraj";10;0;0;0;NA;76042;10;2020-09-08;625
2020-09-07;"Košický kraj";4;0;0;0;NA;76042;4;2020-09-07;615
2020-09-06;"Košický kraj";2;0;0;0;NA;76042;2;2020-09-06;611
2020-09-05;"Košický kraj";10;0;0;0;NA;76042;10;2020-09-05;609
2020-09-04;"Košický kraj";14;0;0;0;NA;76042;14;2020-09-04;599
2020-09-03;"Košický kraj";22;0;0;0;NA;76042;22;2020-09-03;585
2020-09-02;"Košický kraj";13;0;0;0;NA;76042;13;2020-09-02;563
2020-09-01;"Košický kraj";21;0;0;0;NA;76042;21;2020-09-01;550
2020-08-31;"Košický kraj";9;0;0;0;NA;76042;9;2020-08-31;529
2020-08-30;"Košický kraj";21;0;0;0;NA;76042;21;2020-08-30;520
2020-08-29;"Košický kraj";1;0;0;0;NA;76042;1;2020-08-29;499
2020-08-28;"Košický kraj";19;0;0;0;NA;76042;19;2020-08-28;498
2020-08-27;"Košický kraj";15;0;0;0;NA;76042;15;2020-08-27;479
2020-08-26;"Košický kraj";8;0;0;0;NA;76042;8;2020-08-26;464
2020-08-25;"Košický kraj";23;0;0;0;NA;76042;23;2020-08-25;456
2020-08-24;"Košický kraj";6;0;0;0;NA;76042;6;2020-08-24;433
2020-08-23;"Košický kraj";8;0;0;0;NA;76042;8;2020-08-23;427
2020-08-22;"Košický kraj";13;0;0;0;NA;76042;13;2020-08-22;419
2020-08-21;"Košický kraj";10;0;0;0;NA;76042;10;2020-08-21;406
2020-08-20;"Košický kraj";10;0;0;0;NA;76042;10;2020-08-20;396
2020-08-19;"Košický kraj";3;0;0;0;NA;76042;3;2020-08-19;386
2020-08-18;"Košický kraj";7;0;0;0;NA;76042;7;2020-08-18;383
2020-08-17;"Košický kraj";2;0;0;0;NA;76042;2;2020-08-17;376
2020-08-16;"Košický kraj";2;0;0;0;NA;76042;2;2020-08-16;374
2020-08-15;"Košický kraj";3;0;0;0;NA;76042;3;2020-08-15;372
2020-08-14;"Košický kraj";1;0;0;0;NA;76042;1;2020-08-14;369
2020-08-13;"Košický kraj";3;0;0;0;NA;76042;3;2020-08-13;368
2020-08-12;"Košický kraj";12;0;0;0;NA;76042;12;2020-08-12;365
2020-08-11;"Košický kraj";5;0;0;0;NA;76042;5;2020-08-11;353
2020-08-10;"Košický kraj";1;0;0;0;NA;76042;1;2020-08-10;348
2020-08-08;"Košický kraj";5;0;0;0;NA;76042;5;2020-08-08;347
2020-08-07;"Košický kraj";7;0;0;0;NA;76042;7;2020-08-07;342
2020-08-06;"Košický kraj";3;0;0;0;NA;76042;3;2020-08-06;335
2020-08-05;"Košický kraj";4;0;0;0;NA;76042;4;2020-08-05;332
2020-08-04;"Košický kraj";1;0;0;0;NA;76042;1;2020-08-04;328
2020-08-03;"Košický kraj";1;0;0;0;NA;76042;1;2020-08-03;327
2020-07-30;"Košický kraj";2;0;0;0;NA;76042;2;2020-07-30;326
2020-07-29;"Košický kraj";1;0;0;0;NA;76042;1;2020-07-29;324
2020-07-28;"Košický kraj";9;0;0;0;NA;76042;9;2020-07-28;323
2020-07-27;"Košický kraj";4;0;0;0;NA;76042;4;2020-07-27;314
2020-07-25;"Košický kraj";2;0;0;0;NA;76042;2;2020-07-25;310
2020-07-24;"Košický kraj";2;0;0;0;NA;76042;2;2020-07-24;308
2020-07-23;"Košický kraj";1;0;0;0;NA;76042;1;2020-07-23;306
2020-07-22;"Košický kraj";1;0;0;0;NA;76042;1;2020-07-22;305
2020-07-18;"Košický kraj";1;0;0;0;NA;76042;1;2020-07-18;304
2020-07-17;"Košický kraj";1;0;0;0;NA;76042;1;2020-07-17;303
2020-07-15;"Košický kraj";2;0;0;0;NA;76042;2;2020-07-15;302
2020-07-14;"Košický kraj";1;0;0;0;NA;76042;1;2020-07-14;300
2020-07-13;"Košický kraj";1;0;0;0;NA;76042;1;2020-07-13;299
2020-07-10;"Košický kraj";1;0;0;0;NA;76042;1;2020-07-10;298
2020-07-09;"Košický kraj";1;0;0;0;NA;76042;1;2020-07-09;297
2020-07-08;"Košický kraj";12;0;0;0;NA;76042;12;2020-07-08;296
2020-07-03;"Košický kraj";1;0;0;0;NA;76042;1;2020-07-03;284
2020-07-01;"Košický kraj";1;0;0;0;NA;76042;1;2020-07-01;283
2020-06-25;"Košický kraj";3;0;0;0;NA;76042;3;2020-06-25;282
2020-06-24;"Košický kraj";3;0;0;0;NA;76042;3;2020-06-24;279
2020-06-23;"Košický kraj";3;0;0;0;NA;76042;3;2020-06-23;276
2020-06-18;"Košický kraj";1;0;0;0;NA;76042;1;2020-06-18;273
2020-06-16;"Košický kraj";2;0;0;0;NA;76042;2;2020-06-16;272
2020-06-10;"Košický kraj";6;0;0;0;NA;76042;6;2020-06-10;270
2020-06-07;"Košický kraj";2;0;0;0;NA;76042;2;2020-06-07;264
2020-06-02;"Košický kraj";1;0;0;0;NA;76042;1;2020-06-02;262
2020-05-29;"Košický kraj";1;0;0;0;NA;76042;1;2020-05-29;261
2020-05-26;"Košický kraj";1;0;0;0;NA;76042;1;2020-05-26;260
2020-05-25;"Košický kraj";1;0;0;0;NA;76042;1;2020-05-25;259
2020-05-20;"Košický kraj";3;0;0;0;NA;76042;3;2020-05-20;258
2020-05-17;"Košický kraj";1;0;0;0;NA;76042;1;2020-05-17;255
2020-05-16;"Košický kraj";1;0;0;0;NA;76042;1;2020-05-16;254
2020-05-15;"Košický kraj";10;0;0;0;NA;76042;10;2020-05-15;253
2020-05-14;"Košický kraj";1;0;0;0;NA;76042;1;2020-05-14;243
2020-05-13;"Košický kraj";6;0;0;0;NA;76042;6;2020-05-13;242
2020-05-06;"Košický kraj";1;0;0;0;NA;76042;1;2020-05-06;236
2020-05-02;"Košický kraj";1;0;0;0;NA;76042;1;2020-05-02;235
2020-04-30;"Košický kraj";1;0;0;0;NA;76042;1;2020-04-30;234
2020-04-29;"Košický kraj";1;0;0;0;NA;76042;1;2020-04-29;233
2020-04-28;"Košický kraj";1;0;0;0;NA;76042;1;2020-04-28;232
2020-04-27;"Košický kraj";1;0;0;0;NA;76042;1;2020-04-27;231
2020-04-24;"Košický kraj";3;0;0;0;NA;76042;3;2020-04-24;230
2020-04-23;"Košický kraj";4;0;0;0;NA;76042;4;2020-04-23;227
2020-04-22;"Košický kraj";21;0;0;0;NA;76042;21;2020-04-22;223
2020-04-21;"Košický kraj";4;0;0;0;NA;76042;4;2020-04-21;202
2020-04-19;"Košický kraj";1;0;0;0;NA;76042;1;2020-04-19;198
2020-04-18;"Košický kraj";2;0;0;0;NA;76042;2;2020-04-18;197
2020-04-17;"Košický kraj";7;0;0;0;NA;76042;7;2020-04-17;195
2020-04-16;"Košický kraj";29;0;0;0;NA;76042;29;2020-04-16;188
2020-04-15;"Košický kraj";50;0;0;0;NA;76042;50;2020-04-15;159
2020-04-14;"Košický kraj";4;0;0;0;NA;76042;4;2020-04-14;109
2020-04-13;"Košický kraj";5;0;0;0;NA;76042;5;2020-04-13;105
2020-04-12;"Košický kraj";4;0;0;0;NA;76042;4;2020-04-12;100
2020-04-11;"Košický kraj";2;0;0;0;NA;76042;2;2020-04-11;96
2020-04-10;"Košický kraj";1;0;0;0;NA;76042;1;2020-04-10;94
2020-04-09;"Košický kraj";4;0;0;0;NA;76042;4;2020-04-09;93
2020-04-08;"Košický kraj";5;0;0;0;NA;76042;5;2020-04-08;89
2020-04-07;"Košický kraj";34;0;0;0;NA;76042;34;2020-04-07;84
2020-04-06;"Košický kraj";6;0;0;0;NA;76042;6;2020-04-06;50
2020-04-05;"Košický kraj";4;0;0;0;NA;76042;4;2020-04-05;44
2020-04-04;"Košický kraj";5;0;0;0;NA;76042;5;2020-04-04;40
2020-04-03;"Košický kraj";4;0;0;0;NA;76042;4;2020-04-03;35
2020-04-02;"Košický kraj";3;0;0;0;NA;76042;3;2020-04-02;31
2020-04-01;"Košický kraj";3;0;0;0;NA;76042;3;2020-04-01;28
2020-03-31;"Košický kraj";1;0;0;0;NA;76042;1;2020-03-31;25
2020-03-30;"Košický kraj";5;0;0;0;NA;76042;5;2020-03-30;24
2020-03-28;"Košický kraj";1;0;0;0;NA;76042;1;2020-03-28;19
2020-03-27;"Košický kraj";1;0;0;0;NA;76042;1;2020-03-27;18
2020-03-26;"Košický kraj";3;0;0;0;NA;76042;3;2020-03-26;17
2020-03-25;"Košický kraj";2;0;0;0;NA;76042;2;2020-03-25;14
2020-03-23;"Košický kraj";2;0;0;0;NA;76042;2;2020-03-23;12
2020-03-21;"Košický kraj";3;0;0;0;NA;76042;3;2020-03-21;10
2020-03-20;"Košický kraj";1;0;0;0;NA;76042;1;2020-03-20;7
2020-03-16;"Košický kraj";3;0;0;0;NA;76042;3;2020-03-16;6
2020-03-15;"Košický kraj";1;0;0;0;NA;76042;1;2020-03-15;3
2020-03-13;"Košický kraj";2;0;0;0;NA;76042;2;2020-03-13;2
2020-03-09;"Košický kraj";1;0;0;0;NA;76042;1;2020-03-09;0
2021-04-07;"Nitriansky kraj";64;16189;33;16222;37740;76552;97;2021-04-07;76552
2021-04-06;"Nitriansky kraj";65;32243;107;32350;NA;76552;172;2021-04-06;76455
2021-04-05;"Nitriansky kraj";37;10948;47;10995;NA;76552;84;2021-04-05;76283
2021-04-04;"Nitriansky kraj";5;5396;16;5412;NA;76552;21;2021-04-04;76199
2021-04-03;"Nitriansky kraj";26;70671;136;70807;NA;76552;162;2021-04-03;76178
2021-04-02;"Nitriansky kraj";32;15088;35;15123;NA;76552;67;2021-04-02;76016
2021-04-01;"Nitriansky kraj";63;22561;71;22632;NA;76552;134;2021-04-01;75949
2021-03-31;"Nitriansky kraj";73;20084;90;20174;NA;76552;163;2021-03-31;75815
2021-03-30;"Nitriansky kraj";125;16383;79;16462;NA;76552;204;2021-03-30;75652
2021-03-29;"Nitriansky kraj";81;23456;92;23548;NA;76552;173;2021-03-29;75448
2021-03-28;"Nitriansky kraj";6;16442;36;16478;NA;76552;42;2021-03-28;75275
2021-03-27;"Nitriansky kraj";39;92408;156;92564;NA;76552;195;2021-03-27;75233
2021-03-26;"Nitriansky kraj";90;40422;115;40537;NA;76552;205;2021-03-26;75038
2021-03-25;"Nitriansky kraj";95;19105;89;19194;NA;76552;184;2021-03-25;74833
2021-03-24;"Nitriansky kraj";90;14738;91;14829;NA;76552;181;2021-03-24;74649
2021-03-23;"Nitriansky kraj";167;16470;65;16535;NA;76552;232;2021-03-23;74468
2021-03-22;"Nitriansky kraj";101;23542;122;23664;NA;76552;223;2021-03-22;74236
2021-03-21;"Nitriansky kraj";27;26335;81;26416;NA;76552;108;2021-03-21;74013
2021-03-20;"Nitriansky kraj";36;99816;207;100023;NA;76552;243;2021-03-20;73905
2021-03-19;"Nitriansky kraj";76;36672;98;36770;NA;76552;174;2021-03-19;73662
2021-03-18;"Nitriansky kraj";103;19663;111;19774;NA;76552;214;2021-03-18;73488
2021-03-17;"Nitriansky kraj";87;15583;126;15709;NA;76552;213;2021-03-17;73274
2021-03-16;"Nitriansky kraj";172;18053;124;18177;NA;76552;296;2021-03-16;73061
2021-03-15;"Nitriansky kraj";130;24420;163;24583;NA;76552;293;2021-03-15;72765
2021-03-14;"Nitriansky kraj";3;13797;28;13825;NA;76552;31;2021-03-14;72472
2021-03-13;"Nitriansky kraj";65;111947;242;112189;NA;76552;307;2021-03-13;72441
2021-03-12;"Nitriansky kraj";127;40451;153;40604;NA;76552;280;2021-03-12;72134
2021-03-11;"Nitriansky kraj";131;18774;126;18900;NA;76552;257;2021-03-11;71854
2021-03-10;"Nitriansky kraj";96;17331;137;17468;NA;76552;233;2021-03-10;71597
2021-03-09;"Nitriansky kraj";260;17520;145;17665;NA;76552;405;2021-03-09;71364
2021-03-08;"Nitriansky kraj";145;27151;169;27320;NA;76552;314;2021-03-08;70959
2021-03-07;"Nitriansky kraj";48;37382;136;37518;NA;76552;184;2021-03-07;70645
2021-03-06;"Nitriansky kraj";86;110858;326;111184;NA;76552;412;2021-03-06;70461
2021-03-05;"Nitriansky kraj";133;39037;197;39234;NA;76552;330;2021-03-05;70049
2021-03-04;"Nitriansky kraj";176;17723;166;17889;NA;76552;342;2021-03-04;69719
2021-03-03;"Nitriansky kraj";172;16897;170;17067;NA;76552;342;2021-03-03;69377
2021-03-02;"Nitriansky kraj";274;20658;363;21021;NA;76552;637;2021-03-02;69035
2021-03-01;"Nitriansky kraj";133;27806;273;28079;NA;76552;406;2021-03-01;68398
2021-02-28;"Nitriansky kraj";80;0;0;0;NA;76552;80;2021-02-28;67992
2021-02-27;"Nitriansky kraj";101;0;0;0;NA;76552;101;2021-02-27;67912
2021-02-26;"Nitriansky kraj";109;0;0;0;NA;76552;109;2021-02-26;67811
2021-02-25;"Nitriansky kraj";188;0;0;0;NA;76552;188;2021-02-25;67702
2021-02-24;"Nitriansky kraj";125;0;0;0;NA;76552;125;2021-02-24;67514
2021-02-23;"Nitriansky kraj";273;0;0;0;NA;76552;273;2021-02-23;67389
2021-02-22;"Nitriansky kraj";154;0;0;0;NA;76552;154;2021-02-22;67116
2021-02-21;"Nitriansky kraj";22;0;0;0;NA;76552;22;2021-02-21;66962
2021-02-20;"Nitriansky kraj";128;0;0;0;NA;76552;128;2021-02-20;66940
2021-02-19;"Nitriansky kraj";173;0;0;0;NA;76552;173;2021-02-19;66812
2021-02-18;"Nitriansky kraj";202;0;0;0;NA;76552;202;2021-02-18;66639
2021-02-17;"Nitriansky kraj";198;0;0;0;NA;76552;198;2021-02-17;66437
2021-02-16;"Nitriansky kraj";284;0;0;0;NA;76552;284;2021-02-16;66239
2021-02-15;"Nitriansky kraj";122;0;0;0;NA;76552;122;2021-02-15;65955
2021-02-14;"Nitriansky kraj";8;0;0;0;NA;76552;8;2021-02-14;65833
2021-02-13;"Nitriansky kraj";127;0;0;0;NA;76552;127;2021-02-13;65825
2021-02-12;"Nitriansky kraj";162;0;0;0;NA;76552;162;2021-02-12;65698
2021-02-11;"Nitriansky kraj";195;0;0;0;NA;76552;195;2021-02-11;65536
2021-02-10;"Nitriansky kraj";186;0;0;0;NA;76552;186;2021-02-10;65341
2021-02-09;"Nitriansky kraj";260;0;0;0;NA;76552;260;2021-02-09;65155
2021-02-08;"Nitriansky kraj";177;0;0;0;NA;76552;177;2021-02-08;64895
2021-02-07;"Nitriansky kraj";20;0;0;0;NA;76552;20;2021-02-07;64718
2021-02-06;"Nitriansky kraj";129;0;0;0;NA;76552;129;2021-02-06;64698
2021-02-05;"Nitriansky kraj";244;0;0;0;NA;76552;244;2021-02-05;64569
2021-02-04;"Nitriansky kraj";308;0;0;0;NA;76552;308;2021-02-04;64325
2021-02-03;"Nitriansky kraj";191;0;0;0;NA;76552;191;2021-02-03;64017
2021-02-02;"Nitriansky kraj";327;0;0;0;NA;76552;327;2021-02-02;63826
2021-02-01;"Nitriansky kraj";221;0;0;0;NA;76552;221;2021-02-01;63499
2021-01-31;"Nitriansky kraj";9;22797;242;23039;NA;76552;251;2021-01-31;63278
2021-01-30;"Nitriansky kraj";152;90392;930;91322;NA;76552;1082;2021-01-30;63027
2021-01-29;"Nitriansky kraj";302;23757;488;24245;NA;76552;790;2021-01-29;61945
2021-01-28;"Nitriansky kraj";269;11370;398;11768;NA;76552;667;2021-01-28;61155
2021-01-27;"Nitriansky kraj";235;6759;299;7058;NA;76552;534;2021-01-27;60488
2021-01-26;"Nitriansky kraj";345;16036;454;16490;NA;76552;799;2021-01-26;59954
2021-01-25;"Nitriansky kraj";201;21729;429;22158;NA;76552;630;2021-01-25;59155
2021-01-24;"Nitriansky kraj";12;64769;642;65411;NA;76552;654;2021-01-24;58525
2021-01-23;"Nitriansky kraj";277;96435;1431;97866;NA;76552;1708;2021-01-23;57871
2021-01-22;"Nitriansky kraj";139;35406;614;36020;NA;76552;753;2021-01-22;56163
2021-01-21;"Nitriansky kraj";305;14649;412;15061;NA;76552;717;2021-01-21;55410
2021-01-20;"Nitriansky kraj";326;11991;625;12616;NA;76552;951;2021-01-20;54693
2021-01-19;"Nitriansky kraj";344;11022;633;11655;NA;76552;977;2021-01-19;53742
2021-01-18;"Nitriansky kraj";367;8672;511;9183;NA;76552;878;2021-01-18;52765
2021-01-17;"Nitriansky kraj";97;15061;275;15336;NA;76552;372;2021-01-17;51887
2021-01-16;"Nitriansky kraj";64;36174;646;36820;NA;76552;710;2021-01-16;51515
2021-01-15;"Nitriansky kraj";373;15940;474;16414;NA;76552;847;2021-01-15;50805
2021-01-14;"Nitriansky kraj";627;10577;452;11029;NA;76552;1079;2021-01-14;49958
2021-01-13;"Nitriansky kraj";663;9234;484;9718;NA;76552;1147;2021-01-13;48879
2021-01-12;"Nitriansky kraj";642;9014;557;9571;NA;76552;1199;2021-01-12;47732
2021-01-11;"Nitriansky kraj";422;8625;556;9181;NA;76552;978;2021-01-11;46533
2021-01-10;"Nitriansky kraj";44;19841;730;20571;NA;76552;774;2021-01-10;45555
2021-01-09;"Nitriansky kraj";532;36823;1071;37894;NA;76552;1603;2021-01-09;44781
2021-01-08;"Nitriansky kraj";817;14297;711;15008;NA;76552;1528;2021-01-08;43178
2021-01-07;"Nitriansky kraj";438;10820;823;11643;NA;76552;1261;2021-01-07;41650
2021-01-06;"Nitriansky kraj";259;3192;197;3389;NA;76552;456;2021-01-06;40389
2021-01-05;"Nitriansky kraj";732;8901;1202;10103;NA;76552;1934;2021-01-05;39933
2021-01-04;"Nitriansky kraj";362;8692;1329;10021;NA;76552;1691;2021-01-04;37999
2021-01-03;"Nitriansky kraj";42;84;20;104;NA;76552;62;2021-01-03;36308
2021-01-02;"Nitriansky kraj";249;1090;26;1116;NA;76552;275;2021-01-02;36246
2021-01-01;"Nitriansky kraj";119;671;94;765;NA;76552;213;2021-01-01;35971
2020-12-31;"Nitriansky kraj";786;7646;962;8608;NA;76552;1748;2020-12-31;35758
2020-12-30;"Nitriansky kraj";1094;9587;1163;10750;NA;76552;2257;2020-12-30;34010
2020-12-29;"Nitriansky kraj";607;7999;1270;9269;NA;76552;1877;2020-12-29;31753
2020-12-28;"Nitriansky kraj";83;6853;1267;8120;NA;76552;1350;2020-12-28;29876
2020-12-27;"Nitriansky kraj";22;36;2;38;NA;76552;24;2020-12-27;28526
2020-12-26;"Nitriansky kraj";54;297;56;353;NA;76552;110;2020-12-26;28502
2020-12-25;"Nitriansky kraj";35;47;5;52;NA;76552;40;2020-12-25;28392
2020-12-24;"Nitriansky kraj";514;1839;170;2009;NA;76552;684;2020-12-24;28352
2020-12-23;"Nitriansky kraj";349;15242;837;16079;NA;76552;1186;2020-12-23;27668
2020-12-22;"Nitriansky kraj";673;10567;979;11546;NA;76552;1652;2020-12-22;26482
2020-12-21;"Nitriansky kraj";128;7857;966;8823;NA;76552;1094;2020-12-21;24830
2020-12-20;"Nitriansky kraj";77;50;10;60;NA;76552;87;2020-12-20;23736
2020-12-19;"Nitriansky kraj";262;2259;159;2418;NA;76552;421;2020-12-19;23649
2020-12-18;"Nitriansky kraj";512;8399;550;8949;NA;76552;1062;2020-12-18;23228
2020-12-17;"Nitriansky kraj";586;6820;510;7330;NA;76552;1096;2020-12-17;22166
2020-12-16;"Nitriansky kraj";357;8513;543;9056;NA;76552;900;2020-12-16;21070
2020-12-15;"Nitriansky kraj";461;9035;765;9800;NA;76552;1226;2020-12-15;20170
2020-12-14;"Nitriansky kraj";217;8089;827;8916;NA;76552;1044;2020-12-14;18944
2020-12-13;"Nitriansky kraj";12;9;1;10;NA;76552;13;2020-12-13;17900
2020-12-12;"Nitriansky kraj";341;1832;125;1957;NA;76552;466;2020-12-12;17887
2020-12-11;"Nitriansky kraj";409;5431;416;5847;NA;76552;825;2020-12-11;17421
2020-12-10;"Nitriansky kraj";360;5473;351;5824;NA;76552;711;2020-12-10;16596
2020-12-09;"Nitriansky kraj";362;5506;529;6035;NA;76552;891;2020-12-09;15885
2020-12-08;"Nitriansky kraj";340;8611;589;9200;NA;76552;929;2020-12-08;14994
2020-12-07;"Nitriansky kraj";139;6138;568;6706;NA;76552;707;2020-12-07;14065
2020-12-06;"Nitriansky kraj";15;89;4;93;NA;76552;19;2020-12-06;13358
2020-12-05;"Nitriansky kraj";136;618;14;632;NA;76552;150;2020-12-05;13339
2020-12-04;"Nitriansky kraj";232;2884;74;2958;NA;76552;306;2020-12-04;13189
2020-12-03;"Nitriansky kraj";248;2471;110;2581;NA;76552;358;2020-12-03;12883
2020-12-02;"Nitriansky kraj";252;3664;161;3825;NA;76552;413;2020-12-02;12525
2020-12-01;"Nitriansky kraj";331;2891;131;3022;NA;76552;462;2020-12-01;12112
2020-11-30;"Nitriansky kraj";91;4228;188;4416;NA;76552;279;2020-11-30;11650
2020-11-29;"Nitriansky kraj";3;620;42;662;NA;76552;45;2020-11-29;11371
2020-11-28;"Nitriansky kraj";135;892;31;923;NA;76552;166;2020-11-28;11326
2020-11-27;"Nitriansky kraj";177;1229;43;1272;NA;76552;220;2020-11-27;11160
2020-11-26;"Nitriansky kraj";191;2262;57;2319;NA;76552;248;2020-11-26;10940
2020-11-25;"Nitriansky kraj";325;1993;66;2059;NA;76552;391;2020-11-25;10692
2020-11-24;"Nitriansky kraj";147;1141;50;1191;NA;76552;197;2020-11-24;10301
2020-11-23;"Nitriansky kraj";102;9562;206;9768;NA;76552;308;2020-11-23;10104
2020-11-22;"Nitriansky kraj";7;0;0;0;NA;76552;7;2020-11-22;9796
2020-11-21;"Nitriansky kraj";86;1083;38;1121;NA;76552;124;2020-11-21;9789
2020-11-20;"Nitriansky kraj";264;4020;101;4121;NA;76552;365;2020-11-20;9665
2020-11-19;"Nitriansky kraj";185;2953;133;3086;NA;76552;318;2020-11-19;9300
2020-11-18;"Nitriansky kraj";188;2109;77;2186;NA;76552;265;2020-11-18;8982
2020-11-17;"Nitriansky kraj";178;596;29;625;NA;76552;207;2020-11-17;8717
2020-11-16;"Nitriansky kraj";139;1836;75;1911;NA;76552;214;2020-11-16;8510
2020-11-15;"Nitriansky kraj";14;10;1;11;NA;76552;15;2020-11-15;8296
2020-11-14;"Nitriansky kraj";114;1131;32;1163;NA;76552;146;2020-11-14;8281
2020-11-13;"Nitriansky kraj";210;936;46;982;NA;76552;256;2020-11-13;8135
2020-11-12;"Nitriansky kraj";256;1195;35;1230;NA;76552;291;2020-11-12;7879
2020-11-11;"Nitriansky kraj";279;1247;22;1269;NA;76552;301;2020-11-11;7588
2020-11-10;"Nitriansky kraj";192;2623;39;2662;NA;76552;231;2020-11-10;7287
2020-11-09;"Nitriansky kraj";128;3136;43;3179;NA;76552;171;2020-11-09;7056
2020-11-08;"Nitriansky kraj";43;1462;32;1494;NA;76552;75;2020-11-08;6885
2020-11-07;"Nitriansky kraj";130;1046;4;1050;NA;76552;134;2020-11-07;6810
2020-11-06;"Nitriansky kraj";210;2264;32;2296;NA;76552;242;2020-11-06;6676
2020-11-05;"Nitriansky kraj";178;295;12;307;NA;76552;190;2020-11-05;6434
2020-11-04;"Nitriansky kraj";211;297;16;313;NA;76552;227;2020-11-04;6244
2020-11-03;"Nitriansky kraj";216;435;25;460;NA;76552;241;2020-11-03;6017
2020-11-02;"Nitriansky kraj";171;4208;46;4254;NA;76552;217;2020-11-02;5776
2020-11-01;"Nitriansky kraj";130;2546;27;2573;NA;76552;157;2020-11-01;5559
2020-10-31;"Nitriansky kraj";261;10402;134;10536;NA;76552;395;2020-10-31;5402
2020-10-30;"Nitriansky kraj";204;2380;21;2401;NA;76552;225;2020-10-30;5007
2020-10-29;"Nitriansky kraj";293;841;39;880;NA;76552;332;2020-10-29;4782
2020-10-28;"Nitriansky kraj";216;608;59;667;NA;76552;275;2020-10-28;4450
2020-10-27;"Nitriansky kraj";296;550;47;597;NA;76552;343;2020-10-27;4175
2020-10-26;"Nitriansky kraj";69;633;56;689;NA;76552;125;2020-10-26;3832
2020-10-25;"Nitriansky kraj";50;40;6;46;NA;76552;56;2020-10-25;3707
2020-10-24;"Nitriansky kraj";169;237;11;248;NA;76552;180;2020-10-24;3651
2020-10-23;"Nitriansky kraj";282;762;41;803;NA;76552;323;2020-10-23;3471
2020-10-22;"Nitriansky kraj";137;444;39;483;NA;76552;176;2020-10-22;3148
2020-10-21;"Nitriansky kraj";146;208;3;211;NA;76552;149;2020-10-21;2972
2020-10-20;"Nitriansky kraj";197;78;6;84;NA;76552;203;2020-10-20;2823
2020-10-19;"Nitriansky kraj";148;79;1;80;NA;76552;149;2020-10-19;2620
2020-10-18;"Nitriansky kraj";22;0;0;0;NA;76552;22;2020-10-18;2471
2020-10-17;"Nitriansky kraj";67;0;0;0;NA;76552;67;2020-10-17;2449
2020-10-16;"Nitriansky kraj";133;28;3;31;NA;76552;136;2020-10-16;2382
2020-10-15;"Nitriansky kraj";106;31;2;33;NA;76552;108;2020-10-15;2246
2020-10-14;"Nitriansky kraj";80;22;4;26;NA;76552;84;2020-10-14;2138
2020-10-13;"Nitriansky kraj";101;82;2;84;NA;76552;103;2020-10-13;2054
2020-10-12;"Nitriansky kraj";36;0;0;0;NA;76552;36;2020-10-12;1951
2020-10-11;"Nitriansky kraj";8;0;0;0;NA;76552;8;2020-10-11;1915
2020-10-10;"Nitriansky kraj";107;0;0;0;NA;76552;107;2020-10-10;1907
2020-10-09;"Nitriansky kraj";120;0;0;0;NA;76552;120;2020-10-09;1800
2020-10-08;"Nitriansky kraj";132;0;0;0;NA;76552;132;2020-10-08;1680
2020-10-07;"Nitriansky kraj";81;0;0;0;NA;76552;81;2020-10-07;1548
2020-10-06;"Nitriansky kraj";48;0;0;0;NA;76552;48;2020-10-06;1467
2020-10-05;"Nitriansky kraj";20;0;0;0;NA;76552;20;2020-10-05;1419
2020-10-04;"Nitriansky kraj";17;0;0;0;NA;76552;17;2020-10-04;1399
2020-10-03;"Nitriansky kraj";96;0;0;0;NA;76552;96;2020-10-03;1382
2020-10-02;"Nitriansky kraj";108;0;0;0;NA;76552;108;2020-10-02;1286
2020-10-01;"Nitriansky kraj";95;0;0;0;NA;76552;95;2020-10-01;1178
2020-09-30;"Nitriansky kraj";100;0;0;0;NA;76552;100;2020-09-30;1083
2020-09-29;"Nitriansky kraj";50;0;0;0;NA;76552;50;2020-09-29;983
2020-09-28;"Nitriansky kraj";22;0;0;0;NA;76552;22;2020-09-28;933
2020-09-27;"Nitriansky kraj";16;0;0;0;NA;76552;16;2020-09-27;911
2020-09-26;"Nitriansky kraj";64;0;0;0;NA;76552;64;2020-09-26;895
2020-09-25;"Nitriansky kraj";90;0;0;0;NA;76552;90;2020-09-25;831
2020-09-24;"Nitriansky kraj";51;0;0;0;NA;76552;51;2020-09-24;741
2020-09-23;"Nitriansky kraj";70;0;0;0;NA;76552;70;2020-09-23;690
2020-09-22;"Nitriansky kraj";18;0;0;0;NA;76552;18;2020-09-22;620
2020-09-21;"Nitriansky kraj";10;0;0;0;NA;76552;10;2020-09-21;602
2020-09-20;"Nitriansky kraj";4;0;0;0;NA;76552;4;2020-09-20;592
2020-09-19;"Nitriansky kraj";14;0;0;0;NA;76552;14;2020-09-19;588
2020-09-18;"Nitriansky kraj";19;0;0;0;NA;76552;19;2020-09-18;574
2020-09-17;"Nitriansky kraj";30;0;0;0;NA;76552;30;2020-09-17;555
2020-09-16;"Nitriansky kraj";6;0;0;0;NA;76552;6;2020-09-16;525
2020-09-15;"Nitriansky kraj";19;0;0;0;NA;76552;19;2020-09-15;519
2020-09-14;"Nitriansky kraj";28;0;0;0;NA;76552;28;2020-09-14;500
2020-09-13;"Nitriansky kraj";3;0;0;0;NA;76552;3;2020-09-13;472
2020-09-12;"Nitriansky kraj";12;0;0;0;NA;76552;12;2020-09-12;469
2020-09-11;"Nitriansky kraj";23;0;0;0;NA;76552;23;2020-09-11;457
2020-09-10;"Nitriansky kraj";29;0;0;0;NA;76552;29;2020-09-10;434
2020-09-09;"Nitriansky kraj";19;0;0;0;NA;76552;19;2020-09-09;405
2020-09-08;"Nitriansky kraj";17;0;0;0;NA;76552;17;2020-09-08;386
2020-09-07;"Nitriansky kraj";17;0;0;0;NA;76552;17;2020-09-07;369
2020-09-05;"Nitriansky kraj";22;0;0;0;NA;76552;22;2020-09-05;352
2020-09-04;"Nitriansky kraj";34;0;0;0;NA;76552;34;2020-09-04;330
2020-09-03;"Nitriansky kraj";15;0;0;0;NA;76552;15;2020-09-03;296
2020-09-02;"Nitriansky kraj";15;0;0;0;NA;76552;15;2020-09-02;281
2020-09-01;"Nitriansky kraj";2;0;0;0;NA;76552;2;2020-09-01;266
2020-08-31;"Nitriansky kraj";12;0;0;0;NA;76552;12;2020-08-31;264
2020-08-30;"Nitriansky kraj";1;0;0;0;NA;76552;1;2020-08-30;252
2020-08-29;"Nitriansky kraj";7;0;0;0;NA;76552;7;2020-08-29;251
2020-08-28;"Nitriansky kraj";12;0;0;0;NA;76552;12;2020-08-28;244
2020-08-27;"Nitriansky kraj";12;0;0;0;NA;76552;12;2020-08-27;232
2020-08-26;"Nitriansky kraj";4;0;0;0;NA;76552;4;2020-08-26;220
2020-08-25;"Nitriansky kraj";8;0;0;0;NA;76552;8;2020-08-25;216
2020-08-24;"Nitriansky kraj";1;0;0;0;NA;76552;1;2020-08-24;208
2020-08-23;"Nitriansky kraj";1;0;0;0;NA;76552;1;2020-08-23;207
2020-08-22;"Nitriansky kraj";2;0;0;0;NA;76552;2;2020-08-22;206
2020-08-20;"Nitriansky kraj";7;0;0;0;NA;76552;7;2020-08-20;204
2020-08-19;"Nitriansky kraj";1;0;0;0;NA;76552;1;2020-08-19;197
2020-08-18;"Nitriansky kraj";2;0;0;0;NA;76552;2;2020-08-18;196
2020-08-17;"Nitriansky kraj";1;0;0;0;NA;76552;1;2020-08-17;194
2020-08-15;"Nitriansky kraj";2;0;0;0;NA;76552;2;2020-08-15;193
2020-08-14;"Nitriansky kraj";1;0;0;0;NA;76552;1;2020-08-14;191
2020-08-13;"Nitriansky kraj";4;0;0;0;NA;76552;4;2020-08-13;190
2020-08-11;"Nitriansky kraj";1;0;0;0;NA;76552;1;2020-08-11;186
2020-08-07;"Nitriansky kraj";4;0;0;0;NA;76552;4;2020-08-07;185
2020-08-06;"Nitriansky kraj";4;0;0;0;NA;76552;4;2020-08-06;181
2020-08-04;"Nitriansky kraj";7;0;0;0;NA;76552;7;2020-08-04;177
2020-07-24;"Nitriansky kraj";1;0;0;0;NA;76552;1;2020-07-24;170
2020-07-23;"Nitriansky kraj";3;0;0;0;NA;76552;3;2020-07-23;169
2020-07-22;"Nitriansky kraj";2;0;0;0;NA;76552;2;2020-07-22;166
2020-07-21;"Nitriansky kraj";14;0;0;0;NA;76552;14;2020-07-21;164
2020-07-20;"Nitriansky kraj";11;0;0;0;NA;76552;11;2020-07-20;150
2020-07-16;"Nitriansky kraj";4;0;0;0;NA;76552;4;2020-07-16;139
2020-07-15;"Nitriansky kraj";5;0;0;0;NA;76552;5;2020-07-15;135
2020-07-09;"Nitriansky kraj";1;0;0;0;NA;76552;1;2020-07-09;130
2020-07-08;"Nitriansky kraj";2;0;0;0;NA;76552;2;2020-07-08;129
2020-07-01;"Nitriansky kraj";3;0;0;0;NA;76552;3;2020-07-01;127
2020-06-24;"Nitriansky kraj";1;0;0;0;NA;76552;1;2020-06-24;124
2020-06-10;"Nitriansky kraj";1;0;0;0;NA;76552;1;2020-06-10;123
2020-06-09;"Nitriansky kraj";1;0;0;0;NA;76552;1;2020-06-09;122
2020-06-02;"Nitriansky kraj";1;0;0;0;NA;76552;1;2020-06-02;121
2020-05-24;"Nitriansky kraj";2;0;0;0;NA;76552;2;2020-05-24;120
2020-05-22;"Nitriansky kraj";1;0;0;0;NA;76552;1;2020-05-22;118
2020-05-15;"Nitriansky kraj";1;0;0;0;NA;76552;1;2020-05-15;117
2020-05-11;"Nitriansky kraj";2;0;0;0;NA;76552;2;2020-05-11;116
2020-05-07;"Nitriansky kraj";1;0;0;0;NA;76552;1;2020-05-07;114
2020-05-06;"Nitriansky kraj";9;0;0;0;NA;76552;9;2020-05-06;113
2020-05-04;"Nitriansky kraj";5;0;0;0;NA;76552;5;2020-05-04;104
2020-05-03;"Nitriansky kraj";2;0;0;0;NA;76552;2;2020-05-03;99
2020-05-01;"Nitriansky kraj";1;0;0;0;NA;76552;1;2020-05-01;97
2020-04-28;"Nitriansky kraj";1;0;0;0;NA;76552;1;2020-04-28;96
2020-04-23;"Nitriansky kraj";3;0;0;0;NA;76552;3;2020-04-23;95
2020-04-22;"Nitriansky kraj";16;0;0;0;NA;76552;16;2020-04-22;92
2020-04-21;"Nitriansky kraj";6;0;0;0;NA;76552;6;2020-04-21;76
2020-04-20;"Nitriansky kraj";5;0;0;0;NA;76552;5;2020-04-20;70
2020-04-17;"Nitriansky kraj";7;0;0;0;NA;76552;7;2020-04-17;65
2020-04-15;"Nitriansky kraj";6;0;0;0;NA;76552;6;2020-04-15;58
2020-04-14;"Nitriansky kraj";2;0;0;0;NA;76552;2;2020-04-14;52
2020-04-13;"Nitriansky kraj";1;0;0;0;NA;76552;1;2020-04-13;50
2020-04-12;"Nitriansky kraj";3;0;0;0;NA;76552;3;2020-04-12;49
2020-04-11;"Nitriansky kraj";1;0;0;0;NA;76552;1;2020-04-11;46
2020-04-10;"Nitriansky kraj";1;0;0;0;NA;76552;1;2020-04-10;45
2020-04-08;"Nitriansky kraj";2;0;0;0;NA;76552;2;2020-04-08;44
2020-04-07;"Nitriansky kraj";3;0;0;0;NA;76552;3;2020-04-07;42
2020-04-06;"Nitriansky kraj";4;0;0;0;NA;76552;4;2020-04-06;39
2020-04-05;"Nitriansky kraj";5;0;0;0;NA;76552;5;2020-04-05;35
2020-04-02;"Nitriansky kraj";1;0;0;0;NA;76552;1;2020-04-02;30
2020-03-31;"Nitriansky kraj";3;0;0;0;NA;76552;3;2020-03-31;29
2020-03-30;"Nitriansky kraj";3;0;0;0;NA;76552;3;2020-03-30;26
2020-03-29;"Nitriansky kraj";3;0;0;0;NA;76552;3;2020-03-29;23
2020-03-28;"Nitriansky kraj";1;0;0;0;NA;76552;1;2020-03-28;20
2020-03-27;"Nitriansky kraj";1;0;0;0;NA;76552;1;2020-03-27;19
2020-03-26;"Nitriansky kraj";1;0;0;0;NA;76552;1;2020-03-26;18
2020-03-25;"Nitriansky kraj";1;0;0;0;NA;76552;1;2020-03-25;17
2020-03-23;"Nitriansky kraj";2;0;0;0;NA;76552;2;2020-03-23;16
2020-03-22;"Nitriansky kraj";2;0;0;0;NA;76552;2;2020-03-22;14
2020-03-21;"Nitriansky kraj";2;0;0;0;NA;76552;2;2020-03-21;12
2020-03-20;"Nitriansky kraj";1;0;0;0;NA;76552;1;2020-03-20;10
2020-03-19;"Nitriansky kraj";1;0;0;0;NA;76552;1;2020-03-19;9
2020-03-18;"Nitriansky kraj";2;0;0;0;NA;76552;2;2020-03-18;8
2020-03-17;"Nitriansky kraj";1;0;0;0;NA;76552;1;2020-03-17;6
2020-03-15;"Nitriansky kraj";4;0;0;0;NA;76552;4;2020-03-15;5
2020-03-14;"Nitriansky kraj";1;0;0;0;NA;76552;1;2020-03-14;1
2021-04-07;"Prešovský kraj";314;23961;262;24223;55482;93511;576;2021-04-07;93511
2021-04-06;"Prešovský kraj";231;38827;252;39079;NA;93511;483;2021-04-06;92935
2021-04-05;"Prešovský kraj";54;15628;117;15745;NA;93511;171;2021-04-05;92452
2021-04-04;"Prešovský kraj";31;12108;67;12175;NA;93511;98;2021-04-04;92281
2021-04-03;"Prešovský kraj";104;87092;314;87406;NA;93511;418;2021-04-03;92183
2021-04-02;"Prešovský kraj";194;23494;134;23628;NA;93511;328;2021-04-02;91765
2021-04-01;"Prešovský kraj";256;41856;194;42050;NA;93511;450;2021-04-01;91437
2021-03-31;"Prešovský kraj";311;29191;226;29417;NA;93511;537;2021-03-31;90987
2021-03-30;"Prešovský kraj";374;20764;203;20967;NA;93511;577;2021-03-30;90450
2021-03-29;"Prešovský kraj";219;24513;201;24714;NA;93511;420;2021-03-29;89873
2021-03-28;"Prešovský kraj";26;39681;228;39909;NA;93511;254;2021-03-28;89453
2021-03-27;"Prešovský kraj";181;88430;373;88803;NA;93511;554;2021-03-27;89199
2021-03-26;"Prešovský kraj";310;47750;299;48049;NA;93511;609;2021-03-26;88645
2021-03-25;"Prešovský kraj";248;21488;209;21697;NA;93511;457;2021-03-25;88036
2021-03-24;"Prešovský kraj";381;19382;210;19592;NA;93511;591;2021-03-24;87579
2021-03-23;"Prešovský kraj";241;20000;254;20254;NA;93511;495;2021-03-23;86988
2021-03-22;"Prešovský kraj";299;28423;286;28709;NA;93511;585;2021-03-22;86493
2021-03-21;"Prešovský kraj";32;40945;237;41182;NA;93511;269;2021-03-21;85908
2021-03-20;"Prešovský kraj";180;85212;404;85616;NA;93511;584;2021-03-20;85639
2021-03-19;"Prešovský kraj";373;46095;320;46415;NA;93511;693;2021-03-19;85055
2021-03-18;"Prešovský kraj";251;21641;217;21858;NA;93511;468;2021-03-18;84362
2021-03-17;"Prešovský kraj";331;20885;230;21115;NA;93511;561;2021-03-17;83894
2021-03-16;"Prešovský kraj";461;21048;277;21325;NA;93511;738;2021-03-16;83333
2021-03-15;"Prešovský kraj";370;28382;316;28698;NA;93511;686;2021-03-15;82595
2021-03-14;"Prešovský kraj";52;38690;295;38985;NA;93511;347;2021-03-14;81909
2021-03-13;"Prešovský kraj";200;89169;519;89688;NA;93511;719;2021-03-13;81562
2021-03-12;"Prešovský kraj";425;46806;364;47170;NA;93511;789;2021-03-12;80843
2021-03-11;"Prešovský kraj";463;21770;253;22023;NA;93511;716;2021-03-11;80054
2021-03-10;"Prešovský kraj";325;20574;293;20867;NA;93511;618;2021-03-10;79338
2021-03-09;"Prešovský kraj";505;21182;287;21469;NA;93511;792;2021-03-09;78720
2021-03-08;"Prešovský kraj";314;28440;331;28771;NA;93511;645;2021-03-08;77928
2021-03-07;"Prešovský kraj";19;22329;193;22522;NA;93511;212;2021-03-07;77283
2021-03-06;"Prešovský kraj";193;95102;589;95691;NA;93511;782;2021-03-06;77071
2021-03-05;"Prešovský kraj";497;44574;374;44948;NA;93511;871;2021-03-05;76289
2021-03-04;"Prešovský kraj";372;22509;355;22864;NA;93511;727;2021-03-04;75418
2021-03-03;"Prešovský kraj";397;21133;328;21461;NA;93511;725;2021-03-03;74691
2021-03-02;"Prešovský kraj";421;22315;355;22670;NA;93511;776;2021-03-02;73966
2021-03-01;"Prešovský kraj";303;27410;406;27816;NA;93511;709;2021-03-01;73190
2021-02-28;"Prešovský kraj";75;0;0;0;NA;93511;75;2021-02-28;72481
2021-02-27;"Prešovský kraj";273;0;0;0;NA;93511;273;2021-02-27;72406
2021-02-26;"Prešovský kraj";455;0;0;0;NA;93511;455;2021-02-26;72133
2021-02-25;"Prešovský kraj";270;0;0;0;NA;93511;270;2021-02-25;71678
2021-02-24;"Prešovský kraj";328;0;0;0;NA;93511;328;2021-02-24;71408
2021-02-23;"Prešovský kraj";430;0;0;0;NA;93511;430;2021-02-23;71080
2021-02-22;"Prešovský kraj";351;0;0;0;NA;93511;351;2021-02-22;70650
2021-02-21;"Prešovský kraj";66;0;0;0;NA;93511;66;2021-02-21;70299
2021-02-20;"Prešovský kraj";129;0;0;0;NA;93511;129;2021-02-20;70233
2021-02-19;"Prešovský kraj";381;0;0;0;NA;93511;381;2021-02-19;70104
2021-02-18;"Prešovský kraj";268;0;0;0;NA;93511;268;2021-02-18;69723
2021-02-17;"Prešovský kraj";293;0;0;0;NA;93511;293;2021-02-17;69455
2021-02-16;"Prešovský kraj";422;0;0;0;NA;93511;422;2021-02-16;69162
2021-02-15;"Prešovský kraj";211;0;0;0;NA;93511;211;2021-02-15;68740
2021-02-14;"Prešovský kraj";27;0;0;0;NA;93511;27;2021-02-14;68529
2021-02-13;"Prešovský kraj";157;0;0;0;NA;93511;157;2021-02-13;68502
2021-02-12;"Prešovský kraj";308;0;0;0;NA;93511;308;2021-02-12;68345
2021-02-11;"Prešovský kraj";218;0;0;0;NA;93511;218;2021-02-11;68037
2021-02-10;"Prešovský kraj";220;0;0;0;NA;93511;220;2021-02-10;67819
2021-02-09;"Prešovský kraj";323;0;0;0;NA;93511;323;2021-02-09;67599
2021-02-08;"Prešovský kraj";161;0;0;0;NA;93511;161;2021-02-08;67276
2021-02-07;"Prešovský kraj";21;0;0;0;NA;93511;21;2021-02-07;67115
2021-02-06;"Prešovský kraj";176;0;0;0;NA;93511;176;2021-02-06;67094
2021-02-05;"Prešovský kraj";177;0;0;0;NA;93511;177;2021-02-05;66918
2021-02-04;"Prešovský kraj";176;0;0;0;NA;93511;176;2021-02-04;66741
2021-02-03;"Prešovský kraj";251;0;0;0;NA;93511;251;2021-02-03;66565
2021-02-02;"Prešovský kraj";249;0;0;0;NA;93511;249;2021-02-02;66314
2021-02-01;"Prešovský kraj";220;0;0;0;NA;93511;220;2021-02-01;66065
2021-01-31;"Prešovský kraj";42;1623;38;1661;NA;93511;80;2021-01-31;65845
2021-01-30;"Prešovský kraj";142;23939;215;24154;NA;93511;357;2021-01-30;65765
2021-01-29;"Prešovský kraj";185;17924;326;18250;NA;93511;511;2021-01-29;65408
2021-01-28;"Prešovský kraj";311;8535;157;8692;NA;93511;468;2021-01-28;64897
2021-01-27;"Prešovský kraj";153;9742;144;9886;NA;93511;297;2021-01-27;64429
2021-01-26;"Prešovský kraj";252;16648;151;16799;NA;93511;403;2021-01-26;64132
2021-01-25;"Prešovský kraj";196;28381;248;28629;NA;93511;444;2021-01-25;63729
2021-01-24;"Prešovský kraj";12;29196;232;29428;NA;93511;244;2021-01-24;63285
2021-01-23;"Prešovský kraj";189;89799;435;90234;NA;93511;624;2021-01-23;63041
2021-01-22;"Prešovský kraj";187;34544;250;34794;NA;93511;437;2021-01-22;62417
2021-01-21;"Prešovský kraj";187;20172;210;20382;NA;93511;397;2021-01-21;61980
2021-01-20;"Prešovský kraj";253;14480;195;14675;NA;93511;448;2021-01-20;61583
2021-01-19;"Prešovský kraj";281;12346;305;12651;NA;93511;586;2021-01-19;61135
2021-01-18;"Prešovský kraj";203;10422;336;10758;NA;93511;539;2021-01-18;60549
2021-01-17;"Prešovský kraj";107;14391;1008;15399;NA;93511;1115;2021-01-17;60010
2021-01-16;"Prešovský kraj";72;1583;76;1659;NA;93511;148;2021-01-16;58895
2021-01-15;"Prešovský kraj";159;6664;232;6896;NA;93511;391;2021-01-15;58747
2021-01-14;"Prešovský kraj";268;5526;252;5778;NA;93511;520;2021-01-14;58356
2021-01-13;"Prešovský kraj";342;5547;218;5765;NA;93511;560;2021-01-13;57836
2021-01-12;"Prešovský kraj";455;8487;409;8896;NA;93511;864;2021-01-12;57276
2021-01-11;"Prešovský kraj";343;8351;479;8830;NA;93511;822;2021-01-11;56412
2021-01-10;"Prešovský kraj";63;476;23;499;NA;93511;86;2021-01-10;55590
2021-01-09;"Prešovský kraj";439;2248;125;2373;NA;93511;564;2021-01-09;55504
2021-01-08;"Prešovský kraj";430;10865;572;11437;NA;93511;1002;2021-01-08;54940
2021-01-07;"Prešovský kraj";268;7687;639;8326;NA;93511;907;2021-01-07;53938
2021-01-06;"Prešovský kraj";315;1484;134;1618;NA;93511;449;2021-01-06;53031
2021-01-05;"Prešovský kraj";655;11591;1003;12594;NA;93511;1658;2021-01-05;52582
2021-01-04;"Prešovský kraj";371;17185;1812;18997;NA;93511;2183;2021-01-04;50924
2021-01-03;"Prešovský kraj";89;257;37;294;NA;93511;126;2021-01-03;48741
2021-01-02;"Prešovský kraj";65;1556;160;1716;NA;93511;225;2021-01-02;48615
2021-01-01;"Prešovský kraj";174;914;70;984;NA;93511;244;2021-01-01;48390
2020-12-31;"Prešovský kraj";640;11959;783;12742;NA;93511;1423;2020-12-31;48146
2020-12-30;"Prešovský kraj";729;9065;802;9867;NA;93511;1531;2020-12-30;46723
2020-12-29;"Prešovský kraj";435;8777;904;9681;NA;93511;1339;2020-12-29;45192
2020-12-28;"Prešovský kraj";393;9046;1079;10125;NA;93511;1472;2020-12-28;43853
2020-12-27;"Prešovský kraj";40;571;39;610;NA;93511;79;2020-12-27;42381
2020-12-26;"Prešovský kraj";64;176;12;188;NA;93511;76;2020-12-26;42302
2020-12-25;"Prešovský kraj";208;267;10;277;NA;93511;218;2020-12-25;42226
2020-12-24;"Prešovský kraj";452;1214;85;1299;NA;93511;537;2020-12-24;42008
2020-12-23;"Prešovský kraj";361;11369;635;12004;NA;93511;996;2020-12-23;41471
2020-12-22;"Prešovský kraj";439;9371;710;10081;NA;93511;1149;2020-12-22;40475
2020-12-21;"Prešovský kraj";432;9911;880;10791;NA;93511;1312;2020-12-21;39326
2020-12-20;"Prešovský kraj";184;396;20;416;NA;93511;204;2020-12-20;38014
2020-12-19;"Prešovský kraj";276;1658;151;1809;NA;93511;427;2020-12-19;37810
2020-12-18;"Prešovský kraj";396;8845;595;9440;NA;93511;991;2020-12-18;37383
2020-12-17;"Prešovský kraj";427;10826;891;11717;NA;93511;1318;2020-12-17;36392
2020-12-16;"Prešovský kraj";466;6017;508;6525;NA;93511;974;2020-12-16;35074
2020-12-15;"Prešovský kraj";411;5685;584;6269;NA;93511;995;2020-12-15;34100
2020-12-14;"Prešovský kraj";334;5767;508;6275;NA;93511;842;2020-12-14;33105
2020-12-13;"Prešovský kraj";89;29;8;37;NA;93511;97;2020-12-13;32263
2020-12-12;"Prešovský kraj";319;2474;166;2640;NA;93511;485;2020-12-12;32166
2020-12-11;"Prešovský kraj";560;5602;402;6004;NA;93511;962;2020-12-11;31681
2020-12-10;"Prešovský kraj";337;5180;440;5620;NA;93511;777;2020-12-10;30719
2020-12-09;"Prešovský kraj";358;4357;314;4671;NA;93511;672;2020-12-09;29942
2020-12-08;"Prešovský kraj";350;6629;651;7280;NA;93511;1001;2020-12-08;29270
2020-12-07;"Prešovský kraj";309;4345;327;4672;NA;93511;636;2020-12-07;28269
2020-12-06;"Prešovský kraj";59;358;26;384;NA;93511;85;2020-12-06;27633
2020-12-05;"Prešovský kraj";218;984;87;1071;NA;93511;305;2020-12-05;27548
2020-12-04;"Prešovský kraj";352;5070;293;5363;NA;93511;645;2020-12-04;27243
2020-12-03;"Prešovský kraj";284;2456;179;2635;NA;93511;463;2020-12-03;26598
2020-12-02;"Prešovský kraj";232;2830;225;3055;NA;93511;457;2020-12-02;26135
2020-12-01;"Prešovský kraj";281;1884;196;2080;NA;93511;477;2020-12-01;25678
2020-11-30;"Prešovský kraj";196;5333;97;5430;NA;93511;293;2020-11-30;25201
2020-11-29;"Prešovský kraj";27;379;42;421;NA;93511;69;2020-11-29;24908
2020-11-28;"Prešovský kraj";199;682;62;744;NA;93511;261;2020-11-28;24839
2020-11-27;"Prešovský kraj";232;2135;119;2254;NA;93511;351;2020-11-27;24578
2020-11-26;"Prešovský kraj";263;2787;312;3099;NA;93511;575;2020-11-26;24227
2020-11-25;"Prešovský kraj";302;1642;78;1720;NA;93511;380;2020-11-25;23652
2020-11-24;"Prešovský kraj";365;1662;140;1802;NA;93511;505;2020-11-24;23272
2020-11-23;"Prešovský kraj";164;842;42;884;NA;93511;206;2020-11-23;22767
2020-11-22;"Prešovský kraj";46;30;1;31;NA;93511;47;2020-11-22;22561
2020-11-21;"Prešovský kraj";205;689;57;746;NA;93511;262;2020-11-21;22514
2020-11-20;"Prešovský kraj";363;2063;98;2161;NA;93511;461;2020-11-20;22252
2020-11-19;"Prešovský kraj";359;1973;229;2202;NA;93511;588;2020-11-19;21791
2020-11-18;"Prešovský kraj";270;373;32;405;NA;93511;302;2020-11-18;21203
2020-11-17;"Prešovský kraj";347;151;17;168;NA;93511;364;2020-11-17;20901
2020-11-16;"Prešovský kraj";226;382;51;433;NA;93511;277;2020-11-16;20537
2020-11-15;"Prešovský kraj";186;39;4;43;NA;93511;190;2020-11-15;20260
2020-11-14;"Prešovský kraj";261;54;4;58;NA;93511;265;2020-11-14;20070
2020-11-13;"Prešovský kraj";395;166;8;174;NA;93511;403;2020-11-13;19805
2020-11-12;"Prešovský kraj";397;229;50;279;NA;93511;447;2020-11-12;19402
2020-11-11;"Prešovský kraj";516;161;15;176;NA;93511;531;2020-11-11;18955
2020-11-10;"Prešovský kraj";437;197;9;206;NA;93511;446;2020-11-10;18424
2020-11-09;"Prešovský kraj";190;4106;945;5051;NA;93511;1135;2020-11-09;17978
2020-11-08;"Prešovský kraj";97;2817;32;2849;NA;93511;129;2020-11-08;16843
2020-11-07;"Prešovský kraj";416;8578;81;8659;NA;93511;497;2020-11-07;16714
2020-11-06;"Prešovský kraj";520;4791;76;4867;NA;93511;596;2020-11-06;16217
2020-11-05;"Prešovský kraj";397;180;5;185;NA;93511;402;2020-11-05;15621
2020-11-04;"Prešovský kraj";350;807;8;815;NA;93511;358;2020-11-04;15219
2020-11-03;"Prešovský kraj";565;98;12;110;NA;93511;577;2020-11-03;14861
2020-11-02;"Prešovský kraj";203;4158;1004;5162;NA;93511;1207;2020-11-02;14284
2020-11-01;"Prešovský kraj";386;2906;53;2959;NA;93511;439;2020-11-01;13077
2020-10-31;"Prešovský kraj";315;10497;170;10667;NA;93511;485;2020-10-31;12638
2020-10-30;"Prešovský kraj";552;2949;65;3014;NA;93511;617;2020-10-30;12153
2020-10-29;"Prešovský kraj";594;301;38;339;NA;93511;632;2020-10-29;11536
2020-10-28;"Prešovský kraj";617;291;46;337;NA;93511;663;2020-10-28;10904
2020-10-27;"Prešovský kraj";656;268;34;302;NA;93511;690;2020-10-27;10241
2020-10-26;"Prešovský kraj";137;363;57;420;NA;93511;194;2020-10-26;9551
2020-10-25;"Prešovský kraj";237;346;11;357;NA;93511;248;2020-10-25;9357
2020-10-24;"Prešovský kraj";719;200;12;212;NA;93511;731;2020-10-24;9109
2020-10-23;"Prešovský kraj";750;218;8;226;NA;93511;758;2020-10-23;8378
2020-10-22;"Prešovský kraj";646;396;30;426;NA;93511;676;2020-10-22;7620
2020-10-21;"Prešovský kraj";383;58;8;66;NA;93511;391;2020-10-21;6944
2020-10-20;"Prešovský kraj";493;65;7;72;NA;93511;500;2020-10-20;6553
2020-10-19;"Prešovský kraj";140;235;15;250;NA;93511;155;2020-10-19;6053
2020-10-18;"Prešovský kraj";209;0;0;0;NA;93511;209;2020-10-18;5898
2020-10-17;"Prešovský kraj";342;0;0;0;NA;93511;342;2020-10-17;5689
2020-10-16;"Prešovský kraj";388;57;3;60;NA;93511;391;2020-10-16;5347
2020-10-15;"Prešovský kraj";435;85;18;103;NA;93511;453;2020-10-15;4956
2020-10-14;"Prešovský kraj";451;54;10;64;NA;93511;461;2020-10-14;4503
2020-10-13;"Prešovský kraj";264;50;6;56;NA;93511;270;2020-10-13;4042
2020-10-12;"Prešovský kraj";214;334;35;369;NA;93511;249;2020-10-12;3772
2020-10-11;"Prešovský kraj";127;0;0;0;NA;93511;127;2020-10-11;3523
2020-10-10;"Prešovský kraj";248;0;0;0;NA;93511;248;2020-10-10;3396
2020-10-09;"Prešovský kraj";406;0;0;0;NA;93511;406;2020-10-09;3148
2020-10-08;"Prešovský kraj";245;0;0;0;NA;93511;245;2020-10-08;2742
2020-10-07;"Prešovský kraj";244;0;0;0;NA;93511;244;2020-10-07;2497
2020-10-06;"Prešovský kraj";166;0;0;0;NA;93511;166;2020-10-06;2253
2020-10-05;"Prešovský kraj";84;0;0;0;NA;93511;84;2020-10-05;2087
2020-10-04;"Prešovský kraj";118;0;0;0;NA;93511;118;2020-10-04;2003
2020-10-03;"Prešovský kraj";204;0;0;0;NA;93511;204;2020-10-03;1885
2020-10-02;"Prešovský kraj";149;0;0;0;NA;93511;149;2020-10-02;1681
2020-10-01;"Prešovský kraj";136;0;0;0;NA;93511;136;2020-10-01;1532
2020-09-30;"Prešovský kraj";121;0;0;0;NA;93511;121;2020-09-30;1396
2020-09-29;"Prešovský kraj";156;0;0;0;NA;93511;156;2020-09-29;1275
2020-09-28;"Prešovský kraj";51;0;0;0;NA;93511;51;2020-09-28;1119
2020-09-27;"Prešovský kraj";10;0;0;0;NA;93511;10;2020-09-27;1068
2020-09-26;"Prešovský kraj";72;0;0;0;NA;93511;72;2020-09-26;1058
2020-09-25;"Prešovský kraj";91;0;0;0;NA;93511;91;2020-09-25;986
2020-09-24;"Prešovský kraj";52;0;0;0;NA;93511;52;2020-09-24;895
2020-09-23;"Prešovský kraj";55;0;0;0;NA;93511;55;2020-09-23;843
2020-09-22;"Prešovský kraj";29;0;0;0;NA;93511;29;2020-09-22;788
2020-09-21;"Prešovský kraj";14;0;0;0;NA;93511;14;2020-09-21;759
2020-09-20;"Prešovský kraj";5;0;0;0;NA;93511;5;2020-09-20;745
2020-09-19;"Prešovský kraj";12;0;0;0;NA;93511;12;2020-09-19;740
2020-09-18;"Prešovský kraj";29;0;0;0;NA;93511;29;2020-09-18;728
2020-09-17;"Prešovský kraj";25;0;0;0;NA;93511;25;2020-09-17;699
2020-09-16;"Prešovský kraj";8;0;0;0;NA;93511;8;2020-09-16;674
2020-09-15;"Prešovský kraj";10;0;0;0;NA;93511;10;2020-09-15;666
2020-09-14;"Prešovský kraj";47;0;0;0;NA;93511;47;2020-09-14;656
2020-09-13;"Prešovský kraj";3;0;0;0;NA;93511;3;2020-09-13;609
2020-09-12;"Prešovský kraj";4;0;0;0;NA;93511;4;2020-09-12;606
2020-09-11;"Prešovský kraj";15;0;0;0;NA;93511;15;2020-09-11;602
2020-09-10;"Prešovský kraj";10;0;0;0;NA;93511;10;2020-09-10;587
2020-09-09;"Prešovský kraj";21;0;0;0;NA;93511;21;2020-09-09;577
2020-09-08;"Prešovský kraj";23;0;0;0;NA;93511;23;2020-09-08;556
2020-09-07;"Prešovský kraj";5;0;0;0;NA;93511;5;2020-09-07;533
2020-09-06;"Prešovský kraj";3;0;0;0;NA;93511;3;2020-09-06;528
2020-09-05;"Prešovský kraj";7;0;0;0;NA;93511;7;2020-09-05;525
2020-09-04;"Prešovský kraj";24;0;0;0;NA;93511;24;2020-09-04;518
2020-09-03;"Prešovský kraj";8;0;0;0;NA;93511;8;2020-09-03;494
2020-09-02;"Prešovský kraj";9;0;0;0;NA;93511;9;2020-09-02;486
2020-09-01;"Prešovský kraj";6;0;0;0;NA;93511;6;2020-09-01;477
2020-08-31;"Prešovský kraj";3;0;0;0;NA;93511;3;2020-08-31;471
2020-08-30;"Prešovský kraj";6;0;0;0;NA;93511;6;2020-08-30;468
2020-08-29;"Prešovský kraj";4;0;0;0;NA;93511;4;2020-08-29;462
2020-08-28;"Prešovský kraj";6;0;0;0;NA;93511;6;2020-08-28;458
2020-08-27;"Prešovský kraj";7;0;0;0;NA;93511;7;2020-08-27;452
2020-08-26;"Prešovský kraj";22;0;0;0;NA;93511;22;2020-08-26;445
2020-08-25;"Prešovský kraj";1;0;0;0;NA;93511;1;2020-08-25;423
2020-08-24;"Prešovský kraj";5;0;0;0;NA;93511;5;2020-08-24;422
2020-08-23;"Prešovský kraj";3;0;0;0;NA;93511;3;2020-08-23;417
2020-08-22;"Prešovský kraj";3;0;0;0;NA;93511;3;2020-08-22;414
2020-08-21;"Prešovský kraj";11;0;0;0;NA;93511;11;2020-08-21;411
2020-08-20;"Prešovský kraj";8;0;0;0;NA;93511;8;2020-08-20;400
2020-08-19;"Prešovský kraj";8;0;0;0;NA;93511;8;2020-08-19;392
2020-08-18;"Prešovský kraj";6;0;0;0;NA;93511;6;2020-08-18;384
2020-08-17;"Prešovský kraj";1;0;0;0;NA;93511;1;2020-08-17;378
2020-08-15;"Prešovský kraj";8;0;0;0;NA;93511;8;2020-08-15;377
2020-08-14;"Prešovský kraj";6;0;0;0;NA;93511;6;2020-08-14;369
2020-08-13;"Prešovský kraj";8;0;0;0;NA;93511;8;2020-08-13;363
2020-08-12;"Prešovský kraj";19;0;0;0;NA;93511;19;2020-08-12;355
2020-08-11;"Prešovský kraj";3;0;0;0;NA;93511;3;2020-08-11;336
2020-08-08;"Prešovský kraj";2;0;0;0;NA;93511;2;2020-08-08;333
2020-08-07;"Prešovský kraj";6;0;0;0;NA;93511;6;2020-08-07;331
2020-08-06;"Prešovský kraj";2;0;0;0;NA;93511;2;2020-08-06;325
2020-08-05;"Prešovský kraj";8;0;0;0;NA;93511;8;2020-08-05;323
2020-08-04;"Prešovský kraj";5;0;0;0;NA;93511;5;2020-08-04;315
2020-08-03;"Prešovský kraj";4;0;0;0;NA;93511;4;2020-08-03;310
2020-08-02;"Prešovský kraj";6;0;0;0;NA;93511;6;2020-08-02;306
2020-07-31;"Prešovský kraj";2;0;0;0;NA;93511;2;2020-07-31;300
2020-07-30;"Prešovský kraj";6;0;0;0;NA;93511;6;2020-07-30;298
2020-07-29;"Prešovský kraj";5;0;0;0;NA;93511;5;2020-07-29;292
2020-07-27;"Prešovský kraj";1;0;0;0;NA;93511;1;2020-07-27;287
2020-07-26;"Prešovský kraj";1;0;0;0;NA;93511;1;2020-07-26;286
2020-07-25;"Prešovský kraj";21;0;0;0;NA;93511;21;2020-07-25;285
2020-07-24;"Prešovský kraj";1;0;0;0;NA;93511;1;2020-07-24;264
2020-07-23;"Prešovský kraj";5;0;0;0;NA;93511;5;2020-07-23;263
2020-07-22;"Prešovský kraj";1;0;0;0;NA;93511;1;2020-07-22;258
2020-07-21;"Prešovský kraj";2;0;0;0;NA;93511;2;2020-07-21;257
2020-07-20;"Prešovský kraj";1;0;0;0;NA;93511;1;2020-07-20;255
2020-07-17;"Prešovský kraj";3;0;0;0;NA;93511;3;2020-07-17;254
2020-07-16;"Prešovský kraj";1;0;0;0;NA;93511;1;2020-07-16;251
2020-07-15;"Prešovský kraj";5;0;0;0;NA;93511;5;2020-07-15;250
2020-07-14;"Prešovský kraj";5;0;0;0;NA;93511;5;2020-07-14;245
2020-07-13;"Prešovský kraj";1;0;0;0;NA;93511;1;2020-07-13;240
2020-07-12;"Prešovský kraj";1;0;0;0;NA;93511;1;2020-07-12;239
2020-07-11;"Prešovský kraj";6;0;0;0;NA;93511;6;2020-07-11;238
2020-07-10;"Prešovský kraj";5;0;0;0;NA;93511;5;2020-07-10;232
2020-07-09;"Prešovský kraj";2;0;0;0;NA;93511;2;2020-07-09;227
2020-07-08;"Prešovský kraj";14;0;0;0;NA;93511;14;2020-07-08;225
2020-07-07;"Prešovský kraj";2;0;0;0;NA;93511;2;2020-07-07;211
2020-07-04;"Prešovský kraj";1;0;0;0;NA;93511;1;2020-07-04;209
2020-07-03;"Prešovský kraj";3;0;0;0;NA;93511;3;2020-07-03;208
2020-06-30;"Prešovský kraj";7;0;0;0;NA;93511;7;2020-06-30;205
2020-06-27;"Prešovský kraj";3;0;0;0;NA;93511;3;2020-06-27;198
2020-06-26;"Prešovský kraj";3;0;0;0;NA;93511;3;2020-06-26;195
2020-06-24;"Prešovský kraj";4;0;0;0;NA;93511;4;2020-06-24;192
2020-06-19;"Prešovský kraj";1;0;0;0;NA;93511;1;2020-06-19;188
2020-06-16;"Prešovský kraj";6;0;0;0;NA;93511;6;2020-06-16;187
2020-06-12;"Prešovský kraj";1;0;0;0;NA;93511;1;2020-06-12;181
2020-06-02;"Prešovský kraj";1;0;0;0;NA;93511;1;2020-06-02;180
2020-05-31;"Prešovský kraj";1;0;0;0;NA;93511;1;2020-05-31;179
2020-05-21;"Prešovský kraj";1;0;0;0;NA;93511;1;2020-05-21;178
2020-05-13;"Prešovský kraj";1;0;0;0;NA;93511;1;2020-05-13;177
2020-05-11;"Prešovský kraj";1;0;0;0;NA;93511;1;2020-05-11;176
2020-05-05;"Prešovský kraj";1;0;0;0;NA;93511;1;2020-05-05;175
2020-05-01;"Prešovský kraj";2;0;0;0;NA;93511;2;2020-05-01;174
2020-04-29;"Prešovský kraj";1;0;0;0;NA;93511;1;2020-04-29;172
2020-04-28;"Prešovský kraj";1;0;0;0;NA;93511;1;2020-04-28;171
2020-04-27;"Prešovský kraj";2;0;0;0;NA;93511;2;2020-04-27;170
2020-04-23;"Prešovský kraj";2;0;0;0;NA;93511;2;2020-04-23;168
2020-04-22;"Prešovský kraj";11;0;0;0;NA;93511;11;2020-04-22;166
2020-04-21;"Prešovský kraj";12;0;0;0;NA;93511;12;2020-04-21;155
2020-04-20;"Prešovský kraj";2;0;0;0;NA;93511;2;2020-04-20;143
2020-04-19;"Prešovský kraj";4;0;0;0;NA;93511;4;2020-04-19;141
2020-04-18;"Prešovský kraj";1;0;0;0;NA;93511;1;2020-04-18;137
2020-04-17;"Prešovský kraj";4;0;0;0;NA;93511;4;2020-04-17;136
2020-04-16;"Prešovský kraj";9;0;0;0;NA;93511;9;2020-04-16;132
2020-04-15;"Prešovský kraj";21;0;0;0;NA;93511;21;2020-04-15;123
2020-04-14;"Prešovský kraj";1;0;0;0;NA;93511;1;2020-04-14;102
2020-04-13;"Prešovský kraj";2;0;0;0;NA;93511;2;2020-04-13;101
2020-04-12;"Prešovský kraj";6;0;0;0;NA;93511;6;2020-04-12;99
2020-04-11;"Prešovský kraj";4;0;0;0;NA;93511;4;2020-04-11;93
2020-04-09;"Prešovský kraj";1;0;0;0;NA;93511;1;2020-04-09;89
2020-04-07;"Prešovský kraj";7;0;0;0;NA;93511;7;2020-04-07;88
2020-04-06;"Prešovský kraj";10;0;0;0;NA;93511;10;2020-04-06;81
2020-04-05;"Prešovský kraj";13;0;0;0;NA;93511;13;2020-04-05;71
2020-04-04;"Prešovský kraj";1;0;0;0;NA;93511;1;2020-04-04;58
2020-04-03;"Prešovský kraj";4;0;0;0;NA;93511;4;2020-04-03;57
2020-04-02;"Prešovský kraj";6;0;0;0;NA;93511;6;2020-04-02;53
2020-04-01;"Prešovský kraj";6;0;0;0;NA;93511;6;2020-04-01;47
2020-03-31;"Prešovský kraj";6;0;0;0;NA;93511;6;2020-03-31;41
2020-03-30;"Prešovský kraj";2;0;0;0;NA;93511;2;2020-03-30;35
2020-03-29;"Prešovský kraj";2;0;0;0;NA;93511;2;2020-03-29;33
2020-03-28;"Prešovský kraj";2;0;0;0;NA;93511;2;2020-03-28;31
2020-03-27;"Prešovský kraj";1;0;0;0;NA;93511;1;2020-03-27;29
2020-03-26;"Prešovský kraj";8;0;0;0;NA;93511;8;2020-03-26;28
2020-03-25;"Prešovský kraj";1;0;0;0;NA;93511;1;2020-03-25;20
2020-03-24;"Prešovský kraj";4;0;0;0;NA;93511;4;2020-03-24;19
2020-03-22;"Prešovský kraj";1;0;0;0;NA;93511;1;2020-03-22;15
2020-03-21;"Prešovský kraj";2;0;0;0;NA;93511;2;2020-03-21;14
2020-03-20;"Prešovský kraj";3;0;0;0;NA;93511;3;2020-03-20;12
2020-03-19;"Prešovský kraj";2;0;0;0;NA;93511;2;2020-03-19;9
2020-03-18;"Prešovský kraj";1;0;0;0;NA;93511;1;2020-03-18;7
2020-03-17;"Prešovský kraj";1;0;0;0;NA;93511;1;2020-03-17;6
2020-03-16;"Prešovský kraj";4;0;0;0;NA;93511;4;2020-03-16;5
2020-03-14;"Prešovský kraj";1;0;0;0;NA;93511;1;2020-03-14;1
2021-04-07;"Trenčiansky kraj";204;14961;103;15064;50154;81865;307;2021-04-07;81865
2021-04-06;"Trenčiansky kraj";157;28619;178;28797;NA;81865;335;2021-04-06;81558
2021-04-05;"Trenčiansky kraj";15;6701;51;6752;NA;81865;66;2021-04-05;81223
2021-04-04;"Trenčiansky kraj";2;2446;8;2454;NA;81865;10;2021-04-04;81157
2021-04-03;"Trenčiansky kraj";86;66689;154;66843;NA;81865;240;2021-04-03;81147
2021-04-02;"Trenčiansky kraj";126;21531;80;21611;NA;81865;206;2021-04-02;80907
2021-04-01;"Trenčiansky kraj";159;32351;139;32490;NA;81865;298;2021-04-01;80701
2021-03-31;"Trenčiansky kraj";198;20100;130;20230;NA;81865;328;2021-03-31;80403
2021-03-30;"Trenčiansky kraj";272;17284;136;17420;NA;81865;408;2021-03-30;80075
2021-03-29;"Trenčiansky kraj";142;19621;170;19791;NA;81865;312;2021-03-29;79667
2021-03-28;"Trenčiansky kraj";3;12352;39;12391;NA;81865;42;2021-03-28;79355
2021-03-27;"Trenčiansky kraj";130;70491;257;70748;NA;81865;387;2021-03-27;79313
2021-03-26;"Trenčiansky kraj";211;35110;158;35268;NA;81865;369;2021-03-26;78926
2021-03-25;"Trenčiansky kraj";184;16569;176;16745;NA;81865;360;2021-03-25;78557
2021-03-24;"Trenčiansky kraj";259;13098;171;13269;NA;81865;430;2021-03-24;78197
2021-03-23;"Trenčiansky kraj";349;17588;174;17762;NA;81865;523;2021-03-23;77767
2021-03-22;"Trenčiansky kraj";141;21116;213;21329;NA;81865;354;2021-03-22;77244
2021-03-21;"Trenčiansky kraj";85;21983;130;22113;NA;81865;215;2021-03-21;76890
2021-03-20;"Trenčiansky kraj";128;80035;322;80357;NA;81865;450;2021-03-20;76675
2021-03-19;"Trenčiansky kraj";231;34777;232;35009;NA;81865;463;2021-03-19;76225
2021-03-18;"Trenčiansky kraj";262;15764;172;15936;NA;81865;434;2021-03-18;75762
2021-03-17;"Trenčiansky kraj";366;13417;163;13580;NA;81865;529;2021-03-17;75328
2021-03-16;"Trenčiansky kraj";450;15237;236;15473;NA;81865;686;2021-03-16;74799
2021-03-15;"Trenčiansky kraj";162;21129;261;21390;NA;81865;423;2021-03-15;74113
2021-03-14;"Trenčiansky kraj";42;25282;169;25451;NA;81865;211;2021-03-14;73690
2021-03-13;"Trenčiansky kraj";270;79187;453;79640;NA;81865;723;2021-03-13;73479
2021-03-12;"Trenčiansky kraj";366;34763;307;35070;NA;81865;673;2021-03-12;72756
2021-03-11;"Trenčiansky kraj";302;15557;213;15770;NA;81865;515;2021-03-11;72083
2021-03-10;"Trenčiansky kraj";402;13452;236;13688;NA;81865;638;2021-03-10;71568
2021-03-09;"Trenčiansky kraj";586;17982;285;18267;NA;81865;871;2021-03-09;70930
2021-03-08;"Trenčiansky kraj";174;21700;362;22062;NA;81865;536;2021-03-08;70059
2021-03-07;"Trenčiansky kraj";4;15404;126;15530;NA;81865;130;2021-03-07;69523
2021-03-06;"Trenčiansky kraj";260;79406;529;79935;NA;81865;789;2021-03-06;69393
2021-03-05;"Trenčiansky kraj";326;32674;414;33088;NA;81865;740;2021-03-05;68604
2021-03-04;"Trenčiansky kraj";323;16820;315;17135;NA;81865;638;2021-03-04;67864
2021-03-03;"Trenčiansky kraj";413;13953;346;14299;NA;81865;759;2021-03-03;67226
2021-03-02;"Trenčiansky kraj";612;17084;341;17425;NA;81865;953;2021-03-02;66467
2021-03-01;"Trenčiansky kraj";217;21092;445;21537;NA;81865;662;2021-03-01;65514
2021-02-28;"Trenčiansky kraj";45;0;0;0;NA;81865;45;2021-02-28;64852
2021-02-27;"Trenčiansky kraj";277;0;0;0;NA;81865;277;2021-02-27;64807
2021-02-26;"Trenčiansky kraj";420;0;0;0;NA;81865;420;2021-02-26;64530
2021-02-25;"Trenčiansky kraj";424;0;0;0;NA;81865;424;2021-02-25;64110
2021-02-24;"Trenčiansky kraj";427;0;0;0;NA;81865;427;2021-02-24;63686
2021-02-23;"Trenčiansky kraj";577;0;0;0;NA;81865;577;2021-02-23;63259
2021-02-22;"Trenčiansky kraj";160;0;0;0;NA;81865;160;2021-02-22;62682
2021-02-21;"Trenčiansky kraj";64;0;0;0;NA;81865;64;2021-02-21;62522
2021-02-20;"Trenčiansky kraj";274;0;0;0;NA;81865;274;2021-02-20;62458
2021-02-19;"Trenčiansky kraj";272;0;0;0;NA;81865;272;2021-02-19;62184
2021-02-18;"Trenčiansky kraj";355;0;0;0;NA;81865;355;2021-02-18;61912
2021-02-17;"Trenčiansky kraj";363;0;0;0;NA;81865;363;2021-02-17;61557
2021-02-16;"Trenčiansky kraj";488;0;0;0;NA;81865;488;2021-02-16;61194
2021-02-15;"Trenčiansky kraj";151;0;0;0;NA;81865;151;2021-02-15;60706
2021-02-14;"Trenčiansky kraj";2;0;0;0;NA;81865;2;2021-02-14;60555
2021-02-13;"Trenčiansky kraj";274;0;0;0;NA;81865;274;2021-02-13;60553
2021-02-12;"Trenčiansky kraj";276;0;0;0;NA;81865;276;2021-02-12;60279
2021-02-11;"Trenčiansky kraj";291;0;0;0;NA;81865;291;2021-02-11;60003
2021-02-10;"Trenčiansky kraj";304;0;0;0;NA;81865;304;2021-02-10;59712
2021-02-09;"Trenčiansky kraj";514;0;0;0;NA;81865;514;2021-02-09;59408
2021-02-08;"Trenčiansky kraj";182;0;0;0;NA;81865;182;2021-02-08;58894
2021-02-07;"Trenčiansky kraj";31;0;0;0;NA;81865;31;2021-02-07;58712
2021-02-06;"Trenčiansky kraj";216;0;0;0;NA;81865;216;2021-02-06;58681
2021-02-05;"Trenčiansky kraj";202;0;0;0;NA;81865;202;2021-02-05;58465
2021-02-04;"Trenčiansky kraj";266;0;0;0;NA;81865;266;2021-02-04;58263
2021-02-03;"Trenčiansky kraj";162;0;0;0;NA;81865;162;2021-02-03;57997
2021-02-02;"Trenčiansky kraj";347;0;0;0;NA;81865;347;2021-02-02;57835
2021-02-01;"Trenčiansky kraj";167;0;0;0;NA;81865;167;2021-02-01;57488
2021-01-31;"Trenčiansky kraj";7;15794;135;15929;NA;81865;142;2021-01-31;57321
2021-01-30;"Trenčiansky kraj";228;36940;321;37261;NA;81865;549;2021-01-30;57179
2021-01-29;"Trenčiansky kraj";214;7586;235;7821;NA;81865;449;2021-01-29;56630
2021-01-28;"Trenčiansky kraj";307;5442;158;5600;NA;81865;465;2021-01-28;56181
2021-01-27;"Trenčiansky kraj";166;11912;217;12129;NA;81865;383;2021-01-27;55716
2021-01-26;"Trenčiansky kraj";303;14585;250;14835;NA;81865;553;2021-01-26;55333
2021-01-25;"Trenčiansky kraj";160;24609;212;24821;NA;81865;372;2021-01-25;54780
2021-01-24;"Trenčiansky kraj";51;27365;181;27546;NA;81865;232;2021-01-24;54408
2021-01-23;"Trenčiansky kraj";206;113508;742;114250;NA;81865;948;2021-01-23;54176
2021-01-22;"Trenčiansky kraj";148;14763;206;14969;NA;81865;354;2021-01-22;53228
2021-01-21;"Trenčiansky kraj";143;8580;166;8746;NA;81865;309;2021-01-21;52874
2021-01-20;"Trenčiansky kraj";181;8190;227;8417;NA;81865;408;2021-01-20;52565
2021-01-19;"Trenčiansky kraj";363;6618;262;6880;NA;81865;625;2021-01-19;52157
2021-01-18;"Trenčiansky kraj";72;5056;323;5379;NA;81865;395;2021-01-18;51532
2021-01-17;"Trenčiansky kraj";124;93;11;104;NA;81865;135;2021-01-17;51137
2021-01-16;"Trenčiansky kraj";39;457;28;485;NA;81865;67;2021-01-16;51002
2021-01-15;"Trenčiansky kraj";264;4029;218;4247;NA;81865;482;2021-01-15;50935
2021-01-14;"Trenčiansky kraj";275;3195;189;3384;NA;81865;464;2021-01-14;50453
2021-01-13;"Trenčiansky kraj";222;3889;215;4104;NA;81865;437;2021-01-13;49989
2021-01-12;"Trenčiansky kraj";508;4604;261;4865;NA;81865;769;2021-01-12;49552
2021-01-11;"Trenčiansky kraj";142;4367;354;4721;NA;81865;496;2021-01-11;48783
2021-01-10;"Trenčiansky kraj";89;4939;76;5015;NA;81865;165;2021-01-10;48287
2021-01-09;"Trenčiansky kraj";276;7974;121;8095;NA;81865;397;2021-01-09;48122
2021-01-08;"Trenčiansky kraj";489;6434;484;6918;NA;81865;973;2021-01-08;47725
2021-01-07;"Trenčiansky kraj";420;6138;577;6715;NA;81865;997;2021-01-07;46752
2021-01-06;"Trenčiansky kraj";221;1021;64;1085;NA;81865;285;2021-01-06;45755
2021-01-05;"Trenčiansky kraj";669;5753;706;6459;NA;81865;1375;2021-01-05;45470
2021-01-04;"Trenčiansky kraj";337;5243;782;6025;NA;81865;1119;2021-01-04;44095
2021-01-03;"Trenčiansky kraj";38;60;13;73;NA;81865;51;2021-01-03;42976
2021-01-02;"Trenčiansky kraj";129;140;23;163;NA;81865;152;2021-01-02;42925
2021-01-01;"Trenčiansky kraj";329;347;23;370;NA;81865;352;2021-01-01;42773
2020-12-31;"Trenčiansky kraj";597;4943;557;5500;NA;81865;1154;2020-12-31;42421
2020-12-30;"Trenčiansky kraj";836;7012;762;7774;NA;81865;1598;2020-12-30;41267
2020-12-29;"Trenčiansky kraj";459;6191;1018;7209;NA;81865;1477;2020-12-29;39669
2020-12-28;"Trenčiansky kraj";258;4195;777;4972;NA;81865;1035;2020-12-28;38192
2020-12-27;"Trenčiansky kraj";5;202;36;238;NA;81865;41;2020-12-27;37157
2020-12-26;"Trenčiansky kraj";174;74;10;84;NA;81865;184;2020-12-26;37116
2020-12-25;"Trenčiansky kraj";251;325;47;372;NA;81865;298;2020-12-25;36932
2020-12-24;"Trenčiansky kraj";552;2194;256;2450;NA;81865;808;2020-12-24;36634
2020-12-23;"Trenčiansky kraj";421;6552;661;7213;NA;81865;1082;2020-12-23;35826
2020-12-22;"Trenčiansky kraj";673;5760;694;6454;NA;81865;1367;2020-12-22;34744
2020-12-21;"Trenčiansky kraj";248;13321;956;14277;NA;81865;1204;2020-12-21;33377
2020-12-20;"Trenčiansky kraj";238;12480;291;12771;NA;81865;529;2020-12-20;32173
2020-12-19;"Trenčiansky kraj";341;1611;150;1761;NA;81865;491;2020-12-19;31644
2020-12-18;"Trenčiansky kraj";521;5199;615;5814;NA;81865;1136;2020-12-18;31153
2020-12-17;"Trenčiansky kraj";670;3843;524;4367;NA;81865;1194;2020-12-17;30017
2020-12-16;"Trenčiansky kraj";461;4464;647;5111;NA;81865;1108;2020-12-16;28823
2020-12-15;"Trenčiansky kraj";595;3805;670;4475;NA;81865;1265;2020-12-15;27715
2020-12-14;"Trenčiansky kraj";318;3194;613;3807;NA;81865;931;2020-12-14;26450
2020-12-13;"Trenčiansky kraj";77;24;4;28;NA;81865;81;2020-12-13;25519
2020-12-12;"Trenčiansky kraj";314;1002;120;1122;NA;81865;434;2020-12-12;25438
2020-12-11;"Trenčiansky kraj";751;4066;479;4545;NA;81865;1230;2020-12-11;25004
2020-12-10;"Trenčiansky kraj";271;3371;477;3848;NA;81865;748;2020-12-10;23774
2020-12-09;"Trenčiansky kraj";508;3805;470;4275;NA;81865;978;2020-12-09;23026
2020-12-08;"Trenčiansky kraj";546;3440;522;3962;NA;81865;1068;2020-12-08;22048
2020-12-07;"Trenčiansky kraj";258;3826;466;4292;NA;81865;724;2020-12-07;20980
2020-12-06;"Trenčiansky kraj";114;187;11;198;NA;81865;125;2020-12-06;20256
2020-12-05;"Trenčiansky kraj";223;464;37;501;NA;81865;260;2020-12-05;20131
2020-12-04;"Trenčiansky kraj";253;2565;215;2780;NA;81865;468;2020-12-04;19871
2020-12-03;"Trenčiansky kraj";503;1739;179;1918;NA;81865;682;2020-12-03;19403
2020-12-02;"Trenčiansky kraj";418;1887;232;2119;NA;81865;650;2020-12-02;18721
2020-12-01;"Trenčiansky kraj";321;5705;353;6058;NA;81865;674;2020-12-01;18071
2020-11-30;"Trenčiansky kraj";167;11513;520;12033;NA;81865;687;2020-11-30;17397
2020-11-29;"Trenčiansky kraj";29;18;2;20;NA;81865;31;2020-11-29;16710
2020-11-28;"Trenčiansky kraj";202;1051;93;1144;NA;81865;295;2020-11-28;16679
2020-11-27;"Trenčiansky kraj";330;1398;150;1548;NA;81865;480;2020-11-27;16384
2020-11-26;"Trenčiansky kraj";395;1252;122;1374;NA;81865;517;2020-11-26;15904
2020-11-25;"Trenčiansky kraj";322;1444;160;1604;NA;81865;482;2020-11-25;15387
2020-11-24;"Trenčiansky kraj";348;2553;308;2861;NA;81865;656;2020-11-24;14905
2020-11-23;"Trenčiansky kraj";159;1186;122;1308;NA;81865;281;2020-11-23;14249
2020-11-22;"Trenčiansky kraj";26;11;1;12;NA;81865;27;2020-11-22;13968
2020-11-21;"Trenčiansky kraj";255;1323;62;1385;NA;81865;317;2020-11-21;13941
2020-11-20;"Trenčiansky kraj";316;861;93;954;NA;81865;409;2020-11-20;13624
2020-11-19;"Trenčiansky kraj";316;740;113;853;NA;81865;429;2020-11-19;13215
2020-11-18;"Trenčiansky kraj";233;379;66;445;NA;81865;299;2020-11-18;12786
2020-11-17;"Trenčiansky kraj";222;106;15;121;NA;81865;237;2020-11-17;12487
2020-11-16;"Trenčiansky kraj";245;236;45;281;NA;81865;290;2020-11-16;12250
2020-11-15;"Trenčiansky kraj";109;29;6;35;NA;81865;115;2020-11-15;11960
2020-11-14;"Trenčiansky kraj";190;74;11;85;NA;81865;201;2020-11-14;11845
2020-11-13;"Trenčiansky kraj";308;131;13;144;NA;81865;321;2020-11-13;11644
2020-11-12;"Trenčiansky kraj";324;124;5;129;NA;81865;329;2020-11-12;11323
2020-11-11;"Trenčiansky kraj";366;113;10;123;NA;81865;376;2020-11-11;10994
2020-11-10;"Trenčiansky kraj";277;106;6;112;NA;81865;283;2020-11-10;10618
2020-11-09;"Trenčiansky kraj";115;1407;48;1455;NA;81865;163;2020-11-09;10335
2020-11-08;"Trenčiansky kraj";81;1223;8;1231;NA;81865;89;2020-11-08;10172
2020-11-07;"Trenčiansky kraj";319;3662;59;3721;NA;81865;378;2020-11-07;10083
2020-11-06;"Trenčiansky kraj";383;6893;84;6977;NA;81865;467;2020-11-06;9705
2020-11-05;"Trenčiansky kraj";399;98;15;113;NA;81865;414;2020-11-05;9238
2020-11-04;"Trenčiansky kraj";370;91;9;100;NA;81865;379;2020-11-04;8824
2020-11-03;"Trenčiansky kraj";575;97;8;105;NA;81865;583;2020-11-03;8445
2020-11-02;"Trenčiansky kraj";197;1833;68;1901;NA;81865;265;2020-11-02;7862
2020-11-01;"Trenčiansky kraj";257;804;23;827;NA;81865;280;2020-11-01;7597
2020-10-31;"Trenčiansky kraj";332;4719;82;4801;NA;81865;414;2020-10-31;7317
2020-10-30;"Trenčiansky kraj";299;5283;102;5385;NA;81865;401;2020-10-30;6903
2020-10-29;"Trenčiansky kraj";496;764;68;832;NA;81865;564;2020-10-29;6502
2020-10-28;"Trenčiansky kraj";269;192;33;225;NA;81865;302;2020-10-28;5938
2020-10-27;"Trenčiansky kraj";473;127;27;154;NA;81865;500;2020-10-27;5636
2020-10-26;"Trenčiansky kraj";177;103;31;134;NA;81865;208;2020-10-26;5136
2020-10-25;"Trenčiansky kraj";138;9;5;14;NA;81865;143;2020-10-25;4928
2020-10-24;"Trenčiansky kraj";395;128;6;134;NA;81865;401;2020-10-24;4785
2020-10-23;"Trenčiansky kraj";301;154;8;162;NA;81865;309;2020-10-23;4384
2020-10-22;"Trenčiansky kraj";273;82;12;94;NA;81865;285;2020-10-22;4075
2020-10-21;"Trenčiansky kraj";183;53;9;62;NA;81865;192;2020-10-21;3790
2020-10-20;"Trenčiansky kraj";212;47;6;53;NA;81865;218;2020-10-20;3598
2020-10-19;"Trenčiansky kraj";41;83;25;108;NA;81865;66;2020-10-19;3380
2020-10-18;"Trenčiansky kraj";104;0;0;0;NA;81865;104;2020-10-18;3314
2020-10-17;"Trenčiansky kraj";157;0;0;0;NA;81865;157;2020-10-17;3210
2020-10-16;"Trenčiansky kraj";225;42;6;48;NA;81865;231;2020-10-16;3053
2020-10-15;"Trenčiansky kraj";255;39;4;43;NA;81865;259;2020-10-15;2822
2020-10-14;"Trenčiansky kraj";162;42;7;49;NA;81865;169;2020-10-14;2563
2020-10-13;"Trenčiansky kraj";124;105;12;117;NA;81865;136;2020-10-13;2394
2020-10-12;"Trenčiansky kraj";55;0;0;0;NA;81865;55;2020-10-12;2258
2020-10-11;"Trenčiansky kraj";73;0;0;0;NA;81865;73;2020-10-11;2203
2020-10-10;"Trenčiansky kraj";180;0;0;0;NA;81865;180;2020-10-10;2130
2020-10-09;"Trenčiansky kraj";198;0;0;0;NA;81865;198;2020-10-09;1950
2020-10-08;"Trenčiansky kraj";115;0;0;0;NA;81865;115;2020-10-08;1752
2020-10-07;"Trenčiansky kraj";75;0;0;0;NA;81865;75;2020-10-07;1637
2020-10-06;"Trenčiansky kraj";72;0;0;0;NA;81865;72;2020-10-06;1562
2020-10-05;"Trenčiansky kraj";32;0;0;0;NA;81865;32;2020-10-05;1490
2020-10-04;"Trenčiansky kraj";37;0;0;0;NA;81865;37;2020-10-04;1458
2020-10-03;"Trenčiansky kraj";79;0;0;0;NA;81865;79;2020-10-03;1421
2020-10-02;"Trenčiansky kraj";69;0;0;0;NA;81865;69;2020-10-02;1342
2020-10-01;"Trenčiansky kraj";58;0;0;0;NA;81865;58;2020-10-01;1273
2020-09-30;"Trenčiansky kraj";76;0;0;0;NA;81865;76;2020-09-30;1215
2020-09-29;"Trenčiansky kraj";43;0;0;0;NA;81865;43;2020-09-29;1139
2020-09-28;"Trenčiansky kraj";7;0;0;0;NA;81865;7;2020-09-28;1096
2020-09-27;"Trenčiansky kraj";12;0;0;0;NA;81865;12;2020-09-27;1089
2020-09-26;"Trenčiansky kraj";37;0;0;0;NA;81865;37;2020-09-26;1077
2020-09-25;"Trenčiansky kraj";72;0;0;0;NA;81865;72;2020-09-25;1040
2020-09-24;"Trenčiansky kraj";41;0;0;0;NA;81865;41;2020-09-24;968
2020-09-23;"Trenčiansky kraj";32;0;0;0;NA;81865;32;2020-09-23;927
2020-09-22;"Trenčiansky kraj";26;0;0;0;NA;81865;26;2020-09-22;895
2020-09-21;"Trenčiansky kraj";23;0;0;0;NA;81865;23;2020-09-21;869
2020-09-20;"Trenčiansky kraj";21;0;0;0;NA;81865;21;2020-09-20;846
2020-09-19;"Trenčiansky kraj";20;0;0;0;NA;81865;20;2020-09-19;825
2020-09-18;"Trenčiansky kraj";41;0;0;0;NA;81865;41;2020-09-18;805
2020-09-17;"Trenčiansky kraj";20;0;0;0;NA;81865;20;2020-09-17;764
2020-09-16;"Trenčiansky kraj";14;0;0;0;NA;81865;14;2020-09-16;744
2020-09-15;"Trenčiansky kraj";8;0;0;0;NA;81865;8;2020-09-15;730
2020-09-14;"Trenčiansky kraj";5;0;0;0;NA;81865;5;2020-09-14;722
2020-09-13;"Trenčiansky kraj";12;0;0;0;NA;81865;12;2020-09-13;717
2020-09-12;"Trenčiansky kraj";2;0;0;0;NA;81865;2;2020-09-12;705
2020-09-11;"Trenčiansky kraj";27;0;0;0;NA;81865;27;2020-09-11;703
2020-09-10;"Trenčiansky kraj";15;0;0;0;NA;81865;15;2020-09-10;676
2020-09-09;"Trenčiansky kraj";11;0;0;0;NA;81865;11;2020-09-09;661
2020-09-08;"Trenčiansky kraj";12;0;0;0;NA;81865;12;2020-09-08;650
2020-09-07;"Trenčiansky kraj";6;0;0;0;NA;81865;6;2020-09-07;638
2020-09-06;"Trenčiansky kraj";1;0;0;0;NA;81865;1;2020-09-06;632
2020-09-05;"Trenčiansky kraj";3;0;0;0;NA;81865;3;2020-09-05;631
2020-09-04;"Trenčiansky kraj";9;0;0;0;NA;81865;9;2020-09-04;628
2020-09-03;"Trenčiansky kraj";10;0;0;0;NA;81865;10;2020-09-03;619
2020-09-02;"Trenčiansky kraj";5;0;0;0;NA;81865;5;2020-09-02;609
2020-09-01;"Trenčiansky kraj";1;0;0;0;NA;81865;1;2020-09-01;604
2020-08-31;"Trenčiansky kraj";12;0;0;0;NA;81865;12;2020-08-31;603
2020-08-29;"Trenčiansky kraj";1;0;0;0;NA;81865;1;2020-08-29;591
2020-08-28;"Trenčiansky kraj";12;0;0;0;NA;81865;12;2020-08-28;590
2020-08-27;"Trenčiansky kraj";10;0;0;0;NA;81865;10;2020-08-27;578
2020-08-26;"Trenčiansky kraj";15;0;0;0;NA;81865;15;2020-08-26;568
2020-08-25;"Trenčiansky kraj";12;0;0;0;NA;81865;12;2020-08-25;553
2020-08-24;"Trenčiansky kraj";4;0;0;0;NA;81865;4;2020-08-24;541
2020-08-23;"Trenčiansky kraj";5;0;0;0;NA;81865;5;2020-08-23;537
2020-08-22;"Trenčiansky kraj";6;0;0;0;NA;81865;6;2020-08-22;532
2020-08-21;"Trenčiansky kraj";6;0;0;0;NA;81865;6;2020-08-21;526
2020-08-20;"Trenčiansky kraj";20;0;0;0;NA;81865;20;2020-08-20;520
2020-08-19;"Trenčiansky kraj";17;0;0;0;NA;81865;17;2020-08-19;500
2020-08-18;"Trenčiansky kraj";9;0;0;0;NA;81865;9;2020-08-18;483
2020-08-17;"Trenčiansky kraj";4;0;0;0;NA;81865;4;2020-08-17;474
2020-08-15;"Trenčiansky kraj";9;0;0;0;NA;81865;9;2020-08-15;470
2020-08-14;"Trenčiansky kraj";15;0;0;0;NA;81865;15;2020-08-14;461
2020-08-13;"Trenčiansky kraj";23;0;0;0;NA;81865;23;2020-08-13;446
2020-08-12;"Trenčiansky kraj";6;0;0;0;NA;81865;6;2020-08-12;423
2020-08-11;"Trenčiansky kraj";7;0;0;0;NA;81865;7;2020-08-11;417
2020-08-10;"Trenčiansky kraj";9;0;0;0;NA;81865;9;2020-08-10;410
2020-08-09;"Trenčiansky kraj";1;0;0;0;NA;81865;1;2020-08-09;401
2020-08-08;"Trenčiansky kraj";4;0;0;0;NA;81865;4;2020-08-08;400
2020-08-07;"Trenčiansky kraj";4;0;0;0;NA;81865;4;2020-08-07;396
2020-08-06;"Trenčiansky kraj";13;0;0;0;NA;81865;13;2020-08-06;392
2020-08-05;"Trenčiansky kraj";39;0;0;0;NA;81865;39;2020-08-05;379
2020-08-04;"Trenčiansky kraj";9;0;0;0;NA;81865;9;2020-08-04;340
2020-08-02;"Trenčiansky kraj";2;0;0;0;NA;81865;2;2020-08-02;331
2020-08-01;"Trenčiansky kraj";6;0;0;0;NA;81865;6;2020-08-01;329
2020-07-31;"Trenčiansky kraj";16;0;0;0;NA;81865;16;2020-07-31;323
2020-07-30;"Trenčiansky kraj";4;0;0;0;NA;81865;4;2020-07-30;307
2020-07-29;"Trenčiansky kraj";5;0;0;0;NA;81865;5;2020-07-29;303
2020-07-28;"Trenčiansky kraj";11;0;0;0;NA;81865;11;2020-07-28;298
2020-07-27;"Trenčiansky kraj";4;0;0;0;NA;81865;4;2020-07-27;287
2020-07-26;"Trenčiansky kraj";1;0;0;0;NA;81865;1;2020-07-26;283
2020-07-25;"Trenčiansky kraj";7;0;0;0;NA;81865;7;2020-07-25;282
2020-07-24;"Trenčiansky kraj";5;0;0;0;NA;81865;5;2020-07-24;275
2020-07-23;"Trenčiansky kraj";10;0;0;0;NA;81865;10;2020-07-23;270
2020-07-22;"Trenčiansky kraj";11;0;0;0;NA;81865;11;2020-07-22;260
2020-07-21;"Trenčiansky kraj";6;0;0;0;NA;81865;6;2020-07-21;249
2020-07-20;"Trenčiansky kraj";13;0;0;0;NA;81865;13;2020-07-20;243
2020-07-17;"Trenčiansky kraj";1;0;0;0;NA;81865;1;2020-07-17;230
2020-07-15;"Trenčiansky kraj";2;0;0;0;NA;81865;2;2020-07-15;229
2020-07-14;"Trenčiansky kraj";8;0;0;0;NA;81865;8;2020-07-14;227
2020-07-13;"Trenčiansky kraj";1;0;0;0;NA;81865;1;2020-07-13;219
2020-07-10;"Trenčiansky kraj";3;0;0;0;NA;81865;3;2020-07-10;218
2020-07-09;"Trenčiansky kraj";2;0;0;0;NA;81865;2;2020-07-09;215
2020-07-08;"Trenčiansky kraj";1;0;0;0;NA;81865;1;2020-07-08;213
2020-07-07;"Trenčiansky kraj";9;0;0;0;NA;81865;9;2020-07-07;212
2020-07-06;"Trenčiansky kraj";1;0;0;0;NA;81865;1;2020-07-06;203
2020-07-05;"Trenčiansky kraj";1;0;0;0;NA;81865;1;2020-07-05;202
2020-07-03;"Trenčiansky kraj";2;0;0;0;NA;81865;2;2020-07-03;201
2020-07-02;"Trenčiansky kraj";10;0;0;0;NA;81865;10;2020-07-02;199
2020-07-01;"Trenčiansky kraj";1;0;0;0;NA;81865;1;2020-07-01;189
2020-06-30;"Trenčiansky kraj";6;0;0;0;NA;81865;6;2020-06-30;188
2020-06-29;"Trenčiansky kraj";1;0;0;0;NA;81865;1;2020-06-29;182
2020-06-25;"Trenčiansky kraj";2;0;0;0;NA;81865;2;2020-06-25;181
2020-06-24;"Trenčiansky kraj";1;0;0;0;NA;81865;1;2020-06-24;179
2020-06-10;"Trenčiansky kraj";1;0;0;0;NA;81865;1;2020-06-10;178
2020-05-27;"Trenčiansky kraj";2;0;0;0;NA;81865;2;2020-05-27;177
2020-05-15;"Trenčiansky kraj";1;0;0;0;NA;81865;1;2020-05-15;175
2020-05-14;"Trenčiansky kraj";2;0;0;0;NA;81865;2;2020-05-14;174
2020-05-13;"Trenčiansky kraj";1;0;0;0;NA;81865;1;2020-05-13;172
2020-05-12;"Trenčiansky kraj";1;0;0;0;NA;81865;1;2020-05-12;171
2020-05-11;"Trenčiansky kraj";3;0;0;0;NA;81865;3;2020-05-11;170
2020-05-09;"Trenčiansky kraj";2;0;0;0;NA;81865;2;2020-05-09;167
2020-05-07;"Trenčiansky kraj";6;0;0;0;NA;81865;6;2020-05-07;165
2020-05-05;"Trenčiansky kraj";2;0;0;0;NA;81865;2;2020-05-05;159
2020-04-29;"Trenčiansky kraj";2;0;0;0;NA;81865;2;2020-04-29;157
2020-04-28;"Trenčiansky kraj";1;0;0;0;NA;81865;1;2020-04-28;155
2020-04-26;"Trenčiansky kraj";1;0;0;0;NA;81865;1;2020-04-26;154
2020-04-23;"Trenčiansky kraj";11;0;0;0;NA;81865;11;2020-04-23;153
2020-04-22;"Trenčiansky kraj";1;0;0;0;NA;81865;1;2020-04-22;142
2020-04-21;"Trenčiansky kraj";11;0;0;0;NA;81865;11;2020-04-21;141
2020-04-20;"Trenčiansky kraj";15;0;0;0;NA;81865;15;2020-04-20;130
2020-04-19;"Trenčiansky kraj";2;0;0;0;NA;81865;2;2020-04-19;115
2020-04-18;"Trenčiansky kraj";3;0;0;0;NA;81865;3;2020-04-18;113
2020-04-17;"Trenčiansky kraj";4;0;0;0;NA;81865;4;2020-04-17;110
2020-04-16;"Trenčiansky kraj";10;0;0;0;NA;81865;10;2020-04-16;106
2020-04-15;"Trenčiansky kraj";4;0;0;0;NA;81865;4;2020-04-15;96
2020-04-13;"Trenčiansky kraj";1;0;0;0;NA;81865;1;2020-04-13;92
2020-04-12;"Trenčiansky kraj";2;0;0;0;NA;81865;2;2020-04-12;91
2020-04-11;"Trenčiansky kraj";3;0;0;0;NA;81865;3;2020-04-11;89
2020-04-08;"Trenčiansky kraj";2;0;0;0;NA;81865;2;2020-04-08;86
2020-04-07;"Trenčiansky kraj";18;0;0;0;NA;81865;18;2020-04-07;84
2020-04-05;"Trenčiansky kraj";3;0;0;0;NA;81865;3;2020-04-05;66
2020-04-04;"Trenčiansky kraj";5;0;0;0;NA;81865;5;2020-04-04;63
2020-04-03;"Trenčiansky kraj";4;0;0;0;NA;81865;4;2020-04-03;58
2020-04-02;"Trenčiansky kraj";1;0;0;0;NA;81865;1;2020-04-02;54
2020-04-01;"Trenčiansky kraj";3;0;0;0;NA;81865;3;2020-04-01;53
2020-03-31;"Trenčiansky kraj";1;0;0;0;NA;81865;1;2020-03-31;50
2020-03-30;"Trenčiansky kraj";3;0;0;0;NA;81865;3;2020-03-30;49
2020-03-29;"Trenčiansky kraj";6;0;0;0;NA;81865;6;2020-03-29;46
2020-03-28;"Trenčiansky kraj";9;0;0;0;NA;81865;9;2020-03-28;40
2020-03-27;"Trenčiansky kraj";2;0;0;0;NA;81865;2;2020-03-27;31
2020-03-26;"Trenčiansky kraj";6;0;0;0;NA;81865;6;2020-03-26;29
2020-03-25;"Trenčiansky kraj";3;0;0;0;NA;81865;3;2020-03-25;23
2020-03-24;"Trenčiansky kraj";1;0;0;0;NA;81865;1;2020-03-24;20
2020-03-21;"Trenčiansky kraj";2;0;0;0;NA;81865;2;2020-03-21;19
2020-03-20;"Trenčiansky kraj";2;0;0;0;NA;81865;2;2020-03-20;17
2020-03-19;"Trenčiansky kraj";8;0;0;0;NA;81865;8;2020-03-19;15
2020-03-16;"Trenčiansky kraj";1;0;0;0;NA;81865;1;2020-03-16;7
2020-03-15;"Trenčiansky kraj";5;0;0;0;NA;81865;5;2020-03-15;6
2020-03-12;"Trenčiansky kraj";1;0;0;0;NA;81865;1;2020-03-12;1
2021-04-07;"Trnavský kraj";131;14302;76;14378;43747;72516;207;2021-04-07;72516
2021-04-06;"Trnavský kraj";92;19591;90;19681;NA;72516;182;2021-04-06;72309
2021-04-05;"Trnavský kraj";91;7046;13;7059;NA;72516;104;2021-04-05;72127
2021-04-04;"Trnavský kraj";9;15197;26;15223;NA;72516;35;2021-04-04;72023
2021-04-03;"Trnavský kraj";29;137576;157;137733;NA;72516;186;2021-04-03;71988
2021-04-02;"Trnavský kraj";91;13659;27;13686;NA;72516;118;2021-04-02;71802
2021-04-01;"Trnavský kraj";118;21042;58;21100;NA;72516;176;2021-04-01;71684
2021-03-31;"Trnavský kraj";140;15094;73;15167;NA;72516;213;2021-03-31;71508
2021-03-30;"Trnavský kraj";182;10394;79;10473;NA;72516;261;2021-03-30;71295
2021-03-29;"Trnavský kraj";126;15367;85;15452;NA;72516;211;2021-03-29;71034
2021-03-28;"Trnavský kraj";26;43455;100;43555;NA;72516;126;2021-03-28;70823
2021-03-27;"Trnavský kraj";64;120690;235;120925;NA;72516;299;2021-03-27;70697
2021-03-26;"Trnavský kraj";139;30217;130;30347;NA;72516;269;2021-03-26;70398
2021-03-25;"Trnavský kraj";135;14212;80;14292;NA;72516;215;2021-03-25;70129
2021-03-24;"Trnavský kraj";159;10521;89;10610;NA;72516;248;2021-03-24;69914
2021-03-23;"Trnavský kraj";221;12596;103;12699;NA;72516;324;2021-03-23;69666
2021-03-22;"Trnavský kraj";103;15718;97;15815;NA;72516;200;2021-03-22;69342
2021-03-21;"Trnavský kraj";31;29502;87;29589;NA;72516;118;2021-03-21;69142
2021-03-20;"Trnavský kraj";112;136522;317;136839;NA;72516;429;2021-03-20;69024
2021-03-19;"Trnavský kraj";174;25301;109;25410;NA;72516;283;2021-03-19;68595
2021-03-18;"Trnavský kraj";158;12088;134;12222;NA;72516;292;2021-03-18;68312
2021-03-17;"Trnavský kraj";245;10725;103;10828;NA;72516;348;2021-03-17;68020
2021-03-16;"Trnavský kraj";311;12763;135;12898;NA;72516;446;2021-03-16;67672
2021-03-15;"Trnavský kraj";127;18321;145;18466;NA;72516;272;2021-03-15;67226
2021-03-14;"Trnavský kraj";14;46499;152;46651;NA;72516;166;2021-03-14;66954
2021-03-13;"Trnavský kraj";155;139195;412;139607;NA;72516;567;2021-03-13;66788
2021-03-12;"Trnavský kraj";201;28226;179;28405;NA;72516;380;2021-03-12;66221
2021-03-11;"Trnavský kraj";204;13263;142;13405;NA;72516;346;2021-03-11;65841
2021-03-10;"Trnavský kraj";242;10460;136;10596;NA;72516;378;2021-03-10;65495
2021-03-09;"Trnavský kraj";442;12876;156;13032;NA;72516;598;2021-03-09;65117
2021-03-08;"Trnavský kraj";182;21459;163;21622;NA;72516;345;2021-03-08;64519
2021-03-07;"Trnavský kraj";30;46117;228;46345;NA;72516;258;2021-03-07;64174
2021-03-06;"Trnavský kraj";154;135576;529;136105;NA;72516;683;2021-03-06;63916
2021-03-05;"Trnavský kraj";299;28192;245;28437;NA;72516;544;2021-03-05;63233
2021-03-04;"Trnavský kraj";238;14225;178;14403;NA;72516;416;2021-03-04;62689
2021-03-03;"Trnavský kraj";413;11388;239;11627;NA;72516;652;2021-03-03;62273
2021-03-02;"Trnavský kraj";477;12352;196;12548;NA;72516;673;2021-03-02;61621
2021-03-01;"Trnavský kraj";189;18105;228;18333;NA;72516;417;2021-03-01;60948
2021-02-28;"Trnavský kraj";87;0;0;0;NA;72516;87;2021-02-28;60531
2021-02-27;"Trnavský kraj";264;0;0;0;NA;72516;264;2021-02-27;60444
2021-02-26;"Trnavský kraj";362;0;0;0;NA;72516;362;2021-02-26;60180
2021-02-25;"Trnavský kraj";433;0;0;0;NA;72516;433;2021-02-25;59818
2021-02-24;"Trnavský kraj";407;0;0;0;NA;72516;407;2021-02-24;59385
2021-02-23;"Trnavský kraj";469;0;0;0;NA;72516;469;2021-02-23;58978
2021-02-22;"Trnavský kraj";206;0;0;0;NA;72516;206;2021-02-22;58509
2021-02-21;"Trnavský kraj";38;0;0;0;NA;72516;38;2021-02-21;58303
2021-02-20;"Trnavský kraj";273;0;0;0;NA;72516;273;2021-02-20;58265
2021-02-19;"Trnavský kraj";335;0;0;0;NA;72516;335;2021-02-19;57992
2021-02-18;"Trnavský kraj";344;0;0;0;NA;72516;344;2021-02-18;57657
2021-02-17;"Trnavský kraj";431;0;0;0;NA;72516;431;2021-02-17;57313
2021-02-16;"Trnavský kraj";426;0;0;0;NA;72516;426;2021-02-16;56882
2021-02-15;"Trnavský kraj";146;0;0;0;NA;72516;146;2021-02-15;56456
2021-02-14;"Trnavský kraj";51;0;0;0;NA;72516;51;2021-02-14;56310
2021-02-13;"Trnavský kraj";218;0;0;0;NA;72516;218;2021-02-13;56259
2021-02-12;"Trnavský kraj";300;0;0;0;NA;72516;300;2021-02-12;56041
2021-02-11;"Trnavský kraj";422;0;0;0;NA;72516;422;2021-02-11;55741
2021-02-10;"Trnavský kraj";511;0;0;0;NA;72516;511;2021-02-10;55319
2021-02-09;"Trnavský kraj";544;0;0;0;NA;72516;544;2021-02-09;54808
2021-02-08;"Trnavský kraj";220;0;0;0;NA;72516;220;2021-02-08;54264
2021-02-07;"Trnavský kraj";140;0;0;0;NA;72516;140;2021-02-07;54044
2021-02-06;"Trnavský kraj";348;0;0;0;NA;72516;348;2021-02-06;53904
2021-02-05;"Trnavský kraj";377;0;0;0;NA;72516;377;2021-02-05;53556
2021-02-04;"Trnavský kraj";456;0;0;0;NA;72516;456;2021-02-04;53179
2021-02-03;"Trnavský kraj";472;0;0;0;NA;72516;472;2021-02-03;52723
2021-02-02;"Trnavský kraj";446;0;0;0;NA;72516;446;2021-02-02;52251
2021-02-01;"Trnavský kraj";198;0;0;0;NA;72516;198;2021-02-01;51805
2021-01-31;"Trnavský kraj";19;62815;778;63593;NA;72516;797;2021-01-31;51607
2021-01-30;"Trnavský kraj";323;110592;1280;111872;NA;72516;1603;2021-01-30;50810
2021-01-29;"Trnavský kraj";421;9647;285;9932;NA;72516;706;2021-01-29;49207
2021-01-28;"Trnavský kraj";389;5815;286;6101;NA;72516;675;2021-01-28;48501
2021-01-27;"Trnavský kraj";433;5300;219;5519;NA;72516;652;2021-01-27;47826
2021-01-26;"Trnavský kraj";565;25390;636;26026;NA;72516;1201;2021-01-26;47174
2021-01-25;"Trnavský kraj";210;41855;607;42462;NA;72516;817;2021-01-25;45973
2021-01-24;"Trnavský kraj";91;56258;713;56971;NA;72516;804;2021-01-24;45156
2021-01-23;"Trnavský kraj";372;117177;1347;118524;NA;72516;1719;2021-01-23;44352
2021-01-22;"Trnavský kraj";217;33128;507;33635;NA;72516;724;2021-01-22;42633
2021-01-21;"Trnavský kraj";311;13834;378;14212;NA;72516;689;2021-01-21;41909
2021-01-20;"Trnavský kraj";503;8149;274;8423;NA;72516;777;2021-01-20;41220
2021-01-19;"Trnavský kraj";415;7009;347;7356;NA;72516;762;2021-01-19;40443
2021-01-18;"Trnavský kraj";247;6237;484;6721;NA;72516;731;2021-01-18;39681
2021-01-17;"Trnavský kraj";128;854;215;1069;NA;72516;343;2021-01-17;38950
2021-01-16;"Trnavský kraj";103;599;19;618;NA;72516;122;2021-01-16;38607
2021-01-15;"Trnavský kraj";278;5456;335;5791;NA;72516;613;2021-01-15;38485
2021-01-14;"Trnavský kraj";452;4000;338;4338;NA;72516;790;2021-01-14;37872
2021-01-13;"Trnavský kraj";457;4752;378;5130;NA;72516;835;2021-01-13;37082
2021-01-12;"Trnavský kraj";469;7177;483;7660;NA;72516;952;2021-01-12;36247
2021-01-11;"Trnavský kraj";370;5103;392;5495;NA;72516;762;2021-01-11;35295
2021-01-10;"Trnavský kraj";71;13;0;13;NA;72516;71;2021-01-10;34533
2021-01-09;"Trnavský kraj";417;1775;100;1875;NA;72516;517;2021-01-09;34462
2021-01-08;"Trnavský kraj";381;6550;532;7082;NA;72516;913;2021-01-08;33945
2021-01-07;"Trnavský kraj";501;4074;390;4464;NA;72516;891;2021-01-07;33032
2021-01-06;"Trnavský kraj";179;758;132;890;NA;72516;311;2021-01-06;32141
2021-01-05;"Trnavský kraj";611;5922;636;6558;NA;72516;1247;2021-01-05;31830
2021-01-04;"Trnavský kraj";302;5239;689;5928;NA;72516;991;2021-01-04;30583
2021-01-03;"Trnavský kraj";60;53;7;60;NA;72516;67;2021-01-03;29592
2021-01-02;"Trnavský kraj";282;417;32;449;NA;72516;314;2021-01-02;29525
2021-01-01;"Trnavský kraj";143;449;76;525;NA;72516;219;2021-01-01;29211
2020-12-31;"Trnavský kraj";498;8488;858;9346;NA;72516;1356;2020-12-31;28992
2020-12-30;"Trnavský kraj";785;5318;612;5930;NA;72516;1397;2020-12-30;27636
2020-12-29;"Trnavský kraj";322;4999;593;5592;NA;72516;915;2020-12-29;26239
2020-12-28;"Trnavský kraj";213;5334;615;5949;NA;72516;828;2020-12-28;25324
2020-12-27;"Trnavský kraj";27;12;4;16;NA;72516;31;2020-12-27;24496
2020-12-26;"Trnavský kraj";148;44;1;45;NA;72516;149;2020-12-26;24465
2020-12-25;"Trnavský kraj";65;49;5;54;NA;72516;70;2020-12-25;24316
2020-12-24;"Trnavský kraj";333;1359;117;1476;NA;72516;450;2020-12-24;24246
2020-12-23;"Trnavský kraj";210;6417;375;6792;NA;72516;585;2020-12-23;23796
2020-12-22;"Trnavský kraj";311;5590;491;6081;NA;72516;802;2020-12-22;23211
2020-12-21;"Trnavský kraj";328;4527;399;4926;NA;72516;727;2020-12-21;22409
2020-12-20;"Trnavský kraj";134;110;12;122;NA;72516;146;2020-12-20;21682
2020-12-19;"Trnavský kraj";201;1046;86;1132;NA;72516;287;2020-12-19;21536
2020-12-18;"Trnavský kraj";341;4898;378;5276;NA;72516;719;2020-12-18;21249
2020-12-17;"Trnavský kraj";375;5271;443;5714;NA;72516;818;2020-12-17;20530
2020-12-16;"Trnavský kraj";312;5249;405;5654;NA;72516;717;2020-12-16;19712
2020-12-15;"Trnavský kraj";492;6623;632;7255;NA;72516;1124;2020-12-15;18995
2020-12-14;"Trnavský kraj";161;3505;292;3797;NA;72516;453;2020-12-14;17871
2020-12-13;"Trnavský kraj";7;0;0;0;NA;72516;7;2020-12-13;17418
2020-12-12;"Trnavský kraj";254;1456;114;1570;NA;72516;368;2020-12-12;17411
2020-12-11;"Trnavský kraj";384;4683;262;4945;NA;72516;646;2020-12-11;17043
2020-12-10;"Trnavský kraj";183;5194;320;5514;NA;72516;503;2020-12-10;16397
2020-12-09;"Trnavský kraj";521;4283;321;4604;NA;72516;842;2020-12-09;15894
2020-12-08;"Trnavský kraj";281;4090;304;4394;NA;72516;585;2020-12-08;15052
2020-12-07;"Trnavský kraj";178;2895;199;3094;NA;72516;377;2020-12-07;14467
2020-12-06;"Trnavský kraj";46;0;0;0;NA;72516;46;2020-12-06;14090
2020-12-05;"Trnavský kraj";129;2218;41;2259;NA;72516;170;2020-12-05;14044
2020-12-04;"Trnavský kraj";242;3948;158;4106;NA;72516;400;2020-12-04;13874
2020-12-03;"Trnavský kraj";248;2770;190;2960;NA;72516;438;2020-12-03;13474
2020-12-02;"Trnavský kraj";284;4516;176;4692;NA;72516;460;2020-12-02;13036
2020-12-01;"Trnavský kraj";253;3190;205;3395;NA;72516;458;2020-12-01;12576
2020-11-30;"Trnavský kraj";200;7360;186;7546;NA;72516;386;2020-11-30;12118
2020-11-29;"Trnavský kraj";17;708;34;742;NA;72516;51;2020-11-29;11732
2020-11-28;"Trnavský kraj";83;1453;77;1530;NA;72516;160;2020-11-28;11681
2020-11-27;"Trnavský kraj";148;1591;83;1674;NA;72516;231;2020-11-27;11521
2020-11-26;"Trnavský kraj";234;985;59;1044;NA;72516;293;2020-11-26;11290
2020-11-25;"Trnavský kraj";232;1029;72;1101;NA;72516;304;2020-11-25;10997
2020-11-24;"Trnavský kraj";295;1772;91;1863;NA;72516;386;2020-11-24;10693
2020-11-23;"Trnavský kraj";242;7207;125;7332;NA;72516;367;2020-11-23;10307
2020-11-22;"Trnavský kraj";10;54;3;57;NA;72516;13;2020-11-22;9940
2020-11-21;"Trnavský kraj";129;1214;23;1237;NA;72516;152;2020-11-21;9927
2020-11-20;"Trnavský kraj";246;1027;61;1088;NA;72516;307;2020-11-20;9775
2020-11-19;"Trnavský kraj";157;694;58;752;NA;72516;215;2020-11-19;9468
2020-11-18;"Trnavský kraj";235;716;75;791;NA;72516;310;2020-11-18;9253
2020-11-17;"Trnavský kraj";129;695;72;767;NA;72516;201;2020-11-17;8943
2020-11-16;"Trnavský kraj";187;682;32;714;NA;72516;219;2020-11-16;8742
2020-11-15;"Trnavský kraj";23;73;4;77;NA;72516;27;2020-11-15;8523
2020-11-14;"Trnavský kraj";86;389;10;399;NA;72516;96;2020-11-14;8496
2020-11-13;"Trnavský kraj";219;1312;21;1333;NA;72516;240;2020-11-13;8400
2020-11-12;"Trnavský kraj";162;420;18;438;NA;72516;180;2020-11-12;8160
2020-11-11;"Trnavský kraj";257;392;15;407;NA;72516;272;2020-11-11;7980
2020-11-10;"Trnavský kraj";189;889;30;919;NA;72516;219;2020-11-10;7708
2020-11-09;"Trnavský kraj";196;369;23;392;NA;72516;219;2020-11-09;7489
2020-11-08;"Trnavský kraj";55;306;4;310;NA;72516;59;2020-11-08;7270
2020-11-07;"Trnavský kraj";207;6070;74;6144;NA;72516;281;2020-11-07;7211
2020-11-06;"Trnavský kraj";260;1531;19;1550;NA;72516;279;2020-11-06;6930
2020-11-05;"Trnavský kraj";150;220;27;247;NA;72516;177;2020-11-05;6651
2020-11-04;"Trnavský kraj";188;212;10;222;NA;72516;198;2020-11-04;6474
2020-11-03;"Trnavský kraj";317;127;8;135;NA;72516;325;2020-11-03;6276
2020-11-02;"Trnavský kraj";281;1728;31;1759;NA;72516;312;2020-11-02;5951
2020-11-01;"Trnavský kraj";87;494;27;521;NA;72516;114;2020-11-01;5639
2020-10-31;"Trnavský kraj";259;5024;41;5065;NA;72516;300;2020-10-31;5525
2020-10-30;"Trnavský kraj";198;3784;27;3811;NA;72516;225;2020-10-30;5225
2020-10-29;"Trnavský kraj";273;1461;16;1477;NA;72516;289;2020-10-29;5000
2020-10-28;"Trnavský kraj";319;117;16;133;NA;72516;335;2020-10-28;4711
2020-10-27;"Trnavský kraj";199;461;36;497;NA;72516;235;2020-10-27;4376
2020-10-26;"Trnavský kraj";153;29;2;31;NA;72516;155;2020-10-26;4141
2020-10-25;"Trnavský kraj";95;19;1;20;NA;72516;96;2020-10-25;3986
2020-10-24;"Trnavský kraj";158;109;2;111;NA;72516;160;2020-10-24;3890
2020-10-23;"Trnavský kraj";201;89;4;93;NA;72516;205;2020-10-23;3730
2020-10-22;"Trnavský kraj";195;55;2;57;NA;72516;197;2020-10-22;3525
2020-10-21;"Trnavský kraj";134;73;3;76;NA;72516;137;2020-10-21;3328
2020-10-20;"Trnavský kraj";202;82;3;85;NA;72516;205;2020-10-20;3191
2020-10-19;"Trnavský kraj";67;55;0;55;NA;72516;67;2020-10-19;2986
2020-10-18;"Trnavský kraj";84;0;0;0;NA;72516;84;2020-10-18;2919
2020-10-17;"Trnavský kraj";123;0;0;0;NA;72516;123;2020-10-17;2835
2020-10-16;"Trnavský kraj";86;45;2;47;NA;72516;88;2020-10-16;2712
2020-10-15;"Trnavský kraj";155;66;2;68;NA;72516;157;2020-10-15;2624
2020-10-14;"Trnavský kraj";236;468;3;471;NA;72516;239;2020-10-14;2467
2020-10-13;"Trnavský kraj";138;16;2;18;NA;72516;140;2020-10-13;2228
2020-10-12;"Trnavský kraj";33;41;1;42;NA;72516;34;2020-10-12;2088
2020-10-11;"Trnavský kraj";31;0;0;0;NA;72516;31;2020-10-11;2054
2020-10-10;"Trnavský kraj";128;0;0;0;NA;72516;128;2020-10-10;2023
2020-10-09;"Trnavský kraj";156;0;0;0;NA;72516;156;2020-10-09;1895
2020-10-08;"Trnavský kraj";153;0;0;0;NA;72516;153;2020-10-08;1739
2020-10-07;"Trnavský kraj";80;0;0;0;NA;72516;80;2020-10-07;1586
2020-10-06;"Trnavský kraj";112;0;0;0;NA;72516;112;2020-10-06;1506
2020-10-05;"Trnavský kraj";33;0;0;0;NA;72516;33;2020-10-05;1394
2020-10-04;"Trnavský kraj";44;0;0;0;NA;72516;44;2020-10-04;1361
2020-10-03;"Trnavský kraj";60;0;0;0;NA;72516;60;2020-10-03;1317
2020-10-02;"Trnavský kraj";41;0;0;0;NA;72516;41;2020-10-02;1257
2020-10-01;"Trnavský kraj";53;0;0;0;NA;72516;53;2020-10-01;1216
2020-09-30;"Trnavský kraj";91;0;0;0;NA;72516;91;2020-09-30;1163
2020-09-29;"Trnavský kraj";40;0;0;0;NA;72516;40;2020-09-29;1072
2020-09-28;"Trnavský kraj";69;0;0;0;NA;72516;69;2020-09-28;1032
2020-09-27;"Trnavský kraj";30;0;0;0;NA;72516;30;2020-09-27;963
2020-09-26;"Trnavský kraj";46;0;0;0;NA;72516;46;2020-09-26;933
2020-09-25;"Trnavský kraj";32;0;0;0;NA;72516;32;2020-09-25;887
2020-09-24;"Trnavský kraj";42;0;0;0;NA;72516;42;2020-09-24;855
2020-09-23;"Trnavský kraj";43;0;0;0;NA;72516;43;2020-09-23;813
2020-09-22;"Trnavský kraj";55;0;0;0;NA;72516;55;2020-09-22;770
2020-09-21;"Trnavský kraj";41;0;0;0;NA;72516;41;2020-09-21;715
2020-09-20;"Trnavský kraj";17;0;0;0;NA;72516;17;2020-09-20;674
2020-09-19;"Trnavský kraj";4;0;0;0;NA;72516;4;2020-09-19;657
2020-09-18;"Trnavský kraj";33;0;0;0;NA;72516;33;2020-09-18;653
2020-09-17;"Trnavský kraj";42;0;0;0;NA;72516;42;2020-09-17;620
2020-09-16;"Trnavský kraj";49;0;0;0;NA;72516;49;2020-09-16;578
2020-09-15;"Trnavský kraj";5;0;0;0;NA;72516;5;2020-09-15;529
2020-09-14;"Trnavský kraj";26;0;0;0;NA;72516;26;2020-09-14;524
2020-09-13;"Trnavský kraj";9;0;0;0;NA;72516;9;2020-09-13;498
2020-09-12;"Trnavský kraj";12;0;0;0;NA;72516;12;2020-09-12;489
2020-09-11;"Trnavský kraj";16;0;0;0;NA;72516;16;2020-09-11;477
2020-09-10;"Trnavský kraj";32;0;0;0;NA;72516;32;2020-09-10;461
2020-09-09;"Trnavský kraj";14;0;0;0;NA;72516;14;2020-09-09;429
2020-09-08;"Trnavský kraj";11;0;0;0;NA;72516;11;2020-09-08;415
2020-09-07;"Trnavský kraj";7;0;0;0;NA;72516;7;2020-09-07;404
2020-09-06;"Trnavský kraj";5;0;0;0;NA;72516;5;2020-09-06;397
2020-09-05;"Trnavský kraj";7;0;0;0;NA;72516;7;2020-09-05;392
2020-09-04;"Trnavský kraj";16;0;0;0;NA;72516;16;2020-09-04;385
2020-09-03;"Trnavský kraj";8;0;0;0;NA;72516;8;2020-09-03;369
2020-09-02;"Trnavský kraj";7;0;0;0;NA;72516;7;2020-09-02;361
2020-09-01;"Trnavský kraj";1;0;0;0;NA;72516;1;2020-09-01;354
2020-08-31;"Trnavský kraj";6;0;0;0;NA;72516;6;2020-08-31;353
2020-08-30;"Trnavský kraj";1;0;0;0;NA;72516;1;2020-08-30;347
2020-08-29;"Trnavský kraj";3;0;0;0;NA;72516;3;2020-08-29;346
2020-08-28;"Trnavský kraj";14;0;0;0;NA;72516;14;2020-08-28;343
2020-08-27;"Trnavský kraj";6;0;0;0;NA;72516;6;2020-08-27;329
2020-08-26;"Trnavský kraj";4;0;0;0;NA;72516;4;2020-08-26;323
2020-08-25;"Trnavský kraj";7;0;0;0;NA;72516;7;2020-08-25;319
2020-08-24;"Trnavský kraj";1;0;0;0;NA;72516;1;2020-08-24;312
2020-08-23;"Trnavský kraj";6;0;0;0;NA;72516;6;2020-08-23;311
2020-08-22;"Trnavský kraj";3;0;0;0;NA;72516;3;2020-08-22;305
2020-08-21;"Trnavský kraj";4;0;0;0;NA;72516;4;2020-08-21;302
2020-08-20;"Trnavský kraj";23;0;0;0;NA;72516;23;2020-08-20;298
2020-08-19;"Trnavský kraj";13;0;0;0;NA;72516;13;2020-08-19;275
2020-08-18;"Trnavský kraj";20;0;0;0;NA;72516;20;2020-08-18;262
2020-08-17;"Trnavský kraj";3;0;0;0;NA;72516;3;2020-08-17;242
2020-08-15;"Trnavský kraj";7;0;0;0;NA;72516;7;2020-08-15;239
2020-08-14;"Trnavský kraj";6;0;0;0;NA;72516;6;2020-08-14;232
2020-08-13;"Trnavský kraj";10;0;0;0;NA;72516;10;2020-08-13;226
2020-08-12;"Trnavský kraj";2;0;0;0;NA;72516;2;2020-08-12;216
2020-08-11;"Trnavský kraj";30;0;0;0;NA;72516;30;2020-08-11;214
2020-08-08;"Trnavský kraj";13;0;0;0;NA;72516;13;2020-08-08;184
2020-08-07;"Trnavský kraj";4;0;0;0;NA;72516;4;2020-08-07;171
2020-08-06;"Trnavský kraj";4;0;0;0;NA;72516;4;2020-08-06;167
2020-08-04;"Trnavský kraj";1;0;0;0;NA;72516;1;2020-08-04;163
2020-08-03;"Trnavský kraj";2;0;0;0;NA;72516;2;2020-08-03;162
2020-08-02;"Trnavský kraj";1;0;0;0;NA;72516;1;2020-08-02;160
2020-07-31;"Trnavský kraj";7;0;0;0;NA;72516;7;2020-07-31;159
2020-07-30;"Trnavský kraj";6;0;0;0;NA;72516;6;2020-07-30;152
2020-07-28;"Trnavský kraj";1;0;0;0;NA;72516;1;2020-07-28;146
2020-07-27;"Trnavský kraj";2;0;0;0;NA;72516;2;2020-07-27;145
2020-07-24;"Trnavský kraj";1;0;0;0;NA;72516;1;2020-07-24;143
2020-07-23;"Trnavský kraj";2;0;0;0;NA;72516;2;2020-07-23;142
2020-07-22;"Trnavský kraj";1;0;0;0;NA;72516;1;2020-07-22;140
2020-07-21;"Trnavský kraj";2;0;0;0;NA;72516;2;2020-07-21;139
2020-07-15;"Trnavský kraj";1;0;0;0;NA;72516;1;2020-07-15;137
2020-07-08;"Trnavský kraj";3;0;0;0;NA;72516;3;2020-07-08;136
2020-07-07;"Trnavský kraj";4;0;0;0;NA;72516;4;2020-07-07;133
2020-07-02;"Trnavský kraj";3;0;0;0;NA;72516;3;2020-07-02;129
2020-06-18;"Trnavský kraj";2;0;0;0;NA;72516;2;2020-06-18;126
2020-05-25;"Trnavský kraj";1;0;0;0;NA;72516;1;2020-05-25;124
2020-05-23;"Trnavský kraj";2;0;0;0;NA;72516;2;2020-05-23;123
2020-05-20;"Trnavský kraj";2;0;0;0;NA;72516;2;2020-05-20;121
2020-05-15;"Trnavský kraj";1;0;0;0;NA;72516;1;2020-05-15;119
2020-05-11;"Trnavský kraj";2;0;0;0;NA;72516;2;2020-05-11;118
2020-04-28;"Trnavský kraj";1;0;0;0;NA;72516;1;2020-04-28;116
2020-04-25;"Trnavský kraj";2;0;0;0;NA;72516;2;2020-04-25;115
2020-04-24;"Trnavský kraj";4;0;0;0;NA;72516;4;2020-04-24;113
2020-04-23;"Trnavský kraj";5;0;0;0;NA;72516;5;2020-04-23;109
2020-04-22;"Trnavský kraj";10;0;0;0;NA;72516;10;2020-04-22;104
2020-04-21;"Trnavský kraj";5;0;0;0;NA;72516;5;2020-04-21;94
2020-04-19;"Trnavský kraj";1;0;0;0;NA;72516;1;2020-04-19;89
2020-04-18;"Trnavský kraj";4;0;0;0;NA;72516;4;2020-04-18;88
2020-04-17;"Trnavský kraj";7;0;0;0;NA;72516;7;2020-04-17;84
2020-04-16;"Trnavský kraj";5;0;0;0;NA;72516;5;2020-04-16;77
2020-04-15;"Trnavský kraj";5;0;0;0;NA;72516;5;2020-04-15;72
2020-04-14;"Trnavský kraj";1;0;0;0;NA;72516;1;2020-04-14;67
2020-04-10;"Trnavský kraj";2;0;0;0;NA;72516;2;2020-04-10;66
2020-04-09;"Trnavský kraj";3;0;0;0;NA;72516;3;2020-04-09;64
2020-04-08;"Trnavský kraj";4;0;0;0;NA;72516;4;2020-04-08;61
2020-04-07;"Trnavský kraj";6;0;0;0;NA;72516;6;2020-04-07;57
2020-04-06;"Trnavský kraj";6;0;0;0;NA;72516;6;2020-04-06;51
2020-04-05;"Trnavský kraj";1;0;0;0;NA;72516;1;2020-04-05;45
2020-04-04;"Trnavský kraj";1;0;0;0;NA;72516;1;2020-04-04;44
2020-04-03;"Trnavský kraj";3;0;0;0;NA;72516;3;2020-04-03;43
2020-04-02;"Trnavský kraj";4;0;0;0;NA;72516;4;2020-04-02;40
2020-03-31;"Trnavský kraj";3;0;0;0;NA;72516;3;2020-03-31;36
2020-03-30;"Trnavský kraj";4;0;0;0;NA;72516;4;2020-03-30;33
2020-03-29;"Trnavský kraj";1;0;0;0;NA;72516;1;2020-03-29;29
2020-03-28;"Trnavský kraj";3;0;0;0;NA;72516;3;2020-03-28;28
2020-03-27;"Trnavský kraj";5;0;0;0;NA;72516;5;2020-03-27;25
2020-03-26;"Trnavský kraj";5;0;0;0;NA;72516;5;2020-03-26;20
2020-03-25;"Trnavský kraj";1;0;0;0;NA;72516;1;2020-03-25;15
2020-03-23;"Trnavský kraj";2;0;0;0;NA;72516;2;2020-03-23;14
2020-03-22;"Trnavský kraj";1;0;0;0;NA;72516;1;2020-03-22;12
2020-03-21;"Trnavský kraj";5;0;0;0;NA;72516;5;2020-03-21;11
2020-03-17;"Trnavský kraj";3;0;0;0;NA;72516;3;2020-03-17;6
2020-03-16;"Trnavský kraj";1;0;0;0;NA;72516;1;2020-03-16;3
2020-03-13;"Trnavský kraj";1;0;0;0;NA;72516;1;2020-03-13;2
2020-03-12;"Trnavský kraj";1;0;0;0;NA;72516;1;2020-03-12;1
2021-04-07;"Žilinský kraj";309;26712;135;26847;53632;87511;444;2021-04-07;87511
2021-04-06;"Žilinský kraj";308;38648;294;38942;NA;87511;602;2021-04-06;87067
2021-04-05;"Žilinský kraj";17;7182;76;7258;NA;87511;93;2021-04-05;86465
2021-04-04;"Žilinský kraj";17;8889;35;8924;NA;87511;52;2021-04-04;86372
2021-04-03;"Žilinský kraj";180;96226;374;96600;NA;87511;554;2021-04-03;86320
2021-04-02;"Žilinský kraj";73;20231;68;20299;NA;87511;141;2021-04-02;85766
2021-04-01;"Žilinský kraj";334;42185;240;42425;NA;87511;574;2021-04-01;85625
2021-03-31;"Žilinský kraj";170;31301;245;31546;NA;87511;415;2021-03-31;85051
2021-03-30;"Žilinský kraj";406;25653;240;25893;NA;87511;646;2021-03-30;84636
2021-03-29;"Žilinský kraj";297;28021;268;28289;NA;87511;565;2021-03-29;83990
2021-03-28;"Žilinský kraj";21;20139;136;20275;NA;87511;157;2021-03-28;83425
2021-03-27;"Žilinský kraj";151;85343;350;85693;NA;87511;501;2021-03-27;83268
2021-03-26;"Žilinský kraj";312;51996;332;52328;NA;87511;644;2021-03-26;82767
2021-03-25;"Žilinský kraj";281;27624;214;27838;NA;87511;495;2021-03-25;82123
2021-03-24;"Žilinský kraj";280;21425;261;21686;NA;87511;541;2021-03-24;81628
2021-03-23;"Žilinský kraj";418;23171;278;23449;NA;87511;696;2021-03-23;81087
2021-03-22;"Žilinský kraj";293;29289;314;29603;NA;87511;607;2021-03-22;80391
2021-03-21;"Žilinský kraj";32;20978;125;21103;NA;87511;157;2021-03-21;79784
2021-03-20;"Žilinský kraj";165;84621;471;85092;NA;87511;636;2021-03-20;79627
2021-03-19;"Žilinský kraj";357;51763;413;52176;NA;87511;770;2021-03-19;78991
2021-03-18;"Žilinský kraj";329;28453;294;28747;NA;87511;623;2021-03-18;78221
2021-03-17;"Žilinský kraj";395;21916;269;22185;NA;87511;664;2021-03-17;77598
2021-03-16;"Žilinský kraj";514;24341;317;24658;NA;87511;831;2021-03-16;76934
2021-03-15;"Žilinský kraj";341;29607;419;30026;NA;87511;760;2021-03-15;76103
2021-03-14;"Žilinský kraj";87;31130;248;31378;NA;87511;335;2021-03-14;75343
2021-03-13;"Žilinský kraj";113;82094;507;82601;NA;87511;620;2021-03-13;75008
2021-03-12;"Žilinský kraj";520;52087;414;52501;NA;87511;934;2021-03-12;74388
2021-03-11;"Žilinský kraj";399;28478;309;28787;NA;87511;708;2021-03-11;73454
2021-03-10;"Žilinský kraj";368;22359;370;22729;NA;87511;738;2021-03-10;72746
2021-03-09;"Žilinský kraj";537;24850;316;25166;NA;87511;853;2021-03-09;72008
2021-03-08;"Žilinský kraj";387;30823;458;31281;NA;87511;845;2021-03-08;71155
2021-03-07;"Žilinský kraj";48;27903;228;28131;NA;87511;276;2021-03-07;70310
2021-03-06;"Žilinský kraj";173;84792;556;85348;NA;87511;729;2021-03-06;70034
2021-03-05;"Žilinský kraj";369;51742;483;52225;NA;87511;852;2021-03-05;69305
2021-03-04;"Žilinský kraj";467;30138;377;30515;NA;87511;844;2021-03-04;68453
2021-03-03;"Žilinský kraj";448;26254;394;26648;NA;87511;842;2021-03-03;67609
2021-03-02;"Žilinský kraj";551;25665;378;26043;NA;87511;929;2021-03-02;66767
2021-03-01;"Žilinský kraj";375;31036;441;31477;NA;87511;816;2021-03-01;65838
2021-02-28;"Žilinský kraj";61;0;0;0;NA;87511;61;2021-02-28;65022
2021-02-27;"Žilinský kraj";159;0;0;0;NA;87511;159;2021-02-27;64961
2021-02-26;"Žilinský kraj";459;0;0;0;NA;87511;459;2021-02-26;64802
2021-02-25;"Žilinský kraj";347;0;0;0;NA;87511;347;2021-02-25;64343
2021-02-24;"Žilinský kraj";339;0;0;0;NA;87511;339;2021-02-24;63996
2021-02-23;"Žilinský kraj";437;0;0;0;NA;87511;437;2021-02-23;63657
2021-02-22;"Žilinský kraj";345;0;0;0;NA;87511;345;2021-02-22;63220
2021-02-21;"Žilinský kraj";36;0;0;0;NA;87511;36;2021-02-21;62875
2021-02-20;"Žilinský kraj";152;0;0;0;NA;87511;152;2021-02-20;62839
2021-02-19;"Žilinský kraj";337;0;0;0;NA;87511;337;2021-02-19;62687
2021-02-18;"Žilinský kraj";263;0;0;0;NA;87511;263;2021-02-18;62350
2021-02-17;"Žilinský kraj";269;0;0;0;NA;87511;269;2021-02-17;62087
2021-02-16;"Žilinský kraj";321;0;0;0;NA;87511;321;2021-02-16;61818
2021-02-15;"Žilinský kraj";230;0;0;0;NA;87511;230;2021-02-15;61497
2021-02-14;"Žilinský kraj";30;0;0;0;NA;87511;30;2021-02-14;61267
2021-02-13;"Žilinský kraj";91;0;0;0;NA;87511;91;2021-02-13;61237
2021-02-12;"Žilinský kraj";242;0;0;0;NA;87511;242;2021-02-12;61146
2021-02-11;"Žilinský kraj";228;0;0;0;NA;87511;228;2021-02-11;60904
2021-02-10;"Žilinský kraj";259;0;0;0;NA;87511;259;2021-02-10;60676
2021-02-09;"Žilinský kraj";377;0;0;0;NA;87511;377;2021-02-09;60417
2021-02-08;"Žilinský kraj";160;0;0;0;NA;87511;160;2021-02-08;60040
2021-02-07;"Žilinský kraj";24;0;0;0;NA;87511;24;2021-02-07;59880
2021-02-06;"Žilinský kraj";71;0;0;0;NA;87511;71;2021-02-06;59856
2021-02-05;"Žilinský kraj";248;0;0;0;NA;87511;248;2021-02-05;59785
2021-02-04;"Žilinský kraj";238;0;0;0;NA;87511;238;2021-02-04;59537
2021-02-03;"Žilinský kraj";194;0;0;0;NA;87511;194;2021-02-03;59299
2021-02-02;"Žilinský kraj";216;0;0;0;NA;87511;216;2021-02-02;59105
2021-02-01;"Žilinský kraj";220;0;0;0;NA;87511;220;2021-02-01;58889
2021-01-31;"Žilinský kraj";11;42;1;43;NA;87511;12;2021-01-31;58669
2021-01-30;"Žilinský kraj";85;15492;158;15650;NA;87511;243;2021-01-30;58657
2021-01-29;"Žilinský kraj";209;22890;304;23194;NA;87511;513;2021-01-29;58414
2021-01-28;"Žilinský kraj";240;5625;175;5800;NA;87511;415;2021-01-28;57901
2021-01-27;"Žilinský kraj";256;7136;123;7259;NA;87511;379;2021-01-27;57486
2021-01-26;"Žilinský kraj";245;49569;343;49912;NA;87511;588;2021-01-26;57107
2021-01-25;"Žilinský kraj";159;18637;131;18768;NA;87511;290;2021-01-25;56519
2021-01-24;"Žilinský kraj";22;31984;138;32122;NA;87511;160;2021-01-24;56229
2021-01-23;"Žilinský kraj";91;88667;395;89062;NA;87511;486;2021-01-23;56069
2021-01-22;"Žilinský kraj";163;27943;229;28172;NA;87511;392;2021-01-22;55583
2021-01-21;"Žilinský kraj";116;18697;172;18869;NA;87511;288;2021-01-21;55191
2021-01-20;"Žilinský kraj";236;17484;171;17655;NA;87511;407;2021-01-20;54903
2021-01-19;"Žilinský kraj";245;14087;247;14334;NA;87511;492;2021-01-19;54496
2021-01-18;"Žilinský kraj";236;12537;334;12871;NA;87511;570;2021-01-18;54004
2021-01-17;"Žilinský kraj";95;113;2;115;NA;87511;97;2021-01-17;53434
2021-01-16;"Žilinský kraj";14;314;8;322;NA;87511;22;2021-01-16;53337
2021-01-15;"Žilinský kraj";248;7256;203;7459;NA;87511;451;2021-01-15;53315
2021-01-14;"Žilinský kraj";166;5610;249;5859;NA;87511;415;2021-01-14;52864
2021-01-13;"Žilinský kraj";247;11307;553;11860;NA;87511;800;2021-01-13;52449
2021-01-12;"Žilinský kraj";376;8798;418;9216;NA;87511;794;2021-01-12;51649
2021-01-11;"Žilinský kraj";351;10348;510;10858;NA;87511;861;2021-01-11;50855
2021-01-10;"Žilinský kraj";38;189;7;196;NA;87511;45;2021-01-10;49994
2021-01-09;"Žilinský kraj";192;1992;85;2077;NA;87511;277;2021-01-09;49949
2021-01-08;"Žilinský kraj";413;9234;500;9734;NA;87511;913;2021-01-08;49672
2021-01-07;"Žilinský kraj";438;23513;1881;25394;NA;87511;2319;2021-01-07;48759
2021-01-06;"Žilinský kraj";145;1338;89;1427;NA;87511;234;2021-01-06;46440
2021-01-05;"Žilinský kraj";717;11147;915;12062;NA;87511;1632;2021-01-05;46206
2021-01-04;"Žilinský kraj";479;9376;959;10335;NA;87511;1438;2021-01-04;44574
2021-01-03;"Žilinský kraj";13;33;4;37;NA;87511;17;2021-01-03;43136
2021-01-02;"Žilinský kraj";98;746;86;832;NA;87511;184;2021-01-02;43119
2021-01-01;"Žilinský kraj";118;552;36;588;NA;87511;154;2021-01-01;42935
2020-12-31;"Žilinský kraj";395;10040;814;10854;NA;87511;1209;2020-12-31;42781
2020-12-30;"Žilinský kraj";1038;12026;846;12872;NA;87511;1884;2020-12-30;41572
2020-12-29;"Žilinský kraj";256;10593;1044;11637;NA;87511;1300;2020-12-29;39688
2020-12-28;"Žilinský kraj";406;10481;991;11472;NA;87511;1397;2020-12-28;38388
2020-12-27;"Žilinský kraj";40;662;80;742;NA;87511;120;2020-12-27;36991
2020-12-26;"Žilinský kraj";135;124;14;138;NA;87511;149;2020-12-26;36871
2020-12-25;"Žilinský kraj";66;111;10;121;NA;87511;76;2020-12-25;36722
2020-12-24;"Žilinský kraj";643;1018;75;1093;NA;87511;718;2020-12-24;36646
2020-12-23;"Žilinský kraj";228;17146;997;18143;NA;87511;1225;2020-12-23;35928
2020-12-22;"Žilinský kraj";519;13103;1002;14105;NA;87511;1521;2020-12-22;34703
2020-12-21;"Žilinský kraj";444;12622;1100;13722;NA;87511;1544;2020-12-21;33182
2020-12-20;"Žilinský kraj";36;579;73;652;NA;87511;109;2020-12-20;31638
2020-12-19;"Žilinský kraj";208;2080;144;2224;NA;87511;352;2020-12-19;31529
2020-12-18;"Žilinský kraj";333;6899;402;7301;NA;87511;735;2020-12-18;31177
2020-12-17;"Žilinský kraj";500;4248;280;4528;NA;87511;780;2020-12-17;30442
2020-12-16;"Žilinský kraj";333;4000;285;4285;NA;87511;618;2020-12-16;29662
2020-12-15;"Žilinský kraj";528;4182;377;4559;NA;87511;905;2020-12-15;29044
2020-12-14;"Žilinský kraj";321;4273;355;4628;NA;87511;676;2020-12-14;28139
2020-12-13;"Žilinský kraj";26;529;66;595;NA;87511;92;2020-12-13;27463
2020-12-12;"Žilinský kraj";95;1061;53;1114;NA;87511;148;2020-12-12;27371
2020-12-11;"Žilinský kraj";455;4513;274;4787;NA;87511;729;2020-12-11;27223
2020-12-10;"Žilinský kraj";166;9342;840;10182;NA;87511;1006;2020-12-10;26494
2020-12-09;"Žilinský kraj";392;2258;129;2387;NA;87511;521;2020-12-09;25488
2020-12-08;"Žilinský kraj";331;3218;127;3345;NA;87511;458;2020-12-08;24967
2020-12-07;"Žilinský kraj";348;2289;121;2410;NA;87511;469;2020-12-07;24509
2020-12-06;"Žilinský kraj";15;147;4;151;NA;87511;19;2020-12-06;24040
2020-12-05;"Žilinský kraj";98;1237;45;1282;NA;87511;143;2020-12-05;24021
2020-12-04;"Žilinský kraj";228;2884;123;3007;NA;87511;351;2020-12-04;23878
2020-12-03;"Žilinský kraj";237;1415;119;1534;NA;87511;356;2020-12-03;23527
2020-12-02;"Žilinský kraj";181;1538;82;1620;NA;87511;263;2020-12-02;23171
2020-12-01;"Žilinský kraj";209;6565;312;6877;NA;87511;521;2020-12-01;22908
2020-11-30;"Žilinský kraj";203;5237;291;5528;NA;87511;494;2020-11-30;22387
2020-11-29;"Žilinský kraj";18;81;7;88;NA;87511;25;2020-11-29;21893
2020-11-28;"Žilinský kraj";99;349;15;364;NA;87511;114;2020-11-28;21868
2020-11-27;"Žilinský kraj";218;883;46;929;NA;87511;264;2020-11-27;21754
2020-11-26;"Žilinský kraj";190;1068;56;1124;NA;87511;246;2020-11-26;21490
2020-11-25;"Žilinský kraj";225;1217;49;1266;NA;87511;274;2020-11-25;21244
2020-11-24;"Žilinský kraj";213;933;65;998;NA;87511;278;2020-11-24;20970
2020-11-23;"Žilinský kraj";170;759;44;803;NA;87511;214;2020-11-23;20692
2020-11-22;"Žilinský kraj";11;0;0;0;NA;87511;11;2020-11-22;20478
2020-11-21;"Žilinský kraj";61;505;20;525;NA;87511;81;2020-11-21;20467
2020-11-20;"Žilinský kraj";251;1074;45;1119;NA;87511;296;2020-11-20;20386
2020-11-19;"Žilinský kraj";252;752;61;813;NA;87511;313;2020-11-19;20090
2020-11-18;"Žilinský kraj";346;348;15;363;NA;87511;361;2020-11-18;19777
2020-11-17;"Žilinský kraj";123;490;15;505;NA;87511;138;2020-11-17;19416
2020-11-16;"Žilinský kraj";227;206;13;219;NA;87511;240;2020-11-16;19278
2020-11-15;"Žilinský kraj";63;13;0;13;NA;87511;63;2020-11-15;19038
2020-11-14;"Žilinský kraj";189;1038;11;1049;NA;87511;200;2020-11-14;18975
2020-11-13;"Žilinský kraj";181;125;9;134;NA;87511;190;2020-11-13;18775
2020-11-12;"Žilinský kraj";334;79;2;81;NA;87511;336;2020-11-12;18585
2020-11-11;"Žilinský kraj";489;147;10;157;NA;87511;499;2020-11-11;18249
2020-11-10;"Žilinský kraj";374;519;9;528;NA;87511;383;2020-11-10;17750
2020-11-09;"Žilinský kraj";143;2335;30;2365;NA;87511;173;2020-11-09;17367
2020-11-08;"Žilinský kraj";59;2196;35;2231;NA;87511;94;2020-11-08;17194
2020-11-07;"Žilinský kraj";312;8175;88;8263;NA;87511;400;2020-11-07;17100
2020-11-06;"Žilinský kraj";503;4090;38;4128;NA;87511;541;2020-11-06;16700
2020-11-05;"Žilinský kraj";473;64;4;68;NA;87511;477;2020-11-05;16159
2020-11-04;"Žilinský kraj";423;76;7;83;NA;87511;430;2020-11-04;15682
2020-11-03;"Žilinský kraj";688;889;16;905;NA;87511;704;2020-11-03;15252
2020-11-02;"Žilinský kraj";472;1043;39;1082;NA;87511;511;2020-11-02;14548
2020-11-01;"Žilinský kraj";349;5096;130;5226;NA;87511;479;2020-11-01;14037
2020-10-31;"Žilinský kraj";661;7963;203;8166;NA;87511;864;2020-10-31;13558
2020-10-30;"Žilinský kraj";529;2575;61;2636;NA;87511;590;2020-10-30;12694
2020-10-29;"Žilinský kraj";740;503;17;520;NA;87511;757;2020-10-29;12104
2020-10-28;"Žilinský kraj";635;105;11;116;NA;87511;646;2020-10-28;11347
2020-10-27;"Žilinský kraj";355;154;24;178;NA;87511;379;2020-10-27;10701
2020-10-26;"Žilinský kraj";148;117;28;145;NA;87511;176;2020-10-26;10322
2020-10-25;"Žilinský kraj";436;0;0;0;NA;87511;436;2020-10-25;10146
2020-10-24;"Žilinský kraj";803;0;0;0;NA;87511;803;2020-10-24;9710
2020-10-23;"Žilinský kraj";659;102;13;115;NA;87511;672;2020-10-23;8907
2020-10-22;"Žilinský kraj";525;33;3;36;NA;87511;528;2020-10-22;8235
2020-10-21;"Žilinský kraj";478;74;14;88;NA;87511;492;2020-10-21;7707
2020-10-20;"Žilinský kraj";524;127;8;135;NA;87511;532;2020-10-20;7215
2020-10-19;"Žilinský kraj";70;80;12;92;NA;87511;82;2020-10-19;6683
2020-10-18;"Žilinský kraj";159;0;0;0;NA;87511;159;2020-10-18;6601
2020-10-17;"Žilinský kraj";509;0;0;0;NA;87511;509;2020-10-17;6442
2020-10-16;"Žilinský kraj";603;51;9;60;NA;87511;612;2020-10-16;5933
2020-10-15;"Žilinský kraj";679;61;3;64;NA;87511;682;2020-10-15;5321
2020-10-14;"Žilinský kraj";523;269;6;275;NA;87511;529;2020-10-14;4639
2020-10-13;"Žilinský kraj";367;458;40;498;NA;87511;407;2020-10-13;4110
2020-10-12;"Žilinský kraj";62;0;0;0;NA;87511;62;2020-10-12;3703
2020-10-11;"Žilinský kraj";50;0;0;0;NA;87511;50;2020-10-11;3641
2020-10-10;"Žilinský kraj";213;0;0;0;NA;87511;213;2020-10-10;3591
2020-10-09;"Žilinský kraj";543;0;0;0;NA;87511;543;2020-10-09;3378
2020-10-08;"Žilinský kraj";238;0;0;0;NA;87511;238;2020-10-08;2835
2020-10-07;"Žilinský kraj";168;0;0;0;NA;87511;168;2020-10-07;2597
2020-10-06;"Žilinský kraj";233;0;0;0;NA;87511;233;2020-10-06;2429
2020-10-05;"Žilinský kraj";33;0;0;0;NA;87511;33;2020-10-05;2196
2020-10-04;"Žilinský kraj";35;0;0;0;NA;87511;35;2020-10-04;2163
2020-10-03;"Žilinský kraj";155;0;0;0;NA;87511;155;2020-10-03;2128
2020-10-02;"Žilinský kraj";105;0;0;0;NA;87511;105;2020-10-02;1973
2020-10-01;"Žilinský kraj";147;0;0;0;NA;87511;147;2020-10-01;1868
2020-09-30;"Žilinský kraj";163;0;0;0;NA;87511;163;2020-09-30;1721
2020-09-29;"Žilinský kraj";105;0;0;0;NA;87511;105;2020-09-29;1558
2020-09-28;"Žilinský kraj";34;0;0;0;NA;87511;34;2020-09-28;1453
2020-09-27;"Žilinský kraj";108;0;0;0;NA;87511;108;2020-09-27;1419
2020-09-26;"Žilinský kraj";96;0;0;0;NA;87511;96;2020-09-26;1311
2020-09-25;"Žilinský kraj";69;0;0;0;NA;87511;69;2020-09-25;1215
2020-09-24;"Žilinský kraj";100;0;0;0;NA;87511;100;2020-09-24;1146
2020-09-23;"Žilinský kraj";65;0;0;0;NA;87511;65;2020-09-23;1046
2020-09-22;"Žilinský kraj";65;0;0;0;NA;87511;65;2020-09-22;981
2020-09-21;"Žilinský kraj";47;0;0;0;NA;87511;47;2020-09-21;916
2020-09-20;"Žilinský kraj";4;0;0;0;NA;87511;4;2020-09-20;869
2020-09-19;"Žilinský kraj";6;0;0;0;NA;87511;6;2020-09-19;865
2020-09-18;"Žilinský kraj";82;0;0;0;NA;87511;82;2020-09-18;859
2020-09-17;"Žilinský kraj";30;0;0;0;NA;87511;30;2020-09-17;777
2020-09-16;"Žilinský kraj";34;0;0;0;NA;87511;34;2020-09-16;747
2020-09-15;"Žilinský kraj";12;0;0;0;NA;87511;12;2020-09-15;713
2020-09-14;"Žilinský kraj";39;0;0;0;NA;87511;39;2020-09-14;701
2020-09-13;"Žilinský kraj";6;0;0;0;NA;87511;6;2020-09-13;662
2020-09-12;"Žilinský kraj";4;0;0;0;NA;87511;4;2020-09-12;656
2020-09-11;"Žilinský kraj";31;0;0;0;NA;87511;31;2020-09-11;652
2020-09-10;"Žilinský kraj";31;0;0;0;NA;87511;31;2020-09-10;621
2020-09-09;"Žilinský kraj";23;0;0;0;NA;87511;23;2020-09-09;590
2020-09-08;"Žilinský kraj";25;0;0;0;NA;87511;25;2020-09-08;567
2020-09-07;"Žilinský kraj";11;0;0;0;NA;87511;11;2020-09-07;542
2020-09-05;"Žilinský kraj";2;0;0;0;NA;87511;2;2020-09-05;531
2020-09-04;"Žilinský kraj";33;0;0;0;NA;87511;33;2020-09-04;529
2020-09-03;"Žilinský kraj";18;0;0;0;NA;87511;18;2020-09-03;496
2020-09-02;"Žilinský kraj";16;0;0;0;NA;87511;16;2020-09-02;478
2020-09-01;"Žilinský kraj";4;0;0;0;NA;87511;4;2020-09-01;462
2020-08-31;"Žilinský kraj";5;0;0;0;NA;87511;5;2020-08-31;458
2020-08-30;"Žilinský kraj";3;0;0;0;NA;87511;3;2020-08-30;453
2020-08-29;"Žilinský kraj";5;0;0;0;NA;87511;5;2020-08-29;450
2020-08-28;"Žilinský kraj";13;0;0;0;NA;87511;13;2020-08-28;445
2020-08-27;"Žilinský kraj";18;0;0;0;NA;87511;18;2020-08-27;432
2020-08-26;"Žilinský kraj";8;0;0;0;NA;87511;8;2020-08-26;414
2020-08-25;"Žilinský kraj";2;0;0;0;NA;87511;2;2020-08-25;406
2020-08-24;"Žilinský kraj";5;0;0;0;NA;87511;5;2020-08-24;404
2020-08-21;"Žilinský kraj";10;0;0;0;NA;87511;10;2020-08-21;399
2020-08-20;"Žilinský kraj";13;0;0;0;NA;87511;13;2020-08-20;389
2020-08-19;"Žilinský kraj";7;0;0;0;NA;87511;7;2020-08-19;376
2020-08-18;"Žilinský kraj";9;0;0;0;NA;87511;9;2020-08-18;369
2020-08-17;"Žilinský kraj";1;0;0;0;NA;87511;1;2020-08-17;360
2020-08-14;"Žilinský kraj";4;0;0;0;NA;87511;4;2020-08-14;359
2020-08-13;"Žilinský kraj";2;0;0;0;NA;87511;2;2020-08-13;355
2020-08-11;"Žilinský kraj";4;0;0;0;NA;87511;4;2020-08-11;353
2020-08-10;"Žilinský kraj";1;0;0;0;NA;87511;1;2020-08-10;349
2020-08-08;"Žilinský kraj";3;0;0;0;NA;87511;3;2020-08-08;348
2020-08-07;"Žilinský kraj";8;0;0;0;NA;87511;8;2020-08-07;345
2020-08-06;"Žilinský kraj";1;0;0;0;NA;87511;1;2020-08-06;337
2020-08-05;"Žilinský kraj";1;0;0;0;NA;87511;1;2020-08-05;336
2020-08-04;"Žilinský kraj";2;0;0;0;NA;87511;2;2020-08-04;335
2020-08-02;"Žilinský kraj";1;0;0;0;NA;87511;1;2020-08-02;333
2020-07-31;"Žilinský kraj";4;0;0;0;NA;87511;4;2020-07-31;332
2020-07-30;"Žilinský kraj";2;0;0;0;NA;87511;2;2020-07-30;328
2020-07-29;"Žilinský kraj";2;0;0;0;NA;87511;2;2020-07-29;326
2020-07-28;"Žilinský kraj";4;0;0;0;NA;87511;4;2020-07-28;324
2020-07-27;"Žilinský kraj";6;0;0;0;NA;87511;6;2020-07-27;320
2020-07-24;"Žilinský kraj";2;0;0;0;NA;87511;2;2020-07-24;314
2020-07-22;"Žilinský kraj";1;0;0;0;NA;87511;1;2020-07-22;312
2020-07-21;"Žilinský kraj";2;0;0;0;NA;87511;2;2020-07-21;311
2020-07-20;"Žilinský kraj";3;0;0;0;NA;87511;3;2020-07-20;309
2020-07-17;"Žilinský kraj";2;0;0;0;NA;87511;2;2020-07-17;306
2020-07-16;"Žilinský kraj";2;0;0;0;NA;87511;2;2020-07-16;304
2020-07-15;"Žilinský kraj";2;0;0;0;NA;87511;2;2020-07-15;302
2020-07-14;"Žilinský kraj";1;0;0;0;NA;87511;1;2020-07-14;300
2020-07-11;"Žilinský kraj";2;0;0;0;NA;87511;2;2020-07-11;299
2020-07-10;"Žilinský kraj";3;0;0;0;NA;87511;3;2020-07-10;297
2020-07-09;"Žilinský kraj";2;0;0;0;NA;87511;2;2020-07-09;294
2020-07-08;"Žilinský kraj";10;0;0;0;NA;87511;10;2020-07-08;292
2020-07-07;"Žilinský kraj";7;0;0;0;NA;87511;7;2020-07-07;282
2020-07-04;"Žilinský kraj";10;0;0;0;NA;87511;10;2020-07-04;275
2020-07-03;"Žilinský kraj";18;0;0;0;NA;87511;18;2020-07-03;265
2020-07-02;"Žilinský kraj";7;0;0;0;NA;87511;7;2020-07-02;247
2020-06-30;"Žilinský kraj";4;0;0;0;NA;87511;4;2020-06-30;240
2020-06-28;"Žilinský kraj";1;0;0;0;NA;87511;1;2020-06-28;236
2020-06-27;"Žilinský kraj";3;0;0;0;NA;87511;3;2020-06-27;235
2020-06-26;"Žilinský kraj";5;0;0;0;NA;87511;5;2020-06-26;232
2020-06-25;"Žilinský kraj";7;0;0;0;NA;87511;7;2020-06-25;227
2020-06-24;"Žilinský kraj";11;0;0;0;NA;87511;11;2020-06-24;220
2020-06-23;"Žilinský kraj";9;0;0;0;NA;87511;9;2020-06-23;209
2020-06-21;"Žilinský kraj";1;0;0;0;NA;87511;1;2020-06-21;200
2020-06-20;"Žilinský kraj";1;0;0;0;NA;87511;1;2020-06-20;199
2020-06-19;"Žilinský kraj";4;0;0;0;NA;87511;4;2020-06-19;198
2020-06-18;"Žilinský kraj";1;0;0;0;NA;87511;1;2020-06-18;194
2020-06-16;"Žilinský kraj";1;0;0;0;NA;87511;1;2020-06-16;193
2020-06-09;"Žilinský kraj";1;0;0;0;NA;87511;1;2020-06-09;192
2020-05-27;"Žilinský kraj";1;0;0;0;NA;87511;1;2020-05-27;191
2020-05-26;"Žilinský kraj";1;0;0;0;NA;87511;1;2020-05-26;190
2020-05-19;"Žilinský kraj";1;0;0;0;NA;87511;1;2020-05-19;189
2020-05-06;"Žilinský kraj";2;0;0;0;NA;87511;2;2020-05-06;188
2020-05-05;"Žilinský kraj";3;0;0;0;NA;87511;3;2020-05-05;186
2020-05-04;"Žilinský kraj";3;0;0;0;NA;87511;3;2020-05-04;183
2020-05-03;"Žilinský kraj";1;0;0;0;NA;87511;1;2020-05-03;180
2020-05-01;"Žilinský kraj";1;0;0;0;NA;87511;1;2020-05-01;179
2020-04-25;"Žilinský kraj";2;0;0;0;NA;87511;2;2020-04-25;178
2020-04-24;"Žilinský kraj";1;0;0;0;NA;87511;1;2020-04-24;176
2020-04-23;"Žilinský kraj";2;0;0;0;NA;87511;2;2020-04-23;175
2020-04-22;"Žilinský kraj";9;0;0;0;NA;87511;9;2020-04-22;173
2020-04-21;"Žilinský kraj";1;0;0;0;NA;87511;1;2020-04-21;164
2020-04-20;"Žilinský kraj";4;0;0;0;NA;87511;4;2020-04-20;163
2020-04-18;"Žilinský kraj";49;0;0;0;NA;87511;49;2020-04-18;159
2020-04-17;"Žilinský kraj";3;0;0;0;NA;87511;3;2020-04-17;110
2020-04-16;"Žilinský kraj";4;0;0;0;NA;87511;4;2020-04-16;107
2020-04-15;"Žilinský kraj";7;0;0;0;NA;87511;7;2020-04-15;103
2020-04-14;"Žilinský kraj";1;0;0;0;NA;87511;1;2020-04-14;96
2020-04-13;"Žilinský kraj";2;0;0;0;NA;87511;2;2020-04-13;95
2020-04-12;"Žilinský kraj";5;0;0;0;NA;87511;5;2020-04-12;93
2020-04-11;"Žilinský kraj";2;0;0;0;NA;87511;2;2020-04-11;88
2020-04-10;"Žilinský kraj";1;0;0;0;NA;87511;1;2020-04-10;86
2020-04-09;"Žilinský kraj";1;0;0;0;NA;87511;1;2020-04-09;85
2020-04-08;"Žilinský kraj";3;0;0;0;NA;87511;3;2020-04-08;84
2020-04-07;"Žilinský kraj";5;0;0;0;NA;87511;5;2020-04-07;81
2020-04-06;"Žilinský kraj";6;0;0;0;NA;87511;6;2020-04-06;76
2020-04-05;"Žilinský kraj";8;0;0;0;NA;87511;8;2020-04-05;70
2020-04-03;"Žilinský kraj";3;0;0;0;NA;87511;3;2020-04-03;62
2020-04-02;"Žilinský kraj";5;0;0;0;NA;87511;5;2020-04-02;59
2020-04-01;"Žilinský kraj";4;0;0;0;NA;87511;4;2020-04-01;54
2020-03-31;"Žilinský kraj";1;0;0;0;NA;87511;1;2020-03-31;50
2020-03-30;"Žilinský kraj";3;0;0;0;NA;87511;3;2020-03-30;49
2020-03-28;"Žilinský kraj";1;0;0;0;NA;87511;1;2020-03-28;46
2020-03-27;"Žilinský kraj";9;0;0;0;NA;87511;9;2020-03-27;45
2020-03-26;"Žilinský kraj";4;0;0;0;NA;87511;4;2020-03-26;36
2020-03-25;"Žilinský kraj";1;0;0;0;NA;87511;1;2020-03-25;32
2020-03-24;"Žilinský kraj";2;0;0;0;NA;87511;2;2020-03-24;31
2020-03-23;"Žilinský kraj";3;0;0;0;NA;87511;3;2020-03-23;29
2020-03-22;"Žilinský kraj";1;0;0;0;NA;87511;1;2020-03-22;26
2020-03-21;"Žilinský kraj";2;0;0;0;NA;87511;2;2020-03-21;25
2020-03-20;"Žilinský kraj";4;0;0;0;NA;87511;4;2020-03-20;23
2020-03-19;"Žilinský kraj";2;0;0;0;NA;87511;2;2020-03-19;19
2020-03-18;"Žilinský kraj";1;0;0;0;NA;87511;1;2020-03-18;17
2020-03-17;"Žilinský kraj";5;0;0;0;NA;87511;5;2020-03-17;16
2020-03-16;"Žilinský kraj";1;0;0;0;NA;87511;1;2020-03-16;11
2020-03-15;"Žilinský kraj";2;0;0;0;NA;87511;2;2020-03-15;10
2020-03-14;"Žilinský kraj";1;0;0;0;NA;87511;1;2020-03-14;8
2020-03-13;"Žilinský kraj";5;0;0;0;NA;87511;5;2020-03-13;7
2020-03-12;"Žilinský kraj";1;0;0;0;NA;87511;1;2020-03-12;2
2020-03-09;"Žilinský kraj";1;0;0;0;NA;87511;1;2020-03-09;1
