"Datum";"Region";"PCR_Pos";"Ag_Neg";"Ag_Pos";"Total";"Pocet.potvrdenych";"Potvrdenych";"newcases";"date";"positive"
2021-04-08;"Banskobystrický kraj";132;13719;82;13801;35864;64121;214;2021-04-08;64121
2021-04-07;"Banskobystrický kraj";226;24432;93;24525;NA;64121;319;2021-04-07;63907
2021-04-06;"Banskobystrický kraj";93;40018;179;40197;NA;64121;272;2021-04-06;63588
2021-04-05;"Banskobystrický kraj";15;6250;34;6284;NA;64121;49;2021-04-05;63316
2021-04-04;"Banskobystrický kraj";24;9412;29;9441;NA;64121;53;2021-04-04;63267
2021-04-03;"Banskobystrický kraj";5;23070;46;23116;NA;64121;51;2021-04-03;63214
2021-04-02;"Banskobystrický kraj";71;12909;63;12972;NA;64121;134;2021-04-02;63163
2021-04-01;"Banskobystrický kraj";171;38873;200;39073;NA;64121;371;2021-04-01;63029
2021-03-31;"Banskobystrický kraj";147;25433;161;25594;NA;64121;308;2021-03-31;62658
2021-03-30;"Banskobystrický kraj";167;20838;158;20996;NA;64121;325;2021-03-30;62350
2021-03-29;"Banskobystrický kraj";119;26088;177;26265;NA;64121;296;2021-03-29;62025
2021-03-28;"Banskobystrický kraj";25;16372;79;16451;NA;64121;104;2021-03-28;61729
2021-03-27;"Banskobystrický kraj";85;54461;190;54651;NA;64121;275;2021-03-27;61625
2021-03-26;"Banskobystrický kraj";122;40205;221;40426;NA;64121;343;2021-03-26;61350
2021-03-25;"Banskobystrický kraj";120;20863;238;21101;NA;64121;358;2021-03-25;61007
2021-03-24;"Banskobystrický kraj";200;19321;225;19546;NA;64121;425;2021-03-24;60649
2021-03-23;"Banskobystrický kraj";241;21352;257;21609;NA;64121;498;2021-03-23;60224
2021-03-22;"Banskobystrický kraj";65;29536;269;29805;NA;64121;334;2021-03-22;59726
2021-03-21;"Banskobystrický kraj";31;24593;203;24796;NA;64121;234;2021-03-21;59392
2021-03-20;"Banskobystrický kraj";119;54447;305;54752;NA;64121;424;2021-03-20;59158
2021-03-19;"Banskobystrický kraj";240;44043;301;44344;NA;64121;541;2021-03-19;58734
2021-03-18;"Banskobystrický kraj";160;19894;231;20125;NA;64121;391;2021-03-18;58193
2021-03-17;"Banskobystrický kraj";262;21558;245;21803;NA;64121;507;2021-03-17;57802
2021-03-16;"Banskobystrický kraj";340;23605;224;23829;NA;64121;564;2021-03-16;57295
2021-03-15;"Banskobystrický kraj";95;29134;322;29456;NA;64121;417;2021-03-15;56731
2021-03-14;"Banskobystrický kraj";39;15312;67;15379;NA;64121;106;2021-03-14;56314
2021-03-13;"Banskobystrický kraj";209;66359;391;66750;NA;64121;600;2021-03-13;56208
2021-03-12;"Banskobystrický kraj";206;41489;330;41819;NA;64121;536;2021-03-12;55608
2021-03-11;"Banskobystrický kraj";228;20239;253;20492;NA;64121;481;2021-03-11;55072
2021-03-10;"Banskobystrický kraj";260;20381;238;20619;NA;64121;498;2021-03-10;54591
2021-03-09;"Banskobystrický kraj";352;21790;284;22074;NA;64121;636;2021-03-09;54093
2021-03-08;"Banskobystrický kraj";191;31483;427;31910;NA;64121;618;2021-03-08;53457
2021-03-07;"Banskobystrický kraj";60;34334;240;34574;NA;64121;300;2021-03-07;52839
2021-03-06;"Banskobystrický kraj";164;58886;308;59194;NA;64121;472;2021-03-06;52539
2021-03-05;"Banskobystrický kraj";221;42157;388;42545;NA;64121;609;2021-03-05;52067
2021-03-04;"Banskobystrický kraj";226;21607;334;21941;NA;64121;560;2021-03-04;51458
2021-03-03;"Banskobystrický kraj";317;21993;332;22325;NA;64121;649;2021-03-03;50898
2021-03-02;"Banskobystrický kraj";291;22645;354;22999;NA;64121;645;2021-03-02;50249
2021-03-01;"Banskobystrický kraj";151;31835;437;32272;NA;64121;588;2021-03-01;49604
2021-02-28;"Banskobystrický kraj";45;0;0;0;NA;64121;45;2021-02-28;49016
2021-02-27;"Banskobystrický kraj";289;0;0;0;NA;64121;289;2021-02-27;48971
2021-02-26;"Banskobystrický kraj";326;0;0;0;NA;64121;326;2021-02-26;48682
2021-02-25;"Banskobystrický kraj";375;0;0;0;NA;64121;375;2021-02-25;48356
2021-02-24;"Banskobystrický kraj";332;0;0;0;NA;64121;332;2021-02-24;47981
2021-02-23;"Banskobystrický kraj";462;0;0;0;NA;64121;462;2021-02-23;47649
2021-02-22;"Banskobystrický kraj";67;0;0;0;NA;64121;67;2021-02-22;47187
2021-02-21;"Banskobystrický kraj";68;0;0;0;NA;64121;68;2021-02-21;47120
2021-02-20;"Banskobystrický kraj";280;0;0;0;NA;64121;280;2021-02-20;47052
2021-02-19;"Banskobystrický kraj";420;0;0;0;NA;64121;420;2021-02-19;46772
2021-02-18;"Banskobystrický kraj";241;0;0;0;NA;64121;241;2021-02-18;46352
2021-02-17;"Banskobystrický kraj";415;0;0;0;NA;64121;415;2021-02-17;46111
2021-02-16;"Banskobystrický kraj";338;0;0;0;NA;64121;338;2021-02-16;45696
2021-02-15;"Banskobystrický kraj";118;0;0;0;NA;64121;118;2021-02-15;45358
2021-02-14;"Banskobystrický kraj";60;0;0;0;NA;64121;60;2021-02-14;45240
2021-02-13;"Banskobystrický kraj";202;0;0;0;NA;64121;202;2021-02-13;45180
2021-02-12;"Banskobystrický kraj";312;0;0;0;NA;64121;312;2021-02-12;44978
2021-02-11;"Banskobystrický kraj";305;0;0;0;NA;64121;305;2021-02-11;44666
2021-02-10;"Banskobystrický kraj";333;0;0;0;NA;64121;333;2021-02-10;44361
2021-02-09;"Banskobystrický kraj";329;0;0;0;NA;64121;329;2021-02-09;44028
2021-02-08;"Banskobystrický kraj";103;0;0;0;NA;64121;103;2021-02-08;43699
2021-02-07;"Banskobystrický kraj";70;0;0;0;NA;64121;70;2021-02-07;43596
2021-02-06;"Banskobystrický kraj";178;0;0;0;NA;64121;178;2021-02-06;43526
2021-02-05;"Banskobystrický kraj";282;0;0;0;NA;64121;282;2021-02-05;43348
2021-02-04;"Banskobystrický kraj";240;0;0;0;NA;64121;240;2021-02-04;43066
2021-02-03;"Banskobystrický kraj";350;0;0;0;NA;64121;350;2021-02-03;42826
2021-02-02;"Banskobystrický kraj";277;0;0;0;NA;64121;277;2021-02-02;42476
2021-02-01;"Banskobystrický kraj";75;0;0;0;NA;64121;75;2021-02-01;42199
2021-01-31;"Banskobystrický kraj";34;24292;213;24505;NA;64121;247;2021-01-31;42124
2021-01-30;"Banskobystrický kraj";163;46244;387;46631;NA;64121;550;2021-01-30;41877
2021-01-29;"Banskobystrický kraj";196;16709;265;16974;NA;64121;461;2021-01-29;41327
2021-01-28;"Banskobystrický kraj";218;14013;362;14375;NA;64121;580;2021-01-28;40866
2021-01-27;"Banskobystrický kraj";191;10775;203;10978;NA;64121;394;2021-01-27;40286
2021-01-26;"Banskobystrický kraj";238;19616;283;19899;NA;64121;521;2021-01-26;39892
2021-01-25;"Banskobystrický kraj";82;31513;381;31894;NA;64121;463;2021-01-25;39371
2021-01-24;"Banskobystrický kraj";38;29266;238;29504;NA;64121;276;2021-01-24;38908
2021-01-23;"Banskobystrický kraj";142;83829;506;84335;NA;64121;648;2021-01-23;38632
2021-01-22;"Banskobystrický kraj";175;27176;359;27535;NA;64121;534;2021-01-22;37984
2021-01-21;"Banskobystrický kraj";194;16592;285;16877;NA;64121;479;2021-01-21;37450
2021-01-20;"Banskobystrický kraj";231;8540;183;8723;NA;64121;414;2021-01-20;36971
2021-01-19;"Banskobystrický kraj";213;10493;308;10801;NA;64121;521;2021-01-19;36557
2021-01-18;"Banskobystrický kraj";94;5630;340;5970;NA;64121;434;2021-01-18;36036
2021-01-17;"Banskobystrický kraj";110;8150;77;8227;NA;64121;187;2021-01-17;35602
2021-01-16;"Banskobystrický kraj";58;1403;35;1438;NA;64121;93;2021-01-16;35415
2021-01-15;"Banskobystrický kraj";164;6931;209;7140;NA;64121;373;2021-01-15;35322
2021-01-14;"Banskobystrický kraj";220;5760;325;6085;NA;64121;545;2021-01-14;34949
2021-01-13;"Banskobystrický kraj";235;5715;200;5915;NA;64121;435;2021-01-13;34404
2021-01-12;"Banskobystrický kraj";194;6808;299;7107;NA;64121;493;2021-01-12;33969
2021-01-11;"Banskobystrický kraj";76;8231;481;8712;NA;64121;557;2021-01-11;33476
2021-01-10;"Banskobystrický kraj";110;212;4;216;NA;64121;114;2021-01-10;32919
2021-01-09;"Banskobystrický kraj";297;2380;83;2463;NA;64121;380;2021-01-09;32805
2021-01-08;"Banskobystrický kraj";435;9435;430;9865;NA;64121;865;2021-01-08;32425
2021-01-07;"Banskobystrický kraj";127;5368;333;5701;NA;64121;460;2021-01-07;31560
2021-01-06;"Banskobystrický kraj";305;3124;185;3309;NA;64121;490;2021-01-06;31100
2021-01-05;"Banskobystrický kraj";372;7349;533;7882;NA;64121;905;2021-01-05;30610
2021-01-04;"Banskobystrický kraj";130;7083;700;7783;NA;64121;830;2021-01-04;29705
2021-01-03;"Banskobystrický kraj";199;267;13;280;NA;64121;212;2021-01-03;28875
2021-01-02;"Banskobystrický kraj";123;682;84;766;NA;64121;207;2021-01-02;28663
2021-01-01;"Banskobystrický kraj";220;1688;115;1803;NA;64121;335;2021-01-01;28456
2020-12-31;"Banskobystrický kraj";499;7378;633;8011;NA;64121;1132;2020-12-31;28121
2020-12-30;"Banskobystrický kraj";593;7670;557;8227;NA;64121;1150;2020-12-30;26989
2020-12-29;"Banskobystrický kraj";240;7954;664;8618;NA;64121;904;2020-12-29;25839
2020-12-28;"Banskobystrický kraj";131;5790;701;6491;NA;64121;832;2020-12-28;24935
2020-12-27;"Banskobystrický kraj";116;540;25;565;NA;64121;141;2020-12-27;24103
2020-12-26;"Banskobystrický kraj";61;274;32;306;NA;64121;93;2020-12-26;23962
2020-12-25;"Banskobystrický kraj";65;249;6;255;NA;64121;71;2020-12-25;23869
2020-12-24;"Banskobystrický kraj";452;3685;135;3820;NA;64121;587;2020-12-24;23798
2020-12-23;"Banskobystrický kraj";368;10114;506;10620;NA;64121;874;2020-12-23;23211
2020-12-22;"Banskobystrický kraj";307;8446;623;9069;NA;64121;930;2020-12-22;22337
2020-12-21;"Banskobystrický kraj";286;4896;445;5341;NA;64121;731;2020-12-21;21407
2020-12-20;"Banskobystrický kraj";155;249;14;263;NA;64121;169;2020-12-20;20676
2020-12-19;"Banskobystrický kraj";170;3059;138;3197;NA;64121;308;2020-12-19;20507
2020-12-18;"Banskobystrický kraj";432;6574;414;6988;NA;64121;846;2020-12-18;20199
2020-12-17;"Banskobystrický kraj";468;8714;656;9370;NA;64121;1124;2020-12-17;19353
2020-12-16;"Banskobystrický kraj";379;10201;560;10761;NA;64121;939;2020-12-16;18229
2020-12-15;"Banskobystrický kraj";336;5424;433;5857;NA;64121;769;2020-12-15;17290
2020-12-14;"Banskobystrický kraj";148;3883;259;4142;NA;64121;407;2020-12-14;16521
2020-12-13;"Banskobystrický kraj";122;119;1;120;NA;64121;123;2020-12-13;16114
2020-12-12;"Banskobystrický kraj";137;2714;138;2852;NA;64121;275;2020-12-12;15991
2020-12-11;"Banskobystrický kraj";468;6587;374;6961;NA;64121;842;2020-12-11;15716
2020-12-10;"Banskobystrický kraj";280;5204;355;5559;NA;64121;635;2020-12-10;14874
2020-12-09;"Banskobystrický kraj";323;3817;213;4030;NA;64121;536;2020-12-09;14239
2020-12-08;"Banskobystrický kraj";256;3787;276;4063;NA;64121;532;2020-12-08;13703
2020-12-07;"Banskobystrický kraj";175;2114;140;2254;NA;64121;315;2020-12-07;13171
2020-12-06;"Banskobystrický kraj";121;507;11;518;NA;64121;132;2020-12-06;12856
2020-12-05;"Banskobystrický kraj";109;1094;34;1128;NA;64121;143;2020-12-05;12724
2020-12-04;"Banskobystrický kraj";339;3822;174;3996;NA;64121;513;2020-12-04;12581
2020-12-03;"Banskobystrický kraj";240;3026;224;3250;NA;64121;464;2020-12-03;12068
2020-12-02;"Banskobystrický kraj";217;4442;185;4627;NA;64121;402;2020-12-02;11604
2020-12-01;"Banskobystrický kraj";215;2701;134;2835;NA;64121;349;2020-12-01;11202
2020-11-30;"Banskobystrický kraj";74;3890;222;4112;NA;64121;296;2020-11-30;10853
2020-11-29;"Banskobystrický kraj";19;39;2;41;NA;64121;21;2020-11-29;10557
2020-11-28;"Banskobystrický kraj";81;671;14;685;NA;64121;95;2020-11-28;10536
2020-11-27;"Banskobystrický kraj";219;1285;98;1383;NA;64121;317;2020-11-27;10441
2020-11-26;"Banskobystrický kraj";208;1470;77;1547;NA;64121;285;2020-11-26;10124
2020-11-25;"Banskobystrický kraj";170;1760;84;1844;NA;64121;254;2020-11-25;9839
2020-11-24;"Banskobystrický kraj";166;2262;67;2329;NA;64121;233;2020-11-24;9585
2020-11-23;"Banskobystrický kraj";66;9948;191;10139;NA;64121;257;2020-11-23;9352
2020-11-22;"Banskobystrický kraj";38;72;1;73;NA;64121;39;2020-11-22;9095
2020-11-21;"Banskobystrický kraj";52;885;14;899;NA;64121;66;2020-11-21;9056
2020-11-20;"Banskobystrický kraj";127;1872;105;1977;NA;64121;232;2020-11-20;8990
2020-11-19;"Banskobystrický kraj";170;1112;82;1194;NA;64121;252;2020-11-19;8758
2020-11-18;"Banskobystrický kraj";153;587;62;649;NA;64121;215;2020-11-18;8506
2020-11-17;"Banskobystrický kraj";52;578;35;613;NA;64121;87;2020-11-17;8291
2020-11-16;"Banskobystrický kraj";106;351;22;373;NA;64121;128;2020-11-16;8204
2020-11-15;"Banskobystrický kraj";52;64;2;66;NA;64121;54;2020-11-15;8076
2020-11-14;"Banskobystrický kraj";73;305;2;307;NA;64121;75;2020-11-14;8022
2020-11-13;"Banskobystrický kraj";157;552;11;563;NA;64121;168;2020-11-13;7947
2020-11-12;"Banskobystrický kraj";218;952;44;996;NA;64121;262;2020-11-12;7779
2020-11-11;"Banskobystrický kraj";224;437;9;446;NA;64121;233;2020-11-11;7517
2020-11-10;"Banskobystrický kraj";263;463;18;481;NA;64121;281;2020-11-10;7284
2020-11-09;"Banskobystrický kraj";80;2678;31;2709;NA;64121;111;2020-11-09;7003
2020-11-08;"Banskobystrický kraj";82;783;16;799;NA;64121;98;2020-11-08;6892
2020-11-07;"Banskobystrický kraj";164;8828;94;8922;NA;64121;258;2020-11-07;6794
2020-11-06;"Banskobystrický kraj";227;2496;16;2512;NA;64121;243;2020-11-06;6536
2020-11-05;"Banskobystrický kraj";240;263;33;296;NA;64121;273;2020-11-05;6293
2020-11-04;"Banskobystrický kraj";254;1366;13;1379;NA;64121;267;2020-11-04;6020
2020-11-03;"Banskobystrický kraj";246;1332;4;1336;NA;64121;250;2020-11-03;5753
2020-11-02;"Banskobystrický kraj";90;2247;65;2312;NA;64121;155;2020-11-02;5503
2020-11-01;"Banskobystrický kraj";101;2671;42;2713;NA;64121;143;2020-11-01;5348
2020-10-31;"Banskobystrický kraj";199;13516;116;13632;NA;64121;315;2020-10-31;5205
2020-10-30;"Banskobystrický kraj";254;2829;20;2849;NA;64121;274;2020-10-30;4890
2020-10-29;"Banskobystrický kraj";372;969;42;1011;NA;64121;414;2020-10-29;4616
2020-10-28;"Banskobystrický kraj";285;302;30;332;NA;64121;315;2020-10-28;4202
2020-10-27;"Banskobystrický kraj";266;654;40;694;NA;64121;306;2020-10-27;3887
2020-10-26;"Banskobystrický kraj";38;232;29;261;NA;64121;67;2020-10-26;3581
2020-10-25;"Banskobystrický kraj";50;140;11;151;NA;64121;61;2020-10-25;3514
2020-10-24;"Banskobystrický kraj";315;114;12;126;NA;64121;327;2020-10-24;3453
2020-10-23;"Banskobystrický kraj";231;230;29;259;NA;64121;260;2020-10-23;3126
2020-10-22;"Banskobystrický kraj";264;253;24;277;NA;64121;288;2020-10-22;2866
2020-10-21;"Banskobystrický kraj";209;266;3;269;NA;64121;212;2020-10-21;2578
2020-10-20;"Banskobystrický kraj";210;66;3;69;NA;64121;213;2020-10-20;2366
2020-10-19;"Banskobystrický kraj";27;71;12;83;NA;64121;39;2020-10-19;2153
2020-10-18;"Banskobystrický kraj";49;0;0;0;NA;64121;49;2020-10-18;2114
2020-10-17;"Banskobystrický kraj";91;0;0;0;NA;64121;91;2020-10-17;2065
2020-10-16;"Banskobystrický kraj";224;37;3;40;NA;64121;227;2020-10-16;1974
2020-10-15;"Banskobystrický kraj";133;29;1;30;NA;64121;134;2020-10-15;1747
2020-10-14;"Banskobystrický kraj";139;31;1;32;NA;64121;140;2020-10-14;1613
2020-10-13;"Banskobystrický kraj";151;169;11;180;NA;64121;162;2020-10-13;1473
2020-10-12;"Banskobystrický kraj";11;13;0;13;NA;64121;11;2020-10-12;1311
2020-10-11;"Banskobystrický kraj";14;0;0;0;NA;64121;14;2020-10-11;1300
2020-10-10;"Banskobystrický kraj";53;0;0;0;NA;64121;53;2020-10-10;1286
2020-10-09;"Banskobystrický kraj";128;0;0;0;NA;64121;128;2020-10-09;1233
2020-10-08;"Banskobystrický kraj";99;0;0;0;NA;64121;99;2020-10-08;1105
2020-10-07;"Banskobystrický kraj";124;0;0;0;NA;64121;124;2020-10-07;1006
2020-10-06;"Banskobystrický kraj";68;0;0;0;NA;64121;68;2020-10-06;882
2020-10-05;"Banskobystrický kraj";49;0;0;0;NA;64121;49;2020-10-05;814
2020-10-04;"Banskobystrický kraj";8;0;0;0;NA;64121;8;2020-10-04;765
2020-10-03;"Banskobystrický kraj";37;0;0;0;NA;64121;37;2020-10-03;757
2020-10-02;"Banskobystrický kraj";74;0;0;0;NA;64121;74;2020-10-02;720
2020-10-01;"Banskobystrický kraj";49;0;0;0;NA;64121;49;2020-10-01;646
2020-09-30;"Banskobystrický kraj";60;0;0;0;NA;64121;60;2020-09-30;597
2020-09-29;"Banskobystrický kraj";24;0;0;0;NA;64121;24;2020-09-29;537
2020-09-27;"Banskobystrický kraj";20;0;0;0;NA;64121;20;2020-09-27;513
2020-09-26;"Banskobystrický kraj";24;0;0;0;NA;64121;24;2020-09-26;493
2020-09-25;"Banskobystrický kraj";29;0;0;0;NA;64121;29;2020-09-25;469
2020-09-24;"Banskobystrický kraj";25;0;0;0;NA;64121;25;2020-09-24;440
2020-09-23;"Banskobystrický kraj";17;0;0;0;NA;64121;17;2020-09-23;415
2020-09-22;"Banskobystrický kraj";25;0;0;0;NA;64121;25;2020-09-22;398
2020-09-21;"Banskobystrický kraj";3;0;0;0;NA;64121;3;2020-09-21;373
2020-09-19;"Banskobystrický kraj";3;0;0;0;NA;64121;3;2020-09-19;370
2020-09-18;"Banskobystrický kraj";24;0;0;0;NA;64121;24;2020-09-18;367
2020-09-17;"Banskobystrický kraj";14;0;0;0;NA;64121;14;2020-09-17;343
2020-09-16;"Banskobystrický kraj";6;0;0;0;NA;64121;6;2020-09-16;329
2020-09-15;"Banskobystrický kraj";2;0;0;0;NA;64121;2;2020-09-15;323
2020-09-14;"Banskobystrický kraj";13;0;0;0;NA;64121;13;2020-09-14;321
2020-09-13;"Banskobystrický kraj";1;0;0;0;NA;64121;1;2020-09-13;308
2020-09-12;"Banskobystrický kraj";5;0;0;0;NA;64121;5;2020-09-12;307
2020-09-11;"Banskobystrický kraj";19;0;0;0;NA;64121;19;2020-09-11;302
2020-09-10;"Banskobystrický kraj";11;0;0;0;NA;64121;11;2020-09-10;283
2020-09-09;"Banskobystrický kraj";13;0;0;0;NA;64121;13;2020-09-09;272
2020-09-08;"Banskobystrický kraj";5;0;0;0;NA;64121;5;2020-09-08;259
2020-09-07;"Banskobystrický kraj";2;0;0;0;NA;64121;2;2020-09-07;254
2020-09-04;"Banskobystrický kraj";9;0;0;0;NA;64121;9;2020-09-04;252
2020-09-03;"Banskobystrický kraj";5;0;0;0;NA;64121;5;2020-09-03;243
2020-09-02;"Banskobystrický kraj";6;0;0;0;NA;64121;6;2020-09-02;238
2020-09-01;"Banskobystrický kraj";2;0;0;0;NA;64121;2;2020-09-01;232
2020-08-31;"Banskobystrický kraj";6;0;0;0;NA;64121;6;2020-08-31;230
2020-08-29;"Banskobystrický kraj";1;0;0;0;NA;64121;1;2020-08-29;224
2020-08-28;"Banskobystrický kraj";3;0;0;0;NA;64121;3;2020-08-28;223
2020-08-27;"Banskobystrický kraj";1;0;0;0;NA;64121;1;2020-08-27;220
2020-08-26;"Banskobystrický kraj";2;0;0;0;NA;64121;2;2020-08-26;219
2020-08-25;"Banskobystrický kraj";2;0;0;0;NA;64121;2;2020-08-25;217
2020-08-21;"Banskobystrický kraj";4;0;0;0;NA;64121;4;2020-08-21;215
2020-08-20;"Banskobystrický kraj";1;0;0;0;NA;64121;1;2020-08-20;211
2020-08-19;"Banskobystrický kraj";4;0;0;0;NA;64121;4;2020-08-19;210
2020-08-17;"Banskobystrický kraj";1;0;0;0;NA;64121;1;2020-08-17;206
2020-08-14;"Banskobystrický kraj";5;0;0;0;NA;64121;5;2020-08-14;205
2020-08-11;"Banskobystrický kraj";2;0;0;0;NA;64121;2;2020-08-11;200
2020-08-10;"Banskobystrický kraj";3;0;0;0;NA;64121;3;2020-08-10;198
2020-08-08;"Banskobystrický kraj";2;0;0;0;NA;64121;2;2020-08-08;195
2020-08-07;"Banskobystrický kraj";1;0;0;0;NA;64121;1;2020-08-07;193
2020-08-06;"Banskobystrický kraj";1;0;0;0;NA;64121;1;2020-08-06;192
2020-08-04;"Banskobystrický kraj";3;0;0;0;NA;64121;3;2020-08-04;191
2020-08-01;"Banskobystrický kraj";1;0;0;0;NA;64121;1;2020-08-01;188
2020-07-31;"Banskobystrický kraj";2;0;0;0;NA;64121;2;2020-07-31;187
2020-07-30;"Banskobystrický kraj";1;0;0;0;NA;64121;1;2020-07-30;185
2020-07-28;"Banskobystrický kraj";2;0;0;0;NA;64121;2;2020-07-28;184
2020-07-27;"Banskobystrický kraj";3;0;0;0;NA;64121;3;2020-07-27;182
2020-07-24;"Banskobystrický kraj";9;0;0;0;NA;64121;9;2020-07-24;179
2020-07-22;"Banskobystrický kraj";3;0;0;0;NA;64121;3;2020-07-22;170
2020-07-21;"Banskobystrický kraj";3;0;0;0;NA;64121;3;2020-07-21;167
2020-07-20;"Banskobystrický kraj";1;0;0;0;NA;64121;1;2020-07-20;164
2020-07-19;"Banskobystrický kraj";1;0;0;0;NA;64121;1;2020-07-19;163
2020-07-17;"Banskobystrický kraj";2;0;0;0;NA;64121;2;2020-07-17;162
2020-07-16;"Banskobystrický kraj";1;0;0;0;NA;64121;1;2020-07-16;160
2020-07-15;"Banskobystrický kraj";4;0;0;0;NA;64121;4;2020-07-15;159
2020-07-14;"Banskobystrický kraj";2;0;0;0;NA;64121;2;2020-07-14;155
2020-07-13;"Banskobystrický kraj";1;0;0;0;NA;64121;1;2020-07-13;153
2020-07-10;"Banskobystrický kraj";3;0;0;0;NA;64121;3;2020-07-10;152
2020-07-09;"Banskobystrický kraj";9;0;0;0;NA;64121;9;2020-07-09;149
2020-07-07;"Banskobystrický kraj";4;0;0;0;NA;64121;4;2020-07-07;140
2020-07-04;"Banskobystrický kraj";1;0;0;0;NA;64121;1;2020-07-04;136
2020-07-03;"Banskobystrický kraj";4;0;0;0;NA;64121;4;2020-07-03;135
2020-07-01;"Banskobystrický kraj";1;0;0;0;NA;64121;1;2020-07-01;131
2020-06-25;"Banskobystrický kraj";1;0;0;0;NA;64121;1;2020-06-25;130
2020-06-23;"Banskobystrický kraj";6;0;0;0;NA;64121;6;2020-06-23;129
2020-06-19;"Banskobystrický kraj";2;0;0;0;NA;64121;2;2020-06-19;123
2020-06-18;"Banskobystrický kraj";10;0;0;0;NA;64121;10;2020-06-18;121
2020-06-17;"Banskobystrický kraj";1;0;0;0;NA;64121;1;2020-06-17;111
2020-06-14;"Banskobystrický kraj";2;0;0;0;NA;64121;2;2020-06-14;110
2020-06-13;"Banskobystrický kraj";2;0;0;0;NA;64121;2;2020-06-13;108
2020-06-11;"Banskobystrický kraj";1;0;0;0;NA;64121;1;2020-06-11;106
2020-06-05;"Banskobystrický kraj";2;0;0;0;NA;64121;2;2020-06-05;105
2020-05-27;"Banskobystrický kraj";1;0;0;0;NA;64121;1;2020-05-27;103
2020-05-23;"Banskobystrický kraj";1;0;0;0;NA;64121;1;2020-05-23;102
2020-05-20;"Banskobystrický kraj";1;0;0;0;NA;64121;1;2020-05-20;101
2020-05-12;"Banskobystrický kraj";1;0;0;0;NA;64121;1;2020-05-12;100
2020-05-07;"Banskobystrický kraj";2;0;0;0;NA;64121;2;2020-05-07;99
2020-05-06;"Banskobystrický kraj";1;0;0;0;NA;64121;1;2020-05-06;97
2020-05-05;"Banskobystrický kraj";2;0;0;0;NA;64121;2;2020-05-05;96
2020-04-30;"Banskobystrický kraj";1;0;0;0;NA;64121;1;2020-04-30;94
2020-04-29;"Banskobystrický kraj";1;0;0;0;NA;64121;1;2020-04-29;93
2020-04-25;"Banskobystrický kraj";2;0;0;0;NA;64121;2;2020-04-25;92
2020-04-24;"Banskobystrický kraj";3;0;0;0;NA;64121;3;2020-04-24;90
2020-04-23;"Banskobystrický kraj";2;0;0;0;NA;64121;2;2020-04-23;87
2020-04-22;"Banskobystrický kraj";2;0;0;0;NA;64121;2;2020-04-22;85
2020-04-21;"Banskobystrický kraj";2;0;0;0;NA;64121;2;2020-04-21;83
2020-04-18;"Banskobystrický kraj";8;0;0;0;NA;64121;8;2020-04-18;81
2020-04-17;"Banskobystrický kraj";2;0;0;0;NA;64121;2;2020-04-17;73
2020-04-15;"Banskobystrický kraj";10;0;0;0;NA;64121;10;2020-04-15;71
2020-04-13;"Banskobystrický kraj";2;0;0;0;NA;64121;2;2020-04-13;61
2020-04-12;"Banskobystrický kraj";4;0;0;0;NA;64121;4;2020-04-12;59
2020-04-11;"Banskobystrický kraj";1;0;0;0;NA;64121;1;2020-04-11;55
2020-04-09;"Banskobystrický kraj";2;0;0;0;NA;64121;2;2020-04-09;54
2020-04-07;"Banskobystrický kraj";4;0;0;0;NA;64121;4;2020-04-07;52
2020-04-06;"Banskobystrický kraj";10;0;0;0;NA;64121;10;2020-04-06;48
2020-04-05;"Banskobystrický kraj";9;0;0;0;NA;64121;9;2020-04-05;38
2020-04-03;"Banskobystrický kraj";2;0;0;0;NA;64121;2;2020-04-03;29
2020-04-02;"Banskobystrický kraj";2;0;0;0;NA;64121;2;2020-04-02;27
2020-04-01;"Banskobystrický kraj";5;0;0;0;NA;64121;5;2020-04-01;25
2020-03-31;"Banskobystrický kraj";3;0;0;0;NA;64121;3;2020-03-31;20
2020-03-30;"Banskobystrický kraj";1;0;0;0;NA;64121;1;2020-03-30;17
2020-03-29;"Banskobystrický kraj";2;0;0;0;NA;64121;2;2020-03-29;16
2020-03-28;"Banskobystrický kraj";1;0;0;0;NA;64121;1;2020-03-28;14
2020-03-27;"Banskobystrický kraj";1;0;0;0;NA;64121;1;2020-03-27;13
2020-03-26;"Banskobystrický kraj";1;0;0;0;NA;64121;1;2020-03-26;12
2020-03-24;"Banskobystrický kraj";1;0;0;0;NA;64121;1;2020-03-24;11
2020-03-23;"Banskobystrický kraj";1;0;0;0;NA;64121;1;2020-03-23;10
2020-03-21;"Banskobystrický kraj";3;0;0;0;NA;64121;3;2020-03-21;9
2020-03-19;"Banskobystrický kraj";2;0;0;0;NA;64121;2;2020-03-19;6
2020-03-18;"Banskobystrický kraj";1;0;0;0;NA;64121;1;2020-03-18;4
2020-03-17;"Banskobystrický kraj";1;0;0;0;NA;64121;1;2020-03-17;3
2020-03-15;"Banskobystrický kraj";1;0;0;0;NA;64121;1;2020-03-15;2
2020-03-13;"Banskobystrický kraj";1;0;0;0;NA;64121;1;2020-03-13;1
2021-04-08;"Bratislavský kraj";71;21045;69;21114;42655;74330;140;2021-04-08;74330
2021-04-07;"Bratislavský kraj";96;30796;84;30880;NA;74330;180;2021-04-07;74190
2021-04-06;"Bratislavský kraj";94;46274;142;46416;NA;74330;236;2021-04-06;74010
2021-04-05;"Bratislavský kraj";85;16758;75;16833;NA;74330;160;2021-04-05;73774
2021-04-04;"Bratislavský kraj";37;26969;72;27041;NA;74330;109;2021-04-04;73614
2021-04-03;"Bratislavský kraj";52;68942;202;69144;NA;74330;254;2021-04-03;73505
2021-04-02;"Bratislavský kraj";33;21948;95;22043;NA;74330;128;2021-04-02;73251
2021-04-01;"Bratislavský kraj";119;46494;125;46619;NA;74330;244;2021-04-01;73123
2021-03-31;"Bratislavský kraj";105;42145;138;42283;NA;74330;243;2021-03-31;72879
2021-03-30;"Bratislavský kraj";100;38813;151;38964;NA;74330;251;2021-03-30;72636
2021-03-29;"Bratislavský kraj";153;39949;172;40121;NA;74330;325;2021-03-29;72385
2021-03-28;"Bratislavský kraj";59;53667;138;53805;NA;74330;197;2021-03-28;72060
2021-03-27;"Bratislavský kraj";53;77311;237;77548;NA;74330;290;2021-03-27;71863
2021-03-26;"Bratislavský kraj";114;55116;189;55305;NA;74330;303;2021-03-26;71573
2021-03-25;"Bratislavský kraj";76;36114;175;36289;NA;74330;251;2021-03-25;71270
2021-03-24;"Bratislavský kraj";120;29938;196;30134;NA;74330;316;2021-03-24;71019
2021-03-23;"Bratislavský kraj";138;36056;188;36244;NA;74330;326;2021-03-23;70703
2021-03-22;"Bratislavský kraj";110;42016;211;42227;NA;74330;321;2021-03-22;70377
2021-03-21;"Bratislavský kraj";54;61298;211;61509;NA;74330;265;2021-03-21;70056
2021-03-20;"Bratislavský kraj";59;71528;229;71757;NA;74330;288;2021-03-20;69791
2021-03-19;"Bratislavský kraj";139;53432;249;53681;NA;74330;388;2021-03-19;69503
2021-03-18;"Bratislavský kraj";142;33857;187;34044;NA;74330;329;2021-03-18;69115
2021-03-17;"Bratislavský kraj";177;29806;211;30017;NA;74330;388;2021-03-17;68786
2021-03-16;"Bratislavský kraj";258;36154;283;36437;NA;74330;541;2021-03-16;68398
2021-03-15;"Bratislavský kraj";180;37568;253;37821;NA;74330;433;2021-03-15;67857
2021-03-14;"Bratislavský kraj";75;51473;268;51741;NA;74330;343;2021-03-14;67424
2021-03-13;"Bratislavský kraj";110;79173;327;79500;NA;74330;437;2021-03-13;67081
2021-03-12;"Bratislavský kraj";152;54191;302;54493;NA;74330;454;2021-03-12;66644
2021-03-11;"Bratislavský kraj";178;34392;274;34666;NA;74330;452;2021-03-11;66190
2021-03-10;"Bratislavský kraj";164;30509;270;30779;NA;74330;434;2021-03-10;65738
2021-03-09;"Bratislavský kraj";242;39355;265;39620;NA;74330;507;2021-03-09;65304
2021-03-08;"Bratislavský kraj";255;40154;338;40492;NA;74330;593;2021-03-08;64797
2021-03-07;"Bratislavský kraj";142;51036;289;51325;NA;74330;431;2021-03-07;64204
2021-03-06;"Bratislavský kraj";79;71813;415;72228;NA;74330;494;2021-03-06;63773
2021-03-05;"Bratislavský kraj";238;51684;307;51991;NA;74330;545;2021-03-05;63279
2021-03-04;"Bratislavský kraj";204;34612;337;34949;NA;74330;541;2021-03-04;62734
2021-03-03;"Bratislavský kraj";250;30238;357;30595;NA;74330;607;2021-03-03;62193
2021-03-02;"Bratislavský kraj";267;39146;390;39536;NA;74330;657;2021-03-02;61586
2021-03-01;"Bratislavský kraj";320;37834;434;38268;NA;74330;754;2021-03-01;60929
2021-02-28;"Bratislavský kraj";184;0;0;0;NA;74330;184;2021-02-28;60175
2021-02-27;"Bratislavský kraj";151;0;0;0;NA;74330;151;2021-02-27;59991
2021-02-26;"Bratislavský kraj";277;0;0;0;NA;74330;277;2021-02-26;59840
2021-02-25;"Bratislavský kraj";277;0;0;0;NA;74330;277;2021-02-25;59563
2021-02-24;"Bratislavský kraj";217;0;0;0;NA;74330;217;2021-02-24;59286
2021-02-23;"Bratislavský kraj";257;0;0;0;NA;74330;257;2021-02-23;59069
2021-02-22;"Bratislavský kraj";353;0;0;0;NA;74330;353;2021-02-22;58812
2021-02-21;"Bratislavský kraj";185;0;0;0;NA;74330;185;2021-02-21;58459
2021-02-20;"Bratislavský kraj";167;0;0;0;NA;74330;167;2021-02-20;58274
2021-02-19;"Bratislavský kraj";280;0;0;0;NA;74330;280;2021-02-19;58107
2021-02-18;"Bratislavský kraj";263;0;0;0;NA;74330;263;2021-02-18;57827
2021-02-17;"Bratislavský kraj";264;0;0;0;NA;74330;264;2021-02-17;57564
2021-02-16;"Bratislavský kraj";289;0;0;0;NA;74330;289;2021-02-16;57300
2021-02-15;"Bratislavský kraj";248;0;0;0;NA;74330;248;2021-02-15;57011
2021-02-14;"Bratislavský kraj";153;0;0;0;NA;74330;153;2021-02-14;56763
2021-02-13;"Bratislavský kraj";173;0;0;0;NA;74330;173;2021-02-13;56610
2021-02-12;"Bratislavský kraj";282;0;0;0;NA;74330;282;2021-02-12;56437
2021-02-11;"Bratislavský kraj";337;0;0;0;NA;74330;337;2021-02-11;56155
2021-02-10;"Bratislavský kraj";314;0;0;0;NA;74330;314;2021-02-10;55818
2021-02-09;"Bratislavský kraj";287;0;0;0;NA;74330;287;2021-02-09;55504
2021-02-08;"Bratislavský kraj";484;0;0;0;NA;74330;484;2021-02-08;55217
2021-02-07;"Bratislavský kraj";243;0;0;0;NA;74330;243;2021-02-07;54733
2021-02-06;"Bratislavský kraj";116;0;0;0;NA;74330;116;2021-02-06;54490
2021-02-05;"Bratislavský kraj";327;0;0;0;NA;74330;327;2021-02-05;54374
2021-02-04;"Bratislavský kraj";555;0;0;0;NA;74330;555;2021-02-04;54047
2021-02-03;"Bratislavský kraj";161;0;0;0;NA;74330;161;2021-02-03;53492
2021-02-02;"Bratislavský kraj";397;0;0;0;NA;74330;397;2021-02-02;53331
2021-02-01;"Bratislavský kraj";221;0;0;0;NA;74330;221;2021-02-01;52934
2021-01-31;"Bratislavský kraj";180;35621;425;36046;NA;74330;605;2021-01-31;52713
2021-01-30;"Bratislavský kraj";310;45888;499;46387;NA;74330;809;2021-01-30;52108
2021-01-29;"Bratislavský kraj";344;16341;341;16682;NA;74330;685;2021-01-29;51299
2021-01-28;"Bratislavský kraj";307;10643;301;10944;NA;74330;608;2021-01-28;50614
2021-01-27;"Bratislavský kraj";336;21988;341;22329;NA;74330;677;2021-01-27;50006
2021-01-26;"Bratislavský kraj";297;22078;308;22386;NA;74330;605;2021-01-26;49329
2021-01-25;"Bratislavský kraj";356;22622;248;22870;NA;74330;604;2021-01-25;48724
2021-01-24;"Bratislavský kraj";175;37754;391;38145;NA;74330;566;2021-01-24;48120
2021-01-23;"Bratislavský kraj";396;79317;703;80020;NA;74330;1099;2021-01-23;47554
2021-01-22;"Bratislavský kraj";199;41727;364;42091;NA;74330;563;2021-01-22;46455
2021-01-21;"Bratislavský kraj";255;105639;1317;106956;NA;74330;1572;2021-01-21;45892
2021-01-20;"Bratislavský kraj";360;27082;457;27539;NA;74330;817;2021-01-20;44320
2021-01-19;"Bratislavský kraj";375;13748;339;14087;NA;74330;714;2021-01-19;43503
2021-01-18;"Bratislavský kraj";357;11977;707;12684;NA;74330;1064;2021-01-18;42789
2021-01-17;"Bratislavský kraj";244;426;26;452;NA;74330;270;2021-01-17;41725
2021-01-16;"Bratislavský kraj";70;2908;156;3064;NA;74330;226;2021-01-16;41455
2021-01-15;"Bratislavský kraj";251;7744;256;8000;NA;74330;507;2021-01-15;41229
2021-01-14;"Bratislavský kraj";363;8316;273;8589;NA;74330;636;2021-01-14;40722
2021-01-13;"Bratislavský kraj";336;8040;329;8369;NA;74330;665;2021-01-13;40086
2021-01-12;"Bratislavský kraj";450;9644;464;10108;NA;74330;914;2021-01-12;39421
2021-01-11;"Bratislavský kraj";397;19215;380;19595;NA;74330;777;2021-01-11;38507
2021-01-10;"Bratislavský kraj";252;1352;79;1431;NA;74330;331;2021-01-10;37730
2021-01-09;"Bratislavský kraj";351;4946;291;5237;NA;74330;642;2021-01-09;37399
2021-01-08;"Bratislavský kraj";556;9880;436;10316;NA;74330;992;2021-01-08;36757
2021-01-07;"Bratislavský kraj";537;7161;412;7573;NA;74330;949;2021-01-07;35765
2021-01-06;"Bratislavský kraj";271;3075;216;3291;NA;74330;487;2021-01-06;34816
2021-01-05;"Bratislavský kraj";619;10730;844;11574;NA;74330;1463;2021-01-05;34329
2021-01-04;"Bratislavský kraj";601;7381;606;7987;NA;74330;1207;2021-01-04;32866
2021-01-03;"Bratislavský kraj";77;394;41;435;NA;74330;118;2021-01-03;31659
2021-01-02;"Bratislavský kraj";185;384;57;441;NA;74330;242;2021-01-02;31541
2021-01-01;"Bratislavský kraj";235;3210;131;3341;NA;74330;366;2021-01-01;31299
2020-12-31;"Bratislavský kraj";925;14638;589;15227;NA;74330;1514;2020-12-31;30933
2020-12-30;"Bratislavský kraj";650;9327;528;9855;NA;74330;1178;2020-12-30;29419
2020-12-29;"Bratislavský kraj";303;10365;776;11141;NA;74330;1079;2020-12-29;28241
2020-12-28;"Bratislavský kraj";255;7687;560;8247;NA;74330;815;2020-12-28;27162
2020-12-27;"Bratislavský kraj";160;659;76;735;NA;74330;236;2020-12-27;26347
2020-12-26;"Bratislavský kraj";75;426;27;453;NA;74330;102;2020-12-26;26111
2020-12-25;"Bratislavský kraj";114;460;38;498;NA;74330;152;2020-12-25;26009
2020-12-24;"Bratislavský kraj";536;3381;102;3483;NA;74330;638;2020-12-24;25857
2020-12-23;"Bratislavský kraj";416;13159;500;13659;NA;74330;916;2020-12-23;25219
2020-12-22;"Bratislavský kraj";327;15248;772;16020;NA;74330;1099;2020-12-22;24303
2020-12-21;"Bratislavský kraj";392;14970;2007;16977;NA;74330;2399;2020-12-21;23204
2020-12-20;"Bratislavský kraj";180;643;54;697;NA;74330;234;2020-12-20;20805
2020-12-19;"Bratislavský kraj";396;3164;130;3294;NA;74330;526;2020-12-19;20571
2020-12-18;"Bratislavský kraj";306;10672;401;11073;NA;74330;707;2020-12-18;20045
2020-12-17;"Bratislavský kraj";502;10217;412;10629;NA;74330;914;2020-12-17;19338
2020-12-16;"Bratislavský kraj";282;10546;452;10998;NA;74330;734;2020-12-16;18424
2020-12-15;"Bratislavský kraj";423;10741;479;11220;NA;74330;902;2020-12-15;17690
2020-12-14;"Bratislavský kraj";279;6526;293;6819;NA;74330;572;2020-12-14;16788
2020-12-13;"Bratislavský kraj";125;123;10;133;NA;74330;135;2020-12-13;16216
2020-12-12;"Bratislavský kraj";361;3863;157;4020;NA;74330;518;2020-12-12;16081
2020-12-11;"Bratislavský kraj";326;7203;289;7492;NA;74330;615;2020-12-11;15563
2020-12-10;"Bratislavský kraj";286;5104;209;5313;NA;74330;495;2020-12-10;14948
2020-12-09;"Bratislavský kraj";382;4712;178;4890;NA;74330;560;2020-12-09;14453
2020-12-08;"Bratislavský kraj";234;5793;207;6000;NA;74330;441;2020-12-08;13893
2020-12-07;"Bratislavský kraj";272;4078;152;4230;NA;74330;424;2020-12-07;13452
2020-12-06;"Bratislavský kraj";61;1586;52;1638;NA;74330;113;2020-12-06;13028
2020-12-05;"Bratislavský kraj";266;2148;41;2189;NA;74330;307;2020-12-05;12915
2020-12-04;"Bratislavský kraj";200;4789;99;4888;NA;74330;299;2020-12-04;12608
2020-12-03;"Bratislavský kraj";213;5071;95;5166;NA;74330;308;2020-12-03;12309
2020-12-02;"Bratislavský kraj";205;2831;95;2926;NA;74330;300;2020-12-02;12001
2020-12-01;"Bratislavský kraj";255;3943;204;4147;NA;74330;459;2020-12-01;11701
2020-11-30;"Bratislavský kraj";152;2153;121;2274;NA;74330;273;2020-11-30;11242
2020-11-29;"Bratislavský kraj";52;7;3;10;NA;74330;55;2020-11-29;10969
2020-11-28;"Bratislavský kraj";232;1509;18;1527;NA;74330;250;2020-11-28;10914
2020-11-27;"Bratislavský kraj";54;1198;29;1227;NA;74330;83;2020-11-27;10664
2020-11-26;"Bratislavský kraj";129;1114;25;1139;NA;74330;154;2020-11-26;10581
2020-11-25;"Bratislavský kraj";140;1133;31;1164;NA;74330;171;2020-11-25;10427
2020-11-24;"Bratislavský kraj";81;2988;67;3055;NA;74330;148;2020-11-24;10256
2020-11-23;"Bratislavský kraj";67;405;13;418;NA;74330;80;2020-11-23;10108
2020-11-22;"Bratislavský kraj";36;81;7;88;NA;74330;43;2020-11-22;10028
2020-11-21;"Bratislavský kraj";109;2126;47;2173;NA;74330;156;2020-11-21;9985
2020-11-20;"Bratislavský kraj";118;2869;48;2917;NA;74330;166;2020-11-20;9829
2020-11-19;"Bratislavský kraj";173;987;29;1016;NA;74330;202;2020-11-19;9663
2020-11-18;"Bratislavský kraj";118;616;75;691;NA;74330;193;2020-11-18;9461
2020-11-17;"Bratislavský kraj";108;928;23;951;NA;74330;131;2020-11-17;9268
2020-11-16;"Bratislavský kraj";82;651;9;660;NA;74330;91;2020-11-16;9137
2020-11-15;"Bratislavský kraj";47;236;0;236;NA;74330;47;2020-11-15;9046
2020-11-14;"Bratislavský kraj";53;1834;15;1849;NA;74330;68;2020-11-14;8999
2020-11-13;"Bratislavský kraj";94;2096;21;2117;NA;74330;115;2020-11-13;8931
2020-11-12;"Bratislavský kraj";141;1727;6;1733;NA;74330;147;2020-11-12;8816
2020-11-11;"Bratislavský kraj";159;1429;12;1441;NA;74330;171;2020-11-11;8669
2020-11-10;"Bratislavský kraj";136;805;14;819;NA;74330;150;2020-11-10;8498
2020-11-09;"Bratislavský kraj";70;466;1;467;NA;74330;71;2020-11-09;8348
2020-11-08;"Bratislavský kraj";82;869;6;875;NA;74330;88;2020-11-08;8277
2020-11-07;"Bratislavský kraj";88;4039;17;4056;NA;74330;105;2020-11-07;8189
2020-11-06;"Bratislavský kraj";281;6441;25;6466;NA;74330;306;2020-11-06;8084
2020-11-05;"Bratislavský kraj";175;476;11;487;NA;74330;186;2020-11-05;7778
2020-11-04;"Bratislavský kraj";65;411;10;421;NA;74330;75;2020-11-04;7592
2020-11-03;"Bratislavský kraj";251;944;5;949;NA;74330;256;2020-11-03;7517
2020-11-02;"Bratislavský kraj";202;3365;22;3387;NA;74330;224;2020-11-02;7261
2020-11-01;"Bratislavský kraj";227;8694;39;8733;NA;74330;266;2020-11-01;7037
2020-10-31;"Bratislavský kraj";173;22407;123;22530;NA;74330;296;2020-10-31;6771
2020-10-30;"Bratislavský kraj";158;17350;138;17488;NA;74330;296;2020-10-30;6475
2020-10-29;"Bratislavský kraj";262;116;4;120;NA;74330;266;2020-10-29;6179
2020-10-28;"Bratislavský kraj";220;260;15;275;NA;74330;235;2020-10-28;5913
2020-10-27;"Bratislavský kraj";256;145;4;149;NA;74330;260;2020-10-27;5678
2020-10-26;"Bratislavský kraj";123;229;11;240;NA;74330;134;2020-10-26;5418
2020-10-25;"Bratislavský kraj";152;33;2;35;NA;74330;154;2020-10-25;5284
2020-10-24;"Bratislavský kraj";170;221;6;227;NA;74330;176;2020-10-24;5130
2020-10-23;"Bratislavský kraj";151;144;8;152;NA;74330;159;2020-10-23;4954
2020-10-22;"Bratislavský kraj";192;204;15;219;NA;74330;207;2020-10-22;4795
2020-10-21;"Bratislavský kraj";66;90;6;96;NA;74330;72;2020-10-21;4588
2020-10-20;"Bratislavský kraj";183;97;4;101;NA;74330;187;2020-10-20;4516
2020-10-19;"Bratislavský kraj";148;80;3;83;NA;74330;151;2020-10-19;4329
2020-10-18;"Bratislavský kraj";75;92;0;92;NA;74330;75;2020-10-18;4178
2020-10-17;"Bratislavský kraj";136;0;0;0;NA;74330;136;2020-10-17;4103
2020-10-16;"Bratislavský kraj";103;14;1;15;NA;74330;104;2020-10-16;3967
2020-10-15;"Bratislavský kraj";135;6;1;7;NA;74330;136;2020-10-15;3863
2020-10-14;"Bratislavský kraj";127;4;0;4;NA;74330;127;2020-10-14;3727
2020-10-13;"Bratislavský kraj";86;108;8;116;NA;74330;94;2020-10-13;3600
2020-10-12;"Bratislavský kraj";46;0;0;0;NA;74330;46;2020-10-12;3506
2020-10-11;"Bratislavský kraj";80;0;0;0;NA;74330;80;2020-10-11;3460
2020-10-10;"Bratislavský kraj";55;0;0;0;NA;74330;55;2020-10-10;3380
2020-10-09;"Bratislavský kraj";148;0;0;0;NA;74330;148;2020-10-09;3325
2020-10-08;"Bratislavský kraj";100;0;0;0;NA;74330;100;2020-10-08;3177
2020-10-07;"Bratislavský kraj";107;0;0;0;NA;74330;107;2020-10-07;3077
2020-10-06;"Bratislavský kraj";108;0;0;0;NA;74330;108;2020-10-06;2970
2020-10-05;"Bratislavský kraj";30;0;0;0;NA;74330;30;2020-10-05;2862
2020-10-04;"Bratislavský kraj";49;0;0;0;NA;74330;49;2020-10-04;2832
2020-10-03;"Bratislavský kraj";82;0;0;0;NA;74330;82;2020-10-03;2783
2020-10-02;"Bratislavský kraj";101;0;0;0;NA;74330;101;2020-10-02;2701
2020-10-01;"Bratislavský kraj";72;0;0;0;NA;74330;72;2020-10-01;2600
2020-09-30;"Bratislavský kraj";91;0;0;0;NA;74330;91;2020-09-30;2528
2020-09-29;"Bratislavský kraj";74;0;0;0;NA;74330;74;2020-09-29;2437
2020-09-28;"Bratislavský kraj";29;0;0;0;NA;74330;29;2020-09-28;2363
2020-09-27;"Bratislavský kraj";48;0;0;0;NA;74330;48;2020-09-27;2334
2020-09-26;"Bratislavský kraj";86;0;0;0;NA;74330;86;2020-09-26;2286
2020-09-25;"Bratislavský kraj";97;0;0;0;NA;74330;97;2020-09-25;2200
2020-09-24;"Bratislavský kraj";73;0;0;0;NA;74330;73;2020-09-24;2103
2020-09-23;"Bratislavský kraj";55;0;0;0;NA;74330;55;2020-09-23;2030
2020-09-22;"Bratislavský kraj";81;0;0;0;NA;74330;81;2020-09-22;1975
2020-09-21;"Bratislavský kraj";32;0;0;0;NA;74330;32;2020-09-21;1894
2020-09-20;"Bratislavský kraj";25;0;0;0;NA;74330;25;2020-09-20;1862
2020-09-19;"Bratislavský kraj";59;0;0;0;NA;74330;59;2020-09-19;1837
2020-09-18;"Bratislavský kraj";42;0;0;0;NA;74330;42;2020-09-18;1778
2020-09-17;"Bratislavský kraj";52;0;0;0;NA;74330;52;2020-09-17;1736
2020-09-16;"Bratislavský kraj";32;0;0;0;NA;74330;32;2020-09-16;1684
2020-09-15;"Bratislavský kraj";26;0;0;0;NA;74330;26;2020-09-15;1652
2020-09-14;"Bratislavský kraj";24;0;0;0;NA;74330;24;2020-09-14;1626
2020-09-13;"Bratislavský kraj";11;0;0;0;NA;74330;11;2020-09-13;1602
2020-09-12;"Bratislavský kraj";24;0;0;0;NA;74330;24;2020-09-12;1591
2020-09-11;"Bratislavský kraj";50;0;0;0;NA;74330;50;2020-09-11;1567
2020-09-10;"Bratislavský kraj";47;0;0;0;NA;74330;47;2020-09-10;1517
2020-09-09;"Bratislavský kraj";40;0;0;0;NA;74330;40;2020-09-09;1470
2020-09-08;"Bratislavský kraj";58;0;0;0;NA;74330;58;2020-09-08;1430
2020-09-07;"Bratislavský kraj";39;0;0;0;NA;74330;39;2020-09-07;1372
2020-09-06;"Bratislavský kraj";11;0;0;0;NA;74330;11;2020-09-06;1333
2020-09-05;"Bratislavský kraj";37;0;0;0;NA;74330;37;2020-09-05;1322
2020-09-04;"Bratislavský kraj";87;0;0;0;NA;74330;87;2020-09-04;1285
2020-09-03;"Bratislavský kraj";51;0;0;0;NA;74330;51;2020-09-03;1198
2020-09-02;"Bratislavský kraj";50;0;0;0;NA;74330;50;2020-09-02;1147
2020-09-01;"Bratislavský kraj";16;0;0;0;NA;74330;16;2020-09-01;1097
2020-08-31;"Bratislavský kraj";19;0;0;0;NA;74330;19;2020-08-31;1081
2020-08-30;"Bratislavský kraj";9;0;0;0;NA;74330;9;2020-08-30;1062
2020-08-29;"Bratislavský kraj";12;0;0;0;NA;74330;12;2020-08-29;1053
2020-08-28;"Bratislavský kraj";35;0;0;0;NA;74330;35;2020-08-28;1041
2020-08-27;"Bratislavský kraj";33;0;0;0;NA;74330;33;2020-08-27;1006
2020-08-26;"Bratislavský kraj";27;0;0;0;NA;74330;27;2020-08-26;973
2020-08-25;"Bratislavský kraj";29;0;0;0;NA;74330;29;2020-08-25;946
2020-08-24;"Bratislavský kraj";6;0;0;0;NA;74330;6;2020-08-24;917
2020-08-23;"Bratislavský kraj";45;0;0;0;NA;74330;45;2020-08-23;911
2020-08-22;"Bratislavský kraj";13;0;0;0;NA;74330;13;2020-08-22;866
2020-08-21;"Bratislavský kraj";46;0;0;0;NA;74330;46;2020-08-21;853
2020-08-20;"Bratislavský kraj";41;0;0;0;NA;74330;41;2020-08-20;807
2020-08-19;"Bratislavský kraj";27;0;0;0;NA;74330;27;2020-08-19;766
2020-08-18;"Bratislavský kraj";47;0;0;0;NA;74330;47;2020-08-18;739
2020-08-17;"Bratislavský kraj";2;0;0;0;NA;74330;2;2020-08-17;692
2020-08-16;"Bratislavský kraj";3;0;0;0;NA;74330;3;2020-08-16;690
2020-08-15;"Bratislavský kraj";18;0;0;0;NA;74330;18;2020-08-15;687
2020-08-14;"Bratislavský kraj";16;0;0;0;NA;74330;16;2020-08-14;669
2020-08-13;"Bratislavský kraj";12;0;0;0;NA;74330;12;2020-08-13;653
2020-08-12;"Bratislavský kraj";10;0;0;0;NA;74330;10;2020-08-12;641
2020-08-11;"Bratislavský kraj";23;0;0;0;NA;74330;23;2020-08-11;631
2020-08-10;"Bratislavský kraj";2;0;0;0;NA;74330;2;2020-08-10;608
2020-08-09;"Bratislavský kraj";2;0;0;0;NA;74330;2;2020-08-09;606
2020-08-08;"Bratislavský kraj";1;0;0;0;NA;74330;1;2020-08-08;604
2020-08-07;"Bratislavský kraj";9;0;0;0;NA;74330;9;2020-08-07;603
2020-08-06;"Bratislavský kraj";15;0;0;0;NA;74330;15;2020-08-06;594
2020-08-05;"Bratislavský kraj";11;0;0;0;NA;74330;11;2020-08-05;579
2020-08-04;"Bratislavský kraj";21;0;0;0;NA;74330;21;2020-08-04;568
2020-08-03;"Bratislavský kraj";7;0;0;0;NA;74330;7;2020-08-03;547
2020-07-31;"Bratislavský kraj";14;0;0;0;NA;74330;14;2020-07-31;540
2020-07-30;"Bratislavský kraj";6;0;0;0;NA;74330;6;2020-07-30;526
2020-07-29;"Bratislavský kraj";7;0;0;0;NA;74330;7;2020-07-29;520
2020-07-28;"Bratislavský kraj";14;0;0;0;NA;74330;14;2020-07-28;513
2020-07-27;"Bratislavský kraj";3;0;0;0;NA;74330;3;2020-07-27;499
2020-07-25;"Bratislavský kraj";8;0;0;0;NA;74330;8;2020-07-25;496
2020-07-24;"Bratislavský kraj";2;0;0;0;NA;74330;2;2020-07-24;488
2020-07-23;"Bratislavský kraj";8;0;0;0;NA;74330;8;2020-07-23;486
2020-07-22;"Bratislavský kraj";11;0;0;0;NA;74330;11;2020-07-22;478
2020-07-21;"Bratislavský kraj";8;0;0;0;NA;74330;8;2020-07-21;467
2020-07-20;"Bratislavský kraj";12;0;0;0;NA;74330;12;2020-07-20;459
2020-07-18;"Bratislavský kraj";2;0;0;0;NA;74330;2;2020-07-18;447
2020-07-17;"Bratislavský kraj";2;0;0;0;NA;74330;2;2020-07-17;445
2020-07-16;"Bratislavský kraj";6;0;0;0;NA;74330;6;2020-07-16;443
2020-07-15;"Bratislavský kraj";3;0;0;0;NA;74330;3;2020-07-15;437
2020-07-14;"Bratislavský kraj";2;0;0;0;NA;74330;2;2020-07-14;434
2020-07-13;"Bratislavský kraj";2;0;0;0;NA;74330;2;2020-07-13;432
2020-07-10;"Bratislavský kraj";8;0;0;0;NA;74330;8;2020-07-10;430
2020-07-09;"Bratislavský kraj";2;0;0;0;NA;74330;2;2020-07-09;422
2020-07-08;"Bratislavský kraj";11;0;0;0;NA;74330;11;2020-07-08;420
2020-07-07;"Bratislavský kraj";5;0;0;0;NA;74330;5;2020-07-07;409
2020-07-06;"Bratislavský kraj";1;0;0;0;NA;74330;1;2020-07-06;404
2020-07-04;"Bratislavský kraj";3;0;0;0;NA;74330;3;2020-07-04;403
2020-07-03;"Bratislavský kraj";1;0;0;0;NA;74330;1;2020-07-03;400
2020-07-01;"Bratislavský kraj";7;0;0;0;NA;74330;7;2020-07-01;399
2020-06-30;"Bratislavský kraj";3;0;0;0;NA;74330;3;2020-06-30;392
2020-06-29;"Bratislavský kraj";1;0;0;0;NA;74330;1;2020-06-29;389
2020-06-27;"Bratislavský kraj";1;0;0;0;NA;74330;1;2020-06-27;388
2020-06-26;"Bratislavský kraj";6;0;0;0;NA;74330;6;2020-06-26;387
2020-06-24;"Bratislavský kraj";3;0;0;0;NA;74330;3;2020-06-24;381
2020-06-22;"Bratislavský kraj";1;0;0;0;NA;74330;1;2020-06-22;378
2020-06-19;"Bratislavský kraj";3;0;0;0;NA;74330;3;2020-06-19;377
2020-06-14;"Bratislavský kraj";2;0;0;0;NA;74330;2;2020-06-14;374
2020-06-13;"Bratislavský kraj";1;0;0;0;NA;74330;1;2020-06-13;372
2020-06-12;"Bratislavský kraj";2;0;0;0;NA;74330;2;2020-06-12;371
2020-06-08;"Bratislavský kraj";1;0;0;0;NA;74330;1;2020-06-08;369
2020-06-03;"Bratislavský kraj";1;0;0;0;NA;74330;1;2020-06-03;368
2020-05-27;"Bratislavský kraj";1;0;0;0;NA;74330;1;2020-05-27;367
2020-05-23;"Bratislavský kraj";2;0;0;0;NA;74330;2;2020-05-23;366
2020-05-12;"Bratislavský kraj";2;0;0;0;NA;74330;2;2020-05-12;364
2020-05-07;"Bratislavský kraj";1;0;0;0;NA;74330;1;2020-05-07;362
2020-05-06;"Bratislavský kraj";3;0;0;0;NA;74330;3;2020-05-06;361
2020-05-03;"Bratislavský kraj";2;0;0;0;NA;74330;2;2020-05-03;358
2020-04-30;"Bratislavský kraj";5;0;0;0;NA;74330;5;2020-04-30;356
2020-04-28;"Bratislavský kraj";2;0;0;0;NA;74330;2;2020-04-28;351
2020-04-26;"Bratislavský kraj";1;0;0;0;NA;74330;1;2020-04-26;349
2020-04-24;"Bratislavský kraj";2;0;0;0;NA;74330;2;2020-04-24;348
2020-04-23;"Bratislavský kraj";6;0;0;0;NA;74330;6;2020-04-23;346
2020-04-22;"Bratislavský kraj";11;0;0;0;NA;74330;11;2020-04-22;340
2020-04-21;"Bratislavský kraj";4;0;0;0;NA;74330;4;2020-04-21;329
2020-04-19;"Bratislavský kraj";4;0;0;0;NA;74330;4;2020-04-19;325
2020-04-18;"Bratislavský kraj";5;0;0;0;NA;74330;5;2020-04-18;321
2020-04-17;"Bratislavský kraj";6;0;0;0;NA;74330;6;2020-04-17;316
2020-04-16;"Bratislavský kraj";15;0;0;0;NA;74330;15;2020-04-16;310
2020-04-15;"Bratislavský kraj";11;0;0;0;NA;74330;11;2020-04-15;295
2020-04-14;"Bratislavský kraj";19;0;0;0;NA;74330;19;2020-04-14;284
2020-04-13;"Bratislavský kraj";53;0;0;0;NA;74330;53;2020-04-13;265
2020-04-12;"Bratislavský kraj";3;0;0;0;NA;74330;3;2020-04-12;212
2020-04-11;"Bratislavský kraj";1;0;0;0;NA;74330;1;2020-04-11;209
2020-04-10;"Bratislavský kraj";8;0;0;0;NA;74330;8;2020-04-10;208
2020-04-09;"Bratislavský kraj";3;0;0;0;NA;74330;3;2020-04-09;200
2020-04-08;"Bratislavský kraj";3;0;0;0;NA;74330;3;2020-04-08;197
2020-04-07;"Bratislavský kraj";24;0;0;0;NA;74330;24;2020-04-07;194
2020-04-06;"Bratislavský kraj";5;0;0;0;NA;74330;5;2020-04-06;170
2020-04-05;"Bratislavský kraj";6;0;0;0;NA;74330;6;2020-04-05;165
2020-04-04;"Bratislavský kraj";2;0;0;0;NA;74330;2;2020-04-04;159
2020-04-03;"Bratislavský kraj";1;0;0;0;NA;74330;1;2020-04-03;157
2020-04-02;"Bratislavský kraj";2;0;0;0;NA;74330;2;2020-04-02;156
2020-04-01;"Bratislavský kraj";5;0;0;0;NA;74330;5;2020-04-01;154
2020-03-31;"Bratislavský kraj";19;0;0;0;NA;74330;19;2020-03-31;149
2020-03-30;"Bratislavský kraj";6;0;0;0;NA;74330;6;2020-03-30;130
2020-03-29;"Bratislavský kraj";8;0;0;0;NA;74330;8;2020-03-29;124
2020-03-28;"Bratislavský kraj";4;0;0;0;NA;74330;4;2020-03-28;116
2020-03-27;"Bratislavský kraj";3;0;0;0;NA;74330;3;2020-03-27;112
2020-03-26;"Bratislavský kraj";15;0;0;0;NA;74330;15;2020-03-26;109
2020-03-25;"Bratislavský kraj";1;0;0;0;NA;74330;1;2020-03-25;94
2020-03-24;"Bratislavský kraj";4;0;0;0;NA;74330;4;2020-03-24;93
2020-03-23;"Bratislavský kraj";9;0;0;0;NA;74330;9;2020-03-23;89
2020-03-22;"Bratislavský kraj";2;0;0;0;NA;74330;2;2020-03-22;80
2020-03-21;"Bratislavský kraj";22;0;0;0;NA;74330;22;2020-03-21;78
2020-03-20;"Bratislavský kraj";3;0;0;0;NA;74330;3;2020-03-20;56
2020-03-19;"Bratislavský kraj";4;0;0;0;NA;74330;4;2020-03-19;53
2020-03-18;"Bratislavský kraj";3;0;0;0;NA;74330;3;2020-03-18;49
2020-03-17;"Bratislavský kraj";13;0;0;0;NA;74330;13;2020-03-17;46
2020-03-16;"Bratislavský kraj";1;0;0;0;NA;74330;1;2020-03-16;33
2020-03-15;"Bratislavský kraj";4;0;0;0;NA;74330;4;2020-03-15;32
2020-03-14;"Bratislavský kraj";9;0;0;0;NA;74330;9;2020-03-14;28
2020-03-13;"Bratislavský kraj";2;0;0;0;NA;74330;2;2020-03-13;19
2020-03-12;"Bratislavský kraj";8;0;0;0;NA;74330;8;2020-03-12;17
2020-03-11;"Bratislavský kraj";3;0;0;0;NA;74330;3;2020-03-11;9
2020-03-08;"Bratislavský kraj";2;0;0;0;NA;74330;2;2020-03-08;6
2020-03-07;"Bratislavský kraj";2;0;0;0;NA;74330;2;2020-03-07;4
2020-03-06;"Bratislavský kraj";1;0;0;0;NA;74330;1;2020-03-06;2
2021-04-08;"Košický kraj";81;15856;69;15925;49480;76187;150;2021-04-08;76187
2021-04-07;"Košický kraj";232;27041;192;27233;NA;76187;424;2021-04-07;76037
2021-04-06;"Košický kraj";121;31437;140;31577;NA;76187;261;2021-04-06;75613
2021-04-05;"Košický kraj";19;11718;53;11771;NA;76187;72;2021-04-05;75352
2021-04-04;"Košický kraj";33;8808;31;8839;NA;76187;64;2021-04-04;75280
2021-04-03;"Košický kraj";138;87043;219;87262;NA;76187;357;2021-04-03;75216
2021-04-02;"Košický kraj";128;23106;84;23190;NA;76187;212;2021-04-02;74859
2021-04-01;"Košický kraj";165;45952;145;46097;NA;76187;310;2021-04-01;74647
2021-03-31;"Košický kraj";160;29808;127;29935;NA;76187;287;2021-03-31;74337
2021-03-30;"Košický kraj";229;24108;163;24271;NA;76187;392;2021-03-30;74050
2021-03-29;"Košický kraj";78;26003;222;26225;NA;76187;300;2021-03-29;73658
2021-03-28;"Košický kraj";39;30609;76;30685;NA;76187;115;2021-03-28;73358
2021-03-27;"Košický kraj";222;96675;267;96942;NA;76187;489;2021-03-27;73243
2021-03-26;"Košický kraj";233;45260;202;45462;NA;76187;435;2021-03-26;72754
2021-03-25;"Košický kraj";133;23793;174;23967;NA;76187;307;2021-03-25;72319
2021-03-24;"Košický kraj";165;20685;157;20842;NA;76187;322;2021-03-24;72012
2021-03-23;"Košický kraj";202;22480;190;22670;NA;76187;392;2021-03-23;71690
2021-03-22;"Košický kraj";169;23965;211;24176;NA;76187;380;2021-03-22;71298
2021-03-21;"Košický kraj";109;40496;146;40642;NA;76187;255;2021-03-21;70918
2021-03-20;"Košický kraj";126;97970;306;98276;NA;76187;432;2021-03-20;70663
2021-03-19;"Košický kraj";205;45707;258;45965;NA;76187;463;2021-03-19;70231
2021-03-18;"Košický kraj";274;23831;211;24042;NA;76187;485;2021-03-18;69768
2021-03-17;"Košický kraj";177;21559;197;21756;NA;76187;374;2021-03-17;69283
2021-03-16;"Košický kraj";386;23441;226;23667;NA;76187;612;2021-03-16;68909
2021-03-15;"Košický kraj";173;24981;276;25257;NA;76187;449;2021-03-15;68297
2021-03-14;"Košický kraj";145;44419;226;44645;NA;76187;371;2021-03-14;67848
2021-03-13;"Košický kraj";146;103822;481;104303;NA;76187;627;2021-03-13;67477
2021-03-12;"Košický kraj";366;47353;316;47669;NA;76187;682;2021-03-12;66850
2021-03-11;"Košický kraj";396;23225;261;23486;NA;76187;657;2021-03-11;66168
2021-03-10;"Košický kraj";121;22199;268;22467;NA;76187;389;2021-03-10;65511
2021-03-09;"Košický kraj";676;24524;301;24825;NA;76187;977;2021-03-09;65122
2021-03-08;"Košický kraj";559;29679;342;30021;NA;76187;901;2021-03-08;64145
2021-03-07;"Košický kraj";45;35061;229;35290;NA;76187;274;2021-03-07;63244
2021-03-06;"Košický kraj";177;105850;537;106387;NA;76187;714;2021-03-06;62970
2021-03-05;"Košický kraj";439;45557;422;45979;NA;76187;861;2021-03-05;62256
2021-03-04;"Košický kraj";417;23862;321;24183;NA;76187;738;2021-03-04;61395
2021-03-03;"Košický kraj";390;23141;297;23438;NA;76187;687;2021-03-03;60657
2021-03-02;"Košický kraj";464;24157;372;24529;NA;76187;836;2021-03-02;59970
2021-03-01;"Košický kraj";389;29980;512;30492;NA;76187;901;2021-03-01;59134
2021-02-28;"Košický kraj";265;0;0;0;NA;76187;265;2021-02-28;58233
2021-02-27;"Košický kraj";301;0;0;0;NA;76187;301;2021-02-27;57968
2021-02-26;"Košický kraj";440;0;0;0;NA;76187;440;2021-02-26;57667
2021-02-25;"Košický kraj";331;0;0;0;NA;76187;331;2021-02-25;57227
2021-02-24;"Košický kraj";263;0;0;0;NA;76187;263;2021-02-24;56896
2021-02-23;"Košický kraj";642;0;0;0;NA;76187;642;2021-02-23;56633
2021-02-22;"Košický kraj";362;0;0;0;NA;76187;362;2021-02-22;55991
2021-02-21;"Košický kraj";170;0;0;0;NA;76187;170;2021-02-21;55629
2021-02-20;"Košický kraj";283;0;0;0;NA;76187;283;2021-02-20;55459
2021-02-19;"Košický kraj";507;0;0;0;NA;76187;507;2021-02-19;55176
2021-02-18;"Košický kraj";397;0;0;0;NA;76187;397;2021-02-18;54669
2021-02-17;"Košický kraj";322;0;0;0;NA;76187;322;2021-02-17;54272
2021-02-16;"Košický kraj";600;0;0;0;NA;76187;600;2021-02-16;53950
2021-02-15;"Košický kraj";216;0;0;0;NA;76187;216;2021-02-15;53350
2021-02-14;"Košický kraj";241;0;0;0;NA;76187;241;2021-02-14;53134
2021-02-13;"Košický kraj";206;0;0;0;NA;76187;206;2021-02-13;52893
2021-02-12;"Košický kraj";448;0;0;0;NA;76187;448;2021-02-12;52687
2021-02-11;"Košický kraj";435;0;0;0;NA;76187;435;2021-02-11;52239
2021-02-10;"Košický kraj";360;0;0;0;NA;76187;360;2021-02-10;51804
2021-02-09;"Košický kraj";545;0;0;0;NA;76187;545;2021-02-09;51444
2021-02-08;"Košický kraj";237;0;0;0;NA;76187;237;2021-02-08;50899
2021-02-07;"Košický kraj";208;0;0;0;NA;76187;208;2021-02-07;50662
2021-02-06;"Košický kraj";318;0;0;0;NA;76187;318;2021-02-06;50454
2021-02-05;"Košický kraj";384;0;0;0;NA;76187;384;2021-02-05;50136
2021-02-04;"Košický kraj";391;0;0;0;NA;76187;391;2021-02-04;49752
2021-02-03;"Košický kraj";296;0;0;0;NA;76187;296;2021-02-03;49361
2021-02-02;"Košický kraj";473;0;0;0;NA;76187;473;2021-02-02;49065
2021-02-01;"Košický kraj";415;0;0;0;NA;76187;415;2021-02-01;48592
2021-01-31;"Košický kraj";142;53674;585;54259;NA;76187;727;2021-01-31;48177
2021-01-30;"Košický kraj";320;76770;673;77443;NA;76187;993;2021-01-30;47450
2021-01-29;"Košický kraj";311;37131;456;37587;NA;76187;767;2021-01-29;46457
2021-01-28;"Košický kraj";540;9025;247;9272;NA;76187;787;2021-01-28;45690
2021-01-27;"Košický kraj";265;7484;207;7691;NA;76187;472;2021-01-27;44903
2021-01-26;"Košický kraj";530;14256;246;14502;NA;76187;776;2021-01-26;44431
2021-01-25;"Košický kraj";226;26430;413;26843;NA;76187;639;2021-01-25;43655
2021-01-24;"Košický kraj";150;45108;595;45703;NA;76187;745;2021-01-24;43016
2021-01-23;"Košický kraj";232;82016;843;82859;NA;76187;1075;2021-01-23;42271
2021-01-22;"Košický kraj";316;19997;265;20262;NA;76187;581;2021-01-22;41196
2021-01-21;"Košický kraj";274;14047;158;14205;NA;76187;432;2021-01-21;40615
2021-01-20;"Košický kraj";374;10843;201;11044;NA;76187;575;2021-01-20;40183
2021-01-19;"Košický kraj";248;9853;182;10035;NA;76187;430;2021-01-19;39608
2021-01-18;"Košický kraj";333;5770;212;5982;NA;76187;545;2021-01-18;39178
2021-01-17;"Košický kraj";155;535;14;549;NA;76187;169;2021-01-17;38633
2021-01-16;"Košický kraj";153;1403;47;1450;NA;76187;200;2021-01-16;38464
2021-01-15;"Košický kraj";308;6443;213;6656;NA;76187;521;2021-01-15;38264
2021-01-14;"Košický kraj";358;5471;221;5692;NA;76187;579;2021-01-14;37743
2021-01-13;"Košický kraj";421;4897;226;5123;NA;76187;647;2021-01-13;37164
2021-01-12;"Košický kraj";482;6689;258;6947;NA;76187;740;2021-01-12;36517
2021-01-11;"Košický kraj";309;7945;304;8249;NA;76187;613;2021-01-11;35777
2021-01-10;"Košický kraj";193;134;6;140;NA;76187;199;2021-01-10;35164
2021-01-09;"Košický kraj";469;1134;45;1179;NA;76187;514;2021-01-09;34965
2021-01-08;"Košický kraj";551;8222;388;8610;NA;76187;939;2021-01-08;34451
2021-01-07;"Košický kraj";251;6403;428;6831;NA;76187;679;2021-01-07;33512
2021-01-06;"Košický kraj";442;429;33;462;NA;76187;475;2021-01-06;32833
2021-01-05;"Košický kraj";584;8100;560;8660;NA;76187;1144;2021-01-05;32358
2021-01-04;"Košický kraj";407;7113;737;7850;NA;76187;1144;2021-01-04;31214
2021-01-03;"Košický kraj";118;661;22;683;NA;76187;140;2021-01-03;30070
2021-01-02;"Košický kraj";88;440;52;492;NA;76187;140;2021-01-02;29930
2021-01-01;"Košický kraj";398;725;49;774;NA;76187;447;2021-01-01;29790
2020-12-31;"Košický kraj";625;7877;461;8338;NA;76187;1086;2020-12-31;29343
2020-12-30;"Košický kraj";590;6477;412;6889;NA;76187;1002;2020-12-30;28257
2020-12-29;"Košický kraj";419;7573;605;8178;NA;76187;1024;2020-12-29;27255
2020-12-28;"Košický kraj";356;8296;804;9100;NA;76187;1160;2020-12-28;26231
2020-12-27;"Košický kraj";159;147;16;163;NA;76187;175;2020-12-27;25071
2020-12-26;"Košický kraj";163;274;23;297;NA;76187;186;2020-12-26;24896
2020-12-25;"Košický kraj";237;140;10;150;NA;76187;247;2020-12-25;24710
2020-12-24;"Košický kraj";564;1470;90;1560;NA;76187;654;2020-12-24;24463
2020-12-23;"Košický kraj";304;7942;354;8296;NA;76187;658;2020-12-23;23809
2020-12-22;"Košický kraj";438;7920;459;8379;NA;76187;897;2020-12-22;23151
2020-12-21;"Košický kraj";405;6984;509;7493;NA;76187;914;2020-12-21;22254
2020-12-20;"Košický kraj";215;48;8;56;NA;76187;223;2020-12-20;21340
2020-12-19;"Košický kraj";207;1148;59;1207;NA;76187;266;2020-12-19;21117
2020-12-18;"Košický kraj";310;8484;326;8810;NA;76187;636;2020-12-18;20851
2020-12-17;"Košický kraj";463;5292;255;5547;NA;76187;718;2020-12-17;20215
2020-12-16;"Košický kraj";455;5898;316;6214;NA;76187;771;2020-12-16;19497
2020-12-15;"Košický kraj";319;5086;338;5424;NA;76187;657;2020-12-15;18726
2020-12-14;"Košický kraj";256;2893;239;3132;NA;76187;495;2020-12-14;18069
2020-12-13;"Košický kraj";47;181;2;183;NA;76187;49;2020-12-13;17574
2020-12-12;"Košický kraj";369;1587;118;1705;NA;76187;487;2020-12-12;17525
2020-12-11;"Košický kraj";354;5461;258;5719;NA;76187;612;2020-12-11;17038
2020-12-10;"Košický kraj";283;4064;176;4240;NA;76187;459;2020-12-10;16426
2020-12-09;"Košický kraj";279;3786;166;3952;NA;76187;445;2020-12-09;15967
2020-12-08;"Košický kraj";226;4105;355;4460;NA;76187;581;2020-12-08;15522
2020-12-07;"Košický kraj";270;2111;103;2214;NA;76187;373;2020-12-07;14941
2020-12-06;"Košický kraj";121;97;20;117;NA;76187;141;2020-12-06;14568
2020-12-05;"Košický kraj";90;1096;48;1144;NA;76187;138;2020-12-05;14427
2020-12-04;"Košický kraj";224;2680;82;2762;NA;76187;306;2020-12-04;14289
2020-12-03;"Košický kraj";211;7717;173;7890;NA;76187;384;2020-12-03;13983
2020-12-02;"Košický kraj";193;8132;496;8628;NA;76187;689;2020-12-02;13599
2020-12-01;"Košický kraj";178;2237;124;2361;NA;76187;302;2020-12-01;12910
2020-11-30;"Košický kraj";171;3645;58;3703;NA;76187;229;2020-11-30;12608
2020-11-29;"Košický kraj";31;287;16;303;NA;76187;47;2020-11-29;12379
2020-11-28;"Košický kraj";69;721;52;773;NA;76187;121;2020-11-28;12332
2020-11-27;"Košický kraj";149;2729;74;2803;NA;76187;223;2020-11-27;12211
2020-11-26;"Košický kraj";239;1090;55;1145;NA;76187;294;2020-11-26;11988
2020-11-25;"Košický kraj";237;1664;122;1786;NA;76187;359;2020-11-25;11694
2020-11-24;"Košický kraj";196;1871;64;1935;NA;76187;260;2020-11-24;11335
2020-11-23;"Košický kraj";51;3737;54;3791;NA;76187;105;2020-11-23;11075
2020-11-22;"Košický kraj";57;28;3;31;NA;76187;60;2020-11-22;10970
2020-11-21;"Košický kraj";87;858;36;894;NA;76187;123;2020-11-21;10910
2020-11-20;"Košický kraj";176;2989;45;3034;NA;76187;221;2020-11-20;10787
2020-11-19;"Košický kraj";206;1648;40;1688;NA;76187;246;2020-11-19;10566
2020-11-18;"Košický kraj";122;443;16;459;NA;76187;138;2020-11-18;10320
2020-11-17;"Košický kraj";152;82;9;91;NA;76187;161;2020-11-17;10182
2020-11-16;"Košický kraj";114;531;24;555;NA;76187;138;2020-11-16;10021
2020-11-15;"Košický kraj";15;338;7;345;NA;76187;22;2020-11-15;9883
2020-11-14;"Košický kraj";234;520;12;532;NA;76187;246;2020-11-14;9861
2020-11-13;"Košický kraj";207;664;29;693;NA;76187;236;2020-11-13;9615
2020-11-12;"Košický kraj";192;736;13;749;NA;76187;205;2020-11-12;9379
2020-11-11;"Košický kraj";301;593;7;600;NA;76187;308;2020-11-11;9174
2020-11-10;"Košický kraj";190;541;11;552;NA;76187;201;2020-11-10;8866
2020-11-09;"Košický kraj";129;380;5;385;NA;76187;134;2020-11-09;8665
2020-11-08;"Košický kraj";78;1298;8;1306;NA;76187;86;2020-11-08;8531
2020-11-07;"Košický kraj";192;3909;22;3931;NA;76187;214;2020-11-07;8445
2020-11-06;"Košický kraj";195;5310;34;5344;NA;76187;229;2020-11-06;8231
2020-11-05;"Košický kraj";342;330;31;361;NA;76187;373;2020-11-05;8002
2020-11-04;"Košický kraj";101;154;6;160;NA;76187;107;2020-11-04;7629
2020-11-03;"Košický kraj";358;1122;13;1135;NA;76187;371;2020-11-03;7522
2020-11-02;"Košický kraj";111;4368;51;4419;NA;76187;162;2020-11-02;7151
2020-11-01;"Košický kraj";346;6522;34;6556;NA;76187;380;2020-11-01;6989
2020-10-31;"Košický kraj";82;13810;105;13915;NA;76187;187;2020-10-31;6609
2020-10-30;"Košický kraj";379;2835;27;2862;NA;76187;406;2020-10-30;6422
2020-10-29;"Košický kraj";333;983;13;996;NA;76187;346;2020-10-29;6016
2020-10-28;"Košický kraj";224;305;13;318;NA;76187;237;2020-10-28;5670
2020-10-27;"Košický kraj";386;439;21;460;NA;76187;407;2020-10-27;5433
2020-10-26;"Košický kraj";56;191;7;198;NA;76187;63;2020-10-26;5026
2020-10-25;"Košický kraj";154;79;2;81;NA;76187;156;2020-10-25;4963
2020-10-24;"Košický kraj";313;113;15;128;NA;76187;328;2020-10-24;4807
2020-10-23;"Košický kraj";315;331;8;339;NA;76187;323;2020-10-23;4479
2020-10-22;"Košický kraj";349;530;16;546;NA;76187;365;2020-10-22;4156
2020-10-21;"Košický kraj";129;84;2;86;NA;76187;131;2020-10-21;3791
2020-10-20;"Košický kraj";181;14;1;15;NA;76187;182;2020-10-20;3660
2020-10-19;"Košický kraj";64;10;0;10;NA;76187;64;2020-10-19;3478
2020-10-18;"Košický kraj";158;0;0;0;NA;76187;158;2020-10-18;3414
2020-10-17;"Košický kraj";142;0;0;0;NA;76187;142;2020-10-17;3256
2020-10-16;"Košický kraj";206;19;0;19;NA;76187;206;2020-10-16;3114
2020-10-15;"Košický kraj";177;19;5;24;NA;76187;182;2020-10-15;2908
2020-10-14;"Košický kraj";211;8;0;8;NA;76187;211;2020-10-14;2726
2020-10-13;"Košický kraj";179;80;3;83;NA;76187;182;2020-10-13;2515
2020-10-12;"Košický kraj";74;0;0;0;NA;76187;74;2020-10-12;2333
2020-10-11;"Košický kraj";121;0;0;0;NA;76187;121;2020-10-11;2259
2020-10-10;"Košický kraj";70;0;0;0;NA;76187;70;2020-10-10;2138
2020-10-09;"Košický kraj";188;0;0;0;NA;76187;188;2020-10-09;2068
2020-10-08;"Košický kraj";102;0;0;0;NA;76187;102;2020-10-08;1880
2020-10-07;"Košický kraj";158;0;0;0;NA;76187;158;2020-10-07;1778
2020-10-06;"Košický kraj";70;0;0;0;NA;76187;70;2020-10-06;1620
2020-10-05;"Košický kraj";39;0;0;0;NA;76187;39;2020-10-05;1550
2020-10-04;"Košický kraj";45;0;0;0;NA;76187;45;2020-10-04;1511
2020-10-03;"Košický kraj";105;0;0;0;NA;76187;105;2020-10-03;1466
2020-10-02;"Košický kraj";57;0;0;0;NA;76187;57;2020-10-02;1361
2020-10-01;"Košický kraj";69;0;0;0;NA;76187;69;2020-10-01;1304
2020-09-30;"Košický kraj";95;0;0;0;NA;76187;95;2020-09-30;1235
2020-09-29;"Košický kraj";75;0;0;0;NA;76187;75;2020-09-29;1140
2020-09-28;"Košický kraj";19;0;0;0;NA;76187;19;2020-09-28;1065
2020-09-27;"Košický kraj";21;0;0;0;NA;76187;21;2020-09-27;1046
2020-09-26;"Košický kraj";53;0;0;0;NA;76187;53;2020-09-26;1025
2020-09-25;"Košický kraj";72;0;0;0;NA;76187;72;2020-09-25;972
2020-09-24;"Košický kraj";35;0;0;0;NA;76187;35;2020-09-24;900
2020-09-23;"Košický kraj";23;0;0;0;NA;76187;23;2020-09-23;865
2020-09-22;"Košický kraj";39;0;0;0;NA;76187;39;2020-09-22;842
2020-09-21;"Košický kraj";5;0;0;0;NA;76187;5;2020-09-21;803
2020-09-20;"Košický kraj";3;0;0;0;NA;76187;3;2020-09-20;798
2020-09-19;"Košický kraj";13;0;0;0;NA;76187;13;2020-09-19;795
2020-09-18;"Košický kraj";20;0;0;0;NA;76187;20;2020-09-18;782
2020-09-17;"Košický kraj";22;0;0;0;NA;76187;22;2020-09-17;762
2020-09-16;"Košický kraj";12;0;0;0;NA;76187;12;2020-09-16;740
2020-09-15;"Košický kraj";10;0;0;0;NA;76187;10;2020-09-15;728
2020-09-14;"Košický kraj";6;0;0;0;NA;76187;6;2020-09-14;718
2020-09-13;"Košický kraj";3;0;0;0;NA;76187;3;2020-09-13;712
2020-09-12;"Košický kraj";16;0;0;0;NA;76187;16;2020-09-12;709
2020-09-11;"Košický kraj";20;0;0;0;NA;76187;20;2020-09-11;693
2020-09-10;"Košický kraj";11;0;0;0;NA;76187;11;2020-09-10;673
2020-09-09;"Košický kraj";37;0;0;0;NA;76187;37;2020-09-09;662
2020-09-08;"Košický kraj";10;0;0;0;NA;76187;10;2020-09-08;625
2020-09-07;"Košický kraj";4;0;0;0;NA;76187;4;2020-09-07;615
2020-09-06;"Košický kraj";2;0;0;0;NA;76187;2;2020-09-06;611
2020-09-05;"Košický kraj";10;0;0;0;NA;76187;10;2020-09-05;609
2020-09-04;"Košický kraj";14;0;0;0;NA;76187;14;2020-09-04;599
2020-09-03;"Košický kraj";22;0;0;0;NA;76187;22;2020-09-03;585
2020-09-02;"Košický kraj";13;0;0;0;NA;76187;13;2020-09-02;563
2020-09-01;"Košický kraj";21;0;0;0;NA;76187;21;2020-09-01;550
2020-08-31;"Košický kraj";9;0;0;0;NA;76187;9;2020-08-31;529
2020-08-30;"Košický kraj";21;0;0;0;NA;76187;21;2020-08-30;520
2020-08-29;"Košický kraj";1;0;0;0;NA;76187;1;2020-08-29;499
2020-08-28;"Košický kraj";19;0;0;0;NA;76187;19;2020-08-28;498
2020-08-27;"Košický kraj";15;0;0;0;NA;76187;15;2020-08-27;479
2020-08-26;"Košický kraj";8;0;0;0;NA;76187;8;2020-08-26;464
2020-08-25;"Košický kraj";23;0;0;0;NA;76187;23;2020-08-25;456
2020-08-24;"Košický kraj";6;0;0;0;NA;76187;6;2020-08-24;433
2020-08-23;"Košický kraj";8;0;0;0;NA;76187;8;2020-08-23;427
2020-08-22;"Košický kraj";13;0;0;0;NA;76187;13;2020-08-22;419
2020-08-21;"Košický kraj";10;0;0;0;NA;76187;10;2020-08-21;406
2020-08-20;"Košický kraj";10;0;0;0;NA;76187;10;2020-08-20;396
2020-08-19;"Košický kraj";3;0;0;0;NA;76187;3;2020-08-19;386
2020-08-18;"Košický kraj";7;0;0;0;NA;76187;7;2020-08-18;383
2020-08-17;"Košický kraj";2;0;0;0;NA;76187;2;2020-08-17;376
2020-08-16;"Košický kraj";2;0;0;0;NA;76187;2;2020-08-16;374
2020-08-15;"Košický kraj";3;0;0;0;NA;76187;3;2020-08-15;372
2020-08-14;"Košický kraj";1;0;0;0;NA;76187;1;2020-08-14;369
2020-08-13;"Košický kraj";3;0;0;0;NA;76187;3;2020-08-13;368
2020-08-12;"Košický kraj";12;0;0;0;NA;76187;12;2020-08-12;365
2020-08-11;"Košický kraj";5;0;0;0;NA;76187;5;2020-08-11;353
2020-08-10;"Košický kraj";1;0;0;0;NA;76187;1;2020-08-10;348
2020-08-08;"Košický kraj";5;0;0;0;NA;76187;5;2020-08-08;347
2020-08-07;"Košický kraj";7;0;0;0;NA;76187;7;2020-08-07;342
2020-08-06;"Košický kraj";3;0;0;0;NA;76187;3;2020-08-06;335
2020-08-05;"Košický kraj";4;0;0;0;NA;76187;4;2020-08-05;332
2020-08-04;"Košický kraj";1;0;0;0;NA;76187;1;2020-08-04;328
2020-08-03;"Košický kraj";1;0;0;0;NA;76187;1;2020-08-03;327
2020-07-30;"Košický kraj";2;0;0;0;NA;76187;2;2020-07-30;326
2020-07-29;"Košický kraj";1;0;0;0;NA;76187;1;2020-07-29;324
2020-07-28;"Košický kraj";9;0;0;0;NA;76187;9;2020-07-28;323
2020-07-27;"Košický kraj";4;0;0;0;NA;76187;4;2020-07-27;314
2020-07-25;"Košický kraj";2;0;0;0;NA;76187;2;2020-07-25;310
2020-07-24;"Košický kraj";2;0;0;0;NA;76187;2;2020-07-24;308
2020-07-23;"Košický kraj";1;0;0;0;NA;76187;1;2020-07-23;306
2020-07-22;"Košický kraj";1;0;0;0;NA;76187;1;2020-07-22;305
2020-07-18;"Košický kraj";1;0;0;0;NA;76187;1;2020-07-18;304
2020-07-17;"Košický kraj";1;0;0;0;NA;76187;1;2020-07-17;303
2020-07-15;"Košický kraj";2;0;0;0;NA;76187;2;2020-07-15;302
2020-07-14;"Košický kraj";1;0;0;0;NA;76187;1;2020-07-14;300
2020-07-13;"Košický kraj";1;0;0;0;NA;76187;1;2020-07-13;299
2020-07-10;"Košický kraj";1;0;0;0;NA;76187;1;2020-07-10;298
2020-07-09;"Košický kraj";1;0;0;0;NA;76187;1;2020-07-09;297
2020-07-08;"Košický kraj";12;0;0;0;NA;76187;12;2020-07-08;296
2020-07-03;"Košický kraj";1;0;0;0;NA;76187;1;2020-07-03;284
2020-07-01;"Košický kraj";1;0;0;0;NA;76187;1;2020-07-01;283
2020-06-25;"Košický kraj";3;0;0;0;NA;76187;3;2020-06-25;282
2020-06-24;"Košický kraj";3;0;0;0;NA;76187;3;2020-06-24;279
2020-06-23;"Košický kraj";3;0;0;0;NA;76187;3;2020-06-23;276
2020-06-18;"Košický kraj";1;0;0;0;NA;76187;1;2020-06-18;273
2020-06-16;"Košický kraj";2;0;0;0;NA;76187;2;2020-06-16;272
2020-06-10;"Košický kraj";6;0;0;0;NA;76187;6;2020-06-10;270
2020-06-07;"Košický kraj";2;0;0;0;NA;76187;2;2020-06-07;264
2020-06-02;"Košický kraj";1;0;0;0;NA;76187;1;2020-06-02;262
2020-05-29;"Košický kraj";1;0;0;0;NA;76187;1;2020-05-29;261
2020-05-26;"Košický kraj";1;0;0;0;NA;76187;1;2020-05-26;260
2020-05-25;"Košický kraj";1;0;0;0;NA;76187;1;2020-05-25;259
2020-05-20;"Košický kraj";3;0;0;0;NA;76187;3;2020-05-20;258
2020-05-17;"Košický kraj";1;0;0;0;NA;76187;1;2020-05-17;255
2020-05-16;"Košický kraj";1;0;0;0;NA;76187;1;2020-05-16;254
2020-05-15;"Košický kraj";10;0;0;0;NA;76187;10;2020-05-15;253
2020-05-14;"Košický kraj";1;0;0;0;NA;76187;1;2020-05-14;243
2020-05-13;"Košický kraj";6;0;0;0;NA;76187;6;2020-05-13;242
2020-05-06;"Košický kraj";1;0;0;0;NA;76187;1;2020-05-06;236
2020-05-02;"Košický kraj";1;0;0;0;NA;76187;1;2020-05-02;235
2020-04-30;"Košický kraj";1;0;0;0;NA;76187;1;2020-04-30;234
2020-04-29;"Košický kraj";1;0;0;0;NA;76187;1;2020-04-29;233
2020-04-28;"Košický kraj";1;0;0;0;NA;76187;1;2020-04-28;232
2020-04-27;"Košický kraj";1;0;0;0;NA;76187;1;2020-04-27;231
2020-04-24;"Košický kraj";3;0;0;0;NA;76187;3;2020-04-24;230
2020-04-23;"Košický kraj";4;0;0;0;NA;76187;4;2020-04-23;227
2020-04-22;"Košický kraj";21;0;0;0;NA;76187;21;2020-04-22;223
2020-04-21;"Košický kraj";4;0;0;0;NA;76187;4;2020-04-21;202
2020-04-19;"Košický kraj";1;0;0;0;NA;76187;1;2020-04-19;198
2020-04-18;"Košický kraj";2;0;0;0;NA;76187;2;2020-04-18;197
2020-04-17;"Košický kraj";7;0;0;0;NA;76187;7;2020-04-17;195
2020-04-16;"Košický kraj";29;0;0;0;NA;76187;29;2020-04-16;188
2020-04-15;"Košický kraj";50;0;0;0;NA;76187;50;2020-04-15;159
2020-04-14;"Košický kraj";4;0;0;0;NA;76187;4;2020-04-14;109
2020-04-13;"Košický kraj";5;0;0;0;NA;76187;5;2020-04-13;105
2020-04-12;"Košický kraj";4;0;0;0;NA;76187;4;2020-04-12;100
2020-04-11;"Košický kraj";2;0;0;0;NA;76187;2;2020-04-11;96
2020-04-10;"Košický kraj";1;0;0;0;NA;76187;1;2020-04-10;94
2020-04-09;"Košický kraj";4;0;0;0;NA;76187;4;2020-04-09;93
2020-04-08;"Košický kraj";5;0;0;0;NA;76187;5;2020-04-08;89
2020-04-07;"Košický kraj";34;0;0;0;NA;76187;34;2020-04-07;84
2020-04-06;"Košický kraj";6;0;0;0;NA;76187;6;2020-04-06;50
2020-04-05;"Košický kraj";4;0;0;0;NA;76187;4;2020-04-05;44
2020-04-04;"Košický kraj";5;0;0;0;NA;76187;5;2020-04-04;40
2020-04-03;"Košický kraj";4;0;0;0;NA;76187;4;2020-04-03;35
2020-04-02;"Košický kraj";3;0;0;0;NA;76187;3;2020-04-02;31
2020-04-01;"Košický kraj";3;0;0;0;NA;76187;3;2020-04-01;28
2020-03-31;"Košický kraj";1;0;0;0;NA;76187;1;2020-03-31;25
2020-03-30;"Košický kraj";5;0;0;0;NA;76187;5;2020-03-30;24
2020-03-28;"Košický kraj";1;0;0;0;NA;76187;1;2020-03-28;19
2020-03-27;"Košický kraj";1;0;0;0;NA;76187;1;2020-03-27;18
2020-03-26;"Košický kraj";3;0;0;0;NA;76187;3;2020-03-26;17
2020-03-25;"Košický kraj";2;0;0;0;NA;76187;2;2020-03-25;14
2020-03-23;"Košický kraj";2;0;0;0;NA;76187;2;2020-03-23;12
2020-03-21;"Košický kraj";3;0;0;0;NA;76187;3;2020-03-21;10
2020-03-20;"Košický kraj";1;0;0;0;NA;76187;1;2020-03-20;7
2020-03-16;"Košický kraj";3;0;0;0;NA;76187;3;2020-03-16;6
2020-03-15;"Košický kraj";1;0;0;0;NA;76187;1;2020-03-15;3
2020-03-13;"Košický kraj";2;0;0;0;NA;76187;2;2020-03-13;2
2020-03-09;"Košický kraj";1;0;0;0;NA;76187;1;2020-03-09;0
2021-04-08;"Nitriansky kraj";71;13207;28;13235;37811;76748;99;2021-04-08;76748
2021-04-07;"Nitriansky kraj";64;18337;43;18380;NA;76748;107;2021-04-07;76649
2021-04-06;"Nitriansky kraj";65;32988;112;33100;NA;76748;177;2021-04-06;76542
2021-04-05;"Nitriansky kraj";37;11377;48;11425;NA;76748;85;2021-04-05;76365
2021-04-04;"Nitriansky kraj";5;5396;16;5412;NA;76748;21;2021-04-04;76280
2021-04-03;"Nitriansky kraj";26;71595;137;71732;NA;76748;163;2021-04-03;76259
2021-04-02;"Nitriansky kraj";32;15517;36;15553;NA;76748;68;2021-04-02;76096
2021-04-01;"Nitriansky kraj";63;23182;77;23259;NA;76748;140;2021-04-01;76028
2021-03-31;"Nitriansky kraj";73;20562;92;20654;NA;76748;165;2021-03-31;75888
2021-03-30;"Nitriansky kraj";125;17010;83;17093;NA;76748;208;2021-03-30;75723
2021-03-29;"Nitriansky kraj";81;24090;96;24186;NA;76748;177;2021-03-29;75515
2021-03-28;"Nitriansky kraj";6;16442;36;16478;NA;76748;42;2021-03-28;75338
2021-03-27;"Nitriansky kraj";39;96306;165;96471;NA;76748;204;2021-03-27;75296
2021-03-26;"Nitriansky kraj";90;40459;115;40574;NA;76748;205;2021-03-26;75092
2021-03-25;"Nitriansky kraj";95;19149;94;19243;NA;76748;189;2021-03-25;74887
2021-03-24;"Nitriansky kraj";90;14784;91;14875;NA;76748;181;2021-03-24;74698
2021-03-23;"Nitriansky kraj";167;16745;66;16811;NA;76748;233;2021-03-23;74517
2021-03-22;"Nitriansky kraj";101;23719;124;23843;NA;76748;225;2021-03-22;74284
2021-03-21;"Nitriansky kraj";27;26335;81;26416;NA;76748;108;2021-03-21;74059
2021-03-20;"Nitriansky kraj";36;99816;207;100023;NA;76748;243;2021-03-20;73951
2021-03-19;"Nitriansky kraj";76;36691;98;36789;NA;76748;174;2021-03-19;73708
2021-03-18;"Nitriansky kraj";103;19717;111;19828;NA;76748;214;2021-03-18;73534
2021-03-17;"Nitriansky kraj";87;15832;127;15959;NA;76748;214;2021-03-17;73320
2021-03-16;"Nitriansky kraj";172;18289;124;18413;NA;76748;296;2021-03-16;73106
2021-03-15;"Nitriansky kraj";130;24491;165;24656;NA;76748;295;2021-03-15;72810
2021-03-14;"Nitriansky kraj";3;13797;28;13825;NA;76748;31;2021-03-14;72515
2021-03-13;"Nitriansky kraj";65;111947;242;112189;NA;76748;307;2021-03-13;72484
2021-03-12;"Nitriansky kraj";127;40499;155;40654;NA;76748;282;2021-03-12;72177
2021-03-11;"Nitriansky kraj";131;18879;132;19011;NA;76748;263;2021-03-11;71895
2021-03-10;"Nitriansky kraj";96;17422;143;17565;NA;76748;239;2021-03-10;71632
2021-03-09;"Nitriansky kraj";260;17615;149;17764;NA;76748;409;2021-03-09;71393
2021-03-08;"Nitriansky kraj";145;27214;172;27386;NA;76748;317;2021-03-08;70984
2021-03-07;"Nitriansky kraj";48;37382;136;37518;NA;76748;184;2021-03-07;70667
2021-03-06;"Nitriansky kraj";86;110858;326;111184;NA;76748;412;2021-03-06;70483
2021-03-05;"Nitriansky kraj";133;39068;200;39268;NA;76748;333;2021-03-05;70071
2021-03-04;"Nitriansky kraj";176;17773;172;17945;NA;76748;348;2021-03-04;69738
2021-03-03;"Nitriansky kraj";172;16976;174;17150;NA;76748;346;2021-03-03;69390
2021-03-02;"Nitriansky kraj";274;20992;366;21358;NA;76748;640;2021-03-02;69044
2021-03-01;"Nitriansky kraj";133;27881;279;28160;NA;76748;412;2021-03-01;68404
2021-02-28;"Nitriansky kraj";80;0;0;0;NA;76748;80;2021-02-28;67992
2021-02-27;"Nitriansky kraj";101;0;0;0;NA;76748;101;2021-02-27;67912
2021-02-26;"Nitriansky kraj";109;0;0;0;NA;76748;109;2021-02-26;67811
2021-02-25;"Nitriansky kraj";188;0;0;0;NA;76748;188;2021-02-25;67702
2021-02-24;"Nitriansky kraj";125;0;0;0;NA;76748;125;2021-02-24;67514
2021-02-23;"Nitriansky kraj";273;0;0;0;NA;76748;273;2021-02-23;67389
2021-02-22;"Nitriansky kraj";154;0;0;0;NA;76748;154;2021-02-22;67116
2021-02-21;"Nitriansky kraj";22;0;0;0;NA;76748;22;2021-02-21;66962
2021-02-20;"Nitriansky kraj";128;0;0;0;NA;76748;128;2021-02-20;66940
2021-02-19;"Nitriansky kraj";173;0;0;0;NA;76748;173;2021-02-19;66812
2021-02-18;"Nitriansky kraj";202;0;0;0;NA;76748;202;2021-02-18;66639
2021-02-17;"Nitriansky kraj";198;0;0;0;NA;76748;198;2021-02-17;66437
2021-02-16;"Nitriansky kraj";284;0;0;0;NA;76748;284;2021-02-16;66239
2021-02-15;"Nitriansky kraj";122;0;0;0;NA;76748;122;2021-02-15;65955
2021-02-14;"Nitriansky kraj";8;0;0;0;NA;76748;8;2021-02-14;65833
2021-02-13;"Nitriansky kraj";127;0;0;0;NA;76748;127;2021-02-13;65825
2021-02-12;"Nitriansky kraj";162;0;0;0;NA;76748;162;2021-02-12;65698
2021-02-11;"Nitriansky kraj";195;0;0;0;NA;76748;195;2021-02-11;65536
2021-02-10;"Nitriansky kraj";186;0;0;0;NA;76748;186;2021-02-10;65341
2021-02-09;"Nitriansky kraj";260;0;0;0;NA;76748;260;2021-02-09;65155
2021-02-08;"Nitriansky kraj";177;0;0;0;NA;76748;177;2021-02-08;64895
2021-02-07;"Nitriansky kraj";20;0;0;0;NA;76748;20;2021-02-07;64718
2021-02-06;"Nitriansky kraj";129;0;0;0;NA;76748;129;2021-02-06;64698
2021-02-05;"Nitriansky kraj";244;0;0;0;NA;76748;244;2021-02-05;64569
2021-02-04;"Nitriansky kraj";308;0;0;0;NA;76748;308;2021-02-04;64325
2021-02-03;"Nitriansky kraj";191;0;0;0;NA;76748;191;2021-02-03;64017
2021-02-02;"Nitriansky kraj";327;0;0;0;NA;76748;327;2021-02-02;63826
2021-02-01;"Nitriansky kraj";221;0;0;0;NA;76748;221;2021-02-01;63499
2021-01-31;"Nitriansky kraj";9;22797;242;23039;NA;76748;251;2021-01-31;63278
2021-01-30;"Nitriansky kraj";152;90392;930;91322;NA;76748;1082;2021-01-30;63027
2021-01-29;"Nitriansky kraj";302;23757;488;24245;NA;76748;790;2021-01-29;61945
2021-01-28;"Nitriansky kraj";269;11370;398;11768;NA;76748;667;2021-01-28;61155
2021-01-27;"Nitriansky kraj";235;6759;299;7058;NA;76748;534;2021-01-27;60488
2021-01-26;"Nitriansky kraj";345;16036;454;16490;NA;76748;799;2021-01-26;59954
2021-01-25;"Nitriansky kraj";201;21729;429;22158;NA;76748;630;2021-01-25;59155
2021-01-24;"Nitriansky kraj";12;64769;642;65411;NA;76748;654;2021-01-24;58525
2021-01-23;"Nitriansky kraj";277;96435;1431;97866;NA;76748;1708;2021-01-23;57871
2021-01-22;"Nitriansky kraj";139;35406;614;36020;NA;76748;753;2021-01-22;56163
2021-01-21;"Nitriansky kraj";305;14649;412;15061;NA;76748;717;2021-01-21;55410
2021-01-20;"Nitriansky kraj";326;11991;625;12616;NA;76748;951;2021-01-20;54693
2021-01-19;"Nitriansky kraj";344;11022;633;11655;NA;76748;977;2021-01-19;53742
2021-01-18;"Nitriansky kraj";367;8672;511;9183;NA;76748;878;2021-01-18;52765
2021-01-17;"Nitriansky kraj";97;15061;275;15336;NA;76748;372;2021-01-17;51887
2021-01-16;"Nitriansky kraj";64;36174;646;36820;NA;76748;710;2021-01-16;51515
2021-01-15;"Nitriansky kraj";373;15940;474;16414;NA;76748;847;2021-01-15;50805
2021-01-14;"Nitriansky kraj";627;10577;452;11029;NA;76748;1079;2021-01-14;49958
2021-01-13;"Nitriansky kraj";663;9234;484;9718;NA;76748;1147;2021-01-13;48879
2021-01-12;"Nitriansky kraj";642;9014;557;9571;NA;76748;1199;2021-01-12;47732
2021-01-11;"Nitriansky kraj";422;8625;556;9181;NA;76748;978;2021-01-11;46533
2021-01-10;"Nitriansky kraj";44;19841;730;20571;NA;76748;774;2021-01-10;45555
2021-01-09;"Nitriansky kraj";532;36823;1071;37894;NA;76748;1603;2021-01-09;44781
2021-01-08;"Nitriansky kraj";817;14297;711;15008;NA;76748;1528;2021-01-08;43178
2021-01-07;"Nitriansky kraj";438;10820;823;11643;NA;76748;1261;2021-01-07;41650
2021-01-06;"Nitriansky kraj";259;3192;197;3389;NA;76748;456;2021-01-06;40389
2021-01-05;"Nitriansky kraj";732;8901;1202;10103;NA;76748;1934;2021-01-05;39933
2021-01-04;"Nitriansky kraj";362;8692;1329;10021;NA;76748;1691;2021-01-04;37999
2021-01-03;"Nitriansky kraj";42;84;20;104;NA;76748;62;2021-01-03;36308
2021-01-02;"Nitriansky kraj";249;1090;26;1116;NA;76748;275;2021-01-02;36246
2021-01-01;"Nitriansky kraj";119;671;94;765;NA;76748;213;2021-01-01;35971
2020-12-31;"Nitriansky kraj";786;7646;962;8608;NA;76748;1748;2020-12-31;35758
2020-12-30;"Nitriansky kraj";1094;9587;1163;10750;NA;76748;2257;2020-12-30;34010
2020-12-29;"Nitriansky kraj";607;7999;1270;9269;NA;76748;1877;2020-12-29;31753
2020-12-28;"Nitriansky kraj";83;6853;1267;8120;NA;76748;1350;2020-12-28;29876
2020-12-27;"Nitriansky kraj";22;36;2;38;NA;76748;24;2020-12-27;28526
2020-12-26;"Nitriansky kraj";54;297;56;353;NA;76748;110;2020-12-26;28502
2020-12-25;"Nitriansky kraj";35;47;5;52;NA;76748;40;2020-12-25;28392
2020-12-24;"Nitriansky kraj";514;1839;170;2009;NA;76748;684;2020-12-24;28352
2020-12-23;"Nitriansky kraj";349;15242;837;16079;NA;76748;1186;2020-12-23;27668
2020-12-22;"Nitriansky kraj";673;10567;979;11546;NA;76748;1652;2020-12-22;26482
2020-12-21;"Nitriansky kraj";128;7857;966;8823;NA;76748;1094;2020-12-21;24830
2020-12-20;"Nitriansky kraj";77;50;10;60;NA;76748;87;2020-12-20;23736
2020-12-19;"Nitriansky kraj";262;2259;159;2418;NA;76748;421;2020-12-19;23649
2020-12-18;"Nitriansky kraj";512;8399;550;8949;NA;76748;1062;2020-12-18;23228
2020-12-17;"Nitriansky kraj";586;6820;510;7330;NA;76748;1096;2020-12-17;22166
2020-12-16;"Nitriansky kraj";357;8513;543;9056;NA;76748;900;2020-12-16;21070
2020-12-15;"Nitriansky kraj";461;9035;765;9800;NA;76748;1226;2020-12-15;20170
2020-12-14;"Nitriansky kraj";217;8089;827;8916;NA;76748;1044;2020-12-14;18944
2020-12-13;"Nitriansky kraj";12;9;1;10;NA;76748;13;2020-12-13;17900
2020-12-12;"Nitriansky kraj";341;1832;125;1957;NA;76748;466;2020-12-12;17887
2020-12-11;"Nitriansky kraj";409;5431;416;5847;NA;76748;825;2020-12-11;17421
2020-12-10;"Nitriansky kraj";360;5473;351;5824;NA;76748;711;2020-12-10;16596
2020-12-09;"Nitriansky kraj";362;5506;529;6035;NA;76748;891;2020-12-09;15885
2020-12-08;"Nitriansky kraj";340;8611;589;9200;NA;76748;929;2020-12-08;14994
2020-12-07;"Nitriansky kraj";139;6138;568;6706;NA;76748;707;2020-12-07;14065
2020-12-06;"Nitriansky kraj";15;89;4;93;NA;76748;19;2020-12-06;13358
2020-12-05;"Nitriansky kraj";136;618;14;632;NA;76748;150;2020-12-05;13339
2020-12-04;"Nitriansky kraj";232;2884;74;2958;NA;76748;306;2020-12-04;13189
2020-12-03;"Nitriansky kraj";248;2471;110;2581;NA;76748;358;2020-12-03;12883
2020-12-02;"Nitriansky kraj";252;3664;161;3825;NA;76748;413;2020-12-02;12525
2020-12-01;"Nitriansky kraj";331;2891;131;3022;NA;76748;462;2020-12-01;12112
2020-11-30;"Nitriansky kraj";91;4228;188;4416;NA;76748;279;2020-11-30;11650
2020-11-29;"Nitriansky kraj";3;620;42;662;NA;76748;45;2020-11-29;11371
2020-11-28;"Nitriansky kraj";135;892;31;923;NA;76748;166;2020-11-28;11326
2020-11-27;"Nitriansky kraj";177;1229;43;1272;NA;76748;220;2020-11-27;11160
2020-11-26;"Nitriansky kraj";191;2262;57;2319;NA;76748;248;2020-11-26;10940
2020-11-25;"Nitriansky kraj";325;1993;66;2059;NA;76748;391;2020-11-25;10692
2020-11-24;"Nitriansky kraj";147;1141;50;1191;NA;76748;197;2020-11-24;10301
2020-11-23;"Nitriansky kraj";102;9562;206;9768;NA;76748;308;2020-11-23;10104
2020-11-22;"Nitriansky kraj";7;0;0;0;NA;76748;7;2020-11-22;9796
2020-11-21;"Nitriansky kraj";86;1083;38;1121;NA;76748;124;2020-11-21;9789
2020-11-20;"Nitriansky kraj";264;4020;101;4121;NA;76748;365;2020-11-20;9665
2020-11-19;"Nitriansky kraj";185;2953;133;3086;NA;76748;318;2020-11-19;9300
2020-11-18;"Nitriansky kraj";188;2109;77;2186;NA;76748;265;2020-11-18;8982
2020-11-17;"Nitriansky kraj";178;596;29;625;NA;76748;207;2020-11-17;8717
2020-11-16;"Nitriansky kraj";139;1836;75;1911;NA;76748;214;2020-11-16;8510
2020-11-15;"Nitriansky kraj";14;10;1;11;NA;76748;15;2020-11-15;8296
2020-11-14;"Nitriansky kraj";114;1131;32;1163;NA;76748;146;2020-11-14;8281
2020-11-13;"Nitriansky kraj";210;936;46;982;NA;76748;256;2020-11-13;8135
2020-11-12;"Nitriansky kraj";256;1195;35;1230;NA;76748;291;2020-11-12;7879
2020-11-11;"Nitriansky kraj";279;1247;22;1269;NA;76748;301;2020-11-11;7588
2020-11-10;"Nitriansky kraj";192;2623;39;2662;NA;76748;231;2020-11-10;7287
2020-11-09;"Nitriansky kraj";128;3136;43;3179;NA;76748;171;2020-11-09;7056
2020-11-08;"Nitriansky kraj";43;1462;32;1494;NA;76748;75;2020-11-08;6885
2020-11-07;"Nitriansky kraj";130;1046;4;1050;NA;76748;134;2020-11-07;6810
2020-11-06;"Nitriansky kraj";210;2264;32;2296;NA;76748;242;2020-11-06;6676
2020-11-05;"Nitriansky kraj";178;295;12;307;NA;76748;190;2020-11-05;6434
2020-11-04;"Nitriansky kraj";211;297;16;313;NA;76748;227;2020-11-04;6244
2020-11-03;"Nitriansky kraj";216;435;25;460;NA;76748;241;2020-11-03;6017
2020-11-02;"Nitriansky kraj";171;4208;46;4254;NA;76748;217;2020-11-02;5776
2020-11-01;"Nitriansky kraj";130;2546;27;2573;NA;76748;157;2020-11-01;5559
2020-10-31;"Nitriansky kraj";261;10402;134;10536;NA;76748;395;2020-10-31;5402
2020-10-30;"Nitriansky kraj";204;2380;21;2401;NA;76748;225;2020-10-30;5007
2020-10-29;"Nitriansky kraj";293;841;39;880;NA;76748;332;2020-10-29;4782
2020-10-28;"Nitriansky kraj";216;608;59;667;NA;76748;275;2020-10-28;4450
2020-10-27;"Nitriansky kraj";296;550;47;597;NA;76748;343;2020-10-27;4175
2020-10-26;"Nitriansky kraj";69;633;56;689;NA;76748;125;2020-10-26;3832
2020-10-25;"Nitriansky kraj";50;40;6;46;NA;76748;56;2020-10-25;3707
2020-10-24;"Nitriansky kraj";169;237;11;248;NA;76748;180;2020-10-24;3651
2020-10-23;"Nitriansky kraj";282;762;41;803;NA;76748;323;2020-10-23;3471
2020-10-22;"Nitriansky kraj";137;444;39;483;NA;76748;176;2020-10-22;3148
2020-10-21;"Nitriansky kraj";146;208;3;211;NA;76748;149;2020-10-21;2972
2020-10-20;"Nitriansky kraj";197;78;6;84;NA;76748;203;2020-10-20;2823
2020-10-19;"Nitriansky kraj";148;79;1;80;NA;76748;149;2020-10-19;2620
2020-10-18;"Nitriansky kraj";22;0;0;0;NA;76748;22;2020-10-18;2471
2020-10-17;"Nitriansky kraj";67;0;0;0;NA;76748;67;2020-10-17;2449
2020-10-16;"Nitriansky kraj";133;28;3;31;NA;76748;136;2020-10-16;2382
2020-10-15;"Nitriansky kraj";106;31;2;33;NA;76748;108;2020-10-15;2246
2020-10-14;"Nitriansky kraj";80;22;4;26;NA;76748;84;2020-10-14;2138
2020-10-13;"Nitriansky kraj";101;82;2;84;NA;76748;103;2020-10-13;2054
2020-10-12;"Nitriansky kraj";36;0;0;0;NA;76748;36;2020-10-12;1951
2020-10-11;"Nitriansky kraj";8;0;0;0;NA;76748;8;2020-10-11;1915
2020-10-10;"Nitriansky kraj";107;0;0;0;NA;76748;107;2020-10-10;1907
2020-10-09;"Nitriansky kraj";120;0;0;0;NA;76748;120;2020-10-09;1800
2020-10-08;"Nitriansky kraj";132;0;0;0;NA;76748;132;2020-10-08;1680
2020-10-07;"Nitriansky kraj";81;0;0;0;NA;76748;81;2020-10-07;1548
2020-10-06;"Nitriansky kraj";48;0;0;0;NA;76748;48;2020-10-06;1467
2020-10-05;"Nitriansky kraj";20;0;0;0;NA;76748;20;2020-10-05;1419
2020-10-04;"Nitriansky kraj";17;0;0;0;NA;76748;17;2020-10-04;1399
2020-10-03;"Nitriansky kraj";96;0;0;0;NA;76748;96;2020-10-03;1382
2020-10-02;"Nitriansky kraj";108;0;0;0;NA;76748;108;2020-10-02;1286
2020-10-01;"Nitriansky kraj";95;0;0;0;NA;76748;95;2020-10-01;1178
2020-09-30;"Nitriansky kraj";100;0;0;0;NA;76748;100;2020-09-30;1083
2020-09-29;"Nitriansky kraj";50;0;0;0;NA;76748;50;2020-09-29;983
2020-09-28;"Nitriansky kraj";22;0;0;0;NA;76748;22;2020-09-28;933
2020-09-27;"Nitriansky kraj";16;0;0;0;NA;76748;16;2020-09-27;911
2020-09-26;"Nitriansky kraj";64;0;0;0;NA;76748;64;2020-09-26;895
2020-09-25;"Nitriansky kraj";90;0;0;0;NA;76748;90;2020-09-25;831
2020-09-24;"Nitriansky kraj";51;0;0;0;NA;76748;51;2020-09-24;741
2020-09-23;"Nitriansky kraj";70;0;0;0;NA;76748;70;2020-09-23;690
2020-09-22;"Nitriansky kraj";18;0;0;0;NA;76748;18;2020-09-22;620
2020-09-21;"Nitriansky kraj";10;0;0;0;NA;76748;10;2020-09-21;602
2020-09-20;"Nitriansky kraj";4;0;0;0;NA;76748;4;2020-09-20;592
2020-09-19;"Nitriansky kraj";14;0;0;0;NA;76748;14;2020-09-19;588
2020-09-18;"Nitriansky kraj";19;0;0;0;NA;76748;19;2020-09-18;574
2020-09-17;"Nitriansky kraj";30;0;0;0;NA;76748;30;2020-09-17;555
2020-09-16;"Nitriansky kraj";6;0;0;0;NA;76748;6;2020-09-16;525
2020-09-15;"Nitriansky kraj";19;0;0;0;NA;76748;19;2020-09-15;519
2020-09-14;"Nitriansky kraj";28;0;0;0;NA;76748;28;2020-09-14;500
2020-09-13;"Nitriansky kraj";3;0;0;0;NA;76748;3;2020-09-13;472
2020-09-12;"Nitriansky kraj";12;0;0;0;NA;76748;12;2020-09-12;469
2020-09-11;"Nitriansky kraj";23;0;0;0;NA;76748;23;2020-09-11;457
2020-09-10;"Nitriansky kraj";29;0;0;0;NA;76748;29;2020-09-10;434
2020-09-09;"Nitriansky kraj";19;0;0;0;NA;76748;19;2020-09-09;405
2020-09-08;"Nitriansky kraj";17;0;0;0;NA;76748;17;2020-09-08;386
2020-09-07;"Nitriansky kraj";17;0;0;0;NA;76748;17;2020-09-07;369
2020-09-05;"Nitriansky kraj";22;0;0;0;NA;76748;22;2020-09-05;352
2020-09-04;"Nitriansky kraj";34;0;0;0;NA;76748;34;2020-09-04;330
2020-09-03;"Nitriansky kraj";15;0;0;0;NA;76748;15;2020-09-03;296
2020-09-02;"Nitriansky kraj";15;0;0;0;NA;76748;15;2020-09-02;281
2020-09-01;"Nitriansky kraj";2;0;0;0;NA;76748;2;2020-09-01;266
2020-08-31;"Nitriansky kraj";12;0;0;0;NA;76748;12;2020-08-31;264
2020-08-30;"Nitriansky kraj";1;0;0;0;NA;76748;1;2020-08-30;252
2020-08-29;"Nitriansky kraj";7;0;0;0;NA;76748;7;2020-08-29;251
2020-08-28;"Nitriansky kraj";12;0;0;0;NA;76748;12;2020-08-28;244
2020-08-27;"Nitriansky kraj";12;0;0;0;NA;76748;12;2020-08-27;232
2020-08-26;"Nitriansky kraj";4;0;0;0;NA;76748;4;2020-08-26;220
2020-08-25;"Nitriansky kraj";8;0;0;0;NA;76748;8;2020-08-25;216
2020-08-24;"Nitriansky kraj";1;0;0;0;NA;76748;1;2020-08-24;208
2020-08-23;"Nitriansky kraj";1;0;0;0;NA;76748;1;2020-08-23;207
2020-08-22;"Nitriansky kraj";2;0;0;0;NA;76748;2;2020-08-22;206
2020-08-20;"Nitriansky kraj";7;0;0;0;NA;76748;7;2020-08-20;204
2020-08-19;"Nitriansky kraj";1;0;0;0;NA;76748;1;2020-08-19;197
2020-08-18;"Nitriansky kraj";2;0;0;0;NA;76748;2;2020-08-18;196
2020-08-17;"Nitriansky kraj";1;0;0;0;NA;76748;1;2020-08-17;194
2020-08-15;"Nitriansky kraj";2;0;0;0;NA;76748;2;2020-08-15;193
2020-08-14;"Nitriansky kraj";1;0;0;0;NA;76748;1;2020-08-14;191
2020-08-13;"Nitriansky kraj";4;0;0;0;NA;76748;4;2020-08-13;190
2020-08-11;"Nitriansky kraj";1;0;0;0;NA;76748;1;2020-08-11;186
2020-08-07;"Nitriansky kraj";4;0;0;0;NA;76748;4;2020-08-07;185
2020-08-06;"Nitriansky kraj";4;0;0;0;NA;76748;4;2020-08-06;181
2020-08-04;"Nitriansky kraj";7;0;0;0;NA;76748;7;2020-08-04;177
2020-07-24;"Nitriansky kraj";1;0;0;0;NA;76748;1;2020-07-24;170
2020-07-23;"Nitriansky kraj";3;0;0;0;NA;76748;3;2020-07-23;169
2020-07-22;"Nitriansky kraj";2;0;0;0;NA;76748;2;2020-07-22;166
2020-07-21;"Nitriansky kraj";14;0;0;0;NA;76748;14;2020-07-21;164
2020-07-20;"Nitriansky kraj";11;0;0;0;NA;76748;11;2020-07-20;150
2020-07-16;"Nitriansky kraj";4;0;0;0;NA;76748;4;2020-07-16;139
2020-07-15;"Nitriansky kraj";5;0;0;0;NA;76748;5;2020-07-15;135
2020-07-09;"Nitriansky kraj";1;0;0;0;NA;76748;1;2020-07-09;130
2020-07-08;"Nitriansky kraj";2;0;0;0;NA;76748;2;2020-07-08;129
2020-07-01;"Nitriansky kraj";3;0;0;0;NA;76748;3;2020-07-01;127
2020-06-24;"Nitriansky kraj";1;0;0;0;NA;76748;1;2020-06-24;124
2020-06-10;"Nitriansky kraj";1;0;0;0;NA;76748;1;2020-06-10;123
2020-06-09;"Nitriansky kraj";1;0;0;0;NA;76748;1;2020-06-09;122
2020-06-02;"Nitriansky kraj";1;0;0;0;NA;76748;1;2020-06-02;121
2020-05-24;"Nitriansky kraj";2;0;0;0;NA;76748;2;2020-05-24;120
2020-05-22;"Nitriansky kraj";1;0;0;0;NA;76748;1;2020-05-22;118
2020-05-15;"Nitriansky kraj";1;0;0;0;NA;76748;1;2020-05-15;117
2020-05-11;"Nitriansky kraj";2;0;0;0;NA;76748;2;2020-05-11;116
2020-05-07;"Nitriansky kraj";1;0;0;0;NA;76748;1;2020-05-07;114
2020-05-06;"Nitriansky kraj";9;0;0;0;NA;76748;9;2020-05-06;113
2020-05-04;"Nitriansky kraj";5;0;0;0;NA;76748;5;2020-05-04;104
2020-05-03;"Nitriansky kraj";2;0;0;0;NA;76748;2;2020-05-03;99
2020-05-01;"Nitriansky kraj";1;0;0;0;NA;76748;1;2020-05-01;97
2020-04-28;"Nitriansky kraj";1;0;0;0;NA;76748;1;2020-04-28;96
2020-04-23;"Nitriansky kraj";3;0;0;0;NA;76748;3;2020-04-23;95
2020-04-22;"Nitriansky kraj";16;0;0;0;NA;76748;16;2020-04-22;92
2020-04-21;"Nitriansky kraj";6;0;0;0;NA;76748;6;2020-04-21;76
2020-04-20;"Nitriansky kraj";5;0;0;0;NA;76748;5;2020-04-20;70
2020-04-17;"Nitriansky kraj";7;0;0;0;NA;76748;7;2020-04-17;65
2020-04-15;"Nitriansky kraj";6;0;0;0;NA;76748;6;2020-04-15;58
2020-04-14;"Nitriansky kraj";2;0;0;0;NA;76748;2;2020-04-14;52
2020-04-13;"Nitriansky kraj";1;0;0;0;NA;76748;1;2020-04-13;50
2020-04-12;"Nitriansky kraj";3;0;0;0;NA;76748;3;2020-04-12;49
2020-04-11;"Nitriansky kraj";1;0;0;0;NA;76748;1;2020-04-11;46
2020-04-10;"Nitriansky kraj";1;0;0;0;NA;76748;1;2020-04-10;45
2020-04-08;"Nitriansky kraj";2;0;0;0;NA;76748;2;2020-04-08;44
2020-04-07;"Nitriansky kraj";3;0;0;0;NA;76748;3;2020-04-07;42
2020-04-06;"Nitriansky kraj";4;0;0;0;NA;76748;4;2020-04-06;39
2020-04-05;"Nitriansky kraj";5;0;0;0;NA;76748;5;2020-04-05;35
2020-04-02;"Nitriansky kraj";1;0;0;0;NA;76748;1;2020-04-02;30
2020-03-31;"Nitriansky kraj";3;0;0;0;NA;76748;3;2020-03-31;29
2020-03-30;"Nitriansky kraj";3;0;0;0;NA;76748;3;2020-03-30;26
2020-03-29;"Nitriansky kraj";3;0;0;0;NA;76748;3;2020-03-29;23
2020-03-28;"Nitriansky kraj";1;0;0;0;NA;76748;1;2020-03-28;20
2020-03-27;"Nitriansky kraj";1;0;0;0;NA;76748;1;2020-03-27;19
2020-03-26;"Nitriansky kraj";1;0;0;0;NA;76748;1;2020-03-26;18
2020-03-25;"Nitriansky kraj";1;0;0;0;NA;76748;1;2020-03-25;17
2020-03-23;"Nitriansky kraj";2;0;0;0;NA;76748;2;2020-03-23;16
2020-03-22;"Nitriansky kraj";2;0;0;0;NA;76748;2;2020-03-22;14
2020-03-21;"Nitriansky kraj";2;0;0;0;NA;76748;2;2020-03-21;12
2020-03-20;"Nitriansky kraj";1;0;0;0;NA;76748;1;2020-03-20;10
2020-03-19;"Nitriansky kraj";1;0;0;0;NA;76748;1;2020-03-19;9
2020-03-18;"Nitriansky kraj";2;0;0;0;NA;76748;2;2020-03-18;8
2020-03-17;"Nitriansky kraj";1;0;0;0;NA;76748;1;2020-03-17;6
2020-03-15;"Nitriansky kraj";4;0;0;0;NA;76748;4;2020-03-15;5
2020-03-14;"Nitriansky kraj";1;0;0;0;NA;76748;1;2020-03-14;1
2021-04-08;"Prešovský kraj";192;16791;146;16937;55674;93749;338;2021-04-08;93749
2021-04-07;"Prešovský kraj";314;26440;151;26591;NA;93749;465;2021-04-07;93411
2021-04-06;"Prešovský kraj";231;39438;260;39698;NA;93749;491;2021-04-06;92946
2021-04-05;"Prešovský kraj";54;15628;117;15745;NA;93749;171;2021-04-05;92455
2021-04-04;"Prešovský kraj";31;12138;67;12205;NA;93749;98;2021-04-04;92284
2021-04-03;"Prešovský kraj";104;87259;314;87573;NA;93749;418;2021-04-03;92186
2021-04-02;"Prešovský kraj";194;23521;134;23655;NA;93749;328;2021-04-02;91768
2021-04-01;"Prešovský kraj";256;41960;194;42154;NA;93749;450;2021-04-01;91440
2021-03-31;"Prešovský kraj";311;29283;226;29509;NA;93749;537;2021-03-31;90990
2021-03-30;"Prešovský kraj";374;20764;203;20967;NA;93749;577;2021-03-30;90453
2021-03-29;"Prešovský kraj";219;24553;201;24754;NA;93749;420;2021-03-29;89876
2021-03-28;"Prešovský kraj";26;39781;228;40009;NA;93749;254;2021-03-28;89456
2021-03-27;"Prešovský kraj";181;88461;373;88834;NA;93749;554;2021-03-27;89202
2021-03-26;"Prešovský kraj";310;47750;299;48049;NA;93749;609;2021-03-26;88648
2021-03-25;"Prešovský kraj";248;21528;209;21737;NA;93749;457;2021-03-25;88039
2021-03-24;"Prešovský kraj";381;19538;213;19751;NA;93749;594;2021-03-24;87582
2021-03-23;"Prešovský kraj";241;20053;254;20307;NA;93749;495;2021-03-23;86988
2021-03-22;"Prešovský kraj";299;28490;286;28776;NA;93749;585;2021-03-22;86493
2021-03-21;"Prešovský kraj";32;40945;237;41182;NA;93749;269;2021-03-21;85908
2021-03-20;"Prešovský kraj";180;85212;404;85616;NA;93749;584;2021-03-20;85639
2021-03-19;"Prešovský kraj";373;46196;320;46516;NA;93749;693;2021-03-19;85055
2021-03-18;"Prešovský kraj";251;21654;217;21871;NA;93749;468;2021-03-18;84362
2021-03-17;"Prešovský kraj";331;20885;230;21115;NA;93749;561;2021-03-17;83894
2021-03-16;"Prešovský kraj";461;21098;277;21375;NA;93749;738;2021-03-16;83333
2021-03-15;"Prešovský kraj";370;28382;316;28698;NA;93749;686;2021-03-15;82595
2021-03-14;"Prešovský kraj";52;38690;295;38985;NA;93749;347;2021-03-14;81909
2021-03-13;"Prešovský kraj";200;89169;519;89688;NA;93749;719;2021-03-13;81562
2021-03-12;"Prešovský kraj";425;46806;364;47170;NA;93749;789;2021-03-12;80843
2021-03-11;"Prešovský kraj";463;21770;253;22023;NA;93749;716;2021-03-11;80054
2021-03-10;"Prešovský kraj";325;20574;293;20867;NA;93749;618;2021-03-10;79338
2021-03-09;"Prešovský kraj";505;21182;287;21469;NA;93749;792;2021-03-09;78720
2021-03-08;"Prešovský kraj";314;28413;331;28744;NA;93749;645;2021-03-08;77928
2021-03-07;"Prešovský kraj";19;22329;193;22522;NA;93749;212;2021-03-07;77283
2021-03-06;"Prešovský kraj";193;95102;589;95691;NA;93749;782;2021-03-06;77071
2021-03-05;"Prešovský kraj";497;44574;374;44948;NA;93749;871;2021-03-05;76289
2021-03-04;"Prešovský kraj";372;22515;355;22870;NA;93749;727;2021-03-04;75418
2021-03-03;"Prešovský kraj";397;21145;328;21473;NA;93749;725;2021-03-03;74691
2021-03-02;"Prešovský kraj";421;22311;355;22666;NA;93749;776;2021-03-02;73966
2021-03-01;"Prešovský kraj";303;27410;406;27816;NA;93749;709;2021-03-01;73190
2021-02-28;"Prešovský kraj";75;0;0;0;NA;93749;75;2021-02-28;72481
2021-02-27;"Prešovský kraj";273;0;0;0;NA;93749;273;2021-02-27;72406
2021-02-26;"Prešovský kraj";455;0;0;0;NA;93749;455;2021-02-26;72133
2021-02-25;"Prešovský kraj";270;0;0;0;NA;93749;270;2021-02-25;71678
2021-02-24;"Prešovský kraj";328;0;0;0;NA;93749;328;2021-02-24;71408
2021-02-23;"Prešovský kraj";430;0;0;0;NA;93749;430;2021-02-23;71080
2021-02-22;"Prešovský kraj";351;0;0;0;NA;93749;351;2021-02-22;70650
2021-02-21;"Prešovský kraj";66;0;0;0;NA;93749;66;2021-02-21;70299
2021-02-20;"Prešovský kraj";129;0;0;0;NA;93749;129;2021-02-20;70233
2021-02-19;"Prešovský kraj";381;0;0;0;NA;93749;381;2021-02-19;70104
2021-02-18;"Prešovský kraj";268;0;0;0;NA;93749;268;2021-02-18;69723
2021-02-17;"Prešovský kraj";293;0;0;0;NA;93749;293;2021-02-17;69455
2021-02-16;"Prešovský kraj";422;0;0;0;NA;93749;422;2021-02-16;69162
2021-02-15;"Prešovský kraj";211;0;0;0;NA;93749;211;2021-02-15;68740
2021-02-14;"Prešovský kraj";27;0;0;0;NA;93749;27;2021-02-14;68529
2021-02-13;"Prešovský kraj";157;0;0;0;NA;93749;157;2021-02-13;68502
2021-02-12;"Prešovský kraj";308;0;0;0;NA;93749;308;2021-02-12;68345
2021-02-11;"Prešovský kraj";218;0;0;0;NA;93749;218;2021-02-11;68037
2021-02-10;"Prešovský kraj";220;0;0;0;NA;93749;220;2021-02-10;67819
2021-02-09;"Prešovský kraj";323;0;0;0;NA;93749;323;2021-02-09;67599
2021-02-08;"Prešovský kraj";161;0;0;0;NA;93749;161;2021-02-08;67276
2021-02-07;"Prešovský kraj";21;0;0;0;NA;93749;21;2021-02-07;67115
2021-02-06;"Prešovský kraj";176;0;0;0;NA;93749;176;2021-02-06;67094
2021-02-05;"Prešovský kraj";177;0;0;0;NA;93749;177;2021-02-05;66918
2021-02-04;"Prešovský kraj";176;0;0;0;NA;93749;176;2021-02-04;66741
2021-02-03;"Prešovský kraj";251;0;0;0;NA;93749;251;2021-02-03;66565
2021-02-02;"Prešovský kraj";249;0;0;0;NA;93749;249;2021-02-02;66314
2021-02-01;"Prešovský kraj";220;0;0;0;NA;93749;220;2021-02-01;66065
2021-01-31;"Prešovský kraj";42;1623;38;1661;NA;93749;80;2021-01-31;65845
2021-01-30;"Prešovský kraj";142;23939;215;24154;NA;93749;357;2021-01-30;65765
2021-01-29;"Prešovský kraj";185;17924;326;18250;NA;93749;511;2021-01-29;65408
2021-01-28;"Prešovský kraj";311;8535;157;8692;NA;93749;468;2021-01-28;64897
2021-01-27;"Prešovský kraj";153;9742;144;9886;NA;93749;297;2021-01-27;64429
2021-01-26;"Prešovský kraj";252;16648;151;16799;NA;93749;403;2021-01-26;64132
2021-01-25;"Prešovský kraj";196;28381;248;28629;NA;93749;444;2021-01-25;63729
2021-01-24;"Prešovský kraj";12;29196;232;29428;NA;93749;244;2021-01-24;63285
2021-01-23;"Prešovský kraj";189;89799;435;90234;NA;93749;624;2021-01-23;63041
2021-01-22;"Prešovský kraj";187;34544;250;34794;NA;93749;437;2021-01-22;62417
2021-01-21;"Prešovský kraj";187;20172;210;20382;NA;93749;397;2021-01-21;61980
2021-01-20;"Prešovský kraj";253;14480;195;14675;NA;93749;448;2021-01-20;61583
2021-01-19;"Prešovský kraj";281;12346;305;12651;NA;93749;586;2021-01-19;61135
2021-01-18;"Prešovský kraj";203;10422;336;10758;NA;93749;539;2021-01-18;60549
2021-01-17;"Prešovský kraj";107;14391;1008;15399;NA;93749;1115;2021-01-17;60010
2021-01-16;"Prešovský kraj";72;1583;76;1659;NA;93749;148;2021-01-16;58895
2021-01-15;"Prešovský kraj";159;6664;232;6896;NA;93749;391;2021-01-15;58747
2021-01-14;"Prešovský kraj";268;5526;252;5778;NA;93749;520;2021-01-14;58356
2021-01-13;"Prešovský kraj";342;5547;218;5765;NA;93749;560;2021-01-13;57836
2021-01-12;"Prešovský kraj";455;8487;409;8896;NA;93749;864;2021-01-12;57276
2021-01-11;"Prešovský kraj";343;8351;479;8830;NA;93749;822;2021-01-11;56412
2021-01-10;"Prešovský kraj";63;476;23;499;NA;93749;86;2021-01-10;55590
2021-01-09;"Prešovský kraj";439;2248;125;2373;NA;93749;564;2021-01-09;55504
2021-01-08;"Prešovský kraj";430;10865;572;11437;NA;93749;1002;2021-01-08;54940
2021-01-07;"Prešovský kraj";268;7687;639;8326;NA;93749;907;2021-01-07;53938
2021-01-06;"Prešovský kraj";315;1484;134;1618;NA;93749;449;2021-01-06;53031
2021-01-05;"Prešovský kraj";655;11591;1003;12594;NA;93749;1658;2021-01-05;52582
2021-01-04;"Prešovský kraj";371;17185;1812;18997;NA;93749;2183;2021-01-04;50924
2021-01-03;"Prešovský kraj";89;257;37;294;NA;93749;126;2021-01-03;48741
2021-01-02;"Prešovský kraj";65;1556;160;1716;NA;93749;225;2021-01-02;48615
2021-01-01;"Prešovský kraj";174;914;70;984;NA;93749;244;2021-01-01;48390
2020-12-31;"Prešovský kraj";640;11959;783;12742;NA;93749;1423;2020-12-31;48146
2020-12-30;"Prešovský kraj";729;9065;802;9867;NA;93749;1531;2020-12-30;46723
2020-12-29;"Prešovský kraj";435;8777;904;9681;NA;93749;1339;2020-12-29;45192
2020-12-28;"Prešovský kraj";393;9046;1079;10125;NA;93749;1472;2020-12-28;43853
2020-12-27;"Prešovský kraj";40;571;39;610;NA;93749;79;2020-12-27;42381
2020-12-26;"Prešovský kraj";64;176;12;188;NA;93749;76;2020-12-26;42302
2020-12-25;"Prešovský kraj";208;267;10;277;NA;93749;218;2020-12-25;42226
2020-12-24;"Prešovský kraj";452;1214;85;1299;NA;93749;537;2020-12-24;42008
2020-12-23;"Prešovský kraj";361;11369;635;12004;NA;93749;996;2020-12-23;41471
2020-12-22;"Prešovský kraj";439;9371;710;10081;NA;93749;1149;2020-12-22;40475
2020-12-21;"Prešovský kraj";432;9911;880;10791;NA;93749;1312;2020-12-21;39326
2020-12-20;"Prešovský kraj";184;396;20;416;NA;93749;204;2020-12-20;38014
2020-12-19;"Prešovský kraj";276;1658;151;1809;NA;93749;427;2020-12-19;37810
2020-12-18;"Prešovský kraj";396;8845;595;9440;NA;93749;991;2020-12-18;37383
2020-12-17;"Prešovský kraj";427;10826;891;11717;NA;93749;1318;2020-12-17;36392
2020-12-16;"Prešovský kraj";466;6017;508;6525;NA;93749;974;2020-12-16;35074
2020-12-15;"Prešovský kraj";411;5685;584;6269;NA;93749;995;2020-12-15;34100
2020-12-14;"Prešovský kraj";334;5767;508;6275;NA;93749;842;2020-12-14;33105
2020-12-13;"Prešovský kraj";89;29;8;37;NA;93749;97;2020-12-13;32263
2020-12-12;"Prešovský kraj";319;2474;166;2640;NA;93749;485;2020-12-12;32166
2020-12-11;"Prešovský kraj";560;5602;402;6004;NA;93749;962;2020-12-11;31681
2020-12-10;"Prešovský kraj";337;5180;440;5620;NA;93749;777;2020-12-10;30719
2020-12-09;"Prešovský kraj";358;4357;314;4671;NA;93749;672;2020-12-09;29942
2020-12-08;"Prešovský kraj";350;6629;651;7280;NA;93749;1001;2020-12-08;29270
2020-12-07;"Prešovský kraj";309;4345;327;4672;NA;93749;636;2020-12-07;28269
2020-12-06;"Prešovský kraj";59;358;26;384;NA;93749;85;2020-12-06;27633
2020-12-05;"Prešovský kraj";218;984;87;1071;NA;93749;305;2020-12-05;27548
2020-12-04;"Prešovský kraj";352;5070;293;5363;NA;93749;645;2020-12-04;27243
2020-12-03;"Prešovský kraj";284;2456;179;2635;NA;93749;463;2020-12-03;26598
2020-12-02;"Prešovský kraj";232;2830;225;3055;NA;93749;457;2020-12-02;26135
2020-12-01;"Prešovský kraj";281;1884;196;2080;NA;93749;477;2020-12-01;25678
2020-11-30;"Prešovský kraj";196;5333;97;5430;NA;93749;293;2020-11-30;25201
2020-11-29;"Prešovský kraj";27;379;42;421;NA;93749;69;2020-11-29;24908
2020-11-28;"Prešovský kraj";199;682;62;744;NA;93749;261;2020-11-28;24839
2020-11-27;"Prešovský kraj";232;2135;119;2254;NA;93749;351;2020-11-27;24578
2020-11-26;"Prešovský kraj";263;2787;312;3099;NA;93749;575;2020-11-26;24227
2020-11-25;"Prešovský kraj";302;1642;78;1720;NA;93749;380;2020-11-25;23652
2020-11-24;"Prešovský kraj";365;1662;140;1802;NA;93749;505;2020-11-24;23272
2020-11-23;"Prešovský kraj";164;842;42;884;NA;93749;206;2020-11-23;22767
2020-11-22;"Prešovský kraj";46;30;1;31;NA;93749;47;2020-11-22;22561
2020-11-21;"Prešovský kraj";205;689;57;746;NA;93749;262;2020-11-21;22514
2020-11-20;"Prešovský kraj";363;2063;98;2161;NA;93749;461;2020-11-20;22252
2020-11-19;"Prešovský kraj";359;1973;229;2202;NA;93749;588;2020-11-19;21791
2020-11-18;"Prešovský kraj";270;373;32;405;NA;93749;302;2020-11-18;21203
2020-11-17;"Prešovský kraj";347;151;17;168;NA;93749;364;2020-11-17;20901
2020-11-16;"Prešovský kraj";226;382;51;433;NA;93749;277;2020-11-16;20537
2020-11-15;"Prešovský kraj";186;39;4;43;NA;93749;190;2020-11-15;20260
2020-11-14;"Prešovský kraj";261;54;4;58;NA;93749;265;2020-11-14;20070
2020-11-13;"Prešovský kraj";395;166;8;174;NA;93749;403;2020-11-13;19805
2020-11-12;"Prešovský kraj";397;229;50;279;NA;93749;447;2020-11-12;19402
2020-11-11;"Prešovský kraj";516;161;15;176;NA;93749;531;2020-11-11;18955
2020-11-10;"Prešovský kraj";437;197;9;206;NA;93749;446;2020-11-10;18424
2020-11-09;"Prešovský kraj";190;4106;945;5051;NA;93749;1135;2020-11-09;17978
2020-11-08;"Prešovský kraj";97;2817;32;2849;NA;93749;129;2020-11-08;16843
2020-11-07;"Prešovský kraj";416;8578;81;8659;NA;93749;497;2020-11-07;16714
2020-11-06;"Prešovský kraj";520;4791;76;4867;NA;93749;596;2020-11-06;16217
2020-11-05;"Prešovský kraj";397;180;5;185;NA;93749;402;2020-11-05;15621
2020-11-04;"Prešovský kraj";350;807;8;815;NA;93749;358;2020-11-04;15219
2020-11-03;"Prešovský kraj";565;98;12;110;NA;93749;577;2020-11-03;14861
2020-11-02;"Prešovský kraj";203;4158;1004;5162;NA;93749;1207;2020-11-02;14284
2020-11-01;"Prešovský kraj";386;2906;53;2959;NA;93749;439;2020-11-01;13077
2020-10-31;"Prešovský kraj";315;10497;170;10667;NA;93749;485;2020-10-31;12638
2020-10-30;"Prešovský kraj";552;2949;65;3014;NA;93749;617;2020-10-30;12153
2020-10-29;"Prešovský kraj";594;301;38;339;NA;93749;632;2020-10-29;11536
2020-10-28;"Prešovský kraj";617;291;46;337;NA;93749;663;2020-10-28;10904
2020-10-27;"Prešovský kraj";656;268;34;302;NA;93749;690;2020-10-27;10241
2020-10-26;"Prešovský kraj";137;363;57;420;NA;93749;194;2020-10-26;9551
2020-10-25;"Prešovský kraj";237;346;11;357;NA;93749;248;2020-10-25;9357
2020-10-24;"Prešovský kraj";719;200;12;212;NA;93749;731;2020-10-24;9109
2020-10-23;"Prešovský kraj";750;218;8;226;NA;93749;758;2020-10-23;8378
2020-10-22;"Prešovský kraj";646;396;30;426;NA;93749;676;2020-10-22;7620
2020-10-21;"Prešovský kraj";383;58;8;66;NA;93749;391;2020-10-21;6944
2020-10-20;"Prešovský kraj";493;65;7;72;NA;93749;500;2020-10-20;6553
2020-10-19;"Prešovský kraj";140;235;15;250;NA;93749;155;2020-10-19;6053
2020-10-18;"Prešovský kraj";209;0;0;0;NA;93749;209;2020-10-18;5898
2020-10-17;"Prešovský kraj";342;0;0;0;NA;93749;342;2020-10-17;5689
2020-10-16;"Prešovský kraj";388;57;3;60;NA;93749;391;2020-10-16;5347
2020-10-15;"Prešovský kraj";435;85;18;103;NA;93749;453;2020-10-15;4956
2020-10-14;"Prešovský kraj";451;54;10;64;NA;93749;461;2020-10-14;4503
2020-10-13;"Prešovský kraj";264;50;6;56;NA;93749;270;2020-10-13;4042
2020-10-12;"Prešovský kraj";214;334;35;369;NA;93749;249;2020-10-12;3772
2020-10-11;"Prešovský kraj";127;0;0;0;NA;93749;127;2020-10-11;3523
2020-10-10;"Prešovský kraj";248;0;0;0;NA;93749;248;2020-10-10;3396
2020-10-09;"Prešovský kraj";406;0;0;0;NA;93749;406;2020-10-09;3148
2020-10-08;"Prešovský kraj";245;0;0;0;NA;93749;245;2020-10-08;2742
2020-10-07;"Prešovský kraj";244;0;0;0;NA;93749;244;2020-10-07;2497
2020-10-06;"Prešovský kraj";166;0;0;0;NA;93749;166;2020-10-06;2253
2020-10-05;"Prešovský kraj";84;0;0;0;NA;93749;84;2020-10-05;2087
2020-10-04;"Prešovský kraj";118;0;0;0;NA;93749;118;2020-10-04;2003
2020-10-03;"Prešovský kraj";204;0;0;0;NA;93749;204;2020-10-03;1885
2020-10-02;"Prešovský kraj";149;0;0;0;NA;93749;149;2020-10-02;1681
2020-10-01;"Prešovský kraj";136;0;0;0;NA;93749;136;2020-10-01;1532
2020-09-30;"Prešovský kraj";121;0;0;0;NA;93749;121;2020-09-30;1396
2020-09-29;"Prešovský kraj";156;0;0;0;NA;93749;156;2020-09-29;1275
2020-09-28;"Prešovský kraj";51;0;0;0;NA;93749;51;2020-09-28;1119
2020-09-27;"Prešovský kraj";10;0;0;0;NA;93749;10;2020-09-27;1068
2020-09-26;"Prešovský kraj";72;0;0;0;NA;93749;72;2020-09-26;1058
2020-09-25;"Prešovský kraj";91;0;0;0;NA;93749;91;2020-09-25;986
2020-09-24;"Prešovský kraj";52;0;0;0;NA;93749;52;2020-09-24;895
2020-09-23;"Prešovský kraj";55;0;0;0;NA;93749;55;2020-09-23;843
2020-09-22;"Prešovský kraj";29;0;0;0;NA;93749;29;2020-09-22;788
2020-09-21;"Prešovský kraj";14;0;0;0;NA;93749;14;2020-09-21;759
2020-09-20;"Prešovský kraj";5;0;0;0;NA;93749;5;2020-09-20;745
2020-09-19;"Prešovský kraj";12;0;0;0;NA;93749;12;2020-09-19;740
2020-09-18;"Prešovský kraj";29;0;0;0;NA;93749;29;2020-09-18;728
2020-09-17;"Prešovský kraj";25;0;0;0;NA;93749;25;2020-09-17;699
2020-09-16;"Prešovský kraj";8;0;0;0;NA;93749;8;2020-09-16;674
2020-09-15;"Prešovský kraj";10;0;0;0;NA;93749;10;2020-09-15;666
2020-09-14;"Prešovský kraj";47;0;0;0;NA;93749;47;2020-09-14;656
2020-09-13;"Prešovský kraj";3;0;0;0;NA;93749;3;2020-09-13;609
2020-09-12;"Prešovský kraj";4;0;0;0;NA;93749;4;2020-09-12;606
2020-09-11;"Prešovský kraj";15;0;0;0;NA;93749;15;2020-09-11;602
2020-09-10;"Prešovský kraj";10;0;0;0;NA;93749;10;2020-09-10;587
2020-09-09;"Prešovský kraj";21;0;0;0;NA;93749;21;2020-09-09;577
2020-09-08;"Prešovský kraj";23;0;0;0;NA;93749;23;2020-09-08;556
2020-09-07;"Prešovský kraj";5;0;0;0;NA;93749;5;2020-09-07;533
2020-09-06;"Prešovský kraj";3;0;0;0;NA;93749;3;2020-09-06;528
2020-09-05;"Prešovský kraj";7;0;0;0;NA;93749;7;2020-09-05;525
2020-09-04;"Prešovský kraj";24;0;0;0;NA;93749;24;2020-09-04;518
2020-09-03;"Prešovský kraj";8;0;0;0;NA;93749;8;2020-09-03;494
2020-09-02;"Prešovský kraj";9;0;0;0;NA;93749;9;2020-09-02;486
2020-09-01;"Prešovský kraj";6;0;0;0;NA;93749;6;2020-09-01;477
2020-08-31;"Prešovský kraj";3;0;0;0;NA;93749;3;2020-08-31;471
2020-08-30;"Prešovský kraj";6;0;0;0;NA;93749;6;2020-08-30;468
2020-08-29;"Prešovský kraj";4;0;0;0;NA;93749;4;2020-08-29;462
2020-08-28;"Prešovský kraj";6;0;0;0;NA;93749;6;2020-08-28;458
2020-08-27;"Prešovský kraj";7;0;0;0;NA;93749;7;2020-08-27;452
2020-08-26;"Prešovský kraj";22;0;0;0;NA;93749;22;2020-08-26;445
2020-08-25;"Prešovský kraj";1;0;0;0;NA;93749;1;2020-08-25;423
2020-08-24;"Prešovský kraj";5;0;0;0;NA;93749;5;2020-08-24;422
2020-08-23;"Prešovský kraj";3;0;0;0;NA;93749;3;2020-08-23;417
2020-08-22;"Prešovský kraj";3;0;0;0;NA;93749;3;2020-08-22;414
2020-08-21;"Prešovský kraj";11;0;0;0;NA;93749;11;2020-08-21;411
2020-08-20;"Prešovský kraj";8;0;0;0;NA;93749;8;2020-08-20;400
2020-08-19;"Prešovský kraj";8;0;0;0;NA;93749;8;2020-08-19;392
2020-08-18;"Prešovský kraj";6;0;0;0;NA;93749;6;2020-08-18;384
2020-08-17;"Prešovský kraj";1;0;0;0;NA;93749;1;2020-08-17;378
2020-08-15;"Prešovský kraj";8;0;0;0;NA;93749;8;2020-08-15;377
2020-08-14;"Prešovský kraj";6;0;0;0;NA;93749;6;2020-08-14;369
2020-08-13;"Prešovský kraj";8;0;0;0;NA;93749;8;2020-08-13;363
2020-08-12;"Prešovský kraj";19;0;0;0;NA;93749;19;2020-08-12;355
2020-08-11;"Prešovský kraj";3;0;0;0;NA;93749;3;2020-08-11;336
2020-08-08;"Prešovský kraj";2;0;0;0;NA;93749;2;2020-08-08;333
2020-08-07;"Prešovský kraj";6;0;0;0;NA;93749;6;2020-08-07;331
2020-08-06;"Prešovský kraj";2;0;0;0;NA;93749;2;2020-08-06;325
2020-08-05;"Prešovský kraj";8;0;0;0;NA;93749;8;2020-08-05;323
2020-08-04;"Prešovský kraj";5;0;0;0;NA;93749;5;2020-08-04;315
2020-08-03;"Prešovský kraj";4;0;0;0;NA;93749;4;2020-08-03;310
2020-08-02;"Prešovský kraj";6;0;0;0;NA;93749;6;2020-08-02;306
2020-07-31;"Prešovský kraj";2;0;0;0;NA;93749;2;2020-07-31;300
2020-07-30;"Prešovský kraj";6;0;0;0;NA;93749;6;2020-07-30;298
2020-07-29;"Prešovský kraj";5;0;0;0;NA;93749;5;2020-07-29;292
2020-07-27;"Prešovský kraj";1;0;0;0;NA;93749;1;2020-07-27;287
2020-07-26;"Prešovský kraj";1;0;0;0;NA;93749;1;2020-07-26;286
2020-07-25;"Prešovský kraj";21;0;0;0;NA;93749;21;2020-07-25;285
2020-07-24;"Prešovský kraj";1;0;0;0;NA;93749;1;2020-07-24;264
2020-07-23;"Prešovský kraj";5;0;0;0;NA;93749;5;2020-07-23;263
2020-07-22;"Prešovský kraj";1;0;0;0;NA;93749;1;2020-07-22;258
2020-07-21;"Prešovský kraj";2;0;0;0;NA;93749;2;2020-07-21;257
2020-07-20;"Prešovský kraj";1;0;0;0;NA;93749;1;2020-07-20;255
2020-07-17;"Prešovský kraj";3;0;0;0;NA;93749;3;2020-07-17;254
2020-07-16;"Prešovský kraj";1;0;0;0;NA;93749;1;2020-07-16;251
2020-07-15;"Prešovský kraj";5;0;0;0;NA;93749;5;2020-07-15;250
2020-07-14;"Prešovský kraj";5;0;0;0;NA;93749;5;2020-07-14;245
2020-07-13;"Prešovský kraj";1;0;0;0;NA;93749;1;2020-07-13;240
2020-07-12;"Prešovský kraj";1;0;0;0;NA;93749;1;2020-07-12;239
2020-07-11;"Prešovský kraj";6;0;0;0;NA;93749;6;2020-07-11;238
2020-07-10;"Prešovský kraj";5;0;0;0;NA;93749;5;2020-07-10;232
2020-07-09;"Prešovský kraj";2;0;0;0;NA;93749;2;2020-07-09;227
2020-07-08;"Prešovský kraj";14;0;0;0;NA;93749;14;2020-07-08;225
2020-07-07;"Prešovský kraj";2;0;0;0;NA;93749;2;2020-07-07;211
2020-07-04;"Prešovský kraj";1;0;0;0;NA;93749;1;2020-07-04;209
2020-07-03;"Prešovský kraj";3;0;0;0;NA;93749;3;2020-07-03;208
2020-06-30;"Prešovský kraj";7;0;0;0;NA;93749;7;2020-06-30;205
2020-06-27;"Prešovský kraj";3;0;0;0;NA;93749;3;2020-06-27;198
2020-06-26;"Prešovský kraj";3;0;0;0;NA;93749;3;2020-06-26;195
2020-06-24;"Prešovský kraj";4;0;0;0;NA;93749;4;2020-06-24;192
2020-06-19;"Prešovský kraj";1;0;0;0;NA;93749;1;2020-06-19;188
2020-06-16;"Prešovský kraj";6;0;0;0;NA;93749;6;2020-06-16;187
2020-06-12;"Prešovský kraj";1;0;0;0;NA;93749;1;2020-06-12;181
2020-06-02;"Prešovský kraj";1;0;0;0;NA;93749;1;2020-06-02;180
2020-05-31;"Prešovský kraj";1;0;0;0;NA;93749;1;2020-05-31;179
2020-05-21;"Prešovský kraj";1;0;0;0;NA;93749;1;2020-05-21;178
2020-05-13;"Prešovský kraj";1;0;0;0;NA;93749;1;2020-05-13;177
2020-05-11;"Prešovský kraj";1;0;0;0;NA;93749;1;2020-05-11;176
2020-05-05;"Prešovský kraj";1;0;0;0;NA;93749;1;2020-05-05;175
2020-05-01;"Prešovský kraj";2;0;0;0;NA;93749;2;2020-05-01;174
2020-04-29;"Prešovský kraj";1;0;0;0;NA;93749;1;2020-04-29;172
2020-04-28;"Prešovský kraj";1;0;0;0;NA;93749;1;2020-04-28;171
2020-04-27;"Prešovský kraj";2;0;0;0;NA;93749;2;2020-04-27;170
2020-04-23;"Prešovský kraj";2;0;0;0;NA;93749;2;2020-04-23;168
2020-04-22;"Prešovský kraj";11;0;0;0;NA;93749;11;2020-04-22;166
2020-04-21;"Prešovský kraj";12;0;0;0;NA;93749;12;2020-04-21;155
2020-04-20;"Prešovský kraj";2;0;0;0;NA;93749;2;2020-04-20;143
2020-04-19;"Prešovský kraj";4;0;0;0;NA;93749;4;2020-04-19;141
2020-04-18;"Prešovský kraj";1;0;0;0;NA;93749;1;2020-04-18;137
2020-04-17;"Prešovský kraj";4;0;0;0;NA;93749;4;2020-04-17;136
2020-04-16;"Prešovský kraj";9;0;0;0;NA;93749;9;2020-04-16;132
2020-04-15;"Prešovský kraj";21;0;0;0;NA;93749;21;2020-04-15;123
2020-04-14;"Prešovský kraj";1;0;0;0;NA;93749;1;2020-04-14;102
2020-04-13;"Prešovský kraj";2;0;0;0;NA;93749;2;2020-04-13;101
2020-04-12;"Prešovský kraj";6;0;0;0;NA;93749;6;2020-04-12;99
2020-04-11;"Prešovský kraj";4;0;0;0;NA;93749;4;2020-04-11;93
2020-04-09;"Prešovský kraj";1;0;0;0;NA;93749;1;2020-04-09;89
2020-04-07;"Prešovský kraj";7;0;0;0;NA;93749;7;2020-04-07;88
2020-04-06;"Prešovský kraj";10;0;0;0;NA;93749;10;2020-04-06;81
2020-04-05;"Prešovský kraj";13;0;0;0;NA;93749;13;2020-04-05;71
2020-04-04;"Prešovský kraj";1;0;0;0;NA;93749;1;2020-04-04;58
2020-04-03;"Prešovský kraj";4;0;0;0;NA;93749;4;2020-04-03;57
2020-04-02;"Prešovský kraj";6;0;0;0;NA;93749;6;2020-04-02;53
2020-04-01;"Prešovský kraj";6;0;0;0;NA;93749;6;2020-04-01;47
2020-03-31;"Prešovský kraj";6;0;0;0;NA;93749;6;2020-03-31;41
2020-03-30;"Prešovský kraj";2;0;0;0;NA;93749;2;2020-03-30;35
2020-03-29;"Prešovský kraj";2;0;0;0;NA;93749;2;2020-03-29;33
2020-03-28;"Prešovský kraj";2;0;0;0;NA;93749;2;2020-03-28;31
2020-03-27;"Prešovský kraj";1;0;0;0;NA;93749;1;2020-03-27;29
2020-03-26;"Prešovský kraj";8;0;0;0;NA;93749;8;2020-03-26;28
2020-03-25;"Prešovský kraj";1;0;0;0;NA;93749;1;2020-03-25;20
2020-03-24;"Prešovský kraj";4;0;0;0;NA;93749;4;2020-03-24;19
2020-03-22;"Prešovský kraj";1;0;0;0;NA;93749;1;2020-03-22;15
2020-03-21;"Prešovský kraj";2;0;0;0;NA;93749;2;2020-03-21;14
2020-03-20;"Prešovský kraj";3;0;0;0;NA;93749;3;2020-03-20;12
2020-03-19;"Prešovský kraj";2;0;0;0;NA;93749;2;2020-03-19;9
2020-03-18;"Prešovský kraj";1;0;0;0;NA;93749;1;2020-03-18;7
2020-03-17;"Prešovský kraj";1;0;0;0;NA;93749;1;2020-03-17;6
2020-03-16;"Prešovský kraj";4;0;0;0;NA;93749;4;2020-03-16;5
2020-03-14;"Prešovský kraj";1;0;0;0;NA;93749;1;2020-03-14;1
2021-04-08;"Trenčiansky kraj";112;11649;76;11725;50266;82112;188;2021-04-08;82112
2021-04-07;"Trenčiansky kraj";204;17687;122;17809;NA;82112;326;2021-04-07;81924
2021-04-06;"Trenčiansky kraj";157;28619;178;28797;NA;82112;335;2021-04-06;81598
2021-04-05;"Trenčiansky kraj";15;6701;51;6752;NA;82112;66;2021-04-05;81263
2021-04-04;"Trenčiansky kraj";2;2446;8;2454;NA;82112;10;2021-04-04;81197
2021-04-03;"Trenčiansky kraj";86;70431;163;70594;NA;82112;249;2021-04-03;81187
2021-04-02;"Trenčiansky kraj";126;21531;80;21611;NA;82112;206;2021-04-02;80938
2021-04-01;"Trenčiansky kraj";159;32360;139;32499;NA;82112;298;2021-04-01;80732
2021-03-31;"Trenčiansky kraj";198;20100;130;20230;NA;82112;328;2021-03-31;80434
2021-03-30;"Trenčiansky kraj";272;17284;136;17420;NA;82112;408;2021-03-30;80106
2021-03-29;"Trenčiansky kraj";142;19621;170;19791;NA;82112;312;2021-03-29;79698
2021-03-28;"Trenčiansky kraj";3;12352;39;12391;NA;82112;42;2021-03-28;79386
2021-03-27;"Trenčiansky kraj";130;74331;281;74612;NA;82112;411;2021-03-27;79344
2021-03-26;"Trenčiansky kraj";211;35110;158;35268;NA;82112;369;2021-03-26;78933
2021-03-25;"Trenčiansky kraj";184;16569;176;16745;NA;82112;360;2021-03-25;78564
2021-03-24;"Trenčiansky kraj";259;13098;171;13269;NA;82112;430;2021-03-24;78204
2021-03-23;"Trenčiansky kraj";349;17588;174;17762;NA;82112;523;2021-03-23;77774
2021-03-22;"Trenčiansky kraj";141;21116;213;21329;NA;82112;354;2021-03-22;77251
2021-03-21;"Trenčiansky kraj";85;21983;130;22113;NA;82112;215;2021-03-21;76897
2021-03-20;"Trenčiansky kraj";128;80035;322;80357;NA;82112;450;2021-03-20;76682
2021-03-19;"Trenčiansky kraj";231;34777;232;35009;NA;82112;463;2021-03-19;76232
2021-03-18;"Trenčiansky kraj";262;15764;172;15936;NA;82112;434;2021-03-18;75769
2021-03-17;"Trenčiansky kraj";366;13417;163;13580;NA;82112;529;2021-03-17;75335
2021-03-16;"Trenčiansky kraj";450;15237;236;15473;NA;82112;686;2021-03-16;74806
2021-03-15;"Trenčiansky kraj";162;21129;261;21390;NA;82112;423;2021-03-15;74120
2021-03-14;"Trenčiansky kraj";42;25282;169;25451;NA;82112;211;2021-03-14;73697
2021-03-13;"Trenčiansky kraj";270;79187;453;79640;NA;82112;723;2021-03-13;73486
2021-03-12;"Trenčiansky kraj";366;34763;307;35070;NA;82112;673;2021-03-12;72763
2021-03-11;"Trenčiansky kraj";302;15557;213;15770;NA;82112;515;2021-03-11;72090
2021-03-10;"Trenčiansky kraj";402;13452;236;13688;NA;82112;638;2021-03-10;71575
2021-03-09;"Trenčiansky kraj";586;17982;285;18267;NA;82112;871;2021-03-09;70937
2021-03-08;"Trenčiansky kraj";174;21700;362;22062;NA;82112;536;2021-03-08;70066
2021-03-07;"Trenčiansky kraj";4;15404;126;15530;NA;82112;130;2021-03-07;69530
2021-03-06;"Trenčiansky kraj";260;79406;529;79935;NA;82112;789;2021-03-06;69400
2021-03-05;"Trenčiansky kraj";326;32674;414;33088;NA;82112;740;2021-03-05;68611
2021-03-04;"Trenčiansky kraj";323;16820;315;17135;NA;82112;638;2021-03-04;67871
2021-03-03;"Trenčiansky kraj";413;13953;346;14299;NA;82112;759;2021-03-03;67233
2021-03-02;"Trenčiansky kraj";612;17791;348;18139;NA;82112;960;2021-03-02;66474
2021-03-01;"Trenčiansky kraj";217;21092;445;21537;NA;82112;662;2021-03-01;65514
2021-02-28;"Trenčiansky kraj";45;0;0;0;NA;82112;45;2021-02-28;64852
2021-02-27;"Trenčiansky kraj";277;0;0;0;NA;82112;277;2021-02-27;64807
2021-02-26;"Trenčiansky kraj";420;0;0;0;NA;82112;420;2021-02-26;64530
2021-02-25;"Trenčiansky kraj";424;0;0;0;NA;82112;424;2021-02-25;64110
2021-02-24;"Trenčiansky kraj";427;0;0;0;NA;82112;427;2021-02-24;63686
2021-02-23;"Trenčiansky kraj";577;0;0;0;NA;82112;577;2021-02-23;63259
2021-02-22;"Trenčiansky kraj";160;0;0;0;NA;82112;160;2021-02-22;62682
2021-02-21;"Trenčiansky kraj";64;0;0;0;NA;82112;64;2021-02-21;62522
2021-02-20;"Trenčiansky kraj";274;0;0;0;NA;82112;274;2021-02-20;62458
2021-02-19;"Trenčiansky kraj";272;0;0;0;NA;82112;272;2021-02-19;62184
2021-02-18;"Trenčiansky kraj";355;0;0;0;NA;82112;355;2021-02-18;61912
2021-02-17;"Trenčiansky kraj";363;0;0;0;NA;82112;363;2021-02-17;61557
2021-02-16;"Trenčiansky kraj";488;0;0;0;NA;82112;488;2021-02-16;61194
2021-02-15;"Trenčiansky kraj";151;0;0;0;NA;82112;151;2021-02-15;60706
2021-02-14;"Trenčiansky kraj";2;0;0;0;NA;82112;2;2021-02-14;60555
2021-02-13;"Trenčiansky kraj";274;0;0;0;NA;82112;274;2021-02-13;60553
2021-02-12;"Trenčiansky kraj";276;0;0;0;NA;82112;276;2021-02-12;60279
2021-02-11;"Trenčiansky kraj";291;0;0;0;NA;82112;291;2021-02-11;60003
2021-02-10;"Trenčiansky kraj";304;0;0;0;NA;82112;304;2021-02-10;59712
2021-02-09;"Trenčiansky kraj";514;0;0;0;NA;82112;514;2021-02-09;59408
2021-02-08;"Trenčiansky kraj";182;0;0;0;NA;82112;182;2021-02-08;58894
2021-02-07;"Trenčiansky kraj";31;0;0;0;NA;82112;31;2021-02-07;58712
2021-02-06;"Trenčiansky kraj";216;0;0;0;NA;82112;216;2021-02-06;58681
2021-02-05;"Trenčiansky kraj";202;0;0;0;NA;82112;202;2021-02-05;58465
2021-02-04;"Trenčiansky kraj";266;0;0;0;NA;82112;266;2021-02-04;58263
2021-02-03;"Trenčiansky kraj";162;0;0;0;NA;82112;162;2021-02-03;57997
2021-02-02;"Trenčiansky kraj";347;0;0;0;NA;82112;347;2021-02-02;57835
2021-02-01;"Trenčiansky kraj";167;0;0;0;NA;82112;167;2021-02-01;57488
2021-01-31;"Trenčiansky kraj";7;15794;135;15929;NA;82112;142;2021-01-31;57321
2021-01-30;"Trenčiansky kraj";228;36940;321;37261;NA;82112;549;2021-01-30;57179
2021-01-29;"Trenčiansky kraj";214;7586;235;7821;NA;82112;449;2021-01-29;56630
2021-01-28;"Trenčiansky kraj";307;5442;158;5600;NA;82112;465;2021-01-28;56181
2021-01-27;"Trenčiansky kraj";166;11912;217;12129;NA;82112;383;2021-01-27;55716
2021-01-26;"Trenčiansky kraj";303;14585;250;14835;NA;82112;553;2021-01-26;55333
2021-01-25;"Trenčiansky kraj";160;24609;212;24821;NA;82112;372;2021-01-25;54780
2021-01-24;"Trenčiansky kraj";51;27365;181;27546;NA;82112;232;2021-01-24;54408
2021-01-23;"Trenčiansky kraj";206;113508;742;114250;NA;82112;948;2021-01-23;54176
2021-01-22;"Trenčiansky kraj";148;14763;206;14969;NA;82112;354;2021-01-22;53228
2021-01-21;"Trenčiansky kraj";143;8580;166;8746;NA;82112;309;2021-01-21;52874
2021-01-20;"Trenčiansky kraj";181;8190;227;8417;NA;82112;408;2021-01-20;52565
2021-01-19;"Trenčiansky kraj";363;6618;262;6880;NA;82112;625;2021-01-19;52157
2021-01-18;"Trenčiansky kraj";72;5056;323;5379;NA;82112;395;2021-01-18;51532
2021-01-17;"Trenčiansky kraj";124;93;11;104;NA;82112;135;2021-01-17;51137
2021-01-16;"Trenčiansky kraj";39;457;28;485;NA;82112;67;2021-01-16;51002
2021-01-15;"Trenčiansky kraj";264;4029;218;4247;NA;82112;482;2021-01-15;50935
2021-01-14;"Trenčiansky kraj";275;3195;189;3384;NA;82112;464;2021-01-14;50453
2021-01-13;"Trenčiansky kraj";222;3889;215;4104;NA;82112;437;2021-01-13;49989
2021-01-12;"Trenčiansky kraj";508;4604;261;4865;NA;82112;769;2021-01-12;49552
2021-01-11;"Trenčiansky kraj";142;4367;354;4721;NA;82112;496;2021-01-11;48783
2021-01-10;"Trenčiansky kraj";89;4939;76;5015;NA;82112;165;2021-01-10;48287
2021-01-09;"Trenčiansky kraj";276;7974;121;8095;NA;82112;397;2021-01-09;48122
2021-01-08;"Trenčiansky kraj";489;6434;484;6918;NA;82112;973;2021-01-08;47725
2021-01-07;"Trenčiansky kraj";420;6138;577;6715;NA;82112;997;2021-01-07;46752
2021-01-06;"Trenčiansky kraj";221;1021;64;1085;NA;82112;285;2021-01-06;45755
2021-01-05;"Trenčiansky kraj";669;5753;706;6459;NA;82112;1375;2021-01-05;45470
2021-01-04;"Trenčiansky kraj";337;5243;782;6025;NA;82112;1119;2021-01-04;44095
2021-01-03;"Trenčiansky kraj";38;60;13;73;NA;82112;51;2021-01-03;42976
2021-01-02;"Trenčiansky kraj";129;140;23;163;NA;82112;152;2021-01-02;42925
2021-01-01;"Trenčiansky kraj";329;347;23;370;NA;82112;352;2021-01-01;42773
2020-12-31;"Trenčiansky kraj";597;4943;557;5500;NA;82112;1154;2020-12-31;42421
2020-12-30;"Trenčiansky kraj";836;7012;762;7774;NA;82112;1598;2020-12-30;41267
2020-12-29;"Trenčiansky kraj";459;6191;1018;7209;NA;82112;1477;2020-12-29;39669
2020-12-28;"Trenčiansky kraj";258;4195;777;4972;NA;82112;1035;2020-12-28;38192
2020-12-27;"Trenčiansky kraj";5;202;36;238;NA;82112;41;2020-12-27;37157
2020-12-26;"Trenčiansky kraj";174;74;10;84;NA;82112;184;2020-12-26;37116
2020-12-25;"Trenčiansky kraj";251;325;47;372;NA;82112;298;2020-12-25;36932
2020-12-24;"Trenčiansky kraj";552;2194;256;2450;NA;82112;808;2020-12-24;36634
2020-12-23;"Trenčiansky kraj";421;6552;661;7213;NA;82112;1082;2020-12-23;35826
2020-12-22;"Trenčiansky kraj";673;5760;694;6454;NA;82112;1367;2020-12-22;34744
2020-12-21;"Trenčiansky kraj";248;13321;956;14277;NA;82112;1204;2020-12-21;33377
2020-12-20;"Trenčiansky kraj";238;12480;291;12771;NA;82112;529;2020-12-20;32173
2020-12-19;"Trenčiansky kraj";341;1611;150;1761;NA;82112;491;2020-12-19;31644
2020-12-18;"Trenčiansky kraj";521;5199;615;5814;NA;82112;1136;2020-12-18;31153
2020-12-17;"Trenčiansky kraj";670;3843;524;4367;NA;82112;1194;2020-12-17;30017
2020-12-16;"Trenčiansky kraj";461;4464;647;5111;NA;82112;1108;2020-12-16;28823
2020-12-15;"Trenčiansky kraj";595;3805;670;4475;NA;82112;1265;2020-12-15;27715
2020-12-14;"Trenčiansky kraj";318;3194;613;3807;NA;82112;931;2020-12-14;26450
2020-12-13;"Trenčiansky kraj";77;24;4;28;NA;82112;81;2020-12-13;25519
2020-12-12;"Trenčiansky kraj";314;1002;120;1122;NA;82112;434;2020-12-12;25438
2020-12-11;"Trenčiansky kraj";751;4066;479;4545;NA;82112;1230;2020-12-11;25004
2020-12-10;"Trenčiansky kraj";271;3371;477;3848;NA;82112;748;2020-12-10;23774
2020-12-09;"Trenčiansky kraj";508;3805;470;4275;NA;82112;978;2020-12-09;23026
2020-12-08;"Trenčiansky kraj";546;3440;522;3962;NA;82112;1068;2020-12-08;22048
2020-12-07;"Trenčiansky kraj";258;3826;466;4292;NA;82112;724;2020-12-07;20980
2020-12-06;"Trenčiansky kraj";114;187;11;198;NA;82112;125;2020-12-06;20256
2020-12-05;"Trenčiansky kraj";223;464;37;501;NA;82112;260;2020-12-05;20131
2020-12-04;"Trenčiansky kraj";253;2565;215;2780;NA;82112;468;2020-12-04;19871
2020-12-03;"Trenčiansky kraj";503;1739;179;1918;NA;82112;682;2020-12-03;19403
2020-12-02;"Trenčiansky kraj";418;1887;232;2119;NA;82112;650;2020-12-02;18721
2020-12-01;"Trenčiansky kraj";321;5705;353;6058;NA;82112;674;2020-12-01;18071
2020-11-30;"Trenčiansky kraj";167;11513;520;12033;NA;82112;687;2020-11-30;17397
2020-11-29;"Trenčiansky kraj";29;18;2;20;NA;82112;31;2020-11-29;16710
2020-11-28;"Trenčiansky kraj";202;1051;93;1144;NA;82112;295;2020-11-28;16679
2020-11-27;"Trenčiansky kraj";330;1398;150;1548;NA;82112;480;2020-11-27;16384
2020-11-26;"Trenčiansky kraj";395;1252;122;1374;NA;82112;517;2020-11-26;15904
2020-11-25;"Trenčiansky kraj";322;1444;160;1604;NA;82112;482;2020-11-25;15387
2020-11-24;"Trenčiansky kraj";348;2553;308;2861;NA;82112;656;2020-11-24;14905
2020-11-23;"Trenčiansky kraj";159;1186;122;1308;NA;82112;281;2020-11-23;14249
2020-11-22;"Trenčiansky kraj";26;11;1;12;NA;82112;27;2020-11-22;13968
2020-11-21;"Trenčiansky kraj";255;1323;62;1385;NA;82112;317;2020-11-21;13941
2020-11-20;"Trenčiansky kraj";316;861;93;954;NA;82112;409;2020-11-20;13624
2020-11-19;"Trenčiansky kraj";316;740;113;853;NA;82112;429;2020-11-19;13215
2020-11-18;"Trenčiansky kraj";233;379;66;445;NA;82112;299;2020-11-18;12786
2020-11-17;"Trenčiansky kraj";222;106;15;121;NA;82112;237;2020-11-17;12487
2020-11-16;"Trenčiansky kraj";245;236;45;281;NA;82112;290;2020-11-16;12250
2020-11-15;"Trenčiansky kraj";109;29;6;35;NA;82112;115;2020-11-15;11960
2020-11-14;"Trenčiansky kraj";190;74;11;85;NA;82112;201;2020-11-14;11845
2020-11-13;"Trenčiansky kraj";308;131;13;144;NA;82112;321;2020-11-13;11644
2020-11-12;"Trenčiansky kraj";324;124;5;129;NA;82112;329;2020-11-12;11323
2020-11-11;"Trenčiansky kraj";366;113;10;123;NA;82112;376;2020-11-11;10994
2020-11-10;"Trenčiansky kraj";277;106;6;112;NA;82112;283;2020-11-10;10618
2020-11-09;"Trenčiansky kraj";115;1407;48;1455;NA;82112;163;2020-11-09;10335
2020-11-08;"Trenčiansky kraj";81;1223;8;1231;NA;82112;89;2020-11-08;10172
2020-11-07;"Trenčiansky kraj";319;3662;59;3721;NA;82112;378;2020-11-07;10083
2020-11-06;"Trenčiansky kraj";383;6893;84;6977;NA;82112;467;2020-11-06;9705
2020-11-05;"Trenčiansky kraj";399;98;15;113;NA;82112;414;2020-11-05;9238
2020-11-04;"Trenčiansky kraj";370;91;9;100;NA;82112;379;2020-11-04;8824
2020-11-03;"Trenčiansky kraj";575;97;8;105;NA;82112;583;2020-11-03;8445
2020-11-02;"Trenčiansky kraj";197;1833;68;1901;NA;82112;265;2020-11-02;7862
2020-11-01;"Trenčiansky kraj";257;804;23;827;NA;82112;280;2020-11-01;7597
2020-10-31;"Trenčiansky kraj";332;4719;82;4801;NA;82112;414;2020-10-31;7317
2020-10-30;"Trenčiansky kraj";299;5283;102;5385;NA;82112;401;2020-10-30;6903
2020-10-29;"Trenčiansky kraj";496;764;68;832;NA;82112;564;2020-10-29;6502
2020-10-28;"Trenčiansky kraj";269;192;33;225;NA;82112;302;2020-10-28;5938
2020-10-27;"Trenčiansky kraj";473;127;27;154;NA;82112;500;2020-10-27;5636
2020-10-26;"Trenčiansky kraj";177;103;31;134;NA;82112;208;2020-10-26;5136
2020-10-25;"Trenčiansky kraj";138;9;5;14;NA;82112;143;2020-10-25;4928
2020-10-24;"Trenčiansky kraj";395;128;6;134;NA;82112;401;2020-10-24;4785
2020-10-23;"Trenčiansky kraj";301;154;8;162;NA;82112;309;2020-10-23;4384
2020-10-22;"Trenčiansky kraj";273;82;12;94;NA;82112;285;2020-10-22;4075
2020-10-21;"Trenčiansky kraj";183;53;9;62;NA;82112;192;2020-10-21;3790
2020-10-20;"Trenčiansky kraj";212;47;6;53;NA;82112;218;2020-10-20;3598
2020-10-19;"Trenčiansky kraj";41;83;25;108;NA;82112;66;2020-10-19;3380
2020-10-18;"Trenčiansky kraj";104;0;0;0;NA;82112;104;2020-10-18;3314
2020-10-17;"Trenčiansky kraj";157;0;0;0;NA;82112;157;2020-10-17;3210
2020-10-16;"Trenčiansky kraj";225;42;6;48;NA;82112;231;2020-10-16;3053
2020-10-15;"Trenčiansky kraj";255;39;4;43;NA;82112;259;2020-10-15;2822
2020-10-14;"Trenčiansky kraj";162;42;7;49;NA;82112;169;2020-10-14;2563
2020-10-13;"Trenčiansky kraj";124;105;12;117;NA;82112;136;2020-10-13;2394
2020-10-12;"Trenčiansky kraj";55;0;0;0;NA;82112;55;2020-10-12;2258
2020-10-11;"Trenčiansky kraj";73;0;0;0;NA;82112;73;2020-10-11;2203
2020-10-10;"Trenčiansky kraj";180;0;0;0;NA;82112;180;2020-10-10;2130
2020-10-09;"Trenčiansky kraj";198;0;0;0;NA;82112;198;2020-10-09;1950
2020-10-08;"Trenčiansky kraj";115;0;0;0;NA;82112;115;2020-10-08;1752
2020-10-07;"Trenčiansky kraj";75;0;0;0;NA;82112;75;2020-10-07;1637
2020-10-06;"Trenčiansky kraj";72;0;0;0;NA;82112;72;2020-10-06;1562
2020-10-05;"Trenčiansky kraj";32;0;0;0;NA;82112;32;2020-10-05;1490
2020-10-04;"Trenčiansky kraj";37;0;0;0;NA;82112;37;2020-10-04;1458
2020-10-03;"Trenčiansky kraj";79;0;0;0;NA;82112;79;2020-10-03;1421
2020-10-02;"Trenčiansky kraj";69;0;0;0;NA;82112;69;2020-10-02;1342
2020-10-01;"Trenčiansky kraj";58;0;0;0;NA;82112;58;2020-10-01;1273
2020-09-30;"Trenčiansky kraj";76;0;0;0;NA;82112;76;2020-09-30;1215
2020-09-29;"Trenčiansky kraj";43;0;0;0;NA;82112;43;2020-09-29;1139
2020-09-28;"Trenčiansky kraj";7;0;0;0;NA;82112;7;2020-09-28;1096
2020-09-27;"Trenčiansky kraj";12;0;0;0;NA;82112;12;2020-09-27;1089
2020-09-26;"Trenčiansky kraj";37;0;0;0;NA;82112;37;2020-09-26;1077
2020-09-25;"Trenčiansky kraj";72;0;0;0;NA;82112;72;2020-09-25;1040
2020-09-24;"Trenčiansky kraj";41;0;0;0;NA;82112;41;2020-09-24;968
2020-09-23;"Trenčiansky kraj";32;0;0;0;NA;82112;32;2020-09-23;927
2020-09-22;"Trenčiansky kraj";26;0;0;0;NA;82112;26;2020-09-22;895
2020-09-21;"Trenčiansky kraj";23;0;0;0;NA;82112;23;2020-09-21;869
2020-09-20;"Trenčiansky kraj";21;0;0;0;NA;82112;21;2020-09-20;846
2020-09-19;"Trenčiansky kraj";20;0;0;0;NA;82112;20;2020-09-19;825
2020-09-18;"Trenčiansky kraj";41;0;0;0;NA;82112;41;2020-09-18;805
2020-09-17;"Trenčiansky kraj";20;0;0;0;NA;82112;20;2020-09-17;764
2020-09-16;"Trenčiansky kraj";14;0;0;0;NA;82112;14;2020-09-16;744
2020-09-15;"Trenčiansky kraj";8;0;0;0;NA;82112;8;2020-09-15;730
2020-09-14;"Trenčiansky kraj";5;0;0;0;NA;82112;5;2020-09-14;722
2020-09-13;"Trenčiansky kraj";12;0;0;0;NA;82112;12;2020-09-13;717
2020-09-12;"Trenčiansky kraj";2;0;0;0;NA;82112;2;2020-09-12;705
2020-09-11;"Trenčiansky kraj";27;0;0;0;NA;82112;27;2020-09-11;703
2020-09-10;"Trenčiansky kraj";15;0;0;0;NA;82112;15;2020-09-10;676
2020-09-09;"Trenčiansky kraj";11;0;0;0;NA;82112;11;2020-09-09;661
2020-09-08;"Trenčiansky kraj";12;0;0;0;NA;82112;12;2020-09-08;650
2020-09-07;"Trenčiansky kraj";6;0;0;0;NA;82112;6;2020-09-07;638
2020-09-06;"Trenčiansky kraj";1;0;0;0;NA;82112;1;2020-09-06;632
2020-09-05;"Trenčiansky kraj";3;0;0;0;NA;82112;3;2020-09-05;631
2020-09-04;"Trenčiansky kraj";9;0;0;0;NA;82112;9;2020-09-04;628
2020-09-03;"Trenčiansky kraj";10;0;0;0;NA;82112;10;2020-09-03;619
2020-09-02;"Trenčiansky kraj";5;0;0;0;NA;82112;5;2020-09-02;609
2020-09-01;"Trenčiansky kraj";1;0;0;0;NA;82112;1;2020-09-01;604
2020-08-31;"Trenčiansky kraj";12;0;0;0;NA;82112;12;2020-08-31;603
2020-08-29;"Trenčiansky kraj";1;0;0;0;NA;82112;1;2020-08-29;591
2020-08-28;"Trenčiansky kraj";12;0;0;0;NA;82112;12;2020-08-28;590
2020-08-27;"Trenčiansky kraj";10;0;0;0;NA;82112;10;2020-08-27;578
2020-08-26;"Trenčiansky kraj";15;0;0;0;NA;82112;15;2020-08-26;568
2020-08-25;"Trenčiansky kraj";12;0;0;0;NA;82112;12;2020-08-25;553
2020-08-24;"Trenčiansky kraj";4;0;0;0;NA;82112;4;2020-08-24;541
2020-08-23;"Trenčiansky kraj";5;0;0;0;NA;82112;5;2020-08-23;537
2020-08-22;"Trenčiansky kraj";6;0;0;0;NA;82112;6;2020-08-22;532
2020-08-21;"Trenčiansky kraj";6;0;0;0;NA;82112;6;2020-08-21;526
2020-08-20;"Trenčiansky kraj";20;0;0;0;NA;82112;20;2020-08-20;520
2020-08-19;"Trenčiansky kraj";17;0;0;0;NA;82112;17;2020-08-19;500
2020-08-18;"Trenčiansky kraj";9;0;0;0;NA;82112;9;2020-08-18;483
2020-08-17;"Trenčiansky kraj";4;0;0;0;NA;82112;4;2020-08-17;474
2020-08-15;"Trenčiansky kraj";9;0;0;0;NA;82112;9;2020-08-15;470
2020-08-14;"Trenčiansky kraj";15;0;0;0;NA;82112;15;2020-08-14;461
2020-08-13;"Trenčiansky kraj";23;0;0;0;NA;82112;23;2020-08-13;446
2020-08-12;"Trenčiansky kraj";6;0;0;0;NA;82112;6;2020-08-12;423
2020-08-11;"Trenčiansky kraj";7;0;0;0;NA;82112;7;2020-08-11;417
2020-08-10;"Trenčiansky kraj";9;0;0;0;NA;82112;9;2020-08-10;410
2020-08-09;"Trenčiansky kraj";1;0;0;0;NA;82112;1;2020-08-09;401
2020-08-08;"Trenčiansky kraj";4;0;0;0;NA;82112;4;2020-08-08;400
2020-08-07;"Trenčiansky kraj";4;0;0;0;NA;82112;4;2020-08-07;396
2020-08-06;"Trenčiansky kraj";13;0;0;0;NA;82112;13;2020-08-06;392
2020-08-05;"Trenčiansky kraj";39;0;0;0;NA;82112;39;2020-08-05;379
2020-08-04;"Trenčiansky kraj";9;0;0;0;NA;82112;9;2020-08-04;340
2020-08-02;"Trenčiansky kraj";2;0;0;0;NA;82112;2;2020-08-02;331
2020-08-01;"Trenčiansky kraj";6;0;0;0;NA;82112;6;2020-08-01;329
2020-07-31;"Trenčiansky kraj";16;0;0;0;NA;82112;16;2020-07-31;323
2020-07-30;"Trenčiansky kraj";4;0;0;0;NA;82112;4;2020-07-30;307
2020-07-29;"Trenčiansky kraj";5;0;0;0;NA;82112;5;2020-07-29;303
2020-07-28;"Trenčiansky kraj";11;0;0;0;NA;82112;11;2020-07-28;298
2020-07-27;"Trenčiansky kraj";4;0;0;0;NA;82112;4;2020-07-27;287
2020-07-26;"Trenčiansky kraj";1;0;0;0;NA;82112;1;2020-07-26;283
2020-07-25;"Trenčiansky kraj";7;0;0;0;NA;82112;7;2020-07-25;282
2020-07-24;"Trenčiansky kraj";5;0;0;0;NA;82112;5;2020-07-24;275
2020-07-23;"Trenčiansky kraj";10;0;0;0;NA;82112;10;2020-07-23;270
2020-07-22;"Trenčiansky kraj";11;0;0;0;NA;82112;11;2020-07-22;260
2020-07-21;"Trenčiansky kraj";6;0;0;0;NA;82112;6;2020-07-21;249
2020-07-20;"Trenčiansky kraj";13;0;0;0;NA;82112;13;2020-07-20;243
2020-07-17;"Trenčiansky kraj";1;0;0;0;NA;82112;1;2020-07-17;230
2020-07-15;"Trenčiansky kraj";2;0;0;0;NA;82112;2;2020-07-15;229
2020-07-14;"Trenčiansky kraj";8;0;0;0;NA;82112;8;2020-07-14;227
2020-07-13;"Trenčiansky kraj";1;0;0;0;NA;82112;1;2020-07-13;219
2020-07-10;"Trenčiansky kraj";3;0;0;0;NA;82112;3;2020-07-10;218
2020-07-09;"Trenčiansky kraj";2;0;0;0;NA;82112;2;2020-07-09;215
2020-07-08;"Trenčiansky kraj";1;0;0;0;NA;82112;1;2020-07-08;213
2020-07-07;"Trenčiansky kraj";9;0;0;0;NA;82112;9;2020-07-07;212
2020-07-06;"Trenčiansky kraj";1;0;0;0;NA;82112;1;2020-07-06;203
2020-07-05;"Trenčiansky kraj";1;0;0;0;NA;82112;1;2020-07-05;202
2020-07-03;"Trenčiansky kraj";2;0;0;0;NA;82112;2;2020-07-03;201
2020-07-02;"Trenčiansky kraj";10;0;0;0;NA;82112;10;2020-07-02;199
2020-07-01;"Trenčiansky kraj";1;0;0;0;NA;82112;1;2020-07-01;189
2020-06-30;"Trenčiansky kraj";6;0;0;0;NA;82112;6;2020-06-30;188
2020-06-29;"Trenčiansky kraj";1;0;0;0;NA;82112;1;2020-06-29;182
2020-06-25;"Trenčiansky kraj";2;0;0;0;NA;82112;2;2020-06-25;181
2020-06-24;"Trenčiansky kraj";1;0;0;0;NA;82112;1;2020-06-24;179
2020-06-10;"Trenčiansky kraj";1;0;0;0;NA;82112;1;2020-06-10;178
2020-05-27;"Trenčiansky kraj";2;0;0;0;NA;82112;2;2020-05-27;177
2020-05-15;"Trenčiansky kraj";1;0;0;0;NA;82112;1;2020-05-15;175
2020-05-14;"Trenčiansky kraj";2;0;0;0;NA;82112;2;2020-05-14;174
2020-05-13;"Trenčiansky kraj";1;0;0;0;NA;82112;1;2020-05-13;172
2020-05-12;"Trenčiansky kraj";1;0;0;0;NA;82112;1;2020-05-12;171
2020-05-11;"Trenčiansky kraj";3;0;0;0;NA;82112;3;2020-05-11;170
2020-05-09;"Trenčiansky kraj";2;0;0;0;NA;82112;2;2020-05-09;167
2020-05-07;"Trenčiansky kraj";6;0;0;0;NA;82112;6;2020-05-07;165
2020-05-05;"Trenčiansky kraj";2;0;0;0;NA;82112;2;2020-05-05;159
2020-04-29;"Trenčiansky kraj";2;0;0;0;NA;82112;2;2020-04-29;157
2020-04-28;"Trenčiansky kraj";1;0;0;0;NA;82112;1;2020-04-28;155
2020-04-26;"Trenčiansky kraj";1;0;0;0;NA;82112;1;2020-04-26;154
2020-04-23;"Trenčiansky kraj";11;0;0;0;NA;82112;11;2020-04-23;153
2020-04-22;"Trenčiansky kraj";1;0;0;0;NA;82112;1;2020-04-22;142
2020-04-21;"Trenčiansky kraj";11;0;0;0;NA;82112;11;2020-04-21;141
2020-04-20;"Trenčiansky kraj";15;0;0;0;NA;82112;15;2020-04-20;130
2020-04-19;"Trenčiansky kraj";2;0;0;0;NA;82112;2;2020-04-19;115
2020-04-18;"Trenčiansky kraj";3;0;0;0;NA;82112;3;2020-04-18;113
2020-04-17;"Trenčiansky kraj";4;0;0;0;NA;82112;4;2020-04-17;110
2020-04-16;"Trenčiansky kraj";10;0;0;0;NA;82112;10;2020-04-16;106
2020-04-15;"Trenčiansky kraj";4;0;0;0;NA;82112;4;2020-04-15;96
2020-04-13;"Trenčiansky kraj";1;0;0;0;NA;82112;1;2020-04-13;92
2020-04-12;"Trenčiansky kraj";2;0;0;0;NA;82112;2;2020-04-12;91
2020-04-11;"Trenčiansky kraj";3;0;0;0;NA;82112;3;2020-04-11;89
2020-04-08;"Trenčiansky kraj";2;0;0;0;NA;82112;2;2020-04-08;86
2020-04-07;"Trenčiansky kraj";18;0;0;0;NA;82112;18;2020-04-07;84
2020-04-05;"Trenčiansky kraj";3;0;0;0;NA;82112;3;2020-04-05;66
2020-04-04;"Trenčiansky kraj";5;0;0;0;NA;82112;5;2020-04-04;63
2020-04-03;"Trenčiansky kraj";4;0;0;0;NA;82112;4;2020-04-03;58
2020-04-02;"Trenčiansky kraj";1;0;0;0;NA;82112;1;2020-04-02;54
2020-04-01;"Trenčiansky kraj";3;0;0;0;NA;82112;3;2020-04-01;53
2020-03-31;"Trenčiansky kraj";1;0;0;0;NA;82112;1;2020-03-31;50
2020-03-30;"Trenčiansky kraj";3;0;0;0;NA;82112;3;2020-03-30;49
2020-03-29;"Trenčiansky kraj";6;0;0;0;NA;82112;6;2020-03-29;46
2020-03-28;"Trenčiansky kraj";9;0;0;0;NA;82112;9;2020-03-28;40
2020-03-27;"Trenčiansky kraj";2;0;0;0;NA;82112;2;2020-03-27;31
2020-03-26;"Trenčiansky kraj";6;0;0;0;NA;82112;6;2020-03-26;29
2020-03-25;"Trenčiansky kraj";3;0;0;0;NA;82112;3;2020-03-25;23
2020-03-24;"Trenčiansky kraj";1;0;0;0;NA;82112;1;2020-03-24;20
2020-03-21;"Trenčiansky kraj";2;0;0;0;NA;82112;2;2020-03-21;19
2020-03-20;"Trenčiansky kraj";2;0;0;0;NA;82112;2;2020-03-20;17
2020-03-19;"Trenčiansky kraj";8;0;0;0;NA;82112;8;2020-03-19;15
2020-03-16;"Trenčiansky kraj";1;0;0;0;NA;82112;1;2020-03-16;7
2020-03-15;"Trenčiansky kraj";5;0;0;0;NA;82112;5;2020-03-15;6
2020-03-12;"Trenčiansky kraj";1;0;0;0;NA;82112;1;2020-03-12;1
2021-04-08;"Trnavský kraj";85;8739;37;8776;43832;72644;122;2021-04-08;72644
2021-04-07;"Trnavský kraj";131;15390;80;15470;NA;72644;211;2021-04-07;72522
2021-04-06;"Trnavský kraj";92;19591;90;19681;NA;72644;182;2021-04-06;72311
2021-04-05;"Trnavský kraj";91;7047;13;7060;NA;72644;104;2021-04-05;72129
2021-04-04;"Trnavský kraj";9;15197;26;15223;NA;72644;35;2021-04-04;72025
2021-04-03;"Trnavský kraj";29;138616;157;138773;NA;72644;186;2021-04-03;71990
2021-04-02;"Trnavský kraj";91;13659;27;13686;NA;72644;118;2021-04-02;71804
2021-04-01;"Trnavský kraj";118;21042;58;21100;NA;72644;176;2021-04-01;71686
2021-03-31;"Trnavský kraj";140;15094;73;15167;NA;72644;213;2021-03-31;71510
2021-03-30;"Trnavský kraj";182;10394;79;10473;NA;72644;261;2021-03-30;71297
2021-03-29;"Trnavský kraj";126;15367;85;15452;NA;72644;211;2021-03-29;71036
2021-03-28;"Trnavský kraj";26;43455;100;43555;NA;72644;126;2021-03-28;70825
2021-03-27;"Trnavský kraj";64;120690;235;120925;NA;72644;299;2021-03-27;70699
2021-03-26;"Trnavský kraj";139;30217;130;30347;NA;72644;269;2021-03-26;70400
2021-03-25;"Trnavský kraj";135;14212;80;14292;NA;72644;215;2021-03-25;70131
2021-03-24;"Trnavský kraj";159;10521;89;10610;NA;72644;248;2021-03-24;69916
2021-03-23;"Trnavský kraj";221;12596;103;12699;NA;72644;324;2021-03-23;69668
2021-03-22;"Trnavský kraj";103;15718;97;15815;NA;72644;200;2021-03-22;69344
2021-03-21;"Trnavský kraj";31;29502;87;29589;NA;72644;118;2021-03-21;69144
2021-03-20;"Trnavský kraj";112;136522;317;136839;NA;72644;429;2021-03-20;69026
2021-03-19;"Trnavský kraj";174;25301;109;25410;NA;72644;283;2021-03-19;68597
2021-03-18;"Trnavský kraj";158;12088;134;12222;NA;72644;292;2021-03-18;68314
2021-03-17;"Trnavský kraj";245;10725;103;10828;NA;72644;348;2021-03-17;68022
2021-03-16;"Trnavský kraj";311;12763;135;12898;NA;72644;446;2021-03-16;67674
2021-03-15;"Trnavský kraj";127;18321;145;18466;NA;72644;272;2021-03-15;67228
2021-03-14;"Trnavský kraj";14;46499;152;46651;NA;72644;166;2021-03-14;66956
2021-03-13;"Trnavský kraj";155;139195;412;139607;NA;72644;567;2021-03-13;66790
2021-03-12;"Trnavský kraj";201;28226;179;28405;NA;72644;380;2021-03-12;66223
2021-03-11;"Trnavský kraj";204;13263;142;13405;NA;72644;346;2021-03-11;65843
2021-03-10;"Trnavský kraj";242;10460;136;10596;NA;72644;378;2021-03-10;65497
2021-03-09;"Trnavský kraj";442;12876;156;13032;NA;72644;598;2021-03-09;65119
2021-03-08;"Trnavský kraj";182;21459;163;21622;NA;72644;345;2021-03-08;64521
2021-03-07;"Trnavský kraj";30;46117;228;46345;NA;72644;258;2021-03-07;64176
2021-03-06;"Trnavský kraj";154;135576;529;136105;NA;72644;683;2021-03-06;63918
2021-03-05;"Trnavský kraj";299;28822;247;29069;NA;72644;546;2021-03-05;63235
2021-03-04;"Trnavský kraj";238;14067;175;14242;NA;72644;413;2021-03-04;62689
2021-03-03;"Trnavský kraj";413;11546;242;11788;NA;72644;655;2021-03-03;62276
2021-03-02;"Trnavský kraj";477;12352;196;12548;NA;72644;673;2021-03-02;61621
2021-03-01;"Trnavský kraj";189;18105;228;18333;NA;72644;417;2021-03-01;60948
2021-02-28;"Trnavský kraj";87;0;0;0;NA;72644;87;2021-02-28;60531
2021-02-27;"Trnavský kraj";264;0;0;0;NA;72644;264;2021-02-27;60444
2021-02-26;"Trnavský kraj";362;0;0;0;NA;72644;362;2021-02-26;60180
2021-02-25;"Trnavský kraj";433;0;0;0;NA;72644;433;2021-02-25;59818
2021-02-24;"Trnavský kraj";407;0;0;0;NA;72644;407;2021-02-24;59385
2021-02-23;"Trnavský kraj";469;0;0;0;NA;72644;469;2021-02-23;58978
2021-02-22;"Trnavský kraj";206;0;0;0;NA;72644;206;2021-02-22;58509
2021-02-21;"Trnavský kraj";38;0;0;0;NA;72644;38;2021-02-21;58303
2021-02-20;"Trnavský kraj";273;0;0;0;NA;72644;273;2021-02-20;58265
2021-02-19;"Trnavský kraj";335;0;0;0;NA;72644;335;2021-02-19;57992
2021-02-18;"Trnavský kraj";344;0;0;0;NA;72644;344;2021-02-18;57657
2021-02-17;"Trnavský kraj";431;0;0;0;NA;72644;431;2021-02-17;57313
2021-02-16;"Trnavský kraj";426;0;0;0;NA;72644;426;2021-02-16;56882
2021-02-15;"Trnavský kraj";146;0;0;0;NA;72644;146;2021-02-15;56456
2021-02-14;"Trnavský kraj";51;0;0;0;NA;72644;51;2021-02-14;56310
2021-02-13;"Trnavský kraj";218;0;0;0;NA;72644;218;2021-02-13;56259
2021-02-12;"Trnavský kraj";300;0;0;0;NA;72644;300;2021-02-12;56041
2021-02-11;"Trnavský kraj";422;0;0;0;NA;72644;422;2021-02-11;55741
2021-02-10;"Trnavský kraj";511;0;0;0;NA;72644;511;2021-02-10;55319
2021-02-09;"Trnavský kraj";544;0;0;0;NA;72644;544;2021-02-09;54808
2021-02-08;"Trnavský kraj";220;0;0;0;NA;72644;220;2021-02-08;54264
2021-02-07;"Trnavský kraj";140;0;0;0;NA;72644;140;2021-02-07;54044
2021-02-06;"Trnavský kraj";348;0;0;0;NA;72644;348;2021-02-06;53904
2021-02-05;"Trnavský kraj";377;0;0;0;NA;72644;377;2021-02-05;53556
2021-02-04;"Trnavský kraj";456;0;0;0;NA;72644;456;2021-02-04;53179
2021-02-03;"Trnavský kraj";472;0;0;0;NA;72644;472;2021-02-03;52723
2021-02-02;"Trnavský kraj";446;0;0;0;NA;72644;446;2021-02-02;52251
2021-02-01;"Trnavský kraj";198;0;0;0;NA;72644;198;2021-02-01;51805
2021-01-31;"Trnavský kraj";19;62815;778;63593;NA;72644;797;2021-01-31;51607
2021-01-30;"Trnavský kraj";323;110592;1280;111872;NA;72644;1603;2021-01-30;50810
2021-01-29;"Trnavský kraj";421;9647;285;9932;NA;72644;706;2021-01-29;49207
2021-01-28;"Trnavský kraj";389;5815;286;6101;NA;72644;675;2021-01-28;48501
2021-01-27;"Trnavský kraj";433;5300;219;5519;NA;72644;652;2021-01-27;47826
2021-01-26;"Trnavský kraj";565;25390;636;26026;NA;72644;1201;2021-01-26;47174
2021-01-25;"Trnavský kraj";210;41855;607;42462;NA;72644;817;2021-01-25;45973
2021-01-24;"Trnavský kraj";91;56258;713;56971;NA;72644;804;2021-01-24;45156
2021-01-23;"Trnavský kraj";372;117177;1347;118524;NA;72644;1719;2021-01-23;44352
2021-01-22;"Trnavský kraj";217;33128;507;33635;NA;72644;724;2021-01-22;42633
2021-01-21;"Trnavský kraj";311;13834;378;14212;NA;72644;689;2021-01-21;41909
2021-01-20;"Trnavský kraj";503;8149;274;8423;NA;72644;777;2021-01-20;41220
2021-01-19;"Trnavský kraj";415;7009;347;7356;NA;72644;762;2021-01-19;40443
2021-01-18;"Trnavský kraj";247;6237;484;6721;NA;72644;731;2021-01-18;39681
2021-01-17;"Trnavský kraj";128;854;215;1069;NA;72644;343;2021-01-17;38950
2021-01-16;"Trnavský kraj";103;599;19;618;NA;72644;122;2021-01-16;38607
2021-01-15;"Trnavský kraj";278;5456;335;5791;NA;72644;613;2021-01-15;38485
2021-01-14;"Trnavský kraj";452;4000;338;4338;NA;72644;790;2021-01-14;37872
2021-01-13;"Trnavský kraj";457;4752;378;5130;NA;72644;835;2021-01-13;37082
2021-01-12;"Trnavský kraj";469;7177;483;7660;NA;72644;952;2021-01-12;36247
2021-01-11;"Trnavský kraj";370;5103;392;5495;NA;72644;762;2021-01-11;35295
2021-01-10;"Trnavský kraj";71;13;0;13;NA;72644;71;2021-01-10;34533
2021-01-09;"Trnavský kraj";417;1775;100;1875;NA;72644;517;2021-01-09;34462
2021-01-08;"Trnavský kraj";381;6550;532;7082;NA;72644;913;2021-01-08;33945
2021-01-07;"Trnavský kraj";501;4074;390;4464;NA;72644;891;2021-01-07;33032
2021-01-06;"Trnavský kraj";179;758;132;890;NA;72644;311;2021-01-06;32141
2021-01-05;"Trnavský kraj";611;5922;636;6558;NA;72644;1247;2021-01-05;31830
2021-01-04;"Trnavský kraj";302;5239;689;5928;NA;72644;991;2021-01-04;30583
2021-01-03;"Trnavský kraj";60;53;7;60;NA;72644;67;2021-01-03;29592
2021-01-02;"Trnavský kraj";282;417;32;449;NA;72644;314;2021-01-02;29525
2021-01-01;"Trnavský kraj";143;449;76;525;NA;72644;219;2021-01-01;29211
2020-12-31;"Trnavský kraj";498;8488;858;9346;NA;72644;1356;2020-12-31;28992
2020-12-30;"Trnavský kraj";785;5318;612;5930;NA;72644;1397;2020-12-30;27636
2020-12-29;"Trnavský kraj";322;4999;593;5592;NA;72644;915;2020-12-29;26239
2020-12-28;"Trnavský kraj";213;5334;615;5949;NA;72644;828;2020-12-28;25324
2020-12-27;"Trnavský kraj";27;12;4;16;NA;72644;31;2020-12-27;24496
2020-12-26;"Trnavský kraj";148;44;1;45;NA;72644;149;2020-12-26;24465
2020-12-25;"Trnavský kraj";65;49;5;54;NA;72644;70;2020-12-25;24316
2020-12-24;"Trnavský kraj";333;1359;117;1476;NA;72644;450;2020-12-24;24246
2020-12-23;"Trnavský kraj";210;6417;375;6792;NA;72644;585;2020-12-23;23796
2020-12-22;"Trnavský kraj";311;5590;491;6081;NA;72644;802;2020-12-22;23211
2020-12-21;"Trnavský kraj";328;4527;399;4926;NA;72644;727;2020-12-21;22409
2020-12-20;"Trnavský kraj";134;110;12;122;NA;72644;146;2020-12-20;21682
2020-12-19;"Trnavský kraj";201;1046;86;1132;NA;72644;287;2020-12-19;21536
2020-12-18;"Trnavský kraj";341;4898;378;5276;NA;72644;719;2020-12-18;21249
2020-12-17;"Trnavský kraj";375;5271;443;5714;NA;72644;818;2020-12-17;20530
2020-12-16;"Trnavský kraj";312;5249;405;5654;NA;72644;717;2020-12-16;19712
2020-12-15;"Trnavský kraj";492;6623;632;7255;NA;72644;1124;2020-12-15;18995
2020-12-14;"Trnavský kraj";161;3505;292;3797;NA;72644;453;2020-12-14;17871
2020-12-13;"Trnavský kraj";7;0;0;0;NA;72644;7;2020-12-13;17418
2020-12-12;"Trnavský kraj";254;1456;114;1570;NA;72644;368;2020-12-12;17411
2020-12-11;"Trnavský kraj";384;4683;262;4945;NA;72644;646;2020-12-11;17043
2020-12-10;"Trnavský kraj";183;5194;320;5514;NA;72644;503;2020-12-10;16397
2020-12-09;"Trnavský kraj";521;4283;321;4604;NA;72644;842;2020-12-09;15894
2020-12-08;"Trnavský kraj";281;4090;304;4394;NA;72644;585;2020-12-08;15052
2020-12-07;"Trnavský kraj";178;2895;199;3094;NA;72644;377;2020-12-07;14467
2020-12-06;"Trnavský kraj";46;0;0;0;NA;72644;46;2020-12-06;14090
2020-12-05;"Trnavský kraj";129;2218;41;2259;NA;72644;170;2020-12-05;14044
2020-12-04;"Trnavský kraj";242;3948;158;4106;NA;72644;400;2020-12-04;13874
2020-12-03;"Trnavský kraj";248;2770;190;2960;NA;72644;438;2020-12-03;13474
2020-12-02;"Trnavský kraj";284;4516;176;4692;NA;72644;460;2020-12-02;13036
2020-12-01;"Trnavský kraj";253;3190;205;3395;NA;72644;458;2020-12-01;12576
2020-11-30;"Trnavský kraj";200;7360;186;7546;NA;72644;386;2020-11-30;12118
2020-11-29;"Trnavský kraj";17;708;34;742;NA;72644;51;2020-11-29;11732
2020-11-28;"Trnavský kraj";83;1453;77;1530;NA;72644;160;2020-11-28;11681
2020-11-27;"Trnavský kraj";148;1591;83;1674;NA;72644;231;2020-11-27;11521
2020-11-26;"Trnavský kraj";234;985;59;1044;NA;72644;293;2020-11-26;11290
2020-11-25;"Trnavský kraj";232;1029;72;1101;NA;72644;304;2020-11-25;10997
2020-11-24;"Trnavský kraj";295;1772;91;1863;NA;72644;386;2020-11-24;10693
2020-11-23;"Trnavský kraj";242;7207;125;7332;NA;72644;367;2020-11-23;10307
2020-11-22;"Trnavský kraj";10;54;3;57;NA;72644;13;2020-11-22;9940
2020-11-21;"Trnavský kraj";129;1214;23;1237;NA;72644;152;2020-11-21;9927
2020-11-20;"Trnavský kraj";246;1027;61;1088;NA;72644;307;2020-11-20;9775
2020-11-19;"Trnavský kraj";157;694;58;752;NA;72644;215;2020-11-19;9468
2020-11-18;"Trnavský kraj";235;716;75;791;NA;72644;310;2020-11-18;9253
2020-11-17;"Trnavský kraj";129;695;72;767;NA;72644;201;2020-11-17;8943
2020-11-16;"Trnavský kraj";187;682;32;714;NA;72644;219;2020-11-16;8742
2020-11-15;"Trnavský kraj";23;73;4;77;NA;72644;27;2020-11-15;8523
2020-11-14;"Trnavský kraj";86;389;10;399;NA;72644;96;2020-11-14;8496
2020-11-13;"Trnavský kraj";219;1312;21;1333;NA;72644;240;2020-11-13;8400
2020-11-12;"Trnavský kraj";162;420;18;438;NA;72644;180;2020-11-12;8160
2020-11-11;"Trnavský kraj";257;392;15;407;NA;72644;272;2020-11-11;7980
2020-11-10;"Trnavský kraj";189;889;30;919;NA;72644;219;2020-11-10;7708
2020-11-09;"Trnavský kraj";196;369;23;392;NA;72644;219;2020-11-09;7489
2020-11-08;"Trnavský kraj";55;306;4;310;NA;72644;59;2020-11-08;7270
2020-11-07;"Trnavský kraj";207;6070;74;6144;NA;72644;281;2020-11-07;7211
2020-11-06;"Trnavský kraj";260;1531;19;1550;NA;72644;279;2020-11-06;6930
2020-11-05;"Trnavský kraj";150;220;27;247;NA;72644;177;2020-11-05;6651
2020-11-04;"Trnavský kraj";188;212;10;222;NA;72644;198;2020-11-04;6474
2020-11-03;"Trnavský kraj";317;127;8;135;NA;72644;325;2020-11-03;6276
2020-11-02;"Trnavský kraj";281;1728;31;1759;NA;72644;312;2020-11-02;5951
2020-11-01;"Trnavský kraj";87;494;27;521;NA;72644;114;2020-11-01;5639
2020-10-31;"Trnavský kraj";259;5024;41;5065;NA;72644;300;2020-10-31;5525
2020-10-30;"Trnavský kraj";198;3784;27;3811;NA;72644;225;2020-10-30;5225
2020-10-29;"Trnavský kraj";273;1461;16;1477;NA;72644;289;2020-10-29;5000
2020-10-28;"Trnavský kraj";319;117;16;133;NA;72644;335;2020-10-28;4711
2020-10-27;"Trnavský kraj";199;461;36;497;NA;72644;235;2020-10-27;4376
2020-10-26;"Trnavský kraj";153;29;2;31;NA;72644;155;2020-10-26;4141
2020-10-25;"Trnavský kraj";95;19;1;20;NA;72644;96;2020-10-25;3986
2020-10-24;"Trnavský kraj";158;109;2;111;NA;72644;160;2020-10-24;3890
2020-10-23;"Trnavský kraj";201;89;4;93;NA;72644;205;2020-10-23;3730
2020-10-22;"Trnavský kraj";195;55;2;57;NA;72644;197;2020-10-22;3525
2020-10-21;"Trnavský kraj";134;73;3;76;NA;72644;137;2020-10-21;3328
2020-10-20;"Trnavský kraj";202;82;3;85;NA;72644;205;2020-10-20;3191
2020-10-19;"Trnavský kraj";67;55;0;55;NA;72644;67;2020-10-19;2986
2020-10-18;"Trnavský kraj";84;0;0;0;NA;72644;84;2020-10-18;2919
2020-10-17;"Trnavský kraj";123;0;0;0;NA;72644;123;2020-10-17;2835
2020-10-16;"Trnavský kraj";86;45;2;47;NA;72644;88;2020-10-16;2712
2020-10-15;"Trnavský kraj";155;66;2;68;NA;72644;157;2020-10-15;2624
2020-10-14;"Trnavský kraj";236;468;3;471;NA;72644;239;2020-10-14;2467
2020-10-13;"Trnavský kraj";138;16;2;18;NA;72644;140;2020-10-13;2228
2020-10-12;"Trnavský kraj";33;41;1;42;NA;72644;34;2020-10-12;2088
2020-10-11;"Trnavský kraj";31;0;0;0;NA;72644;31;2020-10-11;2054
2020-10-10;"Trnavský kraj";128;0;0;0;NA;72644;128;2020-10-10;2023
2020-10-09;"Trnavský kraj";156;0;0;0;NA;72644;156;2020-10-09;1895
2020-10-08;"Trnavský kraj";153;0;0;0;NA;72644;153;2020-10-08;1739
2020-10-07;"Trnavský kraj";80;0;0;0;NA;72644;80;2020-10-07;1586
2020-10-06;"Trnavský kraj";112;0;0;0;NA;72644;112;2020-10-06;1506
2020-10-05;"Trnavský kraj";33;0;0;0;NA;72644;33;2020-10-05;1394
2020-10-04;"Trnavský kraj";44;0;0;0;NA;72644;44;2020-10-04;1361
2020-10-03;"Trnavský kraj";60;0;0;0;NA;72644;60;2020-10-03;1317
2020-10-02;"Trnavský kraj";41;0;0;0;NA;72644;41;2020-10-02;1257
2020-10-01;"Trnavský kraj";53;0;0;0;NA;72644;53;2020-10-01;1216
2020-09-30;"Trnavský kraj";91;0;0;0;NA;72644;91;2020-09-30;1163
2020-09-29;"Trnavský kraj";40;0;0;0;NA;72644;40;2020-09-29;1072
2020-09-28;"Trnavský kraj";69;0;0;0;NA;72644;69;2020-09-28;1032
2020-09-27;"Trnavský kraj";30;0;0;0;NA;72644;30;2020-09-27;963
2020-09-26;"Trnavský kraj";46;0;0;0;NA;72644;46;2020-09-26;933
2020-09-25;"Trnavský kraj";32;0;0;0;NA;72644;32;2020-09-25;887
2020-09-24;"Trnavský kraj";42;0;0;0;NA;72644;42;2020-09-24;855
2020-09-23;"Trnavský kraj";43;0;0;0;NA;72644;43;2020-09-23;813
2020-09-22;"Trnavský kraj";55;0;0;0;NA;72644;55;2020-09-22;770
2020-09-21;"Trnavský kraj";41;0;0;0;NA;72644;41;2020-09-21;715
2020-09-20;"Trnavský kraj";17;0;0;0;NA;72644;17;2020-09-20;674
2020-09-19;"Trnavský kraj";4;0;0;0;NA;72644;4;2020-09-19;657
2020-09-18;"Trnavský kraj";33;0;0;0;NA;72644;33;2020-09-18;653
2020-09-17;"Trnavský kraj";42;0;0;0;NA;72644;42;2020-09-17;620
2020-09-16;"Trnavský kraj";49;0;0;0;NA;72644;49;2020-09-16;578
2020-09-15;"Trnavský kraj";5;0;0;0;NA;72644;5;2020-09-15;529
2020-09-14;"Trnavský kraj";26;0;0;0;NA;72644;26;2020-09-14;524
2020-09-13;"Trnavský kraj";9;0;0;0;NA;72644;9;2020-09-13;498
2020-09-12;"Trnavský kraj";12;0;0;0;NA;72644;12;2020-09-12;489
2020-09-11;"Trnavský kraj";16;0;0;0;NA;72644;16;2020-09-11;477
2020-09-10;"Trnavský kraj";32;0;0;0;NA;72644;32;2020-09-10;461
2020-09-09;"Trnavský kraj";14;0;0;0;NA;72644;14;2020-09-09;429
2020-09-08;"Trnavský kraj";11;0;0;0;NA;72644;11;2020-09-08;415
2020-09-07;"Trnavský kraj";7;0;0;0;NA;72644;7;2020-09-07;404
2020-09-06;"Trnavský kraj";5;0;0;0;NA;72644;5;2020-09-06;397
2020-09-05;"Trnavský kraj";7;0;0;0;NA;72644;7;2020-09-05;392
2020-09-04;"Trnavský kraj";16;0;0;0;NA;72644;16;2020-09-04;385
2020-09-03;"Trnavský kraj";8;0;0;0;NA;72644;8;2020-09-03;369
2020-09-02;"Trnavský kraj";7;0;0;0;NA;72644;7;2020-09-02;361
2020-09-01;"Trnavský kraj";1;0;0;0;NA;72644;1;2020-09-01;354
2020-08-31;"Trnavský kraj";6;0;0;0;NA;72644;6;2020-08-31;353
2020-08-30;"Trnavský kraj";1;0;0;0;NA;72644;1;2020-08-30;347
2020-08-29;"Trnavský kraj";3;0;0;0;NA;72644;3;2020-08-29;346
2020-08-28;"Trnavský kraj";14;0;0;0;NA;72644;14;2020-08-28;343
2020-08-27;"Trnavský kraj";6;0;0;0;NA;72644;6;2020-08-27;329
2020-08-26;"Trnavský kraj";4;0;0;0;NA;72644;4;2020-08-26;323
2020-08-25;"Trnavský kraj";7;0;0;0;NA;72644;7;2020-08-25;319
2020-08-24;"Trnavský kraj";1;0;0;0;NA;72644;1;2020-08-24;312
2020-08-23;"Trnavský kraj";6;0;0;0;NA;72644;6;2020-08-23;311
2020-08-22;"Trnavský kraj";3;0;0;0;NA;72644;3;2020-08-22;305
2020-08-21;"Trnavský kraj";4;0;0;0;NA;72644;4;2020-08-21;302
2020-08-20;"Trnavský kraj";23;0;0;0;NA;72644;23;2020-08-20;298
2020-08-19;"Trnavský kraj";13;0;0;0;NA;72644;13;2020-08-19;275
2020-08-18;"Trnavský kraj";20;0;0;0;NA;72644;20;2020-08-18;262
2020-08-17;"Trnavský kraj";3;0;0;0;NA;72644;3;2020-08-17;242
2020-08-15;"Trnavský kraj";7;0;0;0;NA;72644;7;2020-08-15;239
2020-08-14;"Trnavský kraj";6;0;0;0;NA;72644;6;2020-08-14;232
2020-08-13;"Trnavský kraj";10;0;0;0;NA;72644;10;2020-08-13;226
2020-08-12;"Trnavský kraj";2;0;0;0;NA;72644;2;2020-08-12;216
2020-08-11;"Trnavský kraj";30;0;0;0;NA;72644;30;2020-08-11;214
2020-08-08;"Trnavský kraj";13;0;0;0;NA;72644;13;2020-08-08;184
2020-08-07;"Trnavský kraj";4;0;0;0;NA;72644;4;2020-08-07;171
2020-08-06;"Trnavský kraj";4;0;0;0;NA;72644;4;2020-08-06;167
2020-08-04;"Trnavský kraj";1;0;0;0;NA;72644;1;2020-08-04;163
2020-08-03;"Trnavský kraj";2;0;0;0;NA;72644;2;2020-08-03;162
2020-08-02;"Trnavský kraj";1;0;0;0;NA;72644;1;2020-08-02;160
2020-07-31;"Trnavský kraj";7;0;0;0;NA;72644;7;2020-07-31;159
2020-07-30;"Trnavský kraj";6;0;0;0;NA;72644;6;2020-07-30;152
2020-07-28;"Trnavský kraj";1;0;0;0;NA;72644;1;2020-07-28;146
2020-07-27;"Trnavský kraj";2;0;0;0;NA;72644;2;2020-07-27;145
2020-07-24;"Trnavský kraj";1;0;0;0;NA;72644;1;2020-07-24;143
2020-07-23;"Trnavský kraj";2;0;0;0;NA;72644;2;2020-07-23;142
2020-07-22;"Trnavský kraj";1;0;0;0;NA;72644;1;2020-07-22;140
2020-07-21;"Trnavský kraj";2;0;0;0;NA;72644;2;2020-07-21;139
2020-07-15;"Trnavský kraj";1;0;0;0;NA;72644;1;2020-07-15;137
2020-07-08;"Trnavský kraj";3;0;0;0;NA;72644;3;2020-07-08;136
2020-07-07;"Trnavský kraj";4;0;0;0;NA;72644;4;2020-07-07;133
2020-07-02;"Trnavský kraj";3;0;0;0;NA;72644;3;2020-07-02;129
2020-06-18;"Trnavský kraj";2;0;0;0;NA;72644;2;2020-06-18;126
2020-05-25;"Trnavský kraj";1;0;0;0;NA;72644;1;2020-05-25;124
2020-05-23;"Trnavský kraj";2;0;0;0;NA;72644;2;2020-05-23;123
2020-05-20;"Trnavský kraj";2;0;0;0;NA;72644;2;2020-05-20;121
2020-05-15;"Trnavský kraj";1;0;0;0;NA;72644;1;2020-05-15;119
2020-05-11;"Trnavský kraj";2;0;0;0;NA;72644;2;2020-05-11;118
2020-04-28;"Trnavský kraj";1;0;0;0;NA;72644;1;2020-04-28;116
2020-04-25;"Trnavský kraj";2;0;0;0;NA;72644;2;2020-04-25;115
2020-04-24;"Trnavský kraj";4;0;0;0;NA;72644;4;2020-04-24;113
2020-04-23;"Trnavský kraj";5;0;0;0;NA;72644;5;2020-04-23;109
2020-04-22;"Trnavský kraj";10;0;0;0;NA;72644;10;2020-04-22;104
2020-04-21;"Trnavský kraj";5;0;0;0;NA;72644;5;2020-04-21;94
2020-04-19;"Trnavský kraj";1;0;0;0;NA;72644;1;2020-04-19;89
2020-04-18;"Trnavský kraj";4;0;0;0;NA;72644;4;2020-04-18;88
2020-04-17;"Trnavský kraj";7;0;0;0;NA;72644;7;2020-04-17;84
2020-04-16;"Trnavský kraj";5;0;0;0;NA;72644;5;2020-04-16;77
2020-04-15;"Trnavský kraj";5;0;0;0;NA;72644;5;2020-04-15;72
2020-04-14;"Trnavský kraj";1;0;0;0;NA;72644;1;2020-04-14;67
2020-04-10;"Trnavský kraj";2;0;0;0;NA;72644;2;2020-04-10;66
2020-04-09;"Trnavský kraj";3;0;0;0;NA;72644;3;2020-04-09;64
2020-04-08;"Trnavský kraj";4;0;0;0;NA;72644;4;2020-04-08;61
2020-04-07;"Trnavský kraj";6;0;0;0;NA;72644;6;2020-04-07;57
2020-04-06;"Trnavský kraj";6;0;0;0;NA;72644;6;2020-04-06;51
2020-04-05;"Trnavský kraj";1;0;0;0;NA;72644;1;2020-04-05;45
2020-04-04;"Trnavský kraj";1;0;0;0;NA;72644;1;2020-04-04;44
2020-04-03;"Trnavský kraj";3;0;0;0;NA;72644;3;2020-04-03;43
2020-04-02;"Trnavský kraj";4;0;0;0;NA;72644;4;2020-04-02;40
2020-03-31;"Trnavský kraj";3;0;0;0;NA;72644;3;2020-03-31;36
2020-03-30;"Trnavský kraj";4;0;0;0;NA;72644;4;2020-03-30;33
2020-03-29;"Trnavský kraj";1;0;0;0;NA;72644;1;2020-03-29;29
2020-03-28;"Trnavský kraj";3;0;0;0;NA;72644;3;2020-03-28;28
2020-03-27;"Trnavský kraj";5;0;0;0;NA;72644;5;2020-03-27;25
2020-03-26;"Trnavský kraj";5;0;0;0;NA;72644;5;2020-03-26;20
2020-03-25;"Trnavský kraj";1;0;0;0;NA;72644;1;2020-03-25;15
2020-03-23;"Trnavský kraj";2;0;0;0;NA;72644;2;2020-03-23;14
2020-03-22;"Trnavský kraj";1;0;0;0;NA;72644;1;2020-03-22;12
2020-03-21;"Trnavský kraj";5;0;0;0;NA;72644;5;2020-03-21;11
2020-03-17;"Trnavský kraj";3;0;0;0;NA;72644;3;2020-03-17;6
2020-03-16;"Trnavský kraj";1;0;0;0;NA;72644;1;2020-03-16;3
2020-03-13;"Trnavský kraj";1;0;0;0;NA;72644;1;2020-03-13;2
2020-03-12;"Trnavský kraj";1;0;0;0;NA;72644;1;2020-03-12;1
2021-04-08;"Žilinský kraj";179;15694;112;15806;53811;87843;291;2021-04-08;87843
2021-04-07;"Žilinský kraj";309;29054;174;29228;NA;87843;483;2021-04-07;87552
2021-04-06;"Žilinský kraj";308;38918;294;39212;NA;87843;602;2021-04-06;87069
2021-04-05;"Žilinský kraj";17;7182;76;7258;NA;87843;93;2021-04-05;86467
2021-04-04;"Žilinský kraj";17;8889;35;8924;NA;87843;52;2021-04-04;86374
2021-04-03;"Žilinský kraj";180;96957;374;97331;NA;87843;554;2021-04-03;86322
2021-04-02;"Žilinský kraj";73;20231;68;20299;NA;87843;141;2021-04-02;85768
2021-04-01;"Žilinský kraj";334;42185;240;42425;NA;87843;574;2021-04-01;85627
2021-03-31;"Žilinský kraj";170;31728;247;31975;NA;87843;417;2021-03-31;85053
2021-03-30;"Žilinský kraj";406;25653;240;25893;NA;87843;646;2021-03-30;84636
2021-03-29;"Žilinský kraj";297;28022;268;28290;NA;87843;565;2021-03-29;83990
2021-03-28;"Žilinský kraj";21;20139;136;20275;NA;87843;157;2021-03-28;83425
2021-03-27;"Žilinský kraj";151;85343;350;85693;NA;87843;501;2021-03-27;83268
2021-03-26;"Žilinský kraj";312;51997;332;52329;NA;87843;644;2021-03-26;82767
2021-03-25;"Žilinský kraj";281;27624;214;27838;NA;87843;495;2021-03-25;82123
2021-03-24;"Žilinský kraj";280;21425;261;21686;NA;87843;541;2021-03-24;81628
2021-03-23;"Žilinský kraj";418;23171;278;23449;NA;87843;696;2021-03-23;81087
2021-03-22;"Žilinský kraj";293;29289;314;29603;NA;87843;607;2021-03-22;80391
2021-03-21;"Žilinský kraj";32;20978;125;21103;NA;87843;157;2021-03-21;79784
2021-03-20;"Žilinský kraj";165;84621;471;85092;NA;87843;636;2021-03-20;79627
2021-03-19;"Žilinský kraj";357;51763;413;52176;NA;87843;770;2021-03-19;78991
2021-03-18;"Žilinský kraj";329;28453;294;28747;NA;87843;623;2021-03-18;78221
2021-03-17;"Žilinský kraj";395;21916;269;22185;NA;87843;664;2021-03-17;77598
2021-03-16;"Žilinský kraj";514;24341;317;24658;NA;87843;831;2021-03-16;76934
2021-03-15;"Žilinský kraj";341;29607;419;30026;NA;87843;760;2021-03-15;76103
2021-03-14;"Žilinský kraj";87;31130;248;31378;NA;87843;335;2021-03-14;75343
2021-03-13;"Žilinský kraj";113;82094;507;82601;NA;87843;620;2021-03-13;75008
2021-03-12;"Žilinský kraj";520;52087;414;52501;NA;87843;934;2021-03-12;74388
2021-03-11;"Žilinský kraj";399;28478;309;28787;NA;87843;708;2021-03-11;73454
2021-03-10;"Žilinský kraj";368;22359;370;22729;NA;87843;738;2021-03-10;72746
2021-03-09;"Žilinský kraj";537;24850;316;25166;NA;87843;853;2021-03-09;72008
2021-03-08;"Žilinský kraj";387;30823;458;31281;NA;87843;845;2021-03-08;71155
2021-03-07;"Žilinský kraj";48;27903;228;28131;NA;87843;276;2021-03-07;70310
2021-03-06;"Žilinský kraj";173;84792;556;85348;NA;87843;729;2021-03-06;70034
2021-03-05;"Žilinský kraj";369;51742;483;52225;NA;87843;852;2021-03-05;69305
2021-03-04;"Žilinský kraj";467;30138;377;30515;NA;87843;844;2021-03-04;68453
2021-03-03;"Žilinský kraj";448;26254;394;26648;NA;87843;842;2021-03-03;67609
2021-03-02;"Žilinský kraj";551;25665;378;26043;NA;87843;929;2021-03-02;66767
2021-03-01;"Žilinský kraj";375;31036;441;31477;NA;87843;816;2021-03-01;65838
2021-02-28;"Žilinský kraj";61;0;0;0;NA;87843;61;2021-02-28;65022
2021-02-27;"Žilinský kraj";159;0;0;0;NA;87843;159;2021-02-27;64961
2021-02-26;"Žilinský kraj";459;0;0;0;NA;87843;459;2021-02-26;64802
2021-02-25;"Žilinský kraj";347;0;0;0;NA;87843;347;2021-02-25;64343
2021-02-24;"Žilinský kraj";339;0;0;0;NA;87843;339;2021-02-24;63996
2021-02-23;"Žilinský kraj";437;0;0;0;NA;87843;437;2021-02-23;63657
2021-02-22;"Žilinský kraj";345;0;0;0;NA;87843;345;2021-02-22;63220
2021-02-21;"Žilinský kraj";36;0;0;0;NA;87843;36;2021-02-21;62875
2021-02-20;"Žilinský kraj";152;0;0;0;NA;87843;152;2021-02-20;62839
2021-02-19;"Žilinský kraj";337;0;0;0;NA;87843;337;2021-02-19;62687
2021-02-18;"Žilinský kraj";263;0;0;0;NA;87843;263;2021-02-18;62350
2021-02-17;"Žilinský kraj";269;0;0;0;NA;87843;269;2021-02-17;62087
2021-02-16;"Žilinský kraj";321;0;0;0;NA;87843;321;2021-02-16;61818
2021-02-15;"Žilinský kraj";230;0;0;0;NA;87843;230;2021-02-15;61497
2021-02-14;"Žilinský kraj";30;0;0;0;NA;87843;30;2021-02-14;61267
2021-02-13;"Žilinský kraj";91;0;0;0;NA;87843;91;2021-02-13;61237
2021-02-12;"Žilinský kraj";242;0;0;0;NA;87843;242;2021-02-12;61146
2021-02-11;"Žilinský kraj";228;0;0;0;NA;87843;228;2021-02-11;60904
2021-02-10;"Žilinský kraj";259;0;0;0;NA;87843;259;2021-02-10;60676
2021-02-09;"Žilinský kraj";377;0;0;0;NA;87843;377;2021-02-09;60417
2021-02-08;"Žilinský kraj";160;0;0;0;NA;87843;160;2021-02-08;60040
2021-02-07;"Žilinský kraj";24;0;0;0;NA;87843;24;2021-02-07;59880
2021-02-06;"Žilinský kraj";71;0;0;0;NA;87843;71;2021-02-06;59856
2021-02-05;"Žilinský kraj";248;0;0;0;NA;87843;248;2021-02-05;59785
2021-02-04;"Žilinský kraj";238;0;0;0;NA;87843;238;2021-02-04;59537
2021-02-03;"Žilinský kraj";194;0;0;0;NA;87843;194;2021-02-03;59299
2021-02-02;"Žilinský kraj";216;0;0;0;NA;87843;216;2021-02-02;59105
2021-02-01;"Žilinský kraj";220;0;0;0;NA;87843;220;2021-02-01;58889
2021-01-31;"Žilinský kraj";11;42;1;43;NA;87843;12;2021-01-31;58669
2021-01-30;"Žilinský kraj";85;15492;158;15650;NA;87843;243;2021-01-30;58657
2021-01-29;"Žilinský kraj";209;22890;304;23194;NA;87843;513;2021-01-29;58414
2021-01-28;"Žilinský kraj";240;5625;175;5800;NA;87843;415;2021-01-28;57901
2021-01-27;"Žilinský kraj";256;7136;123;7259;NA;87843;379;2021-01-27;57486
2021-01-26;"Žilinský kraj";245;49569;343;49912;NA;87843;588;2021-01-26;57107
2021-01-25;"Žilinský kraj";159;18637;131;18768;NA;87843;290;2021-01-25;56519
2021-01-24;"Žilinský kraj";22;31984;138;32122;NA;87843;160;2021-01-24;56229
2021-01-23;"Žilinský kraj";91;88667;395;89062;NA;87843;486;2021-01-23;56069
2021-01-22;"Žilinský kraj";163;27943;229;28172;NA;87843;392;2021-01-22;55583
2021-01-21;"Žilinský kraj";116;18697;172;18869;NA;87843;288;2021-01-21;55191
2021-01-20;"Žilinský kraj";236;17484;171;17655;NA;87843;407;2021-01-20;54903
2021-01-19;"Žilinský kraj";245;14087;247;14334;NA;87843;492;2021-01-19;54496
2021-01-18;"Žilinský kraj";236;12537;334;12871;NA;87843;570;2021-01-18;54004
2021-01-17;"Žilinský kraj";95;113;2;115;NA;87843;97;2021-01-17;53434
2021-01-16;"Žilinský kraj";14;314;8;322;NA;87843;22;2021-01-16;53337
2021-01-15;"Žilinský kraj";248;7256;203;7459;NA;87843;451;2021-01-15;53315
2021-01-14;"Žilinský kraj";166;5610;249;5859;NA;87843;415;2021-01-14;52864
2021-01-13;"Žilinský kraj";247;11307;553;11860;NA;87843;800;2021-01-13;52449
2021-01-12;"Žilinský kraj";376;8798;418;9216;NA;87843;794;2021-01-12;51649
2021-01-11;"Žilinský kraj";351;10348;510;10858;NA;87843;861;2021-01-11;50855
2021-01-10;"Žilinský kraj";38;189;7;196;NA;87843;45;2021-01-10;49994
2021-01-09;"Žilinský kraj";192;1992;85;2077;NA;87843;277;2021-01-09;49949
2021-01-08;"Žilinský kraj";413;9234;500;9734;NA;87843;913;2021-01-08;49672
2021-01-07;"Žilinský kraj";438;23513;1881;25394;NA;87843;2319;2021-01-07;48759
2021-01-06;"Žilinský kraj";145;1338;89;1427;NA;87843;234;2021-01-06;46440
2021-01-05;"Žilinský kraj";717;11147;915;12062;NA;87843;1632;2021-01-05;46206
2021-01-04;"Žilinský kraj";479;9376;959;10335;NA;87843;1438;2021-01-04;44574
2021-01-03;"Žilinský kraj";13;33;4;37;NA;87843;17;2021-01-03;43136
2021-01-02;"Žilinský kraj";98;746;86;832;NA;87843;184;2021-01-02;43119
2021-01-01;"Žilinský kraj";118;552;36;588;NA;87843;154;2021-01-01;42935
2020-12-31;"Žilinský kraj";395;10040;814;10854;NA;87843;1209;2020-12-31;42781
2020-12-30;"Žilinský kraj";1038;12026;846;12872;NA;87843;1884;2020-12-30;41572
2020-12-29;"Žilinský kraj";256;10593;1044;11637;NA;87843;1300;2020-12-29;39688
2020-12-28;"Žilinský kraj";406;10481;991;11472;NA;87843;1397;2020-12-28;38388
2020-12-27;"Žilinský kraj";40;662;80;742;NA;87843;120;2020-12-27;36991
2020-12-26;"Žilinský kraj";135;124;14;138;NA;87843;149;2020-12-26;36871
2020-12-25;"Žilinský kraj";66;111;10;121;NA;87843;76;2020-12-25;36722
2020-12-24;"Žilinský kraj";643;1018;75;1093;NA;87843;718;2020-12-24;36646
2020-12-23;"Žilinský kraj";228;17146;997;18143;NA;87843;1225;2020-12-23;35928
2020-12-22;"Žilinský kraj";519;13103;1002;14105;NA;87843;1521;2020-12-22;34703
2020-12-21;"Žilinský kraj";444;12622;1100;13722;NA;87843;1544;2020-12-21;33182
2020-12-20;"Žilinský kraj";36;579;73;652;NA;87843;109;2020-12-20;31638
2020-12-19;"Žilinský kraj";208;2080;144;2224;NA;87843;352;2020-12-19;31529
2020-12-18;"Žilinský kraj";333;6899;402;7301;NA;87843;735;2020-12-18;31177
2020-12-17;"Žilinský kraj";500;4248;280;4528;NA;87843;780;2020-12-17;30442
2020-12-16;"Žilinský kraj";333;4000;285;4285;NA;87843;618;2020-12-16;29662
2020-12-15;"Žilinský kraj";528;4182;377;4559;NA;87843;905;2020-12-15;29044
2020-12-14;"Žilinský kraj";321;4273;355;4628;NA;87843;676;2020-12-14;28139
2020-12-13;"Žilinský kraj";26;529;66;595;NA;87843;92;2020-12-13;27463
2020-12-12;"Žilinský kraj";95;1061;53;1114;NA;87843;148;2020-12-12;27371
2020-12-11;"Žilinský kraj";455;4513;274;4787;NA;87843;729;2020-12-11;27223
2020-12-10;"Žilinský kraj";166;9342;840;10182;NA;87843;1006;2020-12-10;26494
2020-12-09;"Žilinský kraj";392;2258;129;2387;NA;87843;521;2020-12-09;25488
2020-12-08;"Žilinský kraj";331;3218;127;3345;NA;87843;458;2020-12-08;24967
2020-12-07;"Žilinský kraj";348;2289;121;2410;NA;87843;469;2020-12-07;24509
2020-12-06;"Žilinský kraj";15;147;4;151;NA;87843;19;2020-12-06;24040
2020-12-05;"Žilinský kraj";98;1237;45;1282;NA;87843;143;2020-12-05;24021
2020-12-04;"Žilinský kraj";228;2884;123;3007;NA;87843;351;2020-12-04;23878
2020-12-03;"Žilinský kraj";237;1415;119;1534;NA;87843;356;2020-12-03;23527
2020-12-02;"Žilinský kraj";181;1538;82;1620;NA;87843;263;2020-12-02;23171
2020-12-01;"Žilinský kraj";209;6565;312;6877;NA;87843;521;2020-12-01;22908
2020-11-30;"Žilinský kraj";203;5237;291;5528;NA;87843;494;2020-11-30;22387
2020-11-29;"Žilinský kraj";18;81;7;88;NA;87843;25;2020-11-29;21893
2020-11-28;"Žilinský kraj";99;349;15;364;NA;87843;114;2020-11-28;21868
2020-11-27;"Žilinský kraj";218;883;46;929;NA;87843;264;2020-11-27;21754
2020-11-26;"Žilinský kraj";190;1068;56;1124;NA;87843;246;2020-11-26;21490
2020-11-25;"Žilinský kraj";225;1217;49;1266;NA;87843;274;2020-11-25;21244
2020-11-24;"Žilinský kraj";213;933;65;998;NA;87843;278;2020-11-24;20970
2020-11-23;"Žilinský kraj";170;759;44;803;NA;87843;214;2020-11-23;20692
2020-11-22;"Žilinský kraj";11;0;0;0;NA;87843;11;2020-11-22;20478
2020-11-21;"Žilinský kraj";61;505;20;525;NA;87843;81;2020-11-21;20467
2020-11-20;"Žilinský kraj";251;1074;45;1119;NA;87843;296;2020-11-20;20386
2020-11-19;"Žilinský kraj";252;752;61;813;NA;87843;313;2020-11-19;20090
2020-11-18;"Žilinský kraj";346;348;15;363;NA;87843;361;2020-11-18;19777
2020-11-17;"Žilinský kraj";123;490;15;505;NA;87843;138;2020-11-17;19416
2020-11-16;"Žilinský kraj";227;206;13;219;NA;87843;240;2020-11-16;19278
2020-11-15;"Žilinský kraj";63;13;0;13;NA;87843;63;2020-11-15;19038
2020-11-14;"Žilinský kraj";189;1038;11;1049;NA;87843;200;2020-11-14;18975
2020-11-13;"Žilinský kraj";181;125;9;134;NA;87843;190;2020-11-13;18775
2020-11-12;"Žilinský kraj";334;79;2;81;NA;87843;336;2020-11-12;18585
2020-11-11;"Žilinský kraj";489;147;10;157;NA;87843;499;2020-11-11;18249
2020-11-10;"Žilinský kraj";374;519;9;528;NA;87843;383;2020-11-10;17750
2020-11-09;"Žilinský kraj";143;2335;30;2365;NA;87843;173;2020-11-09;17367
2020-11-08;"Žilinský kraj";59;2196;35;2231;NA;87843;94;2020-11-08;17194
2020-11-07;"Žilinský kraj";312;8175;88;8263;NA;87843;400;2020-11-07;17100
2020-11-06;"Žilinský kraj";503;4090;38;4128;NA;87843;541;2020-11-06;16700
2020-11-05;"Žilinský kraj";473;64;4;68;NA;87843;477;2020-11-05;16159
2020-11-04;"Žilinský kraj";423;76;7;83;NA;87843;430;2020-11-04;15682
2020-11-03;"Žilinský kraj";688;889;16;905;NA;87843;704;2020-11-03;15252
2020-11-02;"Žilinský kraj";472;1043;39;1082;NA;87843;511;2020-11-02;14548
2020-11-01;"Žilinský kraj";349;5096;130;5226;NA;87843;479;2020-11-01;14037
2020-10-31;"Žilinský kraj";661;7963;203;8166;NA;87843;864;2020-10-31;13558
2020-10-30;"Žilinský kraj";529;2575;61;2636;NA;87843;590;2020-10-30;12694
2020-10-29;"Žilinský kraj";740;503;17;520;NA;87843;757;2020-10-29;12104
2020-10-28;"Žilinský kraj";635;105;11;116;NA;87843;646;2020-10-28;11347
2020-10-27;"Žilinský kraj";355;154;24;178;NA;87843;379;2020-10-27;10701
2020-10-26;"Žilinský kraj";148;117;28;145;NA;87843;176;2020-10-26;10322
2020-10-25;"Žilinský kraj";436;0;0;0;NA;87843;436;2020-10-25;10146
2020-10-24;"Žilinský kraj";803;0;0;0;NA;87843;803;2020-10-24;9710
2020-10-23;"Žilinský kraj";659;102;13;115;NA;87843;672;2020-10-23;8907
2020-10-22;"Žilinský kraj";525;33;3;36;NA;87843;528;2020-10-22;8235
2020-10-21;"Žilinský kraj";478;74;14;88;NA;87843;492;2020-10-21;7707
2020-10-20;"Žilinský kraj";524;127;8;135;NA;87843;532;2020-10-20;7215
2020-10-19;"Žilinský kraj";70;80;12;92;NA;87843;82;2020-10-19;6683
2020-10-18;"Žilinský kraj";159;0;0;0;NA;87843;159;2020-10-18;6601
2020-10-17;"Žilinský kraj";509;0;0;0;NA;87843;509;2020-10-17;6442
2020-10-16;"Žilinský kraj";603;51;9;60;NA;87843;612;2020-10-16;5933
2020-10-15;"Žilinský kraj";679;61;3;64;NA;87843;682;2020-10-15;5321
2020-10-14;"Žilinský kraj";523;269;6;275;NA;87843;529;2020-10-14;4639
2020-10-13;"Žilinský kraj";367;458;40;498;NA;87843;407;2020-10-13;4110
2020-10-12;"Žilinský kraj";62;0;0;0;NA;87843;62;2020-10-12;3703
2020-10-11;"Žilinský kraj";50;0;0;0;NA;87843;50;2020-10-11;3641
2020-10-10;"Žilinský kraj";213;0;0;0;NA;87843;213;2020-10-10;3591
2020-10-09;"Žilinský kraj";543;0;0;0;NA;87843;543;2020-10-09;3378
2020-10-08;"Žilinský kraj";238;0;0;0;NA;87843;238;2020-10-08;2835
2020-10-07;"Žilinský kraj";168;0;0;0;NA;87843;168;2020-10-07;2597
2020-10-06;"Žilinský kraj";233;0;0;0;NA;87843;233;2020-10-06;2429
2020-10-05;"Žilinský kraj";33;0;0;0;NA;87843;33;2020-10-05;2196
2020-10-04;"Žilinský kraj";35;0;0;0;NA;87843;35;2020-10-04;2163
2020-10-03;"Žilinský kraj";155;0;0;0;NA;87843;155;2020-10-03;2128
2020-10-02;"Žilinský kraj";105;0;0;0;NA;87843;105;2020-10-02;1973
2020-10-01;"Žilinský kraj";147;0;0;0;NA;87843;147;2020-10-01;1868
2020-09-30;"Žilinský kraj";163;0;0;0;NA;87843;163;2020-09-30;1721
2020-09-29;"Žilinský kraj";105;0;0;0;NA;87843;105;2020-09-29;1558
2020-09-28;"Žilinský kraj";34;0;0;0;NA;87843;34;2020-09-28;1453
2020-09-27;"Žilinský kraj";108;0;0;0;NA;87843;108;2020-09-27;1419
2020-09-26;"Žilinský kraj";96;0;0;0;NA;87843;96;2020-09-26;1311
2020-09-25;"Žilinský kraj";69;0;0;0;NA;87843;69;2020-09-25;1215
2020-09-24;"Žilinský kraj";100;0;0;0;NA;87843;100;2020-09-24;1146
2020-09-23;"Žilinský kraj";65;0;0;0;NA;87843;65;2020-09-23;1046
2020-09-22;"Žilinský kraj";65;0;0;0;NA;87843;65;2020-09-22;981
2020-09-21;"Žilinský kraj";47;0;0;0;NA;87843;47;2020-09-21;916
2020-09-20;"Žilinský kraj";4;0;0;0;NA;87843;4;2020-09-20;869
2020-09-19;"Žilinský kraj";6;0;0;0;NA;87843;6;2020-09-19;865
2020-09-18;"Žilinský kraj";82;0;0;0;NA;87843;82;2020-09-18;859
2020-09-17;"Žilinský kraj";30;0;0;0;NA;87843;30;2020-09-17;777
2020-09-16;"Žilinský kraj";34;0;0;0;NA;87843;34;2020-09-16;747
2020-09-15;"Žilinský kraj";12;0;0;0;NA;87843;12;2020-09-15;713
2020-09-14;"Žilinský kraj";39;0;0;0;NA;87843;39;2020-09-14;701
2020-09-13;"Žilinský kraj";6;0;0;0;NA;87843;6;2020-09-13;662
2020-09-12;"Žilinský kraj";4;0;0;0;NA;87843;4;2020-09-12;656
2020-09-11;"Žilinský kraj";31;0;0;0;NA;87843;31;2020-09-11;652
2020-09-10;"Žilinský kraj";31;0;0;0;NA;87843;31;2020-09-10;621
2020-09-09;"Žilinský kraj";23;0;0;0;NA;87843;23;2020-09-09;590
2020-09-08;"Žilinský kraj";25;0;0;0;NA;87843;25;2020-09-08;567
2020-09-07;"Žilinský kraj";11;0;0;0;NA;87843;11;2020-09-07;542
2020-09-05;"Žilinský kraj";2;0;0;0;NA;87843;2;2020-09-05;531
2020-09-04;"Žilinský kraj";33;0;0;0;NA;87843;33;2020-09-04;529
2020-09-03;"Žilinský kraj";18;0;0;0;NA;87843;18;2020-09-03;496
2020-09-02;"Žilinský kraj";16;0;0;0;NA;87843;16;2020-09-02;478
2020-09-01;"Žilinský kraj";4;0;0;0;NA;87843;4;2020-09-01;462
2020-08-31;"Žilinský kraj";5;0;0;0;NA;87843;5;2020-08-31;458
2020-08-30;"Žilinský kraj";3;0;0;0;NA;87843;3;2020-08-30;453
2020-08-29;"Žilinský kraj";5;0;0;0;NA;87843;5;2020-08-29;450
2020-08-28;"Žilinský kraj";13;0;0;0;NA;87843;13;2020-08-28;445
2020-08-27;"Žilinský kraj";18;0;0;0;NA;87843;18;2020-08-27;432
2020-08-26;"Žilinský kraj";8;0;0;0;NA;87843;8;2020-08-26;414
2020-08-25;"Žilinský kraj";2;0;0;0;NA;87843;2;2020-08-25;406
2020-08-24;"Žilinský kraj";5;0;0;0;NA;87843;5;2020-08-24;404
2020-08-21;"Žilinský kraj";10;0;0;0;NA;87843;10;2020-08-21;399
2020-08-20;"Žilinský kraj";13;0;0;0;NA;87843;13;2020-08-20;389
2020-08-19;"Žilinský kraj";7;0;0;0;NA;87843;7;2020-08-19;376
2020-08-18;"Žilinský kraj";9;0;0;0;NA;87843;9;2020-08-18;369
2020-08-17;"Žilinský kraj";1;0;0;0;NA;87843;1;2020-08-17;360
2020-08-14;"Žilinský kraj";4;0;0;0;NA;87843;4;2020-08-14;359
2020-08-13;"Žilinský kraj";2;0;0;0;NA;87843;2;2020-08-13;355
2020-08-11;"Žilinský kraj";4;0;0;0;NA;87843;4;2020-08-11;353
2020-08-10;"Žilinský kraj";1;0;0;0;NA;87843;1;2020-08-10;349
2020-08-08;"Žilinský kraj";3;0;0;0;NA;87843;3;2020-08-08;348
2020-08-07;"Žilinský kraj";8;0;0;0;NA;87843;8;2020-08-07;345
2020-08-06;"Žilinský kraj";1;0;0;0;NA;87843;1;2020-08-06;337
2020-08-05;"Žilinský kraj";1;0;0;0;NA;87843;1;2020-08-05;336
2020-08-04;"Žilinský kraj";2;0;0;0;NA;87843;2;2020-08-04;335
2020-08-02;"Žilinský kraj";1;0;0;0;NA;87843;1;2020-08-02;333
2020-07-31;"Žilinský kraj";4;0;0;0;NA;87843;4;2020-07-31;332
2020-07-30;"Žilinský kraj";2;0;0;0;NA;87843;2;2020-07-30;328
2020-07-29;"Žilinský kraj";2;0;0;0;NA;87843;2;2020-07-29;326
2020-07-28;"Žilinský kraj";4;0;0;0;NA;87843;4;2020-07-28;324
2020-07-27;"Žilinský kraj";6;0;0;0;NA;87843;6;2020-07-27;320
2020-07-24;"Žilinský kraj";2;0;0;0;NA;87843;2;2020-07-24;314
2020-07-22;"Žilinský kraj";1;0;0;0;NA;87843;1;2020-07-22;312
2020-07-21;"Žilinský kraj";2;0;0;0;NA;87843;2;2020-07-21;311
2020-07-20;"Žilinský kraj";3;0;0;0;NA;87843;3;2020-07-20;309
2020-07-17;"Žilinský kraj";2;0;0;0;NA;87843;2;2020-07-17;306
2020-07-16;"Žilinský kraj";2;0;0;0;NA;87843;2;2020-07-16;304
2020-07-15;"Žilinský kraj";2;0;0;0;NA;87843;2;2020-07-15;302
2020-07-14;"Žilinský kraj";1;0;0;0;NA;87843;1;2020-07-14;300
2020-07-11;"Žilinský kraj";2;0;0;0;NA;87843;2;2020-07-11;299
2020-07-10;"Žilinský kraj";3;0;0;0;NA;87843;3;2020-07-10;297
2020-07-09;"Žilinský kraj";2;0;0;0;NA;87843;2;2020-07-09;294
2020-07-08;"Žilinský kraj";10;0;0;0;NA;87843;10;2020-07-08;292
2020-07-07;"Žilinský kraj";7;0;0;0;NA;87843;7;2020-07-07;282
2020-07-04;"Žilinský kraj";10;0;0;0;NA;87843;10;2020-07-04;275
2020-07-03;"Žilinský kraj";18;0;0;0;NA;87843;18;2020-07-03;265
2020-07-02;"Žilinský kraj";7;0;0;0;NA;87843;7;2020-07-02;247
2020-06-30;"Žilinský kraj";4;0;0;0;NA;87843;4;2020-06-30;240
2020-06-28;"Žilinský kraj";1;0;0;0;NA;87843;1;2020-06-28;236
2020-06-27;"Žilinský kraj";3;0;0;0;NA;87843;3;2020-06-27;235
2020-06-26;"Žilinský kraj";5;0;0;0;NA;87843;5;2020-06-26;232
2020-06-25;"Žilinský kraj";7;0;0;0;NA;87843;7;2020-06-25;227
2020-06-24;"Žilinský kraj";11;0;0;0;NA;87843;11;2020-06-24;220
2020-06-23;"Žilinský kraj";9;0;0;0;NA;87843;9;2020-06-23;209
2020-06-21;"Žilinský kraj";1;0;0;0;NA;87843;1;2020-06-21;200
2020-06-20;"Žilinský kraj";1;0;0;0;NA;87843;1;2020-06-20;199
2020-06-19;"Žilinský kraj";4;0;0;0;NA;87843;4;2020-06-19;198
2020-06-18;"Žilinský kraj";1;0;0;0;NA;87843;1;2020-06-18;194
2020-06-16;"Žilinský kraj";1;0;0;0;NA;87843;1;2020-06-16;193
2020-06-09;"Žilinský kraj";1;0;0;0;NA;87843;1;2020-06-09;192
2020-05-27;"Žilinský kraj";1;0;0;0;NA;87843;1;2020-05-27;191
2020-05-26;"Žilinský kraj";1;0;0;0;NA;87843;1;2020-05-26;190
2020-05-19;"Žilinský kraj";1;0;0;0;NA;87843;1;2020-05-19;189
2020-05-06;"Žilinský kraj";2;0;0;0;NA;87843;2;2020-05-06;188
2020-05-05;"Žilinský kraj";3;0;0;0;NA;87843;3;2020-05-05;186
2020-05-04;"Žilinský kraj";3;0;0;0;NA;87843;3;2020-05-04;183
2020-05-03;"Žilinský kraj";1;0;0;0;NA;87843;1;2020-05-03;180
2020-05-01;"Žilinský kraj";1;0;0;0;NA;87843;1;2020-05-01;179
2020-04-25;"Žilinský kraj";2;0;0;0;NA;87843;2;2020-04-25;178
2020-04-24;"Žilinský kraj";1;0;0;0;NA;87843;1;2020-04-24;176
2020-04-23;"Žilinský kraj";2;0;0;0;NA;87843;2;2020-04-23;175
2020-04-22;"Žilinský kraj";9;0;0;0;NA;87843;9;2020-04-22;173
2020-04-21;"Žilinský kraj";1;0;0;0;NA;87843;1;2020-04-21;164
2020-04-20;"Žilinský kraj";4;0;0;0;NA;87843;4;2020-04-20;163
2020-04-18;"Žilinský kraj";49;0;0;0;NA;87843;49;2020-04-18;159
2020-04-17;"Žilinský kraj";3;0;0;0;NA;87843;3;2020-04-17;110
2020-04-16;"Žilinský kraj";4;0;0;0;NA;87843;4;2020-04-16;107
2020-04-15;"Žilinský kraj";7;0;0;0;NA;87843;7;2020-04-15;103
2020-04-14;"Žilinský kraj";1;0;0;0;NA;87843;1;2020-04-14;96
2020-04-13;"Žilinský kraj";2;0;0;0;NA;87843;2;2020-04-13;95
2020-04-12;"Žilinský kraj";5;0;0;0;NA;87843;5;2020-04-12;93
2020-04-11;"Žilinský kraj";2;0;0;0;NA;87843;2;2020-04-11;88
2020-04-10;"Žilinský kraj";1;0;0;0;NA;87843;1;2020-04-10;86
2020-04-09;"Žilinský kraj";1;0;0;0;NA;87843;1;2020-04-09;85
2020-04-08;"Žilinský kraj";3;0;0;0;NA;87843;3;2020-04-08;84
2020-04-07;"Žilinský kraj";5;0;0;0;NA;87843;5;2020-04-07;81
2020-04-06;"Žilinský kraj";6;0;0;0;NA;87843;6;2020-04-06;76
2020-04-05;"Žilinský kraj";8;0;0;0;NA;87843;8;2020-04-05;70
2020-04-03;"Žilinský kraj";3;0;0;0;NA;87843;3;2020-04-03;62
2020-04-02;"Žilinský kraj";5;0;0;0;NA;87843;5;2020-04-02;59
2020-04-01;"Žilinský kraj";4;0;0;0;NA;87843;4;2020-04-01;54
2020-03-31;"Žilinský kraj";1;0;0;0;NA;87843;1;2020-03-31;50
2020-03-30;"Žilinský kraj";3;0;0;0;NA;87843;3;2020-03-30;49
2020-03-28;"Žilinský kraj";1;0;0;0;NA;87843;1;2020-03-28;46
2020-03-27;"Žilinský kraj";9;0;0;0;NA;87843;9;2020-03-27;45
2020-03-26;"Žilinský kraj";4;0;0;0;NA;87843;4;2020-03-26;36
2020-03-25;"Žilinský kraj";1;0;0;0;NA;87843;1;2020-03-25;32
2020-03-24;"Žilinský kraj";2;0;0;0;NA;87843;2;2020-03-24;31
2020-03-23;"Žilinský kraj";3;0;0;0;NA;87843;3;2020-03-23;29
2020-03-22;"Žilinský kraj";1;0;0;0;NA;87843;1;2020-03-22;26
2020-03-21;"Žilinský kraj";2;0;0;0;NA;87843;2;2020-03-21;25
2020-03-20;"Žilinský kraj";4;0;0;0;NA;87843;4;2020-03-20;23
2020-03-19;"Žilinský kraj";2;0;0;0;NA;87843;2;2020-03-19;19
2020-03-18;"Žilinský kraj";1;0;0;0;NA;87843;1;2020-03-18;17
2020-03-17;"Žilinský kraj";5;0;0;0;NA;87843;5;2020-03-17;16
2020-03-16;"Žilinský kraj";1;0;0;0;NA;87843;1;2020-03-16;11
2020-03-15;"Žilinský kraj";2;0;0;0;NA;87843;2;2020-03-15;10
2020-03-14;"Žilinský kraj";1;0;0;0;NA;87843;1;2020-03-14;8
2020-03-13;"Žilinský kraj";5;0;0;0;NA;87843;5;2020-03-13;7
2020-03-12;"Žilinský kraj";1;0;0;0;NA;87843;1;2020-03-12;2
2020-03-09;"Žilinský kraj";1;0;0;0;NA;87843;1;2020-03-09;1
