"Datum";"Region";"PCR_Pos";"Ag_Neg";"Ag_Pos";"Total";"Pocet.potvrdenych";"Potvrdenych";"newcases";"date";"positive"
2021-03-06;"Banskobystrický kraj";164;52986;274;53260;31044;64065;438;2021-03-06;64065
2021-03-05;"Banskobystrický kraj";221;39624;335;39959;NA;64065;556;2021-03-05;63627
2021-03-04;"Banskobystrický kraj";226;22190;393;22583;NA;64065;619;2021-03-04;63071
2021-03-03;"Banskobystrický kraj";317;21686;330;22016;NA;64065;647;2021-03-03;62452
2021-03-02;"Banskobystrický kraj";291;22163;334;22497;NA;64065;625;2021-03-02;61805
2021-03-01;"Banskobystrický kraj";151;32217;439;32656;NA;64065;590;2021-03-01;61180
2021-02-28;"Banskobystrický kraj";45;17316;139;17455;NA;64065;184;2021-02-28;60590
2021-02-27;"Banskobystrický kraj";289;65549;522;66071;NA;64065;811;2021-02-27;60406
2021-02-26;"Banskobystrický kraj";326;40089;476;40565;NA;64065;802;2021-02-26;59595
2021-02-25;"Banskobystrický kraj";375;17768;367;18135;NA;64065;742;2021-02-25;58793
2021-02-24;"Banskobystrický kraj";332;16760;374;17134;NA;64065;706;2021-02-24;58051
2021-02-23;"Banskobystrický kraj";462;19652;444;20096;NA;64065;906;2021-02-23;57345
2021-02-22;"Banskobystrický kraj";67;23292;490;23782;NA;64065;557;2021-02-22;56439
2021-02-21;"Banskobystrický kraj";68;26585;283;26868;NA;64065;351;2021-02-21;55882
2021-02-20;"Banskobystrický kraj";280;68607;598;69205;NA;64065;878;2021-02-20;55531
2021-02-19;"Banskobystrický kraj";420;39066;503;39569;NA;64065;923;2021-02-19;54653
2021-02-18;"Banskobystrický kraj";241;19021;404;19425;NA;64065;645;2021-02-18;53730
2021-02-17;"Banskobystrický kraj";415;16063;386;16449;NA;64065;801;2021-02-17;53085
2021-02-16;"Banskobystrický kraj";338;20286;368;20654;NA;64065;706;2021-02-16;52284
2021-02-15;"Banskobystrický kraj";118;34997;570;35567;NA;64065;688;2021-02-15;51578
2021-02-14;"Banskobystrický kraj";60;15609;134;15743;NA;64065;194;2021-02-14;50890
2021-02-13;"Banskobystrický kraj";202;44507;401;44908;NA;64065;603;2021-02-13;50696
2021-02-12;"Banskobystrický kraj";312;36915;538;37453;NA;64065;850;2021-02-12;50093
2021-02-11;"Banskobystrický kraj";305;21496;395;21891;NA;64065;700;2021-02-11;49243
2021-02-10;"Banskobystrický kraj";333;14367;338;14705;NA;64065;671;2021-02-10;48543
2021-02-09;"Banskobystrický kraj";329;17742;353;18095;NA;64065;682;2021-02-09;47872
2021-02-08;"Banskobystrický kraj";103;41733;595;42328;NA;64065;698;2021-02-08;47190
2021-02-07;"Banskobystrický kraj";70;24469;148;24617;NA;64065;218;2021-02-07;46492
2021-02-06;"Banskobystrický kraj";178;63194;553;63747;NA;64065;731;2021-02-06;46274
2021-02-05;"Banskobystrický kraj";282;24121;354;24475;NA;64065;636;2021-02-05;45543
2021-02-04;"Banskobystrický kraj";240;13516;439;13955;NA;64065;679;2021-02-04;44907
2021-02-03;"Banskobystrický kraj";350;9151;245;9396;NA;64065;595;2021-02-03;44228
2021-02-02;"Banskobystrický kraj";277;14758;323;15081;NA;64065;600;2021-02-02;43633
2021-02-01;"Banskobystrický kraj";75;19069;382;19451;NA;64065;457;2021-02-01;43033
2021-01-31;"Banskobystrický kraj";34;24292;213;24505;NA;64065;247;2021-01-31;42576
2021-01-30;"Banskobystrický kraj";163;46244;387;46631;NA;64065;550;2021-01-30;42329
2021-01-29;"Banskobystrický kraj";196;16842;271;17113;NA;64065;467;2021-01-29;41779
2021-01-28;"Banskobystrický kraj";218;14374;377;14751;NA;64065;595;2021-01-28;41312
2021-01-27;"Banskobystrický kraj";191;11081;224;11305;NA;64065;415;2021-01-27;40717
2021-01-26;"Banskobystrický kraj";238;20086;297;20383;NA;64065;535;2021-01-26;40302
2021-01-25;"Banskobystrický kraj";82;31721;383;32104;NA;64065;465;2021-01-25;39767
2021-01-24;"Banskobystrický kraj";38;29267;239;29506;NA;64065;277;2021-01-24;39302
2021-01-23;"Banskobystrický kraj";142;84220;506;84726;NA;64065;648;2021-01-23;39025
2021-01-22;"Banskobystrický kraj";175;27493;370;27863;NA;64065;545;2021-01-22;38377
2021-01-21;"Banskobystrický kraj";194;16995;289;17284;NA;64065;483;2021-01-21;37832
2021-01-20;"Banskobystrický kraj";231;9710;218;9928;NA;64065;449;2021-01-20;37349
2021-01-19;"Banskobystrický kraj";213;11639;328;11967;NA;64065;541;2021-01-19;36900
2021-01-18;"Banskobystrický kraj";94;6206;349;6555;NA;64065;443;2021-01-18;36359
2021-01-17;"Banskobystrický kraj";110;8150;77;8227;NA;64065;187;2021-01-17;35916
2021-01-16;"Banskobystrický kraj";58;1403;35;1438;NA;64065;93;2021-01-16;35729
2021-01-15;"Banskobystrický kraj";164;7474;230;7704;NA;64065;394;2021-01-15;35636
2021-01-14;"Banskobystrický kraj";220;6118;340;6458;NA;64065;560;2021-01-14;35242
2021-01-13;"Banskobystrický kraj";235;6153;227;6380;NA;64065;462;2021-01-13;34682
2021-01-12;"Banskobystrický kraj";194;6827;302;7129;NA;64065;496;2021-01-12;34220
2021-01-11;"Banskobystrický kraj";76;8196;472;8668;NA;64065;548;2021-01-11;33724
2021-01-10;"Banskobystrický kraj";110;102;4;106;NA;64065;114;2021-01-10;33176
2021-01-09;"Banskobystrický kraj";297;2260;83;2343;NA;64065;380;2021-01-09;33062
2021-01-08;"Banskobystrický kraj";435;9295;430;9725;NA;64065;865;2021-01-08;32682
2021-01-07;"Banskobystrický kraj";127;5260;333;5593;NA;64065;460;2021-01-07;31817
2021-01-06;"Banskobystrický kraj";305;3072;185;3257;NA;64065;490;2021-01-06;31357
2021-01-05;"Banskobystrický kraj";372;7259;533;7792;NA;64065;905;2021-01-05;30867
2021-01-04;"Banskobystrický kraj";130;6992;701;7693;NA;64065;831;2021-01-04;29962
2021-01-03;"Banskobystrický kraj";199;162;13;175;NA;64065;212;2021-01-03;29131
2021-01-02;"Banskobystrický kraj";123;583;83;666;NA;64065;206;2021-01-02;28919
2021-01-01;"Banskobystrický kraj";220;1668;115;1783;NA;64065;335;2021-01-01;28713
2020-12-31;"Banskobystrický kraj";499;7279;632;7911;NA;64065;1131;2020-12-31;28378
2020-12-30;"Banskobystrický kraj";593;7566;556;8122;NA;64065;1149;2020-12-30;27247
2020-12-29;"Banskobystrický kraj";240;7769;738;8507;NA;64065;978;2020-12-29;26098
2020-12-28;"Banskobystrický kraj";131;5659;703;6362;NA;64065;834;2020-12-28;25120
2020-12-27;"Banskobystrický kraj";116;496;25;521;NA;64065;141;2020-12-27;24286
2020-12-26;"Banskobystrický kraj";61;259;32;291;NA;64065;93;2020-12-26;24145
2020-12-25;"Banskobystrický kraj";65;229;6;235;NA;64065;71;2020-12-25;24052
2020-12-24;"Banskobystrický kraj";452;3674;135;3809;NA;64065;587;2020-12-24;23981
2020-12-23;"Banskobystrický kraj";368;10110;507;10617;NA;64065;875;2020-12-23;23394
2020-12-22;"Banskobystrický kraj";307;8434;624;9058;NA;64065;931;2020-12-22;22519
2020-12-21;"Banskobystrický kraj";286;4898;448;5346;NA;64065;734;2020-12-21;21588
2020-12-20;"Banskobystrický kraj";155;99;14;113;NA;64065;169;2020-12-20;20854
2020-12-19;"Banskobystrický kraj";170;2918;135;3053;NA;64065;305;2020-12-19;20685
2020-12-18;"Banskobystrický kraj";432;6454;414;6868;NA;64065;846;2020-12-18;20380
2020-12-17;"Banskobystrický kraj";468;8474;772;9246;NA;64065;1240;2020-12-17;19534
2020-12-16;"Banskobystrický kraj";379;10080;557;10637;NA;64065;936;2020-12-16;18294
2020-12-15;"Banskobystrický kraj";336;5318;430;5748;NA;64065;766;2020-12-15;17358
2020-12-14;"Banskobystrický kraj";148;3733;259;3992;NA;64065;407;2020-12-14;16592
2020-12-13;"Banskobystrický kraj";122;19;1;20;NA;64065;123;2020-12-13;16185
2020-12-12;"Banskobystrický kraj";137;2594;138;2732;NA;64065;275;2020-12-12;16062
2020-12-11;"Banskobystrický kraj";468;6443;374;6817;NA;64065;842;2020-12-11;15787
2020-12-10;"Banskobystrický kraj";280;5027;351;5378;NA;64065;631;2020-12-10;14945
2020-12-09;"Banskobystrický kraj";323;3707;212;3919;NA;64065;535;2020-12-09;14314
2020-12-08;"Banskobystrický kraj";256;3667;276;3943;NA;64065;532;2020-12-08;13779
2020-12-07;"Banskobystrický kraj";175;2006;140;2146;NA;64065;315;2020-12-07;13247
2020-12-06;"Banskobystrický kraj";121;359;9;368;NA;64065;130;2020-12-06;12932
2020-12-05;"Banskobystrický kraj";109;952;33;985;NA;64065;142;2020-12-05;12802
2020-12-04;"Banskobystrický kraj";339;3723;174;3897;NA;64065;513;2020-12-04;12660
2020-12-03;"Banskobystrický kraj";240;2913;227;3140;NA;64065;467;2020-12-03;12147
2020-12-02;"Banskobystrický kraj";217;4292;186;4478;NA;64065;403;2020-12-02;11680
2020-12-01;"Banskobystrický kraj";215;2619;134;2753;NA;64065;349;2020-12-01;11277
2020-11-30;"Banskobystrický kraj";74;3761;226;3987;NA;64065;300;2020-11-30;10928
2020-11-29;"Banskobystrický kraj";19;80;3;83;NA;64065;22;2020-11-29;10628
2020-11-28;"Banskobystrický kraj";81;1279;48;1327;NA;64065;129;2020-11-28;10606
2020-11-27;"Banskobystrický kraj";219;1930;120;2050;NA;64065;339;2020-11-27;10477
2020-11-26;"Banskobystrický kraj";208;1855;91;1946;NA;64065;299;2020-11-26;10138
2020-11-25;"Banskobystrický kraj";170;1760;84;1844;NA;64065;254;2020-11-25;9839
2020-11-24;"Banskobystrický kraj";166;2262;67;2329;NA;64065;233;2020-11-24;9585
2020-11-23;"Banskobystrický kraj";66;9948;191;10139;NA;64065;257;2020-11-23;9352
2020-11-22;"Banskobystrický kraj";38;72;1;73;NA;64065;39;2020-11-22;9095
2020-11-21;"Banskobystrický kraj";52;885;14;899;NA;64065;66;2020-11-21;9056
2020-11-20;"Banskobystrický kraj";127;1872;105;1977;NA;64065;232;2020-11-20;8990
2020-11-19;"Banskobystrický kraj";170;1112;82;1194;NA;64065;252;2020-11-19;8758
2020-11-18;"Banskobystrický kraj";153;587;62;649;NA;64065;215;2020-11-18;8506
2020-11-17;"Banskobystrický kraj";52;578;35;613;NA;64065;87;2020-11-17;8291
2020-11-16;"Banskobystrický kraj";106;351;22;373;NA;64065;128;2020-11-16;8204
2020-11-15;"Banskobystrický kraj";52;64;2;66;NA;64065;54;2020-11-15;8076
2020-11-14;"Banskobystrický kraj";73;305;2;307;NA;64065;75;2020-11-14;8022
2020-11-13;"Banskobystrický kraj";157;552;11;563;NA;64065;168;2020-11-13;7947
2020-11-12;"Banskobystrický kraj";218;952;44;996;NA;64065;262;2020-11-12;7779
2020-11-11;"Banskobystrický kraj";224;437;9;446;NA;64065;233;2020-11-11;7517
2020-11-10;"Banskobystrický kraj";263;463;18;481;NA;64065;281;2020-11-10;7284
2020-11-09;"Banskobystrický kraj";80;2678;31;2709;NA;64065;111;2020-11-09;7003
2020-11-08;"Banskobystrický kraj";82;783;16;799;NA;64065;98;2020-11-08;6892
2020-11-07;"Banskobystrický kraj";164;8828;94;8922;NA;64065;258;2020-11-07;6794
2020-11-06;"Banskobystrický kraj";227;2496;16;2512;NA;64065;243;2020-11-06;6536
2020-11-05;"Banskobystrický kraj";240;263;33;296;NA;64065;273;2020-11-05;6293
2020-11-04;"Banskobystrický kraj";254;1366;13;1379;NA;64065;267;2020-11-04;6020
2020-11-03;"Banskobystrický kraj";246;1332;4;1336;NA;64065;250;2020-11-03;5753
2020-11-02;"Banskobystrický kraj";90;2247;65;2312;NA;64065;155;2020-11-02;5503
2020-11-01;"Banskobystrický kraj";101;2671;42;2713;NA;64065;143;2020-11-01;5348
2020-10-31;"Banskobystrický kraj";199;13516;116;13632;NA;64065;315;2020-10-31;5205
2020-10-30;"Banskobystrický kraj";254;2829;20;2849;NA;64065;274;2020-10-30;4890
2020-10-29;"Banskobystrický kraj";372;969;42;1011;NA;64065;414;2020-10-29;4616
2020-10-28;"Banskobystrický kraj";285;302;30;332;NA;64065;315;2020-10-28;4202
2020-10-27;"Banskobystrický kraj";266;654;40;694;NA;64065;306;2020-10-27;3887
2020-10-26;"Banskobystrický kraj";38;232;29;261;NA;64065;67;2020-10-26;3581
2020-10-25;"Banskobystrický kraj";50;140;11;151;NA;64065;61;2020-10-25;3514
2020-10-24;"Banskobystrický kraj";315;114;12;126;NA;64065;327;2020-10-24;3453
2020-10-23;"Banskobystrický kraj";231;230;29;259;NA;64065;260;2020-10-23;3126
2020-10-22;"Banskobystrický kraj";264;253;24;277;NA;64065;288;2020-10-22;2866
2020-10-21;"Banskobystrický kraj";209;266;3;269;NA;64065;212;2020-10-21;2578
2020-10-20;"Banskobystrický kraj";210;66;3;69;NA;64065;213;2020-10-20;2366
2020-10-19;"Banskobystrický kraj";27;71;12;83;NA;64065;39;2020-10-19;2153
2020-10-18;"Banskobystrický kraj";49;0;0;0;NA;64065;49;2020-10-18;2114
2020-10-17;"Banskobystrický kraj";91;0;0;0;NA;64065;91;2020-10-17;2065
2020-10-16;"Banskobystrický kraj";224;37;3;40;NA;64065;227;2020-10-16;1974
2020-10-15;"Banskobystrický kraj";133;29;1;30;NA;64065;134;2020-10-15;1747
2020-10-14;"Banskobystrický kraj";139;31;1;32;NA;64065;140;2020-10-14;1613
2020-10-13;"Banskobystrický kraj";151;169;11;180;NA;64065;162;2020-10-13;1473
2020-10-12;"Banskobystrický kraj";11;13;0;13;NA;64065;11;2020-10-12;1311
2020-10-11;"Banskobystrický kraj";14;0;0;0;NA;64065;14;2020-10-11;1300
2020-10-10;"Banskobystrický kraj";53;0;0;0;NA;64065;53;2020-10-10;1286
2020-10-09;"Banskobystrický kraj";128;0;0;0;NA;64065;128;2020-10-09;1233
2020-10-08;"Banskobystrický kraj";99;0;0;0;NA;64065;99;2020-10-08;1105
2020-10-07;"Banskobystrický kraj";124;0;0;0;NA;64065;124;2020-10-07;1006
2020-10-06;"Banskobystrický kraj";68;0;0;0;NA;64065;68;2020-10-06;882
2020-10-05;"Banskobystrický kraj";49;0;0;0;NA;64065;49;2020-10-05;814
2020-10-04;"Banskobystrický kraj";8;0;0;0;NA;64065;8;2020-10-04;765
2020-10-03;"Banskobystrický kraj";37;0;0;0;NA;64065;37;2020-10-03;757
2020-10-02;"Banskobystrický kraj";74;0;0;0;NA;64065;74;2020-10-02;720
2020-10-01;"Banskobystrický kraj";49;0;0;0;NA;64065;49;2020-10-01;646
2020-09-30;"Banskobystrický kraj";60;0;0;0;NA;64065;60;2020-09-30;597
2020-09-29;"Banskobystrický kraj";24;0;0;0;NA;64065;24;2020-09-29;537
2020-09-27;"Banskobystrický kraj";20;0;0;0;NA;64065;20;2020-09-27;513
2020-09-26;"Banskobystrický kraj";24;0;0;0;NA;64065;24;2020-09-26;493
2020-09-25;"Banskobystrický kraj";29;0;0;0;NA;64065;29;2020-09-25;469
2020-09-24;"Banskobystrický kraj";25;0;0;0;NA;64065;25;2020-09-24;440
2020-09-23;"Banskobystrický kraj";17;0;0;0;NA;64065;17;2020-09-23;415
2020-09-22;"Banskobystrický kraj";25;0;0;0;NA;64065;25;2020-09-22;398
2020-09-21;"Banskobystrický kraj";3;0;0;0;NA;64065;3;2020-09-21;373
2020-09-19;"Banskobystrický kraj";3;0;0;0;NA;64065;3;2020-09-19;370
2020-09-18;"Banskobystrický kraj";24;0;0;0;NA;64065;24;2020-09-18;367
2020-09-17;"Banskobystrický kraj";14;0;0;0;NA;64065;14;2020-09-17;343
2020-09-16;"Banskobystrický kraj";6;0;0;0;NA;64065;6;2020-09-16;329
2020-09-15;"Banskobystrický kraj";2;0;0;0;NA;64065;2;2020-09-15;323
2020-09-14;"Banskobystrický kraj";13;0;0;0;NA;64065;13;2020-09-14;321
2020-09-13;"Banskobystrický kraj";1;0;0;0;NA;64065;1;2020-09-13;308
2020-09-12;"Banskobystrický kraj";5;0;0;0;NA;64065;5;2020-09-12;307
2020-09-11;"Banskobystrický kraj";19;0;0;0;NA;64065;19;2020-09-11;302
2020-09-10;"Banskobystrický kraj";11;0;0;0;NA;64065;11;2020-09-10;283
2020-09-09;"Banskobystrický kraj";13;0;0;0;NA;64065;13;2020-09-09;272
2020-09-08;"Banskobystrický kraj";5;0;0;0;NA;64065;5;2020-09-08;259
2020-09-07;"Banskobystrický kraj";2;0;0;0;NA;64065;2;2020-09-07;254
2020-09-04;"Banskobystrický kraj";9;0;0;0;NA;64065;9;2020-09-04;252
2020-09-03;"Banskobystrický kraj";5;0;0;0;NA;64065;5;2020-09-03;243
2020-09-02;"Banskobystrický kraj";6;0;0;0;NA;64065;6;2020-09-02;238
2020-09-01;"Banskobystrický kraj";2;0;0;0;NA;64065;2;2020-09-01;232
2020-08-31;"Banskobystrický kraj";6;0;0;0;NA;64065;6;2020-08-31;230
2020-08-29;"Banskobystrický kraj";1;0;0;0;NA;64065;1;2020-08-29;224
2020-08-28;"Banskobystrický kraj";3;0;0;0;NA;64065;3;2020-08-28;223
2020-08-27;"Banskobystrický kraj";1;0;0;0;NA;64065;1;2020-08-27;220
2020-08-26;"Banskobystrický kraj";2;0;0;0;NA;64065;2;2020-08-26;219
2020-08-25;"Banskobystrický kraj";2;0;0;0;NA;64065;2;2020-08-25;217
2020-08-21;"Banskobystrický kraj";4;0;0;0;NA;64065;4;2020-08-21;215
2020-08-20;"Banskobystrický kraj";1;0;0;0;NA;64065;1;2020-08-20;211
2020-08-19;"Banskobystrický kraj";4;0;0;0;NA;64065;4;2020-08-19;210
2020-08-17;"Banskobystrický kraj";1;0;0;0;NA;64065;1;2020-08-17;206
2020-08-14;"Banskobystrický kraj";5;0;0;0;NA;64065;5;2020-08-14;205
2020-08-11;"Banskobystrický kraj";2;0;0;0;NA;64065;2;2020-08-11;200
2020-08-10;"Banskobystrický kraj";3;0;0;0;NA;64065;3;2020-08-10;198
2020-08-08;"Banskobystrický kraj";2;0;0;0;NA;64065;2;2020-08-08;195
2020-08-07;"Banskobystrický kraj";1;0;0;0;NA;64065;1;2020-08-07;193
2020-08-06;"Banskobystrický kraj";1;0;0;0;NA;64065;1;2020-08-06;192
2020-08-04;"Banskobystrický kraj";3;0;0;0;NA;64065;3;2020-08-04;191
2020-08-01;"Banskobystrický kraj";1;0;0;0;NA;64065;1;2020-08-01;188
2020-07-31;"Banskobystrický kraj";2;0;0;0;NA;64065;2;2020-07-31;187
2020-07-30;"Banskobystrický kraj";1;0;0;0;NA;64065;1;2020-07-30;185
2020-07-28;"Banskobystrický kraj";2;0;0;0;NA;64065;2;2020-07-28;184
2020-07-27;"Banskobystrický kraj";3;0;0;0;NA;64065;3;2020-07-27;182
2020-07-24;"Banskobystrický kraj";9;0;0;0;NA;64065;9;2020-07-24;179
2020-07-22;"Banskobystrický kraj";3;0;0;0;NA;64065;3;2020-07-22;170
2020-07-21;"Banskobystrický kraj";3;0;0;0;NA;64065;3;2020-07-21;167
2020-07-20;"Banskobystrický kraj";1;0;0;0;NA;64065;1;2020-07-20;164
2020-07-19;"Banskobystrický kraj";1;0;0;0;NA;64065;1;2020-07-19;163
2020-07-17;"Banskobystrický kraj";2;0;0;0;NA;64065;2;2020-07-17;162
2020-07-16;"Banskobystrický kraj";1;0;0;0;NA;64065;1;2020-07-16;160
2020-07-15;"Banskobystrický kraj";4;0;0;0;NA;64065;4;2020-07-15;159
2020-07-14;"Banskobystrický kraj";2;0;0;0;NA;64065;2;2020-07-14;155
2020-07-13;"Banskobystrický kraj";1;0;0;0;NA;64065;1;2020-07-13;153
2020-07-10;"Banskobystrický kraj";3;0;0;0;NA;64065;3;2020-07-10;152
2020-07-09;"Banskobystrický kraj";9;0;0;0;NA;64065;9;2020-07-09;149
2020-07-07;"Banskobystrický kraj";4;0;0;0;NA;64065;4;2020-07-07;140
2020-07-04;"Banskobystrický kraj";1;0;0;0;NA;64065;1;2020-07-04;136
2020-07-03;"Banskobystrický kraj";4;0;0;0;NA;64065;4;2020-07-03;135
2020-07-01;"Banskobystrický kraj";1;0;0;0;NA;64065;1;2020-07-01;131
2020-06-25;"Banskobystrický kraj";1;0;0;0;NA;64065;1;2020-06-25;130
2020-06-23;"Banskobystrický kraj";6;0;0;0;NA;64065;6;2020-06-23;129
2020-06-19;"Banskobystrický kraj";2;0;0;0;NA;64065;2;2020-06-19;123
2020-06-18;"Banskobystrický kraj";10;0;0;0;NA;64065;10;2020-06-18;121
2020-06-17;"Banskobystrický kraj";1;0;0;0;NA;64065;1;2020-06-17;111
2020-06-14;"Banskobystrický kraj";2;0;0;0;NA;64065;2;2020-06-14;110
2020-06-13;"Banskobystrický kraj";2;0;0;0;NA;64065;2;2020-06-13;108
2020-06-11;"Banskobystrický kraj";1;0;0;0;NA;64065;1;2020-06-11;106
2020-06-05;"Banskobystrický kraj";2;0;0;0;NA;64065;2;2020-06-05;105
2020-05-27;"Banskobystrický kraj";1;0;0;0;NA;64065;1;2020-05-27;103
2020-05-23;"Banskobystrický kraj";1;0;0;0;NA;64065;1;2020-05-23;102
2020-05-20;"Banskobystrický kraj";1;0;0;0;NA;64065;1;2020-05-20;101
2020-05-12;"Banskobystrický kraj";1;0;0;0;NA;64065;1;2020-05-12;100
2020-05-07;"Banskobystrický kraj";2;0;0;0;NA;64065;2;2020-05-07;99
2020-05-06;"Banskobystrický kraj";1;0;0;0;NA;64065;1;2020-05-06;97
2020-05-05;"Banskobystrický kraj";2;0;0;0;NA;64065;2;2020-05-05;96
2020-04-30;"Banskobystrický kraj";1;0;0;0;NA;64065;1;2020-04-30;94
2020-04-29;"Banskobystrický kraj";1;0;0;0;NA;64065;1;2020-04-29;93
2020-04-25;"Banskobystrický kraj";2;0;0;0;NA;64065;2;2020-04-25;92
2020-04-24;"Banskobystrický kraj";3;0;0;0;NA;64065;3;2020-04-24;90
2020-04-23;"Banskobystrický kraj";2;0;0;0;NA;64065;2;2020-04-23;87
2020-04-22;"Banskobystrický kraj";2;0;0;0;NA;64065;2;2020-04-22;85
2020-04-21;"Banskobystrický kraj";2;0;0;0;NA;64065;2;2020-04-21;83
2020-04-18;"Banskobystrický kraj";8;0;0;0;NA;64065;8;2020-04-18;81
2020-04-17;"Banskobystrický kraj";2;0;0;0;NA;64065;2;2020-04-17;73
2020-04-15;"Banskobystrický kraj";10;0;0;0;NA;64065;10;2020-04-15;71
2020-04-13;"Banskobystrický kraj";2;0;0;0;NA;64065;2;2020-04-13;61
2020-04-12;"Banskobystrický kraj";4;0;0;0;NA;64065;4;2020-04-12;59
2020-04-11;"Banskobystrický kraj";1;0;0;0;NA;64065;1;2020-04-11;55
2020-04-09;"Banskobystrický kraj";2;0;0;0;NA;64065;2;2020-04-09;54
2020-04-07;"Banskobystrický kraj";4;0;0;0;NA;64065;4;2020-04-07;52
2020-04-06;"Banskobystrický kraj";10;0;0;0;NA;64065;10;2020-04-06;48
2020-04-05;"Banskobystrický kraj";9;0;0;0;NA;64065;9;2020-04-05;38
2020-04-03;"Banskobystrický kraj";2;0;0;0;NA;64065;2;2020-04-03;29
2020-04-02;"Banskobystrický kraj";2;0;0;0;NA;64065;2;2020-04-02;27
2020-04-01;"Banskobystrický kraj";5;0;0;0;NA;64065;5;2020-04-01;25
2020-03-31;"Banskobystrický kraj";3;0;0;0;NA;64065;3;2020-03-31;20
2020-03-30;"Banskobystrický kraj";1;0;0;0;NA;64065;1;2020-03-30;17
2020-03-29;"Banskobystrický kraj";2;0;0;0;NA;64065;2;2020-03-29;16
2020-03-28;"Banskobystrický kraj";1;0;0;0;NA;64065;1;2020-03-28;14
2020-03-27;"Banskobystrický kraj";1;0;0;0;NA;64065;1;2020-03-27;13
2020-03-26;"Banskobystrický kraj";1;0;0;0;NA;64065;1;2020-03-26;12
2020-03-24;"Banskobystrický kraj";1;0;0;0;NA;64065;1;2020-03-24;11
2020-03-23;"Banskobystrický kraj";1;0;0;0;NA;64065;1;2020-03-23;10
2020-03-21;"Banskobystrický kraj";3;0;0;0;NA;64065;3;2020-03-21;9
2020-03-19;"Banskobystrický kraj";2;0;0;0;NA;64065;2;2020-03-19;6
2020-03-18;"Banskobystrický kraj";1;0;0;0;NA;64065;1;2020-03-18;4
2020-03-17;"Banskobystrický kraj";1;0;0;0;NA;64065;1;2020-03-17;3
2020-03-15;"Banskobystrický kraj";1;0;0;0;NA;64065;1;2020-03-15;2
2020-03-13;"Banskobystrický kraj";1;0;0;0;NA;64065;1;2020-03-13;1
2021-03-06;"Bratislavský kraj";79;52405;288;52693;38713;74355;367;2021-03-06;74355
2021-03-05;"Bratislavský kraj";238;41700;254;41954;NA;74355;492;2021-03-05;73988
2021-03-04;"Bratislavský kraj";204;30953;262;31215;NA;74355;466;2021-03-04;73496
2021-03-03;"Bratislavský kraj";250;28359;323;28682;NA;74355;573;2021-03-03;73030
2021-03-02;"Bratislavský kraj";267;38954;381;39335;NA;74355;648;2021-03-02;72457
2021-03-01;"Bratislavský kraj";320;37706;420;38126;NA;74355;740;2021-03-01;71809
2021-02-28;"Bratislavský kraj";184;46698;301;46999;NA;74355;485;2021-02-28;71069
2021-02-27;"Bratislavský kraj";151;70290;418;70708;NA;74355;569;2021-02-27;70584
2021-02-26;"Bratislavský kraj";277;46770;406;47176;NA;74355;683;2021-02-26;70015
2021-02-25;"Bratislavský kraj";277;27914;406;28320;NA;74355;683;2021-02-25;69332
2021-02-24;"Bratislavský kraj";217;27484;428;27912;NA;74355;645;2021-02-24;68649
2021-02-23;"Bratislavský kraj";257;30741;384;31125;NA;74355;641;2021-02-23;68004
2021-02-22;"Bratislavský kraj";353;36071;486;36557;NA;74355;839;2021-02-22;67363
2021-02-21;"Bratislavský kraj";185;43185;323;43508;NA;74355;508;2021-02-21;66524
2021-02-20;"Bratislavský kraj";167;67605;496;68101;NA;74355;663;2021-02-20;66016
2021-02-19;"Bratislavský kraj";280;44375;404;44779;NA;74355;684;2021-02-19;65353
2021-02-18;"Bratislavský kraj";263;26274;373;26647;NA;74355;636;2021-02-18;64669
2021-02-17;"Bratislavský kraj";264;22832;510;23342;NA;74355;774;2021-02-17;64033
2021-02-16;"Bratislavský kraj";289;27229;347;27576;NA;74355;636;2021-02-16;63259
2021-02-15;"Bratislavský kraj";248;35797;383;36180;NA;74355;631;2021-02-15;62623
2021-02-14;"Bratislavský kraj";153;40507;295;40802;NA;74355;448;2021-02-14;61992
2021-02-13;"Bratislavský kraj";173;60696;462;61158;NA;74355;635;2021-02-13;61544
2021-02-12;"Bratislavský kraj";282;35057;317;35374;NA;74355;599;2021-02-12;60909
2021-02-11;"Bratislavský kraj";337;24101;289;24390;NA;74355;626;2021-02-11;60310
2021-02-10;"Bratislavský kraj";314;22868;362;23230;NA;74355;676;2021-02-10;59684
2021-02-09;"Bratislavský kraj";287;37343;497;37840;NA;74355;784;2021-02-09;59008
2021-02-08;"Bratislavský kraj";484;33420;393;33813;NA;74355;877;2021-02-08;58224
2021-02-07;"Bratislavský kraj";243;45077;382;45459;NA;74355;625;2021-02-07;57347
2021-02-06;"Bratislavský kraj";116;60624;491;61115;NA;74355;607;2021-02-06;56722
2021-02-05;"Bratislavský kraj";327;27349;381;27730;NA;74355;708;2021-02-05;56115
2021-02-04;"Bratislavský kraj";555;16323;353;16676;NA;74355;908;2021-02-04;55407
2021-02-03;"Bratislavský kraj";161;13401;357;13758;NA;74355;518;2021-02-03;54499
2021-02-02;"Bratislavský kraj";397;26262;448;26710;NA;74355;845;2021-02-02;53981
2021-02-01;"Bratislavský kraj";221;36935;458;37393;NA;74355;679;2021-02-01;53136
2021-01-31;"Bratislavský kraj";180;33163;376;33539;NA;74355;556;2021-01-31;52457
2021-01-30;"Bratislavský kraj";310;38739;420;39159;NA;74355;730;2021-01-30;51901
2021-01-29;"Bratislavský kraj";344;14331;312;14643;NA;74355;656;2021-01-29;51171
2021-01-28;"Bratislavský kraj";307;10452;301;10753;NA;74355;608;2021-01-28;50515
2021-01-27;"Bratislavský kraj";336;22701;348;23049;NA;74355;684;2021-01-27;49907
2021-01-26;"Bratislavský kraj";297;21825;279;22104;NA;74355;576;2021-01-26;49223
2021-01-25;"Bratislavský kraj";356;21956;230;22186;NA;74355;586;2021-01-25;48647
2021-01-24;"Bratislavský kraj";175;34397;349;34746;NA;74355;524;2021-01-24;48061
2021-01-23;"Bratislavský kraj";396;74247;644;74891;NA;74355;1040;2021-01-23;47537
2021-01-22;"Bratislavský kraj";199;40516;341;40857;NA;74355;540;2021-01-22;46497
2021-01-21;"Bratislavský kraj";255;104917;1313;106230;NA;74355;1568;2021-01-21;45957
2021-01-20;"Bratislavský kraj";360;27466;463;27929;NA;74355;823;2021-01-20;44389
2021-01-19;"Bratislavský kraj";375;14345;344;14689;NA;74355;719;2021-01-19;43566
2021-01-18;"Bratislavský kraj";357;11645;706;12351;NA;74355;1063;2021-01-18;42847
2021-01-17;"Bratislavský kraj";244;410;26;436;NA;74355;270;2021-01-17;41784
2021-01-16;"Bratislavský kraj";70;2749;156;2905;NA;74355;226;2021-01-16;41514
2021-01-15;"Bratislavský kraj";251;7632;254;7886;NA;74355;505;2021-01-15;41288
2021-01-14;"Bratislavský kraj";363;8078;273;8351;NA;74355;636;2021-01-14;40783
2021-01-13;"Bratislavský kraj";336;7886;328;8214;NA;74355;664;2021-01-13;40147
2021-01-12;"Bratislavský kraj";450;9435;463;9898;NA;74355;913;2021-01-12;39483
2021-01-11;"Bratislavský kraj";397;18956;380;19336;NA;74355;777;2021-01-11;38570
2021-01-10;"Bratislavský kraj";252;1341;79;1420;NA;74355;331;2021-01-10;37793
2021-01-09;"Bratislavský kraj";351;4946;291;5237;NA;74355;642;2021-01-09;37462
2021-01-08;"Bratislavský kraj";556;9319;431;9750;NA;74355;987;2021-01-08;36820
2021-01-07;"Bratislavský kraj";537;7135;426;7561;NA;74355;963;2021-01-07;35833
2021-01-06;"Bratislavský kraj";271;3018;216;3234;NA;74355;487;2021-01-06;34870
2021-01-05;"Bratislavský kraj";619;11567;842;12409;NA;74355;1461;2021-01-05;34383
2021-01-04;"Bratislavský kraj";601;7302;608;7910;NA;74355;1209;2021-01-04;32922
2021-01-03;"Bratislavský kraj";77;389;41;430;NA;74355;118;2021-01-03;31713
2021-01-02;"Bratislavský kraj";185;370;56;426;NA;74355;241;2021-01-02;31595
2021-01-01;"Bratislavský kraj";235;3143;130;3273;NA;74355;365;2021-01-01;31354
2020-12-31;"Bratislavský kraj";925;13824;590;14414;NA;74355;1515;2020-12-31;30989
2020-12-30;"Bratislavský kraj";650;9195;519;9714;NA;74355;1169;2020-12-30;29474
2020-12-29;"Bratislavský kraj";303;10223;774;10997;NA;74355;1077;2020-12-29;28305
2020-12-28;"Bratislavský kraj";255;7608;559;8167;NA;74355;814;2020-12-28;27228
2020-12-27;"Bratislavský kraj";160;646;76;722;NA;74355;236;2020-12-27;26414
2020-12-26;"Bratislavský kraj";75;416;23;439;NA;74355;98;2020-12-26;26178
2020-12-25;"Bratislavský kraj";114;460;38;498;NA;74355;152;2020-12-25;26080
2020-12-24;"Bratislavský kraj";536;3373;102;3475;NA;74355;638;2020-12-24;25928
2020-12-23;"Bratislavský kraj";416;13030;498;13528;NA;74355;914;2020-12-23;25290
2020-12-22;"Bratislavský kraj";327;15107;770;15877;NA;74355;1097;2020-12-22;24376
2020-12-21;"Bratislavský kraj";392;14930;2002;16932;NA;74355;2394;2020-12-21;23279
2020-12-20;"Bratislavský kraj";180;633;54;687;NA;74355;234;2020-12-20;20885
2020-12-19;"Bratislavský kraj";396;3150;129;3279;NA;74355;525;2020-12-19;20651
2020-12-18;"Bratislavský kraj";306;10477;413;10890;NA;74355;719;2020-12-18;20126
2020-12-17;"Bratislavský kraj";502;10153;410;10563;NA;74355;912;2020-12-17;19407
2020-12-16;"Bratislavský kraj";282;10566;456;11022;NA;74355;738;2020-12-16;18495
2020-12-15;"Bratislavský kraj";423;10856;488;11344;NA;74355;911;2020-12-15;17757
2020-12-14;"Bratislavský kraj";279;6628;310;6938;NA;74355;589;2020-12-14;16846
2020-12-13;"Bratislavský kraj";125;108;7;115;NA;74355;132;2020-12-13;16257
2020-12-12;"Bratislavský kraj";361;3734;157;3891;NA;74355;518;2020-12-12;16125
2020-12-11;"Bratislavský kraj";326;7102;302;7404;NA;74355;628;2020-12-11;15607
2020-12-10;"Bratislavský kraj";286;5169;222;5391;NA;74355;508;2020-12-10;14979
2020-12-09;"Bratislavský kraj";382;4778;188;4966;NA;74355;570;2020-12-09;14471
2020-12-08;"Bratislavský kraj";234;5900;213;6113;NA;74355;447;2020-12-08;13901
2020-12-07;"Bratislavský kraj";272;4345;168;4513;NA;74355;440;2020-12-07;13454
2020-12-06;"Bratislavský kraj";61;1584;52;1636;NA;74355;113;2020-12-06;13014
2020-12-05;"Bratislavský kraj";266;2134;40;2174;NA;74355;306;2020-12-05;12901
2020-12-04;"Bratislavský kraj";200;4511;104;4615;NA;74355;304;2020-12-04;12595
2020-12-03;"Bratislavský kraj";213;5036;102;5138;NA;74355;315;2020-12-03;12291
2020-12-02;"Bratislavský kraj";205;2504;83;2587;NA;74355;288;2020-12-02;11976
2020-12-01;"Bratislavský kraj";255;3305;168;3473;NA;74355;423;2020-12-01;11688
2020-11-30;"Bratislavský kraj";152;2061;123;2184;NA;74355;275;2020-11-30;11265
2020-11-29;"Bratislavský kraj";52;41;21;62;NA;74355;73;2020-11-29;10990
2020-11-28;"Bratislavský kraj";232;1983;21;2004;NA;74355;253;2020-11-28;10917
2020-11-27;"Bratislavský kraj";54;1198;29;1227;NA;74355;83;2020-11-27;10664
2020-11-26;"Bratislavský kraj";129;1114;25;1139;NA;74355;154;2020-11-26;10581
2020-11-25;"Bratislavský kraj";140;1133;31;1164;NA;74355;171;2020-11-25;10427
2020-11-24;"Bratislavský kraj";81;2988;67;3055;NA;74355;148;2020-11-24;10256
2020-11-23;"Bratislavský kraj";67;405;13;418;NA;74355;80;2020-11-23;10108
2020-11-22;"Bratislavský kraj";36;81;7;88;NA;74355;43;2020-11-22;10028
2020-11-21;"Bratislavský kraj";109;2126;47;2173;NA;74355;156;2020-11-21;9985
2020-11-20;"Bratislavský kraj";118;2869;48;2917;NA;74355;166;2020-11-20;9829
2020-11-19;"Bratislavský kraj";173;987;29;1016;NA;74355;202;2020-11-19;9663
2020-11-18;"Bratislavský kraj";118;616;75;691;NA;74355;193;2020-11-18;9461
2020-11-17;"Bratislavský kraj";108;928;23;951;NA;74355;131;2020-11-17;9268
2020-11-16;"Bratislavský kraj";82;651;9;660;NA;74355;91;2020-11-16;9137
2020-11-15;"Bratislavský kraj";47;236;0;236;NA;74355;47;2020-11-15;9046
2020-11-14;"Bratislavský kraj";53;1834;15;1849;NA;74355;68;2020-11-14;8999
2020-11-13;"Bratislavský kraj";94;2096;21;2117;NA;74355;115;2020-11-13;8931
2020-11-12;"Bratislavský kraj";141;1727;6;1733;NA;74355;147;2020-11-12;8816
2020-11-11;"Bratislavský kraj";159;1429;12;1441;NA;74355;171;2020-11-11;8669
2020-11-10;"Bratislavský kraj";136;805;14;819;NA;74355;150;2020-11-10;8498
2020-11-09;"Bratislavský kraj";70;466;1;467;NA;74355;71;2020-11-09;8348
2020-11-08;"Bratislavský kraj";82;869;6;875;NA;74355;88;2020-11-08;8277
2020-11-07;"Bratislavský kraj";88;4039;17;4056;NA;74355;105;2020-11-07;8189
2020-11-06;"Bratislavský kraj";281;6441;25;6466;NA;74355;306;2020-11-06;8084
2020-11-05;"Bratislavský kraj";175;476;11;487;NA;74355;186;2020-11-05;7778
2020-11-04;"Bratislavský kraj";65;411;10;421;NA;74355;75;2020-11-04;7592
2020-11-03;"Bratislavský kraj";251;944;5;949;NA;74355;256;2020-11-03;7517
2020-11-02;"Bratislavský kraj";202;3365;22;3387;NA;74355;224;2020-11-02;7261
2020-11-01;"Bratislavský kraj";227;8694;39;8733;NA;74355;266;2020-11-01;7037
2020-10-31;"Bratislavský kraj";173;22407;123;22530;NA;74355;296;2020-10-31;6771
2020-10-30;"Bratislavský kraj";158;17350;138;17488;NA;74355;296;2020-10-30;6475
2020-10-29;"Bratislavský kraj";262;116;4;120;NA;74355;266;2020-10-29;6179
2020-10-28;"Bratislavský kraj";220;260;15;275;NA;74355;235;2020-10-28;5913
2020-10-27;"Bratislavský kraj";256;145;4;149;NA;74355;260;2020-10-27;5678
2020-10-26;"Bratislavský kraj";123;229;11;240;NA;74355;134;2020-10-26;5418
2020-10-25;"Bratislavský kraj";152;33;2;35;NA;74355;154;2020-10-25;5284
2020-10-24;"Bratislavský kraj";170;221;6;227;NA;74355;176;2020-10-24;5130
2020-10-23;"Bratislavský kraj";151;144;8;152;NA;74355;159;2020-10-23;4954
2020-10-22;"Bratislavský kraj";192;204;15;219;NA;74355;207;2020-10-22;4795
2020-10-21;"Bratislavský kraj";66;90;6;96;NA;74355;72;2020-10-21;4588
2020-10-20;"Bratislavský kraj";183;97;4;101;NA;74355;187;2020-10-20;4516
2020-10-19;"Bratislavský kraj";148;80;3;83;NA;74355;151;2020-10-19;4329
2020-10-18;"Bratislavský kraj";75;92;0;92;NA;74355;75;2020-10-18;4178
2020-10-17;"Bratislavský kraj";136;0;0;0;NA;74355;136;2020-10-17;4103
2020-10-16;"Bratislavský kraj";103;14;1;15;NA;74355;104;2020-10-16;3967
2020-10-15;"Bratislavský kraj";135;6;1;7;NA;74355;136;2020-10-15;3863
2020-10-14;"Bratislavský kraj";127;4;0;4;NA;74355;127;2020-10-14;3727
2020-10-13;"Bratislavský kraj";86;108;8;116;NA;74355;94;2020-10-13;3600
2020-10-12;"Bratislavský kraj";46;0;0;0;NA;74355;46;2020-10-12;3506
2020-10-11;"Bratislavský kraj";80;0;0;0;NA;74355;80;2020-10-11;3460
2020-10-10;"Bratislavský kraj";55;0;0;0;NA;74355;55;2020-10-10;3380
2020-10-09;"Bratislavský kraj";148;0;0;0;NA;74355;148;2020-10-09;3325
2020-10-08;"Bratislavský kraj";100;0;0;0;NA;74355;100;2020-10-08;3177
2020-10-07;"Bratislavský kraj";107;0;0;0;NA;74355;107;2020-10-07;3077
2020-10-06;"Bratislavský kraj";108;0;0;0;NA;74355;108;2020-10-06;2970
2020-10-05;"Bratislavský kraj";30;0;0;0;NA;74355;30;2020-10-05;2862
2020-10-04;"Bratislavský kraj";49;0;0;0;NA;74355;49;2020-10-04;2832
2020-10-03;"Bratislavský kraj";82;0;0;0;NA;74355;82;2020-10-03;2783
2020-10-02;"Bratislavský kraj";101;0;0;0;NA;74355;101;2020-10-02;2701
2020-10-01;"Bratislavský kraj";72;0;0;0;NA;74355;72;2020-10-01;2600
2020-09-30;"Bratislavský kraj";91;0;0;0;NA;74355;91;2020-09-30;2528
2020-09-29;"Bratislavský kraj";74;0;0;0;NA;74355;74;2020-09-29;2437
2020-09-28;"Bratislavský kraj";29;0;0;0;NA;74355;29;2020-09-28;2363
2020-09-27;"Bratislavský kraj";48;0;0;0;NA;74355;48;2020-09-27;2334
2020-09-26;"Bratislavský kraj";86;0;0;0;NA;74355;86;2020-09-26;2286
2020-09-25;"Bratislavský kraj";97;0;0;0;NA;74355;97;2020-09-25;2200
2020-09-24;"Bratislavský kraj";73;0;0;0;NA;74355;73;2020-09-24;2103
2020-09-23;"Bratislavský kraj";55;0;0;0;NA;74355;55;2020-09-23;2030
2020-09-22;"Bratislavský kraj";81;0;0;0;NA;74355;81;2020-09-22;1975
2020-09-21;"Bratislavský kraj";32;0;0;0;NA;74355;32;2020-09-21;1894
2020-09-20;"Bratislavský kraj";25;0;0;0;NA;74355;25;2020-09-20;1862
2020-09-19;"Bratislavský kraj";59;0;0;0;NA;74355;59;2020-09-19;1837
2020-09-18;"Bratislavský kraj";42;0;0;0;NA;74355;42;2020-09-18;1778
2020-09-17;"Bratislavský kraj";52;0;0;0;NA;74355;52;2020-09-17;1736
2020-09-16;"Bratislavský kraj";32;0;0;0;NA;74355;32;2020-09-16;1684
2020-09-15;"Bratislavský kraj";26;0;0;0;NA;74355;26;2020-09-15;1652
2020-09-14;"Bratislavský kraj";24;0;0;0;NA;74355;24;2020-09-14;1626
2020-09-13;"Bratislavský kraj";11;0;0;0;NA;74355;11;2020-09-13;1602
2020-09-12;"Bratislavský kraj";24;0;0;0;NA;74355;24;2020-09-12;1591
2020-09-11;"Bratislavský kraj";50;0;0;0;NA;74355;50;2020-09-11;1567
2020-09-10;"Bratislavský kraj";47;0;0;0;NA;74355;47;2020-09-10;1517
2020-09-09;"Bratislavský kraj";40;0;0;0;NA;74355;40;2020-09-09;1470
2020-09-08;"Bratislavský kraj";58;0;0;0;NA;74355;58;2020-09-08;1430
2020-09-07;"Bratislavský kraj";39;0;0;0;NA;74355;39;2020-09-07;1372
2020-09-06;"Bratislavský kraj";11;0;0;0;NA;74355;11;2020-09-06;1333
2020-09-05;"Bratislavský kraj";37;0;0;0;NA;74355;37;2020-09-05;1322
2020-09-04;"Bratislavský kraj";87;0;0;0;NA;74355;87;2020-09-04;1285
2020-09-03;"Bratislavský kraj";51;0;0;0;NA;74355;51;2020-09-03;1198
2020-09-02;"Bratislavský kraj";50;0;0;0;NA;74355;50;2020-09-02;1147
2020-09-01;"Bratislavský kraj";16;0;0;0;NA;74355;16;2020-09-01;1097
2020-08-31;"Bratislavský kraj";19;0;0;0;NA;74355;19;2020-08-31;1081
2020-08-30;"Bratislavský kraj";9;0;0;0;NA;74355;9;2020-08-30;1062
2020-08-29;"Bratislavský kraj";12;0;0;0;NA;74355;12;2020-08-29;1053
2020-08-28;"Bratislavský kraj";35;0;0;0;NA;74355;35;2020-08-28;1041
2020-08-27;"Bratislavský kraj";33;0;0;0;NA;74355;33;2020-08-27;1006
2020-08-26;"Bratislavský kraj";27;0;0;0;NA;74355;27;2020-08-26;973
2020-08-25;"Bratislavský kraj";29;0;0;0;NA;74355;29;2020-08-25;946
2020-08-24;"Bratislavský kraj";6;0;0;0;NA;74355;6;2020-08-24;917
2020-08-23;"Bratislavský kraj";45;0;0;0;NA;74355;45;2020-08-23;911
2020-08-22;"Bratislavský kraj";13;0;0;0;NA;74355;13;2020-08-22;866
2020-08-21;"Bratislavský kraj";46;0;0;0;NA;74355;46;2020-08-21;853
2020-08-20;"Bratislavský kraj";41;0;0;0;NA;74355;41;2020-08-20;807
2020-08-19;"Bratislavský kraj";27;0;0;0;NA;74355;27;2020-08-19;766
2020-08-18;"Bratislavský kraj";47;0;0;0;NA;74355;47;2020-08-18;739
2020-08-17;"Bratislavský kraj";2;0;0;0;NA;74355;2;2020-08-17;692
2020-08-16;"Bratislavský kraj";3;0;0;0;NA;74355;3;2020-08-16;690
2020-08-15;"Bratislavský kraj";18;0;0;0;NA;74355;18;2020-08-15;687
2020-08-14;"Bratislavský kraj";16;0;0;0;NA;74355;16;2020-08-14;669
2020-08-13;"Bratislavský kraj";12;0;0;0;NA;74355;12;2020-08-13;653
2020-08-12;"Bratislavský kraj";10;0;0;0;NA;74355;10;2020-08-12;641
2020-08-11;"Bratislavský kraj";23;0;0;0;NA;74355;23;2020-08-11;631
2020-08-10;"Bratislavský kraj";2;0;0;0;NA;74355;2;2020-08-10;608
2020-08-09;"Bratislavský kraj";2;0;0;0;NA;74355;2;2020-08-09;606
2020-08-08;"Bratislavský kraj";1;0;0;0;NA;74355;1;2020-08-08;604
2020-08-07;"Bratislavský kraj";9;0;0;0;NA;74355;9;2020-08-07;603
2020-08-06;"Bratislavský kraj";15;0;0;0;NA;74355;15;2020-08-06;594
2020-08-05;"Bratislavský kraj";11;0;0;0;NA;74355;11;2020-08-05;579
2020-08-04;"Bratislavský kraj";21;0;0;0;NA;74355;21;2020-08-04;568
2020-08-03;"Bratislavský kraj";7;0;0;0;NA;74355;7;2020-08-03;547
2020-07-31;"Bratislavský kraj";14;0;0;0;NA;74355;14;2020-07-31;540
2020-07-30;"Bratislavský kraj";6;0;0;0;NA;74355;6;2020-07-30;526
2020-07-29;"Bratislavský kraj";7;0;0;0;NA;74355;7;2020-07-29;520
2020-07-28;"Bratislavský kraj";14;0;0;0;NA;74355;14;2020-07-28;513
2020-07-27;"Bratislavský kraj";3;0;0;0;NA;74355;3;2020-07-27;499
2020-07-25;"Bratislavský kraj";8;0;0;0;NA;74355;8;2020-07-25;496
2020-07-24;"Bratislavský kraj";2;0;0;0;NA;74355;2;2020-07-24;488
2020-07-23;"Bratislavský kraj";8;0;0;0;NA;74355;8;2020-07-23;486
2020-07-22;"Bratislavský kraj";11;0;0;0;NA;74355;11;2020-07-22;478
2020-07-21;"Bratislavský kraj";8;0;0;0;NA;74355;8;2020-07-21;467
2020-07-20;"Bratislavský kraj";12;0;0;0;NA;74355;12;2020-07-20;459
2020-07-18;"Bratislavský kraj";2;0;0;0;NA;74355;2;2020-07-18;447
2020-07-17;"Bratislavský kraj";2;0;0;0;NA;74355;2;2020-07-17;445
2020-07-16;"Bratislavský kraj";6;0;0;0;NA;74355;6;2020-07-16;443
2020-07-15;"Bratislavský kraj";3;0;0;0;NA;74355;3;2020-07-15;437
2020-07-14;"Bratislavský kraj";2;0;0;0;NA;74355;2;2020-07-14;434
2020-07-13;"Bratislavský kraj";2;0;0;0;NA;74355;2;2020-07-13;432
2020-07-10;"Bratislavský kraj";8;0;0;0;NA;74355;8;2020-07-10;430
2020-07-09;"Bratislavský kraj";2;0;0;0;NA;74355;2;2020-07-09;422
2020-07-08;"Bratislavský kraj";11;0;0;0;NA;74355;11;2020-07-08;420
2020-07-07;"Bratislavský kraj";5;0;0;0;NA;74355;5;2020-07-07;409
2020-07-06;"Bratislavský kraj";1;0;0;0;NA;74355;1;2020-07-06;404
2020-07-04;"Bratislavský kraj";3;0;0;0;NA;74355;3;2020-07-04;403
2020-07-03;"Bratislavský kraj";1;0;0;0;NA;74355;1;2020-07-03;400
2020-07-01;"Bratislavský kraj";7;0;0;0;NA;74355;7;2020-07-01;399
2020-06-30;"Bratislavský kraj";3;0;0;0;NA;74355;3;2020-06-30;392
2020-06-29;"Bratislavský kraj";1;0;0;0;NA;74355;1;2020-06-29;389
2020-06-27;"Bratislavský kraj";1;0;0;0;NA;74355;1;2020-06-27;388
2020-06-26;"Bratislavský kraj";6;0;0;0;NA;74355;6;2020-06-26;387
2020-06-24;"Bratislavský kraj";3;0;0;0;NA;74355;3;2020-06-24;381
2020-06-22;"Bratislavský kraj";1;0;0;0;NA;74355;1;2020-06-22;378
2020-06-19;"Bratislavský kraj";3;0;0;0;NA;74355;3;2020-06-19;377
2020-06-14;"Bratislavský kraj";2;0;0;0;NA;74355;2;2020-06-14;374
2020-06-13;"Bratislavský kraj";1;0;0;0;NA;74355;1;2020-06-13;372
2020-06-12;"Bratislavský kraj";2;0;0;0;NA;74355;2;2020-06-12;371
2020-06-08;"Bratislavský kraj";1;0;0;0;NA;74355;1;2020-06-08;369
2020-06-03;"Bratislavský kraj";1;0;0;0;NA;74355;1;2020-06-03;368
2020-05-27;"Bratislavský kraj";1;0;0;0;NA;74355;1;2020-05-27;367
2020-05-23;"Bratislavský kraj";2;0;0;0;NA;74355;2;2020-05-23;366
2020-05-12;"Bratislavský kraj";2;0;0;0;NA;74355;2;2020-05-12;364
2020-05-07;"Bratislavský kraj";1;0;0;0;NA;74355;1;2020-05-07;362
2020-05-06;"Bratislavský kraj";3;0;0;0;NA;74355;3;2020-05-06;361
2020-05-03;"Bratislavský kraj";2;0;0;0;NA;74355;2;2020-05-03;358
2020-04-30;"Bratislavský kraj";5;0;0;0;NA;74355;5;2020-04-30;356
2020-04-28;"Bratislavský kraj";2;0;0;0;NA;74355;2;2020-04-28;351
2020-04-26;"Bratislavský kraj";1;0;0;0;NA;74355;1;2020-04-26;349
2020-04-24;"Bratislavský kraj";2;0;0;0;NA;74355;2;2020-04-24;348
2020-04-23;"Bratislavský kraj";6;0;0;0;NA;74355;6;2020-04-23;346
2020-04-22;"Bratislavský kraj";11;0;0;0;NA;74355;11;2020-04-22;340
2020-04-21;"Bratislavský kraj";4;0;0;0;NA;74355;4;2020-04-21;329
2020-04-19;"Bratislavský kraj";4;0;0;0;NA;74355;4;2020-04-19;325
2020-04-18;"Bratislavský kraj";5;0;0;0;NA;74355;5;2020-04-18;321
2020-04-17;"Bratislavský kraj";6;0;0;0;NA;74355;6;2020-04-17;316
2020-04-16;"Bratislavský kraj";15;0;0;0;NA;74355;15;2020-04-16;310
2020-04-15;"Bratislavský kraj";11;0;0;0;NA;74355;11;2020-04-15;295
2020-04-14;"Bratislavský kraj";19;0;0;0;NA;74355;19;2020-04-14;284
2020-04-13;"Bratislavský kraj";53;0;0;0;NA;74355;53;2020-04-13;265
2020-04-12;"Bratislavský kraj";3;0;0;0;NA;74355;3;2020-04-12;212
2020-04-11;"Bratislavský kraj";1;0;0;0;NA;74355;1;2020-04-11;209
2020-04-10;"Bratislavský kraj";8;0;0;0;NA;74355;8;2020-04-10;208
2020-04-09;"Bratislavský kraj";3;0;0;0;NA;74355;3;2020-04-09;200
2020-04-08;"Bratislavský kraj";3;0;0;0;NA;74355;3;2020-04-08;197
2020-04-07;"Bratislavský kraj";24;0;0;0;NA;74355;24;2020-04-07;194
2020-04-06;"Bratislavský kraj";5;0;0;0;NA;74355;5;2020-04-06;170
2020-04-05;"Bratislavský kraj";6;0;0;0;NA;74355;6;2020-04-05;165
2020-04-04;"Bratislavský kraj";2;0;0;0;NA;74355;2;2020-04-04;159
2020-04-03;"Bratislavský kraj";1;0;0;0;NA;74355;1;2020-04-03;157
2020-04-02;"Bratislavský kraj";2;0;0;0;NA;74355;2;2020-04-02;156
2020-04-01;"Bratislavský kraj";5;0;0;0;NA;74355;5;2020-04-01;154
2020-03-31;"Bratislavský kraj";19;0;0;0;NA;74355;19;2020-03-31;149
2020-03-30;"Bratislavský kraj";6;0;0;0;NA;74355;6;2020-03-30;130
2020-03-29;"Bratislavský kraj";8;0;0;0;NA;74355;8;2020-03-29;124
2020-03-28;"Bratislavský kraj";4;0;0;0;NA;74355;4;2020-03-28;116
2020-03-27;"Bratislavský kraj";3;0;0;0;NA;74355;3;2020-03-27;112
2020-03-26;"Bratislavský kraj";15;0;0;0;NA;74355;15;2020-03-26;109
2020-03-25;"Bratislavský kraj";1;0;0;0;NA;74355;1;2020-03-25;94
2020-03-24;"Bratislavský kraj";4;0;0;0;NA;74355;4;2020-03-24;93
2020-03-23;"Bratislavský kraj";9;0;0;0;NA;74355;9;2020-03-23;89
2020-03-22;"Bratislavský kraj";2;0;0;0;NA;74355;2;2020-03-22;80
2020-03-21;"Bratislavský kraj";22;0;0;0;NA;74355;22;2020-03-21;78
2020-03-20;"Bratislavský kraj";3;0;0;0;NA;74355;3;2020-03-20;56
2020-03-19;"Bratislavský kraj";4;0;0;0;NA;74355;4;2020-03-19;53
2020-03-18;"Bratislavský kraj";3;0;0;0;NA;74355;3;2020-03-18;49
2020-03-17;"Bratislavský kraj";13;0;0;0;NA;74355;13;2020-03-17;46
2020-03-16;"Bratislavský kraj";1;0;0;0;NA;74355;1;2020-03-16;33
2020-03-15;"Bratislavský kraj";4;0;0;0;NA;74355;4;2020-03-15;32
2020-03-14;"Bratislavský kraj";9;0;0;0;NA;74355;9;2020-03-14;28
2020-03-13;"Bratislavský kraj";2;0;0;0;NA;74355;2;2020-03-13;19
2020-03-12;"Bratislavský kraj";8;0;0;0;NA;74355;8;2020-03-12;17
2020-03-11;"Bratislavský kraj";3;0;0;0;NA;74355;3;2020-03-11;9
2020-03-08;"Bratislavský kraj";2;0;0;0;NA;74355;2;2020-03-08;6
2020-03-07;"Bratislavský kraj";2;0;0;0;NA;74355;2;2020-03-07;4
2020-03-06;"Bratislavský kraj";1;0;0;0;NA;74355;1;2020-03-06;2
2021-03-06;"Košický kraj";177;92798;449;93247;43029;76829;626;2021-03-06;76829
2021-03-05;"Košický kraj";439;41718;359;42077;NA;76829;798;2021-03-05;76203
2021-03-04;"Košický kraj";417;22940;309;23249;NA;76829;726;2021-03-04;75405
2021-03-03;"Košický kraj";390;22102;280;22382;NA;76829;670;2021-03-03;74679
2021-03-02;"Košický kraj";464;23356;367;23723;NA;76829;831;2021-03-02;74009
2021-03-01;"Košický kraj";389;28989;495;29484;NA;76829;884;2021-03-01;73178
2021-02-28;"Košický kraj";265;37459;288;37747;NA;76829;553;2021-02-28;72294
2021-02-27;"Košický kraj";301;99330;756;100086;NA;76829;1057;2021-02-27;71741
2021-02-26;"Košický kraj";440;45181;486;45667;NA;76829;926;2021-02-26;70684
2021-02-25;"Košický kraj";331;20146;347;20493;NA;76829;678;2021-02-25;69758
2021-02-24;"Košický kraj";263;18091;359;18450;NA;76829;622;2021-02-24;69080
2021-02-23;"Košický kraj";642;21703;346;22049;NA;76829;988;2021-02-23;68458
2021-02-22;"Košický kraj";362;31538;439;31977;NA;76829;801;2021-02-22;67470
2021-02-21;"Košický kraj";170;40104;380;40484;NA;76829;550;2021-02-21;66669
2021-02-20;"Košický kraj";283;91014;762;91776;NA;76829;1045;2021-02-20;66119
2021-02-19;"Košický kraj";507;41747;583;42330;NA;76829;1090;2021-02-19;65074
2021-02-18;"Košický kraj";397;18445;346;18791;NA;76829;743;2021-02-18;63984
2021-02-17;"Košický kraj";322;18433;385;18818;NA;76829;707;2021-02-17;63241
2021-02-16;"Košický kraj";600;22153;463;22616;NA;76829;1063;2021-02-16;62534
2021-02-15;"Košický kraj";216;24932;369;25301;NA;76829;585;2021-02-15;61471
2021-02-14;"Košický kraj";241;56663;524;57187;NA;76829;765;2021-02-14;60886
2021-02-13;"Košický kraj";206;93129;764;93893;NA;76829;970;2021-02-13;60121
2021-02-12;"Košický kraj";448;50169;611;50780;NA;76829;1059;2021-02-12;59151
2021-02-11;"Košický kraj";435;14795;329;15124;NA;76829;764;2021-02-11;58092
2021-02-10;"Košický kraj";360;19710;442;20152;NA;76829;802;2021-02-10;57328
2021-02-09;"Košický kraj";545;24897;464;25361;NA;76829;1009;2021-02-09;56526
2021-02-08;"Košický kraj";237;27299;413;27712;NA;76829;650;2021-02-08;55517
2021-02-07;"Košický kraj";208;56897;612;57509;NA;76829;820;2021-02-07;54867
2021-02-06;"Košický kraj";318;101420;857;102277;NA;76829;1175;2021-02-06;54047
2021-02-05;"Košický kraj";384;42506;491;42997;NA;76829;875;2021-02-05;52872
2021-02-04;"Košický kraj";391;14733;370;15103;NA;76829;761;2021-02-04;51997
2021-02-03;"Košický kraj";296;32746;1111;33857;NA;76829;1407;2021-02-03;51236
2021-02-02;"Košický kraj";473;23465;438;23903;NA;76829;911;2021-02-02;49829
2021-02-01;"Košický kraj";415;19335;321;19656;NA;76829;736;2021-02-01;48918
2021-01-31;"Košický kraj";142;53674;585;54259;NA;76829;727;2021-01-31;48182
2021-01-30;"Košický kraj";320;76985;673;77658;NA;76829;993;2021-01-30;47455
2021-01-29;"Košický kraj";311;37131;456;37587;NA;76829;767;2021-01-29;46462
2021-01-28;"Košický kraj";540;9025;247;9272;NA;76829;787;2021-01-28;45695
2021-01-27;"Košický kraj";265;7484;207;7691;NA;76829;472;2021-01-27;44908
2021-01-26;"Košický kraj";530;14210;245;14455;NA;76829;775;2021-01-26;44436
2021-01-25;"Košický kraj";226;26161;409;26570;NA;76829;635;2021-01-25;43661
2021-01-24;"Košický kraj";150;44908;595;45503;NA;76829;745;2021-01-24;43026
2021-01-23;"Košický kraj";232;82016;843;82859;NA;76829;1075;2021-01-23;42281
2021-01-22;"Košický kraj";316;19997;265;20262;NA;76829;581;2021-01-22;41206
2021-01-21;"Košický kraj";274;14047;161;14208;NA;76829;435;2021-01-21;40625
2021-01-20;"Košický kraj";374;10845;201;11046;NA;76829;575;2021-01-20;40190
2021-01-19;"Košický kraj";248;9855;182;10037;NA;76829;430;2021-01-19;39615
2021-01-18;"Košický kraj";333;5778;212;5990;NA;76829;545;2021-01-18;39185
2021-01-17;"Košický kraj";155;535;14;549;NA;76829;169;2021-01-17;38640
2021-01-16;"Košický kraj";153;1403;47;1450;NA;76829;200;2021-01-16;38471
2021-01-15;"Košický kraj";308;6443;213;6656;NA;76829;521;2021-01-15;38271
2021-01-14;"Košický kraj";358;5471;221;5692;NA;76829;579;2021-01-14;37750
2021-01-13;"Košický kraj";421;4897;226;5123;NA;76829;647;2021-01-13;37171
2021-01-12;"Košický kraj";482;6689;258;6947;NA;76829;740;2021-01-12;36524
2021-01-11;"Košický kraj";309;7945;304;8249;NA;76829;613;2021-01-11;35784
2021-01-10;"Košický kraj";193;134;6;140;NA;76829;199;2021-01-10;35171
2021-01-09;"Košický kraj";469;1134;45;1179;NA;76829;514;2021-01-09;34972
2021-01-08;"Košický kraj";551;8222;388;8610;NA;76829;939;2021-01-08;34458
2021-01-07;"Košický kraj";251;6403;428;6831;NA;76829;679;2021-01-07;33519
2021-01-06;"Košický kraj";442;429;33;462;NA;76829;475;2021-01-06;32840
2021-01-05;"Košický kraj";584;8100;560;8660;NA;76829;1144;2021-01-05;32365
2021-01-04;"Košický kraj";407;7113;737;7850;NA;76829;1144;2021-01-04;31221
2021-01-03;"Košický kraj";118;661;22;683;NA;76829;140;2021-01-03;30077
2021-01-02;"Košický kraj";88;440;52;492;NA;76829;140;2021-01-02;29937
2021-01-01;"Košický kraj";398;725;49;774;NA;76829;447;2021-01-01;29797
2020-12-31;"Košický kraj";625;7877;461;8338;NA;76829;1086;2020-12-31;29350
2020-12-30;"Košický kraj";590;6477;412;6889;NA;76829;1002;2020-12-30;28264
2020-12-29;"Košický kraj";419;7573;605;8178;NA;76829;1024;2020-12-29;27262
2020-12-28;"Košický kraj";356;8296;804;9100;NA;76829;1160;2020-12-28;26238
2020-12-27;"Košický kraj";159;147;16;163;NA;76829;175;2020-12-27;25078
2020-12-26;"Košický kraj";163;274;23;297;NA;76829;186;2020-12-26;24903
2020-12-25;"Košický kraj";237;140;10;150;NA;76829;247;2020-12-25;24717
2020-12-24;"Košický kraj";564;1470;90;1560;NA;76829;654;2020-12-24;24470
2020-12-23;"Košický kraj";304;7942;354;8296;NA;76829;658;2020-12-23;23816
2020-12-22;"Košický kraj";438;7920;459;8379;NA;76829;897;2020-12-22;23158
2020-12-21;"Košický kraj";405;6984;509;7493;NA;76829;914;2020-12-21;22261
2020-12-20;"Košický kraj";215;48;8;56;NA;76829;223;2020-12-20;21347
2020-12-19;"Košický kraj";207;1148;59;1207;NA;76829;266;2020-12-19;21124
2020-12-18;"Košický kraj";310;8484;326;8810;NA;76829;636;2020-12-18;20858
2020-12-17;"Košický kraj";463;5292;255;5547;NA;76829;718;2020-12-17;20222
2020-12-16;"Košický kraj";455;5898;316;6214;NA;76829;771;2020-12-16;19504
2020-12-15;"Košický kraj";319;5086;338;5424;NA;76829;657;2020-12-15;18733
2020-12-14;"Košický kraj";256;2893;239;3132;NA;76829;495;2020-12-14;18076
2020-12-13;"Košický kraj";47;181;2;183;NA;76829;49;2020-12-13;17581
2020-12-12;"Košický kraj";369;1587;118;1705;NA;76829;487;2020-12-12;17532
2020-12-11;"Košický kraj";354;5461;258;5719;NA;76829;612;2020-12-11;17045
2020-12-10;"Košický kraj";283;4064;176;4240;NA;76829;459;2020-12-10;16433
2020-12-09;"Košický kraj";279;3786;166;3952;NA;76829;445;2020-12-09;15974
2020-12-08;"Košický kraj";226;4105;355;4460;NA;76829;581;2020-12-08;15529
2020-12-07;"Košický kraj";270;2111;103;2214;NA;76829;373;2020-12-07;14948
2020-12-06;"Košický kraj";121;97;20;117;NA;76829;141;2020-12-06;14575
2020-12-05;"Košický kraj";90;1096;48;1144;NA;76829;138;2020-12-05;14434
2020-12-04;"Košický kraj";224;2680;82;2762;NA;76829;306;2020-12-04;14296
2020-12-03;"Košický kraj";211;7717;173;7890;NA;76829;384;2020-12-03;13990
2020-12-02;"Košický kraj";193;8132;496;8628;NA;76829;689;2020-12-02;13606
2020-12-01;"Košický kraj";178;2237;124;2361;NA;76829;302;2020-12-01;12917
2020-11-30;"Košický kraj";171;3754;62;3816;NA;76829;233;2020-11-30;12615
2020-11-29;"Košický kraj";31;287;16;303;NA;76829;47;2020-11-29;12382
2020-11-28;"Košický kraj";69;721;52;773;NA;76829;121;2020-11-28;12335
2020-11-27;"Košický kraj";149;2729;74;2803;NA;76829;223;2020-11-27;12214
2020-11-26;"Košický kraj";239;1090;55;1145;NA;76829;294;2020-11-26;11991
2020-11-25;"Košický kraj";237;1664;122;1786;NA;76829;359;2020-11-25;11697
2020-11-24;"Košický kraj";196;1871;64;1935;NA;76829;260;2020-11-24;11338
2020-11-23;"Košický kraj";51;3737;54;3791;NA;76829;105;2020-11-23;11078
2020-11-22;"Košický kraj";57;28;3;31;NA;76829;60;2020-11-22;10973
2020-11-21;"Košický kraj";87;858;36;894;NA;76829;123;2020-11-21;10913
2020-11-20;"Košický kraj";176;2989;45;3034;NA;76829;221;2020-11-20;10790
2020-11-19;"Košický kraj";206;1648;40;1688;NA;76829;246;2020-11-19;10569
2020-11-18;"Košický kraj";122;443;16;459;NA;76829;138;2020-11-18;10323
2020-11-17;"Košický kraj";152;82;9;91;NA;76829;161;2020-11-17;10185
2020-11-16;"Košický kraj";114;531;24;555;NA;76829;138;2020-11-16;10024
2020-11-15;"Košický kraj";15;338;7;345;NA;76829;22;2020-11-15;9886
2020-11-14;"Košický kraj";234;520;12;532;NA;76829;246;2020-11-14;9864
2020-11-13;"Košický kraj";207;664;29;693;NA;76829;236;2020-11-13;9618
2020-11-12;"Košický kraj";192;736;13;749;NA;76829;205;2020-11-12;9382
2020-11-11;"Košický kraj";301;593;7;600;NA;76829;308;2020-11-11;9177
2020-11-10;"Košický kraj";190;541;11;552;NA;76829;201;2020-11-10;8869
2020-11-09;"Košický kraj";129;380;5;385;NA;76829;134;2020-11-09;8668
2020-11-08;"Košický kraj";78;1298;8;1306;NA;76829;86;2020-11-08;8534
2020-11-07;"Košický kraj";192;3909;22;3931;NA;76829;214;2020-11-07;8448
2020-11-06;"Košický kraj";195;5310;34;5344;NA;76829;229;2020-11-06;8234
2020-11-05;"Košický kraj";342;330;31;361;NA;76829;373;2020-11-05;8005
2020-11-04;"Košický kraj";101;154;6;160;NA;76829;107;2020-11-04;7632
2020-11-03;"Košický kraj";358;1122;13;1135;NA;76829;371;2020-11-03;7525
2020-11-02;"Košický kraj";111;4368;51;4419;NA;76829;162;2020-11-02;7154
2020-11-01;"Košický kraj";346;6522;34;6556;NA;76829;380;2020-11-01;6992
2020-10-31;"Košický kraj";82;13810;105;13915;NA;76829;187;2020-10-31;6612
2020-10-30;"Košický kraj";379;2835;27;2862;NA;76829;406;2020-10-30;6425
2020-10-29;"Košický kraj";333;983;13;996;NA;76829;346;2020-10-29;6019
2020-10-28;"Košický kraj";224;305;13;318;NA;76829;237;2020-10-28;5673
2020-10-27;"Košický kraj";386;439;21;460;NA;76829;407;2020-10-27;5436
2020-10-26;"Košický kraj";56;206;10;216;NA;76829;66;2020-10-26;5029
2020-10-25;"Košický kraj";154;79;2;81;NA;76829;156;2020-10-25;4963
2020-10-24;"Košický kraj";313;113;15;128;NA;76829;328;2020-10-24;4807
2020-10-23;"Košický kraj";315;331;8;339;NA;76829;323;2020-10-23;4479
2020-10-22;"Košický kraj";349;530;16;546;NA;76829;365;2020-10-22;4156
2020-10-21;"Košický kraj";129;84;2;86;NA;76829;131;2020-10-21;3791
2020-10-20;"Košický kraj";181;14;1;15;NA;76829;182;2020-10-20;3660
2020-10-19;"Košický kraj";64;10;0;10;NA;76829;64;2020-10-19;3478
2020-10-18;"Košický kraj";158;0;0;0;NA;76829;158;2020-10-18;3414
2020-10-17;"Košický kraj";142;0;0;0;NA;76829;142;2020-10-17;3256
2020-10-16;"Košický kraj";206;19;0;19;NA;76829;206;2020-10-16;3114
2020-10-15;"Košický kraj";177;19;5;24;NA;76829;182;2020-10-15;2908
2020-10-14;"Košický kraj";211;8;0;8;NA;76829;211;2020-10-14;2726
2020-10-13;"Košický kraj";179;80;3;83;NA;76829;182;2020-10-13;2515
2020-10-12;"Košický kraj";74;0;0;0;NA;76829;74;2020-10-12;2333
2020-10-11;"Košický kraj";121;0;0;0;NA;76829;121;2020-10-11;2259
2020-10-10;"Košický kraj";70;0;0;0;NA;76829;70;2020-10-10;2138
2020-10-09;"Košický kraj";188;0;0;0;NA;76829;188;2020-10-09;2068
2020-10-08;"Košický kraj";102;0;0;0;NA;76829;102;2020-10-08;1880
2020-10-07;"Košický kraj";158;0;0;0;NA;76829;158;2020-10-07;1778
2020-10-06;"Košický kraj";70;0;0;0;NA;76829;70;2020-10-06;1620
2020-10-05;"Košický kraj";39;0;0;0;NA;76829;39;2020-10-05;1550
2020-10-04;"Košický kraj";45;0;0;0;NA;76829;45;2020-10-04;1511
2020-10-03;"Košický kraj";105;0;0;0;NA;76829;105;2020-10-03;1466
2020-10-02;"Košický kraj";57;0;0;0;NA;76829;57;2020-10-02;1361
2020-10-01;"Košický kraj";69;0;0;0;NA;76829;69;2020-10-01;1304
2020-09-30;"Košický kraj";95;0;0;0;NA;76829;95;2020-09-30;1235
2020-09-29;"Košický kraj";75;0;0;0;NA;76829;75;2020-09-29;1140
2020-09-28;"Košický kraj";19;0;0;0;NA;76829;19;2020-09-28;1065
2020-09-27;"Košický kraj";21;0;0;0;NA;76829;21;2020-09-27;1046
2020-09-26;"Košický kraj";53;0;0;0;NA;76829;53;2020-09-26;1025
2020-09-25;"Košický kraj";72;0;0;0;NA;76829;72;2020-09-25;972
2020-09-24;"Košický kraj";35;0;0;0;NA;76829;35;2020-09-24;900
2020-09-23;"Košický kraj";23;0;0;0;NA;76829;23;2020-09-23;865
2020-09-22;"Košický kraj";39;0;0;0;NA;76829;39;2020-09-22;842
2020-09-21;"Košický kraj";5;0;0;0;NA;76829;5;2020-09-21;803
2020-09-20;"Košický kraj";3;0;0;0;NA;76829;3;2020-09-20;798
2020-09-19;"Košický kraj";13;0;0;0;NA;76829;13;2020-09-19;795
2020-09-18;"Košický kraj";20;0;0;0;NA;76829;20;2020-09-18;782
2020-09-17;"Košický kraj";22;0;0;0;NA;76829;22;2020-09-17;762
2020-09-16;"Košický kraj";12;0;0;0;NA;76829;12;2020-09-16;740
2020-09-15;"Košický kraj";10;0;0;0;NA;76829;10;2020-09-15;728
2020-09-14;"Košický kraj";6;0;0;0;NA;76829;6;2020-09-14;718
2020-09-13;"Košický kraj";3;0;0;0;NA;76829;3;2020-09-13;712
2020-09-12;"Košický kraj";16;0;0;0;NA;76829;16;2020-09-12;709
2020-09-11;"Košický kraj";20;0;0;0;NA;76829;20;2020-09-11;693
2020-09-10;"Košický kraj";11;0;0;0;NA;76829;11;2020-09-10;673
2020-09-09;"Košický kraj";37;0;0;0;NA;76829;37;2020-09-09;662
2020-09-08;"Košický kraj";10;0;0;0;NA;76829;10;2020-09-08;625
2020-09-07;"Košický kraj";4;0;0;0;NA;76829;4;2020-09-07;615
2020-09-06;"Košický kraj";2;0;0;0;NA;76829;2;2020-09-06;611
2020-09-05;"Košický kraj";10;0;0;0;NA;76829;10;2020-09-05;609
2020-09-04;"Košický kraj";14;0;0;0;NA;76829;14;2020-09-04;599
2020-09-03;"Košický kraj";22;0;0;0;NA;76829;22;2020-09-03;585
2020-09-02;"Košický kraj";13;0;0;0;NA;76829;13;2020-09-02;563
2020-09-01;"Košický kraj";21;0;0;0;NA;76829;21;2020-09-01;550
2020-08-31;"Košický kraj";9;0;0;0;NA;76829;9;2020-08-31;529
2020-08-30;"Košický kraj";21;0;0;0;NA;76829;21;2020-08-30;520
2020-08-29;"Košický kraj";1;0;0;0;NA;76829;1;2020-08-29;499
2020-08-28;"Košický kraj";19;0;0;0;NA;76829;19;2020-08-28;498
2020-08-27;"Košický kraj";15;0;0;0;NA;76829;15;2020-08-27;479
2020-08-26;"Košický kraj";8;0;0;0;NA;76829;8;2020-08-26;464
2020-08-25;"Košický kraj";23;0;0;0;NA;76829;23;2020-08-25;456
2020-08-24;"Košický kraj";6;0;0;0;NA;76829;6;2020-08-24;433
2020-08-23;"Košický kraj";8;0;0;0;NA;76829;8;2020-08-23;427
2020-08-22;"Košický kraj";13;0;0;0;NA;76829;13;2020-08-22;419
2020-08-21;"Košický kraj";10;0;0;0;NA;76829;10;2020-08-21;406
2020-08-20;"Košický kraj";10;0;0;0;NA;76829;10;2020-08-20;396
2020-08-19;"Košický kraj";3;0;0;0;NA;76829;3;2020-08-19;386
2020-08-18;"Košický kraj";7;0;0;0;NA;76829;7;2020-08-18;383
2020-08-17;"Košický kraj";2;0;0;0;NA;76829;2;2020-08-17;376
2020-08-16;"Košický kraj";2;0;0;0;NA;76829;2;2020-08-16;374
2020-08-15;"Košický kraj";3;0;0;0;NA;76829;3;2020-08-15;372
2020-08-14;"Košický kraj";1;0;0;0;NA;76829;1;2020-08-14;369
2020-08-13;"Košický kraj";3;0;0;0;NA;76829;3;2020-08-13;368
2020-08-12;"Košický kraj";12;0;0;0;NA;76829;12;2020-08-12;365
2020-08-11;"Košický kraj";5;0;0;0;NA;76829;5;2020-08-11;353
2020-08-10;"Košický kraj";1;0;0;0;NA;76829;1;2020-08-10;348
2020-08-08;"Košický kraj";5;0;0;0;NA;76829;5;2020-08-08;347
2020-08-07;"Košický kraj";7;0;0;0;NA;76829;7;2020-08-07;342
2020-08-06;"Košický kraj";3;0;0;0;NA;76829;3;2020-08-06;335
2020-08-05;"Košický kraj";4;0;0;0;NA;76829;4;2020-08-05;332
2020-08-04;"Košický kraj";1;0;0;0;NA;76829;1;2020-08-04;328
2020-08-03;"Košický kraj";1;0;0;0;NA;76829;1;2020-08-03;327
2020-07-30;"Košický kraj";2;0;0;0;NA;76829;2;2020-07-30;326
2020-07-29;"Košický kraj";1;0;0;0;NA;76829;1;2020-07-29;324
2020-07-28;"Košický kraj";9;0;0;0;NA;76829;9;2020-07-28;323
2020-07-27;"Košický kraj";4;0;0;0;NA;76829;4;2020-07-27;314
2020-07-25;"Košický kraj";2;0;0;0;NA;76829;2;2020-07-25;310
2020-07-24;"Košický kraj";2;0;0;0;NA;76829;2;2020-07-24;308
2020-07-23;"Košický kraj";1;0;0;0;NA;76829;1;2020-07-23;306
2020-07-22;"Košický kraj";1;0;0;0;NA;76829;1;2020-07-22;305
2020-07-18;"Košický kraj";1;0;0;0;NA;76829;1;2020-07-18;304
2020-07-17;"Košický kraj";1;0;0;0;NA;76829;1;2020-07-17;303
2020-07-15;"Košický kraj";2;0;0;0;NA;76829;2;2020-07-15;302
2020-07-14;"Košický kraj";1;0;0;0;NA;76829;1;2020-07-14;300
2020-07-13;"Košický kraj";1;0;0;0;NA;76829;1;2020-07-13;299
2020-07-10;"Košický kraj";1;0;0;0;NA;76829;1;2020-07-10;298
2020-07-09;"Košický kraj";1;0;0;0;NA;76829;1;2020-07-09;297
2020-07-08;"Košický kraj";12;0;0;0;NA;76829;12;2020-07-08;296
2020-07-03;"Košický kraj";1;0;0;0;NA;76829;1;2020-07-03;284
2020-07-01;"Košický kraj";1;0;0;0;NA;76829;1;2020-07-01;283
2020-06-25;"Košický kraj";3;0;0;0;NA;76829;3;2020-06-25;282
2020-06-24;"Košický kraj";3;0;0;0;NA;76829;3;2020-06-24;279
2020-06-23;"Košický kraj";3;0;0;0;NA;76829;3;2020-06-23;276
2020-06-18;"Košický kraj";1;0;0;0;NA;76829;1;2020-06-18;273
2020-06-16;"Košický kraj";2;0;0;0;NA;76829;2;2020-06-16;272
2020-06-10;"Košický kraj";6;0;0;0;NA;76829;6;2020-06-10;270
2020-06-07;"Košický kraj";2;0;0;0;NA;76829;2;2020-06-07;264
2020-06-02;"Košický kraj";1;0;0;0;NA;76829;1;2020-06-02;262
2020-05-29;"Košický kraj";1;0;0;0;NA;76829;1;2020-05-29;261
2020-05-26;"Košický kraj";1;0;0;0;NA;76829;1;2020-05-26;260
2020-05-25;"Košický kraj";1;0;0;0;NA;76829;1;2020-05-25;259
2020-05-20;"Košický kraj";3;0;0;0;NA;76829;3;2020-05-20;258
2020-05-17;"Košický kraj";1;0;0;0;NA;76829;1;2020-05-17;255
2020-05-16;"Košický kraj";1;0;0;0;NA;76829;1;2020-05-16;254
2020-05-15;"Košický kraj";10;0;0;0;NA;76829;10;2020-05-15;253
2020-05-14;"Košický kraj";1;0;0;0;NA;76829;1;2020-05-14;243
2020-05-13;"Košický kraj";6;0;0;0;NA;76829;6;2020-05-13;242
2020-05-06;"Košický kraj";1;0;0;0;NA;76829;1;2020-05-06;236
2020-05-02;"Košický kraj";1;0;0;0;NA;76829;1;2020-05-02;235
2020-04-30;"Košický kraj";1;0;0;0;NA;76829;1;2020-04-30;234
2020-04-29;"Košický kraj";1;0;0;0;NA;76829;1;2020-04-29;233
2020-04-28;"Košický kraj";1;0;0;0;NA;76829;1;2020-04-28;232
2020-04-27;"Košický kraj";1;0;0;0;NA;76829;1;2020-04-27;231
2020-04-24;"Košický kraj";3;0;0;0;NA;76829;3;2020-04-24;230
2020-04-23;"Košický kraj";4;0;0;0;NA;76829;4;2020-04-23;227
2020-04-22;"Košický kraj";21;0;0;0;NA;76829;21;2020-04-22;223
2020-04-21;"Košický kraj";4;0;0;0;NA;76829;4;2020-04-21;202
2020-04-19;"Košický kraj";1;0;0;0;NA;76829;1;2020-04-19;198
2020-04-18;"Košický kraj";2;0;0;0;NA;76829;2;2020-04-18;197
2020-04-17;"Košický kraj";7;0;0;0;NA;76829;7;2020-04-17;195
2020-04-16;"Košický kraj";29;0;0;0;NA;76829;29;2020-04-16;188
2020-04-15;"Košický kraj";50;0;0;0;NA;76829;50;2020-04-15;159
2020-04-14;"Košický kraj";4;0;0;0;NA;76829;4;2020-04-14;109
2020-04-13;"Košický kraj";5;0;0;0;NA;76829;5;2020-04-13;105
2020-04-12;"Košický kraj";4;0;0;0;NA;76829;4;2020-04-12;100
2020-04-11;"Košický kraj";2;0;0;0;NA;76829;2;2020-04-11;96
2020-04-10;"Košický kraj";1;0;0;0;NA;76829;1;2020-04-10;94
2020-04-09;"Košický kraj";4;0;0;0;NA;76829;4;2020-04-09;93
2020-04-08;"Košický kraj";5;0;0;0;NA;76829;5;2020-04-08;89
2020-04-07;"Košický kraj";34;0;0;0;NA;76829;34;2020-04-07;84
2020-04-06;"Košický kraj";6;0;0;0;NA;76829;6;2020-04-06;50
2020-04-05;"Košický kraj";4;0;0;0;NA;76829;4;2020-04-05;44
2020-04-04;"Košický kraj";5;0;0;0;NA;76829;5;2020-04-04;40
2020-04-03;"Košický kraj";4;0;0;0;NA;76829;4;2020-04-03;35
2020-04-02;"Košický kraj";3;0;0;0;NA;76829;3;2020-04-02;31
2020-04-01;"Košický kraj";3;0;0;0;NA;76829;3;2020-04-01;28
2020-03-31;"Košický kraj";1;0;0;0;NA;76829;1;2020-03-31;25
2020-03-30;"Košický kraj";5;0;0;0;NA;76829;5;2020-03-30;24
2020-03-28;"Košický kraj";1;0;0;0;NA;76829;1;2020-03-28;19
2020-03-27;"Košický kraj";1;0;0;0;NA;76829;1;2020-03-27;18
2020-03-26;"Košický kraj";3;0;0;0;NA;76829;3;2020-03-26;17
2020-03-25;"Košický kraj";2;0;0;0;NA;76829;2;2020-03-25;14
2020-03-23;"Košický kraj";2;0;0;0;NA;76829;2;2020-03-23;12
2020-03-21;"Košický kraj";3;0;0;0;NA;76829;3;2020-03-21;10
2020-03-20;"Košický kraj";1;0;0;0;NA;76829;1;2020-03-20;7
2020-03-16;"Košický kraj";3;0;0;0;NA;76829;3;2020-03-16;6
2020-03-15;"Košický kraj";1;0;0;0;NA;76829;1;2020-03-15;3
2020-03-13;"Košický kraj";2;0;0;0;NA;76829;2;2020-03-13;2
2020-03-09;"Košický kraj";1;0;0;0;NA;76829;1;2020-03-09;0
2021-03-06;"Nitriansky kraj";86;87271;245;87516;35075;81933;331;2021-03-06;81933
2021-03-05;"Nitriansky kraj";133;37232;191;37423;NA;81933;324;2021-03-05;81602
2021-03-04;"Nitriansky kraj";176;17681;172;17853;NA;81933;348;2021-03-04;81278
2021-03-03;"Nitriansky kraj";172;16726;173;16899;NA;81933;345;2021-03-03;80930
2021-03-02;"Nitriansky kraj";274;21315;365;21680;NA;81933;639;2021-03-02;80585
2021-03-01;"Nitriansky kraj";133;27554;272;27826;NA;81933;405;2021-03-01;79946
2021-02-28;"Nitriansky kraj";80;41232;218;41450;NA;81933;298;2021-02-28;79541
2021-02-27;"Nitriansky kraj";101;97392;481;97873;NA;81933;582;2021-02-27;79243
2021-02-26;"Nitriansky kraj";109;36676;310;36986;NA;81933;419;2021-02-26;78661
2021-02-25;"Nitriansky kraj";188;15500;209;15709;NA;81933;397;2021-02-25;78242
2021-02-24;"Nitriansky kraj";125;13844;260;14104;NA;81933;385;2021-02-24;77845
2021-02-23;"Nitriansky kraj";273;15163;271;15434;NA;81933;544;2021-02-23;77460
2021-02-22;"Nitriansky kraj";154;24639;319;24958;NA;81933;473;2021-02-22;76916
2021-02-21;"Nitriansky kraj";22;37995;279;38274;NA;81933;301;2021-02-21;76443
2021-02-20;"Nitriansky kraj";128;107972;585;108557;NA;81933;713;2021-02-20;76142
2021-02-19;"Nitriansky kraj";173;36784;326;37110;NA;81933;499;2021-02-19;75429
2021-02-18;"Nitriansky kraj";202;16898;282;17180;NA;81933;484;2021-02-18;74930
2021-02-17;"Nitriansky kraj";198;11548;290;11838;NA;81933;488;2021-02-17;74446
2021-02-16;"Nitriansky kraj";284;14511;281;14792;NA;81933;565;2021-02-16;73958
2021-02-15;"Nitriansky kraj";122;26177;460;26637;NA;81933;582;2021-02-15;73393
2021-02-14;"Nitriansky kraj";8;34294;194;34488;NA;81933;202;2021-02-14;72811
2021-02-13;"Nitriansky kraj";127;109626;687;110313;NA;81933;814;2021-02-13;72609
2021-02-12;"Nitriansky kraj";162;33232;405;33637;NA;81933;567;2021-02-12;71795
2021-02-11;"Nitriansky kraj";195;12410;270;12680;NA;81933;465;2021-02-11;71228
2021-02-10;"Nitriansky kraj";186;17627;644;18271;NA;81933;830;2021-02-10;70763
2021-02-09;"Nitriansky kraj";260;18472;380;18852;NA;81933;640;2021-02-09;69933
2021-02-08;"Nitriansky kraj";177;41184;602;41786;NA;81933;779;2021-02-08;69293
2021-02-07;"Nitriansky kraj";20;49720;503;50223;NA;81933;523;2021-02-07;68514
2021-02-06;"Nitriansky kraj";129;102229;915;103144;NA;81933;1044;2021-02-06;67991
2021-02-05;"Nitriansky kraj";244;31660;596;32256;NA;81933;840;2021-02-05;66947
2021-02-04;"Nitriansky kraj";308;15846;507;16353;NA;81933;815;2021-02-04;66107
2021-02-03;"Nitriansky kraj";191;10900;340;11240;NA;81933;531;2021-02-03;65292
2021-02-02;"Nitriansky kraj";327;17820;368;18188;NA;81933;695;2021-02-02;64761
2021-02-01;"Nitriansky kraj";221;23904;455;24359;NA;81933;676;2021-02-01;64066
2021-01-31;"Nitriansky kraj";9;22581;240;22821;NA;81933;249;2021-01-31;63390
2021-01-30;"Nitriansky kraj";152;85731;889;86620;NA;81933;1041;2021-01-30;63141
2021-01-29;"Nitriansky kraj";302;23699;486;24185;NA;81933;788;2021-01-29;62100
2021-01-28;"Nitriansky kraj";269;11411;394;11805;NA;81933;663;2021-01-28;61312
2021-01-27;"Nitriansky kraj";235;6725;299;7024;NA;81933;534;2021-01-27;60649
2021-01-26;"Nitriansky kraj";345;16041;454;16495;NA;81933;799;2021-01-26;60115
2021-01-25;"Nitriansky kraj";201;21737;431;22168;NA;81933;632;2021-01-25;59316
2021-01-24;"Nitriansky kraj";12;64769;642;65411;NA;81933;654;2021-01-24;58684
2021-01-23;"Nitriansky kraj";277;96698;1433;98131;NA;81933;1710;2021-01-23;58030
2021-01-22;"Nitriansky kraj";139;35406;614;36020;NA;81933;753;2021-01-22;56320
2021-01-21;"Nitriansky kraj";305;14646;412;15058;NA;81933;717;2021-01-21;55567
2021-01-20;"Nitriansky kraj";326;12165;637;12802;NA;81933;963;2021-01-20;54850
2021-01-19;"Nitriansky kraj";344;11016;633;11649;NA;81933;977;2021-01-19;53887
2021-01-18;"Nitriansky kraj";367;8645;507;9152;NA;81933;874;2021-01-18;52910
2021-01-17;"Nitriansky kraj";97;15061;275;15336;NA;81933;372;2021-01-17;52036
2021-01-16;"Nitriansky kraj";64;36365;654;37019;NA;81933;718;2021-01-16;51664
2021-01-15;"Nitriansky kraj";373;15876;475;16351;NA;81933;848;2021-01-15;50946
2021-01-14;"Nitriansky kraj";627;10412;437;10849;NA;81933;1064;2021-01-14;50098
2021-01-13;"Nitriansky kraj";663;9387;497;9884;NA;81933;1160;2021-01-13;49034
2021-01-12;"Nitriansky kraj";642;9055;573;9628;NA;81933;1215;2021-01-12;47874
2021-01-11;"Nitriansky kraj";422;8354;525;8879;NA;81933;947;2021-01-11;46659
2021-01-10;"Nitriansky kraj";44;19841;730;20571;NA;81933;774;2021-01-10;45712
2021-01-09;"Nitriansky kraj";532;37075;1090;38165;NA;81933;1622;2021-01-09;44938
2021-01-08;"Nitriansky kraj";817;14243;731;14974;NA;81933;1548;2021-01-08;43316
2021-01-07;"Nitriansky kraj";438;10618;784;11402;NA;81933;1222;2021-01-07;41768
2021-01-06;"Nitriansky kraj";259;3347;239;3586;NA;81933;498;2021-01-06;40546
2021-01-05;"Nitriansky kraj";732;8897;1200;10097;NA;81933;1932;2021-01-05;40048
2021-01-04;"Nitriansky kraj";362;8376;1259;9635;NA;81933;1621;2021-01-04;38116
2021-01-03;"Nitriansky kraj";42;84;20;104;NA;81933;62;2021-01-03;36495
2021-01-02;"Nitriansky kraj";249;1090;26;1116;NA;81933;275;2021-01-02;36433
2021-01-01;"Nitriansky kraj";119;671;94;765;NA;81933;213;2021-01-01;36158
2020-12-31;"Nitriansky kraj";786;7646;962;8608;NA;81933;1748;2020-12-31;35945
2020-12-30;"Nitriansky kraj";1094;9620;1165;10785;NA;81933;2259;2020-12-30;34197
2020-12-29;"Nitriansky kraj";607;8277;1286;9563;NA;81933;1893;2020-12-29;31938
2020-12-28;"Nitriansky kraj";83;6981;1271;8252;NA;81933;1354;2020-12-28;30045
2020-12-27;"Nitriansky kraj";22;36;2;38;NA;81933;24;2020-12-27;28691
2020-12-26;"Nitriansky kraj";54;297;56;353;NA;81933;110;2020-12-26;28667
2020-12-25;"Nitriansky kraj";35;47;5;52;NA;81933;40;2020-12-25;28557
2020-12-24;"Nitriansky kraj";514;1861;176;2037;NA;81933;690;2020-12-24;28517
2020-12-23;"Nitriansky kraj";349;15293;843;16136;NA;81933;1192;2020-12-23;27827
2020-12-22;"Nitriansky kraj";673;10987;994;11981;NA;81933;1667;2020-12-22;26635
2020-12-21;"Nitriansky kraj";128;7953;976;8929;NA;81933;1104;2020-12-21;24968
2020-12-20;"Nitriansky kraj";77;50;10;60;NA;81933;87;2020-12-20;23864
2020-12-19;"Nitriansky kraj";262;2259;159;2418;NA;81933;421;2020-12-19;23777
2020-12-18;"Nitriansky kraj";512;8437;551;8988;NA;81933;1063;2020-12-18;23356
2020-12-17;"Nitriansky kraj";586;6894;514;7408;NA;81933;1100;2020-12-17;22293
2020-12-16;"Nitriansky kraj";357;8785;546;9331;NA;81933;903;2020-12-16;21193
2020-12-15;"Nitriansky kraj";461;9365;769;10134;NA;81933;1230;2020-12-15;20290
2020-12-14;"Nitriansky kraj";217;8089;827;8916;NA;81933;1044;2020-12-14;19060
2020-12-13;"Nitriansky kraj";12;9;1;10;NA;81933;13;2020-12-13;18016
2020-12-12;"Nitriansky kraj";341;1832;125;1957;NA;81933;466;2020-12-12;18003
2020-12-11;"Nitriansky kraj";409;6193;465;6658;NA;81933;874;2020-12-11;17537
2020-12-10;"Nitriansky kraj";360;5030;326;5356;NA;81933;686;2020-12-10;16663
2020-12-09;"Nitriansky kraj";362;5726;542;6268;NA;81933;904;2020-12-09;15977
2020-12-08;"Nitriansky kraj";340;8766;611;9377;NA;81933;951;2020-12-08;15073
2020-12-07;"Nitriansky kraj";139;6243;573;6816;NA;81933;712;2020-12-07;14122
2020-12-06;"Nitriansky kraj";15;89;4;93;NA;81933;19;2020-12-06;13410
2020-12-05;"Nitriansky kraj";136;618;14;632;NA;81933;150;2020-12-05;13391
2020-12-04;"Nitriansky kraj";232;3047;86;3133;NA;81933;318;2020-12-04;13241
2020-12-03;"Nitriansky kraj";248;2599;127;2726;NA;81933;375;2020-12-03;12923
2020-12-02;"Nitriansky kraj";252;3733;163;3896;NA;81933;415;2020-12-02;12548
2020-12-01;"Nitriansky kraj";331;2941;133;3074;NA;81933;464;2020-12-01;12133
2020-11-30;"Nitriansky kraj";91;4836;207;5043;NA;81933;298;2020-11-30;11669
2020-11-29;"Nitriansky kraj";3;620;42;662;NA;81933;45;2020-11-29;11371
2020-11-28;"Nitriansky kraj";135;892;31;923;NA;81933;166;2020-11-28;11326
2020-11-27;"Nitriansky kraj";177;1229;43;1272;NA;81933;220;2020-11-27;11160
2020-11-26;"Nitriansky kraj";191;2262;57;2319;NA;81933;248;2020-11-26;10940
2020-11-25;"Nitriansky kraj";325;1993;66;2059;NA;81933;391;2020-11-25;10692
2020-11-24;"Nitriansky kraj";147;1141;50;1191;NA;81933;197;2020-11-24;10301
2020-11-23;"Nitriansky kraj";102;9562;206;9768;NA;81933;308;2020-11-23;10104
2020-11-22;"Nitriansky kraj";7;0;0;0;NA;81933;7;2020-11-22;9796
2020-11-21;"Nitriansky kraj";86;1083;38;1121;NA;81933;124;2020-11-21;9789
2020-11-20;"Nitriansky kraj";264;4020;101;4121;NA;81933;365;2020-11-20;9665
2020-11-19;"Nitriansky kraj";185;2953;133;3086;NA;81933;318;2020-11-19;9300
2020-11-18;"Nitriansky kraj";188;2109;77;2186;NA;81933;265;2020-11-18;8982
2020-11-17;"Nitriansky kraj";178;596;29;625;NA;81933;207;2020-11-17;8717
2020-11-16;"Nitriansky kraj";139;1836;75;1911;NA;81933;214;2020-11-16;8510
2020-11-15;"Nitriansky kraj";14;10;1;11;NA;81933;15;2020-11-15;8296
2020-11-14;"Nitriansky kraj";114;1131;32;1163;NA;81933;146;2020-11-14;8281
2020-11-13;"Nitriansky kraj";210;936;46;982;NA;81933;256;2020-11-13;8135
2020-11-12;"Nitriansky kraj";256;1195;35;1230;NA;81933;291;2020-11-12;7879
2020-11-11;"Nitriansky kraj";279;1247;22;1269;NA;81933;301;2020-11-11;7588
2020-11-10;"Nitriansky kraj";192;2623;39;2662;NA;81933;231;2020-11-10;7287
2020-11-09;"Nitriansky kraj";128;3136;43;3179;NA;81933;171;2020-11-09;7056
2020-11-08;"Nitriansky kraj";43;1462;32;1494;NA;81933;75;2020-11-08;6885
2020-11-07;"Nitriansky kraj";130;1046;4;1050;NA;81933;134;2020-11-07;6810
2020-11-06;"Nitriansky kraj";210;2264;32;2296;NA;81933;242;2020-11-06;6676
2020-11-05;"Nitriansky kraj";178;295;12;307;NA;81933;190;2020-11-05;6434
2020-11-04;"Nitriansky kraj";211;297;16;313;NA;81933;227;2020-11-04;6244
2020-11-03;"Nitriansky kraj";216;435;25;460;NA;81933;241;2020-11-03;6017
2020-11-02;"Nitriansky kraj";171;4208;46;4254;NA;81933;217;2020-11-02;5776
2020-11-01;"Nitriansky kraj";130;2546;27;2573;NA;81933;157;2020-11-01;5559
2020-10-31;"Nitriansky kraj";261;10402;134;10536;NA;81933;395;2020-10-31;5402
2020-10-30;"Nitriansky kraj";204;2380;21;2401;NA;81933;225;2020-10-30;5007
2020-10-29;"Nitriansky kraj";293;841;39;880;NA;81933;332;2020-10-29;4782
2020-10-28;"Nitriansky kraj";216;608;59;667;NA;81933;275;2020-10-28;4450
2020-10-27;"Nitriansky kraj";296;550;47;597;NA;81933;343;2020-10-27;4175
2020-10-26;"Nitriansky kraj";69;633;56;689;NA;81933;125;2020-10-26;3832
2020-10-25;"Nitriansky kraj";50;40;6;46;NA;81933;56;2020-10-25;3707
2020-10-24;"Nitriansky kraj";169;237;11;248;NA;81933;180;2020-10-24;3651
2020-10-23;"Nitriansky kraj";282;762;41;803;NA;81933;323;2020-10-23;3471
2020-10-22;"Nitriansky kraj";137;444;39;483;NA;81933;176;2020-10-22;3148
2020-10-21;"Nitriansky kraj";146;208;3;211;NA;81933;149;2020-10-21;2972
2020-10-20;"Nitriansky kraj";197;78;6;84;NA;81933;203;2020-10-20;2823
2020-10-19;"Nitriansky kraj";148;79;1;80;NA;81933;149;2020-10-19;2620
2020-10-18;"Nitriansky kraj";22;0;0;0;NA;81933;22;2020-10-18;2471
2020-10-17;"Nitriansky kraj";67;0;0;0;NA;81933;67;2020-10-17;2449
2020-10-16;"Nitriansky kraj";133;28;3;31;NA;81933;136;2020-10-16;2382
2020-10-15;"Nitriansky kraj";106;31;2;33;NA;81933;108;2020-10-15;2246
2020-10-14;"Nitriansky kraj";80;22;4;26;NA;81933;84;2020-10-14;2138
2020-10-13;"Nitriansky kraj";101;82;2;84;NA;81933;103;2020-10-13;2054
2020-10-12;"Nitriansky kraj";36;0;0;0;NA;81933;36;2020-10-12;1951
2020-10-11;"Nitriansky kraj";8;0;0;0;NA;81933;8;2020-10-11;1915
2020-10-10;"Nitriansky kraj";107;0;0;0;NA;81933;107;2020-10-10;1907
2020-10-09;"Nitriansky kraj";120;0;0;0;NA;81933;120;2020-10-09;1800
2020-10-08;"Nitriansky kraj";132;0;0;0;NA;81933;132;2020-10-08;1680
2020-10-07;"Nitriansky kraj";81;0;0;0;NA;81933;81;2020-10-07;1548
2020-10-06;"Nitriansky kraj";48;0;0;0;NA;81933;48;2020-10-06;1467
2020-10-05;"Nitriansky kraj";20;0;0;0;NA;81933;20;2020-10-05;1419
2020-10-04;"Nitriansky kraj";17;0;0;0;NA;81933;17;2020-10-04;1399
2020-10-03;"Nitriansky kraj";96;0;0;0;NA;81933;96;2020-10-03;1382
2020-10-02;"Nitriansky kraj";108;0;0;0;NA;81933;108;2020-10-02;1286
2020-10-01;"Nitriansky kraj";95;0;0;0;NA;81933;95;2020-10-01;1178
2020-09-30;"Nitriansky kraj";100;0;0;0;NA;81933;100;2020-09-30;1083
2020-09-29;"Nitriansky kraj";50;0;0;0;NA;81933;50;2020-09-29;983
2020-09-28;"Nitriansky kraj";22;0;0;0;NA;81933;22;2020-09-28;933
2020-09-27;"Nitriansky kraj";16;0;0;0;NA;81933;16;2020-09-27;911
2020-09-26;"Nitriansky kraj";64;0;0;0;NA;81933;64;2020-09-26;895
2020-09-25;"Nitriansky kraj";90;0;0;0;NA;81933;90;2020-09-25;831
2020-09-24;"Nitriansky kraj";51;0;0;0;NA;81933;51;2020-09-24;741
2020-09-23;"Nitriansky kraj";70;0;0;0;NA;81933;70;2020-09-23;690
2020-09-22;"Nitriansky kraj";18;0;0;0;NA;81933;18;2020-09-22;620
2020-09-21;"Nitriansky kraj";10;0;0;0;NA;81933;10;2020-09-21;602
2020-09-20;"Nitriansky kraj";4;0;0;0;NA;81933;4;2020-09-20;592
2020-09-19;"Nitriansky kraj";14;0;0;0;NA;81933;14;2020-09-19;588
2020-09-18;"Nitriansky kraj";19;0;0;0;NA;81933;19;2020-09-18;574
2020-09-17;"Nitriansky kraj";30;0;0;0;NA;81933;30;2020-09-17;555
2020-09-16;"Nitriansky kraj";6;0;0;0;NA;81933;6;2020-09-16;525
2020-09-15;"Nitriansky kraj";19;0;0;0;NA;81933;19;2020-09-15;519
2020-09-14;"Nitriansky kraj";28;0;0;0;NA;81933;28;2020-09-14;500
2020-09-13;"Nitriansky kraj";3;0;0;0;NA;81933;3;2020-09-13;472
2020-09-12;"Nitriansky kraj";12;0;0;0;NA;81933;12;2020-09-12;469
2020-09-11;"Nitriansky kraj";23;0;0;0;NA;81933;23;2020-09-11;457
2020-09-10;"Nitriansky kraj";29;0;0;0;NA;81933;29;2020-09-10;434
2020-09-09;"Nitriansky kraj";19;0;0;0;NA;81933;19;2020-09-09;405
2020-09-08;"Nitriansky kraj";17;0;0;0;NA;81933;17;2020-09-08;386
2020-09-07;"Nitriansky kraj";17;0;0;0;NA;81933;17;2020-09-07;369
2020-09-05;"Nitriansky kraj";22;0;0;0;NA;81933;22;2020-09-05;352
2020-09-04;"Nitriansky kraj";34;0;0;0;NA;81933;34;2020-09-04;330
2020-09-03;"Nitriansky kraj";15;0;0;0;NA;81933;15;2020-09-03;296
2020-09-02;"Nitriansky kraj";15;0;0;0;NA;81933;15;2020-09-02;281
2020-09-01;"Nitriansky kraj";2;0;0;0;NA;81933;2;2020-09-01;266
2020-08-31;"Nitriansky kraj";12;0;0;0;NA;81933;12;2020-08-31;264
2020-08-30;"Nitriansky kraj";1;0;0;0;NA;81933;1;2020-08-30;252
2020-08-29;"Nitriansky kraj";7;0;0;0;NA;81933;7;2020-08-29;251
2020-08-28;"Nitriansky kraj";12;0;0;0;NA;81933;12;2020-08-28;244
2020-08-27;"Nitriansky kraj";12;0;0;0;NA;81933;12;2020-08-27;232
2020-08-26;"Nitriansky kraj";4;0;0;0;NA;81933;4;2020-08-26;220
2020-08-25;"Nitriansky kraj";8;0;0;0;NA;81933;8;2020-08-25;216
2020-08-24;"Nitriansky kraj";1;0;0;0;NA;81933;1;2020-08-24;208
2020-08-23;"Nitriansky kraj";1;0;0;0;NA;81933;1;2020-08-23;207
2020-08-22;"Nitriansky kraj";2;0;0;0;NA;81933;2;2020-08-22;206
2020-08-20;"Nitriansky kraj";7;0;0;0;NA;81933;7;2020-08-20;204
2020-08-19;"Nitriansky kraj";1;0;0;0;NA;81933;1;2020-08-19;197
2020-08-18;"Nitriansky kraj";2;0;0;0;NA;81933;2;2020-08-18;196
2020-08-17;"Nitriansky kraj";1;0;0;0;NA;81933;1;2020-08-17;194
2020-08-15;"Nitriansky kraj";2;0;0;0;NA;81933;2;2020-08-15;193
2020-08-14;"Nitriansky kraj";1;0;0;0;NA;81933;1;2020-08-14;191
2020-08-13;"Nitriansky kraj";4;0;0;0;NA;81933;4;2020-08-13;190
2020-08-11;"Nitriansky kraj";1;0;0;0;NA;81933;1;2020-08-11;186
2020-08-07;"Nitriansky kraj";4;0;0;0;NA;81933;4;2020-08-07;185
2020-08-06;"Nitriansky kraj";4;0;0;0;NA;81933;4;2020-08-06;181
2020-08-04;"Nitriansky kraj";7;0;0;0;NA;81933;7;2020-08-04;177
2020-07-24;"Nitriansky kraj";1;0;0;0;NA;81933;1;2020-07-24;170
2020-07-23;"Nitriansky kraj";3;0;0;0;NA;81933;3;2020-07-23;169
2020-07-22;"Nitriansky kraj";2;0;0;0;NA;81933;2;2020-07-22;166
2020-07-21;"Nitriansky kraj";14;0;0;0;NA;81933;14;2020-07-21;164
2020-07-20;"Nitriansky kraj";11;0;0;0;NA;81933;11;2020-07-20;150
2020-07-16;"Nitriansky kraj";4;0;0;0;NA;81933;4;2020-07-16;139
2020-07-15;"Nitriansky kraj";5;0;0;0;NA;81933;5;2020-07-15;135
2020-07-09;"Nitriansky kraj";1;0;0;0;NA;81933;1;2020-07-09;130
2020-07-08;"Nitriansky kraj";2;0;0;0;NA;81933;2;2020-07-08;129
2020-07-01;"Nitriansky kraj";3;0;0;0;NA;81933;3;2020-07-01;127
2020-06-24;"Nitriansky kraj";1;0;0;0;NA;81933;1;2020-06-24;124
2020-06-10;"Nitriansky kraj";1;0;0;0;NA;81933;1;2020-06-10;123
2020-06-09;"Nitriansky kraj";1;0;0;0;NA;81933;1;2020-06-09;122
2020-06-02;"Nitriansky kraj";1;0;0;0;NA;81933;1;2020-06-02;121
2020-05-24;"Nitriansky kraj";2;0;0;0;NA;81933;2;2020-05-24;120
2020-05-22;"Nitriansky kraj";1;0;0;0;NA;81933;1;2020-05-22;118
2020-05-15;"Nitriansky kraj";1;0;0;0;NA;81933;1;2020-05-15;117
2020-05-11;"Nitriansky kraj";2;0;0;0;NA;81933;2;2020-05-11;116
2020-05-07;"Nitriansky kraj";1;0;0;0;NA;81933;1;2020-05-07;114
2020-05-06;"Nitriansky kraj";9;0;0;0;NA;81933;9;2020-05-06;113
2020-05-04;"Nitriansky kraj";5;0;0;0;NA;81933;5;2020-05-04;104
2020-05-03;"Nitriansky kraj";2;0;0;0;NA;81933;2;2020-05-03;99
2020-05-01;"Nitriansky kraj";1;0;0;0;NA;81933;1;2020-05-01;97
2020-04-28;"Nitriansky kraj";1;0;0;0;NA;81933;1;2020-04-28;96
2020-04-23;"Nitriansky kraj";3;0;0;0;NA;81933;3;2020-04-23;95
2020-04-22;"Nitriansky kraj";16;0;0;0;NA;81933;16;2020-04-22;92
2020-04-21;"Nitriansky kraj";6;0;0;0;NA;81933;6;2020-04-21;76
2020-04-20;"Nitriansky kraj";5;0;0;0;NA;81933;5;2020-04-20;70
2020-04-17;"Nitriansky kraj";7;0;0;0;NA;81933;7;2020-04-17;65
2020-04-15;"Nitriansky kraj";6;0;0;0;NA;81933;6;2020-04-15;58
2020-04-14;"Nitriansky kraj";2;0;0;0;NA;81933;2;2020-04-14;52
2020-04-13;"Nitriansky kraj";1;0;0;0;NA;81933;1;2020-04-13;50
2020-04-12;"Nitriansky kraj";3;0;0;0;NA;81933;3;2020-04-12;49
2020-04-11;"Nitriansky kraj";1;0;0;0;NA;81933;1;2020-04-11;46
2020-04-10;"Nitriansky kraj";1;0;0;0;NA;81933;1;2020-04-10;45
2020-04-08;"Nitriansky kraj";2;0;0;0;NA;81933;2;2020-04-08;44
2020-04-07;"Nitriansky kraj";3;0;0;0;NA;81933;3;2020-04-07;42
2020-04-06;"Nitriansky kraj";4;0;0;0;NA;81933;4;2020-04-06;39
2020-04-05;"Nitriansky kraj";5;0;0;0;NA;81933;5;2020-04-05;35
2020-04-02;"Nitriansky kraj";1;0;0;0;NA;81933;1;2020-04-02;30
2020-03-31;"Nitriansky kraj";3;0;0;0;NA;81933;3;2020-03-31;29
2020-03-30;"Nitriansky kraj";3;0;0;0;NA;81933;3;2020-03-30;26
2020-03-29;"Nitriansky kraj";3;0;0;0;NA;81933;3;2020-03-29;23
2020-03-28;"Nitriansky kraj";1;0;0;0;NA;81933;1;2020-03-28;20
2020-03-27;"Nitriansky kraj";1;0;0;0;NA;81933;1;2020-03-27;19
2020-03-26;"Nitriansky kraj";1;0;0;0;NA;81933;1;2020-03-26;18
2020-03-25;"Nitriansky kraj";1;0;0;0;NA;81933;1;2020-03-25;17
2020-03-23;"Nitriansky kraj";2;0;0;0;NA;81933;2;2020-03-23;16
2020-03-22;"Nitriansky kraj";2;0;0;0;NA;81933;2;2020-03-22;14
2020-03-21;"Nitriansky kraj";2;0;0;0;NA;81933;2;2020-03-21;12
2020-03-20;"Nitriansky kraj";1;0;0;0;NA;81933;1;2020-03-20;10
2020-03-19;"Nitriansky kraj";1;0;0;0;NA;81933;1;2020-03-19;9
2020-03-18;"Nitriansky kraj";2;0;0;0;NA;81933;2;2020-03-18;8
2020-03-17;"Nitriansky kraj";1;0;0;0;NA;81933;1;2020-03-17;6
2020-03-15;"Nitriansky kraj";4;0;0;0;NA;81933;4;2020-03-15;5
2020-03-14;"Nitriansky kraj";1;0;0;0;NA;81933;1;2020-03-14;1
2021-03-06;"Prešovský kraj";193;85216;545;85761;47407;86151;738;2021-03-06;86151
2021-03-05;"Prešovský kraj";497;41580;358;41938;NA;86151;855;2021-03-05;85413
2021-03-04;"Prešovský kraj";372;27971;416;28387;NA;86151;788;2021-03-04;84558
2021-03-03;"Prešovský kraj";397;19398;307;19705;NA;86151;704;2021-03-03;83770
2021-03-02;"Prešovský kraj";421;20778;334;21112;NA;86151;755;2021-03-02;83066
2021-03-01;"Prešovský kraj";303;25585;372;25957;NA;86151;675;2021-03-01;82311
2021-02-28;"Prešovský kraj";75;35623;283;35906;NA;86151;358;2021-02-28;81636
2021-02-27;"Prešovský kraj";273;86346;708;87054;NA;86151;981;2021-02-27;81278
2021-02-26;"Prešovský kraj";455;41123;442;41565;NA;86151;897;2021-02-26;80297
2021-02-25;"Prešovský kraj";270;18972;331;19303;NA;86151;601;2021-02-25;79400
2021-02-24;"Prešovský kraj";328;18602;374;18976;NA;86151;702;2021-02-24;78799
2021-02-23;"Prešovský kraj";430;20845;335;21180;NA;86151;765;2021-02-23;78097
2021-02-22;"Prešovský kraj";351;26572;349;26921;NA;86151;700;2021-02-22;77332
2021-02-21;"Prešovský kraj";66;29260;273;29533;NA;86151;339;2021-02-21;76632
2021-02-20;"Prešovský kraj";129;58254;427;58681;NA;86151;556;2021-02-20;76293
2021-02-19;"Prešovský kraj";381;37789;419;38208;NA;86151;800;2021-02-19;75737
2021-02-18;"Prešovský kraj";268;16501;304;16805;NA;86151;572;2021-02-18;74937
2021-02-17;"Prešovský kraj";293;17504;251;17755;NA;86151;544;2021-02-17;74365
2021-02-16;"Prešovský kraj";422;18549;260;18809;NA;86151;682;2021-02-16;73821
2021-02-15;"Prešovský kraj";211;30371;297;30668;NA;86151;508;2021-02-15;73139
2021-02-14;"Prešovský kraj";27;32232;277;32509;NA;86151;304;2021-02-14;72631
2021-02-13;"Prešovský kraj";157;72897;383;73280;NA;86151;540;2021-02-13;72327
2021-02-12;"Prešovský kraj";308;38604;362;38966;NA;86151;670;2021-02-12;71787
2021-02-11;"Prešovský kraj";218;14898;224;15122;NA;86151;442;2021-02-11;71117
2021-02-10;"Prešovský kraj";220;18195;276;18471;NA;86151;496;2021-02-10;70675
2021-02-09;"Prešovský kraj";323;21025;370;21395;NA;86151;693;2021-02-09;70179
2021-02-08;"Prešovský kraj";161;37902;252;38154;NA;86151;413;2021-02-08;69486
2021-02-07;"Prešovský kraj";21;23785;153;23938;NA;86151;174;2021-02-07;69073
2021-02-06;"Prešovský kraj";176;66444;347;66791;NA;86151;523;2021-02-06;68899
2021-02-05;"Prešovský kraj";177;29828;256;30084;NA;86151;433;2021-02-05;68376
2021-02-04;"Prešovský kraj";176;12758;239;12997;NA;86151;415;2021-02-04;67943
2021-02-03;"Prešovský kraj";251;7986;225;8211;NA;86151;476;2021-02-03;67528
2021-02-02;"Prešovský kraj";249;11785;285;12070;NA;86151;534;2021-02-02;67052
2021-02-01;"Prešovský kraj";220;15488;292;15780;NA;86151;512;2021-02-01;66518
2021-01-31;"Prešovský kraj";42;1623;38;1661;NA;86151;80;2021-01-31;66006
2021-01-30;"Prešovský kraj";142;23939;215;24154;NA;86151;357;2021-01-30;65926
2021-01-29;"Prešovský kraj";185;17749;326;18075;NA;86151;511;2021-01-29;65569
2021-01-28;"Prešovský kraj";311;8441;150;8591;NA;86151;461;2021-01-28;65058
2021-01-27;"Prešovský kraj";153;9665;143;9808;NA;86151;296;2021-01-27;64597
2021-01-26;"Prešovský kraj";252;16491;148;16639;NA;86151;400;2021-01-26;64301
2021-01-25;"Prešovský kraj";196;28240;246;28486;NA;86151;442;2021-01-25;63901
2021-01-24;"Prešovský kraj";12;52958;386;53344;NA;86151;398;2021-01-24;63459
2021-01-23;"Prešovský kraj";189;90137;436;90573;NA;86151;625;2021-01-23;63061
2021-01-22;"Prešovský kraj";187;34597;258;34855;NA;86151;445;2021-01-22;62436
2021-01-21;"Prešovský kraj";187;20017;209;20226;NA;86151;396;2021-01-21;61991
2021-01-20;"Prešovský kraj";253;14479;195;14674;NA;86151;448;2021-01-20;61595
2021-01-19;"Prešovský kraj";281;12347;305;12652;NA;86151;586;2021-01-19;61147
2021-01-18;"Prešovský kraj";203;10434;336;10770;NA;86151;539;2021-01-18;60561
2021-01-17;"Prešovský kraj";107;14393;1008;15401;NA;86151;1115;2021-01-17;60022
2021-01-16;"Prešovský kraj";72;1583;76;1659;NA;86151;148;2021-01-16;58907
2021-01-15;"Prešovský kraj";159;6661;231;6892;NA;86151;390;2021-01-15;58759
2021-01-14;"Prešovský kraj";268;5530;252;5782;NA;86151;520;2021-01-14;58369
2021-01-13;"Prešovský kraj";342;5547;218;5765;NA;86151;560;2021-01-13;57849
2021-01-12;"Prešovský kraj";455;8489;409;8898;NA;86151;864;2021-01-12;57289
2021-01-11;"Prešovský kraj";343;7833;470;8303;NA;86151;813;2021-01-11;56425
2021-01-10;"Prešovský kraj";63;476;23;499;NA;86151;86;2021-01-10;55612
2021-01-09;"Prešovský kraj";439;2248;125;2373;NA;86151;564;2021-01-09;55526
2021-01-08;"Prešovský kraj";430;10867;572;11439;NA;86151;1002;2021-01-08;54962
2021-01-07;"Prešovský kraj";268;7688;639;8327;NA;86151;907;2021-01-07;53960
2021-01-06;"Prešovský kraj";315;1484;134;1618;NA;86151;449;2021-01-06;53053
2021-01-05;"Prešovský kraj";655;11591;1003;12594;NA;86151;1658;2021-01-05;52604
2021-01-04;"Prešovský kraj";371;17175;1810;18985;NA;86151;2181;2021-01-04;50946
2021-01-03;"Prešovský kraj";89;257;37;294;NA;86151;126;2021-01-03;48765
2021-01-02;"Prešovský kraj";65;1559;160;1719;NA;86151;225;2021-01-02;48639
2021-01-01;"Prešovský kraj";174;914;70;984;NA;86151;244;2021-01-01;48414
2020-12-31;"Prešovský kraj";640;11959;783;12742;NA;86151;1423;2020-12-31;48170
2020-12-30;"Prešovský kraj";729;9065;802;9867;NA;86151;1531;2020-12-30;46747
2020-12-29;"Prešovský kraj";435;8780;904;9684;NA;86151;1339;2020-12-29;45216
2020-12-28;"Prešovský kraj";393;9007;1119;10126;NA;86151;1512;2020-12-28;43877
2020-12-27;"Prešovský kraj";40;571;39;610;NA;86151;79;2020-12-27;42365
2020-12-26;"Prešovský kraj";64;176;12;188;NA;86151;76;2020-12-26;42286
2020-12-25;"Prešovský kraj";208;273;13;286;NA;86151;221;2020-12-25;42210
2020-12-24;"Prešovský kraj";452;1214;85;1299;NA;86151;537;2020-12-24;41989
2020-12-23;"Prešovský kraj";361;11370;635;12005;NA;86151;996;2020-12-23;41452
2020-12-22;"Prešovský kraj";439;9375;711;10086;NA;86151;1150;2020-12-22;40456
2020-12-21;"Prešovský kraj";432;9919;880;10799;NA;86151;1312;2020-12-21;39306
2020-12-20;"Prešovský kraj";184;396;20;416;NA;86151;204;2020-12-20;37994
2020-12-19;"Prešovský kraj";276;1658;151;1809;NA;86151;427;2020-12-19;37790
2020-12-18;"Prešovský kraj";396;8936;602;9538;NA;86151;998;2020-12-18;37363
2020-12-17;"Prešovský kraj";427;10826;891;11717;NA;86151;1318;2020-12-17;36365
2020-12-16;"Prešovský kraj";466;6017;508;6525;NA;86151;974;2020-12-16;35047
2020-12-15;"Prešovský kraj";411;5685;584;6269;NA;86151;995;2020-12-15;34073
2020-12-14;"Prešovský kraj";334;5767;508;6275;NA;86151;842;2020-12-14;33078
2020-12-13;"Prešovský kraj";89;29;8;37;NA;86151;97;2020-12-13;32236
2020-12-12;"Prešovský kraj";319;2474;166;2640;NA;86151;485;2020-12-12;32139
2020-12-11;"Prešovský kraj";560;6042;418;6460;NA;86151;978;2020-12-11;31654
2020-12-10;"Prešovský kraj";337;5180;440;5620;NA;86151;777;2020-12-10;30676
2020-12-09;"Prešovský kraj";358;3646;270;3916;NA;86151;628;2020-12-09;29899
2020-12-08;"Prešovský kraj";350;6436;647;7083;NA;86151;997;2020-12-08;29271
2020-12-07;"Prešovský kraj";309;3700;281;3981;NA;86151;590;2020-12-07;28274
2020-12-06;"Prešovský kraj";59;358;26;384;NA;86151;85;2020-12-06;27684
2020-12-05;"Prešovský kraj";218;984;87;1071;NA;86151;305;2020-12-05;27599
2020-12-04;"Prešovský kraj";352;4471;281;4752;NA;86151;633;2020-12-04;27294
2020-12-03;"Prešovský kraj";284;2900;202;3102;NA;86151;486;2020-12-03;26661
2020-12-02;"Prešovský kraj";232;3251;235;3486;NA;86151;467;2020-12-02;26175
2020-12-01;"Prešovský kraj";281;2341;213;2554;NA;86151;494;2020-12-01;25708
2020-11-30;"Prešovský kraj";196;5821;110;5931;NA;86151;306;2020-11-30;25214
2020-11-29;"Prešovský kraj";27;379;42;421;NA;86151;69;2020-11-29;24908
2020-11-28;"Prešovský kraj";199;682;62;744;NA;86151;261;2020-11-28;24839
2020-11-27;"Prešovský kraj";232;2135;119;2254;NA;86151;351;2020-11-27;24578
2020-11-26;"Prešovský kraj";263;2787;312;3099;NA;86151;575;2020-11-26;24227
2020-11-25;"Prešovský kraj";302;1642;78;1720;NA;86151;380;2020-11-25;23652
2020-11-24;"Prešovský kraj";365;1662;140;1802;NA;86151;505;2020-11-24;23272
2020-11-23;"Prešovský kraj";164;842;42;884;NA;86151;206;2020-11-23;22767
2020-11-22;"Prešovský kraj";46;30;1;31;NA;86151;47;2020-11-22;22561
2020-11-21;"Prešovský kraj";205;689;57;746;NA;86151;262;2020-11-21;22514
2020-11-20;"Prešovský kraj";363;2063;98;2161;NA;86151;461;2020-11-20;22252
2020-11-19;"Prešovský kraj";359;1973;229;2202;NA;86151;588;2020-11-19;21791
2020-11-18;"Prešovský kraj";270;373;32;405;NA;86151;302;2020-11-18;21203
2020-11-17;"Prešovský kraj";347;151;17;168;NA;86151;364;2020-11-17;20901
2020-11-16;"Prešovský kraj";226;382;51;433;NA;86151;277;2020-11-16;20537
2020-11-15;"Prešovský kraj";186;39;4;43;NA;86151;190;2020-11-15;20260
2020-11-14;"Prešovský kraj";261;54;4;58;NA;86151;265;2020-11-14;20070
2020-11-13;"Prešovský kraj";395;166;8;174;NA;86151;403;2020-11-13;19805
2020-11-12;"Prešovský kraj";397;229;50;279;NA;86151;447;2020-11-12;19402
2020-11-11;"Prešovský kraj";516;161;15;176;NA;86151;531;2020-11-11;18955
2020-11-10;"Prešovský kraj";437;197;9;206;NA;86151;446;2020-11-10;18424
2020-11-09;"Prešovský kraj";190;4106;945;5051;NA;86151;1135;2020-11-09;17978
2020-11-08;"Prešovský kraj";97;2817;32;2849;NA;86151;129;2020-11-08;16843
2020-11-07;"Prešovský kraj";416;8578;81;8659;NA;86151;497;2020-11-07;16714
2020-11-06;"Prešovský kraj";520;4791;76;4867;NA;86151;596;2020-11-06;16217
2020-11-05;"Prešovský kraj";397;180;5;185;NA;86151;402;2020-11-05;15621
2020-11-04;"Prešovský kraj";350;807;8;815;NA;86151;358;2020-11-04;15219
2020-11-03;"Prešovský kraj";565;98;12;110;NA;86151;577;2020-11-03;14861
2020-11-02;"Prešovský kraj";203;4158;1004;5162;NA;86151;1207;2020-11-02;14284
2020-11-01;"Prešovský kraj";386;2906;53;2959;NA;86151;439;2020-11-01;13077
2020-10-31;"Prešovský kraj";315;10497;170;10667;NA;86151;485;2020-10-31;12638
2020-10-30;"Prešovský kraj";552;2949;65;3014;NA;86151;617;2020-10-30;12153
2020-10-29;"Prešovský kraj";594;301;38;339;NA;86151;632;2020-10-29;11536
2020-10-28;"Prešovský kraj";617;291;46;337;NA;86151;663;2020-10-28;10904
2020-10-27;"Prešovský kraj";656;268;34;302;NA;86151;690;2020-10-27;10241
2020-10-26;"Prešovský kraj";137;363;57;420;NA;86151;194;2020-10-26;9551
2020-10-25;"Prešovský kraj";237;346;11;357;NA;86151;248;2020-10-25;9357
2020-10-24;"Prešovský kraj";719;200;12;212;NA;86151;731;2020-10-24;9109
2020-10-23;"Prešovský kraj";750;218;8;226;NA;86151;758;2020-10-23;8378
2020-10-22;"Prešovský kraj";646;396;30;426;NA;86151;676;2020-10-22;7620
2020-10-21;"Prešovský kraj";383;58;8;66;NA;86151;391;2020-10-21;6944
2020-10-20;"Prešovský kraj";493;65;7;72;NA;86151;500;2020-10-20;6553
2020-10-19;"Prešovský kraj";140;235;15;250;NA;86151;155;2020-10-19;6053
2020-10-18;"Prešovský kraj";209;0;0;0;NA;86151;209;2020-10-18;5898
2020-10-17;"Prešovský kraj";342;0;0;0;NA;86151;342;2020-10-17;5689
2020-10-16;"Prešovský kraj";388;57;3;60;NA;86151;391;2020-10-16;5347
2020-10-15;"Prešovský kraj";435;85;18;103;NA;86151;453;2020-10-15;4956
2020-10-14;"Prešovský kraj";451;54;10;64;NA;86151;461;2020-10-14;4503
2020-10-13;"Prešovský kraj";264;50;6;56;NA;86151;270;2020-10-13;4042
2020-10-12;"Prešovský kraj";214;334;35;369;NA;86151;249;2020-10-12;3772
2020-10-11;"Prešovský kraj";127;0;0;0;NA;86151;127;2020-10-11;3523
2020-10-10;"Prešovský kraj";248;0;0;0;NA;86151;248;2020-10-10;3396
2020-10-09;"Prešovský kraj";406;0;0;0;NA;86151;406;2020-10-09;3148
2020-10-08;"Prešovský kraj";245;0;0;0;NA;86151;245;2020-10-08;2742
2020-10-07;"Prešovský kraj";244;0;0;0;NA;86151;244;2020-10-07;2497
2020-10-06;"Prešovský kraj";166;0;0;0;NA;86151;166;2020-10-06;2253
2020-10-05;"Prešovský kraj";84;0;0;0;NA;86151;84;2020-10-05;2087
2020-10-04;"Prešovský kraj";118;0;0;0;NA;86151;118;2020-10-04;2003
2020-10-03;"Prešovský kraj";204;0;0;0;NA;86151;204;2020-10-03;1885
2020-10-02;"Prešovský kraj";149;0;0;0;NA;86151;149;2020-10-02;1681
2020-10-01;"Prešovský kraj";136;0;0;0;NA;86151;136;2020-10-01;1532
2020-09-30;"Prešovský kraj";121;0;0;0;NA;86151;121;2020-09-30;1396
2020-09-29;"Prešovský kraj";156;0;0;0;NA;86151;156;2020-09-29;1275
2020-09-28;"Prešovský kraj";51;0;0;0;NA;86151;51;2020-09-28;1119
2020-09-27;"Prešovský kraj";10;0;0;0;NA;86151;10;2020-09-27;1068
2020-09-26;"Prešovský kraj";72;0;0;0;NA;86151;72;2020-09-26;1058
2020-09-25;"Prešovský kraj";91;0;0;0;NA;86151;91;2020-09-25;986
2020-09-24;"Prešovský kraj";52;0;0;0;NA;86151;52;2020-09-24;895
2020-09-23;"Prešovský kraj";55;0;0;0;NA;86151;55;2020-09-23;843
2020-09-22;"Prešovský kraj";29;0;0;0;NA;86151;29;2020-09-22;788
2020-09-21;"Prešovský kraj";14;0;0;0;NA;86151;14;2020-09-21;759
2020-09-20;"Prešovský kraj";5;0;0;0;NA;86151;5;2020-09-20;745
2020-09-19;"Prešovský kraj";12;0;0;0;NA;86151;12;2020-09-19;740
2020-09-18;"Prešovský kraj";29;0;0;0;NA;86151;29;2020-09-18;728
2020-09-17;"Prešovský kraj";25;0;0;0;NA;86151;25;2020-09-17;699
2020-09-16;"Prešovský kraj";8;0;0;0;NA;86151;8;2020-09-16;674
2020-09-15;"Prešovský kraj";10;0;0;0;NA;86151;10;2020-09-15;666
2020-09-14;"Prešovský kraj";47;0;0;0;NA;86151;47;2020-09-14;656
2020-09-13;"Prešovský kraj";3;0;0;0;NA;86151;3;2020-09-13;609
2020-09-12;"Prešovský kraj";4;0;0;0;NA;86151;4;2020-09-12;606
2020-09-11;"Prešovský kraj";15;0;0;0;NA;86151;15;2020-09-11;602
2020-09-10;"Prešovský kraj";10;0;0;0;NA;86151;10;2020-09-10;587
2020-09-09;"Prešovský kraj";21;0;0;0;NA;86151;21;2020-09-09;577
2020-09-08;"Prešovský kraj";23;0;0;0;NA;86151;23;2020-09-08;556
2020-09-07;"Prešovský kraj";5;0;0;0;NA;86151;5;2020-09-07;533
2020-09-06;"Prešovský kraj";3;0;0;0;NA;86151;3;2020-09-06;528
2020-09-05;"Prešovský kraj";7;0;0;0;NA;86151;7;2020-09-05;525
2020-09-04;"Prešovský kraj";24;0;0;0;NA;86151;24;2020-09-04;518
2020-09-03;"Prešovský kraj";8;0;0;0;NA;86151;8;2020-09-03;494
2020-09-02;"Prešovský kraj";9;0;0;0;NA;86151;9;2020-09-02;486
2020-09-01;"Prešovský kraj";6;0;0;0;NA;86151;6;2020-09-01;477
2020-08-31;"Prešovský kraj";3;0;0;0;NA;86151;3;2020-08-31;471
2020-08-30;"Prešovský kraj";6;0;0;0;NA;86151;6;2020-08-30;468
2020-08-29;"Prešovský kraj";4;0;0;0;NA;86151;4;2020-08-29;462
2020-08-28;"Prešovský kraj";6;0;0;0;NA;86151;6;2020-08-28;458
2020-08-27;"Prešovský kraj";7;0;0;0;NA;86151;7;2020-08-27;452
2020-08-26;"Prešovský kraj";22;0;0;0;NA;86151;22;2020-08-26;445
2020-08-25;"Prešovský kraj";1;0;0;0;NA;86151;1;2020-08-25;423
2020-08-24;"Prešovský kraj";5;0;0;0;NA;86151;5;2020-08-24;422
2020-08-23;"Prešovský kraj";3;0;0;0;NA;86151;3;2020-08-23;417
2020-08-22;"Prešovský kraj";3;0;0;0;NA;86151;3;2020-08-22;414
2020-08-21;"Prešovský kraj";11;0;0;0;NA;86151;11;2020-08-21;411
2020-08-20;"Prešovský kraj";8;0;0;0;NA;86151;8;2020-08-20;400
2020-08-19;"Prešovský kraj";8;0;0;0;NA;86151;8;2020-08-19;392
2020-08-18;"Prešovský kraj";6;0;0;0;NA;86151;6;2020-08-18;384
2020-08-17;"Prešovský kraj";1;0;0;0;NA;86151;1;2020-08-17;378
2020-08-15;"Prešovský kraj";8;0;0;0;NA;86151;8;2020-08-15;377
2020-08-14;"Prešovský kraj";6;0;0;0;NA;86151;6;2020-08-14;369
2020-08-13;"Prešovský kraj";8;0;0;0;NA;86151;8;2020-08-13;363
2020-08-12;"Prešovský kraj";19;0;0;0;NA;86151;19;2020-08-12;355
2020-08-11;"Prešovský kraj";3;0;0;0;NA;86151;3;2020-08-11;336
2020-08-08;"Prešovský kraj";2;0;0;0;NA;86151;2;2020-08-08;333
2020-08-07;"Prešovský kraj";6;0;0;0;NA;86151;6;2020-08-07;331
2020-08-06;"Prešovský kraj";2;0;0;0;NA;86151;2;2020-08-06;325
2020-08-05;"Prešovský kraj";8;0;0;0;NA;86151;8;2020-08-05;323
2020-08-04;"Prešovský kraj";5;0;0;0;NA;86151;5;2020-08-04;315
2020-08-03;"Prešovský kraj";4;0;0;0;NA;86151;4;2020-08-03;310
2020-08-02;"Prešovský kraj";6;0;0;0;NA;86151;6;2020-08-02;306
2020-07-31;"Prešovský kraj";2;0;0;0;NA;86151;2;2020-07-31;300
2020-07-30;"Prešovský kraj";6;0;0;0;NA;86151;6;2020-07-30;298
2020-07-29;"Prešovský kraj";5;0;0;0;NA;86151;5;2020-07-29;292
2020-07-27;"Prešovský kraj";1;0;0;0;NA;86151;1;2020-07-27;287
2020-07-26;"Prešovský kraj";1;0;0;0;NA;86151;1;2020-07-26;286
2020-07-25;"Prešovský kraj";21;0;0;0;NA;86151;21;2020-07-25;285
2020-07-24;"Prešovský kraj";1;0;0;0;NA;86151;1;2020-07-24;264
2020-07-23;"Prešovský kraj";5;0;0;0;NA;86151;5;2020-07-23;263
2020-07-22;"Prešovský kraj";1;0;0;0;NA;86151;1;2020-07-22;258
2020-07-21;"Prešovský kraj";2;0;0;0;NA;86151;2;2020-07-21;257
2020-07-20;"Prešovský kraj";1;0;0;0;NA;86151;1;2020-07-20;255
2020-07-17;"Prešovský kraj";3;0;0;0;NA;86151;3;2020-07-17;254
2020-07-16;"Prešovský kraj";1;0;0;0;NA;86151;1;2020-07-16;251
2020-07-15;"Prešovský kraj";5;0;0;0;NA;86151;5;2020-07-15;250
2020-07-14;"Prešovský kraj";5;0;0;0;NA;86151;5;2020-07-14;245
2020-07-13;"Prešovský kraj";1;0;0;0;NA;86151;1;2020-07-13;240
2020-07-12;"Prešovský kraj";1;0;0;0;NA;86151;1;2020-07-12;239
2020-07-11;"Prešovský kraj";6;0;0;0;NA;86151;6;2020-07-11;238
2020-07-10;"Prešovský kraj";5;0;0;0;NA;86151;5;2020-07-10;232
2020-07-09;"Prešovský kraj";2;0;0;0;NA;86151;2;2020-07-09;227
2020-07-08;"Prešovský kraj";14;0;0;0;NA;86151;14;2020-07-08;225
2020-07-07;"Prešovský kraj";2;0;0;0;NA;86151;2;2020-07-07;211
2020-07-04;"Prešovský kraj";1;0;0;0;NA;86151;1;2020-07-04;209
2020-07-03;"Prešovský kraj";3;0;0;0;NA;86151;3;2020-07-03;208
2020-06-30;"Prešovský kraj";7;0;0;0;NA;86151;7;2020-06-30;205
2020-06-27;"Prešovský kraj";3;0;0;0;NA;86151;3;2020-06-27;198
2020-06-26;"Prešovský kraj";3;0;0;0;NA;86151;3;2020-06-26;195
2020-06-24;"Prešovský kraj";4;0;0;0;NA;86151;4;2020-06-24;192
2020-06-19;"Prešovský kraj";1;0;0;0;NA;86151;1;2020-06-19;188
2020-06-16;"Prešovský kraj";6;0;0;0;NA;86151;6;2020-06-16;187
2020-06-12;"Prešovský kraj";1;0;0;0;NA;86151;1;2020-06-12;181
2020-06-02;"Prešovský kraj";1;0;0;0;NA;86151;1;2020-06-02;180
2020-05-31;"Prešovský kraj";1;0;0;0;NA;86151;1;2020-05-31;179
2020-05-21;"Prešovský kraj";1;0;0;0;NA;86151;1;2020-05-21;178
2020-05-13;"Prešovský kraj";1;0;0;0;NA;86151;1;2020-05-13;177
2020-05-11;"Prešovský kraj";1;0;0;0;NA;86151;1;2020-05-11;176
2020-05-05;"Prešovský kraj";1;0;0;0;NA;86151;1;2020-05-05;175
2020-05-01;"Prešovský kraj";2;0;0;0;NA;86151;2;2020-05-01;174
2020-04-29;"Prešovský kraj";1;0;0;0;NA;86151;1;2020-04-29;172
2020-04-28;"Prešovský kraj";1;0;0;0;NA;86151;1;2020-04-28;171
2020-04-27;"Prešovský kraj";2;0;0;0;NA;86151;2;2020-04-27;170
2020-04-23;"Prešovský kraj";2;0;0;0;NA;86151;2;2020-04-23;168
2020-04-22;"Prešovský kraj";11;0;0;0;NA;86151;11;2020-04-22;166
2020-04-21;"Prešovský kraj";12;0;0;0;NA;86151;12;2020-04-21;155
2020-04-20;"Prešovský kraj";2;0;0;0;NA;86151;2;2020-04-20;143
2020-04-19;"Prešovský kraj";4;0;0;0;NA;86151;4;2020-04-19;141
2020-04-18;"Prešovský kraj";1;0;0;0;NA;86151;1;2020-04-18;137
2020-04-17;"Prešovský kraj";4;0;0;0;NA;86151;4;2020-04-17;136
2020-04-16;"Prešovský kraj";9;0;0;0;NA;86151;9;2020-04-16;132
2020-04-15;"Prešovský kraj";21;0;0;0;NA;86151;21;2020-04-15;123
2020-04-14;"Prešovský kraj";1;0;0;0;NA;86151;1;2020-04-14;102
2020-04-13;"Prešovský kraj";2;0;0;0;NA;86151;2;2020-04-13;101
2020-04-12;"Prešovský kraj";6;0;0;0;NA;86151;6;2020-04-12;99
2020-04-11;"Prešovský kraj";4;0;0;0;NA;86151;4;2020-04-11;93
2020-04-09;"Prešovský kraj";1;0;0;0;NA;86151;1;2020-04-09;89
2020-04-07;"Prešovský kraj";7;0;0;0;NA;86151;7;2020-04-07;88
2020-04-06;"Prešovský kraj";10;0;0;0;NA;86151;10;2020-04-06;81
2020-04-05;"Prešovský kraj";13;0;0;0;NA;86151;13;2020-04-05;71
2020-04-04;"Prešovský kraj";1;0;0;0;NA;86151;1;2020-04-04;58
2020-04-03;"Prešovský kraj";4;0;0;0;NA;86151;4;2020-04-03;57
2020-04-02;"Prešovský kraj";6;0;0;0;NA;86151;6;2020-04-02;53
2020-04-01;"Prešovský kraj";6;0;0;0;NA;86151;6;2020-04-01;47
2020-03-31;"Prešovský kraj";6;0;0;0;NA;86151;6;2020-03-31;41
2020-03-30;"Prešovský kraj";2;0;0;0;NA;86151;2;2020-03-30;35
2020-03-29;"Prešovský kraj";2;0;0;0;NA;86151;2;2020-03-29;33
2020-03-28;"Prešovský kraj";2;0;0;0;NA;86151;2;2020-03-28;31
2020-03-27;"Prešovský kraj";1;0;0;0;NA;86151;1;2020-03-27;29
2020-03-26;"Prešovský kraj";8;0;0;0;NA;86151;8;2020-03-26;28
2020-03-25;"Prešovský kraj";1;0;0;0;NA;86151;1;2020-03-25;20
2020-03-24;"Prešovský kraj";4;0;0;0;NA;86151;4;2020-03-24;19
2020-03-22;"Prešovský kraj";1;0;0;0;NA;86151;1;2020-03-22;15
2020-03-21;"Prešovský kraj";2;0;0;0;NA;86151;2;2020-03-21;14
2020-03-20;"Prešovský kraj";3;0;0;0;NA;86151;3;2020-03-20;12
2020-03-19;"Prešovský kraj";2;0;0;0;NA;86151;2;2020-03-19;9
2020-03-18;"Prešovský kraj";1;0;0;0;NA;86151;1;2020-03-18;7
2020-03-17;"Prešovský kraj";1;0;0;0;NA;86151;1;2020-03-17;6
2020-03-16;"Prešovský kraj";4;0;0;0;NA;86151;4;2020-03-16;5
2020-03-14;"Prešovský kraj";1;0;0;0;NA;86151;1;2020-03-14;1
2021-03-06;"Trenčiansky kraj";260;67659;466;68125;43686;80703;726;2021-03-06;80703
2021-03-05;"Trenčiansky kraj";326;31501;399;31900;NA;80703;725;2021-03-05;79977
2021-03-04;"Trenčiansky kraj";323;16394;312;16706;NA;80703;635;2021-03-04;79252
2021-03-03;"Trenčiansky kraj";413;14045;341;14386;NA;80703;754;2021-03-03;78617
2021-03-02;"Trenčiansky kraj";612;18028;359;18387;NA;80703;971;2021-03-02;77863
2021-03-01;"Trenčiansky kraj";217;20765;431;21196;NA;80703;648;2021-03-01;76892
2021-02-28;"Trenčiansky kraj";45;28066;331;28397;NA;80703;376;2021-02-28;76244
2021-02-27;"Trenčiansky kraj";277;78322;672;78994;NA;80703;949;2021-02-27;75868
2021-02-26;"Trenčiansky kraj";420;32986;431;33417;NA;80703;851;2021-02-26;74919
2021-02-25;"Trenčiansky kraj";424;14044;329;14373;NA;80703;753;2021-02-25;74068
2021-02-24;"Trenčiansky kraj";427;11923;397;12320;NA;80703;824;2021-02-24;73315
2021-02-23;"Trenčiansky kraj";577;14961;390;15351;NA;80703;967;2021-02-23;72491
2021-02-22;"Trenčiansky kraj";160;20193;475;20668;NA;80703;635;2021-02-22;71524
2021-02-21;"Trenčiansky kraj";64;27999;385;28384;NA;80703;449;2021-02-21;70889
2021-02-20;"Trenčiansky kraj";274;78004;748;78752;NA;80703;1022;2021-02-20;70440
2021-02-19;"Trenčiansky kraj";272;29888;520;30408;NA;80703;792;2021-02-19;69418
2021-02-18;"Trenčiansky kraj";355;14176;409;14585;NA;80703;764;2021-02-18;68626
2021-02-17;"Trenčiansky kraj";363;11927;384;12311;NA;80703;747;2021-02-17;67862
2021-02-16;"Trenčiansky kraj";488;17315;400;17715;NA;80703;888;2021-02-16;67115
2021-02-15;"Trenčiansky kraj";151;22284;470;22754;NA;80703;621;2021-02-15;66227
2021-02-14;"Trenčiansky kraj";2;5241;51;5292;NA;80703;53;2021-02-14;65606
2021-02-13;"Trenčiansky kraj";274;61093;526;61619;NA;80703;800;2021-02-13;65553
2021-02-12;"Trenčiansky kraj";276;27508;404;27912;NA;80703;680;2021-02-12;64753
2021-02-11;"Trenčiansky kraj";291;11204;317;11521;NA;80703;608;2021-02-11;64073
2021-02-10;"Trenčiansky kraj";304;11254;311;11565;NA;80703;615;2021-02-10;63465
2021-02-09;"Trenčiansky kraj";514;18399;360;18759;NA;80703;874;2021-02-09;62850
2021-02-08;"Trenčiansky kraj";182;27755;434;28189;NA;80703;616;2021-02-08;61976
2021-02-07;"Trenčiansky kraj";31;28269;277;28546;NA;80703;308;2021-02-07;61360
2021-02-06;"Trenčiansky kraj";216;63430;558;63988;NA;80703;774;2021-02-06;61052
2021-02-05;"Trenčiansky kraj";202;18176;368;18544;NA;80703;570;2021-02-05;60278
2021-02-04;"Trenčiansky kraj";266;7427;331;7758;NA;80703;597;2021-02-04;59708
2021-02-03;"Trenčiansky kraj";162;6275;338;6613;NA;80703;500;2021-02-03;59111
2021-02-02;"Trenčiansky kraj";347;8224;399;8623;NA;80703;746;2021-02-02;58611
2021-02-01;"Trenčiansky kraj";167;18325;348;18673;NA;80703;515;2021-02-01;57865
2021-01-31;"Trenčiansky kraj";7;15791;135;15926;NA;80703;142;2021-01-31;57350
2021-01-30;"Trenčiansky kraj";228;37334;355;37689;NA;80703;583;2021-01-30;57208
2021-01-29;"Trenčiansky kraj";214;7411;216;7627;NA;80703;430;2021-01-29;56625
2021-01-28;"Trenčiansky kraj";307;5469;167;5636;NA;80703;474;2021-01-28;56195
2021-01-27;"Trenčiansky kraj";166;11801;204;12005;NA;80703;370;2021-01-27;55721
2021-01-26;"Trenčiansky kraj";303;14426;240;14666;NA;80703;543;2021-01-26;55351
2021-01-25;"Trenčiansky kraj";160;34160;368;34528;NA;80703;528;2021-01-25;54808
2021-01-24;"Trenčiansky kraj";51;27365;181;27546;NA;80703;232;2021-01-24;54280
2021-01-23;"Trenčiansky kraj";206;110039;709;110748;NA;80703;915;2021-01-23;54048
2021-01-22;"Trenčiansky kraj";148;14229;176;14405;NA;80703;324;2021-01-22;53133
2021-01-21;"Trenčiansky kraj";143;9172;197;9369;NA;80703;340;2021-01-21;52809
2021-01-20;"Trenčiansky kraj";181;7915;240;8155;NA;80703;421;2021-01-20;52469
2021-01-19;"Trenčiansky kraj";363;6684;275;6959;NA;80703;638;2021-01-19;52048
2021-01-18;"Trenčiansky kraj";72;4690;265;4955;NA;80703;337;2021-01-18;51410
2021-01-17;"Trenčiansky kraj";124;93;11;104;NA;80703;135;2021-01-17;51073
2021-01-16;"Trenčiansky kraj";39;793;62;855;NA;80703;101;2021-01-16;50938
2021-01-15;"Trenčiansky kraj";264;3920;220;4140;NA;80703;484;2021-01-15;50837
2021-01-14;"Trenčiansky kraj";275;3036;163;3199;NA;80703;438;2021-01-14;50353
2021-01-13;"Trenčiansky kraj";222;4092;236;4328;NA;80703;458;2021-01-13;49915
2021-01-12;"Trenčiansky kraj";508;4833;297;5130;NA;80703;805;2021-01-12;49457
2021-01-11;"Trenčiansky kraj";142;3932;295;4227;NA;80703;437;2021-01-11;48652
2021-01-10;"Trenčiansky kraj";89;4939;76;5015;NA;80703;165;2021-01-10;48215
2021-01-09;"Trenčiansky kraj";276;7974;121;8095;NA;80703;397;2021-01-09;48050
2021-01-08;"Trenčiansky kraj";489;6594;478;7072;NA;80703;967;2021-01-08;47653
2021-01-07;"Trenčiansky kraj";420;5834;503;6337;NA;80703;923;2021-01-07;46686
2021-01-06;"Trenčiansky kraj";221;1021;64;1085;NA;80703;285;2021-01-06;45763
2021-01-05;"Trenčiansky kraj";669;6118;800;6918;NA;80703;1469;2021-01-05;45478
2021-01-04;"Trenčiansky kraj";337;4920;704;5624;NA;80703;1041;2021-01-04;44009
2021-01-03;"Trenčiansky kraj";38;60;13;73;NA;80703;51;2021-01-03;42968
2021-01-02;"Trenčiansky kraj";129;140;23;163;NA;80703;152;2021-01-02;42917
2021-01-01;"Trenčiansky kraj";329;347;23;370;NA;80703;352;2021-01-01;42765
2020-12-31;"Trenčiansky kraj";597;4943;557;5500;NA;80703;1154;2020-12-31;42413
2020-12-30;"Trenčiansky kraj";836;7006;762;7768;NA;80703;1598;2020-12-30;41259
2020-12-29;"Trenčiansky kraj";459;6191;1018;7209;NA;80703;1477;2020-12-29;39661
2020-12-28;"Trenčiansky kraj";258;4195;777;4972;NA;80703;1035;2020-12-28;38184
2020-12-27;"Trenčiansky kraj";5;202;36;238;NA;80703;41;2020-12-27;37149
2020-12-26;"Trenčiansky kraj";174;74;10;84;NA;80703;184;2020-12-26;37108
2020-12-25;"Trenčiansky kraj";251;325;47;372;NA;80703;298;2020-12-25;36924
2020-12-24;"Trenčiansky kraj";552;2194;256;2450;NA;80703;808;2020-12-24;36626
2020-12-23;"Trenčiansky kraj";421;6552;661;7213;NA;80703;1082;2020-12-23;35818
2020-12-22;"Trenčiansky kraj";673;5760;694;6454;NA;80703;1367;2020-12-22;34736
2020-12-21;"Trenčiansky kraj";248;13673;996;14669;NA;80703;1244;2020-12-21;33369
2020-12-20;"Trenčiansky kraj";238;12480;291;12771;NA;80703;529;2020-12-20;32125
2020-12-19;"Trenčiansky kraj";341;1611;150;1761;NA;80703;491;2020-12-19;31596
2020-12-18;"Trenčiansky kraj";521;4847;575;5422;NA;80703;1096;2020-12-18;31105
2020-12-17;"Trenčiansky kraj";670;3843;524;4367;NA;80703;1194;2020-12-17;30009
2020-12-16;"Trenčiansky kraj";461;4459;647;5106;NA;80703;1108;2020-12-16;28815
2020-12-15;"Trenčiansky kraj";595;3805;670;4475;NA;80703;1265;2020-12-15;27707
2020-12-14;"Trenčiansky kraj";318;3194;613;3807;NA;80703;931;2020-12-14;26442
2020-12-13;"Trenčiansky kraj";77;24;4;28;NA;80703;81;2020-12-13;25511
2020-12-12;"Trenčiansky kraj";314;1002;120;1122;NA;80703;434;2020-12-12;25430
2020-12-11;"Trenčiansky kraj";751;4066;479;4545;NA;80703;1230;2020-12-11;24996
2020-12-10;"Trenčiansky kraj";271;3371;477;3848;NA;80703;748;2020-12-10;23766
2020-12-09;"Trenčiansky kraj";508;3805;470;4275;NA;80703;978;2020-12-09;23018
2020-12-08;"Trenčiansky kraj";546;3440;522;3962;NA;80703;1068;2020-12-08;22040
2020-12-07;"Trenčiansky kraj";258;3826;466;4292;NA;80703;724;2020-12-07;20972
2020-12-06;"Trenčiansky kraj";114;179;10;189;NA;80703;124;2020-12-06;20248
2020-12-05;"Trenčiansky kraj";223;751;64;815;NA;80703;287;2020-12-05;20124
2020-12-04;"Trenčiansky kraj";253;2519;215;2734;NA;80703;468;2020-12-04;19837
2020-12-03;"Trenčiansky kraj";503;1714;178;1892;NA;80703;681;2020-12-03;19369
2020-12-02;"Trenčiansky kraj";418;1844;232;2076;NA;80703;650;2020-12-02;18688
2020-12-01;"Trenčiansky kraj";321;5642;351;5993;NA;80703;672;2020-12-01;18038
2020-11-30;"Trenčiansky kraj";167;8494;489;8983;NA;80703;656;2020-11-30;17366
2020-11-29;"Trenčiansky kraj";29;18;2;20;NA;80703;31;2020-11-29;16710
2020-11-28;"Trenčiansky kraj";202;1051;93;1144;NA;80703;295;2020-11-28;16679
2020-11-27;"Trenčiansky kraj";330;1398;150;1548;NA;80703;480;2020-11-27;16384
2020-11-26;"Trenčiansky kraj";395;1252;122;1374;NA;80703;517;2020-11-26;15904
2020-11-25;"Trenčiansky kraj";322;1444;160;1604;NA;80703;482;2020-11-25;15387
2020-11-24;"Trenčiansky kraj";348;2553;308;2861;NA;80703;656;2020-11-24;14905
2020-11-23;"Trenčiansky kraj";159;1186;122;1308;NA;80703;281;2020-11-23;14249
2020-11-22;"Trenčiansky kraj";26;11;1;12;NA;80703;27;2020-11-22;13968
2020-11-21;"Trenčiansky kraj";255;1323;62;1385;NA;80703;317;2020-11-21;13941
2020-11-20;"Trenčiansky kraj";316;861;93;954;NA;80703;409;2020-11-20;13624
2020-11-19;"Trenčiansky kraj";316;740;113;853;NA;80703;429;2020-11-19;13215
2020-11-18;"Trenčiansky kraj";233;379;66;445;NA;80703;299;2020-11-18;12786
2020-11-17;"Trenčiansky kraj";222;106;15;121;NA;80703;237;2020-11-17;12487
2020-11-16;"Trenčiansky kraj";245;236;45;281;NA;80703;290;2020-11-16;12250
2020-11-15;"Trenčiansky kraj";109;29;6;35;NA;80703;115;2020-11-15;11960
2020-11-14;"Trenčiansky kraj";190;74;11;85;NA;80703;201;2020-11-14;11845
2020-11-13;"Trenčiansky kraj";308;131;13;144;NA;80703;321;2020-11-13;11644
2020-11-12;"Trenčiansky kraj";324;124;5;129;NA;80703;329;2020-11-12;11323
2020-11-11;"Trenčiansky kraj";366;113;10;123;NA;80703;376;2020-11-11;10994
2020-11-10;"Trenčiansky kraj";277;106;6;112;NA;80703;283;2020-11-10;10618
2020-11-09;"Trenčiansky kraj";115;1407;48;1455;NA;80703;163;2020-11-09;10335
2020-11-08;"Trenčiansky kraj";81;1223;8;1231;NA;80703;89;2020-11-08;10172
2020-11-07;"Trenčiansky kraj";319;3662;59;3721;NA;80703;378;2020-11-07;10083
2020-11-06;"Trenčiansky kraj";383;6893;84;6977;NA;80703;467;2020-11-06;9705
2020-11-05;"Trenčiansky kraj";399;98;15;113;NA;80703;414;2020-11-05;9238
2020-11-04;"Trenčiansky kraj";370;91;9;100;NA;80703;379;2020-11-04;8824
2020-11-03;"Trenčiansky kraj";575;97;8;105;NA;80703;583;2020-11-03;8445
2020-11-02;"Trenčiansky kraj";197;1833;68;1901;NA;80703;265;2020-11-02;7862
2020-11-01;"Trenčiansky kraj";257;804;23;827;NA;80703;280;2020-11-01;7597
2020-10-31;"Trenčiansky kraj";332;4719;82;4801;NA;80703;414;2020-10-31;7317
2020-10-30;"Trenčiansky kraj";299;5283;102;5385;NA;80703;401;2020-10-30;6903
2020-10-29;"Trenčiansky kraj";496;764;68;832;NA;80703;564;2020-10-29;6502
2020-10-28;"Trenčiansky kraj";269;192;33;225;NA;80703;302;2020-10-28;5938
2020-10-27;"Trenčiansky kraj";473;127;27;154;NA;80703;500;2020-10-27;5636
2020-10-26;"Trenčiansky kraj";177;103;31;134;NA;80703;208;2020-10-26;5136
2020-10-25;"Trenčiansky kraj";138;9;5;14;NA;80703;143;2020-10-25;4928
2020-10-24;"Trenčiansky kraj";395;128;6;134;NA;80703;401;2020-10-24;4785
2020-10-23;"Trenčiansky kraj";301;154;8;162;NA;80703;309;2020-10-23;4384
2020-10-22;"Trenčiansky kraj";273;82;12;94;NA;80703;285;2020-10-22;4075
2020-10-21;"Trenčiansky kraj";183;53;9;62;NA;80703;192;2020-10-21;3790
2020-10-20;"Trenčiansky kraj";212;47;6;53;NA;80703;218;2020-10-20;3598
2020-10-19;"Trenčiansky kraj";41;83;25;108;NA;80703;66;2020-10-19;3380
2020-10-18;"Trenčiansky kraj";104;0;0;0;NA;80703;104;2020-10-18;3314
2020-10-17;"Trenčiansky kraj";157;0;0;0;NA;80703;157;2020-10-17;3210
2020-10-16;"Trenčiansky kraj";225;42;6;48;NA;80703;231;2020-10-16;3053
2020-10-15;"Trenčiansky kraj";255;39;4;43;NA;80703;259;2020-10-15;2822
2020-10-14;"Trenčiansky kraj";162;42;7;49;NA;80703;169;2020-10-14;2563
2020-10-13;"Trenčiansky kraj";124;105;12;117;NA;80703;136;2020-10-13;2394
2020-10-12;"Trenčiansky kraj";55;0;0;0;NA;80703;55;2020-10-12;2258
2020-10-11;"Trenčiansky kraj";73;0;0;0;NA;80703;73;2020-10-11;2203
2020-10-10;"Trenčiansky kraj";180;0;0;0;NA;80703;180;2020-10-10;2130
2020-10-09;"Trenčiansky kraj";198;0;0;0;NA;80703;198;2020-10-09;1950
2020-10-08;"Trenčiansky kraj";115;0;0;0;NA;80703;115;2020-10-08;1752
2020-10-07;"Trenčiansky kraj";75;0;0;0;NA;80703;75;2020-10-07;1637
2020-10-06;"Trenčiansky kraj";72;0;0;0;NA;80703;72;2020-10-06;1562
2020-10-05;"Trenčiansky kraj";32;0;0;0;NA;80703;32;2020-10-05;1490
2020-10-04;"Trenčiansky kraj";37;0;0;0;NA;80703;37;2020-10-04;1458
2020-10-03;"Trenčiansky kraj";79;0;0;0;NA;80703;79;2020-10-03;1421
2020-10-02;"Trenčiansky kraj";69;0;0;0;NA;80703;69;2020-10-02;1342
2020-10-01;"Trenčiansky kraj";58;0;0;0;NA;80703;58;2020-10-01;1273
2020-09-30;"Trenčiansky kraj";76;0;0;0;NA;80703;76;2020-09-30;1215
2020-09-29;"Trenčiansky kraj";43;0;0;0;NA;80703;43;2020-09-29;1139
2020-09-28;"Trenčiansky kraj";7;0;0;0;NA;80703;7;2020-09-28;1096
2020-09-27;"Trenčiansky kraj";12;0;0;0;NA;80703;12;2020-09-27;1089
2020-09-26;"Trenčiansky kraj";37;0;0;0;NA;80703;37;2020-09-26;1077
2020-09-25;"Trenčiansky kraj";72;0;0;0;NA;80703;72;2020-09-25;1040
2020-09-24;"Trenčiansky kraj";41;0;0;0;NA;80703;41;2020-09-24;968
2020-09-23;"Trenčiansky kraj";32;0;0;0;NA;80703;32;2020-09-23;927
2020-09-22;"Trenčiansky kraj";26;0;0;0;NA;80703;26;2020-09-22;895
2020-09-21;"Trenčiansky kraj";23;0;0;0;NA;80703;23;2020-09-21;869
2020-09-20;"Trenčiansky kraj";21;0;0;0;NA;80703;21;2020-09-20;846
2020-09-19;"Trenčiansky kraj";20;0;0;0;NA;80703;20;2020-09-19;825
2020-09-18;"Trenčiansky kraj";41;0;0;0;NA;80703;41;2020-09-18;805
2020-09-17;"Trenčiansky kraj";20;0;0;0;NA;80703;20;2020-09-17;764
2020-09-16;"Trenčiansky kraj";14;0;0;0;NA;80703;14;2020-09-16;744
2020-09-15;"Trenčiansky kraj";8;0;0;0;NA;80703;8;2020-09-15;730
2020-09-14;"Trenčiansky kraj";5;0;0;0;NA;80703;5;2020-09-14;722
2020-09-13;"Trenčiansky kraj";12;0;0;0;NA;80703;12;2020-09-13;717
2020-09-12;"Trenčiansky kraj";2;0;0;0;NA;80703;2;2020-09-12;705
2020-09-11;"Trenčiansky kraj";27;0;0;0;NA;80703;27;2020-09-11;703
2020-09-10;"Trenčiansky kraj";15;0;0;0;NA;80703;15;2020-09-10;676
2020-09-09;"Trenčiansky kraj";11;0;0;0;NA;80703;11;2020-09-09;661
2020-09-08;"Trenčiansky kraj";12;0;0;0;NA;80703;12;2020-09-08;650
2020-09-07;"Trenčiansky kraj";6;0;0;0;NA;80703;6;2020-09-07;638
2020-09-06;"Trenčiansky kraj";1;0;0;0;NA;80703;1;2020-09-06;632
2020-09-05;"Trenčiansky kraj";3;0;0;0;NA;80703;3;2020-09-05;631
2020-09-04;"Trenčiansky kraj";9;0;0;0;NA;80703;9;2020-09-04;628
2020-09-03;"Trenčiansky kraj";10;0;0;0;NA;80703;10;2020-09-03;619
2020-09-02;"Trenčiansky kraj";5;0;0;0;NA;80703;5;2020-09-02;609
2020-09-01;"Trenčiansky kraj";1;0;0;0;NA;80703;1;2020-09-01;604
2020-08-31;"Trenčiansky kraj";12;0;0;0;NA;80703;12;2020-08-31;603
2020-08-29;"Trenčiansky kraj";1;0;0;0;NA;80703;1;2020-08-29;591
2020-08-28;"Trenčiansky kraj";12;0;0;0;NA;80703;12;2020-08-28;590
2020-08-27;"Trenčiansky kraj";10;0;0;0;NA;80703;10;2020-08-27;578
2020-08-26;"Trenčiansky kraj";15;0;0;0;NA;80703;15;2020-08-26;568
2020-08-25;"Trenčiansky kraj";12;0;0;0;NA;80703;12;2020-08-25;553
2020-08-24;"Trenčiansky kraj";4;0;0;0;NA;80703;4;2020-08-24;541
2020-08-23;"Trenčiansky kraj";5;0;0;0;NA;80703;5;2020-08-23;537
2020-08-22;"Trenčiansky kraj";6;0;0;0;NA;80703;6;2020-08-22;532
2020-08-21;"Trenčiansky kraj";6;0;0;0;NA;80703;6;2020-08-21;526
2020-08-20;"Trenčiansky kraj";20;0;0;0;NA;80703;20;2020-08-20;520
2020-08-19;"Trenčiansky kraj";17;0;0;0;NA;80703;17;2020-08-19;500
2020-08-18;"Trenčiansky kraj";9;0;0;0;NA;80703;9;2020-08-18;483
2020-08-17;"Trenčiansky kraj";4;0;0;0;NA;80703;4;2020-08-17;474
2020-08-15;"Trenčiansky kraj";9;0;0;0;NA;80703;9;2020-08-15;470
2020-08-14;"Trenčiansky kraj";15;0;0;0;NA;80703;15;2020-08-14;461
2020-08-13;"Trenčiansky kraj";23;0;0;0;NA;80703;23;2020-08-13;446
2020-08-12;"Trenčiansky kraj";6;0;0;0;NA;80703;6;2020-08-12;423
2020-08-11;"Trenčiansky kraj";7;0;0;0;NA;80703;7;2020-08-11;417
2020-08-10;"Trenčiansky kraj";9;0;0;0;NA;80703;9;2020-08-10;410
2020-08-09;"Trenčiansky kraj";1;0;0;0;NA;80703;1;2020-08-09;401
2020-08-08;"Trenčiansky kraj";4;0;0;0;NA;80703;4;2020-08-08;400
2020-08-07;"Trenčiansky kraj";4;0;0;0;NA;80703;4;2020-08-07;396
2020-08-06;"Trenčiansky kraj";13;0;0;0;NA;80703;13;2020-08-06;392
2020-08-05;"Trenčiansky kraj";39;0;0;0;NA;80703;39;2020-08-05;379
2020-08-04;"Trenčiansky kraj";9;0;0;0;NA;80703;9;2020-08-04;340
2020-08-02;"Trenčiansky kraj";2;0;0;0;NA;80703;2;2020-08-02;331
2020-08-01;"Trenčiansky kraj";6;0;0;0;NA;80703;6;2020-08-01;329
2020-07-31;"Trenčiansky kraj";16;0;0;0;NA;80703;16;2020-07-31;323
2020-07-30;"Trenčiansky kraj";4;0;0;0;NA;80703;4;2020-07-30;307
2020-07-29;"Trenčiansky kraj";5;0;0;0;NA;80703;5;2020-07-29;303
2020-07-28;"Trenčiansky kraj";11;0;0;0;NA;80703;11;2020-07-28;298
2020-07-27;"Trenčiansky kraj";4;0;0;0;NA;80703;4;2020-07-27;287
2020-07-26;"Trenčiansky kraj";1;0;0;0;NA;80703;1;2020-07-26;283
2020-07-25;"Trenčiansky kraj";7;0;0;0;NA;80703;7;2020-07-25;282
2020-07-24;"Trenčiansky kraj";5;0;0;0;NA;80703;5;2020-07-24;275
2020-07-23;"Trenčiansky kraj";10;0;0;0;NA;80703;10;2020-07-23;270
2020-07-22;"Trenčiansky kraj";11;0;0;0;NA;80703;11;2020-07-22;260
2020-07-21;"Trenčiansky kraj";6;0;0;0;NA;80703;6;2020-07-21;249
2020-07-20;"Trenčiansky kraj";13;0;0;0;NA;80703;13;2020-07-20;243
2020-07-17;"Trenčiansky kraj";1;0;0;0;NA;80703;1;2020-07-17;230
2020-07-15;"Trenčiansky kraj";2;0;0;0;NA;80703;2;2020-07-15;229
2020-07-14;"Trenčiansky kraj";8;0;0;0;NA;80703;8;2020-07-14;227
2020-07-13;"Trenčiansky kraj";1;0;0;0;NA;80703;1;2020-07-13;219
2020-07-10;"Trenčiansky kraj";3;0;0;0;NA;80703;3;2020-07-10;218
2020-07-09;"Trenčiansky kraj";2;0;0;0;NA;80703;2;2020-07-09;215
2020-07-08;"Trenčiansky kraj";1;0;0;0;NA;80703;1;2020-07-08;213
2020-07-07;"Trenčiansky kraj";9;0;0;0;NA;80703;9;2020-07-07;212
2020-07-06;"Trenčiansky kraj";1;0;0;0;NA;80703;1;2020-07-06;203
2020-07-05;"Trenčiansky kraj";1;0;0;0;NA;80703;1;2020-07-05;202
2020-07-03;"Trenčiansky kraj";2;0;0;0;NA;80703;2;2020-07-03;201
2020-07-02;"Trenčiansky kraj";10;0;0;0;NA;80703;10;2020-07-02;199
2020-07-01;"Trenčiansky kraj";1;0;0;0;NA;80703;1;2020-07-01;189
2020-06-30;"Trenčiansky kraj";6;0;0;0;NA;80703;6;2020-06-30;188
2020-06-29;"Trenčiansky kraj";1;0;0;0;NA;80703;1;2020-06-29;182
2020-06-25;"Trenčiansky kraj";2;0;0;0;NA;80703;2;2020-06-25;181
2020-06-24;"Trenčiansky kraj";1;0;0;0;NA;80703;1;2020-06-24;179
2020-06-10;"Trenčiansky kraj";1;0;0;0;NA;80703;1;2020-06-10;178
2020-05-27;"Trenčiansky kraj";2;0;0;0;NA;80703;2;2020-05-27;177
2020-05-15;"Trenčiansky kraj";1;0;0;0;NA;80703;1;2020-05-15;175
2020-05-14;"Trenčiansky kraj";2;0;0;0;NA;80703;2;2020-05-14;174
2020-05-13;"Trenčiansky kraj";1;0;0;0;NA;80703;1;2020-05-13;172
2020-05-12;"Trenčiansky kraj";1;0;0;0;NA;80703;1;2020-05-12;171
2020-05-11;"Trenčiansky kraj";3;0;0;0;NA;80703;3;2020-05-11;170
2020-05-09;"Trenčiansky kraj";2;0;0;0;NA;80703;2;2020-05-09;167
2020-05-07;"Trenčiansky kraj";6;0;0;0;NA;80703;6;2020-05-07;165
2020-05-05;"Trenčiansky kraj";2;0;0;0;NA;80703;2;2020-05-05;159
2020-04-29;"Trenčiansky kraj";2;0;0;0;NA;80703;2;2020-04-29;157
2020-04-28;"Trenčiansky kraj";1;0;0;0;NA;80703;1;2020-04-28;155
2020-04-26;"Trenčiansky kraj";1;0;0;0;NA;80703;1;2020-04-26;154
2020-04-23;"Trenčiansky kraj";11;0;0;0;NA;80703;11;2020-04-23;153
2020-04-22;"Trenčiansky kraj";1;0;0;0;NA;80703;1;2020-04-22;142
2020-04-21;"Trenčiansky kraj";11;0;0;0;NA;80703;11;2020-04-21;141
2020-04-20;"Trenčiansky kraj";15;0;0;0;NA;80703;15;2020-04-20;130
2020-04-19;"Trenčiansky kraj";2;0;0;0;NA;80703;2;2020-04-19;115
2020-04-18;"Trenčiansky kraj";3;0;0;0;NA;80703;3;2020-04-18;113
2020-04-17;"Trenčiansky kraj";4;0;0;0;NA;80703;4;2020-04-17;110
2020-04-16;"Trenčiansky kraj";10;0;0;0;NA;80703;10;2020-04-16;106
2020-04-15;"Trenčiansky kraj";4;0;0;0;NA;80703;4;2020-04-15;96
2020-04-13;"Trenčiansky kraj";1;0;0;0;NA;80703;1;2020-04-13;92
2020-04-12;"Trenčiansky kraj";2;0;0;0;NA;80703;2;2020-04-12;91
2020-04-11;"Trenčiansky kraj";3;0;0;0;NA;80703;3;2020-04-11;89
2020-04-08;"Trenčiansky kraj";2;0;0;0;NA;80703;2;2020-04-08;86
2020-04-07;"Trenčiansky kraj";18;0;0;0;NA;80703;18;2020-04-07;84
2020-04-05;"Trenčiansky kraj";3;0;0;0;NA;80703;3;2020-04-05;66
2020-04-04;"Trenčiansky kraj";5;0;0;0;NA;80703;5;2020-04-04;63
2020-04-03;"Trenčiansky kraj";4;0;0;0;NA;80703;4;2020-04-03;58
2020-04-02;"Trenčiansky kraj";1;0;0;0;NA;80703;1;2020-04-02;54
2020-04-01;"Trenčiansky kraj";3;0;0;0;NA;80703;3;2020-04-01;53
2020-03-31;"Trenčiansky kraj";1;0;0;0;NA;80703;1;2020-03-31;50
2020-03-30;"Trenčiansky kraj";3;0;0;0;NA;80703;3;2020-03-30;49
2020-03-29;"Trenčiansky kraj";6;0;0;0;NA;80703;6;2020-03-29;46
2020-03-28;"Trenčiansky kraj";9;0;0;0;NA;80703;9;2020-03-28;40
2020-03-27;"Trenčiansky kraj";2;0;0;0;NA;80703;2;2020-03-27;31
2020-03-26;"Trenčiansky kraj";6;0;0;0;NA;80703;6;2020-03-26;29
2020-03-25;"Trenčiansky kraj";3;0;0;0;NA;80703;3;2020-03-25;23
2020-03-24;"Trenčiansky kraj";1;0;0;0;NA;80703;1;2020-03-24;20
2020-03-21;"Trenčiansky kraj";2;0;0;0;NA;80703;2;2020-03-21;19
2020-03-20;"Trenčiansky kraj";2;0;0;0;NA;80703;2;2020-03-20;17
2020-03-19;"Trenčiansky kraj";8;0;0;0;NA;80703;8;2020-03-19;15
2020-03-16;"Trenčiansky kraj";1;0;0;0;NA;80703;1;2020-03-16;7
2020-03-15;"Trenčiansky kraj";5;0;0;0;NA;80703;5;2020-03-15;6
2020-03-12;"Trenčiansky kraj";1;0;0;0;NA;80703;1;2020-03-12;1
2021-03-06;"Trnavský kraj";154;112210;419;112629;39263;76850;573;2021-03-06;76850
2021-03-05;"Trnavský kraj";299;26306;206;26512;NA;76850;505;2021-03-05;76277
2021-03-04;"Trnavský kraj";238;13710;171;13881;NA;76850;409;2021-03-04;75772
2021-03-03;"Trnavský kraj";413;11185;234;11419;NA;76850;647;2021-03-03;75363
2021-03-02;"Trnavský kraj";477;12410;201;12611;NA;76850;678;2021-03-02;74716
2021-03-01;"Trnavský kraj";189;17804;217;18021;NA;76850;406;2021-03-01;74038
2021-02-28;"Trnavský kraj";87;42516;295;42811;NA;76850;382;2021-02-28;73632
2021-02-27;"Trnavský kraj";264;139920;800;140720;NA;76850;1064;2021-02-27;73250
2021-02-26;"Trnavský kraj";362;27015;288;27303;NA;76850;650;2021-02-26;72186
2021-02-25;"Trnavský kraj";433;10490;227;10717;NA;76850;660;2021-02-25;71536
2021-02-24;"Trnavský kraj";407;9110;290;9400;NA;76850;697;2021-02-24;70876
2021-02-23;"Trnavský kraj";469;11506;298;11804;NA;76850;767;2021-02-23;70179
2021-02-22;"Trnavský kraj";206;20114;331;20445;NA;76850;537;2021-02-22;69412
2021-02-21;"Trnavský kraj";38;40845;264;41109;NA;76850;302;2021-02-21;68875
2021-02-20;"Trnavský kraj";273;134578;847;135425;NA;76850;1120;2021-02-20;68573
2021-02-19;"Trnavský kraj";335;27037;349;27386;NA;76850;684;2021-02-19;67453
2021-02-18;"Trnavský kraj";344;11204;354;11558;NA;76850;698;2021-02-18;66769
2021-02-17;"Trnavský kraj";431;8535;407;8942;NA;76850;838;2021-02-17;66071
2021-02-16;"Trnavský kraj";426;11924;307;12231;NA;76850;733;2021-02-16;65233
2021-02-15;"Trnavský kraj";146;17535;279;17814;NA;76850;425;2021-02-15;64500
2021-02-14;"Trnavský kraj";51;44752;337;45089;NA;76850;388;2021-02-14;64075
2021-02-13;"Trnavský kraj";218;136080;987;137067;NA;76850;1205;2021-02-13;63687
2021-02-12;"Trnavský kraj";300;23677;336;24013;NA;76850;636;2021-02-12;62482
2021-02-11;"Trnavský kraj";422;10133;386;10519;NA;76850;808;2021-02-11;61846
2021-02-10;"Trnavský kraj";511;9309;326;9635;NA;76850;837;2021-02-10;61038
2021-02-09;"Trnavský kraj";544;12961;380;13341;NA;76850;924;2021-02-09;60201
2021-02-08;"Trnavský kraj";220;34253;515;34768;NA;76850;735;2021-02-08;59277
2021-02-07;"Trnavský kraj";140;68837;627;69464;NA;76850;767;2021-02-07;58542
2021-02-06;"Trnavský kraj";348;111903;1473;113376;NA;76850;1821;2021-02-06;57775
2021-02-05;"Trnavský kraj";377;15531;353;15884;NA;76850;730;2021-02-05;55954
2021-02-04;"Trnavský kraj";456;6894;393;7287;NA;76850;849;2021-02-04;55224
2021-02-03;"Trnavský kraj";472;6280;400;6680;NA;76850;872;2021-02-03;54375
2021-02-02;"Trnavský kraj";446;14280;425;14705;NA;76850;871;2021-02-02;53503
2021-02-01;"Trnavský kraj";198;40275;720;40995;NA;76850;918;2021-02-01;52632
2021-01-31;"Trnavský kraj";19;62728;778;63506;NA;76850;797;2021-01-31;51714
2021-01-30;"Trnavský kraj";323;110455;1279;111734;NA;76850;1602;2021-01-30;50917
2021-01-29;"Trnavský kraj";421;9564;285;9849;NA;76850;706;2021-01-29;49315
2021-01-28;"Trnavský kraj";389;5815;286;6101;NA;76850;675;2021-01-28;48609
2021-01-27;"Trnavský kraj";433;5301;219;5520;NA;76850;652;2021-01-27;47934
2021-01-26;"Trnavský kraj";565;25345;650;25995;NA;76850;1215;2021-01-26;47282
2021-01-25;"Trnavský kraj";210;43441;632;44073;NA;76850;842;2021-01-25;46067
2021-01-24;"Trnavský kraj";91;55652;703;56355;NA;76850;794;2021-01-24;45225
2021-01-23;"Trnavský kraj";372;116896;1336;118232;NA;76850;1708;2021-01-23;44431
2021-01-22;"Trnavský kraj";217;32439;500;32939;NA;76850;717;2021-01-22;42723
2021-01-21;"Trnavský kraj";311;13834;378;14212;NA;76850;689;2021-01-21;42006
2021-01-20;"Trnavský kraj";503;8149;274;8423;NA;76850;777;2021-01-20;41317
2021-01-19;"Trnavský kraj";415;7020;347;7367;NA;76850;762;2021-01-19;40540
2021-01-18;"Trnavský kraj";247;6237;484;6721;NA;76850;731;2021-01-18;39778
2021-01-17;"Trnavský kraj";128;854;215;1069;NA;76850;343;2021-01-17;39047
2021-01-16;"Trnavský kraj";103;599;19;618;NA;76850;122;2021-01-16;38704
2021-01-15;"Trnavský kraj";278;5456;335;5791;NA;76850;613;2021-01-15;38582
2021-01-14;"Trnavský kraj";452;3994;337;4331;NA;76850;789;2021-01-14;37969
2021-01-13;"Trnavský kraj";457;4752;378;5130;NA;76850;835;2021-01-13;37180
2021-01-12;"Trnavský kraj";469;7177;483;7660;NA;76850;952;2021-01-12;36345
2021-01-11;"Trnavský kraj";370;4911;376;5287;NA;76850;746;2021-01-11;35393
2021-01-10;"Trnavský kraj";71;8;0;8;NA;76850;71;2021-01-10;34647
2021-01-09;"Trnavský kraj";417;1775;100;1875;NA;76850;517;2021-01-09;34576
2021-01-08;"Trnavský kraj";381;6550;532;7082;NA;76850;913;2021-01-08;34059
2021-01-07;"Trnavský kraj";501;4170;404;4574;NA;76850;905;2021-01-07;33146
2021-01-06;"Trnavský kraj";179;758;132;890;NA;76850;311;2021-01-06;32241
2021-01-05;"Trnavský kraj";611;6372;744;7116;NA;76850;1355;2021-01-05;31930
2021-01-04;"Trnavský kraj";302;5317;719;6036;NA;76850;1021;2021-01-04;30575
2021-01-03;"Trnavský kraj";60;51;7;58;NA;76850;67;2021-01-03;29554
2021-01-02;"Trnavský kraj";282;412;30;442;NA;76850;312;2021-01-02;29487
2021-01-01;"Trnavský kraj";143;449;76;525;NA;76850;219;2021-01-01;29175
2020-12-31;"Trnavský kraj";498;8488;858;9346;NA;76850;1356;2020-12-31;28956
2020-12-30;"Trnavský kraj";785;5321;612;5933;NA;76850;1397;2020-12-30;27600
2020-12-29;"Trnavský kraj";322;4999;593;5592;NA;76850;915;2020-12-29;26203
2020-12-28;"Trnavský kraj";213;5339;615;5954;NA;76850;828;2020-12-28;25288
2020-12-27;"Trnavský kraj";27;13;4;17;NA;76850;31;2020-12-27;24460
2020-12-26;"Trnavský kraj";148;44;1;45;NA;76850;149;2020-12-26;24429
2020-12-25;"Trnavský kraj";65;49;5;54;NA;76850;70;2020-12-25;24280
2020-12-24;"Trnavský kraj";333;1359;117;1476;NA;76850;450;2020-12-24;24210
2020-12-23;"Trnavský kraj";210;6417;375;6792;NA;76850;585;2020-12-23;23760
2020-12-22;"Trnavský kraj";311;5590;491;6081;NA;76850;802;2020-12-22;23175
2020-12-21;"Trnavský kraj";328;4527;399;4926;NA;76850;727;2020-12-21;22373
2020-12-20;"Trnavský kraj";134;110;12;122;NA;76850;146;2020-12-20;21646
2020-12-19;"Trnavský kraj";201;1046;86;1132;NA;76850;287;2020-12-19;21500
2020-12-18;"Trnavský kraj";341;4898;378;5276;NA;76850;719;2020-12-18;21213
2020-12-17;"Trnavský kraj";375;4996;407;5403;NA;76850;782;2020-12-17;20494
2020-12-16;"Trnavský kraj";312;5249;405;5654;NA;76850;717;2020-12-16;19712
2020-12-15;"Trnavský kraj";492;6623;632;7255;NA;76850;1124;2020-12-15;18995
2020-12-14;"Trnavský kraj";161;3505;292;3797;NA;76850;453;2020-12-14;17871
2020-12-13;"Trnavský kraj";7;0;0;0;NA;76850;7;2020-12-13;17418
2020-12-12;"Trnavský kraj";254;1456;114;1570;NA;76850;368;2020-12-12;17411
2020-12-11;"Trnavský kraj";384;4683;262;4945;NA;76850;646;2020-12-11;17043
2020-12-10;"Trnavský kraj";183;5194;320;5514;NA;76850;503;2020-12-10;16397
2020-12-09;"Trnavský kraj";521;4283;321;4604;NA;76850;842;2020-12-09;15894
2020-12-08;"Trnavský kraj";281;4090;304;4394;NA;76850;585;2020-12-08;15052
2020-12-07;"Trnavský kraj";178;2895;199;3094;NA;76850;377;2020-12-07;14467
2020-12-06;"Trnavský kraj";46;0;0;0;NA;76850;46;2020-12-06;14090
2020-12-05;"Trnavský kraj";129;2218;41;2259;NA;76850;170;2020-12-05;14044
2020-12-04;"Trnavský kraj";242;3948;158;4106;NA;76850;400;2020-12-04;13874
2020-12-03;"Trnavský kraj";248;2770;190;2960;NA;76850;438;2020-12-03;13474
2020-12-02;"Trnavský kraj";284;4516;176;4692;NA;76850;460;2020-12-02;13036
2020-12-01;"Trnavský kraj";253;3190;205;3395;NA;76850;458;2020-12-01;12576
2020-11-30;"Trnavský kraj";200;7360;186;7546;NA;76850;386;2020-11-30;12118
2020-11-29;"Trnavský kraj";17;708;34;742;NA;76850;51;2020-11-29;11732
2020-11-28;"Trnavský kraj";83;1453;77;1530;NA;76850;160;2020-11-28;11681
2020-11-27;"Trnavský kraj";148;1591;83;1674;NA;76850;231;2020-11-27;11521
2020-11-26;"Trnavský kraj";234;985;59;1044;NA;76850;293;2020-11-26;11290
2020-11-25;"Trnavský kraj";232;1029;72;1101;NA;76850;304;2020-11-25;10997
2020-11-24;"Trnavský kraj";295;1772;91;1863;NA;76850;386;2020-11-24;10693
2020-11-23;"Trnavský kraj";242;7207;125;7332;NA;76850;367;2020-11-23;10307
2020-11-22;"Trnavský kraj";10;54;3;57;NA;76850;13;2020-11-22;9940
2020-11-21;"Trnavský kraj";129;1214;23;1237;NA;76850;152;2020-11-21;9927
2020-11-20;"Trnavský kraj";246;1027;61;1088;NA;76850;307;2020-11-20;9775
2020-11-19;"Trnavský kraj";157;694;58;752;NA;76850;215;2020-11-19;9468
2020-11-18;"Trnavský kraj";235;716;75;791;NA;76850;310;2020-11-18;9253
2020-11-17;"Trnavský kraj";129;695;72;767;NA;76850;201;2020-11-17;8943
2020-11-16;"Trnavský kraj";187;682;32;714;NA;76850;219;2020-11-16;8742
2020-11-15;"Trnavský kraj";23;73;4;77;NA;76850;27;2020-11-15;8523
2020-11-14;"Trnavský kraj";86;389;10;399;NA;76850;96;2020-11-14;8496
2020-11-13;"Trnavský kraj";219;1312;21;1333;NA;76850;240;2020-11-13;8400
2020-11-12;"Trnavský kraj";162;420;18;438;NA;76850;180;2020-11-12;8160
2020-11-11;"Trnavský kraj";257;392;15;407;NA;76850;272;2020-11-11;7980
2020-11-10;"Trnavský kraj";189;889;30;919;NA;76850;219;2020-11-10;7708
2020-11-09;"Trnavský kraj";196;369;23;392;NA;76850;219;2020-11-09;7489
2020-11-08;"Trnavský kraj";55;306;4;310;NA;76850;59;2020-11-08;7270
2020-11-07;"Trnavský kraj";207;6070;74;6144;NA;76850;281;2020-11-07;7211
2020-11-06;"Trnavský kraj";260;1531;19;1550;NA;76850;279;2020-11-06;6930
2020-11-05;"Trnavský kraj";150;220;27;247;NA;76850;177;2020-11-05;6651
2020-11-04;"Trnavský kraj";188;212;10;222;NA;76850;198;2020-11-04;6474
2020-11-03;"Trnavský kraj";317;127;8;135;NA;76850;325;2020-11-03;6276
2020-11-02;"Trnavský kraj";281;1728;31;1759;NA;76850;312;2020-11-02;5951
2020-11-01;"Trnavský kraj";87;494;27;521;NA;76850;114;2020-11-01;5639
2020-10-31;"Trnavský kraj";259;5024;41;5065;NA;76850;300;2020-10-31;5525
2020-10-30;"Trnavský kraj";198;3784;27;3811;NA;76850;225;2020-10-30;5225
2020-10-29;"Trnavský kraj";273;1461;16;1477;NA;76850;289;2020-10-29;5000
2020-10-28;"Trnavský kraj";319;117;16;133;NA;76850;335;2020-10-28;4711
2020-10-27;"Trnavský kraj";199;461;36;497;NA;76850;235;2020-10-27;4376
2020-10-26;"Trnavský kraj";153;29;2;31;NA;76850;155;2020-10-26;4141
2020-10-25;"Trnavský kraj";95;19;1;20;NA;76850;96;2020-10-25;3986
2020-10-24;"Trnavský kraj";158;109;2;111;NA;76850;160;2020-10-24;3890
2020-10-23;"Trnavský kraj";201;89;4;93;NA;76850;205;2020-10-23;3730
2020-10-22;"Trnavský kraj";195;55;2;57;NA;76850;197;2020-10-22;3525
2020-10-21;"Trnavský kraj";134;73;3;76;NA;76850;137;2020-10-21;3328
2020-10-20;"Trnavský kraj";202;82;3;85;NA;76850;205;2020-10-20;3191
2020-10-19;"Trnavský kraj";67;55;0;55;NA;76850;67;2020-10-19;2986
2020-10-18;"Trnavský kraj";84;0;0;0;NA;76850;84;2020-10-18;2919
2020-10-17;"Trnavský kraj";123;0;0;0;NA;76850;123;2020-10-17;2835
2020-10-16;"Trnavský kraj";86;45;2;47;NA;76850;88;2020-10-16;2712
2020-10-15;"Trnavský kraj";155;66;2;68;NA;76850;157;2020-10-15;2624
2020-10-14;"Trnavský kraj";236;468;3;471;NA;76850;239;2020-10-14;2467
2020-10-13;"Trnavský kraj";138;16;2;18;NA;76850;140;2020-10-13;2228
2020-10-12;"Trnavský kraj";33;41;1;42;NA;76850;34;2020-10-12;2088
2020-10-11;"Trnavský kraj";31;0;0;0;NA;76850;31;2020-10-11;2054
2020-10-10;"Trnavský kraj";128;0;0;0;NA;76850;128;2020-10-10;2023
2020-10-09;"Trnavský kraj";156;0;0;0;NA;76850;156;2020-10-09;1895
2020-10-08;"Trnavský kraj";153;0;0;0;NA;76850;153;2020-10-08;1739
2020-10-07;"Trnavský kraj";80;0;0;0;NA;76850;80;2020-10-07;1586
2020-10-06;"Trnavský kraj";112;0;0;0;NA;76850;112;2020-10-06;1506
2020-10-05;"Trnavský kraj";33;0;0;0;NA;76850;33;2020-10-05;1394
2020-10-04;"Trnavský kraj";44;0;0;0;NA;76850;44;2020-10-04;1361
2020-10-03;"Trnavský kraj";60;0;0;0;NA;76850;60;2020-10-03;1317
2020-10-02;"Trnavský kraj";41;0;0;0;NA;76850;41;2020-10-02;1257
2020-10-01;"Trnavský kraj";53;0;0;0;NA;76850;53;2020-10-01;1216
2020-09-30;"Trnavský kraj";91;0;0;0;NA;76850;91;2020-09-30;1163
2020-09-29;"Trnavský kraj";40;0;0;0;NA;76850;40;2020-09-29;1072
2020-09-28;"Trnavský kraj";69;0;0;0;NA;76850;69;2020-09-28;1032
2020-09-27;"Trnavský kraj";30;0;0;0;NA;76850;30;2020-09-27;963
2020-09-26;"Trnavský kraj";46;0;0;0;NA;76850;46;2020-09-26;933
2020-09-25;"Trnavský kraj";32;0;0;0;NA;76850;32;2020-09-25;887
2020-09-24;"Trnavský kraj";42;0;0;0;NA;76850;42;2020-09-24;855
2020-09-23;"Trnavský kraj";43;0;0;0;NA;76850;43;2020-09-23;813
2020-09-22;"Trnavský kraj";55;0;0;0;NA;76850;55;2020-09-22;770
2020-09-21;"Trnavský kraj";41;0;0;0;NA;76850;41;2020-09-21;715
2020-09-20;"Trnavský kraj";17;0;0;0;NA;76850;17;2020-09-20;674
2020-09-19;"Trnavský kraj";4;0;0;0;NA;76850;4;2020-09-19;657
2020-09-18;"Trnavský kraj";33;0;0;0;NA;76850;33;2020-09-18;653
2020-09-17;"Trnavský kraj";42;0;0;0;NA;76850;42;2020-09-17;620
2020-09-16;"Trnavský kraj";49;0;0;0;NA;76850;49;2020-09-16;578
2020-09-15;"Trnavský kraj";5;0;0;0;NA;76850;5;2020-09-15;529
2020-09-14;"Trnavský kraj";26;0;0;0;NA;76850;26;2020-09-14;524
2020-09-13;"Trnavský kraj";9;0;0;0;NA;76850;9;2020-09-13;498
2020-09-12;"Trnavský kraj";12;0;0;0;NA;76850;12;2020-09-12;489
2020-09-11;"Trnavský kraj";16;0;0;0;NA;76850;16;2020-09-11;477
2020-09-10;"Trnavský kraj";32;0;0;0;NA;76850;32;2020-09-10;461
2020-09-09;"Trnavský kraj";14;0;0;0;NA;76850;14;2020-09-09;429
2020-09-08;"Trnavský kraj";11;0;0;0;NA;76850;11;2020-09-08;415
2020-09-07;"Trnavský kraj";7;0;0;0;NA;76850;7;2020-09-07;404
2020-09-06;"Trnavský kraj";5;0;0;0;NA;76850;5;2020-09-06;397
2020-09-05;"Trnavský kraj";7;0;0;0;NA;76850;7;2020-09-05;392
2020-09-04;"Trnavský kraj";16;0;0;0;NA;76850;16;2020-09-04;385
2020-09-03;"Trnavský kraj";8;0;0;0;NA;76850;8;2020-09-03;369
2020-09-02;"Trnavský kraj";7;0;0;0;NA;76850;7;2020-09-02;361
2020-09-01;"Trnavský kraj";1;0;0;0;NA;76850;1;2020-09-01;354
2020-08-31;"Trnavský kraj";6;0;0;0;NA;76850;6;2020-08-31;353
2020-08-30;"Trnavský kraj";1;0;0;0;NA;76850;1;2020-08-30;347
2020-08-29;"Trnavský kraj";3;0;0;0;NA;76850;3;2020-08-29;346
2020-08-28;"Trnavský kraj";14;0;0;0;NA;76850;14;2020-08-28;343
2020-08-27;"Trnavský kraj";6;0;0;0;NA;76850;6;2020-08-27;329
2020-08-26;"Trnavský kraj";4;0;0;0;NA;76850;4;2020-08-26;323
2020-08-25;"Trnavský kraj";7;0;0;0;NA;76850;7;2020-08-25;319
2020-08-24;"Trnavský kraj";1;0;0;0;NA;76850;1;2020-08-24;312
2020-08-23;"Trnavský kraj";6;0;0;0;NA;76850;6;2020-08-23;311
2020-08-22;"Trnavský kraj";3;0;0;0;NA;76850;3;2020-08-22;305
2020-08-21;"Trnavský kraj";4;0;0;0;NA;76850;4;2020-08-21;302
2020-08-20;"Trnavský kraj";23;0;0;0;NA;76850;23;2020-08-20;298
2020-08-19;"Trnavský kraj";13;0;0;0;NA;76850;13;2020-08-19;275
2020-08-18;"Trnavský kraj";20;0;0;0;NA;76850;20;2020-08-18;262
2020-08-17;"Trnavský kraj";3;0;0;0;NA;76850;3;2020-08-17;242
2020-08-15;"Trnavský kraj";7;0;0;0;NA;76850;7;2020-08-15;239
2020-08-14;"Trnavský kraj";6;0;0;0;NA;76850;6;2020-08-14;232
2020-08-13;"Trnavský kraj";10;0;0;0;NA;76850;10;2020-08-13;226
2020-08-12;"Trnavský kraj";2;0;0;0;NA;76850;2;2020-08-12;216
2020-08-11;"Trnavský kraj";30;0;0;0;NA;76850;30;2020-08-11;214
2020-08-08;"Trnavský kraj";13;0;0;0;NA;76850;13;2020-08-08;184
2020-08-07;"Trnavský kraj";4;0;0;0;NA;76850;4;2020-08-07;171
2020-08-06;"Trnavský kraj";4;0;0;0;NA;76850;4;2020-08-06;167
2020-08-04;"Trnavský kraj";1;0;0;0;NA;76850;1;2020-08-04;163
2020-08-03;"Trnavský kraj";2;0;0;0;NA;76850;2;2020-08-03;162
2020-08-02;"Trnavský kraj";1;0;0;0;NA;76850;1;2020-08-02;160
2020-07-31;"Trnavský kraj";7;0;0;0;NA;76850;7;2020-07-31;159
2020-07-30;"Trnavský kraj";6;0;0;0;NA;76850;6;2020-07-30;152
2020-07-28;"Trnavský kraj";1;0;0;0;NA;76850;1;2020-07-28;146
2020-07-27;"Trnavský kraj";2;0;0;0;NA;76850;2;2020-07-27;145
2020-07-24;"Trnavský kraj";1;0;0;0;NA;76850;1;2020-07-24;143
2020-07-23;"Trnavský kraj";2;0;0;0;NA;76850;2;2020-07-23;142
2020-07-22;"Trnavský kraj";1;0;0;0;NA;76850;1;2020-07-22;140
2020-07-21;"Trnavský kraj";2;0;0;0;NA;76850;2;2020-07-21;139
2020-07-15;"Trnavský kraj";1;0;0;0;NA;76850;1;2020-07-15;137
2020-07-08;"Trnavský kraj";3;0;0;0;NA;76850;3;2020-07-08;136
2020-07-07;"Trnavský kraj";4;0;0;0;NA;76850;4;2020-07-07;133
2020-07-02;"Trnavský kraj";3;0;0;0;NA;76850;3;2020-07-02;129
2020-06-18;"Trnavský kraj";2;0;0;0;NA;76850;2;2020-06-18;126
2020-05-25;"Trnavský kraj";1;0;0;0;NA;76850;1;2020-05-25;124
2020-05-23;"Trnavský kraj";2;0;0;0;NA;76850;2;2020-05-23;123
2020-05-20;"Trnavský kraj";2;0;0;0;NA;76850;2;2020-05-20;121
2020-05-15;"Trnavský kraj";1;0;0;0;NA;76850;1;2020-05-15;119
2020-05-11;"Trnavský kraj";2;0;0;0;NA;76850;2;2020-05-11;118
2020-04-28;"Trnavský kraj";1;0;0;0;NA;76850;1;2020-04-28;116
2020-04-25;"Trnavský kraj";2;0;0;0;NA;76850;2;2020-04-25;115
2020-04-24;"Trnavský kraj";4;0;0;0;NA;76850;4;2020-04-24;113
2020-04-23;"Trnavský kraj";5;0;0;0;NA;76850;5;2020-04-23;109
2020-04-22;"Trnavský kraj";10;0;0;0;NA;76850;10;2020-04-22;104
2020-04-21;"Trnavský kraj";5;0;0;0;NA;76850;5;2020-04-21;94
2020-04-19;"Trnavský kraj";1;0;0;0;NA;76850;1;2020-04-19;89
2020-04-18;"Trnavský kraj";4;0;0;0;NA;76850;4;2020-04-18;88
2020-04-17;"Trnavský kraj";7;0;0;0;NA;76850;7;2020-04-17;84
2020-04-16;"Trnavský kraj";5;0;0;0;NA;76850;5;2020-04-16;77
2020-04-15;"Trnavský kraj";5;0;0;0;NA;76850;5;2020-04-15;72
2020-04-14;"Trnavský kraj";1;0;0;0;NA;76850;1;2020-04-14;67
2020-04-10;"Trnavský kraj";2;0;0;0;NA;76850;2;2020-04-10;66
2020-04-09;"Trnavský kraj";3;0;0;0;NA;76850;3;2020-04-09;64
2020-04-08;"Trnavský kraj";4;0;0;0;NA;76850;4;2020-04-08;61
2020-04-07;"Trnavský kraj";6;0;0;0;NA;76850;6;2020-04-07;57
2020-04-06;"Trnavský kraj";6;0;0;0;NA;76850;6;2020-04-06;51
2020-04-05;"Trnavský kraj";1;0;0;0;NA;76850;1;2020-04-05;45
2020-04-04;"Trnavský kraj";1;0;0;0;NA;76850;1;2020-04-04;44
2020-04-03;"Trnavský kraj";3;0;0;0;NA;76850;3;2020-04-03;43
2020-04-02;"Trnavský kraj";4;0;0;0;NA;76850;4;2020-04-02;40
2020-03-31;"Trnavský kraj";3;0;0;0;NA;76850;3;2020-03-31;36
2020-03-30;"Trnavský kraj";4;0;0;0;NA;76850;4;2020-03-30;33
2020-03-29;"Trnavský kraj";1;0;0;0;NA;76850;1;2020-03-29;29
2020-03-28;"Trnavský kraj";3;0;0;0;NA;76850;3;2020-03-28;28
2020-03-27;"Trnavský kraj";5;0;0;0;NA;76850;5;2020-03-27;25
2020-03-26;"Trnavský kraj";5;0;0;0;NA;76850;5;2020-03-26;20
2020-03-25;"Trnavský kraj";1;0;0;0;NA;76850;1;2020-03-25;15
2020-03-23;"Trnavský kraj";2;0;0;0;NA;76850;2;2020-03-23;14
2020-03-22;"Trnavský kraj";1;0;0;0;NA;76850;1;2020-03-22;12
2020-03-21;"Trnavský kraj";5;0;0;0;NA;76850;5;2020-03-21;11
2020-03-17;"Trnavský kraj";3;0;0;0;NA;76850;3;2020-03-17;6
2020-03-16;"Trnavský kraj";1;0;0;0;NA;76850;1;2020-03-16;3
2020-03-13;"Trnavský kraj";1;0;0;0;NA;76850;1;2020-03-13;2
2020-03-12;"Trnavský kraj";1;0;0;0;NA;76850;1;2020-03-12;1
2021-03-06;"Žilinský kraj";173;69181;472;69653;45173;79919;645;2021-03-06;79919
2021-03-05;"Žilinský kraj";369;46068;425;46493;NA;79919;794;2021-03-05;79274
2021-03-04;"Žilinský kraj";467;28883;358;29241;NA;79919;825;2021-03-04;78480
2021-03-03;"Žilinský kraj";448;25853;389;26242;NA;79919;837;2021-03-03;77655
2021-03-02;"Žilinský kraj";551;25119;370;25489;NA;79919;921;2021-03-02;76818
2021-03-01;"Žilinský kraj";375;29970;426;30396;NA;79919;801;2021-03-01;75897
2021-02-28;"Žilinský kraj";61;26050;240;26290;NA;79919;301;2021-02-28;75096
2021-02-27;"Žilinský kraj";159;69354;540;69894;NA;79919;699;2021-02-27;74795
2021-02-26;"Žilinský kraj";459;46385;506;46891;NA;79919;965;2021-02-26;74096
2021-02-25;"Žilinský kraj";347;30388;387;30775;NA;79919;734;2021-02-25;73131
2021-02-24;"Žilinský kraj";339;18802;388;19190;NA;79919;727;2021-02-24;72397
2021-02-23;"Žilinský kraj";437;22497;421;22918;NA;79919;858;2021-02-23;71670
2021-02-22;"Žilinský kraj";345;28841;430;29271;NA;79919;775;2021-02-22;70812
2021-02-21;"Žilinský kraj";36;23433;268;23701;NA;79919;304;2021-02-21;70037
2021-02-20;"Žilinský kraj";152;72773;602;73375;NA;79919;754;2021-02-20;69733
2021-02-19;"Žilinský kraj";337;44398;415;44813;NA;79919;752;2021-02-19;68979
2021-02-18;"Žilinský kraj";263;22501;333;22834;NA;79919;596;2021-02-18;68227
2021-02-17;"Žilinský kraj";269;17477;343;17820;NA;79919;612;2021-02-17;67631
2021-02-16;"Žilinský kraj";321;23436;319;23755;NA;79919;640;2021-02-16;67019
2021-02-15;"Žilinský kraj";230;29719;299;30018;NA;79919;529;2021-02-15;66379
2021-02-14;"Žilinský kraj";30;20568;182;20750;NA;79919;212;2021-02-14;65850
2021-02-13;"Žilinský kraj";91;65271;418;65689;NA;79919;509;2021-02-13;65638
2021-02-12;"Žilinský kraj";242;41955;333;42288;NA;79919;575;2021-02-12;65129
2021-02-11;"Žilinský kraj";228;23949;303;24252;NA;79919;531;2021-02-11;64554
2021-02-10;"Žilinský kraj";259;17605;261;17866;NA;79919;520;2021-02-10;64023
2021-02-09;"Žilinský kraj";377;25054;274;25328;NA;79919;651;2021-02-09;63503
2021-02-08;"Žilinský kraj";160;40966;386;41352;NA;79919;546;2021-02-08;62852
2021-02-07;"Žilinský kraj";24;39137;207;39344;NA;79919;231;2021-02-07;62306
2021-02-06;"Žilinský kraj";71;67159;328;67487;NA;79919;399;2021-02-06;62075
2021-02-05;"Žilinský kraj";248;31472;316;31788;NA;79919;564;2021-02-05;61676
2021-02-04;"Žilinský kraj";238;11839;241;12080;NA;79919;479;2021-02-04;61112
2021-02-03;"Žilinský kraj";194;8904;256;9160;NA;79919;450;2021-02-03;60633
2021-02-02;"Žilinský kraj";216;9947;287;10234;NA;79919;503;2021-02-02;60183
2021-02-01;"Žilinský kraj";220;19009;353;19362;NA;79919;573;2021-02-01;59680
2021-01-31;"Žilinský kraj";11;42;1;43;NA;79919;12;2021-01-31;59107
2021-01-30;"Žilinský kraj";85;15492;158;15650;NA;79919;243;2021-01-30;59095
2021-01-29;"Žilinský kraj";209;22796;304;23100;NA;79919;513;2021-01-29;58852
2021-01-28;"Žilinský kraj";240;5607;174;5781;NA;79919;414;2021-01-28;58339
2021-01-27;"Žilinský kraj";256;6988;123;7111;NA;79919;379;2021-01-27;57925
2021-01-26;"Žilinský kraj";245;49413;342;49755;NA;79919;587;2021-01-26;57546
2021-01-25;"Žilinský kraj";159;18611;131;18742;NA;79919;290;2021-01-25;56959
2021-01-24;"Žilinský kraj";22;32538;138;32676;NA;79919;160;2021-01-24;56669
2021-01-23;"Žilinský kraj";91;88667;395;89062;NA;79919;486;2021-01-23;56509
2021-01-22;"Žilinský kraj";163;28042;228;28270;NA;79919;391;2021-01-22;56023
2021-01-21;"Žilinský kraj";116;19351;178;19529;NA;79919;294;2021-01-21;55632
2021-01-20;"Žilinský kraj";236;16958;165;17123;NA;79919;401;2021-01-20;55338
2021-01-19;"Žilinský kraj";245;17570;405;17975;NA;79919;650;2021-01-19;54937
2021-01-18;"Žilinský kraj";236;12487;334;12821;NA;79919;570;2021-01-18;54287
2021-01-17;"Žilinský kraj";95;113;2;115;NA;79919;97;2021-01-17;53717
2021-01-16;"Žilinský kraj";14;314;8;322;NA;79919;22;2021-01-16;53620
2021-01-15;"Žilinský kraj";248;7149;202;7351;NA;79919;450;2021-01-15;53598
2021-01-14;"Žilinský kraj";166;5637;253;5890;NA;79919;419;2021-01-14;53148
2021-01-13;"Žilinský kraj";247;11340;554;11894;NA;79919;801;2021-01-13;52729
2021-01-12;"Žilinský kraj";376;8924;426;9350;NA;79919;802;2021-01-12;51928
2021-01-11;"Žilinský kraj";351;10485;510;10995;NA;79919;861;2021-01-11;51126
2021-01-10;"Žilinský kraj";38;189;7;196;NA;79919;45;2021-01-10;50265
2021-01-09;"Žilinský kraj";192;1992;85;2077;NA;79919;277;2021-01-09;50220
2021-01-08;"Žilinský kraj";413;9352;511;9863;NA;79919;924;2021-01-08;49943
2021-01-07;"Žilinský kraj";438;23644;1880;25524;NA;79919;2318;2021-01-07;49019
2021-01-06;"Žilinský kraj";145;1338;89;1427;NA;79919;234;2021-01-06;46701
2021-01-05;"Žilinský kraj";717;11310;929;12239;NA;79919;1646;2021-01-05;46467
2021-01-04;"Žilinský kraj";479;9549;949;10498;NA;79919;1428;2021-01-04;44821
2021-01-03;"Žilinský kraj";13;33;4;37;NA;79919;17;2021-01-03;43393
2021-01-02;"Žilinský kraj";98;746;86;832;NA;79919;184;2021-01-02;43376
2021-01-01;"Žilinský kraj";118;552;36;588;NA;79919;154;2021-01-01;43192
2020-12-31;"Žilinský kraj";395;10348;833;11181;NA;79919;1228;2020-12-31;43038
2020-12-30;"Žilinský kraj";1038;12157;860;13017;NA;79919;1898;2020-12-30;41810
2020-12-29;"Žilinský kraj";256;10800;1070;11870;NA;79919;1326;2020-12-29;39912
2020-12-28;"Žilinský kraj";406;10770;1002;11772;NA;79919;1408;2020-12-28;38586
2020-12-27;"Žilinský kraj";40;662;80;742;NA;79919;120;2020-12-27;37178
2020-12-26;"Žilinský kraj";135;124;14;138;NA;79919;149;2020-12-26;37058
2020-12-25;"Žilinský kraj";66;111;10;121;NA;79919;76;2020-12-25;36909
2020-12-24;"Žilinský kraj";643;1018;75;1093;NA;79919;718;2020-12-24;36833
2020-12-23;"Žilinský kraj";228;17258;1012;18270;NA;79919;1240;2020-12-23;36115
2020-12-22;"Žilinský kraj";519;13188;1023;14211;NA;79919;1542;2020-12-22;34875
2020-12-21;"Žilinský kraj";444;12703;1107;13810;NA;79919;1551;2020-12-21;33333
2020-12-20;"Žilinský kraj";36;579;73;652;NA;79919;109;2020-12-20;31782
2020-12-19;"Žilinský kraj";208;2080;144;2224;NA;79919;352;2020-12-19;31673
2020-12-18;"Žilinský kraj";333;7027;402;7429;NA;79919;735;2020-12-18;31321
2020-12-17;"Žilinský kraj";500;4333;281;4614;NA;79919;781;2020-12-17;30586
2020-12-16;"Žilinský kraj";333;4365;305;4670;NA;79919;638;2020-12-16;29805
2020-12-15;"Žilinský kraj";528;4399;387;4786;NA;79919;915;2020-12-15;29167
2020-12-14;"Žilinský kraj";321;4401;358;4759;NA;79919;679;2020-12-14;28252
2020-12-13;"Žilinský kraj";26;515;64;579;NA;79919;90;2020-12-13;27573
2020-12-12;"Žilinský kraj";95;1061;53;1114;NA;79919;148;2020-12-12;27483
2020-12-11;"Žilinský kraj";455;4596;282;4878;NA;79919;737;2020-12-11;27335
2020-12-10;"Žilinský kraj";166;9407;849;10256;NA;79919;1015;2020-12-10;26598
2020-12-09;"Žilinský kraj";392;2559;163;2722;NA;79919;555;2020-12-09;25583
2020-12-08;"Žilinský kraj";331;3915;188;4103;NA;79919;519;2020-12-08;25028
2020-12-07;"Žilinský kraj";348;2274;121;2395;NA;79919;469;2020-12-07;24509
2020-12-06;"Žilinský kraj";15;134;4;138;NA;79919;19;2020-12-06;24040
2020-12-05;"Žilinský kraj";98;1237;45;1282;NA;79919;143;2020-12-05;24021
2020-12-04;"Žilinský kraj";228;2847;120;2967;NA;79919;348;2020-12-04;23878
2020-12-03;"Žilinský kraj";237;1412;119;1531;NA;79919;356;2020-12-03;23530
2020-12-02;"Žilinský kraj";181;1553;82;1635;NA;79919;263;2020-12-02;23174
2020-12-01;"Žilinský kraj";209;6529;309;6838;NA;79919;518;2020-12-01;22911
2020-11-30;"Žilinský kraj";203;5232;291;5523;NA;79919;494;2020-11-30;22393
2020-11-29;"Žilinský kraj";18;81;7;88;NA;79919;25;2020-11-29;21899
2020-11-28;"Žilinský kraj";99;349;15;364;NA;79919;114;2020-11-28;21874
2020-11-27;"Žilinský kraj";218;913;46;959;NA;79919;264;2020-11-27;21760
2020-11-26;"Žilinský kraj";190;1104;57;1161;NA;79919;247;2020-11-26;21496
2020-11-25;"Žilinský kraj";225;1217;49;1266;NA;79919;274;2020-11-25;21249
2020-11-24;"Žilinský kraj";213;2092;67;2159;NA;79919;280;2020-11-24;20975
2020-11-23;"Žilinský kraj";170;759;44;803;NA;79919;214;2020-11-23;20695
2020-11-22;"Žilinský kraj";11;0;0;0;NA;79919;11;2020-11-22;20481
2020-11-21;"Žilinský kraj";61;505;20;525;NA;79919;81;2020-11-21;20470
2020-11-20;"Žilinský kraj";251;1074;45;1119;NA;79919;296;2020-11-20;20389
2020-11-19;"Žilinský kraj";252;752;61;813;NA;79919;313;2020-11-19;20093
2020-11-18;"Žilinský kraj";346;348;15;363;NA;79919;361;2020-11-18;19780
2020-11-17;"Žilinský kraj";123;490;15;505;NA;79919;138;2020-11-17;19419
2020-11-16;"Žilinský kraj";227;206;13;219;NA;79919;240;2020-11-16;19281
2020-11-15;"Žilinský kraj";63;13;0;13;NA;79919;63;2020-11-15;19041
2020-11-14;"Žilinský kraj";189;1038;11;1049;NA;79919;200;2020-11-14;18978
2020-11-13;"Žilinský kraj";181;125;9;134;NA;79919;190;2020-11-13;18778
2020-11-12;"Žilinský kraj";334;79;2;81;NA;79919;336;2020-11-12;18588
2020-11-11;"Žilinský kraj";489;147;10;157;NA;79919;499;2020-11-11;18252
2020-11-10;"Žilinský kraj";374;519;9;528;NA;79919;383;2020-11-10;17753
2020-11-09;"Žilinský kraj";143;2335;30;2365;NA;79919;173;2020-11-09;17370
2020-11-08;"Žilinský kraj";59;2196;35;2231;NA;79919;94;2020-11-08;17197
2020-11-07;"Žilinský kraj";312;8175;88;8263;NA;79919;400;2020-11-07;17103
2020-11-06;"Žilinský kraj";503;4090;38;4128;NA;79919;541;2020-11-06;16703
2020-11-05;"Žilinský kraj";473;64;4;68;NA;79919;477;2020-11-05;16162
2020-11-04;"Žilinský kraj";423;168;10;178;NA;79919;433;2020-11-04;15685
2020-11-03;"Žilinský kraj";688;889;16;905;NA;79919;704;2020-11-03;15252
2020-11-02;"Žilinský kraj";472;1043;39;1082;NA;79919;511;2020-11-02;14548
2020-11-01;"Žilinský kraj";349;5096;130;5226;NA;79919;479;2020-11-01;14037
2020-10-31;"Žilinský kraj";661;7963;203;8166;NA;79919;864;2020-10-31;13558
2020-10-30;"Žilinský kraj";529;2575;61;2636;NA;79919;590;2020-10-30;12694
2020-10-29;"Žilinský kraj";740;503;17;520;NA;79919;757;2020-10-29;12104
2020-10-28;"Žilinský kraj";635;105;11;116;NA;79919;646;2020-10-28;11347
2020-10-27;"Žilinský kraj";355;154;24;178;NA;79919;379;2020-10-27;10701
2020-10-26;"Žilinský kraj";148;117;28;145;NA;79919;176;2020-10-26;10322
2020-10-25;"Žilinský kraj";436;0;0;0;NA;79919;436;2020-10-25;10146
2020-10-24;"Žilinský kraj";803;0;0;0;NA;79919;803;2020-10-24;9710
2020-10-23;"Žilinský kraj";659;102;13;115;NA;79919;672;2020-10-23;8907
2020-10-22;"Žilinský kraj";525;33;3;36;NA;79919;528;2020-10-22;8235
2020-10-21;"Žilinský kraj";478;74;14;88;NA;79919;492;2020-10-21;7707
2020-10-20;"Žilinský kraj";524;127;8;135;NA;79919;532;2020-10-20;7215
2020-10-19;"Žilinský kraj";70;80;12;92;NA;79919;82;2020-10-19;6683
2020-10-18;"Žilinský kraj";159;0;0;0;NA;79919;159;2020-10-18;6601
2020-10-17;"Žilinský kraj";509;0;0;0;NA;79919;509;2020-10-17;6442
2020-10-16;"Žilinský kraj";603;51;9;60;NA;79919;612;2020-10-16;5933
2020-10-15;"Žilinský kraj";679;61;3;64;NA;79919;682;2020-10-15;5321
2020-10-14;"Žilinský kraj";523;269;6;275;NA;79919;529;2020-10-14;4639
2020-10-13;"Žilinský kraj";367;458;40;498;NA;79919;407;2020-10-13;4110
2020-10-12;"Žilinský kraj";62;0;0;0;NA;79919;62;2020-10-12;3703
2020-10-11;"Žilinský kraj";50;0;0;0;NA;79919;50;2020-10-11;3641
2020-10-10;"Žilinský kraj";213;0;0;0;NA;79919;213;2020-10-10;3591
2020-10-09;"Žilinský kraj";543;0;0;0;NA;79919;543;2020-10-09;3378
2020-10-08;"Žilinský kraj";238;0;0;0;NA;79919;238;2020-10-08;2835
2020-10-07;"Žilinský kraj";168;0;0;0;NA;79919;168;2020-10-07;2597
2020-10-06;"Žilinský kraj";233;0;0;0;NA;79919;233;2020-10-06;2429
2020-10-05;"Žilinský kraj";33;0;0;0;NA;79919;33;2020-10-05;2196
2020-10-04;"Žilinský kraj";35;0;0;0;NA;79919;35;2020-10-04;2163
2020-10-03;"Žilinský kraj";155;0;0;0;NA;79919;155;2020-10-03;2128
2020-10-02;"Žilinský kraj";105;0;0;0;NA;79919;105;2020-10-02;1973
2020-10-01;"Žilinský kraj";147;0;0;0;NA;79919;147;2020-10-01;1868
2020-09-30;"Žilinský kraj";163;0;0;0;NA;79919;163;2020-09-30;1721
2020-09-29;"Žilinský kraj";105;0;0;0;NA;79919;105;2020-09-29;1558
2020-09-28;"Žilinský kraj";34;0;0;0;NA;79919;34;2020-09-28;1453
2020-09-27;"Žilinský kraj";108;0;0;0;NA;79919;108;2020-09-27;1419
2020-09-26;"Žilinský kraj";96;0;0;0;NA;79919;96;2020-09-26;1311
2020-09-25;"Žilinský kraj";69;0;0;0;NA;79919;69;2020-09-25;1215
2020-09-24;"Žilinský kraj";100;0;0;0;NA;79919;100;2020-09-24;1146
2020-09-23;"Žilinský kraj";65;0;0;0;NA;79919;65;2020-09-23;1046
2020-09-22;"Žilinský kraj";65;0;0;0;NA;79919;65;2020-09-22;981
2020-09-21;"Žilinský kraj";47;0;0;0;NA;79919;47;2020-09-21;916
2020-09-20;"Žilinský kraj";4;0;0;0;NA;79919;4;2020-09-20;869
2020-09-19;"Žilinský kraj";6;0;0;0;NA;79919;6;2020-09-19;865
2020-09-18;"Žilinský kraj";82;0;0;0;NA;79919;82;2020-09-18;859
2020-09-17;"Žilinský kraj";30;0;0;0;NA;79919;30;2020-09-17;777
2020-09-16;"Žilinský kraj";34;0;0;0;NA;79919;34;2020-09-16;747
2020-09-15;"Žilinský kraj";12;0;0;0;NA;79919;12;2020-09-15;713
2020-09-14;"Žilinský kraj";39;0;0;0;NA;79919;39;2020-09-14;701
2020-09-13;"Žilinský kraj";6;0;0;0;NA;79919;6;2020-09-13;662
2020-09-12;"Žilinský kraj";4;0;0;0;NA;79919;4;2020-09-12;656
2020-09-11;"Žilinský kraj";31;0;0;0;NA;79919;31;2020-09-11;652
2020-09-10;"Žilinský kraj";31;0;0;0;NA;79919;31;2020-09-10;621
2020-09-09;"Žilinský kraj";23;0;0;0;NA;79919;23;2020-09-09;590
2020-09-08;"Žilinský kraj";25;0;0;0;NA;79919;25;2020-09-08;567
2020-09-07;"Žilinský kraj";11;0;0;0;NA;79919;11;2020-09-07;542
2020-09-05;"Žilinský kraj";2;0;0;0;NA;79919;2;2020-09-05;531
2020-09-04;"Žilinský kraj";33;0;0;0;NA;79919;33;2020-09-04;529
2020-09-03;"Žilinský kraj";18;0;0;0;NA;79919;18;2020-09-03;496
2020-09-02;"Žilinský kraj";16;0;0;0;NA;79919;16;2020-09-02;478
2020-09-01;"Žilinský kraj";4;0;0;0;NA;79919;4;2020-09-01;462
2020-08-31;"Žilinský kraj";5;0;0;0;NA;79919;5;2020-08-31;458
2020-08-30;"Žilinský kraj";3;0;0;0;NA;79919;3;2020-08-30;453
2020-08-29;"Žilinský kraj";5;0;0;0;NA;79919;5;2020-08-29;450
2020-08-28;"Žilinský kraj";13;0;0;0;NA;79919;13;2020-08-28;445
2020-08-27;"Žilinský kraj";18;0;0;0;NA;79919;18;2020-08-27;432
2020-08-26;"Žilinský kraj";8;0;0;0;NA;79919;8;2020-08-26;414
2020-08-25;"Žilinský kraj";2;0;0;0;NA;79919;2;2020-08-25;406
2020-08-24;"Žilinský kraj";5;0;0;0;NA;79919;5;2020-08-24;404
2020-08-21;"Žilinský kraj";10;0;0;0;NA;79919;10;2020-08-21;399
2020-08-20;"Žilinský kraj";13;0;0;0;NA;79919;13;2020-08-20;389
2020-08-19;"Žilinský kraj";7;0;0;0;NA;79919;7;2020-08-19;376
2020-08-18;"Žilinský kraj";9;0;0;0;NA;79919;9;2020-08-18;369
2020-08-17;"Žilinský kraj";1;0;0;0;NA;79919;1;2020-08-17;360
2020-08-14;"Žilinský kraj";4;0;0;0;NA;79919;4;2020-08-14;359
2020-08-13;"Žilinský kraj";2;0;0;0;NA;79919;2;2020-08-13;355
2020-08-11;"Žilinský kraj";4;0;0;0;NA;79919;4;2020-08-11;353
2020-08-10;"Žilinský kraj";1;0;0;0;NA;79919;1;2020-08-10;349
2020-08-08;"Žilinský kraj";3;0;0;0;NA;79919;3;2020-08-08;348
2020-08-07;"Žilinský kraj";8;0;0;0;NA;79919;8;2020-08-07;345
2020-08-06;"Žilinský kraj";1;0;0;0;NA;79919;1;2020-08-06;337
2020-08-05;"Žilinský kraj";1;0;0;0;NA;79919;1;2020-08-05;336
2020-08-04;"Žilinský kraj";2;0;0;0;NA;79919;2;2020-08-04;335
2020-08-02;"Žilinský kraj";1;0;0;0;NA;79919;1;2020-08-02;333
2020-07-31;"Žilinský kraj";4;0;0;0;NA;79919;4;2020-07-31;332
2020-07-30;"Žilinský kraj";2;0;0;0;NA;79919;2;2020-07-30;328
2020-07-29;"Žilinský kraj";2;0;0;0;NA;79919;2;2020-07-29;326
2020-07-28;"Žilinský kraj";4;0;0;0;NA;79919;4;2020-07-28;324
2020-07-27;"Žilinský kraj";6;0;0;0;NA;79919;6;2020-07-27;320
2020-07-24;"Žilinský kraj";2;0;0;0;NA;79919;2;2020-07-24;314
2020-07-22;"Žilinský kraj";1;0;0;0;NA;79919;1;2020-07-22;312
2020-07-21;"Žilinský kraj";2;0;0;0;NA;79919;2;2020-07-21;311
2020-07-20;"Žilinský kraj";3;0;0;0;NA;79919;3;2020-07-20;309
2020-07-17;"Žilinský kraj";2;0;0;0;NA;79919;2;2020-07-17;306
2020-07-16;"Žilinský kraj";2;0;0;0;NA;79919;2;2020-07-16;304
2020-07-15;"Žilinský kraj";2;0;0;0;NA;79919;2;2020-07-15;302
2020-07-14;"Žilinský kraj";1;0;0;0;NA;79919;1;2020-07-14;300
2020-07-11;"Žilinský kraj";2;0;0;0;NA;79919;2;2020-07-11;299
2020-07-10;"Žilinský kraj";3;0;0;0;NA;79919;3;2020-07-10;297
2020-07-09;"Žilinský kraj";2;0;0;0;NA;79919;2;2020-07-09;294
2020-07-08;"Žilinský kraj";10;0;0;0;NA;79919;10;2020-07-08;292
2020-07-07;"Žilinský kraj";7;0;0;0;NA;79919;7;2020-07-07;282
2020-07-04;"Žilinský kraj";10;0;0;0;NA;79919;10;2020-07-04;275
2020-07-03;"Žilinský kraj";18;0;0;0;NA;79919;18;2020-07-03;265
2020-07-02;"Žilinský kraj";7;0;0;0;NA;79919;7;2020-07-02;247
2020-06-30;"Žilinský kraj";4;0;0;0;NA;79919;4;2020-06-30;240
2020-06-28;"Žilinský kraj";1;0;0;0;NA;79919;1;2020-06-28;236
2020-06-27;"Žilinský kraj";3;0;0;0;NA;79919;3;2020-06-27;235
2020-06-26;"Žilinský kraj";5;0;0;0;NA;79919;5;2020-06-26;232
2020-06-25;"Žilinský kraj";7;0;0;0;NA;79919;7;2020-06-25;227
2020-06-24;"Žilinský kraj";11;0;0;0;NA;79919;11;2020-06-24;220
2020-06-23;"Žilinský kraj";9;0;0;0;NA;79919;9;2020-06-23;209
2020-06-21;"Žilinský kraj";1;0;0;0;NA;79919;1;2020-06-21;200
2020-06-20;"Žilinský kraj";1;0;0;0;NA;79919;1;2020-06-20;199
2020-06-19;"Žilinský kraj";4;0;0;0;NA;79919;4;2020-06-19;198
2020-06-18;"Žilinský kraj";1;0;0;0;NA;79919;1;2020-06-18;194
2020-06-16;"Žilinský kraj";1;0;0;0;NA;79919;1;2020-06-16;193
2020-06-09;"Žilinský kraj";1;0;0;0;NA;79919;1;2020-06-09;192
2020-05-27;"Žilinský kraj";1;0;0;0;NA;79919;1;2020-05-27;191
2020-05-26;"Žilinský kraj";1;0;0;0;NA;79919;1;2020-05-26;190
2020-05-19;"Žilinský kraj";1;0;0;0;NA;79919;1;2020-05-19;189
2020-05-06;"Žilinský kraj";2;0;0;0;NA;79919;2;2020-05-06;188
2020-05-05;"Žilinský kraj";3;0;0;0;NA;79919;3;2020-05-05;186
2020-05-04;"Žilinský kraj";3;0;0;0;NA;79919;3;2020-05-04;183
2020-05-03;"Žilinský kraj";1;0;0;0;NA;79919;1;2020-05-03;180
2020-05-01;"Žilinský kraj";1;0;0;0;NA;79919;1;2020-05-01;179
2020-04-25;"Žilinský kraj";2;0;0;0;NA;79919;2;2020-04-25;178
2020-04-24;"Žilinský kraj";1;0;0;0;NA;79919;1;2020-04-24;176
2020-04-23;"Žilinský kraj";2;0;0;0;NA;79919;2;2020-04-23;175
2020-04-22;"Žilinský kraj";9;0;0;0;NA;79919;9;2020-04-22;173
2020-04-21;"Žilinský kraj";1;0;0;0;NA;79919;1;2020-04-21;164
2020-04-20;"Žilinský kraj";4;0;0;0;NA;79919;4;2020-04-20;163
2020-04-18;"Žilinský kraj";49;0;0;0;NA;79919;49;2020-04-18;159
2020-04-17;"Žilinský kraj";3;0;0;0;NA;79919;3;2020-04-17;110
2020-04-16;"Žilinský kraj";4;0;0;0;NA;79919;4;2020-04-16;107
2020-04-15;"Žilinský kraj";7;0;0;0;NA;79919;7;2020-04-15;103
2020-04-14;"Žilinský kraj";1;0;0;0;NA;79919;1;2020-04-14;96
2020-04-13;"Žilinský kraj";2;0;0;0;NA;79919;2;2020-04-13;95
2020-04-12;"Žilinský kraj";5;0;0;0;NA;79919;5;2020-04-12;93
2020-04-11;"Žilinský kraj";2;0;0;0;NA;79919;2;2020-04-11;88
2020-04-10;"Žilinský kraj";1;0;0;0;NA;79919;1;2020-04-10;86
2020-04-09;"Žilinský kraj";1;0;0;0;NA;79919;1;2020-04-09;85
2020-04-08;"Žilinský kraj";3;0;0;0;NA;79919;3;2020-04-08;84
2020-04-07;"Žilinský kraj";5;0;0;0;NA;79919;5;2020-04-07;81
2020-04-06;"Žilinský kraj";6;0;0;0;NA;79919;6;2020-04-06;76
2020-04-05;"Žilinský kraj";8;0;0;0;NA;79919;8;2020-04-05;70
2020-04-03;"Žilinský kraj";3;0;0;0;NA;79919;3;2020-04-03;62
2020-04-02;"Žilinský kraj";5;0;0;0;NA;79919;5;2020-04-02;59
2020-04-01;"Žilinský kraj";4;0;0;0;NA;79919;4;2020-04-01;54
2020-03-31;"Žilinský kraj";1;0;0;0;NA;79919;1;2020-03-31;50
2020-03-30;"Žilinský kraj";3;0;0;0;NA;79919;3;2020-03-30;49
2020-03-28;"Žilinský kraj";1;0;0;0;NA;79919;1;2020-03-28;46
2020-03-27;"Žilinský kraj";9;0;0;0;NA;79919;9;2020-03-27;45
2020-03-26;"Žilinský kraj";4;0;0;0;NA;79919;4;2020-03-26;36
2020-03-25;"Žilinský kraj";1;0;0;0;NA;79919;1;2020-03-25;32
2020-03-24;"Žilinský kraj";2;0;0;0;NA;79919;2;2020-03-24;31
2020-03-23;"Žilinský kraj";3;0;0;0;NA;79919;3;2020-03-23;29
2020-03-22;"Žilinský kraj";1;0;0;0;NA;79919;1;2020-03-22;26
2020-03-21;"Žilinský kraj";2;0;0;0;NA;79919;2;2020-03-21;25
2020-03-20;"Žilinský kraj";4;0;0;0;NA;79919;4;2020-03-20;23
2020-03-19;"Žilinský kraj";2;0;0;0;NA;79919;2;2020-03-19;19
2020-03-18;"Žilinský kraj";1;0;0;0;NA;79919;1;2020-03-18;17
2020-03-17;"Žilinský kraj";5;0;0;0;NA;79919;5;2020-03-17;16
2020-03-16;"Žilinský kraj";1;0;0;0;NA;79919;1;2020-03-16;11
2020-03-15;"Žilinský kraj";2;0;0;0;NA;79919;2;2020-03-15;10
2020-03-14;"Žilinský kraj";1;0;0;0;NA;79919;1;2020-03-14;8
2020-03-13;"Žilinský kraj";5;0;0;0;NA;79919;5;2020-03-13;7
2020-03-12;"Žilinský kraj";1;0;0;0;NA;79919;1;2020-03-12;2
2020-03-09;"Žilinský kraj";1;0;0;0;NA;79919;1;2020-03-09;1
