"Datum";"Region";"PCR_Pos";"Ag_Neg";"Ag_Pos";"Total";"Pocet.potvrdenych";"Potvrdenych";"newcases";"date";"positive"
2021-02-28;"Banskobystrický kraj";45;15719;135;15854;0;30870;180;2021-02-28;30870
2021-02-27;"Banskobystrický kraj";289;61150;479;61629;NA;30870;768;2021-02-27;30690
2021-02-26;"Banskobystrický kraj";326;37508;423;37931;NA;30870;749;2021-02-26;29922
2021-02-25;"Banskobystrický kraj";375;17580;486;18066;NA;30870;861;2021-02-25;29173
2021-02-24;"Banskobystrický kraj";332;16731;373;17104;NA;30870;705;2021-02-24;28312
2021-02-23;"Banskobystrický kraj";462;19599;443;20042;NA;30870;905;2021-02-23;27607
2021-02-22;"Banskobystrický kraj";67;23238;487;23725;NA;30870;554;2021-02-22;26702
2021-02-21;"Banskobystrický kraj";68;26585;283;26868;NA;30870;351;2021-02-21;26148
2021-02-20;"Banskobystrický kraj";280;67938;597;68535;NA;30870;877;2021-02-20;25797
2021-02-19;"Banskobystrický kraj";420;38452;498;38950;NA;30870;918;2021-02-19;24920
2021-02-18;"Banskobystrický kraj";241;18811;394;19205;NA;30870;635;2021-02-18;24002
2021-02-17;"Banskobystrický kraj";415;15885;383;16268;NA;30870;798;2021-02-17;23367
2021-02-16;"Banskobystrický kraj";338;20215;362;20577;NA;30870;700;2021-02-16;22569
2021-02-15;"Banskobystrický kraj";118;34962;569;35531;NA;30870;687;2021-02-15;21869
2021-02-14;"Banskobystrický kraj";60;15609;134;15743;NA;30870;194;2021-02-14;21182
2021-02-13;"Banskobystrický kraj";202;44303;399;44702;NA;30870;601;2021-02-13;20988
2021-02-12;"Banskobystrický kraj";312;36344;531;36875;NA;30870;843;2021-02-12;20387
2021-02-11;"Banskobystrický kraj";305;21493;395;21888;NA;30870;700;2021-02-11;19544
2021-02-10;"Banskobystrický kraj";333;13638;320;13958;NA;30870;653;2021-02-10;18844
2021-02-09;"Banskobystrický kraj";329;17738;353;18091;NA;30870;682;2021-02-09;18191
2021-02-08;"Banskobystrický kraj";103;41473;595;42068;NA;30870;698;2021-02-08;17509
2021-02-07;"Banskobystrický kraj";70;24788;152;24940;NA;30870;222;2021-02-07;16811
2021-02-06;"Banskobystrický kraj";178;63225;555;63780;NA;30870;733;2021-02-06;16589
2021-02-05;"Banskobystrický kraj";282;23643;349;23992;NA;30870;631;2021-02-05;15856
2021-02-04;"Banskobystrický kraj";240;13413;435;13848;NA;30870;675;2021-02-04;15225
2021-02-03;"Banskobystrický kraj";350;9151;245;9396;NA;30870;595;2021-02-03;14550
2021-02-02;"Banskobystrický kraj";277;14872;322;15194;NA;30870;599;2021-02-02;13955
2021-02-01;"Banskobystrický kraj";75;19072;379;19451;NA;30870;454;2021-02-01;13356
2021-01-31;"Banskobystrický kraj";34;24292;213;24505;NA;30870;247;2021-01-31;12902
2021-01-30;"Banskobystrický kraj";163;46244;387;46631;NA;30870;550;2021-01-30;12655
2021-01-29;"Banskobystrický kraj";196;16842;271;17113;NA;30870;467;2021-01-29;12105
2021-01-28;"Banskobystrický kraj";218;14374;377;14751;NA;30870;595;2021-01-28;11638
2021-01-27;"Banskobystrický kraj";191;11081;224;11305;NA;30870;415;2021-01-27;11043
2021-01-26;"Banskobystrický kraj";238;20086;297;20383;NA;30870;535;2021-01-26;10628
2021-01-25;"Banskobystrický kraj";82;31721;383;32104;NA;30870;465;2021-01-25;10093
2021-01-24;"Banskobystrický kraj";38;29267;239;29506;NA;30870;277;2021-01-24;9628
2021-01-23;"Banskobystrický kraj";142;84220;506;84726;NA;30870;648;2021-01-23;9351
2021-01-22;"Banskobystrický kraj";175;27493;370;27863;NA;30870;545;2021-01-22;8703
2021-01-21;"Banskobystrický kraj";194;16995;289;17284;NA;30870;483;2021-01-21;8158
2021-01-20;"Banskobystrický kraj";231;9710;218;9928;NA;30870;449;2021-01-20;7675
2021-01-19;"Banskobystrický kraj";213;11639;328;11967;NA;30870;541;2021-01-19;7226
2021-01-18;"Banskobystrický kraj";94;6206;349;6555;NA;30870;443;2021-01-18;6685
2021-01-17;"Banskobystrický kraj";110;8150;77;8227;NA;30870;187;2021-01-17;6242
2021-01-16;"Banskobystrický kraj";58;1403;35;1438;NA;30870;93;2021-01-16;6055
2021-01-15;"Banskobystrický kraj";164;7474;230;7704;NA;30870;394;2021-01-15;5962
2021-01-14;"Banskobystrický kraj";220;6118;340;6458;NA;30870;560;2021-01-14;5568
2021-01-13;"Banskobystrický kraj";235;6153;227;6380;NA;30870;462;2021-01-13;5008
2021-01-12;"Banskobystrický kraj";194;6827;302;7129;NA;30870;496;2021-01-12;4546
2021-01-11;"Banskobystrický kraj";76;8196;472;8668;NA;30870;548;2021-01-11;4050
2021-01-10;"Banskobystrický kraj";110;102;4;106;NA;30870;114;2021-01-10;3502
2021-01-09;"Banskobystrický kraj";297;2260;83;2343;NA;30870;380;2021-01-09;3388
2021-01-08;"Banskobystrický kraj";435;9295;430;9725;NA;30870;865;2021-01-08;3008
2021-01-07;"Banskobystrický kraj";127;5260;333;5593;NA;30870;460;2021-01-07;2143
2021-01-06;"Banskobystrický kraj";305;3072;185;3257;NA;30870;490;2021-01-06;1683
2021-01-05;"Banskobystrický kraj";372;7259;533;7792;NA;30870;905;2021-01-05;1193
2021-01-04;"Banskobystrický kraj";130;6992;701;7693;NA;30870;831;2021-01-04;288
2021-01-03;"Banskobystrický kraj";199;162;13;175;NA;30870;212;2021-01-03;-543
2021-01-02;"Banskobystrický kraj";123;583;83;666;NA;30870;206;2021-01-02;-755
2021-01-01;"Banskobystrický kraj";220;1668;115;1783;NA;30870;335;2021-01-01;-961
2020-12-31;"Banskobystrický kraj";499;7279;632;7911;NA;30870;1131;2020-12-31;-1296
2020-12-30;"Banskobystrický kraj";593;7566;556;8122;NA;30870;1149;2020-12-30;-2427
2020-12-29;"Banskobystrický kraj";240;7769;738;8507;NA;30870;978;2020-12-29;-3576
2020-12-28;"Banskobystrický kraj";131;5659;703;6362;NA;30870;834;2020-12-28;-4554
2020-12-27;"Banskobystrický kraj";116;496;25;521;NA;30870;141;2020-12-27;-5388
2020-12-26;"Banskobystrický kraj";61;259;32;291;NA;30870;93;2020-12-26;-5529
2020-12-25;"Banskobystrický kraj";65;229;6;235;NA;30870;71;2020-12-25;-5622
2020-12-24;"Banskobystrický kraj";452;3674;135;3809;NA;30870;587;2020-12-24;-5693
2020-12-23;"Banskobystrický kraj";368;10110;507;10617;NA;30870;875;2020-12-23;-6280
2020-12-22;"Banskobystrický kraj";307;8434;624;9058;NA;30870;931;2020-12-22;-7155
2020-12-21;"Banskobystrický kraj";286;4898;448;5346;NA;30870;734;2020-12-21;-8086
2020-12-20;"Banskobystrický kraj";155;99;14;113;NA;30870;169;2020-12-20;-8820
2020-12-19;"Banskobystrický kraj";170;2918;135;3053;NA;30870;305;2020-12-19;-8989
2020-12-18;"Banskobystrický kraj";432;6454;414;6868;NA;30870;846;2020-12-18;-9294
2020-12-17;"Banskobystrický kraj";468;8474;772;9246;NA;30870;1240;2020-12-17;-10140
2020-12-16;"Banskobystrický kraj";379;10080;557;10637;NA;30870;936;2020-12-16;-11380
2020-12-15;"Banskobystrický kraj";336;5318;430;5748;NA;30870;766;2020-12-15;-12316
2020-12-14;"Banskobystrický kraj";148;3733;259;3992;NA;30870;407;2020-12-14;-13082
2020-12-13;"Banskobystrický kraj";122;19;1;20;NA;30870;123;2020-12-13;-13489
2020-12-12;"Banskobystrický kraj";137;2594;138;2732;NA;30870;275;2020-12-12;-13612
2020-12-11;"Banskobystrický kraj";468;6443;374;6817;NA;30870;842;2020-12-11;-13887
2020-12-10;"Banskobystrický kraj";280;5027;351;5378;NA;30870;631;2020-12-10;-14729
2020-12-09;"Banskobystrický kraj";323;3707;212;3919;NA;30870;535;2020-12-09;-15360
2020-12-08;"Banskobystrický kraj";256;3667;276;3943;NA;30870;532;2020-12-08;-15895
2020-12-07;"Banskobystrický kraj";175;2006;140;2146;NA;30870;315;2020-12-07;-16427
2020-12-06;"Banskobystrický kraj";121;359;9;368;NA;30870;130;2020-12-06;-16742
2020-12-05;"Banskobystrický kraj";109;952;33;985;NA;30870;142;2020-12-05;-16872
2020-12-04;"Banskobystrický kraj";339;3723;174;3897;NA;30870;513;2020-12-04;-17014
2020-12-03;"Banskobystrický kraj";240;2913;227;3140;NA;30870;467;2020-12-03;-17527
2020-12-02;"Banskobystrický kraj";217;4292;186;4478;NA;30870;403;2020-12-02;-17994
2020-12-01;"Banskobystrický kraj";215;2619;134;2753;NA;30870;349;2020-12-01;-18397
2020-11-30;"Banskobystrický kraj";74;3761;226;3987;NA;30870;300;2020-11-30;-18746
2020-11-29;"Banskobystrický kraj";19;80;3;83;NA;30870;22;2020-11-29;-19046
2020-11-28;"Banskobystrický kraj";81;1279;48;1327;NA;30870;129;2020-11-28;-19068
2020-11-27;"Banskobystrický kraj";219;1930;120;2050;NA;30870;339;2020-11-27;-19197
2020-11-26;"Banskobystrický kraj";208;1855;91;1946;NA;30870;299;2020-11-26;-19536
2020-11-25;"Banskobystrický kraj";170;1760;84;1844;NA;30870;254;2020-11-25;-19835
2020-11-24;"Banskobystrický kraj";166;2262;67;2329;NA;30870;233;2020-11-24;-20089
2020-11-23;"Banskobystrický kraj";66;9948;191;10139;NA;30870;257;2020-11-23;-20322
2020-11-22;"Banskobystrický kraj";38;72;1;73;NA;30870;39;2020-11-22;-20579
2020-11-21;"Banskobystrický kraj";52;885;14;899;NA;30870;66;2020-11-21;-20618
2020-11-20;"Banskobystrický kraj";127;1872;105;1977;NA;30870;232;2020-11-20;-20684
2020-11-19;"Banskobystrický kraj";170;1112;82;1194;NA;30870;252;2020-11-19;-20916
2020-11-18;"Banskobystrický kraj";153;587;62;649;NA;30870;215;2020-11-18;-21168
2020-11-17;"Banskobystrický kraj";52;578;35;613;NA;30870;87;2020-11-17;-21383
2020-11-16;"Banskobystrický kraj";106;351;22;373;NA;30870;128;2020-11-16;-21470
2020-11-15;"Banskobystrický kraj";52;64;2;66;NA;30870;54;2020-11-15;-21598
2020-11-14;"Banskobystrický kraj";73;305;2;307;NA;30870;75;2020-11-14;-21652
2020-11-13;"Banskobystrický kraj";157;552;11;563;NA;30870;168;2020-11-13;-21727
2020-11-12;"Banskobystrický kraj";218;952;44;996;NA;30870;262;2020-11-12;-21895
2020-11-11;"Banskobystrický kraj";224;437;9;446;NA;30870;233;2020-11-11;-22157
2020-11-10;"Banskobystrický kraj";263;463;18;481;NA;30870;281;2020-11-10;-22390
2020-11-09;"Banskobystrický kraj";80;2678;31;2709;NA;30870;111;2020-11-09;-22671
2020-11-08;"Banskobystrický kraj";82;783;16;799;NA;30870;98;2020-11-08;-22782
2020-11-07;"Banskobystrický kraj";164;8828;94;8922;NA;30870;258;2020-11-07;-22880
2020-11-06;"Banskobystrický kraj";227;2496;16;2512;NA;30870;243;2020-11-06;-23138
2020-11-05;"Banskobystrický kraj";240;263;33;296;NA;30870;273;2020-11-05;-23381
2020-11-04;"Banskobystrický kraj";254;1366;13;1379;NA;30870;267;2020-11-04;-23654
2020-11-03;"Banskobystrický kraj";246;1332;4;1336;NA;30870;250;2020-11-03;-23921
2020-11-02;"Banskobystrický kraj";90;2247;65;2312;NA;30870;155;2020-11-02;-24171
2020-11-01;"Banskobystrický kraj";101;2671;42;2713;NA;30870;143;2020-11-01;-24326
2020-10-31;"Banskobystrický kraj";199;13516;116;13632;NA;30870;315;2020-10-31;-24469
2020-10-30;"Banskobystrický kraj";254;2829;20;2849;NA;30870;274;2020-10-30;-24784
2020-10-29;"Banskobystrický kraj";372;969;42;1011;NA;30870;414;2020-10-29;-25058
2020-10-28;"Banskobystrický kraj";285;302;30;332;NA;30870;315;2020-10-28;-25472
2020-10-27;"Banskobystrický kraj";266;654;40;694;NA;30870;306;2020-10-27;-25787
2020-10-26;"Banskobystrický kraj";38;232;29;261;NA;30870;67;2020-10-26;-26093
2020-10-25;"Banskobystrický kraj";50;140;11;151;NA;30870;61;2020-10-25;-26160
2020-10-24;"Banskobystrický kraj";315;114;12;126;NA;30870;327;2020-10-24;-26221
2020-10-23;"Banskobystrický kraj";231;230;29;259;NA;30870;260;2020-10-23;-26548
2020-10-22;"Banskobystrický kraj";264;253;24;277;NA;30870;288;2020-10-22;-26808
2020-10-21;"Banskobystrický kraj";209;266;3;269;NA;30870;212;2020-10-21;-27096
2020-10-20;"Banskobystrický kraj";210;66;3;69;NA;30870;213;2020-10-20;-27308
2020-10-19;"Banskobystrický kraj";27;71;12;83;NA;30870;39;2020-10-19;-27521
2020-10-18;"Banskobystrický kraj";49;0;0;0;NA;30870;49;2020-10-18;-27560
2020-10-17;"Banskobystrický kraj";91;0;0;0;NA;30870;91;2020-10-17;-27609
2020-10-16;"Banskobystrický kraj";224;37;3;40;NA;30870;227;2020-10-16;-27700
2020-10-15;"Banskobystrický kraj";133;29;1;30;NA;30870;134;2020-10-15;-27927
2020-10-14;"Banskobystrický kraj";139;31;1;32;NA;30870;140;2020-10-14;-28061
2020-10-13;"Banskobystrický kraj";151;169;11;180;NA;30870;162;2020-10-13;-28201
2020-10-12;"Banskobystrický kraj";11;13;0;13;NA;30870;11;2020-10-12;-28363
2020-10-11;"Banskobystrický kraj";14;0;0;0;NA;30870;14;2020-10-11;-28374
2020-10-10;"Banskobystrický kraj";53;0;0;0;NA;30870;53;2020-10-10;-28388
2020-10-09;"Banskobystrický kraj";128;0;0;0;NA;30870;128;2020-10-09;-28441
2020-10-08;"Banskobystrický kraj";99;0;0;0;NA;30870;99;2020-10-08;-28569
2020-10-07;"Banskobystrický kraj";124;0;0;0;NA;30870;124;2020-10-07;-28668
2020-10-06;"Banskobystrický kraj";68;0;0;0;NA;30870;68;2020-10-06;-28792
2020-10-05;"Banskobystrický kraj";49;0;0;0;NA;30870;49;2020-10-05;-28860
2020-10-04;"Banskobystrický kraj";8;0;0;0;NA;30870;8;2020-10-04;-28909
2020-10-03;"Banskobystrický kraj";37;0;0;0;NA;30870;37;2020-10-03;-28917
2020-10-02;"Banskobystrický kraj";74;0;0;0;NA;30870;74;2020-10-02;-28954
2020-10-01;"Banskobystrický kraj";49;0;0;0;NA;30870;49;2020-10-01;-29028
2020-09-30;"Banskobystrický kraj";60;0;0;0;NA;30870;60;2020-09-30;-29077
2020-09-29;"Banskobystrický kraj";24;0;0;0;NA;30870;24;2020-09-29;-29137
2020-09-27;"Banskobystrický kraj";20;0;0;0;NA;30870;20;2020-09-27;-29161
2020-09-26;"Banskobystrický kraj";24;0;0;0;NA;30870;24;2020-09-26;-29181
2020-09-25;"Banskobystrický kraj";29;0;0;0;NA;30870;29;2020-09-25;-29205
2020-09-24;"Banskobystrický kraj";25;0;0;0;NA;30870;25;2020-09-24;-29234
2020-09-23;"Banskobystrický kraj";17;0;0;0;NA;30870;17;2020-09-23;-29259
2020-09-22;"Banskobystrický kraj";25;0;0;0;NA;30870;25;2020-09-22;-29276
2020-09-21;"Banskobystrický kraj";3;0;0;0;NA;30870;3;2020-09-21;-29301
2020-09-19;"Banskobystrický kraj";3;0;0;0;NA;30870;3;2020-09-19;-29304
2020-09-18;"Banskobystrický kraj";24;0;0;0;NA;30870;24;2020-09-18;-29307
2020-09-17;"Banskobystrický kraj";14;0;0;0;NA;30870;14;2020-09-17;-29331
2020-09-16;"Banskobystrický kraj";6;0;0;0;NA;30870;6;2020-09-16;-29345
2020-09-15;"Banskobystrický kraj";2;0;0;0;NA;30870;2;2020-09-15;-29351
2020-09-14;"Banskobystrický kraj";13;0;0;0;NA;30870;13;2020-09-14;-29353
2020-09-13;"Banskobystrický kraj";1;0;0;0;NA;30870;1;2020-09-13;-29366
2020-09-12;"Banskobystrický kraj";5;0;0;0;NA;30870;5;2020-09-12;-29367
2020-09-11;"Banskobystrický kraj";19;0;0;0;NA;30870;19;2020-09-11;-29372
2020-09-10;"Banskobystrický kraj";11;0;0;0;NA;30870;11;2020-09-10;-29391
2020-09-09;"Banskobystrický kraj";13;0;0;0;NA;30870;13;2020-09-09;-29402
2020-09-08;"Banskobystrický kraj";5;0;0;0;NA;30870;5;2020-09-08;-29415
2020-09-07;"Banskobystrický kraj";2;0;0;0;NA;30870;2;2020-09-07;-29420
2020-09-04;"Banskobystrický kraj";9;0;0;0;NA;30870;9;2020-09-04;-29422
2020-09-03;"Banskobystrický kraj";5;0;0;0;NA;30870;5;2020-09-03;-29431
2020-09-02;"Banskobystrický kraj";6;0;0;0;NA;30870;6;2020-09-02;-29436
2020-09-01;"Banskobystrický kraj";2;0;0;0;NA;30870;2;2020-09-01;-29442
2020-08-31;"Banskobystrický kraj";6;0;0;0;NA;30870;6;2020-08-31;-29444
2020-08-29;"Banskobystrický kraj";1;0;0;0;NA;30870;1;2020-08-29;-29450
2020-08-28;"Banskobystrický kraj";3;0;0;0;NA;30870;3;2020-08-28;-29451
2020-08-27;"Banskobystrický kraj";1;0;0;0;NA;30870;1;2020-08-27;-29454
2020-08-26;"Banskobystrický kraj";2;0;0;0;NA;30870;2;2020-08-26;-29455
2020-08-25;"Banskobystrický kraj";2;0;0;0;NA;30870;2;2020-08-25;-29457
2020-08-21;"Banskobystrický kraj";4;0;0;0;NA;30870;4;2020-08-21;-29459
2020-08-20;"Banskobystrický kraj";1;0;0;0;NA;30870;1;2020-08-20;-29463
2020-08-19;"Banskobystrický kraj";4;0;0;0;NA;30870;4;2020-08-19;-29464
2020-08-17;"Banskobystrický kraj";1;0;0;0;NA;30870;1;2020-08-17;-29468
2020-08-14;"Banskobystrický kraj";5;0;0;0;NA;30870;5;2020-08-14;-29469
2020-08-11;"Banskobystrický kraj";2;0;0;0;NA;30870;2;2020-08-11;-29474
2020-08-10;"Banskobystrický kraj";3;0;0;0;NA;30870;3;2020-08-10;-29476
2020-08-08;"Banskobystrický kraj";2;0;0;0;NA;30870;2;2020-08-08;-29479
2020-08-07;"Banskobystrický kraj";1;0;0;0;NA;30870;1;2020-08-07;-29481
2020-08-06;"Banskobystrický kraj";1;0;0;0;NA;30870;1;2020-08-06;-29482
2020-08-04;"Banskobystrický kraj";3;0;0;0;NA;30870;3;2020-08-04;-29483
2020-08-01;"Banskobystrický kraj";1;0;0;0;NA;30870;1;2020-08-01;-29486
2020-07-31;"Banskobystrický kraj";2;0;0;0;NA;30870;2;2020-07-31;-29487
2020-07-30;"Banskobystrický kraj";1;0;0;0;NA;30870;1;2020-07-30;-29489
2020-07-28;"Banskobystrický kraj";2;0;0;0;NA;30870;2;2020-07-28;-29490
2020-07-27;"Banskobystrický kraj";3;0;0;0;NA;30870;3;2020-07-27;-29492
2020-07-24;"Banskobystrický kraj";9;0;0;0;NA;30870;9;2020-07-24;-29495
2020-07-22;"Banskobystrický kraj";3;0;0;0;NA;30870;3;2020-07-22;-29504
2020-07-21;"Banskobystrický kraj";3;0;0;0;NA;30870;3;2020-07-21;-29507
2020-07-20;"Banskobystrický kraj";1;0;0;0;NA;30870;1;2020-07-20;-29510
2020-07-19;"Banskobystrický kraj";1;0;0;0;NA;30870;1;2020-07-19;-29511
2020-07-17;"Banskobystrický kraj";2;0;0;0;NA;30870;2;2020-07-17;-29512
2020-07-16;"Banskobystrický kraj";1;0;0;0;NA;30870;1;2020-07-16;-29514
2020-07-15;"Banskobystrický kraj";4;0;0;0;NA;30870;4;2020-07-15;-29515
2020-07-14;"Banskobystrický kraj";2;0;0;0;NA;30870;2;2020-07-14;-29519
2020-07-13;"Banskobystrický kraj";1;0;0;0;NA;30870;1;2020-07-13;-29521
2020-07-10;"Banskobystrický kraj";3;0;0;0;NA;30870;3;2020-07-10;-29522
2020-07-09;"Banskobystrický kraj";9;0;0;0;NA;30870;9;2020-07-09;-29525
2020-07-07;"Banskobystrický kraj";4;0;0;0;NA;30870;4;2020-07-07;-29534
2020-07-04;"Banskobystrický kraj";1;0;0;0;NA;30870;1;2020-07-04;-29538
2020-07-03;"Banskobystrický kraj";4;0;0;0;NA;30870;4;2020-07-03;-29539
2020-07-01;"Banskobystrický kraj";1;0;0;0;NA;30870;1;2020-07-01;-29543
2020-06-25;"Banskobystrický kraj";1;0;0;0;NA;30870;1;2020-06-25;-29544
2020-06-23;"Banskobystrický kraj";6;0;0;0;NA;30870;6;2020-06-23;-29545
2020-06-19;"Banskobystrický kraj";2;0;0;0;NA;30870;2;2020-06-19;-29551
2020-06-18;"Banskobystrický kraj";10;0;0;0;NA;30870;10;2020-06-18;-29553
2020-06-17;"Banskobystrický kraj";1;0;0;0;NA;30870;1;2020-06-17;-29563
2020-06-14;"Banskobystrický kraj";2;0;0;0;NA;30870;2;2020-06-14;-29564
2020-06-13;"Banskobystrický kraj";2;0;0;0;NA;30870;2;2020-06-13;-29566
2020-06-11;"Banskobystrický kraj";1;0;0;0;NA;30870;1;2020-06-11;-29568
2020-06-05;"Banskobystrický kraj";2;0;0;0;NA;30870;2;2020-06-05;-29569
2020-05-27;"Banskobystrický kraj";1;0;0;0;NA;30870;1;2020-05-27;-29571
2020-05-23;"Banskobystrický kraj";1;0;0;0;NA;30870;1;2020-05-23;-29572
2020-05-20;"Banskobystrický kraj";1;0;0;0;NA;30870;1;2020-05-20;-29573
2020-05-12;"Banskobystrický kraj";1;0;0;0;NA;30870;1;2020-05-12;-29574
2020-05-07;"Banskobystrický kraj";2;0;0;0;NA;30870;2;2020-05-07;-29575
2020-05-06;"Banskobystrický kraj";1;0;0;0;NA;30870;1;2020-05-06;-29577
2020-05-05;"Banskobystrický kraj";2;0;0;0;NA;30870;2;2020-05-05;-29578
2020-04-30;"Banskobystrický kraj";1;0;0;0;NA;30870;1;2020-04-30;-29580
2020-04-29;"Banskobystrický kraj";1;0;0;0;NA;30870;1;2020-04-29;-29581
2020-04-25;"Banskobystrický kraj";2;0;0;0;NA;30870;2;2020-04-25;-29582
2020-04-24;"Banskobystrický kraj";3;0;0;0;NA;30870;3;2020-04-24;-29584
2020-04-23;"Banskobystrický kraj";2;0;0;0;NA;30870;2;2020-04-23;-29587
2020-04-22;"Banskobystrický kraj";2;0;0;0;NA;30870;2;2020-04-22;-29589
2020-04-21;"Banskobystrický kraj";2;0;0;0;NA;30870;2;2020-04-21;-29591
2020-04-18;"Banskobystrický kraj";8;0;0;0;NA;30870;8;2020-04-18;-29593
2020-04-17;"Banskobystrický kraj";2;0;0;0;NA;30870;2;2020-04-17;-29601
2020-04-15;"Banskobystrický kraj";10;0;0;0;NA;30870;10;2020-04-15;-29603
2020-04-13;"Banskobystrický kraj";2;0;0;0;NA;30870;2;2020-04-13;-29613
2020-04-12;"Banskobystrický kraj";4;0;0;0;NA;30870;4;2020-04-12;-29615
2020-04-11;"Banskobystrický kraj";1;0;0;0;NA;30870;1;2020-04-11;-29619
2020-04-09;"Banskobystrický kraj";2;0;0;0;NA;30870;2;2020-04-09;-29620
2020-04-07;"Banskobystrický kraj";4;0;0;0;NA;30870;4;2020-04-07;-29622
2020-04-06;"Banskobystrický kraj";10;0;0;0;NA;30870;10;2020-04-06;-29626
2020-04-05;"Banskobystrický kraj";9;0;0;0;NA;30870;9;2020-04-05;-29636
2020-04-03;"Banskobystrický kraj";2;0;0;0;NA;30870;2;2020-04-03;-29645
2020-04-02;"Banskobystrický kraj";2;0;0;0;NA;30870;2;2020-04-02;-29647
2020-04-01;"Banskobystrický kraj";5;0;0;0;NA;30870;5;2020-04-01;-29649
2020-03-31;"Banskobystrický kraj";3;0;0;0;NA;30870;3;2020-03-31;-29654
2020-03-30;"Banskobystrický kraj";1;0;0;0;NA;30870;1;2020-03-30;-29657
2020-03-29;"Banskobystrický kraj";2;0;0;0;NA;30870;2;2020-03-29;-29658
2020-03-28;"Banskobystrický kraj";1;0;0;0;NA;30870;1;2020-03-28;-29660
2020-03-27;"Banskobystrický kraj";1;0;0;0;NA;30870;1;2020-03-27;-29661
2020-03-26;"Banskobystrický kraj";1;0;0;0;NA;30870;1;2020-03-26;-29662
2020-03-24;"Banskobystrický kraj";1;0;0;0;NA;30870;1;2020-03-24;-29663
2020-03-23;"Banskobystrický kraj";1;0;0;0;NA;30870;1;2020-03-23;-29664
2020-03-21;"Banskobystrický kraj";3;0;0;0;NA;30870;3;2020-03-21;-29665
2020-03-19;"Banskobystrický kraj";2;0;0;0;NA;30870;2;2020-03-19;-29668
2020-03-18;"Banskobystrický kraj";1;0;0;0;NA;30870;1;2020-03-18;-29670
2020-03-17;"Banskobystrický kraj";1;0;0;0;NA;30870;1;2020-03-17;-29671
2020-03-15;"Banskobystrický kraj";1;0;0;0;NA;30870;1;2020-03-15;-29672
2020-03-13;"Banskobystrický kraj";1;0;0;0;NA;30870;1;2020-03-13;-29673
2021-02-28;"Bratislavský kraj";184;35668;254;35922;0;32287;438;2021-02-28;32287
2021-02-27;"Bratislavský kraj";151;47231;246;47477;NA;32287;397;2021-02-27;31849
2021-02-26;"Bratislavský kraj";277;37667;324;37991;NA;32287;601;2021-02-26;31452
2021-02-25;"Bratislavský kraj";277;26237;397;26634;NA;32287;674;2021-02-25;30851
2021-02-24;"Bratislavský kraj";217;23061;357;23418;NA;32287;574;2021-02-24;30177
2021-02-23;"Bratislavský kraj";257;26456;304;26760;NA;32287;561;2021-02-23;29603
2021-02-22;"Bratislavský kraj";353;31624;401;32025;NA;32287;754;2021-02-22;29042
2021-02-21;"Bratislavský kraj";185;35482;282;35764;NA;32287;467;2021-02-21;28288
2021-02-20;"Bratislavský kraj";167;58191;446;58637;NA;32287;613;2021-02-20;27821
2021-02-19;"Bratislavský kraj";280;38299;355;38654;NA;32287;635;2021-02-19;27208
2021-02-18;"Bratislavský kraj";263;22621;308;22929;NA;32287;571;2021-02-18;26573
2021-02-17;"Bratislavský kraj";264;20357;275;20632;NA;32287;539;2021-02-17;26002
2021-02-16;"Bratislavský kraj";289;23563;277;23840;NA;32287;566;2021-02-16;25463
2021-02-15;"Bratislavský kraj";248;33292;337;33629;NA;32287;585;2021-02-15;24897
2021-02-14;"Bratislavský kraj";153;36330;255;36585;NA;32287;408;2021-02-14;24312
2021-02-13;"Bratislavský kraj";173;57060;445;57505;NA;32287;618;2021-02-13;23904
2021-02-12;"Bratislavský kraj";282;31528;277;31805;NA;32287;559;2021-02-12;23286
2021-02-11;"Bratislavský kraj";337;22459;271;22730;NA;32287;608;2021-02-11;22727
2021-02-10;"Bratislavský kraj";314;20621;318;20939;NA;32287;632;2021-02-10;22119
2021-02-09;"Bratislavský kraj";287;33561;415;33976;NA;32287;702;2021-02-09;21487
2021-02-08;"Bratislavský kraj";484;32179;377;32556;NA;32287;861;2021-02-08;20785
2021-02-07;"Bratislavský kraj";243;46568;386;46954;NA;32287;629;2021-02-07;19924
2021-02-06;"Bratislavský kraj";116;59501;483;59984;NA;32287;599;2021-02-06;19295
2021-02-05;"Bratislavský kraj";327;25822;367;26189;NA;32287;694;2021-02-05;18696
2021-02-04;"Bratislavský kraj";555;15909;349;16258;NA;32287;904;2021-02-04;18002
2021-02-03;"Bratislavský kraj";161;12684;338;13022;NA;32287;499;2021-02-03;17098
2021-02-02;"Bratislavský kraj";397;26016;437;26453;NA;32287;834;2021-02-02;16599
2021-02-01;"Bratislavský kraj";221;37026;442;37468;NA;32287;663;2021-02-01;15765
2021-01-31;"Bratislavský kraj";180;33163;376;33539;NA;32287;556;2021-01-31;15102
2021-01-30;"Bratislavský kraj";310;38739;420;39159;NA;32287;730;2021-01-30;14546
2021-01-29;"Bratislavský kraj";344;14331;312;14643;NA;32287;656;2021-01-29;13816
2021-01-28;"Bratislavský kraj";307;10452;301;10753;NA;32287;608;2021-01-28;13160
2021-01-27;"Bratislavský kraj";336;22701;348;23049;NA;32287;684;2021-01-27;12552
2021-01-26;"Bratislavský kraj";297;21825;279;22104;NA;32287;576;2021-01-26;11868
2021-01-25;"Bratislavský kraj";356;21956;230;22186;NA;32287;586;2021-01-25;11292
2021-01-24;"Bratislavský kraj";175;34397;349;34746;NA;32287;524;2021-01-24;10706
2021-01-23;"Bratislavský kraj";396;74247;644;74891;NA;32287;1040;2021-01-23;10182
2021-01-22;"Bratislavský kraj";199;40516;341;40857;NA;32287;540;2021-01-22;9142
2021-01-21;"Bratislavský kraj";255;104917;1313;106230;NA;32287;1568;2021-01-21;8602
2021-01-20;"Bratislavský kraj";360;27466;463;27929;NA;32287;823;2021-01-20;7034
2021-01-19;"Bratislavský kraj";375;14345;344;14689;NA;32287;719;2021-01-19;6211
2021-01-18;"Bratislavský kraj";357;11645;706;12351;NA;32287;1063;2021-01-18;5492
2021-01-17;"Bratislavský kraj";244;410;26;436;NA;32287;270;2021-01-17;4429
2021-01-16;"Bratislavský kraj";70;2749;156;2905;NA;32287;226;2021-01-16;4159
2021-01-15;"Bratislavský kraj";251;7632;254;7886;NA;32287;505;2021-01-15;3933
2021-01-14;"Bratislavský kraj";363;8078;273;8351;NA;32287;636;2021-01-14;3428
2021-01-13;"Bratislavský kraj";336;7886;328;8214;NA;32287;664;2021-01-13;2792
2021-01-12;"Bratislavský kraj";450;9435;463;9898;NA;32287;913;2021-01-12;2128
2021-01-11;"Bratislavský kraj";397;18956;380;19336;NA;32287;777;2021-01-11;1215
2021-01-10;"Bratislavský kraj";252;1341;79;1420;NA;32287;331;2021-01-10;438
2021-01-09;"Bratislavský kraj";351;4946;291;5237;NA;32287;642;2021-01-09;107
2021-01-08;"Bratislavský kraj";556;9319;431;9750;NA;32287;987;2021-01-08;-535
2021-01-07;"Bratislavský kraj";537;7135;426;7561;NA;32287;963;2021-01-07;-1522
2021-01-06;"Bratislavský kraj";271;3018;216;3234;NA;32287;487;2021-01-06;-2485
2021-01-05;"Bratislavský kraj";619;11567;842;12409;NA;32287;1461;2021-01-05;-2972
2021-01-04;"Bratislavský kraj";601;7302;608;7910;NA;32287;1209;2021-01-04;-4433
2021-01-03;"Bratislavský kraj";77;389;41;430;NA;32287;118;2021-01-03;-5642
2021-01-02;"Bratislavský kraj";185;370;56;426;NA;32287;241;2021-01-02;-5760
2021-01-01;"Bratislavský kraj";235;3143;130;3273;NA;32287;365;2021-01-01;-6001
2020-12-31;"Bratislavský kraj";925;13824;590;14414;NA;32287;1515;2020-12-31;-6366
2020-12-30;"Bratislavský kraj";650;9195;519;9714;NA;32287;1169;2020-12-30;-7881
2020-12-29;"Bratislavský kraj";303;10223;774;10997;NA;32287;1077;2020-12-29;-9050
2020-12-28;"Bratislavský kraj";255;7608;559;8167;NA;32287;814;2020-12-28;-10127
2020-12-27;"Bratislavský kraj";160;646;76;722;NA;32287;236;2020-12-27;-10941
2020-12-26;"Bratislavský kraj";75;416;23;439;NA;32287;98;2020-12-26;-11177
2020-12-25;"Bratislavský kraj";114;460;38;498;NA;32287;152;2020-12-25;-11275
2020-12-24;"Bratislavský kraj";536;3373;102;3475;NA;32287;638;2020-12-24;-11427
2020-12-23;"Bratislavský kraj";416;13030;498;13528;NA;32287;914;2020-12-23;-12065
2020-12-22;"Bratislavský kraj";327;15107;770;15877;NA;32287;1097;2020-12-22;-12979
2020-12-21;"Bratislavský kraj";392;14930;2002;16932;NA;32287;2394;2020-12-21;-14076
2020-12-20;"Bratislavský kraj";180;633;54;687;NA;32287;234;2020-12-20;-16470
2020-12-19;"Bratislavský kraj";396;3150;129;3279;NA;32287;525;2020-12-19;-16704
2020-12-18;"Bratislavský kraj";306;10477;413;10890;NA;32287;719;2020-12-18;-17229
2020-12-17;"Bratislavský kraj";502;10153;410;10563;NA;32287;912;2020-12-17;-17948
2020-12-16;"Bratislavský kraj";282;10566;456;11022;NA;32287;738;2020-12-16;-18860
2020-12-15;"Bratislavský kraj";423;10856;488;11344;NA;32287;911;2020-12-15;-19598
2020-12-14;"Bratislavský kraj";279;6628;310;6938;NA;32287;589;2020-12-14;-20509
2020-12-13;"Bratislavský kraj";125;108;7;115;NA;32287;132;2020-12-13;-21098
2020-12-12;"Bratislavský kraj";361;3734;157;3891;NA;32287;518;2020-12-12;-21230
2020-12-11;"Bratislavský kraj";326;7102;302;7404;NA;32287;628;2020-12-11;-21748
2020-12-10;"Bratislavský kraj";286;5169;222;5391;NA;32287;508;2020-12-10;-22376
2020-12-09;"Bratislavský kraj";382;4778;188;4966;NA;32287;570;2020-12-09;-22884
2020-12-08;"Bratislavský kraj";234;5900;213;6113;NA;32287;447;2020-12-08;-23454
2020-12-07;"Bratislavský kraj";272;4345;168;4513;NA;32287;440;2020-12-07;-23901
2020-12-06;"Bratislavský kraj";61;1584;52;1636;NA;32287;113;2020-12-06;-24341
2020-12-05;"Bratislavský kraj";266;2134;40;2174;NA;32287;306;2020-12-05;-24454
2020-12-04;"Bratislavský kraj";200;4511;104;4615;NA;32287;304;2020-12-04;-24760
2020-12-03;"Bratislavský kraj";213;5036;102;5138;NA;32287;315;2020-12-03;-25064
2020-12-02;"Bratislavský kraj";205;2504;83;2587;NA;32287;288;2020-12-02;-25379
2020-12-01;"Bratislavský kraj";255;3305;168;3473;NA;32287;423;2020-12-01;-25667
2020-11-30;"Bratislavský kraj";152;2061;123;2184;NA;32287;275;2020-11-30;-26090
2020-11-29;"Bratislavský kraj";52;41;21;62;NA;32287;73;2020-11-29;-26365
2020-11-28;"Bratislavský kraj";232;1983;21;2004;NA;32287;253;2020-11-28;-26438
2020-11-27;"Bratislavský kraj";54;1198;29;1227;NA;32287;83;2020-11-27;-26691
2020-11-26;"Bratislavský kraj";129;1114;25;1139;NA;32287;154;2020-11-26;-26774
2020-11-25;"Bratislavský kraj";140;1133;31;1164;NA;32287;171;2020-11-25;-26928
2020-11-24;"Bratislavský kraj";81;2988;67;3055;NA;32287;148;2020-11-24;-27099
2020-11-23;"Bratislavský kraj";67;405;13;418;NA;32287;80;2020-11-23;-27247
2020-11-22;"Bratislavský kraj";36;81;7;88;NA;32287;43;2020-11-22;-27327
2020-11-21;"Bratislavský kraj";109;2126;47;2173;NA;32287;156;2020-11-21;-27370
2020-11-20;"Bratislavský kraj";118;2869;48;2917;NA;32287;166;2020-11-20;-27526
2020-11-19;"Bratislavský kraj";173;987;29;1016;NA;32287;202;2020-11-19;-27692
2020-11-18;"Bratislavský kraj";118;616;75;691;NA;32287;193;2020-11-18;-27894
2020-11-17;"Bratislavský kraj";108;928;23;951;NA;32287;131;2020-11-17;-28087
2020-11-16;"Bratislavský kraj";82;651;9;660;NA;32287;91;2020-11-16;-28218
2020-11-15;"Bratislavský kraj";47;236;0;236;NA;32287;47;2020-11-15;-28309
2020-11-14;"Bratislavský kraj";53;1834;15;1849;NA;32287;68;2020-11-14;-28356
2020-11-13;"Bratislavský kraj";94;2096;21;2117;NA;32287;115;2020-11-13;-28424
2020-11-12;"Bratislavský kraj";141;1727;6;1733;NA;32287;147;2020-11-12;-28539
2020-11-11;"Bratislavský kraj";159;1429;12;1441;NA;32287;171;2020-11-11;-28686
2020-11-10;"Bratislavský kraj";136;805;14;819;NA;32287;150;2020-11-10;-28857
2020-11-09;"Bratislavský kraj";70;466;1;467;NA;32287;71;2020-11-09;-29007
2020-11-08;"Bratislavský kraj";82;869;6;875;NA;32287;88;2020-11-08;-29078
2020-11-07;"Bratislavský kraj";88;4039;17;4056;NA;32287;105;2020-11-07;-29166
2020-11-06;"Bratislavský kraj";281;6441;25;6466;NA;32287;306;2020-11-06;-29271
2020-11-05;"Bratislavský kraj";175;476;11;487;NA;32287;186;2020-11-05;-29577
2020-11-04;"Bratislavský kraj";65;411;10;421;NA;32287;75;2020-11-04;-29763
2020-11-03;"Bratislavský kraj";251;944;5;949;NA;32287;256;2020-11-03;-29838
2020-11-02;"Bratislavský kraj";202;3365;22;3387;NA;32287;224;2020-11-02;-30094
2020-11-01;"Bratislavský kraj";227;8694;39;8733;NA;32287;266;2020-11-01;-30318
2020-10-31;"Bratislavský kraj";173;22407;123;22530;NA;32287;296;2020-10-31;-30584
2020-10-30;"Bratislavský kraj";158;17350;138;17488;NA;32287;296;2020-10-30;-30880
2020-10-29;"Bratislavský kraj";262;116;4;120;NA;32287;266;2020-10-29;-31176
2020-10-28;"Bratislavský kraj";220;260;15;275;NA;32287;235;2020-10-28;-31442
2020-10-27;"Bratislavský kraj";256;145;4;149;NA;32287;260;2020-10-27;-31677
2020-10-26;"Bratislavský kraj";123;229;11;240;NA;32287;134;2020-10-26;-31937
2020-10-25;"Bratislavský kraj";152;33;2;35;NA;32287;154;2020-10-25;-32071
2020-10-24;"Bratislavský kraj";170;221;6;227;NA;32287;176;2020-10-24;-32225
2020-10-23;"Bratislavský kraj";151;144;8;152;NA;32287;159;2020-10-23;-32401
2020-10-22;"Bratislavský kraj";192;204;15;219;NA;32287;207;2020-10-22;-32560
2020-10-21;"Bratislavský kraj";66;90;6;96;NA;32287;72;2020-10-21;-32767
2020-10-20;"Bratislavský kraj";183;97;4;101;NA;32287;187;2020-10-20;-32839
2020-10-19;"Bratislavský kraj";148;80;3;83;NA;32287;151;2020-10-19;-33026
2020-10-18;"Bratislavský kraj";75;92;0;92;NA;32287;75;2020-10-18;-33177
2020-10-17;"Bratislavský kraj";136;0;0;0;NA;32287;136;2020-10-17;-33252
2020-10-16;"Bratislavský kraj";103;14;1;15;NA;32287;104;2020-10-16;-33388
2020-10-15;"Bratislavský kraj";135;6;1;7;NA;32287;136;2020-10-15;-33492
2020-10-14;"Bratislavský kraj";127;4;0;4;NA;32287;127;2020-10-14;-33628
2020-10-13;"Bratislavský kraj";86;108;8;116;NA;32287;94;2020-10-13;-33755
2020-10-12;"Bratislavský kraj";46;0;0;0;NA;32287;46;2020-10-12;-33849
2020-10-11;"Bratislavský kraj";80;0;0;0;NA;32287;80;2020-10-11;-33895
2020-10-10;"Bratislavský kraj";55;0;0;0;NA;32287;55;2020-10-10;-33975
2020-10-09;"Bratislavský kraj";148;0;0;0;NA;32287;148;2020-10-09;-34030
2020-10-08;"Bratislavský kraj";100;0;0;0;NA;32287;100;2020-10-08;-34178
2020-10-07;"Bratislavský kraj";107;0;0;0;NA;32287;107;2020-10-07;-34278
2020-10-06;"Bratislavský kraj";108;0;0;0;NA;32287;108;2020-10-06;-34385
2020-10-05;"Bratislavský kraj";30;0;0;0;NA;32287;30;2020-10-05;-34493
2020-10-04;"Bratislavský kraj";49;0;0;0;NA;32287;49;2020-10-04;-34523
2020-10-03;"Bratislavský kraj";82;0;0;0;NA;32287;82;2020-10-03;-34572
2020-10-02;"Bratislavský kraj";101;0;0;0;NA;32287;101;2020-10-02;-34654
2020-10-01;"Bratislavský kraj";72;0;0;0;NA;32287;72;2020-10-01;-34755
2020-09-30;"Bratislavský kraj";91;0;0;0;NA;32287;91;2020-09-30;-34827
2020-09-29;"Bratislavský kraj";74;0;0;0;NA;32287;74;2020-09-29;-34918
2020-09-28;"Bratislavský kraj";29;0;0;0;NA;32287;29;2020-09-28;-34992
2020-09-27;"Bratislavský kraj";48;0;0;0;NA;32287;48;2020-09-27;-35021
2020-09-26;"Bratislavský kraj";86;0;0;0;NA;32287;86;2020-09-26;-35069
2020-09-25;"Bratislavský kraj";97;0;0;0;NA;32287;97;2020-09-25;-35155
2020-09-24;"Bratislavský kraj";73;0;0;0;NA;32287;73;2020-09-24;-35252
2020-09-23;"Bratislavský kraj";55;0;0;0;NA;32287;55;2020-09-23;-35325
2020-09-22;"Bratislavský kraj";81;0;0;0;NA;32287;81;2020-09-22;-35380
2020-09-21;"Bratislavský kraj";32;0;0;0;NA;32287;32;2020-09-21;-35461
2020-09-20;"Bratislavský kraj";25;0;0;0;NA;32287;25;2020-09-20;-35493
2020-09-19;"Bratislavský kraj";59;0;0;0;NA;32287;59;2020-09-19;-35518
2020-09-18;"Bratislavský kraj";42;0;0;0;NA;32287;42;2020-09-18;-35577
2020-09-17;"Bratislavský kraj";52;0;0;0;NA;32287;52;2020-09-17;-35619
2020-09-16;"Bratislavský kraj";32;0;0;0;NA;32287;32;2020-09-16;-35671
2020-09-15;"Bratislavský kraj";26;0;0;0;NA;32287;26;2020-09-15;-35703
2020-09-14;"Bratislavský kraj";24;0;0;0;NA;32287;24;2020-09-14;-35729
2020-09-13;"Bratislavský kraj";11;0;0;0;NA;32287;11;2020-09-13;-35753
2020-09-12;"Bratislavský kraj";24;0;0;0;NA;32287;24;2020-09-12;-35764
2020-09-11;"Bratislavský kraj";50;0;0;0;NA;32287;50;2020-09-11;-35788
2020-09-10;"Bratislavský kraj";47;0;0;0;NA;32287;47;2020-09-10;-35838
2020-09-09;"Bratislavský kraj";40;0;0;0;NA;32287;40;2020-09-09;-35885
2020-09-08;"Bratislavský kraj";58;0;0;0;NA;32287;58;2020-09-08;-35925
2020-09-07;"Bratislavský kraj";39;0;0;0;NA;32287;39;2020-09-07;-35983
2020-09-06;"Bratislavský kraj";11;0;0;0;NA;32287;11;2020-09-06;-36022
2020-09-05;"Bratislavský kraj";37;0;0;0;NA;32287;37;2020-09-05;-36033
2020-09-04;"Bratislavský kraj";87;0;0;0;NA;32287;87;2020-09-04;-36070
2020-09-03;"Bratislavský kraj";51;0;0;0;NA;32287;51;2020-09-03;-36157
2020-09-02;"Bratislavský kraj";50;0;0;0;NA;32287;50;2020-09-02;-36208
2020-09-01;"Bratislavský kraj";16;0;0;0;NA;32287;16;2020-09-01;-36258
2020-08-31;"Bratislavský kraj";19;0;0;0;NA;32287;19;2020-08-31;-36274
2020-08-30;"Bratislavský kraj";9;0;0;0;NA;32287;9;2020-08-30;-36293
2020-08-29;"Bratislavský kraj";12;0;0;0;NA;32287;12;2020-08-29;-36302
2020-08-28;"Bratislavský kraj";35;0;0;0;NA;32287;35;2020-08-28;-36314
2020-08-27;"Bratislavský kraj";33;0;0;0;NA;32287;33;2020-08-27;-36349
2020-08-26;"Bratislavský kraj";27;0;0;0;NA;32287;27;2020-08-26;-36382
2020-08-25;"Bratislavský kraj";29;0;0;0;NA;32287;29;2020-08-25;-36409
2020-08-24;"Bratislavský kraj";6;0;0;0;NA;32287;6;2020-08-24;-36438
2020-08-23;"Bratislavský kraj";45;0;0;0;NA;32287;45;2020-08-23;-36444
2020-08-22;"Bratislavský kraj";13;0;0;0;NA;32287;13;2020-08-22;-36489
2020-08-21;"Bratislavský kraj";46;0;0;0;NA;32287;46;2020-08-21;-36502
2020-08-20;"Bratislavský kraj";41;0;0;0;NA;32287;41;2020-08-20;-36548
2020-08-19;"Bratislavský kraj";27;0;0;0;NA;32287;27;2020-08-19;-36589
2020-08-18;"Bratislavský kraj";47;0;0;0;NA;32287;47;2020-08-18;-36616
2020-08-17;"Bratislavský kraj";2;0;0;0;NA;32287;2;2020-08-17;-36663
2020-08-16;"Bratislavský kraj";3;0;0;0;NA;32287;3;2020-08-16;-36665
2020-08-15;"Bratislavský kraj";18;0;0;0;NA;32287;18;2020-08-15;-36668
2020-08-14;"Bratislavský kraj";16;0;0;0;NA;32287;16;2020-08-14;-36686
2020-08-13;"Bratislavský kraj";12;0;0;0;NA;32287;12;2020-08-13;-36702
2020-08-12;"Bratislavský kraj";10;0;0;0;NA;32287;10;2020-08-12;-36714
2020-08-11;"Bratislavský kraj";23;0;0;0;NA;32287;23;2020-08-11;-36724
2020-08-10;"Bratislavský kraj";2;0;0;0;NA;32287;2;2020-08-10;-36747
2020-08-09;"Bratislavský kraj";2;0;0;0;NA;32287;2;2020-08-09;-36749
2020-08-08;"Bratislavský kraj";1;0;0;0;NA;32287;1;2020-08-08;-36751
2020-08-07;"Bratislavský kraj";9;0;0;0;NA;32287;9;2020-08-07;-36752
2020-08-06;"Bratislavský kraj";15;0;0;0;NA;32287;15;2020-08-06;-36761
2020-08-05;"Bratislavský kraj";11;0;0;0;NA;32287;11;2020-08-05;-36776
2020-08-04;"Bratislavský kraj";21;0;0;0;NA;32287;21;2020-08-04;-36787
2020-08-03;"Bratislavský kraj";7;0;0;0;NA;32287;7;2020-08-03;-36808
2020-07-31;"Bratislavský kraj";14;0;0;0;NA;32287;14;2020-07-31;-36815
2020-07-30;"Bratislavský kraj";6;0;0;0;NA;32287;6;2020-07-30;-36829
2020-07-29;"Bratislavský kraj";7;0;0;0;NA;32287;7;2020-07-29;-36835
2020-07-28;"Bratislavský kraj";14;0;0;0;NA;32287;14;2020-07-28;-36842
2020-07-27;"Bratislavský kraj";3;0;0;0;NA;32287;3;2020-07-27;-36856
2020-07-25;"Bratislavský kraj";8;0;0;0;NA;32287;8;2020-07-25;-36859
2020-07-24;"Bratislavský kraj";2;0;0;0;NA;32287;2;2020-07-24;-36867
2020-07-23;"Bratislavský kraj";8;0;0;0;NA;32287;8;2020-07-23;-36869
2020-07-22;"Bratislavský kraj";11;0;0;0;NA;32287;11;2020-07-22;-36877
2020-07-21;"Bratislavský kraj";8;0;0;0;NA;32287;8;2020-07-21;-36888
2020-07-20;"Bratislavský kraj";12;0;0;0;NA;32287;12;2020-07-20;-36896
2020-07-18;"Bratislavský kraj";2;0;0;0;NA;32287;2;2020-07-18;-36908
2020-07-17;"Bratislavský kraj";2;0;0;0;NA;32287;2;2020-07-17;-36910
2020-07-16;"Bratislavský kraj";6;0;0;0;NA;32287;6;2020-07-16;-36912
2020-07-15;"Bratislavský kraj";3;0;0;0;NA;32287;3;2020-07-15;-36918
2020-07-14;"Bratislavský kraj";2;0;0;0;NA;32287;2;2020-07-14;-36921
2020-07-13;"Bratislavský kraj";2;0;0;0;NA;32287;2;2020-07-13;-36923
2020-07-10;"Bratislavský kraj";8;0;0;0;NA;32287;8;2020-07-10;-36925
2020-07-09;"Bratislavský kraj";2;0;0;0;NA;32287;2;2020-07-09;-36933
2020-07-08;"Bratislavský kraj";11;0;0;0;NA;32287;11;2020-07-08;-36935
2020-07-07;"Bratislavský kraj";5;0;0;0;NA;32287;5;2020-07-07;-36946
2020-07-06;"Bratislavský kraj";1;0;0;0;NA;32287;1;2020-07-06;-36951
2020-07-04;"Bratislavský kraj";3;0;0;0;NA;32287;3;2020-07-04;-36952
2020-07-03;"Bratislavský kraj";1;0;0;0;NA;32287;1;2020-07-03;-36955
2020-07-01;"Bratislavský kraj";7;0;0;0;NA;32287;7;2020-07-01;-36956
2020-06-30;"Bratislavský kraj";3;0;0;0;NA;32287;3;2020-06-30;-36963
2020-06-29;"Bratislavský kraj";1;0;0;0;NA;32287;1;2020-06-29;-36966
2020-06-27;"Bratislavský kraj";1;0;0;0;NA;32287;1;2020-06-27;-36967
2020-06-26;"Bratislavský kraj";6;0;0;0;NA;32287;6;2020-06-26;-36968
2020-06-24;"Bratislavský kraj";3;0;0;0;NA;32287;3;2020-06-24;-36974
2020-06-22;"Bratislavský kraj";1;0;0;0;NA;32287;1;2020-06-22;-36977
2020-06-19;"Bratislavský kraj";3;0;0;0;NA;32287;3;2020-06-19;-36978
2020-06-14;"Bratislavský kraj";2;0;0;0;NA;32287;2;2020-06-14;-36981
2020-06-13;"Bratislavský kraj";1;0;0;0;NA;32287;1;2020-06-13;-36983
2020-06-12;"Bratislavský kraj";2;0;0;0;NA;32287;2;2020-06-12;-36984
2020-06-08;"Bratislavský kraj";1;0;0;0;NA;32287;1;2020-06-08;-36986
2020-06-03;"Bratislavský kraj";1;0;0;0;NA;32287;1;2020-06-03;-36987
2020-05-27;"Bratislavský kraj";1;0;0;0;NA;32287;1;2020-05-27;-36988
2020-05-23;"Bratislavský kraj";2;0;0;0;NA;32287;2;2020-05-23;-36989
2020-05-12;"Bratislavský kraj";2;0;0;0;NA;32287;2;2020-05-12;-36991
2020-05-07;"Bratislavský kraj";1;0;0;0;NA;32287;1;2020-05-07;-36993
2020-05-06;"Bratislavský kraj";3;0;0;0;NA;32287;3;2020-05-06;-36994
2020-05-03;"Bratislavský kraj";2;0;0;0;NA;32287;2;2020-05-03;-36997
2020-04-30;"Bratislavský kraj";5;0;0;0;NA;32287;5;2020-04-30;-36999
2020-04-28;"Bratislavský kraj";2;0;0;0;NA;32287;2;2020-04-28;-37004
2020-04-26;"Bratislavský kraj";1;0;0;0;NA;32287;1;2020-04-26;-37006
2020-04-24;"Bratislavský kraj";2;0;0;0;NA;32287;2;2020-04-24;-37007
2020-04-23;"Bratislavský kraj";6;0;0;0;NA;32287;6;2020-04-23;-37009
2020-04-22;"Bratislavský kraj";11;0;0;0;NA;32287;11;2020-04-22;-37015
2020-04-21;"Bratislavský kraj";4;0;0;0;NA;32287;4;2020-04-21;-37026
2020-04-19;"Bratislavský kraj";4;0;0;0;NA;32287;4;2020-04-19;-37030
2020-04-18;"Bratislavský kraj";5;0;0;0;NA;32287;5;2020-04-18;-37034
2020-04-17;"Bratislavský kraj";6;0;0;0;NA;32287;6;2020-04-17;-37039
2020-04-16;"Bratislavský kraj";15;0;0;0;NA;32287;15;2020-04-16;-37045
2020-04-15;"Bratislavský kraj";11;0;0;0;NA;32287;11;2020-04-15;-37060
2020-04-14;"Bratislavský kraj";19;0;0;0;NA;32287;19;2020-04-14;-37071
2020-04-13;"Bratislavský kraj";53;0;0;0;NA;32287;53;2020-04-13;-37090
2020-04-12;"Bratislavský kraj";3;0;0;0;NA;32287;3;2020-04-12;-37143
2020-04-11;"Bratislavský kraj";1;0;0;0;NA;32287;1;2020-04-11;-37146
2020-04-10;"Bratislavský kraj";8;0;0;0;NA;32287;8;2020-04-10;-37147
2020-04-09;"Bratislavský kraj";3;0;0;0;NA;32287;3;2020-04-09;-37155
2020-04-08;"Bratislavský kraj";3;0;0;0;NA;32287;3;2020-04-08;-37158
2020-04-07;"Bratislavský kraj";24;0;0;0;NA;32287;24;2020-04-07;-37161
2020-04-06;"Bratislavský kraj";5;0;0;0;NA;32287;5;2020-04-06;-37185
2020-04-05;"Bratislavský kraj";6;0;0;0;NA;32287;6;2020-04-05;-37190
2020-04-04;"Bratislavský kraj";2;0;0;0;NA;32287;2;2020-04-04;-37196
2020-04-03;"Bratislavský kraj";1;0;0;0;NA;32287;1;2020-04-03;-37198
2020-04-02;"Bratislavský kraj";2;0;0;0;NA;32287;2;2020-04-02;-37199
2020-04-01;"Bratislavský kraj";5;0;0;0;NA;32287;5;2020-04-01;-37201
2020-03-31;"Bratislavský kraj";19;0;0;0;NA;32287;19;2020-03-31;-37206
2020-03-30;"Bratislavský kraj";6;0;0;0;NA;32287;6;2020-03-30;-37225
2020-03-29;"Bratislavský kraj";8;0;0;0;NA;32287;8;2020-03-29;-37231
2020-03-28;"Bratislavský kraj";4;0;0;0;NA;32287;4;2020-03-28;-37239
2020-03-27;"Bratislavský kraj";3;0;0;0;NA;32287;3;2020-03-27;-37243
2020-03-26;"Bratislavský kraj";15;0;0;0;NA;32287;15;2020-03-26;-37246
2020-03-25;"Bratislavský kraj";1;0;0;0;NA;32287;1;2020-03-25;-37261
2020-03-24;"Bratislavský kraj";4;0;0;0;NA;32287;4;2020-03-24;-37262
2020-03-23;"Bratislavský kraj";9;0;0;0;NA;32287;9;2020-03-23;-37266
2020-03-22;"Bratislavský kraj";2;0;0;0;NA;32287;2;2020-03-22;-37275
2020-03-21;"Bratislavský kraj";22;0;0;0;NA;32287;22;2020-03-21;-37277
2020-03-20;"Bratislavský kraj";3;0;0;0;NA;32287;3;2020-03-20;-37299
2020-03-19;"Bratislavský kraj";4;0;0;0;NA;32287;4;2020-03-19;-37302
2020-03-18;"Bratislavský kraj";3;0;0;0;NA;32287;3;2020-03-18;-37306
2020-03-17;"Bratislavský kraj";13;0;0;0;NA;32287;13;2020-03-17;-37309
2020-03-16;"Bratislavský kraj";1;0;0;0;NA;32287;1;2020-03-16;-37322
2020-03-15;"Bratislavský kraj";4;0;0;0;NA;32287;4;2020-03-15;-37323
2020-03-14;"Bratislavský kraj";9;0;0;0;NA;32287;9;2020-03-14;-37327
2020-03-13;"Bratislavský kraj";2;0;0;0;NA;32287;2;2020-03-13;-37336
2020-03-12;"Bratislavský kraj";8;0;0;0;NA;32287;8;2020-03-12;-37338
2020-03-11;"Bratislavský kraj";3;0;0;0;NA;32287;3;2020-03-11;-37346
2020-03-08;"Bratislavský kraj";2;0;0;0;NA;32287;2;2020-03-08;-37349
2020-03-07;"Bratislavský kraj";2;0;0;0;NA;32287;2;2020-03-07;-37351
2020-03-06;"Bratislavský kraj";1;0;0;0;NA;32287;1;2020-03-06;-37353
2021-02-28;"Košický kraj";265;34974;257;35231;0;31534;522;2021-02-28;31534
2021-02-27;"Košický kraj";301;83443;643;84086;NA;31534;944;2021-02-27;31012
2021-02-26;"Košický kraj";440;44808;481;45289;NA;31534;921;2021-02-26;30068
2021-02-25;"Košický kraj";331;19540;337;19877;NA;31534;668;2021-02-25;29147
2021-02-24;"Košický kraj";263;18786;510;19296;NA;31534;773;2021-02-24;28479
2021-02-23;"Košický kraj";642;21703;346;22049;NA;31534;988;2021-02-23;27706
2021-02-22;"Košický kraj";362;31538;439;31977;NA;31534;801;2021-02-22;26718
2021-02-21;"Košický kraj";170;40404;381;40785;NA;31534;551;2021-02-21;25917
2021-02-20;"Košický kraj";283;92026;772;92798;NA;31534;1055;2021-02-20;25366
2021-02-19;"Košický kraj";507;41747;583;42330;NA;31534;1090;2021-02-19;24311
2021-02-18;"Košický kraj";397;18210;345;18555;NA;31534;742;2021-02-18;23221
2021-02-17;"Košický kraj";322;18433;385;18818;NA;31534;707;2021-02-17;22479
2021-02-16;"Košický kraj";600;22201;465;22666;NA;31534;1065;2021-02-16;21772
2021-02-15;"Košický kraj";216;25012;371;25383;NA;31534;587;2021-02-15;20707
2021-02-14;"Košický kraj";241;57132;525;57657;NA;31534;766;2021-02-14;20120
2021-02-13;"Košický kraj";206;93438;767;94205;NA;31534;973;2021-02-13;19354
2021-02-12;"Košický kraj";448;50169;611;50780;NA;31534;1059;2021-02-12;18381
2021-02-11;"Košický kraj";435;14660;327;14987;NA;31534;762;2021-02-11;17322
2021-02-10;"Košický kraj";360;19569;436;20005;NA;31534;796;2021-02-10;16560
2021-02-09;"Košický kraj";545;24417;458;24875;NA;31534;1003;2021-02-09;15764
2021-02-08;"Košický kraj";237;27829;420;28249;NA;31534;657;2021-02-08;14761
2021-02-07;"Košický kraj";208;56475;606;57081;NA;31534;814;2021-02-07;14104
2021-02-06;"Košický kraj";318;101420;857;102277;NA;31534;1175;2021-02-06;13290
2021-02-05;"Košický kraj";384;42776;491;43267;NA;31534;875;2021-02-05;12115
2021-02-04;"Košický kraj";391;14560;371;14931;NA;31534;762;2021-02-04;11240
2021-02-03;"Košický kraj";296;32718;1110;33828;NA;31534;1406;2021-02-03;10478
2021-02-02;"Košický kraj";473;23670;444;24114;NA;31534;917;2021-02-02;9072
2021-02-01;"Košický kraj";415;18828;311;19139;NA;31534;726;2021-02-01;8155
2021-01-31;"Košický kraj";142;53674;585;54259;NA;31534;727;2021-01-31;7429
2021-01-30;"Košický kraj";320;76985;673;77658;NA;31534;993;2021-01-30;6702
2021-01-29;"Košický kraj";311;37131;456;37587;NA;31534;767;2021-01-29;5709
2021-01-28;"Košický kraj";540;9025;247;9272;NA;31534;787;2021-01-28;4942
2021-01-27;"Košický kraj";265;7484;207;7691;NA;31534;472;2021-01-27;4155
2021-01-26;"Košický kraj";530;14210;245;14455;NA;31534;775;2021-01-26;3683
2021-01-25;"Košický kraj";226;26161;409;26570;NA;31534;635;2021-01-25;2908
2021-01-24;"Košický kraj";150;44908;595;45503;NA;31534;745;2021-01-24;2273
2021-01-23;"Košický kraj";232;82016;843;82859;NA;31534;1075;2021-01-23;1528
2021-01-22;"Košický kraj";316;19997;265;20262;NA;31534;581;2021-01-22;453
2021-01-21;"Košický kraj";274;14047;161;14208;NA;31534;435;2021-01-21;-128
2021-01-20;"Košický kraj";374;10845;201;11046;NA;31534;575;2021-01-20;-563
2021-01-19;"Košický kraj";248;9855;182;10037;NA;31534;430;2021-01-19;-1138
2021-01-18;"Košický kraj";333;5778;212;5990;NA;31534;545;2021-01-18;-1568
2021-01-17;"Košický kraj";155;535;14;549;NA;31534;169;2021-01-17;-2113
2021-01-16;"Košický kraj";153;1403;47;1450;NA;31534;200;2021-01-16;-2282
2021-01-15;"Košický kraj";308;6443;213;6656;NA;31534;521;2021-01-15;-2482
2021-01-14;"Košický kraj";358;5471;221;5692;NA;31534;579;2021-01-14;-3003
2021-01-13;"Košický kraj";421;4897;226;5123;NA;31534;647;2021-01-13;-3582
2021-01-12;"Košický kraj";482;6689;258;6947;NA;31534;740;2021-01-12;-4229
2021-01-11;"Košický kraj";309;7945;304;8249;NA;31534;613;2021-01-11;-4969
2021-01-10;"Košický kraj";193;134;6;140;NA;31534;199;2021-01-10;-5582
2021-01-09;"Košický kraj";469;1134;45;1179;NA;31534;514;2021-01-09;-5781
2021-01-08;"Košický kraj";551;8222;388;8610;NA;31534;939;2021-01-08;-6295
2021-01-07;"Košický kraj";251;6403;428;6831;NA;31534;679;2021-01-07;-7234
2021-01-06;"Košický kraj";442;429;33;462;NA;31534;475;2021-01-06;-7913
2021-01-05;"Košický kraj";584;8100;560;8660;NA;31534;1144;2021-01-05;-8388
2021-01-04;"Košický kraj";407;7113;737;7850;NA;31534;1144;2021-01-04;-9532
2021-01-03;"Košický kraj";118;661;22;683;NA;31534;140;2021-01-03;-10676
2021-01-02;"Košický kraj";88;440;52;492;NA;31534;140;2021-01-02;-10816
2021-01-01;"Košický kraj";398;725;49;774;NA;31534;447;2021-01-01;-10956
2020-12-31;"Košický kraj";625;7877;461;8338;NA;31534;1086;2020-12-31;-11403
2020-12-30;"Košický kraj";590;6477;412;6889;NA;31534;1002;2020-12-30;-12489
2020-12-29;"Košický kraj";419;7573;605;8178;NA;31534;1024;2020-12-29;-13491
2020-12-28;"Košický kraj";356;8296;804;9100;NA;31534;1160;2020-12-28;-14515
2020-12-27;"Košický kraj";159;147;16;163;NA;31534;175;2020-12-27;-15675
2020-12-26;"Košický kraj";163;274;23;297;NA;31534;186;2020-12-26;-15850
2020-12-25;"Košický kraj";237;140;10;150;NA;31534;247;2020-12-25;-16036
2020-12-24;"Košický kraj";564;1470;90;1560;NA;31534;654;2020-12-24;-16283
2020-12-23;"Košický kraj";304;7942;354;8296;NA;31534;658;2020-12-23;-16937
2020-12-22;"Košický kraj";438;7920;459;8379;NA;31534;897;2020-12-22;-17595
2020-12-21;"Košický kraj";405;6984;509;7493;NA;31534;914;2020-12-21;-18492
2020-12-20;"Košický kraj";215;48;8;56;NA;31534;223;2020-12-20;-19406
2020-12-19;"Košický kraj";207;1148;59;1207;NA;31534;266;2020-12-19;-19629
2020-12-18;"Košický kraj";310;8484;326;8810;NA;31534;636;2020-12-18;-19895
2020-12-17;"Košický kraj";463;5292;255;5547;NA;31534;718;2020-12-17;-20531
2020-12-16;"Košický kraj";455;5898;316;6214;NA;31534;771;2020-12-16;-21249
2020-12-15;"Košický kraj";319;5086;338;5424;NA;31534;657;2020-12-15;-22020
2020-12-14;"Košický kraj";256;2893;239;3132;NA;31534;495;2020-12-14;-22677
2020-12-13;"Košický kraj";47;181;2;183;NA;31534;49;2020-12-13;-23172
2020-12-12;"Košický kraj";369;1587;118;1705;NA;31534;487;2020-12-12;-23221
2020-12-11;"Košický kraj";354;5461;258;5719;NA;31534;612;2020-12-11;-23708
2020-12-10;"Košický kraj";283;4064;176;4240;NA;31534;459;2020-12-10;-24320
2020-12-09;"Košický kraj";279;3786;166;3952;NA;31534;445;2020-12-09;-24779
2020-12-08;"Košický kraj";226;4105;355;4460;NA;31534;581;2020-12-08;-25224
2020-12-07;"Košický kraj";270;2111;103;2214;NA;31534;373;2020-12-07;-25805
2020-12-06;"Košický kraj";121;97;20;117;NA;31534;141;2020-12-06;-26178
2020-12-05;"Košický kraj";90;1096;48;1144;NA;31534;138;2020-12-05;-26319
2020-12-04;"Košický kraj";224;2680;82;2762;NA;31534;306;2020-12-04;-26457
2020-12-03;"Košický kraj";211;7717;173;7890;NA;31534;384;2020-12-03;-26763
2020-12-02;"Košický kraj";193;8132;496;8628;NA;31534;689;2020-12-02;-27147
2020-12-01;"Košický kraj";178;2237;124;2361;NA;31534;302;2020-12-01;-27836
2020-11-30;"Košický kraj";171;3754;62;3816;NA;31534;233;2020-11-30;-28138
2020-11-29;"Košický kraj";31;287;16;303;NA;31534;47;2020-11-29;-28371
2020-11-28;"Košický kraj";69;721;52;773;NA;31534;121;2020-11-28;-28418
2020-11-27;"Košický kraj";149;2729;74;2803;NA;31534;223;2020-11-27;-28539
2020-11-26;"Košický kraj";239;1090;55;1145;NA;31534;294;2020-11-26;-28762
2020-11-25;"Košický kraj";237;1664;122;1786;NA;31534;359;2020-11-25;-29056
2020-11-24;"Košický kraj";196;1871;64;1935;NA;31534;260;2020-11-24;-29415
2020-11-23;"Košický kraj";51;3737;54;3791;NA;31534;105;2020-11-23;-29675
2020-11-22;"Košický kraj";57;28;3;31;NA;31534;60;2020-11-22;-29780
2020-11-21;"Košický kraj";87;858;36;894;NA;31534;123;2020-11-21;-29840
2020-11-20;"Košický kraj";176;2989;45;3034;NA;31534;221;2020-11-20;-29963
2020-11-19;"Košický kraj";206;1648;40;1688;NA;31534;246;2020-11-19;-30184
2020-11-18;"Košický kraj";122;443;16;459;NA;31534;138;2020-11-18;-30430
2020-11-17;"Košický kraj";152;82;9;91;NA;31534;161;2020-11-17;-30568
2020-11-16;"Košický kraj";114;531;24;555;NA;31534;138;2020-11-16;-30729
2020-11-15;"Košický kraj";15;338;7;345;NA;31534;22;2020-11-15;-30867
2020-11-14;"Košický kraj";234;520;12;532;NA;31534;246;2020-11-14;-30889
2020-11-13;"Košický kraj";207;664;29;693;NA;31534;236;2020-11-13;-31135
2020-11-12;"Košický kraj";192;736;13;749;NA;31534;205;2020-11-12;-31371
2020-11-11;"Košický kraj";301;593;7;600;NA;31534;308;2020-11-11;-31576
2020-11-10;"Košický kraj";190;541;11;552;NA;31534;201;2020-11-10;-31884
2020-11-09;"Košický kraj";129;380;5;385;NA;31534;134;2020-11-09;-32085
2020-11-08;"Košický kraj";78;1298;8;1306;NA;31534;86;2020-11-08;-32219
2020-11-07;"Košický kraj";192;3909;22;3931;NA;31534;214;2020-11-07;-32305
2020-11-06;"Košický kraj";195;5310;34;5344;NA;31534;229;2020-11-06;-32519
2020-11-05;"Košický kraj";342;330;31;361;NA;31534;373;2020-11-05;-32748
2020-11-04;"Košický kraj";101;154;6;160;NA;31534;107;2020-11-04;-33121
2020-11-03;"Košický kraj";358;1122;13;1135;NA;31534;371;2020-11-03;-33228
2020-11-02;"Košický kraj";111;4368;51;4419;NA;31534;162;2020-11-02;-33599
2020-11-01;"Košický kraj";346;6522;34;6556;NA;31534;380;2020-11-01;-33761
2020-10-31;"Košický kraj";82;13810;105;13915;NA;31534;187;2020-10-31;-34141
2020-10-30;"Košický kraj";379;2835;27;2862;NA;31534;406;2020-10-30;-34328
2020-10-29;"Košický kraj";333;983;13;996;NA;31534;346;2020-10-29;-34734
2020-10-28;"Košický kraj";224;305;13;318;NA;31534;237;2020-10-28;-35080
2020-10-27;"Košický kraj";386;439;21;460;NA;31534;407;2020-10-27;-35317
2020-10-26;"Košický kraj";56;206;10;216;NA;31534;66;2020-10-26;-35724
2020-10-25;"Košický kraj";154;79;2;81;NA;31534;156;2020-10-25;-35790
2020-10-24;"Košický kraj";313;113;15;128;NA;31534;328;2020-10-24;-35946
2020-10-23;"Košický kraj";315;331;8;339;NA;31534;323;2020-10-23;-36274
2020-10-22;"Košický kraj";349;530;16;546;NA;31534;365;2020-10-22;-36597
2020-10-21;"Košický kraj";129;84;2;86;NA;31534;131;2020-10-21;-36962
2020-10-20;"Košický kraj";181;14;1;15;NA;31534;182;2020-10-20;-37093
2020-10-19;"Košický kraj";64;10;0;10;NA;31534;64;2020-10-19;-37275
2020-10-18;"Košický kraj";158;0;0;0;NA;31534;158;2020-10-18;-37339
2020-10-17;"Košický kraj";142;0;0;0;NA;31534;142;2020-10-17;-37497
2020-10-16;"Košický kraj";206;19;0;19;NA;31534;206;2020-10-16;-37639
2020-10-15;"Košický kraj";177;19;5;24;NA;31534;182;2020-10-15;-37845
2020-10-14;"Košický kraj";211;8;0;8;NA;31534;211;2020-10-14;-38027
2020-10-13;"Košický kraj";179;80;3;83;NA;31534;182;2020-10-13;-38238
2020-10-12;"Košický kraj";74;0;0;0;NA;31534;74;2020-10-12;-38420
2020-10-11;"Košický kraj";121;0;0;0;NA;31534;121;2020-10-11;-38494
2020-10-10;"Košický kraj";70;0;0;0;NA;31534;70;2020-10-10;-38615
2020-10-09;"Košický kraj";188;0;0;0;NA;31534;188;2020-10-09;-38685
2020-10-08;"Košický kraj";102;0;0;0;NA;31534;102;2020-10-08;-38873
2020-10-07;"Košický kraj";158;0;0;0;NA;31534;158;2020-10-07;-38975
2020-10-06;"Košický kraj";70;0;0;0;NA;31534;70;2020-10-06;-39133
2020-10-05;"Košický kraj";39;0;0;0;NA;31534;39;2020-10-05;-39203
2020-10-04;"Košický kraj";45;0;0;0;NA;31534;45;2020-10-04;-39242
2020-10-03;"Košický kraj";105;0;0;0;NA;31534;105;2020-10-03;-39287
2020-10-02;"Košický kraj";57;0;0;0;NA;31534;57;2020-10-02;-39392
2020-10-01;"Košický kraj";69;0;0;0;NA;31534;69;2020-10-01;-39449
2020-09-30;"Košický kraj";95;0;0;0;NA;31534;95;2020-09-30;-39518
2020-09-29;"Košický kraj";75;0;0;0;NA;31534;75;2020-09-29;-39613
2020-09-28;"Košický kraj";19;0;0;0;NA;31534;19;2020-09-28;-39688
2020-09-27;"Košický kraj";21;0;0;0;NA;31534;21;2020-09-27;-39707
2020-09-26;"Košický kraj";53;0;0;0;NA;31534;53;2020-09-26;-39728
2020-09-25;"Košický kraj";72;0;0;0;NA;31534;72;2020-09-25;-39781
2020-09-24;"Košický kraj";35;0;0;0;NA;31534;35;2020-09-24;-39853
2020-09-23;"Košický kraj";23;0;0;0;NA;31534;23;2020-09-23;-39888
2020-09-22;"Košický kraj";39;0;0;0;NA;31534;39;2020-09-22;-39911
2020-09-21;"Košický kraj";5;0;0;0;NA;31534;5;2020-09-21;-39950
2020-09-20;"Košický kraj";3;0;0;0;NA;31534;3;2020-09-20;-39955
2020-09-19;"Košický kraj";13;0;0;0;NA;31534;13;2020-09-19;-39958
2020-09-18;"Košický kraj";20;0;0;0;NA;31534;20;2020-09-18;-39971
2020-09-17;"Košický kraj";22;0;0;0;NA;31534;22;2020-09-17;-39991
2020-09-16;"Košický kraj";12;0;0;0;NA;31534;12;2020-09-16;-40013
2020-09-15;"Košický kraj";10;0;0;0;NA;31534;10;2020-09-15;-40025
2020-09-14;"Košický kraj";6;0;0;0;NA;31534;6;2020-09-14;-40035
2020-09-13;"Košický kraj";3;0;0;0;NA;31534;3;2020-09-13;-40041
2020-09-12;"Košický kraj";16;0;0;0;NA;31534;16;2020-09-12;-40044
2020-09-11;"Košický kraj";20;0;0;0;NA;31534;20;2020-09-11;-40060
2020-09-10;"Košický kraj";11;0;0;0;NA;31534;11;2020-09-10;-40080
2020-09-09;"Košický kraj";37;0;0;0;NA;31534;37;2020-09-09;-40091
2020-09-08;"Košický kraj";10;0;0;0;NA;31534;10;2020-09-08;-40128
2020-09-07;"Košický kraj";4;0;0;0;NA;31534;4;2020-09-07;-40138
2020-09-06;"Košický kraj";2;0;0;0;NA;31534;2;2020-09-06;-40142
2020-09-05;"Košický kraj";10;0;0;0;NA;31534;10;2020-09-05;-40144
2020-09-04;"Košický kraj";14;0;0;0;NA;31534;14;2020-09-04;-40154
2020-09-03;"Košický kraj";22;0;0;0;NA;31534;22;2020-09-03;-40168
2020-09-02;"Košický kraj";13;0;0;0;NA;31534;13;2020-09-02;-40190
2020-09-01;"Košický kraj";21;0;0;0;NA;31534;21;2020-09-01;-40203
2020-08-31;"Košický kraj";9;0;0;0;NA;31534;9;2020-08-31;-40224
2020-08-30;"Košický kraj";21;0;0;0;NA;31534;21;2020-08-30;-40233
2020-08-29;"Košický kraj";1;0;0;0;NA;31534;1;2020-08-29;-40254
2020-08-28;"Košický kraj";19;0;0;0;NA;31534;19;2020-08-28;-40255
2020-08-27;"Košický kraj";15;0;0;0;NA;31534;15;2020-08-27;-40274
2020-08-26;"Košický kraj";8;0;0;0;NA;31534;8;2020-08-26;-40289
2020-08-25;"Košický kraj";23;0;0;0;NA;31534;23;2020-08-25;-40297
2020-08-24;"Košický kraj";6;0;0;0;NA;31534;6;2020-08-24;-40320
2020-08-23;"Košický kraj";8;0;0;0;NA;31534;8;2020-08-23;-40326
2020-08-22;"Košický kraj";13;0;0;0;NA;31534;13;2020-08-22;-40334
2020-08-21;"Košický kraj";10;0;0;0;NA;31534;10;2020-08-21;-40347
2020-08-20;"Košický kraj";10;0;0;0;NA;31534;10;2020-08-20;-40357
2020-08-19;"Košický kraj";3;0;0;0;NA;31534;3;2020-08-19;-40367
2020-08-18;"Košický kraj";7;0;0;0;NA;31534;7;2020-08-18;-40370
2020-08-17;"Košický kraj";2;0;0;0;NA;31534;2;2020-08-17;-40377
2020-08-16;"Košický kraj";2;0;0;0;NA;31534;2;2020-08-16;-40379
2020-08-15;"Košický kraj";3;0;0;0;NA;31534;3;2020-08-15;-40381
2020-08-14;"Košický kraj";1;0;0;0;NA;31534;1;2020-08-14;-40384
2020-08-13;"Košický kraj";3;0;0;0;NA;31534;3;2020-08-13;-40385
2020-08-12;"Košický kraj";12;0;0;0;NA;31534;12;2020-08-12;-40388
2020-08-11;"Košický kraj";5;0;0;0;NA;31534;5;2020-08-11;-40400
2020-08-10;"Košický kraj";1;0;0;0;NA;31534;1;2020-08-10;-40405
2020-08-08;"Košický kraj";5;0;0;0;NA;31534;5;2020-08-08;-40406
2020-08-07;"Košický kraj";7;0;0;0;NA;31534;7;2020-08-07;-40411
2020-08-06;"Košický kraj";3;0;0;0;NA;31534;3;2020-08-06;-40418
2020-08-05;"Košický kraj";4;0;0;0;NA;31534;4;2020-08-05;-40421
2020-08-04;"Košický kraj";1;0;0;0;NA;31534;1;2020-08-04;-40425
2020-08-03;"Košický kraj";1;0;0;0;NA;31534;1;2020-08-03;-40426
2020-07-30;"Košický kraj";2;0;0;0;NA;31534;2;2020-07-30;-40427
2020-07-29;"Košický kraj";1;0;0;0;NA;31534;1;2020-07-29;-40429
2020-07-28;"Košický kraj";9;0;0;0;NA;31534;9;2020-07-28;-40430
2020-07-27;"Košický kraj";4;0;0;0;NA;31534;4;2020-07-27;-40439
2020-07-25;"Košický kraj";2;0;0;0;NA;31534;2;2020-07-25;-40443
2020-07-24;"Košický kraj";2;0;0;0;NA;31534;2;2020-07-24;-40445
2020-07-23;"Košický kraj";1;0;0;0;NA;31534;1;2020-07-23;-40447
2020-07-22;"Košický kraj";1;0;0;0;NA;31534;1;2020-07-22;-40448
2020-07-18;"Košický kraj";1;0;0;0;NA;31534;1;2020-07-18;-40449
2020-07-17;"Košický kraj";1;0;0;0;NA;31534;1;2020-07-17;-40450
2020-07-15;"Košický kraj";2;0;0;0;NA;31534;2;2020-07-15;-40451
2020-07-14;"Košický kraj";1;0;0;0;NA;31534;1;2020-07-14;-40453
2020-07-13;"Košický kraj";1;0;0;0;NA;31534;1;2020-07-13;-40454
2020-07-10;"Košický kraj";1;0;0;0;NA;31534;1;2020-07-10;-40455
2020-07-09;"Košický kraj";1;0;0;0;NA;31534;1;2020-07-09;-40456
2020-07-08;"Košický kraj";12;0;0;0;NA;31534;12;2020-07-08;-40457
2020-07-03;"Košický kraj";1;0;0;0;NA;31534;1;2020-07-03;-40469
2020-07-01;"Košický kraj";1;0;0;0;NA;31534;1;2020-07-01;-40470
2020-06-25;"Košický kraj";3;0;0;0;NA;31534;3;2020-06-25;-40471
2020-06-24;"Košický kraj";3;0;0;0;NA;31534;3;2020-06-24;-40474
2020-06-23;"Košický kraj";3;0;0;0;NA;31534;3;2020-06-23;-40477
2020-06-18;"Košický kraj";1;0;0;0;NA;31534;1;2020-06-18;-40480
2020-06-16;"Košický kraj";2;0;0;0;NA;31534;2;2020-06-16;-40481
2020-06-10;"Košický kraj";6;0;0;0;NA;31534;6;2020-06-10;-40483
2020-06-07;"Košický kraj";2;0;0;0;NA;31534;2;2020-06-07;-40489
2020-06-02;"Košický kraj";1;0;0;0;NA;31534;1;2020-06-02;-40491
2020-05-29;"Košický kraj";1;0;0;0;NA;31534;1;2020-05-29;-40492
2020-05-26;"Košický kraj";1;0;0;0;NA;31534;1;2020-05-26;-40493
2020-05-25;"Košický kraj";1;0;0;0;NA;31534;1;2020-05-25;-40494
2020-05-20;"Košický kraj";3;0;0;0;NA;31534;3;2020-05-20;-40495
2020-05-17;"Košický kraj";1;0;0;0;NA;31534;1;2020-05-17;-40498
2020-05-16;"Košický kraj";1;0;0;0;NA;31534;1;2020-05-16;-40499
2020-05-15;"Košický kraj";10;0;0;0;NA;31534;10;2020-05-15;-40500
2020-05-14;"Košický kraj";1;0;0;0;NA;31534;1;2020-05-14;-40510
2020-05-13;"Košický kraj";6;0;0;0;NA;31534;6;2020-05-13;-40511
2020-05-06;"Košický kraj";1;0;0;0;NA;31534;1;2020-05-06;-40517
2020-05-02;"Košický kraj";1;0;0;0;NA;31534;1;2020-05-02;-40518
2020-04-30;"Košický kraj";1;0;0;0;NA;31534;1;2020-04-30;-40519
2020-04-29;"Košický kraj";1;0;0;0;NA;31534;1;2020-04-29;-40520
2020-04-28;"Košický kraj";1;0;0;0;NA;31534;1;2020-04-28;-40521
2020-04-27;"Košický kraj";1;0;0;0;NA;31534;1;2020-04-27;-40522
2020-04-24;"Košický kraj";3;0;0;0;NA;31534;3;2020-04-24;-40523
2020-04-23;"Košický kraj";4;0;0;0;NA;31534;4;2020-04-23;-40526
2020-04-22;"Košický kraj";21;0;0;0;NA;31534;21;2020-04-22;-40530
2020-04-21;"Košický kraj";4;0;0;0;NA;31534;4;2020-04-21;-40551
2020-04-19;"Košický kraj";1;0;0;0;NA;31534;1;2020-04-19;-40555
2020-04-18;"Košický kraj";2;0;0;0;NA;31534;2;2020-04-18;-40556
2020-04-17;"Košický kraj";7;0;0;0;NA;31534;7;2020-04-17;-40558
2020-04-16;"Košický kraj";29;0;0;0;NA;31534;29;2020-04-16;-40565
2020-04-15;"Košický kraj";50;0;0;0;NA;31534;50;2020-04-15;-40594
2020-04-14;"Košický kraj";4;0;0;0;NA;31534;4;2020-04-14;-40644
2020-04-13;"Košický kraj";5;0;0;0;NA;31534;5;2020-04-13;-40648
2020-04-12;"Košický kraj";4;0;0;0;NA;31534;4;2020-04-12;-40653
2020-04-11;"Košický kraj";2;0;0;0;NA;31534;2;2020-04-11;-40657
2020-04-10;"Košický kraj";1;0;0;0;NA;31534;1;2020-04-10;-40659
2020-04-09;"Košický kraj";4;0;0;0;NA;31534;4;2020-04-09;-40660
2020-04-08;"Košický kraj";5;0;0;0;NA;31534;5;2020-04-08;-40664
2020-04-07;"Košický kraj";34;0;0;0;NA;31534;34;2020-04-07;-40669
2020-04-06;"Košický kraj";6;0;0;0;NA;31534;6;2020-04-06;-40703
2020-04-05;"Košický kraj";4;0;0;0;NA;31534;4;2020-04-05;-40709
2020-04-04;"Košický kraj";5;0;0;0;NA;31534;5;2020-04-04;-40713
2020-04-03;"Košický kraj";4;0;0;0;NA;31534;4;2020-04-03;-40718
2020-04-02;"Košický kraj";3;0;0;0;NA;31534;3;2020-04-02;-40722
2020-04-01;"Košický kraj";3;0;0;0;NA;31534;3;2020-04-01;-40725
2020-03-31;"Košický kraj";1;0;0;0;NA;31534;1;2020-03-31;-40728
2020-03-30;"Košický kraj";5;0;0;0;NA;31534;5;2020-03-30;-40729
2020-03-28;"Košický kraj";1;0;0;0;NA;31534;1;2020-03-28;-40734
2020-03-27;"Košický kraj";1;0;0;0;NA;31534;1;2020-03-27;-40735
2020-03-26;"Košický kraj";3;0;0;0;NA;31534;3;2020-03-26;-40736
2020-03-25;"Košický kraj";2;0;0;0;NA;31534;2;2020-03-25;-40739
2020-03-23;"Košický kraj";2;0;0;0;NA;31534;2;2020-03-23;-40741
2020-03-21;"Košický kraj";3;0;0;0;NA;31534;3;2020-03-21;-40743
2020-03-20;"Košický kraj";1;0;0;0;NA;31534;1;2020-03-20;-40746
2020-03-16;"Košický kraj";3;0;0;0;NA;31534;3;2020-03-16;-40747
2020-03-15;"Košický kraj";1;0;0;0;NA;31534;1;2020-03-15;-40750
2020-03-13;"Košický kraj";2;0;0;0;NA;31534;2;2020-03-13;-40751
2020-03-09;"Košický kraj";1;0;0;0;NA;31534;1;2020-03-09;-40753
2021-02-28;"Nitriansky kraj";80;34625;163;34788;0;45269;243;2021-02-28;45269
2021-02-27;"Nitriansky kraj";101;78320;355;78675;NA;45269;456;2021-02-27;45026
2021-02-26;"Nitriansky kraj";109;34995;295;35290;NA;45269;404;2021-02-26;44570
2021-02-25;"Nitriansky kraj";188;15500;209;15709;NA;45269;397;2021-02-25;44166
2021-02-24;"Nitriansky kraj";125;13803;258;14061;NA;45269;383;2021-02-24;43769
2021-02-23;"Nitriansky kraj";273;15163;271;15434;NA;45269;544;2021-02-23;43386
2021-02-22;"Nitriansky kraj";154;24639;319;24958;NA;45269;473;2021-02-22;42842
2021-02-21;"Nitriansky kraj";22;37831;278;38109;NA;45269;300;2021-02-21;42369
2021-02-20;"Nitriansky kraj";128;108118;586;108704;NA;45269;714;2021-02-20;42069
2021-02-19;"Nitriansky kraj";173;36520;325;36845;NA;45269;498;2021-02-19;41355
2021-02-18;"Nitriansky kraj";202;16806;282;17088;NA;45269;484;2021-02-18;40857
2021-02-17;"Nitriansky kraj";198;11458;290;11748;NA;45269;488;2021-02-17;40373
2021-02-16;"Nitriansky kraj";284;14404;280;14684;NA;45269;564;2021-02-16;39885
2021-02-15;"Nitriansky kraj";122;25896;459;26355;NA;45269;581;2021-02-15;39321
2021-02-14;"Nitriansky kraj";8;33732;192;33924;NA;45269;200;2021-02-14;38740
2021-02-13;"Nitriansky kraj";127;108547;686;109233;NA;45269;813;2021-02-13;38540
2021-02-12;"Nitriansky kraj";162;32932;405;33337;NA;45269;567;2021-02-12;37727
2021-02-11;"Nitriansky kraj";195;12308;270;12578;NA;45269;465;2021-02-11;37160
2021-02-10;"Nitriansky kraj";186;17512;643;18155;NA;45269;829;2021-02-10;36695
2021-02-09;"Nitriansky kraj";260;18430;379;18809;NA;45269;639;2021-02-09;35866
2021-02-08;"Nitriansky kraj";177;41085;602;41687;NA;45269;779;2021-02-08;35227
2021-02-07;"Nitriansky kraj";20;49231;502;49733;NA;45269;522;2021-02-07;34448
2021-02-06;"Nitriansky kraj";129;101344;918;102262;NA;45269;1047;2021-02-06;33926
2021-02-05;"Nitriansky kraj";244;34438;621;35059;NA;45269;865;2021-02-05;32879
2021-02-04;"Nitriansky kraj";308;15810;506;16316;NA;45269;814;2021-02-04;32014
2021-02-03;"Nitriansky kraj";191;10827;339;11166;NA;45269;530;2021-02-03;31200
2021-02-02;"Nitriansky kraj";327;17587;364;17951;NA;45269;691;2021-02-02;30670
2021-02-01;"Nitriansky kraj";221;25279;469;25748;NA;45269;690;2021-02-01;29979
2021-01-31;"Nitriansky kraj";9;22581;240;22821;NA;45269;249;2021-01-31;29289
2021-01-30;"Nitriansky kraj";152;85731;889;86620;NA;45269;1041;2021-01-30;29040
2021-01-29;"Nitriansky kraj";302;23699;486;24185;NA;45269;788;2021-01-29;27999
2021-01-28;"Nitriansky kraj";269;11411;394;11805;NA;45269;663;2021-01-28;27211
2021-01-27;"Nitriansky kraj";235;6725;299;7024;NA;45269;534;2021-01-27;26548
2021-01-26;"Nitriansky kraj";345;16041;454;16495;NA;45269;799;2021-01-26;26014
2021-01-25;"Nitriansky kraj";201;21737;431;22168;NA;45269;632;2021-01-25;25215
2021-01-24;"Nitriansky kraj";12;64769;642;65411;NA;45269;654;2021-01-24;24583
2021-01-23;"Nitriansky kraj";277;96698;1433;98131;NA;45269;1710;2021-01-23;23929
2021-01-22;"Nitriansky kraj";139;35406;614;36020;NA;45269;753;2021-01-22;22219
2021-01-21;"Nitriansky kraj";305;14646;412;15058;NA;45269;717;2021-01-21;21466
2021-01-20;"Nitriansky kraj";326;12165;637;12802;NA;45269;963;2021-01-20;20749
2021-01-19;"Nitriansky kraj";344;11016;633;11649;NA;45269;977;2021-01-19;19786
2021-01-18;"Nitriansky kraj";367;8645;507;9152;NA;45269;874;2021-01-18;18809
2021-01-17;"Nitriansky kraj";97;15061;275;15336;NA;45269;372;2021-01-17;17935
2021-01-16;"Nitriansky kraj";64;36365;654;37019;NA;45269;718;2021-01-16;17563
2021-01-15;"Nitriansky kraj";373;15876;475;16351;NA;45269;848;2021-01-15;16845
2021-01-14;"Nitriansky kraj";627;10412;437;10849;NA;45269;1064;2021-01-14;15997
2021-01-13;"Nitriansky kraj";663;9387;497;9884;NA;45269;1160;2021-01-13;14933
2021-01-12;"Nitriansky kraj";642;9055;573;9628;NA;45269;1215;2021-01-12;13773
2021-01-11;"Nitriansky kraj";422;8354;525;8879;NA;45269;947;2021-01-11;12558
2021-01-10;"Nitriansky kraj";44;19841;730;20571;NA;45269;774;2021-01-10;11611
2021-01-09;"Nitriansky kraj";532;37075;1090;38165;NA;45269;1622;2021-01-09;10837
2021-01-08;"Nitriansky kraj";817;14243;731;14974;NA;45269;1548;2021-01-08;9215
2021-01-07;"Nitriansky kraj";438;10618;784;11402;NA;45269;1222;2021-01-07;7667
2021-01-06;"Nitriansky kraj";259;3347;239;3586;NA;45269;498;2021-01-06;6445
2021-01-05;"Nitriansky kraj";732;8897;1200;10097;NA;45269;1932;2021-01-05;5947
2021-01-04;"Nitriansky kraj";362;8376;1259;9635;NA;45269;1621;2021-01-04;4015
2021-01-03;"Nitriansky kraj";42;84;20;104;NA;45269;62;2021-01-03;2394
2021-01-02;"Nitriansky kraj";249;1090;26;1116;NA;45269;275;2021-01-02;2332
2021-01-01;"Nitriansky kraj";119;671;94;765;NA;45269;213;2021-01-01;2057
2020-12-31;"Nitriansky kraj";786;7646;962;8608;NA;45269;1748;2020-12-31;1844
2020-12-30;"Nitriansky kraj";1094;9620;1165;10785;NA;45269;2259;2020-12-30;96
2020-12-29;"Nitriansky kraj";607;8277;1286;9563;NA;45269;1893;2020-12-29;-2163
2020-12-28;"Nitriansky kraj";83;6981;1271;8252;NA;45269;1354;2020-12-28;-4056
2020-12-27;"Nitriansky kraj";22;36;2;38;NA;45269;24;2020-12-27;-5410
2020-12-26;"Nitriansky kraj";54;297;56;353;NA;45269;110;2020-12-26;-5434
2020-12-25;"Nitriansky kraj";35;47;5;52;NA;45269;40;2020-12-25;-5544
2020-12-24;"Nitriansky kraj";514;1861;176;2037;NA;45269;690;2020-12-24;-5584
2020-12-23;"Nitriansky kraj";349;15293;843;16136;NA;45269;1192;2020-12-23;-6274
2020-12-22;"Nitriansky kraj";673;10987;994;11981;NA;45269;1667;2020-12-22;-7466
2020-12-21;"Nitriansky kraj";128;7953;976;8929;NA;45269;1104;2020-12-21;-9133
2020-12-20;"Nitriansky kraj";77;50;10;60;NA;45269;87;2020-12-20;-10237
2020-12-19;"Nitriansky kraj";262;2259;159;2418;NA;45269;421;2020-12-19;-10324
2020-12-18;"Nitriansky kraj";512;8437;551;8988;NA;45269;1063;2020-12-18;-10745
2020-12-17;"Nitriansky kraj";586;6894;514;7408;NA;45269;1100;2020-12-17;-11808
2020-12-16;"Nitriansky kraj";357;8785;546;9331;NA;45269;903;2020-12-16;-12908
2020-12-15;"Nitriansky kraj";461;9365;769;10134;NA;45269;1230;2020-12-15;-13811
2020-12-14;"Nitriansky kraj";217;8089;827;8916;NA;45269;1044;2020-12-14;-15041
2020-12-13;"Nitriansky kraj";12;9;1;10;NA;45269;13;2020-12-13;-16085
2020-12-12;"Nitriansky kraj";341;1832;125;1957;NA;45269;466;2020-12-12;-16098
2020-12-11;"Nitriansky kraj";409;6193;465;6658;NA;45269;874;2020-12-11;-16564
2020-12-10;"Nitriansky kraj";360;5030;326;5356;NA;45269;686;2020-12-10;-17438
2020-12-09;"Nitriansky kraj";362;5726;542;6268;NA;45269;904;2020-12-09;-18124
2020-12-08;"Nitriansky kraj";340;8766;611;9377;NA;45269;951;2020-12-08;-19028
2020-12-07;"Nitriansky kraj";139;6243;573;6816;NA;45269;712;2020-12-07;-19979
2020-12-06;"Nitriansky kraj";15;89;4;93;NA;45269;19;2020-12-06;-20691
2020-12-05;"Nitriansky kraj";136;618;14;632;NA;45269;150;2020-12-05;-20710
2020-12-04;"Nitriansky kraj";232;3047;86;3133;NA;45269;318;2020-12-04;-20860
2020-12-03;"Nitriansky kraj";248;2599;127;2726;NA;45269;375;2020-12-03;-21178
2020-12-02;"Nitriansky kraj";252;3733;163;3896;NA;45269;415;2020-12-02;-21553
2020-12-01;"Nitriansky kraj";331;2941;133;3074;NA;45269;464;2020-12-01;-21968
2020-11-30;"Nitriansky kraj";91;4836;207;5043;NA;45269;298;2020-11-30;-22432
2020-11-29;"Nitriansky kraj";3;620;42;662;NA;45269;45;2020-11-29;-22730
2020-11-28;"Nitriansky kraj";135;892;31;923;NA;45269;166;2020-11-28;-22775
2020-11-27;"Nitriansky kraj";177;1229;43;1272;NA;45269;220;2020-11-27;-22941
2020-11-26;"Nitriansky kraj";191;2262;57;2319;NA;45269;248;2020-11-26;-23161
2020-11-25;"Nitriansky kraj";325;1993;66;2059;NA;45269;391;2020-11-25;-23409
2020-11-24;"Nitriansky kraj";147;1141;50;1191;NA;45269;197;2020-11-24;-23800
2020-11-23;"Nitriansky kraj";102;9562;206;9768;NA;45269;308;2020-11-23;-23997
2020-11-22;"Nitriansky kraj";7;0;0;0;NA;45269;7;2020-11-22;-24305
2020-11-21;"Nitriansky kraj";86;1083;38;1121;NA;45269;124;2020-11-21;-24312
2020-11-20;"Nitriansky kraj";264;4020;101;4121;NA;45269;365;2020-11-20;-24436
2020-11-19;"Nitriansky kraj";185;2953;133;3086;NA;45269;318;2020-11-19;-24801
2020-11-18;"Nitriansky kraj";188;2109;77;2186;NA;45269;265;2020-11-18;-25119
2020-11-17;"Nitriansky kraj";178;596;29;625;NA;45269;207;2020-11-17;-25384
2020-11-16;"Nitriansky kraj";139;1836;75;1911;NA;45269;214;2020-11-16;-25591
2020-11-15;"Nitriansky kraj";14;10;1;11;NA;45269;15;2020-11-15;-25805
2020-11-14;"Nitriansky kraj";114;1131;32;1163;NA;45269;146;2020-11-14;-25820
2020-11-13;"Nitriansky kraj";210;936;46;982;NA;45269;256;2020-11-13;-25966
2020-11-12;"Nitriansky kraj";256;1195;35;1230;NA;45269;291;2020-11-12;-26222
2020-11-11;"Nitriansky kraj";279;1247;22;1269;NA;45269;301;2020-11-11;-26513
2020-11-10;"Nitriansky kraj";192;2623;39;2662;NA;45269;231;2020-11-10;-26814
2020-11-09;"Nitriansky kraj";128;3136;43;3179;NA;45269;171;2020-11-09;-27045
2020-11-08;"Nitriansky kraj";43;1462;32;1494;NA;45269;75;2020-11-08;-27216
2020-11-07;"Nitriansky kraj";130;1046;4;1050;NA;45269;134;2020-11-07;-27291
2020-11-06;"Nitriansky kraj";210;2264;32;2296;NA;45269;242;2020-11-06;-27425
2020-11-05;"Nitriansky kraj";178;295;12;307;NA;45269;190;2020-11-05;-27667
2020-11-04;"Nitriansky kraj";211;297;16;313;NA;45269;227;2020-11-04;-27857
2020-11-03;"Nitriansky kraj";216;435;25;460;NA;45269;241;2020-11-03;-28084
2020-11-02;"Nitriansky kraj";171;4208;46;4254;NA;45269;217;2020-11-02;-28325
2020-11-01;"Nitriansky kraj";130;2546;27;2573;NA;45269;157;2020-11-01;-28542
2020-10-31;"Nitriansky kraj";261;10402;134;10536;NA;45269;395;2020-10-31;-28699
2020-10-30;"Nitriansky kraj";204;2380;21;2401;NA;45269;225;2020-10-30;-29094
2020-10-29;"Nitriansky kraj";293;841;39;880;NA;45269;332;2020-10-29;-29319
2020-10-28;"Nitriansky kraj";216;608;59;667;NA;45269;275;2020-10-28;-29651
2020-10-27;"Nitriansky kraj";296;550;47;597;NA;45269;343;2020-10-27;-29926
2020-10-26;"Nitriansky kraj";69;633;56;689;NA;45269;125;2020-10-26;-30269
2020-10-25;"Nitriansky kraj";50;40;6;46;NA;45269;56;2020-10-25;-30394
2020-10-24;"Nitriansky kraj";169;237;11;248;NA;45269;180;2020-10-24;-30450
2020-10-23;"Nitriansky kraj";282;762;41;803;NA;45269;323;2020-10-23;-30630
2020-10-22;"Nitriansky kraj";137;444;39;483;NA;45269;176;2020-10-22;-30953
2020-10-21;"Nitriansky kraj";146;208;3;211;NA;45269;149;2020-10-21;-31129
2020-10-20;"Nitriansky kraj";197;78;6;84;NA;45269;203;2020-10-20;-31278
2020-10-19;"Nitriansky kraj";148;79;1;80;NA;45269;149;2020-10-19;-31481
2020-10-18;"Nitriansky kraj";22;0;0;0;NA;45269;22;2020-10-18;-31630
2020-10-17;"Nitriansky kraj";67;0;0;0;NA;45269;67;2020-10-17;-31652
2020-10-16;"Nitriansky kraj";133;28;3;31;NA;45269;136;2020-10-16;-31719
2020-10-15;"Nitriansky kraj";106;31;2;33;NA;45269;108;2020-10-15;-31855
2020-10-14;"Nitriansky kraj";80;22;4;26;NA;45269;84;2020-10-14;-31963
2020-10-13;"Nitriansky kraj";101;82;2;84;NA;45269;103;2020-10-13;-32047
2020-10-12;"Nitriansky kraj";36;0;0;0;NA;45269;36;2020-10-12;-32150
2020-10-11;"Nitriansky kraj";8;0;0;0;NA;45269;8;2020-10-11;-32186
2020-10-10;"Nitriansky kraj";107;0;0;0;NA;45269;107;2020-10-10;-32194
2020-10-09;"Nitriansky kraj";120;0;0;0;NA;45269;120;2020-10-09;-32301
2020-10-08;"Nitriansky kraj";132;0;0;0;NA;45269;132;2020-10-08;-32421
2020-10-07;"Nitriansky kraj";81;0;0;0;NA;45269;81;2020-10-07;-32553
2020-10-06;"Nitriansky kraj";48;0;0;0;NA;45269;48;2020-10-06;-32634
2020-10-05;"Nitriansky kraj";20;0;0;0;NA;45269;20;2020-10-05;-32682
2020-10-04;"Nitriansky kraj";17;0;0;0;NA;45269;17;2020-10-04;-32702
2020-10-03;"Nitriansky kraj";96;0;0;0;NA;45269;96;2020-10-03;-32719
2020-10-02;"Nitriansky kraj";108;0;0;0;NA;45269;108;2020-10-02;-32815
2020-10-01;"Nitriansky kraj";95;0;0;0;NA;45269;95;2020-10-01;-32923
2020-09-30;"Nitriansky kraj";100;0;0;0;NA;45269;100;2020-09-30;-33018
2020-09-29;"Nitriansky kraj";50;0;0;0;NA;45269;50;2020-09-29;-33118
2020-09-28;"Nitriansky kraj";22;0;0;0;NA;45269;22;2020-09-28;-33168
2020-09-27;"Nitriansky kraj";16;0;0;0;NA;45269;16;2020-09-27;-33190
2020-09-26;"Nitriansky kraj";64;0;0;0;NA;45269;64;2020-09-26;-33206
2020-09-25;"Nitriansky kraj";90;0;0;0;NA;45269;90;2020-09-25;-33270
2020-09-24;"Nitriansky kraj";51;0;0;0;NA;45269;51;2020-09-24;-33360
2020-09-23;"Nitriansky kraj";70;0;0;0;NA;45269;70;2020-09-23;-33411
2020-09-22;"Nitriansky kraj";18;0;0;0;NA;45269;18;2020-09-22;-33481
2020-09-21;"Nitriansky kraj";10;0;0;0;NA;45269;10;2020-09-21;-33499
2020-09-20;"Nitriansky kraj";4;0;0;0;NA;45269;4;2020-09-20;-33509
2020-09-19;"Nitriansky kraj";14;0;0;0;NA;45269;14;2020-09-19;-33513
2020-09-18;"Nitriansky kraj";19;0;0;0;NA;45269;19;2020-09-18;-33527
2020-09-17;"Nitriansky kraj";30;0;0;0;NA;45269;30;2020-09-17;-33546
2020-09-16;"Nitriansky kraj";6;0;0;0;NA;45269;6;2020-09-16;-33576
2020-09-15;"Nitriansky kraj";19;0;0;0;NA;45269;19;2020-09-15;-33582
2020-09-14;"Nitriansky kraj";28;0;0;0;NA;45269;28;2020-09-14;-33601
2020-09-13;"Nitriansky kraj";3;0;0;0;NA;45269;3;2020-09-13;-33629
2020-09-12;"Nitriansky kraj";12;0;0;0;NA;45269;12;2020-09-12;-33632
2020-09-11;"Nitriansky kraj";23;0;0;0;NA;45269;23;2020-09-11;-33644
2020-09-10;"Nitriansky kraj";29;0;0;0;NA;45269;29;2020-09-10;-33667
2020-09-09;"Nitriansky kraj";19;0;0;0;NA;45269;19;2020-09-09;-33696
2020-09-08;"Nitriansky kraj";17;0;0;0;NA;45269;17;2020-09-08;-33715
2020-09-07;"Nitriansky kraj";17;0;0;0;NA;45269;17;2020-09-07;-33732
2020-09-05;"Nitriansky kraj";22;0;0;0;NA;45269;22;2020-09-05;-33749
2020-09-04;"Nitriansky kraj";34;0;0;0;NA;45269;34;2020-09-04;-33771
2020-09-03;"Nitriansky kraj";15;0;0;0;NA;45269;15;2020-09-03;-33805
2020-09-02;"Nitriansky kraj";15;0;0;0;NA;45269;15;2020-09-02;-33820
2020-09-01;"Nitriansky kraj";2;0;0;0;NA;45269;2;2020-09-01;-33835
2020-08-31;"Nitriansky kraj";12;0;0;0;NA;45269;12;2020-08-31;-33837
2020-08-30;"Nitriansky kraj";1;0;0;0;NA;45269;1;2020-08-30;-33849
2020-08-29;"Nitriansky kraj";7;0;0;0;NA;45269;7;2020-08-29;-33850
2020-08-28;"Nitriansky kraj";12;0;0;0;NA;45269;12;2020-08-28;-33857
2020-08-27;"Nitriansky kraj";12;0;0;0;NA;45269;12;2020-08-27;-33869
2020-08-26;"Nitriansky kraj";4;0;0;0;NA;45269;4;2020-08-26;-33881
2020-08-25;"Nitriansky kraj";8;0;0;0;NA;45269;8;2020-08-25;-33885
2020-08-24;"Nitriansky kraj";1;0;0;0;NA;45269;1;2020-08-24;-33893
2020-08-23;"Nitriansky kraj";1;0;0;0;NA;45269;1;2020-08-23;-33894
2020-08-22;"Nitriansky kraj";2;0;0;0;NA;45269;2;2020-08-22;-33895
2020-08-20;"Nitriansky kraj";7;0;0;0;NA;45269;7;2020-08-20;-33897
2020-08-19;"Nitriansky kraj";1;0;0;0;NA;45269;1;2020-08-19;-33904
2020-08-18;"Nitriansky kraj";2;0;0;0;NA;45269;2;2020-08-18;-33905
2020-08-17;"Nitriansky kraj";1;0;0;0;NA;45269;1;2020-08-17;-33907
2020-08-15;"Nitriansky kraj";2;0;0;0;NA;45269;2;2020-08-15;-33908
2020-08-14;"Nitriansky kraj";1;0;0;0;NA;45269;1;2020-08-14;-33910
2020-08-13;"Nitriansky kraj";4;0;0;0;NA;45269;4;2020-08-13;-33911
2020-08-11;"Nitriansky kraj";1;0;0;0;NA;45269;1;2020-08-11;-33915
2020-08-07;"Nitriansky kraj";4;0;0;0;NA;45269;4;2020-08-07;-33916
2020-08-06;"Nitriansky kraj";4;0;0;0;NA;45269;4;2020-08-06;-33920
2020-08-04;"Nitriansky kraj";7;0;0;0;NA;45269;7;2020-08-04;-33924
2020-07-24;"Nitriansky kraj";1;0;0;0;NA;45269;1;2020-07-24;-33931
2020-07-23;"Nitriansky kraj";3;0;0;0;NA;45269;3;2020-07-23;-33932
2020-07-22;"Nitriansky kraj";2;0;0;0;NA;45269;2;2020-07-22;-33935
2020-07-21;"Nitriansky kraj";14;0;0;0;NA;45269;14;2020-07-21;-33937
2020-07-20;"Nitriansky kraj";11;0;0;0;NA;45269;11;2020-07-20;-33951
2020-07-16;"Nitriansky kraj";4;0;0;0;NA;45269;4;2020-07-16;-33962
2020-07-15;"Nitriansky kraj";5;0;0;0;NA;45269;5;2020-07-15;-33966
2020-07-09;"Nitriansky kraj";1;0;0;0;NA;45269;1;2020-07-09;-33971
2020-07-08;"Nitriansky kraj";2;0;0;0;NA;45269;2;2020-07-08;-33972
2020-07-01;"Nitriansky kraj";3;0;0;0;NA;45269;3;2020-07-01;-33974
2020-06-24;"Nitriansky kraj";1;0;0;0;NA;45269;1;2020-06-24;-33977
2020-06-10;"Nitriansky kraj";1;0;0;0;NA;45269;1;2020-06-10;-33978
2020-06-09;"Nitriansky kraj";1;0;0;0;NA;45269;1;2020-06-09;-33979
2020-06-02;"Nitriansky kraj";1;0;0;0;NA;45269;1;2020-06-02;-33980
2020-05-24;"Nitriansky kraj";2;0;0;0;NA;45269;2;2020-05-24;-33981
2020-05-22;"Nitriansky kraj";1;0;0;0;NA;45269;1;2020-05-22;-33983
2020-05-15;"Nitriansky kraj";1;0;0;0;NA;45269;1;2020-05-15;-33984
2020-05-11;"Nitriansky kraj";2;0;0;0;NA;45269;2;2020-05-11;-33985
2020-05-07;"Nitriansky kraj";1;0;0;0;NA;45269;1;2020-05-07;-33987
2020-05-06;"Nitriansky kraj";9;0;0;0;NA;45269;9;2020-05-06;-33988
2020-05-04;"Nitriansky kraj";5;0;0;0;NA;45269;5;2020-05-04;-33997
2020-05-03;"Nitriansky kraj";2;0;0;0;NA;45269;2;2020-05-03;-34002
2020-05-01;"Nitriansky kraj";1;0;0;0;NA;45269;1;2020-05-01;-34004
2020-04-28;"Nitriansky kraj";1;0;0;0;NA;45269;1;2020-04-28;-34005
2020-04-23;"Nitriansky kraj";3;0;0;0;NA;45269;3;2020-04-23;-34006
2020-04-22;"Nitriansky kraj";16;0;0;0;NA;45269;16;2020-04-22;-34009
2020-04-21;"Nitriansky kraj";6;0;0;0;NA;45269;6;2020-04-21;-34025
2020-04-20;"Nitriansky kraj";5;0;0;0;NA;45269;5;2020-04-20;-34031
2020-04-17;"Nitriansky kraj";7;0;0;0;NA;45269;7;2020-04-17;-34036
2020-04-15;"Nitriansky kraj";6;0;0;0;NA;45269;6;2020-04-15;-34043
2020-04-14;"Nitriansky kraj";2;0;0;0;NA;45269;2;2020-04-14;-34049
2020-04-13;"Nitriansky kraj";1;0;0;0;NA;45269;1;2020-04-13;-34051
2020-04-12;"Nitriansky kraj";3;0;0;0;NA;45269;3;2020-04-12;-34052
2020-04-11;"Nitriansky kraj";1;0;0;0;NA;45269;1;2020-04-11;-34055
2020-04-10;"Nitriansky kraj";1;0;0;0;NA;45269;1;2020-04-10;-34056
2020-04-08;"Nitriansky kraj";2;0;0;0;NA;45269;2;2020-04-08;-34057
2020-04-07;"Nitriansky kraj";3;0;0;0;NA;45269;3;2020-04-07;-34059
2020-04-06;"Nitriansky kraj";4;0;0;0;NA;45269;4;2020-04-06;-34062
2020-04-05;"Nitriansky kraj";5;0;0;0;NA;45269;5;2020-04-05;-34066
2020-04-02;"Nitriansky kraj";1;0;0;0;NA;45269;1;2020-04-02;-34071
2020-03-31;"Nitriansky kraj";3;0;0;0;NA;45269;3;2020-03-31;-34072
2020-03-30;"Nitriansky kraj";3;0;0;0;NA;45269;3;2020-03-30;-34075
2020-03-29;"Nitriansky kraj";3;0;0;0;NA;45269;3;2020-03-29;-34078
2020-03-28;"Nitriansky kraj";1;0;0;0;NA;45269;1;2020-03-28;-34081
2020-03-27;"Nitriansky kraj";1;0;0;0;NA;45269;1;2020-03-27;-34082
2020-03-26;"Nitriansky kraj";1;0;0;0;NA;45269;1;2020-03-26;-34083
2020-03-25;"Nitriansky kraj";1;0;0;0;NA;45269;1;2020-03-25;-34084
2020-03-23;"Nitriansky kraj";2;0;0;0;NA;45269;2;2020-03-23;-34085
2020-03-22;"Nitriansky kraj";2;0;0;0;NA;45269;2;2020-03-22;-34087
2020-03-21;"Nitriansky kraj";2;0;0;0;NA;45269;2;2020-03-21;-34089
2020-03-20;"Nitriansky kraj";1;0;0;0;NA;45269;1;2020-03-20;-34091
2020-03-19;"Nitriansky kraj";1;0;0;0;NA;45269;1;2020-03-19;-34092
2020-03-18;"Nitriansky kraj";2;0;0;0;NA;45269;2;2020-03-18;-34093
2020-03-17;"Nitriansky kraj";1;0;0;0;NA;45269;1;2020-03-17;-34095
2020-03-15;"Nitriansky kraj";4;0;0;0;NA;45269;4;2020-03-15;-34096
2020-03-14;"Nitriansky kraj";1;0;0;0;NA;45269;1;2020-03-14;-34100
2021-02-28;"Prešovský kraj";75;31780;268;32048;0;36190;343;2021-02-28;36190
2021-02-27;"Prešovský kraj";273;78762;671;79433;NA;36190;944;2021-02-27;35847
2021-02-26;"Prešovský kraj";455;40108;433;40541;NA;36190;888;2021-02-26;34903
2021-02-25;"Prešovský kraj";270;18516;320;18836;NA;36190;590;2021-02-25;34015
2021-02-24;"Prešovský kraj";328;17754;353;18107;NA;36190;681;2021-02-24;33425
2021-02-23;"Prešovský kraj";430;20623;330;20953;NA;36190;760;2021-02-23;32744
2021-02-22;"Prešovský kraj";351;26366;345;26711;NA;36190;696;2021-02-22;31984
2021-02-21;"Prešovský kraj";66;28961;269;29230;NA;36190;335;2021-02-21;31288
2021-02-20;"Prešovský kraj";129;57578;422;58000;NA;36190;551;2021-02-20;30953
2021-02-19;"Prešovský kraj";381;36944;408;37352;NA;36190;789;2021-02-19;30402
2021-02-18;"Prešovský kraj";268;16323;300;16623;NA;36190;568;2021-02-18;29613
2021-02-17;"Prešovský kraj";293;17308;249;17557;NA;36190;542;2021-02-17;29045
2021-02-16;"Prešovský kraj";422;18380;258;18638;NA;36190;680;2021-02-16;28503
2021-02-15;"Prešovský kraj";211;29648;291;29939;NA;36190;502;2021-02-15;27823
2021-02-14;"Prešovský kraj";27;32343;277;32620;NA;36190;304;2021-02-14;27321
2021-02-13;"Prešovský kraj";157;71836;373;72209;NA;36190;530;2021-02-13;27017
2021-02-12;"Prešovský kraj";308;38267;355;38622;NA;36190;663;2021-02-12;26487
2021-02-11;"Prešovský kraj";218;14898;224;15122;NA;36190;442;2021-02-11;25824
2021-02-10;"Prešovský kraj";220;17934;272;18206;NA;36190;492;2021-02-10;25382
2021-02-09;"Prešovský kraj";323;20537;357;20894;NA;36190;680;2021-02-09;24890
2021-02-08;"Prešovský kraj";161;37586;244;37830;NA;36190;405;2021-02-08;24210
2021-02-07;"Prešovský kraj";21;23785;153;23938;NA;36190;174;2021-02-07;23805
2021-02-06;"Prešovský kraj";176;66444;347;66791;NA;36190;523;2021-02-06;23631
2021-02-05;"Prešovský kraj";177;29414;249;29663;NA;36190;426;2021-02-05;23108
2021-02-04;"Prešovský kraj";176;12360;226;12586;NA;36190;402;2021-02-04;22682
2021-02-03;"Prešovský kraj";251;7791;217;8008;NA;36190;468;2021-02-03;22280
2021-02-02;"Prešovský kraj";249;11637;282;11919;NA;36190;531;2021-02-02;21812
2021-02-01;"Prešovský kraj";220;15271;279;15550;NA;36190;499;2021-02-01;21281
2021-01-31;"Prešovský kraj";42;1623;38;1661;NA;36190;80;2021-01-31;20782
2021-01-30;"Prešovský kraj";142;23939;215;24154;NA;36190;357;2021-01-30;20702
2021-01-29;"Prešovský kraj";185;17749;326;18075;NA;36190;511;2021-01-29;20345
2021-01-28;"Prešovský kraj";311;8441;150;8591;NA;36190;461;2021-01-28;19834
2021-01-27;"Prešovský kraj";153;9665;143;9808;NA;36190;296;2021-01-27;19373
2021-01-26;"Prešovský kraj";252;16491;148;16639;NA;36190;400;2021-01-26;19077
2021-01-25;"Prešovský kraj";196;28240;246;28486;NA;36190;442;2021-01-25;18677
2021-01-24;"Prešovský kraj";12;52958;386;53344;NA;36190;398;2021-01-24;18235
2021-01-23;"Prešovský kraj";189;90137;436;90573;NA;36190;625;2021-01-23;17837
2021-01-22;"Prešovský kraj";187;34597;258;34855;NA;36190;445;2021-01-22;17212
2021-01-21;"Prešovský kraj";187;20017;209;20226;NA;36190;396;2021-01-21;16767
2021-01-20;"Prešovský kraj";253;14479;195;14674;NA;36190;448;2021-01-20;16371
2021-01-19;"Prešovský kraj";281;12347;305;12652;NA;36190;586;2021-01-19;15923
2021-01-18;"Prešovský kraj";203;10434;336;10770;NA;36190;539;2021-01-18;15337
2021-01-17;"Prešovský kraj";107;14393;1008;15401;NA;36190;1115;2021-01-17;14798
2021-01-16;"Prešovský kraj";72;1583;76;1659;NA;36190;148;2021-01-16;13683
2021-01-15;"Prešovský kraj";159;6661;231;6892;NA;36190;390;2021-01-15;13535
2021-01-14;"Prešovský kraj";268;5530;252;5782;NA;36190;520;2021-01-14;13145
2021-01-13;"Prešovský kraj";342;5547;218;5765;NA;36190;560;2021-01-13;12625
2021-01-12;"Prešovský kraj";455;8489;409;8898;NA;36190;864;2021-01-12;12065
2021-01-11;"Prešovský kraj";343;7833;470;8303;NA;36190;813;2021-01-11;11201
2021-01-10;"Prešovský kraj";63;476;23;499;NA;36190;86;2021-01-10;10388
2021-01-09;"Prešovský kraj";439;2248;125;2373;NA;36190;564;2021-01-09;10302
2021-01-08;"Prešovský kraj";430;10867;572;11439;NA;36190;1002;2021-01-08;9738
2021-01-07;"Prešovský kraj";268;7688;639;8327;NA;36190;907;2021-01-07;8736
2021-01-06;"Prešovský kraj";315;1484;134;1618;NA;36190;449;2021-01-06;7829
2021-01-05;"Prešovský kraj";655;11591;1003;12594;NA;36190;1658;2021-01-05;7380
2021-01-04;"Prešovský kraj";371;17175;1810;18985;NA;36190;2181;2021-01-04;5722
2021-01-03;"Prešovský kraj";89;257;37;294;NA;36190;126;2021-01-03;3541
2021-01-02;"Prešovský kraj";65;1559;160;1719;NA;36190;225;2021-01-02;3415
2021-01-01;"Prešovský kraj";174;914;70;984;NA;36190;244;2021-01-01;3190
2020-12-31;"Prešovský kraj";640;11959;783;12742;NA;36190;1423;2020-12-31;2946
2020-12-30;"Prešovský kraj";729;9065;802;9867;NA;36190;1531;2020-12-30;1523
2020-12-29;"Prešovský kraj";435;8780;904;9684;NA;36190;1339;2020-12-29;-8
2020-12-28;"Prešovský kraj";393;9007;1119;10126;NA;36190;1512;2020-12-28;-1347
2020-12-27;"Prešovský kraj";40;571;39;610;NA;36190;79;2020-12-27;-2859
2020-12-26;"Prešovský kraj";64;176;12;188;NA;36190;76;2020-12-26;-2938
2020-12-25;"Prešovský kraj";208;273;13;286;NA;36190;221;2020-12-25;-3014
2020-12-24;"Prešovský kraj";452;1214;85;1299;NA;36190;537;2020-12-24;-3235
2020-12-23;"Prešovský kraj";361;11370;635;12005;NA;36190;996;2020-12-23;-3772
2020-12-22;"Prešovský kraj";439;9375;711;10086;NA;36190;1150;2020-12-22;-4768
2020-12-21;"Prešovský kraj";432;9919;880;10799;NA;36190;1312;2020-12-21;-5918
2020-12-20;"Prešovský kraj";184;396;20;416;NA;36190;204;2020-12-20;-7230
2020-12-19;"Prešovský kraj";276;1658;151;1809;NA;36190;427;2020-12-19;-7434
2020-12-18;"Prešovský kraj";396;8936;602;9538;NA;36190;998;2020-12-18;-7861
2020-12-17;"Prešovský kraj";427;10826;891;11717;NA;36190;1318;2020-12-17;-8859
2020-12-16;"Prešovský kraj";466;6017;508;6525;NA;36190;974;2020-12-16;-10177
2020-12-15;"Prešovský kraj";411;5685;584;6269;NA;36190;995;2020-12-15;-11151
2020-12-14;"Prešovský kraj";334;5767;508;6275;NA;36190;842;2020-12-14;-12146
2020-12-13;"Prešovský kraj";89;29;8;37;NA;36190;97;2020-12-13;-12988
2020-12-12;"Prešovský kraj";319;2474;166;2640;NA;36190;485;2020-12-12;-13085
2020-12-11;"Prešovský kraj";560;6042;418;6460;NA;36190;978;2020-12-11;-13570
2020-12-10;"Prešovský kraj";337;5180;440;5620;NA;36190;777;2020-12-10;-14548
2020-12-09;"Prešovský kraj";358;3646;270;3916;NA;36190;628;2020-12-09;-15325
2020-12-08;"Prešovský kraj";350;6436;647;7083;NA;36190;997;2020-12-08;-15953
2020-12-07;"Prešovský kraj";309;3700;281;3981;NA;36190;590;2020-12-07;-16950
2020-12-06;"Prešovský kraj";59;358;26;384;NA;36190;85;2020-12-06;-17540
2020-12-05;"Prešovský kraj";218;984;87;1071;NA;36190;305;2020-12-05;-17625
2020-12-04;"Prešovský kraj";352;4471;281;4752;NA;36190;633;2020-12-04;-17930
2020-12-03;"Prešovský kraj";284;2900;202;3102;NA;36190;486;2020-12-03;-18563
2020-12-02;"Prešovský kraj";232;3251;235;3486;NA;36190;467;2020-12-02;-19049
2020-12-01;"Prešovský kraj";281;2341;213;2554;NA;36190;494;2020-12-01;-19516
2020-11-30;"Prešovský kraj";196;5821;110;5931;NA;36190;306;2020-11-30;-20010
2020-11-29;"Prešovský kraj";27;379;42;421;NA;36190;69;2020-11-29;-20316
2020-11-28;"Prešovský kraj";199;682;62;744;NA;36190;261;2020-11-28;-20385
2020-11-27;"Prešovský kraj";232;2135;119;2254;NA;36190;351;2020-11-27;-20646
2020-11-26;"Prešovský kraj";263;2787;312;3099;NA;36190;575;2020-11-26;-20997
2020-11-25;"Prešovský kraj";302;1642;78;1720;NA;36190;380;2020-11-25;-21572
2020-11-24;"Prešovský kraj";365;1662;140;1802;NA;36190;505;2020-11-24;-21952
2020-11-23;"Prešovský kraj";164;842;42;884;NA;36190;206;2020-11-23;-22457
2020-11-22;"Prešovský kraj";46;30;1;31;NA;36190;47;2020-11-22;-22663
2020-11-21;"Prešovský kraj";205;689;57;746;NA;36190;262;2020-11-21;-22710
2020-11-20;"Prešovský kraj";363;2063;98;2161;NA;36190;461;2020-11-20;-22972
2020-11-19;"Prešovský kraj";359;1973;229;2202;NA;36190;588;2020-11-19;-23433
2020-11-18;"Prešovský kraj";270;373;32;405;NA;36190;302;2020-11-18;-24021
2020-11-17;"Prešovský kraj";347;151;17;168;NA;36190;364;2020-11-17;-24323
2020-11-16;"Prešovský kraj";226;382;51;433;NA;36190;277;2020-11-16;-24687
2020-11-15;"Prešovský kraj";186;39;4;43;NA;36190;190;2020-11-15;-24964
2020-11-14;"Prešovský kraj";261;54;4;58;NA;36190;265;2020-11-14;-25154
2020-11-13;"Prešovský kraj";395;166;8;174;NA;36190;403;2020-11-13;-25419
2020-11-12;"Prešovský kraj";397;229;50;279;NA;36190;447;2020-11-12;-25822
2020-11-11;"Prešovský kraj";516;161;15;176;NA;36190;531;2020-11-11;-26269
2020-11-10;"Prešovský kraj";437;197;9;206;NA;36190;446;2020-11-10;-26800
2020-11-09;"Prešovský kraj";190;4106;945;5051;NA;36190;1135;2020-11-09;-27246
2020-11-08;"Prešovský kraj";97;2817;32;2849;NA;36190;129;2020-11-08;-28381
2020-11-07;"Prešovský kraj";416;8578;81;8659;NA;36190;497;2020-11-07;-28510
2020-11-06;"Prešovský kraj";520;4791;76;4867;NA;36190;596;2020-11-06;-29007
2020-11-05;"Prešovský kraj";397;180;5;185;NA;36190;402;2020-11-05;-29603
2020-11-04;"Prešovský kraj";350;807;8;815;NA;36190;358;2020-11-04;-30005
2020-11-03;"Prešovský kraj";565;98;12;110;NA;36190;577;2020-11-03;-30363
2020-11-02;"Prešovský kraj";203;4158;1004;5162;NA;36190;1207;2020-11-02;-30940
2020-11-01;"Prešovský kraj";386;2906;53;2959;NA;36190;439;2020-11-01;-32147
2020-10-31;"Prešovský kraj";315;10497;170;10667;NA;36190;485;2020-10-31;-32586
2020-10-30;"Prešovský kraj";552;2949;65;3014;NA;36190;617;2020-10-30;-33071
2020-10-29;"Prešovský kraj";594;301;38;339;NA;36190;632;2020-10-29;-33688
2020-10-28;"Prešovský kraj";617;291;46;337;NA;36190;663;2020-10-28;-34320
2020-10-27;"Prešovský kraj";656;268;34;302;NA;36190;690;2020-10-27;-34983
2020-10-26;"Prešovský kraj";137;363;57;420;NA;36190;194;2020-10-26;-35673
2020-10-25;"Prešovský kraj";237;346;11;357;NA;36190;248;2020-10-25;-35867
2020-10-24;"Prešovský kraj";719;200;12;212;NA;36190;731;2020-10-24;-36115
2020-10-23;"Prešovský kraj";750;218;8;226;NA;36190;758;2020-10-23;-36846
2020-10-22;"Prešovský kraj";646;396;30;426;NA;36190;676;2020-10-22;-37604
2020-10-21;"Prešovský kraj";383;58;8;66;NA;36190;391;2020-10-21;-38280
2020-10-20;"Prešovský kraj";493;65;7;72;NA;36190;500;2020-10-20;-38671
2020-10-19;"Prešovský kraj";140;235;15;250;NA;36190;155;2020-10-19;-39171
2020-10-18;"Prešovský kraj";209;0;0;0;NA;36190;209;2020-10-18;-39326
2020-10-17;"Prešovský kraj";342;0;0;0;NA;36190;342;2020-10-17;-39535
2020-10-16;"Prešovský kraj";388;57;3;60;NA;36190;391;2020-10-16;-39877
2020-10-15;"Prešovský kraj";435;85;18;103;NA;36190;453;2020-10-15;-40268
2020-10-14;"Prešovský kraj";451;54;10;64;NA;36190;461;2020-10-14;-40721
2020-10-13;"Prešovský kraj";264;50;6;56;NA;36190;270;2020-10-13;-41182
2020-10-12;"Prešovský kraj";214;334;35;369;NA;36190;249;2020-10-12;-41452
2020-10-11;"Prešovský kraj";127;0;0;0;NA;36190;127;2020-10-11;-41701
2020-10-10;"Prešovský kraj";248;0;0;0;NA;36190;248;2020-10-10;-41828
2020-10-09;"Prešovský kraj";406;0;0;0;NA;36190;406;2020-10-09;-42076
2020-10-08;"Prešovský kraj";245;0;0;0;NA;36190;245;2020-10-08;-42482
2020-10-07;"Prešovský kraj";244;0;0;0;NA;36190;244;2020-10-07;-42727
2020-10-06;"Prešovský kraj";166;0;0;0;NA;36190;166;2020-10-06;-42971
2020-10-05;"Prešovský kraj";84;0;0;0;NA;36190;84;2020-10-05;-43137
2020-10-04;"Prešovský kraj";118;0;0;0;NA;36190;118;2020-10-04;-43221
2020-10-03;"Prešovský kraj";204;0;0;0;NA;36190;204;2020-10-03;-43339
2020-10-02;"Prešovský kraj";149;0;0;0;NA;36190;149;2020-10-02;-43543
2020-10-01;"Prešovský kraj";136;0;0;0;NA;36190;136;2020-10-01;-43692
2020-09-30;"Prešovský kraj";121;0;0;0;NA;36190;121;2020-09-30;-43828
2020-09-29;"Prešovský kraj";156;0;0;0;NA;36190;156;2020-09-29;-43949
2020-09-28;"Prešovský kraj";51;0;0;0;NA;36190;51;2020-09-28;-44105
2020-09-27;"Prešovský kraj";10;0;0;0;NA;36190;10;2020-09-27;-44156
2020-09-26;"Prešovský kraj";72;0;0;0;NA;36190;72;2020-09-26;-44166
2020-09-25;"Prešovský kraj";91;0;0;0;NA;36190;91;2020-09-25;-44238
2020-09-24;"Prešovský kraj";52;0;0;0;NA;36190;52;2020-09-24;-44329
2020-09-23;"Prešovský kraj";55;0;0;0;NA;36190;55;2020-09-23;-44381
2020-09-22;"Prešovský kraj";29;0;0;0;NA;36190;29;2020-09-22;-44436
2020-09-21;"Prešovský kraj";14;0;0;0;NA;36190;14;2020-09-21;-44465
2020-09-20;"Prešovský kraj";5;0;0;0;NA;36190;5;2020-09-20;-44479
2020-09-19;"Prešovský kraj";12;0;0;0;NA;36190;12;2020-09-19;-44484
2020-09-18;"Prešovský kraj";29;0;0;0;NA;36190;29;2020-09-18;-44496
2020-09-17;"Prešovský kraj";25;0;0;0;NA;36190;25;2020-09-17;-44525
2020-09-16;"Prešovský kraj";8;0;0;0;NA;36190;8;2020-09-16;-44550
2020-09-15;"Prešovský kraj";10;0;0;0;NA;36190;10;2020-09-15;-44558
2020-09-14;"Prešovský kraj";47;0;0;0;NA;36190;47;2020-09-14;-44568
2020-09-13;"Prešovský kraj";3;0;0;0;NA;36190;3;2020-09-13;-44615
2020-09-12;"Prešovský kraj";4;0;0;0;NA;36190;4;2020-09-12;-44618
2020-09-11;"Prešovský kraj";15;0;0;0;NA;36190;15;2020-09-11;-44622
2020-09-10;"Prešovský kraj";10;0;0;0;NA;36190;10;2020-09-10;-44637
2020-09-09;"Prešovský kraj";21;0;0;0;NA;36190;21;2020-09-09;-44647
2020-09-08;"Prešovský kraj";23;0;0;0;NA;36190;23;2020-09-08;-44668
2020-09-07;"Prešovský kraj";5;0;0;0;NA;36190;5;2020-09-07;-44691
2020-09-06;"Prešovský kraj";3;0;0;0;NA;36190;3;2020-09-06;-44696
2020-09-05;"Prešovský kraj";7;0;0;0;NA;36190;7;2020-09-05;-44699
2020-09-04;"Prešovský kraj";24;0;0;0;NA;36190;24;2020-09-04;-44706
2020-09-03;"Prešovský kraj";8;0;0;0;NA;36190;8;2020-09-03;-44730
2020-09-02;"Prešovský kraj";9;0;0;0;NA;36190;9;2020-09-02;-44738
2020-09-01;"Prešovský kraj";6;0;0;0;NA;36190;6;2020-09-01;-44747
2020-08-31;"Prešovský kraj";3;0;0;0;NA;36190;3;2020-08-31;-44753
2020-08-30;"Prešovský kraj";6;0;0;0;NA;36190;6;2020-08-30;-44756
2020-08-29;"Prešovský kraj";4;0;0;0;NA;36190;4;2020-08-29;-44762
2020-08-28;"Prešovský kraj";6;0;0;0;NA;36190;6;2020-08-28;-44766
2020-08-27;"Prešovský kraj";7;0;0;0;NA;36190;7;2020-08-27;-44772
2020-08-26;"Prešovský kraj";22;0;0;0;NA;36190;22;2020-08-26;-44779
2020-08-25;"Prešovský kraj";1;0;0;0;NA;36190;1;2020-08-25;-44801
2020-08-24;"Prešovský kraj";5;0;0;0;NA;36190;5;2020-08-24;-44802
2020-08-23;"Prešovský kraj";3;0;0;0;NA;36190;3;2020-08-23;-44807
2020-08-22;"Prešovský kraj";3;0;0;0;NA;36190;3;2020-08-22;-44810
2020-08-21;"Prešovský kraj";11;0;0;0;NA;36190;11;2020-08-21;-44813
2020-08-20;"Prešovský kraj";8;0;0;0;NA;36190;8;2020-08-20;-44824
2020-08-19;"Prešovský kraj";8;0;0;0;NA;36190;8;2020-08-19;-44832
2020-08-18;"Prešovský kraj";6;0;0;0;NA;36190;6;2020-08-18;-44840
2020-08-17;"Prešovský kraj";1;0;0;0;NA;36190;1;2020-08-17;-44846
2020-08-15;"Prešovský kraj";8;0;0;0;NA;36190;8;2020-08-15;-44847
2020-08-14;"Prešovský kraj";6;0;0;0;NA;36190;6;2020-08-14;-44855
2020-08-13;"Prešovský kraj";8;0;0;0;NA;36190;8;2020-08-13;-44861
2020-08-12;"Prešovský kraj";19;0;0;0;NA;36190;19;2020-08-12;-44869
2020-08-11;"Prešovský kraj";3;0;0;0;NA;36190;3;2020-08-11;-44888
2020-08-08;"Prešovský kraj";2;0;0;0;NA;36190;2;2020-08-08;-44891
2020-08-07;"Prešovský kraj";6;0;0;0;NA;36190;6;2020-08-07;-44893
2020-08-06;"Prešovský kraj";2;0;0;0;NA;36190;2;2020-08-06;-44899
2020-08-05;"Prešovský kraj";8;0;0;0;NA;36190;8;2020-08-05;-44901
2020-08-04;"Prešovský kraj";5;0;0;0;NA;36190;5;2020-08-04;-44909
2020-08-03;"Prešovský kraj";4;0;0;0;NA;36190;4;2020-08-03;-44914
2020-08-02;"Prešovský kraj";6;0;0;0;NA;36190;6;2020-08-02;-44918
2020-07-31;"Prešovský kraj";2;0;0;0;NA;36190;2;2020-07-31;-44924
2020-07-30;"Prešovský kraj";6;0;0;0;NA;36190;6;2020-07-30;-44926
2020-07-29;"Prešovský kraj";5;0;0;0;NA;36190;5;2020-07-29;-44932
2020-07-27;"Prešovský kraj";1;0;0;0;NA;36190;1;2020-07-27;-44937
2020-07-26;"Prešovský kraj";1;0;0;0;NA;36190;1;2020-07-26;-44938
2020-07-25;"Prešovský kraj";21;0;0;0;NA;36190;21;2020-07-25;-44939
2020-07-24;"Prešovský kraj";1;0;0;0;NA;36190;1;2020-07-24;-44960
2020-07-23;"Prešovský kraj";5;0;0;0;NA;36190;5;2020-07-23;-44961
2020-07-22;"Prešovský kraj";1;0;0;0;NA;36190;1;2020-07-22;-44966
2020-07-21;"Prešovský kraj";2;0;0;0;NA;36190;2;2020-07-21;-44967
2020-07-20;"Prešovský kraj";1;0;0;0;NA;36190;1;2020-07-20;-44969
2020-07-17;"Prešovský kraj";3;0;0;0;NA;36190;3;2020-07-17;-44970
2020-07-16;"Prešovský kraj";1;0;0;0;NA;36190;1;2020-07-16;-44973
2020-07-15;"Prešovský kraj";5;0;0;0;NA;36190;5;2020-07-15;-44974
2020-07-14;"Prešovský kraj";5;0;0;0;NA;36190;5;2020-07-14;-44979
2020-07-13;"Prešovský kraj";1;0;0;0;NA;36190;1;2020-07-13;-44984
2020-07-12;"Prešovský kraj";1;0;0;0;NA;36190;1;2020-07-12;-44985
2020-07-11;"Prešovský kraj";6;0;0;0;NA;36190;6;2020-07-11;-44986
2020-07-10;"Prešovský kraj";5;0;0;0;NA;36190;5;2020-07-10;-44992
2020-07-09;"Prešovský kraj";2;0;0;0;NA;36190;2;2020-07-09;-44997
2020-07-08;"Prešovský kraj";14;0;0;0;NA;36190;14;2020-07-08;-44999
2020-07-07;"Prešovský kraj";2;0;0;0;NA;36190;2;2020-07-07;-45013
2020-07-04;"Prešovský kraj";1;0;0;0;NA;36190;1;2020-07-04;-45015
2020-07-03;"Prešovský kraj";3;0;0;0;NA;36190;3;2020-07-03;-45016
2020-06-30;"Prešovský kraj";7;0;0;0;NA;36190;7;2020-06-30;-45019
2020-06-27;"Prešovský kraj";3;0;0;0;NA;36190;3;2020-06-27;-45026
2020-06-26;"Prešovský kraj";3;0;0;0;NA;36190;3;2020-06-26;-45029
2020-06-24;"Prešovský kraj";4;0;0;0;NA;36190;4;2020-06-24;-45032
2020-06-19;"Prešovský kraj";1;0;0;0;NA;36190;1;2020-06-19;-45036
2020-06-16;"Prešovský kraj";6;0;0;0;NA;36190;6;2020-06-16;-45037
2020-06-12;"Prešovský kraj";1;0;0;0;NA;36190;1;2020-06-12;-45043
2020-06-02;"Prešovský kraj";1;0;0;0;NA;36190;1;2020-06-02;-45044
2020-05-31;"Prešovský kraj";1;0;0;0;NA;36190;1;2020-05-31;-45045
2020-05-21;"Prešovský kraj";1;0;0;0;NA;36190;1;2020-05-21;-45046
2020-05-13;"Prešovský kraj";1;0;0;0;NA;36190;1;2020-05-13;-45047
2020-05-11;"Prešovský kraj";1;0;0;0;NA;36190;1;2020-05-11;-45048
2020-05-05;"Prešovský kraj";1;0;0;0;NA;36190;1;2020-05-05;-45049
2020-05-01;"Prešovský kraj";2;0;0;0;NA;36190;2;2020-05-01;-45050
2020-04-29;"Prešovský kraj";1;0;0;0;NA;36190;1;2020-04-29;-45052
2020-04-28;"Prešovský kraj";1;0;0;0;NA;36190;1;2020-04-28;-45053
2020-04-27;"Prešovský kraj";2;0;0;0;NA;36190;2;2020-04-27;-45054
2020-04-23;"Prešovský kraj";2;0;0;0;NA;36190;2;2020-04-23;-45056
2020-04-22;"Prešovský kraj";11;0;0;0;NA;36190;11;2020-04-22;-45058
2020-04-21;"Prešovský kraj";12;0;0;0;NA;36190;12;2020-04-21;-45069
2020-04-20;"Prešovský kraj";2;0;0;0;NA;36190;2;2020-04-20;-45081
2020-04-19;"Prešovský kraj";4;0;0;0;NA;36190;4;2020-04-19;-45083
2020-04-18;"Prešovský kraj";1;0;0;0;NA;36190;1;2020-04-18;-45087
2020-04-17;"Prešovský kraj";4;0;0;0;NA;36190;4;2020-04-17;-45088
2020-04-16;"Prešovský kraj";9;0;0;0;NA;36190;9;2020-04-16;-45092
2020-04-15;"Prešovský kraj";21;0;0;0;NA;36190;21;2020-04-15;-45101
2020-04-14;"Prešovský kraj";1;0;0;0;NA;36190;1;2020-04-14;-45122
2020-04-13;"Prešovský kraj";2;0;0;0;NA;36190;2;2020-04-13;-45123
2020-04-12;"Prešovský kraj";6;0;0;0;NA;36190;6;2020-04-12;-45125
2020-04-11;"Prešovský kraj";4;0;0;0;NA;36190;4;2020-04-11;-45131
2020-04-09;"Prešovský kraj";1;0;0;0;NA;36190;1;2020-04-09;-45135
2020-04-07;"Prešovský kraj";7;0;0;0;NA;36190;7;2020-04-07;-45136
2020-04-06;"Prešovský kraj";10;0;0;0;NA;36190;10;2020-04-06;-45143
2020-04-05;"Prešovský kraj";13;0;0;0;NA;36190;13;2020-04-05;-45153
2020-04-04;"Prešovský kraj";1;0;0;0;NA;36190;1;2020-04-04;-45166
2020-04-03;"Prešovský kraj";4;0;0;0;NA;36190;4;2020-04-03;-45167
2020-04-02;"Prešovský kraj";6;0;0;0;NA;36190;6;2020-04-02;-45171
2020-04-01;"Prešovský kraj";6;0;0;0;NA;36190;6;2020-04-01;-45177
2020-03-31;"Prešovský kraj";6;0;0;0;NA;36190;6;2020-03-31;-45183
2020-03-30;"Prešovský kraj";2;0;0;0;NA;36190;2;2020-03-30;-45189
2020-03-29;"Prešovský kraj";2;0;0;0;NA;36190;2;2020-03-29;-45191
2020-03-28;"Prešovský kraj";2;0;0;0;NA;36190;2;2020-03-28;-45193
2020-03-27;"Prešovský kraj";1;0;0;0;NA;36190;1;2020-03-27;-45195
2020-03-26;"Prešovský kraj";8;0;0;0;NA;36190;8;2020-03-26;-45196
2020-03-25;"Prešovský kraj";1;0;0;0;NA;36190;1;2020-03-25;-45204
2020-03-24;"Prešovský kraj";4;0;0;0;NA;36190;4;2020-03-24;-45205
2020-03-22;"Prešovský kraj";1;0;0;0;NA;36190;1;2020-03-22;-45209
2020-03-21;"Prešovský kraj";2;0;0;0;NA;36190;2;2020-03-21;-45210
2020-03-20;"Prešovský kraj";3;0;0;0;NA;36190;3;2020-03-20;-45212
2020-03-19;"Prešovský kraj";2;0;0;0;NA;36190;2;2020-03-19;-45215
2020-03-18;"Prešovský kraj";1;0;0;0;NA;36190;1;2020-03-18;-45217
2020-03-17;"Prešovský kraj";1;0;0;0;NA;36190;1;2020-03-17;-45218
2020-03-16;"Prešovský kraj";4;0;0;0;NA;36190;4;2020-03-16;-45219
2020-03-14;"Prešovský kraj";1;0;0;0;NA;36190;1;2020-03-14;-45223
2021-02-28;"Trenčiansky kraj";45;26570;309;26879;0;34629;354;2021-02-28;34629
2021-02-27;"Trenčiansky kraj";277;71503;613;72116;NA;34629;890;2021-02-27;34275
2021-02-26;"Trenčiansky kraj";420;31972;437;32409;NA;34629;857;2021-02-26;33385
2021-02-25;"Trenčiansky kraj";424;13477;316;13793;NA;34629;740;2021-02-25;32528
2021-02-24;"Trenčiansky kraj";427;11909;397;12306;NA;34629;824;2021-02-24;31788
2021-02-23;"Trenčiansky kraj";577;14948;390;15338;NA;34629;967;2021-02-23;30964
2021-02-22;"Trenčiansky kraj";160;20696;483;21179;NA;34629;643;2021-02-22;29997
2021-02-21;"Trenčiansky kraj";64;27999;385;28384;NA;34629;449;2021-02-21;29354
2021-02-20;"Trenčiansky kraj";274;75922;718;76640;NA;34629;992;2021-02-20;28905
2021-02-19;"Trenčiansky kraj";272;29488;515;30003;NA;34629;787;2021-02-19;27913
2021-02-18;"Trenčiansky kraj";355;13626;399;14025;NA;34629;754;2021-02-18;27126
2021-02-17;"Trenčiansky kraj";363;11927;384;12311;NA;34629;747;2021-02-17;26372
2021-02-16;"Trenčiansky kraj";488;17475;403;17878;NA;34629;891;2021-02-16;25625
2021-02-15;"Trenčiansky kraj";151;22284;470;22754;NA;34629;621;2021-02-15;24734
2021-02-14;"Trenčiansky kraj";2;5592;53;5645;NA;34629;55;2021-02-14;24113
2021-02-13;"Trenčiansky kraj";274;65614;576;66190;NA;34629;850;2021-02-13;24058
2021-02-12;"Trenčiansky kraj";276;26735;403;27138;NA;34629;679;2021-02-12;23208
2021-02-11;"Trenčiansky kraj";291;11202;320;11522;NA;34629;611;2021-02-11;22529
2021-02-10;"Trenčiansky kraj";304;11180;319;11499;NA;34629;623;2021-02-10;21918
2021-02-09;"Trenčiansky kraj";514;21078;374;21452;NA;34629;888;2021-02-09;21295
2021-02-08;"Trenčiansky kraj";182;27709;414;28123;NA;34629;596;2021-02-08;20407
2021-02-07;"Trenčiansky kraj";31;25706;262;25968;NA;34629;293;2021-02-07;19811
2021-02-06;"Trenčiansky kraj";216;63561;580;64141;NA;34629;796;2021-02-06;19518
2021-02-05;"Trenčiansky kraj";202;17571;371;17942;NA;34629;573;2021-02-05;18722
2021-02-04;"Trenčiansky kraj";266;7128;304;7432;NA;34629;570;2021-02-04;18149
2021-02-03;"Trenčiansky kraj";162;9055;341;9396;NA;34629;503;2021-02-03;17579
2021-02-02;"Trenčiansky kraj";347;8224;399;8623;NA;34629;746;2021-02-02;17076
2021-02-01;"Trenčiansky kraj";167;18325;348;18673;NA;34629;515;2021-02-01;16330
2021-01-31;"Trenčiansky kraj";7;15791;135;15926;NA;34629;142;2021-01-31;15815
2021-01-30;"Trenčiansky kraj";228;37334;355;37689;NA;34629;583;2021-01-30;15673
2021-01-29;"Trenčiansky kraj";214;7411;216;7627;NA;34629;430;2021-01-29;15090
2021-01-28;"Trenčiansky kraj";307;5469;167;5636;NA;34629;474;2021-01-28;14660
2021-01-27;"Trenčiansky kraj";166;11801;204;12005;NA;34629;370;2021-01-27;14186
2021-01-26;"Trenčiansky kraj";303;14426;240;14666;NA;34629;543;2021-01-26;13816
2021-01-25;"Trenčiansky kraj";160;34160;368;34528;NA;34629;528;2021-01-25;13273
2021-01-24;"Trenčiansky kraj";51;27365;181;27546;NA;34629;232;2021-01-24;12745
2021-01-23;"Trenčiansky kraj";206;110039;709;110748;NA;34629;915;2021-01-23;12513
2021-01-22;"Trenčiansky kraj";148;14229;176;14405;NA;34629;324;2021-01-22;11598
2021-01-21;"Trenčiansky kraj";143;9172;197;9369;NA;34629;340;2021-01-21;11274
2021-01-20;"Trenčiansky kraj";181;7915;240;8155;NA;34629;421;2021-01-20;10934
2021-01-19;"Trenčiansky kraj";363;6684;275;6959;NA;34629;638;2021-01-19;10513
2021-01-18;"Trenčiansky kraj";72;4690;265;4955;NA;34629;337;2021-01-18;9875
2021-01-17;"Trenčiansky kraj";124;93;11;104;NA;34629;135;2021-01-17;9538
2021-01-16;"Trenčiansky kraj";39;793;62;855;NA;34629;101;2021-01-16;9403
2021-01-15;"Trenčiansky kraj";264;3920;220;4140;NA;34629;484;2021-01-15;9302
2021-01-14;"Trenčiansky kraj";275;3036;163;3199;NA;34629;438;2021-01-14;8818
2021-01-13;"Trenčiansky kraj";222;4092;236;4328;NA;34629;458;2021-01-13;8380
2021-01-12;"Trenčiansky kraj";508;4833;297;5130;NA;34629;805;2021-01-12;7922
2021-01-11;"Trenčiansky kraj";142;3932;295;4227;NA;34629;437;2021-01-11;7117
2021-01-10;"Trenčiansky kraj";89;4939;76;5015;NA;34629;165;2021-01-10;6680
2021-01-09;"Trenčiansky kraj";276;7974;121;8095;NA;34629;397;2021-01-09;6515
2021-01-08;"Trenčiansky kraj";489;6594;478;7072;NA;34629;967;2021-01-08;6118
2021-01-07;"Trenčiansky kraj";420;5834;503;6337;NA;34629;923;2021-01-07;5151
2021-01-06;"Trenčiansky kraj";221;1021;64;1085;NA;34629;285;2021-01-06;4228
2021-01-05;"Trenčiansky kraj";669;6118;800;6918;NA;34629;1469;2021-01-05;3943
2021-01-04;"Trenčiansky kraj";337;4920;704;5624;NA;34629;1041;2021-01-04;2474
2021-01-03;"Trenčiansky kraj";38;60;13;73;NA;34629;51;2021-01-03;1433
2021-01-02;"Trenčiansky kraj";129;140;23;163;NA;34629;152;2021-01-02;1382
2021-01-01;"Trenčiansky kraj";329;347;23;370;NA;34629;352;2021-01-01;1230
2020-12-31;"Trenčiansky kraj";597;4943;557;5500;NA;34629;1154;2020-12-31;878
2020-12-30;"Trenčiansky kraj";836;7006;762;7768;NA;34629;1598;2020-12-30;-276
2020-12-29;"Trenčiansky kraj";459;6191;1018;7209;NA;34629;1477;2020-12-29;-1874
2020-12-28;"Trenčiansky kraj";258;4195;777;4972;NA;34629;1035;2020-12-28;-3351
2020-12-27;"Trenčiansky kraj";5;202;36;238;NA;34629;41;2020-12-27;-4386
2020-12-26;"Trenčiansky kraj";174;74;10;84;NA;34629;184;2020-12-26;-4427
2020-12-25;"Trenčiansky kraj";251;325;47;372;NA;34629;298;2020-12-25;-4611
2020-12-24;"Trenčiansky kraj";552;2194;256;2450;NA;34629;808;2020-12-24;-4909
2020-12-23;"Trenčiansky kraj";421;6552;661;7213;NA;34629;1082;2020-12-23;-5717
2020-12-22;"Trenčiansky kraj";673;5760;694;6454;NA;34629;1367;2020-12-22;-6799
2020-12-21;"Trenčiansky kraj";248;13673;996;14669;NA;34629;1244;2020-12-21;-8166
2020-12-20;"Trenčiansky kraj";238;12480;291;12771;NA;34629;529;2020-12-20;-9410
2020-12-19;"Trenčiansky kraj";341;1611;150;1761;NA;34629;491;2020-12-19;-9939
2020-12-18;"Trenčiansky kraj";521;4847;575;5422;NA;34629;1096;2020-12-18;-10430
2020-12-17;"Trenčiansky kraj";670;3843;524;4367;NA;34629;1194;2020-12-17;-11526
2020-12-16;"Trenčiansky kraj";461;4459;647;5106;NA;34629;1108;2020-12-16;-12720
2020-12-15;"Trenčiansky kraj";595;3805;670;4475;NA;34629;1265;2020-12-15;-13828
2020-12-14;"Trenčiansky kraj";318;3194;613;3807;NA;34629;931;2020-12-14;-15093
2020-12-13;"Trenčiansky kraj";77;24;4;28;NA;34629;81;2020-12-13;-16024
2020-12-12;"Trenčiansky kraj";314;1002;120;1122;NA;34629;434;2020-12-12;-16105
2020-12-11;"Trenčiansky kraj";751;4066;479;4545;NA;34629;1230;2020-12-11;-16539
2020-12-10;"Trenčiansky kraj";271;3371;477;3848;NA;34629;748;2020-12-10;-17769
2020-12-09;"Trenčiansky kraj";508;3805;470;4275;NA;34629;978;2020-12-09;-18517
2020-12-08;"Trenčiansky kraj";546;3440;522;3962;NA;34629;1068;2020-12-08;-19495
2020-12-07;"Trenčiansky kraj";258;3826;466;4292;NA;34629;724;2020-12-07;-20563
2020-12-06;"Trenčiansky kraj";114;179;10;189;NA;34629;124;2020-12-06;-21287
2020-12-05;"Trenčiansky kraj";223;751;64;815;NA;34629;287;2020-12-05;-21411
2020-12-04;"Trenčiansky kraj";253;2519;215;2734;NA;34629;468;2020-12-04;-21698
2020-12-03;"Trenčiansky kraj";503;1714;178;1892;NA;34629;681;2020-12-03;-22166
2020-12-02;"Trenčiansky kraj";418;1844;232;2076;NA;34629;650;2020-12-02;-22847
2020-12-01;"Trenčiansky kraj";321;5642;351;5993;NA;34629;672;2020-12-01;-23497
2020-11-30;"Trenčiansky kraj";167;8494;489;8983;NA;34629;656;2020-11-30;-24169
2020-11-29;"Trenčiansky kraj";29;18;2;20;NA;34629;31;2020-11-29;-24825
2020-11-28;"Trenčiansky kraj";202;1051;93;1144;NA;34629;295;2020-11-28;-24856
2020-11-27;"Trenčiansky kraj";330;1398;150;1548;NA;34629;480;2020-11-27;-25151
2020-11-26;"Trenčiansky kraj";395;1252;122;1374;NA;34629;517;2020-11-26;-25631
2020-11-25;"Trenčiansky kraj";322;1444;160;1604;NA;34629;482;2020-11-25;-26148
2020-11-24;"Trenčiansky kraj";348;2553;308;2861;NA;34629;656;2020-11-24;-26630
2020-11-23;"Trenčiansky kraj";159;1186;122;1308;NA;34629;281;2020-11-23;-27286
2020-11-22;"Trenčiansky kraj";26;11;1;12;NA;34629;27;2020-11-22;-27567
2020-11-21;"Trenčiansky kraj";255;1323;62;1385;NA;34629;317;2020-11-21;-27594
2020-11-20;"Trenčiansky kraj";316;861;93;954;NA;34629;409;2020-11-20;-27911
2020-11-19;"Trenčiansky kraj";316;740;113;853;NA;34629;429;2020-11-19;-28320
2020-11-18;"Trenčiansky kraj";233;379;66;445;NA;34629;299;2020-11-18;-28749
2020-11-17;"Trenčiansky kraj";222;106;15;121;NA;34629;237;2020-11-17;-29048
2020-11-16;"Trenčiansky kraj";245;236;45;281;NA;34629;290;2020-11-16;-29285
2020-11-15;"Trenčiansky kraj";109;29;6;35;NA;34629;115;2020-11-15;-29575
2020-11-14;"Trenčiansky kraj";190;74;11;85;NA;34629;201;2020-11-14;-29690
2020-11-13;"Trenčiansky kraj";308;131;13;144;NA;34629;321;2020-11-13;-29891
2020-11-12;"Trenčiansky kraj";324;124;5;129;NA;34629;329;2020-11-12;-30212
2020-11-11;"Trenčiansky kraj";366;113;10;123;NA;34629;376;2020-11-11;-30541
2020-11-10;"Trenčiansky kraj";277;106;6;112;NA;34629;283;2020-11-10;-30917
2020-11-09;"Trenčiansky kraj";115;1407;48;1455;NA;34629;163;2020-11-09;-31200
2020-11-08;"Trenčiansky kraj";81;1223;8;1231;NA;34629;89;2020-11-08;-31363
2020-11-07;"Trenčiansky kraj";319;3662;59;3721;NA;34629;378;2020-11-07;-31452
2020-11-06;"Trenčiansky kraj";383;6893;84;6977;NA;34629;467;2020-11-06;-31830
2020-11-05;"Trenčiansky kraj";399;98;15;113;NA;34629;414;2020-11-05;-32297
2020-11-04;"Trenčiansky kraj";370;91;9;100;NA;34629;379;2020-11-04;-32711
2020-11-03;"Trenčiansky kraj";575;97;8;105;NA;34629;583;2020-11-03;-33090
2020-11-02;"Trenčiansky kraj";197;1833;68;1901;NA;34629;265;2020-11-02;-33673
2020-11-01;"Trenčiansky kraj";257;804;23;827;NA;34629;280;2020-11-01;-33938
2020-10-31;"Trenčiansky kraj";332;4719;82;4801;NA;34629;414;2020-10-31;-34218
2020-10-30;"Trenčiansky kraj";299;5283;102;5385;NA;34629;401;2020-10-30;-34632
2020-10-29;"Trenčiansky kraj";496;764;68;832;NA;34629;564;2020-10-29;-35033
2020-10-28;"Trenčiansky kraj";269;192;33;225;NA;34629;302;2020-10-28;-35597
2020-10-27;"Trenčiansky kraj";473;127;27;154;NA;34629;500;2020-10-27;-35899
2020-10-26;"Trenčiansky kraj";177;103;31;134;NA;34629;208;2020-10-26;-36399
2020-10-25;"Trenčiansky kraj";138;9;5;14;NA;34629;143;2020-10-25;-36607
2020-10-24;"Trenčiansky kraj";395;128;6;134;NA;34629;401;2020-10-24;-36750
2020-10-23;"Trenčiansky kraj";301;154;8;162;NA;34629;309;2020-10-23;-37151
2020-10-22;"Trenčiansky kraj";273;82;12;94;NA;34629;285;2020-10-22;-37460
2020-10-21;"Trenčiansky kraj";183;53;9;62;NA;34629;192;2020-10-21;-37745
2020-10-20;"Trenčiansky kraj";212;47;6;53;NA;34629;218;2020-10-20;-37937
2020-10-19;"Trenčiansky kraj";41;83;25;108;NA;34629;66;2020-10-19;-38155
2020-10-18;"Trenčiansky kraj";104;0;0;0;NA;34629;104;2020-10-18;-38221
2020-10-17;"Trenčiansky kraj";157;0;0;0;NA;34629;157;2020-10-17;-38325
2020-10-16;"Trenčiansky kraj";225;42;6;48;NA;34629;231;2020-10-16;-38482
2020-10-15;"Trenčiansky kraj";255;39;4;43;NA;34629;259;2020-10-15;-38713
2020-10-14;"Trenčiansky kraj";162;42;7;49;NA;34629;169;2020-10-14;-38972
2020-10-13;"Trenčiansky kraj";124;105;12;117;NA;34629;136;2020-10-13;-39141
2020-10-12;"Trenčiansky kraj";55;0;0;0;NA;34629;55;2020-10-12;-39277
2020-10-11;"Trenčiansky kraj";73;0;0;0;NA;34629;73;2020-10-11;-39332
2020-10-10;"Trenčiansky kraj";180;0;0;0;NA;34629;180;2020-10-10;-39405
2020-10-09;"Trenčiansky kraj";198;0;0;0;NA;34629;198;2020-10-09;-39585
2020-10-08;"Trenčiansky kraj";115;0;0;0;NA;34629;115;2020-10-08;-39783
2020-10-07;"Trenčiansky kraj";75;0;0;0;NA;34629;75;2020-10-07;-39898
2020-10-06;"Trenčiansky kraj";72;0;0;0;NA;34629;72;2020-10-06;-39973
2020-10-05;"Trenčiansky kraj";32;0;0;0;NA;34629;32;2020-10-05;-40045
2020-10-04;"Trenčiansky kraj";37;0;0;0;NA;34629;37;2020-10-04;-40077
2020-10-03;"Trenčiansky kraj";79;0;0;0;NA;34629;79;2020-10-03;-40114
2020-10-02;"Trenčiansky kraj";69;0;0;0;NA;34629;69;2020-10-02;-40193
2020-10-01;"Trenčiansky kraj";58;0;0;0;NA;34629;58;2020-10-01;-40262
2020-09-30;"Trenčiansky kraj";76;0;0;0;NA;34629;76;2020-09-30;-40320
2020-09-29;"Trenčiansky kraj";43;0;0;0;NA;34629;43;2020-09-29;-40396
2020-09-28;"Trenčiansky kraj";7;0;0;0;NA;34629;7;2020-09-28;-40439
2020-09-27;"Trenčiansky kraj";12;0;0;0;NA;34629;12;2020-09-27;-40446
2020-09-26;"Trenčiansky kraj";37;0;0;0;NA;34629;37;2020-09-26;-40458
2020-09-25;"Trenčiansky kraj";72;0;0;0;NA;34629;72;2020-09-25;-40495
2020-09-24;"Trenčiansky kraj";41;0;0;0;NA;34629;41;2020-09-24;-40567
2020-09-23;"Trenčiansky kraj";32;0;0;0;NA;34629;32;2020-09-23;-40608
2020-09-22;"Trenčiansky kraj";26;0;0;0;NA;34629;26;2020-09-22;-40640
2020-09-21;"Trenčiansky kraj";23;0;0;0;NA;34629;23;2020-09-21;-40666
2020-09-20;"Trenčiansky kraj";21;0;0;0;NA;34629;21;2020-09-20;-40689
2020-09-19;"Trenčiansky kraj";20;0;0;0;NA;34629;20;2020-09-19;-40710
2020-09-18;"Trenčiansky kraj";41;0;0;0;NA;34629;41;2020-09-18;-40730
2020-09-17;"Trenčiansky kraj";20;0;0;0;NA;34629;20;2020-09-17;-40771
2020-09-16;"Trenčiansky kraj";14;0;0;0;NA;34629;14;2020-09-16;-40791
2020-09-15;"Trenčiansky kraj";8;0;0;0;NA;34629;8;2020-09-15;-40805
2020-09-14;"Trenčiansky kraj";5;0;0;0;NA;34629;5;2020-09-14;-40813
2020-09-13;"Trenčiansky kraj";12;0;0;0;NA;34629;12;2020-09-13;-40818
2020-09-12;"Trenčiansky kraj";2;0;0;0;NA;34629;2;2020-09-12;-40830
2020-09-11;"Trenčiansky kraj";27;0;0;0;NA;34629;27;2020-09-11;-40832
2020-09-10;"Trenčiansky kraj";15;0;0;0;NA;34629;15;2020-09-10;-40859
2020-09-09;"Trenčiansky kraj";11;0;0;0;NA;34629;11;2020-09-09;-40874
2020-09-08;"Trenčiansky kraj";12;0;0;0;NA;34629;12;2020-09-08;-40885
2020-09-07;"Trenčiansky kraj";6;0;0;0;NA;34629;6;2020-09-07;-40897
2020-09-06;"Trenčiansky kraj";1;0;0;0;NA;34629;1;2020-09-06;-40903
2020-09-05;"Trenčiansky kraj";3;0;0;0;NA;34629;3;2020-09-05;-40904
2020-09-04;"Trenčiansky kraj";9;0;0;0;NA;34629;9;2020-09-04;-40907
2020-09-03;"Trenčiansky kraj";10;0;0;0;NA;34629;10;2020-09-03;-40916
2020-09-02;"Trenčiansky kraj";5;0;0;0;NA;34629;5;2020-09-02;-40926
2020-09-01;"Trenčiansky kraj";1;0;0;0;NA;34629;1;2020-09-01;-40931
2020-08-31;"Trenčiansky kraj";12;0;0;0;NA;34629;12;2020-08-31;-40932
2020-08-29;"Trenčiansky kraj";1;0;0;0;NA;34629;1;2020-08-29;-40944
2020-08-28;"Trenčiansky kraj";12;0;0;0;NA;34629;12;2020-08-28;-40945
2020-08-27;"Trenčiansky kraj";10;0;0;0;NA;34629;10;2020-08-27;-40957
2020-08-26;"Trenčiansky kraj";15;0;0;0;NA;34629;15;2020-08-26;-40967
2020-08-25;"Trenčiansky kraj";12;0;0;0;NA;34629;12;2020-08-25;-40982
2020-08-24;"Trenčiansky kraj";4;0;0;0;NA;34629;4;2020-08-24;-40994
2020-08-23;"Trenčiansky kraj";5;0;0;0;NA;34629;5;2020-08-23;-40998
2020-08-22;"Trenčiansky kraj";6;0;0;0;NA;34629;6;2020-08-22;-41003
2020-08-21;"Trenčiansky kraj";6;0;0;0;NA;34629;6;2020-08-21;-41009
2020-08-20;"Trenčiansky kraj";20;0;0;0;NA;34629;20;2020-08-20;-41015
2020-08-19;"Trenčiansky kraj";17;0;0;0;NA;34629;17;2020-08-19;-41035
2020-08-18;"Trenčiansky kraj";9;0;0;0;NA;34629;9;2020-08-18;-41052
2020-08-17;"Trenčiansky kraj";4;0;0;0;NA;34629;4;2020-08-17;-41061
2020-08-15;"Trenčiansky kraj";9;0;0;0;NA;34629;9;2020-08-15;-41065
2020-08-14;"Trenčiansky kraj";15;0;0;0;NA;34629;15;2020-08-14;-41074
2020-08-13;"Trenčiansky kraj";23;0;0;0;NA;34629;23;2020-08-13;-41089
2020-08-12;"Trenčiansky kraj";6;0;0;0;NA;34629;6;2020-08-12;-41112
2020-08-11;"Trenčiansky kraj";7;0;0;0;NA;34629;7;2020-08-11;-41118
2020-08-10;"Trenčiansky kraj";9;0;0;0;NA;34629;9;2020-08-10;-41125
2020-08-09;"Trenčiansky kraj";1;0;0;0;NA;34629;1;2020-08-09;-41134
2020-08-08;"Trenčiansky kraj";4;0;0;0;NA;34629;4;2020-08-08;-41135
2020-08-07;"Trenčiansky kraj";4;0;0;0;NA;34629;4;2020-08-07;-41139
2020-08-06;"Trenčiansky kraj";13;0;0;0;NA;34629;13;2020-08-06;-41143
2020-08-05;"Trenčiansky kraj";39;0;0;0;NA;34629;39;2020-08-05;-41156
2020-08-04;"Trenčiansky kraj";9;0;0;0;NA;34629;9;2020-08-04;-41195
2020-08-02;"Trenčiansky kraj";2;0;0;0;NA;34629;2;2020-08-02;-41204
2020-08-01;"Trenčiansky kraj";6;0;0;0;NA;34629;6;2020-08-01;-41206
2020-07-31;"Trenčiansky kraj";16;0;0;0;NA;34629;16;2020-07-31;-41212
2020-07-30;"Trenčiansky kraj";4;0;0;0;NA;34629;4;2020-07-30;-41228
2020-07-29;"Trenčiansky kraj";5;0;0;0;NA;34629;5;2020-07-29;-41232
2020-07-28;"Trenčiansky kraj";11;0;0;0;NA;34629;11;2020-07-28;-41237
2020-07-27;"Trenčiansky kraj";4;0;0;0;NA;34629;4;2020-07-27;-41248
2020-07-26;"Trenčiansky kraj";1;0;0;0;NA;34629;1;2020-07-26;-41252
2020-07-25;"Trenčiansky kraj";7;0;0;0;NA;34629;7;2020-07-25;-41253
2020-07-24;"Trenčiansky kraj";5;0;0;0;NA;34629;5;2020-07-24;-41260
2020-07-23;"Trenčiansky kraj";10;0;0;0;NA;34629;10;2020-07-23;-41265
2020-07-22;"Trenčiansky kraj";11;0;0;0;NA;34629;11;2020-07-22;-41275
2020-07-21;"Trenčiansky kraj";6;0;0;0;NA;34629;6;2020-07-21;-41286
2020-07-20;"Trenčiansky kraj";13;0;0;0;NA;34629;13;2020-07-20;-41292
2020-07-17;"Trenčiansky kraj";1;0;0;0;NA;34629;1;2020-07-17;-41305
2020-07-15;"Trenčiansky kraj";2;0;0;0;NA;34629;2;2020-07-15;-41306
2020-07-14;"Trenčiansky kraj";8;0;0;0;NA;34629;8;2020-07-14;-41308
2020-07-13;"Trenčiansky kraj";1;0;0;0;NA;34629;1;2020-07-13;-41316
2020-07-10;"Trenčiansky kraj";3;0;0;0;NA;34629;3;2020-07-10;-41317
2020-07-09;"Trenčiansky kraj";2;0;0;0;NA;34629;2;2020-07-09;-41320
2020-07-08;"Trenčiansky kraj";1;0;0;0;NA;34629;1;2020-07-08;-41322
2020-07-07;"Trenčiansky kraj";9;0;0;0;NA;34629;9;2020-07-07;-41323
2020-07-06;"Trenčiansky kraj";1;0;0;0;NA;34629;1;2020-07-06;-41332
2020-07-05;"Trenčiansky kraj";1;0;0;0;NA;34629;1;2020-07-05;-41333
2020-07-03;"Trenčiansky kraj";2;0;0;0;NA;34629;2;2020-07-03;-41334
2020-07-02;"Trenčiansky kraj";10;0;0;0;NA;34629;10;2020-07-02;-41336
2020-07-01;"Trenčiansky kraj";1;0;0;0;NA;34629;1;2020-07-01;-41346
2020-06-30;"Trenčiansky kraj";6;0;0;0;NA;34629;6;2020-06-30;-41347
2020-06-29;"Trenčiansky kraj";1;0;0;0;NA;34629;1;2020-06-29;-41353
2020-06-25;"Trenčiansky kraj";2;0;0;0;NA;34629;2;2020-06-25;-41354
2020-06-24;"Trenčiansky kraj";1;0;0;0;NA;34629;1;2020-06-24;-41356
2020-06-10;"Trenčiansky kraj";1;0;0;0;NA;34629;1;2020-06-10;-41357
2020-05-27;"Trenčiansky kraj";2;0;0;0;NA;34629;2;2020-05-27;-41358
2020-05-15;"Trenčiansky kraj";1;0;0;0;NA;34629;1;2020-05-15;-41360
2020-05-14;"Trenčiansky kraj";2;0;0;0;NA;34629;2;2020-05-14;-41361
2020-05-13;"Trenčiansky kraj";1;0;0;0;NA;34629;1;2020-05-13;-41363
2020-05-12;"Trenčiansky kraj";1;0;0;0;NA;34629;1;2020-05-12;-41364
2020-05-11;"Trenčiansky kraj";3;0;0;0;NA;34629;3;2020-05-11;-41365
2020-05-09;"Trenčiansky kraj";2;0;0;0;NA;34629;2;2020-05-09;-41368
2020-05-07;"Trenčiansky kraj";6;0;0;0;NA;34629;6;2020-05-07;-41370
2020-05-05;"Trenčiansky kraj";2;0;0;0;NA;34629;2;2020-05-05;-41376
2020-04-29;"Trenčiansky kraj";2;0;0;0;NA;34629;2;2020-04-29;-41378
2020-04-28;"Trenčiansky kraj";1;0;0;0;NA;34629;1;2020-04-28;-41380
2020-04-26;"Trenčiansky kraj";1;0;0;0;NA;34629;1;2020-04-26;-41381
2020-04-23;"Trenčiansky kraj";11;0;0;0;NA;34629;11;2020-04-23;-41382
2020-04-22;"Trenčiansky kraj";1;0;0;0;NA;34629;1;2020-04-22;-41393
2020-04-21;"Trenčiansky kraj";11;0;0;0;NA;34629;11;2020-04-21;-41394
2020-04-20;"Trenčiansky kraj";15;0;0;0;NA;34629;15;2020-04-20;-41405
2020-04-19;"Trenčiansky kraj";2;0;0;0;NA;34629;2;2020-04-19;-41420
2020-04-18;"Trenčiansky kraj";3;0;0;0;NA;34629;3;2020-04-18;-41422
2020-04-17;"Trenčiansky kraj";4;0;0;0;NA;34629;4;2020-04-17;-41425
2020-04-16;"Trenčiansky kraj";10;0;0;0;NA;34629;10;2020-04-16;-41429
2020-04-15;"Trenčiansky kraj";4;0;0;0;NA;34629;4;2020-04-15;-41439
2020-04-13;"Trenčiansky kraj";1;0;0;0;NA;34629;1;2020-04-13;-41443
2020-04-12;"Trenčiansky kraj";2;0;0;0;NA;34629;2;2020-04-12;-41444
2020-04-11;"Trenčiansky kraj";3;0;0;0;NA;34629;3;2020-04-11;-41446
2020-04-08;"Trenčiansky kraj";2;0;0;0;NA;34629;2;2020-04-08;-41449
2020-04-07;"Trenčiansky kraj";18;0;0;0;NA;34629;18;2020-04-07;-41451
2020-04-05;"Trenčiansky kraj";3;0;0;0;NA;34629;3;2020-04-05;-41469
2020-04-04;"Trenčiansky kraj";5;0;0;0;NA;34629;5;2020-04-04;-41472
2020-04-03;"Trenčiansky kraj";4;0;0;0;NA;34629;4;2020-04-03;-41477
2020-04-02;"Trenčiansky kraj";1;0;0;0;NA;34629;1;2020-04-02;-41481
2020-04-01;"Trenčiansky kraj";3;0;0;0;NA;34629;3;2020-04-01;-41482
2020-03-31;"Trenčiansky kraj";1;0;0;0;NA;34629;1;2020-03-31;-41485
2020-03-30;"Trenčiansky kraj";3;0;0;0;NA;34629;3;2020-03-30;-41486
2020-03-29;"Trenčiansky kraj";6;0;0;0;NA;34629;6;2020-03-29;-41489
2020-03-28;"Trenčiansky kraj";9;0;0;0;NA;34629;9;2020-03-28;-41495
2020-03-27;"Trenčiansky kraj";2;0;0;0;NA;34629;2;2020-03-27;-41504
2020-03-26;"Trenčiansky kraj";6;0;0;0;NA;34629;6;2020-03-26;-41506
2020-03-25;"Trenčiansky kraj";3;0;0;0;NA;34629;3;2020-03-25;-41512
2020-03-24;"Trenčiansky kraj";1;0;0;0;NA;34629;1;2020-03-24;-41515
2020-03-21;"Trenčiansky kraj";2;0;0;0;NA;34629;2;2020-03-21;-41516
2020-03-20;"Trenčiansky kraj";2;0;0;0;NA;34629;2;2020-03-20;-41518
2020-03-19;"Trenčiansky kraj";8;0;0;0;NA;34629;8;2020-03-19;-41520
2020-03-16;"Trenčiansky kraj";1;0;0;0;NA;34629;1;2020-03-16;-41528
2020-03-15;"Trenčiansky kraj";5;0;0;0;NA;34629;5;2020-03-15;-41529
2020-03-12;"Trenčiansky kraj";1;0;0;0;NA;34629;1;2020-03-12;-41534
2021-02-28;"Trnavský kraj";87;26236;196;26432;0;35908;283;2021-02-28;35908
2021-02-27;"Trnavský kraj";264;116433;641;117074;NA;35908;905;2021-02-27;35625
2021-02-26;"Trnavský kraj";362;24987;248;25235;NA;35908;610;2021-02-26;34720
2021-02-25;"Trnavský kraj";433;10305;219;10524;NA;35908;652;2021-02-25;34110
2021-02-24;"Trnavský kraj";407;8936;283;9219;NA;35908;690;2021-02-24;33458
2021-02-23;"Trnavský kraj";469;12548;304;12852;NA;35908;773;2021-02-23;32768
2021-02-22;"Trnavský kraj";206;19913;331;20244;NA;35908;537;2021-02-22;31995
2021-02-21;"Trnavský kraj";38;41324;266;41590;NA;35908;304;2021-02-21;31458
2021-02-20;"Trnavský kraj";273;132642;838;133480;NA;35908;1111;2021-02-20;31154
2021-02-19;"Trnavský kraj";335;26799;349;27148;NA;35908;684;2021-02-19;30043
2021-02-18;"Trnavský kraj";344;11204;354;11558;NA;35908;698;2021-02-18;29359
2021-02-17;"Trnavský kraj";431;8483;407;8890;NA;35908;838;2021-02-17;28661
2021-02-16;"Trnavský kraj";426;11638;306;11944;NA;35908;732;2021-02-16;27823
2021-02-15;"Trnavský kraj";146;17486;279;17765;NA;35908;425;2021-02-15;27091
2021-02-14;"Trnavský kraj";51;44752;337;45089;NA;35908;388;2021-02-14;26666
2021-02-13;"Trnavský kraj";218;135897;985;136882;NA;35908;1203;2021-02-13;26278
2021-02-12;"Trnavský kraj";300;23677;336;24013;NA;35908;636;2021-02-12;25075
2021-02-11;"Trnavský kraj";422;9966;376;10342;NA;35908;798;2021-02-11;24439
2021-02-10;"Trnavský kraj";511;9016;314;9330;NA;35908;825;2021-02-10;23641
2021-02-09;"Trnavský kraj";544;12961;380;13341;NA;35908;924;2021-02-09;22816
2021-02-08;"Trnavský kraj";220;33917;495;34412;NA;35908;715;2021-02-08;21892
2021-02-07;"Trnavský kraj";140;68837;627;69464;NA;35908;767;2021-02-07;21177
2021-02-06;"Trnavský kraj";348;111899;1473;113372;NA;35908;1821;2021-02-06;20410
2021-02-05;"Trnavský kraj";377;15392;353;15745;NA;35908;730;2021-02-05;18589
2021-02-04;"Trnavský kraj";456;10691;551;11242;NA;35908;1007;2021-02-04;17859
2021-02-03;"Trnavský kraj";472;6129;390;6519;NA;35908;862;2021-02-03;16852
2021-02-02;"Trnavský kraj";446;13836;415;14251;NA;35908;861;2021-02-02;15990
2021-02-01;"Trnavský kraj";198;39792;710;40502;NA;35908;908;2021-02-01;15129
2021-01-31;"Trnavský kraj";19;62728;778;63506;NA;35908;797;2021-01-31;14221
2021-01-30;"Trnavský kraj";323;110455;1279;111734;NA;35908;1602;2021-01-30;13424
2021-01-29;"Trnavský kraj";421;9564;285;9849;NA;35908;706;2021-01-29;11822
2021-01-28;"Trnavský kraj";389;5815;286;6101;NA;35908;675;2021-01-28;11116
2021-01-27;"Trnavský kraj";433;5301;219;5520;NA;35908;652;2021-01-27;10441
2021-01-26;"Trnavský kraj";565;25345;650;25995;NA;35908;1215;2021-01-26;9789
2021-01-25;"Trnavský kraj";210;43441;632;44073;NA;35908;842;2021-01-25;8574
2021-01-24;"Trnavský kraj";91;55652;703;56355;NA;35908;794;2021-01-24;7732
2021-01-23;"Trnavský kraj";372;116896;1336;118232;NA;35908;1708;2021-01-23;6938
2021-01-22;"Trnavský kraj";217;32439;500;32939;NA;35908;717;2021-01-22;5230
2021-01-21;"Trnavský kraj";311;13834;378;14212;NA;35908;689;2021-01-21;4513
2021-01-20;"Trnavský kraj";503;8149;274;8423;NA;35908;777;2021-01-20;3824
2021-01-19;"Trnavský kraj";415;7020;347;7367;NA;35908;762;2021-01-19;3047
2021-01-18;"Trnavský kraj";247;6237;484;6721;NA;35908;731;2021-01-18;2285
2021-01-17;"Trnavský kraj";128;854;215;1069;NA;35908;343;2021-01-17;1554
2021-01-16;"Trnavský kraj";103;599;19;618;NA;35908;122;2021-01-16;1211
2021-01-15;"Trnavský kraj";278;5456;335;5791;NA;35908;613;2021-01-15;1089
2021-01-14;"Trnavský kraj";452;3994;337;4331;NA;35908;789;2021-01-14;476
2021-01-13;"Trnavský kraj";457;4752;378;5130;NA;35908;835;2021-01-13;-313
2021-01-12;"Trnavský kraj";469;7177;483;7660;NA;35908;952;2021-01-12;-1148
2021-01-11;"Trnavský kraj";370;4911;376;5287;NA;35908;746;2021-01-11;-2100
2021-01-10;"Trnavský kraj";71;8;0;8;NA;35908;71;2021-01-10;-2846
2021-01-09;"Trnavský kraj";417;1775;100;1875;NA;35908;517;2021-01-09;-2917
2021-01-08;"Trnavský kraj";381;6550;532;7082;NA;35908;913;2021-01-08;-3434
2021-01-07;"Trnavský kraj";501;4170;404;4574;NA;35908;905;2021-01-07;-4347
2021-01-06;"Trnavský kraj";179;758;132;890;NA;35908;311;2021-01-06;-5252
2021-01-05;"Trnavský kraj";611;6372;744;7116;NA;35908;1355;2021-01-05;-5563
2021-01-04;"Trnavský kraj";302;5317;719;6036;NA;35908;1021;2021-01-04;-6918
2021-01-03;"Trnavský kraj";60;51;7;58;NA;35908;67;2021-01-03;-7939
2021-01-02;"Trnavský kraj";282;412;30;442;NA;35908;312;2021-01-02;-8006
2021-01-01;"Trnavský kraj";143;449;76;525;NA;35908;219;2021-01-01;-8318
2020-12-31;"Trnavský kraj";498;8488;858;9346;NA;35908;1356;2020-12-31;-8537
2020-12-30;"Trnavský kraj";785;5321;612;5933;NA;35908;1397;2020-12-30;-9893
2020-12-29;"Trnavský kraj";322;4999;593;5592;NA;35908;915;2020-12-29;-11290
2020-12-28;"Trnavský kraj";213;5339;615;5954;NA;35908;828;2020-12-28;-12205
2020-12-27;"Trnavský kraj";27;13;4;17;NA;35908;31;2020-12-27;-13033
2020-12-26;"Trnavský kraj";148;44;1;45;NA;35908;149;2020-12-26;-13064
2020-12-25;"Trnavský kraj";65;49;5;54;NA;35908;70;2020-12-25;-13213
2020-12-24;"Trnavský kraj";333;1359;117;1476;NA;35908;450;2020-12-24;-13283
2020-12-23;"Trnavský kraj";210;6417;375;6792;NA;35908;585;2020-12-23;-13733
2020-12-22;"Trnavský kraj";311;5590;491;6081;NA;35908;802;2020-12-22;-14318
2020-12-21;"Trnavský kraj";328;4527;399;4926;NA;35908;727;2020-12-21;-15120
2020-12-20;"Trnavský kraj";134;110;12;122;NA;35908;146;2020-12-20;-15847
2020-12-19;"Trnavský kraj";201;1046;86;1132;NA;35908;287;2020-12-19;-15993
2020-12-18;"Trnavský kraj";341;4898;378;5276;NA;35908;719;2020-12-18;-16280
2020-12-17;"Trnavský kraj";375;4996;407;5403;NA;35908;782;2020-12-17;-16999
2020-12-16;"Trnavský kraj";312;5249;405;5654;NA;35908;717;2020-12-16;-17781
2020-12-15;"Trnavský kraj";492;6623;632;7255;NA;35908;1124;2020-12-15;-18498
2020-12-14;"Trnavský kraj";161;3505;292;3797;NA;35908;453;2020-12-14;-19622
2020-12-13;"Trnavský kraj";7;0;0;0;NA;35908;7;2020-12-13;-20075
2020-12-12;"Trnavský kraj";254;1456;114;1570;NA;35908;368;2020-12-12;-20082
2020-12-11;"Trnavský kraj";384;4683;262;4945;NA;35908;646;2020-12-11;-20450
2020-12-10;"Trnavský kraj";183;5194;320;5514;NA;35908;503;2020-12-10;-21096
2020-12-09;"Trnavský kraj";521;4283;321;4604;NA;35908;842;2020-12-09;-21599
2020-12-08;"Trnavský kraj";281;4090;304;4394;NA;35908;585;2020-12-08;-22441
2020-12-07;"Trnavský kraj";178;2895;199;3094;NA;35908;377;2020-12-07;-23026
2020-12-06;"Trnavský kraj";46;0;0;0;NA;35908;46;2020-12-06;-23403
2020-12-05;"Trnavský kraj";129;2218;41;2259;NA;35908;170;2020-12-05;-23449
2020-12-04;"Trnavský kraj";242;3948;158;4106;NA;35908;400;2020-12-04;-23619
2020-12-03;"Trnavský kraj";248;2770;190;2960;NA;35908;438;2020-12-03;-24019
2020-12-02;"Trnavský kraj";284;4516;176;4692;NA;35908;460;2020-12-02;-24457
2020-12-01;"Trnavský kraj";253;3190;205;3395;NA;35908;458;2020-12-01;-24917
2020-11-30;"Trnavský kraj";200;7360;186;7546;NA;35908;386;2020-11-30;-25375
2020-11-29;"Trnavský kraj";17;708;34;742;NA;35908;51;2020-11-29;-25761
2020-11-28;"Trnavský kraj";83;1453;77;1530;NA;35908;160;2020-11-28;-25812
2020-11-27;"Trnavský kraj";148;1591;83;1674;NA;35908;231;2020-11-27;-25972
2020-11-26;"Trnavský kraj";234;985;59;1044;NA;35908;293;2020-11-26;-26203
2020-11-25;"Trnavský kraj";232;1029;72;1101;NA;35908;304;2020-11-25;-26496
2020-11-24;"Trnavský kraj";295;1772;91;1863;NA;35908;386;2020-11-24;-26800
2020-11-23;"Trnavský kraj";242;7207;125;7332;NA;35908;367;2020-11-23;-27186
2020-11-22;"Trnavský kraj";10;54;3;57;NA;35908;13;2020-11-22;-27553
2020-11-21;"Trnavský kraj";129;1214;23;1237;NA;35908;152;2020-11-21;-27566
2020-11-20;"Trnavský kraj";246;1027;61;1088;NA;35908;307;2020-11-20;-27718
2020-11-19;"Trnavský kraj";157;694;58;752;NA;35908;215;2020-11-19;-28025
2020-11-18;"Trnavský kraj";235;716;75;791;NA;35908;310;2020-11-18;-28240
2020-11-17;"Trnavský kraj";129;695;72;767;NA;35908;201;2020-11-17;-28550
2020-11-16;"Trnavský kraj";187;682;32;714;NA;35908;219;2020-11-16;-28751
2020-11-15;"Trnavský kraj";23;73;4;77;NA;35908;27;2020-11-15;-28970
2020-11-14;"Trnavský kraj";86;389;10;399;NA;35908;96;2020-11-14;-28997
2020-11-13;"Trnavský kraj";219;1312;21;1333;NA;35908;240;2020-11-13;-29093
2020-11-12;"Trnavský kraj";162;420;18;438;NA;35908;180;2020-11-12;-29333
2020-11-11;"Trnavský kraj";257;392;15;407;NA;35908;272;2020-11-11;-29513
2020-11-10;"Trnavský kraj";189;889;30;919;NA;35908;219;2020-11-10;-29785
2020-11-09;"Trnavský kraj";196;369;23;392;NA;35908;219;2020-11-09;-30004
2020-11-08;"Trnavský kraj";55;306;4;310;NA;35908;59;2020-11-08;-30223
2020-11-07;"Trnavský kraj";207;6070;74;6144;NA;35908;281;2020-11-07;-30282
2020-11-06;"Trnavský kraj";260;1531;19;1550;NA;35908;279;2020-11-06;-30563
2020-11-05;"Trnavský kraj";150;220;27;247;NA;35908;177;2020-11-05;-30842
2020-11-04;"Trnavský kraj";188;212;10;222;NA;35908;198;2020-11-04;-31019
2020-11-03;"Trnavský kraj";317;127;8;135;NA;35908;325;2020-11-03;-31217
2020-11-02;"Trnavský kraj";281;1728;31;1759;NA;35908;312;2020-11-02;-31542
2020-11-01;"Trnavský kraj";87;494;27;521;NA;35908;114;2020-11-01;-31854
2020-10-31;"Trnavský kraj";259;5024;41;5065;NA;35908;300;2020-10-31;-31968
2020-10-30;"Trnavský kraj";198;3784;27;3811;NA;35908;225;2020-10-30;-32268
2020-10-29;"Trnavský kraj";273;1461;16;1477;NA;35908;289;2020-10-29;-32493
2020-10-28;"Trnavský kraj";319;117;16;133;NA;35908;335;2020-10-28;-32782
2020-10-27;"Trnavský kraj";199;461;36;497;NA;35908;235;2020-10-27;-33117
2020-10-26;"Trnavský kraj";153;29;2;31;NA;35908;155;2020-10-26;-33352
2020-10-25;"Trnavský kraj";95;19;1;20;NA;35908;96;2020-10-25;-33507
2020-10-24;"Trnavský kraj";158;109;2;111;NA;35908;160;2020-10-24;-33603
2020-10-23;"Trnavský kraj";201;89;4;93;NA;35908;205;2020-10-23;-33763
2020-10-22;"Trnavský kraj";195;55;2;57;NA;35908;197;2020-10-22;-33968
2020-10-21;"Trnavský kraj";134;73;3;76;NA;35908;137;2020-10-21;-34165
2020-10-20;"Trnavský kraj";202;82;3;85;NA;35908;205;2020-10-20;-34302
2020-10-19;"Trnavský kraj";67;55;0;55;NA;35908;67;2020-10-19;-34507
2020-10-18;"Trnavský kraj";84;0;0;0;NA;35908;84;2020-10-18;-34574
2020-10-17;"Trnavský kraj";123;0;0;0;NA;35908;123;2020-10-17;-34658
2020-10-16;"Trnavský kraj";86;45;2;47;NA;35908;88;2020-10-16;-34781
2020-10-15;"Trnavský kraj";155;66;2;68;NA;35908;157;2020-10-15;-34869
2020-10-14;"Trnavský kraj";236;468;3;471;NA;35908;239;2020-10-14;-35026
2020-10-13;"Trnavský kraj";138;16;2;18;NA;35908;140;2020-10-13;-35265
2020-10-12;"Trnavský kraj";33;41;1;42;NA;35908;34;2020-10-12;-35405
2020-10-11;"Trnavský kraj";31;0;0;0;NA;35908;31;2020-10-11;-35439
2020-10-10;"Trnavský kraj";128;0;0;0;NA;35908;128;2020-10-10;-35470
2020-10-09;"Trnavský kraj";156;0;0;0;NA;35908;156;2020-10-09;-35598
2020-10-08;"Trnavský kraj";153;0;0;0;NA;35908;153;2020-10-08;-35754
2020-10-07;"Trnavský kraj";80;0;0;0;NA;35908;80;2020-10-07;-35907
2020-10-06;"Trnavský kraj";112;0;0;0;NA;35908;112;2020-10-06;-35987
2020-10-05;"Trnavský kraj";33;0;0;0;NA;35908;33;2020-10-05;-36099
2020-10-04;"Trnavský kraj";44;0;0;0;NA;35908;44;2020-10-04;-36132
2020-10-03;"Trnavský kraj";60;0;0;0;NA;35908;60;2020-10-03;-36176
2020-10-02;"Trnavský kraj";41;0;0;0;NA;35908;41;2020-10-02;-36236
2020-10-01;"Trnavský kraj";53;0;0;0;NA;35908;53;2020-10-01;-36277
2020-09-30;"Trnavský kraj";91;0;0;0;NA;35908;91;2020-09-30;-36330
2020-09-29;"Trnavský kraj";40;0;0;0;NA;35908;40;2020-09-29;-36421
2020-09-28;"Trnavský kraj";69;0;0;0;NA;35908;69;2020-09-28;-36461
2020-09-27;"Trnavský kraj";30;0;0;0;NA;35908;30;2020-09-27;-36530
2020-09-26;"Trnavský kraj";46;0;0;0;NA;35908;46;2020-09-26;-36560
2020-09-25;"Trnavský kraj";32;0;0;0;NA;35908;32;2020-09-25;-36606
2020-09-24;"Trnavský kraj";42;0;0;0;NA;35908;42;2020-09-24;-36638
2020-09-23;"Trnavský kraj";43;0;0;0;NA;35908;43;2020-09-23;-36680
2020-09-22;"Trnavský kraj";55;0;0;0;NA;35908;55;2020-09-22;-36723
2020-09-21;"Trnavský kraj";41;0;0;0;NA;35908;41;2020-09-21;-36778
2020-09-20;"Trnavský kraj";17;0;0;0;NA;35908;17;2020-09-20;-36819
2020-09-19;"Trnavský kraj";4;0;0;0;NA;35908;4;2020-09-19;-36836
2020-09-18;"Trnavský kraj";33;0;0;0;NA;35908;33;2020-09-18;-36840
2020-09-17;"Trnavský kraj";42;0;0;0;NA;35908;42;2020-09-17;-36873
2020-09-16;"Trnavský kraj";49;0;0;0;NA;35908;49;2020-09-16;-36915
2020-09-15;"Trnavský kraj";5;0;0;0;NA;35908;5;2020-09-15;-36964
2020-09-14;"Trnavský kraj";26;0;0;0;NA;35908;26;2020-09-14;-36969
2020-09-13;"Trnavský kraj";9;0;0;0;NA;35908;9;2020-09-13;-36995
2020-09-12;"Trnavský kraj";12;0;0;0;NA;35908;12;2020-09-12;-37004
2020-09-11;"Trnavský kraj";16;0;0;0;NA;35908;16;2020-09-11;-37016
2020-09-10;"Trnavský kraj";32;0;0;0;NA;35908;32;2020-09-10;-37032
2020-09-09;"Trnavský kraj";14;0;0;0;NA;35908;14;2020-09-09;-37064
2020-09-08;"Trnavský kraj";11;0;0;0;NA;35908;11;2020-09-08;-37078
2020-09-07;"Trnavský kraj";7;0;0;0;NA;35908;7;2020-09-07;-37089
2020-09-06;"Trnavský kraj";5;0;0;0;NA;35908;5;2020-09-06;-37096
2020-09-05;"Trnavský kraj";7;0;0;0;NA;35908;7;2020-09-05;-37101
2020-09-04;"Trnavský kraj";16;0;0;0;NA;35908;16;2020-09-04;-37108
2020-09-03;"Trnavský kraj";8;0;0;0;NA;35908;8;2020-09-03;-37124
2020-09-02;"Trnavský kraj";7;0;0;0;NA;35908;7;2020-09-02;-37132
2020-09-01;"Trnavský kraj";1;0;0;0;NA;35908;1;2020-09-01;-37139
2020-08-31;"Trnavský kraj";6;0;0;0;NA;35908;6;2020-08-31;-37140
2020-08-30;"Trnavský kraj";1;0;0;0;NA;35908;1;2020-08-30;-37146
2020-08-29;"Trnavský kraj";3;0;0;0;NA;35908;3;2020-08-29;-37147
2020-08-28;"Trnavský kraj";14;0;0;0;NA;35908;14;2020-08-28;-37150
2020-08-27;"Trnavský kraj";6;0;0;0;NA;35908;6;2020-08-27;-37164
2020-08-26;"Trnavský kraj";4;0;0;0;NA;35908;4;2020-08-26;-37170
2020-08-25;"Trnavský kraj";7;0;0;0;NA;35908;7;2020-08-25;-37174
2020-08-24;"Trnavský kraj";1;0;0;0;NA;35908;1;2020-08-24;-37181
2020-08-23;"Trnavský kraj";6;0;0;0;NA;35908;6;2020-08-23;-37182
2020-08-22;"Trnavský kraj";3;0;0;0;NA;35908;3;2020-08-22;-37188
2020-08-21;"Trnavský kraj";4;0;0;0;NA;35908;4;2020-08-21;-37191
2020-08-20;"Trnavský kraj";23;0;0;0;NA;35908;23;2020-08-20;-37195
2020-08-19;"Trnavský kraj";13;0;0;0;NA;35908;13;2020-08-19;-37218
2020-08-18;"Trnavský kraj";20;0;0;0;NA;35908;20;2020-08-18;-37231
2020-08-17;"Trnavský kraj";3;0;0;0;NA;35908;3;2020-08-17;-37251
2020-08-15;"Trnavský kraj";7;0;0;0;NA;35908;7;2020-08-15;-37254
2020-08-14;"Trnavský kraj";6;0;0;0;NA;35908;6;2020-08-14;-37261
2020-08-13;"Trnavský kraj";10;0;0;0;NA;35908;10;2020-08-13;-37267
2020-08-12;"Trnavský kraj";2;0;0;0;NA;35908;2;2020-08-12;-37277
2020-08-11;"Trnavský kraj";30;0;0;0;NA;35908;30;2020-08-11;-37279
2020-08-08;"Trnavský kraj";13;0;0;0;NA;35908;13;2020-08-08;-37309
2020-08-07;"Trnavský kraj";4;0;0;0;NA;35908;4;2020-08-07;-37322
2020-08-06;"Trnavský kraj";4;0;0;0;NA;35908;4;2020-08-06;-37326
2020-08-04;"Trnavský kraj";1;0;0;0;NA;35908;1;2020-08-04;-37330
2020-08-03;"Trnavský kraj";2;0;0;0;NA;35908;2;2020-08-03;-37331
2020-08-02;"Trnavský kraj";1;0;0;0;NA;35908;1;2020-08-02;-37333
2020-07-31;"Trnavský kraj";7;0;0;0;NA;35908;7;2020-07-31;-37334
2020-07-30;"Trnavský kraj";6;0;0;0;NA;35908;6;2020-07-30;-37341
2020-07-28;"Trnavský kraj";1;0;0;0;NA;35908;1;2020-07-28;-37347
2020-07-27;"Trnavský kraj";2;0;0;0;NA;35908;2;2020-07-27;-37348
2020-07-24;"Trnavský kraj";1;0;0;0;NA;35908;1;2020-07-24;-37350
2020-07-23;"Trnavský kraj";2;0;0;0;NA;35908;2;2020-07-23;-37351
2020-07-22;"Trnavský kraj";1;0;0;0;NA;35908;1;2020-07-22;-37353
2020-07-21;"Trnavský kraj";2;0;0;0;NA;35908;2;2020-07-21;-37354
2020-07-15;"Trnavský kraj";1;0;0;0;NA;35908;1;2020-07-15;-37356
2020-07-08;"Trnavský kraj";3;0;0;0;NA;35908;3;2020-07-08;-37357
2020-07-07;"Trnavský kraj";4;0;0;0;NA;35908;4;2020-07-07;-37360
2020-07-02;"Trnavský kraj";3;0;0;0;NA;35908;3;2020-07-02;-37364
2020-06-18;"Trnavský kraj";2;0;0;0;NA;35908;2;2020-06-18;-37367
2020-05-25;"Trnavský kraj";1;0;0;0;NA;35908;1;2020-05-25;-37369
2020-05-23;"Trnavský kraj";2;0;0;0;NA;35908;2;2020-05-23;-37370
2020-05-20;"Trnavský kraj";2;0;0;0;NA;35908;2;2020-05-20;-37372
2020-05-15;"Trnavský kraj";1;0;0;0;NA;35908;1;2020-05-15;-37374
2020-05-11;"Trnavský kraj";2;0;0;0;NA;35908;2;2020-05-11;-37375
2020-04-28;"Trnavský kraj";1;0;0;0;NA;35908;1;2020-04-28;-37377
2020-04-25;"Trnavský kraj";2;0;0;0;NA;35908;2;2020-04-25;-37378
2020-04-24;"Trnavský kraj";4;0;0;0;NA;35908;4;2020-04-24;-37380
2020-04-23;"Trnavský kraj";5;0;0;0;NA;35908;5;2020-04-23;-37384
2020-04-22;"Trnavský kraj";10;0;0;0;NA;35908;10;2020-04-22;-37389
2020-04-21;"Trnavský kraj";5;0;0;0;NA;35908;5;2020-04-21;-37399
2020-04-19;"Trnavský kraj";1;0;0;0;NA;35908;1;2020-04-19;-37404
2020-04-18;"Trnavský kraj";4;0;0;0;NA;35908;4;2020-04-18;-37405
2020-04-17;"Trnavský kraj";7;0;0;0;NA;35908;7;2020-04-17;-37409
2020-04-16;"Trnavský kraj";5;0;0;0;NA;35908;5;2020-04-16;-37416
2020-04-15;"Trnavský kraj";5;0;0;0;NA;35908;5;2020-04-15;-37421
2020-04-14;"Trnavský kraj";1;0;0;0;NA;35908;1;2020-04-14;-37426
2020-04-10;"Trnavský kraj";2;0;0;0;NA;35908;2;2020-04-10;-37427
2020-04-09;"Trnavský kraj";3;0;0;0;NA;35908;3;2020-04-09;-37429
2020-04-08;"Trnavský kraj";4;0;0;0;NA;35908;4;2020-04-08;-37432
2020-04-07;"Trnavský kraj";6;0;0;0;NA;35908;6;2020-04-07;-37436
2020-04-06;"Trnavský kraj";6;0;0;0;NA;35908;6;2020-04-06;-37442
2020-04-05;"Trnavský kraj";1;0;0;0;NA;35908;1;2020-04-05;-37448
2020-04-04;"Trnavský kraj";1;0;0;0;NA;35908;1;2020-04-04;-37449
2020-04-03;"Trnavský kraj";3;0;0;0;NA;35908;3;2020-04-03;-37450
2020-04-02;"Trnavský kraj";4;0;0;0;NA;35908;4;2020-04-02;-37453
2020-03-31;"Trnavský kraj";3;0;0;0;NA;35908;3;2020-03-31;-37457
2020-03-30;"Trnavský kraj";4;0;0;0;NA;35908;4;2020-03-30;-37460
2020-03-29;"Trnavský kraj";1;0;0;0;NA;35908;1;2020-03-29;-37464
2020-03-28;"Trnavský kraj";3;0;0;0;NA;35908;3;2020-03-28;-37465
2020-03-27;"Trnavský kraj";5;0;0;0;NA;35908;5;2020-03-27;-37468
2020-03-26;"Trnavský kraj";5;0;0;0;NA;35908;5;2020-03-26;-37473
2020-03-25;"Trnavský kraj";1;0;0;0;NA;35908;1;2020-03-25;-37478
2020-03-23;"Trnavský kraj";2;0;0;0;NA;35908;2;2020-03-23;-37479
2020-03-22;"Trnavský kraj";1;0;0;0;NA;35908;1;2020-03-22;-37481
2020-03-21;"Trnavský kraj";5;0;0;0;NA;35908;5;2020-03-21;-37482
2020-03-17;"Trnavský kraj";3;0;0;0;NA;35908;3;2020-03-17;-37487
2020-03-16;"Trnavský kraj";1;0;0;0;NA;35908;1;2020-03-16;-37490
2020-03-13;"Trnavský kraj";1;0;0;0;NA;35908;1;2020-03-13;-37491
2020-03-12;"Trnavský kraj";1;0;0;0;NA;35908;1;2020-03-12;-37492
2021-02-28;"Žilinský kraj";61;21111;202;21313;0;31987;263;2021-02-28;31987
2021-02-27;"Žilinský kraj";159;56279;434;56713;NA;31987;593;2021-02-27;31724
2021-02-26;"Žilinský kraj";459;41638;448;42086;NA;31987;907;2021-02-26;31131
2021-02-25;"Žilinský kraj";347;30483;405;30888;NA;31987;752;2021-02-25;30224
2021-02-24;"Žilinský kraj";339;18468;378;18846;NA;31987;717;2021-02-24;29472
2021-02-23;"Žilinský kraj";437;22050;410;22460;NA;31987;847;2021-02-23;28755
2021-02-22;"Žilinský kraj";345;28662;418;29080;NA;31987;763;2021-02-22;27908
2021-02-21;"Žilinský kraj";36;23745;270;24015;NA;31987;306;2021-02-21;27145
2021-02-20;"Žilinský kraj";152;72055;590;72645;NA;31987;742;2021-02-20;26839
2021-02-19;"Žilinský kraj";337;44166;411;44577;NA;31987;748;2021-02-19;26097
2021-02-18;"Žilinský kraj";263;22374;330;22704;NA;31987;593;2021-02-18;25349
2021-02-17;"Žilinský kraj";269;17323;333;17656;NA;31987;602;2021-02-17;24756
2021-02-16;"Žilinský kraj";321;23328;318;23646;NA;31987;639;2021-02-16;24154
2021-02-15;"Žilinský kraj";230;32211;316;32527;NA;31987;546;2021-02-15;23515
2021-02-14;"Žilinský kraj";30;20328;180;20508;NA;31987;210;2021-02-14;22969
2021-02-13;"Žilinský kraj";91;65499;435;65934;NA;31987;526;2021-02-13;22759
2021-02-12;"Žilinský kraj";242;41477;332;41809;NA;31987;574;2021-02-12;22233
2021-02-11;"Žilinský kraj";228;23479;293;23772;NA;31987;521;2021-02-11;21659
2021-02-10;"Žilinský kraj";259;16799;259;17058;NA;31987;518;2021-02-10;21138
2021-02-09;"Žilinský kraj";377;24936;278;25214;NA;31987;655;2021-02-09;20620
2021-02-08;"Žilinský kraj";160;41306;361;41667;NA;31987;521;2021-02-08;19965
2021-02-07;"Žilinský kraj";24;38440;199;38639;NA;31987;223;2021-02-07;19444
2021-02-06;"Žilinský kraj";71;66775;326;67101;NA;31987;397;2021-02-06;19221
2021-02-05;"Žilinský kraj";248;30537;293;30830;NA;31987;541;2021-02-05;18824
2021-02-04;"Žilinský kraj";238;11308;232;11540;NA;31987;470;2021-02-04;18283
2021-02-03;"Žilinský kraj";194;8752;252;9004;NA;31987;446;2021-02-03;17813
2021-02-02;"Žilinský kraj";216;9807;280;10087;NA;31987;496;2021-02-02;17367
2021-02-01;"Žilinský kraj";220;18627;334;18961;NA;31987;554;2021-02-01;16871
2021-01-31;"Žilinský kraj";11;42;1;43;NA;31987;12;2021-01-31;16317
2021-01-30;"Žilinský kraj";85;15492;158;15650;NA;31987;243;2021-01-30;16305
2021-01-29;"Žilinský kraj";209;22796;304;23100;NA;31987;513;2021-01-29;16062
2021-01-28;"Žilinský kraj";240;5607;174;5781;NA;31987;414;2021-01-28;15549
2021-01-27;"Žilinský kraj";256;6988;123;7111;NA;31987;379;2021-01-27;15135
2021-01-26;"Žilinský kraj";245;49413;342;49755;NA;31987;587;2021-01-26;14756
2021-01-25;"Žilinský kraj";159;18611;131;18742;NA;31987;290;2021-01-25;14169
2021-01-24;"Žilinský kraj";22;32538;138;32676;NA;31987;160;2021-01-24;13879
2021-01-23;"Žilinský kraj";91;88667;395;89062;NA;31987;486;2021-01-23;13719
2021-01-22;"Žilinský kraj";163;28042;228;28270;NA;31987;391;2021-01-22;13233
2021-01-21;"Žilinský kraj";116;19351;178;19529;NA;31987;294;2021-01-21;12842
2021-01-20;"Žilinský kraj";236;16958;165;17123;NA;31987;401;2021-01-20;12548
2021-01-19;"Žilinský kraj";245;17570;405;17975;NA;31987;650;2021-01-19;12147
2021-01-18;"Žilinský kraj";236;12487;334;12821;NA;31987;570;2021-01-18;11497
2021-01-17;"Žilinský kraj";95;113;2;115;NA;31987;97;2021-01-17;10927
2021-01-16;"Žilinský kraj";14;314;8;322;NA;31987;22;2021-01-16;10830
2021-01-15;"Žilinský kraj";248;7149;202;7351;NA;31987;450;2021-01-15;10808
2021-01-14;"Žilinský kraj";166;5637;253;5890;NA;31987;419;2021-01-14;10358
2021-01-13;"Žilinský kraj";247;11340;554;11894;NA;31987;801;2021-01-13;9939
2021-01-12;"Žilinský kraj";376;8924;426;9350;NA;31987;802;2021-01-12;9138
2021-01-11;"Žilinský kraj";351;10485;510;10995;NA;31987;861;2021-01-11;8336
2021-01-10;"Žilinský kraj";38;189;7;196;NA;31987;45;2021-01-10;7475
2021-01-09;"Žilinský kraj";192;1992;85;2077;NA;31987;277;2021-01-09;7430
2021-01-08;"Žilinský kraj";413;9352;511;9863;NA;31987;924;2021-01-08;7153
2021-01-07;"Žilinský kraj";438;23644;1880;25524;NA;31987;2318;2021-01-07;6229
2021-01-06;"Žilinský kraj";145;1338;89;1427;NA;31987;234;2021-01-06;3911
2021-01-05;"Žilinský kraj";717;11310;929;12239;NA;31987;1646;2021-01-05;3677
2021-01-04;"Žilinský kraj";479;9549;949;10498;NA;31987;1428;2021-01-04;2031
2021-01-03;"Žilinský kraj";13;33;4;37;NA;31987;17;2021-01-03;603
2021-01-02;"Žilinský kraj";98;746;86;832;NA;31987;184;2021-01-02;586
2021-01-01;"Žilinský kraj";118;552;36;588;NA;31987;154;2021-01-01;402
2020-12-31;"Žilinský kraj";395;10348;833;11181;NA;31987;1228;2020-12-31;248
2020-12-30;"Žilinský kraj";1038;12157;860;13017;NA;31987;1898;2020-12-30;-980
2020-12-29;"Žilinský kraj";256;10800;1070;11870;NA;31987;1326;2020-12-29;-2878
2020-12-28;"Žilinský kraj";406;10770;1002;11772;NA;31987;1408;2020-12-28;-4204
2020-12-27;"Žilinský kraj";40;662;80;742;NA;31987;120;2020-12-27;-5612
2020-12-26;"Žilinský kraj";135;124;14;138;NA;31987;149;2020-12-26;-5732
2020-12-25;"Žilinský kraj";66;111;10;121;NA;31987;76;2020-12-25;-5881
2020-12-24;"Žilinský kraj";643;1018;75;1093;NA;31987;718;2020-12-24;-5957
2020-12-23;"Žilinský kraj";228;17258;1012;18270;NA;31987;1240;2020-12-23;-6675
2020-12-22;"Žilinský kraj";519;13188;1023;14211;NA;31987;1542;2020-12-22;-7915
2020-12-21;"Žilinský kraj";444;12703;1107;13810;NA;31987;1551;2020-12-21;-9457
2020-12-20;"Žilinský kraj";36;579;73;652;NA;31987;109;2020-12-20;-11008
2020-12-19;"Žilinský kraj";208;2080;144;2224;NA;31987;352;2020-12-19;-11117
2020-12-18;"Žilinský kraj";333;7027;402;7429;NA;31987;735;2020-12-18;-11469
2020-12-17;"Žilinský kraj";500;4333;281;4614;NA;31987;781;2020-12-17;-12204
2020-12-16;"Žilinský kraj";333;4365;305;4670;NA;31987;638;2020-12-16;-12985
2020-12-15;"Žilinský kraj";528;4399;387;4786;NA;31987;915;2020-12-15;-13623
2020-12-14;"Žilinský kraj";321;4401;358;4759;NA;31987;679;2020-12-14;-14538
2020-12-13;"Žilinský kraj";26;515;64;579;NA;31987;90;2020-12-13;-15217
2020-12-12;"Žilinský kraj";95;1061;53;1114;NA;31987;148;2020-12-12;-15307
2020-12-11;"Žilinský kraj";455;4596;282;4878;NA;31987;737;2020-12-11;-15455
2020-12-10;"Žilinský kraj";166;9407;849;10256;NA;31987;1015;2020-12-10;-16192
2020-12-09;"Žilinský kraj";392;2559;163;2722;NA;31987;555;2020-12-09;-17207
2020-12-08;"Žilinský kraj";331;3915;188;4103;NA;31987;519;2020-12-08;-17762
2020-12-07;"Žilinský kraj";348;2274;121;2395;NA;31987;469;2020-12-07;-18281
2020-12-06;"Žilinský kraj";15;134;4;138;NA;31987;19;2020-12-06;-18750
2020-12-05;"Žilinský kraj";98;1237;45;1282;NA;31987;143;2020-12-05;-18769
2020-12-04;"Žilinský kraj";228;2847;120;2967;NA;31987;348;2020-12-04;-18912
2020-12-03;"Žilinský kraj";237;1412;119;1531;NA;31987;356;2020-12-03;-19260
2020-12-02;"Žilinský kraj";181;1553;82;1635;NA;31987;263;2020-12-02;-19616
2020-12-01;"Žilinský kraj";209;6529;309;6838;NA;31987;518;2020-12-01;-19879
2020-11-30;"Žilinský kraj";203;5232;291;5523;NA;31987;494;2020-11-30;-20397
2020-11-29;"Žilinský kraj";18;81;7;88;NA;31987;25;2020-11-29;-20891
2020-11-28;"Žilinský kraj";99;349;15;364;NA;31987;114;2020-11-28;-20916
2020-11-27;"Žilinský kraj";218;913;46;959;NA;31987;264;2020-11-27;-21030
2020-11-26;"Žilinský kraj";190;1104;57;1161;NA;31987;247;2020-11-26;-21294
2020-11-25;"Žilinský kraj";225;1217;49;1266;NA;31987;274;2020-11-25;-21541
2020-11-24;"Žilinský kraj";213;2092;67;2159;NA;31987;280;2020-11-24;-21815
2020-11-23;"Žilinský kraj";170;759;44;803;NA;31987;214;2020-11-23;-22095
2020-11-22;"Žilinský kraj";11;0;0;0;NA;31987;11;2020-11-22;-22309
2020-11-21;"Žilinský kraj";61;505;20;525;NA;31987;81;2020-11-21;-22320
2020-11-20;"Žilinský kraj";251;1074;45;1119;NA;31987;296;2020-11-20;-22401
2020-11-19;"Žilinský kraj";252;752;61;813;NA;31987;313;2020-11-19;-22697
2020-11-18;"Žilinský kraj";346;348;15;363;NA;31987;361;2020-11-18;-23010
2020-11-17;"Žilinský kraj";123;490;15;505;NA;31987;138;2020-11-17;-23371
2020-11-16;"Žilinský kraj";227;206;13;219;NA;31987;240;2020-11-16;-23509
2020-11-15;"Žilinský kraj";63;13;0;13;NA;31987;63;2020-11-15;-23749
2020-11-14;"Žilinský kraj";189;1038;11;1049;NA;31987;200;2020-11-14;-23812
2020-11-13;"Žilinský kraj";181;125;9;134;NA;31987;190;2020-11-13;-24012
2020-11-12;"Žilinský kraj";334;79;2;81;NA;31987;336;2020-11-12;-24202
2020-11-11;"Žilinský kraj";489;147;10;157;NA;31987;499;2020-11-11;-24538
2020-11-10;"Žilinský kraj";374;519;9;528;NA;31987;383;2020-11-10;-25037
2020-11-09;"Žilinský kraj";143;2335;30;2365;NA;31987;173;2020-11-09;-25420
2020-11-08;"Žilinský kraj";59;2196;35;2231;NA;31987;94;2020-11-08;-25593
2020-11-07;"Žilinský kraj";312;8175;88;8263;NA;31987;400;2020-11-07;-25687
2020-11-06;"Žilinský kraj";503;4090;38;4128;NA;31987;541;2020-11-06;-26087
2020-11-05;"Žilinský kraj";473;64;4;68;NA;31987;477;2020-11-05;-26628
2020-11-04;"Žilinský kraj";423;168;10;178;NA;31987;433;2020-11-04;-27105
2020-11-03;"Žilinský kraj";688;889;16;905;NA;31987;704;2020-11-03;-27538
2020-11-02;"Žilinský kraj";472;1043;39;1082;NA;31987;511;2020-11-02;-28242
2020-11-01;"Žilinský kraj";349;5096;130;5226;NA;31987;479;2020-11-01;-28753
2020-10-31;"Žilinský kraj";661;7963;203;8166;NA;31987;864;2020-10-31;-29232
2020-10-30;"Žilinský kraj";529;2575;61;2636;NA;31987;590;2020-10-30;-30096
2020-10-29;"Žilinský kraj";740;503;17;520;NA;31987;757;2020-10-29;-30686
2020-10-28;"Žilinský kraj";635;105;11;116;NA;31987;646;2020-10-28;-31443
2020-10-27;"Žilinský kraj";355;154;24;178;NA;31987;379;2020-10-27;-32089
2020-10-26;"Žilinský kraj";148;117;28;145;NA;31987;176;2020-10-26;-32468
2020-10-25;"Žilinský kraj";436;0;0;0;NA;31987;436;2020-10-25;-32644
2020-10-24;"Žilinský kraj";803;0;0;0;NA;31987;803;2020-10-24;-33080
2020-10-23;"Žilinský kraj";659;102;13;115;NA;31987;672;2020-10-23;-33883
2020-10-22;"Žilinský kraj";525;33;3;36;NA;31987;528;2020-10-22;-34555
2020-10-21;"Žilinský kraj";478;74;14;88;NA;31987;492;2020-10-21;-35083
2020-10-20;"Žilinský kraj";524;127;8;135;NA;31987;532;2020-10-20;-35575
2020-10-19;"Žilinský kraj";70;80;12;92;NA;31987;82;2020-10-19;-36107
2020-10-18;"Žilinský kraj";159;0;0;0;NA;31987;159;2020-10-18;-36189
2020-10-17;"Žilinský kraj";509;0;0;0;NA;31987;509;2020-10-17;-36348
2020-10-16;"Žilinský kraj";603;51;9;60;NA;31987;612;2020-10-16;-36857
2020-10-15;"Žilinský kraj";679;61;3;64;NA;31987;682;2020-10-15;-37469
2020-10-14;"Žilinský kraj";523;269;6;275;NA;31987;529;2020-10-14;-38151
2020-10-13;"Žilinský kraj";367;458;40;498;NA;31987;407;2020-10-13;-38680
2020-10-12;"Žilinský kraj";62;0;0;0;NA;31987;62;2020-10-12;-39087
2020-10-11;"Žilinský kraj";50;0;0;0;NA;31987;50;2020-10-11;-39149
2020-10-10;"Žilinský kraj";213;0;0;0;NA;31987;213;2020-10-10;-39199
2020-10-09;"Žilinský kraj";543;0;0;0;NA;31987;543;2020-10-09;-39412
2020-10-08;"Žilinský kraj";238;0;0;0;NA;31987;238;2020-10-08;-39955
2020-10-07;"Žilinský kraj";168;0;0;0;NA;31987;168;2020-10-07;-40193
2020-10-06;"Žilinský kraj";233;0;0;0;NA;31987;233;2020-10-06;-40361
2020-10-05;"Žilinský kraj";33;0;0;0;NA;31987;33;2020-10-05;-40594
2020-10-04;"Žilinský kraj";35;0;0;0;NA;31987;35;2020-10-04;-40627
2020-10-03;"Žilinský kraj";155;0;0;0;NA;31987;155;2020-10-03;-40662
2020-10-02;"Žilinský kraj";105;0;0;0;NA;31987;105;2020-10-02;-40817
2020-10-01;"Žilinský kraj";147;0;0;0;NA;31987;147;2020-10-01;-40922
2020-09-30;"Žilinský kraj";163;0;0;0;NA;31987;163;2020-09-30;-41069
2020-09-29;"Žilinský kraj";105;0;0;0;NA;31987;105;2020-09-29;-41232
2020-09-28;"Žilinský kraj";34;0;0;0;NA;31987;34;2020-09-28;-41337
2020-09-27;"Žilinský kraj";108;0;0;0;NA;31987;108;2020-09-27;-41371
2020-09-26;"Žilinský kraj";96;0;0;0;NA;31987;96;2020-09-26;-41479
2020-09-25;"Žilinský kraj";69;0;0;0;NA;31987;69;2020-09-25;-41575
2020-09-24;"Žilinský kraj";100;0;0;0;NA;31987;100;2020-09-24;-41644
2020-09-23;"Žilinský kraj";65;0;0;0;NA;31987;65;2020-09-23;-41744
2020-09-22;"Žilinský kraj";65;0;0;0;NA;31987;65;2020-09-22;-41809
2020-09-21;"Žilinský kraj";47;0;0;0;NA;31987;47;2020-09-21;-41874
2020-09-20;"Žilinský kraj";4;0;0;0;NA;31987;4;2020-09-20;-41921
2020-09-19;"Žilinský kraj";6;0;0;0;NA;31987;6;2020-09-19;-41925
2020-09-18;"Žilinský kraj";82;0;0;0;NA;31987;82;2020-09-18;-41931
2020-09-17;"Žilinský kraj";30;0;0;0;NA;31987;30;2020-09-17;-42013
2020-09-16;"Žilinský kraj";34;0;0;0;NA;31987;34;2020-09-16;-42043
2020-09-15;"Žilinský kraj";12;0;0;0;NA;31987;12;2020-09-15;-42077
2020-09-14;"Žilinský kraj";39;0;0;0;NA;31987;39;2020-09-14;-42089
2020-09-13;"Žilinský kraj";6;0;0;0;NA;31987;6;2020-09-13;-42128
2020-09-12;"Žilinský kraj";4;0;0;0;NA;31987;4;2020-09-12;-42134
2020-09-11;"Žilinský kraj";31;0;0;0;NA;31987;31;2020-09-11;-42138
2020-09-10;"Žilinský kraj";31;0;0;0;NA;31987;31;2020-09-10;-42169
2020-09-09;"Žilinský kraj";23;0;0;0;NA;31987;23;2020-09-09;-42200
2020-09-08;"Žilinský kraj";25;0;0;0;NA;31987;25;2020-09-08;-42223
2020-09-07;"Žilinský kraj";11;0;0;0;NA;31987;11;2020-09-07;-42248
2020-09-05;"Žilinský kraj";2;0;0;0;NA;31987;2;2020-09-05;-42259
2020-09-04;"Žilinský kraj";33;0;0;0;NA;31987;33;2020-09-04;-42261
2020-09-03;"Žilinský kraj";18;0;0;0;NA;31987;18;2020-09-03;-42294
2020-09-02;"Žilinský kraj";16;0;0;0;NA;31987;16;2020-09-02;-42312
2020-09-01;"Žilinský kraj";4;0;0;0;NA;31987;4;2020-09-01;-42328
2020-08-31;"Žilinský kraj";5;0;0;0;NA;31987;5;2020-08-31;-42332
2020-08-30;"Žilinský kraj";3;0;0;0;NA;31987;3;2020-08-30;-42337
2020-08-29;"Žilinský kraj";5;0;0;0;NA;31987;5;2020-08-29;-42340
2020-08-28;"Žilinský kraj";13;0;0;0;NA;31987;13;2020-08-28;-42345
2020-08-27;"Žilinský kraj";18;0;0;0;NA;31987;18;2020-08-27;-42358
2020-08-26;"Žilinský kraj";8;0;0;0;NA;31987;8;2020-08-26;-42376
2020-08-25;"Žilinský kraj";2;0;0;0;NA;31987;2;2020-08-25;-42384
2020-08-24;"Žilinský kraj";5;0;0;0;NA;31987;5;2020-08-24;-42386
2020-08-21;"Žilinský kraj";10;0;0;0;NA;31987;10;2020-08-21;-42391
2020-08-20;"Žilinský kraj";13;0;0;0;NA;31987;13;2020-08-20;-42401
2020-08-19;"Žilinský kraj";7;0;0;0;NA;31987;7;2020-08-19;-42414
2020-08-18;"Žilinský kraj";9;0;0;0;NA;31987;9;2020-08-18;-42421
2020-08-17;"Žilinský kraj";1;0;0;0;NA;31987;1;2020-08-17;-42430
2020-08-14;"Žilinský kraj";4;0;0;0;NA;31987;4;2020-08-14;-42431
2020-08-13;"Žilinský kraj";2;0;0;0;NA;31987;2;2020-08-13;-42435
2020-08-11;"Žilinský kraj";4;0;0;0;NA;31987;4;2020-08-11;-42437
2020-08-10;"Žilinský kraj";1;0;0;0;NA;31987;1;2020-08-10;-42441
2020-08-08;"Žilinský kraj";3;0;0;0;NA;31987;3;2020-08-08;-42442
2020-08-07;"Žilinský kraj";8;0;0;0;NA;31987;8;2020-08-07;-42445
2020-08-06;"Žilinský kraj";1;0;0;0;NA;31987;1;2020-08-06;-42453
2020-08-05;"Žilinský kraj";1;0;0;0;NA;31987;1;2020-08-05;-42454
2020-08-04;"Žilinský kraj";2;0;0;0;NA;31987;2;2020-08-04;-42455
2020-08-02;"Žilinský kraj";1;0;0;0;NA;31987;1;2020-08-02;-42457
2020-07-31;"Žilinský kraj";4;0;0;0;NA;31987;4;2020-07-31;-42458
2020-07-30;"Žilinský kraj";2;0;0;0;NA;31987;2;2020-07-30;-42462
2020-07-29;"Žilinský kraj";2;0;0;0;NA;31987;2;2020-07-29;-42464
2020-07-28;"Žilinský kraj";4;0;0;0;NA;31987;4;2020-07-28;-42466
2020-07-27;"Žilinský kraj";6;0;0;0;NA;31987;6;2020-07-27;-42470
2020-07-24;"Žilinský kraj";2;0;0;0;NA;31987;2;2020-07-24;-42476
2020-07-22;"Žilinský kraj";1;0;0;0;NA;31987;1;2020-07-22;-42478
2020-07-21;"Žilinský kraj";2;0;0;0;NA;31987;2;2020-07-21;-42479
2020-07-20;"Žilinský kraj";3;0;0;0;NA;31987;3;2020-07-20;-42481
2020-07-17;"Žilinský kraj";2;0;0;0;NA;31987;2;2020-07-17;-42484
2020-07-16;"Žilinský kraj";2;0;0;0;NA;31987;2;2020-07-16;-42486
2020-07-15;"Žilinský kraj";2;0;0;0;NA;31987;2;2020-07-15;-42488
2020-07-14;"Žilinský kraj";1;0;0;0;NA;31987;1;2020-07-14;-42490
2020-07-11;"Žilinský kraj";2;0;0;0;NA;31987;2;2020-07-11;-42491
2020-07-10;"Žilinský kraj";3;0;0;0;NA;31987;3;2020-07-10;-42493
2020-07-09;"Žilinský kraj";2;0;0;0;NA;31987;2;2020-07-09;-42496
2020-07-08;"Žilinský kraj";10;0;0;0;NA;31987;10;2020-07-08;-42498
2020-07-07;"Žilinský kraj";7;0;0;0;NA;31987;7;2020-07-07;-42508
2020-07-04;"Žilinský kraj";10;0;0;0;NA;31987;10;2020-07-04;-42515
2020-07-03;"Žilinský kraj";18;0;0;0;NA;31987;18;2020-07-03;-42525
2020-07-02;"Žilinský kraj";7;0;0;0;NA;31987;7;2020-07-02;-42543
2020-06-30;"Žilinský kraj";4;0;0;0;NA;31987;4;2020-06-30;-42550
2020-06-28;"Žilinský kraj";1;0;0;0;NA;31987;1;2020-06-28;-42554
2020-06-27;"Žilinský kraj";3;0;0;0;NA;31987;3;2020-06-27;-42555
2020-06-26;"Žilinský kraj";5;0;0;0;NA;31987;5;2020-06-26;-42558
2020-06-25;"Žilinský kraj";7;0;0;0;NA;31987;7;2020-06-25;-42563
2020-06-24;"Žilinský kraj";11;0;0;0;NA;31987;11;2020-06-24;-42570
2020-06-23;"Žilinský kraj";9;0;0;0;NA;31987;9;2020-06-23;-42581
2020-06-21;"Žilinský kraj";1;0;0;0;NA;31987;1;2020-06-21;-42590
2020-06-20;"Žilinský kraj";1;0;0;0;NA;31987;1;2020-06-20;-42591
2020-06-19;"Žilinský kraj";4;0;0;0;NA;31987;4;2020-06-19;-42592
2020-06-18;"Žilinský kraj";1;0;0;0;NA;31987;1;2020-06-18;-42596
2020-06-16;"Žilinský kraj";1;0;0;0;NA;31987;1;2020-06-16;-42597
2020-06-09;"Žilinský kraj";1;0;0;0;NA;31987;1;2020-06-09;-42598
2020-05-27;"Žilinský kraj";1;0;0;0;NA;31987;1;2020-05-27;-42599
2020-05-26;"Žilinský kraj";1;0;0;0;NA;31987;1;2020-05-26;-42600
2020-05-19;"Žilinský kraj";1;0;0;0;NA;31987;1;2020-05-19;-42601
2020-05-06;"Žilinský kraj";2;0;0;0;NA;31987;2;2020-05-06;-42602
2020-05-05;"Žilinský kraj";3;0;0;0;NA;31987;3;2020-05-05;-42604
2020-05-04;"Žilinský kraj";3;0;0;0;NA;31987;3;2020-05-04;-42607
2020-05-03;"Žilinský kraj";1;0;0;0;NA;31987;1;2020-05-03;-42610
2020-05-01;"Žilinský kraj";1;0;0;0;NA;31987;1;2020-05-01;-42611
2020-04-25;"Žilinský kraj";2;0;0;0;NA;31987;2;2020-04-25;-42612
2020-04-24;"Žilinský kraj";1;0;0;0;NA;31987;1;2020-04-24;-42614
2020-04-23;"Žilinský kraj";2;0;0;0;NA;31987;2;2020-04-23;-42615
2020-04-22;"Žilinský kraj";9;0;0;0;NA;31987;9;2020-04-22;-42617
2020-04-21;"Žilinský kraj";1;0;0;0;NA;31987;1;2020-04-21;-42626
2020-04-20;"Žilinský kraj";4;0;0;0;NA;31987;4;2020-04-20;-42627
2020-04-18;"Žilinský kraj";49;0;0;0;NA;31987;49;2020-04-18;-42631
2020-04-17;"Žilinský kraj";3;0;0;0;NA;31987;3;2020-04-17;-42680
2020-04-16;"Žilinský kraj";4;0;0;0;NA;31987;4;2020-04-16;-42683
2020-04-15;"Žilinský kraj";7;0;0;0;NA;31987;7;2020-04-15;-42687
2020-04-14;"Žilinský kraj";1;0;0;0;NA;31987;1;2020-04-14;-42694
2020-04-13;"Žilinský kraj";2;0;0;0;NA;31987;2;2020-04-13;-42695
2020-04-12;"Žilinský kraj";5;0;0;0;NA;31987;5;2020-04-12;-42697
2020-04-11;"Žilinský kraj";2;0;0;0;NA;31987;2;2020-04-11;-42702
2020-04-10;"Žilinský kraj";1;0;0;0;NA;31987;1;2020-04-10;-42704
2020-04-09;"Žilinský kraj";1;0;0;0;NA;31987;1;2020-04-09;-42705
2020-04-08;"Žilinský kraj";3;0;0;0;NA;31987;3;2020-04-08;-42706
2020-04-07;"Žilinský kraj";5;0;0;0;NA;31987;5;2020-04-07;-42709
2020-04-06;"Žilinský kraj";6;0;0;0;NA;31987;6;2020-04-06;-42714
2020-04-05;"Žilinský kraj";8;0;0;0;NA;31987;8;2020-04-05;-42720
2020-04-03;"Žilinský kraj";3;0;0;0;NA;31987;3;2020-04-03;-42728
2020-04-02;"Žilinský kraj";5;0;0;0;NA;31987;5;2020-04-02;-42731
2020-04-01;"Žilinský kraj";4;0;0;0;NA;31987;4;2020-04-01;-42736
2020-03-31;"Žilinský kraj";1;0;0;0;NA;31987;1;2020-03-31;-42740
2020-03-30;"Žilinský kraj";3;0;0;0;NA;31987;3;2020-03-30;-42741
2020-03-28;"Žilinský kraj";1;0;0;0;NA;31987;1;2020-03-28;-42744
2020-03-27;"Žilinský kraj";9;0;0;0;NA;31987;9;2020-03-27;-42745
2020-03-26;"Žilinský kraj";4;0;0;0;NA;31987;4;2020-03-26;-42754
2020-03-25;"Žilinský kraj";1;0;0;0;NA;31987;1;2020-03-25;-42758
2020-03-24;"Žilinský kraj";2;0;0;0;NA;31987;2;2020-03-24;-42759
2020-03-23;"Žilinský kraj";3;0;0;0;NA;31987;3;2020-03-23;-42761
2020-03-22;"Žilinský kraj";1;0;0;0;NA;31987;1;2020-03-22;-42764
2020-03-21;"Žilinský kraj";2;0;0;0;NA;31987;2;2020-03-21;-42765
2020-03-20;"Žilinský kraj";4;0;0;0;NA;31987;4;2020-03-20;-42767
2020-03-19;"Žilinský kraj";2;0;0;0;NA;31987;2;2020-03-19;-42771
2020-03-18;"Žilinský kraj";1;0;0;0;NA;31987;1;2020-03-18;-42773
2020-03-17;"Žilinský kraj";5;0;0;0;NA;31987;5;2020-03-17;-42774
2020-03-16;"Žilinský kraj";1;0;0;0;NA;31987;1;2020-03-16;-42779
2020-03-15;"Žilinský kraj";2;0;0;0;NA;31987;2;2020-03-15;-42780
2020-03-14;"Žilinský kraj";1;0;0;0;NA;31987;1;2020-03-14;-42782
2020-03-13;"Žilinský kraj";5;0;0;0;NA;31987;5;2020-03-13;-42783
2020-03-12;"Žilinský kraj";1;0;0;0;NA;31987;1;2020-03-12;-42788
2020-03-09;"Žilinský kraj";1;0;0;0;NA;31987;1;2020-03-09;-42789
