"Datum";"Region";"PCR_Pos";"Ag_Neg";"Ag_Pos";"Total";"Pocet.potvrdenych";"Potvrdenych";"newcases";"date";"positive"
2021-06-14;"Banskobystrický kraj";8;5813;6;5819;38014;87395;14;2021-06-14;87395
2021-06-13;"Banskobystrický kraj";0;5973;7;5980;NA;87395;7;2021-06-13;87381
2021-06-12;"Banskobystrický kraj";3;6231;5;6236;NA;87395;8;2021-06-12;87374
2021-06-11;"Banskobystrický kraj";5;9554;13;9567;NA;87395;18;2021-06-11;87366
2021-06-10;"Banskobystrický kraj";10;5593;7;5600;NA;87395;17;2021-06-10;87348
2021-06-09;"Banskobystrický kraj";9;5588;2;5590;NA;87395;11;2021-06-09;87331
2021-06-08;"Banskobystrický kraj";15;5594;10;5604;NA;87395;25;2021-06-08;87320
2021-06-07;"Banskobystrický kraj";4;7327;19;7346;NA;87395;23;2021-06-07;87295
2021-06-06;"Banskobystrický kraj";1;7246;11;7257;NA;87395;12;2021-06-06;87272
2021-06-05;"Banskobystrický kraj";15;7290;8;7298;NA;87395;23;2021-06-05;87260
2021-06-04;"Banskobystrický kraj";2;8797;12;8809;NA;87395;14;2021-06-04;87237
2021-06-03;"Banskobystrický kraj";8;6213;21;6234;NA;87395;29;2021-06-03;87223
2021-06-02;"Banskobystrický kraj";7;6497;5;6502;NA;87395;12;2021-06-02;87194
2021-06-01;"Banskobystrický kraj";12;7392;14;7406;NA;87395;26;2021-06-01;87182
2021-05-31;"Banskobystrický kraj";4;9390;29;9419;NA;87395;33;2021-05-31;87156
2021-05-30;"Banskobystrický kraj";3;9048;24;9072;NA;87395;27;2021-05-30;87123
2021-05-29;"Banskobystrický kraj";11;9650;17;9667;NA;87395;28;2021-05-29;87096
2021-05-28;"Banskobystrický kraj";13;11510;23;11533;NA;87395;36;2021-05-28;87068
2021-05-27;"Banskobystrický kraj";7;8620;12;8632;NA;87395;19;2021-05-27;87032
2021-05-26;"Banskobystrický kraj";18;7817;18;7835;NA;87395;36;2021-05-26;87013
2021-05-25;"Banskobystrický kraj";27;9251;31;9282;NA;87395;58;2021-05-25;86977
2021-05-24;"Banskobystrický kraj";9;12697;44;12741;NA;87395;53;2021-05-24;86919
2021-05-23;"Banskobystrický kraj";0;9740;27;9767;NA;87395;27;2021-05-23;86866
2021-05-22;"Banskobystrický kraj";20;9612;28;9640;NA;87395;48;2021-05-22;86839
2021-05-21;"Banskobystrický kraj";22;12423;21;12444;NA;87395;43;2021-05-21;86791
2021-05-20;"Banskobystrický kraj";14;8735;25;8760;NA;87395;39;2021-05-20;86748
2021-05-19;"Banskobystrický kraj";42;8735;19;8754;NA;87395;61;2021-05-19;86709
2021-05-18;"Banskobystrický kraj";27;9699;26;9725;NA;87395;53;2021-05-18;86648
2021-05-17;"Banskobystrický kraj";11;14419;30;14449;NA;87395;41;2021-05-17;86595
2021-05-16;"Banskobystrický kraj";15;13930;24;13954;NA;87395;39;2021-05-16;86554
2021-05-15;"Banskobystrický kraj";11;15214;31;15245;NA;87395;42;2021-05-15;86515
2021-05-14;"Banskobystrický kraj";35;18139;43;18182;NA;87395;78;2021-05-14;86473
2021-05-13;"Banskobystrický kraj";37;10948;41;10989;NA;87395;78;2021-05-13;86395
2021-05-12;"Banskobystrický kraj";31;10886;45;10931;NA;87395;76;2021-05-12;86317
2021-05-11;"Banskobystrický kraj";42;11751;51;11802;NA;87395;93;2021-05-11;86241
2021-05-10;"Banskobystrický kraj";28;17824;63;17887;NA;87395;91;2021-05-10;86148
2021-05-09;"Banskobystrický kraj";25;22096;67;22163;NA;87395;92;2021-05-09;86057
2021-05-08;"Banskobystrický kraj";11;13879;23;13902;NA;87395;34;2021-05-08;85965
2021-05-07;"Banskobystrický kraj";41;21925;79;22004;NA;87395;120;2021-05-07;85931
2021-05-06;"Banskobystrický kraj";36;12586;71;12657;NA;87395;107;2021-05-06;85811
2021-05-05;"Banskobystrický kraj";34;13114;66;13180;NA;87395;100;2021-05-05;85704
2021-05-04;"Banskobystrický kraj";83;14029;47;14076;NA;87395;130;2021-05-04;85604
2021-05-03;"Banskobystrický kraj";30;21194;80;21274;NA;87395;110;2021-05-03;85474
2021-05-02;"Banskobystrický kraj";6;32989;60;33049;NA;87395;66;2021-05-02;85364
2021-05-01;"Banskobystrický kraj";54;38328;75;38403;NA;87395;129;2021-05-01;85298
2021-04-30;"Banskobystrický kraj";38;37603;92;37695;NA;87395;130;2021-04-30;85169
2021-04-29;"Banskobystrický kraj";55;16962;68;17030;NA;87395;123;2021-04-29;85039
2021-04-28;"Banskobystrický kraj";66;18648;69;18717;NA;87395;135;2021-04-28;84916
2021-04-27;"Banskobystrický kraj";70;19191;74;19265;NA;87395;144;2021-04-27;84781
2021-04-26;"Banskobystrický kraj";34;29931;111;30042;NA;87395;145;2021-04-26;84637
2021-04-25;"Banskobystrický kraj";14;41482;120;41602;NA;87395;134;2021-04-25;84492
2021-04-24;"Banskobystrický kraj";40;54358;108;54466;NA;87395;148;2021-04-24;84358
2021-04-23;"Banskobystrický kraj";78;39877;95;39972;NA;87395;173;2021-04-23;84210
2021-04-22;"Banskobystrický kraj";51;17610;59;17669;NA;87395;110;2021-04-22;84037
2021-04-21;"Banskobystrický kraj";76;21029;101;21130;NA;87395;177;2021-04-21;83927
2021-04-20;"Banskobystrický kraj";116;21173;100;21273;NA;87395;216;2021-04-20;83750
2021-04-19;"Banskobystrický kraj";48;32408;109;32517;NA;87395;157;2021-04-19;83534
2021-04-18;"Banskobystrický kraj";16;46142;104;46246;NA;87395;120;2021-04-18;83377
2021-04-17;"Banskobystrický kraj";42;66973;92;67065;NA;87395;134;2021-04-17;83257
2021-04-16;"Banskobystrický kraj";72;38270;100;38370;NA;87395;172;2021-04-16;83123
2021-04-15;"Banskobystrický kraj";67;20593;91;20684;NA;87395;158;2021-04-15;82951
2021-04-14;"Banskobystrický kraj";69;22851;87;22938;NA;87395;156;2021-04-14;82793
2021-04-13;"Banskobystrický kraj";130;24147;79;24226;NA;87395;209;2021-04-13;82637
2021-04-12;"Banskobystrický kraj";60;32863;134;32997;NA;87395;194;2021-04-12;82428
2021-04-11;"Banskobystrický kraj";0;45241;98;45339;NA;87395;98;2021-04-11;82234
2021-04-10;"Banskobystrický kraj";56;67989;151;68140;NA;87395;207;2021-04-10;82136
2021-04-09;"Banskobystrický kraj";106;33203;123;33326;NA;87395;229;2021-04-09;81929
2021-04-08;"Banskobystrický kraj";132;19240;115;19355;NA;87395;247;2021-04-08;81700
2021-04-07;"Banskobystrický kraj";226;26445;98;26543;NA;87395;324;2021-04-07;81453
2021-04-06;"Banskobystrický kraj";93;43293;188;43481;NA;87395;281;2021-04-06;81129
2021-04-05;"Banskobystrický kraj";15;12612;91;12703;NA;87395;106;2021-04-05;80848
2021-04-04;"Banskobystrický kraj";24;20279;79;20358;NA;87395;103;2021-04-04;80742
2021-04-03;"Banskobystrický kraj";5;74298;214;74512;NA;87395;219;2021-04-03;80639
2021-04-02;"Banskobystrický kraj";71;13763;67;13830;NA;87395;138;2021-04-02;80420
2021-04-01;"Banskobystrický kraj";171;39550;202;39752;NA;87395;373;2021-04-01;80282
2021-03-31;"Banskobystrický kraj";147;26038;162;26200;NA;87395;309;2021-03-31;79909
2021-03-30;"Banskobystrický kraj";167;21759;165;21924;NA;87395;332;2021-03-30;79600
2021-03-29;"Banskobystrický kraj";119;30501;222;30723;NA;87395;341;2021-03-29;79268
2021-03-28;"Banskobystrický kraj";25;44077;204;44281;NA;87395;229;2021-03-28;78927
2021-03-27;"Banskobystrický kraj";85;68636;297;68933;NA;87395;382;2021-03-27;78698
2021-03-26;"Banskobystrický kraj";122;46026;251;46277;NA;87395;373;2021-03-26;78316
2021-03-25;"Banskobystrický kraj";120;22595;261;22856;NA;87395;381;2021-03-25;77943
2021-03-24;"Banskobystrický kraj";200;20024;245;20269;NA;87395;445;2021-03-24;77562
2021-03-23;"Banskobystrický kraj";241;24055;295;24350;NA;87395;536;2021-03-23;77117
2021-03-22;"Banskobystrický kraj";65;31442;292;31734;NA;87395;357;2021-03-22;76581
2021-03-21;"Banskobystrický kraj";31;43499;353;43852;NA;87395;384;2021-03-21;76224
2021-03-20;"Banskobystrický kraj";119;70464;406;70870;NA;87395;525;2021-03-20;75840
2021-03-19;"Banskobystrický kraj";240;46747;328;47075;NA;87395;568;2021-03-19;75315
2021-03-18;"Banskobystrický kraj";160;23094;293;23387;NA;87395;453;2021-03-18;74747
2021-03-17;"Banskobystrický kraj";262;22543;261;22804;NA;87395;523;2021-03-17;74294
2021-03-16;"Banskobystrický kraj";340;24979;244;25223;NA;87395;584;2021-03-16;73771
2021-03-15;"Banskobystrický kraj";95;33772;391;34163;NA;87395;486;2021-03-15;73187
2021-03-14;"Banskobystrický kraj";39;49989;311;50300;NA;87395;350;2021-03-14;72701
2021-03-13;"Banskobystrický kraj";209;74501;428;74929;NA;87395;637;2021-03-13;72351
2021-03-12;"Banskobystrický kraj";206;45496;367;45863;NA;87395;573;2021-03-12;71714
2021-03-11;"Banskobystrický kraj";228;24624;302;24926;NA;87395;530;2021-03-11;71141
2021-03-10;"Banskobystrický kraj";260;22128;264;22392;NA;87395;524;2021-03-10;70611
2021-03-09;"Banskobystrický kraj";352;23315;305;23620;NA;87395;657;2021-03-09;70087
2021-03-08;"Banskobystrický kraj";191;34094;474;34568;NA;87395;665;2021-03-08;69430
2021-03-07;"Banskobystrický kraj";60;42593;320;42913;NA;87395;380;2021-03-07;68765
2021-03-06;"Banskobystrický kraj";164;74589;434;75023;NA;87395;598;2021-03-06;68385
2021-03-05;"Banskobystrický kraj";221;46194;425;46619;NA;87395;646;2021-03-05;67787
2021-03-04;"Banskobystrický kraj";226;24442;390;24832;NA;87395;616;2021-03-04;67141
2021-03-03;"Banskobystrický kraj";317;24611;364;24975;NA;87395;681;2021-03-03;66525
2021-03-02;"Banskobystrický kraj";291;25162;389;25551;NA;87395;680;2021-03-02;65844
2021-03-01;"Banskobystrický kraj";151;36010;483;36493;NA;87395;634;2021-03-01;65164
2021-02-28;"Banskobystrický kraj";45;43270;372;43642;NA;87395;417;2021-02-28;64530
2021-02-27;"Banskobystrický kraj";289;70732;559;71291;NA;87395;848;2021-02-27;64113
2021-02-26;"Banskobystrický kraj";326;44248;514;44762;NA;87395;840;2021-02-26;63265
2021-02-25;"Banskobystrický kraj";375;19991;391;20382;NA;87395;766;2021-02-25;62425
2021-02-24;"Banskobystrický kraj";332;19389;406;19795;NA;87395;738;2021-02-24;61659
2021-02-23;"Banskobystrický kraj";462;22504;500;23004;NA;87395;962;2021-02-23;60921
2021-02-22;"Banskobystrický kraj";67;33783;684;34467;NA;87395;751;2021-02-22;59959
2021-02-21;"Banskobystrický kraj";68;43339;494;43833;NA;87395;562;2021-02-21;59208
2021-02-20;"Banskobystrický kraj";280;82725;700;83425;NA;87395;980;2021-02-20;58646
2021-02-19;"Banskobystrický kraj";420;45439;592;46031;NA;87395;1012;2021-02-19;57666
2021-02-18;"Banskobystrický kraj";241;21090;435;21525;NA;87395;676;2021-02-18;56654
2021-02-17;"Banskobystrický kraj";415;19760;455;20215;NA;87395;870;2021-02-17;55978
2021-02-16;"Banskobystrický kraj";338;25250;450;25700;NA;87395;788;2021-02-16;55108
2021-02-15;"Banskobystrický kraj";118;44147;697;44844;NA;87395;815;2021-02-15;54320
2021-02-14;"Banskobystrický kraj";60;37369;467;37836;NA;87395;527;2021-02-14;53505
2021-02-13;"Banskobystrický kraj";202;63551;641;64192;NA;87395;843;2021-02-13;52978
2021-02-12;"Banskobystrický kraj";312;42092;626;42718;NA;87395;938;2021-02-12;52135
2021-02-11;"Banskobystrický kraj";305;24314;440;24754;NA;87395;745;2021-02-11;51197
2021-02-10;"Banskobystrický kraj";333;17784;407;18191;NA;87395;740;2021-02-10;50452
2021-02-09;"Banskobystrický kraj";329;20884;415;21299;NA;87395;744;2021-02-09;49712
2021-02-08;"Banskobystrický kraj";103;57237;797;58034;NA;87395;900;2021-02-08;48968
2021-02-07;"Banskobystrický kraj";70;40465;386;40851;NA;87395;456;2021-02-07;48068
2021-02-06;"Banskobystrický kraj";178;75709;623;76332;NA;87395;801;2021-02-06;47612
2021-02-05;"Banskobystrický kraj";282;29255;444;29699;NA;87395;726;2021-02-05;46811
2021-02-04;"Banskobystrický kraj";240;15758;498;16256;NA;87395;738;2021-02-04;46085
2021-02-03;"Banskobystrický kraj";350;10785;312;11097;NA;87395;662;2021-02-03;45347
2021-02-02;"Banskobystrický kraj";277;18341;390;18731;NA;87395;667;2021-02-02;44685
2021-02-01;"Banskobystrický kraj";75;28706;624;29330;NA;87395;699;2021-02-01;44018
2021-01-31;"Banskobystrický kraj";34;22387;260;22647;NA;87395;294;2021-01-31;43319
2021-01-30;"Banskobystrický kraj";163;68753;602;69355;NA;87395;765;2021-01-30;43025
2021-01-29;"Banskobystrický kraj";196;19832;334;20166;NA;87395;530;2021-01-29;42260
2021-01-28;"Banskobystrický kraj";218;15190;414;15604;NA;87395;632;2021-01-28;41730
2021-01-27;"Banskobystrický kraj";191;9183;260;9443;NA;87395;451;2021-01-27;41098
2021-01-26;"Banskobystrický kraj";238;21295;347;21642;NA;87395;585;2021-01-26;40647
2021-01-25;"Banskobystrický kraj";82;35105;458;35563;NA;87395;540;2021-01-25;40062
2021-01-24;"Banskobystrický kraj";38;38058;331;38389;NA;87395;369;2021-01-24;39522
2021-01-23;"Banskobystrický kraj";142;93211;596;93807;NA;87395;738;2021-01-23;39153
2021-01-22;"Banskobystrický kraj";175;30054;452;30506;NA;87395;627;2021-01-22;38415
2021-01-21;"Banskobystrický kraj";194;21222;591;21813;NA;87395;785;2021-01-21;37788
2021-01-20;"Banskobystrický kraj";231;10511;230;10741;NA;87395;461;2021-01-20;37003
2021-01-19;"Banskobystrický kraj";213;12365;364;12729;NA;87395;577;2021-01-19;36542
2021-01-18;"Banskobystrický kraj";94;9112;519;9631;NA;87395;613;2021-01-18;35965
2021-01-17;"Banskobystrický kraj";110;8186;78;8264;NA;87395;188;2021-01-17;35352
2021-01-16;"Banskobystrický kraj";58;2284;58;2342;NA;87395;116;2021-01-16;35164
2021-01-15;"Banskobystrický kraj";164;9454;265;9719;NA;87395;429;2021-01-15;35048
2021-01-14;"Banskobystrický kraj";220;7536;378;7914;NA;87395;598;2021-01-14;34619
2021-01-13;"Banskobystrický kraj";235;6989;270;7259;NA;87395;505;2021-01-13;34021
2021-01-12;"Banskobystrický kraj";194;8192;361;8553;NA;87395;555;2021-01-12;33516
2021-01-11;"Banskobystrický kraj";76;9286;532;9818;NA;87395;608;2021-01-11;32961
2021-01-10;"Banskobystrický kraj";110;236;4;240;NA;87395;114;2021-01-10;32353
2021-01-09;"Banskobystrický kraj";297;2378;81;2459;NA;87395;378;2021-01-09;32239
2021-01-08;"Banskobystrický kraj";435;10424;485;10909;NA;87395;920;2021-01-08;31861
2021-01-07;"Banskobystrický kraj";127;7019;410;7429;NA;87395;537;2021-01-07;30941
2021-01-06;"Banskobystrický kraj";305;3185;186;3371;NA;87395;491;2021-01-06;30404
2021-01-05;"Banskobystrický kraj";372;8025;592;8617;NA;87395;964;2021-01-05;29913
2021-01-04;"Banskobystrický kraj";130;7947;779;8726;NA;87395;909;2021-01-04;28949
2021-01-03;"Banskobystrický kraj";199;321;20;341;NA;87395;219;2021-01-03;28040
2021-01-02;"Banskobystrický kraj";123;723;88;811;NA;87395;211;2021-01-02;27821
2021-01-01;"Banskobystrický kraj";220;1996;141;2137;NA;87395;361;2021-01-01;27610
2020-12-31;"Banskobystrický kraj";499;8488;688;9176;NA;87395;1187;2020-12-31;27249
2020-12-30;"Banskobystrický kraj";593;7802;562;8364;NA;87395;1155;2020-12-30;26062
2020-12-29;"Banskobystrický kraj";240;8306;669;8975;NA;87395;909;2020-12-29;24907
2020-12-28;"Banskobystrický kraj";131;6173;712;6885;NA;87395;843;2020-12-28;23998
2020-12-27;"Banskobystrický kraj";116;556;31;587;NA;87395;147;2020-12-27;23155
2020-12-26;"Banskobystrický kraj";61;316;38;354;NA;87395;99;2020-12-26;23008
2020-12-25;"Banskobystrický kraj";65;320;10;330;NA;87395;75;2020-12-25;22909
2020-12-24;"Banskobystrický kraj";452;3797;139;3936;NA;87395;591;2020-12-24;22834
2020-12-23;"Banskobystrický kraj";368;10232;509;10741;NA;87395;877;2020-12-23;22243
2020-12-22;"Banskobystrický kraj";307;8607;638;9245;NA;87395;945;2020-12-22;21366
2020-12-21;"Banskobystrický kraj";286;4896;454;5350;NA;87395;740;2020-12-21;20421
2020-12-20;"Banskobystrický kraj";155;268;14;282;NA;87395;169;2020-12-20;19681
2020-12-19;"Banskobystrický kraj";170;3239;139;3378;NA;87395;309;2020-12-19;19512
2020-12-18;"Banskobystrický kraj";432;6458;379;6837;NA;87395;811;2020-12-18;19203
2020-12-17;"Banskobystrický kraj";468;9060;681;9741;NA;87395;1149;2020-12-17;18392
2020-12-16;"Banskobystrický kraj";379;10488;581;11069;NA;87395;960;2020-12-16;17243
2020-12-15;"Banskobystrický kraj";336;6018;515;6533;NA;87395;851;2020-12-15;16283
2020-12-14;"Banskobystrický kraj";148;4035;261;4296;NA;87395;409;2020-12-14;15432
2020-12-13;"Banskobystrický kraj";122;165;1;166;NA;87395;123;2020-12-13;15023
2020-12-12;"Banskobystrický kraj";137;2744;138;2882;NA;87395;275;2020-12-12;14900
2020-12-11;"Banskobystrický kraj";468;6935;406;7341;NA;87395;874;2020-12-11;14625
2020-12-10;"Banskobystrický kraj";280;6226;491;6717;NA;87395;771;2020-12-10;13751
2020-12-09;"Banskobystrický kraj";323;4050;216;4266;NA;87395;539;2020-12-09;12980
2020-12-08;"Banskobystrický kraj";256;4259;336;4595;NA;87395;592;2020-12-08;12441
2020-12-07;"Banskobystrický kraj";175;2554;160;2714;NA;87395;335;2020-12-07;11849
2020-12-06;"Banskobystrický kraj";121;540;11;551;NA;87395;132;2020-12-06;11514
2020-12-05;"Banskobystrický kraj";109;1524;43;1567;NA;87395;152;2020-12-05;11382
2020-12-04;"Banskobystrický kraj";339;4357;190;4547;NA;87395;529;2020-12-04;11230
2020-12-03;"Banskobystrický kraj";240;4312;393;4705;NA;87395;633;2020-12-03;10701
2020-12-02;"Banskobystrický kraj";217;5033;210;5243;NA;87395;427;2020-12-02;10068
2020-12-01;"Banskobystrický kraj";215;3158;144;3302;NA;87395;359;2020-12-01;9641
2020-11-30;"Banskobystrický kraj";74;5156;265;5421;NA;87395;339;2020-11-30;9282
2020-11-29;"Banskobystrický kraj";19;97;3;100;NA;87395;22;2020-11-29;8943
2020-11-28;"Banskobystrický kraj";81;129;7;136;NA;87395;88;2020-11-28;8921
2020-11-27;"Banskobystrický kraj";219;336;3;339;NA;87395;222;2020-11-27;8833
2020-11-26;"Banskobystrický kraj";208;257;2;259;NA;87395;210;2020-11-26;8611
2020-11-25;"Banskobystrický kraj";170;127;2;129;NA;87395;172;2020-11-25;8401
2020-11-24;"Banskobystrický kraj";166;304;2;306;NA;87395;168;2020-11-24;8229
2020-11-23;"Banskobystrický kraj";66;292;3;295;NA;87395;69;2020-11-23;8061
2020-11-22;"Banskobystrický kraj";38;0;0;0;NA;87395;38;2020-11-22;7992
2020-11-21;"Banskobystrický kraj";52;0;0;0;NA;87395;52;2020-11-21;7954
2020-11-20;"Banskobystrický kraj";127;133;2;135;NA;87395;129;2020-11-20;7902
2020-11-19;"Banskobystrický kraj";170;106;0;106;NA;87395;170;2020-11-19;7773
2020-11-18;"Banskobystrický kraj";153;111;3;114;NA;87395;156;2020-11-18;7603
2020-11-17;"Banskobystrický kraj";52;0;0;0;NA;87395;52;2020-11-17;7447
2020-11-16;"Banskobystrický kraj";106;45;0;45;NA;87395;106;2020-11-16;7395
2020-11-15;"Banskobystrický kraj";52;0;0;0;NA;87395;52;2020-11-15;7289
2020-11-14;"Banskobystrický kraj";73;0;0;0;NA;87395;73;2020-11-14;7237
2020-11-13;"Banskobystrický kraj";157;0;0;0;NA;87395;157;2020-11-13;7164
2020-11-12;"Banskobystrický kraj";218;0;0;0;NA;87395;218;2020-11-12;7007
2020-11-11;"Banskobystrický kraj";224;0;0;0;NA;87395;224;2020-11-11;6789
2020-11-10;"Banskobystrický kraj";263;0;0;0;NA;87395;263;2020-11-10;6565
2020-11-09;"Banskobystrický kraj";80;0;0;0;NA;87395;80;2020-11-09;6302
2020-11-08;"Banskobystrický kraj";82;0;0;0;NA;87395;82;2020-11-08;6222
2020-11-07;"Banskobystrický kraj";164;0;0;0;NA;87395;164;2020-11-07;6140
2020-11-06;"Banskobystrický kraj";227;0;0;0;NA;87395;227;2020-11-06;5976
2020-11-05;"Banskobystrický kraj";240;0;0;0;NA;87395;240;2020-11-05;5749
2020-11-04;"Banskobystrický kraj";254;0;0;0;NA;87395;254;2020-11-04;5509
2020-11-03;"Banskobystrický kraj";246;0;0;0;NA;87395;246;2020-11-03;5255
2020-11-02;"Banskobystrický kraj";90;0;0;0;NA;87395;90;2020-11-02;5009
2020-11-01;"Banskobystrický kraj";101;0;0;0;NA;87395;101;2020-11-01;4919
2020-10-31;"Banskobystrický kraj";199;0;0;0;NA;87395;199;2020-10-31;4818
2020-10-30;"Banskobystrický kraj";254;0;0;0;NA;87395;254;2020-10-30;4619
2020-10-29;"Banskobystrický kraj";372;0;0;0;NA;87395;372;2020-10-29;4365
2020-10-28;"Banskobystrický kraj";285;0;0;0;NA;87395;285;2020-10-28;3993
2020-10-27;"Banskobystrický kraj";266;0;0;0;NA;87395;266;2020-10-27;3708
2020-10-26;"Banskobystrický kraj";38;0;0;0;NA;87395;38;2020-10-26;3442
2020-10-25;"Banskobystrický kraj";50;0;0;0;NA;87395;50;2020-10-25;3404
2020-10-24;"Banskobystrický kraj";315;0;0;0;NA;87395;315;2020-10-24;3354
2020-10-23;"Banskobystrický kraj";231;0;0;0;NA;87395;231;2020-10-23;3039
2020-10-22;"Banskobystrický kraj";264;0;0;0;NA;87395;264;2020-10-22;2808
2020-10-21;"Banskobystrický kraj";209;0;0;0;NA;87395;209;2020-10-21;2544
2020-10-20;"Banskobystrický kraj";210;0;0;0;NA;87395;210;2020-10-20;2335
2020-10-19;"Banskobystrický kraj";27;0;0;0;NA;87395;27;2020-10-19;2125
2020-10-18;"Banskobystrický kraj";49;0;0;0;NA;87395;49;2020-10-18;2098
2020-10-17;"Banskobystrický kraj";91;0;0;0;NA;87395;91;2020-10-17;2049
2020-10-16;"Banskobystrický kraj";224;0;0;0;NA;87395;224;2020-10-16;1958
2020-10-15;"Banskobystrický kraj";133;0;0;0;NA;87395;133;2020-10-15;1734
2020-10-14;"Banskobystrický kraj";139;0;0;0;NA;87395;139;2020-10-14;1601
2020-10-13;"Banskobystrický kraj";151;0;0;0;NA;87395;151;2020-10-13;1462
2020-10-12;"Banskobystrický kraj";11;0;0;0;NA;87395;11;2020-10-12;1311
2020-10-11;"Banskobystrický kraj";14;0;0;0;NA;87395;14;2020-10-11;1300
2020-10-10;"Banskobystrický kraj";53;0;0;0;NA;87395;53;2020-10-10;1286
2020-10-09;"Banskobystrický kraj";128;0;0;0;NA;87395;128;2020-10-09;1233
2020-10-08;"Banskobystrický kraj";99;0;0;0;NA;87395;99;2020-10-08;1105
2020-10-07;"Banskobystrický kraj";124;0;0;0;NA;87395;124;2020-10-07;1006
2020-10-06;"Banskobystrický kraj";68;0;0;0;NA;87395;68;2020-10-06;882
2020-10-05;"Banskobystrický kraj";49;0;0;0;NA;87395;49;2020-10-05;814
2020-10-04;"Banskobystrický kraj";8;0;0;0;NA;87395;8;2020-10-04;765
2020-10-03;"Banskobystrický kraj";37;0;0;0;NA;87395;37;2020-10-03;757
2020-10-02;"Banskobystrický kraj";74;0;0;0;NA;87395;74;2020-10-02;720
2020-10-01;"Banskobystrický kraj";49;0;0;0;NA;87395;49;2020-10-01;646
2020-09-30;"Banskobystrický kraj";60;0;0;0;NA;87395;60;2020-09-30;597
2020-09-29;"Banskobystrický kraj";24;0;0;0;NA;87395;24;2020-09-29;537
2020-09-28;"Banskobystrický kraj";0;0;0;0;NA;87395;0;2020-09-28;513
2020-09-27;"Banskobystrický kraj";20;0;0;0;NA;87395;20;2020-09-27;513
2020-09-26;"Banskobystrický kraj";24;0;0;0;NA;87395;24;2020-09-26;493
2020-09-25;"Banskobystrický kraj";29;0;0;0;NA;87395;29;2020-09-25;469
2020-09-24;"Banskobystrický kraj";25;0;0;0;NA;87395;25;2020-09-24;440
2020-09-23;"Banskobystrický kraj";17;0;0;0;NA;87395;17;2020-09-23;415
2020-09-22;"Banskobystrický kraj";25;0;0;0;NA;87395;25;2020-09-22;398
2020-09-21;"Banskobystrický kraj";3;0;0;0;NA;87395;3;2020-09-21;373
2020-09-20;"Banskobystrický kraj";0;0;0;0;NA;87395;0;2020-09-20;370
2020-09-19;"Banskobystrický kraj";3;0;0;0;NA;87395;3;2020-09-19;370
2020-09-18;"Banskobystrický kraj";24;0;0;0;NA;87395;24;2020-09-18;367
2020-09-17;"Banskobystrický kraj";14;0;0;0;NA;87395;14;2020-09-17;343
2020-09-16;"Banskobystrický kraj";6;0;0;0;NA;87395;6;2020-09-16;329
2020-09-15;"Banskobystrický kraj";2;0;0;0;NA;87395;2;2020-09-15;323
2020-09-14;"Banskobystrický kraj";13;0;0;0;NA;87395;13;2020-09-14;321
2020-09-13;"Banskobystrický kraj";1;0;0;0;NA;87395;1;2020-09-13;308
2020-09-12;"Banskobystrický kraj";5;0;0;0;NA;87395;5;2020-09-12;307
2020-09-11;"Banskobystrický kraj";19;0;0;0;NA;87395;19;2020-09-11;302
2020-09-10;"Banskobystrický kraj";11;0;0;0;NA;87395;11;2020-09-10;283
2020-09-09;"Banskobystrický kraj";13;0;0;0;NA;87395;13;2020-09-09;272
2020-09-08;"Banskobystrický kraj";5;0;0;0;NA;87395;5;2020-09-08;259
2020-09-07;"Banskobystrický kraj";2;0;0;0;NA;87395;2;2020-09-07;254
2020-09-06;"Banskobystrický kraj";0;0;0;0;NA;87395;0;2020-09-06;252
2020-09-05;"Banskobystrický kraj";0;0;0;0;NA;87395;0;2020-09-05;252
2020-09-04;"Banskobystrický kraj";9;0;0;0;NA;87395;9;2020-09-04;252
2020-09-03;"Banskobystrický kraj";5;0;0;0;NA;87395;5;2020-09-03;243
2020-09-02;"Banskobystrický kraj";6;0;0;0;NA;87395;6;2020-09-02;238
2020-09-01;"Banskobystrický kraj";2;0;0;0;NA;87395;2;2020-09-01;232
2020-08-31;"Banskobystrický kraj";6;0;0;0;NA;87395;6;2020-08-31;230
2020-08-30;"Banskobystrický kraj";0;0;0;0;NA;87395;0;2020-08-30;224
2020-08-29;"Banskobystrický kraj";1;0;0;0;NA;87395;1;2020-08-29;224
2020-08-28;"Banskobystrický kraj";3;0;0;0;NA;87395;3;2020-08-28;223
2020-08-27;"Banskobystrický kraj";1;0;0;0;NA;87395;1;2020-08-27;220
2020-08-26;"Banskobystrický kraj";2;0;0;0;NA;87395;2;2020-08-26;219
2020-08-25;"Banskobystrický kraj";2;0;0;0;NA;87395;2;2020-08-25;217
2020-08-24;"Banskobystrický kraj";0;0;0;0;NA;87395;0;2020-08-24;215
2020-08-23;"Banskobystrický kraj";0;0;0;0;NA;87395;0;2020-08-23;215
2020-08-22;"Banskobystrický kraj";0;0;0;0;NA;87395;0;2020-08-22;215
2020-08-21;"Banskobystrický kraj";4;0;0;0;NA;87395;4;2020-08-21;215
2020-08-20;"Banskobystrický kraj";1;0;0;0;NA;87395;1;2020-08-20;211
2020-08-19;"Banskobystrický kraj";4;0;0;0;NA;87395;4;2020-08-19;210
2020-08-18;"Banskobystrický kraj";0;0;0;0;NA;87395;0;2020-08-18;206
2020-08-17;"Banskobystrický kraj";1;0;0;0;NA;87395;1;2020-08-17;206
2020-08-16;"Banskobystrický kraj";0;0;0;0;NA;87395;0;2020-08-16;205
2020-08-15;"Banskobystrický kraj";0;0;0;0;NA;87395;0;2020-08-15;205
2020-08-14;"Banskobystrický kraj";5;0;0;0;NA;87395;5;2020-08-14;205
2020-08-13;"Banskobystrický kraj";0;0;0;0;NA;87395;0;2020-08-13;200
2020-08-12;"Banskobystrický kraj";0;0;0;0;NA;87395;0;2020-08-12;200
2020-08-11;"Banskobystrický kraj";2;0;0;0;NA;87395;2;2020-08-11;200
2020-08-10;"Banskobystrický kraj";3;0;0;0;NA;87395;3;2020-08-10;198
2020-08-09;"Banskobystrický kraj";0;0;0;0;NA;87395;0;2020-08-09;195
2020-08-08;"Banskobystrický kraj";2;0;0;0;NA;87395;2;2020-08-08;195
2020-08-07;"Banskobystrický kraj";1;0;0;0;NA;87395;1;2020-08-07;193
2020-08-06;"Banskobystrický kraj";1;0;0;0;NA;87395;1;2020-08-06;192
2020-08-05;"Banskobystrický kraj";0;0;0;0;NA;87395;0;2020-08-05;191
2020-08-04;"Banskobystrický kraj";3;0;0;0;NA;87395;3;2020-08-04;191
2020-08-03;"Banskobystrický kraj";0;0;0;0;NA;87395;0;2020-08-03;188
2020-08-02;"Banskobystrický kraj";0;0;0;0;NA;87395;0;2020-08-02;188
2020-08-01;"Banskobystrický kraj";1;0;0;0;NA;87395;1;2020-08-01;188
2020-07-31;"Banskobystrický kraj";2;0;0;0;NA;87395;2;2020-07-31;187
2020-07-30;"Banskobystrický kraj";1;0;0;0;NA;87395;1;2020-07-30;185
2020-07-29;"Banskobystrický kraj";0;0;0;0;NA;87395;0;2020-07-29;184
2020-07-28;"Banskobystrický kraj";2;0;0;0;NA;87395;2;2020-07-28;184
2020-07-27;"Banskobystrický kraj";3;0;0;0;NA;87395;3;2020-07-27;182
2020-07-26;"Banskobystrický kraj";0;0;0;0;NA;87395;0;2020-07-26;179
2020-07-25;"Banskobystrický kraj";0;0;0;0;NA;87395;0;2020-07-25;179
2020-07-24;"Banskobystrický kraj";9;0;0;0;NA;87395;9;2020-07-24;179
2020-07-23;"Banskobystrický kraj";0;0;0;0;NA;87395;0;2020-07-23;170
2020-07-22;"Banskobystrický kraj";3;0;0;0;NA;87395;3;2020-07-22;170
2020-07-21;"Banskobystrický kraj";3;0;0;0;NA;87395;3;2020-07-21;167
2020-07-20;"Banskobystrický kraj";1;0;0;0;NA;87395;1;2020-07-20;164
2020-07-19;"Banskobystrický kraj";1;0;0;0;NA;87395;1;2020-07-19;163
2020-07-18;"Banskobystrický kraj";0;0;0;0;NA;87395;0;2020-07-18;162
2020-07-17;"Banskobystrický kraj";2;0;0;0;NA;87395;2;2020-07-17;162
2020-07-16;"Banskobystrický kraj";1;0;0;0;NA;87395;1;2020-07-16;160
2020-07-15;"Banskobystrický kraj";4;0;0;0;NA;87395;4;2020-07-15;159
2020-07-14;"Banskobystrický kraj";2;0;0;0;NA;87395;2;2020-07-14;155
2020-07-13;"Banskobystrický kraj";1;0;0;0;NA;87395;1;2020-07-13;153
2020-07-12;"Banskobystrický kraj";0;0;0;0;NA;87395;0;2020-07-12;152
2020-07-11;"Banskobystrický kraj";0;0;0;0;NA;87395;0;2020-07-11;152
2020-07-10;"Banskobystrický kraj";3;0;0;0;NA;87395;3;2020-07-10;152
2020-07-09;"Banskobystrický kraj";9;0;0;0;NA;87395;9;2020-07-09;149
2020-07-08;"Banskobystrický kraj";0;0;0;0;NA;87395;0;2020-07-08;140
2020-07-07;"Banskobystrický kraj";4;0;0;0;NA;87395;4;2020-07-07;140
2020-07-06;"Banskobystrický kraj";0;0;0;0;NA;87395;0;2020-07-06;136
2020-07-05;"Banskobystrický kraj";0;0;0;0;NA;87395;0;2020-07-05;136
2020-07-04;"Banskobystrický kraj";1;0;0;0;NA;87395;1;2020-07-04;136
2020-07-03;"Banskobystrický kraj";4;0;0;0;NA;87395;4;2020-07-03;135
2020-07-02;"Banskobystrický kraj";0;0;0;0;NA;87395;0;2020-07-02;131
2020-07-01;"Banskobystrický kraj";1;0;0;0;NA;87395;1;2020-07-01;131
2020-06-30;"Banskobystrický kraj";0;0;0;0;NA;87395;0;2020-06-30;130
2020-06-29;"Banskobystrický kraj";0;0;0;0;NA;87395;0;2020-06-29;130
2020-06-28;"Banskobystrický kraj";0;0;0;0;NA;87395;0;2020-06-28;130
2020-06-27;"Banskobystrický kraj";0;0;0;0;NA;87395;0;2020-06-27;130
2020-06-26;"Banskobystrický kraj";0;0;0;0;NA;87395;0;2020-06-26;130
2020-06-25;"Banskobystrický kraj";1;0;0;0;NA;87395;1;2020-06-25;130
2020-06-24;"Banskobystrický kraj";0;0;0;0;NA;87395;0;2020-06-24;129
2020-06-23;"Banskobystrický kraj";6;0;0;0;NA;87395;6;2020-06-23;129
2020-06-22;"Banskobystrický kraj";0;0;0;0;NA;87395;0;2020-06-22;123
2020-06-21;"Banskobystrický kraj";0;0;0;0;NA;87395;0;2020-06-21;123
2020-06-20;"Banskobystrický kraj";0;0;0;0;NA;87395;0;2020-06-20;123
2020-06-19;"Banskobystrický kraj";2;0;0;0;NA;87395;2;2020-06-19;123
2020-06-18;"Banskobystrický kraj";10;0;0;0;NA;87395;10;2020-06-18;121
2020-06-17;"Banskobystrický kraj";1;0;0;0;NA;87395;1;2020-06-17;111
2020-06-16;"Banskobystrický kraj";0;0;0;0;NA;87395;0;2020-06-16;110
2020-06-14;"Banskobystrický kraj";2;0;0;0;NA;87395;2;2020-06-14;110
2020-06-13;"Banskobystrický kraj";2;0;0;0;NA;87395;2;2020-06-13;108
2020-06-12;"Banskobystrický kraj";0;0;0;0;NA;87395;0;2020-06-12;106
2020-06-11;"Banskobystrický kraj";1;0;0;0;NA;87395;1;2020-06-11;106
2020-06-10;"Banskobystrický kraj";0;0;0;0;NA;87395;0;2020-06-10;105
2020-06-09;"Banskobystrický kraj";0;0;0;0;NA;87395;0;2020-06-09;105
2020-06-08;"Banskobystrický kraj";0;0;0;0;NA;87395;0;2020-06-08;105
2020-06-07;"Banskobystrický kraj";0;0;0;0;NA;87395;0;2020-06-07;105
2020-06-05;"Banskobystrický kraj";2;0;0;0;NA;87395;2;2020-06-05;105
2020-06-03;"Banskobystrický kraj";0;0;0;0;NA;87395;0;2020-06-03;103
2020-06-02;"Banskobystrický kraj";0;0;0;0;NA;87395;0;2020-06-02;103
2020-05-31;"Banskobystrický kraj";0;0;0;0;NA;87395;0;2020-05-31;103
2020-05-29;"Banskobystrický kraj";0;0;0;0;NA;87395;0;2020-05-29;103
2020-05-27;"Banskobystrický kraj";1;0;0;0;NA;87395;1;2020-05-27;103
2020-05-26;"Banskobystrický kraj";0;0;0;0;NA;87395;0;2020-05-26;102
2020-05-25;"Banskobystrický kraj";0;0;0;0;NA;87395;0;2020-05-25;102
2020-05-24;"Banskobystrický kraj";0;0;0;0;NA;87395;0;2020-05-24;102
2020-05-23;"Banskobystrický kraj";1;0;0;0;NA;87395;1;2020-05-23;102
2020-05-22;"Banskobystrický kraj";0;0;0;0;NA;87395;0;2020-05-22;101
2020-05-21;"Banskobystrický kraj";0;0;0;0;NA;87395;0;2020-05-21;101
2020-05-20;"Banskobystrický kraj";1;0;0;0;NA;87395;1;2020-05-20;101
2020-05-19;"Banskobystrický kraj";0;0;0;0;NA;87395;0;2020-05-19;100
2020-05-17;"Banskobystrický kraj";0;0;0;0;NA;87395;0;2020-05-17;100
2020-05-16;"Banskobystrický kraj";0;0;0;0;NA;87395;0;2020-05-16;100
2020-05-15;"Banskobystrický kraj";0;0;0;0;NA;87395;0;2020-05-15;100
2020-05-14;"Banskobystrický kraj";0;0;0;0;NA;87395;0;2020-05-14;100
2020-05-13;"Banskobystrický kraj";0;0;0;0;NA;87395;0;2020-05-13;100
2020-05-12;"Banskobystrický kraj";1;0;0;0;NA;87395;1;2020-05-12;100
2020-05-11;"Banskobystrický kraj";0;0;0;0;NA;87395;0;2020-05-11;99
2020-05-09;"Banskobystrický kraj";0;0;0;0;NA;87395;0;2020-05-09;99
2020-05-07;"Banskobystrický kraj";2;0;0;0;NA;87395;2;2020-05-07;99
2020-05-06;"Banskobystrický kraj";1;0;0;0;NA;87395;1;2020-05-06;97
2020-05-05;"Banskobystrický kraj";2;0;0;0;NA;87395;2;2020-05-05;96
2020-05-04;"Banskobystrický kraj";0;0;0;0;NA;87395;0;2020-05-04;94
2020-05-03;"Banskobystrický kraj";0;0;0;0;NA;87395;0;2020-05-03;94
2020-05-02;"Banskobystrický kraj";0;0;0;0;NA;87395;0;2020-05-02;94
2020-05-01;"Banskobystrický kraj";0;0;0;0;NA;87395;0;2020-05-01;94
2020-04-30;"Banskobystrický kraj";1;0;0;0;NA;87395;1;2020-04-30;94
2020-04-29;"Banskobystrický kraj";1;0;0;0;NA;87395;1;2020-04-29;93
2020-04-28;"Banskobystrický kraj";0;0;0;0;NA;87395;0;2020-04-28;92
2020-04-27;"Banskobystrický kraj";0;0;0;0;NA;87395;0;2020-04-27;92
2020-04-26;"Banskobystrický kraj";0;0;0;0;NA;87395;0;2020-04-26;92
2020-04-25;"Banskobystrický kraj";2;0;0;0;NA;87395;2;2020-04-25;92
2020-04-24;"Banskobystrický kraj";3;0;0;0;NA;87395;3;2020-04-24;90
2020-04-23;"Banskobystrický kraj";2;0;0;0;NA;87395;2;2020-04-23;87
2020-04-22;"Banskobystrický kraj";2;0;0;0;NA;87395;2;2020-04-22;85
2020-04-21;"Banskobystrický kraj";2;0;0;0;NA;87395;2;2020-04-21;83
2020-04-20;"Banskobystrický kraj";0;0;0;0;NA;87395;0;2020-04-20;81
2020-04-19;"Banskobystrický kraj";0;0;0;0;NA;87395;0;2020-04-19;81
2020-04-18;"Banskobystrický kraj";8;0;0;0;NA;87395;8;2020-04-18;81
2020-04-17;"Banskobystrický kraj";2;0;0;0;NA;87395;2;2020-04-17;73
2020-04-16;"Banskobystrický kraj";0;0;0;0;NA;87395;0;2020-04-16;71
2020-04-15;"Banskobystrický kraj";10;0;0;0;NA;87395;10;2020-04-15;71
2020-04-14;"Banskobystrický kraj";0;0;0;0;NA;87395;0;2020-04-14;61
2020-04-13;"Banskobystrický kraj";2;0;0;0;NA;87395;2;2020-04-13;61
2020-04-12;"Banskobystrický kraj";4;0;0;0;NA;87395;4;2020-04-12;59
2020-04-11;"Banskobystrický kraj";1;0;0;0;NA;87395;1;2020-04-11;55
2020-04-10;"Banskobystrický kraj";0;0;0;0;NA;87395;0;2020-04-10;54
2020-04-09;"Banskobystrický kraj";2;0;0;0;NA;87395;2;2020-04-09;54
2020-04-08;"Banskobystrický kraj";0;0;0;0;NA;87395;0;2020-04-08;52
2020-04-07;"Banskobystrický kraj";4;0;0;0;NA;87395;4;2020-04-07;52
2020-04-06;"Banskobystrický kraj";10;0;0;0;NA;87395;10;2020-04-06;48
2020-04-05;"Banskobystrický kraj";9;0;0;0;NA;87395;9;2020-04-05;38
2020-04-04;"Banskobystrický kraj";0;0;0;0;NA;87395;0;2020-04-04;29
2020-04-03;"Banskobystrický kraj";2;0;0;0;NA;87395;2;2020-04-03;29
2020-04-02;"Banskobystrický kraj";2;0;0;0;NA;87395;2;2020-04-02;27
2020-04-01;"Banskobystrický kraj";5;0;0;0;NA;87395;5;2020-04-01;25
2020-03-31;"Banskobystrický kraj";3;0;0;0;NA;87395;3;2020-03-31;20
2020-03-30;"Banskobystrický kraj";1;0;0;0;NA;87395;1;2020-03-30;17
2020-03-29;"Banskobystrický kraj";2;0;0;0;NA;87395;2;2020-03-29;16
2020-03-28;"Banskobystrický kraj";1;0;0;0;NA;87395;1;2020-03-28;14
2020-03-27;"Banskobystrický kraj";1;0;0;0;NA;87395;1;2020-03-27;13
2020-03-26;"Banskobystrický kraj";1;0;0;0;NA;87395;1;2020-03-26;12
2020-03-25;"Banskobystrický kraj";0;0;0;0;NA;87395;0;2020-03-25;11
2020-03-24;"Banskobystrický kraj";1;0;0;0;NA;87395;1;2020-03-24;11
2020-03-23;"Banskobystrický kraj";1;0;0;0;NA;87395;1;2020-03-23;10
2020-03-22;"Banskobystrický kraj";0;0;0;0;NA;87395;0;2020-03-22;9
2020-03-21;"Banskobystrický kraj";3;0;0;0;NA;87395;3;2020-03-21;9
2020-03-20;"Banskobystrický kraj";0;0;0;0;NA;87395;0;2020-03-20;6
2020-03-19;"Banskobystrický kraj";2;0;0;0;NA;87395;2;2020-03-19;6
2020-03-18;"Banskobystrický kraj";1;0;0;0;NA;87395;1;2020-03-18;4
2020-03-17;"Banskobystrický kraj";1;0;0;0;NA;87395;1;2020-03-17;3
2020-03-16;"Banskobystrický kraj";0;0;0;0;NA;87395;0;2020-03-16;2
2020-03-15;"Banskobystrický kraj";1;0;0;0;NA;87395;1;2020-03-15;2
2020-03-14;"Banskobystrický kraj";0;0;0;0;NA;87395;0;2020-03-14;1
2020-03-13;"Banskobystrický kraj";1;0;0;0;NA;87395;1;2020-03-13;1
2020-03-12;"Banskobystrický kraj";0;0;0;0;NA;87395;0;2020-03-12;0
2020-03-11;"Banskobystrický kraj";0;0;0;0;NA;87395;0;2020-03-11;0
2020-03-09;"Banskobystrický kraj";0;0;0;0;NA;87395;0;2020-03-09;0
2020-03-08;"Banskobystrický kraj";0;0;0;0;NA;87395;0;2020-03-08;0
2020-03-07;"Banskobystrický kraj";0;0;0;0;NA;87395;0;2020-03-07;0
2020-03-06;"Banskobystrický kraj";0;0;0;0;NA;87395;0;2020-03-06;0
2021-06-14;"Bratislavský kraj";4;5487;7;5494;44306;96395;11;2021-06-14;96395
2021-06-13;"Bratislavský kraj";2;8677;10;8687;NA;96395;12;2021-06-13;96384
2021-06-12;"Bratislavský kraj";4;10609;11;10620;NA;96395;15;2021-06-12;96372
2021-06-11;"Bratislavský kraj";9;13282;21;13303;NA;96395;30;2021-06-11;96357
2021-06-10;"Bratislavský kraj";12;8511;15;8526;NA;96395;27;2021-06-10;96327
2021-06-09;"Bratislavský kraj";12;7575;12;7587;NA;96395;24;2021-06-09;96300
2021-06-08;"Bratislavský kraj";13;7920;32;7952;NA;96395;45;2021-06-08;96276
2021-06-07;"Bratislavský kraj";13;9324;44;9368;NA;96395;57;2021-06-07;96231
2021-06-06;"Bratislavský kraj";3;10513;22;10535;NA;96395;25;2021-06-06;96174
2021-06-05;"Bratislavský kraj";2;12195;15;12210;NA;96395;17;2021-06-05;96149
2021-06-04;"Bratislavský kraj";10;13884;30;13914;NA;96395;40;2021-06-04;96132
2021-06-03;"Bratislavský kraj";12;9608;21;9629;NA;96395;33;2021-06-03;96092
2021-06-02;"Bratislavský kraj";10;8831;22;8853;NA;96395;32;2021-06-02;96059
2021-06-01;"Bratislavský kraj";3;8883;31;8914;NA;96395;34;2021-06-01;96027
2021-05-31;"Bratislavský kraj";18;11300;34;11334;NA;96395;52;2021-05-31;95993
2021-05-30;"Bratislavský kraj";1;11861;17;11878;NA;96395;18;2021-05-30;95941
2021-05-29;"Bratislavský kraj";4;12061;10;12071;NA;96395;14;2021-05-29;95923
2021-05-28;"Bratislavský kraj";14;16172;22;16194;NA;96395;36;2021-05-28;95909
2021-05-27;"Bratislavský kraj";5;11555;18;11573;NA;96395;23;2021-05-27;95873
2021-05-26;"Bratislavský kraj";20;10892;18;10910;NA;96395;38;2021-05-26;95850
2021-05-25;"Bratislavský kraj";19;11915;31;11946;NA;96395;50;2021-05-25;95812
2021-05-24;"Bratislavský kraj";12;13296;23;13319;NA;96395;35;2021-05-24;95762
2021-05-23;"Bratislavský kraj";7;13136;24;13160;NA;96395;31;2021-05-23;95727
2021-05-22;"Bratislavský kraj";6;13904;23;13927;NA;96395;29;2021-05-22;95696
2021-05-21;"Bratislavský kraj";15;19607;23;19630;NA;96395;38;2021-05-21;95667
2021-05-20;"Bratislavský kraj";15;14570;17;14587;NA;96395;32;2021-05-20;95629
2021-05-19;"Bratislavský kraj";21;12173;25;12198;NA;96395;46;2021-05-19;95597
2021-05-18;"Bratislavský kraj";14;13275;32;13307;NA;96395;46;2021-05-18;95551
2021-05-17;"Bratislavský kraj";15;14501;30;14531;NA;96395;45;2021-05-17;95505
2021-05-16;"Bratislavský kraj";12;22678;38;22716;NA;96395;50;2021-05-16;95460
2021-05-15;"Bratislavský kraj";1;19986;36;20022;NA;96395;37;2021-05-15;95410
2021-05-14;"Bratislavský kraj";15;24922;38;24960;NA;96395;53;2021-05-14;95373
2021-05-13;"Bratislavský kraj";9;17072;19;17091;NA;96395;28;2021-05-13;95320
2021-05-12;"Bratislavský kraj";11;15581;29;15610;NA;96395;40;2021-05-12;95292
2021-05-11;"Bratislavský kraj";29;17658;31;17689;NA;96395;60;2021-05-11;95252
2021-05-10;"Bratislavský kraj";27;21227;69;21296;NA;96395;96;2021-05-10;95192
2021-05-09;"Bratislavský kraj";9;30884;33;30917;NA;96395;42;2021-05-09;95096
2021-05-08;"Bratislavský kraj";5;19796;28;19824;NA;96395;33;2021-05-08;95054
2021-05-07;"Bratislavský kraj";32;30456;69;30525;NA;96395;101;2021-05-07;95021
2021-05-06;"Bratislavský kraj";19;22149;54;22203;NA;96395;73;2021-05-06;94920
2021-05-05;"Bratislavský kraj";29;16339;32;16371;NA;96395;61;2021-05-05;94847
2021-05-04;"Bratislavský kraj";46;19694;54;19748;NA;96395;100;2021-05-04;94786
2021-05-03;"Bratislavský kraj";37;23115;72;23187;NA;96395;109;2021-05-03;94686
2021-05-02;"Bratislavský kraj";38;45469;75;45544;NA;96395;113;2021-05-02;94577
2021-05-01;"Bratislavský kraj";11;41469;40;41509;NA;96395;51;2021-05-01;94464
2021-04-30;"Bratislavský kraj";43;48905;83;48988;NA;96395;126;2021-04-30;94413
2021-04-29;"Bratislavský kraj";48;31435;96;31531;NA;96395;144;2021-04-29;94287
2021-04-28;"Bratislavský kraj";40;30312;79;30391;NA;96395;119;2021-04-28;94143
2021-04-27;"Bratislavský kraj";41;31636;55;31691;NA;96395;96;2021-04-27;94024
2021-04-26;"Bratislavský kraj";59;36850;98;36948;NA;96395;157;2021-04-26;93928
2021-04-25;"Bratislavský kraj";8;61503;83;61586;NA;96395;91;2021-04-25;93771
2021-04-24;"Bratislavský kraj";28;79798;71;79869;NA;96395;99;2021-04-24;93680
2021-04-23;"Bratislavský kraj";70;53055;68;53123;NA;96395;138;2021-04-23;93581
2021-04-22;"Bratislavský kraj";39;33364;72;33436;NA;96395;111;2021-04-22;93443
2021-04-21;"Bratislavský kraj";48;34534;69;34603;NA;96395;117;2021-04-21;93332
2021-04-20;"Bratislavský kraj";58;39653;68;39721;NA;96395;126;2021-04-20;93215
2021-04-19;"Bratislavský kraj";48;43217;88;43305;NA;96395;136;2021-04-19;93089
2021-04-18;"Bratislavský kraj";35;76842;103;76945;NA;96395;138;2021-04-18;92953
2021-04-17;"Bratislavský kraj";13;89370;137;89507;NA;96395;150;2021-04-17;92815
2021-04-16;"Bratislavský kraj";62;52170;94;52264;NA;96395;156;2021-04-16;92665
2021-04-15;"Bratislavský kraj";34;35266;85;35351;NA;96395;119;2021-04-15;92509
2021-04-14;"Bratislavský kraj";65;37601;101;37702;NA;96395;166;2021-04-14;92390
2021-04-13;"Bratislavský kraj";82;39113;93;39206;NA;96395;175;2021-04-13;92224
2021-04-12;"Bratislavský kraj";77;49189;129;49318;NA;96395;206;2021-04-12;92049
2021-04-11;"Bratislavský kraj";42;68769;129;68898;NA;96395;171;2021-04-11;91843
2021-04-10;"Bratislavský kraj";14;81280;171;81451;NA;96395;185;2021-04-10;91672
2021-04-09;"Bratislavský kraj";72;44705;108;44813;NA;96395;180;2021-04-09;91487
2021-04-08;"Bratislavský kraj";71;31240;99;31339;NA;96395;170;2021-04-08;91307
2021-04-07;"Bratislavský kraj";96;42079;109;42188;NA;96395;205;2021-04-07;91137
2021-04-06;"Bratislavský kraj";94;60567;186;60753;NA;96395;280;2021-04-06;90932
2021-04-05;"Bratislavský kraj";85;20529;90;20619;NA;96395;175;2021-04-05;90652
2021-04-04;"Bratislavský kraj";37;33503;85;33588;NA;96395;122;2021-04-04;90477
2021-04-03;"Bratislavský kraj";52;84458;232;84690;NA;96395;284;2021-04-03;90355
2021-04-02;"Bratislavský kraj";33;26099;109;26208;NA;96395;142;2021-04-02;90071
2021-04-01;"Bratislavský kraj";119;62114;177;62291;NA;96395;296;2021-04-01;89929
2021-03-31;"Bratislavský kraj";105;51767;174;51941;NA;96395;279;2021-03-31;89633
2021-03-30;"Bratislavský kraj";100;45130;159;45289;NA;96395;259;2021-03-30;89354
2021-03-29;"Bratislavský kraj";153;45973;205;46178;NA;96395;358;2021-03-29;89095
2021-03-28;"Bratislavský kraj";59;63194;171;63365;NA;96395;230;2021-03-28;88737
2021-03-27;"Bratislavský kraj";53;88386;266;88652;NA;96395;319;2021-03-27;88507
2021-03-26;"Bratislavský kraj";114;65742;224;65966;NA;96395;338;2021-03-26;88188
2021-03-25;"Bratislavský kraj";76;40970;188;41158;NA;96395;264;2021-03-25;87850
2021-03-24;"Bratislavský kraj";120;34443;233;34676;NA;96395;353;2021-03-24;87586
2021-03-23;"Bratislavský kraj";138;42727;230;42957;NA;96395;368;2021-03-23;87233
2021-03-22;"Bratislavský kraj";110;47478;246;47724;NA;96395;356;2021-03-22;86865
2021-03-21;"Bratislavský kraj";54;69949;240;70189;NA;96395;294;2021-03-21;86509
2021-03-20;"Bratislavský kraj";59;82943;266;83209;NA;96395;325;2021-03-20;86215
2021-03-19;"Bratislavský kraj";139;62017;283;62300;NA;96395;422;2021-03-19;85890
2021-03-18;"Bratislavský kraj";142;39229;215;39444;NA;96395;357;2021-03-18;85468
2021-03-17;"Bratislavský kraj";177;34484;235;34719;NA;96395;412;2021-03-17;85111
2021-03-16;"Bratislavský kraj";258;40194;300;40494;NA;96395;558;2021-03-16;84699
2021-03-15;"Bratislavský kraj";180;43509;286;43795;NA;96395;466;2021-03-15;84141
2021-03-14;"Bratislavský kraj";75;60444;322;60766;NA;96395;397;2021-03-14;83675
2021-03-13;"Bratislavský kraj";110;89442;358;89800;NA;96395;468;2021-03-13;83278
2021-03-12;"Bratislavský kraj";152;62182;338;62520;NA;96395;490;2021-03-12;82810
2021-03-11;"Bratislavský kraj";178;39693;336;40029;NA;96395;514;2021-03-11;82320
2021-03-10;"Bratislavský kraj";164;35467;306;35773;NA;96395;470;2021-03-10;81806
2021-03-09;"Bratislavský kraj";242;43738;307;44045;NA;96395;549;2021-03-09;81336
2021-03-08;"Bratislavský kraj";255;46565;384;46949;NA;96395;639;2021-03-08;80787
2021-03-07;"Bratislavský kraj";142;61793;351;62144;NA;96395;493;2021-03-07;80148
2021-03-06;"Bratislavský kraj";79;83699;486;84185;NA;96395;565;2021-03-06;79655
2021-03-05;"Bratislavský kraj";238;58550;338;58888;NA;96395;576;2021-03-05;79090
2021-03-04;"Bratislavský kraj";204;40096;398;40494;NA;96395;602;2021-03-04;78514
2021-03-03;"Bratislavský kraj";250;37895;451;38346;NA;96395;701;2021-03-03;77912
2021-03-02;"Bratislavský kraj";267;48536;475;49011;NA;96395;742;2021-03-02;77211
2021-03-01;"Bratislavský kraj";320;46349;556;46905;NA;96395;876;2021-03-01;76469
2021-02-28;"Bratislavský kraj";184;67359;405;67764;NA;96395;589;2021-02-28;75593
2021-02-27;"Bratislavský kraj";151;92669;536;93205;NA;96395;687;2021-02-27;75004
2021-02-26;"Bratislavský kraj";277;56316;457;56773;NA;96395;734;2021-02-26;74317
2021-02-25;"Bratislavský kraj";277;35333;503;35836;NA;96395;780;2021-02-25;73583
2021-02-24;"Bratislavský kraj";217;33205;478;33683;NA;96395;695;2021-02-24;72803
2021-02-23;"Bratislavský kraj";257;37534;470;38004;NA;96395;727;2021-02-23;72108
2021-02-22;"Bratislavský kraj";353;42701;560;43261;NA;96395;913;2021-02-22;71381
2021-02-21;"Bratislavský kraj";185;67271;495;67766;NA;96395;680;2021-02-21;70468
2021-02-20;"Bratislavský kraj";167;89060;640;89700;NA;96395;807;2021-02-20;69788
2021-02-19;"Bratislavský kraj";280;55308;507;55815;NA;96395;787;2021-02-19;68981
2021-02-18;"Bratislavský kraj";263;30451;428;30879;NA;96395;691;2021-02-18;68194
2021-02-17;"Bratislavský kraj";264;28014;369;28383;NA;96395;633;2021-02-17;67503
2021-02-16;"Bratislavský kraj";289;32921;401;33322;NA;96395;690;2021-02-16;66870
2021-02-15;"Bratislavský kraj";248;44774;480;45254;NA;96395;728;2021-02-15;66180
2021-02-14;"Bratislavský kraj";153;71408;491;71899;NA;96395;644;2021-02-14;65452
2021-02-13;"Bratislavský kraj";173;83107;626;83733;NA;96395;799;2021-02-13;64808
2021-02-12;"Bratislavský kraj";282;43574;433;44007;NA;96395;715;2021-02-12;64009
2021-02-11;"Bratislavský kraj";337;30785;353;31138;NA;96395;690;2021-02-11;63294
2021-02-10;"Bratislavský kraj";314;30824;445;31269;NA;96395;759;2021-02-10;62604
2021-02-09;"Bratislavský kraj";287;45280;561;45841;NA;96395;848;2021-02-09;61845
2021-02-08;"Bratislavský kraj";484;40368;486;40854;NA;96395;970;2021-02-08;60997
2021-02-07;"Bratislavský kraj";243;59120;494;59614;NA;96395;737;2021-02-07;60027
2021-02-06;"Bratislavský kraj";116;77944;645;78589;NA;96395;761;2021-02-06;59290
2021-02-05;"Bratislavský kraj";327;31494;438;31932;NA;96395;765;2021-02-05;58529
2021-02-04;"Bratislavský kraj";555;20035;369;20404;NA;96395;924;2021-02-04;57764
2021-02-03;"Bratislavský kraj";161;15066;397;15463;NA;96395;558;2021-02-03;56840
2021-02-02;"Bratislavský kraj";397;32316;592;32908;NA;96395;989;2021-02-02;56282
2021-02-01;"Bratislavský kraj";221;42543;560;43103;NA;96395;781;2021-02-01;55293
2021-01-31;"Bratislavský kraj";180;44731;520;45251;NA;96395;700;2021-01-31;54512
2021-01-30;"Bratislavský kraj";310;63263;642;63905;NA;96395;952;2021-01-30;53812
2021-01-29;"Bratislavský kraj";344;19623;401;20024;NA;96395;745;2021-01-29;52860
2021-01-28;"Bratislavský kraj";307;14259;369;14628;NA;96395;676;2021-01-28;52115
2021-01-27;"Bratislavský kraj";336;26460;389;26849;NA;96395;725;2021-01-27;51439
2021-01-26;"Bratislavský kraj";297;26480;371;26851;NA;96395;668;2021-01-26;50714
2021-01-25;"Bratislavský kraj";356;27860;305;28165;NA;96395;661;2021-01-25;50046
2021-01-24;"Bratislavský kraj";175;41725;472;42197;NA;96395;647;2021-01-24;49385
2021-01-23;"Bratislavský kraj";396;101747;873;102620;NA;96395;1269;2021-01-23;48738
2021-01-22;"Bratislavský kraj";199;51311;440;51751;NA;96395;639;2021-01-22;47469
2021-01-21;"Bratislavský kraj";255;113351;1413;114764;NA;96395;1668;2021-01-21;46830
2021-01-20;"Bratislavský kraj";360;35099;576;35675;NA;96395;936;2021-01-20;45162
2021-01-19;"Bratislavský kraj";375;20407;428;20835;NA;96395;803;2021-01-19;44226
2021-01-18;"Bratislavský kraj";357;15175;768;15943;NA;96395;1125;2021-01-18;43423
2021-01-17;"Bratislavský kraj";244;628;37;665;NA;96395;281;2021-01-17;42298
2021-01-16;"Bratislavský kraj";70;3371;180;3551;NA;96395;250;2021-01-16;42017
2021-01-15;"Bratislavský kraj";251;8264;274;8538;NA;96395;525;2021-01-15;41767
2021-01-14;"Bratislavský kraj";363;9191;294;9485;NA;96395;657;2021-01-14;41242
2021-01-13;"Bratislavský kraj";336;9751;353;10104;NA;96395;689;2021-01-13;40585
2021-01-12;"Bratislavský kraj";450;12456;492;12948;NA;96395;942;2021-01-12;39896
2021-01-11;"Bratislavský kraj";397;21169;387;21556;NA;96395;784;2021-01-11;38954
2021-01-10;"Bratislavský kraj";252;1746;85;1831;NA;96395;337;2021-01-10;38170
2021-01-09;"Bratislavský kraj";351;5512;317;5829;NA;96395;668;2021-01-09;37833
2021-01-08;"Bratislavský kraj";556;10976;451;11427;NA;96395;1007;2021-01-08;37165
2021-01-07;"Bratislavský kraj";537;8858;443;9301;NA;96395;980;2021-01-07;36158
2021-01-06;"Bratislavský kraj";271;3950;234;4184;NA;96395;505;2021-01-06;35178
2021-01-05;"Bratislavský kraj";619;12165;884;13049;NA;96395;1503;2021-01-05;34673
2021-01-04;"Bratislavský kraj";601;10096;626;10722;NA;96395;1227;2021-01-04;33170
2021-01-03;"Bratislavský kraj";77;602;53;655;NA;96395;130;2021-01-03;31943
2021-01-02;"Bratislavský kraj";185;666;72;738;NA;96395;257;2021-01-02;31813
2021-01-01;"Bratislavský kraj";235;3509;139;3648;NA;96395;374;2021-01-01;31556
2020-12-31;"Bratislavský kraj";925;16775;589;17364;NA;96395;1514;2020-12-31;31182
2020-12-30;"Bratislavský kraj";650;10708;591;11299;NA;96395;1241;2020-12-30;29668
2020-12-29;"Bratislavský kraj";303;12295;828;13123;NA;96395;1131;2020-12-29;28427
2020-12-28;"Bratislavský kraj";255;9924;623;10547;NA;96395;878;2020-12-28;27296
2020-12-27;"Bratislavský kraj";160;858;90;948;NA;96395;250;2020-12-27;26418
2020-12-26;"Bratislavský kraj";75;700;34;734;NA;96395;109;2020-12-26;26168
2020-12-25;"Bratislavský kraj";114;673;56;729;NA;96395;170;2020-12-25;26059
2020-12-24;"Bratislavský kraj";536;4007;121;4128;NA;96395;657;2020-12-24;25889
2020-12-23;"Bratislavský kraj";416;14978;551;15529;NA;96395;967;2020-12-23;25232
2020-12-22;"Bratislavský kraj";327;18944;880;19824;NA;96395;1207;2020-12-22;24265
2020-12-21;"Bratislavský kraj";392;17744;2064;19808;NA;96395;2456;2020-12-21;23058
2020-12-20;"Bratislavský kraj";180;1079;79;1158;NA;96395;259;2020-12-20;20602
2020-12-19;"Bratislavský kraj";396;3834;152;3986;NA;96395;548;2020-12-19;20343
2020-12-18;"Bratislavský kraj";306;13187;477;13664;NA;96395;783;2020-12-18;19795
2020-12-17;"Bratislavský kraj";502;12069;448;12517;NA;96395;950;2020-12-17;19012
2020-12-16;"Bratislavský kraj";282;15070;579;15649;NA;96395;861;2020-12-16;18062
2020-12-15;"Bratislavský kraj";423;13472;557;14029;NA;96395;980;2020-12-15;17201
2020-12-14;"Bratislavský kraj";279;9036;326;9362;NA;96395;605;2020-12-14;16221
2020-12-13;"Bratislavský kraj";125;277;19;296;NA;96395;144;2020-12-13;15616
2020-12-12;"Bratislavský kraj";361;4377;169;4546;NA;96395;530;2020-12-12;15472
2020-12-11;"Bratislavský kraj";326;8708;320;9028;NA;96395;646;2020-12-11;14942
2020-12-10;"Bratislavský kraj";286;8205;237;8442;NA;96395;523;2020-12-10;14296
2020-12-09;"Bratislavský kraj";382;6674;228;6902;NA;96395;610;2020-12-09;13773
2020-12-08;"Bratislavský kraj";234;10262;276;10538;NA;96395;510;2020-12-08;13163
2020-12-07;"Bratislavský kraj";272;6611;198;6809;NA;96395;470;2020-12-07;12653
2020-12-06;"Bratislavský kraj";61;1711;53;1764;NA;96395;114;2020-12-06;12183
2020-12-05;"Bratislavský kraj";266;2537;53;2590;NA;96395;319;2020-12-05;12069
2020-12-04;"Bratislavský kraj";200;6364;112;6476;NA;96395;312;2020-12-04;11750
2020-12-03;"Bratislavský kraj";213;8315;122;8437;NA;96395;335;2020-12-03;11438
2020-12-02;"Bratislavský kraj";205;4775;118;4893;NA;96395;323;2020-12-02;11103
2020-12-01;"Bratislavský kraj";255;5245;216;5461;NA;96395;471;2020-12-01;10780
2020-11-30;"Bratislavský kraj";152;2446;143;2589;NA;96395;295;2020-11-30;10309
2020-11-29;"Bratislavský kraj";52;8;0;8;NA;96395;52;2020-11-29;10014
2020-11-28;"Bratislavský kraj";232;13;0;13;NA;96395;232;2020-11-28;9962
2020-11-27;"Bratislavský kraj";54;253;8;261;NA;96395;62;2020-11-27;9730
2020-11-26;"Bratislavský kraj";129;126;7;133;NA;96395;136;2020-11-26;9668
2020-11-25;"Bratislavský kraj";140;110;7;117;NA;96395;147;2020-11-25;9532
2020-11-24;"Bratislavský kraj";81;0;0;0;NA;96395;81;2020-11-24;9385
2020-11-23;"Bratislavský kraj";67;6;0;6;NA;96395;67;2020-11-23;9304
2020-11-22;"Bratislavský kraj";36;0;0;0;NA;96395;36;2020-11-22;9237
2020-11-21;"Bratislavský kraj";109;0;0;0;NA;96395;109;2020-11-21;9201
2020-11-20;"Bratislavský kraj";118;7;0;7;NA;96395;118;2020-11-20;9092
2020-11-19;"Bratislavský kraj";173;0;0;0;NA;96395;173;2020-11-19;8974
2020-11-18;"Bratislavský kraj";118;0;0;0;NA;96395;118;2020-11-18;8801
2020-11-17;"Bratislavský kraj";108;0;0;0;NA;96395;108;2020-11-17;8683
2020-11-16;"Bratislavský kraj";82;0;0;0;NA;96395;82;2020-11-16;8575
2020-11-15;"Bratislavský kraj";47;0;0;0;NA;96395;47;2020-11-15;8493
2020-11-14;"Bratislavský kraj";53;0;0;0;NA;96395;53;2020-11-14;8446
2020-11-13;"Bratislavský kraj";94;0;0;0;NA;96395;94;2020-11-13;8393
2020-11-12;"Bratislavský kraj";141;0;0;0;NA;96395;141;2020-11-12;8299
2020-11-11;"Bratislavský kraj";159;0;0;0;NA;96395;159;2020-11-11;8158
2020-11-10;"Bratislavský kraj";136;0;0;0;NA;96395;136;2020-11-10;7999
2020-11-09;"Bratislavský kraj";70;7;0;7;NA;96395;70;2020-11-09;7863
2020-11-08;"Bratislavský kraj";82;0;0;0;NA;96395;82;2020-11-08;7793
2020-11-07;"Bratislavský kraj";88;0;0;0;NA;96395;88;2020-11-07;7711
2020-11-06;"Bratislavský kraj";281;0;0;0;NA;96395;281;2020-11-06;7623
2020-11-05;"Bratislavský kraj";175;0;0;0;NA;96395;175;2020-11-05;7342
2020-11-04;"Bratislavský kraj";65;0;0;0;NA;96395;65;2020-11-04;7167
2020-11-03;"Bratislavský kraj";251;4;0;4;NA;96395;251;2020-11-03;7102
2020-11-02;"Bratislavský kraj";202;0;0;0;NA;96395;202;2020-11-02;6851
2020-11-01;"Bratislavský kraj";227;0;0;0;NA;96395;227;2020-11-01;6649
2020-10-31;"Bratislavský kraj";173;0;0;0;NA;96395;173;2020-10-31;6422
2020-10-30;"Bratislavský kraj";158;0;0;0;NA;96395;158;2020-10-30;6249
2020-10-29;"Bratislavský kraj";262;0;0;0;NA;96395;262;2020-10-29;6091
2020-10-28;"Bratislavský kraj";220;0;0;0;NA;96395;220;2020-10-28;5829
2020-10-27;"Bratislavský kraj";256;0;0;0;NA;96395;256;2020-10-27;5609
2020-10-26;"Bratislavský kraj";123;0;0;0;NA;96395;123;2020-10-26;5353
2020-10-25;"Bratislavský kraj";152;0;0;0;NA;96395;152;2020-10-25;5230
2020-10-24;"Bratislavský kraj";170;0;0;0;NA;96395;170;2020-10-24;5078
2020-10-23;"Bratislavský kraj";151;0;0;0;NA;96395;151;2020-10-23;4908
2020-10-22;"Bratislavský kraj";192;0;0;0;NA;96395;192;2020-10-22;4757
2020-10-21;"Bratislavský kraj";66;0;0;0;NA;96395;66;2020-10-21;4565
2020-10-20;"Bratislavský kraj";183;0;0;0;NA;96395;183;2020-10-20;4499
2020-10-19;"Bratislavský kraj";148;0;0;0;NA;96395;148;2020-10-19;4316
2020-10-18;"Bratislavský kraj";75;0;0;0;NA;96395;75;2020-10-18;4168
2020-10-17;"Bratislavský kraj";136;0;0;0;NA;96395;136;2020-10-17;4093
2020-10-16;"Bratislavský kraj";103;0;0;0;NA;96395;103;2020-10-16;3957
2020-10-15;"Bratislavský kraj";135;0;0;0;NA;96395;135;2020-10-15;3854
2020-10-14;"Bratislavský kraj";127;0;0;0;NA;96395;127;2020-10-14;3719
2020-10-13;"Bratislavský kraj";86;0;0;0;NA;96395;86;2020-10-13;3592
2020-10-12;"Bratislavský kraj";46;0;0;0;NA;96395;46;2020-10-12;3506
2020-10-11;"Bratislavský kraj";80;0;0;0;NA;96395;80;2020-10-11;3460
2020-10-10;"Bratislavský kraj";55;0;0;0;NA;96395;55;2020-10-10;3380
2020-10-09;"Bratislavský kraj";148;0;0;0;NA;96395;148;2020-10-09;3325
2020-10-08;"Bratislavský kraj";100;0;0;0;NA;96395;100;2020-10-08;3177
2020-10-07;"Bratislavský kraj";107;0;0;0;NA;96395;107;2020-10-07;3077
2020-10-06;"Bratislavský kraj";108;0;0;0;NA;96395;108;2020-10-06;2970
2020-10-05;"Bratislavský kraj";30;0;0;0;NA;96395;30;2020-10-05;2862
2020-10-04;"Bratislavský kraj";49;0;0;0;NA;96395;49;2020-10-04;2832
2020-10-03;"Bratislavský kraj";82;0;0;0;NA;96395;82;2020-10-03;2783
2020-10-02;"Bratislavský kraj";101;0;0;0;NA;96395;101;2020-10-02;2701
2020-10-01;"Bratislavský kraj";72;0;0;0;NA;96395;72;2020-10-01;2600
2020-09-30;"Bratislavský kraj";91;0;0;0;NA;96395;91;2020-09-30;2528
2020-09-29;"Bratislavský kraj";74;0;0;0;NA;96395;74;2020-09-29;2437
2020-09-28;"Bratislavský kraj";29;0;0;0;NA;96395;29;2020-09-28;2363
2020-09-27;"Bratislavský kraj";48;0;0;0;NA;96395;48;2020-09-27;2334
2020-09-26;"Bratislavský kraj";86;0;0;0;NA;96395;86;2020-09-26;2286
2020-09-25;"Bratislavský kraj";97;0;0;0;NA;96395;97;2020-09-25;2200
2020-09-24;"Bratislavský kraj";73;0;0;0;NA;96395;73;2020-09-24;2103
2020-09-23;"Bratislavský kraj";55;0;0;0;NA;96395;55;2020-09-23;2030
2020-09-22;"Bratislavský kraj";81;0;0;0;NA;96395;81;2020-09-22;1975
2020-09-21;"Bratislavský kraj";32;0;0;0;NA;96395;32;2020-09-21;1894
2020-09-20;"Bratislavský kraj";25;0;0;0;NA;96395;25;2020-09-20;1862
2020-09-19;"Bratislavský kraj";59;0;0;0;NA;96395;59;2020-09-19;1837
2020-09-18;"Bratislavský kraj";42;0;0;0;NA;96395;42;2020-09-18;1778
2020-09-17;"Bratislavský kraj";52;0;0;0;NA;96395;52;2020-09-17;1736
2020-09-16;"Bratislavský kraj";32;0;0;0;NA;96395;32;2020-09-16;1684
2020-09-15;"Bratislavský kraj";26;0;0;0;NA;96395;26;2020-09-15;1652
2020-09-14;"Bratislavský kraj";24;0;0;0;NA;96395;24;2020-09-14;1626
2020-09-13;"Bratislavský kraj";11;0;0;0;NA;96395;11;2020-09-13;1602
2020-09-12;"Bratislavský kraj";24;0;0;0;NA;96395;24;2020-09-12;1591
2020-09-11;"Bratislavský kraj";50;0;0;0;NA;96395;50;2020-09-11;1567
2020-09-10;"Bratislavský kraj";47;0;0;0;NA;96395;47;2020-09-10;1517
2020-09-09;"Bratislavský kraj";40;0;0;0;NA;96395;40;2020-09-09;1470
2020-09-08;"Bratislavský kraj";58;0;0;0;NA;96395;58;2020-09-08;1430
2020-09-07;"Bratislavský kraj";39;0;0;0;NA;96395;39;2020-09-07;1372
2020-09-06;"Bratislavský kraj";11;0;0;0;NA;96395;11;2020-09-06;1333
2020-09-05;"Bratislavský kraj";37;0;0;0;NA;96395;37;2020-09-05;1322
2020-09-04;"Bratislavský kraj";87;0;0;0;NA;96395;87;2020-09-04;1285
2020-09-03;"Bratislavský kraj";51;0;0;0;NA;96395;51;2020-09-03;1198
2020-09-02;"Bratislavský kraj";50;0;0;0;NA;96395;50;2020-09-02;1147
2020-09-01;"Bratislavský kraj";16;0;0;0;NA;96395;16;2020-09-01;1097
2020-08-31;"Bratislavský kraj";19;0;0;0;NA;96395;19;2020-08-31;1081
2020-08-30;"Bratislavský kraj";9;0;0;0;NA;96395;9;2020-08-30;1062
2020-08-29;"Bratislavský kraj";12;0;0;0;NA;96395;12;2020-08-29;1053
2020-08-28;"Bratislavský kraj";35;0;0;0;NA;96395;35;2020-08-28;1041
2020-08-27;"Bratislavský kraj";33;0;0;0;NA;96395;33;2020-08-27;1006
2020-08-26;"Bratislavský kraj";27;0;0;0;NA;96395;27;2020-08-26;973
2020-08-25;"Bratislavský kraj";29;0;0;0;NA;96395;29;2020-08-25;946
2020-08-24;"Bratislavský kraj";6;0;0;0;NA;96395;6;2020-08-24;917
2020-08-23;"Bratislavský kraj";45;0;0;0;NA;96395;45;2020-08-23;911
2020-08-22;"Bratislavský kraj";13;0;0;0;NA;96395;13;2020-08-22;866
2020-08-21;"Bratislavský kraj";46;0;0;0;NA;96395;46;2020-08-21;853
2020-08-20;"Bratislavský kraj";41;0;0;0;NA;96395;41;2020-08-20;807
2020-08-19;"Bratislavský kraj";27;0;0;0;NA;96395;27;2020-08-19;766
2020-08-18;"Bratislavský kraj";47;0;0;0;NA;96395;47;2020-08-18;739
2020-08-17;"Bratislavský kraj";2;0;0;0;NA;96395;2;2020-08-17;692
2020-08-16;"Bratislavský kraj";3;0;0;0;NA;96395;3;2020-08-16;690
2020-08-15;"Bratislavský kraj";18;0;0;0;NA;96395;18;2020-08-15;687
2020-08-14;"Bratislavský kraj";16;0;0;0;NA;96395;16;2020-08-14;669
2020-08-13;"Bratislavský kraj";12;0;0;0;NA;96395;12;2020-08-13;653
2020-08-12;"Bratislavský kraj";10;0;0;0;NA;96395;10;2020-08-12;641
2020-08-11;"Bratislavský kraj";23;0;0;0;NA;96395;23;2020-08-11;631
2020-08-10;"Bratislavský kraj";2;0;0;0;NA;96395;2;2020-08-10;608
2020-08-09;"Bratislavský kraj";2;0;0;0;NA;96395;2;2020-08-09;606
2020-08-08;"Bratislavský kraj";1;0;0;0;NA;96395;1;2020-08-08;604
2020-08-07;"Bratislavský kraj";9;0;0;0;NA;96395;9;2020-08-07;603
2020-08-06;"Bratislavský kraj";15;0;0;0;NA;96395;15;2020-08-06;594
2020-08-05;"Bratislavský kraj";11;0;0;0;NA;96395;11;2020-08-05;579
2020-08-04;"Bratislavský kraj";21;0;0;0;NA;96395;21;2020-08-04;568
2020-08-03;"Bratislavský kraj";7;0;0;0;NA;96395;7;2020-08-03;547
2020-08-02;"Bratislavský kraj";0;0;0;0;NA;96395;0;2020-08-02;540
2020-08-01;"Bratislavský kraj";0;0;0;0;NA;96395;0;2020-08-01;540
2020-07-31;"Bratislavský kraj";14;0;0;0;NA;96395;14;2020-07-31;540
2020-07-30;"Bratislavský kraj";6;0;0;0;NA;96395;6;2020-07-30;526
2020-07-29;"Bratislavský kraj";7;0;0;0;NA;96395;7;2020-07-29;520
2020-07-28;"Bratislavský kraj";14;0;0;0;NA;96395;14;2020-07-28;513
2020-07-27;"Bratislavský kraj";3;0;0;0;NA;96395;3;2020-07-27;499
2020-07-26;"Bratislavský kraj";0;0;0;0;NA;96395;0;2020-07-26;496
2020-07-25;"Bratislavský kraj";8;0;0;0;NA;96395;8;2020-07-25;496
2020-07-24;"Bratislavský kraj";2;0;0;0;NA;96395;2;2020-07-24;488
2020-07-23;"Bratislavský kraj";8;0;0;0;NA;96395;8;2020-07-23;486
2020-07-22;"Bratislavský kraj";11;0;0;0;NA;96395;11;2020-07-22;478
2020-07-21;"Bratislavský kraj";8;0;0;0;NA;96395;8;2020-07-21;467
2020-07-20;"Bratislavský kraj";12;0;0;0;NA;96395;12;2020-07-20;459
2020-07-19;"Bratislavský kraj";0;0;0;0;NA;96395;0;2020-07-19;447
2020-07-18;"Bratislavský kraj";2;0;0;0;NA;96395;2;2020-07-18;447
2020-07-17;"Bratislavský kraj";2;0;0;0;NA;96395;2;2020-07-17;445
2020-07-16;"Bratislavský kraj";6;0;0;0;NA;96395;6;2020-07-16;443
2020-07-15;"Bratislavský kraj";3;0;0;0;NA;96395;3;2020-07-15;437
2020-07-14;"Bratislavský kraj";2;0;0;0;NA;96395;2;2020-07-14;434
2020-07-13;"Bratislavský kraj";2;0;0;0;NA;96395;2;2020-07-13;432
2020-07-12;"Bratislavský kraj";0;0;0;0;NA;96395;0;2020-07-12;430
2020-07-11;"Bratislavský kraj";0;0;0;0;NA;96395;0;2020-07-11;430
2020-07-10;"Bratislavský kraj";8;0;0;0;NA;96395;8;2020-07-10;430
2020-07-09;"Bratislavský kraj";2;0;0;0;NA;96395;2;2020-07-09;422
2020-07-08;"Bratislavský kraj";11;0;0;0;NA;96395;11;2020-07-08;420
2020-07-07;"Bratislavský kraj";5;0;0;0;NA;96395;5;2020-07-07;409
2020-07-06;"Bratislavský kraj";1;0;0;0;NA;96395;1;2020-07-06;404
2020-07-05;"Bratislavský kraj";0;0;0;0;NA;96395;0;2020-07-05;403
2020-07-04;"Bratislavský kraj";3;0;0;0;NA;96395;3;2020-07-04;403
2020-07-03;"Bratislavský kraj";1;0;0;0;NA;96395;1;2020-07-03;400
2020-07-02;"Bratislavský kraj";0;0;0;0;NA;96395;0;2020-07-02;399
2020-07-01;"Bratislavský kraj";7;0;0;0;NA;96395;7;2020-07-01;399
2020-06-30;"Bratislavský kraj";3;0;0;0;NA;96395;3;2020-06-30;392
2020-06-29;"Bratislavský kraj";1;0;0;0;NA;96395;1;2020-06-29;389
2020-06-28;"Bratislavský kraj";0;0;0;0;NA;96395;0;2020-06-28;388
2020-06-27;"Bratislavský kraj";1;0;0;0;NA;96395;1;2020-06-27;388
2020-06-26;"Bratislavský kraj";6;0;0;0;NA;96395;6;2020-06-26;387
2020-06-25;"Bratislavský kraj";0;0;0;0;NA;96395;0;2020-06-25;381
2020-06-24;"Bratislavský kraj";3;0;0;0;NA;96395;3;2020-06-24;381
2020-06-23;"Bratislavský kraj";0;0;0;0;NA;96395;0;2020-06-23;378
2020-06-22;"Bratislavský kraj";1;0;0;0;NA;96395;1;2020-06-22;378
2020-06-21;"Bratislavský kraj";0;0;0;0;NA;96395;0;2020-06-21;377
2020-06-20;"Bratislavský kraj";0;0;0;0;NA;96395;0;2020-06-20;377
2020-06-19;"Bratislavský kraj";3;0;0;0;NA;96395;3;2020-06-19;377
2020-06-18;"Bratislavský kraj";0;0;0;0;NA;96395;0;2020-06-18;374
2020-06-17;"Bratislavský kraj";0;0;0;0;NA;96395;0;2020-06-17;374
2020-06-16;"Bratislavský kraj";0;0;0;0;NA;96395;0;2020-06-16;374
2020-06-14;"Bratislavský kraj";2;0;0;0;NA;96395;2;2020-06-14;374
2020-06-13;"Bratislavský kraj";1;0;0;0;NA;96395;1;2020-06-13;372
2020-06-12;"Bratislavský kraj";2;0;0;0;NA;96395;2;2020-06-12;371
2020-06-11;"Bratislavský kraj";0;0;0;0;NA;96395;0;2020-06-11;369
2020-06-10;"Bratislavský kraj";0;0;0;0;NA;96395;0;2020-06-10;369
2020-06-09;"Bratislavský kraj";0;0;0;0;NA;96395;0;2020-06-09;369
2020-06-08;"Bratislavský kraj";1;0;0;0;NA;96395;1;2020-06-08;369
2020-06-07;"Bratislavský kraj";0;0;0;0;NA;96395;0;2020-06-07;368
2020-06-05;"Bratislavský kraj";0;0;0;0;NA;96395;0;2020-06-05;368
2020-06-03;"Bratislavský kraj";1;0;0;0;NA;96395;1;2020-06-03;368
2020-06-02;"Bratislavský kraj";0;0;0;0;NA;96395;0;2020-06-02;367
2020-05-31;"Bratislavský kraj";0;0;0;0;NA;96395;0;2020-05-31;367
2020-05-29;"Bratislavský kraj";0;0;0;0;NA;96395;0;2020-05-29;367
2020-05-27;"Bratislavský kraj";1;0;0;0;NA;96395;1;2020-05-27;367
2020-05-26;"Bratislavský kraj";0;0;0;0;NA;96395;0;2020-05-26;366
2020-05-25;"Bratislavský kraj";0;0;0;0;NA;96395;0;2020-05-25;366
2020-05-24;"Bratislavský kraj";0;0;0;0;NA;96395;0;2020-05-24;366
2020-05-23;"Bratislavský kraj";2;0;0;0;NA;96395;2;2020-05-23;366
2020-05-22;"Bratislavský kraj";0;0;0;0;NA;96395;0;2020-05-22;364
2020-05-21;"Bratislavský kraj";0;0;0;0;NA;96395;0;2020-05-21;364
2020-05-20;"Bratislavský kraj";0;0;0;0;NA;96395;0;2020-05-20;364
2020-05-19;"Bratislavský kraj";0;0;0;0;NA;96395;0;2020-05-19;364
2020-05-17;"Bratislavský kraj";0;0;0;0;NA;96395;0;2020-05-17;364
2020-05-16;"Bratislavský kraj";0;0;0;0;NA;96395;0;2020-05-16;364
2020-05-15;"Bratislavský kraj";0;0;0;0;NA;96395;0;2020-05-15;364
2020-05-14;"Bratislavský kraj";0;0;0;0;NA;96395;0;2020-05-14;364
2020-05-13;"Bratislavský kraj";0;0;0;0;NA;96395;0;2020-05-13;364
2020-05-12;"Bratislavský kraj";2;0;0;0;NA;96395;2;2020-05-12;364
2020-05-11;"Bratislavský kraj";0;0;0;0;NA;96395;0;2020-05-11;362
2020-05-09;"Bratislavský kraj";0;0;0;0;NA;96395;0;2020-05-09;362
2020-05-07;"Bratislavský kraj";1;0;0;0;NA;96395;1;2020-05-07;362
2020-05-06;"Bratislavský kraj";3;0;0;0;NA;96395;3;2020-05-06;361
2020-05-05;"Bratislavský kraj";0;0;0;0;NA;96395;0;2020-05-05;358
2020-05-04;"Bratislavský kraj";0;0;0;0;NA;96395;0;2020-05-04;358
2020-05-03;"Bratislavský kraj";2;0;0;0;NA;96395;2;2020-05-03;358
2020-05-02;"Bratislavský kraj";0;0;0;0;NA;96395;0;2020-05-02;356
2020-05-01;"Bratislavský kraj";0;0;0;0;NA;96395;0;2020-05-01;356
2020-04-30;"Bratislavský kraj";5;0;0;0;NA;96395;5;2020-04-30;356
2020-04-29;"Bratislavský kraj";0;0;0;0;NA;96395;0;2020-04-29;351
2020-04-28;"Bratislavský kraj";2;0;0;0;NA;96395;2;2020-04-28;351
2020-04-27;"Bratislavský kraj";0;0;0;0;NA;96395;0;2020-04-27;349
2020-04-26;"Bratislavský kraj";1;0;0;0;NA;96395;1;2020-04-26;349
2020-04-25;"Bratislavský kraj";0;0;0;0;NA;96395;0;2020-04-25;348
2020-04-24;"Bratislavský kraj";2;0;0;0;NA;96395;2;2020-04-24;348
2020-04-23;"Bratislavský kraj";6;0;0;0;NA;96395;6;2020-04-23;346
2020-04-22;"Bratislavský kraj";11;0;0;0;NA;96395;11;2020-04-22;340
2020-04-21;"Bratislavský kraj";4;0;0;0;NA;96395;4;2020-04-21;329
2020-04-20;"Bratislavský kraj";0;0;0;0;NA;96395;0;2020-04-20;325
2020-04-19;"Bratislavský kraj";4;0;0;0;NA;96395;4;2020-04-19;325
2020-04-18;"Bratislavský kraj";5;0;0;0;NA;96395;5;2020-04-18;321
2020-04-17;"Bratislavský kraj";6;0;0;0;NA;96395;6;2020-04-17;316
2020-04-16;"Bratislavský kraj";15;0;0;0;NA;96395;15;2020-04-16;310
2020-04-15;"Bratislavský kraj";11;0;0;0;NA;96395;11;2020-04-15;295
2020-04-14;"Bratislavský kraj";19;0;0;0;NA;96395;19;2020-04-14;284
2020-04-13;"Bratislavský kraj";53;0;0;0;NA;96395;53;2020-04-13;265
2020-04-12;"Bratislavský kraj";3;0;0;0;NA;96395;3;2020-04-12;212
2020-04-11;"Bratislavský kraj";1;0;0;0;NA;96395;1;2020-04-11;209
2020-04-10;"Bratislavský kraj";8;0;0;0;NA;96395;8;2020-04-10;208
2020-04-09;"Bratislavský kraj";3;0;0;0;NA;96395;3;2020-04-09;200
2020-04-08;"Bratislavský kraj";3;0;0;0;NA;96395;3;2020-04-08;197
2020-04-07;"Bratislavský kraj";24;0;0;0;NA;96395;24;2020-04-07;194
2020-04-06;"Bratislavský kraj";5;0;0;0;NA;96395;5;2020-04-06;170
2020-04-05;"Bratislavský kraj";6;0;0;0;NA;96395;6;2020-04-05;165
2020-04-04;"Bratislavský kraj";2;0;0;0;NA;96395;2;2020-04-04;159
2020-04-03;"Bratislavský kraj";1;0;0;0;NA;96395;1;2020-04-03;157
2020-04-02;"Bratislavský kraj";2;0;0;0;NA;96395;2;2020-04-02;156
2020-04-01;"Bratislavský kraj";5;0;0;0;NA;96395;5;2020-04-01;154
2020-03-31;"Bratislavský kraj";19;0;0;0;NA;96395;19;2020-03-31;149
2020-03-30;"Bratislavský kraj";6;0;0;0;NA;96395;6;2020-03-30;130
2020-03-29;"Bratislavský kraj";8;0;0;0;NA;96395;8;2020-03-29;124
2020-03-28;"Bratislavský kraj";4;0;0;0;NA;96395;4;2020-03-28;116
2020-03-27;"Bratislavský kraj";3;0;0;0;NA;96395;3;2020-03-27;112
2020-03-26;"Bratislavský kraj";15;0;0;0;NA;96395;15;2020-03-26;109
2020-03-25;"Bratislavský kraj";1;0;0;0;NA;96395;1;2020-03-25;94
2020-03-24;"Bratislavský kraj";4;0;0;0;NA;96395;4;2020-03-24;93
2020-03-23;"Bratislavský kraj";9;0;0;0;NA;96395;9;2020-03-23;89
2020-03-22;"Bratislavský kraj";2;0;0;0;NA;96395;2;2020-03-22;80
2020-03-21;"Bratislavský kraj";22;0;0;0;NA;96395;22;2020-03-21;78
2020-03-20;"Bratislavský kraj";3;0;0;0;NA;96395;3;2020-03-20;56
2020-03-19;"Bratislavský kraj";4;0;0;0;NA;96395;4;2020-03-19;53
2020-03-18;"Bratislavský kraj";3;0;0;0;NA;96395;3;2020-03-18;49
2020-03-17;"Bratislavský kraj";13;0;0;0;NA;96395;13;2020-03-17;46
2020-03-16;"Bratislavský kraj";1;0;0;0;NA;96395;1;2020-03-16;33
2020-03-15;"Bratislavský kraj";4;0;0;0;NA;96395;4;2020-03-15;32
2020-03-14;"Bratislavský kraj";9;0;0;0;NA;96395;9;2020-03-14;28
2020-03-13;"Bratislavský kraj";2;0;0;0;NA;96395;2;2020-03-13;19
2020-03-12;"Bratislavský kraj";8;0;0;0;NA;96395;8;2020-03-12;17
2020-03-11;"Bratislavský kraj";3;0;0;0;NA;96395;3;2020-03-11;9
2020-03-09;"Bratislavský kraj";0;0;0;0;NA;96395;0;2020-03-09;6
2020-03-08;"Bratislavský kraj";2;0;0;0;NA;96395;2;2020-03-08;6
2020-03-07;"Bratislavský kraj";2;0;0;0;NA;96395;2;2020-03-07;4
2020-03-06;"Bratislavský kraj";1;0;0;0;NA;96395;1;2020-03-06;2
2021-06-14;"Košický kraj";10;5552;6;5558;52816;105652;16;2021-06-14;105652
2021-06-13;"Košický kraj";7;6687;8;6695;NA;105652;15;2021-06-13;105636
2021-06-12;"Košický kraj";7;7074;9;7083;NA;105652;16;2021-06-12;105621
2021-06-11;"Košický kraj";15;8252;5;8257;NA;105652;20;2021-06-11;105605
2021-06-10;"Košický kraj";11;6379;16;6395;NA;105652;27;2021-06-10;105585
2021-06-09;"Košický kraj";37;5999;7;6006;NA;105652;44;2021-06-09;105558
2021-06-08;"Košický kraj";33;6791;13;6804;NA;105652;46;2021-06-08;105514
2021-06-07;"Košický kraj";11;7542;22;7564;NA;105652;33;2021-06-07;105468
2021-06-06;"Košický kraj";1;7761;7;7768;NA;105652;8;2021-06-06;105435
2021-06-05;"Košický kraj";21;9066;3;9069;NA;105652;24;2021-06-05;105427
2021-06-04;"Košický kraj";26;11217;19;11236;NA;105652;45;2021-06-04;105403
2021-06-03;"Košický kraj";23;6328;13;6341;NA;105652;36;2021-06-03;105358
2021-06-02;"Košický kraj";15;7276;24;7300;NA;105652;39;2021-06-02;105322
2021-06-01;"Košický kraj";13;7541;10;7551;NA;105652;23;2021-06-01;105283
2021-05-31;"Košický kraj";13;9224;17;9241;NA;105652;30;2021-05-31;105260
2021-05-30;"Košický kraj";3;11216;10;11226;NA;105652;13;2021-05-30;105230
2021-05-29;"Košický kraj";25;10917;21;10938;NA;105652;46;2021-05-29;105217
2021-05-28;"Košický kraj";17;13198;29;13227;NA;105652;46;2021-05-28;105171
2021-05-27;"Košický kraj";19;8167;25;8192;NA;105652;44;2021-05-27;105125
2021-05-26;"Košický kraj";35;8039;26;8065;NA;105652;61;2021-05-26;105081
2021-05-25;"Košický kraj";33;9148;12;9160;NA;105652;45;2021-05-25;105020
2021-05-24;"Košický kraj";10;10948;27;10975;NA;105652;37;2021-05-24;104975
2021-05-23;"Košický kraj";4;12146;15;12161;NA;105652;19;2021-05-23;104938
2021-05-22;"Košický kraj";27;12509;18;12527;NA;105652;45;2021-05-22;104919
2021-05-21;"Košický kraj";24;14898;28;14926;NA;105652;52;2021-05-21;104874
2021-05-20;"Košický kraj";20;9875;28;9903;NA;105652;48;2021-05-20;104822
2021-05-19;"Košický kraj";30;11153;20;11173;NA;105652;50;2021-05-19;104774
2021-05-18;"Košický kraj";34;10270;36;10306;NA;105652;70;2021-05-18;104724
2021-05-17;"Košický kraj";20;12696;41;12737;NA;105652;61;2021-05-17;104654
2021-05-16;"Košický kraj";37;18402;21;18423;NA;105652;58;2021-05-16;104593
2021-05-15;"Košický kraj";22;25989;28;26017;NA;105652;50;2021-05-15;104535
2021-05-14;"Košický kraj";32;22783;42;22825;NA;105652;74;2021-05-14;104485
2021-05-13;"Košický kraj";39;10328;32;10360;NA;105652;71;2021-05-13;104411
2021-05-12;"Košický kraj";85;11040;33;11073;NA;105652;118;2021-05-12;104340
2021-05-11;"Košický kraj";68;11303;32;11335;NA;105652;100;2021-05-11;104222
2021-05-10;"Košický kraj";25;17038;41;17079;NA;105652;66;2021-05-10;104122
2021-05-09;"Košický kraj";84;25683;53;25736;NA;105652;137;2021-05-09;104056
2021-05-08;"Košický kraj";18;23037;21;23058;NA;105652;39;2021-05-08;103919
2021-05-07;"Košický kraj";51;24394;56;24450;NA;105652;107;2021-05-07;103880
2021-05-06;"Košický kraj";55;11924;43;11967;NA;105652;98;2021-05-06;103773
2021-05-05;"Košický kraj";23;12277;36;12313;NA;105652;59;2021-05-05;103675
2021-05-04;"Košický kraj";143;14412;39;14451;NA;105652;182;2021-05-04;103616
2021-05-03;"Košický kraj";37;17065;68;17133;NA;105652;105;2021-05-03;103434
2021-05-02;"Košický kraj";45;36652;57;36709;NA;105652;102;2021-05-02;103329
2021-05-01;"Košický kraj";54;52400;76;52476;NA;105652;130;2021-05-01;103227
2021-04-30;"Košický kraj";59;45210;102;45312;NA;105652;161;2021-04-30;103097
2021-04-29;"Košický kraj";76;17563;54;17617;NA;105652;130;2021-04-29;102936
2021-04-28;"Košický kraj";99;18179;53;18232;NA;105652;152;2021-04-28;102806
2021-04-27;"Košický kraj";108;20925;44;20969;NA;105652;152;2021-04-27;102654
2021-04-26;"Košický kraj";39;27187;106;27293;NA;105652;145;2021-04-26;102502
2021-04-25;"Košický kraj";23;49553;60;49613;NA;105652;83;2021-04-25;102357
2021-04-24;"Košický kraj";68;93522;118;93640;NA;105652;186;2021-04-24;102274
2021-04-23;"Košický kraj";110;42401;72;42473;NA;105652;182;2021-04-23;102088
2021-04-22;"Košický kraj";56;17694;48;17742;NA;105652;104;2021-04-22;101906
2021-04-21;"Košický kraj";114;20582;66;20648;NA;105652;180;2021-04-21;101802
2021-04-20;"Košický kraj";81;26283;67;26350;NA;105652;148;2021-04-20;101622
2021-04-19;"Košický kraj";93;31390;116;31506;NA;105652;209;2021-04-19;101474
2021-04-18;"Košický kraj";10;49890;92;49982;NA;105652;102;2021-04-18;101265
2021-04-17;"Košický kraj";187;84922;103;85025;NA;105652;290;2021-04-17;101163
2021-04-16;"Košický kraj";83;42298;127;42425;NA;105652;210;2021-04-16;100873
2021-04-15;"Košický kraj";104;19693;98;19791;NA;105652;202;2021-04-15;100663
2021-04-14;"Košický kraj";119;20701;67;20768;NA;105652;186;2021-04-14;100461
2021-04-13;"Košický kraj";81;23951;125;24076;NA;105652;206;2021-04-13;100275
2021-04-12;"Košický kraj";129;27642;146;27788;NA;105652;275;2021-04-12;100069
2021-04-11;"Košický kraj";29;50825;80;50905;NA;105652;109;2021-04-11;99794
2021-04-10;"Košický kraj";138;102687;189;102876;NA;105652;327;2021-04-10;99685
2021-04-09;"Košický kraj";168;36931;143;37074;NA;105652;311;2021-04-09;99358
2021-04-08;"Košický kraj";81;19898;97;19995;NA;105652;178;2021-04-08;99047
2021-04-07;"Košický kraj";232;29699;199;29898;NA;105652;431;2021-04-07;98869
2021-04-06;"Košický kraj";121;39471;176;39647;NA;105652;297;2021-04-06;98438
2021-04-05;"Košický kraj";19;14658;72;14730;NA;105652;91;2021-04-05;98141
2021-04-04;"Košický kraj";33;15797;68;15865;NA;105652;101;2021-04-04;98050
2021-04-03;"Košický kraj";138;99910;250;100160;NA;105652;388;2021-04-03;97949
2021-04-02;"Košický kraj";128;25035;83;25118;NA;105652;211;2021-04-02;97561
2021-04-01;"Košický kraj";165;47768;182;47950;NA;105652;347;2021-04-01;97350
2021-03-31;"Košický kraj";160;30469;128;30597;NA;105652;288;2021-03-31;97003
2021-03-30;"Košický kraj";229;25326;171;25497;NA;105652;400;2021-03-30;96715
2021-03-29;"Košický kraj";78;29803;204;30007;NA;105652;282;2021-03-29;96315
2021-03-28;"Košický kraj";39;46357;130;46487;NA;105652;169;2021-03-28;96033
2021-03-27;"Košický kraj";222;99429;268;99697;NA;105652;490;2021-03-27;95864
2021-03-26;"Košický kraj";233;46239;213;46452;NA;105652;446;2021-03-26;95374
2021-03-25;"Košický kraj";133;24628;180;24808;NA;105652;313;2021-03-25;94928
2021-03-24;"Košický kraj";165;21076;159;21235;NA;105652;324;2021-03-24;94615
2021-03-23;"Košický kraj";202;23240;204;23444;NA;105652;406;2021-03-23;94291
2021-03-22;"Košický kraj";169;28017;241;28258;NA;105652;410;2021-03-22;93885
2021-03-21;"Košický kraj";109;52050;181;52231;NA;105652;290;2021-03-21;93475
2021-03-20;"Košický kraj";126;105457;323;105780;NA;105652;449;2021-03-20;93185
2021-03-19;"Košický kraj";205;48914;279;49193;NA;105652;484;2021-03-19;92736
2021-03-18;"Košický kraj";274;25224;220;25444;NA;105652;494;2021-03-18;92252
2021-03-17;"Košický kraj";177;23423;210;23633;NA;105652;387;2021-03-17;91758
2021-03-16;"Košický kraj";386;26482;248;26730;NA;105652;634;2021-03-16;91371
2021-03-15;"Košický kraj";173;30979;324;31303;NA;105652;497;2021-03-15;90737
2021-03-14;"Košický kraj";145;49014;240;49254;NA;105652;385;2021-03-14;90240
2021-03-13;"Košický kraj";146;110296;517;110813;NA;105652;663;2021-03-13;89855
2021-03-12;"Košický kraj";366;52404;349;52753;NA;105652;715;2021-03-12;89192
2021-03-11;"Košický kraj";396;25999;292;26291;NA;105652;688;2021-03-11;88477
2021-03-10;"Košický kraj";121;24966;304;25270;NA;105652;425;2021-03-10;87789
2021-03-09;"Košický kraj";676;27621;339;27960;NA;105652;1015;2021-03-09;87364
2021-03-08;"Košický kraj";559;34035;393;34428;NA;105652;952;2021-03-08;86349
2021-03-07;"Košický kraj";45;48841;336;49177;NA;105652;381;2021-03-07;85397
2021-03-06;"Košický kraj";177;115773;612;116385;NA;105652;789;2021-03-06;85016
2021-03-05;"Košický kraj";439;50513;519;51032;NA;105652;958;2021-03-05;84227
2021-03-04;"Košický kraj";417;27191;363;27554;NA;105652;780;2021-03-04;83269
2021-03-03;"Košický kraj";390;25913;340;26253;NA;105652;730;2021-03-03;82489
2021-03-02;"Košický kraj";464;26670;425;27095;NA;105652;889;2021-03-02;81759
2021-03-01;"Košický kraj";389;34082;594;34676;NA;105652;983;2021-03-01;80870
2021-02-28;"Košický kraj";265;47365;370;47735;NA;105652;635;2021-02-28;79887
2021-02-27;"Košický kraj";301;108311;864;109175;NA;105652;1165;2021-02-27;79252
2021-02-26;"Košický kraj";440;50361;572;50933;NA;105652;1012;2021-02-26;78087
2021-02-25;"Košický kraj";331;23030;402;23432;NA;105652;733;2021-02-25;77075
2021-02-24;"Košický kraj";263;23210;732;23942;NA;105652;995;2021-02-24;76342
2021-02-23;"Košický kraj";642;25416;423;25839;NA;105652;1065;2021-02-23;75347
2021-02-22;"Košický kraj";362;35458;510;35968;NA;105652;872;2021-02-22;74282
2021-02-21;"Košický kraj";170;43331;414;43745;NA;105652;584;2021-02-21;73410
2021-02-20;"Košický kraj";283;104084;875;104959;NA;105652;1158;2021-02-20;72826
2021-02-19;"Košický kraj";507;49302;836;50138;NA;105652;1343;2021-02-19;71668
2021-02-18;"Košický kraj";397;22895;403;23298;NA;105652;800;2021-02-18;70325
2021-02-17;"Košický kraj";322;22002;514;22516;NA;105652;836;2021-02-17;69525
2021-02-16;"Košický kraj";600;29462;642;30104;NA;105652;1242;2021-02-16;68689
2021-02-15;"Košický kraj";216;32885;504;33389;NA;105652;720;2021-02-15;67447
2021-02-14;"Košický kraj";241;62458;605;63063;NA;105652;846;2021-02-14;66727
2021-02-13;"Košický kraj";206;109676;886;110562;NA;105652;1092;2021-02-13;65881
2021-02-12;"Košický kraj";448;57058;712;57770;NA;105652;1160;2021-02-12;64789
2021-02-11;"Košický kraj";435;20112;482;20594;NA;105652;917;2021-02-11;63629
2021-02-10;"Košický kraj";360;27542;624;28166;NA;105652;984;2021-02-10;62712
2021-02-09;"Košický kraj";545;31468;609;32077;NA;105652;1154;2021-02-09;61728
2021-02-08;"Košický kraj";237;32303;528;32831;NA;105652;765;2021-02-08;60574
2021-02-07;"Košický kraj";208;61617;709;62326;NA;105652;917;2021-02-07;59809
2021-02-06;"Košický kraj";318;113241;989;114230;NA;105652;1307;2021-02-06;58892
2021-02-05;"Košický kraj";384;50808;619;51427;NA;105652;1003;2021-02-05;57585
2021-02-04;"Košický kraj";391;18404;469;18873;NA;105652;860;2021-02-04;56582
2021-02-03;"Košický kraj";296;17027;466;17493;NA;105652;762;2021-02-03;55722
2021-02-02;"Košický kraj";473;90190;2858;93048;NA;105652;3331;2021-02-02;54960
2021-02-01;"Košický kraj";415;27861;472;28333;NA;105652;887;2021-02-01;51629
2021-01-31;"Košický kraj";142;58459;728;59187;NA;105652;870;2021-01-31;50742
2021-01-30;"Košický kraj";320;83293;751;84044;NA;105652;1071;2021-01-30;49872
2021-01-29;"Košický kraj";311;39754;509;40263;NA;105652;820;2021-01-29;48801
2021-01-28;"Košický kraj";540;10712;319;11031;NA;105652;859;2021-01-28;47981
2021-01-27;"Košický kraj";265;9502;265;9767;NA;105652;530;2021-01-27;47122
2021-01-26;"Košický kraj";530;17071;284;17355;NA;105652;814;2021-01-26;46592
2021-01-25;"Košický kraj";226;31666;547;32213;NA;105652;773;2021-01-25;45778
2021-01-24;"Košický kraj";150;47397;642;48039;NA;105652;792;2021-01-24;45005
2021-01-23;"Košický kraj";232;97808;1028;98836;NA;105652;1260;2021-01-23;44213
2021-01-22;"Košický kraj";316;23997;356;24353;NA;105652;672;2021-01-22;42953
2021-01-21;"Košický kraj";274;16484;182;16666;NA;105652;456;2021-01-21;42281
2021-01-20;"Košický kraj";374;12540;224;12764;NA;105652;598;2021-01-20;41825
2021-01-19;"Košický kraj";248;12843;235;13078;NA;105652;483;2021-01-19;41227
2021-01-18;"Košický kraj";333;9057;297;9354;NA;105652;630;2021-01-18;40744
2021-01-17;"Košický kraj";155;551;14;565;NA;105652;169;2021-01-17;40114
2021-01-16;"Košický kraj";153;1832;55;1887;NA;105652;208;2021-01-16;39945
2021-01-15;"Košický kraj";308;7276;232;7508;NA;105652;540;2021-01-15;39737
2021-01-14;"Košický kraj";358;6580;235;6815;NA;105652;593;2021-01-14;39197
2021-01-13;"Košický kraj";421;5662;257;5919;NA;105652;678;2021-01-13;38604
2021-01-12;"Košický kraj";482;7531;280;7811;NA;105652;762;2021-01-12;37926
2021-01-11;"Košický kraj";309;9404;360;9764;NA;105652;669;2021-01-11;37164
2021-01-10;"Košický kraj";193;152;8;160;NA;105652;201;2021-01-10;36495
2021-01-09;"Košický kraj";469;1353;49;1402;NA;105652;518;2021-01-09;36294
2021-01-08;"Košický kraj";551;9080;426;9506;NA;105652;977;2021-01-08;35776
2021-01-07;"Košický kraj";251;8022;494;8516;NA;105652;745;2021-01-07;34799
2021-01-06;"Košický kraj";442;442;34;476;NA;105652;476;2021-01-06;34054
2021-01-05;"Košický kraj";584;9265;604;9869;NA;105652;1188;2021-01-05;33578
2021-01-04;"Košický kraj";407;7980;827;8807;NA;105652;1234;2021-01-04;32390
2021-01-03;"Košický kraj";118;705;23;728;NA;105652;141;2021-01-03;31156
2021-01-02;"Košický kraj";88;453;53;506;NA;105652;141;2021-01-02;31015
2021-01-01;"Košický kraj";398;941;56;997;NA;105652;454;2021-01-01;30874
2020-12-31;"Košický kraj";625;9178;491;9669;NA;105652;1116;2020-12-31;30420
2020-12-30;"Košický kraj";590;7640;454;8094;NA;105652;1044;2020-12-30;29304
2020-12-29;"Košický kraj";419;7989;640;8629;NA;105652;1059;2020-12-29;28260
2020-12-28;"Košický kraj";356;10118;1001;11119;NA;105652;1357;2020-12-28;27201
2020-12-27;"Košický kraj";159;219;16;235;NA;105652;175;2020-12-27;25844
2020-12-26;"Košický kraj";163;375;24;399;NA;105652;187;2020-12-26;25669
2020-12-25;"Košický kraj";237;166;12;178;NA;105652;249;2020-12-25;25482
2020-12-24;"Košický kraj";564;1600;92;1692;NA;105652;656;2020-12-24;25233
2020-12-23;"Košický kraj";304;8505;370;8875;NA;105652;674;2020-12-23;24577
2020-12-22;"Košický kraj";438;8493;493;8986;NA;105652;931;2020-12-22;23903
2020-12-21;"Košický kraj";405;7451;544;7995;NA;105652;949;2020-12-21;22972
2020-12-20;"Košický kraj";215;96;14;110;NA;105652;229;2020-12-20;22023
2020-12-19;"Košický kraj";207;1648;69;1717;NA;105652;276;2020-12-19;21794
2020-12-18;"Košický kraj";310;9505;361;9866;NA;105652;671;2020-12-18;21518
2020-12-17;"Košický kraj";463;6423;292;6715;NA;105652;755;2020-12-17;20847
2020-12-16;"Košický kraj";455;7299;354;7653;NA;105652;809;2020-12-16;20092
2020-12-15;"Košický kraj";319;5366;353;5719;NA;105652;672;2020-12-15;19283
2020-12-14;"Košický kraj";256;3413;264;3677;NA;105652;520;2020-12-14;18611
2020-12-13;"Košický kraj";47;205;2;207;NA;105652;49;2020-12-13;18091
2020-12-12;"Košický kraj";369;1887;135;2022;NA;105652;504;2020-12-12;18042
2020-12-11;"Košický kraj";354;6275;270;6545;NA;105652;624;2020-12-11;17538
2020-12-10;"Košický kraj";283;4447;184;4631;NA;105652;467;2020-12-10;16914
2020-12-09;"Košický kraj";279;3979;179;4158;NA;105652;458;2020-12-09;16447
2020-12-08;"Košický kraj";226;4445;404;4849;NA;105652;630;2020-12-08;15989
2020-12-07;"Košický kraj";270;2810;106;2916;NA;105652;376;2020-12-07;15359
2020-12-06;"Košický kraj";121;106;20;126;NA;105652;141;2020-12-06;14983
2020-12-05;"Košický kraj";90;1199;49;1248;NA;105652;139;2020-12-05;14842
2020-12-04;"Košický kraj";224;3683;96;3779;NA;105652;320;2020-12-04;14703
2020-12-03;"Košický kraj";211;8445;174;8619;NA;105652;385;2020-12-03;14383
2020-12-02;"Košický kraj";193;26984;1985;28969;NA;105652;2178;2020-12-02;13998
2020-12-01;"Košický kraj";178;2361;124;2485;NA;105652;302;2020-12-01;11820
2020-11-30;"Košický kraj";171;3766;62;3828;NA;105652;233;2020-11-30;11518
2020-11-29;"Košický kraj";31;0;0;0;NA;105652;31;2020-11-29;11285
2020-11-28;"Košický kraj";69;0;0;0;NA;105652;69;2020-11-28;11254
2020-11-27;"Košický kraj";149;192;4;196;NA;105652;153;2020-11-27;11185
2020-11-26;"Košický kraj";239;144;5;149;NA;105652;244;2020-11-26;11032
2020-11-25;"Košický kraj";237;121;1;122;NA;105652;238;2020-11-25;10788
2020-11-24;"Košický kraj";196;105;3;108;NA;105652;199;2020-11-24;10550
2020-11-23;"Košický kraj";51;196;9;205;NA;105652;60;2020-11-23;10351
2020-11-22;"Košický kraj";57;0;0;0;NA;105652;57;2020-11-22;10291
2020-11-21;"Košický kraj";87;0;0;0;NA;105652;87;2020-11-21;10234
2020-11-20;"Košický kraj";176;95;4;99;NA;105652;180;2020-11-20;10147
2020-11-19;"Košický kraj";206;88;8;96;NA;105652;214;2020-11-19;9967
2020-11-18;"Košický kraj";122;0;0;0;NA;105652;122;2020-11-18;9753
2020-11-17;"Košický kraj";152;0;0;0;NA;105652;152;2020-11-17;9631
2020-11-16;"Košický kraj";114;65;3;68;NA;105652;117;2020-11-16;9479
2020-11-15;"Košický kraj";15;0;0;0;NA;105652;15;2020-11-15;9362
2020-11-14;"Košický kraj";234;0;0;0;NA;105652;234;2020-11-14;9347
2020-11-13;"Košický kraj";207;0;0;0;NA;105652;207;2020-11-13;9113
2020-11-12;"Košický kraj";192;0;0;0;NA;105652;192;2020-11-12;8906
2020-11-11;"Košický kraj";301;0;0;0;NA;105652;301;2020-11-11;8714
2020-11-10;"Košický kraj";190;0;0;0;NA;105652;190;2020-11-10;8413
2020-11-09;"Košický kraj";129;0;0;0;NA;105652;129;2020-11-09;8223
2020-11-08;"Košický kraj";78;0;0;0;NA;105652;78;2020-11-08;8094
2020-11-07;"Košický kraj";192;0;0;0;NA;105652;192;2020-11-07;8016
2020-11-06;"Košický kraj";195;0;0;0;NA;105652;195;2020-11-06;7824
2020-11-05;"Košický kraj";342;0;0;0;NA;105652;342;2020-11-05;7629
2020-11-04;"Košický kraj";101;0;0;0;NA;105652;101;2020-11-04;7287
2020-11-03;"Košický kraj";358;0;0;0;NA;105652;358;2020-11-03;7186
2020-11-02;"Košický kraj";111;0;0;0;NA;105652;111;2020-11-02;6828
2020-11-01;"Košický kraj";346;0;0;0;NA;105652;346;2020-11-01;6717
2020-10-31;"Košický kraj";82;0;0;0;NA;105652;82;2020-10-31;6371
2020-10-30;"Košický kraj";379;0;0;0;NA;105652;379;2020-10-30;6289
2020-10-29;"Košický kraj";333;0;0;0;NA;105652;333;2020-10-29;5910
2020-10-28;"Košický kraj";224;0;0;0;NA;105652;224;2020-10-28;5577
2020-10-27;"Košický kraj";386;0;0;0;NA;105652;386;2020-10-27;5353
2020-10-26;"Košický kraj";56;0;0;0;NA;105652;56;2020-10-26;4967
2020-10-25;"Košický kraj";154;0;0;0;NA;105652;154;2020-10-25;4911
2020-10-24;"Košický kraj";313;0;0;0;NA;105652;313;2020-10-24;4757
2020-10-23;"Košický kraj";315;0;0;0;NA;105652;315;2020-10-23;4444
2020-10-22;"Košický kraj";349;0;0;0;NA;105652;349;2020-10-22;4129
2020-10-21;"Košický kraj";129;0;0;0;NA;105652;129;2020-10-21;3780
2020-10-20;"Košický kraj";181;0;0;0;NA;105652;181;2020-10-20;3651
2020-10-19;"Košický kraj";64;0;0;0;NA;105652;64;2020-10-19;3470
2020-10-18;"Košický kraj";158;0;0;0;NA;105652;158;2020-10-18;3406
2020-10-17;"Košický kraj";142;0;0;0;NA;105652;142;2020-10-17;3248
2020-10-16;"Košický kraj";206;0;0;0;NA;105652;206;2020-10-16;3106
2020-10-15;"Košický kraj";177;0;0;0;NA;105652;177;2020-10-15;2900
2020-10-14;"Košický kraj";211;0;0;0;NA;105652;211;2020-10-14;2723
2020-10-13;"Košický kraj";179;0;0;0;NA;105652;179;2020-10-13;2512
2020-10-12;"Košický kraj";74;0;0;0;NA;105652;74;2020-10-12;2333
2020-10-11;"Košický kraj";121;0;0;0;NA;105652;121;2020-10-11;2259
2020-10-10;"Košický kraj";70;0;0;0;NA;105652;70;2020-10-10;2138
2020-10-09;"Košický kraj";188;0;0;0;NA;105652;188;2020-10-09;2068
2020-10-08;"Košický kraj";102;0;0;0;NA;105652;102;2020-10-08;1880
2020-10-07;"Košický kraj";158;0;0;0;NA;105652;158;2020-10-07;1778
2020-10-06;"Košický kraj";70;0;0;0;NA;105652;70;2020-10-06;1620
2020-10-05;"Košický kraj";39;0;0;0;NA;105652;39;2020-10-05;1550
2020-10-04;"Košický kraj";45;0;0;0;NA;105652;45;2020-10-04;1511
2020-10-03;"Košický kraj";105;0;0;0;NA;105652;105;2020-10-03;1466
2020-10-02;"Košický kraj";57;0;0;0;NA;105652;57;2020-10-02;1361
2020-10-01;"Košický kraj";69;0;0;0;NA;105652;69;2020-10-01;1304
2020-09-30;"Košický kraj";95;0;0;0;NA;105652;95;2020-09-30;1235
2020-09-29;"Košický kraj";75;0;0;0;NA;105652;75;2020-09-29;1140
2020-09-28;"Košický kraj";19;0;0;0;NA;105652;19;2020-09-28;1065
2020-09-27;"Košický kraj";21;0;0;0;NA;105652;21;2020-09-27;1046
2020-09-26;"Košický kraj";53;0;0;0;NA;105652;53;2020-09-26;1025
2020-09-25;"Košický kraj";72;0;0;0;NA;105652;72;2020-09-25;972
2020-09-24;"Košický kraj";35;0;0;0;NA;105652;35;2020-09-24;900
2020-09-23;"Košický kraj";23;0;0;0;NA;105652;23;2020-09-23;865
2020-09-22;"Košický kraj";39;0;0;0;NA;105652;39;2020-09-22;842
2020-09-21;"Košický kraj";5;0;0;0;NA;105652;5;2020-09-21;803
2020-09-20;"Košický kraj";3;0;0;0;NA;105652;3;2020-09-20;798
2020-09-19;"Košický kraj";13;0;0;0;NA;105652;13;2020-09-19;795
2020-09-18;"Košický kraj";20;0;0;0;NA;105652;20;2020-09-18;782
2020-09-17;"Košický kraj";22;0;0;0;NA;105652;22;2020-09-17;762
2020-09-16;"Košický kraj";12;0;0;0;NA;105652;12;2020-09-16;740
2020-09-15;"Košický kraj";10;0;0;0;NA;105652;10;2020-09-15;728
2020-09-14;"Košický kraj";6;0;0;0;NA;105652;6;2020-09-14;718
2020-09-13;"Košický kraj";3;0;0;0;NA;105652;3;2020-09-13;712
2020-09-12;"Košický kraj";16;0;0;0;NA;105652;16;2020-09-12;709
2020-09-11;"Košický kraj";20;0;0;0;NA;105652;20;2020-09-11;693
2020-09-10;"Košický kraj";11;0;0;0;NA;105652;11;2020-09-10;673
2020-09-09;"Košický kraj";37;0;0;0;NA;105652;37;2020-09-09;662
2020-09-08;"Košický kraj";10;0;0;0;NA;105652;10;2020-09-08;625
2020-09-07;"Košický kraj";4;0;0;0;NA;105652;4;2020-09-07;615
2020-09-06;"Košický kraj";2;0;0;0;NA;105652;2;2020-09-06;611
2020-09-05;"Košický kraj";10;0;0;0;NA;105652;10;2020-09-05;609
2020-09-04;"Košický kraj";14;0;0;0;NA;105652;14;2020-09-04;599
2020-09-03;"Košický kraj";22;0;0;0;NA;105652;22;2020-09-03;585
2020-09-02;"Košický kraj";13;0;0;0;NA;105652;13;2020-09-02;563
2020-09-01;"Košický kraj";21;0;0;0;NA;105652;21;2020-09-01;550
2020-08-31;"Košický kraj";9;0;0;0;NA;105652;9;2020-08-31;529
2020-08-30;"Košický kraj";21;0;0;0;NA;105652;21;2020-08-30;520
2020-08-29;"Košický kraj";1;0;0;0;NA;105652;1;2020-08-29;499
2020-08-28;"Košický kraj";19;0;0;0;NA;105652;19;2020-08-28;498
2020-08-27;"Košický kraj";15;0;0;0;NA;105652;15;2020-08-27;479
2020-08-26;"Košický kraj";8;0;0;0;NA;105652;8;2020-08-26;464
2020-08-25;"Košický kraj";23;0;0;0;NA;105652;23;2020-08-25;456
2020-08-24;"Košický kraj";6;0;0;0;NA;105652;6;2020-08-24;433
2020-08-23;"Košický kraj";8;0;0;0;NA;105652;8;2020-08-23;427
2020-08-22;"Košický kraj";13;0;0;0;NA;105652;13;2020-08-22;419
2020-08-21;"Košický kraj";10;0;0;0;NA;105652;10;2020-08-21;406
2020-08-20;"Košický kraj";10;0;0;0;NA;105652;10;2020-08-20;396
2020-08-19;"Košický kraj";3;0;0;0;NA;105652;3;2020-08-19;386
2020-08-18;"Košický kraj";7;0;0;0;NA;105652;7;2020-08-18;383
2020-08-17;"Košický kraj";2;0;0;0;NA;105652;2;2020-08-17;376
2020-08-16;"Košický kraj";2;0;0;0;NA;105652;2;2020-08-16;374
2020-08-15;"Košický kraj";3;0;0;0;NA;105652;3;2020-08-15;372
2020-08-14;"Košický kraj";1;0;0;0;NA;105652;1;2020-08-14;369
2020-08-13;"Košický kraj";3;0;0;0;NA;105652;3;2020-08-13;368
2020-08-12;"Košický kraj";12;0;0;0;NA;105652;12;2020-08-12;365
2020-08-11;"Košický kraj";5;0;0;0;NA;105652;5;2020-08-11;353
2020-08-10;"Košický kraj";1;0;0;0;NA;105652;1;2020-08-10;348
2020-08-09;"Košický kraj";0;0;0;0;NA;105652;0;2020-08-09;347
2020-08-08;"Košický kraj";5;0;0;0;NA;105652;5;2020-08-08;347
2020-08-07;"Košický kraj";7;0;0;0;NA;105652;7;2020-08-07;342
2020-08-06;"Košický kraj";3;0;0;0;NA;105652;3;2020-08-06;335
2020-08-05;"Košický kraj";4;0;0;0;NA;105652;4;2020-08-05;332
2020-08-04;"Košický kraj";1;0;0;0;NA;105652;1;2020-08-04;328
2020-08-03;"Košický kraj";1;0;0;0;NA;105652;1;2020-08-03;327
2020-08-02;"Košický kraj";0;0;0;0;NA;105652;0;2020-08-02;326
2020-08-01;"Košický kraj";0;0;0;0;NA;105652;0;2020-08-01;326
2020-07-31;"Košický kraj";0;0;0;0;NA;105652;0;2020-07-31;326
2020-07-30;"Košický kraj";2;0;0;0;NA;105652;2;2020-07-30;326
2020-07-29;"Košický kraj";1;0;0;0;NA;105652;1;2020-07-29;324
2020-07-28;"Košický kraj";9;0;0;0;NA;105652;9;2020-07-28;323
2020-07-27;"Košický kraj";4;0;0;0;NA;105652;4;2020-07-27;314
2020-07-26;"Košický kraj";0;0;0;0;NA;105652;0;2020-07-26;310
2020-07-25;"Košický kraj";2;0;0;0;NA;105652;2;2020-07-25;310
2020-07-24;"Košický kraj";2;0;0;0;NA;105652;2;2020-07-24;308
2020-07-23;"Košický kraj";1;0;0;0;NA;105652;1;2020-07-23;306
2020-07-22;"Košický kraj";1;0;0;0;NA;105652;1;2020-07-22;305
2020-07-21;"Košický kraj";0;0;0;0;NA;105652;0;2020-07-21;304
2020-07-20;"Košický kraj";0;0;0;0;NA;105652;0;2020-07-20;304
2020-07-19;"Košický kraj";0;0;0;0;NA;105652;0;2020-07-19;304
2020-07-18;"Košický kraj";1;0;0;0;NA;105652;1;2020-07-18;304
2020-07-17;"Košický kraj";1;0;0;0;NA;105652;1;2020-07-17;303
2020-07-16;"Košický kraj";0;0;0;0;NA;105652;0;2020-07-16;302
2020-07-15;"Košický kraj";2;0;0;0;NA;105652;2;2020-07-15;302
2020-07-14;"Košický kraj";1;0;0;0;NA;105652;1;2020-07-14;300
2020-07-13;"Košický kraj";1;0;0;0;NA;105652;1;2020-07-13;299
2020-07-12;"Košický kraj";0;0;0;0;NA;105652;0;2020-07-12;298
2020-07-11;"Košický kraj";0;0;0;0;NA;105652;0;2020-07-11;298
2020-07-10;"Košický kraj";1;0;0;0;NA;105652;1;2020-07-10;298
2020-07-09;"Košický kraj";1;0;0;0;NA;105652;1;2020-07-09;297
2020-07-08;"Košický kraj";12;0;0;0;NA;105652;12;2020-07-08;296
2020-07-07;"Košický kraj";0;0;0;0;NA;105652;0;2020-07-07;284
2020-07-06;"Košický kraj";0;0;0;0;NA;105652;0;2020-07-06;284
2020-07-05;"Košický kraj";0;0;0;0;NA;105652;0;2020-07-05;284
2020-07-04;"Košický kraj";0;0;0;0;NA;105652;0;2020-07-04;284
2020-07-03;"Košický kraj";1;0;0;0;NA;105652;1;2020-07-03;284
2020-07-02;"Košický kraj";0;0;0;0;NA;105652;0;2020-07-02;283
2020-07-01;"Košický kraj";1;0;0;0;NA;105652;1;2020-07-01;283
2020-06-30;"Košický kraj";0;0;0;0;NA;105652;0;2020-06-30;282
2020-06-29;"Košický kraj";0;0;0;0;NA;105652;0;2020-06-29;282
2020-06-28;"Košický kraj";0;0;0;0;NA;105652;0;2020-06-28;282
2020-06-27;"Košický kraj";0;0;0;0;NA;105652;0;2020-06-27;282
2020-06-26;"Košický kraj";0;0;0;0;NA;105652;0;2020-06-26;282
2020-06-25;"Košický kraj";3;0;0;0;NA;105652;3;2020-06-25;282
2020-06-24;"Košický kraj";3;0;0;0;NA;105652;3;2020-06-24;279
2020-06-23;"Košický kraj";3;0;0;0;NA;105652;3;2020-06-23;276
2020-06-22;"Košický kraj";0;0;0;0;NA;105652;0;2020-06-22;273
2020-06-21;"Košický kraj";0;0;0;0;NA;105652;0;2020-06-21;273
2020-06-20;"Košický kraj";0;0;0;0;NA;105652;0;2020-06-20;273
2020-06-19;"Košický kraj";0;0;0;0;NA;105652;0;2020-06-19;273
2020-06-18;"Košický kraj";1;0;0;0;NA;105652;1;2020-06-18;273
2020-06-17;"Košický kraj";0;0;0;0;NA;105652;0;2020-06-17;272
2020-06-16;"Košický kraj";2;0;0;0;NA;105652;2;2020-06-16;272
2020-06-14;"Košický kraj";0;0;0;0;NA;105652;0;2020-06-14;270
2020-06-13;"Košický kraj";0;0;0;0;NA;105652;0;2020-06-13;270
2020-06-12;"Košický kraj";0;0;0;0;NA;105652;0;2020-06-12;270
2020-06-11;"Košický kraj";0;0;0;0;NA;105652;0;2020-06-11;270
2020-06-10;"Košický kraj";6;0;0;0;NA;105652;6;2020-06-10;270
2020-06-09;"Košický kraj";0;0;0;0;NA;105652;0;2020-06-09;264
2020-06-08;"Košický kraj";0;0;0;0;NA;105652;0;2020-06-08;264
2020-06-07;"Košický kraj";2;0;0;0;NA;105652;2;2020-06-07;264
2020-06-05;"Košický kraj";0;0;0;0;NA;105652;0;2020-06-05;262
2020-06-03;"Košický kraj";0;0;0;0;NA;105652;0;2020-06-03;262
2020-06-02;"Košický kraj";1;0;0;0;NA;105652;1;2020-06-02;262
2020-05-31;"Košický kraj";0;0;0;0;NA;105652;0;2020-05-31;261
2020-05-29;"Košický kraj";1;0;0;0;NA;105652;1;2020-05-29;261
2020-05-27;"Košický kraj";0;0;0;0;NA;105652;0;2020-05-27;260
2020-05-26;"Košický kraj";1;0;0;0;NA;105652;1;2020-05-26;260
2020-05-25;"Košický kraj";1;0;0;0;NA;105652;1;2020-05-25;259
2020-05-24;"Košický kraj";0;0;0;0;NA;105652;0;2020-05-24;258
2020-05-23;"Košický kraj";0;0;0;0;NA;105652;0;2020-05-23;258
2020-05-22;"Košický kraj";0;0;0;0;NA;105652;0;2020-05-22;258
2020-05-21;"Košický kraj";0;0;0;0;NA;105652;0;2020-05-21;258
2020-05-20;"Košický kraj";3;0;0;0;NA;105652;3;2020-05-20;258
2020-05-19;"Košický kraj";0;0;0;0;NA;105652;0;2020-05-19;255
2020-05-17;"Košický kraj";1;0;0;0;NA;105652;1;2020-05-17;255
2020-05-16;"Košický kraj";1;0;0;0;NA;105652;1;2020-05-16;254
2020-05-15;"Košický kraj";10;0;0;0;NA;105652;10;2020-05-15;253
2020-05-14;"Košický kraj";1;0;0;0;NA;105652;1;2020-05-14;243
2020-05-13;"Košický kraj";6;0;0;0;NA;105652;6;2020-05-13;242
2020-05-12;"Košický kraj";0;0;0;0;NA;105652;0;2020-05-12;236
2020-05-11;"Košický kraj";0;0;0;0;NA;105652;0;2020-05-11;236
2020-05-09;"Košický kraj";0;0;0;0;NA;105652;0;2020-05-09;236
2020-05-07;"Košický kraj";0;0;0;0;NA;105652;0;2020-05-07;236
2020-05-06;"Košický kraj";1;0;0;0;NA;105652;1;2020-05-06;236
2020-05-05;"Košický kraj";0;0;0;0;NA;105652;0;2020-05-05;235
2020-05-04;"Košický kraj";0;0;0;0;NA;105652;0;2020-05-04;235
2020-05-03;"Košický kraj";0;0;0;0;NA;105652;0;2020-05-03;235
2020-05-02;"Košický kraj";1;0;0;0;NA;105652;1;2020-05-02;235
2020-05-01;"Košický kraj";0;0;0;0;NA;105652;0;2020-05-01;234
2020-04-30;"Košický kraj";1;0;0;0;NA;105652;1;2020-04-30;234
2020-04-29;"Košický kraj";1;0;0;0;NA;105652;1;2020-04-29;233
2020-04-28;"Košický kraj";1;0;0;0;NA;105652;1;2020-04-28;232
2020-04-27;"Košický kraj";1;0;0;0;NA;105652;1;2020-04-27;231
2020-04-26;"Košický kraj";0;0;0;0;NA;105652;0;2020-04-26;230
2020-04-25;"Košický kraj";0;0;0;0;NA;105652;0;2020-04-25;230
2020-04-24;"Košický kraj";3;0;0;0;NA;105652;3;2020-04-24;230
2020-04-23;"Košický kraj";4;0;0;0;NA;105652;4;2020-04-23;227
2020-04-22;"Košický kraj";21;0;0;0;NA;105652;21;2020-04-22;223
2020-04-21;"Košický kraj";4;0;0;0;NA;105652;4;2020-04-21;202
2020-04-20;"Košický kraj";0;0;0;0;NA;105652;0;2020-04-20;198
2020-04-19;"Košický kraj";1;0;0;0;NA;105652;1;2020-04-19;198
2020-04-18;"Košický kraj";2;0;0;0;NA;105652;2;2020-04-18;197
2020-04-17;"Košický kraj";7;0;0;0;NA;105652;7;2020-04-17;195
2020-04-16;"Košický kraj";29;0;0;0;NA;105652;29;2020-04-16;188
2020-04-15;"Košický kraj";50;0;0;0;NA;105652;50;2020-04-15;159
2020-04-14;"Košický kraj";4;0;0;0;NA;105652;4;2020-04-14;109
2020-04-13;"Košický kraj";5;0;0;0;NA;105652;5;2020-04-13;105
2020-04-12;"Košický kraj";4;0;0;0;NA;105652;4;2020-04-12;100
2020-04-11;"Košický kraj";2;0;0;0;NA;105652;2;2020-04-11;96
2020-04-10;"Košický kraj";1;0;0;0;NA;105652;1;2020-04-10;94
2020-04-09;"Košický kraj";4;0;0;0;NA;105652;4;2020-04-09;93
2020-04-08;"Košický kraj";5;0;0;0;NA;105652;5;2020-04-08;89
2020-04-07;"Košický kraj";34;0;0;0;NA;105652;34;2020-04-07;84
2020-04-06;"Košický kraj";6;0;0;0;NA;105652;6;2020-04-06;50
2020-04-05;"Košický kraj";4;0;0;0;NA;105652;4;2020-04-05;44
2020-04-04;"Košický kraj";5;0;0;0;NA;105652;5;2020-04-04;40
2020-04-03;"Košický kraj";4;0;0;0;NA;105652;4;2020-04-03;35
2020-04-02;"Košický kraj";3;0;0;0;NA;105652;3;2020-04-02;31
2020-04-01;"Košický kraj";3;0;0;0;NA;105652;3;2020-04-01;28
2020-03-31;"Košický kraj";1;0;0;0;NA;105652;1;2020-03-31;25
2020-03-30;"Košický kraj";5;0;0;0;NA;105652;5;2020-03-30;24
2020-03-29;"Košický kraj";0;0;0;0;NA;105652;0;2020-03-29;19
2020-03-28;"Košický kraj";1;0;0;0;NA;105652;1;2020-03-28;19
2020-03-27;"Košický kraj";1;0;0;0;NA;105652;1;2020-03-27;18
2020-03-26;"Košický kraj";3;0;0;0;NA;105652;3;2020-03-26;17
2020-03-25;"Košický kraj";2;0;0;0;NA;105652;2;2020-03-25;14
2020-03-24;"Košický kraj";0;0;0;0;NA;105652;0;2020-03-24;12
2020-03-23;"Košický kraj";2;0;0;0;NA;105652;2;2020-03-23;12
2020-03-22;"Košický kraj";0;0;0;0;NA;105652;0;2020-03-22;10
2020-03-21;"Košický kraj";3;0;0;0;NA;105652;3;2020-03-21;10
2020-03-20;"Košický kraj";1;0;0;0;NA;105652;1;2020-03-20;7
2020-03-19;"Košický kraj";0;0;0;0;NA;105652;0;2020-03-19;6
2020-03-18;"Košický kraj";0;0;0;0;NA;105652;0;2020-03-18;6
2020-03-17;"Košický kraj";0;0;0;0;NA;105652;0;2020-03-17;6
2020-03-16;"Košický kraj";3;0;0;0;NA;105652;3;2020-03-16;6
2020-03-15;"Košický kraj";1;0;0;0;NA;105652;1;2020-03-15;3
2020-03-14;"Košický kraj";0;0;0;0;NA;105652;0;2020-03-14;2
2020-03-13;"Košický kraj";2;0;0;0;NA;105652;2;2020-03-13;2
2020-03-12;"Košický kraj";0;0;0;0;NA;105652;0;2020-03-12;0
2020-03-11;"Košický kraj";0;0;0;0;NA;105652;0;2020-03-11;0
2020-03-09;"Košický kraj";1;0;0;0;NA;105652;1;2020-03-09;0
2020-03-08;"Košický kraj";0;0;0;0;NA;105652;0;2020-03-08;-1
2020-03-07;"Košický kraj";0;0;0;0;NA;105652;0;2020-03-07;-1
2020-03-06;"Košický kraj";0;0;0;0;NA;105652;0;2020-03-06;-1
2021-06-14;"Nitriansky kraj";0;4346;3;4349;39218;96582;3;2021-06-14;96582
2021-06-13;"Nitriansky kraj";0;6184;3;6187;NA;96582;3;2021-06-13;96579
2021-06-12;"Nitriansky kraj";1;7723;1;7724;NA;96582;2;2021-06-12;96576
2021-06-11;"Nitriansky kraj";3;6557;4;6561;NA;96582;7;2021-06-11;96574
2021-06-10;"Nitriansky kraj";7;4539;1;4540;NA;96582;8;2021-06-10;96567
2021-06-09;"Nitriansky kraj";2;4656;5;4661;NA;96582;7;2021-06-09;96559
2021-06-08;"Nitriansky kraj";8;4239;3;4242;NA;96582;11;2021-06-08;96552
2021-06-07;"Nitriansky kraj";6;5648;8;5656;NA;96582;14;2021-06-07;96541
2021-06-06;"Nitriansky kraj";0;6981;4;6985;NA;96582;4;2021-06-06;96527
2021-06-05;"Nitriansky kraj";6;8417;9;8426;NA;96582;15;2021-06-05;96523
2021-06-04;"Nitriansky kraj";9;7618;6;7624;NA;96582;15;2021-06-04;96508
2021-06-03;"Nitriansky kraj";2;5062;6;5068;NA;96582;8;2021-06-03;96493
2021-06-02;"Nitriansky kraj";11;4902;11;4913;NA;96582;22;2021-06-02;96485
2021-06-01;"Nitriansky kraj";3;4698;2;4700;NA;96582;5;2021-06-01;96463
2021-05-31;"Nitriansky kraj";8;8708;8;8716;NA;96582;16;2021-05-31;96458
2021-05-30;"Nitriansky kraj";1;9067;8;9075;NA;96582;9;2021-05-30;96442
2021-05-29;"Nitriansky kraj";2;12799;7;12806;NA;96582;9;2021-05-29;96433
2021-05-28;"Nitriansky kraj";10;8673;6;8679;NA;96582;16;2021-05-28;96424
2021-05-27;"Nitriansky kraj";4;6275;5;6280;NA;96582;9;2021-05-27;96408
2021-05-26;"Nitriansky kraj";11;8504;10;8514;NA;96582;21;2021-05-26;96399
2021-05-25;"Nitriansky kraj";15;7631;9;7640;NA;96582;24;2021-05-25;96378
2021-05-24;"Nitriansky kraj";14;9679;16;9695;NA;96582;30;2021-05-24;96354
2021-05-23;"Nitriansky kraj";1;9516;13;9529;NA;96582;14;2021-05-23;96324
2021-05-22;"Nitriansky kraj";7;16979;11;16990;NA;96582;18;2021-05-22;96310
2021-05-21;"Nitriansky kraj";18;10670;15;10685;NA;96582;33;2021-05-21;96292
2021-05-20;"Nitriansky kraj";8;7222;7;7229;NA;96582;15;2021-05-20;96259
2021-05-19;"Nitriansky kraj";20;6822;14;6836;NA;96582;34;2021-05-19;96244
2021-05-18;"Nitriansky kraj";23;7957;20;7977;NA;96582;43;2021-05-18;96210
2021-05-17;"Nitriansky kraj";22;9794;22;9816;NA;96582;44;2021-05-17;96167
2021-05-16;"Nitriansky kraj";4;13830;15;13845;NA;96582;19;2021-05-16;96123
2021-05-15;"Nitriansky kraj";5;26155;26;26181;NA;96582;31;2021-05-15;96104
2021-05-14;"Nitriansky kraj";18;13604;23;13627;NA;96582;41;2021-05-14;96073
2021-05-13;"Nitriansky kraj";24;8100;19;8119;NA;96582;43;2021-05-13;96032
2021-05-12;"Nitriansky kraj";10;7780;26;7806;NA;96582;36;2021-05-12;95989
2021-05-11;"Nitriansky kraj";36;8958;15;8973;NA;96582;51;2021-05-11;95953
2021-05-10;"Nitriansky kraj";16;13294;32;13326;NA;96582;48;2021-05-10;95902
2021-05-09;"Nitriansky kraj";8;22591;39;22630;NA;96582;47;2021-05-09;95854
2021-05-08;"Nitriansky kraj";0;26541;35;26576;NA;96582;35;2021-05-08;95807
2021-05-07;"Nitriansky kraj";32;14890;20;14910;NA;96582;52;2021-05-07;95772
2021-05-06;"Nitriansky kraj";30;9459;20;9479;NA;96582;50;2021-05-06;95720
2021-05-05;"Nitriansky kraj";19;8689;24;8713;NA;96582;43;2021-05-05;95670
2021-05-04;"Nitriansky kraj";46;9125;28;9153;NA;96582;74;2021-05-04;95627
2021-05-03;"Nitriansky kraj";32;14755;44;14799;NA;96582;76;2021-05-03;95553
2021-05-02;"Nitriansky kraj";4;31751;46;31797;NA;96582;50;2021-05-02;95477
2021-05-01;"Nitriansky kraj";23;61923;44;61967;NA;96582;67;2021-05-01;95427
2021-04-30;"Nitriansky kraj";28;32975;57;33032;NA;96582;85;2021-04-30;95360
2021-04-29;"Nitriansky kraj";27;14649;32;14681;NA;96582;59;2021-04-29;95275
2021-04-28;"Nitriansky kraj";36;14678;45;14723;NA;96582;81;2021-04-28;95216
2021-04-27;"Nitriansky kraj";51;13154;35;13189;NA;96582;86;2021-04-27;95135
2021-04-26;"Nitriansky kraj";38;21562;46;21608;NA;96582;84;2021-04-26;95049
2021-04-25;"Nitriansky kraj";7;45371;45;45416;NA;96582;52;2021-04-25;94965
2021-04-24;"Nitriansky kraj";23;94887;72;94959;NA;96582;95;2021-04-24;94913
2021-04-23;"Nitriansky kraj";54;35446;51;35497;NA;96582;105;2021-04-23;94818
2021-04-22;"Nitriansky kraj";32;15435;44;15479;NA;96582;76;2021-04-22;94713
2021-04-21;"Nitriansky kraj";38;14222;45;14267;NA;96582;83;2021-04-21;94637
2021-04-20;"Nitriansky kraj";67;16058;51;16109;NA;96582;118;2021-04-20;94554
2021-04-19;"Nitriansky kraj";35;24816;59;24875;NA;96582;94;2021-04-19;94436
2021-04-18;"Nitriansky kraj";0;40131;28;40159;NA;96582;28;2021-04-18;94342
2021-04-17;"Nitriansky kraj";34;93003;84;93087;NA;96582;118;2021-04-17;94314
2021-04-16;"Nitriansky kraj";46;32737;37;32774;NA;96582;83;2021-04-16;94196
2021-04-15;"Nitriansky kraj";75;17124;64;17188;NA;96582;139;2021-04-15;94113
2021-04-14;"Nitriansky kraj";43;15303;42;15345;NA;96582;85;2021-04-14;93974
2021-04-13;"Nitriansky kraj";110;15677;52;15729;NA;96582;162;2021-04-13;93889
2021-04-12;"Nitriansky kraj";29;23513;52;23565;NA;96582;81;2021-04-12;93727
2021-04-11;"Nitriansky kraj";1;37907;31;37938;NA;96582;32;2021-04-11;93646
2021-04-10;"Nitriansky kraj";35;97400;115;97515;NA;96582;150;2021-04-10;93614
2021-04-09;"Nitriansky kraj";69;31904;58;31962;NA;96582;127;2021-04-09;93464
2021-04-08;"Nitriansky kraj";71;15983;37;16020;NA;96582;108;2021-04-08;93337
2021-04-07;"Nitriansky kraj";64;19080;52;19132;NA;96582;116;2021-04-07;93229
2021-04-06;"Nitriansky kraj";65;33897;114;34011;NA;96582;179;2021-04-06;93113
2021-04-05;"Nitriansky kraj";37;12894;50;12944;NA;96582;87;2021-04-05;92934
2021-04-04;"Nitriansky kraj";5;17887;35;17922;NA;96582;40;2021-04-04;92847
2021-04-03;"Nitriansky kraj";26;85465;153;85618;NA;96582;179;2021-04-03;92807
2021-04-02;"Nitriansky kraj";32;19551;48;19599;NA;96582;80;2021-04-02;92628
2021-04-01;"Nitriansky kraj";63;25822;87;25909;NA;96582;150;2021-04-01;92548
2021-03-31;"Nitriansky kraj";73;22492;99;22591;NA;96582;172;2021-03-31;92398
2021-03-30;"Nitriansky kraj";125;17753;86;17839;NA;96582;211;2021-03-30;92226
2021-03-29;"Nitriansky kraj";81;26483;112;26595;NA;96582;193;2021-03-29;92015
2021-03-28;"Nitriansky kraj";6;47287;112;47399;NA;96582;118;2021-03-28;91822
2021-03-27;"Nitriansky kraj";39;110780;190;110970;NA;96582;229;2021-03-27;91704
2021-03-26;"Nitriansky kraj";90;41796;125;41921;NA;96582;215;2021-03-26;91475
2021-03-25;"Nitriansky kraj";95;20187;102;20289;NA;96582;197;2021-03-25;91260
2021-03-24;"Nitriansky kraj";90;15446;103;15549;NA;96582;193;2021-03-24;91063
2021-03-23;"Nitriansky kraj";167;17594;69;17663;NA;96582;236;2021-03-23;90870
2021-03-22;"Nitriansky kraj";101;26035;145;26180;NA;96582;246;2021-03-22;90634
2021-03-21;"Nitriansky kraj";27;42895;99;42994;NA;96582;126;2021-03-21;90388
2021-03-20;"Nitriansky kraj";36;100931;209;101140;NA;96582;245;2021-03-20;90262
2021-03-19;"Nitriansky kraj";76;37552;104;37656;NA;96582;180;2021-03-19;90017
2021-03-18;"Nitriansky kraj";103;21133;123;21256;NA;96582;226;2021-03-18;89837
2021-03-17;"Nitriansky kraj";87;16510;138;16648;NA;96582;225;2021-03-17;89611
2021-03-16;"Nitriansky kraj";172;19288;125;19413;NA;96582;297;2021-03-16;89386
2021-03-15;"Nitriansky kraj";130;25535;171;25706;NA;96582;301;2021-03-15;89089
2021-03-14;"Nitriansky kraj";3;51957;115;52072;NA;96582;118;2021-03-14;88788
2021-03-13;"Nitriansky kraj";65;117773;253;118026;NA;96582;318;2021-03-13;88670
2021-03-12;"Nitriansky kraj";127;41945;165;42110;NA;96582;292;2021-03-12;88352
2021-03-11;"Nitriansky kraj";131;19855;152;20007;NA;96582;283;2021-03-11;88060
2021-03-10;"Nitriansky kraj";96;18330;164;18494;NA;96582;260;2021-03-10;87777
2021-03-09;"Nitriansky kraj";260;19206;161;19367;NA;96582;421;2021-03-09;87517
2021-03-08;"Nitriansky kraj";145;29243;185;29428;NA;96582;330;2021-03-08;87096
2021-03-07;"Nitriansky kraj";48;51705;197;51902;NA;96582;245;2021-03-07;86766
2021-03-06;"Nitriansky kraj";86;118982;342;119324;NA;96582;428;2021-03-06;86521
2021-03-05;"Nitriansky kraj";133;40071;206;40277;NA;96582;339;2021-03-05;86093
2021-03-04;"Nitriansky kraj";176;18858;180;19038;NA;96582;356;2021-03-04;85754
2021-03-03;"Nitriansky kraj";172;18151;186;18337;NA;96582;358;2021-03-03;85398
2021-03-02;"Nitriansky kraj";274;22094;371;22465;NA;96582;645;2021-03-02;85040
2021-03-01;"Nitriansky kraj";133;29505;296;29801;NA;96582;429;2021-03-01;84395
2021-02-28;"Nitriansky kraj";80;50308;251;50559;NA;96582;331;2021-02-28;83966
2021-02-27;"Nitriansky kraj";101;122948;561;123509;NA;96582;662;2021-02-27;83635
2021-02-26;"Nitriansky kraj";109;42527;344;42871;NA;96582;453;2021-02-26;82973
2021-02-25;"Nitriansky kraj";188;16350;246;16596;NA;96582;434;2021-02-25;82520
2021-02-24;"Nitriansky kraj";125;14899;275;15174;NA;96582;400;2021-02-24;82086
2021-02-23;"Nitriansky kraj";273;16582;289;16871;NA;96582;562;2021-02-23;81686
2021-02-22;"Nitriansky kraj";154;27328;343;27671;NA;96582;497;2021-02-22;81124
2021-02-21;"Nitriansky kraj";22;48567;341;48908;NA;96582;363;2021-02-21;80627
2021-02-20;"Nitriansky kraj";128;117191;631;117822;NA;96582;759;2021-02-20;80264
2021-02-19;"Nitriansky kraj";173;40934;375;41309;NA;96582;548;2021-02-19;79505
2021-02-18;"Nitriansky kraj";202;18781;306;19087;NA;96582;508;2021-02-18;78957
2021-02-17;"Nitriansky kraj";198;12967;352;13319;NA;96582;550;2021-02-17;78449
2021-02-16;"Nitriansky kraj";284;16196;311;16507;NA;96582;595;2021-02-16;77899
2021-02-15;"Nitriansky kraj";122;28456;478;28934;NA;96582;600;2021-02-15;77304
2021-02-14;"Nitriansky kraj";8;55750;354;56104;NA;96582;362;2021-02-14;76704
2021-02-13;"Nitriansky kraj";127;120262;740;121002;NA;96582;867;2021-02-13;76342
2021-02-12;"Nitriansky kraj";162;37854;496;38350;NA;96582;658;2021-02-12;75475
2021-02-11;"Nitriansky kraj";195;13831;308;14139;NA;96582;503;2021-02-11;74817
2021-02-10;"Nitriansky kraj";186;19543;704;20247;NA;96582;890;2021-02-10;74314
2021-02-09;"Nitriansky kraj";260;20968;440;21408;NA;96582;700;2021-02-09;73424
2021-02-08;"Nitriansky kraj";177;41123;671;41794;NA;96582;848;2021-02-08;72724
2021-02-07;"Nitriansky kraj";20;65850;620;66470;NA;96582;640;2021-02-07;71876
2021-02-06;"Nitriansky kraj";129;122399;936;123335;NA;96582;1065;2021-02-06;71236
2021-02-05;"Nitriansky kraj";244;31060;628;31688;NA;96582;872;2021-02-05;70171
2021-02-04;"Nitriansky kraj";308;17733;621;18354;NA;96582;929;2021-02-04;69299
2021-02-03;"Nitriansky kraj";191;15223;468;15691;NA;96582;659;2021-02-03;68370
2021-02-02;"Nitriansky kraj";327;20373;462;20835;NA;96582;789;2021-02-02;67711
2021-02-01;"Nitriansky kraj";221;30191;567;30758;NA;96582;788;2021-02-01;66922
2021-01-31;"Nitriansky kraj";9;50933;556;51489;NA;96582;565;2021-01-31;66134
2021-01-30;"Nitriansky kraj";152;105203;1147;106350;NA;96582;1299;2021-01-30;65569
2021-01-29;"Nitriansky kraj";302;23787;537;24324;NA;96582;839;2021-01-29;64270
2021-01-28;"Nitriansky kraj";269;12072;453;12525;NA;96582;722;2021-01-28;63431
2021-01-27;"Nitriansky kraj";235;7347;331;7678;NA;96582;566;2021-01-27;62709
2021-01-26;"Nitriansky kraj";345;23552;616;24168;NA;96582;961;2021-01-26;62143
2021-01-25;"Nitriansky kraj";201;24827;502;25329;NA;96582;703;2021-01-25;61182
2021-01-24;"Nitriansky kraj";12;84790;1036;85826;NA;96582;1048;2021-01-24;60479
2021-01-23;"Nitriansky kraj";277;108604;1617;110221;NA;96582;1894;2021-01-23;59431
2021-01-22;"Nitriansky kraj";139;40138;713;40851;NA;96582;852;2021-01-22;57537
2021-01-21;"Nitriansky kraj";305;16890;484;17374;NA;96582;789;2021-01-21;56685
2021-01-20;"Nitriansky kraj";326;14550;725;15275;NA;96582;1051;2021-01-20;55896
2021-01-19;"Nitriansky kraj";344;11983;672;12655;NA;96582;1016;2021-01-19;54845
2021-01-18;"Nitriansky kraj";367;10374;641;11015;NA;96582;1008;2021-01-18;53829
2021-01-17;"Nitriansky kraj";97;15061;275;15336;NA;96582;372;2021-01-17;52821
2021-01-16;"Nitriansky kraj";64;63238;1035;64273;NA;96582;1099;2021-01-16;52449
2021-01-15;"Nitriansky kraj";373;17309;529;17838;NA;96582;902;2021-01-15;51350
2021-01-14;"Nitriansky kraj";627;11554;497;12051;NA;96582;1124;2021-01-14;50448
2021-01-13;"Nitriansky kraj";663;10388;546;10934;NA;96582;1209;2021-01-13;49324
2021-01-12;"Nitriansky kraj";642;10009;598;10607;NA;96582;1240;2021-01-12;48115
2021-01-11;"Nitriansky kraj";422;9427;633;10060;NA;96582;1055;2021-01-11;46875
2021-01-10;"Nitriansky kraj";44;21277;785;22062;NA;96582;829;2021-01-10;45820
2021-01-09;"Nitriansky kraj";532;39013;1165;40178;NA;96582;1697;2021-01-09;44991
2021-01-08;"Nitriansky kraj";817;15085;751;15836;NA;96582;1568;2021-01-08;43294
2021-01-07;"Nitriansky kraj";438;11140;917;12057;NA;96582;1355;2021-01-07;41726
2021-01-06;"Nitriansky kraj";259;3242;203;3445;NA;96582;462;2021-01-06;40371
2021-01-05;"Nitriansky kraj";732;9949;1314;11263;NA;96582;2046;2021-01-05;39909
2021-01-04;"Nitriansky kraj";362;10070;1520;11590;NA;96582;1882;2021-01-04;37863
2021-01-03;"Nitriansky kraj";42;106;32;138;NA;96582;74;2021-01-03;35981
2021-01-02;"Nitriansky kraj";249;1090;27;1117;NA;96582;276;2021-01-02;35907
2021-01-01;"Nitriansky kraj";119;1002;137;1139;NA;96582;256;2021-01-01;35631
2020-12-31;"Nitriansky kraj";786;8090;1002;9092;NA;96582;1788;2020-12-31;35375
2020-12-30;"Nitriansky kraj";1094;10890;1263;12153;NA;96582;2357;2020-12-30;33587
2020-12-29;"Nitriansky kraj";607;9713;1507;11220;NA;96582;2114;2020-12-29;31230
2020-12-28;"Nitriansky kraj";83;8101;1429;9530;NA;96582;1512;2020-12-28;29116
2020-12-27;"Nitriansky kraj";22;60;8;68;NA;96582;30;2020-12-27;27604
2020-12-26;"Nitriansky kraj";54;297;56;353;NA;96582;110;2020-12-26;27574
2020-12-25;"Nitriansky kraj";35;60;11;71;NA;96582;46;2020-12-25;27464
2020-12-24;"Nitriansky kraj";514;2072;212;2284;NA;96582;726;2020-12-24;27418
2020-12-23;"Nitriansky kraj";349;18954;950;19904;NA;96582;1299;2020-12-23;26692
2020-12-22;"Nitriansky kraj";673;13118;1150;14268;NA;96582;1823;2020-12-22;25393
2020-12-21;"Nitriansky kraj";128;8965;1088;10053;NA;96582;1216;2020-12-21;23570
2020-12-20;"Nitriansky kraj";77;50;10;60;NA;96582;87;2020-12-20;22354
2020-12-19;"Nitriansky kraj";262;2487;159;2646;NA;96582;421;2020-12-19;22267
2020-12-18;"Nitriansky kraj";512;12323;723;13046;NA;96582;1235;2020-12-18;21846
2020-12-17;"Nitriansky kraj";586;7683;589;8272;NA;96582;1175;2020-12-17;20611
2020-12-16;"Nitriansky kraj";357;9163;558;9721;NA;96582;915;2020-12-16;19436
2020-12-15;"Nitriansky kraj";461;9910;787;10697;NA;96582;1248;2020-12-15;18521
2020-12-14;"Nitriansky kraj";217;8214;845;9059;NA;96582;1062;2020-12-14;17273
2020-12-13;"Nitriansky kraj";12;69;6;75;NA;96582;18;2020-12-13;16211
2020-12-12;"Nitriansky kraj";341;2112;125;2237;NA;96582;466;2020-12-12;16193
2020-12-11;"Nitriansky kraj";409;6161;446;6607;NA;96582;855;2020-12-11;15727
2020-12-10;"Nitriansky kraj";360;5873;375;6248;NA;96582;735;2020-12-10;14872
2020-12-09;"Nitriansky kraj";362;5562;530;6092;NA;96582;892;2020-12-09;14137
2020-12-08;"Nitriansky kraj";340;8793;572;9365;NA;96582;912;2020-12-08;13245
2020-12-07;"Nitriansky kraj";139;6682;578;7260;NA;96582;717;2020-12-07;12333
2020-12-06;"Nitriansky kraj";15;101;4;105;NA;96582;19;2020-12-06;11616
2020-12-05;"Nitriansky kraj";136;1596;19;1615;NA;96582;155;2020-12-05;11597
2020-12-04;"Nitriansky kraj";232;3897;86;3983;NA;96582;318;2020-12-04;11442
2020-12-03;"Nitriansky kraj";248;2682;113;2795;NA;96582;361;2020-12-03;11124
2020-12-02;"Nitriansky kraj";252;3846;165;4011;NA;96582;417;2020-12-02;10763
2020-12-01;"Nitriansky kraj";331;2898;132;3030;NA;96582;463;2020-12-01;10346
2020-11-30;"Nitriansky kraj";91;4253;189;4442;NA;96582;280;2020-11-30;9883
2020-11-29;"Nitriansky kraj";3;0;0;0;NA;96582;3;2020-11-29;9603
2020-11-28;"Nitriansky kraj";135;0;0;0;NA;96582;135;2020-11-28;9600
2020-11-27;"Nitriansky kraj";177;516;14;530;NA;96582;191;2020-11-27;9465
2020-11-26;"Nitriansky kraj";191;380;21;401;NA;96582;212;2020-11-26;9274
2020-11-25;"Nitriansky kraj";325;324;17;341;NA;96582;342;2020-11-25;9062
2020-11-24;"Nitriansky kraj";147;251;6;257;NA;96582;153;2020-11-24;8720
2020-11-23;"Nitriansky kraj";102;306;3;309;NA;96582;105;2020-11-23;8567
2020-11-22;"Nitriansky kraj";7;0;0;0;NA;96582;7;2020-11-22;8462
2020-11-21;"Nitriansky kraj";86;0;0;0;NA;96582;86;2020-11-21;8455
2020-11-20;"Nitriansky kraj";264;160;2;162;NA;96582;266;2020-11-20;8369
2020-11-19;"Nitriansky kraj";185;112;1;113;NA;96582;186;2020-11-19;8103
2020-11-18;"Nitriansky kraj";188;105;2;107;NA;96582;190;2020-11-18;7917
2020-11-17;"Nitriansky kraj";178;0;0;0;NA;96582;178;2020-11-17;7727
2020-11-16;"Nitriansky kraj";139;41;0;41;NA;96582;139;2020-11-16;7549
2020-11-15;"Nitriansky kraj";14;0;0;0;NA;96582;14;2020-11-15;7410
2020-11-14;"Nitriansky kraj";114;0;0;0;NA;96582;114;2020-11-14;7396
2020-11-13;"Nitriansky kraj";210;0;0;0;NA;96582;210;2020-11-13;7282
2020-11-12;"Nitriansky kraj";256;0;0;0;NA;96582;256;2020-11-12;7072
2020-11-11;"Nitriansky kraj";279;0;0;0;NA;96582;279;2020-11-11;6816
2020-11-10;"Nitriansky kraj";192;0;0;0;NA;96582;192;2020-11-10;6537
2020-11-09;"Nitriansky kraj";128;0;0;0;NA;96582;128;2020-11-09;6345
2020-11-08;"Nitriansky kraj";43;0;0;0;NA;96582;43;2020-11-08;6217
2020-11-07;"Nitriansky kraj";130;0;0;0;NA;96582;130;2020-11-07;6174
2020-11-06;"Nitriansky kraj";210;0;0;0;NA;96582;210;2020-11-06;6044
2020-11-05;"Nitriansky kraj";178;1;0;1;NA;96582;178;2020-11-05;5834
2020-11-04;"Nitriansky kraj";211;0;0;0;NA;96582;211;2020-11-04;5656
2020-11-03;"Nitriansky kraj";216;0;0;0;NA;96582;216;2020-11-03;5445
2020-11-02;"Nitriansky kraj";171;0;0;0;NA;96582;171;2020-11-02;5229
2020-11-01;"Nitriansky kraj";130;0;0;0;NA;96582;130;2020-11-01;5058
2020-10-31;"Nitriansky kraj";261;0;0;0;NA;96582;261;2020-10-31;4928
2020-10-30;"Nitriansky kraj";204;0;0;0;NA;96582;204;2020-10-30;4667
2020-10-29;"Nitriansky kraj";293;0;0;0;NA;96582;293;2020-10-29;4463
2020-10-28;"Nitriansky kraj";216;0;0;0;NA;96582;216;2020-10-28;4170
2020-10-27;"Nitriansky kraj";296;0;0;0;NA;96582;296;2020-10-27;3954
2020-10-26;"Nitriansky kraj";69;0;0;0;NA;96582;69;2020-10-26;3658
2020-10-25;"Nitriansky kraj";50;0;0;0;NA;96582;50;2020-10-25;3589
2020-10-24;"Nitriansky kraj";169;0;0;0;NA;96582;169;2020-10-24;3539
2020-10-23;"Nitriansky kraj";282;0;0;0;NA;96582;282;2020-10-23;3370
2020-10-22;"Nitriansky kraj";137;0;0;0;NA;96582;137;2020-10-22;3088
2020-10-21;"Nitriansky kraj";146;0;0;0;NA;96582;146;2020-10-21;2951
2020-10-20;"Nitriansky kraj";197;0;0;0;NA;96582;197;2020-10-20;2805
2020-10-19;"Nitriansky kraj";148;0;0;0;NA;96582;148;2020-10-19;2608
2020-10-18;"Nitriansky kraj";22;0;0;0;NA;96582;22;2020-10-18;2460
2020-10-17;"Nitriansky kraj";67;0;0;0;NA;96582;67;2020-10-17;2438
2020-10-16;"Nitriansky kraj";133;0;0;0;NA;96582;133;2020-10-16;2371
2020-10-15;"Nitriansky kraj";106;0;0;0;NA;96582;106;2020-10-15;2238
2020-10-14;"Nitriansky kraj";80;0;0;0;NA;96582;80;2020-10-14;2132
2020-10-13;"Nitriansky kraj";101;0;0;0;NA;96582;101;2020-10-13;2052
2020-10-12;"Nitriansky kraj";36;0;0;0;NA;96582;36;2020-10-12;1951
2020-10-11;"Nitriansky kraj";8;0;0;0;NA;96582;8;2020-10-11;1915
2020-10-10;"Nitriansky kraj";107;0;0;0;NA;96582;107;2020-10-10;1907
2020-10-09;"Nitriansky kraj";120;0;0;0;NA;96582;120;2020-10-09;1800
2020-10-08;"Nitriansky kraj";132;0;0;0;NA;96582;132;2020-10-08;1680
2020-10-07;"Nitriansky kraj";81;0;0;0;NA;96582;81;2020-10-07;1548
2020-10-06;"Nitriansky kraj";48;0;0;0;NA;96582;48;2020-10-06;1467
2020-10-05;"Nitriansky kraj";20;0;0;0;NA;96582;20;2020-10-05;1419
2020-10-04;"Nitriansky kraj";17;0;0;0;NA;96582;17;2020-10-04;1399
2020-10-03;"Nitriansky kraj";96;0;0;0;NA;96582;96;2020-10-03;1382
2020-10-02;"Nitriansky kraj";108;0;0;0;NA;96582;108;2020-10-02;1286
2020-10-01;"Nitriansky kraj";95;0;0;0;NA;96582;95;2020-10-01;1178
2020-09-30;"Nitriansky kraj";100;0;0;0;NA;96582;100;2020-09-30;1083
2020-09-29;"Nitriansky kraj";50;0;0;0;NA;96582;50;2020-09-29;983
2020-09-28;"Nitriansky kraj";22;0;0;0;NA;96582;22;2020-09-28;933
2020-09-27;"Nitriansky kraj";16;0;0;0;NA;96582;16;2020-09-27;911
2020-09-26;"Nitriansky kraj";64;0;0;0;NA;96582;64;2020-09-26;895
2020-09-25;"Nitriansky kraj";90;0;0;0;NA;96582;90;2020-09-25;831
2020-09-24;"Nitriansky kraj";51;0;0;0;NA;96582;51;2020-09-24;741
2020-09-23;"Nitriansky kraj";70;0;0;0;NA;96582;70;2020-09-23;690
2020-09-22;"Nitriansky kraj";18;0;0;0;NA;96582;18;2020-09-22;620
2020-09-21;"Nitriansky kraj";10;0;0;0;NA;96582;10;2020-09-21;602
2020-09-20;"Nitriansky kraj";4;0;0;0;NA;96582;4;2020-09-20;592
2020-09-19;"Nitriansky kraj";14;0;0;0;NA;96582;14;2020-09-19;588
2020-09-18;"Nitriansky kraj";19;0;0;0;NA;96582;19;2020-09-18;574
2020-09-17;"Nitriansky kraj";30;0;0;0;NA;96582;30;2020-09-17;555
2020-09-16;"Nitriansky kraj";6;0;0;0;NA;96582;6;2020-09-16;525
2020-09-15;"Nitriansky kraj";19;0;0;0;NA;96582;19;2020-09-15;519
2020-09-14;"Nitriansky kraj";28;0;0;0;NA;96582;28;2020-09-14;500
2020-09-13;"Nitriansky kraj";3;0;0;0;NA;96582;3;2020-09-13;472
2020-09-12;"Nitriansky kraj";12;0;0;0;NA;96582;12;2020-09-12;469
2020-09-11;"Nitriansky kraj";23;0;0;0;NA;96582;23;2020-09-11;457
2020-09-10;"Nitriansky kraj";29;0;0;0;NA;96582;29;2020-09-10;434
2020-09-09;"Nitriansky kraj";19;0;0;0;NA;96582;19;2020-09-09;405
2020-09-08;"Nitriansky kraj";17;0;0;0;NA;96582;17;2020-09-08;386
2020-09-07;"Nitriansky kraj";17;0;0;0;NA;96582;17;2020-09-07;369
2020-09-06;"Nitriansky kraj";0;0;0;0;NA;96582;0;2020-09-06;352
2020-09-05;"Nitriansky kraj";22;0;0;0;NA;96582;22;2020-09-05;352
2020-09-04;"Nitriansky kraj";34;0;0;0;NA;96582;34;2020-09-04;330
2020-09-03;"Nitriansky kraj";15;0;0;0;NA;96582;15;2020-09-03;296
2020-09-02;"Nitriansky kraj";15;0;0;0;NA;96582;15;2020-09-02;281
2020-09-01;"Nitriansky kraj";2;0;0;0;NA;96582;2;2020-09-01;266
2020-08-31;"Nitriansky kraj";12;0;0;0;NA;96582;12;2020-08-31;264
2020-08-30;"Nitriansky kraj";1;0;0;0;NA;96582;1;2020-08-30;252
2020-08-29;"Nitriansky kraj";7;0;0;0;NA;96582;7;2020-08-29;251
2020-08-28;"Nitriansky kraj";12;0;0;0;NA;96582;12;2020-08-28;244
2020-08-27;"Nitriansky kraj";12;0;0;0;NA;96582;12;2020-08-27;232
2020-08-26;"Nitriansky kraj";4;0;0;0;NA;96582;4;2020-08-26;220
2020-08-25;"Nitriansky kraj";8;0;0;0;NA;96582;8;2020-08-25;216
2020-08-24;"Nitriansky kraj";1;0;0;0;NA;96582;1;2020-08-24;208
2020-08-23;"Nitriansky kraj";1;0;0;0;NA;96582;1;2020-08-23;207
2020-08-22;"Nitriansky kraj";2;0;0;0;NA;96582;2;2020-08-22;206
2020-08-21;"Nitriansky kraj";0;0;0;0;NA;96582;0;2020-08-21;204
2020-08-20;"Nitriansky kraj";7;0;0;0;NA;96582;7;2020-08-20;204
2020-08-19;"Nitriansky kraj";1;0;0;0;NA;96582;1;2020-08-19;197
2020-08-18;"Nitriansky kraj";2;0;0;0;NA;96582;2;2020-08-18;196
2020-08-17;"Nitriansky kraj";1;0;0;0;NA;96582;1;2020-08-17;194
2020-08-16;"Nitriansky kraj";0;0;0;0;NA;96582;0;2020-08-16;193
2020-08-15;"Nitriansky kraj";2;0;0;0;NA;96582;2;2020-08-15;193
2020-08-14;"Nitriansky kraj";1;0;0;0;NA;96582;1;2020-08-14;191
2020-08-13;"Nitriansky kraj";4;0;0;0;NA;96582;4;2020-08-13;190
2020-08-12;"Nitriansky kraj";0;0;0;0;NA;96582;0;2020-08-12;186
2020-08-11;"Nitriansky kraj";1;0;0;0;NA;96582;1;2020-08-11;186
2020-08-10;"Nitriansky kraj";0;0;0;0;NA;96582;0;2020-08-10;185
2020-08-09;"Nitriansky kraj";0;0;0;0;NA;96582;0;2020-08-09;185
2020-08-08;"Nitriansky kraj";0;0;0;0;NA;96582;0;2020-08-08;185
2020-08-07;"Nitriansky kraj";4;0;0;0;NA;96582;4;2020-08-07;185
2020-08-06;"Nitriansky kraj";4;0;0;0;NA;96582;4;2020-08-06;181
2020-08-05;"Nitriansky kraj";0;0;0;0;NA;96582;0;2020-08-05;177
2020-08-04;"Nitriansky kraj";7;0;0;0;NA;96582;7;2020-08-04;177
2020-08-03;"Nitriansky kraj";0;0;0;0;NA;96582;0;2020-08-03;170
2020-08-02;"Nitriansky kraj";0;0;0;0;NA;96582;0;2020-08-02;170
2020-08-01;"Nitriansky kraj";0;0;0;0;NA;96582;0;2020-08-01;170
2020-07-31;"Nitriansky kraj";0;0;0;0;NA;96582;0;2020-07-31;170
2020-07-30;"Nitriansky kraj";0;0;0;0;NA;96582;0;2020-07-30;170
2020-07-29;"Nitriansky kraj";0;0;0;0;NA;96582;0;2020-07-29;170
2020-07-28;"Nitriansky kraj";0;0;0;0;NA;96582;0;2020-07-28;170
2020-07-27;"Nitriansky kraj";0;0;0;0;NA;96582;0;2020-07-27;170
2020-07-26;"Nitriansky kraj";0;0;0;0;NA;96582;0;2020-07-26;170
2020-07-25;"Nitriansky kraj";0;0;0;0;NA;96582;0;2020-07-25;170
2020-07-24;"Nitriansky kraj";1;0;0;0;NA;96582;1;2020-07-24;170
2020-07-23;"Nitriansky kraj";3;0;0;0;NA;96582;3;2020-07-23;169
2020-07-22;"Nitriansky kraj";2;0;0;0;NA;96582;2;2020-07-22;166
2020-07-21;"Nitriansky kraj";14;0;0;0;NA;96582;14;2020-07-21;164
2020-07-20;"Nitriansky kraj";11;0;0;0;NA;96582;11;2020-07-20;150
2020-07-19;"Nitriansky kraj";0;0;0;0;NA;96582;0;2020-07-19;139
2020-07-18;"Nitriansky kraj";0;0;0;0;NA;96582;0;2020-07-18;139
2020-07-17;"Nitriansky kraj";0;0;0;0;NA;96582;0;2020-07-17;139
2020-07-16;"Nitriansky kraj";4;0;0;0;NA;96582;4;2020-07-16;139
2020-07-15;"Nitriansky kraj";5;0;0;0;NA;96582;5;2020-07-15;135
2020-07-14;"Nitriansky kraj";0;0;0;0;NA;96582;0;2020-07-14;130
2020-07-13;"Nitriansky kraj";0;0;0;0;NA;96582;0;2020-07-13;130
2020-07-12;"Nitriansky kraj";0;0;0;0;NA;96582;0;2020-07-12;130
2020-07-11;"Nitriansky kraj";0;0;0;0;NA;96582;0;2020-07-11;130
2020-07-10;"Nitriansky kraj";0;0;0;0;NA;96582;0;2020-07-10;130
2020-07-09;"Nitriansky kraj";1;0;0;0;NA;96582;1;2020-07-09;130
2020-07-08;"Nitriansky kraj";2;0;0;0;NA;96582;2;2020-07-08;129
2020-07-07;"Nitriansky kraj";0;0;0;0;NA;96582;0;2020-07-07;127
2020-07-06;"Nitriansky kraj";0;0;0;0;NA;96582;0;2020-07-06;127
2020-07-05;"Nitriansky kraj";0;0;0;0;NA;96582;0;2020-07-05;127
2020-07-04;"Nitriansky kraj";0;0;0;0;NA;96582;0;2020-07-04;127
2020-07-03;"Nitriansky kraj";0;0;0;0;NA;96582;0;2020-07-03;127
2020-07-02;"Nitriansky kraj";0;0;0;0;NA;96582;0;2020-07-02;127
2020-07-01;"Nitriansky kraj";3;0;0;0;NA;96582;3;2020-07-01;127
2020-06-30;"Nitriansky kraj";0;0;0;0;NA;96582;0;2020-06-30;124
2020-06-29;"Nitriansky kraj";0;0;0;0;NA;96582;0;2020-06-29;124
2020-06-28;"Nitriansky kraj";0;0;0;0;NA;96582;0;2020-06-28;124
2020-06-27;"Nitriansky kraj";0;0;0;0;NA;96582;0;2020-06-27;124
2020-06-26;"Nitriansky kraj";0;0;0;0;NA;96582;0;2020-06-26;124
2020-06-25;"Nitriansky kraj";0;0;0;0;NA;96582;0;2020-06-25;124
2020-06-24;"Nitriansky kraj";1;0;0;0;NA;96582;1;2020-06-24;124
2020-06-23;"Nitriansky kraj";0;0;0;0;NA;96582;0;2020-06-23;123
2020-06-22;"Nitriansky kraj";0;0;0;0;NA;96582;0;2020-06-22;123
2020-06-21;"Nitriansky kraj";0;0;0;0;NA;96582;0;2020-06-21;123
2020-06-20;"Nitriansky kraj";0;0;0;0;NA;96582;0;2020-06-20;123
2020-06-19;"Nitriansky kraj";0;0;0;0;NA;96582;0;2020-06-19;123
2020-06-18;"Nitriansky kraj";0;0;0;0;NA;96582;0;2020-06-18;123
2020-06-17;"Nitriansky kraj";0;0;0;0;NA;96582;0;2020-06-17;123
2020-06-16;"Nitriansky kraj";0;0;0;0;NA;96582;0;2020-06-16;123
2020-06-14;"Nitriansky kraj";0;0;0;0;NA;96582;0;2020-06-14;123
2020-06-13;"Nitriansky kraj";0;0;0;0;NA;96582;0;2020-06-13;123
2020-06-12;"Nitriansky kraj";0;0;0;0;NA;96582;0;2020-06-12;123
2020-06-11;"Nitriansky kraj";0;0;0;0;NA;96582;0;2020-06-11;123
2020-06-10;"Nitriansky kraj";1;0;0;0;NA;96582;1;2020-06-10;123
2020-06-09;"Nitriansky kraj";1;0;0;0;NA;96582;1;2020-06-09;122
2020-06-08;"Nitriansky kraj";0;0;0;0;NA;96582;0;2020-06-08;121
2020-06-07;"Nitriansky kraj";0;0;0;0;NA;96582;0;2020-06-07;121
2020-06-05;"Nitriansky kraj";0;0;0;0;NA;96582;0;2020-06-05;121
2020-06-03;"Nitriansky kraj";0;0;0;0;NA;96582;0;2020-06-03;121
2020-06-02;"Nitriansky kraj";1;0;0;0;NA;96582;1;2020-06-02;121
2020-05-31;"Nitriansky kraj";0;0;0;0;NA;96582;0;2020-05-31;120
2020-05-29;"Nitriansky kraj";0;0;0;0;NA;96582;0;2020-05-29;120
2020-05-27;"Nitriansky kraj";0;0;0;0;NA;96582;0;2020-05-27;120
2020-05-26;"Nitriansky kraj";0;0;0;0;NA;96582;0;2020-05-26;120
2020-05-25;"Nitriansky kraj";0;0;0;0;NA;96582;0;2020-05-25;120
2020-05-24;"Nitriansky kraj";2;0;0;0;NA;96582;2;2020-05-24;120
2020-05-23;"Nitriansky kraj";0;0;0;0;NA;96582;0;2020-05-23;118
2020-05-22;"Nitriansky kraj";1;0;0;0;NA;96582;1;2020-05-22;118
2020-05-21;"Nitriansky kraj";0;0;0;0;NA;96582;0;2020-05-21;117
2020-05-20;"Nitriansky kraj";0;0;0;0;NA;96582;0;2020-05-20;117
2020-05-19;"Nitriansky kraj";0;0;0;0;NA;96582;0;2020-05-19;117
2020-05-17;"Nitriansky kraj";0;0;0;0;NA;96582;0;2020-05-17;117
2020-05-16;"Nitriansky kraj";0;0;0;0;NA;96582;0;2020-05-16;117
2020-05-15;"Nitriansky kraj";1;0;0;0;NA;96582;1;2020-05-15;117
2020-05-14;"Nitriansky kraj";0;0;0;0;NA;96582;0;2020-05-14;116
2020-05-13;"Nitriansky kraj";0;0;0;0;NA;96582;0;2020-05-13;116
2020-05-12;"Nitriansky kraj";0;0;0;0;NA;96582;0;2020-05-12;116
2020-05-11;"Nitriansky kraj";2;0;0;0;NA;96582;2;2020-05-11;116
2020-05-09;"Nitriansky kraj";0;0;0;0;NA;96582;0;2020-05-09;114
2020-05-07;"Nitriansky kraj";1;0;0;0;NA;96582;1;2020-05-07;114
2020-05-06;"Nitriansky kraj";9;0;0;0;NA;96582;9;2020-05-06;113
2020-05-05;"Nitriansky kraj";0;0;0;0;NA;96582;0;2020-05-05;104
2020-05-04;"Nitriansky kraj";5;0;0;0;NA;96582;5;2020-05-04;104
2020-05-03;"Nitriansky kraj";2;0;0;0;NA;96582;2;2020-05-03;99
2020-05-02;"Nitriansky kraj";0;0;0;0;NA;96582;0;2020-05-02;97
2020-05-01;"Nitriansky kraj";1;0;0;0;NA;96582;1;2020-05-01;97
2020-04-30;"Nitriansky kraj";0;0;0;0;NA;96582;0;2020-04-30;96
2020-04-29;"Nitriansky kraj";0;0;0;0;NA;96582;0;2020-04-29;96
2020-04-28;"Nitriansky kraj";1;0;0;0;NA;96582;1;2020-04-28;96
2020-04-27;"Nitriansky kraj";0;0;0;0;NA;96582;0;2020-04-27;95
2020-04-26;"Nitriansky kraj";0;0;0;0;NA;96582;0;2020-04-26;95
2020-04-25;"Nitriansky kraj";0;0;0;0;NA;96582;0;2020-04-25;95
2020-04-24;"Nitriansky kraj";0;0;0;0;NA;96582;0;2020-04-24;95
2020-04-23;"Nitriansky kraj";3;0;0;0;NA;96582;3;2020-04-23;95
2020-04-22;"Nitriansky kraj";16;0;0;0;NA;96582;16;2020-04-22;92
2020-04-21;"Nitriansky kraj";6;0;0;0;NA;96582;6;2020-04-21;76
2020-04-20;"Nitriansky kraj";5;0;0;0;NA;96582;5;2020-04-20;70
2020-04-19;"Nitriansky kraj";0;0;0;0;NA;96582;0;2020-04-19;65
2020-04-18;"Nitriansky kraj";0;0;0;0;NA;96582;0;2020-04-18;65
2020-04-17;"Nitriansky kraj";7;0;0;0;NA;96582;7;2020-04-17;65
2020-04-16;"Nitriansky kraj";0;0;0;0;NA;96582;0;2020-04-16;58
2020-04-15;"Nitriansky kraj";6;0;0;0;NA;96582;6;2020-04-15;58
2020-04-14;"Nitriansky kraj";2;0;0;0;NA;96582;2;2020-04-14;52
2020-04-13;"Nitriansky kraj";1;0;0;0;NA;96582;1;2020-04-13;50
2020-04-12;"Nitriansky kraj";3;0;0;0;NA;96582;3;2020-04-12;49
2020-04-11;"Nitriansky kraj";1;0;0;0;NA;96582;1;2020-04-11;46
2020-04-10;"Nitriansky kraj";1;0;0;0;NA;96582;1;2020-04-10;45
2020-04-09;"Nitriansky kraj";0;0;0;0;NA;96582;0;2020-04-09;44
2020-04-08;"Nitriansky kraj";2;0;0;0;NA;96582;2;2020-04-08;44
2020-04-07;"Nitriansky kraj";3;0;0;0;NA;96582;3;2020-04-07;42
2020-04-06;"Nitriansky kraj";4;0;0;0;NA;96582;4;2020-04-06;39
2020-04-05;"Nitriansky kraj";5;0;0;0;NA;96582;5;2020-04-05;35
2020-04-04;"Nitriansky kraj";0;0;0;0;NA;96582;0;2020-04-04;30
2020-04-03;"Nitriansky kraj";0;0;0;0;NA;96582;0;2020-04-03;30
2020-04-02;"Nitriansky kraj";1;0;0;0;NA;96582;1;2020-04-02;30
2020-04-01;"Nitriansky kraj";0;0;0;0;NA;96582;0;2020-04-01;29
2020-03-31;"Nitriansky kraj";3;0;0;0;NA;96582;3;2020-03-31;29
2020-03-30;"Nitriansky kraj";3;0;0;0;NA;96582;3;2020-03-30;26
2020-03-29;"Nitriansky kraj";3;0;0;0;NA;96582;3;2020-03-29;23
2020-03-28;"Nitriansky kraj";1;0;0;0;NA;96582;1;2020-03-28;20
2020-03-27;"Nitriansky kraj";1;0;0;0;NA;96582;1;2020-03-27;19
2020-03-26;"Nitriansky kraj";1;0;0;0;NA;96582;1;2020-03-26;18
2020-03-25;"Nitriansky kraj";1;0;0;0;NA;96582;1;2020-03-25;17
2020-03-24;"Nitriansky kraj";0;0;0;0;NA;96582;0;2020-03-24;16
2020-03-23;"Nitriansky kraj";2;0;0;0;NA;96582;2;2020-03-23;16
2020-03-22;"Nitriansky kraj";2;0;0;0;NA;96582;2;2020-03-22;14
2020-03-21;"Nitriansky kraj";2;0;0;0;NA;96582;2;2020-03-21;12
2020-03-20;"Nitriansky kraj";1;0;0;0;NA;96582;1;2020-03-20;10
2020-03-19;"Nitriansky kraj";1;0;0;0;NA;96582;1;2020-03-19;9
2020-03-18;"Nitriansky kraj";2;0;0;0;NA;96582;2;2020-03-18;8
2020-03-17;"Nitriansky kraj";1;0;0;0;NA;96582;1;2020-03-17;6
2020-03-16;"Nitriansky kraj";0;0;0;0;NA;96582;0;2020-03-16;5
2020-03-15;"Nitriansky kraj";4;0;0;0;NA;96582;4;2020-03-15;5
2020-03-14;"Nitriansky kraj";1;0;0;0;NA;96582;1;2020-03-14;1
2020-03-13;"Nitriansky kraj";0;0;0;0;NA;96582;0;2020-03-13;0
2020-03-12;"Nitriansky kraj";0;0;0;0;NA;96582;0;2020-03-12;0
2020-03-11;"Nitriansky kraj";0;0;0;0;NA;96582;0;2020-03-11;0
2020-03-09;"Nitriansky kraj";0;0;0;0;NA;96582;0;2020-03-09;0
2020-03-08;"Nitriansky kraj";0;0;0;0;NA;96582;0;2020-03-08;0
2020-03-07;"Nitriansky kraj";0;0;0;0;NA;96582;0;2020-03-07;0
2020-03-06;"Nitriansky kraj";0;0;0;0;NA;96582;0;2020-03-06;0
2021-06-14;"Prešovský kraj";5;6573;11;6584;59958;118685;16;2021-06-14;118685
2021-06-13;"Prešovský kraj";1;6183;7;6190;NA;118685;8;2021-06-13;118669
2021-06-12;"Prešovský kraj";3;8282;9;8291;NA;118685;12;2021-06-12;118661
2021-06-11;"Prešovský kraj";21;9484;9;9493;NA;118685;30;2021-06-11;118649
2021-06-10;"Prešovský kraj";11;6294;9;6303;NA;118685;20;2021-06-10;118619
2021-06-09;"Prešovský kraj";16;5997;3;6000;NA;118685;19;2021-06-09;118599
2021-06-08;"Prešovský kraj";31;6290;12;6302;NA;118685;43;2021-06-08;118580
2021-06-07;"Prešovský kraj";11;8999;15;9014;NA;118685;26;2021-06-07;118537
2021-06-06;"Prešovský kraj";0;7702;4;7706;NA;118685;4;2021-06-06;118511
2021-06-05;"Prešovský kraj";17;9978;14;9992;NA;118685;31;2021-06-05;118507
2021-06-04;"Prešovský kraj";26;10156;18;10174;NA;118685;44;2021-06-04;118476
2021-06-03;"Prešovský kraj";14;6497;15;6512;NA;118685;29;2021-06-03;118432
2021-06-02;"Prešovský kraj";47;7368;14;7382;NA;118685;61;2021-06-02;118403
2021-06-01;"Prešovský kraj";15;6821;14;6835;NA;118685;29;2021-06-01;118342
2021-05-31;"Prešovský kraj";27;9620;22;9642;NA;118685;49;2021-05-31;118313
2021-05-30;"Prešovský kraj";2;10561;15;10576;NA;118685;17;2021-05-30;118264
2021-05-29;"Prešovský kraj";23;12669;24;12693;NA;118685;47;2021-05-29;118247
2021-05-28;"Prešovský kraj";30;12098;19;12117;NA;118685;49;2021-05-28;118200
2021-05-27;"Prešovský kraj";16;7656;37;7693;NA;118685;53;2021-05-27;118151
2021-05-26;"Prešovský kraj";32;8022;24;8046;NA;118685;56;2021-05-26;118098
2021-05-25;"Prešovský kraj";38;9242;24;9266;NA;118685;62;2021-05-25;118042
2021-05-24;"Prešovský kraj";17;13706;43;13749;NA;118685;60;2021-05-24;117980
2021-05-23;"Prešovský kraj";3;11867;20;11887;NA;118685;23;2021-05-23;117920
2021-05-22;"Prešovský kraj";11;14598;46;14644;NA;118685;57;2021-05-22;117897
2021-05-21;"Prešovský kraj";44;13940;24;13964;NA;118685;68;2021-05-21;117840
2021-05-20;"Prešovský kraj";13;9804;35;9839;NA;118685;48;2021-05-20;117772
2021-05-19;"Prešovský kraj";60;10973;35;11008;NA;118685;95;2021-05-19;117724
2021-05-18;"Prešovský kraj";44;9817;32;9849;NA;118685;76;2021-05-18;117629
2021-05-17;"Prešovský kraj";60;13032;49;13081;NA;118685;109;2021-05-17;117553
2021-05-16;"Prešovský kraj";20;16132;67;16199;NA;118685;87;2021-05-16;117444
2021-05-15;"Prešovský kraj";20;25567;83;25650;NA;118685;103;2021-05-15;117357
2021-05-14;"Prešovský kraj";49;19887;72;19959;NA;118685;121;2021-05-14;117254
2021-05-13;"Prešovský kraj";54;11842;77;11919;NA;118685;131;2021-05-13;117133
2021-05-12;"Prešovský kraj";59;11733;39;11772;NA;118685;98;2021-05-12;117002
2021-05-11;"Prešovský kraj";61;11226;53;11279;NA;118685;114;2021-05-11;116904
2021-05-10;"Prešovský kraj";79;16727;72;16799;NA;118685;151;2021-05-10;116790
2021-05-09;"Prešovský kraj";54;24537;88;24625;NA;118685;142;2021-05-09;116639
2021-05-08;"Prešovský kraj";39;23538;54;23592;NA;118685;93;2021-05-08;116497
2021-05-07;"Prešovský kraj";81;24668;72;24740;NA;118685;153;2021-05-07;116404
2021-05-06;"Prešovský kraj";107;13197;69;13266;NA;118685;176;2021-05-06;116251
2021-05-05;"Prešovský kraj";60;13372;86;13458;NA;118685;146;2021-05-05;116075
2021-05-04;"Prešovský kraj";203;14032;67;14099;NA;118685;270;2021-05-04;115929
2021-05-03;"Prešovský kraj";68;19047;112;19159;NA;118685;180;2021-05-03;115659
2021-05-02;"Prešovský kraj";29;37381;104;37485;NA;118685;133;2021-05-02;115479
2021-05-01;"Prešovský kraj";70;61422;208;61630;NA;118685;278;2021-05-01;115346
2021-04-30;"Prešovský kraj";135;41970;128;42098;NA;118685;263;2021-04-30;115068
2021-04-29;"Prešovský kraj";110;17055;100;17155;NA;118685;210;2021-04-29;114805
2021-04-28;"Prešovský kraj";122;19821;94;19915;NA;118685;216;2021-04-28;114595
2021-04-27;"Prešovský kraj";154;20465;123;20588;NA;118685;277;2021-04-27;114379
2021-04-26;"Prešovský kraj";99;27938;126;28064;NA;118685;225;2021-04-26;114102
2021-04-25;"Prešovský kraj";9;54317;159;54476;NA;118685;168;2021-04-25;113877
2021-04-24;"Prešovský kraj";61;87732;246;87978;NA;118685;307;2021-04-24;113709
2021-04-23;"Prešovský kraj";171;42045;143;42188;NA;118685;314;2021-04-23;113402
2021-04-22;"Prešovský kraj";86;19130;131;19261;NA;118685;217;2021-04-22;113088
2021-04-21;"Prešovský kraj";144;21901;141;22042;NA;118685;285;2021-04-21;112871
2021-04-20;"Prešovský kraj";115;23802;129;23931;NA;118685;244;2021-04-20;112586
2021-04-19;"Prešovský kraj";106;30563;149;30712;NA;118685;255;2021-04-19;112342
2021-04-18;"Prešovský kraj";4;54149;132;54281;NA;118685;136;2021-04-18;112087
2021-04-17;"Prešovský kraj";119;103522;254;103776;NA;118685;373;2021-04-17;111951
2021-04-16;"Prešovský kraj";135;42659;154;42813;NA;118685;289;2021-04-16;111578
2021-04-15;"Prešovský kraj";112;20999;141;21140;NA;118685;253;2021-04-15;111289
2021-04-14;"Prešovský kraj";199;24534;135;24669;NA;118685;334;2021-04-14;111036
2021-04-13;"Prešovský kraj";180;24749;121;24870;NA;118685;301;2021-04-13;110702
2021-04-12;"Prešovský kraj";172;31316;181;31497;NA;118685;353;2021-04-12;110401
2021-04-11;"Prešovský kraj";11;53881;201;54082;NA;118685;212;2021-04-11;110048
2021-04-10;"Prešovský kraj";94;95293;315;95608;NA;118685;409;2021-04-10;109836
2021-04-09;"Prešovský kraj";255;38764;232;38996;NA;118685;487;2021-04-09;109427
2021-04-08;"Prešovský kraj";192;19924;159;20083;NA;118685;351;2021-04-08;108940
2021-04-07;"Prešovský kraj";314;31769;179;31948;NA;118685;493;2021-04-07;108589
2021-04-06;"Prešovský kraj";231;47292;309;47601;NA;118685;540;2021-04-06;108096
2021-04-05;"Prešovský kraj";54;20203;153;20356;NA;118685;207;2021-04-05;107556
2021-04-04;"Prešovský kraj";31;19763;94;19857;NA;118685;125;2021-04-04;107349
2021-04-03;"Prešovský kraj";104;96482;342;96824;NA;118685;446;2021-04-03;107224
2021-04-02;"Prešovský kraj";194;26056;154;26210;NA;118685;348;2021-04-02;106778
2021-04-01;"Prešovský kraj";256;47189;218;47407;NA;118685;474;2021-04-01;106430
2021-03-31;"Prešovský kraj";311;31917;240;32157;NA;118685;551;2021-03-31;105956
2021-03-30;"Prešovský kraj";374;21625;206;21831;NA;118685;580;2021-03-30;105405
2021-03-29;"Prešovský kraj";219;30374;246;30620;NA;118685;465;2021-03-29;104825
2021-03-28;"Prešovský kraj";26;49442;266;49708;NA;118685;292;2021-03-28;104360
2021-03-27;"Prešovský kraj";181;92962;391;93353;NA;118685;572;2021-03-27;104068
2021-03-26;"Prešovský kraj";310;50307;310;50617;NA;118685;620;2021-03-26;103496
2021-03-25;"Prešovský kraj";248;24077;229;24306;NA;118685;477;2021-03-25;102876
2021-03-24;"Prešovský kraj";381;21128;247;21375;NA;118685;628;2021-03-24;102399
2021-03-23;"Prešovský kraj";241;21327;276;21603;NA;118685;517;2021-03-23;101771
2021-03-22;"Prešovský kraj";299;29797;305;30102;NA;118685;604;2021-03-22;101254
2021-03-21;"Prešovský kraj";32;53038;304;53342;NA;118685;336;2021-03-21;100650
2021-03-20;"Prešovský kraj";180;100363;460;100823;NA;118685;640;2021-03-20;100314
2021-03-19;"Prešovský kraj";373;49084;339;49423;NA;118685;712;2021-03-19;99674
2021-03-18;"Prešovský kraj";251;23033;228;23261;NA;118685;479;2021-03-18;98962
2021-03-17;"Prešovský kraj";331;22942;251;23193;NA;118685;582;2021-03-17;98483
2021-03-16;"Prešovský kraj";461;23079;319;23398;NA;118685;780;2021-03-16;97901
2021-03-15;"Prešovský kraj";370;34460;382;34842;NA;118685;752;2021-03-15;97121
2021-03-14;"Prešovský kraj";52;64979;421;65400;NA;118685;473;2021-03-14;96369
2021-03-13;"Prešovský kraj";200;100123;549;100672;NA;118685;749;2021-03-13;95896
2021-03-12;"Prešovský kraj";425;53200;408;53608;NA;118685;833;2021-03-12;95147
2021-03-11;"Prešovský kraj";463;24498;308;24806;NA;118685;771;2021-03-11;94314
2021-03-10;"Prešovský kraj";325;23316;326;23642;NA;118685;651;2021-03-10;93543
2021-03-09;"Prešovský kraj";505;24709;339;25048;NA;118685;844;2021-03-09;92892
2021-03-08;"Prešovský kraj";314;34188;404;34592;NA;118685;718;2021-03-08;92048
2021-03-07;"Prešovský kraj";19;59062;462;59524;NA;118685;481;2021-03-07;91330
2021-03-06;"Prešovský kraj";193;102090;636;102726;NA;118685;829;2021-03-06;90849
2021-03-05;"Prešovský kraj";497;53110;460;53570;NA;118685;957;2021-03-05;90020
2021-03-04;"Prešovský kraj";372;26383;401;26784;NA;118685;773;2021-03-04;89063
2021-03-03;"Prešovský kraj";397;24603;387;24990;NA;118685;784;2021-03-03;88290
2021-03-02;"Prešovský kraj";421;25613;406;26019;NA;118685;827;2021-03-02;87506
2021-03-01;"Prešovský kraj";303;31572;465;32037;NA;118685;768;2021-03-01;86679
2021-02-28;"Prešovský kraj";75;55099;455;55554;NA;118685;530;2021-02-28;85911
2021-02-27;"Prešovský kraj";273;97975;811;98786;NA;118685;1084;2021-02-27;85381
2021-02-26;"Prešovský kraj";455;48887;500;49387;NA;118685;955;2021-02-26;84297
2021-02-25;"Prešovský kraj";270;23577;403;23980;NA;118685;673;2021-02-25;83342
2021-02-24;"Prešovský kraj";328;23340;472;23812;NA;118685;800;2021-02-24;82669
2021-02-23;"Prešovský kraj";430;28563;438;29001;NA;118685;868;2021-02-23;81869
2021-02-22;"Prešovský kraj";351;31852;408;32260;NA;118685;759;2021-02-22;81001
2021-02-21;"Prešovský kraj";66;34517;327;34844;NA;118685;393;2021-02-21;80242
2021-02-20;"Prešovský kraj";129;75430;551;75981;NA;118685;680;2021-02-20;79849
2021-02-19;"Prešovský kraj";381;47429;526;47955;NA;118685;907;2021-02-19;79169
2021-02-18;"Prešovský kraj";268;20334;370;20704;NA;118685;638;2021-02-18;78262
2021-02-17;"Prešovský kraj";293;21881;297;22178;NA;118685;590;2021-02-17;77624
2021-02-16;"Prešovský kraj";422;24441;330;24771;NA;118685;752;2021-02-16;77034
2021-02-15;"Prešovský kraj";211;41332;372;41704;NA;118685;583;2021-02-15;76282
2021-02-14;"Prešovský kraj";27;44719;358;45077;NA;118685;385;2021-02-14;75699
2021-02-13;"Prešovský kraj";157;80226;424;80650;NA;118685;581;2021-02-13;75314
2021-02-12;"Prešovský kraj";308;48719;432;49151;NA;118685;740;2021-02-12;74733
2021-02-11;"Prešovský kraj";218;21365;314;21679;NA;118685;532;2021-02-11;73993
2021-02-10;"Prešovský kraj";220;23468;334;23802;NA;118685;554;2021-02-10;73461
2021-02-09;"Prešovský kraj";323;27399;452;27851;NA;118685;775;2021-02-09;72907
2021-02-08;"Prešovský kraj";161;49813;366;50179;NA;118685;527;2021-02-08;72132
2021-02-07;"Prešovský kraj";21;46065;286;46351;NA;118685;307;2021-02-07;71605
2021-02-06;"Prešovský kraj";176;84619;443;85062;NA;118685;619;2021-02-06;71298
2021-02-05;"Prešovský kraj";177;39875;355;40230;NA;118685;532;2021-02-05;70679
2021-02-04;"Prešovský kraj";176;17197;287;17484;NA;118685;463;2021-02-04;70147
2021-02-03;"Prešovský kraj";251;11535;321;11856;NA;118685;572;2021-02-03;69684
2021-02-02;"Prešovský kraj";249;15894;329;16223;NA;118685;578;2021-02-02;69112
2021-02-01;"Prešovský kraj";220;20368;413;20781;NA;118685;633;2021-02-01;68534
2021-01-31;"Prešovský kraj";42;10943;126;11069;NA;118685;168;2021-01-31;67901
2021-01-30;"Prešovský kraj";142;26934;240;27174;NA;118685;382;2021-01-30;67733
2021-01-29;"Prešovský kraj";185;22343;387;22730;NA;118685;572;2021-01-29;67351
2021-01-28;"Prešovský kraj";311;9470;180;9650;NA;118685;491;2021-01-28;66779
2021-01-27;"Prešovský kraj";153;13453;205;13658;NA;118685;358;2021-01-27;66288
2021-01-26;"Prešovský kraj";252;20296;167;20463;NA;118685;419;2021-01-26;65930
2021-01-25;"Prešovský kraj";196;36714;327;37041;NA;118685;523;2021-01-25;65511
2021-01-24;"Prešovský kraj";12;47759;322;48081;NA;118685;334;2021-01-24;64988
2021-01-23;"Prešovský kraj";189;111556;587;112143;NA;118685;776;2021-01-23;64654
2021-01-22;"Prešovský kraj";187;47761;334;48095;NA;118685;521;2021-01-22;63878
2021-01-21;"Prešovský kraj";187;25349;250;25599;NA;118685;437;2021-01-21;63357
2021-01-20;"Prešovský kraj";253;19950;218;20168;NA;118685;471;2021-01-20;62920
2021-01-19;"Prešovský kraj";281;16100;411;16511;NA;118685;692;2021-01-19;62449
2021-01-18;"Prešovský kraj";203;14096;417;14513;NA;118685;620;2021-01-18;61757
2021-01-17;"Prešovský kraj";107;14404;1009;15413;NA;118685;1116;2021-01-17;61137
2021-01-16;"Prešovský kraj";72;1894;83;1977;NA;118685;155;2021-01-16;60021
2021-01-15;"Prešovský kraj";159;9714;305;10019;NA;118685;464;2021-01-15;59866
2021-01-14;"Prešovský kraj";268;8263;297;8560;NA;118685;565;2021-01-14;59402
2021-01-13;"Prešovský kraj";342;8338;295;8633;NA;118685;637;2021-01-13;58837
2021-01-12;"Prešovský kraj";455;11399;490;11889;NA;118685;945;2021-01-12;58200
2021-01-11;"Prešovský kraj";343;12976;628;13604;NA;118685;971;2021-01-11;57255
2021-01-10;"Prešovský kraj";63;505;24;529;NA;118685;87;2021-01-10;56284
2021-01-09;"Prešovský kraj";439;2311;130;2441;NA;118685;569;2021-01-09;56197
2021-01-08;"Prešovský kraj";430;15334;700;16034;NA;118685;1130;2021-01-08;55628
2021-01-07;"Prešovský kraj";268;11541;841;12382;NA;118685;1109;2021-01-07;54498
2021-01-06;"Prešovský kraj";315;1512;138;1650;NA;118685;453;2021-01-06;53389
2021-01-05;"Prešovský kraj";655;15465;1231;16696;NA;118685;1886;2021-01-05;52936
2021-01-04;"Prešovský kraj";371;21946;2087;24033;NA;118685;2458;2021-01-04;51050
2021-01-03;"Prešovský kraj";89;535;61;596;NA;118685;150;2021-01-03;48592
2021-01-02;"Prešovský kraj";65;1573;161;1734;NA;118685;226;2021-01-02;48442
2021-01-01;"Prešovský kraj";174;1129;76;1205;NA;118685;250;2021-01-01;48216
2020-12-31;"Prešovský kraj";640;14456;993;15449;NA;118685;1633;2020-12-31;47966
2020-12-30;"Prešovský kraj";729;12236;1056;13292;NA;118685;1785;2020-12-30;46333
2020-12-29;"Prešovský kraj";435;12644;1282;13926;NA;118685;1717;2020-12-29;44548
2020-12-28;"Prešovský kraj";393;13626;1546;15172;NA;118685;1939;2020-12-28;42831
2020-12-27;"Prešovský kraj";40;867;47;914;NA;118685;87;2020-12-27;40892
2020-12-26;"Prešovský kraj";64;270;16;286;NA;118685;80;2020-12-26;40805
2020-12-25;"Prešovský kraj";208;359;12;371;NA;118685;220;2020-12-25;40725
2020-12-24;"Prešovský kraj";452;1686;134;1820;NA;118685;586;2020-12-24;40505
2020-12-23;"Prešovský kraj";361;14286;772;15058;NA;118685;1133;2020-12-23;39919
2020-12-22;"Prešovský kraj";439;12434;921;13355;NA;118685;1360;2020-12-22;38786
2020-12-21;"Prešovský kraj";432;13548;1228;14776;NA;118685;1660;2020-12-21;37426
2020-12-20;"Prešovský kraj";184;396;20;416;NA;118685;204;2020-12-20;35766
2020-12-19;"Prešovský kraj";276;1996;187;2183;NA;118685;463;2020-12-19;35562
2020-12-18;"Prešovský kraj";396;11491;788;12279;NA;118685;1184;2020-12-18;35099
2020-12-17;"Prešovský kraj";427;13293;1010;14303;NA;118685;1437;2020-12-17;33915
2020-12-16;"Prešovský kraj";466;8916;655;9571;NA;118685;1121;2020-12-16;32478
2020-12-15;"Prešovský kraj";411;8637;749;9386;NA;118685;1160;2020-12-15;31357
2020-12-14;"Prešovský kraj";334;9261;737;9998;NA;118685;1071;2020-12-14;30197
2020-12-13;"Prešovský kraj";89;29;8;37;NA;118685;97;2020-12-13;29126
2020-12-12;"Prešovský kraj";319;2518;166;2684;NA;118685;485;2020-12-12;29029
2020-12-11;"Prešovský kraj";560;8555;577;9132;NA;118685;1137;2020-12-11;28544
2020-12-10;"Prešovský kraj";337;7923;602;8525;NA;118685;939;2020-12-10;27407
2020-12-09;"Prešovský kraj";358;4949;364;5313;NA;118685;722;2020-12-09;26468
2020-12-08;"Prešovský kraj";350;10118;814;10932;NA;118685;1164;2020-12-08;25746
2020-12-07;"Prešovský kraj";309;6025;453;6478;NA;118685;762;2020-12-07;24582
2020-12-06;"Prešovský kraj";59;823;45;868;NA;118685;104;2020-12-06;23820
2020-12-05;"Prešovský kraj";218;1058;89;1147;NA;118685;307;2020-12-05;23716
2020-12-04;"Prešovský kraj";352;6536;348;6884;NA;118685;700;2020-12-04;23409
2020-12-03;"Prešovský kraj";284;3116;224;3340;NA;118685;508;2020-12-03;22709
2020-12-02;"Prešovský kraj";232;3556;270;3826;NA;118685;502;2020-12-02;22201
2020-12-01;"Prešovský kraj";281;2731;263;2994;NA;118685;544;2020-12-01;21699
2020-11-30;"Prešovský kraj";196;5608;105;5713;NA;118685;301;2020-11-30;21155
2020-11-29;"Prešovský kraj";27;0;0;0;NA;118685;27;2020-11-29;20854
2020-11-28;"Prešovský kraj";199;82;13;95;NA;118685;212;2020-11-28;20827
2020-11-27;"Prešovský kraj";232;139;9;148;NA;118685;241;2020-11-27;20615
2020-11-26;"Prešovský kraj";263;121;15;136;NA;118685;278;2020-11-26;20374
2020-11-25;"Prešovský kraj";302;126;18;144;NA;118685;320;2020-11-25;20096
2020-11-24;"Prešovský kraj";365;70;16;86;NA;118685;381;2020-11-24;19776
2020-11-23;"Prešovský kraj";164;82;3;85;NA;118685;167;2020-11-23;19395
2020-11-22;"Prešovský kraj";46;0;0;0;NA;118685;46;2020-11-22;19228
2020-11-21;"Prešovský kraj";205;54;5;59;NA;118685;210;2020-11-21;19182
2020-11-20;"Prešovský kraj";363;100;3;103;NA;118685;366;2020-11-20;18972
2020-11-19;"Prešovský kraj";359;48;7;55;NA;118685;366;2020-11-19;18606
2020-11-18;"Prešovský kraj";270;90;7;97;NA;118685;277;2020-11-18;18240
2020-11-17;"Prešovský kraj";347;42;4;46;NA;118685;351;2020-11-17;17963
2020-11-16;"Prešovský kraj";226;131;5;136;NA;118685;231;2020-11-16;17612
2020-11-15;"Prešovský kraj";186;0;0;0;NA;118685;186;2020-11-15;17381
2020-11-14;"Prešovský kraj";261;0;0;0;NA;118685;261;2020-11-14;17195
2020-11-13;"Prešovský kraj";395;0;0;0;NA;118685;395;2020-11-13;16934
2020-11-12;"Prešovský kraj";397;0;0;0;NA;118685;397;2020-11-12;16539
2020-11-11;"Prešovský kraj";516;0;0;0;NA;118685;516;2020-11-11;16142
2020-11-10;"Prešovský kraj";437;0;0;0;NA;118685;437;2020-11-10;15626
2020-11-09;"Prešovský kraj";190;0;0;0;NA;118685;190;2020-11-09;15189
2020-11-08;"Prešovský kraj";97;0;0;0;NA;118685;97;2020-11-08;14999
2020-11-07;"Prešovský kraj";416;0;0;0;NA;118685;416;2020-11-07;14902
2020-11-06;"Prešovský kraj";520;0;0;0;NA;118685;520;2020-11-06;14486
2020-11-05;"Prešovský kraj";397;0;0;0;NA;118685;397;2020-11-05;13966
2020-11-04;"Prešovský kraj";350;0;0;0;NA;118685;350;2020-11-04;13569
2020-11-03;"Prešovský kraj";565;0;0;0;NA;118685;565;2020-11-03;13219
2020-11-02;"Prešovský kraj";203;0;0;0;NA;118685;203;2020-11-02;12654
2020-11-01;"Prešovský kraj";386;0;0;0;NA;118685;386;2020-11-01;12451
2020-10-31;"Prešovský kraj";315;0;0;0;NA;118685;315;2020-10-31;12065
2020-10-30;"Prešovský kraj";552;0;0;0;NA;118685;552;2020-10-30;11750
2020-10-29;"Prešovský kraj";594;0;0;0;NA;118685;594;2020-10-29;11198
2020-10-28;"Prešovský kraj";617;0;0;0;NA;118685;617;2020-10-28;10604
2020-10-27;"Prešovský kraj";656;0;0;0;NA;118685;656;2020-10-27;9987
2020-10-26;"Prešovský kraj";137;0;0;0;NA;118685;137;2020-10-26;9331
2020-10-25;"Prešovský kraj";237;0;0;0;NA;118685;237;2020-10-25;9194
2020-10-24;"Prešovský kraj";719;0;0;0;NA;118685;719;2020-10-24;8957
2020-10-23;"Prešovský kraj";750;0;0;0;NA;118685;750;2020-10-23;8238
2020-10-22;"Prešovský kraj";646;0;0;0;NA;118685;646;2020-10-22;7488
2020-10-21;"Prešovský kraj";383;0;0;0;NA;118685;383;2020-10-21;6842
2020-10-20;"Prešovský kraj";493;0;0;0;NA;118685;493;2020-10-20;6459
2020-10-19;"Prešovský kraj";140;0;0;0;NA;118685;140;2020-10-19;5966
2020-10-18;"Prešovský kraj";209;0;0;0;NA;118685;209;2020-10-18;5826
2020-10-17;"Prešovský kraj";342;0;0;0;NA;118685;342;2020-10-17;5617
2020-10-16;"Prešovský kraj";388;0;0;0;NA;118685;388;2020-10-16;5275
2020-10-15;"Prešovský kraj";435;0;0;0;NA;118685;435;2020-10-15;4887
2020-10-14;"Prešovský kraj";451;0;0;0;NA;118685;451;2020-10-14;4452
2020-10-13;"Prešovský kraj";264;0;0;0;NA;118685;264;2020-10-13;4001
2020-10-12;"Prešovský kraj";214;0;0;0;NA;118685;214;2020-10-12;3737
2020-10-11;"Prešovský kraj";127;0;0;0;NA;118685;127;2020-10-11;3523
2020-10-10;"Prešovský kraj";248;0;0;0;NA;118685;248;2020-10-10;3396
2020-10-09;"Prešovský kraj";406;0;0;0;NA;118685;406;2020-10-09;3148
2020-10-08;"Prešovský kraj";245;0;0;0;NA;118685;245;2020-10-08;2742
2020-10-07;"Prešovský kraj";244;0;0;0;NA;118685;244;2020-10-07;2497
2020-10-06;"Prešovský kraj";166;0;0;0;NA;118685;166;2020-10-06;2253
2020-10-05;"Prešovský kraj";84;0;0;0;NA;118685;84;2020-10-05;2087
2020-10-04;"Prešovský kraj";118;0;0;0;NA;118685;118;2020-10-04;2003
2020-10-03;"Prešovský kraj";204;0;0;0;NA;118685;204;2020-10-03;1885
2020-10-02;"Prešovský kraj";149;0;0;0;NA;118685;149;2020-10-02;1681
2020-10-01;"Prešovský kraj";136;0;0;0;NA;118685;136;2020-10-01;1532
2020-09-30;"Prešovský kraj";121;0;0;0;NA;118685;121;2020-09-30;1396
2020-09-29;"Prešovský kraj";156;0;0;0;NA;118685;156;2020-09-29;1275
2020-09-28;"Prešovský kraj";51;0;0;0;NA;118685;51;2020-09-28;1119
2020-09-27;"Prešovský kraj";10;0;0;0;NA;118685;10;2020-09-27;1068
2020-09-26;"Prešovský kraj";72;0;0;0;NA;118685;72;2020-09-26;1058
2020-09-25;"Prešovský kraj";91;0;0;0;NA;118685;91;2020-09-25;986
2020-09-24;"Prešovský kraj";52;0;0;0;NA;118685;52;2020-09-24;895
2020-09-23;"Prešovský kraj";55;0;0;0;NA;118685;55;2020-09-23;843
2020-09-22;"Prešovský kraj";29;0;0;0;NA;118685;29;2020-09-22;788
2020-09-21;"Prešovský kraj";14;0;0;0;NA;118685;14;2020-09-21;759
2020-09-20;"Prešovský kraj";5;0;0;0;NA;118685;5;2020-09-20;745
2020-09-19;"Prešovský kraj";12;0;0;0;NA;118685;12;2020-09-19;740
2020-09-18;"Prešovský kraj";29;0;0;0;NA;118685;29;2020-09-18;728
2020-09-17;"Prešovský kraj";25;0;0;0;NA;118685;25;2020-09-17;699
2020-09-16;"Prešovský kraj";8;0;0;0;NA;118685;8;2020-09-16;674
2020-09-15;"Prešovský kraj";10;0;0;0;NA;118685;10;2020-09-15;666
2020-09-14;"Prešovský kraj";47;0;0;0;NA;118685;47;2020-09-14;656
2020-09-13;"Prešovský kraj";3;0;0;0;NA;118685;3;2020-09-13;609
2020-09-12;"Prešovský kraj";4;0;0;0;NA;118685;4;2020-09-12;606
2020-09-11;"Prešovský kraj";15;0;0;0;NA;118685;15;2020-09-11;602
2020-09-10;"Prešovský kraj";10;0;0;0;NA;118685;10;2020-09-10;587
2020-09-09;"Prešovský kraj";21;0;0;0;NA;118685;21;2020-09-09;577
2020-09-08;"Prešovský kraj";23;0;0;0;NA;118685;23;2020-09-08;556
2020-09-07;"Prešovský kraj";5;0;0;0;NA;118685;5;2020-09-07;533
2020-09-06;"Prešovský kraj";3;0;0;0;NA;118685;3;2020-09-06;528
2020-09-05;"Prešovský kraj";7;0;0;0;NA;118685;7;2020-09-05;525
2020-09-04;"Prešovský kraj";24;0;0;0;NA;118685;24;2020-09-04;518
2020-09-03;"Prešovský kraj";8;0;0;0;NA;118685;8;2020-09-03;494
2020-09-02;"Prešovský kraj";9;0;0;0;NA;118685;9;2020-09-02;486
2020-09-01;"Prešovský kraj";6;0;0;0;NA;118685;6;2020-09-01;477
2020-08-31;"Prešovský kraj";3;0;0;0;NA;118685;3;2020-08-31;471
2020-08-30;"Prešovský kraj";6;0;0;0;NA;118685;6;2020-08-30;468
2020-08-29;"Prešovský kraj";4;0;0;0;NA;118685;4;2020-08-29;462
2020-08-28;"Prešovský kraj";6;0;0;0;NA;118685;6;2020-08-28;458
2020-08-27;"Prešovský kraj";7;0;0;0;NA;118685;7;2020-08-27;452
2020-08-26;"Prešovský kraj";22;0;0;0;NA;118685;22;2020-08-26;445
2020-08-25;"Prešovský kraj";1;0;0;0;NA;118685;1;2020-08-25;423
2020-08-24;"Prešovský kraj";5;0;0;0;NA;118685;5;2020-08-24;422
2020-08-23;"Prešovský kraj";3;0;0;0;NA;118685;3;2020-08-23;417
2020-08-22;"Prešovský kraj";3;0;0;0;NA;118685;3;2020-08-22;414
2020-08-21;"Prešovský kraj";11;0;0;0;NA;118685;11;2020-08-21;411
2020-08-20;"Prešovský kraj";8;0;0;0;NA;118685;8;2020-08-20;400
2020-08-19;"Prešovský kraj";8;0;0;0;NA;118685;8;2020-08-19;392
2020-08-18;"Prešovský kraj";6;0;0;0;NA;118685;6;2020-08-18;384
2020-08-17;"Prešovský kraj";1;0;0;0;NA;118685;1;2020-08-17;378
2020-08-16;"Prešovský kraj";0;0;0;0;NA;118685;0;2020-08-16;377
2020-08-15;"Prešovský kraj";8;0;0;0;NA;118685;8;2020-08-15;377
2020-08-14;"Prešovský kraj";6;0;0;0;NA;118685;6;2020-08-14;369
2020-08-13;"Prešovský kraj";8;0;0;0;NA;118685;8;2020-08-13;363
2020-08-12;"Prešovský kraj";19;0;0;0;NA;118685;19;2020-08-12;355
2020-08-11;"Prešovský kraj";3;0;0;0;NA;118685;3;2020-08-11;336
2020-08-10;"Prešovský kraj";0;0;0;0;NA;118685;0;2020-08-10;333
2020-08-09;"Prešovský kraj";0;0;0;0;NA;118685;0;2020-08-09;333
2020-08-08;"Prešovský kraj";2;0;0;0;NA;118685;2;2020-08-08;333
2020-08-07;"Prešovský kraj";6;0;0;0;NA;118685;6;2020-08-07;331
2020-08-06;"Prešovský kraj";2;0;0;0;NA;118685;2;2020-08-06;325
2020-08-05;"Prešovský kraj";8;0;0;0;NA;118685;8;2020-08-05;323
2020-08-04;"Prešovský kraj";5;0;0;0;NA;118685;5;2020-08-04;315
2020-08-03;"Prešovský kraj";4;0;0;0;NA;118685;4;2020-08-03;310
2020-08-02;"Prešovský kraj";6;0;0;0;NA;118685;6;2020-08-02;306
2020-08-01;"Prešovský kraj";0;0;0;0;NA;118685;0;2020-08-01;300
2020-07-31;"Prešovský kraj";2;0;0;0;NA;118685;2;2020-07-31;300
2020-07-30;"Prešovský kraj";6;0;0;0;NA;118685;6;2020-07-30;298
2020-07-29;"Prešovský kraj";5;0;0;0;NA;118685;5;2020-07-29;292
2020-07-28;"Prešovský kraj";0;0;0;0;NA;118685;0;2020-07-28;287
2020-07-27;"Prešovský kraj";1;0;0;0;NA;118685;1;2020-07-27;287
2020-07-26;"Prešovský kraj";1;0;0;0;NA;118685;1;2020-07-26;286
2020-07-25;"Prešovský kraj";21;0;0;0;NA;118685;21;2020-07-25;285
2020-07-24;"Prešovský kraj";1;0;0;0;NA;118685;1;2020-07-24;264
2020-07-23;"Prešovský kraj";5;0;0;0;NA;118685;5;2020-07-23;263
2020-07-22;"Prešovský kraj";1;0;0;0;NA;118685;1;2020-07-22;258
2020-07-21;"Prešovský kraj";2;0;0;0;NA;118685;2;2020-07-21;257
2020-07-20;"Prešovský kraj";1;0;0;0;NA;118685;1;2020-07-20;255
2020-07-19;"Prešovský kraj";0;0;0;0;NA;118685;0;2020-07-19;254
2020-07-18;"Prešovský kraj";0;0;0;0;NA;118685;0;2020-07-18;254
2020-07-17;"Prešovský kraj";3;0;0;0;NA;118685;3;2020-07-17;254
2020-07-16;"Prešovský kraj";1;0;0;0;NA;118685;1;2020-07-16;251
2020-07-15;"Prešovský kraj";5;0;0;0;NA;118685;5;2020-07-15;250
2020-07-14;"Prešovský kraj";5;0;0;0;NA;118685;5;2020-07-14;245
2020-07-13;"Prešovský kraj";1;0;0;0;NA;118685;1;2020-07-13;240
2020-07-12;"Prešovský kraj";1;0;0;0;NA;118685;1;2020-07-12;239
2020-07-11;"Prešovský kraj";6;0;0;0;NA;118685;6;2020-07-11;238
2020-07-10;"Prešovský kraj";5;0;0;0;NA;118685;5;2020-07-10;232
2020-07-09;"Prešovský kraj";2;0;0;0;NA;118685;2;2020-07-09;227
2020-07-08;"Prešovský kraj";14;0;0;0;NA;118685;14;2020-07-08;225
2020-07-07;"Prešovský kraj";2;0;0;0;NA;118685;2;2020-07-07;211
2020-07-06;"Prešovský kraj";0;0;0;0;NA;118685;0;2020-07-06;209
2020-07-05;"Prešovský kraj";0;0;0;0;NA;118685;0;2020-07-05;209
2020-07-04;"Prešovský kraj";1;0;0;0;NA;118685;1;2020-07-04;209
2020-07-03;"Prešovský kraj";3;0;0;0;NA;118685;3;2020-07-03;208
2020-07-02;"Prešovský kraj";0;0;0;0;NA;118685;0;2020-07-02;205
2020-07-01;"Prešovský kraj";0;0;0;0;NA;118685;0;2020-07-01;205
2020-06-30;"Prešovský kraj";7;0;0;0;NA;118685;7;2020-06-30;205
2020-06-29;"Prešovský kraj";0;0;0;0;NA;118685;0;2020-06-29;198
2020-06-28;"Prešovský kraj";0;0;0;0;NA;118685;0;2020-06-28;198
2020-06-27;"Prešovský kraj";3;0;0;0;NA;118685;3;2020-06-27;198
2020-06-26;"Prešovský kraj";3;0;0;0;NA;118685;3;2020-06-26;195
2020-06-25;"Prešovský kraj";0;0;0;0;NA;118685;0;2020-06-25;192
2020-06-24;"Prešovský kraj";4;0;0;0;NA;118685;4;2020-06-24;192
2020-06-23;"Prešovský kraj";0;0;0;0;NA;118685;0;2020-06-23;188
2020-06-22;"Prešovský kraj";0;0;0;0;NA;118685;0;2020-06-22;188
2020-06-21;"Prešovský kraj";0;0;0;0;NA;118685;0;2020-06-21;188
2020-06-20;"Prešovský kraj";0;0;0;0;NA;118685;0;2020-06-20;188
2020-06-19;"Prešovský kraj";1;0;0;0;NA;118685;1;2020-06-19;188
2020-06-18;"Prešovský kraj";0;0;0;0;NA;118685;0;2020-06-18;187
2020-06-17;"Prešovský kraj";0;0;0;0;NA;118685;0;2020-06-17;187
2020-06-16;"Prešovský kraj";6;0;0;0;NA;118685;6;2020-06-16;187
2020-06-14;"Prešovský kraj";0;0;0;0;NA;118685;0;2020-06-14;181
2020-06-13;"Prešovský kraj";0;0;0;0;NA;118685;0;2020-06-13;181
2020-06-12;"Prešovský kraj";1;0;0;0;NA;118685;1;2020-06-12;181
2020-06-11;"Prešovský kraj";0;0;0;0;NA;118685;0;2020-06-11;180
2020-06-10;"Prešovský kraj";0;0;0;0;NA;118685;0;2020-06-10;180
2020-06-09;"Prešovský kraj";0;0;0;0;NA;118685;0;2020-06-09;180
2020-06-08;"Prešovský kraj";0;0;0;0;NA;118685;0;2020-06-08;180
2020-06-07;"Prešovský kraj";0;0;0;0;NA;118685;0;2020-06-07;180
2020-06-05;"Prešovský kraj";0;0;0;0;NA;118685;0;2020-06-05;180
2020-06-03;"Prešovský kraj";0;0;0;0;NA;118685;0;2020-06-03;180
2020-06-02;"Prešovský kraj";1;0;0;0;NA;118685;1;2020-06-02;180
2020-05-31;"Prešovský kraj";1;0;0;0;NA;118685;1;2020-05-31;179
2020-05-29;"Prešovský kraj";0;0;0;0;NA;118685;0;2020-05-29;178
2020-05-27;"Prešovský kraj";0;0;0;0;NA;118685;0;2020-05-27;178
2020-05-26;"Prešovský kraj";0;0;0;0;NA;118685;0;2020-05-26;178
2020-05-25;"Prešovský kraj";0;0;0;0;NA;118685;0;2020-05-25;178
2020-05-24;"Prešovský kraj";0;0;0;0;NA;118685;0;2020-05-24;178
2020-05-23;"Prešovský kraj";0;0;0;0;NA;118685;0;2020-05-23;178
2020-05-22;"Prešovský kraj";0;0;0;0;NA;118685;0;2020-05-22;178
2020-05-21;"Prešovský kraj";1;0;0;0;NA;118685;1;2020-05-21;178
2020-05-20;"Prešovský kraj";0;0;0;0;NA;118685;0;2020-05-20;177
2020-05-19;"Prešovský kraj";0;0;0;0;NA;118685;0;2020-05-19;177
2020-05-17;"Prešovský kraj";0;0;0;0;NA;118685;0;2020-05-17;177
2020-05-16;"Prešovský kraj";0;0;0;0;NA;118685;0;2020-05-16;177
2020-05-15;"Prešovský kraj";0;0;0;0;NA;118685;0;2020-05-15;177
2020-05-14;"Prešovský kraj";0;0;0;0;NA;118685;0;2020-05-14;177
2020-05-13;"Prešovský kraj";1;0;0;0;NA;118685;1;2020-05-13;177
2020-05-12;"Prešovský kraj";0;0;0;0;NA;118685;0;2020-05-12;176
2020-05-11;"Prešovský kraj";1;0;0;0;NA;118685;1;2020-05-11;176
2020-05-09;"Prešovský kraj";0;0;0;0;NA;118685;0;2020-05-09;175
2020-05-07;"Prešovský kraj";0;0;0;0;NA;118685;0;2020-05-07;175
2020-05-06;"Prešovský kraj";0;0;0;0;NA;118685;0;2020-05-06;175
2020-05-05;"Prešovský kraj";1;0;0;0;NA;118685;1;2020-05-05;175
2020-05-04;"Prešovský kraj";0;0;0;0;NA;118685;0;2020-05-04;174
2020-05-03;"Prešovský kraj";0;0;0;0;NA;118685;0;2020-05-03;174
2020-05-02;"Prešovský kraj";0;0;0;0;NA;118685;0;2020-05-02;174
2020-05-01;"Prešovský kraj";2;0;0;0;NA;118685;2;2020-05-01;174
2020-04-30;"Prešovský kraj";0;0;0;0;NA;118685;0;2020-04-30;172
2020-04-29;"Prešovský kraj";1;0;0;0;NA;118685;1;2020-04-29;172
2020-04-28;"Prešovský kraj";1;0;0;0;NA;118685;1;2020-04-28;171
2020-04-27;"Prešovský kraj";2;0;0;0;NA;118685;2;2020-04-27;170
2020-04-26;"Prešovský kraj";0;0;0;0;NA;118685;0;2020-04-26;168
2020-04-25;"Prešovský kraj";0;0;0;0;NA;118685;0;2020-04-25;168
2020-04-24;"Prešovský kraj";0;0;0;0;NA;118685;0;2020-04-24;168
2020-04-23;"Prešovský kraj";2;0;0;0;NA;118685;2;2020-04-23;168
2020-04-22;"Prešovský kraj";11;0;0;0;NA;118685;11;2020-04-22;166
2020-04-21;"Prešovský kraj";12;0;0;0;NA;118685;12;2020-04-21;155
2020-04-20;"Prešovský kraj";2;0;0;0;NA;118685;2;2020-04-20;143
2020-04-19;"Prešovský kraj";4;0;0;0;NA;118685;4;2020-04-19;141
2020-04-18;"Prešovský kraj";1;0;0;0;NA;118685;1;2020-04-18;137
2020-04-17;"Prešovský kraj";4;0;0;0;NA;118685;4;2020-04-17;136
2020-04-16;"Prešovský kraj";9;0;0;0;NA;118685;9;2020-04-16;132
2020-04-15;"Prešovský kraj";21;0;0;0;NA;118685;21;2020-04-15;123
2020-04-14;"Prešovský kraj";1;0;0;0;NA;118685;1;2020-04-14;102
2020-04-13;"Prešovský kraj";2;0;0;0;NA;118685;2;2020-04-13;101
2020-04-12;"Prešovský kraj";6;0;0;0;NA;118685;6;2020-04-12;99
2020-04-11;"Prešovský kraj";4;0;0;0;NA;118685;4;2020-04-11;93
2020-04-10;"Prešovský kraj";0;0;0;0;NA;118685;0;2020-04-10;89
2020-04-09;"Prešovský kraj";1;0;0;0;NA;118685;1;2020-04-09;89
2020-04-08;"Prešovský kraj";0;0;0;0;NA;118685;0;2020-04-08;88
2020-04-07;"Prešovský kraj";7;0;0;0;NA;118685;7;2020-04-07;88
2020-04-06;"Prešovský kraj";10;0;0;0;NA;118685;10;2020-04-06;81
2020-04-05;"Prešovský kraj";13;0;0;0;NA;118685;13;2020-04-05;71
2020-04-04;"Prešovský kraj";1;0;0;0;NA;118685;1;2020-04-04;58
2020-04-03;"Prešovský kraj";4;0;0;0;NA;118685;4;2020-04-03;57
2020-04-02;"Prešovský kraj";6;0;0;0;NA;118685;6;2020-04-02;53
2020-04-01;"Prešovský kraj";6;0;0;0;NA;118685;6;2020-04-01;47
2020-03-31;"Prešovský kraj";6;0;0;0;NA;118685;6;2020-03-31;41
2020-03-30;"Prešovský kraj";2;0;0;0;NA;118685;2;2020-03-30;35
2020-03-29;"Prešovský kraj";2;0;0;0;NA;118685;2;2020-03-29;33
2020-03-28;"Prešovský kraj";2;0;0;0;NA;118685;2;2020-03-28;31
2020-03-27;"Prešovský kraj";1;0;0;0;NA;118685;1;2020-03-27;29
2020-03-26;"Prešovský kraj";8;0;0;0;NA;118685;8;2020-03-26;28
2020-03-25;"Prešovský kraj";1;0;0;0;NA;118685;1;2020-03-25;20
2020-03-24;"Prešovský kraj";4;0;0;0;NA;118685;4;2020-03-24;19
2020-03-23;"Prešovský kraj";0;0;0;0;NA;118685;0;2020-03-23;15
2020-03-22;"Prešovský kraj";1;0;0;0;NA;118685;1;2020-03-22;15
2020-03-21;"Prešovský kraj";2;0;0;0;NA;118685;2;2020-03-21;14
2020-03-20;"Prešovský kraj";3;0;0;0;NA;118685;3;2020-03-20;12
2020-03-19;"Prešovský kraj";2;0;0;0;NA;118685;2;2020-03-19;9
2020-03-18;"Prešovský kraj";1;0;0;0;NA;118685;1;2020-03-18;7
2020-03-17;"Prešovský kraj";1;0;0;0;NA;118685;1;2020-03-17;6
2020-03-16;"Prešovský kraj";4;0;0;0;NA;118685;4;2020-03-16;5
2020-03-15;"Prešovský kraj";0;0;0;0;NA;118685;0;2020-03-15;1
2020-03-14;"Prešovský kraj";1;0;0;0;NA;118685;1;2020-03-14;1
2020-03-13;"Prešovský kraj";0;0;0;0;NA;118685;0;2020-03-13;0
2020-03-12;"Prešovský kraj";0;0;0;0;NA;118685;0;2020-03-12;0
2020-03-11;"Prešovský kraj";0;0;0;0;NA;118685;0;2020-03-11;0
2020-03-09;"Prešovský kraj";0;0;0;0;NA;118685;0;2020-03-09;0
2020-03-08;"Prešovský kraj";0;0;0;0;NA;118685;0;2020-03-08;0
2020-03-07;"Prešovský kraj";0;0;0;0;NA;118685;0;2020-03-07;0
2020-03-06;"Prešovský kraj";0;0;0;0;NA;118685;0;2020-03-06;0
2021-06-14;"Trenčiansky kraj";10;3710;12;3722;53189;106322;22;2021-06-14;106322
2021-06-13;"Trenčiansky kraj";0;3950;4;3954;NA;106322;4;2021-06-13;106300
2021-06-12;"Trenčiansky kraj";4;4616;6;4622;NA;106322;10;2021-06-12;106296
2021-06-11;"Trenčiansky kraj";10;6512;11;6523;NA;106322;21;2021-06-11;106286
2021-06-10;"Trenčiansky kraj";5;3315;7;3322;NA;106322;12;2021-06-10;106265
2021-06-09;"Trenčiansky kraj";7;3343;6;3349;NA;106322;13;2021-06-09;106253
2021-06-08;"Trenčiansky kraj";21;3721;7;3728;NA;106322;28;2021-06-08;106240
2021-06-07;"Trenčiansky kraj";13;4944;10;4954;NA;106322;23;2021-06-07;106212
2021-06-06;"Trenčiansky kraj";0;4659;9;4668;NA;106322;9;2021-06-06;106189
2021-06-05;"Trenčiansky kraj";7;5712;4;5716;NA;106322;11;2021-06-05;106180
2021-06-04;"Trenčiansky kraj";16;6800;3;6803;NA;106322;19;2021-06-04;106169
2021-06-03;"Trenčiansky kraj";9;3978;9;3987;NA;106322;18;2021-06-03;106150
2021-06-02;"Trenčiansky kraj";28;4420;8;4428;NA;106322;36;2021-06-02;106132
2021-06-01;"Trenčiansky kraj";22;4513;17;4530;NA;106322;39;2021-06-01;106096
2021-05-31;"Trenčiansky kraj";30;5495;24;5519;NA;106322;54;2021-05-31;106057
2021-05-30;"Trenčiansky kraj";0;7365;15;7380;NA;106322;15;2021-05-30;106003
2021-05-29;"Trenčiansky kraj";13;6914;13;6927;NA;106322;26;2021-05-29;105988
2021-05-28;"Trenčiansky kraj";22;8128;25;8153;NA;106322;47;2021-05-28;105962
2021-05-27;"Trenčiansky kraj";6;5390;12;5402;NA;106322;18;2021-05-27;105915
2021-05-26;"Trenčiansky kraj";26;4534;13;4547;NA;106322;39;2021-05-26;105897
2021-05-25;"Trenčiansky kraj";18;5857;21;5878;NA;106322;39;2021-05-25;105858
2021-05-24;"Trenčiansky kraj";19;9239;37;9276;NA;106322;56;2021-05-24;105819
2021-05-23;"Trenčiansky kraj";0;8572;24;8596;NA;106322;24;2021-05-23;105763
2021-05-22;"Trenčiansky kraj";11;10344;12;10356;NA;106322;23;2021-05-22;105739
2021-05-21;"Trenčiansky kraj";23;10844;25;10869;NA;106322;48;2021-05-21;105716
2021-05-20;"Trenčiansky kraj";23;5753;23;5776;NA;106322;46;2021-05-20;105668
2021-05-19;"Trenčiansky kraj";16;5123;34;5157;NA;106322;50;2021-05-19;105622
2021-05-18;"Trenčiansky kraj";26;7845;26;7871;NA;106322;52;2021-05-18;105572
2021-05-17;"Trenčiansky kraj";37;6954;39;6993;NA;106322;76;2021-05-17;105520
2021-05-16;"Trenčiansky kraj";25;14713;30;14743;NA;106322;55;2021-05-16;105444
2021-05-15;"Trenčiansky kraj";3;19890;26;19916;NA;106322;29;2021-05-15;105389
2021-05-14;"Trenčiansky kraj";41;17484;39;17523;NA;106322;80;2021-05-14;105360
2021-05-13;"Trenčiansky kraj";41;8707;27;8734;NA;106322;68;2021-05-13;105280
2021-05-12;"Trenčiansky kraj";41;7850;32;7882;NA;106322;73;2021-05-12;105212
2021-05-11;"Trenčiansky kraj";66;10843;33;10876;NA;106322;99;2021-05-11;105139
2021-05-10;"Trenčiansky kraj";48;13023;55;13078;NA;106322;103;2021-05-10;105040
2021-05-09;"Trenčiansky kraj";52;16372;32;16404;NA;106322;84;2021-05-09;104937
2021-05-08;"Trenčiansky kraj";3;22632;31;22663;NA;106322;34;2021-05-08;104853
2021-05-07;"Trenčiansky kraj";45;21545;44;21589;NA;106322;89;2021-05-07;104819
2021-05-06;"Trenčiansky kraj";26;10865;44;10909;NA;106322;70;2021-05-06;104730
2021-05-05;"Trenčiansky kraj";73;9638;42;9680;NA;106322;115;2021-05-05;104660
2021-05-04;"Trenčiansky kraj";55;12887;53;12940;NA;106322;108;2021-05-04;104545
2021-05-03;"Trenčiansky kraj";60;15745;55;15800;NA;106322;115;2021-05-03;104437
2021-05-02;"Trenčiansky kraj";0;34168;66;34234;NA;106322;66;2021-05-02;104322
2021-05-01;"Trenčiansky kraj";71;59762;61;59823;NA;106322;132;2021-05-01;104256
2021-04-30;"Trenčiansky kraj";77;31044;69;31113;NA;106322;146;2021-04-30;104124
2021-04-29;"Trenčiansky kraj";49;14558;63;14621;NA;106322;112;2021-04-29;103978
2021-04-28;"Trenčiansky kraj";79;13959;54;14013;NA;106322;133;2021-04-28;103866
2021-04-27;"Trenčiansky kraj";107;16256;41;16297;NA;106322;148;2021-04-27;103733
2021-04-26;"Trenčiansky kraj";52;23095;68;23163;NA;106322;120;2021-04-26;103585
2021-04-25;"Trenčiansky kraj";0;37407;52;37459;NA;106322;52;2021-04-25;103465
2021-04-24;"Trenčiansky kraj";76;77290;110;77400;NA;106322;186;2021-04-24;103413
2021-04-23;"Trenčiansky kraj";143;32851;86;32937;NA;106322;229;2021-04-23;103227
2021-04-22;"Trenčiansky kraj";71;14576;65;14641;NA;106322;136;2021-04-22;102998
2021-04-21;"Trenčiansky kraj";79;14068;67;14135;NA;106322;146;2021-04-21;102862
2021-04-20;"Trenčiansky kraj";142;18809;84;18893;NA;106322;226;2021-04-20;102716
2021-04-19;"Trenčiansky kraj";102;24346;108;24454;NA;106322;210;2021-04-19;102490
2021-04-18;"Trenčiansky kraj";3;42142;99;42241;NA;106322;102;2021-04-18;102280
2021-04-17;"Trenčiansky kraj";77;84639;150;84789;NA;106322;227;2021-04-17;102178
2021-04-16;"Trenčiansky kraj";100;33059;91;33150;NA;106322;191;2021-04-16;101951
2021-04-15;"Trenčiansky kraj";71;15539;72;15611;NA;106322;143;2021-04-15;101760
2021-04-14;"Trenčiansky kraj";135;17628;83;17711;NA;106322;218;2021-04-14;101617
2021-04-13;"Trenčiansky kraj";189;20197;81;20278;NA;106322;270;2021-04-13;101399
2021-04-12;"Trenčiansky kraj";97;26597;93;26690;NA;106322;190;2021-04-12;101129
2021-04-11;"Trenčiansky kraj";1;36349;80;36429;NA;106322;81;2021-04-11;100939
2021-04-10;"Trenčiansky kraj";81;85752;148;85900;NA;106322;229;2021-04-10;100858
2021-04-09;"Trenčiansky kraj";120;29999;100;30099;NA;106322;220;2021-04-09;100629
2021-04-08;"Trenčiansky kraj";112;14385;91;14476;NA;106322;203;2021-04-08;100409
2021-04-07;"Trenčiansky kraj";204;18395;125;18520;NA;106322;329;2021-04-07;100206
2021-04-06;"Trenčiansky kraj";157;30430;191;30621;NA;106322;348;2021-04-06;99877
2021-04-05;"Trenčiansky kraj";15;9905;69;9974;NA;106322;84;2021-04-05;99529
2021-04-04;"Trenčiansky kraj";2;20898;85;20983;NA;106322;87;2021-04-04;99445
2021-04-03;"Trenčiansky kraj";86;81804;227;82031;NA;106322;313;2021-04-03;99358
2021-04-02;"Trenčiansky kraj";126;22788;85;22873;NA;106322;211;2021-04-02;99045
2021-04-01;"Trenčiansky kraj";159;35334;152;35486;NA;106322;311;2021-04-01;98834
2021-03-31;"Trenčiansky kraj";198;21476;133;21609;NA;106322;331;2021-03-31;98523
2021-03-30;"Trenčiansky kraj";272;18580;150;18730;NA;106322;422;2021-03-30;98192
2021-03-29;"Trenčiansky kraj";142;21797;187;21984;NA;106322;329;2021-03-29;97770
2021-03-28;"Trenčiansky kraj";3;36576;118;36694;NA;106322;121;2021-03-28;97441
2021-03-27;"Trenčiansky kraj";130;78731;300;79031;NA;106322;430;2021-03-27;97320
2021-03-26;"Trenčiansky kraj";211;38523;161;38684;NA;106322;372;2021-03-26;96890
2021-03-25;"Trenčiansky kraj";184;18085;199;18284;NA;106322;383;2021-03-25;96518
2021-03-24;"Trenčiansky kraj";259;14023;181;14204;NA;106322;440;2021-03-24;96135
2021-03-23;"Trenčiansky kraj";349;19351;190;19541;NA;106322;539;2021-03-23;95695
2021-03-22;"Trenčiansky kraj";141;22230;228;22458;NA;106322;369;2021-03-22;95156
2021-03-21;"Trenčiansky kraj";85;34608;170;34778;NA;106322;255;2021-03-21;94787
2021-03-20;"Trenčiansky kraj";128;81834;331;82165;NA;106322;459;2021-03-20;94532
2021-03-19;"Trenčiansky kraj";231;36753;240;36993;NA;106322;471;2021-03-19;94073
2021-03-18;"Trenčiansky kraj";262;17791;202;17993;NA;106322;464;2021-03-18;93602
2021-03-17;"Trenčiansky kraj";366;14633;176;14809;NA;106322;542;2021-03-17;93138
2021-03-16;"Trenčiansky kraj";450;16299;251;16550;NA;106322;701;2021-03-16;92596
2021-03-15;"Trenčiansky kraj";162;24193;300;24493;NA;106322;462;2021-03-15;91895
2021-03-14;"Trenčiansky kraj";42;37005;264;37269;NA;106322;306;2021-03-14;91433
2021-03-13;"Trenčiansky kraj";270;81954;463;82417;NA;106322;733;2021-03-13;91127
2021-03-12;"Trenčiansky kraj";366;38805;332;39137;NA;106322;698;2021-03-12;90394
2021-03-11;"Trenčiansky kraj";302;17180;223;17403;NA;106322;525;2021-03-11;89696
2021-03-10;"Trenčiansky kraj";402;15623;275;15898;NA;106322;677;2021-03-10;89171
2021-03-09;"Trenčiansky kraj";586;19823;313;20136;NA;106322;899;2021-03-09;88494
2021-03-08;"Trenčiansky kraj";174;25039;398;25437;NA;106322;572;2021-03-08;87595
2021-03-07;"Trenčiansky kraj";4;38175;345;38520;NA;106322;349;2021-03-07;87023
2021-03-06;"Trenčiansky kraj";260;84604;559;85163;NA;106322;819;2021-03-06;86674
2021-03-05;"Trenčiansky kraj";326;37357;457;37814;NA;106322;783;2021-03-05;85855
2021-03-04;"Trenčiansky kraj";323;18676;344;19020;NA;106322;667;2021-03-04;85072
2021-03-03;"Trenčiansky kraj";413;15240;371;15611;NA;106322;784;2021-03-03;84405
2021-03-02;"Trenčiansky kraj";612;21732;400;22132;NA;106322;1012;2021-03-02;83621
2021-03-01;"Trenčiansky kraj";217;24736;490;25226;NA;106322;707;2021-03-01;82609
2021-02-28;"Trenčiansky kraj";45;33145;413;33558;NA;106322;458;2021-02-28;81902
2021-02-27;"Trenčiansky kraj";277;83674;732;84406;NA;106322;1009;2021-02-27;81444
2021-02-26;"Trenčiansky kraj";420;36745;481;37226;NA;106322;901;2021-02-26;80435
2021-02-25;"Trenčiansky kraj";424;15361;354;15715;NA;106322;778;2021-02-25;79534
2021-02-24;"Trenčiansky kraj";427;13305;451;13756;NA;106322;878;2021-02-24;78756
2021-02-23;"Trenčiansky kraj";577;16962;437;17399;NA;106322;1014;2021-02-23;77878
2021-02-22;"Trenčiansky kraj";160;23336;558;23894;NA;106322;718;2021-02-22;76864
2021-02-21;"Trenčiansky kraj";64;33298;476;33774;NA;106322;540;2021-02-21;76146
2021-02-20;"Trenčiansky kraj";274;91319;875;92194;NA;106322;1149;2021-02-20;75606
2021-02-19;"Trenčiansky kraj";272;35910;613;36523;NA;106322;885;2021-02-19;74457
2021-02-18;"Trenčiansky kraj";355;16809;499;17308;NA;106322;854;2021-02-18;73572
2021-02-17;"Trenčiansky kraj";363;13148;459;13607;NA;106322;822;2021-02-17;72718
2021-02-16;"Trenčiansky kraj";488;19650;471;20121;NA;106322;959;2021-02-16;71896
2021-02-15;"Trenčiansky kraj";151;25556;594;26150;NA;106322;745;2021-02-15;70937
2021-02-14;"Trenčiansky kraj";2;34277;361;34638;NA;106322;363;2021-02-14;70192
2021-02-13;"Trenčiansky kraj";274;70253;604;70857;NA;106322;878;2021-02-13;69829
2021-02-12;"Trenčiansky kraj";276;33605;517;34122;NA;106322;793;2021-02-12;68951
2021-02-11;"Trenčiansky kraj";291;13642;377;14019;NA;106322;668;2021-02-11;68158
2021-02-10;"Trenčiansky kraj";304;13267;391;13658;NA;106322;695;2021-02-10;67490
2021-02-09;"Trenčiansky kraj";514;20960;450;21410;NA;106322;964;2021-02-09;66795
2021-02-08;"Trenčiansky kraj";182;33554;561;34115;NA;106322;743;2021-02-08;65831
2021-02-07;"Trenčiansky kraj";31;47544;432;47976;NA;106322;463;2021-02-07;65088
2021-02-06;"Trenčiansky kraj";216;68261;603;68864;NA;106322;819;2021-02-06;64625
2021-02-05;"Trenčiansky kraj";202;23052;515;23567;NA;106322;717;2021-02-05;63806
2021-02-04;"Trenčiansky kraj";266;9414;462;9876;NA;106322;728;2021-02-04;63089
2021-02-03;"Trenčiansky kraj";162;8528;478;9006;NA;106322;640;2021-02-03;62361
2021-02-02;"Trenčiansky kraj";347;10794;572;11366;NA;106322;919;2021-02-02;61721
2021-02-01;"Trenčiansky kraj";167;11239;471;11710;NA;106322;638;2021-02-01;60802
2021-01-31;"Trenčiansky kraj";7;21812;178;21990;NA;106322;185;2021-01-31;60164
2021-01-30;"Trenčiansky kraj";228;39297;335;39632;NA;106322;563;2021-01-30;59979
2021-01-29;"Trenčiansky kraj";214;9082;304;9386;NA;106322;518;2021-01-29;59416
2021-01-28;"Trenčiansky kraj";307;6405;225;6630;NA;106322;532;2021-01-28;58898
2021-01-27;"Trenčiansky kraj";166;5767;295;6062;NA;106322;461;2021-01-27;58366
2021-01-26;"Trenčiansky kraj";303;16297;345;16642;NA;106322;648;2021-01-26;57905
2021-01-25;"Trenčiansky kraj";160;44329;393;44722;NA;106322;553;2021-01-25;57257
2021-01-24;"Trenčiansky kraj";51;39543;290;39833;NA;106322;341;2021-01-24;56704
2021-01-23;"Trenčiansky kraj";206;128632;824;129456;NA;106322;1030;2021-01-23;56363
2021-01-22;"Trenčiansky kraj";148;26576;379;26955;NA;106322;527;2021-01-22;55333
2021-01-21;"Trenčiansky kraj";143;11915;226;12141;NA;106322;369;2021-01-21;54806
2021-01-20;"Trenčiansky kraj";181;11113;328;11441;NA;106322;509;2021-01-20;54437
2021-01-19;"Trenčiansky kraj";363;8555;373;8928;NA;106322;736;2021-01-19;53928
2021-01-18;"Trenčiansky kraj";72;5867;441;6308;NA;106322;513;2021-01-18;53192
2021-01-17;"Trenčiansky kraj";124;281;21;302;NA;106322;145;2021-01-17;52679
2021-01-16;"Trenčiansky kraj";39;1661;83;1744;NA;106322;122;2021-01-16;52534
2021-01-15;"Trenčiansky kraj";264;5329;323;5652;NA;106322;587;2021-01-15;52412
2021-01-14;"Trenčiansky kraj";275;3807;260;4067;NA;106322;535;2021-01-14;51825
2021-01-13;"Trenčiansky kraj";222;4663;269;4932;NA;106322;491;2021-01-13;51290
2021-01-12;"Trenčiansky kraj";508;5487;346;5833;NA;106322;854;2021-01-12;50799
2021-01-11;"Trenčiansky kraj";142;5355;477;5832;NA;106322;619;2021-01-11;49945
2021-01-10;"Trenčiansky kraj";89;4997;78;5075;NA;106322;167;2021-01-10;49326
2021-01-09;"Trenčiansky kraj";276;8670;149;8819;NA;106322;425;2021-01-09;49159
2021-01-08;"Trenčiansky kraj";489;7851;606;8457;NA;106322;1095;2021-01-08;48734
2021-01-07;"Trenčiansky kraj";420;7511;816;8327;NA;106322;1236;2021-01-07;47639
2021-01-06;"Trenčiansky kraj";221;1234;76;1310;NA;106322;297;2021-01-06;46403
2021-01-05;"Trenčiansky kraj";669;7814;966;8780;NA;106322;1635;2021-01-05;46106
2021-01-04;"Trenčiansky kraj";337;6947;1152;8099;NA;106322;1489;2021-01-04;44471
2021-01-03;"Trenčiansky kraj";38;167;17;184;NA;106322;55;2021-01-03;42982
2021-01-02;"Trenčiansky kraj";129;250;23;273;NA;106322;152;2021-01-02;42927
2021-01-01;"Trenčiansky kraj";329;408;23;431;NA;106322;352;2021-01-01;42775
2020-12-31;"Trenčiansky kraj";597;5788;654;6442;NA;106322;1251;2020-12-31;42423
2020-12-30;"Trenčiansky kraj";836;8156;909;9065;NA;106322;1745;2020-12-30;41172
2020-12-29;"Trenčiansky kraj";459;7042;1131;8173;NA;106322;1590;2020-12-29;39427
2020-12-28;"Trenčiansky kraj";258;5103;961;6064;NA;106322;1219;2020-12-28;37837
2020-12-27;"Trenčiansky kraj";5;210;36;246;NA;106322;41;2020-12-27;36618
2020-12-26;"Trenčiansky kraj";174;106;10;116;NA;106322;184;2020-12-26;36577
2020-12-25;"Trenčiansky kraj";251;376;51;427;NA;106322;302;2020-12-25;36393
2020-12-24;"Trenčiansky kraj";552;2315;266;2581;NA;106322;818;2020-12-24;36091
2020-12-23;"Trenčiansky kraj";421;7294;749;8043;NA;106322;1170;2020-12-23;35273
2020-12-22;"Trenčiansky kraj";673;6325;758;7083;NA;106322;1431;2020-12-22;34103
2020-12-21;"Trenčiansky kraj";248;14799;1180;15979;NA;106322;1428;2020-12-21;32672
2020-12-20;"Trenčiansky kraj";238;24667;565;25232;NA;106322;803;2020-12-20;31244
2020-12-19;"Trenčiansky kraj";341;1707;151;1858;NA;106322;492;2020-12-19;30441
2020-12-18;"Trenčiansky kraj";521;5587;675;6262;NA;106322;1196;2020-12-18;29949
2020-12-17;"Trenčiansky kraj";670;4181;568;4749;NA;106322;1238;2020-12-17;28753
2020-12-16;"Trenčiansky kraj";461;4836;685;5521;NA;106322;1146;2020-12-16;27515
2020-12-15;"Trenčiansky kraj";595;4211;739;4950;NA;106322;1334;2020-12-15;26369
2020-12-14;"Trenčiansky kraj";318;3477;686;4163;NA;106322;1004;2020-12-14;25035
2020-12-13;"Trenčiansky kraj";77;95;10;105;NA;106322;87;2020-12-13;24031
2020-12-12;"Trenčiansky kraj";314;1285;139;1424;NA;106322;453;2020-12-12;23944
2020-12-11;"Trenčiansky kraj";751;4396;559;4955;NA;106322;1310;2020-12-11;23491
2020-12-10;"Trenčiansky kraj";271;3700;521;4221;NA;106322;792;2020-12-10;22181
2020-12-09;"Trenčiansky kraj";508;4235;505;4740;NA;106322;1013;2020-12-09;21389
2020-12-08;"Trenčiansky kraj";546;3799;580;4379;NA;106322;1126;2020-12-08;20376
2020-12-07;"Trenčiansky kraj";258;4387;553;4940;NA;106322;811;2020-12-07;19250
2020-12-06;"Trenčiansky kraj";114;182;10;192;NA;106322;124;2020-12-06;18439
2020-12-05;"Trenčiansky kraj";223;610;56;666;NA;106322;279;2020-12-05;18315
2020-12-04;"Trenčiansky kraj";253;3201;281;3482;NA;106322;534;2020-12-04;18036
2020-12-03;"Trenčiansky kraj";503;1832;196;2028;NA;106322;699;2020-12-03;17502
2020-12-02;"Trenčiansky kraj";418;2234;284;2518;NA;106322;702;2020-12-02;16803
2020-12-01;"Trenčiansky kraj";321;5953;439;6392;NA;106322;760;2020-12-01;16101
2020-11-30;"Trenčiansky kraj";167;14439;617;15056;NA;106322;784;2020-11-30;15341
2020-11-29;"Trenčiansky kraj";29;0;0;0;NA;106322;29;2020-11-29;14557
2020-11-28;"Trenčiansky kraj";202;0;0;0;NA;106322;202;2020-11-28;14528
2020-11-27;"Trenčiansky kraj";330;304;15;319;NA;106322;345;2020-11-27;14326
2020-11-26;"Trenčiansky kraj";395;0;0;0;NA;106322;395;2020-11-26;13981
2020-11-25;"Trenčiansky kraj";322;0;0;0;NA;106322;322;2020-11-25;13586
2020-11-24;"Trenčiansky kraj";348;0;0;0;NA;106322;348;2020-11-24;13264
2020-11-23;"Trenčiansky kraj";159;0;0;0;NA;106322;159;2020-11-23;12916
2020-11-22;"Trenčiansky kraj";26;0;0;0;NA;106322;26;2020-11-22;12757
2020-11-21;"Trenčiansky kraj";255;0;0;0;NA;106322;255;2020-11-21;12731
2020-11-20;"Trenčiansky kraj";316;0;0;0;NA;106322;316;2020-11-20;12476
2020-11-19;"Trenčiansky kraj";316;0;0;0;NA;106322;316;2020-11-19;12160
2020-11-18;"Trenčiansky kraj";233;0;0;0;NA;106322;233;2020-11-18;11844
2020-11-17;"Trenčiansky kraj";222;0;0;0;NA;106322;222;2020-11-17;11611
2020-11-16;"Trenčiansky kraj";245;0;0;0;NA;106322;245;2020-11-16;11389
2020-11-15;"Trenčiansky kraj";109;0;0;0;NA;106322;109;2020-11-15;11144
2020-11-14;"Trenčiansky kraj";190;0;0;0;NA;106322;190;2020-11-14;11035
2020-11-13;"Trenčiansky kraj";308;0;0;0;NA;106322;308;2020-11-13;10845
2020-11-12;"Trenčiansky kraj";324;0;0;0;NA;106322;324;2020-11-12;10537
2020-11-11;"Trenčiansky kraj";366;0;0;0;NA;106322;366;2020-11-11;10213
2020-11-10;"Trenčiansky kraj";277;0;0;0;NA;106322;277;2020-11-10;9847
2020-11-09;"Trenčiansky kraj";115;0;0;0;NA;106322;115;2020-11-09;9570
2020-11-08;"Trenčiansky kraj";81;0;0;0;NA;106322;81;2020-11-08;9455
2020-11-07;"Trenčiansky kraj";319;0;0;0;NA;106322;319;2020-11-07;9374
2020-11-06;"Trenčiansky kraj";383;0;0;0;NA;106322;383;2020-11-06;9055
2020-11-05;"Trenčiansky kraj";399;0;0;0;NA;106322;399;2020-11-05;8672
2020-11-04;"Trenčiansky kraj";370;0;0;0;NA;106322;370;2020-11-04;8273
2020-11-03;"Trenčiansky kraj";575;0;0;0;NA;106322;575;2020-11-03;7903
2020-11-02;"Trenčiansky kraj";197;0;0;0;NA;106322;197;2020-11-02;7328
2020-11-01;"Trenčiansky kraj";257;0;0;0;NA;106322;257;2020-11-01;7131
2020-10-31;"Trenčiansky kraj";332;0;0;0;NA;106322;332;2020-10-31;6874
2020-10-30;"Trenčiansky kraj";299;0;0;0;NA;106322;299;2020-10-30;6542
2020-10-29;"Trenčiansky kraj";496;0;0;0;NA;106322;496;2020-10-29;6243
2020-10-28;"Trenčiansky kraj";269;0;0;0;NA;106322;269;2020-10-28;5747
2020-10-27;"Trenčiansky kraj";473;0;0;0;NA;106322;473;2020-10-27;5478
2020-10-26;"Trenčiansky kraj";177;0;0;0;NA;106322;177;2020-10-26;5005
2020-10-25;"Trenčiansky kraj";138;0;0;0;NA;106322;138;2020-10-25;4828
2020-10-24;"Trenčiansky kraj";395;0;0;0;NA;106322;395;2020-10-24;4690
2020-10-23;"Trenčiansky kraj";301;0;0;0;NA;106322;301;2020-10-23;4295
2020-10-22;"Trenčiansky kraj";273;0;0;0;NA;106322;273;2020-10-22;3994
2020-10-21;"Trenčiansky kraj";183;0;0;0;NA;106322;183;2020-10-21;3721
2020-10-20;"Trenčiansky kraj";212;0;0;0;NA;106322;212;2020-10-20;3538
2020-10-19;"Trenčiansky kraj";41;0;0;0;NA;106322;41;2020-10-19;3326
2020-10-18;"Trenčiansky kraj";104;0;0;0;NA;106322;104;2020-10-18;3285
2020-10-17;"Trenčiansky kraj";157;0;0;0;NA;106322;157;2020-10-17;3181
2020-10-16;"Trenčiansky kraj";225;0;0;0;NA;106322;225;2020-10-16;3024
2020-10-15;"Trenčiansky kraj";255;0;0;0;NA;106322;255;2020-10-15;2799
2020-10-14;"Trenčiansky kraj";162;0;0;0;NA;106322;162;2020-10-14;2544
2020-10-13;"Trenčiansky kraj";124;0;0;0;NA;106322;124;2020-10-13;2382
2020-10-12;"Trenčiansky kraj";55;0;0;0;NA;106322;55;2020-10-12;2258
2020-10-11;"Trenčiansky kraj";73;0;0;0;NA;106322;73;2020-10-11;2203
2020-10-10;"Trenčiansky kraj";180;0;0;0;NA;106322;180;2020-10-10;2130
2020-10-09;"Trenčiansky kraj";198;0;0;0;NA;106322;198;2020-10-09;1950
2020-10-08;"Trenčiansky kraj";115;0;0;0;NA;106322;115;2020-10-08;1752
2020-10-07;"Trenčiansky kraj";75;0;0;0;NA;106322;75;2020-10-07;1637
2020-10-06;"Trenčiansky kraj";72;0;0;0;NA;106322;72;2020-10-06;1562
2020-10-05;"Trenčiansky kraj";32;0;0;0;NA;106322;32;2020-10-05;1490
2020-10-04;"Trenčiansky kraj";37;0;0;0;NA;106322;37;2020-10-04;1458
2020-10-03;"Trenčiansky kraj";79;0;0;0;NA;106322;79;2020-10-03;1421
2020-10-02;"Trenčiansky kraj";69;0;0;0;NA;106322;69;2020-10-02;1342
2020-10-01;"Trenčiansky kraj";58;0;0;0;NA;106322;58;2020-10-01;1273
2020-09-30;"Trenčiansky kraj";76;0;0;0;NA;106322;76;2020-09-30;1215
2020-09-29;"Trenčiansky kraj";43;0;0;0;NA;106322;43;2020-09-29;1139
2020-09-28;"Trenčiansky kraj";7;0;0;0;NA;106322;7;2020-09-28;1096
2020-09-27;"Trenčiansky kraj";12;0;0;0;NA;106322;12;2020-09-27;1089
2020-09-26;"Trenčiansky kraj";37;0;0;0;NA;106322;37;2020-09-26;1077
2020-09-25;"Trenčiansky kraj";72;0;0;0;NA;106322;72;2020-09-25;1040
2020-09-24;"Trenčiansky kraj";41;0;0;0;NA;106322;41;2020-09-24;968
2020-09-23;"Trenčiansky kraj";32;0;0;0;NA;106322;32;2020-09-23;927
2020-09-22;"Trenčiansky kraj";26;0;0;0;NA;106322;26;2020-09-22;895
2020-09-21;"Trenčiansky kraj";23;0;0;0;NA;106322;23;2020-09-21;869
2020-09-20;"Trenčiansky kraj";21;0;0;0;NA;106322;21;2020-09-20;846
2020-09-19;"Trenčiansky kraj";20;0;0;0;NA;106322;20;2020-09-19;825
2020-09-18;"Trenčiansky kraj";41;0;0;0;NA;106322;41;2020-09-18;805
2020-09-17;"Trenčiansky kraj";20;0;0;0;NA;106322;20;2020-09-17;764
2020-09-16;"Trenčiansky kraj";14;0;0;0;NA;106322;14;2020-09-16;744
2020-09-15;"Trenčiansky kraj";8;0;0;0;NA;106322;8;2020-09-15;730
2020-09-14;"Trenčiansky kraj";5;0;0;0;NA;106322;5;2020-09-14;722
2020-09-13;"Trenčiansky kraj";12;0;0;0;NA;106322;12;2020-09-13;717
2020-09-12;"Trenčiansky kraj";2;0;0;0;NA;106322;2;2020-09-12;705
2020-09-11;"Trenčiansky kraj";27;0;0;0;NA;106322;27;2020-09-11;703
2020-09-10;"Trenčiansky kraj";15;0;0;0;NA;106322;15;2020-09-10;676
2020-09-09;"Trenčiansky kraj";11;0;0;0;NA;106322;11;2020-09-09;661
2020-09-08;"Trenčiansky kraj";12;0;0;0;NA;106322;12;2020-09-08;650
2020-09-07;"Trenčiansky kraj";6;0;0;0;NA;106322;6;2020-09-07;638
2020-09-06;"Trenčiansky kraj";1;0;0;0;NA;106322;1;2020-09-06;632
2020-09-05;"Trenčiansky kraj";3;0;0;0;NA;106322;3;2020-09-05;631
2020-09-04;"Trenčiansky kraj";9;0;0;0;NA;106322;9;2020-09-04;628
2020-09-03;"Trenčiansky kraj";10;0;0;0;NA;106322;10;2020-09-03;619
2020-09-02;"Trenčiansky kraj";5;0;0;0;NA;106322;5;2020-09-02;609
2020-09-01;"Trenčiansky kraj";1;0;0;0;NA;106322;1;2020-09-01;604
2020-08-31;"Trenčiansky kraj";12;0;0;0;NA;106322;12;2020-08-31;603
2020-08-30;"Trenčiansky kraj";0;0;0;0;NA;106322;0;2020-08-30;591
2020-08-29;"Trenčiansky kraj";1;0;0;0;NA;106322;1;2020-08-29;591
2020-08-28;"Trenčiansky kraj";12;0;0;0;NA;106322;12;2020-08-28;590
2020-08-27;"Trenčiansky kraj";10;0;0;0;NA;106322;10;2020-08-27;578
2020-08-26;"Trenčiansky kraj";15;0;0;0;NA;106322;15;2020-08-26;568
2020-08-25;"Trenčiansky kraj";12;0;0;0;NA;106322;12;2020-08-25;553
2020-08-24;"Trenčiansky kraj";4;0;0;0;NA;106322;4;2020-08-24;541
2020-08-23;"Trenčiansky kraj";5;0;0;0;NA;106322;5;2020-08-23;537
2020-08-22;"Trenčiansky kraj";6;0;0;0;NA;106322;6;2020-08-22;532
2020-08-21;"Trenčiansky kraj";6;0;0;0;NA;106322;6;2020-08-21;526
2020-08-20;"Trenčiansky kraj";20;0;0;0;NA;106322;20;2020-08-20;520
2020-08-19;"Trenčiansky kraj";17;0;0;0;NA;106322;17;2020-08-19;500
2020-08-18;"Trenčiansky kraj";9;0;0;0;NA;106322;9;2020-08-18;483
2020-08-17;"Trenčiansky kraj";4;0;0;0;NA;106322;4;2020-08-17;474
2020-08-16;"Trenčiansky kraj";0;0;0;0;NA;106322;0;2020-08-16;470
2020-08-15;"Trenčiansky kraj";9;0;0;0;NA;106322;9;2020-08-15;470
2020-08-14;"Trenčiansky kraj";15;0;0;0;NA;106322;15;2020-08-14;461
2020-08-13;"Trenčiansky kraj";23;0;0;0;NA;106322;23;2020-08-13;446
2020-08-12;"Trenčiansky kraj";6;0;0;0;NA;106322;6;2020-08-12;423
2020-08-11;"Trenčiansky kraj";7;0;0;0;NA;106322;7;2020-08-11;417
2020-08-10;"Trenčiansky kraj";9;0;0;0;NA;106322;9;2020-08-10;410
2020-08-09;"Trenčiansky kraj";1;0;0;0;NA;106322;1;2020-08-09;401
2020-08-08;"Trenčiansky kraj";4;0;0;0;NA;106322;4;2020-08-08;400
2020-08-07;"Trenčiansky kraj";4;0;0;0;NA;106322;4;2020-08-07;396
2020-08-06;"Trenčiansky kraj";13;0;0;0;NA;106322;13;2020-08-06;392
2020-08-05;"Trenčiansky kraj";39;0;0;0;NA;106322;39;2020-08-05;379
2020-08-04;"Trenčiansky kraj";9;0;0;0;NA;106322;9;2020-08-04;340
2020-08-03;"Trenčiansky kraj";0;0;0;0;NA;106322;0;2020-08-03;331
2020-08-02;"Trenčiansky kraj";2;0;0;0;NA;106322;2;2020-08-02;331
2020-08-01;"Trenčiansky kraj";6;0;0;0;NA;106322;6;2020-08-01;329
2020-07-31;"Trenčiansky kraj";16;0;0;0;NA;106322;16;2020-07-31;323
2020-07-30;"Trenčiansky kraj";4;0;0;0;NA;106322;4;2020-07-30;307
2020-07-29;"Trenčiansky kraj";5;0;0;0;NA;106322;5;2020-07-29;303
2020-07-28;"Trenčiansky kraj";11;0;0;0;NA;106322;11;2020-07-28;298
2020-07-27;"Trenčiansky kraj";4;0;0;0;NA;106322;4;2020-07-27;287
2020-07-26;"Trenčiansky kraj";1;0;0;0;NA;106322;1;2020-07-26;283
2020-07-25;"Trenčiansky kraj";7;0;0;0;NA;106322;7;2020-07-25;282
2020-07-24;"Trenčiansky kraj";5;0;0;0;NA;106322;5;2020-07-24;275
2020-07-23;"Trenčiansky kraj";10;0;0;0;NA;106322;10;2020-07-23;270
2020-07-22;"Trenčiansky kraj";11;0;0;0;NA;106322;11;2020-07-22;260
2020-07-21;"Trenčiansky kraj";6;0;0;0;NA;106322;6;2020-07-21;249
2020-07-20;"Trenčiansky kraj";13;0;0;0;NA;106322;13;2020-07-20;243
2020-07-19;"Trenčiansky kraj";0;0;0;0;NA;106322;0;2020-07-19;230
2020-07-18;"Trenčiansky kraj";0;0;0;0;NA;106322;0;2020-07-18;230
2020-07-17;"Trenčiansky kraj";1;0;0;0;NA;106322;1;2020-07-17;230
2020-07-16;"Trenčiansky kraj";0;0;0;0;NA;106322;0;2020-07-16;229
2020-07-15;"Trenčiansky kraj";2;0;0;0;NA;106322;2;2020-07-15;229
2020-07-14;"Trenčiansky kraj";8;0;0;0;NA;106322;8;2020-07-14;227
2020-07-13;"Trenčiansky kraj";1;0;0;0;NA;106322;1;2020-07-13;219
2020-07-12;"Trenčiansky kraj";0;0;0;0;NA;106322;0;2020-07-12;218
2020-07-11;"Trenčiansky kraj";0;0;0;0;NA;106322;0;2020-07-11;218
2020-07-10;"Trenčiansky kraj";3;0;0;0;NA;106322;3;2020-07-10;218
2020-07-09;"Trenčiansky kraj";2;0;0;0;NA;106322;2;2020-07-09;215
2020-07-08;"Trenčiansky kraj";1;0;0;0;NA;106322;1;2020-07-08;213
2020-07-07;"Trenčiansky kraj";9;0;0;0;NA;106322;9;2020-07-07;212
2020-07-06;"Trenčiansky kraj";1;0;0;0;NA;106322;1;2020-07-06;203
2020-07-05;"Trenčiansky kraj";1;0;0;0;NA;106322;1;2020-07-05;202
2020-07-04;"Trenčiansky kraj";0;0;0;0;NA;106322;0;2020-07-04;201
2020-07-03;"Trenčiansky kraj";2;0;0;0;NA;106322;2;2020-07-03;201
2020-07-02;"Trenčiansky kraj";10;0;0;0;NA;106322;10;2020-07-02;199
2020-07-01;"Trenčiansky kraj";1;0;0;0;NA;106322;1;2020-07-01;189
2020-06-30;"Trenčiansky kraj";6;0;0;0;NA;106322;6;2020-06-30;188
2020-06-29;"Trenčiansky kraj";1;0;0;0;NA;106322;1;2020-06-29;182
2020-06-28;"Trenčiansky kraj";0;0;0;0;NA;106322;0;2020-06-28;181
2020-06-27;"Trenčiansky kraj";0;0;0;0;NA;106322;0;2020-06-27;181
2020-06-26;"Trenčiansky kraj";0;0;0;0;NA;106322;0;2020-06-26;181
2020-06-25;"Trenčiansky kraj";2;0;0;0;NA;106322;2;2020-06-25;181
2020-06-24;"Trenčiansky kraj";1;0;0;0;NA;106322;1;2020-06-24;179
2020-06-23;"Trenčiansky kraj";0;0;0;0;NA;106322;0;2020-06-23;178
2020-06-22;"Trenčiansky kraj";0;0;0;0;NA;106322;0;2020-06-22;178
2020-06-21;"Trenčiansky kraj";0;0;0;0;NA;106322;0;2020-06-21;178
2020-06-20;"Trenčiansky kraj";0;0;0;0;NA;106322;0;2020-06-20;178
2020-06-19;"Trenčiansky kraj";0;0;0;0;NA;106322;0;2020-06-19;178
2020-06-18;"Trenčiansky kraj";0;0;0;0;NA;106322;0;2020-06-18;178
2020-06-17;"Trenčiansky kraj";0;0;0;0;NA;106322;0;2020-06-17;178
2020-06-16;"Trenčiansky kraj";0;0;0;0;NA;106322;0;2020-06-16;178
2020-06-14;"Trenčiansky kraj";0;0;0;0;NA;106322;0;2020-06-14;178
2020-06-13;"Trenčiansky kraj";0;0;0;0;NA;106322;0;2020-06-13;178
2020-06-12;"Trenčiansky kraj";0;0;0;0;NA;106322;0;2020-06-12;178
2020-06-11;"Trenčiansky kraj";0;0;0;0;NA;106322;0;2020-06-11;178
2020-06-10;"Trenčiansky kraj";1;0;0;0;NA;106322;1;2020-06-10;178
2020-06-09;"Trenčiansky kraj";0;0;0;0;NA;106322;0;2020-06-09;177
2020-06-08;"Trenčiansky kraj";0;0;0;0;NA;106322;0;2020-06-08;177
2020-06-07;"Trenčiansky kraj";0;0;0;0;NA;106322;0;2020-06-07;177
2020-06-05;"Trenčiansky kraj";0;0;0;0;NA;106322;0;2020-06-05;177
2020-06-03;"Trenčiansky kraj";0;0;0;0;NA;106322;0;2020-06-03;177
2020-06-02;"Trenčiansky kraj";0;0;0;0;NA;106322;0;2020-06-02;177
2020-05-31;"Trenčiansky kraj";0;0;0;0;NA;106322;0;2020-05-31;177
2020-05-29;"Trenčiansky kraj";0;0;0;0;NA;106322;0;2020-05-29;177
2020-05-27;"Trenčiansky kraj";2;0;0;0;NA;106322;2;2020-05-27;177
2020-05-26;"Trenčiansky kraj";0;0;0;0;NA;106322;0;2020-05-26;175
2020-05-25;"Trenčiansky kraj";0;0;0;0;NA;106322;0;2020-05-25;175
2020-05-24;"Trenčiansky kraj";0;0;0;0;NA;106322;0;2020-05-24;175
2020-05-23;"Trenčiansky kraj";0;0;0;0;NA;106322;0;2020-05-23;175
2020-05-22;"Trenčiansky kraj";0;0;0;0;NA;106322;0;2020-05-22;175
2020-05-21;"Trenčiansky kraj";0;0;0;0;NA;106322;0;2020-05-21;175
2020-05-20;"Trenčiansky kraj";0;0;0;0;NA;106322;0;2020-05-20;175
2020-05-19;"Trenčiansky kraj";0;0;0;0;NA;106322;0;2020-05-19;175
2020-05-17;"Trenčiansky kraj";0;0;0;0;NA;106322;0;2020-05-17;175
2020-05-16;"Trenčiansky kraj";0;0;0;0;NA;106322;0;2020-05-16;175
2020-05-15;"Trenčiansky kraj";1;0;0;0;NA;106322;1;2020-05-15;175
2020-05-14;"Trenčiansky kraj";2;0;0;0;NA;106322;2;2020-05-14;174
2020-05-13;"Trenčiansky kraj";1;0;0;0;NA;106322;1;2020-05-13;172
2020-05-12;"Trenčiansky kraj";1;0;0;0;NA;106322;1;2020-05-12;171
2020-05-11;"Trenčiansky kraj";3;0;0;0;NA;106322;3;2020-05-11;170
2020-05-09;"Trenčiansky kraj";2;0;0;0;NA;106322;2;2020-05-09;167
2020-05-07;"Trenčiansky kraj";6;0;0;0;NA;106322;6;2020-05-07;165
2020-05-06;"Trenčiansky kraj";0;0;0;0;NA;106322;0;2020-05-06;159
2020-05-05;"Trenčiansky kraj";2;0;0;0;NA;106322;2;2020-05-05;159
2020-05-04;"Trenčiansky kraj";0;0;0;0;NA;106322;0;2020-05-04;157
2020-05-03;"Trenčiansky kraj";0;0;0;0;NA;106322;0;2020-05-03;157
2020-05-02;"Trenčiansky kraj";0;0;0;0;NA;106322;0;2020-05-02;157
2020-05-01;"Trenčiansky kraj";0;0;0;0;NA;106322;0;2020-05-01;157
2020-04-30;"Trenčiansky kraj";0;0;0;0;NA;106322;0;2020-04-30;157
2020-04-29;"Trenčiansky kraj";2;0;0;0;NA;106322;2;2020-04-29;157
2020-04-28;"Trenčiansky kraj";1;0;0;0;NA;106322;1;2020-04-28;155
2020-04-27;"Trenčiansky kraj";0;0;0;0;NA;106322;0;2020-04-27;154
2020-04-26;"Trenčiansky kraj";1;0;0;0;NA;106322;1;2020-04-26;154
2020-04-25;"Trenčiansky kraj";0;0;0;0;NA;106322;0;2020-04-25;153
2020-04-24;"Trenčiansky kraj";0;0;0;0;NA;106322;0;2020-04-24;153
2020-04-23;"Trenčiansky kraj";11;0;0;0;NA;106322;11;2020-04-23;153
2020-04-22;"Trenčiansky kraj";1;0;0;0;NA;106322;1;2020-04-22;142
2020-04-21;"Trenčiansky kraj";11;0;0;0;NA;106322;11;2020-04-21;141
2020-04-20;"Trenčiansky kraj";15;0;0;0;NA;106322;15;2020-04-20;130
2020-04-19;"Trenčiansky kraj";2;0;0;0;NA;106322;2;2020-04-19;115
2020-04-18;"Trenčiansky kraj";3;0;0;0;NA;106322;3;2020-04-18;113
2020-04-17;"Trenčiansky kraj";4;0;0;0;NA;106322;4;2020-04-17;110
2020-04-16;"Trenčiansky kraj";10;0;0;0;NA;106322;10;2020-04-16;106
2020-04-15;"Trenčiansky kraj";4;0;0;0;NA;106322;4;2020-04-15;96
2020-04-14;"Trenčiansky kraj";0;0;0;0;NA;106322;0;2020-04-14;92
2020-04-13;"Trenčiansky kraj";1;0;0;0;NA;106322;1;2020-04-13;92
2020-04-12;"Trenčiansky kraj";2;0;0;0;NA;106322;2;2020-04-12;91
2020-04-11;"Trenčiansky kraj";3;0;0;0;NA;106322;3;2020-04-11;89
2020-04-10;"Trenčiansky kraj";0;0;0;0;NA;106322;0;2020-04-10;86
2020-04-09;"Trenčiansky kraj";0;0;0;0;NA;106322;0;2020-04-09;86
2020-04-08;"Trenčiansky kraj";2;0;0;0;NA;106322;2;2020-04-08;86
2020-04-07;"Trenčiansky kraj";18;0;0;0;NA;106322;18;2020-04-07;84
2020-04-06;"Trenčiansky kraj";0;0;0;0;NA;106322;0;2020-04-06;66
2020-04-05;"Trenčiansky kraj";3;0;0;0;NA;106322;3;2020-04-05;66
2020-04-04;"Trenčiansky kraj";5;0;0;0;NA;106322;5;2020-04-04;63
2020-04-03;"Trenčiansky kraj";4;0;0;0;NA;106322;4;2020-04-03;58
2020-04-02;"Trenčiansky kraj";1;0;0;0;NA;106322;1;2020-04-02;54
2020-04-01;"Trenčiansky kraj";3;0;0;0;NA;106322;3;2020-04-01;53
2020-03-31;"Trenčiansky kraj";1;0;0;0;NA;106322;1;2020-03-31;50
2020-03-30;"Trenčiansky kraj";3;0;0;0;NA;106322;3;2020-03-30;49
2020-03-29;"Trenčiansky kraj";6;0;0;0;NA;106322;6;2020-03-29;46
2020-03-28;"Trenčiansky kraj";9;0;0;0;NA;106322;9;2020-03-28;40
2020-03-27;"Trenčiansky kraj";2;0;0;0;NA;106322;2;2020-03-27;31
2020-03-26;"Trenčiansky kraj";6;0;0;0;NA;106322;6;2020-03-26;29
2020-03-25;"Trenčiansky kraj";3;0;0;0;NA;106322;3;2020-03-25;23
2020-03-24;"Trenčiansky kraj";1;0;0;0;NA;106322;1;2020-03-24;20
2020-03-23;"Trenčiansky kraj";0;0;0;0;NA;106322;0;2020-03-23;19
2020-03-22;"Trenčiansky kraj";0;0;0;0;NA;106322;0;2020-03-22;19
2020-03-21;"Trenčiansky kraj";2;0;0;0;NA;106322;2;2020-03-21;19
2020-03-20;"Trenčiansky kraj";2;0;0;0;NA;106322;2;2020-03-20;17
2020-03-19;"Trenčiansky kraj";8;0;0;0;NA;106322;8;2020-03-19;15
2020-03-18;"Trenčiansky kraj";0;0;0;0;NA;106322;0;2020-03-18;7
2020-03-17;"Trenčiansky kraj";0;0;0;0;NA;106322;0;2020-03-17;7
2020-03-16;"Trenčiansky kraj";1;0;0;0;NA;106322;1;2020-03-16;7
2020-03-15;"Trenčiansky kraj";5;0;0;0;NA;106322;5;2020-03-15;6
2020-03-14;"Trenčiansky kraj";0;0;0;0;NA;106322;0;2020-03-14;1
2020-03-13;"Trenčiansky kraj";0;0;0;0;NA;106322;0;2020-03-13;1
2020-03-12;"Trenčiansky kraj";1;0;0;0;NA;106322;1;2020-03-12;1
2020-03-11;"Trenčiansky kraj";0;0;0;0;NA;106322;0;2020-03-11;0
2020-03-09;"Trenčiansky kraj";0;0;0;0;NA;106322;0;2020-03-09;0
2020-03-08;"Trenčiansky kraj";0;0;0;0;NA;106322;0;2020-03-08;0
2020-03-07;"Trenčiansky kraj";0;0;0;0;NA;106322;0;2020-03-07;0
2020-03-06;"Trenčiansky kraj";0;0;0;0;NA;106322;0;2020-03-06;0
2021-06-14;"Trnavský kraj";2;2149;1;2150;45732;95493;3;2021-06-14;95493
2021-06-13;"Trnavský kraj";0;4963;6;4969;NA;95493;6;2021-06-13;95490
2021-06-12;"Trnavský kraj";11;5904;1;5905;NA;95493;12;2021-06-12;95484
2021-06-11;"Trnavský kraj";17;5898;4;5902;NA;95493;21;2021-06-11;95472
2021-06-10;"Trnavský kraj";14;3522;1;3523;NA;95493;15;2021-06-10;95451
2021-06-09;"Trnavský kraj";10;3495;1;3496;NA;95493;11;2021-06-09;95436
2021-06-08;"Trnavský kraj";8;2887;4;2891;NA;95493;12;2021-06-08;95425
2021-06-07;"Trnavský kraj";12;4279;8;4287;NA;95493;20;2021-06-07;95413
2021-06-06;"Trnavský kraj";0;5663;2;5665;NA;95493;2;2021-06-06;95393
2021-06-05;"Trnavský kraj";20;6928;6;6934;NA;95493;26;2021-06-05;95391
2021-06-04;"Trnavský kraj";9;6513;9;6522;NA;95493;18;2021-06-04;95365
2021-06-03;"Trnavský kraj";14;3963;11;3974;NA;95493;25;2021-06-03;95347
2021-06-02;"Trnavský kraj";4;4215;12;4227;NA;95493;16;2021-06-02;95322
2021-06-01;"Trnavský kraj";18;3500;4;3504;NA;95493;22;2021-06-01;95306
2021-05-31;"Trnavský kraj";14;5258;16;5274;NA;95493;30;2021-05-31;95284
2021-05-30;"Trnavský kraj";0;6343;6;6349;NA;95493;6;2021-05-30;95254
2021-05-29;"Trnavský kraj";11;8409;4;8413;NA;95493;15;2021-05-29;95248
2021-05-28;"Trnavský kraj";14;7105;11;7116;NA;95493;25;2021-05-28;95233
2021-05-27;"Trnavský kraj";22;4876;8;4884;NA;95493;30;2021-05-27;95208
2021-05-26;"Trnavský kraj";6;4610;8;4618;NA;95493;14;2021-05-26;95178
2021-05-25;"Trnavský kraj";19;4729;25;4754;NA;95493;44;2021-05-25;95164
2021-05-24;"Trnavský kraj";15;6520;22;6542;NA;95493;37;2021-05-24;95120
2021-05-23;"Trnavský kraj";0;7767;8;7775;NA;95493;8;2021-05-23;95083
2021-05-22;"Trnavský kraj";13;12767;18;12785;NA;95493;31;2021-05-22;95075
2021-05-21;"Trnavský kraj";16;8079;19;8098;NA;95493;35;2021-05-21;95044
2021-05-20;"Trnavský kraj";15;5223;9;5232;NA;95493;24;2021-05-20;95009
2021-05-19;"Trnavský kraj";18;5159;12;5171;NA;95493;30;2021-05-19;94985
2021-05-18;"Trnavský kraj";26;5686;15;5701;NA;95493;41;2021-05-18;94955
2021-05-17;"Trnavský kraj";17;5985;23;6008;NA;95493;40;2021-05-17;94914
2021-05-16;"Trnavský kraj";10;9885;9;9894;NA;95493;19;2021-05-16;94874
2021-05-15;"Trnavský kraj";11;18040;14;18054;NA;95493;25;2021-05-15;94855
2021-05-14;"Trnavský kraj";34;9846;20;9866;NA;95493;54;2021-05-14;94830
2021-05-13;"Trnavský kraj";26;7109;12;7121;NA;95493;38;2021-05-13;94776
2021-05-12;"Trnavský kraj";34;6796;26;6822;NA;95493;60;2021-05-12;94738
2021-05-11;"Trnavský kraj";32;6414;13;6427;NA;95493;45;2021-05-11;94678
2021-05-10;"Trnavský kraj";58;8458;24;8482;NA;95493;82;2021-05-10;94633
2021-05-09;"Trnavský kraj";21;12579;11;12590;NA;95493;32;2021-05-09;94551
2021-05-08;"Trnavský kraj";4;22785;21;22806;NA;95493;25;2021-05-08;94519
2021-05-07;"Trnavský kraj";26;14895;29;14924;NA;95493;55;2021-05-07;94494
2021-05-06;"Trnavský kraj";22;8397;22;8419;NA;95493;44;2021-05-06;94439
2021-05-05;"Trnavský kraj";34;6127;20;6147;NA;95493;54;2021-05-05;94395
2021-05-04;"Trnavský kraj";51;8777;22;8799;NA;95493;73;2021-05-04;94341
2021-05-03;"Trnavský kraj";20;8954;22;8976;NA;95493;42;2021-05-03;94268
2021-05-02;"Trnavský kraj";0;25657;29;25686;NA;95493;29;2021-05-02;94226
2021-05-01;"Trnavský kraj";30;81347;64;81411;NA;95493;94;2021-05-01;94197
2021-04-30;"Trnavský kraj";45;27169;35;27204;NA;95493;80;2021-04-30;94103
2021-04-29;"Trnavský kraj";25;20495;29;20524;NA;95493;54;2021-04-29;94023
2021-04-28;"Trnavský kraj";46;9237;28;9265;NA;95493;74;2021-04-28;93969
2021-04-27;"Trnavský kraj";54;9330;52;9382;NA;95493;106;2021-04-27;93895
2021-04-26;"Trnavský kraj";53;16817;47;16864;NA;95493;100;2021-04-26;93789
2021-04-25;"Trnavský kraj";0;31472;24;31496;NA;95493;24;2021-04-25;93689
2021-04-24;"Trnavský kraj";46;127487;83;127570;NA;95493;129;2021-04-24;93665
2021-04-23;"Trnavský kraj";71;28217;71;28288;NA;95493;142;2021-04-23;93536
2021-04-22;"Trnavský kraj";40;11070;25;11095;NA;95493;65;2021-04-22;93394
2021-04-21;"Trnavský kraj";60;11031;72;11103;NA;95493;132;2021-04-21;93329
2021-04-20;"Trnavský kraj";57;14091;31;14122;NA;95493;88;2021-04-20;93197
2021-04-19;"Trnavský kraj";46;14899;18;14917;NA;95493;64;2021-04-19;93109
2021-04-18;"Trnavský kraj";7;41377;43;41420;NA;95493;50;2021-04-18;93045
2021-04-17;"Trnavský kraj";58;118411;89;118500;NA;95493;147;2021-04-17;92995
2021-04-16;"Trnavský kraj";67;26877;55;26932;NA;95493;122;2021-04-16;92848
2021-04-15;"Trnavský kraj";65;11540;37;11577;NA;95493;102;2021-04-15;92726
2021-04-14;"Trnavský kraj";78;19013;56;19069;NA;95493;134;2021-04-14;92624
2021-04-13;"Trnavský kraj";126;10661;47;10708;NA;95493;173;2021-04-13;92490
2021-04-12;"Trnavský kraj";40;16366;47;16413;NA;95493;87;2021-04-12;92317
2021-04-11;"Trnavský kraj";3;44800;45;44845;NA;95493;48;2021-04-11;92230
2021-04-10;"Trnavský kraj";60;131580;113;131693;NA;95493;173;2021-04-10;92182
2021-04-09;"Trnavský kraj";95;27096;35;27131;NA;95493;130;2021-04-09;92009
2021-04-08;"Trnavský kraj";85;11491;58;11549;NA;95493;143;2021-04-08;91879
2021-04-07;"Trnavský kraj";131;16661;102;16763;NA;95493;233;2021-04-07;91736
2021-04-06;"Trnavský kraj";92;21571;115;21686;NA;95493;207;2021-04-06;91503
2021-04-05;"Trnavský kraj";91;7840;17;7857;NA;95493;108;2021-04-05;91296
2021-04-04;"Trnavský kraj";9;29423;51;29474;NA;95493;60;2021-04-04;91188
2021-04-03;"Trnavský kraj";29;146333;187;146520;NA;95493;216;2021-04-03;91128
2021-04-02;"Trnavský kraj";91;18416;38;18454;NA;95493;129;2021-04-02;90912
2021-04-01;"Trnavský kraj";118;23724;83;23807;NA;95493;201;2021-04-01;90783
2021-03-31;"Trnavský kraj";140;15891;85;15976;NA;95493;225;2021-03-31;90582
2021-03-30;"Trnavský kraj";182;11536;92;11628;NA;95493;274;2021-03-30;90357
2021-03-29;"Trnavský kraj";126;21719;136;21855;NA;95493;262;2021-03-29;90083
2021-03-28;"Trnavský kraj";26;54363;143;54506;NA;95493;169;2021-03-28;89821
2021-03-27;"Trnavský kraj";64;132493;248;132741;NA;95493;312;2021-03-27;89652
2021-03-26;"Trnavský kraj";139;32681;142;32823;NA;95493;281;2021-03-26;89340
2021-03-25;"Trnavský kraj";135;14843;85;14928;NA;95493;220;2021-03-25;89059
2021-03-24;"Trnavský kraj";159;11006;90;11096;NA;95493;249;2021-03-24;88839
2021-03-23;"Trnavský kraj";221;13964;119;14083;NA;95493;340;2021-03-23;88590
2021-03-22;"Trnavský kraj";103;18202;129;18331;NA;95493;232;2021-03-22;88250
2021-03-21;"Trnavský kraj";31;52338;170;52508;NA;95493;201;2021-03-21;88018
2021-03-20;"Trnavský kraj";112;140046;324;140370;NA;95493;436;2021-03-20;87817
2021-03-19;"Trnavský kraj";174;30790;148;30938;NA;95493;322;2021-03-19;87381
2021-03-18;"Trnavský kraj";158;12676;138;12814;NA;95493;296;2021-03-18;87059
2021-03-17;"Trnavský kraj";245;11210;105;11315;NA;95493;350;2021-03-17;86763
2021-03-16;"Trnavský kraj";311;13784;147;13931;NA;95493;458;2021-03-16;86413
2021-03-15;"Trnavský kraj";127;19733;152;19885;NA;95493;279;2021-03-15;85955
2021-03-14;"Trnavský kraj";14;55045;207;55252;NA;95493;221;2021-03-14;85676
2021-03-13;"Trnavský kraj";155;143362;427;143789;NA;95493;582;2021-03-13;85455
2021-03-12;"Trnavský kraj";201;30983;206;31189;NA;95493;407;2021-03-12;84873
2021-03-11;"Trnavský kraj";204;14270;164;14434;NA;95493;368;2021-03-11;84466
2021-03-10;"Trnavský kraj";242;11935;144;12079;NA;95493;386;2021-03-10;84098
2021-03-09;"Trnavský kraj";442;16224;181;16405;NA;95493;623;2021-03-09;83712
2021-03-08;"Trnavský kraj";182;22628;176;22804;NA;95493;358;2021-03-08;83089
2021-03-07;"Trnavský kraj";30;59023;315;59338;NA;95493;345;2021-03-07;82731
2021-03-06;"Trnavský kraj";154;137569;539;138108;NA;95493;693;2021-03-06;82386
2021-03-05;"Trnavský kraj";299;30951;257;31208;NA;95493;556;2021-03-05;81693
2021-03-04;"Trnavský kraj";238;16688;197;16885;NA;95493;435;2021-03-04;81137
2021-03-03;"Trnavský kraj";413;12943;283;13226;NA;95493;696;2021-03-03;80702
2021-03-02;"Trnavský kraj";477;13303;204;13507;NA;95493;681;2021-03-02;80006
2021-03-01;"Trnavský kraj";189;20050;257;20307;NA;95493;446;2021-03-01;79325
2021-02-28;"Trnavský kraj";87;54269;393;54662;NA;95493;480;2021-02-28;78879
2021-02-27;"Trnavský kraj";264;145863;842;146705;NA;95493;1106;2021-02-27;78399
2021-02-26;"Trnavský kraj";362;29182;323;29505;NA;95493;685;2021-02-26;77293
2021-02-25;"Trnavský kraj";433;11872;244;12116;NA;95493;677;2021-02-25;76608
2021-02-24;"Trnavský kraj";407;9851;309;10160;NA;95493;716;2021-02-24;75931
2021-02-23;"Trnavský kraj";469;12516;327;12843;NA;95493;796;2021-02-23;75215
2021-02-22;"Trnavský kraj";206;23037;409;23446;NA;95493;615;2021-02-22;74419
2021-02-21;"Trnavský kraj";38;55341;413;55754;NA;95493;451;2021-02-21;73804
2021-02-20;"Trnavský kraj";273;145443;899;146342;NA;95493;1172;2021-02-20;73353
2021-02-19;"Trnavský kraj";335;29283;385;29668;NA;95493;720;2021-02-19;72181
2021-02-18;"Trnavský kraj";344;12696;391;13087;NA;95493;735;2021-02-18;71461
2021-02-17;"Trnavský kraj";431;9488;441;9929;NA;95493;872;2021-02-17;70726
2021-02-16;"Trnavský kraj";426;12473;324;12797;NA;95493;750;2021-02-16;69854
2021-02-15;"Trnavský kraj";146;19769;336;20105;NA;95493;482;2021-02-15;69104
2021-02-14;"Trnavský kraj";51;65422;557;65979;NA;95493;608;2021-02-14;68622
2021-02-13;"Trnavský kraj";218;148516;1103;149619;NA;95493;1321;2021-02-13;68014
2021-02-12;"Trnavský kraj";300;26167;390;26557;NA;95493;690;2021-02-12;66693
2021-02-11;"Trnavský kraj";422;11689;431;12120;NA;95493;853;2021-02-11;66003
2021-02-10;"Trnavský kraj";511;10721;404;11125;NA;95493;915;2021-02-10;65150
2021-02-09;"Trnavský kraj";544;13842;417;14259;NA;95493;961;2021-02-09;64235
2021-02-08;"Trnavský kraj";220;36644;574;37218;NA;95493;794;2021-02-08;63274
2021-02-07;"Trnavský kraj";140;76307;668;76975;NA;95493;808;2021-02-07;62480
2021-02-06;"Trnavský kraj";348;121111;1594;122705;NA;95493;1942;2021-02-06;61672
2021-02-05;"Trnavský kraj";377;17439;448;17887;NA;95493;825;2021-02-05;59730
2021-02-04;"Trnavský kraj";456;8031;555;8586;NA;95493;1011;2021-02-04;58905
2021-02-03;"Trnavský kraj";472;8109;565;8674;NA;95493;1037;2021-02-03;57894
2021-02-02;"Trnavský kraj";446;16639;561;17200;NA;95493;1007;2021-02-02;56857
2021-02-01;"Trnavský kraj";198;42436;782;43218;NA;95493;980;2021-02-01;55850
2021-01-31;"Trnavský kraj";19;79022;1014;80036;NA;95493;1033;2021-01-31;54870
2021-01-30;"Trnavský kraj";323;142361;1722;144083;NA;95493;2045;2021-01-30;53837
2021-01-29;"Trnavský kraj";421;11269;342;11611;NA;95493;763;2021-01-29;51792
2021-01-28;"Trnavský kraj";389;6561;364;6925;NA;95493;753;2021-01-28;51029
2021-01-27;"Trnavský kraj";433;7145;304;7449;NA;95493;737;2021-01-27;50276
2021-01-26;"Trnavský kraj";565;28183;795;28978;NA;95493;1360;2021-01-26;49539
2021-01-25;"Trnavský kraj";210;56974;729;57703;NA;95493;939;2021-01-25;48179
2021-01-24;"Trnavský kraj";91;77597;997;78594;NA;95493;1088;2021-01-24;47240
2021-01-23;"Trnavský kraj";372;150716;1743;152459;NA;95493;2115;2021-01-23;46152
2021-01-22;"Trnavský kraj";217;40078;644;40722;NA;95493;861;2021-01-22;44037
2021-01-21;"Trnavský kraj";311;15795;461;16256;NA;95493;772;2021-01-21;43176
2021-01-20;"Trnavský kraj";503;9152;313;9465;NA;95493;816;2021-01-20;42404
2021-01-19;"Trnavský kraj";415;8392;369;8761;NA;95493;784;2021-01-19;41588
2021-01-18;"Trnavský kraj";247;6798;509;7307;NA;95493;756;2021-01-18;40804
2021-01-17;"Trnavský kraj";128;1706;428;2134;NA;95493;556;2021-01-17;40048
2021-01-16;"Trnavský kraj";103;898;24;922;NA;95493;127;2021-01-16;39492
2021-01-15;"Trnavský kraj";278;5815;347;6162;NA;95493;625;2021-01-15;39365
2021-01-14;"Trnavský kraj";452;4473;369;4842;NA;95493;821;2021-01-14;38740
2021-01-13;"Trnavský kraj";457;5067;398;5465;NA;95493;855;2021-01-13;37919
2021-01-12;"Trnavský kraj";469;8364;576;8940;NA;95493;1045;2021-01-12;37064
2021-01-11;"Trnavský kraj";370;5596;417;6013;NA;95493;787;2021-01-11;36019
2021-01-10;"Trnavský kraj";71;18;0;18;NA;95493;71;2021-01-10;35232
2021-01-09;"Trnavský kraj";417;2166;127;2293;NA;95493;544;2021-01-09;35161
2021-01-08;"Trnavský kraj";381;7341;561;7902;NA;95493;942;2021-01-08;34617
2021-01-07;"Trnavský kraj";501;4642;432;5074;NA;95493;933;2021-01-07;33675
2021-01-06;"Trnavský kraj";179;1141;190;1331;NA;95493;369;2021-01-06;32742
2021-01-05;"Trnavský kraj";611;7102;758;7860;NA;95493;1369;2021-01-05;32373
2021-01-04;"Trnavský kraj";302;5835;762;6597;NA;95493;1064;2021-01-04;31004
2021-01-03;"Trnavský kraj";60;53;7;60;NA;95493;67;2021-01-03;29940
2021-01-02;"Trnavský kraj";282;417;32;449;NA;95493;314;2021-01-02;29873
2021-01-01;"Trnavský kraj";143;455;76;531;NA;95493;219;2021-01-01;29559
2020-12-31;"Trnavský kraj";498;8954;885;9839;NA;95493;1383;2020-12-31;29340
2020-12-30;"Trnavský kraj";785;5708;647;6355;NA;95493;1432;2020-12-30;27957
2020-12-29;"Trnavský kraj";322;5951;682;6633;NA;95493;1004;2020-12-29;26525
2020-12-28;"Trnavský kraj";213;6770;790;7560;NA;95493;1003;2020-12-28;25521
2020-12-27;"Trnavský kraj";27;20;4;24;NA;95493;31;2020-12-27;24518
2020-12-26;"Trnavský kraj";148;44;1;45;NA;95493;149;2020-12-26;24487
2020-12-25;"Trnavský kraj";65;49;5;54;NA;95493;70;2020-12-25;24338
2020-12-24;"Trnavský kraj";333;1374;121;1495;NA;95493;454;2020-12-24;24268
2020-12-23;"Trnavský kraj";210;9394;492;9886;NA;95493;702;2020-12-23;23814
2020-12-22;"Trnavský kraj";311;7927;598;8525;NA;95493;909;2020-12-22;23112
2020-12-21;"Trnavský kraj";328;5697;489;6186;NA;95493;817;2020-12-21;22203
2020-12-20;"Trnavský kraj";134;133;12;145;NA;95493;146;2020-12-20;21386
2020-12-19;"Trnavský kraj";201;1407;103;1510;NA;95493;304;2020-12-19;21240
2020-12-18;"Trnavský kraj";341;6316;447;6763;NA;95493;788;2020-12-18;20936
2020-12-17;"Trnavský kraj";375;6370;557;6927;NA;95493;932;2020-12-17;20148
2020-12-16;"Trnavský kraj";312;6456;499;6955;NA;95493;811;2020-12-16;19216
2020-12-15;"Trnavský kraj";492;7891;779;8670;NA;95493;1271;2020-12-15;18405
2020-12-14;"Trnavský kraj";161;4716;415;5131;NA;95493;576;2020-12-14;17134
2020-12-13;"Trnavský kraj";7;7;0;7;NA;95493;7;2020-12-13;16558
2020-12-12;"Trnavský kraj";254;1456;114;1570;NA;95493;368;2020-12-12;16551
2020-12-11;"Trnavský kraj";384;5762;327;6089;NA;95493;711;2020-12-11;16183
2020-12-10;"Trnavský kraj";183;6364;427;6791;NA;95493;610;2020-12-10;15472
2020-12-09;"Trnavský kraj";521;5276;398;5674;NA;95493;919;2020-12-09;14862
2020-12-08;"Trnavský kraj";281;5007;381;5388;NA;95493;662;2020-12-08;13943
2020-12-07;"Trnavský kraj";178;3588;258;3846;NA;95493;436;2020-12-07;13281
2020-12-06;"Trnavský kraj";46;0;0;0;NA;95493;46;2020-12-06;12845
2020-12-05;"Trnavský kraj";129;2688;50;2738;NA;95493;179;2020-12-05;12799
2020-12-04;"Trnavský kraj";242;4548;170;4718;NA;95493;412;2020-12-04;12620
2020-12-03;"Trnavský kraj";248;3060;224;3284;NA;95493;472;2020-12-03;12208
2020-12-02;"Trnavský kraj";284;4933;184;5117;NA;95493;468;2020-12-02;11736
2020-12-01;"Trnavský kraj";253;3289;208;3497;NA;95493;461;2020-12-01;11268
2020-11-30;"Trnavský kraj";200;7360;186;7546;NA;95493;386;2020-11-30;10807
2020-11-29;"Trnavský kraj";17;0;0;0;NA;95493;17;2020-11-29;10421
2020-11-28;"Trnavský kraj";83;0;0;0;NA;95493;83;2020-11-28;10404
2020-11-27;"Trnavský kraj";148;188;2;190;NA;95493;150;2020-11-27;10321
2020-11-26;"Trnavský kraj";234;138;9;147;NA;95493;243;2020-11-26;10171
2020-11-25;"Trnavský kraj";232;139;2;141;NA;95493;234;2020-11-25;9928
2020-11-24;"Trnavský kraj";295;137;5;142;NA;95493;300;2020-11-24;9694
2020-11-23;"Trnavský kraj";242;186;4;190;NA;95493;246;2020-11-23;9394
2020-11-22;"Trnavský kraj";10;0;0;0;NA;95493;10;2020-11-22;9148
2020-11-21;"Trnavský kraj";129;0;0;0;NA;95493;129;2020-11-21;9138
2020-11-20;"Trnavský kraj";246;127;3;130;NA;95493;249;2020-11-20;9009
2020-11-19;"Trnavský kraj";157;129;6;135;NA;95493;163;2020-11-19;8760
2020-11-18;"Trnavský kraj";235;86;7;93;NA;95493;242;2020-11-18;8597
2020-11-17;"Trnavský kraj";129;0;0;0;NA;95493;129;2020-11-17;8355
2020-11-16;"Trnavský kraj";187;50;0;50;NA;95493;187;2020-11-16;8226
2020-11-15;"Trnavský kraj";23;0;0;0;NA;95493;23;2020-11-15;8039
2020-11-14;"Trnavský kraj";86;0;0;0;NA;95493;86;2020-11-14;8016
2020-11-13;"Trnavský kraj";219;0;0;0;NA;95493;219;2020-11-13;7930
2020-11-12;"Trnavský kraj";162;0;0;0;NA;95493;162;2020-11-12;7711
2020-11-11;"Trnavský kraj";257;0;0;0;NA;95493;257;2020-11-11;7549
2020-11-10;"Trnavský kraj";189;0;0;0;NA;95493;189;2020-11-10;7292
2020-11-09;"Trnavský kraj";196;0;0;0;NA;95493;196;2020-11-09;7103
2020-11-08;"Trnavský kraj";55;0;0;0;NA;95493;55;2020-11-08;6907
2020-11-07;"Trnavský kraj";207;0;0;0;NA;95493;207;2020-11-07;6852
2020-11-06;"Trnavský kraj";260;0;0;0;NA;95493;260;2020-11-06;6645
2020-11-05;"Trnavský kraj";150;0;0;0;NA;95493;150;2020-11-05;6385
2020-11-04;"Trnavský kraj";188;0;0;0;NA;95493;188;2020-11-04;6235
2020-11-03;"Trnavský kraj";317;0;0;0;NA;95493;317;2020-11-03;6047
2020-11-02;"Trnavský kraj";281;0;0;0;NA;95493;281;2020-11-02;5730
2020-11-01;"Trnavský kraj";87;0;0;0;NA;95493;87;2020-11-01;5449
2020-10-31;"Trnavský kraj";259;0;0;0;NA;95493;259;2020-10-31;5362
2020-10-30;"Trnavský kraj";198;0;0;0;NA;95493;198;2020-10-30;5103
2020-10-29;"Trnavský kraj";273;0;0;0;NA;95493;273;2020-10-29;4905
2020-10-28;"Trnavský kraj";319;0;0;0;NA;95493;319;2020-10-28;4632
2020-10-27;"Trnavský kraj";199;0;0;0;NA;95493;199;2020-10-27;4313
2020-10-26;"Trnavský kraj";153;0;0;0;NA;95493;153;2020-10-26;4114
2020-10-25;"Trnavský kraj";95;0;0;0;NA;95493;95;2020-10-25;3961
2020-10-24;"Trnavský kraj";158;0;0;0;NA;95493;158;2020-10-24;3866
2020-10-23;"Trnavský kraj";201;0;0;0;NA;95493;201;2020-10-23;3708
2020-10-22;"Trnavský kraj";195;0;0;0;NA;95493;195;2020-10-22;3507
2020-10-21;"Trnavský kraj";134;0;0;0;NA;95493;134;2020-10-21;3312
2020-10-20;"Trnavský kraj";202;0;0;0;NA;95493;202;2020-10-20;3178
2020-10-19;"Trnavský kraj";67;0;0;0;NA;95493;67;2020-10-19;2976
2020-10-18;"Trnavský kraj";84;0;0;0;NA;95493;84;2020-10-18;2909
2020-10-17;"Trnavský kraj";123;0;0;0;NA;95493;123;2020-10-17;2825
2020-10-16;"Trnavský kraj";86;0;0;0;NA;95493;86;2020-10-16;2702
2020-10-15;"Trnavský kraj";155;0;0;0;NA;95493;155;2020-10-15;2616
2020-10-14;"Trnavský kraj";236;0;0;0;NA;95493;236;2020-10-14;2461
2020-10-13;"Trnavský kraj";138;0;0;0;NA;95493;138;2020-10-13;2225
2020-10-12;"Trnavský kraj";33;0;0;0;NA;95493;33;2020-10-12;2087
2020-10-11;"Trnavský kraj";31;0;0;0;NA;95493;31;2020-10-11;2054
2020-10-10;"Trnavský kraj";128;0;0;0;NA;95493;128;2020-10-10;2023
2020-10-09;"Trnavský kraj";156;0;0;0;NA;95493;156;2020-10-09;1895
2020-10-08;"Trnavský kraj";153;0;0;0;NA;95493;153;2020-10-08;1739
2020-10-07;"Trnavský kraj";80;0;0;0;NA;95493;80;2020-10-07;1586
2020-10-06;"Trnavský kraj";112;0;0;0;NA;95493;112;2020-10-06;1506
2020-10-05;"Trnavský kraj";33;0;0;0;NA;95493;33;2020-10-05;1394
2020-10-04;"Trnavský kraj";44;0;0;0;NA;95493;44;2020-10-04;1361
2020-10-03;"Trnavský kraj";60;0;0;0;NA;95493;60;2020-10-03;1317
2020-10-02;"Trnavský kraj";41;0;0;0;NA;95493;41;2020-10-02;1257
2020-10-01;"Trnavský kraj";53;0;0;0;NA;95493;53;2020-10-01;1216
2020-09-30;"Trnavský kraj";91;0;0;0;NA;95493;91;2020-09-30;1163
2020-09-29;"Trnavský kraj";40;0;0;0;NA;95493;40;2020-09-29;1072
2020-09-28;"Trnavský kraj";69;0;0;0;NA;95493;69;2020-09-28;1032
2020-09-27;"Trnavský kraj";30;0;0;0;NA;95493;30;2020-09-27;963
2020-09-26;"Trnavský kraj";46;0;0;0;NA;95493;46;2020-09-26;933
2020-09-25;"Trnavský kraj";32;0;0;0;NA;95493;32;2020-09-25;887
2020-09-24;"Trnavský kraj";42;0;0;0;NA;95493;42;2020-09-24;855
2020-09-23;"Trnavský kraj";43;0;0;0;NA;95493;43;2020-09-23;813
2020-09-22;"Trnavský kraj";55;0;0;0;NA;95493;55;2020-09-22;770
2020-09-21;"Trnavský kraj";41;0;0;0;NA;95493;41;2020-09-21;715
2020-09-20;"Trnavský kraj";17;0;0;0;NA;95493;17;2020-09-20;674
2020-09-19;"Trnavský kraj";4;0;0;0;NA;95493;4;2020-09-19;657
2020-09-18;"Trnavský kraj";33;0;0;0;NA;95493;33;2020-09-18;653
2020-09-17;"Trnavský kraj";42;0;0;0;NA;95493;42;2020-09-17;620
2020-09-16;"Trnavský kraj";49;0;0;0;NA;95493;49;2020-09-16;578
2020-09-15;"Trnavský kraj";5;0;0;0;NA;95493;5;2020-09-15;529
2020-09-14;"Trnavský kraj";26;0;0;0;NA;95493;26;2020-09-14;524
2020-09-13;"Trnavský kraj";9;0;0;0;NA;95493;9;2020-09-13;498
2020-09-12;"Trnavský kraj";12;0;0;0;NA;95493;12;2020-09-12;489
2020-09-11;"Trnavský kraj";16;0;0;0;NA;95493;16;2020-09-11;477
2020-09-10;"Trnavský kraj";32;0;0;0;NA;95493;32;2020-09-10;461
2020-09-09;"Trnavský kraj";14;0;0;0;NA;95493;14;2020-09-09;429
2020-09-08;"Trnavský kraj";11;0;0;0;NA;95493;11;2020-09-08;415
2020-09-07;"Trnavský kraj";7;0;0;0;NA;95493;7;2020-09-07;404
2020-09-06;"Trnavský kraj";5;0;0;0;NA;95493;5;2020-09-06;397
2020-09-05;"Trnavský kraj";7;0;0;0;NA;95493;7;2020-09-05;392
2020-09-04;"Trnavský kraj";16;0;0;0;NA;95493;16;2020-09-04;385
2020-09-03;"Trnavský kraj";8;0;0;0;NA;95493;8;2020-09-03;369
2020-09-02;"Trnavský kraj";7;0;0;0;NA;95493;7;2020-09-02;361
2020-09-01;"Trnavský kraj";1;0;0;0;NA;95493;1;2020-09-01;354
2020-08-31;"Trnavský kraj";6;0;0;0;NA;95493;6;2020-08-31;353
2020-08-30;"Trnavský kraj";1;0;0;0;NA;95493;1;2020-08-30;347
2020-08-29;"Trnavský kraj";3;0;0;0;NA;95493;3;2020-08-29;346
2020-08-28;"Trnavský kraj";14;0;0;0;NA;95493;14;2020-08-28;343
2020-08-27;"Trnavský kraj";6;0;0;0;NA;95493;6;2020-08-27;329
2020-08-26;"Trnavský kraj";4;0;0;0;NA;95493;4;2020-08-26;323
2020-08-25;"Trnavský kraj";7;0;0;0;NA;95493;7;2020-08-25;319
2020-08-24;"Trnavský kraj";1;0;0;0;NA;95493;1;2020-08-24;312
2020-08-23;"Trnavský kraj";6;0;0;0;NA;95493;6;2020-08-23;311
2020-08-22;"Trnavský kraj";3;0;0;0;NA;95493;3;2020-08-22;305
2020-08-21;"Trnavský kraj";4;0;0;0;NA;95493;4;2020-08-21;302
2020-08-20;"Trnavský kraj";23;0;0;0;NA;95493;23;2020-08-20;298
2020-08-19;"Trnavský kraj";13;0;0;0;NA;95493;13;2020-08-19;275
2020-08-18;"Trnavský kraj";20;0;0;0;NA;95493;20;2020-08-18;262
2020-08-17;"Trnavský kraj";3;0;0;0;NA;95493;3;2020-08-17;242
2020-08-16;"Trnavský kraj";0;0;0;0;NA;95493;0;2020-08-16;239
2020-08-15;"Trnavský kraj";7;0;0;0;NA;95493;7;2020-08-15;239
2020-08-14;"Trnavský kraj";6;0;0;0;NA;95493;6;2020-08-14;232
2020-08-13;"Trnavský kraj";10;0;0;0;NA;95493;10;2020-08-13;226
2020-08-12;"Trnavský kraj";2;0;0;0;NA;95493;2;2020-08-12;216
2020-08-11;"Trnavský kraj";30;0;0;0;NA;95493;30;2020-08-11;214
2020-08-10;"Trnavský kraj";0;0;0;0;NA;95493;0;2020-08-10;184
2020-08-09;"Trnavský kraj";0;0;0;0;NA;95493;0;2020-08-09;184
2020-08-08;"Trnavský kraj";13;0;0;0;NA;95493;13;2020-08-08;184
2020-08-07;"Trnavský kraj";4;0;0;0;NA;95493;4;2020-08-07;171
2020-08-06;"Trnavský kraj";4;0;0;0;NA;95493;4;2020-08-06;167
2020-08-05;"Trnavský kraj";0;0;0;0;NA;95493;0;2020-08-05;163
2020-08-04;"Trnavský kraj";1;0;0;0;NA;95493;1;2020-08-04;163
2020-08-03;"Trnavský kraj";2;0;0;0;NA;95493;2;2020-08-03;162
2020-08-02;"Trnavský kraj";1;0;0;0;NA;95493;1;2020-08-02;160
2020-08-01;"Trnavský kraj";0;0;0;0;NA;95493;0;2020-08-01;159
2020-07-31;"Trnavský kraj";7;0;0;0;NA;95493;7;2020-07-31;159
2020-07-30;"Trnavský kraj";6;0;0;0;NA;95493;6;2020-07-30;152
2020-07-29;"Trnavský kraj";0;0;0;0;NA;95493;0;2020-07-29;146
2020-07-28;"Trnavský kraj";1;0;0;0;NA;95493;1;2020-07-28;146
2020-07-27;"Trnavský kraj";2;0;0;0;NA;95493;2;2020-07-27;145
2020-07-26;"Trnavský kraj";0;0;0;0;NA;95493;0;2020-07-26;143
2020-07-25;"Trnavský kraj";0;0;0;0;NA;95493;0;2020-07-25;143
2020-07-24;"Trnavský kraj";1;0;0;0;NA;95493;1;2020-07-24;143
2020-07-23;"Trnavský kraj";2;0;0;0;NA;95493;2;2020-07-23;142
2020-07-22;"Trnavský kraj";1;0;0;0;NA;95493;1;2020-07-22;140
2020-07-21;"Trnavský kraj";2;0;0;0;NA;95493;2;2020-07-21;139
2020-07-20;"Trnavský kraj";0;0;0;0;NA;95493;0;2020-07-20;137
2020-07-19;"Trnavský kraj";0;0;0;0;NA;95493;0;2020-07-19;137
2020-07-18;"Trnavský kraj";0;0;0;0;NA;95493;0;2020-07-18;137
2020-07-17;"Trnavský kraj";0;0;0;0;NA;95493;0;2020-07-17;137
2020-07-16;"Trnavský kraj";0;0;0;0;NA;95493;0;2020-07-16;137
2020-07-15;"Trnavský kraj";1;0;0;0;NA;95493;1;2020-07-15;137
2020-07-14;"Trnavský kraj";0;0;0;0;NA;95493;0;2020-07-14;136
2020-07-13;"Trnavský kraj";0;0;0;0;NA;95493;0;2020-07-13;136
2020-07-12;"Trnavský kraj";0;0;0;0;NA;95493;0;2020-07-12;136
2020-07-11;"Trnavský kraj";0;0;0;0;NA;95493;0;2020-07-11;136
2020-07-10;"Trnavský kraj";0;0;0;0;NA;95493;0;2020-07-10;136
2020-07-09;"Trnavský kraj";0;0;0;0;NA;95493;0;2020-07-09;136
2020-07-08;"Trnavský kraj";3;0;0;0;NA;95493;3;2020-07-08;136
2020-07-07;"Trnavský kraj";4;0;0;0;NA;95493;4;2020-07-07;133
2020-07-06;"Trnavský kraj";0;0;0;0;NA;95493;0;2020-07-06;129
2020-07-05;"Trnavský kraj";0;0;0;0;NA;95493;0;2020-07-05;129
2020-07-04;"Trnavský kraj";0;0;0;0;NA;95493;0;2020-07-04;129
2020-07-03;"Trnavský kraj";0;0;0;0;NA;95493;0;2020-07-03;129
2020-07-02;"Trnavský kraj";3;0;0;0;NA;95493;3;2020-07-02;129
2020-07-01;"Trnavský kraj";0;0;0;0;NA;95493;0;2020-07-01;126
2020-06-30;"Trnavský kraj";0;0;0;0;NA;95493;0;2020-06-30;126
2020-06-29;"Trnavský kraj";0;0;0;0;NA;95493;0;2020-06-29;126
2020-06-28;"Trnavský kraj";0;0;0;0;NA;95493;0;2020-06-28;126
2020-06-27;"Trnavský kraj";0;0;0;0;NA;95493;0;2020-06-27;126
2020-06-26;"Trnavský kraj";0;0;0;0;NA;95493;0;2020-06-26;126
2020-06-25;"Trnavský kraj";0;0;0;0;NA;95493;0;2020-06-25;126
2020-06-24;"Trnavský kraj";0;0;0;0;NA;95493;0;2020-06-24;126
2020-06-23;"Trnavský kraj";0;0;0;0;NA;95493;0;2020-06-23;126
2020-06-22;"Trnavský kraj";0;0;0;0;NA;95493;0;2020-06-22;126
2020-06-21;"Trnavský kraj";0;0;0;0;NA;95493;0;2020-06-21;126
2020-06-20;"Trnavský kraj";0;0;0;0;NA;95493;0;2020-06-20;126
2020-06-19;"Trnavský kraj";0;0;0;0;NA;95493;0;2020-06-19;126
2020-06-18;"Trnavský kraj";2;0;0;0;NA;95493;2;2020-06-18;126
2020-06-17;"Trnavský kraj";0;0;0;0;NA;95493;0;2020-06-17;124
2020-06-16;"Trnavský kraj";0;0;0;0;NA;95493;0;2020-06-16;124
2020-06-14;"Trnavský kraj";0;0;0;0;NA;95493;0;2020-06-14;124
2020-06-13;"Trnavský kraj";0;0;0;0;NA;95493;0;2020-06-13;124
2020-06-12;"Trnavský kraj";0;0;0;0;NA;95493;0;2020-06-12;124
2020-06-11;"Trnavský kraj";0;0;0;0;NA;95493;0;2020-06-11;124
2020-06-10;"Trnavský kraj";0;0;0;0;NA;95493;0;2020-06-10;124
2020-06-09;"Trnavský kraj";0;0;0;0;NA;95493;0;2020-06-09;124
2020-06-08;"Trnavský kraj";0;0;0;0;NA;95493;0;2020-06-08;124
2020-06-07;"Trnavský kraj";0;0;0;0;NA;95493;0;2020-06-07;124
2020-06-05;"Trnavský kraj";0;0;0;0;NA;95493;0;2020-06-05;124
2020-06-03;"Trnavský kraj";0;0;0;0;NA;95493;0;2020-06-03;124
2020-06-02;"Trnavský kraj";0;0;0;0;NA;95493;0;2020-06-02;124
2020-05-31;"Trnavský kraj";0;0;0;0;NA;95493;0;2020-05-31;124
2020-05-29;"Trnavský kraj";0;0;0;0;NA;95493;0;2020-05-29;124
2020-05-27;"Trnavský kraj";0;0;0;0;NA;95493;0;2020-05-27;124
2020-05-26;"Trnavský kraj";0;0;0;0;NA;95493;0;2020-05-26;124
2020-05-25;"Trnavský kraj";1;0;0;0;NA;95493;1;2020-05-25;124
2020-05-24;"Trnavský kraj";0;0;0;0;NA;95493;0;2020-05-24;123
2020-05-23;"Trnavský kraj";2;0;0;0;NA;95493;2;2020-05-23;123
2020-05-22;"Trnavský kraj";0;0;0;0;NA;95493;0;2020-05-22;121
2020-05-21;"Trnavský kraj";0;0;0;0;NA;95493;0;2020-05-21;121
2020-05-20;"Trnavský kraj";2;0;0;0;NA;95493;2;2020-05-20;121
2020-05-19;"Trnavský kraj";0;0;0;0;NA;95493;0;2020-05-19;119
2020-05-17;"Trnavský kraj";0;0;0;0;NA;95493;0;2020-05-17;119
2020-05-16;"Trnavský kraj";0;0;0;0;NA;95493;0;2020-05-16;119
2020-05-15;"Trnavský kraj";1;0;0;0;NA;95493;1;2020-05-15;119
2020-05-14;"Trnavský kraj";0;0;0;0;NA;95493;0;2020-05-14;118
2020-05-13;"Trnavský kraj";0;0;0;0;NA;95493;0;2020-05-13;118
2020-05-12;"Trnavský kraj";0;0;0;0;NA;95493;0;2020-05-12;118
2020-05-11;"Trnavský kraj";2;0;0;0;NA;95493;2;2020-05-11;118
2020-05-09;"Trnavský kraj";0;0;0;0;NA;95493;0;2020-05-09;116
2020-05-07;"Trnavský kraj";0;0;0;0;NA;95493;0;2020-05-07;116
2020-05-06;"Trnavský kraj";0;0;0;0;NA;95493;0;2020-05-06;116
2020-05-05;"Trnavský kraj";0;0;0;0;NA;95493;0;2020-05-05;116
2020-05-04;"Trnavský kraj";0;0;0;0;NA;95493;0;2020-05-04;116
2020-05-03;"Trnavský kraj";0;0;0;0;NA;95493;0;2020-05-03;116
2020-05-02;"Trnavský kraj";0;0;0;0;NA;95493;0;2020-05-02;116
2020-05-01;"Trnavský kraj";0;0;0;0;NA;95493;0;2020-05-01;116
2020-04-30;"Trnavský kraj";0;0;0;0;NA;95493;0;2020-04-30;116
2020-04-29;"Trnavský kraj";0;0;0;0;NA;95493;0;2020-04-29;116
2020-04-28;"Trnavský kraj";1;0;0;0;NA;95493;1;2020-04-28;116
2020-04-27;"Trnavský kraj";0;0;0;0;NA;95493;0;2020-04-27;115
2020-04-26;"Trnavský kraj";0;0;0;0;NA;95493;0;2020-04-26;115
2020-04-25;"Trnavský kraj";2;0;0;0;NA;95493;2;2020-04-25;115
2020-04-24;"Trnavský kraj";4;0;0;0;NA;95493;4;2020-04-24;113
2020-04-23;"Trnavský kraj";5;0;0;0;NA;95493;5;2020-04-23;109
2020-04-22;"Trnavský kraj";10;0;0;0;NA;95493;10;2020-04-22;104
2020-04-21;"Trnavský kraj";5;0;0;0;NA;95493;5;2020-04-21;94
2020-04-20;"Trnavský kraj";0;0;0;0;NA;95493;0;2020-04-20;89
2020-04-19;"Trnavský kraj";1;0;0;0;NA;95493;1;2020-04-19;89
2020-04-18;"Trnavský kraj";4;0;0;0;NA;95493;4;2020-04-18;88
2020-04-17;"Trnavský kraj";7;0;0;0;NA;95493;7;2020-04-17;84
2020-04-16;"Trnavský kraj";5;0;0;0;NA;95493;5;2020-04-16;77
2020-04-15;"Trnavský kraj";5;0;0;0;NA;95493;5;2020-04-15;72
2020-04-14;"Trnavský kraj";1;0;0;0;NA;95493;1;2020-04-14;67
2020-04-13;"Trnavský kraj";0;0;0;0;NA;95493;0;2020-04-13;66
2020-04-12;"Trnavský kraj";0;0;0;0;NA;95493;0;2020-04-12;66
2020-04-11;"Trnavský kraj";0;0;0;0;NA;95493;0;2020-04-11;66
2020-04-10;"Trnavský kraj";2;0;0;0;NA;95493;2;2020-04-10;66
2020-04-09;"Trnavský kraj";3;0;0;0;NA;95493;3;2020-04-09;64
2020-04-08;"Trnavský kraj";4;0;0;0;NA;95493;4;2020-04-08;61
2020-04-07;"Trnavský kraj";6;0;0;0;NA;95493;6;2020-04-07;57
2020-04-06;"Trnavský kraj";6;0;0;0;NA;95493;6;2020-04-06;51
2020-04-05;"Trnavský kraj";1;0;0;0;NA;95493;1;2020-04-05;45
2020-04-04;"Trnavský kraj";1;0;0;0;NA;95493;1;2020-04-04;44
2020-04-03;"Trnavský kraj";3;0;0;0;NA;95493;3;2020-04-03;43
2020-04-02;"Trnavský kraj";4;0;0;0;NA;95493;4;2020-04-02;40
2020-04-01;"Trnavský kraj";0;0;0;0;NA;95493;0;2020-04-01;36
2020-03-31;"Trnavský kraj";3;0;0;0;NA;95493;3;2020-03-31;36
2020-03-30;"Trnavský kraj";4;0;0;0;NA;95493;4;2020-03-30;33
2020-03-29;"Trnavský kraj";1;0;0;0;NA;95493;1;2020-03-29;29
2020-03-28;"Trnavský kraj";3;0;0;0;NA;95493;3;2020-03-28;28
2020-03-27;"Trnavský kraj";5;0;0;0;NA;95493;5;2020-03-27;25
2020-03-26;"Trnavský kraj";5;0;0;0;NA;95493;5;2020-03-26;20
2020-03-25;"Trnavský kraj";1;0;0;0;NA;95493;1;2020-03-25;15
2020-03-24;"Trnavský kraj";0;0;0;0;NA;95493;0;2020-03-24;14
2020-03-23;"Trnavský kraj";2;0;0;0;NA;95493;2;2020-03-23;14
2020-03-22;"Trnavský kraj";1;0;0;0;NA;95493;1;2020-03-22;12
2020-03-21;"Trnavský kraj";5;0;0;0;NA;95493;5;2020-03-21;11
2020-03-20;"Trnavský kraj";0;0;0;0;NA;95493;0;2020-03-20;6
2020-03-19;"Trnavský kraj";0;0;0;0;NA;95493;0;2020-03-19;6
2020-03-18;"Trnavský kraj";0;0;0;0;NA;95493;0;2020-03-18;6
2020-03-17;"Trnavský kraj";3;0;0;0;NA;95493;3;2020-03-17;6
2020-03-16;"Trnavský kraj";1;0;0;0;NA;95493;1;2020-03-16;3
2020-03-15;"Trnavský kraj";0;0;0;0;NA;95493;0;2020-03-15;2
2020-03-14;"Trnavský kraj";0;0;0;0;NA;95493;0;2020-03-14;2
2020-03-13;"Trnavský kraj";1;0;0;0;NA;95493;1;2020-03-13;2
2020-03-12;"Trnavský kraj";1;0;0;0;NA;95493;1;2020-03-12;1
2020-03-11;"Trnavský kraj";0;0;0;0;NA;95493;0;2020-03-11;0
2020-03-09;"Trnavský kraj";0;0;0;0;NA;95493;0;2020-03-09;0
2020-03-08;"Trnavský kraj";0;0;0;0;NA;95493;0;2020-03-08;0
2020-03-07;"Trnavský kraj";0;0;0;0;NA;95493;0;2020-03-07;0
2020-03-06;"Trnavský kraj";0;0;0;0;NA;95493;0;2020-03-06;0
2021-06-14;"Žilinský kraj";10;5823;10;5833;57854;111812;20;2021-06-14;111812
2021-06-13;"Žilinský kraj";2;6051;7;6058;NA;111812;9;2021-06-13;111792
2021-06-12;"Žilinský kraj";9;7210;8;7218;NA;111812;17;2021-06-12;111783
2021-06-11;"Žilinský kraj";11;10230;12;10242;NA;111812;23;2021-06-11;111766
2021-06-10;"Žilinský kraj";14;5996;9;6005;NA;111812;23;2021-06-10;111743
2021-06-09;"Žilinský kraj";23;5222;10;5232;NA;111812;33;2021-06-09;111720
2021-06-08;"Žilinský kraj";18;6237;15;6252;NA;111812;33;2021-06-08;111687
2021-06-07;"Žilinský kraj";25;7740;22;7762;NA;111812;47;2021-06-07;111654
2021-06-06;"Žilinský kraj";10;7394;24;7418;NA;111812;34;2021-06-06;111607
2021-06-05;"Žilinský kraj";8;8089;9;8098;NA;111812;17;2021-06-05;111573
2021-06-04;"Žilinský kraj";19;11061;26;11087;NA;111812;45;2021-06-04;111556
2021-06-03;"Žilinský kraj";12;6326;31;6357;NA;111812;43;2021-06-03;111511
2021-06-02;"Žilinský kraj";17;6944;28;6972;NA;111812;45;2021-06-02;111468
2021-06-01;"Žilinský kraj";38;7717;40;7757;NA;111812;78;2021-06-01;111423
2021-05-31;"Žilinský kraj";31;8969;61;9030;NA;111812;92;2021-05-31;111345
2021-05-30;"Žilinský kraj";21;8906;31;8937;NA;111812;52;2021-05-30;111253
2021-05-29;"Žilinský kraj";13;10291;18;10309;NA;111812;31;2021-05-29;111201
2021-05-28;"Žilinský kraj";28;12336;30;12366;NA;111812;58;2021-05-28;111170
2021-05-27;"Žilinský kraj";17;8343;39;8382;NA;111812;56;2021-05-27;111112
2021-05-26;"Žilinský kraj";20;7427;21;7448;NA;111812;41;2021-05-26;111056
2021-05-25;"Žilinský kraj";21;9102;36;9138;NA;111812;57;2021-05-25;111015
2021-05-24;"Žilinský kraj";36;11613;57;11670;NA;111812;93;2021-05-24;110958
2021-05-23;"Žilinský kraj";4;10592;52;10644;NA;111812;56;2021-05-23;110865
2021-05-22;"Žilinský kraj";21;11050;28;11078;NA;111812;49;2021-05-22;110809
2021-05-21;"Žilinský kraj";28;14963;48;15011;NA;111812;76;2021-05-21;110760
2021-05-20;"Žilinský kraj";30;8559;30;8589;NA;111812;60;2021-05-20;110684
2021-05-19;"Žilinský kraj";46;8010;40;8050;NA;111812;86;2021-05-19;110624
2021-05-18;"Žilinský kraj";52;10365;43;10408;NA;111812;95;2021-05-18;110538
2021-05-17;"Žilinský kraj";51;12045;81;12126;NA;111812;132;2021-05-17;110443
2021-05-16;"Žilinský kraj";13;13634;37;13671;NA;111812;50;2021-05-16;110311
2021-05-15;"Žilinský kraj";30;17153;35;17188;NA;111812;65;2021-05-15;110261
2021-05-14;"Žilinský kraj";34;20369;86;20455;NA;111812;120;2021-05-14;110196
2021-05-13;"Žilinský kraj";64;12481;52;12533;NA;111812;116;2021-05-13;110076
2021-05-12;"Žilinský kraj";57;10696;53;10749;NA;111812;110;2021-05-12;109960
2021-05-11;"Žilinský kraj";70;11849;50;11899;NA;111812;120;2021-05-11;109850
2021-05-10;"Žilinský kraj";69;15007;73;15080;NA;111812;142;2021-05-10;109730
2021-05-09;"Žilinský kraj";58;20425;73;20498;NA;111812;131;2021-05-09;109588
2021-05-08;"Žilinský kraj";0;23023;61;23084;NA;111812;61;2021-05-08;109457
2021-05-07;"Žilinský kraj";65;24086;85;24171;NA;111812;150;2021-05-07;109396
2021-05-06;"Žilinský kraj";67;16721;73;16794;NA;111812;140;2021-05-06;109246
2021-05-05;"Žilinský kraj";71;12457;73;12530;NA;111812;144;2021-05-05;109106
2021-05-04;"Žilinský kraj";81;16465;86;16551;NA;111812;167;2021-05-04;108962
2021-05-03;"Žilinský kraj";97;20455;121;20576;NA;111812;218;2021-05-03;108795
2021-05-02;"Žilinský kraj";8;28917;64;28981;NA;111812;72;2021-05-02;108577
2021-05-01;"Žilinský kraj";65;55446;107;55553;NA;111812;172;2021-05-01;108505
2021-04-30;"Žilinský kraj";84;46163;129;46292;NA;111812;213;2021-04-30;108333
2021-04-29;"Žilinský kraj";77;26238;115;26353;NA;111812;192;2021-04-29;108120
2021-04-28;"Žilinský kraj";76;20378;95;20473;NA;111812;171;2021-04-28;107928
2021-04-27;"Žilinský kraj";97;23329;118;23447;NA;111812;215;2021-04-27;107757
2021-04-26;"Žilinský kraj";114;28668;153;28821;NA;111812;267;2021-04-26;107542
2021-04-25;"Žilinský kraj";38;38421;85;38506;NA;111812;123;2021-04-25;107275
2021-04-24;"Žilinský kraj";93;84827;166;84993;NA;111812;259;2021-04-24;107152
2021-04-23;"Žilinský kraj";144;53706;161;53867;NA;111812;305;2021-04-23;106893
2021-04-22;"Žilinský kraj";110;26230;144;26374;NA;111812;254;2021-04-22;106588
2021-04-21;"Žilinský kraj";118;21943;158;22101;NA;111812;276;2021-04-21;106334
2021-04-20;"Žilinský kraj";128;25640;149;25789;NA;111812;277;2021-04-20;106058
2021-04-19;"Žilinský kraj";164;35718;233;35951;NA;111812;397;2021-04-19;105781
2021-04-18;"Žilinský kraj";18;40791;101;40892;NA;111812;119;2021-04-18;105384
2021-04-17;"Žilinský kraj";108;102829;183;103012;NA;111812;291;2021-04-17;105265
2021-04-16;"Žilinský kraj";185;50447;219;50666;NA;111812;404;2021-04-16;104974
2021-04-15;"Žilinský kraj";108;27331;142;27473;NA;111812;250;2021-04-15;104570
2021-04-14;"Žilinský kraj";135;25263;160;25423;NA;111812;295;2021-04-14;104320
2021-04-13;"Žilinský kraj";171;28604;159;28763;NA;111812;330;2021-04-13;104025
2021-04-12;"Žilinský kraj";266;33372;216;33588;NA;111812;482;2021-04-12;103695
2021-04-11;"Žilinský kraj";19;40073;113;40186;NA;111812;132;2021-04-11;103213
2021-04-10;"Žilinský kraj";111;93889;267;94156;NA;111812;378;2021-04-10;103081
2021-04-09;"Žilinský kraj";195;47911;235;48146;NA;111812;430;2021-04-09;102703
2021-04-08;"Žilinský kraj";179;27252;157;27409;NA;111812;336;2021-04-08;102273
2021-04-07;"Žilinský kraj";309;31967;195;32162;NA;111812;504;2021-04-07;101937
2021-04-06;"Žilinský kraj";308;42096;323;42419;NA;111812;631;2021-04-06;101433
2021-04-05;"Žilinský kraj";17;15392;152;15544;NA;111812;169;2021-04-05;100802
2021-04-04;"Žilinský kraj";17;16867;70;16937;NA;111812;87;2021-04-04;100633
2021-04-03;"Žilinský kraj";180;117082;464;117546;NA;111812;644;2021-04-03;100546
2021-04-02;"Žilinský kraj";73;23418;88;23506;NA;111812;161;2021-04-02;99902
2021-04-01;"Žilinský kraj";334;45700;266;45966;NA;111812;600;2021-04-01;99741
2021-03-31;"Žilinský kraj";170;33746;272;34018;NA;111812;442;2021-03-31;99141
2021-03-30;"Žilinský kraj";406;27949;282;28231;NA;111812;688;2021-03-30;98699
2021-03-29;"Žilinský kraj";297;29022;285;29307;NA;111812;582;2021-03-29;98011
2021-03-28;"Žilinský kraj";21;37910;250;38160;NA;111812;271;2021-03-28;97429
2021-03-27;"Žilinský kraj";151;92652;374;93026;NA;111812;525;2021-03-27;97158
2021-03-26;"Žilinský kraj";312;54772;369;55141;NA;111812;681;2021-03-26;96633
2021-03-25;"Žilinský kraj";281;29436;234;29670;NA;111812;515;2021-03-25;95952
2021-03-24;"Žilinský kraj";280;23087;291;23378;NA;111812;571;2021-03-24;95437
2021-03-23;"Žilinský kraj";418;24624;313;24937;NA;111812;731;2021-03-23;94866
2021-03-22;"Žilinský kraj";293;30950;350;31300;NA;111812;643;2021-03-22;94135
2021-03-21;"Žilinský kraj";32;36306;253;36559;NA;111812;285;2021-03-21;93492
2021-03-20;"Žilinský kraj";165;98994;550;99544;NA;111812;715;2021-03-20;93207
2021-03-19;"Žilinský kraj";357;55254;465;55719;NA;111812;822;2021-03-19;92492
2021-03-18;"Žilinský kraj";329;30980;328;31308;NA;111812;657;2021-03-18;91670
2021-03-17;"Žilinský kraj";395;23573;300;23873;NA;111812;695;2021-03-17;91013
2021-03-16;"Žilinský kraj";514;25700;365;26065;NA;111812;879;2021-03-16;90318
2021-03-15;"Žilinský kraj";341;32038;460;32498;NA;111812;801;2021-03-15;89439
2021-03-14;"Žilinský kraj";87;36556;300;36856;NA;111812;387;2021-03-14;88638
2021-03-13;"Žilinský kraj";113;99896;637;100533;NA;111812;750;2021-03-13;88251
2021-03-12;"Žilinský kraj";520;56904;480;57384;NA;111812;1000;2021-03-12;87501
2021-03-11;"Žilinský kraj";399;31510;367;31877;NA;111812;766;2021-03-11;86501
2021-03-10;"Žilinský kraj";368;24932;430;25362;NA;111812;798;2021-03-10;85735
2021-03-09;"Žilinský kraj";537;28765;368;29133;NA;111812;905;2021-03-09;84937
2021-03-08;"Žilinský kraj";387;33823;536;34359;NA;111812;923;2021-03-08;84032
2021-03-07;"Žilinský kraj";48;35637;325;35962;NA;111812;373;2021-03-07;83109
2021-03-06;"Žilinský kraj";173;97655;653;98308;NA;111812;826;2021-03-06;82736
2021-03-05;"Žilinský kraj";369;55796;541;56337;NA;111812;910;2021-03-05;81910
2021-03-04;"Žilinský kraj";467;35060;450;35510;NA;111812;917;2021-03-04;81000
2021-03-03;"Žilinský kraj";448;28688;449;29137;NA;111812;897;2021-03-03;80083
2021-03-02;"Žilinský kraj";551;29256;437;29693;NA;111812;988;2021-03-02;79186
2021-03-01;"Žilinský kraj";375;33731;492;34223;NA;111812;867;2021-03-01;78198
2021-02-28;"Žilinský kraj";61;37547;366;37913;NA;111812;427;2021-02-28;77331
2021-02-27;"Žilinský kraj";159;93652;763;94415;NA;111812;922;2021-02-27;76904
2021-02-26;"Žilinský kraj";459;52273;561;52834;NA;111812;1020;2021-02-26;75982
2021-02-25;"Žilinský kraj";347;34404;460;34864;NA;111812;807;2021-02-25;74962
2021-02-24;"Žilinský kraj";339;20320;450;20770;NA;111812;789;2021-02-24;74155
2021-02-23;"Žilinský kraj";437;26654;506;27160;NA;111812;943;2021-02-23;73366
2021-02-22;"Žilinský kraj";345;30857;477;31334;NA;111812;822;2021-02-22;72423
2021-02-21;"Žilinský kraj";36;30488;357;30845;NA;111812;393;2021-02-21;71601
2021-02-20;"Žilinský kraj";152;91679;691;92370;NA;111812;843;2021-02-20;71208
2021-02-19;"Žilinský kraj";337;46892;437;47329;NA;111812;774;2021-02-19;70365
2021-02-18;"Žilinský kraj";263;26086;386;26472;NA;111812;649;2021-02-18;69591
2021-02-17;"Žilinský kraj";269;18848;373;19221;NA;111812;642;2021-02-17;68942
2021-02-16;"Žilinský kraj";321;28273;365;28638;NA;111812;686;2021-02-16;68300
2021-02-15;"Žilinský kraj";230;32158;327;32485;NA;111812;557;2021-02-15;67614
2021-02-14;"Žilinský kraj";30;29539;249;29788;NA;111812;279;2021-02-14;67057
2021-02-13;"Žilinský kraj";91;77847;521;78368;NA;111812;612;2021-02-13;66778
2021-02-12;"Žilinský kraj";242;44368;357;44725;NA;111812;599;2021-02-12;66166
2021-02-11;"Žilinský kraj";228;25194;324;25518;NA;111812;552;2021-02-11;65567
2021-02-10;"Žilinský kraj";259;19244;281;19525;NA;111812;540;2021-02-10;65015
2021-02-09;"Žilinský kraj";377;28968;313;29281;NA;111812;690;2021-02-09;64475
2021-02-08;"Žilinský kraj";160;51782;464;52246;NA;111812;624;2021-02-08;63785
2021-02-07;"Žilinský kraj";24;73073;351;73424;NA;111812;375;2021-02-07;63161
2021-02-06;"Žilinský kraj";71;73947;371;74318;NA;111812;442;2021-02-06;62786
2021-02-05;"Žilinský kraj";248;34325;370;34695;NA;111812;618;2021-02-05;62344
2021-02-04;"Žilinský kraj";238;13791;269;14060;NA;111812;507;2021-02-04;61726
2021-02-03;"Žilinský kraj";194;9483;262;9745;NA;111812;456;2021-02-03;61219
2021-02-02;"Žilinský kraj";216;10458;305;10763;NA;111812;521;2021-02-02;60763
2021-02-01;"Žilinský kraj";220;21097;413;21510;NA;111812;633;2021-02-01;60242
2021-01-31;"Žilinský kraj";11;2813;29;2842;NA;111812;40;2021-01-31;59609
2021-01-30;"Žilinský kraj";85;18945;195;19140;NA;111812;280;2021-01-30;59569
2021-01-29;"Žilinský kraj";209;23032;308;23340;NA;111812;517;2021-01-29;59289
2021-01-28;"Žilinský kraj";240;5748;178;5926;NA;111812;418;2021-01-28;58772
2021-01-27;"Žilinský kraj";256;7666;134;7800;NA;111812;390;2021-01-27;58354
2021-01-26;"Žilinský kraj";245;52981;385;53366;NA;111812;630;2021-01-26;57964
2021-01-25;"Žilinský kraj";159;21849;155;22004;NA;111812;314;2021-01-25;57334
2021-01-24;"Žilinský kraj";22;73448;357;73805;NA;111812;379;2021-01-24;57020
2021-01-23;"Žilinský kraj";91;107050;491;107541;NA;111812;582;2021-01-23;56641
2021-01-22;"Žilinský kraj";163;36417;272;36689;NA;111812;435;2021-01-22;56059
2021-01-21;"Žilinský kraj";116;21593;196;21789;NA;111812;312;2021-01-21;55624
2021-01-20;"Žilinský kraj";236;18512;172;18684;NA;111812;408;2021-01-20;55312
2021-01-19;"Žilinský kraj";245;16359;308;16667;NA;111812;553;2021-01-19;54904
2021-01-18;"Žilinský kraj";236;13261;343;13604;NA;111812;579;2021-01-18;54351
2021-01-17;"Žilinský kraj";95;249;16;265;NA;111812;111;2021-01-17;53772
2021-01-16;"Žilinský kraj";14;1180;53;1233;NA;111812;67;2021-01-16;53661
2021-01-15;"Žilinský kraj";248;7383;209;7592;NA;111812;457;2021-01-15;53594
2021-01-14;"Žilinský kraj";166;5730;253;5983;NA;111812;419;2021-01-14;53137
2021-01-13;"Žilinský kraj";247;11539;560;12099;NA;111812;807;2021-01-13;52718
2021-01-12;"Žilinský kraj";376;9424;427;9851;NA;111812;803;2021-01-12;51911
2021-01-11;"Žilinský kraj";351;11409;573;11982;NA;111812;924;2021-01-11;51108
2021-01-10;"Žilinský kraj";38;349;9;358;NA;111812;47;2021-01-10;50184
2021-01-09;"Žilinský kraj";192;2063;89;2152;NA;111812;281;2021-01-09;50137
2021-01-08;"Žilinský kraj";413;10465;553;11018;NA;111812;966;2021-01-08;49856
2021-01-07;"Žilinský kraj";438;23886;1918;25804;NA;111812;2356;2021-01-07;48890
2021-01-06;"Žilinský kraj";145;1855;132;1987;NA;111812;277;2021-01-06;46534
2021-01-05;"Žilinský kraj";717;11717;903;12620;NA;111812;1620;2021-01-05;46257
2021-01-04;"Žilinský kraj";479;10290;1051;11341;NA;111812;1530;2021-01-04;44637
2021-01-03;"Žilinský kraj";13;1329;132;1461;NA;111812;145;2021-01-03;43107
2021-01-02;"Žilinský kraj";98;1085;108;1193;NA;111812;206;2021-01-02;42962
2021-01-01;"Žilinský kraj";118;1154;68;1222;NA;111812;186;2021-01-01;42756
2020-12-31;"Žilinský kraj";395;10421;837;11258;NA;111812;1232;2020-12-31;42570
2020-12-30;"Žilinský kraj";1038;15214;1036;16250;NA;111812;2074;2020-12-30;41338
2020-12-29;"Žilinský kraj";256;11273;1124;12397;NA;111812;1380;2020-12-29;39264
2020-12-28;"Žilinský kraj";406;11936;1120;13056;NA;111812;1526;2020-12-28;37884
2020-12-27;"Žilinský kraj";40;807;114;921;NA;111812;154;2020-12-27;36358
2020-12-26;"Žilinský kraj";135;704;54;758;NA;111812;189;2020-12-26;36204
2020-12-25;"Žilinský kraj";66;119;15;134;NA;111812;81;2020-12-25;36015
2020-12-24;"Žilinský kraj";643;1124;87;1211;NA;111812;730;2020-12-24;35934
2020-12-23;"Žilinský kraj";228;17911;1110;19021;NA;111812;1338;2020-12-23;35204
2020-12-22;"Žilinský kraj";519;14340;1094;15434;NA;111812;1613;2020-12-22;33866
2020-12-21;"Žilinský kraj";444;13056;1129;14185;NA;111812;1573;2020-12-21;32253
2020-12-20;"Žilinský kraj";36;679;91;770;NA;111812;127;2020-12-20;30680
2020-12-19;"Žilinský kraj";208;2138;149;2287;NA;111812;357;2020-12-19;30553
2020-12-18;"Žilinský kraj";333;7256;435;7691;NA;111812;768;2020-12-18;30196
2020-12-17;"Žilinský kraj";500;4516;301;4817;NA;111812;801;2020-12-17;29428
2020-12-16;"Žilinský kraj";333;4312;308;4620;NA;111812;641;2020-12-16;28627
2020-12-15;"Žilinský kraj";528;4360;396;4756;NA;111812;924;2020-12-15;27986
2020-12-14;"Žilinský kraj";321;4624;377;5001;NA;111812;698;2020-12-14;27062
2020-12-13;"Žilinský kraj";26;556;76;632;NA;111812;102;2020-12-13;26364
2020-12-12;"Žilinský kraj";95;1213;72;1285;NA;111812;167;2020-12-12;26262
2020-12-11;"Žilinský kraj";455;4767;285;5052;NA;111812;740;2020-12-11;26095
2020-12-10;"Žilinský kraj";166;9607;855;10462;NA;111812;1021;2020-12-10;25355
2020-12-09;"Žilinský kraj";392;2717;172;2889;NA;111812;564;2020-12-09;24334
2020-12-08;"Žilinský kraj";331;3841;153;3994;NA;111812;484;2020-12-08;23770
2020-12-07;"Žilinský kraj";348;2536;161;2697;NA;111812;509;2020-12-07;23286
2020-12-06;"Žilinský kraj";15;128;6;134;NA;111812;21;2020-12-06;22777
2020-12-05;"Žilinský kraj";98;1500;53;1553;NA;111812;151;2020-12-05;22756
2020-12-04;"Žilinský kraj";228;3183;135;3318;NA;111812;363;2020-12-04;22605
2020-12-03;"Žilinský kraj";237;1564;125;1689;NA;111812;362;2020-12-03;22242
2020-12-02;"Žilinský kraj";181;1911;90;2001;NA;111812;271;2020-12-02;21880
2020-12-01;"Žilinský kraj";209;6581;312;6893;NA;111812;521;2020-12-01;21609
2020-11-30;"Žilinský kraj";203;5585;323;5908;NA;111812;526;2020-11-30;21088
2020-11-29;"Žilinský kraj";18;0;0;0;NA;111812;18;2020-11-29;20562
2020-11-28;"Žilinský kraj";99;0;0;0;NA;111812;99;2020-11-28;20544
2020-11-27;"Žilinský kraj";218;3;0;3;NA;111812;218;2020-11-27;20445
2020-11-26;"Žilinský kraj";190;3;0;3;NA;111812;190;2020-11-26;20227
2020-11-25;"Žilinský kraj";225;0;0;0;NA;111812;225;2020-11-25;20037
2020-11-24;"Žilinský kraj";213;141;0;141;NA;111812;213;2020-11-24;19812
2020-11-23;"Žilinský kraj";170;0;0;0;NA;111812;170;2020-11-23;19599
2020-11-22;"Žilinský kraj";11;0;0;0;NA;111812;11;2020-11-22;19429
2020-11-21;"Žilinský kraj";61;0;0;0;NA;111812;61;2020-11-21;19418
2020-11-20;"Žilinský kraj";251;0;0;0;NA;111812;251;2020-11-20;19357
2020-11-19;"Žilinský kraj";252;0;0;0;NA;111812;252;2020-11-19;19106
2020-11-18;"Žilinský kraj";346;0;0;0;NA;111812;346;2020-11-18;18854
2020-11-17;"Žilinský kraj";123;0;0;0;NA;111812;123;2020-11-17;18508
2020-11-16;"Žilinský kraj";227;0;0;0;NA;111812;227;2020-11-16;18385
2020-11-15;"Žilinský kraj";63;0;0;0;NA;111812;63;2020-11-15;18158
2020-11-14;"Žilinský kraj";189;0;0;0;NA;111812;189;2020-11-14;18095
2020-11-13;"Žilinský kraj";181;0;0;0;NA;111812;181;2020-11-13;17906
2020-11-12;"Žilinský kraj";334;0;0;0;NA;111812;334;2020-11-12;17725
2020-11-11;"Žilinský kraj";489;0;0;0;NA;111812;489;2020-11-11;17391
2020-11-10;"Žilinský kraj";374;0;0;0;NA;111812;374;2020-11-10;16902
2020-11-09;"Žilinský kraj";143;0;0;0;NA;111812;143;2020-11-09;16528
2020-11-08;"Žilinský kraj";59;0;0;0;NA;111812;59;2020-11-08;16385
2020-11-07;"Žilinský kraj";312;0;0;0;NA;111812;312;2020-11-07;16326
2020-11-06;"Žilinský kraj";503;0;0;0;NA;111812;503;2020-11-06;16014
2020-11-05;"Žilinský kraj";473;0;0;0;NA;111812;473;2020-11-05;15511
2020-11-04;"Žilinský kraj";423;10;0;10;NA;111812;423;2020-11-04;15038
2020-11-03;"Žilinský kraj";688;0;0;0;NA;111812;688;2020-11-03;14615
2020-11-02;"Žilinský kraj";472;0;0;0;NA;111812;472;2020-11-02;13927
2020-11-01;"Žilinský kraj";349;0;0;0;NA;111812;349;2020-11-01;13455
2020-10-31;"Žilinský kraj";661;0;0;0;NA;111812;661;2020-10-31;13106
2020-10-30;"Žilinský kraj";529;0;0;0;NA;111812;529;2020-10-30;12445
2020-10-29;"Žilinský kraj";740;0;0;0;NA;111812;740;2020-10-29;11916
2020-10-28;"Žilinský kraj";635;0;0;0;NA;111812;635;2020-10-28;11176
2020-10-27;"Žilinský kraj";355;0;0;0;NA;111812;355;2020-10-27;10541
2020-10-26;"Žilinský kraj";148;0;0;0;NA;111812;148;2020-10-26;10186
2020-10-25;"Žilinský kraj";436;0;0;0;NA;111812;436;2020-10-25;10038
2020-10-24;"Žilinský kraj";803;0;0;0;NA;111812;803;2020-10-24;9602
2020-10-23;"Žilinský kraj";659;0;0;0;NA;111812;659;2020-10-23;8799
2020-10-22;"Žilinský kraj";525;0;0;0;NA;111812;525;2020-10-22;8140
2020-10-21;"Žilinský kraj";478;0;0;0;NA;111812;478;2020-10-21;7615
2020-10-20;"Žilinský kraj";524;0;0;0;NA;111812;524;2020-10-20;7137
2020-10-19;"Žilinský kraj";70;0;0;0;NA;111812;70;2020-10-19;6613
2020-10-18;"Žilinský kraj";159;0;0;0;NA;111812;159;2020-10-18;6543
2020-10-17;"Žilinský kraj";509;0;0;0;NA;111812;509;2020-10-17;6384
2020-10-16;"Žilinský kraj";603;0;0;0;NA;111812;603;2020-10-16;5875
2020-10-15;"Žilinský kraj";679;0;0;0;NA;111812;679;2020-10-15;5272
2020-10-14;"Žilinský kraj";523;0;0;0;NA;111812;523;2020-10-14;4593
2020-10-13;"Žilinský kraj";367;0;0;0;NA;111812;367;2020-10-13;4070
2020-10-12;"Žilinský kraj";62;0;0;0;NA;111812;62;2020-10-12;3703
2020-10-11;"Žilinský kraj";50;0;0;0;NA;111812;50;2020-10-11;3641
2020-10-10;"Žilinský kraj";213;0;0;0;NA;111812;213;2020-10-10;3591
2020-10-09;"Žilinský kraj";543;0;0;0;NA;111812;543;2020-10-09;3378
2020-10-08;"Žilinský kraj";238;0;0;0;NA;111812;238;2020-10-08;2835
2020-10-07;"Žilinský kraj";168;0;0;0;NA;111812;168;2020-10-07;2597
2020-10-06;"Žilinský kraj";233;0;0;0;NA;111812;233;2020-10-06;2429
2020-10-05;"Žilinský kraj";33;0;0;0;NA;111812;33;2020-10-05;2196
2020-10-04;"Žilinský kraj";35;0;0;0;NA;111812;35;2020-10-04;2163
2020-10-03;"Žilinský kraj";155;0;0;0;NA;111812;155;2020-10-03;2128
2020-10-02;"Žilinský kraj";105;0;0;0;NA;111812;105;2020-10-02;1973
2020-10-01;"Žilinský kraj";147;0;0;0;NA;111812;147;2020-10-01;1868
2020-09-30;"Žilinský kraj";163;0;0;0;NA;111812;163;2020-09-30;1721
2020-09-29;"Žilinský kraj";105;0;0;0;NA;111812;105;2020-09-29;1558
2020-09-28;"Žilinský kraj";34;0;0;0;NA;111812;34;2020-09-28;1453
2020-09-27;"Žilinský kraj";108;0;0;0;NA;111812;108;2020-09-27;1419
2020-09-26;"Žilinský kraj";96;0;0;0;NA;111812;96;2020-09-26;1311
2020-09-25;"Žilinský kraj";69;0;0;0;NA;111812;69;2020-09-25;1215
2020-09-24;"Žilinský kraj";100;0;0;0;NA;111812;100;2020-09-24;1146
2020-09-23;"Žilinský kraj";65;0;0;0;NA;111812;65;2020-09-23;1046
2020-09-22;"Žilinský kraj";65;0;0;0;NA;111812;65;2020-09-22;981
2020-09-21;"Žilinský kraj";47;0;0;0;NA;111812;47;2020-09-21;916
2020-09-20;"Žilinský kraj";4;0;0;0;NA;111812;4;2020-09-20;869
2020-09-19;"Žilinský kraj";6;0;0;0;NA;111812;6;2020-09-19;865
2020-09-18;"Žilinský kraj";82;0;0;0;NA;111812;82;2020-09-18;859
2020-09-17;"Žilinský kraj";30;0;0;0;NA;111812;30;2020-09-17;777
2020-09-16;"Žilinský kraj";34;0;0;0;NA;111812;34;2020-09-16;747
2020-09-15;"Žilinský kraj";12;0;0;0;NA;111812;12;2020-09-15;713
2020-09-14;"Žilinský kraj";39;0;0;0;NA;111812;39;2020-09-14;701
2020-09-13;"Žilinský kraj";6;0;0;0;NA;111812;6;2020-09-13;662
2020-09-12;"Žilinský kraj";4;0;0;0;NA;111812;4;2020-09-12;656
2020-09-11;"Žilinský kraj";31;0;0;0;NA;111812;31;2020-09-11;652
2020-09-10;"Žilinský kraj";31;0;0;0;NA;111812;31;2020-09-10;621
2020-09-09;"Žilinský kraj";23;0;0;0;NA;111812;23;2020-09-09;590
2020-09-08;"Žilinský kraj";25;0;0;0;NA;111812;25;2020-09-08;567
2020-09-07;"Žilinský kraj";11;0;0;0;NA;111812;11;2020-09-07;542
2020-09-06;"Žilinský kraj";0;0;0;0;NA;111812;0;2020-09-06;531
2020-09-05;"Žilinský kraj";2;0;0;0;NA;111812;2;2020-09-05;531
2020-09-04;"Žilinský kraj";33;0;0;0;NA;111812;33;2020-09-04;529
2020-09-03;"Žilinský kraj";18;0;0;0;NA;111812;18;2020-09-03;496
2020-09-02;"Žilinský kraj";16;0;0;0;NA;111812;16;2020-09-02;478
2020-09-01;"Žilinský kraj";4;0;0;0;NA;111812;4;2020-09-01;462
2020-08-31;"Žilinský kraj";5;0;0;0;NA;111812;5;2020-08-31;458
2020-08-30;"Žilinský kraj";3;0;0;0;NA;111812;3;2020-08-30;453
2020-08-29;"Žilinský kraj";5;0;0;0;NA;111812;5;2020-08-29;450
2020-08-28;"Žilinský kraj";13;0;0;0;NA;111812;13;2020-08-28;445
2020-08-27;"Žilinský kraj";18;0;0;0;NA;111812;18;2020-08-27;432
2020-08-26;"Žilinský kraj";8;0;0;0;NA;111812;8;2020-08-26;414
2020-08-25;"Žilinský kraj";2;0;0;0;NA;111812;2;2020-08-25;406
2020-08-24;"Žilinský kraj";5;0;0;0;NA;111812;5;2020-08-24;404
2020-08-23;"Žilinský kraj";0;0;0;0;NA;111812;0;2020-08-23;399
2020-08-22;"Žilinský kraj";0;0;0;0;NA;111812;0;2020-08-22;399
2020-08-21;"Žilinský kraj";10;0;0;0;NA;111812;10;2020-08-21;399
2020-08-20;"Žilinský kraj";13;0;0;0;NA;111812;13;2020-08-20;389
2020-08-19;"Žilinský kraj";7;0;0;0;NA;111812;7;2020-08-19;376
2020-08-18;"Žilinský kraj";9;0;0;0;NA;111812;9;2020-08-18;369
2020-08-17;"Žilinský kraj";1;0;0;0;NA;111812;1;2020-08-17;360
2020-08-16;"Žilinský kraj";0;0;0;0;NA;111812;0;2020-08-16;359
2020-08-15;"Žilinský kraj";0;0;0;0;NA;111812;0;2020-08-15;359
2020-08-14;"Žilinský kraj";4;0;0;0;NA;111812;4;2020-08-14;359
2020-08-13;"Žilinský kraj";2;0;0;0;NA;111812;2;2020-08-13;355
2020-08-12;"Žilinský kraj";0;0;0;0;NA;111812;0;2020-08-12;353
2020-08-11;"Žilinský kraj";4;0;0;0;NA;111812;4;2020-08-11;353
2020-08-10;"Žilinský kraj";1;0;0;0;NA;111812;1;2020-08-10;349
2020-08-09;"Žilinský kraj";0;0;0;0;NA;111812;0;2020-08-09;348
2020-08-08;"Žilinský kraj";3;0;0;0;NA;111812;3;2020-08-08;348
2020-08-07;"Žilinský kraj";8;0;0;0;NA;111812;8;2020-08-07;345
2020-08-06;"Žilinský kraj";1;0;0;0;NA;111812;1;2020-08-06;337
2020-08-05;"Žilinský kraj";1;0;0;0;NA;111812;1;2020-08-05;336
2020-08-04;"Žilinský kraj";2;0;0;0;NA;111812;2;2020-08-04;335
2020-08-03;"Žilinský kraj";0;0;0;0;NA;111812;0;2020-08-03;333
2020-08-02;"Žilinský kraj";1;0;0;0;NA;111812;1;2020-08-02;333
2020-08-01;"Žilinský kraj";0;0;0;0;NA;111812;0;2020-08-01;332
2020-07-31;"Žilinský kraj";4;0;0;0;NA;111812;4;2020-07-31;332
2020-07-30;"Žilinský kraj";2;0;0;0;NA;111812;2;2020-07-30;328
2020-07-29;"Žilinský kraj";2;0;0;0;NA;111812;2;2020-07-29;326
2020-07-28;"Žilinský kraj";4;0;0;0;NA;111812;4;2020-07-28;324
2020-07-27;"Žilinský kraj";6;0;0;0;NA;111812;6;2020-07-27;320
2020-07-26;"Žilinský kraj";0;0;0;0;NA;111812;0;2020-07-26;314
2020-07-25;"Žilinský kraj";0;0;0;0;NA;111812;0;2020-07-25;314
2020-07-24;"Žilinský kraj";2;0;0;0;NA;111812;2;2020-07-24;314
2020-07-23;"Žilinský kraj";0;0;0;0;NA;111812;0;2020-07-23;312
2020-07-22;"Žilinský kraj";1;0;0;0;NA;111812;1;2020-07-22;312
2020-07-21;"Žilinský kraj";2;0;0;0;NA;111812;2;2020-07-21;311
2020-07-20;"Žilinský kraj";3;0;0;0;NA;111812;3;2020-07-20;309
2020-07-19;"Žilinský kraj";0;0;0;0;NA;111812;0;2020-07-19;306
2020-07-18;"Žilinský kraj";0;0;0;0;NA;111812;0;2020-07-18;306
2020-07-17;"Žilinský kraj";2;0;0;0;NA;111812;2;2020-07-17;306
2020-07-16;"Žilinský kraj";2;0;0;0;NA;111812;2;2020-07-16;304
2020-07-15;"Žilinský kraj";2;0;0;0;NA;111812;2;2020-07-15;302
2020-07-14;"Žilinský kraj";1;0;0;0;NA;111812;1;2020-07-14;300
2020-07-13;"Žilinský kraj";0;0;0;0;NA;111812;0;2020-07-13;299
2020-07-12;"Žilinský kraj";0;0;0;0;NA;111812;0;2020-07-12;299
2020-07-11;"Žilinský kraj";2;0;0;0;NA;111812;2;2020-07-11;299
2020-07-10;"Žilinský kraj";3;0;0;0;NA;111812;3;2020-07-10;297
2020-07-09;"Žilinský kraj";2;0;0;0;NA;111812;2;2020-07-09;294
2020-07-08;"Žilinský kraj";10;0;0;0;NA;111812;10;2020-07-08;292
2020-07-07;"Žilinský kraj";7;0;0;0;NA;111812;7;2020-07-07;282
2020-07-06;"Žilinský kraj";0;0;0;0;NA;111812;0;2020-07-06;275
2020-07-05;"Žilinský kraj";0;0;0;0;NA;111812;0;2020-07-05;275
2020-07-04;"Žilinský kraj";10;0;0;0;NA;111812;10;2020-07-04;275
2020-07-03;"Žilinský kraj";18;0;0;0;NA;111812;18;2020-07-03;265
2020-07-02;"Žilinský kraj";7;0;0;0;NA;111812;7;2020-07-02;247
2020-07-01;"Žilinský kraj";0;0;0;0;NA;111812;0;2020-07-01;240
2020-06-30;"Žilinský kraj";4;0;0;0;NA;111812;4;2020-06-30;240
2020-06-29;"Žilinský kraj";0;0;0;0;NA;111812;0;2020-06-29;236
2020-06-28;"Žilinský kraj";1;0;0;0;NA;111812;1;2020-06-28;236
2020-06-27;"Žilinský kraj";3;0;0;0;NA;111812;3;2020-06-27;235
2020-06-26;"Žilinský kraj";5;0;0;0;NA;111812;5;2020-06-26;232
2020-06-25;"Žilinský kraj";7;0;0;0;NA;111812;7;2020-06-25;227
2020-06-24;"Žilinský kraj";11;0;0;0;NA;111812;11;2020-06-24;220
2020-06-23;"Žilinský kraj";9;0;0;0;NA;111812;9;2020-06-23;209
2020-06-22;"Žilinský kraj";0;0;0;0;NA;111812;0;2020-06-22;200
2020-06-21;"Žilinský kraj";1;0;0;0;NA;111812;1;2020-06-21;200
2020-06-20;"Žilinský kraj";1;0;0;0;NA;111812;1;2020-06-20;199
2020-06-19;"Žilinský kraj";4;0;0;0;NA;111812;4;2020-06-19;198
2020-06-18;"Žilinský kraj";1;0;0;0;NA;111812;1;2020-06-18;194
2020-06-17;"Žilinský kraj";0;0;0;0;NA;111812;0;2020-06-17;193
2020-06-16;"Žilinský kraj";1;0;0;0;NA;111812;1;2020-06-16;193
2020-06-14;"Žilinský kraj";0;0;0;0;NA;111812;0;2020-06-14;192
2020-06-13;"Žilinský kraj";0;0;0;0;NA;111812;0;2020-06-13;192
2020-06-12;"Žilinský kraj";0;0;0;0;NA;111812;0;2020-06-12;192
2020-06-11;"Žilinský kraj";0;0;0;0;NA;111812;0;2020-06-11;192
2020-06-10;"Žilinský kraj";0;0;0;0;NA;111812;0;2020-06-10;192
2020-06-09;"Žilinský kraj";1;0;0;0;NA;111812;1;2020-06-09;192
2020-06-08;"Žilinský kraj";0;0;0;0;NA;111812;0;2020-06-08;191
2020-06-07;"Žilinský kraj";0;0;0;0;NA;111812;0;2020-06-07;191
2020-06-05;"Žilinský kraj";0;0;0;0;NA;111812;0;2020-06-05;191
2020-06-03;"Žilinský kraj";0;0;0;0;NA;111812;0;2020-06-03;191
2020-06-02;"Žilinský kraj";0;0;0;0;NA;111812;0;2020-06-02;191
2020-05-31;"Žilinský kraj";0;0;0;0;NA;111812;0;2020-05-31;191
2020-05-29;"Žilinský kraj";0;0;0;0;NA;111812;0;2020-05-29;191
2020-05-27;"Žilinský kraj";1;0;0;0;NA;111812;1;2020-05-27;191
2020-05-26;"Žilinský kraj";1;0;0;0;NA;111812;1;2020-05-26;190
2020-05-25;"Žilinský kraj";0;0;0;0;NA;111812;0;2020-05-25;189
2020-05-24;"Žilinský kraj";0;0;0;0;NA;111812;0;2020-05-24;189
2020-05-23;"Žilinský kraj";0;0;0;0;NA;111812;0;2020-05-23;189
2020-05-22;"Žilinský kraj";0;0;0;0;NA;111812;0;2020-05-22;189
2020-05-21;"Žilinský kraj";0;0;0;0;NA;111812;0;2020-05-21;189
2020-05-20;"Žilinský kraj";0;0;0;0;NA;111812;0;2020-05-20;189
2020-05-19;"Žilinský kraj";1;0;0;0;NA;111812;1;2020-05-19;189
2020-05-17;"Žilinský kraj";0;0;0;0;NA;111812;0;2020-05-17;188
2020-05-16;"Žilinský kraj";0;0;0;0;NA;111812;0;2020-05-16;188
2020-05-15;"Žilinský kraj";0;0;0;0;NA;111812;0;2020-05-15;188
2020-05-14;"Žilinský kraj";0;0;0;0;NA;111812;0;2020-05-14;188
2020-05-13;"Žilinský kraj";0;0;0;0;NA;111812;0;2020-05-13;188
2020-05-12;"Žilinský kraj";0;0;0;0;NA;111812;0;2020-05-12;188
2020-05-11;"Žilinský kraj";0;0;0;0;NA;111812;0;2020-05-11;188
2020-05-09;"Žilinský kraj";0;0;0;0;NA;111812;0;2020-05-09;188
2020-05-07;"Žilinský kraj";0;0;0;0;NA;111812;0;2020-05-07;188
2020-05-06;"Žilinský kraj";2;0;0;0;NA;111812;2;2020-05-06;188
2020-05-05;"Žilinský kraj";3;0;0;0;NA;111812;3;2020-05-05;186
2020-05-04;"Žilinský kraj";3;0;0;0;NA;111812;3;2020-05-04;183
2020-05-03;"Žilinský kraj";1;0;0;0;NA;111812;1;2020-05-03;180
2020-05-02;"Žilinský kraj";0;0;0;0;NA;111812;0;2020-05-02;179
2020-05-01;"Žilinský kraj";1;0;0;0;NA;111812;1;2020-05-01;179
2020-04-30;"Žilinský kraj";0;0;0;0;NA;111812;0;2020-04-30;178
2020-04-29;"Žilinský kraj";0;0;0;0;NA;111812;0;2020-04-29;178
2020-04-28;"Žilinský kraj";0;0;0;0;NA;111812;0;2020-04-28;178
2020-04-27;"Žilinský kraj";0;0;0;0;NA;111812;0;2020-04-27;178
2020-04-26;"Žilinský kraj";0;0;0;0;NA;111812;0;2020-04-26;178
2020-04-25;"Žilinský kraj";2;0;0;0;NA;111812;2;2020-04-25;178
2020-04-24;"Žilinský kraj";1;0;0;0;NA;111812;1;2020-04-24;176
2020-04-23;"Žilinský kraj";2;0;0;0;NA;111812;2;2020-04-23;175
2020-04-22;"Žilinský kraj";9;0;0;0;NA;111812;9;2020-04-22;173
2020-04-21;"Žilinský kraj";1;0;0;0;NA;111812;1;2020-04-21;164
2020-04-20;"Žilinský kraj";4;0;0;0;NA;111812;4;2020-04-20;163
2020-04-19;"Žilinský kraj";0;0;0;0;NA;111812;0;2020-04-19;159
2020-04-18;"Žilinský kraj";49;0;0;0;NA;111812;49;2020-04-18;159
2020-04-17;"Žilinský kraj";3;0;0;0;NA;111812;3;2020-04-17;110
2020-04-16;"Žilinský kraj";4;0;0;0;NA;111812;4;2020-04-16;107
2020-04-15;"Žilinský kraj";7;0;0;0;NA;111812;7;2020-04-15;103
2020-04-14;"Žilinský kraj";1;0;0;0;NA;111812;1;2020-04-14;96
2020-04-13;"Žilinský kraj";2;0;0;0;NA;111812;2;2020-04-13;95
2020-04-12;"Žilinský kraj";5;0;0;0;NA;111812;5;2020-04-12;93
2020-04-11;"Žilinský kraj";2;0;0;0;NA;111812;2;2020-04-11;88
2020-04-10;"Žilinský kraj";1;0;0;0;NA;111812;1;2020-04-10;86
2020-04-09;"Žilinský kraj";1;0;0;0;NA;111812;1;2020-04-09;85
2020-04-08;"Žilinský kraj";3;0;0;0;NA;111812;3;2020-04-08;84
2020-04-07;"Žilinský kraj";5;0;0;0;NA;111812;5;2020-04-07;81
2020-04-06;"Žilinský kraj";6;0;0;0;NA;111812;6;2020-04-06;76
2020-04-05;"Žilinský kraj";8;0;0;0;NA;111812;8;2020-04-05;70
2020-04-04;"Žilinský kraj";0;0;0;0;NA;111812;0;2020-04-04;62
2020-04-03;"Žilinský kraj";3;0;0;0;NA;111812;3;2020-04-03;62
2020-04-02;"Žilinský kraj";5;0;0;0;NA;111812;5;2020-04-02;59
2020-04-01;"Žilinský kraj";4;0;0;0;NA;111812;4;2020-04-01;54
2020-03-31;"Žilinský kraj";1;0;0;0;NA;111812;1;2020-03-31;50
2020-03-30;"Žilinský kraj";3;0;0;0;NA;111812;3;2020-03-30;49
2020-03-29;"Žilinský kraj";0;0;0;0;NA;111812;0;2020-03-29;46
2020-03-28;"Žilinský kraj";1;0;0;0;NA;111812;1;2020-03-28;46
2020-03-27;"Žilinský kraj";9;0;0;0;NA;111812;9;2020-03-27;45
2020-03-26;"Žilinský kraj";4;0;0;0;NA;111812;4;2020-03-26;36
2020-03-25;"Žilinský kraj";1;0;0;0;NA;111812;1;2020-03-25;32
2020-03-24;"Žilinský kraj";2;0;0;0;NA;111812;2;2020-03-24;31
2020-03-23;"Žilinský kraj";3;0;0;0;NA;111812;3;2020-03-23;29
2020-03-22;"Žilinský kraj";1;0;0;0;NA;111812;1;2020-03-22;26
2020-03-21;"Žilinský kraj";2;0;0;0;NA;111812;2;2020-03-21;25
2020-03-20;"Žilinský kraj";4;0;0;0;NA;111812;4;2020-03-20;23
2020-03-19;"Žilinský kraj";2;0;0;0;NA;111812;2;2020-03-19;19
2020-03-18;"Žilinský kraj";1;0;0;0;NA;111812;1;2020-03-18;17
2020-03-17;"Žilinský kraj";5;0;0;0;NA;111812;5;2020-03-17;16
2020-03-16;"Žilinský kraj";1;0;0;0;NA;111812;1;2020-03-16;11
2020-03-15;"Žilinský kraj";2;0;0;0;NA;111812;2;2020-03-15;10
2020-03-14;"Žilinský kraj";1;0;0;0;NA;111812;1;2020-03-14;8
2020-03-13;"Žilinský kraj";5;0;0;0;NA;111812;5;2020-03-13;7
2020-03-12;"Žilinský kraj";1;0;0;0;NA;111812;1;2020-03-12;2
2020-03-11;"Žilinský kraj";0;0;0;0;NA;111812;0;2020-03-11;1
2020-03-09;"Žilinský kraj";1;0;0;0;NA;111812;1;2020-03-09;1
2020-03-08;"Žilinský kraj";0;0;0;0;NA;111812;0;2020-03-08;0
2020-03-07;"Žilinský kraj";0;0;0;0;NA;111812;0;2020-03-07;0
2020-03-06;"Žilinský kraj";0;0;0;0;NA;111812;0;2020-03-06;0
