"Datum";"Region";"PCR_Pos";"Ag_Neg";"Ag_Pos";"Total";"Pocet.potvrdenych";"Potvrdenych";"newcases";"date";"positive"
2021-04-13;"Banskobystrický kraj";130;22388;76;22464;36216;78945;206;2021-04-13;78945
2021-04-12;"Banskobystrický kraj";60;32204;130;32334;NA;78945;190;2021-04-12;78739
2021-04-11;"Banskobystrický kraj";0;40754;88;40842;NA;78945;88;2021-04-11;78549
2021-04-10;"Banskobystrický kraj";56;64619;140;64759;NA;78945;196;2021-04-10;78461
2021-04-09;"Banskobystrický kraj";106;31387;118;31505;NA;78945;224;2021-04-09;78265
2021-04-08;"Banskobystrický kraj";132;18605;107;18712;NA;78945;239;2021-04-08;78041
2021-04-07;"Banskobystrický kraj";226;24938;94;25032;NA;78945;320;2021-04-07;77802
2021-04-06;"Banskobystrický kraj";93;42360;187;42547;NA;78945;280;2021-04-06;77482
2021-04-05;"Banskobystrický kraj";15;11797;87;11884;NA;78945;102;2021-04-05;77202
2021-04-04;"Banskobystrický kraj";24;19524;78;19602;NA;78945;102;2021-04-04;77100
2021-04-03;"Banskobystrický kraj";5;71600;211;71811;NA;78945;216;2021-04-03;76998
2021-04-02;"Banskobystrický kraj";71;13488;66;13554;NA;78945;137;2021-04-02;76782
2021-04-01;"Banskobystrický kraj";171;38873;200;39073;NA;78945;371;2021-04-01;76645
2021-03-31;"Banskobystrický kraj";147;25543;161;25704;NA;78945;308;2021-03-31;76274
2021-03-30;"Banskobystrický kraj";167;21436;159;21595;NA;78945;326;2021-03-30;75966
2021-03-29;"Banskobystrický kraj";119;29551;218;29769;NA;78945;337;2021-03-29;75640
2021-03-28;"Banskobystrický kraj";25;40163;187;40350;NA;78945;212;2021-03-28;75303
2021-03-27;"Banskobystrický kraj";85;63806;255;64061;NA;78945;340;2021-03-27;75091
2021-03-26;"Banskobystrický kraj";122;43397;240;43637;NA;78945;362;2021-03-26;74751
2021-03-25;"Banskobystrický kraj";120;21339;239;21578;NA;78945;359;2021-03-25;74389
2021-03-24;"Banskobystrický kraj";200;19319;227;19546;NA;78945;427;2021-03-24;74030
2021-03-23;"Banskobystrický kraj";241;21352;257;21609;NA;78945;498;2021-03-23;73603
2021-03-22;"Banskobystrický kraj";65;30412;274;30686;NA;78945;339;2021-03-22;73105
2021-03-21;"Banskobystrický kraj";31;39836;280;40116;NA;78945;311;2021-03-21;72766
2021-03-20;"Banskobystrický kraj";119;67148;380;67528;NA;78945;499;2021-03-20;72455
2021-03-19;"Banskobystrický kraj";240;44038;306;44344;NA;78945;546;2021-03-19;71956
2021-03-18;"Banskobystrický kraj";160;21727;273;22000;NA;78945;433;2021-03-18;71410
2021-03-17;"Banskobystrický kraj";262;21558;245;21803;NA;78945;507;2021-03-17;70977
2021-03-16;"Banskobystrický kraj";340;23605;224;23829;NA;78945;564;2021-03-16;70470
2021-03-15;"Banskobystrický kraj";95;31129;364;31493;NA;78945;459;2021-03-15;69906
2021-03-14;"Banskobystrický kraj";39;40322;229;40551;NA;78945;268;2021-03-14;69447
2021-03-13;"Banskobystrický kraj";209;66713;391;67104;NA;78945;600;2021-03-13;69179
2021-03-12;"Banskobystrický kraj";206;41489;330;41819;NA;78945;536;2021-03-12;68579
2021-03-11;"Banskobystrický kraj";228;21337;272;21609;NA;78945;500;2021-03-11;68043
2021-03-10;"Banskobystrický kraj";260;20381;238;20619;NA;78945;498;2021-03-10;67543
2021-03-09;"Banskobystrický kraj";352;21790;284;22074;NA;78945;636;2021-03-09;67045
2021-03-08;"Banskobystrický kraj";191;31483;427;31910;NA;78945;618;2021-03-08;66409
2021-03-07;"Banskobystrický kraj";60;38878;295;39173;NA;78945;355;2021-03-07;65791
2021-03-06;"Banskobystrický kraj";164;69938;410;70348;NA;78945;574;2021-03-06;65436
2021-03-05;"Banskobystrický kraj";221;42137;388;42525;NA;78945;609;2021-03-05;64862
2021-03-04;"Banskobystrický kraj";226;21607;334;21941;NA;78945;560;2021-03-04;64253
2021-03-03;"Banskobystrický kraj";317;21948;331;22279;NA;78945;648;2021-03-03;63693
2021-03-02;"Banskobystrický kraj";291;22602;354;22956;NA;78945;645;2021-03-02;63045
2021-03-01;"Banskobystrický kraj";151;31773;434;32207;NA;78945;585;2021-03-01;62400
2021-02-28;"Banskobystrický kraj";45;38313;336;38649;NA;78945;381;2021-02-28;61815
2021-02-27;"Banskobystrický kraj";289;66106;524;66630;NA;78945;813;2021-02-27;61434
2021-02-26;"Banskobystrický kraj";326;39551;468;40019;NA;78945;794;2021-02-26;60621
2021-02-25;"Banskobystrický kraj";375;17767;368;18135;NA;78945;743;2021-02-25;59827
2021-02-24;"Banskobystrický kraj";332;16760;374;17134;NA;78945;706;2021-02-24;59084
2021-02-23;"Banskobystrický kraj";462;19527;439;19966;NA;78945;901;2021-02-23;58378
2021-02-22;"Banskobystrický kraj";67;28684;601;29285;NA;78945;668;2021-02-22;57477
2021-02-21;"Banskobystrický kraj";68;37464;437;37901;NA;78945;505;2021-02-21;56809
2021-02-20;"Banskobystrický kraj";280;68890;599;69489;NA;78945;879;2021-02-20;56304
2021-02-19;"Banskobystrický kraj";420;39666;513;40179;NA;78945;933;2021-02-19;55425
2021-02-18;"Banskobystrický kraj";241;18661;398;19059;NA;78945;639;2021-02-18;54492
2021-02-17;"Banskobystrický kraj";415;16338;389;16727;NA;78945;804;2021-02-17;53853
2021-02-16;"Banskobystrický kraj";338;19955;369;20324;NA;78945;707;2021-02-16;53049
2021-02-15;"Banskobystrický kraj";118;35844;591;36435;NA;78945;709;2021-02-15;52342
2021-02-14;"Banskobystrický kraj";60;31894;386;32280;NA;78945;446;2021-02-14;51633
2021-02-13;"Banskobystrický kraj";202;53889;492;54381;NA;78945;694;2021-02-13;51187
2021-02-12;"Banskobystrický kraj";312;36620;533;37153;NA;78945;845;2021-02-12;50493
2021-02-11;"Banskobystrický kraj";305;20743;384;21127;NA;78945;689;2021-02-11;49648
2021-02-10;"Banskobystrický kraj";333;14790;344;15134;NA;78945;677;2021-02-10;48959
2021-02-09;"Banskobystrický kraj";329;18637;362;18999;NA;78945;691;2021-02-09;48282
2021-02-08;"Banskobystrický kraj";103;47426;675;48101;NA;78945;778;2021-02-08;47591
2021-02-07;"Banskobystrický kraj";70;36488;329;36817;NA;78945;399;2021-02-07;46813
2021-02-06;"Banskobystrický kraj";178;69655;570;70225;NA;78945;748;2021-02-06;46414
2021-02-05;"Banskobystrický kraj";282;24252;360;24612;NA;78945;642;2021-02-05;45666
2021-02-04;"Banskobystrický kraj";240;13393;429;13822;NA;78945;669;2021-02-04;45024
2021-02-03;"Banskobystrický kraj";350;9313;253;9566;NA;78945;603;2021-02-03;44355
2021-02-02;"Banskobystrický kraj";277;16050;338;16388;NA;78945;615;2021-02-02;43752
2021-02-01;"Banskobystrický kraj";75;24677;495;25172;NA;78945;570;2021-02-01;43137
2021-01-31;"Banskobystrický kraj";34;36111;302;36413;NA;78945;336;2021-01-31;42567
2021-01-30;"Banskobystrický kraj";163;49490;430;49920;NA;78945;593;2021-01-30;42231
2021-01-29;"Banskobystrický kraj";196;16974;269;17243;NA;78945;465;2021-01-29;41638
2021-01-28;"Banskobystrický kraj";218;14013;362;14375;NA;78945;580;2021-01-28;41173
2021-01-27;"Banskobystrický kraj";191;10775;203;10978;NA;78945;394;2021-01-27;40593
2021-01-26;"Banskobystrický kraj";238;19616;283;19899;NA;78945;521;2021-01-26;40199
2021-01-25;"Banskobystrický kraj";82;33456;412;33868;NA;78945;494;2021-01-25;39678
2021-01-24;"Banskobystrický kraj";38;35327;277;35604;NA;78945;315;2021-01-24;39184
2021-01-23;"Banskobystrický kraj";142;83829;506;84335;NA;78945;648;2021-01-23;38869
2021-01-22;"Banskobystrický kraj";175;27176;359;27535;NA;78945;534;2021-01-22;38221
2021-01-21;"Banskobystrický kraj";194;16592;285;16877;NA;78945;479;2021-01-21;37687
2021-01-20;"Banskobystrický kraj";231;9148;188;9336;NA;78945;419;2021-01-20;37208
2021-01-19;"Banskobystrický kraj";213;10493;308;10801;NA;78945;521;2021-01-19;36789
2021-01-18;"Banskobystrický kraj";94;5870;349;6219;NA;78945;443;2021-01-18;36268
2021-01-17;"Banskobystrický kraj";110;8154;77;8231;NA;78945;187;2021-01-17;35825
2021-01-16;"Banskobystrický kraj";58;2274;57;2331;NA;78945;115;2021-01-16;35638
2021-01-15;"Banskobystrický kraj";164;7664;217;7881;NA;78945;381;2021-01-15;35523
2021-01-14;"Banskobystrický kraj";220;5760;325;6085;NA;78945;545;2021-01-14;35142
2021-01-13;"Banskobystrický kraj";235;5974;217;6191;NA;78945;452;2021-01-13;34597
2021-01-12;"Banskobystrický kraj";194;6808;299;7107;NA;78945;493;2021-01-12;34145
2021-01-11;"Banskobystrický kraj";76;8231;481;8712;NA;78945;557;2021-01-11;33652
2021-01-10;"Banskobystrický kraj";110;233;4;237;NA;78945;114;2021-01-10;33095
2021-01-09;"Banskobystrický kraj";297;2380;83;2463;NA;78945;380;2021-01-09;32981
2021-01-08;"Banskobystrický kraj";435;9677;443;10120;NA;78945;878;2021-01-08;32601
2021-01-07;"Banskobystrický kraj";127;6317;366;6683;NA;78945;493;2021-01-07;31723
2021-01-06;"Banskobystrický kraj";305;3124;185;3309;NA;78945;490;2021-01-06;31230
2021-01-05;"Banskobystrický kraj";372;7349;533;7882;NA;78945;905;2021-01-05;30740
2021-01-04;"Banskobystrický kraj";130;7083;700;7783;NA;78945;830;2021-01-04;29835
2021-01-03;"Banskobystrický kraj";199;320;19;339;NA;78945;218;2021-01-03;29005
2021-01-02;"Banskobystrický kraj";123;702;85;787;NA;78945;208;2021-01-02;28787
2021-01-01;"Banskobystrický kraj";220;1958;132;2090;NA;78945;352;2021-01-01;28579
2020-12-31;"Banskobystrický kraj";499;7378;633;8011;NA;78945;1132;2020-12-31;28227
2020-12-30;"Banskobystrický kraj";593;7670;557;8227;NA;78945;1150;2020-12-30;27095
2020-12-29;"Banskobystrický kraj";240;7955;664;8619;NA;78945;904;2020-12-29;25945
2020-12-28;"Banskobystrický kraj";131;6098;711;6809;NA;78945;842;2020-12-28;25041
2020-12-27;"Banskobystrický kraj";116;541;25;566;NA;78945;141;2020-12-27;24199
2020-12-26;"Banskobystrický kraj";61;295;35;330;NA;78945;96;2020-12-26;24058
2020-12-25;"Banskobystrický kraj";65;313;10;323;NA;78945;75;2020-12-25;23962
2020-12-24;"Banskobystrický kraj";452;3685;135;3820;NA;78945;587;2020-12-24;23887
2020-12-23;"Banskobystrický kraj";368;10116;507;10623;NA;78945;875;2020-12-23;23300
2020-12-22;"Banskobystrický kraj";307;8449;624;9073;NA;78945;931;2020-12-22;22425
2020-12-21;"Banskobystrický kraj";286;4896;448;5344;NA;78945;734;2020-12-21;21494
2020-12-20;"Banskobystrický kraj";155;249;14;263;NA;78945;169;2020-12-20;20760
2020-12-19;"Banskobystrický kraj";170;3059;138;3197;NA;78945;308;2020-12-19;20591
2020-12-18;"Banskobystrický kraj";432;5965;324;6289;NA;78945;756;2020-12-18;20283
2020-12-17;"Banskobystrický kraj";468;8714;656;9370;NA;78945;1124;2020-12-17;19527
2020-12-16;"Banskobystrický kraj";379;10202;560;10762;NA;78945;939;2020-12-16;18403
2020-12-15;"Banskobystrický kraj";336;5425;433;5858;NA;78945;769;2020-12-15;17464
2020-12-14;"Banskobystrický kraj";148;3897;259;4156;NA;78945;407;2020-12-14;16695
2020-12-13;"Banskobystrický kraj";122;142;1;143;NA;78945;123;2020-12-13;16288
2020-12-12;"Banskobystrický kraj";137;2714;138;2852;NA;78945;275;2020-12-12;16165
2020-12-11;"Banskobystrický kraj";468;6587;374;6961;NA;78945;842;2020-12-11;15890
2020-12-10;"Banskobystrický kraj";280;5204;355;5559;NA;78945;635;2020-12-10;15048
2020-12-09;"Banskobystrický kraj";323;3850;213;4063;NA;78945;536;2020-12-09;14413
2020-12-08;"Banskobystrický kraj";256;3787;276;4063;NA;78945;532;2020-12-08;13877
2020-12-07;"Banskobystrický kraj";175;2380;156;2536;NA;78945;331;2020-12-07;13345
2020-12-06;"Banskobystrický kraj";121;507;11;518;NA;78945;132;2020-12-06;13014
2020-12-05;"Banskobystrický kraj";109;1099;34;1133;NA;78945;143;2020-12-05;12882
2020-12-04;"Banskobystrický kraj";339;3828;174;4002;NA;78945;513;2020-12-04;12739
2020-12-03;"Banskobystrický kraj";240;3193;234;3427;NA;78945;474;2020-12-03;12226
2020-12-02;"Banskobystrický kraj";217;4442;186;4628;NA;78945;403;2020-12-02;11752
2020-12-01;"Banskobystrický kraj";215;2702;134;2836;NA;78945;349;2020-12-01;11349
2020-11-30;"Banskobystrický kraj";74;4484;257;4741;NA;78945;331;2020-11-30;11000
2020-11-29;"Banskobystrický kraj";19;208;7;215;NA;78945;26;2020-11-29;10669
2020-11-28;"Banskobystrický kraj";81;1408;55;1463;NA;78945;136;2020-11-28;10643
2020-11-27;"Banskobystrický kraj";219;2266;123;2389;NA;78945;342;2020-11-27;10507
2020-11-26;"Banskobystrický kraj";208;2124;93;2217;NA;78945;301;2020-11-26;10165
2020-11-25;"Banskobystrický kraj";170;1952;86;2038;NA;78945;256;2020-11-25;9864
2020-11-24;"Banskobystrický kraj";166;2566;69;2635;NA;78945;235;2020-11-24;9608
2020-11-23;"Banskobystrický kraj";66;10240;194;10434;NA;78945;260;2020-11-23;9373
2020-11-22;"Banskobystrický kraj";38;104;1;105;NA;78945;39;2020-11-22;9113
2020-11-21;"Banskobystrický kraj";52;904;14;918;NA;78945;66;2020-11-21;9074
2020-11-20;"Banskobystrický kraj";127;2005;107;2112;NA;78945;234;2020-11-20;9008
2020-11-19;"Banskobystrický kraj";170;1218;82;1300;NA;78945;252;2020-11-19;8774
2020-11-18;"Banskobystrický kraj";153;698;65;763;NA;78945;218;2020-11-18;8522
2020-11-17;"Banskobystrický kraj";52;578;35;613;NA;78945;87;2020-11-17;8304
2020-11-16;"Banskobystrický kraj";106;470;25;495;NA;78945;131;2020-11-16;8217
2020-11-15;"Banskobystrický kraj";52;301;4;305;NA;78945;56;2020-11-15;8086
2020-11-14;"Banskobystrický kraj";73;305;2;307;NA;78945;75;2020-11-14;8030
2020-11-13;"Banskobystrický kraj";157;552;11;563;NA;78945;168;2020-11-13;7955
2020-11-12;"Banskobystrický kraj";218;952;44;996;NA;78945;262;2020-11-12;7787
2020-11-11;"Banskobystrický kraj";224;437;9;446;NA;78945;233;2020-11-11;7525
2020-11-10;"Banskobystrický kraj";263;463;18;481;NA;78945;281;2020-11-10;7292
2020-11-09;"Banskobystrický kraj";80;2678;31;2709;NA;78945;111;2020-11-09;7011
2020-11-08;"Banskobystrický kraj";82;981;16;997;NA;78945;98;2020-11-08;6900
2020-11-07;"Banskobystrický kraj";164;8828;94;8922;NA;78945;258;2020-11-07;6802
2020-11-06;"Banskobystrický kraj";227;2496;16;2512;NA;78945;243;2020-11-06;6544
2020-11-05;"Banskobystrický kraj";240;290;33;323;NA;78945;273;2020-11-05;6301
2020-11-04;"Banskobystrický kraj";254;1366;13;1379;NA;78945;267;2020-11-04;6028
2020-11-03;"Banskobystrický kraj";246;1332;4;1336;NA;78945;250;2020-11-03;5761
2020-11-02;"Banskobystrický kraj";90;2909;65;2974;NA;78945;155;2020-11-02;5511
2020-11-01;"Banskobystrický kraj";101;2671;42;2713;NA;78945;143;2020-11-01;5356
2020-10-31;"Banskobystrický kraj";199;13516;116;13632;NA;78945;315;2020-10-31;5213
2020-10-30;"Banskobystrický kraj";254;2829;20;2849;NA;78945;274;2020-10-30;4898
2020-10-29;"Banskobystrický kraj";372;969;42;1011;NA;78945;414;2020-10-29;4624
2020-10-28;"Banskobystrický kraj";285;302;30;332;NA;78945;315;2020-10-28;4210
2020-10-27;"Banskobystrický kraj";266;654;40;694;NA;78945;306;2020-10-27;3895
2020-10-26;"Banskobystrický kraj";38;234;29;263;NA;78945;67;2020-10-26;3589
2020-10-25;"Banskobystrický kraj";50;140;11;151;NA;78945;61;2020-10-25;3522
2020-10-24;"Banskobystrický kraj";315;114;12;126;NA;78945;327;2020-10-24;3461
2020-10-23;"Banskobystrický kraj";231;230;29;259;NA;78945;260;2020-10-23;3134
2020-10-22;"Banskobystrický kraj";264;253;24;277;NA;78945;288;2020-10-22;2874
2020-10-21;"Banskobystrický kraj";209;266;3;269;NA;78945;212;2020-10-21;2586
2020-10-20;"Banskobystrický kraj";210;66;3;69;NA;78945;213;2020-10-20;2374
2020-10-19;"Banskobystrický kraj";27;73;12;85;NA;78945;39;2020-10-19;2161
2020-10-18;"Banskobystrický kraj";49;0;0;0;NA;78945;49;2020-10-18;2122
2020-10-17;"Banskobystrický kraj";91;0;0;0;NA;78945;91;2020-10-17;2073
2020-10-16;"Banskobystrický kraj";224;37;3;40;NA;78945;227;2020-10-16;1982
2020-10-15;"Banskobystrický kraj";133;29;1;30;NA;78945;134;2020-10-15;1755
2020-10-14;"Banskobystrický kraj";139;31;1;32;NA;78945;140;2020-10-14;1621
2020-10-13;"Banskobystrický kraj";151;169;11;180;NA;78945;162;2020-10-13;1481
2020-10-12;"Banskobystrický kraj";11;110;4;114;NA;78945;15;2020-10-12;1319
2020-10-11;"Banskobystrický kraj";14;0;0;0;NA;78945;14;2020-10-11;1304
2020-10-10;"Banskobystrický kraj";53;0;0;0;NA;78945;53;2020-10-10;1290
2020-10-09;"Banskobystrický kraj";128;0;0;0;NA;78945;128;2020-10-09;1237
2020-10-08;"Banskobystrický kraj";99;0;0;0;NA;78945;99;2020-10-08;1109
2020-10-07;"Banskobystrický kraj";124;0;0;0;NA;78945;124;2020-10-07;1010
2020-10-06;"Banskobystrický kraj";68;0;0;0;NA;78945;68;2020-10-06;886
2020-10-05;"Banskobystrický kraj";49;0;0;0;NA;78945;49;2020-10-05;818
2020-10-04;"Banskobystrický kraj";8;0;0;0;NA;78945;8;2020-10-04;769
2020-10-03;"Banskobystrický kraj";37;0;0;0;NA;78945;37;2020-10-03;761
2020-10-02;"Banskobystrický kraj";74;0;0;0;NA;78945;74;2020-10-02;724
2020-10-01;"Banskobystrický kraj";49;0;0;0;NA;78945;49;2020-10-01;650
2020-09-30;"Banskobystrický kraj";60;0;0;0;NA;78945;60;2020-09-30;601
2020-09-29;"Banskobystrický kraj";24;0;0;0;NA;78945;24;2020-09-29;541
2020-09-28;"Banskobystrický kraj";0;0;0;0;NA;78945;0;2020-09-28;517
2020-09-27;"Banskobystrický kraj";20;0;0;0;NA;78945;20;2020-09-27;517
2020-09-26;"Banskobystrický kraj";24;0;0;0;NA;78945;24;2020-09-26;497
2020-09-25;"Banskobystrický kraj";29;0;0;0;NA;78945;29;2020-09-25;473
2020-09-24;"Banskobystrický kraj";25;0;0;0;NA;78945;25;2020-09-24;444
2020-09-23;"Banskobystrický kraj";17;0;0;0;NA;78945;17;2020-09-23;419
2020-09-22;"Banskobystrický kraj";25;0;0;0;NA;78945;25;2020-09-22;402
2020-09-21;"Banskobystrický kraj";3;0;0;0;NA;78945;3;2020-09-21;377
2020-09-20;"Banskobystrický kraj";0;0;0;0;NA;78945;0;2020-09-20;374
2020-09-19;"Banskobystrický kraj";3;0;0;0;NA;78945;3;2020-09-19;374
2020-09-18;"Banskobystrický kraj";24;0;0;0;NA;78945;24;2020-09-18;371
2020-09-17;"Banskobystrický kraj";14;0;0;0;NA;78945;14;2020-09-17;347
2020-09-16;"Banskobystrický kraj";6;0;0;0;NA;78945;6;2020-09-16;333
2020-09-15;"Banskobystrický kraj";2;0;0;0;NA;78945;2;2020-09-15;327
2020-09-14;"Banskobystrický kraj";13;0;0;0;NA;78945;13;2020-09-14;325
2020-09-13;"Banskobystrický kraj";1;0;0;0;NA;78945;1;2020-09-13;312
2020-09-12;"Banskobystrický kraj";5;0;0;0;NA;78945;5;2020-09-12;311
2020-09-11;"Banskobystrický kraj";19;0;0;0;NA;78945;19;2020-09-11;306
2020-09-10;"Banskobystrický kraj";11;0;0;0;NA;78945;11;2020-09-10;287
2020-09-09;"Banskobystrický kraj";13;0;0;0;NA;78945;13;2020-09-09;276
2020-09-08;"Banskobystrický kraj";5;0;0;0;NA;78945;5;2020-09-08;263
2020-09-07;"Banskobystrický kraj";2;0;0;0;NA;78945;2;2020-09-07;258
2020-09-06;"Banskobystrický kraj";0;0;0;0;NA;78945;0;2020-09-06;256
2020-09-05;"Banskobystrický kraj";0;0;0;0;NA;78945;0;2020-09-05;256
2020-09-04;"Banskobystrický kraj";9;0;0;0;NA;78945;9;2020-09-04;256
2020-09-03;"Banskobystrický kraj";5;0;0;0;NA;78945;5;2020-09-03;247
2020-09-02;"Banskobystrický kraj";6;0;0;0;NA;78945;6;2020-09-02;242
2020-09-01;"Banskobystrický kraj";2;0;0;0;NA;78945;2;2020-09-01;236
2020-08-31;"Banskobystrický kraj";6;0;0;0;NA;78945;6;2020-08-31;234
2020-08-30;"Banskobystrický kraj";0;0;0;0;NA;78945;0;2020-08-30;228
2020-08-29;"Banskobystrický kraj";1;0;0;0;NA;78945;1;2020-08-29;228
2020-08-28;"Banskobystrický kraj";3;0;0;0;NA;78945;3;2020-08-28;227
2020-08-27;"Banskobystrický kraj";1;0;0;0;NA;78945;1;2020-08-27;224
2020-08-26;"Banskobystrický kraj";2;0;0;0;NA;78945;2;2020-08-26;223
2020-08-25;"Banskobystrický kraj";2;0;0;0;NA;78945;2;2020-08-25;221
2020-08-24;"Banskobystrický kraj";0;0;0;0;NA;78945;0;2020-08-24;219
2020-08-23;"Banskobystrický kraj";0;0;0;0;NA;78945;0;2020-08-23;219
2020-08-22;"Banskobystrický kraj";0;0;0;0;NA;78945;0;2020-08-22;219
2020-08-21;"Banskobystrický kraj";4;0;0;0;NA;78945;4;2020-08-21;219
2020-08-20;"Banskobystrický kraj";1;0;0;0;NA;78945;1;2020-08-20;215
2020-08-19;"Banskobystrický kraj";4;0;0;0;NA;78945;4;2020-08-19;214
2020-08-18;"Banskobystrický kraj";0;0;0;0;NA;78945;0;2020-08-18;210
2020-08-17;"Banskobystrický kraj";1;0;0;0;NA;78945;1;2020-08-17;210
2020-08-16;"Banskobystrický kraj";0;0;0;0;NA;78945;0;2020-08-16;209
2020-08-15;"Banskobystrický kraj";0;0;0;0;NA;78945;0;2020-08-15;209
2020-08-14;"Banskobystrický kraj";5;0;0;0;NA;78945;5;2020-08-14;209
2020-08-13;"Banskobystrický kraj";0;0;0;0;NA;78945;0;2020-08-13;204
2020-08-12;"Banskobystrický kraj";0;0;0;0;NA;78945;0;2020-08-12;204
2020-08-11;"Banskobystrický kraj";2;0;0;0;NA;78945;2;2020-08-11;204
2020-08-10;"Banskobystrický kraj";3;0;0;0;NA;78945;3;2020-08-10;202
2020-08-09;"Banskobystrický kraj";0;0;0;0;NA;78945;0;2020-08-09;199
2020-08-08;"Banskobystrický kraj";2;0;0;0;NA;78945;2;2020-08-08;199
2020-08-07;"Banskobystrický kraj";1;0;0;0;NA;78945;1;2020-08-07;197
2020-08-06;"Banskobystrický kraj";1;0;0;0;NA;78945;1;2020-08-06;196
2020-08-05;"Banskobystrický kraj";0;0;0;0;NA;78945;0;2020-08-05;195
2020-08-04;"Banskobystrický kraj";3;0;0;0;NA;78945;3;2020-08-04;195
2020-08-03;"Banskobystrický kraj";0;0;0;0;NA;78945;0;2020-08-03;192
2020-08-02;"Banskobystrický kraj";0;0;0;0;NA;78945;0;2020-08-02;192
2020-08-01;"Banskobystrický kraj";1;0;0;0;NA;78945;1;2020-08-01;192
2020-07-31;"Banskobystrický kraj";2;0;0;0;NA;78945;2;2020-07-31;191
2020-07-30;"Banskobystrický kraj";1;0;0;0;NA;78945;1;2020-07-30;189
2020-07-29;"Banskobystrický kraj";0;0;0;0;NA;78945;0;2020-07-29;188
2020-07-28;"Banskobystrický kraj";2;0;0;0;NA;78945;2;2020-07-28;188
2020-07-27;"Banskobystrický kraj";3;0;0;0;NA;78945;3;2020-07-27;186
2020-07-26;"Banskobystrický kraj";0;0;0;0;NA;78945;0;2020-07-26;183
2020-07-25;"Banskobystrický kraj";0;0;0;0;NA;78945;0;2020-07-25;183
2020-07-24;"Banskobystrický kraj";9;0;0;0;NA;78945;9;2020-07-24;183
2020-07-23;"Banskobystrický kraj";0;0;0;0;NA;78945;0;2020-07-23;174
2020-07-22;"Banskobystrický kraj";3;0;0;0;NA;78945;3;2020-07-22;174
2020-07-21;"Banskobystrický kraj";3;0;0;0;NA;78945;3;2020-07-21;171
2020-07-20;"Banskobystrický kraj";1;0;0;0;NA;78945;1;2020-07-20;168
2020-07-19;"Banskobystrický kraj";1;0;0;0;NA;78945;1;2020-07-19;167
2020-07-18;"Banskobystrický kraj";0;0;0;0;NA;78945;0;2020-07-18;166
2020-07-17;"Banskobystrický kraj";2;0;0;0;NA;78945;2;2020-07-17;166
2020-07-16;"Banskobystrický kraj";1;0;0;0;NA;78945;1;2020-07-16;164
2020-07-15;"Banskobystrický kraj";4;0;0;0;NA;78945;4;2020-07-15;163
2020-07-14;"Banskobystrický kraj";2;0;0;0;NA;78945;2;2020-07-14;159
2020-07-13;"Banskobystrický kraj";1;0;0;0;NA;78945;1;2020-07-13;157
2020-07-12;"Banskobystrický kraj";0;0;0;0;NA;78945;0;2020-07-12;156
2020-07-11;"Banskobystrický kraj";0;0;0;0;NA;78945;0;2020-07-11;156
2020-07-10;"Banskobystrický kraj";3;0;0;0;NA;78945;3;2020-07-10;156
2020-07-09;"Banskobystrický kraj";9;0;0;0;NA;78945;9;2020-07-09;153
2020-07-08;"Banskobystrický kraj";0;0;0;0;NA;78945;0;2020-07-08;144
2020-07-07;"Banskobystrický kraj";4;0;0;0;NA;78945;4;2020-07-07;144
2020-07-06;"Banskobystrický kraj";0;0;0;0;NA;78945;0;2020-07-06;140
2020-07-05;"Banskobystrický kraj";0;0;0;0;NA;78945;0;2020-07-05;140
2020-07-04;"Banskobystrický kraj";1;0;0;0;NA;78945;1;2020-07-04;140
2020-07-03;"Banskobystrický kraj";4;0;0;0;NA;78945;4;2020-07-03;139
2020-07-02;"Banskobystrický kraj";0;0;0;0;NA;78945;0;2020-07-02;135
2020-07-01;"Banskobystrický kraj";1;0;0;0;NA;78945;1;2020-07-01;135
2020-06-30;"Banskobystrický kraj";0;0;0;0;NA;78945;0;2020-06-30;134
2020-06-29;"Banskobystrický kraj";0;0;0;0;NA;78945;0;2020-06-29;134
2020-06-28;"Banskobystrický kraj";0;0;0;0;NA;78945;0;2020-06-28;134
2020-06-27;"Banskobystrický kraj";0;0;0;0;NA;78945;0;2020-06-27;134
2020-06-26;"Banskobystrický kraj";0;0;0;0;NA;78945;0;2020-06-26;134
2020-06-25;"Banskobystrický kraj";1;0;0;0;NA;78945;1;2020-06-25;134
2020-06-24;"Banskobystrický kraj";0;0;0;0;NA;78945;0;2020-06-24;133
2020-06-23;"Banskobystrický kraj";6;0;0;0;NA;78945;6;2020-06-23;133
2020-06-22;"Banskobystrický kraj";0;0;0;0;NA;78945;0;2020-06-22;127
2020-06-21;"Banskobystrický kraj";0;0;0;0;NA;78945;0;2020-06-21;127
2020-06-20;"Banskobystrický kraj";0;0;0;0;NA;78945;0;2020-06-20;127
2020-06-19;"Banskobystrický kraj";2;0;0;0;NA;78945;2;2020-06-19;127
2020-06-18;"Banskobystrický kraj";10;0;0;0;NA;78945;10;2020-06-18;125
2020-06-17;"Banskobystrický kraj";1;0;0;0;NA;78945;1;2020-06-17;115
2020-06-16;"Banskobystrický kraj";0;0;0;0;NA;78945;0;2020-06-16;114
2020-06-14;"Banskobystrický kraj";2;0;0;0;NA;78945;2;2020-06-14;114
2020-06-13;"Banskobystrický kraj";2;0;0;0;NA;78945;2;2020-06-13;112
2020-06-12;"Banskobystrický kraj";0;0;0;0;NA;78945;0;2020-06-12;110
2020-06-11;"Banskobystrický kraj";1;0;0;0;NA;78945;1;2020-06-11;110
2020-06-10;"Banskobystrický kraj";0;0;0;0;NA;78945;0;2020-06-10;109
2020-06-09;"Banskobystrický kraj";0;0;0;0;NA;78945;0;2020-06-09;109
2020-06-08;"Banskobystrický kraj";0;0;0;0;NA;78945;0;2020-06-08;109
2020-06-07;"Banskobystrický kraj";0;0;0;0;NA;78945;0;2020-06-07;109
2020-06-05;"Banskobystrický kraj";2;0;0;0;NA;78945;2;2020-06-05;109
2020-06-03;"Banskobystrický kraj";0;0;0;0;NA;78945;0;2020-06-03;107
2020-06-02;"Banskobystrický kraj";0;0;0;0;NA;78945;0;2020-06-02;107
2020-05-31;"Banskobystrický kraj";0;0;0;0;NA;78945;0;2020-05-31;107
2020-05-29;"Banskobystrický kraj";0;0;0;0;NA;78945;0;2020-05-29;107
2020-05-27;"Banskobystrický kraj";1;0;0;0;NA;78945;1;2020-05-27;107
2020-05-26;"Banskobystrický kraj";0;0;0;0;NA;78945;0;2020-05-26;106
2020-05-25;"Banskobystrický kraj";0;0;0;0;NA;78945;0;2020-05-25;106
2020-05-24;"Banskobystrický kraj";0;0;0;0;NA;78945;0;2020-05-24;106
2020-05-23;"Banskobystrický kraj";1;0;0;0;NA;78945;1;2020-05-23;106
2020-05-22;"Banskobystrický kraj";0;0;0;0;NA;78945;0;2020-05-22;105
2020-05-21;"Banskobystrický kraj";0;0;0;0;NA;78945;0;2020-05-21;105
2020-05-20;"Banskobystrický kraj";1;0;0;0;NA;78945;1;2020-05-20;105
2020-05-19;"Banskobystrický kraj";0;0;0;0;NA;78945;0;2020-05-19;104
2020-05-17;"Banskobystrický kraj";0;0;0;0;NA;78945;0;2020-05-17;104
2020-05-16;"Banskobystrický kraj";0;0;0;0;NA;78945;0;2020-05-16;104
2020-05-15;"Banskobystrický kraj";0;0;0;0;NA;78945;0;2020-05-15;104
2020-05-14;"Banskobystrický kraj";0;0;0;0;NA;78945;0;2020-05-14;104
2020-05-13;"Banskobystrický kraj";0;0;0;0;NA;78945;0;2020-05-13;104
2020-05-12;"Banskobystrický kraj";1;0;0;0;NA;78945;1;2020-05-12;104
2020-05-11;"Banskobystrický kraj";0;0;0;0;NA;78945;0;2020-05-11;103
2020-05-09;"Banskobystrický kraj";0;0;0;0;NA;78945;0;2020-05-09;103
2020-05-07;"Banskobystrický kraj";2;0;0;0;NA;78945;2;2020-05-07;103
2020-05-06;"Banskobystrický kraj";1;0;0;0;NA;78945;1;2020-05-06;101
2020-05-05;"Banskobystrický kraj";2;0;0;0;NA;78945;2;2020-05-05;100
2020-05-04;"Banskobystrický kraj";0;0;0;0;NA;78945;0;2020-05-04;98
2020-05-03;"Banskobystrický kraj";0;0;0;0;NA;78945;0;2020-05-03;98
2020-05-02;"Banskobystrický kraj";0;0;0;0;NA;78945;0;2020-05-02;98
2020-05-01;"Banskobystrický kraj";0;0;0;0;NA;78945;0;2020-05-01;98
2020-04-30;"Banskobystrický kraj";1;0;0;0;NA;78945;1;2020-04-30;98
2020-04-29;"Banskobystrický kraj";1;0;0;0;NA;78945;1;2020-04-29;97
2020-04-28;"Banskobystrický kraj";0;0;0;0;NA;78945;0;2020-04-28;96
2020-04-27;"Banskobystrický kraj";0;0;0;0;NA;78945;0;2020-04-27;96
2020-04-26;"Banskobystrický kraj";0;0;0;0;NA;78945;0;2020-04-26;96
2020-04-25;"Banskobystrický kraj";2;0;0;0;NA;78945;2;2020-04-25;96
2020-04-24;"Banskobystrický kraj";3;0;0;0;NA;78945;3;2020-04-24;94
2020-04-23;"Banskobystrický kraj";2;0;0;0;NA;78945;2;2020-04-23;91
2020-04-22;"Banskobystrický kraj";2;0;0;0;NA;78945;2;2020-04-22;89
2020-04-21;"Banskobystrický kraj";2;0;0;0;NA;78945;2;2020-04-21;87
2020-04-20;"Banskobystrický kraj";0;0;0;0;NA;78945;0;2020-04-20;85
2020-04-19;"Banskobystrický kraj";0;0;0;0;NA;78945;0;2020-04-19;85
2020-04-18;"Banskobystrický kraj";8;0;0;0;NA;78945;8;2020-04-18;85
2020-04-17;"Banskobystrický kraj";2;0;0;0;NA;78945;2;2020-04-17;77
2020-04-16;"Banskobystrický kraj";0;0;0;0;NA;78945;0;2020-04-16;75
2020-04-15;"Banskobystrický kraj";10;0;0;0;NA;78945;10;2020-04-15;75
2020-04-14;"Banskobystrický kraj";0;0;0;0;NA;78945;0;2020-04-14;65
2020-04-13;"Banskobystrický kraj";2;0;0;0;NA;78945;2;2020-04-13;65
2020-04-12;"Banskobystrický kraj";4;0;0;0;NA;78945;4;2020-04-12;63
2020-04-11;"Banskobystrický kraj";1;0;0;0;NA;78945;1;2020-04-11;59
2020-04-10;"Banskobystrický kraj";0;0;0;0;NA;78945;0;2020-04-10;58
2020-04-09;"Banskobystrický kraj";2;0;0;0;NA;78945;2;2020-04-09;58
2020-04-08;"Banskobystrický kraj";0;0;0;0;NA;78945;0;2020-04-08;56
2020-04-07;"Banskobystrický kraj";4;0;0;0;NA;78945;4;2020-04-07;56
2020-04-06;"Banskobystrický kraj";10;0;0;0;NA;78945;10;2020-04-06;52
2020-04-05;"Banskobystrický kraj";9;0;0;0;NA;78945;9;2020-04-05;42
2020-04-04;"Banskobystrický kraj";0;0;0;0;NA;78945;0;2020-04-04;33
2020-04-03;"Banskobystrický kraj";2;0;0;0;NA;78945;2;2020-04-03;33
2020-04-02;"Banskobystrický kraj";2;0;0;0;NA;78945;2;2020-04-02;31
2020-04-01;"Banskobystrický kraj";5;0;0;0;NA;78945;5;2020-04-01;29
2020-03-31;"Banskobystrický kraj";3;0;0;0;NA;78945;3;2020-03-31;24
2020-03-30;"Banskobystrický kraj";1;0;0;0;NA;78945;1;2020-03-30;21
2020-03-29;"Banskobystrický kraj";2;0;0;0;NA;78945;2;2020-03-29;20
2020-03-28;"Banskobystrický kraj";1;0;0;0;NA;78945;1;2020-03-28;18
2020-03-27;"Banskobystrický kraj";1;531;4;535;NA;78945;5;2020-03-27;17
2020-03-26;"Banskobystrický kraj";1;0;0;0;NA;78945;1;2020-03-26;12
2020-03-25;"Banskobystrický kraj";0;0;0;0;NA;78945;0;2020-03-25;11
2020-03-24;"Banskobystrický kraj";1;0;0;0;NA;78945;1;2020-03-24;11
2020-03-23;"Banskobystrický kraj";1;0;0;0;NA;78945;1;2020-03-23;10
2020-03-22;"Banskobystrický kraj";0;0;0;0;NA;78945;0;2020-03-22;9
2020-03-21;"Banskobystrický kraj";3;0;0;0;NA;78945;3;2020-03-21;9
2020-03-20;"Banskobystrický kraj";0;0;0;0;NA;78945;0;2020-03-20;6
2020-03-19;"Banskobystrický kraj";2;0;0;0;NA;78945;2;2020-03-19;6
2020-03-18;"Banskobystrický kraj";1;0;0;0;NA;78945;1;2020-03-18;4
2020-03-17;"Banskobystrický kraj";1;0;0;0;NA;78945;1;2020-03-17;3
2020-03-16;"Banskobystrický kraj";0;0;0;0;NA;78945;0;2020-03-16;2
2020-03-15;"Banskobystrický kraj";1;0;0;0;NA;78945;1;2020-03-15;2
2020-03-14;"Banskobystrický kraj";0;0;0;0;NA;78945;0;2020-03-14;1
2020-03-13;"Banskobystrický kraj";1;0;0;0;NA;78945;1;2020-03-13;1
2020-03-12;"Banskobystrický kraj";0;0;0;0;NA;78945;0;2020-03-12;0
2020-03-11;"Banskobystrický kraj";0;0;0;0;NA;78945;0;2020-03-11;0
2020-03-09;"Banskobystrický kraj";0;0;0;0;NA;78945;0;2020-03-09;0
2020-03-08;"Banskobystrický kraj";0;0;0;0;NA;78945;0;2020-03-08;0
2020-03-07;"Banskobystrický kraj";0;0;0;0;NA;78945;0;2020-03-07;0
2020-03-06;"Banskobystrický kraj";0;0;0;0;NA;78945;0;2020-03-06;0
2021-04-13;"Bratislavský kraj";82;28750;61;28811;42942;86853;143;2021-04-13;86853
2021-04-12;"Bratislavský kraj";77;38478;99;38577;NA;86853;176;2021-04-12;86710
2021-04-11;"Bratislavský kraj";42;57871;122;57993;NA;86853;164;2021-04-11;86534
2021-04-10;"Bratislavský kraj";14;68197;154;68351;NA;86853;168;2021-04-10;86370
2021-04-09;"Bratislavský kraj";72;36249;88;36337;NA;86853;160;2021-04-09;86202
2021-04-08;"Bratislavský kraj";71;26327;79;26406;NA;86853;150;2021-04-08;86042
2021-04-07;"Bratislavský kraj";96;32591;85;32676;NA;86853;181;2021-04-07;85892
2021-04-06;"Bratislavský kraj";94;49109;153;49262;NA;86853;247;2021-04-06;85711
2021-04-05;"Bratislavský kraj";85;17136;80;17216;NA;86853;165;2021-04-05;85464
2021-04-04;"Bratislavský kraj";37;27474;73;27547;NA;86853;110;2021-04-04;85299
2021-04-03;"Bratislavský kraj";52;72208;208;72416;NA;86853;260;2021-04-03;85189
2021-04-02;"Bratislavský kraj";33;22352;96;22448;NA;86853;129;2021-04-02;84929
2021-04-01;"Bratislavský kraj";119;49966;137;50103;NA;86853;256;2021-04-01;84800
2021-03-31;"Bratislavský kraj";105;44288;149;44437;NA;86853;254;2021-03-31;84544
2021-03-30;"Bratislavský kraj";100;38585;142;38727;NA;86853;242;2021-03-30;84290
2021-03-29;"Bratislavský kraj";153;40546;178;40724;NA;86853;331;2021-03-29;84048
2021-03-28;"Bratislavský kraj";59;53341;137;53478;NA;86853;196;2021-03-28;83717
2021-03-27;"Bratislavský kraj";53;77771;236;78007;NA;86853;289;2021-03-27;83521
2021-03-26;"Bratislavský kraj";114;55610;190;55800;NA;86853;304;2021-03-26;83232
2021-03-25;"Bratislavský kraj";76;36175;170;36345;NA;86853;246;2021-03-25;82928
2021-03-24;"Bratislavský kraj";120;30072;200;30272;NA;86853;320;2021-03-24;82682
2021-03-23;"Bratislavský kraj";138;36073;189;36262;NA;86853;327;2021-03-23;82362
2021-03-22;"Bratislavský kraj";110;42187;218;42405;NA;86853;328;2021-03-22;82035
2021-03-21;"Bratislavský kraj";54;61297;212;61509;NA;86853;266;2021-03-21;81707
2021-03-20;"Bratislavský kraj";59;71927;227;72154;NA;86853;286;2021-03-20;81441
2021-03-19;"Bratislavský kraj";139;54071;255;54326;NA;86853;394;2021-03-19;81155
2021-03-18;"Bratislavský kraj";142;34040;190;34230;NA;86853;332;2021-03-18;80761
2021-03-17;"Bratislavský kraj";177;30070;215;30285;NA;86853;392;2021-03-17;80429
2021-03-16;"Bratislavský kraj";258;36306;282;36588;NA;86853;540;2021-03-16;80037
2021-03-15;"Bratislavský kraj";180;37436;251;37687;NA;86853;431;2021-03-15;79497
2021-03-14;"Bratislavský kraj";75;51470;270;51740;NA;86853;345;2021-03-14;79066
2021-03-13;"Bratislavský kraj";110;79582;329;79911;NA;86853;439;2021-03-13;78721
2021-03-12;"Bratislavský kraj";152;54520;301;54821;NA;86853;453;2021-03-12;78282
2021-03-11;"Bratislavský kraj";178;34812;282;35094;NA;86853;460;2021-03-11;77829
2021-03-10;"Bratislavský kraj";164;30815;273;31088;NA;86853;437;2021-03-10;77369
2021-03-09;"Bratislavský kraj";242;37590;267;37857;NA;86853;509;2021-03-09;76932
2021-03-08;"Bratislavský kraj";255;40689;343;41032;NA;86853;598;2021-03-08;76423
2021-03-07;"Bratislavský kraj";142;51537;290;51827;NA;86853;432;2021-03-07;75825
2021-03-06;"Bratislavský kraj";79;71706;413;72119;NA;86853;492;2021-03-06;75393
2021-03-05;"Bratislavský kraj";238;51335;303;51638;NA;86853;541;2021-03-05;74901
2021-03-04;"Bratislavský kraj";204;34642;344;34986;NA;86853;548;2021-03-04;74360
2021-03-03;"Bratislavský kraj";250;30418;363;30781;NA;86853;613;2021-03-03;73812
2021-03-02;"Bratislavský kraj";267;39695;388;40083;NA;86853;655;2021-03-02;73199
2021-03-01;"Bratislavský kraj";320;38464;436;38900;NA;86853;756;2021-03-01;72544
2021-02-28;"Bratislavský kraj";184;49969;323;50292;NA;86853;507;2021-02-28;71788
2021-02-27;"Bratislavský kraj";151;79455;471;79926;NA;86853;622;2021-02-27;71281
2021-02-26;"Bratislavský kraj";277;47104;403;47507;NA;86853;680;2021-02-26;70659
2021-02-25;"Bratislavský kraj";277;28385;410;28795;NA;86853;687;2021-02-25;69979
2021-02-24;"Bratislavský kraj";217;27176;427;27603;NA;86853;644;2021-02-24;69292
2021-02-23;"Bratislavský kraj";257;30790;389;31179;NA;86853;646;2021-02-23;68648
2021-02-22;"Bratislavský kraj";353;36311;491;36802;NA;86853;844;2021-02-22;68002
2021-02-21;"Bratislavský kraj";185;50102;379;50481;NA;86853;564;2021-02-21;67158
2021-02-20;"Bratislavský kraj";167;76746;563;77309;NA;86853;730;2021-02-20;66594
2021-02-19;"Bratislavský kraj";280;44669;410;45079;NA;86853;690;2021-02-19;65864
2021-02-18;"Bratislavský kraj";263;26773;386;27159;NA;86853;649;2021-02-18;65174
2021-02-17;"Bratislavský kraj";264;22318;321;22639;NA;86853;585;2021-02-17;64525
2021-02-16;"Bratislavský kraj";289;27680;350;28030;NA;86853;639;2021-02-16;63940
2021-02-15;"Bratislavský kraj";248;36601;391;36992;NA;86853;639;2021-02-15;63301
2021-02-14;"Bratislavský kraj";153;45008;324;45332;NA;86853;477;2021-02-14;62662
2021-02-13;"Bratislavský kraj";173;70114;529;70643;NA;86853;702;2021-02-13;62185
2021-02-12;"Bratislavský kraj";282;35474;332;35806;NA;86853;614;2021-02-12;61483
2021-02-11;"Bratislavský kraj";337;24124;289;24413;NA;86853;626;2021-02-11;60869
2021-02-10;"Bratislavský kraj";314;22750;353;23103;NA;86853;667;2021-02-10;60243
2021-02-09;"Bratislavský kraj";287;36052;453;36505;NA;86853;740;2021-02-09;59576
2021-02-08;"Bratislavský kraj";484;33468;401;33869;NA;86853;885;2021-02-08;58836
2021-02-07;"Bratislavský kraj";243;50382;430;50812;NA;86853;673;2021-02-07;57951
2021-02-06;"Bratislavský kraj";116;65118;530;65648;NA;86853;646;2021-02-06;57278
2021-02-05;"Bratislavský kraj";327;27423;376;27799;NA;86853;703;2021-02-05;56632
2021-02-04;"Bratislavský kraj";555;16331;350;16681;NA;86853;905;2021-02-04;55929
2021-02-03;"Bratislavský kraj";161;12936;358;13294;NA;86853;519;2021-02-03;55024
2021-02-02;"Bratislavský kraj";397;26902;485;27387;NA;86853;882;2021-02-02;54505
2021-02-01;"Bratislavský kraj";221;37667;507;38174;NA;86853;728;2021-02-01;53623
2021-01-31;"Bratislavský kraj";180;35621;425;36046;NA;86853;605;2021-01-31;52895
2021-01-30;"Bratislavský kraj";310;45888;499;46387;NA;86853;809;2021-01-30;52290
2021-01-29;"Bratislavský kraj";344;16341;341;16682;NA;86853;685;2021-01-29;51481
2021-01-28;"Bratislavský kraj";307;10643;301;10944;NA;86853;608;2021-01-28;50796
2021-01-27;"Bratislavský kraj";336;21988;341;22329;NA;86853;677;2021-01-27;50188
2021-01-26;"Bratislavský kraj";297;22078;308;22386;NA;86853;605;2021-01-26;49511
2021-01-25;"Bratislavský kraj";356;22622;248;22870;NA;86853;604;2021-01-25;48906
2021-01-24;"Bratislavský kraj";175;37754;391;38145;NA;86853;566;2021-01-24;48302
2021-01-23;"Bratislavský kraj";396;79317;703;80020;NA;86853;1099;2021-01-23;47736
2021-01-22;"Bratislavský kraj";199;41866;365;42231;NA;86853;564;2021-01-22;46637
2021-01-21;"Bratislavský kraj";255;105639;1317;106956;NA;86853;1572;2021-01-21;46073
2021-01-20;"Bratislavský kraj";360;27082;457;27539;NA;86853;817;2021-01-20;44501
2021-01-19;"Bratislavský kraj";375;13748;339;14087;NA;86853;714;2021-01-19;43684
2021-01-18;"Bratislavský kraj";357;11977;707;12684;NA;86853;1064;2021-01-18;42970
2021-01-17;"Bratislavský kraj";244;426;26;452;NA;86853;270;2021-01-17;41906
2021-01-16;"Bratislavský kraj";70;2908;156;3064;NA;86853;226;2021-01-16;41636
2021-01-15;"Bratislavský kraj";251;7744;256;8000;NA;86853;507;2021-01-15;41410
2021-01-14;"Bratislavský kraj";363;8316;273;8589;NA;86853;636;2021-01-14;40903
2021-01-13;"Bratislavský kraj";336;8040;329;8369;NA;86853;665;2021-01-13;40267
2021-01-12;"Bratislavský kraj";450;9644;464;10108;NA;86853;914;2021-01-12;39602
2021-01-11;"Bratislavský kraj";397;19215;380;19595;NA;86853;777;2021-01-11;38688
2021-01-10;"Bratislavský kraj";252;1352;79;1431;NA;86853;331;2021-01-10;37911
2021-01-09;"Bratislavský kraj";351;4946;291;5237;NA;86853;642;2021-01-09;37580
2021-01-08;"Bratislavský kraj";556;9880;436;10316;NA;86853;992;2021-01-08;36938
2021-01-07;"Bratislavský kraj";537;7161;412;7573;NA;86853;949;2021-01-07;35946
2021-01-06;"Bratislavský kraj";271;3075;216;3291;NA;86853;487;2021-01-06;34997
2021-01-05;"Bratislavský kraj";619;10730;844;11574;NA;86853;1463;2021-01-05;34510
2021-01-04;"Bratislavský kraj";601;7381;606;7987;NA;86853;1207;2021-01-04;33047
2021-01-03;"Bratislavský kraj";77;394;41;435;NA;86853;118;2021-01-03;31840
2021-01-02;"Bratislavský kraj";185;384;57;441;NA;86853;242;2021-01-02;31722
2021-01-01;"Bratislavský kraj";235;3210;131;3341;NA;86853;366;2021-01-01;31480
2020-12-31;"Bratislavský kraj";925;14638;589;15227;NA;86853;1514;2020-12-31;31114
2020-12-30;"Bratislavský kraj";650;9327;528;9855;NA;86853;1178;2020-12-30;29600
2020-12-29;"Bratislavský kraj";303;10365;776;11141;NA;86853;1079;2020-12-29;28422
2020-12-28;"Bratislavský kraj";255;7687;560;8247;NA;86853;815;2020-12-28;27343
2020-12-27;"Bratislavský kraj";160;659;76;735;NA;86853;236;2020-12-27;26528
2020-12-26;"Bratislavský kraj";75;426;27;453;NA;86853;102;2020-12-26;26292
2020-12-25;"Bratislavský kraj";114;460;38;498;NA;86853;152;2020-12-25;26190
2020-12-24;"Bratislavský kraj";536;3381;102;3483;NA;86853;638;2020-12-24;26038
2020-12-23;"Bratislavský kraj";416;13159;500;13659;NA;86853;916;2020-12-23;25400
2020-12-22;"Bratislavský kraj";327;15248;772;16020;NA;86853;1099;2020-12-22;24484
2020-12-21;"Bratislavský kraj";392;14970;2007;16977;NA;86853;2399;2020-12-21;23385
2020-12-20;"Bratislavský kraj";180;643;54;697;NA;86853;234;2020-12-20;20986
2020-12-19;"Bratislavský kraj";396;3164;130;3294;NA;86853;526;2020-12-19;20752
2020-12-18;"Bratislavský kraj";306;10672;401;11073;NA;86853;707;2020-12-18;20226
2020-12-17;"Bratislavský kraj";502;10217;412;10629;NA;86853;914;2020-12-17;19519
2020-12-16;"Bratislavský kraj";282;10546;452;10998;NA;86853;734;2020-12-16;18605
2020-12-15;"Bratislavský kraj";423;10741;479;11220;NA;86853;902;2020-12-15;17871
2020-12-14;"Bratislavský kraj";279;6526;293;6819;NA;86853;572;2020-12-14;16969
2020-12-13;"Bratislavský kraj";125;123;10;133;NA;86853;135;2020-12-13;16397
2020-12-12;"Bratislavský kraj";361;3863;157;4020;NA;86853;518;2020-12-12;16262
2020-12-11;"Bratislavský kraj";326;7203;289;7492;NA;86853;615;2020-12-11;15744
2020-12-10;"Bratislavský kraj";286;5104;209;5313;NA;86853;495;2020-12-10;15129
2020-12-09;"Bratislavský kraj";382;4712;178;4890;NA;86853;560;2020-12-09;14634
2020-12-08;"Bratislavský kraj";234;5793;207;6000;NA;86853;441;2020-12-08;14074
2020-12-07;"Bratislavský kraj";272;4078;152;4230;NA;86853;424;2020-12-07;13633
2020-12-06;"Bratislavský kraj";61;1586;52;1638;NA;86853;113;2020-12-06;13209
2020-12-05;"Bratislavský kraj";266;2148;41;2189;NA;86853;307;2020-12-05;13096
2020-12-04;"Bratislavský kraj";200;4789;99;4888;NA;86853;299;2020-12-04;12789
2020-12-03;"Bratislavský kraj";213;5071;95;5166;NA;86853;308;2020-12-03;12490
2020-12-02;"Bratislavský kraj";205;2831;95;2926;NA;86853;300;2020-12-02;12182
2020-12-01;"Bratislavský kraj";255;3943;204;4147;NA;86853;459;2020-12-01;11882
2020-11-30;"Bratislavský kraj";152;2153;121;2274;NA;86853;273;2020-11-30;11423
2020-11-29;"Bratislavský kraj";52;201;24;225;NA;86853;76;2020-11-29;11150
2020-11-28;"Bratislavský kraj";232;2624;33;2657;NA;86853;265;2020-11-28;11074
2020-11-27;"Bratislavský kraj";54;2540;64;2604;NA;86853;118;2020-11-27;10809
2020-11-26;"Bratislavský kraj";129;1976;60;2036;NA;86853;189;2020-11-26;10691
2020-11-25;"Bratislavský kraj";140;1770;47;1817;NA;86853;187;2020-11-25;10502
2020-11-24;"Bratislavský kraj";81;2988;67;3055;NA;86853;148;2020-11-24;10315
2020-11-23;"Bratislavský kraj";67;7083;58;7141;NA;86853;125;2020-11-23;10167
2020-11-22;"Bratislavský kraj";36;81;7;88;NA;86853;43;2020-11-22;10042
2020-11-21;"Bratislavský kraj";109;2126;47;2173;NA;86853;156;2020-11-21;9999
2020-11-20;"Bratislavský kraj";118;2876;48;2924;NA;86853;166;2020-11-20;9843
2020-11-19;"Bratislavský kraj";173;987;29;1016;NA;86853;202;2020-11-19;9677
2020-11-18;"Bratislavský kraj";118;616;75;691;NA;86853;193;2020-11-18;9475
2020-11-17;"Bratislavský kraj";108;928;23;951;NA;86853;131;2020-11-17;9282
2020-11-16;"Bratislavský kraj";82;651;9;660;NA;86853;91;2020-11-16;9151
2020-11-15;"Bratislavský kraj";47;236;0;236;NA;86853;47;2020-11-15;9060
2020-11-14;"Bratislavský kraj";53;1834;15;1849;NA;86853;68;2020-11-14;9013
2020-11-13;"Bratislavský kraj";94;2096;21;2117;NA;86853;115;2020-11-13;8945
2020-11-12;"Bratislavský kraj";141;1727;6;1733;NA;86853;147;2020-11-12;8830
2020-11-11;"Bratislavský kraj";159;1429;12;1441;NA;86853;171;2020-11-11;8683
2020-11-10;"Bratislavský kraj";136;805;14;819;NA;86853;150;2020-11-10;8512
2020-11-09;"Bratislavský kraj";70;616;8;624;NA;86853;78;2020-11-09;8362
2020-11-08;"Bratislavský kraj";82;869;6;875;NA;86853;88;2020-11-08;8284
2020-11-07;"Bratislavský kraj";88;4039;17;4056;NA;86853;105;2020-11-07;8196
2020-11-06;"Bratislavský kraj";281;6441;25;6466;NA;86853;306;2020-11-06;8091
2020-11-05;"Bratislavský kraj";175;476;11;487;NA;86853;186;2020-11-05;7785
2020-11-04;"Bratislavský kraj";65;411;10;421;NA;86853;75;2020-11-04;7599
2020-11-03;"Bratislavský kraj";251;1085;12;1097;NA;86853;263;2020-11-03;7524
2020-11-02;"Bratislavský kraj";202;3365;22;3387;NA;86853;224;2020-11-02;7261
2020-11-01;"Bratislavský kraj";227;8694;39;8733;NA;86853;266;2020-11-01;7037
2020-10-31;"Bratislavský kraj";173;22407;123;22530;NA;86853;296;2020-10-31;6771
2020-10-30;"Bratislavský kraj";158;17350;138;17488;NA;86853;296;2020-10-30;6475
2020-10-29;"Bratislavský kraj";262;116;4;120;NA;86853;266;2020-10-29;6179
2020-10-28;"Bratislavský kraj";220;260;15;275;NA;86853;235;2020-10-28;5913
2020-10-27;"Bratislavský kraj";256;145;4;149;NA;86853;260;2020-10-27;5678
2020-10-26;"Bratislavský kraj";123;229;11;240;NA;86853;134;2020-10-26;5418
2020-10-25;"Bratislavský kraj";152;33;2;35;NA;86853;154;2020-10-25;5284
2020-10-24;"Bratislavský kraj";170;221;6;227;NA;86853;176;2020-10-24;5130
2020-10-23;"Bratislavský kraj";151;144;8;152;NA;86853;159;2020-10-23;4954
2020-10-22;"Bratislavský kraj";192;204;15;219;NA;86853;207;2020-10-22;4795
2020-10-21;"Bratislavský kraj";66;90;6;96;NA;86853;72;2020-10-21;4588
2020-10-20;"Bratislavský kraj";183;97;4;101;NA;86853;187;2020-10-20;4516
2020-10-19;"Bratislavský kraj";148;80;3;83;NA;86853;151;2020-10-19;4329
2020-10-18;"Bratislavský kraj";75;92;0;92;NA;86853;75;2020-10-18;4178
2020-10-17;"Bratislavský kraj";136;0;0;0;NA;86853;136;2020-10-17;4103
2020-10-16;"Bratislavský kraj";103;14;1;15;NA;86853;104;2020-10-16;3967
2020-10-15;"Bratislavský kraj";135;6;1;7;NA;86853;136;2020-10-15;3863
2020-10-14;"Bratislavský kraj";127;4;0;4;NA;86853;127;2020-10-14;3727
2020-10-13;"Bratislavský kraj";86;108;8;116;NA;86853;94;2020-10-13;3600
2020-10-12;"Bratislavský kraj";46;0;0;0;NA;86853;46;2020-10-12;3506
2020-10-11;"Bratislavský kraj";80;0;0;0;NA;86853;80;2020-10-11;3460
2020-10-10;"Bratislavský kraj";55;0;0;0;NA;86853;55;2020-10-10;3380
2020-10-09;"Bratislavský kraj";148;0;0;0;NA;86853;148;2020-10-09;3325
2020-10-08;"Bratislavský kraj";100;0;0;0;NA;86853;100;2020-10-08;3177
2020-10-07;"Bratislavský kraj";107;0;0;0;NA;86853;107;2020-10-07;3077
2020-10-06;"Bratislavský kraj";108;0;0;0;NA;86853;108;2020-10-06;2970
2020-10-05;"Bratislavský kraj";30;0;0;0;NA;86853;30;2020-10-05;2862
2020-10-04;"Bratislavský kraj";49;0;0;0;NA;86853;49;2020-10-04;2832
2020-10-03;"Bratislavský kraj";82;0;0;0;NA;86853;82;2020-10-03;2783
2020-10-02;"Bratislavský kraj";101;0;0;0;NA;86853;101;2020-10-02;2701
2020-10-01;"Bratislavský kraj";72;0;0;0;NA;86853;72;2020-10-01;2600
2020-09-30;"Bratislavský kraj";91;0;0;0;NA;86853;91;2020-09-30;2528
2020-09-29;"Bratislavský kraj";74;0;0;0;NA;86853;74;2020-09-29;2437
2020-09-28;"Bratislavský kraj";29;0;0;0;NA;86853;29;2020-09-28;2363
2020-09-27;"Bratislavský kraj";48;0;0;0;NA;86853;48;2020-09-27;2334
2020-09-26;"Bratislavský kraj";86;0;0;0;NA;86853;86;2020-09-26;2286
2020-09-25;"Bratislavský kraj";97;0;0;0;NA;86853;97;2020-09-25;2200
2020-09-24;"Bratislavský kraj";73;0;0;0;NA;86853;73;2020-09-24;2103
2020-09-23;"Bratislavský kraj";55;0;0;0;NA;86853;55;2020-09-23;2030
2020-09-22;"Bratislavský kraj";81;0;0;0;NA;86853;81;2020-09-22;1975
2020-09-21;"Bratislavský kraj";32;0;0;0;NA;86853;32;2020-09-21;1894
2020-09-20;"Bratislavský kraj";25;0;0;0;NA;86853;25;2020-09-20;1862
2020-09-19;"Bratislavský kraj";59;0;0;0;NA;86853;59;2020-09-19;1837
2020-09-18;"Bratislavský kraj";42;0;0;0;NA;86853;42;2020-09-18;1778
2020-09-17;"Bratislavský kraj";52;0;0;0;NA;86853;52;2020-09-17;1736
2020-09-16;"Bratislavský kraj";32;0;0;0;NA;86853;32;2020-09-16;1684
2020-09-15;"Bratislavský kraj";26;0;0;0;NA;86853;26;2020-09-15;1652
2020-09-14;"Bratislavský kraj";24;0;0;0;NA;86853;24;2020-09-14;1626
2020-09-13;"Bratislavský kraj";11;0;0;0;NA;86853;11;2020-09-13;1602
2020-09-12;"Bratislavský kraj";24;0;0;0;NA;86853;24;2020-09-12;1591
2020-09-11;"Bratislavský kraj";50;0;0;0;NA;86853;50;2020-09-11;1567
2020-09-10;"Bratislavský kraj";47;0;0;0;NA;86853;47;2020-09-10;1517
2020-09-09;"Bratislavský kraj";40;0;0;0;NA;86853;40;2020-09-09;1470
2020-09-08;"Bratislavský kraj";58;0;0;0;NA;86853;58;2020-09-08;1430
2020-09-07;"Bratislavský kraj";39;0;0;0;NA;86853;39;2020-09-07;1372
2020-09-06;"Bratislavský kraj";11;0;0;0;NA;86853;11;2020-09-06;1333
2020-09-05;"Bratislavský kraj";37;0;0;0;NA;86853;37;2020-09-05;1322
2020-09-04;"Bratislavský kraj";87;0;0;0;NA;86853;87;2020-09-04;1285
2020-09-03;"Bratislavský kraj";51;0;0;0;NA;86853;51;2020-09-03;1198
2020-09-02;"Bratislavský kraj";50;0;0;0;NA;86853;50;2020-09-02;1147
2020-09-01;"Bratislavský kraj";16;0;0;0;NA;86853;16;2020-09-01;1097
2020-08-31;"Bratislavský kraj";19;0;0;0;NA;86853;19;2020-08-31;1081
2020-08-30;"Bratislavský kraj";9;0;0;0;NA;86853;9;2020-08-30;1062
2020-08-29;"Bratislavský kraj";12;0;0;0;NA;86853;12;2020-08-29;1053
2020-08-28;"Bratislavský kraj";35;0;0;0;NA;86853;35;2020-08-28;1041
2020-08-27;"Bratislavský kraj";33;0;0;0;NA;86853;33;2020-08-27;1006
2020-08-26;"Bratislavský kraj";27;0;0;0;NA;86853;27;2020-08-26;973
2020-08-25;"Bratislavský kraj";29;0;0;0;NA;86853;29;2020-08-25;946
2020-08-24;"Bratislavský kraj";6;0;0;0;NA;86853;6;2020-08-24;917
2020-08-23;"Bratislavský kraj";45;0;0;0;NA;86853;45;2020-08-23;911
2020-08-22;"Bratislavský kraj";13;0;0;0;NA;86853;13;2020-08-22;866
2020-08-21;"Bratislavský kraj";46;0;0;0;NA;86853;46;2020-08-21;853
2020-08-20;"Bratislavský kraj";41;0;0;0;NA;86853;41;2020-08-20;807
2020-08-19;"Bratislavský kraj";27;0;0;0;NA;86853;27;2020-08-19;766
2020-08-18;"Bratislavský kraj";47;0;0;0;NA;86853;47;2020-08-18;739
2020-08-17;"Bratislavský kraj";2;0;0;0;NA;86853;2;2020-08-17;692
2020-08-16;"Bratislavský kraj";3;0;0;0;NA;86853;3;2020-08-16;690
2020-08-15;"Bratislavský kraj";18;0;0;0;NA;86853;18;2020-08-15;687
2020-08-14;"Bratislavský kraj";16;0;0;0;NA;86853;16;2020-08-14;669
2020-08-13;"Bratislavský kraj";12;0;0;0;NA;86853;12;2020-08-13;653
2020-08-12;"Bratislavský kraj";10;0;0;0;NA;86853;10;2020-08-12;641
2020-08-11;"Bratislavský kraj";23;0;0;0;NA;86853;23;2020-08-11;631
2020-08-10;"Bratislavský kraj";2;0;0;0;NA;86853;2;2020-08-10;608
2020-08-09;"Bratislavský kraj";2;0;0;0;NA;86853;2;2020-08-09;606
2020-08-08;"Bratislavský kraj";1;0;0;0;NA;86853;1;2020-08-08;604
2020-08-07;"Bratislavský kraj";9;0;0;0;NA;86853;9;2020-08-07;603
2020-08-06;"Bratislavský kraj";15;0;0;0;NA;86853;15;2020-08-06;594
2020-08-05;"Bratislavský kraj";11;0;0;0;NA;86853;11;2020-08-05;579
2020-08-04;"Bratislavský kraj";21;0;0;0;NA;86853;21;2020-08-04;568
2020-08-03;"Bratislavský kraj";7;0;0;0;NA;86853;7;2020-08-03;547
2020-08-02;"Bratislavský kraj";0;0;0;0;NA;86853;0;2020-08-02;540
2020-08-01;"Bratislavský kraj";0;0;0;0;NA;86853;0;2020-08-01;540
2020-07-31;"Bratislavský kraj";14;0;0;0;NA;86853;14;2020-07-31;540
2020-07-30;"Bratislavský kraj";6;0;0;0;NA;86853;6;2020-07-30;526
2020-07-29;"Bratislavský kraj";7;0;0;0;NA;86853;7;2020-07-29;520
2020-07-28;"Bratislavský kraj";14;0;0;0;NA;86853;14;2020-07-28;513
2020-07-27;"Bratislavský kraj";3;0;0;0;NA;86853;3;2020-07-27;499
2020-07-26;"Bratislavský kraj";0;0;0;0;NA;86853;0;2020-07-26;496
2020-07-25;"Bratislavský kraj";8;0;0;0;NA;86853;8;2020-07-25;496
2020-07-24;"Bratislavský kraj";2;0;0;0;NA;86853;2;2020-07-24;488
2020-07-23;"Bratislavský kraj";8;0;0;0;NA;86853;8;2020-07-23;486
2020-07-22;"Bratislavský kraj";11;0;0;0;NA;86853;11;2020-07-22;478
2020-07-21;"Bratislavský kraj";8;0;0;0;NA;86853;8;2020-07-21;467
2020-07-20;"Bratislavský kraj";12;0;0;0;NA;86853;12;2020-07-20;459
2020-07-19;"Bratislavský kraj";0;0;0;0;NA;86853;0;2020-07-19;447
2020-07-18;"Bratislavský kraj";2;0;0;0;NA;86853;2;2020-07-18;447
2020-07-17;"Bratislavský kraj";2;0;0;0;NA;86853;2;2020-07-17;445
2020-07-16;"Bratislavský kraj";6;0;0;0;NA;86853;6;2020-07-16;443
2020-07-15;"Bratislavský kraj";3;0;0;0;NA;86853;3;2020-07-15;437
2020-07-14;"Bratislavský kraj";2;0;0;0;NA;86853;2;2020-07-14;434
2020-07-13;"Bratislavský kraj";2;0;0;0;NA;86853;2;2020-07-13;432
2020-07-12;"Bratislavský kraj";0;0;0;0;NA;86853;0;2020-07-12;430
2020-07-11;"Bratislavský kraj";0;0;0;0;NA;86853;0;2020-07-11;430
2020-07-10;"Bratislavský kraj";8;0;0;0;NA;86853;8;2020-07-10;430
2020-07-09;"Bratislavský kraj";2;0;0;0;NA;86853;2;2020-07-09;422
2020-07-08;"Bratislavský kraj";11;0;0;0;NA;86853;11;2020-07-08;420
2020-07-07;"Bratislavský kraj";5;0;0;0;NA;86853;5;2020-07-07;409
2020-07-06;"Bratislavský kraj";1;0;0;0;NA;86853;1;2020-07-06;404
2020-07-05;"Bratislavský kraj";0;0;0;0;NA;86853;0;2020-07-05;403
2020-07-04;"Bratislavský kraj";3;0;0;0;NA;86853;3;2020-07-04;403
2020-07-03;"Bratislavský kraj";1;0;0;0;NA;86853;1;2020-07-03;400
2020-07-02;"Bratislavský kraj";0;0;0;0;NA;86853;0;2020-07-02;399
2020-07-01;"Bratislavský kraj";7;0;0;0;NA;86853;7;2020-07-01;399
2020-06-30;"Bratislavský kraj";3;0;0;0;NA;86853;3;2020-06-30;392
2020-06-29;"Bratislavský kraj";1;0;0;0;NA;86853;1;2020-06-29;389
2020-06-28;"Bratislavský kraj";0;0;0;0;NA;86853;0;2020-06-28;388
2020-06-27;"Bratislavský kraj";1;0;0;0;NA;86853;1;2020-06-27;388
2020-06-26;"Bratislavský kraj";6;0;0;0;NA;86853;6;2020-06-26;387
2020-06-25;"Bratislavský kraj";0;0;0;0;NA;86853;0;2020-06-25;381
2020-06-24;"Bratislavský kraj";3;0;0;0;NA;86853;3;2020-06-24;381
2020-06-23;"Bratislavský kraj";0;0;0;0;NA;86853;0;2020-06-23;378
2020-06-22;"Bratislavský kraj";1;0;0;0;NA;86853;1;2020-06-22;378
2020-06-21;"Bratislavský kraj";0;0;0;0;NA;86853;0;2020-06-21;377
2020-06-20;"Bratislavský kraj";0;0;0;0;NA;86853;0;2020-06-20;377
2020-06-19;"Bratislavský kraj";3;0;0;0;NA;86853;3;2020-06-19;377
2020-06-18;"Bratislavský kraj";0;0;0;0;NA;86853;0;2020-06-18;374
2020-06-17;"Bratislavský kraj";0;0;0;0;NA;86853;0;2020-06-17;374
2020-06-16;"Bratislavský kraj";0;0;0;0;NA;86853;0;2020-06-16;374
2020-06-14;"Bratislavský kraj";2;0;0;0;NA;86853;2;2020-06-14;374
2020-06-13;"Bratislavský kraj";1;0;0;0;NA;86853;1;2020-06-13;372
2020-06-12;"Bratislavský kraj";2;0;0;0;NA;86853;2;2020-06-12;371
2020-06-11;"Bratislavský kraj";0;0;0;0;NA;86853;0;2020-06-11;369
2020-06-10;"Bratislavský kraj";0;0;0;0;NA;86853;0;2020-06-10;369
2020-06-09;"Bratislavský kraj";0;0;0;0;NA;86853;0;2020-06-09;369
2020-06-08;"Bratislavský kraj";1;0;0;0;NA;86853;1;2020-06-08;369
2020-06-07;"Bratislavský kraj";0;0;0;0;NA;86853;0;2020-06-07;368
2020-06-05;"Bratislavský kraj";0;0;0;0;NA;86853;0;2020-06-05;368
2020-06-03;"Bratislavský kraj";1;0;0;0;NA;86853;1;2020-06-03;368
2020-06-02;"Bratislavský kraj";0;0;0;0;NA;86853;0;2020-06-02;367
2020-05-31;"Bratislavský kraj";0;0;0;0;NA;86853;0;2020-05-31;367
2020-05-29;"Bratislavský kraj";0;0;0;0;NA;86853;0;2020-05-29;367
2020-05-27;"Bratislavský kraj";1;0;0;0;NA;86853;1;2020-05-27;367
2020-05-26;"Bratislavský kraj";0;0;0;0;NA;86853;0;2020-05-26;366
2020-05-25;"Bratislavský kraj";0;0;0;0;NA;86853;0;2020-05-25;366
2020-05-24;"Bratislavský kraj";0;0;0;0;NA;86853;0;2020-05-24;366
2020-05-23;"Bratislavský kraj";2;0;0;0;NA;86853;2;2020-05-23;366
2020-05-22;"Bratislavský kraj";0;0;0;0;NA;86853;0;2020-05-22;364
2020-05-21;"Bratislavský kraj";0;0;0;0;NA;86853;0;2020-05-21;364
2020-05-20;"Bratislavský kraj";0;0;0;0;NA;86853;0;2020-05-20;364
2020-05-19;"Bratislavský kraj";0;0;0;0;NA;86853;0;2020-05-19;364
2020-05-17;"Bratislavský kraj";0;0;0;0;NA;86853;0;2020-05-17;364
2020-05-16;"Bratislavský kraj";0;0;0;0;NA;86853;0;2020-05-16;364
2020-05-15;"Bratislavský kraj";0;0;0;0;NA;86853;0;2020-05-15;364
2020-05-14;"Bratislavský kraj";0;0;0;0;NA;86853;0;2020-05-14;364
2020-05-13;"Bratislavský kraj";0;0;0;0;NA;86853;0;2020-05-13;364
2020-05-12;"Bratislavský kraj";2;0;0;0;NA;86853;2;2020-05-12;364
2020-05-11;"Bratislavský kraj";0;0;0;0;NA;86853;0;2020-05-11;362
2020-05-09;"Bratislavský kraj";0;0;0;0;NA;86853;0;2020-05-09;362
2020-05-07;"Bratislavský kraj";1;0;0;0;NA;86853;1;2020-05-07;362
2020-05-06;"Bratislavský kraj";3;0;0;0;NA;86853;3;2020-05-06;361
2020-05-05;"Bratislavský kraj";0;0;0;0;NA;86853;0;2020-05-05;358
2020-05-04;"Bratislavský kraj";0;0;0;0;NA;86853;0;2020-05-04;358
2020-05-03;"Bratislavský kraj";2;0;0;0;NA;86853;2;2020-05-03;358
2020-05-02;"Bratislavský kraj";0;0;0;0;NA;86853;0;2020-05-02;356
2020-05-01;"Bratislavský kraj";0;0;0;0;NA;86853;0;2020-05-01;356
2020-04-30;"Bratislavský kraj";5;0;0;0;NA;86853;5;2020-04-30;356
2020-04-29;"Bratislavský kraj";0;0;0;0;NA;86853;0;2020-04-29;351
2020-04-28;"Bratislavský kraj";2;0;0;0;NA;86853;2;2020-04-28;351
2020-04-27;"Bratislavský kraj";0;0;0;0;NA;86853;0;2020-04-27;349
2020-04-26;"Bratislavský kraj";1;0;0;0;NA;86853;1;2020-04-26;349
2020-04-25;"Bratislavský kraj";0;0;0;0;NA;86853;0;2020-04-25;348
2020-04-24;"Bratislavský kraj";2;0;0;0;NA;86853;2;2020-04-24;348
2020-04-23;"Bratislavský kraj";6;0;0;0;NA;86853;6;2020-04-23;346
2020-04-22;"Bratislavský kraj";11;0;0;0;NA;86853;11;2020-04-22;340
2020-04-21;"Bratislavský kraj";4;0;0;0;NA;86853;4;2020-04-21;329
2020-04-20;"Bratislavský kraj";0;0;0;0;NA;86853;0;2020-04-20;325
2020-04-19;"Bratislavský kraj";4;0;0;0;NA;86853;4;2020-04-19;325
2020-04-18;"Bratislavský kraj";5;0;0;0;NA;86853;5;2020-04-18;321
2020-04-17;"Bratislavský kraj";6;0;0;0;NA;86853;6;2020-04-17;316
2020-04-16;"Bratislavský kraj";15;0;0;0;NA;86853;15;2020-04-16;310
2020-04-15;"Bratislavský kraj";11;0;0;0;NA;86853;11;2020-04-15;295
2020-04-14;"Bratislavský kraj";19;0;0;0;NA;86853;19;2020-04-14;284
2020-04-13;"Bratislavský kraj";53;0;0;0;NA;86853;53;2020-04-13;265
2020-04-12;"Bratislavský kraj";3;0;0;0;NA;86853;3;2020-04-12;212
2020-04-11;"Bratislavský kraj";1;0;0;0;NA;86853;1;2020-04-11;209
2020-04-10;"Bratislavský kraj";8;0;0;0;NA;86853;8;2020-04-10;208
2020-04-09;"Bratislavský kraj";3;0;0;0;NA;86853;3;2020-04-09;200
2020-04-08;"Bratislavský kraj";3;0;0;0;NA;86853;3;2020-04-08;197
2020-04-07;"Bratislavský kraj";24;0;0;0;NA;86853;24;2020-04-07;194
2020-04-06;"Bratislavský kraj";5;0;0;0;NA;86853;5;2020-04-06;170
2020-04-05;"Bratislavský kraj";6;0;0;0;NA;86853;6;2020-04-05;165
2020-04-04;"Bratislavský kraj";2;0;0;0;NA;86853;2;2020-04-04;159
2020-04-03;"Bratislavský kraj";1;0;0;0;NA;86853;1;2020-04-03;157
2020-04-02;"Bratislavský kraj";2;0;0;0;NA;86853;2;2020-04-02;156
2020-04-01;"Bratislavský kraj";5;0;0;0;NA;86853;5;2020-04-01;154
2020-03-31;"Bratislavský kraj";19;0;0;0;NA;86853;19;2020-03-31;149
2020-03-30;"Bratislavský kraj";6;0;0;0;NA;86853;6;2020-03-30;130
2020-03-29;"Bratislavský kraj";8;0;0;0;NA;86853;8;2020-03-29;124
2020-03-28;"Bratislavský kraj";4;0;0;0;NA;86853;4;2020-03-28;116
2020-03-27;"Bratislavský kraj";3;0;0;0;NA;86853;3;2020-03-27;112
2020-03-26;"Bratislavský kraj";15;0;0;0;NA;86853;15;2020-03-26;109
2020-03-25;"Bratislavský kraj";1;0;0;0;NA;86853;1;2020-03-25;94
2020-03-24;"Bratislavský kraj";4;0;0;0;NA;86853;4;2020-03-24;93
2020-03-23;"Bratislavský kraj";9;0;0;0;NA;86853;9;2020-03-23;89
2020-03-22;"Bratislavský kraj";2;0;0;0;NA;86853;2;2020-03-22;80
2020-03-21;"Bratislavský kraj";22;0;0;0;NA;86853;22;2020-03-21;78
2020-03-20;"Bratislavský kraj";3;0;0;0;NA;86853;3;2020-03-20;56
2020-03-19;"Bratislavský kraj";4;0;0;0;NA;86853;4;2020-03-19;53
2020-03-18;"Bratislavský kraj";3;0;0;0;NA;86853;3;2020-03-18;49
2020-03-17;"Bratislavský kraj";13;0;0;0;NA;86853;13;2020-03-17;46
2020-03-16;"Bratislavský kraj";1;0;0;0;NA;86853;1;2020-03-16;33
2020-03-15;"Bratislavský kraj";4;0;0;0;NA;86853;4;2020-03-15;32
2020-03-14;"Bratislavský kraj";9;0;0;0;NA;86853;9;2020-03-14;28
2020-03-13;"Bratislavský kraj";2;0;0;0;NA;86853;2;2020-03-13;19
2020-03-12;"Bratislavský kraj";8;0;0;0;NA;86853;8;2020-03-12;17
2020-03-11;"Bratislavský kraj";3;0;0;0;NA;86853;3;2020-03-11;9
2020-03-09;"Bratislavský kraj";0;0;0;0;NA;86853;0;2020-03-09;6
2020-03-08;"Bratislavský kraj";2;0;0;0;NA;86853;2;2020-03-08;6
2020-03-07;"Bratislavský kraj";2;0;0;0;NA;86853;2;2020-03-07;4
2020-03-06;"Bratislavský kraj";1;0;0;0;NA;86853;1;2020-03-06;2
2021-04-13;"Košický kraj";81;22874;117;22991;50025;92196;198;2021-04-13;92196
2021-04-12;"Košický kraj";129;26804;123;26927;NA;92196;252;2021-04-12;91998
2021-04-11;"Košický kraj";29;46454;77;46531;NA;92196;106;2021-04-11;91746
2021-04-10;"Košický kraj";138;99966;187;100153;NA;92196;325;2021-04-10;91640
2021-04-09;"Košický kraj";168;35046;129;35175;NA;92196;297;2021-04-09;91315
2021-04-08;"Košický kraj";81;18214;89;18303;NA;92196;170;2021-04-08;91018
2021-04-07;"Košický kraj";232;27911;193;28104;NA;92196;425;2021-04-07;90848
2021-04-06;"Košický kraj";121;36474;163;36637;NA;92196;284;2021-04-06;90423
2021-04-05;"Košický kraj";19;14524;65;14589;NA;92196;84;2021-04-05;90139
2021-04-04;"Košický kraj";33;14994;68;15062;NA;92196;101;2021-04-04;90055
2021-04-03;"Košický kraj";138;96413;238;96651;NA;92196;376;2021-04-03;89954
2021-04-02;"Košický kraj";128;24165;86;24251;NA;92196;214;2021-04-02;89578
2021-04-01;"Košický kraj";165;46076;146;46222;NA;92196;311;2021-04-01;89364
2021-03-31;"Košický kraj";160;29808;127;29935;NA;92196;287;2021-03-31;89053
2021-03-30;"Košický kraj";229;24108;163;24271;NA;92196;392;2021-03-30;88766
2021-03-29;"Košický kraj";78;28676;192;28868;NA;92196;270;2021-03-29;88374
2021-03-28;"Košický kraj";39;44263;128;44391;NA;92196;167;2021-03-28;88104
2021-03-27;"Košický kraj";222;96686;267;96953;NA;92196;489;2021-03-27;87937
2021-03-26;"Košický kraj";233;45260;202;45462;NA;92196;435;2021-03-26;87448
2021-03-25;"Košický kraj";133;23793;174;23967;NA;92196;307;2021-03-25;87013
2021-03-24;"Košický kraj";165;20685;157;20842;NA;92196;322;2021-03-24;86706
2021-03-23;"Košický kraj";202;22480;190;22670;NA;92196;392;2021-03-23;86384
2021-03-22;"Košický kraj";169;26742;227;26969;NA;92196;396;2021-03-22;85992
2021-03-21;"Košický kraj";109;46792;167;46959;NA;92196;276;2021-03-21;85596
2021-03-20;"Košický kraj";126;101376;315;101691;NA;92196;441;2021-03-20;85320
2021-03-19;"Košický kraj";205;45707;258;45965;NA;92196;463;2021-03-19;84879
2021-03-18;"Košický kraj";274;23831;211;24042;NA;92196;485;2021-03-18;84416
2021-03-17;"Košický kraj";177;21559;197;21756;NA;92196;374;2021-03-17;83931
2021-03-16;"Košický kraj";386;23441;226;23667;NA;92196;612;2021-03-16;83557
2021-03-15;"Košický kraj";173;27794;294;28088;NA;92196;467;2021-03-15;82945
2021-03-14;"Košický kraj";145;44419;226;44645;NA;92196;371;2021-03-14;82478
2021-03-13;"Košický kraj";146;103822;481;104303;NA;92196;627;2021-03-13;82107
2021-03-12;"Košický kraj";366;47841;320;48161;NA;92196;686;2021-03-12;81480
2021-03-11;"Košický kraj";396;23225;261;23486;NA;92196;657;2021-03-11;80794
2021-03-10;"Košický kraj";121;22199;268;22467;NA;92196;389;2021-03-10;80137
2021-03-09;"Košický kraj";676;24524;301;24825;NA;92196;977;2021-03-09;79748
2021-03-08;"Košický kraj";559;29679;342;30021;NA;92196;901;2021-03-08;78771
2021-03-07;"Košický kraj";45;44274;299;44573;NA;92196;344;2021-03-07;77870
2021-03-06;"Košický kraj";177;105659;536;106195;NA;92196;713;2021-03-06;77526
2021-03-05;"Košický kraj";439;45564;422;45986;NA;92196;861;2021-03-05;76813
2021-03-04;"Košický kraj";417;23862;321;24183;NA;92196;738;2021-03-04;75952
2021-03-03;"Košický kraj";390;23141;297;23438;NA;92196;687;2021-03-03;75214
2021-03-02;"Košický kraj";464;24158;372;24530;NA;92196;836;2021-03-02;74527
2021-03-01;"Košický kraj";389;29980;512;30492;NA;92196;901;2021-03-01;73691
2021-02-28;"Košický kraj";265;43053;334;43387;NA;92196;599;2021-02-28;72790
2021-02-27;"Košický kraj";301;101274;787;102061;NA;92196;1088;2021-02-27;72191
2021-02-26;"Košický kraj";440;45466;492;45958;NA;92196;932;2021-02-26;71103
2021-02-25;"Košický kraj";331;19872;342;20214;NA;92196;673;2021-02-25;70171
2021-02-24;"Košický kraj";263;18815;506;19321;NA;92196;769;2021-02-24;69498
2021-02-23;"Košický kraj";642;21592;341;21933;NA;92196;983;2021-02-23;68729
2021-02-22;"Košický kraj";362;30830;434;31264;NA;92196;796;2021-02-22;67746
2021-02-21;"Košický kraj";170;40464;385;40849;NA;92196;555;2021-02-21;66950
2021-02-20;"Košický kraj";283;92550;770;93320;NA;92196;1053;2021-02-20;66395
2021-02-19;"Košický kraj";507;42016;586;42602;NA;92196;1093;2021-02-19;65342
2021-02-18;"Košický kraj";397;18442;345;18787;NA;92196;742;2021-02-18;64249
2021-02-17;"Košický kraj";322;18080;387;18467;NA;92196;709;2021-02-17;63507
2021-02-16;"Košický kraj";600;22137;463;22600;NA;92196;1063;2021-02-16;62798
2021-02-15;"Košický kraj";216;27633;419;28052;NA;92196;635;2021-02-15;61735
2021-02-14;"Košický kraj";241;56743;524;57267;NA;92196;765;2021-02-14;61100
2021-02-13;"Košický kraj";206;93559;765;94324;NA;92196;971;2021-02-13;60335
2021-02-12;"Košický kraj";448;50169;611;50780;NA;92196;1059;2021-02-12;59364
2021-02-11;"Košický kraj";435;14524;323;14847;NA;92196;758;2021-02-11;58305
2021-02-10;"Košický kraj";360;18475;431;18906;NA;92196;791;2021-02-10;57547
2021-02-09;"Košický kraj";545;24920;464;25384;NA;92196;1009;2021-02-09;56756
2021-02-08;"Košický kraj";237;27685;418;28103;NA;92196;655;2021-02-08;55747
2021-02-07;"Košický kraj";208;56897;612;57509;NA;92196;820;2021-02-07;55092
2021-02-06;"Košický kraj";318;101420;857;102277;NA;92196;1175;2021-02-06;54272
2021-02-05;"Košický kraj";384;43337;499;43836;NA;92196;883;2021-02-05;53097
2021-02-04;"Košický kraj";391;14721;370;15091;NA;92196;761;2021-02-04;52214
2021-02-03;"Košický kraj";296;32758;1111;33869;NA;92196;1407;2021-02-03;51453
2021-02-02;"Košický kraj";473;23465;438;23903;NA;92196;911;2021-02-02;50046
2021-02-01;"Košický kraj";415;21891;363;22254;NA;92196;778;2021-02-01;49135
2021-01-31;"Košický kraj";142;54144;609;54753;NA;92196;751;2021-01-31;48357
2021-01-30;"Košický kraj";320;76985;673;77658;NA;92196;993;2021-01-30;47606
2021-01-29;"Košický kraj";311;37131;456;37587;NA;92196;767;2021-01-29;46613
2021-01-28;"Košický kraj";540;9025;247;9272;NA;92196;787;2021-01-28;45846
2021-01-27;"Košický kraj";265;7484;207;7691;NA;92196;472;2021-01-27;45059
2021-01-26;"Košický kraj";530;14256;246;14502;NA;92196;776;2021-01-26;44587
2021-01-25;"Košický kraj";226;26430;413;26843;NA;92196;639;2021-01-25;43811
2021-01-24;"Košický kraj";150;45108;595;45703;NA;92196;745;2021-01-24;43172
2021-01-23;"Košický kraj";232;82016;843;82859;NA;92196;1075;2021-01-23;42427
2021-01-22;"Košický kraj";316;19997;265;20262;NA;92196;581;2021-01-22;41352
2021-01-21;"Košický kraj";274;14047;158;14205;NA;92196;432;2021-01-21;40771
2021-01-20;"Košický kraj";374;10843;201;11044;NA;92196;575;2021-01-20;40339
2021-01-19;"Košický kraj";248;9853;182;10035;NA;92196;430;2021-01-19;39764
2021-01-18;"Košický kraj";333;7523;261;7784;NA;92196;594;2021-01-18;39334
2021-01-17;"Košický kraj";155;535;14;549;NA;92196;169;2021-01-17;38740
2021-01-16;"Košický kraj";153;1403;47;1450;NA;92196;200;2021-01-16;38571
2021-01-15;"Košický kraj";308;6443;213;6656;NA;92196;521;2021-01-15;38371
2021-01-14;"Košický kraj";358;5471;221;5692;NA;92196;579;2021-01-14;37850
2021-01-13;"Košický kraj";421;4897;226;5123;NA;92196;647;2021-01-13;37271
2021-01-12;"Košický kraj";482;6689;258;6947;NA;92196;740;2021-01-12;36624
2021-01-11;"Košický kraj";309;7945;304;8249;NA;92196;613;2021-01-11;35884
2021-01-10;"Košický kraj";193;136;6;142;NA;92196;199;2021-01-10;35271
2021-01-09;"Košický kraj";469;1134;45;1179;NA;92196;514;2021-01-09;35072
2021-01-08;"Košický kraj";551;8222;388;8610;NA;92196;939;2021-01-08;34558
2021-01-07;"Košický kraj";251;6566;434;7000;NA;92196;685;2021-01-07;33619
2021-01-06;"Košický kraj";442;429;33;462;NA;92196;475;2021-01-06;32934
2021-01-05;"Košický kraj";584;8100;560;8660;NA;92196;1144;2021-01-05;32459
2021-01-04;"Košický kraj";407;7113;737;7850;NA;92196;1144;2021-01-04;31315
2021-01-03;"Košický kraj";118;661;22;683;NA;92196;140;2021-01-03;30171
2021-01-02;"Košický kraj";88;440;52;492;NA;92196;140;2021-01-02;30031
2021-01-01;"Košický kraj";398;725;49;774;NA;92196;447;2021-01-01;29891
2020-12-31;"Košický kraj";625;7877;461;8338;NA;92196;1086;2020-12-31;29444
2020-12-30;"Košický kraj";590;6477;412;6889;NA;92196;1002;2020-12-30;28358
2020-12-29;"Košický kraj";419;7573;605;8178;NA;92196;1024;2020-12-29;27356
2020-12-28;"Košický kraj";356;8296;804;9100;NA;92196;1160;2020-12-28;26332
2020-12-27;"Košický kraj";159;147;16;163;NA;92196;175;2020-12-27;25172
2020-12-26;"Košický kraj";163;274;23;297;NA;92196;186;2020-12-26;24997
2020-12-25;"Košický kraj";237;140;10;150;NA;92196;247;2020-12-25;24811
2020-12-24;"Košický kraj";564;1470;90;1560;NA;92196;654;2020-12-24;24564
2020-12-23;"Košický kraj";304;7942;354;8296;NA;92196;658;2020-12-23;23910
2020-12-22;"Košický kraj";438;7920;459;8379;NA;92196;897;2020-12-22;23252
2020-12-21;"Košický kraj";405;6984;509;7493;NA;92196;914;2020-12-21;22355
2020-12-20;"Košický kraj";215;73;11;84;NA;92196;226;2020-12-20;21441
2020-12-19;"Košický kraj";207;1309;63;1372;NA;92196;270;2020-12-19;21215
2020-12-18;"Košický kraj";310;8484;326;8810;NA;92196;636;2020-12-18;20945
2020-12-17;"Košický kraj";463;5292;255;5547;NA;92196;718;2020-12-17;20309
2020-12-16;"Košický kraj";455;5898;316;6214;NA;92196;771;2020-12-16;19591
2020-12-15;"Košický kraj";319;5086;338;5424;NA;92196;657;2020-12-15;18820
2020-12-14;"Košický kraj";256;3401;264;3665;NA;92196;520;2020-12-14;18163
2020-12-13;"Košický kraj";47;181;2;183;NA;92196;49;2020-12-13;17643
2020-12-12;"Košický kraj";369;1587;118;1705;NA;92196;487;2020-12-12;17594
2020-12-11;"Košický kraj";354;5461;258;5719;NA;92196;612;2020-12-11;17107
2020-12-10;"Košický kraj";283;4064;176;4240;NA;92196;459;2020-12-10;16495
2020-12-09;"Košický kraj";279;3786;166;3952;NA;92196;445;2020-12-09;16036
2020-12-08;"Košický kraj";226;4105;355;4460;NA;92196;581;2020-12-08;15591
2020-12-07;"Košický kraj";270;2383;106;2489;NA;92196;376;2020-12-07;15010
2020-12-06;"Košický kraj";121;97;20;117;NA;92196;141;2020-12-06;14634
2020-12-05;"Košický kraj";90;1096;48;1144;NA;92196;138;2020-12-05;14493
2020-12-04;"Košický kraj";224;2680;82;2762;NA;92196;306;2020-12-04;14355
2020-12-03;"Košický kraj";211;7717;173;7890;NA;92196;384;2020-12-03;14049
2020-12-02;"Košický kraj";193;8132;496;8628;NA;92196;689;2020-12-02;13665
2020-12-01;"Košický kraj";178;2237;124;2361;NA;92196;302;2020-12-01;12976
2020-11-30;"Košický kraj";171;3645;58;3703;NA;92196;229;2020-11-30;12674
2020-11-29;"Košický kraj";31;325;17;342;NA;92196;48;2020-11-29;12445
2020-11-28;"Košický kraj";69;721;52;773;NA;92196;121;2020-11-28;12397
2020-11-27;"Košický kraj";149;2921;78;2999;NA;92196;227;2020-11-27;12276
2020-11-26;"Košický kraj";239;1234;60;1294;NA;92196;299;2020-11-26;12049
2020-11-25;"Košický kraj";237;1785;123;1908;NA;92196;360;2020-11-25;11750
2020-11-24;"Košický kraj";196;1976;67;2043;NA;92196;263;2020-11-24;11390
2020-11-23;"Košický kraj";51;4115;63;4178;NA;92196;114;2020-11-23;11127
2020-11-22;"Košický kraj";57;57;5;62;NA;92196;62;2020-11-22;11013
2020-11-21;"Košický kraj";87;858;36;894;NA;92196;123;2020-11-21;10951
2020-11-20;"Košický kraj";176;3084;49;3133;NA;92196;225;2020-11-20;10828
2020-11-19;"Košický kraj";206;1736;48;1784;NA;92196;254;2020-11-19;10603
2020-11-18;"Košický kraj";122;532;17;549;NA;92196;139;2020-11-18;10349
2020-11-17;"Košický kraj";152;82;9;91;NA;92196;161;2020-11-17;10210
2020-11-16;"Košický kraj";114;596;27;623;NA;92196;141;2020-11-16;10049
2020-11-15;"Košický kraj";15;338;7;345;NA;92196;22;2020-11-15;9908
2020-11-14;"Košický kraj";234;520;12;532;NA;92196;246;2020-11-14;9886
2020-11-13;"Košický kraj";207;664;29;693;NA;92196;236;2020-11-13;9640
2020-11-12;"Košický kraj";192;736;13;749;NA;92196;205;2020-11-12;9404
2020-11-11;"Košický kraj";301;593;7;600;NA;92196;308;2020-11-11;9199
2020-11-10;"Košický kraj";190;541;11;552;NA;92196;201;2020-11-10;8891
2020-11-09;"Košický kraj";129;380;17;397;NA;92196;146;2020-11-09;8690
2020-11-08;"Košický kraj";78;1306;8;1314;NA;92196;86;2020-11-08;8544
2020-11-07;"Košický kraj";192;3909;22;3931;NA;92196;214;2020-11-07;8458
2020-11-06;"Košický kraj";195;5310;34;5344;NA;92196;229;2020-11-06;8244
2020-11-05;"Košický kraj";342;330;31;361;NA;92196;373;2020-11-05;8015
2020-11-04;"Košický kraj";101;154;6;160;NA;92196;107;2020-11-04;7642
2020-11-03;"Košický kraj";358;1122;13;1135;NA;92196;371;2020-11-03;7535
2020-11-02;"Košický kraj";111;6125;56;6181;NA;92196;167;2020-11-02;7164
2020-11-01;"Košický kraj";346;6522;34;6556;NA;92196;380;2020-11-01;6997
2020-10-31;"Košický kraj";82;14035;106;14141;NA;92196;188;2020-10-31;6617
2020-10-30;"Košický kraj";379;2835;27;2862;NA;92196;406;2020-10-30;6429
2020-10-29;"Košický kraj";333;983;13;996;NA;92196;346;2020-10-29;6023
2020-10-28;"Košický kraj";224;305;13;318;NA;92196;237;2020-10-28;5677
2020-10-27;"Košický kraj";386;439;21;460;NA;92196;407;2020-10-27;5440
2020-10-26;"Košický kraj";56;227;12;239;NA;92196;68;2020-10-26;5033
2020-10-25;"Košický kraj";154;79;2;81;NA;92196;156;2020-10-25;4965
2020-10-24;"Košický kraj";313;118;16;134;NA;92196;329;2020-10-24;4809
2020-10-23;"Košický kraj";315;331;8;339;NA;92196;323;2020-10-23;4480
2020-10-22;"Košický kraj";349;530;16;546;NA;92196;365;2020-10-22;4157
2020-10-21;"Košický kraj";129;84;2;86;NA;92196;131;2020-10-21;3792
2020-10-20;"Košický kraj";181;14;1;15;NA;92196;182;2020-10-20;3661
2020-10-19;"Košický kraj";64;38;1;39;NA;92196;65;2020-10-19;3479
2020-10-18;"Košický kraj";158;0;0;0;NA;92196;158;2020-10-18;3414
2020-10-17;"Košický kraj";142;0;0;0;NA;92196;142;2020-10-17;3256
2020-10-16;"Košický kraj";206;19;0;19;NA;92196;206;2020-10-16;3114
2020-10-15;"Košický kraj";177;19;5;24;NA;92196;182;2020-10-15;2908
2020-10-14;"Košický kraj";211;8;0;8;NA;92196;211;2020-10-14;2726
2020-10-13;"Košický kraj";179;80;3;83;NA;92196;182;2020-10-13;2515
2020-10-12;"Košický kraj";74;0;0;0;NA;92196;74;2020-10-12;2333
2020-10-11;"Košický kraj";121;0;0;0;NA;92196;121;2020-10-11;2259
2020-10-10;"Košický kraj";70;0;0;0;NA;92196;70;2020-10-10;2138
2020-10-09;"Košický kraj";188;0;0;0;NA;92196;188;2020-10-09;2068
2020-10-08;"Košický kraj";102;0;0;0;NA;92196;102;2020-10-08;1880
2020-10-07;"Košický kraj";158;0;0;0;NA;92196;158;2020-10-07;1778
2020-10-06;"Košický kraj";70;0;0;0;NA;92196;70;2020-10-06;1620
2020-10-05;"Košický kraj";39;0;0;0;NA;92196;39;2020-10-05;1550
2020-10-04;"Košický kraj";45;0;0;0;NA;92196;45;2020-10-04;1511
2020-10-03;"Košický kraj";105;0;0;0;NA;92196;105;2020-10-03;1466
2020-10-02;"Košický kraj";57;0;0;0;NA;92196;57;2020-10-02;1361
2020-10-01;"Košický kraj";69;0;0;0;NA;92196;69;2020-10-01;1304
2020-09-30;"Košický kraj";95;0;0;0;NA;92196;95;2020-09-30;1235
2020-09-29;"Košický kraj";75;0;0;0;NA;92196;75;2020-09-29;1140
2020-09-28;"Košický kraj";19;0;0;0;NA;92196;19;2020-09-28;1065
2020-09-27;"Košický kraj";21;0;0;0;NA;92196;21;2020-09-27;1046
2020-09-26;"Košický kraj";53;0;0;0;NA;92196;53;2020-09-26;1025
2020-09-25;"Košický kraj";72;0;0;0;NA;92196;72;2020-09-25;972
2020-09-24;"Košický kraj";35;0;0;0;NA;92196;35;2020-09-24;900
2020-09-23;"Košický kraj";23;0;0;0;NA;92196;23;2020-09-23;865
2020-09-22;"Košický kraj";39;0;0;0;NA;92196;39;2020-09-22;842
2020-09-21;"Košický kraj";5;0;0;0;NA;92196;5;2020-09-21;803
2020-09-20;"Košický kraj";3;0;0;0;NA;92196;3;2020-09-20;798
2020-09-19;"Košický kraj";13;0;0;0;NA;92196;13;2020-09-19;795
2020-09-18;"Košický kraj";20;0;0;0;NA;92196;20;2020-09-18;782
2020-09-17;"Košický kraj";22;0;0;0;NA;92196;22;2020-09-17;762
2020-09-16;"Košický kraj";12;0;0;0;NA;92196;12;2020-09-16;740
2020-09-15;"Košický kraj";10;0;0;0;NA;92196;10;2020-09-15;728
2020-09-14;"Košický kraj";6;0;0;0;NA;92196;6;2020-09-14;718
2020-09-13;"Košický kraj";3;0;0;0;NA;92196;3;2020-09-13;712
2020-09-12;"Košický kraj";16;0;0;0;NA;92196;16;2020-09-12;709
2020-09-11;"Košický kraj";20;0;0;0;NA;92196;20;2020-09-11;693
2020-09-10;"Košický kraj";11;0;0;0;NA;92196;11;2020-09-10;673
2020-09-09;"Košický kraj";37;0;0;0;NA;92196;37;2020-09-09;662
2020-09-08;"Košický kraj";10;0;0;0;NA;92196;10;2020-09-08;625
2020-09-07;"Košický kraj";4;0;0;0;NA;92196;4;2020-09-07;615
2020-09-06;"Košický kraj";2;0;0;0;NA;92196;2;2020-09-06;611
2020-09-05;"Košický kraj";10;0;0;0;NA;92196;10;2020-09-05;609
2020-09-04;"Košický kraj";14;0;0;0;NA;92196;14;2020-09-04;599
2020-09-03;"Košický kraj";22;0;0;0;NA;92196;22;2020-09-03;585
2020-09-02;"Košický kraj";13;0;0;0;NA;92196;13;2020-09-02;563
2020-09-01;"Košický kraj";21;0;0;0;NA;92196;21;2020-09-01;550
2020-08-31;"Košický kraj";9;0;0;0;NA;92196;9;2020-08-31;529
2020-08-30;"Košický kraj";21;0;0;0;NA;92196;21;2020-08-30;520
2020-08-29;"Košický kraj";1;0;0;0;NA;92196;1;2020-08-29;499
2020-08-28;"Košický kraj";19;0;0;0;NA;92196;19;2020-08-28;498
2020-08-27;"Košický kraj";15;0;0;0;NA;92196;15;2020-08-27;479
2020-08-26;"Košický kraj";8;0;0;0;NA;92196;8;2020-08-26;464
2020-08-25;"Košický kraj";23;0;0;0;NA;92196;23;2020-08-25;456
2020-08-24;"Košický kraj";6;0;0;0;NA;92196;6;2020-08-24;433
2020-08-23;"Košický kraj";8;0;0;0;NA;92196;8;2020-08-23;427
2020-08-22;"Košický kraj";13;0;0;0;NA;92196;13;2020-08-22;419
2020-08-21;"Košický kraj";10;0;0;0;NA;92196;10;2020-08-21;406
2020-08-20;"Košický kraj";10;0;0;0;NA;92196;10;2020-08-20;396
2020-08-19;"Košický kraj";3;0;0;0;NA;92196;3;2020-08-19;386
2020-08-18;"Košický kraj";7;0;0;0;NA;92196;7;2020-08-18;383
2020-08-17;"Košický kraj";2;0;0;0;NA;92196;2;2020-08-17;376
2020-08-16;"Košický kraj";2;0;0;0;NA;92196;2;2020-08-16;374
2020-08-15;"Košický kraj";3;0;0;0;NA;92196;3;2020-08-15;372
2020-08-14;"Košický kraj";1;0;0;0;NA;92196;1;2020-08-14;369
2020-08-13;"Košický kraj";3;0;0;0;NA;92196;3;2020-08-13;368
2020-08-12;"Košický kraj";12;0;0;0;NA;92196;12;2020-08-12;365
2020-08-11;"Košický kraj";5;0;0;0;NA;92196;5;2020-08-11;353
2020-08-10;"Košický kraj";1;0;0;0;NA;92196;1;2020-08-10;348
2020-08-09;"Košický kraj";0;0;0;0;NA;92196;0;2020-08-09;347
2020-08-08;"Košický kraj";5;0;0;0;NA;92196;5;2020-08-08;347
2020-08-07;"Košický kraj";7;0;0;0;NA;92196;7;2020-08-07;342
2020-08-06;"Košický kraj";3;0;0;0;NA;92196;3;2020-08-06;335
2020-08-05;"Košický kraj";4;0;0;0;NA;92196;4;2020-08-05;332
2020-08-04;"Košický kraj";1;0;0;0;NA;92196;1;2020-08-04;328
2020-08-03;"Košický kraj";1;0;0;0;NA;92196;1;2020-08-03;327
2020-08-02;"Košický kraj";0;0;0;0;NA;92196;0;2020-08-02;326
2020-08-01;"Košický kraj";0;0;0;0;NA;92196;0;2020-08-01;326
2020-07-31;"Košický kraj";0;0;0;0;NA;92196;0;2020-07-31;326
2020-07-30;"Košický kraj";2;0;0;0;NA;92196;2;2020-07-30;326
2020-07-29;"Košický kraj";1;0;0;0;NA;92196;1;2020-07-29;324
2020-07-28;"Košický kraj";9;0;0;0;NA;92196;9;2020-07-28;323
2020-07-27;"Košický kraj";4;0;0;0;NA;92196;4;2020-07-27;314
2020-07-26;"Košický kraj";0;0;0;0;NA;92196;0;2020-07-26;310
2020-07-25;"Košický kraj";2;0;0;0;NA;92196;2;2020-07-25;310
2020-07-24;"Košický kraj";2;0;0;0;NA;92196;2;2020-07-24;308
2020-07-23;"Košický kraj";1;0;0;0;NA;92196;1;2020-07-23;306
2020-07-22;"Košický kraj";1;0;0;0;NA;92196;1;2020-07-22;305
2020-07-21;"Košický kraj";0;0;0;0;NA;92196;0;2020-07-21;304
2020-07-20;"Košický kraj";0;0;0;0;NA;92196;0;2020-07-20;304
2020-07-19;"Košický kraj";0;0;0;0;NA;92196;0;2020-07-19;304
2020-07-18;"Košický kraj";1;0;0;0;NA;92196;1;2020-07-18;304
2020-07-17;"Košický kraj";1;0;0;0;NA;92196;1;2020-07-17;303
2020-07-16;"Košický kraj";0;0;0;0;NA;92196;0;2020-07-16;302
2020-07-15;"Košický kraj";2;0;0;0;NA;92196;2;2020-07-15;302
2020-07-14;"Košický kraj";1;0;0;0;NA;92196;1;2020-07-14;300
2020-07-13;"Košický kraj";1;0;0;0;NA;92196;1;2020-07-13;299
2020-07-12;"Košický kraj";0;0;0;0;NA;92196;0;2020-07-12;298
2020-07-11;"Košický kraj";0;0;0;0;NA;92196;0;2020-07-11;298
2020-07-10;"Košický kraj";1;0;0;0;NA;92196;1;2020-07-10;298
2020-07-09;"Košický kraj";1;0;0;0;NA;92196;1;2020-07-09;297
2020-07-08;"Košický kraj";12;0;0;0;NA;92196;12;2020-07-08;296
2020-07-07;"Košický kraj";0;0;0;0;NA;92196;0;2020-07-07;284
2020-07-06;"Košický kraj";0;0;0;0;NA;92196;0;2020-07-06;284
2020-07-05;"Košický kraj";0;0;0;0;NA;92196;0;2020-07-05;284
2020-07-04;"Košický kraj";0;0;0;0;NA;92196;0;2020-07-04;284
2020-07-03;"Košický kraj";1;0;0;0;NA;92196;1;2020-07-03;284
2020-07-02;"Košický kraj";0;0;0;0;NA;92196;0;2020-07-02;283
2020-07-01;"Košický kraj";1;0;0;0;NA;92196;1;2020-07-01;283
2020-06-30;"Košický kraj";0;0;0;0;NA;92196;0;2020-06-30;282
2020-06-29;"Košický kraj";0;0;0;0;NA;92196;0;2020-06-29;282
2020-06-28;"Košický kraj";0;0;0;0;NA;92196;0;2020-06-28;282
2020-06-27;"Košický kraj";0;0;0;0;NA;92196;0;2020-06-27;282
2020-06-26;"Košický kraj";0;0;0;0;NA;92196;0;2020-06-26;282
2020-06-25;"Košický kraj";3;0;0;0;NA;92196;3;2020-06-25;282
2020-06-24;"Košický kraj";3;0;0;0;NA;92196;3;2020-06-24;279
2020-06-23;"Košický kraj";3;0;0;0;NA;92196;3;2020-06-23;276
2020-06-22;"Košický kraj";0;0;0;0;NA;92196;0;2020-06-22;273
2020-06-21;"Košický kraj";0;0;0;0;NA;92196;0;2020-06-21;273
2020-06-20;"Košický kraj";0;0;0;0;NA;92196;0;2020-06-20;273
2020-06-19;"Košický kraj";0;0;0;0;NA;92196;0;2020-06-19;273
2020-06-18;"Košický kraj";1;0;0;0;NA;92196;1;2020-06-18;273
2020-06-17;"Košický kraj";0;0;0;0;NA;92196;0;2020-06-17;272
2020-06-16;"Košický kraj";2;0;0;0;NA;92196;2;2020-06-16;272
2020-06-14;"Košický kraj";0;0;0;0;NA;92196;0;2020-06-14;270
2020-06-13;"Košický kraj";0;0;0;0;NA;92196;0;2020-06-13;270
2020-06-12;"Košický kraj";0;0;0;0;NA;92196;0;2020-06-12;270
2020-06-11;"Košický kraj";0;0;0;0;NA;92196;0;2020-06-11;270
2020-06-10;"Košický kraj";6;0;0;0;NA;92196;6;2020-06-10;270
2020-06-09;"Košický kraj";0;0;0;0;NA;92196;0;2020-06-09;264
2020-06-08;"Košický kraj";0;0;0;0;NA;92196;0;2020-06-08;264
2020-06-07;"Košický kraj";2;0;0;0;NA;92196;2;2020-06-07;264
2020-06-05;"Košický kraj";0;0;0;0;NA;92196;0;2020-06-05;262
2020-06-03;"Košický kraj";0;0;0;0;NA;92196;0;2020-06-03;262
2020-06-02;"Košický kraj";1;0;0;0;NA;92196;1;2020-06-02;262
2020-05-31;"Košický kraj";0;0;0;0;NA;92196;0;2020-05-31;261
2020-05-29;"Košický kraj";1;0;0;0;NA;92196;1;2020-05-29;261
2020-05-27;"Košický kraj";0;0;0;0;NA;92196;0;2020-05-27;260
2020-05-26;"Košický kraj";1;0;0;0;NA;92196;1;2020-05-26;260
2020-05-25;"Košický kraj";1;0;0;0;NA;92196;1;2020-05-25;259
2020-05-24;"Košický kraj";0;0;0;0;NA;92196;0;2020-05-24;258
2020-05-23;"Košický kraj";0;0;0;0;NA;92196;0;2020-05-23;258
2020-05-22;"Košický kraj";0;0;0;0;NA;92196;0;2020-05-22;258
2020-05-21;"Košický kraj";0;0;0;0;NA;92196;0;2020-05-21;258
2020-05-20;"Košický kraj";3;0;0;0;NA;92196;3;2020-05-20;258
2020-05-19;"Košický kraj";0;0;0;0;NA;92196;0;2020-05-19;255
2020-05-17;"Košický kraj";1;0;0;0;NA;92196;1;2020-05-17;255
2020-05-16;"Košický kraj";1;0;0;0;NA;92196;1;2020-05-16;254
2020-05-15;"Košický kraj";10;0;0;0;NA;92196;10;2020-05-15;253
2020-05-14;"Košický kraj";1;0;0;0;NA;92196;1;2020-05-14;243
2020-05-13;"Košický kraj";6;0;0;0;NA;92196;6;2020-05-13;242
2020-05-12;"Košický kraj";0;0;0;0;NA;92196;0;2020-05-12;236
2020-05-11;"Košický kraj";0;0;0;0;NA;92196;0;2020-05-11;236
2020-05-09;"Košický kraj";0;0;0;0;NA;92196;0;2020-05-09;236
2020-05-07;"Košický kraj";0;0;0;0;NA;92196;0;2020-05-07;236
2020-05-06;"Košický kraj";1;0;0;0;NA;92196;1;2020-05-06;236
2020-05-05;"Košický kraj";0;0;0;0;NA;92196;0;2020-05-05;235
2020-05-04;"Košický kraj";0;0;0;0;NA;92196;0;2020-05-04;235
2020-05-03;"Košický kraj";0;0;0;0;NA;92196;0;2020-05-03;235
2020-05-02;"Košický kraj";1;0;0;0;NA;92196;1;2020-05-02;235
2020-05-01;"Košický kraj";0;0;0;0;NA;92196;0;2020-05-01;234
2020-04-30;"Košický kraj";1;0;0;0;NA;92196;1;2020-04-30;234
2020-04-29;"Košický kraj";1;0;0;0;NA;92196;1;2020-04-29;233
2020-04-28;"Košický kraj";1;0;0;0;NA;92196;1;2020-04-28;232
2020-04-27;"Košický kraj";1;0;0;0;NA;92196;1;2020-04-27;231
2020-04-26;"Košický kraj";0;0;0;0;NA;92196;0;2020-04-26;230
2020-04-25;"Košický kraj";0;0;0;0;NA;92196;0;2020-04-25;230
2020-04-24;"Košický kraj";3;0;0;0;NA;92196;3;2020-04-24;230
2020-04-23;"Košický kraj";4;0;0;0;NA;92196;4;2020-04-23;227
2020-04-22;"Košický kraj";21;0;0;0;NA;92196;21;2020-04-22;223
2020-04-21;"Košický kraj";4;0;0;0;NA;92196;4;2020-04-21;202
2020-04-20;"Košický kraj";0;0;0;0;NA;92196;0;2020-04-20;198
2020-04-19;"Košický kraj";1;0;0;0;NA;92196;1;2020-04-19;198
2020-04-18;"Košický kraj";2;0;0;0;NA;92196;2;2020-04-18;197
2020-04-17;"Košický kraj";7;0;0;0;NA;92196;7;2020-04-17;195
2020-04-16;"Košický kraj";29;0;0;0;NA;92196;29;2020-04-16;188
2020-04-15;"Košický kraj";50;0;0;0;NA;92196;50;2020-04-15;159
2020-04-14;"Košický kraj";4;0;0;0;NA;92196;4;2020-04-14;109
2020-04-13;"Košický kraj";5;0;0;0;NA;92196;5;2020-04-13;105
2020-04-12;"Košický kraj";4;0;0;0;NA;92196;4;2020-04-12;100
2020-04-11;"Košický kraj";2;0;0;0;NA;92196;2;2020-04-11;96
2020-04-10;"Košický kraj";1;0;0;0;NA;92196;1;2020-04-10;94
2020-04-09;"Košický kraj";4;0;0;0;NA;92196;4;2020-04-09;93
2020-04-08;"Košický kraj";5;2;0;2;NA;92196;5;2020-04-08;89
2020-04-07;"Košický kraj";34;0;0;0;NA;92196;34;2020-04-07;84
2020-04-06;"Košický kraj";6;0;0;0;NA;92196;6;2020-04-06;50
2020-04-05;"Košický kraj";4;0;0;0;NA;92196;4;2020-04-05;44
2020-04-04;"Košický kraj";5;0;0;0;NA;92196;5;2020-04-04;40
2020-04-03;"Košický kraj";4;0;0;0;NA;92196;4;2020-04-03;35
2020-04-02;"Košický kraj";3;0;0;0;NA;92196;3;2020-04-02;31
2020-04-01;"Košický kraj";3;0;0;0;NA;92196;3;2020-04-01;28
2020-03-31;"Košický kraj";1;0;0;0;NA;92196;1;2020-03-31;25
2020-03-30;"Košický kraj";5;0;0;0;NA;92196;5;2020-03-30;24
2020-03-29;"Košický kraj";0;0;0;0;NA;92196;0;2020-03-29;19
2020-03-28;"Košický kraj";1;0;0;0;NA;92196;1;2020-03-28;19
2020-03-27;"Košický kraj";1;0;0;0;NA;92196;1;2020-03-27;18
2020-03-26;"Košický kraj";3;0;0;0;NA;92196;3;2020-03-26;17
2020-03-25;"Košický kraj";2;0;0;0;NA;92196;2;2020-03-25;14
2020-03-24;"Košický kraj";0;0;0;0;NA;92196;0;2020-03-24;12
2020-03-23;"Košický kraj";2;0;0;0;NA;92196;2;2020-03-23;12
2020-03-22;"Košický kraj";0;0;0;0;NA;92196;0;2020-03-22;10
2020-03-21;"Košický kraj";3;0;0;0;NA;92196;3;2020-03-21;10
2020-03-20;"Košický kraj";1;0;0;0;NA;92196;1;2020-03-20;7
2020-03-19;"Košický kraj";0;0;0;0;NA;92196;0;2020-03-19;6
2020-03-18;"Košický kraj";0;0;0;0;NA;92196;0;2020-03-18;6
2020-03-17;"Košický kraj";0;0;0;0;NA;92196;0;2020-03-17;6
2020-03-16;"Košický kraj";3;0;0;0;NA;92196;3;2020-03-16;6
2020-03-15;"Košický kraj";1;0;0;0;NA;92196;1;2020-03-15;3
2020-03-14;"Košický kraj";0;0;0;0;NA;92196;0;2020-03-14;2
2020-03-13;"Košický kraj";2;0;0;0;NA;92196;2;2020-03-13;2
2020-03-12;"Košický kraj";0;0;0;0;NA;92196;0;2020-03-12;0
2020-03-11;"Košický kraj";0;0;0;0;NA;92196;0;2020-03-11;0
2020-03-09;"Košický kraj";1;0;0;0;NA;92196;1;2020-03-09;0
2020-03-08;"Košický kraj";0;0;0;0;NA;92196;0;2020-03-08;-1
2020-03-07;"Košický kraj";0;0;0;0;NA;92196;0;2020-03-07;-1
2020-03-06;"Košický kraj";0;0;0;0;NA;92196;0;2020-03-06;-1
2021-04-13;"Nitriansky kraj";110;14874;45;14919;38055;89927;155;2021-04-13;89927
2021-04-12;"Nitriansky kraj";29;21087;49;21136;NA;89927;78;2021-04-12;89772
2021-04-11;"Nitriansky kraj";1;35423;31;35454;NA;89927;32;2021-04-11;89694
2021-04-10;"Nitriansky kraj";35;84538;96;84634;NA;89927;131;2021-04-10;89662
2021-04-09;"Nitriansky kraj";69;29568;56;29624;NA;89927;125;2021-04-09;89531
2021-04-08;"Nitriansky kraj";71;14894;36;14930;NA;89927;107;2021-04-08;89406
2021-04-07;"Nitriansky kraj";64;18757;43;18800;NA;89927;107;2021-04-07;89299
2021-04-06;"Nitriansky kraj";65;32988;112;33100;NA;89927;177;2021-04-06;89192
2021-04-05;"Nitriansky kraj";37;12673;48;12721;NA;89927;85;2021-04-05;89015
2021-04-04;"Nitriansky kraj";5;17887;35;17922;NA;89927;40;2021-04-04;88930
2021-04-03;"Nitriansky kraj";26;82283;147;82430;NA;89927;173;2021-04-03;88890
2021-04-02;"Nitriansky kraj";32;17062;39;17101;NA;89927;71;2021-04-02;88717
2021-04-01;"Nitriansky kraj";63;24600;83;24683;NA;89927;146;2021-04-01;88646
2021-03-31;"Nitriansky kraj";73;21751;94;21845;NA;89927;167;2021-03-31;88500
2021-03-30;"Nitriansky kraj";125;17010;83;17093;NA;89927;208;2021-03-30;88333
2021-03-29;"Nitriansky kraj";81;25139;99;25238;NA;89927;180;2021-03-29;88125
2021-03-28;"Nitriansky kraj";6;45581;106;45687;NA;89927;112;2021-03-28;87945
2021-03-27;"Nitriansky kraj";39;103659;174;103833;NA;89927;213;2021-03-27;87833
2021-03-26;"Nitriansky kraj";90;40680;115;40795;NA;89927;205;2021-03-26;87620
2021-03-25;"Nitriansky kraj";95;19149;94;19243;NA;89927;189;2021-03-25;87415
2021-03-24;"Nitriansky kraj";90;14784;91;14875;NA;89927;181;2021-03-24;87226
2021-03-23;"Nitriansky kraj";167;16745;66;16811;NA;89927;233;2021-03-23;87045
2021-03-22;"Nitriansky kraj";101;23699;124;23823;NA;89927;225;2021-03-22;86812
2021-03-21;"Nitriansky kraj";27;42169;99;42268;NA;89927;126;2021-03-21;86587
2021-03-20;"Nitriansky kraj";36;99816;207;100023;NA;89927;243;2021-03-20;86461
2021-03-19;"Nitriansky kraj";76;37111;101;37212;NA;89927;177;2021-03-19;86218
2021-03-18;"Nitriansky kraj";103;20036;112;20148;NA;89927;215;2021-03-18;86041
2021-03-17;"Nitriansky kraj";87;15832;127;15959;NA;89927;214;2021-03-17;85826
2021-03-16;"Nitriansky kraj";172;18289;124;18413;NA;89927;296;2021-03-16;85612
2021-03-15;"Nitriansky kraj";130;24491;165;24656;NA;89927;295;2021-03-15;85316
2021-03-14;"Nitriansky kraj";3;45758;107;45865;NA;89927;110;2021-03-14;85021
2021-03-13;"Nitriansky kraj";65;112256;242;112498;NA;89927;307;2021-03-13;84911
2021-03-12;"Nitriansky kraj";127;40499;155;40654;NA;89927;282;2021-03-12;84604
2021-03-11;"Nitriansky kraj";131;18879;132;19011;NA;89927;263;2021-03-11;84322
2021-03-10;"Nitriansky kraj";96;17422;143;17565;NA;89927;239;2021-03-10;84059
2021-03-09;"Nitriansky kraj";260;17623;149;17772;NA;89927;409;2021-03-09;83820
2021-03-08;"Nitriansky kraj";145;27214;172;27386;NA;89927;317;2021-03-08;83411
2021-03-07;"Nitriansky kraj";48;46867;185;47052;NA;89927;233;2021-03-07;83094
2021-03-06;"Nitriansky kraj";86;110858;326;111184;NA;89927;412;2021-03-06;82861
2021-03-05;"Nitriansky kraj";133;39068;200;39268;NA;89927;333;2021-03-05;82449
2021-03-04;"Nitriansky kraj";176;18206;173;18379;NA;89927;349;2021-03-04;82116
2021-03-03;"Nitriansky kraj";172;17210;177;17387;NA;89927;349;2021-03-03;81767
2021-03-02;"Nitriansky kraj";274;20999;366;21365;NA;89927;640;2021-03-02;81418
2021-03-01;"Nitriansky kraj";133;27881;279;28160;NA;89927;412;2021-03-01;80778
2021-02-28;"Nitriansky kraj";80;40866;218;41084;NA;89927;298;2021-02-28;80366
2021-02-27;"Nitriansky kraj";101;106352;496;106848;NA;89927;597;2021-02-27;80068
2021-02-26;"Nitriansky kraj";109;36677;310;36987;NA;89927;419;2021-02-26;79471
2021-02-25;"Nitriansky kraj";188;15210;208;15418;NA;89927;396;2021-02-25;79052
2021-02-24;"Nitriansky kraj";125;13844;260;14104;NA;89927;385;2021-02-24;78656
2021-02-23;"Nitriansky kraj";273;15343;271;15614;NA;89927;544;2021-02-23;78271
2021-02-22;"Nitriansky kraj";154;26466;330;26796;NA;89927;484;2021-02-22;77727
2021-02-21;"Nitriansky kraj";22;43657;320;43977;NA;89927;342;2021-02-21;77243
2021-02-20;"Nitriansky kraj";128;108306;584;108890;NA;89927;712;2021-02-20;76901
2021-02-19;"Nitriansky kraj";173;36883;325;37208;NA;89927;498;2021-02-19;76189
2021-02-18;"Nitriansky kraj";202;16938;285;17223;NA;89927;487;2021-02-18;75691
2021-02-17;"Nitriansky kraj";198;12079;300;12379;NA;89927;498;2021-02-17;75204
2021-02-16;"Nitriansky kraj";284;14490;281;14771;NA;89927;565;2021-02-16;74706
2021-02-15;"Nitriansky kraj";122;27603;471;28074;NA;89927;593;2021-02-15;74141
2021-02-14;"Nitriansky kraj";8;50408;318;50726;NA;89927;326;2021-02-14;73548
2021-02-13;"Nitriansky kraj";127;110035;689;110724;NA;89927;816;2021-02-13;73222
2021-02-12;"Nitriansky kraj";162;33400;407;33807;NA;89927;569;2021-02-12;72406
2021-02-11;"Nitriansky kraj";195;12410;270;12680;NA;89927;465;2021-02-11;71837
2021-02-10;"Nitriansky kraj";186;17633;644;18277;NA;89927;830;2021-02-10;71372
2021-02-09;"Nitriansky kraj";260;18523;385;18908;NA;89927;645;2021-02-09;70542
2021-02-08;"Nitriansky kraj";177;39292;585;39877;NA;89927;762;2021-02-08;69897
2021-02-07;"Nitriansky kraj";20;52307;513;52820;NA;89927;533;2021-02-07;69135
2021-02-06;"Nitriansky kraj";129;101903;778;102681;NA;89927;907;2021-02-06;68602
2021-02-05;"Nitriansky kraj";244;32647;616;33263;NA;89927;860;2021-02-05;67695
2021-02-04;"Nitriansky kraj";308;15681;512;16193;NA;89927;820;2021-02-04;66835
2021-02-03;"Nitriansky kraj";191;13370;372;13742;NA;89927;563;2021-02-03;66015
2021-02-02;"Nitriansky kraj";327;17867;383;18250;NA;89927;710;2021-02-02;65452
2021-02-01;"Nitriansky kraj";221;24048;459;24507;NA;89927;680;2021-02-01;64742
2021-01-31;"Nitriansky kraj";9;45339;496;45835;NA;89927;505;2021-01-31;64062
2021-01-30;"Nitriansky kraj";152;90392;930;91322;NA;89927;1082;2021-01-30;63557
2021-01-29;"Nitriansky kraj";302;23757;488;24245;NA;89927;790;2021-01-29;62475
2021-01-28;"Nitriansky kraj";269;11370;398;11768;NA;89927;667;2021-01-28;61685
2021-01-27;"Nitriansky kraj";235;6759;299;7058;NA;89927;534;2021-01-27;61018
2021-01-26;"Nitriansky kraj";345;16036;454;16490;NA;89927;799;2021-01-26;60484
2021-01-25;"Nitriansky kraj";201;21729;429;22158;NA;89927;630;2021-01-25;59685
2021-01-24;"Nitriansky kraj";12;78657;887;79544;NA;89927;899;2021-01-24;59055
2021-01-23;"Nitriansky kraj";277;96435;1424;97859;NA;89927;1701;2021-01-23;58156
2021-01-22;"Nitriansky kraj";139;35406;614;36020;NA;89927;753;2021-01-22;56455
2021-01-21;"Nitriansky kraj";305;14649;412;15061;NA;89927;717;2021-01-21;55702
2021-01-20;"Nitriansky kraj";326;11991;625;12616;NA;89927;951;2021-01-20;54985
2021-01-19;"Nitriansky kraj";344;11022;633;11655;NA;89927;977;2021-01-19;54034
2021-01-18;"Nitriansky kraj";367;8672;511;9183;NA;89927;878;2021-01-18;53057
2021-01-17;"Nitriansky kraj";97;15061;275;15336;NA;89927;372;2021-01-17;52179
2021-01-16;"Nitriansky kraj";64;36547;678;37225;NA;89927;742;2021-01-16;51807
2021-01-15;"Nitriansky kraj";373;15940;474;16414;NA;89927;847;2021-01-15;51065
2021-01-14;"Nitriansky kraj";627;10577;452;11029;NA;89927;1079;2021-01-14;50218
2021-01-13;"Nitriansky kraj";663;9234;484;9718;NA;89927;1147;2021-01-13;49139
2021-01-12;"Nitriansky kraj";642;9014;557;9571;NA;89927;1199;2021-01-12;47992
2021-01-11;"Nitriansky kraj";422;8625;556;9181;NA;89927;978;2021-01-11;46793
2021-01-10;"Nitriansky kraj";44;19841;730;20571;NA;89927;774;2021-01-10;45815
2021-01-09;"Nitriansky kraj";532;36823;1071;37894;NA;89927;1603;2021-01-09;45041
2021-01-08;"Nitriansky kraj";817;14297;711;15008;NA;89927;1528;2021-01-08;43438
2021-01-07;"Nitriansky kraj";438;10820;823;11643;NA;89927;1261;2021-01-07;41910
2021-01-06;"Nitriansky kraj";259;3192;197;3389;NA;89927;456;2021-01-06;40649
2021-01-05;"Nitriansky kraj";732;8901;1202;10103;NA;89927;1934;2021-01-05;40193
2021-01-04;"Nitriansky kraj";362;8692;1329;10021;NA;89927;1691;2021-01-04;38259
2021-01-03;"Nitriansky kraj";42;84;20;104;NA;89927;62;2021-01-03;36568
2021-01-02;"Nitriansky kraj";249;1090;26;1116;NA;89927;275;2021-01-02;36506
2021-01-01;"Nitriansky kraj";119;781;95;876;NA;89927;214;2021-01-01;36231
2020-12-31;"Nitriansky kraj";786;7646;962;8608;NA;89927;1748;2020-12-31;36017
2020-12-30;"Nitriansky kraj";1094;9619;1165;10784;NA;89927;2259;2020-12-30;34269
2020-12-29;"Nitriansky kraj";607;8277;1286;9563;NA;89927;1893;2020-12-29;32010
2020-12-28;"Nitriansky kraj";83;6981;1271;8252;NA;89927;1354;2020-12-28;30117
2020-12-27;"Nitriansky kraj";22;60;8;68;NA;89927;30;2020-12-27;28763
2020-12-26;"Nitriansky kraj";54;297;56;353;NA;89927;110;2020-12-26;28733
2020-12-25;"Nitriansky kraj";35;60;11;71;NA;89927;46;2020-12-25;28623
2020-12-24;"Nitriansky kraj";514;1861;176;2037;NA;89927;690;2020-12-24;28577
2020-12-23;"Nitriansky kraj";349;15295;843;16138;NA;89927;1192;2020-12-23;27887
2020-12-22;"Nitriansky kraj";673;10987;994;11981;NA;89927;1667;2020-12-22;26695
2020-12-21;"Nitriansky kraj";128;7953;976;8929;NA;89927;1104;2020-12-21;25028
2020-12-20;"Nitriansky kraj";77;50;10;60;NA;89927;87;2020-12-20;23924
2020-12-19;"Nitriansky kraj";262;2259;159;2418;NA;89927;421;2020-12-19;23837
2020-12-18;"Nitriansky kraj";512;8437;551;8988;NA;89927;1063;2020-12-18;23416
2020-12-17;"Nitriansky kraj";586;6894;514;7408;NA;89927;1100;2020-12-17;22353
2020-12-16;"Nitriansky kraj";357;8785;546;9331;NA;89927;903;2020-12-16;21253
2020-12-15;"Nitriansky kraj";461;9365;769;10134;NA;89927;1230;2020-12-15;20350
2020-12-14;"Nitriansky kraj";217;8089;827;8916;NA;89927;1044;2020-12-14;19120
2020-12-13;"Nitriansky kraj";12;69;6;75;NA;89927;18;2020-12-13;18076
2020-12-12;"Nitriansky kraj";341;1832;125;1957;NA;89927;466;2020-12-12;18058
2020-12-11;"Nitriansky kraj";409;5431;416;5847;NA;89927;825;2020-12-11;17592
2020-12-10;"Nitriansky kraj";360;5473;351;5824;NA;89927;711;2020-12-10;16767
2020-12-09;"Nitriansky kraj";362;5506;529;6035;NA;89927;891;2020-12-09;16056
2020-12-08;"Nitriansky kraj";340;8611;589;9200;NA;89927;929;2020-12-08;15165
2020-12-07;"Nitriansky kraj";139;6243;573;6816;NA;89927;712;2020-12-07;14236
2020-12-06;"Nitriansky kraj";15;89;4;93;NA;89927;19;2020-12-06;13524
2020-12-05;"Nitriansky kraj";136;1388;19;1407;NA;89927;155;2020-12-05;13505
2020-12-04;"Nitriansky kraj";232;2884;74;2958;NA;89927;306;2020-12-04;13350
2020-12-03;"Nitriansky kraj";248;2471;110;2581;NA;89927;358;2020-12-03;13044
2020-12-02;"Nitriansky kraj";252;3733;163;3896;NA;89927;415;2020-12-02;12686
2020-12-01;"Nitriansky kraj";331;2891;131;3022;NA;89927;462;2020-12-01;12271
2020-11-30;"Nitriansky kraj";91;4228;188;4416;NA;89927;279;2020-11-30;11809
2020-11-29;"Nitriansky kraj";3;634;42;676;NA;89927;45;2020-11-29;11530
2020-11-28;"Nitriansky kraj";135;892;31;923;NA;89927;166;2020-11-28;11485
2020-11-27;"Nitriansky kraj";177;2069;73;2142;NA;89927;250;2020-11-27;11319
2020-11-26;"Nitriansky kraj";191;2813;80;2893;NA;89927;271;2020-11-26;11069
2020-11-25;"Nitriansky kraj";325;2478;91;2569;NA;89927;416;2020-11-25;10798
2020-11-24;"Nitriansky kraj";147;1641;64;1705;NA;89927;211;2020-11-24;10382
2020-11-23;"Nitriansky kraj";102;9891;212;10103;NA;89927;314;2020-11-23;10171
2020-11-22;"Nitriansky kraj";7;1176;25;1201;NA;89927;32;2020-11-22;9857
2020-11-21;"Nitriansky kraj";86;1083;38;1121;NA;89927;124;2020-11-21;9825
2020-11-20;"Nitriansky kraj";264;4180;103;4283;NA;89927;367;2020-11-20;9701
2020-11-19;"Nitriansky kraj";185;3065;134;3199;NA;89927;319;2020-11-19;9334
2020-11-18;"Nitriansky kraj";188;2214;79;2293;NA;89927;267;2020-11-18;9015
2020-11-17;"Nitriansky kraj";178;596;29;625;NA;89927;207;2020-11-17;8748
2020-11-16;"Nitriansky kraj";139;1877;75;1952;NA;89927;214;2020-11-16;8541
2020-11-15;"Nitriansky kraj";14;180;5;185;NA;89927;19;2020-11-15;8327
2020-11-14;"Nitriansky kraj";114;1131;32;1163;NA;89927;146;2020-11-14;8308
2020-11-13;"Nitriansky kraj";210;936;46;982;NA;89927;256;2020-11-13;8162
2020-11-12;"Nitriansky kraj";256;1195;35;1230;NA;89927;291;2020-11-12;7906
2020-11-11;"Nitriansky kraj";279;1247;22;1269;NA;89927;301;2020-11-11;7615
2020-11-10;"Nitriansky kraj";192;2623;39;2662;NA;89927;231;2020-11-10;7314
2020-11-09;"Nitriansky kraj";128;3136;43;3179;NA;89927;171;2020-11-09;7083
2020-11-08;"Nitriansky kraj";43;1462;32;1494;NA;89927;75;2020-11-08;6912
2020-11-07;"Nitriansky kraj";130;1046;4;1050;NA;89927;134;2020-11-07;6837
2020-11-06;"Nitriansky kraj";210;2264;32;2296;NA;89927;242;2020-11-06;6703
2020-11-05;"Nitriansky kraj";178;313;14;327;NA;89927;192;2020-11-05;6461
2020-11-04;"Nitriansky kraj";211;297;16;313;NA;89927;227;2020-11-04;6269
2020-11-03;"Nitriansky kraj";216;435;25;460;NA;89927;241;2020-11-03;6042
2020-11-02;"Nitriansky kraj";171;4208;46;4254;NA;89927;217;2020-11-02;5801
2020-11-01;"Nitriansky kraj";130;2546;27;2573;NA;89927;157;2020-11-01;5584
2020-10-31;"Nitriansky kraj";261;10572;134;10706;NA;89927;395;2020-10-31;5427
2020-10-30;"Nitriansky kraj";204;2661;44;2705;NA;89927;248;2020-10-30;5032
2020-10-29;"Nitriansky kraj";293;841;39;880;NA;89927;332;2020-10-29;4784
2020-10-28;"Nitriansky kraj";216;608;59;667;NA;89927;275;2020-10-28;4452
2020-10-27;"Nitriansky kraj";296;550;47;597;NA;89927;343;2020-10-27;4177
2020-10-26;"Nitriansky kraj";69;633;56;689;NA;89927;125;2020-10-26;3834
2020-10-25;"Nitriansky kraj";50;62;8;70;NA;89927;58;2020-10-25;3709
2020-10-24;"Nitriansky kraj";169;237;11;248;NA;89927;180;2020-10-24;3651
2020-10-23;"Nitriansky kraj";282;762;41;803;NA;89927;323;2020-10-23;3471
2020-10-22;"Nitriansky kraj";137;444;39;483;NA;89927;176;2020-10-22;3148
2020-10-21;"Nitriansky kraj";146;208;3;211;NA;89927;149;2020-10-21;2972
2020-10-20;"Nitriansky kraj";197;78;6;84;NA;89927;203;2020-10-20;2823
2020-10-19;"Nitriansky kraj";148;79;1;80;NA;89927;149;2020-10-19;2620
2020-10-18;"Nitriansky kraj";22;0;0;0;NA;89927;22;2020-10-18;2471
2020-10-17;"Nitriansky kraj";67;0;0;0;NA;89927;67;2020-10-17;2449
2020-10-16;"Nitriansky kraj";133;28;3;31;NA;89927;136;2020-10-16;2382
2020-10-15;"Nitriansky kraj";106;31;2;33;NA;89927;108;2020-10-15;2246
2020-10-14;"Nitriansky kraj";80;22;4;26;NA;89927;84;2020-10-14;2138
2020-10-13;"Nitriansky kraj";101;82;2;84;NA;89927;103;2020-10-13;2054
2020-10-12;"Nitriansky kraj";36;0;0;0;NA;89927;36;2020-10-12;1951
2020-10-11;"Nitriansky kraj";8;0;0;0;NA;89927;8;2020-10-11;1915
2020-10-10;"Nitriansky kraj";107;0;0;0;NA;89927;107;2020-10-10;1907
2020-10-09;"Nitriansky kraj";120;0;0;0;NA;89927;120;2020-10-09;1800
2020-10-08;"Nitriansky kraj";132;0;0;0;NA;89927;132;2020-10-08;1680
2020-10-07;"Nitriansky kraj";81;0;0;0;NA;89927;81;2020-10-07;1548
2020-10-06;"Nitriansky kraj";48;0;0;0;NA;89927;48;2020-10-06;1467
2020-10-05;"Nitriansky kraj";20;0;0;0;NA;89927;20;2020-10-05;1419
2020-10-04;"Nitriansky kraj";17;0;0;0;NA;89927;17;2020-10-04;1399
2020-10-03;"Nitriansky kraj";96;0;0;0;NA;89927;96;2020-10-03;1382
2020-10-02;"Nitriansky kraj";108;0;0;0;NA;89927;108;2020-10-02;1286
2020-10-01;"Nitriansky kraj";95;0;0;0;NA;89927;95;2020-10-01;1178
2020-09-30;"Nitriansky kraj";100;0;0;0;NA;89927;100;2020-09-30;1083
2020-09-29;"Nitriansky kraj";50;0;0;0;NA;89927;50;2020-09-29;983
2020-09-28;"Nitriansky kraj";22;0;0;0;NA;89927;22;2020-09-28;933
2020-09-27;"Nitriansky kraj";16;0;0;0;NA;89927;16;2020-09-27;911
2020-09-26;"Nitriansky kraj";64;0;0;0;NA;89927;64;2020-09-26;895
2020-09-25;"Nitriansky kraj";90;0;0;0;NA;89927;90;2020-09-25;831
2020-09-24;"Nitriansky kraj";51;0;0;0;NA;89927;51;2020-09-24;741
2020-09-23;"Nitriansky kraj";70;0;0;0;NA;89927;70;2020-09-23;690
2020-09-22;"Nitriansky kraj";18;0;0;0;NA;89927;18;2020-09-22;620
2020-09-21;"Nitriansky kraj";10;0;0;0;NA;89927;10;2020-09-21;602
2020-09-20;"Nitriansky kraj";4;0;0;0;NA;89927;4;2020-09-20;592
2020-09-19;"Nitriansky kraj";14;0;0;0;NA;89927;14;2020-09-19;588
2020-09-18;"Nitriansky kraj";19;0;0;0;NA;89927;19;2020-09-18;574
2020-09-17;"Nitriansky kraj";30;0;0;0;NA;89927;30;2020-09-17;555
2020-09-16;"Nitriansky kraj";6;0;0;0;NA;89927;6;2020-09-16;525
2020-09-15;"Nitriansky kraj";19;0;0;0;NA;89927;19;2020-09-15;519
2020-09-14;"Nitriansky kraj";28;0;0;0;NA;89927;28;2020-09-14;500
2020-09-13;"Nitriansky kraj";3;0;0;0;NA;89927;3;2020-09-13;472
2020-09-12;"Nitriansky kraj";12;0;0;0;NA;89927;12;2020-09-12;469
2020-09-11;"Nitriansky kraj";23;0;0;0;NA;89927;23;2020-09-11;457
2020-09-10;"Nitriansky kraj";29;0;0;0;NA;89927;29;2020-09-10;434
2020-09-09;"Nitriansky kraj";19;0;0;0;NA;89927;19;2020-09-09;405
2020-09-08;"Nitriansky kraj";17;0;0;0;NA;89927;17;2020-09-08;386
2020-09-07;"Nitriansky kraj";17;0;0;0;NA;89927;17;2020-09-07;369
2020-09-06;"Nitriansky kraj";0;0;0;0;NA;89927;0;2020-09-06;352
2020-09-05;"Nitriansky kraj";22;0;0;0;NA;89927;22;2020-09-05;352
2020-09-04;"Nitriansky kraj";34;0;0;0;NA;89927;34;2020-09-04;330
2020-09-03;"Nitriansky kraj";15;0;0;0;NA;89927;15;2020-09-03;296
2020-09-02;"Nitriansky kraj";15;0;0;0;NA;89927;15;2020-09-02;281
2020-09-01;"Nitriansky kraj";2;0;0;0;NA;89927;2;2020-09-01;266
2020-08-31;"Nitriansky kraj";12;0;0;0;NA;89927;12;2020-08-31;264
2020-08-30;"Nitriansky kraj";1;0;0;0;NA;89927;1;2020-08-30;252
2020-08-29;"Nitriansky kraj";7;0;0;0;NA;89927;7;2020-08-29;251
2020-08-28;"Nitriansky kraj";12;0;0;0;NA;89927;12;2020-08-28;244
2020-08-27;"Nitriansky kraj";12;0;0;0;NA;89927;12;2020-08-27;232
2020-08-26;"Nitriansky kraj";4;0;0;0;NA;89927;4;2020-08-26;220
2020-08-25;"Nitriansky kraj";8;0;0;0;NA;89927;8;2020-08-25;216
2020-08-24;"Nitriansky kraj";1;0;0;0;NA;89927;1;2020-08-24;208
2020-08-23;"Nitriansky kraj";1;0;0;0;NA;89927;1;2020-08-23;207
2020-08-22;"Nitriansky kraj";2;0;0;0;NA;89927;2;2020-08-22;206
2020-08-21;"Nitriansky kraj";0;0;0;0;NA;89927;0;2020-08-21;204
2020-08-20;"Nitriansky kraj";7;0;0;0;NA;89927;7;2020-08-20;204
2020-08-19;"Nitriansky kraj";1;0;0;0;NA;89927;1;2020-08-19;197
2020-08-18;"Nitriansky kraj";2;0;0;0;NA;89927;2;2020-08-18;196
2020-08-17;"Nitriansky kraj";1;0;0;0;NA;89927;1;2020-08-17;194
2020-08-16;"Nitriansky kraj";0;0;0;0;NA;89927;0;2020-08-16;193
2020-08-15;"Nitriansky kraj";2;0;0;0;NA;89927;2;2020-08-15;193
2020-08-14;"Nitriansky kraj";1;0;0;0;NA;89927;1;2020-08-14;191
2020-08-13;"Nitriansky kraj";4;0;0;0;NA;89927;4;2020-08-13;190
2020-08-12;"Nitriansky kraj";0;0;0;0;NA;89927;0;2020-08-12;186
2020-08-11;"Nitriansky kraj";1;0;0;0;NA;89927;1;2020-08-11;186
2020-08-10;"Nitriansky kraj";0;0;0;0;NA;89927;0;2020-08-10;185
2020-08-09;"Nitriansky kraj";0;0;0;0;NA;89927;0;2020-08-09;185
2020-08-08;"Nitriansky kraj";0;0;0;0;NA;89927;0;2020-08-08;185
2020-08-07;"Nitriansky kraj";4;0;0;0;NA;89927;4;2020-08-07;185
2020-08-06;"Nitriansky kraj";4;0;0;0;NA;89927;4;2020-08-06;181
2020-08-05;"Nitriansky kraj";0;0;0;0;NA;89927;0;2020-08-05;177
2020-08-04;"Nitriansky kraj";7;0;0;0;NA;89927;7;2020-08-04;177
2020-08-03;"Nitriansky kraj";0;0;0;0;NA;89927;0;2020-08-03;170
2020-08-02;"Nitriansky kraj";0;0;0;0;NA;89927;0;2020-08-02;170
2020-08-01;"Nitriansky kraj";0;0;0;0;NA;89927;0;2020-08-01;170
2020-07-31;"Nitriansky kraj";0;0;0;0;NA;89927;0;2020-07-31;170
2020-07-30;"Nitriansky kraj";0;0;0;0;NA;89927;0;2020-07-30;170
2020-07-29;"Nitriansky kraj";0;0;0;0;NA;89927;0;2020-07-29;170
2020-07-28;"Nitriansky kraj";0;0;0;0;NA;89927;0;2020-07-28;170
2020-07-27;"Nitriansky kraj";0;0;0;0;NA;89927;0;2020-07-27;170
2020-07-26;"Nitriansky kraj";0;0;0;0;NA;89927;0;2020-07-26;170
2020-07-25;"Nitriansky kraj";0;0;0;0;NA;89927;0;2020-07-25;170
2020-07-24;"Nitriansky kraj";1;0;0;0;NA;89927;1;2020-07-24;170
2020-07-23;"Nitriansky kraj";3;0;0;0;NA;89927;3;2020-07-23;169
2020-07-22;"Nitriansky kraj";2;0;0;0;NA;89927;2;2020-07-22;166
2020-07-21;"Nitriansky kraj";14;0;0;0;NA;89927;14;2020-07-21;164
2020-07-20;"Nitriansky kraj";11;0;0;0;NA;89927;11;2020-07-20;150
2020-07-19;"Nitriansky kraj";0;0;0;0;NA;89927;0;2020-07-19;139
2020-07-18;"Nitriansky kraj";0;0;0;0;NA;89927;0;2020-07-18;139
2020-07-17;"Nitriansky kraj";0;0;0;0;NA;89927;0;2020-07-17;139
2020-07-16;"Nitriansky kraj";4;0;0;0;NA;89927;4;2020-07-16;139
2020-07-15;"Nitriansky kraj";5;0;0;0;NA;89927;5;2020-07-15;135
2020-07-14;"Nitriansky kraj";0;0;0;0;NA;89927;0;2020-07-14;130
2020-07-13;"Nitriansky kraj";0;0;0;0;NA;89927;0;2020-07-13;130
2020-07-12;"Nitriansky kraj";0;0;0;0;NA;89927;0;2020-07-12;130
2020-07-11;"Nitriansky kraj";0;0;0;0;NA;89927;0;2020-07-11;130
2020-07-10;"Nitriansky kraj";0;0;0;0;NA;89927;0;2020-07-10;130
2020-07-09;"Nitriansky kraj";1;0;0;0;NA;89927;1;2020-07-09;130
2020-07-08;"Nitriansky kraj";2;0;0;0;NA;89927;2;2020-07-08;129
2020-07-07;"Nitriansky kraj";0;0;0;0;NA;89927;0;2020-07-07;127
2020-07-06;"Nitriansky kraj";0;0;0;0;NA;89927;0;2020-07-06;127
2020-07-05;"Nitriansky kraj";0;0;0;0;NA;89927;0;2020-07-05;127
2020-07-04;"Nitriansky kraj";0;0;0;0;NA;89927;0;2020-07-04;127
2020-07-03;"Nitriansky kraj";0;0;0;0;NA;89927;0;2020-07-03;127
2020-07-02;"Nitriansky kraj";0;0;0;0;NA;89927;0;2020-07-02;127
2020-07-01;"Nitriansky kraj";3;0;0;0;NA;89927;3;2020-07-01;127
2020-06-30;"Nitriansky kraj";0;0;0;0;NA;89927;0;2020-06-30;124
2020-06-29;"Nitriansky kraj";0;0;0;0;NA;89927;0;2020-06-29;124
2020-06-28;"Nitriansky kraj";0;0;0;0;NA;89927;0;2020-06-28;124
2020-06-27;"Nitriansky kraj";0;0;0;0;NA;89927;0;2020-06-27;124
2020-06-26;"Nitriansky kraj";0;0;0;0;NA;89927;0;2020-06-26;124
2020-06-25;"Nitriansky kraj";0;0;0;0;NA;89927;0;2020-06-25;124
2020-06-24;"Nitriansky kraj";1;0;0;0;NA;89927;1;2020-06-24;124
2020-06-23;"Nitriansky kraj";0;0;0;0;NA;89927;0;2020-06-23;123
2020-06-22;"Nitriansky kraj";0;0;0;0;NA;89927;0;2020-06-22;123
2020-06-21;"Nitriansky kraj";0;0;0;0;NA;89927;0;2020-06-21;123
2020-06-20;"Nitriansky kraj";0;0;0;0;NA;89927;0;2020-06-20;123
2020-06-19;"Nitriansky kraj";0;0;0;0;NA;89927;0;2020-06-19;123
2020-06-18;"Nitriansky kraj";0;0;0;0;NA;89927;0;2020-06-18;123
2020-06-17;"Nitriansky kraj";0;0;0;0;NA;89927;0;2020-06-17;123
2020-06-16;"Nitriansky kraj";0;0;0;0;NA;89927;0;2020-06-16;123
2020-06-14;"Nitriansky kraj";0;0;0;0;NA;89927;0;2020-06-14;123
2020-06-13;"Nitriansky kraj";0;0;0;0;NA;89927;0;2020-06-13;123
2020-06-12;"Nitriansky kraj";0;0;0;0;NA;89927;0;2020-06-12;123
2020-06-11;"Nitriansky kraj";0;0;0;0;NA;89927;0;2020-06-11;123
2020-06-10;"Nitriansky kraj";1;0;0;0;NA;89927;1;2020-06-10;123
2020-06-09;"Nitriansky kraj";1;0;0;0;NA;89927;1;2020-06-09;122
2020-06-08;"Nitriansky kraj";0;0;0;0;NA;89927;0;2020-06-08;121
2020-06-07;"Nitriansky kraj";0;0;0;0;NA;89927;0;2020-06-07;121
2020-06-05;"Nitriansky kraj";0;0;0;0;NA;89927;0;2020-06-05;121
2020-06-03;"Nitriansky kraj";0;0;0;0;NA;89927;0;2020-06-03;121
2020-06-02;"Nitriansky kraj";1;0;0;0;NA;89927;1;2020-06-02;121
2020-05-31;"Nitriansky kraj";0;0;0;0;NA;89927;0;2020-05-31;120
2020-05-29;"Nitriansky kraj";0;0;0;0;NA;89927;0;2020-05-29;120
2020-05-27;"Nitriansky kraj";0;0;0;0;NA;89927;0;2020-05-27;120
2020-05-26;"Nitriansky kraj";0;0;0;0;NA;89927;0;2020-05-26;120
2020-05-25;"Nitriansky kraj";0;0;0;0;NA;89927;0;2020-05-25;120
2020-05-24;"Nitriansky kraj";2;0;0;0;NA;89927;2;2020-05-24;120
2020-05-23;"Nitriansky kraj";0;0;0;0;NA;89927;0;2020-05-23;118
2020-05-22;"Nitriansky kraj";1;0;0;0;NA;89927;1;2020-05-22;118
2020-05-21;"Nitriansky kraj";0;0;0;0;NA;89927;0;2020-05-21;117
2020-05-20;"Nitriansky kraj";0;0;0;0;NA;89927;0;2020-05-20;117
2020-05-19;"Nitriansky kraj";0;0;0;0;NA;89927;0;2020-05-19;117
2020-05-17;"Nitriansky kraj";0;0;0;0;NA;89927;0;2020-05-17;117
2020-05-16;"Nitriansky kraj";0;0;0;0;NA;89927;0;2020-05-16;117
2020-05-15;"Nitriansky kraj";1;0;0;0;NA;89927;1;2020-05-15;117
2020-05-14;"Nitriansky kraj";0;0;0;0;NA;89927;0;2020-05-14;116
2020-05-13;"Nitriansky kraj";0;0;0;0;NA;89927;0;2020-05-13;116
2020-05-12;"Nitriansky kraj";0;0;0;0;NA;89927;0;2020-05-12;116
2020-05-11;"Nitriansky kraj";2;0;0;0;NA;89927;2;2020-05-11;116
2020-05-09;"Nitriansky kraj";0;0;0;0;NA;89927;0;2020-05-09;114
2020-05-07;"Nitriansky kraj";1;0;0;0;NA;89927;1;2020-05-07;114
2020-05-06;"Nitriansky kraj";9;0;0;0;NA;89927;9;2020-05-06;113
2020-05-05;"Nitriansky kraj";0;0;0;0;NA;89927;0;2020-05-05;104
2020-05-04;"Nitriansky kraj";5;0;0;0;NA;89927;5;2020-05-04;104
2020-05-03;"Nitriansky kraj";2;0;0;0;NA;89927;2;2020-05-03;99
2020-05-02;"Nitriansky kraj";0;0;0;0;NA;89927;0;2020-05-02;97
2020-05-01;"Nitriansky kraj";1;0;0;0;NA;89927;1;2020-05-01;97
2020-04-30;"Nitriansky kraj";0;0;0;0;NA;89927;0;2020-04-30;96
2020-04-29;"Nitriansky kraj";0;0;0;0;NA;89927;0;2020-04-29;96
2020-04-28;"Nitriansky kraj";1;0;0;0;NA;89927;1;2020-04-28;96
2020-04-27;"Nitriansky kraj";0;0;0;0;NA;89927;0;2020-04-27;95
2020-04-26;"Nitriansky kraj";0;0;0;0;NA;89927;0;2020-04-26;95
2020-04-25;"Nitriansky kraj";0;0;0;0;NA;89927;0;2020-04-25;95
2020-04-24;"Nitriansky kraj";0;0;0;0;NA;89927;0;2020-04-24;95
2020-04-23;"Nitriansky kraj";3;0;0;0;NA;89927;3;2020-04-23;95
2020-04-22;"Nitriansky kraj";16;0;0;0;NA;89927;16;2020-04-22;92
2020-04-21;"Nitriansky kraj";6;0;0;0;NA;89927;6;2020-04-21;76
2020-04-20;"Nitriansky kraj";5;0;0;0;NA;89927;5;2020-04-20;70
2020-04-19;"Nitriansky kraj";0;0;0;0;NA;89927;0;2020-04-19;65
2020-04-18;"Nitriansky kraj";0;0;0;0;NA;89927;0;2020-04-18;65
2020-04-17;"Nitriansky kraj";7;0;0;0;NA;89927;7;2020-04-17;65
2020-04-16;"Nitriansky kraj";0;0;0;0;NA;89927;0;2020-04-16;58
2020-04-15;"Nitriansky kraj";6;0;0;0;NA;89927;6;2020-04-15;58
2020-04-14;"Nitriansky kraj";2;0;0;0;NA;89927;2;2020-04-14;52
2020-04-13;"Nitriansky kraj";1;0;0;0;NA;89927;1;2020-04-13;50
2020-04-12;"Nitriansky kraj";3;0;0;0;NA;89927;3;2020-04-12;49
2020-04-11;"Nitriansky kraj";1;0;0;0;NA;89927;1;2020-04-11;46
2020-04-10;"Nitriansky kraj";1;0;0;0;NA;89927;1;2020-04-10;45
2020-04-09;"Nitriansky kraj";0;0;0;0;NA;89927;0;2020-04-09;44
2020-04-08;"Nitriansky kraj";2;0;0;0;NA;89927;2;2020-04-08;44
2020-04-07;"Nitriansky kraj";3;0;0;0;NA;89927;3;2020-04-07;42
2020-04-06;"Nitriansky kraj";4;0;0;0;NA;89927;4;2020-04-06;39
2020-04-05;"Nitriansky kraj";5;0;0;0;NA;89927;5;2020-04-05;35
2020-04-04;"Nitriansky kraj";0;0;0;0;NA;89927;0;2020-04-04;30
2020-04-03;"Nitriansky kraj";0;0;0;0;NA;89927;0;2020-04-03;30
2020-04-02;"Nitriansky kraj";1;0;0;0;NA;89927;1;2020-04-02;30
2020-04-01;"Nitriansky kraj";0;0;0;0;NA;89927;0;2020-04-01;29
2020-03-31;"Nitriansky kraj";3;0;0;0;NA;89927;3;2020-03-31;29
2020-03-30;"Nitriansky kraj";3;0;0;0;NA;89927;3;2020-03-30;26
2020-03-29;"Nitriansky kraj";3;0;0;0;NA;89927;3;2020-03-29;23
2020-03-28;"Nitriansky kraj";1;0;0;0;NA;89927;1;2020-03-28;20
2020-03-27;"Nitriansky kraj";1;0;0;0;NA;89927;1;2020-03-27;19
2020-03-26;"Nitriansky kraj";1;0;0;0;NA;89927;1;2020-03-26;18
2020-03-25;"Nitriansky kraj";1;0;0;0;NA;89927;1;2020-03-25;17
2020-03-24;"Nitriansky kraj";0;0;0;0;NA;89927;0;2020-03-24;16
2020-03-23;"Nitriansky kraj";2;0;0;0;NA;89927;2;2020-03-23;16
2020-03-22;"Nitriansky kraj";2;0;0;0;NA;89927;2;2020-03-22;14
2020-03-21;"Nitriansky kraj";2;0;0;0;NA;89927;2;2020-03-21;12
2020-03-20;"Nitriansky kraj";1;0;0;0;NA;89927;1;2020-03-20;10
2020-03-19;"Nitriansky kraj";1;0;0;0;NA;89927;1;2020-03-19;9
2020-03-18;"Nitriansky kraj";2;0;0;0;NA;89927;2;2020-03-18;8
2020-03-17;"Nitriansky kraj";1;0;0;0;NA;89927;1;2020-03-17;6
2020-03-16;"Nitriansky kraj";0;0;0;0;NA;89927;0;2020-03-16;5
2020-03-15;"Nitriansky kraj";4;0;0;0;NA;89927;4;2020-03-15;5
2020-03-14;"Nitriansky kraj";1;0;0;0;NA;89927;1;2020-03-14;1
2020-03-13;"Nitriansky kraj";0;0;0;0;NA;89927;0;2020-03-13;0
2020-03-12;"Nitriansky kraj";0;0;0;0;NA;89927;0;2020-03-12;0
2020-03-11;"Nitriansky kraj";0;0;0;0;NA;89927;0;2020-03-11;0
2020-03-09;"Nitriansky kraj";0;0;0;0;NA;89927;0;2020-03-09;0
2020-03-08;"Nitriansky kraj";0;0;0;0;NA;89927;0;2020-03-08;0
2020-03-07;"Nitriansky kraj";0;0;0;0;NA;89927;0;2020-03-07;0
2020-03-06;"Nitriansky kraj";0;0;0;0;NA;89927;0;2020-03-06;0
2021-04-13;"Prešovský kraj";180;23614;116;23730;56386;105840;296;2021-04-13;105840
2021-04-12;"Prešovský kraj";172;30133;174;30307;NA;105840;346;2021-04-12;105544
2021-04-11;"Prešovský kraj";11;48918;182;49100;NA;105840;193;2021-04-11;105198
2021-04-10;"Prešovský kraj";94;89270;282;89552;NA;105840;376;2021-04-10;105005
2021-04-09;"Prešovský kraj";255;37051;200;37251;NA;105840;455;2021-04-09;104629
2021-04-08;"Prešovský kraj";192;18891;157;19048;NA;105840;349;2021-04-08;104174
2021-04-07;"Prešovský kraj";314;27700;154;27854;NA;105840;468;2021-04-07;103825
2021-04-06;"Prešovský kraj";231;41670;268;41938;NA;105840;499;2021-04-06;103357
2021-04-05;"Prešovský kraj";54;18454;132;18586;NA;105840;186;2021-04-05;102858
2021-04-04;"Prešovský kraj";31;18546;91;18637;NA;105840;122;2021-04-04;102672
2021-04-03;"Prešovský kraj";104;89525;316;89841;NA;105840;420;2021-04-03;102550
2021-04-02;"Prešovský kraj";194;23775;134;23909;NA;105840;328;2021-04-02;102130
2021-04-01;"Prešovský kraj";256;42433;195;42628;NA;105840;451;2021-04-01;101802
2021-03-31;"Prešovský kraj";311;30252;227;30479;NA;105840;538;2021-03-31;101351
2021-03-30;"Prešovský kraj";374;20639;203;20842;NA;105840;577;2021-03-30;100813
2021-03-29;"Prešovský kraj";219;27987;228;28215;NA;105840;447;2021-03-29;100236
2021-03-28;"Prešovský kraj";26;46811;256;47067;NA;105840;282;2021-03-28;99789
2021-03-27;"Prešovský kraj";181;88461;373;88834;NA;105840;554;2021-03-27;99507
2021-03-26;"Prešovský kraj";310;47750;299;48049;NA;105840;609;2021-03-26;98953
2021-03-25;"Prešovský kraj";248;22279;213;22492;NA;105840;461;2021-03-25;98344
2021-03-24;"Prešovský kraj";381;19538;213;19751;NA;105840;594;2021-03-24;97883
2021-03-23;"Prešovský kraj";241;20329;255;20584;NA;105840;496;2021-03-23;97289
2021-03-22;"Prešovský kraj";299;28490;286;28776;NA;105840;585;2021-03-22;96793
2021-03-21;"Prešovský kraj";32;50646;274;50920;NA;105840;306;2021-03-21;96208
2021-03-20;"Prešovský kraj";180;91329;419;91748;NA;105840;599;2021-03-20;95902
2021-03-19;"Prešovský kraj";373;46196;320;46516;NA;105840;693;2021-03-19;95303
2021-03-18;"Prešovský kraj";251;21721;217;21938;NA;105840;468;2021-03-18;94610
2021-03-17;"Prešovský kraj";331;20887;231;21118;NA;105840;562;2021-03-17;94142
2021-03-16;"Prešovský kraj";461;20932;276;21208;NA;105840;737;2021-03-16;93580
2021-03-15;"Prešovský kraj";370;28789;324;29113;NA;105840;694;2021-03-15;92843
2021-03-14;"Prešovský kraj";52;51499;359;51858;NA;105840;411;2021-03-14;92149
2021-03-13;"Prešovský kraj";200;94977;531;95508;NA;105840;731;2021-03-13;91738
2021-03-12;"Prešovský kraj";425;47691;368;48059;NA;105840;793;2021-03-12;91007
2021-03-11;"Prešovský kraj";463;22059;253;22312;NA;105840;716;2021-03-11;90214
2021-03-10;"Prešovský kraj";325;20858;293;21151;NA;105840;618;2021-03-10;89498
2021-03-09;"Prešovský kraj";505;21449;288;21737;NA;105840;793;2021-03-09;88880
2021-03-08;"Prešovský kraj";314;28898;333;29231;NA;105840;647;2021-03-08;88087
2021-03-07;"Prešovský kraj";19;48918;395;49313;NA;105840;414;2021-03-07;87440
2021-03-06;"Prešovský kraj";193;96748;591;97339;NA;105840;784;2021-03-06;87026
2021-03-05;"Prešovský kraj";497;45967;393;46360;NA;105840;890;2021-03-05;86242
2021-03-04;"Prešovský kraj";372;22814;359;23173;NA;105840;731;2021-03-04;85352
2021-03-03;"Prešovský kraj";397;21424;330;21754;NA;105840;727;2021-03-03;84621
2021-03-02;"Prešovský kraj";421;22517;354;22871;NA;105840;775;2021-03-02;83894
2021-03-01;"Prešovský kraj";303;27716;406;28122;NA;105840;709;2021-03-01;83119
2021-02-28;"Prešovský kraj";75;45000;387;45387;NA;105840;462;2021-02-28;82410
2021-02-27;"Prešovský kraj";273;90102;734;90836;NA;105840;1007;2021-02-27;81948
2021-02-26;"Prešovský kraj";455;41700;439;42139;NA;105840;894;2021-02-26;80941
2021-02-25;"Prešovský kraj";270;19496;337;19833;NA;105840;607;2021-02-25;80047
2021-02-24;"Prešovský kraj";328;19026;377;19403;NA;105840;705;2021-02-24;79440
2021-02-23;"Prešovský kraj";430;21273;345;21618;NA;105840;775;2021-02-23;78735
2021-02-22;"Prešovský kraj";351;27175;356;27531;NA;105840;707;2021-02-22;77960
2021-02-21;"Prešovský kraj";66;31802;302;32104;NA;105840;368;2021-02-21;77253
2021-02-20;"Prešovský kraj";129;71413;517;71930;NA;105840;646;2021-02-20;76885
2021-02-19;"Prešovský kraj";381;38597;425;39022;NA;105840;806;2021-02-19;76239
2021-02-18;"Prešovský kraj";268;16960;322;17282;NA;105840;590;2021-02-18;75433
2021-02-17;"Prešovský kraj";293;17497;246;17743;NA;105840;539;2021-02-17;74843
2021-02-16;"Prešovský kraj";422;18757;265;19022;NA;105840;687;2021-02-16;74304
2021-02-15;"Prešovský kraj";211;31360;303;31663;NA;105840;514;2021-02-15;73617
2021-02-14;"Prešovský kraj";27;39271;318;39589;NA;105840;345;2021-02-14;73103
2021-02-13;"Prešovský kraj";157;73937;392;74329;NA;105840;549;2021-02-13;72758
2021-02-12;"Prešovský kraj";308;38720;362;39082;NA;105840;670;2021-02-12;72209
2021-02-11;"Prešovský kraj";218;16207;238;16445;NA;105840;456;2021-02-11;71539
2021-02-10;"Prešovský kraj";220;18499;279;18778;NA;105840;499;2021-02-10;71083
2021-02-09;"Prešovský kraj";323;21495;370;21865;NA;105840;693;2021-02-09;70584
2021-02-08;"Prešovský kraj";161;37202;261;37463;NA;105840;422;2021-02-08;69891
2021-02-07;"Prešovský kraj";21;33991;209;34200;NA;105840;230;2021-02-07;69469
2021-02-06;"Prešovský kraj";176;69490;361;69851;NA;105840;537;2021-02-06;69239
2021-02-05;"Prešovský kraj";177;30921;260;31181;NA;105840;437;2021-02-05;68702
2021-02-04;"Prešovský kraj";176;13073;237;13310;NA;105840;413;2021-02-04;68265
2021-02-03;"Prešovský kraj";251;8421;236;8657;NA;105840;487;2021-02-03;67852
2021-02-02;"Prešovský kraj";249;11976;275;12251;NA;105840;524;2021-02-02;67365
2021-02-01;"Prešovský kraj";220;16059;316;16375;NA;105840;536;2021-02-01;66841
2021-01-31;"Prešovský kraj";42;10587;107;10694;NA;105840;149;2021-01-31;66305
2021-01-30;"Prešovský kraj";142;23939;215;24154;NA;105840;357;2021-01-30;66156
2021-01-29;"Prešovský kraj";185;17924;326;18250;NA;105840;511;2021-01-29;65799
2021-01-28;"Prešovský kraj";311;8535;157;8692;NA;105840;468;2021-01-28;65288
2021-01-27;"Prešovský kraj";153;9886;150;10036;NA;105840;303;2021-01-27;64820
2021-01-26;"Prešovský kraj";252;16648;151;16799;NA;105840;403;2021-01-26;64517
2021-01-25;"Prešovský kraj";196;29649;251;29900;NA;105840;447;2021-01-25;64114
2021-01-24;"Prešovský kraj";12;45706;304;46010;NA;105840;316;2021-01-24;63667
2021-01-23;"Prešovský kraj";189;96051;483;96534;NA;105840;672;2021-01-23;63351
2021-01-22;"Prešovský kraj";187;34855;258;35113;NA;105840;445;2021-01-22;62679
2021-01-21;"Prešovský kraj";187;20545;212;20757;NA;105840;399;2021-01-21;62234
2021-01-20;"Prešovský kraj";253;14468;195;14663;NA;105840;448;2021-01-20;61835
2021-01-19;"Prešovský kraj";281;12329;305;12634;NA;105840;586;2021-01-19;61387
2021-01-18;"Prešovský kraj";203;10422;336;10758;NA;105840;539;2021-01-18;60801
2021-01-17;"Prešovský kraj";107;14391;1008;15399;NA;105840;1115;2021-01-17;60262
2021-01-16;"Prešovský kraj";72;1838;85;1923;NA;105840;157;2021-01-16;59147
2021-01-15;"Prešovský kraj";159;7033;257;7290;NA;105840;416;2021-01-15;58990
2021-01-14;"Prešovský kraj";268;5523;252;5775;NA;105840;520;2021-01-14;58574
2021-01-13;"Prešovský kraj";342;5649;226;5875;NA;105840;568;2021-01-13;58054
2021-01-12;"Prešovský kraj";455;8487;409;8896;NA;105840;864;2021-01-12;57486
2021-01-11;"Prešovský kraj";343;8351;479;8830;NA;105840;822;2021-01-11;56622
2021-01-10;"Prešovský kraj";63;476;23;499;NA;105840;86;2021-01-10;55800
2021-01-09;"Prešovský kraj";439;2248;125;2373;NA;105840;564;2021-01-09;55714
2021-01-08;"Prešovský kraj";430;10865;572;11437;NA;105840;1002;2021-01-08;55150
2021-01-07;"Prešovský kraj";268;7789;648;8437;NA;105840;916;2021-01-07;54148
2021-01-06;"Prešovský kraj";315;1484;134;1618;NA;105840;449;2021-01-06;53232
2021-01-05;"Prešovský kraj";655;11591;1003;12594;NA;105840;1658;2021-01-05;52783
2021-01-04;"Prešovský kraj";371;17185;1812;18997;NA;105840;2183;2021-01-04;51125
2021-01-03;"Prešovský kraj";89;459;41;500;NA;105840;130;2021-01-03;48942
2021-01-02;"Prešovský kraj";65;1556;160;1716;NA;105840;225;2021-01-02;48812
2021-01-01;"Prešovský kraj";174;956;71;1027;NA;105840;245;2021-01-01;48587
2020-12-31;"Prešovský kraj";640;11959;783;12742;NA;105840;1423;2020-12-31;48342
2020-12-30;"Prešovský kraj";729;9065;802;9867;NA;105840;1531;2020-12-30;46919
2020-12-29;"Prešovský kraj";435;9273;949;10222;NA;105840;1384;2020-12-29;45388
2020-12-28;"Prešovský kraj";393;9046;1079;10125;NA;105840;1472;2020-12-28;44004
2020-12-27;"Prešovský kraj";40;613;45;658;NA;105840;85;2020-12-27;42532
2020-12-26;"Prešovský kraj";64;176;12;188;NA;105840;76;2020-12-26;42447
2020-12-25;"Prešovský kraj";208;274;11;285;NA;105840;219;2020-12-25;42371
2020-12-24;"Prešovský kraj";452;1214;85;1299;NA;105840;537;2020-12-24;42152
2020-12-23;"Prešovský kraj";361;11369;635;12004;NA;105840;996;2020-12-23;41615
2020-12-22;"Prešovský kraj";439;9371;710;10081;NA;105840;1149;2020-12-22;40619
2020-12-21;"Prešovský kraj";432;9911;880;10791;NA;105840;1312;2020-12-21;39470
2020-12-20;"Prešovský kraj";184;396;20;416;NA;105840;204;2020-12-20;38158
2020-12-19;"Prešovský kraj";276;1658;151;1809;NA;105840;427;2020-12-19;37954
2020-12-18;"Prešovský kraj";396;8845;595;9440;NA;105840;991;2020-12-18;37527
2020-12-17;"Prešovský kraj";427;10826;891;11717;NA;105840;1318;2020-12-17;36536
2020-12-16;"Prešovský kraj";466;6017;508;6525;NA;105840;974;2020-12-16;35218
2020-12-15;"Prešovský kraj";411;5685;584;6269;NA;105840;995;2020-12-15;34244
2020-12-14;"Prešovský kraj";334;5767;508;6275;NA;105840;842;2020-12-14;33249
2020-12-13;"Prešovský kraj";89;29;8;37;NA;105840;97;2020-12-13;32407
2020-12-12;"Prešovský kraj";319;2474;166;2640;NA;105840;485;2020-12-12;32310
2020-12-11;"Prešovský kraj";560;5602;402;6004;NA;105840;962;2020-12-11;31825
2020-12-10;"Prešovský kraj";337;5180;440;5620;NA;105840;777;2020-12-10;30863
2020-12-09;"Prešovský kraj";358;4357;314;4671;NA;105840;672;2020-12-09;30086
2020-12-08;"Prešovský kraj";350;6629;651;7280;NA;105840;1001;2020-12-08;29414
2020-12-07;"Prešovský kraj";309;4345;327;4672;NA;105840;636;2020-12-07;28413
2020-12-06;"Prešovský kraj";59;655;26;681;NA;105840;85;2020-12-06;27777
2020-12-05;"Prešovský kraj";218;984;87;1071;NA;105840;305;2020-12-05;27692
2020-12-04;"Prešovský kraj";352;5070;293;5363;NA;105840;645;2020-12-04;27387
2020-12-03;"Prešovský kraj";284;2456;179;2635;NA;105840;463;2020-12-03;26742
2020-12-02;"Prešovský kraj";232;2830;225;3055;NA;105840;457;2020-12-02;26279
2020-12-01;"Prešovský kraj";281;1884;196;2080;NA;105840;477;2020-12-01;25822
2020-11-30;"Prešovský kraj";196;5333;97;5430;NA;105840;293;2020-11-30;25345
2020-11-29;"Prešovský kraj";27;379;42;421;NA;105840;69;2020-11-29;25052
2020-11-28;"Prešovský kraj";199;772;77;849;NA;105840;276;2020-11-28;24983
2020-11-27;"Prešovský kraj";232;2350;130;2480;NA;105840;362;2020-11-27;24707
2020-11-26;"Prešovský kraj";263;3014;329;3343;NA;105840;592;2020-11-26;24345
2020-11-25;"Prešovský kraj";302;2174;103;2277;NA;105840;405;2020-11-25;23753
2020-11-24;"Prešovský kraj";365;1777;156;1933;NA;105840;521;2020-11-24;23348
2020-11-23;"Prešovský kraj";164;1099;60;1159;NA;105840;224;2020-11-23;22827
2020-11-22;"Prešovský kraj";46;44;1;45;NA;105840;47;2020-11-22;22603
2020-11-21;"Prešovský kraj";205;754;62;816;NA;105840;267;2020-11-21;22556
2020-11-20;"Prešovský kraj";363;2258;102;2360;NA;105840;465;2020-11-20;22289
2020-11-19;"Prešovský kraj";359;2096;238;2334;NA;105840;597;2020-11-19;21824
2020-11-18;"Prešovský kraj";270;488;43;531;NA;105840;313;2020-11-18;21227
2020-11-17;"Prešovský kraj";347;205;23;228;NA;105840;370;2020-11-17;20914
2020-11-16;"Prešovský kraj";226;540;58;598;NA;105840;284;2020-11-16;20544
2020-11-15;"Prešovský kraj";186;39;4;43;NA;105840;190;2020-11-15;20260
2020-11-14;"Prešovský kraj";261;54;4;58;NA;105840;265;2020-11-14;20070
2020-11-13;"Prešovský kraj";395;166;8;174;NA;105840;403;2020-11-13;19805
2020-11-12;"Prešovský kraj";397;229;50;279;NA;105840;447;2020-11-12;19402
2020-11-11;"Prešovský kraj";516;161;15;176;NA;105840;531;2020-11-11;18955
2020-11-10;"Prešovský kraj";437;197;9;206;NA;105840;446;2020-11-10;18424
2020-11-09;"Prešovský kraj";190;4112;945;5057;NA;105840;1135;2020-11-09;17978
2020-11-08;"Prešovský kraj";97;2817;32;2849;NA;105840;129;2020-11-08;16843
2020-11-07;"Prešovský kraj";416;8578;81;8659;NA;105840;497;2020-11-07;16714
2020-11-06;"Prešovský kraj";520;4791;76;4867;NA;105840;596;2020-11-06;16217
2020-11-05;"Prešovský kraj";397;180;5;185;NA;105840;402;2020-11-05;15621
2020-11-04;"Prešovský kraj";350;807;8;815;NA;105840;358;2020-11-04;15219
2020-11-03;"Prešovský kraj";565;98;12;110;NA;105840;577;2020-11-03;14861
2020-11-02;"Prešovský kraj";203;4158;1004;5162;NA;105840;1207;2020-11-02;14284
2020-11-01;"Prešovský kraj";386;2906;53;2959;NA;105840;439;2020-11-01;13077
2020-10-31;"Prešovský kraj";315;10497;170;10667;NA;105840;485;2020-10-31;12638
2020-10-30;"Prešovský kraj";552;2949;65;3014;NA;105840;617;2020-10-30;12153
2020-10-29;"Prešovský kraj";594;301;38;339;NA;105840;632;2020-10-29;11536
2020-10-28;"Prešovský kraj";617;291;46;337;NA;105840;663;2020-10-28;10904
2020-10-27;"Prešovský kraj";656;268;34;302;NA;105840;690;2020-10-27;10241
2020-10-26;"Prešovský kraj";137;363;57;420;NA;105840;194;2020-10-26;9551
2020-10-25;"Prešovský kraj";237;346;11;357;NA;105840;248;2020-10-25;9357
2020-10-24;"Prešovský kraj";719;200;12;212;NA;105840;731;2020-10-24;9109
2020-10-23;"Prešovský kraj";750;218;8;226;NA;105840;758;2020-10-23;8378
2020-10-22;"Prešovský kraj";646;396;30;426;NA;105840;676;2020-10-22;7620
2020-10-21;"Prešovský kraj";383;58;8;66;NA;105840;391;2020-10-21;6944
2020-10-20;"Prešovský kraj";493;65;7;72;NA;105840;500;2020-10-20;6553
2020-10-19;"Prešovský kraj";140;235;15;250;NA;105840;155;2020-10-19;6053
2020-10-18;"Prešovský kraj";209;0;0;0;NA;105840;209;2020-10-18;5898
2020-10-17;"Prešovský kraj";342;0;0;0;NA;105840;342;2020-10-17;5689
2020-10-16;"Prešovský kraj";388;57;3;60;NA;105840;391;2020-10-16;5347
2020-10-15;"Prešovský kraj";435;85;18;103;NA;105840;453;2020-10-15;4956
2020-10-14;"Prešovský kraj";451;54;10;64;NA;105840;461;2020-10-14;4503
2020-10-13;"Prešovský kraj";264;50;6;56;NA;105840;270;2020-10-13;4042
2020-10-12;"Prešovský kraj";214;334;35;369;NA;105840;249;2020-10-12;3772
2020-10-11;"Prešovský kraj";127;0;0;0;NA;105840;127;2020-10-11;3523
2020-10-10;"Prešovský kraj";248;0;0;0;NA;105840;248;2020-10-10;3396
2020-10-09;"Prešovský kraj";406;0;0;0;NA;105840;406;2020-10-09;3148
2020-10-08;"Prešovský kraj";245;0;0;0;NA;105840;245;2020-10-08;2742
2020-10-07;"Prešovský kraj";244;0;0;0;NA;105840;244;2020-10-07;2497
2020-10-06;"Prešovský kraj";166;0;0;0;NA;105840;166;2020-10-06;2253
2020-10-05;"Prešovský kraj";84;0;0;0;NA;105840;84;2020-10-05;2087
2020-10-04;"Prešovský kraj";118;0;0;0;NA;105840;118;2020-10-04;2003
2020-10-03;"Prešovský kraj";204;0;0;0;NA;105840;204;2020-10-03;1885
2020-10-02;"Prešovský kraj";149;0;0;0;NA;105840;149;2020-10-02;1681
2020-10-01;"Prešovský kraj";136;0;0;0;NA;105840;136;2020-10-01;1532
2020-09-30;"Prešovský kraj";121;0;0;0;NA;105840;121;2020-09-30;1396
2020-09-29;"Prešovský kraj";156;0;0;0;NA;105840;156;2020-09-29;1275
2020-09-28;"Prešovský kraj";51;0;0;0;NA;105840;51;2020-09-28;1119
2020-09-27;"Prešovský kraj";10;0;0;0;NA;105840;10;2020-09-27;1068
2020-09-26;"Prešovský kraj";72;0;0;0;NA;105840;72;2020-09-26;1058
2020-09-25;"Prešovský kraj";91;0;0;0;NA;105840;91;2020-09-25;986
2020-09-24;"Prešovský kraj";52;0;0;0;NA;105840;52;2020-09-24;895
2020-09-23;"Prešovský kraj";55;0;0;0;NA;105840;55;2020-09-23;843
2020-09-22;"Prešovský kraj";29;0;0;0;NA;105840;29;2020-09-22;788
2020-09-21;"Prešovský kraj";14;0;0;0;NA;105840;14;2020-09-21;759
2020-09-20;"Prešovský kraj";5;0;0;0;NA;105840;5;2020-09-20;745
2020-09-19;"Prešovský kraj";12;0;0;0;NA;105840;12;2020-09-19;740
2020-09-18;"Prešovský kraj";29;0;0;0;NA;105840;29;2020-09-18;728
2020-09-17;"Prešovský kraj";25;0;0;0;NA;105840;25;2020-09-17;699
2020-09-16;"Prešovský kraj";8;0;0;0;NA;105840;8;2020-09-16;674
2020-09-15;"Prešovský kraj";10;0;0;0;NA;105840;10;2020-09-15;666
2020-09-14;"Prešovský kraj";47;0;0;0;NA;105840;47;2020-09-14;656
2020-09-13;"Prešovský kraj";3;0;0;0;NA;105840;3;2020-09-13;609
2020-09-12;"Prešovský kraj";4;0;0;0;NA;105840;4;2020-09-12;606
2020-09-11;"Prešovský kraj";15;0;0;0;NA;105840;15;2020-09-11;602
2020-09-10;"Prešovský kraj";10;0;0;0;NA;105840;10;2020-09-10;587
2020-09-09;"Prešovský kraj";21;0;0;0;NA;105840;21;2020-09-09;577
2020-09-08;"Prešovský kraj";23;0;0;0;NA;105840;23;2020-09-08;556
2020-09-07;"Prešovský kraj";5;0;0;0;NA;105840;5;2020-09-07;533
2020-09-06;"Prešovský kraj";3;0;0;0;NA;105840;3;2020-09-06;528
2020-09-05;"Prešovský kraj";7;0;0;0;NA;105840;7;2020-09-05;525
2020-09-04;"Prešovský kraj";24;0;0;0;NA;105840;24;2020-09-04;518
2020-09-03;"Prešovský kraj";8;0;0;0;NA;105840;8;2020-09-03;494
2020-09-02;"Prešovský kraj";9;0;0;0;NA;105840;9;2020-09-02;486
2020-09-01;"Prešovský kraj";6;0;0;0;NA;105840;6;2020-09-01;477
2020-08-31;"Prešovský kraj";3;0;0;0;NA;105840;3;2020-08-31;471
2020-08-30;"Prešovský kraj";6;0;0;0;NA;105840;6;2020-08-30;468
2020-08-29;"Prešovský kraj";4;0;0;0;NA;105840;4;2020-08-29;462
2020-08-28;"Prešovský kraj";6;0;0;0;NA;105840;6;2020-08-28;458
2020-08-27;"Prešovský kraj";7;0;0;0;NA;105840;7;2020-08-27;452
2020-08-26;"Prešovský kraj";22;0;0;0;NA;105840;22;2020-08-26;445
2020-08-25;"Prešovský kraj";1;0;0;0;NA;105840;1;2020-08-25;423
2020-08-24;"Prešovský kraj";5;0;0;0;NA;105840;5;2020-08-24;422
2020-08-23;"Prešovský kraj";3;0;0;0;NA;105840;3;2020-08-23;417
2020-08-22;"Prešovský kraj";3;0;0;0;NA;105840;3;2020-08-22;414
2020-08-21;"Prešovský kraj";11;0;0;0;NA;105840;11;2020-08-21;411
2020-08-20;"Prešovský kraj";8;0;0;0;NA;105840;8;2020-08-20;400
2020-08-19;"Prešovský kraj";8;0;0;0;NA;105840;8;2020-08-19;392
2020-08-18;"Prešovský kraj";6;0;0;0;NA;105840;6;2020-08-18;384
2020-08-17;"Prešovský kraj";1;0;0;0;NA;105840;1;2020-08-17;378
2020-08-16;"Prešovský kraj";0;0;0;0;NA;105840;0;2020-08-16;377
2020-08-15;"Prešovský kraj";8;0;0;0;NA;105840;8;2020-08-15;377
2020-08-14;"Prešovský kraj";6;0;0;0;NA;105840;6;2020-08-14;369
2020-08-13;"Prešovský kraj";8;0;0;0;NA;105840;8;2020-08-13;363
2020-08-12;"Prešovský kraj";19;0;0;0;NA;105840;19;2020-08-12;355
2020-08-11;"Prešovský kraj";3;0;0;0;NA;105840;3;2020-08-11;336
2020-08-10;"Prešovský kraj";0;0;0;0;NA;105840;0;2020-08-10;333
2020-08-09;"Prešovský kraj";0;0;0;0;NA;105840;0;2020-08-09;333
2020-08-08;"Prešovský kraj";2;0;0;0;NA;105840;2;2020-08-08;333
2020-08-07;"Prešovský kraj";6;0;0;0;NA;105840;6;2020-08-07;331
2020-08-06;"Prešovský kraj";2;0;0;0;NA;105840;2;2020-08-06;325
2020-08-05;"Prešovský kraj";8;0;0;0;NA;105840;8;2020-08-05;323
2020-08-04;"Prešovský kraj";5;0;0;0;NA;105840;5;2020-08-04;315
2020-08-03;"Prešovský kraj";4;0;0;0;NA;105840;4;2020-08-03;310
2020-08-02;"Prešovský kraj";6;0;0;0;NA;105840;6;2020-08-02;306
2020-08-01;"Prešovský kraj";0;0;0;0;NA;105840;0;2020-08-01;300
2020-07-31;"Prešovský kraj";2;0;0;0;NA;105840;2;2020-07-31;300
2020-07-30;"Prešovský kraj";6;0;0;0;NA;105840;6;2020-07-30;298
2020-07-29;"Prešovský kraj";5;0;0;0;NA;105840;5;2020-07-29;292
2020-07-28;"Prešovský kraj";0;0;0;0;NA;105840;0;2020-07-28;287
2020-07-27;"Prešovský kraj";1;0;0;0;NA;105840;1;2020-07-27;287
2020-07-26;"Prešovský kraj";1;0;0;0;NA;105840;1;2020-07-26;286
2020-07-25;"Prešovský kraj";21;0;0;0;NA;105840;21;2020-07-25;285
2020-07-24;"Prešovský kraj";1;0;0;0;NA;105840;1;2020-07-24;264
2020-07-23;"Prešovský kraj";5;0;0;0;NA;105840;5;2020-07-23;263
2020-07-22;"Prešovský kraj";1;0;0;0;NA;105840;1;2020-07-22;258
2020-07-21;"Prešovský kraj";2;0;0;0;NA;105840;2;2020-07-21;257
2020-07-20;"Prešovský kraj";1;0;0;0;NA;105840;1;2020-07-20;255
2020-07-19;"Prešovský kraj";0;0;0;0;NA;105840;0;2020-07-19;254
2020-07-18;"Prešovský kraj";0;0;0;0;NA;105840;0;2020-07-18;254
2020-07-17;"Prešovský kraj";3;0;0;0;NA;105840;3;2020-07-17;254
2020-07-16;"Prešovský kraj";1;0;0;0;NA;105840;1;2020-07-16;251
2020-07-15;"Prešovský kraj";5;0;0;0;NA;105840;5;2020-07-15;250
2020-07-14;"Prešovský kraj";5;0;0;0;NA;105840;5;2020-07-14;245
2020-07-13;"Prešovský kraj";1;0;0;0;NA;105840;1;2020-07-13;240
2020-07-12;"Prešovský kraj";1;0;0;0;NA;105840;1;2020-07-12;239
2020-07-11;"Prešovský kraj";6;0;0;0;NA;105840;6;2020-07-11;238
2020-07-10;"Prešovský kraj";5;0;0;0;NA;105840;5;2020-07-10;232
2020-07-09;"Prešovský kraj";2;0;0;0;NA;105840;2;2020-07-09;227
2020-07-08;"Prešovský kraj";14;0;0;0;NA;105840;14;2020-07-08;225
2020-07-07;"Prešovský kraj";2;0;0;0;NA;105840;2;2020-07-07;211
2020-07-06;"Prešovský kraj";0;0;0;0;NA;105840;0;2020-07-06;209
2020-07-05;"Prešovský kraj";0;0;0;0;NA;105840;0;2020-07-05;209
2020-07-04;"Prešovský kraj";1;0;0;0;NA;105840;1;2020-07-04;209
2020-07-03;"Prešovský kraj";3;0;0;0;NA;105840;3;2020-07-03;208
2020-07-02;"Prešovský kraj";0;0;0;0;NA;105840;0;2020-07-02;205
2020-07-01;"Prešovský kraj";0;0;0;0;NA;105840;0;2020-07-01;205
2020-06-30;"Prešovský kraj";7;0;0;0;NA;105840;7;2020-06-30;205
2020-06-29;"Prešovský kraj";0;0;0;0;NA;105840;0;2020-06-29;198
2020-06-28;"Prešovský kraj";0;0;0;0;NA;105840;0;2020-06-28;198
2020-06-27;"Prešovský kraj";3;0;0;0;NA;105840;3;2020-06-27;198
2020-06-26;"Prešovský kraj";3;0;0;0;NA;105840;3;2020-06-26;195
2020-06-25;"Prešovský kraj";0;0;0;0;NA;105840;0;2020-06-25;192
2020-06-24;"Prešovský kraj";4;0;0;0;NA;105840;4;2020-06-24;192
2020-06-23;"Prešovský kraj";0;0;0;0;NA;105840;0;2020-06-23;188
2020-06-22;"Prešovský kraj";0;0;0;0;NA;105840;0;2020-06-22;188
2020-06-21;"Prešovský kraj";0;0;0;0;NA;105840;0;2020-06-21;188
2020-06-20;"Prešovský kraj";0;0;0;0;NA;105840;0;2020-06-20;188
2020-06-19;"Prešovský kraj";1;0;0;0;NA;105840;1;2020-06-19;188
2020-06-18;"Prešovský kraj";0;0;0;0;NA;105840;0;2020-06-18;187
2020-06-17;"Prešovský kraj";0;0;0;0;NA;105840;0;2020-06-17;187
2020-06-16;"Prešovský kraj";6;0;0;0;NA;105840;6;2020-06-16;187
2020-06-14;"Prešovský kraj";0;0;0;0;NA;105840;0;2020-06-14;181
2020-06-13;"Prešovský kraj";0;0;0;0;NA;105840;0;2020-06-13;181
2020-06-12;"Prešovský kraj";1;0;0;0;NA;105840;1;2020-06-12;181
2020-06-11;"Prešovský kraj";0;0;0;0;NA;105840;0;2020-06-11;180
2020-06-10;"Prešovský kraj";0;0;0;0;NA;105840;0;2020-06-10;180
2020-06-09;"Prešovský kraj";0;0;0;0;NA;105840;0;2020-06-09;180
2020-06-08;"Prešovský kraj";0;0;0;0;NA;105840;0;2020-06-08;180
2020-06-07;"Prešovský kraj";0;0;0;0;NA;105840;0;2020-06-07;180
2020-06-05;"Prešovský kraj";0;0;0;0;NA;105840;0;2020-06-05;180
2020-06-03;"Prešovský kraj";0;0;0;0;NA;105840;0;2020-06-03;180
2020-06-02;"Prešovský kraj";1;0;0;0;NA;105840;1;2020-06-02;180
2020-05-31;"Prešovský kraj";1;0;0;0;NA;105840;1;2020-05-31;179
2020-05-29;"Prešovský kraj";0;0;0;0;NA;105840;0;2020-05-29;178
2020-05-27;"Prešovský kraj";0;0;0;0;NA;105840;0;2020-05-27;178
2020-05-26;"Prešovský kraj";0;0;0;0;NA;105840;0;2020-05-26;178
2020-05-25;"Prešovský kraj";0;0;0;0;NA;105840;0;2020-05-25;178
2020-05-24;"Prešovský kraj";0;0;0;0;NA;105840;0;2020-05-24;178
2020-05-23;"Prešovský kraj";0;0;0;0;NA;105840;0;2020-05-23;178
2020-05-22;"Prešovský kraj";0;0;0;0;NA;105840;0;2020-05-22;178
2020-05-21;"Prešovský kraj";1;0;0;0;NA;105840;1;2020-05-21;178
2020-05-20;"Prešovský kraj";0;0;0;0;NA;105840;0;2020-05-20;177
2020-05-19;"Prešovský kraj";0;0;0;0;NA;105840;0;2020-05-19;177
2020-05-17;"Prešovský kraj";0;0;0;0;NA;105840;0;2020-05-17;177
2020-05-16;"Prešovský kraj";0;0;0;0;NA;105840;0;2020-05-16;177
2020-05-15;"Prešovský kraj";0;0;0;0;NA;105840;0;2020-05-15;177
2020-05-14;"Prešovský kraj";0;0;0;0;NA;105840;0;2020-05-14;177
2020-05-13;"Prešovský kraj";1;0;0;0;NA;105840;1;2020-05-13;177
2020-05-12;"Prešovský kraj";0;0;0;0;NA;105840;0;2020-05-12;176
2020-05-11;"Prešovský kraj";1;0;0;0;NA;105840;1;2020-05-11;176
2020-05-09;"Prešovský kraj";0;0;0;0;NA;105840;0;2020-05-09;175
2020-05-07;"Prešovský kraj";0;0;0;0;NA;105840;0;2020-05-07;175
2020-05-06;"Prešovský kraj";0;0;0;0;NA;105840;0;2020-05-06;175
2020-05-05;"Prešovský kraj";1;0;0;0;NA;105840;1;2020-05-05;175
2020-05-04;"Prešovský kraj";0;0;0;0;NA;105840;0;2020-05-04;174
2020-05-03;"Prešovský kraj";0;0;0;0;NA;105840;0;2020-05-03;174
2020-05-02;"Prešovský kraj";0;0;0;0;NA;105840;0;2020-05-02;174
2020-05-01;"Prešovský kraj";2;0;0;0;NA;105840;2;2020-05-01;174
2020-04-30;"Prešovský kraj";0;0;0;0;NA;105840;0;2020-04-30;172
2020-04-29;"Prešovský kraj";1;0;0;0;NA;105840;1;2020-04-29;172
2020-04-28;"Prešovský kraj";1;0;0;0;NA;105840;1;2020-04-28;171
2020-04-27;"Prešovský kraj";2;0;0;0;NA;105840;2;2020-04-27;170
2020-04-26;"Prešovský kraj";0;0;0;0;NA;105840;0;2020-04-26;168
2020-04-25;"Prešovský kraj";0;0;0;0;NA;105840;0;2020-04-25;168
2020-04-24;"Prešovský kraj";0;0;0;0;NA;105840;0;2020-04-24;168
2020-04-23;"Prešovský kraj";2;0;0;0;NA;105840;2;2020-04-23;168
2020-04-22;"Prešovský kraj";11;0;0;0;NA;105840;11;2020-04-22;166
2020-04-21;"Prešovský kraj";12;0;0;0;NA;105840;12;2020-04-21;155
2020-04-20;"Prešovský kraj";2;0;0;0;NA;105840;2;2020-04-20;143
2020-04-19;"Prešovský kraj";4;0;0;0;NA;105840;4;2020-04-19;141
2020-04-18;"Prešovský kraj";1;0;0;0;NA;105840;1;2020-04-18;137
2020-04-17;"Prešovský kraj";4;0;0;0;NA;105840;4;2020-04-17;136
2020-04-16;"Prešovský kraj";9;0;0;0;NA;105840;9;2020-04-16;132
2020-04-15;"Prešovský kraj";21;0;0;0;NA;105840;21;2020-04-15;123
2020-04-14;"Prešovský kraj";1;0;0;0;NA;105840;1;2020-04-14;102
2020-04-13;"Prešovský kraj";2;0;0;0;NA;105840;2;2020-04-13;101
2020-04-12;"Prešovský kraj";6;0;0;0;NA;105840;6;2020-04-12;99
2020-04-11;"Prešovský kraj";4;0;0;0;NA;105840;4;2020-04-11;93
2020-04-10;"Prešovský kraj";0;0;0;0;NA;105840;0;2020-04-10;89
2020-04-09;"Prešovský kraj";1;0;0;0;NA;105840;1;2020-04-09;89
2020-04-08;"Prešovský kraj";0;0;0;0;NA;105840;0;2020-04-08;88
2020-04-07;"Prešovský kraj";7;0;0;0;NA;105840;7;2020-04-07;88
2020-04-06;"Prešovský kraj";10;0;0;0;NA;105840;10;2020-04-06;81
2020-04-05;"Prešovský kraj";13;0;0;0;NA;105840;13;2020-04-05;71
2020-04-04;"Prešovský kraj";1;0;0;0;NA;105840;1;2020-04-04;58
2020-04-03;"Prešovský kraj";4;0;0;0;NA;105840;4;2020-04-03;57
2020-04-02;"Prešovský kraj";6;0;0;0;NA;105840;6;2020-04-02;53
2020-04-01;"Prešovský kraj";6;0;0;0;NA;105840;6;2020-04-01;47
2020-03-31;"Prešovský kraj";6;0;0;0;NA;105840;6;2020-03-31;41
2020-03-30;"Prešovský kraj";2;0;0;0;NA;105840;2;2020-03-30;35
2020-03-29;"Prešovský kraj";2;0;0;0;NA;105840;2;2020-03-29;33
2020-03-28;"Prešovský kraj";2;0;0;0;NA;105840;2;2020-03-28;31
2020-03-27;"Prešovský kraj";1;0;0;0;NA;105840;1;2020-03-27;29
2020-03-26;"Prešovský kraj";8;0;0;0;NA;105840;8;2020-03-26;28
2020-03-25;"Prešovský kraj";1;0;0;0;NA;105840;1;2020-03-25;20
2020-03-24;"Prešovský kraj";4;0;0;0;NA;105840;4;2020-03-24;19
2020-03-23;"Prešovský kraj";0;0;0;0;NA;105840;0;2020-03-23;15
2020-03-22;"Prešovský kraj";1;0;0;0;NA;105840;1;2020-03-22;15
2020-03-21;"Prešovský kraj";2;0;0;0;NA;105840;2;2020-03-21;14
2020-03-20;"Prešovský kraj";3;0;0;0;NA;105840;3;2020-03-20;12
2020-03-19;"Prešovský kraj";2;0;0;0;NA;105840;2;2020-03-19;9
2020-03-18;"Prešovský kraj";1;0;0;0;NA;105840;1;2020-03-18;7
2020-03-17;"Prešovský kraj";1;0;0;0;NA;105840;1;2020-03-17;6
2020-03-16;"Prešovský kraj";4;0;0;0;NA;105840;4;2020-03-16;5
2020-03-15;"Prešovský kraj";0;0;0;0;NA;105840;0;2020-03-15;1
2020-03-14;"Prešovský kraj";1;0;0;0;NA;105840;1;2020-03-14;1
2020-03-13;"Prešovský kraj";0;0;0;0;NA;105840;0;2020-03-13;0
2020-03-12;"Prešovský kraj";0;0;0;0;NA;105840;0;2020-03-12;0
2020-03-11;"Prešovský kraj";0;0;0;0;NA;105840;0;2020-03-11;0
2020-03-09;"Prešovský kraj";0;0;0;0;NA;105840;0;2020-03-09;0
2020-03-08;"Prešovský kraj";0;0;0;0;NA;105840;0;2020-03-08;0
2020-03-07;"Prešovský kraj";0;0;0;0;NA;105840;0;2020-03-07;0
2020-03-06;"Prešovský kraj";0;0;0;0;NA;105840;0;2020-03-06;0
2021-04-13;"Trenčiansky kraj";189;18247;71;18318;50754;95539;260;2021-04-13;95539
2021-04-12;"Trenčiansky kraj";97;23728;91;23819;NA;95539;188;2021-04-12;95279
2021-04-11;"Trenčiansky kraj";1;33002;71;33073;NA;95539;72;2021-04-11;95091
2021-04-10;"Trenčiansky kraj";81;78372;141;78513;NA;95539;222;2021-04-10;95019
2021-04-09;"Trenčiansky kraj";120;27960;91;28051;NA;95539;211;2021-04-09;94797
2021-04-08;"Trenčiansky kraj";112;13282;85;13367;NA;95539;197;2021-04-08;94586
2021-04-07;"Trenčiansky kraj";204;17689;122;17811;NA;95539;326;2021-04-07;94389
2021-04-06;"Trenčiansky kraj";157;28622;178;28800;NA;95539;335;2021-04-06;94063
2021-04-05;"Trenčiansky kraj";15;9227;64;9291;NA;95539;79;2021-04-05;93728
2021-04-04;"Trenčiansky kraj";2;20384;85;20469;NA;95539;87;2021-04-04;93649
2021-04-03;"Trenčiansky kraj";86;80159;217;80376;NA;95539;303;2021-04-03;93562
2021-04-02;"Trenčiansky kraj";126;21531;80;21611;NA;95539;206;2021-04-02;93259
2021-04-01;"Trenčiansky kraj";159;32360;139;32499;NA;95539;298;2021-04-01;93053
2021-03-31;"Trenčiansky kraj";198;20100;130;20230;NA;95539;328;2021-03-31;92755
2021-03-30;"Trenčiansky kraj";272;17300;136;17436;NA;95539;408;2021-03-30;92427
2021-03-29;"Trenčiansky kraj";142;19478;170;19648;NA;95539;312;2021-03-29;92019
2021-03-28;"Trenčiansky kraj";3;34656;116;34772;NA;95539;119;2021-03-28;91707
2021-03-27;"Trenčiansky kraj";130;77314;293;77607;NA;95539;423;2021-03-27;91588
2021-03-26;"Trenčiansky kraj";211;35054;157;35211;NA;95539;368;2021-03-26;91165
2021-03-25;"Trenčiansky kraj";184;16549;176;16725;NA;95539;360;2021-03-25;90797
2021-03-24;"Trenčiansky kraj";259;13099;171;13270;NA;95539;430;2021-03-24;90437
2021-03-23;"Trenčiansky kraj";349;17588;174;17762;NA;95539;523;2021-03-23;90007
2021-03-22;"Trenčiansky kraj";141;21118;213;21331;NA;95539;354;2021-03-22;89484
2021-03-21;"Trenčiansky kraj";85;32709;164;32873;NA;95539;249;2021-03-21;89130
2021-03-20;"Trenčiansky kraj";128;80035;322;80357;NA;95539;450;2021-03-20;88881
2021-03-19;"Trenčiansky kraj";231;34784;232;35016;NA;95539;463;2021-03-19;88431
2021-03-18;"Trenčiansky kraj";262;16105;178;16283;NA;95539;440;2021-03-18;87968
2021-03-17;"Trenčiansky kraj";366;13436;163;13599;NA;95539;529;2021-03-17;87528
2021-03-16;"Trenčiansky kraj";450;15281;241;15522;NA;95539;691;2021-03-16;86999
2021-03-15;"Trenčiansky kraj";162;21129;261;21390;NA;95539;423;2021-03-15;86308
2021-03-14;"Trenčiansky kraj";42;33876;233;34109;NA;95539;275;2021-03-14;85885
2021-03-13;"Trenčiansky kraj";270;79187;453;79640;NA;95539;723;2021-03-13;85610
2021-03-12;"Trenčiansky kraj";366;34783;307;35090;NA;95539;673;2021-03-12;84887
2021-03-11;"Trenčiansky kraj";302;15557;213;15770;NA;95539;515;2021-03-11;84214
2021-03-10;"Trenčiansky kraj";402;13452;236;13688;NA;95539;638;2021-03-10;83699
2021-03-09;"Trenčiansky kraj";586;17982;285;18267;NA;95539;871;2021-03-09;83061
2021-03-08;"Trenčiansky kraj";174;21700;362;22062;NA;95539;536;2021-03-08;82190
2021-03-07;"Trenčiansky kraj";4;33991;318;34309;NA;95539;322;2021-03-07;81654
2021-03-06;"Trenčiansky kraj";260;79406;529;79935;NA;95539;789;2021-03-06;81332
2021-03-05;"Trenčiansky kraj";326;32674;414;33088;NA;95539;740;2021-03-05;80543
2021-03-04;"Trenčiansky kraj";323;16820;315;17135;NA;95539;638;2021-03-04;79803
2021-03-03;"Trenčiansky kraj";413;13953;346;14299;NA;95539;759;2021-03-03;79165
2021-03-02;"Trenčiansky kraj";612;17793;348;18141;NA;95539;960;2021-03-02;78406
2021-03-01;"Trenčiansky kraj";217;21127;445;21572;NA;95539;662;2021-03-01;77446
2021-02-28;"Trenčiansky kraj";45;30238;376;30614;NA;95539;421;2021-02-28;76784
2021-02-27;"Trenčiansky kraj";277;78732;686;79418;NA;95539;963;2021-02-27;76363
2021-02-26;"Trenčiansky kraj";420;32932;435;33367;NA;95539;855;2021-02-26;75400
2021-02-25;"Trenčiansky kraj";424;14029;328;14357;NA;95539;752;2021-02-25;74545
2021-02-24;"Trenčiansky kraj";427;12002;399;12401;NA;95539;826;2021-02-24;73793
2021-02-23;"Trenčiansky kraj";577;14904;390;15294;NA;95539;967;2021-02-23;72967
2021-02-22;"Trenčiansky kraj";160;19969;468;20437;NA;95539;628;2021-02-22;72000
2021-02-21;"Trenčiansky kraj";64;29478;392;29870;NA;95539;456;2021-02-21;71372
2021-02-20;"Trenčiansky kraj";274;77840;745;78585;NA;95539;1019;2021-02-20;70916
2021-02-19;"Trenčiansky kraj";272;30242;520;30762;NA;95539;792;2021-02-19;69897
2021-02-18;"Trenčiansky kraj";355;14385;410;14795;NA;95539;765;2021-02-18;69105
2021-02-17;"Trenčiansky kraj";363;11402;376;11778;NA;95539;739;2021-02-17;68340
2021-02-16;"Trenčiansky kraj";488;17748;406;18154;NA;95539;894;2021-02-16;67601
2021-02-15;"Trenčiansky kraj";151;21846;463;22309;NA;95539;614;2021-02-15;66707
2021-02-14;"Trenčiansky kraj";2;31240;324;31564;NA;95539;326;2021-02-14;66093
2021-02-13;"Trenčiansky kraj";274;63006;522;63528;NA;95539;796;2021-02-13;65767
2021-02-12;"Trenčiansky kraj";276;27966;412;28378;NA;95539;688;2021-02-12;64971
2021-02-11;"Trenčiansky kraj";291;11562;323;11885;NA;95539;614;2021-02-11;64283
2021-02-10;"Trenčiansky kraj";304;11402;317;11719;NA;95539;621;2021-02-10;63669
2021-02-09;"Trenčiansky kraj";514;18393;360;18753;NA;95539;874;2021-02-09;63048
2021-02-08;"Trenčiansky kraj";182;27458;432;27890;NA;95539;614;2021-02-08;62174
2021-02-07;"Trenčiansky kraj";31;36772;341;37113;NA;95539;372;2021-02-07;61560
2021-02-06;"Trenčiansky kraj";216;63424;558;63982;NA;95539;774;2021-02-06;61188
2021-02-05;"Trenčiansky kraj";202;18173;368;18541;NA;95539;570;2021-02-05;60414
2021-02-04;"Trenčiansky kraj";266;7023;278;7301;NA;95539;544;2021-02-04;59844
2021-02-03;"Trenčiansky kraj";162;6652;320;6972;NA;95539;482;2021-02-03;59300
2021-02-02;"Trenčiansky kraj";347;7997;381;8378;NA;95539;728;2021-02-02;58818
2021-02-01;"Trenčiansky kraj";167;9350;311;9661;NA;95539;478;2021-02-01;58090
2021-01-31;"Trenčiansky kraj";7;19850;162;20012;NA;95539;169;2021-01-31;57612
2021-01-30;"Trenčiansky kraj";228;36935;321;37256;NA;95539;549;2021-01-30;57443
2021-01-29;"Trenčiansky kraj";214;7585;235;7820;NA;95539;449;2021-01-29;56894
2021-01-28;"Trenčiansky kraj";307;5442;158;5600;NA;95539;465;2021-01-28;56445
2021-01-27;"Trenčiansky kraj";166;11911;215;12126;NA;95539;381;2021-01-27;55980
2021-01-26;"Trenčiansky kraj";303;14471;250;14721;NA;95539;553;2021-01-26;55599
2021-01-25;"Trenčiansky kraj";160;24545;208;24753;NA;95539;368;2021-01-25;55046
2021-01-24;"Trenčiansky kraj";51;38666;284;38950;NA;95539;335;2021-01-24;54678
2021-01-23;"Trenčiansky kraj";206;113501;741;114242;NA;95539;947;2021-01-23;54343
2021-01-22;"Trenčiansky kraj";148;14763;206;14969;NA;95539;354;2021-01-22;53396
2021-01-21;"Trenčiansky kraj";143;8580;166;8746;NA;95539;309;2021-01-21;53042
2021-01-20;"Trenčiansky kraj";181;8103;227;8330;NA;95539;408;2021-01-20;52733
2021-01-19;"Trenčiansky kraj";363;6614;261;6875;NA;95539;624;2021-01-19;52325
2021-01-18;"Trenčiansky kraj";72;5053;323;5376;NA;95539;395;2021-01-18;51701
2021-01-17;"Trenčiansky kraj";124;156;11;167;NA;95539;135;2021-01-17;51306
2021-01-16;"Trenčiansky kraj";39;1203;51;1254;NA;95539;90;2021-01-16;51171
2021-01-15;"Trenčiansky kraj";264;4029;218;4247;NA;95539;482;2021-01-15;51081
2021-01-14;"Trenčiansky kraj";275;3193;189;3382;NA;95539;464;2021-01-14;50599
2021-01-13;"Trenčiansky kraj";222;3808;214;4022;NA;95539;436;2021-01-13;50135
2021-01-12;"Trenčiansky kraj";508;4604;261;4865;NA;95539;769;2021-01-12;49699
2021-01-11;"Trenčiansky kraj";142;4367;354;4721;NA;95539;496;2021-01-11;48930
2021-01-10;"Trenčiansky kraj";89;4969;77;5046;NA;95539;166;2021-01-10;48434
2021-01-09;"Trenčiansky kraj";276;8280;128;8408;NA;95539;404;2021-01-09;48268
2021-01-08;"Trenčiansky kraj";489;6434;484;6918;NA;95539;973;2021-01-08;47864
2021-01-07;"Trenčiansky kraj";420;6138;577;6715;NA;95539;997;2021-01-07;46891
2021-01-06;"Trenčiansky kraj";221;945;64;1009;NA;95539;285;2021-01-06;45894
2021-01-05;"Trenčiansky kraj";669;5750;706;6456;NA;95539;1375;2021-01-05;45609
2021-01-04;"Trenčiansky kraj";337;5243;782;6025;NA;95539;1119;2021-01-04;44234
2021-01-03;"Trenčiansky kraj";38;114;15;129;NA;95539;53;2021-01-03;43115
2021-01-02;"Trenčiansky kraj";129;196;23;219;NA;95539;152;2021-01-02;43062
2021-01-01;"Trenčiansky kraj";329;347;23;370;NA;95539;352;2021-01-01;42910
2020-12-31;"Trenčiansky kraj";597;4940;556;5496;NA;95539;1153;2020-12-31;42558
2020-12-30;"Trenčiansky kraj";836;7012;762;7774;NA;95539;1598;2020-12-30;41405
2020-12-29;"Trenčiansky kraj";459;6191;1018;7209;NA;95539;1477;2020-12-29;39807
2020-12-28;"Trenčiansky kraj";258;4195;777;4972;NA;95539;1035;2020-12-28;38330
2020-12-27;"Trenčiansky kraj";5;208;36;244;NA;95539;41;2020-12-27;37295
2020-12-26;"Trenčiansky kraj";174;74;10;84;NA;95539;184;2020-12-26;37254
2020-12-25;"Trenčiansky kraj";251;325;47;372;NA;95539;298;2020-12-25;37070
2020-12-24;"Trenčiansky kraj";552;2194;256;2450;NA;95539;808;2020-12-24;36772
2020-12-23;"Trenčiansky kraj";421;6465;658;7123;NA;95539;1079;2020-12-23;35964
2020-12-22;"Trenčiansky kraj";673;5760;694;6454;NA;95539;1367;2020-12-22;34885
2020-12-21;"Trenčiansky kraj";248;13321;956;14277;NA;95539;1204;2020-12-21;33518
2020-12-20;"Trenčiansky kraj";238;12504;292;12796;NA;95539;530;2020-12-20;32314
2020-12-19;"Trenčiansky kraj";341;1598;150;1748;NA;95539;491;2020-12-19;31784
2020-12-18;"Trenčiansky kraj";521;5192;615;5807;NA;95539;1136;2020-12-18;31293
2020-12-17;"Trenčiansky kraj";670;3843;524;4367;NA;95539;1194;2020-12-17;30157
2020-12-16;"Trenčiansky kraj";461;4464;647;5111;NA;95539;1108;2020-12-16;28963
2020-12-15;"Trenčiansky kraj";595;3805;670;4475;NA;95539;1265;2020-12-15;27855
2020-12-14;"Trenčiansky kraj";318;3194;613;3807;NA;95539;931;2020-12-14;26590
2020-12-13;"Trenčiansky kraj";77;49;6;55;NA;95539;83;2020-12-13;25659
2020-12-12;"Trenčiansky kraj";314;1191;132;1323;NA;95539;446;2020-12-12;25576
2020-12-11;"Trenčiansky kraj";751;4066;479;4545;NA;95539;1230;2020-12-11;25130
2020-12-10;"Trenčiansky kraj";271;3354;473;3827;NA;95539;744;2020-12-10;23900
2020-12-09;"Trenčiansky kraj";508;3721;465;4186;NA;95539;973;2020-12-09;23156
2020-12-08;"Trenčiansky kraj";546;3373;522;3895;NA;95539;1068;2020-12-08;22183
2020-12-07;"Trenčiansky kraj";258;3827;468;4295;NA;95539;726;2020-12-07;21115
2020-12-06;"Trenčiansky kraj";114;184;11;195;NA;95539;125;2020-12-06;20389
2020-12-05;"Trenčiansky kraj";223;616;56;672;NA;95539;279;2020-12-05;20264
2020-12-04;"Trenčiansky kraj";253;2971;273;3244;NA;95539;526;2020-12-04;19985
2020-12-03;"Trenčiansky kraj";503;1720;177;1897;NA;95539;680;2020-12-03;19459
2020-12-02;"Trenčiansky kraj";418;1872;232;2104;NA;95539;650;2020-12-02;18779
2020-12-01;"Trenčiansky kraj";321;5678;353;6031;NA;95539;674;2020-12-01;18129
2020-11-30;"Trenčiansky kraj";167;11514;520;12034;NA;95539;687;2020-11-30;17455
2020-11-29;"Trenčiansky kraj";29;30;5;35;NA;95539;34;2020-11-29;16768
2020-11-28;"Trenčiansky kraj";202;1051;93;1144;NA;95539;295;2020-11-28;16734
2020-11-27;"Trenčiansky kraj";330;1888;186;2074;NA;95539;516;2020-11-27;16439
2020-11-26;"Trenčiansky kraj";395;1252;122;1374;NA;95539;517;2020-11-26;15923
2020-11-25;"Trenčiansky kraj";322;1444;160;1604;NA;95539;482;2020-11-25;15406
2020-11-24;"Trenčiansky kraj";348;2553;308;2861;NA;95539;656;2020-11-24;14924
2020-11-23;"Trenčiansky kraj";159;1186;122;1308;NA;95539;281;2020-11-23;14268
2020-11-22;"Trenčiansky kraj";26;30;7;37;NA;95539;33;2020-11-22;13987
2020-11-21;"Trenčiansky kraj";255;1376;69;1445;NA;95539;324;2020-11-21;13954
2020-11-20;"Trenčiansky kraj";316;861;93;954;NA;95539;409;2020-11-20;13630
2020-11-19;"Trenčiansky kraj";316;740;113;853;NA;95539;429;2020-11-19;13221
2020-11-18;"Trenčiansky kraj";233;379;66;445;NA;95539;299;2020-11-18;12792
2020-11-17;"Trenčiansky kraj";222;106;15;121;NA;95539;237;2020-11-17;12493
2020-11-16;"Trenčiansky kraj";245;236;45;281;NA;95539;290;2020-11-16;12256
2020-11-15;"Trenčiansky kraj";109;29;6;35;NA;95539;115;2020-11-15;11966
2020-11-14;"Trenčiansky kraj";190;74;11;85;NA;95539;201;2020-11-14;11851
2020-11-13;"Trenčiansky kraj";308;131;13;144;NA;95539;321;2020-11-13;11650
2020-11-12;"Trenčiansky kraj";324;124;5;129;NA;95539;329;2020-11-12;11329
2020-11-11;"Trenčiansky kraj";366;113;10;123;NA;95539;376;2020-11-11;11000
2020-11-10;"Trenčiansky kraj";277;106;6;112;NA;95539;283;2020-11-10;10624
2020-11-09;"Trenčiansky kraj";115;1407;48;1455;NA;95539;163;2020-11-09;10341
2020-11-08;"Trenčiansky kraj";81;1271;8;1279;NA;95539;89;2020-11-08;10178
2020-11-07;"Trenčiansky kraj";319;3662;59;3721;NA;95539;378;2020-11-07;10089
2020-11-06;"Trenčiansky kraj";383;6893;84;6977;NA;95539;467;2020-11-06;9711
2020-11-05;"Trenčiansky kraj";399;98;15;113;NA;95539;414;2020-11-05;9244
2020-11-04;"Trenčiansky kraj";370;91;9;100;NA;95539;379;2020-11-04;8830
2020-11-03;"Trenčiansky kraj";575;97;8;105;NA;95539;583;2020-11-03;8451
2020-11-02;"Trenčiansky kraj";197;1833;68;1901;NA;95539;265;2020-11-02;7868
2020-11-01;"Trenčiansky kraj";257;808;24;832;NA;95539;281;2020-11-01;7603
2020-10-31;"Trenčiansky kraj";332;4719;82;4801;NA;95539;414;2020-10-31;7322
2020-10-30;"Trenčiansky kraj";299;5283;102;5385;NA;95539;401;2020-10-30;6908
2020-10-29;"Trenčiansky kraj";496;764;68;832;NA;95539;564;2020-10-29;6507
2020-10-28;"Trenčiansky kraj";269;192;33;225;NA;95539;302;2020-10-28;5943
2020-10-27;"Trenčiansky kraj";473;127;27;154;NA;95539;500;2020-10-27;5641
2020-10-26;"Trenčiansky kraj";177;107;36;143;NA;95539;213;2020-10-26;5141
2020-10-25;"Trenčiansky kraj";138;9;5;14;NA;95539;143;2020-10-25;4928
2020-10-24;"Trenčiansky kraj";395;128;6;134;NA;95539;401;2020-10-24;4785
2020-10-23;"Trenčiansky kraj";301;154;8;162;NA;95539;309;2020-10-23;4384
2020-10-22;"Trenčiansky kraj";273;82;12;94;NA;95539;285;2020-10-22;4075
2020-10-21;"Trenčiansky kraj";183;53;9;62;NA;95539;192;2020-10-21;3790
2020-10-20;"Trenčiansky kraj";212;47;6;53;NA;95539;218;2020-10-20;3598
2020-10-19;"Trenčiansky kraj";41;83;25;108;NA;95539;66;2020-10-19;3380
2020-10-18;"Trenčiansky kraj";104;0;0;0;NA;95539;104;2020-10-18;3314
2020-10-17;"Trenčiansky kraj";157;0;0;0;NA;95539;157;2020-10-17;3210
2020-10-16;"Trenčiansky kraj";225;42;6;48;NA;95539;231;2020-10-16;3053
2020-10-15;"Trenčiansky kraj";255;39;4;43;NA;95539;259;2020-10-15;2822
2020-10-14;"Trenčiansky kraj";162;42;7;49;NA;95539;169;2020-10-14;2563
2020-10-13;"Trenčiansky kraj";124;105;12;117;NA;95539;136;2020-10-13;2394
2020-10-12;"Trenčiansky kraj";55;0;0;0;NA;95539;55;2020-10-12;2258
2020-10-11;"Trenčiansky kraj";73;0;0;0;NA;95539;73;2020-10-11;2203
2020-10-10;"Trenčiansky kraj";180;0;0;0;NA;95539;180;2020-10-10;2130
2020-10-09;"Trenčiansky kraj";198;0;0;0;NA;95539;198;2020-10-09;1950
2020-10-08;"Trenčiansky kraj";115;0;0;0;NA;95539;115;2020-10-08;1752
2020-10-07;"Trenčiansky kraj";75;0;0;0;NA;95539;75;2020-10-07;1637
2020-10-06;"Trenčiansky kraj";72;0;0;0;NA;95539;72;2020-10-06;1562
2020-10-05;"Trenčiansky kraj";32;0;0;0;NA;95539;32;2020-10-05;1490
2020-10-04;"Trenčiansky kraj";37;0;0;0;NA;95539;37;2020-10-04;1458
2020-10-03;"Trenčiansky kraj";79;0;0;0;NA;95539;79;2020-10-03;1421
2020-10-02;"Trenčiansky kraj";69;0;0;0;NA;95539;69;2020-10-02;1342
2020-10-01;"Trenčiansky kraj";58;0;0;0;NA;95539;58;2020-10-01;1273
2020-09-30;"Trenčiansky kraj";76;0;0;0;NA;95539;76;2020-09-30;1215
2020-09-29;"Trenčiansky kraj";43;0;0;0;NA;95539;43;2020-09-29;1139
2020-09-28;"Trenčiansky kraj";7;0;0;0;NA;95539;7;2020-09-28;1096
2020-09-27;"Trenčiansky kraj";12;0;0;0;NA;95539;12;2020-09-27;1089
2020-09-26;"Trenčiansky kraj";37;0;0;0;NA;95539;37;2020-09-26;1077
2020-09-25;"Trenčiansky kraj";72;0;0;0;NA;95539;72;2020-09-25;1040
2020-09-24;"Trenčiansky kraj";41;0;0;0;NA;95539;41;2020-09-24;968
2020-09-23;"Trenčiansky kraj";32;0;0;0;NA;95539;32;2020-09-23;927
2020-09-22;"Trenčiansky kraj";26;0;0;0;NA;95539;26;2020-09-22;895
2020-09-21;"Trenčiansky kraj";23;0;0;0;NA;95539;23;2020-09-21;869
2020-09-20;"Trenčiansky kraj";21;0;0;0;NA;95539;21;2020-09-20;846
2020-09-19;"Trenčiansky kraj";20;0;0;0;NA;95539;20;2020-09-19;825
2020-09-18;"Trenčiansky kraj";41;0;0;0;NA;95539;41;2020-09-18;805
2020-09-17;"Trenčiansky kraj";20;0;0;0;NA;95539;20;2020-09-17;764
2020-09-16;"Trenčiansky kraj";14;0;0;0;NA;95539;14;2020-09-16;744
2020-09-15;"Trenčiansky kraj";8;0;0;0;NA;95539;8;2020-09-15;730
2020-09-14;"Trenčiansky kraj";5;0;0;0;NA;95539;5;2020-09-14;722
2020-09-13;"Trenčiansky kraj";12;0;0;0;NA;95539;12;2020-09-13;717
2020-09-12;"Trenčiansky kraj";2;0;0;0;NA;95539;2;2020-09-12;705
2020-09-11;"Trenčiansky kraj";27;0;0;0;NA;95539;27;2020-09-11;703
2020-09-10;"Trenčiansky kraj";15;0;0;0;NA;95539;15;2020-09-10;676
2020-09-09;"Trenčiansky kraj";11;0;0;0;NA;95539;11;2020-09-09;661
2020-09-08;"Trenčiansky kraj";12;0;0;0;NA;95539;12;2020-09-08;650
2020-09-07;"Trenčiansky kraj";6;0;0;0;NA;95539;6;2020-09-07;638
2020-09-06;"Trenčiansky kraj";1;0;0;0;NA;95539;1;2020-09-06;632
2020-09-05;"Trenčiansky kraj";3;0;0;0;NA;95539;3;2020-09-05;631
2020-09-04;"Trenčiansky kraj";9;0;0;0;NA;95539;9;2020-09-04;628
2020-09-03;"Trenčiansky kraj";10;0;0;0;NA;95539;10;2020-09-03;619
2020-09-02;"Trenčiansky kraj";5;0;0;0;NA;95539;5;2020-09-02;609
2020-09-01;"Trenčiansky kraj";1;0;0;0;NA;95539;1;2020-09-01;604
2020-08-31;"Trenčiansky kraj";12;0;0;0;NA;95539;12;2020-08-31;603
2020-08-30;"Trenčiansky kraj";0;0;0;0;NA;95539;0;2020-08-30;591
2020-08-29;"Trenčiansky kraj";1;0;0;0;NA;95539;1;2020-08-29;591
2020-08-28;"Trenčiansky kraj";12;0;0;0;NA;95539;12;2020-08-28;590
2020-08-27;"Trenčiansky kraj";10;0;0;0;NA;95539;10;2020-08-27;578
2020-08-26;"Trenčiansky kraj";15;0;0;0;NA;95539;15;2020-08-26;568
2020-08-25;"Trenčiansky kraj";12;0;0;0;NA;95539;12;2020-08-25;553
2020-08-24;"Trenčiansky kraj";4;0;0;0;NA;95539;4;2020-08-24;541
2020-08-23;"Trenčiansky kraj";5;0;0;0;NA;95539;5;2020-08-23;537
2020-08-22;"Trenčiansky kraj";6;0;0;0;NA;95539;6;2020-08-22;532
2020-08-21;"Trenčiansky kraj";6;0;0;0;NA;95539;6;2020-08-21;526
2020-08-20;"Trenčiansky kraj";20;0;0;0;NA;95539;20;2020-08-20;520
2020-08-19;"Trenčiansky kraj";17;0;0;0;NA;95539;17;2020-08-19;500
2020-08-18;"Trenčiansky kraj";9;0;0;0;NA;95539;9;2020-08-18;483
2020-08-17;"Trenčiansky kraj";4;0;0;0;NA;95539;4;2020-08-17;474
2020-08-16;"Trenčiansky kraj";0;0;0;0;NA;95539;0;2020-08-16;470
2020-08-15;"Trenčiansky kraj";9;0;0;0;NA;95539;9;2020-08-15;470
2020-08-14;"Trenčiansky kraj";15;0;0;0;NA;95539;15;2020-08-14;461
2020-08-13;"Trenčiansky kraj";23;0;0;0;NA;95539;23;2020-08-13;446
2020-08-12;"Trenčiansky kraj";6;0;0;0;NA;95539;6;2020-08-12;423
2020-08-11;"Trenčiansky kraj";7;0;0;0;NA;95539;7;2020-08-11;417
2020-08-10;"Trenčiansky kraj";9;0;0;0;NA;95539;9;2020-08-10;410
2020-08-09;"Trenčiansky kraj";1;0;0;0;NA;95539;1;2020-08-09;401
2020-08-08;"Trenčiansky kraj";4;0;0;0;NA;95539;4;2020-08-08;400
2020-08-07;"Trenčiansky kraj";4;0;0;0;NA;95539;4;2020-08-07;396
2020-08-06;"Trenčiansky kraj";13;0;0;0;NA;95539;13;2020-08-06;392
2020-08-05;"Trenčiansky kraj";39;0;0;0;NA;95539;39;2020-08-05;379
2020-08-04;"Trenčiansky kraj";9;0;0;0;NA;95539;9;2020-08-04;340
2020-08-03;"Trenčiansky kraj";0;0;0;0;NA;95539;0;2020-08-03;331
2020-08-02;"Trenčiansky kraj";2;0;0;0;NA;95539;2;2020-08-02;331
2020-08-01;"Trenčiansky kraj";6;0;0;0;NA;95539;6;2020-08-01;329
2020-07-31;"Trenčiansky kraj";16;0;0;0;NA;95539;16;2020-07-31;323
2020-07-30;"Trenčiansky kraj";4;0;0;0;NA;95539;4;2020-07-30;307
2020-07-29;"Trenčiansky kraj";5;0;0;0;NA;95539;5;2020-07-29;303
2020-07-28;"Trenčiansky kraj";11;0;0;0;NA;95539;11;2020-07-28;298
2020-07-27;"Trenčiansky kraj";4;0;0;0;NA;95539;4;2020-07-27;287
2020-07-26;"Trenčiansky kraj";1;0;0;0;NA;95539;1;2020-07-26;283
2020-07-25;"Trenčiansky kraj";7;0;0;0;NA;95539;7;2020-07-25;282
2020-07-24;"Trenčiansky kraj";5;0;0;0;NA;95539;5;2020-07-24;275
2020-07-23;"Trenčiansky kraj";10;0;0;0;NA;95539;10;2020-07-23;270
2020-07-22;"Trenčiansky kraj";11;0;0;0;NA;95539;11;2020-07-22;260
2020-07-21;"Trenčiansky kraj";6;0;0;0;NA;95539;6;2020-07-21;249
2020-07-20;"Trenčiansky kraj";13;0;0;0;NA;95539;13;2020-07-20;243
2020-07-19;"Trenčiansky kraj";0;0;0;0;NA;95539;0;2020-07-19;230
2020-07-18;"Trenčiansky kraj";0;0;0;0;NA;95539;0;2020-07-18;230
2020-07-17;"Trenčiansky kraj";1;0;0;0;NA;95539;1;2020-07-17;230
2020-07-16;"Trenčiansky kraj";0;0;0;0;NA;95539;0;2020-07-16;229
2020-07-15;"Trenčiansky kraj";2;0;0;0;NA;95539;2;2020-07-15;229
2020-07-14;"Trenčiansky kraj";8;0;0;0;NA;95539;8;2020-07-14;227
2020-07-13;"Trenčiansky kraj";1;0;0;0;NA;95539;1;2020-07-13;219
2020-07-12;"Trenčiansky kraj";0;0;0;0;NA;95539;0;2020-07-12;218
2020-07-11;"Trenčiansky kraj";0;0;0;0;NA;95539;0;2020-07-11;218
2020-07-10;"Trenčiansky kraj";3;0;0;0;NA;95539;3;2020-07-10;218
2020-07-09;"Trenčiansky kraj";2;0;0;0;NA;95539;2;2020-07-09;215
2020-07-08;"Trenčiansky kraj";1;0;0;0;NA;95539;1;2020-07-08;213
2020-07-07;"Trenčiansky kraj";9;0;0;0;NA;95539;9;2020-07-07;212
2020-07-06;"Trenčiansky kraj";1;0;0;0;NA;95539;1;2020-07-06;203
2020-07-05;"Trenčiansky kraj";1;0;0;0;NA;95539;1;2020-07-05;202
2020-07-04;"Trenčiansky kraj";0;0;0;0;NA;95539;0;2020-07-04;201
2020-07-03;"Trenčiansky kraj";2;0;0;0;NA;95539;2;2020-07-03;201
2020-07-02;"Trenčiansky kraj";10;0;0;0;NA;95539;10;2020-07-02;199
2020-07-01;"Trenčiansky kraj";1;0;0;0;NA;95539;1;2020-07-01;189
2020-06-30;"Trenčiansky kraj";6;0;0;0;NA;95539;6;2020-06-30;188
2020-06-29;"Trenčiansky kraj";1;0;0;0;NA;95539;1;2020-06-29;182
2020-06-28;"Trenčiansky kraj";0;0;0;0;NA;95539;0;2020-06-28;181
2020-06-27;"Trenčiansky kraj";0;0;0;0;NA;95539;0;2020-06-27;181
2020-06-26;"Trenčiansky kraj";0;0;0;0;NA;95539;0;2020-06-26;181
2020-06-25;"Trenčiansky kraj";2;0;0;0;NA;95539;2;2020-06-25;181
2020-06-24;"Trenčiansky kraj";1;0;0;0;NA;95539;1;2020-06-24;179
2020-06-23;"Trenčiansky kraj";0;0;0;0;NA;95539;0;2020-06-23;178
2020-06-22;"Trenčiansky kraj";0;0;0;0;NA;95539;0;2020-06-22;178
2020-06-21;"Trenčiansky kraj";0;0;0;0;NA;95539;0;2020-06-21;178
2020-06-20;"Trenčiansky kraj";0;0;0;0;NA;95539;0;2020-06-20;178
2020-06-19;"Trenčiansky kraj";0;0;0;0;NA;95539;0;2020-06-19;178
2020-06-18;"Trenčiansky kraj";0;0;0;0;NA;95539;0;2020-06-18;178
2020-06-17;"Trenčiansky kraj";0;0;0;0;NA;95539;0;2020-06-17;178
2020-06-16;"Trenčiansky kraj";0;0;0;0;NA;95539;0;2020-06-16;178
2020-06-14;"Trenčiansky kraj";0;0;0;0;NA;95539;0;2020-06-14;178
2020-06-13;"Trenčiansky kraj";0;0;0;0;NA;95539;0;2020-06-13;178
2020-06-12;"Trenčiansky kraj";0;0;0;0;NA;95539;0;2020-06-12;178
2020-06-11;"Trenčiansky kraj";0;0;0;0;NA;95539;0;2020-06-11;178
2020-06-10;"Trenčiansky kraj";1;0;0;0;NA;95539;1;2020-06-10;178
2020-06-09;"Trenčiansky kraj";0;0;0;0;NA;95539;0;2020-06-09;177
2020-06-08;"Trenčiansky kraj";0;0;0;0;NA;95539;0;2020-06-08;177
2020-06-07;"Trenčiansky kraj";0;0;0;0;NA;95539;0;2020-06-07;177
2020-06-05;"Trenčiansky kraj";0;0;0;0;NA;95539;0;2020-06-05;177
2020-06-03;"Trenčiansky kraj";0;0;0;0;NA;95539;0;2020-06-03;177
2020-06-02;"Trenčiansky kraj";0;0;0;0;NA;95539;0;2020-06-02;177
2020-05-31;"Trenčiansky kraj";0;0;0;0;NA;95539;0;2020-05-31;177
2020-05-29;"Trenčiansky kraj";0;0;0;0;NA;95539;0;2020-05-29;177
2020-05-27;"Trenčiansky kraj";2;0;0;0;NA;95539;2;2020-05-27;177
2020-05-26;"Trenčiansky kraj";0;0;0;0;NA;95539;0;2020-05-26;175
2020-05-25;"Trenčiansky kraj";0;0;0;0;NA;95539;0;2020-05-25;175
2020-05-24;"Trenčiansky kraj";0;0;0;0;NA;95539;0;2020-05-24;175
2020-05-23;"Trenčiansky kraj";0;0;0;0;NA;95539;0;2020-05-23;175
2020-05-22;"Trenčiansky kraj";0;0;0;0;NA;95539;0;2020-05-22;175
2020-05-21;"Trenčiansky kraj";0;0;0;0;NA;95539;0;2020-05-21;175
2020-05-20;"Trenčiansky kraj";0;0;0;0;NA;95539;0;2020-05-20;175
2020-05-19;"Trenčiansky kraj";0;0;0;0;NA;95539;0;2020-05-19;175
2020-05-17;"Trenčiansky kraj";0;0;0;0;NA;95539;0;2020-05-17;175
2020-05-16;"Trenčiansky kraj";0;0;0;0;NA;95539;0;2020-05-16;175
2020-05-15;"Trenčiansky kraj";1;0;0;0;NA;95539;1;2020-05-15;175
2020-05-14;"Trenčiansky kraj";2;0;0;0;NA;95539;2;2020-05-14;174
2020-05-13;"Trenčiansky kraj";1;0;0;0;NA;95539;1;2020-05-13;172
2020-05-12;"Trenčiansky kraj";1;0;0;0;NA;95539;1;2020-05-12;171
2020-05-11;"Trenčiansky kraj";3;0;0;0;NA;95539;3;2020-05-11;170
2020-05-09;"Trenčiansky kraj";2;0;0;0;NA;95539;2;2020-05-09;167
2020-05-07;"Trenčiansky kraj";6;0;0;0;NA;95539;6;2020-05-07;165
2020-05-06;"Trenčiansky kraj";0;0;0;0;NA;95539;0;2020-05-06;159
2020-05-05;"Trenčiansky kraj";2;0;0;0;NA;95539;2;2020-05-05;159
2020-05-04;"Trenčiansky kraj";0;0;0;0;NA;95539;0;2020-05-04;157
2020-05-03;"Trenčiansky kraj";0;0;0;0;NA;95539;0;2020-05-03;157
2020-05-02;"Trenčiansky kraj";0;0;0;0;NA;95539;0;2020-05-02;157
2020-05-01;"Trenčiansky kraj";0;0;0;0;NA;95539;0;2020-05-01;157
2020-04-30;"Trenčiansky kraj";0;0;0;0;NA;95539;0;2020-04-30;157
2020-04-29;"Trenčiansky kraj";2;0;0;0;NA;95539;2;2020-04-29;157
2020-04-28;"Trenčiansky kraj";1;0;0;0;NA;95539;1;2020-04-28;155
2020-04-27;"Trenčiansky kraj";0;0;0;0;NA;95539;0;2020-04-27;154
2020-04-26;"Trenčiansky kraj";1;0;0;0;NA;95539;1;2020-04-26;154
2020-04-25;"Trenčiansky kraj";0;0;0;0;NA;95539;0;2020-04-25;153
2020-04-24;"Trenčiansky kraj";0;0;0;0;NA;95539;0;2020-04-24;153
2020-04-23;"Trenčiansky kraj";11;0;0;0;NA;95539;11;2020-04-23;153
2020-04-22;"Trenčiansky kraj";1;0;0;0;NA;95539;1;2020-04-22;142
2020-04-21;"Trenčiansky kraj";11;0;0;0;NA;95539;11;2020-04-21;141
2020-04-20;"Trenčiansky kraj";15;0;0;0;NA;95539;15;2020-04-20;130
2020-04-19;"Trenčiansky kraj";2;0;0;0;NA;95539;2;2020-04-19;115
2020-04-18;"Trenčiansky kraj";3;0;0;0;NA;95539;3;2020-04-18;113
2020-04-17;"Trenčiansky kraj";4;0;0;0;NA;95539;4;2020-04-17;110
2020-04-16;"Trenčiansky kraj";10;0;0;0;NA;95539;10;2020-04-16;106
2020-04-15;"Trenčiansky kraj";4;0;0;0;NA;95539;4;2020-04-15;96
2020-04-14;"Trenčiansky kraj";0;0;0;0;NA;95539;0;2020-04-14;92
2020-04-13;"Trenčiansky kraj";1;0;0;0;NA;95539;1;2020-04-13;92
2020-04-12;"Trenčiansky kraj";2;0;0;0;NA;95539;2;2020-04-12;91
2020-04-11;"Trenčiansky kraj";3;0;0;0;NA;95539;3;2020-04-11;89
2020-04-10;"Trenčiansky kraj";0;0;0;0;NA;95539;0;2020-04-10;86
2020-04-09;"Trenčiansky kraj";0;0;0;0;NA;95539;0;2020-04-09;86
2020-04-08;"Trenčiansky kraj";2;0;0;0;NA;95539;2;2020-04-08;86
2020-04-07;"Trenčiansky kraj";18;0;0;0;NA;95539;18;2020-04-07;84
2020-04-06;"Trenčiansky kraj";0;0;0;0;NA;95539;0;2020-04-06;66
2020-04-05;"Trenčiansky kraj";3;0;0;0;NA;95539;3;2020-04-05;66
2020-04-04;"Trenčiansky kraj";5;0;0;0;NA;95539;5;2020-04-04;63
2020-04-03;"Trenčiansky kraj";4;0;0;0;NA;95539;4;2020-04-03;58
2020-04-02;"Trenčiansky kraj";1;0;0;0;NA;95539;1;2020-04-02;54
2020-04-01;"Trenčiansky kraj";3;0;0;0;NA;95539;3;2020-04-01;53
2020-03-31;"Trenčiansky kraj";1;0;0;0;NA;95539;1;2020-03-31;50
2020-03-30;"Trenčiansky kraj";3;0;0;0;NA;95539;3;2020-03-30;49
2020-03-29;"Trenčiansky kraj";6;0;0;0;NA;95539;6;2020-03-29;46
2020-03-28;"Trenčiansky kraj";9;0;0;0;NA;95539;9;2020-03-28;40
2020-03-27;"Trenčiansky kraj";2;0;0;0;NA;95539;2;2020-03-27;31
2020-03-26;"Trenčiansky kraj";6;0;0;0;NA;95539;6;2020-03-26;29
2020-03-25;"Trenčiansky kraj";3;0;0;0;NA;95539;3;2020-03-25;23
2020-03-24;"Trenčiansky kraj";1;0;0;0;NA;95539;1;2020-03-24;20
2020-03-23;"Trenčiansky kraj";0;0;0;0;NA;95539;0;2020-03-23;19
2020-03-22;"Trenčiansky kraj";0;0;0;0;NA;95539;0;2020-03-22;19
2020-03-21;"Trenčiansky kraj";2;0;0;0;NA;95539;2;2020-03-21;19
2020-03-20;"Trenčiansky kraj";2;0;0;0;NA;95539;2;2020-03-20;17
2020-03-19;"Trenčiansky kraj";8;0;0;0;NA;95539;8;2020-03-19;15
2020-03-18;"Trenčiansky kraj";0;0;0;0;NA;95539;0;2020-03-18;7
2020-03-17;"Trenčiansky kraj";0;0;0;0;NA;95539;0;2020-03-17;7
2020-03-16;"Trenčiansky kraj";1;0;0;0;NA;95539;1;2020-03-16;7
2020-03-15;"Trenčiansky kraj";5;0;0;0;NA;95539;5;2020-03-15;6
2020-03-14;"Trenčiansky kraj";0;0;0;0;NA;95539;0;2020-03-14;1
2020-03-13;"Trenčiansky kraj";0;0;0;0;NA;95539;0;2020-03-13;1
2020-03-12;"Trenčiansky kraj";1;0;0;0;NA;95539;1;2020-03-12;1
2020-03-11;"Trenčiansky kraj";0;0;0;0;NA;95539;0;2020-03-11;0
2020-03-09;"Trenčiansky kraj";0;0;0;0;NA;95539;0;2020-03-09;0
2020-03-08;"Trenčiansky kraj";0;0;0;0;NA;95539;0;2020-03-08;0
2020-03-07;"Trenčiansky kraj";0;0;0;0;NA;95539;0;2020-03-07;0
2020-03-06;"Trenčiansky kraj";0;0;0;0;NA;95539;0;2020-03-06;0
2021-04-13;"Trnavský kraj";126;9248;43;9291;44156;87128;169;2021-04-13;87128
2021-04-12;"Trnavský kraj";40;14856;36;14892;NA;87128;76;2021-04-12;86959
2021-04-11;"Trnavský kraj";3;44399;44;44443;NA;87128;47;2021-04-11;86883
2021-04-10;"Trnavský kraj";60;123247;106;123353;NA;87128;166;2021-04-10;86836
2021-04-09;"Trnavský kraj";95;25722;34;25756;NA;87128;129;2021-04-09;86670
2021-04-08;"Trnavský kraj";85;10434;46;10480;NA;87128;131;2021-04-08;86541
2021-04-07;"Trnavský kraj";131;15556;80;15636;NA;87128;211;2021-04-07;86410
2021-04-06;"Trnavský kraj";92;19988;92;20080;NA;87128;184;2021-04-06;86199
2021-04-05;"Trnavský kraj";91;7157;13;7170;NA;87128;104;2021-04-05;86015
2021-04-04;"Trnavský kraj";9;28542;49;28591;NA;87128;58;2021-04-04;85911
2021-04-03;"Trnavský kraj";29;143866;180;144046;NA;87128;209;2021-04-03;85853
2021-04-02;"Trnavský kraj";91;16945;31;16976;NA;87128;122;2021-04-02;85644
2021-04-01;"Trnavský kraj";118;21562;59;21621;NA;87128;177;2021-04-01;85522
2021-03-31;"Trnavský kraj";140;15819;82;15901;NA;87128;222;2021-03-31;85345
2021-03-30;"Trnavský kraj";182;10482;79;10561;NA;87128;261;2021-03-30;85123
2021-03-29;"Trnavský kraj";126;19249;122;19371;NA;87128;248;2021-03-29;84862
2021-03-28;"Trnavský kraj";26;50792;134;50926;NA;87128;160;2021-03-28;84614
2021-03-27;"Trnavský kraj";64;129557;245;129802;NA;87128;309;2021-03-27;84454
2021-03-26;"Trnavský kraj";139;30217;130;30347;NA;87128;269;2021-03-26;84145
2021-03-25;"Trnavský kraj";135;14212;80;14292;NA;87128;215;2021-03-25;83876
2021-03-24;"Trnavský kraj";159;10521;89;10610;NA;87128;248;2021-03-24;83661
2021-03-23;"Trnavský kraj";221;12735;104;12839;NA;87128;325;2021-03-23;83413
2021-03-22;"Trnavský kraj";103;17067;110;17177;NA;87128;213;2021-03-22;83088
2021-03-21;"Trnavský kraj";31;49119;150;49269;NA;87128;181;2021-03-21;82875
2021-03-20;"Trnavský kraj";112;136522;317;136839;NA;87128;429;2021-03-20;82694
2021-03-19;"Trnavský kraj";174;29073;137;29210;NA;87128;311;2021-03-19;82265
2021-03-18;"Trnavský kraj";158;12217;136;12353;NA;87128;294;2021-03-18;81954
2021-03-17;"Trnavský kraj";245;10725;103;10828;NA;87128;348;2021-03-17;81660
2021-03-16;"Trnavský kraj";311;12876;136;13012;NA;87128;447;2021-03-16;81312
2021-03-15;"Trnavský kraj";127;18321;145;18466;NA;87128;272;2021-03-15;80865
2021-03-14;"Trnavský kraj";14;48275;166;48441;NA;87128;180;2021-03-14;80593
2021-03-13;"Trnavský kraj";155;139195;412;139607;NA;87128;567;2021-03-13;80413
2021-03-12;"Trnavský kraj";201;28238;179;28417;NA;87128;380;2021-03-12;79846
2021-03-11;"Trnavský kraj";204;13263;142;13405;NA;87128;346;2021-03-11;79466
2021-03-10;"Trnavský kraj";242;10564;136;10700;NA;87128;378;2021-03-10;79120
2021-03-09;"Trnavský kraj";442;12876;156;13032;NA;87128;598;2021-03-09;78742
2021-03-08;"Trnavský kraj";182;21459;163;21622;NA;87128;345;2021-03-08;78144
2021-03-07;"Trnavský kraj";30;46117;228;46345;NA;87128;258;2021-03-07;77799
2021-03-06;"Trnavský kraj";154;135576;529;136105;NA;87128;683;2021-03-06;77541
2021-03-05;"Trnavský kraj";299;28822;247;29069;NA;87128;546;2021-03-05;76858
2021-03-04;"Trnavský kraj";238;14067;175;14242;NA;87128;413;2021-03-04;76312
2021-03-03;"Trnavský kraj";413;11546;242;11788;NA;87128;655;2021-03-03;75899
2021-03-02;"Trnavský kraj";477;12352;196;12548;NA;87128;673;2021-03-02;75244
2021-03-01;"Trnavský kraj";189;18224;229;18453;NA;87128;418;2021-03-01;74571
2021-02-28;"Trnavský kraj";87;47709;321;48030;NA;87128;408;2021-02-28;74153
2021-02-27;"Trnavský kraj";264;140725;804;141529;NA;87128;1068;2021-02-27;73745
2021-02-26;"Trnavský kraj";362;26951;287;27238;NA;87128;649;2021-02-26;72677
2021-02-25;"Trnavský kraj";433;10490;227;10717;NA;87128;660;2021-02-25;72028
2021-02-24;"Trnavský kraj";407;9110;290;9400;NA;87128;697;2021-02-24;71368
2021-02-23;"Trnavský kraj";469;11322;284;11606;NA;87128;753;2021-02-23;70671
2021-02-22;"Trnavský kraj";206;19909;330;20239;NA;87128;536;2021-02-22;69918
2021-02-21;"Trnavský kraj";38;48221;329;48550;NA;87128;367;2021-02-21;69382
2021-02-20;"Trnavský kraj";273;135812;859;136671;NA;87128;1132;2021-02-20;69015
2021-02-19;"Trnavský kraj";335;26982;347;27329;NA;87128;682;2021-02-19;67883
2021-02-18;"Trnavský kraj";344;11263;348;11611;NA;87128;692;2021-02-18;67201
2021-02-17;"Trnavský kraj";431;8780;416;9196;NA;87128;847;2021-02-17;66509
2021-02-16;"Trnavský kraj";426;11413;295;11708;NA;87128;721;2021-02-16;65662
2021-02-15;"Trnavský kraj";146;18075;291;18366;NA;87128;437;2021-02-15;64941
2021-02-14;"Trnavský kraj";51;57642;495;58137;NA;87128;546;2021-02-14;64504
2021-02-13;"Trnavský kraj";218;137051;994;138045;NA;87128;1212;2021-02-13;63958
2021-02-12;"Trnavský kraj";300;23682;336;24018;NA;87128;636;2021-02-12;62746
2021-02-11;"Trnavský kraj";422;9901;360;10261;NA;87128;782;2021-02-11;62110
2021-02-10;"Trnavský kraj";511;9334;344;9678;NA;87128;855;2021-02-10;61328
2021-02-09;"Trnavský kraj";544;12752;369;13121;NA;87128;913;2021-02-09;60473
2021-02-08;"Trnavský kraj";220;34323;507;34830;NA;87128;727;2021-02-08;59560
2021-02-07;"Trnavský kraj";140;68646;623;69269;NA;87128;763;2021-02-07;58833
2021-02-06;"Trnavský kraj";348;111903;1473;113376;NA;87128;1821;2021-02-06;58070
2021-02-05;"Trnavský kraj";377;16448;400;16848;NA;87128;777;2021-02-05;56249
2021-02-04;"Trnavský kraj";456;7318;456;7774;NA;87128;912;2021-02-04;55472
2021-02-03;"Trnavský kraj";472;6584;434;7018;NA;87128;906;2021-02-03;54560
2021-02-02;"Trnavský kraj";446;14219;424;14643;NA;87128;870;2021-02-02;53654
2021-02-01;"Trnavský kraj";198;40071;690;40761;NA;87128;888;2021-02-01;52784
2021-01-31;"Trnavský kraj";19;64460;814;65274;NA;87128;833;2021-01-31;51896
2021-01-30;"Trnavský kraj";323;110592;1280;111872;NA;87128;1603;2021-01-30;51063
2021-01-29;"Trnavský kraj";421;9690;290;9980;NA;87128;711;2021-01-29;49460
2021-01-28;"Trnavský kraj";389;5815;286;6101;NA;87128;675;2021-01-28;48749
2021-01-27;"Trnavský kraj";433;5300;219;5519;NA;87128;652;2021-01-27;48074
2021-01-26;"Trnavský kraj";565;25392;636;26028;NA;87128;1201;2021-01-26;47422
2021-01-25;"Trnavský kraj";210;41851;607;42458;NA;87128;817;2021-01-25;46221
2021-01-24;"Trnavský kraj";91;67152;791;67943;NA;87128;882;2021-01-24;45404
2021-01-23;"Trnavský kraj";372;117177;1347;118524;NA;87128;1719;2021-01-23;44522
2021-01-22;"Trnavský kraj";217;33122;507;33629;NA;87128;724;2021-01-22;42803
2021-01-21;"Trnavský kraj";311;13835;378;14213;NA;87128;689;2021-01-21;42079
2021-01-20;"Trnavský kraj";503;8118;274;8392;NA;87128;777;2021-01-20;41390
2021-01-19;"Trnavský kraj";415;7013;347;7360;NA;87128;762;2021-01-19;40613
2021-01-18;"Trnavský kraj";247;6234;484;6718;NA;87128;731;2021-01-18;39851
2021-01-17;"Trnavský kraj";128;854;215;1069;NA;87128;343;2021-01-17;39120
2021-01-16;"Trnavský kraj";103;898;24;922;NA;87128;127;2021-01-16;38777
2021-01-15;"Trnavský kraj";278;5457;335;5792;NA;87128;613;2021-01-15;38650
2021-01-14;"Trnavský kraj";452;4001;338;4339;NA;87128;790;2021-01-14;38037
2021-01-13;"Trnavský kraj";457;4751;378;5129;NA;87128;835;2021-01-13;37247
2021-01-12;"Trnavský kraj";469;7175;483;7658;NA;87128;952;2021-01-12;36412
2021-01-11;"Trnavský kraj";370;5012;392;5404;NA;87128;762;2021-01-11;35460
2021-01-10;"Trnavský kraj";71;13;0;13;NA;87128;71;2021-01-10;34698
2021-01-09;"Trnavský kraj";417;1775;100;1875;NA;87128;517;2021-01-09;34627
2021-01-08;"Trnavský kraj";381;6554;532;7086;NA;87128;913;2021-01-08;34110
2021-01-07;"Trnavský kraj";501;4080;390;4470;NA;87128;891;2021-01-07;33197
2021-01-06;"Trnavský kraj";179;758;132;890;NA;87128;311;2021-01-06;32306
2021-01-05;"Trnavský kraj";611;5925;636;6561;NA;87128;1247;2021-01-05;31995
2021-01-04;"Trnavský kraj";302;5239;689;5928;NA;87128;991;2021-01-04;30748
2021-01-03;"Trnavský kraj";60;53;7;60;NA;87128;67;2021-01-03;29757
2021-01-02;"Trnavský kraj";282;417;32;449;NA;87128;314;2021-01-02;29690
2021-01-01;"Trnavský kraj";143;455;76;531;NA;87128;219;2021-01-01;29376
2020-12-31;"Trnavský kraj";498;8488;858;9346;NA;87128;1356;2020-12-31;29157
2020-12-30;"Trnavský kraj";785;5318;612;5930;NA;87128;1397;2020-12-30;27801
2020-12-29;"Trnavský kraj";322;5364;639;6003;NA;87128;961;2020-12-29;26404
2020-12-28;"Trnavský kraj";213;5334;615;5949;NA;87128;828;2020-12-28;25443
2020-12-27;"Trnavský kraj";27;20;4;24;NA;87128;31;2020-12-27;24615
2020-12-26;"Trnavský kraj";148;44;1;45;NA;87128;149;2020-12-26;24584
2020-12-25;"Trnavský kraj";65;49;5;54;NA;87128;70;2020-12-25;24435
2020-12-24;"Trnavský kraj";333;1359;117;1476;NA;87128;450;2020-12-24;24365
2020-12-23;"Trnavský kraj";210;7259;414;7673;NA;87128;624;2020-12-23;23915
2020-12-22;"Trnavský kraj";311;5590;491;6081;NA;87128;802;2020-12-22;23291
2020-12-21;"Trnavský kraj";328;4527;399;4926;NA;87128;727;2020-12-21;22489
2020-12-20;"Trnavský kraj";134;133;12;145;NA;87128;146;2020-12-20;21762
2020-12-19;"Trnavský kraj";201;1407;103;1510;NA;87128;304;2020-12-19;21616
2020-12-18;"Trnavský kraj";341;4898;378;5276;NA;87128;719;2020-12-18;21312
2020-12-17;"Trnavský kraj";375;5271;443;5714;NA;87128;818;2020-12-17;20593
2020-12-16;"Trnavský kraj";312;5249;405;5654;NA;87128;717;2020-12-16;19775
2020-12-15;"Trnavský kraj";492;6623;632;7255;NA;87128;1124;2020-12-15;19058
2020-12-14;"Trnavský kraj";161;3505;292;3797;NA;87128;453;2020-12-14;17934
2020-12-13;"Trnavský kraj";7;7;0;7;NA;87128;7;2020-12-13;17481
2020-12-12;"Trnavský kraj";254;1456;114;1570;NA;87128;368;2020-12-12;17474
2020-12-11;"Trnavský kraj";384;4683;262;4945;NA;87128;646;2020-12-11;17106
2020-12-10;"Trnavský kraj";183;5194;320;5514;NA;87128;503;2020-12-10;16460
2020-12-09;"Trnavský kraj";521;4283;321;4604;NA;87128;842;2020-12-09;15957
2020-12-08;"Trnavský kraj";281;4090;304;4394;NA;87128;585;2020-12-08;15115
2020-12-07;"Trnavský kraj";178;2895;199;3094;NA;87128;377;2020-12-07;14530
2020-12-06;"Trnavský kraj";46;0;0;0;NA;87128;46;2020-12-06;14153
2020-12-05;"Trnavský kraj";129;2218;41;2259;NA;87128;170;2020-12-05;14107
2020-12-04;"Trnavský kraj";242;3948;158;4106;NA;87128;400;2020-12-04;13937
2020-12-03;"Trnavský kraj";248;2770;190;2960;NA;87128;438;2020-12-03;13537
2020-12-02;"Trnavský kraj";284;4516;176;4692;NA;87128;460;2020-12-02;13099
2020-12-01;"Trnavský kraj";253;3190;205;3395;NA;87128;458;2020-12-01;12639
2020-11-30;"Trnavský kraj";200;7360;186;7546;NA;87128;386;2020-11-30;12181
2020-11-29;"Trnavský kraj";17;738;36;774;NA;87128;53;2020-11-29;11795
2020-11-28;"Trnavský kraj";83;1453;77;1530;NA;87128;160;2020-11-28;11742
2020-11-27;"Trnavský kraj";148;1779;85;1864;NA;87128;233;2020-11-27;11582
2020-11-26;"Trnavský kraj";234;1123;68;1191;NA;87128;302;2020-11-26;11349
2020-11-25;"Trnavský kraj";232;1168;74;1242;NA;87128;306;2020-11-25;11047
2020-11-24;"Trnavský kraj";295;1909;96;2005;NA;87128;391;2020-11-24;10741
2020-11-23;"Trnavský kraj";242;7393;129;7522;NA;87128;371;2020-11-23;10350
2020-11-22;"Trnavský kraj";10;82;9;91;NA;87128;19;2020-11-22;9979
2020-11-21;"Trnavský kraj";129;1354;36;1390;NA;87128;165;2020-11-21;9960
2020-11-20;"Trnavský kraj";246;1154;64;1218;NA;87128;310;2020-11-20;9795
2020-11-19;"Trnavský kraj";157;823;64;887;NA;87128;221;2020-11-19;9485
2020-11-18;"Trnavský kraj";235;822;82;904;NA;87128;317;2020-11-18;9264
2020-11-17;"Trnavský kraj";129;705;74;779;NA;87128;203;2020-11-17;8947
2020-11-16;"Trnavský kraj";187;732;32;764;NA;87128;219;2020-11-16;8744
2020-11-15;"Trnavský kraj";23;73;4;77;NA;87128;27;2020-11-15;8525
2020-11-14;"Trnavský kraj";86;397;12;409;NA;87128;98;2020-11-14;8498
2020-11-13;"Trnavský kraj";219;1312;21;1333;NA;87128;240;2020-11-13;8400
2020-11-12;"Trnavský kraj";162;420;18;438;NA;87128;180;2020-11-12;8160
2020-11-11;"Trnavský kraj";257;392;15;407;NA;87128;272;2020-11-11;7980
2020-11-10;"Trnavský kraj";189;889;30;919;NA;87128;219;2020-11-10;7708
2020-11-09;"Trnavský kraj";196;369;23;392;NA;87128;219;2020-11-09;7489
2020-11-08;"Trnavský kraj";55;400;4;404;NA;87128;59;2020-11-08;7270
2020-11-07;"Trnavský kraj";207;6070;74;6144;NA;87128;281;2020-11-07;7211
2020-11-06;"Trnavský kraj";260;1531;19;1550;NA;87128;279;2020-11-06;6930
2020-11-05;"Trnavský kraj";150;220;27;247;NA;87128;177;2020-11-05;6651
2020-11-04;"Trnavský kraj";188;212;10;222;NA;87128;198;2020-11-04;6474
2020-11-03;"Trnavský kraj";317;127;8;135;NA;87128;325;2020-11-03;6276
2020-11-02;"Trnavský kraj";281;1728;31;1759;NA;87128;312;2020-11-02;5951
2020-11-01;"Trnavský kraj";87;494;27;521;NA;87128;114;2020-11-01;5639
2020-10-31;"Trnavský kraj";259;5024;41;5065;NA;87128;300;2020-10-31;5525
2020-10-30;"Trnavský kraj";198;3784;27;3811;NA;87128;225;2020-10-30;5225
2020-10-29;"Trnavský kraj";273;1461;16;1477;NA;87128;289;2020-10-29;5000
2020-10-28;"Trnavský kraj";319;117;16;133;NA;87128;335;2020-10-28;4711
2020-10-27;"Trnavský kraj";199;461;36;497;NA;87128;235;2020-10-27;4376
2020-10-26;"Trnavský kraj";153;29;2;31;NA;87128;155;2020-10-26;4141
2020-10-25;"Trnavský kraj";95;19;1;20;NA;87128;96;2020-10-25;3986
2020-10-24;"Trnavský kraj";158;109;2;111;NA;87128;160;2020-10-24;3890
2020-10-23;"Trnavský kraj";201;89;4;93;NA;87128;205;2020-10-23;3730
2020-10-22;"Trnavský kraj";195;55;2;57;NA;87128;197;2020-10-22;3525
2020-10-21;"Trnavský kraj";134;73;3;76;NA;87128;137;2020-10-21;3328
2020-10-20;"Trnavský kraj";202;82;3;85;NA;87128;205;2020-10-20;3191
2020-10-19;"Trnavský kraj";67;55;0;55;NA;87128;67;2020-10-19;2986
2020-10-18;"Trnavský kraj";84;0;0;0;NA;87128;84;2020-10-18;2919
2020-10-17;"Trnavský kraj";123;0;0;0;NA;87128;123;2020-10-17;2835
2020-10-16;"Trnavský kraj";86;45;2;47;NA;87128;88;2020-10-16;2712
2020-10-15;"Trnavský kraj";155;66;2;68;NA;87128;157;2020-10-15;2624
2020-10-14;"Trnavský kraj";236;468;3;471;NA;87128;239;2020-10-14;2467
2020-10-13;"Trnavský kraj";138;16;2;18;NA;87128;140;2020-10-13;2228
2020-10-12;"Trnavský kraj";33;41;1;42;NA;87128;34;2020-10-12;2088
2020-10-11;"Trnavský kraj";31;0;0;0;NA;87128;31;2020-10-11;2054
2020-10-10;"Trnavský kraj";128;0;0;0;NA;87128;128;2020-10-10;2023
2020-10-09;"Trnavský kraj";156;0;0;0;NA;87128;156;2020-10-09;1895
2020-10-08;"Trnavský kraj";153;0;0;0;NA;87128;153;2020-10-08;1739
2020-10-07;"Trnavský kraj";80;0;0;0;NA;87128;80;2020-10-07;1586
2020-10-06;"Trnavský kraj";112;0;0;0;NA;87128;112;2020-10-06;1506
2020-10-05;"Trnavský kraj";33;0;0;0;NA;87128;33;2020-10-05;1394
2020-10-04;"Trnavský kraj";44;0;0;0;NA;87128;44;2020-10-04;1361
2020-10-03;"Trnavský kraj";60;0;0;0;NA;87128;60;2020-10-03;1317
2020-10-02;"Trnavský kraj";41;0;0;0;NA;87128;41;2020-10-02;1257
2020-10-01;"Trnavský kraj";53;0;0;0;NA;87128;53;2020-10-01;1216
2020-09-30;"Trnavský kraj";91;0;0;0;NA;87128;91;2020-09-30;1163
2020-09-29;"Trnavský kraj";40;0;0;0;NA;87128;40;2020-09-29;1072
2020-09-28;"Trnavský kraj";69;0;0;0;NA;87128;69;2020-09-28;1032
2020-09-27;"Trnavský kraj";30;0;0;0;NA;87128;30;2020-09-27;963
2020-09-26;"Trnavský kraj";46;0;0;0;NA;87128;46;2020-09-26;933
2020-09-25;"Trnavský kraj";32;0;0;0;NA;87128;32;2020-09-25;887
2020-09-24;"Trnavský kraj";42;0;0;0;NA;87128;42;2020-09-24;855
2020-09-23;"Trnavský kraj";43;0;0;0;NA;87128;43;2020-09-23;813
2020-09-22;"Trnavský kraj";55;0;0;0;NA;87128;55;2020-09-22;770
2020-09-21;"Trnavský kraj";41;0;0;0;NA;87128;41;2020-09-21;715
2020-09-20;"Trnavský kraj";17;0;0;0;NA;87128;17;2020-09-20;674
2020-09-19;"Trnavský kraj";4;0;0;0;NA;87128;4;2020-09-19;657
2020-09-18;"Trnavský kraj";33;0;0;0;NA;87128;33;2020-09-18;653
2020-09-17;"Trnavský kraj";42;0;0;0;NA;87128;42;2020-09-17;620
2020-09-16;"Trnavský kraj";49;0;0;0;NA;87128;49;2020-09-16;578
2020-09-15;"Trnavský kraj";5;0;0;0;NA;87128;5;2020-09-15;529
2020-09-14;"Trnavský kraj";26;0;0;0;NA;87128;26;2020-09-14;524
2020-09-13;"Trnavský kraj";9;0;0;0;NA;87128;9;2020-09-13;498
2020-09-12;"Trnavský kraj";12;0;0;0;NA;87128;12;2020-09-12;489
2020-09-11;"Trnavský kraj";16;0;0;0;NA;87128;16;2020-09-11;477
2020-09-10;"Trnavský kraj";32;0;0;0;NA;87128;32;2020-09-10;461
2020-09-09;"Trnavský kraj";14;0;0;0;NA;87128;14;2020-09-09;429
2020-09-08;"Trnavský kraj";11;0;0;0;NA;87128;11;2020-09-08;415
2020-09-07;"Trnavský kraj";7;0;0;0;NA;87128;7;2020-09-07;404
2020-09-06;"Trnavský kraj";5;0;0;0;NA;87128;5;2020-09-06;397
2020-09-05;"Trnavský kraj";7;0;0;0;NA;87128;7;2020-09-05;392
2020-09-04;"Trnavský kraj";16;0;0;0;NA;87128;16;2020-09-04;385
2020-09-03;"Trnavský kraj";8;0;0;0;NA;87128;8;2020-09-03;369
2020-09-02;"Trnavský kraj";7;0;0;0;NA;87128;7;2020-09-02;361
2020-09-01;"Trnavský kraj";1;0;0;0;NA;87128;1;2020-09-01;354
2020-08-31;"Trnavský kraj";6;0;0;0;NA;87128;6;2020-08-31;353
2020-08-30;"Trnavský kraj";1;0;0;0;NA;87128;1;2020-08-30;347
2020-08-29;"Trnavský kraj";3;0;0;0;NA;87128;3;2020-08-29;346
2020-08-28;"Trnavský kraj";14;0;0;0;NA;87128;14;2020-08-28;343
2020-08-27;"Trnavský kraj";6;0;0;0;NA;87128;6;2020-08-27;329
2020-08-26;"Trnavský kraj";4;0;0;0;NA;87128;4;2020-08-26;323
2020-08-25;"Trnavský kraj";7;0;0;0;NA;87128;7;2020-08-25;319
2020-08-24;"Trnavský kraj";1;0;0;0;NA;87128;1;2020-08-24;312
2020-08-23;"Trnavský kraj";6;0;0;0;NA;87128;6;2020-08-23;311
2020-08-22;"Trnavský kraj";3;0;0;0;NA;87128;3;2020-08-22;305
2020-08-21;"Trnavský kraj";4;0;0;0;NA;87128;4;2020-08-21;302
2020-08-20;"Trnavský kraj";23;0;0;0;NA;87128;23;2020-08-20;298
2020-08-19;"Trnavský kraj";13;0;0;0;NA;87128;13;2020-08-19;275
2020-08-18;"Trnavský kraj";20;0;0;0;NA;87128;20;2020-08-18;262
2020-08-17;"Trnavský kraj";3;0;0;0;NA;87128;3;2020-08-17;242
2020-08-16;"Trnavský kraj";0;0;0;0;NA;87128;0;2020-08-16;239
2020-08-15;"Trnavský kraj";7;0;0;0;NA;87128;7;2020-08-15;239
2020-08-14;"Trnavský kraj";6;0;0;0;NA;87128;6;2020-08-14;232
2020-08-13;"Trnavský kraj";10;0;0;0;NA;87128;10;2020-08-13;226
2020-08-12;"Trnavský kraj";2;0;0;0;NA;87128;2;2020-08-12;216
2020-08-11;"Trnavský kraj";30;0;0;0;NA;87128;30;2020-08-11;214
2020-08-10;"Trnavský kraj";0;0;0;0;NA;87128;0;2020-08-10;184
2020-08-09;"Trnavský kraj";0;0;0;0;NA;87128;0;2020-08-09;184
2020-08-08;"Trnavský kraj";13;0;0;0;NA;87128;13;2020-08-08;184
2020-08-07;"Trnavský kraj";4;0;0;0;NA;87128;4;2020-08-07;171
2020-08-06;"Trnavský kraj";4;0;0;0;NA;87128;4;2020-08-06;167
2020-08-05;"Trnavský kraj";0;0;0;0;NA;87128;0;2020-08-05;163
2020-08-04;"Trnavský kraj";1;0;0;0;NA;87128;1;2020-08-04;163
2020-08-03;"Trnavský kraj";2;0;0;0;NA;87128;2;2020-08-03;162
2020-08-02;"Trnavský kraj";1;0;0;0;NA;87128;1;2020-08-02;160
2020-08-01;"Trnavský kraj";0;0;0;0;NA;87128;0;2020-08-01;159
2020-07-31;"Trnavský kraj";7;0;0;0;NA;87128;7;2020-07-31;159
2020-07-30;"Trnavský kraj";6;0;0;0;NA;87128;6;2020-07-30;152
2020-07-29;"Trnavský kraj";0;0;0;0;NA;87128;0;2020-07-29;146
2020-07-28;"Trnavský kraj";1;0;0;0;NA;87128;1;2020-07-28;146
2020-07-27;"Trnavský kraj";2;0;0;0;NA;87128;2;2020-07-27;145
2020-07-26;"Trnavský kraj";0;0;0;0;NA;87128;0;2020-07-26;143
2020-07-25;"Trnavský kraj";0;0;0;0;NA;87128;0;2020-07-25;143
2020-07-24;"Trnavský kraj";1;0;0;0;NA;87128;1;2020-07-24;143
2020-07-23;"Trnavský kraj";2;0;0;0;NA;87128;2;2020-07-23;142
2020-07-22;"Trnavský kraj";1;0;0;0;NA;87128;1;2020-07-22;140
2020-07-21;"Trnavský kraj";2;0;0;0;NA;87128;2;2020-07-21;139
2020-07-20;"Trnavský kraj";0;0;0;0;NA;87128;0;2020-07-20;137
2020-07-19;"Trnavský kraj";0;0;0;0;NA;87128;0;2020-07-19;137
2020-07-18;"Trnavský kraj";0;0;0;0;NA;87128;0;2020-07-18;137
2020-07-17;"Trnavský kraj";0;0;0;0;NA;87128;0;2020-07-17;137
2020-07-16;"Trnavský kraj";0;0;0;0;NA;87128;0;2020-07-16;137
2020-07-15;"Trnavský kraj";1;0;0;0;NA;87128;1;2020-07-15;137
2020-07-14;"Trnavský kraj";0;0;0;0;NA;87128;0;2020-07-14;136
2020-07-13;"Trnavský kraj";0;0;0;0;NA;87128;0;2020-07-13;136
2020-07-12;"Trnavský kraj";0;0;0;0;NA;87128;0;2020-07-12;136
2020-07-11;"Trnavský kraj";0;0;0;0;NA;87128;0;2020-07-11;136
2020-07-10;"Trnavský kraj";0;0;0;0;NA;87128;0;2020-07-10;136
2020-07-09;"Trnavský kraj";0;0;0;0;NA;87128;0;2020-07-09;136
2020-07-08;"Trnavský kraj";3;0;0;0;NA;87128;3;2020-07-08;136
2020-07-07;"Trnavský kraj";4;0;0;0;NA;87128;4;2020-07-07;133
2020-07-06;"Trnavský kraj";0;0;0;0;NA;87128;0;2020-07-06;129
2020-07-05;"Trnavský kraj";0;0;0;0;NA;87128;0;2020-07-05;129
2020-07-04;"Trnavský kraj";0;0;0;0;NA;87128;0;2020-07-04;129
2020-07-03;"Trnavský kraj";0;0;0;0;NA;87128;0;2020-07-03;129
2020-07-02;"Trnavský kraj";3;0;0;0;NA;87128;3;2020-07-02;129
2020-07-01;"Trnavský kraj";0;0;0;0;NA;87128;0;2020-07-01;126
2020-06-30;"Trnavský kraj";0;0;0;0;NA;87128;0;2020-06-30;126
2020-06-29;"Trnavský kraj";0;0;0;0;NA;87128;0;2020-06-29;126
2020-06-28;"Trnavský kraj";0;0;0;0;NA;87128;0;2020-06-28;126
2020-06-27;"Trnavský kraj";0;0;0;0;NA;87128;0;2020-06-27;126
2020-06-26;"Trnavský kraj";0;0;0;0;NA;87128;0;2020-06-26;126
2020-06-25;"Trnavský kraj";0;0;0;0;NA;87128;0;2020-06-25;126
2020-06-24;"Trnavský kraj";0;0;0;0;NA;87128;0;2020-06-24;126
2020-06-23;"Trnavský kraj";0;0;0;0;NA;87128;0;2020-06-23;126
2020-06-22;"Trnavský kraj";0;0;0;0;NA;87128;0;2020-06-22;126
2020-06-21;"Trnavský kraj";0;0;0;0;NA;87128;0;2020-06-21;126
2020-06-20;"Trnavský kraj";0;0;0;0;NA;87128;0;2020-06-20;126
2020-06-19;"Trnavský kraj";0;0;0;0;NA;87128;0;2020-06-19;126
2020-06-18;"Trnavský kraj";2;0;0;0;NA;87128;2;2020-06-18;126
2020-06-17;"Trnavský kraj";0;0;0;0;NA;87128;0;2020-06-17;124
2020-06-16;"Trnavský kraj";0;0;0;0;NA;87128;0;2020-06-16;124
2020-06-14;"Trnavský kraj";0;0;0;0;NA;87128;0;2020-06-14;124
2020-06-13;"Trnavský kraj";0;0;0;0;NA;87128;0;2020-06-13;124
2020-06-12;"Trnavský kraj";0;0;0;0;NA;87128;0;2020-06-12;124
2020-06-11;"Trnavský kraj";0;0;0;0;NA;87128;0;2020-06-11;124
2020-06-10;"Trnavský kraj";0;0;0;0;NA;87128;0;2020-06-10;124
2020-06-09;"Trnavský kraj";0;0;0;0;NA;87128;0;2020-06-09;124
2020-06-08;"Trnavský kraj";0;0;0;0;NA;87128;0;2020-06-08;124
2020-06-07;"Trnavský kraj";0;0;0;0;NA;87128;0;2020-06-07;124
2020-06-05;"Trnavský kraj";0;0;0;0;NA;87128;0;2020-06-05;124
2020-06-03;"Trnavský kraj";0;0;0;0;NA;87128;0;2020-06-03;124
2020-06-02;"Trnavský kraj";0;0;0;0;NA;87128;0;2020-06-02;124
2020-05-31;"Trnavský kraj";0;0;0;0;NA;87128;0;2020-05-31;124
2020-05-29;"Trnavský kraj";0;0;0;0;NA;87128;0;2020-05-29;124
2020-05-27;"Trnavský kraj";0;0;0;0;NA;87128;0;2020-05-27;124
2020-05-26;"Trnavský kraj";0;0;0;0;NA;87128;0;2020-05-26;124
2020-05-25;"Trnavský kraj";1;0;0;0;NA;87128;1;2020-05-25;124
2020-05-24;"Trnavský kraj";0;0;0;0;NA;87128;0;2020-05-24;123
2020-05-23;"Trnavský kraj";2;0;0;0;NA;87128;2;2020-05-23;123
2020-05-22;"Trnavský kraj";0;0;0;0;NA;87128;0;2020-05-22;121
2020-05-21;"Trnavský kraj";0;0;0;0;NA;87128;0;2020-05-21;121
2020-05-20;"Trnavský kraj";2;0;0;0;NA;87128;2;2020-05-20;121
2020-05-19;"Trnavský kraj";0;0;0;0;NA;87128;0;2020-05-19;119
2020-05-17;"Trnavský kraj";0;0;0;0;NA;87128;0;2020-05-17;119
2020-05-16;"Trnavský kraj";0;0;0;0;NA;87128;0;2020-05-16;119
2020-05-15;"Trnavský kraj";1;0;0;0;NA;87128;1;2020-05-15;119
2020-05-14;"Trnavský kraj";0;0;0;0;NA;87128;0;2020-05-14;118
2020-05-13;"Trnavský kraj";0;0;0;0;NA;87128;0;2020-05-13;118
2020-05-12;"Trnavský kraj";0;0;0;0;NA;87128;0;2020-05-12;118
2020-05-11;"Trnavský kraj";2;0;0;0;NA;87128;2;2020-05-11;118
2020-05-09;"Trnavský kraj";0;0;0;0;NA;87128;0;2020-05-09;116
2020-05-07;"Trnavský kraj";0;0;0;0;NA;87128;0;2020-05-07;116
2020-05-06;"Trnavský kraj";0;0;0;0;NA;87128;0;2020-05-06;116
2020-05-05;"Trnavský kraj";0;0;0;0;NA;87128;0;2020-05-05;116
2020-05-04;"Trnavský kraj";0;0;0;0;NA;87128;0;2020-05-04;116
2020-05-03;"Trnavský kraj";0;0;0;0;NA;87128;0;2020-05-03;116
2020-05-02;"Trnavský kraj";0;0;0;0;NA;87128;0;2020-05-02;116
2020-05-01;"Trnavský kraj";0;0;0;0;NA;87128;0;2020-05-01;116
2020-04-30;"Trnavský kraj";0;0;0;0;NA;87128;0;2020-04-30;116
2020-04-29;"Trnavský kraj";0;0;0;0;NA;87128;0;2020-04-29;116
2020-04-28;"Trnavský kraj";1;0;0;0;NA;87128;1;2020-04-28;116
2020-04-27;"Trnavský kraj";0;0;0;0;NA;87128;0;2020-04-27;115
2020-04-26;"Trnavský kraj";0;0;0;0;NA;87128;0;2020-04-26;115
2020-04-25;"Trnavský kraj";2;0;0;0;NA;87128;2;2020-04-25;115
2020-04-24;"Trnavský kraj";4;0;0;0;NA;87128;4;2020-04-24;113
2020-04-23;"Trnavský kraj";5;0;0;0;NA;87128;5;2020-04-23;109
2020-04-22;"Trnavský kraj";10;0;0;0;NA;87128;10;2020-04-22;104
2020-04-21;"Trnavský kraj";5;0;0;0;NA;87128;5;2020-04-21;94
2020-04-20;"Trnavský kraj";0;0;0;0;NA;87128;0;2020-04-20;89
2020-04-19;"Trnavský kraj";1;0;0;0;NA;87128;1;2020-04-19;89
2020-04-18;"Trnavský kraj";4;0;0;0;NA;87128;4;2020-04-18;88
2020-04-17;"Trnavský kraj";7;0;0;0;NA;87128;7;2020-04-17;84
2020-04-16;"Trnavský kraj";5;0;0;0;NA;87128;5;2020-04-16;77
2020-04-15;"Trnavský kraj";5;0;0;0;NA;87128;5;2020-04-15;72
2020-04-14;"Trnavský kraj";1;0;0;0;NA;87128;1;2020-04-14;67
2020-04-13;"Trnavský kraj";0;0;0;0;NA;87128;0;2020-04-13;66
2020-04-12;"Trnavský kraj";0;0;0;0;NA;87128;0;2020-04-12;66
2020-04-11;"Trnavský kraj";0;0;0;0;NA;87128;0;2020-04-11;66
2020-04-10;"Trnavský kraj";2;0;0;0;NA;87128;2;2020-04-10;66
2020-04-09;"Trnavský kraj";3;0;0;0;NA;87128;3;2020-04-09;64
2020-04-08;"Trnavský kraj";4;0;0;0;NA;87128;4;2020-04-08;61
2020-04-07;"Trnavský kraj";6;0;0;0;NA;87128;6;2020-04-07;57
2020-04-06;"Trnavský kraj";6;0;0;0;NA;87128;6;2020-04-06;51
2020-04-05;"Trnavský kraj";1;0;0;0;NA;87128;1;2020-04-05;45
2020-04-04;"Trnavský kraj";1;0;0;0;NA;87128;1;2020-04-04;44
2020-04-03;"Trnavský kraj";3;0;0;0;NA;87128;3;2020-04-03;43
2020-04-02;"Trnavský kraj";4;0;0;0;NA;87128;4;2020-04-02;40
2020-04-01;"Trnavský kraj";0;0;0;0;NA;87128;0;2020-04-01;36
2020-03-31;"Trnavský kraj";3;0;0;0;NA;87128;3;2020-03-31;36
2020-03-30;"Trnavský kraj";4;0;0;0;NA;87128;4;2020-03-30;33
2020-03-29;"Trnavský kraj";1;0;0;0;NA;87128;1;2020-03-29;29
2020-03-28;"Trnavský kraj";3;0;0;0;NA;87128;3;2020-03-28;28
2020-03-27;"Trnavský kraj";5;0;0;0;NA;87128;5;2020-03-27;25
2020-03-26;"Trnavský kraj";5;0;0;0;NA;87128;5;2020-03-26;20
2020-03-25;"Trnavský kraj";1;0;0;0;NA;87128;1;2020-03-25;15
2020-03-24;"Trnavský kraj";0;0;0;0;NA;87128;0;2020-03-24;14
2020-03-23;"Trnavský kraj";2;0;0;0;NA;87128;2;2020-03-23;14
2020-03-22;"Trnavský kraj";1;0;0;0;NA;87128;1;2020-03-22;12
2020-03-21;"Trnavský kraj";5;0;0;0;NA;87128;5;2020-03-21;11
2020-03-20;"Trnavský kraj";0;0;0;0;NA;87128;0;2020-03-20;6
2020-03-19;"Trnavský kraj";0;0;0;0;NA;87128;0;2020-03-19;6
2020-03-18;"Trnavský kraj";0;0;0;0;NA;87128;0;2020-03-18;6
2020-03-17;"Trnavský kraj";3;0;0;0;NA;87128;3;2020-03-17;6
2020-03-16;"Trnavský kraj";1;0;0;0;NA;87128;1;2020-03-16;3
2020-03-15;"Trnavský kraj";0;0;0;0;NA;87128;0;2020-03-15;2
2020-03-14;"Trnavský kraj";0;0;0;0;NA;87128;0;2020-03-14;2
2020-03-13;"Trnavský kraj";1;0;0;0;NA;87128;1;2020-03-13;2
2020-03-12;"Trnavský kraj";1;0;0;0;NA;87128;1;2020-03-12;1
2020-03-11;"Trnavský kraj";0;0;0;0;NA;87128;0;2020-03-11;0
2020-03-09;"Trnavský kraj";0;0;0;0;NA;87128;0;2020-03-09;0
2020-03-08;"Trnavský kraj";0;0;0;0;NA;87128;0;2020-03-08;0
2020-03-07;"Trnavský kraj";0;0;0;0;NA;87128;0;2020-03-07;0
2020-03-06;"Trnavský kraj";0;0;0;0;NA;87128;0;2020-03-06;0
2021-04-13;"Žilinský kraj";171;24345;135;24480;54573;100870;306;2021-04-13;100870
2021-04-12;"Žilinský kraj";266;29753;183;29936;NA;100870;449;2021-04-12;100564
2021-04-11;"Žilinský kraj";19;37044;107;37151;NA;100870;126;2021-04-11;100115
2021-04-10;"Žilinský kraj";111;86173;234;86407;NA;100870;345;2021-04-10;99989
2021-04-09;"Žilinský kraj";195;40565;205;40770;NA;100870;400;2021-04-09;99644
2021-04-08;"Žilinský kraj";179;24149;137;24286;NA;100870;316;2021-04-08;99244
2021-04-07;"Žilinský kraj";309;29183;178;29361;NA;100870;487;2021-04-07;98928
2021-04-06;"Žilinský kraj";308;38922;294;39216;NA;100870;602;2021-04-06;98441
2021-04-05;"Žilinský kraj";17;14747;140;14887;NA;100870;157;2021-04-05;97839
2021-04-04;"Žilinský kraj";17;16284;69;16353;NA;100870;86;2021-04-04;97682
2021-04-03;"Žilinský kraj";180;100913;401;101314;NA;100870;581;2021-04-03;97596
2021-04-02;"Žilinský kraj";73;22481;84;22565;NA;100870;157;2021-04-02;97015
2021-04-01;"Žilinský kraj";334;42518;240;42758;NA;100870;574;2021-04-01;96858
2021-03-31;"Žilinský kraj";170;31632;247;31879;NA;100870;417;2021-03-31;96284
2021-03-30;"Žilinský kraj";406;26070;243;26313;NA;100870;649;2021-03-30;95867
2021-03-29;"Žilinský kraj";297;28022;268;28290;NA;100870;565;2021-03-29;95218
2021-03-28;"Žilinský kraj";21;36206;239;36445;NA;100870;260;2021-03-28;94653
2021-03-27;"Žilinský kraj";151;89102;353;89455;NA;100870;504;2021-03-27;94393
2021-03-26;"Žilinský kraj";312;51997;332;52329;NA;100870;644;2021-03-26;93889
2021-03-25;"Žilinský kraj";281;27624;214;27838;NA;100870;495;2021-03-25;93245
2021-03-24;"Žilinský kraj";280;21425;261;21686;NA;100870;541;2021-03-24;92750
2021-03-23;"Žilinský kraj";418;23171;278;23449;NA;100870;696;2021-03-23;92209
2021-03-22;"Žilinský kraj";293;29289;314;29603;NA;100870;607;2021-03-22;91513
2021-03-21;"Žilinský kraj";32;33505;227;33732;NA;100870;259;2021-03-21;90906
2021-03-20;"Žilinský kraj";165;93424;497;93921;NA;100870;662;2021-03-20;90647
2021-03-19;"Žilinský kraj";357;51763;413;52176;NA;100870;770;2021-03-19;89985
2021-03-18;"Žilinský kraj";329;28458;294;28752;NA;100870;623;2021-03-18;89215
2021-03-17;"Žilinský kraj";395;21975;282;22257;NA;100870;677;2021-03-17;88592
2021-03-16;"Žilinský kraj";514;24277;304;24581;NA;100870;818;2021-03-16;87915
2021-03-15;"Žilinský kraj";341;29607;419;30026;NA;100870;760;2021-03-15;87097
2021-03-14;"Žilinský kraj";87;34121;267;34388;NA;100870;354;2021-03-14;86337
2021-03-13;"Žilinský kraj";113;93756;584;94340;NA;100870;697;2021-03-13;85983
2021-03-12;"Žilinský kraj";520;52106;410;52516;NA;100870;930;2021-03-12;85286
2021-03-11;"Žilinský kraj";399;28773;314;29087;NA;100870;713;2021-03-11;84356
2021-03-10;"Žilinský kraj";368;22432;370;22802;NA;100870;738;2021-03-10;83643
2021-03-09;"Žilinský kraj";537;24773;316;25089;NA;100870;853;2021-03-09;82905
2021-03-08;"Žilinský kraj";387;30820;458;31278;NA;100870;845;2021-03-08;82052
2021-03-07;"Žilinský kraj";48;33469;290;33759;NA;100870;338;2021-03-07;81207
2021-03-06;"Žilinský kraj";173;92392;586;92978;NA;100870;759;2021-03-06;80869
2021-03-05;"Žilinský kraj";369;51742;483;52225;NA;100870;852;2021-03-05;80110
2021-03-04;"Žilinský kraj";467;30138;377;30515;NA;100870;844;2021-03-04;79258
2021-03-03;"Žilinský kraj";448;26325;394;26719;NA;100870;842;2021-03-03;78414
2021-03-02;"Žilinský kraj";551;25586;378;25964;NA;100870;929;2021-03-02;77572
2021-03-01;"Žilinský kraj";375;30780;441;31221;NA;100870;816;2021-03-01;76643
2021-02-28;"Žilinský kraj";61;34802;327;35129;NA;100870;388;2021-02-28;75827
2021-02-27;"Žilinský kraj";159;83781;639;84420;NA;100870;798;2021-02-27;75439
2021-02-26;"Žilinský kraj";459;47494;508;48002;NA;100870;967;2021-02-26;74641
2021-02-25;"Žilinský kraj";347;30877;393;31270;NA;100870;740;2021-02-25;73674
2021-02-24;"Žilinský kraj";339;18829;396;19225;NA;100870;735;2021-02-24;72934
2021-02-23;"Žilinský kraj";437;22336;417;22753;NA;100870;854;2021-02-23;72199
2021-02-22;"Žilinský kraj";345;29266;438;29704;NA;100870;783;2021-02-22;71345
2021-02-21;"Žilinský kraj";36;28686;322;29008;NA;100870;358;2021-02-21;70562
2021-02-20;"Žilinský kraj";152;88723;667;89390;NA;100870;819;2021-02-20;70204
2021-02-19;"Žilinský kraj";337;44808;416;45224;NA;100870;753;2021-02-19;69385
2021-02-18;"Žilinský kraj";263;24675;338;25013;NA;100870;601;2021-02-18;68632
2021-02-17;"Žilinský kraj";269;17964;355;18319;NA;100870;624;2021-02-17;68031
2021-02-16;"Žilinský kraj";321;24242;325;24567;NA;100870;646;2021-02-16;67407
2021-02-15;"Žilinský kraj";230;30420;311;30731;NA;100870;541;2021-02-15;66761
2021-02-14;"Žilinský kraj";30;28574;231;28805;NA;100870;261;2021-02-14;66220
2021-02-13;"Žilinský kraj";91;69659;454;70113;NA;100870;545;2021-02-13;65959
2021-02-12;"Žilinský kraj";242;42686;335;43021;NA;100870;577;2021-02-12;65414
2021-02-11;"Žilinský kraj";228;23520;300;23820;NA;100870;528;2021-02-11;64837
2021-02-10;"Žilinský kraj";259;17434;261;17695;NA;100870;520;2021-02-10;64309
2021-02-09;"Žilinský kraj";377;24844;275;25119;NA;100870;652;2021-02-09;63789
2021-02-08;"Žilinský kraj";160;41238;388;41626;NA;100870;548;2021-02-08;63137
2021-02-07;"Žilinský kraj";24;46446;252;46698;NA;100870;276;2021-02-07;62589
2021-02-06;"Žilinský kraj";71;72880;367;73247;NA;100870;438;2021-02-06;62313
2021-02-05;"Žilinský kraj";248;31982;323;32305;NA;100870;571;2021-02-05;61875
2021-02-04;"Žilinský kraj";238;13127;258;13385;NA;100870;496;2021-02-04;61304
2021-02-03;"Žilinský kraj";194;9179;255;9434;NA;100870;449;2021-02-03;60808
2021-02-02;"Žilinský kraj";216;9377;274;9651;NA;100870;490;2021-02-02;60359
2021-02-01;"Žilinský kraj";220;19506;363;19869;NA;100870;583;2021-02-01;59869
2021-01-31;"Žilinský kraj";11;2652;27;2679;NA;100870;38;2021-01-31;59286
2021-01-30;"Žilinský kraj";85;18447;187;18634;NA;100870;272;2021-01-30;59248
2021-01-29;"Žilinský kraj";209;22884;304;23188;NA;100870;513;2021-01-29;58976
2021-01-28;"Žilinský kraj";240;5619;174;5793;NA;100870;414;2021-01-28;58463
2021-01-27;"Žilinský kraj";256;7136;123;7259;NA;100870;379;2021-01-27;58049
2021-01-26;"Žilinský kraj";245;49502;337;49839;NA;100870;582;2021-01-26;57670
2021-01-25;"Žilinský kraj";159;22123;153;22276;NA;100870;312;2021-01-25;57088
2021-01-24;"Žilinský kraj";22;67338;306;67644;NA;100870;328;2021-01-24;56776
2021-01-23;"Žilinský kraj";91;91257;408;91665;NA;100870;499;2021-01-23;56448
2021-01-22;"Žilinský kraj";163;31042;235;31277;NA;100870;398;2021-01-22;55949
2021-01-21;"Žilinský kraj";116;19836;183;20019;NA;100870;299;2021-01-21;55551
2021-01-20;"Žilinský kraj";236;17456;171;17627;NA;100870;407;2021-01-20;55252
2021-01-19;"Žilinský kraj";245;15619;279;15898;NA;100870;524;2021-01-19;54845
2021-01-18;"Žilinský kraj";236;12537;334;12871;NA;100870;570;2021-01-18;54321
2021-01-17;"Žilinský kraj";95;117;2;119;NA;100870;97;2021-01-17;53751
2021-01-16;"Žilinský kraj";14;758;37;795;NA;100870;51;2021-01-16;53654
2021-01-15;"Žilinský kraj";248;7254;203;7457;NA;100870;451;2021-01-15;53603
2021-01-14;"Žilinský kraj";166;5609;249;5858;NA;100870;415;2021-01-14;53152
2021-01-13;"Žilinský kraj";247;11307;553;11860;NA;100870;800;2021-01-13;52737
2021-01-12;"Žilinský kraj";376;8733;417;9150;NA;100870;793;2021-01-12;51937
2021-01-11;"Žilinský kraj";351;10348;510;10858;NA;100870;861;2021-01-11;51144
2021-01-10;"Žilinský kraj";38;189;7;196;NA;100870;45;2021-01-10;50283
2021-01-09;"Žilinský kraj";192;1992;85;2077;NA;100870;277;2021-01-09;50238
2021-01-08;"Žilinský kraj";413;9234;500;9734;NA;100870;913;2021-01-08;49961
2021-01-07;"Žilinský kraj";438;23511;1881;25392;NA;100870;2319;2021-01-07;49048
2021-01-06;"Žilinský kraj";145;1338;89;1427;NA;100870;234;2021-01-06;46729
2021-01-05;"Žilinský kraj";717;11085;911;11996;NA;100870;1628;2021-01-05;46495
2021-01-04;"Žilinský kraj";479;9376;959;10335;NA;100870;1438;2021-01-04;44867
2021-01-03;"Žilinský kraj";13;1030;98;1128;NA;100870;111;2021-01-03;43429
2021-01-02;"Žilinský kraj";98;746;86;832;NA;100870;184;2021-01-02;43318
2021-01-01;"Žilinský kraj";118;552;36;588;NA;100870;154;2021-01-01;43134
2020-12-31;"Žilinský kraj";395;10040;814;10854;NA;100870;1209;2020-12-31;42980
2020-12-30;"Žilinský kraj";1038;11972;838;12810;NA;100870;1876;2020-12-30;41771
2020-12-29;"Žilinský kraj";256;10592;1044;11636;NA;100870;1300;2020-12-29;39895
2020-12-28;"Žilinský kraj";406;11231;1061;12292;NA;100870;1467;2020-12-28;38595
2020-12-27;"Žilinský kraj";40;672;80;752;NA;100870;120;2020-12-27;37128
2020-12-26;"Žilinský kraj";135;518;48;566;NA;100870;183;2020-12-26;37008
2020-12-25;"Žilinský kraj";66;111;10;121;NA;100870;76;2020-12-25;36825
2020-12-24;"Žilinský kraj";643;1018;75;1093;NA;100870;718;2020-12-24;36749
2020-12-23;"Žilinský kraj";228;17264;1031;18295;NA;100870;1259;2020-12-23;36031
2020-12-22;"Žilinský kraj";519;13749;1032;14781;NA;100870;1551;2020-12-22;34772
2020-12-21;"Žilinský kraj";444;12622;1100;13722;NA;100870;1544;2020-12-21;33221
2020-12-20;"Žilinský kraj";36;579;73;652;NA;100870;109;2020-12-20;31677
2020-12-19;"Žilinský kraj";208;2080;144;2224;NA;100870;352;2020-12-19;31568
2020-12-18;"Žilinský kraj";333;6899;402;7301;NA;100870;735;2020-12-18;31216
2020-12-17;"Žilinský kraj";500;4246;280;4526;NA;100870;780;2020-12-17;30481
2020-12-16;"Žilinský kraj";333;3962;283;4245;NA;100870;616;2020-12-16;29701
2020-12-15;"Žilinský kraj";528;4181;377;4558;NA;100870;905;2020-12-15;29085
2020-12-14;"Žilinský kraj";321;4273;355;4628;NA;100870;676;2020-12-14;28180
2020-12-13;"Žilinský kraj";26;529;67;596;NA;100870;93;2020-12-13;27504
2020-12-12;"Žilinský kraj";95;1061;53;1114;NA;100870;148;2020-12-12;27411
2020-12-11;"Žilinský kraj";455;4513;274;4787;NA;100870;729;2020-12-11;27263
2020-12-10;"Žilinský kraj";166;9341;840;10181;NA;100870;1006;2020-12-10;26534
2020-12-09;"Žilinský kraj";392;2200;124;2324;NA;100870;516;2020-12-09;25528
2020-12-08;"Žilinský kraj";331;3276;132;3408;NA;100870;463;2020-12-08;25012
2020-12-07;"Žilinský kraj";348;2289;121;2410;NA;100870;469;2020-12-07;24549
2020-12-06;"Žilinský kraj";15;147;4;151;NA;100870;19;2020-12-06;24080
2020-12-05;"Žilinský kraj";98;1417;53;1470;NA;100870;151;2020-12-05;24061
2020-12-04;"Žilinský kraj";228;2884;123;3007;NA;100870;351;2020-12-04;23910
2020-12-03;"Žilinský kraj";237;1415;119;1534;NA;100870;356;2020-12-03;23559
2020-12-02;"Žilinský kraj";181;1691;89;1780;NA;100870;270;2020-12-02;23203
2020-12-01;"Žilinský kraj";209;6598;315;6913;NA;100870;524;2020-12-01;22933
2020-11-30;"Žilinský kraj";203;5332;301;5633;NA;100870;504;2020-11-30;22409
2020-11-29;"Žilinský kraj";18;81;7;88;NA;100870;25;2020-11-29;21905
2020-11-28;"Žilinský kraj";99;349;15;364;NA;100870;114;2020-11-28;21880
2020-11-27;"Žilinský kraj";218;914;46;960;NA;100870;264;2020-11-27;21766
2020-11-26;"Žilinský kraj";190;1105;57;1162;NA;100870;247;2020-11-26;21502
2020-11-25;"Žilinský kraj";225;1217;49;1266;NA;100870;274;2020-11-25;21255
2020-11-24;"Žilinský kraj";213;2139;67;2206;NA;100870;280;2020-11-24;20981
2020-11-23;"Žilinský kraj";170;759;44;803;NA;100870;214;2020-11-23;20701
2020-11-22;"Žilinský kraj";11;67;2;69;NA;100870;13;2020-11-22;20487
2020-11-21;"Žilinský kraj";61;505;20;525;NA;100870;81;2020-11-21;20474
2020-11-20;"Žilinský kraj";251;1074;45;1119;NA;100870;296;2020-11-20;20393
2020-11-19;"Žilinský kraj";252;752;61;813;NA;100870;313;2020-11-19;20097
2020-11-18;"Žilinský kraj";346;348;15;363;NA;100870;361;2020-11-18;19784
2020-11-17;"Žilinský kraj";123;490;15;505;NA;100870;138;2020-11-17;19423
2020-11-16;"Žilinský kraj";227;247;15;262;NA;100870;242;2020-11-16;19285
2020-11-15;"Žilinský kraj";63;13;0;13;NA;100870;63;2020-11-15;19043
2020-11-14;"Žilinský kraj";189;1038;11;1049;NA;100870;200;2020-11-14;18980
2020-11-13;"Žilinský kraj";181;125;9;134;NA;100870;190;2020-11-13;18780
2020-11-12;"Žilinský kraj";334;79;2;81;NA;100870;336;2020-11-12;18590
2020-11-11;"Žilinský kraj";489;147;10;157;NA;100870;499;2020-11-11;18254
2020-11-10;"Žilinský kraj";374;519;9;528;NA;100870;383;2020-11-10;17755
2020-11-09;"Žilinský kraj";143;2335;30;2365;NA;100870;173;2020-11-09;17372
2020-11-08;"Žilinský kraj";59;2538;37;2575;NA;100870;96;2020-11-08;17199
2020-11-07;"Žilinský kraj";312;8175;88;8263;NA;100870;400;2020-11-07;17103
2020-11-06;"Žilinský kraj";503;4090;38;4128;NA;100870;541;2020-11-06;16703
2020-11-05;"Žilinský kraj";473;64;4;68;NA;100870;477;2020-11-05;16162
2020-11-04;"Žilinský kraj";423;178;10;188;NA;100870;433;2020-11-04;15685
2020-11-03;"Žilinský kraj";688;889;16;905;NA;100870;704;2020-11-03;15252
2020-11-02;"Žilinský kraj";472;1043;39;1082;NA;100870;511;2020-11-02;14548
2020-11-01;"Žilinský kraj";349;5096;130;5226;NA;100870;479;2020-11-01;14037
2020-10-31;"Žilinský kraj";661;7963;203;8166;NA;100870;864;2020-10-31;13558
2020-10-30;"Žilinský kraj";529;2575;61;2636;NA;100870;590;2020-10-30;12694
2020-10-29;"Žilinský kraj";740;503;17;520;NA;100870;757;2020-10-29;12104
2020-10-28;"Žilinský kraj";635;105;11;116;NA;100870;646;2020-10-28;11347
2020-10-27;"Žilinský kraj";355;154;24;178;NA;100870;379;2020-10-27;10701
2020-10-26;"Žilinský kraj";148;117;28;145;NA;100870;176;2020-10-26;10322
2020-10-25;"Žilinský kraj";436;0;0;0;NA;100870;436;2020-10-25;10146
2020-10-24;"Žilinský kraj";803;0;0;0;NA;100870;803;2020-10-24;9710
2020-10-23;"Žilinský kraj";659;102;13;115;NA;100870;672;2020-10-23;8907
2020-10-22;"Žilinský kraj";525;33;3;36;NA;100870;528;2020-10-22;8235
2020-10-21;"Žilinský kraj";478;74;14;88;NA;100870;492;2020-10-21;7707
2020-10-20;"Žilinský kraj";524;127;8;135;NA;100870;532;2020-10-20;7215
2020-10-19;"Žilinský kraj";70;80;12;92;NA;100870;82;2020-10-19;6683
2020-10-18;"Žilinský kraj";159;0;0;0;NA;100870;159;2020-10-18;6601
2020-10-17;"Žilinský kraj";509;0;0;0;NA;100870;509;2020-10-17;6442
2020-10-16;"Žilinský kraj";603;51;9;60;NA;100870;612;2020-10-16;5933
2020-10-15;"Žilinský kraj";679;61;3;64;NA;100870;682;2020-10-15;5321
2020-10-14;"Žilinský kraj";523;269;6;275;NA;100870;529;2020-10-14;4639
2020-10-13;"Žilinský kraj";367;458;40;498;NA;100870;407;2020-10-13;4110
2020-10-12;"Žilinský kraj";62;0;0;0;NA;100870;62;2020-10-12;3703
2020-10-11;"Žilinský kraj";50;0;0;0;NA;100870;50;2020-10-11;3641
2020-10-10;"Žilinský kraj";213;0;0;0;NA;100870;213;2020-10-10;3591
2020-10-09;"Žilinský kraj";543;0;0;0;NA;100870;543;2020-10-09;3378
2020-10-08;"Žilinský kraj";238;0;0;0;NA;100870;238;2020-10-08;2835
2020-10-07;"Žilinský kraj";168;0;0;0;NA;100870;168;2020-10-07;2597
2020-10-06;"Žilinský kraj";233;0;0;0;NA;100870;233;2020-10-06;2429
2020-10-05;"Žilinský kraj";33;0;0;0;NA;100870;33;2020-10-05;2196
2020-10-04;"Žilinský kraj";35;0;0;0;NA;100870;35;2020-10-04;2163
2020-10-03;"Žilinský kraj";155;0;0;0;NA;100870;155;2020-10-03;2128
2020-10-02;"Žilinský kraj";105;0;0;0;NA;100870;105;2020-10-02;1973
2020-10-01;"Žilinský kraj";147;0;0;0;NA;100870;147;2020-10-01;1868
2020-09-30;"Žilinský kraj";163;0;0;0;NA;100870;163;2020-09-30;1721
2020-09-29;"Žilinský kraj";105;0;0;0;NA;100870;105;2020-09-29;1558
2020-09-28;"Žilinský kraj";34;0;0;0;NA;100870;34;2020-09-28;1453
2020-09-27;"Žilinský kraj";108;0;0;0;NA;100870;108;2020-09-27;1419
2020-09-26;"Žilinský kraj";96;0;0;0;NA;100870;96;2020-09-26;1311
2020-09-25;"Žilinský kraj";69;0;0;0;NA;100870;69;2020-09-25;1215
2020-09-24;"Žilinský kraj";100;0;0;0;NA;100870;100;2020-09-24;1146
2020-09-23;"Žilinský kraj";65;0;0;0;NA;100870;65;2020-09-23;1046
2020-09-22;"Žilinský kraj";65;0;0;0;NA;100870;65;2020-09-22;981
2020-09-21;"Žilinský kraj";47;0;0;0;NA;100870;47;2020-09-21;916
2020-09-20;"Žilinský kraj";4;0;0;0;NA;100870;4;2020-09-20;869
2020-09-19;"Žilinský kraj";6;0;0;0;NA;100870;6;2020-09-19;865
2020-09-18;"Žilinský kraj";82;0;0;0;NA;100870;82;2020-09-18;859
2020-09-17;"Žilinský kraj";30;0;0;0;NA;100870;30;2020-09-17;777
2020-09-16;"Žilinský kraj";34;0;0;0;NA;100870;34;2020-09-16;747
2020-09-15;"Žilinský kraj";12;0;0;0;NA;100870;12;2020-09-15;713
2020-09-14;"Žilinský kraj";39;0;0;0;NA;100870;39;2020-09-14;701
2020-09-13;"Žilinský kraj";6;0;0;0;NA;100870;6;2020-09-13;662
2020-09-12;"Žilinský kraj";4;0;0;0;NA;100870;4;2020-09-12;656
2020-09-11;"Žilinský kraj";31;0;0;0;NA;100870;31;2020-09-11;652
2020-09-10;"Žilinský kraj";31;0;0;0;NA;100870;31;2020-09-10;621
2020-09-09;"Žilinský kraj";23;0;0;0;NA;100870;23;2020-09-09;590
2020-09-08;"Žilinský kraj";25;0;0;0;NA;100870;25;2020-09-08;567
2020-09-07;"Žilinský kraj";11;0;0;0;NA;100870;11;2020-09-07;542
2020-09-06;"Žilinský kraj";0;0;0;0;NA;100870;0;2020-09-06;531
2020-09-05;"Žilinský kraj";2;0;0;0;NA;100870;2;2020-09-05;531
2020-09-04;"Žilinský kraj";33;0;0;0;NA;100870;33;2020-09-04;529
2020-09-03;"Žilinský kraj";18;0;0;0;NA;100870;18;2020-09-03;496
2020-09-02;"Žilinský kraj";16;0;0;0;NA;100870;16;2020-09-02;478
2020-09-01;"Žilinský kraj";4;0;0;0;NA;100870;4;2020-09-01;462
2020-08-31;"Žilinský kraj";5;0;0;0;NA;100870;5;2020-08-31;458
2020-08-30;"Žilinský kraj";3;0;0;0;NA;100870;3;2020-08-30;453
2020-08-29;"Žilinský kraj";5;0;0;0;NA;100870;5;2020-08-29;450
2020-08-28;"Žilinský kraj";13;0;0;0;NA;100870;13;2020-08-28;445
2020-08-27;"Žilinský kraj";18;0;0;0;NA;100870;18;2020-08-27;432
2020-08-26;"Žilinský kraj";8;0;0;0;NA;100870;8;2020-08-26;414
2020-08-25;"Žilinský kraj";2;0;0;0;NA;100870;2;2020-08-25;406
2020-08-24;"Žilinský kraj";5;0;0;0;NA;100870;5;2020-08-24;404
2020-08-23;"Žilinský kraj";0;0;0;0;NA;100870;0;2020-08-23;399
2020-08-22;"Žilinský kraj";0;0;0;0;NA;100870;0;2020-08-22;399
2020-08-21;"Žilinský kraj";10;0;0;0;NA;100870;10;2020-08-21;399
2020-08-20;"Žilinský kraj";13;0;0;0;NA;100870;13;2020-08-20;389
2020-08-19;"Žilinský kraj";7;0;0;0;NA;100870;7;2020-08-19;376
2020-08-18;"Žilinský kraj";9;0;0;0;NA;100870;9;2020-08-18;369
2020-08-17;"Žilinský kraj";1;0;0;0;NA;100870;1;2020-08-17;360
2020-08-16;"Žilinský kraj";0;0;0;0;NA;100870;0;2020-08-16;359
2020-08-15;"Žilinský kraj";0;0;0;0;NA;100870;0;2020-08-15;359
2020-08-14;"Žilinský kraj";4;0;0;0;NA;100870;4;2020-08-14;359
2020-08-13;"Žilinský kraj";2;0;0;0;NA;100870;2;2020-08-13;355
2020-08-12;"Žilinský kraj";0;0;0;0;NA;100870;0;2020-08-12;353
2020-08-11;"Žilinský kraj";4;0;0;0;NA;100870;4;2020-08-11;353
2020-08-10;"Žilinský kraj";1;0;0;0;NA;100870;1;2020-08-10;349
2020-08-09;"Žilinský kraj";0;0;0;0;NA;100870;0;2020-08-09;348
2020-08-08;"Žilinský kraj";3;0;0;0;NA;100870;3;2020-08-08;348
2020-08-07;"Žilinský kraj";8;0;0;0;NA;100870;8;2020-08-07;345
2020-08-06;"Žilinský kraj";1;0;0;0;NA;100870;1;2020-08-06;337
2020-08-05;"Žilinský kraj";1;0;0;0;NA;100870;1;2020-08-05;336
2020-08-04;"Žilinský kraj";2;0;0;0;NA;100870;2;2020-08-04;335
2020-08-03;"Žilinský kraj";0;0;0;0;NA;100870;0;2020-08-03;333
2020-08-02;"Žilinský kraj";1;0;0;0;NA;100870;1;2020-08-02;333
2020-08-01;"Žilinský kraj";0;0;0;0;NA;100870;0;2020-08-01;332
2020-07-31;"Žilinský kraj";4;0;0;0;NA;100870;4;2020-07-31;332
2020-07-30;"Žilinský kraj";2;0;0;0;NA;100870;2;2020-07-30;328
2020-07-29;"Žilinský kraj";2;0;0;0;NA;100870;2;2020-07-29;326
2020-07-28;"Žilinský kraj";4;0;0;0;NA;100870;4;2020-07-28;324
2020-07-27;"Žilinský kraj";6;0;0;0;NA;100870;6;2020-07-27;320
2020-07-26;"Žilinský kraj";0;0;0;0;NA;100870;0;2020-07-26;314
2020-07-25;"Žilinský kraj";0;0;0;0;NA;100870;0;2020-07-25;314
2020-07-24;"Žilinský kraj";2;0;0;0;NA;100870;2;2020-07-24;314
2020-07-23;"Žilinský kraj";0;0;0;0;NA;100870;0;2020-07-23;312
2020-07-22;"Žilinský kraj";1;0;0;0;NA;100870;1;2020-07-22;312
2020-07-21;"Žilinský kraj";2;0;0;0;NA;100870;2;2020-07-21;311
2020-07-20;"Žilinský kraj";3;0;0;0;NA;100870;3;2020-07-20;309
2020-07-19;"Žilinský kraj";0;0;0;0;NA;100870;0;2020-07-19;306
2020-07-18;"Žilinský kraj";0;0;0;0;NA;100870;0;2020-07-18;306
2020-07-17;"Žilinský kraj";2;0;0;0;NA;100870;2;2020-07-17;306
2020-07-16;"Žilinský kraj";2;0;0;0;NA;100870;2;2020-07-16;304
2020-07-15;"Žilinský kraj";2;0;0;0;NA;100870;2;2020-07-15;302
2020-07-14;"Žilinský kraj";1;0;0;0;NA;100870;1;2020-07-14;300
2020-07-13;"Žilinský kraj";0;0;0;0;NA;100870;0;2020-07-13;299
2020-07-12;"Žilinský kraj";0;0;0;0;NA;100870;0;2020-07-12;299
2020-07-11;"Žilinský kraj";2;0;0;0;NA;100870;2;2020-07-11;299
2020-07-10;"Žilinský kraj";3;0;0;0;NA;100870;3;2020-07-10;297
2020-07-09;"Žilinský kraj";2;0;0;0;NA;100870;2;2020-07-09;294
2020-07-08;"Žilinský kraj";10;0;0;0;NA;100870;10;2020-07-08;292
2020-07-07;"Žilinský kraj";7;0;0;0;NA;100870;7;2020-07-07;282
2020-07-06;"Žilinský kraj";0;0;0;0;NA;100870;0;2020-07-06;275
2020-07-05;"Žilinský kraj";0;0;0;0;NA;100870;0;2020-07-05;275
2020-07-04;"Žilinský kraj";10;0;0;0;NA;100870;10;2020-07-04;275
2020-07-03;"Žilinský kraj";18;0;0;0;NA;100870;18;2020-07-03;265
2020-07-02;"Žilinský kraj";7;0;0;0;NA;100870;7;2020-07-02;247
2020-07-01;"Žilinský kraj";0;0;0;0;NA;100870;0;2020-07-01;240
2020-06-30;"Žilinský kraj";4;0;0;0;NA;100870;4;2020-06-30;240
2020-06-29;"Žilinský kraj";0;0;0;0;NA;100870;0;2020-06-29;236
2020-06-28;"Žilinský kraj";1;0;0;0;NA;100870;1;2020-06-28;236
2020-06-27;"Žilinský kraj";3;0;0;0;NA;100870;3;2020-06-27;235
2020-06-26;"Žilinský kraj";5;0;0;0;NA;100870;5;2020-06-26;232
2020-06-25;"Žilinský kraj";7;0;0;0;NA;100870;7;2020-06-25;227
2020-06-24;"Žilinský kraj";11;0;0;0;NA;100870;11;2020-06-24;220
2020-06-23;"Žilinský kraj";9;0;0;0;NA;100870;9;2020-06-23;209
2020-06-22;"Žilinský kraj";0;0;0;0;NA;100870;0;2020-06-22;200
2020-06-21;"Žilinský kraj";1;0;0;0;NA;100870;1;2020-06-21;200
2020-06-20;"Žilinský kraj";1;0;0;0;NA;100870;1;2020-06-20;199
2020-06-19;"Žilinský kraj";4;0;0;0;NA;100870;4;2020-06-19;198
2020-06-18;"Žilinský kraj";1;0;0;0;NA;100870;1;2020-06-18;194
2020-06-17;"Žilinský kraj";0;0;0;0;NA;100870;0;2020-06-17;193
2020-06-16;"Žilinský kraj";1;0;0;0;NA;100870;1;2020-06-16;193
2020-06-14;"Žilinský kraj";0;0;0;0;NA;100870;0;2020-06-14;192
2020-06-13;"Žilinský kraj";0;0;0;0;NA;100870;0;2020-06-13;192
2020-06-12;"Žilinský kraj";0;0;0;0;NA;100870;0;2020-06-12;192
2020-06-11;"Žilinský kraj";0;0;0;0;NA;100870;0;2020-06-11;192
2020-06-10;"Žilinský kraj";0;0;0;0;NA;100870;0;2020-06-10;192
2020-06-09;"Žilinský kraj";1;0;0;0;NA;100870;1;2020-06-09;192
2020-06-08;"Žilinský kraj";0;0;0;0;NA;100870;0;2020-06-08;191
2020-06-07;"Žilinský kraj";0;0;0;0;NA;100870;0;2020-06-07;191
2020-06-05;"Žilinský kraj";0;0;0;0;NA;100870;0;2020-06-05;191
2020-06-03;"Žilinský kraj";0;0;0;0;NA;100870;0;2020-06-03;191
2020-06-02;"Žilinský kraj";0;0;0;0;NA;100870;0;2020-06-02;191
2020-05-31;"Žilinský kraj";0;0;0;0;NA;100870;0;2020-05-31;191
2020-05-29;"Žilinský kraj";0;0;0;0;NA;100870;0;2020-05-29;191
2020-05-27;"Žilinský kraj";1;0;0;0;NA;100870;1;2020-05-27;191
2020-05-26;"Žilinský kraj";1;0;0;0;NA;100870;1;2020-05-26;190
2020-05-25;"Žilinský kraj";0;0;0;0;NA;100870;0;2020-05-25;189
2020-05-24;"Žilinský kraj";0;0;0;0;NA;100870;0;2020-05-24;189
2020-05-23;"Žilinský kraj";0;0;0;0;NA;100870;0;2020-05-23;189
2020-05-22;"Žilinský kraj";0;0;0;0;NA;100870;0;2020-05-22;189
2020-05-21;"Žilinský kraj";0;0;0;0;NA;100870;0;2020-05-21;189
2020-05-20;"Žilinský kraj";0;0;0;0;NA;100870;0;2020-05-20;189
2020-05-19;"Žilinský kraj";1;0;0;0;NA;100870;1;2020-05-19;189
2020-05-17;"Žilinský kraj";0;0;0;0;NA;100870;0;2020-05-17;188
2020-05-16;"Žilinský kraj";0;0;0;0;NA;100870;0;2020-05-16;188
2020-05-15;"Žilinský kraj";0;0;0;0;NA;100870;0;2020-05-15;188
2020-05-14;"Žilinský kraj";0;0;0;0;NA;100870;0;2020-05-14;188
2020-05-13;"Žilinský kraj";0;0;0;0;NA;100870;0;2020-05-13;188
2020-05-12;"Žilinský kraj";0;0;0;0;NA;100870;0;2020-05-12;188
2020-05-11;"Žilinský kraj";0;0;0;0;NA;100870;0;2020-05-11;188
2020-05-09;"Žilinský kraj";0;0;0;0;NA;100870;0;2020-05-09;188
2020-05-07;"Žilinský kraj";0;0;0;0;NA;100870;0;2020-05-07;188
2020-05-06;"Žilinský kraj";2;0;0;0;NA;100870;2;2020-05-06;188
2020-05-05;"Žilinský kraj";3;0;0;0;NA;100870;3;2020-05-05;186
2020-05-04;"Žilinský kraj";3;0;0;0;NA;100870;3;2020-05-04;183
2020-05-03;"Žilinský kraj";1;0;0;0;NA;100870;1;2020-05-03;180
2020-05-02;"Žilinský kraj";0;0;0;0;NA;100870;0;2020-05-02;179
2020-05-01;"Žilinský kraj";1;0;0;0;NA;100870;1;2020-05-01;179
2020-04-30;"Žilinský kraj";0;0;0;0;NA;100870;0;2020-04-30;178
2020-04-29;"Žilinský kraj";0;0;0;0;NA;100870;0;2020-04-29;178
2020-04-28;"Žilinský kraj";0;0;0;0;NA;100870;0;2020-04-28;178
2020-04-27;"Žilinský kraj";0;0;0;0;NA;100870;0;2020-04-27;178
2020-04-26;"Žilinský kraj";0;0;0;0;NA;100870;0;2020-04-26;178
2020-04-25;"Žilinský kraj";2;0;0;0;NA;100870;2;2020-04-25;178
2020-04-24;"Žilinský kraj";1;0;0;0;NA;100870;1;2020-04-24;176
2020-04-23;"Žilinský kraj";2;0;0;0;NA;100870;2;2020-04-23;175
2020-04-22;"Žilinský kraj";9;0;0;0;NA;100870;9;2020-04-22;173
2020-04-21;"Žilinský kraj";1;0;0;0;NA;100870;1;2020-04-21;164
2020-04-20;"Žilinský kraj";4;0;0;0;NA;100870;4;2020-04-20;163
2020-04-19;"Žilinský kraj";0;0;0;0;NA;100870;0;2020-04-19;159
2020-04-18;"Žilinský kraj";49;0;0;0;NA;100870;49;2020-04-18;159
2020-04-17;"Žilinský kraj";3;0;0;0;NA;100870;3;2020-04-17;110
2020-04-16;"Žilinský kraj";4;0;0;0;NA;100870;4;2020-04-16;107
2020-04-15;"Žilinský kraj";7;0;0;0;NA;100870;7;2020-04-15;103
2020-04-14;"Žilinský kraj";1;0;0;0;NA;100870;1;2020-04-14;96
2020-04-13;"Žilinský kraj";2;0;0;0;NA;100870;2;2020-04-13;95
2020-04-12;"Žilinský kraj";5;0;0;0;NA;100870;5;2020-04-12;93
2020-04-11;"Žilinský kraj";2;0;0;0;NA;100870;2;2020-04-11;88
2020-04-10;"Žilinský kraj";1;0;0;0;NA;100870;1;2020-04-10;86
2020-04-09;"Žilinský kraj";1;0;0;0;NA;100870;1;2020-04-09;85
2020-04-08;"Žilinský kraj";3;0;0;0;NA;100870;3;2020-04-08;84
2020-04-07;"Žilinský kraj";5;0;0;0;NA;100870;5;2020-04-07;81
2020-04-06;"Žilinský kraj";6;0;0;0;NA;100870;6;2020-04-06;76
2020-04-05;"Žilinský kraj";8;0;0;0;NA;100870;8;2020-04-05;70
2020-04-04;"Žilinský kraj";0;0;0;0;NA;100870;0;2020-04-04;62
2020-04-03;"Žilinský kraj";3;0;0;0;NA;100870;3;2020-04-03;62
2020-04-02;"Žilinský kraj";5;0;0;0;NA;100870;5;2020-04-02;59
2020-04-01;"Žilinský kraj";4;0;0;0;NA;100870;4;2020-04-01;54
2020-03-31;"Žilinský kraj";1;0;0;0;NA;100870;1;2020-03-31;50
2020-03-30;"Žilinský kraj";3;0;0;0;NA;100870;3;2020-03-30;49
2020-03-29;"Žilinský kraj";0;0;0;0;NA;100870;0;2020-03-29;46
2020-03-28;"Žilinský kraj";1;0;0;0;NA;100870;1;2020-03-28;46
2020-03-27;"Žilinský kraj";9;0;0;0;NA;100870;9;2020-03-27;45
2020-03-26;"Žilinský kraj";4;0;0;0;NA;100870;4;2020-03-26;36
2020-03-25;"Žilinský kraj";1;0;0;0;NA;100870;1;2020-03-25;32
2020-03-24;"Žilinský kraj";2;0;0;0;NA;100870;2;2020-03-24;31
2020-03-23;"Žilinský kraj";3;0;0;0;NA;100870;3;2020-03-23;29
2020-03-22;"Žilinský kraj";1;0;0;0;NA;100870;1;2020-03-22;26
2020-03-21;"Žilinský kraj";2;0;0;0;NA;100870;2;2020-03-21;25
2020-03-20;"Žilinský kraj";4;0;0;0;NA;100870;4;2020-03-20;23
2020-03-19;"Žilinský kraj";2;219;0;219;NA;100870;2;2020-03-19;19
2020-03-18;"Žilinský kraj";1;0;0;0;NA;100870;1;2020-03-18;17
2020-03-17;"Žilinský kraj";5;0;0;0;NA;100870;5;2020-03-17;16
2020-03-16;"Žilinský kraj";1;0;0;0;NA;100870;1;2020-03-16;11
2020-03-15;"Žilinský kraj";2;0;0;0;NA;100870;2;2020-03-15;10
2020-03-14;"Žilinský kraj";1;0;0;0;NA;100870;1;2020-03-14;8
2020-03-13;"Žilinský kraj";5;0;0;0;NA;100870;5;2020-03-13;7
2020-03-12;"Žilinský kraj";1;0;0;0;NA;100870;1;2020-03-12;2
2020-03-11;"Žilinský kraj";0;0;0;0;NA;100870;0;2020-03-11;1
2020-03-09;"Žilinský kraj";1;0;0;0;NA;100870;1;2020-03-09;1
2020-03-08;"Žilinský kraj";0;0;0;0;NA;100870;0;2020-03-08;0
2020-03-07;"Žilinský kraj";0;0;0;0;NA;100870;0;2020-03-07;0
2020-03-06;"Žilinský kraj";0;0;0;0;NA;100870;0;2020-03-06;0
