"Datum";"Region";"PCR_Pos";"Ag_Neg";"Ag_Pos";"Total";"Pocet.potvrdenych";"Potvrdenych";"newcases";"date";"positive"
2021-03-22;"Banskobystrický kraj";65;29324;270;29594;33901;131947;335;2021-03-22;131947
2021-03-22;"Banskobystrický kraj";65;29324;270;29594;60792;131947;335;2021-03-22;131612
2021-03-21;"Banskobystrický kraj";31;24593;203;24796;NA;131947;234;2021-03-21;131277
2021-03-20;"Banskobystrický kraj";119;53942;304;54246;NA;131947;423;2021-03-20;131043
2021-03-19;"Banskobystrický kraj";240;44155;279;44434;NA;131947;519;2021-03-19;130620
2021-03-18;"Banskobystrický kraj";160;19711;228;19939;NA;131947;388;2021-03-18;130101
2021-03-17;"Banskobystrický kraj";262;21555;245;21800;NA;131947;507;2021-03-17;129713
2021-03-16;"Banskobystrický kraj";340;23490;224;23714;NA;131947;564;2021-03-16;129206
2021-03-15;"Banskobystrický kraj";95;29125;320;29445;NA;131947;415;2021-03-15;128642
2021-03-14;"Banskobystrický kraj";39;15312;67;15379;NA;131947;106;2021-03-14;128227
2021-03-13;"Banskobystrický kraj";209;67263;394;67657;NA;131947;603;2021-03-13;128121
2021-03-12;"Banskobystrický kraj";206;41567;333;41900;NA;131947;539;2021-03-12;127518
2021-03-11;"Banskobystrický kraj";228;20296;252;20548;NA;131947;480;2021-03-11;126979
2021-03-10;"Banskobystrický kraj";260;20040;236;20276;NA;131947;496;2021-03-10;126499
2021-03-09;"Banskobystrický kraj";352;21577;281;21858;NA;131947;633;2021-03-09;126003
2021-03-08;"Banskobystrický kraj";191;31287;419;31706;NA;131947;610;2021-03-08;125370
2021-03-07;"Banskobystrický kraj";60;34334;240;34574;NA;131947;300;2021-03-07;124760
2021-03-06;"Banskobystrický kraj";164;58726;309;59035;NA;131947;473;2021-03-06;124460
2021-03-05;"Banskobystrický kraj";221;42157;388;42545;NA;131947;609;2021-03-05;123987
2021-03-04;"Banskobystrický kraj";226;21780;335;22115;NA;131947;561;2021-03-04;123378
2021-03-03;"Banskobystrický kraj";317;22018;330;22348;NA;131947;647;2021-03-03;122817
2021-03-02;"Banskobystrický kraj";291;22502;351;22853;NA;131947;642;2021-03-02;122170
2021-03-01;"Banskobystrický kraj";151;31995;440;32435;NA;131947;591;2021-03-01;121528
2021-02-28;"Banskobystrický kraj";45;17816;143;17959;NA;131947;188;2021-02-28;120937
2021-02-27;"Banskobystrický kraj";289;66106;524;66630;NA;131947;813;2021-02-27;120749
2021-02-26;"Banskobystrický kraj";326;39733;470;40203;NA;131947;796;2021-02-26;119936
2021-02-25;"Banskobystrický kraj";375;17767;368;18135;NA;131947;743;2021-02-25;119140
2021-02-24;"Banskobystrický kraj";332;16758;374;17132;NA;131947;706;2021-02-24;118397
2021-02-23;"Banskobystrický kraj";462;19704;444;20148;NA;131947;906;2021-02-23;117691
2021-02-22;"Banskobystrický kraj";67;23287;489;23776;NA;131947;556;2021-02-22;116785
2021-02-21;"Banskobystrický kraj";68;27076;290;27366;NA;131947;358;2021-02-21;116229
2021-02-20;"Banskobystrický kraj";280;68890;599;69489;NA;131947;879;2021-02-20;115871
2021-02-19;"Banskobystrický kraj";420;38789;494;39283;NA;131947;914;2021-02-19;114992
2021-02-18;"Banskobystrický kraj";241;19037;404;19441;NA;131947;645;2021-02-18;114078
2021-02-17;"Banskobystrický kraj";415;16076;385;16461;NA;131947;800;2021-02-17;113433
2021-02-16;"Banskobystrický kraj";338;19952;365;20317;NA;131947;703;2021-02-16;112633
2021-02-15;"Banskobystrický kraj";118;35145;573;35718;NA;131947;691;2021-02-15;111930
2021-02-14;"Banskobystrický kraj";60;15826;139;15965;NA;131947;199;2021-02-14;111239
2021-02-13;"Banskobystrický kraj";202;44911;403;45314;NA;131947;605;2021-02-13;111040
2021-02-12;"Banskobystrický kraj";312;36797;534;37331;NA;131947;846;2021-02-12;110435
2021-02-11;"Banskobystrický kraj";305;21489;395;21884;NA;131947;700;2021-02-11;109589
2021-02-10;"Banskobystrický kraj";333;14388;338;14726;NA;131947;671;2021-02-10;108889
2021-02-09;"Banskobystrický kraj";329;17894;352;18246;NA;131947;681;2021-02-09;108218
2021-02-08;"Banskobystrický kraj";103;41938;600;42538;NA;131947;703;2021-02-08;107537
2021-02-07;"Banskobystrický kraj";70;24477;148;24625;NA;131947;218;2021-02-07;106834
2021-02-06;"Banskobystrický kraj";178;63512;555;64067;NA;131947;733;2021-02-06;106616
2021-02-05;"Banskobystrický kraj";282;23814;350;24164;NA;131947;632;2021-02-05;105883
2021-02-04;"Banskobystrický kraj";240;13541;439;13980;NA;131947;679;2021-02-04;105251
2021-02-03;"Banskobystrický kraj";350;9160;243;9403;NA;131947;593;2021-02-03;104572
2021-02-02;"Banskobystrický kraj";277;15057;329;15386;NA;131947;606;2021-02-02;103979
2021-02-01;"Banskobystrický kraj";75;19091;382;19473;NA;131947;457;2021-02-01;103373
2021-01-31;"Banskobystrický kraj";34;24292;213;24505;NA;131947;247;2021-01-31;102916
2021-01-30;"Banskobystrický kraj";163;46244;387;46631;NA;131947;550;2021-01-30;102669
2021-01-29;"Banskobystrický kraj";196;16709;265;16974;NA;131947;461;2021-01-29;102119
2021-01-28;"Banskobystrický kraj";218;14011;362;14373;NA;131947;580;2021-01-28;101658
2021-01-27;"Banskobystrický kraj";191;10775;203;10978;NA;131947;394;2021-01-27;101078
2021-01-26;"Banskobystrický kraj";238;19616;283;19899;NA;131947;521;2021-01-26;100684
2021-01-25;"Banskobystrický kraj";82;31517;381;31898;NA;131947;463;2021-01-25;100163
2021-01-24;"Banskobystrický kraj";38;29266;238;29504;NA;131947;276;2021-01-24;99700
2021-01-23;"Banskobystrický kraj";142;84220;506;84726;NA;131947;648;2021-01-23;99424
2021-01-22;"Banskobystrický kraj";175;27181;359;27540;NA;131947;534;2021-01-22;98776
2021-01-21;"Banskobystrický kraj";194;16592;285;16877;NA;131947;479;2021-01-21;98242
2021-01-20;"Banskobystrický kraj";231;8540;183;8723;NA;131947;414;2021-01-20;97763
2021-01-19;"Banskobystrický kraj";213;10493;308;10801;NA;131947;521;2021-01-19;97349
2021-01-18;"Banskobystrický kraj";94;5625;340;5965;NA;131947;434;2021-01-18;96828
2021-01-17;"Banskobystrický kraj";110;8150;77;8227;NA;131947;187;2021-01-17;96394
2021-01-16;"Banskobystrický kraj";58;1403;35;1438;NA;131947;93;2021-01-16;96207
2021-01-15;"Banskobystrický kraj";164;6931;209;7140;NA;131947;373;2021-01-15;96114
2021-01-14;"Banskobystrický kraj";220;5760;325;6085;NA;131947;545;2021-01-14;95741
2021-01-13;"Banskobystrický kraj";235;5734;203;5937;NA;131947;438;2021-01-13;95196
2021-01-12;"Banskobystrický kraj";194;6667;298;6965;NA;131947;492;2021-01-12;94758
2021-01-11;"Banskobystrický kraj";76;8128;481;8609;NA;131947;557;2021-01-11;94266
2021-01-10;"Banskobystrický kraj";110;102;4;106;NA;131947;114;2021-01-10;93709
2021-01-09;"Banskobystrický kraj";297;2260;83;2343;NA;131947;380;2021-01-09;93595
2021-01-08;"Banskobystrický kraj";435;9295;430;9725;NA;131947;865;2021-01-08;93215
2021-01-07;"Banskobystrický kraj";127;5260;333;5593;NA;131947;460;2021-01-07;92350
2021-01-06;"Banskobystrický kraj";305;3072;185;3257;NA;131947;490;2021-01-06;91890
2021-01-05;"Banskobystrický kraj";372;7259;533;7792;NA;131947;905;2021-01-05;91400
2021-01-04;"Banskobystrický kraj";130;6992;701;7693;NA;131947;831;2021-01-04;90495
2021-01-03;"Banskobystrický kraj";199;162;13;175;NA;131947;212;2021-01-03;89664
2021-01-02;"Banskobystrický kraj";123;583;83;666;NA;131947;206;2021-01-02;89452
2021-01-01;"Banskobystrický kraj";220;1668;115;1783;NA;131947;335;2021-01-01;89246
2020-12-31;"Banskobystrický kraj";499;7279;632;7911;NA;131947;1131;2020-12-31;88911
2020-12-30;"Banskobystrický kraj";593;7568;556;8124;NA;131947;1149;2020-12-30;87780
2020-12-29;"Banskobystrický kraj";240;7844;663;8507;NA;131947;903;2020-12-29;86631
2020-12-28;"Banskobystrický kraj";131;5661;703;6364;NA;131947;834;2020-12-28;85728
2020-12-27;"Banskobystrický kraj";116;496;25;521;NA;131947;141;2020-12-27;84894
2020-12-26;"Banskobystrický kraj";61;259;32;291;NA;131947;93;2020-12-26;84753
2020-12-25;"Banskobystrický kraj";65;229;6;235;NA;131947;71;2020-12-25;84660
2020-12-24;"Banskobystrický kraj";452;3675;135;3810;NA;131947;587;2020-12-24;84589
2020-12-23;"Banskobystrický kraj";368;10104;507;10611;NA;131947;875;2020-12-23;84002
2020-12-22;"Banskobystrický kraj";307;8434;624;9058;NA;131947;931;2020-12-22;83127
2020-12-21;"Banskobystrický kraj";286;4898;448;5346;NA;131947;734;2020-12-21;82196
2020-12-20;"Banskobystrický kraj";155;99;14;113;NA;131947;169;2020-12-20;81462
2020-12-19;"Banskobystrický kraj";170;2918;135;3053;NA;131947;305;2020-12-19;81293
2020-12-18;"Banskobystrický kraj";432;6454;414;6868;NA;131947;846;2020-12-18;80988
2020-12-17;"Banskobystrický kraj";468;8593;653;9246;NA;131947;1121;2020-12-17;80142
2020-12-16;"Banskobystrický kraj";379;10080;557;10637;NA;131947;936;2020-12-16;79021
2020-12-15;"Banskobystrický kraj";336;5318;430;5748;NA;131947;766;2020-12-15;78085
2020-12-14;"Banskobystrický kraj";148;3733;259;3992;NA;131947;407;2020-12-14;77319
2020-12-13;"Banskobystrický kraj";122;19;1;20;NA;131947;123;2020-12-13;76912
2020-12-12;"Banskobystrický kraj";137;2594;138;2732;NA;131947;275;2020-12-12;76789
2020-12-11;"Banskobystrický kraj";468;6443;374;6817;NA;131947;842;2020-12-11;76514
2020-12-10;"Banskobystrický kraj";280;5027;351;5378;NA;131947;631;2020-12-10;75672
2020-12-09;"Banskobystrický kraj";323;3707;212;3919;NA;131947;535;2020-12-09;75041
2020-12-08;"Banskobystrický kraj";256;3667;276;3943;NA;131947;532;2020-12-08;74506
2020-12-07;"Banskobystrický kraj";175;2006;140;2146;NA;131947;315;2020-12-07;73974
2020-12-06;"Banskobystrický kraj";121;359;9;368;NA;131947;130;2020-12-06;73659
2020-12-05;"Banskobystrický kraj";109;952;33;985;NA;131947;142;2020-12-05;73529
2020-12-04;"Banskobystrický kraj";339;3723;174;3897;NA;131947;513;2020-12-04;73387
2020-12-03;"Banskobystrický kraj";240;2913;227;3140;NA;131947;467;2020-12-03;72874
2020-12-02;"Banskobystrický kraj";217;4292;186;4478;NA;131947;403;2020-12-02;72407
2020-12-01;"Banskobystrický kraj";215;2619;134;2753;NA;131947;349;2020-12-01;72004
2020-11-30;"Banskobystrický kraj";74;3761;226;3987;NA;131947;300;2020-11-30;71655
2020-11-29;"Banskobystrický kraj";19;80;3;83;NA;131947;22;2020-11-29;71355
2020-11-28;"Banskobystrický kraj";81;1279;48;1327;NA;131947;129;2020-11-28;71333
2020-11-27;"Banskobystrický kraj";219;1930;120;2050;NA;131947;339;2020-11-27;71204
2020-11-26;"Banskobystrický kraj";208;1855;91;1946;NA;131947;299;2020-11-26;70865
2020-11-25;"Banskobystrický kraj";170;1760;84;1844;NA;131947;254;2020-11-25;70566
2020-11-24;"Banskobystrický kraj";166;2262;67;2329;NA;131947;233;2020-11-24;70312
2020-11-23;"Banskobystrický kraj";66;9948;191;10139;NA;131947;257;2020-11-23;70079
2020-11-22;"Banskobystrický kraj";38;72;1;73;NA;131947;39;2020-11-22;69822
2020-11-21;"Banskobystrický kraj";52;885;14;899;NA;131947;66;2020-11-21;69783
2020-11-20;"Banskobystrický kraj";127;1872;105;1977;NA;131947;232;2020-11-20;69717
2020-11-19;"Banskobystrický kraj";170;1112;82;1194;NA;131947;252;2020-11-19;69485
2020-11-18;"Banskobystrický kraj";153;587;62;649;NA;131947;215;2020-11-18;69233
2020-11-17;"Banskobystrický kraj";52;578;35;613;NA;131947;87;2020-11-17;69018
2020-11-16;"Banskobystrický kraj";106;351;22;373;NA;131947;128;2020-11-16;68931
2020-11-15;"Banskobystrický kraj";52;64;2;66;NA;131947;54;2020-11-15;68803
2020-11-14;"Banskobystrický kraj";73;305;2;307;NA;131947;75;2020-11-14;68749
2020-11-13;"Banskobystrický kraj";157;552;11;563;NA;131947;168;2020-11-13;68674
2020-11-12;"Banskobystrický kraj";218;952;44;996;NA;131947;262;2020-11-12;68506
2020-11-11;"Banskobystrický kraj";224;437;9;446;NA;131947;233;2020-11-11;68244
2020-11-10;"Banskobystrický kraj";263;463;18;481;NA;131947;281;2020-11-10;68011
2020-11-09;"Banskobystrický kraj";80;2678;31;2709;NA;131947;111;2020-11-09;67730
2020-11-08;"Banskobystrický kraj";82;783;16;799;NA;131947;98;2020-11-08;67619
2020-11-07;"Banskobystrický kraj";164;8828;94;8922;NA;131947;258;2020-11-07;67521
2020-11-06;"Banskobystrický kraj";227;2496;16;2512;NA;131947;243;2020-11-06;67263
2020-11-05;"Banskobystrický kraj";240;263;33;296;NA;131947;273;2020-11-05;67020
2020-11-04;"Banskobystrický kraj";254;1366;13;1379;NA;131947;267;2020-11-04;66747
2020-11-03;"Banskobystrický kraj";246;1332;4;1336;NA;131947;250;2020-11-03;66480
2020-11-02;"Banskobystrický kraj";90;2247;65;2312;NA;131947;155;2020-11-02;66230
2020-11-01;"Banskobystrický kraj";101;2671;42;2713;NA;131947;143;2020-11-01;66075
2020-10-31;"Banskobystrický kraj";199;13516;116;13632;NA;131947;315;2020-10-31;65932
2020-10-30;"Banskobystrický kraj";254;2829;20;2849;NA;131947;274;2020-10-30;65617
2020-10-29;"Banskobystrický kraj";372;969;42;1011;NA;131947;414;2020-10-29;65343
2020-10-28;"Banskobystrický kraj";285;302;30;332;NA;131947;315;2020-10-28;64929
2020-10-27;"Banskobystrický kraj";266;654;40;694;NA;131947;306;2020-10-27;64614
2020-10-26;"Banskobystrický kraj";38;232;29;261;NA;131947;67;2020-10-26;64308
2020-10-25;"Banskobystrický kraj";50;140;11;151;NA;131947;61;2020-10-25;64241
2020-10-24;"Banskobystrický kraj";315;114;12;126;NA;131947;327;2020-10-24;64180
2020-10-23;"Banskobystrický kraj";231;230;29;259;NA;131947;260;2020-10-23;63853
2020-10-22;"Banskobystrický kraj";264;253;24;277;NA;131947;288;2020-10-22;63593
2020-10-21;"Banskobystrický kraj";209;266;3;269;NA;131947;212;2020-10-21;63305
2020-10-20;"Banskobystrický kraj";210;66;3;69;NA;131947;213;2020-10-20;63093
2020-10-19;"Banskobystrický kraj";27;71;12;83;NA;131947;39;2020-10-19;62880
2020-10-18;"Banskobystrický kraj";49;0;0;0;NA;131947;49;2020-10-18;62841
2020-10-17;"Banskobystrický kraj";91;0;0;0;NA;131947;91;2020-10-17;62792
2020-10-16;"Banskobystrický kraj";224;37;3;40;NA;131947;227;2020-10-16;62701
2020-10-15;"Banskobystrický kraj";133;29;1;30;NA;131947;134;2020-10-15;62474
2020-10-14;"Banskobystrický kraj";139;31;1;32;NA;131947;140;2020-10-14;62340
2020-10-13;"Banskobystrický kraj";151;169;11;180;NA;131947;162;2020-10-13;62200
2020-10-12;"Banskobystrický kraj";11;13;0;13;NA;131947;11;2020-10-12;62038
2020-10-11;"Banskobystrický kraj";14;0;0;0;NA;131947;14;2020-10-11;62027
2020-10-10;"Banskobystrický kraj";53;0;0;0;NA;131947;53;2020-10-10;62013
2020-10-09;"Banskobystrický kraj";128;0;0;0;NA;131947;128;2020-10-09;61960
2020-10-08;"Banskobystrický kraj";99;0;0;0;NA;131947;99;2020-10-08;61832
2020-10-07;"Banskobystrický kraj";124;0;0;0;NA;131947;124;2020-10-07;61733
2020-10-06;"Banskobystrický kraj";68;0;0;0;NA;131947;68;2020-10-06;61609
2020-10-05;"Banskobystrický kraj";49;0;0;0;NA;131947;49;2020-10-05;61541
2020-10-04;"Banskobystrický kraj";8;0;0;0;NA;131947;8;2020-10-04;61492
2020-10-03;"Banskobystrický kraj";37;0;0;0;NA;131947;37;2020-10-03;61484
2020-10-02;"Banskobystrický kraj";74;0;0;0;NA;131947;74;2020-10-02;61447
2020-10-01;"Banskobystrický kraj";49;0;0;0;NA;131947;49;2020-10-01;61373
2020-09-30;"Banskobystrický kraj";60;0;0;0;NA;131947;60;2020-09-30;61324
2020-09-29;"Banskobystrický kraj";24;0;0;0;NA;131947;24;2020-09-29;61264
2020-09-27;"Banskobystrický kraj";20;0;0;0;NA;131947;20;2020-09-27;61240
2020-09-26;"Banskobystrický kraj";24;0;0;0;NA;131947;24;2020-09-26;61220
2020-09-25;"Banskobystrický kraj";29;0;0;0;NA;131947;29;2020-09-25;61196
2020-09-24;"Banskobystrický kraj";25;0;0;0;NA;131947;25;2020-09-24;61167
2020-09-23;"Banskobystrický kraj";17;0;0;0;NA;131947;17;2020-09-23;61142
2020-09-22;"Banskobystrický kraj";25;0;0;0;NA;131947;25;2020-09-22;61125
2020-09-21;"Banskobystrický kraj";3;0;0;0;NA;131947;3;2020-09-21;61100
2020-09-19;"Banskobystrický kraj";3;0;0;0;NA;131947;3;2020-09-19;61097
2020-09-18;"Banskobystrický kraj";24;0;0;0;NA;131947;24;2020-09-18;61094
2020-09-17;"Banskobystrický kraj";14;0;0;0;NA;131947;14;2020-09-17;61070
2020-09-16;"Banskobystrický kraj";6;0;0;0;NA;131947;6;2020-09-16;61056
2020-09-15;"Banskobystrický kraj";2;0;0;0;NA;131947;2;2020-09-15;61050
2020-09-14;"Banskobystrický kraj";13;0;0;0;NA;131947;13;2020-09-14;61048
2020-09-13;"Banskobystrický kraj";1;0;0;0;NA;131947;1;2020-09-13;61035
2020-09-12;"Banskobystrický kraj";5;0;0;0;NA;131947;5;2020-09-12;61034
2020-09-11;"Banskobystrický kraj";19;0;0;0;NA;131947;19;2020-09-11;61029
2020-09-10;"Banskobystrický kraj";11;0;0;0;NA;131947;11;2020-09-10;61010
2020-09-09;"Banskobystrický kraj";13;0;0;0;NA;131947;13;2020-09-09;60999
2020-09-08;"Banskobystrický kraj";5;0;0;0;NA;131947;5;2020-09-08;60986
2020-09-07;"Banskobystrický kraj";2;0;0;0;NA;131947;2;2020-09-07;60981
2020-09-04;"Banskobystrický kraj";9;0;0;0;NA;131947;9;2020-09-04;60979
2020-09-03;"Banskobystrický kraj";5;0;0;0;NA;131947;5;2020-09-03;60970
2020-09-02;"Banskobystrický kraj";6;0;0;0;NA;131947;6;2020-09-02;60965
2020-09-01;"Banskobystrický kraj";2;0;0;0;NA;131947;2;2020-09-01;60959
2020-08-31;"Banskobystrický kraj";6;0;0;0;NA;131947;6;2020-08-31;60957
2020-08-29;"Banskobystrický kraj";1;0;0;0;NA;131947;1;2020-08-29;60951
2020-08-28;"Banskobystrický kraj";3;0;0;0;NA;131947;3;2020-08-28;60950
2020-08-27;"Banskobystrický kraj";1;0;0;0;NA;131947;1;2020-08-27;60947
2020-08-26;"Banskobystrický kraj";2;0;0;0;NA;131947;2;2020-08-26;60946
2020-08-25;"Banskobystrický kraj";2;0;0;0;NA;131947;2;2020-08-25;60944
2020-08-21;"Banskobystrický kraj";4;0;0;0;NA;131947;4;2020-08-21;60942
2020-08-20;"Banskobystrický kraj";1;0;0;0;NA;131947;1;2020-08-20;60938
2020-08-19;"Banskobystrický kraj";4;0;0;0;NA;131947;4;2020-08-19;60937
2020-08-17;"Banskobystrický kraj";1;0;0;0;NA;131947;1;2020-08-17;60933
2020-08-14;"Banskobystrický kraj";5;0;0;0;NA;131947;5;2020-08-14;60932
2020-08-11;"Banskobystrický kraj";2;0;0;0;NA;131947;2;2020-08-11;60927
2020-08-10;"Banskobystrický kraj";3;0;0;0;NA;131947;3;2020-08-10;60925
2020-08-08;"Banskobystrický kraj";2;0;0;0;NA;131947;2;2020-08-08;60922
2020-08-07;"Banskobystrický kraj";1;0;0;0;NA;131947;1;2020-08-07;60920
2020-08-06;"Banskobystrický kraj";1;0;0;0;NA;131947;1;2020-08-06;60919
2020-08-04;"Banskobystrický kraj";3;0;0;0;NA;131947;3;2020-08-04;60918
2020-08-01;"Banskobystrický kraj";1;0;0;0;NA;131947;1;2020-08-01;60915
2020-07-31;"Banskobystrický kraj";2;0;0;0;NA;131947;2;2020-07-31;60914
2020-07-30;"Banskobystrický kraj";1;0;0;0;NA;131947;1;2020-07-30;60912
2020-07-28;"Banskobystrický kraj";2;0;0;0;NA;131947;2;2020-07-28;60911
2020-07-27;"Banskobystrický kraj";3;0;0;0;NA;131947;3;2020-07-27;60909
2020-07-24;"Banskobystrický kraj";9;0;0;0;NA;131947;9;2020-07-24;60906
2020-07-22;"Banskobystrický kraj";3;0;0;0;NA;131947;3;2020-07-22;60897
2020-07-21;"Banskobystrický kraj";3;0;0;0;NA;131947;3;2020-07-21;60894
2020-07-20;"Banskobystrický kraj";1;0;0;0;NA;131947;1;2020-07-20;60891
2020-07-19;"Banskobystrický kraj";1;0;0;0;NA;131947;1;2020-07-19;60890
2020-07-17;"Banskobystrický kraj";2;0;0;0;NA;131947;2;2020-07-17;60889
2020-07-16;"Banskobystrický kraj";1;0;0;0;NA;131947;1;2020-07-16;60887
2020-07-15;"Banskobystrický kraj";4;0;0;0;NA;131947;4;2020-07-15;60886
2020-07-14;"Banskobystrický kraj";2;0;0;0;NA;131947;2;2020-07-14;60882
2020-07-13;"Banskobystrický kraj";1;0;0;0;NA;131947;1;2020-07-13;60880
2020-07-10;"Banskobystrický kraj";3;0;0;0;NA;131947;3;2020-07-10;60879
2020-07-09;"Banskobystrický kraj";9;0;0;0;NA;131947;9;2020-07-09;60876
2020-07-07;"Banskobystrický kraj";4;0;0;0;NA;131947;4;2020-07-07;60867
2020-07-04;"Banskobystrický kraj";1;0;0;0;NA;131947;1;2020-07-04;60863
2020-07-03;"Banskobystrický kraj";4;0;0;0;NA;131947;4;2020-07-03;60862
2020-07-01;"Banskobystrický kraj";1;0;0;0;NA;131947;1;2020-07-01;60858
2020-06-25;"Banskobystrický kraj";1;0;0;0;NA;131947;1;2020-06-25;60857
2020-06-23;"Banskobystrický kraj";6;0;0;0;NA;131947;6;2020-06-23;60856
2020-06-19;"Banskobystrický kraj";2;0;0;0;NA;131947;2;2020-06-19;60850
2020-06-18;"Banskobystrický kraj";10;0;0;0;NA;131947;10;2020-06-18;60848
2020-06-17;"Banskobystrický kraj";1;0;0;0;NA;131947;1;2020-06-17;60838
2020-06-14;"Banskobystrický kraj";2;0;0;0;NA;131947;2;2020-06-14;60837
2020-06-13;"Banskobystrický kraj";2;0;0;0;NA;131947;2;2020-06-13;60835
2020-06-11;"Banskobystrický kraj";1;0;0;0;NA;131947;1;2020-06-11;60833
2020-06-05;"Banskobystrický kraj";2;0;0;0;NA;131947;2;2020-06-05;60832
2020-05-27;"Banskobystrický kraj";1;0;0;0;NA;131947;1;2020-05-27;60830
2020-05-23;"Banskobystrický kraj";1;0;0;0;NA;131947;1;2020-05-23;60829
2020-05-20;"Banskobystrický kraj";1;0;0;0;NA;131947;1;2020-05-20;60828
2020-05-12;"Banskobystrický kraj";1;0;0;0;NA;131947;1;2020-05-12;60827
2020-05-07;"Banskobystrický kraj";2;0;0;0;NA;131947;2;2020-05-07;60826
2020-05-06;"Banskobystrický kraj";1;0;0;0;NA;131947;1;2020-05-06;60824
2020-05-05;"Banskobystrický kraj";2;0;0;0;NA;131947;2;2020-05-05;60823
2020-04-30;"Banskobystrický kraj";1;0;0;0;NA;131947;1;2020-04-30;60821
2020-04-29;"Banskobystrický kraj";1;0;0;0;NA;131947;1;2020-04-29;60820
2020-04-25;"Banskobystrický kraj";2;0;0;0;NA;131947;2;2020-04-25;60819
2020-04-24;"Banskobystrický kraj";3;0;0;0;NA;131947;3;2020-04-24;60817
2020-04-23;"Banskobystrický kraj";2;0;0;0;NA;131947;2;2020-04-23;60814
2020-04-22;"Banskobystrický kraj";2;0;0;0;NA;131947;2;2020-04-22;60812
2020-04-21;"Banskobystrický kraj";2;0;0;0;NA;131947;2;2020-04-21;60810
2020-04-18;"Banskobystrický kraj";8;0;0;0;NA;131947;8;2020-04-18;60808
2020-04-17;"Banskobystrický kraj";2;0;0;0;NA;131947;2;2020-04-17;60800
2020-04-15;"Banskobystrický kraj";10;0;0;0;NA;131947;10;2020-04-15;60798
2020-04-13;"Banskobystrický kraj";2;0;0;0;NA;131947;2;2020-04-13;60788
2020-04-12;"Banskobystrický kraj";4;0;0;0;NA;131947;4;2020-04-12;60786
2020-04-11;"Banskobystrický kraj";1;0;0;0;NA;131947;1;2020-04-11;60782
2020-04-09;"Banskobystrický kraj";2;0;0;0;NA;131947;2;2020-04-09;60781
2020-04-07;"Banskobystrický kraj";4;0;0;0;NA;131947;4;2020-04-07;60779
2020-04-06;"Banskobystrický kraj";10;0;0;0;NA;131947;10;2020-04-06;60775
2020-04-05;"Banskobystrický kraj";9;0;0;0;NA;131947;9;2020-04-05;60765
2020-04-03;"Banskobystrický kraj";2;0;0;0;NA;131947;2;2020-04-03;60756
2020-04-02;"Banskobystrický kraj";2;0;0;0;NA;131947;2;2020-04-02;60754
2020-04-01;"Banskobystrický kraj";5;0;0;0;NA;131947;5;2020-04-01;60752
2020-03-31;"Banskobystrický kraj";3;0;0;0;NA;131947;3;2020-03-31;60747
2020-03-30;"Banskobystrický kraj";1;0;0;0;NA;131947;1;2020-03-30;60744
2020-03-29;"Banskobystrický kraj";2;0;0;0;NA;131947;2;2020-03-29;60743
2020-03-28;"Banskobystrický kraj";1;0;0;0;NA;131947;1;2020-03-28;60741
2020-03-27;"Banskobystrický kraj";1;0;0;0;NA;131947;1;2020-03-27;60740
2020-03-26;"Banskobystrický kraj";1;0;0;0;NA;131947;1;2020-03-26;60739
2020-03-24;"Banskobystrický kraj";1;0;0;0;NA;131947;1;2020-03-24;60738
2020-03-23;"Banskobystrický kraj";1;0;0;0;NA;131947;1;2020-03-23;60737
2020-03-21;"Banskobystrický kraj";3;0;0;0;NA;131947;3;2020-03-21;60736
2020-03-19;"Banskobystrický kraj";2;0;0;0;NA;131947;2;2020-03-19;60733
2020-03-18;"Banskobystrický kraj";1;0;0;0;NA;131947;1;2020-03-18;60731
2020-03-17;"Banskobystrický kraj";1;0;0;0;NA;131947;1;2020-03-17;60730
2020-03-15;"Banskobystrický kraj";1;0;0;0;NA;131947;1;2020-03-15;60729
2020-03-13;"Banskobystrický kraj";1;0;0;0;NA;131947;1;2020-03-13;60728
2021-03-22;"Bratislavský kraj";110;40130;194;40324;41150;81150;304;2021-03-22;81150
2021-03-21;"Bratislavský kraj";54;58202;203;58405;NA;81150;257;2021-03-21;80846
2021-03-20;"Bratislavský kraj";59;65416;197;65613;NA;81150;256;2021-03-20;80589
2021-03-19;"Bratislavský kraj";139;49460;233;49693;NA;81150;372;2021-03-19;80333
2021-03-18;"Bratislavský kraj";142;31378;177;31555;NA;81150;319;2021-03-18;79961
2021-03-17;"Bratislavský kraj";177;28421;196;28617;NA;81150;373;2021-03-17;79642
2021-03-16;"Bratislavský kraj";258;35251;269;35520;NA;81150;527;2021-03-16;79269
2021-03-15;"Bratislavský kraj";180;36893;239;37132;NA;81150;419;2021-03-15;78742
2021-03-14;"Bratislavský kraj";75;50191;267;50458;NA;81150;342;2021-03-14;78323
2021-03-13;"Bratislavský kraj";110;75730;315;76045;NA;81150;425;2021-03-13;77981
2021-03-12;"Bratislavský kraj";152;51709;283;51992;NA;81150;435;2021-03-12;77556
2021-03-11;"Bratislavský kraj";178;32301;257;32558;NA;81150;435;2021-03-11;77121
2021-03-10;"Bratislavský kraj";164;29934;256;30190;NA;81150;420;2021-03-10;76686
2021-03-09;"Bratislavský kraj";242;38958;251;39209;NA;81150;493;2021-03-09;76266
2021-03-08;"Bratislavský kraj";255;40322;330;40652;NA;81150;585;2021-03-08;75773
2021-03-07;"Bratislavský kraj";142;48896;259;49155;NA;81150;401;2021-03-07;75188
2021-03-06;"Bratislavský kraj";79;68818;387;69205;NA;81150;466;2021-03-06;74787
2021-03-05;"Bratislavský kraj";238;49620;299;49919;NA;81150;537;2021-03-05;74321
2021-03-04;"Bratislavský kraj";204;32054;305;32359;NA;81150;509;2021-03-04;73784
2021-03-03;"Bratislavský kraj";250;30165;361;30526;NA;81150;611;2021-03-03;73275
2021-03-02;"Bratislavský kraj";267;39266;390;39656;NA;81150;657;2021-03-02;72664
2021-03-01;"Bratislavský kraj";320;37922;428;38350;NA;81150;748;2021-03-01;72007
2021-02-28;"Bratislavský kraj";184;48751;318;49069;NA;81150;502;2021-02-28;71259
2021-02-27;"Bratislavský kraj";151;75768;444;76212;NA;81150;595;2021-02-27;70757
2021-02-26;"Bratislavský kraj";277;47535;409;47944;NA;81150;686;2021-02-26;70162
2021-02-25;"Bratislavský kraj";277;27923;404;28327;NA;81150;681;2021-02-25;69476
2021-02-24;"Bratislavský kraj";217;27174;427;27601;NA;81150;644;2021-02-24;68795
2021-02-23;"Bratislavský kraj";257;30768;388;31156;NA;81150;645;2021-02-23;68151
2021-02-22;"Bratislavský kraj";353;36291;491;36782;NA;81150;844;2021-02-22;67506
2021-02-21;"Bratislavský kraj";185;47878;363;48241;NA;81150;548;2021-02-21;66662
2021-02-20;"Bratislavský kraj";167;74971;532;75503;NA;81150;699;2021-02-20;66114
2021-02-19;"Bratislavský kraj";280;44961;415;45376;NA;81150;695;2021-02-19;65415
2021-02-18;"Bratislavský kraj";263;26487;379;26866;NA;81150;642;2021-02-18;64720
2021-02-17;"Bratislavský kraj";264;22330;321;22651;NA;81150;585;2021-02-17;64078
2021-02-16;"Bratislavský kraj";289;27522;350;27872;NA;81150;639;2021-02-16;63493
2021-02-15;"Bratislavský kraj";248;36218;387;36605;NA;81150;635;2021-02-15;62854
2021-02-14;"Bratislavský kraj";153;43086;309;43395;NA;81150;462;2021-02-14;62219
2021-02-13;"Bratislavský kraj";173;67273;502;67775;NA;81150;675;2021-02-13;61757
2021-02-12;"Bratislavský kraj";282;35418;322;35740;NA;81150;604;2021-02-12;61082
2021-02-11;"Bratislavský kraj";337;24124;289;24413;NA;81150;626;2021-02-11;60478
2021-02-10;"Bratislavský kraj";314;22750;353;23103;NA;81150;667;2021-02-10;59852
2021-02-09;"Bratislavský kraj";287;37115;483;37598;NA;81150;770;2021-02-09;59185
2021-02-08;"Bratislavský kraj";484;33473;396;33869;NA;81150;880;2021-02-08;58415
2021-02-07;"Bratislavský kraj";243;49029;418;49447;NA;81150;661;2021-02-07;57535
2021-02-06;"Bratislavský kraj";116;63723;523;64246;NA;81150;639;2021-02-06;56874
2021-02-05;"Bratislavský kraj";327;27355;376;27731;NA;81150;703;2021-02-05;56235
2021-02-04;"Bratislavský kraj";555;16331;350;16681;NA;81150;905;2021-02-04;55532
2021-02-03;"Bratislavský kraj";161;12936;370;13306;NA;81150;531;2021-02-03;54627
2021-02-02;"Bratislavský kraj";397;26860;485;27345;NA;81150;882;2021-02-02;54096
2021-02-01;"Bratislavský kraj";221;37646;507;38153;NA;81150;728;2021-02-01;53214
2021-01-31;"Bratislavský kraj";180;32582;369;32951;NA;81150;549;2021-01-31;52486
2021-01-30;"Bratislavský kraj";310;40445;431;40876;NA;81150;741;2021-01-30;51937
2021-01-29;"Bratislavský kraj";344;14862;316;15178;NA;81150;660;2021-01-29;51196
2021-01-28;"Bratislavský kraj";307;10452;301;10753;NA;81150;608;2021-01-28;50536
2021-01-27;"Bratislavský kraj";336;21991;341;22332;NA;81150;677;2021-01-27;49928
2021-01-26;"Bratislavský kraj";297;21825;279;22104;NA;81150;576;2021-01-26;49251
2021-01-25;"Bratislavský kraj";356;21956;230;22186;NA;81150;586;2021-01-25;48675
2021-01-24;"Bratislavský kraj";175;34649;350;34999;NA;81150;525;2021-01-24;48089
2021-01-23;"Bratislavský kraj";396;75111;655;75766;NA;81150;1051;2021-01-23;47564
2021-01-22;"Bratislavský kraj";199;41403;353;41756;NA;81150;552;2021-01-22;46513
2021-01-21;"Bratislavský kraj";255;105126;1304;106430;NA;81150;1559;2021-01-21;45961
2021-01-20;"Bratislavský kraj";360;26822;453;27275;NA;81150;813;2021-01-20;44402
2021-01-19;"Bratislavský kraj";375;13616;338;13954;NA;81150;713;2021-01-19;43589
2021-01-18;"Bratislavský kraj";357;11645;706;12351;NA;81150;1063;2021-01-18;42876
2021-01-17;"Bratislavský kraj";244;410;26;436;NA;81150;270;2021-01-17;41813
2021-01-16;"Bratislavský kraj";70;2908;156;3064;NA;81150;226;2021-01-16;41543
2021-01-15;"Bratislavský kraj";251;7632;254;7886;NA;81150;505;2021-01-15;41317
2021-01-14;"Bratislavský kraj";363;8078;273;8351;NA;81150;636;2021-01-14;40812
2021-01-13;"Bratislavský kraj";336;7886;328;8214;NA;81150;664;2021-01-13;40176
2021-01-12;"Bratislavský kraj";450;9435;463;9898;NA;81150;913;2021-01-12;39512
2021-01-11;"Bratislavský kraj";397;18956;380;19336;NA;81150;777;2021-01-11;38599
2021-01-10;"Bratislavský kraj";252;1341;79;1420;NA;81150;331;2021-01-10;37822
2021-01-09;"Bratislavský kraj";351;4946;291;5237;NA;81150;642;2021-01-09;37491
2021-01-08;"Bratislavský kraj";556;9716;433;10149;NA;81150;989;2021-01-08;36849
2021-01-07;"Bratislavský kraj";537;6995;412;7407;NA;81150;949;2021-01-07;35860
2021-01-06;"Bratislavský kraj";271;3018;216;3234;NA;81150;487;2021-01-06;34911
2021-01-05;"Bratislavský kraj";619;12126;843;12969;NA;81150;1462;2021-01-05;34424
2021-01-04;"Bratislavský kraj";601;7222;603;7825;NA;81150;1204;2021-01-04;32962
2021-01-03;"Bratislavský kraj";77;389;41;430;NA;81150;118;2021-01-03;31758
2021-01-02;"Bratislavský kraj";185;370;56;426;NA;81150;241;2021-01-02;31640
2021-01-01;"Bratislavský kraj";235;3143;130;3273;NA;81150;365;2021-01-01;31399
2020-12-31;"Bratislavský kraj";925;13824;590;14414;NA;81150;1515;2020-12-31;31034
2020-12-30;"Bratislavský kraj";650;9195;519;9714;NA;81150;1169;2020-12-30;29519
2020-12-29;"Bratislavský kraj";303;10223;774;10997;NA;81150;1077;2020-12-29;28350
2020-12-28;"Bratislavský kraj";255;7608;559;8167;NA;81150;814;2020-12-28;27273
2020-12-27;"Bratislavský kraj";160;646;76;722;NA;81150;236;2020-12-27;26459
2020-12-26;"Bratislavský kraj";75;416;23;439;NA;81150;98;2020-12-26;26223
2020-12-25;"Bratislavský kraj";114;460;38;498;NA;81150;152;2020-12-25;26125
2020-12-24;"Bratislavský kraj";536;3373;102;3475;NA;81150;638;2020-12-24;25973
2020-12-23;"Bratislavský kraj";416;13030;498;13528;NA;81150;914;2020-12-23;25335
2020-12-22;"Bratislavský kraj";327;15107;770;15877;NA;81150;1097;2020-12-22;24421
2020-12-21;"Bratislavský kraj";392;14930;2002;16932;NA;81150;2394;2020-12-21;23324
2020-12-20;"Bratislavský kraj";180;633;54;687;NA;81150;234;2020-12-20;20930
2020-12-19;"Bratislavský kraj";396;3150;129;3279;NA;81150;525;2020-12-19;20696
2020-12-18;"Bratislavský kraj";306;10477;413;10890;NA;81150;719;2020-12-18;20171
2020-12-17;"Bratislavský kraj";502;10153;410;10563;NA;81150;912;2020-12-17;19452
2020-12-16;"Bratislavský kraj";282;10566;456;11022;NA;81150;738;2020-12-16;18540
2020-12-15;"Bratislavský kraj";423;10856;488;11344;NA;81150;911;2020-12-15;17802
2020-12-14;"Bratislavský kraj";279;6628;310;6938;NA;81150;589;2020-12-14;16891
2020-12-13;"Bratislavský kraj";125;108;7;115;NA;81150;132;2020-12-13;16302
2020-12-12;"Bratislavský kraj";361;3734;157;3891;NA;81150;518;2020-12-12;16170
2020-12-11;"Bratislavský kraj";326;7102;302;7404;NA;81150;628;2020-12-11;15652
2020-12-10;"Bratislavský kraj";286;5169;222;5391;NA;81150;508;2020-12-10;15024
2020-12-09;"Bratislavský kraj";382;4778;188;4966;NA;81150;570;2020-12-09;14516
2020-12-08;"Bratislavský kraj";234;5900;213;6113;NA;81150;447;2020-12-08;13946
2020-12-07;"Bratislavský kraj";272;4345;168;4513;NA;81150;440;2020-12-07;13499
2020-12-06;"Bratislavský kraj";61;1584;52;1636;NA;81150;113;2020-12-06;13059
2020-12-05;"Bratislavský kraj";266;2134;40;2174;NA;81150;306;2020-12-05;12946
2020-12-04;"Bratislavský kraj";200;4511;104;4615;NA;81150;304;2020-12-04;12640
2020-12-03;"Bratislavský kraj";213;5036;102;5138;NA;81150;315;2020-12-03;12336
2020-12-02;"Bratislavský kraj";205;2669;94;2763;NA;81150;299;2020-12-02;12021
2020-12-01;"Bratislavský kraj";255;3776;202;3978;NA;81150;457;2020-12-01;11722
2020-11-30;"Bratislavský kraj";152;2061;123;2184;NA;81150;275;2020-11-30;11265
2020-11-29;"Bratislavský kraj";52;41;21;62;NA;81150;73;2020-11-29;10990
2020-11-28;"Bratislavský kraj";232;1983;21;2004;NA;81150;253;2020-11-28;10917
2020-11-27;"Bratislavský kraj";54;1198;29;1227;NA;81150;83;2020-11-27;10664
2020-11-26;"Bratislavský kraj";129;1114;25;1139;NA;81150;154;2020-11-26;10581
2020-11-25;"Bratislavský kraj";140;1133;31;1164;NA;81150;171;2020-11-25;10427
2020-11-24;"Bratislavský kraj";81;2988;67;3055;NA;81150;148;2020-11-24;10256
2020-11-23;"Bratislavský kraj";67;405;13;418;NA;81150;80;2020-11-23;10108
2020-11-22;"Bratislavský kraj";36;81;7;88;NA;81150;43;2020-11-22;10028
2020-11-21;"Bratislavský kraj";109;2126;47;2173;NA;81150;156;2020-11-21;9985
2020-11-20;"Bratislavský kraj";118;2869;48;2917;NA;81150;166;2020-11-20;9829
2020-11-19;"Bratislavský kraj";173;987;29;1016;NA;81150;202;2020-11-19;9663
2020-11-18;"Bratislavský kraj";118;616;75;691;NA;81150;193;2020-11-18;9461
2020-11-17;"Bratislavský kraj";108;928;23;951;NA;81150;131;2020-11-17;9268
2020-11-16;"Bratislavský kraj";82;651;9;660;NA;81150;91;2020-11-16;9137
2020-11-15;"Bratislavský kraj";47;236;0;236;NA;81150;47;2020-11-15;9046
2020-11-14;"Bratislavský kraj";53;1834;15;1849;NA;81150;68;2020-11-14;8999
2020-11-13;"Bratislavský kraj";94;2096;21;2117;NA;81150;115;2020-11-13;8931
2020-11-12;"Bratislavský kraj";141;1727;6;1733;NA;81150;147;2020-11-12;8816
2020-11-11;"Bratislavský kraj";159;1429;12;1441;NA;81150;171;2020-11-11;8669
2020-11-10;"Bratislavský kraj";136;805;14;819;NA;81150;150;2020-11-10;8498
2020-11-09;"Bratislavský kraj";70;466;1;467;NA;81150;71;2020-11-09;8348
2020-11-08;"Bratislavský kraj";82;869;6;875;NA;81150;88;2020-11-08;8277
2020-11-07;"Bratislavský kraj";88;4039;17;4056;NA;81150;105;2020-11-07;8189
2020-11-06;"Bratislavský kraj";281;6441;25;6466;NA;81150;306;2020-11-06;8084
2020-11-05;"Bratislavský kraj";175;476;11;487;NA;81150;186;2020-11-05;7778
2020-11-04;"Bratislavský kraj";65;411;10;421;NA;81150;75;2020-11-04;7592
2020-11-03;"Bratislavský kraj";251;944;5;949;NA;81150;256;2020-11-03;7517
2020-11-02;"Bratislavský kraj";202;3365;22;3387;NA;81150;224;2020-11-02;7261
2020-11-01;"Bratislavský kraj";227;8694;39;8733;NA;81150;266;2020-11-01;7037
2020-10-31;"Bratislavský kraj";173;22407;123;22530;NA;81150;296;2020-10-31;6771
2020-10-30;"Bratislavský kraj";158;17350;138;17488;NA;81150;296;2020-10-30;6475
2020-10-29;"Bratislavský kraj";262;116;4;120;NA;81150;266;2020-10-29;6179
2020-10-28;"Bratislavský kraj";220;260;15;275;NA;81150;235;2020-10-28;5913
2020-10-27;"Bratislavský kraj";256;145;4;149;NA;81150;260;2020-10-27;5678
2020-10-26;"Bratislavský kraj";123;229;11;240;NA;81150;134;2020-10-26;5418
2020-10-25;"Bratislavský kraj";152;33;2;35;NA;81150;154;2020-10-25;5284
2020-10-24;"Bratislavský kraj";170;221;6;227;NA;81150;176;2020-10-24;5130
2020-10-23;"Bratislavský kraj";151;144;8;152;NA;81150;159;2020-10-23;4954
2020-10-22;"Bratislavský kraj";192;204;15;219;NA;81150;207;2020-10-22;4795
2020-10-21;"Bratislavský kraj";66;90;6;96;NA;81150;72;2020-10-21;4588
2020-10-20;"Bratislavský kraj";183;97;4;101;NA;81150;187;2020-10-20;4516
2020-10-19;"Bratislavský kraj";148;80;3;83;NA;81150;151;2020-10-19;4329
2020-10-18;"Bratislavský kraj";75;92;0;92;NA;81150;75;2020-10-18;4178
2020-10-17;"Bratislavský kraj";136;0;0;0;NA;81150;136;2020-10-17;4103
2020-10-16;"Bratislavský kraj";103;14;1;15;NA;81150;104;2020-10-16;3967
2020-10-15;"Bratislavský kraj";135;6;1;7;NA;81150;136;2020-10-15;3863
2020-10-14;"Bratislavský kraj";127;4;0;4;NA;81150;127;2020-10-14;3727
2020-10-13;"Bratislavský kraj";86;108;8;116;NA;81150;94;2020-10-13;3600
2020-10-12;"Bratislavský kraj";46;0;0;0;NA;81150;46;2020-10-12;3506
2020-10-11;"Bratislavský kraj";80;0;0;0;NA;81150;80;2020-10-11;3460
2020-10-10;"Bratislavský kraj";55;0;0;0;NA;81150;55;2020-10-10;3380
2020-10-09;"Bratislavský kraj";148;0;0;0;NA;81150;148;2020-10-09;3325
2020-10-08;"Bratislavský kraj";100;0;0;0;NA;81150;100;2020-10-08;3177
2020-10-07;"Bratislavský kraj";107;0;0;0;NA;81150;107;2020-10-07;3077
2020-10-06;"Bratislavský kraj";108;0;0;0;NA;81150;108;2020-10-06;2970
2020-10-05;"Bratislavský kraj";30;0;0;0;NA;81150;30;2020-10-05;2862
2020-10-04;"Bratislavský kraj";49;0;0;0;NA;81150;49;2020-10-04;2832
2020-10-03;"Bratislavský kraj";82;0;0;0;NA;81150;82;2020-10-03;2783
2020-10-02;"Bratislavský kraj";101;0;0;0;NA;81150;101;2020-10-02;2701
2020-10-01;"Bratislavský kraj";72;0;0;0;NA;81150;72;2020-10-01;2600
2020-09-30;"Bratislavský kraj";91;0;0;0;NA;81150;91;2020-09-30;2528
2020-09-29;"Bratislavský kraj";74;0;0;0;NA;81150;74;2020-09-29;2437
2020-09-28;"Bratislavský kraj";29;0;0;0;NA;81150;29;2020-09-28;2363
2020-09-27;"Bratislavský kraj";48;0;0;0;NA;81150;48;2020-09-27;2334
2020-09-26;"Bratislavský kraj";86;0;0;0;NA;81150;86;2020-09-26;2286
2020-09-25;"Bratislavský kraj";97;0;0;0;NA;81150;97;2020-09-25;2200
2020-09-24;"Bratislavský kraj";73;0;0;0;NA;81150;73;2020-09-24;2103
2020-09-23;"Bratislavský kraj";55;0;0;0;NA;81150;55;2020-09-23;2030
2020-09-22;"Bratislavský kraj";81;0;0;0;NA;81150;81;2020-09-22;1975
2020-09-21;"Bratislavský kraj";32;0;0;0;NA;81150;32;2020-09-21;1894
2020-09-20;"Bratislavský kraj";25;0;0;0;NA;81150;25;2020-09-20;1862
2020-09-19;"Bratislavský kraj";59;0;0;0;NA;81150;59;2020-09-19;1837
2020-09-18;"Bratislavský kraj";42;0;0;0;NA;81150;42;2020-09-18;1778
2020-09-17;"Bratislavský kraj";52;0;0;0;NA;81150;52;2020-09-17;1736
2020-09-16;"Bratislavský kraj";32;0;0;0;NA;81150;32;2020-09-16;1684
2020-09-15;"Bratislavský kraj";26;0;0;0;NA;81150;26;2020-09-15;1652
2020-09-14;"Bratislavský kraj";24;0;0;0;NA;81150;24;2020-09-14;1626
2020-09-13;"Bratislavský kraj";11;0;0;0;NA;81150;11;2020-09-13;1602
2020-09-12;"Bratislavský kraj";24;0;0;0;NA;81150;24;2020-09-12;1591
2020-09-11;"Bratislavský kraj";50;0;0;0;NA;81150;50;2020-09-11;1567
2020-09-10;"Bratislavský kraj";47;0;0;0;NA;81150;47;2020-09-10;1517
2020-09-09;"Bratislavský kraj";40;0;0;0;NA;81150;40;2020-09-09;1470
2020-09-08;"Bratislavský kraj";58;0;0;0;NA;81150;58;2020-09-08;1430
2020-09-07;"Bratislavský kraj";39;0;0;0;NA;81150;39;2020-09-07;1372
2020-09-06;"Bratislavský kraj";11;0;0;0;NA;81150;11;2020-09-06;1333
2020-09-05;"Bratislavský kraj";37;0;0;0;NA;81150;37;2020-09-05;1322
2020-09-04;"Bratislavský kraj";87;0;0;0;NA;81150;87;2020-09-04;1285
2020-09-03;"Bratislavský kraj";51;0;0;0;NA;81150;51;2020-09-03;1198
2020-09-02;"Bratislavský kraj";50;0;0;0;NA;81150;50;2020-09-02;1147
2020-09-01;"Bratislavský kraj";16;0;0;0;NA;81150;16;2020-09-01;1097
2020-08-31;"Bratislavský kraj";19;0;0;0;NA;81150;19;2020-08-31;1081
2020-08-30;"Bratislavský kraj";9;0;0;0;NA;81150;9;2020-08-30;1062
2020-08-29;"Bratislavský kraj";12;0;0;0;NA;81150;12;2020-08-29;1053
2020-08-28;"Bratislavský kraj";35;0;0;0;NA;81150;35;2020-08-28;1041
2020-08-27;"Bratislavský kraj";33;0;0;0;NA;81150;33;2020-08-27;1006
2020-08-26;"Bratislavský kraj";27;0;0;0;NA;81150;27;2020-08-26;973
2020-08-25;"Bratislavský kraj";29;0;0;0;NA;81150;29;2020-08-25;946
2020-08-24;"Bratislavský kraj";6;0;0;0;NA;81150;6;2020-08-24;917
2020-08-23;"Bratislavský kraj";45;0;0;0;NA;81150;45;2020-08-23;911
2020-08-22;"Bratislavský kraj";13;0;0;0;NA;81150;13;2020-08-22;866
2020-08-21;"Bratislavský kraj";46;0;0;0;NA;81150;46;2020-08-21;853
2020-08-20;"Bratislavský kraj";41;0;0;0;NA;81150;41;2020-08-20;807
2020-08-19;"Bratislavský kraj";27;0;0;0;NA;81150;27;2020-08-19;766
2020-08-18;"Bratislavský kraj";47;0;0;0;NA;81150;47;2020-08-18;739
2020-08-17;"Bratislavský kraj";2;0;0;0;NA;81150;2;2020-08-17;692
2020-08-16;"Bratislavský kraj";3;0;0;0;NA;81150;3;2020-08-16;690
2020-08-15;"Bratislavský kraj";18;0;0;0;NA;81150;18;2020-08-15;687
2020-08-14;"Bratislavský kraj";16;0;0;0;NA;81150;16;2020-08-14;669
2020-08-13;"Bratislavský kraj";12;0;0;0;NA;81150;12;2020-08-13;653
2020-08-12;"Bratislavský kraj";10;0;0;0;NA;81150;10;2020-08-12;641
2020-08-11;"Bratislavský kraj";23;0;0;0;NA;81150;23;2020-08-11;631
2020-08-10;"Bratislavský kraj";2;0;0;0;NA;81150;2;2020-08-10;608
2020-08-09;"Bratislavský kraj";2;0;0;0;NA;81150;2;2020-08-09;606
2020-08-08;"Bratislavský kraj";1;0;0;0;NA;81150;1;2020-08-08;604
2020-08-07;"Bratislavský kraj";9;0;0;0;NA;81150;9;2020-08-07;603
2020-08-06;"Bratislavský kraj";15;0;0;0;NA;81150;15;2020-08-06;594
2020-08-05;"Bratislavský kraj";11;0;0;0;NA;81150;11;2020-08-05;579
2020-08-04;"Bratislavský kraj";21;0;0;0;NA;81150;21;2020-08-04;568
2020-08-03;"Bratislavský kraj";7;0;0;0;NA;81150;7;2020-08-03;547
2020-07-31;"Bratislavský kraj";14;0;0;0;NA;81150;14;2020-07-31;540
2020-07-30;"Bratislavský kraj";6;0;0;0;NA;81150;6;2020-07-30;526
2020-07-29;"Bratislavský kraj";7;0;0;0;NA;81150;7;2020-07-29;520
2020-07-28;"Bratislavský kraj";14;0;0;0;NA;81150;14;2020-07-28;513
2020-07-27;"Bratislavský kraj";3;0;0;0;NA;81150;3;2020-07-27;499
2020-07-25;"Bratislavský kraj";8;0;0;0;NA;81150;8;2020-07-25;496
2020-07-24;"Bratislavský kraj";2;0;0;0;NA;81150;2;2020-07-24;488
2020-07-23;"Bratislavský kraj";8;0;0;0;NA;81150;8;2020-07-23;486
2020-07-22;"Bratislavský kraj";11;0;0;0;NA;81150;11;2020-07-22;478
2020-07-21;"Bratislavský kraj";8;0;0;0;NA;81150;8;2020-07-21;467
2020-07-20;"Bratislavský kraj";12;0;0;0;NA;81150;12;2020-07-20;459
2020-07-18;"Bratislavský kraj";2;0;0;0;NA;81150;2;2020-07-18;447
2020-07-17;"Bratislavský kraj";2;0;0;0;NA;81150;2;2020-07-17;445
2020-07-16;"Bratislavský kraj";6;0;0;0;NA;81150;6;2020-07-16;443
2020-07-15;"Bratislavský kraj";3;0;0;0;NA;81150;3;2020-07-15;437
2020-07-14;"Bratislavský kraj";2;0;0;0;NA;81150;2;2020-07-14;434
2020-07-13;"Bratislavský kraj";2;0;0;0;NA;81150;2;2020-07-13;432
2020-07-10;"Bratislavský kraj";8;0;0;0;NA;81150;8;2020-07-10;430
2020-07-09;"Bratislavský kraj";2;0;0;0;NA;81150;2;2020-07-09;422
2020-07-08;"Bratislavský kraj";11;0;0;0;NA;81150;11;2020-07-08;420
2020-07-07;"Bratislavský kraj";5;0;0;0;NA;81150;5;2020-07-07;409
2020-07-06;"Bratislavský kraj";1;0;0;0;NA;81150;1;2020-07-06;404
2020-07-04;"Bratislavský kraj";3;0;0;0;NA;81150;3;2020-07-04;403
2020-07-03;"Bratislavský kraj";1;0;0;0;NA;81150;1;2020-07-03;400
2020-07-01;"Bratislavský kraj";7;0;0;0;NA;81150;7;2020-07-01;399
2020-06-30;"Bratislavský kraj";3;0;0;0;NA;81150;3;2020-06-30;392
2020-06-29;"Bratislavský kraj";1;0;0;0;NA;81150;1;2020-06-29;389
2020-06-27;"Bratislavský kraj";1;0;0;0;NA;81150;1;2020-06-27;388
2020-06-26;"Bratislavský kraj";6;0;0;0;NA;81150;6;2020-06-26;387
2020-06-24;"Bratislavský kraj";3;0;0;0;NA;81150;3;2020-06-24;381
2020-06-22;"Bratislavský kraj";1;0;0;0;NA;81150;1;2020-06-22;378
2020-06-19;"Bratislavský kraj";3;0;0;0;NA;81150;3;2020-06-19;377
2020-06-14;"Bratislavský kraj";2;0;0;0;NA;81150;2;2020-06-14;374
2020-06-13;"Bratislavský kraj";1;0;0;0;NA;81150;1;2020-06-13;372
2020-06-12;"Bratislavský kraj";2;0;0;0;NA;81150;2;2020-06-12;371
2020-06-08;"Bratislavský kraj";1;0;0;0;NA;81150;1;2020-06-08;369
2020-06-03;"Bratislavský kraj";1;0;0;0;NA;81150;1;2020-06-03;368
2020-05-27;"Bratislavský kraj";1;0;0;0;NA;81150;1;2020-05-27;367
2020-05-23;"Bratislavský kraj";2;0;0;0;NA;81150;2;2020-05-23;366
2020-05-12;"Bratislavský kraj";2;0;0;0;NA;81150;2;2020-05-12;364
2020-05-07;"Bratislavský kraj";1;0;0;0;NA;81150;1;2020-05-07;362
2020-05-06;"Bratislavský kraj";3;0;0;0;NA;81150;3;2020-05-06;361
2020-05-03;"Bratislavský kraj";2;0;0;0;NA;81150;2;2020-05-03;358
2020-04-30;"Bratislavský kraj";5;0;0;0;NA;81150;5;2020-04-30;356
2020-04-28;"Bratislavský kraj";2;0;0;0;NA;81150;2;2020-04-28;351
2020-04-26;"Bratislavský kraj";1;0;0;0;NA;81150;1;2020-04-26;349
2020-04-24;"Bratislavský kraj";2;0;0;0;NA;81150;2;2020-04-24;348
2020-04-23;"Bratislavský kraj";6;0;0;0;NA;81150;6;2020-04-23;346
2020-04-22;"Bratislavský kraj";11;0;0;0;NA;81150;11;2020-04-22;340
2020-04-21;"Bratislavský kraj";4;0;0;0;NA;81150;4;2020-04-21;329
2020-04-19;"Bratislavský kraj";4;0;0;0;NA;81150;4;2020-04-19;325
2020-04-18;"Bratislavský kraj";5;0;0;0;NA;81150;5;2020-04-18;321
2020-04-17;"Bratislavský kraj";6;0;0;0;NA;81150;6;2020-04-17;316
2020-04-16;"Bratislavský kraj";15;0;0;0;NA;81150;15;2020-04-16;310
2020-04-15;"Bratislavský kraj";11;0;0;0;NA;81150;11;2020-04-15;295
2020-04-14;"Bratislavský kraj";19;0;0;0;NA;81150;19;2020-04-14;284
2020-04-13;"Bratislavský kraj";53;0;0;0;NA;81150;53;2020-04-13;265
2020-04-12;"Bratislavský kraj";3;0;0;0;NA;81150;3;2020-04-12;212
2020-04-11;"Bratislavský kraj";1;0;0;0;NA;81150;1;2020-04-11;209
2020-04-10;"Bratislavský kraj";8;0;0;0;NA;81150;8;2020-04-10;208
2020-04-09;"Bratislavský kraj";3;0;0;0;NA;81150;3;2020-04-09;200
2020-04-08;"Bratislavský kraj";3;0;0;0;NA;81150;3;2020-04-08;197
2020-04-07;"Bratislavský kraj";24;0;0;0;NA;81150;24;2020-04-07;194
2020-04-06;"Bratislavský kraj";5;0;0;0;NA;81150;5;2020-04-06;170
2020-04-05;"Bratislavský kraj";6;0;0;0;NA;81150;6;2020-04-05;165
2020-04-04;"Bratislavský kraj";2;0;0;0;NA;81150;2;2020-04-04;159
2020-04-03;"Bratislavský kraj";1;0;0;0;NA;81150;1;2020-04-03;157
2020-04-02;"Bratislavský kraj";2;0;0;0;NA;81150;2;2020-04-02;156
2020-04-01;"Bratislavský kraj";5;0;0;0;NA;81150;5;2020-04-01;154
2020-03-31;"Bratislavský kraj";19;0;0;0;NA;81150;19;2020-03-31;149
2020-03-30;"Bratislavský kraj";6;0;0;0;NA;81150;6;2020-03-30;130
2020-03-29;"Bratislavský kraj";8;0;0;0;NA;81150;8;2020-03-29;124
2020-03-28;"Bratislavský kraj";4;0;0;0;NA;81150;4;2020-03-28;116
2020-03-27;"Bratislavský kraj";3;0;0;0;NA;81150;3;2020-03-27;112
2020-03-26;"Bratislavský kraj";15;0;0;0;NA;81150;15;2020-03-26;109
2020-03-25;"Bratislavský kraj";1;0;0;0;NA;81150;1;2020-03-25;94
2020-03-24;"Bratislavský kraj";4;0;0;0;NA;81150;4;2020-03-24;93
2020-03-23;"Bratislavský kraj";9;0;0;0;NA;81150;9;2020-03-23;89
2020-03-22;"Bratislavský kraj";2;0;0;0;NA;81150;2;2020-03-22;80
2020-03-21;"Bratislavský kraj";22;0;0;0;NA;81150;22;2020-03-21;78
2020-03-20;"Bratislavský kraj";3;0;0;0;NA;81150;3;2020-03-20;56
2020-03-19;"Bratislavský kraj";4;0;0;0;NA;81150;4;2020-03-19;53
2020-03-18;"Bratislavský kraj";3;0;0;0;NA;81150;3;2020-03-18;49
2020-03-17;"Bratislavský kraj";13;0;0;0;NA;81150;13;2020-03-17;46
2020-03-16;"Bratislavský kraj";1;0;0;0;NA;81150;1;2020-03-16;33
2020-03-15;"Bratislavský kraj";4;0;0;0;NA;81150;4;2020-03-15;32
2020-03-14;"Bratislavský kraj";9;0;0;0;NA;81150;9;2020-03-14;28
2020-03-13;"Bratislavský kraj";2;0;0;0;NA;81150;2;2020-03-13;19
2020-03-12;"Bratislavský kraj";8;0;0;0;NA;81150;8;2020-03-12;17
2020-03-11;"Bratislavský kraj";3;0;0;0;NA;81150;3;2020-03-11;9
2020-03-08;"Bratislavský kraj";2;0;0;0;NA;81150;2;2020-03-08;6
2020-03-07;"Bratislavský kraj";2;0;0;0;NA;81150;2;2020-03-07;4
2020-03-06;"Bratislavský kraj";1;0;0;0;NA;81150;1;2020-03-06;2
2021-03-22;"Košický kraj";169;22710;204;22914;47102;85528;373;2021-03-22;85528
2021-03-21;"Košický kraj";109;40321;146;40467;NA;85528;255;2021-03-21;85155
2021-03-20;"Košický kraj";126;97517;306;97823;NA;85528;432;2021-03-20;84900
2021-03-19;"Košický kraj";205;45407;257;45664;NA;85528;462;2021-03-19;84468
2021-03-18;"Košický kraj";274;23740;211;23951;NA;85528;485;2021-03-18;84006
2021-03-17;"Košický kraj";177;21694;200;21894;NA;85528;377;2021-03-17;83521
2021-03-16;"Košický kraj";386;23441;226;23667;NA;85528;612;2021-03-16;83144
2021-03-15;"Košický kraj";173;25194;277;25471;NA;85528;450;2021-03-15;82532
2021-03-14;"Košický kraj";145;44206;225;44431;NA;85528;370;2021-03-14;82082
2021-03-13;"Košický kraj";146;103558;478;104036;NA;85528;624;2021-03-13;81712
2021-03-12;"Košický kraj";366;47353;316;47669;NA;85528;682;2021-03-12;81088
2021-03-11;"Košický kraj";396;23224;261;23485;NA;85528;657;2021-03-11;80406
2021-03-10;"Košický kraj";121;22199;268;22467;NA;85528;389;2021-03-10;79749
2021-03-09;"Košický kraj";676;24524;301;24825;NA;85528;977;2021-03-09;79360
2021-03-08;"Košický kraj";559;29679;342;30021;NA;85528;901;2021-03-08;78383
2021-03-07;"Košický kraj";45;35061;229;35290;NA;85528;274;2021-03-07;77482
2021-03-06;"Košický kraj";177;106022;537;106559;NA;85528;714;2021-03-06;77208
2021-03-05;"Košický kraj";439;45553;422;45975;NA;85528;861;2021-03-05;76494
2021-03-04;"Košický kraj";417;23862;321;24183;NA;85528;738;2021-03-04;75633
2021-03-03;"Košický kraj";390;23132;297;23429;NA;85528;687;2021-03-03;74895
2021-03-02;"Košický kraj";464;24157;372;24529;NA;85528;836;2021-03-02;74208
2021-03-01;"Košický kraj";389;29980;512;30492;NA;85528;901;2021-03-01;73372
2021-02-28;"Košický kraj";265;37636;288;37924;NA;85528;553;2021-02-28;72471
2021-02-27;"Košický kraj";301;101274;787;102061;NA;85528;1088;2021-02-27;71918
2021-02-26;"Košický kraj";440;45466;492;45958;NA;85528;932;2021-02-26;70830
2021-02-25;"Košický kraj";331;19865;342;20207;NA;85528;673;2021-02-25;69898
2021-02-24;"Košický kraj";263;18798;506;19304;NA;85528;769;2021-02-24;69225
2021-02-23;"Košický kraj";642;21592;341;21933;NA;85528;983;2021-02-23;68456
2021-02-22;"Košický kraj";362;31190;439;31629;NA;85528;801;2021-02-22;67473
2021-02-21;"Košický kraj";170;40104;380;40484;NA;85528;550;2021-02-21;66672
2021-02-20;"Košický kraj";283;92550;770;93320;NA;85528;1053;2021-02-20;66122
2021-02-19;"Košický kraj";507;41792;585;42377;NA;85528;1092;2021-02-19;65069
2021-02-18;"Košický kraj";397;18442;345;18787;NA;85528;742;2021-02-18;63977
2021-02-17;"Košický kraj";322;18448;387;18835;NA;85528;709;2021-02-17;63235
2021-02-16;"Košický kraj";600;22137;463;22600;NA;85528;1063;2021-02-16;62526
2021-02-15;"Košický kraj";216;24866;369;25235;NA;85528;585;2021-02-15;61463
2021-02-14;"Košický kraj";241;56663;524;57187;NA;85528;765;2021-02-14;60878
2021-02-13;"Košický kraj";206;93191;765;93956;NA;85528;971;2021-02-13;60113
2021-02-12;"Košický kraj";448;50169;611;50780;NA;85528;1059;2021-02-12;59142
2021-02-11;"Košický kraj";435;14524;323;14847;NA;85528;758;2021-02-11;58083
2021-02-10;"Košický kraj";360;18475;431;18906;NA;85528;791;2021-02-10;57325
2021-02-09;"Košický kraj";545;24915;464;25379;NA;85528;1009;2021-02-09;56534
2021-02-08;"Košický kraj";237;27337;413;27750;NA;85528;650;2021-02-08;55525
2021-02-07;"Košický kraj";208;56897;612;57509;NA;85528;820;2021-02-07;54875
2021-02-06;"Košický kraj";318;101420;857;102277;NA;85528;1175;2021-02-06;54055
2021-02-05;"Košický kraj";384;43346;499;43845;NA;85528;883;2021-02-05;52880
2021-02-04;"Košický kraj";391;14733;370;15103;NA;85528;761;2021-02-04;51997
2021-02-03;"Košický kraj";296;32746;1111;33857;NA;85528;1407;2021-02-03;51236
2021-02-02;"Košický kraj";473;23465;438;23903;NA;85528;911;2021-02-02;49829
2021-02-01;"Košický kraj";415;19335;321;19656;NA;85528;736;2021-02-01;48918
2021-01-31;"Košický kraj";142;53674;585;54259;NA;85528;727;2021-01-31;48182
2021-01-30;"Košický kraj";320;76985;673;77658;NA;85528;993;2021-01-30;47455
2021-01-29;"Košický kraj";311;37131;456;37587;NA;85528;767;2021-01-29;46462
2021-01-28;"Košický kraj";540;9025;247;9272;NA;85528;787;2021-01-28;45695
2021-01-27;"Košický kraj";265;7484;207;7691;NA;85528;472;2021-01-27;44908
2021-01-26;"Košický kraj";530;14210;245;14455;NA;85528;775;2021-01-26;44436
2021-01-25;"Košický kraj";226;26161;409;26570;NA;85528;635;2021-01-25;43661
2021-01-24;"Košický kraj";150;44908;595;45503;NA;85528;745;2021-01-24;43026
2021-01-23;"Košický kraj";232;82016;843;82859;NA;85528;1075;2021-01-23;42281
2021-01-22;"Košický kraj";316;19999;265;20264;NA;85528;581;2021-01-22;41206
2021-01-21;"Košický kraj";274;14047;161;14208;NA;85528;435;2021-01-21;40625
2021-01-20;"Košický kraj";374;10845;201;11046;NA;85528;575;2021-01-20;40190
2021-01-19;"Košický kraj";248;9855;182;10037;NA;85528;430;2021-01-19;39615
2021-01-18;"Košický kraj";333;5778;212;5990;NA;85528;545;2021-01-18;39185
2021-01-17;"Košický kraj";155;535;14;549;NA;85528;169;2021-01-17;38640
2021-01-16;"Košický kraj";153;1403;47;1450;NA;85528;200;2021-01-16;38471
2021-01-15;"Košický kraj";308;6443;213;6656;NA;85528;521;2021-01-15;38271
2021-01-14;"Košický kraj";358;5471;221;5692;NA;85528;579;2021-01-14;37750
2021-01-13;"Košický kraj";421;4897;226;5123;NA;85528;647;2021-01-13;37171
2021-01-12;"Košický kraj";482;6689;258;6947;NA;85528;740;2021-01-12;36524
2021-01-11;"Košický kraj";309;7945;304;8249;NA;85528;613;2021-01-11;35784
2021-01-10;"Košický kraj";193;134;6;140;NA;85528;199;2021-01-10;35171
2021-01-09;"Košický kraj";469;1134;45;1179;NA;85528;514;2021-01-09;34972
2021-01-08;"Košický kraj";551;8222;388;8610;NA;85528;939;2021-01-08;34458
2021-01-07;"Košický kraj";251;6403;428;6831;NA;85528;679;2021-01-07;33519
2021-01-06;"Košický kraj";442;429;33;462;NA;85528;475;2021-01-06;32840
2021-01-05;"Košický kraj";584;8100;560;8660;NA;85528;1144;2021-01-05;32365
2021-01-04;"Košický kraj";407;7113;737;7850;NA;85528;1144;2021-01-04;31221
2021-01-03;"Košický kraj";118;661;22;683;NA;85528;140;2021-01-03;30077
2021-01-02;"Košický kraj";88;440;52;492;NA;85528;140;2021-01-02;29937
2021-01-01;"Košický kraj";398;725;49;774;NA;85528;447;2021-01-01;29797
2020-12-31;"Košický kraj";625;7877;461;8338;NA;85528;1086;2020-12-31;29350
2020-12-30;"Košický kraj";590;6477;412;6889;NA;85528;1002;2020-12-30;28264
2020-12-29;"Košický kraj";419;7573;605;8178;NA;85528;1024;2020-12-29;27262
2020-12-28;"Košický kraj";356;8296;804;9100;NA;85528;1160;2020-12-28;26238
2020-12-27;"Košický kraj";159;147;16;163;NA;85528;175;2020-12-27;25078
2020-12-26;"Košický kraj";163;274;23;297;NA;85528;186;2020-12-26;24903
2020-12-25;"Košický kraj";237;140;10;150;NA;85528;247;2020-12-25;24717
2020-12-24;"Košický kraj";564;1470;90;1560;NA;85528;654;2020-12-24;24470
2020-12-23;"Košický kraj";304;7942;354;8296;NA;85528;658;2020-12-23;23816
2020-12-22;"Košický kraj";438;7920;459;8379;NA;85528;897;2020-12-22;23158
2020-12-21;"Košický kraj";405;6984;509;7493;NA;85528;914;2020-12-21;22261
2020-12-20;"Košický kraj";215;48;8;56;NA;85528;223;2020-12-20;21347
2020-12-19;"Košický kraj";207;1148;59;1207;NA;85528;266;2020-12-19;21124
2020-12-18;"Košický kraj";310;8484;326;8810;NA;85528;636;2020-12-18;20858
2020-12-17;"Košický kraj";463;5292;255;5547;NA;85528;718;2020-12-17;20222
2020-12-16;"Košický kraj";455;5898;316;6214;NA;85528;771;2020-12-16;19504
2020-12-15;"Košický kraj";319;5086;338;5424;NA;85528;657;2020-12-15;18733
2020-12-14;"Košický kraj";256;2893;239;3132;NA;85528;495;2020-12-14;18076
2020-12-13;"Košický kraj";47;181;2;183;NA;85528;49;2020-12-13;17581
2020-12-12;"Košický kraj";369;1587;118;1705;NA;85528;487;2020-12-12;17532
2020-12-11;"Košický kraj";354;5461;258;5719;NA;85528;612;2020-12-11;17045
2020-12-10;"Košický kraj";283;4064;176;4240;NA;85528;459;2020-12-10;16433
2020-12-09;"Košický kraj";279;3786;166;3952;NA;85528;445;2020-12-09;15974
2020-12-08;"Košický kraj";226;4105;355;4460;NA;85528;581;2020-12-08;15529
2020-12-07;"Košický kraj";270;2111;103;2214;NA;85528;373;2020-12-07;14948
2020-12-06;"Košický kraj";121;97;20;117;NA;85528;141;2020-12-06;14575
2020-12-05;"Košický kraj";90;1096;48;1144;NA;85528;138;2020-12-05;14434
2020-12-04;"Košický kraj";224;2680;82;2762;NA;85528;306;2020-12-04;14296
2020-12-03;"Košický kraj";211;7717;173;7890;NA;85528;384;2020-12-03;13990
2020-12-02;"Košický kraj";193;8132;496;8628;NA;85528;689;2020-12-02;13606
2020-12-01;"Košický kraj";178;2237;124;2361;NA;85528;302;2020-12-01;12917
2020-11-30;"Košický kraj";171;3754;62;3816;NA;85528;233;2020-11-30;12615
2020-11-29;"Košický kraj";31;287;16;303;NA;85528;47;2020-11-29;12382
2020-11-28;"Košický kraj";69;721;52;773;NA;85528;121;2020-11-28;12335
2020-11-27;"Košický kraj";149;2729;74;2803;NA;85528;223;2020-11-27;12214
2020-11-26;"Košický kraj";239;1090;55;1145;NA;85528;294;2020-11-26;11991
2020-11-25;"Košický kraj";237;1664;122;1786;NA;85528;359;2020-11-25;11697
2020-11-24;"Košický kraj";196;1871;64;1935;NA;85528;260;2020-11-24;11338
2020-11-23;"Košický kraj";51;3737;54;3791;NA;85528;105;2020-11-23;11078
2020-11-22;"Košický kraj";57;28;3;31;NA;85528;60;2020-11-22;10973
2020-11-21;"Košický kraj";87;858;36;894;NA;85528;123;2020-11-21;10913
2020-11-20;"Košický kraj";176;2989;45;3034;NA;85528;221;2020-11-20;10790
2020-11-19;"Košický kraj";206;1648;40;1688;NA;85528;246;2020-11-19;10569
2020-11-18;"Košický kraj";122;443;16;459;NA;85528;138;2020-11-18;10323
2020-11-17;"Košický kraj";152;82;9;91;NA;85528;161;2020-11-17;10185
2020-11-16;"Košický kraj";114;531;24;555;NA;85528;138;2020-11-16;10024
2020-11-15;"Košický kraj";15;338;7;345;NA;85528;22;2020-11-15;9886
2020-11-14;"Košický kraj";234;520;12;532;NA;85528;246;2020-11-14;9864
2020-11-13;"Košický kraj";207;664;29;693;NA;85528;236;2020-11-13;9618
2020-11-12;"Košický kraj";192;736;13;749;NA;85528;205;2020-11-12;9382
2020-11-11;"Košický kraj";301;593;7;600;NA;85528;308;2020-11-11;9177
2020-11-10;"Košický kraj";190;541;11;552;NA;85528;201;2020-11-10;8869
2020-11-09;"Košický kraj";129;380;5;385;NA;85528;134;2020-11-09;8668
2020-11-08;"Košický kraj";78;1298;8;1306;NA;85528;86;2020-11-08;8534
2020-11-07;"Košický kraj";192;3909;22;3931;NA;85528;214;2020-11-07;8448
2020-11-06;"Košický kraj";195;5310;34;5344;NA;85528;229;2020-11-06;8234
2020-11-05;"Košický kraj";342;330;31;361;NA;85528;373;2020-11-05;8005
2020-11-04;"Košický kraj";101;154;6;160;NA;85528;107;2020-11-04;7632
2020-11-03;"Košický kraj";358;1122;13;1135;NA;85528;371;2020-11-03;7525
2020-11-02;"Košický kraj";111;4368;51;4419;NA;85528;162;2020-11-02;7154
2020-11-01;"Košický kraj";346;6522;34;6556;NA;85528;380;2020-11-01;6992
2020-10-31;"Košický kraj";82;13810;105;13915;NA;85528;187;2020-10-31;6612
2020-10-30;"Košický kraj";379;2835;27;2862;NA;85528;406;2020-10-30;6425
2020-10-29;"Košický kraj";333;983;13;996;NA;85528;346;2020-10-29;6019
2020-10-28;"Košický kraj";224;305;13;318;NA;85528;237;2020-10-28;5673
2020-10-27;"Košický kraj";386;439;21;460;NA;85528;407;2020-10-27;5436
2020-10-26;"Košický kraj";56;206;10;216;NA;85528;66;2020-10-26;5029
2020-10-25;"Košický kraj";154;79;2;81;NA;85528;156;2020-10-25;4963
2020-10-24;"Košický kraj";313;113;15;128;NA;85528;328;2020-10-24;4807
2020-10-23;"Košický kraj";315;331;8;339;NA;85528;323;2020-10-23;4479
2020-10-22;"Košický kraj";349;530;16;546;NA;85528;365;2020-10-22;4156
2020-10-21;"Košický kraj";129;84;2;86;NA;85528;131;2020-10-21;3791
2020-10-20;"Košický kraj";181;14;1;15;NA;85528;182;2020-10-20;3660
2020-10-19;"Košický kraj";64;10;0;10;NA;85528;64;2020-10-19;3478
2020-10-18;"Košický kraj";158;0;0;0;NA;85528;158;2020-10-18;3414
2020-10-17;"Košický kraj";142;0;0;0;NA;85528;142;2020-10-17;3256
2020-10-16;"Košický kraj";206;19;0;19;NA;85528;206;2020-10-16;3114
2020-10-15;"Košický kraj";177;19;5;24;NA;85528;182;2020-10-15;2908
2020-10-14;"Košický kraj";211;8;0;8;NA;85528;211;2020-10-14;2726
2020-10-13;"Košický kraj";179;80;3;83;NA;85528;182;2020-10-13;2515
2020-10-12;"Košický kraj";74;0;0;0;NA;85528;74;2020-10-12;2333
2020-10-11;"Košický kraj";121;0;0;0;NA;85528;121;2020-10-11;2259
2020-10-10;"Košický kraj";70;0;0;0;NA;85528;70;2020-10-10;2138
2020-10-09;"Košický kraj";188;0;0;0;NA;85528;188;2020-10-09;2068
2020-10-08;"Košický kraj";102;0;0;0;NA;85528;102;2020-10-08;1880
2020-10-07;"Košický kraj";158;0;0;0;NA;85528;158;2020-10-07;1778
2020-10-06;"Košický kraj";70;0;0;0;NA;85528;70;2020-10-06;1620
2020-10-05;"Košický kraj";39;0;0;0;NA;85528;39;2020-10-05;1550
2020-10-04;"Košický kraj";45;0;0;0;NA;85528;45;2020-10-04;1511
2020-10-03;"Košický kraj";105;0;0;0;NA;85528;105;2020-10-03;1466
2020-10-02;"Košický kraj";57;0;0;0;NA;85528;57;2020-10-02;1361
2020-10-01;"Košický kraj";69;0;0;0;NA;85528;69;2020-10-01;1304
2020-09-30;"Košický kraj";95;0;0;0;NA;85528;95;2020-09-30;1235
2020-09-29;"Košický kraj";75;0;0;0;NA;85528;75;2020-09-29;1140
2020-09-28;"Košický kraj";19;0;0;0;NA;85528;19;2020-09-28;1065
2020-09-27;"Košický kraj";21;0;0;0;NA;85528;21;2020-09-27;1046
2020-09-26;"Košický kraj";53;0;0;0;NA;85528;53;2020-09-26;1025
2020-09-25;"Košický kraj";72;0;0;0;NA;85528;72;2020-09-25;972
2020-09-24;"Košický kraj";35;0;0;0;NA;85528;35;2020-09-24;900
2020-09-23;"Košický kraj";23;0;0;0;NA;85528;23;2020-09-23;865
2020-09-22;"Košický kraj";39;0;0;0;NA;85528;39;2020-09-22;842
2020-09-21;"Košický kraj";5;0;0;0;NA;85528;5;2020-09-21;803
2020-09-20;"Košický kraj";3;0;0;0;NA;85528;3;2020-09-20;798
2020-09-19;"Košický kraj";13;0;0;0;NA;85528;13;2020-09-19;795
2020-09-18;"Košický kraj";20;0;0;0;NA;85528;20;2020-09-18;782
2020-09-17;"Košický kraj";22;0;0;0;NA;85528;22;2020-09-17;762
2020-09-16;"Košický kraj";12;0;0;0;NA;85528;12;2020-09-16;740
2020-09-15;"Košický kraj";10;0;0;0;NA;85528;10;2020-09-15;728
2020-09-14;"Košický kraj";6;0;0;0;NA;85528;6;2020-09-14;718
2020-09-13;"Košický kraj";3;0;0;0;NA;85528;3;2020-09-13;712
2020-09-12;"Košický kraj";16;0;0;0;NA;85528;16;2020-09-12;709
2020-09-11;"Košický kraj";20;0;0;0;NA;85528;20;2020-09-11;693
2020-09-10;"Košický kraj";11;0;0;0;NA;85528;11;2020-09-10;673
2020-09-09;"Košický kraj";37;0;0;0;NA;85528;37;2020-09-09;662
2020-09-08;"Košický kraj";10;0;0;0;NA;85528;10;2020-09-08;625
2020-09-07;"Košický kraj";4;0;0;0;NA;85528;4;2020-09-07;615
2020-09-06;"Košický kraj";2;0;0;0;NA;85528;2;2020-09-06;611
2020-09-05;"Košický kraj";10;0;0;0;NA;85528;10;2020-09-05;609
2020-09-04;"Košický kraj";14;0;0;0;NA;85528;14;2020-09-04;599
2020-09-03;"Košický kraj";22;0;0;0;NA;85528;22;2020-09-03;585
2020-09-02;"Košický kraj";13;0;0;0;NA;85528;13;2020-09-02;563
2020-09-01;"Košický kraj";21;0;0;0;NA;85528;21;2020-09-01;550
2020-08-31;"Košický kraj";9;0;0;0;NA;85528;9;2020-08-31;529
2020-08-30;"Košický kraj";21;0;0;0;NA;85528;21;2020-08-30;520
2020-08-29;"Košický kraj";1;0;0;0;NA;85528;1;2020-08-29;499
2020-08-28;"Košický kraj";19;0;0;0;NA;85528;19;2020-08-28;498
2020-08-27;"Košický kraj";15;0;0;0;NA;85528;15;2020-08-27;479
2020-08-26;"Košický kraj";8;0;0;0;NA;85528;8;2020-08-26;464
2020-08-25;"Košický kraj";23;0;0;0;NA;85528;23;2020-08-25;456
2020-08-24;"Košický kraj";6;0;0;0;NA;85528;6;2020-08-24;433
2020-08-23;"Košický kraj";8;0;0;0;NA;85528;8;2020-08-23;427
2020-08-22;"Košický kraj";13;0;0;0;NA;85528;13;2020-08-22;419
2020-08-21;"Košický kraj";10;0;0;0;NA;85528;10;2020-08-21;406
2020-08-20;"Košický kraj";10;0;0;0;NA;85528;10;2020-08-20;396
2020-08-19;"Košický kraj";3;0;0;0;NA;85528;3;2020-08-19;386
2020-08-18;"Košický kraj";7;0;0;0;NA;85528;7;2020-08-18;383
2020-08-17;"Košický kraj";2;0;0;0;NA;85528;2;2020-08-17;376
2020-08-16;"Košický kraj";2;0;0;0;NA;85528;2;2020-08-16;374
2020-08-15;"Košický kraj";3;0;0;0;NA;85528;3;2020-08-15;372
2020-08-14;"Košický kraj";1;0;0;0;NA;85528;1;2020-08-14;369
2020-08-13;"Košický kraj";3;0;0;0;NA;85528;3;2020-08-13;368
2020-08-12;"Košický kraj";12;0;0;0;NA;85528;12;2020-08-12;365
2020-08-11;"Košický kraj";5;0;0;0;NA;85528;5;2020-08-11;353
2020-08-10;"Košický kraj";1;0;0;0;NA;85528;1;2020-08-10;348
2020-08-08;"Košický kraj";5;0;0;0;NA;85528;5;2020-08-08;347
2020-08-07;"Košický kraj";7;0;0;0;NA;85528;7;2020-08-07;342
2020-08-06;"Košický kraj";3;0;0;0;NA;85528;3;2020-08-06;335
2020-08-05;"Košický kraj";4;0;0;0;NA;85528;4;2020-08-05;332
2020-08-04;"Košický kraj";1;0;0;0;NA;85528;1;2020-08-04;328
2020-08-03;"Košický kraj";1;0;0;0;NA;85528;1;2020-08-03;327
2020-07-30;"Košický kraj";2;0;0;0;NA;85528;2;2020-07-30;326
2020-07-29;"Košický kraj";1;0;0;0;NA;85528;1;2020-07-29;324
2020-07-28;"Košický kraj";9;0;0;0;NA;85528;9;2020-07-28;323
2020-07-27;"Košický kraj";4;0;0;0;NA;85528;4;2020-07-27;314
2020-07-25;"Košický kraj";2;0;0;0;NA;85528;2;2020-07-25;310
2020-07-24;"Košický kraj";2;0;0;0;NA;85528;2;2020-07-24;308
2020-07-23;"Košický kraj";1;0;0;0;NA;85528;1;2020-07-23;306
2020-07-22;"Košický kraj";1;0;0;0;NA;85528;1;2020-07-22;305
2020-07-18;"Košický kraj";1;0;0;0;NA;85528;1;2020-07-18;304
2020-07-17;"Košický kraj";1;0;0;0;NA;85528;1;2020-07-17;303
2020-07-15;"Košický kraj";2;0;0;0;NA;85528;2;2020-07-15;302
2020-07-14;"Košický kraj";1;0;0;0;NA;85528;1;2020-07-14;300
2020-07-13;"Košický kraj";1;0;0;0;NA;85528;1;2020-07-13;299
2020-07-10;"Košický kraj";1;0;0;0;NA;85528;1;2020-07-10;298
2020-07-09;"Košický kraj";1;0;0;0;NA;85528;1;2020-07-09;297
2020-07-08;"Košický kraj";12;0;0;0;NA;85528;12;2020-07-08;296
2020-07-03;"Košický kraj";1;0;0;0;NA;85528;1;2020-07-03;284
2020-07-01;"Košický kraj";1;0;0;0;NA;85528;1;2020-07-01;283
2020-06-25;"Košický kraj";3;0;0;0;NA;85528;3;2020-06-25;282
2020-06-24;"Košický kraj";3;0;0;0;NA;85528;3;2020-06-24;279
2020-06-23;"Košický kraj";3;0;0;0;NA;85528;3;2020-06-23;276
2020-06-18;"Košický kraj";1;0;0;0;NA;85528;1;2020-06-18;273
2020-06-16;"Košický kraj";2;0;0;0;NA;85528;2;2020-06-16;272
2020-06-10;"Košický kraj";6;0;0;0;NA;85528;6;2020-06-10;270
2020-06-07;"Košický kraj";2;0;0;0;NA;85528;2;2020-06-07;264
2020-06-02;"Košický kraj";1;0;0;0;NA;85528;1;2020-06-02;262
2020-05-29;"Košický kraj";1;0;0;0;NA;85528;1;2020-05-29;261
2020-05-26;"Košický kraj";1;0;0;0;NA;85528;1;2020-05-26;260
2020-05-25;"Košický kraj";1;0;0;0;NA;85528;1;2020-05-25;259
2020-05-20;"Košický kraj";3;0;0;0;NA;85528;3;2020-05-20;258
2020-05-17;"Košický kraj";1;0;0;0;NA;85528;1;2020-05-17;255
2020-05-16;"Košický kraj";1;0;0;0;NA;85528;1;2020-05-16;254
2020-05-15;"Košický kraj";10;0;0;0;NA;85528;10;2020-05-15;253
2020-05-14;"Košický kraj";1;0;0;0;NA;85528;1;2020-05-14;243
2020-05-13;"Košický kraj";6;0;0;0;NA;85528;6;2020-05-13;242
2020-05-06;"Košický kraj";1;0;0;0;NA;85528;1;2020-05-06;236
2020-05-02;"Košický kraj";1;0;0;0;NA;85528;1;2020-05-02;235
2020-04-30;"Košický kraj";1;0;0;0;NA;85528;1;2020-04-30;234
2020-04-29;"Košický kraj";1;0;0;0;NA;85528;1;2020-04-29;233
2020-04-28;"Košický kraj";1;0;0;0;NA;85528;1;2020-04-28;232
2020-04-27;"Košický kraj";1;0;0;0;NA;85528;1;2020-04-27;231
2020-04-24;"Košický kraj";3;0;0;0;NA;85528;3;2020-04-24;230
2020-04-23;"Košický kraj";4;0;0;0;NA;85528;4;2020-04-23;227
2020-04-22;"Košický kraj";21;0;0;0;NA;85528;21;2020-04-22;223
2020-04-21;"Košický kraj";4;0;0;0;NA;85528;4;2020-04-21;202
2020-04-19;"Košický kraj";1;0;0;0;NA;85528;1;2020-04-19;198
2020-04-18;"Košický kraj";2;0;0;0;NA;85528;2;2020-04-18;197
2020-04-17;"Košický kraj";7;0;0;0;NA;85528;7;2020-04-17;195
2020-04-16;"Košický kraj";29;0;0;0;NA;85528;29;2020-04-16;188
2020-04-15;"Košický kraj";50;0;0;0;NA;85528;50;2020-04-15;159
2020-04-14;"Košický kraj";4;0;0;0;NA;85528;4;2020-04-14;109
2020-04-13;"Košický kraj";5;0;0;0;NA;85528;5;2020-04-13;105
2020-04-12;"Košický kraj";4;0;0;0;NA;85528;4;2020-04-12;100
2020-04-11;"Košický kraj";2;0;0;0;NA;85528;2;2020-04-11;96
2020-04-10;"Košický kraj";1;0;0;0;NA;85528;1;2020-04-10;94
2020-04-09;"Košický kraj";4;0;0;0;NA;85528;4;2020-04-09;93
2020-04-08;"Košický kraj";5;0;0;0;NA;85528;5;2020-04-08;89
2020-04-07;"Košický kraj";34;0;0;0;NA;85528;34;2020-04-07;84
2020-04-06;"Košický kraj";6;0;0;0;NA;85528;6;2020-04-06;50
2020-04-05;"Košický kraj";4;0;0;0;NA;85528;4;2020-04-05;44
2020-04-04;"Košický kraj";5;0;0;0;NA;85528;5;2020-04-04;40
2020-04-03;"Košický kraj";4;0;0;0;NA;85528;4;2020-04-03;35
2020-04-02;"Košický kraj";3;0;0;0;NA;85528;3;2020-04-02;31
2020-04-01;"Košický kraj";3;0;0;0;NA;85528;3;2020-04-01;28
2020-03-31;"Košický kraj";1;0;0;0;NA;85528;1;2020-03-31;25
2020-03-30;"Košický kraj";5;0;0;0;NA;85528;5;2020-03-30;24
2020-03-28;"Košický kraj";1;0;0;0;NA;85528;1;2020-03-28;19
2020-03-27;"Košický kraj";1;0;0;0;NA;85528;1;2020-03-27;18
2020-03-26;"Košický kraj";3;0;0;0;NA;85528;3;2020-03-26;17
2020-03-25;"Košický kraj";2;0;0;0;NA;85528;2;2020-03-25;14
2020-03-23;"Košický kraj";2;0;0;0;NA;85528;2;2020-03-23;12
2020-03-21;"Košický kraj";3;0;0;0;NA;85528;3;2020-03-21;10
2020-03-20;"Košický kraj";1;0;0;0;NA;85528;1;2020-03-20;7
2020-03-16;"Košický kraj";3;0;0;0;NA;85528;3;2020-03-16;6
2020-03-15;"Košický kraj";1;0;0;0;NA;85528;1;2020-03-15;3
2020-03-13;"Košický kraj";2;0;0;0;NA;85528;2;2020-03-13;2
2020-03-09;"Košický kraj";1;0;0;0;NA;85528;1;2020-03-09;0
2021-03-22;"Nitriansky kraj";101;22689;118;22807;36682;142757;219;2021-03-22;142757
2021-03-22;"Nitriansky kraj";101;22689;118;22807;56838;142757;219;2021-03-22;142538
2021-03-21;"Nitriansky kraj";27;24573;77;24650;NA;142757;104;2021-03-21;142319
2021-03-20;"Nitriansky kraj";36;93580;190;93770;NA;142757;226;2021-03-20;142215
2021-03-19;"Nitriansky kraj";76;35394;95;35489;NA;142757;171;2021-03-19;141989
2021-03-18;"Nitriansky kraj";103;19084;109;19193;NA;142757;212;2021-03-18;141818
2021-03-17;"Nitriansky kraj";87;15410;121;15531;NA;142757;208;2021-03-17;141606
2021-03-16;"Nitriansky kraj";172;18020;121;18141;NA;142757;293;2021-03-16;141398
2021-03-15;"Nitriansky kraj";130;23621;162;23783;NA;142757;292;2021-03-15;141105
2021-03-14;"Nitriansky kraj";3;13797;28;13825;NA;142757;31;2021-03-14;140813
2021-03-13;"Nitriansky kraj";65;111574;238;111812;NA;142757;303;2021-03-13;140782
2021-03-12;"Nitriansky kraj";127;40499;155;40654;NA;142757;282;2021-03-12;140479
2021-03-11;"Nitriansky kraj";131;18879;132;19011;NA;142757;263;2021-03-11;140197
2021-03-10;"Nitriansky kraj";96;17154;145;17299;NA;142757;241;2021-03-10;139934
2021-03-09;"Nitriansky kraj";260;17634;147;17781;NA;142757;407;2021-03-09;139693
2021-03-08;"Nitriansky kraj";145;27401;172;27573;NA;142757;317;2021-03-08;139286
2021-03-07;"Nitriansky kraj";48;37382;136;37518;NA;142757;184;2021-03-07;138969
2021-03-06;"Nitriansky kraj";86;109969;321;110290;NA;142757;407;2021-03-06;138785
2021-03-05;"Nitriansky kraj";133;38819;198;39017;NA;142757;331;2021-03-05;138378
2021-03-04;"Nitriansky kraj";176;17692;172;17864;NA;142757;348;2021-03-04;138047
2021-03-03;"Nitriansky kraj";172;16726;173;16899;NA;142757;345;2021-03-03;137699
2021-03-02;"Nitriansky kraj";274;21325;367;21692;NA;142757;641;2021-03-02;137354
2021-03-01;"Nitriansky kraj";133;27824;280;28104;NA;142757;413;2021-03-01;136713
2021-02-28;"Nitriansky kraj";80;40866;218;41084;NA;142757;298;2021-02-28;136300
2021-02-27;"Nitriansky kraj";101;98476;485;98961;NA;142757;586;2021-02-27;136002
2021-02-26;"Nitriansky kraj";109;36677;310;36987;NA;142757;419;2021-02-26;135416
2021-02-25;"Nitriansky kraj";188;15210;208;15418;NA;142757;396;2021-02-25;134997
2021-02-24;"Nitriansky kraj";125;13844;260;14104;NA;142757;385;2021-02-24;134601
2021-02-23;"Nitriansky kraj";273;15165;271;15436;NA;142757;544;2021-02-23;134216
2021-02-22;"Nitriansky kraj";154;24892;324;25216;NA;142757;478;2021-02-22;133672
2021-02-21;"Nitriansky kraj";22;38123;281;38404;NA;142757;303;2021-02-21;133194
2021-02-20;"Nitriansky kraj";128;108306;584;108890;NA;142757;712;2021-02-20;132891
2021-02-19;"Nitriansky kraj";173;36883;325;37208;NA;142757;498;2021-02-19;132179
2021-02-18;"Nitriansky kraj";202;16938;285;17223;NA;142757;487;2021-02-18;131681
2021-02-17;"Nitriansky kraj";198;11548;290;11838;NA;142757;488;2021-02-17;131194
2021-02-16;"Nitriansky kraj";284;14523;281;14804;NA;142757;565;2021-02-16;130706
2021-02-15;"Nitriansky kraj";122;26177;460;26637;NA;142757;582;2021-02-15;130141
2021-02-14;"Nitriansky kraj";8;34690;198;34888;NA;142757;206;2021-02-14;129559
2021-02-13;"Nitriansky kraj";127;110035;689;110724;NA;142757;816;2021-02-13;129353
2021-02-12;"Nitriansky kraj";162;33407;407;33814;NA;142757;569;2021-02-12;128537
2021-02-11;"Nitriansky kraj";195;12410;270;12680;NA;142757;465;2021-02-11;127968
2021-02-10;"Nitriansky kraj";186;17633;644;18277;NA;142757;830;2021-02-10;127503
2021-02-09;"Nitriansky kraj";260;18485;385;18870;NA;142757;645;2021-02-09;126673
2021-02-08;"Nitriansky kraj";177;39580;592;40172;NA;142757;769;2021-02-08;126028
2021-02-07;"Nitriansky kraj";20;49686;502;50188;NA;142757;522;2021-02-07;125259
2021-02-06;"Nitriansky kraj";129;101903;778;102681;NA;142757;907;2021-02-06;124737
2021-02-05;"Nitriansky kraj";244;32379;613;32992;NA;142757;857;2021-02-05;123830
2021-02-04;"Nitriansky kraj";308;15680;512;16192;NA;142757;820;2021-02-04;122973
2021-02-03;"Nitriansky kraj";191;11493;362;11855;NA;142757;553;2021-02-03;122153
2021-02-02;"Nitriansky kraj";327;17769;371;18140;NA;142757;698;2021-02-02;121600
2021-02-01;"Nitriansky kraj";221;24048;459;24507;NA;142757;680;2021-02-01;120902
2021-01-31;"Nitriansky kraj";9;22797;242;23039;NA;142757;251;2021-01-31;120222
2021-01-30;"Nitriansky kraj";152;90558;935;91493;NA;142757;1087;2021-01-30;119971
2021-01-29;"Nitriansky kraj";302;23753;486;24239;NA;142757;788;2021-01-29;118884
2021-01-28;"Nitriansky kraj";269;11437;398;11835;NA;142757;667;2021-01-28;118096
2021-01-27;"Nitriansky kraj";235;6759;299;7058;NA;142757;534;2021-01-27;117429
2021-01-26;"Nitriansky kraj";345;16041;454;16495;NA;142757;799;2021-01-26;116895
2021-01-25;"Nitriansky kraj";201;21739;431;22170;NA;142757;632;2021-01-25;116096
2021-01-24;"Nitriansky kraj";12;64769;642;65411;NA;142757;654;2021-01-24;115464
2021-01-23;"Nitriansky kraj";277;96698;1433;98131;NA;142757;1710;2021-01-23;114810
2021-01-22;"Nitriansky kraj";139;35406;614;36020;NA;142757;753;2021-01-22;113100
2021-01-21;"Nitriansky kraj";305;14646;412;15058;NA;142757;717;2021-01-21;112347
2021-01-20;"Nitriansky kraj";326;12185;638;12823;NA;142757;964;2021-01-20;111630
2021-01-19;"Nitriansky kraj";344;11016;633;11649;NA;142757;977;2021-01-19;110666
2021-01-18;"Nitriansky kraj";367;8672;511;9183;NA;142757;878;2021-01-18;109689
2021-01-17;"Nitriansky kraj";97;15061;275;15336;NA;142757;372;2021-01-17;108811
2021-01-16;"Nitriansky kraj";64;36174;646;36820;NA;142757;710;2021-01-16;108439
2021-01-15;"Nitriansky kraj";373;15942;474;16416;NA;142757;847;2021-01-15;107729
2021-01-14;"Nitriansky kraj";627;10578;452;11030;NA;142757;1079;2021-01-14;106882
2021-01-13;"Nitriansky kraj";663;9234;484;9718;NA;142757;1147;2021-01-13;105803
2021-01-12;"Nitriansky kraj";642;9014;557;9571;NA;142757;1199;2021-01-12;104656
2021-01-11;"Nitriansky kraj";422;8624;556;9180;NA;142757;978;2021-01-11;103457
2021-01-10;"Nitriansky kraj";44;19841;730;20571;NA;142757;774;2021-01-10;102479
2021-01-09;"Nitriansky kraj";532;36823;1071;37894;NA;142757;1603;2021-01-09;101705
2021-01-08;"Nitriansky kraj";817;14293;711;15004;NA;142757;1528;2021-01-08;100102
2021-01-07;"Nitriansky kraj";438;10820;823;11643;NA;142757;1261;2021-01-07;98574
2021-01-06;"Nitriansky kraj";259;3192;197;3389;NA;142757;456;2021-01-06;97313
2021-01-05;"Nitriansky kraj";732;8901;1202;10103;NA;142757;1934;2021-01-05;96857
2021-01-04;"Nitriansky kraj";362;8692;1329;10021;NA;142757;1691;2021-01-04;94923
2021-01-03;"Nitriansky kraj";42;84;20;104;NA;142757;62;2021-01-03;93232
2021-01-02;"Nitriansky kraj";249;1090;26;1116;NA;142757;275;2021-01-02;93170
2021-01-01;"Nitriansky kraj";119;671;94;765;NA;142757;213;2021-01-01;92895
2020-12-31;"Nitriansky kraj";786;7646;962;8608;NA;142757;1748;2020-12-31;92682
2020-12-30;"Nitriansky kraj";1094;9619;1165;10784;NA;142757;2259;2020-12-30;90934
2020-12-29;"Nitriansky kraj";607;8277;1286;9563;NA;142757;1893;2020-12-29;88675
2020-12-28;"Nitriansky kraj";83;6981;1271;8252;NA;142757;1354;2020-12-28;86782
2020-12-27;"Nitriansky kraj";22;36;2;38;NA;142757;24;2020-12-27;85428
2020-12-26;"Nitriansky kraj";54;297;56;353;NA;142757;110;2020-12-26;85404
2020-12-25;"Nitriansky kraj";35;47;5;52;NA;142757;40;2020-12-25;85294
2020-12-24;"Nitriansky kraj";514;1861;176;2037;NA;142757;690;2020-12-24;85254
2020-12-23;"Nitriansky kraj";349;15295;843;16138;NA;142757;1192;2020-12-23;84564
2020-12-22;"Nitriansky kraj";673;10987;994;11981;NA;142757;1667;2020-12-22;83372
2020-12-21;"Nitriansky kraj";128;7953;976;8929;NA;142757;1104;2020-12-21;81705
2020-12-20;"Nitriansky kraj";77;50;10;60;NA;142757;87;2020-12-20;80601
2020-12-19;"Nitriansky kraj";262;2259;159;2418;NA;142757;421;2020-12-19;80514
2020-12-18;"Nitriansky kraj";512;8437;551;8988;NA;142757;1063;2020-12-18;80093
2020-12-17;"Nitriansky kraj";586;6894;514;7408;NA;142757;1100;2020-12-17;79030
2020-12-16;"Nitriansky kraj";357;8785;546;9331;NA;142757;903;2020-12-16;77930
2020-12-15;"Nitriansky kraj";461;9365;769;10134;NA;142757;1230;2020-12-15;77027
2020-12-14;"Nitriansky kraj";217;8089;827;8916;NA;142757;1044;2020-12-14;75797
2020-12-13;"Nitriansky kraj";12;9;1;10;NA;142757;13;2020-12-13;74753
2020-12-12;"Nitriansky kraj";341;1832;125;1957;NA;142757;466;2020-12-12;74740
2020-12-11;"Nitriansky kraj";409;6193;465;6658;NA;142757;874;2020-12-11;74274
2020-12-10;"Nitriansky kraj";360;5030;326;5356;NA;142757;686;2020-12-10;73400
2020-12-09;"Nitriansky kraj";362;5726;542;6268;NA;142757;904;2020-12-09;72714
2020-12-08;"Nitriansky kraj";340;8766;611;9377;NA;142757;951;2020-12-08;71810
2020-12-07;"Nitriansky kraj";139;6243;573;6816;NA;142757;712;2020-12-07;70859
2020-12-06;"Nitriansky kraj";15;89;4;93;NA;142757;19;2020-12-06;70147
2020-12-05;"Nitriansky kraj";136;618;14;632;NA;142757;150;2020-12-05;70128
2020-12-04;"Nitriansky kraj";232;3047;86;3133;NA;142757;318;2020-12-04;69978
2020-12-03;"Nitriansky kraj";248;2599;127;2726;NA;142757;375;2020-12-03;69660
2020-12-02;"Nitriansky kraj";252;3733;163;3896;NA;142757;415;2020-12-02;69285
2020-12-01;"Nitriansky kraj";331;2941;133;3074;NA;142757;464;2020-12-01;68870
2020-11-30;"Nitriansky kraj";91;4836;207;5043;NA;142757;298;2020-11-30;68406
2020-11-29;"Nitriansky kraj";3;620;42;662;NA;142757;45;2020-11-29;68108
2020-11-28;"Nitriansky kraj";135;892;31;923;NA;142757;166;2020-11-28;68063
2020-11-27;"Nitriansky kraj";177;1229;43;1272;NA;142757;220;2020-11-27;67897
2020-11-26;"Nitriansky kraj";191;2262;57;2319;NA;142757;248;2020-11-26;67677
2020-11-25;"Nitriansky kraj";325;1993;66;2059;NA;142757;391;2020-11-25;67429
2020-11-24;"Nitriansky kraj";147;1141;50;1191;NA;142757;197;2020-11-24;67038
2020-11-23;"Nitriansky kraj";102;9562;206;9768;NA;142757;308;2020-11-23;66841
2020-11-22;"Nitriansky kraj";7;0;0;0;NA;142757;7;2020-11-22;66533
2020-11-21;"Nitriansky kraj";86;1083;38;1121;NA;142757;124;2020-11-21;66526
2020-11-20;"Nitriansky kraj";264;4020;101;4121;NA;142757;365;2020-11-20;66402
2020-11-19;"Nitriansky kraj";185;2953;133;3086;NA;142757;318;2020-11-19;66037
2020-11-18;"Nitriansky kraj";188;2109;77;2186;NA;142757;265;2020-11-18;65719
2020-11-17;"Nitriansky kraj";178;596;29;625;NA;142757;207;2020-11-17;65454
2020-11-16;"Nitriansky kraj";139;1836;75;1911;NA;142757;214;2020-11-16;65247
2020-11-15;"Nitriansky kraj";14;10;1;11;NA;142757;15;2020-11-15;65033
2020-11-14;"Nitriansky kraj";114;1131;32;1163;NA;142757;146;2020-11-14;65018
2020-11-13;"Nitriansky kraj";210;936;46;982;NA;142757;256;2020-11-13;64872
2020-11-12;"Nitriansky kraj";256;1195;35;1230;NA;142757;291;2020-11-12;64616
2020-11-11;"Nitriansky kraj";279;1247;22;1269;NA;142757;301;2020-11-11;64325
2020-11-10;"Nitriansky kraj";192;2623;39;2662;NA;142757;231;2020-11-10;64024
2020-11-09;"Nitriansky kraj";128;3136;43;3179;NA;142757;171;2020-11-09;63793
2020-11-08;"Nitriansky kraj";43;1462;32;1494;NA;142757;75;2020-11-08;63622
2020-11-07;"Nitriansky kraj";130;1046;4;1050;NA;142757;134;2020-11-07;63547
2020-11-06;"Nitriansky kraj";210;2264;32;2296;NA;142757;242;2020-11-06;63413
2020-11-05;"Nitriansky kraj";178;295;12;307;NA;142757;190;2020-11-05;63171
2020-11-04;"Nitriansky kraj";211;297;16;313;NA;142757;227;2020-11-04;62981
2020-11-03;"Nitriansky kraj";216;435;25;460;NA;142757;241;2020-11-03;62754
2020-11-02;"Nitriansky kraj";171;4208;46;4254;NA;142757;217;2020-11-02;62513
2020-11-01;"Nitriansky kraj";130;2546;27;2573;NA;142757;157;2020-11-01;62296
2020-10-31;"Nitriansky kraj";261;10402;134;10536;NA;142757;395;2020-10-31;62139
2020-10-30;"Nitriansky kraj";204;2380;21;2401;NA;142757;225;2020-10-30;61744
2020-10-29;"Nitriansky kraj";293;841;39;880;NA;142757;332;2020-10-29;61519
2020-10-28;"Nitriansky kraj";216;608;59;667;NA;142757;275;2020-10-28;61187
2020-10-27;"Nitriansky kraj";296;550;47;597;NA;142757;343;2020-10-27;60912
2020-10-26;"Nitriansky kraj";69;633;56;689;NA;142757;125;2020-10-26;60569
2020-10-25;"Nitriansky kraj";50;40;6;46;NA;142757;56;2020-10-25;60444
2020-10-24;"Nitriansky kraj";169;237;11;248;NA;142757;180;2020-10-24;60388
2020-10-23;"Nitriansky kraj";282;762;41;803;NA;142757;323;2020-10-23;60208
2020-10-22;"Nitriansky kraj";137;444;39;483;NA;142757;176;2020-10-22;59885
2020-10-21;"Nitriansky kraj";146;208;3;211;NA;142757;149;2020-10-21;59709
2020-10-20;"Nitriansky kraj";197;78;6;84;NA;142757;203;2020-10-20;59560
2020-10-19;"Nitriansky kraj";148;79;1;80;NA;142757;149;2020-10-19;59357
2020-10-18;"Nitriansky kraj";22;0;0;0;NA;142757;22;2020-10-18;59208
2020-10-17;"Nitriansky kraj";67;0;0;0;NA;142757;67;2020-10-17;59186
2020-10-16;"Nitriansky kraj";133;28;3;31;NA;142757;136;2020-10-16;59119
2020-10-15;"Nitriansky kraj";106;31;2;33;NA;142757;108;2020-10-15;58983
2020-10-14;"Nitriansky kraj";80;22;4;26;NA;142757;84;2020-10-14;58875
2020-10-13;"Nitriansky kraj";101;82;2;84;NA;142757;103;2020-10-13;58791
2020-10-12;"Nitriansky kraj";36;0;0;0;NA;142757;36;2020-10-12;58688
2020-10-11;"Nitriansky kraj";8;0;0;0;NA;142757;8;2020-10-11;58652
2020-10-10;"Nitriansky kraj";107;0;0;0;NA;142757;107;2020-10-10;58644
2020-10-09;"Nitriansky kraj";120;0;0;0;NA;142757;120;2020-10-09;58537
2020-10-08;"Nitriansky kraj";132;0;0;0;NA;142757;132;2020-10-08;58417
2020-10-07;"Nitriansky kraj";81;0;0;0;NA;142757;81;2020-10-07;58285
2020-10-06;"Nitriansky kraj";48;0;0;0;NA;142757;48;2020-10-06;58204
2020-10-05;"Nitriansky kraj";20;0;0;0;NA;142757;20;2020-10-05;58156
2020-10-04;"Nitriansky kraj";17;0;0;0;NA;142757;17;2020-10-04;58136
2020-10-03;"Nitriansky kraj";96;0;0;0;NA;142757;96;2020-10-03;58119
2020-10-02;"Nitriansky kraj";108;0;0;0;NA;142757;108;2020-10-02;58023
2020-10-01;"Nitriansky kraj";95;0;0;0;NA;142757;95;2020-10-01;57915
2020-09-30;"Nitriansky kraj";100;0;0;0;NA;142757;100;2020-09-30;57820
2020-09-29;"Nitriansky kraj";50;0;0;0;NA;142757;50;2020-09-29;57720
2020-09-28;"Nitriansky kraj";22;0;0;0;NA;142757;22;2020-09-28;57670
2020-09-27;"Nitriansky kraj";16;0;0;0;NA;142757;16;2020-09-27;57648
2020-09-26;"Nitriansky kraj";64;0;0;0;NA;142757;64;2020-09-26;57632
2020-09-25;"Nitriansky kraj";90;0;0;0;NA;142757;90;2020-09-25;57568
2020-09-24;"Nitriansky kraj";51;0;0;0;NA;142757;51;2020-09-24;57478
2020-09-23;"Nitriansky kraj";70;0;0;0;NA;142757;70;2020-09-23;57427
2020-09-22;"Nitriansky kraj";18;0;0;0;NA;142757;18;2020-09-22;57357
2020-09-21;"Nitriansky kraj";10;0;0;0;NA;142757;10;2020-09-21;57339
2020-09-20;"Nitriansky kraj";4;0;0;0;NA;142757;4;2020-09-20;57329
2020-09-19;"Nitriansky kraj";14;0;0;0;NA;142757;14;2020-09-19;57325
2020-09-18;"Nitriansky kraj";19;0;0;0;NA;142757;19;2020-09-18;57311
2020-09-17;"Nitriansky kraj";30;0;0;0;NA;142757;30;2020-09-17;57292
2020-09-16;"Nitriansky kraj";6;0;0;0;NA;142757;6;2020-09-16;57262
2020-09-15;"Nitriansky kraj";19;0;0;0;NA;142757;19;2020-09-15;57256
2020-09-14;"Nitriansky kraj";28;0;0;0;NA;142757;28;2020-09-14;57237
2020-09-13;"Nitriansky kraj";3;0;0;0;NA;142757;3;2020-09-13;57209
2020-09-12;"Nitriansky kraj";12;0;0;0;NA;142757;12;2020-09-12;57206
2020-09-11;"Nitriansky kraj";23;0;0;0;NA;142757;23;2020-09-11;57194
2020-09-10;"Nitriansky kraj";29;0;0;0;NA;142757;29;2020-09-10;57171
2020-09-09;"Nitriansky kraj";19;0;0;0;NA;142757;19;2020-09-09;57142
2020-09-08;"Nitriansky kraj";17;0;0;0;NA;142757;17;2020-09-08;57123
2020-09-07;"Nitriansky kraj";17;0;0;0;NA;142757;17;2020-09-07;57106
2020-09-05;"Nitriansky kraj";22;0;0;0;NA;142757;22;2020-09-05;57089
2020-09-04;"Nitriansky kraj";34;0;0;0;NA;142757;34;2020-09-04;57067
2020-09-03;"Nitriansky kraj";15;0;0;0;NA;142757;15;2020-09-03;57033
2020-09-02;"Nitriansky kraj";15;0;0;0;NA;142757;15;2020-09-02;57018
2020-09-01;"Nitriansky kraj";2;0;0;0;NA;142757;2;2020-09-01;57003
2020-08-31;"Nitriansky kraj";12;0;0;0;NA;142757;12;2020-08-31;57001
2020-08-30;"Nitriansky kraj";1;0;0;0;NA;142757;1;2020-08-30;56989
2020-08-29;"Nitriansky kraj";7;0;0;0;NA;142757;7;2020-08-29;56988
2020-08-28;"Nitriansky kraj";12;0;0;0;NA;142757;12;2020-08-28;56981
2020-08-27;"Nitriansky kraj";12;0;0;0;NA;142757;12;2020-08-27;56969
2020-08-26;"Nitriansky kraj";4;0;0;0;NA;142757;4;2020-08-26;56957
2020-08-25;"Nitriansky kraj";8;0;0;0;NA;142757;8;2020-08-25;56953
2020-08-24;"Nitriansky kraj";1;0;0;0;NA;142757;1;2020-08-24;56945
2020-08-23;"Nitriansky kraj";1;0;0;0;NA;142757;1;2020-08-23;56944
2020-08-22;"Nitriansky kraj";2;0;0;0;NA;142757;2;2020-08-22;56943
2020-08-20;"Nitriansky kraj";7;0;0;0;NA;142757;7;2020-08-20;56941
2020-08-19;"Nitriansky kraj";1;0;0;0;NA;142757;1;2020-08-19;56934
2020-08-18;"Nitriansky kraj";2;0;0;0;NA;142757;2;2020-08-18;56933
2020-08-17;"Nitriansky kraj";1;0;0;0;NA;142757;1;2020-08-17;56931
2020-08-15;"Nitriansky kraj";2;0;0;0;NA;142757;2;2020-08-15;56930
2020-08-14;"Nitriansky kraj";1;0;0;0;NA;142757;1;2020-08-14;56928
2020-08-13;"Nitriansky kraj";4;0;0;0;NA;142757;4;2020-08-13;56927
2020-08-11;"Nitriansky kraj";1;0;0;0;NA;142757;1;2020-08-11;56923
2020-08-07;"Nitriansky kraj";4;0;0;0;NA;142757;4;2020-08-07;56922
2020-08-06;"Nitriansky kraj";4;0;0;0;NA;142757;4;2020-08-06;56918
2020-08-04;"Nitriansky kraj";7;0;0;0;NA;142757;7;2020-08-04;56914
2020-07-24;"Nitriansky kraj";1;0;0;0;NA;142757;1;2020-07-24;56907
2020-07-23;"Nitriansky kraj";3;0;0;0;NA;142757;3;2020-07-23;56906
2020-07-22;"Nitriansky kraj";2;0;0;0;NA;142757;2;2020-07-22;56903
2020-07-21;"Nitriansky kraj";14;0;0;0;NA;142757;14;2020-07-21;56901
2020-07-20;"Nitriansky kraj";11;0;0;0;NA;142757;11;2020-07-20;56887
2020-07-16;"Nitriansky kraj";4;0;0;0;NA;142757;4;2020-07-16;56876
2020-07-15;"Nitriansky kraj";5;0;0;0;NA;142757;5;2020-07-15;56872
2020-07-09;"Nitriansky kraj";1;0;0;0;NA;142757;1;2020-07-09;56867
2020-07-08;"Nitriansky kraj";2;0;0;0;NA;142757;2;2020-07-08;56866
2020-07-01;"Nitriansky kraj";3;0;0;0;NA;142757;3;2020-07-01;56864
2020-06-24;"Nitriansky kraj";1;0;0;0;NA;142757;1;2020-06-24;56861
2020-06-10;"Nitriansky kraj";1;0;0;0;NA;142757;1;2020-06-10;56860
2020-06-09;"Nitriansky kraj";1;0;0;0;NA;142757;1;2020-06-09;56859
2020-06-02;"Nitriansky kraj";1;0;0;0;NA;142757;1;2020-06-02;56858
2020-05-24;"Nitriansky kraj";2;0;0;0;NA;142757;2;2020-05-24;56857
2020-05-22;"Nitriansky kraj";1;0;0;0;NA;142757;1;2020-05-22;56855
2020-05-15;"Nitriansky kraj";1;0;0;0;NA;142757;1;2020-05-15;56854
2020-05-11;"Nitriansky kraj";2;0;0;0;NA;142757;2;2020-05-11;56853
2020-05-07;"Nitriansky kraj";1;0;0;0;NA;142757;1;2020-05-07;56851
2020-05-06;"Nitriansky kraj";9;0;0;0;NA;142757;9;2020-05-06;56850
2020-05-04;"Nitriansky kraj";5;0;0;0;NA;142757;5;2020-05-04;56841
2020-05-03;"Nitriansky kraj";2;0;0;0;NA;142757;2;2020-05-03;56836
2020-05-01;"Nitriansky kraj";1;0;0;0;NA;142757;1;2020-05-01;56834
2020-04-28;"Nitriansky kraj";1;0;0;0;NA;142757;1;2020-04-28;56833
2020-04-23;"Nitriansky kraj";3;0;0;0;NA;142757;3;2020-04-23;56832
2020-04-22;"Nitriansky kraj";16;0;0;0;NA;142757;16;2020-04-22;56829
2020-04-21;"Nitriansky kraj";6;0;0;0;NA;142757;6;2020-04-21;56813
2020-04-20;"Nitriansky kraj";5;0;0;0;NA;142757;5;2020-04-20;56807
2020-04-17;"Nitriansky kraj";7;0;0;0;NA;142757;7;2020-04-17;56802
2020-04-15;"Nitriansky kraj";6;0;0;0;NA;142757;6;2020-04-15;56795
2020-04-14;"Nitriansky kraj";2;0;0;0;NA;142757;2;2020-04-14;56789
2020-04-13;"Nitriansky kraj";1;0;0;0;NA;142757;1;2020-04-13;56787
2020-04-12;"Nitriansky kraj";3;0;0;0;NA;142757;3;2020-04-12;56786
2020-04-11;"Nitriansky kraj";1;0;0;0;NA;142757;1;2020-04-11;56783
2020-04-10;"Nitriansky kraj";1;0;0;0;NA;142757;1;2020-04-10;56782
2020-04-08;"Nitriansky kraj";2;0;0;0;NA;142757;2;2020-04-08;56781
2020-04-07;"Nitriansky kraj";3;0;0;0;NA;142757;3;2020-04-07;56779
2020-04-06;"Nitriansky kraj";4;0;0;0;NA;142757;4;2020-04-06;56776
2020-04-05;"Nitriansky kraj";5;0;0;0;NA;142757;5;2020-04-05;56772
2020-04-02;"Nitriansky kraj";1;0;0;0;NA;142757;1;2020-04-02;56767
2020-03-31;"Nitriansky kraj";3;0;0;0;NA;142757;3;2020-03-31;56766
2020-03-30;"Nitriansky kraj";3;0;0;0;NA;142757;3;2020-03-30;56763
2020-03-29;"Nitriansky kraj";3;0;0;0;NA;142757;3;2020-03-29;56760
2020-03-28;"Nitriansky kraj";1;0;0;0;NA;142757;1;2020-03-28;56757
2020-03-27;"Nitriansky kraj";1;0;0;0;NA;142757;1;2020-03-27;56756
2020-03-26;"Nitriansky kraj";1;0;0;0;NA;142757;1;2020-03-26;56755
2020-03-25;"Nitriansky kraj";1;0;0;0;NA;142757;1;2020-03-25;56754
2020-03-23;"Nitriansky kraj";2;0;0;0;NA;142757;2;2020-03-23;56753
2020-03-22;"Nitriansky kraj";2;0;0;0;NA;142757;2;2020-03-22;56751
2020-03-21;"Nitriansky kraj";2;0;0;0;NA;142757;2;2020-03-21;56749
2020-03-20;"Nitriansky kraj";1;0;0;0;NA;142757;1;2020-03-20;56747
2020-03-19;"Nitriansky kraj";1;0;0;0;NA;142757;1;2020-03-19;56746
2020-03-18;"Nitriansky kraj";2;0;0;0;NA;142757;2;2020-03-18;56745
2020-03-17;"Nitriansky kraj";1;0;0;0;NA;142757;1;2020-03-17;56743
2020-03-15;"Nitriansky kraj";4;0;0;0;NA;142757;4;2020-03-15;56742
2020-03-14;"Nitriansky kraj";1;0;0;0;NA;142757;1;2020-03-14;56738
2021-03-22;"Prešovský kraj";299;26770;273;27043;52007;95683;572;2021-03-22;95683
2021-03-21;"Prešovský kraj";32;38004;258;38262;NA;95683;290;2021-03-21;95111
2021-03-20;"Prešovský kraj";180;83453;395;83848;NA;95683;575;2021-03-20;94821
2021-03-19;"Prešovský kraj";373;45826;317;46143;NA;95683;690;2021-03-19;94246
2021-03-18;"Prešovský kraj";251;21641;217;21858;NA;95683;468;2021-03-18;93556
2021-03-17;"Prešovský kraj";331;21007;230;21237;NA;95683;561;2021-03-17;93088
2021-03-16;"Prešovský kraj";461;20945;281;21226;NA;95683;742;2021-03-16;92527
2021-03-15;"Prešovský kraj";370;28353;316;28669;NA;95683;686;2021-03-15;91785
2021-03-14;"Prešovský kraj";52;38690;295;38985;NA;95683;347;2021-03-14;91099
2021-03-13;"Prešovský kraj";200;89467;520;89987;NA;95683;720;2021-03-13;90752
2021-03-12;"Prešovský kraj";425;46873;367;47240;NA;95683;792;2021-03-12;90032
2021-03-11;"Prešovský kraj";463;21754;253;22007;NA;95683;716;2021-03-11;89240
2021-03-10;"Prešovský kraj";325;20668;293;20961;NA;95683;618;2021-03-10;88524
2021-03-09;"Prešovský kraj";505;21627;290;21917;NA;95683;795;2021-03-09;87906
2021-03-08;"Prešovský kraj";314;28262;330;28592;NA;95683;644;2021-03-08;87111
2021-03-07;"Prešovský kraj";19;21803;191;21994;NA;95683;210;2021-03-07;86467
2021-03-06;"Prešovský kraj";193;95172;589;95761;NA;95683;782;2021-03-06;86257
2021-03-05;"Prešovský kraj";497;44635;375;45010;NA;95683;872;2021-03-05;85475
2021-03-04;"Prešovský kraj";372;22246;357;22603;NA;95683;729;2021-03-04;84603
2021-03-03;"Prešovský kraj";397;21098;326;21424;NA;95683;723;2021-03-03;83874
2021-03-02;"Prešovský kraj";421;22315;355;22670;NA;95683;776;2021-03-02;83151
2021-03-01;"Prešovský kraj";303;27390;406;27796;NA;95683;709;2021-03-01;82375
2021-02-28;"Prešovský kraj";75;35933;283;36216;NA;95683;358;2021-02-28;81666
2021-02-27;"Prešovský kraj";273;88154;721;88875;NA;95683;994;2021-02-27;81308
2021-02-26;"Prešovský kraj";455;41019;440;41459;NA;95683;895;2021-02-26;80314
2021-02-25;"Prešovský kraj";270;19175;333;19508;NA;95683;603;2021-02-25;79419
2021-02-24;"Prešovský kraj";328;18587;372;18959;NA;95683;700;2021-02-24;78816
2021-02-23;"Prešovský kraj";430;20754;338;21092;NA;95683;768;2021-02-23;78116
2021-02-22;"Prešovský kraj";351;26769;351;27120;NA;95683;702;2021-02-22;77348
2021-02-21;"Prešovský kraj";66;29477;273;29750;NA;95683;339;2021-02-21;76646
2021-02-20;"Prešovský kraj";129;59331;431;59762;NA;95683;560;2021-02-20;76307
2021-02-19;"Prešovský kraj";381;37652;413;38065;NA;95683;794;2021-02-19;75747
2021-02-18;"Prešovský kraj";268;16619;310;16929;NA;95683;578;2021-02-18;74953
2021-02-17;"Prešovský kraj";293;17293;241;17534;NA;95683;534;2021-02-17;74375
2021-02-16;"Prešovský kraj";422;18356;258;18614;NA;95683;680;2021-02-16;73841
2021-02-15;"Prešovský kraj";211;30447;297;30744;NA;95683;508;2021-02-15;73161
2021-02-14;"Prešovský kraj";27;32234;273;32507;NA;95683;300;2021-02-14;72653
2021-02-13;"Prešovský kraj";157;73367;389;73756;NA;95683;546;2021-02-13;72353
2021-02-12;"Prešovský kraj";308;38690;361;39051;NA;95683;669;2021-02-12;71807
2021-02-11;"Prešovský kraj";218;15089;221;15310;NA;95683;439;2021-02-11;71138
2021-02-10;"Prešovský kraj";220;18264;280;18544;NA;95683;500;2021-02-10;70699
2021-02-09;"Prešovský kraj";323;21462;377;21839;NA;95683;700;2021-02-09;70199
2021-02-08;"Prešovský kraj";161;36633;255;36888;NA;95683;416;2021-02-08;69499
2021-02-07;"Prešovský kraj";21;24174;157;24331;NA;95683;178;2021-02-07;69083
2021-02-06;"Prešovský kraj";176;68507;355;68862;NA;95683;531;2021-02-06;68905
2021-02-05;"Prešovský kraj";177;30113;253;30366;NA;95683;430;2021-02-05;68374
2021-02-04;"Prešovský kraj";176;12692;231;12923;NA;95683;407;2021-02-04;67944
2021-02-03;"Prešovský kraj";251;8098;231;8329;NA;95683;482;2021-02-03;67537
2021-02-02;"Prešovský kraj";249;11885;283;12168;NA;95683;532;2021-02-02;67055
2021-02-01;"Prešovský kraj";220;15735;300;16035;NA;95683;520;2021-02-01;66523
2021-01-31;"Prešovský kraj";42;1623;38;1661;NA;95683;80;2021-01-31;66003
2021-01-30;"Prešovský kraj";142;23939;215;24154;NA;95683;357;2021-01-30;65923
2021-01-29;"Prešovský kraj";185;17924;326;18250;NA;95683;511;2021-01-29;65566
2021-01-28;"Prešovský kraj";311;8536;157;8693;NA;95683;468;2021-01-28;65055
2021-01-27;"Prešovský kraj";153;9742;144;9886;NA;95683;297;2021-01-27;64587
2021-01-26;"Prešovský kraj";252;16648;151;16799;NA;95683;403;2021-01-26;64290
2021-01-25;"Prešovský kraj";196;28381;248;28629;NA;95683;444;2021-01-25;63887
2021-01-24;"Prešovský kraj";12;52610;386;52996;NA;95683;398;2021-01-24;63443
2021-01-23;"Prešovský kraj";189;89996;436;90432;NA;95683;625;2021-01-23;63045
2021-01-22;"Prešovský kraj";187;34883;260;35143;NA;95683;447;2021-01-22;62420
2021-01-21;"Prešovský kraj";187;20017;209;20226;NA;95683;396;2021-01-21;61973
2021-01-20;"Prešovský kraj";253;14480;195;14675;NA;95683;448;2021-01-20;61577
2021-01-19;"Prešovský kraj";281;12347;305;12652;NA;95683;586;2021-01-19;61129
2021-01-18;"Prešovský kraj";203;10422;336;10758;NA;95683;539;2021-01-18;60543
2021-01-17;"Prešovský kraj";107;14391;1008;15399;NA;95683;1115;2021-01-17;60004
2021-01-16;"Prešovský kraj";72;1583;76;1659;NA;95683;148;2021-01-16;58889
2021-01-15;"Prešovský kraj";159;6664;232;6896;NA;95683;391;2021-01-15;58741
2021-01-14;"Prešovský kraj";268;5530;252;5782;NA;95683;520;2021-01-14;58350
2021-01-13;"Prešovský kraj";342;5547;218;5765;NA;95683;560;2021-01-13;57830
2021-01-12;"Prešovský kraj";455;8489;409;8898;NA;95683;864;2021-01-12;57270
2021-01-11;"Prešovský kraj";343;8355;479;8834;NA;95683;822;2021-01-11;56406
2021-01-10;"Prešovský kraj";63;476;23;499;NA;95683;86;2021-01-10;55584
2021-01-09;"Prešovský kraj";439;2248;125;2373;NA;95683;564;2021-01-09;55498
2021-01-08;"Prešovský kraj";430;10866;572;11438;NA;95683;1002;2021-01-08;54934
2021-01-07;"Prešovský kraj";268;7688;639;8327;NA;95683;907;2021-01-07;53932
2021-01-06;"Prešovský kraj";315;1484;134;1618;NA;95683;449;2021-01-06;53025
2021-01-05;"Prešovský kraj";655;11591;1003;12594;NA;95683;1658;2021-01-05;52576
2021-01-04;"Prešovský kraj";371;17185;1812;18997;NA;95683;2183;2021-01-04;50918
2021-01-03;"Prešovský kraj";89;257;37;294;NA;95683;126;2021-01-03;48735
2021-01-02;"Prešovský kraj";65;1559;160;1719;NA;95683;225;2021-01-02;48609
2021-01-01;"Prešovský kraj";174;914;70;984;NA;95683;244;2021-01-01;48384
2020-12-31;"Prešovský kraj";640;11959;783;12742;NA;95683;1423;2020-12-31;48140
2020-12-30;"Prešovský kraj";729;9065;802;9867;NA;95683;1531;2020-12-30;46717
2020-12-29;"Prešovský kraj";435;8781;904;9685;NA;95683;1339;2020-12-29;45186
2020-12-28;"Prešovský kraj";393;9046;1080;10126;NA;95683;1473;2020-12-28;43847
2020-12-27;"Prešovský kraj";40;571;39;610;NA;95683;79;2020-12-27;42374
2020-12-26;"Prešovský kraj";64;176;12;188;NA;95683;76;2020-12-26;42295
2020-12-25;"Prešovský kraj";208;273;13;286;NA;95683;221;2020-12-25;42219
2020-12-24;"Prešovský kraj";452;1214;85;1299;NA;95683;537;2020-12-24;41998
2020-12-23;"Prešovský kraj";361;11369;635;12004;NA;95683;996;2020-12-23;41461
2020-12-22;"Prešovský kraj";439;9375;711;10086;NA;95683;1150;2020-12-22;40465
2020-12-21;"Prešovský kraj";432;9919;880;10799;NA;95683;1312;2020-12-21;39315
2020-12-20;"Prešovský kraj";184;396;20;416;NA;95683;204;2020-12-20;38003
2020-12-19;"Prešovský kraj";276;1658;151;1809;NA;95683;427;2020-12-19;37799
2020-12-18;"Prešovský kraj";396;8936;602;9538;NA;95683;998;2020-12-18;37372
2020-12-17;"Prešovský kraj";427;10826;891;11717;NA;95683;1318;2020-12-17;36374
2020-12-16;"Prešovský kraj";466;6017;508;6525;NA;95683;974;2020-12-16;35056
2020-12-15;"Prešovský kraj";411;5685;584;6269;NA;95683;995;2020-12-15;34082
2020-12-14;"Prešovský kraj";334;5767;508;6275;NA;95683;842;2020-12-14;33087
2020-12-13;"Prešovský kraj";89;29;8;37;NA;95683;97;2020-12-13;32245
2020-12-12;"Prešovský kraj";319;2474;166;2640;NA;95683;485;2020-12-12;32148
2020-12-11;"Prešovský kraj";560;6042;418;6460;NA;95683;978;2020-12-11;31663
2020-12-10;"Prešovský kraj";337;5180;440;5620;NA;95683;777;2020-12-10;30685
2020-12-09;"Prešovský kraj";358;3764;271;4035;NA;95683;629;2020-12-09;29908
2020-12-08;"Prešovský kraj";350;6629;651;7280;NA;95683;1001;2020-12-08;29279
2020-12-07;"Prešovský kraj";309;3809;285;4094;NA;95683;594;2020-12-07;28278
2020-12-06;"Prešovský kraj";59;358;26;384;NA;95683;85;2020-12-06;27684
2020-12-05;"Prešovský kraj";218;984;87;1071;NA;95683;305;2020-12-05;27599
2020-12-04;"Prešovský kraj";352;4471;281;4752;NA;95683;633;2020-12-04;27294
2020-12-03;"Prešovský kraj";284;2900;202;3102;NA;95683;486;2020-12-03;26661
2020-12-02;"Prešovský kraj";232;3251;235;3486;NA;95683;467;2020-12-02;26175
2020-12-01;"Prešovský kraj";281;2341;213;2554;NA;95683;494;2020-12-01;25708
2020-11-30;"Prešovský kraj";196;5821;110;5931;NA;95683;306;2020-11-30;25214
2020-11-29;"Prešovský kraj";27;379;42;421;NA;95683;69;2020-11-29;24908
2020-11-28;"Prešovský kraj";199;682;62;744;NA;95683;261;2020-11-28;24839
2020-11-27;"Prešovský kraj";232;2135;119;2254;NA;95683;351;2020-11-27;24578
2020-11-26;"Prešovský kraj";263;2787;312;3099;NA;95683;575;2020-11-26;24227
2020-11-25;"Prešovský kraj";302;1642;78;1720;NA;95683;380;2020-11-25;23652
2020-11-24;"Prešovský kraj";365;1662;140;1802;NA;95683;505;2020-11-24;23272
2020-11-23;"Prešovský kraj";164;842;42;884;NA;95683;206;2020-11-23;22767
2020-11-22;"Prešovský kraj";46;30;1;31;NA;95683;47;2020-11-22;22561
2020-11-21;"Prešovský kraj";205;689;57;746;NA;95683;262;2020-11-21;22514
2020-11-20;"Prešovský kraj";363;2063;98;2161;NA;95683;461;2020-11-20;22252
2020-11-19;"Prešovský kraj";359;1973;229;2202;NA;95683;588;2020-11-19;21791
2020-11-18;"Prešovský kraj";270;373;32;405;NA;95683;302;2020-11-18;21203
2020-11-17;"Prešovský kraj";347;151;17;168;NA;95683;364;2020-11-17;20901
2020-11-16;"Prešovský kraj";226;382;51;433;NA;95683;277;2020-11-16;20537
2020-11-15;"Prešovský kraj";186;39;4;43;NA;95683;190;2020-11-15;20260
2020-11-14;"Prešovský kraj";261;54;4;58;NA;95683;265;2020-11-14;20070
2020-11-13;"Prešovský kraj";395;166;8;174;NA;95683;403;2020-11-13;19805
2020-11-12;"Prešovský kraj";397;229;50;279;NA;95683;447;2020-11-12;19402
2020-11-11;"Prešovský kraj";516;161;15;176;NA;95683;531;2020-11-11;18955
2020-11-10;"Prešovský kraj";437;197;9;206;NA;95683;446;2020-11-10;18424
2020-11-09;"Prešovský kraj";190;4106;945;5051;NA;95683;1135;2020-11-09;17978
2020-11-08;"Prešovský kraj";97;2817;32;2849;NA;95683;129;2020-11-08;16843
2020-11-07;"Prešovský kraj";416;8578;81;8659;NA;95683;497;2020-11-07;16714
2020-11-06;"Prešovský kraj";520;4791;76;4867;NA;95683;596;2020-11-06;16217
2020-11-05;"Prešovský kraj";397;180;5;185;NA;95683;402;2020-11-05;15621
2020-11-04;"Prešovský kraj";350;807;8;815;NA;95683;358;2020-11-04;15219
2020-11-03;"Prešovský kraj";565;98;12;110;NA;95683;577;2020-11-03;14861
2020-11-02;"Prešovský kraj";203;4158;1004;5162;NA;95683;1207;2020-11-02;14284
2020-11-01;"Prešovský kraj";386;2906;53;2959;NA;95683;439;2020-11-01;13077
2020-10-31;"Prešovský kraj";315;10497;170;10667;NA;95683;485;2020-10-31;12638
2020-10-30;"Prešovský kraj";552;2949;65;3014;NA;95683;617;2020-10-30;12153
2020-10-29;"Prešovský kraj";594;301;38;339;NA;95683;632;2020-10-29;11536
2020-10-28;"Prešovský kraj";617;291;46;337;NA;95683;663;2020-10-28;10904
2020-10-27;"Prešovský kraj";656;268;34;302;NA;95683;690;2020-10-27;10241
2020-10-26;"Prešovský kraj";137;363;57;420;NA;95683;194;2020-10-26;9551
2020-10-25;"Prešovský kraj";237;346;11;357;NA;95683;248;2020-10-25;9357
2020-10-24;"Prešovský kraj";719;200;12;212;NA;95683;731;2020-10-24;9109
2020-10-23;"Prešovský kraj";750;218;8;226;NA;95683;758;2020-10-23;8378
2020-10-22;"Prešovský kraj";646;396;30;426;NA;95683;676;2020-10-22;7620
2020-10-21;"Prešovský kraj";383;58;8;66;NA;95683;391;2020-10-21;6944
2020-10-20;"Prešovský kraj";493;65;7;72;NA;95683;500;2020-10-20;6553
2020-10-19;"Prešovský kraj";140;235;15;250;NA;95683;155;2020-10-19;6053
2020-10-18;"Prešovský kraj";209;0;0;0;NA;95683;209;2020-10-18;5898
2020-10-17;"Prešovský kraj";342;0;0;0;NA;95683;342;2020-10-17;5689
2020-10-16;"Prešovský kraj";388;57;3;60;NA;95683;391;2020-10-16;5347
2020-10-15;"Prešovský kraj";435;85;18;103;NA;95683;453;2020-10-15;4956
2020-10-14;"Prešovský kraj";451;54;10;64;NA;95683;461;2020-10-14;4503
2020-10-13;"Prešovský kraj";264;50;6;56;NA;95683;270;2020-10-13;4042
2020-10-12;"Prešovský kraj";214;334;35;369;NA;95683;249;2020-10-12;3772
2020-10-11;"Prešovský kraj";127;0;0;0;NA;95683;127;2020-10-11;3523
2020-10-10;"Prešovský kraj";248;0;0;0;NA;95683;248;2020-10-10;3396
2020-10-09;"Prešovský kraj";406;0;0;0;NA;95683;406;2020-10-09;3148
2020-10-08;"Prešovský kraj";245;0;0;0;NA;95683;245;2020-10-08;2742
2020-10-07;"Prešovský kraj";244;0;0;0;NA;95683;244;2020-10-07;2497
2020-10-06;"Prešovský kraj";166;0;0;0;NA;95683;166;2020-10-06;2253
2020-10-05;"Prešovský kraj";84;0;0;0;NA;95683;84;2020-10-05;2087
2020-10-04;"Prešovský kraj";118;0;0;0;NA;95683;118;2020-10-04;2003
2020-10-03;"Prešovský kraj";204;0;0;0;NA;95683;204;2020-10-03;1885
2020-10-02;"Prešovský kraj";149;0;0;0;NA;95683;149;2020-10-02;1681
2020-10-01;"Prešovský kraj";136;0;0;0;NA;95683;136;2020-10-01;1532
2020-09-30;"Prešovský kraj";121;0;0;0;NA;95683;121;2020-09-30;1396
2020-09-29;"Prešovský kraj";156;0;0;0;NA;95683;156;2020-09-29;1275
2020-09-28;"Prešovský kraj";51;0;0;0;NA;95683;51;2020-09-28;1119
2020-09-27;"Prešovský kraj";10;0;0;0;NA;95683;10;2020-09-27;1068
2020-09-26;"Prešovský kraj";72;0;0;0;NA;95683;72;2020-09-26;1058
2020-09-25;"Prešovský kraj";91;0;0;0;NA;95683;91;2020-09-25;986
2020-09-24;"Prešovský kraj";52;0;0;0;NA;95683;52;2020-09-24;895
2020-09-23;"Prešovský kraj";55;0;0;0;NA;95683;55;2020-09-23;843
2020-09-22;"Prešovský kraj";29;0;0;0;NA;95683;29;2020-09-22;788
2020-09-21;"Prešovský kraj";14;0;0;0;NA;95683;14;2020-09-21;759
2020-09-20;"Prešovský kraj";5;0;0;0;NA;95683;5;2020-09-20;745
2020-09-19;"Prešovský kraj";12;0;0;0;NA;95683;12;2020-09-19;740
2020-09-18;"Prešovský kraj";29;0;0;0;NA;95683;29;2020-09-18;728
2020-09-17;"Prešovský kraj";25;0;0;0;NA;95683;25;2020-09-17;699
2020-09-16;"Prešovský kraj";8;0;0;0;NA;95683;8;2020-09-16;674
2020-09-15;"Prešovský kraj";10;0;0;0;NA;95683;10;2020-09-15;666
2020-09-14;"Prešovský kraj";47;0;0;0;NA;95683;47;2020-09-14;656
2020-09-13;"Prešovský kraj";3;0;0;0;NA;95683;3;2020-09-13;609
2020-09-12;"Prešovský kraj";4;0;0;0;NA;95683;4;2020-09-12;606
2020-09-11;"Prešovský kraj";15;0;0;0;NA;95683;15;2020-09-11;602
2020-09-10;"Prešovský kraj";10;0;0;0;NA;95683;10;2020-09-10;587
2020-09-09;"Prešovský kraj";21;0;0;0;NA;95683;21;2020-09-09;577
2020-09-08;"Prešovský kraj";23;0;0;0;NA;95683;23;2020-09-08;556
2020-09-07;"Prešovský kraj";5;0;0;0;NA;95683;5;2020-09-07;533
2020-09-06;"Prešovský kraj";3;0;0;0;NA;95683;3;2020-09-06;528
2020-09-05;"Prešovský kraj";7;0;0;0;NA;95683;7;2020-09-05;525
2020-09-04;"Prešovský kraj";24;0;0;0;NA;95683;24;2020-09-04;518
2020-09-03;"Prešovský kraj";8;0;0;0;NA;95683;8;2020-09-03;494
2020-09-02;"Prešovský kraj";9;0;0;0;NA;95683;9;2020-09-02;486
2020-09-01;"Prešovský kraj";6;0;0;0;NA;95683;6;2020-09-01;477
2020-08-31;"Prešovský kraj";3;0;0;0;NA;95683;3;2020-08-31;471
2020-08-30;"Prešovský kraj";6;0;0;0;NA;95683;6;2020-08-30;468
2020-08-29;"Prešovský kraj";4;0;0;0;NA;95683;4;2020-08-29;462
2020-08-28;"Prešovský kraj";6;0;0;0;NA;95683;6;2020-08-28;458
2020-08-27;"Prešovský kraj";7;0;0;0;NA;95683;7;2020-08-27;452
2020-08-26;"Prešovský kraj";22;0;0;0;NA;95683;22;2020-08-26;445
2020-08-25;"Prešovský kraj";1;0;0;0;NA;95683;1;2020-08-25;423
2020-08-24;"Prešovský kraj";5;0;0;0;NA;95683;5;2020-08-24;422
2020-08-23;"Prešovský kraj";3;0;0;0;NA;95683;3;2020-08-23;417
2020-08-22;"Prešovský kraj";3;0;0;0;NA;95683;3;2020-08-22;414
2020-08-21;"Prešovský kraj";11;0;0;0;NA;95683;11;2020-08-21;411
2020-08-20;"Prešovský kraj";8;0;0;0;NA;95683;8;2020-08-20;400
2020-08-19;"Prešovský kraj";8;0;0;0;NA;95683;8;2020-08-19;392
2020-08-18;"Prešovský kraj";6;0;0;0;NA;95683;6;2020-08-18;384
2020-08-17;"Prešovský kraj";1;0;0;0;NA;95683;1;2020-08-17;378
2020-08-15;"Prešovský kraj";8;0;0;0;NA;95683;8;2020-08-15;377
2020-08-14;"Prešovský kraj";6;0;0;0;NA;95683;6;2020-08-14;369
2020-08-13;"Prešovský kraj";8;0;0;0;NA;95683;8;2020-08-13;363
2020-08-12;"Prešovský kraj";19;0;0;0;NA;95683;19;2020-08-12;355
2020-08-11;"Prešovský kraj";3;0;0;0;NA;95683;3;2020-08-11;336
2020-08-08;"Prešovský kraj";2;0;0;0;NA;95683;2;2020-08-08;333
2020-08-07;"Prešovský kraj";6;0;0;0;NA;95683;6;2020-08-07;331
2020-08-06;"Prešovský kraj";2;0;0;0;NA;95683;2;2020-08-06;325
2020-08-05;"Prešovský kraj";8;0;0;0;NA;95683;8;2020-08-05;323
2020-08-04;"Prešovský kraj";5;0;0;0;NA;95683;5;2020-08-04;315
2020-08-03;"Prešovský kraj";4;0;0;0;NA;95683;4;2020-08-03;310
2020-08-02;"Prešovský kraj";6;0;0;0;NA;95683;6;2020-08-02;306
2020-07-31;"Prešovský kraj";2;0;0;0;NA;95683;2;2020-07-31;300
2020-07-30;"Prešovský kraj";6;0;0;0;NA;95683;6;2020-07-30;298
2020-07-29;"Prešovský kraj";5;0;0;0;NA;95683;5;2020-07-29;292
2020-07-27;"Prešovský kraj";1;0;0;0;NA;95683;1;2020-07-27;287
2020-07-26;"Prešovský kraj";1;0;0;0;NA;95683;1;2020-07-26;286
2020-07-25;"Prešovský kraj";21;0;0;0;NA;95683;21;2020-07-25;285
2020-07-24;"Prešovský kraj";1;0;0;0;NA;95683;1;2020-07-24;264
2020-07-23;"Prešovský kraj";5;0;0;0;NA;95683;5;2020-07-23;263
2020-07-22;"Prešovský kraj";1;0;0;0;NA;95683;1;2020-07-22;258
2020-07-21;"Prešovský kraj";2;0;0;0;NA;95683;2;2020-07-21;257
2020-07-20;"Prešovský kraj";1;0;0;0;NA;95683;1;2020-07-20;255
2020-07-17;"Prešovský kraj";3;0;0;0;NA;95683;3;2020-07-17;254
2020-07-16;"Prešovský kraj";1;0;0;0;NA;95683;1;2020-07-16;251
2020-07-15;"Prešovský kraj";5;0;0;0;NA;95683;5;2020-07-15;250
2020-07-14;"Prešovský kraj";5;0;0;0;NA;95683;5;2020-07-14;245
2020-07-13;"Prešovský kraj";1;0;0;0;NA;95683;1;2020-07-13;240
2020-07-12;"Prešovský kraj";1;0;0;0;NA;95683;1;2020-07-12;239
2020-07-11;"Prešovský kraj";6;0;0;0;NA;95683;6;2020-07-11;238
2020-07-10;"Prešovský kraj";5;0;0;0;NA;95683;5;2020-07-10;232
2020-07-09;"Prešovský kraj";2;0;0;0;NA;95683;2;2020-07-09;227
2020-07-08;"Prešovský kraj";14;0;0;0;NA;95683;14;2020-07-08;225
2020-07-07;"Prešovský kraj";2;0;0;0;NA;95683;2;2020-07-07;211
2020-07-04;"Prešovský kraj";1;0;0;0;NA;95683;1;2020-07-04;209
2020-07-03;"Prešovský kraj";3;0;0;0;NA;95683;3;2020-07-03;208
2020-06-30;"Prešovský kraj";7;0;0;0;NA;95683;7;2020-06-30;205
2020-06-27;"Prešovský kraj";3;0;0;0;NA;95683;3;2020-06-27;198
2020-06-26;"Prešovský kraj";3;0;0;0;NA;95683;3;2020-06-26;195
2020-06-24;"Prešovský kraj";4;0;0;0;NA;95683;4;2020-06-24;192
2020-06-19;"Prešovský kraj";1;0;0;0;NA;95683;1;2020-06-19;188
2020-06-16;"Prešovský kraj";6;0;0;0;NA;95683;6;2020-06-16;187
2020-06-12;"Prešovský kraj";1;0;0;0;NA;95683;1;2020-06-12;181
2020-06-02;"Prešovský kraj";1;0;0;0;NA;95683;1;2020-06-02;180
2020-05-31;"Prešovský kraj";1;0;0;0;NA;95683;1;2020-05-31;179
2020-05-21;"Prešovský kraj";1;0;0;0;NA;95683;1;2020-05-21;178
2020-05-13;"Prešovský kraj";1;0;0;0;NA;95683;1;2020-05-13;177
2020-05-11;"Prešovský kraj";1;0;0;0;NA;95683;1;2020-05-11;176
2020-05-05;"Prešovský kraj";1;0;0;0;NA;95683;1;2020-05-05;175
2020-05-01;"Prešovský kraj";2;0;0;0;NA;95683;2;2020-05-01;174
2020-04-29;"Prešovský kraj";1;0;0;0;NA;95683;1;2020-04-29;172
2020-04-28;"Prešovský kraj";1;0;0;0;NA;95683;1;2020-04-28;171
2020-04-27;"Prešovský kraj";2;0;0;0;NA;95683;2;2020-04-27;170
2020-04-23;"Prešovský kraj";2;0;0;0;NA;95683;2;2020-04-23;168
2020-04-22;"Prešovský kraj";11;0;0;0;NA;95683;11;2020-04-22;166
2020-04-21;"Prešovský kraj";12;0;0;0;NA;95683;12;2020-04-21;155
2020-04-20;"Prešovský kraj";2;0;0;0;NA;95683;2;2020-04-20;143
2020-04-19;"Prešovský kraj";4;0;0;0;NA;95683;4;2020-04-19;141
2020-04-18;"Prešovský kraj";1;0;0;0;NA;95683;1;2020-04-18;137
2020-04-17;"Prešovský kraj";4;0;0;0;NA;95683;4;2020-04-17;136
2020-04-16;"Prešovský kraj";9;0;0;0;NA;95683;9;2020-04-16;132
2020-04-15;"Prešovský kraj";21;0;0;0;NA;95683;21;2020-04-15;123
2020-04-14;"Prešovský kraj";1;0;0;0;NA;95683;1;2020-04-14;102
2020-04-13;"Prešovský kraj";2;0;0;0;NA;95683;2;2020-04-13;101
2020-04-12;"Prešovský kraj";6;0;0;0;NA;95683;6;2020-04-12;99
2020-04-11;"Prešovský kraj";4;0;0;0;NA;95683;4;2020-04-11;93
2020-04-09;"Prešovský kraj";1;0;0;0;NA;95683;1;2020-04-09;89
2020-04-07;"Prešovský kraj";7;0;0;0;NA;95683;7;2020-04-07;88
2020-04-06;"Prešovský kraj";10;0;0;0;NA;95683;10;2020-04-06;81
2020-04-05;"Prešovský kraj";13;0;0;0;NA;95683;13;2020-04-05;71
2020-04-04;"Prešovský kraj";1;0;0;0;NA;95683;1;2020-04-04;58
2020-04-03;"Prešovský kraj";4;0;0;0;NA;95683;4;2020-04-03;57
2020-04-02;"Prešovský kraj";6;0;0;0;NA;95683;6;2020-04-02;53
2020-04-01;"Prešovský kraj";6;0;0;0;NA;95683;6;2020-04-01;47
2020-03-31;"Prešovský kraj";6;0;0;0;NA;95683;6;2020-03-31;41
2020-03-30;"Prešovský kraj";2;0;0;0;NA;95683;2;2020-03-30;35
2020-03-29;"Prešovský kraj";2;0;0;0;NA;95683;2;2020-03-29;33
2020-03-28;"Prešovský kraj";2;0;0;0;NA;95683;2;2020-03-28;31
2020-03-27;"Prešovský kraj";1;0;0;0;NA;95683;1;2020-03-27;29
2020-03-26;"Prešovský kraj";8;0;0;0;NA;95683;8;2020-03-26;28
2020-03-25;"Prešovský kraj";1;0;0;0;NA;95683;1;2020-03-25;20
2020-03-24;"Prešovský kraj";4;0;0;0;NA;95683;4;2020-03-24;19
2020-03-22;"Prešovský kraj";1;0;0;0;NA;95683;1;2020-03-22;15
2020-03-21;"Prešovský kraj";2;0;0;0;NA;95683;2;2020-03-21;14
2020-03-20;"Prešovský kraj";3;0;0;0;NA;95683;3;2020-03-20;12
2020-03-19;"Prešovský kraj";2;0;0;0;NA;95683;2;2020-03-19;9
2020-03-18;"Prešovský kraj";1;0;0;0;NA;95683;1;2020-03-18;7
2020-03-17;"Prešovský kraj";1;0;0;0;NA;95683;1;2020-03-17;6
2020-03-16;"Prešovský kraj";4;0;0;0;NA;95683;4;2020-03-16;5
2020-03-14;"Prešovský kraj";1;0;0;0;NA;95683;1;2020-03-14;1
2021-03-22;"Trenčiansky kraj";141;20972;211;21183;47657;88595;352;2021-03-22;88595
2021-03-21;"Trenčiansky kraj";85;21626;127;21753;NA;88595;212;2021-03-21;88243
2021-03-20;"Trenčiansky kraj";128;78294;321;78615;NA;88595;449;2021-03-20;88031
2021-03-19;"Trenčiansky kraj";231;34717;232;34949;NA;88595;463;2021-03-19;87582
2021-03-18;"Trenčiansky kraj";262;15765;172;15937;NA;88595;434;2021-03-18;87119
2021-03-17;"Trenčiansky kraj";366;13401;163;13564;NA;88595;529;2021-03-17;86685
2021-03-16;"Trenčiansky kraj";450;14902;236;15138;NA;88595;686;2021-03-16;86156
2021-03-15;"Trenčiansky kraj";162;21036;251;21287;NA;88595;413;2021-03-15;85470
2021-03-14;"Trenčiansky kraj";42;25282;169;25451;NA;88595;211;2021-03-14;85057
2021-03-13;"Trenčiansky kraj";270;79187;453;79640;NA;88595;723;2021-03-13;84846
2021-03-12;"Trenčiansky kraj";366;34763;307;35070;NA;88595;673;2021-03-12;84123
2021-03-11;"Trenčiansky kraj";302;15555;213;15768;NA;88595;515;2021-03-11;83450
2021-03-10;"Trenčiansky kraj";402;13433;236;13669;NA;88595;638;2021-03-10;82935
2021-03-09;"Trenčiansky kraj";586;17640;284;17924;NA;88595;870;2021-03-09;82297
2021-03-08;"Trenčiansky kraj";174;22033;363;22396;NA;88595;537;2021-03-08;81427
2021-03-07;"Trenčiansky kraj";4;15504;126;15630;NA;88595;130;2021-03-07;80890
2021-03-06;"Trenčiansky kraj";260;80452;533;80985;NA;88595;793;2021-03-06;80760
2021-03-05;"Trenčiansky kraj";326;32686;414;33100;NA;88595;740;2021-03-05;79967
2021-03-04;"Trenčiansky kraj";323;16638;315;16953;NA;88595;638;2021-03-04;79227
2021-03-03;"Trenčiansky kraj";413;14065;343;14408;NA;88595;756;2021-03-03;78589
2021-03-02;"Trenčiansky kraj";612;17984;356;18340;NA;88595;968;2021-03-02;77833
2021-03-01;"Trenčiansky kraj";217;20699;438;21137;NA;88595;655;2021-03-01;76865
2021-02-28;"Trenčiansky kraj";45;28672;358;29030;NA;88595;403;2021-02-28;76210
2021-02-27;"Trenčiansky kraj";277;78732;686;79418;NA;88595;963;2021-02-27;75807
2021-02-26;"Trenčiansky kraj";420;32932;435;33367;NA;88595;855;2021-02-26;74844
2021-02-25;"Trenčiansky kraj";424;13989;328;14317;NA;88595;752;2021-02-25;73989
2021-02-24;"Trenčiansky kraj";427;12081;401;12482;NA;88595;828;2021-02-24;73237
2021-02-23;"Trenčiansky kraj";577;14956;390;15346;NA;88595;967;2021-02-23;72409
2021-02-22;"Trenčiansky kraj";160;19929;468;20397;NA;88595;628;2021-02-22;71442
2021-02-21;"Trenčiansky kraj";64;27642;381;28023;NA;88595;445;2021-02-21;70814
2021-02-20;"Trenčiansky kraj";274;77817;744;78561;NA;88595;1018;2021-02-20;70369
2021-02-19;"Trenčiansky kraj";272;30454;524;30978;NA;88595;796;2021-02-19;69351
2021-02-18;"Trenčiansky kraj";355;14167;407;14574;NA;88595;762;2021-02-18;68555
2021-02-17;"Trenčiansky kraj";363;11377;376;11753;NA;88595;739;2021-02-17;67793
2021-02-16;"Trenčiansky kraj";488;17891;416;18307;NA;88595;904;2021-02-16;67054
2021-02-15;"Trenčiansky kraj";151;22000;467;22467;NA;88595;618;2021-02-15;66150
2021-02-14;"Trenčiansky kraj";2;5241;51;5292;NA;88595;53;2021-02-14;65532
2021-02-13;"Trenčiansky kraj";274;60942;526;61468;NA;88595;800;2021-02-13;65479
2021-02-12;"Trenčiansky kraj";276;27864;409;28273;NA;88595;685;2021-02-12;64679
2021-02-11;"Trenčiansky kraj";291;11204;317;11521;NA;88595;608;2021-02-11;63994
2021-02-10;"Trenčiansky kraj";304;11402;317;11719;NA;88595;621;2021-02-10;63386
2021-02-09;"Trenčiansky kraj";514;18401;360;18761;NA;88595;874;2021-02-09;62765
2021-02-08;"Trenčiansky kraj";182;27479;432;27911;NA;88595;614;2021-02-08;61891
2021-02-07;"Trenčiansky kraj";31;28383;277;28660;NA;88595;308;2021-02-07;61277
2021-02-06;"Trenčiansky kraj";216;63430;558;63988;NA;88595;774;2021-02-06;60969
2021-02-05;"Trenčiansky kraj";202;18176;368;18544;NA;88595;570;2021-02-05;60195
2021-02-04;"Trenčiansky kraj";266;7600;342;7942;NA;88595;608;2021-02-04;59625
2021-02-03;"Trenčiansky kraj";162;6198;351;6549;NA;88595;513;2021-02-03;59017
2021-02-02;"Trenčiansky kraj";347;8076;385;8461;NA;88595;732;2021-02-02;58504
2021-02-01;"Trenčiansky kraj";167;9355;311;9666;NA;88595;478;2021-02-01;57772
2021-01-31;"Trenčiansky kraj";7;15791;135;15926;NA;88595;142;2021-01-31;57294
2021-01-30;"Trenčiansky kraj";228;36931;321;37252;NA;88595;549;2021-01-30;57152
2021-01-29;"Trenčiansky kraj";214;7534;227;7761;NA;88595;441;2021-01-29;56603
2021-01-28;"Trenčiansky kraj";307;5443;158;5601;NA;88595;465;2021-01-28;56162
2021-01-27;"Trenčiansky kraj";166;11910;217;12127;NA;88595;383;2021-01-27;55697
2021-01-26;"Trenčiansky kraj";303;14586;251;14837;NA;88595;554;2021-01-26;55314
2021-01-25;"Trenčiansky kraj";160;24609;212;24821;NA;88595;372;2021-01-25;54760
2021-01-24;"Trenčiansky kraj";51;27365;181;27546;NA;88595;232;2021-01-24;54388
2021-01-23;"Trenčiansky kraj";206;113508;742;114250;NA;88595;948;2021-01-23;54156
2021-01-22;"Trenčiansky kraj";148;14679;204;14883;NA;88595;352;2021-01-22;53208
2021-01-21;"Trenčiansky kraj";143;8580;166;8746;NA;88595;309;2021-01-21;52856
2021-01-20;"Trenčiansky kraj";181;8188;227;8415;NA;88595;408;2021-01-20;52547
2021-01-19;"Trenčiansky kraj";363;6618;262;6880;NA;88595;625;2021-01-19;52139
2021-01-18;"Trenčiansky kraj";72;5056;323;5379;NA;88595;395;2021-01-18;51514
2021-01-17;"Trenčiansky kraj";124;93;11;104;NA;88595;135;2021-01-17;51119
2021-01-16;"Trenčiansky kraj";39;457;28;485;NA;88595;67;2021-01-16;50984
2021-01-15;"Trenčiansky kraj";264;4030;218;4248;NA;88595;482;2021-01-15;50917
2021-01-14;"Trenčiansky kraj";275;3195;189;3384;NA;88595;464;2021-01-14;50435
2021-01-13;"Trenčiansky kraj";222;4054;241;4295;NA;88595;463;2021-01-13;49971
2021-01-12;"Trenčiansky kraj";508;4604;261;4865;NA;88595;769;2021-01-12;49508
2021-01-11;"Trenčiansky kraj";142;4367;354;4721;NA;88595;496;2021-01-11;48739
2021-01-10;"Trenčiansky kraj";89;4939;76;5015;NA;88595;165;2021-01-10;48243
2021-01-09;"Trenčiansky kraj";276;7974;121;8095;NA;88595;397;2021-01-09;48078
2021-01-08;"Trenčiansky kraj";489;6434;484;6918;NA;88595;973;2021-01-08;47681
2021-01-07;"Trenčiansky kraj";420;6138;577;6715;NA;88595;997;2021-01-07;46708
2021-01-06;"Trenčiansky kraj";221;1021;64;1085;NA;88595;285;2021-01-06;45711
2021-01-05;"Trenčiansky kraj";669;5515;670;6185;NA;88595;1339;2021-01-05;45426
2021-01-04;"Trenčiansky kraj";337;5243;782;6025;NA;88595;1119;2021-01-04;44087
2021-01-03;"Trenčiansky kraj";38;60;13;73;NA;88595;51;2021-01-03;42968
2021-01-02;"Trenčiansky kraj";129;140;23;163;NA;88595;152;2021-01-02;42917
2021-01-01;"Trenčiansky kraj";329;347;23;370;NA;88595;352;2021-01-01;42765
2020-12-31;"Trenčiansky kraj";597;4943;557;5500;NA;88595;1154;2020-12-31;42413
2020-12-30;"Trenčiansky kraj";836;7006;762;7768;NA;88595;1598;2020-12-30;41259
2020-12-29;"Trenčiansky kraj";459;6191;1018;7209;NA;88595;1477;2020-12-29;39661
2020-12-28;"Trenčiansky kraj";258;4195;777;4972;NA;88595;1035;2020-12-28;38184
2020-12-27;"Trenčiansky kraj";5;202;36;238;NA;88595;41;2020-12-27;37149
2020-12-26;"Trenčiansky kraj";174;74;10;84;NA;88595;184;2020-12-26;37108
2020-12-25;"Trenčiansky kraj";251;325;47;372;NA;88595;298;2020-12-25;36924
2020-12-24;"Trenčiansky kraj";552;2194;256;2450;NA;88595;808;2020-12-24;36626
2020-12-23;"Trenčiansky kraj";421;6552;661;7213;NA;88595;1082;2020-12-23;35818
2020-12-22;"Trenčiansky kraj";673;5760;694;6454;NA;88595;1367;2020-12-22;34736
2020-12-21;"Trenčiansky kraj";248;13673;996;14669;NA;88595;1244;2020-12-21;33369
2020-12-20;"Trenčiansky kraj";238;12480;291;12771;NA;88595;529;2020-12-20;32125
2020-12-19;"Trenčiansky kraj";341;1611;150;1761;NA;88595;491;2020-12-19;31596
2020-12-18;"Trenčiansky kraj";521;4847;575;5422;NA;88595;1096;2020-12-18;31105
2020-12-17;"Trenčiansky kraj";670;3843;524;4367;NA;88595;1194;2020-12-17;30009
2020-12-16;"Trenčiansky kraj";461;4459;647;5106;NA;88595;1108;2020-12-16;28815
2020-12-15;"Trenčiansky kraj";595;3805;670;4475;NA;88595;1265;2020-12-15;27707
2020-12-14;"Trenčiansky kraj";318;3194;613;3807;NA;88595;931;2020-12-14;26442
2020-12-13;"Trenčiansky kraj";77;24;4;28;NA;88595;81;2020-12-13;25511
2020-12-12;"Trenčiansky kraj";314;1002;120;1122;NA;88595;434;2020-12-12;25430
2020-12-11;"Trenčiansky kraj";751;4066;479;4545;NA;88595;1230;2020-12-11;24996
2020-12-10;"Trenčiansky kraj";271;3371;477;3848;NA;88595;748;2020-12-10;23766
2020-12-09;"Trenčiansky kraj";508;3805;470;4275;NA;88595;978;2020-12-09;23018
2020-12-08;"Trenčiansky kraj";546;3440;522;3962;NA;88595;1068;2020-12-08;22040
2020-12-07;"Trenčiansky kraj";258;3826;466;4292;NA;88595;724;2020-12-07;20972
2020-12-06;"Trenčiansky kraj";114;179;10;189;NA;88595;124;2020-12-06;20248
2020-12-05;"Trenčiansky kraj";223;751;64;815;NA;88595;287;2020-12-05;20124
2020-12-04;"Trenčiansky kraj";253;2519;215;2734;NA;88595;468;2020-12-04;19837
2020-12-03;"Trenčiansky kraj";503;1714;178;1892;NA;88595;681;2020-12-03;19369
2020-12-02;"Trenčiansky kraj";418;1844;232;2076;NA;88595;650;2020-12-02;18688
2020-12-01;"Trenčiansky kraj";321;5642;351;5993;NA;88595;672;2020-12-01;18038
2020-11-30;"Trenčiansky kraj";167;8494;489;8983;NA;88595;656;2020-11-30;17366
2020-11-29;"Trenčiansky kraj";29;18;2;20;NA;88595;31;2020-11-29;16710
2020-11-28;"Trenčiansky kraj";202;1051;93;1144;NA;88595;295;2020-11-28;16679
2020-11-27;"Trenčiansky kraj";330;1398;150;1548;NA;88595;480;2020-11-27;16384
2020-11-26;"Trenčiansky kraj";395;1252;122;1374;NA;88595;517;2020-11-26;15904
2020-11-25;"Trenčiansky kraj";322;1444;160;1604;NA;88595;482;2020-11-25;15387
2020-11-24;"Trenčiansky kraj";348;2553;308;2861;NA;88595;656;2020-11-24;14905
2020-11-23;"Trenčiansky kraj";159;1186;122;1308;NA;88595;281;2020-11-23;14249
2020-11-22;"Trenčiansky kraj";26;11;1;12;NA;88595;27;2020-11-22;13968
2020-11-21;"Trenčiansky kraj";255;1323;62;1385;NA;88595;317;2020-11-21;13941
2020-11-20;"Trenčiansky kraj";316;861;93;954;NA;88595;409;2020-11-20;13624
2020-11-19;"Trenčiansky kraj";316;740;113;853;NA;88595;429;2020-11-19;13215
2020-11-18;"Trenčiansky kraj";233;379;66;445;NA;88595;299;2020-11-18;12786
2020-11-17;"Trenčiansky kraj";222;106;15;121;NA;88595;237;2020-11-17;12487
2020-11-16;"Trenčiansky kraj";245;236;45;281;NA;88595;290;2020-11-16;12250
2020-11-15;"Trenčiansky kraj";109;29;6;35;NA;88595;115;2020-11-15;11960
2020-11-14;"Trenčiansky kraj";190;74;11;85;NA;88595;201;2020-11-14;11845
2020-11-13;"Trenčiansky kraj";308;131;13;144;NA;88595;321;2020-11-13;11644
2020-11-12;"Trenčiansky kraj";324;124;5;129;NA;88595;329;2020-11-12;11323
2020-11-11;"Trenčiansky kraj";366;113;10;123;NA;88595;376;2020-11-11;10994
2020-11-10;"Trenčiansky kraj";277;106;6;112;NA;88595;283;2020-11-10;10618
2020-11-09;"Trenčiansky kraj";115;1407;48;1455;NA;88595;163;2020-11-09;10335
2020-11-08;"Trenčiansky kraj";81;1223;8;1231;NA;88595;89;2020-11-08;10172
2020-11-07;"Trenčiansky kraj";319;3662;59;3721;NA;88595;378;2020-11-07;10083
2020-11-06;"Trenčiansky kraj";383;6893;84;6977;NA;88595;467;2020-11-06;9705
2020-11-05;"Trenčiansky kraj";399;98;15;113;NA;88595;414;2020-11-05;9238
2020-11-04;"Trenčiansky kraj";370;91;9;100;NA;88595;379;2020-11-04;8824
2020-11-03;"Trenčiansky kraj";575;97;8;105;NA;88595;583;2020-11-03;8445
2020-11-02;"Trenčiansky kraj";197;1833;68;1901;NA;88595;265;2020-11-02;7862
2020-11-01;"Trenčiansky kraj";257;804;23;827;NA;88595;280;2020-11-01;7597
2020-10-31;"Trenčiansky kraj";332;4719;82;4801;NA;88595;414;2020-10-31;7317
2020-10-30;"Trenčiansky kraj";299;5283;102;5385;NA;88595;401;2020-10-30;6903
2020-10-29;"Trenčiansky kraj";496;764;68;832;NA;88595;564;2020-10-29;6502
2020-10-28;"Trenčiansky kraj";269;192;33;225;NA;88595;302;2020-10-28;5938
2020-10-27;"Trenčiansky kraj";473;127;27;154;NA;88595;500;2020-10-27;5636
2020-10-26;"Trenčiansky kraj";177;103;31;134;NA;88595;208;2020-10-26;5136
2020-10-25;"Trenčiansky kraj";138;9;5;14;NA;88595;143;2020-10-25;4928
2020-10-24;"Trenčiansky kraj";395;128;6;134;NA;88595;401;2020-10-24;4785
2020-10-23;"Trenčiansky kraj";301;154;8;162;NA;88595;309;2020-10-23;4384
2020-10-22;"Trenčiansky kraj";273;82;12;94;NA;88595;285;2020-10-22;4075
2020-10-21;"Trenčiansky kraj";183;53;9;62;NA;88595;192;2020-10-21;3790
2020-10-20;"Trenčiansky kraj";212;47;6;53;NA;88595;218;2020-10-20;3598
2020-10-19;"Trenčiansky kraj";41;83;25;108;NA;88595;66;2020-10-19;3380
2020-10-18;"Trenčiansky kraj";104;0;0;0;NA;88595;104;2020-10-18;3314
2020-10-17;"Trenčiansky kraj";157;0;0;0;NA;88595;157;2020-10-17;3210
2020-10-16;"Trenčiansky kraj";225;42;6;48;NA;88595;231;2020-10-16;3053
2020-10-15;"Trenčiansky kraj";255;39;4;43;NA;88595;259;2020-10-15;2822
2020-10-14;"Trenčiansky kraj";162;42;7;49;NA;88595;169;2020-10-14;2563
2020-10-13;"Trenčiansky kraj";124;105;12;117;NA;88595;136;2020-10-13;2394
2020-10-12;"Trenčiansky kraj";55;0;0;0;NA;88595;55;2020-10-12;2258
2020-10-11;"Trenčiansky kraj";73;0;0;0;NA;88595;73;2020-10-11;2203
2020-10-10;"Trenčiansky kraj";180;0;0;0;NA;88595;180;2020-10-10;2130
2020-10-09;"Trenčiansky kraj";198;0;0;0;NA;88595;198;2020-10-09;1950
2020-10-08;"Trenčiansky kraj";115;0;0;0;NA;88595;115;2020-10-08;1752
2020-10-07;"Trenčiansky kraj";75;0;0;0;NA;88595;75;2020-10-07;1637
2020-10-06;"Trenčiansky kraj";72;0;0;0;NA;88595;72;2020-10-06;1562
2020-10-05;"Trenčiansky kraj";32;0;0;0;NA;88595;32;2020-10-05;1490
2020-10-04;"Trenčiansky kraj";37;0;0;0;NA;88595;37;2020-10-04;1458
2020-10-03;"Trenčiansky kraj";79;0;0;0;NA;88595;79;2020-10-03;1421
2020-10-02;"Trenčiansky kraj";69;0;0;0;NA;88595;69;2020-10-02;1342
2020-10-01;"Trenčiansky kraj";58;0;0;0;NA;88595;58;2020-10-01;1273
2020-09-30;"Trenčiansky kraj";76;0;0;0;NA;88595;76;2020-09-30;1215
2020-09-29;"Trenčiansky kraj";43;0;0;0;NA;88595;43;2020-09-29;1139
2020-09-28;"Trenčiansky kraj";7;0;0;0;NA;88595;7;2020-09-28;1096
2020-09-27;"Trenčiansky kraj";12;0;0;0;NA;88595;12;2020-09-27;1089
2020-09-26;"Trenčiansky kraj";37;0;0;0;NA;88595;37;2020-09-26;1077
2020-09-25;"Trenčiansky kraj";72;0;0;0;NA;88595;72;2020-09-25;1040
2020-09-24;"Trenčiansky kraj";41;0;0;0;NA;88595;41;2020-09-24;968
2020-09-23;"Trenčiansky kraj";32;0;0;0;NA;88595;32;2020-09-23;927
2020-09-22;"Trenčiansky kraj";26;0;0;0;NA;88595;26;2020-09-22;895
2020-09-21;"Trenčiansky kraj";23;0;0;0;NA;88595;23;2020-09-21;869
2020-09-20;"Trenčiansky kraj";21;0;0;0;NA;88595;21;2020-09-20;846
2020-09-19;"Trenčiansky kraj";20;0;0;0;NA;88595;20;2020-09-19;825
2020-09-18;"Trenčiansky kraj";41;0;0;0;NA;88595;41;2020-09-18;805
2020-09-17;"Trenčiansky kraj";20;0;0;0;NA;88595;20;2020-09-17;764
2020-09-16;"Trenčiansky kraj";14;0;0;0;NA;88595;14;2020-09-16;744
2020-09-15;"Trenčiansky kraj";8;0;0;0;NA;88595;8;2020-09-15;730
2020-09-14;"Trenčiansky kraj";5;0;0;0;NA;88595;5;2020-09-14;722
2020-09-13;"Trenčiansky kraj";12;0;0;0;NA;88595;12;2020-09-13;717
2020-09-12;"Trenčiansky kraj";2;0;0;0;NA;88595;2;2020-09-12;705
2020-09-11;"Trenčiansky kraj";27;0;0;0;NA;88595;27;2020-09-11;703
2020-09-10;"Trenčiansky kraj";15;0;0;0;NA;88595;15;2020-09-10;676
2020-09-09;"Trenčiansky kraj";11;0;0;0;NA;88595;11;2020-09-09;661
2020-09-08;"Trenčiansky kraj";12;0;0;0;NA;88595;12;2020-09-08;650
2020-09-07;"Trenčiansky kraj";6;0;0;0;NA;88595;6;2020-09-07;638
2020-09-06;"Trenčiansky kraj";1;0;0;0;NA;88595;1;2020-09-06;632
2020-09-05;"Trenčiansky kraj";3;0;0;0;NA;88595;3;2020-09-05;631
2020-09-04;"Trenčiansky kraj";9;0;0;0;NA;88595;9;2020-09-04;628
2020-09-03;"Trenčiansky kraj";10;0;0;0;NA;88595;10;2020-09-03;619
2020-09-02;"Trenčiansky kraj";5;0;0;0;NA;88595;5;2020-09-02;609
2020-09-01;"Trenčiansky kraj";1;0;0;0;NA;88595;1;2020-09-01;604
2020-08-31;"Trenčiansky kraj";12;0;0;0;NA;88595;12;2020-08-31;603
2020-08-29;"Trenčiansky kraj";1;0;0;0;NA;88595;1;2020-08-29;591
2020-08-28;"Trenčiansky kraj";12;0;0;0;NA;88595;12;2020-08-28;590
2020-08-27;"Trenčiansky kraj";10;0;0;0;NA;88595;10;2020-08-27;578
2020-08-26;"Trenčiansky kraj";15;0;0;0;NA;88595;15;2020-08-26;568
2020-08-25;"Trenčiansky kraj";12;0;0;0;NA;88595;12;2020-08-25;553
2020-08-24;"Trenčiansky kraj";4;0;0;0;NA;88595;4;2020-08-24;541
2020-08-23;"Trenčiansky kraj";5;0;0;0;NA;88595;5;2020-08-23;537
2020-08-22;"Trenčiansky kraj";6;0;0;0;NA;88595;6;2020-08-22;532
2020-08-21;"Trenčiansky kraj";6;0;0;0;NA;88595;6;2020-08-21;526
2020-08-20;"Trenčiansky kraj";20;0;0;0;NA;88595;20;2020-08-20;520
2020-08-19;"Trenčiansky kraj";17;0;0;0;NA;88595;17;2020-08-19;500
2020-08-18;"Trenčiansky kraj";9;0;0;0;NA;88595;9;2020-08-18;483
2020-08-17;"Trenčiansky kraj";4;0;0;0;NA;88595;4;2020-08-17;474
2020-08-15;"Trenčiansky kraj";9;0;0;0;NA;88595;9;2020-08-15;470
2020-08-14;"Trenčiansky kraj";15;0;0;0;NA;88595;15;2020-08-14;461
2020-08-13;"Trenčiansky kraj";23;0;0;0;NA;88595;23;2020-08-13;446
2020-08-12;"Trenčiansky kraj";6;0;0;0;NA;88595;6;2020-08-12;423
2020-08-11;"Trenčiansky kraj";7;0;0;0;NA;88595;7;2020-08-11;417
2020-08-10;"Trenčiansky kraj";9;0;0;0;NA;88595;9;2020-08-10;410
2020-08-09;"Trenčiansky kraj";1;0;0;0;NA;88595;1;2020-08-09;401
2020-08-08;"Trenčiansky kraj";4;0;0;0;NA;88595;4;2020-08-08;400
2020-08-07;"Trenčiansky kraj";4;0;0;0;NA;88595;4;2020-08-07;396
2020-08-06;"Trenčiansky kraj";13;0;0;0;NA;88595;13;2020-08-06;392
2020-08-05;"Trenčiansky kraj";39;0;0;0;NA;88595;39;2020-08-05;379
2020-08-04;"Trenčiansky kraj";9;0;0;0;NA;88595;9;2020-08-04;340
2020-08-02;"Trenčiansky kraj";2;0;0;0;NA;88595;2;2020-08-02;331
2020-08-01;"Trenčiansky kraj";6;0;0;0;NA;88595;6;2020-08-01;329
2020-07-31;"Trenčiansky kraj";16;0;0;0;NA;88595;16;2020-07-31;323
2020-07-30;"Trenčiansky kraj";4;0;0;0;NA;88595;4;2020-07-30;307
2020-07-29;"Trenčiansky kraj";5;0;0;0;NA;88595;5;2020-07-29;303
2020-07-28;"Trenčiansky kraj";11;0;0;0;NA;88595;11;2020-07-28;298
2020-07-27;"Trenčiansky kraj";4;0;0;0;NA;88595;4;2020-07-27;287
2020-07-26;"Trenčiansky kraj";1;0;0;0;NA;88595;1;2020-07-26;283
2020-07-25;"Trenčiansky kraj";7;0;0;0;NA;88595;7;2020-07-25;282
2020-07-24;"Trenčiansky kraj";5;0;0;0;NA;88595;5;2020-07-24;275
2020-07-23;"Trenčiansky kraj";10;0;0;0;NA;88595;10;2020-07-23;270
2020-07-22;"Trenčiansky kraj";11;0;0;0;NA;88595;11;2020-07-22;260
2020-07-21;"Trenčiansky kraj";6;0;0;0;NA;88595;6;2020-07-21;249
2020-07-20;"Trenčiansky kraj";13;0;0;0;NA;88595;13;2020-07-20;243
2020-07-17;"Trenčiansky kraj";1;0;0;0;NA;88595;1;2020-07-17;230
2020-07-15;"Trenčiansky kraj";2;0;0;0;NA;88595;2;2020-07-15;229
2020-07-14;"Trenčiansky kraj";8;0;0;0;NA;88595;8;2020-07-14;227
2020-07-13;"Trenčiansky kraj";1;0;0;0;NA;88595;1;2020-07-13;219
2020-07-10;"Trenčiansky kraj";3;0;0;0;NA;88595;3;2020-07-10;218
2020-07-09;"Trenčiansky kraj";2;0;0;0;NA;88595;2;2020-07-09;215
2020-07-08;"Trenčiansky kraj";1;0;0;0;NA;88595;1;2020-07-08;213
2020-07-07;"Trenčiansky kraj";9;0;0;0;NA;88595;9;2020-07-07;212
2020-07-06;"Trenčiansky kraj";1;0;0;0;NA;88595;1;2020-07-06;203
2020-07-05;"Trenčiansky kraj";1;0;0;0;NA;88595;1;2020-07-05;202
2020-07-03;"Trenčiansky kraj";2;0;0;0;NA;88595;2;2020-07-03;201
2020-07-02;"Trenčiansky kraj";10;0;0;0;NA;88595;10;2020-07-02;199
2020-07-01;"Trenčiansky kraj";1;0;0;0;NA;88595;1;2020-07-01;189
2020-06-30;"Trenčiansky kraj";6;0;0;0;NA;88595;6;2020-06-30;188
2020-06-29;"Trenčiansky kraj";1;0;0;0;NA;88595;1;2020-06-29;182
2020-06-25;"Trenčiansky kraj";2;0;0;0;NA;88595;2;2020-06-25;181
2020-06-24;"Trenčiansky kraj";1;0;0;0;NA;88595;1;2020-06-24;179
2020-06-10;"Trenčiansky kraj";1;0;0;0;NA;88595;1;2020-06-10;178
2020-05-27;"Trenčiansky kraj";2;0;0;0;NA;88595;2;2020-05-27;177
2020-05-15;"Trenčiansky kraj";1;0;0;0;NA;88595;1;2020-05-15;175
2020-05-14;"Trenčiansky kraj";2;0;0;0;NA;88595;2;2020-05-14;174
2020-05-13;"Trenčiansky kraj";1;0;0;0;NA;88595;1;2020-05-13;172
2020-05-12;"Trenčiansky kraj";1;0;0;0;NA;88595;1;2020-05-12;171
2020-05-11;"Trenčiansky kraj";3;0;0;0;NA;88595;3;2020-05-11;170
2020-05-09;"Trenčiansky kraj";2;0;0;0;NA;88595;2;2020-05-09;167
2020-05-07;"Trenčiansky kraj";6;0;0;0;NA;88595;6;2020-05-07;165
2020-05-05;"Trenčiansky kraj";2;0;0;0;NA;88595;2;2020-05-05;159
2020-04-29;"Trenčiansky kraj";2;0;0;0;NA;88595;2;2020-04-29;157
2020-04-28;"Trenčiansky kraj";1;0;0;0;NA;88595;1;2020-04-28;155
2020-04-26;"Trenčiansky kraj";1;0;0;0;NA;88595;1;2020-04-26;154
2020-04-23;"Trenčiansky kraj";11;0;0;0;NA;88595;11;2020-04-23;153
2020-04-22;"Trenčiansky kraj";1;0;0;0;NA;88595;1;2020-04-22;142
2020-04-21;"Trenčiansky kraj";11;0;0;0;NA;88595;11;2020-04-21;141
2020-04-20;"Trenčiansky kraj";15;0;0;0;NA;88595;15;2020-04-20;130
2020-04-19;"Trenčiansky kraj";2;0;0;0;NA;88595;2;2020-04-19;115
2020-04-18;"Trenčiansky kraj";3;0;0;0;NA;88595;3;2020-04-18;113
2020-04-17;"Trenčiansky kraj";4;0;0;0;NA;88595;4;2020-04-17;110
2020-04-16;"Trenčiansky kraj";10;0;0;0;NA;88595;10;2020-04-16;106
2020-04-15;"Trenčiansky kraj";4;0;0;0;NA;88595;4;2020-04-15;96
2020-04-13;"Trenčiansky kraj";1;0;0;0;NA;88595;1;2020-04-13;92
2020-04-12;"Trenčiansky kraj";2;0;0;0;NA;88595;2;2020-04-12;91
2020-04-11;"Trenčiansky kraj";3;0;0;0;NA;88595;3;2020-04-11;89
2020-04-08;"Trenčiansky kraj";2;0;0;0;NA;88595;2;2020-04-08;86
2020-04-07;"Trenčiansky kraj";18;0;0;0;NA;88595;18;2020-04-07;84
2020-04-05;"Trenčiansky kraj";3;0;0;0;NA;88595;3;2020-04-05;66
2020-04-04;"Trenčiansky kraj";5;0;0;0;NA;88595;5;2020-04-04;63
2020-04-03;"Trenčiansky kraj";4;0;0;0;NA;88595;4;2020-04-03;58
2020-04-02;"Trenčiansky kraj";1;0;0;0;NA;88595;1;2020-04-02;54
2020-04-01;"Trenčiansky kraj";3;0;0;0;NA;88595;3;2020-04-01;53
2020-03-31;"Trenčiansky kraj";1;0;0;0;NA;88595;1;2020-03-31;50
2020-03-30;"Trenčiansky kraj";3;0;0;0;NA;88595;3;2020-03-30;49
2020-03-29;"Trenčiansky kraj";6;0;0;0;NA;88595;6;2020-03-29;46
2020-03-28;"Trenčiansky kraj";9;0;0;0;NA;88595;9;2020-03-28;40
2020-03-27;"Trenčiansky kraj";2;0;0;0;NA;88595;2;2020-03-27;31
2020-03-26;"Trenčiansky kraj";6;0;0;0;NA;88595;6;2020-03-26;29
2020-03-25;"Trenčiansky kraj";3;0;0;0;NA;88595;3;2020-03-25;23
2020-03-24;"Trenčiansky kraj";1;0;0;0;NA;88595;1;2020-03-24;20
2020-03-21;"Trenčiansky kraj";2;0;0;0;NA;88595;2;2020-03-21;19
2020-03-20;"Trenčiansky kraj";2;0;0;0;NA;88595;2;2020-03-20;17
2020-03-19;"Trenčiansky kraj";8;0;0;0;NA;88595;8;2020-03-19;15
2020-03-16;"Trenčiansky kraj";1;0;0;0;NA;88595;1;2020-03-16;7
2020-03-15;"Trenčiansky kraj";5;0;0;0;NA;88595;5;2020-03-15;6
2020-03-12;"Trenčiansky kraj";1;0;0;0;NA;88595;1;2020-03-12;1
2021-03-22;"Trnavský kraj";103;15714;97;15811;41994;142365;200;2021-03-22;142365
2021-03-22;"Trnavský kraj";103;15714;97;15811;59854;142365;200;2021-03-22;142165
2021-03-21;"Trnavský kraj";31;29502;87;29589;NA;142365;118;2021-03-21;141965
2021-03-20;"Trnavský kraj";112;136713;317;137030;NA;142365;429;2021-03-20;141847
2021-03-19;"Trnavský kraj";174;24913;108;25021;NA;142365;282;2021-03-19;141418
2021-03-18;"Trnavský kraj";158;12349;129;12478;NA;142365;287;2021-03-18;141136
2021-03-17;"Trnavský kraj";245;10353;102;10455;NA;142365;347;2021-03-17;140849
2021-03-16;"Trnavský kraj";311;12867;145;13012;NA;142365;456;2021-03-16;140502
2021-03-15;"Trnavský kraj";127;18321;145;18466;NA;142365;272;2021-03-15;140046
2021-03-14;"Trnavský kraj";14;46499;152;46651;NA;142365;166;2021-03-14;139774
2021-03-13;"Trnavský kraj";155;139020;412;139432;NA;142365;567;2021-03-13;139608
2021-03-12;"Trnavský kraj";201;28226;179;28405;NA;142365;380;2021-03-12;139041
2021-03-11;"Trnavský kraj";204;13263;142;13405;NA;142365;346;2021-03-11;138661
2021-03-10;"Trnavský kraj";242;10425;137;10562;NA;142365;379;2021-03-10;138315
2021-03-09;"Trnavský kraj";442;12748;155;12903;NA;142365;597;2021-03-09;137936
2021-03-08;"Trnavský kraj";182;21716;162;21878;NA;142365;344;2021-03-08;137339
2021-03-07;"Trnavský kraj";30;45900;227;46127;NA;142365;257;2021-03-07;136995
2021-03-06;"Trnavský kraj";154;135489;529;136018;NA;142365;683;2021-03-06;136738
2021-03-05;"Trnavský kraj";299;28825;247;29072;NA;142365;546;2021-03-05;136055
2021-03-04;"Trnavský kraj";238;14128;178;14306;NA;142365;416;2021-03-04;135509
2021-03-03;"Trnavský kraj";413;11390;239;11629;NA;142365;652;2021-03-03;135093
2021-03-02;"Trnavský kraj";477;12352;196;12548;NA;142365;673;2021-03-02;134441
2021-03-01;"Trnavský kraj";189;18223;230;18453;NA;142365;419;2021-03-01;133768
2021-02-28;"Trnavský kraj";87;42516;295;42811;NA;142365;382;2021-02-28;133349
2021-02-27;"Trnavský kraj";264;140259;804;141063;NA;142365;1068;2021-02-27;132967
2021-02-26;"Trnavský kraj";362;26883;285;27168;NA;142365;647;2021-02-26;131899
2021-02-25;"Trnavský kraj";433;10490;227;10717;NA;142365;660;2021-02-25;131252
2021-02-24;"Trnavský kraj";407;9110;290;9400;NA;142365;697;2021-02-24;130592
2021-02-23;"Trnavský kraj";469;11322;284;11606;NA;142365;753;2021-02-23;129895
2021-02-22;"Trnavský kraj";206;20302;344;20646;NA;142365;550;2021-02-22;129142
2021-02-21;"Trnavský kraj";38;40845;264;41109;NA;142365;302;2021-02-21;128592
2021-02-20;"Trnavský kraj";273;135621;855;136476;NA;142365;1128;2021-02-20;128290
2021-02-19;"Trnavský kraj";335;26982;347;27329;NA;142365;682;2021-02-19;127162
2021-02-18;"Trnavský kraj";344;11263;348;11611;NA;142365;692;2021-02-18;126480
2021-02-17;"Trnavský kraj";431;8780;416;9196;NA;142365;847;2021-02-17;125788
2021-02-16;"Trnavský kraj";426;11412;295;11707;NA;142365;721;2021-02-16;124941
2021-02-15;"Trnavský kraj";146;18074;291;18365;NA;142365;437;2021-02-15;124220
2021-02-14;"Trnavský kraj";51;44752;337;45089;NA;142365;388;2021-02-14;123783
2021-02-13;"Trnavský kraj";218;137051;994;138045;NA;142365;1212;2021-02-13;123395
2021-02-12;"Trnavský kraj";300;23682;336;24018;NA;142365;636;2021-02-12;122183
2021-02-11;"Trnavský kraj";422;9898;360;10258;NA;142365;782;2021-02-11;121547
2021-02-10;"Trnavský kraj";511;9333;344;9677;NA;142365;855;2021-02-10;120765
2021-02-09;"Trnavský kraj";544;12752;369;13121;NA;142365;913;2021-02-09;119910
2021-02-08;"Trnavský kraj";220;34323;507;34830;NA;142365;727;2021-02-08;118997
2021-02-07;"Trnavský kraj";140;68646;623;69269;NA;142365;763;2021-02-07;118270
2021-02-06;"Trnavský kraj";348;111903;1473;113376;NA;142365;1821;2021-02-06;117507
2021-02-05;"Trnavský kraj";377;16448;400;16848;NA;142365;777;2021-02-05;115686
2021-02-04;"Trnavský kraj";456;7315;454;7769;NA;142365;910;2021-02-04;114909
2021-02-03;"Trnavský kraj";472;6585;434;7019;NA;142365;906;2021-02-03;113999
2021-02-02;"Trnavský kraj";446;14219;424;14643;NA;142365;870;2021-02-02;113093
2021-02-01;"Trnavský kraj";198;40083;690;40773;NA;142365;888;2021-02-01;112223
2021-01-31;"Trnavský kraj";19;62815;778;63593;NA;142365;797;2021-01-31;111335
2021-01-30;"Trnavský kraj";323;110582;1280;111862;NA;142365;1603;2021-01-30;110538
2021-01-29;"Trnavský kraj";421;9643;285;9928;NA;142365;706;2021-01-29;108935
2021-01-28;"Trnavský kraj";389;5815;286;6101;NA;142365;675;2021-01-28;108229
2021-01-27;"Trnavský kraj";433;5301;219;5520;NA;142365;652;2021-01-27;107554
2021-01-26;"Trnavský kraj";565;25387;636;26023;NA;142365;1201;2021-01-26;106902
2021-01-25;"Trnavský kraj";210;41962;609;42571;NA;142365;819;2021-01-25;105701
2021-01-24;"Trnavský kraj";91;55823;710;56533;NA;142365;801;2021-01-24;104882
2021-01-23;"Trnavský kraj";372;117178;1347;118525;NA;142365;1719;2021-01-23;104081
2021-01-22;"Trnavský kraj";217;32439;500;32939;NA;142365;717;2021-01-22;102362
2021-01-21;"Trnavský kraj";311;13834;378;14212;NA;142365;689;2021-01-21;101645
2021-01-20;"Trnavský kraj";503;8149;274;8423;NA;142365;777;2021-01-20;100956
2021-01-19;"Trnavský kraj";415;7020;347;7367;NA;142365;762;2021-01-19;100179
2021-01-18;"Trnavský kraj";247;6237;484;6721;NA;142365;731;2021-01-18;99417
2021-01-17;"Trnavský kraj";128;854;215;1069;NA;142365;343;2021-01-17;98686
2021-01-16;"Trnavský kraj";103;599;19;618;NA;142365;122;2021-01-16;98343
2021-01-15;"Trnavský kraj";278;5676;351;6027;NA;142365;629;2021-01-15;98221
2021-01-14;"Trnavský kraj";452;4000;338;4338;NA;142365;790;2021-01-14;97592
2021-01-13;"Trnavský kraj";457;4752;378;5130;NA;142365;835;2021-01-13;96802
2021-01-12;"Trnavský kraj";469;7177;483;7660;NA;142365;952;2021-01-12;95967
2021-01-11;"Trnavský kraj";370;5103;392;5495;NA;142365;762;2021-01-11;95015
2021-01-10;"Trnavský kraj";71;8;0;8;NA;142365;71;2021-01-10;94253
2021-01-09;"Trnavský kraj";417;1775;100;1875;NA;142365;517;2021-01-09;94182
2021-01-08;"Trnavský kraj";381;6550;532;7082;NA;142365;913;2021-01-08;93665
2021-01-07;"Trnavský kraj";501;4074;397;4471;NA;142365;898;2021-01-07;92752
2021-01-06;"Trnavský kraj";179;758;132;890;NA;142365;311;2021-01-06;91854
2021-01-05;"Trnavský kraj";611;5922;636;6558;NA;142365;1247;2021-01-05;91543
2021-01-04;"Trnavský kraj";302;5235;689;5924;NA;142365;991;2021-01-04;90296
2021-01-03;"Trnavský kraj";60;53;7;60;NA;142365;67;2021-01-03;89305
2021-01-02;"Trnavský kraj";282;412;30;442;NA;142365;312;2021-01-02;89238
2021-01-01;"Trnavský kraj";143;449;76;525;NA;142365;219;2021-01-01;88926
2020-12-31;"Trnavský kraj";498;8488;858;9346;NA;142365;1356;2020-12-31;88707
2020-12-30;"Trnavský kraj";785;5318;612;5930;NA;142365;1397;2020-12-30;87351
2020-12-29;"Trnavský kraj";322;4999;593;5592;NA;142365;915;2020-12-29;85954
2020-12-28;"Trnavský kraj";213;5339;615;5954;NA;142365;828;2020-12-28;85039
2020-12-27;"Trnavský kraj";27;13;4;17;NA;142365;31;2020-12-27;84211
2020-12-26;"Trnavský kraj";148;44;1;45;NA;142365;149;2020-12-26;84180
2020-12-25;"Trnavský kraj";65;49;5;54;NA;142365;70;2020-12-25;84031
2020-12-24;"Trnavský kraj";333;1359;117;1476;NA;142365;450;2020-12-24;83961
2020-12-23;"Trnavský kraj";210;6417;375;6792;NA;142365;585;2020-12-23;83511
2020-12-22;"Trnavský kraj";311;5590;491;6081;NA;142365;802;2020-12-22;82926
2020-12-21;"Trnavský kraj";328;4527;399;4926;NA;142365;727;2020-12-21;82124
2020-12-20;"Trnavský kraj";134;110;12;122;NA;142365;146;2020-12-20;81397
2020-12-19;"Trnavský kraj";201;1046;86;1132;NA;142365;287;2020-12-19;81251
2020-12-18;"Trnavský kraj";341;4898;378;5276;NA;142365;719;2020-12-18;80964
2020-12-17;"Trnavský kraj";375;4996;407;5403;NA;142365;782;2020-12-17;80245
2020-12-16;"Trnavský kraj";312;5249;405;5654;NA;142365;717;2020-12-16;79463
2020-12-15;"Trnavský kraj";492;6623;632;7255;NA;142365;1124;2020-12-15;78746
2020-12-14;"Trnavský kraj";161;3505;292;3797;NA;142365;453;2020-12-14;77622
2020-12-13;"Trnavský kraj";7;0;0;0;NA;142365;7;2020-12-13;77169
2020-12-12;"Trnavský kraj";254;1456;114;1570;NA;142365;368;2020-12-12;77162
2020-12-11;"Trnavský kraj";384;4683;262;4945;NA;142365;646;2020-12-11;76794
2020-12-10;"Trnavský kraj";183;5194;320;5514;NA;142365;503;2020-12-10;76148
2020-12-09;"Trnavský kraj";521;4283;321;4604;NA;142365;842;2020-12-09;75645
2020-12-08;"Trnavský kraj";281;4090;304;4394;NA;142365;585;2020-12-08;74803
2020-12-07;"Trnavský kraj";178;2895;199;3094;NA;142365;377;2020-12-07;74218
2020-12-06;"Trnavský kraj";46;0;0;0;NA;142365;46;2020-12-06;73841
2020-12-05;"Trnavský kraj";129;2218;41;2259;NA;142365;170;2020-12-05;73795
2020-12-04;"Trnavský kraj";242;3948;158;4106;NA;142365;400;2020-12-04;73625
2020-12-03;"Trnavský kraj";248;2770;190;2960;NA;142365;438;2020-12-03;73225
2020-12-02;"Trnavský kraj";284;4516;176;4692;NA;142365;460;2020-12-02;72787
2020-12-01;"Trnavský kraj";253;3190;205;3395;NA;142365;458;2020-12-01;72327
2020-11-30;"Trnavský kraj";200;7360;186;7546;NA;142365;386;2020-11-30;71869
2020-11-29;"Trnavský kraj";17;708;34;742;NA;142365;51;2020-11-29;71483
2020-11-28;"Trnavský kraj";83;1453;77;1530;NA;142365;160;2020-11-28;71432
2020-11-27;"Trnavský kraj";148;1591;83;1674;NA;142365;231;2020-11-27;71272
2020-11-26;"Trnavský kraj";234;985;59;1044;NA;142365;293;2020-11-26;71041
2020-11-25;"Trnavský kraj";232;1029;72;1101;NA;142365;304;2020-11-25;70748
2020-11-24;"Trnavský kraj";295;1772;91;1863;NA;142365;386;2020-11-24;70444
2020-11-23;"Trnavský kraj";242;7207;125;7332;NA;142365;367;2020-11-23;70058
2020-11-22;"Trnavský kraj";10;54;3;57;NA;142365;13;2020-11-22;69691
2020-11-21;"Trnavský kraj";129;1214;23;1237;NA;142365;152;2020-11-21;69678
2020-11-20;"Trnavský kraj";246;1027;61;1088;NA;142365;307;2020-11-20;69526
2020-11-19;"Trnavský kraj";157;694;58;752;NA;142365;215;2020-11-19;69219
2020-11-18;"Trnavský kraj";235;716;75;791;NA;142365;310;2020-11-18;69004
2020-11-17;"Trnavský kraj";129;695;72;767;NA;142365;201;2020-11-17;68694
2020-11-16;"Trnavský kraj";187;682;32;714;NA;142365;219;2020-11-16;68493
2020-11-15;"Trnavský kraj";23;73;4;77;NA;142365;27;2020-11-15;68274
2020-11-14;"Trnavský kraj";86;389;10;399;NA;142365;96;2020-11-14;68247
2020-11-13;"Trnavský kraj";219;1312;21;1333;NA;142365;240;2020-11-13;68151
2020-11-12;"Trnavský kraj";162;420;18;438;NA;142365;180;2020-11-12;67911
2020-11-11;"Trnavský kraj";257;392;15;407;NA;142365;272;2020-11-11;67731
2020-11-10;"Trnavský kraj";189;889;30;919;NA;142365;219;2020-11-10;67459
2020-11-09;"Trnavský kraj";196;369;23;392;NA;142365;219;2020-11-09;67240
2020-11-08;"Trnavský kraj";55;306;4;310;NA;142365;59;2020-11-08;67021
2020-11-07;"Trnavský kraj";207;6070;74;6144;NA;142365;281;2020-11-07;66962
2020-11-06;"Trnavský kraj";260;1531;19;1550;NA;142365;279;2020-11-06;66681
2020-11-05;"Trnavský kraj";150;220;27;247;NA;142365;177;2020-11-05;66402
2020-11-04;"Trnavský kraj";188;212;10;222;NA;142365;198;2020-11-04;66225
2020-11-03;"Trnavský kraj";317;127;8;135;NA;142365;325;2020-11-03;66027
2020-11-02;"Trnavský kraj";281;1728;31;1759;NA;142365;312;2020-11-02;65702
2020-11-01;"Trnavský kraj";87;494;27;521;NA;142365;114;2020-11-01;65390
2020-10-31;"Trnavský kraj";259;5024;41;5065;NA;142365;300;2020-10-31;65276
2020-10-30;"Trnavský kraj";198;3784;27;3811;NA;142365;225;2020-10-30;64976
2020-10-29;"Trnavský kraj";273;1461;16;1477;NA;142365;289;2020-10-29;64751
2020-10-28;"Trnavský kraj";319;117;16;133;NA;142365;335;2020-10-28;64462
2020-10-27;"Trnavský kraj";199;461;36;497;NA;142365;235;2020-10-27;64127
2020-10-26;"Trnavský kraj";153;29;2;31;NA;142365;155;2020-10-26;63892
2020-10-25;"Trnavský kraj";95;19;1;20;NA;142365;96;2020-10-25;63737
2020-10-24;"Trnavský kraj";158;109;2;111;NA;142365;160;2020-10-24;63641
2020-10-23;"Trnavský kraj";201;89;4;93;NA;142365;205;2020-10-23;63481
2020-10-22;"Trnavský kraj";195;55;2;57;NA;142365;197;2020-10-22;63276
2020-10-21;"Trnavský kraj";134;73;3;76;NA;142365;137;2020-10-21;63079
2020-10-20;"Trnavský kraj";202;82;3;85;NA;142365;205;2020-10-20;62942
2020-10-19;"Trnavský kraj";67;55;0;55;NA;142365;67;2020-10-19;62737
2020-10-18;"Trnavský kraj";84;0;0;0;NA;142365;84;2020-10-18;62670
2020-10-17;"Trnavský kraj";123;0;0;0;NA;142365;123;2020-10-17;62586
2020-10-16;"Trnavský kraj";86;45;2;47;NA;142365;88;2020-10-16;62463
2020-10-15;"Trnavský kraj";155;66;2;68;NA;142365;157;2020-10-15;62375
2020-10-14;"Trnavský kraj";236;468;3;471;NA;142365;239;2020-10-14;62218
2020-10-13;"Trnavský kraj";138;16;2;18;NA;142365;140;2020-10-13;61979
2020-10-12;"Trnavský kraj";33;41;1;42;NA;142365;34;2020-10-12;61839
2020-10-11;"Trnavský kraj";31;0;0;0;NA;142365;31;2020-10-11;61805
2020-10-10;"Trnavský kraj";128;0;0;0;NA;142365;128;2020-10-10;61774
2020-10-09;"Trnavský kraj";156;0;0;0;NA;142365;156;2020-10-09;61646
2020-10-08;"Trnavský kraj";153;0;0;0;NA;142365;153;2020-10-08;61490
2020-10-07;"Trnavský kraj";80;0;0;0;NA;142365;80;2020-10-07;61337
2020-10-06;"Trnavský kraj";112;0;0;0;NA;142365;112;2020-10-06;61257
2020-10-05;"Trnavský kraj";33;0;0;0;NA;142365;33;2020-10-05;61145
2020-10-04;"Trnavský kraj";44;0;0;0;NA;142365;44;2020-10-04;61112
2020-10-03;"Trnavský kraj";60;0;0;0;NA;142365;60;2020-10-03;61068
2020-10-02;"Trnavský kraj";41;0;0;0;NA;142365;41;2020-10-02;61008
2020-10-01;"Trnavský kraj";53;0;0;0;NA;142365;53;2020-10-01;60967
2020-09-30;"Trnavský kraj";91;0;0;0;NA;142365;91;2020-09-30;60914
2020-09-29;"Trnavský kraj";40;0;0;0;NA;142365;40;2020-09-29;60823
2020-09-28;"Trnavský kraj";69;0;0;0;NA;142365;69;2020-09-28;60783
2020-09-27;"Trnavský kraj";30;0;0;0;NA;142365;30;2020-09-27;60714
2020-09-26;"Trnavský kraj";46;0;0;0;NA;142365;46;2020-09-26;60684
2020-09-25;"Trnavský kraj";32;0;0;0;NA;142365;32;2020-09-25;60638
2020-09-24;"Trnavský kraj";42;0;0;0;NA;142365;42;2020-09-24;60606
2020-09-23;"Trnavský kraj";43;0;0;0;NA;142365;43;2020-09-23;60564
2020-09-22;"Trnavský kraj";55;0;0;0;NA;142365;55;2020-09-22;60521
2020-09-21;"Trnavský kraj";41;0;0;0;NA;142365;41;2020-09-21;60466
2020-09-20;"Trnavský kraj";17;0;0;0;NA;142365;17;2020-09-20;60425
2020-09-19;"Trnavský kraj";4;0;0;0;NA;142365;4;2020-09-19;60408
2020-09-18;"Trnavský kraj";33;0;0;0;NA;142365;33;2020-09-18;60404
2020-09-17;"Trnavský kraj";42;0;0;0;NA;142365;42;2020-09-17;60371
2020-09-16;"Trnavský kraj";49;0;0;0;NA;142365;49;2020-09-16;60329
2020-09-15;"Trnavský kraj";5;0;0;0;NA;142365;5;2020-09-15;60280
2020-09-14;"Trnavský kraj";26;0;0;0;NA;142365;26;2020-09-14;60275
2020-09-13;"Trnavský kraj";9;0;0;0;NA;142365;9;2020-09-13;60249
2020-09-12;"Trnavský kraj";12;0;0;0;NA;142365;12;2020-09-12;60240
2020-09-11;"Trnavský kraj";16;0;0;0;NA;142365;16;2020-09-11;60228
2020-09-10;"Trnavský kraj";32;0;0;0;NA;142365;32;2020-09-10;60212
2020-09-09;"Trnavský kraj";14;0;0;0;NA;142365;14;2020-09-09;60180
2020-09-08;"Trnavský kraj";11;0;0;0;NA;142365;11;2020-09-08;60166
2020-09-07;"Trnavský kraj";7;0;0;0;NA;142365;7;2020-09-07;60155
2020-09-06;"Trnavský kraj";5;0;0;0;NA;142365;5;2020-09-06;60148
2020-09-05;"Trnavský kraj";7;0;0;0;NA;142365;7;2020-09-05;60143
2020-09-04;"Trnavský kraj";16;0;0;0;NA;142365;16;2020-09-04;60136
2020-09-03;"Trnavský kraj";8;0;0;0;NA;142365;8;2020-09-03;60120
2020-09-02;"Trnavský kraj";7;0;0;0;NA;142365;7;2020-09-02;60112
2020-09-01;"Trnavský kraj";1;0;0;0;NA;142365;1;2020-09-01;60105
2020-08-31;"Trnavský kraj";6;0;0;0;NA;142365;6;2020-08-31;60104
2020-08-30;"Trnavský kraj";1;0;0;0;NA;142365;1;2020-08-30;60098
2020-08-29;"Trnavský kraj";3;0;0;0;NA;142365;3;2020-08-29;60097
2020-08-28;"Trnavský kraj";14;0;0;0;NA;142365;14;2020-08-28;60094
2020-08-27;"Trnavský kraj";6;0;0;0;NA;142365;6;2020-08-27;60080
2020-08-26;"Trnavský kraj";4;0;0;0;NA;142365;4;2020-08-26;60074
2020-08-25;"Trnavský kraj";7;0;0;0;NA;142365;7;2020-08-25;60070
2020-08-24;"Trnavský kraj";1;0;0;0;NA;142365;1;2020-08-24;60063
2020-08-23;"Trnavský kraj";6;0;0;0;NA;142365;6;2020-08-23;60062
2020-08-22;"Trnavský kraj";3;0;0;0;NA;142365;3;2020-08-22;60056
2020-08-21;"Trnavský kraj";4;0;0;0;NA;142365;4;2020-08-21;60053
2020-08-20;"Trnavský kraj";23;0;0;0;NA;142365;23;2020-08-20;60049
2020-08-19;"Trnavský kraj";13;0;0;0;NA;142365;13;2020-08-19;60026
2020-08-18;"Trnavský kraj";20;0;0;0;NA;142365;20;2020-08-18;60013
2020-08-17;"Trnavský kraj";3;0;0;0;NA;142365;3;2020-08-17;59993
2020-08-15;"Trnavský kraj";7;0;0;0;NA;142365;7;2020-08-15;59990
2020-08-14;"Trnavský kraj";6;0;0;0;NA;142365;6;2020-08-14;59983
2020-08-13;"Trnavský kraj";10;0;0;0;NA;142365;10;2020-08-13;59977
2020-08-12;"Trnavský kraj";2;0;0;0;NA;142365;2;2020-08-12;59967
2020-08-11;"Trnavský kraj";30;0;0;0;NA;142365;30;2020-08-11;59965
2020-08-08;"Trnavský kraj";13;0;0;0;NA;142365;13;2020-08-08;59935
2020-08-07;"Trnavský kraj";4;0;0;0;NA;142365;4;2020-08-07;59922
2020-08-06;"Trnavský kraj";4;0;0;0;NA;142365;4;2020-08-06;59918
2020-08-04;"Trnavský kraj";1;0;0;0;NA;142365;1;2020-08-04;59914
2020-08-03;"Trnavský kraj";2;0;0;0;NA;142365;2;2020-08-03;59913
2020-08-02;"Trnavský kraj";1;0;0;0;NA;142365;1;2020-08-02;59911
2020-07-31;"Trnavský kraj";7;0;0;0;NA;142365;7;2020-07-31;59910
2020-07-30;"Trnavský kraj";6;0;0;0;NA;142365;6;2020-07-30;59903
2020-07-28;"Trnavský kraj";1;0;0;0;NA;142365;1;2020-07-28;59897
2020-07-27;"Trnavský kraj";2;0;0;0;NA;142365;2;2020-07-27;59896
2020-07-24;"Trnavský kraj";1;0;0;0;NA;142365;1;2020-07-24;59894
2020-07-23;"Trnavský kraj";2;0;0;0;NA;142365;2;2020-07-23;59893
2020-07-22;"Trnavský kraj";1;0;0;0;NA;142365;1;2020-07-22;59891
2020-07-21;"Trnavský kraj";2;0;0;0;NA;142365;2;2020-07-21;59890
2020-07-15;"Trnavský kraj";1;0;0;0;NA;142365;1;2020-07-15;59888
2020-07-08;"Trnavský kraj";3;0;0;0;NA;142365;3;2020-07-08;59887
2020-07-07;"Trnavský kraj";4;0;0;0;NA;142365;4;2020-07-07;59884
2020-07-02;"Trnavský kraj";3;0;0;0;NA;142365;3;2020-07-02;59880
2020-06-18;"Trnavský kraj";2;0;0;0;NA;142365;2;2020-06-18;59877
2020-05-25;"Trnavský kraj";1;0;0;0;NA;142365;1;2020-05-25;59875
2020-05-23;"Trnavský kraj";2;0;0;0;NA;142365;2;2020-05-23;59874
2020-05-20;"Trnavský kraj";2;0;0;0;NA;142365;2;2020-05-20;59872
2020-05-15;"Trnavský kraj";1;0;0;0;NA;142365;1;2020-05-15;59870
2020-05-11;"Trnavský kraj";2;0;0;0;NA;142365;2;2020-05-11;59869
2020-04-28;"Trnavský kraj";1;0;0;0;NA;142365;1;2020-04-28;59867
2020-04-25;"Trnavský kraj";2;0;0;0;NA;142365;2;2020-04-25;59866
2020-04-24;"Trnavský kraj";4;0;0;0;NA;142365;4;2020-04-24;59864
2020-04-23;"Trnavský kraj";5;0;0;0;NA;142365;5;2020-04-23;59860
2020-04-22;"Trnavský kraj";10;0;0;0;NA;142365;10;2020-04-22;59855
2020-04-21;"Trnavský kraj";5;0;0;0;NA;142365;5;2020-04-21;59845
2020-04-19;"Trnavský kraj";1;0;0;0;NA;142365;1;2020-04-19;59840
2020-04-18;"Trnavský kraj";4;0;0;0;NA;142365;4;2020-04-18;59839
2020-04-17;"Trnavský kraj";7;0;0;0;NA;142365;7;2020-04-17;59835
2020-04-16;"Trnavský kraj";5;0;0;0;NA;142365;5;2020-04-16;59828
2020-04-15;"Trnavský kraj";5;0;0;0;NA;142365;5;2020-04-15;59823
2020-04-14;"Trnavský kraj";1;0;0;0;NA;142365;1;2020-04-14;59818
2020-04-10;"Trnavský kraj";2;0;0;0;NA;142365;2;2020-04-10;59817
2020-04-09;"Trnavský kraj";3;0;0;0;NA;142365;3;2020-04-09;59815
2020-04-08;"Trnavský kraj";4;0;0;0;NA;142365;4;2020-04-08;59812
2020-04-07;"Trnavský kraj";6;0;0;0;NA;142365;6;2020-04-07;59808
2020-04-06;"Trnavský kraj";6;0;0;0;NA;142365;6;2020-04-06;59802
2020-04-05;"Trnavský kraj";1;0;0;0;NA;142365;1;2020-04-05;59796
2020-04-04;"Trnavský kraj";1;0;0;0;NA;142365;1;2020-04-04;59795
2020-04-03;"Trnavský kraj";3;0;0;0;NA;142365;3;2020-04-03;59794
2020-04-02;"Trnavský kraj";4;0;0;0;NA;142365;4;2020-04-02;59791
2020-03-31;"Trnavský kraj";3;0;0;0;NA;142365;3;2020-03-31;59787
2020-03-30;"Trnavský kraj";4;0;0;0;NA;142365;4;2020-03-30;59784
2020-03-29;"Trnavský kraj";1;0;0;0;NA;142365;1;2020-03-29;59780
2020-03-28;"Trnavský kraj";3;0;0;0;NA;142365;3;2020-03-28;59779
2020-03-27;"Trnavský kraj";5;0;0;0;NA;142365;5;2020-03-27;59776
2020-03-26;"Trnavský kraj";5;0;0;0;NA;142365;5;2020-03-26;59771
2020-03-25;"Trnavský kraj";1;0;0;0;NA;142365;1;2020-03-25;59766
2020-03-23;"Trnavský kraj";2;0;0;0;NA;142365;2;2020-03-23;59765
2020-03-22;"Trnavský kraj";1;0;0;0;NA;142365;1;2020-03-22;59763
2020-03-21;"Trnavský kraj";5;0;0;0;NA;142365;5;2020-03-21;59762
2020-03-17;"Trnavský kraj";3;0;0;0;NA;142365;3;2020-03-17;59757
2020-03-16;"Trnavský kraj";1;0;0;0;NA;142365;1;2020-03-16;59754
2020-03-13;"Trnavský kraj";1;0;0;0;NA;142365;1;2020-03-13;59753
2020-03-12;"Trnavský kraj";1;0;0;0;NA;142365;1;2020-03-12;59752
2021-03-22;"Žilinský kraj";293;28793;310;29103;50058;90136;603;2021-03-22;90136
2021-03-21;"Žilinský kraj";32;20978;125;21103;NA;90136;157;2021-03-21;89533
2021-03-20;"Žilinský kraj";165;84618;470;85088;NA;90136;635;2021-03-20;89376
2021-03-19;"Žilinský kraj";357;51763;413;52176;NA;90136;770;2021-03-19;88741
2021-03-18;"Žilinský kraj";329;28846;304;29150;NA;90136;633;2021-03-18;87971
2021-03-17;"Žilinský kraj";395;21679;262;21941;NA;90136;657;2021-03-17;87338
2021-03-16;"Žilinský kraj";514;24225;314;24539;NA;90136;828;2021-03-16;86681
2021-03-15;"Žilinský kraj";341;29592;419;30011;NA;90136;760;2021-03-15;85853
2021-03-14;"Žilinský kraj";87;31386;248;31634;NA;90136;335;2021-03-14;85093
2021-03-13;"Žilinský kraj";113;81469;503;81972;NA;90136;616;2021-03-13;84758
2021-03-12;"Žilinský kraj";520;50436;402;50838;NA;90136;922;2021-03-12;84142
2021-03-11;"Žilinský kraj";399;28254;307;28561;NA;90136;706;2021-03-11;83220
2021-03-10;"Žilinský kraj";368;22358;370;22728;NA;90136;738;2021-03-10;82514
2021-03-09;"Žilinský kraj";537;24850;316;25166;NA;90136;853;2021-03-09;81776
2021-03-08;"Žilinský kraj";387;31037;459;31496;NA;90136;846;2021-03-08;80923
2021-03-07;"Žilinský kraj";48;27903;228;28131;NA;90136;276;2021-03-07;80077
2021-03-06;"Žilinský kraj";173;84792;556;85348;NA;90136;729;2021-03-06;79801
2021-03-05;"Žilinský kraj";369;51742;483;52225;NA;90136;852;2021-03-05;79072
2021-03-04;"Žilinský kraj";467;29667;371;30038;NA;90136;838;2021-03-04;78220
2021-03-03;"Žilinský kraj";448;26278;395;26673;NA;90136;843;2021-03-03;77382
2021-03-02;"Žilinský kraj";551;25665;378;26043;NA;90136;929;2021-03-02;76539
2021-03-01;"Žilinský kraj";375;30600;441;31041;NA;90136;816;2021-03-01;75610
2021-02-28;"Žilinský kraj";61;26038;240;26278;NA;90136;301;2021-02-28;74794
2021-02-27;"Žilinský kraj";159;69790;541;70331;NA;90136;700;2021-02-27;74493
2021-02-26;"Žilinský kraj";459;46702;496;47198;NA;90136;955;2021-02-26;73793
2021-02-25;"Žilinský kraj";347;30274;389;30663;NA;90136;736;2021-02-25;72838
2021-02-24;"Žilinský kraj";339;18994;396;19390;NA;90136;735;2021-02-24;72102
2021-02-23;"Žilinský kraj";437;22418;419;22837;NA;90136;856;2021-02-23;71367
2021-02-22;"Žilinský kraj";345;29268;438;29706;NA;90136;783;2021-02-22;70511
2021-02-21;"Žilinský kraj";36;23909;273;24182;NA;90136;309;2021-02-21;69728
2021-02-20;"Žilinský kraj";152;73102;602;73704;NA;90136;754;2021-02-20;69419
2021-02-19;"Žilinský kraj";337;44806;415;45221;NA;90136;752;2021-02-19;68665
2021-02-18;"Žilinský kraj";263;22728;335;23063;NA;90136;598;2021-02-18;67913
2021-02-17;"Žilinský kraj";269;17675;350;18025;NA;90136;619;2021-02-17;67315
2021-02-16;"Žilinský kraj";321;23054;316;23370;NA;90136;637;2021-02-16;66696
2021-02-15;"Žilinský kraj";230;29921;306;30227;NA;90136;536;2021-02-15;66059
2021-02-14;"Žilinský kraj";30;20948;189;21137;NA;90136;219;2021-02-14;65523
2021-02-13;"Žilinský kraj";91;66071;422;66493;NA;90136;513;2021-02-13;65304
2021-02-12;"Žilinský kraj";242;42686;335;43021;NA;90136;577;2021-02-12;64791
2021-02-11;"Žilinský kraj";228;23525;300;23825;NA;90136;528;2021-02-11;64214
2021-02-10;"Žilinský kraj";259;17434;261;17695;NA;90136;520;2021-02-10;63686
2021-02-09;"Žilinský kraj";377;25162;278;25440;NA;90136;655;2021-02-09;63166
2021-02-08;"Žilinský kraj";160;40993;386;41379;NA;90136;546;2021-02-08;62511
2021-02-07;"Žilinský kraj";24;39435;208;39643;NA;90136;232;2021-02-07;61965
2021-02-06;"Žilinský kraj";71;67677;331;68008;NA;90136;402;2021-02-06;61733
2021-02-05;"Žilinský kraj";248;31983;323;32306;NA;90136;571;2021-02-05;61331
2021-02-04;"Žilinský kraj";238;11919;246;12165;NA;90136;484;2021-02-04;60760
2021-02-03;"Žilinský kraj";194;8971;259;9230;NA;90136;453;2021-02-03;60276
2021-02-02;"Žilinský kraj";216;9774;283;10057;NA;90136;499;2021-02-02;59823
2021-02-01;"Žilinský kraj";220;19113;355;19468;NA;90136;575;2021-02-01;59324
2021-01-31;"Žilinský kraj";11;42;1;43;NA;90136;12;2021-01-31;58749
2021-01-30;"Žilinský kraj";85;15492;158;15650;NA;90136;243;2021-01-30;58737
2021-01-29;"Žilinský kraj";209;22890;304;23194;NA;90136;513;2021-01-29;58494
2021-01-28;"Žilinský kraj";240;5625;175;5800;NA;90136;415;2021-01-28;57981
2021-01-27;"Žilinský kraj";256;7136;123;7259;NA;90136;379;2021-01-27;57566
2021-01-26;"Žilinský kraj";245;49569;343;49912;NA;90136;588;2021-01-26;57187
2021-01-25;"Žilinský kraj";159;18637;131;18768;NA;90136;290;2021-01-25;56599
2021-01-24;"Žilinský kraj";22;31984;138;32122;NA;90136;160;2021-01-24;56309
2021-01-23;"Žilinský kraj";91;88667;395;89062;NA;90136;486;2021-01-23;56149
2021-01-22;"Žilinský kraj";163;27946;229;28175;NA;90136;392;2021-01-22;55663
2021-01-21;"Žilinský kraj";116;18697;172;18869;NA;90136;288;2021-01-21;55271
2021-01-20;"Žilinský kraj";236;17484;171;17655;NA;90136;407;2021-01-20;54983
2021-01-19;"Žilinský kraj";245;17805;405;18210;NA;90136;650;2021-01-19;54576
2021-01-18;"Žilinský kraj";236;12422;330;12752;NA;90136;566;2021-01-18;53926
2021-01-17;"Žilinský kraj";95;113;2;115;NA;90136;97;2021-01-17;53360
2021-01-16;"Žilinský kraj";14;314;8;322;NA;90136;22;2021-01-16;53263
2021-01-15;"Žilinský kraj";248;7309;202;7511;NA;90136;450;2021-01-15;53241
2021-01-14;"Žilinský kraj";166;5553;249;5802;NA;90136;415;2021-01-14;52791
2021-01-13;"Žilinský kraj";247;11239;553;11792;NA;90136;800;2021-01-13;52376
2021-01-12;"Žilinský kraj";376;8740;417;9157;NA;90136;793;2021-01-12;51576
2021-01-11;"Žilinský kraj";351;10286;506;10792;NA;90136;857;2021-01-11;50783
2021-01-10;"Žilinský kraj";38;189;7;196;NA;90136;45;2021-01-10;49926
2021-01-09;"Žilinský kraj";192;1992;85;2077;NA;90136;277;2021-01-09;49881
2021-01-08;"Žilinský kraj";413;9138;495;9633;NA;90136;908;2021-01-08;49604
2021-01-07;"Žilinský kraj";438;23455;1875;25330;NA;90136;2313;2021-01-07;48696
2021-01-06;"Žilinský kraj";145;1338;89;1427;NA;90136;234;2021-01-06;46383
2021-01-05;"Žilinský kraj";717;11067;911;11978;NA;90136;1628;2021-01-05;46149
2021-01-04;"Žilinský kraj";479;9295;945;10240;NA;90136;1424;2021-01-04;44521
2021-01-03;"Žilinský kraj";13;33;4;37;NA;90136;17;2021-01-03;43097
2021-01-02;"Žilinský kraj";98;746;86;832;NA;90136;184;2021-01-02;43080
2021-01-01;"Žilinský kraj";118;552;36;588;NA;90136;154;2021-01-01;42896
2020-12-31;"Žilinský kraj";395;10040;814;10854;NA;90136;1209;2020-12-31;42742
2020-12-30;"Žilinský kraj";1038;11884;839;12723;NA;90136;1877;2020-12-30;41533
2020-12-29;"Žilinský kraj";256;10468;1037;11505;NA;90136;1293;2020-12-29;39656
2020-12-28;"Žilinský kraj";406;10370;988;11358;NA;90136;1394;2020-12-28;38363
2020-12-27;"Žilinský kraj";40;662;80;742;NA;90136;120;2020-12-27;36969
2020-12-26;"Žilinský kraj";135;124;14;138;NA;90136;149;2020-12-26;36849
2020-12-25;"Žilinský kraj";66;111;10;121;NA;90136;76;2020-12-25;36700
2020-12-24;"Žilinský kraj";643;1018;75;1093;NA;90136;718;2020-12-24;36624
2020-12-23;"Žilinský kraj";228;16916;996;17912;NA;90136;1224;2020-12-23;35906
2020-12-22;"Žilinský kraj";519;12916;996;13912;NA;90136;1515;2020-12-22;34682
2020-12-21;"Žilinský kraj";444;12480;1095;13575;NA;90136;1539;2020-12-21;33167
2020-12-20;"Žilinský kraj";36;579;73;652;NA;90136;109;2020-12-20;31628
2020-12-19;"Žilinský kraj";208;2080;144;2224;NA;90136;352;2020-12-19;31519
2020-12-18;"Žilinský kraj";333;6813;395;7208;NA;90136;728;2020-12-18;31167
2020-12-17;"Žilinský kraj";500;4186;278;4464;NA;90136;778;2020-12-17;30439
2020-12-16;"Žilinský kraj";333;4248;298;4546;NA;90136;631;2020-12-16;29661
2020-12-15;"Žilinský kraj";528;4154;377;4531;NA;90136;905;2020-12-15;29030
2020-12-14;"Žilinský kraj";321;4236;350;4586;NA;90136;671;2020-12-14;28125
2020-12-13;"Žilinský kraj";26;515;64;579;NA;90136;90;2020-12-13;27454
2020-12-12;"Žilinský kraj";95;1061;53;1114;NA;90136;148;2020-12-12;27364
2020-12-11;"Žilinský kraj";455;4469;272;4741;NA;90136;727;2020-12-11;27216
2020-12-10;"Žilinský kraj";166;9301;839;10140;NA;90136;1005;2020-12-10;26489
2020-12-09;"Žilinský kraj";392;2218;128;2346;NA;90136;520;2020-12-09;25484
2020-12-08;"Žilinský kraj";331;3209;127;3336;NA;90136;458;2020-12-08;24964
2020-12-07;"Žilinský kraj";348;2274;121;2395;NA;90136;469;2020-12-07;24506
2020-12-06;"Žilinský kraj";15;134;4;138;NA;90136;19;2020-12-06;24037
2020-12-05;"Žilinský kraj";98;1237;45;1282;NA;90136;143;2020-12-05;24018
2020-12-04;"Žilinský kraj";228;2847;120;2967;NA;90136;348;2020-12-04;23875
2020-12-03;"Žilinský kraj";237;1412;119;1531;NA;90136;356;2020-12-03;23527
2020-12-02;"Žilinský kraj";181;1553;82;1635;NA;90136;263;2020-12-02;23171
2020-12-01;"Žilinský kraj";209;6529;309;6838;NA;90136;518;2020-12-01;22908
2020-11-30;"Žilinský kraj";203;5232;291;5523;NA;90136;494;2020-11-30;22390
2020-11-29;"Žilinský kraj";18;81;7;88;NA;90136;25;2020-11-29;21896
2020-11-28;"Žilinský kraj";99;349;15;364;NA;90136;114;2020-11-28;21871
2020-11-27;"Žilinský kraj";218;913;46;959;NA;90136;264;2020-11-27;21757
2020-11-26;"Žilinský kraj";190;1104;57;1161;NA;90136;247;2020-11-26;21493
2020-11-25;"Žilinský kraj";225;1217;49;1266;NA;90136;274;2020-11-25;21246
2020-11-24;"Žilinský kraj";213;2092;67;2159;NA;90136;280;2020-11-24;20972
2020-11-23;"Žilinský kraj";170;759;44;803;NA;90136;214;2020-11-23;20692
2020-11-22;"Žilinský kraj";11;0;0;0;NA;90136;11;2020-11-22;20478
2020-11-21;"Žilinský kraj";61;505;20;525;NA;90136;81;2020-11-21;20467
2020-11-20;"Žilinský kraj";251;1074;45;1119;NA;90136;296;2020-11-20;20386
2020-11-19;"Žilinský kraj";252;752;61;813;NA;90136;313;2020-11-19;20090
2020-11-18;"Žilinský kraj";346;348;15;363;NA;90136;361;2020-11-18;19777
2020-11-17;"Žilinský kraj";123;490;15;505;NA;90136;138;2020-11-17;19416
2020-11-16;"Žilinský kraj";227;206;13;219;NA;90136;240;2020-11-16;19278
2020-11-15;"Žilinský kraj";63;13;0;13;NA;90136;63;2020-11-15;19038
2020-11-14;"Žilinský kraj";189;1038;11;1049;NA;90136;200;2020-11-14;18975
2020-11-13;"Žilinský kraj";181;125;9;134;NA;90136;190;2020-11-13;18775
2020-11-12;"Žilinský kraj";334;79;2;81;NA;90136;336;2020-11-12;18585
2020-11-11;"Žilinský kraj";489;147;10;157;NA;90136;499;2020-11-11;18249
2020-11-10;"Žilinský kraj";374;519;9;528;NA;90136;383;2020-11-10;17750
2020-11-09;"Žilinský kraj";143;2335;30;2365;NA;90136;173;2020-11-09;17367
2020-11-08;"Žilinský kraj";59;2196;35;2231;NA;90136;94;2020-11-08;17194
2020-11-07;"Žilinský kraj";312;8175;88;8263;NA;90136;400;2020-11-07;17100
2020-11-06;"Žilinský kraj";503;4090;38;4128;NA;90136;541;2020-11-06;16700
2020-11-05;"Žilinský kraj";473;64;4;68;NA;90136;477;2020-11-05;16159
2020-11-04;"Žilinský kraj";423;76;7;83;NA;90136;430;2020-11-04;15682
2020-11-03;"Žilinský kraj";688;889;16;905;NA;90136;704;2020-11-03;15252
2020-11-02;"Žilinský kraj";472;1043;39;1082;NA;90136;511;2020-11-02;14548
2020-11-01;"Žilinský kraj";349;5096;130;5226;NA;90136;479;2020-11-01;14037
2020-10-31;"Žilinský kraj";661;7963;203;8166;NA;90136;864;2020-10-31;13558
2020-10-30;"Žilinský kraj";529;2575;61;2636;NA;90136;590;2020-10-30;12694
2020-10-29;"Žilinský kraj";740;503;17;520;NA;90136;757;2020-10-29;12104
2020-10-28;"Žilinský kraj";635;105;11;116;NA;90136;646;2020-10-28;11347
2020-10-27;"Žilinský kraj";355;154;24;178;NA;90136;379;2020-10-27;10701
2020-10-26;"Žilinský kraj";148;117;28;145;NA;90136;176;2020-10-26;10322
2020-10-25;"Žilinský kraj";436;0;0;0;NA;90136;436;2020-10-25;10146
2020-10-24;"Žilinský kraj";803;0;0;0;NA;90136;803;2020-10-24;9710
2020-10-23;"Žilinský kraj";659;102;13;115;NA;90136;672;2020-10-23;8907
2020-10-22;"Žilinský kraj";525;33;3;36;NA;90136;528;2020-10-22;8235
2020-10-21;"Žilinský kraj";478;74;14;88;NA;90136;492;2020-10-21;7707
2020-10-20;"Žilinský kraj";524;127;8;135;NA;90136;532;2020-10-20;7215
2020-10-19;"Žilinský kraj";70;80;12;92;NA;90136;82;2020-10-19;6683
2020-10-18;"Žilinský kraj";159;0;0;0;NA;90136;159;2020-10-18;6601
2020-10-17;"Žilinský kraj";509;0;0;0;NA;90136;509;2020-10-17;6442
2020-10-16;"Žilinský kraj";603;51;9;60;NA;90136;612;2020-10-16;5933
2020-10-15;"Žilinský kraj";679;61;3;64;NA;90136;682;2020-10-15;5321
2020-10-14;"Žilinský kraj";523;269;6;275;NA;90136;529;2020-10-14;4639
2020-10-13;"Žilinský kraj";367;458;40;498;NA;90136;407;2020-10-13;4110
2020-10-12;"Žilinský kraj";62;0;0;0;NA;90136;62;2020-10-12;3703
2020-10-11;"Žilinský kraj";50;0;0;0;NA;90136;50;2020-10-11;3641
2020-10-10;"Žilinský kraj";213;0;0;0;NA;90136;213;2020-10-10;3591
2020-10-09;"Žilinský kraj";543;0;0;0;NA;90136;543;2020-10-09;3378
2020-10-08;"Žilinský kraj";238;0;0;0;NA;90136;238;2020-10-08;2835
2020-10-07;"Žilinský kraj";168;0;0;0;NA;90136;168;2020-10-07;2597
2020-10-06;"Žilinský kraj";233;0;0;0;NA;90136;233;2020-10-06;2429
2020-10-05;"Žilinský kraj";33;0;0;0;NA;90136;33;2020-10-05;2196
2020-10-04;"Žilinský kraj";35;0;0;0;NA;90136;35;2020-10-04;2163
2020-10-03;"Žilinský kraj";155;0;0;0;NA;90136;155;2020-10-03;2128
2020-10-02;"Žilinský kraj";105;0;0;0;NA;90136;105;2020-10-02;1973
2020-10-01;"Žilinský kraj";147;0;0;0;NA;90136;147;2020-10-01;1868
2020-09-30;"Žilinský kraj";163;0;0;0;NA;90136;163;2020-09-30;1721
2020-09-29;"Žilinský kraj";105;0;0;0;NA;90136;105;2020-09-29;1558
2020-09-28;"Žilinský kraj";34;0;0;0;NA;90136;34;2020-09-28;1453
2020-09-27;"Žilinský kraj";108;0;0;0;NA;90136;108;2020-09-27;1419
2020-09-26;"Žilinský kraj";96;0;0;0;NA;90136;96;2020-09-26;1311
2020-09-25;"Žilinský kraj";69;0;0;0;NA;90136;69;2020-09-25;1215
2020-09-24;"Žilinský kraj";100;0;0;0;NA;90136;100;2020-09-24;1146
2020-09-23;"Žilinský kraj";65;0;0;0;NA;90136;65;2020-09-23;1046
2020-09-22;"Žilinský kraj";65;0;0;0;NA;90136;65;2020-09-22;981
2020-09-21;"Žilinský kraj";47;0;0;0;NA;90136;47;2020-09-21;916
2020-09-20;"Žilinský kraj";4;0;0;0;NA;90136;4;2020-09-20;869
2020-09-19;"Žilinský kraj";6;0;0;0;NA;90136;6;2020-09-19;865
2020-09-18;"Žilinský kraj";82;0;0;0;NA;90136;82;2020-09-18;859
2020-09-17;"Žilinský kraj";30;0;0;0;NA;90136;30;2020-09-17;777
2020-09-16;"Žilinský kraj";34;0;0;0;NA;90136;34;2020-09-16;747
2020-09-15;"Žilinský kraj";12;0;0;0;NA;90136;12;2020-09-15;713
2020-09-14;"Žilinský kraj";39;0;0;0;NA;90136;39;2020-09-14;701
2020-09-13;"Žilinský kraj";6;0;0;0;NA;90136;6;2020-09-13;662
2020-09-12;"Žilinský kraj";4;0;0;0;NA;90136;4;2020-09-12;656
2020-09-11;"Žilinský kraj";31;0;0;0;NA;90136;31;2020-09-11;652
2020-09-10;"Žilinský kraj";31;0;0;0;NA;90136;31;2020-09-10;621
2020-09-09;"Žilinský kraj";23;0;0;0;NA;90136;23;2020-09-09;590
2020-09-08;"Žilinský kraj";25;0;0;0;NA;90136;25;2020-09-08;567
2020-09-07;"Žilinský kraj";11;0;0;0;NA;90136;11;2020-09-07;542
2020-09-05;"Žilinský kraj";2;0;0;0;NA;90136;2;2020-09-05;531
2020-09-04;"Žilinský kraj";33;0;0;0;NA;90136;33;2020-09-04;529
2020-09-03;"Žilinský kraj";18;0;0;0;NA;90136;18;2020-09-03;496
2020-09-02;"Žilinský kraj";16;0;0;0;NA;90136;16;2020-09-02;478
2020-09-01;"Žilinský kraj";4;0;0;0;NA;90136;4;2020-09-01;462
2020-08-31;"Žilinský kraj";5;0;0;0;NA;90136;5;2020-08-31;458
2020-08-30;"Žilinský kraj";3;0;0;0;NA;90136;3;2020-08-30;453
2020-08-29;"Žilinský kraj";5;0;0;0;NA;90136;5;2020-08-29;450
2020-08-28;"Žilinský kraj";13;0;0;0;NA;90136;13;2020-08-28;445
2020-08-27;"Žilinský kraj";18;0;0;0;NA;90136;18;2020-08-27;432
2020-08-26;"Žilinský kraj";8;0;0;0;NA;90136;8;2020-08-26;414
2020-08-25;"Žilinský kraj";2;0;0;0;NA;90136;2;2020-08-25;406
2020-08-24;"Žilinský kraj";5;0;0;0;NA;90136;5;2020-08-24;404
2020-08-21;"Žilinský kraj";10;0;0;0;NA;90136;10;2020-08-21;399
2020-08-20;"Žilinský kraj";13;0;0;0;NA;90136;13;2020-08-20;389
2020-08-19;"Žilinský kraj";7;0;0;0;NA;90136;7;2020-08-19;376
2020-08-18;"Žilinský kraj";9;0;0;0;NA;90136;9;2020-08-18;369
2020-08-17;"Žilinský kraj";1;0;0;0;NA;90136;1;2020-08-17;360
2020-08-14;"Žilinský kraj";4;0;0;0;NA;90136;4;2020-08-14;359
2020-08-13;"Žilinský kraj";2;0;0;0;NA;90136;2;2020-08-13;355
2020-08-11;"Žilinský kraj";4;0;0;0;NA;90136;4;2020-08-11;353
2020-08-10;"Žilinský kraj";1;0;0;0;NA;90136;1;2020-08-10;349
2020-08-08;"Žilinský kraj";3;0;0;0;NA;90136;3;2020-08-08;348
2020-08-07;"Žilinský kraj";8;0;0;0;NA;90136;8;2020-08-07;345
2020-08-06;"Žilinský kraj";1;0;0;0;NA;90136;1;2020-08-06;337
2020-08-05;"Žilinský kraj";1;0;0;0;NA;90136;1;2020-08-05;336
2020-08-04;"Žilinský kraj";2;0;0;0;NA;90136;2;2020-08-04;335
2020-08-02;"Žilinský kraj";1;0;0;0;NA;90136;1;2020-08-02;333
2020-07-31;"Žilinský kraj";4;0;0;0;NA;90136;4;2020-07-31;332
2020-07-30;"Žilinský kraj";2;0;0;0;NA;90136;2;2020-07-30;328
2020-07-29;"Žilinský kraj";2;0;0;0;NA;90136;2;2020-07-29;326
2020-07-28;"Žilinský kraj";4;0;0;0;NA;90136;4;2020-07-28;324
2020-07-27;"Žilinský kraj";6;0;0;0;NA;90136;6;2020-07-27;320
2020-07-24;"Žilinský kraj";2;0;0;0;NA;90136;2;2020-07-24;314
2020-07-22;"Žilinský kraj";1;0;0;0;NA;90136;1;2020-07-22;312
2020-07-21;"Žilinský kraj";2;0;0;0;NA;90136;2;2020-07-21;311
2020-07-20;"Žilinský kraj";3;0;0;0;NA;90136;3;2020-07-20;309
2020-07-17;"Žilinský kraj";2;0;0;0;NA;90136;2;2020-07-17;306
2020-07-16;"Žilinský kraj";2;0;0;0;NA;90136;2;2020-07-16;304
2020-07-15;"Žilinský kraj";2;0;0;0;NA;90136;2;2020-07-15;302
2020-07-14;"Žilinský kraj";1;0;0;0;NA;90136;1;2020-07-14;300
2020-07-11;"Žilinský kraj";2;0;0;0;NA;90136;2;2020-07-11;299
2020-07-10;"Žilinský kraj";3;0;0;0;NA;90136;3;2020-07-10;297
2020-07-09;"Žilinský kraj";2;0;0;0;NA;90136;2;2020-07-09;294
2020-07-08;"Žilinský kraj";10;0;0;0;NA;90136;10;2020-07-08;292
2020-07-07;"Žilinský kraj";7;0;0;0;NA;90136;7;2020-07-07;282
2020-07-04;"Žilinský kraj";10;0;0;0;NA;90136;10;2020-07-04;275
2020-07-03;"Žilinský kraj";18;0;0;0;NA;90136;18;2020-07-03;265
2020-07-02;"Žilinský kraj";7;0;0;0;NA;90136;7;2020-07-02;247
2020-06-30;"Žilinský kraj";4;0;0;0;NA;90136;4;2020-06-30;240
2020-06-28;"Žilinský kraj";1;0;0;0;NA;90136;1;2020-06-28;236
2020-06-27;"Žilinský kraj";3;0;0;0;NA;90136;3;2020-06-27;235
2020-06-26;"Žilinský kraj";5;0;0;0;NA;90136;5;2020-06-26;232
2020-06-25;"Žilinský kraj";7;0;0;0;NA;90136;7;2020-06-25;227
2020-06-24;"Žilinský kraj";11;0;0;0;NA;90136;11;2020-06-24;220
2020-06-23;"Žilinský kraj";9;0;0;0;NA;90136;9;2020-06-23;209
2020-06-21;"Žilinský kraj";1;0;0;0;NA;90136;1;2020-06-21;200
2020-06-20;"Žilinský kraj";1;0;0;0;NA;90136;1;2020-06-20;199
2020-06-19;"Žilinský kraj";4;0;0;0;NA;90136;4;2020-06-19;198
2020-06-18;"Žilinský kraj";1;0;0;0;NA;90136;1;2020-06-18;194
2020-06-16;"Žilinský kraj";1;0;0;0;NA;90136;1;2020-06-16;193
2020-06-09;"Žilinský kraj";1;0;0;0;NA;90136;1;2020-06-09;192
2020-05-27;"Žilinský kraj";1;0;0;0;NA;90136;1;2020-05-27;191
2020-05-26;"Žilinský kraj";1;0;0;0;NA;90136;1;2020-05-26;190
2020-05-19;"Žilinský kraj";1;0;0;0;NA;90136;1;2020-05-19;189
2020-05-06;"Žilinský kraj";2;0;0;0;NA;90136;2;2020-05-06;188
2020-05-05;"Žilinský kraj";3;0;0;0;NA;90136;3;2020-05-05;186
2020-05-04;"Žilinský kraj";3;0;0;0;NA;90136;3;2020-05-04;183
2020-05-03;"Žilinský kraj";1;0;0;0;NA;90136;1;2020-05-03;180
2020-05-01;"Žilinský kraj";1;0;0;0;NA;90136;1;2020-05-01;179
2020-04-25;"Žilinský kraj";2;0;0;0;NA;90136;2;2020-04-25;178
2020-04-24;"Žilinský kraj";1;0;0;0;NA;90136;1;2020-04-24;176
2020-04-23;"Žilinský kraj";2;0;0;0;NA;90136;2;2020-04-23;175
2020-04-22;"Žilinský kraj";9;0;0;0;NA;90136;9;2020-04-22;173
2020-04-21;"Žilinský kraj";1;0;0;0;NA;90136;1;2020-04-21;164
2020-04-20;"Žilinský kraj";4;0;0;0;NA;90136;4;2020-04-20;163
2020-04-18;"Žilinský kraj";49;0;0;0;NA;90136;49;2020-04-18;159
2020-04-17;"Žilinský kraj";3;0;0;0;NA;90136;3;2020-04-17;110
2020-04-16;"Žilinský kraj";4;0;0;0;NA;90136;4;2020-04-16;107
2020-04-15;"Žilinský kraj";7;0;0;0;NA;90136;7;2020-04-15;103
2020-04-14;"Žilinský kraj";1;0;0;0;NA;90136;1;2020-04-14;96
2020-04-13;"Žilinský kraj";2;0;0;0;NA;90136;2;2020-04-13;95
2020-04-12;"Žilinský kraj";5;0;0;0;NA;90136;5;2020-04-12;93
2020-04-11;"Žilinský kraj";2;0;0;0;NA;90136;2;2020-04-11;88
2020-04-10;"Žilinský kraj";1;0;0;0;NA;90136;1;2020-04-10;86
2020-04-09;"Žilinský kraj";1;0;0;0;NA;90136;1;2020-04-09;85
2020-04-08;"Žilinský kraj";3;0;0;0;NA;90136;3;2020-04-08;84
2020-04-07;"Žilinský kraj";5;0;0;0;NA;90136;5;2020-04-07;81
2020-04-06;"Žilinský kraj";6;0;0;0;NA;90136;6;2020-04-06;76
2020-04-05;"Žilinský kraj";8;0;0;0;NA;90136;8;2020-04-05;70
2020-04-03;"Žilinský kraj";3;0;0;0;NA;90136;3;2020-04-03;62
2020-04-02;"Žilinský kraj";5;0;0;0;NA;90136;5;2020-04-02;59
2020-04-01;"Žilinský kraj";4;0;0;0;NA;90136;4;2020-04-01;54
2020-03-31;"Žilinský kraj";1;0;0;0;NA;90136;1;2020-03-31;50
2020-03-30;"Žilinský kraj";3;0;0;0;NA;90136;3;2020-03-30;49
2020-03-28;"Žilinský kraj";1;0;0;0;NA;90136;1;2020-03-28;46
2020-03-27;"Žilinský kraj";9;0;0;0;NA;90136;9;2020-03-27;45
2020-03-26;"Žilinský kraj";4;0;0;0;NA;90136;4;2020-03-26;36
2020-03-25;"Žilinský kraj";1;0;0;0;NA;90136;1;2020-03-25;32
2020-03-24;"Žilinský kraj";2;0;0;0;NA;90136;2;2020-03-24;31
2020-03-23;"Žilinský kraj";3;0;0;0;NA;90136;3;2020-03-23;29
2020-03-22;"Žilinský kraj";1;0;0;0;NA;90136;1;2020-03-22;26
2020-03-21;"Žilinský kraj";2;0;0;0;NA;90136;2;2020-03-21;25
2020-03-20;"Žilinský kraj";4;0;0;0;NA;90136;4;2020-03-20;23
2020-03-19;"Žilinský kraj";2;0;0;0;NA;90136;2;2020-03-19;19
2020-03-18;"Žilinský kraj";1;0;0;0;NA;90136;1;2020-03-18;17
2020-03-17;"Žilinský kraj";5;0;0;0;NA;90136;5;2020-03-17;16
2020-03-16;"Žilinský kraj";1;0;0;0;NA;90136;1;2020-03-16;11
2020-03-15;"Žilinský kraj";2;0;0;0;NA;90136;2;2020-03-15;10
2020-03-14;"Žilinský kraj";1;0;0;0;NA;90136;1;2020-03-14;8
2020-03-13;"Žilinský kraj";5;0;0;0;NA;90136;5;2020-03-13;7
2020-03-12;"Žilinský kraj";1;0;0;0;NA;90136;1;2020-03-12;2
2020-03-09;"Žilinský kraj";1;0;0;0;NA;90136;1;2020-03-09;1
