"Datum";"Region";"PCR_Pos";"Ag_Neg";"Ag_Pos";"Total";"Pocet.potvrdenych";"Potvrdenych";"newcases";"date";"positive"
2021-06-30;"Banskobystrický kraj";3;5920;1;5921;0;45684;4;2021-06-30;45684
2021-06-29;"Banskobystrický kraj";2;4265;1;4266;NA;45684;3;2021-06-29;45680
2021-06-28;"Banskobystrický kraj";3;5075;1;5076;NA;45684;4;2021-06-28;45677
2021-06-27;"Banskobystrický kraj";0;4191;5;4196;NA;45684;5;2021-06-27;45673
2021-06-26;"Banskobystrický kraj";0;4064;4;4068;NA;45684;4;2021-06-26;45668
2021-06-25;"Banskobystrický kraj";2;6157;2;6159;NA;45684;4;2021-06-25;45664
2021-06-24;"Banskobystrický kraj";6;4323;2;4325;NA;45684;8;2021-06-24;45660
2021-06-23;"Banskobystrický kraj";4;4552;0;4552;NA;45684;4;2021-06-23;45652
2021-06-22;"Banskobystrický kraj";7;4297;0;4297;NA;45684;7;2021-06-22;45648
2021-06-21;"Banskobystrický kraj";6;5486;6;5492;NA;45684;12;2021-06-21;45641
2021-06-20;"Banskobystrický kraj";0;4704;6;4710;NA;45684;6;2021-06-20;45629
2021-06-19;"Banskobystrický kraj";0;5103;4;5107;NA;45684;4;2021-06-19;45623
2021-06-18;"Banskobystrický kraj";4;7457;1;7458;NA;45684;5;2021-06-18;45619
2021-06-17;"Banskobystrický kraj";2;5067;3;5070;NA;45684;5;2021-06-17;45614
2021-06-16;"Banskobystrický kraj";10;5769;5;5774;NA;45684;15;2021-06-16;45609
2021-06-15;"Banskobystrický kraj";9;5550;6;5556;NA;45684;15;2021-06-15;45594
2021-06-14;"Banskobystrický kraj";8;6805;7;6812;NA;45684;15;2021-06-14;45579
2021-06-13;"Banskobystrický kraj";0;6181;7;6188;NA;45684;7;2021-06-13;45564
2021-06-12;"Banskobystrický kraj";3;6168;5;6173;NA;45684;8;2021-06-12;45557
2021-06-11;"Banskobystrický kraj";5;9399;13;9412;NA;45684;18;2021-06-11;45549
2021-06-10;"Banskobystrický kraj";10;5545;7;5552;NA;45684;17;2021-06-10;45531
2021-06-09;"Banskobystrický kraj";9;5536;2;5538;NA;45684;11;2021-06-09;45514
2021-06-08;"Banskobystrický kraj";15;5594;10;5604;NA;45684;25;2021-06-08;45503
2021-06-07;"Banskobystrický kraj";4;7367;19;7386;NA;45684;23;2021-06-07;45478
2021-06-06;"Banskobystrický kraj";1;7246;11;7257;NA;45684;12;2021-06-06;45455
2021-06-05;"Banskobystrický kraj";15;7290;8;7298;NA;45684;23;2021-06-05;45443
2021-06-04;"Banskobystrický kraj";2;8707;12;8719;NA;45684;14;2021-06-04;45420
2021-06-03;"Banskobystrický kraj";8;6390;24;6414;NA;45684;32;2021-06-03;45406
2021-06-02;"Banskobystrický kraj";7;6597;5;6602;NA;45684;12;2021-06-02;45374
2021-06-01;"Banskobystrický kraj";12;7081;14;7095;NA;45684;26;2021-06-01;45362
2021-05-31;"Banskobystrický kraj";4;9298;28;9326;NA;45684;32;2021-05-31;45336
2021-05-30;"Banskobystrický kraj";3;8698;18;8716;NA;45684;21;2021-05-30;45304
2021-05-29;"Banskobystrický kraj";11;9209;13;9222;NA;45684;24;2021-05-29;45283
2021-05-28;"Banskobystrický kraj";13;11510;23;11533;NA;45684;36;2021-05-28;45259
2021-05-27;"Banskobystrický kraj";7;8760;12;8772;NA;45684;19;2021-05-27;45223
2021-05-26;"Banskobystrický kraj";18;7623;16;7639;NA;45684;34;2021-05-26;45204
2021-05-25;"Banskobystrický kraj";27;8883;30;8913;NA;45684;57;2021-05-25;45170
2021-05-24;"Banskobystrický kraj";9;12469;44;12513;NA;45684;53;2021-05-24;45113
2021-05-23;"Banskobystrický kraj";0;9522;25;9547;NA;45684;25;2021-05-23;45060
2021-05-22;"Banskobystrický kraj";20;9368;26;9394;NA;45684;46;2021-05-22;45035
2021-05-21;"Banskobystrický kraj";22;12364;21;12385;NA;45684;43;2021-05-21;44989
2021-05-20;"Banskobystrický kraj";14;8693;24;8717;NA;45684;38;2021-05-20;44946
2021-05-19;"Banskobystrický kraj";42;8344;18;8362;NA;45684;60;2021-05-19;44908
2021-05-18;"Banskobystrický kraj";27;9341;25;9366;NA;45684;52;2021-05-18;44848
2021-05-17;"Banskobystrický kraj";11;13179;29;13208;NA;45684;40;2021-05-17;44796
2021-05-16;"Banskobystrický kraj";15;13730;24;13754;NA;45684;39;2021-05-16;44756
2021-05-15;"Banskobystrický kraj";11;15020;29;15049;NA;45684;40;2021-05-15;44717
2021-05-14;"Banskobystrický kraj";35;18116;43;18159;NA;45684;78;2021-05-14;44677
2021-05-13;"Banskobystrický kraj";37;10605;40;10645;NA;45684;77;2021-05-13;44599
2021-05-12;"Banskobystrický kraj";31;10835;45;10880;NA;45684;76;2021-05-12;44522
2021-05-11;"Banskobystrický kraj";42;11227;48;11275;NA;45684;90;2021-05-11;44446
2021-05-10;"Banskobystrický kraj";28;17297;63;17360;NA;45684;91;2021-05-10;44356
2021-05-09;"Banskobystrický kraj";25;21333;66;21399;NA;45684;91;2021-05-09;44265
2021-05-08;"Banskobystrický kraj";11;13686;23;13709;NA;45684;34;2021-05-08;44174
2021-05-07;"Banskobystrický kraj";41;21278;74;21352;NA;45684;115;2021-05-07;44140
2021-05-06;"Banskobystrický kraj";36;12251;70;12321;NA;45684;106;2021-05-06;44025
2021-05-05;"Banskobystrický kraj";34;12592;63;12655;NA;45684;97;2021-05-05;43919
2021-05-04;"Banskobystrický kraj";83;13888;47;13935;NA;45684;130;2021-05-04;43822
2021-05-03;"Banskobystrický kraj";30;20872;80;20952;NA;45684;110;2021-05-03;43692
2021-05-02;"Banskobystrický kraj";6;32623;60;32683;NA;45684;66;2021-05-02;43582
2021-05-01;"Banskobystrický kraj";54;36770;67;36837;NA;45684;121;2021-05-01;43516
2021-04-30;"Banskobystrický kraj";38;34953;86;35039;NA;45684;124;2021-04-30;43395
2021-04-29;"Banskobystrický kraj";55;16839;68;16907;NA;45684;123;2021-04-29;43271
2021-04-28;"Banskobystrický kraj";66;17959;67;18026;NA;45684;133;2021-04-28;43148
2021-04-27;"Banskobystrický kraj";70;19152;73;19225;NA;45684;143;2021-04-27;43015
2021-04-26;"Banskobystrický kraj";34;28514;101;28615;NA;45684;135;2021-04-26;42872
2021-04-25;"Banskobystrický kraj";14;40204;106;40310;NA;45684;120;2021-04-25;42737
2021-04-24;"Banskobystrický kraj";40;51625;98;51723;NA;45684;138;2021-04-24;42617
2021-04-23;"Banskobystrický kraj";78;37724;88;37812;NA;45684;166;2021-04-23;42479
2021-04-22;"Banskobystrický kraj";51;17412;57;17469;NA;45684;108;2021-04-22;42313
2021-04-21;"Banskobystrický kraj";76;19192;94;19286;NA;45684;170;2021-04-21;42205
2021-04-20;"Banskobystrický kraj";116;21233;98;21331;NA;45684;214;2021-04-20;42035
2021-04-19;"Banskobystrický kraj";48;31407;105;31512;NA;45684;153;2021-04-19;41821
2021-04-18;"Banskobystrický kraj";16;42953;90;43043;NA;45684;106;2021-04-18;41668
2021-04-17;"Banskobystrický kraj";42;64939;92;65031;NA;45684;134;2021-04-17;41562
2021-04-16;"Banskobystrický kraj";72;37303;100;37403;NA;45684;172;2021-04-16;41428
2021-04-15;"Banskobystrický kraj";67;20117;83;20200;NA;45684;150;2021-04-15;41256
2021-04-14;"Banskobystrický kraj";69;21257;86;21343;NA;45684;155;2021-04-14;41106
2021-04-13;"Banskobystrický kraj";130;23076;77;23153;NA;45684;207;2021-04-13;40951
2021-04-12;"Banskobystrický kraj";60;32247;130;32377;NA;45684;190;2021-04-12;40744
2021-04-11;"Banskobystrický kraj";0;41367;88;41455;NA;45684;88;2021-04-11;40554
2021-04-10;"Banskobystrický kraj";56;64728;141;64869;NA;45684;197;2021-04-10;40466
2021-04-09;"Banskobystrický kraj";106;31566;118;31684;NA;45684;224;2021-04-09;40269
2021-04-08;"Banskobystrický kraj";132;18406;110;18516;NA;45684;242;2021-04-08;40045
2021-04-07;"Banskobystrický kraj";226;25117;94;25211;NA;45684;320;2021-04-07;39803
2021-04-06;"Banskobystrický kraj";93;42487;187;42674;NA;45684;280;2021-04-06;39483
2021-04-05;"Banskobystrický kraj";15;11797;87;11884;NA;45684;102;2021-04-05;39203
2021-04-04;"Banskobystrický kraj";24;19683;79;19762;NA;45684;103;2021-04-04;39101
2021-04-03;"Banskobystrický kraj";5;72553;211;72764;NA;45684;216;2021-04-03;38998
2021-04-02;"Banskobystrický kraj";71;13455;66;13521;NA;45684;137;2021-04-02;38782
2021-04-01;"Banskobystrický kraj";171;38877;200;39077;NA;45684;371;2021-04-01;38645
2021-03-31;"Banskobystrický kraj";147;25543;161;25704;NA;45684;308;2021-03-31;38274
2021-03-30;"Banskobystrický kraj";167;21439;159;21598;NA;45684;326;2021-03-30;37966
2021-03-29;"Banskobystrický kraj";119;29491;218;29709;NA;45684;337;2021-03-29;37640
2021-03-28;"Banskobystrický kraj";25;40610;189;40799;NA;45684;214;2021-03-28;37303
2021-03-27;"Banskobystrický kraj";85;64324;260;64584;NA;45684;345;2021-03-27;37089
2021-03-26;"Banskobystrický kraj";122;43657;240;43897;NA;45684;362;2021-03-26;36744
2021-03-25;"Banskobystrický kraj";120;21589;240;21829;NA;45684;360;2021-03-25;36382
2021-03-24;"Banskobystrický kraj";200;19319;227;19546;NA;45684;427;2021-03-24;36022
2021-03-23;"Banskobystrický kraj";241;21538;257;21795;NA;45684;498;2021-03-23;35595
2021-03-22;"Banskobystrický kraj";65;30478;274;30752;NA;45684;339;2021-03-22;35097
2021-03-21;"Banskobystrický kraj";31;40039;280;40319;NA;45684;311;2021-03-21;34758
2021-03-20;"Banskobystrický kraj";119;67926;383;68309;NA;45684;502;2021-03-20;34447
2021-03-19;"Banskobystrický kraj";240;44041;307;44348;NA;45684;547;2021-03-19;33945
2021-03-18;"Banskobystrický kraj";160;22467;273;22740;NA;45684;433;2021-03-18;33398
2021-03-17;"Banskobystrický kraj";262;21573;245;21818;NA;45684;507;2021-03-17;32965
2021-03-16;"Banskobystrický kraj";340;23365;224;23589;NA;45684;564;2021-03-16;32458
2021-03-15;"Banskobystrický kraj";95;31293;364;31657;NA;45684;459;2021-03-15;31894
2021-03-14;"Banskobystrický kraj";39;40650;229;40879;NA;45684;268;2021-03-14;31435
2021-03-13;"Banskobystrický kraj";209;67167;391;67558;NA;45684;600;2021-03-13;31167
2021-03-12;"Banskobystrický kraj";206;41439;330;41769;NA;45684;536;2021-03-12;30567
2021-03-11;"Banskobystrický kraj";228;21337;272;21609;NA;45684;500;2021-03-11;30031
2021-03-10;"Banskobystrický kraj";260;20381;238;20619;NA;45684;498;2021-03-10;29531
2021-03-09;"Banskobystrický kraj";352;21790;284;22074;NA;45684;636;2021-03-09;29033
2021-03-08;"Banskobystrický kraj";191;31488;427;31915;NA;45684;618;2021-03-08;28397
2021-03-07;"Banskobystrický kraj";60;39083;295;39378;NA;45684;355;2021-03-07;27779
2021-03-06;"Banskobystrický kraj";164;70562;410;70972;NA;45684;574;2021-03-06;27424
2021-03-05;"Banskobystrický kraj";221;42137;388;42525;NA;45684;609;2021-03-05;26850
2021-03-04;"Banskobystrický kraj";226;22007;334;22341;NA;45684;560;2021-03-04;26241
2021-03-03;"Banskobystrický kraj";317;21949;331;22280;NA;45684;648;2021-03-03;25681
2021-03-02;"Banskobystrický kraj";291;23152;354;23506;NA;45684;645;2021-03-02;25033
2021-03-01;"Banskobystrický kraj";151;31773;434;32207;NA;45684;585;2021-03-01;24388
2021-02-28;"Banskobystrický kraj";45;38663;336;38999;NA;45684;381;2021-02-28;23803
2021-02-27;"Banskobystrický kraj";289;66667;529;67196;NA;45684;818;2021-02-27;23422
2021-02-26;"Banskobystrický kraj";326;39489;468;39957;NA;45684;794;2021-02-26;22604
2021-02-25;"Banskobystrický kraj";375;18081;366;18447;NA;45684;741;2021-02-25;21810
2021-02-24;"Banskobystrický kraj";332;16735;373;17108;NA;45684;705;2021-02-24;21069
2021-02-23;"Banskobystrický kraj";462;19930;439;20369;NA;45684;901;2021-02-23;20364
2021-02-22;"Banskobystrický kraj";67;28643;598;29241;NA;45684;665;2021-02-22;19463
2021-02-21;"Banskobystrický kraj";68;37464;437;37901;NA;45684;505;2021-02-21;18798
2021-02-20;"Banskobystrický kraj";280;68851;598;69449;NA;45684;878;2021-02-20;18293
2021-02-19;"Banskobystrický kraj";420;39882;511;40393;NA;45684;931;2021-02-19;17415
2021-02-18;"Banskobystrický kraj";241;18618;396;19014;NA;45684;637;2021-02-18;16484
2021-02-17;"Banskobystrický kraj";415;16737;389;17126;NA;45684;804;2021-02-17;15847
2021-02-16;"Banskobystrický kraj";338;19727;368;20095;NA;45684;706;2021-02-16;15043
2021-02-15;"Banskobystrický kraj";118;35835;591;36426;NA;45684;709;2021-02-15;14337
2021-02-14;"Banskobystrický kraj";60;31894;386;32280;NA;45684;446;2021-02-14;13628
2021-02-13;"Banskobystrický kraj";202;53889;492;54381;NA;45684;694;2021-02-13;13182
2021-02-12;"Banskobystrický kraj";312;37270;533;37803;NA;45684;845;2021-02-12;12488
2021-02-11;"Banskobystrický kraj";305;21200;386;21586;NA;45684;691;2021-02-11;11643
2021-02-10;"Banskobystrický kraj";333;14790;344;15134;NA;45684;677;2021-02-10;10952
2021-02-09;"Banskobystrický kraj";329;18504;362;18866;NA;45684;691;2021-02-09;10275
2021-02-08;"Banskobystrický kraj";103;47046;672;47718;NA;45684;775;2021-02-08;9584
2021-02-07;"Banskobystrický kraj";70;37363;333;37696;NA;45684;403;2021-02-07;8809
2021-02-06;"Banskobystrický kraj";178;69388;570;69958;NA;45684;748;2021-02-06;8406
2021-02-05;"Banskobystrický kraj";282;24577;363;24940;NA;45684;645;2021-02-05;7658
2021-02-04;"Banskobystrický kraj";240;14367;430;14797;NA;45684;670;2021-02-04;7013
2021-02-03;"Banskobystrický kraj";350;9429;255;9684;NA;45684;605;2021-02-03;6343
2021-02-02;"Banskobystrický kraj";277;15740;334;16074;NA;45684;611;2021-02-02;5738
2021-02-01;"Banskobystrický kraj";75;24723;496;25219;NA;45684;571;2021-02-01;5127
2021-01-31;"Banskobystrický kraj";34;19983;201;20184;NA;45684;235;2021-01-31;4556
2021-01-30;"Banskobystrický kraj";163;63896;525;64421;NA;45684;688;2021-01-30;4321
2021-01-29;"Banskobystrický kraj";196;17360;269;17629;NA;45684;465;2021-01-29;3633
2021-01-28;"Banskobystrický kraj";218;14229;372;14601;NA;45684;590;2021-01-28;3168
2021-01-27;"Banskobystrický kraj";191;8128;200;8328;NA;45684;391;2021-01-27;2578
2021-01-26;"Banskobystrický kraj";238;19798;283;20081;NA;45684;521;2021-01-26;2187
2021-01-25;"Banskobystrický kraj";82;33666;412;34078;NA;45684;494;2021-01-25;1666
2021-01-24;"Banskobystrický kraj";38;35587;278;35865;NA;45684;316;2021-01-24;1172
2021-01-23;"Banskobystrický kraj";142;89032;524;89556;NA;45684;666;2021-01-23;856
2021-01-22;"Banskobystrický kraj";175;26393;359;26752;NA;45684;534;2021-01-22;190
2021-01-21;"Banskobystrický kraj";194;17308;285;17593;NA;45684;479;2021-01-21;-344
2021-01-20;"Banskobystrický kraj";231;9150;188;9338;NA;45684;419;2021-01-20;-823
2021-01-19;"Banskobystrický kraj";213;10708;311;11019;NA;45684;524;2021-01-19;-1242
2021-01-18;"Banskobystrický kraj";94;7415;402;7817;NA;45684;496;2021-01-18;-1766
2021-01-17;"Banskobystrický kraj";110;8154;77;8231;NA;45684;187;2021-01-17;-2262
2021-01-16;"Banskobystrický kraj";58;2274;57;2331;NA;45684;115;2021-01-16;-2449
2021-01-15;"Banskobystrický kraj";164;7673;217;7890;NA;45684;381;2021-01-15;-2564
2021-01-14;"Banskobystrický kraj";220;5760;325;6085;NA;45684;545;2021-01-14;-2945
2021-01-13;"Banskobystrický kraj";235;5974;217;6191;NA;45684;452;2021-01-13;-3490
2021-01-12;"Banskobystrický kraj";194;6600;290;6890;NA;45684;484;2021-01-12;-3942
2021-01-11;"Banskobystrický kraj";76;8231;481;8712;NA;45684;557;2021-01-11;-4426
2021-01-10;"Banskobystrický kraj";110;433;4;437;NA;45684;114;2021-01-10;-4983
2021-01-09;"Banskobystrický kraj";297;2378;81;2459;NA;45684;378;2021-01-09;-5097
2021-01-08;"Banskobystrický kraj";435;9802;443;10245;NA;45684;878;2021-01-08;-5475
2021-01-07;"Banskobystrický kraj";127;6322;366;6688;NA;45684;493;2021-01-07;-6353
2021-01-06;"Banskobystrický kraj";305;3374;185;3559;NA;45684;490;2021-01-06;-6846
2021-01-05;"Banskobystrický kraj";372;7349;533;7882;NA;45684;905;2021-01-05;-7336
2021-01-04;"Banskobystrický kraj";130;7083;700;7783;NA;45684;830;2021-01-04;-8241
2021-01-03;"Banskobystrický kraj";199;320;19;339;NA;45684;218;2021-01-03;-9071
2021-01-02;"Banskobystrický kraj";123;702;85;787;NA;45684;208;2021-01-02;-9289
2021-01-01;"Banskobystrický kraj";220;1958;132;2090;NA;45684;352;2021-01-01;-9497
2020-12-31;"Banskobystrický kraj";499;7679;633;8312;NA;45684;1132;2020-12-31;-9849
2020-12-30;"Banskobystrický kraj";593;7392;541;7933;NA;45684;1134;2020-12-30;-10981
2020-12-29;"Banskobystrický kraj";240;7876;660;8536;NA;45684;900;2020-12-29;-12115
2020-12-28;"Banskobystrický kraj";131;6120;720;6840;NA;45684;851;2020-12-28;-13015
2020-12-27;"Banskobystrický kraj";116;541;25;566;NA;45684;141;2020-12-27;-13866
2020-12-26;"Banskobystrický kraj";61;295;35;330;NA;45684;96;2020-12-26;-14007
2020-12-25;"Banskobystrický kraj";65;888;10;898;NA;45684;75;2020-12-25;-14103
2020-12-24;"Banskobystrický kraj";452;3685;135;3820;NA;45684;587;2020-12-24;-14178
2020-12-23;"Banskobystrický kraj";368;10126;502;10628;NA;45684;870;2020-12-23;-14765
2020-12-22;"Banskobystrický kraj";307;8467;619;9086;NA;45684;926;2020-12-22;-15635
2020-12-21;"Banskobystrický kraj";286;4922;455;5377;NA;45684;741;2020-12-21;-16561
2020-12-20;"Banskobystrický kraj";155;249;14;263;NA;45684;169;2020-12-20;-17302
2020-12-19;"Banskobystrický kraj";170;3084;138;3222;NA;45684;308;2020-12-19;-17471
2020-12-18;"Banskobystrický kraj";432;5959;331;6290;NA;45684;763;2020-12-18;-17779
2020-12-17;"Banskobystrický kraj";468;8755;653;9408;NA;45684;1121;2020-12-17;-18542
2020-12-16;"Banskobystrický kraj";379;10184;567;10751;NA;45684;946;2020-12-16;-19663
2020-12-15;"Banskobystrický kraj";336;5281;425;5706;NA;45684;761;2020-12-15;-20609
2020-12-14;"Banskobystrický kraj";148;4012;259;4271;NA;45684;407;2020-12-14;-21370
2020-12-13;"Banskobystrický kraj";122;142;1;143;NA;45684;123;2020-12-13;-21777
2020-12-12;"Banskobystrický kraj";137;2714;138;2852;NA;45684;275;2020-12-12;-21900
2020-12-11;"Banskobystrický kraj";468;6633;362;6995;NA;45684;830;2020-12-11;-22175
2020-12-10;"Banskobystrický kraj";280;5501;369;5870;NA;45684;649;2020-12-10;-23005
2020-12-09;"Banskobystrický kraj";323;3941;205;4146;NA;45684;528;2020-12-09;-23654
2020-12-08;"Banskobystrický kraj";256;3782;272;4054;NA;45684;528;2020-12-08;-24182
2020-12-07;"Banskobystrický kraj";175;2633;177;2810;NA;45684;352;2020-12-07;-24710
2020-12-06;"Banskobystrický kraj";121;507;11;518;NA;45684;132;2020-12-06;-25062
2020-12-05;"Banskobystrický kraj";109;1099;34;1133;NA;45684;143;2020-12-05;-25194
2020-12-04;"Banskobystrický kraj";339;3828;174;4002;NA;45684;513;2020-12-04;-25337
2020-12-03;"Banskobystrický kraj";240;3193;234;3427;NA;45684;474;2020-12-03;-25850
2020-12-02;"Banskobystrický kraj";217;4442;186;4628;NA;45684;403;2020-12-02;-26324
2020-12-01;"Banskobystrický kraj";215;2702;134;2836;NA;45684;349;2020-12-01;-26727
2020-11-30;"Banskobystrický kraj";74;4559;257;4816;NA;45684;331;2020-11-30;-27076
2020-11-29;"Banskobystrický kraj";19;208;7;215;NA;45684;26;2020-11-29;-27407
2020-11-28;"Banskobystrický kraj";81;1408;55;1463;NA;45684;136;2020-11-28;-27433
2020-11-27;"Banskobystrický kraj";219;2266;123;2389;NA;45684;342;2020-11-27;-27569
2020-11-26;"Banskobystrický kraj";208;2124;93;2217;NA;45684;301;2020-11-26;-27911
2020-11-25;"Banskobystrický kraj";170;1952;86;2038;NA;45684;256;2020-11-25;-28212
2020-11-24;"Banskobystrický kraj";166;2566;69;2635;NA;45684;235;2020-11-24;-28468
2020-11-23;"Banskobystrický kraj";66;10240;194;10434;NA;45684;260;2020-11-23;-28703
2020-11-22;"Banskobystrický kraj";38;104;1;105;NA;45684;39;2020-11-22;-28963
2020-11-21;"Banskobystrický kraj";52;904;14;918;NA;45684;66;2020-11-21;-29002
2020-11-20;"Banskobystrický kraj";127;2005;107;2112;NA;45684;234;2020-11-20;-29068
2020-11-19;"Banskobystrický kraj";170;1218;82;1300;NA;45684;252;2020-11-19;-29302
2020-11-18;"Banskobystrický kraj";153;698;65;763;NA;45684;218;2020-11-18;-29554
2020-11-17;"Banskobystrický kraj";52;578;35;613;NA;45684;87;2020-11-17;-29772
2020-11-16;"Banskobystrický kraj";106;470;25;495;NA;45684;131;2020-11-16;-29859
2020-11-15;"Banskobystrický kraj";52;301;4;305;NA;45684;56;2020-11-15;-29990
2020-11-14;"Banskobystrický kraj";73;305;2;307;NA;45684;75;2020-11-14;-30046
2020-11-13;"Banskobystrický kraj";157;552;11;563;NA;45684;168;2020-11-13;-30121
2020-11-12;"Banskobystrický kraj";218;952;44;996;NA;45684;262;2020-11-12;-30289
2020-11-11;"Banskobystrický kraj";224;437;9;446;NA;45684;233;2020-11-11;-30551
2020-11-10;"Banskobystrický kraj";263;463;18;481;NA;45684;281;2020-11-10;-30784
2020-11-09;"Banskobystrický kraj";80;2678;31;2709;NA;45684;111;2020-11-09;-31065
2020-11-08;"Banskobystrický kraj";82;981;16;997;NA;45684;98;2020-11-08;-31176
2020-11-07;"Banskobystrický kraj";164;8828;94;8922;NA;45684;258;2020-11-07;-31274
2020-11-06;"Banskobystrický kraj";227;2496;16;2512;NA;45684;243;2020-11-06;-31532
2020-11-05;"Banskobystrický kraj";240;290;33;323;NA;45684;273;2020-11-05;-31775
2020-11-04;"Banskobystrický kraj";254;1366;13;1379;NA;45684;267;2020-11-04;-32048
2020-11-03;"Banskobystrický kraj";246;1332;4;1336;NA;45684;250;2020-11-03;-32315
2020-11-02;"Banskobystrický kraj";90;2909;65;2974;NA;45684;155;2020-11-02;-32565
2020-11-01;"Banskobystrický kraj";101;2671;42;2713;NA;45684;143;2020-11-01;-32720
2020-10-31;"Banskobystrický kraj";199;13516;116;13632;NA;45684;315;2020-10-31;-32863
2020-10-30;"Banskobystrický kraj";254;2829;20;2849;NA;45684;274;2020-10-30;-33178
2020-10-29;"Banskobystrický kraj";372;969;42;1011;NA;45684;414;2020-10-29;-33452
2020-10-28;"Banskobystrický kraj";285;302;30;332;NA;45684;315;2020-10-28;-33866
2020-10-27;"Banskobystrický kraj";266;654;40;694;NA;45684;306;2020-10-27;-34181
2020-10-26;"Banskobystrický kraj";38;234;29;263;NA;45684;67;2020-10-26;-34487
2020-10-25;"Banskobystrický kraj";50;140;11;151;NA;45684;61;2020-10-25;-34554
2020-10-24;"Banskobystrický kraj";315;114;12;126;NA;45684;327;2020-10-24;-34615
2020-10-23;"Banskobystrický kraj";231;230;29;259;NA;45684;260;2020-10-23;-34942
2020-10-22;"Banskobystrický kraj";264;253;24;277;NA;45684;288;2020-10-22;-35202
2020-10-21;"Banskobystrický kraj";209;266;3;269;NA;45684;212;2020-10-21;-35490
2020-10-20;"Banskobystrický kraj";210;66;3;69;NA;45684;213;2020-10-20;-35702
2020-10-19;"Banskobystrický kraj";27;73;12;85;NA;45684;39;2020-10-19;-35915
2020-10-18;"Banskobystrický kraj";49;0;0;0;NA;45684;49;2020-10-18;-35954
2020-10-17;"Banskobystrický kraj";91;0;0;0;NA;45684;91;2020-10-17;-36003
2020-10-16;"Banskobystrický kraj";224;37;3;40;NA;45684;227;2020-10-16;-36094
2020-10-15;"Banskobystrický kraj";133;29;1;30;NA;45684;134;2020-10-15;-36321
2020-10-14;"Banskobystrický kraj";139;31;1;32;NA;45684;140;2020-10-14;-36455
2020-10-13;"Banskobystrický kraj";151;169;11;180;NA;45684;162;2020-10-13;-36595
2020-10-12;"Banskobystrický kraj";11;110;4;114;NA;45684;15;2020-10-12;-36757
2020-10-11;"Banskobystrický kraj";14;0;0;0;NA;45684;14;2020-10-11;-36772
2020-10-10;"Banskobystrický kraj";53;0;0;0;NA;45684;53;2020-10-10;-36786
2020-10-09;"Banskobystrický kraj";128;0;0;0;NA;45684;128;2020-10-09;-36839
2020-10-08;"Banskobystrický kraj";99;0;0;0;NA;45684;99;2020-10-08;-36967
2020-10-07;"Banskobystrický kraj";124;0;0;0;NA;45684;124;2020-10-07;-37066
2020-10-06;"Banskobystrický kraj";68;0;0;0;NA;45684;68;2020-10-06;-37190
2020-10-05;"Banskobystrický kraj";49;0;0;0;NA;45684;49;2020-10-05;-37258
2020-10-04;"Banskobystrický kraj";8;0;0;0;NA;45684;8;2020-10-04;-37307
2020-10-03;"Banskobystrický kraj";37;0;0;0;NA;45684;37;2020-10-03;-37315
2020-10-02;"Banskobystrický kraj";74;0;0;0;NA;45684;74;2020-10-02;-37352
2020-10-01;"Banskobystrický kraj";49;0;0;0;NA;45684;49;2020-10-01;-37426
2020-09-30;"Banskobystrický kraj";60;0;0;0;NA;45684;60;2020-09-30;-37475
2020-09-29;"Banskobystrický kraj";24;0;0;0;NA;45684;24;2020-09-29;-37535
2020-09-28;"Banskobystrický kraj";0;0;0;0;NA;45684;0;2020-09-28;-37559
2020-09-27;"Banskobystrický kraj";20;0;0;0;NA;45684;20;2020-09-27;-37559
2020-09-26;"Banskobystrický kraj";24;0;0;0;NA;45684;24;2020-09-26;-37579
2020-09-25;"Banskobystrický kraj";29;0;0;0;NA;45684;29;2020-09-25;-37603
2020-09-24;"Banskobystrický kraj";25;0;0;0;NA;45684;25;2020-09-24;-37632
2020-09-23;"Banskobystrický kraj";17;0;0;0;NA;45684;17;2020-09-23;-37657
2020-09-22;"Banskobystrický kraj";25;0;0;0;NA;45684;25;2020-09-22;-37674
2020-09-21;"Banskobystrický kraj";3;0;0;0;NA;45684;3;2020-09-21;-37699
2020-09-20;"Banskobystrický kraj";0;0;0;0;NA;45684;0;2020-09-20;-37702
2020-09-19;"Banskobystrický kraj";3;0;0;0;NA;45684;3;2020-09-19;-37702
2020-09-18;"Banskobystrický kraj";24;0;0;0;NA;45684;24;2020-09-18;-37705
2020-09-17;"Banskobystrický kraj";14;0;0;0;NA;45684;14;2020-09-17;-37729
2020-09-16;"Banskobystrický kraj";6;0;0;0;NA;45684;6;2020-09-16;-37743
2020-09-15;"Banskobystrický kraj";2;0;0;0;NA;45684;2;2020-09-15;-37749
2020-09-14;"Banskobystrický kraj";13;0;0;0;NA;45684;13;2020-09-14;-37751
2020-09-13;"Banskobystrický kraj";1;0;0;0;NA;45684;1;2020-09-13;-37764
2020-09-12;"Banskobystrický kraj";5;0;0;0;NA;45684;5;2020-09-12;-37765
2020-09-11;"Banskobystrický kraj";19;0;0;0;NA;45684;19;2020-09-11;-37770
2020-09-10;"Banskobystrický kraj";11;0;0;0;NA;45684;11;2020-09-10;-37789
2020-09-09;"Banskobystrický kraj";13;0;0;0;NA;45684;13;2020-09-09;-37800
2020-09-08;"Banskobystrický kraj";5;0;0;0;NA;45684;5;2020-09-08;-37813
2020-09-07;"Banskobystrický kraj";2;0;0;0;NA;45684;2;2020-09-07;-37818
2020-09-06;"Banskobystrický kraj";0;0;0;0;NA;45684;0;2020-09-06;-37820
2020-09-05;"Banskobystrický kraj";0;0;0;0;NA;45684;0;2020-09-05;-37820
2020-09-04;"Banskobystrický kraj";9;0;0;0;NA;45684;9;2020-09-04;-37820
2020-09-03;"Banskobystrický kraj";5;0;0;0;NA;45684;5;2020-09-03;-37829
2020-09-02;"Banskobystrický kraj";6;0;0;0;NA;45684;6;2020-09-02;-37834
2020-09-01;"Banskobystrický kraj";2;0;0;0;NA;45684;2;2020-09-01;-37840
2020-08-31;"Banskobystrický kraj";6;0;0;0;NA;45684;6;2020-08-31;-37842
2020-08-30;"Banskobystrický kraj";0;0;0;0;NA;45684;0;2020-08-30;-37848
2020-08-29;"Banskobystrický kraj";1;0;0;0;NA;45684;1;2020-08-29;-37848
2020-08-28;"Banskobystrický kraj";3;0;0;0;NA;45684;3;2020-08-28;-37849
2020-08-27;"Banskobystrický kraj";1;0;0;0;NA;45684;1;2020-08-27;-37852
2020-08-26;"Banskobystrický kraj";2;0;0;0;NA;45684;2;2020-08-26;-37853
2020-08-25;"Banskobystrický kraj";2;0;0;0;NA;45684;2;2020-08-25;-37855
2020-08-24;"Banskobystrický kraj";0;0;0;0;NA;45684;0;2020-08-24;-37857
2020-08-23;"Banskobystrický kraj";0;0;0;0;NA;45684;0;2020-08-23;-37857
2020-08-22;"Banskobystrický kraj";0;0;0;0;NA;45684;0;2020-08-22;-37857
2020-08-21;"Banskobystrický kraj";4;0;0;0;NA;45684;4;2020-08-21;-37857
2020-08-20;"Banskobystrický kraj";1;0;0;0;NA;45684;1;2020-08-20;-37861
2020-08-19;"Banskobystrický kraj";4;0;0;0;NA;45684;4;2020-08-19;-37862
2020-08-18;"Banskobystrický kraj";0;0;0;0;NA;45684;0;2020-08-18;-37866
2020-08-17;"Banskobystrický kraj";1;0;0;0;NA;45684;1;2020-08-17;-37866
2020-08-16;"Banskobystrický kraj";0;0;0;0;NA;45684;0;2020-08-16;-37867
2020-08-15;"Banskobystrický kraj";0;0;0;0;NA;45684;0;2020-08-15;-37867
2020-08-14;"Banskobystrický kraj";5;0;0;0;NA;45684;5;2020-08-14;-37867
2020-08-13;"Banskobystrický kraj";0;0;0;0;NA;45684;0;2020-08-13;-37872
2020-08-12;"Banskobystrický kraj";0;0;0;0;NA;45684;0;2020-08-12;-37872
2020-08-11;"Banskobystrický kraj";2;0;0;0;NA;45684;2;2020-08-11;-37872
2020-08-10;"Banskobystrický kraj";3;0;0;0;NA;45684;3;2020-08-10;-37874
2020-08-09;"Banskobystrický kraj";0;0;0;0;NA;45684;0;2020-08-09;-37877
2020-08-08;"Banskobystrický kraj";2;0;0;0;NA;45684;2;2020-08-08;-37877
2020-08-07;"Banskobystrický kraj";1;0;0;0;NA;45684;1;2020-08-07;-37879
2020-08-06;"Banskobystrický kraj";1;0;0;0;NA;45684;1;2020-08-06;-37880
2020-08-05;"Banskobystrický kraj";0;0;0;0;NA;45684;0;2020-08-05;-37881
2020-08-04;"Banskobystrický kraj";3;0;0;0;NA;45684;3;2020-08-04;-37881
2020-08-03;"Banskobystrický kraj";0;0;0;0;NA;45684;0;2020-08-03;-37884
2020-08-02;"Banskobystrický kraj";0;0;0;0;NA;45684;0;2020-08-02;-37884
2020-08-01;"Banskobystrický kraj";1;0;0;0;NA;45684;1;2020-08-01;-37884
2020-07-31;"Banskobystrický kraj";2;0;0;0;NA;45684;2;2020-07-31;-37885
2020-07-30;"Banskobystrický kraj";1;0;0;0;NA;45684;1;2020-07-30;-37887
2020-07-29;"Banskobystrický kraj";0;0;0;0;NA;45684;0;2020-07-29;-37888
2020-07-28;"Banskobystrický kraj";2;0;0;0;NA;45684;2;2020-07-28;-37888
2020-07-27;"Banskobystrický kraj";3;0;0;0;NA;45684;3;2020-07-27;-37890
2020-07-26;"Banskobystrický kraj";0;0;0;0;NA;45684;0;2020-07-26;-37893
2020-07-25;"Banskobystrický kraj";0;0;0;0;NA;45684;0;2020-07-25;-37893
2020-07-24;"Banskobystrický kraj";9;0;0;0;NA;45684;9;2020-07-24;-37893
2020-07-23;"Banskobystrický kraj";0;0;0;0;NA;45684;0;2020-07-23;-37902
2020-07-22;"Banskobystrický kraj";3;0;0;0;NA;45684;3;2020-07-22;-37902
2020-07-21;"Banskobystrický kraj";3;0;0;0;NA;45684;3;2020-07-21;-37905
2020-07-20;"Banskobystrický kraj";1;0;0;0;NA;45684;1;2020-07-20;-37908
2020-07-19;"Banskobystrický kraj";1;0;0;0;NA;45684;1;2020-07-19;-37909
2020-07-18;"Banskobystrický kraj";0;0;0;0;NA;45684;0;2020-07-18;-37910
2020-07-17;"Banskobystrický kraj";2;0;0;0;NA;45684;2;2020-07-17;-37910
2020-07-16;"Banskobystrický kraj";1;0;0;0;NA;45684;1;2020-07-16;-37912
2020-07-15;"Banskobystrický kraj";4;0;0;0;NA;45684;4;2020-07-15;-37913
2020-07-14;"Banskobystrický kraj";2;0;0;0;NA;45684;2;2020-07-14;-37917
2020-07-13;"Banskobystrický kraj";1;0;0;0;NA;45684;1;2020-07-13;-37919
2020-07-12;"Banskobystrický kraj";0;0;0;0;NA;45684;0;2020-07-12;-37920
2020-07-11;"Banskobystrický kraj";0;0;0;0;NA;45684;0;2020-07-11;-37920
2020-07-10;"Banskobystrický kraj";3;0;0;0;NA;45684;3;2020-07-10;-37920
2020-07-09;"Banskobystrický kraj";9;0;0;0;NA;45684;9;2020-07-09;-37923
2020-07-08;"Banskobystrický kraj";0;0;0;0;NA;45684;0;2020-07-08;-37932
2020-07-07;"Banskobystrický kraj";4;0;0;0;NA;45684;4;2020-07-07;-37932
2020-07-06;"Banskobystrický kraj";0;0;0;0;NA;45684;0;2020-07-06;-37936
2020-07-05;"Banskobystrický kraj";0;0;0;0;NA;45684;0;2020-07-05;-37936
2020-07-04;"Banskobystrický kraj";1;0;0;0;NA;45684;1;2020-07-04;-37936
2020-07-03;"Banskobystrický kraj";4;0;0;0;NA;45684;4;2020-07-03;-37937
2020-07-02;"Banskobystrický kraj";0;0;0;0;NA;45684;0;2020-07-02;-37941
2020-07-01;"Banskobystrický kraj";1;0;0;0;NA;45684;1;2020-07-01;-37941
2020-06-30;"Banskobystrický kraj";0;0;0;0;NA;45684;0;2020-06-30;-37942
2020-06-29;"Banskobystrický kraj";0;0;0;0;NA;45684;0;2020-06-29;-37942
2020-06-28;"Banskobystrický kraj";0;0;0;0;NA;45684;0;2020-06-28;-37942
2020-06-27;"Banskobystrický kraj";0;0;0;0;NA;45684;0;2020-06-27;-37942
2020-06-26;"Banskobystrický kraj";0;0;0;0;NA;45684;0;2020-06-26;-37942
2020-06-25;"Banskobystrický kraj";1;0;0;0;NA;45684;1;2020-06-25;-37942
2020-06-24;"Banskobystrický kraj";0;0;0;0;NA;45684;0;2020-06-24;-37943
2020-06-23;"Banskobystrický kraj";6;0;0;0;NA;45684;6;2020-06-23;-37943
2020-06-22;"Banskobystrický kraj";0;0;0;0;NA;45684;0;2020-06-22;-37949
2020-06-21;"Banskobystrický kraj";0;0;0;0;NA;45684;0;2020-06-21;-37949
2020-06-20;"Banskobystrický kraj";0;0;0;0;NA;45684;0;2020-06-20;-37949
2020-06-19;"Banskobystrický kraj";2;0;0;0;NA;45684;2;2020-06-19;-37949
2020-06-18;"Banskobystrický kraj";10;0;0;0;NA;45684;10;2020-06-18;-37951
2020-06-17;"Banskobystrický kraj";1;0;0;0;NA;45684;1;2020-06-17;-37961
2020-06-16;"Banskobystrický kraj";0;0;0;0;NA;45684;0;2020-06-16;-37962
2020-06-14;"Banskobystrický kraj";2;0;0;0;NA;45684;2;2020-06-14;-37962
2020-06-13;"Banskobystrický kraj";2;0;0;0;NA;45684;2;2020-06-13;-37964
2020-06-12;"Banskobystrický kraj";0;0;0;0;NA;45684;0;2020-06-12;-37966
2020-06-11;"Banskobystrický kraj";1;0;0;0;NA;45684;1;2020-06-11;-37966
2020-06-10;"Banskobystrický kraj";0;0;0;0;NA;45684;0;2020-06-10;-37967
2020-06-09;"Banskobystrický kraj";0;0;0;0;NA;45684;0;2020-06-09;-37967
2020-06-08;"Banskobystrický kraj";0;0;0;0;NA;45684;0;2020-06-08;-37967
2020-06-07;"Banskobystrický kraj";0;0;0;0;NA;45684;0;2020-06-07;-37967
2020-06-05;"Banskobystrický kraj";2;0;0;0;NA;45684;2;2020-06-05;-37967
2020-06-03;"Banskobystrický kraj";0;0;0;0;NA;45684;0;2020-06-03;-37969
2020-06-02;"Banskobystrický kraj";0;0;0;0;NA;45684;0;2020-06-02;-37969
2020-05-31;"Banskobystrický kraj";0;0;0;0;NA;45684;0;2020-05-31;-37969
2020-05-29;"Banskobystrický kraj";0;0;0;0;NA;45684;0;2020-05-29;-37969
2020-05-27;"Banskobystrický kraj";1;0;0;0;NA;45684;1;2020-05-27;-37969
2020-05-26;"Banskobystrický kraj";0;0;0;0;NA;45684;0;2020-05-26;-37970
2020-05-25;"Banskobystrický kraj";0;0;0;0;NA;45684;0;2020-05-25;-37970
2020-05-24;"Banskobystrický kraj";0;0;0;0;NA;45684;0;2020-05-24;-37970
2020-05-23;"Banskobystrický kraj";1;0;0;0;NA;45684;1;2020-05-23;-37970
2020-05-22;"Banskobystrický kraj";0;0;0;0;NA;45684;0;2020-05-22;-37971
2020-05-21;"Banskobystrický kraj";0;0;0;0;NA;45684;0;2020-05-21;-37971
2020-05-20;"Banskobystrický kraj";1;0;0;0;NA;45684;1;2020-05-20;-37971
2020-05-19;"Banskobystrický kraj";0;0;0;0;NA;45684;0;2020-05-19;-37972
2020-05-17;"Banskobystrický kraj";0;0;0;0;NA;45684;0;2020-05-17;-37972
2020-05-16;"Banskobystrický kraj";0;0;0;0;NA;45684;0;2020-05-16;-37972
2020-05-15;"Banskobystrický kraj";0;0;0;0;NA;45684;0;2020-05-15;-37972
2020-05-14;"Banskobystrický kraj";0;0;0;0;NA;45684;0;2020-05-14;-37972
2020-05-13;"Banskobystrický kraj";0;0;0;0;NA;45684;0;2020-05-13;-37972
2020-05-12;"Banskobystrický kraj";1;0;0;0;NA;45684;1;2020-05-12;-37972
2020-05-11;"Banskobystrický kraj";0;0;0;0;NA;45684;0;2020-05-11;-37973
2020-05-09;"Banskobystrický kraj";0;0;0;0;NA;45684;0;2020-05-09;-37973
2020-05-07;"Banskobystrický kraj";2;0;0;0;NA;45684;2;2020-05-07;-37973
2020-05-06;"Banskobystrický kraj";1;0;0;0;NA;45684;1;2020-05-06;-37975
2020-05-05;"Banskobystrický kraj";2;0;0;0;NA;45684;2;2020-05-05;-37976
2020-05-04;"Banskobystrický kraj";0;0;0;0;NA;45684;0;2020-05-04;-37978
2020-05-03;"Banskobystrický kraj";0;0;0;0;NA;45684;0;2020-05-03;-37978
2020-05-02;"Banskobystrický kraj";0;0;0;0;NA;45684;0;2020-05-02;-37978
2020-05-01;"Banskobystrický kraj";0;0;0;0;NA;45684;0;2020-05-01;-37978
2020-04-30;"Banskobystrický kraj";1;0;0;0;NA;45684;1;2020-04-30;-37978
2020-04-29;"Banskobystrický kraj";1;0;0;0;NA;45684;1;2020-04-29;-37979
2020-04-28;"Banskobystrický kraj";0;0;0;0;NA;45684;0;2020-04-28;-37980
2020-04-27;"Banskobystrický kraj";0;0;0;0;NA;45684;0;2020-04-27;-37980
2020-04-26;"Banskobystrický kraj";0;0;0;0;NA;45684;0;2020-04-26;-37980
2020-04-25;"Banskobystrický kraj";2;0;0;0;NA;45684;2;2020-04-25;-37980
2020-04-24;"Banskobystrický kraj";3;0;0;0;NA;45684;3;2020-04-24;-37982
2020-04-23;"Banskobystrický kraj";2;0;0;0;NA;45684;2;2020-04-23;-37985
2020-04-22;"Banskobystrický kraj";2;0;0;0;NA;45684;2;2020-04-22;-37987
2020-04-21;"Banskobystrický kraj";2;0;0;0;NA;45684;2;2020-04-21;-37989
2020-04-20;"Banskobystrický kraj";0;0;0;0;NA;45684;0;2020-04-20;-37991
2020-04-19;"Banskobystrický kraj";0;0;0;0;NA;45684;0;2020-04-19;-37991
2020-04-18;"Banskobystrický kraj";8;0;0;0;NA;45684;8;2020-04-18;-37991
2020-04-17;"Banskobystrický kraj";2;0;0;0;NA;45684;2;2020-04-17;-37999
2020-04-16;"Banskobystrický kraj";0;0;0;0;NA;45684;0;2020-04-16;-38001
2020-04-15;"Banskobystrický kraj";10;0;0;0;NA;45684;10;2020-04-15;-38001
2020-04-14;"Banskobystrický kraj";0;0;0;0;NA;45684;0;2020-04-14;-38011
2020-04-13;"Banskobystrický kraj";2;0;0;0;NA;45684;2;2020-04-13;-38011
2020-04-12;"Banskobystrický kraj";4;0;0;0;NA;45684;4;2020-04-12;-38013
2020-04-11;"Banskobystrický kraj";1;0;0;0;NA;45684;1;2020-04-11;-38017
2020-04-10;"Banskobystrický kraj";0;0;0;0;NA;45684;0;2020-04-10;-38018
2020-04-09;"Banskobystrický kraj";2;0;0;0;NA;45684;2;2020-04-09;-38018
2020-04-08;"Banskobystrický kraj";0;0;0;0;NA;45684;0;2020-04-08;-38020
2020-04-07;"Banskobystrický kraj";4;0;0;0;NA;45684;4;2020-04-07;-38020
2020-04-06;"Banskobystrický kraj";10;0;0;0;NA;45684;10;2020-04-06;-38024
2020-04-05;"Banskobystrický kraj";9;0;0;0;NA;45684;9;2020-04-05;-38034
2020-04-04;"Banskobystrický kraj";0;0;0;0;NA;45684;0;2020-04-04;-38043
2020-04-03;"Banskobystrický kraj";2;0;0;0;NA;45684;2;2020-04-03;-38043
2020-04-02;"Banskobystrický kraj";2;0;0;0;NA;45684;2;2020-04-02;-38045
2020-04-01;"Banskobystrický kraj";5;0;0;0;NA;45684;5;2020-04-01;-38047
2020-03-31;"Banskobystrický kraj";3;0;0;0;NA;45684;3;2020-03-31;-38052
2020-03-30;"Banskobystrický kraj";1;0;0;0;NA;45684;1;2020-03-30;-38055
2020-03-29;"Banskobystrický kraj";2;0;0;0;NA;45684;2;2020-03-29;-38056
2020-03-28;"Banskobystrický kraj";1;0;0;0;NA;45684;1;2020-03-28;-38058
2020-03-27;"Banskobystrický kraj";1;0;0;0;NA;45684;1;2020-03-27;-38059
2020-03-26;"Banskobystrický kraj";1;0;0;0;NA;45684;1;2020-03-26;-38060
2020-03-25;"Banskobystrický kraj";0;0;0;0;NA;45684;0;2020-03-25;-38061
2020-03-24;"Banskobystrický kraj";1;0;0;0;NA;45684;1;2020-03-24;-38061
2020-03-23;"Banskobystrický kraj";1;0;0;0;NA;45684;1;2020-03-23;-38062
2020-03-22;"Banskobystrický kraj";0;0;0;0;NA;45684;0;2020-03-22;-38063
2020-03-21;"Banskobystrický kraj";3;0;0;0;NA;45684;3;2020-03-21;-38063
2020-03-20;"Banskobystrický kraj";0;0;0;0;NA;45684;0;2020-03-20;-38066
2020-03-19;"Banskobystrický kraj";2;0;0;0;NA;45684;2;2020-03-19;-38066
2020-03-18;"Banskobystrický kraj";1;0;0;0;NA;45684;1;2020-03-18;-38068
2020-03-17;"Banskobystrický kraj";1;0;0;0;NA;45684;1;2020-03-17;-38069
2020-03-16;"Banskobystrický kraj";0;0;0;0;NA;45684;0;2020-03-16;-38070
2020-03-15;"Banskobystrický kraj";1;0;0;0;NA;45684;1;2020-03-15;-38070
2020-03-14;"Banskobystrický kraj";0;0;0;0;NA;45684;0;2020-03-14;-38071
2020-03-13;"Banskobystrický kraj";1;0;0;0;NA;45684;1;2020-03-13;-38071
2020-03-12;"Banskobystrický kraj";0;0;0;0;NA;45684;0;2020-03-12;-38072
2020-03-11;"Banskobystrický kraj";0;0;0;0;NA;45684;0;2020-03-11;-38072
2020-03-09;"Banskobystrický kraj";0;0;0;0;NA;45684;0;2020-03-09;-38072
2020-03-08;"Banskobystrický kraj";0;0;0;0;NA;45684;0;2020-03-08;-38072
2020-03-07;"Banskobystrický kraj";0;0;0;0;NA;45684;0;2020-03-07;-38072
2020-03-06;"Banskobystrický kraj";0;0;0;0;NA;45684;0;2020-03-06;-38072
2021-06-30;"Bratislavský kraj";2;9011;11;9022;0;46702;13;2021-06-30;46702
2021-06-29;"Bratislavský kraj";5;4737;6;4743;NA;46702;11;2021-06-29;46689
2021-06-28;"Bratislavský kraj";16;7632;25;7657;NA;46702;41;2021-06-28;46678
2021-06-27;"Bratislavský kraj";4;6821;10;6831;NA;46702;14;2021-06-27;46637
2021-06-26;"Bratislavský kraj";3;7090;5;7095;NA;46702;8;2021-06-26;46623
2021-06-25;"Bratislavský kraj";7;8663;14;8677;NA;46702;21;2021-06-25;46615
2021-06-24;"Bratislavský kraj";3;7056;14;7070;NA;46702;17;2021-06-24;46594
2021-06-23;"Bratislavský kraj";4;6996;12;7008;NA;46702;16;2021-06-23;46577
2021-06-22;"Bratislavský kraj";6;6590;9;6599;NA;46702;15;2021-06-22;46561
2021-06-21;"Bratislavský kraj";5;7069;9;7078;NA;46702;14;2021-06-21;46546
2021-06-20;"Bratislavský kraj";0;7465;6;7471;NA;46702;6;2021-06-20;46532
2021-06-19;"Bratislavský kraj";3;8444;4;8448;NA;46702;7;2021-06-19;46526
2021-06-18;"Bratislavský kraj";5;12455;9;12464;NA;46702;14;2021-06-18;46519
2021-06-17;"Bratislavský kraj";3;8344;13;8357;NA;46702;16;2021-06-17;46505
2021-06-16;"Bratislavský kraj";3;7084;4;7088;NA;46702;7;2021-06-16;46489
2021-06-15;"Bratislavský kraj";7;7205;16;7221;NA;46702;23;2021-06-15;46482
2021-06-14;"Bratislavský kraj";4;8132;9;8141;NA;46702;13;2021-06-14;46459
2021-06-13;"Bratislavský kraj";2;8677;10;8687;NA;46702;12;2021-06-13;46446
2021-06-12;"Bratislavský kraj";4;10617;11;10628;NA;46702;15;2021-06-12;46434
2021-06-11;"Bratislavský kraj";9;13336;21;13357;NA;46702;30;2021-06-11;46419
2021-06-10;"Bratislavský kraj";12;8511;15;8526;NA;46702;27;2021-06-10;46389
2021-06-09;"Bratislavský kraj";12;7521;12;7533;NA;46702;24;2021-06-09;46362
2021-06-08;"Bratislavský kraj";13;7670;29;7699;NA;46702;42;2021-06-08;46338
2021-06-07;"Bratislavský kraj";13;9145;43;9188;NA;46702;56;2021-06-07;46296
2021-06-06;"Bratislavský kraj";3;10213;20;10233;NA;46702;23;2021-06-06;46240
2021-06-05;"Bratislavský kraj";2;12129;15;12144;NA;46702;17;2021-06-05;46217
2021-06-04;"Bratislavský kraj";10;13556;31;13587;NA;46702;41;2021-06-04;46200
2021-06-03;"Bratislavský kraj";12;9452;19;9471;NA;46702;31;2021-06-03;46159
2021-06-02;"Bratislavský kraj";10;8684;17;8701;NA;46702;27;2021-06-02;46128
2021-06-01;"Bratislavský kraj";3;8540;25;8565;NA;46702;28;2021-06-01;46101
2021-05-31;"Bratislavský kraj";18;11120;32;11152;NA;46702;50;2021-05-31;46073
2021-05-30;"Bratislavský kraj";1;11608;16;11624;NA;46702;17;2021-05-30;46023
2021-05-29;"Bratislavský kraj";4;11742;8;11750;NA;46702;12;2021-05-29;46006
2021-05-28;"Bratislavský kraj";14;15585;22;15607;NA;46702;36;2021-05-28;45994
2021-05-27;"Bratislavský kraj";5;11196;18;11214;NA;46702;23;2021-05-27;45958
2021-05-26;"Bratislavský kraj";20;10518;17;10535;NA;46702;37;2021-05-26;45935
2021-05-25;"Bratislavský kraj";19;11473;31;11504;NA;46702;50;2021-05-25;45898
2021-05-24;"Bratislavský kraj";12;12965;23;12988;NA;46702;35;2021-05-24;45848
2021-05-23;"Bratislavský kraj";7;12858;24;12882;NA;46702;31;2021-05-23;45813
2021-05-22;"Bratislavský kraj";6;13522;21;13543;NA;46702;27;2021-05-22;45782
2021-05-21;"Bratislavský kraj";15;18645;22;18667;NA;46702;37;2021-05-21;45755
2021-05-20;"Bratislavský kraj";15;13718;17;13735;NA;46702;32;2021-05-20;45718
2021-05-19;"Bratislavský kraj";21;11760;24;11784;NA;46702;45;2021-05-19;45686
2021-05-18;"Bratislavský kraj";14;12748;32;12780;NA;46702;46;2021-05-18;45641
2021-05-17;"Bratislavský kraj";15;13750;29;13779;NA;46702;44;2021-05-17;45595
2021-05-16;"Bratislavský kraj";12;19549;32;19581;NA;46702;44;2021-05-16;45551
2021-05-15;"Bratislavský kraj";1;17469;30;17499;NA;46702;31;2021-05-15;45507
2021-05-14;"Bratislavský kraj";15;21841;30;21871;NA;46702;45;2021-05-14;45476
2021-05-13;"Bratislavský kraj";9;15952;17;15969;NA;46702;26;2021-05-13;45431
2021-05-12;"Bratislavský kraj";11;14413;28;14441;NA;46702;39;2021-05-12;45405
2021-05-11;"Bratislavský kraj";29;16490;31;16521;NA;46702;60;2021-05-11;45366
2021-05-10;"Bratislavský kraj";27;19747;64;19811;NA;46702;91;2021-05-10;45306
2021-05-09;"Bratislavský kraj";9;29162;32;29194;NA;46702;41;2021-05-09;45215
2021-05-08;"Bratislavský kraj";5;19014;24;19038;NA;46702;29;2021-05-08;45174
2021-05-07;"Bratislavský kraj";32;27516;64;27580;NA;46702;96;2021-05-07;45145
2021-05-06;"Bratislavský kraj";19;20079;52;20131;NA;46702;71;2021-05-06;45049
2021-05-05;"Bratislavský kraj";29;15368;29;15397;NA;46702;58;2021-05-05;44978
2021-05-04;"Bratislavský kraj";46;18910;53;18963;NA;46702;99;2021-05-04;44920
2021-05-03;"Bratislavský kraj";37;22180;64;22244;NA;46702;101;2021-05-03;44821
2021-05-02;"Bratislavský kraj";38;43064;75;43139;NA;46702;113;2021-05-02;44720
2021-05-01;"Bratislavský kraj";11;39905;40;39945;NA;46702;51;2021-05-01;44607
2021-04-30;"Bratislavský kraj";43;46706;82;46788;NA;46702;125;2021-04-30;44556
2021-04-29;"Bratislavský kraj";48;30015;94;30109;NA;46702;142;2021-04-29;44431
2021-04-28;"Bratislavský kraj";40;28408;76;28484;NA;46702;116;2021-04-28;44289
2021-04-27;"Bratislavský kraj";41;29922;52;29974;NA;46702;93;2021-04-27;44173
2021-04-26;"Bratislavský kraj";59;34519;96;34615;NA;46702;155;2021-04-26;44080
2021-04-25;"Bratislavský kraj";8;57615;74;57689;NA;46702;82;2021-04-25;43925
2021-04-24;"Bratislavský kraj";28;74254;66;74320;NA;46702;94;2021-04-24;43843
2021-04-23;"Bratislavský kraj";70;47937;61;47998;NA;46702;131;2021-04-23;43749
2021-04-22;"Bratislavský kraj";39;30816;72;30888;NA;46702;111;2021-04-22;43618
2021-04-21;"Bratislavský kraj";48;30099;62;30161;NA;46702;110;2021-04-21;43507
2021-04-20;"Bratislavský kraj";58;34760;63;34823;NA;46702;121;2021-04-20;43397
2021-04-19;"Bratislavský kraj";48;39305;80;39385;NA;46702;128;2021-04-19;43276
2021-04-18;"Bratislavský kraj";35;62300;76;62376;NA;46702;111;2021-04-18;43148
2021-04-17;"Bratislavský kraj";13;79656;111;79767;NA;46702;124;2021-04-17;43037
2021-04-16;"Bratislavský kraj";62;46723;80;46803;NA;46702;142;2021-04-16;42913
2021-04-15;"Bratislavský kraj";34;31695;74;31769;NA;46702;108;2021-04-15;42771
2021-04-14;"Bratislavský kraj";65;33494;88;33582;NA;46702;153;2021-04-14;42663
2021-04-13;"Bratislavský kraj";82;35032;82;35114;NA;46702;164;2021-04-13;42510
2021-04-12;"Bratislavský kraj";77;42034;115;42149;NA;46702;192;2021-04-12;42346
2021-04-11;"Bratislavský kraj";42;61151;123;61274;NA;46702;165;2021-04-11;42154
2021-04-10;"Bratislavský kraj";14;77167;167;77334;NA;46702;181;2021-04-10;41989
2021-04-09;"Bratislavský kraj";72;41034;97;41131;NA;46702;169;2021-04-09;41808
2021-04-08;"Bratislavský kraj";71;28475;93;28568;NA;46702;164;2021-04-08;41639
2021-04-07;"Bratislavský kraj";96;37570;101;37671;NA;46702;197;2021-04-07;41475
2021-04-06;"Bratislavský kraj";94;55523;175;55698;NA;46702;269;2021-04-06;41278
2021-04-05;"Bratislavský kraj";85;18380;85;18465;NA;46702;170;2021-04-05;41009
2021-04-04;"Bratislavský kraj";37;29225;75;29300;NA;46702;112;2021-04-04;40839
2021-04-03;"Bratislavský kraj";52;79082;220;79302;NA;46702;272;2021-04-03;40727
2021-04-02;"Bratislavský kraj";33;23790;104;23894;NA;46702;137;2021-04-02;40455
2021-04-01;"Bratislavský kraj";119;56653;158;56811;NA;46702;277;2021-04-01;40318
2021-03-31;"Bratislavský kraj";105;45689;149;45838;NA;46702;254;2021-03-31;40041
2021-03-30;"Bratislavský kraj";100;39010;142;39152;NA;46702;242;2021-03-30;39787
2021-03-29;"Bratislavský kraj";153;40124;178;40302;NA;46702;331;2021-03-29;39545
2021-03-28;"Bratislavský kraj";59;53372;137;53509;NA;46702;196;2021-03-28;39214
2021-03-27;"Bratislavský kraj";53;79160;239;79399;NA;46702;292;2021-03-27;39018
2021-03-26;"Bratislavský kraj";114;55513;190;55703;NA;46702;304;2021-03-26;38726
2021-03-25;"Bratislavský kraj";76;36300;170;36470;NA;46702;246;2021-03-25;38422
2021-03-24;"Bratislavský kraj";120;30184;200;30384;NA;46702;320;2021-03-24;38176
2021-03-23;"Bratislavský kraj";138;36029;189;36218;NA;46702;327;2021-03-23;37856
2021-03-22;"Bratislavský kraj";110;42516;218;42734;NA;46702;328;2021-03-22;37529
2021-03-21;"Bratislavský kraj";54;61299;212;61511;NA;46702;266;2021-03-21;37201
2021-03-20;"Bratislavský kraj";59;72630;228;72858;NA;46702;287;2021-03-20;36935
2021-03-19;"Bratislavský kraj";139;53952;255;54207;NA;46702;394;2021-03-19;36648
2021-03-18;"Bratislavský kraj";142;34057;190;34247;NA;46702;332;2021-03-18;36254
2021-03-17;"Bratislavský kraj";177;30179;215;30394;NA;46702;392;2021-03-17;35922
2021-03-16;"Bratislavský kraj";258;36425;282;36707;NA;46702;540;2021-03-16;35530
2021-03-15;"Bratislavský kraj";180;38089;252;38341;NA;46702;432;2021-03-15;34990
2021-03-14;"Bratislavský kraj";75;52609;275;52884;NA;46702;350;2021-03-14;34558
2021-03-13;"Bratislavský kraj";110;79741;329;80070;NA;46702;439;2021-03-13;34208
2021-03-12;"Bratislavský kraj";152;54534;301;54835;NA;46702;453;2021-03-12;33769
2021-03-11;"Bratislavský kraj";178;34290;281;34571;NA;46702;459;2021-03-11;33316
2021-03-10;"Bratislavský kraj";164;30828;273;31101;NA;46702;437;2021-03-10;32857
2021-03-09;"Bratislavský kraj";242;37798;267;38065;NA;46702;509;2021-03-09;32420
2021-03-08;"Bratislavský kraj";255;40722;343;41065;NA;46702;598;2021-03-08;31911
2021-03-07;"Bratislavský kraj";142;52812;301;53113;NA;46702;443;2021-03-07;31313
2021-03-06;"Bratislavský kraj";79;71410;412;71822;NA;46702;491;2021-03-06;30870
2021-03-05;"Bratislavský kraj";238;50484;292;50776;NA;46702;530;2021-03-05;30379
2021-03-04;"Bratislavský kraj";204;34544;344;34888;NA;46702;548;2021-03-04;29849
2021-03-03;"Bratislavský kraj";250;30525;364;30889;NA;46702;614;2021-03-03;29301
2021-03-02;"Bratislavský kraj";267;39735;388;40123;NA;46702;655;2021-03-02;28687
2021-03-01;"Bratislavský kraj";320;38222;432;38654;NA;46702;752;2021-03-01;28032
2021-02-28;"Bratislavský kraj";184;50323;323;50646;NA;46702;507;2021-02-28;27280
2021-02-27;"Bratislavský kraj";151;76580;464;77044;NA;46702;615;2021-02-27;26773
2021-02-26;"Bratislavský kraj";277;47265;400;47665;NA;46702;677;2021-02-26;26158
2021-02-25;"Bratislavský kraj";277;28769;405;29174;NA;46702;682;2021-02-25;25481
2021-02-24;"Bratislavský kraj";217;27095;412;27507;NA;46702;629;2021-02-24;24799
2021-02-23;"Bratislavský kraj";257;31297;395;31692;NA;46702;652;2021-02-23;24170
2021-02-22;"Bratislavský kraj";353;36454;480;36934;NA;46702;833;2021-02-22;23518
2021-02-21;"Bratislavský kraj";185;54150;396;54546;NA;46702;581;2021-02-21;22685
2021-02-20;"Bratislavský kraj";167;74787;550;75337;NA;46702;717;2021-02-20;22104
2021-02-19;"Bratislavský kraj";280;44871;415;45286;NA;46702;695;2021-02-19;21387
2021-02-18;"Bratislavský kraj";263;26377;371;26748;NA;46702;634;2021-02-18;20692
2021-02-17;"Bratislavský kraj";264;22815;316;23131;NA;46702;580;2021-02-17;20058
2021-02-16;"Bratislavský kraj";289;28262;352;28614;NA;46702;641;2021-02-16;19478
2021-02-15;"Bratislavský kraj";248;36893;396;37289;NA;46702;644;2021-02-15;18837
2021-02-14;"Bratislavský kraj";153;47948;323;48271;NA;46702;476;2021-02-14;18193
2021-02-13;"Bratislavský kraj";173;68589;515;69104;NA;46702;688;2021-02-13;17717
2021-02-12;"Bratislavský kraj";282;35729;327;36056;NA;46702;609;2021-02-12;17029
2021-02-11;"Bratislavský kraj";337;24542;285;24827;NA;46702;622;2021-02-11;16420
2021-02-10;"Bratislavský kraj";314;23120;359;23479;NA;46702;673;2021-02-10;15798
2021-02-09;"Bratislavský kraj";288;36565;454;37019;NA;46702;742;2021-02-09;15125
2021-02-08;"Bratislavský kraj";484;31866;397;32263;NA;46702;881;2021-02-08;14383
2021-02-07;"Bratislavský kraj";243;51290;425;51715;NA;46702;668;2021-02-07;13502
2021-02-06;"Bratislavský kraj";116;62602;508;63110;NA;46702;624;2021-02-06;12834
2021-02-05;"Bratislavský kraj";327;27033;375;27408;NA;46702;702;2021-02-05;12210
2021-02-04;"Bratislavský kraj";555;17260;348;17608;NA;46702;903;2021-02-04;11508
2021-02-03;"Bratislavský kraj";161;13057;352;13409;NA;46702;513;2021-02-03;10605
2021-02-02;"Bratislavský kraj";397;25945;480;26425;NA;46702;877;2021-02-02;10092
2021-02-01;"Bratislavský kraj";221;35536;513;36049;NA;46702;734;2021-02-01;9215
2021-01-31;"Bratislavský kraj";180;35693;425;36118;NA;46702;605;2021-01-31;8481
2021-01-30;"Bratislavský kraj";310;49588;521;50109;NA;46702;831;2021-01-30;7876
2021-01-29;"Bratislavský kraj";344;16568;344;16912;NA;46702;688;2021-01-29;7045
2021-01-28;"Bratislavský kraj";307;10710;297;11007;NA;46702;604;2021-01-28;6357
2021-01-27;"Bratislavský kraj";336;22217;345;22562;NA;46702;681;2021-01-27;5753
2021-01-26;"Bratislavský kraj";297;21884;300;22184;NA;46702;597;2021-01-26;5072
2021-01-25;"Bratislavský kraj";356;23257;249;23506;NA;46702;605;2021-01-25;4475
2021-01-24;"Bratislavský kraj";175;37903;404;38307;NA;46702;579;2021-01-24;3870
2021-01-23;"Bratislavský kraj";396;79447;690;80137;NA;46702;1086;2021-01-23;3291
2021-01-22;"Bratislavský kraj";199;42028;365;42393;NA;46702;564;2021-01-22;2205
2021-01-21;"Bratislavský kraj";255;105732;1317;107049;NA;46702;1572;2021-01-21;1641
2021-01-20;"Bratislavský kraj";360;27252;450;27702;NA;46702;810;2021-01-20;69
2021-01-19;"Bratislavský kraj";375;15309;346;15655;NA;46702;721;2021-01-19;-741
2021-01-18;"Bratislavský kraj";357;12533;707;13240;NA;46702;1064;2021-01-18;-1462
2021-01-17;"Bratislavský kraj";244;482;26;508;NA;46702;270;2021-01-17;-2526
2021-01-16;"Bratislavský kraj";70;3016;156;3172;NA;46702;226;2021-01-16;-2796
2021-01-15;"Bratislavský kraj";251;7896;256;8152;NA;46702;507;2021-01-15;-3022
2021-01-14;"Bratislavský kraj";363;8511;273;8784;NA;46702;636;2021-01-14;-3529
2021-01-13;"Bratislavský kraj";336;8490;327;8817;NA;46702;663;2021-01-13;-4165
2021-01-12;"Bratislavský kraj";450;10729;463;11192;NA;46702;913;2021-01-12;-4828
2021-01-11;"Bratislavský kraj";397;20140;381;20521;NA;46702;778;2021-01-11;-5741
2021-01-10;"Bratislavský kraj";252;1507;79;1586;NA;46702;331;2021-01-10;-6519
2021-01-09;"Bratislavský kraj";351;5005;291;5296;NA;46702;642;2021-01-09;-6850
2021-01-08;"Bratislavský kraj";556;10045;436;10481;NA;46702;992;2021-01-08;-7492
2021-01-07;"Bratislavský kraj";537;7532;409;7941;NA;46702;946;2021-01-07;-8484
2021-01-06;"Bratislavský kraj";271;3329;216;3545;NA;46702;487;2021-01-06;-9430
2021-01-05;"Bratislavský kraj";619;11035;846;11881;NA;46702;1465;2021-01-05;-9917
2021-01-04;"Bratislavský kraj";601;8634;606;9240;NA;46702;1207;2021-01-04;-11382
2021-01-03;"Bratislavský kraj";77;433;41;474;NA;46702;118;2021-01-03;-12589
2021-01-02;"Bratislavský kraj";185;462;57;519;NA;46702;242;2021-01-02;-12707
2021-01-01;"Bratislavský kraj";235;3277;131;3408;NA;46702;366;2021-01-01;-12949
2020-12-31;"Bratislavský kraj";925;14380;545;14925;NA;46702;1470;2020-12-31;-13315
2020-12-30;"Bratislavský kraj";650;9823;554;10377;NA;46702;1204;2020-12-30;-14785
2020-12-29;"Bratislavský kraj";303;10832;774;11606;NA;46702;1077;2020-12-29;-15989
2020-12-28;"Bratislavský kraj";255;8363;555;8918;NA;46702;810;2020-12-28;-17066
2020-12-27;"Bratislavský kraj";160;709;76;785;NA;46702;236;2020-12-27;-17876
2020-12-26;"Bratislavský kraj";75;480;27;507;NA;46702;102;2020-12-26;-18112
2020-12-25;"Bratislavský kraj";114;503;38;541;NA;46702;152;2020-12-25;-18214
2020-12-24;"Bratislavský kraj";536;3367;104;3471;NA;46702;640;2020-12-24;-18366
2020-12-23;"Bratislavský kraj";416;13471;503;13974;NA;46702;919;2020-12-23;-19006
2020-12-22;"Bratislavský kraj";327;15712;767;16479;NA;46702;1094;2020-12-22;-19925
2020-12-21;"Bratislavský kraj";392;15685;2007;17692;NA;46702;2399;2020-12-21;-21019
2020-12-20;"Bratislavský kraj";180;797;57;854;NA;46702;237;2020-12-20;-23418
2020-12-19;"Bratislavský kraj";396;3314;130;3444;NA;46702;526;2020-12-19;-23655
2020-12-18;"Bratislavský kraj";306;10644;394;11038;NA;46702;700;2020-12-18;-24181
2020-12-17;"Bratislavský kraj";502;10343;419;10762;NA;46702;921;2020-12-17;-24881
2020-12-16;"Bratislavský kraj";282;10772;452;11224;NA;46702;734;2020-12-16;-25802
2020-12-15;"Bratislavský kraj";423;10916;479;11395;NA;46702;902;2020-12-15;-26536
2020-12-14;"Bratislavský kraj";279;7198;293;7491;NA;46702;572;2020-12-14;-27438
2020-12-13;"Bratislavský kraj";125;139;10;149;NA;46702;135;2020-12-13;-28010
2020-12-12;"Bratislavský kraj";361;3886;157;4043;NA;46702;518;2020-12-12;-28145
2020-12-11;"Bratislavský kraj";326;7344;289;7633;NA;46702;615;2020-12-11;-28663
2020-12-10;"Bratislavský kraj";286;5823;209;6032;NA;46702;495;2020-12-10;-29278
2020-12-09;"Bratislavský kraj";382;4795;178;4973;NA;46702;560;2020-12-09;-29773
2020-12-08;"Bratislavský kraj";234;6243;207;6450;NA;46702;441;2020-12-08;-30333
2020-12-07;"Bratislavský kraj";272;4639;152;4791;NA;46702;424;2020-12-07;-30774
2020-12-06;"Bratislavský kraj";61;1625;52;1677;NA;46702;113;2020-12-06;-31198
2020-12-05;"Bratislavský kraj";266;2221;41;2262;NA;46702;307;2020-12-05;-31311
2020-12-04;"Bratislavský kraj";200;4954;99;5053;NA;46702;299;2020-12-04;-31618
2020-12-03;"Bratislavský kraj";213;5672;95;5767;NA;46702;308;2020-12-03;-31917
2020-12-02;"Bratislavský kraj";205;3462;103;3565;NA;46702;308;2020-12-02;-32225
2020-12-01;"Bratislavský kraj";255;3889;172;4061;NA;46702;427;2020-12-01;-32533
2020-11-30;"Bratislavský kraj";152;2153;121;2274;NA;46702;273;2020-11-30;-32960
2020-11-29;"Bratislavský kraj";52;201;24;225;NA;46702;76;2020-11-29;-33233
2020-11-28;"Bratislavský kraj";232;2624;33;2657;NA;46702;265;2020-11-28;-33309
2020-11-27;"Bratislavský kraj";54;2540;64;2604;NA;46702;118;2020-11-27;-33574
2020-11-26;"Bratislavský kraj";129;1976;60;2036;NA;46702;189;2020-11-26;-33692
2020-11-25;"Bratislavský kraj";140;1770;47;1817;NA;46702;187;2020-11-25;-33881
2020-11-24;"Bratislavský kraj";81;2988;67;3055;NA;46702;148;2020-11-24;-34068
2020-11-23;"Bratislavský kraj";67;7083;58;7141;NA;46702;125;2020-11-23;-34216
2020-11-22;"Bratislavský kraj";36;81;7;88;NA;46702;43;2020-11-22;-34341
2020-11-21;"Bratislavský kraj";109;2126;47;2173;NA;46702;156;2020-11-21;-34384
2020-11-20;"Bratislavský kraj";118;2876;48;2924;NA;46702;166;2020-11-20;-34540
2020-11-19;"Bratislavský kraj";173;987;29;1016;NA;46702;202;2020-11-19;-34706
2020-11-18;"Bratislavský kraj";118;616;75;691;NA;46702;193;2020-11-18;-34908
2020-11-17;"Bratislavský kraj";108;928;23;951;NA;46702;131;2020-11-17;-35101
2020-11-16;"Bratislavský kraj";82;651;9;660;NA;46702;91;2020-11-16;-35232
2020-11-15;"Bratislavský kraj";47;236;0;236;NA;46702;47;2020-11-15;-35323
2020-11-14;"Bratislavský kraj";53;1834;15;1849;NA;46702;68;2020-11-14;-35370
2020-11-13;"Bratislavský kraj";94;2096;21;2117;NA;46702;115;2020-11-13;-35438
2020-11-12;"Bratislavský kraj";141;1727;6;1733;NA;46702;147;2020-11-12;-35553
2020-11-11;"Bratislavský kraj";159;1429;12;1441;NA;46702;171;2020-11-11;-35700
2020-11-10;"Bratislavský kraj";136;805;14;819;NA;46702;150;2020-11-10;-35871
2020-11-09;"Bratislavský kraj";70;616;8;624;NA;46702;78;2020-11-09;-36021
2020-11-08;"Bratislavský kraj";82;869;6;875;NA;46702;88;2020-11-08;-36099
2020-11-07;"Bratislavský kraj";88;4039;17;4056;NA;46702;105;2020-11-07;-36187
2020-11-06;"Bratislavský kraj";281;6441;25;6466;NA;46702;306;2020-11-06;-36292
2020-11-05;"Bratislavský kraj";175;476;11;487;NA;46702;186;2020-11-05;-36598
2020-11-04;"Bratislavský kraj";65;411;10;421;NA;46702;75;2020-11-04;-36784
2020-11-03;"Bratislavský kraj";251;1085;12;1097;NA;46702;263;2020-11-03;-36859
2020-11-02;"Bratislavský kraj";202;3365;22;3387;NA;46702;224;2020-11-02;-37122
2020-11-01;"Bratislavský kraj";227;8694;39;8733;NA;46702;266;2020-11-01;-37346
2020-10-31;"Bratislavský kraj";173;22407;123;22530;NA;46702;296;2020-10-31;-37612
2020-10-30;"Bratislavský kraj";158;17350;138;17488;NA;46702;296;2020-10-30;-37908
2020-10-29;"Bratislavský kraj";262;116;4;120;NA;46702;266;2020-10-29;-38204
2020-10-28;"Bratislavský kraj";220;260;15;275;NA;46702;235;2020-10-28;-38470
2020-10-27;"Bratislavský kraj";256;145;4;149;NA;46702;260;2020-10-27;-38705
2020-10-26;"Bratislavský kraj";123;229;11;240;NA;46702;134;2020-10-26;-38965
2020-10-25;"Bratislavský kraj";152;33;2;35;NA;46702;154;2020-10-25;-39099
2020-10-24;"Bratislavský kraj";170;221;6;227;NA;46702;176;2020-10-24;-39253
2020-10-23;"Bratislavský kraj";151;144;8;152;NA;46702;159;2020-10-23;-39429
2020-10-22;"Bratislavský kraj";192;204;15;219;NA;46702;207;2020-10-22;-39588
2020-10-21;"Bratislavský kraj";66;90;6;96;NA;46702;72;2020-10-21;-39795
2020-10-20;"Bratislavský kraj";183;97;4;101;NA;46702;187;2020-10-20;-39867
2020-10-19;"Bratislavský kraj";148;80;3;83;NA;46702;151;2020-10-19;-40054
2020-10-18;"Bratislavský kraj";75;92;0;92;NA;46702;75;2020-10-18;-40205
2020-10-17;"Bratislavský kraj";136;0;0;0;NA;46702;136;2020-10-17;-40280
2020-10-16;"Bratislavský kraj";103;14;1;15;NA;46702;104;2020-10-16;-40416
2020-10-15;"Bratislavský kraj";135;6;1;7;NA;46702;136;2020-10-15;-40520
2020-10-14;"Bratislavský kraj";127;4;0;4;NA;46702;127;2020-10-14;-40656
2020-10-13;"Bratislavský kraj";86;108;8;116;NA;46702;94;2020-10-13;-40783
2020-10-12;"Bratislavský kraj";46;0;0;0;NA;46702;46;2020-10-12;-40877
2020-10-11;"Bratislavský kraj";80;0;0;0;NA;46702;80;2020-10-11;-40923
2020-10-10;"Bratislavský kraj";55;0;0;0;NA;46702;55;2020-10-10;-41003
2020-10-09;"Bratislavský kraj";148;0;0;0;NA;46702;148;2020-10-09;-41058
2020-10-08;"Bratislavský kraj";100;0;0;0;NA;46702;100;2020-10-08;-41206
2020-10-07;"Bratislavský kraj";107;0;0;0;NA;46702;107;2020-10-07;-41306
2020-10-06;"Bratislavský kraj";108;0;0;0;NA;46702;108;2020-10-06;-41413
2020-10-05;"Bratislavský kraj";30;0;0;0;NA;46702;30;2020-10-05;-41521
2020-10-04;"Bratislavský kraj";49;0;0;0;NA;46702;49;2020-10-04;-41551
2020-10-03;"Bratislavský kraj";82;0;0;0;NA;46702;82;2020-10-03;-41600
2020-10-02;"Bratislavský kraj";101;0;0;0;NA;46702;101;2020-10-02;-41682
2020-10-01;"Bratislavský kraj";72;0;0;0;NA;46702;72;2020-10-01;-41783
2020-09-30;"Bratislavský kraj";91;0;0;0;NA;46702;91;2020-09-30;-41855
2020-09-29;"Bratislavský kraj";74;0;0;0;NA;46702;74;2020-09-29;-41946
2020-09-28;"Bratislavský kraj";29;0;0;0;NA;46702;29;2020-09-28;-42020
2020-09-27;"Bratislavský kraj";48;0;0;0;NA;46702;48;2020-09-27;-42049
2020-09-26;"Bratislavský kraj";86;0;0;0;NA;46702;86;2020-09-26;-42097
2020-09-25;"Bratislavský kraj";97;0;0;0;NA;46702;97;2020-09-25;-42183
2020-09-24;"Bratislavský kraj";73;0;0;0;NA;46702;73;2020-09-24;-42280
2020-09-23;"Bratislavský kraj";55;0;0;0;NA;46702;55;2020-09-23;-42353
2020-09-22;"Bratislavský kraj";81;0;0;0;NA;46702;81;2020-09-22;-42408
2020-09-21;"Bratislavský kraj";32;0;0;0;NA;46702;32;2020-09-21;-42489
2020-09-20;"Bratislavský kraj";25;0;0;0;NA;46702;25;2020-09-20;-42521
2020-09-19;"Bratislavský kraj";59;0;0;0;NA;46702;59;2020-09-19;-42546
2020-09-18;"Bratislavský kraj";42;0;0;0;NA;46702;42;2020-09-18;-42605
2020-09-17;"Bratislavský kraj";52;0;0;0;NA;46702;52;2020-09-17;-42647
2020-09-16;"Bratislavský kraj";32;0;0;0;NA;46702;32;2020-09-16;-42699
2020-09-15;"Bratislavský kraj";26;0;0;0;NA;46702;26;2020-09-15;-42731
2020-09-14;"Bratislavský kraj";24;0;0;0;NA;46702;24;2020-09-14;-42757
2020-09-13;"Bratislavský kraj";11;0;0;0;NA;46702;11;2020-09-13;-42781
2020-09-12;"Bratislavský kraj";24;0;0;0;NA;46702;24;2020-09-12;-42792
2020-09-11;"Bratislavský kraj";50;0;0;0;NA;46702;50;2020-09-11;-42816
2020-09-10;"Bratislavský kraj";47;0;0;0;NA;46702;47;2020-09-10;-42866
2020-09-09;"Bratislavský kraj";40;0;0;0;NA;46702;40;2020-09-09;-42913
2020-09-08;"Bratislavský kraj";58;0;0;0;NA;46702;58;2020-09-08;-42953
2020-09-07;"Bratislavský kraj";39;0;0;0;NA;46702;39;2020-09-07;-43011
2020-09-06;"Bratislavský kraj";11;0;0;0;NA;46702;11;2020-09-06;-43050
2020-09-05;"Bratislavský kraj";37;0;0;0;NA;46702;37;2020-09-05;-43061
2020-09-04;"Bratislavský kraj";87;0;0;0;NA;46702;87;2020-09-04;-43098
2020-09-03;"Bratislavský kraj";51;0;0;0;NA;46702;51;2020-09-03;-43185
2020-09-02;"Bratislavský kraj";50;0;0;0;NA;46702;50;2020-09-02;-43236
2020-09-01;"Bratislavský kraj";16;0;0;0;NA;46702;16;2020-09-01;-43286
2020-08-31;"Bratislavský kraj";19;0;0;0;NA;46702;19;2020-08-31;-43302
2020-08-30;"Bratislavský kraj";9;0;0;0;NA;46702;9;2020-08-30;-43321
2020-08-29;"Bratislavský kraj";12;0;0;0;NA;46702;12;2020-08-29;-43330
2020-08-28;"Bratislavský kraj";35;0;0;0;NA;46702;35;2020-08-28;-43342
2020-08-27;"Bratislavský kraj";33;0;0;0;NA;46702;33;2020-08-27;-43377
2020-08-26;"Bratislavský kraj";27;0;0;0;NA;46702;27;2020-08-26;-43410
2020-08-25;"Bratislavský kraj";29;0;0;0;NA;46702;29;2020-08-25;-43437
2020-08-24;"Bratislavský kraj";6;0;0;0;NA;46702;6;2020-08-24;-43466
2020-08-23;"Bratislavský kraj";45;0;0;0;NA;46702;45;2020-08-23;-43472
2020-08-22;"Bratislavský kraj";13;0;0;0;NA;46702;13;2020-08-22;-43517
2020-08-21;"Bratislavský kraj";46;0;0;0;NA;46702;46;2020-08-21;-43530
2020-08-20;"Bratislavský kraj";41;0;0;0;NA;46702;41;2020-08-20;-43576
2020-08-19;"Bratislavský kraj";27;0;0;0;NA;46702;27;2020-08-19;-43617
2020-08-18;"Bratislavský kraj";47;0;0;0;NA;46702;47;2020-08-18;-43644
2020-08-17;"Bratislavský kraj";2;0;0;0;NA;46702;2;2020-08-17;-43691
2020-08-16;"Bratislavský kraj";3;0;0;0;NA;46702;3;2020-08-16;-43693
2020-08-15;"Bratislavský kraj";18;0;0;0;NA;46702;18;2020-08-15;-43696
2020-08-14;"Bratislavský kraj";16;0;0;0;NA;46702;16;2020-08-14;-43714
2020-08-13;"Bratislavský kraj";12;0;0;0;NA;46702;12;2020-08-13;-43730
2020-08-12;"Bratislavský kraj";10;0;0;0;NA;46702;10;2020-08-12;-43742
2020-08-11;"Bratislavský kraj";23;0;0;0;NA;46702;23;2020-08-11;-43752
2020-08-10;"Bratislavský kraj";2;0;0;0;NA;46702;2;2020-08-10;-43775
2020-08-09;"Bratislavský kraj";2;0;0;0;NA;46702;2;2020-08-09;-43777
2020-08-08;"Bratislavský kraj";1;0;0;0;NA;46702;1;2020-08-08;-43779
2020-08-07;"Bratislavský kraj";9;0;0;0;NA;46702;9;2020-08-07;-43780
2020-08-06;"Bratislavský kraj";15;0;0;0;NA;46702;15;2020-08-06;-43789
2020-08-05;"Bratislavský kraj";11;0;0;0;NA;46702;11;2020-08-05;-43804
2020-08-04;"Bratislavský kraj";21;0;0;0;NA;46702;21;2020-08-04;-43815
2020-08-03;"Bratislavský kraj";7;0;0;0;NA;46702;7;2020-08-03;-43836
2020-08-02;"Bratislavský kraj";0;0;0;0;NA;46702;0;2020-08-02;-43843
2020-08-01;"Bratislavský kraj";0;0;0;0;NA;46702;0;2020-08-01;-43843
2020-07-31;"Bratislavský kraj";14;0;0;0;NA;46702;14;2020-07-31;-43843
2020-07-30;"Bratislavský kraj";6;0;0;0;NA;46702;6;2020-07-30;-43857
2020-07-29;"Bratislavský kraj";7;0;0;0;NA;46702;7;2020-07-29;-43863
2020-07-28;"Bratislavský kraj";14;0;0;0;NA;46702;14;2020-07-28;-43870
2020-07-27;"Bratislavský kraj";3;0;0;0;NA;46702;3;2020-07-27;-43884
2020-07-26;"Bratislavský kraj";0;0;0;0;NA;46702;0;2020-07-26;-43887
2020-07-25;"Bratislavský kraj";8;0;0;0;NA;46702;8;2020-07-25;-43887
2020-07-24;"Bratislavský kraj";2;0;0;0;NA;46702;2;2020-07-24;-43895
2020-07-23;"Bratislavský kraj";8;0;0;0;NA;46702;8;2020-07-23;-43897
2020-07-22;"Bratislavský kraj";11;0;0;0;NA;46702;11;2020-07-22;-43905
2020-07-21;"Bratislavský kraj";8;0;0;0;NA;46702;8;2020-07-21;-43916
2020-07-20;"Bratislavský kraj";12;0;0;0;NA;46702;12;2020-07-20;-43924
2020-07-19;"Bratislavský kraj";0;0;0;0;NA;46702;0;2020-07-19;-43936
2020-07-18;"Bratislavský kraj";2;0;0;0;NA;46702;2;2020-07-18;-43936
2020-07-17;"Bratislavský kraj";2;0;0;0;NA;46702;2;2020-07-17;-43938
2020-07-16;"Bratislavský kraj";6;0;0;0;NA;46702;6;2020-07-16;-43940
2020-07-15;"Bratislavský kraj";3;0;0;0;NA;46702;3;2020-07-15;-43946
2020-07-14;"Bratislavský kraj";2;0;0;0;NA;46702;2;2020-07-14;-43949
2020-07-13;"Bratislavský kraj";2;0;0;0;NA;46702;2;2020-07-13;-43951
2020-07-12;"Bratislavský kraj";0;0;0;0;NA;46702;0;2020-07-12;-43953
2020-07-11;"Bratislavský kraj";0;0;0;0;NA;46702;0;2020-07-11;-43953
2020-07-10;"Bratislavský kraj";8;0;0;0;NA;46702;8;2020-07-10;-43953
2020-07-09;"Bratislavský kraj";2;0;0;0;NA;46702;2;2020-07-09;-43961
2020-07-08;"Bratislavský kraj";11;0;0;0;NA;46702;11;2020-07-08;-43963
2020-07-07;"Bratislavský kraj";5;0;0;0;NA;46702;5;2020-07-07;-43974
2020-07-06;"Bratislavský kraj";1;0;0;0;NA;46702;1;2020-07-06;-43979
2020-07-05;"Bratislavský kraj";0;0;0;0;NA;46702;0;2020-07-05;-43980
2020-07-04;"Bratislavský kraj";3;0;0;0;NA;46702;3;2020-07-04;-43980
2020-07-03;"Bratislavský kraj";1;0;0;0;NA;46702;1;2020-07-03;-43983
2020-07-02;"Bratislavský kraj";0;0;0;0;NA;46702;0;2020-07-02;-43984
2020-07-01;"Bratislavský kraj";7;0;0;0;NA;46702;7;2020-07-01;-43984
2020-06-30;"Bratislavský kraj";3;0;0;0;NA;46702;3;2020-06-30;-43991
2020-06-29;"Bratislavský kraj";1;0;0;0;NA;46702;1;2020-06-29;-43994
2020-06-28;"Bratislavský kraj";0;0;0;0;NA;46702;0;2020-06-28;-43995
2020-06-27;"Bratislavský kraj";1;0;0;0;NA;46702;1;2020-06-27;-43995
2020-06-26;"Bratislavský kraj";6;0;0;0;NA;46702;6;2020-06-26;-43996
2020-06-25;"Bratislavský kraj";0;0;0;0;NA;46702;0;2020-06-25;-44002
2020-06-24;"Bratislavský kraj";3;0;0;0;NA;46702;3;2020-06-24;-44002
2020-06-23;"Bratislavský kraj";0;0;0;0;NA;46702;0;2020-06-23;-44005
2020-06-22;"Bratislavský kraj";1;0;0;0;NA;46702;1;2020-06-22;-44005
2020-06-21;"Bratislavský kraj";0;0;0;0;NA;46702;0;2020-06-21;-44006
2020-06-20;"Bratislavský kraj";0;0;0;0;NA;46702;0;2020-06-20;-44006
2020-06-19;"Bratislavský kraj";3;0;0;0;NA;46702;3;2020-06-19;-44006
2020-06-18;"Bratislavský kraj";0;0;0;0;NA;46702;0;2020-06-18;-44009
2020-06-17;"Bratislavský kraj";0;0;0;0;NA;46702;0;2020-06-17;-44009
2020-06-16;"Bratislavský kraj";0;0;0;0;NA;46702;0;2020-06-16;-44009
2020-06-14;"Bratislavský kraj";2;0;0;0;NA;46702;2;2020-06-14;-44009
2020-06-13;"Bratislavský kraj";1;0;0;0;NA;46702;1;2020-06-13;-44011
2020-06-12;"Bratislavský kraj";2;0;0;0;NA;46702;2;2020-06-12;-44012
2020-06-11;"Bratislavský kraj";0;0;0;0;NA;46702;0;2020-06-11;-44014
2020-06-10;"Bratislavský kraj";0;0;0;0;NA;46702;0;2020-06-10;-44014
2020-06-09;"Bratislavský kraj";0;0;0;0;NA;46702;0;2020-06-09;-44014
2020-06-08;"Bratislavský kraj";1;0;0;0;NA;46702;1;2020-06-08;-44014
2020-06-07;"Bratislavský kraj";0;0;0;0;NA;46702;0;2020-06-07;-44015
2020-06-05;"Bratislavský kraj";0;0;0;0;NA;46702;0;2020-06-05;-44015
2020-06-03;"Bratislavský kraj";1;0;0;0;NA;46702;1;2020-06-03;-44015
2020-06-02;"Bratislavský kraj";0;0;0;0;NA;46702;0;2020-06-02;-44016
2020-05-31;"Bratislavský kraj";0;0;0;0;NA;46702;0;2020-05-31;-44016
2020-05-29;"Bratislavský kraj";0;0;0;0;NA;46702;0;2020-05-29;-44016
2020-05-27;"Bratislavský kraj";1;0;0;0;NA;46702;1;2020-05-27;-44016
2020-05-26;"Bratislavský kraj";0;0;0;0;NA;46702;0;2020-05-26;-44017
2020-05-25;"Bratislavský kraj";0;0;0;0;NA;46702;0;2020-05-25;-44017
2020-05-24;"Bratislavský kraj";0;0;0;0;NA;46702;0;2020-05-24;-44017
2020-05-23;"Bratislavský kraj";2;0;0;0;NA;46702;2;2020-05-23;-44017
2020-05-22;"Bratislavský kraj";0;0;0;0;NA;46702;0;2020-05-22;-44019
2020-05-21;"Bratislavský kraj";0;0;0;0;NA;46702;0;2020-05-21;-44019
2020-05-20;"Bratislavský kraj";0;0;0;0;NA;46702;0;2020-05-20;-44019
2020-05-19;"Bratislavský kraj";0;0;0;0;NA;46702;0;2020-05-19;-44019
2020-05-17;"Bratislavský kraj";0;0;0;0;NA;46702;0;2020-05-17;-44019
2020-05-16;"Bratislavský kraj";0;0;0;0;NA;46702;0;2020-05-16;-44019
2020-05-15;"Bratislavský kraj";0;0;0;0;NA;46702;0;2020-05-15;-44019
2020-05-14;"Bratislavský kraj";0;0;0;0;NA;46702;0;2020-05-14;-44019
2020-05-13;"Bratislavský kraj";0;0;0;0;NA;46702;0;2020-05-13;-44019
2020-05-12;"Bratislavský kraj";2;0;0;0;NA;46702;2;2020-05-12;-44019
2020-05-11;"Bratislavský kraj";0;0;0;0;NA;46702;0;2020-05-11;-44021
2020-05-09;"Bratislavský kraj";0;0;0;0;NA;46702;0;2020-05-09;-44021
2020-05-07;"Bratislavský kraj";1;0;0;0;NA;46702;1;2020-05-07;-44021
2020-05-06;"Bratislavský kraj";3;0;0;0;NA;46702;3;2020-05-06;-44022
2020-05-05;"Bratislavský kraj";0;0;0;0;NA;46702;0;2020-05-05;-44025
2020-05-04;"Bratislavský kraj";0;0;0;0;NA;46702;0;2020-05-04;-44025
2020-05-03;"Bratislavský kraj";2;0;0;0;NA;46702;2;2020-05-03;-44025
2020-05-02;"Bratislavský kraj";0;0;0;0;NA;46702;0;2020-05-02;-44027
2020-05-01;"Bratislavský kraj";0;0;0;0;NA;46702;0;2020-05-01;-44027
2020-04-30;"Bratislavský kraj";5;0;0;0;NA;46702;5;2020-04-30;-44027
2020-04-29;"Bratislavský kraj";0;0;0;0;NA;46702;0;2020-04-29;-44032
2020-04-28;"Bratislavský kraj";2;0;0;0;NA;46702;2;2020-04-28;-44032
2020-04-27;"Bratislavský kraj";0;0;0;0;NA;46702;0;2020-04-27;-44034
2020-04-26;"Bratislavský kraj";1;0;0;0;NA;46702;1;2020-04-26;-44034
2020-04-25;"Bratislavský kraj";0;0;0;0;NA;46702;0;2020-04-25;-44035
2020-04-24;"Bratislavský kraj";2;0;0;0;NA;46702;2;2020-04-24;-44035
2020-04-23;"Bratislavský kraj";6;0;0;0;NA;46702;6;2020-04-23;-44037
2020-04-22;"Bratislavský kraj";11;0;0;0;NA;46702;11;2020-04-22;-44043
2020-04-21;"Bratislavský kraj";4;0;0;0;NA;46702;4;2020-04-21;-44054
2020-04-20;"Bratislavský kraj";0;0;0;0;NA;46702;0;2020-04-20;-44058
2020-04-19;"Bratislavský kraj";4;0;0;0;NA;46702;4;2020-04-19;-44058
2020-04-18;"Bratislavský kraj";5;0;0;0;NA;46702;5;2020-04-18;-44062
2020-04-17;"Bratislavský kraj";6;0;0;0;NA;46702;6;2020-04-17;-44067
2020-04-16;"Bratislavský kraj";15;0;0;0;NA;46702;15;2020-04-16;-44073
2020-04-15;"Bratislavský kraj";11;0;0;0;NA;46702;11;2020-04-15;-44088
2020-04-14;"Bratislavský kraj";19;0;0;0;NA;46702;19;2020-04-14;-44099
2020-04-13;"Bratislavský kraj";53;0;0;0;NA;46702;53;2020-04-13;-44118
2020-04-12;"Bratislavský kraj";3;0;0;0;NA;46702;3;2020-04-12;-44171
2020-04-11;"Bratislavský kraj";1;0;0;0;NA;46702;1;2020-04-11;-44174
2020-04-10;"Bratislavský kraj";8;0;0;0;NA;46702;8;2020-04-10;-44175
2020-04-09;"Bratislavský kraj";3;0;0;0;NA;46702;3;2020-04-09;-44183
2020-04-08;"Bratislavský kraj";3;0;0;0;NA;46702;3;2020-04-08;-44186
2020-04-07;"Bratislavský kraj";24;0;0;0;NA;46702;24;2020-04-07;-44189
2020-04-06;"Bratislavský kraj";5;0;0;0;NA;46702;5;2020-04-06;-44213
2020-04-05;"Bratislavský kraj";6;0;0;0;NA;46702;6;2020-04-05;-44218
2020-04-04;"Bratislavský kraj";2;0;0;0;NA;46702;2;2020-04-04;-44224
2020-04-03;"Bratislavský kraj";1;0;0;0;NA;46702;1;2020-04-03;-44226
2020-04-02;"Bratislavský kraj";2;0;0;0;NA;46702;2;2020-04-02;-44227
2020-04-01;"Bratislavský kraj";5;0;0;0;NA;46702;5;2020-04-01;-44229
2020-03-31;"Bratislavský kraj";19;0;0;0;NA;46702;19;2020-03-31;-44234
2020-03-30;"Bratislavský kraj";6;0;0;0;NA;46702;6;2020-03-30;-44253
2020-03-29;"Bratislavský kraj";8;0;0;0;NA;46702;8;2020-03-29;-44259
2020-03-28;"Bratislavský kraj";4;0;0;0;NA;46702;4;2020-03-28;-44267
2020-03-27;"Bratislavský kraj";3;0;0;0;NA;46702;3;2020-03-27;-44271
2020-03-26;"Bratislavský kraj";15;0;0;0;NA;46702;15;2020-03-26;-44274
2020-03-25;"Bratislavský kraj";1;0;0;0;NA;46702;1;2020-03-25;-44289
2020-03-24;"Bratislavský kraj";4;0;0;0;NA;46702;4;2020-03-24;-44290
2020-03-23;"Bratislavský kraj";9;0;0;0;NA;46702;9;2020-03-23;-44294
2020-03-22;"Bratislavský kraj";2;0;0;0;NA;46702;2;2020-03-22;-44303
2020-03-21;"Bratislavský kraj";22;0;0;0;NA;46702;22;2020-03-21;-44305
2020-03-20;"Bratislavský kraj";3;0;0;0;NA;46702;3;2020-03-20;-44327
2020-03-19;"Bratislavský kraj";4;0;0;0;NA;46702;4;2020-03-19;-44330
2020-03-18;"Bratislavský kraj";3;0;0;0;NA;46702;3;2020-03-18;-44334
2020-03-17;"Bratislavský kraj";13;0;0;0;NA;46702;13;2020-03-17;-44337
2020-03-16;"Bratislavský kraj";1;0;0;0;NA;46702;1;2020-03-16;-44350
2020-03-15;"Bratislavský kraj";4;0;0;0;NA;46702;4;2020-03-15;-44351
2020-03-14;"Bratislavský kraj";9;0;0;0;NA;46702;9;2020-03-14;-44355
2020-03-13;"Bratislavský kraj";2;0;0;0;NA;46702;2;2020-03-13;-44364
2020-03-12;"Bratislavský kraj";8;0;0;0;NA;46702;8;2020-03-12;-44366
2020-03-11;"Bratislavský kraj";3;0;0;0;NA;46702;3;2020-03-11;-44374
2020-03-09;"Bratislavský kraj";0;0;0;0;NA;46702;0;2020-03-09;-44377
2020-03-08;"Bratislavský kraj";2;0;0;0;NA;46702;2;2020-03-08;-44377
2020-03-07;"Bratislavský kraj";2;0;0;0;NA;46702;2;2020-03-07;-44379
2020-03-06;"Bratislavský kraj";1;0;0;0;NA;46702;1;2020-03-06;-44381
2021-06-30;"Košický kraj";5;7181;7;7188;0;44763;12;2021-06-30;44763
2021-06-29;"Košický kraj";6;4798;7;4805;NA;44763;13;2021-06-29;44751
2021-06-28;"Košický kraj";5;5807;2;5809;NA;44763;7;2021-06-28;44738
2021-06-27;"Košický kraj";8;4179;3;4182;NA;44763;11;2021-06-27;44731
2021-06-26;"Košický kraj";4;5553;14;5567;NA;44763;18;2021-06-26;44720
2021-06-25;"Košický kraj";5;6559;2;6561;NA;44763;7;2021-06-25;44702
2021-06-24;"Košický kraj";1;4945;3;4948;NA;44763;4;2021-06-24;44695
2021-06-23;"Košický kraj";8;5339;3;5342;NA;44763;11;2021-06-23;44691
2021-06-22;"Košický kraj";1;5173;3;5176;NA;44763;4;2021-06-22;44680
2021-06-21;"Košický kraj";5;6732;11;6743;NA;44763;16;2021-06-21;44676
2021-06-20;"Košický kraj";0;5014;6;5020;NA;44763;6;2021-06-20;44660
2021-06-19;"Košický kraj";7;6419;1;6420;NA;44763;8;2021-06-19;44654
2021-06-18;"Košický kraj";4;7741;8;7749;NA;44763;12;2021-06-18;44646
2021-06-17;"Košický kraj";6;6076;3;6079;NA;44763;9;2021-06-17;44634
2021-06-16;"Košický kraj";11;6002;7;6009;NA;44763;18;2021-06-16;44625
2021-06-15;"Košický kraj";12;6260;2;6262;NA;44763;14;2021-06-15;44607
2021-06-14;"Košický kraj";10;6777;9;6786;NA;44763;19;2021-06-14;44593
2021-06-13;"Košický kraj";7;6916;8;6924;NA;44763;15;2021-06-13;44574
2021-06-12;"Košický kraj";7;7424;9;7433;NA;44763;16;2021-06-12;44559
2021-06-11;"Košický kraj";15;8775;5;8780;NA;44763;20;2021-06-11;44543
2021-06-10;"Košický kraj";11;6540;16;6556;NA;44763;27;2021-06-10;44523
2021-06-09;"Košický kraj";37;5995;7;6002;NA;44763;44;2021-06-09;44496
2021-06-08;"Košický kraj";33;6954;13;6967;NA;44763;46;2021-06-08;44452
2021-06-07;"Košický kraj";11;7735;22;7757;NA;44763;33;2021-06-07;44406
2021-06-06;"Košický kraj";1;7803;7;7810;NA;44763;8;2021-06-06;44373
2021-06-05;"Košický kraj";21;9221;3;9224;NA;44763;24;2021-06-05;44365
2021-06-04;"Košický kraj";26;11262;20;11282;NA;44763;46;2021-06-04;44341
2021-06-03;"Košický kraj";23;6472;14;6486;NA;44763;37;2021-06-03;44295
2021-06-02;"Košický kraj";15;7114;24;7138;NA;44763;39;2021-06-02;44258
2021-06-01;"Košický kraj";13;7541;10;7551;NA;44763;23;2021-06-01;44219
2021-05-31;"Košický kraj";13;9224;17;9241;NA;44763;30;2021-05-31;44196
2021-05-30;"Košický kraj";3;11154;10;11164;NA;44763;13;2021-05-30;44166
2021-05-29;"Košický kraj";25;10863;21;10884;NA;44763;46;2021-05-29;44153
2021-05-28;"Košický kraj";17;12959;29;12988;NA;44763;46;2021-05-28;44107
2021-05-27;"Košický kraj";19;7810;24;7834;NA;44763;43;2021-05-27;44061
2021-05-26;"Košický kraj";35;8039;26;8065;NA;44763;61;2021-05-26;44018
2021-05-25;"Košický kraj";33;9148;12;9160;NA;44763;45;2021-05-25;43957
2021-05-24;"Košický kraj";10;10855;27;10882;NA;44763;37;2021-05-24;43912
2021-05-23;"Košický kraj";4;12084;15;12099;NA;44763;19;2021-05-23;43875
2021-05-22;"Košický kraj";27;12472;18;12490;NA;44763;45;2021-05-22;43856
2021-05-21;"Košický kraj";24;14753;27;14780;NA;44763;51;2021-05-21;43811
2021-05-20;"Košický kraj";20;9320;27;9347;NA;44763;47;2021-05-20;43760
2021-05-19;"Košický kraj";30;10346;19;10365;NA;44763;49;2021-05-19;43713
2021-05-18;"Košický kraj";34;10254;36;10290;NA;44763;70;2021-05-18;43664
2021-05-17;"Košický kraj";20;12628;38;12666;NA;44763;58;2021-05-17;43594
2021-05-16;"Košický kraj";37;17686;19;17705;NA;44763;56;2021-05-16;43536
2021-05-15;"Košický kraj";22;25399;27;25426;NA;44763;49;2021-05-15;43480
2021-05-14;"Košický kraj";32;21537;42;21579;NA;44763;74;2021-05-14;43431
2021-05-13;"Košický kraj";39;10172;32;10204;NA;44763;71;2021-05-13;43357
2021-05-12;"Košický kraj";85;10868;33;10901;NA;44763;118;2021-05-12;43286
2021-05-11;"Košický kraj";68;11166;32;11198;NA;44763;100;2021-05-11;43168
2021-05-10;"Košický kraj";25;16886;41;16927;NA;44763;66;2021-05-10;43068
2021-05-09;"Košický kraj";84;25262;53;25315;NA;44763;137;2021-05-09;43002
2021-05-08;"Košický kraj";18;22917;21;22938;NA;44763;39;2021-05-08;42865
2021-05-07;"Košický kraj";51;24097;55;24152;NA;44763;106;2021-05-07;42826
2021-05-06;"Košický kraj";55;11847;43;11890;NA;44763;98;2021-05-06;42720
2021-05-05;"Košický kraj";23;12004;35;12039;NA;44763;58;2021-05-05;42622
2021-05-04;"Košický kraj";143;13562;38;13600;NA;44763;181;2021-05-04;42564
2021-05-03;"Košický kraj";37;16944;68;17012;NA;44763;105;2021-05-03;42383
2021-05-02;"Košický kraj";45;36096;56;36152;NA;44763;101;2021-05-02;42278
2021-05-01;"Košický kraj";54;51809;76;51885;NA;44763;130;2021-05-01;42177
2021-04-30;"Košický kraj";59;44602;94;44696;NA;44763;153;2021-04-30;42047
2021-04-29;"Košický kraj";76;16986;53;17039;NA;44763;129;2021-04-29;41894
2021-04-28;"Košický kraj";99;17930;52;17982;NA;44763;151;2021-04-28;41765
2021-04-27;"Košický kraj";108;20670;43;20713;NA;44763;151;2021-04-27;41614
2021-04-26;"Košický kraj";39;25897;96;25993;NA;44763;135;2021-04-26;41463
2021-04-25;"Košický kraj";23;48355;57;48412;NA;44763;80;2021-04-25;41328
2021-04-24;"Košický kraj";68;90124;114;90238;NA;44763;182;2021-04-24;41248
2021-04-23;"Košický kraj";110;41232;72;41304;NA;44763;182;2021-04-23;41066
2021-04-22;"Košický kraj";56;16772;44;16816;NA;44763;100;2021-04-22;40884
2021-04-21;"Košický kraj";114;19519;61;19580;NA;44763;175;2021-04-21;40784
2021-04-20;"Košický kraj";81;25359;63;25422;NA;44763;144;2021-04-20;40609
2021-04-19;"Košický kraj";93;29950;108;30058;NA;44763;201;2021-04-19;40465
2021-04-18;"Košický kraj";10;48913;82;48995;NA;44763;92;2021-04-18;40264
2021-04-17;"Košický kraj";187;83856;103;83959;NA;44763;290;2021-04-17;40172
2021-04-16;"Košický kraj";83;41568;127;41695;NA;44763;210;2021-04-16;39882
2021-04-15;"Košický kraj";104;18522;93;18615;NA;44763;197;2021-04-15;39672
2021-04-14;"Košický kraj";119;20089;64;20153;NA;44763;183;2021-04-14;39475
2021-04-13;"Košický kraj";81;23175;120;23295;NA;44763;201;2021-04-13;39292
2021-04-12;"Košický kraj";129;26573;124;26697;NA;44763;253;2021-04-12;39091
2021-04-11;"Košický kraj";29;46948;79;47027;NA;44763;108;2021-04-11;38838
2021-04-10;"Košický kraj";138;99836;183;100019;NA;44763;321;2021-04-10;38730
2021-04-09;"Košický kraj";168;35206;133;35339;NA;44763;301;2021-04-09;38409
2021-04-08;"Košický kraj";81;18530;90;18620;NA;44763;171;2021-04-08;38108
2021-04-07;"Košický kraj";232;28027;194;28221;NA;44763;426;2021-04-07;37937
2021-04-06;"Košický kraj";121;36495;164;36659;NA;44763;285;2021-04-06;37511
2021-04-05;"Košický kraj";19;14361;66;14427;NA;44763;85;2021-04-05;37226
2021-04-04;"Košický kraj";33;15089;66;15155;NA;44763;99;2021-04-04;37141
2021-04-03;"Košický kraj";138;97664;241;97905;NA;44763;379;2021-04-03;37042
2021-04-02;"Košický kraj";128;24290;76;24366;NA;44763;204;2021-04-02;36663
2021-04-01;"Košický kraj";165;46151;156;46307;NA;44763;321;2021-04-01;36459
2021-03-31;"Košický kraj";160;29659;124;29783;NA;44763;284;2021-03-31;36138
2021-03-30;"Košický kraj";229;24038;163;24201;NA;44763;392;2021-03-30;35854
2021-03-29;"Košický kraj";78;28843;194;29037;NA;44763;272;2021-03-29;35462
2021-03-28;"Košický kraj";39;44263;128;44391;NA;44763;167;2021-03-28;35190
2021-03-27;"Košický kraj";222;96602;265;96867;NA;44763;487;2021-03-27;35023
2021-03-26;"Košický kraj";233;45252;202;45454;NA;44763;435;2021-03-26;34536
2021-03-25;"Košický kraj";133;23804;175;23979;NA;44763;308;2021-03-25;34101
2021-03-24;"Košický kraj";165;20677;155;20832;NA;44763;320;2021-03-24;33793
2021-03-23;"Košický kraj";202;22434;192;22626;NA;44763;394;2021-03-23;33473
2021-03-22;"Košický kraj";169;26890;228;27118;NA;44763;397;2021-03-22;33079
2021-03-21;"Košický kraj";109;46746;167;46913;NA;44763;276;2021-03-21;32682
2021-03-20;"Košický kraj";126;101334;311;101645;NA;44763;437;2021-03-20;32406
2021-03-19;"Košický kraj";205;45632;260;45892;NA;44763;465;2021-03-19;31969
2021-03-18;"Košický kraj";274;23823;212;24035;NA;44763;486;2021-03-18;31504
2021-03-17;"Košický kraj";177;21545;195;21740;NA;44763;372;2021-03-17;31018
2021-03-16;"Košický kraj";386;23431;226;23657;NA;44763;612;2021-03-16;30646
2021-03-15;"Košický kraj";173;27900;297;28197;NA;44763;470;2021-03-15;30034
2021-03-14;"Košický kraj";145;44354;220;44574;NA;44763;365;2021-03-14;29564
2021-03-13;"Košický kraj";146;103790;483;104273;NA;44763;629;2021-03-13;29199
2021-03-12;"Košický kraj";366;47871;321;48192;NA;44763;687;2021-03-12;28570
2021-03-11;"Košický kraj";396;23229;263;23492;NA;44763;659;2021-03-11;27883
2021-03-10;"Košický kraj";121;22191;269;22460;NA;44763;390;2021-03-10;27224
2021-03-09;"Košický kraj";676;24509;300;24809;NA;44763;976;2021-03-09;26834
2021-03-08;"Košický kraj";559;29836;344;30180;NA;44763;903;2021-03-08;25858
2021-03-07;"Košický kraj";45;44230;299;44529;NA;44763;344;2021-03-07;24955
2021-03-06;"Košický kraj";177;105598;532;106130;NA;44763;709;2021-03-06;24611
2021-03-05;"Košický kraj";439;45567;424;45991;NA;44763;863;2021-03-05;23902
2021-03-04;"Košický kraj";417;23862;320;24182;NA;44763;737;2021-03-04;23039
2021-03-03;"Košický kraj";390;23168;298;23466;NA;44763;688;2021-03-03;22302
2021-03-02;"Košický kraj";464;24150;368;24518;NA;44763;832;2021-03-02;21614
2021-03-01;"Košický kraj";389;30013;514;30527;NA;44763;903;2021-03-01;20782
2021-02-28;"Košický kraj";265;43053;334;43387;NA;44763;599;2021-02-28;19879
2021-02-27;"Košický kraj";301;100559;784;101343;NA;44763;1085;2021-02-27;19280
2021-02-26;"Košický kraj";440;45466;492;45958;NA;44763;932;2021-02-26;18195
2021-02-25;"Košický kraj";331;19872;342;20214;NA;44763;673;2021-02-25;17263
2021-02-24;"Košický kraj";263;18815;506;19321;NA;44763;769;2021-02-24;16590
2021-02-23;"Košický kraj";642;21592;341;21933;NA;44763;983;2021-02-23;15821
2021-02-22;"Košický kraj";362;30830;434;31264;NA;44763;796;2021-02-22;14838
2021-02-21;"Košický kraj";170;40464;385;40849;NA;44763;555;2021-02-21;14042
2021-02-20;"Košický kraj";283;92550;770;93320;NA;44763;1053;2021-02-20;13487
2021-02-19;"Košický kraj";507;41579;583;42162;NA;44763;1090;2021-02-19;12434
2021-02-18;"Košický kraj";397;18442;345;18787;NA;44763;742;2021-02-18;11344
2021-02-17;"Košický kraj";322;18080;387;18467;NA;44763;709;2021-02-17;10602
2021-02-16;"Košický kraj";600;22111;463;22574;NA;44763;1063;2021-02-16;9893
2021-02-15;"Košický kraj";216;27633;419;28052;NA;44763;635;2021-02-15;8830
2021-02-14;"Košický kraj";241;56743;524;57267;NA;44763;765;2021-02-14;8195
2021-02-13;"Košický kraj";206;93965;765;94730;NA;44763;971;2021-02-13;7430
2021-02-12;"Košický kraj";448;49924;611;50535;NA;44763;1059;2021-02-12;6459
2021-02-11;"Košický kraj";435;14524;323;14847;NA;44763;758;2021-02-11;5400
2021-02-10;"Košický kraj";360;18475;431;18906;NA;44763;791;2021-02-10;4642
2021-02-09;"Košický kraj";544;24841;463;25304;NA;44763;1007;2021-02-09;3851
2021-02-08;"Košický kraj";237;24836;392;25228;NA;44763;629;2021-02-08;2844
2021-02-07;"Košický kraj";208;56897;612;57509;NA;44763;820;2021-02-07;2215
2021-02-06;"Košický kraj";318;104357;884;105241;NA;44763;1202;2021-02-06;1395
2021-02-05;"Košický kraj";384;43186;494;43680;NA;44763;878;2021-02-05;193
2021-02-04;"Košický kraj";391;14508;371;14879;NA;44763;762;2021-02-04;-685
2021-02-03;"Košický kraj";296;12599;339;12938;NA;44763;635;2021-02-03;-1447
2021-02-02;"Košický kraj";473;43883;1212;45095;NA;44763;1685;2021-02-02;-2082
2021-02-01;"Košický kraj";415;21965;362;22327;NA;44763;777;2021-02-01;-3767
2021-01-31;"Košický kraj";142;54154;609;54763;NA;44763;751;2021-01-31;-4544
2021-01-30;"Košický kraj";320;76722;661;77383;NA;44763;981;2021-01-30;-5295
2021-01-29;"Košický kraj";311;37130;466;37596;NA;44763;777;2021-01-29;-6276
2021-01-28;"Košický kraj";540;9006;244;9250;NA;44763;784;2021-01-28;-7053
2021-01-27;"Košický kraj";265;7575;211;7786;NA;44763;476;2021-01-27;-7837
2021-01-26;"Košický kraj";530;14210;245;14455;NA;44763;775;2021-01-26;-8313
2021-01-25;"Košický kraj";226;26430;413;26843;NA;44763;639;2021-01-25;-9088
2021-01-24;"Košický kraj";150;44419;581;45000;NA;44763;731;2021-01-24;-9727
2021-01-23;"Košický kraj";232;82705;857;83562;NA;44763;1089;2021-01-23;-10458
2021-01-22;"Košický kraj";316;19997;265;20262;NA;44763;581;2021-01-22;-11547
2021-01-21;"Košický kraj";274;14047;158;14205;NA;44763;432;2021-01-21;-12128
2021-01-20;"Košický kraj";374;10843;201;11044;NA;44763;575;2021-01-20;-12560
2021-01-19;"Košický kraj";248;9717;181;9898;NA;44763;429;2021-01-19;-13135
2021-01-18;"Košický kraj";333;7659;262;7921;NA;44763;595;2021-01-18;-13564
2021-01-17;"Košický kraj";155;535;14;549;NA;44763;169;2021-01-17;-14159
2021-01-16;"Košický kraj";153;1403;47;1450;NA;44763;200;2021-01-16;-14328
2021-01-15;"Košický kraj";308;6443;213;6656;NA;44763;521;2021-01-15;-14528
2021-01-14;"Košický kraj";358;5471;221;5692;NA;44763;579;2021-01-14;-15049
2021-01-13;"Košický kraj";421;4897;226;5123;NA;44763;647;2021-01-13;-15628
2021-01-12;"Košický kraj";482;6689;258;6947;NA;44763;740;2021-01-12;-16275
2021-01-11;"Košický kraj";309;7945;304;8249;NA;44763;613;2021-01-11;-17015
2021-01-10;"Košický kraj";193;136;6;142;NA;44763;199;2021-01-10;-17628
2021-01-09;"Košický kraj";469;1134;45;1179;NA;44763;514;2021-01-09;-17827
2021-01-08;"Košický kraj";551;8222;388;8610;NA;44763;939;2021-01-08;-18341
2021-01-07;"Košický kraj";251;6566;434;7000;NA;44763;685;2021-01-07;-19280
2021-01-06;"Košický kraj";442;429;33;462;NA;44763;475;2021-01-06;-19965
2021-01-05;"Košický kraj";584;8100;560;8660;NA;44763;1144;2021-01-05;-20440
2021-01-04;"Košický kraj";407;7113;737;7850;NA;44763;1144;2021-01-04;-21584
2021-01-03;"Košický kraj";118;661;22;683;NA;44763;140;2021-01-03;-22728
2021-01-02;"Košický kraj";88;440;52;492;NA;44763;140;2021-01-02;-22868
2021-01-01;"Košický kraj";398;725;49;774;NA;44763;447;2021-01-01;-23008
2020-12-31;"Košický kraj";625;7877;461;8338;NA;44763;1086;2020-12-31;-23455
2020-12-30;"Košický kraj";590;6477;412;6889;NA;44763;1002;2020-12-30;-24541
2020-12-29;"Košický kraj";419;7573;605;8178;NA;44763;1024;2020-12-29;-25543
2020-12-28;"Košický kraj";356;8296;804;9100;NA;44763;1160;2020-12-28;-26567
2020-12-27;"Košický kraj";159;147;16;163;NA;44763;175;2020-12-27;-27727
2020-12-26;"Košický kraj";163;274;23;297;NA;44763;186;2020-12-26;-27902
2020-12-25;"Košický kraj";237;140;10;150;NA;44763;247;2020-12-25;-28088
2020-12-24;"Košický kraj";564;1470;90;1560;NA;44763;654;2020-12-24;-28335
2020-12-23;"Košický kraj";304;7942;354;8296;NA;44763;658;2020-12-23;-28989
2020-12-22;"Košický kraj";438;7920;459;8379;NA;44763;897;2020-12-22;-29647
2020-12-21;"Košický kraj";405;6984;509;7493;NA;44763;914;2020-12-21;-30544
2020-12-20;"Košický kraj";215;73;11;84;NA;44763;226;2020-12-20;-31458
2020-12-19;"Košický kraj";207;1309;63;1372;NA;44763;270;2020-12-19;-31684
2020-12-18;"Košický kraj";310;8484;326;8810;NA;44763;636;2020-12-18;-31954
2020-12-17;"Košický kraj";463;5292;255;5547;NA;44763;718;2020-12-17;-32590
2020-12-16;"Košický kraj";455;5898;316;6214;NA;44763;771;2020-12-16;-33308
2020-12-15;"Košický kraj";319;5086;338;5424;NA;44763;657;2020-12-15;-34079
2020-12-14;"Košický kraj";256;3401;264;3665;NA;44763;520;2020-12-14;-34736
2020-12-13;"Košický kraj";47;181;2;183;NA;44763;49;2020-12-13;-35256
2020-12-12;"Košický kraj";369;1587;118;1705;NA;44763;487;2020-12-12;-35305
2020-12-11;"Košický kraj";354;5461;258;5719;NA;44763;612;2020-12-11;-35792
2020-12-10;"Košický kraj";283;4064;176;4240;NA;44763;459;2020-12-10;-36404
2020-12-09;"Košický kraj";279;3786;166;3952;NA;44763;445;2020-12-09;-36863
2020-12-08;"Košický kraj";226;4105;355;4460;NA;44763;581;2020-12-08;-37308
2020-12-07;"Košický kraj";270;2383;106;2489;NA;44763;376;2020-12-07;-37889
2020-12-06;"Košický kraj";121;97;20;117;NA;44763;141;2020-12-06;-38265
2020-12-05;"Košický kraj";90;1096;48;1144;NA;44763;138;2020-12-05;-38406
2020-12-04;"Košický kraj";224;2680;82;2762;NA;44763;306;2020-12-04;-38544
2020-12-03;"Košický kraj";211;7717;173;7890;NA;44763;384;2020-12-03;-38850
2020-12-02;"Košický kraj";193;8132;496;8628;NA;44763;689;2020-12-02;-39234
2020-12-01;"Košický kraj";178;2237;124;2361;NA;44763;302;2020-12-01;-39923
2020-11-30;"Košický kraj";171;3754;62;3816;NA;44763;233;2020-11-30;-40225
2020-11-29;"Košický kraj";31;325;17;342;NA;44763;48;2020-11-29;-40458
2020-11-28;"Košický kraj";69;721;52;773;NA;44763;121;2020-11-28;-40506
2020-11-27;"Košický kraj";149;2921;78;2999;NA;44763;227;2020-11-27;-40627
2020-11-26;"Košický kraj";239;1234;60;1294;NA;44763;299;2020-11-26;-40854
2020-11-25;"Košický kraj";237;1785;123;1908;NA;44763;360;2020-11-25;-41153
2020-11-24;"Košický kraj";196;1976;67;2043;NA;44763;263;2020-11-24;-41513
2020-11-23;"Košický kraj";51;4115;63;4178;NA;44763;114;2020-11-23;-41776
2020-11-22;"Košický kraj";57;57;5;62;NA;44763;62;2020-11-22;-41890
2020-11-21;"Košický kraj";87;858;36;894;NA;44763;123;2020-11-21;-41952
2020-11-20;"Košický kraj";176;3084;49;3133;NA;44763;225;2020-11-20;-42075
2020-11-19;"Košický kraj";206;1736;48;1784;NA;44763;254;2020-11-19;-42300
2020-11-18;"Košický kraj";122;532;17;549;NA;44763;139;2020-11-18;-42554
2020-11-17;"Košický kraj";152;82;9;91;NA;44763;161;2020-11-17;-42693
2020-11-16;"Košický kraj";114;596;27;623;NA;44763;141;2020-11-16;-42854
2020-11-15;"Košický kraj";15;338;7;345;NA;44763;22;2020-11-15;-42995
2020-11-14;"Košický kraj";234;520;12;532;NA;44763;246;2020-11-14;-43017
2020-11-13;"Košický kraj";207;664;29;693;NA;44763;236;2020-11-13;-43263
2020-11-12;"Košický kraj";192;736;13;749;NA;44763;205;2020-11-12;-43499
2020-11-11;"Košický kraj";301;593;7;600;NA;44763;308;2020-11-11;-43704
2020-11-10;"Košický kraj";190;541;11;552;NA;44763;201;2020-11-10;-44012
2020-11-09;"Košický kraj";129;380;17;397;NA;44763;146;2020-11-09;-44213
2020-11-08;"Košický kraj";78;1306;8;1314;NA;44763;86;2020-11-08;-44359
2020-11-07;"Košický kraj";192;3909;22;3931;NA;44763;214;2020-11-07;-44445
2020-11-06;"Košický kraj";195;5310;34;5344;NA;44763;229;2020-11-06;-44659
2020-11-05;"Košický kraj";342;330;31;361;NA;44763;373;2020-11-05;-44888
2020-11-04;"Košický kraj";101;154;6;160;NA;44763;107;2020-11-04;-45261
2020-11-03;"Košický kraj";358;1122;13;1135;NA;44763;371;2020-11-03;-45368
2020-11-02;"Košický kraj";111;6125;56;6181;NA;44763;167;2020-11-02;-45739
2020-11-01;"Košický kraj";346;6522;34;6556;NA;44763;380;2020-11-01;-45906
2020-10-31;"Košický kraj";82;14035;106;14141;NA;44763;188;2020-10-31;-46286
2020-10-30;"Košický kraj";379;2835;27;2862;NA;44763;406;2020-10-30;-46474
2020-10-29;"Košický kraj";333;983;13;996;NA;44763;346;2020-10-29;-46880
2020-10-28;"Košický kraj";224;305;13;318;NA;44763;237;2020-10-28;-47226
2020-10-27;"Košický kraj";386;439;21;460;NA;44763;407;2020-10-27;-47463
2020-10-26;"Košický kraj";56;212;12;224;NA;44763;68;2020-10-26;-47870
2020-10-25;"Košický kraj";154;79;2;81;NA;44763;156;2020-10-25;-47938
2020-10-24;"Košický kraj";313;118;16;134;NA;44763;329;2020-10-24;-48094
2020-10-23;"Košický kraj";315;331;8;339;NA;44763;323;2020-10-23;-48423
2020-10-22;"Košický kraj";349;530;16;546;NA;44763;365;2020-10-22;-48746
2020-10-21;"Košický kraj";129;84;2;86;NA;44763;131;2020-10-21;-49111
2020-10-20;"Košický kraj";181;14;1;15;NA;44763;182;2020-10-20;-49242
2020-10-19;"Košický kraj";64;38;1;39;NA;44763;65;2020-10-19;-49424
2020-10-18;"Košický kraj";158;0;0;0;NA;44763;158;2020-10-18;-49489
2020-10-17;"Košický kraj";142;0;0;0;NA;44763;142;2020-10-17;-49647
2020-10-16;"Košický kraj";206;19;0;19;NA;44763;206;2020-10-16;-49789
2020-10-15;"Košický kraj";177;19;5;24;NA;44763;182;2020-10-15;-49995
2020-10-14;"Košický kraj";211;8;0;8;NA;44763;211;2020-10-14;-50177
2020-10-13;"Košický kraj";179;80;3;83;NA;44763;182;2020-10-13;-50388
2020-10-12;"Košický kraj";74;0;0;0;NA;44763;74;2020-10-12;-50570
2020-10-11;"Košický kraj";121;0;0;0;NA;44763;121;2020-10-11;-50644
2020-10-10;"Košický kraj";70;0;0;0;NA;44763;70;2020-10-10;-50765
2020-10-09;"Košický kraj";188;0;0;0;NA;44763;188;2020-10-09;-50835
2020-10-08;"Košický kraj";102;0;0;0;NA;44763;102;2020-10-08;-51023
2020-10-07;"Košický kraj";158;0;0;0;NA;44763;158;2020-10-07;-51125
2020-10-06;"Košický kraj";70;0;0;0;NA;44763;70;2020-10-06;-51283
2020-10-05;"Košický kraj";39;0;0;0;NA;44763;39;2020-10-05;-51353
2020-10-04;"Košický kraj";45;0;0;0;NA;44763;45;2020-10-04;-51392
2020-10-03;"Košický kraj";105;0;0;0;NA;44763;105;2020-10-03;-51437
2020-10-02;"Košický kraj";57;0;0;0;NA;44763;57;2020-10-02;-51542
2020-10-01;"Košický kraj";69;0;0;0;NA;44763;69;2020-10-01;-51599
2020-09-30;"Košický kraj";95;0;0;0;NA;44763;95;2020-09-30;-51668
2020-09-29;"Košický kraj";75;0;0;0;NA;44763;75;2020-09-29;-51763
2020-09-28;"Košický kraj";19;0;0;0;NA;44763;19;2020-09-28;-51838
2020-09-27;"Košický kraj";21;0;0;0;NA;44763;21;2020-09-27;-51857
2020-09-26;"Košický kraj";53;0;0;0;NA;44763;53;2020-09-26;-51878
2020-09-25;"Košický kraj";72;0;0;0;NA;44763;72;2020-09-25;-51931
2020-09-24;"Košický kraj";35;0;0;0;NA;44763;35;2020-09-24;-52003
2020-09-23;"Košický kraj";23;0;0;0;NA;44763;23;2020-09-23;-52038
2020-09-22;"Košický kraj";39;0;0;0;NA;44763;39;2020-09-22;-52061
2020-09-21;"Košický kraj";5;0;0;0;NA;44763;5;2020-09-21;-52100
2020-09-20;"Košický kraj";3;0;0;0;NA;44763;3;2020-09-20;-52105
2020-09-19;"Košický kraj";13;0;0;0;NA;44763;13;2020-09-19;-52108
2020-09-18;"Košický kraj";20;0;0;0;NA;44763;20;2020-09-18;-52121
2020-09-17;"Košický kraj";22;0;0;0;NA;44763;22;2020-09-17;-52141
2020-09-16;"Košický kraj";12;0;0;0;NA;44763;12;2020-09-16;-52163
2020-09-15;"Košický kraj";10;0;0;0;NA;44763;10;2020-09-15;-52175
2020-09-14;"Košický kraj";6;0;0;0;NA;44763;6;2020-09-14;-52185
2020-09-13;"Košický kraj";3;0;0;0;NA;44763;3;2020-09-13;-52191
2020-09-12;"Košický kraj";16;0;0;0;NA;44763;16;2020-09-12;-52194
2020-09-11;"Košický kraj";20;0;0;0;NA;44763;20;2020-09-11;-52210
2020-09-10;"Košický kraj";11;0;0;0;NA;44763;11;2020-09-10;-52230
2020-09-09;"Košický kraj";37;0;0;0;NA;44763;37;2020-09-09;-52241
2020-09-08;"Košický kraj";10;0;0;0;NA;44763;10;2020-09-08;-52278
2020-09-07;"Košický kraj";4;0;0;0;NA;44763;4;2020-09-07;-52288
2020-09-06;"Košický kraj";2;0;0;0;NA;44763;2;2020-09-06;-52292
2020-09-05;"Košický kraj";10;0;0;0;NA;44763;10;2020-09-05;-52294
2020-09-04;"Košický kraj";14;0;0;0;NA;44763;14;2020-09-04;-52304
2020-09-03;"Košický kraj";22;0;0;0;NA;44763;22;2020-09-03;-52318
2020-09-02;"Košický kraj";13;0;0;0;NA;44763;13;2020-09-02;-52340
2020-09-01;"Košický kraj";21;0;0;0;NA;44763;21;2020-09-01;-52353
2020-08-31;"Košický kraj";9;0;0;0;NA;44763;9;2020-08-31;-52374
2020-08-30;"Košický kraj";21;0;0;0;NA;44763;21;2020-08-30;-52383
2020-08-29;"Košický kraj";1;0;0;0;NA;44763;1;2020-08-29;-52404
2020-08-28;"Košický kraj";19;0;0;0;NA;44763;19;2020-08-28;-52405
2020-08-27;"Košický kraj";15;0;0;0;NA;44763;15;2020-08-27;-52424
2020-08-26;"Košický kraj";8;0;0;0;NA;44763;8;2020-08-26;-52439
2020-08-25;"Košický kraj";23;0;0;0;NA;44763;23;2020-08-25;-52447
2020-08-24;"Košický kraj";6;0;0;0;NA;44763;6;2020-08-24;-52470
2020-08-23;"Košický kraj";8;0;0;0;NA;44763;8;2020-08-23;-52476
2020-08-22;"Košický kraj";13;0;0;0;NA;44763;13;2020-08-22;-52484
2020-08-21;"Košický kraj";10;0;0;0;NA;44763;10;2020-08-21;-52497
2020-08-20;"Košický kraj";10;0;0;0;NA;44763;10;2020-08-20;-52507
2020-08-19;"Košický kraj";3;0;0;0;NA;44763;3;2020-08-19;-52517
2020-08-18;"Košický kraj";7;0;0;0;NA;44763;7;2020-08-18;-52520
2020-08-17;"Košický kraj";2;0;0;0;NA;44763;2;2020-08-17;-52527
2020-08-16;"Košický kraj";2;0;0;0;NA;44763;2;2020-08-16;-52529
2020-08-15;"Košický kraj";3;0;0;0;NA;44763;3;2020-08-15;-52531
2020-08-14;"Košický kraj";1;0;0;0;NA;44763;1;2020-08-14;-52534
2020-08-13;"Košický kraj";3;0;0;0;NA;44763;3;2020-08-13;-52535
2020-08-12;"Košický kraj";12;0;0;0;NA;44763;12;2020-08-12;-52538
2020-08-11;"Košický kraj";5;0;0;0;NA;44763;5;2020-08-11;-52550
2020-08-10;"Košický kraj";1;0;0;0;NA;44763;1;2020-08-10;-52555
2020-08-09;"Košický kraj";0;0;0;0;NA;44763;0;2020-08-09;-52556
2020-08-08;"Košický kraj";5;0;0;0;NA;44763;5;2020-08-08;-52556
2020-08-07;"Košický kraj";7;0;0;0;NA;44763;7;2020-08-07;-52561
2020-08-06;"Košický kraj";3;0;0;0;NA;44763;3;2020-08-06;-52568
2020-08-05;"Košický kraj";4;0;0;0;NA;44763;4;2020-08-05;-52571
2020-08-04;"Košický kraj";1;0;0;0;NA;44763;1;2020-08-04;-52575
2020-08-03;"Košický kraj";1;0;0;0;NA;44763;1;2020-08-03;-52576
2020-08-02;"Košický kraj";0;0;0;0;NA;44763;0;2020-08-02;-52577
2020-08-01;"Košický kraj";0;0;0;0;NA;44763;0;2020-08-01;-52577
2020-07-31;"Košický kraj";0;0;0;0;NA;44763;0;2020-07-31;-52577
2020-07-30;"Košický kraj";2;0;0;0;NA;44763;2;2020-07-30;-52577
2020-07-29;"Košický kraj";1;0;0;0;NA;44763;1;2020-07-29;-52579
2020-07-28;"Košický kraj";9;0;0;0;NA;44763;9;2020-07-28;-52580
2020-07-27;"Košický kraj";4;0;0;0;NA;44763;4;2020-07-27;-52589
2020-07-26;"Košický kraj";0;0;0;0;NA;44763;0;2020-07-26;-52593
2020-07-25;"Košický kraj";2;0;0;0;NA;44763;2;2020-07-25;-52593
2020-07-24;"Košický kraj";2;0;0;0;NA;44763;2;2020-07-24;-52595
2020-07-23;"Košický kraj";1;0;0;0;NA;44763;1;2020-07-23;-52597
2020-07-22;"Košický kraj";1;0;0;0;NA;44763;1;2020-07-22;-52598
2020-07-21;"Košický kraj";0;0;0;0;NA;44763;0;2020-07-21;-52599
2020-07-20;"Košický kraj";0;0;0;0;NA;44763;0;2020-07-20;-52599
2020-07-19;"Košický kraj";0;0;0;0;NA;44763;0;2020-07-19;-52599
2020-07-18;"Košický kraj";1;0;0;0;NA;44763;1;2020-07-18;-52599
2020-07-17;"Košický kraj";1;0;0;0;NA;44763;1;2020-07-17;-52600
2020-07-16;"Košický kraj";0;0;0;0;NA;44763;0;2020-07-16;-52601
2020-07-15;"Košický kraj";2;0;0;0;NA;44763;2;2020-07-15;-52601
2020-07-14;"Košický kraj";1;0;0;0;NA;44763;1;2020-07-14;-52603
2020-07-13;"Košický kraj";1;0;0;0;NA;44763;1;2020-07-13;-52604
2020-07-12;"Košický kraj";0;0;0;0;NA;44763;0;2020-07-12;-52605
2020-07-11;"Košický kraj";0;0;0;0;NA;44763;0;2020-07-11;-52605
2020-07-10;"Košický kraj";1;0;0;0;NA;44763;1;2020-07-10;-52605
2020-07-09;"Košický kraj";1;0;0;0;NA;44763;1;2020-07-09;-52606
2020-07-08;"Košický kraj";12;0;0;0;NA;44763;12;2020-07-08;-52607
2020-07-07;"Košický kraj";0;0;0;0;NA;44763;0;2020-07-07;-52619
2020-07-06;"Košický kraj";0;0;0;0;NA;44763;0;2020-07-06;-52619
2020-07-05;"Košický kraj";0;0;0;0;NA;44763;0;2020-07-05;-52619
2020-07-04;"Košický kraj";0;0;0;0;NA;44763;0;2020-07-04;-52619
2020-07-03;"Košický kraj";1;0;0;0;NA;44763;1;2020-07-03;-52619
2020-07-02;"Košický kraj";0;0;0;0;NA;44763;0;2020-07-02;-52620
2020-07-01;"Košický kraj";1;0;0;0;NA;44763;1;2020-07-01;-52620
2020-06-30;"Košický kraj";0;0;0;0;NA;44763;0;2020-06-30;-52621
2020-06-29;"Košický kraj";0;0;0;0;NA;44763;0;2020-06-29;-52621
2020-06-28;"Košický kraj";0;0;0;0;NA;44763;0;2020-06-28;-52621
2020-06-27;"Košický kraj";0;0;0;0;NA;44763;0;2020-06-27;-52621
2020-06-26;"Košický kraj";0;0;0;0;NA;44763;0;2020-06-26;-52621
2020-06-25;"Košický kraj";3;0;0;0;NA;44763;3;2020-06-25;-52621
2020-06-24;"Košický kraj";3;0;0;0;NA;44763;3;2020-06-24;-52624
2020-06-23;"Košický kraj";3;0;0;0;NA;44763;3;2020-06-23;-52627
2020-06-22;"Košický kraj";0;0;0;0;NA;44763;0;2020-06-22;-52630
2020-06-21;"Košický kraj";0;0;0;0;NA;44763;0;2020-06-21;-52630
2020-06-20;"Košický kraj";0;0;0;0;NA;44763;0;2020-06-20;-52630
2020-06-19;"Košický kraj";0;0;0;0;NA;44763;0;2020-06-19;-52630
2020-06-18;"Košický kraj";1;0;0;0;NA;44763;1;2020-06-18;-52630
2020-06-17;"Košický kraj";0;0;0;0;NA;44763;0;2020-06-17;-52631
2020-06-16;"Košický kraj";2;0;0;0;NA;44763;2;2020-06-16;-52631
2020-06-14;"Košický kraj";0;0;0;0;NA;44763;0;2020-06-14;-52633
2020-06-13;"Košický kraj";0;0;0;0;NA;44763;0;2020-06-13;-52633
2020-06-12;"Košický kraj";0;0;0;0;NA;44763;0;2020-06-12;-52633
2020-06-11;"Košický kraj";0;0;0;0;NA;44763;0;2020-06-11;-52633
2020-06-10;"Košický kraj";6;0;0;0;NA;44763;6;2020-06-10;-52633
2020-06-09;"Košický kraj";0;0;0;0;NA;44763;0;2020-06-09;-52639
2020-06-08;"Košický kraj";0;0;0;0;NA;44763;0;2020-06-08;-52639
2020-06-07;"Košický kraj";2;0;0;0;NA;44763;2;2020-06-07;-52639
2020-06-05;"Košický kraj";0;0;0;0;NA;44763;0;2020-06-05;-52641
2020-06-03;"Košický kraj";0;0;0;0;NA;44763;0;2020-06-03;-52641
2020-06-02;"Košický kraj";1;0;0;0;NA;44763;1;2020-06-02;-52641
2020-05-31;"Košický kraj";0;0;0;0;NA;44763;0;2020-05-31;-52642
2020-05-29;"Košický kraj";1;0;0;0;NA;44763;1;2020-05-29;-52642
2020-05-27;"Košický kraj";0;0;0;0;NA;44763;0;2020-05-27;-52643
2020-05-26;"Košický kraj";1;0;0;0;NA;44763;1;2020-05-26;-52643
2020-05-25;"Košický kraj";1;0;0;0;NA;44763;1;2020-05-25;-52644
2020-05-24;"Košický kraj";0;0;0;0;NA;44763;0;2020-05-24;-52645
2020-05-23;"Košický kraj";0;0;0;0;NA;44763;0;2020-05-23;-52645
2020-05-22;"Košický kraj";0;0;0;0;NA;44763;0;2020-05-22;-52645
2020-05-21;"Košický kraj";0;0;0;0;NA;44763;0;2020-05-21;-52645
2020-05-20;"Košický kraj";3;0;0;0;NA;44763;3;2020-05-20;-52645
2020-05-19;"Košický kraj";0;0;0;0;NA;44763;0;2020-05-19;-52648
2020-05-17;"Košický kraj";1;0;0;0;NA;44763;1;2020-05-17;-52648
2020-05-16;"Košický kraj";1;0;0;0;NA;44763;1;2020-05-16;-52649
2020-05-15;"Košický kraj";10;0;0;0;NA;44763;10;2020-05-15;-52650
2020-05-14;"Košický kraj";1;0;0;0;NA;44763;1;2020-05-14;-52660
2020-05-13;"Košický kraj";6;0;0;0;NA;44763;6;2020-05-13;-52661
2020-05-12;"Košický kraj";0;0;0;0;NA;44763;0;2020-05-12;-52667
2020-05-11;"Košický kraj";0;0;0;0;NA;44763;0;2020-05-11;-52667
2020-05-09;"Košický kraj";0;0;0;0;NA;44763;0;2020-05-09;-52667
2020-05-07;"Košický kraj";0;0;0;0;NA;44763;0;2020-05-07;-52667
2020-05-06;"Košický kraj";1;0;0;0;NA;44763;1;2020-05-06;-52667
2020-05-05;"Košický kraj";0;0;0;0;NA;44763;0;2020-05-05;-52668
2020-05-04;"Košický kraj";0;0;0;0;NA;44763;0;2020-05-04;-52668
2020-05-03;"Košický kraj";0;0;0;0;NA;44763;0;2020-05-03;-52668
2020-05-02;"Košický kraj";1;0;0;0;NA;44763;1;2020-05-02;-52668
2020-05-01;"Košický kraj";0;0;0;0;NA;44763;0;2020-05-01;-52669
2020-04-30;"Košický kraj";1;0;0;0;NA;44763;1;2020-04-30;-52669
2020-04-29;"Košický kraj";1;0;0;0;NA;44763;1;2020-04-29;-52670
2020-04-28;"Košický kraj";1;0;0;0;NA;44763;1;2020-04-28;-52671
2020-04-27;"Košický kraj";1;0;0;0;NA;44763;1;2020-04-27;-52672
2020-04-26;"Košický kraj";0;0;0;0;NA;44763;0;2020-04-26;-52673
2020-04-25;"Košický kraj";0;0;0;0;NA;44763;0;2020-04-25;-52673
2020-04-24;"Košický kraj";3;0;0;0;NA;44763;3;2020-04-24;-52673
2020-04-23;"Košický kraj";4;0;0;0;NA;44763;4;2020-04-23;-52676
2020-04-22;"Košický kraj";21;0;0;0;NA;44763;21;2020-04-22;-52680
2020-04-21;"Košický kraj";4;0;0;0;NA;44763;4;2020-04-21;-52701
2020-04-20;"Košický kraj";0;0;0;0;NA;44763;0;2020-04-20;-52705
2020-04-19;"Košický kraj";1;0;0;0;NA;44763;1;2020-04-19;-52705
2020-04-18;"Košický kraj";2;0;0;0;NA;44763;2;2020-04-18;-52706
2020-04-17;"Košický kraj";7;0;0;0;NA;44763;7;2020-04-17;-52708
2020-04-16;"Košický kraj";29;0;0;0;NA;44763;29;2020-04-16;-52715
2020-04-15;"Košický kraj";50;0;0;0;NA;44763;50;2020-04-15;-52744
2020-04-14;"Košický kraj";4;0;0;0;NA;44763;4;2020-04-14;-52794
2020-04-13;"Košický kraj";5;0;0;0;NA;44763;5;2020-04-13;-52798
2020-04-12;"Košický kraj";4;0;0;0;NA;44763;4;2020-04-12;-52803
2020-04-11;"Košický kraj";2;0;0;0;NA;44763;2;2020-04-11;-52807
2020-04-10;"Košický kraj";1;0;0;0;NA;44763;1;2020-04-10;-52809
2020-04-09;"Košický kraj";4;0;0;0;NA;44763;4;2020-04-09;-52810
2020-04-08;"Košický kraj";5;0;0;0;NA;44763;5;2020-04-08;-52814
2020-04-07;"Košický kraj";34;0;0;0;NA;44763;34;2020-04-07;-52819
2020-04-06;"Košický kraj";6;0;0;0;NA;44763;6;2020-04-06;-52853
2020-04-05;"Košický kraj";4;0;0;0;NA;44763;4;2020-04-05;-52859
2020-04-04;"Košický kraj";5;0;0;0;NA;44763;5;2020-04-04;-52863
2020-04-03;"Košický kraj";4;0;0;0;NA;44763;4;2020-04-03;-52868
2020-04-02;"Košický kraj";3;0;0;0;NA;44763;3;2020-04-02;-52872
2020-04-01;"Košický kraj";3;0;0;0;NA;44763;3;2020-04-01;-52875
2020-03-31;"Košický kraj";1;0;0;0;NA;44763;1;2020-03-31;-52878
2020-03-30;"Košický kraj";5;0;0;0;NA;44763;5;2020-03-30;-52879
2020-03-29;"Košický kraj";0;0;0;0;NA;44763;0;2020-03-29;-52884
2020-03-28;"Košický kraj";1;0;0;0;NA;44763;1;2020-03-28;-52884
2020-03-27;"Košický kraj";1;0;0;0;NA;44763;1;2020-03-27;-52885
2020-03-26;"Košický kraj";3;0;0;0;NA;44763;3;2020-03-26;-52886
2020-03-25;"Košický kraj";2;0;0;0;NA;44763;2;2020-03-25;-52889
2020-03-24;"Košický kraj";0;0;0;0;NA;44763;0;2020-03-24;-52891
2020-03-23;"Košický kraj";2;0;0;0;NA;44763;2;2020-03-23;-52891
2020-03-22;"Košický kraj";0;0;0;0;NA;44763;0;2020-03-22;-52893
2020-03-21;"Košický kraj";3;0;0;0;NA;44763;3;2020-03-21;-52893
2020-03-20;"Košický kraj";1;0;0;0;NA;44763;1;2020-03-20;-52896
2020-03-19;"Košický kraj";0;0;0;0;NA;44763;0;2020-03-19;-52897
2020-03-18;"Košický kraj";0;0;0;0;NA;44763;0;2020-03-18;-52897
2020-03-17;"Košický kraj";0;0;0;0;NA;44763;0;2020-03-17;-52897
2020-03-16;"Košický kraj";3;0;0;0;NA;44763;3;2020-03-16;-52897
2020-03-15;"Košický kraj";1;0;0;0;NA;44763;1;2020-03-15;-52900
2020-03-14;"Košický kraj";0;0;0;0;NA;44763;0;2020-03-14;-52901
2020-03-13;"Košický kraj";2;0;0;0;NA;44763;2;2020-03-13;-52901
2020-03-12;"Košický kraj";0;0;0;0;NA;44763;0;2020-03-12;-52903
2020-03-11;"Košický kraj";0;0;0;0;NA;44763;0;2020-03-11;-52903
2020-03-09;"Košický kraj";1;0;0;0;NA;44763;1;2020-03-09;-52903
2020-03-08;"Košický kraj";0;0;0;0;NA;44763;0;2020-03-08;-52904
2020-03-07;"Košický kraj";0;0;0;0;NA;44763;0;2020-03-07;-52904
2020-03-06;"Košický kraj";0;0;0;0;NA;44763;0;2020-03-06;-52904
2021-06-30;"Nitriansky kraj";1;5689;7;5696;0;53399;8;2021-06-30;53399
2021-06-29;"Nitriansky kraj";1;3012;0;3012;NA;53399;1;2021-06-29;53391
2021-06-28;"Nitriansky kraj";3;4125;0;4125;NA;53399;3;2021-06-28;53390
2021-06-27;"Nitriansky kraj";0;3188;0;3188;NA;53399;0;2021-06-27;53387
2021-06-26;"Nitriansky kraj";1;4804;2;4806;NA;53399;3;2021-06-26;53387
2021-06-25;"Nitriansky kraj";8;5103;1;5104;NA;53399;9;2021-06-25;53384
2021-06-24;"Nitriansky kraj";1;3338;0;3338;NA;53399;1;2021-06-24;53375
2021-06-23;"Nitriansky kraj";1;2977;0;2977;NA;53399;1;2021-06-23;53374
2021-06-22;"Nitriansky kraj";1;3203;3;3206;NA;53399;4;2021-06-22;53373
2021-06-21;"Nitriansky kraj";8;5016;8;5024;NA;53399;16;2021-06-21;53369
2021-06-20;"Nitriansky kraj";0;4437;6;4443;NA;53399;6;2021-06-20;53353
2021-06-19;"Nitriansky kraj";0;5750;4;5754;NA;53399;4;2021-06-19;53347
2021-06-18;"Nitriansky kraj";4;6453;3;6456;NA;53399;7;2021-06-18;53343
2021-06-17;"Nitriansky kraj";5;4030;1;4031;NA;53399;6;2021-06-17;53336
2021-06-16;"Nitriansky kraj";4;3694;3;3697;NA;53399;7;2021-06-16;53330
2021-06-15;"Nitriansky kraj";1;3849;0;3849;NA;53399;1;2021-06-15;53323
2021-06-14;"Nitriansky kraj";0;5590;3;5593;NA;53399;3;2021-06-14;53322
2021-06-13;"Nitriansky kraj";0;6184;3;6187;NA;53399;3;2021-06-13;53319
2021-06-12;"Nitriansky kraj";1;7723;1;7724;NA;53399;2;2021-06-12;53316
2021-06-11;"Nitriansky kraj";3;6558;4;6562;NA;53399;7;2021-06-11;53314
2021-06-10;"Nitriansky kraj";7;4539;1;4540;NA;53399;8;2021-06-10;53307
2021-06-09;"Nitriansky kraj";2;4656;5;4661;NA;53399;7;2021-06-09;53299
2021-06-08;"Nitriansky kraj";8;4239;3;4242;NA;53399;11;2021-06-08;53292
2021-06-07;"Nitriansky kraj";6;5648;8;5656;NA;53399;14;2021-06-07;53281
2021-06-06;"Nitriansky kraj";0;6981;4;6985;NA;53399;4;2021-06-06;53267
2021-06-05;"Nitriansky kraj";6;8417;9;8426;NA;53399;15;2021-06-05;53263
2021-06-04;"Nitriansky kraj";9;7462;5;7467;NA;53399;14;2021-06-04;53248
2021-06-03;"Nitriansky kraj";2;5062;6;5068;NA;53399;8;2021-06-03;53234
2021-06-02;"Nitriansky kraj";11;4902;11;4913;NA;53399;22;2021-06-02;53226
2021-06-01;"Nitriansky kraj";3;4698;2;4700;NA;53399;5;2021-06-01;53204
2021-05-31;"Nitriansky kraj";8;8708;8;8716;NA;53399;16;2021-05-31;53199
2021-05-30;"Nitriansky kraj";1;9067;8;9075;NA;53399;9;2021-05-30;53183
2021-05-29;"Nitriansky kraj";2;12799;7;12806;NA;53399;9;2021-05-29;53174
2021-05-28;"Nitriansky kraj";10;8575;6;8581;NA;53399;16;2021-05-28;53165
2021-05-27;"Nitriansky kraj";4;6015;5;6020;NA;53399;9;2021-05-27;53149
2021-05-26;"Nitriansky kraj";11;8266;8;8274;NA;53399;19;2021-05-26;53140
2021-05-25;"Nitriansky kraj";15;7228;8;7236;NA;53399;23;2021-05-25;53121
2021-05-24;"Nitriansky kraj";14;9599;17;9616;NA;53399;31;2021-05-24;53098
2021-05-23;"Nitriansky kraj";1;9456;13;9469;NA;53399;14;2021-05-23;53067
2021-05-22;"Nitriansky kraj";7;16774;11;16785;NA;53399;18;2021-05-22;53053
2021-05-21;"Nitriansky kraj";18;10473;15;10488;NA;53399;33;2021-05-21;53035
2021-05-20;"Nitriansky kraj";8;7059;7;7066;NA;53399;15;2021-05-20;53002
2021-05-19;"Nitriansky kraj";20;6640;14;6654;NA;53399;34;2021-05-19;52987
2021-05-18;"Nitriansky kraj";23;7577;18;7595;NA;53399;41;2021-05-18;52953
2021-05-17;"Nitriansky kraj";22;9575;20;9595;NA;53399;42;2021-05-17;52912
2021-05-16;"Nitriansky kraj";4;13830;15;13845;NA;53399;19;2021-05-16;52870
2021-05-15;"Nitriansky kraj";5;25389;23;25412;NA;53399;28;2021-05-15;52851
2021-05-14;"Nitriansky kraj";18;13273;23;13296;NA;53399;41;2021-05-14;52823
2021-05-13;"Nitriansky kraj";24;8049;19;8068;NA;53399;43;2021-05-13;52782
2021-05-12;"Nitriansky kraj";10;7466;26;7492;NA;53399;36;2021-05-12;52739
2021-05-11;"Nitriansky kraj";36;7978;13;7991;NA;53399;49;2021-05-11;52703
2021-05-10;"Nitriansky kraj";16;13590;33;13623;NA;53399;49;2021-05-10;52654
2021-05-09;"Nitriansky kraj";8;21879;35;21914;NA;53399;43;2021-05-09;52605
2021-05-08;"Nitriansky kraj";0;24318;29;24347;NA;53399;29;2021-05-08;52562
2021-05-07;"Nitriansky kraj";32;14657;20;14677;NA;53399;52;2021-05-07;52533
2021-05-06;"Nitriansky kraj";30;9275;20;9295;NA;53399;50;2021-05-06;52481
2021-05-05;"Nitriansky kraj";19;8518;23;8541;NA;53399;42;2021-05-05;52431
2021-05-04;"Nitriansky kraj";46;8954;27;8981;NA;53399;73;2021-05-04;52389
2021-05-03;"Nitriansky kraj";32;14490;44;14534;NA;53399;76;2021-05-03;52316
2021-05-02;"Nitriansky kraj";4;31751;46;31797;NA;53399;50;2021-05-02;52240
2021-05-01;"Nitriansky kraj";23;60318;43;60361;NA;53399;66;2021-05-01;52190
2021-04-30;"Nitriansky kraj";28;31803;53;31856;NA;53399;81;2021-04-30;52124
2021-04-29;"Nitriansky kraj";27;13995;32;14027;NA;53399;59;2021-04-29;52043
2021-04-28;"Nitriansky kraj";36;14678;45;14723;NA;53399;81;2021-04-28;51984
2021-04-27;"Nitriansky kraj";51;13154;35;13189;NA;53399;86;2021-04-27;51903
2021-04-26;"Nitriansky kraj";38;21029;44;21073;NA;53399;82;2021-04-26;51817
2021-04-25;"Nitriansky kraj";7;43494;43;43537;NA;53399;50;2021-04-25;51735
2021-04-24;"Nitriansky kraj";23;92745;71;92816;NA;53399;94;2021-04-24;51685
2021-04-23;"Nitriansky kraj";54;35143;51;35194;NA;53399;105;2021-04-23;51591
2021-04-22;"Nitriansky kraj";32;15435;44;15479;NA;53399;76;2021-04-22;51486
2021-04-21;"Nitriansky kraj";38;14222;45;14267;NA;53399;83;2021-04-21;51410
2021-04-20;"Nitriansky kraj";67;16058;51;16109;NA;53399;118;2021-04-20;51327
2021-04-19;"Nitriansky kraj";35;24816;59;24875;NA;53399;94;2021-04-19;51209
2021-04-18;"Nitriansky kraj";0;39569;27;39596;NA;53399;27;2021-04-18;51115
2021-04-17;"Nitriansky kraj";34;92102;82;92184;NA;53399;116;2021-04-17;51088
2021-04-16;"Nitriansky kraj";46;32348;37;32385;NA;53399;83;2021-04-16;50972
2021-04-15;"Nitriansky kraj";75;16215;52;16267;NA;53399;127;2021-04-15;50889
2021-04-14;"Nitriansky kraj";43;15303;42;15345;NA;53399;85;2021-04-14;50762
2021-04-13;"Nitriansky kraj";110;14947;44;14991;NA;53399;154;2021-04-13;50677
2021-04-12;"Nitriansky kraj";29;22162;50;22212;NA;53399;79;2021-04-12;50523
2021-04-11;"Nitriansky kraj";1;37537;31;37568;NA;53399;32;2021-04-11;50444
2021-04-10;"Nitriansky kraj";35;95524;115;95639;NA;53399;150;2021-04-10;50412
2021-04-09;"Nitriansky kraj";69;30669;58;30727;NA;53399;127;2021-04-09;50262
2021-04-08;"Nitriansky kraj";71;15369;36;15405;NA;53399;107;2021-04-08;50135
2021-04-07;"Nitriansky kraj";64;18541;47;18588;NA;53399;111;2021-04-07;50028
2021-04-06;"Nitriansky kraj";65;33218;112;33330;NA;53399;177;2021-04-06;49917
2021-04-05;"Nitriansky kraj";37;12673;48;12721;NA;53399;85;2021-04-05;49740
2021-04-04;"Nitriansky kraj";5;17887;35;17922;NA;53399;40;2021-04-04;49655
2021-04-03;"Nitriansky kraj";26;85465;153;85618;NA;53399;179;2021-04-03;49615
2021-04-02;"Nitriansky kraj";32;18667;46;18713;NA;53399;78;2021-04-02;49436
2021-04-01;"Nitriansky kraj";63;24610;83;24693;NA;53399;146;2021-04-01;49358
2021-03-31;"Nitriansky kraj";73;21752;94;21846;NA;53399;167;2021-03-31;49212
2021-03-30;"Nitriansky kraj";125;17044;83;17127;NA;53399;208;2021-03-30;49045
2021-03-29;"Nitriansky kraj";81;25139;100;25239;NA;53399;181;2021-03-29;48837
2021-03-28;"Nitriansky kraj";6;45581;106;45687;NA;53399;112;2021-03-28;48656
2021-03-27;"Nitriansky kraj";39;103659;174;103833;NA;53399;213;2021-03-27;48544
2021-03-26;"Nitriansky kraj";90;40444;115;40559;NA;53399;205;2021-03-26;48331
2021-03-25;"Nitriansky kraj";95;19149;94;19243;NA;53399;189;2021-03-25;48126
2021-03-24;"Nitriansky kraj";90;14784;91;14875;NA;53399;181;2021-03-24;47937
2021-03-23;"Nitriansky kraj";167;16753;66;16819;NA;53399;233;2021-03-23;47756
2021-03-22;"Nitriansky kraj";101;23699;124;23823;NA;53399;225;2021-03-22;47523
2021-03-21;"Nitriansky kraj";27;42318;99;42417;NA;53399;126;2021-03-21;47298
2021-03-20;"Nitriansky kraj";36;99816;207;100023;NA;53399;243;2021-03-20;47172
2021-03-19;"Nitriansky kraj";76;37115;101;37216;NA;53399;177;2021-03-19;46929
2021-03-18;"Nitriansky kraj";103;20051;113;20164;NA;53399;216;2021-03-18;46752
2021-03-17;"Nitriansky kraj";87;15832;127;15959;NA;53399;214;2021-03-17;46536
2021-03-16;"Nitriansky kraj";172;18085;121;18206;NA;53399;293;2021-03-16;46322
2021-03-15;"Nitriansky kraj";130;24491;165;24656;NA;53399;295;2021-03-15;46029
2021-03-14;"Nitriansky kraj";3;45758;107;45865;NA;53399;110;2021-03-14;45734
2021-03-13;"Nitriansky kraj";65;112081;241;112322;NA;53399;306;2021-03-13;45624
2021-03-12;"Nitriansky kraj";127;40776;159;40935;NA;53399;286;2021-03-12;45318
2021-03-11;"Nitriansky kraj";131;18685;130;18815;NA;53399;261;2021-03-11;45032
2021-03-10;"Nitriansky kraj";96;17422;143;17565;NA;53399;239;2021-03-10;44771
2021-03-09;"Nitriansky kraj";260;17645;149;17794;NA;53399;409;2021-03-09;44532
2021-03-08;"Nitriansky kraj";145;27214;172;27386;NA;53399;317;2021-03-08;44123
2021-03-07;"Nitriansky kraj";48;46867;185;47052;NA;53399;233;2021-03-07;43806
2021-03-06;"Nitriansky kraj";86;110858;326;111184;NA;53399;412;2021-03-06;43573
2021-03-05;"Nitriansky kraj";133;39068;200;39268;NA;53399;333;2021-03-05;43161
2021-03-04;"Nitriansky kraj";176;18206;173;18379;NA;53399;349;2021-03-04;42828
2021-03-03;"Nitriansky kraj";172;17210;177;17387;NA;53399;349;2021-03-03;42479
2021-03-02;"Nitriansky kraj";274;20999;366;21365;NA;53399;640;2021-03-02;42130
2021-03-01;"Nitriansky kraj";133;27881;279;28160;NA;53399;412;2021-03-01;41490
2021-02-28;"Nitriansky kraj";80;40866;218;41084;NA;53399;298;2021-02-28;41078
2021-02-27;"Nitriansky kraj";101;106352;496;106848;NA;53399;597;2021-02-27;40780
2021-02-26;"Nitriansky kraj";109;36722;306;37028;NA;53399;415;2021-02-26;40183
2021-02-25;"Nitriansky kraj";188;15235;212;15447;NA;53399;400;2021-02-25;39768
2021-02-24;"Nitriansky kraj";125;13833;260;14093;NA;53399;385;2021-02-24;39368
2021-02-23;"Nitriansky kraj";273;15402;273;15675;NA;53399;546;2021-02-23;38983
2021-02-22;"Nitriansky kraj";154;26466;330;26796;NA;53399;484;2021-02-22;38437
2021-02-21;"Nitriansky kraj";22;43657;320;43977;NA;53399;342;2021-02-21;37953
2021-02-20;"Nitriansky kraj";128;108304;584;108888;NA;53399;712;2021-02-20;37611
2021-02-19;"Nitriansky kraj";173;36849;328;37177;NA;53399;501;2021-02-19;36899
2021-02-18;"Nitriansky kraj";202;17051;275;17326;NA;53399;477;2021-02-18;36398
2021-02-17;"Nitriansky kraj";198;12080;310;12390;NA;53399;508;2021-02-17;35921
2021-02-16;"Nitriansky kraj";284;14477;282;14759;NA;53399;566;2021-02-16;35413
2021-02-15;"Nitriansky kraj";122;27620;471;28091;NA;53399;593;2021-02-15;34847
2021-02-14;"Nitriansky kraj";8;50408;318;50726;NA;53399;326;2021-02-14;34254
2021-02-13;"Nitriansky kraj";127;110035;689;110724;NA;53399;816;2021-02-13;33928
2021-02-12;"Nitriansky kraj";162;33400;407;33807;NA;53399;569;2021-02-12;33112
2021-02-11;"Nitriansky kraj";195;12406;270;12676;NA;53399;465;2021-02-11;32543
2021-02-10;"Nitriansky kraj";186;17632;644;18276;NA;53399;830;2021-02-10;32078
2021-02-09;"Nitriansky kraj";260;18523;385;18908;NA;53399;645;2021-02-09;31248
2021-02-08;"Nitriansky kraj";177;37534;569;38103;NA;53399;746;2021-02-08;30603
2021-02-07;"Nitriansky kraj";20;52307;513;52820;NA;53399;533;2021-02-07;29857
2021-02-06;"Nitriansky kraj";129;101942;765;102707;NA;53399;894;2021-02-06;29324
2021-02-05;"Nitriansky kraj";244;26140;491;26631;NA;53399;735;2021-02-05;28430
2021-02-04;"Nitriansky kraj";308;15681;512;16193;NA;53399;820;2021-02-04;27695
2021-02-03;"Nitriansky kraj";191;13468;382;13850;NA;53399;573;2021-02-03;26875
2021-02-02;"Nitriansky kraj";327;17878;382;18260;NA;53399;709;2021-02-02;26302
2021-02-01;"Nitriansky kraj";221;24002;460;24462;NA;53399;681;2021-02-01;25593
2021-01-31;"Nitriansky kraj";9;45339;496;45835;NA;53399;505;2021-01-31;24912
2021-01-30;"Nitriansky kraj";152;98142;1077;99219;NA;53399;1229;2021-01-30;24407
2021-01-29;"Nitriansky kraj";302;22461;477;22938;NA;53399;779;2021-01-29;23178
2021-01-28;"Nitriansky kraj";269;11370;398;11768;NA;53399;667;2021-01-28;22399
2021-01-27;"Nitriansky kraj";235;6758;299;7057;NA;53399;534;2021-01-27;21732
2021-01-26;"Nitriansky kraj";345;16044;454;16498;NA;53399;799;2021-01-26;21198
2021-01-25;"Nitriansky kraj";201;21729;429;22158;NA;53399;630;2021-01-25;20399
2021-01-24;"Nitriansky kraj";12;78775;889;79664;NA;53399;901;2021-01-24;19769
2021-01-23;"Nitriansky kraj";277;97395;1434;98829;NA;53399;1711;2021-01-23;18868
2021-01-22;"Nitriansky kraj";139;35824;619;36443;NA;53399;758;2021-01-22;17157
2021-01-21;"Nitriansky kraj";305;14649;412;15061;NA;53399;717;2021-01-21;16399
2021-01-20;"Nitriansky kraj";326;11991;625;12616;NA;53399;951;2021-01-20;15682
2021-01-19;"Nitriansky kraj";344;11022;633;11655;NA;53399;977;2021-01-19;14731
2021-01-18;"Nitriansky kraj";367;8901;519;9420;NA;53399;886;2021-01-18;13754
2021-01-17;"Nitriansky kraj";97;15061;275;15336;NA;53399;372;2021-01-17;12868
2021-01-16;"Nitriansky kraj";64;36838;679;37517;NA;53399;743;2021-01-16;12496
2021-01-15;"Nitriansky kraj";373;15940;474;16414;NA;53399;847;2021-01-15;11753
2021-01-14;"Nitriansky kraj";627;10577;452;11029;NA;53399;1079;2021-01-14;10906
2021-01-13;"Nitriansky kraj";663;9234;484;9718;NA;53399;1147;2021-01-13;9827
2021-01-12;"Nitriansky kraj";642;9014;557;9571;NA;53399;1199;2021-01-12;8680
2021-01-11;"Nitriansky kraj";422;8625;556;9181;NA;53399;978;2021-01-11;7481
2021-01-10;"Nitriansky kraj";44;19841;730;20571;NA;53399;774;2021-01-10;6503
2021-01-09;"Nitriansky kraj";532;36823;1071;37894;NA;53399;1603;2021-01-09;5729
2021-01-08;"Nitriansky kraj";817;14297;711;15008;NA;53399;1528;2021-01-08;4126
2021-01-07;"Nitriansky kraj";438;10406;822;11228;NA;53399;1260;2021-01-07;2598
2021-01-06;"Nitriansky kraj";259;3192;197;3389;NA;53399;456;2021-01-06;1338
2021-01-05;"Nitriansky kraj";732;8901;1202;10103;NA;53399;1934;2021-01-05;882
2021-01-04;"Nitriansky kraj";362;8692;1329;10021;NA;53399;1691;2021-01-04;-1052
2021-01-03;"Nitriansky kraj";42;84;20;104;NA;53399;62;2021-01-03;-2743
2021-01-02;"Nitriansky kraj";249;1090;26;1116;NA;53399;275;2021-01-02;-2805
2021-01-01;"Nitriansky kraj";119;781;95;876;NA;53399;214;2021-01-01;-3080
2020-12-31;"Nitriansky kraj";786;7646;962;8608;NA;53399;1748;2020-12-31;-3294
2020-12-30;"Nitriansky kraj";1094;9619;1165;10784;NA;53399;2259;2020-12-30;-5042
2020-12-29;"Nitriansky kraj";607;8277;1286;9563;NA;53399;1893;2020-12-29;-7301
2020-12-28;"Nitriansky kraj";83;6981;1271;8252;NA;53399;1354;2020-12-28;-9194
2020-12-27;"Nitriansky kraj";22;60;8;68;NA;53399;30;2020-12-27;-10548
2020-12-26;"Nitriansky kraj";54;297;56;353;NA;53399;110;2020-12-26;-10578
2020-12-25;"Nitriansky kraj";35;60;11;71;NA;53399;46;2020-12-25;-10688
2020-12-24;"Nitriansky kraj";514;1861;176;2037;NA;53399;690;2020-12-24;-10734
2020-12-23;"Nitriansky kraj";349;15295;843;16138;NA;53399;1192;2020-12-23;-11424
2020-12-22;"Nitriansky kraj";673;10989;994;11983;NA;53399;1667;2020-12-22;-12616
2020-12-21;"Nitriansky kraj";128;7953;976;8929;NA;53399;1104;2020-12-21;-14283
2020-12-20;"Nitriansky kraj";77;50;10;60;NA;53399;87;2020-12-20;-15387
2020-12-19;"Nitriansky kraj";262;2259;159;2418;NA;53399;421;2020-12-19;-15474
2020-12-18;"Nitriansky kraj";512;8437;551;8988;NA;53399;1063;2020-12-18;-15895
2020-12-17;"Nitriansky kraj";586;6894;514;7408;NA;53399;1100;2020-12-17;-16958
2020-12-16;"Nitriansky kraj";357;8613;535;9148;NA;53399;892;2020-12-16;-18058
2020-12-15;"Nitriansky kraj";461;9365;769;10134;NA;53399;1230;2020-12-15;-18950
2020-12-14;"Nitriansky kraj";217;8089;827;8916;NA;53399;1044;2020-12-14;-20180
2020-12-13;"Nitriansky kraj";12;69;6;75;NA;53399;18;2020-12-13;-21224
2020-12-12;"Nitriansky kraj";341;1832;125;1957;NA;53399;466;2020-12-12;-21242
2020-12-11;"Nitriansky kraj";409;5430;416;5846;NA;53399;825;2020-12-11;-21708
2020-12-10;"Nitriansky kraj";360;5473;351;5824;NA;53399;711;2020-12-10;-22533
2020-12-09;"Nitriansky kraj";362;5506;529;6035;NA;53399;891;2020-12-09;-23244
2020-12-08;"Nitriansky kraj";340;8168;548;8716;NA;53399;888;2020-12-08;-24135
2020-12-07;"Nitriansky kraj";139;6243;573;6816;NA;53399;712;2020-12-07;-25023
2020-12-06;"Nitriansky kraj";15;89;4;93;NA;53399;19;2020-12-06;-25735
2020-12-05;"Nitriansky kraj";136;1388;19;1407;NA;53399;155;2020-12-05;-25754
2020-12-04;"Nitriansky kraj";232;2884;74;2958;NA;53399;306;2020-12-04;-25909
2020-12-03;"Nitriansky kraj";248;2471;110;2581;NA;53399;358;2020-12-03;-26215
2020-12-02;"Nitriansky kraj";252;3733;163;3896;NA;53399;415;2020-12-02;-26573
2020-12-01;"Nitriansky kraj";331;2891;131;3022;NA;53399;462;2020-12-01;-26988
2020-11-30;"Nitriansky kraj";91;4228;188;4416;NA;53399;279;2020-11-30;-27450
2020-11-29;"Nitriansky kraj";3;634;42;676;NA;53399;45;2020-11-29;-27729
2020-11-28;"Nitriansky kraj";135;892;31;923;NA;53399;166;2020-11-28;-27774
2020-11-27;"Nitriansky kraj";177;2069;73;2142;NA;53399;250;2020-11-27;-27940
2020-11-26;"Nitriansky kraj";191;2813;80;2893;NA;53399;271;2020-11-26;-28190
2020-11-25;"Nitriansky kraj";325;2478;91;2569;NA;53399;416;2020-11-25;-28461
2020-11-24;"Nitriansky kraj";147;1641;64;1705;NA;53399;211;2020-11-24;-28877
2020-11-23;"Nitriansky kraj";102;9891;212;10103;NA;53399;314;2020-11-23;-29088
2020-11-22;"Nitriansky kraj";7;1176;25;1201;NA;53399;32;2020-11-22;-29402
2020-11-21;"Nitriansky kraj";86;1083;38;1121;NA;53399;124;2020-11-21;-29434
2020-11-20;"Nitriansky kraj";264;4180;103;4283;NA;53399;367;2020-11-20;-29558
2020-11-19;"Nitriansky kraj";185;3065;134;3199;NA;53399;319;2020-11-19;-29925
2020-11-18;"Nitriansky kraj";188;2214;79;2293;NA;53399;267;2020-11-18;-30244
2020-11-17;"Nitriansky kraj";178;596;29;625;NA;53399;207;2020-11-17;-30511
2020-11-16;"Nitriansky kraj";139;1877;75;1952;NA;53399;214;2020-11-16;-30718
2020-11-15;"Nitriansky kraj";14;180;5;185;NA;53399;19;2020-11-15;-30932
2020-11-14;"Nitriansky kraj";114;1131;32;1163;NA;53399;146;2020-11-14;-30951
2020-11-13;"Nitriansky kraj";210;936;46;982;NA;53399;256;2020-11-13;-31097
2020-11-12;"Nitriansky kraj";256;1195;35;1230;NA;53399;291;2020-11-12;-31353
2020-11-11;"Nitriansky kraj";279;1247;22;1269;NA;53399;301;2020-11-11;-31644
2020-11-10;"Nitriansky kraj";192;2623;39;2662;NA;53399;231;2020-11-10;-31945
2020-11-09;"Nitriansky kraj";128;3136;43;3179;NA;53399;171;2020-11-09;-32176
2020-11-08;"Nitriansky kraj";43;1462;32;1494;NA;53399;75;2020-11-08;-32347
2020-11-07;"Nitriansky kraj";130;1046;4;1050;NA;53399;134;2020-11-07;-32422
2020-11-06;"Nitriansky kraj";210;2264;32;2296;NA;53399;242;2020-11-06;-32556
2020-11-05;"Nitriansky kraj";178;313;14;327;NA;53399;192;2020-11-05;-32798
2020-11-04;"Nitriansky kraj";211;297;16;313;NA;53399;227;2020-11-04;-32990
2020-11-03;"Nitriansky kraj";216;435;25;460;NA;53399;241;2020-11-03;-33217
2020-11-02;"Nitriansky kraj";171;4208;46;4254;NA;53399;217;2020-11-02;-33458
2020-11-01;"Nitriansky kraj";130;2546;27;2573;NA;53399;157;2020-11-01;-33675
2020-10-31;"Nitriansky kraj";261;10466;134;10600;NA;53399;395;2020-10-31;-33832
2020-10-30;"Nitriansky kraj";204;2593;42;2635;NA;53399;246;2020-10-30;-34227
2020-10-29;"Nitriansky kraj";293;841;39;880;NA;53399;332;2020-10-29;-34473
2020-10-28;"Nitriansky kraj";216;608;59;667;NA;53399;275;2020-10-28;-34805
2020-10-27;"Nitriansky kraj";296;550;47;597;NA;53399;343;2020-10-27;-35080
2020-10-26;"Nitriansky kraj";69;633;56;689;NA;53399;125;2020-10-26;-35423
2020-10-25;"Nitriansky kraj";50;62;8;70;NA;53399;58;2020-10-25;-35548
2020-10-24;"Nitriansky kraj";169;237;11;248;NA;53399;180;2020-10-24;-35606
2020-10-23;"Nitriansky kraj";282;762;41;803;NA;53399;323;2020-10-23;-35786
2020-10-22;"Nitriansky kraj";137;444;39;483;NA;53399;176;2020-10-22;-36109
2020-10-21;"Nitriansky kraj";146;208;3;211;NA;53399;149;2020-10-21;-36285
2020-10-20;"Nitriansky kraj";197;78;6;84;NA;53399;203;2020-10-20;-36434
2020-10-19;"Nitriansky kraj";148;79;1;80;NA;53399;149;2020-10-19;-36637
2020-10-18;"Nitriansky kraj";22;0;0;0;NA;53399;22;2020-10-18;-36786
2020-10-17;"Nitriansky kraj";67;0;0;0;NA;53399;67;2020-10-17;-36808
2020-10-16;"Nitriansky kraj";133;28;3;31;NA;53399;136;2020-10-16;-36875
2020-10-15;"Nitriansky kraj";106;31;2;33;NA;53399;108;2020-10-15;-37011
2020-10-14;"Nitriansky kraj";80;22;4;26;NA;53399;84;2020-10-14;-37119
2020-10-13;"Nitriansky kraj";101;82;2;84;NA;53399;103;2020-10-13;-37203
2020-10-12;"Nitriansky kraj";36;0;0;0;NA;53399;36;2020-10-12;-37306
2020-10-11;"Nitriansky kraj";8;0;0;0;NA;53399;8;2020-10-11;-37342
2020-10-10;"Nitriansky kraj";107;0;0;0;NA;53399;107;2020-10-10;-37350
2020-10-09;"Nitriansky kraj";120;0;0;0;NA;53399;120;2020-10-09;-37457
2020-10-08;"Nitriansky kraj";132;0;0;0;NA;53399;132;2020-10-08;-37577
2020-10-07;"Nitriansky kraj";81;0;0;0;NA;53399;81;2020-10-07;-37709
2020-10-06;"Nitriansky kraj";48;0;0;0;NA;53399;48;2020-10-06;-37790
2020-10-05;"Nitriansky kraj";20;0;0;0;NA;53399;20;2020-10-05;-37838
2020-10-04;"Nitriansky kraj";17;0;0;0;NA;53399;17;2020-10-04;-37858
2020-10-03;"Nitriansky kraj";96;0;0;0;NA;53399;96;2020-10-03;-37875
2020-10-02;"Nitriansky kraj";108;0;0;0;NA;53399;108;2020-10-02;-37971
2020-10-01;"Nitriansky kraj";95;0;0;0;NA;53399;95;2020-10-01;-38079
2020-09-30;"Nitriansky kraj";100;0;0;0;NA;53399;100;2020-09-30;-38174
2020-09-29;"Nitriansky kraj";50;0;0;0;NA;53399;50;2020-09-29;-38274
2020-09-28;"Nitriansky kraj";22;0;0;0;NA;53399;22;2020-09-28;-38324
2020-09-27;"Nitriansky kraj";16;0;0;0;NA;53399;16;2020-09-27;-38346
2020-09-26;"Nitriansky kraj";64;0;0;0;NA;53399;64;2020-09-26;-38362
2020-09-25;"Nitriansky kraj";90;0;0;0;NA;53399;90;2020-09-25;-38426
2020-09-24;"Nitriansky kraj";51;0;0;0;NA;53399;51;2020-09-24;-38516
2020-09-23;"Nitriansky kraj";70;0;0;0;NA;53399;70;2020-09-23;-38567
2020-09-22;"Nitriansky kraj";18;0;0;0;NA;53399;18;2020-09-22;-38637
2020-09-21;"Nitriansky kraj";10;0;0;0;NA;53399;10;2020-09-21;-38655
2020-09-20;"Nitriansky kraj";4;0;0;0;NA;53399;4;2020-09-20;-38665
2020-09-19;"Nitriansky kraj";14;0;0;0;NA;53399;14;2020-09-19;-38669
2020-09-18;"Nitriansky kraj";19;0;0;0;NA;53399;19;2020-09-18;-38683
2020-09-17;"Nitriansky kraj";30;0;0;0;NA;53399;30;2020-09-17;-38702
2020-09-16;"Nitriansky kraj";6;0;0;0;NA;53399;6;2020-09-16;-38732
2020-09-15;"Nitriansky kraj";19;0;0;0;NA;53399;19;2020-09-15;-38738
2020-09-14;"Nitriansky kraj";28;0;0;0;NA;53399;28;2020-09-14;-38757
2020-09-13;"Nitriansky kraj";3;0;0;0;NA;53399;3;2020-09-13;-38785
2020-09-12;"Nitriansky kraj";12;0;0;0;NA;53399;12;2020-09-12;-38788
2020-09-11;"Nitriansky kraj";23;0;0;0;NA;53399;23;2020-09-11;-38800
2020-09-10;"Nitriansky kraj";29;0;0;0;NA;53399;29;2020-09-10;-38823
2020-09-09;"Nitriansky kraj";19;0;0;0;NA;53399;19;2020-09-09;-38852
2020-09-08;"Nitriansky kraj";17;0;0;0;NA;53399;17;2020-09-08;-38871
2020-09-07;"Nitriansky kraj";17;0;0;0;NA;53399;17;2020-09-07;-38888
2020-09-06;"Nitriansky kraj";0;0;0;0;NA;53399;0;2020-09-06;-38905
2020-09-05;"Nitriansky kraj";22;0;0;0;NA;53399;22;2020-09-05;-38905
2020-09-04;"Nitriansky kraj";34;0;0;0;NA;53399;34;2020-09-04;-38927
2020-09-03;"Nitriansky kraj";15;0;0;0;NA;53399;15;2020-09-03;-38961
2020-09-02;"Nitriansky kraj";15;0;0;0;NA;53399;15;2020-09-02;-38976
2020-09-01;"Nitriansky kraj";2;0;0;0;NA;53399;2;2020-09-01;-38991
2020-08-31;"Nitriansky kraj";12;0;0;0;NA;53399;12;2020-08-31;-38993
2020-08-30;"Nitriansky kraj";1;0;0;0;NA;53399;1;2020-08-30;-39005
2020-08-29;"Nitriansky kraj";7;0;0;0;NA;53399;7;2020-08-29;-39006
2020-08-28;"Nitriansky kraj";12;0;0;0;NA;53399;12;2020-08-28;-39013
2020-08-27;"Nitriansky kraj";12;0;0;0;NA;53399;12;2020-08-27;-39025
2020-08-26;"Nitriansky kraj";4;0;0;0;NA;53399;4;2020-08-26;-39037
2020-08-25;"Nitriansky kraj";8;0;0;0;NA;53399;8;2020-08-25;-39041
2020-08-24;"Nitriansky kraj";1;0;0;0;NA;53399;1;2020-08-24;-39049
2020-08-23;"Nitriansky kraj";1;0;0;0;NA;53399;1;2020-08-23;-39050
2020-08-22;"Nitriansky kraj";2;0;0;0;NA;53399;2;2020-08-22;-39051
2020-08-21;"Nitriansky kraj";0;0;0;0;NA;53399;0;2020-08-21;-39053
2020-08-20;"Nitriansky kraj";7;0;0;0;NA;53399;7;2020-08-20;-39053
2020-08-19;"Nitriansky kraj";1;0;0;0;NA;53399;1;2020-08-19;-39060
2020-08-18;"Nitriansky kraj";2;0;0;0;NA;53399;2;2020-08-18;-39061
2020-08-17;"Nitriansky kraj";1;0;0;0;NA;53399;1;2020-08-17;-39063
2020-08-16;"Nitriansky kraj";0;0;0;0;NA;53399;0;2020-08-16;-39064
2020-08-15;"Nitriansky kraj";2;0;0;0;NA;53399;2;2020-08-15;-39064
2020-08-14;"Nitriansky kraj";1;0;0;0;NA;53399;1;2020-08-14;-39066
2020-08-13;"Nitriansky kraj";4;0;0;0;NA;53399;4;2020-08-13;-39067
2020-08-12;"Nitriansky kraj";0;0;0;0;NA;53399;0;2020-08-12;-39071
2020-08-11;"Nitriansky kraj";1;0;0;0;NA;53399;1;2020-08-11;-39071
2020-08-10;"Nitriansky kraj";0;0;0;0;NA;53399;0;2020-08-10;-39072
2020-08-09;"Nitriansky kraj";0;0;0;0;NA;53399;0;2020-08-09;-39072
2020-08-08;"Nitriansky kraj";0;0;0;0;NA;53399;0;2020-08-08;-39072
2020-08-07;"Nitriansky kraj";4;0;0;0;NA;53399;4;2020-08-07;-39072
2020-08-06;"Nitriansky kraj";4;0;0;0;NA;53399;4;2020-08-06;-39076
2020-08-05;"Nitriansky kraj";0;0;0;0;NA;53399;0;2020-08-05;-39080
2020-08-04;"Nitriansky kraj";7;0;0;0;NA;53399;7;2020-08-04;-39080
2020-08-03;"Nitriansky kraj";0;0;0;0;NA;53399;0;2020-08-03;-39087
2020-08-02;"Nitriansky kraj";0;0;0;0;NA;53399;0;2020-08-02;-39087
2020-08-01;"Nitriansky kraj";0;0;0;0;NA;53399;0;2020-08-01;-39087
2020-07-31;"Nitriansky kraj";0;0;0;0;NA;53399;0;2020-07-31;-39087
2020-07-30;"Nitriansky kraj";0;0;0;0;NA;53399;0;2020-07-30;-39087
2020-07-29;"Nitriansky kraj";0;0;0;0;NA;53399;0;2020-07-29;-39087
2020-07-28;"Nitriansky kraj";0;0;0;0;NA;53399;0;2020-07-28;-39087
2020-07-27;"Nitriansky kraj";0;0;0;0;NA;53399;0;2020-07-27;-39087
2020-07-26;"Nitriansky kraj";0;0;0;0;NA;53399;0;2020-07-26;-39087
2020-07-25;"Nitriansky kraj";0;0;0;0;NA;53399;0;2020-07-25;-39087
2020-07-24;"Nitriansky kraj";1;0;0;0;NA;53399;1;2020-07-24;-39087
2020-07-23;"Nitriansky kraj";3;0;0;0;NA;53399;3;2020-07-23;-39088
2020-07-22;"Nitriansky kraj";2;0;0;0;NA;53399;2;2020-07-22;-39091
2020-07-21;"Nitriansky kraj";14;0;0;0;NA;53399;14;2020-07-21;-39093
2020-07-20;"Nitriansky kraj";11;0;0;0;NA;53399;11;2020-07-20;-39107
2020-07-19;"Nitriansky kraj";0;0;0;0;NA;53399;0;2020-07-19;-39118
2020-07-18;"Nitriansky kraj";0;0;0;0;NA;53399;0;2020-07-18;-39118
2020-07-17;"Nitriansky kraj";0;0;0;0;NA;53399;0;2020-07-17;-39118
2020-07-16;"Nitriansky kraj";4;0;0;0;NA;53399;4;2020-07-16;-39118
2020-07-15;"Nitriansky kraj";5;0;0;0;NA;53399;5;2020-07-15;-39122
2020-07-14;"Nitriansky kraj";0;0;0;0;NA;53399;0;2020-07-14;-39127
2020-07-13;"Nitriansky kraj";0;0;0;0;NA;53399;0;2020-07-13;-39127
2020-07-12;"Nitriansky kraj";0;0;0;0;NA;53399;0;2020-07-12;-39127
2020-07-11;"Nitriansky kraj";0;0;0;0;NA;53399;0;2020-07-11;-39127
2020-07-10;"Nitriansky kraj";0;0;0;0;NA;53399;0;2020-07-10;-39127
2020-07-09;"Nitriansky kraj";1;0;0;0;NA;53399;1;2020-07-09;-39127
2020-07-08;"Nitriansky kraj";2;0;0;0;NA;53399;2;2020-07-08;-39128
2020-07-07;"Nitriansky kraj";0;0;0;0;NA;53399;0;2020-07-07;-39130
2020-07-06;"Nitriansky kraj";0;0;0;0;NA;53399;0;2020-07-06;-39130
2020-07-05;"Nitriansky kraj";0;0;0;0;NA;53399;0;2020-07-05;-39130
2020-07-04;"Nitriansky kraj";0;0;0;0;NA;53399;0;2020-07-04;-39130
2020-07-03;"Nitriansky kraj";0;0;0;0;NA;53399;0;2020-07-03;-39130
2020-07-02;"Nitriansky kraj";0;0;0;0;NA;53399;0;2020-07-02;-39130
2020-07-01;"Nitriansky kraj";3;0;0;0;NA;53399;3;2020-07-01;-39130
2020-06-30;"Nitriansky kraj";0;0;0;0;NA;53399;0;2020-06-30;-39133
2020-06-29;"Nitriansky kraj";0;0;0;0;NA;53399;0;2020-06-29;-39133
2020-06-28;"Nitriansky kraj";0;0;0;0;NA;53399;0;2020-06-28;-39133
2020-06-27;"Nitriansky kraj";0;0;0;0;NA;53399;0;2020-06-27;-39133
2020-06-26;"Nitriansky kraj";0;0;0;0;NA;53399;0;2020-06-26;-39133
2020-06-25;"Nitriansky kraj";0;0;0;0;NA;53399;0;2020-06-25;-39133
2020-06-24;"Nitriansky kraj";1;0;0;0;NA;53399;1;2020-06-24;-39133
2020-06-23;"Nitriansky kraj";0;0;0;0;NA;53399;0;2020-06-23;-39134
2020-06-22;"Nitriansky kraj";0;0;0;0;NA;53399;0;2020-06-22;-39134
2020-06-21;"Nitriansky kraj";0;0;0;0;NA;53399;0;2020-06-21;-39134
2020-06-20;"Nitriansky kraj";0;0;0;0;NA;53399;0;2020-06-20;-39134
2020-06-19;"Nitriansky kraj";0;0;0;0;NA;53399;0;2020-06-19;-39134
2020-06-18;"Nitriansky kraj";0;0;0;0;NA;53399;0;2020-06-18;-39134
2020-06-17;"Nitriansky kraj";0;0;0;0;NA;53399;0;2020-06-17;-39134
2020-06-16;"Nitriansky kraj";0;0;0;0;NA;53399;0;2020-06-16;-39134
2020-06-14;"Nitriansky kraj";0;0;0;0;NA;53399;0;2020-06-14;-39134
2020-06-13;"Nitriansky kraj";0;0;0;0;NA;53399;0;2020-06-13;-39134
2020-06-12;"Nitriansky kraj";0;0;0;0;NA;53399;0;2020-06-12;-39134
2020-06-11;"Nitriansky kraj";0;0;0;0;NA;53399;0;2020-06-11;-39134
2020-06-10;"Nitriansky kraj";1;0;0;0;NA;53399;1;2020-06-10;-39134
2020-06-09;"Nitriansky kraj";1;0;0;0;NA;53399;1;2020-06-09;-39135
2020-06-08;"Nitriansky kraj";0;0;0;0;NA;53399;0;2020-06-08;-39136
2020-06-07;"Nitriansky kraj";0;0;0;0;NA;53399;0;2020-06-07;-39136
2020-06-05;"Nitriansky kraj";0;0;0;0;NA;53399;0;2020-06-05;-39136
2020-06-03;"Nitriansky kraj";0;0;0;0;NA;53399;0;2020-06-03;-39136
2020-06-02;"Nitriansky kraj";1;0;0;0;NA;53399;1;2020-06-02;-39136
2020-05-31;"Nitriansky kraj";0;0;0;0;NA;53399;0;2020-05-31;-39137
2020-05-29;"Nitriansky kraj";0;0;0;0;NA;53399;0;2020-05-29;-39137
2020-05-27;"Nitriansky kraj";0;0;0;0;NA;53399;0;2020-05-27;-39137
2020-05-26;"Nitriansky kraj";0;0;0;0;NA;53399;0;2020-05-26;-39137
2020-05-25;"Nitriansky kraj";0;0;0;0;NA;53399;0;2020-05-25;-39137
2020-05-24;"Nitriansky kraj";2;0;0;0;NA;53399;2;2020-05-24;-39137
2020-05-23;"Nitriansky kraj";0;0;0;0;NA;53399;0;2020-05-23;-39139
2020-05-22;"Nitriansky kraj";1;0;0;0;NA;53399;1;2020-05-22;-39139
2020-05-21;"Nitriansky kraj";0;0;0;0;NA;53399;0;2020-05-21;-39140
2020-05-20;"Nitriansky kraj";0;0;0;0;NA;53399;0;2020-05-20;-39140
2020-05-19;"Nitriansky kraj";0;0;0;0;NA;53399;0;2020-05-19;-39140
2020-05-17;"Nitriansky kraj";0;0;0;0;NA;53399;0;2020-05-17;-39140
2020-05-16;"Nitriansky kraj";0;0;0;0;NA;53399;0;2020-05-16;-39140
2020-05-15;"Nitriansky kraj";1;0;0;0;NA;53399;1;2020-05-15;-39140
2020-05-14;"Nitriansky kraj";0;0;0;0;NA;53399;0;2020-05-14;-39141
2020-05-13;"Nitriansky kraj";0;0;0;0;NA;53399;0;2020-05-13;-39141
2020-05-12;"Nitriansky kraj";0;0;0;0;NA;53399;0;2020-05-12;-39141
2020-05-11;"Nitriansky kraj";2;0;0;0;NA;53399;2;2020-05-11;-39141
2020-05-09;"Nitriansky kraj";0;0;0;0;NA;53399;0;2020-05-09;-39143
2020-05-07;"Nitriansky kraj";1;0;0;0;NA;53399;1;2020-05-07;-39143
2020-05-06;"Nitriansky kraj";9;0;0;0;NA;53399;9;2020-05-06;-39144
2020-05-05;"Nitriansky kraj";0;0;0;0;NA;53399;0;2020-05-05;-39153
2020-05-04;"Nitriansky kraj";5;0;0;0;NA;53399;5;2020-05-04;-39153
2020-05-03;"Nitriansky kraj";2;0;0;0;NA;53399;2;2020-05-03;-39158
2020-05-02;"Nitriansky kraj";0;0;0;0;NA;53399;0;2020-05-02;-39160
2020-05-01;"Nitriansky kraj";1;0;0;0;NA;53399;1;2020-05-01;-39160
2020-04-30;"Nitriansky kraj";0;0;0;0;NA;53399;0;2020-04-30;-39161
2020-04-29;"Nitriansky kraj";0;0;0;0;NA;53399;0;2020-04-29;-39161
2020-04-28;"Nitriansky kraj";1;0;0;0;NA;53399;1;2020-04-28;-39161
2020-04-27;"Nitriansky kraj";0;0;0;0;NA;53399;0;2020-04-27;-39162
2020-04-26;"Nitriansky kraj";0;0;0;0;NA;53399;0;2020-04-26;-39162
2020-04-25;"Nitriansky kraj";0;0;0;0;NA;53399;0;2020-04-25;-39162
2020-04-24;"Nitriansky kraj";0;0;0;0;NA;53399;0;2020-04-24;-39162
2020-04-23;"Nitriansky kraj";3;0;0;0;NA;53399;3;2020-04-23;-39162
2020-04-22;"Nitriansky kraj";16;0;0;0;NA;53399;16;2020-04-22;-39165
2020-04-21;"Nitriansky kraj";6;0;0;0;NA;53399;6;2020-04-21;-39181
2020-04-20;"Nitriansky kraj";5;0;0;0;NA;53399;5;2020-04-20;-39187
2020-04-19;"Nitriansky kraj";0;0;0;0;NA;53399;0;2020-04-19;-39192
2020-04-18;"Nitriansky kraj";0;0;0;0;NA;53399;0;2020-04-18;-39192
2020-04-17;"Nitriansky kraj";7;0;0;0;NA;53399;7;2020-04-17;-39192
2020-04-16;"Nitriansky kraj";0;0;0;0;NA;53399;0;2020-04-16;-39199
2020-04-15;"Nitriansky kraj";6;0;0;0;NA;53399;6;2020-04-15;-39199
2020-04-14;"Nitriansky kraj";2;0;0;0;NA;53399;2;2020-04-14;-39205
2020-04-13;"Nitriansky kraj";1;0;0;0;NA;53399;1;2020-04-13;-39207
2020-04-12;"Nitriansky kraj";3;0;0;0;NA;53399;3;2020-04-12;-39208
2020-04-11;"Nitriansky kraj";1;0;0;0;NA;53399;1;2020-04-11;-39211
2020-04-10;"Nitriansky kraj";1;0;0;0;NA;53399;1;2020-04-10;-39212
2020-04-09;"Nitriansky kraj";0;0;0;0;NA;53399;0;2020-04-09;-39213
2020-04-08;"Nitriansky kraj";2;0;0;0;NA;53399;2;2020-04-08;-39213
2020-04-07;"Nitriansky kraj";3;0;0;0;NA;53399;3;2020-04-07;-39215
2020-04-06;"Nitriansky kraj";4;0;0;0;NA;53399;4;2020-04-06;-39218
2020-04-05;"Nitriansky kraj";5;0;0;0;NA;53399;5;2020-04-05;-39222
2020-04-04;"Nitriansky kraj";0;0;0;0;NA;53399;0;2020-04-04;-39227
2020-04-03;"Nitriansky kraj";0;0;0;0;NA;53399;0;2020-04-03;-39227
2020-04-02;"Nitriansky kraj";1;0;0;0;NA;53399;1;2020-04-02;-39227
2020-04-01;"Nitriansky kraj";0;0;0;0;NA;53399;0;2020-04-01;-39228
2020-03-31;"Nitriansky kraj";3;0;0;0;NA;53399;3;2020-03-31;-39228
2020-03-30;"Nitriansky kraj";3;0;0;0;NA;53399;3;2020-03-30;-39231
2020-03-29;"Nitriansky kraj";3;0;0;0;NA;53399;3;2020-03-29;-39234
2020-03-28;"Nitriansky kraj";1;0;0;0;NA;53399;1;2020-03-28;-39237
2020-03-27;"Nitriansky kraj";1;0;0;0;NA;53399;1;2020-03-27;-39238
2020-03-26;"Nitriansky kraj";1;0;0;0;NA;53399;1;2020-03-26;-39239
2020-03-25;"Nitriansky kraj";1;0;0;0;NA;53399;1;2020-03-25;-39240
2020-03-24;"Nitriansky kraj";0;0;0;0;NA;53399;0;2020-03-24;-39241
2020-03-23;"Nitriansky kraj";2;0;0;0;NA;53399;2;2020-03-23;-39241
2020-03-22;"Nitriansky kraj";2;0;0;0;NA;53399;2;2020-03-22;-39243
2020-03-21;"Nitriansky kraj";2;0;0;0;NA;53399;2;2020-03-21;-39245
2020-03-20;"Nitriansky kraj";1;0;0;0;NA;53399;1;2020-03-20;-39247
2020-03-19;"Nitriansky kraj";1;0;0;0;NA;53399;1;2020-03-19;-39248
2020-03-18;"Nitriansky kraj";2;0;0;0;NA;53399;2;2020-03-18;-39249
2020-03-17;"Nitriansky kraj";1;0;0;0;NA;53399;1;2020-03-17;-39251
2020-03-16;"Nitriansky kraj";0;0;0;0;NA;53399;0;2020-03-16;-39252
2020-03-15;"Nitriansky kraj";4;0;0;0;NA;53399;4;2020-03-15;-39252
2020-03-14;"Nitriansky kraj";1;0;0;0;NA;53399;1;2020-03-14;-39256
2020-03-13;"Nitriansky kraj";0;0;0;0;NA;53399;0;2020-03-13;-39257
2020-03-12;"Nitriansky kraj";0;0;0;0;NA;53399;0;2020-03-12;-39257
2020-03-11;"Nitriansky kraj";0;0;0;0;NA;53399;0;2020-03-11;-39257
2020-03-09;"Nitriansky kraj";0;0;0;0;NA;53399;0;2020-03-09;-39257
2020-03-08;"Nitriansky kraj";0;0;0;0;NA;53399;0;2020-03-08;-39257
2020-03-07;"Nitriansky kraj";0;0;0;0;NA;53399;0;2020-03-07;-39257
2020-03-06;"Nitriansky kraj";0;0;0;0;NA;53399;0;2020-03-06;-39257
2021-06-30;"Prešovský kraj";3;7251;1;7252;0;53726;4;2021-06-30;53726
2021-06-29;"Prešovský kraj";1;4309;3;4312;NA;53726;4;2021-06-29;53722
2021-06-28;"Prešovský kraj";5;7439;2;7441;NA;53726;7;2021-06-28;53718
2021-06-27;"Prešovský kraj";0;3597;1;3598;NA;53726;1;2021-06-27;53711
2021-06-26;"Prešovský kraj";4;5057;1;5058;NA;53726;5;2021-06-26;53710
2021-06-25;"Prešovský kraj";7;6403;4;6407;NA;53726;11;2021-06-25;53705
2021-06-24;"Prešovský kraj";10;6092;4;6096;NA;53726;14;2021-06-24;53694
2021-06-23;"Prešovský kraj";4;4631;2;4633;NA;53726;6;2021-06-23;53680
2021-06-22;"Prešovský kraj";5;4449;1;4450;NA;53726;6;2021-06-22;53674
2021-06-21;"Prešovský kraj";13;7355;6;7361;NA;53726;19;2021-06-21;53668
2021-06-20;"Prešovský kraj";0;4880;3;4883;NA;53726;3;2021-06-20;53649
2021-06-19;"Prešovský kraj";1;6555;4;6559;NA;53726;5;2021-06-19;53646
2021-06-18;"Prešovský kraj";9;7903;8;7911;NA;53726;17;2021-06-18;53641
2021-06-17;"Prešovský kraj";9;6403;5;6408;NA;53726;14;2021-06-17;53624
2021-06-16;"Prešovský kraj";6;6075;3;6078;NA;53726;9;2021-06-16;53610
2021-06-15;"Prešovský kraj";2;5577;4;5581;NA;53726;6;2021-06-15;53601
2021-06-14;"Prešovský kraj";5;8182;13;8195;NA;53726;18;2021-06-14;53595
2021-06-13;"Prešovský kraj";1;6559;7;6566;NA;53726;8;2021-06-13;53577
2021-06-12;"Prešovský kraj";3;8501;9;8510;NA;53726;12;2021-06-12;53569
2021-06-11;"Prešovský kraj";21;9487;9;9496;NA;53726;30;2021-06-11;53557
2021-06-10;"Prešovský kraj";11;6375;10;6385;NA;53726;21;2021-06-10;53527
2021-06-09;"Prešovský kraj";16;6161;3;6164;NA;53726;19;2021-06-09;53506
2021-06-08;"Prešovský kraj";31;6291;12;6303;NA;53726;43;2021-06-08;53487
2021-06-07;"Prešovský kraj";11;8891;15;8906;NA;53726;26;2021-06-07;53444
2021-06-06;"Prešovský kraj";0;7702;4;7706;NA;53726;4;2021-06-06;53418
2021-06-05;"Prešovský kraj";17;9970;14;9984;NA;53726;31;2021-06-05;53414
2021-06-04;"Prešovský kraj";26;10021;18;10039;NA;53726;44;2021-06-04;53383
2021-06-03;"Prešovský kraj";14;6449;15;6464;NA;53726;29;2021-06-03;53339
2021-06-02;"Prešovský kraj";47;7372;14;7386;NA;53726;61;2021-06-02;53310
2021-06-01;"Prešovský kraj";15;6781;14;6795;NA;53726;29;2021-06-01;53249
2021-05-31;"Prešovský kraj";27;9620;22;9642;NA;53726;49;2021-05-31;53220
2021-05-30;"Prešovský kraj";2;9429;13;9442;NA;53726;15;2021-05-30;53171
2021-05-29;"Prešovský kraj";23;12398;24;12422;NA;53726;47;2021-05-29;53156
2021-05-28;"Prešovský kraj";30;11974;19;11993;NA;53726;49;2021-05-28;53109
2021-05-27;"Prešovský kraj";16;7609;37;7646;NA;53726;53;2021-05-27;53060
2021-05-26;"Prešovský kraj";32;7979;23;8002;NA;53726;55;2021-05-26;53007
2021-05-25;"Prešovský kraj";38;8409;20;8429;NA;53726;58;2021-05-25;52952
2021-05-24;"Prešovský kraj";17;13297;37;13334;NA;53726;54;2021-05-24;52894
2021-05-23;"Prešovský kraj";3;11593;20;11613;NA;53726;23;2021-05-23;52840
2021-05-22;"Prešovský kraj";11;14263;44;14307;NA;53726;55;2021-05-22;52817
2021-05-21;"Prešovský kraj";44;13281;24;13305;NA;53726;68;2021-05-21;52762
2021-05-20;"Prešovský kraj";13;9076;29;9105;NA;53726;42;2021-05-20;52694
2021-05-19;"Prešovský kraj";60;10398;33;10431;NA;53726;93;2021-05-19;52652
2021-05-18;"Prešovský kraj";44;9060;27;9087;NA;53726;71;2021-05-18;52559
2021-05-17;"Prešovský kraj";60;12596;46;12642;NA;53726;106;2021-05-17;52488
2021-05-16;"Prešovský kraj";20;15945;66;16011;NA;53726;86;2021-05-16;52382
2021-05-15;"Prešovský kraj";20;24280;80;24360;NA;53726;100;2021-05-15;52296
2021-05-14;"Prešovský kraj";49;18020;62;18082;NA;53726;111;2021-05-14;52196
2021-05-13;"Prešovský kraj";54;11166;71;11237;NA;53726;125;2021-05-13;52085
2021-05-12;"Prešovský kraj";59;10822;39;10861;NA;53726;98;2021-05-12;51960
2021-05-11;"Prešovský kraj";61;10728;48;10776;NA;53726;109;2021-05-11;51862
2021-05-10;"Prešovský kraj";79;15450;67;15517;NA;53726;146;2021-05-10;51753
2021-05-09;"Prešovský kraj";54;21448;79;21527;NA;53726;133;2021-05-09;51607
2021-05-08;"Prešovský kraj";39;23012;52;23064;NA;53726;91;2021-05-08;51474
2021-05-07;"Prešovský kraj";81;23356;66;23422;NA;53726;147;2021-05-07;51383
2021-05-06;"Prešovský kraj";107;12833;66;12899;NA;53726;173;2021-05-06;51236
2021-05-05;"Prešovský kraj";60;12808;84;12892;NA;53726;144;2021-05-05;51063
2021-05-04;"Prešovský kraj";203;13463;66;13529;NA;53726;269;2021-05-04;50919
2021-05-03;"Prešovský kraj";68;18435;109;18544;NA;53726;177;2021-05-03;50650
2021-05-02;"Prešovský kraj";29;36175;102;36277;NA;53726;131;2021-05-02;50473
2021-05-01;"Prešovský kraj";70;57153;183;57336;NA;53726;253;2021-05-01;50342
2021-04-30;"Prešovský kraj";135;39333;118;39451;NA;53726;253;2021-04-30;50089
2021-04-29;"Prešovský kraj";110;16585;97;16682;NA;53726;207;2021-04-29;49836
2021-04-28;"Prešovský kraj";122;18671;89;18760;NA;53726;211;2021-04-28;49629
2021-04-27;"Prešovský kraj";154;19984;120;20104;NA;53726;274;2021-04-27;49418
2021-04-26;"Prešovský kraj";99;27120;123;27243;NA;53726;222;2021-04-26;49144
2021-04-25;"Prešovský kraj";9;52257;155;52412;NA;53726;164;2021-04-25;48922
2021-04-24;"Prešovský kraj";61;85301;243;85544;NA;53726;304;2021-04-24;48758
2021-04-23;"Prešovský kraj";171;40362;137;40499;NA;53726;308;2021-04-23;48454
2021-04-22;"Prešovský kraj";86;18104;125;18229;NA;53726;211;2021-04-22;48146
2021-04-21;"Prešovský kraj";144;21549;139;21688;NA;53726;283;2021-04-21;47935
2021-04-20;"Prešovský kraj";115;23345;128;23473;NA;53726;243;2021-04-20;47652
2021-04-19;"Prešovský kraj";106;29131;145;29276;NA;53726;251;2021-04-19;47409
2021-04-18;"Prešovský kraj";4;51540;129;51669;NA;53726;133;2021-04-18;47158
2021-04-17;"Prešovský kraj";119;97970;238;98208;NA;53726;357;2021-04-17;47025
2021-04-16;"Prešovský kraj";135;40983;146;41129;NA;53726;281;2021-04-16;46668
2021-04-15;"Prešovský kraj";112;20179;137;20316;NA;53726;249;2021-04-15;46387
2021-04-14;"Prešovský kraj";199;23331;130;23461;NA;53726;329;2021-04-14;46138
2021-04-13;"Prešovský kraj";180;23907;116;24023;NA;53726;296;2021-04-13;45809
2021-04-12;"Prešovský kraj";172;30152;175;30327;NA;53726;347;2021-04-12;45513
2021-04-11;"Prešovský kraj";11;49807;187;49994;NA;53726;198;2021-04-11;45166
2021-04-10;"Prešovský kraj";94;90181;297;90478;NA;53726;391;2021-04-10;44968
2021-04-09;"Prešovský kraj";255;37163;200;37363;NA;53726;455;2021-04-09;44577
2021-04-08;"Prešovský kraj";192;18891;157;19048;NA;53726;349;2021-04-08;44122
2021-04-07;"Prešovský kraj";314;27797;154;27951;NA;53726;468;2021-04-07;43773
2021-04-06;"Prešovský kraj";231;41702;268;41970;NA;53726;499;2021-04-06;43305
2021-04-05;"Prešovský kraj";54;18454;132;18586;NA;53726;186;2021-04-05;42806
2021-04-04;"Prešovský kraj";31;18569;91;18660;NA;53726;122;2021-04-04;42620
2021-04-03;"Prešovský kraj";104;90608;317;90925;NA;53726;421;2021-04-03;42498
2021-04-02;"Prešovský kraj";194;23381;134;23515;NA;53726;328;2021-04-02;42077
2021-04-01;"Prešovský kraj";256;42854;195;43049;NA;53726;451;2021-04-01;41749
2021-03-31;"Prešovský kraj";311;30160;227;30387;NA;53726;538;2021-03-31;41298
2021-03-30;"Prešovský kraj";374;20747;203;20950;NA;53726;577;2021-03-30;40760
2021-03-29;"Prešovský kraj";219;28188;229;28417;NA;53726;448;2021-03-29;40183
2021-03-28;"Prešovský kraj";26;46811;256;47067;NA;53726;282;2021-03-28;39735
2021-03-27;"Prešovský kraj";181;88413;372;88785;NA;53726;553;2021-03-27;39453
2021-03-26;"Prešovský kraj";310;47751;299;48050;NA;53726;609;2021-03-26;38900
2021-03-25;"Prešovský kraj";248;22279;213;22492;NA;53726;461;2021-03-25;38291
2021-03-24;"Prešovský kraj";381;19588;213;19801;NA;53726;594;2021-03-24;37830
2021-03-23;"Prešovský kraj";241;20329;255;20584;NA;53726;496;2021-03-23;37236
2021-03-22;"Prešovský kraj";299;28490;286;28776;NA;53726;585;2021-03-22;36740
2021-03-21;"Prešovský kraj";32;49439;266;49705;NA;53726;298;2021-03-21;36155
2021-03-20;"Prešovský kraj";180;92531;427;92958;NA;53726;607;2021-03-20;35857
2021-03-19;"Prešovský kraj";373;46196;320;46516;NA;53726;693;2021-03-19;35250
2021-03-18;"Prešovský kraj";251;21721;217;21938;NA;53726;468;2021-03-18;34557
2021-03-17;"Prešovský kraj";331;20887;231;21118;NA;53726;562;2021-03-17;34089
2021-03-16;"Prešovský kraj";461;21094;278;21372;NA;53726;739;2021-03-16;33527
2021-03-15;"Prešovský kraj";370;28789;324;29113;NA;53726;694;2021-03-15;32788
2021-03-14;"Prešovský kraj";52;50410;356;50766;NA;53726;408;2021-03-14;32094
2021-03-13;"Prešovský kraj";200;95300;532;95832;NA;53726;732;2021-03-13;31686
2021-03-12;"Prešovský kraj";425;47691;368;48059;NA;53726;793;2021-03-12;30954
2021-03-11;"Prešovský kraj";463;22059;253;22312;NA;53726;716;2021-03-11;30161
2021-03-10;"Prešovský kraj";325;20821;293;21114;NA;53726;618;2021-03-10;29445
2021-03-09;"Prešovský kraj";505;21489;288;21777;NA;53726;793;2021-03-09;28827
2021-03-08;"Prešovský kraj";314;28903;333;29236;NA;53726;647;2021-03-08;28034
2021-03-07;"Prešovský kraj";19;48024;385;48409;NA;53726;404;2021-03-07;27387
2021-03-06;"Prešovský kraj";193;96985;591;97576;NA;53726;784;2021-03-06;26983
2021-03-05;"Prešovský kraj";497;46044;397;46441;NA;53726;894;2021-03-05;26199
2021-03-04;"Prešovský kraj";372;22670;359;23029;NA;53726;731;2021-03-04;25305
2021-03-03;"Prešovský kraj";397;21621;333;21954;NA;53726;730;2021-03-03;24574
2021-03-02;"Prešovský kraj";421;22679;357;23036;NA;53726;778;2021-03-02;23844
2021-03-01;"Prešovský kraj";303;27716;406;28122;NA;53726;709;2021-03-01;23066
2021-02-28;"Prešovský kraj";75;45000;387;45387;NA;53726;462;2021-02-28;22357
2021-02-27;"Prešovský kraj";273;90231;734;90965;NA;53726;1007;2021-02-27;21895
2021-02-26;"Prešovský kraj";455;41340;438;41778;NA;53726;893;2021-02-26;20888
2021-02-25;"Prešovský kraj";270;19496;337;19833;NA;53726;607;2021-02-25;19995
2021-02-24;"Prešovský kraj";328;19026;377;19403;NA;53726;705;2021-02-24;19388
2021-02-23;"Prešovský kraj";430;21273;345;21618;NA;53726;775;2021-02-23;18683
2021-02-22;"Prešovský kraj";351;27175;356;27531;NA;53726;707;2021-02-22;17908
2021-02-21;"Prešovský kraj";66;31802;302;32104;NA;53726;368;2021-02-21;17201
2021-02-20;"Prešovský kraj";129;71413;517;71930;NA;53726;646;2021-02-20;16833
2021-02-19;"Prešovský kraj";381;38597;425;39022;NA;53726;806;2021-02-19;16187
2021-02-18;"Prešovský kraj";268;16960;322;17282;NA;53726;590;2021-02-18;15381
2021-02-17;"Prešovský kraj";293;17392;246;17638;NA;53726;539;2021-02-17;14791
2021-02-16;"Prešovský kraj";422;18862;265;19127;NA;53726;687;2021-02-16;14252
2021-02-15;"Prešovský kraj";211;31360;303;31663;NA;53726;514;2021-02-15;13565
2021-02-14;"Prešovský kraj";27;39271;318;39589;NA;53726;345;2021-02-14;13051
2021-02-13;"Prešovský kraj";157;74009;392;74401;NA;53726;549;2021-02-13;12706
2021-02-12;"Prešovský kraj";308;38767;362;39129;NA;53726;670;2021-02-12;12157
2021-02-11;"Prešovský kraj";218;16207;238;16445;NA;53726;456;2021-02-11;11487
2021-02-10;"Prešovský kraj";220;18499;279;18778;NA;53726;499;2021-02-10;11031
2021-02-09;"Prešovský kraj";323;21495;370;21865;NA;53726;693;2021-02-09;10532
2021-02-08;"Prešovský kraj";161;36924;261;37185;NA;53726;422;2021-02-08;9839
2021-02-07;"Prešovský kraj";21;34227;209;34436;NA;53726;230;2021-02-07;9417
2021-02-06;"Prešovský kraj";176;69164;360;69524;NA;53726;536;2021-02-06;9187
2021-02-05;"Prešovský kraj";177;31247;261;31508;NA;53726;438;2021-02-05;8651
2021-02-04;"Prešovský kraj";176;13071;237;13308;NA;53726;413;2021-02-04;8213
2021-02-03;"Prešovský kraj";251;8421;236;8657;NA;53726;487;2021-02-03;7800
2021-02-02;"Prešovský kraj";249;11779;264;12043;NA;53726;513;2021-02-02;7313
2021-02-01;"Prešovský kraj";220;16059;316;16375;NA;53726;536;2021-02-01;6800
2021-01-31;"Prešovský kraj";42;10587;107;10694;NA;53726;149;2021-01-31;6264
2021-01-30;"Prešovský kraj";142;23939;215;24154;NA;53726;357;2021-01-30;6115
2021-01-29;"Prešovský kraj";185;17924;326;18250;NA;53726;511;2021-01-29;5758
2021-01-28;"Prešovský kraj";311;7338;150;7488;NA;53726;461;2021-01-28;5247
2021-01-27;"Prešovský kraj";153;9723;147;9870;NA;53726;300;2021-01-27;4786
2021-01-26;"Prešovský kraj";252;16653;151;16804;NA;53726;403;2021-01-26;4486
2021-01-25;"Prešovský kraj";196;29649;251;29900;NA;53726;447;2021-01-25;4083
2021-01-24;"Prešovský kraj";12;45706;304;46010;NA;53726;316;2021-01-24;3636
2021-01-23;"Prešovský kraj";189;96726;487;97213;NA;53726;676;2021-01-23;3320
2021-01-22;"Prešovský kraj";187;35377;261;35638;NA;53726;448;2021-01-22;2644
2021-01-21;"Prešovský kraj";187;20434;212;20646;NA;53726;399;2021-01-21;2196
2021-01-20;"Prešovský kraj";253;14771;195;14966;NA;53726;448;2021-01-20;1797
2021-01-19;"Prešovský kraj";281;12329;305;12634;NA;53726;586;2021-01-19;1349
2021-01-18;"Prešovský kraj";203;10422;336;10758;NA;53726;539;2021-01-18;763
2021-01-17;"Prešovský kraj";107;14391;1008;15399;NA;53726;1115;2021-01-17;224
2021-01-16;"Prešovský kraj";72;1838;81;1919;NA;53726;153;2021-01-16;-891
2021-01-15;"Prešovský kraj";159;7033;257;7290;NA;53726;416;2021-01-15;-1044
2021-01-14;"Prešovský kraj";268;5523;252;5775;NA;53726;520;2021-01-14;-1460
2021-01-13;"Prešovský kraj";342;5649;226;5875;NA;53726;568;2021-01-13;-1980
2021-01-12;"Prešovský kraj";455;8487;409;8896;NA;53726;864;2021-01-12;-2548
2021-01-11;"Prešovský kraj";343;8489;479;8968;NA;53726;822;2021-01-11;-3412
2021-01-10;"Prešovský kraj";63;476;23;499;NA;53726;86;2021-01-10;-4234
2021-01-09;"Prešovský kraj";439;2248;125;2373;NA;53726;564;2021-01-09;-4320
2021-01-08;"Prešovský kraj";430;10865;572;11437;NA;53726;1002;2021-01-08;-4884
2021-01-07;"Prešovský kraj";268;7789;648;8437;NA;53726;916;2021-01-07;-5886
2021-01-06;"Prešovský kraj";315;1484;134;1618;NA;53726;449;2021-01-06;-6802
2021-01-05;"Prešovský kraj";655;11591;1003;12594;NA;53726;1658;2021-01-05;-7251
2021-01-04;"Prešovský kraj";371;17192;1812;19004;NA;53726;2183;2021-01-04;-8909
2021-01-03;"Prešovský kraj";89;459;41;500;NA;53726;130;2021-01-03;-11092
2021-01-02;"Prešovský kraj";65;1556;160;1716;NA;53726;225;2021-01-02;-11222
2021-01-01;"Prešovský kraj";174;956;71;1027;NA;53726;245;2021-01-01;-11447
2020-12-31;"Prešovský kraj";640;11959;783;12742;NA;53726;1423;2020-12-31;-11692
2020-12-30;"Prešovský kraj";729;9062;802;9864;NA;53726;1531;2020-12-30;-13115
2020-12-29;"Prešovský kraj";435;9273;949;10222;NA;53726;1384;2020-12-29;-14646
2020-12-28;"Prešovský kraj";393;9046;1079;10125;NA;53726;1472;2020-12-28;-16030
2020-12-27;"Prešovský kraj";40;613;45;658;NA;53726;85;2020-12-27;-17502
2020-12-26;"Prešovský kraj";64;176;12;188;NA;53726;76;2020-12-26;-17587
2020-12-25;"Prešovský kraj";208;274;11;285;NA;53726;219;2020-12-25;-17663
2020-12-24;"Prešovský kraj";452;1214;85;1299;NA;53726;537;2020-12-24;-17882
2020-12-23;"Prešovský kraj";361;11369;635;12004;NA;53726;996;2020-12-23;-18419
2020-12-22;"Prešovský kraj";439;9371;710;10081;NA;53726;1149;2020-12-22;-19415
2020-12-21;"Prešovský kraj";432;9923;880;10803;NA;53726;1312;2020-12-21;-20564
2020-12-20;"Prešovský kraj";184;396;20;416;NA;53726;204;2020-12-20;-21876
2020-12-19;"Prešovský kraj";276;1658;151;1809;NA;53726;427;2020-12-19;-22080
2020-12-18;"Prešovský kraj";396;8845;595;9440;NA;53726;991;2020-12-18;-22507
2020-12-17;"Prešovský kraj";427;10826;891;11717;NA;53726;1318;2020-12-17;-23498
2020-12-16;"Prešovský kraj";466;6017;508;6525;NA;53726;974;2020-12-16;-24816
2020-12-15;"Prešovský kraj";411;5685;584;6269;NA;53726;995;2020-12-15;-25790
2020-12-14;"Prešovský kraj";334;5767;508;6275;NA;53726;842;2020-12-14;-26785
2020-12-13;"Prešovský kraj";89;29;8;37;NA;53726;97;2020-12-13;-27627
2020-12-12;"Prešovský kraj";319;2474;166;2640;NA;53726;485;2020-12-12;-27724
2020-12-11;"Prešovský kraj";560;5602;402;6004;NA;53726;962;2020-12-11;-28209
2020-12-10;"Prešovský kraj";337;5202;443;5645;NA;53726;780;2020-12-10;-29171
2020-12-09;"Prešovský kraj";358;4357;314;4671;NA;53726;672;2020-12-09;-29951
2020-12-08;"Prešovský kraj";350;6629;651;7280;NA;53726;1001;2020-12-08;-30623
2020-12-07;"Prešovský kraj";309;4345;327;4672;NA;53726;636;2020-12-07;-31624
2020-12-06;"Prešovský kraj";59;655;26;681;NA;53726;85;2020-12-06;-32260
2020-12-05;"Prešovský kraj";218;984;87;1071;NA;53726;305;2020-12-05;-32345
2020-12-04;"Prešovský kraj";352;5070;293;5363;NA;53726;645;2020-12-04;-32650
2020-12-03;"Prešovský kraj";284;2456;179;2635;NA;53726;463;2020-12-03;-33295
2020-12-02;"Prešovský kraj";232;2830;225;3055;NA;53726;457;2020-12-02;-33758
2020-12-01;"Prešovský kraj";281;1884;196;2080;NA;53726;477;2020-12-01;-34215
2020-11-30;"Prešovský kraj";196;5333;97;5430;NA;53726;293;2020-11-30;-34692
2020-11-29;"Prešovský kraj";27;379;42;421;NA;53726;69;2020-11-29;-34985
2020-11-28;"Prešovský kraj";199;772;77;849;NA;53726;276;2020-11-28;-35054
2020-11-27;"Prešovský kraj";232;2350;130;2480;NA;53726;362;2020-11-27;-35330
2020-11-26;"Prešovský kraj";263;3014;329;3343;NA;53726;592;2020-11-26;-35692
2020-11-25;"Prešovský kraj";302;2174;103;2277;NA;53726;405;2020-11-25;-36284
2020-11-24;"Prešovský kraj";365;1777;156;1933;NA;53726;521;2020-11-24;-36689
2020-11-23;"Prešovský kraj";164;1099;60;1159;NA;53726;224;2020-11-23;-37210
2020-11-22;"Prešovský kraj";46;44;1;45;NA;53726;47;2020-11-22;-37434
2020-11-21;"Prešovský kraj";205;754;62;816;NA;53726;267;2020-11-21;-37481
2020-11-20;"Prešovský kraj";363;2258;102;2360;NA;53726;465;2020-11-20;-37748
2020-11-19;"Prešovský kraj";359;2096;238;2334;NA;53726;597;2020-11-19;-38213
2020-11-18;"Prešovský kraj";270;488;43;531;NA;53726;313;2020-11-18;-38810
2020-11-17;"Prešovský kraj";347;205;23;228;NA;53726;370;2020-11-17;-39123
2020-11-16;"Prešovský kraj";226;540;58;598;NA;53726;284;2020-11-16;-39493
2020-11-15;"Prešovský kraj";186;39;4;43;NA;53726;190;2020-11-15;-39777
2020-11-14;"Prešovský kraj";261;54;4;58;NA;53726;265;2020-11-14;-39967
2020-11-13;"Prešovský kraj";395;166;8;174;NA;53726;403;2020-11-13;-40232
2020-11-12;"Prešovský kraj";397;229;50;279;NA;53726;447;2020-11-12;-40635
2020-11-11;"Prešovský kraj";516;161;15;176;NA;53726;531;2020-11-11;-41082
2020-11-10;"Prešovský kraj";437;197;9;206;NA;53726;446;2020-11-10;-41613
2020-11-09;"Prešovský kraj";190;4110;945;5055;NA;53726;1135;2020-11-09;-42059
2020-11-08;"Prešovský kraj";97;2817;32;2849;NA;53726;129;2020-11-08;-43194
2020-11-07;"Prešovský kraj";416;8578;81;8659;NA;53726;497;2020-11-07;-43323
2020-11-06;"Prešovský kraj";520;4791;76;4867;NA;53726;596;2020-11-06;-43820
2020-11-05;"Prešovský kraj";397;180;5;185;NA;53726;402;2020-11-05;-44416
2020-11-04;"Prešovský kraj";350;807;8;815;NA;53726;358;2020-11-04;-44818
2020-11-03;"Prešovský kraj";565;98;12;110;NA;53726;577;2020-11-03;-45176
2020-11-02;"Prešovský kraj";203;4158;1004;5162;NA;53726;1207;2020-11-02;-45753
2020-11-01;"Prešovský kraj";386;2906;53;2959;NA;53726;439;2020-11-01;-46960
2020-10-31;"Prešovský kraj";315;10497;170;10667;NA;53726;485;2020-10-31;-47399
2020-10-30;"Prešovský kraj";552;2949;65;3014;NA;53726;617;2020-10-30;-47884
2020-10-29;"Prešovský kraj";594;301;38;339;NA;53726;632;2020-10-29;-48501
2020-10-28;"Prešovský kraj";617;291;46;337;NA;53726;663;2020-10-28;-49133
2020-10-27;"Prešovský kraj";656;268;34;302;NA;53726;690;2020-10-27;-49796
2020-10-26;"Prešovský kraj";137;363;57;420;NA;53726;194;2020-10-26;-50486
2020-10-25;"Prešovský kraj";237;346;11;357;NA;53726;248;2020-10-25;-50680
2020-10-24;"Prešovský kraj";719;200;12;212;NA;53726;731;2020-10-24;-50928
2020-10-23;"Prešovský kraj";750;218;8;226;NA;53726;758;2020-10-23;-51659
2020-10-22;"Prešovský kraj";646;396;30;426;NA;53726;676;2020-10-22;-52417
2020-10-21;"Prešovský kraj";383;58;8;66;NA;53726;391;2020-10-21;-53093
2020-10-20;"Prešovský kraj";493;65;7;72;NA;53726;500;2020-10-20;-53484
2020-10-19;"Prešovský kraj";140;235;15;250;NA;53726;155;2020-10-19;-53984
2020-10-18;"Prešovský kraj";209;0;0;0;NA;53726;209;2020-10-18;-54139
2020-10-17;"Prešovský kraj";342;0;0;0;NA;53726;342;2020-10-17;-54348
2020-10-16;"Prešovský kraj";388;57;3;60;NA;53726;391;2020-10-16;-54690
2020-10-15;"Prešovský kraj";435;85;18;103;NA;53726;453;2020-10-15;-55081
2020-10-14;"Prešovský kraj";451;54;10;64;NA;53726;461;2020-10-14;-55534
2020-10-13;"Prešovský kraj";264;50;6;56;NA;53726;270;2020-10-13;-55995
2020-10-12;"Prešovský kraj";214;334;35;369;NA;53726;249;2020-10-12;-56265
2020-10-11;"Prešovský kraj";127;0;0;0;NA;53726;127;2020-10-11;-56514
2020-10-10;"Prešovský kraj";248;0;0;0;NA;53726;248;2020-10-10;-56641
2020-10-09;"Prešovský kraj";406;0;0;0;NA;53726;406;2020-10-09;-56889
2020-10-08;"Prešovský kraj";245;0;0;0;NA;53726;245;2020-10-08;-57295
2020-10-07;"Prešovský kraj";244;0;0;0;NA;53726;244;2020-10-07;-57540
2020-10-06;"Prešovský kraj";166;0;0;0;NA;53726;166;2020-10-06;-57784
2020-10-05;"Prešovský kraj";84;0;0;0;NA;53726;84;2020-10-05;-57950
2020-10-04;"Prešovský kraj";118;0;0;0;NA;53726;118;2020-10-04;-58034
2020-10-03;"Prešovský kraj";204;0;0;0;NA;53726;204;2020-10-03;-58152
2020-10-02;"Prešovský kraj";149;0;0;0;NA;53726;149;2020-10-02;-58356
2020-10-01;"Prešovský kraj";136;0;0;0;NA;53726;136;2020-10-01;-58505
2020-09-30;"Prešovský kraj";121;0;0;0;NA;53726;121;2020-09-30;-58641
2020-09-29;"Prešovský kraj";156;0;0;0;NA;53726;156;2020-09-29;-58762
2020-09-28;"Prešovský kraj";51;0;0;0;NA;53726;51;2020-09-28;-58918
2020-09-27;"Prešovský kraj";10;0;0;0;NA;53726;10;2020-09-27;-58969
2020-09-26;"Prešovský kraj";72;0;0;0;NA;53726;72;2020-09-26;-58979
2020-09-25;"Prešovský kraj";91;0;0;0;NA;53726;91;2020-09-25;-59051
2020-09-24;"Prešovský kraj";52;0;0;0;NA;53726;52;2020-09-24;-59142
2020-09-23;"Prešovský kraj";55;0;0;0;NA;53726;55;2020-09-23;-59194
2020-09-22;"Prešovský kraj";29;0;0;0;NA;53726;29;2020-09-22;-59249
2020-09-21;"Prešovský kraj";14;0;0;0;NA;53726;14;2020-09-21;-59278
2020-09-20;"Prešovský kraj";5;0;0;0;NA;53726;5;2020-09-20;-59292
2020-09-19;"Prešovský kraj";12;0;0;0;NA;53726;12;2020-09-19;-59297
2020-09-18;"Prešovský kraj";29;0;0;0;NA;53726;29;2020-09-18;-59309
2020-09-17;"Prešovský kraj";25;0;0;0;NA;53726;25;2020-09-17;-59338
2020-09-16;"Prešovský kraj";8;0;0;0;NA;53726;8;2020-09-16;-59363
2020-09-15;"Prešovský kraj";10;0;0;0;NA;53726;10;2020-09-15;-59371
2020-09-14;"Prešovský kraj";47;0;0;0;NA;53726;47;2020-09-14;-59381
2020-09-13;"Prešovský kraj";3;0;0;0;NA;53726;3;2020-09-13;-59428
2020-09-12;"Prešovský kraj";4;0;0;0;NA;53726;4;2020-09-12;-59431
2020-09-11;"Prešovský kraj";15;0;0;0;NA;53726;15;2020-09-11;-59435
2020-09-10;"Prešovský kraj";10;0;0;0;NA;53726;10;2020-09-10;-59450
2020-09-09;"Prešovský kraj";21;0;0;0;NA;53726;21;2020-09-09;-59460
2020-09-08;"Prešovský kraj";23;0;0;0;NA;53726;23;2020-09-08;-59481
2020-09-07;"Prešovský kraj";5;0;0;0;NA;53726;5;2020-09-07;-59504
2020-09-06;"Prešovský kraj";3;0;0;0;NA;53726;3;2020-09-06;-59509
2020-09-05;"Prešovský kraj";7;0;0;0;NA;53726;7;2020-09-05;-59512
2020-09-04;"Prešovský kraj";24;0;0;0;NA;53726;24;2020-09-04;-59519
2020-09-03;"Prešovský kraj";8;0;0;0;NA;53726;8;2020-09-03;-59543
2020-09-02;"Prešovský kraj";9;0;0;0;NA;53726;9;2020-09-02;-59551
2020-09-01;"Prešovský kraj";6;0;0;0;NA;53726;6;2020-09-01;-59560
2020-08-31;"Prešovský kraj";3;0;0;0;NA;53726;3;2020-08-31;-59566
2020-08-30;"Prešovský kraj";6;0;0;0;NA;53726;6;2020-08-30;-59569
2020-08-29;"Prešovský kraj";4;0;0;0;NA;53726;4;2020-08-29;-59575
2020-08-28;"Prešovský kraj";6;0;0;0;NA;53726;6;2020-08-28;-59579
2020-08-27;"Prešovský kraj";7;0;0;0;NA;53726;7;2020-08-27;-59585
2020-08-26;"Prešovský kraj";22;0;0;0;NA;53726;22;2020-08-26;-59592
2020-08-25;"Prešovský kraj";1;0;0;0;NA;53726;1;2020-08-25;-59614
2020-08-24;"Prešovský kraj";5;0;0;0;NA;53726;5;2020-08-24;-59615
2020-08-23;"Prešovský kraj";3;0;0;0;NA;53726;3;2020-08-23;-59620
2020-08-22;"Prešovský kraj";3;0;0;0;NA;53726;3;2020-08-22;-59623
2020-08-21;"Prešovský kraj";11;0;0;0;NA;53726;11;2020-08-21;-59626
2020-08-20;"Prešovský kraj";8;0;0;0;NA;53726;8;2020-08-20;-59637
2020-08-19;"Prešovský kraj";8;0;0;0;NA;53726;8;2020-08-19;-59645
2020-08-18;"Prešovský kraj";6;0;0;0;NA;53726;6;2020-08-18;-59653
2020-08-17;"Prešovský kraj";1;0;0;0;NA;53726;1;2020-08-17;-59659
2020-08-16;"Prešovský kraj";0;0;0;0;NA;53726;0;2020-08-16;-59660
2020-08-15;"Prešovský kraj";8;0;0;0;NA;53726;8;2020-08-15;-59660
2020-08-14;"Prešovský kraj";6;0;0;0;NA;53726;6;2020-08-14;-59668
2020-08-13;"Prešovský kraj";8;0;0;0;NA;53726;8;2020-08-13;-59674
2020-08-12;"Prešovský kraj";19;0;0;0;NA;53726;19;2020-08-12;-59682
2020-08-11;"Prešovský kraj";3;0;0;0;NA;53726;3;2020-08-11;-59701
2020-08-10;"Prešovský kraj";0;0;0;0;NA;53726;0;2020-08-10;-59704
2020-08-09;"Prešovský kraj";0;0;0;0;NA;53726;0;2020-08-09;-59704
2020-08-08;"Prešovský kraj";2;0;0;0;NA;53726;2;2020-08-08;-59704
2020-08-07;"Prešovský kraj";6;0;0;0;NA;53726;6;2020-08-07;-59706
2020-08-06;"Prešovský kraj";2;0;0;0;NA;53726;2;2020-08-06;-59712
2020-08-05;"Prešovský kraj";8;0;0;0;NA;53726;8;2020-08-05;-59714
2020-08-04;"Prešovský kraj";5;0;0;0;NA;53726;5;2020-08-04;-59722
2020-08-03;"Prešovský kraj";4;0;0;0;NA;53726;4;2020-08-03;-59727
2020-08-02;"Prešovský kraj";6;0;0;0;NA;53726;6;2020-08-02;-59731
2020-08-01;"Prešovský kraj";0;0;0;0;NA;53726;0;2020-08-01;-59737
2020-07-31;"Prešovský kraj";2;0;0;0;NA;53726;2;2020-07-31;-59737
2020-07-30;"Prešovský kraj";6;0;0;0;NA;53726;6;2020-07-30;-59739
2020-07-29;"Prešovský kraj";5;0;0;0;NA;53726;5;2020-07-29;-59745
2020-07-28;"Prešovský kraj";0;0;0;0;NA;53726;0;2020-07-28;-59750
2020-07-27;"Prešovský kraj";1;0;0;0;NA;53726;1;2020-07-27;-59750
2020-07-26;"Prešovský kraj";1;0;0;0;NA;53726;1;2020-07-26;-59751
2020-07-25;"Prešovský kraj";21;0;0;0;NA;53726;21;2020-07-25;-59752
2020-07-24;"Prešovský kraj";1;0;0;0;NA;53726;1;2020-07-24;-59773
2020-07-23;"Prešovský kraj";5;0;0;0;NA;53726;5;2020-07-23;-59774
2020-07-22;"Prešovský kraj";1;0;0;0;NA;53726;1;2020-07-22;-59779
2020-07-21;"Prešovský kraj";2;0;0;0;NA;53726;2;2020-07-21;-59780
2020-07-20;"Prešovský kraj";1;0;0;0;NA;53726;1;2020-07-20;-59782
2020-07-19;"Prešovský kraj";0;0;0;0;NA;53726;0;2020-07-19;-59783
2020-07-18;"Prešovský kraj";0;0;0;0;NA;53726;0;2020-07-18;-59783
2020-07-17;"Prešovský kraj";3;0;0;0;NA;53726;3;2020-07-17;-59783
2020-07-16;"Prešovský kraj";1;0;0;0;NA;53726;1;2020-07-16;-59786
2020-07-15;"Prešovský kraj";5;0;0;0;NA;53726;5;2020-07-15;-59787
2020-07-14;"Prešovský kraj";5;0;0;0;NA;53726;5;2020-07-14;-59792
2020-07-13;"Prešovský kraj";1;0;0;0;NA;53726;1;2020-07-13;-59797
2020-07-12;"Prešovský kraj";1;0;0;0;NA;53726;1;2020-07-12;-59798
2020-07-11;"Prešovský kraj";6;0;0;0;NA;53726;6;2020-07-11;-59799
2020-07-10;"Prešovský kraj";5;0;0;0;NA;53726;5;2020-07-10;-59805
2020-07-09;"Prešovský kraj";2;0;0;0;NA;53726;2;2020-07-09;-59810
2020-07-08;"Prešovský kraj";14;0;0;0;NA;53726;14;2020-07-08;-59812
2020-07-07;"Prešovský kraj";2;0;0;0;NA;53726;2;2020-07-07;-59826
2020-07-06;"Prešovský kraj";0;0;0;0;NA;53726;0;2020-07-06;-59828
2020-07-05;"Prešovský kraj";0;0;0;0;NA;53726;0;2020-07-05;-59828
2020-07-04;"Prešovský kraj";1;0;0;0;NA;53726;1;2020-07-04;-59828
2020-07-03;"Prešovský kraj";3;0;0;0;NA;53726;3;2020-07-03;-59829
2020-07-02;"Prešovský kraj";0;0;0;0;NA;53726;0;2020-07-02;-59832
2020-07-01;"Prešovský kraj";0;0;0;0;NA;53726;0;2020-07-01;-59832
2020-06-30;"Prešovský kraj";7;0;0;0;NA;53726;7;2020-06-30;-59832
2020-06-29;"Prešovský kraj";0;0;0;0;NA;53726;0;2020-06-29;-59839
2020-06-28;"Prešovský kraj";0;0;0;0;NA;53726;0;2020-06-28;-59839
2020-06-27;"Prešovský kraj";3;0;0;0;NA;53726;3;2020-06-27;-59839
2020-06-26;"Prešovský kraj";3;0;0;0;NA;53726;3;2020-06-26;-59842
2020-06-25;"Prešovský kraj";0;0;0;0;NA;53726;0;2020-06-25;-59845
2020-06-24;"Prešovský kraj";4;0;0;0;NA;53726;4;2020-06-24;-59845
2020-06-23;"Prešovský kraj";0;0;0;0;NA;53726;0;2020-06-23;-59849
2020-06-22;"Prešovský kraj";0;0;0;0;NA;53726;0;2020-06-22;-59849
2020-06-21;"Prešovský kraj";0;0;0;0;NA;53726;0;2020-06-21;-59849
2020-06-20;"Prešovský kraj";0;0;0;0;NA;53726;0;2020-06-20;-59849
2020-06-19;"Prešovský kraj";1;0;0;0;NA;53726;1;2020-06-19;-59849
2020-06-18;"Prešovský kraj";0;0;0;0;NA;53726;0;2020-06-18;-59850
2020-06-17;"Prešovský kraj";0;0;0;0;NA;53726;0;2020-06-17;-59850
2020-06-16;"Prešovský kraj";6;0;0;0;NA;53726;6;2020-06-16;-59850
2020-06-14;"Prešovský kraj";0;0;0;0;NA;53726;0;2020-06-14;-59856
2020-06-13;"Prešovský kraj";0;0;0;0;NA;53726;0;2020-06-13;-59856
2020-06-12;"Prešovský kraj";1;0;0;0;NA;53726;1;2020-06-12;-59856
2020-06-11;"Prešovský kraj";0;0;0;0;NA;53726;0;2020-06-11;-59857
2020-06-10;"Prešovský kraj";0;0;0;0;NA;53726;0;2020-06-10;-59857
2020-06-09;"Prešovský kraj";0;0;0;0;NA;53726;0;2020-06-09;-59857
2020-06-08;"Prešovský kraj";0;0;0;0;NA;53726;0;2020-06-08;-59857
2020-06-07;"Prešovský kraj";0;0;0;0;NA;53726;0;2020-06-07;-59857
2020-06-05;"Prešovský kraj";0;0;0;0;NA;53726;0;2020-06-05;-59857
2020-06-03;"Prešovský kraj";0;0;0;0;NA;53726;0;2020-06-03;-59857
2020-06-02;"Prešovský kraj";1;0;0;0;NA;53726;1;2020-06-02;-59857
2020-05-31;"Prešovský kraj";1;0;0;0;NA;53726;1;2020-05-31;-59858
2020-05-29;"Prešovský kraj";0;0;0;0;NA;53726;0;2020-05-29;-59859
2020-05-27;"Prešovský kraj";0;0;0;0;NA;53726;0;2020-05-27;-59859
2020-05-26;"Prešovský kraj";0;0;0;0;NA;53726;0;2020-05-26;-59859
2020-05-25;"Prešovský kraj";0;0;0;0;NA;53726;0;2020-05-25;-59859
2020-05-24;"Prešovský kraj";0;0;0;0;NA;53726;0;2020-05-24;-59859
2020-05-23;"Prešovský kraj";0;0;0;0;NA;53726;0;2020-05-23;-59859
2020-05-22;"Prešovský kraj";0;0;0;0;NA;53726;0;2020-05-22;-59859
2020-05-21;"Prešovský kraj";1;0;0;0;NA;53726;1;2020-05-21;-59859
2020-05-20;"Prešovský kraj";0;0;0;0;NA;53726;0;2020-05-20;-59860
2020-05-19;"Prešovský kraj";0;0;0;0;NA;53726;0;2020-05-19;-59860
2020-05-17;"Prešovský kraj";0;0;0;0;NA;53726;0;2020-05-17;-59860
2020-05-16;"Prešovský kraj";0;0;0;0;NA;53726;0;2020-05-16;-59860
2020-05-15;"Prešovský kraj";0;0;0;0;NA;53726;0;2020-05-15;-59860
2020-05-14;"Prešovský kraj";0;0;0;0;NA;53726;0;2020-05-14;-59860
2020-05-13;"Prešovský kraj";1;0;0;0;NA;53726;1;2020-05-13;-59860
2020-05-12;"Prešovský kraj";0;0;0;0;NA;53726;0;2020-05-12;-59861
2020-05-11;"Prešovský kraj";1;0;0;0;NA;53726;1;2020-05-11;-59861
2020-05-09;"Prešovský kraj";0;0;0;0;NA;53726;0;2020-05-09;-59862
2020-05-07;"Prešovský kraj";0;0;0;0;NA;53726;0;2020-05-07;-59862
2020-05-06;"Prešovský kraj";0;0;0;0;NA;53726;0;2020-05-06;-59862
2020-05-05;"Prešovský kraj";1;0;0;0;NA;53726;1;2020-05-05;-59862
2020-05-04;"Prešovský kraj";0;0;0;0;NA;53726;0;2020-05-04;-59863
2020-05-03;"Prešovský kraj";0;0;0;0;NA;53726;0;2020-05-03;-59863
2020-05-02;"Prešovský kraj";0;0;0;0;NA;53726;0;2020-05-02;-59863
2020-05-01;"Prešovský kraj";2;0;0;0;NA;53726;2;2020-05-01;-59863
2020-04-30;"Prešovský kraj";0;0;0;0;NA;53726;0;2020-04-30;-59865
2020-04-29;"Prešovský kraj";1;0;0;0;NA;53726;1;2020-04-29;-59865
2020-04-28;"Prešovský kraj";1;0;0;0;NA;53726;1;2020-04-28;-59866
2020-04-27;"Prešovský kraj";2;0;0;0;NA;53726;2;2020-04-27;-59867
2020-04-26;"Prešovský kraj";0;0;0;0;NA;53726;0;2020-04-26;-59869
2020-04-25;"Prešovský kraj";0;0;0;0;NA;53726;0;2020-04-25;-59869
2020-04-24;"Prešovský kraj";0;0;0;0;NA;53726;0;2020-04-24;-59869
2020-04-23;"Prešovský kraj";2;0;0;0;NA;53726;2;2020-04-23;-59869
2020-04-22;"Prešovský kraj";11;0;0;0;NA;53726;11;2020-04-22;-59871
2020-04-21;"Prešovský kraj";12;0;0;0;NA;53726;12;2020-04-21;-59882
2020-04-20;"Prešovský kraj";2;0;0;0;NA;53726;2;2020-04-20;-59894
2020-04-19;"Prešovský kraj";4;0;0;0;NA;53726;4;2020-04-19;-59896
2020-04-18;"Prešovský kraj";1;0;0;0;NA;53726;1;2020-04-18;-59900
2020-04-17;"Prešovský kraj";4;0;0;0;NA;53726;4;2020-04-17;-59901
2020-04-16;"Prešovský kraj";9;0;0;0;NA;53726;9;2020-04-16;-59905
2020-04-15;"Prešovský kraj";21;0;0;0;NA;53726;21;2020-04-15;-59914
2020-04-14;"Prešovský kraj";1;0;0;0;NA;53726;1;2020-04-14;-59935
2020-04-13;"Prešovský kraj";2;0;0;0;NA;53726;2;2020-04-13;-59936
2020-04-12;"Prešovský kraj";6;0;0;0;NA;53726;6;2020-04-12;-59938
2020-04-11;"Prešovský kraj";4;0;0;0;NA;53726;4;2020-04-11;-59944
2020-04-10;"Prešovský kraj";0;0;0;0;NA;53726;0;2020-04-10;-59948
2020-04-09;"Prešovský kraj";1;0;0;0;NA;53726;1;2020-04-09;-59948
2020-04-08;"Prešovský kraj";0;0;0;0;NA;53726;0;2020-04-08;-59949
2020-04-07;"Prešovský kraj";7;0;0;0;NA;53726;7;2020-04-07;-59949
2020-04-06;"Prešovský kraj";10;0;0;0;NA;53726;10;2020-04-06;-59956
2020-04-05;"Prešovský kraj";13;0;0;0;NA;53726;13;2020-04-05;-59966
2020-04-04;"Prešovský kraj";1;0;0;0;NA;53726;1;2020-04-04;-59979
2020-04-03;"Prešovský kraj";4;0;0;0;NA;53726;4;2020-04-03;-59980
2020-04-02;"Prešovský kraj";6;0;0;0;NA;53726;6;2020-04-02;-59984
2020-04-01;"Prešovský kraj";6;0;0;0;NA;53726;6;2020-04-01;-59990
2020-03-31;"Prešovský kraj";6;0;0;0;NA;53726;6;2020-03-31;-59996
2020-03-30;"Prešovský kraj";2;0;0;0;NA;53726;2;2020-03-30;-60002
2020-03-29;"Prešovský kraj";2;0;0;0;NA;53726;2;2020-03-29;-60004
2020-03-28;"Prešovský kraj";2;0;0;0;NA;53726;2;2020-03-28;-60006
2020-03-27;"Prešovský kraj";1;0;0;0;NA;53726;1;2020-03-27;-60008
2020-03-26;"Prešovský kraj";8;0;0;0;NA;53726;8;2020-03-26;-60009
2020-03-25;"Prešovský kraj";1;0;0;0;NA;53726;1;2020-03-25;-60017
2020-03-24;"Prešovský kraj";4;0;0;0;NA;53726;4;2020-03-24;-60018
2020-03-23;"Prešovský kraj";0;0;0;0;NA;53726;0;2020-03-23;-60022
2020-03-22;"Prešovský kraj";1;0;0;0;NA;53726;1;2020-03-22;-60022
2020-03-21;"Prešovský kraj";2;0;0;0;NA;53726;2;2020-03-21;-60023
2020-03-20;"Prešovský kraj";3;0;0;0;NA;53726;3;2020-03-20;-60025
2020-03-19;"Prešovský kraj";2;0;0;0;NA;53726;2;2020-03-19;-60028
2020-03-18;"Prešovský kraj";1;0;0;0;NA;53726;1;2020-03-18;-60030
2020-03-17;"Prešovský kraj";1;0;0;0;NA;53726;1;2020-03-17;-60031
2020-03-16;"Prešovský kraj";4;0;0;0;NA;53726;4;2020-03-16;-60032
2020-03-15;"Prešovský kraj";0;0;0;0;NA;53726;0;2020-03-15;-60036
2020-03-14;"Prešovský kraj";1;0;0;0;NA;53726;1;2020-03-14;-60036
2020-03-13;"Prešovský kraj";0;0;0;0;NA;53726;0;2020-03-13;-60037
2020-03-12;"Prešovský kraj";0;0;0;0;NA;53726;0;2020-03-12;-60037
2020-03-11;"Prešovský kraj";0;0;0;0;NA;53726;0;2020-03-11;-60037
2020-03-09;"Prešovský kraj";0;0;0;0;NA;53726;0;2020-03-09;-60037
2020-03-08;"Prešovský kraj";0;0;0;0;NA;53726;0;2020-03-08;-60037
2020-03-07;"Prešovský kraj";0;0;0;0;NA;53726;0;2020-03-07;-60037
2020-03-06;"Prešovský kraj";0;0;0;0;NA;53726;0;2020-03-06;-60037
2021-06-30;"Trenčiansky kraj";2;5258;1;5259;0;47272;3;2021-06-30;47272
2021-06-29;"Trenčiansky kraj";4;2414;5;2419;NA;47272;9;2021-06-29;47269
2021-06-28;"Trenčiansky kraj";5;3168;4;3172;NA;47272;9;2021-06-28;47260
2021-06-27;"Trenčiansky kraj";0;2594;1;2595;NA;47272;1;2021-06-27;47251
2021-06-26;"Trenčiansky kraj";1;3296;4;3300;NA;47272;5;2021-06-26;47250
2021-06-25;"Trenčiansky kraj";2;4165;1;4166;NA;47272;3;2021-06-25;47245
2021-06-24;"Trenčiansky kraj";3;2795;4;2799;NA;47272;7;2021-06-24;47242
2021-06-23;"Trenčiansky kraj";4;2337;2;2339;NA;47272;6;2021-06-23;47235
2021-06-22;"Trenčiansky kraj";7;2847;3;2850;NA;47272;10;2021-06-22;47229
2021-06-21;"Trenčiansky kraj";10;3540;3;3543;NA;47272;13;2021-06-21;47219
2021-06-20;"Trenčiansky kraj";0;2915;5;2920;NA;47272;5;2021-06-20;47206
2021-06-19;"Trenčiansky kraj";5;3925;0;3925;NA;47272;5;2021-06-19;47201
2021-06-18;"Trenčiansky kraj";7;5897;6;5903;NA;47272;13;2021-06-18;47196
2021-06-17;"Trenčiansky kraj";0;3068;5;3073;NA;47272;5;2021-06-17;47183
2021-06-16;"Trenčiansky kraj";4;2782;2;2784;NA;47272;6;2021-06-16;47178
2021-06-15;"Trenčiansky kraj";10;3490;2;3492;NA;47272;12;2021-06-15;47172
2021-06-14;"Trenčiansky kraj";10;4357;15;4372;NA;47272;25;2021-06-14;47160
2021-06-13;"Trenčiansky kraj";0;3950;4;3954;NA;47272;4;2021-06-13;47135
2021-06-12;"Trenčiansky kraj";4;4616;6;4622;NA;47272;10;2021-06-12;47131
2021-06-11;"Trenčiansky kraj";10;6227;11;6238;NA;47272;21;2021-06-11;47121
2021-06-10;"Trenčiansky kraj";5;3779;7;3786;NA;47272;12;2021-06-10;47100
2021-06-09;"Trenčiansky kraj";7;3254;6;3260;NA;47272;13;2021-06-09;47088
2021-06-08;"Trenčiansky kraj";21;3628;7;3635;NA;47272;28;2021-06-08;47075
2021-06-07;"Trenčiansky kraj";13;4944;10;4954;NA;47272;23;2021-06-07;47047
2021-06-06;"Trenčiansky kraj";0;4659;9;4668;NA;47272;9;2021-06-06;47024
2021-06-05;"Trenčiansky kraj";7;5712;4;5716;NA;47272;11;2021-06-05;47015
2021-06-04;"Trenčiansky kraj";16;6800;3;6803;NA;47272;19;2021-06-04;47004
2021-06-03;"Trenčiansky kraj";9;3886;9;3895;NA;47272;18;2021-06-03;46985
2021-06-02;"Trenčiansky kraj";28;4201;8;4209;NA;47272;36;2021-06-02;46967
2021-06-01;"Trenčiansky kraj";22;4975;17;4992;NA;47272;39;2021-06-01;46931
2021-05-31;"Trenčiansky kraj";30;5495;24;5519;NA;47272;54;2021-05-31;46892
2021-05-30;"Trenčiansky kraj";0;7365;15;7380;NA;47272;15;2021-05-30;46838
2021-05-29;"Trenčiansky kraj";13;6900;13;6913;NA;47272;26;2021-05-29;46823
2021-05-28;"Trenčiansky kraj";22;7934;25;7959;NA;47272;47;2021-05-28;46797
2021-05-27;"Trenčiansky kraj";6;5163;12;5175;NA;47272;18;2021-05-27;46750
2021-05-26;"Trenčiansky kraj";26;4413;13;4426;NA;47272;39;2021-05-26;46732
2021-05-25;"Trenčiansky kraj";18;5674;20;5694;NA;47272;38;2021-05-25;46693
2021-05-24;"Trenčiansky kraj";19;9191;37;9228;NA;47272;56;2021-05-24;46655
2021-05-23;"Trenčiansky kraj";0;8161;22;8183;NA;47272;22;2021-05-23;46599
2021-05-22;"Trenčiansky kraj";11;10114;12;10126;NA;47272;23;2021-05-22;46577
2021-05-21;"Trenčiansky kraj";23;10606;24;10630;NA;47272;47;2021-05-21;46554
2021-05-20;"Trenčiansky kraj";23;5487;23;5510;NA;47272;46;2021-05-20;46507
2021-05-19;"Trenčiansky kraj";16;4959;31;4990;NA;47272;47;2021-05-19;46461
2021-05-18;"Trenčiansky kraj";26;7610;26;7636;NA;47272;52;2021-05-18;46414
2021-05-17;"Trenčiansky kraj";37;6771;38;6809;NA;47272;75;2021-05-17;46362
2021-05-16;"Trenčiansky kraj";25;14270;30;14300;NA;47272;55;2021-05-16;46287
2021-05-15;"Trenčiansky kraj";3;19573;26;19599;NA;47272;29;2021-05-15;46232
2021-05-14;"Trenčiansky kraj";41;17047;39;17086;NA;47272;80;2021-05-14;46203
2021-05-13;"Trenčiansky kraj";41;8149;24;8173;NA;47272;65;2021-05-13;46123
2021-05-12;"Trenčiansky kraj";41;7408;31;7439;NA;47272;72;2021-05-12;46058
2021-05-11;"Trenčiansky kraj";66;10205;31;10236;NA;47272;97;2021-05-11;45986
2021-05-10;"Trenčiansky kraj";48;11688;52;11740;NA;47272;100;2021-05-10;45889
2021-05-09;"Trenčiansky kraj";52;15597;32;15629;NA;47272;84;2021-05-09;45789
2021-05-08;"Trenčiansky kraj";3;21544;29;21573;NA;47272;32;2021-05-08;45705
2021-05-07;"Trenčiansky kraj";45;21204;44;21248;NA;47272;89;2021-05-07;45673
2021-05-06;"Trenčiansky kraj";26;10679;44;10723;NA;47272;70;2021-05-06;45584
2021-05-05;"Trenčiansky kraj";73;9092;41;9133;NA;47272;114;2021-05-05;45514
2021-05-04;"Trenčiansky kraj";55;12732;53;12785;NA;47272;108;2021-05-04;45400
2021-05-03;"Trenčiansky kraj";60;15330;51;15381;NA;47272;111;2021-05-03;45292
2021-05-02;"Trenčiansky kraj";0;30768;61;30829;NA;47272;61;2021-05-02;45181
2021-05-01;"Trenčiansky kraj";71;56982;60;57042;NA;47272;131;2021-05-01;45120
2021-04-30;"Trenčiansky kraj";77;29420;61;29481;NA;47272;138;2021-04-30;44989
2021-04-29;"Trenčiansky kraj";49;13183;59;13242;NA;47272;108;2021-04-29;44851
2021-04-28;"Trenčiansky kraj";79;12536;52;12588;NA;47272;131;2021-04-28;44743
2021-04-27;"Trenčiansky kraj";107;15526;40;15566;NA;47272;147;2021-04-27;44612
2021-04-26;"Trenčiansky kraj";52;21066;63;21129;NA;47272;115;2021-04-26;44465
2021-04-25;"Trenčiansky kraj";0;34560;48;34608;NA;47272;48;2021-04-25;44350
2021-04-24;"Trenčiansky kraj";76;72398;100;72498;NA;47272;176;2021-04-24;44302
2021-04-23;"Trenčiansky kraj";143;29958;79;30037;NA;47272;222;2021-04-23;44126
2021-04-22;"Trenčiansky kraj";71;13847;64;13911;NA;47272;135;2021-04-22;43904
2021-04-21;"Trenčiansky kraj";79;12996;67;13063;NA;47272;146;2021-04-21;43769
2021-04-20;"Trenčiansky kraj";142;17739;80;17819;NA;47272;222;2021-04-20;43623
2021-04-19;"Trenčiansky kraj";102;22630;103;22733;NA;47272;205;2021-04-19;43401
2021-04-18;"Trenčiansky kraj";3;40879;97;40976;NA;47272;100;2021-04-18;43196
2021-04-17;"Trenčiansky kraj";77;81498;136;81634;NA;47272;213;2021-04-17;43096
2021-04-16;"Trenčiansky kraj";100;31954;90;32044;NA;47272;190;2021-04-16;42883
2021-04-15;"Trenčiansky kraj";71;14477;69;14546;NA;47272;140;2021-04-15;42693
2021-04-14;"Trenčiansky kraj";135;15549;72;15621;NA;47272;207;2021-04-14;42553
2021-04-13;"Trenčiansky kraj";189;18713;75;18788;NA;47272;264;2021-04-13;42346
2021-04-12;"Trenčiansky kraj";97;23743;91;23834;NA;47272;188;2021-04-12;42082
2021-04-11;"Trenčiansky kraj";1;34735;75;34810;NA;47272;76;2021-04-11;41894
2021-04-10;"Trenčiansky kraj";81;83093;145;83238;NA;47272;226;2021-04-10;41818
2021-04-09;"Trenčiansky kraj";120;28008;91;28099;NA;47272;211;2021-04-09;41592
2021-04-08;"Trenčiansky kraj";112;13282;85;13367;NA;47272;197;2021-04-08;41381
2021-04-07;"Trenčiansky kraj";204;17689;122;17811;NA;47272;326;2021-04-07;41184
2021-04-06;"Trenčiansky kraj";157;28532;178;28710;NA;47272;335;2021-04-06;40858
2021-04-05;"Trenčiansky kraj";15;9227;64;9291;NA;47272;79;2021-04-05;40523
2021-04-04;"Trenčiansky kraj";2;20291;85;20376;NA;47272;87;2021-04-04;40444
2021-04-03;"Trenčiansky kraj";86;80473;221;80694;NA;47272;307;2021-04-03;40357
2021-04-02;"Trenčiansky kraj";126;21620;81;21701;NA;47272;207;2021-04-02;40050
2021-04-01;"Trenčiansky kraj";159;32370;139;32509;NA;47272;298;2021-04-01;39843
2021-03-31;"Trenčiansky kraj";198;20100;130;20230;NA;47272;328;2021-03-31;39545
2021-03-30;"Trenčiansky kraj";272;17304;136;17440;NA;47272;408;2021-03-30;39217
2021-03-29;"Trenčiansky kraj";142;19479;170;19649;NA;47272;312;2021-03-29;38809
2021-03-28;"Trenčiansky kraj";3;34759;116;34875;NA;47272;119;2021-03-28;38497
2021-03-27;"Trenčiansky kraj";130;77314;293;77607;NA;47272;423;2021-03-27;38378
2021-03-26;"Trenčiansky kraj";211;35092;157;35249;NA;47272;368;2021-03-26;37955
2021-03-25;"Trenčiansky kraj";184;16579;176;16755;NA;47272;360;2021-03-25;37587
2021-03-24;"Trenčiansky kraj";259;13099;171;13270;NA;47272;430;2021-03-24;37227
2021-03-23;"Trenčiansky kraj";349;17588;174;17762;NA;47272;523;2021-03-23;36797
2021-03-22;"Trenčiansky kraj";141;21118;213;21331;NA;47272;354;2021-03-22;36274
2021-03-21;"Trenčiansky kraj";85;32711;164;32875;NA;47272;249;2021-03-21;35920
2021-03-20;"Trenčiansky kraj";128;80035;322;80357;NA;47272;450;2021-03-20;35671
2021-03-19;"Trenčiansky kraj";231;34784;232;35016;NA;47272;463;2021-03-19;35221
2021-03-18;"Trenčiansky kraj";262;16105;178;16283;NA;47272;440;2021-03-18;34758
2021-03-17;"Trenčiansky kraj";366;13436;163;13599;NA;47272;529;2021-03-17;34318
2021-03-16;"Trenčiansky kraj";450;15281;241;15522;NA;47272;691;2021-03-16;33789
2021-03-15;"Trenčiansky kraj";162;21235;261;21496;NA;47272;423;2021-03-15;33098
2021-03-14;"Trenčiansky kraj";42;33892;233;34125;NA;47272;275;2021-03-14;32675
2021-03-13;"Trenčiansky kraj";270;79187;453;79640;NA;47272;723;2021-03-13;32400
2021-03-12;"Trenčiansky kraj";366;34787;307;35094;NA;47272;673;2021-03-12;31677
2021-03-11;"Trenčiansky kraj";302;15557;213;15770;NA;47272;515;2021-03-11;31004
2021-03-10;"Trenčiansky kraj";402;13585;237;13822;NA;47272;639;2021-03-10;30489
2021-03-09;"Trenčiansky kraj";586;17982;285;18267;NA;47272;871;2021-03-09;29850
2021-03-08;"Trenčiansky kraj";174;21704;363;22067;NA;47272;537;2021-03-08;28979
2021-03-07;"Trenčiansky kraj";4;33647;313;33960;NA;47272;317;2021-03-07;28442
2021-03-06;"Trenčiansky kraj";260;79661;529;80190;NA;47272;789;2021-03-06;28125
2021-03-05;"Trenčiansky kraj";326;32946;416;33362;NA;47272;742;2021-03-05;27336
2021-03-04;"Trenčiansky kraj";323;16820;315;17135;NA;47272;638;2021-03-04;26594
2021-03-03;"Trenčiansky kraj";413;13953;346;14299;NA;47272;759;2021-03-03;25956
2021-03-02;"Trenčiansky kraj";612;17797;344;18141;NA;47272;956;2021-03-02;25197
2021-03-01;"Trenčiansky kraj";217;21127;445;21572;NA;47272;662;2021-03-01;24241
2021-02-28;"Trenčiansky kraj";45;30238;376;30614;NA;47272;421;2021-02-28;23579
2021-02-27;"Trenčiansky kraj";277;78735;686;79421;NA;47272;963;2021-02-27;23158
2021-02-26;"Trenčiansky kraj";420;32932;435;33367;NA;47272;855;2021-02-26;22195
2021-02-25;"Trenčiansky kraj";424;14029;328;14357;NA;47272;752;2021-02-25;21340
2021-02-24;"Trenčiansky kraj";427;11997;398;12395;NA;47272;825;2021-02-24;20588
2021-02-23;"Trenčiansky kraj";577;14904;390;15294;NA;47272;967;2021-02-23;19763
2021-02-22;"Trenčiansky kraj";160;19969;468;20437;NA;47272;628;2021-02-22;18796
2021-02-21;"Trenčiansky kraj";64;29478;392;29870;NA;47272;456;2021-02-21;18168
2021-02-20;"Trenčiansky kraj";274;77840;745;78585;NA;47272;1019;2021-02-20;17712
2021-02-19;"Trenčiansky kraj";272;30245;520;30765;NA;47272;792;2021-02-19;16693
2021-02-18;"Trenčiansky kraj";355;14378;410;14788;NA;47272;765;2021-02-18;15901
2021-02-17;"Trenčiansky kraj";363;11413;376;11789;NA;47272;739;2021-02-17;15136
2021-02-16;"Trenčiansky kraj";488;17761;406;18167;NA;47272;894;2021-02-16;14397
2021-02-15;"Trenčiansky kraj";151;21846;463;22309;NA;47272;614;2021-02-15;13503
2021-02-14;"Trenčiansky kraj";2;31255;324;31579;NA;47272;326;2021-02-14;12889
2021-02-13;"Trenčiansky kraj";274;63006;522;63528;NA;47272;796;2021-02-13;12563
2021-02-12;"Trenčiansky kraj";276;27966;412;28378;NA;47272;688;2021-02-12;11767
2021-02-11;"Trenčiansky kraj";291;11566;323;11889;NA;47272;614;2021-02-11;11079
2021-02-10;"Trenčiansky kraj";304;11402;317;11719;NA;47272;621;2021-02-10;10465
2021-02-09;"Trenčiansky kraj";514;18401;360;18761;NA;47272;874;2021-02-09;9844
2021-02-08;"Trenčiansky kraj";182;26972;430;27402;NA;47272;612;2021-02-08;8970
2021-02-07;"Trenčiansky kraj";31;36772;341;37113;NA;47272;372;2021-02-07;8358
2021-02-06;"Trenčiansky kraj";216;63931;560;64491;NA;47272;776;2021-02-06;7986
2021-02-05;"Trenčiansky kraj";202;18154;367;18521;NA;47272;569;2021-02-05;7210
2021-02-04;"Trenčiansky kraj";266;7248;311;7559;NA;47272;577;2021-02-04;6641
2021-02-03;"Trenčiansky kraj";162;6718;320;7038;NA;47272;482;2021-02-03;6064
2021-02-02;"Trenčiansky kraj";347;8058;380;8438;NA;47272;727;2021-02-02;5582
2021-02-01;"Trenčiansky kraj";167;8917;311;9228;NA;47272;478;2021-02-01;4855
2021-01-31;"Trenčiansky kraj";7;19103;159;19262;NA;47272;166;2021-01-31;4377
2021-01-30;"Trenčiansky kraj";228;38167;332;38499;NA;47272;560;2021-01-30;4211
2021-01-29;"Trenčiansky kraj";214;7586;235;7821;NA;47272;449;2021-01-29;3651
2021-01-28;"Trenčiansky kraj";307;5442;158;5600;NA;47272;465;2021-01-28;3202
2021-01-27;"Trenčiansky kraj";166;4842;181;5023;NA;47272;347;2021-01-27;2737
2021-01-26;"Trenčiansky kraj";303;14585;250;14835;NA;47272;553;2021-01-26;2390
2021-01-25;"Trenčiansky kraj";160;24302;207;24509;NA;47272;367;2021-01-25;1837
2021-01-24;"Trenčiansky kraj";51;38369;282;38651;NA;47272;333;2021-01-24;1470
2021-01-23;"Trenčiansky kraj";206;114125;749;114874;NA;47272;955;2021-01-23;1137
2021-01-22;"Trenčiansky kraj";148;21833;242;22075;NA;47272;390;2021-01-22;182
2021-01-21;"Trenčiansky kraj";143;8582;166;8748;NA;47272;309;2021-01-21;-208
2021-01-20;"Trenčiansky kraj";181;8186;227;8413;NA;47272;408;2021-01-20;-517
2021-01-19;"Trenčiansky kraj";363;6600;262;6862;NA;47272;625;2021-01-19;-925
2021-01-18;"Trenčiansky kraj";72;4970;321;5291;NA;47272;393;2021-01-18;-1550
2021-01-17;"Trenčiansky kraj";124;156;11;167;NA;47272;135;2021-01-17;-1943
2021-01-16;"Trenčiansky kraj";39;1288;53;1341;NA;47272;92;2021-01-16;-2078
2021-01-15;"Trenčiansky kraj";264;4029;218;4247;NA;47272;482;2021-01-15;-2170
2021-01-14;"Trenčiansky kraj";275;3193;189;3382;NA;47272;464;2021-01-14;-2652
2021-01-13;"Trenčiansky kraj";222;3893;215;4108;NA;47272;437;2021-01-13;-3116
2021-01-12;"Trenčiansky kraj";508;4604;261;4865;NA;47272;769;2021-01-12;-3553
2021-01-11;"Trenčiansky kraj";142;4367;354;4721;NA;47272;496;2021-01-11;-4322
2021-01-10;"Trenčiansky kraj";89;4969;77;5046;NA;47272;166;2021-01-10;-4818
2021-01-09;"Trenčiansky kraj";276;8280;128;8408;NA;47272;404;2021-01-09;-4984
2021-01-08;"Trenčiansky kraj";489;6434;484;6918;NA;47272;973;2021-01-08;-5388
2021-01-07;"Trenčiansky kraj";420;6138;577;6715;NA;47272;997;2021-01-07;-6361
2021-01-06;"Trenčiansky kraj";221;1021;64;1085;NA;47272;285;2021-01-06;-7358
2021-01-05;"Trenčiansky kraj";669;5753;706;6459;NA;47272;1375;2021-01-05;-7643
2021-01-04;"Trenčiansky kraj";337;5248;782;6030;NA;47272;1119;2021-01-04;-9018
2021-01-03;"Trenčiansky kraj";38;114;15;129;NA;47272;53;2021-01-03;-10137
2021-01-02;"Trenčiansky kraj";129;196;23;219;NA;47272;152;2021-01-02;-10190
2021-01-01;"Trenčiansky kraj";329;347;23;370;NA;47272;352;2021-01-01;-10342
2020-12-31;"Trenčiansky kraj";597;4943;557;5500;NA;47272;1154;2020-12-31;-10694
2020-12-30;"Trenčiansky kraj";836;7012;762;7774;NA;47272;1598;2020-12-30;-11848
2020-12-29;"Trenčiansky kraj";459;6122;1009;7131;NA;47272;1468;2020-12-29;-13446
2020-12-28;"Trenčiansky kraj";258;4195;777;4972;NA;47272;1035;2020-12-28;-14914
2020-12-27;"Trenčiansky kraj";5;208;36;244;NA;47272;41;2020-12-27;-15949
2020-12-26;"Trenčiansky kraj";174;74;10;84;NA;47272;184;2020-12-26;-15990
2020-12-25;"Trenčiansky kraj";251;325;47;372;NA;47272;298;2020-12-25;-16174
2020-12-24;"Trenčiansky kraj";552;2194;256;2450;NA;47272;808;2020-12-24;-16472
2020-12-23;"Trenčiansky kraj";421;6552;661;7213;NA;47272;1082;2020-12-23;-17280
2020-12-22;"Trenčiansky kraj";673;5760;694;6454;NA;47272;1367;2020-12-22;-18362
2020-12-21;"Trenčiansky kraj";248;13321;956;14277;NA;47272;1204;2020-12-21;-19729
2020-12-20;"Trenčiansky kraj";238;12504;292;12796;NA;47272;530;2020-12-20;-20933
2020-12-19;"Trenčiansky kraj";341;1611;150;1761;NA;47272;491;2020-12-19;-21463
2020-12-18;"Trenčiansky kraj";521;5199;615;5814;NA;47272;1136;2020-12-18;-21954
2020-12-17;"Trenčiansky kraj";670;3843;524;4367;NA;47272;1194;2020-12-17;-23090
2020-12-16;"Trenčiansky kraj";461;4464;647;5111;NA;47272;1108;2020-12-16;-24284
2020-12-15;"Trenčiansky kraj";595;3805;670;4475;NA;47272;1265;2020-12-15;-25392
2020-12-14;"Trenčiansky kraj";318;3194;613;3807;NA;47272;931;2020-12-14;-26657
2020-12-13;"Trenčiansky kraj";77;49;6;55;NA;47272;83;2020-12-13;-27588
2020-12-12;"Trenčiansky kraj";314;1191;132;1323;NA;47272;446;2020-12-12;-27671
2020-12-11;"Trenčiansky kraj";751;4066;479;4545;NA;47272;1230;2020-12-11;-28117
2020-12-10;"Trenčiansky kraj";271;3354;473;3827;NA;47272;744;2020-12-10;-29347
2020-12-09;"Trenčiansky kraj";508;3788;466;4254;NA;47272;974;2020-12-09;-30091
2020-12-08;"Trenčiansky kraj";546;3440;522;3962;NA;47272;1068;2020-12-08;-31065
2020-12-07;"Trenčiansky kraj";258;3832;468;4300;NA;47272;726;2020-12-07;-32133
2020-12-06;"Trenčiansky kraj";114;179;10;189;NA;47272;124;2020-12-06;-32859
2020-12-05;"Trenčiansky kraj";223;610;56;666;NA;47272;279;2020-12-05;-32983
2020-12-04;"Trenčiansky kraj";253;2943;273;3216;NA;47272;526;2020-12-04;-33262
2020-12-03;"Trenčiansky kraj";503;1714;178;1892;NA;47272;681;2020-12-03;-33788
2020-12-02;"Trenčiansky kraj";418;1844;232;2076;NA;47272;650;2020-12-02;-34469
2020-12-01;"Trenčiansky kraj";321;5741;358;6099;NA;47272;679;2020-12-01;-35119
2020-11-30;"Trenčiansky kraj";167;11514;520;12034;NA;47272;687;2020-11-30;-35798
2020-11-29;"Trenčiansky kraj";29;30;5;35;NA;47272;34;2020-11-29;-36485
2020-11-28;"Trenčiansky kraj";202;1051;93;1144;NA;47272;295;2020-11-28;-36519
2020-11-27;"Trenčiansky kraj";330;1888;186;2074;NA;47272;516;2020-11-27;-36814
2020-11-26;"Trenčiansky kraj";395;1252;122;1374;NA;47272;517;2020-11-26;-37330
2020-11-25;"Trenčiansky kraj";322;1444;160;1604;NA;47272;482;2020-11-25;-37847
2020-11-24;"Trenčiansky kraj";348;2553;308;2861;NA;47272;656;2020-11-24;-38329
2020-11-23;"Trenčiansky kraj";159;1186;122;1308;NA;47272;281;2020-11-23;-38985
2020-11-22;"Trenčiansky kraj";26;30;7;37;NA;47272;33;2020-11-22;-39266
2020-11-21;"Trenčiansky kraj";255;1376;69;1445;NA;47272;324;2020-11-21;-39299
2020-11-20;"Trenčiansky kraj";316;861;93;954;NA;47272;409;2020-11-20;-39623
2020-11-19;"Trenčiansky kraj";316;740;113;853;NA;47272;429;2020-11-19;-40032
2020-11-18;"Trenčiansky kraj";233;379;66;445;NA;47272;299;2020-11-18;-40461
2020-11-17;"Trenčiansky kraj";222;106;15;121;NA;47272;237;2020-11-17;-40760
2020-11-16;"Trenčiansky kraj";245;236;45;281;NA;47272;290;2020-11-16;-40997
2020-11-15;"Trenčiansky kraj";109;29;6;35;NA;47272;115;2020-11-15;-41287
2020-11-14;"Trenčiansky kraj";190;74;11;85;NA;47272;201;2020-11-14;-41402
2020-11-13;"Trenčiansky kraj";308;131;13;144;NA;47272;321;2020-11-13;-41603
2020-11-12;"Trenčiansky kraj";324;124;5;129;NA;47272;329;2020-11-12;-41924
2020-11-11;"Trenčiansky kraj";366;113;10;123;NA;47272;376;2020-11-11;-42253
2020-11-10;"Trenčiansky kraj";277;106;6;112;NA;47272;283;2020-11-10;-42629
2020-11-09;"Trenčiansky kraj";115;1407;48;1455;NA;47272;163;2020-11-09;-42912
2020-11-08;"Trenčiansky kraj";81;1271;8;1279;NA;47272;89;2020-11-08;-43075
2020-11-07;"Trenčiansky kraj";319;3662;59;3721;NA;47272;378;2020-11-07;-43164
2020-11-06;"Trenčiansky kraj";383;6893;84;6977;NA;47272;467;2020-11-06;-43542
2020-11-05;"Trenčiansky kraj";399;98;15;113;NA;47272;414;2020-11-05;-44009
2020-11-04;"Trenčiansky kraj";370;91;9;100;NA;47272;379;2020-11-04;-44423
2020-11-03;"Trenčiansky kraj";575;97;8;105;NA;47272;583;2020-11-03;-44802
2020-11-02;"Trenčiansky kraj";197;1833;68;1901;NA;47272;265;2020-11-02;-45385
2020-11-01;"Trenčiansky kraj";257;808;24;832;NA;47272;281;2020-11-01;-45650
2020-10-31;"Trenčiansky kraj";332;4719;82;4801;NA;47272;414;2020-10-31;-45931
2020-10-30;"Trenčiansky kraj";299;5283;102;5385;NA;47272;401;2020-10-30;-46345
2020-10-29;"Trenčiansky kraj";496;764;68;832;NA;47272;564;2020-10-29;-46746
2020-10-28;"Trenčiansky kraj";269;192;33;225;NA;47272;302;2020-10-28;-47310
2020-10-27;"Trenčiansky kraj";473;127;27;154;NA;47272;500;2020-10-27;-47612
2020-10-26;"Trenčiansky kraj";177;107;36;143;NA;47272;213;2020-10-26;-48112
2020-10-25;"Trenčiansky kraj";138;9;5;14;NA;47272;143;2020-10-25;-48325
2020-10-24;"Trenčiansky kraj";395;128;6;134;NA;47272;401;2020-10-24;-48468
2020-10-23;"Trenčiansky kraj";301;154;8;162;NA;47272;309;2020-10-23;-48869
2020-10-22;"Trenčiansky kraj";273;82;12;94;NA;47272;285;2020-10-22;-49178
2020-10-21;"Trenčiansky kraj";183;53;9;62;NA;47272;192;2020-10-21;-49463
2020-10-20;"Trenčiansky kraj";212;47;6;53;NA;47272;218;2020-10-20;-49655
2020-10-19;"Trenčiansky kraj";41;83;25;108;NA;47272;66;2020-10-19;-49873
2020-10-18;"Trenčiansky kraj";104;0;0;0;NA;47272;104;2020-10-18;-49939
2020-10-17;"Trenčiansky kraj";157;0;0;0;NA;47272;157;2020-10-17;-50043
2020-10-16;"Trenčiansky kraj";225;42;6;48;NA;47272;231;2020-10-16;-50200
2020-10-15;"Trenčiansky kraj";255;39;4;43;NA;47272;259;2020-10-15;-50431
2020-10-14;"Trenčiansky kraj";162;42;7;49;NA;47272;169;2020-10-14;-50690
2020-10-13;"Trenčiansky kraj";124;105;12;117;NA;47272;136;2020-10-13;-50859
2020-10-12;"Trenčiansky kraj";55;0;0;0;NA;47272;55;2020-10-12;-50995
2020-10-11;"Trenčiansky kraj";73;0;0;0;NA;47272;73;2020-10-11;-51050
2020-10-10;"Trenčiansky kraj";180;0;0;0;NA;47272;180;2020-10-10;-51123
2020-10-09;"Trenčiansky kraj";198;0;0;0;NA;47272;198;2020-10-09;-51303
2020-10-08;"Trenčiansky kraj";115;0;0;0;NA;47272;115;2020-10-08;-51501
2020-10-07;"Trenčiansky kraj";75;0;0;0;NA;47272;75;2020-10-07;-51616
2020-10-06;"Trenčiansky kraj";72;0;0;0;NA;47272;72;2020-10-06;-51691
2020-10-05;"Trenčiansky kraj";32;0;0;0;NA;47272;32;2020-10-05;-51763
2020-10-04;"Trenčiansky kraj";37;0;0;0;NA;47272;37;2020-10-04;-51795
2020-10-03;"Trenčiansky kraj";79;0;0;0;NA;47272;79;2020-10-03;-51832
2020-10-02;"Trenčiansky kraj";69;0;0;0;NA;47272;69;2020-10-02;-51911
2020-10-01;"Trenčiansky kraj";58;0;0;0;NA;47272;58;2020-10-01;-51980
2020-09-30;"Trenčiansky kraj";76;0;0;0;NA;47272;76;2020-09-30;-52038
2020-09-29;"Trenčiansky kraj";43;0;0;0;NA;47272;43;2020-09-29;-52114
2020-09-28;"Trenčiansky kraj";7;0;0;0;NA;47272;7;2020-09-28;-52157
2020-09-27;"Trenčiansky kraj";12;0;0;0;NA;47272;12;2020-09-27;-52164
2020-09-26;"Trenčiansky kraj";37;0;0;0;NA;47272;37;2020-09-26;-52176
2020-09-25;"Trenčiansky kraj";72;0;0;0;NA;47272;72;2020-09-25;-52213
2020-09-24;"Trenčiansky kraj";41;0;0;0;NA;47272;41;2020-09-24;-52285
2020-09-23;"Trenčiansky kraj";32;0;0;0;NA;47272;32;2020-09-23;-52326
2020-09-22;"Trenčiansky kraj";26;0;0;0;NA;47272;26;2020-09-22;-52358
2020-09-21;"Trenčiansky kraj";23;0;0;0;NA;47272;23;2020-09-21;-52384
2020-09-20;"Trenčiansky kraj";21;0;0;0;NA;47272;21;2020-09-20;-52407
2020-09-19;"Trenčiansky kraj";20;0;0;0;NA;47272;20;2020-09-19;-52428
2020-09-18;"Trenčiansky kraj";41;0;0;0;NA;47272;41;2020-09-18;-52448
2020-09-17;"Trenčiansky kraj";20;0;0;0;NA;47272;20;2020-09-17;-52489
2020-09-16;"Trenčiansky kraj";14;0;0;0;NA;47272;14;2020-09-16;-52509
2020-09-15;"Trenčiansky kraj";8;0;0;0;NA;47272;8;2020-09-15;-52523
2020-09-14;"Trenčiansky kraj";5;0;0;0;NA;47272;5;2020-09-14;-52531
2020-09-13;"Trenčiansky kraj";12;0;0;0;NA;47272;12;2020-09-13;-52536
2020-09-12;"Trenčiansky kraj";2;0;0;0;NA;47272;2;2020-09-12;-52548
2020-09-11;"Trenčiansky kraj";27;0;0;0;NA;47272;27;2020-09-11;-52550
2020-09-10;"Trenčiansky kraj";15;0;0;0;NA;47272;15;2020-09-10;-52577
2020-09-09;"Trenčiansky kraj";11;0;0;0;NA;47272;11;2020-09-09;-52592
2020-09-08;"Trenčiansky kraj";12;0;0;0;NA;47272;12;2020-09-08;-52603
2020-09-07;"Trenčiansky kraj";6;0;0;0;NA;47272;6;2020-09-07;-52615
2020-09-06;"Trenčiansky kraj";1;0;0;0;NA;47272;1;2020-09-06;-52621
2020-09-05;"Trenčiansky kraj";3;0;0;0;NA;47272;3;2020-09-05;-52622
2020-09-04;"Trenčiansky kraj";9;0;0;0;NA;47272;9;2020-09-04;-52625
2020-09-03;"Trenčiansky kraj";10;0;0;0;NA;47272;10;2020-09-03;-52634
2020-09-02;"Trenčiansky kraj";5;0;0;0;NA;47272;5;2020-09-02;-52644
2020-09-01;"Trenčiansky kraj";1;0;0;0;NA;47272;1;2020-09-01;-52649
2020-08-31;"Trenčiansky kraj";12;0;0;0;NA;47272;12;2020-08-31;-52650
2020-08-30;"Trenčiansky kraj";0;0;0;0;NA;47272;0;2020-08-30;-52662
2020-08-29;"Trenčiansky kraj";1;0;0;0;NA;47272;1;2020-08-29;-52662
2020-08-28;"Trenčiansky kraj";12;0;0;0;NA;47272;12;2020-08-28;-52663
2020-08-27;"Trenčiansky kraj";10;0;0;0;NA;47272;10;2020-08-27;-52675
2020-08-26;"Trenčiansky kraj";15;0;0;0;NA;47272;15;2020-08-26;-52685
2020-08-25;"Trenčiansky kraj";12;0;0;0;NA;47272;12;2020-08-25;-52700
2020-08-24;"Trenčiansky kraj";4;0;0;0;NA;47272;4;2020-08-24;-52712
2020-08-23;"Trenčiansky kraj";5;0;0;0;NA;47272;5;2020-08-23;-52716
2020-08-22;"Trenčiansky kraj";6;0;0;0;NA;47272;6;2020-08-22;-52721
2020-08-21;"Trenčiansky kraj";6;0;0;0;NA;47272;6;2020-08-21;-52727
2020-08-20;"Trenčiansky kraj";20;0;0;0;NA;47272;20;2020-08-20;-52733
2020-08-19;"Trenčiansky kraj";17;0;0;0;NA;47272;17;2020-08-19;-52753
2020-08-18;"Trenčiansky kraj";9;0;0;0;NA;47272;9;2020-08-18;-52770
2020-08-17;"Trenčiansky kraj";4;0;0;0;NA;47272;4;2020-08-17;-52779
2020-08-16;"Trenčiansky kraj";0;0;0;0;NA;47272;0;2020-08-16;-52783
2020-08-15;"Trenčiansky kraj";9;0;0;0;NA;47272;9;2020-08-15;-52783
2020-08-14;"Trenčiansky kraj";15;0;0;0;NA;47272;15;2020-08-14;-52792
2020-08-13;"Trenčiansky kraj";23;0;0;0;NA;47272;23;2020-08-13;-52807
2020-08-12;"Trenčiansky kraj";6;0;0;0;NA;47272;6;2020-08-12;-52830
2020-08-11;"Trenčiansky kraj";7;0;0;0;NA;47272;7;2020-08-11;-52836
2020-08-10;"Trenčiansky kraj";9;0;0;0;NA;47272;9;2020-08-10;-52843
2020-08-09;"Trenčiansky kraj";1;0;0;0;NA;47272;1;2020-08-09;-52852
2020-08-08;"Trenčiansky kraj";4;0;0;0;NA;47272;4;2020-08-08;-52853
2020-08-07;"Trenčiansky kraj";4;0;0;0;NA;47272;4;2020-08-07;-52857
2020-08-06;"Trenčiansky kraj";13;0;0;0;NA;47272;13;2020-08-06;-52861
2020-08-05;"Trenčiansky kraj";39;0;0;0;NA;47272;39;2020-08-05;-52874
2020-08-04;"Trenčiansky kraj";9;0;0;0;NA;47272;9;2020-08-04;-52913
2020-08-03;"Trenčiansky kraj";0;0;0;0;NA;47272;0;2020-08-03;-52922
2020-08-02;"Trenčiansky kraj";2;0;0;0;NA;47272;2;2020-08-02;-52922
2020-08-01;"Trenčiansky kraj";6;0;0;0;NA;47272;6;2020-08-01;-52924
2020-07-31;"Trenčiansky kraj";16;0;0;0;NA;47272;16;2020-07-31;-52930
2020-07-30;"Trenčiansky kraj";4;0;0;0;NA;47272;4;2020-07-30;-52946
2020-07-29;"Trenčiansky kraj";5;0;0;0;NA;47272;5;2020-07-29;-52950
2020-07-28;"Trenčiansky kraj";11;0;0;0;NA;47272;11;2020-07-28;-52955
2020-07-27;"Trenčiansky kraj";4;0;0;0;NA;47272;4;2020-07-27;-52966
2020-07-26;"Trenčiansky kraj";1;0;0;0;NA;47272;1;2020-07-26;-52970
2020-07-25;"Trenčiansky kraj";7;0;0;0;NA;47272;7;2020-07-25;-52971
2020-07-24;"Trenčiansky kraj";5;0;0;0;NA;47272;5;2020-07-24;-52978
2020-07-23;"Trenčiansky kraj";10;0;0;0;NA;47272;10;2020-07-23;-52983
2020-07-22;"Trenčiansky kraj";11;0;0;0;NA;47272;11;2020-07-22;-52993
2020-07-21;"Trenčiansky kraj";6;0;0;0;NA;47272;6;2020-07-21;-53004
2020-07-20;"Trenčiansky kraj";13;0;0;0;NA;47272;13;2020-07-20;-53010
2020-07-19;"Trenčiansky kraj";0;0;0;0;NA;47272;0;2020-07-19;-53023
2020-07-18;"Trenčiansky kraj";0;0;0;0;NA;47272;0;2020-07-18;-53023
2020-07-17;"Trenčiansky kraj";1;0;0;0;NA;47272;1;2020-07-17;-53023
2020-07-16;"Trenčiansky kraj";0;0;0;0;NA;47272;0;2020-07-16;-53024
2020-07-15;"Trenčiansky kraj";2;0;0;0;NA;47272;2;2020-07-15;-53024
2020-07-14;"Trenčiansky kraj";8;0;0;0;NA;47272;8;2020-07-14;-53026
2020-07-13;"Trenčiansky kraj";1;0;0;0;NA;47272;1;2020-07-13;-53034
2020-07-12;"Trenčiansky kraj";0;0;0;0;NA;47272;0;2020-07-12;-53035
2020-07-11;"Trenčiansky kraj";0;0;0;0;NA;47272;0;2020-07-11;-53035
2020-07-10;"Trenčiansky kraj";3;0;0;0;NA;47272;3;2020-07-10;-53035
2020-07-09;"Trenčiansky kraj";2;0;0;0;NA;47272;2;2020-07-09;-53038
2020-07-08;"Trenčiansky kraj";1;0;0;0;NA;47272;1;2020-07-08;-53040
2020-07-07;"Trenčiansky kraj";9;0;0;0;NA;47272;9;2020-07-07;-53041
2020-07-06;"Trenčiansky kraj";1;0;0;0;NA;47272;1;2020-07-06;-53050
2020-07-05;"Trenčiansky kraj";1;0;0;0;NA;47272;1;2020-07-05;-53051
2020-07-04;"Trenčiansky kraj";0;0;0;0;NA;47272;0;2020-07-04;-53052
2020-07-03;"Trenčiansky kraj";2;0;0;0;NA;47272;2;2020-07-03;-53052
2020-07-02;"Trenčiansky kraj";10;0;0;0;NA;47272;10;2020-07-02;-53054
2020-07-01;"Trenčiansky kraj";1;0;0;0;NA;47272;1;2020-07-01;-53064
2020-06-30;"Trenčiansky kraj";6;0;0;0;NA;47272;6;2020-06-30;-53065
2020-06-29;"Trenčiansky kraj";1;0;0;0;NA;47272;1;2020-06-29;-53071
2020-06-28;"Trenčiansky kraj";0;0;0;0;NA;47272;0;2020-06-28;-53072
2020-06-27;"Trenčiansky kraj";0;0;0;0;NA;47272;0;2020-06-27;-53072
2020-06-26;"Trenčiansky kraj";0;0;0;0;NA;47272;0;2020-06-26;-53072
2020-06-25;"Trenčiansky kraj";2;0;0;0;NA;47272;2;2020-06-25;-53072
2020-06-24;"Trenčiansky kraj";1;0;0;0;NA;47272;1;2020-06-24;-53074
2020-06-23;"Trenčiansky kraj";0;0;0;0;NA;47272;0;2020-06-23;-53075
2020-06-22;"Trenčiansky kraj";0;0;0;0;NA;47272;0;2020-06-22;-53075
2020-06-21;"Trenčiansky kraj";0;0;0;0;NA;47272;0;2020-06-21;-53075
2020-06-20;"Trenčiansky kraj";0;0;0;0;NA;47272;0;2020-06-20;-53075
2020-06-19;"Trenčiansky kraj";0;0;0;0;NA;47272;0;2020-06-19;-53075
2020-06-18;"Trenčiansky kraj";0;0;0;0;NA;47272;0;2020-06-18;-53075
2020-06-17;"Trenčiansky kraj";0;0;0;0;NA;47272;0;2020-06-17;-53075
2020-06-16;"Trenčiansky kraj";0;0;0;0;NA;47272;0;2020-06-16;-53075
2020-06-14;"Trenčiansky kraj";0;0;0;0;NA;47272;0;2020-06-14;-53075
2020-06-13;"Trenčiansky kraj";0;0;0;0;NA;47272;0;2020-06-13;-53075
2020-06-12;"Trenčiansky kraj";0;0;0;0;NA;47272;0;2020-06-12;-53075
2020-06-11;"Trenčiansky kraj";0;0;0;0;NA;47272;0;2020-06-11;-53075
2020-06-10;"Trenčiansky kraj";1;0;0;0;NA;47272;1;2020-06-10;-53075
2020-06-09;"Trenčiansky kraj";0;0;0;0;NA;47272;0;2020-06-09;-53076
2020-06-08;"Trenčiansky kraj";0;0;0;0;NA;47272;0;2020-06-08;-53076
2020-06-07;"Trenčiansky kraj";0;0;0;0;NA;47272;0;2020-06-07;-53076
2020-06-05;"Trenčiansky kraj";0;0;0;0;NA;47272;0;2020-06-05;-53076
2020-06-03;"Trenčiansky kraj";0;0;0;0;NA;47272;0;2020-06-03;-53076
2020-06-02;"Trenčiansky kraj";0;0;0;0;NA;47272;0;2020-06-02;-53076
2020-05-31;"Trenčiansky kraj";0;0;0;0;NA;47272;0;2020-05-31;-53076
2020-05-29;"Trenčiansky kraj";0;0;0;0;NA;47272;0;2020-05-29;-53076
2020-05-27;"Trenčiansky kraj";2;0;0;0;NA;47272;2;2020-05-27;-53076
2020-05-26;"Trenčiansky kraj";0;0;0;0;NA;47272;0;2020-05-26;-53078
2020-05-25;"Trenčiansky kraj";0;0;0;0;NA;47272;0;2020-05-25;-53078
2020-05-24;"Trenčiansky kraj";0;0;0;0;NA;47272;0;2020-05-24;-53078
2020-05-23;"Trenčiansky kraj";0;0;0;0;NA;47272;0;2020-05-23;-53078
2020-05-22;"Trenčiansky kraj";0;0;0;0;NA;47272;0;2020-05-22;-53078
2020-05-21;"Trenčiansky kraj";0;0;0;0;NA;47272;0;2020-05-21;-53078
2020-05-20;"Trenčiansky kraj";0;0;0;0;NA;47272;0;2020-05-20;-53078
2020-05-19;"Trenčiansky kraj";0;0;0;0;NA;47272;0;2020-05-19;-53078
2020-05-17;"Trenčiansky kraj";0;0;0;0;NA;47272;0;2020-05-17;-53078
2020-05-16;"Trenčiansky kraj";0;0;0;0;NA;47272;0;2020-05-16;-53078
2020-05-15;"Trenčiansky kraj";1;0;0;0;NA;47272;1;2020-05-15;-53078
2020-05-14;"Trenčiansky kraj";2;0;0;0;NA;47272;2;2020-05-14;-53079
2020-05-13;"Trenčiansky kraj";1;0;0;0;NA;47272;1;2020-05-13;-53081
2020-05-12;"Trenčiansky kraj";1;0;0;0;NA;47272;1;2020-05-12;-53082
2020-05-11;"Trenčiansky kraj";3;0;0;0;NA;47272;3;2020-05-11;-53083
2020-05-09;"Trenčiansky kraj";2;0;0;0;NA;47272;2;2020-05-09;-53086
2020-05-07;"Trenčiansky kraj";6;0;0;0;NA;47272;6;2020-05-07;-53088
2020-05-06;"Trenčiansky kraj";0;0;0;0;NA;47272;0;2020-05-06;-53094
2020-05-05;"Trenčiansky kraj";2;0;0;0;NA;47272;2;2020-05-05;-53094
2020-05-04;"Trenčiansky kraj";0;0;0;0;NA;47272;0;2020-05-04;-53096
2020-05-03;"Trenčiansky kraj";0;0;0;0;NA;47272;0;2020-05-03;-53096
2020-05-02;"Trenčiansky kraj";0;0;0;0;NA;47272;0;2020-05-02;-53096
2020-05-01;"Trenčiansky kraj";0;0;0;0;NA;47272;0;2020-05-01;-53096
2020-04-30;"Trenčiansky kraj";0;0;0;0;NA;47272;0;2020-04-30;-53096
2020-04-29;"Trenčiansky kraj";2;0;0;0;NA;47272;2;2020-04-29;-53096
2020-04-28;"Trenčiansky kraj";1;0;0;0;NA;47272;1;2020-04-28;-53098
2020-04-27;"Trenčiansky kraj";0;0;0;0;NA;47272;0;2020-04-27;-53099
2020-04-26;"Trenčiansky kraj";1;0;0;0;NA;47272;1;2020-04-26;-53099
2020-04-25;"Trenčiansky kraj";0;0;0;0;NA;47272;0;2020-04-25;-53100
2020-04-24;"Trenčiansky kraj";0;0;0;0;NA;47272;0;2020-04-24;-53100
2020-04-23;"Trenčiansky kraj";11;0;0;0;NA;47272;11;2020-04-23;-53100
2020-04-22;"Trenčiansky kraj";1;0;0;0;NA;47272;1;2020-04-22;-53111
2020-04-21;"Trenčiansky kraj";11;0;0;0;NA;47272;11;2020-04-21;-53112
2020-04-20;"Trenčiansky kraj";15;0;0;0;NA;47272;15;2020-04-20;-53123
2020-04-19;"Trenčiansky kraj";2;0;0;0;NA;47272;2;2020-04-19;-53138
2020-04-18;"Trenčiansky kraj";3;0;0;0;NA;47272;3;2020-04-18;-53140
2020-04-17;"Trenčiansky kraj";4;0;0;0;NA;47272;4;2020-04-17;-53143
2020-04-16;"Trenčiansky kraj";10;0;0;0;NA;47272;10;2020-04-16;-53147
2020-04-15;"Trenčiansky kraj";4;0;0;0;NA;47272;4;2020-04-15;-53157
2020-04-14;"Trenčiansky kraj";0;0;0;0;NA;47272;0;2020-04-14;-53161
2020-04-13;"Trenčiansky kraj";1;0;0;0;NA;47272;1;2020-04-13;-53161
2020-04-12;"Trenčiansky kraj";2;0;0;0;NA;47272;2;2020-04-12;-53162
2020-04-11;"Trenčiansky kraj";3;0;0;0;NA;47272;3;2020-04-11;-53164
2020-04-10;"Trenčiansky kraj";0;0;0;0;NA;47272;0;2020-04-10;-53167
2020-04-09;"Trenčiansky kraj";0;0;0;0;NA;47272;0;2020-04-09;-53167
2020-04-08;"Trenčiansky kraj";2;0;0;0;NA;47272;2;2020-04-08;-53167
2020-04-07;"Trenčiansky kraj";18;0;0;0;NA;47272;18;2020-04-07;-53169
2020-04-06;"Trenčiansky kraj";0;0;0;0;NA;47272;0;2020-04-06;-53187
2020-04-05;"Trenčiansky kraj";3;0;0;0;NA;47272;3;2020-04-05;-53187
2020-04-04;"Trenčiansky kraj";5;0;0;0;NA;47272;5;2020-04-04;-53190
2020-04-03;"Trenčiansky kraj";4;0;0;0;NA;47272;4;2020-04-03;-53195
2020-04-02;"Trenčiansky kraj";1;0;0;0;NA;47272;1;2020-04-02;-53199
2020-04-01;"Trenčiansky kraj";3;0;0;0;NA;47272;3;2020-04-01;-53200
2020-03-31;"Trenčiansky kraj";1;0;0;0;NA;47272;1;2020-03-31;-53203
2020-03-30;"Trenčiansky kraj";3;0;0;0;NA;47272;3;2020-03-30;-53204
2020-03-29;"Trenčiansky kraj";6;0;0;0;NA;47272;6;2020-03-29;-53207
2020-03-28;"Trenčiansky kraj";9;0;0;0;NA;47272;9;2020-03-28;-53213
2020-03-27;"Trenčiansky kraj";2;0;0;0;NA;47272;2;2020-03-27;-53222
2020-03-26;"Trenčiansky kraj";6;0;0;0;NA;47272;6;2020-03-26;-53224
2020-03-25;"Trenčiansky kraj";3;0;0;0;NA;47272;3;2020-03-25;-53230
2020-03-24;"Trenčiansky kraj";1;0;0;0;NA;47272;1;2020-03-24;-53233
2020-03-23;"Trenčiansky kraj";0;0;0;0;NA;47272;0;2020-03-23;-53234
2020-03-22;"Trenčiansky kraj";0;0;0;0;NA;47272;0;2020-03-22;-53234
2020-03-21;"Trenčiansky kraj";2;0;0;0;NA;47272;2;2020-03-21;-53234
2020-03-20;"Trenčiansky kraj";2;0;0;0;NA;47272;2;2020-03-20;-53236
2020-03-19;"Trenčiansky kraj";8;0;0;0;NA;47272;8;2020-03-19;-53238
2020-03-18;"Trenčiansky kraj";0;0;0;0;NA;47272;0;2020-03-18;-53246
2020-03-17;"Trenčiansky kraj";0;0;0;0;NA;47272;0;2020-03-17;-53246
2020-03-16;"Trenčiansky kraj";1;0;0;0;NA;47272;1;2020-03-16;-53246
2020-03-15;"Trenčiansky kraj";5;0;0;0;NA;47272;5;2020-03-15;-53247
2020-03-14;"Trenčiansky kraj";0;0;0;0;NA;47272;0;2020-03-14;-53252
2020-03-13;"Trenčiansky kraj";0;0;0;0;NA;47272;0;2020-03-13;-53252
2020-03-12;"Trenčiansky kraj";1;0;0;0;NA;47272;1;2020-03-12;-53252
2020-03-11;"Trenčiansky kraj";0;0;0;0;NA;47272;0;2020-03-11;-53253
2020-03-09;"Trenčiansky kraj";0;0;0;0;NA;47272;0;2020-03-09;-53253
2020-03-08;"Trenčiansky kraj";0;0;0;0;NA;47272;0;2020-03-08;-53253
2020-03-07;"Trenčiansky kraj";0;0;0;0;NA;47272;0;2020-03-07;-53253
2020-03-06;"Trenčiansky kraj";0;0;0;0;NA;47272;0;2020-03-06;-53253
2021-06-30;"Trnavský kraj";0;3829;0;3829;0;44282;0;2021-06-30;44282
2021-06-29;"Trnavský kraj";4;2302;1;2303;NA;44282;5;2021-06-29;44282
2021-06-28;"Trnavský kraj";2;2287;1;2288;NA;44282;3;2021-06-28;44277
2021-06-27;"Trnavský kraj";0;2924;0;2924;NA;44282;0;2021-06-27;44274
2021-06-26;"Trnavský kraj";3;3482;1;3483;NA;44282;4;2021-06-26;44274
2021-06-25;"Trnavský kraj";2;3967;3;3970;NA;44282;5;2021-06-25;44270
2021-06-24;"Trnavský kraj";4;2538;4;2542;NA;44282;8;2021-06-24;44265
2021-06-23;"Trnavský kraj";4;2632;1;2633;NA;44282;5;2021-06-23;44257
2021-06-22;"Trnavský kraj";2;2607;1;2608;NA;44282;3;2021-06-22;44252
2021-06-21;"Trnavský kraj";6;2856;5;2861;NA;44282;11;2021-06-21;44249
2021-06-20;"Trnavský kraj";0;3955;1;3956;NA;44282;1;2021-06-20;44238
2021-06-19;"Trnavský kraj";3;4126;2;4128;NA;44282;5;2021-06-19;44237
2021-06-18;"Trnavský kraj";5;5314;4;5318;NA;44282;9;2021-06-18;44232
2021-06-17;"Trnavský kraj";3;3084;0;3084;NA;44282;3;2021-06-17;44223
2021-06-16;"Trnavský kraj";6;2632;3;2635;NA;44282;9;2021-06-16;44220
2021-06-15;"Trnavský kraj";8;2974;2;2976;NA;44282;10;2021-06-15;44211
2021-06-14;"Trnavský kraj";2;3521;1;3522;NA;44282;3;2021-06-14;44201
2021-06-13;"Trnavský kraj";0;5003;6;5009;NA;44282;6;2021-06-13;44198
2021-06-12;"Trnavský kraj";11;5536;1;5537;NA;44282;12;2021-06-12;44192
2021-06-11;"Trnavský kraj";17;5557;4;5561;NA;44282;21;2021-06-11;44180
2021-06-10;"Trnavský kraj";14;3336;1;3337;NA;44282;15;2021-06-10;44159
2021-06-09;"Trnavský kraj";10;3495;1;3496;NA;44282;11;2021-06-09;44144
2021-06-08;"Trnavský kraj";8;2887;4;2891;NA;44282;12;2021-06-08;44133
2021-06-07;"Trnavský kraj";12;4163;8;4171;NA;44282;20;2021-06-07;44121
2021-06-06;"Trnavský kraj";0;5517;2;5519;NA;44282;2;2021-06-06;44101
2021-06-05;"Trnavský kraj";20;6779;6;6785;NA;44282;26;2021-06-05;44099
2021-06-04;"Trnavský kraj";9;6359;9;6368;NA;44282;18;2021-06-04;44073
2021-06-03;"Trnavský kraj";14;3963;11;3974;NA;44282;25;2021-06-03;44055
2021-06-02;"Trnavský kraj";4;4104;12;4116;NA;44282;16;2021-06-02;44030
2021-06-01;"Trnavský kraj";18;3394;4;3398;NA;44282;22;2021-06-01;44014
2021-05-31;"Trnavský kraj";14;5089;16;5105;NA;44282;30;2021-05-31;43992
2021-05-30;"Trnavský kraj";0;6283;6;6289;NA;44282;6;2021-05-30;43962
2021-05-29;"Trnavský kraj";11;8409;4;8413;NA;44282;15;2021-05-29;43956
2021-05-28;"Trnavský kraj";14;6720;11;6731;NA;44282;25;2021-05-28;43941
2021-05-27;"Trnavský kraj";22;4753;8;4761;NA;44282;30;2021-05-27;43916
2021-05-26;"Trnavský kraj";6;4503;8;4511;NA;44282;14;2021-05-26;43886
2021-05-25;"Trnavský kraj";19;4610;25;4635;NA;44282;44;2021-05-25;43872
2021-05-24;"Trnavský kraj";15;6520;22;6542;NA;44282;37;2021-05-24;43828
2021-05-23;"Trnavský kraj";0;7767;8;7775;NA;44282;8;2021-05-23;43791
2021-05-22;"Trnavský kraj";13;12767;18;12785;NA;44282;31;2021-05-22;43783
2021-05-21;"Trnavský kraj";16;8079;19;8098;NA;44282;35;2021-05-21;43752
2021-05-20;"Trnavský kraj";15;5223;9;5232;NA;44282;24;2021-05-20;43717
2021-05-19;"Trnavský kraj";18;5159;12;5171;NA;44282;30;2021-05-19;43693
2021-05-18;"Trnavský kraj";26;5686;15;5701;NA;44282;41;2021-05-18;43663
2021-05-17;"Trnavský kraj";17;5985;23;6008;NA;44282;40;2021-05-17;43622
2021-05-16;"Trnavský kraj";10;9725;8;9733;NA;44282;18;2021-05-16;43582
2021-05-15;"Trnavský kraj";11;18040;14;18054;NA;44282;25;2021-05-15;43564
2021-05-14;"Trnavský kraj";34;9846;20;9866;NA;44282;54;2021-05-14;43539
2021-05-13;"Trnavský kraj";26;6913;12;6925;NA;44282;38;2021-05-13;43485
2021-05-12;"Trnavský kraj";34;6621;26;6647;NA;44282;60;2021-05-12;43447
2021-05-11;"Trnavský kraj";32;6311;13;6324;NA;44282;45;2021-05-11;43387
2021-05-10;"Trnavský kraj";58;8458;24;8482;NA;44282;82;2021-05-10;43342
2021-05-09;"Trnavský kraj";21;12312;11;12323;NA;44282;32;2021-05-09;43260
2021-05-08;"Trnavský kraj";4;22539;21;22560;NA;44282;25;2021-05-08;43228
2021-05-07;"Trnavský kraj";26;14895;29;14924;NA;44282;55;2021-05-07;43203
2021-05-06;"Trnavský kraj";22;8397;22;8419;NA;44282;44;2021-05-06;43148
2021-05-05;"Trnavský kraj";34;6127;20;6147;NA;44282;54;2021-05-05;43104
2021-05-04;"Trnavský kraj";51;8538;17;8555;NA;44282;68;2021-05-04;43050
2021-05-03;"Trnavský kraj";20;8954;22;8976;NA;44282;42;2021-05-03;42982
2021-05-02;"Trnavský kraj";0;25657;29;25686;NA;44282;29;2021-05-02;42940
2021-05-01;"Trnavský kraj";30;81347;64;81411;NA;44282;94;2021-05-01;42911
2021-04-30;"Trnavský kraj";45;26843;35;26878;NA;44282;80;2021-04-30;42817
2021-04-29;"Trnavský kraj";25;20323;28;20351;NA;44282;53;2021-04-29;42737
2021-04-28;"Trnavský kraj";46;8867;28;8895;NA;44282;74;2021-04-28;42684
2021-04-27;"Trnavský kraj";54;8744;37;8781;NA;44282;91;2021-04-27;42610
2021-04-26;"Trnavský kraj";53;16113;42;16155;NA;44282;95;2021-04-26;42519
2021-04-25;"Trnavský kraj";0;30183;24;30207;NA;44282;24;2021-04-25;42424
2021-04-24;"Trnavský kraj";46;125410;82;125492;NA;44282;128;2021-04-24;42400
2021-04-23;"Trnavský kraj";71;25622;53;25675;NA;44282;124;2021-04-23;42272
2021-04-22;"Trnavský kraj";40;10901;25;10926;NA;44282;65;2021-04-22;42148
2021-04-21;"Trnavský kraj";60;10728;45;10773;NA;44282;105;2021-04-21;42083
2021-04-20;"Trnavský kraj";57;13499;28;13527;NA;44282;85;2021-04-20;41978
2021-04-19;"Trnavský kraj";46;14584;18;14602;NA;44282;64;2021-04-19;41893
2021-04-18;"Trnavský kraj";7;40843;43;40886;NA;44282;50;2021-04-18;41829
2021-04-17;"Trnavský kraj";58;118094;89;118183;NA;44282;147;2021-04-17;41779
2021-04-16;"Trnavský kraj";67;25962;48;26010;NA;44282;115;2021-04-16;41632
2021-04-15;"Trnavský kraj";65;11373;36;11409;NA;44282;101;2021-04-15;41517
2021-04-14;"Trnavský kraj";78;18442;53;18495;NA;44282;131;2021-04-14;41416
2021-04-13;"Trnavský kraj";126;9831;44;9875;NA;44282;170;2021-04-13;41285
2021-04-12;"Trnavský kraj";40;15575;40;15615;NA;44282;80;2021-04-12;41115
2021-04-11;"Trnavský kraj";3;44417;44;44461;NA;44282;47;2021-04-11;41035
2021-04-10;"Trnavský kraj";60;123822;107;123929;NA;44282;167;2021-04-10;40988
2021-04-09;"Trnavský kraj";95;26084;34;26118;NA;44282;129;2021-04-09;40821
2021-04-08;"Trnavský kraj";85;10893;52;10945;NA;44282;137;2021-04-08;40692
2021-04-07;"Trnavský kraj";131;15964;81;16045;NA;44282;212;2021-04-07;40555
2021-04-06;"Trnavský kraj";92;20579;90;20669;NA;44282;182;2021-04-06;40343
2021-04-05;"Trnavský kraj";91;7517;17;7534;NA;44282;108;2021-04-05;40161
2021-04-04;"Trnavský kraj";9;28831;49;28880;NA;44282;58;2021-04-04;40053
2021-04-03;"Trnavský kraj";29;144077;186;144263;NA;44282;215;2021-04-03;39995
2021-04-02;"Trnavský kraj";91;17538;33;17571;NA;44282;124;2021-04-02;39780
2021-04-01;"Trnavský kraj";118;22027;69;22096;NA;44282;187;2021-04-01;39656
2021-03-31;"Trnavský kraj";140;15819;82;15901;NA;44282;222;2021-03-31;39469
2021-03-30;"Trnavský kraj";182;10482;79;10561;NA;44282;261;2021-03-30;39247
2021-03-29;"Trnavský kraj";126;19249;122;19371;NA;44282;248;2021-03-29;38986
2021-03-28;"Trnavský kraj";26;50792;134;50926;NA;44282;160;2021-03-28;38738
2021-03-27;"Trnavský kraj";64;129602;245;129847;NA;44282;309;2021-03-27;38578
2021-03-26;"Trnavský kraj";139;30217;130;30347;NA;44282;269;2021-03-26;38269
2021-03-25;"Trnavský kraj";135;14212;80;14292;NA;44282;215;2021-03-25;38000
2021-03-24;"Trnavský kraj";159;10521;89;10610;NA;44282;248;2021-03-24;37785
2021-03-23;"Trnavský kraj";221;12735;104;12839;NA;44282;325;2021-03-23;37537
2021-03-22;"Trnavský kraj";103;17068;110;17178;NA;44282;213;2021-03-22;37212
2021-03-21;"Trnavský kraj";31;49119;150;49269;NA;44282;181;2021-03-21;36999
2021-03-20;"Trnavský kraj";112;136963;317;137280;NA;44282;429;2021-03-20;36818
2021-03-19;"Trnavský kraj";174;29071;137;29208;NA;44282;311;2021-03-19;36389
2021-03-18;"Trnavský kraj";158;12217;136;12353;NA;44282;294;2021-03-18;36078
2021-03-17;"Trnavský kraj";245;10434;103;10537;NA;44282;348;2021-03-17;35784
2021-03-16;"Trnavský kraj";311;12811;135;12946;NA;44282;446;2021-03-16;35436
2021-03-15;"Trnavský kraj";127;18400;146;18546;NA;44282;273;2021-03-15;34990
2021-03-14;"Trnavský kraj";14;47608;164;47772;NA;44282;178;2021-03-14;34717
2021-03-13;"Trnavský kraj";155;139224;409;139633;NA;44282;564;2021-03-13;34539
2021-03-12;"Trnavský kraj";201;28559;181;28740;NA;44282;382;2021-03-12;33975
2021-03-11;"Trnavský kraj";204;13285;140;13425;NA;44282;344;2021-03-11;33593
2021-03-10;"Trnavský kraj";242;10583;135;10718;NA;44282;377;2021-03-10;33249
2021-03-09;"Trnavský kraj";442;12820;155;12975;NA;44282;597;2021-03-09;32872
2021-03-08;"Trnavský kraj";182;21825;166;21991;NA;44282;348;2021-03-08;32275
2021-03-07;"Trnavský kraj";30;45463;227;45690;NA;44282;257;2021-03-07;31927
2021-03-06;"Trnavský kraj";154;135635;531;136166;NA;44282;685;2021-03-06;31670
2021-03-05;"Trnavský kraj";299;27951;239;28190;NA;44282;538;2021-03-05;30985
2021-03-04;"Trnavský kraj";238;14489;175;14664;NA;44282;413;2021-03-04;30447
2021-03-03;"Trnavský kraj";413;11566;246;11812;NA;44282;659;2021-03-03;30034
2021-03-02;"Trnavský kraj";477;12347;191;12538;NA;44282;668;2021-03-02;29375
2021-03-01;"Trnavský kraj";189;18581;234;18815;NA;44282;423;2021-03-01;28707
2021-02-28;"Trnavský kraj";87;47709;321;48030;NA;44282;408;2021-02-28;28284
2021-02-27;"Trnavský kraj";264;140224;800;141024;NA;44282;1064;2021-02-27;27876
2021-02-26;"Trnavský kraj";362;26815;286;27101;NA;44282;648;2021-02-26;26812
2021-02-25;"Trnavský kraj";433;10490;227;10717;NA;44282;660;2021-02-25;26164
2021-02-24;"Trnavský kraj";407;9110;290;9400;NA;44282;697;2021-02-24;25504
2021-02-23;"Trnavský kraj";469;11322;284;11606;NA;44282;753;2021-02-23;24807
2021-02-22;"Trnavský kraj";206;19896;330;20226;NA;44282;536;2021-02-22;24054
2021-02-21;"Trnavský kraj";38;48221;329;48550;NA;44282;367;2021-02-21;23518
2021-02-20;"Trnavský kraj";273;135835;859;136694;NA;44282;1132;2021-02-20;23151
2021-02-19;"Trnavský kraj";335;26339;347;26686;NA;44282;682;2021-02-19;22019
2021-02-18;"Trnavský kraj";344;11263;348;11611;NA;44282;692;2021-02-18;21337
2021-02-17;"Trnavský kraj";431;8781;416;9197;NA;44282;847;2021-02-17;20645
2021-02-16;"Trnavský kraj";426;11411;295;11706;NA;44282;721;2021-02-16;19798
2021-02-15;"Trnavský kraj";146;18075;291;18366;NA;44282;437;2021-02-15;19077
2021-02-14;"Trnavský kraj";51;57642;495;58137;NA;44282;546;2021-02-14;18640
2021-02-13;"Trnavský kraj";218;137051;994;138045;NA;44282;1212;2021-02-13;18094
2021-02-12;"Trnavský kraj";300;23682;336;24018;NA;44282;636;2021-02-12;16882
2021-02-11;"Trnavský kraj";422;9816;349;10165;NA;44282;771;2021-02-11;16246
2021-02-10;"Trnavský kraj";511;9334;344;9678;NA;44282;855;2021-02-10;15475
2021-02-09;"Trnavský kraj";544;12752;369;13121;NA;44282;913;2021-02-09;14620
2021-02-08;"Trnavský kraj";220;33539;498;34037;NA;44282;718;2021-02-08;13707
2021-02-07;"Trnavský kraj";140;68646;623;69269;NA;44282;763;2021-02-07;12989
2021-02-06;"Trnavský kraj";348;112687;1482;114169;NA;44282;1830;2021-02-06;12226
2021-02-05;"Trnavský kraj";377;16063;373;16436;NA;44282;750;2021-02-05;10396
2021-02-04;"Trnavský kraj";456;7317;456;7773;NA;44282;912;2021-02-04;9646
2021-02-03;"Trnavský kraj";472;6584;434;7018;NA;44282;906;2021-02-03;8734
2021-02-02;"Trnavský kraj";446;14240;424;14664;NA;44282;870;2021-02-02;7828
2021-02-01;"Trnavský kraj";198;38882;679;39561;NA;44282;877;2021-02-01;6958
2021-01-31;"Trnavský kraj";19;64673;817;65490;NA;44282;836;2021-01-31;6081
2021-01-30;"Trnavský kraj";323;111483;1288;112771;NA;44282;1611;2021-01-30;5245
2021-01-29;"Trnavský kraj";421;9690;290;9980;NA;44282;711;2021-01-29;3634
2021-01-28;"Trnavský kraj";389;5815;286;6101;NA;44282;675;2021-01-28;2923
2021-01-27;"Trnavský kraj";433;5300;219;5519;NA;44282;652;2021-01-27;2248
2021-01-26;"Trnavský kraj";565;25392;636;26028;NA;44282;1201;2021-01-26;1596
2021-01-25;"Trnavský kraj";210;41420;607;42027;NA;44282;817;2021-01-25;395
2021-01-24;"Trnavský kraj";91;66399;779;67178;NA;44282;870;2021-01-24;-422
2021-01-23;"Trnavský kraj";372;113006;1317;114323;NA;44282;1689;2021-01-23;-1292
2021-01-22;"Trnavský kraj";217;33122;507;33629;NA;44282;724;2021-01-22;-2981
2021-01-21;"Trnavský kraj";311;13922;378;14300;NA;44282;689;2021-01-21;-3705
2021-01-20;"Trnavský kraj";503;8118;274;8392;NA;44282;777;2021-01-20;-4394
2021-01-19;"Trnavský kraj";415;7013;347;7360;NA;44282;762;2021-01-19;-5171
2021-01-18;"Trnavský kraj";247;6234;484;6718;NA;44282;731;2021-01-18;-5933
2021-01-17;"Trnavský kraj";128;854;215;1069;NA;44282;343;2021-01-17;-6664
2021-01-16;"Trnavský kraj";103;898;24;922;NA;44282;127;2021-01-16;-7007
2021-01-15;"Trnavský kraj";278;5457;335;5792;NA;44282;613;2021-01-15;-7134
2021-01-14;"Trnavský kraj";452;4001;338;4339;NA;44282;790;2021-01-14;-7747
2021-01-13;"Trnavský kraj";457;4751;378;5129;NA;44282;835;2021-01-13;-8537
2021-01-12;"Trnavský kraj";469;7175;483;7658;NA;44282;952;2021-01-12;-9372
2021-01-11;"Trnavský kraj";370;5012;392;5404;NA;44282;762;2021-01-11;-10324
2021-01-10;"Trnavský kraj";71;13;0;13;NA;44282;71;2021-01-10;-11086
2021-01-09;"Trnavský kraj";417;1775;100;1875;NA;44282;517;2021-01-09;-11157
2021-01-08;"Trnavský kraj";381;6554;532;7086;NA;44282;913;2021-01-08;-11674
2021-01-07;"Trnavský kraj";501;4080;390;4470;NA;44282;891;2021-01-07;-12587
2021-01-06;"Trnavský kraj";179;758;132;890;NA;44282;311;2021-01-06;-13478
2021-01-05;"Trnavský kraj";611;5925;636;6561;NA;44282;1247;2021-01-05;-13789
2021-01-04;"Trnavský kraj";302;5239;689;5928;NA;44282;991;2021-01-04;-15036
2021-01-03;"Trnavský kraj";60;53;7;60;NA;44282;67;2021-01-03;-16027
2021-01-02;"Trnavský kraj";282;417;32;449;NA;44282;314;2021-01-02;-16094
2021-01-01;"Trnavský kraj";143;455;76;531;NA;44282;219;2021-01-01;-16408
2020-12-31;"Trnavský kraj";498;8488;858;9346;NA;44282;1356;2020-12-31;-16627
2020-12-30;"Trnavský kraj";785;5318;612;5930;NA;44282;1397;2020-12-30;-17983
2020-12-29;"Trnavský kraj";322;5364;639;6003;NA;44282;961;2020-12-29;-19380
2020-12-28;"Trnavský kraj";213;5334;615;5949;NA;44282;828;2020-12-28;-20341
2020-12-27;"Trnavský kraj";27;20;4;24;NA;44282;31;2020-12-27;-21169
2020-12-26;"Trnavský kraj";148;44;1;45;NA;44282;149;2020-12-26;-21200
2020-12-25;"Trnavský kraj";65;49;5;54;NA;44282;70;2020-12-25;-21349
2020-12-24;"Trnavský kraj";333;1359;117;1476;NA;44282;450;2020-12-24;-21419
2020-12-23;"Trnavský kraj";210;7259;414;7673;NA;44282;624;2020-12-23;-21869
2020-12-22;"Trnavský kraj";311;5590;491;6081;NA;44282;802;2020-12-22;-22493
2020-12-21;"Trnavský kraj";328;4527;399;4926;NA;44282;727;2020-12-21;-23295
2020-12-20;"Trnavský kraj";134;133;12;145;NA;44282;146;2020-12-20;-24022
2020-12-19;"Trnavský kraj";201;1407;103;1510;NA;44282;304;2020-12-19;-24168
2020-12-18;"Trnavský kraj";341;4898;378;5276;NA;44282;719;2020-12-18;-24472
2020-12-17;"Trnavský kraj";375;5271;443;5714;NA;44282;818;2020-12-17;-25191
2020-12-16;"Trnavský kraj";312;5249;405;5654;NA;44282;717;2020-12-16;-26009
2020-12-15;"Trnavský kraj";492;6623;632;7255;NA;44282;1124;2020-12-15;-26726
2020-12-14;"Trnavský kraj";161;3505;292;3797;NA;44282;453;2020-12-14;-27850
2020-12-13;"Trnavský kraj";7;7;0;7;NA;44282;7;2020-12-13;-28303
2020-12-12;"Trnavský kraj";254;1456;114;1570;NA;44282;368;2020-12-12;-28310
2020-12-11;"Trnavský kraj";384;4683;262;4945;NA;44282;646;2020-12-11;-28678
2020-12-10;"Trnavský kraj";183;5194;320;5514;NA;44282;503;2020-12-10;-29324
2020-12-09;"Trnavský kraj";521;4283;321;4604;NA;44282;842;2020-12-09;-29827
2020-12-08;"Trnavský kraj";281;4090;304;4394;NA;44282;585;2020-12-08;-30669
2020-12-07;"Trnavský kraj";178;2895;199;3094;NA;44282;377;2020-12-07;-31254
2020-12-06;"Trnavský kraj";46;0;0;0;NA;44282;46;2020-12-06;-31631
2020-12-05;"Trnavský kraj";129;2218;41;2259;NA;44282;170;2020-12-05;-31677
2020-12-04;"Trnavský kraj";242;3948;158;4106;NA;44282;400;2020-12-04;-31847
2020-12-03;"Trnavský kraj";248;2770;190;2960;NA;44282;438;2020-12-03;-32247
2020-12-02;"Trnavský kraj";284;4516;176;4692;NA;44282;460;2020-12-02;-32685
2020-12-01;"Trnavský kraj";253;3190;205;3395;NA;44282;458;2020-12-01;-33145
2020-11-30;"Trnavský kraj";200;7360;186;7546;NA;44282;386;2020-11-30;-33603
2020-11-29;"Trnavský kraj";17;738;36;774;NA;44282;53;2020-11-29;-33989
2020-11-28;"Trnavský kraj";83;1453;77;1530;NA;44282;160;2020-11-28;-34042
2020-11-27;"Trnavský kraj";148;1779;85;1864;NA;44282;233;2020-11-27;-34202
2020-11-26;"Trnavský kraj";234;1123;68;1191;NA;44282;302;2020-11-26;-34435
2020-11-25;"Trnavský kraj";232;1168;74;1242;NA;44282;306;2020-11-25;-34737
2020-11-24;"Trnavský kraj";295;1909;96;2005;NA;44282;391;2020-11-24;-35043
2020-11-23;"Trnavský kraj";242;7393;129;7522;NA;44282;371;2020-11-23;-35434
2020-11-22;"Trnavský kraj";10;82;9;91;NA;44282;19;2020-11-22;-35805
2020-11-21;"Trnavský kraj";129;1354;36;1390;NA;44282;165;2020-11-21;-35824
2020-11-20;"Trnavský kraj";246;1154;64;1218;NA;44282;310;2020-11-20;-35989
2020-11-19;"Trnavský kraj";157;823;64;887;NA;44282;221;2020-11-19;-36299
2020-11-18;"Trnavský kraj";235;822;82;904;NA;44282;317;2020-11-18;-36520
2020-11-17;"Trnavský kraj";129;705;74;779;NA;44282;203;2020-11-17;-36837
2020-11-16;"Trnavský kraj";187;732;32;764;NA;44282;219;2020-11-16;-37040
2020-11-15;"Trnavský kraj";23;73;4;77;NA;44282;27;2020-11-15;-37259
2020-11-14;"Trnavský kraj";86;397;12;409;NA;44282;98;2020-11-14;-37286
2020-11-13;"Trnavský kraj";219;1312;21;1333;NA;44282;240;2020-11-13;-37384
2020-11-12;"Trnavský kraj";162;420;18;438;NA;44282;180;2020-11-12;-37624
2020-11-11;"Trnavský kraj";257;392;15;407;NA;44282;272;2020-11-11;-37804
2020-11-10;"Trnavský kraj";189;889;30;919;NA;44282;219;2020-11-10;-38076
2020-11-09;"Trnavský kraj";196;369;23;392;NA;44282;219;2020-11-09;-38295
2020-11-08;"Trnavský kraj";55;400;4;404;NA;44282;59;2020-11-08;-38514
2020-11-07;"Trnavský kraj";207;6070;74;6144;NA;44282;281;2020-11-07;-38573
2020-11-06;"Trnavský kraj";260;1531;19;1550;NA;44282;279;2020-11-06;-38854
2020-11-05;"Trnavský kraj";150;220;27;247;NA;44282;177;2020-11-05;-39133
2020-11-04;"Trnavský kraj";188;212;10;222;NA;44282;198;2020-11-04;-39310
2020-11-03;"Trnavský kraj";317;127;8;135;NA;44282;325;2020-11-03;-39508
2020-11-02;"Trnavský kraj";281;1728;31;1759;NA;44282;312;2020-11-02;-39833
2020-11-01;"Trnavský kraj";87;494;27;521;NA;44282;114;2020-11-01;-40145
2020-10-31;"Trnavský kraj";259;5024;41;5065;NA;44282;300;2020-10-31;-40259
2020-10-30;"Trnavský kraj";198;3784;27;3811;NA;44282;225;2020-10-30;-40559
2020-10-29;"Trnavský kraj";273;1461;16;1477;NA;44282;289;2020-10-29;-40784
2020-10-28;"Trnavský kraj";319;117;16;133;NA;44282;335;2020-10-28;-41073
2020-10-27;"Trnavský kraj";199;461;36;497;NA;44282;235;2020-10-27;-41408
2020-10-26;"Trnavský kraj";153;29;2;31;NA;44282;155;2020-10-26;-41643
2020-10-25;"Trnavský kraj";95;19;1;20;NA;44282;96;2020-10-25;-41798
2020-10-24;"Trnavský kraj";158;109;2;111;NA;44282;160;2020-10-24;-41894
2020-10-23;"Trnavský kraj";201;89;4;93;NA;44282;205;2020-10-23;-42054
2020-10-22;"Trnavský kraj";195;55;2;57;NA;44282;197;2020-10-22;-42259
2020-10-21;"Trnavský kraj";134;73;3;76;NA;44282;137;2020-10-21;-42456
2020-10-20;"Trnavský kraj";202;82;3;85;NA;44282;205;2020-10-20;-42593
2020-10-19;"Trnavský kraj";67;55;0;55;NA;44282;67;2020-10-19;-42798
2020-10-18;"Trnavský kraj";84;0;0;0;NA;44282;84;2020-10-18;-42865
2020-10-17;"Trnavský kraj";123;0;0;0;NA;44282;123;2020-10-17;-42949
2020-10-16;"Trnavský kraj";86;45;2;47;NA;44282;88;2020-10-16;-43072
2020-10-15;"Trnavský kraj";155;66;2;68;NA;44282;157;2020-10-15;-43160
2020-10-14;"Trnavský kraj";236;468;3;471;NA;44282;239;2020-10-14;-43317
2020-10-13;"Trnavský kraj";138;16;2;18;NA;44282;140;2020-10-13;-43556
2020-10-12;"Trnavský kraj";33;41;1;42;NA;44282;34;2020-10-12;-43696
2020-10-11;"Trnavský kraj";31;0;0;0;NA;44282;31;2020-10-11;-43730
2020-10-10;"Trnavský kraj";128;0;0;0;NA;44282;128;2020-10-10;-43761
2020-10-09;"Trnavský kraj";156;0;0;0;NA;44282;156;2020-10-09;-43889
2020-10-08;"Trnavský kraj";153;0;0;0;NA;44282;153;2020-10-08;-44045
2020-10-07;"Trnavský kraj";80;0;0;0;NA;44282;80;2020-10-07;-44198
2020-10-06;"Trnavský kraj";112;0;0;0;NA;44282;112;2020-10-06;-44278
2020-10-05;"Trnavský kraj";33;0;0;0;NA;44282;33;2020-10-05;-44390
2020-10-04;"Trnavský kraj";44;0;0;0;NA;44282;44;2020-10-04;-44423
2020-10-03;"Trnavský kraj";60;0;0;0;NA;44282;60;2020-10-03;-44467
2020-10-02;"Trnavský kraj";41;0;0;0;NA;44282;41;2020-10-02;-44527
2020-10-01;"Trnavský kraj";53;0;0;0;NA;44282;53;2020-10-01;-44568
2020-09-30;"Trnavský kraj";91;0;0;0;NA;44282;91;2020-09-30;-44621
2020-09-29;"Trnavský kraj";40;0;0;0;NA;44282;40;2020-09-29;-44712
2020-09-28;"Trnavský kraj";69;0;0;0;NA;44282;69;2020-09-28;-44752
2020-09-27;"Trnavský kraj";30;0;0;0;NA;44282;30;2020-09-27;-44821
2020-09-26;"Trnavský kraj";46;0;0;0;NA;44282;46;2020-09-26;-44851
2020-09-25;"Trnavský kraj";32;0;0;0;NA;44282;32;2020-09-25;-44897
2020-09-24;"Trnavský kraj";42;0;0;0;NA;44282;42;2020-09-24;-44929
2020-09-23;"Trnavský kraj";43;0;0;0;NA;44282;43;2020-09-23;-44971
2020-09-22;"Trnavský kraj";55;0;0;0;NA;44282;55;2020-09-22;-45014
2020-09-21;"Trnavský kraj";41;0;0;0;NA;44282;41;2020-09-21;-45069
2020-09-20;"Trnavský kraj";17;0;0;0;NA;44282;17;2020-09-20;-45110
2020-09-19;"Trnavský kraj";4;0;0;0;NA;44282;4;2020-09-19;-45127
2020-09-18;"Trnavský kraj";33;0;0;0;NA;44282;33;2020-09-18;-45131
2020-09-17;"Trnavský kraj";42;0;0;0;NA;44282;42;2020-09-17;-45164
2020-09-16;"Trnavský kraj";49;0;0;0;NA;44282;49;2020-09-16;-45206
2020-09-15;"Trnavský kraj";5;0;0;0;NA;44282;5;2020-09-15;-45255
2020-09-14;"Trnavský kraj";26;0;0;0;NA;44282;26;2020-09-14;-45260
2020-09-13;"Trnavský kraj";9;0;0;0;NA;44282;9;2020-09-13;-45286
2020-09-12;"Trnavský kraj";12;0;0;0;NA;44282;12;2020-09-12;-45295
2020-09-11;"Trnavský kraj";16;0;0;0;NA;44282;16;2020-09-11;-45307
2020-09-10;"Trnavský kraj";32;0;0;0;NA;44282;32;2020-09-10;-45323
2020-09-09;"Trnavský kraj";14;0;0;0;NA;44282;14;2020-09-09;-45355
2020-09-08;"Trnavský kraj";11;0;0;0;NA;44282;11;2020-09-08;-45369
2020-09-07;"Trnavský kraj";7;0;0;0;NA;44282;7;2020-09-07;-45380
2020-09-06;"Trnavský kraj";5;0;0;0;NA;44282;5;2020-09-06;-45387
2020-09-05;"Trnavský kraj";7;0;0;0;NA;44282;7;2020-09-05;-45392
2020-09-04;"Trnavský kraj";16;0;0;0;NA;44282;16;2020-09-04;-45399
2020-09-03;"Trnavský kraj";8;0;0;0;NA;44282;8;2020-09-03;-45415
2020-09-02;"Trnavský kraj";7;0;0;0;NA;44282;7;2020-09-02;-45423
2020-09-01;"Trnavský kraj";1;0;0;0;NA;44282;1;2020-09-01;-45430
2020-08-31;"Trnavský kraj";6;0;0;0;NA;44282;6;2020-08-31;-45431
2020-08-30;"Trnavský kraj";1;0;0;0;NA;44282;1;2020-08-30;-45437
2020-08-29;"Trnavský kraj";3;0;0;0;NA;44282;3;2020-08-29;-45438
2020-08-28;"Trnavský kraj";14;0;0;0;NA;44282;14;2020-08-28;-45441
2020-08-27;"Trnavský kraj";6;0;0;0;NA;44282;6;2020-08-27;-45455
2020-08-26;"Trnavský kraj";4;0;0;0;NA;44282;4;2020-08-26;-45461
2020-08-25;"Trnavský kraj";7;0;0;0;NA;44282;7;2020-08-25;-45465
2020-08-24;"Trnavský kraj";1;0;0;0;NA;44282;1;2020-08-24;-45472
2020-08-23;"Trnavský kraj";6;0;0;0;NA;44282;6;2020-08-23;-45473
2020-08-22;"Trnavský kraj";3;0;0;0;NA;44282;3;2020-08-22;-45479
2020-08-21;"Trnavský kraj";4;0;0;0;NA;44282;4;2020-08-21;-45482
2020-08-20;"Trnavský kraj";23;0;0;0;NA;44282;23;2020-08-20;-45486
2020-08-19;"Trnavský kraj";13;0;0;0;NA;44282;13;2020-08-19;-45509
2020-08-18;"Trnavský kraj";20;0;0;0;NA;44282;20;2020-08-18;-45522
2020-08-17;"Trnavský kraj";3;0;0;0;NA;44282;3;2020-08-17;-45542
2020-08-16;"Trnavský kraj";0;0;0;0;NA;44282;0;2020-08-16;-45545
2020-08-15;"Trnavský kraj";7;0;0;0;NA;44282;7;2020-08-15;-45545
2020-08-14;"Trnavský kraj";6;0;0;0;NA;44282;6;2020-08-14;-45552
2020-08-13;"Trnavský kraj";10;0;0;0;NA;44282;10;2020-08-13;-45558
2020-08-12;"Trnavský kraj";2;0;0;0;NA;44282;2;2020-08-12;-45568
2020-08-11;"Trnavský kraj";30;0;0;0;NA;44282;30;2020-08-11;-45570
2020-08-10;"Trnavský kraj";0;0;0;0;NA;44282;0;2020-08-10;-45600
2020-08-09;"Trnavský kraj";0;0;0;0;NA;44282;0;2020-08-09;-45600
2020-08-08;"Trnavský kraj";13;0;0;0;NA;44282;13;2020-08-08;-45600
2020-08-07;"Trnavský kraj";4;0;0;0;NA;44282;4;2020-08-07;-45613
2020-08-06;"Trnavský kraj";4;0;0;0;NA;44282;4;2020-08-06;-45617
2020-08-05;"Trnavský kraj";0;0;0;0;NA;44282;0;2020-08-05;-45621
2020-08-04;"Trnavský kraj";1;0;0;0;NA;44282;1;2020-08-04;-45621
2020-08-03;"Trnavský kraj";2;0;0;0;NA;44282;2;2020-08-03;-45622
2020-08-02;"Trnavský kraj";1;0;0;0;NA;44282;1;2020-08-02;-45624
2020-08-01;"Trnavský kraj";0;0;0;0;NA;44282;0;2020-08-01;-45625
2020-07-31;"Trnavský kraj";7;0;0;0;NA;44282;7;2020-07-31;-45625
2020-07-30;"Trnavský kraj";6;0;0;0;NA;44282;6;2020-07-30;-45632
2020-07-29;"Trnavský kraj";0;0;0;0;NA;44282;0;2020-07-29;-45638
2020-07-28;"Trnavský kraj";1;0;0;0;NA;44282;1;2020-07-28;-45638
2020-07-27;"Trnavský kraj";2;0;0;0;NA;44282;2;2020-07-27;-45639
2020-07-26;"Trnavský kraj";0;0;0;0;NA;44282;0;2020-07-26;-45641
2020-07-25;"Trnavský kraj";0;0;0;0;NA;44282;0;2020-07-25;-45641
2020-07-24;"Trnavský kraj";1;0;0;0;NA;44282;1;2020-07-24;-45641
2020-07-23;"Trnavský kraj";2;0;0;0;NA;44282;2;2020-07-23;-45642
2020-07-22;"Trnavský kraj";1;0;0;0;NA;44282;1;2020-07-22;-45644
2020-07-21;"Trnavský kraj";2;0;0;0;NA;44282;2;2020-07-21;-45645
2020-07-20;"Trnavský kraj";0;0;0;0;NA;44282;0;2020-07-20;-45647
2020-07-19;"Trnavský kraj";0;0;0;0;NA;44282;0;2020-07-19;-45647
2020-07-18;"Trnavský kraj";0;0;0;0;NA;44282;0;2020-07-18;-45647
2020-07-17;"Trnavský kraj";0;0;0;0;NA;44282;0;2020-07-17;-45647
2020-07-16;"Trnavský kraj";0;0;0;0;NA;44282;0;2020-07-16;-45647
2020-07-15;"Trnavský kraj";1;0;0;0;NA;44282;1;2020-07-15;-45647
2020-07-14;"Trnavský kraj";0;0;0;0;NA;44282;0;2020-07-14;-45648
2020-07-13;"Trnavský kraj";0;0;0;0;NA;44282;0;2020-07-13;-45648
2020-07-12;"Trnavský kraj";0;0;0;0;NA;44282;0;2020-07-12;-45648
2020-07-11;"Trnavský kraj";0;0;0;0;NA;44282;0;2020-07-11;-45648
2020-07-10;"Trnavský kraj";0;0;0;0;NA;44282;0;2020-07-10;-45648
2020-07-09;"Trnavský kraj";0;0;0;0;NA;44282;0;2020-07-09;-45648
2020-07-08;"Trnavský kraj";3;0;0;0;NA;44282;3;2020-07-08;-45648
2020-07-07;"Trnavský kraj";4;0;0;0;NA;44282;4;2020-07-07;-45651
2020-07-06;"Trnavský kraj";0;0;0;0;NA;44282;0;2020-07-06;-45655
2020-07-05;"Trnavský kraj";0;0;0;0;NA;44282;0;2020-07-05;-45655
2020-07-04;"Trnavský kraj";0;0;0;0;NA;44282;0;2020-07-04;-45655
2020-07-03;"Trnavský kraj";0;0;0;0;NA;44282;0;2020-07-03;-45655
2020-07-02;"Trnavský kraj";3;0;0;0;NA;44282;3;2020-07-02;-45655
2020-07-01;"Trnavský kraj";0;0;0;0;NA;44282;0;2020-07-01;-45658
2020-06-30;"Trnavský kraj";0;0;0;0;NA;44282;0;2020-06-30;-45658
2020-06-29;"Trnavský kraj";0;0;0;0;NA;44282;0;2020-06-29;-45658
2020-06-28;"Trnavský kraj";0;0;0;0;NA;44282;0;2020-06-28;-45658
2020-06-27;"Trnavský kraj";0;0;0;0;NA;44282;0;2020-06-27;-45658
2020-06-26;"Trnavský kraj";0;0;0;0;NA;44282;0;2020-06-26;-45658
2020-06-25;"Trnavský kraj";0;0;0;0;NA;44282;0;2020-06-25;-45658
2020-06-24;"Trnavský kraj";0;0;0;0;NA;44282;0;2020-06-24;-45658
2020-06-23;"Trnavský kraj";0;0;0;0;NA;44282;0;2020-06-23;-45658
2020-06-22;"Trnavský kraj";0;0;0;0;NA;44282;0;2020-06-22;-45658
2020-06-21;"Trnavský kraj";0;0;0;0;NA;44282;0;2020-06-21;-45658
2020-06-20;"Trnavský kraj";0;0;0;0;NA;44282;0;2020-06-20;-45658
2020-06-19;"Trnavský kraj";0;0;0;0;NA;44282;0;2020-06-19;-45658
2020-06-18;"Trnavský kraj";2;0;0;0;NA;44282;2;2020-06-18;-45658
2020-06-17;"Trnavský kraj";0;0;0;0;NA;44282;0;2020-06-17;-45660
2020-06-16;"Trnavský kraj";0;0;0;0;NA;44282;0;2020-06-16;-45660
2020-06-14;"Trnavský kraj";0;0;0;0;NA;44282;0;2020-06-14;-45660
2020-06-13;"Trnavský kraj";0;0;0;0;NA;44282;0;2020-06-13;-45660
2020-06-12;"Trnavský kraj";0;0;0;0;NA;44282;0;2020-06-12;-45660
2020-06-11;"Trnavský kraj";0;0;0;0;NA;44282;0;2020-06-11;-45660
2020-06-10;"Trnavský kraj";0;0;0;0;NA;44282;0;2020-06-10;-45660
2020-06-09;"Trnavský kraj";0;0;0;0;NA;44282;0;2020-06-09;-45660
2020-06-08;"Trnavský kraj";0;0;0;0;NA;44282;0;2020-06-08;-45660
2020-06-07;"Trnavský kraj";0;0;0;0;NA;44282;0;2020-06-07;-45660
2020-06-05;"Trnavský kraj";0;0;0;0;NA;44282;0;2020-06-05;-45660
2020-06-03;"Trnavský kraj";0;0;0;0;NA;44282;0;2020-06-03;-45660
2020-06-02;"Trnavský kraj";0;0;0;0;NA;44282;0;2020-06-02;-45660
2020-05-31;"Trnavský kraj";0;0;0;0;NA;44282;0;2020-05-31;-45660
2020-05-29;"Trnavský kraj";0;0;0;0;NA;44282;0;2020-05-29;-45660
2020-05-27;"Trnavský kraj";0;0;0;0;NA;44282;0;2020-05-27;-45660
2020-05-26;"Trnavský kraj";0;0;0;0;NA;44282;0;2020-05-26;-45660
2020-05-25;"Trnavský kraj";1;0;0;0;NA;44282;1;2020-05-25;-45660
2020-05-24;"Trnavský kraj";0;0;0;0;NA;44282;0;2020-05-24;-45661
2020-05-23;"Trnavský kraj";2;0;0;0;NA;44282;2;2020-05-23;-45661
2020-05-22;"Trnavský kraj";0;0;0;0;NA;44282;0;2020-05-22;-45663
2020-05-21;"Trnavský kraj";0;0;0;0;NA;44282;0;2020-05-21;-45663
2020-05-20;"Trnavský kraj";2;0;0;0;NA;44282;2;2020-05-20;-45663
2020-05-19;"Trnavský kraj";0;0;0;0;NA;44282;0;2020-05-19;-45665
2020-05-17;"Trnavský kraj";0;0;0;0;NA;44282;0;2020-05-17;-45665
2020-05-16;"Trnavský kraj";0;0;0;0;NA;44282;0;2020-05-16;-45665
2020-05-15;"Trnavský kraj";1;0;0;0;NA;44282;1;2020-05-15;-45665
2020-05-14;"Trnavský kraj";0;0;0;0;NA;44282;0;2020-05-14;-45666
2020-05-13;"Trnavský kraj";0;0;0;0;NA;44282;0;2020-05-13;-45666
2020-05-12;"Trnavský kraj";0;0;0;0;NA;44282;0;2020-05-12;-45666
2020-05-11;"Trnavský kraj";2;0;0;0;NA;44282;2;2020-05-11;-45666
2020-05-09;"Trnavský kraj";0;0;0;0;NA;44282;0;2020-05-09;-45668
2020-05-07;"Trnavský kraj";0;0;0;0;NA;44282;0;2020-05-07;-45668
2020-05-06;"Trnavský kraj";0;0;0;0;NA;44282;0;2020-05-06;-45668
2020-05-05;"Trnavský kraj";0;0;0;0;NA;44282;0;2020-05-05;-45668
2020-05-04;"Trnavský kraj";0;0;0;0;NA;44282;0;2020-05-04;-45668
2020-05-03;"Trnavský kraj";0;0;0;0;NA;44282;0;2020-05-03;-45668
2020-05-02;"Trnavský kraj";0;0;0;0;NA;44282;0;2020-05-02;-45668
2020-05-01;"Trnavský kraj";0;0;0;0;NA;44282;0;2020-05-01;-45668
2020-04-30;"Trnavský kraj";0;0;0;0;NA;44282;0;2020-04-30;-45668
2020-04-29;"Trnavský kraj";0;0;0;0;NA;44282;0;2020-04-29;-45668
2020-04-28;"Trnavský kraj";1;0;0;0;NA;44282;1;2020-04-28;-45668
2020-04-27;"Trnavský kraj";0;0;0;0;NA;44282;0;2020-04-27;-45669
2020-04-26;"Trnavský kraj";0;0;0;0;NA;44282;0;2020-04-26;-45669
2020-04-25;"Trnavský kraj";2;0;0;0;NA;44282;2;2020-04-25;-45669
2020-04-24;"Trnavský kraj";4;0;0;0;NA;44282;4;2020-04-24;-45671
2020-04-23;"Trnavský kraj";5;0;0;0;NA;44282;5;2020-04-23;-45675
2020-04-22;"Trnavský kraj";10;0;0;0;NA;44282;10;2020-04-22;-45680
2020-04-21;"Trnavský kraj";5;0;0;0;NA;44282;5;2020-04-21;-45690
2020-04-20;"Trnavský kraj";0;0;0;0;NA;44282;0;2020-04-20;-45695
2020-04-19;"Trnavský kraj";1;0;0;0;NA;44282;1;2020-04-19;-45695
2020-04-18;"Trnavský kraj";4;0;0;0;NA;44282;4;2020-04-18;-45696
2020-04-17;"Trnavský kraj";7;0;0;0;NA;44282;7;2020-04-17;-45700
2020-04-16;"Trnavský kraj";5;0;0;0;NA;44282;5;2020-04-16;-45707
2020-04-15;"Trnavský kraj";5;0;0;0;NA;44282;5;2020-04-15;-45712
2020-04-14;"Trnavský kraj";1;0;0;0;NA;44282;1;2020-04-14;-45717
2020-04-13;"Trnavský kraj";0;0;0;0;NA;44282;0;2020-04-13;-45718
2020-04-12;"Trnavský kraj";0;0;0;0;NA;44282;0;2020-04-12;-45718
2020-04-11;"Trnavský kraj";0;0;0;0;NA;44282;0;2020-04-11;-45718
2020-04-10;"Trnavský kraj";2;0;0;0;NA;44282;2;2020-04-10;-45718
2020-04-09;"Trnavský kraj";3;0;0;0;NA;44282;3;2020-04-09;-45720
2020-04-08;"Trnavský kraj";4;0;0;0;NA;44282;4;2020-04-08;-45723
2020-04-07;"Trnavský kraj";6;0;0;0;NA;44282;6;2020-04-07;-45727
2020-04-06;"Trnavský kraj";6;0;0;0;NA;44282;6;2020-04-06;-45733
2020-04-05;"Trnavský kraj";1;0;0;0;NA;44282;1;2020-04-05;-45739
2020-04-04;"Trnavský kraj";1;0;0;0;NA;44282;1;2020-04-04;-45740
2020-04-03;"Trnavský kraj";3;0;0;0;NA;44282;3;2020-04-03;-45741
2020-04-02;"Trnavský kraj";4;0;0;0;NA;44282;4;2020-04-02;-45744
2020-04-01;"Trnavský kraj";0;0;0;0;NA;44282;0;2020-04-01;-45748
2020-03-31;"Trnavský kraj";3;0;0;0;NA;44282;3;2020-03-31;-45748
2020-03-30;"Trnavský kraj";4;0;0;0;NA;44282;4;2020-03-30;-45751
2020-03-29;"Trnavský kraj";1;0;0;0;NA;44282;1;2020-03-29;-45755
2020-03-28;"Trnavský kraj";3;0;0;0;NA;44282;3;2020-03-28;-45756
2020-03-27;"Trnavský kraj";5;0;0;0;NA;44282;5;2020-03-27;-45759
2020-03-26;"Trnavský kraj";5;0;0;0;NA;44282;5;2020-03-26;-45764
2020-03-25;"Trnavský kraj";1;0;0;0;NA;44282;1;2020-03-25;-45769
2020-03-24;"Trnavský kraj";0;0;0;0;NA;44282;0;2020-03-24;-45770
2020-03-23;"Trnavský kraj";2;0;0;0;NA;44282;2;2020-03-23;-45770
2020-03-22;"Trnavský kraj";1;0;0;0;NA;44282;1;2020-03-22;-45772
2020-03-21;"Trnavský kraj";5;0;0;0;NA;44282;5;2020-03-21;-45773
2020-03-20;"Trnavský kraj";0;0;0;0;NA;44282;0;2020-03-20;-45778
2020-03-19;"Trnavský kraj";0;0;0;0;NA;44282;0;2020-03-19;-45778
2020-03-18;"Trnavský kraj";0;0;0;0;NA;44282;0;2020-03-18;-45778
2020-03-17;"Trnavský kraj";3;0;0;0;NA;44282;3;2020-03-17;-45778
2020-03-16;"Trnavský kraj";1;0;0;0;NA;44282;1;2020-03-16;-45781
2020-03-15;"Trnavský kraj";0;0;0;0;NA;44282;0;2020-03-15;-45782
2020-03-14;"Trnavský kraj";0;0;0;0;NA;44282;0;2020-03-14;-45782
2020-03-13;"Trnavský kraj";1;0;0;0;NA;44282;1;2020-03-13;-45782
2020-03-12;"Trnavský kraj";1;0;0;0;NA;44282;1;2020-03-12;-45783
2020-03-11;"Trnavský kraj";0;0;0;0;NA;44282;0;2020-03-11;-45784
2020-03-09;"Trnavský kraj";0;0;0;0;NA;44282;0;2020-03-09;-45784
2020-03-08;"Trnavský kraj";0;0;0;0;NA;44282;0;2020-03-08;-45784
2020-03-07;"Trnavský kraj";0;0;0;0;NA;44282;0;2020-03-07;-45784
2020-03-06;"Trnavský kraj";0;0;0;0;NA;44282;0;2020-03-06;-45784
2021-06-30;"Žilinský kraj";1;7845;4;7849;0;50589;5;2021-06-30;50589
2021-06-29;"Žilinský kraj";10;5729;0;5729;NA;50589;10;2021-06-29;50584
2021-06-28;"Žilinský kraj";4;5472;1;5473;NA;50589;5;2021-06-28;50574
2021-06-27;"Žilinský kraj";3;4349;1;4350;NA;50589;4;2021-06-27;50569
2021-06-26;"Žilinský kraj";4;5312;0;5312;NA;50589;4;2021-06-26;50565
2021-06-25;"Žilinský kraj";8;8920;5;8925;NA;50589;13;2021-06-25;50561
2021-06-24;"Žilinský kraj";6;5352;2;5354;NA;50589;8;2021-06-24;50548
2021-06-23;"Žilinský kraj";7;5217;10;5227;NA;50589;17;2021-06-23;50540
2021-06-22;"Žilinský kraj";6;4628;6;4634;NA;50589;12;2021-06-22;50523
2021-06-21;"Žilinský kraj";6;5364;8;5372;NA;50589;14;2021-06-21;50511
2021-06-20;"Žilinský kraj";1;5305;5;5310;NA;50589;6;2021-06-20;50497
2021-06-19;"Žilinský kraj";9;7183;2;7185;NA;50589;11;2021-06-19;50491
2021-06-18;"Žilinský kraj";11;9310;11;9321;NA;50589;22;2021-06-18;50480
2021-06-17;"Žilinský kraj";10;5326;11;5337;NA;50589;21;2021-06-17;50458
2021-06-16;"Žilinský kraj";17;5043;10;5053;NA;50589;27;2021-06-16;50437
2021-06-15;"Žilinský kraj";13;5546;12;5558;NA;50589;25;2021-06-15;50410
2021-06-14;"Žilinský kraj";10;6711;16;6727;NA;50589;26;2021-06-14;50385
2021-06-13;"Žilinský kraj";2;6137;8;6145;NA;50589;10;2021-06-13;50359
2021-06-12;"Žilinský kraj";9;7511;8;7519;NA;50589;17;2021-06-12;50349
2021-06-11;"Žilinský kraj";11;10370;12;10382;NA;50589;23;2021-06-11;50332
2021-06-10;"Žilinský kraj";14;6093;10;6103;NA;50589;24;2021-06-10;50309
2021-06-09;"Žilinský kraj";23;5222;10;5232;NA;50589;33;2021-06-09;50285
2021-06-08;"Žilinský kraj";18;6170;15;6185;NA;50589;33;2021-06-08;50252
2021-06-07;"Žilinský kraj";25;7606;20;7626;NA;50589;45;2021-06-07;50219
2021-06-06;"Žilinský kraj";10;7412;25;7437;NA;50589;35;2021-06-06;50174
2021-06-05;"Žilinský kraj";8;8035;9;8044;NA;50589;17;2021-06-05;50139
2021-06-04;"Žilinský kraj";19;11033;26;11059;NA;50589;45;2021-06-04;50122
2021-06-03;"Žilinský kraj";12;6094;30;6124;NA;50589;42;2021-06-03;50077
2021-06-02;"Žilinský kraj";17;6900;28;6928;NA;50589;45;2021-06-02;50035
2021-06-01;"Žilinský kraj";38;7591;39;7630;NA;50589;77;2021-06-01;49990
2021-05-31;"Žilinský kraj";31;8534;55;8589;NA;50589;86;2021-05-31;49913
2021-05-30;"Žilinský kraj";21;8533;30;8563;NA;50589;51;2021-05-30;49827
2021-05-29;"Žilinský kraj";13;9956;18;9974;NA;50589;31;2021-05-29;49776
2021-05-28;"Žilinský kraj";28;12113;30;12143;NA;50589;58;2021-05-28;49745
2021-05-27;"Žilinský kraj";17;8267;39;8306;NA;50589;56;2021-05-27;49687
2021-05-26;"Žilinský kraj";20;7324;21;7345;NA;50589;41;2021-05-26;49631
2021-05-25;"Žilinský kraj";21;9027;36;9063;NA;50589;57;2021-05-25;49590
2021-05-24;"Žilinský kraj";36;11437;57;11494;NA;50589;93;2021-05-24;49533
2021-05-23;"Žilinský kraj";4;10300;52;10352;NA;50589;56;2021-05-23;49440
2021-05-22;"Žilinský kraj";21;10580;26;10606;NA;50589;47;2021-05-22;49384
2021-05-21;"Žilinský kraj";28;14377;46;14423;NA;50589;74;2021-05-21;49337
2021-05-20;"Žilinský kraj";30;8544;30;8574;NA;50589;60;2021-05-20;49263
2021-05-19;"Žilinský kraj";46;8010;40;8050;NA;50589;86;2021-05-19;49203
2021-05-18;"Žilinský kraj";52;10365;43;10408;NA;50589;95;2021-05-18;49117
2021-05-17;"Žilinský kraj";51;11859;77;11936;NA;50589;128;2021-05-17;49022
2021-05-16;"Žilinský kraj";13;13429;37;13466;NA;50589;50;2021-05-16;48894
2021-05-15;"Žilinský kraj";30;16574;32;16606;NA;50589;62;2021-05-15;48844
2021-05-14;"Žilinský kraj";34;19200;72;19272;NA;50589;106;2021-05-14;48782
2021-05-13;"Žilinský kraj";64;11865;51;11916;NA;50589;115;2021-05-13;48676
2021-05-12;"Žilinský kraj";57;10337;51;10388;NA;50589;108;2021-05-12;48561
2021-05-11;"Žilinský kraj";70;11601;48;11649;NA;50589;118;2021-05-11;48453
2021-05-10;"Žilinský kraj";69;14664;70;14734;NA;50589;139;2021-05-10;48335
2021-05-09;"Žilinský kraj";58;19295;72;19367;NA;50589;130;2021-05-09;48196
2021-05-08;"Žilinský kraj";0;22132;58;22190;NA;50589;58;2021-05-08;48066
2021-05-07;"Žilinský kraj";65;23787;78;23865;NA;50589;143;2021-05-07;48008
2021-05-06;"Žilinský kraj";67;16605;72;16677;NA;50589;139;2021-05-06;47865
2021-05-05;"Žilinský kraj";71;12152;71;12223;NA;50589;142;2021-05-05;47726
2021-05-04;"Žilinský kraj";81;16309;79;16388;NA;50589;160;2021-05-04;47584
2021-05-03;"Žilinský kraj";97;19768;110;19878;NA;50589;207;2021-05-03;47424
2021-05-02;"Žilinský kraj";8;28886;64;28950;NA;50589;72;2021-05-02;47217
2021-05-01;"Žilinský kraj";65;54670;103;54773;NA;50589;168;2021-05-01;47145
2021-04-30;"Žilinský kraj";84;43812;117;43929;NA;50589;201;2021-04-30;46977
2021-04-29;"Žilinský kraj";77;24553;101;24654;NA;50589;178;2021-04-29;46776
2021-04-28;"Žilinský kraj";76;19205;91;19296;NA;50589;167;2021-04-28;46598
2021-04-27;"Žilinský kraj";97;21795;110;21905;NA;50589;207;2021-04-27;46431
2021-04-26;"Žilinský kraj";114;27412;136;27548;NA;50589;250;2021-04-26;46224
2021-04-25;"Žilinský kraj";38;35750;82;35832;NA;50589;120;2021-04-25;45974
2021-04-24;"Žilinský kraj";93;78854;157;79011;NA;50589;250;2021-04-24;45854
2021-04-23;"Žilinský kraj";144;49219;153;49372;NA;50589;297;2021-04-23;45604
2021-04-22;"Žilinský kraj";110;25209;132;25341;NA;50589;242;2021-04-22;45307
2021-04-21;"Žilinský kraj";118;20616;145;20761;NA;50589;263;2021-04-21;45065
2021-04-20;"Žilinský kraj";128;23778;136;23914;NA;50589;264;2021-04-20;44802
2021-04-19;"Žilinský kraj";164;32773;210;32983;NA;50589;374;2021-04-19;44538
2021-04-18;"Žilinský kraj";18;36767;91;36858;NA;50589;109;2021-04-18;44164
2021-04-17;"Žilinský kraj";108;89377;156;89533;NA;50589;264;2021-04-17;44055
2021-04-16;"Žilinský kraj";185;46876;207;47083;NA;50589;392;2021-04-16;43791
2021-04-15;"Žilinský kraj";108;24825;130;24955;NA;50589;238;2021-04-15;43399
2021-04-14;"Žilinský kraj";135;23108;145;23253;NA;50589;280;2021-04-14;43161
2021-04-13;"Žilinský kraj";171;25050;135;25185;NA;50589;306;2021-04-13;42881
2021-04-12;"Žilinský kraj";266;30726;189;30915;NA;50589;455;2021-04-12;42575
2021-04-11;"Žilinský kraj";19;37126;107;37233;NA;50589;126;2021-04-11;42120
2021-04-10;"Žilinský kraj";111;86284;237;86521;NA;50589;348;2021-04-10;41994
2021-04-09;"Žilinský kraj";195;41752;205;41957;NA;50589;400;2021-04-09;41646
2021-04-08;"Žilinský kraj";179;24382;141;24523;NA;50589;320;2021-04-08;41246
2021-04-07;"Žilinský kraj";309;28651;174;28825;NA;50589;483;2021-04-07;40926
2021-04-06;"Žilinský kraj";308;38818;294;39112;NA;50589;602;2021-04-06;40443
2021-04-05;"Žilinský kraj";17;14747;140;14887;NA;50589;157;2021-04-05;39841
2021-04-04;"Žilinský kraj";17;16284;69;16353;NA;50589;86;2021-04-04;39684
2021-04-03;"Žilinský kraj";180;100430;401;100831;NA;50589;581;2021-04-03;39598
2021-04-02;"Žilinský kraj";73;22411;83;22494;NA;50589;156;2021-04-02;39017
2021-04-01;"Žilinský kraj";334;43264;240;43504;NA;50589;574;2021-04-01;38861
2021-03-31;"Žilinský kraj";170;31632;247;31879;NA;50589;417;2021-03-31;38287
2021-03-30;"Žilinský kraj";406;26323;243;26566;NA;50589;649;2021-03-30;37870
2021-03-29;"Žilinský kraj";297;28022;268;28290;NA;50589;565;2021-03-29;37221
2021-03-28;"Žilinský kraj";21;36206;239;36445;NA;50589;260;2021-03-28;36656
2021-03-27;"Žilinský kraj";151;89107;353;89460;NA;50589;504;2021-03-27;36396
2021-03-26;"Žilinský kraj";312;51705;330;52035;NA;50589;642;2021-03-26;35892
2021-03-25;"Žilinský kraj";281;27620;214;27834;NA;50589;495;2021-03-25;35250
2021-03-24;"Žilinský kraj";280;21268;260;21528;NA;50589;540;2021-03-24;34755
2021-03-23;"Žilinský kraj";418;23187;278;23465;NA;50589;696;2021-03-23;34215
2021-03-22;"Žilinský kraj";293;29289;314;29603;NA;50589;607;2021-03-22;33519
2021-03-21;"Žilinský kraj";32;33705;227;33932;NA;50589;259;2021-03-21;32912
2021-03-20;"Žilinský kraj";165;93015;497;93512;NA;50589;662;2021-03-20;32653
2021-03-19;"Žilinský kraj";357;51982;413;52395;NA;50589;770;2021-03-19;31991
2021-03-18;"Žilinský kraj";329;28451;294;28745;NA;50589;623;2021-03-18;31221
2021-03-17;"Žilinský kraj";395;21916;269;22185;NA;50589;664;2021-03-17;30598
2021-03-16;"Žilinský kraj";514;24341;317;24658;NA;50589;831;2021-03-16;29934
2021-03-15;"Žilinský kraj";341;29607;419;30026;NA;50589;760;2021-03-15;29103
2021-03-14;"Žilinský kraj";87;34121;267;34388;NA;50589;354;2021-03-14;28343
2021-03-13;"Žilinský kraj";113;93386;581;93967;NA;50589;694;2021-03-13;27989
2021-03-12;"Žilinský kraj";520;52109;411;52520;NA;50589;931;2021-03-12;27295
2021-03-11;"Žilinský kraj";399;28189;302;28491;NA;50589;701;2021-03-11;26364
2021-03-10;"Žilinský kraj";368;22414;378;22792;NA;50589;746;2021-03-10;25663
2021-03-09;"Žilinský kraj";537;24857;316;25173;NA;50589;853;2021-03-09;24917
2021-03-08;"Žilinský kraj";387;30839;458;31297;NA;50589;845;2021-03-08;24064
2021-03-07;"Žilinský kraj";48;33469;290;33759;NA;50589;338;2021-03-07;23219
2021-03-06;"Žilinský kraj";173;92410;589;92999;NA;50589;762;2021-03-06;22881
2021-03-05;"Žilinský kraj";369;51748;483;52231;NA;50589;852;2021-03-05;22119
2021-03-04;"Žilinský kraj";467;30036;377;30413;NA;50589;844;2021-03-04;21267
2021-03-03;"Žilinský kraj";448;26261;394;26655;NA;50589;842;2021-03-03;20423
2021-03-02;"Žilinský kraj";551;25669;378;26047;NA;50589;929;2021-03-02;19581
2021-03-01;"Žilinský kraj";375;30493;441;30934;NA;50589;816;2021-03-01;18652
2021-02-28;"Žilinský kraj";61;34802;327;35129;NA;50589;388;2021-02-28;17836
2021-02-27;"Žilinský kraj";159;83781;639;84420;NA;50589;798;2021-02-27;17448
2021-02-26;"Žilinský kraj";459;47494;508;48002;NA;50589;967;2021-02-26;16650
2021-02-25;"Žilinský kraj";347;30879;393;31272;NA;50589;740;2021-02-25;15683
2021-02-24;"Žilinský kraj";339;18745;395;19140;NA;50589;734;2021-02-24;14943
2021-02-23;"Žilinský kraj";437;22418;418;22836;NA;50589;855;2021-02-23;14209
2021-02-22;"Žilinský kraj";345;29288;438;29726;NA;50589;783;2021-02-22;13354
2021-02-21;"Žilinský kraj";36;28686;322;29008;NA;50589;358;2021-02-21;12571
2021-02-20;"Žilinský kraj";152;89085;669;89754;NA;50589;821;2021-02-20;12213
2021-02-19;"Žilinský kraj";337;44806;415;45221;NA;50589;752;2021-02-19;11392
2021-02-18;"Žilinský kraj";263;24679;339;25018;NA;50589;602;2021-02-18;10640
2021-02-17;"Žilinský kraj";269;17932;355;18287;NA;50589;624;2021-02-17;10038
2021-02-16;"Žilinský kraj";321;24298;325;24623;NA;50589;646;2021-02-16;9414
2021-02-15;"Žilinský kraj";230;30420;311;30731;NA;50589;541;2021-02-15;8768
2021-02-14;"Žilinský kraj";30;28574;231;28805;NA;50589;261;2021-02-14;8227
2021-02-13;"Žilinský kraj";91;69638;453;70091;NA;50589;544;2021-02-13;7966
2021-02-12;"Žilinský kraj";242;42689;335;43024;NA;50589;577;2021-02-12;7422
2021-02-11;"Žilinský kraj";228;23521;300;23821;NA;50589;528;2021-02-11;6845
2021-02-10;"Žilinský kraj";259;17875;267;18142;NA;50589;526;2021-02-10;6317
2021-02-09;"Žilinský kraj";377;24784;274;25058;NA;50589;651;2021-02-09;5791
2021-02-08;"Žilinský kraj";160;41375;390;41765;NA;50589;550;2021-02-08;5140
2021-02-07;"Žilinský kraj";24;46446;252;46698;NA;50589;276;2021-02-07;4590
2021-02-06;"Žilinský kraj";71;72880;367;73247;NA;50589;438;2021-02-06;4314
2021-02-05;"Žilinský kraj";248;31868;323;32191;NA;50589;571;2021-02-05;3876
2021-02-04;"Žilinský kraj";238;13242;258;13500;NA;50589;496;2021-02-04;3305
2021-02-03;"Žilinský kraj";194;9187;255;9442;NA;50589;449;2021-02-03;2809
2021-02-02;"Žilinský kraj";216;9280;272;9552;NA;50589;488;2021-02-02;2360
2021-02-01;"Žilinský kraj";220;19688;370;20058;NA;50589;590;2021-02-01;1872
2021-01-31;"Žilinský kraj";11;2652;27;2679;NA;50589;38;2021-01-31;1282
2021-01-30;"Žilinský kraj";85;18447;187;18634;NA;50589;272;2021-01-30;1244
2021-01-29;"Žilinský kraj";209;22892;304;23196;NA;50589;513;2021-01-29;972
2021-01-28;"Žilinský kraj";240;5623;174;5797;NA;50589;414;2021-01-28;459
2021-01-27;"Žilinský kraj";256;7065;121;7186;NA;50589;377;2021-01-27;45
2021-01-26;"Žilinský kraj";245;49441;346;49787;NA;50589;591;2021-01-26;-332
2021-01-25;"Žilinský kraj";159;21147;150;21297;NA;50589;309;2021-01-25;-923
2021-01-24;"Žilinský kraj";22;67309;305;67614;NA;50589;327;2021-01-24;-1232
2021-01-23;"Žilinský kraj";91;90991;408;91399;NA;50589;499;2021-01-23;-1559
2021-01-22;"Žilinský kraj";163;31991;239;32230;NA;50589;402;2021-01-22;-2058
2021-01-21;"Žilinský kraj";116;19874;181;20055;NA;50589;297;2021-01-21;-2460
2021-01-20;"Žilinský kraj";236;17089;165;17254;NA;50589;401;2021-01-20;-2757
2021-01-19;"Žilinský kraj";245;15578;283;15861;NA;50589;528;2021-01-19;-3158
2021-01-18;"Žilinský kraj";236;12506;327;12833;NA;50589;563;2021-01-18;-3686
2021-01-17;"Žilinský kraj";95;147;8;155;NA;50589;103;2021-01-17;-4249
2021-01-16;"Žilinský kraj";14;758;35;793;NA;50589;49;2021-01-16;-4352
2021-01-15;"Žilinský kraj";248;7244;205;7449;NA;50589;453;2021-01-15;-4401
2021-01-14;"Žilinský kraj";166;5572;248;5820;NA;50589;414;2021-01-14;-4854
2021-01-13;"Žilinský kraj";247;11316;555;11871;NA;50589;802;2021-01-13;-5268
2021-01-12;"Žilinský kraj";376;8754;413;9167;NA;50589;789;2021-01-12;-6070
2021-01-11;"Žilinský kraj";351;10385;513;10898;NA;50589;864;2021-01-11;-6859
2021-01-10;"Žilinský kraj";38;229;6;235;NA;50589;44;2021-01-10;-7723
2021-01-09;"Žilinský kraj";192;1983;85;2068;NA;50589;277;2021-01-09;-7767
2021-01-08;"Žilinský kraj";413;9245;497;9742;NA;50589;910;2021-01-08;-8044
2021-01-07;"Žilinský kraj";438;23485;1881;25366;NA;50589;2319;2021-01-07;-8954
2021-01-06;"Žilinský kraj";145;1412;96;1508;NA;50589;241;2021-01-06;-11273
2021-01-05;"Žilinský kraj";717;10702;845;11547;NA;50589;1562;2021-01-05;-11514
2021-01-04;"Žilinský kraj";479;9739;1012;10751;NA;50589;1491;2021-01-04;-13076
2021-01-03;"Žilinský kraj";13;1006;107;1113;NA;50589;120;2021-01-03;-14567
2021-01-02;"Žilinský kraj";98;789;91;880;NA;50589;189;2021-01-02;-14687
2021-01-01;"Žilinský kraj";118;615;37;652;NA;50589;155;2021-01-01;-14876
2020-12-31;"Žilinský kraj";395;10008;809;10817;NA;50589;1204;2020-12-31;-15031
2020-12-30;"Žilinský kraj";1038;12030;849;12879;NA;50589;1887;2020-12-30;-16235
2020-12-29;"Žilinský kraj";256;10584;1041;11625;NA;50589;1297;2020-12-29;-18122
2020-12-28;"Žilinský kraj";406;11177;1048;12225;NA;50589;1454;2020-12-28;-19419
2020-12-27;"Žilinský kraj";40;684;94;778;NA;50589;134;2020-12-27;-20873
2020-12-26;"Žilinský kraj";135;593;48;641;NA;50589;183;2020-12-26;-21007
2020-12-25;"Žilinský kraj";66;83;9;92;NA;50589;75;2020-12-25;-21190
2020-12-24;"Žilinský kraj";643;1060;80;1140;NA;50589;723;2020-12-24;-21265
2020-12-23;"Žilinský kraj";228;17281;1031;18312;NA;50589;1259;2020-12-23;-21988
2020-12-22;"Žilinský kraj";519;13746;1031;14777;NA;50589;1550;2020-12-22;-23247
2020-12-21;"Žilinský kraj";444;12608;1096;13704;NA;50589;1540;2020-12-21;-24797
2020-12-20;"Žilinský kraj";36;598;80;678;NA;50589;116;2020-12-20;-26337
2020-12-19;"Žilinský kraj";208;2076;145;2221;NA;50589;353;2020-12-19;-26453
2020-12-18;"Žilinský kraj";333;6925;400;7325;NA;50589;733;2020-12-18;-26806
2020-12-17;"Žilinský kraj";500;4243;279;4522;NA;50589;779;2020-12-17;-27539
2020-12-16;"Žilinský kraj";333;3999;280;4279;NA;50589;613;2020-12-16;-28318
2020-12-15;"Žilinský kraj";528;4139;378;4517;NA;50589;906;2020-12-15;-28931
2020-12-14;"Žilinský kraj";321;4300;355;4655;NA;50589;676;2020-12-14;-29837
2020-12-13;"Žilinský kraj";26;494;66;560;NA;50589;92;2020-12-13;-30513
2020-12-12;"Žilinský kraj";95;1116;61;1177;NA;50589;156;2020-12-12;-30605
2020-12-11;"Žilinský kraj";455;4507;269;4776;NA;50589;724;2020-12-11;-30761
2020-12-10;"Žilinský kraj";166;9341;838;10179;NA;50589;1004;2020-12-10;-31485
2020-12-09;"Žilinský kraj";392;2200;131;2331;NA;50589;523;2020-12-09;-32489
2020-12-08;"Žilinský kraj";331;3248;123;3371;NA;50589;454;2020-12-08;-33012
2020-12-07;"Žilinský kraj";348;2254;127;2381;NA;50589;475;2020-12-07;-33466
2020-12-06;"Žilinský kraj";15;128;6;134;NA;50589;21;2020-12-06;-33941
2020-12-05;"Žilinský kraj";98;1500;53;1553;NA;50589;151;2020-12-05;-33962
2020-12-04;"Žilinský kraj";228;2891;122;3013;NA;50589;350;2020-12-04;-34113
2020-12-03;"Žilinský kraj";237;1424;117;1541;NA;50589;354;2020-12-03;-34463
2020-12-02;"Žilinský kraj";181;1396;69;1465;NA;50589;250;2020-12-02;-34817
2020-12-01;"Žilinský kraj";209;6239;284;6523;NA;50589;493;2020-12-01;-35067
2020-11-30;"Žilinský kraj";203;5326;305;5631;NA;50589;508;2020-11-30;-35560
2020-11-29;"Žilinský kraj";18;81;7;88;NA;50589;25;2020-11-29;-36068
2020-11-28;"Žilinský kraj";99;349;15;364;NA;50589;114;2020-11-28;-36093
2020-11-27;"Žilinský kraj";218;904;46;950;NA;50589;264;2020-11-27;-36207
2020-11-26;"Žilinský kraj";190;1041;54;1095;NA;50589;244;2020-11-26;-36471
2020-11-25;"Žilinský kraj";225;1217;49;1266;NA;50589;274;2020-11-25;-36715
2020-11-24;"Žilinský kraj";213;2139;67;2206;NA;50589;280;2020-11-24;-36989
2020-11-23;"Žilinský kraj";170;759;44;803;NA;50589;214;2020-11-23;-37269
2020-11-22;"Žilinský kraj";11;67;2;69;NA;50589;13;2020-11-22;-37483
2020-11-21;"Žilinský kraj";61;505;20;525;NA;50589;81;2020-11-21;-37496
2020-11-20;"Žilinský kraj";251;1074;45;1119;NA;50589;296;2020-11-20;-37577
2020-11-19;"Žilinský kraj";252;752;61;813;NA;50589;313;2020-11-19;-37873
2020-11-18;"Žilinský kraj";346;348;15;363;NA;50589;361;2020-11-18;-38186
2020-11-17;"Žilinský kraj";123;490;15;505;NA;50589;138;2020-11-17;-38547
2020-11-16;"Žilinský kraj";227;247;15;262;NA;50589;242;2020-11-16;-38685
2020-11-15;"Žilinský kraj";63;13;0;13;NA;50589;63;2020-11-15;-38927
2020-11-14;"Žilinský kraj";189;1038;11;1049;NA;50589;200;2020-11-14;-38990
2020-11-13;"Žilinský kraj";181;125;9;134;NA;50589;190;2020-11-13;-39190
2020-11-12;"Žilinský kraj";334;79;2;81;NA;50589;336;2020-11-12;-39380
2020-11-11;"Žilinský kraj";489;147;10;157;NA;50589;499;2020-11-11;-39716
2020-11-10;"Žilinský kraj";374;519;9;528;NA;50589;383;2020-11-10;-40215
2020-11-09;"Žilinský kraj";143;2335;30;2365;NA;50589;173;2020-11-09;-40598
2020-11-08;"Žilinský kraj";59;2538;37;2575;NA;50589;96;2020-11-08;-40771
2020-11-07;"Žilinský kraj";312;8175;88;8263;NA;50589;400;2020-11-07;-40867
2020-11-06;"Žilinský kraj";503;4090;38;4128;NA;50589;541;2020-11-06;-41267
2020-11-05;"Žilinský kraj";473;64;4;68;NA;50589;477;2020-11-05;-41808
2020-11-04;"Žilinský kraj";423;178;10;188;NA;50589;433;2020-11-04;-42285
2020-11-03;"Žilinský kraj";688;889;16;905;NA;50589;704;2020-11-03;-42718
2020-11-02;"Žilinský kraj";472;1043;39;1082;NA;50589;511;2020-11-02;-43422
2020-11-01;"Žilinský kraj";349;5096;130;5226;NA;50589;479;2020-11-01;-43933
2020-10-31;"Žilinský kraj";661;7963;203;8166;NA;50589;864;2020-10-31;-44412
2020-10-30;"Žilinský kraj";529;2575;61;2636;NA;50589;590;2020-10-30;-45276
2020-10-29;"Žilinský kraj";740;503;17;520;NA;50589;757;2020-10-29;-45866
2020-10-28;"Žilinský kraj";635;105;11;116;NA;50589;646;2020-10-28;-46623
2020-10-27;"Žilinský kraj";355;154;24;178;NA;50589;379;2020-10-27;-47269
2020-10-26;"Žilinský kraj";148;117;28;145;NA;50589;176;2020-10-26;-47648
2020-10-25;"Žilinský kraj";436;0;0;0;NA;50589;436;2020-10-25;-47824
2020-10-24;"Žilinský kraj";803;0;0;0;NA;50589;803;2020-10-24;-48260
2020-10-23;"Žilinský kraj";659;102;13;115;NA;50589;672;2020-10-23;-49063
2020-10-22;"Žilinský kraj";525;33;3;36;NA;50589;528;2020-10-22;-49735
2020-10-21;"Žilinský kraj";478;74;14;88;NA;50589;492;2020-10-21;-50263
2020-10-20;"Žilinský kraj";524;127;8;135;NA;50589;532;2020-10-20;-50755
2020-10-19;"Žilinský kraj";70;80;12;92;NA;50589;82;2020-10-19;-51287
2020-10-18;"Žilinský kraj";159;0;0;0;NA;50589;159;2020-10-18;-51369
2020-10-17;"Žilinský kraj";509;0;0;0;NA;50589;509;2020-10-17;-51528
2020-10-16;"Žilinský kraj";603;51;9;60;NA;50589;612;2020-10-16;-52037
2020-10-15;"Žilinský kraj";679;61;3;64;NA;50589;682;2020-10-15;-52649
2020-10-14;"Žilinský kraj";523;269;6;275;NA;50589;529;2020-10-14;-53331
2020-10-13;"Žilinský kraj";367;458;40;498;NA;50589;407;2020-10-13;-53860
2020-10-12;"Žilinský kraj";62;0;0;0;NA;50589;62;2020-10-12;-54267
2020-10-11;"Žilinský kraj";50;0;0;0;NA;50589;50;2020-10-11;-54329
2020-10-10;"Žilinský kraj";213;0;0;0;NA;50589;213;2020-10-10;-54379
2020-10-09;"Žilinský kraj";543;0;0;0;NA;50589;543;2020-10-09;-54592
2020-10-08;"Žilinský kraj";238;0;0;0;NA;50589;238;2020-10-08;-55135
2020-10-07;"Žilinský kraj";168;0;0;0;NA;50589;168;2020-10-07;-55373
2020-10-06;"Žilinský kraj";233;0;0;0;NA;50589;233;2020-10-06;-55541
2020-10-05;"Žilinský kraj";33;0;0;0;NA;50589;33;2020-10-05;-55774
2020-10-04;"Žilinský kraj";35;0;0;0;NA;50589;35;2020-10-04;-55807
2020-10-03;"Žilinský kraj";155;0;0;0;NA;50589;155;2020-10-03;-55842
2020-10-02;"Žilinský kraj";105;0;0;0;NA;50589;105;2020-10-02;-55997
2020-10-01;"Žilinský kraj";147;0;0;0;NA;50589;147;2020-10-01;-56102
2020-09-30;"Žilinský kraj";163;0;0;0;NA;50589;163;2020-09-30;-56249
2020-09-29;"Žilinský kraj";105;0;0;0;NA;50589;105;2020-09-29;-56412
2020-09-28;"Žilinský kraj";34;0;0;0;NA;50589;34;2020-09-28;-56517
2020-09-27;"Žilinský kraj";108;0;0;0;NA;50589;108;2020-09-27;-56551
2020-09-26;"Žilinský kraj";96;0;0;0;NA;50589;96;2020-09-26;-56659
2020-09-25;"Žilinský kraj";69;0;0;0;NA;50589;69;2020-09-25;-56755
2020-09-24;"Žilinský kraj";100;0;0;0;NA;50589;100;2020-09-24;-56824
2020-09-23;"Žilinský kraj";65;0;0;0;NA;50589;65;2020-09-23;-56924
2020-09-22;"Žilinský kraj";65;0;0;0;NA;50589;65;2020-09-22;-56989
2020-09-21;"Žilinský kraj";47;0;0;0;NA;50589;47;2020-09-21;-57054
2020-09-20;"Žilinský kraj";4;0;0;0;NA;50589;4;2020-09-20;-57101
2020-09-19;"Žilinský kraj";6;0;0;0;NA;50589;6;2020-09-19;-57105
2020-09-18;"Žilinský kraj";82;0;0;0;NA;50589;82;2020-09-18;-57111
2020-09-17;"Žilinský kraj";30;0;0;0;NA;50589;30;2020-09-17;-57193
2020-09-16;"Žilinský kraj";34;0;0;0;NA;50589;34;2020-09-16;-57223
2020-09-15;"Žilinský kraj";12;0;0;0;NA;50589;12;2020-09-15;-57257
2020-09-14;"Žilinský kraj";39;0;0;0;NA;50589;39;2020-09-14;-57269
2020-09-13;"Žilinský kraj";6;0;0;0;NA;50589;6;2020-09-13;-57308
2020-09-12;"Žilinský kraj";4;0;0;0;NA;50589;4;2020-09-12;-57314
2020-09-11;"Žilinský kraj";31;0;0;0;NA;50589;31;2020-09-11;-57318
2020-09-10;"Žilinský kraj";31;0;0;0;NA;50589;31;2020-09-10;-57349
2020-09-09;"Žilinský kraj";23;0;0;0;NA;50589;23;2020-09-09;-57380
2020-09-08;"Žilinský kraj";25;0;0;0;NA;50589;25;2020-09-08;-57403
2020-09-07;"Žilinský kraj";11;0;0;0;NA;50589;11;2020-09-07;-57428
2020-09-06;"Žilinský kraj";0;0;0;0;NA;50589;0;2020-09-06;-57439
2020-09-05;"Žilinský kraj";2;0;0;0;NA;50589;2;2020-09-05;-57439
2020-09-04;"Žilinský kraj";33;0;0;0;NA;50589;33;2020-09-04;-57441
2020-09-03;"Žilinský kraj";18;0;0;0;NA;50589;18;2020-09-03;-57474
2020-09-02;"Žilinský kraj";16;0;0;0;NA;50589;16;2020-09-02;-57492
2020-09-01;"Žilinský kraj";4;0;0;0;NA;50589;4;2020-09-01;-57508
2020-08-31;"Žilinský kraj";5;0;0;0;NA;50589;5;2020-08-31;-57512
2020-08-30;"Žilinský kraj";3;0;0;0;NA;50589;3;2020-08-30;-57517
2020-08-29;"Žilinský kraj";5;0;0;0;NA;50589;5;2020-08-29;-57520
2020-08-28;"Žilinský kraj";13;0;0;0;NA;50589;13;2020-08-28;-57525
2020-08-27;"Žilinský kraj";18;0;0;0;NA;50589;18;2020-08-27;-57538
2020-08-26;"Žilinský kraj";8;0;0;0;NA;50589;8;2020-08-26;-57556
2020-08-25;"Žilinský kraj";2;0;0;0;NA;50589;2;2020-08-25;-57564
2020-08-24;"Žilinský kraj";5;0;0;0;NA;50589;5;2020-08-24;-57566
2020-08-23;"Žilinský kraj";0;0;0;0;NA;50589;0;2020-08-23;-57571
2020-08-22;"Žilinský kraj";0;0;0;0;NA;50589;0;2020-08-22;-57571
2020-08-21;"Žilinský kraj";10;0;0;0;NA;50589;10;2020-08-21;-57571
2020-08-20;"Žilinský kraj";13;0;0;0;NA;50589;13;2020-08-20;-57581
2020-08-19;"Žilinský kraj";7;0;0;0;NA;50589;7;2020-08-19;-57594
2020-08-18;"Žilinský kraj";9;0;0;0;NA;50589;9;2020-08-18;-57601
2020-08-17;"Žilinský kraj";1;0;0;0;NA;50589;1;2020-08-17;-57610
2020-08-16;"Žilinský kraj";0;0;0;0;NA;50589;0;2020-08-16;-57611
2020-08-15;"Žilinský kraj";0;0;0;0;NA;50589;0;2020-08-15;-57611
2020-08-14;"Žilinský kraj";4;0;0;0;NA;50589;4;2020-08-14;-57611
2020-08-13;"Žilinský kraj";2;0;0;0;NA;50589;2;2020-08-13;-57615
2020-08-12;"Žilinský kraj";0;0;0;0;NA;50589;0;2020-08-12;-57617
2020-08-11;"Žilinský kraj";4;0;0;0;NA;50589;4;2020-08-11;-57617
2020-08-10;"Žilinský kraj";1;0;0;0;NA;50589;1;2020-08-10;-57621
2020-08-09;"Žilinský kraj";0;0;0;0;NA;50589;0;2020-08-09;-57622
2020-08-08;"Žilinský kraj";3;0;0;0;NA;50589;3;2020-08-08;-57622
2020-08-07;"Žilinský kraj";8;0;0;0;NA;50589;8;2020-08-07;-57625
2020-08-06;"Žilinský kraj";1;0;0;0;NA;50589;1;2020-08-06;-57633
2020-08-05;"Žilinský kraj";1;0;0;0;NA;50589;1;2020-08-05;-57634
2020-08-04;"Žilinský kraj";2;0;0;0;NA;50589;2;2020-08-04;-57635
2020-08-03;"Žilinský kraj";0;0;0;0;NA;50589;0;2020-08-03;-57637
2020-08-02;"Žilinský kraj";1;0;0;0;NA;50589;1;2020-08-02;-57637
2020-08-01;"Žilinský kraj";0;0;0;0;NA;50589;0;2020-08-01;-57638
2020-07-31;"Žilinský kraj";4;0;0;0;NA;50589;4;2020-07-31;-57638
2020-07-30;"Žilinský kraj";2;0;0;0;NA;50589;2;2020-07-30;-57642
2020-07-29;"Žilinský kraj";2;0;0;0;NA;50589;2;2020-07-29;-57644
2020-07-28;"Žilinský kraj";4;0;0;0;NA;50589;4;2020-07-28;-57646
2020-07-27;"Žilinský kraj";6;0;0;0;NA;50589;6;2020-07-27;-57650
2020-07-26;"Žilinský kraj";0;0;0;0;NA;50589;0;2020-07-26;-57656
2020-07-25;"Žilinský kraj";0;0;0;0;NA;50589;0;2020-07-25;-57656
2020-07-24;"Žilinský kraj";2;0;0;0;NA;50589;2;2020-07-24;-57656
2020-07-23;"Žilinský kraj";0;0;0;0;NA;50589;0;2020-07-23;-57658
2020-07-22;"Žilinský kraj";1;0;0;0;NA;50589;1;2020-07-22;-57658
2020-07-21;"Žilinský kraj";2;0;0;0;NA;50589;2;2020-07-21;-57659
2020-07-20;"Žilinský kraj";3;0;0;0;NA;50589;3;2020-07-20;-57661
2020-07-19;"Žilinský kraj";0;0;0;0;NA;50589;0;2020-07-19;-57664
2020-07-18;"Žilinský kraj";0;0;0;0;NA;50589;0;2020-07-18;-57664
2020-07-17;"Žilinský kraj";2;0;0;0;NA;50589;2;2020-07-17;-57664
2020-07-16;"Žilinský kraj";2;0;0;0;NA;50589;2;2020-07-16;-57666
2020-07-15;"Žilinský kraj";2;0;0;0;NA;50589;2;2020-07-15;-57668
2020-07-14;"Žilinský kraj";1;0;0;0;NA;50589;1;2020-07-14;-57670
2020-07-13;"Žilinský kraj";0;0;0;0;NA;50589;0;2020-07-13;-57671
2020-07-12;"Žilinský kraj";0;0;0;0;NA;50589;0;2020-07-12;-57671
2020-07-11;"Žilinský kraj";2;0;0;0;NA;50589;2;2020-07-11;-57671
2020-07-10;"Žilinský kraj";3;0;0;0;NA;50589;3;2020-07-10;-57673
2020-07-09;"Žilinský kraj";2;0;0;0;NA;50589;2;2020-07-09;-57676
2020-07-08;"Žilinský kraj";10;0;0;0;NA;50589;10;2020-07-08;-57678
2020-07-07;"Žilinský kraj";7;0;0;0;NA;50589;7;2020-07-07;-57688
2020-07-06;"Žilinský kraj";0;0;0;0;NA;50589;0;2020-07-06;-57695
2020-07-05;"Žilinský kraj";0;0;0;0;NA;50589;0;2020-07-05;-57695
2020-07-04;"Žilinský kraj";10;0;0;0;NA;50589;10;2020-07-04;-57695
2020-07-03;"Žilinský kraj";18;0;0;0;NA;50589;18;2020-07-03;-57705
2020-07-02;"Žilinský kraj";7;0;0;0;NA;50589;7;2020-07-02;-57723
2020-07-01;"Žilinský kraj";0;0;0;0;NA;50589;0;2020-07-01;-57730
2020-06-30;"Žilinský kraj";4;0;0;0;NA;50589;4;2020-06-30;-57730
2020-06-29;"Žilinský kraj";0;0;0;0;NA;50589;0;2020-06-29;-57734
2020-06-28;"Žilinský kraj";1;0;0;0;NA;50589;1;2020-06-28;-57734
2020-06-27;"Žilinský kraj";3;0;0;0;NA;50589;3;2020-06-27;-57735
2020-06-26;"Žilinský kraj";5;0;0;0;NA;50589;5;2020-06-26;-57738
2020-06-25;"Žilinský kraj";7;0;0;0;NA;50589;7;2020-06-25;-57743
2020-06-24;"Žilinský kraj";11;0;0;0;NA;50589;11;2020-06-24;-57750
2020-06-23;"Žilinský kraj";9;0;0;0;NA;50589;9;2020-06-23;-57761
2020-06-22;"Žilinský kraj";0;0;0;0;NA;50589;0;2020-06-22;-57770
2020-06-21;"Žilinský kraj";1;0;0;0;NA;50589;1;2020-06-21;-57770
2020-06-20;"Žilinský kraj";1;0;0;0;NA;50589;1;2020-06-20;-57771
2020-06-19;"Žilinský kraj";4;0;0;0;NA;50589;4;2020-06-19;-57772
2020-06-18;"Žilinský kraj";1;0;0;0;NA;50589;1;2020-06-18;-57776
2020-06-17;"Žilinský kraj";0;0;0;0;NA;50589;0;2020-06-17;-57777
2020-06-16;"Žilinský kraj";1;0;0;0;NA;50589;1;2020-06-16;-57777
2020-06-14;"Žilinský kraj";0;0;0;0;NA;50589;0;2020-06-14;-57778
2020-06-13;"Žilinský kraj";0;0;0;0;NA;50589;0;2020-06-13;-57778
2020-06-12;"Žilinský kraj";0;0;0;0;NA;50589;0;2020-06-12;-57778
2020-06-11;"Žilinský kraj";0;0;0;0;NA;50589;0;2020-06-11;-57778
2020-06-10;"Žilinský kraj";0;0;0;0;NA;50589;0;2020-06-10;-57778
2020-06-09;"Žilinský kraj";1;0;0;0;NA;50589;1;2020-06-09;-57778
2020-06-08;"Žilinský kraj";0;0;0;0;NA;50589;0;2020-06-08;-57779
2020-06-07;"Žilinský kraj";0;0;0;0;NA;50589;0;2020-06-07;-57779
2020-06-05;"Žilinský kraj";0;0;0;0;NA;50589;0;2020-06-05;-57779
2020-06-03;"Žilinský kraj";0;0;0;0;NA;50589;0;2020-06-03;-57779
2020-06-02;"Žilinský kraj";0;0;0;0;NA;50589;0;2020-06-02;-57779
2020-05-31;"Žilinský kraj";0;0;0;0;NA;50589;0;2020-05-31;-57779
2020-05-29;"Žilinský kraj";0;0;0;0;NA;50589;0;2020-05-29;-57779
2020-05-27;"Žilinský kraj";1;0;0;0;NA;50589;1;2020-05-27;-57779
2020-05-26;"Žilinský kraj";1;0;0;0;NA;50589;1;2020-05-26;-57780
2020-05-25;"Žilinský kraj";0;0;0;0;NA;50589;0;2020-05-25;-57781
2020-05-24;"Žilinský kraj";0;0;0;0;NA;50589;0;2020-05-24;-57781
2020-05-23;"Žilinský kraj";0;0;0;0;NA;50589;0;2020-05-23;-57781
2020-05-22;"Žilinský kraj";0;0;0;0;NA;50589;0;2020-05-22;-57781
2020-05-21;"Žilinský kraj";0;0;0;0;NA;50589;0;2020-05-21;-57781
2020-05-20;"Žilinský kraj";0;0;0;0;NA;50589;0;2020-05-20;-57781
2020-05-19;"Žilinský kraj";1;0;0;0;NA;50589;1;2020-05-19;-57781
2020-05-17;"Žilinský kraj";0;0;0;0;NA;50589;0;2020-05-17;-57782
2020-05-16;"Žilinský kraj";0;0;0;0;NA;50589;0;2020-05-16;-57782
2020-05-15;"Žilinský kraj";0;0;0;0;NA;50589;0;2020-05-15;-57782
2020-05-14;"Žilinský kraj";0;0;0;0;NA;50589;0;2020-05-14;-57782
2020-05-13;"Žilinský kraj";0;0;0;0;NA;50589;0;2020-05-13;-57782
2020-05-12;"Žilinský kraj";0;0;0;0;NA;50589;0;2020-05-12;-57782
2020-05-11;"Žilinský kraj";0;0;0;0;NA;50589;0;2020-05-11;-57782
2020-05-09;"Žilinský kraj";0;0;0;0;NA;50589;0;2020-05-09;-57782
2020-05-07;"Žilinský kraj";0;0;0;0;NA;50589;0;2020-05-07;-57782
2020-05-06;"Žilinský kraj";2;0;0;0;NA;50589;2;2020-05-06;-57782
2020-05-05;"Žilinský kraj";3;0;0;0;NA;50589;3;2020-05-05;-57784
2020-05-04;"Žilinský kraj";3;0;0;0;NA;50589;3;2020-05-04;-57787
2020-05-03;"Žilinský kraj";1;0;0;0;NA;50589;1;2020-05-03;-57790
2020-05-02;"Žilinský kraj";0;0;0;0;NA;50589;0;2020-05-02;-57791
2020-05-01;"Žilinský kraj";1;0;0;0;NA;50589;1;2020-05-01;-57791
2020-04-30;"Žilinský kraj";0;0;0;0;NA;50589;0;2020-04-30;-57792
2020-04-29;"Žilinský kraj";0;0;0;0;NA;50589;0;2020-04-29;-57792
2020-04-28;"Žilinský kraj";0;0;0;0;NA;50589;0;2020-04-28;-57792
2020-04-27;"Žilinský kraj";0;0;0;0;NA;50589;0;2020-04-27;-57792
2020-04-26;"Žilinský kraj";0;0;0;0;NA;50589;0;2020-04-26;-57792
2020-04-25;"Žilinský kraj";2;0;0;0;NA;50589;2;2020-04-25;-57792
2020-04-24;"Žilinský kraj";1;0;0;0;NA;50589;1;2020-04-24;-57794
2020-04-23;"Žilinský kraj";2;0;0;0;NA;50589;2;2020-04-23;-57795
2020-04-22;"Žilinský kraj";9;0;0;0;NA;50589;9;2020-04-22;-57797
2020-04-21;"Žilinský kraj";1;0;0;0;NA;50589;1;2020-04-21;-57806
2020-04-20;"Žilinský kraj";4;0;0;0;NA;50589;4;2020-04-20;-57807
2020-04-19;"Žilinský kraj";0;0;0;0;NA;50589;0;2020-04-19;-57811
2020-04-18;"Žilinský kraj";49;0;0;0;NA;50589;49;2020-04-18;-57811
2020-04-17;"Žilinský kraj";3;0;0;0;NA;50589;3;2020-04-17;-57860
2020-04-16;"Žilinský kraj";4;0;0;0;NA;50589;4;2020-04-16;-57863
2020-04-15;"Žilinský kraj";7;0;0;0;NA;50589;7;2020-04-15;-57867
2020-04-14;"Žilinský kraj";1;0;0;0;NA;50589;1;2020-04-14;-57874
2020-04-13;"Žilinský kraj";2;0;0;0;NA;50589;2;2020-04-13;-57875
2020-04-12;"Žilinský kraj";5;0;0;0;NA;50589;5;2020-04-12;-57877
2020-04-11;"Žilinský kraj";2;0;0;0;NA;50589;2;2020-04-11;-57882
2020-04-10;"Žilinský kraj";1;0;0;0;NA;50589;1;2020-04-10;-57884
2020-04-09;"Žilinský kraj";1;0;0;0;NA;50589;1;2020-04-09;-57885
2020-04-08;"Žilinský kraj";3;0;0;0;NA;50589;3;2020-04-08;-57886
2020-04-07;"Žilinský kraj";5;0;0;0;NA;50589;5;2020-04-07;-57889
2020-04-06;"Žilinský kraj";6;0;0;0;NA;50589;6;2020-04-06;-57894
2020-04-05;"Žilinský kraj";8;0;0;0;NA;50589;8;2020-04-05;-57900
2020-04-04;"Žilinský kraj";0;0;0;0;NA;50589;0;2020-04-04;-57908
2020-04-03;"Žilinský kraj";3;0;0;0;NA;50589;3;2020-04-03;-57908
2020-04-02;"Žilinský kraj";5;0;0;0;NA;50589;5;2020-04-02;-57911
2020-04-01;"Žilinský kraj";4;0;0;0;NA;50589;4;2020-04-01;-57916
2020-03-31;"Žilinský kraj";1;0;0;0;NA;50589;1;2020-03-31;-57920
2020-03-30;"Žilinský kraj";3;0;0;0;NA;50589;3;2020-03-30;-57921
2020-03-29;"Žilinský kraj";0;0;0;0;NA;50589;0;2020-03-29;-57924
2020-03-28;"Žilinský kraj";1;0;0;0;NA;50589;1;2020-03-28;-57924
2020-03-27;"Žilinský kraj";9;0;0;0;NA;50589;9;2020-03-27;-57925
2020-03-26;"Žilinský kraj";4;0;0;0;NA;50589;4;2020-03-26;-57934
2020-03-25;"Žilinský kraj";1;0;0;0;NA;50589;1;2020-03-25;-57938
2020-03-24;"Žilinský kraj";2;0;0;0;NA;50589;2;2020-03-24;-57939
2020-03-23;"Žilinský kraj";3;0;0;0;NA;50589;3;2020-03-23;-57941
2020-03-22;"Žilinský kraj";1;0;0;0;NA;50589;1;2020-03-22;-57944
2020-03-21;"Žilinský kraj";2;0;0;0;NA;50589;2;2020-03-21;-57945
2020-03-20;"Žilinský kraj";4;0;0;0;NA;50589;4;2020-03-20;-57947
2020-03-19;"Žilinský kraj";2;0;0;0;NA;50589;2;2020-03-19;-57951
2020-03-18;"Žilinský kraj";1;0;0;0;NA;50589;1;2020-03-18;-57953
2020-03-17;"Žilinský kraj";5;0;0;0;NA;50589;5;2020-03-17;-57954
2020-03-16;"Žilinský kraj";1;0;0;0;NA;50589;1;2020-03-16;-57959
2020-03-15;"Žilinský kraj";2;0;0;0;NA;50589;2;2020-03-15;-57960
2020-03-14;"Žilinský kraj";1;0;0;0;NA;50589;1;2020-03-14;-57962
2020-03-13;"Žilinský kraj";5;0;0;0;NA;50589;5;2020-03-13;-57963
2020-03-12;"Žilinský kraj";1;0;0;0;NA;50589;1;2020-03-12;-57968
2020-03-11;"Žilinský kraj";0;0;0;0;NA;50589;0;2020-03-11;-57969
2020-03-09;"Žilinský kraj";1;0;0;0;NA;50589;1;2020-03-09;-57969
2020-03-08;"Žilinský kraj";0;0;0;0;NA;50589;0;2020-03-08;-57970
2020-03-07;"Žilinský kraj";0;0;0;0;NA;50589;0;2020-03-07;-57970
2020-03-06;"Žilinský kraj";0;0;0;0;NA;50589;0;2020-03-06;-57970
