"Datum";"Region";"PCR_Pos";"Ag_Neg";"Ag_Pos";"Total";"Pocet.potvrdenych";"Potvrdenych";"newcases";"date";"positive"
2021-04-10;"Banskobystrický kraj";56;42811;83;42894;NA;47930;139;2021-04-10;47930
2021-04-09;"Banskobystrický kraj";106;30464;111;30575;NA;47930;217;2021-04-09;47791
2021-04-08;"Banskobystrický kraj";132;18117;103;18220;NA;47930;235;2021-04-08;47574
2021-04-07;"Banskobystrický kraj";226;24698;93;24791;NA;47930;319;2021-04-07;47339
2021-04-06;"Banskobystrický kraj";93;40018;179;40197;NA;47930;272;2021-04-06;47020
2021-04-05;"Banskobystrický kraj";15;6292;34;6326;NA;47930;49;2021-04-05;46748
2021-04-04;"Banskobystrický kraj";24;9412;29;9441;NA;47930;53;2021-04-04;46699
2021-04-03;"Banskobystrický kraj";5;23070;46;23116;NA;47930;51;2021-04-03;46646
2021-04-02;"Banskobystrický kraj";71;12909;63;12972;NA;47930;134;2021-04-02;46595
2021-04-01;"Banskobystrický kraj";171;38873;200;39073;NA;47930;371;2021-04-01;46461
2021-03-31;"Banskobystrický kraj";147;25433;161;25594;NA;47930;308;2021-03-31;46090
2021-03-30;"Banskobystrický kraj";167;20838;158;20996;NA;47930;325;2021-03-30;45782
2021-03-29;"Banskobystrický kraj";119;26088;177;26265;NA;47930;296;2021-03-29;45457
2021-03-28;"Banskobystrický kraj";25;16372;79;16451;NA;47930;104;2021-03-28;45161
2021-03-27;"Banskobystrický kraj";85;54461;190;54651;NA;47930;275;2021-03-27;45057
2021-03-26;"Banskobystrický kraj";122;40440;221;40661;NA;47930;343;2021-03-26;44782
2021-03-25;"Banskobystrický kraj";120;20983;239;21222;NA;47930;359;2021-03-25;44439
2021-03-24;"Banskobystrický kraj";200;19321;225;19546;NA;47930;425;2021-03-24;44080
2021-03-23;"Banskobystrický kraj";241;21352;257;21609;NA;47930;498;2021-03-23;43655
2021-03-22;"Banskobystrický kraj";65;29536;269;29805;NA;47930;334;2021-03-22;43157
2021-03-21;"Banskobystrický kraj";31;24593;203;24796;NA;47930;234;2021-03-21;42823
2021-03-20;"Banskobystrický kraj";119;54447;305;54752;NA;47930;424;2021-03-20;42589
2021-03-19;"Banskobystrický kraj";240;44043;301;44344;NA;47930;541;2021-03-19;42165
2021-03-18;"Banskobystrický kraj";160;19894;231;20125;NA;47930;391;2021-03-18;41624
2021-03-17;"Banskobystrický kraj";262;21558;245;21803;NA;47930;507;2021-03-17;41233
2021-03-16;"Banskobystrický kraj";340;23605;224;23829;NA;47930;564;2021-03-16;40726
2021-03-15;"Banskobystrický kraj";95;29134;322;29456;NA;47930;417;2021-03-15;40162
2021-03-14;"Banskobystrický kraj";39;15312;67;15379;NA;47930;106;2021-03-14;39745
2021-03-13;"Banskobystrický kraj";209;66359;391;66750;NA;47930;600;2021-03-13;39639
2021-03-12;"Banskobystrický kraj";206;41489;330;41819;NA;47930;536;2021-03-12;39039
2021-03-11;"Banskobystrický kraj";228;20239;253;20492;NA;47930;481;2021-03-11;38503
2021-03-10;"Banskobystrický kraj";260;20381;238;20619;NA;47930;498;2021-03-10;38022
2021-03-09;"Banskobystrický kraj";352;21790;284;22074;NA;47930;636;2021-03-09;37524
2021-03-08;"Banskobystrický kraj";191;31483;427;31910;NA;47930;618;2021-03-08;36888
2021-03-07;"Banskobystrický kraj";60;34334;240;34574;NA;47930;300;2021-03-07;36270
2021-03-06;"Banskobystrický kraj";164;58886;308;59194;NA;47930;472;2021-03-06;35970
2021-03-05;"Banskobystrický kraj";221;42157;388;42545;NA;47930;609;2021-03-05;35498
2021-03-04;"Banskobystrický kraj";226;21607;334;21941;NA;47930;560;2021-03-04;34889
2021-03-03;"Banskobystrický kraj";317;21948;331;22279;NA;47930;648;2021-03-03;34329
2021-03-02;"Banskobystrický kraj";291;22602;354;22956;NA;47930;645;2021-03-02;33681
2021-03-01;"Banskobystrický kraj";151;31773;434;32207;NA;47930;585;2021-03-01;33036
2021-02-28;"Banskobystrický kraj";45;17816;143;17959;NA;47930;188;2021-02-28;32451
2021-02-27;"Banskobystrický kraj";289;66106;524;66630;NA;47930;813;2021-02-27;32263
2021-02-26;"Banskobystrický kraj";326;39551;468;40019;NA;47930;794;2021-02-26;31450
2021-02-25;"Banskobystrický kraj";375;17767;368;18135;NA;47930;743;2021-02-25;30656
2021-02-24;"Banskobystrický kraj";332;16760;374;17134;NA;47930;706;2021-02-24;29913
2021-02-23;"Banskobystrický kraj";462;19527;439;19966;NA;47930;901;2021-02-23;29207
2021-02-22;"Banskobystrický kraj";67;23474;495;23969;NA;47930;562;2021-02-22;28306
2021-02-21;"Banskobystrický kraj";68;27076;290;27366;NA;47930;358;2021-02-21;27744
2021-02-20;"Banskobystrický kraj";280;68890;599;69489;NA;47930;879;2021-02-20;27386
2021-02-19;"Banskobystrický kraj";420;38689;494;39183;NA;47930;914;2021-02-19;26507
2021-02-18;"Banskobystrický kraj";241;18661;398;19059;NA;47930;639;2021-02-18;25593
2021-02-17;"Banskobystrický kraj";415;16338;389;16727;NA;47930;804;2021-02-17;24954
2021-02-16;"Banskobystrický kraj";338;19955;369;20324;NA;47930;707;2021-02-16;24150
2021-02-15;"Banskobystrický kraj";118;34215;554;34769;NA;47930;672;2021-02-15;23443
2021-02-14;"Banskobystrický kraj";60;15826;139;15965;NA;47930;199;2021-02-14;22771
2021-02-13;"Banskobystrický kraj";202;46034;423;46457;NA;47930;625;2021-02-13;22572
2021-02-12;"Banskobystrický kraj";312;36620;533;37153;NA;47930;845;2021-02-12;21947
2021-02-11;"Banskobystrický kraj";305;20743;384;21127;NA;47930;689;2021-02-11;21102
2021-02-10;"Banskobystrický kraj";333;14790;344;15134;NA;47930;677;2021-02-10;20413
2021-02-09;"Banskobystrický kraj";329;18247;358;18605;NA;47930;687;2021-02-09;19736
2021-02-08;"Banskobystrický kraj";103;41737;596;42333;NA;47930;699;2021-02-08;19049
2021-02-07;"Banskobystrický kraj";70;24168;146;24314;NA;47930;216;2021-02-07;18350
2021-02-06;"Banskobystrický kraj";178;63002;543;63545;NA;47930;721;2021-02-06;18134
2021-02-05;"Banskobystrický kraj";282;24252;360;24612;NA;47930;642;2021-02-05;17413
2021-02-04;"Banskobystrický kraj";240;13393;429;13822;NA;47930;669;2021-02-04;16771
2021-02-03;"Banskobystrický kraj";350;9313;253;9566;NA;47930;603;2021-02-03;16102
2021-02-02;"Banskobystrický kraj";277;15057;329;15386;NA;47930;606;2021-02-02;15499
2021-02-01;"Banskobystrický kraj";75;18830;378;19208;NA;47930;453;2021-02-01;14893
2021-01-31;"Banskobystrický kraj";34;48584;426;49010;NA;47930;460;2021-01-31;14440
2021-01-30;"Banskobystrický kraj";163;92488;774;93262;NA;47930;937;2021-01-30;13980
2021-01-29;"Banskobystrický kraj";196;33683;534;34217;NA;47930;730;2021-01-29;13043
2021-01-28;"Banskobystrický kraj";218;28026;724;28750;NA;47930;942;2021-01-28;12313
2021-01-27;"Banskobystrický kraj";191;21550;406;21956;NA;47930;597;2021-01-27;11371
2021-01-26;"Banskobystrický kraj";238;39232;566;39798;NA;47930;804;2021-01-26;10774
2021-01-25;"Banskobystrický kraj";82;63026;762;63788;NA;47930;844;2021-01-25;9970
2021-01-24;"Banskobystrický kraj";38;58532;476;59008;NA;47930;514;2021-01-24;9126
2021-01-23;"Banskobystrický kraj";142;167658;1012;168670;NA;47930;1154;2021-01-23;8612
2021-01-22;"Banskobystrický kraj";175;54352;718;55070;NA;47930;893;2021-01-22;7458
2021-01-21;"Banskobystrický kraj";194;33184;570;33754;NA;47930;764;2021-01-21;6565
2021-01-20;"Banskobystrický kraj";231;17080;366;17446;NA;47930;597;2021-01-20;5801
2021-01-19;"Banskobystrický kraj";213;20986;616;21602;NA;47930;829;2021-01-19;5204
2021-01-18;"Banskobystrický kraj";94;11260;680;11940;NA;47930;774;2021-01-18;4375
2021-01-17;"Banskobystrický kraj";110;16300;154;16454;NA;47930;264;2021-01-17;3601
2021-01-16;"Banskobystrický kraj";58;2806;70;2876;NA;47930;128;2021-01-16;3337
2021-01-15;"Banskobystrický kraj";164;13862;418;14280;NA;47930;582;2021-01-15;3209
2021-01-14;"Banskobystrický kraj";220;11520;650;12170;NA;47930;870;2021-01-14;2627
2021-01-13;"Banskobystrický kraj";235;11430;400;11830;NA;47930;635;2021-01-13;1757
2021-01-12;"Banskobystrický kraj";194;13616;598;14214;NA;47930;792;2021-01-12;1122
2021-01-11;"Banskobystrický kraj";76;16462;962;17424;NA;47930;1038;2021-01-11;330
2021-01-10;"Banskobystrický kraj";110;424;8;432;NA;47930;118;2021-01-10;-708
2021-01-09;"Banskobystrický kraj";297;4760;166;4926;NA;47930;463;2021-01-09;-826
2021-01-08;"Banskobystrický kraj";435;18870;860;19730;NA;47930;1295;2021-01-08;-1289
2021-01-07;"Banskobystrický kraj";127;10736;666;11402;NA;47930;793;2021-01-07;-2584
2021-01-06;"Banskobystrický kraj";305;6248;370;6618;NA;47930;675;2021-01-06;-3377
2021-01-05;"Banskobystrický kraj";372;14698;1066;15764;NA;47930;1438;2021-01-05;-4052
2021-01-04;"Banskobystrický kraj";130;14166;1400;15566;NA;47930;1530;2021-01-04;-5490
2021-01-03;"Banskobystrický kraj";199;534;26;560;NA;47930;225;2021-01-03;-7020
2021-01-02;"Banskobystrický kraj";123;1364;168;1532;NA;47930;291;2021-01-02;-7245
2021-01-01;"Banskobystrický kraj";220;3376;230;3606;NA;47930;450;2021-01-01;-7536
2020-12-31;"Banskobystrický kraj";499;7378;633;8011;NA;47930;1132;2020-12-31;-7986
2020-12-30;"Banskobystrický kraj";593;7670;557;8227;NA;47930;1150;2020-12-30;-9118
2020-12-29;"Banskobystrický kraj";240;7954;664;8618;NA;47930;904;2020-12-29;-10268
2020-12-28;"Banskobystrický kraj";131;5790;701;6491;NA;47930;832;2020-12-28;-11172
2020-12-27;"Banskobystrický kraj";116;540;25;565;NA;47930;141;2020-12-27;-12004
2020-12-26;"Banskobystrický kraj";61;279;32;311;NA;47930;93;2020-12-26;-12145
2020-12-25;"Banskobystrický kraj";65;249;6;255;NA;47930;71;2020-12-25;-12238
2020-12-24;"Banskobystrický kraj";452;3685;135;3820;NA;47930;587;2020-12-24;-12309
2020-12-23;"Banskobystrický kraj";368;10116;507;10623;NA;47930;875;2020-12-23;-12896
2020-12-22;"Banskobystrický kraj";307;8449;624;9073;NA;47930;931;2020-12-22;-13771
2020-12-21;"Banskobystrický kraj";286;4896;448;5344;NA;47930;734;2020-12-21;-14702
2020-12-20;"Banskobystrický kraj";155;249;14;263;NA;47930;169;2020-12-20;-15436
2020-12-19;"Banskobystrický kraj";170;3059;138;3197;NA;47930;308;2020-12-19;-15605
2020-12-18;"Banskobystrický kraj";432;5965;324;6289;NA;47930;756;2020-12-18;-15913
2020-12-17;"Banskobystrický kraj";468;8714;656;9370;NA;47930;1124;2020-12-17;-16669
2020-12-16;"Banskobystrický kraj";379;10202;560;10762;NA;47930;939;2020-12-16;-17793
2020-12-15;"Banskobystrický kraj";336;5425;433;5858;NA;47930;769;2020-12-15;-18732
2020-12-14;"Banskobystrický kraj";148;3883;259;4142;NA;47930;407;2020-12-14;-19501
2020-12-13;"Banskobystrický kraj";122;119;1;120;NA;47930;123;2020-12-13;-19908
2020-12-12;"Banskobystrický kraj";137;2714;138;2852;NA;47930;275;2020-12-12;-20031
2020-12-11;"Banskobystrický kraj";468;6587;374;6961;NA;47930;842;2020-12-11;-20306
2020-12-10;"Banskobystrický kraj";280;5204;355;5559;NA;47930;635;2020-12-10;-21148
2020-12-09;"Banskobystrický kraj";323;3850;213;4063;NA;47930;536;2020-12-09;-21783
2020-12-08;"Banskobystrický kraj";256;3787;276;4063;NA;47930;532;2020-12-08;-22319
2020-12-07;"Banskobystrický kraj";175;2116;140;2256;NA;47930;315;2020-12-07;-22851
2020-12-06;"Banskobystrický kraj";121;507;11;518;NA;47930;132;2020-12-06;-23166
2020-12-05;"Banskobystrický kraj";109;1095;34;1129;NA;47930;143;2020-12-05;-23298
2020-12-04;"Banskobystrický kraj";339;3823;174;3997;NA;47930;513;2020-12-04;-23441
2020-12-03;"Banskobystrický kraj";240;3033;227;3260;NA;47930;467;2020-12-03;-23954
2020-12-02;"Banskobystrický kraj";217;4442;186;4628;NA;47930;403;2020-12-02;-24421
2020-12-01;"Banskobystrický kraj";215;2702;134;2836;NA;47930;349;2020-12-01;-24824
2020-11-30;"Banskobystrický kraj";74;3891;222;4113;NA;47930;296;2020-11-30;-25173
2020-11-29;"Banskobystrický kraj";19;39;2;41;NA;47930;21;2020-11-29;-25469
2020-11-28;"Banskobystrický kraj";81;671;14;685;NA;47930;95;2020-11-28;-25490
2020-11-27;"Banskobystrický kraj";219;1285;98;1383;NA;47930;317;2020-11-27;-25585
2020-11-26;"Banskobystrický kraj";208;1470;77;1547;NA;47930;285;2020-11-26;-25902
2020-11-25;"Banskobystrický kraj";170;1760;84;1844;NA;47930;254;2020-11-25;-26187
2020-11-24;"Banskobystrický kraj";166;2262;67;2329;NA;47930;233;2020-11-24;-26441
2020-11-23;"Banskobystrický kraj";66;9948;191;10139;NA;47930;257;2020-11-23;-26674
2020-11-22;"Banskobystrický kraj";38;72;1;73;NA;47930;39;2020-11-22;-26931
2020-11-21;"Banskobystrický kraj";52;885;14;899;NA;47930;66;2020-11-21;-26970
2020-11-20;"Banskobystrický kraj";127;1872;105;1977;NA;47930;232;2020-11-20;-27036
2020-11-19;"Banskobystrický kraj";170;1112;82;1194;NA;47930;252;2020-11-19;-27268
2020-11-18;"Banskobystrický kraj";153;587;62;649;NA;47930;215;2020-11-18;-27520
2020-11-17;"Banskobystrický kraj";52;578;35;613;NA;47930;87;2020-11-17;-27735
2020-11-16;"Banskobystrický kraj";106;351;22;373;NA;47930;128;2020-11-16;-27822
2020-11-15;"Banskobystrický kraj";52;64;2;66;NA;47930;54;2020-11-15;-27950
2020-11-14;"Banskobystrický kraj";73;305;2;307;NA;47930;75;2020-11-14;-28004
2020-11-13;"Banskobystrický kraj";157;552;11;563;NA;47930;168;2020-11-13;-28079
2020-11-12;"Banskobystrický kraj";218;952;44;996;NA;47930;262;2020-11-12;-28247
2020-11-11;"Banskobystrický kraj";224;437;9;446;NA;47930;233;2020-11-11;-28509
2020-11-10;"Banskobystrický kraj";263;463;18;481;NA;47930;281;2020-11-10;-28742
2020-11-09;"Banskobystrický kraj";80;2678;31;2709;NA;47930;111;2020-11-09;-29023
2020-11-08;"Banskobystrický kraj";82;783;16;799;NA;47930;98;2020-11-08;-29134
2020-11-07;"Banskobystrický kraj";164;8828;94;8922;NA;47930;258;2020-11-07;-29232
2020-11-06;"Banskobystrický kraj";227;2496;16;2512;NA;47930;243;2020-11-06;-29490
2020-11-05;"Banskobystrický kraj";240;263;33;296;NA;47930;273;2020-11-05;-29733
2020-11-04;"Banskobystrický kraj";254;1366;13;1379;NA;47930;267;2020-11-04;-30006
2020-11-03;"Banskobystrický kraj";246;1332;4;1336;NA;47930;250;2020-11-03;-30273
2020-11-02;"Banskobystrický kraj";90;2247;65;2312;NA;47930;155;2020-11-02;-30523
2020-11-01;"Banskobystrický kraj";101;2671;42;2713;NA;47930;143;2020-11-01;-30678
2020-10-31;"Banskobystrický kraj";199;13516;116;13632;NA;47930;315;2020-10-31;-30821
2020-10-30;"Banskobystrický kraj";254;2829;20;2849;NA;47930;274;2020-10-30;-31136
2020-10-29;"Banskobystrický kraj";372;969;42;1011;NA;47930;414;2020-10-29;-31410
2020-10-28;"Banskobystrický kraj";285;302;30;332;NA;47930;315;2020-10-28;-31824
2020-10-27;"Banskobystrický kraj";266;654;40;694;NA;47930;306;2020-10-27;-32139
2020-10-26;"Banskobystrický kraj";38;232;29;261;NA;47930;67;2020-10-26;-32445
2020-10-25;"Banskobystrický kraj";50;140;11;151;NA;47930;61;2020-10-25;-32512
2020-10-24;"Banskobystrický kraj";315;114;12;126;NA;47930;327;2020-10-24;-32573
2020-10-23;"Banskobystrický kraj";231;230;29;259;NA;47930;260;2020-10-23;-32900
2020-10-22;"Banskobystrický kraj";264;253;24;277;NA;47930;288;2020-10-22;-33160
2020-10-21;"Banskobystrický kraj";209;266;3;269;NA;47930;212;2020-10-21;-33448
2020-10-20;"Banskobystrický kraj";210;66;3;69;NA;47930;213;2020-10-20;-33660
2020-10-19;"Banskobystrický kraj";27;71;12;83;NA;47930;39;2020-10-19;-33873
2020-10-18;"Banskobystrický kraj";49;0;0;0;NA;47930;49;2020-10-18;-33912
2020-10-17;"Banskobystrický kraj";91;0;0;0;NA;47930;91;2020-10-17;-33961
2020-10-16;"Banskobystrický kraj";224;37;3;40;NA;47930;227;2020-10-16;-34052
2020-10-15;"Banskobystrický kraj";133;29;1;30;NA;47930;134;2020-10-15;-34279
2020-10-14;"Banskobystrický kraj";139;31;1;32;NA;47930;140;2020-10-14;-34413
2020-10-13;"Banskobystrický kraj";151;169;11;180;NA;47930;162;2020-10-13;-34553
2020-10-12;"Banskobystrický kraj";11;13;0;13;NA;47930;11;2020-10-12;-34715
2020-10-11;"Banskobystrický kraj";14;0;0;0;NA;47930;14;2020-10-11;-34726
2020-10-10;"Banskobystrický kraj";53;0;0;0;NA;47930;53;2020-10-10;-34740
2020-10-09;"Banskobystrický kraj";128;0;0;0;NA;47930;128;2020-10-09;-34793
2020-10-08;"Banskobystrický kraj";99;0;0;0;NA;47930;99;2020-10-08;-34921
2020-10-07;"Banskobystrický kraj";124;0;0;0;NA;47930;124;2020-10-07;-35020
2020-10-06;"Banskobystrický kraj";68;0;0;0;NA;47930;68;2020-10-06;-35144
2020-10-05;"Banskobystrický kraj";49;0;0;0;NA;47930;49;2020-10-05;-35212
2020-10-04;"Banskobystrický kraj";8;0;0;0;NA;47930;8;2020-10-04;-35261
2020-10-03;"Banskobystrický kraj";37;0;0;0;NA;47930;37;2020-10-03;-35269
2020-10-02;"Banskobystrický kraj";74;0;0;0;NA;47930;74;2020-10-02;-35306
2020-10-01;"Banskobystrický kraj";49;0;0;0;NA;47930;49;2020-10-01;-35380
2020-09-30;"Banskobystrický kraj";60;0;0;0;NA;47930;60;2020-09-30;-35429
2020-09-29;"Banskobystrický kraj";24;0;0;0;NA;47930;24;2020-09-29;-35489
2020-09-27;"Banskobystrický kraj";20;0;0;0;NA;47930;20;2020-09-27;-35513
2020-09-26;"Banskobystrický kraj";24;0;0;0;NA;47930;24;2020-09-26;-35533
2020-09-25;"Banskobystrický kraj";29;0;0;0;NA;47930;29;2020-09-25;-35557
2020-09-24;"Banskobystrický kraj";25;0;0;0;NA;47930;25;2020-09-24;-35586
2020-09-23;"Banskobystrický kraj";17;0;0;0;NA;47930;17;2020-09-23;-35611
2020-09-22;"Banskobystrický kraj";25;0;0;0;NA;47930;25;2020-09-22;-35628
2020-09-21;"Banskobystrický kraj";3;0;0;0;NA;47930;3;2020-09-21;-35653
2020-09-19;"Banskobystrický kraj";3;0;0;0;NA;47930;3;2020-09-19;-35656
2020-09-18;"Banskobystrický kraj";24;0;0;0;NA;47930;24;2020-09-18;-35659
2020-09-17;"Banskobystrický kraj";14;0;0;0;NA;47930;14;2020-09-17;-35683
2020-09-16;"Banskobystrický kraj";6;0;0;0;NA;47930;6;2020-09-16;-35697
2020-09-15;"Banskobystrický kraj";2;0;0;0;NA;47930;2;2020-09-15;-35703
2020-09-14;"Banskobystrický kraj";13;0;0;0;NA;47930;13;2020-09-14;-35705
2020-09-13;"Banskobystrický kraj";1;0;0;0;NA;47930;1;2020-09-13;-35718
2020-09-12;"Banskobystrický kraj";5;0;0;0;NA;47930;5;2020-09-12;-35719
2020-09-11;"Banskobystrický kraj";19;0;0;0;NA;47930;19;2020-09-11;-35724
2020-09-10;"Banskobystrický kraj";11;0;0;0;NA;47930;11;2020-09-10;-35743
2020-09-09;"Banskobystrický kraj";13;0;0;0;NA;47930;13;2020-09-09;-35754
2020-09-08;"Banskobystrický kraj";5;0;0;0;NA;47930;5;2020-09-08;-35767
2020-09-07;"Banskobystrický kraj";2;0;0;0;NA;47930;2;2020-09-07;-35772
2020-09-04;"Banskobystrický kraj";9;0;0;0;NA;47930;9;2020-09-04;-35774
2020-09-03;"Banskobystrický kraj";5;0;0;0;NA;47930;5;2020-09-03;-35783
2020-09-02;"Banskobystrický kraj";6;0;0;0;NA;47930;6;2020-09-02;-35788
2020-09-01;"Banskobystrický kraj";2;0;0;0;NA;47930;2;2020-09-01;-35794
2020-08-31;"Banskobystrický kraj";6;0;0;0;NA;47930;6;2020-08-31;-35796
2020-08-29;"Banskobystrický kraj";1;0;0;0;NA;47930;1;2020-08-29;-35802
2020-08-28;"Banskobystrický kraj";3;0;0;0;NA;47930;3;2020-08-28;-35803
2020-08-27;"Banskobystrický kraj";1;0;0;0;NA;47930;1;2020-08-27;-35806
2020-08-26;"Banskobystrický kraj";2;0;0;0;NA;47930;2;2020-08-26;-35807
2020-08-25;"Banskobystrický kraj";2;0;0;0;NA;47930;2;2020-08-25;-35809
2020-08-21;"Banskobystrický kraj";4;0;0;0;NA;47930;4;2020-08-21;-35811
2020-08-20;"Banskobystrický kraj";1;0;0;0;NA;47930;1;2020-08-20;-35815
2020-08-19;"Banskobystrický kraj";4;0;0;0;NA;47930;4;2020-08-19;-35816
2020-08-17;"Banskobystrický kraj";1;0;0;0;NA;47930;1;2020-08-17;-35820
2020-08-14;"Banskobystrický kraj";5;0;0;0;NA;47930;5;2020-08-14;-35821
2020-08-11;"Banskobystrický kraj";2;0;0;0;NA;47930;2;2020-08-11;-35826
2020-08-10;"Banskobystrický kraj";3;0;0;0;NA;47930;3;2020-08-10;-35828
2020-08-08;"Banskobystrický kraj";2;0;0;0;NA;47930;2;2020-08-08;-35831
2020-08-07;"Banskobystrický kraj";1;0;0;0;NA;47930;1;2020-08-07;-35833
2020-08-06;"Banskobystrický kraj";1;0;0;0;NA;47930;1;2020-08-06;-35834
2020-08-04;"Banskobystrický kraj";3;0;0;0;NA;47930;3;2020-08-04;-35835
2020-08-01;"Banskobystrický kraj";1;0;0;0;NA;47930;1;2020-08-01;-35838
2020-07-31;"Banskobystrický kraj";2;0;0;0;NA;47930;2;2020-07-31;-35839
2020-07-30;"Banskobystrický kraj";1;0;0;0;NA;47930;1;2020-07-30;-35841
2020-07-28;"Banskobystrický kraj";2;0;0;0;NA;47930;2;2020-07-28;-35842
2020-07-27;"Banskobystrický kraj";3;0;0;0;NA;47930;3;2020-07-27;-35844
2020-07-24;"Banskobystrický kraj";9;0;0;0;NA;47930;9;2020-07-24;-35847
2020-07-22;"Banskobystrický kraj";3;0;0;0;NA;47930;3;2020-07-22;-35856
2020-07-21;"Banskobystrický kraj";3;0;0;0;NA;47930;3;2020-07-21;-35859
2020-07-20;"Banskobystrický kraj";1;0;0;0;NA;47930;1;2020-07-20;-35862
2020-07-19;"Banskobystrický kraj";1;0;0;0;NA;47930;1;2020-07-19;-35863
2020-07-17;"Banskobystrický kraj";2;0;0;0;NA;47930;2;2020-07-17;-35864
2020-07-16;"Banskobystrický kraj";1;0;0;0;NA;47930;1;2020-07-16;-35866
2020-07-15;"Banskobystrický kraj";4;0;0;0;NA;47930;4;2020-07-15;-35867
2020-07-14;"Banskobystrický kraj";2;0;0;0;NA;47930;2;2020-07-14;-35871
2020-07-13;"Banskobystrický kraj";1;0;0;0;NA;47930;1;2020-07-13;-35873
2020-07-10;"Banskobystrický kraj";3;0;0;0;NA;47930;3;2020-07-10;-35874
2020-07-09;"Banskobystrický kraj";9;0;0;0;NA;47930;9;2020-07-09;-35877
2020-07-07;"Banskobystrický kraj";4;0;0;0;NA;47930;4;2020-07-07;-35886
2020-07-04;"Banskobystrický kraj";1;0;0;0;NA;47930;1;2020-07-04;-35890
2020-07-03;"Banskobystrický kraj";4;0;0;0;NA;47930;4;2020-07-03;-35891
2020-07-01;"Banskobystrický kraj";1;0;0;0;NA;47930;1;2020-07-01;-35895
2020-06-25;"Banskobystrický kraj";1;0;0;0;NA;47930;1;2020-06-25;-35896
2020-06-23;"Banskobystrický kraj";6;0;0;0;NA;47930;6;2020-06-23;-35897
2020-06-19;"Banskobystrický kraj";2;0;0;0;NA;47930;2;2020-06-19;-35903
2020-06-18;"Banskobystrický kraj";10;0;0;0;NA;47930;10;2020-06-18;-35905
2020-06-17;"Banskobystrický kraj";1;0;0;0;NA;47930;1;2020-06-17;-35915
2020-06-14;"Banskobystrický kraj";2;0;0;0;NA;47930;2;2020-06-14;-35916
2020-06-13;"Banskobystrický kraj";2;0;0;0;NA;47930;2;2020-06-13;-35918
2020-06-11;"Banskobystrický kraj";1;0;0;0;NA;47930;1;2020-06-11;-35920
2020-06-05;"Banskobystrický kraj";2;0;0;0;NA;47930;2;2020-06-05;-35921
2020-05-27;"Banskobystrický kraj";1;0;0;0;NA;47930;1;2020-05-27;-35923
2020-05-23;"Banskobystrický kraj";1;0;0;0;NA;47930;1;2020-05-23;-35924
2020-05-20;"Banskobystrický kraj";1;0;0;0;NA;47930;1;2020-05-20;-35925
2020-05-12;"Banskobystrický kraj";1;0;0;0;NA;47930;1;2020-05-12;-35926
2020-05-07;"Banskobystrický kraj";2;0;0;0;NA;47930;2;2020-05-07;-35927
2020-05-06;"Banskobystrický kraj";1;0;0;0;NA;47930;1;2020-05-06;-35929
2020-05-05;"Banskobystrický kraj";2;0;0;0;NA;47930;2;2020-05-05;-35930
2020-04-30;"Banskobystrický kraj";1;0;0;0;NA;47930;1;2020-04-30;-35932
2020-04-29;"Banskobystrický kraj";1;0;0;0;NA;47930;1;2020-04-29;-35933
2020-04-25;"Banskobystrický kraj";2;0;0;0;NA;47930;2;2020-04-25;-35934
2020-04-24;"Banskobystrický kraj";3;0;0;0;NA;47930;3;2020-04-24;-35936
2020-04-23;"Banskobystrický kraj";2;0;0;0;NA;47930;2;2020-04-23;-35939
2020-04-22;"Banskobystrický kraj";2;0;0;0;NA;47930;2;2020-04-22;-35941
2020-04-21;"Banskobystrický kraj";2;0;0;0;NA;47930;2;2020-04-21;-35943
2020-04-18;"Banskobystrický kraj";8;0;0;0;NA;47930;8;2020-04-18;-35945
2020-04-17;"Banskobystrický kraj";2;0;0;0;NA;47930;2;2020-04-17;-35953
2020-04-15;"Banskobystrický kraj";10;0;0;0;NA;47930;10;2020-04-15;-35955
2020-04-13;"Banskobystrický kraj";2;0;0;0;NA;47930;2;2020-04-13;-35965
2020-04-12;"Banskobystrický kraj";4;0;0;0;NA;47930;4;2020-04-12;-35967
2020-04-11;"Banskobystrický kraj";1;0;0;0;NA;47930;1;2020-04-11;-35971
2020-04-09;"Banskobystrický kraj";2;0;0;0;NA;47930;2;2020-04-09;-35972
2020-04-07;"Banskobystrický kraj";4;0;0;0;NA;47930;4;2020-04-07;-35974
2020-04-06;"Banskobystrický kraj";10;0;0;0;NA;47930;10;2020-04-06;-35978
2020-04-05;"Banskobystrický kraj";9;0;0;0;NA;47930;9;2020-04-05;-35988
2020-04-03;"Banskobystrický kraj";2;0;0;0;NA;47930;2;2020-04-03;-35997
2020-04-02;"Banskobystrický kraj";2;0;0;0;NA;47930;2;2020-04-02;-35999
2020-04-01;"Banskobystrický kraj";5;0;0;0;NA;47930;5;2020-04-01;-36001
2020-03-31;"Banskobystrický kraj";3;0;0;0;NA;47930;3;2020-03-31;-36006
2020-03-30;"Banskobystrický kraj";1;0;0;0;NA;47930;1;2020-03-30;-36009
2020-03-29;"Banskobystrický kraj";2;0;0;0;NA;47930;2;2020-03-29;-36010
2020-03-28;"Banskobystrický kraj";1;0;0;0;NA;47930;1;2020-03-28;-36012
2020-03-27;"Banskobystrický kraj";1;0;0;0;NA;47930;1;2020-03-27;-36013
2020-03-26;"Banskobystrický kraj";1;0;0;0;NA;47930;1;2020-03-26;-36014
2020-03-24;"Banskobystrický kraj";1;0;0;0;NA;47930;1;2020-03-24;-36015
2020-03-23;"Banskobystrický kraj";1;0;0;0;NA;47930;1;2020-03-23;-36016
2020-03-21;"Banskobystrický kraj";3;0;0;0;NA;47930;3;2020-03-21;-36017
2020-03-19;"Banskobystrický kraj";2;0;0;0;NA;47930;2;2020-03-19;-36020
2020-03-18;"Banskobystrický kraj";1;0;0;0;NA;47930;1;2020-03-18;-36022
2020-03-17;"Banskobystrický kraj";1;0;0;0;NA;47930;1;2020-03-17;-36023
2020-03-15;"Banskobystrický kraj";1;0;0;0;NA;47930;1;2020-03-15;-36024
2020-03-13;"Banskobystrický kraj";1;0;0;0;NA;47930;1;2020-03-13;-36025
2021-04-11;"Bratislavský kraj";42;52069;106;52175;42741;97878;148;2021-04-11;97878
2021-04-10;"Bratislavský kraj";14;48569;105;48674;NA;97878;119;2021-04-10;97730
2021-04-09;"Bratislavský kraj";72;33414;84;33498;NA;97878;156;2021-04-09;97611
2021-04-08;"Bratislavský kraj";71;25180;78;25258;NA;97878;149;2021-04-08;97455
2021-04-07;"Bratislavský kraj";96;31323;84;31407;NA;97878;180;2021-04-07;97306
2021-04-06;"Bratislavský kraj";94;47056;145;47201;NA;97878;239;2021-04-06;97126
2021-04-05;"Bratislavský kraj";85;16831;77;16908;NA;97878;162;2021-04-05;96887
2021-04-04;"Bratislavský kraj";37;26969;72;27041;NA;97878;109;2021-04-04;96725
2021-04-03;"Bratislavský kraj";52;70279;204;70483;NA;97878;256;2021-04-03;96616
2021-04-02;"Bratislavský kraj";33;21956;96;22052;NA;97878;129;2021-04-02;96360
2021-04-01;"Bratislavský kraj";119;47907;128;48035;NA;97878;247;2021-04-01;96231
2021-03-31;"Bratislavský kraj";105;42145;138;42283;NA;97878;243;2021-03-31;95984
2021-03-30;"Bratislavský kraj";100;38405;142;38547;NA;97878;242;2021-03-30;95741
2021-03-29;"Bratislavský kraj";153;40547;177;40724;NA;97878;330;2021-03-29;95499
2021-03-28;"Bratislavský kraj";59;53667;138;53805;NA;97878;197;2021-03-28;95169
2021-03-27;"Bratislavský kraj";53;77446;234;77680;NA;97878;287;2021-03-27;94972
2021-03-26;"Bratislavský kraj";114;55456;189;55645;NA;97878;303;2021-03-26;94685
2021-03-25;"Bratislavský kraj";76;36173;171;36344;NA;97878;247;2021-03-25;94382
2021-03-24;"Bratislavský kraj";120;30075;197;30272;NA;97878;317;2021-03-24;94135
2021-03-23;"Bratislavský kraj";138;36075;187;36262;NA;97878;325;2021-03-23;93818
2021-03-22;"Bratislavský kraj";110;42193;212;42405;NA;97878;322;2021-03-22;93493
2021-03-21;"Bratislavský kraj";54;61298;211;61509;NA;97878;265;2021-03-21;93171
2021-03-20;"Bratislavský kraj";59;71617;227;71844;NA;97878;286;2021-03-20;92906
2021-03-19;"Bratislavský kraj";139;53796;252;54048;NA;97878;391;2021-03-19;92620
2021-03-18;"Bratislavský kraj";142;33859;187;34046;NA;97878;329;2021-03-18;92229
2021-03-17;"Bratislavský kraj";177;29923;212;30135;NA;97878;389;2021-03-17;91900
2021-03-16;"Bratislavský kraj";258;36131;281;36412;NA;97878;539;2021-03-16;91511
2021-03-15;"Bratislavský kraj";180;37239;250;37489;NA;97878;430;2021-03-15;90972
2021-03-14;"Bratislavský kraj";75;51472;268;51740;NA;97878;343;2021-03-14;90542
2021-03-13;"Bratislavský kraj";110;79576;327;79903;NA;97878;437;2021-03-13;90199
2021-03-12;"Bratislavský kraj";152;54526;302;54828;NA;97878;454;2021-03-12;89762
2021-03-11;"Bratislavský kraj";178;34376;274;34650;NA;97878;452;2021-03-11;89308
2021-03-10;"Bratislavský kraj";164;30604;272;30876;NA;97878;436;2021-03-10;88856
2021-03-09;"Bratislavský kraj";242;39229;261;39490;NA;97878;503;2021-03-09;88420
2021-03-08;"Bratislavský kraj";255;40154;338;40492;NA;97878;593;2021-03-08;87917
2021-03-07;"Bratislavský kraj";142;51036;289;51325;NA;97878;431;2021-03-07;87324
2021-03-06;"Bratislavský kraj";79;70995;406;71401;NA;97878;485;2021-03-06;86893
2021-03-05;"Bratislavský kraj";238;51455;305;51760;NA;97878;543;2021-03-05;86408
2021-03-04;"Bratislavský kraj";204;34509;340;34849;NA;97878;544;2021-03-04;85865
2021-03-03;"Bratislavský kraj";250;30238;357;30595;NA;97878;607;2021-03-03;85321
2021-03-02;"Bratislavský kraj";267;39146;390;39536;NA;97878;657;2021-03-02;84714
2021-03-01;"Bratislavský kraj";320;37834;434;38268;NA;97878;754;2021-03-01;84057
2021-02-28;"Bratislavský kraj";184;49725;320;50045;NA;97878;504;2021-02-28;83303
2021-02-27;"Bratislavský kraj";151;78721;468;79189;NA;97878;619;2021-02-27;82799
2021-02-26;"Bratislavský kraj";277;47566;409;47975;NA;97878;686;2021-02-26;82180
2021-02-25;"Bratislavský kraj";277;27924;404;28328;NA;97878;681;2021-02-25;81494
2021-02-24;"Bratislavský kraj";217;27176;427;27603;NA;97878;644;2021-02-24;80813
2021-02-23;"Bratislavský kraj";257;30790;389;31179;NA;97878;646;2021-02-23;80169
2021-02-22;"Bratislavský kraj";353;36311;491;36802;NA;97878;844;2021-02-22;79523
2021-02-21;"Bratislavský kraj";185;50102;379;50481;NA;97878;564;2021-02-21;78679
2021-02-20;"Bratislavský kraj";167;76746;563;77309;NA;97878;730;2021-02-20;78115
2021-02-19;"Bratislavský kraj";280;44959;417;45376;NA;97878;697;2021-02-19;77385
2021-02-18;"Bratislavský kraj";263;26672;385;27057;NA;97878;648;2021-02-18;76688
2021-02-17;"Bratislavský kraj";264;22335;321;22656;NA;97878;585;2021-02-17;76040
2021-02-16;"Bratislavský kraj";289;27522;350;27872;NA;97878;639;2021-02-16;75455
2021-02-15;"Bratislavský kraj";248;36601;391;36992;NA;97878;639;2021-02-15;74816
2021-02-14;"Bratislavský kraj";153;45008;324;45332;NA;97878;477;2021-02-14;74177
2021-02-13;"Bratislavský kraj";173;70114;529;70643;NA;97878;702;2021-02-13;73700
2021-02-12;"Bratislavský kraj";282;35474;332;35806;NA;97878;614;2021-02-12;72998
2021-02-11;"Bratislavský kraj";337;24124;289;24413;NA;97878;626;2021-02-11;72384
2021-02-10;"Bratislavský kraj";314;22750;353;23103;NA;97878;667;2021-02-10;71758
2021-02-09;"Bratislavský kraj";287;36052;453;36505;NA;97878;740;2021-02-09;71091
2021-02-08;"Bratislavský kraj";484;33468;401;33869;NA;97878;885;2021-02-08;70351
2021-02-07;"Bratislavský kraj";243;50382;430;50812;NA;97878;673;2021-02-07;69466
2021-02-06;"Bratislavský kraj";116;65118;530;65648;NA;97878;646;2021-02-06;68793
2021-02-05;"Bratislavský kraj";327;27423;376;27799;NA;97878;703;2021-02-05;68147
2021-02-04;"Bratislavský kraj";555;16331;350;16681;NA;97878;905;2021-02-04;67444
2021-02-03;"Bratislavský kraj";161;12936;358;13294;NA;97878;519;2021-02-03;66539
2021-02-02;"Bratislavský kraj";397;26902;485;27387;NA;97878;882;2021-02-02;66020
2021-02-01;"Bratislavský kraj";221;37667;507;38174;NA;97878;728;2021-02-01;65138
2021-01-31;"Bratislavský kraj";180;71242;850;72092;NA;97878;1030;2021-01-31;64410
2021-01-30;"Bratislavský kraj";310;91776;998;92774;NA;97878;1308;2021-01-30;63380
2021-01-29;"Bratislavský kraj";344;32682;682;33364;NA;97878;1026;2021-01-29;62072
2021-01-28;"Bratislavský kraj";307;21286;602;21888;NA;97878;909;2021-01-28;61046
2021-01-27;"Bratislavský kraj";336;43976;682;44658;NA;97878;1018;2021-01-27;60137
2021-01-26;"Bratislavský kraj";297;44156;616;44772;NA;97878;913;2021-01-26;59119
2021-01-25;"Bratislavský kraj";356;45244;496;45740;NA;97878;852;2021-01-25;58206
2021-01-24;"Bratislavský kraj";175;75508;782;76290;NA;97878;957;2021-01-24;57354
2021-01-23;"Bratislavský kraj";396;158634;1406;160040;NA;97878;1802;2021-01-23;56397
2021-01-22;"Bratislavský kraj";199;83593;729;84322;NA;97878;928;2021-01-22;54595
2021-01-21;"Bratislavský kraj";255;211278;2634;213912;NA;97878;2889;2021-01-21;53667
2021-01-20;"Bratislavský kraj";360;54164;914;55078;NA;97878;1274;2021-01-20;50778
2021-01-19;"Bratislavský kraj";375;27496;678;28174;NA;97878;1053;2021-01-19;49504
2021-01-18;"Bratislavský kraj";357;23954;1414;25368;NA;97878;1771;2021-01-18;48451
2021-01-17;"Bratislavský kraj";244;852;52;904;NA;97878;296;2021-01-17;46680
2021-01-16;"Bratislavský kraj";70;5816;312;6128;NA;97878;382;2021-01-16;46384
2021-01-15;"Bratislavský kraj";251;15488;512;16000;NA;97878;763;2021-01-15;46002
2021-01-14;"Bratislavský kraj";363;16632;546;17178;NA;97878;909;2021-01-14;45239
2021-01-13;"Bratislavský kraj";336;16080;658;16738;NA;97878;994;2021-01-13;44330
2021-01-12;"Bratislavský kraj";450;19288;928;20216;NA;97878;1378;2021-01-12;43336
2021-01-11;"Bratislavský kraj";397;38430;760;39190;NA;97878;1157;2021-01-11;41958
2021-01-10;"Bratislavský kraj";252;2704;158;2862;NA;97878;410;2021-01-10;40801
2021-01-09;"Bratislavský kraj";351;9892;582;10474;NA;97878;933;2021-01-09;40391
2021-01-08;"Bratislavský kraj";556;19760;872;20632;NA;97878;1428;2021-01-08;39458
2021-01-07;"Bratislavský kraj";537;14322;824;15146;NA;97878;1361;2021-01-07;38030
2021-01-06;"Bratislavský kraj";271;6150;432;6582;NA;97878;703;2021-01-06;36669
2021-01-05;"Bratislavský kraj";619;21460;1688;23148;NA;97878;2307;2021-01-05;35966
2021-01-04;"Bratislavský kraj";601;14762;1212;15974;NA;97878;1813;2021-01-04;33659
2021-01-03;"Bratislavský kraj";77;788;82;870;NA;97878;159;2021-01-03;31846
2021-01-02;"Bratislavský kraj";185;768;114;882;NA;97878;299;2021-01-02;31687
2021-01-01;"Bratislavský kraj";235;6420;262;6682;NA;97878;497;2021-01-01;31388
2020-12-31;"Bratislavský kraj";925;14638;589;15227;NA;97878;1514;2020-12-31;30891
2020-12-30;"Bratislavský kraj";650;9327;528;9855;NA;97878;1178;2020-12-30;29377
2020-12-29;"Bratislavský kraj";303;10365;776;11141;NA;97878;1079;2020-12-29;28199
2020-12-28;"Bratislavský kraj";255;7687;560;8247;NA;97878;815;2020-12-28;27120
2020-12-27;"Bratislavský kraj";160;659;76;735;NA;97878;236;2020-12-27;26305
2020-12-26;"Bratislavský kraj";75;426;27;453;NA;97878;102;2020-12-26;26069
2020-12-25;"Bratislavský kraj";114;460;38;498;NA;97878;152;2020-12-25;25967
2020-12-24;"Bratislavský kraj";536;3381;102;3483;NA;97878;638;2020-12-24;25815
2020-12-23;"Bratislavský kraj";416;13159;500;13659;NA;97878;916;2020-12-23;25177
2020-12-22;"Bratislavský kraj";327;15248;772;16020;NA;97878;1099;2020-12-22;24261
2020-12-21;"Bratislavský kraj";392;14970;2007;16977;NA;97878;2399;2020-12-21;23162
2020-12-20;"Bratislavský kraj";180;643;54;697;NA;97878;234;2020-12-20;20763
2020-12-19;"Bratislavský kraj";396;3164;130;3294;NA;97878;526;2020-12-19;20529
2020-12-18;"Bratislavský kraj";306;10672;401;11073;NA;97878;707;2020-12-18;20003
2020-12-17;"Bratislavský kraj";502;10217;412;10629;NA;97878;914;2020-12-17;19296
2020-12-16;"Bratislavský kraj";282;10546;452;10998;NA;97878;734;2020-12-16;18382
2020-12-15;"Bratislavský kraj";423;10741;479;11220;NA;97878;902;2020-12-15;17648
2020-12-14;"Bratislavský kraj";279;6526;293;6819;NA;97878;572;2020-12-14;16746
2020-12-13;"Bratislavský kraj";125;123;10;133;NA;97878;135;2020-12-13;16174
2020-12-12;"Bratislavský kraj";361;3863;157;4020;NA;97878;518;2020-12-12;16039
2020-12-11;"Bratislavský kraj";326;7203;289;7492;NA;97878;615;2020-12-11;15521
2020-12-10;"Bratislavský kraj";286;5104;209;5313;NA;97878;495;2020-12-10;14906
2020-12-09;"Bratislavský kraj";382;4712;178;4890;NA;97878;560;2020-12-09;14411
2020-12-08;"Bratislavský kraj";234;5793;207;6000;NA;97878;441;2020-12-08;13851
2020-12-07;"Bratislavský kraj";272;4078;152;4230;NA;97878;424;2020-12-07;13410
2020-12-06;"Bratislavský kraj";61;1586;52;1638;NA;97878;113;2020-12-06;12986
2020-12-05;"Bratislavský kraj";266;2148;41;2189;NA;97878;307;2020-12-05;12873
2020-12-04;"Bratislavský kraj";200;4789;99;4888;NA;97878;299;2020-12-04;12566
2020-12-03;"Bratislavský kraj";213;5071;95;5166;NA;97878;308;2020-12-03;12267
2020-12-02;"Bratislavský kraj";205;2831;95;2926;NA;97878;300;2020-12-02;11959
2020-12-01;"Bratislavský kraj";255;3943;204;4147;NA;97878;459;2020-12-01;11659
2020-11-30;"Bratislavský kraj";152;2153;121;2274;NA;97878;273;2020-11-30;11200
2020-11-29;"Bratislavský kraj";52;7;3;10;NA;97878;55;2020-11-29;10927
2020-11-28;"Bratislavský kraj";232;1509;18;1527;NA;97878;250;2020-11-28;10872
2020-11-27;"Bratislavský kraj";54;1198;29;1227;NA;97878;83;2020-11-27;10622
2020-11-26;"Bratislavský kraj";129;1114;25;1139;NA;97878;154;2020-11-26;10539
2020-11-25;"Bratislavský kraj";140;1133;31;1164;NA;97878;171;2020-11-25;10385
2020-11-24;"Bratislavský kraj";81;2988;67;3055;NA;97878;148;2020-11-24;10214
2020-11-23;"Bratislavský kraj";67;405;13;418;NA;97878;80;2020-11-23;10066
2020-11-22;"Bratislavský kraj";36;81;7;88;NA;97878;43;2020-11-22;9986
2020-11-21;"Bratislavský kraj";109;2126;47;2173;NA;97878;156;2020-11-21;9943
2020-11-20;"Bratislavský kraj";118;2869;48;2917;NA;97878;166;2020-11-20;9787
2020-11-19;"Bratislavský kraj";173;987;29;1016;NA;97878;202;2020-11-19;9621
2020-11-18;"Bratislavský kraj";118;616;75;691;NA;97878;193;2020-11-18;9419
2020-11-17;"Bratislavský kraj";108;928;23;951;NA;97878;131;2020-11-17;9226
2020-11-16;"Bratislavský kraj";82;651;9;660;NA;97878;91;2020-11-16;9095
2020-11-15;"Bratislavský kraj";47;236;0;236;NA;97878;47;2020-11-15;9004
2020-11-14;"Bratislavský kraj";53;1834;15;1849;NA;97878;68;2020-11-14;8957
2020-11-13;"Bratislavský kraj";94;2096;21;2117;NA;97878;115;2020-11-13;8889
2020-11-12;"Bratislavský kraj";141;1727;6;1733;NA;97878;147;2020-11-12;8774
2020-11-11;"Bratislavský kraj";159;1429;12;1441;NA;97878;171;2020-11-11;8627
2020-11-10;"Bratislavský kraj";136;805;14;819;NA;97878;150;2020-11-10;8456
2020-11-09;"Bratislavský kraj";70;466;1;467;NA;97878;71;2020-11-09;8306
2020-11-08;"Bratislavský kraj";82;869;6;875;NA;97878;88;2020-11-08;8235
2020-11-07;"Bratislavský kraj";88;4039;17;4056;NA;97878;105;2020-11-07;8147
2020-11-06;"Bratislavský kraj";281;6441;25;6466;NA;97878;306;2020-11-06;8042
2020-11-05;"Bratislavský kraj";175;476;11;487;NA;97878;186;2020-11-05;7736
2020-11-04;"Bratislavský kraj";65;411;10;421;NA;97878;75;2020-11-04;7550
2020-11-03;"Bratislavský kraj";251;944;5;949;NA;97878;256;2020-11-03;7475
2020-11-02;"Bratislavský kraj";202;3365;22;3387;NA;97878;224;2020-11-02;7219
2020-11-01;"Bratislavský kraj";227;8694;39;8733;NA;97878;266;2020-11-01;6995
2020-10-31;"Bratislavský kraj";173;22407;123;22530;NA;97878;296;2020-10-31;6729
2020-10-30;"Bratislavský kraj";158;17350;138;17488;NA;97878;296;2020-10-30;6433
2020-10-29;"Bratislavský kraj";262;116;4;120;NA;97878;266;2020-10-29;6137
2020-10-28;"Bratislavský kraj";220;260;15;275;NA;97878;235;2020-10-28;5871
2020-10-27;"Bratislavský kraj";256;145;4;149;NA;97878;260;2020-10-27;5636
2020-10-26;"Bratislavský kraj";123;229;11;240;NA;97878;134;2020-10-26;5376
2020-10-25;"Bratislavský kraj";152;33;2;35;NA;97878;154;2020-10-25;5242
2020-10-24;"Bratislavský kraj";170;221;6;227;NA;97878;176;2020-10-24;5088
2020-10-23;"Bratislavský kraj";151;144;8;152;NA;97878;159;2020-10-23;4912
2020-10-22;"Bratislavský kraj";192;204;15;219;NA;97878;207;2020-10-22;4753
2020-10-21;"Bratislavský kraj";66;90;6;96;NA;97878;72;2020-10-21;4546
2020-10-20;"Bratislavský kraj";183;97;4;101;NA;97878;187;2020-10-20;4474
2020-10-19;"Bratislavský kraj";148;80;3;83;NA;97878;151;2020-10-19;4287
2020-10-18;"Bratislavský kraj";75;92;0;92;NA;97878;75;2020-10-18;4136
2020-10-17;"Bratislavský kraj";136;0;0;0;NA;97878;136;2020-10-17;4061
2020-10-16;"Bratislavský kraj";103;14;1;15;NA;97878;104;2020-10-16;3925
2020-10-15;"Bratislavský kraj";135;6;1;7;NA;97878;136;2020-10-15;3821
2020-10-14;"Bratislavský kraj";127;4;0;4;NA;97878;127;2020-10-14;3685
2020-10-13;"Bratislavský kraj";86;108;8;116;NA;97878;94;2020-10-13;3558
2020-10-12;"Bratislavský kraj";46;0;0;0;NA;97878;46;2020-10-12;3464
2020-10-11;"Bratislavský kraj";80;0;0;0;NA;97878;80;2020-10-11;3418
2020-10-10;"Bratislavský kraj";55;0;0;0;NA;97878;55;2020-10-10;3338
2020-10-09;"Bratislavský kraj";148;0;0;0;NA;97878;148;2020-10-09;3283
2020-10-08;"Bratislavský kraj";100;0;0;0;NA;97878;100;2020-10-08;3135
2020-10-07;"Bratislavský kraj";107;0;0;0;NA;97878;107;2020-10-07;3035
2020-10-06;"Bratislavský kraj";108;0;0;0;NA;97878;108;2020-10-06;2928
2020-10-05;"Bratislavský kraj";30;0;0;0;NA;97878;30;2020-10-05;2820
2020-10-04;"Bratislavský kraj";49;0;0;0;NA;97878;49;2020-10-04;2790
2020-10-03;"Bratislavský kraj";82;0;0;0;NA;97878;82;2020-10-03;2741
2020-10-02;"Bratislavský kraj";101;0;0;0;NA;97878;101;2020-10-02;2659
2020-10-01;"Bratislavský kraj";72;0;0;0;NA;97878;72;2020-10-01;2558
2020-09-30;"Bratislavský kraj";91;0;0;0;NA;97878;91;2020-09-30;2486
2020-09-29;"Bratislavský kraj";74;0;0;0;NA;97878;74;2020-09-29;2395
2020-09-28;"Bratislavský kraj";29;0;0;0;NA;97878;29;2020-09-28;2321
2020-09-27;"Bratislavský kraj";48;0;0;0;NA;97878;48;2020-09-27;2292
2020-09-26;"Bratislavský kraj";86;0;0;0;NA;97878;86;2020-09-26;2244
2020-09-25;"Bratislavský kraj";97;0;0;0;NA;97878;97;2020-09-25;2158
2020-09-24;"Bratislavský kraj";73;0;0;0;NA;97878;73;2020-09-24;2061
2020-09-23;"Bratislavský kraj";55;0;0;0;NA;97878;55;2020-09-23;1988
2020-09-22;"Bratislavský kraj";81;0;0;0;NA;97878;81;2020-09-22;1933
2020-09-21;"Bratislavský kraj";32;0;0;0;NA;97878;32;2020-09-21;1852
2020-09-20;"Bratislavský kraj";25;0;0;0;NA;97878;25;2020-09-20;1820
2020-09-19;"Bratislavský kraj";59;0;0;0;NA;97878;59;2020-09-19;1795
2020-09-18;"Bratislavský kraj";42;0;0;0;NA;97878;42;2020-09-18;1736
2020-09-17;"Bratislavský kraj";52;0;0;0;NA;97878;52;2020-09-17;1694
2020-09-16;"Bratislavský kraj";32;0;0;0;NA;97878;32;2020-09-16;1642
2020-09-15;"Bratislavský kraj";26;0;0;0;NA;97878;26;2020-09-15;1610
2020-09-14;"Bratislavský kraj";24;0;0;0;NA;97878;24;2020-09-14;1584
2020-09-13;"Bratislavský kraj";11;0;0;0;NA;97878;11;2020-09-13;1560
2020-09-12;"Bratislavský kraj";24;0;0;0;NA;97878;24;2020-09-12;1549
2020-09-11;"Bratislavský kraj";50;0;0;0;NA;97878;50;2020-09-11;1525
2020-09-10;"Bratislavský kraj";47;0;0;0;NA;97878;47;2020-09-10;1475
2020-09-09;"Bratislavský kraj";40;0;0;0;NA;97878;40;2020-09-09;1428
2020-09-08;"Bratislavský kraj";58;0;0;0;NA;97878;58;2020-09-08;1388
2020-09-07;"Bratislavský kraj";39;0;0;0;NA;97878;39;2020-09-07;1330
2020-09-06;"Bratislavský kraj";11;0;0;0;NA;97878;11;2020-09-06;1291
2020-09-05;"Bratislavský kraj";37;0;0;0;NA;97878;37;2020-09-05;1280
2020-09-04;"Bratislavský kraj";87;0;0;0;NA;97878;87;2020-09-04;1243
2020-09-03;"Bratislavský kraj";51;0;0;0;NA;97878;51;2020-09-03;1156
2020-09-02;"Bratislavský kraj";50;0;0;0;NA;97878;50;2020-09-02;1105
2020-09-01;"Bratislavský kraj";16;0;0;0;NA;97878;16;2020-09-01;1055
2020-08-31;"Bratislavský kraj";19;0;0;0;NA;97878;19;2020-08-31;1039
2020-08-30;"Bratislavský kraj";9;0;0;0;NA;97878;9;2020-08-30;1020
2020-08-29;"Bratislavský kraj";12;0;0;0;NA;97878;12;2020-08-29;1011
2020-08-28;"Bratislavský kraj";35;0;0;0;NA;97878;35;2020-08-28;999
2020-08-27;"Bratislavský kraj";33;0;0;0;NA;97878;33;2020-08-27;964
2020-08-26;"Bratislavský kraj";27;0;0;0;NA;97878;27;2020-08-26;931
2020-08-25;"Bratislavský kraj";29;0;0;0;NA;97878;29;2020-08-25;904
2020-08-24;"Bratislavský kraj";6;0;0;0;NA;97878;6;2020-08-24;875
2020-08-23;"Bratislavský kraj";45;0;0;0;NA;97878;45;2020-08-23;869
2020-08-22;"Bratislavský kraj";13;0;0;0;NA;97878;13;2020-08-22;824
2020-08-21;"Bratislavský kraj";46;0;0;0;NA;97878;46;2020-08-21;811
2020-08-20;"Bratislavský kraj";41;0;0;0;NA;97878;41;2020-08-20;765
2020-08-19;"Bratislavský kraj";27;0;0;0;NA;97878;27;2020-08-19;724
2020-08-18;"Bratislavský kraj";47;0;0;0;NA;97878;47;2020-08-18;697
2020-08-17;"Bratislavský kraj";2;0;0;0;NA;97878;2;2020-08-17;650
2020-08-16;"Bratislavský kraj";3;0;0;0;NA;97878;3;2020-08-16;648
2020-08-15;"Bratislavský kraj";18;0;0;0;NA;97878;18;2020-08-15;645
2020-08-14;"Bratislavský kraj";16;0;0;0;NA;97878;16;2020-08-14;627
2020-08-13;"Bratislavský kraj";12;0;0;0;NA;97878;12;2020-08-13;611
2020-08-12;"Bratislavský kraj";10;0;0;0;NA;97878;10;2020-08-12;599
2020-08-11;"Bratislavský kraj";23;0;0;0;NA;97878;23;2020-08-11;589
2020-08-10;"Bratislavský kraj";2;0;0;0;NA;97878;2;2020-08-10;566
2020-08-09;"Bratislavský kraj";2;0;0;0;NA;97878;2;2020-08-09;564
2020-08-08;"Bratislavský kraj";1;0;0;0;NA;97878;1;2020-08-08;562
2020-08-07;"Bratislavský kraj";9;0;0;0;NA;97878;9;2020-08-07;561
2020-08-06;"Bratislavský kraj";15;0;0;0;NA;97878;15;2020-08-06;552
2020-08-05;"Bratislavský kraj";11;0;0;0;NA;97878;11;2020-08-05;537
2020-08-04;"Bratislavský kraj";21;0;0;0;NA;97878;21;2020-08-04;526
2020-08-03;"Bratislavský kraj";7;0;0;0;NA;97878;7;2020-08-03;505
2020-07-31;"Bratislavský kraj";14;0;0;0;NA;97878;14;2020-07-31;498
2020-07-30;"Bratislavský kraj";6;0;0;0;NA;97878;6;2020-07-30;484
2020-07-29;"Bratislavský kraj";7;0;0;0;NA;97878;7;2020-07-29;478
2020-07-28;"Bratislavský kraj";14;0;0;0;NA;97878;14;2020-07-28;471
2020-07-27;"Bratislavský kraj";3;0;0;0;NA;97878;3;2020-07-27;457
2020-07-25;"Bratislavský kraj";8;0;0;0;NA;97878;8;2020-07-25;454
2020-07-24;"Bratislavský kraj";2;0;0;0;NA;97878;2;2020-07-24;446
2020-07-23;"Bratislavský kraj";8;0;0;0;NA;97878;8;2020-07-23;444
2020-07-22;"Bratislavský kraj";11;0;0;0;NA;97878;11;2020-07-22;436
2020-07-21;"Bratislavský kraj";8;0;0;0;NA;97878;8;2020-07-21;425
2020-07-20;"Bratislavský kraj";12;0;0;0;NA;97878;12;2020-07-20;417
2020-07-18;"Bratislavský kraj";2;0;0;0;NA;97878;2;2020-07-18;405
2020-07-17;"Bratislavský kraj";2;0;0;0;NA;97878;2;2020-07-17;403
2020-07-16;"Bratislavský kraj";6;0;0;0;NA;97878;6;2020-07-16;401
2020-07-15;"Bratislavský kraj";3;0;0;0;NA;97878;3;2020-07-15;395
2020-07-14;"Bratislavský kraj";2;0;0;0;NA;97878;2;2020-07-14;392
2020-07-13;"Bratislavský kraj";2;0;0;0;NA;97878;2;2020-07-13;390
2020-07-10;"Bratislavský kraj";8;0;0;0;NA;97878;8;2020-07-10;388
2020-07-09;"Bratislavský kraj";2;0;0;0;NA;97878;2;2020-07-09;380
2020-07-08;"Bratislavský kraj";11;0;0;0;NA;97878;11;2020-07-08;378
2020-07-07;"Bratislavský kraj";5;0;0;0;NA;97878;5;2020-07-07;367
2020-07-06;"Bratislavský kraj";1;0;0;0;NA;97878;1;2020-07-06;362
2020-07-04;"Bratislavský kraj";3;0;0;0;NA;97878;3;2020-07-04;361
2020-07-03;"Bratislavský kraj";1;0;0;0;NA;97878;1;2020-07-03;358
2020-07-01;"Bratislavský kraj";7;0;0;0;NA;97878;7;2020-07-01;357
2020-06-30;"Bratislavský kraj";3;0;0;0;NA;97878;3;2020-06-30;350
2020-06-29;"Bratislavský kraj";1;0;0;0;NA;97878;1;2020-06-29;347
2020-06-27;"Bratislavský kraj";1;0;0;0;NA;97878;1;2020-06-27;346
2020-06-26;"Bratislavský kraj";6;0;0;0;NA;97878;6;2020-06-26;345
2020-06-24;"Bratislavský kraj";3;0;0;0;NA;97878;3;2020-06-24;339
2020-06-22;"Bratislavský kraj";1;0;0;0;NA;97878;1;2020-06-22;336
2020-06-19;"Bratislavský kraj";3;0;0;0;NA;97878;3;2020-06-19;335
2020-06-14;"Bratislavský kraj";2;0;0;0;NA;97878;2;2020-06-14;332
2020-06-13;"Bratislavský kraj";1;0;0;0;NA;97878;1;2020-06-13;330
2020-06-12;"Bratislavský kraj";2;0;0;0;NA;97878;2;2020-06-12;329
2020-06-08;"Bratislavský kraj";1;0;0;0;NA;97878;1;2020-06-08;327
2020-06-03;"Bratislavský kraj";1;0;0;0;NA;97878;1;2020-06-03;326
2020-05-27;"Bratislavský kraj";1;0;0;0;NA;97878;1;2020-05-27;325
2020-05-23;"Bratislavský kraj";2;0;0;0;NA;97878;2;2020-05-23;324
2020-05-12;"Bratislavský kraj";2;0;0;0;NA;97878;2;2020-05-12;322
2020-05-07;"Bratislavský kraj";1;0;0;0;NA;97878;1;2020-05-07;320
2020-05-06;"Bratislavský kraj";3;0;0;0;NA;97878;3;2020-05-06;319
2020-05-03;"Bratislavský kraj";2;0;0;0;NA;97878;2;2020-05-03;316
2020-04-30;"Bratislavský kraj";5;0;0;0;NA;97878;5;2020-04-30;314
2020-04-28;"Bratislavský kraj";2;0;0;0;NA;97878;2;2020-04-28;309
2020-04-26;"Bratislavský kraj";1;0;0;0;NA;97878;1;2020-04-26;307
2020-04-24;"Bratislavský kraj";2;0;0;0;NA;97878;2;2020-04-24;306
2020-04-23;"Bratislavský kraj";6;0;0;0;NA;97878;6;2020-04-23;304
2020-04-22;"Bratislavský kraj";11;0;0;0;NA;97878;11;2020-04-22;298
2020-04-21;"Bratislavský kraj";4;0;0;0;NA;97878;4;2020-04-21;287
2020-04-19;"Bratislavský kraj";4;0;0;0;NA;97878;4;2020-04-19;283
2020-04-18;"Bratislavský kraj";5;0;0;0;NA;97878;5;2020-04-18;279
2020-04-17;"Bratislavský kraj";6;0;0;0;NA;97878;6;2020-04-17;274
2020-04-16;"Bratislavský kraj";15;0;0;0;NA;97878;15;2020-04-16;268
2020-04-15;"Bratislavský kraj";11;0;0;0;NA;97878;11;2020-04-15;253
2020-04-14;"Bratislavský kraj";19;0;0;0;NA;97878;19;2020-04-14;242
2020-04-13;"Bratislavský kraj";53;0;0;0;NA;97878;53;2020-04-13;223
2020-04-12;"Bratislavský kraj";3;0;0;0;NA;97878;3;2020-04-12;170
2020-04-11;"Bratislavský kraj";1;0;0;0;NA;97878;1;2020-04-11;167
2020-04-10;"Bratislavský kraj";8;0;0;0;NA;97878;8;2020-04-10;166
2020-04-09;"Bratislavský kraj";3;0;0;0;NA;97878;3;2020-04-09;158
2020-04-08;"Bratislavský kraj";3;0;0;0;NA;97878;3;2020-04-08;155
2020-04-07;"Bratislavský kraj";24;0;0;0;NA;97878;24;2020-04-07;152
2020-04-06;"Bratislavský kraj";5;0;0;0;NA;97878;5;2020-04-06;128
2020-04-05;"Bratislavský kraj";6;0;0;0;NA;97878;6;2020-04-05;123
2020-04-04;"Bratislavský kraj";2;0;0;0;NA;97878;2;2020-04-04;117
2020-04-03;"Bratislavský kraj";1;0;0;0;NA;97878;1;2020-04-03;115
2020-04-02;"Bratislavský kraj";2;0;0;0;NA;97878;2;2020-04-02;114
2020-04-01;"Bratislavský kraj";5;0;0;0;NA;97878;5;2020-04-01;112
2020-03-31;"Bratislavský kraj";19;0;0;0;NA;97878;19;2020-03-31;107
2020-03-30;"Bratislavský kraj";6;0;0;0;NA;97878;6;2020-03-30;88
2020-03-29;"Bratislavský kraj";8;0;0;0;NA;97878;8;2020-03-29;82
2020-03-28;"Bratislavský kraj";4;0;0;0;NA;97878;4;2020-03-28;74
2020-03-27;"Bratislavský kraj";3;0;0;0;NA;97878;3;2020-03-27;70
2020-03-26;"Bratislavský kraj";15;0;0;0;NA;97878;15;2020-03-26;67
2020-03-25;"Bratislavský kraj";1;0;0;0;NA;97878;1;2020-03-25;52
2020-03-24;"Bratislavský kraj";4;0;0;0;NA;97878;4;2020-03-24;51
2020-03-23;"Bratislavský kraj";9;0;0;0;NA;97878;9;2020-03-23;47
2020-03-22;"Bratislavský kraj";2;0;0;0;NA;97878;2;2020-03-22;38
2020-03-21;"Bratislavský kraj";22;0;0;0;NA;97878;22;2020-03-21;36
2020-03-20;"Bratislavský kraj";3;0;0;0;NA;97878;3;2020-03-20;14
2020-03-19;"Bratislavský kraj";4;0;0;0;NA;97878;4;2020-03-19;11
2020-03-18;"Bratislavský kraj";3;0;0;0;NA;97878;3;2020-03-18;7
2020-03-17;"Bratislavský kraj";13;0;0;0;NA;97878;13;2020-03-17;4
2020-03-16;"Bratislavský kraj";1;0;0;0;NA;97878;1;2020-03-16;-9
2020-03-15;"Bratislavský kraj";4;0;0;0;NA;97878;4;2020-03-15;-10
2020-03-14;"Bratislavský kraj";9;0;0;0;NA;97878;9;2020-03-14;-14
2020-03-13;"Bratislavský kraj";2;0;0;0;NA;97878;2;2020-03-13;-23
2020-03-12;"Bratislavský kraj";8;0;0;0;NA;97878;8;2020-03-12;-25
2020-03-11;"Bratislavský kraj";3;0;0;0;NA;97878;3;2020-03-11;-33
2020-03-08;"Bratislavský kraj";2;0;0;0;NA;97878;2;2020-03-08;-36
2020-03-07;"Bratislavský kraj";2;0;0;0;NA;97878;2;2020-03-07;-38
2020-03-06;"Bratislavský kraj";1;0;0;0;NA;97878;1;2020-03-06;-40
2021-04-11;"Košický kraj";29;35673;54;35727;49786;99984;83;2021-04-11;99984
2021-04-10;"Košický kraj";138;82055;158;82213;NA;99984;296;2021-04-10;99901
2021-04-09;"Košický kraj";168;33152;121;33273;NA;99984;289;2021-04-09;99605
2021-04-08;"Košický kraj";81;18213;89;18302;NA;99984;170;2021-04-08;99316
2021-04-07;"Košický kraj";232;27911;193;28104;NA;99984;425;2021-04-07;99146
2021-04-06;"Košický kraj";121;32114;146;32260;NA;99984;267;2021-04-06;98721
2021-04-05;"Košický kraj";19;12914;59;12973;NA;99984;78;2021-04-05;98454
2021-04-04;"Košický kraj";33;8808;31;8839;NA;99984;64;2021-04-04;98376
2021-04-03;"Košický kraj";138;87043;219;87262;NA;99984;357;2021-04-03;98312
2021-04-02;"Košický kraj";128;23131;84;23215;NA;99984;212;2021-04-02;97955
2021-04-01;"Košický kraj";165;46076;146;46222;NA;99984;311;2021-04-01;97743
2021-03-31;"Košický kraj";160;29808;127;29935;NA;99984;287;2021-03-31;97432
2021-03-30;"Košický kraj";229;24108;163;24271;NA;99984;392;2021-03-30;97145
2021-03-29;"Košický kraj";78;26003;222;26225;NA;99984;300;2021-03-29;96753
2021-03-28;"Košický kraj";39;30609;76;30685;NA;99984;115;2021-03-28;96453
2021-03-27;"Košický kraj";222;96675;267;96942;NA;99984;489;2021-03-27;96338
2021-03-26;"Košický kraj";233;45260;202;45462;NA;99984;435;2021-03-26;95849
2021-03-25;"Košický kraj";133;23793;174;23967;NA;99984;307;2021-03-25;95414
2021-03-24;"Košický kraj";165;20685;157;20842;NA;99984;322;2021-03-24;95107
2021-03-23;"Košický kraj";202;22480;190;22670;NA;99984;392;2021-03-23;94785
2021-03-22;"Košický kraj";169;23965;211;24176;NA;99984;380;2021-03-22;94393
2021-03-21;"Košický kraj";109;40496;146;40642;NA;99984;255;2021-03-21;94013
2021-03-20;"Košický kraj";126;97970;306;98276;NA;99984;432;2021-03-20;93758
2021-03-19;"Košický kraj";205;45707;258;45965;NA;99984;463;2021-03-19;93326
2021-03-18;"Košický kraj";274;23831;211;24042;NA;99984;485;2021-03-18;92863
2021-03-17;"Košický kraj";177;21559;197;21756;NA;99984;374;2021-03-17;92378
2021-03-16;"Košický kraj";386;23441;226;23667;NA;99984;612;2021-03-16;92004
2021-03-15;"Košický kraj";173;24981;276;25257;NA;99984;449;2021-03-15;91392
2021-03-14;"Košický kraj";145;44419;226;44645;NA;99984;371;2021-03-14;90943
2021-03-13;"Košický kraj";146;103822;481;104303;NA;99984;627;2021-03-13;90572
2021-03-12;"Košický kraj";366;47841;320;48161;NA;99984;686;2021-03-12;89945
2021-03-11;"Košický kraj";396;23225;261;23486;NA;99984;657;2021-03-11;89259
2021-03-10;"Košický kraj";121;22199;268;22467;NA;99984;389;2021-03-10;88602
2021-03-09;"Košický kraj";676;24524;301;24825;NA;99984;977;2021-03-09;88213
2021-03-08;"Košický kraj";559;29679;342;30021;NA;99984;901;2021-03-08;87236
2021-03-07;"Košický kraj";45;35061;229;35290;NA;99984;274;2021-03-07;86335
2021-03-06;"Košický kraj";177;105420;537;105957;NA;99984;714;2021-03-06;86061
2021-03-05;"Košický kraj";439;45557;422;45979;NA;99984;861;2021-03-05;85347
2021-03-04;"Košický kraj";417;23862;321;24183;NA;99984;738;2021-03-04;84486
2021-03-03;"Košický kraj";390;23141;297;23438;NA;99984;687;2021-03-03;83748
2021-03-02;"Košický kraj";464;24157;372;24529;NA;99984;836;2021-03-02;83061
2021-03-01;"Košický kraj";389;29980;512;30492;NA;99984;901;2021-03-01;82225
2021-02-28;"Košický kraj";265;37636;288;37924;NA;99984;553;2021-02-28;81324
2021-02-27;"Košický kraj";301;101274;787;102061;NA;99984;1088;2021-02-27;80771
2021-02-26;"Košický kraj";440;45466;492;45958;NA;99984;932;2021-02-26;79683
2021-02-25;"Košický kraj";331;19872;342;20214;NA;99984;673;2021-02-25;78751
2021-02-24;"Košický kraj";263;18815;506;19321;NA;99984;769;2021-02-24;78078
2021-02-23;"Košický kraj";642;21592;341;21933;NA;99984;983;2021-02-23;77309
2021-02-22;"Košický kraj";362;30830;434;31264;NA;99984;796;2021-02-22;76326
2021-02-21;"Košický kraj";170;40464;385;40849;NA;99984;555;2021-02-21;75530
2021-02-20;"Košický kraj";283;92550;770;93320;NA;99984;1053;2021-02-20;74975
2021-02-19;"Košický kraj";507;42016;586;42602;NA;99984;1093;2021-02-19;73922
2021-02-18;"Košický kraj";397;18442;345;18787;NA;99984;742;2021-02-18;72829
2021-02-17;"Košický kraj";322;18080;387;18467;NA;99984;709;2021-02-17;72087
2021-02-16;"Košický kraj";600;22137;463;22600;NA;99984;1063;2021-02-16;71378
2021-02-15;"Košický kraj";216;24866;369;25235;NA;99984;585;2021-02-15;70315
2021-02-14;"Košický kraj";241;56743;524;57267;NA;99984;765;2021-02-14;69730
2021-02-13;"Košický kraj";206;93559;765;94324;NA;99984;971;2021-02-13;68965
2021-02-12;"Košický kraj";448;50169;611;50780;NA;99984;1059;2021-02-12;67994
2021-02-11;"Košický kraj";435;14524;323;14847;NA;99984;758;2021-02-11;66935
2021-02-10;"Košický kraj";360;18475;431;18906;NA;99984;791;2021-02-10;66177
2021-02-09;"Košický kraj";545;24920;464;25384;NA;99984;1009;2021-02-09;65386
2021-02-08;"Košický kraj";237;27337;413;27750;NA;99984;650;2021-02-08;64377
2021-02-07;"Košický kraj";208;56897;612;57509;NA;99984;820;2021-02-07;63727
2021-02-06;"Košický kraj";318;101420;857;102277;NA;99984;1175;2021-02-06;62907
2021-02-05;"Košický kraj";384;43337;499;43836;NA;99984;883;2021-02-05;61732
2021-02-04;"Košický kraj";391;14721;370;15091;NA;99984;761;2021-02-04;60849
2021-02-03;"Košický kraj";296;32758;1111;33869;NA;99984;1407;2021-02-03;60088
2021-02-02;"Košický kraj";473;23465;438;23903;NA;99984;911;2021-02-02;58681
2021-02-01;"Košický kraj";415;19335;321;19656;NA;99984;736;2021-02-01;57770
2021-01-31;"Košický kraj";142;107348;1170;108518;NA;99984;1312;2021-01-31;57034
2021-01-30;"Košický kraj";320;153755;1346;155101;NA;99984;1666;2021-01-30;55722
2021-01-29;"Košický kraj";311;74262;912;75174;NA;99984;1223;2021-01-29;54056
2021-01-28;"Košický kraj";540;18050;494;18544;NA;99984;1034;2021-01-28;52833
2021-01-27;"Košický kraj";265;14968;414;15382;NA;99984;679;2021-01-27;51799
2021-01-26;"Košický kraj";530;28512;492;29004;NA;99984;1022;2021-01-26;51120
2021-01-25;"Košický kraj";226;52860;826;53686;NA;99984;1052;2021-01-25;50098
2021-01-24;"Košický kraj";150;90216;1190;91406;NA;99984;1340;2021-01-24;49046
2021-01-23;"Košický kraj";232;164032;1686;165718;NA;99984;1918;2021-01-23;47706
2021-01-22;"Košický kraj";316;39994;530;40524;NA;99984;846;2021-01-22;45788
2021-01-21;"Košický kraj";274;28094;316;28410;NA;99984;590;2021-01-21;44942
2021-01-20;"Košický kraj";374;21686;402;22088;NA;99984;776;2021-01-20;44352
2021-01-19;"Košický kraj";248;19706;364;20070;NA;99984;612;2021-01-19;43576
2021-01-18;"Košický kraj";333;11540;424;11964;NA;99984;757;2021-01-18;42964
2021-01-17;"Košický kraj";155;1070;28;1098;NA;99984;183;2021-01-17;42207
2021-01-16;"Košický kraj";153;2806;94;2900;NA;99984;247;2021-01-16;42024
2021-01-15;"Košický kraj";308;12886;426;13312;NA;99984;734;2021-01-15;41777
2021-01-14;"Košický kraj";358;10942;442;11384;NA;99984;800;2021-01-14;41043
2021-01-13;"Košický kraj";421;9794;452;10246;NA;99984;873;2021-01-13;40243
2021-01-12;"Košický kraj";482;13378;516;13894;NA;99984;998;2021-01-12;39370
2021-01-11;"Košický kraj";309;15890;608;16498;NA;99984;917;2021-01-11;38372
2021-01-10;"Košický kraj";193;268;12;280;NA;99984;205;2021-01-10;37455
2021-01-09;"Košický kraj";469;2268;90;2358;NA;99984;559;2021-01-09;37250
2021-01-08;"Košický kraj";551;16444;776;17220;NA;99984;1327;2021-01-08;36691
2021-01-07;"Košický kraj";251;12806;856;13662;NA;99984;1107;2021-01-07;35364
2021-01-06;"Košický kraj";442;858;66;924;NA;99984;508;2021-01-06;34257
2021-01-05;"Košický kraj";584;16200;1120;17320;NA;99984;1704;2021-01-05;33749
2021-01-04;"Košický kraj";407;14226;1474;15700;NA;99984;1881;2021-01-04;32045
2021-01-03;"Košický kraj";118;1322;44;1366;NA;99984;162;2021-01-03;30164
2021-01-02;"Košický kraj";88;880;104;984;NA;99984;192;2021-01-02;30002
2021-01-01;"Košický kraj";398;1450;98;1548;NA;99984;496;2021-01-01;29810
2020-12-31;"Košický kraj";625;7877;461;8338;NA;99984;1086;2020-12-31;29314
2020-12-30;"Košický kraj";590;6477;412;6889;NA;99984;1002;2020-12-30;28228
2020-12-29;"Košický kraj";419;7573;605;8178;NA;99984;1024;2020-12-29;27226
2020-12-28;"Košický kraj";356;8296;804;9100;NA;99984;1160;2020-12-28;26202
2020-12-27;"Košický kraj";159;147;16;163;NA;99984;175;2020-12-27;25042
2020-12-26;"Košický kraj";163;274;23;297;NA;99984;186;2020-12-26;24867
2020-12-25;"Košický kraj";237;140;10;150;NA;99984;247;2020-12-25;24681
2020-12-24;"Košický kraj";564;1470;90;1560;NA;99984;654;2020-12-24;24434
2020-12-23;"Košický kraj";304;7942;354;8296;NA;99984;658;2020-12-23;23780
2020-12-22;"Košický kraj";438;7920;459;8379;NA;99984;897;2020-12-22;23122
2020-12-21;"Košický kraj";405;6984;509;7493;NA;99984;914;2020-12-21;22225
2020-12-20;"Košický kraj";215;48;8;56;NA;99984;223;2020-12-20;21311
2020-12-19;"Košický kraj";207;1148;59;1207;NA;99984;266;2020-12-19;21088
2020-12-18;"Košický kraj";310;8484;326;8810;NA;99984;636;2020-12-18;20822
2020-12-17;"Košický kraj";463;5292;255;5547;NA;99984;718;2020-12-17;20186
2020-12-16;"Košický kraj";455;5898;316;6214;NA;99984;771;2020-12-16;19468
2020-12-15;"Košický kraj";319;5086;338;5424;NA;99984;657;2020-12-15;18697
2020-12-14;"Košický kraj";256;2893;239;3132;NA;99984;495;2020-12-14;18040
2020-12-13;"Košický kraj";47;181;2;183;NA;99984;49;2020-12-13;17545
2020-12-12;"Košický kraj";369;1587;118;1705;NA;99984;487;2020-12-12;17496
2020-12-11;"Košický kraj";354;5461;258;5719;NA;99984;612;2020-12-11;17009
2020-12-10;"Košický kraj";283;4064;176;4240;NA;99984;459;2020-12-10;16397
2020-12-09;"Košický kraj";279;3786;166;3952;NA;99984;445;2020-12-09;15938
2020-12-08;"Košický kraj";226;4105;355;4460;NA;99984;581;2020-12-08;15493
2020-12-07;"Košický kraj";270;2111;103;2214;NA;99984;373;2020-12-07;14912
2020-12-06;"Košický kraj";121;97;20;117;NA;99984;141;2020-12-06;14539
2020-12-05;"Košický kraj";90;1096;48;1144;NA;99984;138;2020-12-05;14398
2020-12-04;"Košický kraj";224;2680;82;2762;NA;99984;306;2020-12-04;14260
2020-12-03;"Košický kraj";211;7717;173;7890;NA;99984;384;2020-12-03;13954
2020-12-02;"Košický kraj";193;8132;496;8628;NA;99984;689;2020-12-02;13570
2020-12-01;"Košický kraj";178;2237;124;2361;NA;99984;302;2020-12-01;12881
2020-11-30;"Košický kraj";171;3645;58;3703;NA;99984;229;2020-11-30;12579
2020-11-29;"Košický kraj";31;287;16;303;NA;99984;47;2020-11-29;12350
2020-11-28;"Košický kraj";69;721;52;773;NA;99984;121;2020-11-28;12303
2020-11-27;"Košický kraj";149;2729;74;2803;NA;99984;223;2020-11-27;12182
2020-11-26;"Košický kraj";239;1090;55;1145;NA;99984;294;2020-11-26;11959
2020-11-25;"Košický kraj";237;1664;122;1786;NA;99984;359;2020-11-25;11665
2020-11-24;"Košický kraj";196;1871;64;1935;NA;99984;260;2020-11-24;11306
2020-11-23;"Košický kraj";51;3737;54;3791;NA;99984;105;2020-11-23;11046
2020-11-22;"Košický kraj";57;28;3;31;NA;99984;60;2020-11-22;10941
2020-11-21;"Košický kraj";87;858;36;894;NA;99984;123;2020-11-21;10881
2020-11-20;"Košický kraj";176;2989;45;3034;NA;99984;221;2020-11-20;10758
2020-11-19;"Košický kraj";206;1648;40;1688;NA;99984;246;2020-11-19;10537
2020-11-18;"Košický kraj";122;443;16;459;NA;99984;138;2020-11-18;10291
2020-11-17;"Košický kraj";152;82;9;91;NA;99984;161;2020-11-17;10153
2020-11-16;"Košický kraj";114;531;24;555;NA;99984;138;2020-11-16;9992
2020-11-15;"Košický kraj";15;338;7;345;NA;99984;22;2020-11-15;9854
2020-11-14;"Košický kraj";234;520;12;532;NA;99984;246;2020-11-14;9832
2020-11-13;"Košický kraj";207;664;29;693;NA;99984;236;2020-11-13;9586
2020-11-12;"Košický kraj";192;736;13;749;NA;99984;205;2020-11-12;9350
2020-11-11;"Košický kraj";301;593;7;600;NA;99984;308;2020-11-11;9145
2020-11-10;"Košický kraj";190;541;11;552;NA;99984;201;2020-11-10;8837
2020-11-09;"Košický kraj";129;380;5;385;NA;99984;134;2020-11-09;8636
2020-11-08;"Košický kraj";78;1298;8;1306;NA;99984;86;2020-11-08;8502
2020-11-07;"Košický kraj";192;3909;22;3931;NA;99984;214;2020-11-07;8416
2020-11-06;"Košický kraj";195;5310;34;5344;NA;99984;229;2020-11-06;8202
2020-11-05;"Košický kraj";342;330;31;361;NA;99984;373;2020-11-05;7973
2020-11-04;"Košický kraj";101;154;6;160;NA;99984;107;2020-11-04;7600
2020-11-03;"Košický kraj";358;1122;13;1135;NA;99984;371;2020-11-03;7493
2020-11-02;"Košický kraj";111;4368;51;4419;NA;99984;162;2020-11-02;7122
2020-11-01;"Košický kraj";346;6522;34;6556;NA;99984;380;2020-11-01;6960
2020-10-31;"Košický kraj";82;13810;105;13915;NA;99984;187;2020-10-31;6580
2020-10-30;"Košický kraj";379;2835;27;2862;NA;99984;406;2020-10-30;6393
2020-10-29;"Košický kraj";333;983;13;996;NA;99984;346;2020-10-29;5987
2020-10-28;"Košický kraj";224;305;13;318;NA;99984;237;2020-10-28;5641
2020-10-27;"Košický kraj";386;439;21;460;NA;99984;407;2020-10-27;5404
2020-10-26;"Košický kraj";56;191;7;198;NA;99984;63;2020-10-26;4997
2020-10-25;"Košický kraj";154;79;2;81;NA;99984;156;2020-10-25;4934
2020-10-24;"Košický kraj";313;113;15;128;NA;99984;328;2020-10-24;4778
2020-10-23;"Košický kraj";315;331;8;339;NA;99984;323;2020-10-23;4450
2020-10-22;"Košický kraj";349;530;16;546;NA;99984;365;2020-10-22;4127
2020-10-21;"Košický kraj";129;84;2;86;NA;99984;131;2020-10-21;3762
2020-10-20;"Košický kraj";181;14;1;15;NA;99984;182;2020-10-20;3631
2020-10-19;"Košický kraj";64;10;0;10;NA;99984;64;2020-10-19;3449
2020-10-18;"Košický kraj";158;0;0;0;NA;99984;158;2020-10-18;3385
2020-10-17;"Košický kraj";142;0;0;0;NA;99984;142;2020-10-17;3227
2020-10-16;"Košický kraj";206;19;0;19;NA;99984;206;2020-10-16;3085
2020-10-15;"Košický kraj";177;19;5;24;NA;99984;182;2020-10-15;2879
2020-10-14;"Košický kraj";211;8;0;8;NA;99984;211;2020-10-14;2697
2020-10-13;"Košický kraj";179;80;3;83;NA;99984;182;2020-10-13;2486
2020-10-12;"Košický kraj";74;0;0;0;NA;99984;74;2020-10-12;2304
2020-10-11;"Košický kraj";121;0;0;0;NA;99984;121;2020-10-11;2230
2020-10-10;"Košický kraj";70;0;0;0;NA;99984;70;2020-10-10;2109
2020-10-09;"Košický kraj";188;0;0;0;NA;99984;188;2020-10-09;2039
2020-10-08;"Košický kraj";102;0;0;0;NA;99984;102;2020-10-08;1851
2020-10-07;"Košický kraj";158;0;0;0;NA;99984;158;2020-10-07;1749
2020-10-06;"Košický kraj";70;0;0;0;NA;99984;70;2020-10-06;1591
2020-10-05;"Košický kraj";39;0;0;0;NA;99984;39;2020-10-05;1521
2020-10-04;"Košický kraj";45;0;0;0;NA;99984;45;2020-10-04;1482
2020-10-03;"Košický kraj";105;0;0;0;NA;99984;105;2020-10-03;1437
2020-10-02;"Košický kraj";57;0;0;0;NA;99984;57;2020-10-02;1332
2020-10-01;"Košický kraj";69;0;0;0;NA;99984;69;2020-10-01;1275
2020-09-30;"Košický kraj";95;0;0;0;NA;99984;95;2020-09-30;1206
2020-09-29;"Košický kraj";75;0;0;0;NA;99984;75;2020-09-29;1111
2020-09-28;"Košický kraj";19;0;0;0;NA;99984;19;2020-09-28;1036
2020-09-27;"Košický kraj";21;0;0;0;NA;99984;21;2020-09-27;1017
2020-09-26;"Košický kraj";53;0;0;0;NA;99984;53;2020-09-26;996
2020-09-25;"Košický kraj";72;0;0;0;NA;99984;72;2020-09-25;943
2020-09-24;"Košický kraj";35;0;0;0;NA;99984;35;2020-09-24;871
2020-09-23;"Košický kraj";23;0;0;0;NA;99984;23;2020-09-23;836
2020-09-22;"Košický kraj";39;0;0;0;NA;99984;39;2020-09-22;813
2020-09-21;"Košický kraj";5;0;0;0;NA;99984;5;2020-09-21;774
2020-09-20;"Košický kraj";3;0;0;0;NA;99984;3;2020-09-20;769
2020-09-19;"Košický kraj";13;0;0;0;NA;99984;13;2020-09-19;766
2020-09-18;"Košický kraj";20;0;0;0;NA;99984;20;2020-09-18;753
2020-09-17;"Košický kraj";22;0;0;0;NA;99984;22;2020-09-17;733
2020-09-16;"Košický kraj";12;0;0;0;NA;99984;12;2020-09-16;711
2020-09-15;"Košický kraj";10;0;0;0;NA;99984;10;2020-09-15;699
2020-09-14;"Košický kraj";6;0;0;0;NA;99984;6;2020-09-14;689
2020-09-13;"Košický kraj";3;0;0;0;NA;99984;3;2020-09-13;683
2020-09-12;"Košický kraj";16;0;0;0;NA;99984;16;2020-09-12;680
2020-09-11;"Košický kraj";20;0;0;0;NA;99984;20;2020-09-11;664
2020-09-10;"Košický kraj";11;0;0;0;NA;99984;11;2020-09-10;644
2020-09-09;"Košický kraj";37;0;0;0;NA;99984;37;2020-09-09;633
2020-09-08;"Košický kraj";10;0;0;0;NA;99984;10;2020-09-08;596
2020-09-07;"Košický kraj";4;0;0;0;NA;99984;4;2020-09-07;586
2020-09-06;"Košický kraj";2;0;0;0;NA;99984;2;2020-09-06;582
2020-09-05;"Košický kraj";10;0;0;0;NA;99984;10;2020-09-05;580
2020-09-04;"Košický kraj";14;0;0;0;NA;99984;14;2020-09-04;570
2020-09-03;"Košický kraj";22;0;0;0;NA;99984;22;2020-09-03;556
2020-09-02;"Košický kraj";13;0;0;0;NA;99984;13;2020-09-02;534
2020-09-01;"Košický kraj";21;0;0;0;NA;99984;21;2020-09-01;521
2020-08-31;"Košický kraj";9;0;0;0;NA;99984;9;2020-08-31;500
2020-08-30;"Košický kraj";21;0;0;0;NA;99984;21;2020-08-30;491
2020-08-29;"Košický kraj";1;0;0;0;NA;99984;1;2020-08-29;470
2020-08-28;"Košický kraj";19;0;0;0;NA;99984;19;2020-08-28;469
2020-08-27;"Košický kraj";15;0;0;0;NA;99984;15;2020-08-27;450
2020-08-26;"Košický kraj";8;0;0;0;NA;99984;8;2020-08-26;435
2020-08-25;"Košický kraj";23;0;0;0;NA;99984;23;2020-08-25;427
2020-08-24;"Košický kraj";6;0;0;0;NA;99984;6;2020-08-24;404
2020-08-23;"Košický kraj";8;0;0;0;NA;99984;8;2020-08-23;398
2020-08-22;"Košický kraj";13;0;0;0;NA;99984;13;2020-08-22;390
2020-08-21;"Košický kraj";10;0;0;0;NA;99984;10;2020-08-21;377
2020-08-20;"Košický kraj";10;0;0;0;NA;99984;10;2020-08-20;367
2020-08-19;"Košický kraj";3;0;0;0;NA;99984;3;2020-08-19;357
2020-08-18;"Košický kraj";7;0;0;0;NA;99984;7;2020-08-18;354
2020-08-17;"Košický kraj";2;0;0;0;NA;99984;2;2020-08-17;347
2020-08-16;"Košický kraj";2;0;0;0;NA;99984;2;2020-08-16;345
2020-08-15;"Košický kraj";3;0;0;0;NA;99984;3;2020-08-15;343
2020-08-14;"Košický kraj";1;0;0;0;NA;99984;1;2020-08-14;340
2020-08-13;"Košický kraj";3;0;0;0;NA;99984;3;2020-08-13;339
2020-08-12;"Košický kraj";12;0;0;0;NA;99984;12;2020-08-12;336
2020-08-11;"Košický kraj";5;0;0;0;NA;99984;5;2020-08-11;324
2020-08-10;"Košický kraj";1;0;0;0;NA;99984;1;2020-08-10;319
2020-08-08;"Košický kraj";5;0;0;0;NA;99984;5;2020-08-08;318
2020-08-07;"Košický kraj";7;0;0;0;NA;99984;7;2020-08-07;313
2020-08-06;"Košický kraj";3;0;0;0;NA;99984;3;2020-08-06;306
2020-08-05;"Košický kraj";4;0;0;0;NA;99984;4;2020-08-05;303
2020-08-04;"Košický kraj";1;0;0;0;NA;99984;1;2020-08-04;299
2020-08-03;"Košický kraj";1;0;0;0;NA;99984;1;2020-08-03;298
2020-07-30;"Košický kraj";2;0;0;0;NA;99984;2;2020-07-30;297
2020-07-29;"Košický kraj";1;0;0;0;NA;99984;1;2020-07-29;295
2020-07-28;"Košický kraj";9;0;0;0;NA;99984;9;2020-07-28;294
2020-07-27;"Košický kraj";4;0;0;0;NA;99984;4;2020-07-27;285
2020-07-25;"Košický kraj";2;0;0;0;NA;99984;2;2020-07-25;281
2020-07-24;"Košický kraj";2;0;0;0;NA;99984;2;2020-07-24;279
2020-07-23;"Košický kraj";1;0;0;0;NA;99984;1;2020-07-23;277
2020-07-22;"Košický kraj";1;0;0;0;NA;99984;1;2020-07-22;276
2020-07-18;"Košický kraj";1;0;0;0;NA;99984;1;2020-07-18;275
2020-07-17;"Košický kraj";1;0;0;0;NA;99984;1;2020-07-17;274
2020-07-15;"Košický kraj";2;0;0;0;NA;99984;2;2020-07-15;273
2020-07-14;"Košický kraj";1;0;0;0;NA;99984;1;2020-07-14;271
2020-07-13;"Košický kraj";1;0;0;0;NA;99984;1;2020-07-13;270
2020-07-10;"Košický kraj";1;0;0;0;NA;99984;1;2020-07-10;269
2020-07-09;"Košický kraj";1;0;0;0;NA;99984;1;2020-07-09;268
2020-07-08;"Košický kraj";12;0;0;0;NA;99984;12;2020-07-08;267
2020-07-03;"Košický kraj";1;0;0;0;NA;99984;1;2020-07-03;255
2020-07-01;"Košický kraj";1;0;0;0;NA;99984;1;2020-07-01;254
2020-06-25;"Košický kraj";3;0;0;0;NA;99984;3;2020-06-25;253
2020-06-24;"Košický kraj";3;0;0;0;NA;99984;3;2020-06-24;250
2020-06-23;"Košický kraj";3;0;0;0;NA;99984;3;2020-06-23;247
2020-06-18;"Košický kraj";1;0;0;0;NA;99984;1;2020-06-18;244
2020-06-16;"Košický kraj";2;0;0;0;NA;99984;2;2020-06-16;243
2020-06-10;"Košický kraj";6;0;0;0;NA;99984;6;2020-06-10;241
2020-06-07;"Košický kraj";2;0;0;0;NA;99984;2;2020-06-07;235
2020-06-02;"Košický kraj";1;0;0;0;NA;99984;1;2020-06-02;233
2020-05-29;"Košický kraj";1;0;0;0;NA;99984;1;2020-05-29;232
2020-05-26;"Košický kraj";1;0;0;0;NA;99984;1;2020-05-26;231
2020-05-25;"Košický kraj";1;0;0;0;NA;99984;1;2020-05-25;230
2020-05-20;"Košický kraj";3;0;0;0;NA;99984;3;2020-05-20;229
2020-05-17;"Košický kraj";1;0;0;0;NA;99984;1;2020-05-17;226
2020-05-16;"Košický kraj";1;0;0;0;NA;99984;1;2020-05-16;225
2020-05-15;"Košický kraj";10;0;0;0;NA;99984;10;2020-05-15;224
2020-05-14;"Košický kraj";1;0;0;0;NA;99984;1;2020-05-14;214
2020-05-13;"Košický kraj";6;0;0;0;NA;99984;6;2020-05-13;213
2020-05-06;"Košický kraj";1;0;0;0;NA;99984;1;2020-05-06;207
2020-05-02;"Košický kraj";1;0;0;0;NA;99984;1;2020-05-02;206
2020-04-30;"Košický kraj";1;0;0;0;NA;99984;1;2020-04-30;205
2020-04-29;"Košický kraj";1;0;0;0;NA;99984;1;2020-04-29;204
2020-04-28;"Košický kraj";1;0;0;0;NA;99984;1;2020-04-28;203
2020-04-27;"Košický kraj";1;0;0;0;NA;99984;1;2020-04-27;202
2020-04-24;"Košický kraj";3;0;0;0;NA;99984;3;2020-04-24;201
2020-04-23;"Košický kraj";4;0;0;0;NA;99984;4;2020-04-23;198
2020-04-22;"Košický kraj";21;0;0;0;NA;99984;21;2020-04-22;194
2020-04-21;"Košický kraj";4;0;0;0;NA;99984;4;2020-04-21;173
2020-04-19;"Košický kraj";1;0;0;0;NA;99984;1;2020-04-19;169
2020-04-18;"Košický kraj";2;0;0;0;NA;99984;2;2020-04-18;168
2020-04-17;"Košický kraj";7;0;0;0;NA;99984;7;2020-04-17;166
2020-04-16;"Košický kraj";29;0;0;0;NA;99984;29;2020-04-16;159
2020-04-15;"Košický kraj";50;0;0;0;NA;99984;50;2020-04-15;130
2020-04-14;"Košický kraj";4;0;0;0;NA;99984;4;2020-04-14;80
2020-04-13;"Košický kraj";5;0;0;0;NA;99984;5;2020-04-13;76
2020-04-12;"Košický kraj";4;0;0;0;NA;99984;4;2020-04-12;71
2020-04-11;"Košický kraj";2;0;0;0;NA;99984;2;2020-04-11;67
2020-04-10;"Košický kraj";1;0;0;0;NA;99984;1;2020-04-10;65
2020-04-09;"Košický kraj";4;0;0;0;NA;99984;4;2020-04-09;64
2020-04-08;"Košický kraj";5;0;0;0;NA;99984;5;2020-04-08;60
2020-04-07;"Košický kraj";34;0;0;0;NA;99984;34;2020-04-07;55
2020-04-06;"Košický kraj";6;0;0;0;NA;99984;6;2020-04-06;21
2020-04-05;"Košický kraj";4;0;0;0;NA;99984;4;2020-04-05;15
2020-04-04;"Košický kraj";5;0;0;0;NA;99984;5;2020-04-04;11
2020-04-03;"Košický kraj";4;0;0;0;NA;99984;4;2020-04-03;6
2020-04-02;"Košický kraj";3;0;0;0;NA;99984;3;2020-04-02;2
2020-04-01;"Košický kraj";3;0;0;0;NA;99984;3;2020-04-01;-1
2020-03-31;"Košický kraj";1;0;0;0;NA;99984;1;2020-03-31;-4
2020-03-30;"Košický kraj";5;0;0;0;NA;99984;5;2020-03-30;-5
2020-03-28;"Košický kraj";1;0;0;0;NA;99984;1;2020-03-28;-10
2020-03-27;"Košický kraj";1;0;0;0;NA;99984;1;2020-03-27;-11
2020-03-26;"Košický kraj";3;0;0;0;NA;99984;3;2020-03-26;-12
2020-03-25;"Košický kraj";2;0;0;0;NA;99984;2;2020-03-25;-15
2020-03-23;"Košický kraj";2;0;0;0;NA;99984;2;2020-03-23;-17
2020-03-21;"Košický kraj";3;0;0;0;NA;99984;3;2020-03-21;-19
2020-03-20;"Košický kraj";1;0;0;0;NA;99984;1;2020-03-20;-22
2020-03-16;"Košický kraj";3;0;0;0;NA;99984;3;2020-03-16;-23
2020-03-15;"Košický kraj";1;0;0;0;NA;99984;1;2020-03-15;-26
2020-03-13;"Košický kraj";2;0;0;0;NA;99984;2;2020-03-13;-27
2020-03-09;"Košický kraj";1;0;0;0;NA;99984;1;2020-03-09;-29
2021-04-11;"Nitriansky kraj";1;8290;4;8294;37915;106185;5;2021-04-11;106185
2021-04-10;"Nitriansky kraj";35;61813;76;61889;NA;106185;111;2021-04-10;106180
2021-04-09;"Nitriansky kraj";69;26570;55;26625;NA;106185;124;2021-04-09;106069
2021-04-08;"Nitriansky kraj";71;14829;36;14865;NA;106185;107;2021-04-08;105945
2021-04-07;"Nitriansky kraj";64;18757;43;18800;NA;106185;107;2021-04-07;105838
2021-04-06;"Nitriansky kraj";65;32988;112;33100;NA;106185;177;2021-04-06;105731
2021-04-05;"Nitriansky kraj";37;11377;48;11425;NA;106185;85;2021-04-05;105554
2021-04-04;"Nitriansky kraj";5;5396;16;5412;NA;106185;21;2021-04-04;105469
2021-04-03;"Nitriansky kraj";26;71595;137;71732;NA;106185;163;2021-04-03;105448
2021-04-02;"Nitriansky kraj";32;15517;36;15553;NA;106185;68;2021-04-02;105285
2021-04-01;"Nitriansky kraj";63;23182;77;23259;NA;106185;140;2021-04-01;105217
2021-03-31;"Nitriansky kraj";73;20562;92;20654;NA;106185;165;2021-03-31;105077
2021-03-30;"Nitriansky kraj";125;17010;83;17093;NA;106185;208;2021-03-30;104912
2021-03-29;"Nitriansky kraj";81;24090;97;24187;NA;106185;178;2021-03-29;104704
2021-03-28;"Nitriansky kraj";6;16442;36;16478;NA;106185;42;2021-03-28;104526
2021-03-27;"Nitriansky kraj";39;96306;165;96471;NA;106185;204;2021-03-27;104484
2021-03-26;"Nitriansky kraj";90;40459;115;40574;NA;106185;205;2021-03-26;104280
2021-03-25;"Nitriansky kraj";95;19149;94;19243;NA;106185;189;2021-03-25;104075
2021-03-24;"Nitriansky kraj";90;14784;91;14875;NA;106185;181;2021-03-24;103886
2021-03-23;"Nitriansky kraj";167;16745;66;16811;NA;106185;233;2021-03-23;103705
2021-03-22;"Nitriansky kraj";101;23719;124;23843;NA;106185;225;2021-03-22;103472
2021-03-21;"Nitriansky kraj";27;26335;81;26416;NA;106185;108;2021-03-21;103247
2021-03-20;"Nitriansky kraj";36;99816;207;100023;NA;106185;243;2021-03-20;103139
2021-03-19;"Nitriansky kraj";76;36691;98;36789;NA;106185;174;2021-03-19;102896
2021-03-18;"Nitriansky kraj";103;19717;111;19828;NA;106185;214;2021-03-18;102722
2021-03-17;"Nitriansky kraj";87;15832;127;15959;NA;106185;214;2021-03-17;102508
2021-03-16;"Nitriansky kraj";172;18289;124;18413;NA;106185;296;2021-03-16;102294
2021-03-15;"Nitriansky kraj";130;24491;165;24656;NA;106185;295;2021-03-15;101998
2021-03-14;"Nitriansky kraj";3;13797;28;13825;NA;106185;31;2021-03-14;101703
2021-03-13;"Nitriansky kraj";65;111947;242;112189;NA;106185;307;2021-03-13;101672
2021-03-12;"Nitriansky kraj";127;40499;155;40654;NA;106185;282;2021-03-12;101365
2021-03-11;"Nitriansky kraj";131;18879;132;19011;NA;106185;263;2021-03-11;101083
2021-03-10;"Nitriansky kraj";96;17422;143;17565;NA;106185;239;2021-03-10;100820
2021-03-09;"Nitriansky kraj";260;17615;149;17764;NA;106185;409;2021-03-09;100581
2021-03-08;"Nitriansky kraj";145;27214;172;27386;NA;106185;317;2021-03-08;100172
2021-03-07;"Nitriansky kraj";48;37382;137;37519;NA;106185;185;2021-03-07;99855
2021-03-06;"Nitriansky kraj";86;110858;326;111184;NA;106185;412;2021-03-06;99670
2021-03-05;"Nitriansky kraj";133;39068;200;39268;NA;106185;333;2021-03-05;99258
2021-03-04;"Nitriansky kraj";176;18063;172;18235;NA;106185;348;2021-03-04;98925
2021-03-03;"Nitriansky kraj";172;17154;176;17330;NA;106185;348;2021-03-03;98577
2021-03-02;"Nitriansky kraj";274;20992;366;21358;NA;106185;640;2021-03-02;98229
2021-03-01;"Nitriansky kraj";133;27881;279;28160;NA;106185;412;2021-03-01;97589
2021-02-28;"Nitriansky kraj";80;40866;218;41084;NA;106185;298;2021-02-28;97177
2021-02-27;"Nitriansky kraj";101;99418;487;99905;NA;106185;588;2021-02-27;96879
2021-02-26;"Nitriansky kraj";109;36677;310;36987;NA;106185;419;2021-02-26;96291
2021-02-25;"Nitriansky kraj";188;15210;208;15418;NA;106185;396;2021-02-25;95872
2021-02-24;"Nitriansky kraj";125;13844;260;14104;NA;106185;385;2021-02-24;95476
2021-02-23;"Nitriansky kraj";273;15343;271;15614;NA;106185;544;2021-02-23;95091
2021-02-22;"Nitriansky kraj";154;24892;324;25216;NA;106185;478;2021-02-22;94547
2021-02-21;"Nitriansky kraj";22;38123;281;38404;NA;106185;303;2021-02-21;94069
2021-02-20;"Nitriansky kraj";128;108306;584;108890;NA;106185;712;2021-02-20;93766
2021-02-19;"Nitriansky kraj";173;36883;325;37208;NA;106185;498;2021-02-19;93054
2021-02-18;"Nitriansky kraj";202;16938;285;17223;NA;106185;487;2021-02-18;92556
2021-02-17;"Nitriansky kraj";198;11548;290;11838;NA;106185;488;2021-02-17;92069
2021-02-16;"Nitriansky kraj";284;14490;281;14771;NA;106185;565;2021-02-16;91581
2021-02-15;"Nitriansky kraj";122;26177;458;26635;NA;106185;580;2021-02-15;91016
2021-02-14;"Nitriansky kraj";8;34601;198;34799;NA;106185;206;2021-02-14;90436
2021-02-13;"Nitriansky kraj";127;110035;689;110724;NA;106185;816;2021-02-13;90230
2021-02-12;"Nitriansky kraj";162;33400;407;33807;NA;106185;569;2021-02-12;89414
2021-02-11;"Nitriansky kraj";195;12410;270;12680;NA;106185;465;2021-02-11;88845
2021-02-10;"Nitriansky kraj";186;17633;644;18277;NA;106185;830;2021-02-10;88380
2021-02-09;"Nitriansky kraj";260;18523;385;18908;NA;106185;645;2021-02-09;87550
2021-02-08;"Nitriansky kraj";177;39292;585;39877;NA;106185;762;2021-02-08;86905
2021-02-07;"Nitriansky kraj";20;49686;502;50188;NA;106185;522;2021-02-07;86143
2021-02-06;"Nitriansky kraj";129;101903;778;102681;NA;106185;907;2021-02-06;85621
2021-02-05;"Nitriansky kraj";244;32647;616;33263;NA;106185;860;2021-02-05;84714
2021-02-04;"Nitriansky kraj";308;15681;512;16193;NA;106185;820;2021-02-04;83854
2021-02-03;"Nitriansky kraj";191;11395;350;11745;NA;106185;541;2021-02-03;83034
2021-02-02;"Nitriansky kraj";327;17867;383;18250;NA;106185;710;2021-02-02;82493
2021-02-01;"Nitriansky kraj";221;24048;459;24507;NA;106185;680;2021-02-01;81783
2021-01-31;"Nitriansky kraj";9;45594;484;46078;NA;106185;493;2021-01-31;81103
2021-01-30;"Nitriansky kraj";152;180784;1860;182644;NA;106185;2012;2021-01-30;80610
2021-01-29;"Nitriansky kraj";302;47514;976;48490;NA;106185;1278;2021-01-29;78598
2021-01-28;"Nitriansky kraj";269;22740;796;23536;NA;106185;1065;2021-01-28;77320
2021-01-27;"Nitriansky kraj";235;13518;598;14116;NA;106185;833;2021-01-27;76255
2021-01-26;"Nitriansky kraj";345;32072;908;32980;NA;106185;1253;2021-01-26;75422
2021-01-25;"Nitriansky kraj";201;43458;858;44316;NA;106185;1059;2021-01-25;74169
2021-01-24;"Nitriansky kraj";12;129538;1284;130822;NA;106185;1296;2021-01-24;73110
2021-01-23;"Nitriansky kraj";277;192870;2855;195725;NA;106185;3132;2021-01-23;71814
2021-01-22;"Nitriansky kraj";139;70812;1228;72040;NA;106185;1367;2021-01-22;68682
2021-01-21;"Nitriansky kraj";305;29298;824;30122;NA;106185;1129;2021-01-21;67315
2021-01-20;"Nitriansky kraj";326;23982;1250;25232;NA;106185;1576;2021-01-20;66186
2021-01-19;"Nitriansky kraj";344;22044;1266;23310;NA;106185;1610;2021-01-19;64610
2021-01-18;"Nitriansky kraj";367;17344;1022;18366;NA;106185;1389;2021-01-18;63000
2021-01-17;"Nitriansky kraj";97;30122;550;30672;NA;106185;647;2021-01-17;61611
2021-01-16;"Nitriansky kraj";64;72348;1292;73640;NA;106185;1356;2021-01-16;60964
2021-01-15;"Nitriansky kraj";373;31880;948;32828;NA;106185;1321;2021-01-15;59608
2021-01-14;"Nitriansky kraj";627;21154;904;22058;NA;106185;1531;2021-01-14;58287
2021-01-13;"Nitriansky kraj";663;18468;968;19436;NA;106185;1631;2021-01-13;56756
2021-01-12;"Nitriansky kraj";642;18028;1114;19142;NA;106185;1756;2021-01-12;55125
2021-01-11;"Nitriansky kraj";422;17250;1112;18362;NA;106185;1534;2021-01-11;53369
2021-01-10;"Nitriansky kraj";44;39682;1460;41142;NA;106185;1504;2021-01-10;51835
2021-01-09;"Nitriansky kraj";532;73646;2142;75788;NA;106185;2674;2021-01-09;50331
2021-01-08;"Nitriansky kraj";817;28594;1422;30016;NA;106185;2239;2021-01-08;47657
2021-01-07;"Nitriansky kraj";438;21640;1646;23286;NA;106185;2084;2021-01-07;45418
2021-01-06;"Nitriansky kraj";259;6384;394;6778;NA;106185;653;2021-01-06;43334
2021-01-05;"Nitriansky kraj";732;17802;2404;20206;NA;106185;3136;2021-01-05;42681
2021-01-04;"Nitriansky kraj";362;17384;2658;20042;NA;106185;3020;2021-01-04;39545
2021-01-03;"Nitriansky kraj";42;168;40;208;NA;106185;82;2021-01-03;36525
2021-01-02;"Nitriansky kraj";249;2180;52;2232;NA;106185;301;2021-01-02;36443
2021-01-01;"Nitriansky kraj";119;1342;188;1530;NA;106185;307;2021-01-01;36142
2020-12-31;"Nitriansky kraj";786;7646;962;8608;NA;106185;1748;2020-12-31;35835
2020-12-30;"Nitriansky kraj";1094;9619;1165;10784;NA;106185;2259;2020-12-30;34087
2020-12-29;"Nitriansky kraj";607;8277;1286;9563;NA;106185;1893;2020-12-29;31828
2020-12-28;"Nitriansky kraj";83;6981;1271;8252;NA;106185;1354;2020-12-28;29935
2020-12-27;"Nitriansky kraj";22;36;2;38;NA;106185;24;2020-12-27;28581
2020-12-26;"Nitriansky kraj";54;297;56;353;NA;106185;110;2020-12-26;28557
2020-12-25;"Nitriansky kraj";35;47;5;52;NA;106185;40;2020-12-25;28447
2020-12-24;"Nitriansky kraj";514;1861;176;2037;NA;106185;690;2020-12-24;28407
2020-12-23;"Nitriansky kraj";349;15295;843;16138;NA;106185;1192;2020-12-23;27717
2020-12-22;"Nitriansky kraj";673;10987;994;11981;NA;106185;1667;2020-12-22;26525
2020-12-21;"Nitriansky kraj";128;7953;976;8929;NA;106185;1104;2020-12-21;24858
2020-12-20;"Nitriansky kraj";77;50;10;60;NA;106185;87;2020-12-20;23754
2020-12-19;"Nitriansky kraj";262;2259;159;2418;NA;106185;421;2020-12-19;23667
2020-12-18;"Nitriansky kraj";512;8437;551;8988;NA;106185;1063;2020-12-18;23246
2020-12-17;"Nitriansky kraj";586;6894;514;7408;NA;106185;1100;2020-12-17;22183
2020-12-16;"Nitriansky kraj";357;8785;546;9331;NA;106185;903;2020-12-16;21083
2020-12-15;"Nitriansky kraj";461;9365;769;10134;NA;106185;1230;2020-12-15;20180
2020-12-14;"Nitriansky kraj";217;8089;827;8916;NA;106185;1044;2020-12-14;18950
2020-12-13;"Nitriansky kraj";12;9;1;10;NA;106185;13;2020-12-13;17906
2020-12-12;"Nitriansky kraj";341;1832;125;1957;NA;106185;466;2020-12-12;17893
2020-12-11;"Nitriansky kraj";409;5431;416;5847;NA;106185;825;2020-12-11;17427
2020-12-10;"Nitriansky kraj";360;5473;351;5824;NA;106185;711;2020-12-10;16602
2020-12-09;"Nitriansky kraj";362;5506;529;6035;NA;106185;891;2020-12-09;15891
2020-12-08;"Nitriansky kraj";340;8611;589;9200;NA;106185;929;2020-12-08;15000
2020-12-07;"Nitriansky kraj";139;6243;573;6816;NA;106185;712;2020-12-07;14071
2020-12-06;"Nitriansky kraj";15;89;4;93;NA;106185;19;2020-12-06;13359
2020-12-05;"Nitriansky kraj";136;618;14;632;NA;106185;150;2020-12-05;13340
2020-12-04;"Nitriansky kraj";232;2884;74;2958;NA;106185;306;2020-12-04;13190
2020-12-03;"Nitriansky kraj";248;2471;110;2581;NA;106185;358;2020-12-03;12884
2020-12-02;"Nitriansky kraj";252;3733;163;3896;NA;106185;415;2020-12-02;12526
2020-12-01;"Nitriansky kraj";331;2891;131;3022;NA;106185;462;2020-12-01;12111
2020-11-30;"Nitriansky kraj";91;4228;188;4416;NA;106185;279;2020-11-30;11649
2020-11-29;"Nitriansky kraj";3;620;42;662;NA;106185;45;2020-11-29;11370
2020-11-28;"Nitriansky kraj";135;892;31;923;NA;106185;166;2020-11-28;11325
2020-11-27;"Nitriansky kraj";177;1229;43;1272;NA;106185;220;2020-11-27;11159
2020-11-26;"Nitriansky kraj";191;2262;57;2319;NA;106185;248;2020-11-26;10939
2020-11-25;"Nitriansky kraj";325;1993;66;2059;NA;106185;391;2020-11-25;10691
2020-11-24;"Nitriansky kraj";147;1141;50;1191;NA;106185;197;2020-11-24;10300
2020-11-23;"Nitriansky kraj";102;9562;206;9768;NA;106185;308;2020-11-23;10103
2020-11-22;"Nitriansky kraj";7;0;0;0;NA;106185;7;2020-11-22;9795
2020-11-21;"Nitriansky kraj";86;1083;38;1121;NA;106185;124;2020-11-21;9788
2020-11-20;"Nitriansky kraj";264;4020;101;4121;NA;106185;365;2020-11-20;9664
2020-11-19;"Nitriansky kraj";185;2953;133;3086;NA;106185;318;2020-11-19;9299
2020-11-18;"Nitriansky kraj";188;2109;77;2186;NA;106185;265;2020-11-18;8981
2020-11-17;"Nitriansky kraj";178;596;29;625;NA;106185;207;2020-11-17;8716
2020-11-16;"Nitriansky kraj";139;1836;75;1911;NA;106185;214;2020-11-16;8509
2020-11-15;"Nitriansky kraj";14;10;1;11;NA;106185;15;2020-11-15;8295
2020-11-14;"Nitriansky kraj";114;1131;32;1163;NA;106185;146;2020-11-14;8280
2020-11-13;"Nitriansky kraj";210;936;46;982;NA;106185;256;2020-11-13;8134
2020-11-12;"Nitriansky kraj";256;1195;35;1230;NA;106185;291;2020-11-12;7878
2020-11-11;"Nitriansky kraj";279;1247;22;1269;NA;106185;301;2020-11-11;7587
2020-11-10;"Nitriansky kraj";192;2623;39;2662;NA;106185;231;2020-11-10;7286
2020-11-09;"Nitriansky kraj";128;3136;43;3179;NA;106185;171;2020-11-09;7055
2020-11-08;"Nitriansky kraj";43;1462;32;1494;NA;106185;75;2020-11-08;6884
2020-11-07;"Nitriansky kraj";130;1046;4;1050;NA;106185;134;2020-11-07;6809
2020-11-06;"Nitriansky kraj";210;2264;32;2296;NA;106185;242;2020-11-06;6675
2020-11-05;"Nitriansky kraj";178;295;12;307;NA;106185;190;2020-11-05;6433
2020-11-04;"Nitriansky kraj";211;297;16;313;NA;106185;227;2020-11-04;6243
2020-11-03;"Nitriansky kraj";216;435;25;460;NA;106185;241;2020-11-03;6016
2020-11-02;"Nitriansky kraj";171;4208;46;4254;NA;106185;217;2020-11-02;5775
2020-11-01;"Nitriansky kraj";130;2546;27;2573;NA;106185;157;2020-11-01;5558
2020-10-31;"Nitriansky kraj";261;10402;134;10536;NA;106185;395;2020-10-31;5401
2020-10-30;"Nitriansky kraj";204;2380;21;2401;NA;106185;225;2020-10-30;5006
2020-10-29;"Nitriansky kraj";293;841;39;880;NA;106185;332;2020-10-29;4781
2020-10-28;"Nitriansky kraj";216;608;59;667;NA;106185;275;2020-10-28;4449
2020-10-27;"Nitriansky kraj";296;550;47;597;NA;106185;343;2020-10-27;4174
2020-10-26;"Nitriansky kraj";69;633;56;689;NA;106185;125;2020-10-26;3831
2020-10-25;"Nitriansky kraj";50;40;6;46;NA;106185;56;2020-10-25;3706
2020-10-24;"Nitriansky kraj";169;237;11;248;NA;106185;180;2020-10-24;3650
2020-10-23;"Nitriansky kraj";282;762;41;803;NA;106185;323;2020-10-23;3470
2020-10-22;"Nitriansky kraj";137;444;39;483;NA;106185;176;2020-10-22;3147
2020-10-21;"Nitriansky kraj";146;208;3;211;NA;106185;149;2020-10-21;2971
2020-10-20;"Nitriansky kraj";197;78;6;84;NA;106185;203;2020-10-20;2822
2020-10-19;"Nitriansky kraj";148;79;1;80;NA;106185;149;2020-10-19;2619
2020-10-18;"Nitriansky kraj";22;0;0;0;NA;106185;22;2020-10-18;2470
2020-10-17;"Nitriansky kraj";67;0;0;0;NA;106185;67;2020-10-17;2448
2020-10-16;"Nitriansky kraj";133;28;3;31;NA;106185;136;2020-10-16;2381
2020-10-15;"Nitriansky kraj";106;31;2;33;NA;106185;108;2020-10-15;2245
2020-10-14;"Nitriansky kraj";80;22;4;26;NA;106185;84;2020-10-14;2137
2020-10-13;"Nitriansky kraj";101;82;2;84;NA;106185;103;2020-10-13;2053
2020-10-12;"Nitriansky kraj";36;0;0;0;NA;106185;36;2020-10-12;1950
2020-10-11;"Nitriansky kraj";8;0;0;0;NA;106185;8;2020-10-11;1914
2020-10-10;"Nitriansky kraj";107;0;0;0;NA;106185;107;2020-10-10;1906
2020-10-09;"Nitriansky kraj";120;0;0;0;NA;106185;120;2020-10-09;1799
2020-10-08;"Nitriansky kraj";132;0;0;0;NA;106185;132;2020-10-08;1679
2020-10-07;"Nitriansky kraj";81;0;0;0;NA;106185;81;2020-10-07;1547
2020-10-06;"Nitriansky kraj";48;0;0;0;NA;106185;48;2020-10-06;1466
2020-10-05;"Nitriansky kraj";20;0;0;0;NA;106185;20;2020-10-05;1418
2020-10-04;"Nitriansky kraj";17;0;0;0;NA;106185;17;2020-10-04;1398
2020-10-03;"Nitriansky kraj";96;0;0;0;NA;106185;96;2020-10-03;1381
2020-10-02;"Nitriansky kraj";108;0;0;0;NA;106185;108;2020-10-02;1285
2020-10-01;"Nitriansky kraj";95;0;0;0;NA;106185;95;2020-10-01;1177
2020-09-30;"Nitriansky kraj";100;0;0;0;NA;106185;100;2020-09-30;1082
2020-09-29;"Nitriansky kraj";50;0;0;0;NA;106185;50;2020-09-29;982
2020-09-28;"Nitriansky kraj";22;0;0;0;NA;106185;22;2020-09-28;932
2020-09-27;"Nitriansky kraj";16;0;0;0;NA;106185;16;2020-09-27;910
2020-09-26;"Nitriansky kraj";64;0;0;0;NA;106185;64;2020-09-26;894
2020-09-25;"Nitriansky kraj";90;0;0;0;NA;106185;90;2020-09-25;830
2020-09-24;"Nitriansky kraj";51;0;0;0;NA;106185;51;2020-09-24;740
2020-09-23;"Nitriansky kraj";70;0;0;0;NA;106185;70;2020-09-23;689
2020-09-22;"Nitriansky kraj";18;0;0;0;NA;106185;18;2020-09-22;619
2020-09-21;"Nitriansky kraj";10;0;0;0;NA;106185;10;2020-09-21;601
2020-09-20;"Nitriansky kraj";4;0;0;0;NA;106185;4;2020-09-20;591
2020-09-19;"Nitriansky kraj";14;0;0;0;NA;106185;14;2020-09-19;587
2020-09-18;"Nitriansky kraj";19;0;0;0;NA;106185;19;2020-09-18;573
2020-09-17;"Nitriansky kraj";30;0;0;0;NA;106185;30;2020-09-17;554
2020-09-16;"Nitriansky kraj";6;0;0;0;NA;106185;6;2020-09-16;524
2020-09-15;"Nitriansky kraj";19;0;0;0;NA;106185;19;2020-09-15;518
2020-09-14;"Nitriansky kraj";28;0;0;0;NA;106185;28;2020-09-14;499
2020-09-13;"Nitriansky kraj";3;0;0;0;NA;106185;3;2020-09-13;471
2020-09-12;"Nitriansky kraj";12;0;0;0;NA;106185;12;2020-09-12;468
2020-09-11;"Nitriansky kraj";23;0;0;0;NA;106185;23;2020-09-11;456
2020-09-10;"Nitriansky kraj";29;0;0;0;NA;106185;29;2020-09-10;433
2020-09-09;"Nitriansky kraj";19;0;0;0;NA;106185;19;2020-09-09;404
2020-09-08;"Nitriansky kraj";17;0;0;0;NA;106185;17;2020-09-08;385
2020-09-07;"Nitriansky kraj";17;0;0;0;NA;106185;17;2020-09-07;368
2020-09-05;"Nitriansky kraj";22;0;0;0;NA;106185;22;2020-09-05;351
2020-09-04;"Nitriansky kraj";34;0;0;0;NA;106185;34;2020-09-04;329
2020-09-03;"Nitriansky kraj";15;0;0;0;NA;106185;15;2020-09-03;295
2020-09-02;"Nitriansky kraj";15;0;0;0;NA;106185;15;2020-09-02;280
2020-09-01;"Nitriansky kraj";2;0;0;0;NA;106185;2;2020-09-01;265
2020-08-31;"Nitriansky kraj";12;0;0;0;NA;106185;12;2020-08-31;263
2020-08-30;"Nitriansky kraj";1;0;0;0;NA;106185;1;2020-08-30;251
2020-08-29;"Nitriansky kraj";7;0;0;0;NA;106185;7;2020-08-29;250
2020-08-28;"Nitriansky kraj";12;0;0;0;NA;106185;12;2020-08-28;243
2020-08-27;"Nitriansky kraj";12;0;0;0;NA;106185;12;2020-08-27;231
2020-08-26;"Nitriansky kraj";4;0;0;0;NA;106185;4;2020-08-26;219
2020-08-25;"Nitriansky kraj";8;0;0;0;NA;106185;8;2020-08-25;215
2020-08-24;"Nitriansky kraj";1;0;0;0;NA;106185;1;2020-08-24;207
2020-08-23;"Nitriansky kraj";1;0;0;0;NA;106185;1;2020-08-23;206
2020-08-22;"Nitriansky kraj";2;0;0;0;NA;106185;2;2020-08-22;205
2020-08-20;"Nitriansky kraj";7;0;0;0;NA;106185;7;2020-08-20;203
2020-08-19;"Nitriansky kraj";1;0;0;0;NA;106185;1;2020-08-19;196
2020-08-18;"Nitriansky kraj";2;0;0;0;NA;106185;2;2020-08-18;195
2020-08-17;"Nitriansky kraj";1;0;0;0;NA;106185;1;2020-08-17;193
2020-08-15;"Nitriansky kraj";2;0;0;0;NA;106185;2;2020-08-15;192
2020-08-14;"Nitriansky kraj";1;0;0;0;NA;106185;1;2020-08-14;190
2020-08-13;"Nitriansky kraj";4;0;0;0;NA;106185;4;2020-08-13;189
2020-08-11;"Nitriansky kraj";1;0;0;0;NA;106185;1;2020-08-11;185
2020-08-07;"Nitriansky kraj";4;0;0;0;NA;106185;4;2020-08-07;184
2020-08-06;"Nitriansky kraj";4;0;0;0;NA;106185;4;2020-08-06;180
2020-08-04;"Nitriansky kraj";7;0;0;0;NA;106185;7;2020-08-04;176
2020-07-24;"Nitriansky kraj";1;0;0;0;NA;106185;1;2020-07-24;169
2020-07-23;"Nitriansky kraj";3;0;0;0;NA;106185;3;2020-07-23;168
2020-07-22;"Nitriansky kraj";2;0;0;0;NA;106185;2;2020-07-22;165
2020-07-21;"Nitriansky kraj";14;0;0;0;NA;106185;14;2020-07-21;163
2020-07-20;"Nitriansky kraj";11;0;0;0;NA;106185;11;2020-07-20;149
2020-07-16;"Nitriansky kraj";4;0;0;0;NA;106185;4;2020-07-16;138
2020-07-15;"Nitriansky kraj";5;0;0;0;NA;106185;5;2020-07-15;134
2020-07-09;"Nitriansky kraj";1;0;0;0;NA;106185;1;2020-07-09;129
2020-07-08;"Nitriansky kraj";2;0;0;0;NA;106185;2;2020-07-08;128
2020-07-01;"Nitriansky kraj";3;0;0;0;NA;106185;3;2020-07-01;126
2020-06-24;"Nitriansky kraj";1;0;0;0;NA;106185;1;2020-06-24;123
2020-06-10;"Nitriansky kraj";1;0;0;0;NA;106185;1;2020-06-10;122
2020-06-09;"Nitriansky kraj";1;0;0;0;NA;106185;1;2020-06-09;121
2020-06-02;"Nitriansky kraj";1;0;0;0;NA;106185;1;2020-06-02;120
2020-05-24;"Nitriansky kraj";2;0;0;0;NA;106185;2;2020-05-24;119
2020-05-22;"Nitriansky kraj";1;0;0;0;NA;106185;1;2020-05-22;117
2020-05-15;"Nitriansky kraj";1;0;0;0;NA;106185;1;2020-05-15;116
2020-05-11;"Nitriansky kraj";2;0;0;0;NA;106185;2;2020-05-11;115
2020-05-07;"Nitriansky kraj";1;0;0;0;NA;106185;1;2020-05-07;113
2020-05-06;"Nitriansky kraj";9;0;0;0;NA;106185;9;2020-05-06;112
2020-05-04;"Nitriansky kraj";5;0;0;0;NA;106185;5;2020-05-04;103
2020-05-03;"Nitriansky kraj";2;0;0;0;NA;106185;2;2020-05-03;98
2020-05-01;"Nitriansky kraj";1;0;0;0;NA;106185;1;2020-05-01;96
2020-04-28;"Nitriansky kraj";1;0;0;0;NA;106185;1;2020-04-28;95
2020-04-23;"Nitriansky kraj";3;0;0;0;NA;106185;3;2020-04-23;94
2020-04-22;"Nitriansky kraj";16;0;0;0;NA;106185;16;2020-04-22;91
2020-04-21;"Nitriansky kraj";6;0;0;0;NA;106185;6;2020-04-21;75
2020-04-20;"Nitriansky kraj";5;0;0;0;NA;106185;5;2020-04-20;69
2020-04-17;"Nitriansky kraj";7;0;0;0;NA;106185;7;2020-04-17;64
2020-04-15;"Nitriansky kraj";6;0;0;0;NA;106185;6;2020-04-15;57
2020-04-14;"Nitriansky kraj";2;0;0;0;NA;106185;2;2020-04-14;51
2020-04-13;"Nitriansky kraj";1;0;0;0;NA;106185;1;2020-04-13;49
2020-04-12;"Nitriansky kraj";3;0;0;0;NA;106185;3;2020-04-12;48
2020-04-11;"Nitriansky kraj";1;0;0;0;NA;106185;1;2020-04-11;45
2020-04-10;"Nitriansky kraj";1;0;0;0;NA;106185;1;2020-04-10;44
2020-04-08;"Nitriansky kraj";2;0;0;0;NA;106185;2;2020-04-08;43
2020-04-07;"Nitriansky kraj";3;0;0;0;NA;106185;3;2020-04-07;41
2020-04-06;"Nitriansky kraj";4;0;0;0;NA;106185;4;2020-04-06;38
2020-04-05;"Nitriansky kraj";5;0;0;0;NA;106185;5;2020-04-05;34
2020-04-02;"Nitriansky kraj";1;0;0;0;NA;106185;1;2020-04-02;29
2020-03-31;"Nitriansky kraj";3;0;0;0;NA;106185;3;2020-03-31;28
2020-03-30;"Nitriansky kraj";3;0;0;0;NA;106185;3;2020-03-30;25
2020-03-29;"Nitriansky kraj";3;0;0;0;NA;106185;3;2020-03-29;22
2020-03-28;"Nitriansky kraj";1;0;0;0;NA;106185;1;2020-03-28;19
2020-03-27;"Nitriansky kraj";1;0;0;0;NA;106185;1;2020-03-27;18
2020-03-26;"Nitriansky kraj";1;0;0;0;NA;106185;1;2020-03-26;17
2020-03-25;"Nitriansky kraj";1;0;0;0;NA;106185;1;2020-03-25;16
2020-03-23;"Nitriansky kraj";2;0;0;0;NA;106185;2;2020-03-23;15
2020-03-22;"Nitriansky kraj";2;0;0;0;NA;106185;2;2020-03-22;13
2020-03-21;"Nitriansky kraj";2;0;0;0;NA;106185;2;2020-03-21;11
2020-03-20;"Nitriansky kraj";1;0;0;0;NA;106185;1;2020-03-20;9
2020-03-19;"Nitriansky kraj";1;0;0;0;NA;106185;1;2020-03-19;8
2020-03-18;"Nitriansky kraj";2;0;0;0;NA;106185;2;2020-03-18;7
2020-03-17;"Nitriansky kraj";1;0;0;0;NA;106185;1;2020-03-17;5
2020-03-15;"Nitriansky kraj";4;0;0;0;NA;106185;4;2020-03-15;4
2020-03-14;"Nitriansky kraj";1;0;0;0;NA;106185;1;2020-03-14;0
2021-04-11;"Prešovský kraj";11;24602;80;24682;56023;114232;91;2021-04-11;114232
2021-04-10;"Prešovský kraj";94;77579;249;77828;NA;114232;343;2021-04-10;114141
2021-04-09;"Prešovský kraj";255;35519;196;35715;NA;114232;451;2021-04-09;113798
2021-04-08;"Prešovský kraj";192;18686;156;18842;NA;114232;348;2021-04-08;113347
2021-04-07;"Prešovský kraj";314;27401;159;27560;NA;114232;473;2021-04-07;112999
2021-04-06;"Prešovský kraj";231;41009;268;41277;NA;114232;499;2021-04-06;112526
2021-04-05;"Prešovský kraj";54;16024;120;16144;NA;114232;174;2021-04-05;112027
2021-04-04;"Prešovský kraj";31;12138;67;12205;NA;114232;98;2021-04-04;111853
2021-04-03;"Prešovský kraj";104;87961;315;88276;NA;114232;419;2021-04-03;111755
2021-04-02;"Prešovský kraj";194;23775;134;23909;NA;114232;328;2021-04-02;111336
2021-04-01;"Prešovský kraj";256;42433;195;42628;NA;114232;451;2021-04-01;111008
2021-03-31;"Prešovský kraj";311;29283;226;29509;NA;114232;537;2021-03-31;110557
2021-03-30;"Prešovský kraj";374;20639;203;20842;NA;114232;577;2021-03-30;110020
2021-03-29;"Prešovský kraj";219;24678;201;24879;NA;114232;420;2021-03-29;109443
2021-03-28;"Prešovský kraj";26;39781;228;40009;NA;114232;254;2021-03-28;109023
2021-03-27;"Prešovský kraj";181;88461;373;88834;NA;114232;554;2021-03-27;108769
2021-03-26;"Prešovský kraj";310;47750;299;48049;NA;114232;609;2021-03-26;108215
2021-03-25;"Prešovský kraj";248;21528;209;21737;NA;114232;457;2021-03-25;107606
2021-03-24;"Prešovský kraj";381;19538;213;19751;NA;114232;594;2021-03-24;107149
2021-03-23;"Prešovský kraj";241;20053;254;20307;NA;114232;495;2021-03-23;106555
2021-03-22;"Prešovský kraj";299;28490;286;28776;NA;114232;585;2021-03-22;106060
2021-03-21;"Prešovský kraj";32;40945;237;41182;NA;114232;269;2021-03-21;105475
2021-03-20;"Prešovský kraj";180;85212;404;85616;NA;114232;584;2021-03-20;105206
2021-03-19;"Prešovský kraj";373;46196;320;46516;NA;114232;693;2021-03-19;104622
2021-03-18;"Prešovský kraj";251;21654;217;21871;NA;114232;468;2021-03-18;103929
2021-03-17;"Prešovský kraj";331;20885;230;21115;NA;114232;561;2021-03-17;103461
2021-03-16;"Prešovský kraj";461;21098;277;21375;NA;114232;738;2021-03-16;102900
2021-03-15;"Prešovský kraj";370;28382;316;28698;NA;114232;686;2021-03-15;102162
2021-03-14;"Prešovský kraj";52;38690;295;38985;NA;114232;347;2021-03-14;101476
2021-03-13;"Prešovský kraj";200;89439;519;89958;NA;114232;719;2021-03-13;101129
2021-03-12;"Prešovský kraj";425;47016;364;47380;NA;114232;789;2021-03-12;100410
2021-03-11;"Prešovský kraj";463;21880;253;22133;NA;114232;716;2021-03-11;99621
2021-03-10;"Prešovský kraj";325;20665;293;20958;NA;114232;618;2021-03-10;98905
2021-03-09;"Prešovský kraj";505;21276;287;21563;NA;114232;792;2021-03-09;98287
2021-03-08;"Prešovský kraj";314;28543;333;28876;NA;114232;647;2021-03-08;97495
2021-03-07;"Prešovský kraj";19;22329;193;22522;NA;114232;212;2021-03-07;96848
2021-03-06;"Prešovský kraj";193;95372;590;95962;NA;114232;783;2021-03-06;96636
2021-03-05;"Prešovský kraj";497;44574;374;44948;NA;114232;871;2021-03-05;95853
2021-03-04;"Prešovský kraj";372;22607;359;22966;NA;114232;731;2021-03-04;94982
2021-03-03;"Prešovský kraj";397;21220;330;21550;NA;114232;727;2021-03-03;94251
2021-03-02;"Prešovský kraj";421;22411;357;22768;NA;114232;778;2021-03-02;93524
2021-03-01;"Prešovský kraj";303;27549;407;27956;NA;114232;710;2021-03-01;92746
2021-02-28;"Prešovský kraj";75;35926;283;36209;NA;114232;358;2021-02-28;92036
2021-02-27;"Prešovský kraj";273;88395;722;89117;NA;114232;995;2021-02-27;91678
2021-02-26;"Prešovský kraj";455;41460;439;41899;NA;114232;894;2021-02-26;90683
2021-02-25;"Prešovský kraj";270;19393;335;19728;NA;114232;605;2021-02-25;89789
2021-02-24;"Prešovský kraj";328;18666;373;19039;NA;114232;701;2021-02-24;89184
2021-02-23;"Prešovský kraj";430;20839;341;21180;NA;114232;771;2021-02-23;88483
2021-02-22;"Prešovský kraj";351;26921;352;27273;NA;114232;703;2021-02-22;87712
2021-02-21;"Prešovský kraj";66;29477;273;29750;NA;114232;339;2021-02-21;87009
2021-02-20;"Prešovský kraj";129;59138;427;59565;NA;114232;556;2021-02-20;86670
2021-02-19;"Prešovský kraj";381;38086;419;38505;NA;114232;800;2021-02-19;86114
2021-02-18;"Prešovský kraj";268;16703;312;17015;NA;114232;580;2021-02-18;85314
2021-02-17;"Prešovský kraj";293;17162;239;17401;NA;114232;532;2021-02-17;84734
2021-02-16;"Prešovský kraj";422;18401;262;18663;NA;114232;684;2021-02-16;84202
2021-02-15;"Prešovský kraj";211;30797;299;31096;NA;114232;510;2021-02-15;83518
2021-02-14;"Prešovský kraj";27;32234;273;32507;NA;114232;300;2021-02-14;83008
2021-02-13;"Prešovský kraj";157;73937;392;74329;NA;114232;549;2021-02-13;82708
2021-02-12;"Prešovský kraj";308;38720;362;39082;NA;114232;670;2021-02-12;82159
2021-02-11;"Prešovský kraj";218;15287;226;15513;NA;114232;444;2021-02-11;81489
2021-02-10;"Prešovský kraj";220;18499;279;18778;NA;114232;499;2021-02-10;81045
2021-02-09;"Prešovský kraj";323;21495;370;21865;NA;114232;693;2021-02-09;80546
2021-02-08;"Prešovský kraj";161;37215;261;37476;NA;114232;422;2021-02-08;79853
2021-02-07;"Prešovský kraj";21;24174;157;24331;NA;114232;178;2021-02-07;79431
2021-02-06;"Prešovský kraj";176;69490;361;69851;NA;114232;537;2021-02-06;79253
2021-02-05;"Prešovský kraj";177;30229;254;30483;NA;114232;431;2021-02-05;78716
2021-02-04;"Prešovský kraj";176;12948;233;13181;NA;114232;409;2021-02-04;78285
2021-02-03;"Prešovský kraj";251;8252;231;8483;NA;114232;482;2021-02-03;77876
2021-02-02;"Prešovský kraj";249;11976;275;12251;NA;114232;524;2021-02-02;77394
2021-02-01;"Prešovský kraj";220;16059;316;16375;NA;114232;536;2021-02-01;76870
2021-01-31;"Prešovský kraj";42;3246;76;3322;NA;114232;118;2021-01-31;76334
2021-01-30;"Prešovský kraj";142;47878;430;48308;NA;114232;572;2021-01-30;76216
2021-01-29;"Prešovský kraj";185;35848;652;36500;NA;114232;837;2021-01-29;75644
2021-01-28;"Prešovský kraj";311;17070;314;17384;NA;114232;625;2021-01-28;74807
2021-01-27;"Prešovský kraj";153;19484;288;19772;NA;114232;441;2021-01-27;74182
2021-01-26;"Prešovský kraj";252;33296;302;33598;NA;114232;554;2021-01-26;73741
2021-01-25;"Prešovský kraj";196;56827;496;57323;NA;114232;692;2021-01-25;73187
2021-01-24;"Prešovský kraj";12;58392;464;58856;NA;114232;476;2021-01-24;72495
2021-01-23;"Prešovský kraj";189;179795;871;180666;NA;114232;1060;2021-01-23;72019
2021-01-22;"Prešovský kraj";187;69399;508;69907;NA;114232;695;2021-01-22;70959
2021-01-21;"Prešovský kraj";187;40344;420;40764;NA;114232;607;2021-01-21;70264
2021-01-20;"Prešovský kraj";253;28948;390;29338;NA;114232;643;2021-01-20;69657
2021-01-19;"Prešovský kraj";281;24675;610;25285;NA;114232;891;2021-01-19;69014
2021-01-18;"Prešovský kraj";203;20844;672;21516;NA;114232;875;2021-01-18;68123
2021-01-17;"Prešovský kraj";107;28782;2016;30798;NA;114232;2123;2021-01-17;67248
2021-01-16;"Prešovský kraj";72;3166;152;3318;NA;114232;224;2021-01-16;65125
2021-01-15;"Prešovský kraj";159;13326;464;13790;NA;114232;623;2021-01-15;64901
2021-01-14;"Prešovský kraj";268;11049;504;11553;NA;114232;772;2021-01-14;64278
2021-01-13;"Prešovský kraj";342;11093;436;11529;NA;114232;778;2021-01-13;63506
2021-01-12;"Prešovský kraj";455;16974;818;17792;NA;114232;1273;2021-01-12;62728
2021-01-11;"Prešovský kraj";343;16702;958;17660;NA;114232;1301;2021-01-11;61455
2021-01-10;"Prešovský kraj";63;952;46;998;NA;114232;109;2021-01-10;60154
2021-01-09;"Prešovský kraj";439;4496;250;4746;NA;114232;689;2021-01-09;60045
2021-01-08;"Prešovský kraj";430;21730;1144;22874;NA;114232;1574;2021-01-08;59356
2021-01-07;"Prešovský kraj";268;15374;1278;16652;NA;114232;1546;2021-01-07;57782
2021-01-06;"Prešovský kraj";315;2968;268;3236;NA;114232;583;2021-01-06;56236
2021-01-05;"Prešovský kraj";655;23182;2006;25188;NA;114232;2661;2021-01-05;55653
2021-01-04;"Prešovský kraj";371;34370;3624;37994;NA;114232;3995;2021-01-04;52992
2021-01-03;"Prešovský kraj";89;514;74;588;NA;114232;163;2021-01-03;48997
2021-01-02;"Prešovský kraj";65;3112;320;3432;NA;114232;385;2021-01-02;48834
2021-01-01;"Prešovský kraj";174;1828;140;1968;NA;114232;314;2021-01-01;48449
2020-12-31;"Prešovský kraj";640;11959;783;12742;NA;114232;1423;2020-12-31;48135
2020-12-30;"Prešovský kraj";729;9065;802;9867;NA;114232;1531;2020-12-30;46712
2020-12-29;"Prešovský kraj";435;8777;904;9681;NA;114232;1339;2020-12-29;45181
2020-12-28;"Prešovský kraj";393;9046;1079;10125;NA;114232;1472;2020-12-28;43842
2020-12-27;"Prešovský kraj";40;571;39;610;NA;114232;79;2020-12-27;42370
2020-12-26;"Prešovský kraj";64;176;12;188;NA;114232;76;2020-12-26;42291
2020-12-25;"Prešovský kraj";208;267;10;277;NA;114232;218;2020-12-25;42215
2020-12-24;"Prešovský kraj";452;1214;85;1299;NA;114232;537;2020-12-24;41997
2020-12-23;"Prešovský kraj";361;11369;635;12004;NA;114232;996;2020-12-23;41460
2020-12-22;"Prešovský kraj";439;9371;710;10081;NA;114232;1149;2020-12-22;40464
2020-12-21;"Prešovský kraj";432;9911;880;10791;NA;114232;1312;2020-12-21;39315
2020-12-20;"Prešovský kraj";184;396;20;416;NA;114232;204;2020-12-20;38003
2020-12-19;"Prešovský kraj";276;1658;151;1809;NA;114232;427;2020-12-19;37799
2020-12-18;"Prešovský kraj";396;8845;595;9440;NA;114232;991;2020-12-18;37372
2020-12-17;"Prešovský kraj";427;10826;891;11717;NA;114232;1318;2020-12-17;36381
2020-12-16;"Prešovský kraj";466;6017;508;6525;NA;114232;974;2020-12-16;35063
2020-12-15;"Prešovský kraj";411;5685;584;6269;NA;114232;995;2020-12-15;34089
2020-12-14;"Prešovský kraj";334;5767;508;6275;NA;114232;842;2020-12-14;33094
2020-12-13;"Prešovský kraj";89;29;8;37;NA;114232;97;2020-12-13;32252
2020-12-12;"Prešovský kraj";319;2474;166;2640;NA;114232;485;2020-12-12;32155
2020-12-11;"Prešovský kraj";560;5602;402;6004;NA;114232;962;2020-12-11;31670
2020-12-10;"Prešovský kraj";337;5180;440;5620;NA;114232;777;2020-12-10;30708
2020-12-09;"Prešovský kraj";358;4357;314;4671;NA;114232;672;2020-12-09;29931
2020-12-08;"Prešovský kraj";350;6629;651;7280;NA;114232;1001;2020-12-08;29259
2020-12-07;"Prešovský kraj";309;4345;327;4672;NA;114232;636;2020-12-07;28258
2020-12-06;"Prešovský kraj";59;358;26;384;NA;114232;85;2020-12-06;27622
2020-12-05;"Prešovský kraj";218;984;87;1071;NA;114232;305;2020-12-05;27537
2020-12-04;"Prešovský kraj";352;5070;293;5363;NA;114232;645;2020-12-04;27232
2020-12-03;"Prešovský kraj";284;2456;179;2635;NA;114232;463;2020-12-03;26587
2020-12-02;"Prešovský kraj";232;2830;225;3055;NA;114232;457;2020-12-02;26124
2020-12-01;"Prešovský kraj";281;1884;196;2080;NA;114232;477;2020-12-01;25667
2020-11-30;"Prešovský kraj";196;5333;97;5430;NA;114232;293;2020-11-30;25190
2020-11-29;"Prešovský kraj";27;379;42;421;NA;114232;69;2020-11-29;24897
2020-11-28;"Prešovský kraj";199;682;62;744;NA;114232;261;2020-11-28;24828
2020-11-27;"Prešovský kraj";232;2135;119;2254;NA;114232;351;2020-11-27;24567
2020-11-26;"Prešovský kraj";263;2787;312;3099;NA;114232;575;2020-11-26;24216
2020-11-25;"Prešovský kraj";302;1642;78;1720;NA;114232;380;2020-11-25;23641
2020-11-24;"Prešovský kraj";365;1662;140;1802;NA;114232;505;2020-11-24;23261
2020-11-23;"Prešovský kraj";164;842;42;884;NA;114232;206;2020-11-23;22756
2020-11-22;"Prešovský kraj";46;30;1;31;NA;114232;47;2020-11-22;22550
2020-11-21;"Prešovský kraj";205;689;57;746;NA;114232;262;2020-11-21;22503
2020-11-20;"Prešovský kraj";363;2063;98;2161;NA;114232;461;2020-11-20;22241
2020-11-19;"Prešovský kraj";359;1973;229;2202;NA;114232;588;2020-11-19;21780
2020-11-18;"Prešovský kraj";270;373;32;405;NA;114232;302;2020-11-18;21192
2020-11-17;"Prešovský kraj";347;151;17;168;NA;114232;364;2020-11-17;20890
2020-11-16;"Prešovský kraj";226;382;51;433;NA;114232;277;2020-11-16;20526
2020-11-15;"Prešovský kraj";186;39;4;43;NA;114232;190;2020-11-15;20249
2020-11-14;"Prešovský kraj";261;54;4;58;NA;114232;265;2020-11-14;20059
2020-11-13;"Prešovský kraj";395;166;8;174;NA;114232;403;2020-11-13;19794
2020-11-12;"Prešovský kraj";397;229;50;279;NA;114232;447;2020-11-12;19391
2020-11-11;"Prešovský kraj";516;161;15;176;NA;114232;531;2020-11-11;18944
2020-11-10;"Prešovský kraj";437;197;9;206;NA;114232;446;2020-11-10;18413
2020-11-09;"Prešovský kraj";190;4106;945;5051;NA;114232;1135;2020-11-09;17967
2020-11-08;"Prešovský kraj";97;2817;32;2849;NA;114232;129;2020-11-08;16832
2020-11-07;"Prešovský kraj";416;8578;81;8659;NA;114232;497;2020-11-07;16703
2020-11-06;"Prešovský kraj";520;4791;76;4867;NA;114232;596;2020-11-06;16206
2020-11-05;"Prešovský kraj";397;180;5;185;NA;114232;402;2020-11-05;15610
2020-11-04;"Prešovský kraj";350;807;8;815;NA;114232;358;2020-11-04;15208
2020-11-03;"Prešovský kraj";565;98;12;110;NA;114232;577;2020-11-03;14850
2020-11-02;"Prešovský kraj";203;4158;1004;5162;NA;114232;1207;2020-11-02;14273
2020-11-01;"Prešovský kraj";386;2906;53;2959;NA;114232;439;2020-11-01;13066
2020-10-31;"Prešovský kraj";315;10497;170;10667;NA;114232;485;2020-10-31;12627
2020-10-30;"Prešovský kraj";552;2949;65;3014;NA;114232;617;2020-10-30;12142
2020-10-29;"Prešovský kraj";594;301;38;339;NA;114232;632;2020-10-29;11525
2020-10-28;"Prešovský kraj";617;291;46;337;NA;114232;663;2020-10-28;10893
2020-10-27;"Prešovský kraj";656;268;34;302;NA;114232;690;2020-10-27;10230
2020-10-26;"Prešovský kraj";137;363;57;420;NA;114232;194;2020-10-26;9540
2020-10-25;"Prešovský kraj";237;346;11;357;NA;114232;248;2020-10-25;9346
2020-10-24;"Prešovský kraj";719;200;12;212;NA;114232;731;2020-10-24;9098
2020-10-23;"Prešovský kraj";750;218;8;226;NA;114232;758;2020-10-23;8367
2020-10-22;"Prešovský kraj";646;396;30;426;NA;114232;676;2020-10-22;7609
2020-10-21;"Prešovský kraj";383;58;8;66;NA;114232;391;2020-10-21;6933
2020-10-20;"Prešovský kraj";493;65;7;72;NA;114232;500;2020-10-20;6542
2020-10-19;"Prešovský kraj";140;235;15;250;NA;114232;155;2020-10-19;6042
2020-10-18;"Prešovský kraj";209;0;0;0;NA;114232;209;2020-10-18;5887
2020-10-17;"Prešovský kraj";342;0;0;0;NA;114232;342;2020-10-17;5678
2020-10-16;"Prešovský kraj";388;57;3;60;NA;114232;391;2020-10-16;5336
2020-10-15;"Prešovský kraj";435;85;18;103;NA;114232;453;2020-10-15;4945
2020-10-14;"Prešovský kraj";451;54;10;64;NA;114232;461;2020-10-14;4492
2020-10-13;"Prešovský kraj";264;50;6;56;NA;114232;270;2020-10-13;4031
2020-10-12;"Prešovský kraj";214;334;35;369;NA;114232;249;2020-10-12;3761
2020-10-11;"Prešovský kraj";127;0;0;0;NA;114232;127;2020-10-11;3512
2020-10-10;"Prešovský kraj";248;0;0;0;NA;114232;248;2020-10-10;3385
2020-10-09;"Prešovský kraj";406;0;0;0;NA;114232;406;2020-10-09;3137
2020-10-08;"Prešovský kraj";245;0;0;0;NA;114232;245;2020-10-08;2731
2020-10-07;"Prešovský kraj";244;0;0;0;NA;114232;244;2020-10-07;2486
2020-10-06;"Prešovský kraj";166;0;0;0;NA;114232;166;2020-10-06;2242
2020-10-05;"Prešovský kraj";84;0;0;0;NA;114232;84;2020-10-05;2076
2020-10-04;"Prešovský kraj";118;0;0;0;NA;114232;118;2020-10-04;1992
2020-10-03;"Prešovský kraj";204;0;0;0;NA;114232;204;2020-10-03;1874
2020-10-02;"Prešovský kraj";149;0;0;0;NA;114232;149;2020-10-02;1670
2020-10-01;"Prešovský kraj";136;0;0;0;NA;114232;136;2020-10-01;1521
2020-09-30;"Prešovský kraj";121;0;0;0;NA;114232;121;2020-09-30;1385
2020-09-29;"Prešovský kraj";156;0;0;0;NA;114232;156;2020-09-29;1264
2020-09-28;"Prešovský kraj";51;0;0;0;NA;114232;51;2020-09-28;1108
2020-09-27;"Prešovský kraj";10;0;0;0;NA;114232;10;2020-09-27;1057
2020-09-26;"Prešovský kraj";72;0;0;0;NA;114232;72;2020-09-26;1047
2020-09-25;"Prešovský kraj";91;0;0;0;NA;114232;91;2020-09-25;975
2020-09-24;"Prešovský kraj";52;0;0;0;NA;114232;52;2020-09-24;884
2020-09-23;"Prešovský kraj";55;0;0;0;NA;114232;55;2020-09-23;832
2020-09-22;"Prešovský kraj";29;0;0;0;NA;114232;29;2020-09-22;777
2020-09-21;"Prešovský kraj";14;0;0;0;NA;114232;14;2020-09-21;748
2020-09-20;"Prešovský kraj";5;0;0;0;NA;114232;5;2020-09-20;734
2020-09-19;"Prešovský kraj";12;0;0;0;NA;114232;12;2020-09-19;729
2020-09-18;"Prešovský kraj";29;0;0;0;NA;114232;29;2020-09-18;717
2020-09-17;"Prešovský kraj";25;0;0;0;NA;114232;25;2020-09-17;688
2020-09-16;"Prešovský kraj";8;0;0;0;NA;114232;8;2020-09-16;663
2020-09-15;"Prešovský kraj";10;0;0;0;NA;114232;10;2020-09-15;655
2020-09-14;"Prešovský kraj";47;0;0;0;NA;114232;47;2020-09-14;645
2020-09-13;"Prešovský kraj";3;0;0;0;NA;114232;3;2020-09-13;598
2020-09-12;"Prešovský kraj";4;0;0;0;NA;114232;4;2020-09-12;595
2020-09-11;"Prešovský kraj";15;0;0;0;NA;114232;15;2020-09-11;591
2020-09-10;"Prešovský kraj";10;0;0;0;NA;114232;10;2020-09-10;576
2020-09-09;"Prešovský kraj";21;0;0;0;NA;114232;21;2020-09-09;566
2020-09-08;"Prešovský kraj";23;0;0;0;NA;114232;23;2020-09-08;545
2020-09-07;"Prešovský kraj";5;0;0;0;NA;114232;5;2020-09-07;522
2020-09-06;"Prešovský kraj";3;0;0;0;NA;114232;3;2020-09-06;517
2020-09-05;"Prešovský kraj";7;0;0;0;NA;114232;7;2020-09-05;514
2020-09-04;"Prešovský kraj";24;0;0;0;NA;114232;24;2020-09-04;507
2020-09-03;"Prešovský kraj";8;0;0;0;NA;114232;8;2020-09-03;483
2020-09-02;"Prešovský kraj";9;0;0;0;NA;114232;9;2020-09-02;475
2020-09-01;"Prešovský kraj";6;0;0;0;NA;114232;6;2020-09-01;466
2020-08-31;"Prešovský kraj";3;0;0;0;NA;114232;3;2020-08-31;460
2020-08-30;"Prešovský kraj";6;0;0;0;NA;114232;6;2020-08-30;457
2020-08-29;"Prešovský kraj";4;0;0;0;NA;114232;4;2020-08-29;451
2020-08-28;"Prešovský kraj";6;0;0;0;NA;114232;6;2020-08-28;447
2020-08-27;"Prešovský kraj";7;0;0;0;NA;114232;7;2020-08-27;441
2020-08-26;"Prešovský kraj";22;0;0;0;NA;114232;22;2020-08-26;434
2020-08-25;"Prešovský kraj";1;0;0;0;NA;114232;1;2020-08-25;412
2020-08-24;"Prešovský kraj";5;0;0;0;NA;114232;5;2020-08-24;411
2020-08-23;"Prešovský kraj";3;0;0;0;NA;114232;3;2020-08-23;406
2020-08-22;"Prešovský kraj";3;0;0;0;NA;114232;3;2020-08-22;403
2020-08-21;"Prešovský kraj";11;0;0;0;NA;114232;11;2020-08-21;400
2020-08-20;"Prešovský kraj";8;0;0;0;NA;114232;8;2020-08-20;389
2020-08-19;"Prešovský kraj";8;0;0;0;NA;114232;8;2020-08-19;381
2020-08-18;"Prešovský kraj";6;0;0;0;NA;114232;6;2020-08-18;373
2020-08-17;"Prešovský kraj";1;0;0;0;NA;114232;1;2020-08-17;367
2020-08-15;"Prešovský kraj";8;0;0;0;NA;114232;8;2020-08-15;366
2020-08-14;"Prešovský kraj";6;0;0;0;NA;114232;6;2020-08-14;358
2020-08-13;"Prešovský kraj";8;0;0;0;NA;114232;8;2020-08-13;352
2020-08-12;"Prešovský kraj";19;0;0;0;NA;114232;19;2020-08-12;344
2020-08-11;"Prešovský kraj";3;0;0;0;NA;114232;3;2020-08-11;325
2020-08-08;"Prešovský kraj";2;0;0;0;NA;114232;2;2020-08-08;322
2020-08-07;"Prešovský kraj";6;0;0;0;NA;114232;6;2020-08-07;320
2020-08-06;"Prešovský kraj";2;0;0;0;NA;114232;2;2020-08-06;314
2020-08-05;"Prešovský kraj";8;0;0;0;NA;114232;8;2020-08-05;312
2020-08-04;"Prešovský kraj";5;0;0;0;NA;114232;5;2020-08-04;304
2020-08-03;"Prešovský kraj";4;0;0;0;NA;114232;4;2020-08-03;299
2020-08-02;"Prešovský kraj";6;0;0;0;NA;114232;6;2020-08-02;295
2020-07-31;"Prešovský kraj";2;0;0;0;NA;114232;2;2020-07-31;289
2020-07-30;"Prešovský kraj";6;0;0;0;NA;114232;6;2020-07-30;287
2020-07-29;"Prešovský kraj";5;0;0;0;NA;114232;5;2020-07-29;281
2020-07-27;"Prešovský kraj";1;0;0;0;NA;114232;1;2020-07-27;276
2020-07-26;"Prešovský kraj";1;0;0;0;NA;114232;1;2020-07-26;275
2020-07-25;"Prešovský kraj";21;0;0;0;NA;114232;21;2020-07-25;274
2020-07-24;"Prešovský kraj";1;0;0;0;NA;114232;1;2020-07-24;253
2020-07-23;"Prešovský kraj";5;0;0;0;NA;114232;5;2020-07-23;252
2020-07-22;"Prešovský kraj";1;0;0;0;NA;114232;1;2020-07-22;247
2020-07-21;"Prešovský kraj";2;0;0;0;NA;114232;2;2020-07-21;246
2020-07-20;"Prešovský kraj";1;0;0;0;NA;114232;1;2020-07-20;244
2020-07-17;"Prešovský kraj";3;0;0;0;NA;114232;3;2020-07-17;243
2020-07-16;"Prešovský kraj";1;0;0;0;NA;114232;1;2020-07-16;240
2020-07-15;"Prešovský kraj";5;0;0;0;NA;114232;5;2020-07-15;239
2020-07-14;"Prešovský kraj";5;0;0;0;NA;114232;5;2020-07-14;234
2020-07-13;"Prešovský kraj";1;0;0;0;NA;114232;1;2020-07-13;229
2020-07-12;"Prešovský kraj";1;0;0;0;NA;114232;1;2020-07-12;228
2020-07-11;"Prešovský kraj";6;0;0;0;NA;114232;6;2020-07-11;227
2020-07-10;"Prešovský kraj";5;0;0;0;NA;114232;5;2020-07-10;221
2020-07-09;"Prešovský kraj";2;0;0;0;NA;114232;2;2020-07-09;216
2020-07-08;"Prešovský kraj";14;0;0;0;NA;114232;14;2020-07-08;214
2020-07-07;"Prešovský kraj";2;0;0;0;NA;114232;2;2020-07-07;200
2020-07-04;"Prešovský kraj";1;0;0;0;NA;114232;1;2020-07-04;198
2020-07-03;"Prešovský kraj";3;0;0;0;NA;114232;3;2020-07-03;197
2020-06-30;"Prešovský kraj";7;0;0;0;NA;114232;7;2020-06-30;194
2020-06-27;"Prešovský kraj";3;0;0;0;NA;114232;3;2020-06-27;187
2020-06-26;"Prešovský kraj";3;0;0;0;NA;114232;3;2020-06-26;184
2020-06-24;"Prešovský kraj";4;0;0;0;NA;114232;4;2020-06-24;181
2020-06-19;"Prešovský kraj";1;0;0;0;NA;114232;1;2020-06-19;177
2020-06-16;"Prešovský kraj";6;0;0;0;NA;114232;6;2020-06-16;176
2020-06-12;"Prešovský kraj";1;0;0;0;NA;114232;1;2020-06-12;170
2020-06-02;"Prešovský kraj";1;0;0;0;NA;114232;1;2020-06-02;169
2020-05-31;"Prešovský kraj";1;0;0;0;NA;114232;1;2020-05-31;168
2020-05-21;"Prešovský kraj";1;0;0;0;NA;114232;1;2020-05-21;167
2020-05-13;"Prešovský kraj";1;0;0;0;NA;114232;1;2020-05-13;166
2020-05-11;"Prešovský kraj";1;0;0;0;NA;114232;1;2020-05-11;165
2020-05-05;"Prešovský kraj";1;0;0;0;NA;114232;1;2020-05-05;164
2020-05-01;"Prešovský kraj";2;0;0;0;NA;114232;2;2020-05-01;163
2020-04-29;"Prešovský kraj";1;0;0;0;NA;114232;1;2020-04-29;161
2020-04-28;"Prešovský kraj";1;0;0;0;NA;114232;1;2020-04-28;160
2020-04-27;"Prešovský kraj";2;0;0;0;NA;114232;2;2020-04-27;159
2020-04-23;"Prešovský kraj";2;0;0;0;NA;114232;2;2020-04-23;157
2020-04-22;"Prešovský kraj";11;0;0;0;NA;114232;11;2020-04-22;155
2020-04-21;"Prešovský kraj";12;0;0;0;NA;114232;12;2020-04-21;144
2020-04-20;"Prešovský kraj";2;0;0;0;NA;114232;2;2020-04-20;132
2020-04-19;"Prešovský kraj";4;0;0;0;NA;114232;4;2020-04-19;130
2020-04-18;"Prešovský kraj";1;0;0;0;NA;114232;1;2020-04-18;126
2020-04-17;"Prešovský kraj";4;0;0;0;NA;114232;4;2020-04-17;125
2020-04-16;"Prešovský kraj";9;0;0;0;NA;114232;9;2020-04-16;121
2020-04-15;"Prešovský kraj";21;0;0;0;NA;114232;21;2020-04-15;112
2020-04-14;"Prešovský kraj";1;0;0;0;NA;114232;1;2020-04-14;91
2020-04-13;"Prešovský kraj";2;0;0;0;NA;114232;2;2020-04-13;90
2020-04-12;"Prešovský kraj";6;0;0;0;NA;114232;6;2020-04-12;88
2020-04-11;"Prešovský kraj";4;0;0;0;NA;114232;4;2020-04-11;82
2020-04-09;"Prešovský kraj";1;0;0;0;NA;114232;1;2020-04-09;78
2020-04-07;"Prešovský kraj";7;0;0;0;NA;114232;7;2020-04-07;77
2020-04-06;"Prešovský kraj";10;0;0;0;NA;114232;10;2020-04-06;70
2020-04-05;"Prešovský kraj";13;0;0;0;NA;114232;13;2020-04-05;60
2020-04-04;"Prešovský kraj";1;0;0;0;NA;114232;1;2020-04-04;47
2020-04-03;"Prešovský kraj";4;0;0;0;NA;114232;4;2020-04-03;46
2020-04-02;"Prešovský kraj";6;0;0;0;NA;114232;6;2020-04-02;42
2020-04-01;"Prešovský kraj";6;0;0;0;NA;114232;6;2020-04-01;36
2020-03-31;"Prešovský kraj";6;0;0;0;NA;114232;6;2020-03-31;30
2020-03-30;"Prešovský kraj";2;0;0;0;NA;114232;2;2020-03-30;24
2020-03-29;"Prešovský kraj";2;0;0;0;NA;114232;2;2020-03-29;22
2020-03-28;"Prešovský kraj";2;0;0;0;NA;114232;2;2020-03-28;20
2020-03-27;"Prešovský kraj";1;0;0;0;NA;114232;1;2020-03-27;18
2020-03-26;"Prešovský kraj";8;0;0;0;NA;114232;8;2020-03-26;17
2020-03-25;"Prešovský kraj";1;0;0;0;NA;114232;1;2020-03-25;9
2020-03-24;"Prešovský kraj";4;0;0;0;NA;114232;4;2020-03-24;8
2020-03-22;"Prešovský kraj";1;0;0;0;NA;114232;1;2020-03-22;4
2020-03-21;"Prešovský kraj";2;0;0;0;NA;114232;2;2020-03-21;3
2020-03-20;"Prešovský kraj";3;0;0;0;NA;114232;3;2020-03-20;1
2020-03-19;"Prešovský kraj";2;0;0;0;NA;114232;2;2020-03-19;-2
2020-03-18;"Prešovský kraj";1;0;0;0;NA;114232;1;2020-03-18;-4
2020-03-17;"Prešovský kraj";1;0;0;0;NA;114232;1;2020-03-17;-5
2020-03-16;"Prešovský kraj";4;0;0;0;NA;114232;4;2020-03-16;-6
2020-03-14;"Prešovský kraj";1;0;0;0;NA;114232;1;2020-03-14;-10
2021-04-11;"Trenčiansky kraj";1;1923;1;1924;50467;101586;2;2021-04-11;101586
2021-04-10;"Trenčiansky kraj";81;71538;126;71664;NA;101586;207;2021-04-10;101584
2021-04-09;"Trenčiansky kraj";120;27289;91;27380;NA;101586;211;2021-04-09;101377
2021-04-08;"Trenčiansky kraj";112;12937;85;13022;NA;101586;197;2021-04-08;101166
2021-04-07;"Trenčiansky kraj";204;17688;122;17810;NA;101586;326;2021-04-07;100969
2021-04-06;"Trenčiansky kraj";157;28619;178;28797;NA;101586;335;2021-04-06;100643
2021-04-05;"Trenčiansky kraj";15;6701;51;6752;NA;101586;66;2021-04-05;100308
2021-04-04;"Trenčiansky kraj";2;2446;8;2454;NA;101586;10;2021-04-04;100242
2021-04-03;"Trenčiansky kraj";86;70431;163;70594;NA;101586;249;2021-04-03;100232
2021-04-02;"Trenčiansky kraj";126;21531;80;21611;NA;101586;206;2021-04-02;99983
2021-04-01;"Trenčiansky kraj";159;32360;139;32499;NA;101586;298;2021-04-01;99777
2021-03-31;"Trenčiansky kraj";198;20100;130;20230;NA;101586;328;2021-03-31;99479
2021-03-30;"Trenčiansky kraj";272;17284;136;17420;NA;101586;408;2021-03-30;99151
2021-03-29;"Trenčiansky kraj";142;19622;170;19792;NA;101586;312;2021-03-29;98743
2021-03-28;"Trenčiansky kraj";3;12352;39;12391;NA;101586;42;2021-03-28;98431
2021-03-27;"Trenčiansky kraj";130;74331;281;74612;NA;101586;411;2021-03-27;98389
2021-03-26;"Trenčiansky kraj";211;35110;158;35268;NA;101586;369;2021-03-26;97978
2021-03-25;"Trenčiansky kraj";184;16569;176;16745;NA;101586;360;2021-03-25;97609
2021-03-24;"Trenčiansky kraj";259;13099;171;13270;NA;101586;430;2021-03-24;97249
2021-03-23;"Trenčiansky kraj";349;17588;174;17762;NA;101586;523;2021-03-23;96819
2021-03-22;"Trenčiansky kraj";141;21118;213;21331;NA;101586;354;2021-03-22;96296
2021-03-21;"Trenčiansky kraj";85;21983;130;22113;NA;101586;215;2021-03-21;95942
2021-03-20;"Trenčiansky kraj";128;80035;322;80357;NA;101586;450;2021-03-20;95727
2021-03-19;"Trenčiansky kraj";231;34777;232;35009;NA;101586;463;2021-03-19;95277
2021-03-18;"Trenčiansky kraj";262;15764;172;15936;NA;101586;434;2021-03-18;94814
2021-03-17;"Trenčiansky kraj";366;13417;163;13580;NA;101586;529;2021-03-17;94380
2021-03-16;"Trenčiansky kraj";450;15237;236;15473;NA;101586;686;2021-03-16;93851
2021-03-15;"Trenčiansky kraj";162;21129;261;21390;NA;101586;423;2021-03-15;93165
2021-03-14;"Trenčiansky kraj";42;25282;169;25451;NA;101586;211;2021-03-14;92742
2021-03-13;"Trenčiansky kraj";270;79187;453;79640;NA;101586;723;2021-03-13;92531
2021-03-12;"Trenčiansky kraj";366;34763;307;35070;NA;101586;673;2021-03-12;91808
2021-03-11;"Trenčiansky kraj";302;15557;213;15770;NA;101586;515;2021-03-11;91135
2021-03-10;"Trenčiansky kraj";402;13452;236;13688;NA;101586;638;2021-03-10;90620
2021-03-09;"Trenčiansky kraj";586;17982;285;18267;NA;101586;871;2021-03-09;89982
2021-03-08;"Trenčiansky kraj";174;21700;362;22062;NA;101586;536;2021-03-08;89111
2021-03-07;"Trenčiansky kraj";4;15654;126;15780;NA;101586;130;2021-03-07;88575
2021-03-06;"Trenčiansky kraj";260;79406;529;79935;NA;101586;789;2021-03-06;88445
2021-03-05;"Trenčiansky kraj";326;32674;414;33088;NA;101586;740;2021-03-05;87656
2021-03-04;"Trenčiansky kraj";323;16820;315;17135;NA;101586;638;2021-03-04;86916
2021-03-03;"Trenčiansky kraj";413;13953;346;14299;NA;101586;759;2021-03-03;86278
2021-03-02;"Trenčiansky kraj";612;17793;348;18141;NA;101586;960;2021-03-02;85519
2021-03-01;"Trenčiansky kraj";217;21092;445;21537;NA;101586;662;2021-03-01;84559
2021-02-28;"Trenčiansky kraj";45;28672;358;29030;NA;101586;403;2021-02-28;83897
2021-02-27;"Trenčiansky kraj";277;78732;686;79418;NA;101586;963;2021-02-27;83494
2021-02-26;"Trenčiansky kraj";420;32932;435;33367;NA;101586;855;2021-02-26;82531
2021-02-25;"Trenčiansky kraj";424;14029;328;14357;NA;101586;752;2021-02-25;81676
2021-02-24;"Trenčiansky kraj";427;12002;399;12401;NA;101586;826;2021-02-24;80924
2021-02-23;"Trenčiansky kraj";577;14904;390;15294;NA;101586;967;2021-02-23;80098
2021-02-22;"Trenčiansky kraj";160;19943;468;20411;NA;101586;628;2021-02-22;79131
2021-02-21;"Trenčiansky kraj";64;27642;381;28023;NA;101586;445;2021-02-21;78503
2021-02-20;"Trenčiansky kraj";274;77840;745;78585;NA;101586;1019;2021-02-20;78058
2021-02-19;"Trenčiansky kraj";272;30245;520;30765;NA;101586;792;2021-02-19;77039
2021-02-18;"Trenčiansky kraj";355;14353;410;14763;NA;101586;765;2021-02-18;76247
2021-02-17;"Trenčiansky kraj";363;11377;376;11753;NA;101586;739;2021-02-17;75482
2021-02-16;"Trenčiansky kraj";488;17748;406;18154;NA;101586;894;2021-02-16;74743
2021-02-15;"Trenčiansky kraj";151;21806;463;22269;NA;101586;614;2021-02-15;73849
2021-02-14;"Trenčiansky kraj";2;5241;51;5292;NA;101586;53;2021-02-14;73235
2021-02-13;"Trenčiansky kraj";274;60478;517;60995;NA;101586;791;2021-02-13;73182
2021-02-12;"Trenčiansky kraj";276;27966;412;28378;NA;101586;688;2021-02-12;72391
2021-02-11;"Trenčiansky kraj";291;11566;323;11889;NA;101586;614;2021-02-11;71703
2021-02-10;"Trenčiansky kraj";304;11402;317;11719;NA;101586;621;2021-02-10;71089
2021-02-09;"Trenčiansky kraj";514;18401;360;18761;NA;101586;874;2021-02-09;70468
2021-02-08;"Trenčiansky kraj";182;27473;432;27905;NA;101586;614;2021-02-08;69594
2021-02-07;"Trenčiansky kraj";31;28383;277;28660;NA;101586;308;2021-02-07;68980
2021-02-06;"Trenčiansky kraj";216;63430;558;63988;NA;101586;774;2021-02-06;68672
2021-02-05;"Trenčiansky kraj";202;18176;368;18544;NA;101586;570;2021-02-05;67898
2021-02-04;"Trenčiansky kraj";266;7023;279;7302;NA;101586;545;2021-02-04;67328
2021-02-03;"Trenčiansky kraj";162;6655;320;6975;NA;101586;482;2021-02-03;66783
2021-02-02;"Trenčiansky kraj";347;8088;384;8472;NA;101586;731;2021-02-02;66301
2021-02-01;"Trenčiansky kraj";167;9355;311;9666;NA;101586;478;2021-02-01;65570
2021-01-31;"Trenčiansky kraj";7;31588;270;31858;NA;101586;277;2021-01-31;65092
2021-01-30;"Trenčiansky kraj";228;73880;642;74522;NA;101586;870;2021-01-30;64815
2021-01-29;"Trenčiansky kraj";214;15172;470;15642;NA;101586;684;2021-01-29;63945
2021-01-28;"Trenčiansky kraj";307;10884;316;11200;NA;101586;623;2021-01-28;63261
2021-01-27;"Trenčiansky kraj";166;23824;434;24258;NA;101586;600;2021-01-27;62638
2021-01-26;"Trenčiansky kraj";303;29170;500;29670;NA;101586;803;2021-01-26;62038
2021-01-25;"Trenčiansky kraj";160;49218;424;49642;NA;101586;584;2021-01-25;61235
2021-01-24;"Trenčiansky kraj";51;54730;362;55092;NA;101586;413;2021-01-24;60651
2021-01-23;"Trenčiansky kraj";206;227016;1484;228500;NA;101586;1690;2021-01-23;60238
2021-01-22;"Trenčiansky kraj";148;29526;412;29938;NA;101586;560;2021-01-22;58548
2021-01-21;"Trenčiansky kraj";143;17160;332;17492;NA;101586;475;2021-01-21;57988
2021-01-20;"Trenčiansky kraj";181;16379;454;16833;NA;101586;635;2021-01-20;57513
2021-01-19;"Trenčiansky kraj";363;13236;524;13760;NA;101586;887;2021-01-19;56878
2021-01-18;"Trenčiansky kraj";72;10109;646;10755;NA;101586;718;2021-01-18;55991
2021-01-17;"Trenčiansky kraj";124;186;22;208;NA;101586;146;2021-01-17;55273
2021-01-16;"Trenčiansky kraj";39;914;56;970;NA;101586;95;2021-01-16;55127
2021-01-15;"Trenčiansky kraj";264;8058;436;8494;NA;101586;700;2021-01-15;55032
2021-01-14;"Trenčiansky kraj";275;6388;378;6766;NA;101586;653;2021-01-14;54332
2021-01-13;"Trenčiansky kraj";222;7778;430;8208;NA;101586;652;2021-01-13;53679
2021-01-12;"Trenčiansky kraj";508;9208;522;9730;NA;101586;1030;2021-01-12;53027
2021-01-11;"Trenčiansky kraj";142;8734;708;9442;NA;101586;850;2021-01-11;51997
2021-01-10;"Trenčiansky kraj";89;9878;152;10030;NA;101586;241;2021-01-10;51147
2021-01-09;"Trenčiansky kraj";276;15948;242;16190;NA;101586;518;2021-01-09;50906
2021-01-08;"Trenčiansky kraj";489;12868;968;13836;NA;101586;1457;2021-01-08;50388
2021-01-07;"Trenčiansky kraj";420;12276;1154;13430;NA;101586;1574;2021-01-07;48931
2021-01-06;"Trenčiansky kraj";221;2042;128;2170;NA;101586;349;2021-01-06;47357
2021-01-05;"Trenčiansky kraj";669;11506;1412;12918;NA;101586;2081;2021-01-05;47008
2021-01-04;"Trenčiansky kraj";337;10486;1564;12050;NA;101586;1901;2021-01-04;44927
2021-01-03;"Trenčiansky kraj";38;120;26;146;NA;101586;64;2021-01-03;43026
2021-01-02;"Trenčiansky kraj";129;280;46;326;NA;101586;175;2021-01-02;42962
2021-01-01;"Trenčiansky kraj";329;694;46;740;NA;101586;375;2021-01-01;42787
2020-12-31;"Trenčiansky kraj";597;4943;557;5500;NA;101586;1154;2020-12-31;42412
2020-12-30;"Trenčiansky kraj";836;7012;762;7774;NA;101586;1598;2020-12-30;41258
2020-12-29;"Trenčiansky kraj";459;6191;1018;7209;NA;101586;1477;2020-12-29;39660
2020-12-28;"Trenčiansky kraj";258;4195;777;4972;NA;101586;1035;2020-12-28;38183
2020-12-27;"Trenčiansky kraj";5;202;36;238;NA;101586;41;2020-12-27;37148
2020-12-26;"Trenčiansky kraj";174;74;10;84;NA;101586;184;2020-12-26;37107
2020-12-25;"Trenčiansky kraj";251;325;47;372;NA;101586;298;2020-12-25;36923
2020-12-24;"Trenčiansky kraj";552;2194;256;2450;NA;101586;808;2020-12-24;36625
2020-12-23;"Trenčiansky kraj";421;6552;661;7213;NA;101586;1082;2020-12-23;35817
2020-12-22;"Trenčiansky kraj";673;5760;694;6454;NA;101586;1367;2020-12-22;34735
2020-12-21;"Trenčiansky kraj";248;13321;956;14277;NA;101586;1204;2020-12-21;33368
2020-12-20;"Trenčiansky kraj";238;12480;291;12771;NA;101586;529;2020-12-20;32164
2020-12-19;"Trenčiansky kraj";341;1611;150;1761;NA;101586;491;2020-12-19;31635
2020-12-18;"Trenčiansky kraj";521;5199;615;5814;NA;101586;1136;2020-12-18;31144
2020-12-17;"Trenčiansky kraj";670;3843;524;4367;NA;101586;1194;2020-12-17;30008
2020-12-16;"Trenčiansky kraj";461;4464;647;5111;NA;101586;1108;2020-12-16;28814
2020-12-15;"Trenčiansky kraj";595;3805;670;4475;NA;101586;1265;2020-12-15;27706
2020-12-14;"Trenčiansky kraj";318;3194;613;3807;NA;101586;931;2020-12-14;26441
2020-12-13;"Trenčiansky kraj";77;24;4;28;NA;101586;81;2020-12-13;25510
2020-12-12;"Trenčiansky kraj";314;1002;120;1122;NA;101586;434;2020-12-12;25429
2020-12-11;"Trenčiansky kraj";751;4066;479;4545;NA;101586;1230;2020-12-11;24995
2020-12-10;"Trenčiansky kraj";271;3354;473;3827;NA;101586;744;2020-12-10;23765
2020-12-09;"Trenčiansky kraj";508;3788;466;4254;NA;101586;974;2020-12-09;23021
2020-12-08;"Trenčiansky kraj";546;3440;522;3962;NA;101586;1068;2020-12-08;22047
2020-12-07;"Trenčiansky kraj";258;3826;466;4292;NA;101586;724;2020-12-07;20979
2020-12-06;"Trenčiansky kraj";114;187;11;198;NA;101586;125;2020-12-06;20255
2020-12-05;"Trenčiansky kraj";223;464;37;501;NA;101586;260;2020-12-05;20130
2020-12-04;"Trenčiansky kraj";253;2565;215;2780;NA;101586;468;2020-12-04;19870
2020-12-03;"Trenčiansky kraj";503;1739;179;1918;NA;101586;682;2020-12-03;19402
2020-12-02;"Trenčiansky kraj";418;1887;232;2119;NA;101586;650;2020-12-02;18720
2020-12-01;"Trenčiansky kraj";321;5705;353;6058;NA;101586;674;2020-12-01;18070
2020-11-30;"Trenčiansky kraj";167;11513;520;12033;NA;101586;687;2020-11-30;17396
2020-11-29;"Trenčiansky kraj";29;18;2;20;NA;101586;31;2020-11-29;16709
2020-11-28;"Trenčiansky kraj";202;1051;93;1144;NA;101586;295;2020-11-28;16678
2020-11-27;"Trenčiansky kraj";330;1398;150;1548;NA;101586;480;2020-11-27;16383
2020-11-26;"Trenčiansky kraj";395;1252;122;1374;NA;101586;517;2020-11-26;15903
2020-11-25;"Trenčiansky kraj";322;1444;160;1604;NA;101586;482;2020-11-25;15386
2020-11-24;"Trenčiansky kraj";348;2553;308;2861;NA;101586;656;2020-11-24;14904
2020-11-23;"Trenčiansky kraj";159;1186;122;1308;NA;101586;281;2020-11-23;14248
2020-11-22;"Trenčiansky kraj";26;11;1;12;NA;101586;27;2020-11-22;13967
2020-11-21;"Trenčiansky kraj";255;1323;62;1385;NA;101586;317;2020-11-21;13940
2020-11-20;"Trenčiansky kraj";316;861;93;954;NA;101586;409;2020-11-20;13623
2020-11-19;"Trenčiansky kraj";316;740;113;853;NA;101586;429;2020-11-19;13214
2020-11-18;"Trenčiansky kraj";233;379;66;445;NA;101586;299;2020-11-18;12785
2020-11-17;"Trenčiansky kraj";222;106;15;121;NA;101586;237;2020-11-17;12486
2020-11-16;"Trenčiansky kraj";245;236;45;281;NA;101586;290;2020-11-16;12249
2020-11-15;"Trenčiansky kraj";109;29;6;35;NA;101586;115;2020-11-15;11959
2020-11-14;"Trenčiansky kraj";190;74;11;85;NA;101586;201;2020-11-14;11844
2020-11-13;"Trenčiansky kraj";308;131;13;144;NA;101586;321;2020-11-13;11643
2020-11-12;"Trenčiansky kraj";324;124;5;129;NA;101586;329;2020-11-12;11322
2020-11-11;"Trenčiansky kraj";366;113;10;123;NA;101586;376;2020-11-11;10993
2020-11-10;"Trenčiansky kraj";277;106;6;112;NA;101586;283;2020-11-10;10617
2020-11-09;"Trenčiansky kraj";115;1407;48;1455;NA;101586;163;2020-11-09;10334
2020-11-08;"Trenčiansky kraj";81;1223;8;1231;NA;101586;89;2020-11-08;10171
2020-11-07;"Trenčiansky kraj";319;3662;59;3721;NA;101586;378;2020-11-07;10082
2020-11-06;"Trenčiansky kraj";383;6893;84;6977;NA;101586;467;2020-11-06;9704
2020-11-05;"Trenčiansky kraj";399;98;15;113;NA;101586;414;2020-11-05;9237
2020-11-04;"Trenčiansky kraj";370;91;9;100;NA;101586;379;2020-11-04;8823
2020-11-03;"Trenčiansky kraj";575;97;8;105;NA;101586;583;2020-11-03;8444
2020-11-02;"Trenčiansky kraj";197;1833;68;1901;NA;101586;265;2020-11-02;7861
2020-11-01;"Trenčiansky kraj";257;804;23;827;NA;101586;280;2020-11-01;7596
2020-10-31;"Trenčiansky kraj";332;4719;82;4801;NA;101586;414;2020-10-31;7316
2020-10-30;"Trenčiansky kraj";299;5283;102;5385;NA;101586;401;2020-10-30;6902
2020-10-29;"Trenčiansky kraj";496;764;68;832;NA;101586;564;2020-10-29;6501
2020-10-28;"Trenčiansky kraj";269;192;33;225;NA;101586;302;2020-10-28;5937
2020-10-27;"Trenčiansky kraj";473;127;27;154;NA;101586;500;2020-10-27;5635
2020-10-26;"Trenčiansky kraj";177;103;31;134;NA;101586;208;2020-10-26;5135
2020-10-25;"Trenčiansky kraj";138;9;5;14;NA;101586;143;2020-10-25;4927
2020-10-24;"Trenčiansky kraj";395;128;6;134;NA;101586;401;2020-10-24;4784
2020-10-23;"Trenčiansky kraj";301;154;8;162;NA;101586;309;2020-10-23;4383
2020-10-22;"Trenčiansky kraj";273;82;12;94;NA;101586;285;2020-10-22;4074
2020-10-21;"Trenčiansky kraj";183;53;9;62;NA;101586;192;2020-10-21;3789
2020-10-20;"Trenčiansky kraj";212;47;6;53;NA;101586;218;2020-10-20;3597
2020-10-19;"Trenčiansky kraj";41;83;25;108;NA;101586;66;2020-10-19;3379
2020-10-18;"Trenčiansky kraj";104;0;0;0;NA;101586;104;2020-10-18;3313
2020-10-17;"Trenčiansky kraj";157;0;0;0;NA;101586;157;2020-10-17;3209
2020-10-16;"Trenčiansky kraj";225;42;6;48;NA;101586;231;2020-10-16;3052
2020-10-15;"Trenčiansky kraj";255;39;4;43;NA;101586;259;2020-10-15;2821
2020-10-14;"Trenčiansky kraj";162;42;7;49;NA;101586;169;2020-10-14;2562
2020-10-13;"Trenčiansky kraj";124;105;12;117;NA;101586;136;2020-10-13;2393
2020-10-12;"Trenčiansky kraj";55;0;0;0;NA;101586;55;2020-10-12;2257
2020-10-11;"Trenčiansky kraj";73;0;0;0;NA;101586;73;2020-10-11;2202
2020-10-10;"Trenčiansky kraj";180;0;0;0;NA;101586;180;2020-10-10;2129
2020-10-09;"Trenčiansky kraj";198;0;0;0;NA;101586;198;2020-10-09;1949
2020-10-08;"Trenčiansky kraj";115;0;0;0;NA;101586;115;2020-10-08;1751
2020-10-07;"Trenčiansky kraj";75;0;0;0;NA;101586;75;2020-10-07;1636
2020-10-06;"Trenčiansky kraj";72;0;0;0;NA;101586;72;2020-10-06;1561
2020-10-05;"Trenčiansky kraj";32;0;0;0;NA;101586;32;2020-10-05;1489
2020-10-04;"Trenčiansky kraj";37;0;0;0;NA;101586;37;2020-10-04;1457
2020-10-03;"Trenčiansky kraj";79;0;0;0;NA;101586;79;2020-10-03;1420
2020-10-02;"Trenčiansky kraj";69;0;0;0;NA;101586;69;2020-10-02;1341
2020-10-01;"Trenčiansky kraj";58;0;0;0;NA;101586;58;2020-10-01;1272
2020-09-30;"Trenčiansky kraj";76;0;0;0;NA;101586;76;2020-09-30;1214
2020-09-29;"Trenčiansky kraj";43;0;0;0;NA;101586;43;2020-09-29;1138
2020-09-28;"Trenčiansky kraj";7;0;0;0;NA;101586;7;2020-09-28;1095
2020-09-27;"Trenčiansky kraj";12;0;0;0;NA;101586;12;2020-09-27;1088
2020-09-26;"Trenčiansky kraj";37;0;0;0;NA;101586;37;2020-09-26;1076
2020-09-25;"Trenčiansky kraj";72;0;0;0;NA;101586;72;2020-09-25;1039
2020-09-24;"Trenčiansky kraj";41;0;0;0;NA;101586;41;2020-09-24;967
2020-09-23;"Trenčiansky kraj";32;0;0;0;NA;101586;32;2020-09-23;926
2020-09-22;"Trenčiansky kraj";26;0;0;0;NA;101586;26;2020-09-22;894
2020-09-21;"Trenčiansky kraj";23;0;0;0;NA;101586;23;2020-09-21;868
2020-09-20;"Trenčiansky kraj";21;0;0;0;NA;101586;21;2020-09-20;845
2020-09-19;"Trenčiansky kraj";20;0;0;0;NA;101586;20;2020-09-19;824
2020-09-18;"Trenčiansky kraj";41;0;0;0;NA;101586;41;2020-09-18;804
2020-09-17;"Trenčiansky kraj";20;0;0;0;NA;101586;20;2020-09-17;763
2020-09-16;"Trenčiansky kraj";14;0;0;0;NA;101586;14;2020-09-16;743
2020-09-15;"Trenčiansky kraj";8;0;0;0;NA;101586;8;2020-09-15;729
2020-09-14;"Trenčiansky kraj";5;0;0;0;NA;101586;5;2020-09-14;721
2020-09-13;"Trenčiansky kraj";12;0;0;0;NA;101586;12;2020-09-13;716
2020-09-12;"Trenčiansky kraj";2;0;0;0;NA;101586;2;2020-09-12;704
2020-09-11;"Trenčiansky kraj";27;0;0;0;NA;101586;27;2020-09-11;702
2020-09-10;"Trenčiansky kraj";15;0;0;0;NA;101586;15;2020-09-10;675
2020-09-09;"Trenčiansky kraj";11;0;0;0;NA;101586;11;2020-09-09;660
2020-09-08;"Trenčiansky kraj";12;0;0;0;NA;101586;12;2020-09-08;649
2020-09-07;"Trenčiansky kraj";6;0;0;0;NA;101586;6;2020-09-07;637
2020-09-06;"Trenčiansky kraj";1;0;0;0;NA;101586;1;2020-09-06;631
2020-09-05;"Trenčiansky kraj";3;0;0;0;NA;101586;3;2020-09-05;630
2020-09-04;"Trenčiansky kraj";9;0;0;0;NA;101586;9;2020-09-04;627
2020-09-03;"Trenčiansky kraj";10;0;0;0;NA;101586;10;2020-09-03;618
2020-09-02;"Trenčiansky kraj";5;0;0;0;NA;101586;5;2020-09-02;608
2020-09-01;"Trenčiansky kraj";1;0;0;0;NA;101586;1;2020-09-01;603
2020-08-31;"Trenčiansky kraj";12;0;0;0;NA;101586;12;2020-08-31;602
2020-08-29;"Trenčiansky kraj";1;0;0;0;NA;101586;1;2020-08-29;590
2020-08-28;"Trenčiansky kraj";12;0;0;0;NA;101586;12;2020-08-28;589
2020-08-27;"Trenčiansky kraj";10;0;0;0;NA;101586;10;2020-08-27;577
2020-08-26;"Trenčiansky kraj";15;0;0;0;NA;101586;15;2020-08-26;567
2020-08-25;"Trenčiansky kraj";12;0;0;0;NA;101586;12;2020-08-25;552
2020-08-24;"Trenčiansky kraj";4;0;0;0;NA;101586;4;2020-08-24;540
2020-08-23;"Trenčiansky kraj";5;0;0;0;NA;101586;5;2020-08-23;536
2020-08-22;"Trenčiansky kraj";6;0;0;0;NA;101586;6;2020-08-22;531
2020-08-21;"Trenčiansky kraj";6;0;0;0;NA;101586;6;2020-08-21;525
2020-08-20;"Trenčiansky kraj";20;0;0;0;NA;101586;20;2020-08-20;519
2020-08-19;"Trenčiansky kraj";17;0;0;0;NA;101586;17;2020-08-19;499
2020-08-18;"Trenčiansky kraj";9;0;0;0;NA;101586;9;2020-08-18;482
2020-08-17;"Trenčiansky kraj";4;0;0;0;NA;101586;4;2020-08-17;473
2020-08-15;"Trenčiansky kraj";9;0;0;0;NA;101586;9;2020-08-15;469
2020-08-14;"Trenčiansky kraj";15;0;0;0;NA;101586;15;2020-08-14;460
2020-08-13;"Trenčiansky kraj";23;0;0;0;NA;101586;23;2020-08-13;445
2020-08-12;"Trenčiansky kraj";6;0;0;0;NA;101586;6;2020-08-12;422
2020-08-11;"Trenčiansky kraj";7;0;0;0;NA;101586;7;2020-08-11;416
2020-08-10;"Trenčiansky kraj";9;0;0;0;NA;101586;9;2020-08-10;409
2020-08-09;"Trenčiansky kraj";1;0;0;0;NA;101586;1;2020-08-09;400
2020-08-08;"Trenčiansky kraj";4;0;0;0;NA;101586;4;2020-08-08;399
2020-08-07;"Trenčiansky kraj";4;0;0;0;NA;101586;4;2020-08-07;395
2020-08-06;"Trenčiansky kraj";13;0;0;0;NA;101586;13;2020-08-06;391
2020-08-05;"Trenčiansky kraj";39;0;0;0;NA;101586;39;2020-08-05;378
2020-08-04;"Trenčiansky kraj";9;0;0;0;NA;101586;9;2020-08-04;339
2020-08-02;"Trenčiansky kraj";2;0;0;0;NA;101586;2;2020-08-02;330
2020-08-01;"Trenčiansky kraj";6;0;0;0;NA;101586;6;2020-08-01;328
2020-07-31;"Trenčiansky kraj";16;0;0;0;NA;101586;16;2020-07-31;322
2020-07-30;"Trenčiansky kraj";4;0;0;0;NA;101586;4;2020-07-30;306
2020-07-29;"Trenčiansky kraj";5;0;0;0;NA;101586;5;2020-07-29;302
2020-07-28;"Trenčiansky kraj";11;0;0;0;NA;101586;11;2020-07-28;297
2020-07-27;"Trenčiansky kraj";4;0;0;0;NA;101586;4;2020-07-27;286
2020-07-26;"Trenčiansky kraj";1;0;0;0;NA;101586;1;2020-07-26;282
2020-07-25;"Trenčiansky kraj";7;0;0;0;NA;101586;7;2020-07-25;281
2020-07-24;"Trenčiansky kraj";5;0;0;0;NA;101586;5;2020-07-24;274
2020-07-23;"Trenčiansky kraj";10;0;0;0;NA;101586;10;2020-07-23;269
2020-07-22;"Trenčiansky kraj";11;0;0;0;NA;101586;11;2020-07-22;259
2020-07-21;"Trenčiansky kraj";6;0;0;0;NA;101586;6;2020-07-21;248
2020-07-20;"Trenčiansky kraj";13;0;0;0;NA;101586;13;2020-07-20;242
2020-07-17;"Trenčiansky kraj";1;0;0;0;NA;101586;1;2020-07-17;229
2020-07-15;"Trenčiansky kraj";2;0;0;0;NA;101586;2;2020-07-15;228
2020-07-14;"Trenčiansky kraj";8;0;0;0;NA;101586;8;2020-07-14;226
2020-07-13;"Trenčiansky kraj";1;0;0;0;NA;101586;1;2020-07-13;218
2020-07-10;"Trenčiansky kraj";3;0;0;0;NA;101586;3;2020-07-10;217
2020-07-09;"Trenčiansky kraj";2;0;0;0;NA;101586;2;2020-07-09;214
2020-07-08;"Trenčiansky kraj";1;0;0;0;NA;101586;1;2020-07-08;212
2020-07-07;"Trenčiansky kraj";9;0;0;0;NA;101586;9;2020-07-07;211
2020-07-06;"Trenčiansky kraj";1;0;0;0;NA;101586;1;2020-07-06;202
2020-07-05;"Trenčiansky kraj";1;0;0;0;NA;101586;1;2020-07-05;201
2020-07-03;"Trenčiansky kraj";2;0;0;0;NA;101586;2;2020-07-03;200
2020-07-02;"Trenčiansky kraj";10;0;0;0;NA;101586;10;2020-07-02;198
2020-07-01;"Trenčiansky kraj";1;0;0;0;NA;101586;1;2020-07-01;188
2020-06-30;"Trenčiansky kraj";6;0;0;0;NA;101586;6;2020-06-30;187
2020-06-29;"Trenčiansky kraj";1;0;0;0;NA;101586;1;2020-06-29;181
2020-06-25;"Trenčiansky kraj";2;0;0;0;NA;101586;2;2020-06-25;180
2020-06-24;"Trenčiansky kraj";1;0;0;0;NA;101586;1;2020-06-24;178
2020-06-10;"Trenčiansky kraj";1;0;0;0;NA;101586;1;2020-06-10;177
2020-05-27;"Trenčiansky kraj";2;0;0;0;NA;101586;2;2020-05-27;176
2020-05-15;"Trenčiansky kraj";1;0;0;0;NA;101586;1;2020-05-15;174
2020-05-14;"Trenčiansky kraj";2;0;0;0;NA;101586;2;2020-05-14;173
2020-05-13;"Trenčiansky kraj";1;0;0;0;NA;101586;1;2020-05-13;171
2020-05-12;"Trenčiansky kraj";1;0;0;0;NA;101586;1;2020-05-12;170
2020-05-11;"Trenčiansky kraj";3;0;0;0;NA;101586;3;2020-05-11;169
2020-05-09;"Trenčiansky kraj";2;0;0;0;NA;101586;2;2020-05-09;166
2020-05-07;"Trenčiansky kraj";6;0;0;0;NA;101586;6;2020-05-07;164
2020-05-05;"Trenčiansky kraj";2;0;0;0;NA;101586;2;2020-05-05;158
2020-04-29;"Trenčiansky kraj";2;0;0;0;NA;101586;2;2020-04-29;156
2020-04-28;"Trenčiansky kraj";1;0;0;0;NA;101586;1;2020-04-28;154
2020-04-26;"Trenčiansky kraj";1;0;0;0;NA;101586;1;2020-04-26;153
2020-04-23;"Trenčiansky kraj";11;0;0;0;NA;101586;11;2020-04-23;152
2020-04-22;"Trenčiansky kraj";1;0;0;0;NA;101586;1;2020-04-22;141
2020-04-21;"Trenčiansky kraj";11;0;0;0;NA;101586;11;2020-04-21;140
2020-04-20;"Trenčiansky kraj";15;0;0;0;NA;101586;15;2020-04-20;129
2020-04-19;"Trenčiansky kraj";2;0;0;0;NA;101586;2;2020-04-19;114
2020-04-18;"Trenčiansky kraj";3;0;0;0;NA;101586;3;2020-04-18;112
2020-04-17;"Trenčiansky kraj";4;0;0;0;NA;101586;4;2020-04-17;109
2020-04-16;"Trenčiansky kraj";10;0;0;0;NA;101586;10;2020-04-16;105
2020-04-15;"Trenčiansky kraj";4;0;0;0;NA;101586;4;2020-04-15;95
2020-04-13;"Trenčiansky kraj";1;0;0;0;NA;101586;1;2020-04-13;91
2020-04-12;"Trenčiansky kraj";2;0;0;0;NA;101586;2;2020-04-12;90
2020-04-11;"Trenčiansky kraj";3;0;0;0;NA;101586;3;2020-04-11;88
2020-04-08;"Trenčiansky kraj";2;0;0;0;NA;101586;2;2020-04-08;85
2020-04-07;"Trenčiansky kraj";18;0;0;0;NA;101586;18;2020-04-07;83
2020-04-05;"Trenčiansky kraj";3;0;0;0;NA;101586;3;2020-04-05;65
2020-04-04;"Trenčiansky kraj";5;0;0;0;NA;101586;5;2020-04-04;62
2020-04-03;"Trenčiansky kraj";4;0;0;0;NA;101586;4;2020-04-03;57
2020-04-02;"Trenčiansky kraj";1;0;0;0;NA;101586;1;2020-04-02;53
2020-04-01;"Trenčiansky kraj";3;0;0;0;NA;101586;3;2020-04-01;52
2020-03-31;"Trenčiansky kraj";1;0;0;0;NA;101586;1;2020-03-31;49
2020-03-30;"Trenčiansky kraj";3;0;0;0;NA;101586;3;2020-03-30;48
2020-03-29;"Trenčiansky kraj";6;0;0;0;NA;101586;6;2020-03-29;45
2020-03-28;"Trenčiansky kraj";9;0;0;0;NA;101586;9;2020-03-28;39
2020-03-27;"Trenčiansky kraj";2;0;0;0;NA;101586;2;2020-03-27;30
2020-03-26;"Trenčiansky kraj";6;0;0;0;NA;101586;6;2020-03-26;28
2020-03-25;"Trenčiansky kraj";3;0;0;0;NA;101586;3;2020-03-25;22
2020-03-24;"Trenčiansky kraj";1;0;0;0;NA;101586;1;2020-03-24;19
2020-03-21;"Trenčiansky kraj";2;0;0;0;NA;101586;2;2020-03-21;18
2020-03-20;"Trenčiansky kraj";2;0;0;0;NA;101586;2;2020-03-20;16
2020-03-19;"Trenčiansky kraj";8;0;0;0;NA;101586;8;2020-03-19;14
2020-03-16;"Trenčiansky kraj";1;0;0;0;NA;101586;1;2020-03-16;6
2020-03-15;"Trenčiansky kraj";5;0;0;0;NA;101586;5;2020-03-15;5
2020-03-12;"Trenčiansky kraj";1;0;0;0;NA;101586;1;2020-03-12;0
2021-04-11;"Trnavský kraj";3;6788;13;6801;43987;98951;16;2021-04-11;98951
2021-04-10;"Trnavský kraj";60;110278;102;110380;NA;98951;162;2021-04-10;98935
2021-04-09;"Trnavský kraj";95;25294;34;25328;NA;98951;129;2021-04-09;98773
2021-04-08;"Trnavský kraj";85;10434;46;10480;NA;98951;131;2021-04-08;98644
2021-04-07;"Trnavský kraj";131;15556;80;15636;NA;98951;211;2021-04-07;98513
2021-04-06;"Trnavský kraj";92;19981;92;20073;NA;98951;184;2021-04-06;98302
2021-04-05;"Trnavský kraj";91;7157;13;7170;NA;98951;104;2021-04-05;98118
2021-04-04;"Trnavský kraj";9;15197;26;15223;NA;98951;35;2021-04-04;98014
2021-04-03;"Trnavský kraj";29;138966;160;139126;NA;98951;189;2021-04-03;97979
2021-04-02;"Trnavský kraj";91;13977;27;14004;NA;98951;118;2021-04-02;97790
2021-04-01;"Trnavský kraj";118;21562;59;21621;NA;98951;177;2021-04-01;97672
2021-03-31;"Trnavský kraj";140;15299;75;15374;NA;98951;215;2021-03-31;97495
2021-03-30;"Trnavský kraj";182;10469;79;10548;NA;98951;261;2021-03-30;97280
2021-03-29;"Trnavský kraj";126;15466;86;15552;NA;98951;212;2021-03-29;97019
2021-03-28;"Trnavský kraj";26;43455;100;43555;NA;98951;126;2021-03-28;96807
2021-03-27;"Trnavský kraj";64;120690;235;120925;NA;98951;299;2021-03-27;96681
2021-03-26;"Trnavský kraj";139;30217;130;30347;NA;98951;269;2021-03-26;96382
2021-03-25;"Trnavský kraj";135;14212;80;14292;NA;98951;215;2021-03-25;96113
2021-03-24;"Trnavský kraj";159;10521;89;10610;NA;98951;248;2021-03-24;95898
2021-03-23;"Trnavský kraj";221;12735;104;12839;NA;98951;325;2021-03-23;95650
2021-03-22;"Trnavský kraj";103;15718;97;15815;NA;98951;200;2021-03-22;95325
2021-03-21;"Trnavský kraj";31;29502;87;29589;NA;98951;118;2021-03-21;95125
2021-03-20;"Trnavský kraj";112;136522;317;136839;NA;98951;429;2021-03-20;95007
2021-03-19;"Trnavský kraj";174;25301;109;25410;NA;98951;283;2021-03-19;94578
2021-03-18;"Trnavský kraj";158;12088;134;12222;NA;98951;292;2021-03-18;94295
2021-03-17;"Trnavský kraj";245;10725;103;10828;NA;98951;348;2021-03-17;94003
2021-03-16;"Trnavský kraj";311;12876;136;13012;NA;98951;447;2021-03-16;93655
2021-03-15;"Trnavský kraj";127;18321;145;18466;NA;98951;272;2021-03-15;93208
2021-03-14;"Trnavský kraj";14;46499;152;46651;NA;98951;166;2021-03-14;92936
2021-03-13;"Trnavský kraj";155;139195;412;139607;NA;98951;567;2021-03-13;92770
2021-03-12;"Trnavský kraj";201;28226;179;28405;NA;98951;380;2021-03-12;92203
2021-03-11;"Trnavský kraj";204;13263;142;13405;NA;98951;346;2021-03-11;91823
2021-03-10;"Trnavský kraj";242;10460;136;10596;NA;98951;378;2021-03-10;91477
2021-03-09;"Trnavský kraj";442;12876;156;13032;NA;98951;598;2021-03-09;91099
2021-03-08;"Trnavský kraj";182;21459;163;21622;NA;98951;345;2021-03-08;90501
2021-03-07;"Trnavský kraj";30;46117;228;46345;NA;98951;258;2021-03-07;90156
2021-03-06;"Trnavský kraj";154;135576;529;136105;NA;98951;683;2021-03-06;89898
2021-03-05;"Trnavský kraj";299;28822;247;29069;NA;98951;546;2021-03-05;89215
2021-03-04;"Trnavský kraj";238;14067;175;14242;NA;98951;413;2021-03-04;88669
2021-03-03;"Trnavský kraj";413;11546;242;11788;NA;98951;655;2021-03-03;88256
2021-03-02;"Trnavský kraj";477;12352;196;12548;NA;98951;673;2021-03-02;87601
2021-03-01;"Trnavský kraj";189;18224;229;18453;NA;98951;418;2021-03-01;86928
2021-02-28;"Trnavský kraj";87;42516;295;42811;NA;98951;382;2021-02-28;86510
2021-02-27;"Trnavský kraj";264;140725;804;141529;NA;98951;1068;2021-02-27;86128
2021-02-26;"Trnavský kraj";362;26951;287;27238;NA;98951;649;2021-02-26;85060
2021-02-25;"Trnavský kraj";433;10490;227;10717;NA;98951;660;2021-02-25;84411
2021-02-24;"Trnavský kraj";407;9110;290;9400;NA;98951;697;2021-02-24;83751
2021-02-23;"Trnavský kraj";469;11322;284;11606;NA;98951;753;2021-02-23;83054
2021-02-22;"Trnavský kraj";206;19909;330;20239;NA;98951;536;2021-02-22;82301
2021-02-21;"Trnavský kraj";38;40845;264;41109;NA;98951;302;2021-02-21;81765
2021-02-20;"Trnavský kraj";273;135812;859;136671;NA;98951;1132;2021-02-20;81463
2021-02-19;"Trnavský kraj";335;26982;347;27329;NA;98951;682;2021-02-19;80331
2021-02-18;"Trnavský kraj";344;11263;348;11611;NA;98951;692;2021-02-18;79649
2021-02-17;"Trnavský kraj";431;8780;416;9196;NA;98951;847;2021-02-17;78957
2021-02-16;"Trnavský kraj";426;11413;295;11708;NA;98951;721;2021-02-16;78110
2021-02-15;"Trnavský kraj";146;18075;291;18366;NA;98951;437;2021-02-15;77389
2021-02-14;"Trnavský kraj";51;44417;335;44752;NA;98951;386;2021-02-14;76952
2021-02-13;"Trnavský kraj";218;137051;994;138045;NA;98951;1212;2021-02-13;76566
2021-02-12;"Trnavský kraj";300;23682;336;24018;NA;98951;636;2021-02-12;75354
2021-02-11;"Trnavský kraj";422;9901;360;10261;NA;98951;782;2021-02-11;74718
2021-02-10;"Trnavský kraj";511;9334;344;9678;NA;98951;855;2021-02-10;73936
2021-02-09;"Trnavský kraj";544;12752;369;13121;NA;98951;913;2021-02-09;73081
2021-02-08;"Trnavský kraj";220;34323;507;34830;NA;98951;727;2021-02-08;72168
2021-02-07;"Trnavský kraj";140;68646;623;69269;NA;98951;763;2021-02-07;71441
2021-02-06;"Trnavský kraj";348;111903;1473;113376;NA;98951;1821;2021-02-06;70678
2021-02-05;"Trnavský kraj";377;16448;400;16848;NA;98951;777;2021-02-05;68857
2021-02-04;"Trnavský kraj";456;7318;456;7774;NA;98951;912;2021-02-04;68080
2021-02-03;"Trnavský kraj";472;6584;434;7018;NA;98951;906;2021-02-03;67168
2021-02-02;"Trnavský kraj";446;14219;424;14643;NA;98951;870;2021-02-02;66262
2021-02-01;"Trnavský kraj";198;40071;690;40761;NA;98951;888;2021-02-01;65392
2021-01-31;"Trnavský kraj";19;125630;1556;127186;NA;98951;1575;2021-01-31;64504
2021-01-30;"Trnavský kraj";323;221184;2560;223744;NA;98951;2883;2021-01-30;62929
2021-01-29;"Trnavský kraj";421;19337;575;19912;NA;98951;996;2021-01-29;60046
2021-01-28;"Trnavský kraj";389;11630;572;12202;NA;98951;961;2021-01-28;59050
2021-01-27;"Trnavský kraj";433;10600;438;11038;NA;98951;871;2021-01-27;58089
2021-01-26;"Trnavský kraj";565;50782;1272;52054;NA;98951;1837;2021-01-26;57218
2021-01-25;"Trnavský kraj";210;83706;1214;84920;NA;98951;1424;2021-01-25;55381
2021-01-24;"Trnavský kraj";91;112516;1426;113942;NA;98951;1517;2021-01-24;53957
2021-01-23;"Trnavský kraj";372;234354;2694;237048;NA;98951;3066;2021-01-23;52440
2021-01-22;"Trnavský kraj";217;66250;1014;67264;NA;98951;1231;2021-01-22;49374
2021-01-21;"Trnavský kraj";311;27669;756;28425;NA;98951;1067;2021-01-21;48143
2021-01-20;"Trnavský kraj";503;16266;548;16814;NA;98951;1051;2021-01-20;47076
2021-01-19;"Trnavský kraj";415;14022;694;14716;NA;98951;1109;2021-01-19;46025
2021-01-18;"Trnavský kraj";247;12471;968;13439;NA;98951;1215;2021-01-18;44916
2021-01-17;"Trnavský kraj";128;1708;430;2138;NA;98951;558;2021-01-17;43701
2021-01-16;"Trnavský kraj";103;1198;38;1236;NA;98951;141;2021-01-16;43143
2021-01-15;"Trnavský kraj";278;10913;670;11583;NA;98951;948;2021-01-15;43002
2021-01-14;"Trnavský kraj";452;8001;676;8677;NA;98951;1128;2021-01-14;42054
2021-01-13;"Trnavský kraj";457;9503;756;10259;NA;98951;1213;2021-01-13;40926
2021-01-12;"Trnavský kraj";469;14352;966;15318;NA;98951;1435;2021-01-12;39713
2021-01-11;"Trnavský kraj";370;10115;784;10899;NA;98951;1154;2021-01-11;38278
2021-01-10;"Trnavský kraj";71;26;0;26;NA;98951;71;2021-01-10;37124
2021-01-09;"Trnavský kraj";417;3550;200;3750;NA;98951;617;2021-01-09;37053
2021-01-08;"Trnavský kraj";381;13104;1064;14168;NA;98951;1445;2021-01-08;36436
2021-01-07;"Trnavský kraj";501;8154;780;8934;NA;98951;1281;2021-01-07;34991
2021-01-06;"Trnavský kraj";179;1516;264;1780;NA;98951;443;2021-01-06;33710
2021-01-05;"Trnavský kraj";611;11847;1272;13119;NA;98951;1883;2021-01-05;33267
2021-01-04;"Trnavský kraj";302;10478;1378;11856;NA;98951;1680;2021-01-04;31384
2021-01-03;"Trnavský kraj";60;106;14;120;NA;98951;74;2021-01-03;29704
2021-01-02;"Trnavský kraj";282;834;64;898;NA;98951;346;2021-01-02;29630
2021-01-01;"Trnavský kraj";143;898;152;1050;NA;98951;295;2021-01-01;29284
2020-12-31;"Trnavský kraj";498;8488;858;9346;NA;98951;1356;2020-12-31;28989
2020-12-30;"Trnavský kraj";785;5318;612;5930;NA;98951;1397;2020-12-30;27633
2020-12-29;"Trnavský kraj";322;4999;593;5592;NA;98951;915;2020-12-29;26236
2020-12-28;"Trnavský kraj";213;5334;615;5949;NA;98951;828;2020-12-28;25321
2020-12-27;"Trnavský kraj";27;12;4;16;NA;98951;31;2020-12-27;24493
2020-12-26;"Trnavský kraj";148;44;1;45;NA;98951;149;2020-12-26;24462
2020-12-25;"Trnavský kraj";65;49;5;54;NA;98951;70;2020-12-25;24313
2020-12-24;"Trnavský kraj";333;1359;117;1476;NA;98951;450;2020-12-24;24243
2020-12-23;"Trnavský kraj";210;6417;375;6792;NA;98951;585;2020-12-23;23793
2020-12-22;"Trnavský kraj";311;5590;491;6081;NA;98951;802;2020-12-22;23208
2020-12-21;"Trnavský kraj";328;4527;399;4926;NA;98951;727;2020-12-21;22406
2020-12-20;"Trnavský kraj";134;110;12;122;NA;98951;146;2020-12-20;21679
2020-12-19;"Trnavský kraj";201;1046;86;1132;NA;98951;287;2020-12-19;21533
2020-12-18;"Trnavský kraj";341;4898;378;5276;NA;98951;719;2020-12-18;21246
2020-12-17;"Trnavský kraj";375;5271;443;5714;NA;98951;818;2020-12-17;20527
2020-12-16;"Trnavský kraj";312;5249;405;5654;NA;98951;717;2020-12-16;19709
2020-12-15;"Trnavský kraj";492;6623;632;7255;NA;98951;1124;2020-12-15;18992
2020-12-14;"Trnavský kraj";161;3505;292;3797;NA;98951;453;2020-12-14;17868
2020-12-13;"Trnavský kraj";7;0;0;0;NA;98951;7;2020-12-13;17415
2020-12-12;"Trnavský kraj";254;1456;114;1570;NA;98951;368;2020-12-12;17408
2020-12-11;"Trnavský kraj";384;4683;262;4945;NA;98951;646;2020-12-11;17040
2020-12-10;"Trnavský kraj";183;5194;320;5514;NA;98951;503;2020-12-10;16394
2020-12-09;"Trnavský kraj";521;4283;321;4604;NA;98951;842;2020-12-09;15891
2020-12-08;"Trnavský kraj";281;4090;304;4394;NA;98951;585;2020-12-08;15049
2020-12-07;"Trnavský kraj";178;2895;199;3094;NA;98951;377;2020-12-07;14464
2020-12-06;"Trnavský kraj";46;0;0;0;NA;98951;46;2020-12-06;14087
2020-12-05;"Trnavský kraj";129;2218;41;2259;NA;98951;170;2020-12-05;14041
2020-12-04;"Trnavský kraj";242;3948;158;4106;NA;98951;400;2020-12-04;13871
2020-12-03;"Trnavský kraj";248;2770;190;2960;NA;98951;438;2020-12-03;13471
2020-12-02;"Trnavský kraj";284;4516;176;4692;NA;98951;460;2020-12-02;13033
2020-12-01;"Trnavský kraj";253;3190;205;3395;NA;98951;458;2020-12-01;12573
2020-11-30;"Trnavský kraj";200;7360;186;7546;NA;98951;386;2020-11-30;12115
2020-11-29;"Trnavský kraj";17;708;34;742;NA;98951;51;2020-11-29;11729
2020-11-28;"Trnavský kraj";83;1453;77;1530;NA;98951;160;2020-11-28;11678
2020-11-27;"Trnavský kraj";148;1591;83;1674;NA;98951;231;2020-11-27;11518
2020-11-26;"Trnavský kraj";234;985;59;1044;NA;98951;293;2020-11-26;11287
2020-11-25;"Trnavský kraj";232;1029;72;1101;NA;98951;304;2020-11-25;10994
2020-11-24;"Trnavský kraj";295;1772;91;1863;NA;98951;386;2020-11-24;10690
2020-11-23;"Trnavský kraj";242;7207;125;7332;NA;98951;367;2020-11-23;10304
2020-11-22;"Trnavský kraj";10;54;3;57;NA;98951;13;2020-11-22;9937
2020-11-21;"Trnavský kraj";129;1214;23;1237;NA;98951;152;2020-11-21;9924
2020-11-20;"Trnavský kraj";246;1027;61;1088;NA;98951;307;2020-11-20;9772
2020-11-19;"Trnavský kraj";157;694;58;752;NA;98951;215;2020-11-19;9465
2020-11-18;"Trnavský kraj";235;716;75;791;NA;98951;310;2020-11-18;9250
2020-11-17;"Trnavský kraj";129;695;72;767;NA;98951;201;2020-11-17;8940
2020-11-16;"Trnavský kraj";187;682;32;714;NA;98951;219;2020-11-16;8739
2020-11-15;"Trnavský kraj";23;73;4;77;NA;98951;27;2020-11-15;8520
2020-11-14;"Trnavský kraj";86;389;10;399;NA;98951;96;2020-11-14;8493
2020-11-13;"Trnavský kraj";219;1312;21;1333;NA;98951;240;2020-11-13;8397
2020-11-12;"Trnavský kraj";162;420;18;438;NA;98951;180;2020-11-12;8157
2020-11-11;"Trnavský kraj";257;392;15;407;NA;98951;272;2020-11-11;7977
2020-11-10;"Trnavský kraj";189;889;30;919;NA;98951;219;2020-11-10;7705
2020-11-09;"Trnavský kraj";196;369;23;392;NA;98951;219;2020-11-09;7486
2020-11-08;"Trnavský kraj";55;306;4;310;NA;98951;59;2020-11-08;7267
2020-11-07;"Trnavský kraj";207;6070;74;6144;NA;98951;281;2020-11-07;7208
2020-11-06;"Trnavský kraj";260;1531;19;1550;NA;98951;279;2020-11-06;6927
2020-11-05;"Trnavský kraj";150;220;27;247;NA;98951;177;2020-11-05;6648
2020-11-04;"Trnavský kraj";188;212;10;222;NA;98951;198;2020-11-04;6471
2020-11-03;"Trnavský kraj";317;127;8;135;NA;98951;325;2020-11-03;6273
2020-11-02;"Trnavský kraj";281;1728;31;1759;NA;98951;312;2020-11-02;5948
2020-11-01;"Trnavský kraj";87;494;27;521;NA;98951;114;2020-11-01;5636
2020-10-31;"Trnavský kraj";259;5024;41;5065;NA;98951;300;2020-10-31;5522
2020-10-30;"Trnavský kraj";198;3784;27;3811;NA;98951;225;2020-10-30;5222
2020-10-29;"Trnavský kraj";273;1461;16;1477;NA;98951;289;2020-10-29;4997
2020-10-28;"Trnavský kraj";319;117;16;133;NA;98951;335;2020-10-28;4708
2020-10-27;"Trnavský kraj";199;461;36;497;NA;98951;235;2020-10-27;4373
2020-10-26;"Trnavský kraj";153;29;2;31;NA;98951;155;2020-10-26;4138
2020-10-25;"Trnavský kraj";95;19;1;20;NA;98951;96;2020-10-25;3983
2020-10-24;"Trnavský kraj";158;109;2;111;NA;98951;160;2020-10-24;3887
2020-10-23;"Trnavský kraj";201;89;4;93;NA;98951;205;2020-10-23;3727
2020-10-22;"Trnavský kraj";195;55;2;57;NA;98951;197;2020-10-22;3522
2020-10-21;"Trnavský kraj";134;73;3;76;NA;98951;137;2020-10-21;3325
2020-10-20;"Trnavský kraj";202;82;3;85;NA;98951;205;2020-10-20;3188
2020-10-19;"Trnavský kraj";67;55;0;55;NA;98951;67;2020-10-19;2983
2020-10-18;"Trnavský kraj";84;0;0;0;NA;98951;84;2020-10-18;2916
2020-10-17;"Trnavský kraj";123;0;0;0;NA;98951;123;2020-10-17;2832
2020-10-16;"Trnavský kraj";86;45;2;47;NA;98951;88;2020-10-16;2709
2020-10-15;"Trnavský kraj";155;66;2;68;NA;98951;157;2020-10-15;2621
2020-10-14;"Trnavský kraj";236;468;3;471;NA;98951;239;2020-10-14;2464
2020-10-13;"Trnavský kraj";138;16;2;18;NA;98951;140;2020-10-13;2225
2020-10-12;"Trnavský kraj";33;41;1;42;NA;98951;34;2020-10-12;2085
2020-10-11;"Trnavský kraj";31;0;0;0;NA;98951;31;2020-10-11;2051
2020-10-10;"Trnavský kraj";128;0;0;0;NA;98951;128;2020-10-10;2020
2020-10-09;"Trnavský kraj";156;0;0;0;NA;98951;156;2020-10-09;1892
2020-10-08;"Trnavský kraj";153;0;0;0;NA;98951;153;2020-10-08;1736
2020-10-07;"Trnavský kraj";80;0;0;0;NA;98951;80;2020-10-07;1583
2020-10-06;"Trnavský kraj";112;0;0;0;NA;98951;112;2020-10-06;1503
2020-10-05;"Trnavský kraj";33;0;0;0;NA;98951;33;2020-10-05;1391
2020-10-04;"Trnavský kraj";44;0;0;0;NA;98951;44;2020-10-04;1358
2020-10-03;"Trnavský kraj";60;0;0;0;NA;98951;60;2020-10-03;1314
2020-10-02;"Trnavský kraj";41;0;0;0;NA;98951;41;2020-10-02;1254
2020-10-01;"Trnavský kraj";53;0;0;0;NA;98951;53;2020-10-01;1213
2020-09-30;"Trnavský kraj";91;0;0;0;NA;98951;91;2020-09-30;1160
2020-09-29;"Trnavský kraj";40;0;0;0;NA;98951;40;2020-09-29;1069
2020-09-28;"Trnavský kraj";69;0;0;0;NA;98951;69;2020-09-28;1029
2020-09-27;"Trnavský kraj";30;0;0;0;NA;98951;30;2020-09-27;960
2020-09-26;"Trnavský kraj";46;0;0;0;NA;98951;46;2020-09-26;930
2020-09-25;"Trnavský kraj";32;0;0;0;NA;98951;32;2020-09-25;884
2020-09-24;"Trnavský kraj";42;0;0;0;NA;98951;42;2020-09-24;852
2020-09-23;"Trnavský kraj";43;0;0;0;NA;98951;43;2020-09-23;810
2020-09-22;"Trnavský kraj";55;0;0;0;NA;98951;55;2020-09-22;767
2020-09-21;"Trnavský kraj";41;0;0;0;NA;98951;41;2020-09-21;712
2020-09-20;"Trnavský kraj";17;0;0;0;NA;98951;17;2020-09-20;671
2020-09-19;"Trnavský kraj";4;0;0;0;NA;98951;4;2020-09-19;654
2020-09-18;"Trnavský kraj";33;0;0;0;NA;98951;33;2020-09-18;650
2020-09-17;"Trnavský kraj";42;0;0;0;NA;98951;42;2020-09-17;617
2020-09-16;"Trnavský kraj";49;0;0;0;NA;98951;49;2020-09-16;575
2020-09-15;"Trnavský kraj";5;0;0;0;NA;98951;5;2020-09-15;526
2020-09-14;"Trnavský kraj";26;0;0;0;NA;98951;26;2020-09-14;521
2020-09-13;"Trnavský kraj";9;0;0;0;NA;98951;9;2020-09-13;495
2020-09-12;"Trnavský kraj";12;0;0;0;NA;98951;12;2020-09-12;486
2020-09-11;"Trnavský kraj";16;0;0;0;NA;98951;16;2020-09-11;474
2020-09-10;"Trnavský kraj";32;0;0;0;NA;98951;32;2020-09-10;458
2020-09-09;"Trnavský kraj";14;0;0;0;NA;98951;14;2020-09-09;426
2020-09-08;"Trnavský kraj";11;0;0;0;NA;98951;11;2020-09-08;412
2020-09-07;"Trnavský kraj";7;0;0;0;NA;98951;7;2020-09-07;401
2020-09-06;"Trnavský kraj";5;0;0;0;NA;98951;5;2020-09-06;394
2020-09-05;"Trnavský kraj";7;0;0;0;NA;98951;7;2020-09-05;389
2020-09-04;"Trnavský kraj";16;0;0;0;NA;98951;16;2020-09-04;382
2020-09-03;"Trnavský kraj";8;0;0;0;NA;98951;8;2020-09-03;366
2020-09-02;"Trnavský kraj";7;0;0;0;NA;98951;7;2020-09-02;358
2020-09-01;"Trnavský kraj";1;0;0;0;NA;98951;1;2020-09-01;351
2020-08-31;"Trnavský kraj";6;0;0;0;NA;98951;6;2020-08-31;350
2020-08-30;"Trnavský kraj";1;0;0;0;NA;98951;1;2020-08-30;344
2020-08-29;"Trnavský kraj";3;0;0;0;NA;98951;3;2020-08-29;343
2020-08-28;"Trnavský kraj";14;0;0;0;NA;98951;14;2020-08-28;340
2020-08-27;"Trnavský kraj";6;0;0;0;NA;98951;6;2020-08-27;326
2020-08-26;"Trnavský kraj";4;0;0;0;NA;98951;4;2020-08-26;320
2020-08-25;"Trnavský kraj";7;0;0;0;NA;98951;7;2020-08-25;316
2020-08-24;"Trnavský kraj";1;0;0;0;NA;98951;1;2020-08-24;309
2020-08-23;"Trnavský kraj";6;0;0;0;NA;98951;6;2020-08-23;308
2020-08-22;"Trnavský kraj";3;0;0;0;NA;98951;3;2020-08-22;302
2020-08-21;"Trnavský kraj";4;0;0;0;NA;98951;4;2020-08-21;299
2020-08-20;"Trnavský kraj";23;0;0;0;NA;98951;23;2020-08-20;295
2020-08-19;"Trnavský kraj";13;0;0;0;NA;98951;13;2020-08-19;272
2020-08-18;"Trnavský kraj";20;0;0;0;NA;98951;20;2020-08-18;259
2020-08-17;"Trnavský kraj";3;0;0;0;NA;98951;3;2020-08-17;239
2020-08-15;"Trnavský kraj";7;0;0;0;NA;98951;7;2020-08-15;236
2020-08-14;"Trnavský kraj";6;0;0;0;NA;98951;6;2020-08-14;229
2020-08-13;"Trnavský kraj";10;0;0;0;NA;98951;10;2020-08-13;223
2020-08-12;"Trnavský kraj";2;0;0;0;NA;98951;2;2020-08-12;213
2020-08-11;"Trnavský kraj";30;0;0;0;NA;98951;30;2020-08-11;211
2020-08-08;"Trnavský kraj";13;0;0;0;NA;98951;13;2020-08-08;181
2020-08-07;"Trnavský kraj";4;0;0;0;NA;98951;4;2020-08-07;168
2020-08-06;"Trnavský kraj";4;0;0;0;NA;98951;4;2020-08-06;164
2020-08-04;"Trnavský kraj";1;0;0;0;NA;98951;1;2020-08-04;160
2020-08-03;"Trnavský kraj";2;0;0;0;NA;98951;2;2020-08-03;159
2020-08-02;"Trnavský kraj";1;0;0;0;NA;98951;1;2020-08-02;157
2020-07-31;"Trnavský kraj";7;0;0;0;NA;98951;7;2020-07-31;156
2020-07-30;"Trnavský kraj";6;0;0;0;NA;98951;6;2020-07-30;149
2020-07-28;"Trnavský kraj";1;0;0;0;NA;98951;1;2020-07-28;143
2020-07-27;"Trnavský kraj";2;0;0;0;NA;98951;2;2020-07-27;142
2020-07-24;"Trnavský kraj";1;0;0;0;NA;98951;1;2020-07-24;140
2020-07-23;"Trnavský kraj";2;0;0;0;NA;98951;2;2020-07-23;139
2020-07-22;"Trnavský kraj";1;0;0;0;NA;98951;1;2020-07-22;137
2020-07-21;"Trnavský kraj";2;0;0;0;NA;98951;2;2020-07-21;136
2020-07-15;"Trnavský kraj";1;0;0;0;NA;98951;1;2020-07-15;134
2020-07-08;"Trnavský kraj";3;0;0;0;NA;98951;3;2020-07-08;133
2020-07-07;"Trnavský kraj";4;0;0;0;NA;98951;4;2020-07-07;130
2020-07-02;"Trnavský kraj";3;0;0;0;NA;98951;3;2020-07-02;126
2020-06-18;"Trnavský kraj";2;0;0;0;NA;98951;2;2020-06-18;123
2020-05-25;"Trnavský kraj";1;0;0;0;NA;98951;1;2020-05-25;121
2020-05-23;"Trnavský kraj";2;0;0;0;NA;98951;2;2020-05-23;120
2020-05-20;"Trnavský kraj";2;0;0;0;NA;98951;2;2020-05-20;118
2020-05-15;"Trnavský kraj";1;0;0;0;NA;98951;1;2020-05-15;116
2020-05-11;"Trnavský kraj";2;0;0;0;NA;98951;2;2020-05-11;115
2020-04-28;"Trnavský kraj";1;0;0;0;NA;98951;1;2020-04-28;113
2020-04-25;"Trnavský kraj";2;0;0;0;NA;98951;2;2020-04-25;112
2020-04-24;"Trnavský kraj";4;0;0;0;NA;98951;4;2020-04-24;110
2020-04-23;"Trnavský kraj";5;0;0;0;NA;98951;5;2020-04-23;106
2020-04-22;"Trnavský kraj";10;0;0;0;NA;98951;10;2020-04-22;101
2020-04-21;"Trnavský kraj";5;0;0;0;NA;98951;5;2020-04-21;91
2020-04-19;"Trnavský kraj";1;0;0;0;NA;98951;1;2020-04-19;86
2020-04-18;"Trnavský kraj";4;0;0;0;NA;98951;4;2020-04-18;85
2020-04-17;"Trnavský kraj";7;0;0;0;NA;98951;7;2020-04-17;81
2020-04-16;"Trnavský kraj";5;0;0;0;NA;98951;5;2020-04-16;74
2020-04-15;"Trnavský kraj";5;0;0;0;NA;98951;5;2020-04-15;69
2020-04-14;"Trnavský kraj";1;0;0;0;NA;98951;1;2020-04-14;64
2020-04-10;"Trnavský kraj";2;0;0;0;NA;98951;2;2020-04-10;63
2020-04-09;"Trnavský kraj";3;0;0;0;NA;98951;3;2020-04-09;61
2020-04-08;"Trnavský kraj";4;0;0;0;NA;98951;4;2020-04-08;58
2020-04-07;"Trnavský kraj";6;0;0;0;NA;98951;6;2020-04-07;54
2020-04-06;"Trnavský kraj";6;0;0;0;NA;98951;6;2020-04-06;48
2020-04-05;"Trnavský kraj";1;0;0;0;NA;98951;1;2020-04-05;42
2020-04-04;"Trnavský kraj";1;0;0;0;NA;98951;1;2020-04-04;41
2020-04-03;"Trnavský kraj";3;0;0;0;NA;98951;3;2020-04-03;40
2020-04-02;"Trnavský kraj";4;0;0;0;NA;98951;4;2020-04-02;37
2020-03-31;"Trnavský kraj";3;0;0;0;NA;98951;3;2020-03-31;33
2020-03-30;"Trnavský kraj";4;0;0;0;NA;98951;4;2020-03-30;30
2020-03-29;"Trnavský kraj";1;0;0;0;NA;98951;1;2020-03-29;26
2020-03-28;"Trnavský kraj";3;0;0;0;NA;98951;3;2020-03-28;25
2020-03-27;"Trnavský kraj";5;0;0;0;NA;98951;5;2020-03-27;22
2020-03-26;"Trnavský kraj";5;0;0;0;NA;98951;5;2020-03-26;17
2020-03-25;"Trnavský kraj";1;0;0;0;NA;98951;1;2020-03-25;12
2020-03-23;"Trnavský kraj";2;0;0;0;NA;98951;2;2020-03-23;11
2020-03-22;"Trnavský kraj";1;0;0;0;NA;98951;1;2020-03-22;9
2020-03-21;"Trnavský kraj";5;0;0;0;NA;98951;5;2020-03-21;8
2020-03-17;"Trnavský kraj";3;0;0;0;NA;98951;3;2020-03-17;3
2020-03-16;"Trnavský kraj";1;0;0;0;NA;98951;1;2020-03-16;0
2020-03-13;"Trnavský kraj";1;0;0;0;NA;98951;1;2020-03-13;-1
2020-03-12;"Trnavský kraj";1;0;0;0;NA;98951;1;2020-03-12;-2
2021-04-11;"Žilinský kraj";19;24175;66;24241;54117;107739;85;2021-04-11;107739
2021-04-10;"Žilinský kraj";111;64092;162;64254;NA;107739;273;2021-04-10;107654
2021-04-09;"Žilinský kraj";195;36042;183;36225;NA;107739;378;2021-04-09;107381
2021-04-08;"Žilinský kraj";179;22561;137;22698;NA;107739;316;2021-04-08;107003
2021-04-07;"Žilinský kraj";309;29183;178;29361;NA;107739;487;2021-04-07;106687
2021-04-06;"Žilinský kraj";308;38918;294;39212;NA;107739;602;2021-04-06;106200
2021-04-05;"Žilinský kraj";17;7182;76;7258;NA;107739;93;2021-04-05;105598
2021-04-04;"Žilinský kraj";17;8889;35;8924;NA;107739;52;2021-04-04;105505
2021-04-03;"Žilinský kraj";180;96957;374;97331;NA;107739;554;2021-04-03;105453
2021-04-02;"Žilinský kraj";73;20231;68;20299;NA;107739;141;2021-04-02;104899
2021-04-01;"Žilinský kraj";334;42187;240;42427;NA;107739;574;2021-04-01;104758
2021-03-31;"Žilinský kraj";170;31632;247;31879;NA;107739;417;2021-03-31;104184
2021-03-30;"Žilinský kraj";406;26014;243;26257;NA;107739;649;2021-03-30;103767
2021-03-29;"Žilinský kraj";297;28022;268;28290;NA;107739;565;2021-03-29;103118
2021-03-28;"Žilinský kraj";21;20139;136;20275;NA;107739;157;2021-03-28;102553
2021-03-27;"Žilinský kraj";151;85343;350;85693;NA;107739;501;2021-03-27;102396
2021-03-26;"Žilinský kraj";312;51997;332;52329;NA;107739;644;2021-03-26;101895
2021-03-25;"Žilinský kraj";281;27624;214;27838;NA;107739;495;2021-03-25;101251
2021-03-24;"Žilinský kraj";280;21425;261;21686;NA;107739;541;2021-03-24;100756
2021-03-23;"Žilinský kraj";418;23171;278;23449;NA;107739;696;2021-03-23;100215
2021-03-22;"Žilinský kraj";293;29289;314;29603;NA;107739;607;2021-03-22;99519
2021-03-21;"Žilinský kraj";32;20978;125;21103;NA;107739;157;2021-03-21;98912
2021-03-20;"Žilinský kraj";165;84621;471;85092;NA;107739;636;2021-03-20;98755
2021-03-19;"Žilinský kraj";357;51763;413;52176;NA;107739;770;2021-03-19;98119
2021-03-18;"Žilinský kraj";329;28453;294;28747;NA;107739;623;2021-03-18;97349
2021-03-17;"Žilinský kraj";395;21916;269;22185;NA;107739;664;2021-03-17;96726
2021-03-16;"Žilinský kraj";514;24341;317;24658;NA;107739;831;2021-03-16;96062
2021-03-15;"Žilinský kraj";341;29607;419;30026;NA;107739;760;2021-03-15;95231
2021-03-14;"Žilinský kraj";87;31130;248;31378;NA;107739;335;2021-03-14;94471
2021-03-13;"Žilinský kraj";113;82094;507;82601;NA;107739;620;2021-03-13;94136
2021-03-12;"Žilinský kraj";520;52108;414;52522;NA;107739;934;2021-03-12;93516
2021-03-11;"Žilinský kraj";399;28766;315;29081;NA;107739;714;2021-03-11;92582
2021-03-10;"Žilinský kraj";368;22359;370;22729;NA;107739;738;2021-03-10;91868
2021-03-09;"Žilinský kraj";537;24850;316;25166;NA;107739;853;2021-03-09;91130
2021-03-08;"Žilinský kraj";387;30823;458;31281;NA;107739;845;2021-03-08;90277
2021-03-07;"Žilinský kraj";48;27903;228;28131;NA;107739;276;2021-03-07;89432
2021-03-06;"Žilinský kraj";173;84792;556;85348;NA;107739;729;2021-03-06;89156
2021-03-05;"Žilinský kraj";369;51742;483;52225;NA;107739;852;2021-03-05;88427
2021-03-04;"Žilinský kraj";467;30138;377;30515;NA;107739;844;2021-03-04;87575
2021-03-03;"Žilinský kraj";448;26254;394;26648;NA;107739;842;2021-03-03;86731
2021-03-02;"Žilinský kraj";551;25665;378;26043;NA;107739;929;2021-03-02;85889
2021-03-01;"Žilinský kraj";375;31036;441;31477;NA;107739;816;2021-03-01;84960
2021-02-28;"Žilinský kraj";61;26038;240;26278;NA;107739;301;2021-02-28;84144
2021-02-27;"Žilinský kraj";159;69790;541;70331;NA;107739;700;2021-02-27;83843
2021-02-26;"Žilinský kraj";459;47494;508;48002;NA;107739;967;2021-02-26;83143
2021-02-25;"Žilinský kraj";347;30879;393;31272;NA;107739;740;2021-02-25;82176
2021-02-24;"Žilinský kraj";339;18745;395;19140;NA;107739;734;2021-02-24;81436
2021-02-23;"Žilinský kraj";437;22418;418;22836;NA;107739;855;2021-02-23;80702
2021-02-22;"Žilinský kraj";345;29268;438;29706;NA;107739;783;2021-02-22;79847
2021-02-21;"Žilinský kraj";36;23650;272;23922;NA;107739;308;2021-02-21;79064
2021-02-20;"Žilinský kraj";152;73122;602;73724;NA;107739;754;2021-02-20;78756
2021-02-19;"Žilinský kraj";337;44806;415;45221;NA;107739;752;2021-02-19;78002
2021-02-18;"Žilinský kraj";263;22728;335;23063;NA;107739;598;2021-02-18;77250
2021-02-17;"Žilinský kraj";269;17932;355;18287;NA;107739;624;2021-02-17;76652
2021-02-16;"Žilinský kraj";321;23049;316;23365;NA;107739;637;2021-02-16;76028
2021-02-15;"Žilinský kraj";230;30420;311;30731;NA;107739;541;2021-02-15;75391
2021-02-14;"Žilinský kraj";30;20662;184;20846;NA;107739;214;2021-02-14;74850
2021-02-13;"Žilinský kraj";91;66387;429;66816;NA;107739;520;2021-02-13;74636
2021-02-12;"Žilinský kraj";242;42686;335;43021;NA;107739;577;2021-02-12;74116
2021-02-11;"Žilinský kraj";228;23525;300;23825;NA;107739;528;2021-02-11;73539
2021-02-10;"Žilinský kraj";259;17434;261;17695;NA;107739;520;2021-02-10;73011
2021-02-09;"Žilinský kraj";377;24921;276;25197;NA;107739;653;2021-02-09;72491
2021-02-08;"Žilinský kraj";160;41238;388;41626;NA;107739;548;2021-02-08;71838
2021-02-07;"Žilinský kraj";24;39435;208;39643;NA;107739;232;2021-02-07;71290
2021-02-06;"Žilinský kraj";71;67677;331;68008;NA;107739;402;2021-02-06;71058
2021-02-05;"Žilinský kraj";248;31983;323;32306;NA;107739;571;2021-02-05;70656
2021-02-04;"Žilinský kraj";238;11892;245;12137;NA;107739;483;2021-02-04;70085
2021-02-03;"Žilinský kraj";194;8962;259;9221;NA;107739;453;2021-02-03;69602
2021-02-02;"Žilinský kraj";216;9378;274;9652;NA;107739;490;2021-02-02;69149
2021-02-01;"Žilinský kraj";220;19503;363;19866;NA;107739;583;2021-02-01;68659
2021-01-31;"Žilinský kraj";11;84;2;86;NA;107739;13;2021-01-31;68076
2021-01-30;"Žilinský kraj";85;30984;316;31300;NA;107739;401;2021-01-30;68063
2021-01-29;"Žilinský kraj";209;45780;608;46388;NA;107739;817;2021-01-29;67662
2021-01-28;"Žilinský kraj";240;11250;350;11600;NA;107739;590;2021-01-28;66845
2021-01-27;"Žilinský kraj";256;14272;246;14518;NA;107739;502;2021-01-27;66255
2021-01-26;"Žilinský kraj";245;99138;686;99824;NA;107739;931;2021-01-26;65753
2021-01-25;"Žilinský kraj";159;37274;262;37536;NA;107739;421;2021-01-25;64822
2021-01-24;"Žilinský kraj";22;63968;276;64244;NA;107739;298;2021-01-24;64401
2021-01-23;"Žilinský kraj";91;177334;790;178124;NA;107739;881;2021-01-23;64103
2021-01-22;"Žilinský kraj";163;55886;458;56344;NA;107739;621;2021-01-22;63222
2021-01-21;"Žilinský kraj";116;37394;344;37738;NA;107739;460;2021-01-21;62601
2021-01-20;"Žilinský kraj";236;34968;342;35310;NA;107739;578;2021-01-20;62141
2021-01-19;"Žilinský kraj";245;28174;494;28668;NA;107739;739;2021-01-19;61563
2021-01-18;"Žilinský kraj";236;25074;668;25742;NA;107739;904;2021-01-18;60824
2021-01-17;"Žilinský kraj";95;226;4;230;NA;107739;99;2021-01-17;59920
2021-01-16;"Žilinský kraj";14;628;16;644;NA;107739;30;2021-01-16;59821
2021-01-15;"Žilinský kraj";248;14512;406;14918;NA;107739;654;2021-01-15;59791
2021-01-14;"Žilinský kraj";166;11220;498;11718;NA;107739;664;2021-01-14;59137
2021-01-13;"Žilinský kraj";247;22614;1106;23720;NA;107739;1353;2021-01-13;58473
2021-01-12;"Žilinský kraj";376;17596;836;18432;NA;107739;1212;2021-01-12;57120
2021-01-11;"Žilinský kraj";351;20696;1020;21716;NA;107739;1371;2021-01-11;55908
2021-01-10;"Žilinský kraj";38;378;14;392;NA;107739;52;2021-01-10;54537
2021-01-09;"Žilinský kraj";192;3984;170;4154;NA;107739;362;2021-01-09;54485
2021-01-08;"Žilinský kraj";413;18468;1000;19468;NA;107739;1413;2021-01-08;54123
2021-01-07;"Žilinský kraj";438;47026;3762;50788;NA;107739;4200;2021-01-07;52710
2021-01-06;"Žilinský kraj";145;2676;178;2854;NA;107739;323;2021-01-06;48510
2021-01-05;"Žilinský kraj";717;22294;1830;24124;NA;107739;2547;2021-01-05;48187
2021-01-04;"Žilinský kraj";479;18752;1918;20670;NA;107739;2397;2021-01-04;45640
2021-01-03;"Žilinský kraj";13;66;8;74;NA;107739;21;2021-01-03;43243
2021-01-02;"Žilinský kraj";98;1492;172;1664;NA;107739;270;2021-01-02;43222
2021-01-01;"Žilinský kraj";118;1104;72;1176;NA;107739;190;2021-01-01;42952
2020-12-31;"Žilinský kraj";395;10040;814;10854;NA;107739;1209;2020-12-31;42762
2020-12-30;"Žilinský kraj";1038;12026;846;12872;NA;107739;1884;2020-12-30;41553
2020-12-29;"Žilinský kraj";256;10593;1044;11637;NA;107739;1300;2020-12-29;39669
2020-12-28;"Žilinský kraj";406;10481;991;11472;NA;107739;1397;2020-12-28;38369
2020-12-27;"Žilinský kraj";40;662;80;742;NA;107739;120;2020-12-27;36972
2020-12-26;"Žilinský kraj";135;124;14;138;NA;107739;149;2020-12-26;36852
2020-12-25;"Žilinský kraj";66;111;10;121;NA;107739;76;2020-12-25;36703
2020-12-24;"Žilinský kraj";643;1018;75;1093;NA;107739;718;2020-12-24;36627
2020-12-23;"Žilinský kraj";228;17146;997;18143;NA;107739;1225;2020-12-23;35909
2020-12-22;"Žilinský kraj";519;13103;1002;14105;NA;107739;1521;2020-12-22;34684
2020-12-21;"Žilinský kraj";444;12622;1100;13722;NA;107739;1544;2020-12-21;33163
2020-12-20;"Žilinský kraj";36;579;73;652;NA;107739;109;2020-12-20;31619
2020-12-19;"Žilinský kraj";208;2080;144;2224;NA;107739;352;2020-12-19;31510
2020-12-18;"Žilinský kraj";333;6899;402;7301;NA;107739;735;2020-12-18;31158
2020-12-17;"Žilinský kraj";500;4248;280;4528;NA;107739;780;2020-12-17;30423
2020-12-16;"Žilinský kraj";333;4000;285;4285;NA;107739;618;2020-12-16;29643
2020-12-15;"Žilinský kraj";528;4182;377;4559;NA;107739;905;2020-12-15;29025
2020-12-14;"Žilinský kraj";321;4273;355;4628;NA;107739;676;2020-12-14;28120
2020-12-13;"Žilinský kraj";26;529;66;595;NA;107739;92;2020-12-13;27444
2020-12-12;"Žilinský kraj";95;1061;53;1114;NA;107739;148;2020-12-12;27352
2020-12-11;"Žilinský kraj";455;4513;274;4787;NA;107739;729;2020-12-11;27204
2020-12-10;"Žilinský kraj";166;9342;840;10182;NA;107739;1006;2020-12-10;26475
2020-12-09;"Žilinský kraj";392;2258;129;2387;NA;107739;521;2020-12-09;25469
2020-12-08;"Žilinský kraj";331;3218;127;3345;NA;107739;458;2020-12-08;24948
2020-12-07;"Žilinský kraj";348;2289;121;2410;NA;107739;469;2020-12-07;24490
2020-12-06;"Žilinský kraj";15;147;4;151;NA;107739;19;2020-12-06;24021
2020-12-05;"Žilinský kraj";98;1237;45;1282;NA;107739;143;2020-12-05;24002
2020-12-04;"Žilinský kraj";228;2884;123;3007;NA;107739;351;2020-12-04;23859
2020-12-03;"Žilinský kraj";237;1415;119;1534;NA;107739;356;2020-12-03;23508
2020-12-02;"Žilinský kraj";181;1538;82;1620;NA;107739;263;2020-12-02;23152
2020-12-01;"Žilinský kraj";209;6567;312;6879;NA;107739;521;2020-12-01;22889
2020-11-30;"Žilinský kraj";203;5237;291;5528;NA;107739;494;2020-11-30;22368
2020-11-29;"Žilinský kraj";18;81;7;88;NA;107739;25;2020-11-29;21874
2020-11-28;"Žilinský kraj";99;349;15;364;NA;107739;114;2020-11-28;21849
2020-11-27;"Žilinský kraj";218;883;46;929;NA;107739;264;2020-11-27;21735
2020-11-26;"Žilinský kraj";190;1068;56;1124;NA;107739;246;2020-11-26;21471
2020-11-25;"Žilinský kraj";225;1217;49;1266;NA;107739;274;2020-11-25;21225
2020-11-24;"Žilinský kraj";213;933;65;998;NA;107739;278;2020-11-24;20951
2020-11-23;"Žilinský kraj";170;759;44;803;NA;107739;214;2020-11-23;20673
2020-11-22;"Žilinský kraj";11;0;0;0;NA;107739;11;2020-11-22;20459
2020-11-21;"Žilinský kraj";61;505;20;525;NA;107739;81;2020-11-21;20448
2020-11-20;"Žilinský kraj";251;1074;45;1119;NA;107739;296;2020-11-20;20367
2020-11-19;"Žilinský kraj";252;752;61;813;NA;107739;313;2020-11-19;20071
2020-11-18;"Žilinský kraj";346;348;15;363;NA;107739;361;2020-11-18;19758
2020-11-17;"Žilinský kraj";123;490;15;505;NA;107739;138;2020-11-17;19397
2020-11-16;"Žilinský kraj";227;206;13;219;NA;107739;240;2020-11-16;19259
2020-11-15;"Žilinský kraj";63;13;0;13;NA;107739;63;2020-11-15;19019
2020-11-14;"Žilinský kraj";189;1038;11;1049;NA;107739;200;2020-11-14;18956
2020-11-13;"Žilinský kraj";181;125;9;134;NA;107739;190;2020-11-13;18756
2020-11-12;"Žilinský kraj";334;79;2;81;NA;107739;336;2020-11-12;18566
2020-11-11;"Žilinský kraj";489;147;10;157;NA;107739;499;2020-11-11;18230
2020-11-10;"Žilinský kraj";374;519;9;528;NA;107739;383;2020-11-10;17731
2020-11-09;"Žilinský kraj";143;2335;30;2365;NA;107739;173;2020-11-09;17348
2020-11-08;"Žilinský kraj";59;2196;35;2231;NA;107739;94;2020-11-08;17175
2020-11-07;"Žilinský kraj";312;8175;88;8263;NA;107739;400;2020-11-07;17081
2020-11-06;"Žilinský kraj";503;4090;38;4128;NA;107739;541;2020-11-06;16681
2020-11-05;"Žilinský kraj";473;64;4;68;NA;107739;477;2020-11-05;16140
2020-11-04;"Žilinský kraj";423;76;7;83;NA;107739;430;2020-11-04;15663
2020-11-03;"Žilinský kraj";688;889;16;905;NA;107739;704;2020-11-03;15233
2020-11-02;"Žilinský kraj";472;1043;39;1082;NA;107739;511;2020-11-02;14529
2020-11-01;"Žilinský kraj";349;5096;130;5226;NA;107739;479;2020-11-01;14018
2020-10-31;"Žilinský kraj";661;7963;203;8166;NA;107739;864;2020-10-31;13539
2020-10-30;"Žilinský kraj";529;2575;61;2636;NA;107739;590;2020-10-30;12675
2020-10-29;"Žilinský kraj";740;503;17;520;NA;107739;757;2020-10-29;12085
2020-10-28;"Žilinský kraj";635;105;11;116;NA;107739;646;2020-10-28;11328
2020-10-27;"Žilinský kraj";355;154;24;178;NA;107739;379;2020-10-27;10682
2020-10-26;"Žilinský kraj";148;117;28;145;NA;107739;176;2020-10-26;10303
2020-10-25;"Žilinský kraj";436;0;0;0;NA;107739;436;2020-10-25;10127
2020-10-24;"Žilinský kraj";803;0;0;0;NA;107739;803;2020-10-24;9691
2020-10-23;"Žilinský kraj";659;102;13;115;NA;107739;672;2020-10-23;8888
2020-10-22;"Žilinský kraj";525;33;3;36;NA;107739;528;2020-10-22;8216
2020-10-21;"Žilinský kraj";478;74;14;88;NA;107739;492;2020-10-21;7688
2020-10-20;"Žilinský kraj";524;127;8;135;NA;107739;532;2020-10-20;7196
2020-10-19;"Žilinský kraj";70;80;12;92;NA;107739;82;2020-10-19;6664
2020-10-18;"Žilinský kraj";159;0;0;0;NA;107739;159;2020-10-18;6582
2020-10-17;"Žilinský kraj";509;0;0;0;NA;107739;509;2020-10-17;6423
2020-10-16;"Žilinský kraj";603;51;9;60;NA;107739;612;2020-10-16;5914
2020-10-15;"Žilinský kraj";679;61;3;64;NA;107739;682;2020-10-15;5302
2020-10-14;"Žilinský kraj";523;269;6;275;NA;107739;529;2020-10-14;4620
2020-10-13;"Žilinský kraj";367;458;40;498;NA;107739;407;2020-10-13;4091
2020-10-12;"Žilinský kraj";62;0;0;0;NA;107739;62;2020-10-12;3684
2020-10-11;"Žilinský kraj";50;0;0;0;NA;107739;50;2020-10-11;3622
2020-10-10;"Žilinský kraj";213;0;0;0;NA;107739;213;2020-10-10;3572
2020-10-09;"Žilinský kraj";543;0;0;0;NA;107739;543;2020-10-09;3359
2020-10-08;"Žilinský kraj";238;0;0;0;NA;107739;238;2020-10-08;2816
2020-10-07;"Žilinský kraj";168;0;0;0;NA;107739;168;2020-10-07;2578
2020-10-06;"Žilinský kraj";233;0;0;0;NA;107739;233;2020-10-06;2410
2020-10-05;"Žilinský kraj";33;0;0;0;NA;107739;33;2020-10-05;2177
2020-10-04;"Žilinský kraj";35;0;0;0;NA;107739;35;2020-10-04;2144
2020-10-03;"Žilinský kraj";155;0;0;0;NA;107739;155;2020-10-03;2109
2020-10-02;"Žilinský kraj";105;0;0;0;NA;107739;105;2020-10-02;1954
2020-10-01;"Žilinský kraj";147;0;0;0;NA;107739;147;2020-10-01;1849
2020-09-30;"Žilinský kraj";163;0;0;0;NA;107739;163;2020-09-30;1702
2020-09-29;"Žilinský kraj";105;0;0;0;NA;107739;105;2020-09-29;1539
2020-09-28;"Žilinský kraj";34;0;0;0;NA;107739;34;2020-09-28;1434
2020-09-27;"Žilinský kraj";108;0;0;0;NA;107739;108;2020-09-27;1400
2020-09-26;"Žilinský kraj";96;0;0;0;NA;107739;96;2020-09-26;1292
2020-09-25;"Žilinský kraj";69;0;0;0;NA;107739;69;2020-09-25;1196
2020-09-24;"Žilinský kraj";100;0;0;0;NA;107739;100;2020-09-24;1127
2020-09-23;"Žilinský kraj";65;0;0;0;NA;107739;65;2020-09-23;1027
2020-09-22;"Žilinský kraj";65;0;0;0;NA;107739;65;2020-09-22;962
2020-09-21;"Žilinský kraj";47;0;0;0;NA;107739;47;2020-09-21;897
2020-09-20;"Žilinský kraj";4;0;0;0;NA;107739;4;2020-09-20;850
2020-09-19;"Žilinský kraj";6;0;0;0;NA;107739;6;2020-09-19;846
2020-09-18;"Žilinský kraj";82;0;0;0;NA;107739;82;2020-09-18;840
2020-09-17;"Žilinský kraj";30;0;0;0;NA;107739;30;2020-09-17;758
2020-09-16;"Žilinský kraj";34;0;0;0;NA;107739;34;2020-09-16;728
2020-09-15;"Žilinský kraj";12;0;0;0;NA;107739;12;2020-09-15;694
2020-09-14;"Žilinský kraj";39;0;0;0;NA;107739;39;2020-09-14;682
2020-09-13;"Žilinský kraj";6;0;0;0;NA;107739;6;2020-09-13;643
2020-09-12;"Žilinský kraj";4;0;0;0;NA;107739;4;2020-09-12;637
2020-09-11;"Žilinský kraj";31;0;0;0;NA;107739;31;2020-09-11;633
2020-09-10;"Žilinský kraj";31;0;0;0;NA;107739;31;2020-09-10;602
2020-09-09;"Žilinský kraj";23;0;0;0;NA;107739;23;2020-09-09;571
2020-09-08;"Žilinský kraj";25;0;0;0;NA;107739;25;2020-09-08;548
2020-09-07;"Žilinský kraj";11;0;0;0;NA;107739;11;2020-09-07;523
2020-09-05;"Žilinský kraj";2;0;0;0;NA;107739;2;2020-09-05;512
2020-09-04;"Žilinský kraj";33;0;0;0;NA;107739;33;2020-09-04;510
2020-09-03;"Žilinský kraj";18;0;0;0;NA;107739;18;2020-09-03;477
2020-09-02;"Žilinský kraj";16;0;0;0;NA;107739;16;2020-09-02;459
2020-09-01;"Žilinský kraj";4;0;0;0;NA;107739;4;2020-09-01;443
2020-08-31;"Žilinský kraj";5;0;0;0;NA;107739;5;2020-08-31;439
2020-08-30;"Žilinský kraj";3;0;0;0;NA;107739;3;2020-08-30;434
2020-08-29;"Žilinský kraj";5;0;0;0;NA;107739;5;2020-08-29;431
2020-08-28;"Žilinský kraj";13;0;0;0;NA;107739;13;2020-08-28;426
2020-08-27;"Žilinský kraj";18;0;0;0;NA;107739;18;2020-08-27;413
2020-08-26;"Žilinský kraj";8;0;0;0;NA;107739;8;2020-08-26;395
2020-08-25;"Žilinský kraj";2;0;0;0;NA;107739;2;2020-08-25;387
2020-08-24;"Žilinský kraj";5;0;0;0;NA;107739;5;2020-08-24;385
2020-08-21;"Žilinský kraj";10;0;0;0;NA;107739;10;2020-08-21;380
2020-08-20;"Žilinský kraj";13;0;0;0;NA;107739;13;2020-08-20;370
2020-08-19;"Žilinský kraj";7;0;0;0;NA;107739;7;2020-08-19;357
2020-08-18;"Žilinský kraj";9;0;0;0;NA;107739;9;2020-08-18;350
2020-08-17;"Žilinský kraj";1;0;0;0;NA;107739;1;2020-08-17;341
2020-08-14;"Žilinský kraj";4;0;0;0;NA;107739;4;2020-08-14;340
2020-08-13;"Žilinský kraj";2;0;0;0;NA;107739;2;2020-08-13;336
2020-08-11;"Žilinský kraj";4;0;0;0;NA;107739;4;2020-08-11;334
2020-08-10;"Žilinský kraj";1;0;0;0;NA;107739;1;2020-08-10;330
2020-08-08;"Žilinský kraj";3;0;0;0;NA;107739;3;2020-08-08;329
2020-08-07;"Žilinský kraj";8;0;0;0;NA;107739;8;2020-08-07;326
2020-08-06;"Žilinský kraj";1;0;0;0;NA;107739;1;2020-08-06;318
2020-08-05;"Žilinský kraj";1;0;0;0;NA;107739;1;2020-08-05;317
2020-08-04;"Žilinský kraj";2;0;0;0;NA;107739;2;2020-08-04;316
2020-08-02;"Žilinský kraj";1;0;0;0;NA;107739;1;2020-08-02;314
2020-07-31;"Žilinský kraj";4;0;0;0;NA;107739;4;2020-07-31;313
2020-07-30;"Žilinský kraj";2;0;0;0;NA;107739;2;2020-07-30;309
2020-07-29;"Žilinský kraj";2;0;0;0;NA;107739;2;2020-07-29;307
2020-07-28;"Žilinský kraj";4;0;0;0;NA;107739;4;2020-07-28;305
2020-07-27;"Žilinský kraj";6;0;0;0;NA;107739;6;2020-07-27;301
2020-07-24;"Žilinský kraj";2;0;0;0;NA;107739;2;2020-07-24;295
2020-07-22;"Žilinský kraj";1;0;0;0;NA;107739;1;2020-07-22;293
2020-07-21;"Žilinský kraj";2;0;0;0;NA;107739;2;2020-07-21;292
2020-07-20;"Žilinský kraj";3;0;0;0;NA;107739;3;2020-07-20;290
2020-07-17;"Žilinský kraj";2;0;0;0;NA;107739;2;2020-07-17;287
2020-07-16;"Žilinský kraj";2;0;0;0;NA;107739;2;2020-07-16;285
2020-07-15;"Žilinský kraj";2;0;0;0;NA;107739;2;2020-07-15;283
2020-07-14;"Žilinský kraj";1;0;0;0;NA;107739;1;2020-07-14;281
2020-07-11;"Žilinský kraj";2;0;0;0;NA;107739;2;2020-07-11;280
2020-07-10;"Žilinský kraj";3;0;0;0;NA;107739;3;2020-07-10;278
2020-07-09;"Žilinský kraj";2;0;0;0;NA;107739;2;2020-07-09;275
2020-07-08;"Žilinský kraj";10;0;0;0;NA;107739;10;2020-07-08;273
2020-07-07;"Žilinský kraj";7;0;0;0;NA;107739;7;2020-07-07;263
2020-07-04;"Žilinský kraj";10;0;0;0;NA;107739;10;2020-07-04;256
2020-07-03;"Žilinský kraj";18;0;0;0;NA;107739;18;2020-07-03;246
2020-07-02;"Žilinský kraj";7;0;0;0;NA;107739;7;2020-07-02;228
2020-06-30;"Žilinský kraj";4;0;0;0;NA;107739;4;2020-06-30;221
2020-06-28;"Žilinský kraj";1;0;0;0;NA;107739;1;2020-06-28;217
2020-06-27;"Žilinský kraj";3;0;0;0;NA;107739;3;2020-06-27;216
2020-06-26;"Žilinský kraj";5;0;0;0;NA;107739;5;2020-06-26;213
2020-06-25;"Žilinský kraj";7;0;0;0;NA;107739;7;2020-06-25;208
2020-06-24;"Žilinský kraj";11;0;0;0;NA;107739;11;2020-06-24;201
2020-06-23;"Žilinský kraj";9;0;0;0;NA;107739;9;2020-06-23;190
2020-06-21;"Žilinský kraj";1;0;0;0;NA;107739;1;2020-06-21;181
2020-06-20;"Žilinský kraj";1;0;0;0;NA;107739;1;2020-06-20;180
2020-06-19;"Žilinský kraj";4;0;0;0;NA;107739;4;2020-06-19;179
2020-06-18;"Žilinský kraj";1;0;0;0;NA;107739;1;2020-06-18;175
2020-06-16;"Žilinský kraj";1;0;0;0;NA;107739;1;2020-06-16;174
2020-06-09;"Žilinský kraj";1;0;0;0;NA;107739;1;2020-06-09;173
2020-05-27;"Žilinský kraj";1;0;0;0;NA;107739;1;2020-05-27;172
2020-05-26;"Žilinský kraj";1;0;0;0;NA;107739;1;2020-05-26;171
2020-05-19;"Žilinský kraj";1;0;0;0;NA;107739;1;2020-05-19;170
2020-05-06;"Žilinský kraj";2;0;0;0;NA;107739;2;2020-05-06;169
2020-05-05;"Žilinský kraj";3;0;0;0;NA;107739;3;2020-05-05;167
2020-05-04;"Žilinský kraj";3;0;0;0;NA;107739;3;2020-05-04;164
2020-05-03;"Žilinský kraj";1;0;0;0;NA;107739;1;2020-05-03;161
2020-05-01;"Žilinský kraj";1;0;0;0;NA;107739;1;2020-05-01;160
2020-04-25;"Žilinský kraj";2;0;0;0;NA;107739;2;2020-04-25;159
2020-04-24;"Žilinský kraj";1;0;0;0;NA;107739;1;2020-04-24;157
2020-04-23;"Žilinský kraj";2;0;0;0;NA;107739;2;2020-04-23;156
2020-04-22;"Žilinský kraj";9;0;0;0;NA;107739;9;2020-04-22;154
2020-04-21;"Žilinský kraj";1;0;0;0;NA;107739;1;2020-04-21;145
2020-04-20;"Žilinský kraj";4;0;0;0;NA;107739;4;2020-04-20;144
2020-04-18;"Žilinský kraj";49;0;0;0;NA;107739;49;2020-04-18;140
2020-04-17;"Žilinský kraj";3;0;0;0;NA;107739;3;2020-04-17;91
2020-04-16;"Žilinský kraj";4;0;0;0;NA;107739;4;2020-04-16;88
2020-04-15;"Žilinský kraj";7;0;0;0;NA;107739;7;2020-04-15;84
2020-04-14;"Žilinský kraj";1;0;0;0;NA;107739;1;2020-04-14;77
2020-04-13;"Žilinský kraj";2;0;0;0;NA;107739;2;2020-04-13;76
2020-04-12;"Žilinský kraj";5;0;0;0;NA;107739;5;2020-04-12;74
2020-04-11;"Žilinský kraj";2;0;0;0;NA;107739;2;2020-04-11;69
2020-04-10;"Žilinský kraj";1;0;0;0;NA;107739;1;2020-04-10;67
2020-04-09;"Žilinský kraj";1;0;0;0;NA;107739;1;2020-04-09;66
2020-04-08;"Žilinský kraj";3;0;0;0;NA;107739;3;2020-04-08;65
2020-04-07;"Žilinský kraj";5;0;0;0;NA;107739;5;2020-04-07;62
2020-04-06;"Žilinský kraj";6;0;0;0;NA;107739;6;2020-04-06;57
2020-04-05;"Žilinský kraj";8;0;0;0;NA;107739;8;2020-04-05;51
2020-04-03;"Žilinský kraj";3;0;0;0;NA;107739;3;2020-04-03;43
2020-04-02;"Žilinský kraj";5;0;0;0;NA;107739;5;2020-04-02;40
2020-04-01;"Žilinský kraj";4;0;0;0;NA;107739;4;2020-04-01;35
2020-03-31;"Žilinský kraj";1;0;0;0;NA;107739;1;2020-03-31;31
2020-03-30;"Žilinský kraj";3;0;0;0;NA;107739;3;2020-03-30;30
2020-03-28;"Žilinský kraj";1;0;0;0;NA;107739;1;2020-03-28;27
2020-03-27;"Žilinský kraj";9;0;0;0;NA;107739;9;2020-03-27;26
2020-03-26;"Žilinský kraj";4;0;0;0;NA;107739;4;2020-03-26;17
2020-03-25;"Žilinský kraj";1;0;0;0;NA;107739;1;2020-03-25;13
2020-03-24;"Žilinský kraj";2;0;0;0;NA;107739;2;2020-03-24;12
2020-03-23;"Žilinský kraj";3;0;0;0;NA;107739;3;2020-03-23;10
2020-03-22;"Žilinský kraj";1;0;0;0;NA;107739;1;2020-03-22;7
2020-03-21;"Žilinský kraj";2;0;0;0;NA;107739;2;2020-03-21;6
2020-03-20;"Žilinský kraj";4;0;0;0;NA;107739;4;2020-03-20;4
2020-03-19;"Žilinský kraj";2;0;0;0;NA;107739;2;2020-03-19;0
2020-03-18;"Žilinský kraj";1;0;0;0;NA;107739;1;2020-03-18;-2
2020-03-17;"Žilinský kraj";5;0;0;0;NA;107739;5;2020-03-17;-3
2020-03-16;"Žilinský kraj";1;0;0;0;NA;107739;1;2020-03-16;-8
2020-03-15;"Žilinský kraj";2;0;0;0;NA;107739;2;2020-03-15;-9
2020-03-14;"Žilinský kraj";1;0;0;0;NA;107739;1;2020-03-14;-11
2020-03-13;"Žilinský kraj";5;0;0;0;NA;107739;5;2020-03-13;-12
2020-03-12;"Žilinský kraj";1;0;0;0;NA;107739;1;2020-03-12;-17
2020-03-09;"Žilinský kraj";1;0;0;0;NA;107739;1;2020-03-09;-18
