"Datum";"Region";"PCR_Pos";"Ag_Neg";"Ag_Pos";"Total";"Pocet.potvrdenych";"Potvrdenych";"newcases";"date";"positive"
2021-04-09;"Banskobystrický kraj";106;670;0;670;35970;83767;106;2021-04-09;83767
2021-04-08;"Banskobystrický kraj";132;13719;82;13801;NA;83767;214;2021-04-08;83661
2021-04-07;"Banskobystrický kraj";226;24432;93;24525;NA;83767;319;2021-04-07;83447
2021-04-06;"Banskobystrický kraj";93;40018;179;40197;NA;83767;272;2021-04-06;83128
2021-04-05;"Banskobystrický kraj";15;6250;34;6284;NA;83767;49;2021-04-05;82856
2021-04-04;"Banskobystrický kraj";24;9412;29;9441;NA;83767;53;2021-04-04;82807
2021-04-03;"Banskobystrický kraj";5;23070;46;23116;NA;83767;51;2021-04-03;82754
2021-04-02;"Banskobystrický kraj";71;12909;63;12972;NA;83767;134;2021-04-02;82703
2021-04-01;"Banskobystrický kraj";171;38873;200;39073;NA;83767;371;2021-04-01;82569
2021-03-31;"Banskobystrický kraj";147;25433;161;25594;NA;83767;308;2021-03-31;82198
2021-03-30;"Banskobystrický kraj";167;20838;158;20996;NA;83767;325;2021-03-30;81890
2021-03-29;"Banskobystrický kraj";119;26088;177;26265;NA;83767;296;2021-03-29;81565
2021-03-28;"Banskobystrický kraj";25;16372;79;16451;NA;83767;104;2021-03-28;81269
2021-03-27;"Banskobystrický kraj";85;54461;190;54651;NA;83767;275;2021-03-27;81165
2021-03-26;"Banskobystrický kraj";122;40205;221;40426;NA;83767;343;2021-03-26;80890
2021-03-25;"Banskobystrický kraj";120;20863;238;21101;NA;83767;358;2021-03-25;80547
2021-03-24;"Banskobystrický kraj";200;19321;225;19546;NA;83767;425;2021-03-24;80189
2021-03-23;"Banskobystrický kraj";241;21352;257;21609;NA;83767;498;2021-03-23;79764
2021-03-22;"Banskobystrický kraj";65;29536;269;29805;NA;83767;334;2021-03-22;79266
2021-03-21;"Banskobystrický kraj";31;24593;203;24796;NA;83767;234;2021-03-21;78932
2021-03-20;"Banskobystrický kraj";119;54447;305;54752;NA;83767;424;2021-03-20;78698
2021-03-19;"Banskobystrický kraj";240;44043;301;44344;NA;83767;541;2021-03-19;78274
2021-03-18;"Banskobystrický kraj";160;19894;231;20125;NA;83767;391;2021-03-18;77733
2021-03-17;"Banskobystrický kraj";262;21558;245;21803;NA;83767;507;2021-03-17;77342
2021-03-16;"Banskobystrický kraj";340;23605;224;23829;NA;83767;564;2021-03-16;76835
2021-03-15;"Banskobystrický kraj";95;29134;322;29456;NA;83767;417;2021-03-15;76271
2021-03-14;"Banskobystrický kraj";39;15312;67;15379;NA;83767;106;2021-03-14;75854
2021-03-13;"Banskobystrický kraj";209;66359;391;66750;NA;83767;600;2021-03-13;75748
2021-03-12;"Banskobystrický kraj";206;41489;330;41819;NA;83767;536;2021-03-12;75148
2021-03-11;"Banskobystrický kraj";228;20239;253;20492;NA;83767;481;2021-03-11;74612
2021-03-10;"Banskobystrický kraj";260;20381;238;20619;NA;83767;498;2021-03-10;74131
2021-03-09;"Banskobystrický kraj";352;21790;284;22074;NA;83767;636;2021-03-09;73633
2021-03-08;"Banskobystrický kraj";191;31483;427;31910;NA;83767;618;2021-03-08;72997
2021-03-07;"Banskobystrický kraj";60;34334;240;34574;NA;83767;300;2021-03-07;72379
2021-03-06;"Banskobystrický kraj";164;58886;308;59194;NA;83767;472;2021-03-06;72079
2021-03-05;"Banskobystrický kraj";221;42157;388;42545;NA;83767;609;2021-03-05;71607
2021-03-04;"Banskobystrický kraj";226;21607;334;21941;NA;83767;560;2021-03-04;70998
2021-03-03;"Banskobystrický kraj";317;21993;332;22325;NA;83767;649;2021-03-03;70438
2021-03-02;"Banskobystrický kraj";291;22645;354;22999;NA;83767;645;2021-03-02;69789
2021-03-01;"Banskobystrický kraj";151;31835;437;32272;NA;83767;588;2021-03-01;69144
2021-02-28;"Banskobystrický kraj";45;17816;143;17959;NA;83767;188;2021-02-28;68556
2021-02-27;"Banskobystrický kraj";289;66106;524;66630;NA;83767;813;2021-02-27;68368
2021-02-26;"Banskobystrický kraj";326;39551;468;40019;NA;83767;794;2021-02-26;67555
2021-02-25;"Banskobystrický kraj";375;17767;368;18135;NA;83767;743;2021-02-25;66761
2021-02-24;"Banskobystrický kraj";332;16725;374;17099;NA;83767;706;2021-02-24;66018
2021-02-23;"Banskobystrický kraj";462;19527;439;19966;NA;83767;901;2021-02-23;65312
2021-02-22;"Banskobystrický kraj";67;23471;495;23966;NA;83767;562;2021-02-22;64411
2021-02-21;"Banskobystrický kraj";68;27076;290;27366;NA;83767;358;2021-02-21;63849
2021-02-20;"Banskobystrický kraj";280;68890;599;69489;NA;83767;879;2021-02-20;63491
2021-02-19;"Banskobystrický kraj";420;38689;494;39183;NA;83767;914;2021-02-19;62612
2021-02-18;"Banskobystrický kraj";241;18923;401;19324;NA;83767;642;2021-02-18;61698
2021-02-17;"Banskobystrický kraj";415;16041;386;16427;NA;83767;801;2021-02-17;61056
2021-02-16;"Banskobystrický kraj";338;19955;369;20324;NA;83767;707;2021-02-16;60255
2021-02-15;"Banskobystrický kraj";118;34215;554;34769;NA;83767;672;2021-02-15;59548
2021-02-14;"Banskobystrický kraj";60;15826;139;15965;NA;83767;199;2021-02-14;58876
2021-02-13;"Banskobystrický kraj";202;46034;423;46457;NA;83767;625;2021-02-13;58677
2021-02-12;"Banskobystrický kraj";312;36620;533;37153;NA;83767;845;2021-02-12;58052
2021-02-11;"Banskobystrický kraj";305;20743;384;21127;NA;83767;689;2021-02-11;57207
2021-02-10;"Banskobystrický kraj";333;14758;344;15102;NA;83767;677;2021-02-10;56518
2021-02-09;"Banskobystrický kraj";329;18247;358;18605;NA;83767;687;2021-02-09;55841
2021-02-08;"Banskobystrický kraj";103;41731;596;42327;NA;83767;699;2021-02-08;55154
2021-02-07;"Banskobystrický kraj";70;24168;146;24314;NA;83767;216;2021-02-07;54455
2021-02-06;"Banskobystrický kraj";178;63629;553;64182;NA;83767;731;2021-02-06;54239
2021-02-05;"Banskobystrický kraj";282;23625;350;23975;NA;83767;632;2021-02-05;53508
2021-02-04;"Banskobystrický kraj";240;13392;429;13821;NA;83767;669;2021-02-04;52876
2021-02-03;"Banskobystrický kraj";350;9274;253;9527;NA;83767;603;2021-02-03;52207
2021-02-02;"Banskobystrický kraj";277;15057;329;15386;NA;83767;606;2021-02-02;51604
2021-02-01;"Banskobystrický kraj";75;19091;382;19473;NA;83767;457;2021-02-01;50998
2021-01-31;"Banskobystrický kraj";34;48584;426;49010;NA;83767;460;2021-01-31;50541
2021-01-30;"Banskobystrický kraj";163;92488;774;93262;NA;83767;937;2021-01-30;50081
2021-01-29;"Banskobystrický kraj";196;33418;530;33948;NA;83767;726;2021-01-29;49144
2021-01-28;"Banskobystrický kraj";218;28026;724;28750;NA;83767;942;2021-01-28;48418
2021-01-27;"Banskobystrický kraj";191;21550;406;21956;NA;83767;597;2021-01-27;47476
2021-01-26;"Banskobystrický kraj";238;39232;566;39798;NA;83767;804;2021-01-26;46879
2021-01-25;"Banskobystrický kraj";82;63025;762;63787;NA;83767;844;2021-01-25;46075
2021-01-24;"Banskobystrický kraj";38;58532;476;59008;NA;83767;514;2021-01-24;45231
2021-01-23;"Banskobystrický kraj";142;167658;1012;168670;NA;83767;1154;2021-01-23;44717
2021-01-22;"Banskobystrický kraj";175;54352;717;55069;NA;83767;892;2021-01-22;43563
2021-01-21;"Banskobystrický kraj";194;33184;570;33754;NA;83767;764;2021-01-21;42671
2021-01-20;"Banskobystrický kraj";231;17080;366;17446;NA;83767;597;2021-01-20;41907
2021-01-19;"Banskobystrický kraj";213;20986;616;21602;NA;83767;829;2021-01-19;41310
2021-01-18;"Banskobystrický kraj";94;11259;680;11939;NA;83767;774;2021-01-18;40481
2021-01-17;"Banskobystrický kraj";110;16300;154;16454;NA;83767;264;2021-01-17;39707
2021-01-16;"Banskobystrický kraj";58;2806;70;2876;NA;83767;128;2021-01-16;39443
2021-01-15;"Banskobystrický kraj";164;13860;418;14278;NA;83767;582;2021-01-15;39315
2021-01-14;"Banskobystrický kraj";220;11519;650;12169;NA;83767;870;2021-01-14;38733
2021-01-13;"Banskobystrický kraj";235;11393;400;11793;NA;83767;635;2021-01-13;37863
2021-01-12;"Banskobystrický kraj";194;13616;598;14214;NA;83767;792;2021-01-12;37228
2021-01-11;"Banskobystrický kraj";76;16458;962;17420;NA;83767;1038;2021-01-11;36436
2021-01-10;"Banskobystrický kraj";110;424;8;432;NA;83767;118;2021-01-10;35398
2021-01-09;"Banskobystrický kraj";297;4760;166;4926;NA;83767;463;2021-01-09;35280
2021-01-08;"Banskobystrický kraj";435;18867;860;19727;NA;83767;1295;2021-01-08;34817
2021-01-07;"Banskobystrický kraj";127;10736;666;11402;NA;83767;793;2021-01-07;33522
2021-01-06;"Banskobystrický kraj";305;6248;370;6618;NA;83767;675;2021-01-06;32729
2021-01-05;"Banskobystrický kraj";372;14698;1066;15764;NA;83767;1438;2021-01-05;32054
2021-01-04;"Banskobystrický kraj";130;14125;1399;15524;NA;83767;1529;2021-01-04;30616
2021-01-03;"Banskobystrický kraj";199;534;26;560;NA;83767;225;2021-01-03;29087
2021-01-02;"Banskobystrický kraj";123;1364;168;1532;NA;83767;291;2021-01-02;28862
2021-01-01;"Banskobystrický kraj";220;3376;230;3606;NA;83767;450;2021-01-01;28571
2020-12-31;"Banskobystrický kraj";499;7378;633;8011;NA;83767;1132;2020-12-31;28121
2020-12-30;"Banskobystrický kraj";593;7670;557;8227;NA;83767;1150;2020-12-30;26989
2020-12-29;"Banskobystrický kraj";240;7954;664;8618;NA;83767;904;2020-12-29;25839
2020-12-28;"Banskobystrický kraj";131;5790;701;6491;NA;83767;832;2020-12-28;24935
2020-12-27;"Banskobystrický kraj";116;540;25;565;NA;83767;141;2020-12-27;24103
2020-12-26;"Banskobystrický kraj";61;274;32;306;NA;83767;93;2020-12-26;23962
2020-12-25;"Banskobystrický kraj";65;249;6;255;NA;83767;71;2020-12-25;23869
2020-12-24;"Banskobystrický kraj";452;3685;135;3820;NA;83767;587;2020-12-24;23798
2020-12-23;"Banskobystrický kraj";368;10114;506;10620;NA;83767;874;2020-12-23;23211
2020-12-22;"Banskobystrický kraj";307;8446;623;9069;NA;83767;930;2020-12-22;22337
2020-12-21;"Banskobystrický kraj";286;4896;445;5341;NA;83767;731;2020-12-21;21407
2020-12-20;"Banskobystrický kraj";155;249;14;263;NA;83767;169;2020-12-20;20676
2020-12-19;"Banskobystrický kraj";170;3059;138;3197;NA;83767;308;2020-12-19;20507
2020-12-18;"Banskobystrický kraj";432;6574;414;6988;NA;83767;846;2020-12-18;20199
2020-12-17;"Banskobystrický kraj";468;8714;656;9370;NA;83767;1124;2020-12-17;19353
2020-12-16;"Banskobystrický kraj";379;10201;560;10761;NA;83767;939;2020-12-16;18229
2020-12-15;"Banskobystrický kraj";336;5424;433;5857;NA;83767;769;2020-12-15;17290
2020-12-14;"Banskobystrický kraj";148;3883;259;4142;NA;83767;407;2020-12-14;16521
2020-12-13;"Banskobystrický kraj";122;119;1;120;NA;83767;123;2020-12-13;16114
2020-12-12;"Banskobystrický kraj";137;2714;138;2852;NA;83767;275;2020-12-12;15991
2020-12-11;"Banskobystrický kraj";468;6587;374;6961;NA;83767;842;2020-12-11;15716
2020-12-10;"Banskobystrický kraj";280;5204;355;5559;NA;83767;635;2020-12-10;14874
2020-12-09;"Banskobystrický kraj";323;3817;213;4030;NA;83767;536;2020-12-09;14239
2020-12-08;"Banskobystrický kraj";256;3787;276;4063;NA;83767;532;2020-12-08;13703
2020-12-07;"Banskobystrický kraj";175;2114;140;2254;NA;83767;315;2020-12-07;13171
2020-12-06;"Banskobystrický kraj";121;507;11;518;NA;83767;132;2020-12-06;12856
2020-12-05;"Banskobystrický kraj";109;1094;34;1128;NA;83767;143;2020-12-05;12724
2020-12-04;"Banskobystrický kraj";339;3822;174;3996;NA;83767;513;2020-12-04;12581
2020-12-03;"Banskobystrický kraj";240;3026;224;3250;NA;83767;464;2020-12-03;12068
2020-12-02;"Banskobystrický kraj";217;4442;185;4627;NA;83767;402;2020-12-02;11604
2020-12-01;"Banskobystrický kraj";215;2701;134;2835;NA;83767;349;2020-12-01;11202
2020-11-30;"Banskobystrický kraj";74;3890;222;4112;NA;83767;296;2020-11-30;10853
2020-11-29;"Banskobystrický kraj";19;39;2;41;NA;83767;21;2020-11-29;10557
2020-11-28;"Banskobystrický kraj";81;671;14;685;NA;83767;95;2020-11-28;10536
2020-11-27;"Banskobystrický kraj";219;1285;98;1383;NA;83767;317;2020-11-27;10441
2020-11-26;"Banskobystrický kraj";208;1470;77;1547;NA;83767;285;2020-11-26;10124
2020-11-25;"Banskobystrický kraj";170;1760;84;1844;NA;83767;254;2020-11-25;9839
2020-11-24;"Banskobystrický kraj";166;2262;67;2329;NA;83767;233;2020-11-24;9585
2020-11-23;"Banskobystrický kraj";66;9948;191;10139;NA;83767;257;2020-11-23;9352
2020-11-22;"Banskobystrický kraj";38;72;1;73;NA;83767;39;2020-11-22;9095
2020-11-21;"Banskobystrický kraj";52;885;14;899;NA;83767;66;2020-11-21;9056
2020-11-20;"Banskobystrický kraj";127;1872;105;1977;NA;83767;232;2020-11-20;8990
2020-11-19;"Banskobystrický kraj";170;1112;82;1194;NA;83767;252;2020-11-19;8758
2020-11-18;"Banskobystrický kraj";153;587;62;649;NA;83767;215;2020-11-18;8506
2020-11-17;"Banskobystrický kraj";52;578;35;613;NA;83767;87;2020-11-17;8291
2020-11-16;"Banskobystrický kraj";106;351;22;373;NA;83767;128;2020-11-16;8204
2020-11-15;"Banskobystrický kraj";52;64;2;66;NA;83767;54;2020-11-15;8076
2020-11-14;"Banskobystrický kraj";73;305;2;307;NA;83767;75;2020-11-14;8022
2020-11-13;"Banskobystrický kraj";157;552;11;563;NA;83767;168;2020-11-13;7947
2020-11-12;"Banskobystrický kraj";218;952;44;996;NA;83767;262;2020-11-12;7779
2020-11-11;"Banskobystrický kraj";224;437;9;446;NA;83767;233;2020-11-11;7517
2020-11-10;"Banskobystrický kraj";263;463;18;481;NA;83767;281;2020-11-10;7284
2020-11-09;"Banskobystrický kraj";80;2678;31;2709;NA;83767;111;2020-11-09;7003
2020-11-08;"Banskobystrický kraj";82;783;16;799;NA;83767;98;2020-11-08;6892
2020-11-07;"Banskobystrický kraj";164;8828;94;8922;NA;83767;258;2020-11-07;6794
2020-11-06;"Banskobystrický kraj";227;2496;16;2512;NA;83767;243;2020-11-06;6536
2020-11-05;"Banskobystrický kraj";240;263;33;296;NA;83767;273;2020-11-05;6293
2020-11-04;"Banskobystrický kraj";254;1366;13;1379;NA;83767;267;2020-11-04;6020
2020-11-03;"Banskobystrický kraj";246;1332;4;1336;NA;83767;250;2020-11-03;5753
2020-11-02;"Banskobystrický kraj";90;2247;65;2312;NA;83767;155;2020-11-02;5503
2020-11-01;"Banskobystrický kraj";101;2671;42;2713;NA;83767;143;2020-11-01;5348
2020-10-31;"Banskobystrický kraj";199;13516;116;13632;NA;83767;315;2020-10-31;5205
2020-10-30;"Banskobystrický kraj";254;2829;20;2849;NA;83767;274;2020-10-30;4890
2020-10-29;"Banskobystrický kraj";372;969;42;1011;NA;83767;414;2020-10-29;4616
2020-10-28;"Banskobystrický kraj";285;302;30;332;NA;83767;315;2020-10-28;4202
2020-10-27;"Banskobystrický kraj";266;654;40;694;NA;83767;306;2020-10-27;3887
2020-10-26;"Banskobystrický kraj";38;232;29;261;NA;83767;67;2020-10-26;3581
2020-10-25;"Banskobystrický kraj";50;140;11;151;NA;83767;61;2020-10-25;3514
2020-10-24;"Banskobystrický kraj";315;114;12;126;NA;83767;327;2020-10-24;3453
2020-10-23;"Banskobystrický kraj";231;230;29;259;NA;83767;260;2020-10-23;3126
2020-10-22;"Banskobystrický kraj";264;253;24;277;NA;83767;288;2020-10-22;2866
2020-10-21;"Banskobystrický kraj";209;266;3;269;NA;83767;212;2020-10-21;2578
2020-10-20;"Banskobystrický kraj";210;66;3;69;NA;83767;213;2020-10-20;2366
2020-10-19;"Banskobystrický kraj";27;71;12;83;NA;83767;39;2020-10-19;2153
2020-10-18;"Banskobystrický kraj";49;0;0;0;NA;83767;49;2020-10-18;2114
2020-10-17;"Banskobystrický kraj";91;0;0;0;NA;83767;91;2020-10-17;2065
2020-10-16;"Banskobystrický kraj";224;37;3;40;NA;83767;227;2020-10-16;1974
2020-10-15;"Banskobystrický kraj";133;29;1;30;NA;83767;134;2020-10-15;1747
2020-10-14;"Banskobystrický kraj";139;31;1;32;NA;83767;140;2020-10-14;1613
2020-10-13;"Banskobystrický kraj";151;169;11;180;NA;83767;162;2020-10-13;1473
2020-10-12;"Banskobystrický kraj";11;13;0;13;NA;83767;11;2020-10-12;1311
2020-10-11;"Banskobystrický kraj";14;0;0;0;NA;83767;14;2020-10-11;1300
2020-10-10;"Banskobystrický kraj";53;0;0;0;NA;83767;53;2020-10-10;1286
2020-10-09;"Banskobystrický kraj";128;0;0;0;NA;83767;128;2020-10-09;1233
2020-10-08;"Banskobystrický kraj";99;0;0;0;NA;83767;99;2020-10-08;1105
2020-10-07;"Banskobystrický kraj";124;0;0;0;NA;83767;124;2020-10-07;1006
2020-10-06;"Banskobystrický kraj";68;0;0;0;NA;83767;68;2020-10-06;882
2020-10-05;"Banskobystrický kraj";49;0;0;0;NA;83767;49;2020-10-05;814
2020-10-04;"Banskobystrický kraj";8;0;0;0;NA;83767;8;2020-10-04;765
2020-10-03;"Banskobystrický kraj";37;0;0;0;NA;83767;37;2020-10-03;757
2020-10-02;"Banskobystrický kraj";74;0;0;0;NA;83767;74;2020-10-02;720
2020-10-01;"Banskobystrický kraj";49;0;0;0;NA;83767;49;2020-10-01;646
2020-09-30;"Banskobystrický kraj";60;0;0;0;NA;83767;60;2020-09-30;597
2020-09-29;"Banskobystrický kraj";24;0;0;0;NA;83767;24;2020-09-29;537
2020-09-27;"Banskobystrický kraj";20;0;0;0;NA;83767;20;2020-09-27;513
2020-09-26;"Banskobystrický kraj";24;0;0;0;NA;83767;24;2020-09-26;493
2020-09-25;"Banskobystrický kraj";29;0;0;0;NA;83767;29;2020-09-25;469
2020-09-24;"Banskobystrický kraj";25;0;0;0;NA;83767;25;2020-09-24;440
2020-09-23;"Banskobystrický kraj";17;0;0;0;NA;83767;17;2020-09-23;415
2020-09-22;"Banskobystrický kraj";25;0;0;0;NA;83767;25;2020-09-22;398
2020-09-21;"Banskobystrický kraj";3;0;0;0;NA;83767;3;2020-09-21;373
2020-09-19;"Banskobystrický kraj";3;0;0;0;NA;83767;3;2020-09-19;370
2020-09-18;"Banskobystrický kraj";24;0;0;0;NA;83767;24;2020-09-18;367
2020-09-17;"Banskobystrický kraj";14;0;0;0;NA;83767;14;2020-09-17;343
2020-09-16;"Banskobystrický kraj";6;0;0;0;NA;83767;6;2020-09-16;329
2020-09-15;"Banskobystrický kraj";2;0;0;0;NA;83767;2;2020-09-15;323
2020-09-14;"Banskobystrický kraj";13;0;0;0;NA;83767;13;2020-09-14;321
2020-09-13;"Banskobystrický kraj";1;0;0;0;NA;83767;1;2020-09-13;308
2020-09-12;"Banskobystrický kraj";5;0;0;0;NA;83767;5;2020-09-12;307
2020-09-11;"Banskobystrický kraj";19;0;0;0;NA;83767;19;2020-09-11;302
2020-09-10;"Banskobystrický kraj";11;0;0;0;NA;83767;11;2020-09-10;283
2020-09-09;"Banskobystrický kraj";13;0;0;0;NA;83767;13;2020-09-09;272
2020-09-08;"Banskobystrický kraj";5;0;0;0;NA;83767;5;2020-09-08;259
2020-09-07;"Banskobystrický kraj";2;0;0;0;NA;83767;2;2020-09-07;254
2020-09-04;"Banskobystrický kraj";9;0;0;0;NA;83767;9;2020-09-04;252
2020-09-03;"Banskobystrický kraj";5;0;0;0;NA;83767;5;2020-09-03;243
2020-09-02;"Banskobystrický kraj";6;0;0;0;NA;83767;6;2020-09-02;238
2020-09-01;"Banskobystrický kraj";2;0;0;0;NA;83767;2;2020-09-01;232
2020-08-31;"Banskobystrický kraj";6;0;0;0;NA;83767;6;2020-08-31;230
2020-08-29;"Banskobystrický kraj";1;0;0;0;NA;83767;1;2020-08-29;224
2020-08-28;"Banskobystrický kraj";3;0;0;0;NA;83767;3;2020-08-28;223
2020-08-27;"Banskobystrický kraj";1;0;0;0;NA;83767;1;2020-08-27;220
2020-08-26;"Banskobystrický kraj";2;0;0;0;NA;83767;2;2020-08-26;219
2020-08-25;"Banskobystrický kraj";2;0;0;0;NA;83767;2;2020-08-25;217
2020-08-21;"Banskobystrický kraj";4;0;0;0;NA;83767;4;2020-08-21;215
2020-08-20;"Banskobystrický kraj";1;0;0;0;NA;83767;1;2020-08-20;211
2020-08-19;"Banskobystrický kraj";4;0;0;0;NA;83767;4;2020-08-19;210
2020-08-17;"Banskobystrický kraj";1;0;0;0;NA;83767;1;2020-08-17;206
2020-08-14;"Banskobystrický kraj";5;0;0;0;NA;83767;5;2020-08-14;205
2020-08-11;"Banskobystrický kraj";2;0;0;0;NA;83767;2;2020-08-11;200
2020-08-10;"Banskobystrický kraj";3;0;0;0;NA;83767;3;2020-08-10;198
2020-08-08;"Banskobystrický kraj";2;0;0;0;NA;83767;2;2020-08-08;195
2020-08-07;"Banskobystrický kraj";1;0;0;0;NA;83767;1;2020-08-07;193
2020-08-06;"Banskobystrický kraj";1;0;0;0;NA;83767;1;2020-08-06;192
2020-08-04;"Banskobystrický kraj";3;0;0;0;NA;83767;3;2020-08-04;191
2020-08-01;"Banskobystrický kraj";1;0;0;0;NA;83767;1;2020-08-01;188
2020-07-31;"Banskobystrický kraj";2;0;0;0;NA;83767;2;2020-07-31;187
2020-07-30;"Banskobystrický kraj";1;0;0;0;NA;83767;1;2020-07-30;185
2020-07-28;"Banskobystrický kraj";2;0;0;0;NA;83767;2;2020-07-28;184
2020-07-27;"Banskobystrický kraj";3;0;0;0;NA;83767;3;2020-07-27;182
2020-07-24;"Banskobystrický kraj";9;0;0;0;NA;83767;9;2020-07-24;179
2020-07-22;"Banskobystrický kraj";3;0;0;0;NA;83767;3;2020-07-22;170
2020-07-21;"Banskobystrický kraj";3;0;0;0;NA;83767;3;2020-07-21;167
2020-07-20;"Banskobystrický kraj";1;0;0;0;NA;83767;1;2020-07-20;164
2020-07-19;"Banskobystrický kraj";1;0;0;0;NA;83767;1;2020-07-19;163
2020-07-17;"Banskobystrický kraj";2;0;0;0;NA;83767;2;2020-07-17;162
2020-07-16;"Banskobystrický kraj";1;0;0;0;NA;83767;1;2020-07-16;160
2020-07-15;"Banskobystrický kraj";4;0;0;0;NA;83767;4;2020-07-15;159
2020-07-14;"Banskobystrický kraj";2;0;0;0;NA;83767;2;2020-07-14;155
2020-07-13;"Banskobystrický kraj";1;0;0;0;NA;83767;1;2020-07-13;153
2020-07-10;"Banskobystrický kraj";3;0;0;0;NA;83767;3;2020-07-10;152
2020-07-09;"Banskobystrický kraj";9;0;0;0;NA;83767;9;2020-07-09;149
2020-07-07;"Banskobystrický kraj";4;0;0;0;NA;83767;4;2020-07-07;140
2020-07-04;"Banskobystrický kraj";1;0;0;0;NA;83767;1;2020-07-04;136
2020-07-03;"Banskobystrický kraj";4;0;0;0;NA;83767;4;2020-07-03;135
2020-07-01;"Banskobystrický kraj";1;0;0;0;NA;83767;1;2020-07-01;131
2020-06-25;"Banskobystrický kraj";1;0;0;0;NA;83767;1;2020-06-25;130
2020-06-23;"Banskobystrický kraj";6;0;0;0;NA;83767;6;2020-06-23;129
2020-06-19;"Banskobystrický kraj";2;0;0;0;NA;83767;2;2020-06-19;123
2020-06-18;"Banskobystrický kraj";10;0;0;0;NA;83767;10;2020-06-18;121
2020-06-17;"Banskobystrický kraj";1;0;0;0;NA;83767;1;2020-06-17;111
2020-06-14;"Banskobystrický kraj";2;0;0;0;NA;83767;2;2020-06-14;110
2020-06-13;"Banskobystrický kraj";2;0;0;0;NA;83767;2;2020-06-13;108
2020-06-11;"Banskobystrický kraj";1;0;0;0;NA;83767;1;2020-06-11;106
2020-06-05;"Banskobystrický kraj";2;0;0;0;NA;83767;2;2020-06-05;105
2020-05-27;"Banskobystrický kraj";1;0;0;0;NA;83767;1;2020-05-27;103
2020-05-23;"Banskobystrický kraj";1;0;0;0;NA;83767;1;2020-05-23;102
2020-05-20;"Banskobystrický kraj";1;0;0;0;NA;83767;1;2020-05-20;101
2020-05-12;"Banskobystrický kraj";1;0;0;0;NA;83767;1;2020-05-12;100
2020-05-07;"Banskobystrický kraj";2;0;0;0;NA;83767;2;2020-05-07;99
2020-05-06;"Banskobystrický kraj";1;0;0;0;NA;83767;1;2020-05-06;97
2020-05-05;"Banskobystrický kraj";2;0;0;0;NA;83767;2;2020-05-05;96
2020-04-30;"Banskobystrický kraj";1;0;0;0;NA;83767;1;2020-04-30;94
2020-04-29;"Banskobystrický kraj";1;0;0;0;NA;83767;1;2020-04-29;93
2020-04-25;"Banskobystrický kraj";2;0;0;0;NA;83767;2;2020-04-25;92
2020-04-24;"Banskobystrický kraj";3;0;0;0;NA;83767;3;2020-04-24;90
2020-04-23;"Banskobystrický kraj";2;0;0;0;NA;83767;2;2020-04-23;87
2020-04-22;"Banskobystrický kraj";2;0;0;0;NA;83767;2;2020-04-22;85
2020-04-21;"Banskobystrický kraj";2;0;0;0;NA;83767;2;2020-04-21;83
2020-04-18;"Banskobystrický kraj";8;0;0;0;NA;83767;8;2020-04-18;81
2020-04-17;"Banskobystrický kraj";2;0;0;0;NA;83767;2;2020-04-17;73
2020-04-15;"Banskobystrický kraj";10;0;0;0;NA;83767;10;2020-04-15;71
2020-04-13;"Banskobystrický kraj";2;0;0;0;NA;83767;2;2020-04-13;61
2020-04-12;"Banskobystrický kraj";4;0;0;0;NA;83767;4;2020-04-12;59
2020-04-11;"Banskobystrický kraj";1;0;0;0;NA;83767;1;2020-04-11;55
2020-04-09;"Banskobystrický kraj";2;0;0;0;NA;83767;2;2020-04-09;54
2020-04-07;"Banskobystrický kraj";4;0;0;0;NA;83767;4;2020-04-07;52
2020-04-06;"Banskobystrický kraj";10;0;0;0;NA;83767;10;2020-04-06;48
2020-04-05;"Banskobystrický kraj";9;0;0;0;NA;83767;9;2020-04-05;38
2020-04-03;"Banskobystrický kraj";2;0;0;0;NA;83767;2;2020-04-03;29
2020-04-02;"Banskobystrický kraj";2;0;0;0;NA;83767;2;2020-04-02;27
2020-04-01;"Banskobystrický kraj";5;0;0;0;NA;83767;5;2020-04-01;25
2020-03-31;"Banskobystrický kraj";3;0;0;0;NA;83767;3;2020-03-31;20
2020-03-30;"Banskobystrický kraj";1;0;0;0;NA;83767;1;2020-03-30;17
2020-03-29;"Banskobystrický kraj";2;0;0;0;NA;83767;2;2020-03-29;16
2020-03-28;"Banskobystrický kraj";1;0;0;0;NA;83767;1;2020-03-28;14
2020-03-27;"Banskobystrický kraj";1;0;0;0;NA;83767;1;2020-03-27;13
2020-03-26;"Banskobystrický kraj";1;0;0;0;NA;83767;1;2020-03-26;12
2020-03-24;"Banskobystrický kraj";1;0;0;0;NA;83767;1;2020-03-24;11
2020-03-23;"Banskobystrický kraj";1;0;0;0;NA;83767;1;2020-03-23;10
2020-03-21;"Banskobystrický kraj";3;0;0;0;NA;83767;3;2020-03-21;9
2020-03-19;"Banskobystrický kraj";2;0;0;0;NA;83767;2;2020-03-19;6
2020-03-18;"Banskobystrický kraj";1;0;0;0;NA;83767;1;2020-03-18;4
2020-03-17;"Banskobystrický kraj";1;0;0;0;NA;83767;1;2020-03-17;3
2020-03-15;"Banskobystrický kraj";1;0;0;0;NA;83767;1;2020-03-15;2
2020-03-13;"Banskobystrický kraj";1;0;0;0;NA;83767;1;2020-03-13;1
2021-04-09;"Bratislavský kraj";72;5;0;5;42727;97565;72;2021-04-09;97565
2021-04-08;"Bratislavský kraj";71;21045;69;21114;NA;97565;140;2021-04-08;97493
2021-04-07;"Bratislavský kraj";96;30796;84;30880;NA;97565;180;2021-04-07;97353
2021-04-06;"Bratislavský kraj";94;46274;142;46416;NA;97565;236;2021-04-06;97173
2021-04-05;"Bratislavský kraj";85;16758;75;16833;NA;97565;160;2021-04-05;96937
2021-04-04;"Bratislavský kraj";37;26969;72;27041;NA;97565;109;2021-04-04;96777
2021-04-03;"Bratislavský kraj";52;68942;202;69144;NA;97565;254;2021-04-03;96668
2021-04-02;"Bratislavský kraj";33;21948;95;22043;NA;97565;128;2021-04-02;96414
2021-04-01;"Bratislavský kraj";119;46494;125;46619;NA;97565;244;2021-04-01;96286
2021-03-31;"Bratislavský kraj";105;42145;138;42283;NA;97565;243;2021-03-31;96042
2021-03-30;"Bratislavský kraj";100;38813;151;38964;NA;97565;251;2021-03-30;95799
2021-03-29;"Bratislavský kraj";153;39949;172;40121;NA;97565;325;2021-03-29;95548
2021-03-28;"Bratislavský kraj";59;53667;138;53805;NA;97565;197;2021-03-28;95223
2021-03-27;"Bratislavský kraj";53;77311;237;77548;NA;97565;290;2021-03-27;95026
2021-03-26;"Bratislavský kraj";114;55116;189;55305;NA;97565;303;2021-03-26;94736
2021-03-25;"Bratislavský kraj";76;36114;175;36289;NA;97565;251;2021-03-25;94433
2021-03-24;"Bratislavský kraj";120;29938;196;30134;NA;97565;316;2021-03-24;94182
2021-03-23;"Bratislavský kraj";138;36056;188;36244;NA;97565;326;2021-03-23;93866
2021-03-22;"Bratislavský kraj";110;42016;211;42227;NA;97565;321;2021-03-22;93540
2021-03-21;"Bratislavský kraj";54;61298;211;61509;NA;97565;265;2021-03-21;93219
2021-03-20;"Bratislavský kraj";59;71528;229;71757;NA;97565;288;2021-03-20;92954
2021-03-19;"Bratislavský kraj";139;53432;249;53681;NA;97565;388;2021-03-19;92666
2021-03-18;"Bratislavský kraj";142;33857;187;34044;NA;97565;329;2021-03-18;92278
2021-03-17;"Bratislavský kraj";177;29806;211;30017;NA;97565;388;2021-03-17;91949
2021-03-16;"Bratislavský kraj";258;36154;283;36437;NA;97565;541;2021-03-16;91561
2021-03-15;"Bratislavský kraj";180;37568;253;37821;NA;97565;433;2021-03-15;91020
2021-03-14;"Bratislavský kraj";75;51473;268;51741;NA;97565;343;2021-03-14;90587
2021-03-13;"Bratislavský kraj";110;79173;327;79500;NA;97565;437;2021-03-13;90244
2021-03-12;"Bratislavský kraj";152;54191;302;54493;NA;97565;454;2021-03-12;89807
2021-03-11;"Bratislavský kraj";178;34392;274;34666;NA;97565;452;2021-03-11;89353
2021-03-10;"Bratislavský kraj";164;30509;270;30779;NA;97565;434;2021-03-10;88901
2021-03-09;"Bratislavský kraj";242;39355;265;39620;NA;97565;507;2021-03-09;88467
2021-03-08;"Bratislavský kraj";255;40154;338;40492;NA;97565;593;2021-03-08;87960
2021-03-07;"Bratislavský kraj";142;51036;289;51325;NA;97565;431;2021-03-07;87367
2021-03-06;"Bratislavský kraj";79;71813;415;72228;NA;97565;494;2021-03-06;86936
2021-03-05;"Bratislavský kraj";238;51684;307;51991;NA;97565;545;2021-03-05;86442
2021-03-04;"Bratislavský kraj";204;34612;337;34949;NA;97565;541;2021-03-04;85897
2021-03-03;"Bratislavský kraj";250;30238;357;30595;NA;97565;607;2021-03-03;85356
2021-03-02;"Bratislavský kraj";267;39146;390;39536;NA;97565;657;2021-03-02;84749
2021-03-01;"Bratislavský kraj";320;37834;434;38268;NA;97565;754;2021-03-01;84092
2021-02-28;"Bratislavský kraj";184;49969;323;50292;NA;97565;507;2021-02-28;83338
2021-02-27;"Bratislavský kraj";151;78721;468;79189;NA;97565;619;2021-02-27;82831
2021-02-26;"Bratislavský kraj";277;47566;409;47975;NA;97565;686;2021-02-26;82212
2021-02-25;"Bratislavský kraj";277;27924;404;28328;NA;97565;681;2021-02-25;81526
2021-02-24;"Bratislavský kraj";217;27176;427;27603;NA;97565;644;2021-02-24;80845
2021-02-23;"Bratislavský kraj";257;30790;389;31179;NA;97565;646;2021-02-23;80201
2021-02-22;"Bratislavský kraj";353;36311;491;36802;NA;97565;844;2021-02-22;79555
2021-02-21;"Bratislavský kraj";185;50102;379;50481;NA;97565;564;2021-02-21;78711
2021-02-20;"Bratislavský kraj";167;76746;563;77309;NA;97565;730;2021-02-20;78147
2021-02-19;"Bratislavský kraj";280;44959;417;45376;NA;97565;697;2021-02-19;77417
2021-02-18;"Bratislavský kraj";263;26487;379;26866;NA;97565;642;2021-02-18;76720
2021-02-17;"Bratislavský kraj";264;22335;321;22656;NA;97565;585;2021-02-17;76078
2021-02-16;"Bratislavský kraj";289;27522;350;27872;NA;97565;639;2021-02-16;75493
2021-02-15;"Bratislavský kraj";248;36217;387;36604;NA;97565;635;2021-02-15;74854
2021-02-14;"Bratislavský kraj";153;45008;324;45332;NA;97565;477;2021-02-14;74219
2021-02-13;"Bratislavský kraj";173;70114;529;70643;NA;97565;702;2021-02-13;73742
2021-02-12;"Bratislavský kraj";282;35474;332;35806;NA;97565;614;2021-02-12;73040
2021-02-11;"Bratislavský kraj";337;24124;289;24413;NA;97565;626;2021-02-11;72426
2021-02-10;"Bratislavský kraj";314;22750;353;23103;NA;97565;667;2021-02-10;71800
2021-02-09;"Bratislavský kraj";287;36052;453;36505;NA;97565;740;2021-02-09;71133
2021-02-08;"Bratislavský kraj";484;33468;401;33869;NA;97565;885;2021-02-08;70393
2021-02-07;"Bratislavský kraj";243;50382;430;50812;NA;97565;673;2021-02-07;69508
2021-02-06;"Bratislavský kraj";116;65118;530;65648;NA;97565;646;2021-02-06;68835
2021-02-05;"Bratislavský kraj";327;27423;376;27799;NA;97565;703;2021-02-05;68189
2021-02-04;"Bratislavský kraj";555;16331;350;16681;NA;97565;905;2021-02-04;67486
2021-02-03;"Bratislavský kraj";161;12936;358;13294;NA;97565;519;2021-02-03;66581
2021-02-02;"Bratislavský kraj";397;26902;485;27387;NA;97565;882;2021-02-02;66062
2021-02-01;"Bratislavský kraj";221;37667;507;38174;NA;97565;728;2021-02-01;65180
2021-01-31;"Bratislavský kraj";180;71242;850;72092;NA;97565;1030;2021-01-31;64452
2021-01-30;"Bratislavský kraj";310;91776;998;92774;NA;97565;1308;2021-01-30;63422
2021-01-29;"Bratislavský kraj";344;32682;682;33364;NA;97565;1026;2021-01-29;62114
2021-01-28;"Bratislavský kraj";307;21286;602;21888;NA;97565;909;2021-01-28;61088
2021-01-27;"Bratislavský kraj";336;43976;682;44658;NA;97565;1018;2021-01-27;60179
2021-01-26;"Bratislavský kraj";297;44156;616;44772;NA;97565;913;2021-01-26;59161
2021-01-25;"Bratislavský kraj";356;45244;496;45740;NA;97565;852;2021-01-25;58248
2021-01-24;"Bratislavský kraj";175;75508;782;76290;NA;97565;957;2021-01-24;57396
2021-01-23;"Bratislavský kraj";396;158634;1406;160040;NA;97565;1802;2021-01-23;56439
2021-01-22;"Bratislavský kraj";199;83593;729;84322;NA;97565;928;2021-01-22;54637
2021-01-21;"Bratislavský kraj";255;211278;2634;213912;NA;97565;2889;2021-01-21;53709
2021-01-20;"Bratislavský kraj";360;54164;914;55078;NA;97565;1274;2021-01-20;50820
2021-01-19;"Bratislavský kraj";375;27496;678;28174;NA;97565;1053;2021-01-19;49546
2021-01-18;"Bratislavský kraj";357;23954;1414;25368;NA;97565;1771;2021-01-18;48493
2021-01-17;"Bratislavský kraj";244;852;52;904;NA;97565;296;2021-01-17;46722
2021-01-16;"Bratislavský kraj";70;5816;312;6128;NA;97565;382;2021-01-16;46426
2021-01-15;"Bratislavský kraj";251;15488;512;16000;NA;97565;763;2021-01-15;46044
2021-01-14;"Bratislavský kraj";363;16632;546;17178;NA;97565;909;2021-01-14;45281
2021-01-13;"Bratislavský kraj";336;16080;658;16738;NA;97565;994;2021-01-13;44372
2021-01-12;"Bratislavský kraj";450;19288;928;20216;NA;97565;1378;2021-01-12;43378
2021-01-11;"Bratislavský kraj";397;38430;760;39190;NA;97565;1157;2021-01-11;42000
2021-01-10;"Bratislavský kraj";252;2704;158;2862;NA;97565;410;2021-01-10;40843
2021-01-09;"Bratislavský kraj";351;9892;582;10474;NA;97565;933;2021-01-09;40433
2021-01-08;"Bratislavský kraj";556;19760;872;20632;NA;97565;1428;2021-01-08;39500
2021-01-07;"Bratislavský kraj";537;14322;824;15146;NA;97565;1361;2021-01-07;38072
2021-01-06;"Bratislavský kraj";271;6150;432;6582;NA;97565;703;2021-01-06;36711
2021-01-05;"Bratislavský kraj";619;21460;1688;23148;NA;97565;2307;2021-01-05;36008
2021-01-04;"Bratislavský kraj";601;14762;1212;15974;NA;97565;1813;2021-01-04;33701
2021-01-03;"Bratislavský kraj";77;788;82;870;NA;97565;159;2021-01-03;31888
2021-01-02;"Bratislavský kraj";185;768;114;882;NA;97565;299;2021-01-02;31729
2021-01-01;"Bratislavský kraj";235;6420;262;6682;NA;97565;497;2021-01-01;31430
2020-12-31;"Bratislavský kraj";925;14638;589;15227;NA;97565;1514;2020-12-31;30933
2020-12-30;"Bratislavský kraj";650;9327;528;9855;NA;97565;1178;2020-12-30;29419
2020-12-29;"Bratislavský kraj";303;10365;776;11141;NA;97565;1079;2020-12-29;28241
2020-12-28;"Bratislavský kraj";255;7687;560;8247;NA;97565;815;2020-12-28;27162
2020-12-27;"Bratislavský kraj";160;659;76;735;NA;97565;236;2020-12-27;26347
2020-12-26;"Bratislavský kraj";75;426;27;453;NA;97565;102;2020-12-26;26111
2020-12-25;"Bratislavský kraj";114;460;38;498;NA;97565;152;2020-12-25;26009
2020-12-24;"Bratislavský kraj";536;3381;102;3483;NA;97565;638;2020-12-24;25857
2020-12-23;"Bratislavský kraj";416;13159;500;13659;NA;97565;916;2020-12-23;25219
2020-12-22;"Bratislavský kraj";327;15248;772;16020;NA;97565;1099;2020-12-22;24303
2020-12-21;"Bratislavský kraj";392;14970;2007;16977;NA;97565;2399;2020-12-21;23204
2020-12-20;"Bratislavský kraj";180;643;54;697;NA;97565;234;2020-12-20;20805
2020-12-19;"Bratislavský kraj";396;3164;130;3294;NA;97565;526;2020-12-19;20571
2020-12-18;"Bratislavský kraj";306;10672;401;11073;NA;97565;707;2020-12-18;20045
2020-12-17;"Bratislavský kraj";502;10217;412;10629;NA;97565;914;2020-12-17;19338
2020-12-16;"Bratislavský kraj";282;10546;452;10998;NA;97565;734;2020-12-16;18424
2020-12-15;"Bratislavský kraj";423;10741;479;11220;NA;97565;902;2020-12-15;17690
2020-12-14;"Bratislavský kraj";279;6526;293;6819;NA;97565;572;2020-12-14;16788
2020-12-13;"Bratislavský kraj";125;123;10;133;NA;97565;135;2020-12-13;16216
2020-12-12;"Bratislavský kraj";361;3863;157;4020;NA;97565;518;2020-12-12;16081
2020-12-11;"Bratislavský kraj";326;7203;289;7492;NA;97565;615;2020-12-11;15563
2020-12-10;"Bratislavský kraj";286;5104;209;5313;NA;97565;495;2020-12-10;14948
2020-12-09;"Bratislavský kraj";382;4712;178;4890;NA;97565;560;2020-12-09;14453
2020-12-08;"Bratislavský kraj";234;5793;207;6000;NA;97565;441;2020-12-08;13893
2020-12-07;"Bratislavský kraj";272;4078;152;4230;NA;97565;424;2020-12-07;13452
2020-12-06;"Bratislavský kraj";61;1586;52;1638;NA;97565;113;2020-12-06;13028
2020-12-05;"Bratislavský kraj";266;2148;41;2189;NA;97565;307;2020-12-05;12915
2020-12-04;"Bratislavský kraj";200;4789;99;4888;NA;97565;299;2020-12-04;12608
2020-12-03;"Bratislavský kraj";213;5071;95;5166;NA;97565;308;2020-12-03;12309
2020-12-02;"Bratislavský kraj";205;2831;95;2926;NA;97565;300;2020-12-02;12001
2020-12-01;"Bratislavský kraj";255;3943;204;4147;NA;97565;459;2020-12-01;11701
2020-11-30;"Bratislavský kraj";152;2153;121;2274;NA;97565;273;2020-11-30;11242
2020-11-29;"Bratislavský kraj";52;7;3;10;NA;97565;55;2020-11-29;10969
2020-11-28;"Bratislavský kraj";232;1509;18;1527;NA;97565;250;2020-11-28;10914
2020-11-27;"Bratislavský kraj";54;1198;29;1227;NA;97565;83;2020-11-27;10664
2020-11-26;"Bratislavský kraj";129;1114;25;1139;NA;97565;154;2020-11-26;10581
2020-11-25;"Bratislavský kraj";140;1133;31;1164;NA;97565;171;2020-11-25;10427
2020-11-24;"Bratislavský kraj";81;2988;67;3055;NA;97565;148;2020-11-24;10256
2020-11-23;"Bratislavský kraj";67;405;13;418;NA;97565;80;2020-11-23;10108
2020-11-22;"Bratislavský kraj";36;81;7;88;NA;97565;43;2020-11-22;10028
2020-11-21;"Bratislavský kraj";109;2126;47;2173;NA;97565;156;2020-11-21;9985
2020-11-20;"Bratislavský kraj";118;2869;48;2917;NA;97565;166;2020-11-20;9829
2020-11-19;"Bratislavský kraj";173;987;29;1016;NA;97565;202;2020-11-19;9663
2020-11-18;"Bratislavský kraj";118;616;75;691;NA;97565;193;2020-11-18;9461
2020-11-17;"Bratislavský kraj";108;928;23;951;NA;97565;131;2020-11-17;9268
2020-11-16;"Bratislavský kraj";82;651;9;660;NA;97565;91;2020-11-16;9137
2020-11-15;"Bratislavský kraj";47;236;0;236;NA;97565;47;2020-11-15;9046
2020-11-14;"Bratislavský kraj";53;1834;15;1849;NA;97565;68;2020-11-14;8999
2020-11-13;"Bratislavský kraj";94;2096;21;2117;NA;97565;115;2020-11-13;8931
2020-11-12;"Bratislavský kraj";141;1727;6;1733;NA;97565;147;2020-11-12;8816
2020-11-11;"Bratislavský kraj";159;1429;12;1441;NA;97565;171;2020-11-11;8669
2020-11-10;"Bratislavský kraj";136;805;14;819;NA;97565;150;2020-11-10;8498
2020-11-09;"Bratislavský kraj";70;466;1;467;NA;97565;71;2020-11-09;8348
2020-11-08;"Bratislavský kraj";82;869;6;875;NA;97565;88;2020-11-08;8277
2020-11-07;"Bratislavský kraj";88;4039;17;4056;NA;97565;105;2020-11-07;8189
2020-11-06;"Bratislavský kraj";281;6441;25;6466;NA;97565;306;2020-11-06;8084
2020-11-05;"Bratislavský kraj";175;476;11;487;NA;97565;186;2020-11-05;7778
2020-11-04;"Bratislavský kraj";65;411;10;421;NA;97565;75;2020-11-04;7592
2020-11-03;"Bratislavský kraj";251;944;5;949;NA;97565;256;2020-11-03;7517
2020-11-02;"Bratislavský kraj";202;3365;22;3387;NA;97565;224;2020-11-02;7261
2020-11-01;"Bratislavský kraj";227;8694;39;8733;NA;97565;266;2020-11-01;7037
2020-10-31;"Bratislavský kraj";173;22407;123;22530;NA;97565;296;2020-10-31;6771
2020-10-30;"Bratislavský kraj";158;17350;138;17488;NA;97565;296;2020-10-30;6475
2020-10-29;"Bratislavský kraj";262;116;4;120;NA;97565;266;2020-10-29;6179
2020-10-28;"Bratislavský kraj";220;260;15;275;NA;97565;235;2020-10-28;5913
2020-10-27;"Bratislavský kraj";256;145;4;149;NA;97565;260;2020-10-27;5678
2020-10-26;"Bratislavský kraj";123;229;11;240;NA;97565;134;2020-10-26;5418
2020-10-25;"Bratislavský kraj";152;33;2;35;NA;97565;154;2020-10-25;5284
2020-10-24;"Bratislavský kraj";170;221;6;227;NA;97565;176;2020-10-24;5130
2020-10-23;"Bratislavský kraj";151;144;8;152;NA;97565;159;2020-10-23;4954
2020-10-22;"Bratislavský kraj";192;204;15;219;NA;97565;207;2020-10-22;4795
2020-10-21;"Bratislavský kraj";66;90;6;96;NA;97565;72;2020-10-21;4588
2020-10-20;"Bratislavský kraj";183;97;4;101;NA;97565;187;2020-10-20;4516
2020-10-19;"Bratislavský kraj";148;80;3;83;NA;97565;151;2020-10-19;4329
2020-10-18;"Bratislavský kraj";75;92;0;92;NA;97565;75;2020-10-18;4178
2020-10-17;"Bratislavský kraj";136;0;0;0;NA;97565;136;2020-10-17;4103
2020-10-16;"Bratislavský kraj";103;14;1;15;NA;97565;104;2020-10-16;3967
2020-10-15;"Bratislavský kraj";135;6;1;7;NA;97565;136;2020-10-15;3863
2020-10-14;"Bratislavský kraj";127;4;0;4;NA;97565;127;2020-10-14;3727
2020-10-13;"Bratislavský kraj";86;108;8;116;NA;97565;94;2020-10-13;3600
2020-10-12;"Bratislavský kraj";46;0;0;0;NA;97565;46;2020-10-12;3506
2020-10-11;"Bratislavský kraj";80;0;0;0;NA;97565;80;2020-10-11;3460
2020-10-10;"Bratislavský kraj";55;0;0;0;NA;97565;55;2020-10-10;3380
2020-10-09;"Bratislavský kraj";148;0;0;0;NA;97565;148;2020-10-09;3325
2020-10-08;"Bratislavský kraj";100;0;0;0;NA;97565;100;2020-10-08;3177
2020-10-07;"Bratislavský kraj";107;0;0;0;NA;97565;107;2020-10-07;3077
2020-10-06;"Bratislavský kraj";108;0;0;0;NA;97565;108;2020-10-06;2970
2020-10-05;"Bratislavský kraj";30;0;0;0;NA;97565;30;2020-10-05;2862
2020-10-04;"Bratislavský kraj";49;0;0;0;NA;97565;49;2020-10-04;2832
2020-10-03;"Bratislavský kraj";82;0;0;0;NA;97565;82;2020-10-03;2783
2020-10-02;"Bratislavský kraj";101;0;0;0;NA;97565;101;2020-10-02;2701
2020-10-01;"Bratislavský kraj";72;0;0;0;NA;97565;72;2020-10-01;2600
2020-09-30;"Bratislavský kraj";91;0;0;0;NA;97565;91;2020-09-30;2528
2020-09-29;"Bratislavský kraj";74;0;0;0;NA;97565;74;2020-09-29;2437
2020-09-28;"Bratislavský kraj";29;0;0;0;NA;97565;29;2020-09-28;2363
2020-09-27;"Bratislavský kraj";48;0;0;0;NA;97565;48;2020-09-27;2334
2020-09-26;"Bratislavský kraj";86;0;0;0;NA;97565;86;2020-09-26;2286
2020-09-25;"Bratislavský kraj";97;0;0;0;NA;97565;97;2020-09-25;2200
2020-09-24;"Bratislavský kraj";73;0;0;0;NA;97565;73;2020-09-24;2103
2020-09-23;"Bratislavský kraj";55;0;0;0;NA;97565;55;2020-09-23;2030
2020-09-22;"Bratislavský kraj";81;0;0;0;NA;97565;81;2020-09-22;1975
2020-09-21;"Bratislavský kraj";32;0;0;0;NA;97565;32;2020-09-21;1894
2020-09-20;"Bratislavský kraj";25;0;0;0;NA;97565;25;2020-09-20;1862
2020-09-19;"Bratislavský kraj";59;0;0;0;NA;97565;59;2020-09-19;1837
2020-09-18;"Bratislavský kraj";42;0;0;0;NA;97565;42;2020-09-18;1778
2020-09-17;"Bratislavský kraj";52;0;0;0;NA;97565;52;2020-09-17;1736
2020-09-16;"Bratislavský kraj";32;0;0;0;NA;97565;32;2020-09-16;1684
2020-09-15;"Bratislavský kraj";26;0;0;0;NA;97565;26;2020-09-15;1652
2020-09-14;"Bratislavský kraj";24;0;0;0;NA;97565;24;2020-09-14;1626
2020-09-13;"Bratislavský kraj";11;0;0;0;NA;97565;11;2020-09-13;1602
2020-09-12;"Bratislavský kraj";24;0;0;0;NA;97565;24;2020-09-12;1591
2020-09-11;"Bratislavský kraj";50;0;0;0;NA;97565;50;2020-09-11;1567
2020-09-10;"Bratislavský kraj";47;0;0;0;NA;97565;47;2020-09-10;1517
2020-09-09;"Bratislavský kraj";40;0;0;0;NA;97565;40;2020-09-09;1470
2020-09-08;"Bratislavský kraj";58;0;0;0;NA;97565;58;2020-09-08;1430
2020-09-07;"Bratislavský kraj";39;0;0;0;NA;97565;39;2020-09-07;1372
2020-09-06;"Bratislavský kraj";11;0;0;0;NA;97565;11;2020-09-06;1333
2020-09-05;"Bratislavský kraj";37;0;0;0;NA;97565;37;2020-09-05;1322
2020-09-04;"Bratislavský kraj";87;0;0;0;NA;97565;87;2020-09-04;1285
2020-09-03;"Bratislavský kraj";51;0;0;0;NA;97565;51;2020-09-03;1198
2020-09-02;"Bratislavský kraj";50;0;0;0;NA;97565;50;2020-09-02;1147
2020-09-01;"Bratislavský kraj";16;0;0;0;NA;97565;16;2020-09-01;1097
2020-08-31;"Bratislavský kraj";19;0;0;0;NA;97565;19;2020-08-31;1081
2020-08-30;"Bratislavský kraj";9;0;0;0;NA;97565;9;2020-08-30;1062
2020-08-29;"Bratislavský kraj";12;0;0;0;NA;97565;12;2020-08-29;1053
2020-08-28;"Bratislavský kraj";35;0;0;0;NA;97565;35;2020-08-28;1041
2020-08-27;"Bratislavský kraj";33;0;0;0;NA;97565;33;2020-08-27;1006
2020-08-26;"Bratislavský kraj";27;0;0;0;NA;97565;27;2020-08-26;973
2020-08-25;"Bratislavský kraj";29;0;0;0;NA;97565;29;2020-08-25;946
2020-08-24;"Bratislavský kraj";6;0;0;0;NA;97565;6;2020-08-24;917
2020-08-23;"Bratislavský kraj";45;0;0;0;NA;97565;45;2020-08-23;911
2020-08-22;"Bratislavský kraj";13;0;0;0;NA;97565;13;2020-08-22;866
2020-08-21;"Bratislavský kraj";46;0;0;0;NA;97565;46;2020-08-21;853
2020-08-20;"Bratislavský kraj";41;0;0;0;NA;97565;41;2020-08-20;807
2020-08-19;"Bratislavský kraj";27;0;0;0;NA;97565;27;2020-08-19;766
2020-08-18;"Bratislavský kraj";47;0;0;0;NA;97565;47;2020-08-18;739
2020-08-17;"Bratislavský kraj";2;0;0;0;NA;97565;2;2020-08-17;692
2020-08-16;"Bratislavský kraj";3;0;0;0;NA;97565;3;2020-08-16;690
2020-08-15;"Bratislavský kraj";18;0;0;0;NA;97565;18;2020-08-15;687
2020-08-14;"Bratislavský kraj";16;0;0;0;NA;97565;16;2020-08-14;669
2020-08-13;"Bratislavský kraj";12;0;0;0;NA;97565;12;2020-08-13;653
2020-08-12;"Bratislavský kraj";10;0;0;0;NA;97565;10;2020-08-12;641
2020-08-11;"Bratislavský kraj";23;0;0;0;NA;97565;23;2020-08-11;631
2020-08-10;"Bratislavský kraj";2;0;0;0;NA;97565;2;2020-08-10;608
2020-08-09;"Bratislavský kraj";2;0;0;0;NA;97565;2;2020-08-09;606
2020-08-08;"Bratislavský kraj";1;0;0;0;NA;97565;1;2020-08-08;604
2020-08-07;"Bratislavský kraj";9;0;0;0;NA;97565;9;2020-08-07;603
2020-08-06;"Bratislavský kraj";15;0;0;0;NA;97565;15;2020-08-06;594
2020-08-05;"Bratislavský kraj";11;0;0;0;NA;97565;11;2020-08-05;579
2020-08-04;"Bratislavský kraj";21;0;0;0;NA;97565;21;2020-08-04;568
2020-08-03;"Bratislavský kraj";7;0;0;0;NA;97565;7;2020-08-03;547
2020-07-31;"Bratislavský kraj";14;0;0;0;NA;97565;14;2020-07-31;540
2020-07-30;"Bratislavský kraj";6;0;0;0;NA;97565;6;2020-07-30;526
2020-07-29;"Bratislavský kraj";7;0;0;0;NA;97565;7;2020-07-29;520
2020-07-28;"Bratislavský kraj";14;0;0;0;NA;97565;14;2020-07-28;513
2020-07-27;"Bratislavský kraj";3;0;0;0;NA;97565;3;2020-07-27;499
2020-07-25;"Bratislavský kraj";8;0;0;0;NA;97565;8;2020-07-25;496
2020-07-24;"Bratislavský kraj";2;0;0;0;NA;97565;2;2020-07-24;488
2020-07-23;"Bratislavský kraj";8;0;0;0;NA;97565;8;2020-07-23;486
2020-07-22;"Bratislavský kraj";11;0;0;0;NA;97565;11;2020-07-22;478
2020-07-21;"Bratislavský kraj";8;0;0;0;NA;97565;8;2020-07-21;467
2020-07-20;"Bratislavský kraj";12;0;0;0;NA;97565;12;2020-07-20;459
2020-07-18;"Bratislavský kraj";2;0;0;0;NA;97565;2;2020-07-18;447
2020-07-17;"Bratislavský kraj";2;0;0;0;NA;97565;2;2020-07-17;445
2020-07-16;"Bratislavský kraj";6;0;0;0;NA;97565;6;2020-07-16;443
2020-07-15;"Bratislavský kraj";3;0;0;0;NA;97565;3;2020-07-15;437
2020-07-14;"Bratislavský kraj";2;0;0;0;NA;97565;2;2020-07-14;434
2020-07-13;"Bratislavský kraj";2;0;0;0;NA;97565;2;2020-07-13;432
2020-07-10;"Bratislavský kraj";8;0;0;0;NA;97565;8;2020-07-10;430
2020-07-09;"Bratislavský kraj";2;0;0;0;NA;97565;2;2020-07-09;422
2020-07-08;"Bratislavský kraj";11;0;0;0;NA;97565;11;2020-07-08;420
2020-07-07;"Bratislavský kraj";5;0;0;0;NA;97565;5;2020-07-07;409
2020-07-06;"Bratislavský kraj";1;0;0;0;NA;97565;1;2020-07-06;404
2020-07-04;"Bratislavský kraj";3;0;0;0;NA;97565;3;2020-07-04;403
2020-07-03;"Bratislavský kraj";1;0;0;0;NA;97565;1;2020-07-03;400
2020-07-01;"Bratislavský kraj";7;0;0;0;NA;97565;7;2020-07-01;399
2020-06-30;"Bratislavský kraj";3;0;0;0;NA;97565;3;2020-06-30;392
2020-06-29;"Bratislavský kraj";1;0;0;0;NA;97565;1;2020-06-29;389
2020-06-27;"Bratislavský kraj";1;0;0;0;NA;97565;1;2020-06-27;388
2020-06-26;"Bratislavský kraj";6;0;0;0;NA;97565;6;2020-06-26;387
2020-06-24;"Bratislavský kraj";3;0;0;0;NA;97565;3;2020-06-24;381
2020-06-22;"Bratislavský kraj";1;0;0;0;NA;97565;1;2020-06-22;378
2020-06-19;"Bratislavský kraj";3;0;0;0;NA;97565;3;2020-06-19;377
2020-06-14;"Bratislavský kraj";2;0;0;0;NA;97565;2;2020-06-14;374
2020-06-13;"Bratislavský kraj";1;0;0;0;NA;97565;1;2020-06-13;372
2020-06-12;"Bratislavský kraj";2;0;0;0;NA;97565;2;2020-06-12;371
2020-06-08;"Bratislavský kraj";1;0;0;0;NA;97565;1;2020-06-08;369
2020-06-03;"Bratislavský kraj";1;0;0;0;NA;97565;1;2020-06-03;368
2020-05-27;"Bratislavský kraj";1;0;0;0;NA;97565;1;2020-05-27;367
2020-05-23;"Bratislavský kraj";2;0;0;0;NA;97565;2;2020-05-23;366
2020-05-12;"Bratislavský kraj";2;0;0;0;NA;97565;2;2020-05-12;364
2020-05-07;"Bratislavský kraj";1;0;0;0;NA;97565;1;2020-05-07;362
2020-05-06;"Bratislavský kraj";3;0;0;0;NA;97565;3;2020-05-06;361
2020-05-03;"Bratislavský kraj";2;0;0;0;NA;97565;2;2020-05-03;358
2020-04-30;"Bratislavský kraj";5;0;0;0;NA;97565;5;2020-04-30;356
2020-04-28;"Bratislavský kraj";2;0;0;0;NA;97565;2;2020-04-28;351
2020-04-26;"Bratislavský kraj";1;0;0;0;NA;97565;1;2020-04-26;349
2020-04-24;"Bratislavský kraj";2;0;0;0;NA;97565;2;2020-04-24;348
2020-04-23;"Bratislavský kraj";6;0;0;0;NA;97565;6;2020-04-23;346
2020-04-22;"Bratislavský kraj";11;0;0;0;NA;97565;11;2020-04-22;340
2020-04-21;"Bratislavský kraj";4;0;0;0;NA;97565;4;2020-04-21;329
2020-04-19;"Bratislavský kraj";4;0;0;0;NA;97565;4;2020-04-19;325
2020-04-18;"Bratislavský kraj";5;0;0;0;NA;97565;5;2020-04-18;321
2020-04-17;"Bratislavský kraj";6;0;0;0;NA;97565;6;2020-04-17;316
2020-04-16;"Bratislavský kraj";15;0;0;0;NA;97565;15;2020-04-16;310
2020-04-15;"Bratislavský kraj";11;0;0;0;NA;97565;11;2020-04-15;295
2020-04-14;"Bratislavský kraj";19;0;0;0;NA;97565;19;2020-04-14;284
2020-04-13;"Bratislavský kraj";53;0;0;0;NA;97565;53;2020-04-13;265
2020-04-12;"Bratislavský kraj";3;0;0;0;NA;97565;3;2020-04-12;212
2020-04-11;"Bratislavský kraj";1;0;0;0;NA;97565;1;2020-04-11;209
2020-04-10;"Bratislavský kraj";8;0;0;0;NA;97565;8;2020-04-10;208
2020-04-09;"Bratislavský kraj";3;0;0;0;NA;97565;3;2020-04-09;200
2020-04-08;"Bratislavský kraj";3;0;0;0;NA;97565;3;2020-04-08;197
2020-04-07;"Bratislavský kraj";24;0;0;0;NA;97565;24;2020-04-07;194
2020-04-06;"Bratislavský kraj";5;0;0;0;NA;97565;5;2020-04-06;170
2020-04-05;"Bratislavský kraj";6;0;0;0;NA;97565;6;2020-04-05;165
2020-04-04;"Bratislavský kraj";2;0;0;0;NA;97565;2;2020-04-04;159
2020-04-03;"Bratislavský kraj";1;0;0;0;NA;97565;1;2020-04-03;157
2020-04-02;"Bratislavský kraj";2;0;0;0;NA;97565;2;2020-04-02;156
2020-04-01;"Bratislavský kraj";5;0;0;0;NA;97565;5;2020-04-01;154
2020-03-31;"Bratislavský kraj";19;0;0;0;NA;97565;19;2020-03-31;149
2020-03-30;"Bratislavský kraj";6;0;0;0;NA;97565;6;2020-03-30;130
2020-03-29;"Bratislavský kraj";8;0;0;0;NA;97565;8;2020-03-29;124
2020-03-28;"Bratislavský kraj";4;0;0;0;NA;97565;4;2020-03-28;116
2020-03-27;"Bratislavský kraj";3;0;0;0;NA;97565;3;2020-03-27;112
2020-03-26;"Bratislavský kraj";15;0;0;0;NA;97565;15;2020-03-26;109
2020-03-25;"Bratislavský kraj";1;0;0;0;NA;97565;1;2020-03-25;94
2020-03-24;"Bratislavský kraj";4;0;0;0;NA;97565;4;2020-03-24;93
2020-03-23;"Bratislavský kraj";9;0;0;0;NA;97565;9;2020-03-23;89
2020-03-22;"Bratislavský kraj";2;0;0;0;NA;97565;2;2020-03-22;80
2020-03-21;"Bratislavský kraj";22;0;0;0;NA;97565;22;2020-03-21;78
2020-03-20;"Bratislavský kraj";3;0;0;0;NA;97565;3;2020-03-20;56
2020-03-19;"Bratislavský kraj";4;0;0;0;NA;97565;4;2020-03-19;53
2020-03-18;"Bratislavský kraj";3;0;0;0;NA;97565;3;2020-03-18;49
2020-03-17;"Bratislavský kraj";13;0;0;0;NA;97565;13;2020-03-17;46
2020-03-16;"Bratislavský kraj";1;0;0;0;NA;97565;1;2020-03-16;33
2020-03-15;"Bratislavský kraj";4;0;0;0;NA;97565;4;2020-03-15;32
2020-03-14;"Bratislavský kraj";9;0;0;0;NA;97565;9;2020-03-14;28
2020-03-13;"Bratislavský kraj";2;0;0;0;NA;97565;2;2020-03-13;19
2020-03-12;"Bratislavský kraj";8;0;0;0;NA;97565;8;2020-03-12;17
2020-03-11;"Bratislavský kraj";3;0;0;0;NA;97565;3;2020-03-11;9
2020-03-08;"Bratislavský kraj";2;0;0;0;NA;97565;2;2020-03-08;6
2020-03-07;"Bratislavský kraj";2;0;0;0;NA;97565;2;2020-03-07;4
2020-03-06;"Bratislavský kraj";1;0;0;0;NA;97565;1;2020-03-06;2
2021-04-09;"Košický kraj";168;227;2;229;49648;99477;170;2021-04-09;99477
2021-04-08;"Košický kraj";81;15856;69;15925;NA;99477;150;2021-04-08;99307
2021-04-07;"Košický kraj";232;27041;192;27233;NA;99477;424;2021-04-07;99157
2021-04-06;"Košický kraj";121;31437;140;31577;NA;99477;261;2021-04-06;98733
2021-04-05;"Košický kraj";19;11718;53;11771;NA;99477;72;2021-04-05;98472
2021-04-04;"Košický kraj";33;8808;31;8839;NA;99477;64;2021-04-04;98400
2021-04-03;"Košický kraj";138;87043;219;87262;NA;99477;357;2021-04-03;98336
2021-04-02;"Košický kraj";128;23106;84;23190;NA;99477;212;2021-04-02;97979
2021-04-01;"Košický kraj";165;45952;145;46097;NA;99477;310;2021-04-01;97767
2021-03-31;"Košický kraj";160;29808;127;29935;NA;99477;287;2021-03-31;97457
2021-03-30;"Košický kraj";229;24108;163;24271;NA;99477;392;2021-03-30;97170
2021-03-29;"Košický kraj";78;26003;222;26225;NA;99477;300;2021-03-29;96778
2021-03-28;"Košický kraj";39;30609;76;30685;NA;99477;115;2021-03-28;96478
2021-03-27;"Košický kraj";222;96675;267;96942;NA;99477;489;2021-03-27;96363
2021-03-26;"Košický kraj";233;45260;202;45462;NA;99477;435;2021-03-26;95874
2021-03-25;"Košický kraj";133;23793;174;23967;NA;99477;307;2021-03-25;95439
2021-03-24;"Košický kraj";165;20685;157;20842;NA;99477;322;2021-03-24;95132
2021-03-23;"Košický kraj";202;22480;190;22670;NA;99477;392;2021-03-23;94810
2021-03-22;"Košický kraj";169;23965;211;24176;NA;99477;380;2021-03-22;94418
2021-03-21;"Košický kraj";109;40496;146;40642;NA;99477;255;2021-03-21;94038
2021-03-20;"Košický kraj";126;97970;306;98276;NA;99477;432;2021-03-20;93783
2021-03-19;"Košický kraj";205;45707;258;45965;NA;99477;463;2021-03-19;93351
2021-03-18;"Košický kraj";274;23831;211;24042;NA;99477;485;2021-03-18;92888
2021-03-17;"Košický kraj";177;21559;197;21756;NA;99477;374;2021-03-17;92403
2021-03-16;"Košický kraj";386;23441;226;23667;NA;99477;612;2021-03-16;92029
2021-03-15;"Košický kraj";173;24981;276;25257;NA;99477;449;2021-03-15;91417
2021-03-14;"Košický kraj";145;44419;226;44645;NA;99477;371;2021-03-14;90968
2021-03-13;"Košický kraj";146;103822;481;104303;NA;99477;627;2021-03-13;90597
2021-03-12;"Košický kraj";366;47353;316;47669;NA;99477;682;2021-03-12;89970
2021-03-11;"Košický kraj";396;23225;261;23486;NA;99477;657;2021-03-11;89288
2021-03-10;"Košický kraj";121;22199;268;22467;NA;99477;389;2021-03-10;88631
2021-03-09;"Košický kraj";676;24524;301;24825;NA;99477;977;2021-03-09;88242
2021-03-08;"Košický kraj";559;29679;342;30021;NA;99477;901;2021-03-08;87265
2021-03-07;"Košický kraj";45;35061;229;35290;NA;99477;274;2021-03-07;86364
2021-03-06;"Košický kraj";177;105850;537;106387;NA;99477;714;2021-03-06;86090
2021-03-05;"Košický kraj";439;45557;422;45979;NA;99477;861;2021-03-05;85376
2021-03-04;"Košický kraj";417;23862;321;24183;NA;99477;738;2021-03-04;84515
2021-03-03;"Košický kraj";390;23141;297;23438;NA;99477;687;2021-03-03;83777
2021-03-02;"Košický kraj";464;24157;372;24529;NA;99477;836;2021-03-02;83090
2021-03-01;"Košický kraj";389;29980;512;30492;NA;99477;901;2021-03-01;82254
2021-02-28;"Košický kraj";265;37636;288;37924;NA;99477;553;2021-02-28;81353
2021-02-27;"Košický kraj";301;101274;787;102061;NA;99477;1088;2021-02-27;80800
2021-02-26;"Košický kraj";440;45466;492;45958;NA;99477;932;2021-02-26;79712
2021-02-25;"Košický kraj";331;19872;342;20214;NA;99477;673;2021-02-25;78780
2021-02-24;"Košický kraj";263;18815;506;19321;NA;99477;769;2021-02-24;78107
2021-02-23;"Košický kraj";642;21592;341;21933;NA;99477;983;2021-02-23;77338
2021-02-22;"Košický kraj";362;30830;434;31264;NA;99477;796;2021-02-22;76355
2021-02-21;"Košický kraj";170;40464;385;40849;NA;99477;555;2021-02-21;75559
2021-02-20;"Košický kraj";283;92550;770;93320;NA;99477;1053;2021-02-20;75004
2021-02-19;"Košický kraj";507;42016;586;42602;NA;99477;1093;2021-02-19;73951
2021-02-18;"Košický kraj";397;18442;345;18787;NA;99477;742;2021-02-18;72858
2021-02-17;"Košický kraj";322;18080;387;18467;NA;99477;709;2021-02-17;72116
2021-02-16;"Košický kraj";600;22137;463;22600;NA;99477;1063;2021-02-16;71407
2021-02-15;"Košický kraj";216;24866;369;25235;NA;99477;585;2021-02-15;70344
2021-02-14;"Košický kraj";241;56743;524;57267;NA;99477;765;2021-02-14;69759
2021-02-13;"Košický kraj";206;93559;765;94324;NA;99477;971;2021-02-13;68994
2021-02-12;"Košický kraj";448;50169;611;50780;NA;99477;1059;2021-02-12;68023
2021-02-11;"Košický kraj";435;14524;323;14847;NA;99477;758;2021-02-11;66964
2021-02-10;"Košický kraj";360;18475;431;18906;NA;99477;791;2021-02-10;66206
2021-02-09;"Košický kraj";545;24920;464;25384;NA;99477;1009;2021-02-09;65415
2021-02-08;"Košický kraj";237;27337;413;27750;NA;99477;650;2021-02-08;64406
2021-02-07;"Košický kraj";208;56897;612;57509;NA;99477;820;2021-02-07;63756
2021-02-06;"Košický kraj";318;101420;857;102277;NA;99477;1175;2021-02-06;62936
2021-02-05;"Košický kraj";384;43337;499;43836;NA;99477;883;2021-02-05;61761
2021-02-04;"Košický kraj";391;14721;370;15091;NA;99477;761;2021-02-04;60878
2021-02-03;"Košický kraj";296;32758;1111;33869;NA;99477;1407;2021-02-03;60117
2021-02-02;"Košický kraj";473;23465;438;23903;NA;99477;911;2021-02-02;58710
2021-02-01;"Košický kraj";415;19335;321;19656;NA;99477;736;2021-02-01;57799
2021-01-31;"Košický kraj";142;107348;1170;108518;NA;99477;1312;2021-01-31;57063
2021-01-30;"Košický kraj";320;153755;1346;155101;NA;99477;1666;2021-01-30;55751
2021-01-29;"Košický kraj";311;74262;912;75174;NA;99477;1223;2021-01-29;54085
2021-01-28;"Košický kraj";540;18050;494;18544;NA;99477;1034;2021-01-28;52862
2021-01-27;"Košický kraj";265;14968;414;15382;NA;99477;679;2021-01-27;51828
2021-01-26;"Košický kraj";530;28512;492;29004;NA;99477;1022;2021-01-26;51149
2021-01-25;"Košický kraj";226;52860;826;53686;NA;99477;1052;2021-01-25;50127
2021-01-24;"Košický kraj";150;90216;1190;91406;NA;99477;1340;2021-01-24;49075
2021-01-23;"Košický kraj";232;164032;1686;165718;NA;99477;1918;2021-01-23;47735
2021-01-22;"Košický kraj";316;39994;530;40524;NA;99477;846;2021-01-22;45817
2021-01-21;"Košický kraj";274;28094;316;28410;NA;99477;590;2021-01-21;44971
2021-01-20;"Košický kraj";374;21686;402;22088;NA;99477;776;2021-01-20;44381
2021-01-19;"Košický kraj";248;19706;364;20070;NA;99477;612;2021-01-19;43605
2021-01-18;"Košický kraj";333;11540;424;11964;NA;99477;757;2021-01-18;42993
2021-01-17;"Košický kraj";155;1070;28;1098;NA;99477;183;2021-01-17;42236
2021-01-16;"Košický kraj";153;2806;94;2900;NA;99477;247;2021-01-16;42053
2021-01-15;"Košický kraj";308;12886;426;13312;NA;99477;734;2021-01-15;41806
2021-01-14;"Košický kraj";358;10942;442;11384;NA;99477;800;2021-01-14;41072
2021-01-13;"Košický kraj";421;9794;452;10246;NA;99477;873;2021-01-13;40272
2021-01-12;"Košický kraj";482;13378;516;13894;NA;99477;998;2021-01-12;39399
2021-01-11;"Košický kraj";309;15890;608;16498;NA;99477;917;2021-01-11;38401
2021-01-10;"Košický kraj";193;268;12;280;NA;99477;205;2021-01-10;37484
2021-01-09;"Košický kraj";469;2268;90;2358;NA;99477;559;2021-01-09;37279
2021-01-08;"Košický kraj";551;16444;776;17220;NA;99477;1327;2021-01-08;36720
2021-01-07;"Košický kraj";251;12806;856;13662;NA;99477;1107;2021-01-07;35393
2021-01-06;"Košický kraj";442;858;66;924;NA;99477;508;2021-01-06;34286
2021-01-05;"Košický kraj";584;16200;1120;17320;NA;99477;1704;2021-01-05;33778
2021-01-04;"Košický kraj";407;14226;1474;15700;NA;99477;1881;2021-01-04;32074
2021-01-03;"Košický kraj";118;1322;44;1366;NA;99477;162;2021-01-03;30193
2021-01-02;"Košický kraj";88;880;104;984;NA;99477;192;2021-01-02;30031
2021-01-01;"Košický kraj";398;1450;98;1548;NA;99477;496;2021-01-01;29839
2020-12-31;"Košický kraj";625;7877;461;8338;NA;99477;1086;2020-12-31;29343
2020-12-30;"Košický kraj";590;6477;412;6889;NA;99477;1002;2020-12-30;28257
2020-12-29;"Košický kraj";419;7573;605;8178;NA;99477;1024;2020-12-29;27255
2020-12-28;"Košický kraj";356;8296;804;9100;NA;99477;1160;2020-12-28;26231
2020-12-27;"Košický kraj";159;147;16;163;NA;99477;175;2020-12-27;25071
2020-12-26;"Košický kraj";163;274;23;297;NA;99477;186;2020-12-26;24896
2020-12-25;"Košický kraj";237;140;10;150;NA;99477;247;2020-12-25;24710
2020-12-24;"Košický kraj";564;1470;90;1560;NA;99477;654;2020-12-24;24463
2020-12-23;"Košický kraj";304;7942;354;8296;NA;99477;658;2020-12-23;23809
2020-12-22;"Košický kraj";438;7920;459;8379;NA;99477;897;2020-12-22;23151
2020-12-21;"Košický kraj";405;6984;509;7493;NA;99477;914;2020-12-21;22254
2020-12-20;"Košický kraj";215;48;8;56;NA;99477;223;2020-12-20;21340
2020-12-19;"Košický kraj";207;1148;59;1207;NA;99477;266;2020-12-19;21117
2020-12-18;"Košický kraj";310;8484;326;8810;NA;99477;636;2020-12-18;20851
2020-12-17;"Košický kraj";463;5292;255;5547;NA;99477;718;2020-12-17;20215
2020-12-16;"Košický kraj";455;5898;316;6214;NA;99477;771;2020-12-16;19497
2020-12-15;"Košický kraj";319;5086;338;5424;NA;99477;657;2020-12-15;18726
2020-12-14;"Košický kraj";256;2893;239;3132;NA;99477;495;2020-12-14;18069
2020-12-13;"Košický kraj";47;181;2;183;NA;99477;49;2020-12-13;17574
2020-12-12;"Košický kraj";369;1587;118;1705;NA;99477;487;2020-12-12;17525
2020-12-11;"Košický kraj";354;5461;258;5719;NA;99477;612;2020-12-11;17038
2020-12-10;"Košický kraj";283;4064;176;4240;NA;99477;459;2020-12-10;16426
2020-12-09;"Košický kraj";279;3786;166;3952;NA;99477;445;2020-12-09;15967
2020-12-08;"Košický kraj";226;4105;355;4460;NA;99477;581;2020-12-08;15522
2020-12-07;"Košický kraj";270;2111;103;2214;NA;99477;373;2020-12-07;14941
2020-12-06;"Košický kraj";121;97;20;117;NA;99477;141;2020-12-06;14568
2020-12-05;"Košický kraj";90;1096;48;1144;NA;99477;138;2020-12-05;14427
2020-12-04;"Košický kraj";224;2680;82;2762;NA;99477;306;2020-12-04;14289
2020-12-03;"Košický kraj";211;7717;173;7890;NA;99477;384;2020-12-03;13983
2020-12-02;"Košický kraj";193;8132;496;8628;NA;99477;689;2020-12-02;13599
2020-12-01;"Košický kraj";178;2237;124;2361;NA;99477;302;2020-12-01;12910
2020-11-30;"Košický kraj";171;3645;58;3703;NA;99477;229;2020-11-30;12608
2020-11-29;"Košický kraj";31;287;16;303;NA;99477;47;2020-11-29;12379
2020-11-28;"Košický kraj";69;721;52;773;NA;99477;121;2020-11-28;12332
2020-11-27;"Košický kraj";149;2729;74;2803;NA;99477;223;2020-11-27;12211
2020-11-26;"Košický kraj";239;1090;55;1145;NA;99477;294;2020-11-26;11988
2020-11-25;"Košický kraj";237;1664;122;1786;NA;99477;359;2020-11-25;11694
2020-11-24;"Košický kraj";196;1871;64;1935;NA;99477;260;2020-11-24;11335
2020-11-23;"Košický kraj";51;3737;54;3791;NA;99477;105;2020-11-23;11075
2020-11-22;"Košický kraj";57;28;3;31;NA;99477;60;2020-11-22;10970
2020-11-21;"Košický kraj";87;858;36;894;NA;99477;123;2020-11-21;10910
2020-11-20;"Košický kraj";176;2989;45;3034;NA;99477;221;2020-11-20;10787
2020-11-19;"Košický kraj";206;1648;40;1688;NA;99477;246;2020-11-19;10566
2020-11-18;"Košický kraj";122;443;16;459;NA;99477;138;2020-11-18;10320
2020-11-17;"Košický kraj";152;82;9;91;NA;99477;161;2020-11-17;10182
2020-11-16;"Košický kraj";114;531;24;555;NA;99477;138;2020-11-16;10021
2020-11-15;"Košický kraj";15;338;7;345;NA;99477;22;2020-11-15;9883
2020-11-14;"Košický kraj";234;520;12;532;NA;99477;246;2020-11-14;9861
2020-11-13;"Košický kraj";207;664;29;693;NA;99477;236;2020-11-13;9615
2020-11-12;"Košický kraj";192;736;13;749;NA;99477;205;2020-11-12;9379
2020-11-11;"Košický kraj";301;593;7;600;NA;99477;308;2020-11-11;9174
2020-11-10;"Košický kraj";190;541;11;552;NA;99477;201;2020-11-10;8866
2020-11-09;"Košický kraj";129;380;5;385;NA;99477;134;2020-11-09;8665
2020-11-08;"Košický kraj";78;1298;8;1306;NA;99477;86;2020-11-08;8531
2020-11-07;"Košický kraj";192;3909;22;3931;NA;99477;214;2020-11-07;8445
2020-11-06;"Košický kraj";195;5310;34;5344;NA;99477;229;2020-11-06;8231
2020-11-05;"Košický kraj";342;330;31;361;NA;99477;373;2020-11-05;8002
2020-11-04;"Košický kraj";101;154;6;160;NA;99477;107;2020-11-04;7629
2020-11-03;"Košický kraj";358;1122;13;1135;NA;99477;371;2020-11-03;7522
2020-11-02;"Košický kraj";111;4368;51;4419;NA;99477;162;2020-11-02;7151
2020-11-01;"Košický kraj";346;6522;34;6556;NA;99477;380;2020-11-01;6989
2020-10-31;"Košický kraj";82;13810;105;13915;NA;99477;187;2020-10-31;6609
2020-10-30;"Košický kraj";379;2835;27;2862;NA;99477;406;2020-10-30;6422
2020-10-29;"Košický kraj";333;983;13;996;NA;99477;346;2020-10-29;6016
2020-10-28;"Košický kraj";224;305;13;318;NA;99477;237;2020-10-28;5670
2020-10-27;"Košický kraj";386;439;21;460;NA;99477;407;2020-10-27;5433
2020-10-26;"Košický kraj";56;191;7;198;NA;99477;63;2020-10-26;5026
2020-10-25;"Košický kraj";154;79;2;81;NA;99477;156;2020-10-25;4963
2020-10-24;"Košický kraj";313;113;15;128;NA;99477;328;2020-10-24;4807
2020-10-23;"Košický kraj";315;331;8;339;NA;99477;323;2020-10-23;4479
2020-10-22;"Košický kraj";349;530;16;546;NA;99477;365;2020-10-22;4156
2020-10-21;"Košický kraj";129;84;2;86;NA;99477;131;2020-10-21;3791
2020-10-20;"Košický kraj";181;14;1;15;NA;99477;182;2020-10-20;3660
2020-10-19;"Košický kraj";64;10;0;10;NA;99477;64;2020-10-19;3478
2020-10-18;"Košický kraj";158;0;0;0;NA;99477;158;2020-10-18;3414
2020-10-17;"Košický kraj";142;0;0;0;NA;99477;142;2020-10-17;3256
2020-10-16;"Košický kraj";206;19;0;19;NA;99477;206;2020-10-16;3114
2020-10-15;"Košický kraj";177;19;5;24;NA;99477;182;2020-10-15;2908
2020-10-14;"Košický kraj";211;8;0;8;NA;99477;211;2020-10-14;2726
2020-10-13;"Košický kraj";179;80;3;83;NA;99477;182;2020-10-13;2515
2020-10-12;"Košický kraj";74;0;0;0;NA;99477;74;2020-10-12;2333
2020-10-11;"Košický kraj";121;0;0;0;NA;99477;121;2020-10-11;2259
2020-10-10;"Košický kraj";70;0;0;0;NA;99477;70;2020-10-10;2138
2020-10-09;"Košický kraj";188;0;0;0;NA;99477;188;2020-10-09;2068
2020-10-08;"Košický kraj";102;0;0;0;NA;99477;102;2020-10-08;1880
2020-10-07;"Košický kraj";158;0;0;0;NA;99477;158;2020-10-07;1778
2020-10-06;"Košický kraj";70;0;0;0;NA;99477;70;2020-10-06;1620
2020-10-05;"Košický kraj";39;0;0;0;NA;99477;39;2020-10-05;1550
2020-10-04;"Košický kraj";45;0;0;0;NA;99477;45;2020-10-04;1511
2020-10-03;"Košický kraj";105;0;0;0;NA;99477;105;2020-10-03;1466
2020-10-02;"Košický kraj";57;0;0;0;NA;99477;57;2020-10-02;1361
2020-10-01;"Košický kraj";69;0;0;0;NA;99477;69;2020-10-01;1304
2020-09-30;"Košický kraj";95;0;0;0;NA;99477;95;2020-09-30;1235
2020-09-29;"Košický kraj";75;0;0;0;NA;99477;75;2020-09-29;1140
2020-09-28;"Košický kraj";19;0;0;0;NA;99477;19;2020-09-28;1065
2020-09-27;"Košický kraj";21;0;0;0;NA;99477;21;2020-09-27;1046
2020-09-26;"Košický kraj";53;0;0;0;NA;99477;53;2020-09-26;1025
2020-09-25;"Košický kraj";72;0;0;0;NA;99477;72;2020-09-25;972
2020-09-24;"Košický kraj";35;0;0;0;NA;99477;35;2020-09-24;900
2020-09-23;"Košický kraj";23;0;0;0;NA;99477;23;2020-09-23;865
2020-09-22;"Košický kraj";39;0;0;0;NA;99477;39;2020-09-22;842
2020-09-21;"Košický kraj";5;0;0;0;NA;99477;5;2020-09-21;803
2020-09-20;"Košický kraj";3;0;0;0;NA;99477;3;2020-09-20;798
2020-09-19;"Košický kraj";13;0;0;0;NA;99477;13;2020-09-19;795
2020-09-18;"Košický kraj";20;0;0;0;NA;99477;20;2020-09-18;782
2020-09-17;"Košický kraj";22;0;0;0;NA;99477;22;2020-09-17;762
2020-09-16;"Košický kraj";12;0;0;0;NA;99477;12;2020-09-16;740
2020-09-15;"Košický kraj";10;0;0;0;NA;99477;10;2020-09-15;728
2020-09-14;"Košický kraj";6;0;0;0;NA;99477;6;2020-09-14;718
2020-09-13;"Košický kraj";3;0;0;0;NA;99477;3;2020-09-13;712
2020-09-12;"Košický kraj";16;0;0;0;NA;99477;16;2020-09-12;709
2020-09-11;"Košický kraj";20;0;0;0;NA;99477;20;2020-09-11;693
2020-09-10;"Košický kraj";11;0;0;0;NA;99477;11;2020-09-10;673
2020-09-09;"Košický kraj";37;0;0;0;NA;99477;37;2020-09-09;662
2020-09-08;"Košický kraj";10;0;0;0;NA;99477;10;2020-09-08;625
2020-09-07;"Košický kraj";4;0;0;0;NA;99477;4;2020-09-07;615
2020-09-06;"Košický kraj";2;0;0;0;NA;99477;2;2020-09-06;611
2020-09-05;"Košický kraj";10;0;0;0;NA;99477;10;2020-09-05;609
2020-09-04;"Košický kraj";14;0;0;0;NA;99477;14;2020-09-04;599
2020-09-03;"Košický kraj";22;0;0;0;NA;99477;22;2020-09-03;585
2020-09-02;"Košický kraj";13;0;0;0;NA;99477;13;2020-09-02;563
2020-09-01;"Košický kraj";21;0;0;0;NA;99477;21;2020-09-01;550
2020-08-31;"Košický kraj";9;0;0;0;NA;99477;9;2020-08-31;529
2020-08-30;"Košický kraj";21;0;0;0;NA;99477;21;2020-08-30;520
2020-08-29;"Košický kraj";1;0;0;0;NA;99477;1;2020-08-29;499
2020-08-28;"Košický kraj";19;0;0;0;NA;99477;19;2020-08-28;498
2020-08-27;"Košický kraj";15;0;0;0;NA;99477;15;2020-08-27;479
2020-08-26;"Košický kraj";8;0;0;0;NA;99477;8;2020-08-26;464
2020-08-25;"Košický kraj";23;0;0;0;NA;99477;23;2020-08-25;456
2020-08-24;"Košický kraj";6;0;0;0;NA;99477;6;2020-08-24;433
2020-08-23;"Košický kraj";8;0;0;0;NA;99477;8;2020-08-23;427
2020-08-22;"Košický kraj";13;0;0;0;NA;99477;13;2020-08-22;419
2020-08-21;"Košický kraj";10;0;0;0;NA;99477;10;2020-08-21;406
2020-08-20;"Košický kraj";10;0;0;0;NA;99477;10;2020-08-20;396
2020-08-19;"Košický kraj";3;0;0;0;NA;99477;3;2020-08-19;386
2020-08-18;"Košický kraj";7;0;0;0;NA;99477;7;2020-08-18;383
2020-08-17;"Košický kraj";2;0;0;0;NA;99477;2;2020-08-17;376
2020-08-16;"Košický kraj";2;0;0;0;NA;99477;2;2020-08-16;374
2020-08-15;"Košický kraj";3;0;0;0;NA;99477;3;2020-08-15;372
2020-08-14;"Košický kraj";1;0;0;0;NA;99477;1;2020-08-14;369
2020-08-13;"Košický kraj";3;0;0;0;NA;99477;3;2020-08-13;368
2020-08-12;"Košický kraj";12;0;0;0;NA;99477;12;2020-08-12;365
2020-08-11;"Košický kraj";5;0;0;0;NA;99477;5;2020-08-11;353
2020-08-10;"Košický kraj";1;0;0;0;NA;99477;1;2020-08-10;348
2020-08-08;"Košický kraj";5;0;0;0;NA;99477;5;2020-08-08;347
2020-08-07;"Košický kraj";7;0;0;0;NA;99477;7;2020-08-07;342
2020-08-06;"Košický kraj";3;0;0;0;NA;99477;3;2020-08-06;335
2020-08-05;"Košický kraj";4;0;0;0;NA;99477;4;2020-08-05;332
2020-08-04;"Košický kraj";1;0;0;0;NA;99477;1;2020-08-04;328
2020-08-03;"Košický kraj";1;0;0;0;NA;99477;1;2020-08-03;327
2020-07-30;"Košický kraj";2;0;0;0;NA;99477;2;2020-07-30;326
2020-07-29;"Košický kraj";1;0;0;0;NA;99477;1;2020-07-29;324
2020-07-28;"Košický kraj";9;0;0;0;NA;99477;9;2020-07-28;323
2020-07-27;"Košický kraj";4;0;0;0;NA;99477;4;2020-07-27;314
2020-07-25;"Košický kraj";2;0;0;0;NA;99477;2;2020-07-25;310
2020-07-24;"Košický kraj";2;0;0;0;NA;99477;2;2020-07-24;308
2020-07-23;"Košický kraj";1;0;0;0;NA;99477;1;2020-07-23;306
2020-07-22;"Košický kraj";1;0;0;0;NA;99477;1;2020-07-22;305
2020-07-18;"Košický kraj";1;0;0;0;NA;99477;1;2020-07-18;304
2020-07-17;"Košický kraj";1;0;0;0;NA;99477;1;2020-07-17;303
2020-07-15;"Košický kraj";2;0;0;0;NA;99477;2;2020-07-15;302
2020-07-14;"Košický kraj";1;0;0;0;NA;99477;1;2020-07-14;300
2020-07-13;"Košický kraj";1;0;0;0;NA;99477;1;2020-07-13;299
2020-07-10;"Košický kraj";1;0;0;0;NA;99477;1;2020-07-10;298
2020-07-09;"Košický kraj";1;0;0;0;NA;99477;1;2020-07-09;297
2020-07-08;"Košický kraj";12;0;0;0;NA;99477;12;2020-07-08;296
2020-07-03;"Košický kraj";1;0;0;0;NA;99477;1;2020-07-03;284
2020-07-01;"Košický kraj";1;0;0;0;NA;99477;1;2020-07-01;283
2020-06-25;"Košický kraj";3;0;0;0;NA;99477;3;2020-06-25;282
2020-06-24;"Košický kraj";3;0;0;0;NA;99477;3;2020-06-24;279
2020-06-23;"Košický kraj";3;0;0;0;NA;99477;3;2020-06-23;276
2020-06-18;"Košický kraj";1;0;0;0;NA;99477;1;2020-06-18;273
2020-06-16;"Košický kraj";2;0;0;0;NA;99477;2;2020-06-16;272
2020-06-10;"Košický kraj";6;0;0;0;NA;99477;6;2020-06-10;270
2020-06-07;"Košický kraj";2;0;0;0;NA;99477;2;2020-06-07;264
2020-06-02;"Košický kraj";1;0;0;0;NA;99477;1;2020-06-02;262
2020-05-29;"Košický kraj";1;0;0;0;NA;99477;1;2020-05-29;261
2020-05-26;"Košický kraj";1;0;0;0;NA;99477;1;2020-05-26;260
2020-05-25;"Košický kraj";1;0;0;0;NA;99477;1;2020-05-25;259
2020-05-20;"Košický kraj";3;0;0;0;NA;99477;3;2020-05-20;258
2020-05-17;"Košický kraj";1;0;0;0;NA;99477;1;2020-05-17;255
2020-05-16;"Košický kraj";1;0;0;0;NA;99477;1;2020-05-16;254
2020-05-15;"Košický kraj";10;0;0;0;NA;99477;10;2020-05-15;253
2020-05-14;"Košický kraj";1;0;0;0;NA;99477;1;2020-05-14;243
2020-05-13;"Košický kraj";6;0;0;0;NA;99477;6;2020-05-13;242
2020-05-06;"Košický kraj";1;0;0;0;NA;99477;1;2020-05-06;236
2020-05-02;"Košický kraj";1;0;0;0;NA;99477;1;2020-05-02;235
2020-04-30;"Košický kraj";1;0;0;0;NA;99477;1;2020-04-30;234
2020-04-29;"Košický kraj";1;0;0;0;NA;99477;1;2020-04-29;233
2020-04-28;"Košický kraj";1;0;0;0;NA;99477;1;2020-04-28;232
2020-04-27;"Košický kraj";1;0;0;0;NA;99477;1;2020-04-27;231
2020-04-24;"Košický kraj";3;0;0;0;NA;99477;3;2020-04-24;230
2020-04-23;"Košický kraj";4;0;0;0;NA;99477;4;2020-04-23;227
2020-04-22;"Košický kraj";21;0;0;0;NA;99477;21;2020-04-22;223
2020-04-21;"Košický kraj";4;0;0;0;NA;99477;4;2020-04-21;202
2020-04-19;"Košický kraj";1;0;0;0;NA;99477;1;2020-04-19;198
2020-04-18;"Košický kraj";2;0;0;0;NA;99477;2;2020-04-18;197
2020-04-17;"Košický kraj";7;0;0;0;NA;99477;7;2020-04-17;195
2020-04-16;"Košický kraj";29;0;0;0;NA;99477;29;2020-04-16;188
2020-04-15;"Košický kraj";50;0;0;0;NA;99477;50;2020-04-15;159
2020-04-14;"Košický kraj";4;0;0;0;NA;99477;4;2020-04-14;109
2020-04-13;"Košický kraj";5;0;0;0;NA;99477;5;2020-04-13;105
2020-04-12;"Košický kraj";4;0;0;0;NA;99477;4;2020-04-12;100
2020-04-11;"Košický kraj";2;0;0;0;NA;99477;2;2020-04-11;96
2020-04-10;"Košický kraj";1;0;0;0;NA;99477;1;2020-04-10;94
2020-04-09;"Košický kraj";4;0;0;0;NA;99477;4;2020-04-09;93
2020-04-08;"Košický kraj";5;0;0;0;NA;99477;5;2020-04-08;89
2020-04-07;"Košický kraj";34;0;0;0;NA;99477;34;2020-04-07;84
2020-04-06;"Košický kraj";6;0;0;0;NA;99477;6;2020-04-06;50
2020-04-05;"Košický kraj";4;0;0;0;NA;99477;4;2020-04-05;44
2020-04-04;"Košický kraj";5;0;0;0;NA;99477;5;2020-04-04;40
2020-04-03;"Košický kraj";4;0;0;0;NA;99477;4;2020-04-03;35
2020-04-02;"Košický kraj";3;0;0;0;NA;99477;3;2020-04-02;31
2020-04-01;"Košický kraj";3;0;0;0;NA;99477;3;2020-04-01;28
2020-03-31;"Košický kraj";1;0;0;0;NA;99477;1;2020-03-31;25
2020-03-30;"Košický kraj";5;0;0;0;NA;99477;5;2020-03-30;24
2020-03-28;"Košický kraj";1;0;0;0;NA;99477;1;2020-03-28;19
2020-03-27;"Košický kraj";1;0;0;0;NA;99477;1;2020-03-27;18
2020-03-26;"Košický kraj";3;0;0;0;NA;99477;3;2020-03-26;17
2020-03-25;"Košický kraj";2;0;0;0;NA;99477;2;2020-03-25;14
2020-03-23;"Košický kraj";2;0;0;0;NA;99477;2;2020-03-23;12
2020-03-21;"Košický kraj";3;0;0;0;NA;99477;3;2020-03-21;10
2020-03-20;"Košický kraj";1;0;0;0;NA;99477;1;2020-03-20;7
2020-03-16;"Košický kraj";3;0;0;0;NA;99477;3;2020-03-16;6
2020-03-15;"Košický kraj";1;0;0;0;NA;99477;1;2020-03-15;3
2020-03-13;"Košický kraj";2;0;0;0;NA;99477;2;2020-03-13;2
2020-03-09;"Košický kraj";1;0;0;0;NA;99477;1;2020-03-09;0
2021-04-09;"Nitriansky kraj";69;9;0;9;37880;105535;69;2021-04-09;105535
2021-04-08;"Nitriansky kraj";71;13207;28;13235;NA;105535;99;2021-04-08;105466
2021-04-07;"Nitriansky kraj";64;18337;43;18380;NA;105535;107;2021-04-07;105367
2021-04-06;"Nitriansky kraj";65;32988;112;33100;NA;105535;177;2021-04-06;105260
2021-04-05;"Nitriansky kraj";37;11377;48;11425;NA;105535;85;2021-04-05;105083
2021-04-04;"Nitriansky kraj";5;5396;16;5412;NA;105535;21;2021-04-04;104998
2021-04-03;"Nitriansky kraj";26;71595;137;71732;NA;105535;163;2021-04-03;104977
2021-04-02;"Nitriansky kraj";32;15517;36;15553;NA;105535;68;2021-04-02;104814
2021-04-01;"Nitriansky kraj";63;23182;77;23259;NA;105535;140;2021-04-01;104746
2021-03-31;"Nitriansky kraj";73;20562;92;20654;NA;105535;165;2021-03-31;104606
2021-03-30;"Nitriansky kraj";125;17010;83;17093;NA;105535;208;2021-03-30;104441
2021-03-29;"Nitriansky kraj";81;24090;96;24186;NA;105535;177;2021-03-29;104233
2021-03-28;"Nitriansky kraj";6;16442;36;16478;NA;105535;42;2021-03-28;104056
2021-03-27;"Nitriansky kraj";39;96306;165;96471;NA;105535;204;2021-03-27;104014
2021-03-26;"Nitriansky kraj";90;40459;115;40574;NA;105535;205;2021-03-26;103810
2021-03-25;"Nitriansky kraj";95;19149;94;19243;NA;105535;189;2021-03-25;103605
2021-03-24;"Nitriansky kraj";90;14784;91;14875;NA;105535;181;2021-03-24;103416
2021-03-23;"Nitriansky kraj";167;16745;66;16811;NA;105535;233;2021-03-23;103235
2021-03-22;"Nitriansky kraj";101;23719;124;23843;NA;105535;225;2021-03-22;103002
2021-03-21;"Nitriansky kraj";27;26335;81;26416;NA;105535;108;2021-03-21;102777
2021-03-20;"Nitriansky kraj";36;99816;207;100023;NA;105535;243;2021-03-20;102669
2021-03-19;"Nitriansky kraj";76;36691;98;36789;NA;105535;174;2021-03-19;102426
2021-03-18;"Nitriansky kraj";103;19717;111;19828;NA;105535;214;2021-03-18;102252
2021-03-17;"Nitriansky kraj";87;15832;127;15959;NA;105535;214;2021-03-17;102038
2021-03-16;"Nitriansky kraj";172;18289;124;18413;NA;105535;296;2021-03-16;101824
2021-03-15;"Nitriansky kraj";130;24491;165;24656;NA;105535;295;2021-03-15;101528
2021-03-14;"Nitriansky kraj";3;13797;28;13825;NA;105535;31;2021-03-14;101233
2021-03-13;"Nitriansky kraj";65;111947;242;112189;NA;105535;307;2021-03-13;101202
2021-03-12;"Nitriansky kraj";127;40499;155;40654;NA;105535;282;2021-03-12;100895
2021-03-11;"Nitriansky kraj";131;18879;132;19011;NA;105535;263;2021-03-11;100613
2021-03-10;"Nitriansky kraj";96;17422;143;17565;NA;105535;239;2021-03-10;100350
2021-03-09;"Nitriansky kraj";260;17615;149;17764;NA;105535;409;2021-03-09;100111
2021-03-08;"Nitriansky kraj";145;27214;172;27386;NA;105535;317;2021-03-08;99702
2021-03-07;"Nitriansky kraj";48;37382;136;37518;NA;105535;184;2021-03-07;99385
2021-03-06;"Nitriansky kraj";86;110858;326;111184;NA;105535;412;2021-03-06;99201
2021-03-05;"Nitriansky kraj";133;39068;200;39268;NA;105535;333;2021-03-05;98789
2021-03-04;"Nitriansky kraj";176;17773;172;17945;NA;105535;348;2021-03-04;98456
2021-03-03;"Nitriansky kraj";172;16976;174;17150;NA;105535;346;2021-03-03;98108
2021-03-02;"Nitriansky kraj";274;20992;366;21358;NA;105535;640;2021-03-02;97762
2021-03-01;"Nitriansky kraj";133;27881;279;28160;NA;105535;412;2021-03-01;97122
2021-02-28;"Nitriansky kraj";80;40866;218;41084;NA;105535;298;2021-02-28;96710
2021-02-27;"Nitriansky kraj";101;99418;487;99905;NA;105535;588;2021-02-27;96412
2021-02-26;"Nitriansky kraj";109;36634;307;36941;NA;105535;416;2021-02-26;95824
2021-02-25;"Nitriansky kraj";188;15082;203;15285;NA;105535;391;2021-02-25;95408
2021-02-24;"Nitriansky kraj";125;13716;256;13972;NA;105535;381;2021-02-24;95017
2021-02-23;"Nitriansky kraj";273;15057;266;15323;NA;105535;539;2021-02-23;94636
2021-02-22;"Nitriansky kraj";154;24806;320;25126;NA;105535;474;2021-02-22;94097
2021-02-21;"Nitriansky kraj";22;38123;281;38404;NA;105535;303;2021-02-21;93623
2021-02-20;"Nitriansky kraj";128;108306;584;108890;NA;105535;712;2021-02-20;93320
2021-02-19;"Nitriansky kraj";173;36853;320;37173;NA;105535;493;2021-02-19;92608
2021-02-18;"Nitriansky kraj";202;16888;280;17168;NA;105535;482;2021-02-18;92115
2021-02-17;"Nitriansky kraj";198;11495;284;11779;NA;105535;482;2021-02-17;91633
2021-02-16;"Nitriansky kraj";284;14293;277;14570;NA;105535;561;2021-02-16;91151
2021-02-15;"Nitriansky kraj";122;26154;458;26612;NA;105535;580;2021-02-15;90590
2021-02-14;"Nitriansky kraj";8;34601;198;34799;NA;105535;206;2021-02-14;90010
2021-02-13;"Nitriansky kraj";127;110035;689;110724;NA;105535;816;2021-02-13;89804
2021-02-12;"Nitriansky kraj";162;33326;396;33722;NA;105535;558;2021-02-12;88988
2021-02-11;"Nitriansky kraj";195;12316;266;12582;NA;105535;461;2021-02-11;88430
2021-02-10;"Nitriansky kraj";186;17532;637;18169;NA;105535;823;2021-02-10;87969
2021-02-09;"Nitriansky kraj";260;18251;377;18628;NA;105535;637;2021-02-09;87146
2021-02-08;"Nitriansky kraj";177;39150;576;39726;NA;105535;753;2021-02-08;86509
2021-02-07;"Nitriansky kraj";20;49686;502;50188;NA;105535;522;2021-02-07;85756
2021-02-06;"Nitriansky kraj";129;101903;778;102681;NA;105535;907;2021-02-06;85234
2021-02-05;"Nitriansky kraj";244;32612;603;33215;NA;105535;847;2021-02-05;84327
2021-02-04;"Nitriansky kraj";308;15627;503;16130;NA;105535;811;2021-02-04;83480
2021-02-03;"Nitriansky kraj";191;11395;350;11745;NA;105535;541;2021-02-03;82669
2021-02-02;"Nitriansky kraj";327;17686;380;18066;NA;105535;707;2021-02-02;82128
2021-02-01;"Nitriansky kraj";221;23939;453;24392;NA;105535;674;2021-02-01;81421
2021-01-31;"Nitriansky kraj";9;45594;484;46078;NA;105535;493;2021-01-31;80747
2021-01-30;"Nitriansky kraj";152;180784;1860;182644;NA;105535;2012;2021-01-30;80254
2021-01-29;"Nitriansky kraj";302;47483;969;48452;NA;105535;1271;2021-01-29;78242
2021-01-28;"Nitriansky kraj";269;22664;784;23448;NA;105535;1053;2021-01-28;76971
2021-01-27;"Nitriansky kraj";235;13476;596;14072;NA;105535;831;2021-01-27;75918
2021-01-26;"Nitriansky kraj";345;31864;897;32761;NA;105535;1242;2021-01-26;75087
2021-01-25;"Nitriansky kraj";201;43284;847;44131;NA;105535;1048;2021-01-25;73845
2021-01-24;"Nitriansky kraj";12;129528;1273;130801;NA;105535;1285;2021-01-24;72797
2021-01-23;"Nitriansky kraj";277;192855;2854;195709;NA;105535;3131;2021-01-23;71512
2021-01-22;"Nitriansky kraj";139;70783;1214;71997;NA;105535;1353;2021-01-22;68381
2021-01-21;"Nitriansky kraj";305;29267;818;30085;NA;105535;1123;2021-01-21;67028
2021-01-20;"Nitriansky kraj";326;23788;1237;25025;NA;105535;1563;2021-01-20;65905
2021-01-19;"Nitriansky kraj";344;21822;1247;23069;NA;105535;1591;2021-01-19;64342
2021-01-18;"Nitriansky kraj";367;17254;985;18239;NA;105535;1352;2021-01-18;62751
2021-01-17;"Nitriansky kraj";97;30122;550;30672;NA;105535;647;2021-01-17;61399
2021-01-16;"Nitriansky kraj";64;72321;1279;73600;NA;105535;1343;2021-01-16;60752
2021-01-15;"Nitriansky kraj";373;31854;943;32797;NA;105535;1316;2021-01-15;59409
2021-01-14;"Nitriansky kraj";627;21118;891;22009;NA;105535;1518;2021-01-14;58093
2021-01-13;"Nitriansky kraj";663;18323;957;19280;NA;105535;1620;2021-01-13;56575
2021-01-12;"Nitriansky kraj";642;17762;1104;18866;NA;105535;1746;2021-01-12;54955
2021-01-11;"Nitriansky kraj";422;17191;1099;18290;NA;105535;1521;2021-01-11;53209
2021-01-10;"Nitriansky kraj";44;39661;1451;41112;NA;105535;1495;2021-01-10;51688
2021-01-09;"Nitriansky kraj";532;73613;2128;75741;NA;105535;2660;2021-01-09;50193
2021-01-08;"Nitriansky kraj";817;28594;1422;30016;NA;105535;2239;2021-01-08;47533
2021-01-07;"Nitriansky kraj";438;21578;1622;23200;NA;105535;2060;2021-01-07;45294
2021-01-06;"Nitriansky kraj";259;6335;388;6723;NA;105535;647;2021-01-06;43234
2021-01-05;"Nitriansky kraj";732;17508;2399;19907;NA;105535;3131;2021-01-05;42587
2021-01-04;"Nitriansky kraj";362;17384;2658;20042;NA;105535;3020;2021-01-04;39456
2021-01-03;"Nitriansky kraj";42;146;28;174;NA;105535;70;2021-01-03;36436
2021-01-02;"Nitriansky kraj";249;2180;52;2232;NA;105535;301;2021-01-02;36366
2021-01-01;"Nitriansky kraj";119;1342;188;1530;NA;105535;307;2021-01-01;36065
2020-12-31;"Nitriansky kraj";786;7646;962;8608;NA;105535;1748;2020-12-31;35758
2020-12-30;"Nitriansky kraj";1094;9587;1163;10750;NA;105535;2257;2020-12-30;34010
2020-12-29;"Nitriansky kraj";607;7999;1270;9269;NA;105535;1877;2020-12-29;31753
2020-12-28;"Nitriansky kraj";83;6853;1267;8120;NA;105535;1350;2020-12-28;29876
2020-12-27;"Nitriansky kraj";22;36;2;38;NA;105535;24;2020-12-27;28526
2020-12-26;"Nitriansky kraj";54;297;56;353;NA;105535;110;2020-12-26;28502
2020-12-25;"Nitriansky kraj";35;47;5;52;NA;105535;40;2020-12-25;28392
2020-12-24;"Nitriansky kraj";514;1839;170;2009;NA;105535;684;2020-12-24;28352
2020-12-23;"Nitriansky kraj";349;15242;837;16079;NA;105535;1186;2020-12-23;27668
2020-12-22;"Nitriansky kraj";673;10567;979;11546;NA;105535;1652;2020-12-22;26482
2020-12-21;"Nitriansky kraj";128;7857;966;8823;NA;105535;1094;2020-12-21;24830
2020-12-20;"Nitriansky kraj";77;50;10;60;NA;105535;87;2020-12-20;23736
2020-12-19;"Nitriansky kraj";262;2259;159;2418;NA;105535;421;2020-12-19;23649
2020-12-18;"Nitriansky kraj";512;8399;550;8949;NA;105535;1062;2020-12-18;23228
2020-12-17;"Nitriansky kraj";586;6820;510;7330;NA;105535;1096;2020-12-17;22166
2020-12-16;"Nitriansky kraj";357;8513;543;9056;NA;105535;900;2020-12-16;21070
2020-12-15;"Nitriansky kraj";461;9035;765;9800;NA;105535;1226;2020-12-15;20170
2020-12-14;"Nitriansky kraj";217;8089;827;8916;NA;105535;1044;2020-12-14;18944
2020-12-13;"Nitriansky kraj";12;9;1;10;NA;105535;13;2020-12-13;17900
2020-12-12;"Nitriansky kraj";341;1832;125;1957;NA;105535;466;2020-12-12;17887
2020-12-11;"Nitriansky kraj";409;5431;416;5847;NA;105535;825;2020-12-11;17421
2020-12-10;"Nitriansky kraj";360;5473;351;5824;NA;105535;711;2020-12-10;16596
2020-12-09;"Nitriansky kraj";362;5506;529;6035;NA;105535;891;2020-12-09;15885
2020-12-08;"Nitriansky kraj";340;8611;589;9200;NA;105535;929;2020-12-08;14994
2020-12-07;"Nitriansky kraj";139;6138;568;6706;NA;105535;707;2020-12-07;14065
2020-12-06;"Nitriansky kraj";15;89;4;93;NA;105535;19;2020-12-06;13358
2020-12-05;"Nitriansky kraj";136;618;14;632;NA;105535;150;2020-12-05;13339
2020-12-04;"Nitriansky kraj";232;2884;74;2958;NA;105535;306;2020-12-04;13189
2020-12-03;"Nitriansky kraj";248;2471;110;2581;NA;105535;358;2020-12-03;12883
2020-12-02;"Nitriansky kraj";252;3664;161;3825;NA;105535;413;2020-12-02;12525
2020-12-01;"Nitriansky kraj";331;2891;131;3022;NA;105535;462;2020-12-01;12112
2020-11-30;"Nitriansky kraj";91;4228;188;4416;NA;105535;279;2020-11-30;11650
2020-11-29;"Nitriansky kraj";3;620;42;662;NA;105535;45;2020-11-29;11371
2020-11-28;"Nitriansky kraj";135;892;31;923;NA;105535;166;2020-11-28;11326
2020-11-27;"Nitriansky kraj";177;1229;43;1272;NA;105535;220;2020-11-27;11160
2020-11-26;"Nitriansky kraj";191;2262;57;2319;NA;105535;248;2020-11-26;10940
2020-11-25;"Nitriansky kraj";325;1993;66;2059;NA;105535;391;2020-11-25;10692
2020-11-24;"Nitriansky kraj";147;1141;50;1191;NA;105535;197;2020-11-24;10301
2020-11-23;"Nitriansky kraj";102;9562;206;9768;NA;105535;308;2020-11-23;10104
2020-11-22;"Nitriansky kraj";7;0;0;0;NA;105535;7;2020-11-22;9796
2020-11-21;"Nitriansky kraj";86;1083;38;1121;NA;105535;124;2020-11-21;9789
2020-11-20;"Nitriansky kraj";264;4020;101;4121;NA;105535;365;2020-11-20;9665
2020-11-19;"Nitriansky kraj";185;2953;133;3086;NA;105535;318;2020-11-19;9300
2020-11-18;"Nitriansky kraj";188;2109;77;2186;NA;105535;265;2020-11-18;8982
2020-11-17;"Nitriansky kraj";178;596;29;625;NA;105535;207;2020-11-17;8717
2020-11-16;"Nitriansky kraj";139;1836;75;1911;NA;105535;214;2020-11-16;8510
2020-11-15;"Nitriansky kraj";14;10;1;11;NA;105535;15;2020-11-15;8296
2020-11-14;"Nitriansky kraj";114;1131;32;1163;NA;105535;146;2020-11-14;8281
2020-11-13;"Nitriansky kraj";210;936;46;982;NA;105535;256;2020-11-13;8135
2020-11-12;"Nitriansky kraj";256;1195;35;1230;NA;105535;291;2020-11-12;7879
2020-11-11;"Nitriansky kraj";279;1247;22;1269;NA;105535;301;2020-11-11;7588
2020-11-10;"Nitriansky kraj";192;2623;39;2662;NA;105535;231;2020-11-10;7287
2020-11-09;"Nitriansky kraj";128;3136;43;3179;NA;105535;171;2020-11-09;7056
2020-11-08;"Nitriansky kraj";43;1462;32;1494;NA;105535;75;2020-11-08;6885
2020-11-07;"Nitriansky kraj";130;1046;4;1050;NA;105535;134;2020-11-07;6810
2020-11-06;"Nitriansky kraj";210;2264;32;2296;NA;105535;242;2020-11-06;6676
2020-11-05;"Nitriansky kraj";178;295;12;307;NA;105535;190;2020-11-05;6434
2020-11-04;"Nitriansky kraj";211;297;16;313;NA;105535;227;2020-11-04;6244
2020-11-03;"Nitriansky kraj";216;435;25;460;NA;105535;241;2020-11-03;6017
2020-11-02;"Nitriansky kraj";171;4208;46;4254;NA;105535;217;2020-11-02;5776
2020-11-01;"Nitriansky kraj";130;2546;27;2573;NA;105535;157;2020-11-01;5559
2020-10-31;"Nitriansky kraj";261;10402;134;10536;NA;105535;395;2020-10-31;5402
2020-10-30;"Nitriansky kraj";204;2380;21;2401;NA;105535;225;2020-10-30;5007
2020-10-29;"Nitriansky kraj";293;841;39;880;NA;105535;332;2020-10-29;4782
2020-10-28;"Nitriansky kraj";216;608;59;667;NA;105535;275;2020-10-28;4450
2020-10-27;"Nitriansky kraj";296;550;47;597;NA;105535;343;2020-10-27;4175
2020-10-26;"Nitriansky kraj";69;633;56;689;NA;105535;125;2020-10-26;3832
2020-10-25;"Nitriansky kraj";50;40;6;46;NA;105535;56;2020-10-25;3707
2020-10-24;"Nitriansky kraj";169;237;11;248;NA;105535;180;2020-10-24;3651
2020-10-23;"Nitriansky kraj";282;762;41;803;NA;105535;323;2020-10-23;3471
2020-10-22;"Nitriansky kraj";137;444;39;483;NA;105535;176;2020-10-22;3148
2020-10-21;"Nitriansky kraj";146;208;3;211;NA;105535;149;2020-10-21;2972
2020-10-20;"Nitriansky kraj";197;78;6;84;NA;105535;203;2020-10-20;2823
2020-10-19;"Nitriansky kraj";148;79;1;80;NA;105535;149;2020-10-19;2620
2020-10-18;"Nitriansky kraj";22;0;0;0;NA;105535;22;2020-10-18;2471
2020-10-17;"Nitriansky kraj";67;0;0;0;NA;105535;67;2020-10-17;2449
2020-10-16;"Nitriansky kraj";133;28;3;31;NA;105535;136;2020-10-16;2382
2020-10-15;"Nitriansky kraj";106;31;2;33;NA;105535;108;2020-10-15;2246
2020-10-14;"Nitriansky kraj";80;22;4;26;NA;105535;84;2020-10-14;2138
2020-10-13;"Nitriansky kraj";101;82;2;84;NA;105535;103;2020-10-13;2054
2020-10-12;"Nitriansky kraj";36;0;0;0;NA;105535;36;2020-10-12;1951
2020-10-11;"Nitriansky kraj";8;0;0;0;NA;105535;8;2020-10-11;1915
2020-10-10;"Nitriansky kraj";107;0;0;0;NA;105535;107;2020-10-10;1907
2020-10-09;"Nitriansky kraj";120;0;0;0;NA;105535;120;2020-10-09;1800
2020-10-08;"Nitriansky kraj";132;0;0;0;NA;105535;132;2020-10-08;1680
2020-10-07;"Nitriansky kraj";81;0;0;0;NA;105535;81;2020-10-07;1548
2020-10-06;"Nitriansky kraj";48;0;0;0;NA;105535;48;2020-10-06;1467
2020-10-05;"Nitriansky kraj";20;0;0;0;NA;105535;20;2020-10-05;1419
2020-10-04;"Nitriansky kraj";17;0;0;0;NA;105535;17;2020-10-04;1399
2020-10-03;"Nitriansky kraj";96;0;0;0;NA;105535;96;2020-10-03;1382
2020-10-02;"Nitriansky kraj";108;0;0;0;NA;105535;108;2020-10-02;1286
2020-10-01;"Nitriansky kraj";95;0;0;0;NA;105535;95;2020-10-01;1178
2020-09-30;"Nitriansky kraj";100;0;0;0;NA;105535;100;2020-09-30;1083
2020-09-29;"Nitriansky kraj";50;0;0;0;NA;105535;50;2020-09-29;983
2020-09-28;"Nitriansky kraj";22;0;0;0;NA;105535;22;2020-09-28;933
2020-09-27;"Nitriansky kraj";16;0;0;0;NA;105535;16;2020-09-27;911
2020-09-26;"Nitriansky kraj";64;0;0;0;NA;105535;64;2020-09-26;895
2020-09-25;"Nitriansky kraj";90;0;0;0;NA;105535;90;2020-09-25;831
2020-09-24;"Nitriansky kraj";51;0;0;0;NA;105535;51;2020-09-24;741
2020-09-23;"Nitriansky kraj";70;0;0;0;NA;105535;70;2020-09-23;690
2020-09-22;"Nitriansky kraj";18;0;0;0;NA;105535;18;2020-09-22;620
2020-09-21;"Nitriansky kraj";10;0;0;0;NA;105535;10;2020-09-21;602
2020-09-20;"Nitriansky kraj";4;0;0;0;NA;105535;4;2020-09-20;592
2020-09-19;"Nitriansky kraj";14;0;0;0;NA;105535;14;2020-09-19;588
2020-09-18;"Nitriansky kraj";19;0;0;0;NA;105535;19;2020-09-18;574
2020-09-17;"Nitriansky kraj";30;0;0;0;NA;105535;30;2020-09-17;555
2020-09-16;"Nitriansky kraj";6;0;0;0;NA;105535;6;2020-09-16;525
2020-09-15;"Nitriansky kraj";19;0;0;0;NA;105535;19;2020-09-15;519
2020-09-14;"Nitriansky kraj";28;0;0;0;NA;105535;28;2020-09-14;500
2020-09-13;"Nitriansky kraj";3;0;0;0;NA;105535;3;2020-09-13;472
2020-09-12;"Nitriansky kraj";12;0;0;0;NA;105535;12;2020-09-12;469
2020-09-11;"Nitriansky kraj";23;0;0;0;NA;105535;23;2020-09-11;457
2020-09-10;"Nitriansky kraj";29;0;0;0;NA;105535;29;2020-09-10;434
2020-09-09;"Nitriansky kraj";19;0;0;0;NA;105535;19;2020-09-09;405
2020-09-08;"Nitriansky kraj";17;0;0;0;NA;105535;17;2020-09-08;386
2020-09-07;"Nitriansky kraj";17;0;0;0;NA;105535;17;2020-09-07;369
2020-09-05;"Nitriansky kraj";22;0;0;0;NA;105535;22;2020-09-05;352
2020-09-04;"Nitriansky kraj";34;0;0;0;NA;105535;34;2020-09-04;330
2020-09-03;"Nitriansky kraj";15;0;0;0;NA;105535;15;2020-09-03;296
2020-09-02;"Nitriansky kraj";15;0;0;0;NA;105535;15;2020-09-02;281
2020-09-01;"Nitriansky kraj";2;0;0;0;NA;105535;2;2020-09-01;266
2020-08-31;"Nitriansky kraj";12;0;0;0;NA;105535;12;2020-08-31;264
2020-08-30;"Nitriansky kraj";1;0;0;0;NA;105535;1;2020-08-30;252
2020-08-29;"Nitriansky kraj";7;0;0;0;NA;105535;7;2020-08-29;251
2020-08-28;"Nitriansky kraj";12;0;0;0;NA;105535;12;2020-08-28;244
2020-08-27;"Nitriansky kraj";12;0;0;0;NA;105535;12;2020-08-27;232
2020-08-26;"Nitriansky kraj";4;0;0;0;NA;105535;4;2020-08-26;220
2020-08-25;"Nitriansky kraj";8;0;0;0;NA;105535;8;2020-08-25;216
2020-08-24;"Nitriansky kraj";1;0;0;0;NA;105535;1;2020-08-24;208
2020-08-23;"Nitriansky kraj";1;0;0;0;NA;105535;1;2020-08-23;207
2020-08-22;"Nitriansky kraj";2;0;0;0;NA;105535;2;2020-08-22;206
2020-08-20;"Nitriansky kraj";7;0;0;0;NA;105535;7;2020-08-20;204
2020-08-19;"Nitriansky kraj";1;0;0;0;NA;105535;1;2020-08-19;197
2020-08-18;"Nitriansky kraj";2;0;0;0;NA;105535;2;2020-08-18;196
2020-08-17;"Nitriansky kraj";1;0;0;0;NA;105535;1;2020-08-17;194
2020-08-15;"Nitriansky kraj";2;0;0;0;NA;105535;2;2020-08-15;193
2020-08-14;"Nitriansky kraj";1;0;0;0;NA;105535;1;2020-08-14;191
2020-08-13;"Nitriansky kraj";4;0;0;0;NA;105535;4;2020-08-13;190
2020-08-11;"Nitriansky kraj";1;0;0;0;NA;105535;1;2020-08-11;186
2020-08-07;"Nitriansky kraj";4;0;0;0;NA;105535;4;2020-08-07;185
2020-08-06;"Nitriansky kraj";4;0;0;0;NA;105535;4;2020-08-06;181
2020-08-04;"Nitriansky kraj";7;0;0;0;NA;105535;7;2020-08-04;177
2020-07-24;"Nitriansky kraj";1;0;0;0;NA;105535;1;2020-07-24;170
2020-07-23;"Nitriansky kraj";3;0;0;0;NA;105535;3;2020-07-23;169
2020-07-22;"Nitriansky kraj";2;0;0;0;NA;105535;2;2020-07-22;166
2020-07-21;"Nitriansky kraj";14;0;0;0;NA;105535;14;2020-07-21;164
2020-07-20;"Nitriansky kraj";11;0;0;0;NA;105535;11;2020-07-20;150
2020-07-16;"Nitriansky kraj";4;0;0;0;NA;105535;4;2020-07-16;139
2020-07-15;"Nitriansky kraj";5;0;0;0;NA;105535;5;2020-07-15;135
2020-07-09;"Nitriansky kraj";1;0;0;0;NA;105535;1;2020-07-09;130
2020-07-08;"Nitriansky kraj";2;0;0;0;NA;105535;2;2020-07-08;129
2020-07-01;"Nitriansky kraj";3;0;0;0;NA;105535;3;2020-07-01;127
2020-06-24;"Nitriansky kraj";1;0;0;0;NA;105535;1;2020-06-24;124
2020-06-10;"Nitriansky kraj";1;0;0;0;NA;105535;1;2020-06-10;123
2020-06-09;"Nitriansky kraj";1;0;0;0;NA;105535;1;2020-06-09;122
2020-06-02;"Nitriansky kraj";1;0;0;0;NA;105535;1;2020-06-02;121
2020-05-24;"Nitriansky kraj";2;0;0;0;NA;105535;2;2020-05-24;120
2020-05-22;"Nitriansky kraj";1;0;0;0;NA;105535;1;2020-05-22;118
2020-05-15;"Nitriansky kraj";1;0;0;0;NA;105535;1;2020-05-15;117
2020-05-11;"Nitriansky kraj";2;0;0;0;NA;105535;2;2020-05-11;116
2020-05-07;"Nitriansky kraj";1;0;0;0;NA;105535;1;2020-05-07;114
2020-05-06;"Nitriansky kraj";9;0;0;0;NA;105535;9;2020-05-06;113
2020-05-04;"Nitriansky kraj";5;0;0;0;NA;105535;5;2020-05-04;104
2020-05-03;"Nitriansky kraj";2;0;0;0;NA;105535;2;2020-05-03;99
2020-05-01;"Nitriansky kraj";1;0;0;0;NA;105535;1;2020-05-01;97
2020-04-28;"Nitriansky kraj";1;0;0;0;NA;105535;1;2020-04-28;96
2020-04-23;"Nitriansky kraj";3;0;0;0;NA;105535;3;2020-04-23;95
2020-04-22;"Nitriansky kraj";16;0;0;0;NA;105535;16;2020-04-22;92
2020-04-21;"Nitriansky kraj";6;0;0;0;NA;105535;6;2020-04-21;76
2020-04-20;"Nitriansky kraj";5;0;0;0;NA;105535;5;2020-04-20;70
2020-04-17;"Nitriansky kraj";7;0;0;0;NA;105535;7;2020-04-17;65
2020-04-15;"Nitriansky kraj";6;0;0;0;NA;105535;6;2020-04-15;58
2020-04-14;"Nitriansky kraj";2;0;0;0;NA;105535;2;2020-04-14;52
2020-04-13;"Nitriansky kraj";1;0;0;0;NA;105535;1;2020-04-13;50
2020-04-12;"Nitriansky kraj";3;0;0;0;NA;105535;3;2020-04-12;49
2020-04-11;"Nitriansky kraj";1;0;0;0;NA;105535;1;2020-04-11;46
2020-04-10;"Nitriansky kraj";1;0;0;0;NA;105535;1;2020-04-10;45
2020-04-08;"Nitriansky kraj";2;0;0;0;NA;105535;2;2020-04-08;44
2020-04-07;"Nitriansky kraj";3;0;0;0;NA;105535;3;2020-04-07;42
2020-04-06;"Nitriansky kraj";4;0;0;0;NA;105535;4;2020-04-06;39
2020-04-05;"Nitriansky kraj";5;0;0;0;NA;105535;5;2020-04-05;35
2020-04-02;"Nitriansky kraj";1;0;0;0;NA;105535;1;2020-04-02;30
2020-03-31;"Nitriansky kraj";3;0;0;0;NA;105535;3;2020-03-31;29
2020-03-30;"Nitriansky kraj";3;0;0;0;NA;105535;3;2020-03-30;26
2020-03-29;"Nitriansky kraj";3;0;0;0;NA;105535;3;2020-03-29;23
2020-03-28;"Nitriansky kraj";1;0;0;0;NA;105535;1;2020-03-28;20
2020-03-27;"Nitriansky kraj";1;0;0;0;NA;105535;1;2020-03-27;19
2020-03-26;"Nitriansky kraj";1;0;0;0;NA;105535;1;2020-03-26;18
2020-03-25;"Nitriansky kraj";1;0;0;0;NA;105535;1;2020-03-25;17
2020-03-23;"Nitriansky kraj";2;0;0;0;NA;105535;2;2020-03-23;16
2020-03-22;"Nitriansky kraj";2;0;0;0;NA;105535;2;2020-03-22;14
2020-03-21;"Nitriansky kraj";2;0;0;0;NA;105535;2;2020-03-21;12
2020-03-20;"Nitriansky kraj";1;0;0;0;NA;105535;1;2020-03-20;10
2020-03-19;"Nitriansky kraj";1;0;0;0;NA;105535;1;2020-03-19;9
2020-03-18;"Nitriansky kraj";2;0;0;0;NA;105535;2;2020-03-18;8
2020-03-17;"Nitriansky kraj";1;0;0;0;NA;105535;1;2020-03-17;6
2020-03-15;"Nitriansky kraj";4;0;0;0;NA;105535;4;2020-03-15;5
2020-03-14;"Nitriansky kraj";1;0;0;0;NA;105535;1;2020-03-14;1
2021-04-09;"Prešovský kraj";255;13;0;13;55929;113522;255;2021-04-09;113522
2021-04-08;"Prešovský kraj";192;16791;146;16937;NA;113522;338;2021-04-08;113267
2021-04-07;"Prešovský kraj";314;26440;151;26591;NA;113522;465;2021-04-07;112929
2021-04-06;"Prešovský kraj";231;39438;260;39698;NA;113522;491;2021-04-06;112464
2021-04-05;"Prešovský kraj";54;15628;117;15745;NA;113522;171;2021-04-05;111973
2021-04-04;"Prešovský kraj";31;12138;67;12205;NA;113522;98;2021-04-04;111802
2021-04-03;"Prešovský kraj";104;87259;314;87573;NA;113522;418;2021-04-03;111704
2021-04-02;"Prešovský kraj";194;23521;134;23655;NA;113522;328;2021-04-02;111286
2021-04-01;"Prešovský kraj";256;41960;194;42154;NA;113522;450;2021-04-01;110958
2021-03-31;"Prešovský kraj";311;29283;226;29509;NA;113522;537;2021-03-31;110508
2021-03-30;"Prešovský kraj";374;20764;203;20967;NA;113522;577;2021-03-30;109971
2021-03-29;"Prešovský kraj";219;24553;201;24754;NA;113522;420;2021-03-29;109394
2021-03-28;"Prešovský kraj";26;39781;228;40009;NA;113522;254;2021-03-28;108974
2021-03-27;"Prešovský kraj";181;88461;373;88834;NA;113522;554;2021-03-27;108720
2021-03-26;"Prešovský kraj";310;47750;299;48049;NA;113522;609;2021-03-26;108166
2021-03-25;"Prešovský kraj";248;21528;209;21737;NA;113522;457;2021-03-25;107557
2021-03-24;"Prešovský kraj";381;19538;213;19751;NA;113522;594;2021-03-24;107100
2021-03-23;"Prešovský kraj";241;20053;254;20307;NA;113522;495;2021-03-23;106506
2021-03-22;"Prešovský kraj";299;28490;286;28776;NA;113522;585;2021-03-22;106011
2021-03-21;"Prešovský kraj";32;40945;237;41182;NA;113522;269;2021-03-21;105426
2021-03-20;"Prešovský kraj";180;85212;404;85616;NA;113522;584;2021-03-20;105157
2021-03-19;"Prešovský kraj";373;46196;320;46516;NA;113522;693;2021-03-19;104573
2021-03-18;"Prešovský kraj";251;21654;217;21871;NA;113522;468;2021-03-18;103880
2021-03-17;"Prešovský kraj";331;20885;230;21115;NA;113522;561;2021-03-17;103412
2021-03-16;"Prešovský kraj";461;21098;277;21375;NA;113522;738;2021-03-16;102851
2021-03-15;"Prešovský kraj";370;28382;316;28698;NA;113522;686;2021-03-15;102113
2021-03-14;"Prešovský kraj";52;38690;295;38985;NA;113522;347;2021-03-14;101427
2021-03-13;"Prešovský kraj";200;89169;519;89688;NA;113522;719;2021-03-13;101080
2021-03-12;"Prešovský kraj";425;46806;364;47170;NA;113522;789;2021-03-12;100361
2021-03-11;"Prešovský kraj";463;21770;253;22023;NA;113522;716;2021-03-11;99572
2021-03-10;"Prešovský kraj";325;20574;293;20867;NA;113522;618;2021-03-10;98856
2021-03-09;"Prešovský kraj";505;21182;287;21469;NA;113522;792;2021-03-09;98238
2021-03-08;"Prešovský kraj";314;28413;331;28744;NA;113522;645;2021-03-08;97446
2021-03-07;"Prešovský kraj";19;22329;193;22522;NA;113522;212;2021-03-07;96801
2021-03-06;"Prešovský kraj";193;95102;589;95691;NA;113522;782;2021-03-06;96589
2021-03-05;"Prešovský kraj";497;44574;374;44948;NA;113522;871;2021-03-05;95807
2021-03-04;"Prešovský kraj";372;22515;355;22870;NA;113522;727;2021-03-04;94936
2021-03-03;"Prešovský kraj";397;21145;328;21473;NA;113522;725;2021-03-03;94209
2021-03-02;"Prešovský kraj";421;22311;355;22666;NA;113522;776;2021-03-02;93484
2021-03-01;"Prešovský kraj";303;27410;406;27816;NA;113522;709;2021-03-01;92708
2021-02-28;"Prešovský kraj";75;35933;283;36216;NA;113522;358;2021-02-28;91999
2021-02-27;"Prešovský kraj";273;88154;721;88875;NA;113522;994;2021-02-27;91641
2021-02-26;"Prešovský kraj";455;41257;439;41696;NA;113522;894;2021-02-26;90647
2021-02-25;"Prešovský kraj";270;19310;335;19645;NA;113522;605;2021-02-25;89753
2021-02-24;"Prešovský kraj";328;18591;372;18963;NA;113522;700;2021-02-24;89148
2021-02-23;"Prešovský kraj";430;20754;338;21092;NA;113522;768;2021-02-23;88448
2021-02-22;"Prešovský kraj";351;26801;351;27152;NA;113522;702;2021-02-22;87680
2021-02-21;"Prešovský kraj";66;29477;273;29750;NA;113522;339;2021-02-21;86978
2021-02-20;"Prešovský kraj";129;58956;425;59381;NA;113522;554;2021-02-20;86639
2021-02-19;"Prešovský kraj";381;38024;419;38443;NA;113522;800;2021-02-19;86085
2021-02-18;"Prešovský kraj";268;16637;310;16947;NA;113522;578;2021-02-18;85285
2021-02-17;"Prešovský kraj";293;17128;238;17366;NA;113522;531;2021-02-17;84707
2021-02-16;"Prešovský kraj";422;18331;261;18592;NA;113522;683;2021-02-16;84176
2021-02-15;"Prešovský kraj";211;30665;297;30962;NA;113522;508;2021-02-15;83493
2021-02-14;"Prešovský kraj";27;32234;273;32507;NA;113522;300;2021-02-14;82985
2021-02-13;"Prešovský kraj";157;73367;389;73756;NA;113522;546;2021-02-13;82685
2021-02-12;"Prešovský kraj";308;38348;359;38707;NA;113522;667;2021-02-12;82139
2021-02-11;"Prešovský kraj";218;15087;221;15308;NA;113522;439;2021-02-11;81472
2021-02-10;"Prešovský kraj";220;18158;277;18435;NA;113522;497;2021-02-10;81033
2021-02-09;"Prešovský kraj";323;21180;368;21548;NA;113522;691;2021-02-09;80536
2021-02-08;"Prešovský kraj";161;36854;255;37109;NA;113522;416;2021-02-08;79845
2021-02-07;"Prešovský kraj";21;24174;157;24331;NA;113522;178;2021-02-07;79429
2021-02-06;"Prešovský kraj";176;68910;359;69269;NA;113522;535;2021-02-06;79251
2021-02-05;"Prešovský kraj";177;29963;253;30216;NA;113522;430;2021-02-05;78716
2021-02-04;"Prešovský kraj";176;12754;230;12984;NA;113522;406;2021-02-04;78286
2021-02-03;"Prešovský kraj";251;8121;229;8350;NA;113522;480;2021-02-03;77880
2021-02-02;"Prešovský kraj";249;11854;272;12126;NA;113522;521;2021-02-02;77400
2021-02-01;"Prešovský kraj";220;15863;314;16177;NA;113522;534;2021-02-01;76879
2021-01-31;"Prešovský kraj";42;3246;76;3322;NA;113522;118;2021-01-31;76345
2021-01-30;"Prešovský kraj";142;47878;430;48308;NA;113522;572;2021-01-30;76227
2021-01-29;"Prešovský kraj";185;35848;652;36500;NA;113522;837;2021-01-29;75655
2021-01-28;"Prešovský kraj";311;17070;314;17384;NA;113522;625;2021-01-28;74818
2021-01-27;"Prešovský kraj";153;19484;288;19772;NA;113522;441;2021-01-27;74193
2021-01-26;"Prešovský kraj";252;33296;302;33598;NA;113522;554;2021-01-26;73752
2021-01-25;"Prešovský kraj";196;56820;496;57316;NA;113522;692;2021-01-25;73198
2021-01-24;"Prešovský kraj";12;58392;464;58856;NA;113522;476;2021-01-24;72506
2021-01-23;"Prešovský kraj";189;179795;871;180666;NA;113522;1060;2021-01-23;72030
2021-01-22;"Prešovský kraj";187;69399;508;69907;NA;113522;695;2021-01-22;70970
2021-01-21;"Prešovský kraj";187;40344;420;40764;NA;113522;607;2021-01-21;70275
2021-01-20;"Prešovský kraj";253;28960;390;29350;NA;113522;643;2021-01-20;69668
2021-01-19;"Prešovský kraj";281;24692;610;25302;NA;113522;891;2021-01-19;69025
2021-01-18;"Prešovský kraj";203;20844;672;21516;NA;113522;875;2021-01-18;68134
2021-01-17;"Prešovský kraj";107;28782;2016;30798;NA;113522;2123;2021-01-17;67259
2021-01-16;"Prešovský kraj";72;3166;152;3318;NA;113522;224;2021-01-16;65136
2021-01-15;"Prešovský kraj";159;13328;464;13792;NA;113522;623;2021-01-15;64912
2021-01-14;"Prešovský kraj";268;11052;504;11556;NA;113522;772;2021-01-14;64289
2021-01-13;"Prešovský kraj";342;11094;436;11530;NA;113522;778;2021-01-13;63517
2021-01-12;"Prešovský kraj";455;16974;818;17792;NA;113522;1273;2021-01-12;62739
2021-01-11;"Prešovský kraj";343;16702;958;17660;NA;113522;1301;2021-01-11;61466
2021-01-10;"Prešovský kraj";63;952;46;998;NA;113522;109;2021-01-10;60165
2021-01-09;"Prešovský kraj";439;4496;250;4746;NA;113522;689;2021-01-09;60056
2021-01-08;"Prešovský kraj";430;21730;1144;22874;NA;113522;1574;2021-01-08;59367
2021-01-07;"Prešovský kraj";268;15374;1278;16652;NA;113522;1546;2021-01-07;57793
2021-01-06;"Prešovský kraj";315;2968;268;3236;NA;113522;583;2021-01-06;56247
2021-01-05;"Prešovský kraj";655;23182;2006;25188;NA;113522;2661;2021-01-05;55664
2021-01-04;"Prešovský kraj";371;34370;3624;37994;NA;113522;3995;2021-01-04;53003
2021-01-03;"Prešovský kraj";89;514;74;588;NA;113522;163;2021-01-03;49008
2021-01-02;"Prešovský kraj";65;3112;320;3432;NA;113522;385;2021-01-02;48845
2021-01-01;"Prešovský kraj";174;1828;140;1968;NA;113522;314;2021-01-01;48460
2020-12-31;"Prešovský kraj";640;11959;783;12742;NA;113522;1423;2020-12-31;48146
2020-12-30;"Prešovský kraj";729;9065;802;9867;NA;113522;1531;2020-12-30;46723
2020-12-29;"Prešovský kraj";435;8777;904;9681;NA;113522;1339;2020-12-29;45192
2020-12-28;"Prešovský kraj";393;9046;1079;10125;NA;113522;1472;2020-12-28;43853
2020-12-27;"Prešovský kraj";40;571;39;610;NA;113522;79;2020-12-27;42381
2020-12-26;"Prešovský kraj";64;176;12;188;NA;113522;76;2020-12-26;42302
2020-12-25;"Prešovský kraj";208;267;10;277;NA;113522;218;2020-12-25;42226
2020-12-24;"Prešovský kraj";452;1214;85;1299;NA;113522;537;2020-12-24;42008
2020-12-23;"Prešovský kraj";361;11369;635;12004;NA;113522;996;2020-12-23;41471
2020-12-22;"Prešovský kraj";439;9371;710;10081;NA;113522;1149;2020-12-22;40475
2020-12-21;"Prešovský kraj";432;9911;880;10791;NA;113522;1312;2020-12-21;39326
2020-12-20;"Prešovský kraj";184;396;20;416;NA;113522;204;2020-12-20;38014
2020-12-19;"Prešovský kraj";276;1658;151;1809;NA;113522;427;2020-12-19;37810
2020-12-18;"Prešovský kraj";396;8845;595;9440;NA;113522;991;2020-12-18;37383
2020-12-17;"Prešovský kraj";427;10826;891;11717;NA;113522;1318;2020-12-17;36392
2020-12-16;"Prešovský kraj";466;6017;508;6525;NA;113522;974;2020-12-16;35074
2020-12-15;"Prešovský kraj";411;5685;584;6269;NA;113522;995;2020-12-15;34100
2020-12-14;"Prešovský kraj";334;5767;508;6275;NA;113522;842;2020-12-14;33105
2020-12-13;"Prešovský kraj";89;29;8;37;NA;113522;97;2020-12-13;32263
2020-12-12;"Prešovský kraj";319;2474;166;2640;NA;113522;485;2020-12-12;32166
2020-12-11;"Prešovský kraj";560;5602;402;6004;NA;113522;962;2020-12-11;31681
2020-12-10;"Prešovský kraj";337;5180;440;5620;NA;113522;777;2020-12-10;30719
2020-12-09;"Prešovský kraj";358;4357;314;4671;NA;113522;672;2020-12-09;29942
2020-12-08;"Prešovský kraj";350;6629;651;7280;NA;113522;1001;2020-12-08;29270
2020-12-07;"Prešovský kraj";309;4345;327;4672;NA;113522;636;2020-12-07;28269
2020-12-06;"Prešovský kraj";59;358;26;384;NA;113522;85;2020-12-06;27633
2020-12-05;"Prešovský kraj";218;984;87;1071;NA;113522;305;2020-12-05;27548
2020-12-04;"Prešovský kraj";352;5070;293;5363;NA;113522;645;2020-12-04;27243
2020-12-03;"Prešovský kraj";284;2456;179;2635;NA;113522;463;2020-12-03;26598
2020-12-02;"Prešovský kraj";232;2830;225;3055;NA;113522;457;2020-12-02;26135
2020-12-01;"Prešovský kraj";281;1884;196;2080;NA;113522;477;2020-12-01;25678
2020-11-30;"Prešovský kraj";196;5333;97;5430;NA;113522;293;2020-11-30;25201
2020-11-29;"Prešovský kraj";27;379;42;421;NA;113522;69;2020-11-29;24908
2020-11-28;"Prešovský kraj";199;682;62;744;NA;113522;261;2020-11-28;24839
2020-11-27;"Prešovský kraj";232;2135;119;2254;NA;113522;351;2020-11-27;24578
2020-11-26;"Prešovský kraj";263;2787;312;3099;NA;113522;575;2020-11-26;24227
2020-11-25;"Prešovský kraj";302;1642;78;1720;NA;113522;380;2020-11-25;23652
2020-11-24;"Prešovský kraj";365;1662;140;1802;NA;113522;505;2020-11-24;23272
2020-11-23;"Prešovský kraj";164;842;42;884;NA;113522;206;2020-11-23;22767
2020-11-22;"Prešovský kraj";46;30;1;31;NA;113522;47;2020-11-22;22561
2020-11-21;"Prešovský kraj";205;689;57;746;NA;113522;262;2020-11-21;22514
2020-11-20;"Prešovský kraj";363;2063;98;2161;NA;113522;461;2020-11-20;22252
2020-11-19;"Prešovský kraj";359;1973;229;2202;NA;113522;588;2020-11-19;21791
2020-11-18;"Prešovský kraj";270;373;32;405;NA;113522;302;2020-11-18;21203
2020-11-17;"Prešovský kraj";347;151;17;168;NA;113522;364;2020-11-17;20901
2020-11-16;"Prešovský kraj";226;382;51;433;NA;113522;277;2020-11-16;20537
2020-11-15;"Prešovský kraj";186;39;4;43;NA;113522;190;2020-11-15;20260
2020-11-14;"Prešovský kraj";261;54;4;58;NA;113522;265;2020-11-14;20070
2020-11-13;"Prešovský kraj";395;166;8;174;NA;113522;403;2020-11-13;19805
2020-11-12;"Prešovský kraj";397;229;50;279;NA;113522;447;2020-11-12;19402
2020-11-11;"Prešovský kraj";516;161;15;176;NA;113522;531;2020-11-11;18955
2020-11-10;"Prešovský kraj";437;197;9;206;NA;113522;446;2020-11-10;18424
2020-11-09;"Prešovský kraj";190;4106;945;5051;NA;113522;1135;2020-11-09;17978
2020-11-08;"Prešovský kraj";97;2817;32;2849;NA;113522;129;2020-11-08;16843
2020-11-07;"Prešovský kraj";416;8578;81;8659;NA;113522;497;2020-11-07;16714
2020-11-06;"Prešovský kraj";520;4791;76;4867;NA;113522;596;2020-11-06;16217
2020-11-05;"Prešovský kraj";397;180;5;185;NA;113522;402;2020-11-05;15621
2020-11-04;"Prešovský kraj";350;807;8;815;NA;113522;358;2020-11-04;15219
2020-11-03;"Prešovský kraj";565;98;12;110;NA;113522;577;2020-11-03;14861
2020-11-02;"Prešovský kraj";203;4158;1004;5162;NA;113522;1207;2020-11-02;14284
2020-11-01;"Prešovský kraj";386;2906;53;2959;NA;113522;439;2020-11-01;13077
2020-10-31;"Prešovský kraj";315;10497;170;10667;NA;113522;485;2020-10-31;12638
2020-10-30;"Prešovský kraj";552;2949;65;3014;NA;113522;617;2020-10-30;12153
2020-10-29;"Prešovský kraj";594;301;38;339;NA;113522;632;2020-10-29;11536
2020-10-28;"Prešovský kraj";617;291;46;337;NA;113522;663;2020-10-28;10904
2020-10-27;"Prešovský kraj";656;268;34;302;NA;113522;690;2020-10-27;10241
2020-10-26;"Prešovský kraj";137;363;57;420;NA;113522;194;2020-10-26;9551
2020-10-25;"Prešovský kraj";237;346;11;357;NA;113522;248;2020-10-25;9357
2020-10-24;"Prešovský kraj";719;200;12;212;NA;113522;731;2020-10-24;9109
2020-10-23;"Prešovský kraj";750;218;8;226;NA;113522;758;2020-10-23;8378
2020-10-22;"Prešovský kraj";646;396;30;426;NA;113522;676;2020-10-22;7620
2020-10-21;"Prešovský kraj";383;58;8;66;NA;113522;391;2020-10-21;6944
2020-10-20;"Prešovský kraj";493;65;7;72;NA;113522;500;2020-10-20;6553
2020-10-19;"Prešovský kraj";140;235;15;250;NA;113522;155;2020-10-19;6053
2020-10-18;"Prešovský kraj";209;0;0;0;NA;113522;209;2020-10-18;5898
2020-10-17;"Prešovský kraj";342;0;0;0;NA;113522;342;2020-10-17;5689
2020-10-16;"Prešovský kraj";388;57;3;60;NA;113522;391;2020-10-16;5347
2020-10-15;"Prešovský kraj";435;85;18;103;NA;113522;453;2020-10-15;4956
2020-10-14;"Prešovský kraj";451;54;10;64;NA;113522;461;2020-10-14;4503
2020-10-13;"Prešovský kraj";264;50;6;56;NA;113522;270;2020-10-13;4042
2020-10-12;"Prešovský kraj";214;334;35;369;NA;113522;249;2020-10-12;3772
2020-10-11;"Prešovský kraj";127;0;0;0;NA;113522;127;2020-10-11;3523
2020-10-10;"Prešovský kraj";248;0;0;0;NA;113522;248;2020-10-10;3396
2020-10-09;"Prešovský kraj";406;0;0;0;NA;113522;406;2020-10-09;3148
2020-10-08;"Prešovský kraj";245;0;0;0;NA;113522;245;2020-10-08;2742
2020-10-07;"Prešovský kraj";244;0;0;0;NA;113522;244;2020-10-07;2497
2020-10-06;"Prešovský kraj";166;0;0;0;NA;113522;166;2020-10-06;2253
2020-10-05;"Prešovský kraj";84;0;0;0;NA;113522;84;2020-10-05;2087
2020-10-04;"Prešovský kraj";118;0;0;0;NA;113522;118;2020-10-04;2003
2020-10-03;"Prešovský kraj";204;0;0;0;NA;113522;204;2020-10-03;1885
2020-10-02;"Prešovský kraj";149;0;0;0;NA;113522;149;2020-10-02;1681
2020-10-01;"Prešovský kraj";136;0;0;0;NA;113522;136;2020-10-01;1532
2020-09-30;"Prešovský kraj";121;0;0;0;NA;113522;121;2020-09-30;1396
2020-09-29;"Prešovský kraj";156;0;0;0;NA;113522;156;2020-09-29;1275
2020-09-28;"Prešovský kraj";51;0;0;0;NA;113522;51;2020-09-28;1119
2020-09-27;"Prešovský kraj";10;0;0;0;NA;113522;10;2020-09-27;1068
2020-09-26;"Prešovský kraj";72;0;0;0;NA;113522;72;2020-09-26;1058
2020-09-25;"Prešovský kraj";91;0;0;0;NA;113522;91;2020-09-25;986
2020-09-24;"Prešovský kraj";52;0;0;0;NA;113522;52;2020-09-24;895
2020-09-23;"Prešovský kraj";55;0;0;0;NA;113522;55;2020-09-23;843
2020-09-22;"Prešovský kraj";29;0;0;0;NA;113522;29;2020-09-22;788
2020-09-21;"Prešovský kraj";14;0;0;0;NA;113522;14;2020-09-21;759
2020-09-20;"Prešovský kraj";5;0;0;0;NA;113522;5;2020-09-20;745
2020-09-19;"Prešovský kraj";12;0;0;0;NA;113522;12;2020-09-19;740
2020-09-18;"Prešovský kraj";29;0;0;0;NA;113522;29;2020-09-18;728
2020-09-17;"Prešovský kraj";25;0;0;0;NA;113522;25;2020-09-17;699
2020-09-16;"Prešovský kraj";8;0;0;0;NA;113522;8;2020-09-16;674
2020-09-15;"Prešovský kraj";10;0;0;0;NA;113522;10;2020-09-15;666
2020-09-14;"Prešovský kraj";47;0;0;0;NA;113522;47;2020-09-14;656
2020-09-13;"Prešovský kraj";3;0;0;0;NA;113522;3;2020-09-13;609
2020-09-12;"Prešovský kraj";4;0;0;0;NA;113522;4;2020-09-12;606
2020-09-11;"Prešovský kraj";15;0;0;0;NA;113522;15;2020-09-11;602
2020-09-10;"Prešovský kraj";10;0;0;0;NA;113522;10;2020-09-10;587
2020-09-09;"Prešovský kraj";21;0;0;0;NA;113522;21;2020-09-09;577
2020-09-08;"Prešovský kraj";23;0;0;0;NA;113522;23;2020-09-08;556
2020-09-07;"Prešovský kraj";5;0;0;0;NA;113522;5;2020-09-07;533
2020-09-06;"Prešovský kraj";3;0;0;0;NA;113522;3;2020-09-06;528
2020-09-05;"Prešovský kraj";7;0;0;0;NA;113522;7;2020-09-05;525
2020-09-04;"Prešovský kraj";24;0;0;0;NA;113522;24;2020-09-04;518
2020-09-03;"Prešovský kraj";8;0;0;0;NA;113522;8;2020-09-03;494
2020-09-02;"Prešovský kraj";9;0;0;0;NA;113522;9;2020-09-02;486
2020-09-01;"Prešovský kraj";6;0;0;0;NA;113522;6;2020-09-01;477
2020-08-31;"Prešovský kraj";3;0;0;0;NA;113522;3;2020-08-31;471
2020-08-30;"Prešovský kraj";6;0;0;0;NA;113522;6;2020-08-30;468
2020-08-29;"Prešovský kraj";4;0;0;0;NA;113522;4;2020-08-29;462
2020-08-28;"Prešovský kraj";6;0;0;0;NA;113522;6;2020-08-28;458
2020-08-27;"Prešovský kraj";7;0;0;0;NA;113522;7;2020-08-27;452
2020-08-26;"Prešovský kraj";22;0;0;0;NA;113522;22;2020-08-26;445
2020-08-25;"Prešovský kraj";1;0;0;0;NA;113522;1;2020-08-25;423
2020-08-24;"Prešovský kraj";5;0;0;0;NA;113522;5;2020-08-24;422
2020-08-23;"Prešovský kraj";3;0;0;0;NA;113522;3;2020-08-23;417
2020-08-22;"Prešovský kraj";3;0;0;0;NA;113522;3;2020-08-22;414
2020-08-21;"Prešovský kraj";11;0;0;0;NA;113522;11;2020-08-21;411
2020-08-20;"Prešovský kraj";8;0;0;0;NA;113522;8;2020-08-20;400
2020-08-19;"Prešovský kraj";8;0;0;0;NA;113522;8;2020-08-19;392
2020-08-18;"Prešovský kraj";6;0;0;0;NA;113522;6;2020-08-18;384
2020-08-17;"Prešovský kraj";1;0;0;0;NA;113522;1;2020-08-17;378
2020-08-15;"Prešovský kraj";8;0;0;0;NA;113522;8;2020-08-15;377
2020-08-14;"Prešovský kraj";6;0;0;0;NA;113522;6;2020-08-14;369
2020-08-13;"Prešovský kraj";8;0;0;0;NA;113522;8;2020-08-13;363
2020-08-12;"Prešovský kraj";19;0;0;0;NA;113522;19;2020-08-12;355
2020-08-11;"Prešovský kraj";3;0;0;0;NA;113522;3;2020-08-11;336
2020-08-08;"Prešovský kraj";2;0;0;0;NA;113522;2;2020-08-08;333
2020-08-07;"Prešovský kraj";6;0;0;0;NA;113522;6;2020-08-07;331
2020-08-06;"Prešovský kraj";2;0;0;0;NA;113522;2;2020-08-06;325
2020-08-05;"Prešovský kraj";8;0;0;0;NA;113522;8;2020-08-05;323
2020-08-04;"Prešovský kraj";5;0;0;0;NA;113522;5;2020-08-04;315
2020-08-03;"Prešovský kraj";4;0;0;0;NA;113522;4;2020-08-03;310
2020-08-02;"Prešovský kraj";6;0;0;0;NA;113522;6;2020-08-02;306
2020-07-31;"Prešovský kraj";2;0;0;0;NA;113522;2;2020-07-31;300
2020-07-30;"Prešovský kraj";6;0;0;0;NA;113522;6;2020-07-30;298
2020-07-29;"Prešovský kraj";5;0;0;0;NA;113522;5;2020-07-29;292
2020-07-27;"Prešovský kraj";1;0;0;0;NA;113522;1;2020-07-27;287
2020-07-26;"Prešovský kraj";1;0;0;0;NA;113522;1;2020-07-26;286
2020-07-25;"Prešovský kraj";21;0;0;0;NA;113522;21;2020-07-25;285
2020-07-24;"Prešovský kraj";1;0;0;0;NA;113522;1;2020-07-24;264
2020-07-23;"Prešovský kraj";5;0;0;0;NA;113522;5;2020-07-23;263
2020-07-22;"Prešovský kraj";1;0;0;0;NA;113522;1;2020-07-22;258
2020-07-21;"Prešovský kraj";2;0;0;0;NA;113522;2;2020-07-21;257
2020-07-20;"Prešovský kraj";1;0;0;0;NA;113522;1;2020-07-20;255
2020-07-17;"Prešovský kraj";3;0;0;0;NA;113522;3;2020-07-17;254
2020-07-16;"Prešovský kraj";1;0;0;0;NA;113522;1;2020-07-16;251
2020-07-15;"Prešovský kraj";5;0;0;0;NA;113522;5;2020-07-15;250
2020-07-14;"Prešovský kraj";5;0;0;0;NA;113522;5;2020-07-14;245
2020-07-13;"Prešovský kraj";1;0;0;0;NA;113522;1;2020-07-13;240
2020-07-12;"Prešovský kraj";1;0;0;0;NA;113522;1;2020-07-12;239
2020-07-11;"Prešovský kraj";6;0;0;0;NA;113522;6;2020-07-11;238
2020-07-10;"Prešovský kraj";5;0;0;0;NA;113522;5;2020-07-10;232
2020-07-09;"Prešovský kraj";2;0;0;0;NA;113522;2;2020-07-09;227
2020-07-08;"Prešovský kraj";14;0;0;0;NA;113522;14;2020-07-08;225
2020-07-07;"Prešovský kraj";2;0;0;0;NA;113522;2;2020-07-07;211
2020-07-04;"Prešovský kraj";1;0;0;0;NA;113522;1;2020-07-04;209
2020-07-03;"Prešovský kraj";3;0;0;0;NA;113522;3;2020-07-03;208
2020-06-30;"Prešovský kraj";7;0;0;0;NA;113522;7;2020-06-30;205
2020-06-27;"Prešovský kraj";3;0;0;0;NA;113522;3;2020-06-27;198
2020-06-26;"Prešovský kraj";3;0;0;0;NA;113522;3;2020-06-26;195
2020-06-24;"Prešovský kraj";4;0;0;0;NA;113522;4;2020-06-24;192
2020-06-19;"Prešovský kraj";1;0;0;0;NA;113522;1;2020-06-19;188
2020-06-16;"Prešovský kraj";6;0;0;0;NA;113522;6;2020-06-16;187
2020-06-12;"Prešovský kraj";1;0;0;0;NA;113522;1;2020-06-12;181
2020-06-02;"Prešovský kraj";1;0;0;0;NA;113522;1;2020-06-02;180
2020-05-31;"Prešovský kraj";1;0;0;0;NA;113522;1;2020-05-31;179
2020-05-21;"Prešovský kraj";1;0;0;0;NA;113522;1;2020-05-21;178
2020-05-13;"Prešovský kraj";1;0;0;0;NA;113522;1;2020-05-13;177
2020-05-11;"Prešovský kraj";1;0;0;0;NA;113522;1;2020-05-11;176
2020-05-05;"Prešovský kraj";1;0;0;0;NA;113522;1;2020-05-05;175
2020-05-01;"Prešovský kraj";2;0;0;0;NA;113522;2;2020-05-01;174
2020-04-29;"Prešovský kraj";1;0;0;0;NA;113522;1;2020-04-29;172
2020-04-28;"Prešovský kraj";1;0;0;0;NA;113522;1;2020-04-28;171
2020-04-27;"Prešovský kraj";2;0;0;0;NA;113522;2;2020-04-27;170
2020-04-23;"Prešovský kraj";2;0;0;0;NA;113522;2;2020-04-23;168
2020-04-22;"Prešovský kraj";11;0;0;0;NA;113522;11;2020-04-22;166
2020-04-21;"Prešovský kraj";12;0;0;0;NA;113522;12;2020-04-21;155
2020-04-20;"Prešovský kraj";2;0;0;0;NA;113522;2;2020-04-20;143
2020-04-19;"Prešovský kraj";4;0;0;0;NA;113522;4;2020-04-19;141
2020-04-18;"Prešovský kraj";1;0;0;0;NA;113522;1;2020-04-18;137
2020-04-17;"Prešovský kraj";4;0;0;0;NA;113522;4;2020-04-17;136
2020-04-16;"Prešovský kraj";9;0;0;0;NA;113522;9;2020-04-16;132
2020-04-15;"Prešovský kraj";21;0;0;0;NA;113522;21;2020-04-15;123
2020-04-14;"Prešovský kraj";1;0;0;0;NA;113522;1;2020-04-14;102
2020-04-13;"Prešovský kraj";2;0;0;0;NA;113522;2;2020-04-13;101
2020-04-12;"Prešovský kraj";6;0;0;0;NA;113522;6;2020-04-12;99
2020-04-11;"Prešovský kraj";4;0;0;0;NA;113522;4;2020-04-11;93
2020-04-09;"Prešovský kraj";1;0;0;0;NA;113522;1;2020-04-09;89
2020-04-07;"Prešovský kraj";7;0;0;0;NA;113522;7;2020-04-07;88
2020-04-06;"Prešovský kraj";10;0;0;0;NA;113522;10;2020-04-06;81
2020-04-05;"Prešovský kraj";13;0;0;0;NA;113522;13;2020-04-05;71
2020-04-04;"Prešovský kraj";1;0;0;0;NA;113522;1;2020-04-04;58
2020-04-03;"Prešovský kraj";4;0;0;0;NA;113522;4;2020-04-03;57
2020-04-02;"Prešovský kraj";6;0;0;0;NA;113522;6;2020-04-02;53
2020-04-01;"Prešovský kraj";6;0;0;0;NA;113522;6;2020-04-01;47
2020-03-31;"Prešovský kraj";6;0;0;0;NA;113522;6;2020-03-31;41
2020-03-30;"Prešovský kraj";2;0;0;0;NA;113522;2;2020-03-30;35
2020-03-29;"Prešovský kraj";2;0;0;0;NA;113522;2;2020-03-29;33
2020-03-28;"Prešovský kraj";2;0;0;0;NA;113522;2;2020-03-28;31
2020-03-27;"Prešovský kraj";1;0;0;0;NA;113522;1;2020-03-27;29
2020-03-26;"Prešovský kraj";8;0;0;0;NA;113522;8;2020-03-26;28
2020-03-25;"Prešovský kraj";1;0;0;0;NA;113522;1;2020-03-25;20
2020-03-24;"Prešovský kraj";4;0;0;0;NA;113522;4;2020-03-24;19
2020-03-22;"Prešovský kraj";1;0;0;0;NA;113522;1;2020-03-22;15
2020-03-21;"Prešovský kraj";2;0;0;0;NA;113522;2;2020-03-21;14
2020-03-20;"Prešovský kraj";3;0;0;0;NA;113522;3;2020-03-20;12
2020-03-19;"Prešovský kraj";2;0;0;0;NA;113522;2;2020-03-19;9
2020-03-18;"Prešovský kraj";1;0;0;0;NA;113522;1;2020-03-18;7
2020-03-17;"Prešovský kraj";1;0;0;0;NA;113522;1;2020-03-17;6
2020-03-16;"Prešovský kraj";4;0;0;0;NA;113522;4;2020-03-16;5
2020-03-14;"Prešovský kraj";1;0;0;0;NA;113522;1;2020-03-14;1
2021-04-09;"Trenčiansky kraj";120;0;0;0;50386;101286;120;2021-04-09;101286
2021-04-08;"Trenčiansky kraj";112;11649;76;11725;NA;101286;188;2021-04-08;101166
2021-04-07;"Trenčiansky kraj";204;17687;122;17809;NA;101286;326;2021-04-07;100978
2021-04-06;"Trenčiansky kraj";157;28619;178;28797;NA;101286;335;2021-04-06;100652
2021-04-05;"Trenčiansky kraj";15;6701;51;6752;NA;101286;66;2021-04-05;100317
2021-04-04;"Trenčiansky kraj";2;2446;8;2454;NA;101286;10;2021-04-04;100251
2021-04-03;"Trenčiansky kraj";86;70431;163;70594;NA;101286;249;2021-04-03;100241
2021-04-02;"Trenčiansky kraj";126;21531;80;21611;NA;101286;206;2021-04-02;99992
2021-04-01;"Trenčiansky kraj";159;32360;139;32499;NA;101286;298;2021-04-01;99786
2021-03-31;"Trenčiansky kraj";198;20100;130;20230;NA;101286;328;2021-03-31;99488
2021-03-30;"Trenčiansky kraj";272;17284;136;17420;NA;101286;408;2021-03-30;99160
2021-03-29;"Trenčiansky kraj";142;19621;170;19791;NA;101286;312;2021-03-29;98752
2021-03-28;"Trenčiansky kraj";3;12352;39;12391;NA;101286;42;2021-03-28;98440
2021-03-27;"Trenčiansky kraj";130;74331;281;74612;NA;101286;411;2021-03-27;98398
2021-03-26;"Trenčiansky kraj";211;35110;158;35268;NA;101286;369;2021-03-26;97987
2021-03-25;"Trenčiansky kraj";184;16569;176;16745;NA;101286;360;2021-03-25;97618
2021-03-24;"Trenčiansky kraj";259;13098;171;13269;NA;101286;430;2021-03-24;97258
2021-03-23;"Trenčiansky kraj";349;17588;174;17762;NA;101286;523;2021-03-23;96828
2021-03-22;"Trenčiansky kraj";141;21116;213;21329;NA;101286;354;2021-03-22;96305
2021-03-21;"Trenčiansky kraj";85;21983;130;22113;NA;101286;215;2021-03-21;95951
2021-03-20;"Trenčiansky kraj";128;80035;322;80357;NA;101286;450;2021-03-20;95736
2021-03-19;"Trenčiansky kraj";231;34777;232;35009;NA;101286;463;2021-03-19;95286
2021-03-18;"Trenčiansky kraj";262;15764;172;15936;NA;101286;434;2021-03-18;94823
2021-03-17;"Trenčiansky kraj";366;13417;163;13580;NA;101286;529;2021-03-17;94389
2021-03-16;"Trenčiansky kraj";450;15237;236;15473;NA;101286;686;2021-03-16;93860
2021-03-15;"Trenčiansky kraj";162;21129;261;21390;NA;101286;423;2021-03-15;93174
2021-03-14;"Trenčiansky kraj";42;25282;169;25451;NA;101286;211;2021-03-14;92751
2021-03-13;"Trenčiansky kraj";270;79187;453;79640;NA;101286;723;2021-03-13;92540
2021-03-12;"Trenčiansky kraj";366;34763;307;35070;NA;101286;673;2021-03-12;91817
2021-03-11;"Trenčiansky kraj";302;15557;213;15770;NA;101286;515;2021-03-11;91144
2021-03-10;"Trenčiansky kraj";402;13452;236;13688;NA;101286;638;2021-03-10;90629
2021-03-09;"Trenčiansky kraj";586;17982;285;18267;NA;101286;871;2021-03-09;89991
2021-03-08;"Trenčiansky kraj";174;21700;362;22062;NA;101286;536;2021-03-08;89120
2021-03-07;"Trenčiansky kraj";4;15404;126;15530;NA;101286;130;2021-03-07;88584
2021-03-06;"Trenčiansky kraj";260;79406;529;79935;NA;101286;789;2021-03-06;88454
2021-03-05;"Trenčiansky kraj";326;32674;414;33088;NA;101286;740;2021-03-05;87665
2021-03-04;"Trenčiansky kraj";323;16820;315;17135;NA;101286;638;2021-03-04;86925
2021-03-03;"Trenčiansky kraj";413;13953;346;14299;NA;101286;759;2021-03-03;86287
2021-03-02;"Trenčiansky kraj";612;17791;348;18139;NA;101286;960;2021-03-02;85528
2021-03-01;"Trenčiansky kraj";217;21092;445;21537;NA;101286;662;2021-03-01;84568
2021-02-28;"Trenčiansky kraj";45;28672;358;29030;NA;101286;403;2021-02-28;83906
2021-02-27;"Trenčiansky kraj";277;78732;686;79418;NA;101286;963;2021-02-27;83503
2021-02-26;"Trenčiansky kraj";420;32932;435;33367;NA;101286;855;2021-02-26;82540
2021-02-25;"Trenčiansky kraj";424;14029;328;14357;NA;101286;752;2021-02-25;81685
2021-02-24;"Trenčiansky kraj";427;12002;399;12401;NA;101286;826;2021-02-24;80933
2021-02-23;"Trenčiansky kraj";577;14904;390;15294;NA;101286;967;2021-02-23;80107
2021-02-22;"Trenčiansky kraj";160;19943;468;20411;NA;101286;628;2021-02-22;79140
2021-02-21;"Trenčiansky kraj";64;27642;381;28023;NA;101286;445;2021-02-21;78512
2021-02-20;"Trenčiansky kraj";274;77840;745;78585;NA;101286;1019;2021-02-20;78067
2021-02-19;"Trenčiansky kraj";272;30245;520;30765;NA;101286;792;2021-02-19;77048
2021-02-18;"Trenčiansky kraj";355;14353;410;14763;NA;101286;765;2021-02-18;76256
2021-02-17;"Trenčiansky kraj";363;11377;376;11753;NA;101286;739;2021-02-17;75491
2021-02-16;"Trenčiansky kraj";488;17748;406;18154;NA;101286;894;2021-02-16;74752
2021-02-15;"Trenčiansky kraj";151;21806;463;22269;NA;101286;614;2021-02-15;73858
2021-02-14;"Trenčiansky kraj";2;5241;51;5292;NA;101286;53;2021-02-14;73244
2021-02-13;"Trenčiansky kraj";274;60478;517;60995;NA;101286;791;2021-02-13;73191
2021-02-12;"Trenčiansky kraj";276;27966;412;28378;NA;101286;688;2021-02-12;72400
2021-02-11;"Trenčiansky kraj";291;11566;323;11889;NA;101286;614;2021-02-11;71712
2021-02-10;"Trenčiansky kraj";304;11402;317;11719;NA;101286;621;2021-02-10;71098
2021-02-09;"Trenčiansky kraj";514;18401;360;18761;NA;101286;874;2021-02-09;70477
2021-02-08;"Trenčiansky kraj";182;27473;432;27905;NA;101286;614;2021-02-08;69603
2021-02-07;"Trenčiansky kraj";31;28383;277;28660;NA;101286;308;2021-02-07;68989
2021-02-06;"Trenčiansky kraj";216;63430;558;63988;NA;101286;774;2021-02-06;68681
2021-02-05;"Trenčiansky kraj";202;18176;368;18544;NA;101286;570;2021-02-05;67907
2021-02-04;"Trenčiansky kraj";266;7023;279;7302;NA;101286;545;2021-02-04;67337
2021-02-03;"Trenčiansky kraj";162;6655;320;6975;NA;101286;482;2021-02-03;66792
2021-02-02;"Trenčiansky kraj";347;8088;384;8472;NA;101286;731;2021-02-02;66310
2021-02-01;"Trenčiansky kraj";167;9355;311;9666;NA;101286;478;2021-02-01;65579
2021-01-31;"Trenčiansky kraj";7;31588;270;31858;NA;101286;277;2021-01-31;65101
2021-01-30;"Trenčiansky kraj";228;73880;642;74522;NA;101286;870;2021-01-30;64824
2021-01-29;"Trenčiansky kraj";214;15172;470;15642;NA;101286;684;2021-01-29;63954
2021-01-28;"Trenčiansky kraj";307;10884;316;11200;NA;101286;623;2021-01-28;63270
2021-01-27;"Trenčiansky kraj";166;23824;434;24258;NA;101286;600;2021-01-27;62647
2021-01-26;"Trenčiansky kraj";303;29170;500;29670;NA;101286;803;2021-01-26;62047
2021-01-25;"Trenčiansky kraj";160;49218;424;49642;NA;101286;584;2021-01-25;61244
2021-01-24;"Trenčiansky kraj";51;54730;362;55092;NA;101286;413;2021-01-24;60660
2021-01-23;"Trenčiansky kraj";206;227016;1484;228500;NA;101286;1690;2021-01-23;60247
2021-01-22;"Trenčiansky kraj";148;29526;412;29938;NA;101286;560;2021-01-22;58557
2021-01-21;"Trenčiansky kraj";143;17160;332;17492;NA;101286;475;2021-01-21;57997
2021-01-20;"Trenčiansky kraj";181;16379;454;16833;NA;101286;635;2021-01-20;57522
2021-01-19;"Trenčiansky kraj";363;13236;524;13760;NA;101286;887;2021-01-19;56887
2021-01-18;"Trenčiansky kraj";72;10109;646;10755;NA;101286;718;2021-01-18;56000
2021-01-17;"Trenčiansky kraj";124;186;22;208;NA;101286;146;2021-01-17;55282
2021-01-16;"Trenčiansky kraj";39;914;56;970;NA;101286;95;2021-01-16;55136
2021-01-15;"Trenčiansky kraj";264;8058;436;8494;NA;101286;700;2021-01-15;55041
2021-01-14;"Trenčiansky kraj";275;6388;378;6766;NA;101286;653;2021-01-14;54341
2021-01-13;"Trenčiansky kraj";222;7778;430;8208;NA;101286;652;2021-01-13;53688
2021-01-12;"Trenčiansky kraj";508;9208;522;9730;NA;101286;1030;2021-01-12;53036
2021-01-11;"Trenčiansky kraj";142;8734;708;9442;NA;101286;850;2021-01-11;52006
2021-01-10;"Trenčiansky kraj";89;9878;152;10030;NA;101286;241;2021-01-10;51156
2021-01-09;"Trenčiansky kraj";276;15948;242;16190;NA;101286;518;2021-01-09;50915
2021-01-08;"Trenčiansky kraj";489;12868;968;13836;NA;101286;1457;2021-01-08;50397
2021-01-07;"Trenčiansky kraj";420;12276;1154;13430;NA;101286;1574;2021-01-07;48940
2021-01-06;"Trenčiansky kraj";221;2042;128;2170;NA;101286;349;2021-01-06;47366
2021-01-05;"Trenčiansky kraj";669;11506;1412;12918;NA;101286;2081;2021-01-05;47017
2021-01-04;"Trenčiansky kraj";337;10486;1564;12050;NA;101286;1901;2021-01-04;44936
2021-01-03;"Trenčiansky kraj";38;120;26;146;NA;101286;64;2021-01-03;43035
2021-01-02;"Trenčiansky kraj";129;280;46;326;NA;101286;175;2021-01-02;42971
2021-01-01;"Trenčiansky kraj";329;694;46;740;NA;101286;375;2021-01-01;42796
2020-12-31;"Trenčiansky kraj";597;4943;557;5500;NA;101286;1154;2020-12-31;42421
2020-12-30;"Trenčiansky kraj";836;7012;762;7774;NA;101286;1598;2020-12-30;41267
2020-12-29;"Trenčiansky kraj";459;6191;1018;7209;NA;101286;1477;2020-12-29;39669
2020-12-28;"Trenčiansky kraj";258;4195;777;4972;NA;101286;1035;2020-12-28;38192
2020-12-27;"Trenčiansky kraj";5;202;36;238;NA;101286;41;2020-12-27;37157
2020-12-26;"Trenčiansky kraj";174;74;10;84;NA;101286;184;2020-12-26;37116
2020-12-25;"Trenčiansky kraj";251;325;47;372;NA;101286;298;2020-12-25;36932
2020-12-24;"Trenčiansky kraj";552;2194;256;2450;NA;101286;808;2020-12-24;36634
2020-12-23;"Trenčiansky kraj";421;6552;661;7213;NA;101286;1082;2020-12-23;35826
2020-12-22;"Trenčiansky kraj";673;5760;694;6454;NA;101286;1367;2020-12-22;34744
2020-12-21;"Trenčiansky kraj";248;13321;956;14277;NA;101286;1204;2020-12-21;33377
2020-12-20;"Trenčiansky kraj";238;12480;291;12771;NA;101286;529;2020-12-20;32173
2020-12-19;"Trenčiansky kraj";341;1611;150;1761;NA;101286;491;2020-12-19;31644
2020-12-18;"Trenčiansky kraj";521;5199;615;5814;NA;101286;1136;2020-12-18;31153
2020-12-17;"Trenčiansky kraj";670;3843;524;4367;NA;101286;1194;2020-12-17;30017
2020-12-16;"Trenčiansky kraj";461;4464;647;5111;NA;101286;1108;2020-12-16;28823
2020-12-15;"Trenčiansky kraj";595;3805;670;4475;NA;101286;1265;2020-12-15;27715
2020-12-14;"Trenčiansky kraj";318;3194;613;3807;NA;101286;931;2020-12-14;26450
2020-12-13;"Trenčiansky kraj";77;24;4;28;NA;101286;81;2020-12-13;25519
2020-12-12;"Trenčiansky kraj";314;1002;120;1122;NA;101286;434;2020-12-12;25438
2020-12-11;"Trenčiansky kraj";751;4066;479;4545;NA;101286;1230;2020-12-11;25004
2020-12-10;"Trenčiansky kraj";271;3371;477;3848;NA;101286;748;2020-12-10;23774
2020-12-09;"Trenčiansky kraj";508;3805;470;4275;NA;101286;978;2020-12-09;23026
2020-12-08;"Trenčiansky kraj";546;3440;522;3962;NA;101286;1068;2020-12-08;22048
2020-12-07;"Trenčiansky kraj";258;3826;466;4292;NA;101286;724;2020-12-07;20980
2020-12-06;"Trenčiansky kraj";114;187;11;198;NA;101286;125;2020-12-06;20256
2020-12-05;"Trenčiansky kraj";223;464;37;501;NA;101286;260;2020-12-05;20131
2020-12-04;"Trenčiansky kraj";253;2565;215;2780;NA;101286;468;2020-12-04;19871
2020-12-03;"Trenčiansky kraj";503;1739;179;1918;NA;101286;682;2020-12-03;19403
2020-12-02;"Trenčiansky kraj";418;1887;232;2119;NA;101286;650;2020-12-02;18721
2020-12-01;"Trenčiansky kraj";321;5705;353;6058;NA;101286;674;2020-12-01;18071
2020-11-30;"Trenčiansky kraj";167;11513;520;12033;NA;101286;687;2020-11-30;17397
2020-11-29;"Trenčiansky kraj";29;18;2;20;NA;101286;31;2020-11-29;16710
2020-11-28;"Trenčiansky kraj";202;1051;93;1144;NA;101286;295;2020-11-28;16679
2020-11-27;"Trenčiansky kraj";330;1398;150;1548;NA;101286;480;2020-11-27;16384
2020-11-26;"Trenčiansky kraj";395;1252;122;1374;NA;101286;517;2020-11-26;15904
2020-11-25;"Trenčiansky kraj";322;1444;160;1604;NA;101286;482;2020-11-25;15387
2020-11-24;"Trenčiansky kraj";348;2553;308;2861;NA;101286;656;2020-11-24;14905
2020-11-23;"Trenčiansky kraj";159;1186;122;1308;NA;101286;281;2020-11-23;14249
2020-11-22;"Trenčiansky kraj";26;11;1;12;NA;101286;27;2020-11-22;13968
2020-11-21;"Trenčiansky kraj";255;1323;62;1385;NA;101286;317;2020-11-21;13941
2020-11-20;"Trenčiansky kraj";316;861;93;954;NA;101286;409;2020-11-20;13624
2020-11-19;"Trenčiansky kraj";316;740;113;853;NA;101286;429;2020-11-19;13215
2020-11-18;"Trenčiansky kraj";233;379;66;445;NA;101286;299;2020-11-18;12786
2020-11-17;"Trenčiansky kraj";222;106;15;121;NA;101286;237;2020-11-17;12487
2020-11-16;"Trenčiansky kraj";245;236;45;281;NA;101286;290;2020-11-16;12250
2020-11-15;"Trenčiansky kraj";109;29;6;35;NA;101286;115;2020-11-15;11960
2020-11-14;"Trenčiansky kraj";190;74;11;85;NA;101286;201;2020-11-14;11845
2020-11-13;"Trenčiansky kraj";308;131;13;144;NA;101286;321;2020-11-13;11644
2020-11-12;"Trenčiansky kraj";324;124;5;129;NA;101286;329;2020-11-12;11323
2020-11-11;"Trenčiansky kraj";366;113;10;123;NA;101286;376;2020-11-11;10994
2020-11-10;"Trenčiansky kraj";277;106;6;112;NA;101286;283;2020-11-10;10618
2020-11-09;"Trenčiansky kraj";115;1407;48;1455;NA;101286;163;2020-11-09;10335
2020-11-08;"Trenčiansky kraj";81;1223;8;1231;NA;101286;89;2020-11-08;10172
2020-11-07;"Trenčiansky kraj";319;3662;59;3721;NA;101286;378;2020-11-07;10083
2020-11-06;"Trenčiansky kraj";383;6893;84;6977;NA;101286;467;2020-11-06;9705
2020-11-05;"Trenčiansky kraj";399;98;15;113;NA;101286;414;2020-11-05;9238
2020-11-04;"Trenčiansky kraj";370;91;9;100;NA;101286;379;2020-11-04;8824
2020-11-03;"Trenčiansky kraj";575;97;8;105;NA;101286;583;2020-11-03;8445
2020-11-02;"Trenčiansky kraj";197;1833;68;1901;NA;101286;265;2020-11-02;7862
2020-11-01;"Trenčiansky kraj";257;804;23;827;NA;101286;280;2020-11-01;7597
2020-10-31;"Trenčiansky kraj";332;4719;82;4801;NA;101286;414;2020-10-31;7317
2020-10-30;"Trenčiansky kraj";299;5283;102;5385;NA;101286;401;2020-10-30;6903
2020-10-29;"Trenčiansky kraj";496;764;68;832;NA;101286;564;2020-10-29;6502
2020-10-28;"Trenčiansky kraj";269;192;33;225;NA;101286;302;2020-10-28;5938
2020-10-27;"Trenčiansky kraj";473;127;27;154;NA;101286;500;2020-10-27;5636
2020-10-26;"Trenčiansky kraj";177;103;31;134;NA;101286;208;2020-10-26;5136
2020-10-25;"Trenčiansky kraj";138;9;5;14;NA;101286;143;2020-10-25;4928
2020-10-24;"Trenčiansky kraj";395;128;6;134;NA;101286;401;2020-10-24;4785
2020-10-23;"Trenčiansky kraj";301;154;8;162;NA;101286;309;2020-10-23;4384
2020-10-22;"Trenčiansky kraj";273;82;12;94;NA;101286;285;2020-10-22;4075
2020-10-21;"Trenčiansky kraj";183;53;9;62;NA;101286;192;2020-10-21;3790
2020-10-20;"Trenčiansky kraj";212;47;6;53;NA;101286;218;2020-10-20;3598
2020-10-19;"Trenčiansky kraj";41;83;25;108;NA;101286;66;2020-10-19;3380
2020-10-18;"Trenčiansky kraj";104;0;0;0;NA;101286;104;2020-10-18;3314
2020-10-17;"Trenčiansky kraj";157;0;0;0;NA;101286;157;2020-10-17;3210
2020-10-16;"Trenčiansky kraj";225;42;6;48;NA;101286;231;2020-10-16;3053
2020-10-15;"Trenčiansky kraj";255;39;4;43;NA;101286;259;2020-10-15;2822
2020-10-14;"Trenčiansky kraj";162;42;7;49;NA;101286;169;2020-10-14;2563
2020-10-13;"Trenčiansky kraj";124;105;12;117;NA;101286;136;2020-10-13;2394
2020-10-12;"Trenčiansky kraj";55;0;0;0;NA;101286;55;2020-10-12;2258
2020-10-11;"Trenčiansky kraj";73;0;0;0;NA;101286;73;2020-10-11;2203
2020-10-10;"Trenčiansky kraj";180;0;0;0;NA;101286;180;2020-10-10;2130
2020-10-09;"Trenčiansky kraj";198;0;0;0;NA;101286;198;2020-10-09;1950
2020-10-08;"Trenčiansky kraj";115;0;0;0;NA;101286;115;2020-10-08;1752
2020-10-07;"Trenčiansky kraj";75;0;0;0;NA;101286;75;2020-10-07;1637
2020-10-06;"Trenčiansky kraj";72;0;0;0;NA;101286;72;2020-10-06;1562
2020-10-05;"Trenčiansky kraj";32;0;0;0;NA;101286;32;2020-10-05;1490
2020-10-04;"Trenčiansky kraj";37;0;0;0;NA;101286;37;2020-10-04;1458
2020-10-03;"Trenčiansky kraj";79;0;0;0;NA;101286;79;2020-10-03;1421
2020-10-02;"Trenčiansky kraj";69;0;0;0;NA;101286;69;2020-10-02;1342
2020-10-01;"Trenčiansky kraj";58;0;0;0;NA;101286;58;2020-10-01;1273
2020-09-30;"Trenčiansky kraj";76;0;0;0;NA;101286;76;2020-09-30;1215
2020-09-29;"Trenčiansky kraj";43;0;0;0;NA;101286;43;2020-09-29;1139
2020-09-28;"Trenčiansky kraj";7;0;0;0;NA;101286;7;2020-09-28;1096
2020-09-27;"Trenčiansky kraj";12;0;0;0;NA;101286;12;2020-09-27;1089
2020-09-26;"Trenčiansky kraj";37;0;0;0;NA;101286;37;2020-09-26;1077
2020-09-25;"Trenčiansky kraj";72;0;0;0;NA;101286;72;2020-09-25;1040
2020-09-24;"Trenčiansky kraj";41;0;0;0;NA;101286;41;2020-09-24;968
2020-09-23;"Trenčiansky kraj";32;0;0;0;NA;101286;32;2020-09-23;927
2020-09-22;"Trenčiansky kraj";26;0;0;0;NA;101286;26;2020-09-22;895
2020-09-21;"Trenčiansky kraj";23;0;0;0;NA;101286;23;2020-09-21;869
2020-09-20;"Trenčiansky kraj";21;0;0;0;NA;101286;21;2020-09-20;846
2020-09-19;"Trenčiansky kraj";20;0;0;0;NA;101286;20;2020-09-19;825
2020-09-18;"Trenčiansky kraj";41;0;0;0;NA;101286;41;2020-09-18;805
2020-09-17;"Trenčiansky kraj";20;0;0;0;NA;101286;20;2020-09-17;764
2020-09-16;"Trenčiansky kraj";14;0;0;0;NA;101286;14;2020-09-16;744
2020-09-15;"Trenčiansky kraj";8;0;0;0;NA;101286;8;2020-09-15;730
2020-09-14;"Trenčiansky kraj";5;0;0;0;NA;101286;5;2020-09-14;722
2020-09-13;"Trenčiansky kraj";12;0;0;0;NA;101286;12;2020-09-13;717
2020-09-12;"Trenčiansky kraj";2;0;0;0;NA;101286;2;2020-09-12;705
2020-09-11;"Trenčiansky kraj";27;0;0;0;NA;101286;27;2020-09-11;703
2020-09-10;"Trenčiansky kraj";15;0;0;0;NA;101286;15;2020-09-10;676
2020-09-09;"Trenčiansky kraj";11;0;0;0;NA;101286;11;2020-09-09;661
2020-09-08;"Trenčiansky kraj";12;0;0;0;NA;101286;12;2020-09-08;650
2020-09-07;"Trenčiansky kraj";6;0;0;0;NA;101286;6;2020-09-07;638
2020-09-06;"Trenčiansky kraj";1;0;0;0;NA;101286;1;2020-09-06;632
2020-09-05;"Trenčiansky kraj";3;0;0;0;NA;101286;3;2020-09-05;631
2020-09-04;"Trenčiansky kraj";9;0;0;0;NA;101286;9;2020-09-04;628
2020-09-03;"Trenčiansky kraj";10;0;0;0;NA;101286;10;2020-09-03;619
2020-09-02;"Trenčiansky kraj";5;0;0;0;NA;101286;5;2020-09-02;609
2020-09-01;"Trenčiansky kraj";1;0;0;0;NA;101286;1;2020-09-01;604
2020-08-31;"Trenčiansky kraj";12;0;0;0;NA;101286;12;2020-08-31;603
2020-08-29;"Trenčiansky kraj";1;0;0;0;NA;101286;1;2020-08-29;591
2020-08-28;"Trenčiansky kraj";12;0;0;0;NA;101286;12;2020-08-28;590
2020-08-27;"Trenčiansky kraj";10;0;0;0;NA;101286;10;2020-08-27;578
2020-08-26;"Trenčiansky kraj";15;0;0;0;NA;101286;15;2020-08-26;568
2020-08-25;"Trenčiansky kraj";12;0;0;0;NA;101286;12;2020-08-25;553
2020-08-24;"Trenčiansky kraj";4;0;0;0;NA;101286;4;2020-08-24;541
2020-08-23;"Trenčiansky kraj";5;0;0;0;NA;101286;5;2020-08-23;537
2020-08-22;"Trenčiansky kraj";6;0;0;0;NA;101286;6;2020-08-22;532
2020-08-21;"Trenčiansky kraj";6;0;0;0;NA;101286;6;2020-08-21;526
2020-08-20;"Trenčiansky kraj";20;0;0;0;NA;101286;20;2020-08-20;520
2020-08-19;"Trenčiansky kraj";17;0;0;0;NA;101286;17;2020-08-19;500
2020-08-18;"Trenčiansky kraj";9;0;0;0;NA;101286;9;2020-08-18;483
2020-08-17;"Trenčiansky kraj";4;0;0;0;NA;101286;4;2020-08-17;474
2020-08-15;"Trenčiansky kraj";9;0;0;0;NA;101286;9;2020-08-15;470
2020-08-14;"Trenčiansky kraj";15;0;0;0;NA;101286;15;2020-08-14;461
2020-08-13;"Trenčiansky kraj";23;0;0;0;NA;101286;23;2020-08-13;446
2020-08-12;"Trenčiansky kraj";6;0;0;0;NA;101286;6;2020-08-12;423
2020-08-11;"Trenčiansky kraj";7;0;0;0;NA;101286;7;2020-08-11;417
2020-08-10;"Trenčiansky kraj";9;0;0;0;NA;101286;9;2020-08-10;410
2020-08-09;"Trenčiansky kraj";1;0;0;0;NA;101286;1;2020-08-09;401
2020-08-08;"Trenčiansky kraj";4;0;0;0;NA;101286;4;2020-08-08;400
2020-08-07;"Trenčiansky kraj";4;0;0;0;NA;101286;4;2020-08-07;396
2020-08-06;"Trenčiansky kraj";13;0;0;0;NA;101286;13;2020-08-06;392
2020-08-05;"Trenčiansky kraj";39;0;0;0;NA;101286;39;2020-08-05;379
2020-08-04;"Trenčiansky kraj";9;0;0;0;NA;101286;9;2020-08-04;340
2020-08-02;"Trenčiansky kraj";2;0;0;0;NA;101286;2;2020-08-02;331
2020-08-01;"Trenčiansky kraj";6;0;0;0;NA;101286;6;2020-08-01;329
2020-07-31;"Trenčiansky kraj";16;0;0;0;NA;101286;16;2020-07-31;323
2020-07-30;"Trenčiansky kraj";4;0;0;0;NA;101286;4;2020-07-30;307
2020-07-29;"Trenčiansky kraj";5;0;0;0;NA;101286;5;2020-07-29;303
2020-07-28;"Trenčiansky kraj";11;0;0;0;NA;101286;11;2020-07-28;298
2020-07-27;"Trenčiansky kraj";4;0;0;0;NA;101286;4;2020-07-27;287
2020-07-26;"Trenčiansky kraj";1;0;0;0;NA;101286;1;2020-07-26;283
2020-07-25;"Trenčiansky kraj";7;0;0;0;NA;101286;7;2020-07-25;282
2020-07-24;"Trenčiansky kraj";5;0;0;0;NA;101286;5;2020-07-24;275
2020-07-23;"Trenčiansky kraj";10;0;0;0;NA;101286;10;2020-07-23;270
2020-07-22;"Trenčiansky kraj";11;0;0;0;NA;101286;11;2020-07-22;260
2020-07-21;"Trenčiansky kraj";6;0;0;0;NA;101286;6;2020-07-21;249
2020-07-20;"Trenčiansky kraj";13;0;0;0;NA;101286;13;2020-07-20;243
2020-07-17;"Trenčiansky kraj";1;0;0;0;NA;101286;1;2020-07-17;230
2020-07-15;"Trenčiansky kraj";2;0;0;0;NA;101286;2;2020-07-15;229
2020-07-14;"Trenčiansky kraj";8;0;0;0;NA;101286;8;2020-07-14;227
2020-07-13;"Trenčiansky kraj";1;0;0;0;NA;101286;1;2020-07-13;219
2020-07-10;"Trenčiansky kraj";3;0;0;0;NA;101286;3;2020-07-10;218
2020-07-09;"Trenčiansky kraj";2;0;0;0;NA;101286;2;2020-07-09;215
2020-07-08;"Trenčiansky kraj";1;0;0;0;NA;101286;1;2020-07-08;213
2020-07-07;"Trenčiansky kraj";9;0;0;0;NA;101286;9;2020-07-07;212
2020-07-06;"Trenčiansky kraj";1;0;0;0;NA;101286;1;2020-07-06;203
2020-07-05;"Trenčiansky kraj";1;0;0;0;NA;101286;1;2020-07-05;202
2020-07-03;"Trenčiansky kraj";2;0;0;0;NA;101286;2;2020-07-03;201
2020-07-02;"Trenčiansky kraj";10;0;0;0;NA;101286;10;2020-07-02;199
2020-07-01;"Trenčiansky kraj";1;0;0;0;NA;101286;1;2020-07-01;189
2020-06-30;"Trenčiansky kraj";6;0;0;0;NA;101286;6;2020-06-30;188
2020-06-29;"Trenčiansky kraj";1;0;0;0;NA;101286;1;2020-06-29;182
2020-06-25;"Trenčiansky kraj";2;0;0;0;NA;101286;2;2020-06-25;181
2020-06-24;"Trenčiansky kraj";1;0;0;0;NA;101286;1;2020-06-24;179
2020-06-10;"Trenčiansky kraj";1;0;0;0;NA;101286;1;2020-06-10;178
2020-05-27;"Trenčiansky kraj";2;0;0;0;NA;101286;2;2020-05-27;177
2020-05-15;"Trenčiansky kraj";1;0;0;0;NA;101286;1;2020-05-15;175
2020-05-14;"Trenčiansky kraj";2;0;0;0;NA;101286;2;2020-05-14;174
2020-05-13;"Trenčiansky kraj";1;0;0;0;NA;101286;1;2020-05-13;172
2020-05-12;"Trenčiansky kraj";1;0;0;0;NA;101286;1;2020-05-12;171
2020-05-11;"Trenčiansky kraj";3;0;0;0;NA;101286;3;2020-05-11;170
2020-05-09;"Trenčiansky kraj";2;0;0;0;NA;101286;2;2020-05-09;167
2020-05-07;"Trenčiansky kraj";6;0;0;0;NA;101286;6;2020-05-07;165
2020-05-05;"Trenčiansky kraj";2;0;0;0;NA;101286;2;2020-05-05;159
2020-04-29;"Trenčiansky kraj";2;0;0;0;NA;101286;2;2020-04-29;157
2020-04-28;"Trenčiansky kraj";1;0;0;0;NA;101286;1;2020-04-28;155
2020-04-26;"Trenčiansky kraj";1;0;0;0;NA;101286;1;2020-04-26;154
2020-04-23;"Trenčiansky kraj";11;0;0;0;NA;101286;11;2020-04-23;153
2020-04-22;"Trenčiansky kraj";1;0;0;0;NA;101286;1;2020-04-22;142
2020-04-21;"Trenčiansky kraj";11;0;0;0;NA;101286;11;2020-04-21;141
2020-04-20;"Trenčiansky kraj";15;0;0;0;NA;101286;15;2020-04-20;130
2020-04-19;"Trenčiansky kraj";2;0;0;0;NA;101286;2;2020-04-19;115
2020-04-18;"Trenčiansky kraj";3;0;0;0;NA;101286;3;2020-04-18;113
2020-04-17;"Trenčiansky kraj";4;0;0;0;NA;101286;4;2020-04-17;110
2020-04-16;"Trenčiansky kraj";10;0;0;0;NA;101286;10;2020-04-16;106
2020-04-15;"Trenčiansky kraj";4;0;0;0;NA;101286;4;2020-04-15;96
2020-04-13;"Trenčiansky kraj";1;0;0;0;NA;101286;1;2020-04-13;92
2020-04-12;"Trenčiansky kraj";2;0;0;0;NA;101286;2;2020-04-12;91
2020-04-11;"Trenčiansky kraj";3;0;0;0;NA;101286;3;2020-04-11;89
2020-04-08;"Trenčiansky kraj";2;0;0;0;NA;101286;2;2020-04-08;86
2020-04-07;"Trenčiansky kraj";18;0;0;0;NA;101286;18;2020-04-07;84
2020-04-05;"Trenčiansky kraj";3;0;0;0;NA;101286;3;2020-04-05;66
2020-04-04;"Trenčiansky kraj";5;0;0;0;NA;101286;5;2020-04-04;63
2020-04-03;"Trenčiansky kraj";4;0;0;0;NA;101286;4;2020-04-03;58
2020-04-02;"Trenčiansky kraj";1;0;0;0;NA;101286;1;2020-04-02;54
2020-04-01;"Trenčiansky kraj";3;0;0;0;NA;101286;3;2020-04-01;53
2020-03-31;"Trenčiansky kraj";1;0;0;0;NA;101286;1;2020-03-31;50
2020-03-30;"Trenčiansky kraj";3;0;0;0;NA;101286;3;2020-03-30;49
2020-03-29;"Trenčiansky kraj";6;0;0;0;NA;101286;6;2020-03-29;46
2020-03-28;"Trenčiansky kraj";9;0;0;0;NA;101286;9;2020-03-28;40
2020-03-27;"Trenčiansky kraj";2;0;0;0;NA;101286;2;2020-03-27;31
2020-03-26;"Trenčiansky kraj";6;0;0;0;NA;101286;6;2020-03-26;29
2020-03-25;"Trenčiansky kraj";3;0;0;0;NA;101286;3;2020-03-25;23
2020-03-24;"Trenčiansky kraj";1;0;0;0;NA;101286;1;2020-03-24;20
2020-03-21;"Trenčiansky kraj";2;0;0;0;NA;101286;2;2020-03-21;19
2020-03-20;"Trenčiansky kraj";2;0;0;0;NA;101286;2;2020-03-20;17
2020-03-19;"Trenčiansky kraj";8;0;0;0;NA;101286;8;2020-03-19;15
2020-03-16;"Trenčiansky kraj";1;0;0;0;NA;101286;1;2020-03-16;7
2020-03-15;"Trenčiansky kraj";5;0;0;0;NA;101286;5;2020-03-15;6
2020-03-12;"Trenčiansky kraj";1;0;0;0;NA;101286;1;2020-03-12;1
2021-04-09;"Trnavský kraj";95;0;0;0;43927;98721;95;2021-04-09;98721
2021-04-08;"Trnavský kraj";85;8739;37;8776;NA;98721;122;2021-04-08;98626
2021-04-07;"Trnavský kraj";131;15390;80;15470;NA;98721;211;2021-04-07;98504
2021-04-06;"Trnavský kraj";92;19591;90;19681;NA;98721;182;2021-04-06;98293
2021-04-05;"Trnavský kraj";91;7047;13;7060;NA;98721;104;2021-04-05;98111
2021-04-04;"Trnavský kraj";9;15197;26;15223;NA;98721;35;2021-04-04;98007
2021-04-03;"Trnavský kraj";29;138616;157;138773;NA;98721;186;2021-04-03;97972
2021-04-02;"Trnavský kraj";91;13659;27;13686;NA;98721;118;2021-04-02;97786
2021-04-01;"Trnavský kraj";118;21042;58;21100;NA;98721;176;2021-04-01;97668
2021-03-31;"Trnavský kraj";140;15094;73;15167;NA;98721;213;2021-03-31;97492
2021-03-30;"Trnavský kraj";182;10394;79;10473;NA;98721;261;2021-03-30;97279
2021-03-29;"Trnavský kraj";126;15367;85;15452;NA;98721;211;2021-03-29;97018
2021-03-28;"Trnavský kraj";26;43455;100;43555;NA;98721;126;2021-03-28;96807
2021-03-27;"Trnavský kraj";64;120690;235;120925;NA;98721;299;2021-03-27;96681
2021-03-26;"Trnavský kraj";139;30217;130;30347;NA;98721;269;2021-03-26;96382
2021-03-25;"Trnavský kraj";135;14212;80;14292;NA;98721;215;2021-03-25;96113
2021-03-24;"Trnavský kraj";159;10521;89;10610;NA;98721;248;2021-03-24;95898
2021-03-23;"Trnavský kraj";221;12596;103;12699;NA;98721;324;2021-03-23;95650
2021-03-22;"Trnavský kraj";103;15718;97;15815;NA;98721;200;2021-03-22;95326
2021-03-21;"Trnavský kraj";31;29502;87;29589;NA;98721;118;2021-03-21;95126
2021-03-20;"Trnavský kraj";112;136522;317;136839;NA;98721;429;2021-03-20;95008
2021-03-19;"Trnavský kraj";174;25301;109;25410;NA;98721;283;2021-03-19;94579
2021-03-18;"Trnavský kraj";158;12088;134;12222;NA;98721;292;2021-03-18;94296
2021-03-17;"Trnavský kraj";245;10725;103;10828;NA;98721;348;2021-03-17;94004
2021-03-16;"Trnavský kraj";311;12763;135;12898;NA;98721;446;2021-03-16;93656
2021-03-15;"Trnavský kraj";127;18321;145;18466;NA;98721;272;2021-03-15;93210
2021-03-14;"Trnavský kraj";14;46499;152;46651;NA;98721;166;2021-03-14;92938
2021-03-13;"Trnavský kraj";155;139195;412;139607;NA;98721;567;2021-03-13;92772
2021-03-12;"Trnavský kraj";201;28226;179;28405;NA;98721;380;2021-03-12;92205
2021-03-11;"Trnavský kraj";204;13263;142;13405;NA;98721;346;2021-03-11;91825
2021-03-10;"Trnavský kraj";242;10460;136;10596;NA;98721;378;2021-03-10;91479
2021-03-09;"Trnavský kraj";442;12876;156;13032;NA;98721;598;2021-03-09;91101
2021-03-08;"Trnavský kraj";182;21459;163;21622;NA;98721;345;2021-03-08;90503
2021-03-07;"Trnavský kraj";30;46117;228;46345;NA;98721;258;2021-03-07;90158
2021-03-06;"Trnavský kraj";154;135576;529;136105;NA;98721;683;2021-03-06;89900
2021-03-05;"Trnavský kraj";299;28822;247;29069;NA;98721;546;2021-03-05;89217
2021-03-04;"Trnavský kraj";238;14067;175;14242;NA;98721;413;2021-03-04;88671
2021-03-03;"Trnavský kraj";413;11546;242;11788;NA;98721;655;2021-03-03;88258
2021-03-02;"Trnavský kraj";477;12352;196;12548;NA;98721;673;2021-03-02;87603
2021-03-01;"Trnavský kraj";189;18105;228;18333;NA;98721;417;2021-03-01;86930
2021-02-28;"Trnavský kraj";87;42516;295;42811;NA;98721;382;2021-02-28;86513
2021-02-27;"Trnavský kraj";264;140725;804;141529;NA;98721;1068;2021-02-27;86131
2021-02-26;"Trnavský kraj";362;26951;287;27238;NA;98721;649;2021-02-26;85063
2021-02-25;"Trnavský kraj";433;10490;227;10717;NA;98721;660;2021-02-25;84414
2021-02-24;"Trnavský kraj";407;9110;290;9400;NA;98721;697;2021-02-24;83754
2021-02-23;"Trnavský kraj";469;11322;284;11606;NA;98721;753;2021-02-23;83057
2021-02-22;"Trnavský kraj";206;19909;330;20239;NA;98721;536;2021-02-22;82304
2021-02-21;"Trnavský kraj";38;40845;264;41109;NA;98721;302;2021-02-21;81768
2021-02-20;"Trnavský kraj";273;135812;859;136671;NA;98721;1132;2021-02-20;81466
2021-02-19;"Trnavský kraj";335;26982;347;27329;NA;98721;682;2021-02-19;80334
2021-02-18;"Trnavský kraj";344;11263;348;11611;NA;98721;692;2021-02-18;79652
2021-02-17;"Trnavský kraj";431;8780;416;9196;NA;98721;847;2021-02-17;78960
2021-02-16;"Trnavský kraj";426;11413;295;11708;NA;98721;721;2021-02-16;78113
2021-02-15;"Trnavský kraj";146;18075;291;18366;NA;98721;437;2021-02-15;77392
2021-02-14;"Trnavský kraj";51;44417;335;44752;NA;98721;386;2021-02-14;76955
2021-02-13;"Trnavský kraj";218;137051;994;138045;NA;98721;1212;2021-02-13;76569
2021-02-12;"Trnavský kraj";300;23682;336;24018;NA;98721;636;2021-02-12;75357
2021-02-11;"Trnavský kraj";422;9901;360;10261;NA;98721;782;2021-02-11;74721
2021-02-10;"Trnavský kraj";511;9334;344;9678;NA;98721;855;2021-02-10;73939
2021-02-09;"Trnavský kraj";544;12752;369;13121;NA;98721;913;2021-02-09;73084
2021-02-08;"Trnavský kraj";220;34323;507;34830;NA;98721;727;2021-02-08;72171
2021-02-07;"Trnavský kraj";140;68646;623;69269;NA;98721;763;2021-02-07;71444
2021-02-06;"Trnavský kraj";348;111903;1473;113376;NA;98721;1821;2021-02-06;70681
2021-02-05;"Trnavský kraj";377;16448;400;16848;NA;98721;777;2021-02-05;68860
2021-02-04;"Trnavský kraj";456;7318;456;7774;NA;98721;912;2021-02-04;68083
2021-02-03;"Trnavský kraj";472;6584;434;7018;NA;98721;906;2021-02-03;67171
2021-02-02;"Trnavský kraj";446;14219;424;14643;NA;98721;870;2021-02-02;66265
2021-02-01;"Trnavský kraj";198;40071;690;40761;NA;98721;888;2021-02-01;65395
2021-01-31;"Trnavský kraj";19;125630;1556;127186;NA;98721;1575;2021-01-31;64507
2021-01-30;"Trnavský kraj";323;221184;2560;223744;NA;98721;2883;2021-01-30;62932
2021-01-29;"Trnavský kraj";421;19337;575;19912;NA;98721;996;2021-01-29;60049
2021-01-28;"Trnavský kraj";389;11630;572;12202;NA;98721;961;2021-01-28;59053
2021-01-27;"Trnavský kraj";433;10600;438;11038;NA;98721;871;2021-01-27;58092
2021-01-26;"Trnavský kraj";565;50782;1272;52054;NA;98721;1837;2021-01-26;57221
2021-01-25;"Trnavský kraj";210;83706;1214;84920;NA;98721;1424;2021-01-25;55384
2021-01-24;"Trnavský kraj";91;112516;1426;113942;NA;98721;1517;2021-01-24;53960
2021-01-23;"Trnavský kraj";372;234354;2694;237048;NA;98721;3066;2021-01-23;52443
2021-01-22;"Trnavský kraj";217;66250;1014;67264;NA;98721;1231;2021-01-22;49377
2021-01-21;"Trnavský kraj";311;27669;756;28425;NA;98721;1067;2021-01-21;48146
2021-01-20;"Trnavský kraj";503;16266;548;16814;NA;98721;1051;2021-01-20;47079
2021-01-19;"Trnavský kraj";415;14022;694;14716;NA;98721;1109;2021-01-19;46028
2021-01-18;"Trnavský kraj";247;12471;968;13439;NA;98721;1215;2021-01-18;44919
2021-01-17;"Trnavský kraj";128;1708;430;2138;NA;98721;558;2021-01-17;43704
2021-01-16;"Trnavský kraj";103;1198;38;1236;NA;98721;141;2021-01-16;43146
2021-01-15;"Trnavský kraj";278;10913;670;11583;NA;98721;948;2021-01-15;43005
2021-01-14;"Trnavský kraj";452;8001;676;8677;NA;98721;1128;2021-01-14;42057
2021-01-13;"Trnavský kraj";457;9503;756;10259;NA;98721;1213;2021-01-13;40929
2021-01-12;"Trnavský kraj";469;14352;966;15318;NA;98721;1435;2021-01-12;39716
2021-01-11;"Trnavský kraj";370;10115;784;10899;NA;98721;1154;2021-01-11;38281
2021-01-10;"Trnavský kraj";71;26;0;26;NA;98721;71;2021-01-10;37127
2021-01-09;"Trnavský kraj";417;3550;200;3750;NA;98721;617;2021-01-09;37056
2021-01-08;"Trnavský kraj";381;13104;1064;14168;NA;98721;1445;2021-01-08;36439
2021-01-07;"Trnavský kraj";501;8154;780;8934;NA;98721;1281;2021-01-07;34994
2021-01-06;"Trnavský kraj";179;1516;264;1780;NA;98721;443;2021-01-06;33713
2021-01-05;"Trnavský kraj";611;11847;1272;13119;NA;98721;1883;2021-01-05;33270
2021-01-04;"Trnavský kraj";302;10478;1378;11856;NA;98721;1680;2021-01-04;31387
2021-01-03;"Trnavský kraj";60;106;14;120;NA;98721;74;2021-01-03;29707
2021-01-02;"Trnavský kraj";282;834;64;898;NA;98721;346;2021-01-02;29633
2021-01-01;"Trnavský kraj";143;898;152;1050;NA;98721;295;2021-01-01;29287
2020-12-31;"Trnavský kraj";498;8488;858;9346;NA;98721;1356;2020-12-31;28992
2020-12-30;"Trnavský kraj";785;5318;612;5930;NA;98721;1397;2020-12-30;27636
2020-12-29;"Trnavský kraj";322;4999;593;5592;NA;98721;915;2020-12-29;26239
2020-12-28;"Trnavský kraj";213;5334;615;5949;NA;98721;828;2020-12-28;25324
2020-12-27;"Trnavský kraj";27;12;4;16;NA;98721;31;2020-12-27;24496
2020-12-26;"Trnavský kraj";148;44;1;45;NA;98721;149;2020-12-26;24465
2020-12-25;"Trnavský kraj";65;49;5;54;NA;98721;70;2020-12-25;24316
2020-12-24;"Trnavský kraj";333;1359;117;1476;NA;98721;450;2020-12-24;24246
2020-12-23;"Trnavský kraj";210;6417;375;6792;NA;98721;585;2020-12-23;23796
2020-12-22;"Trnavský kraj";311;5590;491;6081;NA;98721;802;2020-12-22;23211
2020-12-21;"Trnavský kraj";328;4527;399;4926;NA;98721;727;2020-12-21;22409
2020-12-20;"Trnavský kraj";134;110;12;122;NA;98721;146;2020-12-20;21682
2020-12-19;"Trnavský kraj";201;1046;86;1132;NA;98721;287;2020-12-19;21536
2020-12-18;"Trnavský kraj";341;4898;378;5276;NA;98721;719;2020-12-18;21249
2020-12-17;"Trnavský kraj";375;5271;443;5714;NA;98721;818;2020-12-17;20530
2020-12-16;"Trnavský kraj";312;5249;405;5654;NA;98721;717;2020-12-16;19712
2020-12-15;"Trnavský kraj";492;6623;632;7255;NA;98721;1124;2020-12-15;18995
2020-12-14;"Trnavský kraj";161;3505;292;3797;NA;98721;453;2020-12-14;17871
2020-12-13;"Trnavský kraj";7;0;0;0;NA;98721;7;2020-12-13;17418
2020-12-12;"Trnavský kraj";254;1456;114;1570;NA;98721;368;2020-12-12;17411
2020-12-11;"Trnavský kraj";384;4683;262;4945;NA;98721;646;2020-12-11;17043
2020-12-10;"Trnavský kraj";183;5194;320;5514;NA;98721;503;2020-12-10;16397
2020-12-09;"Trnavský kraj";521;4283;321;4604;NA;98721;842;2020-12-09;15894
2020-12-08;"Trnavský kraj";281;4090;304;4394;NA;98721;585;2020-12-08;15052
2020-12-07;"Trnavský kraj";178;2895;199;3094;NA;98721;377;2020-12-07;14467
2020-12-06;"Trnavský kraj";46;0;0;0;NA;98721;46;2020-12-06;14090
2020-12-05;"Trnavský kraj";129;2218;41;2259;NA;98721;170;2020-12-05;14044
2020-12-04;"Trnavský kraj";242;3948;158;4106;NA;98721;400;2020-12-04;13874
2020-12-03;"Trnavský kraj";248;2770;190;2960;NA;98721;438;2020-12-03;13474
2020-12-02;"Trnavský kraj";284;4516;176;4692;NA;98721;460;2020-12-02;13036
2020-12-01;"Trnavský kraj";253;3190;205;3395;NA;98721;458;2020-12-01;12576
2020-11-30;"Trnavský kraj";200;7360;186;7546;NA;98721;386;2020-11-30;12118
2020-11-29;"Trnavský kraj";17;708;34;742;NA;98721;51;2020-11-29;11732
2020-11-28;"Trnavský kraj";83;1453;77;1530;NA;98721;160;2020-11-28;11681
2020-11-27;"Trnavský kraj";148;1591;83;1674;NA;98721;231;2020-11-27;11521
2020-11-26;"Trnavský kraj";234;985;59;1044;NA;98721;293;2020-11-26;11290
2020-11-25;"Trnavský kraj";232;1029;72;1101;NA;98721;304;2020-11-25;10997
2020-11-24;"Trnavský kraj";295;1772;91;1863;NA;98721;386;2020-11-24;10693
2020-11-23;"Trnavský kraj";242;7207;125;7332;NA;98721;367;2020-11-23;10307
2020-11-22;"Trnavský kraj";10;54;3;57;NA;98721;13;2020-11-22;9940
2020-11-21;"Trnavský kraj";129;1214;23;1237;NA;98721;152;2020-11-21;9927
2020-11-20;"Trnavský kraj";246;1027;61;1088;NA;98721;307;2020-11-20;9775
2020-11-19;"Trnavský kraj";157;694;58;752;NA;98721;215;2020-11-19;9468
2020-11-18;"Trnavský kraj";235;716;75;791;NA;98721;310;2020-11-18;9253
2020-11-17;"Trnavský kraj";129;695;72;767;NA;98721;201;2020-11-17;8943
2020-11-16;"Trnavský kraj";187;682;32;714;NA;98721;219;2020-11-16;8742
2020-11-15;"Trnavský kraj";23;73;4;77;NA;98721;27;2020-11-15;8523
2020-11-14;"Trnavský kraj";86;389;10;399;NA;98721;96;2020-11-14;8496
2020-11-13;"Trnavský kraj";219;1312;21;1333;NA;98721;240;2020-11-13;8400
2020-11-12;"Trnavský kraj";162;420;18;438;NA;98721;180;2020-11-12;8160
2020-11-11;"Trnavský kraj";257;392;15;407;NA;98721;272;2020-11-11;7980
2020-11-10;"Trnavský kraj";189;889;30;919;NA;98721;219;2020-11-10;7708
2020-11-09;"Trnavský kraj";196;369;23;392;NA;98721;219;2020-11-09;7489
2020-11-08;"Trnavský kraj";55;306;4;310;NA;98721;59;2020-11-08;7270
2020-11-07;"Trnavský kraj";207;6070;74;6144;NA;98721;281;2020-11-07;7211
2020-11-06;"Trnavský kraj";260;1531;19;1550;NA;98721;279;2020-11-06;6930
2020-11-05;"Trnavský kraj";150;220;27;247;NA;98721;177;2020-11-05;6651
2020-11-04;"Trnavský kraj";188;212;10;222;NA;98721;198;2020-11-04;6474
2020-11-03;"Trnavský kraj";317;127;8;135;NA;98721;325;2020-11-03;6276
2020-11-02;"Trnavský kraj";281;1728;31;1759;NA;98721;312;2020-11-02;5951
2020-11-01;"Trnavský kraj";87;494;27;521;NA;98721;114;2020-11-01;5639
2020-10-31;"Trnavský kraj";259;5024;41;5065;NA;98721;300;2020-10-31;5525
2020-10-30;"Trnavský kraj";198;3784;27;3811;NA;98721;225;2020-10-30;5225
2020-10-29;"Trnavský kraj";273;1461;16;1477;NA;98721;289;2020-10-29;5000
2020-10-28;"Trnavský kraj";319;117;16;133;NA;98721;335;2020-10-28;4711
2020-10-27;"Trnavský kraj";199;461;36;497;NA;98721;235;2020-10-27;4376
2020-10-26;"Trnavský kraj";153;29;2;31;NA;98721;155;2020-10-26;4141
2020-10-25;"Trnavský kraj";95;19;1;20;NA;98721;96;2020-10-25;3986
2020-10-24;"Trnavský kraj";158;109;2;111;NA;98721;160;2020-10-24;3890
2020-10-23;"Trnavský kraj";201;89;4;93;NA;98721;205;2020-10-23;3730
2020-10-22;"Trnavský kraj";195;55;2;57;NA;98721;197;2020-10-22;3525
2020-10-21;"Trnavský kraj";134;73;3;76;NA;98721;137;2020-10-21;3328
2020-10-20;"Trnavský kraj";202;82;3;85;NA;98721;205;2020-10-20;3191
2020-10-19;"Trnavský kraj";67;55;0;55;NA;98721;67;2020-10-19;2986
2020-10-18;"Trnavský kraj";84;0;0;0;NA;98721;84;2020-10-18;2919
2020-10-17;"Trnavský kraj";123;0;0;0;NA;98721;123;2020-10-17;2835
2020-10-16;"Trnavský kraj";86;45;2;47;NA;98721;88;2020-10-16;2712
2020-10-15;"Trnavský kraj";155;66;2;68;NA;98721;157;2020-10-15;2624
2020-10-14;"Trnavský kraj";236;468;3;471;NA;98721;239;2020-10-14;2467
2020-10-13;"Trnavský kraj";138;16;2;18;NA;98721;140;2020-10-13;2228
2020-10-12;"Trnavský kraj";33;41;1;42;NA;98721;34;2020-10-12;2088
2020-10-11;"Trnavský kraj";31;0;0;0;NA;98721;31;2020-10-11;2054
2020-10-10;"Trnavský kraj";128;0;0;0;NA;98721;128;2020-10-10;2023
2020-10-09;"Trnavský kraj";156;0;0;0;NA;98721;156;2020-10-09;1895
2020-10-08;"Trnavský kraj";153;0;0;0;NA;98721;153;2020-10-08;1739
2020-10-07;"Trnavský kraj";80;0;0;0;NA;98721;80;2020-10-07;1586
2020-10-06;"Trnavský kraj";112;0;0;0;NA;98721;112;2020-10-06;1506
2020-10-05;"Trnavský kraj";33;0;0;0;NA;98721;33;2020-10-05;1394
2020-10-04;"Trnavský kraj";44;0;0;0;NA;98721;44;2020-10-04;1361
2020-10-03;"Trnavský kraj";60;0;0;0;NA;98721;60;2020-10-03;1317
2020-10-02;"Trnavský kraj";41;0;0;0;NA;98721;41;2020-10-02;1257
2020-10-01;"Trnavský kraj";53;0;0;0;NA;98721;53;2020-10-01;1216
2020-09-30;"Trnavský kraj";91;0;0;0;NA;98721;91;2020-09-30;1163
2020-09-29;"Trnavský kraj";40;0;0;0;NA;98721;40;2020-09-29;1072
2020-09-28;"Trnavský kraj";69;0;0;0;NA;98721;69;2020-09-28;1032
2020-09-27;"Trnavský kraj";30;0;0;0;NA;98721;30;2020-09-27;963
2020-09-26;"Trnavský kraj";46;0;0;0;NA;98721;46;2020-09-26;933
2020-09-25;"Trnavský kraj";32;0;0;0;NA;98721;32;2020-09-25;887
2020-09-24;"Trnavský kraj";42;0;0;0;NA;98721;42;2020-09-24;855
2020-09-23;"Trnavský kraj";43;0;0;0;NA;98721;43;2020-09-23;813
2020-09-22;"Trnavský kraj";55;0;0;0;NA;98721;55;2020-09-22;770
2020-09-21;"Trnavský kraj";41;0;0;0;NA;98721;41;2020-09-21;715
2020-09-20;"Trnavský kraj";17;0;0;0;NA;98721;17;2020-09-20;674
2020-09-19;"Trnavský kraj";4;0;0;0;NA;98721;4;2020-09-19;657
2020-09-18;"Trnavský kraj";33;0;0;0;NA;98721;33;2020-09-18;653
2020-09-17;"Trnavský kraj";42;0;0;0;NA;98721;42;2020-09-17;620
2020-09-16;"Trnavský kraj";49;0;0;0;NA;98721;49;2020-09-16;578
2020-09-15;"Trnavský kraj";5;0;0;0;NA;98721;5;2020-09-15;529
2020-09-14;"Trnavský kraj";26;0;0;0;NA;98721;26;2020-09-14;524
2020-09-13;"Trnavský kraj";9;0;0;0;NA;98721;9;2020-09-13;498
2020-09-12;"Trnavský kraj";12;0;0;0;NA;98721;12;2020-09-12;489
2020-09-11;"Trnavský kraj";16;0;0;0;NA;98721;16;2020-09-11;477
2020-09-10;"Trnavský kraj";32;0;0;0;NA;98721;32;2020-09-10;461
2020-09-09;"Trnavský kraj";14;0;0;0;NA;98721;14;2020-09-09;429
2020-09-08;"Trnavský kraj";11;0;0;0;NA;98721;11;2020-09-08;415
2020-09-07;"Trnavský kraj";7;0;0;0;NA;98721;7;2020-09-07;404
2020-09-06;"Trnavský kraj";5;0;0;0;NA;98721;5;2020-09-06;397
2020-09-05;"Trnavský kraj";7;0;0;0;NA;98721;7;2020-09-05;392
2020-09-04;"Trnavský kraj";16;0;0;0;NA;98721;16;2020-09-04;385
2020-09-03;"Trnavský kraj";8;0;0;0;NA;98721;8;2020-09-03;369
2020-09-02;"Trnavský kraj";7;0;0;0;NA;98721;7;2020-09-02;361
2020-09-01;"Trnavský kraj";1;0;0;0;NA;98721;1;2020-09-01;354
2020-08-31;"Trnavský kraj";6;0;0;0;NA;98721;6;2020-08-31;353
2020-08-30;"Trnavský kraj";1;0;0;0;NA;98721;1;2020-08-30;347
2020-08-29;"Trnavský kraj";3;0;0;0;NA;98721;3;2020-08-29;346
2020-08-28;"Trnavský kraj";14;0;0;0;NA;98721;14;2020-08-28;343
2020-08-27;"Trnavský kraj";6;0;0;0;NA;98721;6;2020-08-27;329
2020-08-26;"Trnavský kraj";4;0;0;0;NA;98721;4;2020-08-26;323
2020-08-25;"Trnavský kraj";7;0;0;0;NA;98721;7;2020-08-25;319
2020-08-24;"Trnavský kraj";1;0;0;0;NA;98721;1;2020-08-24;312
2020-08-23;"Trnavský kraj";6;0;0;0;NA;98721;6;2020-08-23;311
2020-08-22;"Trnavský kraj";3;0;0;0;NA;98721;3;2020-08-22;305
2020-08-21;"Trnavský kraj";4;0;0;0;NA;98721;4;2020-08-21;302
2020-08-20;"Trnavský kraj";23;0;0;0;NA;98721;23;2020-08-20;298
2020-08-19;"Trnavský kraj";13;0;0;0;NA;98721;13;2020-08-19;275
2020-08-18;"Trnavský kraj";20;0;0;0;NA;98721;20;2020-08-18;262
2020-08-17;"Trnavský kraj";3;0;0;0;NA;98721;3;2020-08-17;242
2020-08-15;"Trnavský kraj";7;0;0;0;NA;98721;7;2020-08-15;239
2020-08-14;"Trnavský kraj";6;0;0;0;NA;98721;6;2020-08-14;232
2020-08-13;"Trnavský kraj";10;0;0;0;NA;98721;10;2020-08-13;226
2020-08-12;"Trnavský kraj";2;0;0;0;NA;98721;2;2020-08-12;216
2020-08-11;"Trnavský kraj";30;0;0;0;NA;98721;30;2020-08-11;214
2020-08-08;"Trnavský kraj";13;0;0;0;NA;98721;13;2020-08-08;184
2020-08-07;"Trnavský kraj";4;0;0;0;NA;98721;4;2020-08-07;171
2020-08-06;"Trnavský kraj";4;0;0;0;NA;98721;4;2020-08-06;167
2020-08-04;"Trnavský kraj";1;0;0;0;NA;98721;1;2020-08-04;163
2020-08-03;"Trnavský kraj";2;0;0;0;NA;98721;2;2020-08-03;162
2020-08-02;"Trnavský kraj";1;0;0;0;NA;98721;1;2020-08-02;160
2020-07-31;"Trnavský kraj";7;0;0;0;NA;98721;7;2020-07-31;159
2020-07-30;"Trnavský kraj";6;0;0;0;NA;98721;6;2020-07-30;152
2020-07-28;"Trnavský kraj";1;0;0;0;NA;98721;1;2020-07-28;146
2020-07-27;"Trnavský kraj";2;0;0;0;NA;98721;2;2020-07-27;145
2020-07-24;"Trnavský kraj";1;0;0;0;NA;98721;1;2020-07-24;143
2020-07-23;"Trnavský kraj";2;0;0;0;NA;98721;2;2020-07-23;142
2020-07-22;"Trnavský kraj";1;0;0;0;NA;98721;1;2020-07-22;140
2020-07-21;"Trnavský kraj";2;0;0;0;NA;98721;2;2020-07-21;139
2020-07-15;"Trnavský kraj";1;0;0;0;NA;98721;1;2020-07-15;137
2020-07-08;"Trnavský kraj";3;0;0;0;NA;98721;3;2020-07-08;136
2020-07-07;"Trnavský kraj";4;0;0;0;NA;98721;4;2020-07-07;133
2020-07-02;"Trnavský kraj";3;0;0;0;NA;98721;3;2020-07-02;129
2020-06-18;"Trnavský kraj";2;0;0;0;NA;98721;2;2020-06-18;126
2020-05-25;"Trnavský kraj";1;0;0;0;NA;98721;1;2020-05-25;124
2020-05-23;"Trnavský kraj";2;0;0;0;NA;98721;2;2020-05-23;123
2020-05-20;"Trnavský kraj";2;0;0;0;NA;98721;2;2020-05-20;121
2020-05-15;"Trnavský kraj";1;0;0;0;NA;98721;1;2020-05-15;119
2020-05-11;"Trnavský kraj";2;0;0;0;NA;98721;2;2020-05-11;118
2020-04-28;"Trnavský kraj";1;0;0;0;NA;98721;1;2020-04-28;116
2020-04-25;"Trnavský kraj";2;0;0;0;NA;98721;2;2020-04-25;115
2020-04-24;"Trnavský kraj";4;0;0;0;NA;98721;4;2020-04-24;113
2020-04-23;"Trnavský kraj";5;0;0;0;NA;98721;5;2020-04-23;109
2020-04-22;"Trnavský kraj";10;0;0;0;NA;98721;10;2020-04-22;104
2020-04-21;"Trnavský kraj";5;0;0;0;NA;98721;5;2020-04-21;94
2020-04-19;"Trnavský kraj";1;0;0;0;NA;98721;1;2020-04-19;89
2020-04-18;"Trnavský kraj";4;0;0;0;NA;98721;4;2020-04-18;88
2020-04-17;"Trnavský kraj";7;0;0;0;NA;98721;7;2020-04-17;84
2020-04-16;"Trnavský kraj";5;0;0;0;NA;98721;5;2020-04-16;77
2020-04-15;"Trnavský kraj";5;0;0;0;NA;98721;5;2020-04-15;72
2020-04-14;"Trnavský kraj";1;0;0;0;NA;98721;1;2020-04-14;67
2020-04-10;"Trnavský kraj";2;0;0;0;NA;98721;2;2020-04-10;66
2020-04-09;"Trnavský kraj";3;0;0;0;NA;98721;3;2020-04-09;64
2020-04-08;"Trnavský kraj";4;0;0;0;NA;98721;4;2020-04-08;61
2020-04-07;"Trnavský kraj";6;0;0;0;NA;98721;6;2020-04-07;57
2020-04-06;"Trnavský kraj";6;0;0;0;NA;98721;6;2020-04-06;51
2020-04-05;"Trnavský kraj";1;0;0;0;NA;98721;1;2020-04-05;45
2020-04-04;"Trnavský kraj";1;0;0;0;NA;98721;1;2020-04-04;44
2020-04-03;"Trnavský kraj";3;0;0;0;NA;98721;3;2020-04-03;43
2020-04-02;"Trnavský kraj";4;0;0;0;NA;98721;4;2020-04-02;40
2020-03-31;"Trnavský kraj";3;0;0;0;NA;98721;3;2020-03-31;36
2020-03-30;"Trnavský kraj";4;0;0;0;NA;98721;4;2020-03-30;33
2020-03-29;"Trnavský kraj";1;0;0;0;NA;98721;1;2020-03-29;29
2020-03-28;"Trnavský kraj";3;0;0;0;NA;98721;3;2020-03-28;28
2020-03-27;"Trnavský kraj";5;0;0;0;NA;98721;5;2020-03-27;25
2020-03-26;"Trnavský kraj";5;0;0;0;NA;98721;5;2020-03-26;20
2020-03-25;"Trnavský kraj";1;0;0;0;NA;98721;1;2020-03-25;15
2020-03-23;"Trnavský kraj";2;0;0;0;NA;98721;2;2020-03-23;14
2020-03-22;"Trnavský kraj";1;0;0;0;NA;98721;1;2020-03-22;12
2020-03-21;"Trnavský kraj";5;0;0;0;NA;98721;5;2020-03-21;11
2020-03-17;"Trnavský kraj";3;0;0;0;NA;98721;3;2020-03-17;6
2020-03-16;"Trnavský kraj";1;0;0;0;NA;98721;1;2020-03-16;3
2020-03-13;"Trnavský kraj";1;0;0;0;NA;98721;1;2020-03-13;2
2020-03-12;"Trnavský kraj";1;0;0;0;NA;98721;1;2020-03-12;1
2021-04-09;"Žilinský kraj";195;18;0;18;54006;107175;195;2021-04-09;107175
2021-04-08;"Žilinský kraj";179;15694;112;15806;NA;107175;291;2021-04-08;106980
2021-04-07;"Žilinský kraj";309;29054;174;29228;NA;107175;483;2021-04-07;106689
2021-04-06;"Žilinský kraj";308;38918;294;39212;NA;107175;602;2021-04-06;106206
2021-04-05;"Žilinský kraj";17;7182;76;7258;NA;107175;93;2021-04-05;105604
2021-04-04;"Žilinský kraj";17;8889;35;8924;NA;107175;52;2021-04-04;105511
2021-04-03;"Žilinský kraj";180;96957;374;97331;NA;107175;554;2021-04-03;105459
2021-04-02;"Žilinský kraj";73;20231;68;20299;NA;107175;141;2021-04-02;104905
2021-04-01;"Žilinský kraj";334;42185;240;42425;NA;107175;574;2021-04-01;104764
2021-03-31;"Žilinský kraj";170;31728;247;31975;NA;107175;417;2021-03-31;104190
2021-03-30;"Žilinský kraj";406;25653;240;25893;NA;107175;646;2021-03-30;103773
2021-03-29;"Žilinský kraj";297;28022;268;28290;NA;107175;565;2021-03-29;103127
2021-03-28;"Žilinský kraj";21;20139;136;20275;NA;107175;157;2021-03-28;102562
2021-03-27;"Žilinský kraj";151;85343;350;85693;NA;107175;501;2021-03-27;102405
2021-03-26;"Žilinský kraj";312;51997;332;52329;NA;107175;644;2021-03-26;101904
2021-03-25;"Žilinský kraj";281;27624;214;27838;NA;107175;495;2021-03-25;101260
2021-03-24;"Žilinský kraj";280;21425;261;21686;NA;107175;541;2021-03-24;100765
2021-03-23;"Žilinský kraj";418;23171;278;23449;NA;107175;696;2021-03-23;100224
2021-03-22;"Žilinský kraj";293;29289;314;29603;NA;107175;607;2021-03-22;99528
2021-03-21;"Žilinský kraj";32;20978;125;21103;NA;107175;157;2021-03-21;98921
2021-03-20;"Žilinský kraj";165;84621;471;85092;NA;107175;636;2021-03-20;98764
2021-03-19;"Žilinský kraj";357;51763;413;52176;NA;107175;770;2021-03-19;98128
2021-03-18;"Žilinský kraj";329;28453;294;28747;NA;107175;623;2021-03-18;97358
2021-03-17;"Žilinský kraj";395;21916;269;22185;NA;107175;664;2021-03-17;96735
2021-03-16;"Žilinský kraj";514;24341;317;24658;NA;107175;831;2021-03-16;96071
2021-03-15;"Žilinský kraj";341;29607;419;30026;NA;107175;760;2021-03-15;95240
2021-03-14;"Žilinský kraj";87;31130;248;31378;NA;107175;335;2021-03-14;94480
2021-03-13;"Žilinský kraj";113;82094;507;82601;NA;107175;620;2021-03-13;94145
2021-03-12;"Žilinský kraj";520;52087;414;52501;NA;107175;934;2021-03-12;93525
2021-03-11;"Žilinský kraj";399;28478;309;28787;NA;107175;708;2021-03-11;92591
2021-03-10;"Žilinský kraj";368;22359;370;22729;NA;107175;738;2021-03-10;91883
2021-03-09;"Žilinský kraj";537;24850;316;25166;NA;107175;853;2021-03-09;91145
2021-03-08;"Žilinský kraj";387;30823;458;31281;NA;107175;845;2021-03-08;90292
2021-03-07;"Žilinský kraj";48;27903;228;28131;NA;107175;276;2021-03-07;89447
2021-03-06;"Žilinský kraj";173;84792;556;85348;NA;107175;729;2021-03-06;89171
2021-03-05;"Žilinský kraj";369;51742;483;52225;NA;107175;852;2021-03-05;88442
2021-03-04;"Žilinský kraj";467;30138;377;30515;NA;107175;844;2021-03-04;87590
2021-03-03;"Žilinský kraj";448;26254;394;26648;NA;107175;842;2021-03-03;86746
2021-03-02;"Žilinský kraj";551;25665;378;26043;NA;107175;929;2021-03-02;85904
2021-03-01;"Žilinský kraj";375;31036;441;31477;NA;107175;816;2021-03-01;84975
2021-02-28;"Žilinský kraj";61;26038;240;26278;NA;107175;301;2021-02-28;84159
2021-02-27;"Žilinský kraj";159;69790;541;70331;NA;107175;700;2021-02-27;83858
2021-02-26;"Žilinský kraj";459;47494;508;48002;NA;107175;967;2021-02-26;83158
2021-02-25;"Žilinský kraj";347;30879;393;31272;NA;107175;740;2021-02-25;82191
2021-02-24;"Žilinský kraj";339;18745;395;19140;NA;107175;734;2021-02-24;81451
2021-02-23;"Žilinský kraj";437;22418;418;22836;NA;107175;855;2021-02-23;80717
2021-02-22;"Žilinský kraj";345;29268;438;29706;NA;107175;783;2021-02-22;79862
2021-02-21;"Žilinský kraj";36;23650;272;23922;NA;107175;308;2021-02-21;79079
2021-02-20;"Žilinský kraj";152;73122;602;73724;NA;107175;754;2021-02-20;78771
2021-02-19;"Žilinský kraj";337;44806;415;45221;NA;107175;752;2021-02-19;78017
2021-02-18;"Žilinský kraj";263;22728;335;23063;NA;107175;598;2021-02-18;77265
2021-02-17;"Žilinský kraj";269;17932;355;18287;NA;107175;624;2021-02-17;76667
2021-02-16;"Žilinský kraj";321;23049;316;23365;NA;107175;637;2021-02-16;76043
2021-02-15;"Žilinský kraj";230;30420;311;30731;NA;107175;541;2021-02-15;75406
2021-02-14;"Žilinský kraj";30;20662;184;20846;NA;107175;214;2021-02-14;74865
2021-02-13;"Žilinský kraj";91;66387;429;66816;NA;107175;520;2021-02-13;74651
2021-02-12;"Žilinský kraj";242;42686;335;43021;NA;107175;577;2021-02-12;74131
2021-02-11;"Žilinský kraj";228;23345;296;23641;NA;107175;524;2021-02-11;73554
2021-02-10;"Žilinský kraj";259;17434;261;17695;NA;107175;520;2021-02-10;73030
2021-02-09;"Žilinský kraj";377;24921;276;25197;NA;107175;653;2021-02-09;72510
2021-02-08;"Žilinský kraj";160;41238;388;41626;NA;107175;548;2021-02-08;71857
2021-02-07;"Žilinský kraj";24;39435;208;39643;NA;107175;232;2021-02-07;71309
2021-02-06;"Žilinský kraj";71;67677;331;68008;NA;107175;402;2021-02-06;71077
2021-02-05;"Žilinský kraj";248;31983;323;32306;NA;107175;571;2021-02-05;70675
2021-02-04;"Žilinský kraj";238;11892;245;12137;NA;107175;483;2021-02-04;70104
2021-02-03;"Žilinský kraj";194;8962;259;9221;NA;107175;453;2021-02-03;69621
2021-02-02;"Žilinský kraj";216;9378;274;9652;NA;107175;490;2021-02-02;69168
2021-02-01;"Žilinský kraj";220;19503;363;19866;NA;107175;583;2021-02-01;68678
2021-01-31;"Žilinský kraj";11;84;2;86;NA;107175;13;2021-01-31;68095
2021-01-30;"Žilinský kraj";85;30984;316;31300;NA;107175;401;2021-01-30;68082
2021-01-29;"Žilinský kraj";209;45780;608;46388;NA;107175;817;2021-01-29;67681
2021-01-28;"Žilinský kraj";240;11250;350;11600;NA;107175;590;2021-01-28;66864
2021-01-27;"Žilinský kraj";256;14272;246;14518;NA;107175;502;2021-01-27;66274
2021-01-26;"Žilinský kraj";245;99138;686;99824;NA;107175;931;2021-01-26;65772
2021-01-25;"Žilinský kraj";159;37274;262;37536;NA;107175;421;2021-01-25;64841
2021-01-24;"Žilinský kraj";22;63968;276;64244;NA;107175;298;2021-01-24;64420
2021-01-23;"Žilinský kraj";91;177334;790;178124;NA;107175;881;2021-01-23;64122
2021-01-22;"Žilinský kraj";163;55886;458;56344;NA;107175;621;2021-01-22;63241
2021-01-21;"Žilinský kraj";116;37394;344;37738;NA;107175;460;2021-01-21;62620
2021-01-20;"Žilinský kraj";236;34968;342;35310;NA;107175;578;2021-01-20;62160
2021-01-19;"Žilinský kraj";245;28174;494;28668;NA;107175;739;2021-01-19;61582
2021-01-18;"Žilinský kraj";236;25074;668;25742;NA;107175;904;2021-01-18;60843
2021-01-17;"Žilinský kraj";95;226;4;230;NA;107175;99;2021-01-17;59939
2021-01-16;"Žilinský kraj";14;628;16;644;NA;107175;30;2021-01-16;59840
2021-01-15;"Žilinský kraj";248;14512;406;14918;NA;107175;654;2021-01-15;59810
2021-01-14;"Žilinský kraj";166;11220;498;11718;NA;107175;664;2021-01-14;59156
2021-01-13;"Žilinský kraj";247;22614;1106;23720;NA;107175;1353;2021-01-13;58492
2021-01-12;"Žilinský kraj";376;17596;836;18432;NA;107175;1212;2021-01-12;57139
2021-01-11;"Žilinský kraj";351;20696;1020;21716;NA;107175;1371;2021-01-11;55927
2021-01-10;"Žilinský kraj";38;378;14;392;NA;107175;52;2021-01-10;54556
2021-01-09;"Žilinský kraj";192;3984;170;4154;NA;107175;362;2021-01-09;54504
2021-01-08;"Žilinský kraj";413;18468;1000;19468;NA;107175;1413;2021-01-08;54142
2021-01-07;"Žilinský kraj";438;47026;3762;50788;NA;107175;4200;2021-01-07;52729
2021-01-06;"Žilinský kraj";145;2676;178;2854;NA;107175;323;2021-01-06;48529
2021-01-05;"Žilinský kraj";717;22294;1830;24124;NA;107175;2547;2021-01-05;48206
2021-01-04;"Žilinský kraj";479;18752;1918;20670;NA;107175;2397;2021-01-04;45659
2021-01-03;"Žilinský kraj";13;66;8;74;NA;107175;21;2021-01-03;43262
2021-01-02;"Žilinský kraj";98;1492;172;1664;NA;107175;270;2021-01-02;43241
2021-01-01;"Žilinský kraj";118;1104;72;1176;NA;107175;190;2021-01-01;42971
2020-12-31;"Žilinský kraj";395;10040;814;10854;NA;107175;1209;2020-12-31;42781
2020-12-30;"Žilinský kraj";1038;12026;846;12872;NA;107175;1884;2020-12-30;41572
2020-12-29;"Žilinský kraj";256;10593;1044;11637;NA;107175;1300;2020-12-29;39688
2020-12-28;"Žilinský kraj";406;10481;991;11472;NA;107175;1397;2020-12-28;38388
2020-12-27;"Žilinský kraj";40;662;80;742;NA;107175;120;2020-12-27;36991
2020-12-26;"Žilinský kraj";135;124;14;138;NA;107175;149;2020-12-26;36871
2020-12-25;"Žilinský kraj";66;111;10;121;NA;107175;76;2020-12-25;36722
2020-12-24;"Žilinský kraj";643;1018;75;1093;NA;107175;718;2020-12-24;36646
2020-12-23;"Žilinský kraj";228;17146;997;18143;NA;107175;1225;2020-12-23;35928
2020-12-22;"Žilinský kraj";519;13103;1002;14105;NA;107175;1521;2020-12-22;34703
2020-12-21;"Žilinský kraj";444;12622;1100;13722;NA;107175;1544;2020-12-21;33182
2020-12-20;"Žilinský kraj";36;579;73;652;NA;107175;109;2020-12-20;31638
2020-12-19;"Žilinský kraj";208;2080;144;2224;NA;107175;352;2020-12-19;31529
2020-12-18;"Žilinský kraj";333;6899;402;7301;NA;107175;735;2020-12-18;31177
2020-12-17;"Žilinský kraj";500;4248;280;4528;NA;107175;780;2020-12-17;30442
2020-12-16;"Žilinský kraj";333;4000;285;4285;NA;107175;618;2020-12-16;29662
2020-12-15;"Žilinský kraj";528;4182;377;4559;NA;107175;905;2020-12-15;29044
2020-12-14;"Žilinský kraj";321;4273;355;4628;NA;107175;676;2020-12-14;28139
2020-12-13;"Žilinský kraj";26;529;66;595;NA;107175;92;2020-12-13;27463
2020-12-12;"Žilinský kraj";95;1061;53;1114;NA;107175;148;2020-12-12;27371
2020-12-11;"Žilinský kraj";455;4513;274;4787;NA;107175;729;2020-12-11;27223
2020-12-10;"Žilinský kraj";166;9342;840;10182;NA;107175;1006;2020-12-10;26494
2020-12-09;"Žilinský kraj";392;2258;129;2387;NA;107175;521;2020-12-09;25488
2020-12-08;"Žilinský kraj";331;3218;127;3345;NA;107175;458;2020-12-08;24967
2020-12-07;"Žilinský kraj";348;2289;121;2410;NA;107175;469;2020-12-07;24509
2020-12-06;"Žilinský kraj";15;147;4;151;NA;107175;19;2020-12-06;24040
2020-12-05;"Žilinský kraj";98;1237;45;1282;NA;107175;143;2020-12-05;24021
2020-12-04;"Žilinský kraj";228;2884;123;3007;NA;107175;351;2020-12-04;23878
2020-12-03;"Žilinský kraj";237;1415;119;1534;NA;107175;356;2020-12-03;23527
2020-12-02;"Žilinský kraj";181;1538;82;1620;NA;107175;263;2020-12-02;23171
2020-12-01;"Žilinský kraj";209;6565;312;6877;NA;107175;521;2020-12-01;22908
2020-11-30;"Žilinský kraj";203;5237;291;5528;NA;107175;494;2020-11-30;22387
2020-11-29;"Žilinský kraj";18;81;7;88;NA;107175;25;2020-11-29;21893
2020-11-28;"Žilinský kraj";99;349;15;364;NA;107175;114;2020-11-28;21868
2020-11-27;"Žilinský kraj";218;883;46;929;NA;107175;264;2020-11-27;21754
2020-11-26;"Žilinský kraj";190;1068;56;1124;NA;107175;246;2020-11-26;21490
2020-11-25;"Žilinský kraj";225;1217;49;1266;NA;107175;274;2020-11-25;21244
2020-11-24;"Žilinský kraj";213;933;65;998;NA;107175;278;2020-11-24;20970
2020-11-23;"Žilinský kraj";170;759;44;803;NA;107175;214;2020-11-23;20692
2020-11-22;"Žilinský kraj";11;0;0;0;NA;107175;11;2020-11-22;20478
2020-11-21;"Žilinský kraj";61;505;20;525;NA;107175;81;2020-11-21;20467
2020-11-20;"Žilinský kraj";251;1074;45;1119;NA;107175;296;2020-11-20;20386
2020-11-19;"Žilinský kraj";252;752;61;813;NA;107175;313;2020-11-19;20090
2020-11-18;"Žilinský kraj";346;348;15;363;NA;107175;361;2020-11-18;19777
2020-11-17;"Žilinský kraj";123;490;15;505;NA;107175;138;2020-11-17;19416
2020-11-16;"Žilinský kraj";227;206;13;219;NA;107175;240;2020-11-16;19278
2020-11-15;"Žilinský kraj";63;13;0;13;NA;107175;63;2020-11-15;19038
2020-11-14;"Žilinský kraj";189;1038;11;1049;NA;107175;200;2020-11-14;18975
2020-11-13;"Žilinský kraj";181;125;9;134;NA;107175;190;2020-11-13;18775
2020-11-12;"Žilinský kraj";334;79;2;81;NA;107175;336;2020-11-12;18585
2020-11-11;"Žilinský kraj";489;147;10;157;NA;107175;499;2020-11-11;18249
2020-11-10;"Žilinský kraj";374;519;9;528;NA;107175;383;2020-11-10;17750
2020-11-09;"Žilinský kraj";143;2335;30;2365;NA;107175;173;2020-11-09;17367
2020-11-08;"Žilinský kraj";59;2196;35;2231;NA;107175;94;2020-11-08;17194
2020-11-07;"Žilinský kraj";312;8175;88;8263;NA;107175;400;2020-11-07;17100
2020-11-06;"Žilinský kraj";503;4090;38;4128;NA;107175;541;2020-11-06;16700
2020-11-05;"Žilinský kraj";473;64;4;68;NA;107175;477;2020-11-05;16159
2020-11-04;"Žilinský kraj";423;76;7;83;NA;107175;430;2020-11-04;15682
2020-11-03;"Žilinský kraj";688;889;16;905;NA;107175;704;2020-11-03;15252
2020-11-02;"Žilinský kraj";472;1043;39;1082;NA;107175;511;2020-11-02;14548
2020-11-01;"Žilinský kraj";349;5096;130;5226;NA;107175;479;2020-11-01;14037
2020-10-31;"Žilinský kraj";661;7963;203;8166;NA;107175;864;2020-10-31;13558
2020-10-30;"Žilinský kraj";529;2575;61;2636;NA;107175;590;2020-10-30;12694
2020-10-29;"Žilinský kraj";740;503;17;520;NA;107175;757;2020-10-29;12104
2020-10-28;"Žilinský kraj";635;105;11;116;NA;107175;646;2020-10-28;11347
2020-10-27;"Žilinský kraj";355;154;24;178;NA;107175;379;2020-10-27;10701
2020-10-26;"Žilinský kraj";148;117;28;145;NA;107175;176;2020-10-26;10322
2020-10-25;"Žilinský kraj";436;0;0;0;NA;107175;436;2020-10-25;10146
2020-10-24;"Žilinský kraj";803;0;0;0;NA;107175;803;2020-10-24;9710
2020-10-23;"Žilinský kraj";659;102;13;115;NA;107175;672;2020-10-23;8907
2020-10-22;"Žilinský kraj";525;33;3;36;NA;107175;528;2020-10-22;8235
2020-10-21;"Žilinský kraj";478;74;14;88;NA;107175;492;2020-10-21;7707
2020-10-20;"Žilinský kraj";524;127;8;135;NA;107175;532;2020-10-20;7215
2020-10-19;"Žilinský kraj";70;80;12;92;NA;107175;82;2020-10-19;6683
2020-10-18;"Žilinský kraj";159;0;0;0;NA;107175;159;2020-10-18;6601
2020-10-17;"Žilinský kraj";509;0;0;0;NA;107175;509;2020-10-17;6442
2020-10-16;"Žilinský kraj";603;51;9;60;NA;107175;612;2020-10-16;5933
2020-10-15;"Žilinský kraj";679;61;3;64;NA;107175;682;2020-10-15;5321
2020-10-14;"Žilinský kraj";523;269;6;275;NA;107175;529;2020-10-14;4639
2020-10-13;"Žilinský kraj";367;458;40;498;NA;107175;407;2020-10-13;4110
2020-10-12;"Žilinský kraj";62;0;0;0;NA;107175;62;2020-10-12;3703
2020-10-11;"Žilinský kraj";50;0;0;0;NA;107175;50;2020-10-11;3641
2020-10-10;"Žilinský kraj";213;0;0;0;NA;107175;213;2020-10-10;3591
2020-10-09;"Žilinský kraj";543;0;0;0;NA;107175;543;2020-10-09;3378
2020-10-08;"Žilinský kraj";238;0;0;0;NA;107175;238;2020-10-08;2835
2020-10-07;"Žilinský kraj";168;0;0;0;NA;107175;168;2020-10-07;2597
2020-10-06;"Žilinský kraj";233;0;0;0;NA;107175;233;2020-10-06;2429
2020-10-05;"Žilinský kraj";33;0;0;0;NA;107175;33;2020-10-05;2196
2020-10-04;"Žilinský kraj";35;0;0;0;NA;107175;35;2020-10-04;2163
2020-10-03;"Žilinský kraj";155;0;0;0;NA;107175;155;2020-10-03;2128
2020-10-02;"Žilinský kraj";105;0;0;0;NA;107175;105;2020-10-02;1973
2020-10-01;"Žilinský kraj";147;0;0;0;NA;107175;147;2020-10-01;1868
2020-09-30;"Žilinský kraj";163;0;0;0;NA;107175;163;2020-09-30;1721
2020-09-29;"Žilinský kraj";105;0;0;0;NA;107175;105;2020-09-29;1558
2020-09-28;"Žilinský kraj";34;0;0;0;NA;107175;34;2020-09-28;1453
2020-09-27;"Žilinský kraj";108;0;0;0;NA;107175;108;2020-09-27;1419
2020-09-26;"Žilinský kraj";96;0;0;0;NA;107175;96;2020-09-26;1311
2020-09-25;"Žilinský kraj";69;0;0;0;NA;107175;69;2020-09-25;1215
2020-09-24;"Žilinský kraj";100;0;0;0;NA;107175;100;2020-09-24;1146
2020-09-23;"Žilinský kraj";65;0;0;0;NA;107175;65;2020-09-23;1046
2020-09-22;"Žilinský kraj";65;0;0;0;NA;107175;65;2020-09-22;981
2020-09-21;"Žilinský kraj";47;0;0;0;NA;107175;47;2020-09-21;916
2020-09-20;"Žilinský kraj";4;0;0;0;NA;107175;4;2020-09-20;869
2020-09-19;"Žilinský kraj";6;0;0;0;NA;107175;6;2020-09-19;865
2020-09-18;"Žilinský kraj";82;0;0;0;NA;107175;82;2020-09-18;859
2020-09-17;"Žilinský kraj";30;0;0;0;NA;107175;30;2020-09-17;777
2020-09-16;"Žilinský kraj";34;0;0;0;NA;107175;34;2020-09-16;747
2020-09-15;"Žilinský kraj";12;0;0;0;NA;107175;12;2020-09-15;713
2020-09-14;"Žilinský kraj";39;0;0;0;NA;107175;39;2020-09-14;701
2020-09-13;"Žilinský kraj";6;0;0;0;NA;107175;6;2020-09-13;662
2020-09-12;"Žilinský kraj";4;0;0;0;NA;107175;4;2020-09-12;656
2020-09-11;"Žilinský kraj";31;0;0;0;NA;107175;31;2020-09-11;652
2020-09-10;"Žilinský kraj";31;0;0;0;NA;107175;31;2020-09-10;621
2020-09-09;"Žilinský kraj";23;0;0;0;NA;107175;23;2020-09-09;590
2020-09-08;"Žilinský kraj";25;0;0;0;NA;107175;25;2020-09-08;567
2020-09-07;"Žilinský kraj";11;0;0;0;NA;107175;11;2020-09-07;542
2020-09-05;"Žilinský kraj";2;0;0;0;NA;107175;2;2020-09-05;531
2020-09-04;"Žilinský kraj";33;0;0;0;NA;107175;33;2020-09-04;529
2020-09-03;"Žilinský kraj";18;0;0;0;NA;107175;18;2020-09-03;496
2020-09-02;"Žilinský kraj";16;0;0;0;NA;107175;16;2020-09-02;478
2020-09-01;"Žilinský kraj";4;0;0;0;NA;107175;4;2020-09-01;462
2020-08-31;"Žilinský kraj";5;0;0;0;NA;107175;5;2020-08-31;458
2020-08-30;"Žilinský kraj";3;0;0;0;NA;107175;3;2020-08-30;453
2020-08-29;"Žilinský kraj";5;0;0;0;NA;107175;5;2020-08-29;450
2020-08-28;"Žilinský kraj";13;0;0;0;NA;107175;13;2020-08-28;445
2020-08-27;"Žilinský kraj";18;0;0;0;NA;107175;18;2020-08-27;432
2020-08-26;"Žilinský kraj";8;0;0;0;NA;107175;8;2020-08-26;414
2020-08-25;"Žilinský kraj";2;0;0;0;NA;107175;2;2020-08-25;406
2020-08-24;"Žilinský kraj";5;0;0;0;NA;107175;5;2020-08-24;404
2020-08-21;"Žilinský kraj";10;0;0;0;NA;107175;10;2020-08-21;399
2020-08-20;"Žilinský kraj";13;0;0;0;NA;107175;13;2020-08-20;389
2020-08-19;"Žilinský kraj";7;0;0;0;NA;107175;7;2020-08-19;376
2020-08-18;"Žilinský kraj";9;0;0;0;NA;107175;9;2020-08-18;369
2020-08-17;"Žilinský kraj";1;0;0;0;NA;107175;1;2020-08-17;360
2020-08-14;"Žilinský kraj";4;0;0;0;NA;107175;4;2020-08-14;359
2020-08-13;"Žilinský kraj";2;0;0;0;NA;107175;2;2020-08-13;355
2020-08-11;"Žilinský kraj";4;0;0;0;NA;107175;4;2020-08-11;353
2020-08-10;"Žilinský kraj";1;0;0;0;NA;107175;1;2020-08-10;349
2020-08-08;"Žilinský kraj";3;0;0;0;NA;107175;3;2020-08-08;348
2020-08-07;"Žilinský kraj";8;0;0;0;NA;107175;8;2020-08-07;345
2020-08-06;"Žilinský kraj";1;0;0;0;NA;107175;1;2020-08-06;337
2020-08-05;"Žilinský kraj";1;0;0;0;NA;107175;1;2020-08-05;336
2020-08-04;"Žilinský kraj";2;0;0;0;NA;107175;2;2020-08-04;335
2020-08-02;"Žilinský kraj";1;0;0;0;NA;107175;1;2020-08-02;333
2020-07-31;"Žilinský kraj";4;0;0;0;NA;107175;4;2020-07-31;332
2020-07-30;"Žilinský kraj";2;0;0;0;NA;107175;2;2020-07-30;328
2020-07-29;"Žilinský kraj";2;0;0;0;NA;107175;2;2020-07-29;326
2020-07-28;"Žilinský kraj";4;0;0;0;NA;107175;4;2020-07-28;324
2020-07-27;"Žilinský kraj";6;0;0;0;NA;107175;6;2020-07-27;320
2020-07-24;"Žilinský kraj";2;0;0;0;NA;107175;2;2020-07-24;314
2020-07-22;"Žilinský kraj";1;0;0;0;NA;107175;1;2020-07-22;312
2020-07-21;"Žilinský kraj";2;0;0;0;NA;107175;2;2020-07-21;311
2020-07-20;"Žilinský kraj";3;0;0;0;NA;107175;3;2020-07-20;309
2020-07-17;"Žilinský kraj";2;0;0;0;NA;107175;2;2020-07-17;306
2020-07-16;"Žilinský kraj";2;0;0;0;NA;107175;2;2020-07-16;304
2020-07-15;"Žilinský kraj";2;0;0;0;NA;107175;2;2020-07-15;302
2020-07-14;"Žilinský kraj";1;0;0;0;NA;107175;1;2020-07-14;300
2020-07-11;"Žilinský kraj";2;0;0;0;NA;107175;2;2020-07-11;299
2020-07-10;"Žilinský kraj";3;0;0;0;NA;107175;3;2020-07-10;297
2020-07-09;"Žilinský kraj";2;0;0;0;NA;107175;2;2020-07-09;294
2020-07-08;"Žilinský kraj";10;0;0;0;NA;107175;10;2020-07-08;292
2020-07-07;"Žilinský kraj";7;0;0;0;NA;107175;7;2020-07-07;282
2020-07-04;"Žilinský kraj";10;0;0;0;NA;107175;10;2020-07-04;275
2020-07-03;"Žilinský kraj";18;0;0;0;NA;107175;18;2020-07-03;265
2020-07-02;"Žilinský kraj";7;0;0;0;NA;107175;7;2020-07-02;247
2020-06-30;"Žilinský kraj";4;0;0;0;NA;107175;4;2020-06-30;240
2020-06-28;"Žilinský kraj";1;0;0;0;NA;107175;1;2020-06-28;236
2020-06-27;"Žilinský kraj";3;0;0;0;NA;107175;3;2020-06-27;235
2020-06-26;"Žilinský kraj";5;0;0;0;NA;107175;5;2020-06-26;232
2020-06-25;"Žilinský kraj";7;0;0;0;NA;107175;7;2020-06-25;227
2020-06-24;"Žilinský kraj";11;0;0;0;NA;107175;11;2020-06-24;220
2020-06-23;"Žilinský kraj";9;0;0;0;NA;107175;9;2020-06-23;209
2020-06-21;"Žilinský kraj";1;0;0;0;NA;107175;1;2020-06-21;200
2020-06-20;"Žilinský kraj";1;0;0;0;NA;107175;1;2020-06-20;199
2020-06-19;"Žilinský kraj";4;0;0;0;NA;107175;4;2020-06-19;198
2020-06-18;"Žilinský kraj";1;0;0;0;NA;107175;1;2020-06-18;194
2020-06-16;"Žilinský kraj";1;0;0;0;NA;107175;1;2020-06-16;193
2020-06-09;"Žilinský kraj";1;0;0;0;NA;107175;1;2020-06-09;192
2020-05-27;"Žilinský kraj";1;0;0;0;NA;107175;1;2020-05-27;191
2020-05-26;"Žilinský kraj";1;0;0;0;NA;107175;1;2020-05-26;190
2020-05-19;"Žilinský kraj";1;0;0;0;NA;107175;1;2020-05-19;189
2020-05-06;"Žilinský kraj";2;0;0;0;NA;107175;2;2020-05-06;188
2020-05-05;"Žilinský kraj";3;0;0;0;NA;107175;3;2020-05-05;186
2020-05-04;"Žilinský kraj";3;0;0;0;NA;107175;3;2020-05-04;183
2020-05-03;"Žilinský kraj";1;0;0;0;NA;107175;1;2020-05-03;180
2020-05-01;"Žilinský kraj";1;0;0;0;NA;107175;1;2020-05-01;179
2020-04-25;"Žilinský kraj";2;0;0;0;NA;107175;2;2020-04-25;178
2020-04-24;"Žilinský kraj";1;0;0;0;NA;107175;1;2020-04-24;176
2020-04-23;"Žilinský kraj";2;0;0;0;NA;107175;2;2020-04-23;175
2020-04-22;"Žilinský kraj";9;0;0;0;NA;107175;9;2020-04-22;173
2020-04-21;"Žilinský kraj";1;0;0;0;NA;107175;1;2020-04-21;164
2020-04-20;"Žilinský kraj";4;0;0;0;NA;107175;4;2020-04-20;163
2020-04-18;"Žilinský kraj";49;0;0;0;NA;107175;49;2020-04-18;159
2020-04-17;"Žilinský kraj";3;0;0;0;NA;107175;3;2020-04-17;110
2020-04-16;"Žilinský kraj";4;0;0;0;NA;107175;4;2020-04-16;107
2020-04-15;"Žilinský kraj";7;0;0;0;NA;107175;7;2020-04-15;103
2020-04-14;"Žilinský kraj";1;0;0;0;NA;107175;1;2020-04-14;96
2020-04-13;"Žilinský kraj";2;0;0;0;NA;107175;2;2020-04-13;95
2020-04-12;"Žilinský kraj";5;0;0;0;NA;107175;5;2020-04-12;93
2020-04-11;"Žilinský kraj";2;0;0;0;NA;107175;2;2020-04-11;88
2020-04-10;"Žilinský kraj";1;0;0;0;NA;107175;1;2020-04-10;86
2020-04-09;"Žilinský kraj";1;0;0;0;NA;107175;1;2020-04-09;85
2020-04-08;"Žilinský kraj";3;0;0;0;NA;107175;3;2020-04-08;84
2020-04-07;"Žilinský kraj";5;0;0;0;NA;107175;5;2020-04-07;81
2020-04-06;"Žilinský kraj";6;0;0;0;NA;107175;6;2020-04-06;76
2020-04-05;"Žilinský kraj";8;0;0;0;NA;107175;8;2020-04-05;70
2020-04-03;"Žilinský kraj";3;0;0;0;NA;107175;3;2020-04-03;62
2020-04-02;"Žilinský kraj";5;0;0;0;NA;107175;5;2020-04-02;59
2020-04-01;"Žilinský kraj";4;0;0;0;NA;107175;4;2020-04-01;54
2020-03-31;"Žilinský kraj";1;0;0;0;NA;107175;1;2020-03-31;50
2020-03-30;"Žilinský kraj";3;0;0;0;NA;107175;3;2020-03-30;49
2020-03-28;"Žilinský kraj";1;0;0;0;NA;107175;1;2020-03-28;46
2020-03-27;"Žilinský kraj";9;0;0;0;NA;107175;9;2020-03-27;45
2020-03-26;"Žilinský kraj";4;0;0;0;NA;107175;4;2020-03-26;36
2020-03-25;"Žilinský kraj";1;0;0;0;NA;107175;1;2020-03-25;32
2020-03-24;"Žilinský kraj";2;0;0;0;NA;107175;2;2020-03-24;31
2020-03-23;"Žilinský kraj";3;0;0;0;NA;107175;3;2020-03-23;29
2020-03-22;"Žilinský kraj";1;0;0;0;NA;107175;1;2020-03-22;26
2020-03-21;"Žilinský kraj";2;0;0;0;NA;107175;2;2020-03-21;25
2020-03-20;"Žilinský kraj";4;0;0;0;NA;107175;4;2020-03-20;23
2020-03-19;"Žilinský kraj";2;0;0;0;NA;107175;2;2020-03-19;19
2020-03-18;"Žilinský kraj";1;0;0;0;NA;107175;1;2020-03-18;17
2020-03-17;"Žilinský kraj";5;0;0;0;NA;107175;5;2020-03-17;16
2020-03-16;"Žilinský kraj";1;0;0;0;NA;107175;1;2020-03-16;11
2020-03-15;"Žilinský kraj";2;0;0;0;NA;107175;2;2020-03-15;10
2020-03-14;"Žilinský kraj";1;0;0;0;NA;107175;1;2020-03-14;8
2020-03-13;"Žilinský kraj";5;0;0;0;NA;107175;5;2020-03-13;7
2020-03-12;"Žilinský kraj";1;0;0;0;NA;107175;1;2020-03-12;2
2020-03-09;"Žilinský kraj";1;0;0;0;NA;107175;1;2020-03-09;1
