"Datum";"Region";"PCR_Pos";"Ag_Neg";"Ag_Pos";"Total";"Pocet.potvrdenych";"Potvrdenych";"newcases";"date";"positive"
2021-05-16;"Banskobystrický kraj";15;11676;23;11699;37672;82841;38;2021-05-16;82841
2021-05-15;"Banskobystrický kraj";11;14450;28;14478;NA;82841;39;2021-05-15;82803
2021-05-14;"Banskobystrický kraj";35;17645;44;17689;NA;82841;79;2021-05-14;82764
2021-05-13;"Banskobystrický kraj";37;10344;40;10384;NA;82841;77;2021-05-13;82685
2021-05-12;"Banskobystrický kraj";31;10797;45;10842;NA;82841;76;2021-05-12;82608
2021-05-11;"Banskobystrický kraj";42;11616;47;11663;NA;82841;89;2021-05-11;82532
2021-05-10;"Banskobystrický kraj";28;17294;68;17362;NA;82841;96;2021-05-10;82443
2021-05-09;"Banskobystrický kraj";25;21903;67;21970;NA;82841;92;2021-05-09;82347
2021-05-08;"Banskobystrický kraj";11;13836;26;13862;NA;82841;37;2021-05-08;82255
2021-05-07;"Banskobystrický kraj";41;21361;75;21436;NA;82841;116;2021-05-07;82218
2021-05-06;"Banskobystrický kraj";36;12268;70;12338;NA;82841;106;2021-05-06;82102
2021-05-05;"Banskobystrický kraj";34;12483;63;12546;NA;82841;97;2021-05-05;81996
2021-05-04;"Banskobystrický kraj";83;13788;47;13835;NA;82841;130;2021-05-04;81899
2021-05-03;"Banskobystrický kraj";30;20836;80;20916;NA;82841;110;2021-05-03;81769
2021-05-02;"Banskobystrický kraj";6;32598;60;32658;NA;82841;66;2021-05-02;81659
2021-05-01;"Banskobystrický kraj";54;36770;67;36837;NA;82841;121;2021-05-01;81593
2021-04-30;"Banskobystrický kraj";38;34941;86;35027;NA;82841;124;2021-04-30;81472
2021-04-29;"Banskobystrický kraj";55;16799;68;16867;NA;82841;123;2021-04-29;81348
2021-04-28;"Banskobystrický kraj";66;17919;67;17986;NA;82841;133;2021-04-28;81225
2021-04-27;"Banskobystrický kraj";70;18992;73;19065;NA;82841;143;2021-04-27;81092
2021-04-26;"Banskobystrický kraj";34;28464;101;28565;NA;82841;135;2021-04-26;80949
2021-04-25;"Banskobystrický kraj";14;40204;106;40310;NA;82841;120;2021-04-25;80814
2021-04-24;"Banskobystrický kraj";40;51625;98;51723;NA;82841;138;2021-04-24;80694
2021-04-23;"Banskobystrický kraj";78;37701;88;37789;NA;82841;166;2021-04-23;80556
2021-04-22;"Banskobystrický kraj";51;17214;57;17271;NA;82841;108;2021-04-22;80390
2021-04-21;"Banskobystrický kraj";76;19192;94;19286;NA;82841;170;2021-04-21;80282
2021-04-20;"Banskobystrický kraj";116;20973;98;21071;NA;82841;214;2021-04-20;80112
2021-04-19;"Banskobystrický kraj";48;31407;105;31512;NA;82841;153;2021-04-19;79898
2021-04-18;"Banskobystrický kraj";16;42953;90;43043;NA;82841;106;2021-04-18;79745
2021-04-17;"Banskobystrický kraj";42;64939;92;65031;NA;82841;134;2021-04-17;79639
2021-04-16;"Banskobystrický kraj";72;37303;100;37403;NA;82841;172;2021-04-16;79505
2021-04-15;"Banskobystrický kraj";67;20117;83;20200;NA;82841;150;2021-04-15;79333
2021-04-14;"Banskobystrický kraj";69;21257;86;21343;NA;82841;155;2021-04-14;79183
2021-04-13;"Banskobystrický kraj";130;22676;77;22753;NA;82841;207;2021-04-13;79028
2021-04-12;"Banskobystrický kraj";60;32247;130;32377;NA;82841;190;2021-04-12;78821
2021-04-11;"Banskobystrický kraj";0;41367;88;41455;NA;82841;88;2021-04-11;78631
2021-04-10;"Banskobystrický kraj";56;64628;141;64769;NA;82841;197;2021-04-10;78543
2021-04-09;"Banskobystrický kraj";106;31566;118;31684;NA;82841;224;2021-04-09;78346
2021-04-08;"Banskobystrický kraj";132;18406;110;18516;NA;82841;242;2021-04-08;78122
2021-04-07;"Banskobystrický kraj";226;25117;94;25211;NA;82841;320;2021-04-07;77880
2021-04-06;"Banskobystrický kraj";93;42487;187;42674;NA;82841;280;2021-04-06;77560
2021-04-05;"Banskobystrický kraj";15;11797;87;11884;NA;82841;102;2021-04-05;77280
2021-04-04;"Banskobystrický kraj";24;19683;79;19762;NA;82841;103;2021-04-04;77178
2021-04-03;"Banskobystrický kraj";5;72473;211;72684;NA;82841;216;2021-04-03;77075
2021-04-02;"Banskobystrický kraj";71;13455;66;13521;NA;82841;137;2021-04-02;76859
2021-04-01;"Banskobystrický kraj";171;38835;200;39035;NA;82841;371;2021-04-01;76722
2021-03-31;"Banskobystrický kraj";147;25543;161;25704;NA;82841;308;2021-03-31;76351
2021-03-30;"Banskobystrický kraj";167;21439;159;21598;NA;82841;326;2021-03-30;76043
2021-03-29;"Banskobystrický kraj";119;29551;218;29769;NA;82841;337;2021-03-29;75717
2021-03-28;"Banskobystrický kraj";25;40610;189;40799;NA;82841;214;2021-03-28;75380
2021-03-27;"Banskobystrický kraj";85;64121;260;64381;NA;82841;345;2021-03-27;75166
2021-03-26;"Banskobystrický kraj";122;43397;240;43637;NA;82841;362;2021-03-26;74821
2021-03-25;"Banskobystrický kraj";120;21589;240;21829;NA;82841;360;2021-03-25;74459
2021-03-24;"Banskobystrický kraj";200;19319;227;19546;NA;82841;427;2021-03-24;74099
2021-03-23;"Banskobystrický kraj";241;21398;257;21655;NA;82841;498;2021-03-23;73672
2021-03-22;"Banskobystrický kraj";65;30418;274;30692;NA;82841;339;2021-03-22;73174
2021-03-21;"Banskobystrický kraj";31;40039;280;40319;NA;82841;311;2021-03-21;72835
2021-03-20;"Banskobystrický kraj";119;67730;383;68113;NA;82841;502;2021-03-20;72524
2021-03-19;"Banskobystrický kraj";240;44041;307;44348;NA;82841;547;2021-03-19;72022
2021-03-18;"Banskobystrický kraj";160;21727;273;22000;NA;82841;433;2021-03-18;71475
2021-03-17;"Banskobystrický kraj";262;21573;245;21818;NA;82841;507;2021-03-17;71042
2021-03-16;"Banskobystrický kraj";340;23365;224;23589;NA;82841;564;2021-03-16;70535
2021-03-15;"Banskobystrický kraj";95;31133;364;31497;NA;82841;459;2021-03-15;69971
2021-03-14;"Banskobystrický kraj";39;40650;229;40879;NA;82841;268;2021-03-14;69512
2021-03-13;"Banskobystrický kraj";209;67167;391;67558;NA;82841;600;2021-03-13;69244
2021-03-12;"Banskobystrický kraj";206;41485;330;41815;NA;82841;536;2021-03-12;68644
2021-03-11;"Banskobystrický kraj";228;21337;272;21609;NA;82841;500;2021-03-11;68108
2021-03-10;"Banskobystrický kraj";260;20381;238;20619;NA;82841;498;2021-03-10;67608
2021-03-09;"Banskobystrický kraj";352;21790;284;22074;NA;82841;636;2021-03-09;67110
2021-03-08;"Banskobystrický kraj";191;31488;427;31915;NA;82841;618;2021-03-08;66474
2021-03-07;"Banskobystrický kraj";60;39083;295;39378;NA;82841;355;2021-03-07;65856
2021-03-06;"Banskobystrický kraj";164;70562;410;70972;NA;82841;574;2021-03-06;65501
2021-03-05;"Banskobystrický kraj";221;42137;388;42525;NA;82841;609;2021-03-05;64927
2021-03-04;"Banskobystrický kraj";226;21607;334;21941;NA;82841;560;2021-03-04;64318
2021-03-03;"Banskobystrický kraj";317;21949;331;22280;NA;82841;648;2021-03-03;63758
2021-03-02;"Banskobystrický kraj";291;22602;354;22956;NA;82841;645;2021-03-02;63110
2021-03-01;"Banskobystrický kraj";151;31773;434;32207;NA;82841;585;2021-03-01;62465
2021-02-28;"Banskobystrický kraj";45;38313;336;38649;NA;82841;381;2021-02-28;61880
2021-02-27;"Banskobystrický kraj";289;66667;529;67196;NA;82841;818;2021-02-27;61499
2021-02-26;"Banskobystrický kraj";326;39489;468;39957;NA;82841;794;2021-02-26;60681
2021-02-25;"Banskobystrický kraj";375;17731;366;18097;NA;82841;741;2021-02-25;59887
2021-02-24;"Banskobystrický kraj";332;16735;373;17108;NA;82841;705;2021-02-24;59146
2021-02-23;"Banskobystrický kraj";462;19480;439;19919;NA;82841;901;2021-02-23;58441
2021-02-22;"Banskobystrický kraj";67;28643;598;29241;NA;82841;665;2021-02-22;57540
2021-02-21;"Banskobystrický kraj";68;37464;437;37901;NA;82841;505;2021-02-21;56875
2021-02-20;"Banskobystrický kraj";280;68851;598;69449;NA;82841;878;2021-02-20;56370
2021-02-19;"Banskobystrický kraj";420;39632;511;40143;NA;82841;931;2021-02-19;55492
2021-02-18;"Banskobystrický kraj";241;18618;396;19014;NA;82841;637;2021-02-18;54561
2021-02-17;"Banskobystrický kraj";415;16312;389;16701;NA;82841;804;2021-02-17;53924
2021-02-16;"Banskobystrický kraj";338;19933;369;20302;NA;82841;707;2021-02-16;53120
2021-02-15;"Banskobystrický kraj";118;35835;591;36426;NA;82841;709;2021-02-15;52413
2021-02-14;"Banskobystrický kraj";60;31894;386;32280;NA;82841;446;2021-02-14;51704
2021-02-13;"Banskobystrický kraj";202;53889;492;54381;NA;82841;694;2021-02-13;51258
2021-02-12;"Banskobystrický kraj";312;36620;533;37153;NA;82841;845;2021-02-12;50564
2021-02-11;"Banskobystrický kraj";305;20743;384;21127;NA;82841;689;2021-02-11;49719
2021-02-10;"Banskobystrický kraj";333;14790;344;15134;NA;82841;677;2021-02-10;49030
2021-02-09;"Banskobystrický kraj";329;18504;362;18866;NA;82841;691;2021-02-09;48353
2021-02-08;"Banskobystrický kraj";103;46804;672;47476;NA;82841;775;2021-02-08;47662
2021-02-07;"Banskobystrický kraj";70;37363;333;37696;NA;82841;403;2021-02-07;46887
2021-02-06;"Banskobystrický kraj";178;69638;570;70208;NA;82841;748;2021-02-06;46484
2021-02-05;"Banskobystrický kraj";282;24577;363;24940;NA;82841;645;2021-02-05;45736
2021-02-04;"Banskobystrický kraj";240;13842;430;14272;NA;82841;670;2021-02-04;45091
2021-02-03;"Banskobystrický kraj";350;9429;255;9684;NA;82841;605;2021-02-03;44421
2021-02-02;"Banskobystrický kraj";277;15740;334;16074;NA;82841;611;2021-02-02;43816
2021-02-01;"Banskobystrický kraj";75;24723;496;25219;NA;82841;571;2021-02-01;43205
2021-01-31;"Banskobystrický kraj";34;19983;201;20184;NA;82841;235;2021-01-31;42634
2021-01-30;"Banskobystrický kraj";163;64086;525;64611;NA;82841;688;2021-01-30;42399
2021-01-29;"Banskobystrický kraj";196;17360;269;17629;NA;82841;465;2021-01-29;41711
2021-01-28;"Banskobystrický kraj";218;14229;372;14601;NA;82841;590;2021-01-28;41246
2021-01-27;"Banskobystrický kraj";191;8128;200;8328;NA;82841;391;2021-01-27;40656
2021-01-26;"Banskobystrický kraj";238;19798;283;20081;NA;82841;521;2021-01-26;40265
2021-01-25;"Banskobystrický kraj";82;33666;412;34078;NA;82841;494;2021-01-25;39744
2021-01-24;"Banskobystrický kraj";38;35587;278;35865;NA;82841;316;2021-01-24;39250
2021-01-23;"Banskobystrický kraj";142;89295;530;89825;NA;82841;672;2021-01-23;38934
2021-01-22;"Banskobystrický kraj";175;27148;361;27509;NA;82841;536;2021-01-22;38262
2021-01-21;"Banskobystrický kraj";194;17308;285;17593;NA;82841;479;2021-01-21;37726
2021-01-20;"Banskobystrický kraj";231;9150;188;9338;NA;82841;419;2021-01-20;37247
2021-01-19;"Banskobystrický kraj";213;10708;311;11019;NA;82841;524;2021-01-19;36828
2021-01-18;"Banskobystrický kraj";94;7415;402;7817;NA;82841;496;2021-01-18;36304
2021-01-17;"Banskobystrický kraj";110;8154;77;8231;NA;82841;187;2021-01-17;35808
2021-01-16;"Banskobystrický kraj";58;2274;57;2331;NA;82841;115;2021-01-16;35621
2021-01-15;"Banskobystrický kraj";164;7673;217;7890;NA;82841;381;2021-01-15;35506
2021-01-14;"Banskobystrický kraj";220;5760;325;6085;NA;82841;545;2021-01-14;35125
2021-01-13;"Banskobystrický kraj";235;5974;217;6191;NA;82841;452;2021-01-13;34580
2021-01-12;"Banskobystrický kraj";194;6808;299;7107;NA;82841;493;2021-01-12;34128
2021-01-11;"Banskobystrický kraj";76;8231;481;8712;NA;82841;557;2021-01-11;33635
2021-01-10;"Banskobystrický kraj";110;233;4;237;NA;82841;114;2021-01-10;33078
2021-01-09;"Banskobystrický kraj";297;2378;81;2459;NA;82841;378;2021-01-09;32964
2021-01-08;"Banskobystrický kraj";435;9677;443;10120;NA;82841;878;2021-01-08;32586
2021-01-07;"Banskobystrický kraj";127;6322;366;6688;NA;82841;493;2021-01-07;31708
2021-01-06;"Banskobystrický kraj";305;3124;185;3309;NA;82841;490;2021-01-06;31215
2021-01-05;"Banskobystrický kraj";372;7349;533;7882;NA;82841;905;2021-01-05;30725
2021-01-04;"Banskobystrický kraj";130;7083;700;7783;NA;82841;830;2021-01-04;29820
2021-01-03;"Banskobystrický kraj";199;320;19;339;NA;82841;218;2021-01-03;28990
2021-01-02;"Banskobystrický kraj";123;702;85;787;NA;82841;208;2021-01-02;28772
2021-01-01;"Banskobystrický kraj";220;1958;132;2090;NA;82841;352;2021-01-01;28564
2020-12-31;"Banskobystrický kraj";499;7379;633;8012;NA;82841;1132;2020-12-31;28212
2020-12-30;"Banskobystrický kraj";593;7670;557;8227;NA;82841;1150;2020-12-30;27080
2020-12-29;"Banskobystrický kraj";240;7955;664;8619;NA;82841;904;2020-12-29;25930
2020-12-28;"Banskobystrický kraj";131;6098;711;6809;NA;82841;842;2020-12-28;25026
2020-12-27;"Banskobystrický kraj";116;541;25;566;NA;82841;141;2020-12-27;24184
2020-12-26;"Banskobystrický kraj";61;295;35;330;NA;82841;96;2020-12-26;24043
2020-12-25;"Banskobystrický kraj";65;313;10;323;NA;82841;75;2020-12-25;23947
2020-12-24;"Banskobystrický kraj";452;3685;135;3820;NA;82841;587;2020-12-24;23872
2020-12-23;"Banskobystrický kraj";368;10116;507;10623;NA;82841;875;2020-12-23;23285
2020-12-22;"Banskobystrický kraj";307;8449;624;9073;NA;82841;931;2020-12-22;22410
2020-12-21;"Banskobystrický kraj";286;4896;448;5344;NA;82841;734;2020-12-21;21479
2020-12-20;"Banskobystrický kraj";155;249;14;263;NA;82841;169;2020-12-20;20745
2020-12-19;"Banskobystrický kraj";170;3084;138;3222;NA;82841;308;2020-12-19;20576
2020-12-18;"Banskobystrický kraj";432;5965;324;6289;NA;82841;756;2020-12-18;20268
2020-12-17;"Banskobystrický kraj";468;8703;656;9359;NA;82841;1124;2020-12-17;19512
2020-12-16;"Banskobystrický kraj";379;10202;560;10762;NA;82841;939;2020-12-16;18388
2020-12-15;"Banskobystrický kraj";336;5425;433;5858;NA;82841;769;2020-12-15;17449
2020-12-14;"Banskobystrický kraj";148;3897;259;4156;NA;82841;407;2020-12-14;16680
2020-12-13;"Banskobystrický kraj";122;142;1;143;NA;82841;123;2020-12-13;16273
2020-12-12;"Banskobystrický kraj";137;2714;138;2852;NA;82841;275;2020-12-12;16150
2020-12-11;"Banskobystrický kraj";468;6587;374;6961;NA;82841;842;2020-12-11;15875
2020-12-10;"Banskobystrický kraj";280;5204;355;5559;NA;82841;635;2020-12-10;15033
2020-12-09;"Banskobystrický kraj";323;3850;213;4063;NA;82841;536;2020-12-09;14398
2020-12-08;"Banskobystrický kraj";256;3787;276;4063;NA;82841;532;2020-12-08;13862
2020-12-07;"Banskobystrický kraj";175;2380;156;2536;NA;82841;331;2020-12-07;13330
2020-12-06;"Banskobystrický kraj";121;507;11;518;NA;82841;132;2020-12-06;12999
2020-12-05;"Banskobystrický kraj";109;1099;34;1133;NA;82841;143;2020-12-05;12867
2020-12-04;"Banskobystrický kraj";339;3828;174;4002;NA;82841;513;2020-12-04;12724
2020-12-03;"Banskobystrický kraj";240;3193;234;3427;NA;82841;474;2020-12-03;12211
2020-12-02;"Banskobystrický kraj";217;4442;186;4628;NA;82841;403;2020-12-02;11737
2020-12-01;"Banskobystrický kraj";215;2702;134;2836;NA;82841;349;2020-12-01;11334
2020-11-30;"Banskobystrický kraj";74;4559;257;4816;NA;82841;331;2020-11-30;10985
2020-11-29;"Banskobystrický kraj";19;208;7;215;NA;82841;26;2020-11-29;10654
2020-11-28;"Banskobystrický kraj";81;1408;55;1463;NA;82841;136;2020-11-28;10628
2020-11-27;"Banskobystrický kraj";219;2266;123;2389;NA;82841;342;2020-11-27;10492
2020-11-26;"Banskobystrický kraj";208;2124;93;2217;NA;82841;301;2020-11-26;10150
2020-11-25;"Banskobystrický kraj";170;1952;86;2038;NA;82841;256;2020-11-25;9849
2020-11-24;"Banskobystrický kraj";166;2566;69;2635;NA;82841;235;2020-11-24;9593
2020-11-23;"Banskobystrický kraj";66;10240;194;10434;NA;82841;260;2020-11-23;9358
2020-11-22;"Banskobystrický kraj";38;104;1;105;NA;82841;39;2020-11-22;9098
2020-11-21;"Banskobystrický kraj";52;904;14;918;NA;82841;66;2020-11-21;9059
2020-11-20;"Banskobystrický kraj";127;2005;107;2112;NA;82841;234;2020-11-20;8993
2020-11-19;"Banskobystrický kraj";170;1218;82;1300;NA;82841;252;2020-11-19;8759
2020-11-18;"Banskobystrický kraj";153;698;65;763;NA;82841;218;2020-11-18;8507
2020-11-17;"Banskobystrický kraj";52;578;35;613;NA;82841;87;2020-11-17;8289
2020-11-16;"Banskobystrický kraj";106;470;25;495;NA;82841;131;2020-11-16;8202
2020-11-15;"Banskobystrický kraj";52;301;4;305;NA;82841;56;2020-11-15;8071
2020-11-14;"Banskobystrický kraj";73;305;2;307;NA;82841;75;2020-11-14;8015
2020-11-13;"Banskobystrický kraj";157;552;11;563;NA;82841;168;2020-11-13;7940
2020-11-12;"Banskobystrický kraj";218;952;44;996;NA;82841;262;2020-11-12;7772
2020-11-11;"Banskobystrický kraj";224;437;9;446;NA;82841;233;2020-11-11;7510
2020-11-10;"Banskobystrický kraj";263;463;18;481;NA;82841;281;2020-11-10;7277
2020-11-09;"Banskobystrický kraj";80;2678;31;2709;NA;82841;111;2020-11-09;6996
2020-11-08;"Banskobystrický kraj";82;981;16;997;NA;82841;98;2020-11-08;6885
2020-11-07;"Banskobystrický kraj";164;8828;94;8922;NA;82841;258;2020-11-07;6787
2020-11-06;"Banskobystrický kraj";227;2496;16;2512;NA;82841;243;2020-11-06;6529
2020-11-05;"Banskobystrický kraj";240;290;33;323;NA;82841;273;2020-11-05;6286
2020-11-04;"Banskobystrický kraj";254;1366;13;1379;NA;82841;267;2020-11-04;6013
2020-11-03;"Banskobystrický kraj";246;1332;4;1336;NA;82841;250;2020-11-03;5746
2020-11-02;"Banskobystrický kraj";90;2909;65;2974;NA;82841;155;2020-11-02;5496
2020-11-01;"Banskobystrický kraj";101;2671;42;2713;NA;82841;143;2020-11-01;5341
2020-10-31;"Banskobystrický kraj";199;13516;116;13632;NA;82841;315;2020-10-31;5198
2020-10-30;"Banskobystrický kraj";254;2829;20;2849;NA;82841;274;2020-10-30;4883
2020-10-29;"Banskobystrický kraj";372;969;42;1011;NA;82841;414;2020-10-29;4609
2020-10-28;"Banskobystrický kraj";285;302;30;332;NA;82841;315;2020-10-28;4195
2020-10-27;"Banskobystrický kraj";266;654;40;694;NA;82841;306;2020-10-27;3880
2020-10-26;"Banskobystrický kraj";38;234;29;263;NA;82841;67;2020-10-26;3574
2020-10-25;"Banskobystrický kraj";50;140;11;151;NA;82841;61;2020-10-25;3507
2020-10-24;"Banskobystrický kraj";315;114;12;126;NA;82841;327;2020-10-24;3446
2020-10-23;"Banskobystrický kraj";231;230;29;259;NA;82841;260;2020-10-23;3119
2020-10-22;"Banskobystrický kraj";264;253;24;277;NA;82841;288;2020-10-22;2859
2020-10-21;"Banskobystrický kraj";209;266;3;269;NA;82841;212;2020-10-21;2571
2020-10-20;"Banskobystrický kraj";210;66;3;69;NA;82841;213;2020-10-20;2359
2020-10-19;"Banskobystrický kraj";27;73;12;85;NA;82841;39;2020-10-19;2146
2020-10-18;"Banskobystrický kraj";49;0;0;0;NA;82841;49;2020-10-18;2107
2020-10-17;"Banskobystrický kraj";91;0;0;0;NA;82841;91;2020-10-17;2058
2020-10-16;"Banskobystrický kraj";224;37;3;40;NA;82841;227;2020-10-16;1967
2020-10-15;"Banskobystrický kraj";133;29;1;30;NA;82841;134;2020-10-15;1740
2020-10-14;"Banskobystrický kraj";139;31;1;32;NA;82841;140;2020-10-14;1606
2020-10-13;"Banskobystrický kraj";151;169;11;180;NA;82841;162;2020-10-13;1466
2020-10-12;"Banskobystrický kraj";11;110;4;114;NA;82841;15;2020-10-12;1304
2020-10-11;"Banskobystrický kraj";14;0;0;0;NA;82841;14;2020-10-11;1289
2020-10-10;"Banskobystrický kraj";53;0;0;0;NA;82841;53;2020-10-10;1275
2020-10-09;"Banskobystrický kraj";128;0;0;0;NA;82841;128;2020-10-09;1222
2020-10-08;"Banskobystrický kraj";99;0;0;0;NA;82841;99;2020-10-08;1094
2020-10-07;"Banskobystrický kraj";124;0;0;0;NA;82841;124;2020-10-07;995
2020-10-06;"Banskobystrický kraj";68;0;0;0;NA;82841;68;2020-10-06;871
2020-10-05;"Banskobystrický kraj";49;0;0;0;NA;82841;49;2020-10-05;803
2020-10-04;"Banskobystrický kraj";8;0;0;0;NA;82841;8;2020-10-04;754
2020-10-03;"Banskobystrický kraj";37;0;0;0;NA;82841;37;2020-10-03;746
2020-10-02;"Banskobystrický kraj";74;0;0;0;NA;82841;74;2020-10-02;709
2020-10-01;"Banskobystrický kraj";49;0;0;0;NA;82841;49;2020-10-01;635
2020-09-30;"Banskobystrický kraj";60;0;0;0;NA;82841;60;2020-09-30;586
2020-09-29;"Banskobystrický kraj";24;0;0;0;NA;82841;24;2020-09-29;526
2020-09-28;"Banskobystrický kraj";0;0;0;0;NA;82841;0;2020-09-28;502
2020-09-27;"Banskobystrický kraj";20;0;0;0;NA;82841;20;2020-09-27;502
2020-09-26;"Banskobystrický kraj";24;0;0;0;NA;82841;24;2020-09-26;482
2020-09-25;"Banskobystrický kraj";29;0;0;0;NA;82841;29;2020-09-25;458
2020-09-24;"Banskobystrický kraj";25;0;0;0;NA;82841;25;2020-09-24;429
2020-09-23;"Banskobystrický kraj";17;0;0;0;NA;82841;17;2020-09-23;404
2020-09-22;"Banskobystrický kraj";25;0;0;0;NA;82841;25;2020-09-22;387
2020-09-21;"Banskobystrický kraj";3;0;0;0;NA;82841;3;2020-09-21;362
2020-09-20;"Banskobystrický kraj";0;0;0;0;NA;82841;0;2020-09-20;359
2020-09-19;"Banskobystrický kraj";3;0;0;0;NA;82841;3;2020-09-19;359
2020-09-18;"Banskobystrický kraj";24;0;0;0;NA;82841;24;2020-09-18;356
2020-09-17;"Banskobystrický kraj";14;0;0;0;NA;82841;14;2020-09-17;332
2020-09-16;"Banskobystrický kraj";6;0;0;0;NA;82841;6;2020-09-16;318
2020-09-15;"Banskobystrický kraj";2;0;0;0;NA;82841;2;2020-09-15;312
2020-09-14;"Banskobystrický kraj";13;0;0;0;NA;82841;13;2020-09-14;310
2020-09-13;"Banskobystrický kraj";1;0;0;0;NA;82841;1;2020-09-13;297
2020-09-12;"Banskobystrický kraj";5;0;0;0;NA;82841;5;2020-09-12;296
2020-09-11;"Banskobystrický kraj";19;0;0;0;NA;82841;19;2020-09-11;291
2020-09-10;"Banskobystrický kraj";11;0;0;0;NA;82841;11;2020-09-10;272
2020-09-09;"Banskobystrický kraj";13;0;0;0;NA;82841;13;2020-09-09;261
2020-09-08;"Banskobystrický kraj";5;0;0;0;NA;82841;5;2020-09-08;248
2020-09-07;"Banskobystrický kraj";2;0;0;0;NA;82841;2;2020-09-07;243
2020-09-06;"Banskobystrický kraj";0;0;0;0;NA;82841;0;2020-09-06;241
2020-09-05;"Banskobystrický kraj";0;0;0;0;NA;82841;0;2020-09-05;241
2020-09-04;"Banskobystrický kraj";9;0;0;0;NA;82841;9;2020-09-04;241
2020-09-03;"Banskobystrický kraj";5;0;0;0;NA;82841;5;2020-09-03;232
2020-09-02;"Banskobystrický kraj";6;0;0;0;NA;82841;6;2020-09-02;227
2020-09-01;"Banskobystrický kraj";2;0;0;0;NA;82841;2;2020-09-01;221
2020-08-31;"Banskobystrický kraj";6;0;0;0;NA;82841;6;2020-08-31;219
2020-08-30;"Banskobystrický kraj";0;0;0;0;NA;82841;0;2020-08-30;213
2020-08-29;"Banskobystrický kraj";1;0;0;0;NA;82841;1;2020-08-29;213
2020-08-28;"Banskobystrický kraj";3;0;0;0;NA;82841;3;2020-08-28;212
2020-08-27;"Banskobystrický kraj";1;0;0;0;NA;82841;1;2020-08-27;209
2020-08-26;"Banskobystrický kraj";2;0;0;0;NA;82841;2;2020-08-26;208
2020-08-25;"Banskobystrický kraj";2;0;0;0;NA;82841;2;2020-08-25;206
2020-08-24;"Banskobystrický kraj";0;0;0;0;NA;82841;0;2020-08-24;204
2020-08-23;"Banskobystrický kraj";0;0;0;0;NA;82841;0;2020-08-23;204
2020-08-22;"Banskobystrický kraj";0;0;0;0;NA;82841;0;2020-08-22;204
2020-08-21;"Banskobystrický kraj";4;0;0;0;NA;82841;4;2020-08-21;204
2020-08-20;"Banskobystrický kraj";1;0;0;0;NA;82841;1;2020-08-20;200
2020-08-19;"Banskobystrický kraj";4;0;0;0;NA;82841;4;2020-08-19;199
2020-08-18;"Banskobystrický kraj";0;0;0;0;NA;82841;0;2020-08-18;195
2020-08-17;"Banskobystrický kraj";1;0;0;0;NA;82841;1;2020-08-17;195
2020-08-16;"Banskobystrický kraj";0;0;0;0;NA;82841;0;2020-08-16;194
2020-08-15;"Banskobystrický kraj";0;0;0;0;NA;82841;0;2020-08-15;194
2020-08-14;"Banskobystrický kraj";5;0;0;0;NA;82841;5;2020-08-14;194
2020-08-13;"Banskobystrický kraj";0;0;0;0;NA;82841;0;2020-08-13;189
2020-08-12;"Banskobystrický kraj";0;0;0;0;NA;82841;0;2020-08-12;189
2020-08-11;"Banskobystrický kraj";2;0;0;0;NA;82841;2;2020-08-11;189
2020-08-10;"Banskobystrický kraj";3;0;0;0;NA;82841;3;2020-08-10;187
2020-08-09;"Banskobystrický kraj";0;0;0;0;NA;82841;0;2020-08-09;184
2020-08-08;"Banskobystrický kraj";2;0;0;0;NA;82841;2;2020-08-08;184
2020-08-07;"Banskobystrický kraj";1;0;0;0;NA;82841;1;2020-08-07;182
2020-08-06;"Banskobystrický kraj";1;0;0;0;NA;82841;1;2020-08-06;181
2020-08-05;"Banskobystrický kraj";0;0;0;0;NA;82841;0;2020-08-05;180
2020-08-04;"Banskobystrický kraj";3;0;0;0;NA;82841;3;2020-08-04;180
2020-08-03;"Banskobystrický kraj";0;0;0;0;NA;82841;0;2020-08-03;177
2020-08-02;"Banskobystrický kraj";0;0;0;0;NA;82841;0;2020-08-02;177
2020-08-01;"Banskobystrický kraj";1;0;0;0;NA;82841;1;2020-08-01;177
2020-07-31;"Banskobystrický kraj";2;0;0;0;NA;82841;2;2020-07-31;176
2020-07-30;"Banskobystrický kraj";1;0;0;0;NA;82841;1;2020-07-30;174
2020-07-29;"Banskobystrický kraj";0;0;0;0;NA;82841;0;2020-07-29;173
2020-07-28;"Banskobystrický kraj";2;0;0;0;NA;82841;2;2020-07-28;173
2020-07-27;"Banskobystrický kraj";3;0;0;0;NA;82841;3;2020-07-27;171
2020-07-26;"Banskobystrický kraj";0;0;0;0;NA;82841;0;2020-07-26;168
2020-07-25;"Banskobystrický kraj";0;0;0;0;NA;82841;0;2020-07-25;168
2020-07-24;"Banskobystrický kraj";9;0;0;0;NA;82841;9;2020-07-24;168
2020-07-23;"Banskobystrický kraj";0;0;0;0;NA;82841;0;2020-07-23;159
2020-07-22;"Banskobystrický kraj";3;0;0;0;NA;82841;3;2020-07-22;159
2020-07-21;"Banskobystrický kraj";3;0;0;0;NA;82841;3;2020-07-21;156
2020-07-20;"Banskobystrický kraj";1;0;0;0;NA;82841;1;2020-07-20;153
2020-07-19;"Banskobystrický kraj";1;0;0;0;NA;82841;1;2020-07-19;152
2020-07-18;"Banskobystrický kraj";0;0;0;0;NA;82841;0;2020-07-18;151
2020-07-17;"Banskobystrický kraj";2;0;0;0;NA;82841;2;2020-07-17;151
2020-07-16;"Banskobystrický kraj";1;0;0;0;NA;82841;1;2020-07-16;149
2020-07-15;"Banskobystrický kraj";4;0;0;0;NA;82841;4;2020-07-15;148
2020-07-14;"Banskobystrický kraj";2;0;0;0;NA;82841;2;2020-07-14;144
2020-07-13;"Banskobystrický kraj";1;0;0;0;NA;82841;1;2020-07-13;142
2020-07-12;"Banskobystrický kraj";0;0;0;0;NA;82841;0;2020-07-12;141
2020-07-11;"Banskobystrický kraj";0;0;0;0;NA;82841;0;2020-07-11;141
2020-07-10;"Banskobystrický kraj";3;0;0;0;NA;82841;3;2020-07-10;141
2020-07-09;"Banskobystrický kraj";9;0;0;0;NA;82841;9;2020-07-09;138
2020-07-08;"Banskobystrický kraj";0;0;0;0;NA;82841;0;2020-07-08;129
2020-07-07;"Banskobystrický kraj";4;0;0;0;NA;82841;4;2020-07-07;129
2020-07-06;"Banskobystrický kraj";0;0;0;0;NA;82841;0;2020-07-06;125
2020-07-05;"Banskobystrický kraj";0;0;0;0;NA;82841;0;2020-07-05;125
2020-07-04;"Banskobystrický kraj";1;0;0;0;NA;82841;1;2020-07-04;125
2020-07-03;"Banskobystrický kraj";4;0;0;0;NA;82841;4;2020-07-03;124
2020-07-02;"Banskobystrický kraj";0;0;0;0;NA;82841;0;2020-07-02;120
2020-07-01;"Banskobystrický kraj";1;0;0;0;NA;82841;1;2020-07-01;120
2020-06-30;"Banskobystrický kraj";0;0;0;0;NA;82841;0;2020-06-30;119
2020-06-29;"Banskobystrický kraj";0;0;0;0;NA;82841;0;2020-06-29;119
2020-06-28;"Banskobystrický kraj";0;0;0;0;NA;82841;0;2020-06-28;119
2020-06-27;"Banskobystrický kraj";0;0;0;0;NA;82841;0;2020-06-27;119
2020-06-26;"Banskobystrický kraj";0;0;0;0;NA;82841;0;2020-06-26;119
2020-06-25;"Banskobystrický kraj";1;0;0;0;NA;82841;1;2020-06-25;119
2020-06-24;"Banskobystrický kraj";0;0;0;0;NA;82841;0;2020-06-24;118
2020-06-23;"Banskobystrický kraj";6;0;0;0;NA;82841;6;2020-06-23;118
2020-06-22;"Banskobystrický kraj";0;0;0;0;NA;82841;0;2020-06-22;112
2020-06-21;"Banskobystrický kraj";0;0;0;0;NA;82841;0;2020-06-21;112
2020-06-20;"Banskobystrický kraj";0;0;0;0;NA;82841;0;2020-06-20;112
2020-06-19;"Banskobystrický kraj";2;0;0;0;NA;82841;2;2020-06-19;112
2020-06-18;"Banskobystrický kraj";10;0;0;0;NA;82841;10;2020-06-18;110
2020-06-17;"Banskobystrický kraj";1;0;0;0;NA;82841;1;2020-06-17;100
2020-06-16;"Banskobystrický kraj";0;0;0;0;NA;82841;0;2020-06-16;99
2020-06-14;"Banskobystrický kraj";2;0;0;0;NA;82841;2;2020-06-14;99
2020-06-13;"Banskobystrický kraj";2;0;0;0;NA;82841;2;2020-06-13;97
2020-06-12;"Banskobystrický kraj";0;0;0;0;NA;82841;0;2020-06-12;95
2020-06-11;"Banskobystrický kraj";1;0;0;0;NA;82841;1;2020-06-11;95
2020-06-10;"Banskobystrický kraj";0;0;0;0;NA;82841;0;2020-06-10;94
2020-06-09;"Banskobystrický kraj";0;0;0;0;NA;82841;0;2020-06-09;94
2020-06-08;"Banskobystrický kraj";0;0;0;0;NA;82841;0;2020-06-08;94
2020-06-07;"Banskobystrický kraj";0;0;0;0;NA;82841;0;2020-06-07;94
2020-06-05;"Banskobystrický kraj";2;0;0;0;NA;82841;2;2020-06-05;94
2020-06-03;"Banskobystrický kraj";0;0;0;0;NA;82841;0;2020-06-03;92
2020-06-02;"Banskobystrický kraj";0;0;0;0;NA;82841;0;2020-06-02;92
2020-05-31;"Banskobystrický kraj";0;0;0;0;NA;82841;0;2020-05-31;92
2020-05-29;"Banskobystrický kraj";0;0;0;0;NA;82841;0;2020-05-29;92
2020-05-27;"Banskobystrický kraj";1;0;0;0;NA;82841;1;2020-05-27;92
2020-05-26;"Banskobystrický kraj";0;0;0;0;NA;82841;0;2020-05-26;91
2020-05-25;"Banskobystrický kraj";0;0;0;0;NA;82841;0;2020-05-25;91
2020-05-24;"Banskobystrický kraj";0;0;0;0;NA;82841;0;2020-05-24;91
2020-05-23;"Banskobystrický kraj";1;0;0;0;NA;82841;1;2020-05-23;91
2020-05-22;"Banskobystrický kraj";0;0;0;0;NA;82841;0;2020-05-22;90
2020-05-21;"Banskobystrický kraj";0;0;0;0;NA;82841;0;2020-05-21;90
2020-05-20;"Banskobystrický kraj";1;0;0;0;NA;82841;1;2020-05-20;90
2020-05-19;"Banskobystrický kraj";0;0;0;0;NA;82841;0;2020-05-19;89
2020-05-17;"Banskobystrický kraj";0;0;0;0;NA;82841;0;2020-05-17;89
2020-05-16;"Banskobystrický kraj";0;0;0;0;NA;82841;0;2020-05-16;89
2020-05-15;"Banskobystrický kraj";0;0;0;0;NA;82841;0;2020-05-15;89
2020-05-14;"Banskobystrický kraj";0;0;0;0;NA;82841;0;2020-05-14;89
2020-05-13;"Banskobystrický kraj";0;0;0;0;NA;82841;0;2020-05-13;89
2020-05-12;"Banskobystrický kraj";1;0;0;0;NA;82841;1;2020-05-12;89
2020-05-11;"Banskobystrický kraj";0;0;0;0;NA;82841;0;2020-05-11;88
2020-05-09;"Banskobystrický kraj";0;0;0;0;NA;82841;0;2020-05-09;88
2020-05-07;"Banskobystrický kraj";2;0;0;0;NA;82841;2;2020-05-07;88
2020-05-06;"Banskobystrický kraj";1;0;0;0;NA;82841;1;2020-05-06;86
2020-05-05;"Banskobystrický kraj";2;0;0;0;NA;82841;2;2020-05-05;85
2020-05-04;"Banskobystrický kraj";0;0;0;0;NA;82841;0;2020-05-04;83
2020-05-03;"Banskobystrický kraj";0;0;0;0;NA;82841;0;2020-05-03;83
2020-05-02;"Banskobystrický kraj";0;0;0;0;NA;82841;0;2020-05-02;83
2020-05-01;"Banskobystrický kraj";0;0;0;0;NA;82841;0;2020-05-01;83
2020-04-30;"Banskobystrický kraj";1;0;0;0;NA;82841;1;2020-04-30;83
2020-04-29;"Banskobystrický kraj";1;0;0;0;NA;82841;1;2020-04-29;82
2020-04-28;"Banskobystrický kraj";0;0;0;0;NA;82841;0;2020-04-28;81
2020-04-27;"Banskobystrický kraj";0;0;0;0;NA;82841;0;2020-04-27;81
2020-04-26;"Banskobystrický kraj";0;0;0;0;NA;82841;0;2020-04-26;81
2020-04-25;"Banskobystrický kraj";2;0;0;0;NA;82841;2;2020-04-25;81
2020-04-24;"Banskobystrický kraj";3;0;0;0;NA;82841;3;2020-04-24;79
2020-04-23;"Banskobystrický kraj";2;0;0;0;NA;82841;2;2020-04-23;76
2020-04-22;"Banskobystrický kraj";2;0;0;0;NA;82841;2;2020-04-22;74
2020-04-21;"Banskobystrický kraj";2;0;0;0;NA;82841;2;2020-04-21;72
2020-04-20;"Banskobystrický kraj";0;0;0;0;NA;82841;0;2020-04-20;70
2020-04-19;"Banskobystrický kraj";0;0;0;0;NA;82841;0;2020-04-19;70
2020-04-18;"Banskobystrický kraj";8;0;0;0;NA;82841;8;2020-04-18;70
2020-04-17;"Banskobystrický kraj";2;0;0;0;NA;82841;2;2020-04-17;62
2020-04-16;"Banskobystrický kraj";0;0;0;0;NA;82841;0;2020-04-16;60
2020-04-15;"Banskobystrický kraj";10;0;0;0;NA;82841;10;2020-04-15;60
2020-04-14;"Banskobystrický kraj";0;0;0;0;NA;82841;0;2020-04-14;50
2020-04-13;"Banskobystrický kraj";2;0;0;0;NA;82841;2;2020-04-13;50
2020-04-12;"Banskobystrický kraj";4;0;0;0;NA;82841;4;2020-04-12;48
2020-04-11;"Banskobystrický kraj";1;0;0;0;NA;82841;1;2020-04-11;44
2020-04-10;"Banskobystrický kraj";0;0;0;0;NA;82841;0;2020-04-10;43
2020-04-09;"Banskobystrický kraj";2;0;0;0;NA;82841;2;2020-04-09;43
2020-04-08;"Banskobystrický kraj";0;0;0;0;NA;82841;0;2020-04-08;41
2020-04-07;"Banskobystrický kraj";4;0;0;0;NA;82841;4;2020-04-07;41
2020-04-06;"Banskobystrický kraj";10;0;0;0;NA;82841;10;2020-04-06;37
2020-04-05;"Banskobystrický kraj";9;0;0;0;NA;82841;9;2020-04-05;27
2020-04-04;"Banskobystrický kraj";0;0;0;0;NA;82841;0;2020-04-04;18
2020-04-03;"Banskobystrický kraj";2;0;0;0;NA;82841;2;2020-04-03;18
2020-04-02;"Banskobystrický kraj";2;0;0;0;NA;82841;2;2020-04-02;16
2020-04-01;"Banskobystrický kraj";5;0;0;0;NA;82841;5;2020-04-01;14
2020-03-31;"Banskobystrický kraj";3;0;0;0;NA;82841;3;2020-03-31;9
2020-03-30;"Banskobystrický kraj";1;0;0;0;NA;82841;1;2020-03-30;6
2020-03-29;"Banskobystrický kraj";2;0;0;0;NA;82841;2;2020-03-29;5
2020-03-28;"Banskobystrický kraj";1;0;0;0;NA;82841;1;2020-03-28;3
2020-03-27;"Banskobystrický kraj";1;531;4;535;NA;82841;5;2020-03-27;2
2020-03-26;"Banskobystrický kraj";1;0;0;0;NA;82841;1;2020-03-26;-3
2020-03-25;"Banskobystrický kraj";0;0;0;0;NA;82841;0;2020-03-25;-4
2020-03-24;"Banskobystrický kraj";1;0;0;0;NA;82841;1;2020-03-24;-4
2020-03-23;"Banskobystrický kraj";1;0;0;0;NA;82841;1;2020-03-23;-5
2020-03-22;"Banskobystrický kraj";0;0;0;0;NA;82841;0;2020-03-22;-6
2020-03-21;"Banskobystrický kraj";3;0;0;0;NA;82841;3;2020-03-21;-6
2020-03-20;"Banskobystrický kraj";0;0;0;0;NA;82841;0;2020-03-20;-9
2020-03-19;"Banskobystrický kraj";2;0;0;0;NA;82841;2;2020-03-19;-9
2020-03-18;"Banskobystrický kraj";1;0;0;0;NA;82841;1;2020-03-18;-11
2020-03-17;"Banskobystrický kraj";1;0;0;0;NA;82841;1;2020-03-17;-12
2020-03-16;"Banskobystrický kraj";0;0;0;0;NA;82841;0;2020-03-16;-13
2020-03-15;"Banskobystrický kraj";1;0;0;0;NA;82841;1;2020-03-15;-13
2020-03-14;"Banskobystrický kraj";0;0;0;0;NA;82841;0;2020-03-14;-14
2020-03-13;"Banskobystrický kraj";1;0;0;0;NA;82841;1;2020-03-13;-14
2020-03-12;"Banskobystrický kraj";0;0;0;0;NA;82841;0;2020-03-12;-15
2020-03-11;"Banskobystrický kraj";0;0;0;0;NA;82841;0;2020-03-11;-15
2020-03-09;"Banskobystrický kraj";0;0;0;0;NA;82841;0;2020-03-09;-15
2020-03-08;"Banskobystrický kraj";0;0;0;0;NA;82841;0;2020-03-08;-15
2020-03-07;"Banskobystrický kraj";0;0;0;0;NA;82841;0;2020-03-07;-15
2020-03-06;"Banskobystrický kraj";0;0;0;0;NA;82841;0;2020-03-06;-15
2021-05-16;"Bratislavský kraj";12;14767;23;14790;43999;89938;35;2021-05-16;89938
2021-05-15;"Bratislavský kraj";1;16148;117;16265;NA;89938;118;2021-05-15;89903
2021-05-14;"Bratislavský kraj";15;20400;26;20426;NA;89938;41;2021-05-14;89785
2021-05-13;"Bratislavský kraj";9;14570;15;14585;NA;89938;24;2021-05-13;89744
2021-05-12;"Bratislavský kraj";11;13780;24;13804;NA;89938;35;2021-05-12;89720
2021-05-11;"Bratislavský kraj";29;15080;30;15110;NA;89938;59;2021-05-11;89685
2021-05-10;"Bratislavský kraj";27;18691;62;18753;NA;89938;89;2021-05-10;89626
2021-05-09;"Bratislavský kraj";9;22874;27;22901;NA;89938;36;2021-05-09;89537
2021-05-08;"Bratislavský kraj";5;19380;24;19404;NA;89938;29;2021-05-08;89501
2021-05-07;"Bratislavský kraj";32;26253;62;26315;NA;89938;94;2021-05-07;89472
2021-05-06;"Bratislavský kraj";19;18728;48;18776;NA;89938;67;2021-05-06;89378
2021-05-05;"Bratislavský kraj";29;14450;27;14477;NA;89938;56;2021-05-05;89311
2021-05-04;"Bratislavský kraj";46;17926;56;17982;NA;89938;102;2021-05-04;89255
2021-05-03;"Bratislavský kraj";37;21404;59;21463;NA;89938;96;2021-05-03;89153
2021-05-02;"Bratislavský kraj";38;34684;61;34745;NA;89938;99;2021-05-02;89057
2021-05-01;"Bratislavský kraj";11;39670;40;39710;NA;89938;51;2021-05-01;88958
2021-04-30;"Bratislavský kraj";43;43607;77;43684;NA;89938;120;2021-04-30;88907
2021-04-29;"Bratislavský kraj";48;28230;89;28319;NA;89938;137;2021-04-29;88787
2021-04-28;"Bratislavský kraj";40;26626;69;26695;NA;89938;109;2021-04-28;88650
2021-04-27;"Bratislavský kraj";41;28201;45;28246;NA;89938;86;2021-04-27;88541
2021-04-26;"Bratislavský kraj";59;32381;90;32471;NA;89938;149;2021-04-26;88455
2021-04-25;"Bratislavský kraj";8;47500;61;47561;NA;89938;69;2021-04-25;88306
2021-04-24;"Bratislavský kraj";28;68110;62;68172;NA;89938;90;2021-04-24;88237
2021-04-23;"Bratislavský kraj";70;46895;63;46958;NA;89938;133;2021-04-23;88147
2021-04-22;"Bratislavský kraj";39;28960;66;29026;NA;89938;105;2021-04-22;88014
2021-04-21;"Bratislavský kraj";48;30070;62;30132;NA;89938;110;2021-04-21;87909
2021-04-20;"Bratislavský kraj";58;34560;62;34622;NA;89938;120;2021-04-20;87799
2021-04-19;"Bratislavský kraj";48;39184;80;39264;NA;89938;128;2021-04-19;87679
2021-04-18;"Bratislavský kraj";35;61943;76;62019;NA;89938;111;2021-04-18;87551
2021-04-17;"Bratislavský kraj";13;79931;111;80042;NA;89938;124;2021-04-17;87440
2021-04-16;"Bratislavský kraj";62;46672;80;46752;NA;89938;142;2021-04-16;87316
2021-04-15;"Bratislavský kraj";34;31609;74;31683;NA;89938;108;2021-04-15;87174
2021-04-14;"Bratislavský kraj";65;33305;88;33393;NA;89938;153;2021-04-14;87066
2021-04-13;"Bratislavský kraj";82;35001;82;35083;NA;89938;164;2021-04-13;86913
2021-04-12;"Bratislavský kraj";77;43408;115;43523;NA;89938;192;2021-04-12;86749
2021-04-11;"Bratislavský kraj";42;59472;123;59595;NA;89938;165;2021-04-11;86557
2021-04-10;"Bratislavský kraj";14;77153;167;77320;NA;89938;181;2021-04-10;86392
2021-04-09;"Bratislavský kraj";72;40977;97;41074;NA;89938;169;2021-04-09;86211
2021-04-08;"Bratislavský kraj";71;29737;94;29831;NA;89938;165;2021-04-08;86042
2021-04-07;"Bratislavský kraj";96;37282;101;37383;NA;89938;197;2021-04-07;85877
2021-04-06;"Bratislavský kraj";94;55177;175;55352;NA;89938;269;2021-04-06;85680
2021-04-05;"Bratislavský kraj";85;18346;85;18431;NA;89938;170;2021-04-05;85411
2021-04-04;"Bratislavský kraj";37;27527;73;27600;NA;89938;110;2021-04-04;85241
2021-04-03;"Bratislavský kraj";52;79229;228;79457;NA;89938;280;2021-04-03;85131
2021-04-02;"Bratislavský kraj";33;23761;104;23865;NA;89938;137;2021-04-02;84851
2021-04-01;"Bratislavský kraj";119;56601;158;56759;NA;89938;277;2021-04-01;84714
2021-03-31;"Bratislavský kraj";105;45027;149;45176;NA;89938;254;2021-03-31;84437
2021-03-30;"Bratislavský kraj";100;38598;142;38740;NA;89938;242;2021-03-30;84183
2021-03-29;"Bratislavský kraj";153;39951;176;40127;NA;89938;329;2021-03-29;83941
2021-03-28;"Bratislavský kraj";59;53370;137;53507;NA;89938;196;2021-03-28;83612
2021-03-27;"Bratislavský kraj";53;79155;239;79394;NA;89938;292;2021-03-27;83416
2021-03-26;"Bratislavský kraj";114;55463;190;55653;NA;89938;304;2021-03-26;83124
2021-03-25;"Bratislavský kraj";76;36178;170;36348;NA;89938;246;2021-03-25;82820
2021-03-24;"Bratislavský kraj";120;30081;200;30281;NA;89938;320;2021-03-24;82574
2021-03-23;"Bratislavský kraj";138;35816;189;36005;NA;89938;327;2021-03-23;82254
2021-03-22;"Bratislavský kraj";110;42205;218;42423;NA;89938;328;2021-03-22;81927
2021-03-21;"Bratislavský kraj";54;61297;212;61509;NA;89938;266;2021-03-21;81599
2021-03-20;"Bratislavský kraj";59;72625;228;72853;NA;89938;287;2021-03-20;81333
2021-03-19;"Bratislavský kraj";139;53835;255;54090;NA;89938;394;2021-03-19;81046
2021-03-18;"Bratislavský kraj";142;33813;190;34003;NA;89938;332;2021-03-18;80652
2021-03-17;"Bratislavský kraj";177;30082;215;30297;NA;89938;392;2021-03-17;80320
2021-03-16;"Bratislavský kraj";258;36318;282;36600;NA;89938;540;2021-03-16;79928
2021-03-15;"Bratislavský kraj";180;37803;251;38054;NA;89938;431;2021-03-15;79388
2021-03-14;"Bratislavský kraj";75;52602;275;52877;NA;89938;350;2021-03-14;78957
2021-03-13;"Bratislavský kraj";110;79740;329;80069;NA;89938;439;2021-03-13;78607
2021-03-12;"Bratislavský kraj";152;54418;301;54719;NA;89938;453;2021-03-12;78168
2021-03-11;"Bratislavský kraj";178;34191;281;34472;NA;89938;459;2021-03-11;77715
2021-03-10;"Bratislavský kraj";164;30738;273;31011;NA;89938;437;2021-03-10;77256
2021-03-09;"Bratislavský kraj";242;37730;267;37997;NA;89938;509;2021-03-09;76819
2021-03-08;"Bratislavský kraj";255;40478;343;40821;NA;89938;598;2021-03-08;76310
2021-03-07;"Bratislavský kraj";142;52722;301;53023;NA;89938;443;2021-03-07;75712
2021-03-06;"Bratislavský kraj";79;71391;412;71803;NA;89938;491;2021-03-06;75269
2021-03-05;"Bratislavský kraj";238;50438;292;50730;NA;89938;530;2021-03-05;74778
2021-03-04;"Bratislavský kraj";204;34512;344;34856;NA;89938;548;2021-03-04;74248
2021-03-03;"Bratislavský kraj";250;30429;364;30793;NA;89938;614;2021-03-03;73700
2021-03-02;"Bratislavský kraj";267;39515;388;39903;NA;89938;655;2021-03-02;73086
2021-03-01;"Bratislavský kraj";320;37806;432;38238;NA;89938;752;2021-03-01;72431
2021-02-28;"Bratislavský kraj";184;50271;323;50594;NA;89938;507;2021-02-28;71679
2021-02-27;"Bratislavský kraj";151;76813;465;77278;NA;89938;616;2021-02-27;71172
2021-02-26;"Bratislavský kraj";277;47217;400;47617;NA;89938;677;2021-02-26;70556
2021-02-25;"Bratislavský kraj";277;28650;405;29055;NA;89938;682;2021-02-25;69879
2021-02-24;"Bratislavský kraj";217;26940;412;27352;NA;89938;629;2021-02-24;69197
2021-02-23;"Bratislavský kraj";257;31014;395;31409;NA;89938;652;2021-02-23;68568
2021-02-22;"Bratislavský kraj";353;36323;480;36803;NA;89938;833;2021-02-22;67916
2021-02-21;"Bratislavský kraj";185;54109;396;54505;NA;89938;581;2021-02-21;67083
2021-02-20;"Bratislavský kraj";167;74750;550;75300;NA;89938;717;2021-02-20;66502
2021-02-19;"Bratislavský kraj";280;44805;415;45220;NA;89938;695;2021-02-19;65785
2021-02-18;"Bratislavský kraj";263;26285;371;26656;NA;89938;634;2021-02-18;65090
2021-02-17;"Bratislavský kraj";264;22393;316;22709;NA;89938;580;2021-02-17;64456
2021-02-16;"Bratislavský kraj";289;28142;354;28496;NA;89938;643;2021-02-16;63876
2021-02-15;"Bratislavský kraj";248;36744;396;37140;NA;89938;644;2021-02-15;63233
2021-02-14;"Bratislavský kraj";153;47917;323;48240;NA;89938;476;2021-02-14;62589
2021-02-13;"Bratislavský kraj";173;68561;515;69076;NA;89938;688;2021-02-13;62113
2021-02-12;"Bratislavský kraj";282;35692;327;36019;NA;89938;609;2021-02-12;61425
2021-02-11;"Bratislavský kraj";337;24414;289;24703;NA;89938;626;2021-02-11;60816
2021-02-10;"Bratislavský kraj";314;23020;359;23379;NA;89938;673;2021-02-10;60190
2021-02-09;"Bratislavský kraj";287;36478;454;36932;NA;89938;741;2021-02-09;59517
2021-02-08;"Bratislavský kraj";484;31705;397;32102;NA;89938;881;2021-02-08;58776
2021-02-07;"Bratislavský kraj";243;51235;425;51660;NA;89938;668;2021-02-07;57895
2021-02-06;"Bratislavský kraj";116;62565;508;63073;NA;89938;624;2021-02-06;57227
2021-02-05;"Bratislavský kraj";327;27078;375;27453;NA;89938;702;2021-02-05;56603
2021-02-04;"Bratislavský kraj";555;16438;348;16786;NA;89938;903;2021-02-04;55901
2021-02-03;"Bratislavský kraj";161;12857;351;13208;NA;89938;512;2021-02-03;54998
2021-02-02;"Bratislavský kraj";397;25627;480;26107;NA;89938;877;2021-02-02;54486
2021-02-01;"Bratislavský kraj";221;35309;513;35822;NA;89938;734;2021-02-01;53609
2021-01-31;"Bratislavský kraj";180;35658;425;36083;NA;89938;605;2021-01-31;52875
2021-01-30;"Bratislavský kraj";310;49564;521;50085;NA;89938;831;2021-01-30;52270
2021-01-29;"Bratislavský kraj";344;16206;341;16547;NA;89938;685;2021-01-29;51439
2021-01-28;"Bratislavský kraj";307;10679;297;10976;NA;89938;604;2021-01-28;50754
2021-01-27;"Bratislavský kraj";336;22093;345;22438;NA;89938;681;2021-01-27;50150
2021-01-26;"Bratislavský kraj";297;22124;308;22432;NA;89938;605;2021-01-26;49469
2021-01-25;"Bratislavský kraj";356;23017;249;23266;NA;89938;605;2021-01-25;48864
2021-01-24;"Bratislavský kraj";175;37850;404;38254;NA;89938;579;2021-01-24;48259
2021-01-23;"Bratislavský kraj";396;79409;690;80099;NA;89938;1086;2021-01-23;47680
2021-01-22;"Bratislavský kraj";199;41918;365;42283;NA;89938;564;2021-01-22;46594
2021-01-21;"Bratislavský kraj";255;105673;1317;106990;NA;89938;1572;2021-01-21;46030
2021-01-20;"Bratislavský kraj";360;26947;450;27397;NA;89938;810;2021-01-20;44458
2021-01-19;"Bratislavský kraj";375;14609;346;14955;NA;89938;721;2021-01-19;43648
2021-01-18;"Bratislavský kraj";357;11981;707;12688;NA;89938;1064;2021-01-18;42927
2021-01-17;"Bratislavský kraj";244;465;26;491;NA;89938;270;2021-01-17;41863
2021-01-16;"Bratislavský kraj";70;2924;156;3080;NA;89938;226;2021-01-16;41593
2021-01-15;"Bratislavský kraj";251;7751;256;8007;NA;89938;507;2021-01-15;41367
2021-01-14;"Bratislavský kraj";363;8370;273;8643;NA;89938;636;2021-01-14;40860
2021-01-13;"Bratislavský kraj";336;8082;329;8411;NA;89938;665;2021-01-13;40224
2021-01-12;"Bratislavský kraj";450;9742;464;10206;NA;89938;914;2021-01-12;39559
2021-01-11;"Bratislavský kraj";397;19934;380;20314;NA;89938;777;2021-01-11;38645
2021-01-10;"Bratislavský kraj";252;1387;79;1466;NA;89938;331;2021-01-10;37868
2021-01-09;"Bratislavský kraj";351;4974;291;5265;NA;89938;642;2021-01-09;37537
2021-01-08;"Bratislavský kraj";556;9890;436;10326;NA;89938;992;2021-01-08;36895
2021-01-07;"Bratislavský kraj";537;7171;412;7583;NA;89938;949;2021-01-07;35903
2021-01-06;"Bratislavský kraj";271;3238;216;3454;NA;89938;487;2021-01-06;34954
2021-01-05;"Bratislavský kraj";619;10730;844;11574;NA;89938;1463;2021-01-05;34467
2021-01-04;"Bratislavský kraj";601;7711;606;8317;NA;89938;1207;2021-01-04;33004
2021-01-03;"Bratislavský kraj";77;425;41;466;NA;89938;118;2021-01-03;31797
2021-01-02;"Bratislavský kraj";185;408;57;465;NA;89938;242;2021-01-02;31679
2021-01-01;"Bratislavský kraj";235;3229;131;3360;NA;89938;366;2021-01-01;31437
2020-12-31;"Bratislavský kraj";925;14635;589;15224;NA;89938;1514;2020-12-31;31071
2020-12-30;"Bratislavský kraj";650;9494;528;10022;NA;89938;1178;2020-12-30;29557
2020-12-29;"Bratislavský kraj";303;10761;776;11537;NA;89938;1079;2020-12-29;28379
2020-12-28;"Bratislavský kraj";255;7698;560;8258;NA;89938;815;2020-12-28;27300
2020-12-27;"Bratislavský kraj";160;690;76;766;NA;89938;236;2020-12-27;26485
2020-12-26;"Bratislavský kraj";75;453;27;480;NA;89938;102;2020-12-26;26249
2020-12-25;"Bratislavský kraj";114;476;38;514;NA;89938;152;2020-12-25;26147
2020-12-24;"Bratislavský kraj";536;3417;102;3519;NA;89938;638;2020-12-24;25995
2020-12-23;"Bratislavský kraj";416;13267;500;13767;NA;89938;916;2020-12-23;25357
2020-12-22;"Bratislavský kraj";327;15613;772;16385;NA;89938;1099;2020-12-22;24441
2020-12-21;"Bratislavský kraj";392;14970;2007;16977;NA;89938;2399;2020-12-21;23342
2020-12-20;"Bratislavský kraj";180;670;54;724;NA;89938;234;2020-12-20;20943
2020-12-19;"Bratislavský kraj";396;3186;130;3316;NA;89938;526;2020-12-19;20709
2020-12-18;"Bratislavský kraj";306;10680;401;11081;NA;89938;707;2020-12-18;20183
2020-12-17;"Bratislavský kraj";502;10224;412;10636;NA;89938;914;2020-12-17;19476
2020-12-16;"Bratislavský kraj";282;10546;452;10998;NA;89938;734;2020-12-16;18562
2020-12-15;"Bratislavský kraj";423;10777;479;11256;NA;89938;902;2020-12-15;17828
2020-12-14;"Bratislavský kraj";279;6797;293;7090;NA;89938;572;2020-12-14;16926
2020-12-13;"Bratislavský kraj";125;127;10;137;NA;89938;135;2020-12-13;16354
2020-12-12;"Bratislavský kraj";361;3863;157;4020;NA;89938;518;2020-12-12;16219
2020-12-11;"Bratislavský kraj";326;7209;289;7498;NA;89938;615;2020-12-11;15701
2020-12-10;"Bratislavský kraj";286;5107;209;5316;NA;89938;495;2020-12-10;15086
2020-12-09;"Bratislavský kraj";382;4722;178;4900;NA;89938;560;2020-12-09;14591
2020-12-08;"Bratislavský kraj";234;5793;207;6000;NA;89938;441;2020-12-08;14031
2020-12-07;"Bratislavský kraj";272;4185;152;4337;NA;89938;424;2020-12-07;13590
2020-12-06;"Bratislavský kraj";61;1591;52;1643;NA;89938;113;2020-12-06;13166
2020-12-05;"Bratislavský kraj";266;2169;41;2210;NA;89938;307;2020-12-05;13053
2020-12-04;"Bratislavský kraj";200;4804;99;4903;NA;89938;299;2020-12-04;12746
2020-12-03;"Bratislavský kraj";213;5101;95;5196;NA;89938;308;2020-12-03;12447
2020-12-02;"Bratislavský kraj";205;2994;95;3089;NA;89938;300;2020-12-02;12139
2020-12-01;"Bratislavský kraj";255;3559;172;3731;NA;89938;427;2020-12-01;11839
2020-11-30;"Bratislavský kraj";152;2153;121;2274;NA;89938;273;2020-11-30;11412
2020-11-29;"Bratislavský kraj";52;201;24;225;NA;89938;76;2020-11-29;11139
2020-11-28;"Bratislavský kraj";232;2624;33;2657;NA;89938;265;2020-11-28;11063
2020-11-27;"Bratislavský kraj";54;2540;64;2604;NA;89938;118;2020-11-27;10798
2020-11-26;"Bratislavský kraj";129;1976;60;2036;NA;89938;189;2020-11-26;10680
2020-11-25;"Bratislavský kraj";140;1770;47;1817;NA;89938;187;2020-11-25;10491
2020-11-24;"Bratislavský kraj";81;2988;67;3055;NA;89938;148;2020-11-24;10304
2020-11-23;"Bratislavský kraj";67;7083;58;7141;NA;89938;125;2020-11-23;10156
2020-11-22;"Bratislavský kraj";36;81;7;88;NA;89938;43;2020-11-22;10031
2020-11-21;"Bratislavský kraj";109;2126;47;2173;NA;89938;156;2020-11-21;9988
2020-11-20;"Bratislavský kraj";118;2876;48;2924;NA;89938;166;2020-11-20;9832
2020-11-19;"Bratislavský kraj";173;987;29;1016;NA;89938;202;2020-11-19;9666
2020-11-18;"Bratislavský kraj";118;616;75;691;NA;89938;193;2020-11-18;9464
2020-11-17;"Bratislavský kraj";108;928;23;951;NA;89938;131;2020-11-17;9271
2020-11-16;"Bratislavský kraj";82;651;9;660;NA;89938;91;2020-11-16;9140
2020-11-15;"Bratislavský kraj";47;236;0;236;NA;89938;47;2020-11-15;9049
2020-11-14;"Bratislavský kraj";53;1834;15;1849;NA;89938;68;2020-11-14;9002
2020-11-13;"Bratislavský kraj";94;2096;21;2117;NA;89938;115;2020-11-13;8934
2020-11-12;"Bratislavský kraj";141;1727;6;1733;NA;89938;147;2020-11-12;8819
2020-11-11;"Bratislavský kraj";159;1429;12;1441;NA;89938;171;2020-11-11;8672
2020-11-10;"Bratislavský kraj";136;805;14;819;NA;89938;150;2020-11-10;8501
2020-11-09;"Bratislavský kraj";70;616;8;624;NA;89938;78;2020-11-09;8351
2020-11-08;"Bratislavský kraj";82;869;6;875;NA;89938;88;2020-11-08;8273
2020-11-07;"Bratislavský kraj";88;4039;17;4056;NA;89938;105;2020-11-07;8185
2020-11-06;"Bratislavský kraj";281;6441;25;6466;NA;89938;306;2020-11-06;8080
2020-11-05;"Bratislavský kraj";175;476;11;487;NA;89938;186;2020-11-05;7774
2020-11-04;"Bratislavský kraj";65;411;10;421;NA;89938;75;2020-11-04;7588
2020-11-03;"Bratislavský kraj";251;1085;12;1097;NA;89938;263;2020-11-03;7513
2020-11-02;"Bratislavský kraj";202;3365;22;3387;NA;89938;224;2020-11-02;7250
2020-11-01;"Bratislavský kraj";227;8694;39;8733;NA;89938;266;2020-11-01;7026
2020-10-31;"Bratislavský kraj";173;22407;123;22530;NA;89938;296;2020-10-31;6760
2020-10-30;"Bratislavský kraj";158;17350;138;17488;NA;89938;296;2020-10-30;6464
2020-10-29;"Bratislavský kraj";262;116;4;120;NA;89938;266;2020-10-29;6168
2020-10-28;"Bratislavský kraj";220;260;15;275;NA;89938;235;2020-10-28;5902
2020-10-27;"Bratislavský kraj";256;145;4;149;NA;89938;260;2020-10-27;5667
2020-10-26;"Bratislavský kraj";123;229;11;240;NA;89938;134;2020-10-26;5407
2020-10-25;"Bratislavský kraj";152;33;2;35;NA;89938;154;2020-10-25;5273
2020-10-24;"Bratislavský kraj";170;221;6;227;NA;89938;176;2020-10-24;5119
2020-10-23;"Bratislavský kraj";151;144;8;152;NA;89938;159;2020-10-23;4943
2020-10-22;"Bratislavský kraj";192;204;15;219;NA;89938;207;2020-10-22;4784
2020-10-21;"Bratislavský kraj";66;90;6;96;NA;89938;72;2020-10-21;4577
2020-10-20;"Bratislavský kraj";183;97;4;101;NA;89938;187;2020-10-20;4505
2020-10-19;"Bratislavský kraj";148;168;4;172;NA;89938;152;2020-10-19;4318
2020-10-18;"Bratislavský kraj";75;92;0;92;NA;89938;75;2020-10-18;4166
2020-10-17;"Bratislavský kraj";136;0;0;0;NA;89938;136;2020-10-17;4091
2020-10-16;"Bratislavský kraj";103;14;1;15;NA;89938;104;2020-10-16;3955
2020-10-15;"Bratislavský kraj";135;6;1;7;NA;89938;136;2020-10-15;3851
2020-10-14;"Bratislavský kraj";127;4;0;4;NA;89938;127;2020-10-14;3715
2020-10-13;"Bratislavský kraj";86;108;8;116;NA;89938;94;2020-10-13;3588
2020-10-12;"Bratislavský kraj";46;0;0;0;NA;89938;46;2020-10-12;3494
2020-10-11;"Bratislavský kraj";80;0;0;0;NA;89938;80;2020-10-11;3448
2020-10-10;"Bratislavský kraj";55;0;0;0;NA;89938;55;2020-10-10;3368
2020-10-09;"Bratislavský kraj";148;0;0;0;NA;89938;148;2020-10-09;3313
2020-10-08;"Bratislavský kraj";100;0;0;0;NA;89938;100;2020-10-08;3165
2020-10-07;"Bratislavský kraj";107;0;0;0;NA;89938;107;2020-10-07;3065
2020-10-06;"Bratislavský kraj";108;0;0;0;NA;89938;108;2020-10-06;2958
2020-10-05;"Bratislavský kraj";30;0;0;0;NA;89938;30;2020-10-05;2850
2020-10-04;"Bratislavský kraj";49;0;0;0;NA;89938;49;2020-10-04;2820
2020-10-03;"Bratislavský kraj";82;0;0;0;NA;89938;82;2020-10-03;2771
2020-10-02;"Bratislavský kraj";101;0;0;0;NA;89938;101;2020-10-02;2689
2020-10-01;"Bratislavský kraj";72;0;0;0;NA;89938;72;2020-10-01;2588
2020-09-30;"Bratislavský kraj";91;0;0;0;NA;89938;91;2020-09-30;2516
2020-09-29;"Bratislavský kraj";74;0;0;0;NA;89938;74;2020-09-29;2425
2020-09-28;"Bratislavský kraj";29;0;0;0;NA;89938;29;2020-09-28;2351
2020-09-27;"Bratislavský kraj";48;0;0;0;NA;89938;48;2020-09-27;2322
2020-09-26;"Bratislavský kraj";86;0;0;0;NA;89938;86;2020-09-26;2274
2020-09-25;"Bratislavský kraj";97;0;0;0;NA;89938;97;2020-09-25;2188
2020-09-24;"Bratislavský kraj";73;0;0;0;NA;89938;73;2020-09-24;2091
2020-09-23;"Bratislavský kraj";55;0;0;0;NA;89938;55;2020-09-23;2018
2020-09-22;"Bratislavský kraj";81;0;0;0;NA;89938;81;2020-09-22;1963
2020-09-21;"Bratislavský kraj";32;0;0;0;NA;89938;32;2020-09-21;1882
2020-09-20;"Bratislavský kraj";25;0;0;0;NA;89938;25;2020-09-20;1850
2020-09-19;"Bratislavský kraj";59;0;0;0;NA;89938;59;2020-09-19;1825
2020-09-18;"Bratislavský kraj";42;0;0;0;NA;89938;42;2020-09-18;1766
2020-09-17;"Bratislavský kraj";52;0;0;0;NA;89938;52;2020-09-17;1724
2020-09-16;"Bratislavský kraj";32;0;0;0;NA;89938;32;2020-09-16;1672
2020-09-15;"Bratislavský kraj";26;0;0;0;NA;89938;26;2020-09-15;1640
2020-09-14;"Bratislavský kraj";24;0;0;0;NA;89938;24;2020-09-14;1614
2020-09-13;"Bratislavský kraj";11;0;0;0;NA;89938;11;2020-09-13;1590
2020-09-12;"Bratislavský kraj";24;0;0;0;NA;89938;24;2020-09-12;1579
2020-09-11;"Bratislavský kraj";50;0;0;0;NA;89938;50;2020-09-11;1555
2020-09-10;"Bratislavský kraj";47;0;0;0;NA;89938;47;2020-09-10;1505
2020-09-09;"Bratislavský kraj";40;0;0;0;NA;89938;40;2020-09-09;1458
2020-09-08;"Bratislavský kraj";58;0;0;0;NA;89938;58;2020-09-08;1418
2020-09-07;"Bratislavský kraj";39;0;0;0;NA;89938;39;2020-09-07;1360
2020-09-06;"Bratislavský kraj";11;0;0;0;NA;89938;11;2020-09-06;1321
2020-09-05;"Bratislavský kraj";37;0;0;0;NA;89938;37;2020-09-05;1310
2020-09-04;"Bratislavský kraj";87;0;0;0;NA;89938;87;2020-09-04;1273
2020-09-03;"Bratislavský kraj";51;0;0;0;NA;89938;51;2020-09-03;1186
2020-09-02;"Bratislavský kraj";50;0;0;0;NA;89938;50;2020-09-02;1135
2020-09-01;"Bratislavský kraj";16;0;0;0;NA;89938;16;2020-09-01;1085
2020-08-31;"Bratislavský kraj";19;0;0;0;NA;89938;19;2020-08-31;1069
2020-08-30;"Bratislavský kraj";9;0;0;0;NA;89938;9;2020-08-30;1050
2020-08-29;"Bratislavský kraj";12;0;0;0;NA;89938;12;2020-08-29;1041
2020-08-28;"Bratislavský kraj";35;0;0;0;NA;89938;35;2020-08-28;1029
2020-08-27;"Bratislavský kraj";33;0;0;0;NA;89938;33;2020-08-27;994
2020-08-26;"Bratislavský kraj";27;0;0;0;NA;89938;27;2020-08-26;961
2020-08-25;"Bratislavský kraj";29;0;0;0;NA;89938;29;2020-08-25;934
2020-08-24;"Bratislavský kraj";6;0;0;0;NA;89938;6;2020-08-24;905
2020-08-23;"Bratislavský kraj";45;0;0;0;NA;89938;45;2020-08-23;899
2020-08-22;"Bratislavský kraj";13;0;0;0;NA;89938;13;2020-08-22;854
2020-08-21;"Bratislavský kraj";46;0;0;0;NA;89938;46;2020-08-21;841
2020-08-20;"Bratislavský kraj";41;0;0;0;NA;89938;41;2020-08-20;795
2020-08-19;"Bratislavský kraj";27;0;0;0;NA;89938;27;2020-08-19;754
2020-08-18;"Bratislavský kraj";47;0;0;0;NA;89938;47;2020-08-18;727
2020-08-17;"Bratislavský kraj";2;0;0;0;NA;89938;2;2020-08-17;680
2020-08-16;"Bratislavský kraj";3;0;0;0;NA;89938;3;2020-08-16;678
2020-08-15;"Bratislavský kraj";18;0;0;0;NA;89938;18;2020-08-15;675
2020-08-14;"Bratislavský kraj";16;0;0;0;NA;89938;16;2020-08-14;657
2020-08-13;"Bratislavský kraj";12;0;0;0;NA;89938;12;2020-08-13;641
2020-08-12;"Bratislavský kraj";10;0;0;0;NA;89938;10;2020-08-12;629
2020-08-11;"Bratislavský kraj";23;0;0;0;NA;89938;23;2020-08-11;619
2020-08-10;"Bratislavský kraj";2;0;0;0;NA;89938;2;2020-08-10;596
2020-08-09;"Bratislavský kraj";2;0;0;0;NA;89938;2;2020-08-09;594
2020-08-08;"Bratislavský kraj";1;0;0;0;NA;89938;1;2020-08-08;592
2020-08-07;"Bratislavský kraj";9;0;0;0;NA;89938;9;2020-08-07;591
2020-08-06;"Bratislavský kraj";15;0;0;0;NA;89938;15;2020-08-06;582
2020-08-05;"Bratislavský kraj";11;0;0;0;NA;89938;11;2020-08-05;567
2020-08-04;"Bratislavský kraj";21;0;0;0;NA;89938;21;2020-08-04;556
2020-08-03;"Bratislavský kraj";7;0;0;0;NA;89938;7;2020-08-03;535
2020-08-02;"Bratislavský kraj";0;0;0;0;NA;89938;0;2020-08-02;528
2020-08-01;"Bratislavský kraj";0;0;0;0;NA;89938;0;2020-08-01;528
2020-07-31;"Bratislavský kraj";14;0;0;0;NA;89938;14;2020-07-31;528
2020-07-30;"Bratislavský kraj";6;0;0;0;NA;89938;6;2020-07-30;514
2020-07-29;"Bratislavský kraj";7;0;0;0;NA;89938;7;2020-07-29;508
2020-07-28;"Bratislavský kraj";14;0;0;0;NA;89938;14;2020-07-28;501
2020-07-27;"Bratislavský kraj";3;0;0;0;NA;89938;3;2020-07-27;487
2020-07-26;"Bratislavský kraj";0;0;0;0;NA;89938;0;2020-07-26;484
2020-07-25;"Bratislavský kraj";8;0;0;0;NA;89938;8;2020-07-25;484
2020-07-24;"Bratislavský kraj";2;0;0;0;NA;89938;2;2020-07-24;476
2020-07-23;"Bratislavský kraj";8;0;0;0;NA;89938;8;2020-07-23;474
2020-07-22;"Bratislavský kraj";11;0;0;0;NA;89938;11;2020-07-22;466
2020-07-21;"Bratislavský kraj";8;0;0;0;NA;89938;8;2020-07-21;455
2020-07-20;"Bratislavský kraj";12;0;0;0;NA;89938;12;2020-07-20;447
2020-07-19;"Bratislavský kraj";0;0;0;0;NA;89938;0;2020-07-19;435
2020-07-18;"Bratislavský kraj";2;0;0;0;NA;89938;2;2020-07-18;435
2020-07-17;"Bratislavský kraj";2;0;0;0;NA;89938;2;2020-07-17;433
2020-07-16;"Bratislavský kraj";6;0;0;0;NA;89938;6;2020-07-16;431
2020-07-15;"Bratislavský kraj";3;0;0;0;NA;89938;3;2020-07-15;425
2020-07-14;"Bratislavský kraj";2;0;0;0;NA;89938;2;2020-07-14;422
2020-07-13;"Bratislavský kraj";2;0;0;0;NA;89938;2;2020-07-13;420
2020-07-12;"Bratislavský kraj";0;0;0;0;NA;89938;0;2020-07-12;418
2020-07-11;"Bratislavský kraj";0;0;0;0;NA;89938;0;2020-07-11;418
2020-07-10;"Bratislavský kraj";8;0;0;0;NA;89938;8;2020-07-10;418
2020-07-09;"Bratislavský kraj";2;0;0;0;NA;89938;2;2020-07-09;410
2020-07-08;"Bratislavský kraj";11;0;0;0;NA;89938;11;2020-07-08;408
2020-07-07;"Bratislavský kraj";5;0;0;0;NA;89938;5;2020-07-07;397
2020-07-06;"Bratislavský kraj";1;0;0;0;NA;89938;1;2020-07-06;392
2020-07-05;"Bratislavský kraj";0;0;0;0;NA;89938;0;2020-07-05;391
2020-07-04;"Bratislavský kraj";3;0;0;0;NA;89938;3;2020-07-04;391
2020-07-03;"Bratislavský kraj";1;0;0;0;NA;89938;1;2020-07-03;388
2020-07-02;"Bratislavský kraj";0;0;0;0;NA;89938;0;2020-07-02;387
2020-07-01;"Bratislavský kraj";7;0;0;0;NA;89938;7;2020-07-01;387
2020-06-30;"Bratislavský kraj";3;0;0;0;NA;89938;3;2020-06-30;380
2020-06-29;"Bratislavský kraj";1;0;0;0;NA;89938;1;2020-06-29;377
2020-06-28;"Bratislavský kraj";0;0;0;0;NA;89938;0;2020-06-28;376
2020-06-27;"Bratislavský kraj";1;0;0;0;NA;89938;1;2020-06-27;376
2020-06-26;"Bratislavský kraj";6;0;0;0;NA;89938;6;2020-06-26;375
2020-06-25;"Bratislavský kraj";0;0;0;0;NA;89938;0;2020-06-25;369
2020-06-24;"Bratislavský kraj";3;0;0;0;NA;89938;3;2020-06-24;369
2020-06-23;"Bratislavský kraj";0;0;0;0;NA;89938;0;2020-06-23;366
2020-06-22;"Bratislavský kraj";1;0;0;0;NA;89938;1;2020-06-22;366
2020-06-21;"Bratislavský kraj";0;0;0;0;NA;89938;0;2020-06-21;365
2020-06-20;"Bratislavský kraj";0;0;0;0;NA;89938;0;2020-06-20;365
2020-06-19;"Bratislavský kraj";3;0;0;0;NA;89938;3;2020-06-19;365
2020-06-18;"Bratislavský kraj";0;0;0;0;NA;89938;0;2020-06-18;362
2020-06-17;"Bratislavský kraj";0;0;0;0;NA;89938;0;2020-06-17;362
2020-06-16;"Bratislavský kraj";0;0;0;0;NA;89938;0;2020-06-16;362
2020-06-14;"Bratislavský kraj";2;0;0;0;NA;89938;2;2020-06-14;362
2020-06-13;"Bratislavský kraj";1;0;0;0;NA;89938;1;2020-06-13;360
2020-06-12;"Bratislavský kraj";2;0;0;0;NA;89938;2;2020-06-12;359
2020-06-11;"Bratislavský kraj";0;0;0;0;NA;89938;0;2020-06-11;357
2020-06-10;"Bratislavský kraj";0;0;0;0;NA;89938;0;2020-06-10;357
2020-06-09;"Bratislavský kraj";0;0;0;0;NA;89938;0;2020-06-09;357
2020-06-08;"Bratislavský kraj";1;0;0;0;NA;89938;1;2020-06-08;357
2020-06-07;"Bratislavský kraj";0;0;0;0;NA;89938;0;2020-06-07;356
2020-06-05;"Bratislavský kraj";0;0;0;0;NA;89938;0;2020-06-05;356
2020-06-03;"Bratislavský kraj";1;0;0;0;NA;89938;1;2020-06-03;356
2020-06-02;"Bratislavský kraj";0;0;0;0;NA;89938;0;2020-06-02;355
2020-05-31;"Bratislavský kraj";0;0;0;0;NA;89938;0;2020-05-31;355
2020-05-29;"Bratislavský kraj";0;0;0;0;NA;89938;0;2020-05-29;355
2020-05-27;"Bratislavský kraj";1;0;0;0;NA;89938;1;2020-05-27;355
2020-05-26;"Bratislavský kraj";0;0;0;0;NA;89938;0;2020-05-26;354
2020-05-25;"Bratislavský kraj";0;0;0;0;NA;89938;0;2020-05-25;354
2020-05-24;"Bratislavský kraj";0;0;0;0;NA;89938;0;2020-05-24;354
2020-05-23;"Bratislavský kraj";2;0;0;0;NA;89938;2;2020-05-23;354
2020-05-22;"Bratislavský kraj";0;0;0;0;NA;89938;0;2020-05-22;352
2020-05-21;"Bratislavský kraj";0;0;0;0;NA;89938;0;2020-05-21;352
2020-05-20;"Bratislavský kraj";0;0;0;0;NA;89938;0;2020-05-20;352
2020-05-19;"Bratislavský kraj";0;0;0;0;NA;89938;0;2020-05-19;352
2020-05-17;"Bratislavský kraj";0;0;0;0;NA;89938;0;2020-05-17;352
2020-05-16;"Bratislavský kraj";0;0;0;0;NA;89938;0;2020-05-16;352
2020-05-15;"Bratislavský kraj";0;0;0;0;NA;89938;0;2020-05-15;352
2020-05-14;"Bratislavský kraj";0;0;0;0;NA;89938;0;2020-05-14;352
2020-05-13;"Bratislavský kraj";0;0;0;0;NA;89938;0;2020-05-13;352
2020-05-12;"Bratislavský kraj";2;0;0;0;NA;89938;2;2020-05-12;352
2020-05-11;"Bratislavský kraj";0;0;0;0;NA;89938;0;2020-05-11;350
2020-05-09;"Bratislavský kraj";0;0;0;0;NA;89938;0;2020-05-09;350
2020-05-07;"Bratislavský kraj";1;0;0;0;NA;89938;1;2020-05-07;350
2020-05-06;"Bratislavský kraj";3;0;0;0;NA;89938;3;2020-05-06;349
2020-05-05;"Bratislavský kraj";0;0;0;0;NA;89938;0;2020-05-05;346
2020-05-04;"Bratislavský kraj";0;0;0;0;NA;89938;0;2020-05-04;346
2020-05-03;"Bratislavský kraj";2;0;0;0;NA;89938;2;2020-05-03;346
2020-05-02;"Bratislavský kraj";0;0;0;0;NA;89938;0;2020-05-02;344
2020-05-01;"Bratislavský kraj";0;0;0;0;NA;89938;0;2020-05-01;344
2020-04-30;"Bratislavský kraj";5;0;0;0;NA;89938;5;2020-04-30;344
2020-04-29;"Bratislavský kraj";0;0;0;0;NA;89938;0;2020-04-29;339
2020-04-28;"Bratislavský kraj";2;0;0;0;NA;89938;2;2020-04-28;339
2020-04-27;"Bratislavský kraj";0;0;0;0;NA;89938;0;2020-04-27;337
2020-04-26;"Bratislavský kraj";1;0;0;0;NA;89938;1;2020-04-26;337
2020-04-25;"Bratislavský kraj";0;0;0;0;NA;89938;0;2020-04-25;336
2020-04-24;"Bratislavský kraj";2;0;0;0;NA;89938;2;2020-04-24;336
2020-04-23;"Bratislavský kraj";6;0;0;0;NA;89938;6;2020-04-23;334
2020-04-22;"Bratislavský kraj";11;0;0;0;NA;89938;11;2020-04-22;328
2020-04-21;"Bratislavský kraj";4;0;0;0;NA;89938;4;2020-04-21;317
2020-04-20;"Bratislavský kraj";0;0;0;0;NA;89938;0;2020-04-20;313
2020-04-19;"Bratislavský kraj";4;0;0;0;NA;89938;4;2020-04-19;313
2020-04-18;"Bratislavský kraj";5;0;0;0;NA;89938;5;2020-04-18;309
2020-04-17;"Bratislavský kraj";6;0;0;0;NA;89938;6;2020-04-17;304
2020-04-16;"Bratislavský kraj";15;0;0;0;NA;89938;15;2020-04-16;298
2020-04-15;"Bratislavský kraj";11;0;0;0;NA;89938;11;2020-04-15;283
2020-04-14;"Bratislavský kraj";19;0;0;0;NA;89938;19;2020-04-14;272
2020-04-13;"Bratislavský kraj";53;0;0;0;NA;89938;53;2020-04-13;253
2020-04-12;"Bratislavský kraj";3;0;0;0;NA;89938;3;2020-04-12;200
2020-04-11;"Bratislavský kraj";1;0;0;0;NA;89938;1;2020-04-11;197
2020-04-10;"Bratislavský kraj";8;0;0;0;NA;89938;8;2020-04-10;196
2020-04-09;"Bratislavský kraj";3;0;0;0;NA;89938;3;2020-04-09;188
2020-04-08;"Bratislavský kraj";3;0;0;0;NA;89938;3;2020-04-08;185
2020-04-07;"Bratislavský kraj";24;0;0;0;NA;89938;24;2020-04-07;182
2020-04-06;"Bratislavský kraj";5;0;0;0;NA;89938;5;2020-04-06;158
2020-04-05;"Bratislavský kraj";6;0;0;0;NA;89938;6;2020-04-05;153
2020-04-04;"Bratislavský kraj";2;0;0;0;NA;89938;2;2020-04-04;147
2020-04-03;"Bratislavský kraj";1;0;0;0;NA;89938;1;2020-04-03;145
2020-04-02;"Bratislavský kraj";2;0;0;0;NA;89938;2;2020-04-02;144
2020-04-01;"Bratislavský kraj";5;0;0;0;NA;89938;5;2020-04-01;142
2020-03-31;"Bratislavský kraj";19;0;0;0;NA;89938;19;2020-03-31;137
2020-03-30;"Bratislavský kraj";6;0;0;0;NA;89938;6;2020-03-30;118
2020-03-29;"Bratislavský kraj";8;0;0;0;NA;89938;8;2020-03-29;112
2020-03-28;"Bratislavský kraj";4;0;0;0;NA;89938;4;2020-03-28;104
2020-03-27;"Bratislavský kraj";3;0;0;0;NA;89938;3;2020-03-27;100
2020-03-26;"Bratislavský kraj";15;0;0;0;NA;89938;15;2020-03-26;97
2020-03-25;"Bratislavský kraj";1;0;0;0;NA;89938;1;2020-03-25;82
2020-03-24;"Bratislavský kraj";4;0;0;0;NA;89938;4;2020-03-24;81
2020-03-23;"Bratislavský kraj";9;0;0;0;NA;89938;9;2020-03-23;77
2020-03-22;"Bratislavský kraj";2;0;0;0;NA;89938;2;2020-03-22;68
2020-03-21;"Bratislavský kraj";22;0;0;0;NA;89938;22;2020-03-21;66
2020-03-20;"Bratislavský kraj";3;0;0;0;NA;89938;3;2020-03-20;44
2020-03-19;"Bratislavský kraj";4;0;0;0;NA;89938;4;2020-03-19;41
2020-03-18;"Bratislavský kraj";3;0;0;0;NA;89938;3;2020-03-18;37
2020-03-17;"Bratislavský kraj";13;0;0;0;NA;89938;13;2020-03-17;34
2020-03-16;"Bratislavský kraj";1;0;0;0;NA;89938;1;2020-03-16;21
2020-03-15;"Bratislavský kraj";4;0;0;0;NA;89938;4;2020-03-15;20
2020-03-14;"Bratislavský kraj";9;0;0;0;NA;89938;9;2020-03-14;16
2020-03-13;"Bratislavský kraj";2;0;0;0;NA;89938;2;2020-03-13;7
2020-03-12;"Bratislavský kraj";8;0;0;0;NA;89938;8;2020-03-12;5
2020-03-11;"Bratislavský kraj";3;0;0;0;NA;89938;3;2020-03-11;-3
2020-03-09;"Bratislavský kraj";0;0;0;0;NA;89938;0;2020-03-09;-6
2020-03-08;"Bratislavský kraj";2;0;0;0;NA;89938;2;2020-03-08;-6
2020-03-07;"Bratislavský kraj";2;0;0;0;NA;89938;2;2020-03-07;-8
2020-03-06;"Bratislavský kraj";1;0;0;0;NA;89938;1;2020-03-06;-10
2021-05-16;"Košický kraj";37;16272;15;16287;52235;96437;52;2021-05-16;96437
2021-05-15;"Košický kraj";22;23249;26;23275;NA;96437;48;2021-05-15;96385
2021-05-14;"Košický kraj";32;19689;39;19728;NA;96437;71;2021-05-14;96337
2021-05-13;"Košický kraj";39;9632;29;9661;NA;96437;68;2021-05-13;96266
2021-05-12;"Košický kraj";85;10492;33;10525;NA;96437;118;2021-05-12;96198
2021-05-11;"Košický kraj";68;11441;30;11471;NA;96437;98;2021-05-11;96080
2021-05-10;"Košický kraj";25;17042;42;17084;NA;96437;67;2021-05-10;95982
2021-05-09;"Košický kraj";84;25594;55;25649;NA;96437;139;2021-05-09;95915
2021-05-08;"Košický kraj";18;22688;23;22711;NA;96437;41;2021-05-08;95776
2021-05-07;"Košický kraj";51;24454;57;24511;NA;96437;108;2021-05-07;95735
2021-05-06;"Košický kraj";55;11907;43;11950;NA;96437;98;2021-05-06;95627
2021-05-05;"Košický kraj";23;12072;35;12107;NA;96437;58;2021-05-05;95529
2021-05-04;"Košický kraj";143;13562;38;13600;NA;96437;181;2021-05-04;95471
2021-05-03;"Košický kraj";37;16944;68;17012;NA;96437;105;2021-05-03;95290
2021-05-02;"Košický kraj";45;36095;56;36151;NA;96437;101;2021-05-02;95185
2021-05-01;"Košický kraj";54;51764;76;51840;NA;96437;130;2021-05-01;95084
2021-04-30;"Košický kraj";59;44634;94;44728;NA;96437;153;2021-04-30;94954
2021-04-29;"Košický kraj";76;17054;53;17107;NA;96437;129;2021-04-29;94801
2021-04-28;"Košický kraj";99;18004;52;18056;NA;96437;151;2021-04-28;94672
2021-04-27;"Košický kraj";108;20727;44;20771;NA;96437;152;2021-04-27;94521
2021-04-26;"Košický kraj";39;26010;98;26108;NA;96437;137;2021-04-26;94369
2021-04-25;"Košický kraj";23;48355;57;48412;NA;96437;80;2021-04-25;94232
2021-04-24;"Košický kraj";68;90343;114;90457;NA;96437;182;2021-04-24;94152
2021-04-23;"Košický kraj";110;41125;73;41198;NA;96437;183;2021-04-23;93970
2021-04-22;"Košický kraj";56;16846;45;16891;NA;96437;101;2021-04-22;93787
2021-04-21;"Košický kraj";114;19607;62;19669;NA;96437;176;2021-04-21;93686
2021-04-20;"Košický kraj";81;25524;64;25588;NA;96437;145;2021-04-20;93510
2021-04-19;"Košický kraj";93;29955;108;30063;NA;96437;201;2021-04-19;93365
2021-04-18;"Košický kraj";10;48984;77;49061;NA;96437;87;2021-04-18;93164
2021-04-17;"Košický kraj";187;83968;103;84071;NA;96437;290;2021-04-17;93077
2021-04-16;"Košický kraj";83;41662;128;41790;NA;96437;211;2021-04-16;92787
2021-04-15;"Košický kraj";104;18631;94;18725;NA;96437;198;2021-04-15;92576
2021-04-14;"Košický kraj";119;20190;65;20255;NA;96437;184;2021-04-14;92378
2021-04-13;"Košický kraj";81;23349;121;23470;NA;96437;202;2021-04-13;92194
2021-04-12;"Košický kraj";129;26573;124;26697;NA;96437;253;2021-04-12;91992
2021-04-11;"Košický kraj";29;47016;79;47095;NA;96437;108;2021-04-11;91739
2021-04-10;"Košický kraj";138;99953;187;100140;NA;96437;325;2021-04-10;91631
2021-04-09;"Košický kraj";168;35287;133;35420;NA;96437;301;2021-04-09;91306
2021-04-08;"Košický kraj";81;18708;91;18799;NA;96437;172;2021-04-08;91005
2021-04-07;"Košický kraj";232;28327;197;28524;NA;96437;429;2021-04-07;90833
2021-04-06;"Košický kraj";121;36495;164;36659;NA;96437;285;2021-04-06;90404
2021-04-05;"Košický kraj";19;14409;66;14475;NA;96437;85;2021-04-05;90119
2021-04-04;"Košický kraj";33;15200;68;15268;NA;96437;101;2021-04-04;90034
2021-04-03;"Košický kraj";138;97701;241;97942;NA;96437;379;2021-04-03;89933
2021-04-02;"Košický kraj";128;24457;86;24543;NA;96437;214;2021-04-02;89554
2021-04-01;"Košický kraj";165;46212;156;46368;NA;96437;321;2021-04-01;89340
2021-03-31;"Košický kraj";160;29693;126;29819;NA;96437;286;2021-03-31;89019
2021-03-30;"Košický kraj";229;24108;163;24271;NA;96437;392;2021-03-30;88733
2021-03-29;"Košický kraj";78;28729;192;28921;NA;96437;270;2021-03-29;88341
2021-03-28;"Košický kraj";39;44263;128;44391;NA;96437;167;2021-03-28;88071
2021-03-27;"Košický kraj";222;96635;267;96902;NA;96437;489;2021-03-27;87904
2021-03-26;"Košický kraj";233;45262;202;45464;NA;96437;435;2021-03-26;87415
2021-03-25;"Košický kraj";133;23789;174;23963;NA;96437;307;2021-03-25;86980
2021-03-24;"Košický kraj";165;20685;157;20842;NA;96437;322;2021-03-24;86673
2021-03-23;"Košický kraj";202;22480;190;22670;NA;96437;392;2021-03-23;86351
2021-03-22;"Košický kraj";169;26742;227;26969;NA;96437;396;2021-03-22;85959
2021-03-21;"Košický kraj";109;46792;167;46959;NA;96437;276;2021-03-21;85563
2021-03-20;"Košický kraj";126;101376;315;101691;NA;96437;441;2021-03-20;85287
2021-03-19;"Košický kraj";205;45598;257;45855;NA;96437;462;2021-03-19;84846
2021-03-18;"Košický kraj";274;23831;211;24042;NA;96437;485;2021-03-18;84384
2021-03-17;"Košický kraj";177;21559;197;21756;NA;96437;374;2021-03-17;83899
2021-03-16;"Košický kraj";386;23431;226;23657;NA;96437;612;2021-03-16;83525
2021-03-15;"Košický kraj";173;27796;294;28090;NA;96437;467;2021-03-15;82913
2021-03-14;"Košický kraj";145;44419;226;44645;NA;96437;371;2021-03-14;82446
2021-03-13;"Košický kraj";146;103822;480;104302;NA;96437;626;2021-03-13;82075
2021-03-12;"Košický kraj";366;47839;322;48161;NA;96437;688;2021-03-12;81449
2021-03-11;"Košický kraj";396;23225;261;23486;NA;96437;657;2021-03-11;80761
2021-03-10;"Košický kraj";121;22199;268;22467;NA;96437;389;2021-03-10;80104
2021-03-09;"Košický kraj";676;24524;301;24825;NA;96437;977;2021-03-09;79715
2021-03-08;"Košický kraj";559;29679;342;30021;NA;96437;901;2021-03-08;78738
2021-03-07;"Košický kraj";45;44273;299;44572;NA;96437;344;2021-03-07;77837
2021-03-06;"Košický kraj";177;105659;536;106195;NA;96437;713;2021-03-06;77493
2021-03-05;"Košický kraj";439;45564;422;45986;NA;96437;861;2021-03-05;76780
2021-03-04;"Košický kraj";417;23862;321;24183;NA;96437;738;2021-03-04;75919
2021-03-03;"Košický kraj";390;23141;297;23438;NA;96437;687;2021-03-03;75181
2021-03-02;"Košický kraj";464;24158;372;24530;NA;96437;836;2021-03-02;74494
2021-03-01;"Košický kraj";389;29980;512;30492;NA;96437;901;2021-03-01;73658
2021-02-28;"Košický kraj";265;43053;334;43387;NA;96437;599;2021-02-28;72757
2021-02-27;"Košický kraj";301;101274;787;102061;NA;96437;1088;2021-02-27;72158
2021-02-26;"Košický kraj";440;45466;492;45958;NA;96437;932;2021-02-26;71070
2021-02-25;"Košický kraj";331;19872;342;20214;NA;96437;673;2021-02-25;70138
2021-02-24;"Košický kraj";263;18815;506;19321;NA;96437;769;2021-02-24;69465
2021-02-23;"Košický kraj";642;21592;341;21933;NA;96437;983;2021-02-23;68696
2021-02-22;"Košický kraj";362;30830;434;31264;NA;96437;796;2021-02-22;67713
2021-02-21;"Košický kraj";170;40464;385;40849;NA;96437;555;2021-02-21;66917
2021-02-20;"Košický kraj";283;92550;770;93320;NA;96437;1053;2021-02-20;66362
2021-02-19;"Košický kraj";507;42016;586;42602;NA;96437;1093;2021-02-19;65309
2021-02-18;"Košický kraj";397;18442;345;18787;NA;96437;742;2021-02-18;64216
2021-02-17;"Košický kraj";322;18080;387;18467;NA;96437;709;2021-02-17;63474
2021-02-16;"Košický kraj";600;22111;463;22574;NA;96437;1063;2021-02-16;62765
2021-02-15;"Košický kraj";216;27633;419;28052;NA;96437;635;2021-02-15;61702
2021-02-14;"Košický kraj";241;56743;524;57267;NA;96437;765;2021-02-14;61067
2021-02-13;"Košický kraj";206;93779;765;94544;NA;96437;971;2021-02-13;60302
2021-02-12;"Košický kraj";448;50184;611;50795;NA;96437;1059;2021-02-12;59331
2021-02-11;"Košický kraj";435;14524;323;14847;NA;96437;758;2021-02-11;58272
2021-02-10;"Košický kraj";360;18475;431;18906;NA;96437;791;2021-02-10;57514
2021-02-09;"Košický kraj";545;24841;463;25304;NA;96437;1008;2021-02-09;56723
2021-02-08;"Košický kraj";237;24836;392;25228;NA;96437;629;2021-02-08;55715
2021-02-07;"Košický kraj";208;56897;612;57509;NA;96437;820;2021-02-07;55086
2021-02-06;"Košický kraj";318;104357;884;105241;NA;96437;1202;2021-02-06;54266
2021-02-05;"Košický kraj";384;43186;494;43680;NA;96437;878;2021-02-05;53064
2021-02-04;"Košický kraj";391;14508;371;14879;NA;96437;762;2021-02-04;52186
2021-02-03;"Košický kraj";296;12599;339;12938;NA;96437;635;2021-02-03;51424
2021-02-02;"Košický kraj";473;43883;1212;45095;NA;96437;1685;2021-02-02;50789
2021-02-01;"Košický kraj";415;21965;362;22327;NA;96437;777;2021-02-01;49104
2021-01-31;"Košický kraj";142;54154;609;54763;NA;96437;751;2021-01-31;48327
2021-01-30;"Košický kraj";320;76925;665;77590;NA;96437;985;2021-01-30;47576
2021-01-29;"Košický kraj";311;37130;466;37596;NA;96437;777;2021-01-29;46591
2021-01-28;"Košický kraj";540;9006;244;9250;NA;96437;784;2021-01-28;45814
2021-01-27;"Košický kraj";265;7575;211;7786;NA;96437;476;2021-01-27;45030
2021-01-26;"Košický kraj";530;14256;246;14502;NA;96437;776;2021-01-26;44554
2021-01-25;"Košický kraj";226;26430;413;26843;NA;96437;639;2021-01-25;43778
2021-01-24;"Košický kraj";150;44419;581;45000;NA;96437;731;2021-01-24;43139
2021-01-23;"Košický kraj";232;82705;857;83562;NA;96437;1089;2021-01-23;42408
2021-01-22;"Košický kraj";316;19997;265;20262;NA;96437;581;2021-01-22;41319
2021-01-21;"Košický kraj";274;14047;158;14205;NA;96437;432;2021-01-21;40738
2021-01-20;"Košický kraj";374;10843;201;11044;NA;96437;575;2021-01-20;40306
2021-01-19;"Košický kraj";248;9717;181;9898;NA;96437;429;2021-01-19;39731
2021-01-18;"Košický kraj";333;7659;262;7921;NA;96437;595;2021-01-18;39302
2021-01-17;"Košický kraj";155;535;14;549;NA;96437;169;2021-01-17;38707
2021-01-16;"Košický kraj";153;1403;47;1450;NA;96437;200;2021-01-16;38538
2021-01-15;"Košický kraj";308;6443;213;6656;NA;96437;521;2021-01-15;38338
2021-01-14;"Košický kraj";358;5471;221;5692;NA;96437;579;2021-01-14;37817
2021-01-13;"Košický kraj";421;4897;226;5123;NA;96437;647;2021-01-13;37238
2021-01-12;"Košický kraj";482;6689;258;6947;NA;96437;740;2021-01-12;36591
2021-01-11;"Košický kraj";309;7945;304;8249;NA;96437;613;2021-01-11;35851
2021-01-10;"Košický kraj";193;136;6;142;NA;96437;199;2021-01-10;35238
2021-01-09;"Košický kraj";469;1134;45;1179;NA;96437;514;2021-01-09;35039
2021-01-08;"Košický kraj";551;8222;388;8610;NA;96437;939;2021-01-08;34525
2021-01-07;"Košický kraj";251;6566;434;7000;NA;96437;685;2021-01-07;33586
2021-01-06;"Košický kraj";442;429;33;462;NA;96437;475;2021-01-06;32901
2021-01-05;"Košický kraj";584;8100;560;8660;NA;96437;1144;2021-01-05;32426
2021-01-04;"Košický kraj";407;7113;737;7850;NA;96437;1144;2021-01-04;31282
2021-01-03;"Košický kraj";118;661;22;683;NA;96437;140;2021-01-03;30138
2021-01-02;"Košický kraj";88;440;52;492;NA;96437;140;2021-01-02;29998
2021-01-01;"Košický kraj";398;725;49;774;NA;96437;447;2021-01-01;29858
2020-12-31;"Košický kraj";625;7877;461;8338;NA;96437;1086;2020-12-31;29411
2020-12-30;"Košický kraj";590;6477;412;6889;NA;96437;1002;2020-12-30;28325
2020-12-29;"Košický kraj";419;7573;605;8178;NA;96437;1024;2020-12-29;27323
2020-12-28;"Košický kraj";356;8296;804;9100;NA;96437;1160;2020-12-28;26299
2020-12-27;"Košický kraj";159;147;16;163;NA;96437;175;2020-12-27;25139
2020-12-26;"Košický kraj";163;274;23;297;NA;96437;186;2020-12-26;24964
2020-12-25;"Košický kraj";237;140;10;150;NA;96437;247;2020-12-25;24778
2020-12-24;"Košický kraj";564;1470;90;1560;NA;96437;654;2020-12-24;24531
2020-12-23;"Košický kraj";304;7942;354;8296;NA;96437;658;2020-12-23;23877
2020-12-22;"Košický kraj";438;7920;459;8379;NA;96437;897;2020-12-22;23219
2020-12-21;"Košický kraj";405;6984;509;7493;NA;96437;914;2020-12-21;22322
2020-12-20;"Košický kraj";215;73;11;84;NA;96437;226;2020-12-20;21408
2020-12-19;"Košický kraj";207;1309;63;1372;NA;96437;270;2020-12-19;21182
2020-12-18;"Košický kraj";310;8484;326;8810;NA;96437;636;2020-12-18;20912
2020-12-17;"Košický kraj";463;5292;255;5547;NA;96437;718;2020-12-17;20276
2020-12-16;"Košický kraj";455;5898;316;6214;NA;96437;771;2020-12-16;19558
2020-12-15;"Košický kraj";319;5086;338;5424;NA;96437;657;2020-12-15;18787
2020-12-14;"Košický kraj";256;3401;264;3665;NA;96437;520;2020-12-14;18130
2020-12-13;"Košický kraj";47;181;2;183;NA;96437;49;2020-12-13;17610
2020-12-12;"Košický kraj";369;1587;118;1705;NA;96437;487;2020-12-12;17561
2020-12-11;"Košický kraj";354;5461;258;5719;NA;96437;612;2020-12-11;17074
2020-12-10;"Košický kraj";283;4064;176;4240;NA;96437;459;2020-12-10;16462
2020-12-09;"Košický kraj";279;3786;166;3952;NA;96437;445;2020-12-09;16003
2020-12-08;"Košický kraj";226;4105;355;4460;NA;96437;581;2020-12-08;15558
2020-12-07;"Košický kraj";270;2383;106;2489;NA;96437;376;2020-12-07;14977
2020-12-06;"Košický kraj";121;97;20;117;NA;96437;141;2020-12-06;14601
2020-12-05;"Košický kraj";90;1096;48;1144;NA;96437;138;2020-12-05;14460
2020-12-04;"Košický kraj";224;2680;82;2762;NA;96437;306;2020-12-04;14322
2020-12-03;"Košický kraj";211;7717;173;7890;NA;96437;384;2020-12-03;14016
2020-12-02;"Košický kraj";193;8132;496;8628;NA;96437;689;2020-12-02;13632
2020-12-01;"Košický kraj";178;2237;124;2361;NA;96437;302;2020-12-01;12943
2020-11-30;"Košický kraj";171;3754;62;3816;NA;96437;233;2020-11-30;12641
2020-11-29;"Košický kraj";31;325;17;342;NA;96437;48;2020-11-29;12408
2020-11-28;"Košický kraj";69;721;52;773;NA;96437;121;2020-11-28;12360
2020-11-27;"Košický kraj";149;2921;78;2999;NA;96437;227;2020-11-27;12239
2020-11-26;"Košický kraj";239;1234;60;1294;NA;96437;299;2020-11-26;12012
2020-11-25;"Košický kraj";237;1785;123;1908;NA;96437;360;2020-11-25;11713
2020-11-24;"Košický kraj";196;1976;67;2043;NA;96437;263;2020-11-24;11353
2020-11-23;"Košický kraj";51;4115;63;4178;NA;96437;114;2020-11-23;11090
2020-11-22;"Košický kraj";57;57;5;62;NA;96437;62;2020-11-22;10976
2020-11-21;"Košický kraj";87;858;36;894;NA;96437;123;2020-11-21;10914
2020-11-20;"Košický kraj";176;3084;49;3133;NA;96437;225;2020-11-20;10791
2020-11-19;"Košický kraj";206;1736;48;1784;NA;96437;254;2020-11-19;10566
2020-11-18;"Košický kraj";122;532;17;549;NA;96437;139;2020-11-18;10312
2020-11-17;"Košický kraj";152;82;9;91;NA;96437;161;2020-11-17;10173
2020-11-16;"Košický kraj";114;596;27;623;NA;96437;141;2020-11-16;10012
2020-11-15;"Košický kraj";15;338;7;345;NA;96437;22;2020-11-15;9871
2020-11-14;"Košický kraj";234;520;12;532;NA;96437;246;2020-11-14;9849
2020-11-13;"Košický kraj";207;664;29;693;NA;96437;236;2020-11-13;9603
2020-11-12;"Košický kraj";192;736;13;749;NA;96437;205;2020-11-12;9367
2020-11-11;"Košický kraj";301;593;7;600;NA;96437;308;2020-11-11;9162
2020-11-10;"Košický kraj";190;541;11;552;NA;96437;201;2020-11-10;8854
2020-11-09;"Košický kraj";129;380;17;397;NA;96437;146;2020-11-09;8653
2020-11-08;"Košický kraj";78;1306;8;1314;NA;96437;86;2020-11-08;8507
2020-11-07;"Košický kraj";192;3909;22;3931;NA;96437;214;2020-11-07;8421
2020-11-06;"Košický kraj";195;5310;34;5344;NA;96437;229;2020-11-06;8207
2020-11-05;"Košický kraj";342;330;31;361;NA;96437;373;2020-11-05;7978
2020-11-04;"Košický kraj";101;154;6;160;NA;96437;107;2020-11-04;7605
2020-11-03;"Košický kraj";358;1122;13;1135;NA;96437;371;2020-11-03;7498
2020-11-02;"Košický kraj";111;6125;56;6181;NA;96437;167;2020-11-02;7127
2020-11-01;"Košický kraj";346;6522;34;6556;NA;96437;380;2020-11-01;6960
2020-10-31;"Košický kraj";82;14035;106;14141;NA;96437;188;2020-10-31;6580
2020-10-30;"Košický kraj";379;2835;27;2862;NA;96437;406;2020-10-30;6392
2020-10-29;"Košický kraj";333;983;13;996;NA;96437;346;2020-10-29;5986
2020-10-28;"Košický kraj";224;305;13;318;NA;96437;237;2020-10-28;5640
2020-10-27;"Košický kraj";386;439;21;460;NA;96437;407;2020-10-27;5403
2020-10-26;"Košický kraj";56;227;12;239;NA;96437;68;2020-10-26;4996
2020-10-25;"Košický kraj";154;79;2;81;NA;96437;156;2020-10-25;4928
2020-10-24;"Košický kraj";313;118;16;134;NA;96437;329;2020-10-24;4772
2020-10-23;"Košický kraj";315;331;8;339;NA;96437;323;2020-10-23;4443
2020-10-22;"Košický kraj";349;530;16;546;NA;96437;365;2020-10-22;4120
2020-10-21;"Košický kraj";129;84;2;86;NA;96437;131;2020-10-21;3755
2020-10-20;"Košický kraj";181;14;1;15;NA;96437;182;2020-10-20;3624
2020-10-19;"Košický kraj";64;38;1;39;NA;96437;65;2020-10-19;3442
2020-10-18;"Košický kraj";158;0;0;0;NA;96437;158;2020-10-18;3377
2020-10-17;"Košický kraj";142;0;0;0;NA;96437;142;2020-10-17;3219
2020-10-16;"Košický kraj";206;19;0;19;NA;96437;206;2020-10-16;3077
2020-10-15;"Košický kraj";177;19;5;24;NA;96437;182;2020-10-15;2871
2020-10-14;"Košický kraj";211;8;0;8;NA;96437;211;2020-10-14;2689
2020-10-13;"Košický kraj";179;80;3;83;NA;96437;182;2020-10-13;2478
2020-10-12;"Košický kraj";74;0;0;0;NA;96437;74;2020-10-12;2296
2020-10-11;"Košický kraj";121;0;0;0;NA;96437;121;2020-10-11;2222
2020-10-10;"Košický kraj";70;0;0;0;NA;96437;70;2020-10-10;2101
2020-10-09;"Košický kraj";188;0;0;0;NA;96437;188;2020-10-09;2031
2020-10-08;"Košický kraj";102;0;0;0;NA;96437;102;2020-10-08;1843
2020-10-07;"Košický kraj";158;0;0;0;NA;96437;158;2020-10-07;1741
2020-10-06;"Košický kraj";70;0;0;0;NA;96437;70;2020-10-06;1583
2020-10-05;"Košický kraj";39;0;0;0;NA;96437;39;2020-10-05;1513
2020-10-04;"Košický kraj";45;0;0;0;NA;96437;45;2020-10-04;1474
2020-10-03;"Košický kraj";105;0;0;0;NA;96437;105;2020-10-03;1429
2020-10-02;"Košický kraj";57;0;0;0;NA;96437;57;2020-10-02;1324
2020-10-01;"Košický kraj";69;0;0;0;NA;96437;69;2020-10-01;1267
2020-09-30;"Košický kraj";95;0;0;0;NA;96437;95;2020-09-30;1198
2020-09-29;"Košický kraj";75;0;0;0;NA;96437;75;2020-09-29;1103
2020-09-28;"Košický kraj";19;0;0;0;NA;96437;19;2020-09-28;1028
2020-09-27;"Košický kraj";21;0;0;0;NA;96437;21;2020-09-27;1009
2020-09-26;"Košický kraj";53;0;0;0;NA;96437;53;2020-09-26;988
2020-09-25;"Košický kraj";72;0;0;0;NA;96437;72;2020-09-25;935
2020-09-24;"Košický kraj";35;0;0;0;NA;96437;35;2020-09-24;863
2020-09-23;"Košický kraj";23;0;0;0;NA;96437;23;2020-09-23;828
2020-09-22;"Košický kraj";39;0;0;0;NA;96437;39;2020-09-22;805
2020-09-21;"Košický kraj";5;0;0;0;NA;96437;5;2020-09-21;766
2020-09-20;"Košický kraj";3;0;0;0;NA;96437;3;2020-09-20;761
2020-09-19;"Košický kraj";13;0;0;0;NA;96437;13;2020-09-19;758
2020-09-18;"Košický kraj";20;0;0;0;NA;96437;20;2020-09-18;745
2020-09-17;"Košický kraj";22;0;0;0;NA;96437;22;2020-09-17;725
2020-09-16;"Košický kraj";12;0;0;0;NA;96437;12;2020-09-16;703
2020-09-15;"Košický kraj";10;0;0;0;NA;96437;10;2020-09-15;691
2020-09-14;"Košický kraj";6;0;0;0;NA;96437;6;2020-09-14;681
2020-09-13;"Košický kraj";3;0;0;0;NA;96437;3;2020-09-13;675
2020-09-12;"Košický kraj";16;0;0;0;NA;96437;16;2020-09-12;672
2020-09-11;"Košický kraj";20;0;0;0;NA;96437;20;2020-09-11;656
2020-09-10;"Košický kraj";11;0;0;0;NA;96437;11;2020-09-10;636
2020-09-09;"Košický kraj";37;0;0;0;NA;96437;37;2020-09-09;625
2020-09-08;"Košický kraj";10;0;0;0;NA;96437;10;2020-09-08;588
2020-09-07;"Košický kraj";4;0;0;0;NA;96437;4;2020-09-07;578
2020-09-06;"Košický kraj";2;0;0;0;NA;96437;2;2020-09-06;574
2020-09-05;"Košický kraj";10;0;0;0;NA;96437;10;2020-09-05;572
2020-09-04;"Košický kraj";14;0;0;0;NA;96437;14;2020-09-04;562
2020-09-03;"Košický kraj";22;0;0;0;NA;96437;22;2020-09-03;548
2020-09-02;"Košický kraj";13;0;0;0;NA;96437;13;2020-09-02;526
2020-09-01;"Košický kraj";21;0;0;0;NA;96437;21;2020-09-01;513
2020-08-31;"Košický kraj";9;0;0;0;NA;96437;9;2020-08-31;492
2020-08-30;"Košický kraj";21;0;0;0;NA;96437;21;2020-08-30;483
2020-08-29;"Košický kraj";1;0;0;0;NA;96437;1;2020-08-29;462
2020-08-28;"Košický kraj";19;0;0;0;NA;96437;19;2020-08-28;461
2020-08-27;"Košický kraj";15;0;0;0;NA;96437;15;2020-08-27;442
2020-08-26;"Košický kraj";8;0;0;0;NA;96437;8;2020-08-26;427
2020-08-25;"Košický kraj";23;0;0;0;NA;96437;23;2020-08-25;419
2020-08-24;"Košický kraj";6;0;0;0;NA;96437;6;2020-08-24;396
2020-08-23;"Košický kraj";8;0;0;0;NA;96437;8;2020-08-23;390
2020-08-22;"Košický kraj";13;0;0;0;NA;96437;13;2020-08-22;382
2020-08-21;"Košický kraj";10;0;0;0;NA;96437;10;2020-08-21;369
2020-08-20;"Košický kraj";10;0;0;0;NA;96437;10;2020-08-20;359
2020-08-19;"Košický kraj";3;0;0;0;NA;96437;3;2020-08-19;349
2020-08-18;"Košický kraj";7;0;0;0;NA;96437;7;2020-08-18;346
2020-08-17;"Košický kraj";2;0;0;0;NA;96437;2;2020-08-17;339
2020-08-16;"Košický kraj";2;0;0;0;NA;96437;2;2020-08-16;337
2020-08-15;"Košický kraj";3;0;0;0;NA;96437;3;2020-08-15;335
2020-08-14;"Košický kraj";1;0;0;0;NA;96437;1;2020-08-14;332
2020-08-13;"Košický kraj";3;0;0;0;NA;96437;3;2020-08-13;331
2020-08-12;"Košický kraj";12;0;0;0;NA;96437;12;2020-08-12;328
2020-08-11;"Košický kraj";5;0;0;0;NA;96437;5;2020-08-11;316
2020-08-10;"Košický kraj";1;0;0;0;NA;96437;1;2020-08-10;311
2020-08-09;"Košický kraj";0;0;0;0;NA;96437;0;2020-08-09;310
2020-08-08;"Košický kraj";5;0;0;0;NA;96437;5;2020-08-08;310
2020-08-07;"Košický kraj";7;0;0;0;NA;96437;7;2020-08-07;305
2020-08-06;"Košický kraj";3;0;0;0;NA;96437;3;2020-08-06;298
2020-08-05;"Košický kraj";4;0;0;0;NA;96437;4;2020-08-05;295
2020-08-04;"Košický kraj";1;0;0;0;NA;96437;1;2020-08-04;291
2020-08-03;"Košický kraj";1;0;0;0;NA;96437;1;2020-08-03;290
2020-08-02;"Košický kraj";0;0;0;0;NA;96437;0;2020-08-02;289
2020-08-01;"Košický kraj";0;0;0;0;NA;96437;0;2020-08-01;289
2020-07-31;"Košický kraj";0;0;0;0;NA;96437;0;2020-07-31;289
2020-07-30;"Košický kraj";2;0;0;0;NA;96437;2;2020-07-30;289
2020-07-29;"Košický kraj";1;0;0;0;NA;96437;1;2020-07-29;287
2020-07-28;"Košický kraj";9;0;0;0;NA;96437;9;2020-07-28;286
2020-07-27;"Košický kraj";4;0;0;0;NA;96437;4;2020-07-27;277
2020-07-26;"Košický kraj";0;0;0;0;NA;96437;0;2020-07-26;273
2020-07-25;"Košický kraj";2;0;0;0;NA;96437;2;2020-07-25;273
2020-07-24;"Košický kraj";2;0;0;0;NA;96437;2;2020-07-24;271
2020-07-23;"Košický kraj";1;0;0;0;NA;96437;1;2020-07-23;269
2020-07-22;"Košický kraj";1;0;0;0;NA;96437;1;2020-07-22;268
2020-07-21;"Košický kraj";0;0;0;0;NA;96437;0;2020-07-21;267
2020-07-20;"Košický kraj";0;0;0;0;NA;96437;0;2020-07-20;267
2020-07-19;"Košický kraj";0;0;0;0;NA;96437;0;2020-07-19;267
2020-07-18;"Košický kraj";1;0;0;0;NA;96437;1;2020-07-18;267
2020-07-17;"Košický kraj";1;0;0;0;NA;96437;1;2020-07-17;266
2020-07-16;"Košický kraj";0;0;0;0;NA;96437;0;2020-07-16;265
2020-07-15;"Košický kraj";2;0;0;0;NA;96437;2;2020-07-15;265
2020-07-14;"Košický kraj";1;0;0;0;NA;96437;1;2020-07-14;263
2020-07-13;"Košický kraj";1;0;0;0;NA;96437;1;2020-07-13;262
2020-07-12;"Košický kraj";0;0;0;0;NA;96437;0;2020-07-12;261
2020-07-11;"Košický kraj";0;0;0;0;NA;96437;0;2020-07-11;261
2020-07-10;"Košický kraj";1;0;0;0;NA;96437;1;2020-07-10;261
2020-07-09;"Košický kraj";1;0;0;0;NA;96437;1;2020-07-09;260
2020-07-08;"Košický kraj";12;0;0;0;NA;96437;12;2020-07-08;259
2020-07-07;"Košický kraj";0;0;0;0;NA;96437;0;2020-07-07;247
2020-07-06;"Košický kraj";0;0;0;0;NA;96437;0;2020-07-06;247
2020-07-05;"Košický kraj";0;0;0;0;NA;96437;0;2020-07-05;247
2020-07-04;"Košický kraj";0;0;0;0;NA;96437;0;2020-07-04;247
2020-07-03;"Košický kraj";1;0;0;0;NA;96437;1;2020-07-03;247
2020-07-02;"Košický kraj";0;0;0;0;NA;96437;0;2020-07-02;246
2020-07-01;"Košický kraj";1;0;0;0;NA;96437;1;2020-07-01;246
2020-06-30;"Košický kraj";0;0;0;0;NA;96437;0;2020-06-30;245
2020-06-29;"Košický kraj";0;0;0;0;NA;96437;0;2020-06-29;245
2020-06-28;"Košický kraj";0;0;0;0;NA;96437;0;2020-06-28;245
2020-06-27;"Košický kraj";0;0;0;0;NA;96437;0;2020-06-27;245
2020-06-26;"Košický kraj";0;0;0;0;NA;96437;0;2020-06-26;245
2020-06-25;"Košický kraj";3;0;0;0;NA;96437;3;2020-06-25;245
2020-06-24;"Košický kraj";3;0;0;0;NA;96437;3;2020-06-24;242
2020-06-23;"Košický kraj";3;0;0;0;NA;96437;3;2020-06-23;239
2020-06-22;"Košický kraj";0;0;0;0;NA;96437;0;2020-06-22;236
2020-06-21;"Košický kraj";0;0;0;0;NA;96437;0;2020-06-21;236
2020-06-20;"Košický kraj";0;0;0;0;NA;96437;0;2020-06-20;236
2020-06-19;"Košický kraj";0;0;0;0;NA;96437;0;2020-06-19;236
2020-06-18;"Košický kraj";1;0;0;0;NA;96437;1;2020-06-18;236
2020-06-17;"Košický kraj";0;0;0;0;NA;96437;0;2020-06-17;235
2020-06-16;"Košický kraj";2;0;0;0;NA;96437;2;2020-06-16;235
2020-06-14;"Košický kraj";0;0;0;0;NA;96437;0;2020-06-14;233
2020-06-13;"Košický kraj";0;0;0;0;NA;96437;0;2020-06-13;233
2020-06-12;"Košický kraj";0;0;0;0;NA;96437;0;2020-06-12;233
2020-06-11;"Košický kraj";0;0;0;0;NA;96437;0;2020-06-11;233
2020-06-10;"Košický kraj";6;0;0;0;NA;96437;6;2020-06-10;233
2020-06-09;"Košický kraj";0;0;0;0;NA;96437;0;2020-06-09;227
2020-06-08;"Košický kraj";0;0;0;0;NA;96437;0;2020-06-08;227
2020-06-07;"Košický kraj";2;0;0;0;NA;96437;2;2020-06-07;227
2020-06-05;"Košický kraj";0;0;0;0;NA;96437;0;2020-06-05;225
2020-06-03;"Košický kraj";0;0;0;0;NA;96437;0;2020-06-03;225
2020-06-02;"Košický kraj";1;0;0;0;NA;96437;1;2020-06-02;225
2020-05-31;"Košický kraj";0;0;0;0;NA;96437;0;2020-05-31;224
2020-05-29;"Košický kraj";1;0;0;0;NA;96437;1;2020-05-29;224
2020-05-27;"Košický kraj";0;0;0;0;NA;96437;0;2020-05-27;223
2020-05-26;"Košický kraj";1;0;0;0;NA;96437;1;2020-05-26;223
2020-05-25;"Košický kraj";1;0;0;0;NA;96437;1;2020-05-25;222
2020-05-24;"Košický kraj";0;0;0;0;NA;96437;0;2020-05-24;221
2020-05-23;"Košický kraj";0;0;0;0;NA;96437;0;2020-05-23;221
2020-05-22;"Košický kraj";0;0;0;0;NA;96437;0;2020-05-22;221
2020-05-21;"Košický kraj";0;0;0;0;NA;96437;0;2020-05-21;221
2020-05-20;"Košický kraj";3;0;0;0;NA;96437;3;2020-05-20;221
2020-05-19;"Košický kraj";0;0;0;0;NA;96437;0;2020-05-19;218
2020-05-17;"Košický kraj";1;0;0;0;NA;96437;1;2020-05-17;218
2020-05-16;"Košický kraj";1;0;0;0;NA;96437;1;2020-05-16;217
2020-05-15;"Košický kraj";10;0;0;0;NA;96437;10;2020-05-15;216
2020-05-14;"Košický kraj";1;0;0;0;NA;96437;1;2020-05-14;206
2020-05-13;"Košický kraj";6;0;0;0;NA;96437;6;2020-05-13;205
2020-05-12;"Košický kraj";0;0;0;0;NA;96437;0;2020-05-12;199
2020-05-11;"Košický kraj";0;0;0;0;NA;96437;0;2020-05-11;199
2020-05-09;"Košický kraj";0;0;0;0;NA;96437;0;2020-05-09;199
2020-05-07;"Košický kraj";0;0;0;0;NA;96437;0;2020-05-07;199
2020-05-06;"Košický kraj";1;0;0;0;NA;96437;1;2020-05-06;199
2020-05-05;"Košický kraj";0;0;0;0;NA;96437;0;2020-05-05;198
2020-05-04;"Košický kraj";0;0;0;0;NA;96437;0;2020-05-04;198
2020-05-03;"Košický kraj";0;0;0;0;NA;96437;0;2020-05-03;198
2020-05-02;"Košický kraj";1;0;0;0;NA;96437;1;2020-05-02;198
2020-05-01;"Košický kraj";0;0;0;0;NA;96437;0;2020-05-01;197
2020-04-30;"Košický kraj";1;0;0;0;NA;96437;1;2020-04-30;197
2020-04-29;"Košický kraj";1;0;0;0;NA;96437;1;2020-04-29;196
2020-04-28;"Košický kraj";1;0;0;0;NA;96437;1;2020-04-28;195
2020-04-27;"Košický kraj";1;0;0;0;NA;96437;1;2020-04-27;194
2020-04-26;"Košický kraj";0;0;0;0;NA;96437;0;2020-04-26;193
2020-04-25;"Košický kraj";0;0;0;0;NA;96437;0;2020-04-25;193
2020-04-24;"Košický kraj";3;0;0;0;NA;96437;3;2020-04-24;193
2020-04-23;"Košický kraj";4;0;0;0;NA;96437;4;2020-04-23;190
2020-04-22;"Košický kraj";21;0;0;0;NA;96437;21;2020-04-22;186
2020-04-21;"Košický kraj";4;0;0;0;NA;96437;4;2020-04-21;165
2020-04-20;"Košický kraj";0;0;0;0;NA;96437;0;2020-04-20;161
2020-04-19;"Košický kraj";1;0;0;0;NA;96437;1;2020-04-19;161
2020-04-18;"Košický kraj";2;0;0;0;NA;96437;2;2020-04-18;160
2020-04-17;"Košický kraj";7;0;0;0;NA;96437;7;2020-04-17;158
2020-04-16;"Košický kraj";29;0;0;0;NA;96437;29;2020-04-16;151
2020-04-15;"Košický kraj";50;0;0;0;NA;96437;50;2020-04-15;122
2020-04-14;"Košický kraj";4;0;0;0;NA;96437;4;2020-04-14;72
2020-04-13;"Košický kraj";5;0;0;0;NA;96437;5;2020-04-13;68
2020-04-12;"Košický kraj";4;0;0;0;NA;96437;4;2020-04-12;63
2020-04-11;"Košický kraj";2;0;0;0;NA;96437;2;2020-04-11;59
2020-04-10;"Košický kraj";1;0;0;0;NA;96437;1;2020-04-10;57
2020-04-09;"Košický kraj";4;0;0;0;NA;96437;4;2020-04-09;56
2020-04-08;"Košický kraj";5;2;0;2;NA;96437;5;2020-04-08;52
2020-04-07;"Košický kraj";34;0;0;0;NA;96437;34;2020-04-07;47
2020-04-06;"Košický kraj";6;0;0;0;NA;96437;6;2020-04-06;13
2020-04-05;"Košický kraj";4;0;0;0;NA;96437;4;2020-04-05;7
2020-04-04;"Košický kraj";5;0;0;0;NA;96437;5;2020-04-04;3
2020-04-03;"Košický kraj";4;0;0;0;NA;96437;4;2020-04-03;-2
2020-04-02;"Košický kraj";3;0;0;0;NA;96437;3;2020-04-02;-6
2020-04-01;"Košický kraj";3;0;0;0;NA;96437;3;2020-04-01;-9
2020-03-31;"Košický kraj";1;0;0;0;NA;96437;1;2020-03-31;-12
2020-03-30;"Košický kraj";5;0;0;0;NA;96437;5;2020-03-30;-13
2020-03-29;"Košický kraj";0;0;0;0;NA;96437;0;2020-03-29;-18
2020-03-28;"Košický kraj";1;0;0;0;NA;96437;1;2020-03-28;-18
2020-03-27;"Košický kraj";1;0;0;0;NA;96437;1;2020-03-27;-19
2020-03-26;"Košický kraj";3;0;0;0;NA;96437;3;2020-03-26;-20
2020-03-25;"Košický kraj";2;0;0;0;NA;96437;2;2020-03-25;-23
2020-03-24;"Košický kraj";0;0;0;0;NA;96437;0;2020-03-24;-25
2020-03-23;"Košický kraj";2;0;0;0;NA;96437;2;2020-03-23;-25
2020-03-22;"Košický kraj";0;0;0;0;NA;96437;0;2020-03-22;-27
2020-03-21;"Košický kraj";3;0;0;0;NA;96437;3;2020-03-21;-27
2020-03-20;"Košický kraj";1;0;0;0;NA;96437;1;2020-03-20;-30
2020-03-19;"Košický kraj";0;0;0;0;NA;96437;0;2020-03-19;-31
2020-03-18;"Košický kraj";0;0;0;0;NA;96437;0;2020-03-18;-31
2020-03-17;"Košický kraj";0;0;0;0;NA;96437;0;2020-03-17;-31
2020-03-16;"Košický kraj";3;0;0;0;NA;96437;3;2020-03-16;-31
2020-03-15;"Košický kraj";1;0;0;0;NA;96437;1;2020-03-15;-34
2020-03-14;"Košický kraj";0;0;0;0;NA;96437;0;2020-03-14;-35
2020-03-13;"Košický kraj";2;0;0;0;NA;96437;2;2020-03-13;-35
2020-03-12;"Košický kraj";0;0;0;0;NA;96437;0;2020-03-12;-37
2020-03-11;"Košický kraj";0;0;0;0;NA;96437;0;2020-03-11;-37
2020-03-09;"Košický kraj";1;0;0;0;NA;96437;1;2020-03-09;-37
2020-03-08;"Košický kraj";0;0;0;0;NA;96437;0;2020-03-08;-38
2020-03-07;"Košický kraj";0;0;0;0;NA;96437;0;2020-03-07;-38
2020-03-06;"Košický kraj";0;0;0;0;NA;96437;0;2020-03-06;-38
2021-05-16;"Nitriansky kraj";4;12572;9;12581;38992;92101;13;2021-05-16;92101
2021-05-15;"Nitriansky kraj";5;19487;21;19508;NA;92101;26;2021-05-15;92088
2021-05-14;"Nitriansky kraj";18;12532;23;12555;NA;92101;41;2021-05-14;92062
2021-05-13;"Nitriansky kraj";24;7728;19;7747;NA;92101;43;2021-05-13;92021
2021-05-12;"Nitriansky kraj";10;7466;26;7492;NA;92101;36;2021-05-12;91978
2021-05-11;"Nitriansky kraj";36;7883;13;7896;NA;92101;49;2021-05-11;91942
2021-05-10;"Nitriansky kraj";16;13294;32;13326;NA;92101;48;2021-05-10;91893
2021-05-09;"Nitriansky kraj";8;21879;35;21914;NA;92101;43;2021-05-09;91845
2021-05-08;"Nitriansky kraj";0;22046;29;22075;NA;92101;29;2021-05-08;91802
2021-05-07;"Nitriansky kraj";32;14652;20;14672;NA;92101;52;2021-05-07;91773
2021-05-06;"Nitriansky kraj";30;9275;20;9295;NA;92101;50;2021-05-06;91721
2021-05-05;"Nitriansky kraj";19;8518;23;8541;NA;92101;42;2021-05-05;91671
2021-05-04;"Nitriansky kraj";46;8954;27;8981;NA;92101;73;2021-05-04;91629
2021-05-03;"Nitriansky kraj";32;14225;44;14269;NA;92101;76;2021-05-03;91556
2021-05-02;"Nitriansky kraj";4;31237;46;31283;NA;92101;50;2021-05-02;91480
2021-05-01;"Nitriansky kraj";23;55773;42;55815;NA;92101;65;2021-05-01;91430
2021-04-30;"Nitriansky kraj";28;31803;53;31856;NA;92101;81;2021-04-30;91365
2021-04-29;"Nitriansky kraj";27;13952;32;13984;NA;92101;59;2021-04-29;91284
2021-04-28;"Nitriansky kraj";36;14678;45;14723;NA;92101;81;2021-04-28;91225
2021-04-27;"Nitriansky kraj";51;13154;35;13189;NA;92101;86;2021-04-27;91144
2021-04-26;"Nitriansky kraj";38;21029;44;21073;NA;92101;82;2021-04-26;91058
2021-04-25;"Nitriansky kraj";7;43860;44;43904;NA;92101;51;2021-04-25;90976
2021-04-24;"Nitriansky kraj";23;88127;70;88197;NA;92101;93;2021-04-24;90925
2021-04-23;"Nitriansky kraj";54;34760;51;34811;NA;92101;105;2021-04-23;90832
2021-04-22;"Nitriansky kraj";32;15435;44;15479;NA;92101;76;2021-04-22;90727
2021-04-21;"Nitriansky kraj";38;14222;45;14267;NA;92101;83;2021-04-21;90651
2021-04-20;"Nitriansky kraj";67;16058;51;16109;NA;92101;118;2021-04-20;90568
2021-04-19;"Nitriansky kraj";35;24816;59;24875;NA;92101;94;2021-04-19;90450
2021-04-18;"Nitriansky kraj";0;39307;27;39334;NA;92101;27;2021-04-18;90356
2021-04-17;"Nitriansky kraj";34;89024;79;89103;NA;92101;113;2021-04-17;90329
2021-04-16;"Nitriansky kraj";46;32348;37;32385;NA;92101;83;2021-04-16;90216
2021-04-15;"Nitriansky kraj";75;16550;53;16603;NA;92101;128;2021-04-15;90133
2021-04-14;"Nitriansky kraj";43;14994;42;15036;NA;92101;85;2021-04-14;90005
2021-04-13;"Nitriansky kraj";110;15460;45;15505;NA;92101;155;2021-04-13;89920
2021-04-12;"Nitriansky kraj";29;21846;49;21895;NA;92101;78;2021-04-12;89765
2021-04-11;"Nitriansky kraj";1;37537;31;37568;NA;92101;32;2021-04-11;89687
2021-04-10;"Nitriansky kraj";35;90904;106;91010;NA;92101;141;2021-04-10;89655
2021-04-09;"Nitriansky kraj";69;30669;58;30727;NA;92101;127;2021-04-09;89514
2021-04-08;"Nitriansky kraj";71;15455;39;15494;NA;92101;110;2021-04-08;89387
2021-04-07;"Nitriansky kraj";64;18757;43;18800;NA;92101;107;2021-04-07;89277
2021-04-06;"Nitriansky kraj";65;32994;112;33106;NA;92101;177;2021-04-06;89170
2021-04-05;"Nitriansky kraj";37;12673;48;12721;NA;92101;85;2021-04-05;88993
2021-04-04;"Nitriansky kraj";5;17887;35;17922;NA;92101;40;2021-04-04;88908
2021-04-03;"Nitriansky kraj";26;85188;153;85341;NA;92101;179;2021-04-03;88868
2021-04-02;"Nitriansky kraj";32;18591;46;18637;NA;92101;78;2021-04-02;88689
2021-04-01;"Nitriansky kraj";63;24610;83;24693;NA;92101;146;2021-04-01;88611
2021-03-31;"Nitriansky kraj";73;21752;94;21846;NA;92101;167;2021-03-31;88465
2021-03-30;"Nitriansky kraj";125;17044;83;17127;NA;92101;208;2021-03-30;88298
2021-03-29;"Nitriansky kraj";81;25139;99;25238;NA;92101;180;2021-03-29;88090
2021-03-28;"Nitriansky kraj";6;45581;106;45687;NA;92101;112;2021-03-28;87910
2021-03-27;"Nitriansky kraj";39;103659;174;103833;NA;92101;213;2021-03-27;87798
2021-03-26;"Nitriansky kraj";90;40444;115;40559;NA;92101;205;2021-03-26;87585
2021-03-25;"Nitriansky kraj";95;19149;94;19243;NA;92101;189;2021-03-25;87380
2021-03-24;"Nitriansky kraj";90;14784;91;14875;NA;92101;181;2021-03-24;87191
2021-03-23;"Nitriansky kraj";167;16753;66;16819;NA;92101;233;2021-03-23;87010
2021-03-22;"Nitriansky kraj";101;23699;124;23823;NA;92101;225;2021-03-22;86777
2021-03-21;"Nitriansky kraj";27;42318;99;42417;NA;92101;126;2021-03-21;86552
2021-03-20;"Nitriansky kraj";36;99816;207;100023;NA;92101;243;2021-03-20;86426
2021-03-19;"Nitriansky kraj";76;37115;101;37216;NA;92101;177;2021-03-19;86183
2021-03-18;"Nitriansky kraj";103;20051;113;20164;NA;92101;216;2021-03-18;86006
2021-03-17;"Nitriansky kraj";87;15832;127;15959;NA;92101;214;2021-03-17;85790
2021-03-16;"Nitriansky kraj";172;18085;121;18206;NA;92101;293;2021-03-16;85576
2021-03-15;"Nitriansky kraj";130;24491;165;24656;NA;92101;295;2021-03-15;85283
2021-03-14;"Nitriansky kraj";3;45758;107;45865;NA;92101;110;2021-03-14;84988
2021-03-13;"Nitriansky kraj";65;112081;241;112322;NA;92101;306;2021-03-13;84878
2021-03-12;"Nitriansky kraj";127;40776;159;40935;NA;92101;286;2021-03-12;84572
2021-03-11;"Nitriansky kraj";131;18685;130;18815;NA;92101;261;2021-03-11;84286
2021-03-10;"Nitriansky kraj";96;17422;143;17565;NA;92101;239;2021-03-10;84025
2021-03-09;"Nitriansky kraj";260;17645;149;17794;NA;92101;409;2021-03-09;83786
2021-03-08;"Nitriansky kraj";145;27214;172;27386;NA;92101;317;2021-03-08;83377
2021-03-07;"Nitriansky kraj";48;46867;185;47052;NA;92101;233;2021-03-07;83060
2021-03-06;"Nitriansky kraj";86;110858;326;111184;NA;92101;412;2021-03-06;82827
2021-03-05;"Nitriansky kraj";133;39068;200;39268;NA;92101;333;2021-03-05;82415
2021-03-04;"Nitriansky kraj";176;18206;173;18379;NA;92101;349;2021-03-04;82082
2021-03-03;"Nitriansky kraj";172;17210;177;17387;NA;92101;349;2021-03-03;81733
2021-03-02;"Nitriansky kraj";274;20999;366;21365;NA;92101;640;2021-03-02;81384
2021-03-01;"Nitriansky kraj";133;27881;279;28160;NA;92101;412;2021-03-01;80744
2021-02-28;"Nitriansky kraj";80;40866;218;41084;NA;92101;298;2021-02-28;80332
2021-02-27;"Nitriansky kraj";101;106352;496;106848;NA;92101;597;2021-02-27;80034
2021-02-26;"Nitriansky kraj";109;36722;306;37028;NA;92101;415;2021-02-26;79437
2021-02-25;"Nitriansky kraj";188;15235;212;15447;NA;92101;400;2021-02-25;79022
2021-02-24;"Nitriansky kraj";125;13833;260;14093;NA;92101;385;2021-02-24;78622
2021-02-23;"Nitriansky kraj";273;15296;271;15567;NA;92101;544;2021-02-23;78237
2021-02-22;"Nitriansky kraj";154;26466;330;26796;NA;92101;484;2021-02-22;77693
2021-02-21;"Nitriansky kraj";22;43657;320;43977;NA;92101;342;2021-02-21;77209
2021-02-20;"Nitriansky kraj";128;108304;584;108888;NA;92101;712;2021-02-20;76867
2021-02-19;"Nitriansky kraj";173;36849;328;37177;NA;92101;501;2021-02-19;76155
2021-02-18;"Nitriansky kraj";202;17051;275;17326;NA;92101;477;2021-02-18;75654
2021-02-17;"Nitriansky kraj";198;12080;310;12390;NA;92101;508;2021-02-17;75177
2021-02-16;"Nitriansky kraj";284;14477;282;14759;NA;92101;566;2021-02-16;74669
2021-02-15;"Nitriansky kraj";122;27620;471;28091;NA;92101;593;2021-02-15;74103
2021-02-14;"Nitriansky kraj";8;50408;318;50726;NA;92101;326;2021-02-14;73510
2021-02-13;"Nitriansky kraj";127;110035;689;110724;NA;92101;816;2021-02-13;73184
2021-02-12;"Nitriansky kraj";162;33400;407;33807;NA;92101;569;2021-02-12;72368
2021-02-11;"Nitriansky kraj";195;12406;270;12676;NA;92101;465;2021-02-11;71799
2021-02-10;"Nitriansky kraj";186;17632;644;18276;NA;92101;830;2021-02-10;71334
2021-02-09;"Nitriansky kraj";260;18523;385;18908;NA;92101;645;2021-02-09;70504
2021-02-08;"Nitriansky kraj";177;37534;569;38103;NA;92101;746;2021-02-08;69859
2021-02-07;"Nitriansky kraj";20;52307;513;52820;NA;92101;533;2021-02-07;69113
2021-02-06;"Nitriansky kraj";129;101942;765;102707;NA;92101;894;2021-02-06;68580
2021-02-05;"Nitriansky kraj";244;26144;491;26635;NA;92101;735;2021-02-05;67686
2021-02-04;"Nitriansky kraj";308;15681;512;16193;NA;92101;820;2021-02-04;66951
2021-02-03;"Nitriansky kraj";191;13372;372;13744;NA;92101;563;2021-02-03;66131
2021-02-02;"Nitriansky kraj";327;17878;382;18260;NA;92101;709;2021-02-02;65568
2021-02-01;"Nitriansky kraj";221;24049;460;24509;NA;92101;681;2021-02-01;64859
2021-01-31;"Nitriansky kraj";9;45339;496;45835;NA;92101;505;2021-01-31;64178
2021-01-30;"Nitriansky kraj";152;98142;1077;99219;NA;92101;1229;2021-01-30;63673
2021-01-29;"Nitriansky kraj";302;22461;477;22938;NA;92101;779;2021-01-29;62444
2021-01-28;"Nitriansky kraj";269;11370;398;11768;NA;92101;667;2021-01-28;61665
2021-01-27;"Nitriansky kraj";235;6760;299;7059;NA;92101;534;2021-01-27;60998
2021-01-26;"Nitriansky kraj";345;16045;454;16499;NA;92101;799;2021-01-26;60464
2021-01-25;"Nitriansky kraj";201;21729;429;22158;NA;92101;630;2021-01-25;59665
2021-01-24;"Nitriansky kraj";12;78775;889;79664;NA;92101;901;2021-01-24;59035
2021-01-23;"Nitriansky kraj";277;97395;1434;98829;NA;92101;1711;2021-01-23;58134
2021-01-22;"Nitriansky kraj";139;35826;619;36445;NA;92101;758;2021-01-22;56423
2021-01-21;"Nitriansky kraj";305;14649;412;15061;NA;92101;717;2021-01-21;55665
2021-01-20;"Nitriansky kraj";326;11991;625;12616;NA;92101;951;2021-01-20;54948
2021-01-19;"Nitriansky kraj";344;11022;633;11655;NA;92101;977;2021-01-19;53997
2021-01-18;"Nitriansky kraj";367;8902;520;9422;NA;92101;887;2021-01-18;53020
2021-01-17;"Nitriansky kraj";97;15061;275;15336;NA;92101;372;2021-01-17;52133
2021-01-16;"Nitriansky kraj";64;36838;679;37517;NA;92101;743;2021-01-16;51761
2021-01-15;"Nitriansky kraj";373;15940;474;16414;NA;92101;847;2021-01-15;51018
2021-01-14;"Nitriansky kraj";627;10577;452;11029;NA;92101;1079;2021-01-14;50171
2021-01-13;"Nitriansky kraj";663;9234;484;9718;NA;92101;1147;2021-01-13;49092
2021-01-12;"Nitriansky kraj";642;9014;557;9571;NA;92101;1199;2021-01-12;47945
2021-01-11;"Nitriansky kraj";422;8625;556;9181;NA;92101;978;2021-01-11;46746
2021-01-10;"Nitriansky kraj";44;19841;730;20571;NA;92101;774;2021-01-10;45768
2021-01-09;"Nitriansky kraj";532;36823;1071;37894;NA;92101;1603;2021-01-09;44994
2021-01-08;"Nitriansky kraj";817;14297;711;15008;NA;92101;1528;2021-01-08;43391
2021-01-07;"Nitriansky kraj";438;10820;823;11643;NA;92101;1261;2021-01-07;41863
2021-01-06;"Nitriansky kraj";259;3192;197;3389;NA;92101;456;2021-01-06;40602
2021-01-05;"Nitriansky kraj";732;8901;1202;10103;NA;92101;1934;2021-01-05;40146
2021-01-04;"Nitriansky kraj";362;8692;1329;10021;NA;92101;1691;2021-01-04;38212
2021-01-03;"Nitriansky kraj";42;84;20;104;NA;92101;62;2021-01-03;36521
2021-01-02;"Nitriansky kraj";249;1090;26;1116;NA;92101;275;2021-01-02;36459
2021-01-01;"Nitriansky kraj";119;781;95;876;NA;92101;214;2021-01-01;36184
2020-12-31;"Nitriansky kraj";786;7646;962;8608;NA;92101;1748;2020-12-31;35970
2020-12-30;"Nitriansky kraj";1094;9619;1165;10784;NA;92101;2259;2020-12-30;34222
2020-12-29;"Nitriansky kraj";607;8277;1286;9563;NA;92101;1893;2020-12-29;31963
2020-12-28;"Nitriansky kraj";83;6981;1271;8252;NA;92101;1354;2020-12-28;30070
2020-12-27;"Nitriansky kraj";22;60;8;68;NA;92101;30;2020-12-27;28716
2020-12-26;"Nitriansky kraj";54;297;56;353;NA;92101;110;2020-12-26;28686
2020-12-25;"Nitriansky kraj";35;60;11;71;NA;92101;46;2020-12-25;28576
2020-12-24;"Nitriansky kraj";514;1861;176;2037;NA;92101;690;2020-12-24;28530
2020-12-23;"Nitriansky kraj";349;15295;843;16138;NA;92101;1192;2020-12-23;27840
2020-12-22;"Nitriansky kraj";673;10989;994;11983;NA;92101;1667;2020-12-22;26648
2020-12-21;"Nitriansky kraj";128;7953;976;8929;NA;92101;1104;2020-12-21;24981
2020-12-20;"Nitriansky kraj";77;50;10;60;NA;92101;87;2020-12-20;23877
2020-12-19;"Nitriansky kraj";262;2259;159;2418;NA;92101;421;2020-12-19;23790
2020-12-18;"Nitriansky kraj";512;8437;551;8988;NA;92101;1063;2020-12-18;23369
2020-12-17;"Nitriansky kraj";586;6894;514;7408;NA;92101;1100;2020-12-17;22306
2020-12-16;"Nitriansky kraj";357;8785;546;9331;NA;92101;903;2020-12-16;21206
2020-12-15;"Nitriansky kraj";461;9365;769;10134;NA;92101;1230;2020-12-15;20303
2020-12-14;"Nitriansky kraj";217;8089;827;8916;NA;92101;1044;2020-12-14;19073
2020-12-13;"Nitriansky kraj";12;69;6;75;NA;92101;18;2020-12-13;18029
2020-12-12;"Nitriansky kraj";341;1832;125;1957;NA;92101;466;2020-12-12;18011
2020-12-11;"Nitriansky kraj";409;5431;416;5847;NA;92101;825;2020-12-11;17545
2020-12-10;"Nitriansky kraj";360;5473;351;5824;NA;92101;711;2020-12-10;16720
2020-12-09;"Nitriansky kraj";362;5506;529;6035;NA;92101;891;2020-12-09;16009
2020-12-08;"Nitriansky kraj";340;8100;546;8646;NA;92101;886;2020-12-08;15118
2020-12-07;"Nitriansky kraj";139;6243;573;6816;NA;92101;712;2020-12-07;14232
2020-12-06;"Nitriansky kraj";15;89;4;93;NA;92101;19;2020-12-06;13520
2020-12-05;"Nitriansky kraj";136;1388;19;1407;NA;92101;155;2020-12-05;13501
2020-12-04;"Nitriansky kraj";232;2884;74;2958;NA;92101;306;2020-12-04;13346
2020-12-03;"Nitriansky kraj";248;2471;110;2581;NA;92101;358;2020-12-03;13040
2020-12-02;"Nitriansky kraj";252;3733;163;3896;NA;92101;415;2020-12-02;12682
2020-12-01;"Nitriansky kraj";331;2891;131;3022;NA;92101;462;2020-12-01;12267
2020-11-30;"Nitriansky kraj";91;4228;188;4416;NA;92101;279;2020-11-30;11805
2020-11-29;"Nitriansky kraj";3;634;42;676;NA;92101;45;2020-11-29;11526
2020-11-28;"Nitriansky kraj";135;892;31;923;NA;92101;166;2020-11-28;11481
2020-11-27;"Nitriansky kraj";177;2069;73;2142;NA;92101;250;2020-11-27;11315
2020-11-26;"Nitriansky kraj";191;2813;80;2893;NA;92101;271;2020-11-26;11065
2020-11-25;"Nitriansky kraj";325;2478;91;2569;NA;92101;416;2020-11-25;10794
2020-11-24;"Nitriansky kraj";147;1641;64;1705;NA;92101;211;2020-11-24;10378
2020-11-23;"Nitriansky kraj";102;9891;212;10103;NA;92101;314;2020-11-23;10167
2020-11-22;"Nitriansky kraj";7;1176;25;1201;NA;92101;32;2020-11-22;9853
2020-11-21;"Nitriansky kraj";86;1083;38;1121;NA;92101;124;2020-11-21;9821
2020-11-20;"Nitriansky kraj";264;4180;103;4283;NA;92101;367;2020-11-20;9697
2020-11-19;"Nitriansky kraj";185;3065;134;3199;NA;92101;319;2020-11-19;9330
2020-11-18;"Nitriansky kraj";188;2214;79;2293;NA;92101;267;2020-11-18;9011
2020-11-17;"Nitriansky kraj";178;596;29;625;NA;92101;207;2020-11-17;8744
2020-11-16;"Nitriansky kraj";139;1877;75;1952;NA;92101;214;2020-11-16;8537
2020-11-15;"Nitriansky kraj";14;180;5;185;NA;92101;19;2020-11-15;8323
2020-11-14;"Nitriansky kraj";114;1131;32;1163;NA;92101;146;2020-11-14;8304
2020-11-13;"Nitriansky kraj";210;936;46;982;NA;92101;256;2020-11-13;8158
2020-11-12;"Nitriansky kraj";256;1195;35;1230;NA;92101;291;2020-11-12;7902
2020-11-11;"Nitriansky kraj";279;1247;22;1269;NA;92101;301;2020-11-11;7611
2020-11-10;"Nitriansky kraj";192;2623;39;2662;NA;92101;231;2020-11-10;7310
2020-11-09;"Nitriansky kraj";128;3136;43;3179;NA;92101;171;2020-11-09;7079
2020-11-08;"Nitriansky kraj";43;1462;32;1494;NA;92101;75;2020-11-08;6908
2020-11-07;"Nitriansky kraj";130;1046;4;1050;NA;92101;134;2020-11-07;6833
2020-11-06;"Nitriansky kraj";210;2264;32;2296;NA;92101;242;2020-11-06;6699
2020-11-05;"Nitriansky kraj";178;313;14;327;NA;92101;192;2020-11-05;6457
2020-11-04;"Nitriansky kraj";211;297;16;313;NA;92101;227;2020-11-04;6265
2020-11-03;"Nitriansky kraj";216;435;25;460;NA;92101;241;2020-11-03;6038
2020-11-02;"Nitriansky kraj";171;4208;46;4254;NA;92101;217;2020-11-02;5797
2020-11-01;"Nitriansky kraj";130;2546;27;2573;NA;92101;157;2020-11-01;5580
2020-10-31;"Nitriansky kraj";261;10572;134;10706;NA;92101;395;2020-10-31;5423
2020-10-30;"Nitriansky kraj";204;2661;44;2705;NA;92101;248;2020-10-30;5028
2020-10-29;"Nitriansky kraj";293;841;39;880;NA;92101;332;2020-10-29;4780
2020-10-28;"Nitriansky kraj";216;608;59;667;NA;92101;275;2020-10-28;4448
2020-10-27;"Nitriansky kraj";296;550;47;597;NA;92101;343;2020-10-27;4173
2020-10-26;"Nitriansky kraj";69;633;56;689;NA;92101;125;2020-10-26;3830
2020-10-25;"Nitriansky kraj";50;62;8;70;NA;92101;58;2020-10-25;3705
2020-10-24;"Nitriansky kraj";169;237;11;248;NA;92101;180;2020-10-24;3647
2020-10-23;"Nitriansky kraj";282;762;41;803;NA;92101;323;2020-10-23;3467
2020-10-22;"Nitriansky kraj";137;444;39;483;NA;92101;176;2020-10-22;3144
2020-10-21;"Nitriansky kraj";146;208;3;211;NA;92101;149;2020-10-21;2968
2020-10-20;"Nitriansky kraj";197;78;6;84;NA;92101;203;2020-10-20;2819
2020-10-19;"Nitriansky kraj";148;79;1;80;NA;92101;149;2020-10-19;2616
2020-10-18;"Nitriansky kraj";22;0;0;0;NA;92101;22;2020-10-18;2467
2020-10-17;"Nitriansky kraj";67;0;0;0;NA;92101;67;2020-10-17;2445
2020-10-16;"Nitriansky kraj";133;28;3;31;NA;92101;136;2020-10-16;2378
2020-10-15;"Nitriansky kraj";106;31;2;33;NA;92101;108;2020-10-15;2242
2020-10-14;"Nitriansky kraj";80;22;4;26;NA;92101;84;2020-10-14;2134
2020-10-13;"Nitriansky kraj";101;82;2;84;NA;92101;103;2020-10-13;2050
2020-10-12;"Nitriansky kraj";36;0;0;0;NA;92101;36;2020-10-12;1947
2020-10-11;"Nitriansky kraj";8;0;0;0;NA;92101;8;2020-10-11;1911
2020-10-10;"Nitriansky kraj";107;0;0;0;NA;92101;107;2020-10-10;1903
2020-10-09;"Nitriansky kraj";120;0;0;0;NA;92101;120;2020-10-09;1796
2020-10-08;"Nitriansky kraj";132;0;0;0;NA;92101;132;2020-10-08;1676
2020-10-07;"Nitriansky kraj";81;0;0;0;NA;92101;81;2020-10-07;1544
2020-10-06;"Nitriansky kraj";48;0;0;0;NA;92101;48;2020-10-06;1463
2020-10-05;"Nitriansky kraj";20;0;0;0;NA;92101;20;2020-10-05;1415
2020-10-04;"Nitriansky kraj";17;0;0;0;NA;92101;17;2020-10-04;1395
2020-10-03;"Nitriansky kraj";96;0;0;0;NA;92101;96;2020-10-03;1378
2020-10-02;"Nitriansky kraj";108;0;0;0;NA;92101;108;2020-10-02;1282
2020-10-01;"Nitriansky kraj";95;0;0;0;NA;92101;95;2020-10-01;1174
2020-09-30;"Nitriansky kraj";100;0;0;0;NA;92101;100;2020-09-30;1079
2020-09-29;"Nitriansky kraj";50;0;0;0;NA;92101;50;2020-09-29;979
2020-09-28;"Nitriansky kraj";22;0;0;0;NA;92101;22;2020-09-28;929
2020-09-27;"Nitriansky kraj";16;0;0;0;NA;92101;16;2020-09-27;907
2020-09-26;"Nitriansky kraj";64;0;0;0;NA;92101;64;2020-09-26;891
2020-09-25;"Nitriansky kraj";90;0;0;0;NA;92101;90;2020-09-25;827
2020-09-24;"Nitriansky kraj";51;0;0;0;NA;92101;51;2020-09-24;737
2020-09-23;"Nitriansky kraj";70;0;0;0;NA;92101;70;2020-09-23;686
2020-09-22;"Nitriansky kraj";18;0;0;0;NA;92101;18;2020-09-22;616
2020-09-21;"Nitriansky kraj";10;0;0;0;NA;92101;10;2020-09-21;598
2020-09-20;"Nitriansky kraj";4;0;0;0;NA;92101;4;2020-09-20;588
2020-09-19;"Nitriansky kraj";14;0;0;0;NA;92101;14;2020-09-19;584
2020-09-18;"Nitriansky kraj";19;0;0;0;NA;92101;19;2020-09-18;570
2020-09-17;"Nitriansky kraj";30;0;0;0;NA;92101;30;2020-09-17;551
2020-09-16;"Nitriansky kraj";6;0;0;0;NA;92101;6;2020-09-16;521
2020-09-15;"Nitriansky kraj";19;0;0;0;NA;92101;19;2020-09-15;515
2020-09-14;"Nitriansky kraj";28;0;0;0;NA;92101;28;2020-09-14;496
2020-09-13;"Nitriansky kraj";3;0;0;0;NA;92101;3;2020-09-13;468
2020-09-12;"Nitriansky kraj";12;0;0;0;NA;92101;12;2020-09-12;465
2020-09-11;"Nitriansky kraj";23;0;0;0;NA;92101;23;2020-09-11;453
2020-09-10;"Nitriansky kraj";29;0;0;0;NA;92101;29;2020-09-10;430
2020-09-09;"Nitriansky kraj";19;0;0;0;NA;92101;19;2020-09-09;401
2020-09-08;"Nitriansky kraj";17;0;0;0;NA;92101;17;2020-09-08;382
2020-09-07;"Nitriansky kraj";17;0;0;0;NA;92101;17;2020-09-07;365
2020-09-06;"Nitriansky kraj";0;0;0;0;NA;92101;0;2020-09-06;348
2020-09-05;"Nitriansky kraj";22;0;0;0;NA;92101;22;2020-09-05;348
2020-09-04;"Nitriansky kraj";34;0;0;0;NA;92101;34;2020-09-04;326
2020-09-03;"Nitriansky kraj";15;0;0;0;NA;92101;15;2020-09-03;292
2020-09-02;"Nitriansky kraj";15;0;0;0;NA;92101;15;2020-09-02;277
2020-09-01;"Nitriansky kraj";2;0;0;0;NA;92101;2;2020-09-01;262
2020-08-31;"Nitriansky kraj";12;0;0;0;NA;92101;12;2020-08-31;260
2020-08-30;"Nitriansky kraj";1;0;0;0;NA;92101;1;2020-08-30;248
2020-08-29;"Nitriansky kraj";7;0;0;0;NA;92101;7;2020-08-29;247
2020-08-28;"Nitriansky kraj";12;0;0;0;NA;92101;12;2020-08-28;240
2020-08-27;"Nitriansky kraj";12;0;0;0;NA;92101;12;2020-08-27;228
2020-08-26;"Nitriansky kraj";4;0;0;0;NA;92101;4;2020-08-26;216
2020-08-25;"Nitriansky kraj";8;0;0;0;NA;92101;8;2020-08-25;212
2020-08-24;"Nitriansky kraj";1;0;0;0;NA;92101;1;2020-08-24;204
2020-08-23;"Nitriansky kraj";1;0;0;0;NA;92101;1;2020-08-23;203
2020-08-22;"Nitriansky kraj";2;0;0;0;NA;92101;2;2020-08-22;202
2020-08-21;"Nitriansky kraj";0;0;0;0;NA;92101;0;2020-08-21;200
2020-08-20;"Nitriansky kraj";7;0;0;0;NA;92101;7;2020-08-20;200
2020-08-19;"Nitriansky kraj";1;0;0;0;NA;92101;1;2020-08-19;193
2020-08-18;"Nitriansky kraj";2;0;0;0;NA;92101;2;2020-08-18;192
2020-08-17;"Nitriansky kraj";1;0;0;0;NA;92101;1;2020-08-17;190
2020-08-16;"Nitriansky kraj";0;0;0;0;NA;92101;0;2020-08-16;189
2020-08-15;"Nitriansky kraj";2;0;0;0;NA;92101;2;2020-08-15;189
2020-08-14;"Nitriansky kraj";1;0;0;0;NA;92101;1;2020-08-14;187
2020-08-13;"Nitriansky kraj";4;0;0;0;NA;92101;4;2020-08-13;186
2020-08-12;"Nitriansky kraj";0;0;0;0;NA;92101;0;2020-08-12;182
2020-08-11;"Nitriansky kraj";1;0;0;0;NA;92101;1;2020-08-11;182
2020-08-10;"Nitriansky kraj";0;0;0;0;NA;92101;0;2020-08-10;181
2020-08-09;"Nitriansky kraj";0;0;0;0;NA;92101;0;2020-08-09;181
2020-08-08;"Nitriansky kraj";0;0;0;0;NA;92101;0;2020-08-08;181
2020-08-07;"Nitriansky kraj";4;0;0;0;NA;92101;4;2020-08-07;181
2020-08-06;"Nitriansky kraj";4;0;0;0;NA;92101;4;2020-08-06;177
2020-08-05;"Nitriansky kraj";0;0;0;0;NA;92101;0;2020-08-05;173
2020-08-04;"Nitriansky kraj";7;0;0;0;NA;92101;7;2020-08-04;173
2020-08-03;"Nitriansky kraj";0;0;0;0;NA;92101;0;2020-08-03;166
2020-08-02;"Nitriansky kraj";0;0;0;0;NA;92101;0;2020-08-02;166
2020-08-01;"Nitriansky kraj";0;0;0;0;NA;92101;0;2020-08-01;166
2020-07-31;"Nitriansky kraj";0;0;0;0;NA;92101;0;2020-07-31;166
2020-07-30;"Nitriansky kraj";0;0;0;0;NA;92101;0;2020-07-30;166
2020-07-29;"Nitriansky kraj";0;0;0;0;NA;92101;0;2020-07-29;166
2020-07-28;"Nitriansky kraj";0;0;0;0;NA;92101;0;2020-07-28;166
2020-07-27;"Nitriansky kraj";0;0;0;0;NA;92101;0;2020-07-27;166
2020-07-26;"Nitriansky kraj";0;0;0;0;NA;92101;0;2020-07-26;166
2020-07-25;"Nitriansky kraj";0;0;0;0;NA;92101;0;2020-07-25;166
2020-07-24;"Nitriansky kraj";1;0;0;0;NA;92101;1;2020-07-24;166
2020-07-23;"Nitriansky kraj";3;0;0;0;NA;92101;3;2020-07-23;165
2020-07-22;"Nitriansky kraj";2;0;0;0;NA;92101;2;2020-07-22;162
2020-07-21;"Nitriansky kraj";14;0;0;0;NA;92101;14;2020-07-21;160
2020-07-20;"Nitriansky kraj";11;0;0;0;NA;92101;11;2020-07-20;146
2020-07-19;"Nitriansky kraj";0;0;0;0;NA;92101;0;2020-07-19;135
2020-07-18;"Nitriansky kraj";0;0;0;0;NA;92101;0;2020-07-18;135
2020-07-17;"Nitriansky kraj";0;0;0;0;NA;92101;0;2020-07-17;135
2020-07-16;"Nitriansky kraj";4;0;0;0;NA;92101;4;2020-07-16;135
2020-07-15;"Nitriansky kraj";5;0;0;0;NA;92101;5;2020-07-15;131
2020-07-14;"Nitriansky kraj";0;0;0;0;NA;92101;0;2020-07-14;126
2020-07-13;"Nitriansky kraj";0;0;0;0;NA;92101;0;2020-07-13;126
2020-07-12;"Nitriansky kraj";0;0;0;0;NA;92101;0;2020-07-12;126
2020-07-11;"Nitriansky kraj";0;0;0;0;NA;92101;0;2020-07-11;126
2020-07-10;"Nitriansky kraj";0;0;0;0;NA;92101;0;2020-07-10;126
2020-07-09;"Nitriansky kraj";1;0;0;0;NA;92101;1;2020-07-09;126
2020-07-08;"Nitriansky kraj";2;0;0;0;NA;92101;2;2020-07-08;125
2020-07-07;"Nitriansky kraj";0;0;0;0;NA;92101;0;2020-07-07;123
2020-07-06;"Nitriansky kraj";0;0;0;0;NA;92101;0;2020-07-06;123
2020-07-05;"Nitriansky kraj";0;0;0;0;NA;92101;0;2020-07-05;123
2020-07-04;"Nitriansky kraj";0;0;0;0;NA;92101;0;2020-07-04;123
2020-07-03;"Nitriansky kraj";0;0;0;0;NA;92101;0;2020-07-03;123
2020-07-02;"Nitriansky kraj";0;0;0;0;NA;92101;0;2020-07-02;123
2020-07-01;"Nitriansky kraj";3;0;0;0;NA;92101;3;2020-07-01;123
2020-06-30;"Nitriansky kraj";0;0;0;0;NA;92101;0;2020-06-30;120
2020-06-29;"Nitriansky kraj";0;0;0;0;NA;92101;0;2020-06-29;120
2020-06-28;"Nitriansky kraj";0;0;0;0;NA;92101;0;2020-06-28;120
2020-06-27;"Nitriansky kraj";0;0;0;0;NA;92101;0;2020-06-27;120
2020-06-26;"Nitriansky kraj";0;0;0;0;NA;92101;0;2020-06-26;120
2020-06-25;"Nitriansky kraj";0;0;0;0;NA;92101;0;2020-06-25;120
2020-06-24;"Nitriansky kraj";1;0;0;0;NA;92101;1;2020-06-24;120
2020-06-23;"Nitriansky kraj";0;0;0;0;NA;92101;0;2020-06-23;119
2020-06-22;"Nitriansky kraj";0;0;0;0;NA;92101;0;2020-06-22;119
2020-06-21;"Nitriansky kraj";0;0;0;0;NA;92101;0;2020-06-21;119
2020-06-20;"Nitriansky kraj";0;0;0;0;NA;92101;0;2020-06-20;119
2020-06-19;"Nitriansky kraj";0;0;0;0;NA;92101;0;2020-06-19;119
2020-06-18;"Nitriansky kraj";0;0;0;0;NA;92101;0;2020-06-18;119
2020-06-17;"Nitriansky kraj";0;0;0;0;NA;92101;0;2020-06-17;119
2020-06-16;"Nitriansky kraj";0;0;0;0;NA;92101;0;2020-06-16;119
2020-06-14;"Nitriansky kraj";0;0;0;0;NA;92101;0;2020-06-14;119
2020-06-13;"Nitriansky kraj";0;0;0;0;NA;92101;0;2020-06-13;119
2020-06-12;"Nitriansky kraj";0;0;0;0;NA;92101;0;2020-06-12;119
2020-06-11;"Nitriansky kraj";0;0;0;0;NA;92101;0;2020-06-11;119
2020-06-10;"Nitriansky kraj";1;0;0;0;NA;92101;1;2020-06-10;119
2020-06-09;"Nitriansky kraj";1;0;0;0;NA;92101;1;2020-06-09;118
2020-06-08;"Nitriansky kraj";0;0;0;0;NA;92101;0;2020-06-08;117
2020-06-07;"Nitriansky kraj";0;0;0;0;NA;92101;0;2020-06-07;117
2020-06-05;"Nitriansky kraj";0;0;0;0;NA;92101;0;2020-06-05;117
2020-06-03;"Nitriansky kraj";0;0;0;0;NA;92101;0;2020-06-03;117
2020-06-02;"Nitriansky kraj";1;0;0;0;NA;92101;1;2020-06-02;117
2020-05-31;"Nitriansky kraj";0;0;0;0;NA;92101;0;2020-05-31;116
2020-05-29;"Nitriansky kraj";0;0;0;0;NA;92101;0;2020-05-29;116
2020-05-27;"Nitriansky kraj";0;0;0;0;NA;92101;0;2020-05-27;116
2020-05-26;"Nitriansky kraj";0;0;0;0;NA;92101;0;2020-05-26;116
2020-05-25;"Nitriansky kraj";0;0;0;0;NA;92101;0;2020-05-25;116
2020-05-24;"Nitriansky kraj";2;0;0;0;NA;92101;2;2020-05-24;116
2020-05-23;"Nitriansky kraj";0;0;0;0;NA;92101;0;2020-05-23;114
2020-05-22;"Nitriansky kraj";1;0;0;0;NA;92101;1;2020-05-22;114
2020-05-21;"Nitriansky kraj";0;0;0;0;NA;92101;0;2020-05-21;113
2020-05-20;"Nitriansky kraj";0;0;0;0;NA;92101;0;2020-05-20;113
2020-05-19;"Nitriansky kraj";0;0;0;0;NA;92101;0;2020-05-19;113
2020-05-17;"Nitriansky kraj";0;0;0;0;NA;92101;0;2020-05-17;113
2020-05-16;"Nitriansky kraj";0;0;0;0;NA;92101;0;2020-05-16;113
2020-05-15;"Nitriansky kraj";1;0;0;0;NA;92101;1;2020-05-15;113
2020-05-14;"Nitriansky kraj";0;0;0;0;NA;92101;0;2020-05-14;112
2020-05-13;"Nitriansky kraj";0;0;0;0;NA;92101;0;2020-05-13;112
2020-05-12;"Nitriansky kraj";0;0;0;0;NA;92101;0;2020-05-12;112
2020-05-11;"Nitriansky kraj";2;0;0;0;NA;92101;2;2020-05-11;112
2020-05-09;"Nitriansky kraj";0;0;0;0;NA;92101;0;2020-05-09;110
2020-05-07;"Nitriansky kraj";1;0;0;0;NA;92101;1;2020-05-07;110
2020-05-06;"Nitriansky kraj";9;0;0;0;NA;92101;9;2020-05-06;109
2020-05-05;"Nitriansky kraj";0;0;0;0;NA;92101;0;2020-05-05;100
2020-05-04;"Nitriansky kraj";5;0;0;0;NA;92101;5;2020-05-04;100
2020-05-03;"Nitriansky kraj";2;0;0;0;NA;92101;2;2020-05-03;95
2020-05-02;"Nitriansky kraj";0;0;0;0;NA;92101;0;2020-05-02;93
2020-05-01;"Nitriansky kraj";1;0;0;0;NA;92101;1;2020-05-01;93
2020-04-30;"Nitriansky kraj";0;0;0;0;NA;92101;0;2020-04-30;92
2020-04-29;"Nitriansky kraj";0;0;0;0;NA;92101;0;2020-04-29;92
2020-04-28;"Nitriansky kraj";1;0;0;0;NA;92101;1;2020-04-28;92
2020-04-27;"Nitriansky kraj";0;0;0;0;NA;92101;0;2020-04-27;91
2020-04-26;"Nitriansky kraj";0;0;0;0;NA;92101;0;2020-04-26;91
2020-04-25;"Nitriansky kraj";0;0;0;0;NA;92101;0;2020-04-25;91
2020-04-24;"Nitriansky kraj";0;0;0;0;NA;92101;0;2020-04-24;91
2020-04-23;"Nitriansky kraj";3;0;0;0;NA;92101;3;2020-04-23;91
2020-04-22;"Nitriansky kraj";16;0;0;0;NA;92101;16;2020-04-22;88
2020-04-21;"Nitriansky kraj";6;0;0;0;NA;92101;6;2020-04-21;72
2020-04-20;"Nitriansky kraj";5;0;0;0;NA;92101;5;2020-04-20;66
2020-04-19;"Nitriansky kraj";0;0;0;0;NA;92101;0;2020-04-19;61
2020-04-18;"Nitriansky kraj";0;0;0;0;NA;92101;0;2020-04-18;61
2020-04-17;"Nitriansky kraj";7;0;0;0;NA;92101;7;2020-04-17;61
2020-04-16;"Nitriansky kraj";0;0;0;0;NA;92101;0;2020-04-16;54
2020-04-15;"Nitriansky kraj";6;0;0;0;NA;92101;6;2020-04-15;54
2020-04-14;"Nitriansky kraj";2;0;0;0;NA;92101;2;2020-04-14;48
2020-04-13;"Nitriansky kraj";1;0;0;0;NA;92101;1;2020-04-13;46
2020-04-12;"Nitriansky kraj";3;0;0;0;NA;92101;3;2020-04-12;45
2020-04-11;"Nitriansky kraj";1;0;0;0;NA;92101;1;2020-04-11;42
2020-04-10;"Nitriansky kraj";1;0;0;0;NA;92101;1;2020-04-10;41
2020-04-09;"Nitriansky kraj";0;0;0;0;NA;92101;0;2020-04-09;40
2020-04-08;"Nitriansky kraj";2;0;0;0;NA;92101;2;2020-04-08;40
2020-04-07;"Nitriansky kraj";3;0;0;0;NA;92101;3;2020-04-07;38
2020-04-06;"Nitriansky kraj";4;0;0;0;NA;92101;4;2020-04-06;35
2020-04-05;"Nitriansky kraj";5;0;0;0;NA;92101;5;2020-04-05;31
2020-04-04;"Nitriansky kraj";0;0;0;0;NA;92101;0;2020-04-04;26
2020-04-03;"Nitriansky kraj";0;0;0;0;NA;92101;0;2020-04-03;26
2020-04-02;"Nitriansky kraj";1;0;0;0;NA;92101;1;2020-04-02;26
2020-04-01;"Nitriansky kraj";0;0;0;0;NA;92101;0;2020-04-01;25
2020-03-31;"Nitriansky kraj";3;0;0;0;NA;92101;3;2020-03-31;25
2020-03-30;"Nitriansky kraj";3;0;0;0;NA;92101;3;2020-03-30;22
2020-03-29;"Nitriansky kraj";3;0;0;0;NA;92101;3;2020-03-29;19
2020-03-28;"Nitriansky kraj";1;0;0;0;NA;92101;1;2020-03-28;16
2020-03-27;"Nitriansky kraj";1;0;0;0;NA;92101;1;2020-03-27;15
2020-03-26;"Nitriansky kraj";1;0;0;0;NA;92101;1;2020-03-26;14
2020-03-25;"Nitriansky kraj";1;0;0;0;NA;92101;1;2020-03-25;13
2020-03-24;"Nitriansky kraj";0;0;0;0;NA;92101;0;2020-03-24;12
2020-03-23;"Nitriansky kraj";2;0;0;0;NA;92101;2;2020-03-23;12
2020-03-22;"Nitriansky kraj";2;0;0;0;NA;92101;2;2020-03-22;10
2020-03-21;"Nitriansky kraj";2;0;0;0;NA;92101;2;2020-03-21;8
2020-03-20;"Nitriansky kraj";1;0;0;0;NA;92101;1;2020-03-20;6
2020-03-19;"Nitriansky kraj";1;0;0;0;NA;92101;1;2020-03-19;5
2020-03-18;"Nitriansky kraj";2;0;0;0;NA;92101;2;2020-03-18;4
2020-03-17;"Nitriansky kraj";1;0;0;0;NA;92101;1;2020-03-17;2
2020-03-16;"Nitriansky kraj";0;0;0;0;NA;92101;0;2020-03-16;1
2020-03-15;"Nitriansky kraj";4;0;0;0;NA;92101;4;2020-03-15;1
2020-03-14;"Nitriansky kraj";1;0;0;0;NA;92101;1;2020-03-14;-3
2020-03-13;"Nitriansky kraj";0;0;0;0;NA;92101;0;2020-03-13;-4
2020-03-12;"Nitriansky kraj";0;0;0;0;NA;92101;0;2020-03-12;-4
2020-03-11;"Nitriansky kraj";0;0;0;0;NA;92101;0;2020-03-11;-4
2020-03-09;"Nitriansky kraj";0;0;0;0;NA;92101;0;2020-03-09;-4
2020-03-08;"Nitriansky kraj";0;0;0;0;NA;92101;0;2020-03-08;-4
2020-03-07;"Nitriansky kraj";0;0;0;0;NA;92101;0;2020-03-07;-4
2020-03-06;"Nitriansky kraj";0;0;0;0;NA;92101;0;2020-03-06;-4
2021-05-16;"Prešovský kraj";20;12980;52;13032;59300;112373;72;2021-05-16;112373
2021-05-15;"Prešovský kraj";20;23725;81;23806;NA;112373;101;2021-05-15;112301
2021-05-14;"Prešovský kraj";49;17304;62;17366;NA;112373;111;2021-05-14;112200
2021-05-13;"Prešovský kraj";54;10988;71;11059;NA;112373;125;2021-05-13;112089
2021-05-12;"Prešovský kraj";59;10917;40;10957;NA;112373;99;2021-05-12;111964
2021-05-11;"Prešovský kraj";61;10632;47;10679;NA;112373;108;2021-05-11;111865
2021-05-10;"Prešovský kraj";79;16190;69;16259;NA;112373;148;2021-05-10;111757
2021-05-09;"Prešovský kraj";54;21105;82;21187;NA;112373;136;2021-05-09;111609
2021-05-08;"Prešovský kraj";39;22746;51;22797;NA;112373;90;2021-05-08;111473
2021-05-07;"Prešovský kraj";81;23488;66;23554;NA;112373;147;2021-05-07;111383
2021-05-06;"Prešovský kraj";107;12888;66;12954;NA;112373;173;2021-05-06;111236
2021-05-05;"Prešovský kraj";60;12806;79;12885;NA;112373;139;2021-05-05;111063
2021-05-04;"Prešovský kraj";203;13191;67;13258;NA;112373;270;2021-05-04;110924
2021-05-03;"Prešovský kraj";68;18634;109;18743;NA;112373;177;2021-05-03;110654
2021-05-02;"Prešovský kraj";29;36175;102;36277;NA;112373;131;2021-05-02;110477
2021-05-01;"Prešovský kraj";70;56673;177;56850;NA;112373;247;2021-05-01;110346
2021-04-30;"Prešovský kraj";135;39269;118;39387;NA;112373;253;2021-04-30;110099
2021-04-29;"Prešovský kraj";110;16566;97;16663;NA;112373;207;2021-04-29;109846
2021-04-28;"Prešovský kraj";122;18596;88;18684;NA;112373;210;2021-04-28;109639
2021-04-27;"Prešovský kraj";154;19984;120;20104;NA;112373;274;2021-04-27;109429
2021-04-26;"Prešovský kraj";99;27398;123;27521;NA;112373;222;2021-04-26;109155
2021-04-25;"Prešovský kraj";9;52153;155;52308;NA;112373;164;2021-04-25;108933
2021-04-24;"Prešovský kraj";61;85870;247;86117;NA;112373;308;2021-04-24;108769
2021-04-23;"Prešovský kraj";171;39547;133;39680;NA;112373;304;2021-04-23;108461
2021-04-22;"Prešovský kraj";86;18104;125;18229;NA;112373;211;2021-04-22;108157
2021-04-21;"Prešovský kraj";144;21530;139;21669;NA;112373;283;2021-04-21;107946
2021-04-20;"Prešovský kraj";115;23345;127;23472;NA;112373;242;2021-04-20;107663
2021-04-19;"Prešovský kraj";106;29131;145;29276;NA;112373;251;2021-04-19;107421
2021-04-18;"Prešovský kraj";4;51540;129;51669;NA;112373;133;2021-04-18;107170
2021-04-17;"Prešovský kraj";119;97188;236;97424;NA;112373;355;2021-04-17;107037
2021-04-16;"Prešovský kraj";135;40983;146;41129;NA;112373;281;2021-04-16;106682
2021-04-15;"Prešovský kraj";112;20178;136;20314;NA;112373;248;2021-04-15;106401
2021-04-14;"Prešovský kraj";199;23327;130;23457;NA;112373;329;2021-04-14;106153
2021-04-13;"Prešovský kraj";180;23907;116;24023;NA;112373;296;2021-04-13;105824
2021-04-12;"Prešovský kraj";172;30152;175;30327;NA;112373;347;2021-04-12;105528
2021-04-11;"Prešovský kraj";11;49998;187;50185;NA;112373;198;2021-04-11;105181
2021-04-10;"Prešovský kraj";94;90181;297;90478;NA;112373;391;2021-04-10;104983
2021-04-09;"Prešovský kraj";255;37152;200;37352;NA;112373;455;2021-04-09;104592
2021-04-08;"Prešovský kraj";192;18891;157;19048;NA;112373;349;2021-04-08;104137
2021-04-07;"Prešovský kraj";314;27827;154;27981;NA;112373;468;2021-04-07;103788
2021-04-06;"Prešovský kraj";231;41672;268;41940;NA;112373;499;2021-04-06;103320
2021-04-05;"Prešovský kraj";54;18454;132;18586;NA;112373;186;2021-04-05;102821
2021-04-04;"Prešovský kraj";31;18702;91;18793;NA;112373;122;2021-04-04;102635
2021-04-03;"Prešovský kraj";104;90695;317;91012;NA;112373;421;2021-04-03;102513
2021-04-02;"Prešovský kraj";194;23520;134;23654;NA;112373;328;2021-04-02;102092
2021-04-01;"Prešovský kraj";256;42688;195;42883;NA;112373;451;2021-04-01;101764
2021-03-31;"Prešovský kraj";311;30144;227;30371;NA;112373;538;2021-03-31;101313
2021-03-30;"Prešovský kraj";374;20747;203;20950;NA;112373;577;2021-03-30;100775
2021-03-29;"Prešovský kraj";219;28188;229;28417;NA;112373;448;2021-03-29;100198
2021-03-28;"Prešovský kraj";26;46811;256;47067;NA;112373;282;2021-03-28;99750
2021-03-27;"Prešovský kraj";181;88639;373;89012;NA;112373;554;2021-03-27;99468
2021-03-26;"Prešovský kraj";310;47751;299;48050;NA;112373;609;2021-03-26;98914
2021-03-25;"Prešovský kraj";248;22279;213;22492;NA;112373;461;2021-03-25;98305
2021-03-24;"Prešovský kraj";381;19588;213;19801;NA;112373;594;2021-03-24;97844
2021-03-23;"Prešovský kraj";241;20329;255;20584;NA;112373;496;2021-03-23;97250
2021-03-22;"Prešovský kraj";299;28490;286;28776;NA;112373;585;2021-03-22;96754
2021-03-21;"Prešovský kraj";32;49439;266;49705;NA;112373;298;2021-03-21;96169
2021-03-20;"Prešovský kraj";180;92531;427;92958;NA;112373;607;2021-03-20;95871
2021-03-19;"Prešovský kraj";373;46196;320;46516;NA;112373;693;2021-03-19;95264
2021-03-18;"Prešovský kraj";251;21721;217;21938;NA;112373;468;2021-03-18;94571
2021-03-17;"Prešovský kraj";331;20887;231;21118;NA;112373;562;2021-03-17;94103
2021-03-16;"Prešovský kraj";461;21094;277;21371;NA;112373;738;2021-03-16;93541
2021-03-15;"Prešovský kraj";370;28789;324;29113;NA;112373;694;2021-03-15;92803
2021-03-14;"Prešovský kraj";52;50410;356;50766;NA;112373;408;2021-03-14;92109
2021-03-13;"Prešovský kraj";200;95300;532;95832;NA;112373;732;2021-03-13;91701
2021-03-12;"Prešovský kraj";425;47691;368;48059;NA;112373;793;2021-03-12;90969
2021-03-11;"Prešovský kraj";463;22059;253;22312;NA;112373;716;2021-03-11;90176
2021-03-10;"Prešovský kraj";325;20821;293;21114;NA;112373;618;2021-03-10;89460
2021-03-09;"Prešovský kraj";505;21489;288;21777;NA;112373;793;2021-03-09;88842
2021-03-08;"Prešovský kraj";314;28902;333;29235;NA;112373;647;2021-03-08;88049
2021-03-07;"Prešovský kraj";19;48024;385;48409;NA;112373;404;2021-03-07;87402
2021-03-06;"Prešovský kraj";193;96985;591;97576;NA;112373;784;2021-03-06;86998
2021-03-05;"Prešovský kraj";497;46044;397;46441;NA;112373;894;2021-03-05;86214
2021-03-04;"Prešovský kraj";372;22670;359;23029;NA;112373;731;2021-03-04;85320
2021-03-03;"Prešovský kraj";397;21424;330;21754;NA;112373;727;2021-03-03;84589
2021-03-02;"Prešovský kraj";421;22679;357;23036;NA;112373;778;2021-03-02;83862
2021-03-01;"Prešovský kraj";303;27716;406;28122;NA;112373;709;2021-03-01;83084
2021-02-28;"Prešovský kraj";75;45000;387;45387;NA;112373;462;2021-02-28;82375
2021-02-27;"Prešovský kraj";273;90231;734;90965;NA;112373;1007;2021-02-27;81913
2021-02-26;"Prešovský kraj";455;41700;439;42139;NA;112373;894;2021-02-26;80906
2021-02-25;"Prešovský kraj";270;19496;337;19833;NA;112373;607;2021-02-25;80012
2021-02-24;"Prešovský kraj";328;19026;377;19403;NA;112373;705;2021-02-24;79405
2021-02-23;"Prešovský kraj";430;21273;345;21618;NA;112373;775;2021-02-23;78700
2021-02-22;"Prešovský kraj";351;27175;356;27531;NA;112373;707;2021-02-22;77925
2021-02-21;"Prešovský kraj";66;31802;302;32104;NA;112373;368;2021-02-21;77218
2021-02-20;"Prešovský kraj";129;71413;517;71930;NA;112373;646;2021-02-20;76850
2021-02-19;"Prešovský kraj";381;38597;425;39022;NA;112373;806;2021-02-19;76204
2021-02-18;"Prešovský kraj";268;16960;322;17282;NA;112373;590;2021-02-18;75398
2021-02-17;"Prešovský kraj";293;17392;246;17638;NA;112373;539;2021-02-17;74808
2021-02-16;"Prešovský kraj";422;18862;265;19127;NA;112373;687;2021-02-16;74269
2021-02-15;"Prešovský kraj";211;31360;303;31663;NA;112373;514;2021-02-15;73582
2021-02-14;"Prešovský kraj";27;39271;318;39589;NA;112373;345;2021-02-14;73068
2021-02-13;"Prešovský kraj";157;73937;392;74329;NA;112373;549;2021-02-13;72723
2021-02-12;"Prešovský kraj";308;38720;362;39082;NA;112373;670;2021-02-12;72174
2021-02-11;"Prešovský kraj";218;16207;238;16445;NA;112373;456;2021-02-11;71504
2021-02-10;"Prešovský kraj";220;18499;279;18778;NA;112373;499;2021-02-10;71048
2021-02-09;"Prešovský kraj";323;21495;370;21865;NA;112373;693;2021-02-09;70549
2021-02-08;"Prešovský kraj";161;36971;261;37232;NA;112373;422;2021-02-08;69856
2021-02-07;"Prešovský kraj";21;34227;209;34436;NA;112373;230;2021-02-07;69434
2021-02-06;"Prešovský kraj";176;69164;360;69524;NA;112373;536;2021-02-06;69204
2021-02-05;"Prešovský kraj";177;31247;261;31508;NA;112373;438;2021-02-05;68668
2021-02-04;"Prešovský kraj";176;13073;237;13310;NA;112373;413;2021-02-04;68230
2021-02-03;"Prešovský kraj";251;8421;236;8657;NA;112373;487;2021-02-03;67817
2021-02-02;"Prešovský kraj";249;11779;264;12043;NA;112373;513;2021-02-02;67330
2021-02-01;"Prešovský kraj";220;16059;316;16375;NA;112373;536;2021-02-01;66817
2021-01-31;"Prešovský kraj";42;10587;107;10694;NA;112373;149;2021-01-31;66281
2021-01-30;"Prešovský kraj";142;23939;215;24154;NA;112373;357;2021-01-30;66132
2021-01-29;"Prešovský kraj";185;17924;326;18250;NA;112373;511;2021-01-29;65775
2021-01-28;"Prešovský kraj";311;7338;150;7488;NA;112373;461;2021-01-28;65264
2021-01-27;"Prešovský kraj";153;9886;150;10036;NA;112373;303;2021-01-27;64803
2021-01-26;"Prešovský kraj";252;16648;151;16799;NA;112373;403;2021-01-26;64500
2021-01-25;"Prešovský kraj";196;29649;251;29900;NA;112373;447;2021-01-25;64097
2021-01-24;"Prešovský kraj";12;45706;304;46010;NA;112373;316;2021-01-24;63650
2021-01-23;"Prešovský kraj";189;96726;487;97213;NA;112373;676;2021-01-23;63334
2021-01-22;"Prešovský kraj";187;35377;261;35638;NA;112373;448;2021-01-22;62658
2021-01-21;"Prešovský kraj";187;20434;212;20646;NA;112373;399;2021-01-21;62210
2021-01-20;"Prešovský kraj";253;14579;195;14774;NA;112373;448;2021-01-20;61811
2021-01-19;"Prešovský kraj";281;12329;305;12634;NA;112373;586;2021-01-19;61363
2021-01-18;"Prešovský kraj";203;10422;336;10758;NA;112373;539;2021-01-18;60777
2021-01-17;"Prešovský kraj";107;14391;1008;15399;NA;112373;1115;2021-01-17;60238
2021-01-16;"Prešovský kraj";72;1838;81;1919;NA;112373;153;2021-01-16;59123
2021-01-15;"Prešovský kraj";159;7033;257;7290;NA;112373;416;2021-01-15;58970
2021-01-14;"Prešovský kraj";268;5523;252;5775;NA;112373;520;2021-01-14;58554
2021-01-13;"Prešovský kraj";342;5649;226;5875;NA;112373;568;2021-01-13;58034
2021-01-12;"Prešovský kraj";455;8487;409;8896;NA;112373;864;2021-01-12;57466
2021-01-11;"Prešovský kraj";343;8489;479;8968;NA;112373;822;2021-01-11;56602
2021-01-10;"Prešovský kraj";63;476;23;499;NA;112373;86;2021-01-10;55780
2021-01-09;"Prešovský kraj";439;2248;125;2373;NA;112373;564;2021-01-09;55694
2021-01-08;"Prešovský kraj";430;10865;572;11437;NA;112373;1002;2021-01-08;55130
2021-01-07;"Prešovský kraj";268;7789;648;8437;NA;112373;916;2021-01-07;54128
2021-01-06;"Prešovský kraj";315;1484;134;1618;NA;112373;449;2021-01-06;53212
2021-01-05;"Prešovský kraj";655;11591;1003;12594;NA;112373;1658;2021-01-05;52763
2021-01-04;"Prešovský kraj";371;17192;1812;19004;NA;112373;2183;2021-01-04;51105
2021-01-03;"Prešovský kraj";89;459;41;500;NA;112373;130;2021-01-03;48922
2021-01-02;"Prešovský kraj";65;1556;160;1716;NA;112373;225;2021-01-02;48792
2021-01-01;"Prešovský kraj";174;956;71;1027;NA;112373;245;2021-01-01;48567
2020-12-31;"Prešovský kraj";640;11959;783;12742;NA;112373;1423;2020-12-31;48322
2020-12-30;"Prešovský kraj";729;9065;802;9867;NA;112373;1531;2020-12-30;46899
2020-12-29;"Prešovský kraj";435;9273;949;10222;NA;112373;1384;2020-12-29;45368
2020-12-28;"Prešovský kraj";393;9046;1079;10125;NA;112373;1472;2020-12-28;43984
2020-12-27;"Prešovský kraj";40;613;45;658;NA;112373;85;2020-12-27;42512
2020-12-26;"Prešovský kraj";64;176;12;188;NA;112373;76;2020-12-26;42427
2020-12-25;"Prešovský kraj";208;274;11;285;NA;112373;219;2020-12-25;42351
2020-12-24;"Prešovský kraj";452;1214;85;1299;NA;112373;537;2020-12-24;42132
2020-12-23;"Prešovský kraj";361;11369;635;12004;NA;112373;996;2020-12-23;41595
2020-12-22;"Prešovský kraj";439;9371;710;10081;NA;112373;1149;2020-12-22;40599
2020-12-21;"Prešovský kraj";432;9923;880;10803;NA;112373;1312;2020-12-21;39450
2020-12-20;"Prešovský kraj";184;396;20;416;NA;112373;204;2020-12-20;38138
2020-12-19;"Prešovský kraj";276;1658;151;1809;NA;112373;427;2020-12-19;37934
2020-12-18;"Prešovský kraj";396;8845;595;9440;NA;112373;991;2020-12-18;37507
2020-12-17;"Prešovský kraj";427;10826;891;11717;NA;112373;1318;2020-12-17;36516
2020-12-16;"Prešovský kraj";466;6017;508;6525;NA;112373;974;2020-12-16;35198
2020-12-15;"Prešovský kraj";411;5685;584;6269;NA;112373;995;2020-12-15;34224
2020-12-14;"Prešovský kraj";334;5767;508;6275;NA;112373;842;2020-12-14;33229
2020-12-13;"Prešovský kraj";89;29;8;37;NA;112373;97;2020-12-13;32387
2020-12-12;"Prešovský kraj";319;2474;166;2640;NA;112373;485;2020-12-12;32290
2020-12-11;"Prešovský kraj";560;5602;402;6004;NA;112373;962;2020-12-11;31805
2020-12-10;"Prešovský kraj";337;5180;440;5620;NA;112373;777;2020-12-10;30843
2020-12-09;"Prešovský kraj";358;4357;314;4671;NA;112373;672;2020-12-09;30066
2020-12-08;"Prešovský kraj";350;6629;651;7280;NA;112373;1001;2020-12-08;29394
2020-12-07;"Prešovský kraj";309;4345;327;4672;NA;112373;636;2020-12-07;28393
2020-12-06;"Prešovský kraj";59;655;26;681;NA;112373;85;2020-12-06;27757
2020-12-05;"Prešovský kraj";218;984;87;1071;NA;112373;305;2020-12-05;27672
2020-12-04;"Prešovský kraj";352;5070;293;5363;NA;112373;645;2020-12-04;27367
2020-12-03;"Prešovský kraj";284;2456;179;2635;NA;112373;463;2020-12-03;26722
2020-12-02;"Prešovský kraj";232;2830;225;3055;NA;112373;457;2020-12-02;26259
2020-12-01;"Prešovský kraj";281;1884;196;2080;NA;112373;477;2020-12-01;25802
2020-11-30;"Prešovský kraj";196;5333;97;5430;NA;112373;293;2020-11-30;25325
2020-11-29;"Prešovský kraj";27;379;42;421;NA;112373;69;2020-11-29;25032
2020-11-28;"Prešovský kraj";199;772;77;849;NA;112373;276;2020-11-28;24963
2020-11-27;"Prešovský kraj";232;2350;130;2480;NA;112373;362;2020-11-27;24687
2020-11-26;"Prešovský kraj";263;3014;329;3343;NA;112373;592;2020-11-26;24325
2020-11-25;"Prešovský kraj";302;2174;103;2277;NA;112373;405;2020-11-25;23733
2020-11-24;"Prešovský kraj";365;1777;156;1933;NA;112373;521;2020-11-24;23328
2020-11-23;"Prešovský kraj";164;1099;60;1159;NA;112373;224;2020-11-23;22807
2020-11-22;"Prešovský kraj";46;44;1;45;NA;112373;47;2020-11-22;22583
2020-11-21;"Prešovský kraj";205;754;62;816;NA;112373;267;2020-11-21;22536
2020-11-20;"Prešovský kraj";363;2258;102;2360;NA;112373;465;2020-11-20;22269
2020-11-19;"Prešovský kraj";359;2096;238;2334;NA;112373;597;2020-11-19;21804
2020-11-18;"Prešovský kraj";270;488;43;531;NA;112373;313;2020-11-18;21207
2020-11-17;"Prešovský kraj";347;205;23;228;NA;112373;370;2020-11-17;20894
2020-11-16;"Prešovský kraj";226;540;58;598;NA;112373;284;2020-11-16;20524
2020-11-15;"Prešovský kraj";186;39;4;43;NA;112373;190;2020-11-15;20240
2020-11-14;"Prešovský kraj";261;54;4;58;NA;112373;265;2020-11-14;20050
2020-11-13;"Prešovský kraj";395;166;8;174;NA;112373;403;2020-11-13;19785
2020-11-12;"Prešovský kraj";397;229;50;279;NA;112373;447;2020-11-12;19382
2020-11-11;"Prešovský kraj";516;161;15;176;NA;112373;531;2020-11-11;18935
2020-11-10;"Prešovský kraj";437;197;9;206;NA;112373;446;2020-11-10;18404
2020-11-09;"Prešovský kraj";190;4112;945;5057;NA;112373;1135;2020-11-09;17958
2020-11-08;"Prešovský kraj";97;2817;32;2849;NA;112373;129;2020-11-08;16823
2020-11-07;"Prešovský kraj";416;8578;81;8659;NA;112373;497;2020-11-07;16694
2020-11-06;"Prešovský kraj";520;4791;76;4867;NA;112373;596;2020-11-06;16197
2020-11-05;"Prešovský kraj";397;180;5;185;NA;112373;402;2020-11-05;15601
2020-11-04;"Prešovský kraj";350;807;8;815;NA;112373;358;2020-11-04;15199
2020-11-03;"Prešovský kraj";565;98;12;110;NA;112373;577;2020-11-03;14841
2020-11-02;"Prešovský kraj";203;4158;1004;5162;NA;112373;1207;2020-11-02;14264
2020-11-01;"Prešovský kraj";386;2906;53;2959;NA;112373;439;2020-11-01;13057
2020-10-31;"Prešovský kraj";315;10497;170;10667;NA;112373;485;2020-10-31;12618
2020-10-30;"Prešovský kraj";552;2949;65;3014;NA;112373;617;2020-10-30;12133
2020-10-29;"Prešovský kraj";594;301;38;339;NA;112373;632;2020-10-29;11516
2020-10-28;"Prešovský kraj";617;291;46;337;NA;112373;663;2020-10-28;10884
2020-10-27;"Prešovský kraj";656;268;34;302;NA;112373;690;2020-10-27;10221
2020-10-26;"Prešovský kraj";137;363;57;420;NA;112373;194;2020-10-26;9531
2020-10-25;"Prešovský kraj";237;346;11;357;NA;112373;248;2020-10-25;9337
2020-10-24;"Prešovský kraj";719;200;12;212;NA;112373;731;2020-10-24;9089
2020-10-23;"Prešovský kraj";750;218;8;226;NA;112373;758;2020-10-23;8358
2020-10-22;"Prešovský kraj";646;396;30;426;NA;112373;676;2020-10-22;7600
2020-10-21;"Prešovský kraj";383;58;8;66;NA;112373;391;2020-10-21;6924
2020-10-20;"Prešovský kraj";493;65;7;72;NA;112373;500;2020-10-20;6533
2020-10-19;"Prešovský kraj";140;235;15;250;NA;112373;155;2020-10-19;6033
2020-10-18;"Prešovský kraj";209;0;0;0;NA;112373;209;2020-10-18;5878
2020-10-17;"Prešovský kraj";342;0;0;0;NA;112373;342;2020-10-17;5669
2020-10-16;"Prešovský kraj";388;57;3;60;NA;112373;391;2020-10-16;5327
2020-10-15;"Prešovský kraj";435;85;18;103;NA;112373;453;2020-10-15;4936
2020-10-14;"Prešovský kraj";451;54;10;64;NA;112373;461;2020-10-14;4483
2020-10-13;"Prešovský kraj";264;50;6;56;NA;112373;270;2020-10-13;4022
2020-10-12;"Prešovský kraj";214;334;35;369;NA;112373;249;2020-10-12;3752
2020-10-11;"Prešovský kraj";127;0;0;0;NA;112373;127;2020-10-11;3503
2020-10-10;"Prešovský kraj";248;0;0;0;NA;112373;248;2020-10-10;3376
2020-10-09;"Prešovský kraj";406;0;0;0;NA;112373;406;2020-10-09;3128
2020-10-08;"Prešovský kraj";245;0;0;0;NA;112373;245;2020-10-08;2722
2020-10-07;"Prešovský kraj";244;0;0;0;NA;112373;244;2020-10-07;2477
2020-10-06;"Prešovský kraj";166;0;0;0;NA;112373;166;2020-10-06;2233
2020-10-05;"Prešovský kraj";84;0;0;0;NA;112373;84;2020-10-05;2067
2020-10-04;"Prešovský kraj";118;0;0;0;NA;112373;118;2020-10-04;1983
2020-10-03;"Prešovský kraj";204;0;0;0;NA;112373;204;2020-10-03;1865
2020-10-02;"Prešovský kraj";149;0;0;0;NA;112373;149;2020-10-02;1661
2020-10-01;"Prešovský kraj";136;0;0;0;NA;112373;136;2020-10-01;1512
2020-09-30;"Prešovský kraj";121;0;0;0;NA;112373;121;2020-09-30;1376
2020-09-29;"Prešovský kraj";156;0;0;0;NA;112373;156;2020-09-29;1255
2020-09-28;"Prešovský kraj";51;0;0;0;NA;112373;51;2020-09-28;1099
2020-09-27;"Prešovský kraj";10;0;0;0;NA;112373;10;2020-09-27;1048
2020-09-26;"Prešovský kraj";72;0;0;0;NA;112373;72;2020-09-26;1038
2020-09-25;"Prešovský kraj";91;0;0;0;NA;112373;91;2020-09-25;966
2020-09-24;"Prešovský kraj";52;0;0;0;NA;112373;52;2020-09-24;875
2020-09-23;"Prešovský kraj";55;0;0;0;NA;112373;55;2020-09-23;823
2020-09-22;"Prešovský kraj";29;0;0;0;NA;112373;29;2020-09-22;768
2020-09-21;"Prešovský kraj";14;0;0;0;NA;112373;14;2020-09-21;739
2020-09-20;"Prešovský kraj";5;0;0;0;NA;112373;5;2020-09-20;725
2020-09-19;"Prešovský kraj";12;0;0;0;NA;112373;12;2020-09-19;720
2020-09-18;"Prešovský kraj";29;0;0;0;NA;112373;29;2020-09-18;708
2020-09-17;"Prešovský kraj";25;0;0;0;NA;112373;25;2020-09-17;679
2020-09-16;"Prešovský kraj";8;0;0;0;NA;112373;8;2020-09-16;654
2020-09-15;"Prešovský kraj";10;0;0;0;NA;112373;10;2020-09-15;646
2020-09-14;"Prešovský kraj";47;0;0;0;NA;112373;47;2020-09-14;636
2020-09-13;"Prešovský kraj";3;0;0;0;NA;112373;3;2020-09-13;589
2020-09-12;"Prešovský kraj";4;0;0;0;NA;112373;4;2020-09-12;586
2020-09-11;"Prešovský kraj";15;0;0;0;NA;112373;15;2020-09-11;582
2020-09-10;"Prešovský kraj";10;0;0;0;NA;112373;10;2020-09-10;567
2020-09-09;"Prešovský kraj";21;0;0;0;NA;112373;21;2020-09-09;557
2020-09-08;"Prešovský kraj";23;0;0;0;NA;112373;23;2020-09-08;536
2020-09-07;"Prešovský kraj";5;0;0;0;NA;112373;5;2020-09-07;513
2020-09-06;"Prešovský kraj";3;0;0;0;NA;112373;3;2020-09-06;508
2020-09-05;"Prešovský kraj";7;0;0;0;NA;112373;7;2020-09-05;505
2020-09-04;"Prešovský kraj";24;0;0;0;NA;112373;24;2020-09-04;498
2020-09-03;"Prešovský kraj";8;0;0;0;NA;112373;8;2020-09-03;474
2020-09-02;"Prešovský kraj";9;0;0;0;NA;112373;9;2020-09-02;466
2020-09-01;"Prešovský kraj";6;0;0;0;NA;112373;6;2020-09-01;457
2020-08-31;"Prešovský kraj";3;0;0;0;NA;112373;3;2020-08-31;451
2020-08-30;"Prešovský kraj";6;0;0;0;NA;112373;6;2020-08-30;448
2020-08-29;"Prešovský kraj";4;0;0;0;NA;112373;4;2020-08-29;442
2020-08-28;"Prešovský kraj";6;0;0;0;NA;112373;6;2020-08-28;438
2020-08-27;"Prešovský kraj";7;0;0;0;NA;112373;7;2020-08-27;432
2020-08-26;"Prešovský kraj";22;0;0;0;NA;112373;22;2020-08-26;425
2020-08-25;"Prešovský kraj";1;0;0;0;NA;112373;1;2020-08-25;403
2020-08-24;"Prešovský kraj";5;0;0;0;NA;112373;5;2020-08-24;402
2020-08-23;"Prešovský kraj";3;0;0;0;NA;112373;3;2020-08-23;397
2020-08-22;"Prešovský kraj";3;0;0;0;NA;112373;3;2020-08-22;394
2020-08-21;"Prešovský kraj";11;0;0;0;NA;112373;11;2020-08-21;391
2020-08-20;"Prešovský kraj";8;0;0;0;NA;112373;8;2020-08-20;380
2020-08-19;"Prešovský kraj";8;0;0;0;NA;112373;8;2020-08-19;372
2020-08-18;"Prešovský kraj";6;0;0;0;NA;112373;6;2020-08-18;364
2020-08-17;"Prešovský kraj";1;0;0;0;NA;112373;1;2020-08-17;358
2020-08-16;"Prešovský kraj";0;0;0;0;NA;112373;0;2020-08-16;357
2020-08-15;"Prešovský kraj";8;0;0;0;NA;112373;8;2020-08-15;357
2020-08-14;"Prešovský kraj";6;0;0;0;NA;112373;6;2020-08-14;349
2020-08-13;"Prešovský kraj";8;0;0;0;NA;112373;8;2020-08-13;343
2020-08-12;"Prešovský kraj";19;0;0;0;NA;112373;19;2020-08-12;335
2020-08-11;"Prešovský kraj";3;0;0;0;NA;112373;3;2020-08-11;316
2020-08-10;"Prešovský kraj";0;0;0;0;NA;112373;0;2020-08-10;313
2020-08-09;"Prešovský kraj";0;0;0;0;NA;112373;0;2020-08-09;313
2020-08-08;"Prešovský kraj";2;0;0;0;NA;112373;2;2020-08-08;313
2020-08-07;"Prešovský kraj";6;0;0;0;NA;112373;6;2020-08-07;311
2020-08-06;"Prešovský kraj";2;0;0;0;NA;112373;2;2020-08-06;305
2020-08-05;"Prešovský kraj";8;0;0;0;NA;112373;8;2020-08-05;303
2020-08-04;"Prešovský kraj";5;0;0;0;NA;112373;5;2020-08-04;295
2020-08-03;"Prešovský kraj";4;0;0;0;NA;112373;4;2020-08-03;290
2020-08-02;"Prešovský kraj";6;0;0;0;NA;112373;6;2020-08-02;286
2020-08-01;"Prešovský kraj";0;0;0;0;NA;112373;0;2020-08-01;280
2020-07-31;"Prešovský kraj";2;0;0;0;NA;112373;2;2020-07-31;280
2020-07-30;"Prešovský kraj";6;0;0;0;NA;112373;6;2020-07-30;278
2020-07-29;"Prešovský kraj";5;0;0;0;NA;112373;5;2020-07-29;272
2020-07-28;"Prešovský kraj";0;0;0;0;NA;112373;0;2020-07-28;267
2020-07-27;"Prešovský kraj";1;0;0;0;NA;112373;1;2020-07-27;267
2020-07-26;"Prešovský kraj";1;0;0;0;NA;112373;1;2020-07-26;266
2020-07-25;"Prešovský kraj";21;0;0;0;NA;112373;21;2020-07-25;265
2020-07-24;"Prešovský kraj";1;0;0;0;NA;112373;1;2020-07-24;244
2020-07-23;"Prešovský kraj";5;0;0;0;NA;112373;5;2020-07-23;243
2020-07-22;"Prešovský kraj";1;0;0;0;NA;112373;1;2020-07-22;238
2020-07-21;"Prešovský kraj";2;0;0;0;NA;112373;2;2020-07-21;237
2020-07-20;"Prešovský kraj";1;0;0;0;NA;112373;1;2020-07-20;235
2020-07-19;"Prešovský kraj";0;0;0;0;NA;112373;0;2020-07-19;234
2020-07-18;"Prešovský kraj";0;0;0;0;NA;112373;0;2020-07-18;234
2020-07-17;"Prešovský kraj";3;0;0;0;NA;112373;3;2020-07-17;234
2020-07-16;"Prešovský kraj";1;0;0;0;NA;112373;1;2020-07-16;231
2020-07-15;"Prešovský kraj";5;0;0;0;NA;112373;5;2020-07-15;230
2020-07-14;"Prešovský kraj";5;0;0;0;NA;112373;5;2020-07-14;225
2020-07-13;"Prešovský kraj";1;0;0;0;NA;112373;1;2020-07-13;220
2020-07-12;"Prešovský kraj";1;0;0;0;NA;112373;1;2020-07-12;219
2020-07-11;"Prešovský kraj";6;0;0;0;NA;112373;6;2020-07-11;218
2020-07-10;"Prešovský kraj";5;0;0;0;NA;112373;5;2020-07-10;212
2020-07-09;"Prešovský kraj";2;0;0;0;NA;112373;2;2020-07-09;207
2020-07-08;"Prešovský kraj";14;0;0;0;NA;112373;14;2020-07-08;205
2020-07-07;"Prešovský kraj";2;0;0;0;NA;112373;2;2020-07-07;191
2020-07-06;"Prešovský kraj";0;0;0;0;NA;112373;0;2020-07-06;189
2020-07-05;"Prešovský kraj";0;0;0;0;NA;112373;0;2020-07-05;189
2020-07-04;"Prešovský kraj";1;0;0;0;NA;112373;1;2020-07-04;189
2020-07-03;"Prešovský kraj";3;0;0;0;NA;112373;3;2020-07-03;188
2020-07-02;"Prešovský kraj";0;0;0;0;NA;112373;0;2020-07-02;185
2020-07-01;"Prešovský kraj";0;0;0;0;NA;112373;0;2020-07-01;185
2020-06-30;"Prešovský kraj";7;0;0;0;NA;112373;7;2020-06-30;185
2020-06-29;"Prešovský kraj";0;0;0;0;NA;112373;0;2020-06-29;178
2020-06-28;"Prešovský kraj";0;0;0;0;NA;112373;0;2020-06-28;178
2020-06-27;"Prešovský kraj";3;0;0;0;NA;112373;3;2020-06-27;178
2020-06-26;"Prešovský kraj";3;0;0;0;NA;112373;3;2020-06-26;175
2020-06-25;"Prešovský kraj";0;0;0;0;NA;112373;0;2020-06-25;172
2020-06-24;"Prešovský kraj";4;0;0;0;NA;112373;4;2020-06-24;172
2020-06-23;"Prešovský kraj";0;0;0;0;NA;112373;0;2020-06-23;168
2020-06-22;"Prešovský kraj";0;0;0;0;NA;112373;0;2020-06-22;168
2020-06-21;"Prešovský kraj";0;0;0;0;NA;112373;0;2020-06-21;168
2020-06-20;"Prešovský kraj";0;0;0;0;NA;112373;0;2020-06-20;168
2020-06-19;"Prešovský kraj";1;0;0;0;NA;112373;1;2020-06-19;168
2020-06-18;"Prešovský kraj";0;0;0;0;NA;112373;0;2020-06-18;167
2020-06-17;"Prešovský kraj";0;0;0;0;NA;112373;0;2020-06-17;167
2020-06-16;"Prešovský kraj";6;0;0;0;NA;112373;6;2020-06-16;167
2020-06-14;"Prešovský kraj";0;0;0;0;NA;112373;0;2020-06-14;161
2020-06-13;"Prešovský kraj";0;0;0;0;NA;112373;0;2020-06-13;161
2020-06-12;"Prešovský kraj";1;0;0;0;NA;112373;1;2020-06-12;161
2020-06-11;"Prešovský kraj";0;0;0;0;NA;112373;0;2020-06-11;160
2020-06-10;"Prešovský kraj";0;0;0;0;NA;112373;0;2020-06-10;160
2020-06-09;"Prešovský kraj";0;0;0;0;NA;112373;0;2020-06-09;160
2020-06-08;"Prešovský kraj";0;0;0;0;NA;112373;0;2020-06-08;160
2020-06-07;"Prešovský kraj";0;0;0;0;NA;112373;0;2020-06-07;160
2020-06-05;"Prešovský kraj";0;0;0;0;NA;112373;0;2020-06-05;160
2020-06-03;"Prešovský kraj";0;0;0;0;NA;112373;0;2020-06-03;160
2020-06-02;"Prešovský kraj";1;0;0;0;NA;112373;1;2020-06-02;160
2020-05-31;"Prešovský kraj";1;0;0;0;NA;112373;1;2020-05-31;159
2020-05-29;"Prešovský kraj";0;0;0;0;NA;112373;0;2020-05-29;158
2020-05-27;"Prešovský kraj";0;0;0;0;NA;112373;0;2020-05-27;158
2020-05-26;"Prešovský kraj";0;0;0;0;NA;112373;0;2020-05-26;158
2020-05-25;"Prešovský kraj";0;0;0;0;NA;112373;0;2020-05-25;158
2020-05-24;"Prešovský kraj";0;0;0;0;NA;112373;0;2020-05-24;158
2020-05-23;"Prešovský kraj";0;0;0;0;NA;112373;0;2020-05-23;158
2020-05-22;"Prešovský kraj";0;0;0;0;NA;112373;0;2020-05-22;158
2020-05-21;"Prešovský kraj";1;0;0;0;NA;112373;1;2020-05-21;158
2020-05-20;"Prešovský kraj";0;0;0;0;NA;112373;0;2020-05-20;157
2020-05-19;"Prešovský kraj";0;0;0;0;NA;112373;0;2020-05-19;157
2020-05-17;"Prešovský kraj";0;0;0;0;NA;112373;0;2020-05-17;157
2020-05-16;"Prešovský kraj";0;0;0;0;NA;112373;0;2020-05-16;157
2020-05-15;"Prešovský kraj";0;0;0;0;NA;112373;0;2020-05-15;157
2020-05-14;"Prešovský kraj";0;0;0;0;NA;112373;0;2020-05-14;157
2020-05-13;"Prešovský kraj";1;0;0;0;NA;112373;1;2020-05-13;157
2020-05-12;"Prešovský kraj";0;0;0;0;NA;112373;0;2020-05-12;156
2020-05-11;"Prešovský kraj";1;0;0;0;NA;112373;1;2020-05-11;156
2020-05-09;"Prešovský kraj";0;0;0;0;NA;112373;0;2020-05-09;155
2020-05-07;"Prešovský kraj";0;0;0;0;NA;112373;0;2020-05-07;155
2020-05-06;"Prešovský kraj";0;0;0;0;NA;112373;0;2020-05-06;155
2020-05-05;"Prešovský kraj";1;0;0;0;NA;112373;1;2020-05-05;155
2020-05-04;"Prešovský kraj";0;0;0;0;NA;112373;0;2020-05-04;154
2020-05-03;"Prešovský kraj";0;0;0;0;NA;112373;0;2020-05-03;154
2020-05-02;"Prešovský kraj";0;0;0;0;NA;112373;0;2020-05-02;154
2020-05-01;"Prešovský kraj";2;0;0;0;NA;112373;2;2020-05-01;154
2020-04-30;"Prešovský kraj";0;0;0;0;NA;112373;0;2020-04-30;152
2020-04-29;"Prešovský kraj";1;0;0;0;NA;112373;1;2020-04-29;152
2020-04-28;"Prešovský kraj";1;0;0;0;NA;112373;1;2020-04-28;151
2020-04-27;"Prešovský kraj";2;0;0;0;NA;112373;2;2020-04-27;150
2020-04-26;"Prešovský kraj";0;0;0;0;NA;112373;0;2020-04-26;148
2020-04-25;"Prešovský kraj";0;0;0;0;NA;112373;0;2020-04-25;148
2020-04-24;"Prešovský kraj";0;0;0;0;NA;112373;0;2020-04-24;148
2020-04-23;"Prešovský kraj";2;0;0;0;NA;112373;2;2020-04-23;148
2020-04-22;"Prešovský kraj";11;0;0;0;NA;112373;11;2020-04-22;146
2020-04-21;"Prešovský kraj";12;0;0;0;NA;112373;12;2020-04-21;135
2020-04-20;"Prešovský kraj";2;0;0;0;NA;112373;2;2020-04-20;123
2020-04-19;"Prešovský kraj";4;0;0;0;NA;112373;4;2020-04-19;121
2020-04-18;"Prešovský kraj";1;0;0;0;NA;112373;1;2020-04-18;117
2020-04-17;"Prešovský kraj";4;0;0;0;NA;112373;4;2020-04-17;116
2020-04-16;"Prešovský kraj";9;0;0;0;NA;112373;9;2020-04-16;112
2020-04-15;"Prešovský kraj";21;0;0;0;NA;112373;21;2020-04-15;103
2020-04-14;"Prešovský kraj";1;0;0;0;NA;112373;1;2020-04-14;82
2020-04-13;"Prešovský kraj";2;0;0;0;NA;112373;2;2020-04-13;81
2020-04-12;"Prešovský kraj";6;0;0;0;NA;112373;6;2020-04-12;79
2020-04-11;"Prešovský kraj";4;0;0;0;NA;112373;4;2020-04-11;73
2020-04-10;"Prešovský kraj";0;0;0;0;NA;112373;0;2020-04-10;69
2020-04-09;"Prešovský kraj";1;0;0;0;NA;112373;1;2020-04-09;69
2020-04-08;"Prešovský kraj";0;0;0;0;NA;112373;0;2020-04-08;68
2020-04-07;"Prešovský kraj";7;0;0;0;NA;112373;7;2020-04-07;68
2020-04-06;"Prešovský kraj";10;0;0;0;NA;112373;10;2020-04-06;61
2020-04-05;"Prešovský kraj";13;0;0;0;NA;112373;13;2020-04-05;51
2020-04-04;"Prešovský kraj";1;0;0;0;NA;112373;1;2020-04-04;38
2020-04-03;"Prešovský kraj";4;0;0;0;NA;112373;4;2020-04-03;37
2020-04-02;"Prešovský kraj";6;0;0;0;NA;112373;6;2020-04-02;33
2020-04-01;"Prešovský kraj";6;0;0;0;NA;112373;6;2020-04-01;27
2020-03-31;"Prešovský kraj";6;0;0;0;NA;112373;6;2020-03-31;21
2020-03-30;"Prešovský kraj";2;0;0;0;NA;112373;2;2020-03-30;15
2020-03-29;"Prešovský kraj";2;0;0;0;NA;112373;2;2020-03-29;13
2020-03-28;"Prešovský kraj";2;0;0;0;NA;112373;2;2020-03-28;11
2020-03-27;"Prešovský kraj";1;0;0;0;NA;112373;1;2020-03-27;9
2020-03-26;"Prešovský kraj";8;0;0;0;NA;112373;8;2020-03-26;8
2020-03-25;"Prešovský kraj";1;0;0;0;NA;112373;1;2020-03-25;0
2020-03-24;"Prešovský kraj";4;0;0;0;NA;112373;4;2020-03-24;-1
2020-03-23;"Prešovský kraj";0;0;0;0;NA;112373;0;2020-03-23;-5
2020-03-22;"Prešovský kraj";1;0;0;0;NA;112373;1;2020-03-22;-5
2020-03-21;"Prešovský kraj";2;0;0;0;NA;112373;2;2020-03-21;-6
2020-03-20;"Prešovský kraj";3;0;0;0;NA;112373;3;2020-03-20;-8
2020-03-19;"Prešovský kraj";2;0;0;0;NA;112373;2;2020-03-19;-11
2020-03-18;"Prešovský kraj";1;0;0;0;NA;112373;1;2020-03-18;-13
2020-03-17;"Prešovský kraj";1;0;0;0;NA;112373;1;2020-03-17;-14
2020-03-16;"Prešovský kraj";4;0;0;0;NA;112373;4;2020-03-16;-15
2020-03-15;"Prešovský kraj";0;0;0;0;NA;112373;0;2020-03-15;-19
2020-03-14;"Prešovský kraj";1;0;0;0;NA;112373;1;2020-03-14;-19
2020-03-13;"Prešovský kraj";0;0;0;0;NA;112373;0;2020-03-13;-20
2020-03-12;"Prešovský kraj";0;0;0;0;NA;112373;0;2020-03-12;-20
2020-03-11;"Prešovský kraj";0;0;0;0;NA;112373;0;2020-03-11;-20
2020-03-09;"Prešovský kraj";0;0;0;0;NA;112373;0;2020-03-09;-20
2020-03-08;"Prešovský kraj";0;0;0;0;NA;112373;0;2020-03-08;-20
2020-03-07;"Prešovský kraj";0;0;0;0;NA;112373;0;2020-03-07;-20
2020-03-06;"Prešovský kraj";0;0;0;0;NA;112373;0;2020-03-06;-20
2021-05-16;"Trenčiansky kraj";25;12253;28;12281;52742;99981;53;2021-05-16;99981
2021-05-15;"Trenčiansky kraj";3;20126;444;20570;NA;99981;447;2021-05-15;99928
2021-05-14;"Trenčiansky kraj";41;18190;41;18231;NA;99981;82;2021-05-14;99481
2021-05-13;"Trenčiansky kraj";41;8052;24;8076;NA;99981;65;2021-05-13;99399
2021-05-12;"Trenčiansky kraj";41;8047;34;8081;NA;99981;75;2021-05-12;99334
2021-05-11;"Trenčiansky kraj";66;9856;29;9885;NA;99981;95;2021-05-11;99259
2021-05-10;"Trenčiansky kraj";48;13974;58;14032;NA;99981;106;2021-05-10;99164
2021-05-09;"Trenčiansky kraj";52;17736;39;17775;NA;99981;91;2021-05-09;99058
2021-05-08;"Trenčiansky kraj";3;23575;33;23608;NA;99981;36;2021-05-08;98967
2021-05-07;"Trenčiansky kraj";45;23512;56;23568;NA;99981;101;2021-05-07;98931
2021-05-06;"Trenčiansky kraj";26;10585;44;10629;NA;99981;70;2021-05-06;98830
2021-05-05;"Trenčiansky kraj";73;9936;41;9977;NA;99981;114;2021-05-05;98760
2021-05-04;"Trenčiansky kraj";55;12730;53;12783;NA;99981;108;2021-05-04;98646
2021-05-03;"Trenčiansky kraj";60;15329;51;15380;NA;99981;111;2021-05-03;98538
2021-05-02;"Trenčiansky kraj";0;30207;65;30272;NA;99981;65;2021-05-02;98427
2021-05-01;"Trenčiansky kraj";71;56303;61;56364;NA;99981;132;2021-05-01;98362
2021-04-30;"Trenčiansky kraj";77;29533;62;29595;NA;99981;139;2021-04-30;98230
2021-04-29;"Trenčiansky kraj";49;13034;58;13092;NA;99981;107;2021-04-29;98091
2021-04-28;"Trenčiansky kraj";79;12536;52;12588;NA;99981;131;2021-04-28;97984
2021-04-27;"Trenčiansky kraj";107;15524;40;15564;NA;99981;147;2021-04-27;97853
2021-04-26;"Trenčiansky kraj";52;21572;66;21638;NA;99981;118;2021-04-26;97706
2021-04-25;"Trenčiansky kraj";0;34992;49;35041;NA;99981;49;2021-04-25;97588
2021-04-24;"Trenčiansky kraj";76;72312;97;72409;NA;99981;173;2021-04-24;97539
2021-04-23;"Trenčiansky kraj";143;29422;79;29501;NA;99981;222;2021-04-23;97366
2021-04-22;"Trenčiansky kraj";71;13847;64;13911;NA;99981;135;2021-04-22;97144
2021-04-21;"Trenčiansky kraj";79;12996;67;13063;NA;99981;146;2021-04-21;97009
2021-04-20;"Trenčiansky kraj";142;17739;80;17819;NA;99981;222;2021-04-20;96863
2021-04-19;"Trenčiansky kraj";102;22630;103;22733;NA;99981;205;2021-04-19;96641
2021-04-18;"Trenčiansky kraj";3;40879;97;40976;NA;99981;100;2021-04-18;96436
2021-04-17;"Trenčiansky kraj";77;81498;136;81634;NA;99981;213;2021-04-17;96336
2021-04-16;"Trenčiansky kraj";100;31954;90;32044;NA;99981;190;2021-04-16;96123
2021-04-15;"Trenčiansky kraj";71;14477;69;14546;NA;99981;140;2021-04-15;95933
2021-04-14;"Trenčiansky kraj";135;15550;72;15622;NA;99981;207;2021-04-14;95793
2021-04-13;"Trenčiansky kraj";189;18713;75;18788;NA;99981;264;2021-04-13;95586
2021-04-12;"Trenčiansky kraj";97;23743;91;23834;NA;99981;188;2021-04-12;95322
2021-04-11;"Trenčiansky kraj";1;34735;75;34810;NA;99981;76;2021-04-11;95134
2021-04-10;"Trenčiansky kraj";81;83093;145;83238;NA;99981;226;2021-04-10;95058
2021-04-09;"Trenčiansky kraj";120;28008;91;28099;NA;99981;211;2021-04-09;94832
2021-04-08;"Trenčiansky kraj";112;13282;85;13367;NA;99981;197;2021-04-08;94621
2021-04-07;"Trenčiansky kraj";204;17689;122;17811;NA;99981;326;2021-04-07;94424
2021-04-06;"Trenčiansky kraj";157;28532;178;28710;NA;99981;335;2021-04-06;94098
2021-04-05;"Trenčiansky kraj";15;9227;64;9291;NA;99981;79;2021-04-05;93763
2021-04-04;"Trenčiansky kraj";2;20291;85;20376;NA;99981;87;2021-04-04;93684
2021-04-03;"Trenčiansky kraj";86;80473;221;80694;NA;99981;307;2021-04-03;93597
2021-04-02;"Trenčiansky kraj";126;21620;81;21701;NA;99981;207;2021-04-02;93290
2021-04-01;"Trenčiansky kraj";159;32370;139;32509;NA;99981;298;2021-04-01;93083
2021-03-31;"Trenčiansky kraj";198;20100;130;20230;NA;99981;328;2021-03-31;92785
2021-03-30;"Trenčiansky kraj";272;17304;136;17440;NA;99981;408;2021-03-30;92457
2021-03-29;"Trenčiansky kraj";142;19479;170;19649;NA;99981;312;2021-03-29;92049
2021-03-28;"Trenčiansky kraj";3;34756;116;34872;NA;99981;119;2021-03-28;91737
2021-03-27;"Trenčiansky kraj";130;77314;293;77607;NA;99981;423;2021-03-27;91618
2021-03-26;"Trenčiansky kraj";211;35092;157;35249;NA;99981;368;2021-03-26;91195
2021-03-25;"Trenčiansky kraj";184;16579;176;16755;NA;99981;360;2021-03-25;90827
2021-03-24;"Trenčiansky kraj";259;13099;171;13270;NA;99981;430;2021-03-24;90467
2021-03-23;"Trenčiansky kraj";349;17588;174;17762;NA;99981;523;2021-03-23;90037
2021-03-22;"Trenčiansky kraj";141;21118;213;21331;NA;99981;354;2021-03-22;89514
2021-03-21;"Trenčiansky kraj";85;32709;164;32873;NA;99981;249;2021-03-21;89160
2021-03-20;"Trenčiansky kraj";128;80035;322;80357;NA;99981;450;2021-03-20;88911
2021-03-19;"Trenčiansky kraj";231;34784;232;35016;NA;99981;463;2021-03-19;88461
2021-03-18;"Trenčiansky kraj";262;16105;178;16283;NA;99981;440;2021-03-18;87998
2021-03-17;"Trenčiansky kraj";366;13436;163;13599;NA;99981;529;2021-03-17;87558
2021-03-16;"Trenčiansky kraj";450;15281;241;15522;NA;99981;691;2021-03-16;87029
2021-03-15;"Trenčiansky kraj";162;21235;261;21496;NA;99981;423;2021-03-15;86338
2021-03-14;"Trenčiansky kraj";42;33890;233;34123;NA;99981;275;2021-03-14;85915
2021-03-13;"Trenčiansky kraj";270;79187;453;79640;NA;99981;723;2021-03-13;85640
2021-03-12;"Trenčiansky kraj";366;34787;307;35094;NA;99981;673;2021-03-12;84917
2021-03-11;"Trenčiansky kraj";302;15557;213;15770;NA;99981;515;2021-03-11;84244
2021-03-10;"Trenčiansky kraj";402;13585;237;13822;NA;99981;639;2021-03-10;83729
2021-03-09;"Trenčiansky kraj";586;17982;285;18267;NA;99981;871;2021-03-09;83090
2021-03-08;"Trenčiansky kraj";174;21704;363;22067;NA;99981;537;2021-03-08;82219
2021-03-07;"Trenčiansky kraj";4;33991;318;34309;NA;99981;322;2021-03-07;81682
2021-03-06;"Trenčiansky kraj";260;79658;529;80187;NA;99981;789;2021-03-06;81360
2021-03-05;"Trenčiansky kraj";326;32946;416;33362;NA;99981;742;2021-03-05;80571
2021-03-04;"Trenčiansky kraj";323;16820;315;17135;NA;99981;638;2021-03-04;79829
2021-03-03;"Trenčiansky kraj";413;13953;346;14299;NA;99981;759;2021-03-03;79191
2021-03-02;"Trenčiansky kraj";612;17797;344;18141;NA;99981;956;2021-03-02;78432
2021-03-01;"Trenčiansky kraj";217;21127;445;21572;NA;99981;662;2021-03-01;77476
2021-02-28;"Trenčiansky kraj";45;30238;376;30614;NA;99981;421;2021-02-28;76814
2021-02-27;"Trenčiansky kraj";277;78732;686;79418;NA;99981;963;2021-02-27;76393
2021-02-26;"Trenčiansky kraj";420;32932;435;33367;NA;99981;855;2021-02-26;75430
2021-02-25;"Trenčiansky kraj";424;14029;328;14357;NA;99981;752;2021-02-25;74575
2021-02-24;"Trenčiansky kraj";427;12003;399;12402;NA;99981;826;2021-02-24;73823
2021-02-23;"Trenčiansky kraj";577;14904;390;15294;NA;99981;967;2021-02-23;72997
2021-02-22;"Trenčiansky kraj";160;19969;468;20437;NA;99981;628;2021-02-22;72030
2021-02-21;"Trenčiansky kraj";64;29478;392;29870;NA;99981;456;2021-02-21;71402
2021-02-20;"Trenčiansky kraj";274;77840;745;78585;NA;99981;1019;2021-02-20;70946
2021-02-19;"Trenčiansky kraj";272;30245;520;30765;NA;99981;792;2021-02-19;69927
2021-02-18;"Trenčiansky kraj";355;14378;410;14788;NA;99981;765;2021-02-18;69135
2021-02-17;"Trenčiansky kraj";363;11399;376;11775;NA;99981;739;2021-02-17;68370
2021-02-16;"Trenčiansky kraj";488;17761;406;18167;NA;99981;894;2021-02-16;67631
2021-02-15;"Trenčiansky kraj";151;21846;463;22309;NA;99981;614;2021-02-15;66737
2021-02-14;"Trenčiansky kraj";2;31255;324;31579;NA;99981;326;2021-02-14;66123
2021-02-13;"Trenčiansky kraj";274;63006;522;63528;NA;99981;796;2021-02-13;65797
2021-02-12;"Trenčiansky kraj";276;27966;412;28378;NA;99981;688;2021-02-12;65001
2021-02-11;"Trenčiansky kraj";291;11566;323;11889;NA;99981;614;2021-02-11;64313
2021-02-10;"Trenčiansky kraj";304;11402;317;11719;NA;99981;621;2021-02-10;63699
2021-02-09;"Trenčiansky kraj";514;18401;360;18761;NA;99981;874;2021-02-09;63078
2021-02-08;"Trenčiansky kraj";182;26972;430;27402;NA;99981;612;2021-02-08;62204
2021-02-07;"Trenčiansky kraj";31;36772;341;37113;NA;99981;372;2021-02-07;61592
2021-02-06;"Trenčiansky kraj";216;63931;560;64491;NA;99981;776;2021-02-06;61220
2021-02-05;"Trenčiansky kraj";202;18154;367;18521;NA;99981;569;2021-02-05;60444
2021-02-04;"Trenčiansky kraj";266;7248;311;7559;NA;99981;577;2021-02-04;59875
2021-02-03;"Trenčiansky kraj";162;6677;320;6997;NA;99981;482;2021-02-03;59298
2021-02-02;"Trenčiansky kraj";347;8058;380;8438;NA;99981;727;2021-02-02;58816
2021-02-01;"Trenčiansky kraj";167;8917;311;9228;NA;99981;478;2021-02-01;58089
2021-01-31;"Trenčiansky kraj";7;19103;159;19262;NA;99981;166;2021-01-31;57611
2021-01-30;"Trenčiansky kraj";228;38167;332;38499;NA;99981;560;2021-01-30;57445
2021-01-29;"Trenčiansky kraj";214;7586;235;7821;NA;99981;449;2021-01-29;56885
2021-01-28;"Trenčiansky kraj";307;5442;158;5600;NA;99981;465;2021-01-28;56436
2021-01-27;"Trenčiansky kraj";166;4842;181;5023;NA;99981;347;2021-01-27;55971
2021-01-26;"Trenčiansky kraj";303;14585;250;14835;NA;99981;553;2021-01-26;55624
2021-01-25;"Trenčiansky kraj";160;24302;207;24509;NA;99981;367;2021-01-25;55071
2021-01-24;"Trenčiansky kraj";51;38369;282;38651;NA;99981;333;2021-01-24;54704
2021-01-23;"Trenčiansky kraj";206;114125;749;114874;NA;99981;955;2021-01-23;54371
2021-01-22;"Trenčiansky kraj";148;21833;242;22075;NA;99981;390;2021-01-22;53416
2021-01-21;"Trenčiansky kraj";143;8582;166;8748;NA;99981;309;2021-01-21;53026
2021-01-20;"Trenčiansky kraj";181;8189;227;8416;NA;99981;408;2021-01-20;52717
2021-01-19;"Trenčiansky kraj";363;6618;262;6880;NA;99981;625;2021-01-19;52309
2021-01-18;"Trenčiansky kraj";72;4970;321;5291;NA;99981;393;2021-01-18;51684
2021-01-17;"Trenčiansky kraj";124;156;11;167;NA;99981;135;2021-01-17;51291
2021-01-16;"Trenčiansky kraj";39;1288;53;1341;NA;99981;92;2021-01-16;51156
2021-01-15;"Trenčiansky kraj";264;4029;218;4247;NA;99981;482;2021-01-15;51064
2021-01-14;"Trenčiansky kraj";275;3193;189;3382;NA;99981;464;2021-01-14;50582
2021-01-13;"Trenčiansky kraj";222;3893;215;4108;NA;99981;437;2021-01-13;50118
2021-01-12;"Trenčiansky kraj";508;4604;261;4865;NA;99981;769;2021-01-12;49681
2021-01-11;"Trenčiansky kraj";142;4367;354;4721;NA;99981;496;2021-01-11;48912
2021-01-10;"Trenčiansky kraj";89;4969;77;5046;NA;99981;166;2021-01-10;48416
2021-01-09;"Trenčiansky kraj";276;8280;128;8408;NA;99981;404;2021-01-09;48250
2021-01-08;"Trenčiansky kraj";489;6434;484;6918;NA;99981;973;2021-01-08;47846
2021-01-07;"Trenčiansky kraj";420;6138;577;6715;NA;99981;997;2021-01-07;46873
2021-01-06;"Trenčiansky kraj";221;1021;64;1085;NA;99981;285;2021-01-06;45876
2021-01-05;"Trenčiansky kraj";669;5753;706;6459;NA;99981;1375;2021-01-05;45591
2021-01-04;"Trenčiansky kraj";337;5248;782;6030;NA;99981;1119;2021-01-04;44216
2021-01-03;"Trenčiansky kraj";38;114;15;129;NA;99981;53;2021-01-03;43097
2021-01-02;"Trenčiansky kraj";129;196;23;219;NA;99981;152;2021-01-02;43044
2021-01-01;"Trenčiansky kraj";329;347;23;370;NA;99981;352;2021-01-01;42892
2020-12-31;"Trenčiansky kraj";597;4943;557;5500;NA;99981;1154;2020-12-31;42540
2020-12-30;"Trenčiansky kraj";836;7012;762;7774;NA;99981;1598;2020-12-30;41386
2020-12-29;"Trenčiansky kraj";459;6191;1018;7209;NA;99981;1477;2020-12-29;39788
2020-12-28;"Trenčiansky kraj";258;4195;777;4972;NA;99981;1035;2020-12-28;38311
2020-12-27;"Trenčiansky kraj";5;208;36;244;NA;99981;41;2020-12-27;37276
2020-12-26;"Trenčiansky kraj";174;74;10;84;NA;99981;184;2020-12-26;37235
2020-12-25;"Trenčiansky kraj";251;325;47;372;NA;99981;298;2020-12-25;37051
2020-12-24;"Trenčiansky kraj";552;2194;256;2450;NA;99981;808;2020-12-24;36753
2020-12-23;"Trenčiansky kraj";421;6552;661;7213;NA;99981;1082;2020-12-23;35945
2020-12-22;"Trenčiansky kraj";673;5760;694;6454;NA;99981;1367;2020-12-22;34863
2020-12-21;"Trenčiansky kraj";248;13321;956;14277;NA;99981;1204;2020-12-21;33496
2020-12-20;"Trenčiansky kraj";238;12504;292;12796;NA;99981;530;2020-12-20;32292
2020-12-19;"Trenčiansky kraj";341;1611;150;1761;NA;99981;491;2020-12-19;31762
2020-12-18;"Trenčiansky kraj";521;5199;615;5814;NA;99981;1136;2020-12-18;31271
2020-12-17;"Trenčiansky kraj";670;3843;524;4367;NA;99981;1194;2020-12-17;30135
2020-12-16;"Trenčiansky kraj";461;4464;647;5111;NA;99981;1108;2020-12-16;28941
2020-12-15;"Trenčiansky kraj";595;3805;670;4475;NA;99981;1265;2020-12-15;27833
2020-12-14;"Trenčiansky kraj";318;3194;613;3807;NA;99981;931;2020-12-14;26568
2020-12-13;"Trenčiansky kraj";77;49;6;55;NA;99981;83;2020-12-13;25637
2020-12-12;"Trenčiansky kraj";314;1191;132;1323;NA;99981;446;2020-12-12;25554
2020-12-11;"Trenčiansky kraj";751;4066;479;4545;NA;99981;1230;2020-12-11;25108
2020-12-10;"Trenčiansky kraj";271;3354;473;3827;NA;99981;744;2020-12-10;23878
2020-12-09;"Trenčiansky kraj";508;3788;466;4254;NA;99981;974;2020-12-09;23134
2020-12-08;"Trenčiansky kraj";546;3440;522;3962;NA;99981;1068;2020-12-08;22160
2020-12-07;"Trenčiansky kraj";258;3832;468;4300;NA;99981;726;2020-12-07;21092
2020-12-06;"Trenčiansky kraj";114;187;11;198;NA;99981;125;2020-12-06;20366
2020-12-05;"Trenčiansky kraj";223;616;56;672;NA;99981;279;2020-12-05;20241
2020-12-04;"Trenčiansky kraj";253;2989;273;3262;NA;99981;526;2020-12-04;19962
2020-12-03;"Trenčiansky kraj";503;1739;179;1918;NA;99981;682;2020-12-03;19436
2020-12-02;"Trenčiansky kraj";418;1887;232;2119;NA;99981;650;2020-12-02;18754
2020-12-01;"Trenčiansky kraj";321;5705;353;6058;NA;99981;674;2020-12-01;18104
2020-11-30;"Trenčiansky kraj";167;11514;520;12034;NA;99981;687;2020-11-30;17430
2020-11-29;"Trenčiansky kraj";29;30;5;35;NA;99981;34;2020-11-29;16743
2020-11-28;"Trenčiansky kraj";202;1051;93;1144;NA;99981;295;2020-11-28;16709
2020-11-27;"Trenčiansky kraj";330;1888;186;2074;NA;99981;516;2020-11-27;16414
2020-11-26;"Trenčiansky kraj";395;1252;122;1374;NA;99981;517;2020-11-26;15898
2020-11-25;"Trenčiansky kraj";322;1444;160;1604;NA;99981;482;2020-11-25;15381
2020-11-24;"Trenčiansky kraj";348;2553;308;2861;NA;99981;656;2020-11-24;14899
2020-11-23;"Trenčiansky kraj";159;1186;122;1308;NA;99981;281;2020-11-23;14243
2020-11-22;"Trenčiansky kraj";26;30;7;37;NA;99981;33;2020-11-22;13962
2020-11-21;"Trenčiansky kraj";255;1376;69;1445;NA;99981;324;2020-11-21;13929
2020-11-20;"Trenčiansky kraj";316;861;93;954;NA;99981;409;2020-11-20;13605
2020-11-19;"Trenčiansky kraj";316;740;113;853;NA;99981;429;2020-11-19;13196
2020-11-18;"Trenčiansky kraj";233;379;66;445;NA;99981;299;2020-11-18;12767
2020-11-17;"Trenčiansky kraj";222;106;15;121;NA;99981;237;2020-11-17;12468
2020-11-16;"Trenčiansky kraj";245;236;45;281;NA;99981;290;2020-11-16;12231
2020-11-15;"Trenčiansky kraj";109;29;6;35;NA;99981;115;2020-11-15;11941
2020-11-14;"Trenčiansky kraj";190;74;11;85;NA;99981;201;2020-11-14;11826
2020-11-13;"Trenčiansky kraj";308;131;13;144;NA;99981;321;2020-11-13;11625
2020-11-12;"Trenčiansky kraj";324;124;5;129;NA;99981;329;2020-11-12;11304
2020-11-11;"Trenčiansky kraj";366;113;10;123;NA;99981;376;2020-11-11;10975
2020-11-10;"Trenčiansky kraj";277;106;6;112;NA;99981;283;2020-11-10;10599
2020-11-09;"Trenčiansky kraj";115;1407;48;1455;NA;99981;163;2020-11-09;10316
2020-11-08;"Trenčiansky kraj";81;1271;8;1279;NA;99981;89;2020-11-08;10153
2020-11-07;"Trenčiansky kraj";319;3662;59;3721;NA;99981;378;2020-11-07;10064
2020-11-06;"Trenčiansky kraj";383;6893;84;6977;NA;99981;467;2020-11-06;9686
2020-11-05;"Trenčiansky kraj";399;98;15;113;NA;99981;414;2020-11-05;9219
2020-11-04;"Trenčiansky kraj";370;91;9;100;NA;99981;379;2020-11-04;8805
2020-11-03;"Trenčiansky kraj";575;97;8;105;NA;99981;583;2020-11-03;8426
2020-11-02;"Trenčiansky kraj";197;1833;68;1901;NA;99981;265;2020-11-02;7843
2020-11-01;"Trenčiansky kraj";257;808;24;832;NA;99981;281;2020-11-01;7578
2020-10-31;"Trenčiansky kraj";332;4719;82;4801;NA;99981;414;2020-10-31;7297
2020-10-30;"Trenčiansky kraj";299;5283;102;5385;NA;99981;401;2020-10-30;6883
2020-10-29;"Trenčiansky kraj";496;764;68;832;NA;99981;564;2020-10-29;6482
2020-10-28;"Trenčiansky kraj";269;192;33;225;NA;99981;302;2020-10-28;5918
2020-10-27;"Trenčiansky kraj";473;127;27;154;NA;99981;500;2020-10-27;5616
2020-10-26;"Trenčiansky kraj";177;107;36;143;NA;99981;213;2020-10-26;5116
2020-10-25;"Trenčiansky kraj";138;9;5;14;NA;99981;143;2020-10-25;4903
2020-10-24;"Trenčiansky kraj";395;128;6;134;NA;99981;401;2020-10-24;4760
2020-10-23;"Trenčiansky kraj";301;154;8;162;NA;99981;309;2020-10-23;4359
2020-10-22;"Trenčiansky kraj";273;82;12;94;NA;99981;285;2020-10-22;4050
2020-10-21;"Trenčiansky kraj";183;53;9;62;NA;99981;192;2020-10-21;3765
2020-10-20;"Trenčiansky kraj";212;47;6;53;NA;99981;218;2020-10-20;3573
2020-10-19;"Trenčiansky kraj";41;83;25;108;NA;99981;66;2020-10-19;3355
2020-10-18;"Trenčiansky kraj";104;0;0;0;NA;99981;104;2020-10-18;3289
2020-10-17;"Trenčiansky kraj";157;0;0;0;NA;99981;157;2020-10-17;3185
2020-10-16;"Trenčiansky kraj";225;42;6;48;NA;99981;231;2020-10-16;3028
2020-10-15;"Trenčiansky kraj";255;39;4;43;NA;99981;259;2020-10-15;2797
2020-10-14;"Trenčiansky kraj";162;42;7;49;NA;99981;169;2020-10-14;2538
2020-10-13;"Trenčiansky kraj";124;105;12;117;NA;99981;136;2020-10-13;2369
2020-10-12;"Trenčiansky kraj";55;0;0;0;NA;99981;55;2020-10-12;2233
2020-10-11;"Trenčiansky kraj";73;0;0;0;NA;99981;73;2020-10-11;2178
2020-10-10;"Trenčiansky kraj";180;0;0;0;NA;99981;180;2020-10-10;2105
2020-10-09;"Trenčiansky kraj";198;0;0;0;NA;99981;198;2020-10-09;1925
2020-10-08;"Trenčiansky kraj";115;0;0;0;NA;99981;115;2020-10-08;1727
2020-10-07;"Trenčiansky kraj";75;0;0;0;NA;99981;75;2020-10-07;1612
2020-10-06;"Trenčiansky kraj";72;0;0;0;NA;99981;72;2020-10-06;1537
2020-10-05;"Trenčiansky kraj";32;0;0;0;NA;99981;32;2020-10-05;1465
2020-10-04;"Trenčiansky kraj";37;0;0;0;NA;99981;37;2020-10-04;1433
2020-10-03;"Trenčiansky kraj";79;0;0;0;NA;99981;79;2020-10-03;1396
2020-10-02;"Trenčiansky kraj";69;0;0;0;NA;99981;69;2020-10-02;1317
2020-10-01;"Trenčiansky kraj";58;0;0;0;NA;99981;58;2020-10-01;1248
2020-09-30;"Trenčiansky kraj";76;0;0;0;NA;99981;76;2020-09-30;1190
2020-09-29;"Trenčiansky kraj";43;0;0;0;NA;99981;43;2020-09-29;1114
2020-09-28;"Trenčiansky kraj";7;0;0;0;NA;99981;7;2020-09-28;1071
2020-09-27;"Trenčiansky kraj";12;0;0;0;NA;99981;12;2020-09-27;1064
2020-09-26;"Trenčiansky kraj";37;0;0;0;NA;99981;37;2020-09-26;1052
2020-09-25;"Trenčiansky kraj";72;0;0;0;NA;99981;72;2020-09-25;1015
2020-09-24;"Trenčiansky kraj";41;0;0;0;NA;99981;41;2020-09-24;943
2020-09-23;"Trenčiansky kraj";32;0;0;0;NA;99981;32;2020-09-23;902
2020-09-22;"Trenčiansky kraj";26;0;0;0;NA;99981;26;2020-09-22;870
2020-09-21;"Trenčiansky kraj";23;0;0;0;NA;99981;23;2020-09-21;844
2020-09-20;"Trenčiansky kraj";21;0;0;0;NA;99981;21;2020-09-20;821
2020-09-19;"Trenčiansky kraj";20;0;0;0;NA;99981;20;2020-09-19;800
2020-09-18;"Trenčiansky kraj";41;0;0;0;NA;99981;41;2020-09-18;780
2020-09-17;"Trenčiansky kraj";20;0;0;0;NA;99981;20;2020-09-17;739
2020-09-16;"Trenčiansky kraj";14;0;0;0;NA;99981;14;2020-09-16;719
2020-09-15;"Trenčiansky kraj";8;0;0;0;NA;99981;8;2020-09-15;705
2020-09-14;"Trenčiansky kraj";5;0;0;0;NA;99981;5;2020-09-14;697
2020-09-13;"Trenčiansky kraj";12;0;0;0;NA;99981;12;2020-09-13;692
2020-09-12;"Trenčiansky kraj";2;0;0;0;NA;99981;2;2020-09-12;680
2020-09-11;"Trenčiansky kraj";27;0;0;0;NA;99981;27;2020-09-11;678
2020-09-10;"Trenčiansky kraj";15;0;0;0;NA;99981;15;2020-09-10;651
2020-09-09;"Trenčiansky kraj";11;0;0;0;NA;99981;11;2020-09-09;636
2020-09-08;"Trenčiansky kraj";12;0;0;0;NA;99981;12;2020-09-08;625
2020-09-07;"Trenčiansky kraj";6;0;0;0;NA;99981;6;2020-09-07;613
2020-09-06;"Trenčiansky kraj";1;0;0;0;NA;99981;1;2020-09-06;607
2020-09-05;"Trenčiansky kraj";3;0;0;0;NA;99981;3;2020-09-05;606
2020-09-04;"Trenčiansky kraj";9;0;0;0;NA;99981;9;2020-09-04;603
2020-09-03;"Trenčiansky kraj";10;0;0;0;NA;99981;10;2020-09-03;594
2020-09-02;"Trenčiansky kraj";5;0;0;0;NA;99981;5;2020-09-02;584
2020-09-01;"Trenčiansky kraj";1;0;0;0;NA;99981;1;2020-09-01;579
2020-08-31;"Trenčiansky kraj";12;0;0;0;NA;99981;12;2020-08-31;578
2020-08-30;"Trenčiansky kraj";0;0;0;0;NA;99981;0;2020-08-30;566
2020-08-29;"Trenčiansky kraj";1;0;0;0;NA;99981;1;2020-08-29;566
2020-08-28;"Trenčiansky kraj";12;0;0;0;NA;99981;12;2020-08-28;565
2020-08-27;"Trenčiansky kraj";10;0;0;0;NA;99981;10;2020-08-27;553
2020-08-26;"Trenčiansky kraj";15;0;0;0;NA;99981;15;2020-08-26;543
2020-08-25;"Trenčiansky kraj";12;0;0;0;NA;99981;12;2020-08-25;528
2020-08-24;"Trenčiansky kraj";4;0;0;0;NA;99981;4;2020-08-24;516
2020-08-23;"Trenčiansky kraj";5;0;0;0;NA;99981;5;2020-08-23;512
2020-08-22;"Trenčiansky kraj";6;0;0;0;NA;99981;6;2020-08-22;507
2020-08-21;"Trenčiansky kraj";6;0;0;0;NA;99981;6;2020-08-21;501
2020-08-20;"Trenčiansky kraj";20;0;0;0;NA;99981;20;2020-08-20;495
2020-08-19;"Trenčiansky kraj";17;0;0;0;NA;99981;17;2020-08-19;475
2020-08-18;"Trenčiansky kraj";9;0;0;0;NA;99981;9;2020-08-18;458
2020-08-17;"Trenčiansky kraj";4;0;0;0;NA;99981;4;2020-08-17;449
2020-08-16;"Trenčiansky kraj";0;0;0;0;NA;99981;0;2020-08-16;445
2020-08-15;"Trenčiansky kraj";9;0;0;0;NA;99981;9;2020-08-15;445
2020-08-14;"Trenčiansky kraj";15;0;0;0;NA;99981;15;2020-08-14;436
2020-08-13;"Trenčiansky kraj";23;0;0;0;NA;99981;23;2020-08-13;421
2020-08-12;"Trenčiansky kraj";6;0;0;0;NA;99981;6;2020-08-12;398
2020-08-11;"Trenčiansky kraj";7;0;0;0;NA;99981;7;2020-08-11;392
2020-08-10;"Trenčiansky kraj";9;0;0;0;NA;99981;9;2020-08-10;385
2020-08-09;"Trenčiansky kraj";1;0;0;0;NA;99981;1;2020-08-09;376
2020-08-08;"Trenčiansky kraj";4;0;0;0;NA;99981;4;2020-08-08;375
2020-08-07;"Trenčiansky kraj";4;0;0;0;NA;99981;4;2020-08-07;371
2020-08-06;"Trenčiansky kraj";13;0;0;0;NA;99981;13;2020-08-06;367
2020-08-05;"Trenčiansky kraj";39;0;0;0;NA;99981;39;2020-08-05;354
2020-08-04;"Trenčiansky kraj";9;0;0;0;NA;99981;9;2020-08-04;315
2020-08-03;"Trenčiansky kraj";0;0;0;0;NA;99981;0;2020-08-03;306
2020-08-02;"Trenčiansky kraj";2;0;0;0;NA;99981;2;2020-08-02;306
2020-08-01;"Trenčiansky kraj";6;0;0;0;NA;99981;6;2020-08-01;304
2020-07-31;"Trenčiansky kraj";16;0;0;0;NA;99981;16;2020-07-31;298
2020-07-30;"Trenčiansky kraj";4;0;0;0;NA;99981;4;2020-07-30;282
2020-07-29;"Trenčiansky kraj";5;0;0;0;NA;99981;5;2020-07-29;278
2020-07-28;"Trenčiansky kraj";11;0;0;0;NA;99981;11;2020-07-28;273
2020-07-27;"Trenčiansky kraj";4;0;0;0;NA;99981;4;2020-07-27;262
2020-07-26;"Trenčiansky kraj";1;0;0;0;NA;99981;1;2020-07-26;258
2020-07-25;"Trenčiansky kraj";7;0;0;0;NA;99981;7;2020-07-25;257
2020-07-24;"Trenčiansky kraj";5;0;0;0;NA;99981;5;2020-07-24;250
2020-07-23;"Trenčiansky kraj";10;0;0;0;NA;99981;10;2020-07-23;245
2020-07-22;"Trenčiansky kraj";11;0;0;0;NA;99981;11;2020-07-22;235
2020-07-21;"Trenčiansky kraj";6;0;0;0;NA;99981;6;2020-07-21;224
2020-07-20;"Trenčiansky kraj";13;0;0;0;NA;99981;13;2020-07-20;218
2020-07-19;"Trenčiansky kraj";0;0;0;0;NA;99981;0;2020-07-19;205
2020-07-18;"Trenčiansky kraj";0;0;0;0;NA;99981;0;2020-07-18;205
2020-07-17;"Trenčiansky kraj";1;0;0;0;NA;99981;1;2020-07-17;205
2020-07-16;"Trenčiansky kraj";0;0;0;0;NA;99981;0;2020-07-16;204
2020-07-15;"Trenčiansky kraj";2;0;0;0;NA;99981;2;2020-07-15;204
2020-07-14;"Trenčiansky kraj";8;0;0;0;NA;99981;8;2020-07-14;202
2020-07-13;"Trenčiansky kraj";1;0;0;0;NA;99981;1;2020-07-13;194
2020-07-12;"Trenčiansky kraj";0;0;0;0;NA;99981;0;2020-07-12;193
2020-07-11;"Trenčiansky kraj";0;0;0;0;NA;99981;0;2020-07-11;193
2020-07-10;"Trenčiansky kraj";3;0;0;0;NA;99981;3;2020-07-10;193
2020-07-09;"Trenčiansky kraj";2;0;0;0;NA;99981;2;2020-07-09;190
2020-07-08;"Trenčiansky kraj";1;0;0;0;NA;99981;1;2020-07-08;188
2020-07-07;"Trenčiansky kraj";9;0;0;0;NA;99981;9;2020-07-07;187
2020-07-06;"Trenčiansky kraj";1;0;0;0;NA;99981;1;2020-07-06;178
2020-07-05;"Trenčiansky kraj";1;0;0;0;NA;99981;1;2020-07-05;177
2020-07-04;"Trenčiansky kraj";0;0;0;0;NA;99981;0;2020-07-04;176
2020-07-03;"Trenčiansky kraj";2;0;0;0;NA;99981;2;2020-07-03;176
2020-07-02;"Trenčiansky kraj";10;0;0;0;NA;99981;10;2020-07-02;174
2020-07-01;"Trenčiansky kraj";1;0;0;0;NA;99981;1;2020-07-01;164
2020-06-30;"Trenčiansky kraj";6;0;0;0;NA;99981;6;2020-06-30;163
2020-06-29;"Trenčiansky kraj";1;0;0;0;NA;99981;1;2020-06-29;157
2020-06-28;"Trenčiansky kraj";0;0;0;0;NA;99981;0;2020-06-28;156
2020-06-27;"Trenčiansky kraj";0;0;0;0;NA;99981;0;2020-06-27;156
2020-06-26;"Trenčiansky kraj";0;0;0;0;NA;99981;0;2020-06-26;156
2020-06-25;"Trenčiansky kraj";2;0;0;0;NA;99981;2;2020-06-25;156
2020-06-24;"Trenčiansky kraj";1;0;0;0;NA;99981;1;2020-06-24;154
2020-06-23;"Trenčiansky kraj";0;0;0;0;NA;99981;0;2020-06-23;153
2020-06-22;"Trenčiansky kraj";0;0;0;0;NA;99981;0;2020-06-22;153
2020-06-21;"Trenčiansky kraj";0;0;0;0;NA;99981;0;2020-06-21;153
2020-06-20;"Trenčiansky kraj";0;0;0;0;NA;99981;0;2020-06-20;153
2020-06-19;"Trenčiansky kraj";0;0;0;0;NA;99981;0;2020-06-19;153
2020-06-18;"Trenčiansky kraj";0;0;0;0;NA;99981;0;2020-06-18;153
2020-06-17;"Trenčiansky kraj";0;0;0;0;NA;99981;0;2020-06-17;153
2020-06-16;"Trenčiansky kraj";0;0;0;0;NA;99981;0;2020-06-16;153
2020-06-14;"Trenčiansky kraj";0;0;0;0;NA;99981;0;2020-06-14;153
2020-06-13;"Trenčiansky kraj";0;0;0;0;NA;99981;0;2020-06-13;153
2020-06-12;"Trenčiansky kraj";0;0;0;0;NA;99981;0;2020-06-12;153
2020-06-11;"Trenčiansky kraj";0;0;0;0;NA;99981;0;2020-06-11;153
2020-06-10;"Trenčiansky kraj";1;0;0;0;NA;99981;1;2020-06-10;153
2020-06-09;"Trenčiansky kraj";0;0;0;0;NA;99981;0;2020-06-09;152
2020-06-08;"Trenčiansky kraj";0;0;0;0;NA;99981;0;2020-06-08;152
2020-06-07;"Trenčiansky kraj";0;0;0;0;NA;99981;0;2020-06-07;152
2020-06-05;"Trenčiansky kraj";0;0;0;0;NA;99981;0;2020-06-05;152
2020-06-03;"Trenčiansky kraj";0;0;0;0;NA;99981;0;2020-06-03;152
2020-06-02;"Trenčiansky kraj";0;0;0;0;NA;99981;0;2020-06-02;152
2020-05-31;"Trenčiansky kraj";0;0;0;0;NA;99981;0;2020-05-31;152
2020-05-29;"Trenčiansky kraj";0;0;0;0;NA;99981;0;2020-05-29;152
2020-05-27;"Trenčiansky kraj";2;0;0;0;NA;99981;2;2020-05-27;152
2020-05-26;"Trenčiansky kraj";0;0;0;0;NA;99981;0;2020-05-26;150
2020-05-25;"Trenčiansky kraj";0;0;0;0;NA;99981;0;2020-05-25;150
2020-05-24;"Trenčiansky kraj";0;0;0;0;NA;99981;0;2020-05-24;150
2020-05-23;"Trenčiansky kraj";0;0;0;0;NA;99981;0;2020-05-23;150
2020-05-22;"Trenčiansky kraj";0;0;0;0;NA;99981;0;2020-05-22;150
2020-05-21;"Trenčiansky kraj";0;0;0;0;NA;99981;0;2020-05-21;150
2020-05-20;"Trenčiansky kraj";0;0;0;0;NA;99981;0;2020-05-20;150
2020-05-19;"Trenčiansky kraj";0;0;0;0;NA;99981;0;2020-05-19;150
2020-05-17;"Trenčiansky kraj";0;0;0;0;NA;99981;0;2020-05-17;150
2020-05-16;"Trenčiansky kraj";0;0;0;0;NA;99981;0;2020-05-16;150
2020-05-15;"Trenčiansky kraj";1;0;0;0;NA;99981;1;2020-05-15;150
2020-05-14;"Trenčiansky kraj";2;0;0;0;NA;99981;2;2020-05-14;149
2020-05-13;"Trenčiansky kraj";1;0;0;0;NA;99981;1;2020-05-13;147
2020-05-12;"Trenčiansky kraj";1;0;0;0;NA;99981;1;2020-05-12;146
2020-05-11;"Trenčiansky kraj";3;0;0;0;NA;99981;3;2020-05-11;145
2020-05-09;"Trenčiansky kraj";2;0;0;0;NA;99981;2;2020-05-09;142
2020-05-07;"Trenčiansky kraj";6;0;0;0;NA;99981;6;2020-05-07;140
2020-05-06;"Trenčiansky kraj";0;0;0;0;NA;99981;0;2020-05-06;134
2020-05-05;"Trenčiansky kraj";2;0;0;0;NA;99981;2;2020-05-05;134
2020-05-04;"Trenčiansky kraj";0;0;0;0;NA;99981;0;2020-05-04;132
2020-05-03;"Trenčiansky kraj";0;0;0;0;NA;99981;0;2020-05-03;132
2020-05-02;"Trenčiansky kraj";0;0;0;0;NA;99981;0;2020-05-02;132
2020-05-01;"Trenčiansky kraj";0;0;0;0;NA;99981;0;2020-05-01;132
2020-04-30;"Trenčiansky kraj";0;0;0;0;NA;99981;0;2020-04-30;132
2020-04-29;"Trenčiansky kraj";2;0;0;0;NA;99981;2;2020-04-29;132
2020-04-28;"Trenčiansky kraj";1;0;0;0;NA;99981;1;2020-04-28;130
2020-04-27;"Trenčiansky kraj";0;0;0;0;NA;99981;0;2020-04-27;129
2020-04-26;"Trenčiansky kraj";1;0;0;0;NA;99981;1;2020-04-26;129
2020-04-25;"Trenčiansky kraj";0;0;0;0;NA;99981;0;2020-04-25;128
2020-04-24;"Trenčiansky kraj";0;0;0;0;NA;99981;0;2020-04-24;128
2020-04-23;"Trenčiansky kraj";11;0;0;0;NA;99981;11;2020-04-23;128
2020-04-22;"Trenčiansky kraj";1;0;0;0;NA;99981;1;2020-04-22;117
2020-04-21;"Trenčiansky kraj";11;0;0;0;NA;99981;11;2020-04-21;116
2020-04-20;"Trenčiansky kraj";15;0;0;0;NA;99981;15;2020-04-20;105
2020-04-19;"Trenčiansky kraj";2;0;0;0;NA;99981;2;2020-04-19;90
2020-04-18;"Trenčiansky kraj";3;0;0;0;NA;99981;3;2020-04-18;88
2020-04-17;"Trenčiansky kraj";4;0;0;0;NA;99981;4;2020-04-17;85
2020-04-16;"Trenčiansky kraj";10;0;0;0;NA;99981;10;2020-04-16;81
2020-04-15;"Trenčiansky kraj";4;0;0;0;NA;99981;4;2020-04-15;71
2020-04-14;"Trenčiansky kraj";0;0;0;0;NA;99981;0;2020-04-14;67
2020-04-13;"Trenčiansky kraj";1;0;0;0;NA;99981;1;2020-04-13;67
2020-04-12;"Trenčiansky kraj";2;0;0;0;NA;99981;2;2020-04-12;66
2020-04-11;"Trenčiansky kraj";3;0;0;0;NA;99981;3;2020-04-11;64
2020-04-10;"Trenčiansky kraj";0;0;0;0;NA;99981;0;2020-04-10;61
2020-04-09;"Trenčiansky kraj";0;0;0;0;NA;99981;0;2020-04-09;61
2020-04-08;"Trenčiansky kraj";2;0;0;0;NA;99981;2;2020-04-08;61
2020-04-07;"Trenčiansky kraj";18;0;0;0;NA;99981;18;2020-04-07;59
2020-04-06;"Trenčiansky kraj";0;0;0;0;NA;99981;0;2020-04-06;41
2020-04-05;"Trenčiansky kraj";3;0;0;0;NA;99981;3;2020-04-05;41
2020-04-04;"Trenčiansky kraj";5;0;0;0;NA;99981;5;2020-04-04;38
2020-04-03;"Trenčiansky kraj";4;0;0;0;NA;99981;4;2020-04-03;33
2020-04-02;"Trenčiansky kraj";1;0;0;0;NA;99981;1;2020-04-02;29
2020-04-01;"Trenčiansky kraj";3;0;0;0;NA;99981;3;2020-04-01;28
2020-03-31;"Trenčiansky kraj";1;0;0;0;NA;99981;1;2020-03-31;25
2020-03-30;"Trenčiansky kraj";3;0;0;0;NA;99981;3;2020-03-30;24
2020-03-29;"Trenčiansky kraj";6;0;0;0;NA;99981;6;2020-03-29;21
2020-03-28;"Trenčiansky kraj";9;0;0;0;NA;99981;9;2020-03-28;15
2020-03-27;"Trenčiansky kraj";2;0;0;0;NA;99981;2;2020-03-27;6
2020-03-26;"Trenčiansky kraj";6;0;0;0;NA;99981;6;2020-03-26;4
2020-03-25;"Trenčiansky kraj";3;0;0;0;NA;99981;3;2020-03-25;-2
2020-03-24;"Trenčiansky kraj";1;0;0;0;NA;99981;1;2020-03-24;-5
2020-03-23;"Trenčiansky kraj";0;0;0;0;NA;99981;0;2020-03-23;-6
2020-03-22;"Trenčiansky kraj";0;0;0;0;NA;99981;0;2020-03-22;-6
2020-03-21;"Trenčiansky kraj";2;0;0;0;NA;99981;2;2020-03-21;-6
2020-03-20;"Trenčiansky kraj";2;0;0;0;NA;99981;2;2020-03-20;-8
2020-03-19;"Trenčiansky kraj";8;0;0;0;NA;99981;8;2020-03-19;-10
2020-03-18;"Trenčiansky kraj";0;0;0;0;NA;99981;0;2020-03-18;-18
2020-03-17;"Trenčiansky kraj";0;0;0;0;NA;99981;0;2020-03-17;-18
2020-03-16;"Trenčiansky kraj";1;0;0;0;NA;99981;1;2020-03-16;-18
2020-03-15;"Trenčiansky kraj";5;0;0;0;NA;99981;5;2020-03-15;-19
2020-03-14;"Trenčiansky kraj";0;0;0;0;NA;99981;0;2020-03-14;-24
2020-03-13;"Trenčiansky kraj";0;0;0;0;NA;99981;0;2020-03-13;-24
2020-03-12;"Trenčiansky kraj";1;0;0;0;NA;99981;1;2020-03-12;-24
2020-03-11;"Trenčiansky kraj";0;0;0;0;NA;99981;0;2020-03-11;-25
2020-03-09;"Trenčiansky kraj";0;0;0;0;NA;99981;0;2020-03-09;-25
2020-03-08;"Trenčiansky kraj";0;0;0;0;NA;99981;0;2020-03-08;-25
2020-03-07;"Trenčiansky kraj";0;0;0;0;NA;99981;0;2020-03-07;-25
2020-03-06;"Trenčiansky kraj";0;0;0;0;NA;99981;0;2020-03-06;-25
2021-05-16;"Trnavský kraj";10;8675;8;8683;45377;89413;18;2021-05-16;89413
2021-05-15;"Trnavský kraj";11;17762;14;17776;NA;89413;25;2021-05-15;89395
2021-05-14;"Trnavský kraj";34;10275;21;10296;NA;89413;55;2021-05-14;89370
2021-05-13;"Trnavský kraj";26;6911;12;6923;NA;89413;38;2021-05-13;89315
2021-05-12;"Trnavský kraj";34;6621;26;6647;NA;89413;60;2021-05-12;89277
2021-05-11;"Trnavský kraj";32;6386;13;6399;NA;89413;45;2021-05-11;89217
2021-05-10;"Trnavský kraj";58;9135;24;9159;NA;89413;82;2021-05-10;89172
2021-05-09;"Trnavský kraj";21;12557;12;12569;NA;89413;33;2021-05-09;89090
2021-05-08;"Trnavský kraj";4;23027;22;23049;NA;89413;26;2021-05-08;89057
2021-05-07;"Trnavský kraj";26;14947;30;14977;NA;89413;56;2021-05-07;89031
2021-05-06;"Trnavský kraj";22;8394;22;8416;NA;89413;44;2021-05-06;88975
2021-05-05;"Trnavský kraj";34;6218;22;6240;NA;89413;56;2021-05-05;88931
2021-05-04;"Trnavský kraj";51;8539;17;8556;NA;89413;68;2021-05-04;88875
2021-05-03;"Trnavský kraj";20;9439;22;9461;NA;89413;42;2021-05-03;88807
2021-05-02;"Trnavský kraj";0;24874;29;24903;NA;89413;29;2021-05-02;88765
2021-05-01;"Trnavský kraj";30;80256;63;80319;NA;89413;93;2021-05-01;88736
2021-04-30;"Trnavský kraj";45;26843;35;26878;NA;89413;80;2021-04-30;88643
2021-04-29;"Trnavský kraj";25;20323;28;20351;NA;89413;53;2021-04-29;88563
2021-04-28;"Trnavský kraj";46;8952;28;8980;NA;89413;74;2021-04-28;88510
2021-04-27;"Trnavský kraj";54;8739;37;8776;NA;89413;91;2021-04-27;88436
2021-04-26;"Trnavský kraj";53;16113;42;16155;NA;89413;95;2021-04-26;88345
2021-04-25;"Trnavský kraj";0;30166;24;30190;NA;89413;24;2021-04-25;88250
2021-04-24;"Trnavský kraj";46;124479;81;124560;NA;89413;127;2021-04-24;88226
2021-04-23;"Trnavský kraj";71;25622;53;25675;NA;89413;124;2021-04-23;88099
2021-04-22;"Trnavský kraj";40;10901;25;10926;NA;89413;65;2021-04-22;87975
2021-04-21;"Trnavský kraj";60;10728;45;10773;NA;89413;105;2021-04-21;87910
2021-04-20;"Trnavský kraj";57;13499;28;13527;NA;89413;85;2021-04-20;87805
2021-04-19;"Trnavský kraj";46;14584;18;14602;NA;89413;64;2021-04-19;87720
2021-04-18;"Trnavský kraj";7;40843;43;40886;NA;89413;50;2021-04-18;87656
2021-04-17;"Trnavský kraj";58;117871;89;117960;NA;89413;147;2021-04-17;87606
2021-04-16;"Trnavský kraj";67;25962;48;26010;NA;89413;115;2021-04-16;87459
2021-04-15;"Trnavský kraj";65;11373;36;11409;NA;89413;101;2021-04-15;87344
2021-04-14;"Trnavský kraj";78;18442;53;18495;NA;89413;131;2021-04-14;87243
2021-04-13;"Trnavský kraj";126;9831;44;9875;NA;89413;170;2021-04-13;87112
2021-04-12;"Trnavský kraj";40;15575;40;15615;NA;89413;80;2021-04-12;86942
2021-04-11;"Trnavský kraj";3;44417;44;44461;NA;89413;47;2021-04-11;86862
2021-04-10;"Trnavský kraj";60;124030;107;124137;NA;89413;167;2021-04-10;86815
2021-04-09;"Trnavský kraj";95;26280;34;26314;NA;89413;129;2021-04-09;86648
2021-04-08;"Trnavský kraj";85;10983;52;11035;NA;89413;137;2021-04-08;86519
2021-04-07;"Trnavský kraj";131;16040;81;16121;NA;89413;212;2021-04-07;86382
2021-04-06;"Trnavský kraj";92;20775;90;20865;NA;89413;182;2021-04-06;86170
2021-04-05;"Trnavský kraj";91;7571;17;7588;NA;89413;108;2021-04-05;85988
2021-04-04;"Trnavský kraj";9;28831;49;28880;NA;89413;58;2021-04-04;85880
2021-04-03;"Trnavský kraj";29;144276;187;144463;NA;89413;216;2021-04-03;85822
2021-04-02;"Trnavský kraj";91;17665;33;17698;NA;89413;124;2021-04-02;85606
2021-04-01;"Trnavský kraj";118;22272;70;22342;NA;89413;188;2021-04-01;85482
2021-03-31;"Trnavský kraj";140;15819;82;15901;NA;89413;222;2021-03-31;85294
2021-03-30;"Trnavský kraj";182;10482;79;10561;NA;89413;261;2021-03-30;85072
2021-03-29;"Trnavský kraj";126;19249;122;19371;NA;89413;248;2021-03-29;84811
2021-03-28;"Trnavský kraj";26;50792;134;50926;NA;89413;160;2021-03-28;84563
2021-03-27;"Trnavský kraj";64;129602;245;129847;NA;89413;309;2021-03-27;84403
2021-03-26;"Trnavský kraj";139;30217;130;30347;NA;89413;269;2021-03-26;84094
2021-03-25;"Trnavský kraj";135;14212;80;14292;NA;89413;215;2021-03-25;83825
2021-03-24;"Trnavský kraj";159;10521;89;10610;NA;89413;248;2021-03-24;83610
2021-03-23;"Trnavský kraj";221;12735;104;12839;NA;89413;325;2021-03-23;83362
2021-03-22;"Trnavský kraj";103;17068;110;17178;NA;89413;213;2021-03-22;83037
2021-03-21;"Trnavský kraj";31;49119;150;49269;NA;89413;181;2021-03-21;82824
2021-03-20;"Trnavský kraj";112;136567;317;136884;NA;89413;429;2021-03-20;82643
2021-03-19;"Trnavský kraj";174;29071;137;29208;NA;89413;311;2021-03-19;82214
2021-03-18;"Trnavský kraj";158;12217;136;12353;NA;89413;294;2021-03-18;81903
2021-03-17;"Trnavský kraj";245;10434;103;10537;NA;89413;348;2021-03-17;81609
2021-03-16;"Trnavský kraj";311;12811;135;12946;NA;89413;446;2021-03-16;81261
2021-03-15;"Trnavský kraj";127;18678;146;18824;NA;89413;273;2021-03-15;80815
2021-03-14;"Trnavský kraj";14;47608;164;47772;NA;89413;178;2021-03-14;80542
2021-03-13;"Trnavský kraj";155;139224;409;139633;NA;89413;564;2021-03-13;80364
2021-03-12;"Trnavský kraj";201;28559;181;28740;NA;89413;382;2021-03-12;79800
2021-03-11;"Trnavský kraj";204;13285;140;13425;NA;89413;344;2021-03-11;79418
2021-03-10;"Trnavský kraj";242;10583;135;10718;NA;89413;377;2021-03-10;79074
2021-03-09;"Trnavský kraj";442;12820;155;12975;NA;89413;597;2021-03-09;78697
2021-03-08;"Trnavský kraj";182;21825;166;21991;NA;89413;348;2021-03-08;78100
2021-03-07;"Trnavský kraj";30;45463;227;45690;NA;89413;257;2021-03-07;77752
2021-03-06;"Trnavský kraj";154;135635;531;136166;NA;89413;685;2021-03-06;77495
2021-03-05;"Trnavský kraj";299;28620;243;28863;NA;89413;542;2021-03-05;76810
2021-03-04;"Trnavský kraj";238;14489;175;14664;NA;89413;413;2021-03-04;76268
2021-03-03;"Trnavský kraj";413;11566;246;11812;NA;89413;659;2021-03-03;75855
2021-03-02;"Trnavský kraj";477;12347;191;12538;NA;89413;668;2021-03-02;75196
2021-03-01;"Trnavský kraj";189;18587;234;18821;NA;89413;423;2021-03-01;74528
2021-02-28;"Trnavský kraj";87;47709;321;48030;NA;89413;408;2021-02-28;74105
2021-02-27;"Trnavský kraj";264;140725;804;141529;NA;89413;1068;2021-02-27;73697
2021-02-26;"Trnavský kraj";362;26815;286;27101;NA;89413;648;2021-02-26;72629
2021-02-25;"Trnavský kraj";433;10490;227;10717;NA;89413;660;2021-02-25;71981
2021-02-24;"Trnavský kraj";407;9110;290;9400;NA;89413;697;2021-02-24;71321
2021-02-23;"Trnavský kraj";469;11322;284;11606;NA;89413;753;2021-02-23;70624
2021-02-22;"Trnavský kraj";206;19896;330;20226;NA;89413;536;2021-02-22;69871
2021-02-21;"Trnavský kraj";38;48221;329;48550;NA;89413;367;2021-02-21;69335
2021-02-20;"Trnavský kraj";273;135835;859;136694;NA;89413;1132;2021-02-20;68968
2021-02-19;"Trnavský kraj";335;26982;347;27329;NA;89413;682;2021-02-19;67836
2021-02-18;"Trnavský kraj";344;11263;348;11611;NA;89413;692;2021-02-18;67154
2021-02-17;"Trnavský kraj";431;8781;416;9197;NA;89413;847;2021-02-17;66462
2021-02-16;"Trnavský kraj";426;11413;295;11708;NA;89413;721;2021-02-16;65615
2021-02-15;"Trnavský kraj";146;18075;291;18366;NA;89413;437;2021-02-15;64894
2021-02-14;"Trnavský kraj";51;57642;495;58137;NA;89413;546;2021-02-14;64457
2021-02-13;"Trnavský kraj";218;137051;994;138045;NA;89413;1212;2021-02-13;63911
2021-02-12;"Trnavský kraj";300;23682;336;24018;NA;89413;636;2021-02-12;62699
2021-02-11;"Trnavský kraj";422;9911;360;10271;NA;89413;782;2021-02-11;62063
2021-02-10;"Trnavský kraj";511;9334;344;9678;NA;89413;855;2021-02-10;61281
2021-02-09;"Trnavský kraj";544;12752;369;13121;NA;89413;913;2021-02-09;60426
2021-02-08;"Trnavský kraj";220;33539;498;34037;NA;89413;718;2021-02-08;59513
2021-02-07;"Trnavský kraj";140;68646;623;69269;NA;89413;763;2021-02-07;58795
2021-02-06;"Trnavský kraj";348;112687;1482;114169;NA;89413;1830;2021-02-06;58032
2021-02-05;"Trnavský kraj";377;16063;373;16436;NA;89413;750;2021-02-05;56202
2021-02-04;"Trnavský kraj";456;7317;456;7773;NA;89413;912;2021-02-04;55452
2021-02-03;"Trnavský kraj";472;6584;434;7018;NA;89413;906;2021-02-03;54540
2021-02-02;"Trnavský kraj";446;14240;424;14664;NA;89413;870;2021-02-02;53634
2021-02-01;"Trnavský kraj";198;38882;679;39561;NA;89413;877;2021-02-01;52764
2021-01-31;"Trnavský kraj";19;64671;817;65488;NA;89413;836;2021-01-31;51887
2021-01-30;"Trnavský kraj";323;111483;1288;112771;NA;89413;1611;2021-01-30;51051
2021-01-29;"Trnavský kraj";421;9690;290;9980;NA;89413;711;2021-01-29;49440
2021-01-28;"Trnavský kraj";389;5815;286;6101;NA;89413;675;2021-01-28;48729
2021-01-27;"Trnavský kraj";433;5300;219;5519;NA;89413;652;2021-01-27;48054
2021-01-26;"Trnavský kraj";565;25392;636;26028;NA;89413;1201;2021-01-26;47402
2021-01-25;"Trnavský kraj";210;41420;607;42027;NA;89413;817;2021-01-25;46201
2021-01-24;"Trnavský kraj";91;66399;779;67178;NA;89413;870;2021-01-24;45384
2021-01-23;"Trnavský kraj";372;117933;1349;119282;NA;89413;1721;2021-01-23;44514
2021-01-22;"Trnavský kraj";217;33122;507;33629;NA;89413;724;2021-01-22;42793
2021-01-21;"Trnavský kraj";311;13922;378;14300;NA;89413;689;2021-01-21;42069
2021-01-20;"Trnavský kraj";503;8118;274;8392;NA;89413;777;2021-01-20;41380
2021-01-19;"Trnavský kraj";415;7013;347;7360;NA;89413;762;2021-01-19;40603
2021-01-18;"Trnavský kraj";247;6234;484;6718;NA;89413;731;2021-01-18;39841
2021-01-17;"Trnavský kraj";128;854;215;1069;NA;89413;343;2021-01-17;39110
2021-01-16;"Trnavský kraj";103;898;24;922;NA;89413;127;2021-01-16;38767
2021-01-15;"Trnavský kraj";278;5457;335;5792;NA;89413;613;2021-01-15;38640
2021-01-14;"Trnavský kraj";452;4001;338;4339;NA;89413;790;2021-01-14;38027
2021-01-13;"Trnavský kraj";457;4751;378;5129;NA;89413;835;2021-01-13;37237
2021-01-12;"Trnavský kraj";469;7175;483;7658;NA;89413;952;2021-01-12;36402
2021-01-11;"Trnavský kraj";370;5012;392;5404;NA;89413;762;2021-01-11;35450
2021-01-10;"Trnavský kraj";71;13;0;13;NA;89413;71;2021-01-10;34688
2021-01-09;"Trnavský kraj";417;1775;100;1875;NA;89413;517;2021-01-09;34617
2021-01-08;"Trnavský kraj";381;6554;532;7086;NA;89413;913;2021-01-08;34100
2021-01-07;"Trnavský kraj";501;4080;390;4470;NA;89413;891;2021-01-07;33187
2021-01-06;"Trnavský kraj";179;758;132;890;NA;89413;311;2021-01-06;32296
2021-01-05;"Trnavský kraj";611;5925;636;6561;NA;89413;1247;2021-01-05;31985
2021-01-04;"Trnavský kraj";302;5239;689;5928;NA;89413;991;2021-01-04;30738
2021-01-03;"Trnavský kraj";60;53;7;60;NA;89413;67;2021-01-03;29747
2021-01-02;"Trnavský kraj";282;417;32;449;NA;89413;314;2021-01-02;29680
2021-01-01;"Trnavský kraj";143;455;76;531;NA;89413;219;2021-01-01;29366
2020-12-31;"Trnavský kraj";498;8488;858;9346;NA;89413;1356;2020-12-31;29147
2020-12-30;"Trnavský kraj";785;5318;612;5930;NA;89413;1397;2020-12-30;27791
2020-12-29;"Trnavský kraj";322;5364;639;6003;NA;89413;961;2020-12-29;26394
2020-12-28;"Trnavský kraj";213;5334;615;5949;NA;89413;828;2020-12-28;25433
2020-12-27;"Trnavský kraj";27;20;4;24;NA;89413;31;2020-12-27;24605
2020-12-26;"Trnavský kraj";148;44;1;45;NA;89413;149;2020-12-26;24574
2020-12-25;"Trnavský kraj";65;49;5;54;NA;89413;70;2020-12-25;24425
2020-12-24;"Trnavský kraj";333;1359;117;1476;NA;89413;450;2020-12-24;24355
2020-12-23;"Trnavský kraj";210;7259;414;7673;NA;89413;624;2020-12-23;23905
2020-12-22;"Trnavský kraj";311;5590;491;6081;NA;89413;802;2020-12-22;23281
2020-12-21;"Trnavský kraj";328;4527;399;4926;NA;89413;727;2020-12-21;22479
2020-12-20;"Trnavský kraj";134;133;12;145;NA;89413;146;2020-12-20;21752
2020-12-19;"Trnavský kraj";201;1407;103;1510;NA;89413;304;2020-12-19;21606
2020-12-18;"Trnavský kraj";341;4898;378;5276;NA;89413;719;2020-12-18;21302
2020-12-17;"Trnavský kraj";375;5271;443;5714;NA;89413;818;2020-12-17;20583
2020-12-16;"Trnavský kraj";312;5249;405;5654;NA;89413;717;2020-12-16;19765
2020-12-15;"Trnavský kraj";492;6623;632;7255;NA;89413;1124;2020-12-15;19048
2020-12-14;"Trnavský kraj";161;3505;292;3797;NA;89413;453;2020-12-14;17924
2020-12-13;"Trnavský kraj";7;7;0;7;NA;89413;7;2020-12-13;17471
2020-12-12;"Trnavský kraj";254;1456;114;1570;NA;89413;368;2020-12-12;17464
2020-12-11;"Trnavský kraj";384;4683;262;4945;NA;89413;646;2020-12-11;17096
2020-12-10;"Trnavský kraj";183;5194;320;5514;NA;89413;503;2020-12-10;16450
2020-12-09;"Trnavský kraj";521;4283;321;4604;NA;89413;842;2020-12-09;15947
2020-12-08;"Trnavský kraj";281;4090;304;4394;NA;89413;585;2020-12-08;15105
2020-12-07;"Trnavský kraj";178;2895;199;3094;NA;89413;377;2020-12-07;14520
2020-12-06;"Trnavský kraj";46;0;0;0;NA;89413;46;2020-12-06;14143
2020-12-05;"Trnavský kraj";129;2218;41;2259;NA;89413;170;2020-12-05;14097
2020-12-04;"Trnavský kraj";242;3948;158;4106;NA;89413;400;2020-12-04;13927
2020-12-03;"Trnavský kraj";248;2770;190;2960;NA;89413;438;2020-12-03;13527
2020-12-02;"Trnavský kraj";284;4516;176;4692;NA;89413;460;2020-12-02;13089
2020-12-01;"Trnavský kraj";253;3190;205;3395;NA;89413;458;2020-12-01;12629
2020-11-30;"Trnavský kraj";200;7360;186;7546;NA;89413;386;2020-11-30;12171
2020-11-29;"Trnavský kraj";17;738;36;774;NA;89413;53;2020-11-29;11785
2020-11-28;"Trnavský kraj";83;1453;77;1530;NA;89413;160;2020-11-28;11732
2020-11-27;"Trnavský kraj";148;1779;85;1864;NA;89413;233;2020-11-27;11572
2020-11-26;"Trnavský kraj";234;1123;68;1191;NA;89413;302;2020-11-26;11339
2020-11-25;"Trnavský kraj";232;1168;74;1242;NA;89413;306;2020-11-25;11037
2020-11-24;"Trnavský kraj";295;1909;96;2005;NA;89413;391;2020-11-24;10731
2020-11-23;"Trnavský kraj";242;7393;129;7522;NA;89413;371;2020-11-23;10340
2020-11-22;"Trnavský kraj";10;82;9;91;NA;89413;19;2020-11-22;9969
2020-11-21;"Trnavský kraj";129;1354;36;1390;NA;89413;165;2020-11-21;9950
2020-11-20;"Trnavský kraj";246;1154;64;1218;NA;89413;310;2020-11-20;9785
2020-11-19;"Trnavský kraj";157;823;64;887;NA;89413;221;2020-11-19;9475
2020-11-18;"Trnavský kraj";235;822;82;904;NA;89413;317;2020-11-18;9254
2020-11-17;"Trnavský kraj";129;705;74;779;NA;89413;203;2020-11-17;8937
2020-11-16;"Trnavský kraj";187;732;32;764;NA;89413;219;2020-11-16;8734
2020-11-15;"Trnavský kraj";23;73;4;77;NA;89413;27;2020-11-15;8515
2020-11-14;"Trnavský kraj";86;397;12;409;NA;89413;98;2020-11-14;8488
2020-11-13;"Trnavský kraj";219;1312;21;1333;NA;89413;240;2020-11-13;8390
2020-11-12;"Trnavský kraj";162;420;18;438;NA;89413;180;2020-11-12;8150
2020-11-11;"Trnavský kraj";257;392;15;407;NA;89413;272;2020-11-11;7970
2020-11-10;"Trnavský kraj";189;889;30;919;NA;89413;219;2020-11-10;7698
2020-11-09;"Trnavský kraj";196;369;23;392;NA;89413;219;2020-11-09;7479
2020-11-08;"Trnavský kraj";55;400;4;404;NA;89413;59;2020-11-08;7260
2020-11-07;"Trnavský kraj";207;6070;74;6144;NA;89413;281;2020-11-07;7201
2020-11-06;"Trnavský kraj";260;1531;19;1550;NA;89413;279;2020-11-06;6920
2020-11-05;"Trnavský kraj";150;220;27;247;NA;89413;177;2020-11-05;6641
2020-11-04;"Trnavský kraj";188;212;10;222;NA;89413;198;2020-11-04;6464
2020-11-03;"Trnavský kraj";317;127;8;135;NA;89413;325;2020-11-03;6266
2020-11-02;"Trnavský kraj";281;1728;31;1759;NA;89413;312;2020-11-02;5941
2020-11-01;"Trnavský kraj";87;494;27;521;NA;89413;114;2020-11-01;5629
2020-10-31;"Trnavský kraj";259;5024;41;5065;NA;89413;300;2020-10-31;5515
2020-10-30;"Trnavský kraj";198;3784;27;3811;NA;89413;225;2020-10-30;5215
2020-10-29;"Trnavský kraj";273;1461;16;1477;NA;89413;289;2020-10-29;4990
2020-10-28;"Trnavský kraj";319;117;16;133;NA;89413;335;2020-10-28;4701
2020-10-27;"Trnavský kraj";199;461;36;497;NA;89413;235;2020-10-27;4366
2020-10-26;"Trnavský kraj";153;29;2;31;NA;89413;155;2020-10-26;4131
2020-10-25;"Trnavský kraj";95;19;1;20;NA;89413;96;2020-10-25;3976
2020-10-24;"Trnavský kraj";158;109;2;111;NA;89413;160;2020-10-24;3880
2020-10-23;"Trnavský kraj";201;89;4;93;NA;89413;205;2020-10-23;3720
2020-10-22;"Trnavský kraj";195;55;2;57;NA;89413;197;2020-10-22;3515
2020-10-21;"Trnavský kraj";134;73;3;76;NA;89413;137;2020-10-21;3318
2020-10-20;"Trnavský kraj";202;82;3;85;NA;89413;205;2020-10-20;3181
2020-10-19;"Trnavský kraj";67;55;0;55;NA;89413;67;2020-10-19;2976
2020-10-18;"Trnavský kraj";84;0;0;0;NA;89413;84;2020-10-18;2909
2020-10-17;"Trnavský kraj";123;0;0;0;NA;89413;123;2020-10-17;2825
2020-10-16;"Trnavský kraj";86;45;2;47;NA;89413;88;2020-10-16;2702
2020-10-15;"Trnavský kraj";155;66;2;68;NA;89413;157;2020-10-15;2614
2020-10-14;"Trnavský kraj";236;468;3;471;NA;89413;239;2020-10-14;2457
2020-10-13;"Trnavský kraj";138;16;2;18;NA;89413;140;2020-10-13;2218
2020-10-12;"Trnavský kraj";33;41;1;42;NA;89413;34;2020-10-12;2078
2020-10-11;"Trnavský kraj";31;0;0;0;NA;89413;31;2020-10-11;2044
2020-10-10;"Trnavský kraj";128;0;0;0;NA;89413;128;2020-10-10;2013
2020-10-09;"Trnavský kraj";156;0;0;0;NA;89413;156;2020-10-09;1885
2020-10-08;"Trnavský kraj";153;0;0;0;NA;89413;153;2020-10-08;1729
2020-10-07;"Trnavský kraj";80;0;0;0;NA;89413;80;2020-10-07;1576
2020-10-06;"Trnavský kraj";112;0;0;0;NA;89413;112;2020-10-06;1496
2020-10-05;"Trnavský kraj";33;0;0;0;NA;89413;33;2020-10-05;1384
2020-10-04;"Trnavský kraj";44;0;0;0;NA;89413;44;2020-10-04;1351
2020-10-03;"Trnavský kraj";60;0;0;0;NA;89413;60;2020-10-03;1307
2020-10-02;"Trnavský kraj";41;0;0;0;NA;89413;41;2020-10-02;1247
2020-10-01;"Trnavský kraj";53;0;0;0;NA;89413;53;2020-10-01;1206
2020-09-30;"Trnavský kraj";91;0;0;0;NA;89413;91;2020-09-30;1153
2020-09-29;"Trnavský kraj";40;0;0;0;NA;89413;40;2020-09-29;1062
2020-09-28;"Trnavský kraj";69;0;0;0;NA;89413;69;2020-09-28;1022
2020-09-27;"Trnavský kraj";30;0;0;0;NA;89413;30;2020-09-27;953
2020-09-26;"Trnavský kraj";46;0;0;0;NA;89413;46;2020-09-26;923
2020-09-25;"Trnavský kraj";32;0;0;0;NA;89413;32;2020-09-25;877
2020-09-24;"Trnavský kraj";42;0;0;0;NA;89413;42;2020-09-24;845
2020-09-23;"Trnavský kraj";43;0;0;0;NA;89413;43;2020-09-23;803
2020-09-22;"Trnavský kraj";55;0;0;0;NA;89413;55;2020-09-22;760
2020-09-21;"Trnavský kraj";41;0;0;0;NA;89413;41;2020-09-21;705
2020-09-20;"Trnavský kraj";17;0;0;0;NA;89413;17;2020-09-20;664
2020-09-19;"Trnavský kraj";4;0;0;0;NA;89413;4;2020-09-19;647
2020-09-18;"Trnavský kraj";33;0;0;0;NA;89413;33;2020-09-18;643
2020-09-17;"Trnavský kraj";42;0;0;0;NA;89413;42;2020-09-17;610
2020-09-16;"Trnavský kraj";49;0;0;0;NA;89413;49;2020-09-16;568
2020-09-15;"Trnavský kraj";5;0;0;0;NA;89413;5;2020-09-15;519
2020-09-14;"Trnavský kraj";26;0;0;0;NA;89413;26;2020-09-14;514
2020-09-13;"Trnavský kraj";9;0;0;0;NA;89413;9;2020-09-13;488
2020-09-12;"Trnavský kraj";12;0;0;0;NA;89413;12;2020-09-12;479
2020-09-11;"Trnavský kraj";16;0;0;0;NA;89413;16;2020-09-11;467
2020-09-10;"Trnavský kraj";32;0;0;0;NA;89413;32;2020-09-10;451
2020-09-09;"Trnavský kraj";14;0;0;0;NA;89413;14;2020-09-09;419
2020-09-08;"Trnavský kraj";11;0;0;0;NA;89413;11;2020-09-08;405
2020-09-07;"Trnavský kraj";7;0;0;0;NA;89413;7;2020-09-07;394
2020-09-06;"Trnavský kraj";5;0;0;0;NA;89413;5;2020-09-06;387
2020-09-05;"Trnavský kraj";7;0;0;0;NA;89413;7;2020-09-05;382
2020-09-04;"Trnavský kraj";16;0;0;0;NA;89413;16;2020-09-04;375
2020-09-03;"Trnavský kraj";8;0;0;0;NA;89413;8;2020-09-03;359
2020-09-02;"Trnavský kraj";7;0;0;0;NA;89413;7;2020-09-02;351
2020-09-01;"Trnavský kraj";1;0;0;0;NA;89413;1;2020-09-01;344
2020-08-31;"Trnavský kraj";6;0;0;0;NA;89413;6;2020-08-31;343
2020-08-30;"Trnavský kraj";1;0;0;0;NA;89413;1;2020-08-30;337
2020-08-29;"Trnavský kraj";3;0;0;0;NA;89413;3;2020-08-29;336
2020-08-28;"Trnavský kraj";14;0;0;0;NA;89413;14;2020-08-28;333
2020-08-27;"Trnavský kraj";6;0;0;0;NA;89413;6;2020-08-27;319
2020-08-26;"Trnavský kraj";4;0;0;0;NA;89413;4;2020-08-26;313
2020-08-25;"Trnavský kraj";7;0;0;0;NA;89413;7;2020-08-25;309
2020-08-24;"Trnavský kraj";1;0;0;0;NA;89413;1;2020-08-24;302
2020-08-23;"Trnavský kraj";6;0;0;0;NA;89413;6;2020-08-23;301
2020-08-22;"Trnavský kraj";3;0;0;0;NA;89413;3;2020-08-22;295
2020-08-21;"Trnavský kraj";4;0;0;0;NA;89413;4;2020-08-21;292
2020-08-20;"Trnavský kraj";23;0;0;0;NA;89413;23;2020-08-20;288
2020-08-19;"Trnavský kraj";13;0;0;0;NA;89413;13;2020-08-19;265
2020-08-18;"Trnavský kraj";20;0;0;0;NA;89413;20;2020-08-18;252
2020-08-17;"Trnavský kraj";3;0;0;0;NA;89413;3;2020-08-17;232
2020-08-16;"Trnavský kraj";0;0;0;0;NA;89413;0;2020-08-16;229
2020-08-15;"Trnavský kraj";7;0;0;0;NA;89413;7;2020-08-15;229
2020-08-14;"Trnavský kraj";6;0;0;0;NA;89413;6;2020-08-14;222
2020-08-13;"Trnavský kraj";10;0;0;0;NA;89413;10;2020-08-13;216
2020-08-12;"Trnavský kraj";2;0;0;0;NA;89413;2;2020-08-12;206
2020-08-11;"Trnavský kraj";30;0;0;0;NA;89413;30;2020-08-11;204
2020-08-10;"Trnavský kraj";0;0;0;0;NA;89413;0;2020-08-10;174
2020-08-09;"Trnavský kraj";0;0;0;0;NA;89413;0;2020-08-09;174
2020-08-08;"Trnavský kraj";13;0;0;0;NA;89413;13;2020-08-08;174
2020-08-07;"Trnavský kraj";4;0;0;0;NA;89413;4;2020-08-07;161
2020-08-06;"Trnavský kraj";4;0;0;0;NA;89413;4;2020-08-06;157
2020-08-05;"Trnavský kraj";0;0;0;0;NA;89413;0;2020-08-05;153
2020-08-04;"Trnavský kraj";1;0;0;0;NA;89413;1;2020-08-04;153
2020-08-03;"Trnavský kraj";2;0;0;0;NA;89413;2;2020-08-03;152
2020-08-02;"Trnavský kraj";1;0;0;0;NA;89413;1;2020-08-02;150
2020-08-01;"Trnavský kraj";0;0;0;0;NA;89413;0;2020-08-01;149
2020-07-31;"Trnavský kraj";7;0;0;0;NA;89413;7;2020-07-31;149
2020-07-30;"Trnavský kraj";6;0;0;0;NA;89413;6;2020-07-30;142
2020-07-29;"Trnavský kraj";0;0;0;0;NA;89413;0;2020-07-29;136
2020-07-28;"Trnavský kraj";1;0;0;0;NA;89413;1;2020-07-28;136
2020-07-27;"Trnavský kraj";2;0;0;0;NA;89413;2;2020-07-27;135
2020-07-26;"Trnavský kraj";0;0;0;0;NA;89413;0;2020-07-26;133
2020-07-25;"Trnavský kraj";0;0;0;0;NA;89413;0;2020-07-25;133
2020-07-24;"Trnavský kraj";1;0;0;0;NA;89413;1;2020-07-24;133
2020-07-23;"Trnavský kraj";2;0;0;0;NA;89413;2;2020-07-23;132
2020-07-22;"Trnavský kraj";1;0;0;0;NA;89413;1;2020-07-22;130
2020-07-21;"Trnavský kraj";2;0;0;0;NA;89413;2;2020-07-21;129
2020-07-20;"Trnavský kraj";0;0;0;0;NA;89413;0;2020-07-20;127
2020-07-19;"Trnavský kraj";0;0;0;0;NA;89413;0;2020-07-19;127
2020-07-18;"Trnavský kraj";0;0;0;0;NA;89413;0;2020-07-18;127
2020-07-17;"Trnavský kraj";0;0;0;0;NA;89413;0;2020-07-17;127
2020-07-16;"Trnavský kraj";0;0;0;0;NA;89413;0;2020-07-16;127
2020-07-15;"Trnavský kraj";1;0;0;0;NA;89413;1;2020-07-15;127
2020-07-14;"Trnavský kraj";0;0;0;0;NA;89413;0;2020-07-14;126
2020-07-13;"Trnavský kraj";0;0;0;0;NA;89413;0;2020-07-13;126
2020-07-12;"Trnavský kraj";0;0;0;0;NA;89413;0;2020-07-12;126
2020-07-11;"Trnavský kraj";0;0;0;0;NA;89413;0;2020-07-11;126
2020-07-10;"Trnavský kraj";0;0;0;0;NA;89413;0;2020-07-10;126
2020-07-09;"Trnavský kraj";0;0;0;0;NA;89413;0;2020-07-09;126
2020-07-08;"Trnavský kraj";3;0;0;0;NA;89413;3;2020-07-08;126
2020-07-07;"Trnavský kraj";4;0;0;0;NA;89413;4;2020-07-07;123
2020-07-06;"Trnavský kraj";0;0;0;0;NA;89413;0;2020-07-06;119
2020-07-05;"Trnavský kraj";0;0;0;0;NA;89413;0;2020-07-05;119
2020-07-04;"Trnavský kraj";0;0;0;0;NA;89413;0;2020-07-04;119
2020-07-03;"Trnavský kraj";0;0;0;0;NA;89413;0;2020-07-03;119
2020-07-02;"Trnavský kraj";3;0;0;0;NA;89413;3;2020-07-02;119
2020-07-01;"Trnavský kraj";0;0;0;0;NA;89413;0;2020-07-01;116
2020-06-30;"Trnavský kraj";0;0;0;0;NA;89413;0;2020-06-30;116
2020-06-29;"Trnavský kraj";0;0;0;0;NA;89413;0;2020-06-29;116
2020-06-28;"Trnavský kraj";0;0;0;0;NA;89413;0;2020-06-28;116
2020-06-27;"Trnavský kraj";0;0;0;0;NA;89413;0;2020-06-27;116
2020-06-26;"Trnavský kraj";0;0;0;0;NA;89413;0;2020-06-26;116
2020-06-25;"Trnavský kraj";0;0;0;0;NA;89413;0;2020-06-25;116
2020-06-24;"Trnavský kraj";0;0;0;0;NA;89413;0;2020-06-24;116
2020-06-23;"Trnavský kraj";0;0;0;0;NA;89413;0;2020-06-23;116
2020-06-22;"Trnavský kraj";0;0;0;0;NA;89413;0;2020-06-22;116
2020-06-21;"Trnavský kraj";0;0;0;0;NA;89413;0;2020-06-21;116
2020-06-20;"Trnavský kraj";0;0;0;0;NA;89413;0;2020-06-20;116
2020-06-19;"Trnavský kraj";0;0;0;0;NA;89413;0;2020-06-19;116
2020-06-18;"Trnavský kraj";2;0;0;0;NA;89413;2;2020-06-18;116
2020-06-17;"Trnavský kraj";0;0;0;0;NA;89413;0;2020-06-17;114
2020-06-16;"Trnavský kraj";0;0;0;0;NA;89413;0;2020-06-16;114
2020-06-14;"Trnavský kraj";0;0;0;0;NA;89413;0;2020-06-14;114
2020-06-13;"Trnavský kraj";0;0;0;0;NA;89413;0;2020-06-13;114
2020-06-12;"Trnavský kraj";0;0;0;0;NA;89413;0;2020-06-12;114
2020-06-11;"Trnavský kraj";0;0;0;0;NA;89413;0;2020-06-11;114
2020-06-10;"Trnavský kraj";0;0;0;0;NA;89413;0;2020-06-10;114
2020-06-09;"Trnavský kraj";0;0;0;0;NA;89413;0;2020-06-09;114
2020-06-08;"Trnavský kraj";0;0;0;0;NA;89413;0;2020-06-08;114
2020-06-07;"Trnavský kraj";0;0;0;0;NA;89413;0;2020-06-07;114
2020-06-05;"Trnavský kraj";0;0;0;0;NA;89413;0;2020-06-05;114
2020-06-03;"Trnavský kraj";0;0;0;0;NA;89413;0;2020-06-03;114
2020-06-02;"Trnavský kraj";0;0;0;0;NA;89413;0;2020-06-02;114
2020-05-31;"Trnavský kraj";0;0;0;0;NA;89413;0;2020-05-31;114
2020-05-29;"Trnavský kraj";0;0;0;0;NA;89413;0;2020-05-29;114
2020-05-27;"Trnavský kraj";0;0;0;0;NA;89413;0;2020-05-27;114
2020-05-26;"Trnavský kraj";0;0;0;0;NA;89413;0;2020-05-26;114
2020-05-25;"Trnavský kraj";1;0;0;0;NA;89413;1;2020-05-25;114
2020-05-24;"Trnavský kraj";0;0;0;0;NA;89413;0;2020-05-24;113
2020-05-23;"Trnavský kraj";2;0;0;0;NA;89413;2;2020-05-23;113
2020-05-22;"Trnavský kraj";0;0;0;0;NA;89413;0;2020-05-22;111
2020-05-21;"Trnavský kraj";0;0;0;0;NA;89413;0;2020-05-21;111
2020-05-20;"Trnavský kraj";2;0;0;0;NA;89413;2;2020-05-20;111
2020-05-19;"Trnavský kraj";0;0;0;0;NA;89413;0;2020-05-19;109
2020-05-17;"Trnavský kraj";0;0;0;0;NA;89413;0;2020-05-17;109
2020-05-16;"Trnavský kraj";0;0;0;0;NA;89413;0;2020-05-16;109
2020-05-15;"Trnavský kraj";1;0;0;0;NA;89413;1;2020-05-15;109
2020-05-14;"Trnavský kraj";0;0;0;0;NA;89413;0;2020-05-14;108
2020-05-13;"Trnavský kraj";0;0;0;0;NA;89413;0;2020-05-13;108
2020-05-12;"Trnavský kraj";0;0;0;0;NA;89413;0;2020-05-12;108
2020-05-11;"Trnavský kraj";2;0;0;0;NA;89413;2;2020-05-11;108
2020-05-09;"Trnavský kraj";0;0;0;0;NA;89413;0;2020-05-09;106
2020-05-07;"Trnavský kraj";0;0;0;0;NA;89413;0;2020-05-07;106
2020-05-06;"Trnavský kraj";0;0;0;0;NA;89413;0;2020-05-06;106
2020-05-05;"Trnavský kraj";0;0;0;0;NA;89413;0;2020-05-05;106
2020-05-04;"Trnavský kraj";0;0;0;0;NA;89413;0;2020-05-04;106
2020-05-03;"Trnavský kraj";0;0;0;0;NA;89413;0;2020-05-03;106
2020-05-02;"Trnavský kraj";0;0;0;0;NA;89413;0;2020-05-02;106
2020-05-01;"Trnavský kraj";0;0;0;0;NA;89413;0;2020-05-01;106
2020-04-30;"Trnavský kraj";0;0;0;0;NA;89413;0;2020-04-30;106
2020-04-29;"Trnavský kraj";0;0;0;0;NA;89413;0;2020-04-29;106
2020-04-28;"Trnavský kraj";1;0;0;0;NA;89413;1;2020-04-28;106
2020-04-27;"Trnavský kraj";0;0;0;0;NA;89413;0;2020-04-27;105
2020-04-26;"Trnavský kraj";0;0;0;0;NA;89413;0;2020-04-26;105
2020-04-25;"Trnavský kraj";2;0;0;0;NA;89413;2;2020-04-25;105
2020-04-24;"Trnavský kraj";4;0;0;0;NA;89413;4;2020-04-24;103
2020-04-23;"Trnavský kraj";5;0;0;0;NA;89413;5;2020-04-23;99
2020-04-22;"Trnavský kraj";10;0;0;0;NA;89413;10;2020-04-22;94
2020-04-21;"Trnavský kraj";5;0;0;0;NA;89413;5;2020-04-21;84
2020-04-20;"Trnavský kraj";0;0;0;0;NA;89413;0;2020-04-20;79
2020-04-19;"Trnavský kraj";1;0;0;0;NA;89413;1;2020-04-19;79
2020-04-18;"Trnavský kraj";4;0;0;0;NA;89413;4;2020-04-18;78
2020-04-17;"Trnavský kraj";7;0;0;0;NA;89413;7;2020-04-17;74
2020-04-16;"Trnavský kraj";5;0;0;0;NA;89413;5;2020-04-16;67
2020-04-15;"Trnavský kraj";5;0;0;0;NA;89413;5;2020-04-15;62
2020-04-14;"Trnavský kraj";1;0;0;0;NA;89413;1;2020-04-14;57
2020-04-13;"Trnavský kraj";0;0;0;0;NA;89413;0;2020-04-13;56
2020-04-12;"Trnavský kraj";0;0;0;0;NA;89413;0;2020-04-12;56
2020-04-11;"Trnavský kraj";0;0;0;0;NA;89413;0;2020-04-11;56
2020-04-10;"Trnavský kraj";2;0;0;0;NA;89413;2;2020-04-10;56
2020-04-09;"Trnavský kraj";3;0;0;0;NA;89413;3;2020-04-09;54
2020-04-08;"Trnavský kraj";4;0;0;0;NA;89413;4;2020-04-08;51
2020-04-07;"Trnavský kraj";6;0;0;0;NA;89413;6;2020-04-07;47
2020-04-06;"Trnavský kraj";6;0;0;0;NA;89413;6;2020-04-06;41
2020-04-05;"Trnavský kraj";1;0;0;0;NA;89413;1;2020-04-05;35
2020-04-04;"Trnavský kraj";1;0;0;0;NA;89413;1;2020-04-04;34
2020-04-03;"Trnavský kraj";3;0;0;0;NA;89413;3;2020-04-03;33
2020-04-02;"Trnavský kraj";4;0;0;0;NA;89413;4;2020-04-02;30
2020-04-01;"Trnavský kraj";0;0;0;0;NA;89413;0;2020-04-01;26
2020-03-31;"Trnavský kraj";3;0;0;0;NA;89413;3;2020-03-31;26
2020-03-30;"Trnavský kraj";4;0;0;0;NA;89413;4;2020-03-30;23
2020-03-29;"Trnavský kraj";1;0;0;0;NA;89413;1;2020-03-29;19
2020-03-28;"Trnavský kraj";3;0;0;0;NA;89413;3;2020-03-28;18
2020-03-27;"Trnavský kraj";5;0;0;0;NA;89413;5;2020-03-27;15
2020-03-26;"Trnavský kraj";5;0;0;0;NA;89413;5;2020-03-26;10
2020-03-25;"Trnavský kraj";1;0;0;0;NA;89413;1;2020-03-25;5
2020-03-24;"Trnavský kraj";0;0;0;0;NA;89413;0;2020-03-24;4
2020-03-23;"Trnavský kraj";2;0;0;0;NA;89413;2;2020-03-23;4
2020-03-22;"Trnavský kraj";1;0;0;0;NA;89413;1;2020-03-22;2
2020-03-21;"Trnavský kraj";5;0;0;0;NA;89413;5;2020-03-21;1
2020-03-20;"Trnavský kraj";0;0;0;0;NA;89413;0;2020-03-20;-4
2020-03-19;"Trnavský kraj";0;0;0;0;NA;89413;0;2020-03-19;-4
2020-03-18;"Trnavský kraj";0;0;0;0;NA;89413;0;2020-03-18;-4
2020-03-17;"Trnavský kraj";3;0;0;0;NA;89413;3;2020-03-17;-4
2020-03-16;"Trnavský kraj";1;0;0;0;NA;89413;1;2020-03-16;-7
2020-03-15;"Trnavský kraj";0;0;0;0;NA;89413;0;2020-03-15;-8
2020-03-14;"Trnavský kraj";0;0;0;0;NA;89413;0;2020-03-14;-8
2020-03-13;"Trnavský kraj";1;0;0;0;NA;89413;1;2020-03-13;-8
2020-03-12;"Trnavský kraj";1;0;0;0;NA;89413;1;2020-03-12;-9
2020-03-11;"Trnavský kraj";0;0;0;0;NA;89413;0;2020-03-11;-10
2020-03-09;"Trnavský kraj";0;0;0;0;NA;89413;0;2020-03-09;-10
2020-03-08;"Trnavský kraj";0;0;0;0;NA;89413;0;2020-03-08;-10
2020-03-07;"Trnavský kraj";0;0;0;0;NA;89413;0;2020-03-07;-10
2020-03-06;"Trnavský kraj";0;0;0;0;NA;89413;0;2020-03-06;-10
2021-05-16;"Žilinský kraj";13;11549;37;11586;57206;107789;50;2021-05-16;107789
2021-05-15;"Žilinský kraj";30;16503;580;17083;NA;107789;610;2021-05-15;107739
2021-05-14;"Žilinský kraj";34;18768;425;19193;NA;107789;459;2021-05-14;107129
2021-05-13;"Žilinský kraj";64;11832;54;11886;NA;107789;118;2021-05-13;106670
2021-05-12;"Žilinský kraj";57;10198;50;10248;NA;107789;107;2021-05-12;106552
2021-05-11;"Žilinský kraj";70;11840;51;11891;NA;107789;121;2021-05-11;106445
2021-05-10;"Žilinský kraj";69;15899;72;15971;NA;107789;141;2021-05-10;106324
2021-05-09;"Žilinský kraj";58;20308;77;20385;NA;107789;135;2021-05-09;106183
2021-05-08;"Žilinský kraj";0;23980;63;24043;NA;107789;63;2021-05-08;106048
2021-05-07;"Žilinský kraj";65;26068;87;26155;NA;107789;152;2021-05-07;105985
2021-05-06;"Žilinský kraj";67;16494;72;16566;NA;107789;139;2021-05-06;105833
2021-05-05;"Žilinský kraj";71;13022;73;13095;NA;107789;144;2021-05-05;105694
2021-05-04;"Žilinský kraj";81;16615;80;16695;NA;107789;161;2021-05-04;105550
2021-05-03;"Žilinský kraj";97;20275;109;20384;NA;107789;206;2021-05-03;105389
2021-05-02;"Žilinský kraj";8;29127;66;29193;NA;107789;74;2021-05-02;105183
2021-05-01;"Žilinský kraj";65;54625;103;54728;NA;107789;168;2021-05-01;105109
2021-04-30;"Žilinský kraj";84;43728;117;43845;NA;107789;201;2021-04-30;104941
2021-04-29;"Žilinský kraj";77;24578;101;24679;NA;107789;178;2021-04-29;104740
2021-04-28;"Žilinský kraj";76;19205;91;19296;NA;107789;167;2021-04-28;104562
2021-04-27;"Žilinský kraj";97;21812;110;21922;NA;107789;207;2021-04-27;104395
2021-04-26;"Žilinský kraj";114;27433;136;27569;NA;107789;250;2021-04-26;104188
2021-04-25;"Žilinský kraj";38;35209;82;35291;NA;107789;120;2021-04-25;103938
2021-04-24;"Žilinský kraj";93;79083;157;79240;NA;107789;250;2021-04-24;103818
2021-04-23;"Žilinský kraj";144;49141;153;49294;NA;107789;297;2021-04-23;103568
2021-04-22;"Žilinský kraj";110;25290;132;25422;NA;107789;242;2021-04-22;103271
2021-04-21;"Žilinský kraj";118;20576;145;20721;NA;107789;263;2021-04-21;103029
2021-04-20;"Žilinský kraj";128;23735;136;23871;NA;107789;264;2021-04-20;102766
2021-04-19;"Žilinský kraj";164;32727;210;32937;NA;107789;374;2021-04-19;102502
2021-04-18;"Žilinský kraj";18;36809;91;36900;NA;107789;109;2021-04-18;102128
2021-04-17;"Žilinský kraj";108;89316;156;89472;NA;107789;264;2021-04-17;102019
2021-04-16;"Žilinský kraj";185;46805;207;47012;NA;107789;392;2021-04-16;101755
2021-04-15;"Žilinský kraj";108;24745;130;24875;NA;107789;238;2021-04-15;101363
2021-04-14;"Žilinský kraj";135;23131;145;23276;NA;107789;280;2021-04-14;101125
2021-04-13;"Žilinský kraj";171;25006;135;25141;NA;107789;306;2021-04-13;100845
2021-04-12;"Žilinský kraj";266;30711;189;30900;NA;107789;455;2021-04-12;100539
2021-04-11;"Žilinský kraj";19;37044;107;37151;NA;107789;126;2021-04-11;100084
2021-04-10;"Žilinský kraj";111;86347;237;86584;NA;107789;348;2021-04-10;99958
2021-04-09;"Žilinský kraj";195;41804;205;42009;NA;107789;400;2021-04-09;99610
2021-04-08;"Žilinský kraj";179;24583;143;24726;NA;107789;322;2021-04-08;99210
2021-04-07;"Žilinský kraj";309;29321;174;29495;NA;107789;483;2021-04-07;98888
2021-04-06;"Žilinský kraj";308;38918;294;39212;NA;107789;602;2021-04-06;98405
2021-04-05;"Žilinský kraj";17;14747;140;14887;NA;107789;157;2021-04-05;97803
2021-04-04;"Žilinský kraj";17;16284;69;16353;NA;107789;86;2021-04-04;97646
2021-04-03;"Žilinský kraj";180;100516;401;100917;NA;107789;581;2021-04-03;97560
2021-04-02;"Žilinský kraj";73;22481;83;22564;NA;107789;156;2021-04-02;96979
2021-04-01;"Žilinský kraj";334;43400;240;43640;NA;107789;574;2021-04-01;96823
2021-03-31;"Žilinský kraj";170;31632;247;31879;NA;107789;417;2021-03-31;96249
2021-03-30;"Žilinský kraj";406;26323;243;26566;NA;107789;649;2021-03-30;95832
2021-03-29;"Žilinský kraj";297;28022;268;28290;NA;107789;565;2021-03-29;95183
2021-03-28;"Žilinský kraj";21;36206;239;36445;NA;107789;260;2021-03-28;94618
2021-03-27;"Žilinský kraj";151;89107;353;89460;NA;107789;504;2021-03-27;94358
2021-03-26;"Žilinský kraj";312;52263;333;52596;NA;107789;645;2021-03-26;93854
2021-03-25;"Žilinský kraj";281;27620;214;27834;NA;107789;495;2021-03-25;93209
2021-03-24;"Žilinský kraj";280;21268;260;21528;NA;107789;540;2021-03-24;92714
2021-03-23;"Žilinský kraj";418;23176;278;23454;NA;107789;696;2021-03-23;92174
2021-03-22;"Žilinský kraj";293;29289;314;29603;NA;107789;607;2021-03-22;91478
2021-03-21;"Žilinský kraj";32;33705;227;33932;NA;107789;259;2021-03-21;90871
2021-03-20;"Žilinský kraj";165;93015;497;93512;NA;107789;662;2021-03-20;90612
2021-03-19;"Žilinský kraj";357;51763;413;52176;NA;107789;770;2021-03-19;89950
2021-03-18;"Žilinský kraj";329;28451;294;28745;NA;107789;623;2021-03-18;89180
2021-03-17;"Žilinský kraj";395;21916;269;22185;NA;107789;664;2021-03-17;88557
2021-03-16;"Žilinský kraj";514;24341;317;24658;NA;107789;831;2021-03-16;87893
2021-03-15;"Žilinský kraj";341;29607;419;30026;NA;107789;760;2021-03-15;87062
2021-03-14;"Žilinský kraj";87;34121;267;34388;NA;107789;354;2021-03-14;86302
2021-03-13;"Žilinský kraj";113;93756;584;94340;NA;107789;697;2021-03-13;85948
2021-03-12;"Žilinský kraj";520;52109;411;52520;NA;107789;931;2021-03-12;85251
2021-03-11;"Žilinský kraj";399;28189;302;28491;NA;107789;701;2021-03-11;84320
2021-03-10;"Žilinský kraj";368;22414;378;22792;NA;107789;746;2021-03-10;83619
2021-03-09;"Žilinský kraj";537;24857;316;25173;NA;107789;853;2021-03-09;82873
2021-03-08;"Žilinský kraj";387;30839;458;31297;NA;107789;845;2021-03-08;82020
2021-03-07;"Žilinský kraj";48;33469;290;33759;NA;107789;338;2021-03-07;81175
2021-03-06;"Žilinský kraj";173;92410;589;92999;NA;107789;762;2021-03-06;80837
2021-03-05;"Žilinský kraj";369;51748;483;52231;NA;107789;852;2021-03-05;80075
2021-03-04;"Žilinský kraj";467;30036;377;30413;NA;107789;844;2021-03-04;79223
2021-03-03;"Žilinský kraj";448;26261;394;26655;NA;107789;842;2021-03-03;78379
2021-03-02;"Žilinský kraj";551;25669;378;26047;NA;107789;929;2021-03-02;77537
2021-03-01;"Žilinský kraj";375;30493;441;30934;NA;107789;816;2021-03-01;76608
2021-02-28;"Žilinský kraj";61;34802;327;35129;NA;107789;388;2021-02-28;75792
2021-02-27;"Žilinský kraj";159;83781;639;84420;NA;107789;798;2021-02-27;75404
2021-02-26;"Žilinský kraj";459;47494;508;48002;NA;107789;967;2021-02-26;74606
2021-02-25;"Žilinský kraj";347;30879;393;31272;NA;107789;740;2021-02-25;73639
2021-02-24;"Žilinský kraj";339;18745;395;19140;NA;107789;734;2021-02-24;72899
2021-02-23;"Žilinský kraj";437;22418;418;22836;NA;107789;855;2021-02-23;72165
2021-02-22;"Žilinský kraj";345;29268;438;29706;NA;107789;783;2021-02-22;71310
2021-02-21;"Žilinský kraj";36;28686;322;29008;NA;107789;358;2021-02-21;70527
2021-02-20;"Žilinský kraj";152;88723;667;89390;NA;107789;819;2021-02-20;70169
2021-02-19;"Žilinský kraj";337;44806;415;45221;NA;107789;752;2021-02-19;69350
2021-02-18;"Žilinský kraj";263;24679;339;25018;NA;107789;602;2021-02-18;68598
2021-02-17;"Žilinský kraj";269;17932;355;18287;NA;107789;624;2021-02-17;67996
2021-02-16;"Žilinský kraj";321;24298;325;24623;NA;107789;646;2021-02-16;67372
2021-02-15;"Žilinský kraj";230;30420;311;30731;NA;107789;541;2021-02-15;66726
2021-02-14;"Žilinský kraj";30;28574;231;28805;NA;107789;261;2021-02-14;66185
2021-02-13;"Žilinský kraj";91;69659;454;70113;NA;107789;545;2021-02-13;65924
2021-02-12;"Žilinský kraj";242;42689;335;43024;NA;107789;577;2021-02-12;65379
2021-02-11;"Žilinský kraj";228;23521;300;23821;NA;107789;528;2021-02-11;64802
2021-02-10;"Žilinský kraj";259;17438;261;17699;NA;107789;520;2021-02-10;64274
2021-02-09;"Žilinský kraj";377;24784;274;25058;NA;107789;651;2021-02-09;63754
2021-02-08;"Žilinský kraj";160;41375;390;41765;NA;107789;550;2021-02-08;63103
2021-02-07;"Žilinský kraj";24;46446;252;46698;NA;107789;276;2021-02-07;62553
2021-02-06;"Žilinský kraj";71;72880;367;73247;NA;107789;438;2021-02-06;62277
2021-02-05;"Žilinský kraj";248;31868;323;32191;NA;107789;571;2021-02-05;61839
2021-02-04;"Žilinský kraj";238;13242;258;13500;NA;107789;496;2021-02-04;61268
2021-02-03;"Žilinský kraj";194;9187;255;9442;NA;107789;449;2021-02-03;60772
2021-02-02;"Žilinský kraj";216;9280;272;9552;NA;107789;488;2021-02-02;60323
2021-02-01;"Žilinský kraj";220;19688;370;20058;NA;107789;590;2021-02-01;59835
2021-01-31;"Žilinský kraj";11;2652;27;2679;NA;107789;38;2021-01-31;59245
2021-01-30;"Žilinský kraj";85;18447;187;18634;NA;107789;272;2021-01-30;59207
2021-01-29;"Žilinský kraj";209;22892;304;23196;NA;107789;513;2021-01-29;58935
2021-01-28;"Žilinský kraj";240;5623;174;5797;NA;107789;414;2021-01-28;58422
2021-01-27;"Žilinský kraj";256;7065;121;7186;NA;107789;377;2021-01-27;58008
2021-01-26;"Žilinský kraj";245;49639;346;49985;NA;107789;591;2021-01-26;57631
2021-01-25;"Žilinský kraj";159;21147;150;21297;NA;107789;309;2021-01-25;57040
2021-01-24;"Žilinský kraj";22;67309;305;67614;NA;107789;327;2021-01-24;56731
2021-01-23;"Žilinský kraj";91;91232;408;91640;NA;107789;499;2021-01-23;56404
2021-01-22;"Žilinský kraj";163;31997;239;32236;NA;107789;402;2021-01-22;55905
2021-01-21;"Žilinský kraj";116;19874;181;20055;NA;107789;297;2021-01-21;55503
2021-01-20;"Žilinský kraj";236;17501;168;17669;NA;107789;404;2021-01-20;55206
2021-01-19;"Žilinský kraj";245;15578;283;15861;NA;107789;528;2021-01-19;54802
2021-01-18;"Žilinský kraj";236;12506;327;12833;NA;107789;563;2021-01-18;54274
2021-01-17;"Žilinský kraj";95;147;8;155;NA;107789;103;2021-01-17;53711
2021-01-16;"Žilinský kraj";14;758;35;793;NA;107789;49;2021-01-16;53608
2021-01-15;"Žilinský kraj";248;7244;205;7449;NA;107789;453;2021-01-15;53559
2021-01-14;"Žilinský kraj";166;5572;248;5820;NA;107789;414;2021-01-14;53106
2021-01-13;"Žilinský kraj";247;11316;555;11871;NA;107789;802;2021-01-13;52692
2021-01-12;"Žilinský kraj";376;8754;413;9167;NA;107789;789;2021-01-12;51890
2021-01-11;"Žilinský kraj";351;10385;513;10898;NA;107789;864;2021-01-11;51101
2021-01-10;"Žilinský kraj";38;229;6;235;NA;107789;44;2021-01-10;50237
2021-01-09;"Žilinský kraj";192;1983;85;2068;NA;107789;277;2021-01-09;50193
2021-01-08;"Žilinský kraj";413;9245;497;9742;NA;107789;910;2021-01-08;49916
2021-01-07;"Žilinský kraj";438;23485;1881;25366;NA;107789;2319;2021-01-07;49006
2021-01-06;"Žilinský kraj";145;1412;96;1508;NA;107789;241;2021-01-06;46687
2021-01-05;"Žilinský kraj";717;10702;845;11547;NA;107789;1562;2021-01-05;46446
2021-01-04;"Žilinský kraj";479;9739;1012;10751;NA;107789;1491;2021-01-04;44884
2021-01-03;"Žilinský kraj";13;1006;107;1113;NA;107789;120;2021-01-03;43393
2021-01-02;"Žilinský kraj";98;789;91;880;NA;107789;189;2021-01-02;43273
2021-01-01;"Žilinský kraj";118;615;37;652;NA;107789;155;2021-01-01;43084
2020-12-31;"Žilinský kraj";395;10008;809;10817;NA;107789;1204;2020-12-31;42929
2020-12-30;"Žilinský kraj";1038;12030;849;12879;NA;107789;1887;2020-12-30;41725
2020-12-29;"Žilinský kraj";256;10584;1041;11625;NA;107789;1297;2020-12-29;39838
2020-12-28;"Žilinský kraj";406;11177;1048;12225;NA;107789;1454;2020-12-28;38541
2020-12-27;"Žilinský kraj";40;684;94;778;NA;107789;134;2020-12-27;37087
2020-12-26;"Žilinský kraj";135;593;48;641;NA;107789;183;2020-12-26;36953
2020-12-25;"Žilinský kraj";66;83;9;92;NA;107789;75;2020-12-25;36770
2020-12-24;"Žilinský kraj";643;1060;80;1140;NA;107789;723;2020-12-24;36695
2020-12-23;"Žilinský kraj";228;17281;1031;18312;NA;107789;1259;2020-12-23;35972
2020-12-22;"Žilinský kraj";519;13746;1031;14777;NA;107789;1550;2020-12-22;34713
2020-12-21;"Žilinský kraj";444;12608;1096;13704;NA;107789;1540;2020-12-21;33163
2020-12-20;"Žilinský kraj";36;598;80;678;NA;107789;116;2020-12-20;31623
2020-12-19;"Žilinský kraj";208;2076;145;2221;NA;107789;353;2020-12-19;31507
2020-12-18;"Žilinský kraj";333;6925;400;7325;NA;107789;733;2020-12-18;31154
2020-12-17;"Žilinský kraj";500;4243;279;4522;NA;107789;779;2020-12-17;30421
2020-12-16;"Žilinský kraj";333;3999;280;4279;NA;107789;613;2020-12-16;29642
2020-12-15;"Žilinský kraj";528;4139;378;4517;NA;107789;906;2020-12-15;29029
2020-12-14;"Žilinský kraj";321;4300;355;4655;NA;107789;676;2020-12-14;28123
2020-12-13;"Žilinský kraj";26;494;66;560;NA;107789;92;2020-12-13;27447
2020-12-12;"Žilinský kraj";95;1116;61;1177;NA;107789;156;2020-12-12;27355
2020-12-11;"Žilinský kraj";455;4507;269;4776;NA;107789;724;2020-12-11;27199
2020-12-10;"Žilinský kraj";166;9341;838;10179;NA;107789;1004;2020-12-10;26475
2020-12-09;"Žilinský kraj";392;2200;131;2331;NA;107789;523;2020-12-09;25471
2020-12-08;"Žilinský kraj";331;3248;123;3371;NA;107789;454;2020-12-08;24948
2020-12-07;"Žilinský kraj";348;2254;127;2381;NA;107789;475;2020-12-07;24494
2020-12-06;"Žilinský kraj";15;128;6;134;NA;107789;21;2020-12-06;24019
2020-12-05;"Žilinský kraj";98;1500;53;1553;NA;107789;151;2020-12-05;23998
2020-12-04;"Žilinský kraj";228;2891;122;3013;NA;107789;350;2020-12-04;23847
2020-12-03;"Žilinský kraj";237;1424;117;1541;NA;107789;354;2020-12-03;23497
2020-12-02;"Žilinský kraj";181;1396;69;1465;NA;107789;250;2020-12-02;23143
2020-12-01;"Žilinský kraj";209;6239;284;6523;NA;107789;493;2020-12-01;22893
2020-11-30;"Žilinský kraj";203;5326;305;5631;NA;107789;508;2020-11-30;22400
2020-11-29;"Žilinský kraj";18;81;7;88;NA;107789;25;2020-11-29;21892
2020-11-28;"Žilinský kraj";99;349;15;364;NA;107789;114;2020-11-28;21867
2020-11-27;"Žilinský kraj";218;914;46;960;NA;107789;264;2020-11-27;21753
2020-11-26;"Žilinský kraj";190;1105;57;1162;NA;107789;247;2020-11-26;21489
2020-11-25;"Žilinský kraj";225;1217;49;1266;NA;107789;274;2020-11-25;21242
2020-11-24;"Žilinský kraj";213;2139;67;2206;NA;107789;280;2020-11-24;20968
2020-11-23;"Žilinský kraj";170;759;44;803;NA;107789;214;2020-11-23;20688
2020-11-22;"Žilinský kraj";11;67;2;69;NA;107789;13;2020-11-22;20474
2020-11-21;"Žilinský kraj";61;505;20;525;NA;107789;81;2020-11-21;20461
2020-11-20;"Žilinský kraj";251;1074;45;1119;NA;107789;296;2020-11-20;20380
2020-11-19;"Žilinský kraj";252;752;61;813;NA;107789;313;2020-11-19;20084
2020-11-18;"Žilinský kraj";346;348;15;363;NA;107789;361;2020-11-18;19771
2020-11-17;"Žilinský kraj";123;490;15;505;NA;107789;138;2020-11-17;19410
2020-11-16;"Žilinský kraj";227;247;15;262;NA;107789;242;2020-11-16;19272
2020-11-15;"Žilinský kraj";63;13;0;13;NA;107789;63;2020-11-15;19030
2020-11-14;"Žilinský kraj";189;1038;11;1049;NA;107789;200;2020-11-14;18967
2020-11-13;"Žilinský kraj";181;125;9;134;NA;107789;190;2020-11-13;18767
2020-11-12;"Žilinský kraj";334;79;2;81;NA;107789;336;2020-11-12;18577
2020-11-11;"Žilinský kraj";489;147;10;157;NA;107789;499;2020-11-11;18241
2020-11-10;"Žilinský kraj";374;519;9;528;NA;107789;383;2020-11-10;17742
2020-11-09;"Žilinský kraj";143;2335;30;2365;NA;107789;173;2020-11-09;17359
2020-11-08;"Žilinský kraj";59;2538;37;2575;NA;107789;96;2020-11-08;17186
2020-11-07;"Žilinský kraj";312;8175;88;8263;NA;107789;400;2020-11-07;17090
2020-11-06;"Žilinský kraj";503;4090;38;4128;NA;107789;541;2020-11-06;16690
2020-11-05;"Žilinský kraj";473;64;4;68;NA;107789;477;2020-11-05;16149
2020-11-04;"Žilinský kraj";423;178;10;188;NA;107789;433;2020-11-04;15672
2020-11-03;"Žilinský kraj";688;889;16;905;NA;107789;704;2020-11-03;15239
2020-11-02;"Žilinský kraj";472;1043;39;1082;NA;107789;511;2020-11-02;14535
2020-11-01;"Žilinský kraj";349;5096;130;5226;NA;107789;479;2020-11-01;14024
2020-10-31;"Žilinský kraj";661;7963;203;8166;NA;107789;864;2020-10-31;13545
2020-10-30;"Žilinský kraj";529;2575;61;2636;NA;107789;590;2020-10-30;12681
2020-10-29;"Žilinský kraj";740;503;17;520;NA;107789;757;2020-10-29;12091
2020-10-28;"Žilinský kraj";635;105;11;116;NA;107789;646;2020-10-28;11334
2020-10-27;"Žilinský kraj";355;154;24;178;NA;107789;379;2020-10-27;10688
2020-10-26;"Žilinský kraj";148;117;28;145;NA;107789;176;2020-10-26;10309
2020-10-25;"Žilinský kraj";436;0;0;0;NA;107789;436;2020-10-25;10133
2020-10-24;"Žilinský kraj";803;0;0;0;NA;107789;803;2020-10-24;9697
2020-10-23;"Žilinský kraj";659;102;13;115;NA;107789;672;2020-10-23;8894
2020-10-22;"Žilinský kraj";525;33;3;36;NA;107789;528;2020-10-22;8222
2020-10-21;"Žilinský kraj";478;74;14;88;NA;107789;492;2020-10-21;7694
2020-10-20;"Žilinský kraj";524;127;8;135;NA;107789;532;2020-10-20;7202
2020-10-19;"Žilinský kraj";70;80;12;92;NA;107789;82;2020-10-19;6670
2020-10-18;"Žilinský kraj";159;0;0;0;NA;107789;159;2020-10-18;6588
2020-10-17;"Žilinský kraj";509;0;0;0;NA;107789;509;2020-10-17;6429
2020-10-16;"Žilinský kraj";603;51;9;60;NA;107789;612;2020-10-16;5920
2020-10-15;"Žilinský kraj";679;61;3;64;NA;107789;682;2020-10-15;5308
2020-10-14;"Žilinský kraj";523;269;6;275;NA;107789;529;2020-10-14;4626
2020-10-13;"Žilinský kraj";367;458;40;498;NA;107789;407;2020-10-13;4097
2020-10-12;"Žilinský kraj";62;0;0;0;NA;107789;62;2020-10-12;3690
2020-10-11;"Žilinský kraj";50;0;0;0;NA;107789;50;2020-10-11;3628
2020-10-10;"Žilinský kraj";213;0;0;0;NA;107789;213;2020-10-10;3578
2020-10-09;"Žilinský kraj";543;0;0;0;NA;107789;543;2020-10-09;3365
2020-10-08;"Žilinský kraj";238;0;0;0;NA;107789;238;2020-10-08;2822
2020-10-07;"Žilinský kraj";168;0;0;0;NA;107789;168;2020-10-07;2584
2020-10-06;"Žilinský kraj";233;0;0;0;NA;107789;233;2020-10-06;2416
2020-10-05;"Žilinský kraj";33;0;0;0;NA;107789;33;2020-10-05;2183
2020-10-04;"Žilinský kraj";35;0;0;0;NA;107789;35;2020-10-04;2150
2020-10-03;"Žilinský kraj";155;0;0;0;NA;107789;155;2020-10-03;2115
2020-10-02;"Žilinský kraj";105;0;0;0;NA;107789;105;2020-10-02;1960
2020-10-01;"Žilinský kraj";147;0;0;0;NA;107789;147;2020-10-01;1855
2020-09-30;"Žilinský kraj";163;0;0;0;NA;107789;163;2020-09-30;1708
2020-09-29;"Žilinský kraj";105;0;0;0;NA;107789;105;2020-09-29;1545
2020-09-28;"Žilinský kraj";34;0;0;0;NA;107789;34;2020-09-28;1440
2020-09-27;"Žilinský kraj";108;0;0;0;NA;107789;108;2020-09-27;1406
2020-09-26;"Žilinský kraj";96;0;0;0;NA;107789;96;2020-09-26;1298
2020-09-25;"Žilinský kraj";69;0;0;0;NA;107789;69;2020-09-25;1202
2020-09-24;"Žilinský kraj";100;0;0;0;NA;107789;100;2020-09-24;1133
2020-09-23;"Žilinský kraj";65;0;0;0;NA;107789;65;2020-09-23;1033
2020-09-22;"Žilinský kraj";65;0;0;0;NA;107789;65;2020-09-22;968
2020-09-21;"Žilinský kraj";47;0;0;0;NA;107789;47;2020-09-21;903
2020-09-20;"Žilinský kraj";4;0;0;0;NA;107789;4;2020-09-20;856
2020-09-19;"Žilinský kraj";6;0;0;0;NA;107789;6;2020-09-19;852
2020-09-18;"Žilinský kraj";82;0;0;0;NA;107789;82;2020-09-18;846
2020-09-17;"Žilinský kraj";30;0;0;0;NA;107789;30;2020-09-17;764
2020-09-16;"Žilinský kraj";34;0;0;0;NA;107789;34;2020-09-16;734
2020-09-15;"Žilinský kraj";12;0;0;0;NA;107789;12;2020-09-15;700
2020-09-14;"Žilinský kraj";39;0;0;0;NA;107789;39;2020-09-14;688
2020-09-13;"Žilinský kraj";6;0;0;0;NA;107789;6;2020-09-13;649
2020-09-12;"Žilinský kraj";4;0;0;0;NA;107789;4;2020-09-12;643
2020-09-11;"Žilinský kraj";31;0;0;0;NA;107789;31;2020-09-11;639
2020-09-10;"Žilinský kraj";31;0;0;0;NA;107789;31;2020-09-10;608
2020-09-09;"Žilinský kraj";23;0;0;0;NA;107789;23;2020-09-09;577
2020-09-08;"Žilinský kraj";25;0;0;0;NA;107789;25;2020-09-08;554
2020-09-07;"Žilinský kraj";11;0;0;0;NA;107789;11;2020-09-07;529
2020-09-06;"Žilinský kraj";0;0;0;0;NA;107789;0;2020-09-06;518
2020-09-05;"Žilinský kraj";2;0;0;0;NA;107789;2;2020-09-05;518
2020-09-04;"Žilinský kraj";33;0;0;0;NA;107789;33;2020-09-04;516
2020-09-03;"Žilinský kraj";18;0;0;0;NA;107789;18;2020-09-03;483
2020-09-02;"Žilinský kraj";16;0;0;0;NA;107789;16;2020-09-02;465
2020-09-01;"Žilinský kraj";4;0;0;0;NA;107789;4;2020-09-01;449
2020-08-31;"Žilinský kraj";5;0;0;0;NA;107789;5;2020-08-31;445
2020-08-30;"Žilinský kraj";3;0;0;0;NA;107789;3;2020-08-30;440
2020-08-29;"Žilinský kraj";5;0;0;0;NA;107789;5;2020-08-29;437
2020-08-28;"Žilinský kraj";13;0;0;0;NA;107789;13;2020-08-28;432
2020-08-27;"Žilinský kraj";18;0;0;0;NA;107789;18;2020-08-27;419
2020-08-26;"Žilinský kraj";8;0;0;0;NA;107789;8;2020-08-26;401
2020-08-25;"Žilinský kraj";2;0;0;0;NA;107789;2;2020-08-25;393
2020-08-24;"Žilinský kraj";5;0;0;0;NA;107789;5;2020-08-24;391
2020-08-23;"Žilinský kraj";0;0;0;0;NA;107789;0;2020-08-23;386
2020-08-22;"Žilinský kraj";0;0;0;0;NA;107789;0;2020-08-22;386
2020-08-21;"Žilinský kraj";10;0;0;0;NA;107789;10;2020-08-21;386
2020-08-20;"Žilinský kraj";13;0;0;0;NA;107789;13;2020-08-20;376
2020-08-19;"Žilinský kraj";7;0;0;0;NA;107789;7;2020-08-19;363
2020-08-18;"Žilinský kraj";9;0;0;0;NA;107789;9;2020-08-18;356
2020-08-17;"Žilinský kraj";1;0;0;0;NA;107789;1;2020-08-17;347
2020-08-16;"Žilinský kraj";0;0;0;0;NA;107789;0;2020-08-16;346
2020-08-15;"Žilinský kraj";0;0;0;0;NA;107789;0;2020-08-15;346
2020-08-14;"Žilinský kraj";4;0;0;0;NA;107789;4;2020-08-14;346
2020-08-13;"Žilinský kraj";2;0;0;0;NA;107789;2;2020-08-13;342
2020-08-12;"Žilinský kraj";0;0;0;0;NA;107789;0;2020-08-12;340
2020-08-11;"Žilinský kraj";4;0;0;0;NA;107789;4;2020-08-11;340
2020-08-10;"Žilinský kraj";1;0;0;0;NA;107789;1;2020-08-10;336
2020-08-09;"Žilinský kraj";0;0;0;0;NA;107789;0;2020-08-09;335
2020-08-08;"Žilinský kraj";3;0;0;0;NA;107789;3;2020-08-08;335
2020-08-07;"Žilinský kraj";8;0;0;0;NA;107789;8;2020-08-07;332
2020-08-06;"Žilinský kraj";1;0;0;0;NA;107789;1;2020-08-06;324
2020-08-05;"Žilinský kraj";1;0;0;0;NA;107789;1;2020-08-05;323
2020-08-04;"Žilinský kraj";2;0;0;0;NA;107789;2;2020-08-04;322
2020-08-03;"Žilinský kraj";0;0;0;0;NA;107789;0;2020-08-03;320
2020-08-02;"Žilinský kraj";1;0;0;0;NA;107789;1;2020-08-02;320
2020-08-01;"Žilinský kraj";0;0;0;0;NA;107789;0;2020-08-01;319
2020-07-31;"Žilinský kraj";4;0;0;0;NA;107789;4;2020-07-31;319
2020-07-30;"Žilinský kraj";2;0;0;0;NA;107789;2;2020-07-30;315
2020-07-29;"Žilinský kraj";2;0;0;0;NA;107789;2;2020-07-29;313
2020-07-28;"Žilinský kraj";4;0;0;0;NA;107789;4;2020-07-28;311
2020-07-27;"Žilinský kraj";6;0;0;0;NA;107789;6;2020-07-27;307
2020-07-26;"Žilinský kraj";0;0;0;0;NA;107789;0;2020-07-26;301
2020-07-25;"Žilinský kraj";0;0;0;0;NA;107789;0;2020-07-25;301
2020-07-24;"Žilinský kraj";2;0;0;0;NA;107789;2;2020-07-24;301
2020-07-23;"Žilinský kraj";0;0;0;0;NA;107789;0;2020-07-23;299
2020-07-22;"Žilinský kraj";1;0;0;0;NA;107789;1;2020-07-22;299
2020-07-21;"Žilinský kraj";2;0;0;0;NA;107789;2;2020-07-21;298
2020-07-20;"Žilinský kraj";3;0;0;0;NA;107789;3;2020-07-20;296
2020-07-19;"Žilinský kraj";0;0;0;0;NA;107789;0;2020-07-19;293
2020-07-18;"Žilinský kraj";0;0;0;0;NA;107789;0;2020-07-18;293
2020-07-17;"Žilinský kraj";2;0;0;0;NA;107789;2;2020-07-17;293
2020-07-16;"Žilinský kraj";2;0;0;0;NA;107789;2;2020-07-16;291
2020-07-15;"Žilinský kraj";2;0;0;0;NA;107789;2;2020-07-15;289
2020-07-14;"Žilinský kraj";1;0;0;0;NA;107789;1;2020-07-14;287
2020-07-13;"Žilinský kraj";0;0;0;0;NA;107789;0;2020-07-13;286
2020-07-12;"Žilinský kraj";0;0;0;0;NA;107789;0;2020-07-12;286
2020-07-11;"Žilinský kraj";2;0;0;0;NA;107789;2;2020-07-11;286
2020-07-10;"Žilinský kraj";3;0;0;0;NA;107789;3;2020-07-10;284
2020-07-09;"Žilinský kraj";2;0;0;0;NA;107789;2;2020-07-09;281
2020-07-08;"Žilinský kraj";10;0;0;0;NA;107789;10;2020-07-08;279
2020-07-07;"Žilinský kraj";7;0;0;0;NA;107789;7;2020-07-07;269
2020-07-06;"Žilinský kraj";0;0;0;0;NA;107789;0;2020-07-06;262
2020-07-05;"Žilinský kraj";0;0;0;0;NA;107789;0;2020-07-05;262
2020-07-04;"Žilinský kraj";10;0;0;0;NA;107789;10;2020-07-04;262
2020-07-03;"Žilinský kraj";18;0;0;0;NA;107789;18;2020-07-03;252
2020-07-02;"Žilinský kraj";7;0;0;0;NA;107789;7;2020-07-02;234
2020-07-01;"Žilinský kraj";0;0;0;0;NA;107789;0;2020-07-01;227
2020-06-30;"Žilinský kraj";4;0;0;0;NA;107789;4;2020-06-30;227
2020-06-29;"Žilinský kraj";0;0;0;0;NA;107789;0;2020-06-29;223
2020-06-28;"Žilinský kraj";1;0;0;0;NA;107789;1;2020-06-28;223
2020-06-27;"Žilinský kraj";3;0;0;0;NA;107789;3;2020-06-27;222
2020-06-26;"Žilinský kraj";5;0;0;0;NA;107789;5;2020-06-26;219
2020-06-25;"Žilinský kraj";7;0;0;0;NA;107789;7;2020-06-25;214
2020-06-24;"Žilinský kraj";11;0;0;0;NA;107789;11;2020-06-24;207
2020-06-23;"Žilinský kraj";9;0;0;0;NA;107789;9;2020-06-23;196
2020-06-22;"Žilinský kraj";0;0;0;0;NA;107789;0;2020-06-22;187
2020-06-21;"Žilinský kraj";1;0;0;0;NA;107789;1;2020-06-21;187
2020-06-20;"Žilinský kraj";1;0;0;0;NA;107789;1;2020-06-20;186
2020-06-19;"Žilinský kraj";4;0;0;0;NA;107789;4;2020-06-19;185
2020-06-18;"Žilinský kraj";1;0;0;0;NA;107789;1;2020-06-18;181
2020-06-17;"Žilinský kraj";0;0;0;0;NA;107789;0;2020-06-17;180
2020-06-16;"Žilinský kraj";1;0;0;0;NA;107789;1;2020-06-16;180
2020-06-14;"Žilinský kraj";0;0;0;0;NA;107789;0;2020-06-14;179
2020-06-13;"Žilinský kraj";0;0;0;0;NA;107789;0;2020-06-13;179
2020-06-12;"Žilinský kraj";0;0;0;0;NA;107789;0;2020-06-12;179
2020-06-11;"Žilinský kraj";0;0;0;0;NA;107789;0;2020-06-11;179
2020-06-10;"Žilinský kraj";0;0;0;0;NA;107789;0;2020-06-10;179
2020-06-09;"Žilinský kraj";1;0;0;0;NA;107789;1;2020-06-09;179
2020-06-08;"Žilinský kraj";0;0;0;0;NA;107789;0;2020-06-08;178
2020-06-07;"Žilinský kraj";0;0;0;0;NA;107789;0;2020-06-07;178
2020-06-05;"Žilinský kraj";0;0;0;0;NA;107789;0;2020-06-05;178
2020-06-03;"Žilinský kraj";0;0;0;0;NA;107789;0;2020-06-03;178
2020-06-02;"Žilinský kraj";0;0;0;0;NA;107789;0;2020-06-02;178
2020-05-31;"Žilinský kraj";0;0;0;0;NA;107789;0;2020-05-31;178
2020-05-29;"Žilinský kraj";0;0;0;0;NA;107789;0;2020-05-29;178
2020-05-27;"Žilinský kraj";1;0;0;0;NA;107789;1;2020-05-27;178
2020-05-26;"Žilinský kraj";1;0;0;0;NA;107789;1;2020-05-26;177
2020-05-25;"Žilinský kraj";0;0;0;0;NA;107789;0;2020-05-25;176
2020-05-24;"Žilinský kraj";0;0;0;0;NA;107789;0;2020-05-24;176
2020-05-23;"Žilinský kraj";0;0;0;0;NA;107789;0;2020-05-23;176
2020-05-22;"Žilinský kraj";0;0;0;0;NA;107789;0;2020-05-22;176
2020-05-21;"Žilinský kraj";0;0;0;0;NA;107789;0;2020-05-21;176
2020-05-20;"Žilinský kraj";0;0;0;0;NA;107789;0;2020-05-20;176
2020-05-19;"Žilinský kraj";1;0;0;0;NA;107789;1;2020-05-19;176
2020-05-17;"Žilinský kraj";0;0;0;0;NA;107789;0;2020-05-17;175
2020-05-16;"Žilinský kraj";0;0;0;0;NA;107789;0;2020-05-16;175
2020-05-15;"Žilinský kraj";0;0;0;0;NA;107789;0;2020-05-15;175
2020-05-14;"Žilinský kraj";0;0;0;0;NA;107789;0;2020-05-14;175
2020-05-13;"Žilinský kraj";0;0;0;0;NA;107789;0;2020-05-13;175
2020-05-12;"Žilinský kraj";0;0;0;0;NA;107789;0;2020-05-12;175
2020-05-11;"Žilinský kraj";0;0;0;0;NA;107789;0;2020-05-11;175
2020-05-09;"Žilinský kraj";0;0;0;0;NA;107789;0;2020-05-09;175
2020-05-07;"Žilinský kraj";0;0;0;0;NA;107789;0;2020-05-07;175
2020-05-06;"Žilinský kraj";2;0;0;0;NA;107789;2;2020-05-06;175
2020-05-05;"Žilinský kraj";3;0;0;0;NA;107789;3;2020-05-05;173
2020-05-04;"Žilinský kraj";3;0;0;0;NA;107789;3;2020-05-04;170
2020-05-03;"Žilinský kraj";1;0;0;0;NA;107789;1;2020-05-03;167
2020-05-02;"Žilinský kraj";0;0;0;0;NA;107789;0;2020-05-02;166
2020-05-01;"Žilinský kraj";1;0;0;0;NA;107789;1;2020-05-01;166
2020-04-30;"Žilinský kraj";0;0;0;0;NA;107789;0;2020-04-30;165
2020-04-29;"Žilinský kraj";0;0;0;0;NA;107789;0;2020-04-29;165
2020-04-28;"Žilinský kraj";0;0;0;0;NA;107789;0;2020-04-28;165
2020-04-27;"Žilinský kraj";0;0;0;0;NA;107789;0;2020-04-27;165
2020-04-26;"Žilinský kraj";0;0;0;0;NA;107789;0;2020-04-26;165
2020-04-25;"Žilinský kraj";2;0;0;0;NA;107789;2;2020-04-25;165
2020-04-24;"Žilinský kraj";1;0;0;0;NA;107789;1;2020-04-24;163
2020-04-23;"Žilinský kraj";2;0;0;0;NA;107789;2;2020-04-23;162
2020-04-22;"Žilinský kraj";9;0;0;0;NA;107789;9;2020-04-22;160
2020-04-21;"Žilinský kraj";1;0;0;0;NA;107789;1;2020-04-21;151
2020-04-20;"Žilinský kraj";4;0;0;0;NA;107789;4;2020-04-20;150
2020-04-19;"Žilinský kraj";0;0;0;0;NA;107789;0;2020-04-19;146
2020-04-18;"Žilinský kraj";49;0;0;0;NA;107789;49;2020-04-18;146
2020-04-17;"Žilinský kraj";3;0;0;0;NA;107789;3;2020-04-17;97
2020-04-16;"Žilinský kraj";4;0;0;0;NA;107789;4;2020-04-16;94
2020-04-15;"Žilinský kraj";7;0;0;0;NA;107789;7;2020-04-15;90
2020-04-14;"Žilinský kraj";1;0;0;0;NA;107789;1;2020-04-14;83
2020-04-13;"Žilinský kraj";2;0;0;0;NA;107789;2;2020-04-13;82
2020-04-12;"Žilinský kraj";5;0;0;0;NA;107789;5;2020-04-12;80
2020-04-11;"Žilinský kraj";2;0;0;0;NA;107789;2;2020-04-11;75
2020-04-10;"Žilinský kraj";1;0;0;0;NA;107789;1;2020-04-10;73
2020-04-09;"Žilinský kraj";1;0;0;0;NA;107789;1;2020-04-09;72
2020-04-08;"Žilinský kraj";3;0;0;0;NA;107789;3;2020-04-08;71
2020-04-07;"Žilinský kraj";5;0;0;0;NA;107789;5;2020-04-07;68
2020-04-06;"Žilinský kraj";6;0;0;0;NA;107789;6;2020-04-06;63
2020-04-05;"Žilinský kraj";8;0;0;0;NA;107789;8;2020-04-05;57
2020-04-04;"Žilinský kraj";0;0;0;0;NA;107789;0;2020-04-04;49
2020-04-03;"Žilinský kraj";3;0;0;0;NA;107789;3;2020-04-03;49
2020-04-02;"Žilinský kraj";5;0;0;0;NA;107789;5;2020-04-02;46
2020-04-01;"Žilinský kraj";4;0;0;0;NA;107789;4;2020-04-01;41
2020-03-31;"Žilinský kraj";1;0;0;0;NA;107789;1;2020-03-31;37
2020-03-30;"Žilinský kraj";3;0;0;0;NA;107789;3;2020-03-30;36
2020-03-29;"Žilinský kraj";0;0;0;0;NA;107789;0;2020-03-29;33
2020-03-28;"Žilinský kraj";1;0;0;0;NA;107789;1;2020-03-28;33
2020-03-27;"Žilinský kraj";9;0;0;0;NA;107789;9;2020-03-27;32
2020-03-26;"Žilinský kraj";4;0;0;0;NA;107789;4;2020-03-26;23
2020-03-25;"Žilinský kraj";1;0;0;0;NA;107789;1;2020-03-25;19
2020-03-24;"Žilinský kraj";2;0;0;0;NA;107789;2;2020-03-24;18
2020-03-23;"Žilinský kraj";3;0;0;0;NA;107789;3;2020-03-23;16
2020-03-22;"Žilinský kraj";1;0;0;0;NA;107789;1;2020-03-22;13
2020-03-21;"Žilinský kraj";2;0;0;0;NA;107789;2;2020-03-21;12
2020-03-20;"Žilinský kraj";4;0;0;0;NA;107789;4;2020-03-20;10
2020-03-19;"Žilinský kraj";2;219;0;219;NA;107789;2;2020-03-19;6
2020-03-18;"Žilinský kraj";1;0;0;0;NA;107789;1;2020-03-18;4
2020-03-17;"Žilinský kraj";5;0;0;0;NA;107789;5;2020-03-17;3
2020-03-16;"Žilinský kraj";1;0;0;0;NA;107789;1;2020-03-16;-2
2020-03-15;"Žilinský kraj";2;0;0;0;NA;107789;2;2020-03-15;-3
2020-03-14;"Žilinský kraj";1;0;0;0;NA;107789;1;2020-03-14;-5
2020-03-13;"Žilinský kraj";5;0;0;0;NA;107789;5;2020-03-13;-6
2020-03-12;"Žilinský kraj";1;0;0;0;NA;107789;1;2020-03-12;-11
2020-03-11;"Žilinský kraj";0;0;0;0;NA;107789;0;2020-03-11;-12
2020-03-09;"Žilinský kraj";1;0;0;0;NA;107789;1;2020-03-09;-12
2020-03-08;"Žilinský kraj";0;0;0;0;NA;107789;0;2020-03-08;-13
2020-03-07;"Žilinský kraj";0;0;0;0;NA;107789;0;2020-03-07;-13
2020-03-06;"Žilinský kraj";0;0;0;0;NA;107789;0;2020-03-06;-13
