"Datum";"Region";"PCR_Pos";"Ag_Neg";"Ag_Pos";"Total";"Pocet.potvrdenych";"Potvrdenych";"newcases";"date";"positive"
2021-04-18;"Banskobystrický kraj";16;35696;62;35758;36466;79864;78;2021-04-18;79864
2021-04-17;"Banskobystrický kraj";42;59713;337;60050;NA;79864;379;2021-04-17;79786
2021-04-16;"Banskobystrický kraj";72;36517;100;36617;NA;79864;172;2021-04-16;79407
2021-04-15;"Banskobystrický kraj";67;19988;83;20071;NA;79864;150;2021-04-15;79235
2021-04-14;"Banskobystrický kraj";69;21056;86;21142;NA;79864;155;2021-04-14;79085
2021-04-13;"Banskobystrický kraj";130;22644;76;22720;NA;79864;206;2021-04-13;78930
2021-04-12;"Banskobystrický kraj";60;32238;130;32368;NA;79864;190;2021-04-12;78724
2021-04-11;"Banskobystrický kraj";0;40924;88;41012;NA;79864;88;2021-04-11;78534
2021-04-10;"Banskobystrický kraj";56;64619;140;64759;NA;79864;196;2021-04-10;78446
2021-04-09;"Banskobystrický kraj";106;31436;118;31554;NA;79864;224;2021-04-09;78250
2021-04-08;"Banskobystrický kraj";132;18605;107;18712;NA;79864;239;2021-04-08;78026
2021-04-07;"Banskobystrický kraj";226;24938;94;25032;NA;79864;320;2021-04-07;77787
2021-04-06;"Banskobystrický kraj";93;42360;187;42547;NA;79864;280;2021-04-06;77467
2021-04-05;"Banskobystrický kraj";15;11797;87;11884;NA;79864;102;2021-04-05;77187
2021-04-04;"Banskobystrický kraj";24;19524;78;19602;NA;79864;102;2021-04-04;77085
2021-04-03;"Banskobystrický kraj";5;71600;211;71811;NA;79864;216;2021-04-03;76983
2021-04-02;"Banskobystrický kraj";71;13488;66;13554;NA;79864;137;2021-04-02;76767
2021-04-01;"Banskobystrický kraj";171;38873;200;39073;NA;79864;371;2021-04-01;76630
2021-03-31;"Banskobystrický kraj";147;25543;161;25704;NA;79864;308;2021-03-31;76259
2021-03-30;"Banskobystrický kraj";167;21436;159;21595;NA;79864;326;2021-03-30;75951
2021-03-29;"Banskobystrický kraj";119;29551;218;29769;NA;79864;337;2021-03-29;75625
2021-03-28;"Banskobystrický kraj";25;40163;187;40350;NA;79864;212;2021-03-28;75288
2021-03-27;"Banskobystrický kraj";85;63806;255;64061;NA;79864;340;2021-03-27;75076
2021-03-26;"Banskobystrický kraj";122;43397;240;43637;NA;79864;362;2021-03-26;74736
2021-03-25;"Banskobystrický kraj";120;21339;239;21578;NA;79864;359;2021-03-25;74374
2021-03-24;"Banskobystrický kraj";200;19319;227;19546;NA;79864;427;2021-03-24;74015
2021-03-23;"Banskobystrický kraj";241;21352;257;21609;NA;79864;498;2021-03-23;73588
2021-03-22;"Banskobystrický kraj";65;30412;274;30686;NA;79864;339;2021-03-22;73090
2021-03-21;"Banskobystrický kraj";31;39836;280;40116;NA;79864;311;2021-03-21;72751
2021-03-20;"Banskobystrický kraj";119;67148;380;67528;NA;79864;499;2021-03-20;72440
2021-03-19;"Banskobystrický kraj";240;44041;307;44348;NA;79864;547;2021-03-19;71941
2021-03-18;"Banskobystrický kraj";160;21727;273;22000;NA;79864;433;2021-03-18;71394
2021-03-17;"Banskobystrický kraj";262;21573;245;21818;NA;79864;507;2021-03-17;70961
2021-03-16;"Banskobystrický kraj";340;23605;224;23829;NA;79864;564;2021-03-16;70454
2021-03-15;"Banskobystrický kraj";95;31133;364;31497;NA;79864;459;2021-03-15;69890
2021-03-14;"Banskobystrický kraj";39;40322;229;40551;NA;79864;268;2021-03-14;69431
2021-03-13;"Banskobystrický kraj";209;66713;391;67104;NA;79864;600;2021-03-13;69163
2021-03-12;"Banskobystrický kraj";206;41485;330;41815;NA;79864;536;2021-03-12;68563
2021-03-11;"Banskobystrický kraj";228;21337;272;21609;NA;79864;500;2021-03-11;68027
2021-03-10;"Banskobystrický kraj";260;20381;238;20619;NA;79864;498;2021-03-10;67527
2021-03-09;"Banskobystrický kraj";352;21790;284;22074;NA;79864;636;2021-03-09;67029
2021-03-08;"Banskobystrický kraj";191;31488;427;31915;NA;79864;618;2021-03-08;66393
2021-03-07;"Banskobystrický kraj";60;38878;295;39173;NA;79864;355;2021-03-07;65775
2021-03-06;"Banskobystrický kraj";164;69938;410;70348;NA;79864;574;2021-03-06;65420
2021-03-05;"Banskobystrický kraj";221;42137;388;42525;NA;79864;609;2021-03-05;64846
2021-03-04;"Banskobystrický kraj";226;21607;334;21941;NA;79864;560;2021-03-04;64237
2021-03-03;"Banskobystrický kraj";317;21949;331;22280;NA;79864;648;2021-03-03;63677
2021-03-02;"Banskobystrický kraj";291;22602;354;22956;NA;79864;645;2021-03-02;63029
2021-03-01;"Banskobystrický kraj";151;31773;434;32207;NA;79864;585;2021-03-01;62384
2021-02-28;"Banskobystrický kraj";45;38313;336;38649;NA;79864;381;2021-02-28;61799
2021-02-27;"Banskobystrický kraj";289;66106;524;66630;NA;79864;813;2021-02-27;61418
2021-02-26;"Banskobystrický kraj";326;39553;468;40021;NA;79864;794;2021-02-26;60605
2021-02-25;"Banskobystrický kraj";375;17767;368;18135;NA;79864;743;2021-02-25;59811
2021-02-24;"Banskobystrický kraj";332;16760;374;17134;NA;79864;706;2021-02-24;59068
2021-02-23;"Banskobystrický kraj";462;19527;439;19966;NA;79864;901;2021-02-23;58362
2021-02-22;"Banskobystrický kraj";67;28684;601;29285;NA;79864;668;2021-02-22;57461
2021-02-21;"Banskobystrický kraj";68;37464;437;37901;NA;79864;505;2021-02-21;56793
2021-02-20;"Banskobystrický kraj";280;68890;599;69489;NA;79864;879;2021-02-20;56288
2021-02-19;"Banskobystrický kraj";420;39670;513;40183;NA;79864;933;2021-02-19;55409
2021-02-18;"Banskobystrický kraj";241;18661;398;19059;NA;79864;639;2021-02-18;54476
2021-02-17;"Banskobystrický kraj";415;16338;389;16727;NA;79864;804;2021-02-17;53837
2021-02-16;"Banskobystrický kraj";338;19955;369;20324;NA;79864;707;2021-02-16;53033
2021-02-15;"Banskobystrický kraj";118;35844;591;36435;NA;79864;709;2021-02-15;52326
2021-02-14;"Banskobystrický kraj";60;31894;386;32280;NA;79864;446;2021-02-14;51617
2021-02-13;"Banskobystrický kraj";202;53889;492;54381;NA;79864;694;2021-02-13;51171
2021-02-12;"Banskobystrický kraj";312;36620;533;37153;NA;79864;845;2021-02-12;50477
2021-02-11;"Banskobystrický kraj";305;20743;384;21127;NA;79864;689;2021-02-11;49632
2021-02-10;"Banskobystrický kraj";333;14790;344;15134;NA;79864;677;2021-02-10;48943
2021-02-09;"Banskobystrický kraj";329;18637;362;18999;NA;79864;691;2021-02-09;48266
2021-02-08;"Banskobystrický kraj";103;47426;675;48101;NA;79864;778;2021-02-08;47575
2021-02-07;"Banskobystrický kraj";70;36488;329;36817;NA;79864;399;2021-02-07;46797
2021-02-06;"Banskobystrický kraj";178;69655;570;70225;NA;79864;748;2021-02-06;46398
2021-02-05;"Banskobystrický kraj";282;24252;360;24612;NA;79864;642;2021-02-05;45650
2021-02-04;"Banskobystrický kraj";240;13393;429;13822;NA;79864;669;2021-02-04;45008
2021-02-03;"Banskobystrický kraj";350;9313;253;9566;NA;79864;603;2021-02-03;44339
2021-02-02;"Banskobystrický kraj";277;16050;338;16388;NA;79864;615;2021-02-02;43736
2021-02-01;"Banskobystrický kraj";75;24677;495;25172;NA;79864;570;2021-02-01;43121
2021-01-31;"Banskobystrický kraj";34;36111;302;36413;NA;79864;336;2021-01-31;42551
2021-01-30;"Banskobystrický kraj";163;49490;430;49920;NA;79864;593;2021-01-30;42215
2021-01-29;"Banskobystrický kraj";196;16974;269;17243;NA;79864;465;2021-01-29;41622
2021-01-28;"Banskobystrický kraj";218;14013;362;14375;NA;79864;580;2021-01-28;41157
2021-01-27;"Banskobystrický kraj";191;10775;203;10978;NA;79864;394;2021-01-27;40577
2021-01-26;"Banskobystrický kraj";238;19616;283;19899;NA;79864;521;2021-01-26;40183
2021-01-25;"Banskobystrický kraj";82;33456;412;33868;NA;79864;494;2021-01-25;39662
2021-01-24;"Banskobystrický kraj";38;35327;277;35604;NA;79864;315;2021-01-24;39168
2021-01-23;"Banskobystrický kraj";142;83829;506;84335;NA;79864;648;2021-01-23;38853
2021-01-22;"Banskobystrický kraj";175;27176;359;27535;NA;79864;534;2021-01-22;38205
2021-01-21;"Banskobystrický kraj";194;16592;285;16877;NA;79864;479;2021-01-21;37671
2021-01-20;"Banskobystrický kraj";231;9148;188;9336;NA;79864;419;2021-01-20;37192
2021-01-19;"Banskobystrický kraj";213;10493;308;10801;NA;79864;521;2021-01-19;36773
2021-01-18;"Banskobystrický kraj";94;5870;349;6219;NA;79864;443;2021-01-18;36252
2021-01-17;"Banskobystrický kraj";110;8154;77;8231;NA;79864;187;2021-01-17;35809
2021-01-16;"Banskobystrický kraj";58;2274;57;2331;NA;79864;115;2021-01-16;35622
2021-01-15;"Banskobystrický kraj";164;7664;217;7881;NA;79864;381;2021-01-15;35507
2021-01-14;"Banskobystrický kraj";220;5760;325;6085;NA;79864;545;2021-01-14;35126
2021-01-13;"Banskobystrický kraj";235;5974;217;6191;NA;79864;452;2021-01-13;34581
2021-01-12;"Banskobystrický kraj";194;6808;299;7107;NA;79864;493;2021-01-12;34129
2021-01-11;"Banskobystrický kraj";76;8231;481;8712;NA;79864;557;2021-01-11;33636
2021-01-10;"Banskobystrický kraj";110;233;4;237;NA;79864;114;2021-01-10;33079
2021-01-09;"Banskobystrický kraj";297;2380;83;2463;NA;79864;380;2021-01-09;32965
2021-01-08;"Banskobystrický kraj";435;9677;443;10120;NA;79864;878;2021-01-08;32585
2021-01-07;"Banskobystrický kraj";127;6322;366;6688;NA;79864;493;2021-01-07;31707
2021-01-06;"Banskobystrický kraj";305;3124;185;3309;NA;79864;490;2021-01-06;31214
2021-01-05;"Banskobystrický kraj";372;7349;533;7882;NA;79864;905;2021-01-05;30724
2021-01-04;"Banskobystrický kraj";130;7083;700;7783;NA;79864;830;2021-01-04;29819
2021-01-03;"Banskobystrický kraj";199;320;19;339;NA;79864;218;2021-01-03;28989
2021-01-02;"Banskobystrický kraj";123;702;85;787;NA;79864;208;2021-01-02;28771
2021-01-01;"Banskobystrický kraj";220;1958;132;2090;NA;79864;352;2021-01-01;28563
2020-12-31;"Banskobystrický kraj";499;7378;633;8011;NA;79864;1132;2020-12-31;28211
2020-12-30;"Banskobystrický kraj";593;7670;557;8227;NA;79864;1150;2020-12-30;27079
2020-12-29;"Banskobystrický kraj";240;7955;664;8619;NA;79864;904;2020-12-29;25929
2020-12-28;"Banskobystrický kraj";131;6098;711;6809;NA;79864;842;2020-12-28;25025
2020-12-27;"Banskobystrický kraj";116;541;25;566;NA;79864;141;2020-12-27;24183
2020-12-26;"Banskobystrický kraj";61;295;35;330;NA;79864;96;2020-12-26;24042
2020-12-25;"Banskobystrický kraj";65;313;10;323;NA;79864;75;2020-12-25;23946
2020-12-24;"Banskobystrický kraj";452;3685;135;3820;NA;79864;587;2020-12-24;23871
2020-12-23;"Banskobystrický kraj";368;10116;507;10623;NA;79864;875;2020-12-23;23284
2020-12-22;"Banskobystrický kraj";307;8449;624;9073;NA;79864;931;2020-12-22;22409
2020-12-21;"Banskobystrický kraj";286;4896;448;5344;NA;79864;734;2020-12-21;21478
2020-12-20;"Banskobystrický kraj";155;249;14;263;NA;79864;169;2020-12-20;20744
2020-12-19;"Banskobystrický kraj";170;3059;138;3197;NA;79864;308;2020-12-19;20575
2020-12-18;"Banskobystrický kraj";432;5965;324;6289;NA;79864;756;2020-12-18;20267
2020-12-17;"Banskobystrický kraj";468;8714;656;9370;NA;79864;1124;2020-12-17;19511
2020-12-16;"Banskobystrický kraj";379;10202;560;10762;NA;79864;939;2020-12-16;18387
2020-12-15;"Banskobystrický kraj";336;5425;433;5858;NA;79864;769;2020-12-15;17448
2020-12-14;"Banskobystrický kraj";148;3897;259;4156;NA;79864;407;2020-12-14;16679
2020-12-13;"Banskobystrický kraj";122;142;1;143;NA;79864;123;2020-12-13;16272
2020-12-12;"Banskobystrický kraj";137;2714;138;2852;NA;79864;275;2020-12-12;16149
2020-12-11;"Banskobystrický kraj";468;6587;374;6961;NA;79864;842;2020-12-11;15874
2020-12-10;"Banskobystrický kraj";280;5204;355;5559;NA;79864;635;2020-12-10;15032
2020-12-09;"Banskobystrický kraj";323;3850;213;4063;NA;79864;536;2020-12-09;14397
2020-12-08;"Banskobystrický kraj";256;3787;276;4063;NA;79864;532;2020-12-08;13861
2020-12-07;"Banskobystrický kraj";175;2380;156;2536;NA;79864;331;2020-12-07;13329
2020-12-06;"Banskobystrický kraj";121;507;11;518;NA;79864;132;2020-12-06;12998
2020-12-05;"Banskobystrický kraj";109;1099;34;1133;NA;79864;143;2020-12-05;12866
2020-12-04;"Banskobystrický kraj";339;3828;174;4002;NA;79864;513;2020-12-04;12723
2020-12-03;"Banskobystrický kraj";240;3193;234;3427;NA;79864;474;2020-12-03;12210
2020-12-02;"Banskobystrický kraj";217;4442;186;4628;NA;79864;403;2020-12-02;11736
2020-12-01;"Banskobystrický kraj";215;2702;134;2836;NA;79864;349;2020-12-01;11333
2020-11-30;"Banskobystrický kraj";74;4484;257;4741;NA;79864;331;2020-11-30;10984
2020-11-29;"Banskobystrický kraj";19;208;7;215;NA;79864;26;2020-11-29;10653
2020-11-28;"Banskobystrický kraj";81;1408;55;1463;NA;79864;136;2020-11-28;10627
2020-11-27;"Banskobystrický kraj";219;2266;123;2389;NA;79864;342;2020-11-27;10491
2020-11-26;"Banskobystrický kraj";208;2124;93;2217;NA;79864;301;2020-11-26;10149
2020-11-25;"Banskobystrický kraj";170;1952;86;2038;NA;79864;256;2020-11-25;9848
2020-11-24;"Banskobystrický kraj";166;2566;69;2635;NA;79864;235;2020-11-24;9592
2020-11-23;"Banskobystrický kraj";66;10240;194;10434;NA;79864;260;2020-11-23;9357
2020-11-22;"Banskobystrický kraj";38;104;1;105;NA;79864;39;2020-11-22;9097
2020-11-21;"Banskobystrický kraj";52;904;14;918;NA;79864;66;2020-11-21;9058
2020-11-20;"Banskobystrický kraj";127;2005;107;2112;NA;79864;234;2020-11-20;8992
2020-11-19;"Banskobystrický kraj";170;1218;82;1300;NA;79864;252;2020-11-19;8758
2020-11-18;"Banskobystrický kraj";153;698;65;763;NA;79864;218;2020-11-18;8506
2020-11-17;"Banskobystrický kraj";52;578;35;613;NA;79864;87;2020-11-17;8288
2020-11-16;"Banskobystrický kraj";106;470;25;495;NA;79864;131;2020-11-16;8201
2020-11-15;"Banskobystrický kraj";52;301;4;305;NA;79864;56;2020-11-15;8070
2020-11-14;"Banskobystrický kraj";73;305;2;307;NA;79864;75;2020-11-14;8014
2020-11-13;"Banskobystrický kraj";157;552;11;563;NA;79864;168;2020-11-13;7939
2020-11-12;"Banskobystrický kraj";218;952;44;996;NA;79864;262;2020-11-12;7771
2020-11-11;"Banskobystrický kraj";224;437;9;446;NA;79864;233;2020-11-11;7509
2020-11-10;"Banskobystrický kraj";263;463;18;481;NA;79864;281;2020-11-10;7276
2020-11-09;"Banskobystrický kraj";80;2678;31;2709;NA;79864;111;2020-11-09;6995
2020-11-08;"Banskobystrický kraj";82;981;16;997;NA;79864;98;2020-11-08;6884
2020-11-07;"Banskobystrický kraj";164;8828;94;8922;NA;79864;258;2020-11-07;6786
2020-11-06;"Banskobystrický kraj";227;2496;16;2512;NA;79864;243;2020-11-06;6528
2020-11-05;"Banskobystrický kraj";240;290;33;323;NA;79864;273;2020-11-05;6285
2020-11-04;"Banskobystrický kraj";254;1366;13;1379;NA;79864;267;2020-11-04;6012
2020-11-03;"Banskobystrický kraj";246;1332;4;1336;NA;79864;250;2020-11-03;5745
2020-11-02;"Banskobystrický kraj";90;2909;65;2974;NA;79864;155;2020-11-02;5495
2020-11-01;"Banskobystrický kraj";101;2671;42;2713;NA;79864;143;2020-11-01;5340
2020-10-31;"Banskobystrický kraj";199;13516;116;13632;NA;79864;315;2020-10-31;5197
2020-10-30;"Banskobystrický kraj";254;2829;20;2849;NA;79864;274;2020-10-30;4882
2020-10-29;"Banskobystrický kraj";372;969;42;1011;NA;79864;414;2020-10-29;4608
2020-10-28;"Banskobystrický kraj";285;302;30;332;NA;79864;315;2020-10-28;4194
2020-10-27;"Banskobystrický kraj";266;654;40;694;NA;79864;306;2020-10-27;3879
2020-10-26;"Banskobystrický kraj";38;234;29;263;NA;79864;67;2020-10-26;3573
2020-10-25;"Banskobystrický kraj";50;140;11;151;NA;79864;61;2020-10-25;3506
2020-10-24;"Banskobystrický kraj";315;114;12;126;NA;79864;327;2020-10-24;3445
2020-10-23;"Banskobystrický kraj";231;230;29;259;NA;79864;260;2020-10-23;3118
2020-10-22;"Banskobystrický kraj";264;253;24;277;NA;79864;288;2020-10-22;2858
2020-10-21;"Banskobystrický kraj";209;266;3;269;NA;79864;212;2020-10-21;2570
2020-10-20;"Banskobystrický kraj";210;66;3;69;NA;79864;213;2020-10-20;2358
2020-10-19;"Banskobystrický kraj";27;73;12;85;NA;79864;39;2020-10-19;2145
2020-10-18;"Banskobystrický kraj";49;0;0;0;NA;79864;49;2020-10-18;2106
2020-10-17;"Banskobystrický kraj";91;0;0;0;NA;79864;91;2020-10-17;2057
2020-10-16;"Banskobystrický kraj";224;37;3;40;NA;79864;227;2020-10-16;1966
2020-10-15;"Banskobystrický kraj";133;29;1;30;NA;79864;134;2020-10-15;1739
2020-10-14;"Banskobystrický kraj";139;31;1;32;NA;79864;140;2020-10-14;1605
2020-10-13;"Banskobystrický kraj";151;169;11;180;NA;79864;162;2020-10-13;1465
2020-10-12;"Banskobystrický kraj";11;110;4;114;NA;79864;15;2020-10-12;1303
2020-10-11;"Banskobystrický kraj";14;0;0;0;NA;79864;14;2020-10-11;1288
2020-10-10;"Banskobystrický kraj";53;0;0;0;NA;79864;53;2020-10-10;1274
2020-10-09;"Banskobystrický kraj";128;0;0;0;NA;79864;128;2020-10-09;1221
2020-10-08;"Banskobystrický kraj";99;0;0;0;NA;79864;99;2020-10-08;1093
2020-10-07;"Banskobystrický kraj";124;0;0;0;NA;79864;124;2020-10-07;994
2020-10-06;"Banskobystrický kraj";68;0;0;0;NA;79864;68;2020-10-06;870
2020-10-05;"Banskobystrický kraj";49;0;0;0;NA;79864;49;2020-10-05;802
2020-10-04;"Banskobystrický kraj";8;0;0;0;NA;79864;8;2020-10-04;753
2020-10-03;"Banskobystrický kraj";37;0;0;0;NA;79864;37;2020-10-03;745
2020-10-02;"Banskobystrický kraj";74;0;0;0;NA;79864;74;2020-10-02;708
2020-10-01;"Banskobystrický kraj";49;0;0;0;NA;79864;49;2020-10-01;634
2020-09-30;"Banskobystrický kraj";60;0;0;0;NA;79864;60;2020-09-30;585
2020-09-29;"Banskobystrický kraj";24;0;0;0;NA;79864;24;2020-09-29;525
2020-09-28;"Banskobystrický kraj";0;0;0;0;NA;79864;0;2020-09-28;501
2020-09-27;"Banskobystrický kraj";20;0;0;0;NA;79864;20;2020-09-27;501
2020-09-26;"Banskobystrický kraj";24;0;0;0;NA;79864;24;2020-09-26;481
2020-09-25;"Banskobystrický kraj";29;0;0;0;NA;79864;29;2020-09-25;457
2020-09-24;"Banskobystrický kraj";25;0;0;0;NA;79864;25;2020-09-24;428
2020-09-23;"Banskobystrický kraj";17;0;0;0;NA;79864;17;2020-09-23;403
2020-09-22;"Banskobystrický kraj";25;0;0;0;NA;79864;25;2020-09-22;386
2020-09-21;"Banskobystrický kraj";3;0;0;0;NA;79864;3;2020-09-21;361
2020-09-20;"Banskobystrický kraj";0;0;0;0;NA;79864;0;2020-09-20;358
2020-09-19;"Banskobystrický kraj";3;0;0;0;NA;79864;3;2020-09-19;358
2020-09-18;"Banskobystrický kraj";24;0;0;0;NA;79864;24;2020-09-18;355
2020-09-17;"Banskobystrický kraj";14;0;0;0;NA;79864;14;2020-09-17;331
2020-09-16;"Banskobystrický kraj";6;0;0;0;NA;79864;6;2020-09-16;317
2020-09-15;"Banskobystrický kraj";2;0;0;0;NA;79864;2;2020-09-15;311
2020-09-14;"Banskobystrický kraj";13;0;0;0;NA;79864;13;2020-09-14;309
2020-09-13;"Banskobystrický kraj";1;0;0;0;NA;79864;1;2020-09-13;296
2020-09-12;"Banskobystrický kraj";5;0;0;0;NA;79864;5;2020-09-12;295
2020-09-11;"Banskobystrický kraj";19;0;0;0;NA;79864;19;2020-09-11;290
2020-09-10;"Banskobystrický kraj";11;0;0;0;NA;79864;11;2020-09-10;271
2020-09-09;"Banskobystrický kraj";13;0;0;0;NA;79864;13;2020-09-09;260
2020-09-08;"Banskobystrický kraj";5;0;0;0;NA;79864;5;2020-09-08;247
2020-09-07;"Banskobystrický kraj";2;0;0;0;NA;79864;2;2020-09-07;242
2020-09-06;"Banskobystrický kraj";0;0;0;0;NA;79864;0;2020-09-06;240
2020-09-05;"Banskobystrický kraj";0;0;0;0;NA;79864;0;2020-09-05;240
2020-09-04;"Banskobystrický kraj";9;0;0;0;NA;79864;9;2020-09-04;240
2020-09-03;"Banskobystrický kraj";5;0;0;0;NA;79864;5;2020-09-03;231
2020-09-02;"Banskobystrický kraj";6;0;0;0;NA;79864;6;2020-09-02;226
2020-09-01;"Banskobystrický kraj";2;0;0;0;NA;79864;2;2020-09-01;220
2020-08-31;"Banskobystrický kraj";6;0;0;0;NA;79864;6;2020-08-31;218
2020-08-30;"Banskobystrický kraj";0;0;0;0;NA;79864;0;2020-08-30;212
2020-08-29;"Banskobystrický kraj";1;0;0;0;NA;79864;1;2020-08-29;212
2020-08-28;"Banskobystrický kraj";3;0;0;0;NA;79864;3;2020-08-28;211
2020-08-27;"Banskobystrický kraj";1;0;0;0;NA;79864;1;2020-08-27;208
2020-08-26;"Banskobystrický kraj";2;0;0;0;NA;79864;2;2020-08-26;207
2020-08-25;"Banskobystrický kraj";2;0;0;0;NA;79864;2;2020-08-25;205
2020-08-24;"Banskobystrický kraj";0;0;0;0;NA;79864;0;2020-08-24;203
2020-08-23;"Banskobystrický kraj";0;0;0;0;NA;79864;0;2020-08-23;203
2020-08-22;"Banskobystrický kraj";0;0;0;0;NA;79864;0;2020-08-22;203
2020-08-21;"Banskobystrický kraj";4;0;0;0;NA;79864;4;2020-08-21;203
2020-08-20;"Banskobystrický kraj";1;0;0;0;NA;79864;1;2020-08-20;199
2020-08-19;"Banskobystrický kraj";4;0;0;0;NA;79864;4;2020-08-19;198
2020-08-18;"Banskobystrický kraj";0;0;0;0;NA;79864;0;2020-08-18;194
2020-08-17;"Banskobystrický kraj";1;0;0;0;NA;79864;1;2020-08-17;194
2020-08-16;"Banskobystrický kraj";0;0;0;0;NA;79864;0;2020-08-16;193
2020-08-15;"Banskobystrický kraj";0;0;0;0;NA;79864;0;2020-08-15;193
2020-08-14;"Banskobystrický kraj";5;0;0;0;NA;79864;5;2020-08-14;193
2020-08-13;"Banskobystrický kraj";0;0;0;0;NA;79864;0;2020-08-13;188
2020-08-12;"Banskobystrický kraj";0;0;0;0;NA;79864;0;2020-08-12;188
2020-08-11;"Banskobystrický kraj";2;0;0;0;NA;79864;2;2020-08-11;188
2020-08-10;"Banskobystrický kraj";3;0;0;0;NA;79864;3;2020-08-10;186
2020-08-09;"Banskobystrický kraj";0;0;0;0;NA;79864;0;2020-08-09;183
2020-08-08;"Banskobystrický kraj";2;0;0;0;NA;79864;2;2020-08-08;183
2020-08-07;"Banskobystrický kraj";1;0;0;0;NA;79864;1;2020-08-07;181
2020-08-06;"Banskobystrický kraj";1;0;0;0;NA;79864;1;2020-08-06;180
2020-08-05;"Banskobystrický kraj";0;0;0;0;NA;79864;0;2020-08-05;179
2020-08-04;"Banskobystrický kraj";3;0;0;0;NA;79864;3;2020-08-04;179
2020-08-03;"Banskobystrický kraj";0;0;0;0;NA;79864;0;2020-08-03;176
2020-08-02;"Banskobystrický kraj";0;0;0;0;NA;79864;0;2020-08-02;176
2020-08-01;"Banskobystrický kraj";1;0;0;0;NA;79864;1;2020-08-01;176
2020-07-31;"Banskobystrický kraj";2;0;0;0;NA;79864;2;2020-07-31;175
2020-07-30;"Banskobystrický kraj";1;0;0;0;NA;79864;1;2020-07-30;173
2020-07-29;"Banskobystrický kraj";0;0;0;0;NA;79864;0;2020-07-29;172
2020-07-28;"Banskobystrický kraj";2;0;0;0;NA;79864;2;2020-07-28;172
2020-07-27;"Banskobystrický kraj";3;0;0;0;NA;79864;3;2020-07-27;170
2020-07-26;"Banskobystrický kraj";0;0;0;0;NA;79864;0;2020-07-26;167
2020-07-25;"Banskobystrický kraj";0;0;0;0;NA;79864;0;2020-07-25;167
2020-07-24;"Banskobystrický kraj";9;0;0;0;NA;79864;9;2020-07-24;167
2020-07-23;"Banskobystrický kraj";0;0;0;0;NA;79864;0;2020-07-23;158
2020-07-22;"Banskobystrický kraj";3;0;0;0;NA;79864;3;2020-07-22;158
2020-07-21;"Banskobystrický kraj";3;0;0;0;NA;79864;3;2020-07-21;155
2020-07-20;"Banskobystrický kraj";1;0;0;0;NA;79864;1;2020-07-20;152
2020-07-19;"Banskobystrický kraj";1;0;0;0;NA;79864;1;2020-07-19;151
2020-07-18;"Banskobystrický kraj";0;0;0;0;NA;79864;0;2020-07-18;150
2020-07-17;"Banskobystrický kraj";2;0;0;0;NA;79864;2;2020-07-17;150
2020-07-16;"Banskobystrický kraj";1;0;0;0;NA;79864;1;2020-07-16;148
2020-07-15;"Banskobystrický kraj";4;0;0;0;NA;79864;4;2020-07-15;147
2020-07-14;"Banskobystrický kraj";2;0;0;0;NA;79864;2;2020-07-14;143
2020-07-13;"Banskobystrický kraj";1;0;0;0;NA;79864;1;2020-07-13;141
2020-07-12;"Banskobystrický kraj";0;0;0;0;NA;79864;0;2020-07-12;140
2020-07-11;"Banskobystrický kraj";0;0;0;0;NA;79864;0;2020-07-11;140
2020-07-10;"Banskobystrický kraj";3;0;0;0;NA;79864;3;2020-07-10;140
2020-07-09;"Banskobystrický kraj";9;0;0;0;NA;79864;9;2020-07-09;137
2020-07-08;"Banskobystrický kraj";0;0;0;0;NA;79864;0;2020-07-08;128
2020-07-07;"Banskobystrický kraj";4;0;0;0;NA;79864;4;2020-07-07;128
2020-07-06;"Banskobystrický kraj";0;0;0;0;NA;79864;0;2020-07-06;124
2020-07-05;"Banskobystrický kraj";0;0;0;0;NA;79864;0;2020-07-05;124
2020-07-04;"Banskobystrický kraj";1;0;0;0;NA;79864;1;2020-07-04;124
2020-07-03;"Banskobystrický kraj";4;0;0;0;NA;79864;4;2020-07-03;123
2020-07-02;"Banskobystrický kraj";0;0;0;0;NA;79864;0;2020-07-02;119
2020-07-01;"Banskobystrický kraj";1;0;0;0;NA;79864;1;2020-07-01;119
2020-06-30;"Banskobystrický kraj";0;0;0;0;NA;79864;0;2020-06-30;118
2020-06-29;"Banskobystrický kraj";0;0;0;0;NA;79864;0;2020-06-29;118
2020-06-28;"Banskobystrický kraj";0;0;0;0;NA;79864;0;2020-06-28;118
2020-06-27;"Banskobystrický kraj";0;0;0;0;NA;79864;0;2020-06-27;118
2020-06-26;"Banskobystrický kraj";0;0;0;0;NA;79864;0;2020-06-26;118
2020-06-25;"Banskobystrický kraj";1;0;0;0;NA;79864;1;2020-06-25;118
2020-06-24;"Banskobystrický kraj";0;0;0;0;NA;79864;0;2020-06-24;117
2020-06-23;"Banskobystrický kraj";6;0;0;0;NA;79864;6;2020-06-23;117
2020-06-22;"Banskobystrický kraj";0;0;0;0;NA;79864;0;2020-06-22;111
2020-06-21;"Banskobystrický kraj";0;0;0;0;NA;79864;0;2020-06-21;111
2020-06-20;"Banskobystrický kraj";0;0;0;0;NA;79864;0;2020-06-20;111
2020-06-19;"Banskobystrický kraj";2;0;0;0;NA;79864;2;2020-06-19;111
2020-06-18;"Banskobystrický kraj";10;0;0;0;NA;79864;10;2020-06-18;109
2020-06-17;"Banskobystrický kraj";1;0;0;0;NA;79864;1;2020-06-17;99
2020-06-16;"Banskobystrický kraj";0;0;0;0;NA;79864;0;2020-06-16;98
2020-06-14;"Banskobystrický kraj";2;0;0;0;NA;79864;2;2020-06-14;98
2020-06-13;"Banskobystrický kraj";2;0;0;0;NA;79864;2;2020-06-13;96
2020-06-12;"Banskobystrický kraj";0;0;0;0;NA;79864;0;2020-06-12;94
2020-06-11;"Banskobystrický kraj";1;0;0;0;NA;79864;1;2020-06-11;94
2020-06-10;"Banskobystrický kraj";0;0;0;0;NA;79864;0;2020-06-10;93
2020-06-09;"Banskobystrický kraj";0;0;0;0;NA;79864;0;2020-06-09;93
2020-06-08;"Banskobystrický kraj";0;0;0;0;NA;79864;0;2020-06-08;93
2020-06-07;"Banskobystrický kraj";0;0;0;0;NA;79864;0;2020-06-07;93
2020-06-05;"Banskobystrický kraj";2;0;0;0;NA;79864;2;2020-06-05;93
2020-06-03;"Banskobystrický kraj";0;0;0;0;NA;79864;0;2020-06-03;91
2020-06-02;"Banskobystrický kraj";0;0;0;0;NA;79864;0;2020-06-02;91
2020-05-31;"Banskobystrický kraj";0;0;0;0;NA;79864;0;2020-05-31;91
2020-05-29;"Banskobystrický kraj";0;0;0;0;NA;79864;0;2020-05-29;91
2020-05-27;"Banskobystrický kraj";1;0;0;0;NA;79864;1;2020-05-27;91
2020-05-26;"Banskobystrický kraj";0;0;0;0;NA;79864;0;2020-05-26;90
2020-05-25;"Banskobystrický kraj";0;0;0;0;NA;79864;0;2020-05-25;90
2020-05-24;"Banskobystrický kraj";0;0;0;0;NA;79864;0;2020-05-24;90
2020-05-23;"Banskobystrický kraj";1;0;0;0;NA;79864;1;2020-05-23;90
2020-05-22;"Banskobystrický kraj";0;0;0;0;NA;79864;0;2020-05-22;89
2020-05-21;"Banskobystrický kraj";0;0;0;0;NA;79864;0;2020-05-21;89
2020-05-20;"Banskobystrický kraj";1;0;0;0;NA;79864;1;2020-05-20;89
2020-05-19;"Banskobystrický kraj";0;0;0;0;NA;79864;0;2020-05-19;88
2020-05-17;"Banskobystrický kraj";0;0;0;0;NA;79864;0;2020-05-17;88
2020-05-16;"Banskobystrický kraj";0;0;0;0;NA;79864;0;2020-05-16;88
2020-05-15;"Banskobystrický kraj";0;0;0;0;NA;79864;0;2020-05-15;88
2020-05-14;"Banskobystrický kraj";0;0;0;0;NA;79864;0;2020-05-14;88
2020-05-13;"Banskobystrický kraj";0;0;0;0;NA;79864;0;2020-05-13;88
2020-05-12;"Banskobystrický kraj";1;0;0;0;NA;79864;1;2020-05-12;88
2020-05-11;"Banskobystrický kraj";0;0;0;0;NA;79864;0;2020-05-11;87
2020-05-09;"Banskobystrický kraj";0;0;0;0;NA;79864;0;2020-05-09;87
2020-05-07;"Banskobystrický kraj";2;0;0;0;NA;79864;2;2020-05-07;87
2020-05-06;"Banskobystrický kraj";1;0;0;0;NA;79864;1;2020-05-06;85
2020-05-05;"Banskobystrický kraj";2;0;0;0;NA;79864;2;2020-05-05;84
2020-05-04;"Banskobystrický kraj";0;0;0;0;NA;79864;0;2020-05-04;82
2020-05-03;"Banskobystrický kraj";0;0;0;0;NA;79864;0;2020-05-03;82
2020-05-02;"Banskobystrický kraj";0;0;0;0;NA;79864;0;2020-05-02;82
2020-05-01;"Banskobystrický kraj";0;0;0;0;NA;79864;0;2020-05-01;82
2020-04-30;"Banskobystrický kraj";1;0;0;0;NA;79864;1;2020-04-30;82
2020-04-29;"Banskobystrický kraj";1;0;0;0;NA;79864;1;2020-04-29;81
2020-04-28;"Banskobystrický kraj";0;0;0;0;NA;79864;0;2020-04-28;80
2020-04-27;"Banskobystrický kraj";0;0;0;0;NA;79864;0;2020-04-27;80
2020-04-26;"Banskobystrický kraj";0;0;0;0;NA;79864;0;2020-04-26;80
2020-04-25;"Banskobystrický kraj";2;0;0;0;NA;79864;2;2020-04-25;80
2020-04-24;"Banskobystrický kraj";3;0;0;0;NA;79864;3;2020-04-24;78
2020-04-23;"Banskobystrický kraj";2;0;0;0;NA;79864;2;2020-04-23;75
2020-04-22;"Banskobystrický kraj";2;0;0;0;NA;79864;2;2020-04-22;73
2020-04-21;"Banskobystrický kraj";2;0;0;0;NA;79864;2;2020-04-21;71
2020-04-20;"Banskobystrický kraj";0;0;0;0;NA;79864;0;2020-04-20;69
2020-04-19;"Banskobystrický kraj";0;0;0;0;NA;79864;0;2020-04-19;69
2020-04-18;"Banskobystrický kraj";8;0;0;0;NA;79864;8;2020-04-18;69
2020-04-17;"Banskobystrický kraj";2;0;0;0;NA;79864;2;2020-04-17;61
2020-04-16;"Banskobystrický kraj";0;0;0;0;NA;79864;0;2020-04-16;59
2020-04-15;"Banskobystrický kraj";10;0;0;0;NA;79864;10;2020-04-15;59
2020-04-14;"Banskobystrický kraj";0;0;0;0;NA;79864;0;2020-04-14;49
2020-04-13;"Banskobystrický kraj";2;0;0;0;NA;79864;2;2020-04-13;49
2020-04-12;"Banskobystrický kraj";4;0;0;0;NA;79864;4;2020-04-12;47
2020-04-11;"Banskobystrický kraj";1;0;0;0;NA;79864;1;2020-04-11;43
2020-04-10;"Banskobystrický kraj";0;0;0;0;NA;79864;0;2020-04-10;42
2020-04-09;"Banskobystrický kraj";2;0;0;0;NA;79864;2;2020-04-09;42
2020-04-08;"Banskobystrický kraj";0;0;0;0;NA;79864;0;2020-04-08;40
2020-04-07;"Banskobystrický kraj";4;0;0;0;NA;79864;4;2020-04-07;40
2020-04-06;"Banskobystrický kraj";10;0;0;0;NA;79864;10;2020-04-06;36
2020-04-05;"Banskobystrický kraj";9;0;0;0;NA;79864;9;2020-04-05;26
2020-04-04;"Banskobystrický kraj";0;0;0;0;NA;79864;0;2020-04-04;17
2020-04-03;"Banskobystrický kraj";2;0;0;0;NA;79864;2;2020-04-03;17
2020-04-02;"Banskobystrický kraj";2;0;0;0;NA;79864;2;2020-04-02;15
2020-04-01;"Banskobystrický kraj";5;0;0;0;NA;79864;5;2020-04-01;13
2020-03-31;"Banskobystrický kraj";3;0;0;0;NA;79864;3;2020-03-31;8
2020-03-30;"Banskobystrický kraj";1;0;0;0;NA;79864;1;2020-03-30;5
2020-03-29;"Banskobystrický kraj";2;0;0;0;NA;79864;2;2020-03-29;4
2020-03-28;"Banskobystrický kraj";1;0;0;0;NA;79864;1;2020-03-28;2
2020-03-27;"Banskobystrický kraj";1;531;4;535;NA;79864;5;2020-03-27;1
2020-03-26;"Banskobystrický kraj";1;0;0;0;NA;79864;1;2020-03-26;-4
2020-03-25;"Banskobystrický kraj";0;0;0;0;NA;79864;0;2020-03-25;-5
2020-03-24;"Banskobystrický kraj";1;0;0;0;NA;79864;1;2020-03-24;-5
2020-03-23;"Banskobystrický kraj";1;0;0;0;NA;79864;1;2020-03-23;-6
2020-03-22;"Banskobystrický kraj";0;0;0;0;NA;79864;0;2020-03-22;-7
2020-03-21;"Banskobystrický kraj";3;0;0;0;NA;79864;3;2020-03-21;-7
2020-03-20;"Banskobystrický kraj";0;0;0;0;NA;79864;0;2020-03-20;-10
2020-03-19;"Banskobystrický kraj";2;0;0;0;NA;79864;2;2020-03-19;-10
2020-03-18;"Banskobystrický kraj";1;0;0;0;NA;79864;1;2020-03-18;-12
2020-03-17;"Banskobystrický kraj";1;0;0;0;NA;79864;1;2020-03-17;-13
2020-03-16;"Banskobystrický kraj";0;0;0;0;NA;79864;0;2020-03-16;-14
2020-03-15;"Banskobystrický kraj";1;0;0;0;NA;79864;1;2020-03-15;-14
2020-03-14;"Banskobystrický kraj";0;0;0;0;NA;79864;0;2020-03-14;-15
2020-03-13;"Banskobystrický kraj";1;0;0;0;NA;79864;1;2020-03-13;-15
2020-03-12;"Banskobystrický kraj";0;0;0;0;NA;79864;0;2020-03-12;-16
2020-03-11;"Banskobystrický kraj";0;0;0;0;NA;79864;0;2020-03-11;-16
2020-03-09;"Banskobystrický kraj";0;0;0;0;NA;79864;0;2020-03-09;-16
2020-03-08;"Banskobystrický kraj";0;0;0;0;NA;79864;0;2020-03-08;-16
2020-03-07;"Banskobystrický kraj";0;0;0;0;NA;79864;0;2020-03-07;-16
2020-03-06;"Banskobystrický kraj";0;0;0;0;NA;79864;0;2020-03-06;-16
2021-04-18;"Bratislavský kraj";35;44817;38;44855;43116;87533;73;2021-04-18;87533
2021-04-17;"Bratislavský kraj";13;59491;89;59580;NA;87533;102;2021-04-17;87460
2021-04-16;"Bratislavský kraj";62;38310;73;38383;NA;87533;135;2021-04-16;87358
2021-04-15;"Bratislavský kraj";34;30464;72;30536;NA;87533;106;2021-04-15;87223
2021-04-14;"Bratislavský kraj";65;32857;87;32944;NA;87533;152;2021-04-14;87117
2021-04-13;"Bratislavský kraj";82;34346;77;34423;NA;87533;159;2021-04-13;86965
2021-04-12;"Bratislavský kraj";77;43527;114;43641;NA;87533;191;2021-04-12;86806
2021-04-11;"Bratislavský kraj";42;59071;123;59194;NA;87533;165;2021-04-11;86615
2021-04-10;"Bratislavský kraj";14;75633;165;75798;NA;87533;179;2021-04-10;86450
2021-04-09;"Bratislavský kraj";72;41481;97;41578;NA;87533;169;2021-04-09;86271
2021-04-08;"Bratislavský kraj";71;29314;92;29406;NA;87533;163;2021-04-08;86102
2021-04-07;"Bratislavský kraj";96;36977;102;37079;NA;87533;198;2021-04-07;85939
2021-04-06;"Bratislavský kraj";94;54574;173;54747;NA;87533;267;2021-04-06;85741
2021-04-05;"Bratislavský kraj";85;18528;87;18615;NA;87533;172;2021-04-05;85474
2021-04-04;"Bratislavský kraj";37;27474;73;27547;NA;87533;110;2021-04-04;85302
2021-04-03;"Bratislavský kraj";52;78686;220;78906;NA;87533;272;2021-04-03;85192
2021-04-02;"Bratislavský kraj";33;23954;104;24058;NA;87533;137;2021-04-02;84920
2021-04-01;"Bratislavský kraj";119;56219;154;56373;NA;87533;273;2021-04-01;84783
2021-03-31;"Bratislavský kraj";105;44693;149;44842;NA;87533;254;2021-03-31;84510
2021-03-30;"Bratislavský kraj";100;38585;142;38727;NA;87533;242;2021-03-30;84256
2021-03-29;"Bratislavský kraj";153;39951;176;40127;NA;87533;329;2021-03-29;84014
2021-03-28;"Bratislavský kraj";59;53341;137;53478;NA;87533;196;2021-03-28;83685
2021-03-27;"Bratislavský kraj";53;78388;238;78626;NA;87533;291;2021-03-27;83489
2021-03-26;"Bratislavský kraj";114;55615;190;55805;NA;87533;304;2021-03-26;83198
2021-03-25;"Bratislavský kraj";76;36175;170;36345;NA;87533;246;2021-03-25;82894
2021-03-24;"Bratislavský kraj";120;30072;200;30272;NA;87533;320;2021-03-24;82648
2021-03-23;"Bratislavský kraj";138;36073;189;36262;NA;87533;327;2021-03-23;82328
2021-03-22;"Bratislavský kraj";110;42187;218;42405;NA;87533;328;2021-03-22;82001
2021-03-21;"Bratislavský kraj";54;61297;212;61509;NA;87533;266;2021-03-21;81673
2021-03-20;"Bratislavský kraj";59;71927;227;72154;NA;87533;286;2021-03-20;81407
2021-03-19;"Bratislavský kraj";139;54071;255;54326;NA;87533;394;2021-03-19;81121
2021-03-18;"Bratislavský kraj";142;34040;190;34230;NA;87533;332;2021-03-18;80727
2021-03-17;"Bratislavský kraj";177;30071;215;30286;NA;87533;392;2021-03-17;80395
2021-03-16;"Bratislavský kraj";258;36306;282;36588;NA;87533;540;2021-03-16;80003
2021-03-15;"Bratislavský kraj";180;37436;251;37687;NA;87533;431;2021-03-15;79463
2021-03-14;"Bratislavský kraj";75;51470;270;51740;NA;87533;345;2021-03-14;79032
2021-03-13;"Bratislavský kraj";110;79755;330;80085;NA;87533;440;2021-03-13;78687
2021-03-12;"Bratislavský kraj";152;54520;301;54821;NA;87533;453;2021-03-12;78247
2021-03-11;"Bratislavský kraj";178;34812;282;35094;NA;87533;460;2021-03-11;77794
2021-03-10;"Bratislavský kraj";164;30815;273;31088;NA;87533;437;2021-03-10;77334
2021-03-09;"Bratislavský kraj";242;37590;267;37857;NA;87533;509;2021-03-09;76897
2021-03-08;"Bratislavský kraj";255;40689;343;41032;NA;87533;598;2021-03-08;76388
2021-03-07;"Bratislavský kraj";142;51537;290;51827;NA;87533;432;2021-03-07;75790
2021-03-06;"Bratislavský kraj";79;71706;413;72119;NA;87533;492;2021-03-06;75358
2021-03-05;"Bratislavský kraj";238;51335;303;51638;NA;87533;541;2021-03-05;74866
2021-03-04;"Bratislavský kraj";204;34642;344;34986;NA;87533;548;2021-03-04;74325
2021-03-03;"Bratislavský kraj";250;30418;363;30781;NA;87533;613;2021-03-03;73777
2021-03-02;"Bratislavský kraj";267;39695;388;40083;NA;87533;655;2021-03-02;73164
2021-03-01;"Bratislavský kraj";320;38464;436;38900;NA;87533;756;2021-03-01;72509
2021-02-28;"Bratislavský kraj";184;49969;323;50292;NA;87533;507;2021-02-28;71753
2021-02-27;"Bratislavský kraj";151;79455;471;79926;NA;87533;622;2021-02-27;71246
2021-02-26;"Bratislavský kraj";277;47104;403;47507;NA;87533;680;2021-02-26;70624
2021-02-25;"Bratislavský kraj";277;28385;410;28795;NA;87533;687;2021-02-25;69944
2021-02-24;"Bratislavský kraj";217;27176;427;27603;NA;87533;644;2021-02-24;69257
2021-02-23;"Bratislavský kraj";257;30790;389;31179;NA;87533;646;2021-02-23;68613
2021-02-22;"Bratislavský kraj";353;36311;491;36802;NA;87533;844;2021-02-22;67967
2021-02-21;"Bratislavský kraj";185;50102;379;50481;NA;87533;564;2021-02-21;67123
2021-02-20;"Bratislavský kraj";167;76746;563;77309;NA;87533;730;2021-02-20;66559
2021-02-19;"Bratislavský kraj";280;44669;410;45079;NA;87533;690;2021-02-19;65829
2021-02-18;"Bratislavský kraj";263;26773;386;27159;NA;87533;649;2021-02-18;65139
2021-02-17;"Bratislavský kraj";264;22304;321;22625;NA;87533;585;2021-02-17;64490
2021-02-16;"Bratislavský kraj";289;27694;350;28044;NA;87533;639;2021-02-16;63905
2021-02-15;"Bratislavský kraj";248;36601;391;36992;NA;87533;639;2021-02-15;63266
2021-02-14;"Bratislavský kraj";153;45008;324;45332;NA;87533;477;2021-02-14;62627
2021-02-13;"Bratislavský kraj";173;70114;529;70643;NA;87533;702;2021-02-13;62150
2021-02-12;"Bratislavský kraj";282;35474;332;35806;NA;87533;614;2021-02-12;61448
2021-02-11;"Bratislavský kraj";337;24124;289;24413;NA;87533;626;2021-02-11;60834
2021-02-10;"Bratislavský kraj";314;22750;353;23103;NA;87533;667;2021-02-10;60208
2021-02-09;"Bratislavský kraj";287;36052;453;36505;NA;87533;740;2021-02-09;59541
2021-02-08;"Bratislavský kraj";484;33468;401;33869;NA;87533;885;2021-02-08;58801
2021-02-07;"Bratislavský kraj";243;50382;430;50812;NA;87533;673;2021-02-07;57916
2021-02-06;"Bratislavský kraj";116;65118;530;65648;NA;87533;646;2021-02-06;57243
2021-02-05;"Bratislavský kraj";327;27423;376;27799;NA;87533;703;2021-02-05;56597
2021-02-04;"Bratislavský kraj";555;16331;350;16681;NA;87533;905;2021-02-04;55894
2021-02-03;"Bratislavský kraj";161;12936;358;13294;NA;87533;519;2021-02-03;54989
2021-02-02;"Bratislavský kraj";397;26899;485;27384;NA;87533;882;2021-02-02;54470
2021-02-01;"Bratislavský kraj";221;37667;507;38174;NA;87533;728;2021-02-01;53588
2021-01-31;"Bratislavský kraj";180;35621;425;36046;NA;87533;605;2021-01-31;52860
2021-01-30;"Bratislavský kraj";310;45888;499;46387;NA;87533;809;2021-01-30;52255
2021-01-29;"Bratislavský kraj";344;16341;341;16682;NA;87533;685;2021-01-29;51446
2021-01-28;"Bratislavský kraj";307;10643;301;10944;NA;87533;608;2021-01-28;50761
2021-01-27;"Bratislavský kraj";336;21988;341;22329;NA;87533;677;2021-01-27;50153
2021-01-26;"Bratislavský kraj";297;22078;308;22386;NA;87533;605;2021-01-26;49476
2021-01-25;"Bratislavský kraj";356;22405;248;22653;NA;87533;604;2021-01-25;48871
2021-01-24;"Bratislavský kraj";175;37754;391;38145;NA;87533;566;2021-01-24;48267
2021-01-23;"Bratislavský kraj";396;79317;703;80020;NA;87533;1099;2021-01-23;47701
2021-01-22;"Bratislavský kraj";199;41866;365;42231;NA;87533;564;2021-01-22;46602
2021-01-21;"Bratislavský kraj";255;105639;1317;106956;NA;87533;1572;2021-01-21;46038
2021-01-20;"Bratislavský kraj";360;27082;457;27539;NA;87533;817;2021-01-20;44466
2021-01-19;"Bratislavský kraj";375;13748;339;14087;NA;87533;714;2021-01-19;43649
2021-01-18;"Bratislavský kraj";357;11977;707;12684;NA;87533;1064;2021-01-18;42935
2021-01-17;"Bratislavský kraj";244;426;26;452;NA;87533;270;2021-01-17;41871
2021-01-16;"Bratislavský kraj";70;2908;156;3064;NA;87533;226;2021-01-16;41601
2021-01-15;"Bratislavský kraj";251;7744;256;8000;NA;87533;507;2021-01-15;41375
2021-01-14;"Bratislavský kraj";363;8316;273;8589;NA;87533;636;2021-01-14;40868
2021-01-13;"Bratislavský kraj";336;8040;329;8369;NA;87533;665;2021-01-13;40232
2021-01-12;"Bratislavský kraj";450;9644;464;10108;NA;87533;914;2021-01-12;39567
2021-01-11;"Bratislavský kraj";397;19215;380;19595;NA;87533;777;2021-01-11;38653
2021-01-10;"Bratislavský kraj";252;1352;79;1431;NA;87533;331;2021-01-10;37876
2021-01-09;"Bratislavský kraj";351;4946;291;5237;NA;87533;642;2021-01-09;37545
2021-01-08;"Bratislavský kraj";556;9880;436;10316;NA;87533;992;2021-01-08;36903
2021-01-07;"Bratislavský kraj";537;7161;412;7573;NA;87533;949;2021-01-07;35911
2021-01-06;"Bratislavský kraj";271;3075;216;3291;NA;87533;487;2021-01-06;34962
2021-01-05;"Bratislavský kraj";619;10730;844;11574;NA;87533;1463;2021-01-05;34475
2021-01-04;"Bratislavský kraj";601;7381;606;7987;NA;87533;1207;2021-01-04;33012
2021-01-03;"Bratislavský kraj";77;394;41;435;NA;87533;118;2021-01-03;31805
2021-01-02;"Bratislavský kraj";185;384;57;441;NA;87533;242;2021-01-02;31687
2021-01-01;"Bratislavský kraj";235;3210;131;3341;NA;87533;366;2021-01-01;31445
2020-12-31;"Bratislavský kraj";925;14638;589;15227;NA;87533;1514;2020-12-31;31079
2020-12-30;"Bratislavský kraj";650;9327;528;9855;NA;87533;1178;2020-12-30;29565
2020-12-29;"Bratislavský kraj";303;10365;776;11141;NA;87533;1079;2020-12-29;28387
2020-12-28;"Bratislavský kraj";255;7687;560;8247;NA;87533;815;2020-12-28;27308
2020-12-27;"Bratislavský kraj";160;659;76;735;NA;87533;236;2020-12-27;26493
2020-12-26;"Bratislavský kraj";75;426;27;453;NA;87533;102;2020-12-26;26257
2020-12-25;"Bratislavský kraj";114;460;38;498;NA;87533;152;2020-12-25;26155
2020-12-24;"Bratislavský kraj";536;3381;102;3483;NA;87533;638;2020-12-24;26003
2020-12-23;"Bratislavský kraj";416;13159;500;13659;NA;87533;916;2020-12-23;25365
2020-12-22;"Bratislavský kraj";327;15248;772;16020;NA;87533;1099;2020-12-22;24449
2020-12-21;"Bratislavský kraj";392;14970;2007;16977;NA;87533;2399;2020-12-21;23350
2020-12-20;"Bratislavský kraj";180;643;54;697;NA;87533;234;2020-12-20;20951
2020-12-19;"Bratislavský kraj";396;3164;130;3294;NA;87533;526;2020-12-19;20717
2020-12-18;"Bratislavský kraj";306;10672;401;11073;NA;87533;707;2020-12-18;20191
2020-12-17;"Bratislavský kraj";502;10217;412;10629;NA;87533;914;2020-12-17;19484
2020-12-16;"Bratislavský kraj";282;10546;452;10998;NA;87533;734;2020-12-16;18570
2020-12-15;"Bratislavský kraj";423;10741;479;11220;NA;87533;902;2020-12-15;17836
2020-12-14;"Bratislavský kraj";279;6526;293;6819;NA;87533;572;2020-12-14;16934
2020-12-13;"Bratislavský kraj";125;123;10;133;NA;87533;135;2020-12-13;16362
2020-12-12;"Bratislavský kraj";361;3863;157;4020;NA;87533;518;2020-12-12;16227
2020-12-11;"Bratislavský kraj";326;7203;289;7492;NA;87533;615;2020-12-11;15709
2020-12-10;"Bratislavský kraj";286;5104;209;5313;NA;87533;495;2020-12-10;15094
2020-12-09;"Bratislavský kraj";382;4712;178;4890;NA;87533;560;2020-12-09;14599
2020-12-08;"Bratislavský kraj";234;5793;207;6000;NA;87533;441;2020-12-08;14039
2020-12-07;"Bratislavský kraj";272;4078;152;4230;NA;87533;424;2020-12-07;13598
2020-12-06;"Bratislavský kraj";61;1586;52;1638;NA;87533;113;2020-12-06;13174
2020-12-05;"Bratislavský kraj";266;2148;41;2189;NA;87533;307;2020-12-05;13061
2020-12-04;"Bratislavský kraj";200;4789;99;4888;NA;87533;299;2020-12-04;12754
2020-12-03;"Bratislavský kraj";213;5071;95;5166;NA;87533;308;2020-12-03;12455
2020-12-02;"Bratislavský kraj";205;2831;95;2926;NA;87533;300;2020-12-02;12147
2020-12-01;"Bratislavský kraj";255;3943;204;4147;NA;87533;459;2020-12-01;11847
2020-11-30;"Bratislavský kraj";152;2153;121;2274;NA;87533;273;2020-11-30;11388
2020-11-29;"Bratislavský kraj";52;201;24;225;NA;87533;76;2020-11-29;11115
2020-11-28;"Bratislavský kraj";232;2624;33;2657;NA;87533;265;2020-11-28;11039
2020-11-27;"Bratislavský kraj";54;2540;64;2604;NA;87533;118;2020-11-27;10774
2020-11-26;"Bratislavský kraj";129;1976;60;2036;NA;87533;189;2020-11-26;10656
2020-11-25;"Bratislavský kraj";140;1770;47;1817;NA;87533;187;2020-11-25;10467
2020-11-24;"Bratislavský kraj";81;2988;67;3055;NA;87533;148;2020-11-24;10280
2020-11-23;"Bratislavský kraj";67;7083;58;7141;NA;87533;125;2020-11-23;10132
2020-11-22;"Bratislavský kraj";36;81;7;88;NA;87533;43;2020-11-22;10007
2020-11-21;"Bratislavský kraj";109;2126;47;2173;NA;87533;156;2020-11-21;9964
2020-11-20;"Bratislavský kraj";118;2876;48;2924;NA;87533;166;2020-11-20;9808
2020-11-19;"Bratislavský kraj";173;987;29;1016;NA;87533;202;2020-11-19;9642
2020-11-18;"Bratislavský kraj";118;616;75;691;NA;87533;193;2020-11-18;9440
2020-11-17;"Bratislavský kraj";108;928;23;951;NA;87533;131;2020-11-17;9247
2020-11-16;"Bratislavský kraj";82;651;9;660;NA;87533;91;2020-11-16;9116
2020-11-15;"Bratislavský kraj";47;236;0;236;NA;87533;47;2020-11-15;9025
2020-11-14;"Bratislavský kraj";53;1834;15;1849;NA;87533;68;2020-11-14;8978
2020-11-13;"Bratislavský kraj";94;2096;21;2117;NA;87533;115;2020-11-13;8910
2020-11-12;"Bratislavský kraj";141;1727;6;1733;NA;87533;147;2020-11-12;8795
2020-11-11;"Bratislavský kraj";159;1429;12;1441;NA;87533;171;2020-11-11;8648
2020-11-10;"Bratislavský kraj";136;805;14;819;NA;87533;150;2020-11-10;8477
2020-11-09;"Bratislavský kraj";70;616;8;624;NA;87533;78;2020-11-09;8327
2020-11-08;"Bratislavský kraj";82;869;6;875;NA;87533;88;2020-11-08;8249
2020-11-07;"Bratislavský kraj";88;4039;17;4056;NA;87533;105;2020-11-07;8161
2020-11-06;"Bratislavský kraj";281;6441;25;6466;NA;87533;306;2020-11-06;8056
2020-11-05;"Bratislavský kraj";175;476;11;487;NA;87533;186;2020-11-05;7750
2020-11-04;"Bratislavský kraj";65;411;10;421;NA;87533;75;2020-11-04;7564
2020-11-03;"Bratislavský kraj";251;1085;12;1097;NA;87533;263;2020-11-03;7489
2020-11-02;"Bratislavský kraj";202;3365;22;3387;NA;87533;224;2020-11-02;7226
2020-11-01;"Bratislavský kraj";227;8694;39;8733;NA;87533;266;2020-11-01;7002
2020-10-31;"Bratislavský kraj";173;22407;123;22530;NA;87533;296;2020-10-31;6736
2020-10-30;"Bratislavský kraj";158;17350;138;17488;NA;87533;296;2020-10-30;6440
2020-10-29;"Bratislavský kraj";262;116;4;120;NA;87533;266;2020-10-29;6144
2020-10-28;"Bratislavský kraj";220;260;15;275;NA;87533;235;2020-10-28;5878
2020-10-27;"Bratislavský kraj";256;145;4;149;NA;87533;260;2020-10-27;5643
2020-10-26;"Bratislavský kraj";123;229;11;240;NA;87533;134;2020-10-26;5383
2020-10-25;"Bratislavský kraj";152;33;2;35;NA;87533;154;2020-10-25;5249
2020-10-24;"Bratislavský kraj";170;221;6;227;NA;87533;176;2020-10-24;5095
2020-10-23;"Bratislavský kraj";151;144;8;152;NA;87533;159;2020-10-23;4919
2020-10-22;"Bratislavský kraj";192;204;15;219;NA;87533;207;2020-10-22;4760
2020-10-21;"Bratislavský kraj";66;90;6;96;NA;87533;72;2020-10-21;4553
2020-10-20;"Bratislavský kraj";183;97;4;101;NA;87533;187;2020-10-20;4481
2020-10-19;"Bratislavský kraj";148;80;3;83;NA;87533;151;2020-10-19;4294
2020-10-18;"Bratislavský kraj";75;92;0;92;NA;87533;75;2020-10-18;4143
2020-10-17;"Bratislavský kraj";136;0;0;0;NA;87533;136;2020-10-17;4068
2020-10-16;"Bratislavský kraj";103;14;1;15;NA;87533;104;2020-10-16;3932
2020-10-15;"Bratislavský kraj";135;6;1;7;NA;87533;136;2020-10-15;3828
2020-10-14;"Bratislavský kraj";127;4;0;4;NA;87533;127;2020-10-14;3692
2020-10-13;"Bratislavský kraj";86;108;8;116;NA;87533;94;2020-10-13;3565
2020-10-12;"Bratislavský kraj";46;0;0;0;NA;87533;46;2020-10-12;3471
2020-10-11;"Bratislavský kraj";80;0;0;0;NA;87533;80;2020-10-11;3425
2020-10-10;"Bratislavský kraj";55;0;0;0;NA;87533;55;2020-10-10;3345
2020-10-09;"Bratislavský kraj";148;0;0;0;NA;87533;148;2020-10-09;3290
2020-10-08;"Bratislavský kraj";100;0;0;0;NA;87533;100;2020-10-08;3142
2020-10-07;"Bratislavský kraj";107;0;0;0;NA;87533;107;2020-10-07;3042
2020-10-06;"Bratislavský kraj";108;0;0;0;NA;87533;108;2020-10-06;2935
2020-10-05;"Bratislavský kraj";30;0;0;0;NA;87533;30;2020-10-05;2827
2020-10-04;"Bratislavský kraj";49;0;0;0;NA;87533;49;2020-10-04;2797
2020-10-03;"Bratislavský kraj";82;0;0;0;NA;87533;82;2020-10-03;2748
2020-10-02;"Bratislavský kraj";101;0;0;0;NA;87533;101;2020-10-02;2666
2020-10-01;"Bratislavský kraj";72;0;0;0;NA;87533;72;2020-10-01;2565
2020-09-30;"Bratislavský kraj";91;0;0;0;NA;87533;91;2020-09-30;2493
2020-09-29;"Bratislavský kraj";74;0;0;0;NA;87533;74;2020-09-29;2402
2020-09-28;"Bratislavský kraj";29;0;0;0;NA;87533;29;2020-09-28;2328
2020-09-27;"Bratislavský kraj";48;0;0;0;NA;87533;48;2020-09-27;2299
2020-09-26;"Bratislavský kraj";86;0;0;0;NA;87533;86;2020-09-26;2251
2020-09-25;"Bratislavský kraj";97;0;0;0;NA;87533;97;2020-09-25;2165
2020-09-24;"Bratislavský kraj";73;0;0;0;NA;87533;73;2020-09-24;2068
2020-09-23;"Bratislavský kraj";55;0;0;0;NA;87533;55;2020-09-23;1995
2020-09-22;"Bratislavský kraj";81;0;0;0;NA;87533;81;2020-09-22;1940
2020-09-21;"Bratislavský kraj";32;0;0;0;NA;87533;32;2020-09-21;1859
2020-09-20;"Bratislavský kraj";25;0;0;0;NA;87533;25;2020-09-20;1827
2020-09-19;"Bratislavský kraj";59;0;0;0;NA;87533;59;2020-09-19;1802
2020-09-18;"Bratislavský kraj";42;0;0;0;NA;87533;42;2020-09-18;1743
2020-09-17;"Bratislavský kraj";52;0;0;0;NA;87533;52;2020-09-17;1701
2020-09-16;"Bratislavský kraj";32;0;0;0;NA;87533;32;2020-09-16;1649
2020-09-15;"Bratislavský kraj";26;0;0;0;NA;87533;26;2020-09-15;1617
2020-09-14;"Bratislavský kraj";24;0;0;0;NA;87533;24;2020-09-14;1591
2020-09-13;"Bratislavský kraj";11;0;0;0;NA;87533;11;2020-09-13;1567
2020-09-12;"Bratislavský kraj";24;0;0;0;NA;87533;24;2020-09-12;1556
2020-09-11;"Bratislavský kraj";50;0;0;0;NA;87533;50;2020-09-11;1532
2020-09-10;"Bratislavský kraj";47;0;0;0;NA;87533;47;2020-09-10;1482
2020-09-09;"Bratislavský kraj";40;0;0;0;NA;87533;40;2020-09-09;1435
2020-09-08;"Bratislavský kraj";58;0;0;0;NA;87533;58;2020-09-08;1395
2020-09-07;"Bratislavský kraj";39;0;0;0;NA;87533;39;2020-09-07;1337
2020-09-06;"Bratislavský kraj";11;0;0;0;NA;87533;11;2020-09-06;1298
2020-09-05;"Bratislavský kraj";37;0;0;0;NA;87533;37;2020-09-05;1287
2020-09-04;"Bratislavský kraj";87;0;0;0;NA;87533;87;2020-09-04;1250
2020-09-03;"Bratislavský kraj";51;0;0;0;NA;87533;51;2020-09-03;1163
2020-09-02;"Bratislavský kraj";50;0;0;0;NA;87533;50;2020-09-02;1112
2020-09-01;"Bratislavský kraj";16;0;0;0;NA;87533;16;2020-09-01;1062
2020-08-31;"Bratislavský kraj";19;0;0;0;NA;87533;19;2020-08-31;1046
2020-08-30;"Bratislavský kraj";9;0;0;0;NA;87533;9;2020-08-30;1027
2020-08-29;"Bratislavský kraj";12;0;0;0;NA;87533;12;2020-08-29;1018
2020-08-28;"Bratislavský kraj";35;0;0;0;NA;87533;35;2020-08-28;1006
2020-08-27;"Bratislavský kraj";33;0;0;0;NA;87533;33;2020-08-27;971
2020-08-26;"Bratislavský kraj";27;0;0;0;NA;87533;27;2020-08-26;938
2020-08-25;"Bratislavský kraj";29;0;0;0;NA;87533;29;2020-08-25;911
2020-08-24;"Bratislavský kraj";6;0;0;0;NA;87533;6;2020-08-24;882
2020-08-23;"Bratislavský kraj";45;0;0;0;NA;87533;45;2020-08-23;876
2020-08-22;"Bratislavský kraj";13;0;0;0;NA;87533;13;2020-08-22;831
2020-08-21;"Bratislavský kraj";46;0;0;0;NA;87533;46;2020-08-21;818
2020-08-20;"Bratislavský kraj";41;0;0;0;NA;87533;41;2020-08-20;772
2020-08-19;"Bratislavský kraj";27;0;0;0;NA;87533;27;2020-08-19;731
2020-08-18;"Bratislavský kraj";47;0;0;0;NA;87533;47;2020-08-18;704
2020-08-17;"Bratislavský kraj";2;0;0;0;NA;87533;2;2020-08-17;657
2020-08-16;"Bratislavský kraj";3;0;0;0;NA;87533;3;2020-08-16;655
2020-08-15;"Bratislavský kraj";18;0;0;0;NA;87533;18;2020-08-15;652
2020-08-14;"Bratislavský kraj";16;0;0;0;NA;87533;16;2020-08-14;634
2020-08-13;"Bratislavský kraj";12;0;0;0;NA;87533;12;2020-08-13;618
2020-08-12;"Bratislavský kraj";10;0;0;0;NA;87533;10;2020-08-12;606
2020-08-11;"Bratislavský kraj";23;0;0;0;NA;87533;23;2020-08-11;596
2020-08-10;"Bratislavský kraj";2;0;0;0;NA;87533;2;2020-08-10;573
2020-08-09;"Bratislavský kraj";2;0;0;0;NA;87533;2;2020-08-09;571
2020-08-08;"Bratislavský kraj";1;0;0;0;NA;87533;1;2020-08-08;569
2020-08-07;"Bratislavský kraj";9;0;0;0;NA;87533;9;2020-08-07;568
2020-08-06;"Bratislavský kraj";15;0;0;0;NA;87533;15;2020-08-06;559
2020-08-05;"Bratislavský kraj";11;0;0;0;NA;87533;11;2020-08-05;544
2020-08-04;"Bratislavský kraj";21;0;0;0;NA;87533;21;2020-08-04;533
2020-08-03;"Bratislavský kraj";7;0;0;0;NA;87533;7;2020-08-03;512
2020-08-02;"Bratislavský kraj";0;0;0;0;NA;87533;0;2020-08-02;505
2020-08-01;"Bratislavský kraj";0;0;0;0;NA;87533;0;2020-08-01;505
2020-07-31;"Bratislavský kraj";14;0;0;0;NA;87533;14;2020-07-31;505
2020-07-30;"Bratislavský kraj";6;0;0;0;NA;87533;6;2020-07-30;491
2020-07-29;"Bratislavský kraj";7;0;0;0;NA;87533;7;2020-07-29;485
2020-07-28;"Bratislavský kraj";14;0;0;0;NA;87533;14;2020-07-28;478
2020-07-27;"Bratislavský kraj";3;0;0;0;NA;87533;3;2020-07-27;464
2020-07-26;"Bratislavský kraj";0;0;0;0;NA;87533;0;2020-07-26;461
2020-07-25;"Bratislavský kraj";8;0;0;0;NA;87533;8;2020-07-25;461
2020-07-24;"Bratislavský kraj";2;0;0;0;NA;87533;2;2020-07-24;453
2020-07-23;"Bratislavský kraj";8;0;0;0;NA;87533;8;2020-07-23;451
2020-07-22;"Bratislavský kraj";11;0;0;0;NA;87533;11;2020-07-22;443
2020-07-21;"Bratislavský kraj";8;0;0;0;NA;87533;8;2020-07-21;432
2020-07-20;"Bratislavský kraj";12;0;0;0;NA;87533;12;2020-07-20;424
2020-07-19;"Bratislavský kraj";0;0;0;0;NA;87533;0;2020-07-19;412
2020-07-18;"Bratislavský kraj";2;0;0;0;NA;87533;2;2020-07-18;412
2020-07-17;"Bratislavský kraj";2;0;0;0;NA;87533;2;2020-07-17;410
2020-07-16;"Bratislavský kraj";6;0;0;0;NA;87533;6;2020-07-16;408
2020-07-15;"Bratislavský kraj";3;0;0;0;NA;87533;3;2020-07-15;402
2020-07-14;"Bratislavský kraj";2;0;0;0;NA;87533;2;2020-07-14;399
2020-07-13;"Bratislavský kraj";2;0;0;0;NA;87533;2;2020-07-13;397
2020-07-12;"Bratislavský kraj";0;0;0;0;NA;87533;0;2020-07-12;395
2020-07-11;"Bratislavský kraj";0;0;0;0;NA;87533;0;2020-07-11;395
2020-07-10;"Bratislavský kraj";8;0;0;0;NA;87533;8;2020-07-10;395
2020-07-09;"Bratislavský kraj";2;0;0;0;NA;87533;2;2020-07-09;387
2020-07-08;"Bratislavský kraj";11;0;0;0;NA;87533;11;2020-07-08;385
2020-07-07;"Bratislavský kraj";5;0;0;0;NA;87533;5;2020-07-07;374
2020-07-06;"Bratislavský kraj";1;0;0;0;NA;87533;1;2020-07-06;369
2020-07-05;"Bratislavský kraj";0;0;0;0;NA;87533;0;2020-07-05;368
2020-07-04;"Bratislavský kraj";3;0;0;0;NA;87533;3;2020-07-04;368
2020-07-03;"Bratislavský kraj";1;0;0;0;NA;87533;1;2020-07-03;365
2020-07-02;"Bratislavský kraj";0;0;0;0;NA;87533;0;2020-07-02;364
2020-07-01;"Bratislavský kraj";7;0;0;0;NA;87533;7;2020-07-01;364
2020-06-30;"Bratislavský kraj";3;0;0;0;NA;87533;3;2020-06-30;357
2020-06-29;"Bratislavský kraj";1;0;0;0;NA;87533;1;2020-06-29;354
2020-06-28;"Bratislavský kraj";0;0;0;0;NA;87533;0;2020-06-28;353
2020-06-27;"Bratislavský kraj";1;0;0;0;NA;87533;1;2020-06-27;353
2020-06-26;"Bratislavský kraj";6;0;0;0;NA;87533;6;2020-06-26;352
2020-06-25;"Bratislavský kraj";0;0;0;0;NA;87533;0;2020-06-25;346
2020-06-24;"Bratislavský kraj";3;0;0;0;NA;87533;3;2020-06-24;346
2020-06-23;"Bratislavský kraj";0;0;0;0;NA;87533;0;2020-06-23;343
2020-06-22;"Bratislavský kraj";1;0;0;0;NA;87533;1;2020-06-22;343
2020-06-21;"Bratislavský kraj";0;0;0;0;NA;87533;0;2020-06-21;342
2020-06-20;"Bratislavský kraj";0;0;0;0;NA;87533;0;2020-06-20;342
2020-06-19;"Bratislavský kraj";3;0;0;0;NA;87533;3;2020-06-19;342
2020-06-18;"Bratislavský kraj";0;0;0;0;NA;87533;0;2020-06-18;339
2020-06-17;"Bratislavský kraj";0;0;0;0;NA;87533;0;2020-06-17;339
2020-06-16;"Bratislavský kraj";0;0;0;0;NA;87533;0;2020-06-16;339
2020-06-14;"Bratislavský kraj";2;0;0;0;NA;87533;2;2020-06-14;339
2020-06-13;"Bratislavský kraj";1;0;0;0;NA;87533;1;2020-06-13;337
2020-06-12;"Bratislavský kraj";2;0;0;0;NA;87533;2;2020-06-12;336
2020-06-11;"Bratislavský kraj";0;0;0;0;NA;87533;0;2020-06-11;334
2020-06-10;"Bratislavský kraj";0;0;0;0;NA;87533;0;2020-06-10;334
2020-06-09;"Bratislavský kraj";0;0;0;0;NA;87533;0;2020-06-09;334
2020-06-08;"Bratislavský kraj";1;0;0;0;NA;87533;1;2020-06-08;334
2020-06-07;"Bratislavský kraj";0;0;0;0;NA;87533;0;2020-06-07;333
2020-06-05;"Bratislavský kraj";0;0;0;0;NA;87533;0;2020-06-05;333
2020-06-03;"Bratislavský kraj";1;0;0;0;NA;87533;1;2020-06-03;333
2020-06-02;"Bratislavský kraj";0;0;0;0;NA;87533;0;2020-06-02;332
2020-05-31;"Bratislavský kraj";0;0;0;0;NA;87533;0;2020-05-31;332
2020-05-29;"Bratislavský kraj";0;0;0;0;NA;87533;0;2020-05-29;332
2020-05-27;"Bratislavský kraj";1;0;0;0;NA;87533;1;2020-05-27;332
2020-05-26;"Bratislavský kraj";0;0;0;0;NA;87533;0;2020-05-26;331
2020-05-25;"Bratislavský kraj";0;0;0;0;NA;87533;0;2020-05-25;331
2020-05-24;"Bratislavský kraj";0;0;0;0;NA;87533;0;2020-05-24;331
2020-05-23;"Bratislavský kraj";2;0;0;0;NA;87533;2;2020-05-23;331
2020-05-22;"Bratislavský kraj";0;0;0;0;NA;87533;0;2020-05-22;329
2020-05-21;"Bratislavský kraj";0;0;0;0;NA;87533;0;2020-05-21;329
2020-05-20;"Bratislavský kraj";0;0;0;0;NA;87533;0;2020-05-20;329
2020-05-19;"Bratislavský kraj";0;0;0;0;NA;87533;0;2020-05-19;329
2020-05-17;"Bratislavský kraj";0;0;0;0;NA;87533;0;2020-05-17;329
2020-05-16;"Bratislavský kraj";0;0;0;0;NA;87533;0;2020-05-16;329
2020-05-15;"Bratislavský kraj";0;0;0;0;NA;87533;0;2020-05-15;329
2020-05-14;"Bratislavský kraj";0;0;0;0;NA;87533;0;2020-05-14;329
2020-05-13;"Bratislavský kraj";0;0;0;0;NA;87533;0;2020-05-13;329
2020-05-12;"Bratislavský kraj";2;0;0;0;NA;87533;2;2020-05-12;329
2020-05-11;"Bratislavský kraj";0;0;0;0;NA;87533;0;2020-05-11;327
2020-05-09;"Bratislavský kraj";0;0;0;0;NA;87533;0;2020-05-09;327
2020-05-07;"Bratislavský kraj";1;0;0;0;NA;87533;1;2020-05-07;327
2020-05-06;"Bratislavský kraj";3;0;0;0;NA;87533;3;2020-05-06;326
2020-05-05;"Bratislavský kraj";0;0;0;0;NA;87533;0;2020-05-05;323
2020-05-04;"Bratislavský kraj";0;0;0;0;NA;87533;0;2020-05-04;323
2020-05-03;"Bratislavský kraj";2;0;0;0;NA;87533;2;2020-05-03;323
2020-05-02;"Bratislavský kraj";0;0;0;0;NA;87533;0;2020-05-02;321
2020-05-01;"Bratislavský kraj";0;0;0;0;NA;87533;0;2020-05-01;321
2020-04-30;"Bratislavský kraj";5;0;0;0;NA;87533;5;2020-04-30;321
2020-04-29;"Bratislavský kraj";0;0;0;0;NA;87533;0;2020-04-29;316
2020-04-28;"Bratislavský kraj";2;0;0;0;NA;87533;2;2020-04-28;316
2020-04-27;"Bratislavský kraj";0;0;0;0;NA;87533;0;2020-04-27;314
2020-04-26;"Bratislavský kraj";1;0;0;0;NA;87533;1;2020-04-26;314
2020-04-25;"Bratislavský kraj";0;0;0;0;NA;87533;0;2020-04-25;313
2020-04-24;"Bratislavský kraj";2;0;0;0;NA;87533;2;2020-04-24;313
2020-04-23;"Bratislavský kraj";6;0;0;0;NA;87533;6;2020-04-23;311
2020-04-22;"Bratislavský kraj";11;0;0;0;NA;87533;11;2020-04-22;305
2020-04-21;"Bratislavský kraj";4;0;0;0;NA;87533;4;2020-04-21;294
2020-04-20;"Bratislavský kraj";0;0;0;0;NA;87533;0;2020-04-20;290
2020-04-19;"Bratislavský kraj";4;0;0;0;NA;87533;4;2020-04-19;290
2020-04-18;"Bratislavský kraj";5;0;0;0;NA;87533;5;2020-04-18;286
2020-04-17;"Bratislavský kraj";6;0;0;0;NA;87533;6;2020-04-17;281
2020-04-16;"Bratislavský kraj";15;0;0;0;NA;87533;15;2020-04-16;275
2020-04-15;"Bratislavský kraj";11;0;0;0;NA;87533;11;2020-04-15;260
2020-04-14;"Bratislavský kraj";19;0;0;0;NA;87533;19;2020-04-14;249
2020-04-13;"Bratislavský kraj";53;0;0;0;NA;87533;53;2020-04-13;230
2020-04-12;"Bratislavský kraj";3;0;0;0;NA;87533;3;2020-04-12;177
2020-04-11;"Bratislavský kraj";1;0;0;0;NA;87533;1;2020-04-11;174
2020-04-10;"Bratislavský kraj";8;0;0;0;NA;87533;8;2020-04-10;173
2020-04-09;"Bratislavský kraj";3;0;0;0;NA;87533;3;2020-04-09;165
2020-04-08;"Bratislavský kraj";3;0;0;0;NA;87533;3;2020-04-08;162
2020-04-07;"Bratislavský kraj";24;0;0;0;NA;87533;24;2020-04-07;159
2020-04-06;"Bratislavský kraj";5;0;0;0;NA;87533;5;2020-04-06;135
2020-04-05;"Bratislavský kraj";6;0;0;0;NA;87533;6;2020-04-05;130
2020-04-04;"Bratislavský kraj";2;0;0;0;NA;87533;2;2020-04-04;124
2020-04-03;"Bratislavský kraj";1;0;0;0;NA;87533;1;2020-04-03;122
2020-04-02;"Bratislavský kraj";2;0;0;0;NA;87533;2;2020-04-02;121
2020-04-01;"Bratislavský kraj";5;0;0;0;NA;87533;5;2020-04-01;119
2020-03-31;"Bratislavský kraj";19;0;0;0;NA;87533;19;2020-03-31;114
2020-03-30;"Bratislavský kraj";6;0;0;0;NA;87533;6;2020-03-30;95
2020-03-29;"Bratislavský kraj";8;0;0;0;NA;87533;8;2020-03-29;89
2020-03-28;"Bratislavský kraj";4;0;0;0;NA;87533;4;2020-03-28;81
2020-03-27;"Bratislavský kraj";3;0;0;0;NA;87533;3;2020-03-27;77
2020-03-26;"Bratislavský kraj";15;0;0;0;NA;87533;15;2020-03-26;74
2020-03-25;"Bratislavský kraj";1;0;0;0;NA;87533;1;2020-03-25;59
2020-03-24;"Bratislavský kraj";4;0;0;0;NA;87533;4;2020-03-24;58
2020-03-23;"Bratislavský kraj";9;0;0;0;NA;87533;9;2020-03-23;54
2020-03-22;"Bratislavský kraj";2;0;0;0;NA;87533;2;2020-03-22;45
2020-03-21;"Bratislavský kraj";22;0;0;0;NA;87533;22;2020-03-21;43
2020-03-20;"Bratislavský kraj";3;0;0;0;NA;87533;3;2020-03-20;21
2020-03-19;"Bratislavský kraj";4;0;0;0;NA;87533;4;2020-03-19;18
2020-03-18;"Bratislavský kraj";3;0;0;0;NA;87533;3;2020-03-18;14
2020-03-17;"Bratislavský kraj";13;0;0;0;NA;87533;13;2020-03-17;11
2020-03-16;"Bratislavský kraj";1;0;0;0;NA;87533;1;2020-03-16;-2
2020-03-15;"Bratislavský kraj";4;0;0;0;NA;87533;4;2020-03-15;-3
2020-03-14;"Bratislavský kraj";9;0;0;0;NA;87533;9;2020-03-14;-7
2020-03-13;"Bratislavský kraj";2;0;0;0;NA;87533;2;2020-03-13;-16
2020-03-12;"Bratislavský kraj";8;0;0;0;NA;87533;8;2020-03-12;-18
2020-03-11;"Bratislavský kraj";3;0;0;0;NA;87533;3;2020-03-11;-26
2020-03-09;"Bratislavský kraj";0;0;0;0;NA;87533;0;2020-03-09;-29
2020-03-08;"Bratislavský kraj";2;0;0;0;NA;87533;2;2020-03-08;-29
2020-03-07;"Bratislavský kraj";2;0;0;0;NA;87533;2;2020-03-07;-31
2020-03-06;"Bratislavský kraj";1;0;0;0;NA;87533;1;2020-03-06;-33
2021-04-18;"Košický kraj";10;44441;71;44512;50518;93495;81;2021-04-18;93495
2021-04-17;"Košický kraj";187;73580;444;74024;NA;93495;631;2021-04-17;93414
2021-04-16;"Košický kraj";83;39499;124;39623;NA;93495;207;2021-04-16;92783
2021-04-15;"Košický kraj";104;18192;93;18285;NA;93495;197;2021-04-15;92576
2021-04-14;"Košický kraj";119;20081;64;20145;NA;93495;183;2021-04-14;92379
2021-04-13;"Košický kraj";81;23246;122;23368;NA;93495;203;2021-04-13;92196
2021-04-12;"Košický kraj";129;26804;123;26927;NA;93495;252;2021-04-12;91993
2021-04-11;"Košický kraj";29;46508;79;46587;NA;93495;108;2021-04-11;91741
2021-04-10;"Košický kraj";138;100006;188;100194;NA;93495;326;2021-04-10;91633
2021-04-09;"Košický kraj";168;35224;131;35355;NA;93495;299;2021-04-09;91307
2021-04-08;"Košický kraj";81;18094;87;18181;NA;93495;168;2021-04-08;91008
2021-04-07;"Košický kraj";232;28031;195;28226;NA;93495;427;2021-04-07;90840
2021-04-06;"Košický kraj";121;36474;163;36637;NA;93495;284;2021-04-06;90413
2021-04-05;"Košický kraj";19;14524;65;14589;NA;93495;84;2021-04-05;90129
2021-04-04;"Košický kraj";33;14994;68;15062;NA;93495;101;2021-04-04;90045
2021-04-03;"Košický kraj";138;96413;238;96651;NA;93495;376;2021-04-03;89944
2021-04-02;"Košický kraj";128;24165;86;24251;NA;93495;214;2021-04-02;89568
2021-04-01;"Košický kraj";165;46076;146;46222;NA;93495;311;2021-04-01;89354
2021-03-31;"Košický kraj";160;29808;127;29935;NA;93495;287;2021-03-31;89043
2021-03-30;"Košický kraj";229;24108;163;24271;NA;93495;392;2021-03-30;88756
2021-03-29;"Košický kraj";78;28727;192;28919;NA;93495;270;2021-03-29;88364
2021-03-28;"Košický kraj";39;44263;128;44391;NA;93495;167;2021-03-28;88094
2021-03-27;"Košický kraj";222;96635;267;96902;NA;93495;489;2021-03-27;87927
2021-03-26;"Košický kraj";233;45260;202;45462;NA;93495;435;2021-03-26;87438
2021-03-25;"Košický kraj";133;23793;174;23967;NA;93495;307;2021-03-25;87003
2021-03-24;"Košický kraj";165;20685;157;20842;NA;93495;322;2021-03-24;86696
2021-03-23;"Košický kraj";202;22480;190;22670;NA;93495;392;2021-03-23;86374
2021-03-22;"Košický kraj";169;26742;227;26969;NA;93495;396;2021-03-22;85982
2021-03-21;"Košický kraj";109;46792;167;46959;NA;93495;276;2021-03-21;85586
2021-03-20;"Košický kraj";126;101376;315;101691;NA;93495;441;2021-03-20;85310
2021-03-19;"Košický kraj";205;45707;258;45965;NA;93495;463;2021-03-19;84869
2021-03-18;"Košický kraj";274;23831;211;24042;NA;93495;485;2021-03-18;84406
2021-03-17;"Košický kraj";177;21559;197;21756;NA;93495;374;2021-03-17;83921
2021-03-16;"Košický kraj";386;23441;226;23667;NA;93495;612;2021-03-16;83547
2021-03-15;"Košický kraj";173;27794;294;28088;NA;93495;467;2021-03-15;82935
2021-03-14;"Košický kraj";145;44419;226;44645;NA;93495;371;2021-03-14;82468
2021-03-13;"Košický kraj";146;103822;481;104303;NA;93495;627;2021-03-13;82097
2021-03-12;"Košický kraj";366;47841;320;48161;NA;93495;686;2021-03-12;81470
2021-03-11;"Košický kraj";396;23225;261;23486;NA;93495;657;2021-03-11;80784
2021-03-10;"Košický kraj";121;22199;268;22467;NA;93495;389;2021-03-10;80127
2021-03-09;"Košický kraj";676;24524;301;24825;NA;93495;977;2021-03-09;79738
2021-03-08;"Košický kraj";559;29679;342;30021;NA;93495;901;2021-03-08;78761
2021-03-07;"Košický kraj";45;44274;299;44573;NA;93495;344;2021-03-07;77860
2021-03-06;"Košický kraj";177;105659;536;106195;NA;93495;713;2021-03-06;77516
2021-03-05;"Košický kraj";439;45564;422;45986;NA;93495;861;2021-03-05;76803
2021-03-04;"Košický kraj";417;23862;321;24183;NA;93495;738;2021-03-04;75942
2021-03-03;"Košický kraj";390;23141;297;23438;NA;93495;687;2021-03-03;75204
2021-03-02;"Košický kraj";464;24158;372;24530;NA;93495;836;2021-03-02;74517
2021-03-01;"Košický kraj";389;29980;512;30492;NA;93495;901;2021-03-01;73681
2021-02-28;"Košický kraj";265;43053;334;43387;NA;93495;599;2021-02-28;72780
2021-02-27;"Košický kraj";301;101274;787;102061;NA;93495;1088;2021-02-27;72181
2021-02-26;"Košický kraj";440;45466;492;45958;NA;93495;932;2021-02-26;71093
2021-02-25;"Košický kraj";331;19872;342;20214;NA;93495;673;2021-02-25;70161
2021-02-24;"Košický kraj";263;18815;506;19321;NA;93495;769;2021-02-24;69488
2021-02-23;"Košický kraj";642;21592;341;21933;NA;93495;983;2021-02-23;68719
2021-02-22;"Košický kraj";362;30830;434;31264;NA;93495;796;2021-02-22;67736
2021-02-21;"Košický kraj";170;40464;385;40849;NA;93495;555;2021-02-21;66940
2021-02-20;"Košický kraj";283;92550;770;93320;NA;93495;1053;2021-02-20;66385
2021-02-19;"Košický kraj";507;42016;586;42602;NA;93495;1093;2021-02-19;65332
2021-02-18;"Košický kraj";397;18442;345;18787;NA;93495;742;2021-02-18;64239
2021-02-17;"Košický kraj";322;18080;387;18467;NA;93495;709;2021-02-17;63497
2021-02-16;"Košický kraj";600;22137;463;22600;NA;93495;1063;2021-02-16;62788
2021-02-15;"Košický kraj";216;27633;419;28052;NA;93495;635;2021-02-15;61725
2021-02-14;"Košický kraj";241;56743;524;57267;NA;93495;765;2021-02-14;61090
2021-02-13;"Košický kraj";206;93559;765;94324;NA;93495;971;2021-02-13;60325
2021-02-12;"Košický kraj";448;50169;611;50780;NA;93495;1059;2021-02-12;59354
2021-02-11;"Košický kraj";435;14524;323;14847;NA;93495;758;2021-02-11;58295
2021-02-10;"Košický kraj";360;18475;431;18906;NA;93495;791;2021-02-10;57537
2021-02-09;"Košický kraj";545;24920;464;25384;NA;93495;1009;2021-02-09;56746
2021-02-08;"Košický kraj";237;27685;418;28103;NA;93495;655;2021-02-08;55737
2021-02-07;"Košický kraj";208;56897;612;57509;NA;93495;820;2021-02-07;55082
2021-02-06;"Košický kraj";318;101420;857;102277;NA;93495;1175;2021-02-06;54262
2021-02-05;"Košický kraj";384;43337;499;43836;NA;93495;883;2021-02-05;53087
2021-02-04;"Košický kraj";391;14721;370;15091;NA;93495;761;2021-02-04;52204
2021-02-03;"Košický kraj";296;32758;1111;33869;NA;93495;1407;2021-02-03;51443
2021-02-02;"Košický kraj";473;23465;438;23903;NA;93495;911;2021-02-02;50036
2021-02-01;"Košický kraj";415;21891;363;22254;NA;93495;778;2021-02-01;49125
2021-01-31;"Košický kraj";142;54144;609;54753;NA;93495;751;2021-01-31;48347
2021-01-30;"Košický kraj";320;76985;673;77658;NA;93495;993;2021-01-30;47596
2021-01-29;"Košický kraj";311;37130;456;37586;NA;93495;767;2021-01-29;46603
2021-01-28;"Košický kraj";540;9025;247;9272;NA;93495;787;2021-01-28;45836
2021-01-27;"Košický kraj";265;7484;207;7691;NA;93495;472;2021-01-27;45049
2021-01-26;"Košický kraj";530;14256;246;14502;NA;93495;776;2021-01-26;44577
2021-01-25;"Košický kraj";226;26430;413;26843;NA;93495;639;2021-01-25;43801
2021-01-24;"Košický kraj";150;45108;595;45703;NA;93495;745;2021-01-24;43162
2021-01-23;"Košický kraj";232;82016;843;82859;NA;93495;1075;2021-01-23;42417
2021-01-22;"Košický kraj";316;19997;265;20262;NA;93495;581;2021-01-22;41342
2021-01-21;"Košický kraj";274;14047;158;14205;NA;93495;432;2021-01-21;40761
2021-01-20;"Košický kraj";374;10843;201;11044;NA;93495;575;2021-01-20;40329
2021-01-19;"Košický kraj";248;9853;182;10035;NA;93495;430;2021-01-19;39754
2021-01-18;"Košický kraj";333;7523;261;7784;NA;93495;594;2021-01-18;39324
2021-01-17;"Košický kraj";155;535;14;549;NA;93495;169;2021-01-17;38730
2021-01-16;"Košický kraj";153;1403;47;1450;NA;93495;200;2021-01-16;38561
2021-01-15;"Košický kraj";308;6443;213;6656;NA;93495;521;2021-01-15;38361
2021-01-14;"Košický kraj";358;5471;221;5692;NA;93495;579;2021-01-14;37840
2021-01-13;"Košický kraj";421;4897;226;5123;NA;93495;647;2021-01-13;37261
2021-01-12;"Košický kraj";482;6689;258;6947;NA;93495;740;2021-01-12;36614
2021-01-11;"Košický kraj";309;7945;304;8249;NA;93495;613;2021-01-11;35874
2021-01-10;"Košický kraj";193;136;6;142;NA;93495;199;2021-01-10;35261
2021-01-09;"Košický kraj";469;1134;45;1179;NA;93495;514;2021-01-09;35062
2021-01-08;"Košický kraj";551;8222;388;8610;NA;93495;939;2021-01-08;34548
2021-01-07;"Košický kraj";251;6566;434;7000;NA;93495;685;2021-01-07;33609
2021-01-06;"Košický kraj";442;429;33;462;NA;93495;475;2021-01-06;32924
2021-01-05;"Košický kraj";584;8100;560;8660;NA;93495;1144;2021-01-05;32449
2021-01-04;"Košický kraj";407;7113;737;7850;NA;93495;1144;2021-01-04;31305
2021-01-03;"Košický kraj";118;661;22;683;NA;93495;140;2021-01-03;30161
2021-01-02;"Košický kraj";88;440;52;492;NA;93495;140;2021-01-02;30021
2021-01-01;"Košický kraj";398;725;49;774;NA;93495;447;2021-01-01;29881
2020-12-31;"Košický kraj";625;7877;461;8338;NA;93495;1086;2020-12-31;29434
2020-12-30;"Košický kraj";590;6477;412;6889;NA;93495;1002;2020-12-30;28348
2020-12-29;"Košický kraj";419;7573;605;8178;NA;93495;1024;2020-12-29;27346
2020-12-28;"Košický kraj";356;8296;804;9100;NA;93495;1160;2020-12-28;26322
2020-12-27;"Košický kraj";159;147;16;163;NA;93495;175;2020-12-27;25162
2020-12-26;"Košický kraj";163;274;23;297;NA;93495;186;2020-12-26;24987
2020-12-25;"Košický kraj";237;140;10;150;NA;93495;247;2020-12-25;24801
2020-12-24;"Košický kraj";564;1470;90;1560;NA;93495;654;2020-12-24;24554
2020-12-23;"Košický kraj";304;7942;354;8296;NA;93495;658;2020-12-23;23900
2020-12-22;"Košický kraj";438;7920;459;8379;NA;93495;897;2020-12-22;23242
2020-12-21;"Košický kraj";405;6984;509;7493;NA;93495;914;2020-12-21;22345
2020-12-20;"Košický kraj";215;73;11;84;NA;93495;226;2020-12-20;21431
2020-12-19;"Košický kraj";207;1309;63;1372;NA;93495;270;2020-12-19;21205
2020-12-18;"Košický kraj";310;8484;326;8810;NA;93495;636;2020-12-18;20935
2020-12-17;"Košický kraj";463;5292;255;5547;NA;93495;718;2020-12-17;20299
2020-12-16;"Košický kraj";455;5898;316;6214;NA;93495;771;2020-12-16;19581
2020-12-15;"Košický kraj";319;5086;338;5424;NA;93495;657;2020-12-15;18810
2020-12-14;"Košický kraj";256;3401;264;3665;NA;93495;520;2020-12-14;18153
2020-12-13;"Košický kraj";47;181;2;183;NA;93495;49;2020-12-13;17633
2020-12-12;"Košický kraj";369;1587;118;1705;NA;93495;487;2020-12-12;17584
2020-12-11;"Košický kraj";354;5461;258;5719;NA;93495;612;2020-12-11;17097
2020-12-10;"Košický kraj";283;4064;176;4240;NA;93495;459;2020-12-10;16485
2020-12-09;"Košický kraj";279;3786;166;3952;NA;93495;445;2020-12-09;16026
2020-12-08;"Košický kraj";226;4105;355;4460;NA;93495;581;2020-12-08;15581
2020-12-07;"Košický kraj";270;2383;106;2489;NA;93495;376;2020-12-07;15000
2020-12-06;"Košický kraj";121;97;20;117;NA;93495;141;2020-12-06;14624
2020-12-05;"Košický kraj";90;1096;48;1144;NA;93495;138;2020-12-05;14483
2020-12-04;"Košický kraj";224;2680;82;2762;NA;93495;306;2020-12-04;14345
2020-12-03;"Košický kraj";211;7717;173;7890;NA;93495;384;2020-12-03;14039
2020-12-02;"Košický kraj";193;8132;496;8628;NA;93495;689;2020-12-02;13655
2020-12-01;"Košický kraj";178;2237;124;2361;NA;93495;302;2020-12-01;12966
2020-11-30;"Košický kraj";171;3645;58;3703;NA;93495;229;2020-11-30;12664
2020-11-29;"Košický kraj";31;325;17;342;NA;93495;48;2020-11-29;12435
2020-11-28;"Košický kraj";69;721;52;773;NA;93495;121;2020-11-28;12387
2020-11-27;"Košický kraj";149;2921;78;2999;NA;93495;227;2020-11-27;12266
2020-11-26;"Košický kraj";239;1234;60;1294;NA;93495;299;2020-11-26;12039
2020-11-25;"Košický kraj";237;1785;123;1908;NA;93495;360;2020-11-25;11740
2020-11-24;"Košický kraj";196;1976;67;2043;NA;93495;263;2020-11-24;11380
2020-11-23;"Košický kraj";51;4115;63;4178;NA;93495;114;2020-11-23;11117
2020-11-22;"Košický kraj";57;57;5;62;NA;93495;62;2020-11-22;11003
2020-11-21;"Košický kraj";87;858;36;894;NA;93495;123;2020-11-21;10941
2020-11-20;"Košický kraj";176;3084;49;3133;NA;93495;225;2020-11-20;10818
2020-11-19;"Košický kraj";206;1736;48;1784;NA;93495;254;2020-11-19;10593
2020-11-18;"Košický kraj";122;532;17;549;NA;93495;139;2020-11-18;10339
2020-11-17;"Košický kraj";152;82;9;91;NA;93495;161;2020-11-17;10200
2020-11-16;"Košický kraj";114;596;27;623;NA;93495;141;2020-11-16;10039
2020-11-15;"Košický kraj";15;338;7;345;NA;93495;22;2020-11-15;9898
2020-11-14;"Košický kraj";234;520;12;532;NA;93495;246;2020-11-14;9876
2020-11-13;"Košický kraj";207;664;29;693;NA;93495;236;2020-11-13;9630
2020-11-12;"Košický kraj";192;736;13;749;NA;93495;205;2020-11-12;9394
2020-11-11;"Košický kraj";301;593;7;600;NA;93495;308;2020-11-11;9189
2020-11-10;"Košický kraj";190;541;11;552;NA;93495;201;2020-11-10;8881
2020-11-09;"Košický kraj";129;380;17;397;NA;93495;146;2020-11-09;8680
2020-11-08;"Košický kraj";78;1306;8;1314;NA;93495;86;2020-11-08;8534
2020-11-07;"Košický kraj";192;3909;22;3931;NA;93495;214;2020-11-07;8448
2020-11-06;"Košický kraj";195;5310;34;5344;NA;93495;229;2020-11-06;8234
2020-11-05;"Košický kraj";342;330;31;361;NA;93495;373;2020-11-05;8005
2020-11-04;"Košický kraj";101;154;6;160;NA;93495;107;2020-11-04;7632
2020-11-03;"Košický kraj";358;1122;13;1135;NA;93495;371;2020-11-03;7525
2020-11-02;"Košický kraj";111;6125;56;6181;NA;93495;167;2020-11-02;7154
2020-11-01;"Košický kraj";346;6522;34;6556;NA;93495;380;2020-11-01;6987
2020-10-31;"Košický kraj";82;14035;106;14141;NA;93495;188;2020-10-31;6607
2020-10-30;"Košický kraj";379;2835;27;2862;NA;93495;406;2020-10-30;6419
2020-10-29;"Košický kraj";333;983;13;996;NA;93495;346;2020-10-29;6013
2020-10-28;"Košický kraj";224;305;13;318;NA;93495;237;2020-10-28;5667
2020-10-27;"Košický kraj";386;439;21;460;NA;93495;407;2020-10-27;5430
2020-10-26;"Košický kraj";56;227;12;239;NA;93495;68;2020-10-26;5023
2020-10-25;"Košický kraj";154;79;2;81;NA;93495;156;2020-10-25;4955
2020-10-24;"Košický kraj";313;118;16;134;NA;93495;329;2020-10-24;4799
2020-10-23;"Košický kraj";315;331;8;339;NA;93495;323;2020-10-23;4470
2020-10-22;"Košický kraj";349;530;16;546;NA;93495;365;2020-10-22;4147
2020-10-21;"Košický kraj";129;84;2;86;NA;93495;131;2020-10-21;3782
2020-10-20;"Košický kraj";181;14;1;15;NA;93495;182;2020-10-20;3651
2020-10-19;"Košický kraj";64;38;1;39;NA;93495;65;2020-10-19;3469
2020-10-18;"Košický kraj";158;0;0;0;NA;93495;158;2020-10-18;3404
2020-10-17;"Košický kraj";142;0;0;0;NA;93495;142;2020-10-17;3246
2020-10-16;"Košický kraj";206;19;0;19;NA;93495;206;2020-10-16;3104
2020-10-15;"Košický kraj";177;19;5;24;NA;93495;182;2020-10-15;2898
2020-10-14;"Košický kraj";211;8;0;8;NA;93495;211;2020-10-14;2716
2020-10-13;"Košický kraj";179;80;3;83;NA;93495;182;2020-10-13;2505
2020-10-12;"Košický kraj";74;0;0;0;NA;93495;74;2020-10-12;2323
2020-10-11;"Košický kraj";121;0;0;0;NA;93495;121;2020-10-11;2249
2020-10-10;"Košický kraj";70;0;0;0;NA;93495;70;2020-10-10;2128
2020-10-09;"Košický kraj";188;0;0;0;NA;93495;188;2020-10-09;2058
2020-10-08;"Košický kraj";102;0;0;0;NA;93495;102;2020-10-08;1870
2020-10-07;"Košický kraj";158;0;0;0;NA;93495;158;2020-10-07;1768
2020-10-06;"Košický kraj";70;0;0;0;NA;93495;70;2020-10-06;1610
2020-10-05;"Košický kraj";39;0;0;0;NA;93495;39;2020-10-05;1540
2020-10-04;"Košický kraj";45;0;0;0;NA;93495;45;2020-10-04;1501
2020-10-03;"Košický kraj";105;0;0;0;NA;93495;105;2020-10-03;1456
2020-10-02;"Košický kraj";57;0;0;0;NA;93495;57;2020-10-02;1351
2020-10-01;"Košický kraj";69;0;0;0;NA;93495;69;2020-10-01;1294
2020-09-30;"Košický kraj";95;0;0;0;NA;93495;95;2020-09-30;1225
2020-09-29;"Košický kraj";75;0;0;0;NA;93495;75;2020-09-29;1130
2020-09-28;"Košický kraj";19;0;0;0;NA;93495;19;2020-09-28;1055
2020-09-27;"Košický kraj";21;0;0;0;NA;93495;21;2020-09-27;1036
2020-09-26;"Košický kraj";53;0;0;0;NA;93495;53;2020-09-26;1015
2020-09-25;"Košický kraj";72;0;0;0;NA;93495;72;2020-09-25;962
2020-09-24;"Košický kraj";35;0;0;0;NA;93495;35;2020-09-24;890
2020-09-23;"Košický kraj";23;0;0;0;NA;93495;23;2020-09-23;855
2020-09-22;"Košický kraj";39;0;0;0;NA;93495;39;2020-09-22;832
2020-09-21;"Košický kraj";5;0;0;0;NA;93495;5;2020-09-21;793
2020-09-20;"Košický kraj";3;0;0;0;NA;93495;3;2020-09-20;788
2020-09-19;"Košický kraj";13;0;0;0;NA;93495;13;2020-09-19;785
2020-09-18;"Košický kraj";20;0;0;0;NA;93495;20;2020-09-18;772
2020-09-17;"Košický kraj";22;0;0;0;NA;93495;22;2020-09-17;752
2020-09-16;"Košický kraj";12;0;0;0;NA;93495;12;2020-09-16;730
2020-09-15;"Košický kraj";10;0;0;0;NA;93495;10;2020-09-15;718
2020-09-14;"Košický kraj";6;0;0;0;NA;93495;6;2020-09-14;708
2020-09-13;"Košický kraj";3;0;0;0;NA;93495;3;2020-09-13;702
2020-09-12;"Košický kraj";16;0;0;0;NA;93495;16;2020-09-12;699
2020-09-11;"Košický kraj";20;0;0;0;NA;93495;20;2020-09-11;683
2020-09-10;"Košický kraj";11;0;0;0;NA;93495;11;2020-09-10;663
2020-09-09;"Košický kraj";37;0;0;0;NA;93495;37;2020-09-09;652
2020-09-08;"Košický kraj";10;0;0;0;NA;93495;10;2020-09-08;615
2020-09-07;"Košický kraj";4;0;0;0;NA;93495;4;2020-09-07;605
2020-09-06;"Košický kraj";2;0;0;0;NA;93495;2;2020-09-06;601
2020-09-05;"Košický kraj";10;0;0;0;NA;93495;10;2020-09-05;599
2020-09-04;"Košický kraj";14;0;0;0;NA;93495;14;2020-09-04;589
2020-09-03;"Košický kraj";22;0;0;0;NA;93495;22;2020-09-03;575
2020-09-02;"Košický kraj";13;0;0;0;NA;93495;13;2020-09-02;553
2020-09-01;"Košický kraj";21;0;0;0;NA;93495;21;2020-09-01;540
2020-08-31;"Košický kraj";9;0;0;0;NA;93495;9;2020-08-31;519
2020-08-30;"Košický kraj";21;0;0;0;NA;93495;21;2020-08-30;510
2020-08-29;"Košický kraj";1;0;0;0;NA;93495;1;2020-08-29;489
2020-08-28;"Košický kraj";19;0;0;0;NA;93495;19;2020-08-28;488
2020-08-27;"Košický kraj";15;0;0;0;NA;93495;15;2020-08-27;469
2020-08-26;"Košický kraj";8;0;0;0;NA;93495;8;2020-08-26;454
2020-08-25;"Košický kraj";23;0;0;0;NA;93495;23;2020-08-25;446
2020-08-24;"Košický kraj";6;0;0;0;NA;93495;6;2020-08-24;423
2020-08-23;"Košický kraj";8;0;0;0;NA;93495;8;2020-08-23;417
2020-08-22;"Košický kraj";13;0;0;0;NA;93495;13;2020-08-22;409
2020-08-21;"Košický kraj";10;0;0;0;NA;93495;10;2020-08-21;396
2020-08-20;"Košický kraj";10;0;0;0;NA;93495;10;2020-08-20;386
2020-08-19;"Košický kraj";3;0;0;0;NA;93495;3;2020-08-19;376
2020-08-18;"Košický kraj";7;0;0;0;NA;93495;7;2020-08-18;373
2020-08-17;"Košický kraj";2;0;0;0;NA;93495;2;2020-08-17;366
2020-08-16;"Košický kraj";2;0;0;0;NA;93495;2;2020-08-16;364
2020-08-15;"Košický kraj";3;0;0;0;NA;93495;3;2020-08-15;362
2020-08-14;"Košický kraj";1;0;0;0;NA;93495;1;2020-08-14;359
2020-08-13;"Košický kraj";3;0;0;0;NA;93495;3;2020-08-13;358
2020-08-12;"Košický kraj";12;0;0;0;NA;93495;12;2020-08-12;355
2020-08-11;"Košický kraj";5;0;0;0;NA;93495;5;2020-08-11;343
2020-08-10;"Košický kraj";1;0;0;0;NA;93495;1;2020-08-10;338
2020-08-09;"Košický kraj";0;0;0;0;NA;93495;0;2020-08-09;337
2020-08-08;"Košický kraj";5;0;0;0;NA;93495;5;2020-08-08;337
2020-08-07;"Košický kraj";7;0;0;0;NA;93495;7;2020-08-07;332
2020-08-06;"Košický kraj";3;0;0;0;NA;93495;3;2020-08-06;325
2020-08-05;"Košický kraj";4;0;0;0;NA;93495;4;2020-08-05;322
2020-08-04;"Košický kraj";1;0;0;0;NA;93495;1;2020-08-04;318
2020-08-03;"Košický kraj";1;0;0;0;NA;93495;1;2020-08-03;317
2020-08-02;"Košický kraj";0;0;0;0;NA;93495;0;2020-08-02;316
2020-08-01;"Košický kraj";0;0;0;0;NA;93495;0;2020-08-01;316
2020-07-31;"Košický kraj";0;0;0;0;NA;93495;0;2020-07-31;316
2020-07-30;"Košický kraj";2;0;0;0;NA;93495;2;2020-07-30;316
2020-07-29;"Košický kraj";1;0;0;0;NA;93495;1;2020-07-29;314
2020-07-28;"Košický kraj";9;0;0;0;NA;93495;9;2020-07-28;313
2020-07-27;"Košický kraj";4;0;0;0;NA;93495;4;2020-07-27;304
2020-07-26;"Košický kraj";0;0;0;0;NA;93495;0;2020-07-26;300
2020-07-25;"Košický kraj";2;0;0;0;NA;93495;2;2020-07-25;300
2020-07-24;"Košický kraj";2;0;0;0;NA;93495;2;2020-07-24;298
2020-07-23;"Košický kraj";1;0;0;0;NA;93495;1;2020-07-23;296
2020-07-22;"Košický kraj";1;0;0;0;NA;93495;1;2020-07-22;295
2020-07-21;"Košický kraj";0;0;0;0;NA;93495;0;2020-07-21;294
2020-07-20;"Košický kraj";0;0;0;0;NA;93495;0;2020-07-20;294
2020-07-19;"Košický kraj";0;0;0;0;NA;93495;0;2020-07-19;294
2020-07-18;"Košický kraj";1;0;0;0;NA;93495;1;2020-07-18;294
2020-07-17;"Košický kraj";1;0;0;0;NA;93495;1;2020-07-17;293
2020-07-16;"Košický kraj";0;0;0;0;NA;93495;0;2020-07-16;292
2020-07-15;"Košický kraj";2;0;0;0;NA;93495;2;2020-07-15;292
2020-07-14;"Košický kraj";1;0;0;0;NA;93495;1;2020-07-14;290
2020-07-13;"Košický kraj";1;0;0;0;NA;93495;1;2020-07-13;289
2020-07-12;"Košický kraj";0;0;0;0;NA;93495;0;2020-07-12;288
2020-07-11;"Košický kraj";0;0;0;0;NA;93495;0;2020-07-11;288
2020-07-10;"Košický kraj";1;0;0;0;NA;93495;1;2020-07-10;288
2020-07-09;"Košický kraj";1;0;0;0;NA;93495;1;2020-07-09;287
2020-07-08;"Košický kraj";12;0;0;0;NA;93495;12;2020-07-08;286
2020-07-07;"Košický kraj";0;0;0;0;NA;93495;0;2020-07-07;274
2020-07-06;"Košický kraj";0;0;0;0;NA;93495;0;2020-07-06;274
2020-07-05;"Košický kraj";0;0;0;0;NA;93495;0;2020-07-05;274
2020-07-04;"Košický kraj";0;0;0;0;NA;93495;0;2020-07-04;274
2020-07-03;"Košický kraj";1;0;0;0;NA;93495;1;2020-07-03;274
2020-07-02;"Košický kraj";0;0;0;0;NA;93495;0;2020-07-02;273
2020-07-01;"Košický kraj";1;0;0;0;NA;93495;1;2020-07-01;273
2020-06-30;"Košický kraj";0;0;0;0;NA;93495;0;2020-06-30;272
2020-06-29;"Košický kraj";0;0;0;0;NA;93495;0;2020-06-29;272
2020-06-28;"Košický kraj";0;0;0;0;NA;93495;0;2020-06-28;272
2020-06-27;"Košický kraj";0;0;0;0;NA;93495;0;2020-06-27;272
2020-06-26;"Košický kraj";0;0;0;0;NA;93495;0;2020-06-26;272
2020-06-25;"Košický kraj";3;0;0;0;NA;93495;3;2020-06-25;272
2020-06-24;"Košický kraj";3;0;0;0;NA;93495;3;2020-06-24;269
2020-06-23;"Košický kraj";3;0;0;0;NA;93495;3;2020-06-23;266
2020-06-22;"Košický kraj";0;0;0;0;NA;93495;0;2020-06-22;263
2020-06-21;"Košický kraj";0;0;0;0;NA;93495;0;2020-06-21;263
2020-06-20;"Košický kraj";0;0;0;0;NA;93495;0;2020-06-20;263
2020-06-19;"Košický kraj";0;0;0;0;NA;93495;0;2020-06-19;263
2020-06-18;"Košický kraj";1;0;0;0;NA;93495;1;2020-06-18;263
2020-06-17;"Košický kraj";0;0;0;0;NA;93495;0;2020-06-17;262
2020-06-16;"Košický kraj";2;0;0;0;NA;93495;2;2020-06-16;262
2020-06-14;"Košický kraj";0;0;0;0;NA;93495;0;2020-06-14;260
2020-06-13;"Košický kraj";0;0;0;0;NA;93495;0;2020-06-13;260
2020-06-12;"Košický kraj";0;0;0;0;NA;93495;0;2020-06-12;260
2020-06-11;"Košický kraj";0;0;0;0;NA;93495;0;2020-06-11;260
2020-06-10;"Košický kraj";6;0;0;0;NA;93495;6;2020-06-10;260
2020-06-09;"Košický kraj";0;0;0;0;NA;93495;0;2020-06-09;254
2020-06-08;"Košický kraj";0;0;0;0;NA;93495;0;2020-06-08;254
2020-06-07;"Košický kraj";2;0;0;0;NA;93495;2;2020-06-07;254
2020-06-05;"Košický kraj";0;0;0;0;NA;93495;0;2020-06-05;252
2020-06-03;"Košický kraj";0;0;0;0;NA;93495;0;2020-06-03;252
2020-06-02;"Košický kraj";1;0;0;0;NA;93495;1;2020-06-02;252
2020-05-31;"Košický kraj";0;0;0;0;NA;93495;0;2020-05-31;251
2020-05-29;"Košický kraj";1;0;0;0;NA;93495;1;2020-05-29;251
2020-05-27;"Košický kraj";0;0;0;0;NA;93495;0;2020-05-27;250
2020-05-26;"Košický kraj";1;0;0;0;NA;93495;1;2020-05-26;250
2020-05-25;"Košický kraj";1;0;0;0;NA;93495;1;2020-05-25;249
2020-05-24;"Košický kraj";0;0;0;0;NA;93495;0;2020-05-24;248
2020-05-23;"Košický kraj";0;0;0;0;NA;93495;0;2020-05-23;248
2020-05-22;"Košický kraj";0;0;0;0;NA;93495;0;2020-05-22;248
2020-05-21;"Košický kraj";0;0;0;0;NA;93495;0;2020-05-21;248
2020-05-20;"Košický kraj";3;0;0;0;NA;93495;3;2020-05-20;248
2020-05-19;"Košický kraj";0;0;0;0;NA;93495;0;2020-05-19;245
2020-05-17;"Košický kraj";1;0;0;0;NA;93495;1;2020-05-17;245
2020-05-16;"Košický kraj";1;0;0;0;NA;93495;1;2020-05-16;244
2020-05-15;"Košický kraj";10;0;0;0;NA;93495;10;2020-05-15;243
2020-05-14;"Košický kraj";1;0;0;0;NA;93495;1;2020-05-14;233
2020-05-13;"Košický kraj";6;0;0;0;NA;93495;6;2020-05-13;232
2020-05-12;"Košický kraj";0;0;0;0;NA;93495;0;2020-05-12;226
2020-05-11;"Košický kraj";0;0;0;0;NA;93495;0;2020-05-11;226
2020-05-09;"Košický kraj";0;0;0;0;NA;93495;0;2020-05-09;226
2020-05-07;"Košický kraj";0;0;0;0;NA;93495;0;2020-05-07;226
2020-05-06;"Košický kraj";1;0;0;0;NA;93495;1;2020-05-06;226
2020-05-05;"Košický kraj";0;0;0;0;NA;93495;0;2020-05-05;225
2020-05-04;"Košický kraj";0;0;0;0;NA;93495;0;2020-05-04;225
2020-05-03;"Košický kraj";0;0;0;0;NA;93495;0;2020-05-03;225
2020-05-02;"Košický kraj";1;0;0;0;NA;93495;1;2020-05-02;225
2020-05-01;"Košický kraj";0;0;0;0;NA;93495;0;2020-05-01;224
2020-04-30;"Košický kraj";1;0;0;0;NA;93495;1;2020-04-30;224
2020-04-29;"Košický kraj";1;0;0;0;NA;93495;1;2020-04-29;223
2020-04-28;"Košický kraj";1;0;0;0;NA;93495;1;2020-04-28;222
2020-04-27;"Košický kraj";1;0;0;0;NA;93495;1;2020-04-27;221
2020-04-26;"Košický kraj";0;0;0;0;NA;93495;0;2020-04-26;220
2020-04-25;"Košický kraj";0;0;0;0;NA;93495;0;2020-04-25;220
2020-04-24;"Košický kraj";3;0;0;0;NA;93495;3;2020-04-24;220
2020-04-23;"Košický kraj";4;0;0;0;NA;93495;4;2020-04-23;217
2020-04-22;"Košický kraj";21;0;0;0;NA;93495;21;2020-04-22;213
2020-04-21;"Košický kraj";4;0;0;0;NA;93495;4;2020-04-21;192
2020-04-20;"Košický kraj";0;0;0;0;NA;93495;0;2020-04-20;188
2020-04-19;"Košický kraj";1;0;0;0;NA;93495;1;2020-04-19;188
2020-04-18;"Košický kraj";2;0;0;0;NA;93495;2;2020-04-18;187
2020-04-17;"Košický kraj";7;0;0;0;NA;93495;7;2020-04-17;185
2020-04-16;"Košický kraj";29;0;0;0;NA;93495;29;2020-04-16;178
2020-04-15;"Košický kraj";50;0;0;0;NA;93495;50;2020-04-15;149
2020-04-14;"Košický kraj";4;0;0;0;NA;93495;4;2020-04-14;99
2020-04-13;"Košický kraj";5;0;0;0;NA;93495;5;2020-04-13;95
2020-04-12;"Košický kraj";4;0;0;0;NA;93495;4;2020-04-12;90
2020-04-11;"Košický kraj";2;0;0;0;NA;93495;2;2020-04-11;86
2020-04-10;"Košický kraj";1;0;0;0;NA;93495;1;2020-04-10;84
2020-04-09;"Košický kraj";4;0;0;0;NA;93495;4;2020-04-09;83
2020-04-08;"Košický kraj";5;2;0;2;NA;93495;5;2020-04-08;79
2020-04-07;"Košický kraj";34;0;0;0;NA;93495;34;2020-04-07;74
2020-04-06;"Košický kraj";6;0;0;0;NA;93495;6;2020-04-06;40
2020-04-05;"Košický kraj";4;0;0;0;NA;93495;4;2020-04-05;34
2020-04-04;"Košický kraj";5;0;0;0;NA;93495;5;2020-04-04;30
2020-04-03;"Košický kraj";4;0;0;0;NA;93495;4;2020-04-03;25
2020-04-02;"Košický kraj";3;0;0;0;NA;93495;3;2020-04-02;21
2020-04-01;"Košický kraj";3;0;0;0;NA;93495;3;2020-04-01;18
2020-03-31;"Košický kraj";1;0;0;0;NA;93495;1;2020-03-31;15
2020-03-30;"Košický kraj";5;0;0;0;NA;93495;5;2020-03-30;14
2020-03-29;"Košický kraj";0;0;0;0;NA;93495;0;2020-03-29;9
2020-03-28;"Košický kraj";1;0;0;0;NA;93495;1;2020-03-28;9
2020-03-27;"Košický kraj";1;0;0;0;NA;93495;1;2020-03-27;8
2020-03-26;"Košický kraj";3;0;0;0;NA;93495;3;2020-03-26;7
2020-03-25;"Košický kraj";2;0;0;0;NA;93495;2;2020-03-25;4
2020-03-24;"Košický kraj";0;0;0;0;NA;93495;0;2020-03-24;2
2020-03-23;"Košický kraj";2;0;0;0;NA;93495;2;2020-03-23;2
2020-03-22;"Košický kraj";0;0;0;0;NA;93495;0;2020-03-22;0
2020-03-21;"Košický kraj";3;0;0;0;NA;93495;3;2020-03-21;0
2020-03-20;"Košický kraj";1;0;0;0;NA;93495;1;2020-03-20;-3
2020-03-19;"Košický kraj";0;0;0;0;NA;93495;0;2020-03-19;-4
2020-03-18;"Košický kraj";0;0;0;0;NA;93495;0;2020-03-18;-4
2020-03-17;"Košický kraj";0;0;0;0;NA;93495;0;2020-03-17;-4
2020-03-16;"Košický kraj";3;0;0;0;NA;93495;3;2020-03-16;-4
2020-03-15;"Košický kraj";1;0;0;0;NA;93495;1;2020-03-15;-7
2020-03-14;"Košický kraj";0;0;0;0;NA;93495;0;2020-03-14;-8
2020-03-13;"Košický kraj";2;0;0;0;NA;93495;2;2020-03-13;-8
2020-03-12;"Košický kraj";0;0;0;0;NA;93495;0;2020-03-12;-10
2020-03-11;"Košický kraj";0;0;0;0;NA;93495;0;2020-03-11;-10
2020-03-09;"Košický kraj";1;0;0;0;NA;93495;1;2020-03-09;-10
2020-03-08;"Košický kraj";0;0;0;0;NA;93495;0;2020-03-08;-11
2020-03-07;"Košický kraj";0;0;0;0;NA;93495;0;2020-03-07;-11
2020-03-06;"Košický kraj";0;0;0;0;NA;93495;0;2020-03-06;-11
2021-04-18;"Nitriansky kraj";0;37910;26;37936;38253;90561;26;2021-04-18;90561
2021-04-17;"Nitriansky kraj";34;75242;71;75313;NA;90561;105;2021-04-17;90535
2021-04-16;"Nitriansky kraj";46;31306;216;31522;NA;90561;262;2021-04-16;90430
2021-04-15;"Nitriansky kraj";75;16550;53;16603;NA;90561;128;2021-04-15;90168
2021-04-14;"Nitriansky kraj";43;14994;42;15036;NA;90561;85;2021-04-14;90040
2021-04-13;"Nitriansky kraj";110;15298;45;15343;NA;90561;155;2021-04-13;89955
2021-04-12;"Nitriansky kraj";29;21846;49;21895;NA;90561;78;2021-04-12;89800
2021-04-11;"Nitriansky kraj";1;37537;31;37568;NA;90561;32;2021-04-11;89722
2021-04-10;"Nitriansky kraj";35;90652;106;90758;NA;90561;141;2021-04-10;89690
2021-04-09;"Nitriansky kraj";69;30508;58;30566;NA;90561;127;2021-04-09;89549
2021-04-08;"Nitriansky kraj";71;15441;39;15480;NA;90561;110;2021-04-08;89422
2021-04-07;"Nitriansky kraj";64;18757;43;18800;NA;90561;107;2021-04-07;89312
2021-04-06;"Nitriansky kraj";65;32988;112;33100;NA;90561;177;2021-04-06;89205
2021-04-05;"Nitriansky kraj";37;12673;48;12721;NA;90561;85;2021-04-05;89028
2021-04-04;"Nitriansky kraj";5;17887;35;17922;NA;90561;40;2021-04-04;88943
2021-04-03;"Nitriansky kraj";26;85180;153;85333;NA;90561;179;2021-04-03;88903
2021-04-02;"Nitriansky kraj";32;18591;46;18637;NA;90561;78;2021-04-02;88724
2021-04-01;"Nitriansky kraj";63;24600;83;24683;NA;90561;146;2021-04-01;88646
2021-03-31;"Nitriansky kraj";73;21751;94;21845;NA;90561;167;2021-03-31;88500
2021-03-30;"Nitriansky kraj";125;17010;83;17093;NA;90561;208;2021-03-30;88333
2021-03-29;"Nitriansky kraj";81;25139;99;25238;NA;90561;180;2021-03-29;88125
2021-03-28;"Nitriansky kraj";6;45581;106;45687;NA;90561;112;2021-03-28;87945
2021-03-27;"Nitriansky kraj";39;103659;174;103833;NA;90561;213;2021-03-27;87833
2021-03-26;"Nitriansky kraj";90;40680;115;40795;NA;90561;205;2021-03-26;87620
2021-03-25;"Nitriansky kraj";95;19149;94;19243;NA;90561;189;2021-03-25;87415
2021-03-24;"Nitriansky kraj";90;14784;91;14875;NA;90561;181;2021-03-24;87226
2021-03-23;"Nitriansky kraj";167;16745;66;16811;NA;90561;233;2021-03-23;87045
2021-03-22;"Nitriansky kraj";101;23699;124;23823;NA;90561;225;2021-03-22;86812
2021-03-21;"Nitriansky kraj";27;42318;99;42417;NA;90561;126;2021-03-21;86587
2021-03-20;"Nitriansky kraj";36;99816;207;100023;NA;90561;243;2021-03-20;86461
2021-03-19;"Nitriansky kraj";76;37111;101;37212;NA;90561;177;2021-03-19;86218
2021-03-18;"Nitriansky kraj";103;20036;112;20148;NA;90561;215;2021-03-18;86041
2021-03-17;"Nitriansky kraj";87;15832;127;15959;NA;90561;214;2021-03-17;85826
2021-03-16;"Nitriansky kraj";172;18297;124;18421;NA;90561;296;2021-03-16;85612
2021-03-15;"Nitriansky kraj";130;24491;165;24656;NA;90561;295;2021-03-15;85316
2021-03-14;"Nitriansky kraj";3;45758;107;45865;NA;90561;110;2021-03-14;85021
2021-03-13;"Nitriansky kraj";65;112256;242;112498;NA;90561;307;2021-03-13;84911
2021-03-12;"Nitriansky kraj";127;40499;155;40654;NA;90561;282;2021-03-12;84604
2021-03-11;"Nitriansky kraj";131;18879;132;19011;NA;90561;263;2021-03-11;84322
2021-03-10;"Nitriansky kraj";96;17422;143;17565;NA;90561;239;2021-03-10;84059
2021-03-09;"Nitriansky kraj";260;17623;149;17772;NA;90561;409;2021-03-09;83820
2021-03-08;"Nitriansky kraj";145;27214;172;27386;NA;90561;317;2021-03-08;83411
2021-03-07;"Nitriansky kraj";48;46867;185;47052;NA;90561;233;2021-03-07;83094
2021-03-06;"Nitriansky kraj";86;110858;326;111184;NA;90561;412;2021-03-06;82861
2021-03-05;"Nitriansky kraj";133;39068;200;39268;NA;90561;333;2021-03-05;82449
2021-03-04;"Nitriansky kraj";176;18206;173;18379;NA;90561;349;2021-03-04;82116
2021-03-03;"Nitriansky kraj";172;17210;177;17387;NA;90561;349;2021-03-03;81767
2021-03-02;"Nitriansky kraj";274;20999;366;21365;NA;90561;640;2021-03-02;81418
2021-03-01;"Nitriansky kraj";133;27881;279;28160;NA;90561;412;2021-03-01;80778
2021-02-28;"Nitriansky kraj";80;40866;218;41084;NA;90561;298;2021-02-28;80366
2021-02-27;"Nitriansky kraj";101;106352;496;106848;NA;90561;597;2021-02-27;80068
2021-02-26;"Nitriansky kraj";109;36677;310;36987;NA;90561;419;2021-02-26;79471
2021-02-25;"Nitriansky kraj";188;15210;208;15418;NA;90561;396;2021-02-25;79052
2021-02-24;"Nitriansky kraj";125;13844;260;14104;NA;90561;385;2021-02-24;78656
2021-02-23;"Nitriansky kraj";273;15343;271;15614;NA;90561;544;2021-02-23;78271
2021-02-22;"Nitriansky kraj";154;26466;330;26796;NA;90561;484;2021-02-22;77727
2021-02-21;"Nitriansky kraj";22;43657;320;43977;NA;90561;342;2021-02-21;77243
2021-02-20;"Nitriansky kraj";128;108306;584;108890;NA;90561;712;2021-02-20;76901
2021-02-19;"Nitriansky kraj";173;36883;325;37208;NA;90561;498;2021-02-19;76189
2021-02-18;"Nitriansky kraj";202;16938;285;17223;NA;90561;487;2021-02-18;75691
2021-02-17;"Nitriansky kraj";198;12079;300;12379;NA;90561;498;2021-02-17;75204
2021-02-16;"Nitriansky kraj";284;14490;281;14771;NA;90561;565;2021-02-16;74706
2021-02-15;"Nitriansky kraj";122;27603;471;28074;NA;90561;593;2021-02-15;74141
2021-02-14;"Nitriansky kraj";8;50408;318;50726;NA;90561;326;2021-02-14;73548
2021-02-13;"Nitriansky kraj";127;110035;689;110724;NA;90561;816;2021-02-13;73222
2021-02-12;"Nitriansky kraj";162;33400;407;33807;NA;90561;569;2021-02-12;72406
2021-02-11;"Nitriansky kraj";195;12406;270;12676;NA;90561;465;2021-02-11;71837
2021-02-10;"Nitriansky kraj";186;17632;644;18276;NA;90561;830;2021-02-10;71372
2021-02-09;"Nitriansky kraj";260;18523;385;18908;NA;90561;645;2021-02-09;70542
2021-02-08;"Nitriansky kraj";177;39292;585;39877;NA;90561;762;2021-02-08;69897
2021-02-07;"Nitriansky kraj";20;52307;513;52820;NA;90561;533;2021-02-07;69135
2021-02-06;"Nitriansky kraj";129;101903;778;102681;NA;90561;907;2021-02-06;68602
2021-02-05;"Nitriansky kraj";244;32647;616;33263;NA;90561;860;2021-02-05;67695
2021-02-04;"Nitriansky kraj";308;15681;512;16193;NA;90561;820;2021-02-04;66835
2021-02-03;"Nitriansky kraj";191;13370;372;13742;NA;90561;563;2021-02-03;66015
2021-02-02;"Nitriansky kraj";327;17879;383;18262;NA;90561;710;2021-02-02;65452
2021-02-01;"Nitriansky kraj";221;24048;459;24507;NA;90561;680;2021-02-01;64742
2021-01-31;"Nitriansky kraj";9;45339;496;45835;NA;90561;505;2021-01-31;64062
2021-01-30;"Nitriansky kraj";152;90392;930;91322;NA;90561;1082;2021-01-30;63557
2021-01-29;"Nitriansky kraj";302;23757;488;24245;NA;90561;790;2021-01-29;62475
2021-01-28;"Nitriansky kraj";269;11370;398;11768;NA;90561;667;2021-01-28;61685
2021-01-27;"Nitriansky kraj";235;6759;299;7058;NA;90561;534;2021-01-27;61018
2021-01-26;"Nitriansky kraj";345;16036;454;16490;NA;90561;799;2021-01-26;60484
2021-01-25;"Nitriansky kraj";201;21729;429;22158;NA;90561;630;2021-01-25;59685
2021-01-24;"Nitriansky kraj";12;78657;887;79544;NA;90561;899;2021-01-24;59055
2021-01-23;"Nitriansky kraj";277;96435;1424;97859;NA;90561;1701;2021-01-23;58156
2021-01-22;"Nitriansky kraj";139;35406;614;36020;NA;90561;753;2021-01-22;56455
2021-01-21;"Nitriansky kraj";305;14649;412;15061;NA;90561;717;2021-01-21;55702
2021-01-20;"Nitriansky kraj";326;11991;625;12616;NA;90561;951;2021-01-20;54985
2021-01-19;"Nitriansky kraj";344;11022;633;11655;NA;90561;977;2021-01-19;54034
2021-01-18;"Nitriansky kraj";367;8672;511;9183;NA;90561;878;2021-01-18;53057
2021-01-17;"Nitriansky kraj";97;15061;275;15336;NA;90561;372;2021-01-17;52179
2021-01-16;"Nitriansky kraj";64;36547;678;37225;NA;90561;742;2021-01-16;51807
2021-01-15;"Nitriansky kraj";373;15940;474;16414;NA;90561;847;2021-01-15;51065
2021-01-14;"Nitriansky kraj";627;10577;452;11029;NA;90561;1079;2021-01-14;50218
2021-01-13;"Nitriansky kraj";663;9234;484;9718;NA;90561;1147;2021-01-13;49139
2021-01-12;"Nitriansky kraj";642;9014;557;9571;NA;90561;1199;2021-01-12;47992
2021-01-11;"Nitriansky kraj";422;8625;556;9181;NA;90561;978;2021-01-11;46793
2021-01-10;"Nitriansky kraj";44;19841;730;20571;NA;90561;774;2021-01-10;45815
2021-01-09;"Nitriansky kraj";532;36823;1071;37894;NA;90561;1603;2021-01-09;45041
2021-01-08;"Nitriansky kraj";817;14297;711;15008;NA;90561;1528;2021-01-08;43438
2021-01-07;"Nitriansky kraj";438;10820;823;11643;NA;90561;1261;2021-01-07;41910
2021-01-06;"Nitriansky kraj";259;3192;197;3389;NA;90561;456;2021-01-06;40649
2021-01-05;"Nitriansky kraj";732;8901;1202;10103;NA;90561;1934;2021-01-05;40193
2021-01-04;"Nitriansky kraj";362;8692;1329;10021;NA;90561;1691;2021-01-04;38259
2021-01-03;"Nitriansky kraj";42;84;20;104;NA;90561;62;2021-01-03;36568
2021-01-02;"Nitriansky kraj";249;1090;26;1116;NA;90561;275;2021-01-02;36506
2021-01-01;"Nitriansky kraj";119;781;95;876;NA;90561;214;2021-01-01;36231
2020-12-31;"Nitriansky kraj";786;7646;962;8608;NA;90561;1748;2020-12-31;36017
2020-12-30;"Nitriansky kraj";1094;9619;1165;10784;NA;90561;2259;2020-12-30;34269
2020-12-29;"Nitriansky kraj";607;8277;1286;9563;NA;90561;1893;2020-12-29;32010
2020-12-28;"Nitriansky kraj";83;6981;1271;8252;NA;90561;1354;2020-12-28;30117
2020-12-27;"Nitriansky kraj";22;60;8;68;NA;90561;30;2020-12-27;28763
2020-12-26;"Nitriansky kraj";54;297;56;353;NA;90561;110;2020-12-26;28733
2020-12-25;"Nitriansky kraj";35;60;11;71;NA;90561;46;2020-12-25;28623
2020-12-24;"Nitriansky kraj";514;1861;176;2037;NA;90561;690;2020-12-24;28577
2020-12-23;"Nitriansky kraj";349;15295;843;16138;NA;90561;1192;2020-12-23;27887
2020-12-22;"Nitriansky kraj";673;10987;994;11981;NA;90561;1667;2020-12-22;26695
2020-12-21;"Nitriansky kraj";128;7953;976;8929;NA;90561;1104;2020-12-21;25028
2020-12-20;"Nitriansky kraj";77;50;10;60;NA;90561;87;2020-12-20;23924
2020-12-19;"Nitriansky kraj";262;2259;159;2418;NA;90561;421;2020-12-19;23837
2020-12-18;"Nitriansky kraj";512;8437;551;8988;NA;90561;1063;2020-12-18;23416
2020-12-17;"Nitriansky kraj";586;6894;514;7408;NA;90561;1100;2020-12-17;22353
2020-12-16;"Nitriansky kraj";357;8785;546;9331;NA;90561;903;2020-12-16;21253
2020-12-15;"Nitriansky kraj";461;9365;769;10134;NA;90561;1230;2020-12-15;20350
2020-12-14;"Nitriansky kraj";217;8089;827;8916;NA;90561;1044;2020-12-14;19120
2020-12-13;"Nitriansky kraj";12;69;6;75;NA;90561;18;2020-12-13;18076
2020-12-12;"Nitriansky kraj";341;1832;125;1957;NA;90561;466;2020-12-12;18058
2020-12-11;"Nitriansky kraj";409;5431;416;5847;NA;90561;825;2020-12-11;17592
2020-12-10;"Nitriansky kraj";360;5473;351;5824;NA;90561;711;2020-12-10;16767
2020-12-09;"Nitriansky kraj";362;5506;529;6035;NA;90561;891;2020-12-09;16056
2020-12-08;"Nitriansky kraj";340;8611;589;9200;NA;90561;929;2020-12-08;15165
2020-12-07;"Nitriansky kraj";139;6243;573;6816;NA;90561;712;2020-12-07;14236
2020-12-06;"Nitriansky kraj";15;89;4;93;NA;90561;19;2020-12-06;13524
2020-12-05;"Nitriansky kraj";136;1388;19;1407;NA;90561;155;2020-12-05;13505
2020-12-04;"Nitriansky kraj";232;2884;74;2958;NA;90561;306;2020-12-04;13350
2020-12-03;"Nitriansky kraj";248;2471;110;2581;NA;90561;358;2020-12-03;13044
2020-12-02;"Nitriansky kraj";252;3733;163;3896;NA;90561;415;2020-12-02;12686
2020-12-01;"Nitriansky kraj";331;2891;131;3022;NA;90561;462;2020-12-01;12271
2020-11-30;"Nitriansky kraj";91;4228;188;4416;NA;90561;279;2020-11-30;11809
2020-11-29;"Nitriansky kraj";3;634;42;676;NA;90561;45;2020-11-29;11530
2020-11-28;"Nitriansky kraj";135;892;31;923;NA;90561;166;2020-11-28;11485
2020-11-27;"Nitriansky kraj";177;2069;73;2142;NA;90561;250;2020-11-27;11319
2020-11-26;"Nitriansky kraj";191;2813;80;2893;NA;90561;271;2020-11-26;11069
2020-11-25;"Nitriansky kraj";325;2478;91;2569;NA;90561;416;2020-11-25;10798
2020-11-24;"Nitriansky kraj";147;1641;64;1705;NA;90561;211;2020-11-24;10382
2020-11-23;"Nitriansky kraj";102;9891;212;10103;NA;90561;314;2020-11-23;10171
2020-11-22;"Nitriansky kraj";7;1176;25;1201;NA;90561;32;2020-11-22;9857
2020-11-21;"Nitriansky kraj";86;1083;38;1121;NA;90561;124;2020-11-21;9825
2020-11-20;"Nitriansky kraj";264;4180;103;4283;NA;90561;367;2020-11-20;9701
2020-11-19;"Nitriansky kraj";185;3065;134;3199;NA;90561;319;2020-11-19;9334
2020-11-18;"Nitriansky kraj";188;2214;79;2293;NA;90561;267;2020-11-18;9015
2020-11-17;"Nitriansky kraj";178;596;29;625;NA;90561;207;2020-11-17;8748
2020-11-16;"Nitriansky kraj";139;1877;75;1952;NA;90561;214;2020-11-16;8541
2020-11-15;"Nitriansky kraj";14;180;5;185;NA;90561;19;2020-11-15;8327
2020-11-14;"Nitriansky kraj";114;1131;32;1163;NA;90561;146;2020-11-14;8308
2020-11-13;"Nitriansky kraj";210;936;46;982;NA;90561;256;2020-11-13;8162
2020-11-12;"Nitriansky kraj";256;1195;35;1230;NA;90561;291;2020-11-12;7906
2020-11-11;"Nitriansky kraj";279;1247;22;1269;NA;90561;301;2020-11-11;7615
2020-11-10;"Nitriansky kraj";192;2623;39;2662;NA;90561;231;2020-11-10;7314
2020-11-09;"Nitriansky kraj";128;3136;43;3179;NA;90561;171;2020-11-09;7083
2020-11-08;"Nitriansky kraj";43;1462;32;1494;NA;90561;75;2020-11-08;6912
2020-11-07;"Nitriansky kraj";130;1046;4;1050;NA;90561;134;2020-11-07;6837
2020-11-06;"Nitriansky kraj";210;2264;32;2296;NA;90561;242;2020-11-06;6703
2020-11-05;"Nitriansky kraj";178;313;14;327;NA;90561;192;2020-11-05;6461
2020-11-04;"Nitriansky kraj";211;297;16;313;NA;90561;227;2020-11-04;6269
2020-11-03;"Nitriansky kraj";216;435;25;460;NA;90561;241;2020-11-03;6042
2020-11-02;"Nitriansky kraj";171;4208;46;4254;NA;90561;217;2020-11-02;5801
2020-11-01;"Nitriansky kraj";130;2546;27;2573;NA;90561;157;2020-11-01;5584
2020-10-31;"Nitriansky kraj";261;10572;134;10706;NA;90561;395;2020-10-31;5427
2020-10-30;"Nitriansky kraj";204;2661;44;2705;NA;90561;248;2020-10-30;5032
2020-10-29;"Nitriansky kraj";293;841;39;880;NA;90561;332;2020-10-29;4784
2020-10-28;"Nitriansky kraj";216;608;59;667;NA;90561;275;2020-10-28;4452
2020-10-27;"Nitriansky kraj";296;550;47;597;NA;90561;343;2020-10-27;4177
2020-10-26;"Nitriansky kraj";69;633;56;689;NA;90561;125;2020-10-26;3834
2020-10-25;"Nitriansky kraj";50;62;8;70;NA;90561;58;2020-10-25;3709
2020-10-24;"Nitriansky kraj";169;237;11;248;NA;90561;180;2020-10-24;3651
2020-10-23;"Nitriansky kraj";282;762;41;803;NA;90561;323;2020-10-23;3471
2020-10-22;"Nitriansky kraj";137;444;39;483;NA;90561;176;2020-10-22;3148
2020-10-21;"Nitriansky kraj";146;208;3;211;NA;90561;149;2020-10-21;2972
2020-10-20;"Nitriansky kraj";197;78;6;84;NA;90561;203;2020-10-20;2823
2020-10-19;"Nitriansky kraj";148;79;1;80;NA;90561;149;2020-10-19;2620
2020-10-18;"Nitriansky kraj";22;0;0;0;NA;90561;22;2020-10-18;2471
2020-10-17;"Nitriansky kraj";67;0;0;0;NA;90561;67;2020-10-17;2449
2020-10-16;"Nitriansky kraj";133;28;3;31;NA;90561;136;2020-10-16;2382
2020-10-15;"Nitriansky kraj";106;31;2;33;NA;90561;108;2020-10-15;2246
2020-10-14;"Nitriansky kraj";80;22;4;26;NA;90561;84;2020-10-14;2138
2020-10-13;"Nitriansky kraj";101;82;2;84;NA;90561;103;2020-10-13;2054
2020-10-12;"Nitriansky kraj";36;0;0;0;NA;90561;36;2020-10-12;1951
2020-10-11;"Nitriansky kraj";8;0;0;0;NA;90561;8;2020-10-11;1915
2020-10-10;"Nitriansky kraj";107;0;0;0;NA;90561;107;2020-10-10;1907
2020-10-09;"Nitriansky kraj";120;0;0;0;NA;90561;120;2020-10-09;1800
2020-10-08;"Nitriansky kraj";132;0;0;0;NA;90561;132;2020-10-08;1680
2020-10-07;"Nitriansky kraj";81;0;0;0;NA;90561;81;2020-10-07;1548
2020-10-06;"Nitriansky kraj";48;0;0;0;NA;90561;48;2020-10-06;1467
2020-10-05;"Nitriansky kraj";20;0;0;0;NA;90561;20;2020-10-05;1419
2020-10-04;"Nitriansky kraj";17;0;0;0;NA;90561;17;2020-10-04;1399
2020-10-03;"Nitriansky kraj";96;0;0;0;NA;90561;96;2020-10-03;1382
2020-10-02;"Nitriansky kraj";108;0;0;0;NA;90561;108;2020-10-02;1286
2020-10-01;"Nitriansky kraj";95;0;0;0;NA;90561;95;2020-10-01;1178
2020-09-30;"Nitriansky kraj";100;0;0;0;NA;90561;100;2020-09-30;1083
2020-09-29;"Nitriansky kraj";50;0;0;0;NA;90561;50;2020-09-29;983
2020-09-28;"Nitriansky kraj";22;0;0;0;NA;90561;22;2020-09-28;933
2020-09-27;"Nitriansky kraj";16;0;0;0;NA;90561;16;2020-09-27;911
2020-09-26;"Nitriansky kraj";64;0;0;0;NA;90561;64;2020-09-26;895
2020-09-25;"Nitriansky kraj";90;0;0;0;NA;90561;90;2020-09-25;831
2020-09-24;"Nitriansky kraj";51;0;0;0;NA;90561;51;2020-09-24;741
2020-09-23;"Nitriansky kraj";70;0;0;0;NA;90561;70;2020-09-23;690
2020-09-22;"Nitriansky kraj";18;0;0;0;NA;90561;18;2020-09-22;620
2020-09-21;"Nitriansky kraj";10;0;0;0;NA;90561;10;2020-09-21;602
2020-09-20;"Nitriansky kraj";4;0;0;0;NA;90561;4;2020-09-20;592
2020-09-19;"Nitriansky kraj";14;0;0;0;NA;90561;14;2020-09-19;588
2020-09-18;"Nitriansky kraj";19;0;0;0;NA;90561;19;2020-09-18;574
2020-09-17;"Nitriansky kraj";30;0;0;0;NA;90561;30;2020-09-17;555
2020-09-16;"Nitriansky kraj";6;0;0;0;NA;90561;6;2020-09-16;525
2020-09-15;"Nitriansky kraj";19;0;0;0;NA;90561;19;2020-09-15;519
2020-09-14;"Nitriansky kraj";28;0;0;0;NA;90561;28;2020-09-14;500
2020-09-13;"Nitriansky kraj";3;0;0;0;NA;90561;3;2020-09-13;472
2020-09-12;"Nitriansky kraj";12;0;0;0;NA;90561;12;2020-09-12;469
2020-09-11;"Nitriansky kraj";23;0;0;0;NA;90561;23;2020-09-11;457
2020-09-10;"Nitriansky kraj";29;0;0;0;NA;90561;29;2020-09-10;434
2020-09-09;"Nitriansky kraj";19;0;0;0;NA;90561;19;2020-09-09;405
2020-09-08;"Nitriansky kraj";17;0;0;0;NA;90561;17;2020-09-08;386
2020-09-07;"Nitriansky kraj";17;0;0;0;NA;90561;17;2020-09-07;369
2020-09-06;"Nitriansky kraj";0;0;0;0;NA;90561;0;2020-09-06;352
2020-09-05;"Nitriansky kraj";22;0;0;0;NA;90561;22;2020-09-05;352
2020-09-04;"Nitriansky kraj";34;0;0;0;NA;90561;34;2020-09-04;330
2020-09-03;"Nitriansky kraj";15;0;0;0;NA;90561;15;2020-09-03;296
2020-09-02;"Nitriansky kraj";15;0;0;0;NA;90561;15;2020-09-02;281
2020-09-01;"Nitriansky kraj";2;0;0;0;NA;90561;2;2020-09-01;266
2020-08-31;"Nitriansky kraj";12;0;0;0;NA;90561;12;2020-08-31;264
2020-08-30;"Nitriansky kraj";1;0;0;0;NA;90561;1;2020-08-30;252
2020-08-29;"Nitriansky kraj";7;0;0;0;NA;90561;7;2020-08-29;251
2020-08-28;"Nitriansky kraj";12;0;0;0;NA;90561;12;2020-08-28;244
2020-08-27;"Nitriansky kraj";12;0;0;0;NA;90561;12;2020-08-27;232
2020-08-26;"Nitriansky kraj";4;0;0;0;NA;90561;4;2020-08-26;220
2020-08-25;"Nitriansky kraj";8;0;0;0;NA;90561;8;2020-08-25;216
2020-08-24;"Nitriansky kraj";1;0;0;0;NA;90561;1;2020-08-24;208
2020-08-23;"Nitriansky kraj";1;0;0;0;NA;90561;1;2020-08-23;207
2020-08-22;"Nitriansky kraj";2;0;0;0;NA;90561;2;2020-08-22;206
2020-08-21;"Nitriansky kraj";0;0;0;0;NA;90561;0;2020-08-21;204
2020-08-20;"Nitriansky kraj";7;0;0;0;NA;90561;7;2020-08-20;204
2020-08-19;"Nitriansky kraj";1;0;0;0;NA;90561;1;2020-08-19;197
2020-08-18;"Nitriansky kraj";2;0;0;0;NA;90561;2;2020-08-18;196
2020-08-17;"Nitriansky kraj";1;0;0;0;NA;90561;1;2020-08-17;194
2020-08-16;"Nitriansky kraj";0;0;0;0;NA;90561;0;2020-08-16;193
2020-08-15;"Nitriansky kraj";2;0;0;0;NA;90561;2;2020-08-15;193
2020-08-14;"Nitriansky kraj";1;0;0;0;NA;90561;1;2020-08-14;191
2020-08-13;"Nitriansky kraj";4;0;0;0;NA;90561;4;2020-08-13;190
2020-08-12;"Nitriansky kraj";0;0;0;0;NA;90561;0;2020-08-12;186
2020-08-11;"Nitriansky kraj";1;0;0;0;NA;90561;1;2020-08-11;186
2020-08-10;"Nitriansky kraj";0;0;0;0;NA;90561;0;2020-08-10;185
2020-08-09;"Nitriansky kraj";0;0;0;0;NA;90561;0;2020-08-09;185
2020-08-08;"Nitriansky kraj";0;0;0;0;NA;90561;0;2020-08-08;185
2020-08-07;"Nitriansky kraj";4;0;0;0;NA;90561;4;2020-08-07;185
2020-08-06;"Nitriansky kraj";4;0;0;0;NA;90561;4;2020-08-06;181
2020-08-05;"Nitriansky kraj";0;0;0;0;NA;90561;0;2020-08-05;177
2020-08-04;"Nitriansky kraj";7;0;0;0;NA;90561;7;2020-08-04;177
2020-08-03;"Nitriansky kraj";0;0;0;0;NA;90561;0;2020-08-03;170
2020-08-02;"Nitriansky kraj";0;0;0;0;NA;90561;0;2020-08-02;170
2020-08-01;"Nitriansky kraj";0;0;0;0;NA;90561;0;2020-08-01;170
2020-07-31;"Nitriansky kraj";0;0;0;0;NA;90561;0;2020-07-31;170
2020-07-30;"Nitriansky kraj";0;0;0;0;NA;90561;0;2020-07-30;170
2020-07-29;"Nitriansky kraj";0;0;0;0;NA;90561;0;2020-07-29;170
2020-07-28;"Nitriansky kraj";0;0;0;0;NA;90561;0;2020-07-28;170
2020-07-27;"Nitriansky kraj";0;0;0;0;NA;90561;0;2020-07-27;170
2020-07-26;"Nitriansky kraj";0;0;0;0;NA;90561;0;2020-07-26;170
2020-07-25;"Nitriansky kraj";0;0;0;0;NA;90561;0;2020-07-25;170
2020-07-24;"Nitriansky kraj";1;0;0;0;NA;90561;1;2020-07-24;170
2020-07-23;"Nitriansky kraj";3;0;0;0;NA;90561;3;2020-07-23;169
2020-07-22;"Nitriansky kraj";2;0;0;0;NA;90561;2;2020-07-22;166
2020-07-21;"Nitriansky kraj";14;0;0;0;NA;90561;14;2020-07-21;164
2020-07-20;"Nitriansky kraj";11;0;0;0;NA;90561;11;2020-07-20;150
2020-07-19;"Nitriansky kraj";0;0;0;0;NA;90561;0;2020-07-19;139
2020-07-18;"Nitriansky kraj";0;0;0;0;NA;90561;0;2020-07-18;139
2020-07-17;"Nitriansky kraj";0;0;0;0;NA;90561;0;2020-07-17;139
2020-07-16;"Nitriansky kraj";4;0;0;0;NA;90561;4;2020-07-16;139
2020-07-15;"Nitriansky kraj";5;0;0;0;NA;90561;5;2020-07-15;135
2020-07-14;"Nitriansky kraj";0;0;0;0;NA;90561;0;2020-07-14;130
2020-07-13;"Nitriansky kraj";0;0;0;0;NA;90561;0;2020-07-13;130
2020-07-12;"Nitriansky kraj";0;0;0;0;NA;90561;0;2020-07-12;130
2020-07-11;"Nitriansky kraj";0;0;0;0;NA;90561;0;2020-07-11;130
2020-07-10;"Nitriansky kraj";0;0;0;0;NA;90561;0;2020-07-10;130
2020-07-09;"Nitriansky kraj";1;0;0;0;NA;90561;1;2020-07-09;130
2020-07-08;"Nitriansky kraj";2;0;0;0;NA;90561;2;2020-07-08;129
2020-07-07;"Nitriansky kraj";0;0;0;0;NA;90561;0;2020-07-07;127
2020-07-06;"Nitriansky kraj";0;0;0;0;NA;90561;0;2020-07-06;127
2020-07-05;"Nitriansky kraj";0;0;0;0;NA;90561;0;2020-07-05;127
2020-07-04;"Nitriansky kraj";0;0;0;0;NA;90561;0;2020-07-04;127
2020-07-03;"Nitriansky kraj";0;0;0;0;NA;90561;0;2020-07-03;127
2020-07-02;"Nitriansky kraj";0;0;0;0;NA;90561;0;2020-07-02;127
2020-07-01;"Nitriansky kraj";3;0;0;0;NA;90561;3;2020-07-01;127
2020-06-30;"Nitriansky kraj";0;0;0;0;NA;90561;0;2020-06-30;124
2020-06-29;"Nitriansky kraj";0;0;0;0;NA;90561;0;2020-06-29;124
2020-06-28;"Nitriansky kraj";0;0;0;0;NA;90561;0;2020-06-28;124
2020-06-27;"Nitriansky kraj";0;0;0;0;NA;90561;0;2020-06-27;124
2020-06-26;"Nitriansky kraj";0;0;0;0;NA;90561;0;2020-06-26;124
2020-06-25;"Nitriansky kraj";0;0;0;0;NA;90561;0;2020-06-25;124
2020-06-24;"Nitriansky kraj";1;0;0;0;NA;90561;1;2020-06-24;124
2020-06-23;"Nitriansky kraj";0;0;0;0;NA;90561;0;2020-06-23;123
2020-06-22;"Nitriansky kraj";0;0;0;0;NA;90561;0;2020-06-22;123
2020-06-21;"Nitriansky kraj";0;0;0;0;NA;90561;0;2020-06-21;123
2020-06-20;"Nitriansky kraj";0;0;0;0;NA;90561;0;2020-06-20;123
2020-06-19;"Nitriansky kraj";0;0;0;0;NA;90561;0;2020-06-19;123
2020-06-18;"Nitriansky kraj";0;0;0;0;NA;90561;0;2020-06-18;123
2020-06-17;"Nitriansky kraj";0;0;0;0;NA;90561;0;2020-06-17;123
2020-06-16;"Nitriansky kraj";0;0;0;0;NA;90561;0;2020-06-16;123
2020-06-14;"Nitriansky kraj";0;0;0;0;NA;90561;0;2020-06-14;123
2020-06-13;"Nitriansky kraj";0;0;0;0;NA;90561;0;2020-06-13;123
2020-06-12;"Nitriansky kraj";0;0;0;0;NA;90561;0;2020-06-12;123
2020-06-11;"Nitriansky kraj";0;0;0;0;NA;90561;0;2020-06-11;123
2020-06-10;"Nitriansky kraj";1;0;0;0;NA;90561;1;2020-06-10;123
2020-06-09;"Nitriansky kraj";1;0;0;0;NA;90561;1;2020-06-09;122
2020-06-08;"Nitriansky kraj";0;0;0;0;NA;90561;0;2020-06-08;121
2020-06-07;"Nitriansky kraj";0;0;0;0;NA;90561;0;2020-06-07;121
2020-06-05;"Nitriansky kraj";0;0;0;0;NA;90561;0;2020-06-05;121
2020-06-03;"Nitriansky kraj";0;0;0;0;NA;90561;0;2020-06-03;121
2020-06-02;"Nitriansky kraj";1;0;0;0;NA;90561;1;2020-06-02;121
2020-05-31;"Nitriansky kraj";0;0;0;0;NA;90561;0;2020-05-31;120
2020-05-29;"Nitriansky kraj";0;0;0;0;NA;90561;0;2020-05-29;120
2020-05-27;"Nitriansky kraj";0;0;0;0;NA;90561;0;2020-05-27;120
2020-05-26;"Nitriansky kraj";0;0;0;0;NA;90561;0;2020-05-26;120
2020-05-25;"Nitriansky kraj";0;0;0;0;NA;90561;0;2020-05-25;120
2020-05-24;"Nitriansky kraj";2;0;0;0;NA;90561;2;2020-05-24;120
2020-05-23;"Nitriansky kraj";0;0;0;0;NA;90561;0;2020-05-23;118
2020-05-22;"Nitriansky kraj";1;0;0;0;NA;90561;1;2020-05-22;118
2020-05-21;"Nitriansky kraj";0;0;0;0;NA;90561;0;2020-05-21;117
2020-05-20;"Nitriansky kraj";0;0;0;0;NA;90561;0;2020-05-20;117
2020-05-19;"Nitriansky kraj";0;0;0;0;NA;90561;0;2020-05-19;117
2020-05-17;"Nitriansky kraj";0;0;0;0;NA;90561;0;2020-05-17;117
2020-05-16;"Nitriansky kraj";0;0;0;0;NA;90561;0;2020-05-16;117
2020-05-15;"Nitriansky kraj";1;0;0;0;NA;90561;1;2020-05-15;117
2020-05-14;"Nitriansky kraj";0;0;0;0;NA;90561;0;2020-05-14;116
2020-05-13;"Nitriansky kraj";0;0;0;0;NA;90561;0;2020-05-13;116
2020-05-12;"Nitriansky kraj";0;0;0;0;NA;90561;0;2020-05-12;116
2020-05-11;"Nitriansky kraj";2;0;0;0;NA;90561;2;2020-05-11;116
2020-05-09;"Nitriansky kraj";0;0;0;0;NA;90561;0;2020-05-09;114
2020-05-07;"Nitriansky kraj";1;0;0;0;NA;90561;1;2020-05-07;114
2020-05-06;"Nitriansky kraj";9;0;0;0;NA;90561;9;2020-05-06;113
2020-05-05;"Nitriansky kraj";0;0;0;0;NA;90561;0;2020-05-05;104
2020-05-04;"Nitriansky kraj";5;0;0;0;NA;90561;5;2020-05-04;104
2020-05-03;"Nitriansky kraj";2;0;0;0;NA;90561;2;2020-05-03;99
2020-05-02;"Nitriansky kraj";0;0;0;0;NA;90561;0;2020-05-02;97
2020-05-01;"Nitriansky kraj";1;0;0;0;NA;90561;1;2020-05-01;97
2020-04-30;"Nitriansky kraj";0;0;0;0;NA;90561;0;2020-04-30;96
2020-04-29;"Nitriansky kraj";0;0;0;0;NA;90561;0;2020-04-29;96
2020-04-28;"Nitriansky kraj";1;0;0;0;NA;90561;1;2020-04-28;96
2020-04-27;"Nitriansky kraj";0;0;0;0;NA;90561;0;2020-04-27;95
2020-04-26;"Nitriansky kraj";0;0;0;0;NA;90561;0;2020-04-26;95
2020-04-25;"Nitriansky kraj";0;0;0;0;NA;90561;0;2020-04-25;95
2020-04-24;"Nitriansky kraj";0;0;0;0;NA;90561;0;2020-04-24;95
2020-04-23;"Nitriansky kraj";3;0;0;0;NA;90561;3;2020-04-23;95
2020-04-22;"Nitriansky kraj";16;0;0;0;NA;90561;16;2020-04-22;92
2020-04-21;"Nitriansky kraj";6;0;0;0;NA;90561;6;2020-04-21;76
2020-04-20;"Nitriansky kraj";5;0;0;0;NA;90561;5;2020-04-20;70
2020-04-19;"Nitriansky kraj";0;0;0;0;NA;90561;0;2020-04-19;65
2020-04-18;"Nitriansky kraj";0;0;0;0;NA;90561;0;2020-04-18;65
2020-04-17;"Nitriansky kraj";7;0;0;0;NA;90561;7;2020-04-17;65
2020-04-16;"Nitriansky kraj";0;0;0;0;NA;90561;0;2020-04-16;58
2020-04-15;"Nitriansky kraj";6;0;0;0;NA;90561;6;2020-04-15;58
2020-04-14;"Nitriansky kraj";2;0;0;0;NA;90561;2;2020-04-14;52
2020-04-13;"Nitriansky kraj";1;0;0;0;NA;90561;1;2020-04-13;50
2020-04-12;"Nitriansky kraj";3;0;0;0;NA;90561;3;2020-04-12;49
2020-04-11;"Nitriansky kraj";1;0;0;0;NA;90561;1;2020-04-11;46
2020-04-10;"Nitriansky kraj";1;0;0;0;NA;90561;1;2020-04-10;45
2020-04-09;"Nitriansky kraj";0;0;0;0;NA;90561;0;2020-04-09;44
2020-04-08;"Nitriansky kraj";2;0;0;0;NA;90561;2;2020-04-08;44
2020-04-07;"Nitriansky kraj";3;0;0;0;NA;90561;3;2020-04-07;42
2020-04-06;"Nitriansky kraj";4;0;0;0;NA;90561;4;2020-04-06;39
2020-04-05;"Nitriansky kraj";5;0;0;0;NA;90561;5;2020-04-05;35
2020-04-04;"Nitriansky kraj";0;0;0;0;NA;90561;0;2020-04-04;30
2020-04-03;"Nitriansky kraj";0;0;0;0;NA;90561;0;2020-04-03;30
2020-04-02;"Nitriansky kraj";1;0;0;0;NA;90561;1;2020-04-02;30
2020-04-01;"Nitriansky kraj";0;0;0;0;NA;90561;0;2020-04-01;29
2020-03-31;"Nitriansky kraj";3;0;0;0;NA;90561;3;2020-03-31;29
2020-03-30;"Nitriansky kraj";3;0;0;0;NA;90561;3;2020-03-30;26
2020-03-29;"Nitriansky kraj";3;0;0;0;NA;90561;3;2020-03-29;23
2020-03-28;"Nitriansky kraj";1;0;0;0;NA;90561;1;2020-03-28;20
2020-03-27;"Nitriansky kraj";1;0;0;0;NA;90561;1;2020-03-27;19
2020-03-26;"Nitriansky kraj";1;0;0;0;NA;90561;1;2020-03-26;18
2020-03-25;"Nitriansky kraj";1;0;0;0;NA;90561;1;2020-03-25;17
2020-03-24;"Nitriansky kraj";0;0;0;0;NA;90561;0;2020-03-24;16
2020-03-23;"Nitriansky kraj";2;0;0;0;NA;90561;2;2020-03-23;16
2020-03-22;"Nitriansky kraj";2;0;0;0;NA;90561;2;2020-03-22;14
2020-03-21;"Nitriansky kraj";2;0;0;0;NA;90561;2;2020-03-21;12
2020-03-20;"Nitriansky kraj";1;0;0;0;NA;90561;1;2020-03-20;10
2020-03-19;"Nitriansky kraj";1;0;0;0;NA;90561;1;2020-03-19;9
2020-03-18;"Nitriansky kraj";2;0;0;0;NA;90561;2;2020-03-18;8
2020-03-17;"Nitriansky kraj";1;0;0;0;NA;90561;1;2020-03-17;6
2020-03-16;"Nitriansky kraj";0;0;0;0;NA;90561;0;2020-03-16;5
2020-03-15;"Nitriansky kraj";4;0;0;0;NA;90561;4;2020-03-15;5
2020-03-14;"Nitriansky kraj";1;0;0;0;NA;90561;1;2020-03-14;1
2020-03-13;"Nitriansky kraj";0;0;0;0;NA;90561;0;2020-03-13;0
2020-03-12;"Nitriansky kraj";0;0;0;0;NA;90561;0;2020-03-12;0
2020-03-11;"Nitriansky kraj";0;0;0;0;NA;90561;0;2020-03-11;0
2020-03-09;"Nitriansky kraj";0;0;0;0;NA;90561;0;2020-03-09;0
2020-03-08;"Nitriansky kraj";0;0;0;0;NA;90561;0;2020-03-08;0
2020-03-07;"Nitriansky kraj";0;0;0;0;NA;90561;0;2020-03-07;0
2020-03-06;"Nitriansky kraj";0;0;0;0;NA;90561;0;2020-03-06;0
2021-04-18;"Prešovský kraj";4;45351;265;45616;56951;107335;269;2021-04-18;107335
2021-04-17;"Prešovský kraj";119;86650;211;86861;NA;107335;330;2021-04-17;107066
2021-04-16;"Prešovský kraj";135;39151;184;39335;NA;107335;319;2021-04-16;106736
2021-04-15;"Prešovský kraj";112;19853;133;19986;NA;107335;245;2021-04-15;106417
2021-04-14;"Prešovský kraj";199;23212;127;23339;NA;107335;326;2021-04-14;106172
2021-04-13;"Prešovský kraj";180;23727;116;23843;NA;107335;296;2021-04-13;105846
2021-04-12;"Prešovský kraj";172;30152;175;30327;NA;107335;347;2021-04-12;105550
2021-04-11;"Prešovský kraj";11;48918;182;49100;NA;107335;193;2021-04-11;105203
2021-04-10;"Prešovský kraj";94;89907;282;90189;NA;107335;376;2021-04-10;105010
2021-04-09;"Prešovský kraj";255;37130;200;37330;NA;107335;455;2021-04-09;104634
2021-04-08;"Prešovský kraj";192;18891;157;19048;NA;107335;349;2021-04-08;104179
2021-04-07;"Prešovský kraj";314;27700;154;27854;NA;107335;468;2021-04-07;103830
2021-04-06;"Prešovský kraj";231;41672;268;41940;NA;107335;499;2021-04-06;103362
2021-04-05;"Prešovský kraj";54;18454;132;18586;NA;107335;186;2021-04-05;102863
2021-04-04;"Prešovský kraj";31;18546;91;18637;NA;107335;122;2021-04-04;102677
2021-04-03;"Prešovský kraj";104;89627;316;89943;NA;107335;420;2021-04-03;102555
2021-04-02;"Prešovský kraj";194;23775;134;23909;NA;107335;328;2021-04-02;102135
2021-04-01;"Prešovský kraj";256;42433;195;42628;NA;107335;451;2021-04-01;101807
2021-03-31;"Prešovský kraj";311;30252;227;30479;NA;107335;538;2021-03-31;101356
2021-03-30;"Prešovský kraj";374;20639;203;20842;NA;107335;577;2021-03-30;100818
2021-03-29;"Prešovský kraj";219;28178;229;28407;NA;107335;448;2021-03-29;100241
2021-03-28;"Prešovský kraj";26;46811;256;47067;NA;107335;282;2021-03-28;99793
2021-03-27;"Prešovský kraj";181;88639;373;89012;NA;107335;554;2021-03-27;99511
2021-03-26;"Prešovský kraj";310;47750;299;48049;NA;107335;609;2021-03-26;98957
2021-03-25;"Prešovský kraj";248;22279;213;22492;NA;107335;461;2021-03-25;98348
2021-03-24;"Prešovský kraj";381;19541;213;19754;NA;107335;594;2021-03-24;97887
2021-03-23;"Prešovský kraj";241;20329;255;20584;NA;107335;496;2021-03-23;97293
2021-03-22;"Prešovský kraj";299;28490;286;28776;NA;107335;585;2021-03-22;96797
2021-03-21;"Prešovský kraj";32;50646;274;50920;NA;107335;306;2021-03-21;96212
2021-03-20;"Prešovský kraj";180;91329;419;91748;NA;107335;599;2021-03-20;95906
2021-03-19;"Prešovský kraj";373;46196;320;46516;NA;107335;693;2021-03-19;95307
2021-03-18;"Prešovský kraj";251;21721;217;21938;NA;107335;468;2021-03-18;94614
2021-03-17;"Prešovský kraj";331;20887;231;21118;NA;107335;562;2021-03-17;94146
2021-03-16;"Prešovský kraj";461;21094;277;21371;NA;107335;738;2021-03-16;93584
2021-03-15;"Prešovský kraj";370;28789;324;29113;NA;107335;694;2021-03-15;92846
2021-03-14;"Prešovský kraj";52;51499;359;51858;NA;107335;411;2021-03-14;92152
2021-03-13;"Prešovský kraj";200;95123;531;95654;NA;107335;731;2021-03-13;91741
2021-03-12;"Prešovský kraj";425;47691;368;48059;NA;107335;793;2021-03-12;91010
2021-03-11;"Prešovský kraj";463;22059;253;22312;NA;107335;716;2021-03-11;90217
2021-03-10;"Prešovský kraj";325;20861;293;21154;NA;107335;618;2021-03-10;89501
2021-03-09;"Prešovský kraj";505;21449;288;21737;NA;107335;793;2021-03-09;88883
2021-03-08;"Prešovský kraj";314;28898;333;29231;NA;107335;647;2021-03-08;88090
2021-03-07;"Prešovský kraj";19;48918;395;49313;NA;107335;414;2021-03-07;87443
2021-03-06;"Prešovský kraj";193;96748;591;97339;NA;107335;784;2021-03-06;87029
2021-03-05;"Prešovský kraj";497;46044;397;46441;NA;107335;894;2021-03-05;86245
2021-03-04;"Prešovský kraj";372;22814;359;23173;NA;107335;731;2021-03-04;85351
2021-03-03;"Prešovský kraj";397;21424;330;21754;NA;107335;727;2021-03-03;84620
2021-03-02;"Prešovský kraj";421;22679;357;23036;NA;107335;778;2021-03-02;83893
2021-03-01;"Prešovský kraj";303;27716;406;28122;NA;107335;709;2021-03-01;83115
2021-02-28;"Prešovský kraj";75;45000;387;45387;NA;107335;462;2021-02-28;82406
2021-02-27;"Prešovský kraj";273;90231;734;90965;NA;107335;1007;2021-02-27;81944
2021-02-26;"Prešovský kraj";455;41700;439;42139;NA;107335;894;2021-02-26;80937
2021-02-25;"Prešovský kraj";270;19496;337;19833;NA;107335;607;2021-02-25;80043
2021-02-24;"Prešovský kraj";328;19026;377;19403;NA;107335;705;2021-02-24;79436
2021-02-23;"Prešovský kraj";430;21273;345;21618;NA;107335;775;2021-02-23;78731
2021-02-22;"Prešovský kraj";351;27175;356;27531;NA;107335;707;2021-02-22;77956
2021-02-21;"Prešovský kraj";66;31802;302;32104;NA;107335;368;2021-02-21;77249
2021-02-20;"Prešovský kraj";129;71413;517;71930;NA;107335;646;2021-02-20;76881
2021-02-19;"Prešovský kraj";381;38597;425;39022;NA;107335;806;2021-02-19;76235
2021-02-18;"Prešovský kraj";268;16960;322;17282;NA;107335;590;2021-02-18;75429
2021-02-17;"Prešovský kraj";293;17392;246;17638;NA;107335;539;2021-02-17;74839
2021-02-16;"Prešovský kraj";422;18862;265;19127;NA;107335;687;2021-02-16;74300
2021-02-15;"Prešovský kraj";211;31360;303;31663;NA;107335;514;2021-02-15;73613
2021-02-14;"Prešovský kraj";27;39271;318;39589;NA;107335;345;2021-02-14;73099
2021-02-13;"Prešovský kraj";157;73937;392;74329;NA;107335;549;2021-02-13;72754
2021-02-12;"Prešovský kraj";308;38720;362;39082;NA;107335;670;2021-02-12;72205
2021-02-11;"Prešovský kraj";218;16207;238;16445;NA;107335;456;2021-02-11;71535
2021-02-10;"Prešovský kraj";220;18499;279;18778;NA;107335;499;2021-02-10;71079
2021-02-09;"Prešovský kraj";323;21495;370;21865;NA;107335;693;2021-02-09;70580
2021-02-08;"Prešovský kraj";161;37207;261;37468;NA;107335;422;2021-02-08;69887
2021-02-07;"Prešovský kraj";21;33991;209;34200;NA;107335;230;2021-02-07;69465
2021-02-06;"Prešovský kraj";176;69490;361;69851;NA;107335;537;2021-02-06;69235
2021-02-05;"Prešovský kraj";177;30921;260;31181;NA;107335;437;2021-02-05;68698
2021-02-04;"Prešovský kraj";176;13073;237;13310;NA;107335;413;2021-02-04;68261
2021-02-03;"Prešovský kraj";251;8421;236;8657;NA;107335;487;2021-02-03;67848
2021-02-02;"Prešovský kraj";249;11976;275;12251;NA;107335;524;2021-02-02;67361
2021-02-01;"Prešovský kraj";220;16059;316;16375;NA;107335;536;2021-02-01;66837
2021-01-31;"Prešovský kraj";42;10587;107;10694;NA;107335;149;2021-01-31;66301
2021-01-30;"Prešovský kraj";142;23939;215;24154;NA;107335;357;2021-01-30;66152
2021-01-29;"Prešovský kraj";185;17924;326;18250;NA;107335;511;2021-01-29;65795
2021-01-28;"Prešovský kraj";311;8535;157;8692;NA;107335;468;2021-01-28;65284
2021-01-27;"Prešovský kraj";153;9886;150;10036;NA;107335;303;2021-01-27;64816
2021-01-26;"Prešovský kraj";252;16648;151;16799;NA;107335;403;2021-01-26;64513
2021-01-25;"Prešovský kraj";196;29649;251;29900;NA;107335;447;2021-01-25;64110
2021-01-24;"Prešovský kraj";12;45706;304;46010;NA;107335;316;2021-01-24;63663
2021-01-23;"Prešovský kraj";189;96051;483;96534;NA;107335;672;2021-01-23;63347
2021-01-22;"Prešovský kraj";187;34855;258;35113;NA;107335;445;2021-01-22;62675
2021-01-21;"Prešovský kraj";187;20545;212;20757;NA;107335;399;2021-01-21;62230
2021-01-20;"Prešovský kraj";253;14468;195;14663;NA;107335;448;2021-01-20;61831
2021-01-19;"Prešovský kraj";281;12329;305;12634;NA;107335;586;2021-01-19;61383
2021-01-18;"Prešovský kraj";203;10422;336;10758;NA;107335;539;2021-01-18;60797
2021-01-17;"Prešovský kraj";107;14391;1008;15399;NA;107335;1115;2021-01-17;60258
2021-01-16;"Prešovský kraj";72;1838;85;1923;NA;107335;157;2021-01-16;59143
2021-01-15;"Prešovský kraj";159;7033;257;7290;NA;107335;416;2021-01-15;58986
2021-01-14;"Prešovský kraj";268;5523;252;5775;NA;107335;520;2021-01-14;58570
2021-01-13;"Prešovský kraj";342;5649;226;5875;NA;107335;568;2021-01-13;58050
2021-01-12;"Prešovský kraj";455;8487;409;8896;NA;107335;864;2021-01-12;57482
2021-01-11;"Prešovský kraj";343;8351;479;8830;NA;107335;822;2021-01-11;56618
2021-01-10;"Prešovský kraj";63;476;23;499;NA;107335;86;2021-01-10;55796
2021-01-09;"Prešovský kraj";439;2248;125;2373;NA;107335;564;2021-01-09;55710
2021-01-08;"Prešovský kraj";430;10865;572;11437;NA;107335;1002;2021-01-08;55146
2021-01-07;"Prešovský kraj";268;7789;648;8437;NA;107335;916;2021-01-07;54144
2021-01-06;"Prešovský kraj";315;1484;134;1618;NA;107335;449;2021-01-06;53228
2021-01-05;"Prešovský kraj";655;11591;1003;12594;NA;107335;1658;2021-01-05;52779
2021-01-04;"Prešovský kraj";371;17185;1812;18997;NA;107335;2183;2021-01-04;51121
2021-01-03;"Prešovský kraj";89;459;41;500;NA;107335;130;2021-01-03;48938
2021-01-02;"Prešovský kraj";65;1556;160;1716;NA;107335;225;2021-01-02;48808
2021-01-01;"Prešovský kraj";174;956;71;1027;NA;107335;245;2021-01-01;48583
2020-12-31;"Prešovský kraj";640;11959;783;12742;NA;107335;1423;2020-12-31;48338
2020-12-30;"Prešovský kraj";729;9065;802;9867;NA;107335;1531;2020-12-30;46915
2020-12-29;"Prešovský kraj";435;9273;949;10222;NA;107335;1384;2020-12-29;45384
2020-12-28;"Prešovský kraj";393;9046;1079;10125;NA;107335;1472;2020-12-28;44000
2020-12-27;"Prešovský kraj";40;613;45;658;NA;107335;85;2020-12-27;42528
2020-12-26;"Prešovský kraj";64;176;12;188;NA;107335;76;2020-12-26;42443
2020-12-25;"Prešovský kraj";208;274;11;285;NA;107335;219;2020-12-25;42367
2020-12-24;"Prešovský kraj";452;1214;85;1299;NA;107335;537;2020-12-24;42148
2020-12-23;"Prešovský kraj";361;11369;635;12004;NA;107335;996;2020-12-23;41611
2020-12-22;"Prešovský kraj";439;9371;710;10081;NA;107335;1149;2020-12-22;40615
2020-12-21;"Prešovský kraj";432;9922;880;10802;NA;107335;1312;2020-12-21;39466
2020-12-20;"Prešovský kraj";184;396;20;416;NA;107335;204;2020-12-20;38154
2020-12-19;"Prešovský kraj";276;1658;151;1809;NA;107335;427;2020-12-19;37950
2020-12-18;"Prešovský kraj";396;8845;595;9440;NA;107335;991;2020-12-18;37523
2020-12-17;"Prešovský kraj";427;10826;891;11717;NA;107335;1318;2020-12-17;36532
2020-12-16;"Prešovský kraj";466;6017;508;6525;NA;107335;974;2020-12-16;35214
2020-12-15;"Prešovský kraj";411;5685;584;6269;NA;107335;995;2020-12-15;34240
2020-12-14;"Prešovský kraj";334;5767;508;6275;NA;107335;842;2020-12-14;33245
2020-12-13;"Prešovský kraj";89;29;8;37;NA;107335;97;2020-12-13;32403
2020-12-12;"Prešovský kraj";319;2474;166;2640;NA;107335;485;2020-12-12;32306
2020-12-11;"Prešovský kraj";560;5602;402;6004;NA;107335;962;2020-12-11;31821
2020-12-10;"Prešovský kraj";337;5180;440;5620;NA;107335;777;2020-12-10;30859
2020-12-09;"Prešovský kraj";358;4357;314;4671;NA;107335;672;2020-12-09;30082
2020-12-08;"Prešovský kraj";350;6629;651;7280;NA;107335;1001;2020-12-08;29410
2020-12-07;"Prešovský kraj";309;4345;327;4672;NA;107335;636;2020-12-07;28409
2020-12-06;"Prešovský kraj";59;655;26;681;NA;107335;85;2020-12-06;27773
2020-12-05;"Prešovský kraj";218;984;87;1071;NA;107335;305;2020-12-05;27688
2020-12-04;"Prešovský kraj";352;5070;293;5363;NA;107335;645;2020-12-04;27383
2020-12-03;"Prešovský kraj";284;2456;179;2635;NA;107335;463;2020-12-03;26738
2020-12-02;"Prešovský kraj";232;2830;225;3055;NA;107335;457;2020-12-02;26275
2020-12-01;"Prešovský kraj";281;1884;196;2080;NA;107335;477;2020-12-01;25818
2020-11-30;"Prešovský kraj";196;5333;97;5430;NA;107335;293;2020-11-30;25341
2020-11-29;"Prešovský kraj";27;379;42;421;NA;107335;69;2020-11-29;25048
2020-11-28;"Prešovský kraj";199;772;77;849;NA;107335;276;2020-11-28;24979
2020-11-27;"Prešovský kraj";232;2350;130;2480;NA;107335;362;2020-11-27;24703
2020-11-26;"Prešovský kraj";263;3014;329;3343;NA;107335;592;2020-11-26;24341
2020-11-25;"Prešovský kraj";302;2174;103;2277;NA;107335;405;2020-11-25;23749
2020-11-24;"Prešovský kraj";365;1777;156;1933;NA;107335;521;2020-11-24;23344
2020-11-23;"Prešovský kraj";164;1099;60;1159;NA;107335;224;2020-11-23;22823
2020-11-22;"Prešovský kraj";46;44;1;45;NA;107335;47;2020-11-22;22599
2020-11-21;"Prešovský kraj";205;754;62;816;NA;107335;267;2020-11-21;22552
2020-11-20;"Prešovský kraj";363;2258;102;2360;NA;107335;465;2020-11-20;22285
2020-11-19;"Prešovský kraj";359;2096;238;2334;NA;107335;597;2020-11-19;21820
2020-11-18;"Prešovský kraj";270;488;43;531;NA;107335;313;2020-11-18;21223
2020-11-17;"Prešovský kraj";347;205;23;228;NA;107335;370;2020-11-17;20910
2020-11-16;"Prešovský kraj";226;540;58;598;NA;107335;284;2020-11-16;20540
2020-11-15;"Prešovský kraj";186;39;4;43;NA;107335;190;2020-11-15;20256
2020-11-14;"Prešovský kraj";261;54;4;58;NA;107335;265;2020-11-14;20066
2020-11-13;"Prešovský kraj";395;166;8;174;NA;107335;403;2020-11-13;19801
2020-11-12;"Prešovský kraj";397;229;50;279;NA;107335;447;2020-11-12;19398
2020-11-11;"Prešovský kraj";516;161;15;176;NA;107335;531;2020-11-11;18951
2020-11-10;"Prešovský kraj";437;197;9;206;NA;107335;446;2020-11-10;18420
2020-11-09;"Prešovský kraj";190;4112;945;5057;NA;107335;1135;2020-11-09;17974
2020-11-08;"Prešovský kraj";97;2817;32;2849;NA;107335;129;2020-11-08;16839
2020-11-07;"Prešovský kraj";416;8578;81;8659;NA;107335;497;2020-11-07;16710
2020-11-06;"Prešovský kraj";520;4791;76;4867;NA;107335;596;2020-11-06;16213
2020-11-05;"Prešovský kraj";397;180;5;185;NA;107335;402;2020-11-05;15617
2020-11-04;"Prešovský kraj";350;807;8;815;NA;107335;358;2020-11-04;15215
2020-11-03;"Prešovský kraj";565;98;12;110;NA;107335;577;2020-11-03;14857
2020-11-02;"Prešovský kraj";203;4158;1004;5162;NA;107335;1207;2020-11-02;14280
2020-11-01;"Prešovský kraj";386;2906;53;2959;NA;107335;439;2020-11-01;13073
2020-10-31;"Prešovský kraj";315;10497;170;10667;NA;107335;485;2020-10-31;12634
2020-10-30;"Prešovský kraj";552;2949;65;3014;NA;107335;617;2020-10-30;12149
2020-10-29;"Prešovský kraj";594;301;38;339;NA;107335;632;2020-10-29;11532
2020-10-28;"Prešovský kraj";617;291;46;337;NA;107335;663;2020-10-28;10900
2020-10-27;"Prešovský kraj";656;268;34;302;NA;107335;690;2020-10-27;10237
2020-10-26;"Prešovský kraj";137;363;57;420;NA;107335;194;2020-10-26;9547
2020-10-25;"Prešovský kraj";237;346;11;357;NA;107335;248;2020-10-25;9353
2020-10-24;"Prešovský kraj";719;200;12;212;NA;107335;731;2020-10-24;9105
2020-10-23;"Prešovský kraj";750;218;8;226;NA;107335;758;2020-10-23;8374
2020-10-22;"Prešovský kraj";646;396;30;426;NA;107335;676;2020-10-22;7616
2020-10-21;"Prešovský kraj";383;58;8;66;NA;107335;391;2020-10-21;6940
2020-10-20;"Prešovský kraj";493;65;7;72;NA;107335;500;2020-10-20;6549
2020-10-19;"Prešovský kraj";140;235;15;250;NA;107335;155;2020-10-19;6049
2020-10-18;"Prešovský kraj";209;0;0;0;NA;107335;209;2020-10-18;5894
2020-10-17;"Prešovský kraj";342;0;0;0;NA;107335;342;2020-10-17;5685
2020-10-16;"Prešovský kraj";388;57;3;60;NA;107335;391;2020-10-16;5343
2020-10-15;"Prešovský kraj";435;85;18;103;NA;107335;453;2020-10-15;4952
2020-10-14;"Prešovský kraj";451;54;10;64;NA;107335;461;2020-10-14;4499
2020-10-13;"Prešovský kraj";264;50;6;56;NA;107335;270;2020-10-13;4038
2020-10-12;"Prešovský kraj";214;334;35;369;NA;107335;249;2020-10-12;3768
2020-10-11;"Prešovský kraj";127;0;0;0;NA;107335;127;2020-10-11;3519
2020-10-10;"Prešovský kraj";248;0;0;0;NA;107335;248;2020-10-10;3392
2020-10-09;"Prešovský kraj";406;0;0;0;NA;107335;406;2020-10-09;3144
2020-10-08;"Prešovský kraj";245;0;0;0;NA;107335;245;2020-10-08;2738
2020-10-07;"Prešovský kraj";244;0;0;0;NA;107335;244;2020-10-07;2493
2020-10-06;"Prešovský kraj";166;0;0;0;NA;107335;166;2020-10-06;2249
2020-10-05;"Prešovský kraj";84;0;0;0;NA;107335;84;2020-10-05;2083
2020-10-04;"Prešovský kraj";118;0;0;0;NA;107335;118;2020-10-04;1999
2020-10-03;"Prešovský kraj";204;0;0;0;NA;107335;204;2020-10-03;1881
2020-10-02;"Prešovský kraj";149;0;0;0;NA;107335;149;2020-10-02;1677
2020-10-01;"Prešovský kraj";136;0;0;0;NA;107335;136;2020-10-01;1528
2020-09-30;"Prešovský kraj";121;0;0;0;NA;107335;121;2020-09-30;1392
2020-09-29;"Prešovský kraj";156;0;0;0;NA;107335;156;2020-09-29;1271
2020-09-28;"Prešovský kraj";51;0;0;0;NA;107335;51;2020-09-28;1115
2020-09-27;"Prešovský kraj";10;0;0;0;NA;107335;10;2020-09-27;1064
2020-09-26;"Prešovský kraj";72;0;0;0;NA;107335;72;2020-09-26;1054
2020-09-25;"Prešovský kraj";91;0;0;0;NA;107335;91;2020-09-25;982
2020-09-24;"Prešovský kraj";52;0;0;0;NA;107335;52;2020-09-24;891
2020-09-23;"Prešovský kraj";55;0;0;0;NA;107335;55;2020-09-23;839
2020-09-22;"Prešovský kraj";29;0;0;0;NA;107335;29;2020-09-22;784
2020-09-21;"Prešovský kraj";14;0;0;0;NA;107335;14;2020-09-21;755
2020-09-20;"Prešovský kraj";5;0;0;0;NA;107335;5;2020-09-20;741
2020-09-19;"Prešovský kraj";12;0;0;0;NA;107335;12;2020-09-19;736
2020-09-18;"Prešovský kraj";29;0;0;0;NA;107335;29;2020-09-18;724
2020-09-17;"Prešovský kraj";25;0;0;0;NA;107335;25;2020-09-17;695
2020-09-16;"Prešovský kraj";8;0;0;0;NA;107335;8;2020-09-16;670
2020-09-15;"Prešovský kraj";10;0;0;0;NA;107335;10;2020-09-15;662
2020-09-14;"Prešovský kraj";47;0;0;0;NA;107335;47;2020-09-14;652
2020-09-13;"Prešovský kraj";3;0;0;0;NA;107335;3;2020-09-13;605
2020-09-12;"Prešovský kraj";4;0;0;0;NA;107335;4;2020-09-12;602
2020-09-11;"Prešovský kraj";15;0;0;0;NA;107335;15;2020-09-11;598
2020-09-10;"Prešovský kraj";10;0;0;0;NA;107335;10;2020-09-10;583
2020-09-09;"Prešovský kraj";21;0;0;0;NA;107335;21;2020-09-09;573
2020-09-08;"Prešovský kraj";23;0;0;0;NA;107335;23;2020-09-08;552
2020-09-07;"Prešovský kraj";5;0;0;0;NA;107335;5;2020-09-07;529
2020-09-06;"Prešovský kraj";3;0;0;0;NA;107335;3;2020-09-06;524
2020-09-05;"Prešovský kraj";7;0;0;0;NA;107335;7;2020-09-05;521
2020-09-04;"Prešovský kraj";24;0;0;0;NA;107335;24;2020-09-04;514
2020-09-03;"Prešovský kraj";8;0;0;0;NA;107335;8;2020-09-03;490
2020-09-02;"Prešovský kraj";9;0;0;0;NA;107335;9;2020-09-02;482
2020-09-01;"Prešovský kraj";6;0;0;0;NA;107335;6;2020-09-01;473
2020-08-31;"Prešovský kraj";3;0;0;0;NA;107335;3;2020-08-31;467
2020-08-30;"Prešovský kraj";6;0;0;0;NA;107335;6;2020-08-30;464
2020-08-29;"Prešovský kraj";4;0;0;0;NA;107335;4;2020-08-29;458
2020-08-28;"Prešovský kraj";6;0;0;0;NA;107335;6;2020-08-28;454
2020-08-27;"Prešovský kraj";7;0;0;0;NA;107335;7;2020-08-27;448
2020-08-26;"Prešovský kraj";22;0;0;0;NA;107335;22;2020-08-26;441
2020-08-25;"Prešovský kraj";1;0;0;0;NA;107335;1;2020-08-25;419
2020-08-24;"Prešovský kraj";5;0;0;0;NA;107335;5;2020-08-24;418
2020-08-23;"Prešovský kraj";3;0;0;0;NA;107335;3;2020-08-23;413
2020-08-22;"Prešovský kraj";3;0;0;0;NA;107335;3;2020-08-22;410
2020-08-21;"Prešovský kraj";11;0;0;0;NA;107335;11;2020-08-21;407
2020-08-20;"Prešovský kraj";8;0;0;0;NA;107335;8;2020-08-20;396
2020-08-19;"Prešovský kraj";8;0;0;0;NA;107335;8;2020-08-19;388
2020-08-18;"Prešovský kraj";6;0;0;0;NA;107335;6;2020-08-18;380
2020-08-17;"Prešovský kraj";1;0;0;0;NA;107335;1;2020-08-17;374
2020-08-16;"Prešovský kraj";0;0;0;0;NA;107335;0;2020-08-16;373
2020-08-15;"Prešovský kraj";8;0;0;0;NA;107335;8;2020-08-15;373
2020-08-14;"Prešovský kraj";6;0;0;0;NA;107335;6;2020-08-14;365
2020-08-13;"Prešovský kraj";8;0;0;0;NA;107335;8;2020-08-13;359
2020-08-12;"Prešovský kraj";19;0;0;0;NA;107335;19;2020-08-12;351
2020-08-11;"Prešovský kraj";3;0;0;0;NA;107335;3;2020-08-11;332
2020-08-10;"Prešovský kraj";0;0;0;0;NA;107335;0;2020-08-10;329
2020-08-09;"Prešovský kraj";0;0;0;0;NA;107335;0;2020-08-09;329
2020-08-08;"Prešovský kraj";2;0;0;0;NA;107335;2;2020-08-08;329
2020-08-07;"Prešovský kraj";6;0;0;0;NA;107335;6;2020-08-07;327
2020-08-06;"Prešovský kraj";2;0;0;0;NA;107335;2;2020-08-06;321
2020-08-05;"Prešovský kraj";8;0;0;0;NA;107335;8;2020-08-05;319
2020-08-04;"Prešovský kraj";5;0;0;0;NA;107335;5;2020-08-04;311
2020-08-03;"Prešovský kraj";4;0;0;0;NA;107335;4;2020-08-03;306
2020-08-02;"Prešovský kraj";6;0;0;0;NA;107335;6;2020-08-02;302
2020-08-01;"Prešovský kraj";0;0;0;0;NA;107335;0;2020-08-01;296
2020-07-31;"Prešovský kraj";2;0;0;0;NA;107335;2;2020-07-31;296
2020-07-30;"Prešovský kraj";6;0;0;0;NA;107335;6;2020-07-30;294
2020-07-29;"Prešovský kraj";5;0;0;0;NA;107335;5;2020-07-29;288
2020-07-28;"Prešovský kraj";0;0;0;0;NA;107335;0;2020-07-28;283
2020-07-27;"Prešovský kraj";1;0;0;0;NA;107335;1;2020-07-27;283
2020-07-26;"Prešovský kraj";1;0;0;0;NA;107335;1;2020-07-26;282
2020-07-25;"Prešovský kraj";21;0;0;0;NA;107335;21;2020-07-25;281
2020-07-24;"Prešovský kraj";1;0;0;0;NA;107335;1;2020-07-24;260
2020-07-23;"Prešovský kraj";5;0;0;0;NA;107335;5;2020-07-23;259
2020-07-22;"Prešovský kraj";1;0;0;0;NA;107335;1;2020-07-22;254
2020-07-21;"Prešovský kraj";2;0;0;0;NA;107335;2;2020-07-21;253
2020-07-20;"Prešovský kraj";1;0;0;0;NA;107335;1;2020-07-20;251
2020-07-19;"Prešovský kraj";0;0;0;0;NA;107335;0;2020-07-19;250
2020-07-18;"Prešovský kraj";0;0;0;0;NA;107335;0;2020-07-18;250
2020-07-17;"Prešovský kraj";3;0;0;0;NA;107335;3;2020-07-17;250
2020-07-16;"Prešovský kraj";1;0;0;0;NA;107335;1;2020-07-16;247
2020-07-15;"Prešovský kraj";5;0;0;0;NA;107335;5;2020-07-15;246
2020-07-14;"Prešovský kraj";5;0;0;0;NA;107335;5;2020-07-14;241
2020-07-13;"Prešovský kraj";1;0;0;0;NA;107335;1;2020-07-13;236
2020-07-12;"Prešovský kraj";1;0;0;0;NA;107335;1;2020-07-12;235
2020-07-11;"Prešovský kraj";6;0;0;0;NA;107335;6;2020-07-11;234
2020-07-10;"Prešovský kraj";5;0;0;0;NA;107335;5;2020-07-10;228
2020-07-09;"Prešovský kraj";2;0;0;0;NA;107335;2;2020-07-09;223
2020-07-08;"Prešovský kraj";14;0;0;0;NA;107335;14;2020-07-08;221
2020-07-07;"Prešovský kraj";2;0;0;0;NA;107335;2;2020-07-07;207
2020-07-06;"Prešovský kraj";0;0;0;0;NA;107335;0;2020-07-06;205
2020-07-05;"Prešovský kraj";0;0;0;0;NA;107335;0;2020-07-05;205
2020-07-04;"Prešovský kraj";1;0;0;0;NA;107335;1;2020-07-04;205
2020-07-03;"Prešovský kraj";3;0;0;0;NA;107335;3;2020-07-03;204
2020-07-02;"Prešovský kraj";0;0;0;0;NA;107335;0;2020-07-02;201
2020-07-01;"Prešovský kraj";0;0;0;0;NA;107335;0;2020-07-01;201
2020-06-30;"Prešovský kraj";7;0;0;0;NA;107335;7;2020-06-30;201
2020-06-29;"Prešovský kraj";0;0;0;0;NA;107335;0;2020-06-29;194
2020-06-28;"Prešovský kraj";0;0;0;0;NA;107335;0;2020-06-28;194
2020-06-27;"Prešovský kraj";3;0;0;0;NA;107335;3;2020-06-27;194
2020-06-26;"Prešovský kraj";3;0;0;0;NA;107335;3;2020-06-26;191
2020-06-25;"Prešovský kraj";0;0;0;0;NA;107335;0;2020-06-25;188
2020-06-24;"Prešovský kraj";4;0;0;0;NA;107335;4;2020-06-24;188
2020-06-23;"Prešovský kraj";0;0;0;0;NA;107335;0;2020-06-23;184
2020-06-22;"Prešovský kraj";0;0;0;0;NA;107335;0;2020-06-22;184
2020-06-21;"Prešovský kraj";0;0;0;0;NA;107335;0;2020-06-21;184
2020-06-20;"Prešovský kraj";0;0;0;0;NA;107335;0;2020-06-20;184
2020-06-19;"Prešovský kraj";1;0;0;0;NA;107335;1;2020-06-19;184
2020-06-18;"Prešovský kraj";0;0;0;0;NA;107335;0;2020-06-18;183
2020-06-17;"Prešovský kraj";0;0;0;0;NA;107335;0;2020-06-17;183
2020-06-16;"Prešovský kraj";6;0;0;0;NA;107335;6;2020-06-16;183
2020-06-14;"Prešovský kraj";0;0;0;0;NA;107335;0;2020-06-14;177
2020-06-13;"Prešovský kraj";0;0;0;0;NA;107335;0;2020-06-13;177
2020-06-12;"Prešovský kraj";1;0;0;0;NA;107335;1;2020-06-12;177
2020-06-11;"Prešovský kraj";0;0;0;0;NA;107335;0;2020-06-11;176
2020-06-10;"Prešovský kraj";0;0;0;0;NA;107335;0;2020-06-10;176
2020-06-09;"Prešovský kraj";0;0;0;0;NA;107335;0;2020-06-09;176
2020-06-08;"Prešovský kraj";0;0;0;0;NA;107335;0;2020-06-08;176
2020-06-07;"Prešovský kraj";0;0;0;0;NA;107335;0;2020-06-07;176
2020-06-05;"Prešovský kraj";0;0;0;0;NA;107335;0;2020-06-05;176
2020-06-03;"Prešovský kraj";0;0;0;0;NA;107335;0;2020-06-03;176
2020-06-02;"Prešovský kraj";1;0;0;0;NA;107335;1;2020-06-02;176
2020-05-31;"Prešovský kraj";1;0;0;0;NA;107335;1;2020-05-31;175
2020-05-29;"Prešovský kraj";0;0;0;0;NA;107335;0;2020-05-29;174
2020-05-27;"Prešovský kraj";0;0;0;0;NA;107335;0;2020-05-27;174
2020-05-26;"Prešovský kraj";0;0;0;0;NA;107335;0;2020-05-26;174
2020-05-25;"Prešovský kraj";0;0;0;0;NA;107335;0;2020-05-25;174
2020-05-24;"Prešovský kraj";0;0;0;0;NA;107335;0;2020-05-24;174
2020-05-23;"Prešovský kraj";0;0;0;0;NA;107335;0;2020-05-23;174
2020-05-22;"Prešovský kraj";0;0;0;0;NA;107335;0;2020-05-22;174
2020-05-21;"Prešovský kraj";1;0;0;0;NA;107335;1;2020-05-21;174
2020-05-20;"Prešovský kraj";0;0;0;0;NA;107335;0;2020-05-20;173
2020-05-19;"Prešovský kraj";0;0;0;0;NA;107335;0;2020-05-19;173
2020-05-17;"Prešovský kraj";0;0;0;0;NA;107335;0;2020-05-17;173
2020-05-16;"Prešovský kraj";0;0;0;0;NA;107335;0;2020-05-16;173
2020-05-15;"Prešovský kraj";0;0;0;0;NA;107335;0;2020-05-15;173
2020-05-14;"Prešovský kraj";0;0;0;0;NA;107335;0;2020-05-14;173
2020-05-13;"Prešovský kraj";1;0;0;0;NA;107335;1;2020-05-13;173
2020-05-12;"Prešovský kraj";0;0;0;0;NA;107335;0;2020-05-12;172
2020-05-11;"Prešovský kraj";1;0;0;0;NA;107335;1;2020-05-11;172
2020-05-09;"Prešovský kraj";0;0;0;0;NA;107335;0;2020-05-09;171
2020-05-07;"Prešovský kraj";0;0;0;0;NA;107335;0;2020-05-07;171
2020-05-06;"Prešovský kraj";0;0;0;0;NA;107335;0;2020-05-06;171
2020-05-05;"Prešovský kraj";1;0;0;0;NA;107335;1;2020-05-05;171
2020-05-04;"Prešovský kraj";0;0;0;0;NA;107335;0;2020-05-04;170
2020-05-03;"Prešovský kraj";0;0;0;0;NA;107335;0;2020-05-03;170
2020-05-02;"Prešovský kraj";0;0;0;0;NA;107335;0;2020-05-02;170
2020-05-01;"Prešovský kraj";2;0;0;0;NA;107335;2;2020-05-01;170
2020-04-30;"Prešovský kraj";0;0;0;0;NA;107335;0;2020-04-30;168
2020-04-29;"Prešovský kraj";1;0;0;0;NA;107335;1;2020-04-29;168
2020-04-28;"Prešovský kraj";1;0;0;0;NA;107335;1;2020-04-28;167
2020-04-27;"Prešovský kraj";2;0;0;0;NA;107335;2;2020-04-27;166
2020-04-26;"Prešovský kraj";0;0;0;0;NA;107335;0;2020-04-26;164
2020-04-25;"Prešovský kraj";0;0;0;0;NA;107335;0;2020-04-25;164
2020-04-24;"Prešovský kraj";0;0;0;0;NA;107335;0;2020-04-24;164
2020-04-23;"Prešovský kraj";2;0;0;0;NA;107335;2;2020-04-23;164
2020-04-22;"Prešovský kraj";11;0;0;0;NA;107335;11;2020-04-22;162
2020-04-21;"Prešovský kraj";12;0;0;0;NA;107335;12;2020-04-21;151
2020-04-20;"Prešovský kraj";2;0;0;0;NA;107335;2;2020-04-20;139
2020-04-19;"Prešovský kraj";4;0;0;0;NA;107335;4;2020-04-19;137
2020-04-18;"Prešovský kraj";1;0;0;0;NA;107335;1;2020-04-18;133
2020-04-17;"Prešovský kraj";4;0;0;0;NA;107335;4;2020-04-17;132
2020-04-16;"Prešovský kraj";9;0;0;0;NA;107335;9;2020-04-16;128
2020-04-15;"Prešovský kraj";21;0;0;0;NA;107335;21;2020-04-15;119
2020-04-14;"Prešovský kraj";1;0;0;0;NA;107335;1;2020-04-14;98
2020-04-13;"Prešovský kraj";2;0;0;0;NA;107335;2;2020-04-13;97
2020-04-12;"Prešovský kraj";6;0;0;0;NA;107335;6;2020-04-12;95
2020-04-11;"Prešovský kraj";4;0;0;0;NA;107335;4;2020-04-11;89
2020-04-10;"Prešovský kraj";0;0;0;0;NA;107335;0;2020-04-10;85
2020-04-09;"Prešovský kraj";1;0;0;0;NA;107335;1;2020-04-09;85
2020-04-08;"Prešovský kraj";0;0;0;0;NA;107335;0;2020-04-08;84
2020-04-07;"Prešovský kraj";7;0;0;0;NA;107335;7;2020-04-07;84
2020-04-06;"Prešovský kraj";10;0;0;0;NA;107335;10;2020-04-06;77
2020-04-05;"Prešovský kraj";13;0;0;0;NA;107335;13;2020-04-05;67
2020-04-04;"Prešovský kraj";1;0;0;0;NA;107335;1;2020-04-04;54
2020-04-03;"Prešovský kraj";4;0;0;0;NA;107335;4;2020-04-03;53
2020-04-02;"Prešovský kraj";6;0;0;0;NA;107335;6;2020-04-02;49
2020-04-01;"Prešovský kraj";6;0;0;0;NA;107335;6;2020-04-01;43
2020-03-31;"Prešovský kraj";6;0;0;0;NA;107335;6;2020-03-31;37
2020-03-30;"Prešovský kraj";2;0;0;0;NA;107335;2;2020-03-30;31
2020-03-29;"Prešovský kraj";2;0;0;0;NA;107335;2;2020-03-29;29
2020-03-28;"Prešovský kraj";2;0;0;0;NA;107335;2;2020-03-28;27
2020-03-27;"Prešovský kraj";1;0;0;0;NA;107335;1;2020-03-27;25
2020-03-26;"Prešovský kraj";8;0;0;0;NA;107335;8;2020-03-26;24
2020-03-25;"Prešovský kraj";1;0;0;0;NA;107335;1;2020-03-25;16
2020-03-24;"Prešovský kraj";4;0;0;0;NA;107335;4;2020-03-24;15
2020-03-23;"Prešovský kraj";0;0;0;0;NA;107335;0;2020-03-23;11
2020-03-22;"Prešovský kraj";1;0;0;0;NA;107335;1;2020-03-22;11
2020-03-21;"Prešovský kraj";2;0;0;0;NA;107335;2;2020-03-21;10
2020-03-20;"Prešovský kraj";3;0;0;0;NA;107335;3;2020-03-20;8
2020-03-19;"Prešovský kraj";2;0;0;0;NA;107335;2;2020-03-19;5
2020-03-18;"Prešovský kraj";1;0;0;0;NA;107335;1;2020-03-18;3
2020-03-17;"Prešovský kraj";1;0;0;0;NA;107335;1;2020-03-17;2
2020-03-16;"Prešovský kraj";4;0;0;0;NA;107335;4;2020-03-16;1
2020-03-15;"Prešovský kraj";0;0;0;0;NA;107335;0;2020-03-15;-3
2020-03-14;"Prešovský kraj";1;0;0;0;NA;107335;1;2020-03-14;-3
2020-03-13;"Prešovský kraj";0;0;0;0;NA;107335;0;2020-03-13;-4
2020-03-12;"Prešovský kraj";0;0;0;0;NA;107335;0;2020-03-12;-4
2020-03-11;"Prešovský kraj";0;0;0;0;NA;107335;0;2020-03-11;-4
2020-03-09;"Prešovský kraj";0;0;0;0;NA;107335;0;2020-03-09;-4
2020-03-08;"Prešovský kraj";0;0;0;0;NA;107335;0;2020-03-08;-4
2020-03-07;"Prešovský kraj";0;0;0;0;NA;107335;0;2020-03-07;-4
2020-03-06;"Prešovský kraj";0;0;0;0;NA;107335;0;2020-03-06;-4
2021-04-18;"Trenčiansky kraj";3;38879;90;38969;51137;97021;93;2021-04-18;97021
2021-04-17;"Trenčiansky kraj";77;70574;687;71261;NA;97021;764;2021-04-17;96928
2021-04-16;"Trenčiansky kraj";100;31111;151;31262;NA;97021;251;2021-04-16;96164
2021-04-15;"Trenčiansky kraj";71;14475;69;14544;NA;97021;140;2021-04-15;95913
2021-04-14;"Trenčiansky kraj";135;15435;71;15506;NA;97021;206;2021-04-14;95773
2021-04-13;"Trenčiansky kraj";189;18712;75;18787;NA;97021;264;2021-04-13;95567
2021-04-12;"Trenčiansky kraj";97;23744;91;23835;NA;97021;188;2021-04-12;95303
2021-04-11;"Trenčiansky kraj";1;34308;71;34379;NA;97021;72;2021-04-11;95115
2021-04-10;"Trenčiansky kraj";81;80333;144;80477;NA;97021;225;2021-04-10;95043
2021-04-09;"Trenčiansky kraj";120;27993;91;28084;NA;97021;211;2021-04-09;94818
2021-04-08;"Trenčiansky kraj";112;13282;85;13367;NA;97021;197;2021-04-08;94607
2021-04-07;"Trenčiansky kraj";204;17689;122;17811;NA;97021;326;2021-04-07;94410
2021-04-06;"Trenčiansky kraj";157;28622;178;28800;NA;97021;335;2021-04-06;94084
2021-04-05;"Trenčiansky kraj";15;9227;64;9291;NA;97021;79;2021-04-05;93749
2021-04-04;"Trenčiansky kraj";2;20384;85;20469;NA;97021;87;2021-04-04;93670
2021-04-03;"Trenčiansky kraj";86;80159;217;80376;NA;97021;303;2021-04-03;93583
2021-04-02;"Trenčiansky kraj";126;21531;80;21611;NA;97021;206;2021-04-02;93280
2021-04-01;"Trenčiansky kraj";159;32375;139;32514;NA;97021;298;2021-04-01;93074
2021-03-31;"Trenčiansky kraj";198;20100;130;20230;NA;97021;328;2021-03-31;92776
2021-03-30;"Trenčiansky kraj";272;17304;136;17440;NA;97021;408;2021-03-30;92448
2021-03-29;"Trenčiansky kraj";142;19478;170;19648;NA;97021;312;2021-03-29;92040
2021-03-28;"Trenčiansky kraj";3;34656;116;34772;NA;97021;119;2021-03-28;91728
2021-03-27;"Trenčiansky kraj";130;77314;293;77607;NA;97021;423;2021-03-27;91609
2021-03-26;"Trenčiansky kraj";211;35054;157;35211;NA;97021;368;2021-03-26;91186
2021-03-25;"Trenčiansky kraj";184;16549;176;16725;NA;97021;360;2021-03-25;90818
2021-03-24;"Trenčiansky kraj";259;13099;171;13270;NA;97021;430;2021-03-24;90458
2021-03-23;"Trenčiansky kraj";349;17588;174;17762;NA;97021;523;2021-03-23;90028
2021-03-22;"Trenčiansky kraj";141;21118;213;21331;NA;97021;354;2021-03-22;89505
2021-03-21;"Trenčiansky kraj";85;32709;164;32873;NA;97021;249;2021-03-21;89151
2021-03-20;"Trenčiansky kraj";128;80035;322;80357;NA;97021;450;2021-03-20;88902
2021-03-19;"Trenčiansky kraj";231;34784;232;35016;NA;97021;463;2021-03-19;88452
2021-03-18;"Trenčiansky kraj";262;16105;178;16283;NA;97021;440;2021-03-18;87989
2021-03-17;"Trenčiansky kraj";366;13436;163;13599;NA;97021;529;2021-03-17;87549
2021-03-16;"Trenčiansky kraj";450;15281;241;15522;NA;97021;691;2021-03-16;87020
2021-03-15;"Trenčiansky kraj";162;21135;261;21396;NA;97021;423;2021-03-15;86329
2021-03-14;"Trenčiansky kraj";42;33890;233;34123;NA;97021;275;2021-03-14;85906
2021-03-13;"Trenčiansky kraj";270;79187;453;79640;NA;97021;723;2021-03-13;85631
2021-03-12;"Trenčiansky kraj";366;34783;307;35090;NA;97021;673;2021-03-12;84908
2021-03-11;"Trenčiansky kraj";302;15557;213;15770;NA;97021;515;2021-03-11;84235
2021-03-10;"Trenčiansky kraj";402;13452;236;13688;NA;97021;638;2021-03-10;83720
2021-03-09;"Trenčiansky kraj";586;17982;285;18267;NA;97021;871;2021-03-09;83082
2021-03-08;"Trenčiansky kraj";174;21704;363;22067;NA;97021;537;2021-03-08;82211
2021-03-07;"Trenčiansky kraj";4;33991;318;34309;NA;97021;322;2021-03-07;81674
2021-03-06;"Trenčiansky kraj";260;79406;529;79935;NA;97021;789;2021-03-06;81352
2021-03-05;"Trenčiansky kraj";326;32674;414;33088;NA;97021;740;2021-03-05;80563
2021-03-04;"Trenčiansky kraj";323;16820;315;17135;NA;97021;638;2021-03-04;79823
2021-03-03;"Trenčiansky kraj";413;13953;346;14299;NA;97021;759;2021-03-03;79185
2021-03-02;"Trenčiansky kraj";612;17793;348;18141;NA;97021;960;2021-03-02;78426
2021-03-01;"Trenčiansky kraj";217;21127;445;21572;NA;97021;662;2021-03-01;77466
2021-02-28;"Trenčiansky kraj";45;30238;376;30614;NA;97021;421;2021-02-28;76804
2021-02-27;"Trenčiansky kraj";277;78732;686;79418;NA;97021;963;2021-02-27;76383
2021-02-26;"Trenčiansky kraj";420;32932;435;33367;NA;97021;855;2021-02-26;75420
2021-02-25;"Trenčiansky kraj";424;14029;328;14357;NA;97021;752;2021-02-25;74565
2021-02-24;"Trenčiansky kraj";427;12002;399;12401;NA;97021;826;2021-02-24;73813
2021-02-23;"Trenčiansky kraj";577;14904;390;15294;NA;97021;967;2021-02-23;72987
2021-02-22;"Trenčiansky kraj";160;19969;468;20437;NA;97021;628;2021-02-22;72020
2021-02-21;"Trenčiansky kraj";64;29478;392;29870;NA;97021;456;2021-02-21;71392
2021-02-20;"Trenčiansky kraj";274;77840;745;78585;NA;97021;1019;2021-02-20;70936
2021-02-19;"Trenčiansky kraj";272;30245;520;30765;NA;97021;792;2021-02-19;69917
2021-02-18;"Trenčiansky kraj";355;14378;410;14788;NA;97021;765;2021-02-18;69125
2021-02-17;"Trenčiansky kraj";363;11399;376;11775;NA;97021;739;2021-02-17;68360
2021-02-16;"Trenčiansky kraj";488;17761;406;18167;NA;97021;894;2021-02-16;67621
2021-02-15;"Trenčiansky kraj";151;21846;463;22309;NA;97021;614;2021-02-15;66727
2021-02-14;"Trenčiansky kraj";2;31255;324;31579;NA;97021;326;2021-02-14;66113
2021-02-13;"Trenčiansky kraj";274;63006;522;63528;NA;97021;796;2021-02-13;65787
2021-02-12;"Trenčiansky kraj";276;27966;412;28378;NA;97021;688;2021-02-12;64991
2021-02-11;"Trenčiansky kraj";291;11566;323;11889;NA;97021;614;2021-02-11;64303
2021-02-10;"Trenčiansky kraj";304;11402;317;11719;NA;97021;621;2021-02-10;63689
2021-02-09;"Trenčiansky kraj";514;18401;360;18761;NA;97021;874;2021-02-09;63068
2021-02-08;"Trenčiansky kraj";182;27473;432;27905;NA;97021;614;2021-02-08;62194
2021-02-07;"Trenčiansky kraj";31;36772;341;37113;NA;97021;372;2021-02-07;61580
2021-02-06;"Trenčiansky kraj";216;63430;558;63988;NA;97021;774;2021-02-06;61208
2021-02-05;"Trenčiansky kraj";202;18176;368;18544;NA;97021;570;2021-02-05;60434
2021-02-04;"Trenčiansky kraj";266;7023;279;7302;NA;97021;545;2021-02-04;59864
2021-02-03;"Trenčiansky kraj";162;6655;320;6975;NA;97021;482;2021-02-03;59319
2021-02-02;"Trenčiansky kraj";347;8088;384;8472;NA;97021;731;2021-02-02;58837
2021-02-01;"Trenčiansky kraj";167;9355;311;9666;NA;97021;478;2021-02-01;58106
2021-01-31;"Trenčiansky kraj";7;19852;165;20017;NA;97021;172;2021-01-31;57628
2021-01-30;"Trenčiansky kraj";228;36940;321;37261;NA;97021;549;2021-01-30;57456
2021-01-29;"Trenčiansky kraj";214;7586;235;7821;NA;97021;449;2021-01-29;56907
2021-01-28;"Trenčiansky kraj";307;5442;158;5600;NA;97021;465;2021-01-28;56458
2021-01-27;"Trenčiansky kraj";166;11912;217;12129;NA;97021;383;2021-01-27;55993
2021-01-26;"Trenčiansky kraj";303;14585;250;14835;NA;97021;553;2021-01-26;55610
2021-01-25;"Trenčiansky kraj";160;24609;212;24821;NA;97021;372;2021-01-25;55057
2021-01-24;"Trenčiansky kraj";51;38679;284;38963;NA;97021;335;2021-01-24;54685
2021-01-23;"Trenčiansky kraj";206;113508;742;114250;NA;97021;948;2021-01-23;54350
2021-01-22;"Trenčiansky kraj";148;14763;206;14969;NA;97021;354;2021-01-22;53402
2021-01-21;"Trenčiansky kraj";143;8580;166;8746;NA;97021;309;2021-01-21;53048
2021-01-20;"Trenčiansky kraj";181;8189;227;8416;NA;97021;408;2021-01-20;52739
2021-01-19;"Trenčiansky kraj";363;6618;262;6880;NA;97021;625;2021-01-19;52331
2021-01-18;"Trenčiansky kraj";72;5053;323;5376;NA;97021;395;2021-01-18;51706
2021-01-17;"Trenčiansky kraj";124;156;11;167;NA;97021;135;2021-01-17;51311
2021-01-16;"Trenčiansky kraj";39;1203;51;1254;NA;97021;90;2021-01-16;51176
2021-01-15;"Trenčiansky kraj";264;4029;218;4247;NA;97021;482;2021-01-15;51086
2021-01-14;"Trenčiansky kraj";275;3193;189;3382;NA;97021;464;2021-01-14;50604
2021-01-13;"Trenčiansky kraj";222;3889;215;4104;NA;97021;437;2021-01-13;50140
2021-01-12;"Trenčiansky kraj";508;4604;261;4865;NA;97021;769;2021-01-12;49703
2021-01-11;"Trenčiansky kraj";142;4367;354;4721;NA;97021;496;2021-01-11;48934
2021-01-10;"Trenčiansky kraj";89;4969;77;5046;NA;97021;166;2021-01-10;48438
2021-01-09;"Trenčiansky kraj";276;8280;128;8408;NA;97021;404;2021-01-09;48272
2021-01-08;"Trenčiansky kraj";489;6434;484;6918;NA;97021;973;2021-01-08;47868
2021-01-07;"Trenčiansky kraj";420;6138;577;6715;NA;97021;997;2021-01-07;46895
2021-01-06;"Trenčiansky kraj";221;1021;64;1085;NA;97021;285;2021-01-06;45898
2021-01-05;"Trenčiansky kraj";669;5753;706;6459;NA;97021;1375;2021-01-05;45613
2021-01-04;"Trenčiansky kraj";337;5243;782;6025;NA;97021;1119;2021-01-04;44238
2021-01-03;"Trenčiansky kraj";38;114;15;129;NA;97021;53;2021-01-03;43119
2021-01-02;"Trenčiansky kraj";129;196;23;219;NA;97021;152;2021-01-02;43066
2021-01-01;"Trenčiansky kraj";329;347;23;370;NA;97021;352;2021-01-01;42914
2020-12-31;"Trenčiansky kraj";597;4943;557;5500;NA;97021;1154;2020-12-31;42562
2020-12-30;"Trenčiansky kraj";836;7012;762;7774;NA;97021;1598;2020-12-30;41408
2020-12-29;"Trenčiansky kraj";459;6191;1018;7209;NA;97021;1477;2020-12-29;39810
2020-12-28;"Trenčiansky kraj";258;4195;777;4972;NA;97021;1035;2020-12-28;38333
2020-12-27;"Trenčiansky kraj";5;208;36;244;NA;97021;41;2020-12-27;37298
2020-12-26;"Trenčiansky kraj";174;74;10;84;NA;97021;184;2020-12-26;37257
2020-12-25;"Trenčiansky kraj";251;325;47;372;NA;97021;298;2020-12-25;37073
2020-12-24;"Trenčiansky kraj";552;2194;256;2450;NA;97021;808;2020-12-24;36775
2020-12-23;"Trenčiansky kraj";421;6552;661;7213;NA;97021;1082;2020-12-23;35967
2020-12-22;"Trenčiansky kraj";673;5760;694;6454;NA;97021;1367;2020-12-22;34885
2020-12-21;"Trenčiansky kraj";248;13321;956;14277;NA;97021;1204;2020-12-21;33518
2020-12-20;"Trenčiansky kraj";238;12504;292;12796;NA;97021;530;2020-12-20;32314
2020-12-19;"Trenčiansky kraj";341;1611;150;1761;NA;97021;491;2020-12-19;31784
2020-12-18;"Trenčiansky kraj";521;5199;615;5814;NA;97021;1136;2020-12-18;31293
2020-12-17;"Trenčiansky kraj";670;3843;524;4367;NA;97021;1194;2020-12-17;30157
2020-12-16;"Trenčiansky kraj";461;4464;647;5111;NA;97021;1108;2020-12-16;28963
2020-12-15;"Trenčiansky kraj";595;3805;670;4475;NA;97021;1265;2020-12-15;27855
2020-12-14;"Trenčiansky kraj";318;3194;613;3807;NA;97021;931;2020-12-14;26590
2020-12-13;"Trenčiansky kraj";77;49;6;55;NA;97021;83;2020-12-13;25659
2020-12-12;"Trenčiansky kraj";314;1191;132;1323;NA;97021;446;2020-12-12;25576
2020-12-11;"Trenčiansky kraj";751;4066;479;4545;NA;97021;1230;2020-12-11;25130
2020-12-10;"Trenčiansky kraj";271;3354;473;3827;NA;97021;744;2020-12-10;23900
2020-12-09;"Trenčiansky kraj";508;3788;466;4254;NA;97021;974;2020-12-09;23156
2020-12-08;"Trenčiansky kraj";546;3440;522;3962;NA;97021;1068;2020-12-08;22182
2020-12-07;"Trenčiansky kraj";258;3832;468;4300;NA;97021;726;2020-12-07;21114
2020-12-06;"Trenčiansky kraj";114;187;11;198;NA;97021;125;2020-12-06;20388
2020-12-05;"Trenčiansky kraj";223;616;56;672;NA;97021;279;2020-12-05;20263
2020-12-04;"Trenčiansky kraj";253;2989;273;3262;NA;97021;526;2020-12-04;19984
2020-12-03;"Trenčiansky kraj";503;1739;179;1918;NA;97021;682;2020-12-03;19458
2020-12-02;"Trenčiansky kraj";418;1887;232;2119;NA;97021;650;2020-12-02;18776
2020-12-01;"Trenčiansky kraj";321;5705;353;6058;NA;97021;674;2020-12-01;18126
2020-11-30;"Trenčiansky kraj";167;11514;520;12034;NA;97021;687;2020-11-30;17452
2020-11-29;"Trenčiansky kraj";29;30;5;35;NA;97021;34;2020-11-29;16765
2020-11-28;"Trenčiansky kraj";202;1051;93;1144;NA;97021;295;2020-11-28;16731
2020-11-27;"Trenčiansky kraj";330;1888;186;2074;NA;97021;516;2020-11-27;16436
2020-11-26;"Trenčiansky kraj";395;1252;122;1374;NA;97021;517;2020-11-26;15920
2020-11-25;"Trenčiansky kraj";322;1444;160;1604;NA;97021;482;2020-11-25;15403
2020-11-24;"Trenčiansky kraj";348;2553;308;2861;NA;97021;656;2020-11-24;14921
2020-11-23;"Trenčiansky kraj";159;1186;122;1308;NA;97021;281;2020-11-23;14265
2020-11-22;"Trenčiansky kraj";26;30;7;37;NA;97021;33;2020-11-22;13984
2020-11-21;"Trenčiansky kraj";255;1376;69;1445;NA;97021;324;2020-11-21;13951
2020-11-20;"Trenčiansky kraj";316;861;93;954;NA;97021;409;2020-11-20;13627
2020-11-19;"Trenčiansky kraj";316;740;113;853;NA;97021;429;2020-11-19;13218
2020-11-18;"Trenčiansky kraj";233;379;66;445;NA;97021;299;2020-11-18;12789
2020-11-17;"Trenčiansky kraj";222;106;15;121;NA;97021;237;2020-11-17;12490
2020-11-16;"Trenčiansky kraj";245;236;45;281;NA;97021;290;2020-11-16;12253
2020-11-15;"Trenčiansky kraj";109;29;6;35;NA;97021;115;2020-11-15;11963
2020-11-14;"Trenčiansky kraj";190;74;11;85;NA;97021;201;2020-11-14;11848
2020-11-13;"Trenčiansky kraj";308;131;13;144;NA;97021;321;2020-11-13;11647
2020-11-12;"Trenčiansky kraj";324;124;5;129;NA;97021;329;2020-11-12;11326
2020-11-11;"Trenčiansky kraj";366;113;10;123;NA;97021;376;2020-11-11;10997
2020-11-10;"Trenčiansky kraj";277;106;6;112;NA;97021;283;2020-11-10;10621
2020-11-09;"Trenčiansky kraj";115;1407;48;1455;NA;97021;163;2020-11-09;10338
2020-11-08;"Trenčiansky kraj";81;1271;8;1279;NA;97021;89;2020-11-08;10175
2020-11-07;"Trenčiansky kraj";319;3662;59;3721;NA;97021;378;2020-11-07;10086
2020-11-06;"Trenčiansky kraj";383;6893;84;6977;NA;97021;467;2020-11-06;9708
2020-11-05;"Trenčiansky kraj";399;98;15;113;NA;97021;414;2020-11-05;9241
2020-11-04;"Trenčiansky kraj";370;91;9;100;NA;97021;379;2020-11-04;8827
2020-11-03;"Trenčiansky kraj";575;97;8;105;NA;97021;583;2020-11-03;8448
2020-11-02;"Trenčiansky kraj";197;1833;68;1901;NA;97021;265;2020-11-02;7865
2020-11-01;"Trenčiansky kraj";257;808;24;832;NA;97021;281;2020-11-01;7600
2020-10-31;"Trenčiansky kraj";332;4719;82;4801;NA;97021;414;2020-10-31;7319
2020-10-30;"Trenčiansky kraj";299;5283;102;5385;NA;97021;401;2020-10-30;6905
2020-10-29;"Trenčiansky kraj";496;764;68;832;NA;97021;564;2020-10-29;6504
2020-10-28;"Trenčiansky kraj";269;192;33;225;NA;97021;302;2020-10-28;5940
2020-10-27;"Trenčiansky kraj";473;127;27;154;NA;97021;500;2020-10-27;5638
2020-10-26;"Trenčiansky kraj";177;107;36;143;NA;97021;213;2020-10-26;5138
2020-10-25;"Trenčiansky kraj";138;9;5;14;NA;97021;143;2020-10-25;4925
2020-10-24;"Trenčiansky kraj";395;128;6;134;NA;97021;401;2020-10-24;4782
2020-10-23;"Trenčiansky kraj";301;154;8;162;NA;97021;309;2020-10-23;4381
2020-10-22;"Trenčiansky kraj";273;82;12;94;NA;97021;285;2020-10-22;4072
2020-10-21;"Trenčiansky kraj";183;53;9;62;NA;97021;192;2020-10-21;3787
2020-10-20;"Trenčiansky kraj";212;47;6;53;NA;97021;218;2020-10-20;3595
2020-10-19;"Trenčiansky kraj";41;83;25;108;NA;97021;66;2020-10-19;3377
2020-10-18;"Trenčiansky kraj";104;0;0;0;NA;97021;104;2020-10-18;3311
2020-10-17;"Trenčiansky kraj";157;0;0;0;NA;97021;157;2020-10-17;3207
2020-10-16;"Trenčiansky kraj";225;42;6;48;NA;97021;231;2020-10-16;3050
2020-10-15;"Trenčiansky kraj";255;39;4;43;NA;97021;259;2020-10-15;2819
2020-10-14;"Trenčiansky kraj";162;42;7;49;NA;97021;169;2020-10-14;2560
2020-10-13;"Trenčiansky kraj";124;105;12;117;NA;97021;136;2020-10-13;2391
2020-10-12;"Trenčiansky kraj";55;0;0;0;NA;97021;55;2020-10-12;2255
2020-10-11;"Trenčiansky kraj";73;0;0;0;NA;97021;73;2020-10-11;2200
2020-10-10;"Trenčiansky kraj";180;0;0;0;NA;97021;180;2020-10-10;2127
2020-10-09;"Trenčiansky kraj";198;0;0;0;NA;97021;198;2020-10-09;1947
2020-10-08;"Trenčiansky kraj";115;0;0;0;NA;97021;115;2020-10-08;1749
2020-10-07;"Trenčiansky kraj";75;0;0;0;NA;97021;75;2020-10-07;1634
2020-10-06;"Trenčiansky kraj";72;0;0;0;NA;97021;72;2020-10-06;1559
2020-10-05;"Trenčiansky kraj";32;0;0;0;NA;97021;32;2020-10-05;1487
2020-10-04;"Trenčiansky kraj";37;0;0;0;NA;97021;37;2020-10-04;1455
2020-10-03;"Trenčiansky kraj";79;0;0;0;NA;97021;79;2020-10-03;1418
2020-10-02;"Trenčiansky kraj";69;0;0;0;NA;97021;69;2020-10-02;1339
2020-10-01;"Trenčiansky kraj";58;0;0;0;NA;97021;58;2020-10-01;1270
2020-09-30;"Trenčiansky kraj";76;0;0;0;NA;97021;76;2020-09-30;1212
2020-09-29;"Trenčiansky kraj";43;0;0;0;NA;97021;43;2020-09-29;1136
2020-09-28;"Trenčiansky kraj";7;0;0;0;NA;97021;7;2020-09-28;1093
2020-09-27;"Trenčiansky kraj";12;0;0;0;NA;97021;12;2020-09-27;1086
2020-09-26;"Trenčiansky kraj";37;0;0;0;NA;97021;37;2020-09-26;1074
2020-09-25;"Trenčiansky kraj";72;0;0;0;NA;97021;72;2020-09-25;1037
2020-09-24;"Trenčiansky kraj";41;0;0;0;NA;97021;41;2020-09-24;965
2020-09-23;"Trenčiansky kraj";32;0;0;0;NA;97021;32;2020-09-23;924
2020-09-22;"Trenčiansky kraj";26;0;0;0;NA;97021;26;2020-09-22;892
2020-09-21;"Trenčiansky kraj";23;0;0;0;NA;97021;23;2020-09-21;866
2020-09-20;"Trenčiansky kraj";21;0;0;0;NA;97021;21;2020-09-20;843
2020-09-19;"Trenčiansky kraj";20;0;0;0;NA;97021;20;2020-09-19;822
2020-09-18;"Trenčiansky kraj";41;0;0;0;NA;97021;41;2020-09-18;802
2020-09-17;"Trenčiansky kraj";20;0;0;0;NA;97021;20;2020-09-17;761
2020-09-16;"Trenčiansky kraj";14;0;0;0;NA;97021;14;2020-09-16;741
2020-09-15;"Trenčiansky kraj";8;0;0;0;NA;97021;8;2020-09-15;727
2020-09-14;"Trenčiansky kraj";5;0;0;0;NA;97021;5;2020-09-14;719
2020-09-13;"Trenčiansky kraj";12;0;0;0;NA;97021;12;2020-09-13;714
2020-09-12;"Trenčiansky kraj";2;0;0;0;NA;97021;2;2020-09-12;702
2020-09-11;"Trenčiansky kraj";27;0;0;0;NA;97021;27;2020-09-11;700
2020-09-10;"Trenčiansky kraj";15;0;0;0;NA;97021;15;2020-09-10;673
2020-09-09;"Trenčiansky kraj";11;0;0;0;NA;97021;11;2020-09-09;658
2020-09-08;"Trenčiansky kraj";12;0;0;0;NA;97021;12;2020-09-08;647
2020-09-07;"Trenčiansky kraj";6;0;0;0;NA;97021;6;2020-09-07;635
2020-09-06;"Trenčiansky kraj";1;0;0;0;NA;97021;1;2020-09-06;629
2020-09-05;"Trenčiansky kraj";3;0;0;0;NA;97021;3;2020-09-05;628
2020-09-04;"Trenčiansky kraj";9;0;0;0;NA;97021;9;2020-09-04;625
2020-09-03;"Trenčiansky kraj";10;0;0;0;NA;97021;10;2020-09-03;616
2020-09-02;"Trenčiansky kraj";5;0;0;0;NA;97021;5;2020-09-02;606
2020-09-01;"Trenčiansky kraj";1;0;0;0;NA;97021;1;2020-09-01;601
2020-08-31;"Trenčiansky kraj";12;0;0;0;NA;97021;12;2020-08-31;600
2020-08-30;"Trenčiansky kraj";0;0;0;0;NA;97021;0;2020-08-30;588
2020-08-29;"Trenčiansky kraj";1;0;0;0;NA;97021;1;2020-08-29;588
2020-08-28;"Trenčiansky kraj";12;0;0;0;NA;97021;12;2020-08-28;587
2020-08-27;"Trenčiansky kraj";10;0;0;0;NA;97021;10;2020-08-27;575
2020-08-26;"Trenčiansky kraj";15;0;0;0;NA;97021;15;2020-08-26;565
2020-08-25;"Trenčiansky kraj";12;0;0;0;NA;97021;12;2020-08-25;550
2020-08-24;"Trenčiansky kraj";4;0;0;0;NA;97021;4;2020-08-24;538
2020-08-23;"Trenčiansky kraj";5;0;0;0;NA;97021;5;2020-08-23;534
2020-08-22;"Trenčiansky kraj";6;0;0;0;NA;97021;6;2020-08-22;529
2020-08-21;"Trenčiansky kraj";6;0;0;0;NA;97021;6;2020-08-21;523
2020-08-20;"Trenčiansky kraj";20;0;0;0;NA;97021;20;2020-08-20;517
2020-08-19;"Trenčiansky kraj";17;0;0;0;NA;97021;17;2020-08-19;497
2020-08-18;"Trenčiansky kraj";9;0;0;0;NA;97021;9;2020-08-18;480
2020-08-17;"Trenčiansky kraj";4;0;0;0;NA;97021;4;2020-08-17;471
2020-08-16;"Trenčiansky kraj";0;0;0;0;NA;97021;0;2020-08-16;467
2020-08-15;"Trenčiansky kraj";9;0;0;0;NA;97021;9;2020-08-15;467
2020-08-14;"Trenčiansky kraj";15;0;0;0;NA;97021;15;2020-08-14;458
2020-08-13;"Trenčiansky kraj";23;0;0;0;NA;97021;23;2020-08-13;443
2020-08-12;"Trenčiansky kraj";6;0;0;0;NA;97021;6;2020-08-12;420
2020-08-11;"Trenčiansky kraj";7;0;0;0;NA;97021;7;2020-08-11;414
2020-08-10;"Trenčiansky kraj";9;0;0;0;NA;97021;9;2020-08-10;407
2020-08-09;"Trenčiansky kraj";1;0;0;0;NA;97021;1;2020-08-09;398
2020-08-08;"Trenčiansky kraj";4;0;0;0;NA;97021;4;2020-08-08;397
2020-08-07;"Trenčiansky kraj";4;0;0;0;NA;97021;4;2020-08-07;393
2020-08-06;"Trenčiansky kraj";13;0;0;0;NA;97021;13;2020-08-06;389
2020-08-05;"Trenčiansky kraj";39;0;0;0;NA;97021;39;2020-08-05;376
2020-08-04;"Trenčiansky kraj";9;0;0;0;NA;97021;9;2020-08-04;337
2020-08-03;"Trenčiansky kraj";0;0;0;0;NA;97021;0;2020-08-03;328
2020-08-02;"Trenčiansky kraj";2;0;0;0;NA;97021;2;2020-08-02;328
2020-08-01;"Trenčiansky kraj";6;0;0;0;NA;97021;6;2020-08-01;326
2020-07-31;"Trenčiansky kraj";16;0;0;0;NA;97021;16;2020-07-31;320
2020-07-30;"Trenčiansky kraj";4;0;0;0;NA;97021;4;2020-07-30;304
2020-07-29;"Trenčiansky kraj";5;0;0;0;NA;97021;5;2020-07-29;300
2020-07-28;"Trenčiansky kraj";11;0;0;0;NA;97021;11;2020-07-28;295
2020-07-27;"Trenčiansky kraj";4;0;0;0;NA;97021;4;2020-07-27;284
2020-07-26;"Trenčiansky kraj";1;0;0;0;NA;97021;1;2020-07-26;280
2020-07-25;"Trenčiansky kraj";7;0;0;0;NA;97021;7;2020-07-25;279
2020-07-24;"Trenčiansky kraj";5;0;0;0;NA;97021;5;2020-07-24;272
2020-07-23;"Trenčiansky kraj";10;0;0;0;NA;97021;10;2020-07-23;267
2020-07-22;"Trenčiansky kraj";11;0;0;0;NA;97021;11;2020-07-22;257
2020-07-21;"Trenčiansky kraj";6;0;0;0;NA;97021;6;2020-07-21;246
2020-07-20;"Trenčiansky kraj";13;0;0;0;NA;97021;13;2020-07-20;240
2020-07-19;"Trenčiansky kraj";0;0;0;0;NA;97021;0;2020-07-19;227
2020-07-18;"Trenčiansky kraj";0;0;0;0;NA;97021;0;2020-07-18;227
2020-07-17;"Trenčiansky kraj";1;0;0;0;NA;97021;1;2020-07-17;227
2020-07-16;"Trenčiansky kraj";0;0;0;0;NA;97021;0;2020-07-16;226
2020-07-15;"Trenčiansky kraj";2;0;0;0;NA;97021;2;2020-07-15;226
2020-07-14;"Trenčiansky kraj";8;0;0;0;NA;97021;8;2020-07-14;224
2020-07-13;"Trenčiansky kraj";1;0;0;0;NA;97021;1;2020-07-13;216
2020-07-12;"Trenčiansky kraj";0;0;0;0;NA;97021;0;2020-07-12;215
2020-07-11;"Trenčiansky kraj";0;0;0;0;NA;97021;0;2020-07-11;215
2020-07-10;"Trenčiansky kraj";3;0;0;0;NA;97021;3;2020-07-10;215
2020-07-09;"Trenčiansky kraj";2;0;0;0;NA;97021;2;2020-07-09;212
2020-07-08;"Trenčiansky kraj";1;0;0;0;NA;97021;1;2020-07-08;210
2020-07-07;"Trenčiansky kraj";9;0;0;0;NA;97021;9;2020-07-07;209
2020-07-06;"Trenčiansky kraj";1;0;0;0;NA;97021;1;2020-07-06;200
2020-07-05;"Trenčiansky kraj";1;0;0;0;NA;97021;1;2020-07-05;199
2020-07-04;"Trenčiansky kraj";0;0;0;0;NA;97021;0;2020-07-04;198
2020-07-03;"Trenčiansky kraj";2;0;0;0;NA;97021;2;2020-07-03;198
2020-07-02;"Trenčiansky kraj";10;0;0;0;NA;97021;10;2020-07-02;196
2020-07-01;"Trenčiansky kraj";1;0;0;0;NA;97021;1;2020-07-01;186
2020-06-30;"Trenčiansky kraj";6;0;0;0;NA;97021;6;2020-06-30;185
2020-06-29;"Trenčiansky kraj";1;0;0;0;NA;97021;1;2020-06-29;179
2020-06-28;"Trenčiansky kraj";0;0;0;0;NA;97021;0;2020-06-28;178
2020-06-27;"Trenčiansky kraj";0;0;0;0;NA;97021;0;2020-06-27;178
2020-06-26;"Trenčiansky kraj";0;0;0;0;NA;97021;0;2020-06-26;178
2020-06-25;"Trenčiansky kraj";2;0;0;0;NA;97021;2;2020-06-25;178
2020-06-24;"Trenčiansky kraj";1;0;0;0;NA;97021;1;2020-06-24;176
2020-06-23;"Trenčiansky kraj";0;0;0;0;NA;97021;0;2020-06-23;175
2020-06-22;"Trenčiansky kraj";0;0;0;0;NA;97021;0;2020-06-22;175
2020-06-21;"Trenčiansky kraj";0;0;0;0;NA;97021;0;2020-06-21;175
2020-06-20;"Trenčiansky kraj";0;0;0;0;NA;97021;0;2020-06-20;175
2020-06-19;"Trenčiansky kraj";0;0;0;0;NA;97021;0;2020-06-19;175
2020-06-18;"Trenčiansky kraj";0;0;0;0;NA;97021;0;2020-06-18;175
2020-06-17;"Trenčiansky kraj";0;0;0;0;NA;97021;0;2020-06-17;175
2020-06-16;"Trenčiansky kraj";0;0;0;0;NA;97021;0;2020-06-16;175
2020-06-14;"Trenčiansky kraj";0;0;0;0;NA;97021;0;2020-06-14;175
2020-06-13;"Trenčiansky kraj";0;0;0;0;NA;97021;0;2020-06-13;175
2020-06-12;"Trenčiansky kraj";0;0;0;0;NA;97021;0;2020-06-12;175
2020-06-11;"Trenčiansky kraj";0;0;0;0;NA;97021;0;2020-06-11;175
2020-06-10;"Trenčiansky kraj";1;0;0;0;NA;97021;1;2020-06-10;175
2020-06-09;"Trenčiansky kraj";0;0;0;0;NA;97021;0;2020-06-09;174
2020-06-08;"Trenčiansky kraj";0;0;0;0;NA;97021;0;2020-06-08;174
2020-06-07;"Trenčiansky kraj";0;0;0;0;NA;97021;0;2020-06-07;174
2020-06-05;"Trenčiansky kraj";0;0;0;0;NA;97021;0;2020-06-05;174
2020-06-03;"Trenčiansky kraj";0;0;0;0;NA;97021;0;2020-06-03;174
2020-06-02;"Trenčiansky kraj";0;0;0;0;NA;97021;0;2020-06-02;174
2020-05-31;"Trenčiansky kraj";0;0;0;0;NA;97021;0;2020-05-31;174
2020-05-29;"Trenčiansky kraj";0;0;0;0;NA;97021;0;2020-05-29;174
2020-05-27;"Trenčiansky kraj";2;0;0;0;NA;97021;2;2020-05-27;174
2020-05-26;"Trenčiansky kraj";0;0;0;0;NA;97021;0;2020-05-26;172
2020-05-25;"Trenčiansky kraj";0;0;0;0;NA;97021;0;2020-05-25;172
2020-05-24;"Trenčiansky kraj";0;0;0;0;NA;97021;0;2020-05-24;172
2020-05-23;"Trenčiansky kraj";0;0;0;0;NA;97021;0;2020-05-23;172
2020-05-22;"Trenčiansky kraj";0;0;0;0;NA;97021;0;2020-05-22;172
2020-05-21;"Trenčiansky kraj";0;0;0;0;NA;97021;0;2020-05-21;172
2020-05-20;"Trenčiansky kraj";0;0;0;0;NA;97021;0;2020-05-20;172
2020-05-19;"Trenčiansky kraj";0;0;0;0;NA;97021;0;2020-05-19;172
2020-05-17;"Trenčiansky kraj";0;0;0;0;NA;97021;0;2020-05-17;172
2020-05-16;"Trenčiansky kraj";0;0;0;0;NA;97021;0;2020-05-16;172
2020-05-15;"Trenčiansky kraj";1;0;0;0;NA;97021;1;2020-05-15;172
2020-05-14;"Trenčiansky kraj";2;0;0;0;NA;97021;2;2020-05-14;171
2020-05-13;"Trenčiansky kraj";1;0;0;0;NA;97021;1;2020-05-13;169
2020-05-12;"Trenčiansky kraj";1;0;0;0;NA;97021;1;2020-05-12;168
2020-05-11;"Trenčiansky kraj";3;0;0;0;NA;97021;3;2020-05-11;167
2020-05-09;"Trenčiansky kraj";2;0;0;0;NA;97021;2;2020-05-09;164
2020-05-07;"Trenčiansky kraj";6;0;0;0;NA;97021;6;2020-05-07;162
2020-05-06;"Trenčiansky kraj";0;0;0;0;NA;97021;0;2020-05-06;156
2020-05-05;"Trenčiansky kraj";2;0;0;0;NA;97021;2;2020-05-05;156
2020-05-04;"Trenčiansky kraj";0;0;0;0;NA;97021;0;2020-05-04;154
2020-05-03;"Trenčiansky kraj";0;0;0;0;NA;97021;0;2020-05-03;154
2020-05-02;"Trenčiansky kraj";0;0;0;0;NA;97021;0;2020-05-02;154
2020-05-01;"Trenčiansky kraj";0;0;0;0;NA;97021;0;2020-05-01;154
2020-04-30;"Trenčiansky kraj";0;0;0;0;NA;97021;0;2020-04-30;154
2020-04-29;"Trenčiansky kraj";2;0;0;0;NA;97021;2;2020-04-29;154
2020-04-28;"Trenčiansky kraj";1;0;0;0;NA;97021;1;2020-04-28;152
2020-04-27;"Trenčiansky kraj";0;0;0;0;NA;97021;0;2020-04-27;151
2020-04-26;"Trenčiansky kraj";1;0;0;0;NA;97021;1;2020-04-26;151
2020-04-25;"Trenčiansky kraj";0;0;0;0;NA;97021;0;2020-04-25;150
2020-04-24;"Trenčiansky kraj";0;0;0;0;NA;97021;0;2020-04-24;150
2020-04-23;"Trenčiansky kraj";11;0;0;0;NA;97021;11;2020-04-23;150
2020-04-22;"Trenčiansky kraj";1;0;0;0;NA;97021;1;2020-04-22;139
2020-04-21;"Trenčiansky kraj";11;0;0;0;NA;97021;11;2020-04-21;138
2020-04-20;"Trenčiansky kraj";15;0;0;0;NA;97021;15;2020-04-20;127
2020-04-19;"Trenčiansky kraj";2;0;0;0;NA;97021;2;2020-04-19;112
2020-04-18;"Trenčiansky kraj";3;0;0;0;NA;97021;3;2020-04-18;110
2020-04-17;"Trenčiansky kraj";4;0;0;0;NA;97021;4;2020-04-17;107
2020-04-16;"Trenčiansky kraj";10;0;0;0;NA;97021;10;2020-04-16;103
2020-04-15;"Trenčiansky kraj";4;0;0;0;NA;97021;4;2020-04-15;93
2020-04-14;"Trenčiansky kraj";0;0;0;0;NA;97021;0;2020-04-14;89
2020-04-13;"Trenčiansky kraj";1;0;0;0;NA;97021;1;2020-04-13;89
2020-04-12;"Trenčiansky kraj";2;0;0;0;NA;97021;2;2020-04-12;88
2020-04-11;"Trenčiansky kraj";3;0;0;0;NA;97021;3;2020-04-11;86
2020-04-10;"Trenčiansky kraj";0;0;0;0;NA;97021;0;2020-04-10;83
2020-04-09;"Trenčiansky kraj";0;0;0;0;NA;97021;0;2020-04-09;83
2020-04-08;"Trenčiansky kraj";2;0;0;0;NA;97021;2;2020-04-08;83
2020-04-07;"Trenčiansky kraj";18;0;0;0;NA;97021;18;2020-04-07;81
2020-04-06;"Trenčiansky kraj";0;0;0;0;NA;97021;0;2020-04-06;63
2020-04-05;"Trenčiansky kraj";3;0;0;0;NA;97021;3;2020-04-05;63
2020-04-04;"Trenčiansky kraj";5;0;0;0;NA;97021;5;2020-04-04;60
2020-04-03;"Trenčiansky kraj";4;0;0;0;NA;97021;4;2020-04-03;55
2020-04-02;"Trenčiansky kraj";1;0;0;0;NA;97021;1;2020-04-02;51
2020-04-01;"Trenčiansky kraj";3;0;0;0;NA;97021;3;2020-04-01;50
2020-03-31;"Trenčiansky kraj";1;0;0;0;NA;97021;1;2020-03-31;47
2020-03-30;"Trenčiansky kraj";3;0;0;0;NA;97021;3;2020-03-30;46
2020-03-29;"Trenčiansky kraj";6;0;0;0;NA;97021;6;2020-03-29;43
2020-03-28;"Trenčiansky kraj";9;0;0;0;NA;97021;9;2020-03-28;37
2020-03-27;"Trenčiansky kraj";2;0;0;0;NA;97021;2;2020-03-27;28
2020-03-26;"Trenčiansky kraj";6;0;0;0;NA;97021;6;2020-03-26;26
2020-03-25;"Trenčiansky kraj";3;0;0;0;NA;97021;3;2020-03-25;20
2020-03-24;"Trenčiansky kraj";1;0;0;0;NA;97021;1;2020-03-24;17
2020-03-23;"Trenčiansky kraj";0;0;0;0;NA;97021;0;2020-03-23;16
2020-03-22;"Trenčiansky kraj";0;0;0;0;NA;97021;0;2020-03-22;16
2020-03-21;"Trenčiansky kraj";2;0;0;0;NA;97021;2;2020-03-21;16
2020-03-20;"Trenčiansky kraj";2;0;0;0;NA;97021;2;2020-03-20;14
2020-03-19;"Trenčiansky kraj";8;0;0;0;NA;97021;8;2020-03-19;12
2020-03-18;"Trenčiansky kraj";0;0;0;0;NA;97021;0;2020-03-18;4
2020-03-17;"Trenčiansky kraj";0;0;0;0;NA;97021;0;2020-03-17;4
2020-03-16;"Trenčiansky kraj";1;0;0;0;NA;97021;1;2020-03-16;4
2020-03-15;"Trenčiansky kraj";5;0;0;0;NA;97021;5;2020-03-15;3
2020-03-14;"Trenčiansky kraj";0;0;0;0;NA;97021;0;2020-03-14;-2
2020-03-13;"Trenčiansky kraj";0;0;0;0;NA;97021;0;2020-03-13;-2
2020-03-12;"Trenčiansky kraj";1;0;0;0;NA;97021;1;2020-03-12;-2
2020-03-11;"Trenčiansky kraj";0;0;0;0;NA;97021;0;2020-03-11;-3
2020-03-09;"Trenčiansky kraj";0;0;0;0;NA;97021;0;2020-03-09;-3
2020-03-08;"Trenčiansky kraj";0;0;0;0;NA;97021;0;2020-03-08;-3
2020-03-07;"Trenčiansky kraj";0;0;0;0;NA;97021;0;2020-03-07;-3
2020-03-06;"Trenčiansky kraj";0;0;0;0;NA;97021;0;2020-03-06;-3
2021-04-18;"Trnavský kraj";7;24608;28;24636;44424;87664;35;2021-04-18;87664
2021-04-17;"Trnavský kraj";58;91143;69;91212;NA;87664;127;2021-04-17;87629
2021-04-16;"Trnavský kraj";67;24696;43;24739;NA;87664;110;2021-04-16;87502
2021-04-15;"Trnavský kraj";65;11208;36;11244;NA;87664;101;2021-04-15;87392
2021-04-14;"Trnavský kraj";78;18442;53;18495;NA;87664;131;2021-04-14;87291
2021-04-13;"Trnavský kraj";126;9831;44;9875;NA;87664;170;2021-04-13;87160
2021-04-12;"Trnavský kraj";40;15570;40;15610;NA;87664;80;2021-04-12;86990
2021-04-11;"Trnavský kraj";3;44417;44;44461;NA;87664;47;2021-04-11;86910
2021-04-10;"Trnavský kraj";60;124197;107;124304;NA;87664;167;2021-04-10;86863
2021-04-09;"Trnavský kraj";95;26509;34;26543;NA;87664;129;2021-04-09;86696
2021-04-08;"Trnavský kraj";85;10938;52;10990;NA;87664;137;2021-04-08;86567
2021-04-07;"Trnavský kraj";131;16130;81;16211;NA;87664;212;2021-04-07;86430
2021-04-06;"Trnavský kraj";92;20840;92;20932;NA;87664;184;2021-04-06;86218
2021-04-05;"Trnavský kraj";91;7627;17;7644;NA;87664;108;2021-04-05;86034
2021-04-04;"Trnavský kraj";9;28542;49;28591;NA;87664;58;2021-04-04;85926
2021-04-03;"Trnavský kraj";29;144686;189;144875;NA;87664;218;2021-04-03;85868
2021-04-02;"Trnavský kraj";91;17537;33;17570;NA;87664;124;2021-04-02;85650
2021-04-01;"Trnavský kraj";118;22545;70;22615;NA;87664;188;2021-04-01;85526
2021-03-31;"Trnavský kraj";140;15819;82;15901;NA;87664;222;2021-03-31;85338
2021-03-30;"Trnavský kraj";182;10482;79;10561;NA;87664;261;2021-03-30;85116
2021-03-29;"Trnavský kraj";126;19249;122;19371;NA;87664;248;2021-03-29;84855
2021-03-28;"Trnavský kraj";26;50792;134;50926;NA;87664;160;2021-03-28;84607
2021-03-27;"Trnavský kraj";64;129557;245;129802;NA;87664;309;2021-03-27;84447
2021-03-26;"Trnavský kraj";139;30217;130;30347;NA;87664;269;2021-03-26;84138
2021-03-25;"Trnavský kraj";135;14212;80;14292;NA;87664;215;2021-03-25;83869
2021-03-24;"Trnavský kraj";159;10521;89;10610;NA;87664;248;2021-03-24;83654
2021-03-23;"Trnavský kraj";221;12735;104;12839;NA;87664;325;2021-03-23;83406
2021-03-22;"Trnavský kraj";103;17067;110;17177;NA;87664;213;2021-03-22;83081
2021-03-21;"Trnavský kraj";31;49119;150;49269;NA;87664;181;2021-03-21;82868
2021-03-20;"Trnavský kraj";112;136522;317;136839;NA;87664;429;2021-03-20;82687
2021-03-19;"Trnavský kraj";174;29073;137;29210;NA;87664;311;2021-03-19;82258
2021-03-18;"Trnavský kraj";158;12217;136;12353;NA;87664;294;2021-03-18;81947
2021-03-17;"Trnavský kraj";245;10725;103;10828;NA;87664;348;2021-03-17;81653
2021-03-16;"Trnavský kraj";311;12876;136;13012;NA;87664;447;2021-03-16;81305
2021-03-15;"Trnavský kraj";127;18321;145;18466;NA;87664;272;2021-03-15;80858
2021-03-14;"Trnavský kraj";14;48275;166;48441;NA;87664;180;2021-03-14;80586
2021-03-13;"Trnavský kraj";155;139195;412;139607;NA;87664;567;2021-03-13;80406
2021-03-12;"Trnavský kraj";201;28238;179;28417;NA;87664;380;2021-03-12;79839
2021-03-11;"Trnavský kraj";204;13263;142;13405;NA;87664;346;2021-03-11;79459
2021-03-10;"Trnavský kraj";242;10564;136;10700;NA;87664;378;2021-03-10;79113
2021-03-09;"Trnavský kraj";442;12876;156;13032;NA;87664;598;2021-03-09;78735
2021-03-08;"Trnavský kraj";182;21459;163;21622;NA;87664;345;2021-03-08;78137
2021-03-07;"Trnavský kraj";30;46117;228;46345;NA;87664;258;2021-03-07;77792
2021-03-06;"Trnavský kraj";154;135576;529;136105;NA;87664;683;2021-03-06;77534
2021-03-05;"Trnavský kraj";299;28416;247;28663;NA;87664;546;2021-03-05;76851
2021-03-04;"Trnavský kraj";238;14473;175;14648;NA;87664;413;2021-03-04;76305
2021-03-03;"Trnavský kraj";413;11546;242;11788;NA;87664;655;2021-03-03;75892
2021-03-02;"Trnavský kraj";477;12352;196;12548;NA;87664;673;2021-03-02;75237
2021-03-01;"Trnavský kraj";189;18224;229;18453;NA;87664;418;2021-03-01;74564
2021-02-28;"Trnavský kraj";87;47709;321;48030;NA;87664;408;2021-02-28;74146
2021-02-27;"Trnavský kraj";264;140725;804;141529;NA;87664;1068;2021-02-27;73738
2021-02-26;"Trnavský kraj";362;26951;287;27238;NA;87664;649;2021-02-26;72670
2021-02-25;"Trnavský kraj";433;10490;227;10717;NA;87664;660;2021-02-25;72021
2021-02-24;"Trnavský kraj";407;9110;290;9400;NA;87664;697;2021-02-24;71361
2021-02-23;"Trnavský kraj";469;11322;284;11606;NA;87664;753;2021-02-23;70664
2021-02-22;"Trnavský kraj";206;19896;330;20226;NA;87664;536;2021-02-22;69911
2021-02-21;"Trnavský kraj";38;48221;329;48550;NA;87664;367;2021-02-21;69375
2021-02-20;"Trnavský kraj";273;135825;859;136684;NA;87664;1132;2021-02-20;69008
2021-02-19;"Trnavský kraj";335;26982;347;27329;NA;87664;682;2021-02-19;67876
2021-02-18;"Trnavský kraj";344;11263;348;11611;NA;87664;692;2021-02-18;67194
2021-02-17;"Trnavský kraj";431;8780;416;9196;NA;87664;847;2021-02-17;66502
2021-02-16;"Trnavský kraj";426;11413;295;11708;NA;87664;721;2021-02-16;65655
2021-02-15;"Trnavský kraj";146;18075;291;18366;NA;87664;437;2021-02-15;64934
2021-02-14;"Trnavský kraj";51;57642;495;58137;NA;87664;546;2021-02-14;64497
2021-02-13;"Trnavský kraj";218;137051;994;138045;NA;87664;1212;2021-02-13;63951
2021-02-12;"Trnavský kraj";300;23682;336;24018;NA;87664;636;2021-02-12;62739
2021-02-11;"Trnavský kraj";422;9901;360;10261;NA;87664;782;2021-02-11;62103
2021-02-10;"Trnavský kraj";511;9334;344;9678;NA;87664;855;2021-02-10;61321
2021-02-09;"Trnavský kraj";544;12752;369;13121;NA;87664;913;2021-02-09;60466
2021-02-08;"Trnavský kraj";220;34323;507;34830;NA;87664;727;2021-02-08;59553
2021-02-07;"Trnavský kraj";140;68646;623;69269;NA;87664;763;2021-02-07;58826
2021-02-06;"Trnavský kraj";348;111903;1473;113376;NA;87664;1821;2021-02-06;58063
2021-02-05;"Trnavský kraj";377;16448;400;16848;NA;87664;777;2021-02-05;56242
2021-02-04;"Trnavský kraj";456;7318;456;7774;NA;87664;912;2021-02-04;55465
2021-02-03;"Trnavský kraj";472;6584;434;7018;NA;87664;906;2021-02-03;54553
2021-02-02;"Trnavský kraj";446;14219;424;14643;NA;87664;870;2021-02-02;53647
2021-02-01;"Trnavský kraj";198;40071;690;40761;NA;87664;888;2021-02-01;52777
2021-01-31;"Trnavský kraj";19;64460;814;65274;NA;87664;833;2021-01-31;51889
2021-01-30;"Trnavský kraj";323;110592;1280;111872;NA;87664;1603;2021-01-30;51056
2021-01-29;"Trnavský kraj";421;9690;290;9980;NA;87664;711;2021-01-29;49453
2021-01-28;"Trnavský kraj";389;5815;286;6101;NA;87664;675;2021-01-28;48742
2021-01-27;"Trnavský kraj";433;5300;219;5519;NA;87664;652;2021-01-27;48067
2021-01-26;"Trnavský kraj";565;25392;636;26028;NA;87664;1201;2021-01-26;47415
2021-01-25;"Trnavský kraj";210;41851;607;42458;NA;87664;817;2021-01-25;46214
2021-01-24;"Trnavský kraj";91;67152;791;67943;NA;87664;882;2021-01-24;45397
2021-01-23;"Trnavský kraj";372;117177;1347;118524;NA;87664;1719;2021-01-23;44515
2021-01-22;"Trnavský kraj";217;33122;507;33629;NA;87664;724;2021-01-22;42796
2021-01-21;"Trnavský kraj";311;13835;378;14213;NA;87664;689;2021-01-21;42072
2021-01-20;"Trnavský kraj";503;8118;274;8392;NA;87664;777;2021-01-20;41383
2021-01-19;"Trnavský kraj";415;7013;347;7360;NA;87664;762;2021-01-19;40606
2021-01-18;"Trnavský kraj";247;6234;484;6718;NA;87664;731;2021-01-18;39844
2021-01-17;"Trnavský kraj";128;854;215;1069;NA;87664;343;2021-01-17;39113
2021-01-16;"Trnavský kraj";103;898;24;922;NA;87664;127;2021-01-16;38770
2021-01-15;"Trnavský kraj";278;5457;335;5792;NA;87664;613;2021-01-15;38643
2021-01-14;"Trnavský kraj";452;4001;338;4339;NA;87664;790;2021-01-14;38030
2021-01-13;"Trnavský kraj";457;4751;378;5129;NA;87664;835;2021-01-13;37240
2021-01-12;"Trnavský kraj";469;7175;483;7658;NA;87664;952;2021-01-12;36405
2021-01-11;"Trnavský kraj";370;5012;392;5404;NA;87664;762;2021-01-11;35453
2021-01-10;"Trnavský kraj";71;13;0;13;NA;87664;71;2021-01-10;34691
2021-01-09;"Trnavský kraj";417;1775;100;1875;NA;87664;517;2021-01-09;34620
2021-01-08;"Trnavský kraj";381;6554;532;7086;NA;87664;913;2021-01-08;34103
2021-01-07;"Trnavský kraj";501;4080;390;4470;NA;87664;891;2021-01-07;33190
2021-01-06;"Trnavský kraj";179;758;132;890;NA;87664;311;2021-01-06;32299
2021-01-05;"Trnavský kraj";611;5925;636;6561;NA;87664;1247;2021-01-05;31988
2021-01-04;"Trnavský kraj";302;5239;689;5928;NA;87664;991;2021-01-04;30741
2021-01-03;"Trnavský kraj";60;53;7;60;NA;87664;67;2021-01-03;29750
2021-01-02;"Trnavský kraj";282;417;32;449;NA;87664;314;2021-01-02;29683
2021-01-01;"Trnavský kraj";143;455;76;531;NA;87664;219;2021-01-01;29369
2020-12-31;"Trnavský kraj";498;8488;858;9346;NA;87664;1356;2020-12-31;29150
2020-12-30;"Trnavský kraj";785;5318;612;5930;NA;87664;1397;2020-12-30;27794
2020-12-29;"Trnavský kraj";322;5364;639;6003;NA;87664;961;2020-12-29;26397
2020-12-28;"Trnavský kraj";213;5334;615;5949;NA;87664;828;2020-12-28;25436
2020-12-27;"Trnavský kraj";27;20;4;24;NA;87664;31;2020-12-27;24608
2020-12-26;"Trnavský kraj";148;44;1;45;NA;87664;149;2020-12-26;24577
2020-12-25;"Trnavský kraj";65;49;5;54;NA;87664;70;2020-12-25;24428
2020-12-24;"Trnavský kraj";333;1359;117;1476;NA;87664;450;2020-12-24;24358
2020-12-23;"Trnavský kraj";210;7259;414;7673;NA;87664;624;2020-12-23;23908
2020-12-22;"Trnavský kraj";311;5590;491;6081;NA;87664;802;2020-12-22;23284
2020-12-21;"Trnavský kraj";328;4527;399;4926;NA;87664;727;2020-12-21;22482
2020-12-20;"Trnavský kraj";134;133;12;145;NA;87664;146;2020-12-20;21755
2020-12-19;"Trnavský kraj";201;1407;103;1510;NA;87664;304;2020-12-19;21609
2020-12-18;"Trnavský kraj";341;4898;378;5276;NA;87664;719;2020-12-18;21305
2020-12-17;"Trnavský kraj";375;5271;443;5714;NA;87664;818;2020-12-17;20586
2020-12-16;"Trnavský kraj";312;5249;405;5654;NA;87664;717;2020-12-16;19768
2020-12-15;"Trnavský kraj";492;6623;632;7255;NA;87664;1124;2020-12-15;19051
2020-12-14;"Trnavský kraj";161;3505;292;3797;NA;87664;453;2020-12-14;17927
2020-12-13;"Trnavský kraj";7;7;0;7;NA;87664;7;2020-12-13;17474
2020-12-12;"Trnavský kraj";254;1456;114;1570;NA;87664;368;2020-12-12;17467
2020-12-11;"Trnavský kraj";384;4683;262;4945;NA;87664;646;2020-12-11;17099
2020-12-10;"Trnavský kraj";183;5194;320;5514;NA;87664;503;2020-12-10;16453
2020-12-09;"Trnavský kraj";521;4283;321;4604;NA;87664;842;2020-12-09;15950
2020-12-08;"Trnavský kraj";281;4090;304;4394;NA;87664;585;2020-12-08;15108
2020-12-07;"Trnavský kraj";178;2895;199;3094;NA;87664;377;2020-12-07;14523
2020-12-06;"Trnavský kraj";46;0;0;0;NA;87664;46;2020-12-06;14146
2020-12-05;"Trnavský kraj";129;2218;41;2259;NA;87664;170;2020-12-05;14100
2020-12-04;"Trnavský kraj";242;3948;158;4106;NA;87664;400;2020-12-04;13930
2020-12-03;"Trnavský kraj";248;2770;190;2960;NA;87664;438;2020-12-03;13530
2020-12-02;"Trnavský kraj";284;4516;176;4692;NA;87664;460;2020-12-02;13092
2020-12-01;"Trnavský kraj";253;3190;205;3395;NA;87664;458;2020-12-01;12632
2020-11-30;"Trnavský kraj";200;7360;186;7546;NA;87664;386;2020-11-30;12174
2020-11-29;"Trnavský kraj";17;738;36;774;NA;87664;53;2020-11-29;11788
2020-11-28;"Trnavský kraj";83;1453;77;1530;NA;87664;160;2020-11-28;11735
2020-11-27;"Trnavský kraj";148;1779;85;1864;NA;87664;233;2020-11-27;11575
2020-11-26;"Trnavský kraj";234;1123;68;1191;NA;87664;302;2020-11-26;11342
2020-11-25;"Trnavský kraj";232;1168;74;1242;NA;87664;306;2020-11-25;11040
2020-11-24;"Trnavský kraj";295;1909;96;2005;NA;87664;391;2020-11-24;10734
2020-11-23;"Trnavský kraj";242;7393;129;7522;NA;87664;371;2020-11-23;10343
2020-11-22;"Trnavský kraj";10;82;9;91;NA;87664;19;2020-11-22;9972
2020-11-21;"Trnavský kraj";129;1354;36;1390;NA;87664;165;2020-11-21;9953
2020-11-20;"Trnavský kraj";246;1154;64;1218;NA;87664;310;2020-11-20;9788
2020-11-19;"Trnavský kraj";157;823;64;887;NA;87664;221;2020-11-19;9478
2020-11-18;"Trnavský kraj";235;822;82;904;NA;87664;317;2020-11-18;9257
2020-11-17;"Trnavský kraj";129;705;74;779;NA;87664;203;2020-11-17;8940
2020-11-16;"Trnavský kraj";187;732;32;764;NA;87664;219;2020-11-16;8737
2020-11-15;"Trnavský kraj";23;73;4;77;NA;87664;27;2020-11-15;8518
2020-11-14;"Trnavský kraj";86;397;12;409;NA;87664;98;2020-11-14;8491
2020-11-13;"Trnavský kraj";219;1312;21;1333;NA;87664;240;2020-11-13;8393
2020-11-12;"Trnavský kraj";162;420;18;438;NA;87664;180;2020-11-12;8153
2020-11-11;"Trnavský kraj";257;392;15;407;NA;87664;272;2020-11-11;7973
2020-11-10;"Trnavský kraj";189;889;30;919;NA;87664;219;2020-11-10;7701
2020-11-09;"Trnavský kraj";196;369;23;392;NA;87664;219;2020-11-09;7482
2020-11-08;"Trnavský kraj";55;400;4;404;NA;87664;59;2020-11-08;7263
2020-11-07;"Trnavský kraj";207;6070;74;6144;NA;87664;281;2020-11-07;7204
2020-11-06;"Trnavský kraj";260;1531;19;1550;NA;87664;279;2020-11-06;6923
2020-11-05;"Trnavský kraj";150;220;27;247;NA;87664;177;2020-11-05;6644
2020-11-04;"Trnavský kraj";188;212;10;222;NA;87664;198;2020-11-04;6467
2020-11-03;"Trnavský kraj";317;127;8;135;NA;87664;325;2020-11-03;6269
2020-11-02;"Trnavský kraj";281;1728;31;1759;NA;87664;312;2020-11-02;5944
2020-11-01;"Trnavský kraj";87;494;27;521;NA;87664;114;2020-11-01;5632
2020-10-31;"Trnavský kraj";259;5024;41;5065;NA;87664;300;2020-10-31;5518
2020-10-30;"Trnavský kraj";198;3784;27;3811;NA;87664;225;2020-10-30;5218
2020-10-29;"Trnavský kraj";273;1461;16;1477;NA;87664;289;2020-10-29;4993
2020-10-28;"Trnavský kraj";319;117;16;133;NA;87664;335;2020-10-28;4704
2020-10-27;"Trnavský kraj";199;461;36;497;NA;87664;235;2020-10-27;4369
2020-10-26;"Trnavský kraj";153;29;2;31;NA;87664;155;2020-10-26;4134
2020-10-25;"Trnavský kraj";95;19;1;20;NA;87664;96;2020-10-25;3979
2020-10-24;"Trnavský kraj";158;109;2;111;NA;87664;160;2020-10-24;3883
2020-10-23;"Trnavský kraj";201;89;4;93;NA;87664;205;2020-10-23;3723
2020-10-22;"Trnavský kraj";195;55;2;57;NA;87664;197;2020-10-22;3518
2020-10-21;"Trnavský kraj";134;73;3;76;NA;87664;137;2020-10-21;3321
2020-10-20;"Trnavský kraj";202;82;3;85;NA;87664;205;2020-10-20;3184
2020-10-19;"Trnavský kraj";67;55;0;55;NA;87664;67;2020-10-19;2979
2020-10-18;"Trnavský kraj";84;0;0;0;NA;87664;84;2020-10-18;2912
2020-10-17;"Trnavský kraj";123;0;0;0;NA;87664;123;2020-10-17;2828
2020-10-16;"Trnavský kraj";86;45;2;47;NA;87664;88;2020-10-16;2705
2020-10-15;"Trnavský kraj";155;66;2;68;NA;87664;157;2020-10-15;2617
2020-10-14;"Trnavský kraj";236;468;3;471;NA;87664;239;2020-10-14;2460
2020-10-13;"Trnavský kraj";138;16;2;18;NA;87664;140;2020-10-13;2221
2020-10-12;"Trnavský kraj";33;41;1;42;NA;87664;34;2020-10-12;2081
2020-10-11;"Trnavský kraj";31;0;0;0;NA;87664;31;2020-10-11;2047
2020-10-10;"Trnavský kraj";128;0;0;0;NA;87664;128;2020-10-10;2016
2020-10-09;"Trnavský kraj";156;0;0;0;NA;87664;156;2020-10-09;1888
2020-10-08;"Trnavský kraj";153;0;0;0;NA;87664;153;2020-10-08;1732
2020-10-07;"Trnavský kraj";80;0;0;0;NA;87664;80;2020-10-07;1579
2020-10-06;"Trnavský kraj";112;0;0;0;NA;87664;112;2020-10-06;1499
2020-10-05;"Trnavský kraj";33;0;0;0;NA;87664;33;2020-10-05;1387
2020-10-04;"Trnavský kraj";44;0;0;0;NA;87664;44;2020-10-04;1354
2020-10-03;"Trnavský kraj";60;0;0;0;NA;87664;60;2020-10-03;1310
2020-10-02;"Trnavský kraj";41;0;0;0;NA;87664;41;2020-10-02;1250
2020-10-01;"Trnavský kraj";53;0;0;0;NA;87664;53;2020-10-01;1209
2020-09-30;"Trnavský kraj";91;0;0;0;NA;87664;91;2020-09-30;1156
2020-09-29;"Trnavský kraj";40;0;0;0;NA;87664;40;2020-09-29;1065
2020-09-28;"Trnavský kraj";69;0;0;0;NA;87664;69;2020-09-28;1025
2020-09-27;"Trnavský kraj";30;0;0;0;NA;87664;30;2020-09-27;956
2020-09-26;"Trnavský kraj";46;0;0;0;NA;87664;46;2020-09-26;926
2020-09-25;"Trnavský kraj";32;0;0;0;NA;87664;32;2020-09-25;880
2020-09-24;"Trnavský kraj";42;0;0;0;NA;87664;42;2020-09-24;848
2020-09-23;"Trnavský kraj";43;0;0;0;NA;87664;43;2020-09-23;806
2020-09-22;"Trnavský kraj";55;0;0;0;NA;87664;55;2020-09-22;763
2020-09-21;"Trnavský kraj";41;0;0;0;NA;87664;41;2020-09-21;708
2020-09-20;"Trnavský kraj";17;0;0;0;NA;87664;17;2020-09-20;667
2020-09-19;"Trnavský kraj";4;0;0;0;NA;87664;4;2020-09-19;650
2020-09-18;"Trnavský kraj";33;0;0;0;NA;87664;33;2020-09-18;646
2020-09-17;"Trnavský kraj";42;0;0;0;NA;87664;42;2020-09-17;613
2020-09-16;"Trnavský kraj";49;0;0;0;NA;87664;49;2020-09-16;571
2020-09-15;"Trnavský kraj";5;0;0;0;NA;87664;5;2020-09-15;522
2020-09-14;"Trnavský kraj";26;0;0;0;NA;87664;26;2020-09-14;517
2020-09-13;"Trnavský kraj";9;0;0;0;NA;87664;9;2020-09-13;491
2020-09-12;"Trnavský kraj";12;0;0;0;NA;87664;12;2020-09-12;482
2020-09-11;"Trnavský kraj";16;0;0;0;NA;87664;16;2020-09-11;470
2020-09-10;"Trnavský kraj";32;0;0;0;NA;87664;32;2020-09-10;454
2020-09-09;"Trnavský kraj";14;0;0;0;NA;87664;14;2020-09-09;422
2020-09-08;"Trnavský kraj";11;0;0;0;NA;87664;11;2020-09-08;408
2020-09-07;"Trnavský kraj";7;0;0;0;NA;87664;7;2020-09-07;397
2020-09-06;"Trnavský kraj";5;0;0;0;NA;87664;5;2020-09-06;390
2020-09-05;"Trnavský kraj";7;0;0;0;NA;87664;7;2020-09-05;385
2020-09-04;"Trnavský kraj";16;0;0;0;NA;87664;16;2020-09-04;378
2020-09-03;"Trnavský kraj";8;0;0;0;NA;87664;8;2020-09-03;362
2020-09-02;"Trnavský kraj";7;0;0;0;NA;87664;7;2020-09-02;354
2020-09-01;"Trnavský kraj";1;0;0;0;NA;87664;1;2020-09-01;347
2020-08-31;"Trnavský kraj";6;0;0;0;NA;87664;6;2020-08-31;346
2020-08-30;"Trnavský kraj";1;0;0;0;NA;87664;1;2020-08-30;340
2020-08-29;"Trnavský kraj";3;0;0;0;NA;87664;3;2020-08-29;339
2020-08-28;"Trnavský kraj";14;0;0;0;NA;87664;14;2020-08-28;336
2020-08-27;"Trnavský kraj";6;0;0;0;NA;87664;6;2020-08-27;322
2020-08-26;"Trnavský kraj";4;0;0;0;NA;87664;4;2020-08-26;316
2020-08-25;"Trnavský kraj";7;0;0;0;NA;87664;7;2020-08-25;312
2020-08-24;"Trnavský kraj";1;0;0;0;NA;87664;1;2020-08-24;305
2020-08-23;"Trnavský kraj";6;0;0;0;NA;87664;6;2020-08-23;304
2020-08-22;"Trnavský kraj";3;0;0;0;NA;87664;3;2020-08-22;298
2020-08-21;"Trnavský kraj";4;0;0;0;NA;87664;4;2020-08-21;295
2020-08-20;"Trnavský kraj";23;0;0;0;NA;87664;23;2020-08-20;291
2020-08-19;"Trnavský kraj";13;0;0;0;NA;87664;13;2020-08-19;268
2020-08-18;"Trnavský kraj";20;0;0;0;NA;87664;20;2020-08-18;255
2020-08-17;"Trnavský kraj";3;0;0;0;NA;87664;3;2020-08-17;235
2020-08-16;"Trnavský kraj";0;0;0;0;NA;87664;0;2020-08-16;232
2020-08-15;"Trnavský kraj";7;0;0;0;NA;87664;7;2020-08-15;232
2020-08-14;"Trnavský kraj";6;0;0;0;NA;87664;6;2020-08-14;225
2020-08-13;"Trnavský kraj";10;0;0;0;NA;87664;10;2020-08-13;219
2020-08-12;"Trnavský kraj";2;0;0;0;NA;87664;2;2020-08-12;209
2020-08-11;"Trnavský kraj";30;0;0;0;NA;87664;30;2020-08-11;207
2020-08-10;"Trnavský kraj";0;0;0;0;NA;87664;0;2020-08-10;177
2020-08-09;"Trnavský kraj";0;0;0;0;NA;87664;0;2020-08-09;177
2020-08-08;"Trnavský kraj";13;0;0;0;NA;87664;13;2020-08-08;177
2020-08-07;"Trnavský kraj";4;0;0;0;NA;87664;4;2020-08-07;164
2020-08-06;"Trnavský kraj";4;0;0;0;NA;87664;4;2020-08-06;160
2020-08-05;"Trnavský kraj";0;0;0;0;NA;87664;0;2020-08-05;156
2020-08-04;"Trnavský kraj";1;0;0;0;NA;87664;1;2020-08-04;156
2020-08-03;"Trnavský kraj";2;0;0;0;NA;87664;2;2020-08-03;155
2020-08-02;"Trnavský kraj";1;0;0;0;NA;87664;1;2020-08-02;153
2020-08-01;"Trnavský kraj";0;0;0;0;NA;87664;0;2020-08-01;152
2020-07-31;"Trnavský kraj";7;0;0;0;NA;87664;7;2020-07-31;152
2020-07-30;"Trnavský kraj";6;0;0;0;NA;87664;6;2020-07-30;145
2020-07-29;"Trnavský kraj";0;0;0;0;NA;87664;0;2020-07-29;139
2020-07-28;"Trnavský kraj";1;0;0;0;NA;87664;1;2020-07-28;139
2020-07-27;"Trnavský kraj";2;0;0;0;NA;87664;2;2020-07-27;138
2020-07-26;"Trnavský kraj";0;0;0;0;NA;87664;0;2020-07-26;136
2020-07-25;"Trnavský kraj";0;0;0;0;NA;87664;0;2020-07-25;136
2020-07-24;"Trnavský kraj";1;0;0;0;NA;87664;1;2020-07-24;136
2020-07-23;"Trnavský kraj";2;0;0;0;NA;87664;2;2020-07-23;135
2020-07-22;"Trnavský kraj";1;0;0;0;NA;87664;1;2020-07-22;133
2020-07-21;"Trnavský kraj";2;0;0;0;NA;87664;2;2020-07-21;132
2020-07-20;"Trnavský kraj";0;0;0;0;NA;87664;0;2020-07-20;130
2020-07-19;"Trnavský kraj";0;0;0;0;NA;87664;0;2020-07-19;130
2020-07-18;"Trnavský kraj";0;0;0;0;NA;87664;0;2020-07-18;130
2020-07-17;"Trnavský kraj";0;0;0;0;NA;87664;0;2020-07-17;130
2020-07-16;"Trnavský kraj";0;0;0;0;NA;87664;0;2020-07-16;130
2020-07-15;"Trnavský kraj";1;0;0;0;NA;87664;1;2020-07-15;130
2020-07-14;"Trnavský kraj";0;0;0;0;NA;87664;0;2020-07-14;129
2020-07-13;"Trnavský kraj";0;0;0;0;NA;87664;0;2020-07-13;129
2020-07-12;"Trnavský kraj";0;0;0;0;NA;87664;0;2020-07-12;129
2020-07-11;"Trnavský kraj";0;0;0;0;NA;87664;0;2020-07-11;129
2020-07-10;"Trnavský kraj";0;0;0;0;NA;87664;0;2020-07-10;129
2020-07-09;"Trnavský kraj";0;0;0;0;NA;87664;0;2020-07-09;129
2020-07-08;"Trnavský kraj";3;0;0;0;NA;87664;3;2020-07-08;129
2020-07-07;"Trnavský kraj";4;0;0;0;NA;87664;4;2020-07-07;126
2020-07-06;"Trnavský kraj";0;0;0;0;NA;87664;0;2020-07-06;122
2020-07-05;"Trnavský kraj";0;0;0;0;NA;87664;0;2020-07-05;122
2020-07-04;"Trnavský kraj";0;0;0;0;NA;87664;0;2020-07-04;122
2020-07-03;"Trnavský kraj";0;0;0;0;NA;87664;0;2020-07-03;122
2020-07-02;"Trnavský kraj";3;0;0;0;NA;87664;3;2020-07-02;122
2020-07-01;"Trnavský kraj";0;0;0;0;NA;87664;0;2020-07-01;119
2020-06-30;"Trnavský kraj";0;0;0;0;NA;87664;0;2020-06-30;119
2020-06-29;"Trnavský kraj";0;0;0;0;NA;87664;0;2020-06-29;119
2020-06-28;"Trnavský kraj";0;0;0;0;NA;87664;0;2020-06-28;119
2020-06-27;"Trnavský kraj";0;0;0;0;NA;87664;0;2020-06-27;119
2020-06-26;"Trnavský kraj";0;0;0;0;NA;87664;0;2020-06-26;119
2020-06-25;"Trnavský kraj";0;0;0;0;NA;87664;0;2020-06-25;119
2020-06-24;"Trnavský kraj";0;0;0;0;NA;87664;0;2020-06-24;119
2020-06-23;"Trnavský kraj";0;0;0;0;NA;87664;0;2020-06-23;119
2020-06-22;"Trnavský kraj";0;0;0;0;NA;87664;0;2020-06-22;119
2020-06-21;"Trnavský kraj";0;0;0;0;NA;87664;0;2020-06-21;119
2020-06-20;"Trnavský kraj";0;0;0;0;NA;87664;0;2020-06-20;119
2020-06-19;"Trnavský kraj";0;0;0;0;NA;87664;0;2020-06-19;119
2020-06-18;"Trnavský kraj";2;0;0;0;NA;87664;2;2020-06-18;119
2020-06-17;"Trnavský kraj";0;0;0;0;NA;87664;0;2020-06-17;117
2020-06-16;"Trnavský kraj";0;0;0;0;NA;87664;0;2020-06-16;117
2020-06-14;"Trnavský kraj";0;0;0;0;NA;87664;0;2020-06-14;117
2020-06-13;"Trnavský kraj";0;0;0;0;NA;87664;0;2020-06-13;117
2020-06-12;"Trnavský kraj";0;0;0;0;NA;87664;0;2020-06-12;117
2020-06-11;"Trnavský kraj";0;0;0;0;NA;87664;0;2020-06-11;117
2020-06-10;"Trnavský kraj";0;0;0;0;NA;87664;0;2020-06-10;117
2020-06-09;"Trnavský kraj";0;0;0;0;NA;87664;0;2020-06-09;117
2020-06-08;"Trnavský kraj";0;0;0;0;NA;87664;0;2020-06-08;117
2020-06-07;"Trnavský kraj";0;0;0;0;NA;87664;0;2020-06-07;117
2020-06-05;"Trnavský kraj";0;0;0;0;NA;87664;0;2020-06-05;117
2020-06-03;"Trnavský kraj";0;0;0;0;NA;87664;0;2020-06-03;117
2020-06-02;"Trnavský kraj";0;0;0;0;NA;87664;0;2020-06-02;117
2020-05-31;"Trnavský kraj";0;0;0;0;NA;87664;0;2020-05-31;117
2020-05-29;"Trnavský kraj";0;0;0;0;NA;87664;0;2020-05-29;117
2020-05-27;"Trnavský kraj";0;0;0;0;NA;87664;0;2020-05-27;117
2020-05-26;"Trnavský kraj";0;0;0;0;NA;87664;0;2020-05-26;117
2020-05-25;"Trnavský kraj";1;0;0;0;NA;87664;1;2020-05-25;117
2020-05-24;"Trnavský kraj";0;0;0;0;NA;87664;0;2020-05-24;116
2020-05-23;"Trnavský kraj";2;0;0;0;NA;87664;2;2020-05-23;116
2020-05-22;"Trnavský kraj";0;0;0;0;NA;87664;0;2020-05-22;114
2020-05-21;"Trnavský kraj";0;0;0;0;NA;87664;0;2020-05-21;114
2020-05-20;"Trnavský kraj";2;0;0;0;NA;87664;2;2020-05-20;114
2020-05-19;"Trnavský kraj";0;0;0;0;NA;87664;0;2020-05-19;112
2020-05-17;"Trnavský kraj";0;0;0;0;NA;87664;0;2020-05-17;112
2020-05-16;"Trnavský kraj";0;0;0;0;NA;87664;0;2020-05-16;112
2020-05-15;"Trnavský kraj";1;0;0;0;NA;87664;1;2020-05-15;112
2020-05-14;"Trnavský kraj";0;0;0;0;NA;87664;0;2020-05-14;111
2020-05-13;"Trnavský kraj";0;0;0;0;NA;87664;0;2020-05-13;111
2020-05-12;"Trnavský kraj";0;0;0;0;NA;87664;0;2020-05-12;111
2020-05-11;"Trnavský kraj";2;0;0;0;NA;87664;2;2020-05-11;111
2020-05-09;"Trnavský kraj";0;0;0;0;NA;87664;0;2020-05-09;109
2020-05-07;"Trnavský kraj";0;0;0;0;NA;87664;0;2020-05-07;109
2020-05-06;"Trnavský kraj";0;0;0;0;NA;87664;0;2020-05-06;109
2020-05-05;"Trnavský kraj";0;0;0;0;NA;87664;0;2020-05-05;109
2020-05-04;"Trnavský kraj";0;0;0;0;NA;87664;0;2020-05-04;109
2020-05-03;"Trnavský kraj";0;0;0;0;NA;87664;0;2020-05-03;109
2020-05-02;"Trnavský kraj";0;0;0;0;NA;87664;0;2020-05-02;109
2020-05-01;"Trnavský kraj";0;0;0;0;NA;87664;0;2020-05-01;109
2020-04-30;"Trnavský kraj";0;0;0;0;NA;87664;0;2020-04-30;109
2020-04-29;"Trnavský kraj";0;0;0;0;NA;87664;0;2020-04-29;109
2020-04-28;"Trnavský kraj";1;0;0;0;NA;87664;1;2020-04-28;109
2020-04-27;"Trnavský kraj";0;0;0;0;NA;87664;0;2020-04-27;108
2020-04-26;"Trnavský kraj";0;0;0;0;NA;87664;0;2020-04-26;108
2020-04-25;"Trnavský kraj";2;0;0;0;NA;87664;2;2020-04-25;108
2020-04-24;"Trnavský kraj";4;0;0;0;NA;87664;4;2020-04-24;106
2020-04-23;"Trnavský kraj";5;0;0;0;NA;87664;5;2020-04-23;102
2020-04-22;"Trnavský kraj";10;0;0;0;NA;87664;10;2020-04-22;97
2020-04-21;"Trnavský kraj";5;0;0;0;NA;87664;5;2020-04-21;87
2020-04-20;"Trnavský kraj";0;0;0;0;NA;87664;0;2020-04-20;82
2020-04-19;"Trnavský kraj";1;0;0;0;NA;87664;1;2020-04-19;82
2020-04-18;"Trnavský kraj";4;0;0;0;NA;87664;4;2020-04-18;81
2020-04-17;"Trnavský kraj";7;0;0;0;NA;87664;7;2020-04-17;77
2020-04-16;"Trnavský kraj";5;0;0;0;NA;87664;5;2020-04-16;70
2020-04-15;"Trnavský kraj";5;0;0;0;NA;87664;5;2020-04-15;65
2020-04-14;"Trnavský kraj";1;0;0;0;NA;87664;1;2020-04-14;60
2020-04-13;"Trnavský kraj";0;0;0;0;NA;87664;0;2020-04-13;59
2020-04-12;"Trnavský kraj";0;0;0;0;NA;87664;0;2020-04-12;59
2020-04-11;"Trnavský kraj";0;0;0;0;NA;87664;0;2020-04-11;59
2020-04-10;"Trnavský kraj";2;0;0;0;NA;87664;2;2020-04-10;59
2020-04-09;"Trnavský kraj";3;0;0;0;NA;87664;3;2020-04-09;57
2020-04-08;"Trnavský kraj";4;0;0;0;NA;87664;4;2020-04-08;54
2020-04-07;"Trnavský kraj";6;0;0;0;NA;87664;6;2020-04-07;50
2020-04-06;"Trnavský kraj";6;0;0;0;NA;87664;6;2020-04-06;44
2020-04-05;"Trnavský kraj";1;0;0;0;NA;87664;1;2020-04-05;38
2020-04-04;"Trnavský kraj";1;0;0;0;NA;87664;1;2020-04-04;37
2020-04-03;"Trnavský kraj";3;0;0;0;NA;87664;3;2020-04-03;36
2020-04-02;"Trnavský kraj";4;0;0;0;NA;87664;4;2020-04-02;33
2020-04-01;"Trnavský kraj";0;0;0;0;NA;87664;0;2020-04-01;29
2020-03-31;"Trnavský kraj";3;0;0;0;NA;87664;3;2020-03-31;29
2020-03-30;"Trnavský kraj";4;0;0;0;NA;87664;4;2020-03-30;26
2020-03-29;"Trnavský kraj";1;0;0;0;NA;87664;1;2020-03-29;22
2020-03-28;"Trnavský kraj";3;0;0;0;NA;87664;3;2020-03-28;21
2020-03-27;"Trnavský kraj";5;0;0;0;NA;87664;5;2020-03-27;18
2020-03-26;"Trnavský kraj";5;0;0;0;NA;87664;5;2020-03-26;13
2020-03-25;"Trnavský kraj";1;0;0;0;NA;87664;1;2020-03-25;8
2020-03-24;"Trnavský kraj";0;0;0;0;NA;87664;0;2020-03-24;7
2020-03-23;"Trnavský kraj";2;0;0;0;NA;87664;2;2020-03-23;7
2020-03-22;"Trnavský kraj";1;0;0;0;NA;87664;1;2020-03-22;5
2020-03-21;"Trnavský kraj";5;0;0;0;NA;87664;5;2020-03-21;4
2020-03-20;"Trnavský kraj";0;0;0;0;NA;87664;0;2020-03-20;-1
2020-03-19;"Trnavský kraj";0;0;0;0;NA;87664;0;2020-03-19;-1
2020-03-18;"Trnavský kraj";0;0;0;0;NA;87664;0;2020-03-18;-1
2020-03-17;"Trnavský kraj";3;0;0;0;NA;87664;3;2020-03-17;-1
2020-03-16;"Trnavský kraj";1;0;0;0;NA;87664;1;2020-03-16;-4
2020-03-15;"Trnavský kraj";0;0;0;0;NA;87664;0;2020-03-15;-5
2020-03-14;"Trnavský kraj";0;0;0;0;NA;87664;0;2020-03-14;-5
2020-03-13;"Trnavský kraj";1;0;0;0;NA;87664;1;2020-03-13;-5
2020-03-12;"Trnavský kraj";1;0;0;0;NA;87664;1;2020-03-12;-6
2020-03-11;"Trnavský kraj";0;0;0;0;NA;87664;0;2020-03-11;-7
2020-03-09;"Trnavský kraj";0;0;0;0;NA;87664;0;2020-03-09;-7
2020-03-08;"Trnavský kraj";0;0;0;0;NA;87664;0;2020-03-08;-7
2020-03-07;"Trnavský kraj";0;0;0;0;NA;87664;0;2020-03-07;-7
2020-03-06;"Trnavský kraj";0;0;0;0;NA;87664;0;2020-03-06;-7
2021-04-18;"Žilinský kraj";18;30898;77;30975;55109;102104;95;2021-04-18;102104
2021-04-17;"Žilinský kraj";108;69055;120;69175;NA;102104;228;2021-04-17;102009
2021-04-16;"Žilinský kraj";185;42888;196;43084;NA;102104;381;2021-04-16;101781
2021-04-15;"Žilinský kraj";108;24478;127;24605;NA;102104;235;2021-04-15;101400
2021-04-14;"Žilinský kraj";135;23341;143;23484;NA;102104;278;2021-04-14;101165
2021-04-13;"Žilinský kraj";171;24786;137;24923;NA;102104;308;2021-04-13;100887
2021-04-12;"Žilinský kraj";266;29759;183;29942;NA;102104;449;2021-04-12;100579
2021-04-11;"Žilinský kraj";19;37044;107;37151;NA;102104;126;2021-04-11;100130
2021-04-10;"Žilinský kraj";111;86173;234;86407;NA;102104;345;2021-04-10;100004
2021-04-09;"Žilinský kraj";195;41671;205;41876;NA;102104;400;2021-04-09;99659
2021-04-08;"Žilinský kraj";179;24149;137;24286;NA;102104;316;2021-04-08;99259
2021-04-07;"Žilinský kraj";309;29183;178;29361;NA;102104;487;2021-04-07;98943
2021-04-06;"Žilinský kraj";308;38918;294;39212;NA;102104;602;2021-04-06;98456
2021-04-05;"Žilinský kraj";17;14747;140;14887;NA;102104;157;2021-04-05;97854
2021-04-04;"Žilinský kraj";17;16284;69;16353;NA;102104;86;2021-04-04;97697
2021-04-03;"Žilinský kraj";180;100913;401;101314;NA;102104;581;2021-04-03;97611
2021-04-02;"Žilinský kraj";73;22481;84;22565;NA;102104;157;2021-04-02;97030
2021-04-01;"Žilinský kraj";334;42522;240;42762;NA;102104;574;2021-04-01;96873
2021-03-31;"Žilinský kraj";170;31632;247;31879;NA;102104;417;2021-03-31;96299
2021-03-30;"Žilinský kraj";406;26070;243;26313;NA;102104;649;2021-03-30;95882
2021-03-29;"Žilinský kraj";297;28022;268;28290;NA;102104;565;2021-03-29;95233
2021-03-28;"Žilinský kraj";21;36206;239;36445;NA;102104;260;2021-03-28;94668
2021-03-27;"Žilinský kraj";151;89102;353;89455;NA;102104;504;2021-03-27;94408
2021-03-26;"Žilinský kraj";312;51997;332;52329;NA;102104;644;2021-03-26;93904
2021-03-25;"Žilinský kraj";281;27624;214;27838;NA;102104;495;2021-03-25;93260
2021-03-24;"Žilinský kraj";280;21425;261;21686;NA;102104;541;2021-03-24;92765
2021-03-23;"Žilinský kraj";418;23176;278;23454;NA;102104;696;2021-03-23;92224
2021-03-22;"Žilinský kraj";293;29289;314;29603;NA;102104;607;2021-03-22;91528
2021-03-21;"Žilinský kraj";32;33705;227;33932;NA;102104;259;2021-03-21;90921
2021-03-20;"Žilinský kraj";165;93424;497;93921;NA;102104;662;2021-03-20;90662
2021-03-19;"Žilinský kraj";357;51763;413;52176;NA;102104;770;2021-03-19;90000
2021-03-18;"Žilinský kraj";329;28453;294;28747;NA;102104;623;2021-03-18;89230
2021-03-17;"Žilinský kraj";395;21916;269;22185;NA;102104;664;2021-03-17;88607
2021-03-16;"Žilinský kraj";514;24341;317;24658;NA;102104;831;2021-03-16;87943
2021-03-15;"Žilinský kraj";341;29607;419;30026;NA;102104;760;2021-03-15;87112
2021-03-14;"Žilinský kraj";87;34121;267;34388;NA;102104;354;2021-03-14;86352
2021-03-13;"Žilinský kraj";113;93756;584;94340;NA;102104;697;2021-03-13;85998
2021-03-12;"Žilinský kraj";520;52109;411;52520;NA;102104;931;2021-03-12;85301
2021-03-11;"Žilinský kraj";399;28766;314;29080;NA;102104;713;2021-03-11;84370
2021-03-10;"Žilinský kraj";368;22359;370;22729;NA;102104;738;2021-03-10;83657
2021-03-09;"Žilinský kraj";537;24850;316;25166;NA;102104;853;2021-03-09;82919
2021-03-08;"Žilinský kraj";387;30823;458;31281;NA;102104;845;2021-03-08;82066
2021-03-07;"Žilinský kraj";48;33469;290;33759;NA;102104;338;2021-03-07;81221
2021-03-06;"Žilinský kraj";173;92392;586;92978;NA;102104;759;2021-03-06;80883
2021-03-05;"Žilinský kraj";369;51742;483;52225;NA;102104;852;2021-03-05;80124
2021-03-04;"Žilinský kraj";467;30138;377;30515;NA;102104;844;2021-03-04;79272
2021-03-03;"Žilinský kraj";448;26254;394;26648;NA;102104;842;2021-03-03;78428
2021-03-02;"Žilinský kraj";551;25665;378;26043;NA;102104;929;2021-03-02;77586
2021-03-01;"Žilinský kraj";375;30780;441;31221;NA;102104;816;2021-03-01;76657
2021-02-28;"Žilinský kraj";61;34802;327;35129;NA;102104;388;2021-02-28;75841
2021-02-27;"Žilinský kraj";159;83781;639;84420;NA;102104;798;2021-02-27;75453
2021-02-26;"Žilinský kraj";459;47494;508;48002;NA;102104;967;2021-02-26;74655
2021-02-25;"Žilinský kraj";347;30879;393;31272;NA;102104;740;2021-02-25;73688
2021-02-24;"Žilinský kraj";339;18745;395;19140;NA;102104;734;2021-02-24;72948
2021-02-23;"Žilinský kraj";437;22418;418;22836;NA;102104;855;2021-02-23;72214
2021-02-22;"Žilinský kraj";345;29268;438;29706;NA;102104;783;2021-02-22;71359
2021-02-21;"Žilinský kraj";36;28686;322;29008;NA;102104;358;2021-02-21;70576
2021-02-20;"Žilinský kraj";152;88723;667;89390;NA;102104;819;2021-02-20;70218
2021-02-19;"Žilinský kraj";337;44806;415;45221;NA;102104;752;2021-02-19;69399
2021-02-18;"Žilinský kraj";263;24679;339;25018;NA;102104;602;2021-02-18;68647
2021-02-17;"Žilinský kraj";269;17932;355;18287;NA;102104;624;2021-02-17;68045
2021-02-16;"Žilinský kraj";321;24298;325;24623;NA;102104;646;2021-02-16;67421
2021-02-15;"Žilinský kraj";230;30420;311;30731;NA;102104;541;2021-02-15;66775
2021-02-14;"Žilinský kraj";30;28574;231;28805;NA;102104;261;2021-02-14;66234
2021-02-13;"Žilinský kraj";91;69659;454;70113;NA;102104;545;2021-02-13;65973
2021-02-12;"Žilinský kraj";242;42686;335;43021;NA;102104;577;2021-02-12;65428
2021-02-11;"Žilinský kraj";228;23525;300;23825;NA;102104;528;2021-02-11;64851
2021-02-10;"Žilinský kraj";259;17434;261;17695;NA;102104;520;2021-02-10;64323
2021-02-09;"Žilinský kraj";377;24921;276;25197;NA;102104;653;2021-02-09;63803
2021-02-08;"Žilinský kraj";160;41238;388;41626;NA;102104;548;2021-02-08;63150
2021-02-07;"Žilinský kraj";24;46446;252;46698;NA;102104;276;2021-02-07;62602
2021-02-06;"Žilinský kraj";71;72880;367;73247;NA;102104;438;2021-02-06;62326
2021-02-05;"Žilinský kraj";248;31983;323;32306;NA;102104;571;2021-02-05;61888
2021-02-04;"Žilinský kraj";238;13135;258;13393;NA;102104;496;2021-02-04;61317
2021-02-03;"Žilinský kraj";194;9248;260;9508;NA;102104;454;2021-02-03;60821
2021-02-02;"Žilinský kraj";216;9378;274;9652;NA;102104;490;2021-02-02;60367
2021-02-01;"Žilinský kraj";220;19506;363;19869;NA;102104;583;2021-02-01;59877
2021-01-31;"Žilinský kraj";11;2652;27;2679;NA;102104;38;2021-01-31;59294
2021-01-30;"Žilinský kraj";85;18447;187;18634;NA;102104;272;2021-01-30;59256
2021-01-29;"Žilinský kraj";209;22890;304;23194;NA;102104;513;2021-01-29;58984
2021-01-28;"Žilinský kraj";240;5625;175;5800;NA;102104;415;2021-01-28;58471
2021-01-27;"Žilinský kraj";256;7136;123;7259;NA;102104;379;2021-01-27;58056
2021-01-26;"Žilinský kraj";245;49569;343;49912;NA;102104;588;2021-01-26;57677
2021-01-25;"Žilinský kraj";159;22123;153;22276;NA;102104;312;2021-01-25;57089
2021-01-24;"Žilinský kraj";22;67338;306;67644;NA;102104;328;2021-01-24;56777
2021-01-23;"Žilinský kraj";91;91257;408;91665;NA;102104;499;2021-01-23;56449
2021-01-22;"Žilinský kraj";163;31043;235;31278;NA;102104;398;2021-01-22;55950
2021-01-21;"Žilinský kraj";116;19841;183;20024;NA;102104;299;2021-01-21;55552
2021-01-20;"Žilinský kraj";236;17484;171;17655;NA;102104;407;2021-01-20;55253
2021-01-19;"Žilinský kraj";245;15619;279;15898;NA;102104;524;2021-01-19;54846
2021-01-18;"Žilinský kraj";236;12537;334;12871;NA;102104;570;2021-01-18;54322
2021-01-17;"Žilinský kraj";95;117;2;119;NA;102104;97;2021-01-17;53752
2021-01-16;"Žilinský kraj";14;758;37;795;NA;102104;51;2021-01-16;53655
2021-01-15;"Žilinský kraj";248;7256;203;7459;NA;102104;451;2021-01-15;53604
2021-01-14;"Žilinský kraj";166;5610;249;5859;NA;102104;415;2021-01-14;53153
2021-01-13;"Žilinský kraj";247;11307;553;11860;NA;102104;800;2021-01-13;52738
2021-01-12;"Žilinský kraj";376;8798;418;9216;NA;102104;794;2021-01-12;51938
2021-01-11;"Žilinský kraj";351;10348;510;10858;NA;102104;861;2021-01-11;51144
2021-01-10;"Žilinský kraj";38;189;7;196;NA;102104;45;2021-01-10;50283
2021-01-09;"Žilinský kraj";192;1992;85;2077;NA;102104;277;2021-01-09;50238
2021-01-08;"Žilinský kraj";413;9234;500;9734;NA;102104;913;2021-01-08;49961
2021-01-07;"Žilinský kraj";438;23513;1881;25394;NA;102104;2319;2021-01-07;49048
2021-01-06;"Žilinský kraj";145;1338;89;1427;NA;102104;234;2021-01-06;46729
2021-01-05;"Žilinský kraj";717;11147;915;12062;NA;102104;1632;2021-01-05;46495
2021-01-04;"Žilinský kraj";479;9376;959;10335;NA;102104;1438;2021-01-04;44863
2021-01-03;"Žilinský kraj";13;1030;98;1128;NA;102104;111;2021-01-03;43425
2021-01-02;"Žilinský kraj";98;746;86;832;NA;102104;184;2021-01-02;43314
2021-01-01;"Žilinský kraj";118;552;36;588;NA;102104;154;2021-01-01;43130
2020-12-31;"Žilinský kraj";395;10040;814;10854;NA;102104;1209;2020-12-31;42976
2020-12-30;"Žilinský kraj";1038;12026;846;12872;NA;102104;1884;2020-12-30;41767
2020-12-29;"Žilinský kraj";256;10593;1044;11637;NA;102104;1300;2020-12-29;39883
2020-12-28;"Žilinský kraj";406;11231;1061;12292;NA;102104;1467;2020-12-28;38583
2020-12-27;"Žilinský kraj";40;672;80;752;NA;102104;120;2020-12-27;37116
2020-12-26;"Žilinský kraj";135;518;48;566;NA;102104;183;2020-12-26;36996
2020-12-25;"Žilinský kraj";66;111;10;121;NA;102104;76;2020-12-25;36813
2020-12-24;"Žilinský kraj";643;1018;75;1093;NA;102104;718;2020-12-24;36737
2020-12-23;"Žilinský kraj";228;17323;1035;18358;NA;102104;1263;2020-12-23;36019
2020-12-22;"Žilinský kraj";519;13749;1032;14781;NA;102104;1551;2020-12-22;34756
2020-12-21;"Žilinský kraj";444;12622;1100;13722;NA;102104;1544;2020-12-21;33205
2020-12-20;"Žilinský kraj";36;579;73;652;NA;102104;109;2020-12-20;31661
2020-12-19;"Žilinský kraj";208;2080;144;2224;NA;102104;352;2020-12-19;31552
2020-12-18;"Žilinský kraj";333;6899;402;7301;NA;102104;735;2020-12-18;31200
2020-12-17;"Žilinský kraj";500;4248;280;4528;NA;102104;780;2020-12-17;30465
2020-12-16;"Žilinský kraj";333;4000;285;4285;NA;102104;618;2020-12-16;29685
2020-12-15;"Žilinský kraj";528;4182;377;4559;NA;102104;905;2020-12-15;29067
2020-12-14;"Žilinský kraj";321;4273;355;4628;NA;102104;676;2020-12-14;28162
2020-12-13;"Žilinský kraj";26;529;67;596;NA;102104;93;2020-12-13;27486
2020-12-12;"Žilinský kraj";95;1061;53;1114;NA;102104;148;2020-12-12;27393
2020-12-11;"Žilinský kraj";455;4513;274;4787;NA;102104;729;2020-12-11;27245
2020-12-10;"Žilinský kraj";166;9342;840;10182;NA;102104;1006;2020-12-10;26516
2020-12-09;"Žilinský kraj";392;2200;124;2324;NA;102104;516;2020-12-09;25510
2020-12-08;"Žilinský kraj";331;3276;132;3408;NA;102104;463;2020-12-08;24994
2020-12-07;"Žilinský kraj";348;2289;121;2410;NA;102104;469;2020-12-07;24531
2020-12-06;"Žilinský kraj";15;147;4;151;NA;102104;19;2020-12-06;24062
2020-12-05;"Žilinský kraj";98;1417;53;1470;NA;102104;151;2020-12-05;24043
2020-12-04;"Žilinský kraj";228;2884;123;3007;NA;102104;351;2020-12-04;23892
2020-12-03;"Žilinský kraj";237;1415;119;1534;NA;102104;356;2020-12-03;23541
2020-12-02;"Žilinský kraj";181;1691;89;1780;NA;102104;270;2020-12-02;23185
2020-12-01;"Žilinský kraj";209;6598;315;6913;NA;102104;524;2020-12-01;22915
2020-11-30;"Žilinský kraj";203;5332;301;5633;NA;102104;504;2020-11-30;22391
2020-11-29;"Žilinský kraj";18;81;7;88;NA;102104;25;2020-11-29;21887
2020-11-28;"Žilinský kraj";99;349;15;364;NA;102104;114;2020-11-28;21862
2020-11-27;"Žilinský kraj";218;914;46;960;NA;102104;264;2020-11-27;21748
2020-11-26;"Žilinský kraj";190;1105;57;1162;NA;102104;247;2020-11-26;21484
2020-11-25;"Žilinský kraj";225;1217;49;1266;NA;102104;274;2020-11-25;21237
2020-11-24;"Žilinský kraj";213;2139;67;2206;NA;102104;280;2020-11-24;20963
2020-11-23;"Žilinský kraj";170;759;44;803;NA;102104;214;2020-11-23;20683
2020-11-22;"Žilinský kraj";11;67;2;69;NA;102104;13;2020-11-22;20469
2020-11-21;"Žilinský kraj";61;505;20;525;NA;102104;81;2020-11-21;20456
2020-11-20;"Žilinský kraj";251;1074;45;1119;NA;102104;296;2020-11-20;20375
2020-11-19;"Žilinský kraj";252;752;61;813;NA;102104;313;2020-11-19;20079
2020-11-18;"Žilinský kraj";346;348;15;363;NA;102104;361;2020-11-18;19766
2020-11-17;"Žilinský kraj";123;490;15;505;NA;102104;138;2020-11-17;19405
2020-11-16;"Žilinský kraj";227;247;15;262;NA;102104;242;2020-11-16;19267
2020-11-15;"Žilinský kraj";63;13;0;13;NA;102104;63;2020-11-15;19025
2020-11-14;"Žilinský kraj";189;1038;11;1049;NA;102104;200;2020-11-14;18962
2020-11-13;"Žilinský kraj";181;125;9;134;NA;102104;190;2020-11-13;18762
2020-11-12;"Žilinský kraj";334;79;2;81;NA;102104;336;2020-11-12;18572
2020-11-11;"Žilinský kraj";489;147;10;157;NA;102104;499;2020-11-11;18236
2020-11-10;"Žilinský kraj";374;519;9;528;NA;102104;383;2020-11-10;17737
2020-11-09;"Žilinský kraj";143;2335;30;2365;NA;102104;173;2020-11-09;17354
2020-11-08;"Žilinský kraj";59;2538;37;2575;NA;102104;96;2020-11-08;17181
2020-11-07;"Žilinský kraj";312;8175;88;8263;NA;102104;400;2020-11-07;17085
2020-11-06;"Žilinský kraj";503;4090;38;4128;NA;102104;541;2020-11-06;16685
2020-11-05;"Žilinský kraj";473;64;4;68;NA;102104;477;2020-11-05;16144
2020-11-04;"Žilinský kraj";423;178;10;188;NA;102104;433;2020-11-04;15667
2020-11-03;"Žilinský kraj";688;889;16;905;NA;102104;704;2020-11-03;15234
2020-11-02;"Žilinský kraj";472;1043;39;1082;NA;102104;511;2020-11-02;14530
2020-11-01;"Žilinský kraj";349;5096;130;5226;NA;102104;479;2020-11-01;14019
2020-10-31;"Žilinský kraj";661;7963;203;8166;NA;102104;864;2020-10-31;13540
2020-10-30;"Žilinský kraj";529;2575;61;2636;NA;102104;590;2020-10-30;12676
2020-10-29;"Žilinský kraj";740;503;17;520;NA;102104;757;2020-10-29;12086
2020-10-28;"Žilinský kraj";635;105;11;116;NA;102104;646;2020-10-28;11329
2020-10-27;"Žilinský kraj";355;154;24;178;NA;102104;379;2020-10-27;10683
2020-10-26;"Žilinský kraj";148;117;28;145;NA;102104;176;2020-10-26;10304
2020-10-25;"Žilinský kraj";436;0;0;0;NA;102104;436;2020-10-25;10128
2020-10-24;"Žilinský kraj";803;0;0;0;NA;102104;803;2020-10-24;9692
2020-10-23;"Žilinský kraj";659;102;13;115;NA;102104;672;2020-10-23;8889
2020-10-22;"Žilinský kraj";525;33;3;36;NA;102104;528;2020-10-22;8217
2020-10-21;"Žilinský kraj";478;74;14;88;NA;102104;492;2020-10-21;7689
2020-10-20;"Žilinský kraj";524;127;8;135;NA;102104;532;2020-10-20;7197
2020-10-19;"Žilinský kraj";70;80;12;92;NA;102104;82;2020-10-19;6665
2020-10-18;"Žilinský kraj";159;0;0;0;NA;102104;159;2020-10-18;6583
2020-10-17;"Žilinský kraj";509;0;0;0;NA;102104;509;2020-10-17;6424
2020-10-16;"Žilinský kraj";603;51;9;60;NA;102104;612;2020-10-16;5915
2020-10-15;"Žilinský kraj";679;61;3;64;NA;102104;682;2020-10-15;5303
2020-10-14;"Žilinský kraj";523;269;6;275;NA;102104;529;2020-10-14;4621
2020-10-13;"Žilinský kraj";367;458;40;498;NA;102104;407;2020-10-13;4092
2020-10-12;"Žilinský kraj";62;0;0;0;NA;102104;62;2020-10-12;3685
2020-10-11;"Žilinský kraj";50;0;0;0;NA;102104;50;2020-10-11;3623
2020-10-10;"Žilinský kraj";213;0;0;0;NA;102104;213;2020-10-10;3573
2020-10-09;"Žilinský kraj";543;0;0;0;NA;102104;543;2020-10-09;3360
2020-10-08;"Žilinský kraj";238;0;0;0;NA;102104;238;2020-10-08;2817
2020-10-07;"Žilinský kraj";168;0;0;0;NA;102104;168;2020-10-07;2579
2020-10-06;"Žilinský kraj";233;0;0;0;NA;102104;233;2020-10-06;2411
2020-10-05;"Žilinský kraj";33;0;0;0;NA;102104;33;2020-10-05;2178
2020-10-04;"Žilinský kraj";35;0;0;0;NA;102104;35;2020-10-04;2145
2020-10-03;"Žilinský kraj";155;0;0;0;NA;102104;155;2020-10-03;2110
2020-10-02;"Žilinský kraj";105;0;0;0;NA;102104;105;2020-10-02;1955
2020-10-01;"Žilinský kraj";147;0;0;0;NA;102104;147;2020-10-01;1850
2020-09-30;"Žilinský kraj";163;0;0;0;NA;102104;163;2020-09-30;1703
2020-09-29;"Žilinský kraj";105;0;0;0;NA;102104;105;2020-09-29;1540
2020-09-28;"Žilinský kraj";34;0;0;0;NA;102104;34;2020-09-28;1435
2020-09-27;"Žilinský kraj";108;0;0;0;NA;102104;108;2020-09-27;1401
2020-09-26;"Žilinský kraj";96;0;0;0;NA;102104;96;2020-09-26;1293
2020-09-25;"Žilinský kraj";69;0;0;0;NA;102104;69;2020-09-25;1197
2020-09-24;"Žilinský kraj";100;0;0;0;NA;102104;100;2020-09-24;1128
2020-09-23;"Žilinský kraj";65;0;0;0;NA;102104;65;2020-09-23;1028
2020-09-22;"Žilinský kraj";65;0;0;0;NA;102104;65;2020-09-22;963
2020-09-21;"Žilinský kraj";47;0;0;0;NA;102104;47;2020-09-21;898
2020-09-20;"Žilinský kraj";4;0;0;0;NA;102104;4;2020-09-20;851
2020-09-19;"Žilinský kraj";6;0;0;0;NA;102104;6;2020-09-19;847
2020-09-18;"Žilinský kraj";82;0;0;0;NA;102104;82;2020-09-18;841
2020-09-17;"Žilinský kraj";30;0;0;0;NA;102104;30;2020-09-17;759
2020-09-16;"Žilinský kraj";34;0;0;0;NA;102104;34;2020-09-16;729
2020-09-15;"Žilinský kraj";12;0;0;0;NA;102104;12;2020-09-15;695
2020-09-14;"Žilinský kraj";39;0;0;0;NA;102104;39;2020-09-14;683
2020-09-13;"Žilinský kraj";6;0;0;0;NA;102104;6;2020-09-13;644
2020-09-12;"Žilinský kraj";4;0;0;0;NA;102104;4;2020-09-12;638
2020-09-11;"Žilinský kraj";31;0;0;0;NA;102104;31;2020-09-11;634
2020-09-10;"Žilinský kraj";31;0;0;0;NA;102104;31;2020-09-10;603
2020-09-09;"Žilinský kraj";23;0;0;0;NA;102104;23;2020-09-09;572
2020-09-08;"Žilinský kraj";25;0;0;0;NA;102104;25;2020-09-08;549
2020-09-07;"Žilinský kraj";11;0;0;0;NA;102104;11;2020-09-07;524
2020-09-06;"Žilinský kraj";0;0;0;0;NA;102104;0;2020-09-06;513
2020-09-05;"Žilinský kraj";2;0;0;0;NA;102104;2;2020-09-05;513
2020-09-04;"Žilinský kraj";33;0;0;0;NA;102104;33;2020-09-04;511
2020-09-03;"Žilinský kraj";18;0;0;0;NA;102104;18;2020-09-03;478
2020-09-02;"Žilinský kraj";16;0;0;0;NA;102104;16;2020-09-02;460
2020-09-01;"Žilinský kraj";4;0;0;0;NA;102104;4;2020-09-01;444
2020-08-31;"Žilinský kraj";5;0;0;0;NA;102104;5;2020-08-31;440
2020-08-30;"Žilinský kraj";3;0;0;0;NA;102104;3;2020-08-30;435
2020-08-29;"Žilinský kraj";5;0;0;0;NA;102104;5;2020-08-29;432
2020-08-28;"Žilinský kraj";13;0;0;0;NA;102104;13;2020-08-28;427
2020-08-27;"Žilinský kraj";18;0;0;0;NA;102104;18;2020-08-27;414
2020-08-26;"Žilinský kraj";8;0;0;0;NA;102104;8;2020-08-26;396
2020-08-25;"Žilinský kraj";2;0;0;0;NA;102104;2;2020-08-25;388
2020-08-24;"Žilinský kraj";5;0;0;0;NA;102104;5;2020-08-24;386
2020-08-23;"Žilinský kraj";0;0;0;0;NA;102104;0;2020-08-23;381
2020-08-22;"Žilinský kraj";0;0;0;0;NA;102104;0;2020-08-22;381
2020-08-21;"Žilinský kraj";10;0;0;0;NA;102104;10;2020-08-21;381
2020-08-20;"Žilinský kraj";13;0;0;0;NA;102104;13;2020-08-20;371
2020-08-19;"Žilinský kraj";7;0;0;0;NA;102104;7;2020-08-19;358
2020-08-18;"Žilinský kraj";9;0;0;0;NA;102104;9;2020-08-18;351
2020-08-17;"Žilinský kraj";1;0;0;0;NA;102104;1;2020-08-17;342
2020-08-16;"Žilinský kraj";0;0;0;0;NA;102104;0;2020-08-16;341
2020-08-15;"Žilinský kraj";0;0;0;0;NA;102104;0;2020-08-15;341
2020-08-14;"Žilinský kraj";4;0;0;0;NA;102104;4;2020-08-14;341
2020-08-13;"Žilinský kraj";2;0;0;0;NA;102104;2;2020-08-13;337
2020-08-12;"Žilinský kraj";0;0;0;0;NA;102104;0;2020-08-12;335
2020-08-11;"Žilinský kraj";4;0;0;0;NA;102104;4;2020-08-11;335
2020-08-10;"Žilinský kraj";1;0;0;0;NA;102104;1;2020-08-10;331
2020-08-09;"Žilinský kraj";0;0;0;0;NA;102104;0;2020-08-09;330
2020-08-08;"Žilinský kraj";3;0;0;0;NA;102104;3;2020-08-08;330
2020-08-07;"Žilinský kraj";8;0;0;0;NA;102104;8;2020-08-07;327
2020-08-06;"Žilinský kraj";1;0;0;0;NA;102104;1;2020-08-06;319
2020-08-05;"Žilinský kraj";1;0;0;0;NA;102104;1;2020-08-05;318
2020-08-04;"Žilinský kraj";2;0;0;0;NA;102104;2;2020-08-04;317
2020-08-03;"Žilinský kraj";0;0;0;0;NA;102104;0;2020-08-03;315
2020-08-02;"Žilinský kraj";1;0;0;0;NA;102104;1;2020-08-02;315
2020-08-01;"Žilinský kraj";0;0;0;0;NA;102104;0;2020-08-01;314
2020-07-31;"Žilinský kraj";4;0;0;0;NA;102104;4;2020-07-31;314
2020-07-30;"Žilinský kraj";2;0;0;0;NA;102104;2;2020-07-30;310
2020-07-29;"Žilinský kraj";2;0;0;0;NA;102104;2;2020-07-29;308
2020-07-28;"Žilinský kraj";4;0;0;0;NA;102104;4;2020-07-28;306
2020-07-27;"Žilinský kraj";6;0;0;0;NA;102104;6;2020-07-27;302
2020-07-26;"Žilinský kraj";0;0;0;0;NA;102104;0;2020-07-26;296
2020-07-25;"Žilinský kraj";0;0;0;0;NA;102104;0;2020-07-25;296
2020-07-24;"Žilinský kraj";2;0;0;0;NA;102104;2;2020-07-24;296
2020-07-23;"Žilinský kraj";0;0;0;0;NA;102104;0;2020-07-23;294
2020-07-22;"Žilinský kraj";1;0;0;0;NA;102104;1;2020-07-22;294
2020-07-21;"Žilinský kraj";2;0;0;0;NA;102104;2;2020-07-21;293
2020-07-20;"Žilinský kraj";3;0;0;0;NA;102104;3;2020-07-20;291
2020-07-19;"Žilinský kraj";0;0;0;0;NA;102104;0;2020-07-19;288
2020-07-18;"Žilinský kraj";0;0;0;0;NA;102104;0;2020-07-18;288
2020-07-17;"Žilinský kraj";2;0;0;0;NA;102104;2;2020-07-17;288
2020-07-16;"Žilinský kraj";2;0;0;0;NA;102104;2;2020-07-16;286
2020-07-15;"Žilinský kraj";2;0;0;0;NA;102104;2;2020-07-15;284
2020-07-14;"Žilinský kraj";1;0;0;0;NA;102104;1;2020-07-14;282
2020-07-13;"Žilinský kraj";0;0;0;0;NA;102104;0;2020-07-13;281
2020-07-12;"Žilinský kraj";0;0;0;0;NA;102104;0;2020-07-12;281
2020-07-11;"Žilinský kraj";2;0;0;0;NA;102104;2;2020-07-11;281
2020-07-10;"Žilinský kraj";3;0;0;0;NA;102104;3;2020-07-10;279
2020-07-09;"Žilinský kraj";2;0;0;0;NA;102104;2;2020-07-09;276
2020-07-08;"Žilinský kraj";10;0;0;0;NA;102104;10;2020-07-08;274
2020-07-07;"Žilinský kraj";7;0;0;0;NA;102104;7;2020-07-07;264
2020-07-06;"Žilinský kraj";0;0;0;0;NA;102104;0;2020-07-06;257
2020-07-05;"Žilinský kraj";0;0;0;0;NA;102104;0;2020-07-05;257
2020-07-04;"Žilinský kraj";10;0;0;0;NA;102104;10;2020-07-04;257
2020-07-03;"Žilinský kraj";18;0;0;0;NA;102104;18;2020-07-03;247
2020-07-02;"Žilinský kraj";7;0;0;0;NA;102104;7;2020-07-02;229
2020-07-01;"Žilinský kraj";0;0;0;0;NA;102104;0;2020-07-01;222
2020-06-30;"Žilinský kraj";4;0;0;0;NA;102104;4;2020-06-30;222
2020-06-29;"Žilinský kraj";0;0;0;0;NA;102104;0;2020-06-29;218
2020-06-28;"Žilinský kraj";1;0;0;0;NA;102104;1;2020-06-28;218
2020-06-27;"Žilinský kraj";3;0;0;0;NA;102104;3;2020-06-27;217
2020-06-26;"Žilinský kraj";5;0;0;0;NA;102104;5;2020-06-26;214
2020-06-25;"Žilinský kraj";7;0;0;0;NA;102104;7;2020-06-25;209
2020-06-24;"Žilinský kraj";11;0;0;0;NA;102104;11;2020-06-24;202
2020-06-23;"Žilinský kraj";9;0;0;0;NA;102104;9;2020-06-23;191
2020-06-22;"Žilinský kraj";0;0;0;0;NA;102104;0;2020-06-22;182
2020-06-21;"Žilinský kraj";1;0;0;0;NA;102104;1;2020-06-21;182
2020-06-20;"Žilinský kraj";1;0;0;0;NA;102104;1;2020-06-20;181
2020-06-19;"Žilinský kraj";4;0;0;0;NA;102104;4;2020-06-19;180
2020-06-18;"Žilinský kraj";1;0;0;0;NA;102104;1;2020-06-18;176
2020-06-17;"Žilinský kraj";0;0;0;0;NA;102104;0;2020-06-17;175
2020-06-16;"Žilinský kraj";1;0;0;0;NA;102104;1;2020-06-16;175
2020-06-14;"Žilinský kraj";0;0;0;0;NA;102104;0;2020-06-14;174
2020-06-13;"Žilinský kraj";0;0;0;0;NA;102104;0;2020-06-13;174
2020-06-12;"Žilinský kraj";0;0;0;0;NA;102104;0;2020-06-12;174
2020-06-11;"Žilinský kraj";0;0;0;0;NA;102104;0;2020-06-11;174
2020-06-10;"Žilinský kraj";0;0;0;0;NA;102104;0;2020-06-10;174
2020-06-09;"Žilinský kraj";1;0;0;0;NA;102104;1;2020-06-09;174
2020-06-08;"Žilinský kraj";0;0;0;0;NA;102104;0;2020-06-08;173
2020-06-07;"Žilinský kraj";0;0;0;0;NA;102104;0;2020-06-07;173
2020-06-05;"Žilinský kraj";0;0;0;0;NA;102104;0;2020-06-05;173
2020-06-03;"Žilinský kraj";0;0;0;0;NA;102104;0;2020-06-03;173
2020-06-02;"Žilinský kraj";0;0;0;0;NA;102104;0;2020-06-02;173
2020-05-31;"Žilinský kraj";0;0;0;0;NA;102104;0;2020-05-31;173
2020-05-29;"Žilinský kraj";0;0;0;0;NA;102104;0;2020-05-29;173
2020-05-27;"Žilinský kraj";1;0;0;0;NA;102104;1;2020-05-27;173
2020-05-26;"Žilinský kraj";1;0;0;0;NA;102104;1;2020-05-26;172
2020-05-25;"Žilinský kraj";0;0;0;0;NA;102104;0;2020-05-25;171
2020-05-24;"Žilinský kraj";0;0;0;0;NA;102104;0;2020-05-24;171
2020-05-23;"Žilinský kraj";0;0;0;0;NA;102104;0;2020-05-23;171
2020-05-22;"Žilinský kraj";0;0;0;0;NA;102104;0;2020-05-22;171
2020-05-21;"Žilinský kraj";0;0;0;0;NA;102104;0;2020-05-21;171
2020-05-20;"Žilinský kraj";0;0;0;0;NA;102104;0;2020-05-20;171
2020-05-19;"Žilinský kraj";1;0;0;0;NA;102104;1;2020-05-19;171
2020-05-17;"Žilinský kraj";0;0;0;0;NA;102104;0;2020-05-17;170
2020-05-16;"Žilinský kraj";0;0;0;0;NA;102104;0;2020-05-16;170
2020-05-15;"Žilinský kraj";0;0;0;0;NA;102104;0;2020-05-15;170
2020-05-14;"Žilinský kraj";0;0;0;0;NA;102104;0;2020-05-14;170
2020-05-13;"Žilinský kraj";0;0;0;0;NA;102104;0;2020-05-13;170
2020-05-12;"Žilinský kraj";0;0;0;0;NA;102104;0;2020-05-12;170
2020-05-11;"Žilinský kraj";0;0;0;0;NA;102104;0;2020-05-11;170
2020-05-09;"Žilinský kraj";0;0;0;0;NA;102104;0;2020-05-09;170
2020-05-07;"Žilinský kraj";0;0;0;0;NA;102104;0;2020-05-07;170
2020-05-06;"Žilinský kraj";2;0;0;0;NA;102104;2;2020-05-06;170
2020-05-05;"Žilinský kraj";3;0;0;0;NA;102104;3;2020-05-05;168
2020-05-04;"Žilinský kraj";3;0;0;0;NA;102104;3;2020-05-04;165
2020-05-03;"Žilinský kraj";1;0;0;0;NA;102104;1;2020-05-03;162
2020-05-02;"Žilinský kraj";0;0;0;0;NA;102104;0;2020-05-02;161
2020-05-01;"Žilinský kraj";1;0;0;0;NA;102104;1;2020-05-01;161
2020-04-30;"Žilinský kraj";0;0;0;0;NA;102104;0;2020-04-30;160
2020-04-29;"Žilinský kraj";0;0;0;0;NA;102104;0;2020-04-29;160
2020-04-28;"Žilinský kraj";0;0;0;0;NA;102104;0;2020-04-28;160
2020-04-27;"Žilinský kraj";0;0;0;0;NA;102104;0;2020-04-27;160
2020-04-26;"Žilinský kraj";0;0;0;0;NA;102104;0;2020-04-26;160
2020-04-25;"Žilinský kraj";2;0;0;0;NA;102104;2;2020-04-25;160
2020-04-24;"Žilinský kraj";1;0;0;0;NA;102104;1;2020-04-24;158
2020-04-23;"Žilinský kraj";2;0;0;0;NA;102104;2;2020-04-23;157
2020-04-22;"Žilinský kraj";9;0;0;0;NA;102104;9;2020-04-22;155
2020-04-21;"Žilinský kraj";1;0;0;0;NA;102104;1;2020-04-21;146
2020-04-20;"Žilinský kraj";4;0;0;0;NA;102104;4;2020-04-20;145
2020-04-19;"Žilinský kraj";0;0;0;0;NA;102104;0;2020-04-19;141
2020-04-18;"Žilinský kraj";49;0;0;0;NA;102104;49;2020-04-18;141
2020-04-17;"Žilinský kraj";3;0;0;0;NA;102104;3;2020-04-17;92
2020-04-16;"Žilinský kraj";4;0;0;0;NA;102104;4;2020-04-16;89
2020-04-15;"Žilinský kraj";7;0;0;0;NA;102104;7;2020-04-15;85
2020-04-14;"Žilinský kraj";1;0;0;0;NA;102104;1;2020-04-14;78
2020-04-13;"Žilinský kraj";2;0;0;0;NA;102104;2;2020-04-13;77
2020-04-12;"Žilinský kraj";5;0;0;0;NA;102104;5;2020-04-12;75
2020-04-11;"Žilinský kraj";2;0;0;0;NA;102104;2;2020-04-11;70
2020-04-10;"Žilinský kraj";1;0;0;0;NA;102104;1;2020-04-10;68
2020-04-09;"Žilinský kraj";1;0;0;0;NA;102104;1;2020-04-09;67
2020-04-08;"Žilinský kraj";3;0;0;0;NA;102104;3;2020-04-08;66
2020-04-07;"Žilinský kraj";5;0;0;0;NA;102104;5;2020-04-07;63
2020-04-06;"Žilinský kraj";6;0;0;0;NA;102104;6;2020-04-06;58
2020-04-05;"Žilinský kraj";8;0;0;0;NA;102104;8;2020-04-05;52
2020-04-04;"Žilinský kraj";0;0;0;0;NA;102104;0;2020-04-04;44
2020-04-03;"Žilinský kraj";3;0;0;0;NA;102104;3;2020-04-03;44
2020-04-02;"Žilinský kraj";5;0;0;0;NA;102104;5;2020-04-02;41
2020-04-01;"Žilinský kraj";4;0;0;0;NA;102104;4;2020-04-01;36
2020-03-31;"Žilinský kraj";1;0;0;0;NA;102104;1;2020-03-31;32
2020-03-30;"Žilinský kraj";3;0;0;0;NA;102104;3;2020-03-30;31
2020-03-29;"Žilinský kraj";0;0;0;0;NA;102104;0;2020-03-29;28
2020-03-28;"Žilinský kraj";1;0;0;0;NA;102104;1;2020-03-28;28
2020-03-27;"Žilinský kraj";9;0;0;0;NA;102104;9;2020-03-27;27
2020-03-26;"Žilinský kraj";4;0;0;0;NA;102104;4;2020-03-26;18
2020-03-25;"Žilinský kraj";1;0;0;0;NA;102104;1;2020-03-25;14
2020-03-24;"Žilinský kraj";2;0;0;0;NA;102104;2;2020-03-24;13
2020-03-23;"Žilinský kraj";3;0;0;0;NA;102104;3;2020-03-23;11
2020-03-22;"Žilinský kraj";1;0;0;0;NA;102104;1;2020-03-22;8
2020-03-21;"Žilinský kraj";2;0;0;0;NA;102104;2;2020-03-21;7
2020-03-20;"Žilinský kraj";4;0;0;0;NA;102104;4;2020-03-20;5
2020-03-19;"Žilinský kraj";2;219;0;219;NA;102104;2;2020-03-19;1
2020-03-18;"Žilinský kraj";1;0;0;0;NA;102104;1;2020-03-18;-1
2020-03-17;"Žilinský kraj";5;0;0;0;NA;102104;5;2020-03-17;-2
2020-03-16;"Žilinský kraj";1;0;0;0;NA;102104;1;2020-03-16;-7
2020-03-15;"Žilinský kraj";2;0;0;0;NA;102104;2;2020-03-15;-8
2020-03-14;"Žilinský kraj";1;0;0;0;NA;102104;1;2020-03-14;-10
2020-03-13;"Žilinský kraj";5;0;0;0;NA;102104;5;2020-03-13;-11
2020-03-12;"Žilinský kraj";1;0;0;0;NA;102104;1;2020-03-12;-16
2020-03-11;"Žilinský kraj";0;0;0;0;NA;102104;0;2020-03-11;-17
2020-03-09;"Žilinský kraj";1;0;0;0;NA;102104;1;2020-03-09;-17
2020-03-08;"Žilinský kraj";0;0;0;0;NA;102104;0;2020-03-08;-18
2020-03-07;"Žilinský kraj";0;0;0;0;NA;102104;0;2020-03-07;-18
2020-03-06;"Žilinský kraj";0;0;0;0;NA;102104;0;2020-03-06;-18
