"Datum";"Region";"PCR_Pos";"Ag_Neg";"Ag_Pos";"Total";"Pocet.potvrdenych";"Potvrdenych";"newcases";"date";"positive"
2021-02-15;"Banskobystrický kraj";118;30816;524;31340;26016;50710;642;2021-02-15;50710
2021-02-14;"Banskobystrický kraj";60;14806;127;14933;NA;50710;187;2021-02-14;50068
2021-02-13;"Banskobystrický kraj";202;41968;398;42366;NA;50710;600;2021-02-13;49881
2021-02-12;"Banskobystrický kraj";312;34549;513;35062;NA;50710;825;2021-02-12;49281
2021-02-11;"Banskobystrický kraj";305;21684;388;22072;NA;50710;693;2021-02-11;48456
2021-02-10;"Banskobystrický kraj";333;12982;306;13288;NA;50710;639;2021-02-10;47763
2021-02-09;"Banskobystrický kraj";329;17291;326;17617;NA;50710;655;2021-02-09;47124
2021-02-08;"Banskobystrický kraj";103;40946;589;41535;NA;50710;692;2021-02-08;46469
2021-02-07;"Banskobystrický kraj";70;23531;142;23673;NA;50710;212;2021-02-07;45777
2021-02-06;"Banskobystrický kraj";178;63027;545;63572;NA;50710;723;2021-02-06;45565
2021-02-05;"Banskobystrický kraj";282;23552;358;23910;NA;50710;640;2021-02-05;44842
2021-02-04;"Banskobystrický kraj";240;13170;413;13583;NA;50710;653;2021-02-04;44202
2021-02-03;"Banskobystrický kraj";350;9060;243;9303;NA;50710;593;2021-02-03;43549
2021-02-02;"Banskobystrický kraj";277;14663;319;14982;NA;50710;596;2021-02-02;42956
2021-02-01;"Banskobystrický kraj";75;19072;379;19451;NA;50710;454;2021-02-01;42360
2021-01-31;"Banskobystrický kraj";34;24501;219;24720;NA;50710;253;2021-01-31;41906
2021-01-30;"Banskobystrický kraj";163;45964;379;46343;NA;50710;542;2021-01-30;41653
2021-01-29;"Banskobystrický kraj";130;15194;237;15431;NA;50710;367;2021-01-29;41111
2021-01-28;"Banskobystrický kraj";218;13804;342;14146;NA;50710;560;2021-01-28;40744
2021-01-27;"Banskobystrický kraj";191;10631;197;10828;NA;50710;388;2021-01-27;40184
2021-01-26;"Banskobystrický kraj";238;19673;288;19961;NA;50710;526;2021-01-26;39796
2021-01-25;"Banskobystrický kraj";82;31377;369;31746;NA;50710;451;2021-01-25;39270
2021-01-24;"Banskobystrický kraj";38;29267;239;29506;NA;50710;277;2021-01-24;38819
2021-01-23;"Banskobystrický kraj";142;83491;503;83994;NA;50710;645;2021-01-23;38542
2021-01-22;"Banskobystrický kraj";175;26799;341;27140;NA;50710;516;2021-01-22;37897
2021-01-21;"Banskobystrický kraj";194;15946;203;16149;NA;50710;397;2021-01-21;37381
2021-01-20;"Banskobystrický kraj";231;8860;186;9046;NA;50710;417;2021-01-20;36984
2021-01-19;"Banskobystrický kraj";213;10646;321;10967;NA;50710;534;2021-01-19;36567
2021-01-18;"Banskobystrický kraj";94;5171;277;5448;NA;50710;371;2021-01-18;36033
2021-01-17;"Banskobystrický kraj";110;8150;77;8227;NA;50710;187;2021-01-17;35662
2021-01-16;"Banskobystrický kraj";58;1873;56;1929;NA;50710;114;2021-01-16;35475
2021-01-15;"Banskobystrický kraj";164;6312;203;6515;NA;50710;367;2021-01-15;35361
2021-01-14;"Banskobystrický kraj";220;5443;320;5763;NA;50710;540;2021-01-14;34994
2021-01-13;"Banskobystrický kraj";235;5560;191;5751;NA;50710;426;2021-01-13;34454
2021-01-12;"Banskobystrický kraj";194;6298;287;6585;NA;50710;481;2021-01-12;34028
2021-01-11;"Banskobystrický kraj";76;7034;411;7445;NA;50710;487;2021-01-11;33547
2021-01-10;"Banskobystrický kraj";110;102;4;106;NA;50710;114;2021-01-10;33060
2021-01-09;"Banskobystrický kraj";297;2728;107;2835;NA;50710;404;2021-01-09;32946
2021-01-08;"Banskobystrický kraj";435;8076;383;8459;NA;50710;818;2021-01-08;32542
2021-01-07;"Banskobystrický kraj";127;4037;260;4297;NA;50710;387;2021-01-07;31724
2021-01-06;"Banskobystrický kraj";305;3369;210;3579;NA;50710;515;2021-01-06;31337
2021-01-05;"Banskobystrický kraj";372;6380;480;6860;NA;50710;852;2021-01-05;30822
2021-01-04;"Banskobystrický kraj";130;5762;571;6333;NA;50710;701;2021-01-04;29970
2021-01-03;"Banskobystrický kraj";199;162;13;175;NA;50710;212;2021-01-03;29269
2021-01-02;"Banskobystrický kraj";123;583;83;666;NA;50710;206;2021-01-02;29057
2021-01-01;"Banskobystrický kraj";220;2015;135;2150;NA;50710;355;2021-01-01;28851
2020-12-31;"Banskobystrický kraj";499;6743;719;7462;NA;50710;1218;2020-12-31;28496
2020-12-30;"Banskobystrický kraj";593;7409;550;7959;NA;50710;1143;2020-12-30;27278
2020-12-29;"Banskobystrický kraj";240;7590;738;8328;NA;50710;978;2020-12-29;26135
2020-12-28;"Banskobystrický kraj";131;5575;674;6249;NA;50710;805;2020-12-28;25157
2020-12-27;"Banskobystrický kraj";116;496;25;521;NA;50710;141;2020-12-27;24352
2020-12-26;"Banskobystrický kraj";61;259;32;291;NA;50710;93;2020-12-26;24211
2020-12-25;"Banskobystrický kraj";65;229;6;235;NA;50710;71;2020-12-25;24118
2020-12-24;"Banskobystrický kraj";452;3674;135;3809;NA;50710;587;2020-12-24;24047
2020-12-23;"Banskobystrický kraj";368;9849;507;10356;NA;50710;875;2020-12-23;23460
2020-12-22;"Banskobystrický kraj";307;8300;624;8924;NA;50710;931;2020-12-22;22585
2020-12-21;"Banskobystrický kraj";286;4898;448;5346;NA;50710;734;2020-12-21;21654
2020-12-20;"Banskobystrický kraj";155;99;14;113;NA;50710;169;2020-12-20;20920
2020-12-19;"Banskobystrický kraj";170;2918;135;3053;NA;50710;305;2020-12-19;20751
2020-12-18;"Banskobystrický kraj";432;6454;414;6868;NA;50710;846;2020-12-18;20446
2020-12-17;"Banskobystrický kraj";468;8474;772;9246;NA;50710;1240;2020-12-17;19600
2020-12-16;"Banskobystrický kraj";379;10080;557;10637;NA;50710;936;2020-12-16;18360
2020-12-15;"Banskobystrický kraj";336;5318;430;5748;NA;50710;766;2020-12-15;17424
2020-12-14;"Banskobystrický kraj";148;3733;259;3992;NA;50710;407;2020-12-14;16658
2020-12-13;"Banskobystrický kraj";122;19;1;20;NA;50710;123;2020-12-13;16251
2020-12-12;"Banskobystrický kraj";137;2594;138;2732;NA;50710;275;2020-12-12;16128
2020-12-11;"Banskobystrický kraj";468;6443;374;6817;NA;50710;842;2020-12-11;15853
2020-12-10;"Banskobystrický kraj";280;5027;351;5378;NA;50710;631;2020-12-10;15011
2020-12-09;"Banskobystrický kraj";323;3707;212;3919;NA;50710;535;2020-12-09;14380
2020-12-08;"Banskobystrický kraj";256;3667;276;3943;NA;50710;532;2020-12-08;13845
2020-12-07;"Banskobystrický kraj";175;2006;140;2146;NA;50710;315;2020-12-07;13313
2020-12-06;"Banskobystrický kraj";121;359;9;368;NA;50710;130;2020-12-06;12998
2020-12-05;"Banskobystrický kraj";109;952;33;985;NA;50710;142;2020-12-05;12868
2020-12-04;"Banskobystrický kraj";339;3723;174;3897;NA;50710;513;2020-12-04;12726
2020-12-03;"Banskobystrický kraj";240;2913;227;3140;NA;50710;467;2020-12-03;12213
2020-12-02;"Banskobystrický kraj";217;4292;186;4478;NA;50710;403;2020-12-02;11746
2020-12-01;"Banskobystrický kraj";215;2619;134;2753;NA;50710;349;2020-12-01;11343
2020-11-30;"Banskobystrický kraj";75;3761;226;3987;NA;50710;301;2020-11-30;10994
2020-11-29;"Banskobystrický kraj";19;80;3;83;NA;50710;22;2020-11-29;10693
2020-11-28;"Banskobystrický kraj";81;1279;48;1327;NA;50710;129;2020-11-28;10671
2020-11-27;"Banskobystrický kraj";219;1930;120;2050;NA;50710;339;2020-11-27;10542
2020-11-26;"Banskobystrický kraj";209;1855;91;1946;NA;50710;300;2020-11-26;10203
2020-11-25;"Banskobystrický kraj";170;1760;84;1844;NA;50710;254;2020-11-25;9903
2020-11-24;"Banskobystrický kraj";166;2262;67;2329;NA;50710;233;2020-11-24;9649
2020-11-23;"Banskobystrický kraj";66;9948;191;10139;NA;50710;257;2020-11-23;9416
2020-11-22;"Banskobystrický kraj";38;72;1;73;NA;50710;39;2020-11-22;9159
2020-11-21;"Banskobystrický kraj";52;885;14;899;NA;50710;66;2020-11-21;9120
2020-11-20;"Banskobystrický kraj";127;1872;105;1977;NA;50710;232;2020-11-20;9054
2020-11-19;"Banskobystrický kraj";170;1112;82;1194;NA;50710;252;2020-11-19;8822
2020-11-18;"Banskobystrický kraj";153;587;62;649;NA;50710;215;2020-11-18;8570
2020-11-17;"Banskobystrický kraj";52;578;35;613;NA;50710;87;2020-11-17;8355
2020-11-16;"Banskobystrický kraj";106;351;22;373;NA;50710;128;2020-11-16;8268
2020-11-15;"Banskobystrický kraj";52;64;2;66;NA;50710;54;2020-11-15;8140
2020-11-14;"Banskobystrický kraj";73;305;2;307;NA;50710;75;2020-11-14;8086
2020-11-13;"Banskobystrický kraj";157;552;11;563;NA;50710;168;2020-11-13;8011
2020-11-12;"Banskobystrický kraj";218;952;44;996;NA;50710;262;2020-11-12;7843
2020-11-11;"Banskobystrický kraj";224;437;9;446;NA;50710;233;2020-11-11;7581
2020-11-10;"Banskobystrický kraj";263;463;18;481;NA;50710;281;2020-11-10;7348
2020-11-09;"Banskobystrický kraj";80;2678;31;2709;NA;50710;111;2020-11-09;7067
2020-11-08;"Banskobystrický kraj";82;783;16;799;NA;50710;98;2020-11-08;6956
2020-11-07;"Banskobystrický kraj";164;8828;94;8922;NA;50710;258;2020-11-07;6858
2020-11-06;"Banskobystrický kraj";227;2496;16;2512;NA;50710;243;2020-11-06;6600
2020-11-05;"Banskobystrický kraj";240;263;33;296;NA;50710;273;2020-11-05;6357
2020-11-04;"Banskobystrický kraj";254;1366;13;1379;NA;50710;267;2020-11-04;6084
2020-11-03;"Banskobystrický kraj";246;1332;4;1336;NA;50710;250;2020-11-03;5817
2020-11-02;"Banskobystrický kraj";90;2247;65;2312;NA;50710;155;2020-11-02;5567
2020-11-01;"Banskobystrický kraj";101;2671;42;2713;NA;50710;143;2020-11-01;5412
2020-10-31;"Banskobystrický kraj";198;13516;116;13632;NA;50710;314;2020-10-31;5269
2020-10-30;"Banskobystrický kraj";254;2829;20;2849;NA;50710;274;2020-10-30;4955
2020-10-29;"Banskobystrický kraj";372;969;42;1011;NA;50710;414;2020-10-29;4681
2020-10-28;"Banskobystrický kraj";285;302;30;332;NA;50710;315;2020-10-28;4267
2020-10-27;"Banskobystrický kraj";266;654;40;694;NA;50710;306;2020-10-27;3952
2020-10-26;"Banskobystrický kraj";38;232;29;261;NA;50710;67;2020-10-26;3646
2020-10-25;"Banskobystrický kraj";50;140;11;151;NA;50710;61;2020-10-25;3579
2020-10-24;"Banskobystrický kraj";315;114;12;126;NA;50710;327;2020-10-24;3518
2020-10-23;"Banskobystrický kraj";231;230;29;259;NA;50710;260;2020-10-23;3191
2020-10-22;"Banskobystrický kraj";264;253;24;277;NA;50710;288;2020-10-22;2931
2020-10-21;"Banskobystrický kraj";209;266;3;269;NA;50710;212;2020-10-21;2643
2020-10-20;"Banskobystrický kraj";210;66;3;69;NA;50710;213;2020-10-20;2431
2020-10-19;"Banskobystrický kraj";27;71;12;83;NA;50710;39;2020-10-19;2218
2020-10-18;"Banskobystrický kraj";49;0;0;0;NA;50710;49;2020-10-18;2179
2020-10-17;"Banskobystrický kraj";91;0;0;0;NA;50710;91;2020-10-17;2130
2020-10-16;"Banskobystrický kraj";224;37;3;40;NA;50710;227;2020-10-16;2039
2020-10-15;"Banskobystrický kraj";133;29;1;30;NA;50710;134;2020-10-15;1812
2020-10-14;"Banskobystrický kraj";139;31;1;32;NA;50710;140;2020-10-14;1678
2020-10-13;"Banskobystrický kraj";151;169;11;180;NA;50710;162;2020-10-13;1538
2020-10-12;"Banskobystrický kraj";11;13;0;13;NA;50710;11;2020-10-12;1376
2020-10-11;"Banskobystrický kraj";14;0;0;0;NA;50710;14;2020-10-11;1365
2020-10-10;"Banskobystrický kraj";53;0;0;0;NA;50710;53;2020-10-10;1351
2020-10-09;"Banskobystrický kraj";128;0;0;0;NA;50710;128;2020-10-09;1298
2020-10-08;"Banskobystrický kraj";99;0;0;0;NA;50710;99;2020-10-08;1170
2020-10-07;"Banskobystrický kraj";124;0;0;0;NA;50710;124;2020-10-07;1071
2020-10-06;"Banskobystrický kraj";68;0;0;0;NA;50710;68;2020-10-06;947
2020-10-05;"Banskobystrický kraj";49;0;0;0;NA;50710;49;2020-10-05;879
2020-10-04;"Banskobystrický kraj";8;0;0;0;NA;50710;8;2020-10-04;830
2020-10-03;"Banskobystrický kraj";37;0;0;0;NA;50710;37;2020-10-03;822
2020-10-02;"Banskobystrický kraj";74;0;0;0;NA;50710;74;2020-10-02;785
2020-10-01;"Banskobystrický kraj";49;0;0;0;NA;50710;49;2020-10-01;711
2020-09-30;"Banskobystrický kraj";60;0;0;0;NA;50710;60;2020-09-30;662
2020-09-29;"Banskobystrický kraj";24;0;0;0;NA;50710;24;2020-09-29;602
2020-09-27;"Banskobystrický kraj";20;0;0;0;NA;50710;20;2020-09-27;578
2020-09-26;"Banskobystrický kraj";24;0;0;0;NA;50710;24;2020-09-26;558
2020-09-25;"Banskobystrický kraj";29;0;0;0;NA;50710;29;2020-09-25;534
2020-09-24;"Banskobystrický kraj";25;0;0;0;NA;50710;25;2020-09-24;505
2020-09-23;"Banskobystrický kraj";17;0;0;0;NA;50710;17;2020-09-23;480
2020-09-22;"Banskobystrický kraj";25;0;0;0;NA;50710;25;2020-09-22;463
2020-09-21;"Banskobystrický kraj";3;0;0;0;NA;50710;3;2020-09-21;438
2020-09-19;"Banskobystrický kraj";3;0;0;0;NA;50710;3;2020-09-19;435
2020-09-18;"Banskobystrický kraj";24;0;0;0;NA;50710;24;2020-09-18;432
2020-09-17;"Banskobystrický kraj";14;0;0;0;NA;50710;14;2020-09-17;408
2020-09-16;"Banskobystrický kraj";6;0;0;0;NA;50710;6;2020-09-16;394
2020-09-15;"Banskobystrický kraj";2;0;0;0;NA;50710;2;2020-09-15;388
2020-09-14;"Banskobystrický kraj";13;0;0;0;NA;50710;13;2020-09-14;386
2020-09-13;"Banskobystrický kraj";1;0;0;0;NA;50710;1;2020-09-13;373
2020-09-12;"Banskobystrický kraj";5;0;0;0;NA;50710;5;2020-09-12;372
2020-09-11;"Banskobystrický kraj";19;0;0;0;NA;50710;19;2020-09-11;367
2020-09-10;"Banskobystrický kraj";11;0;0;0;NA;50710;11;2020-09-10;348
2020-09-09;"Banskobystrický kraj";13;0;0;0;NA;50710;13;2020-09-09;337
2020-09-08;"Banskobystrický kraj";5;0;0;0;NA;50710;5;2020-09-08;324
2020-09-07;"Banskobystrický kraj";2;0;0;0;NA;50710;2;2020-09-07;319
2020-09-04;"Banskobystrický kraj";9;0;0;0;NA;50710;9;2020-09-04;317
2020-09-03;"Banskobystrický kraj";5;0;0;0;NA;50710;5;2020-09-03;308
2021-02-15;"Bratislavský kraj";248;25974;255;26229;34191;61624;503;2021-02-15;61624
2021-02-14;"Bratislavský kraj";153;34126;232;34358;NA;61624;385;2021-02-14;61121
2021-02-13;"Bratislavský kraj";173;49862;397;50259;NA;61624;570;2021-02-13;60736
2021-02-12;"Bratislavský kraj";282;28457;250;28707;NA;61624;532;2021-02-12;60166
2021-02-11;"Bratislavský kraj";337;20992;247;21239;NA;61624;584;2021-02-11;59634
2021-02-10;"Bratislavský kraj";314;18682;293;18975;NA;61624;607;2021-02-10;59050
2021-02-09;"Bratislavský kraj";287;30485;367;30852;NA;61624;654;2021-02-09;58443
2021-02-08;"Bratislavský kraj";484;32293;365;32658;NA;61624;849;2021-02-08;57789
2021-02-07;"Bratislavský kraj";243;45993;381;46374;NA;61624;624;2021-02-07;56940
2021-02-06;"Bratislavský kraj";116;55913;461;56374;NA;61624;577;2021-02-06;56316
2021-02-05;"Bratislavský kraj";327;22966;321;23287;NA;61624;648;2021-02-05;55739
2021-02-04;"Bratislavský kraj";555;13936;308;14244;NA;61624;863;2021-02-04;55091
2021-02-03;"Bratislavský kraj";161;11212;284;11496;NA;61624;445;2021-02-03;54228
2021-02-02;"Bratislavský kraj";397;26016;382;26398;NA;61624;779;2021-02-02;53783
2021-02-01;"Bratislavský kraj";221;37524;473;37997;NA;61624;694;2021-02-01;53004
2021-01-31;"Bratislavský kraj";180;32363;373;32736;NA;61624;553;2021-01-31;52310
2021-01-30;"Bratislavský kraj";310;35327;376;35703;NA;61624;686;2021-01-30;51757
2021-01-29;"Bratislavský kraj";82;14562;323;14885;NA;61624;405;2021-01-29;51071
2021-01-28;"Bratislavský kraj";307;10148;289;10437;NA;61624;596;2021-01-28;50666
2021-01-27;"Bratislavský kraj";336;22701;348;23049;NA;61624;684;2021-01-27;50070
2021-01-26;"Bratislavský kraj";297;22244;294;22538;NA;61624;591;2021-01-26;49386
2021-01-25;"Bratislavský kraj";356;24117;270;24387;NA;61624;626;2021-01-25;48795
2021-01-24;"Bratislavský kraj";175;33003;325;33328;NA;61624;500;2021-01-24;48169
2021-01-23;"Bratislavský kraj";396;70462;599;71061;NA;61624;995;2021-01-23;47669
2021-01-22;"Bratislavský kraj";199;39241;341;39582;NA;61624;540;2021-01-22;46674
2021-01-21;"Bratislavský kraj";255;103730;1292;105022;NA;61624;1547;2021-01-21;46134
2021-01-20;"Bratislavský kraj";360;26722;453;27175;NA;61624;813;2021-01-20;44587
2021-01-19;"Bratislavský kraj";375;13352;328;13680;NA;61624;703;2021-01-19;43774
2021-01-18;"Bratislavský kraj";357;11645;706;12351;NA;61624;1063;2021-01-18;43071
2021-01-17;"Bratislavský kraj";244;286;26;312;NA;61624;270;2021-01-17;42008
2021-01-16;"Bratislavský kraj";70;2749;156;2905;NA;61624;226;2021-01-16;41738
2021-01-15;"Bratislavský kraj";251;7632;254;7886;NA;61624;505;2021-01-15;41512
2021-01-14;"Bratislavský kraj";363;8078;273;8351;NA;61624;636;2021-01-14;41007
2021-01-13;"Bratislavský kraj";336;7886;328;8214;NA;61624;664;2021-01-13;40371
2021-01-12;"Bratislavský kraj";450;9435;463;9898;NA;61624;913;2021-01-12;39707
2021-01-11;"Bratislavský kraj";397;18828;376;19204;NA;61624;773;2021-01-11;38794
2021-01-10;"Bratislavský kraj";252;1341;79;1420;NA;61624;331;2021-01-10;38021
2021-01-09;"Bratislavský kraj";351;4946;291;5237;NA;61624;642;2021-01-09;37690
2021-01-08;"Bratislavský kraj";556;8833;425;9258;NA;61624;981;2021-01-08;37048
2021-01-07;"Bratislavský kraj";537;6855;398;7253;NA;61624;935;2021-01-07;36067
2021-01-06;"Bratislavský kraj";271;3018;216;3234;NA;61624;487;2021-01-06;35132
2021-01-05;"Bratislavský kraj";619;11367;832;12199;NA;61624;1451;2021-01-05;34645
2021-01-04;"Bratislavský kraj";601;7142;598;7740;NA;61624;1199;2021-01-04;33194
2021-01-03;"Bratislavský kraj";77;389;41;430;NA;61624;118;2021-01-03;31995
2021-01-02;"Bratislavský kraj";185;370;56;426;NA;61624;241;2021-01-02;31877
2021-01-01;"Bratislavský kraj";235;3143;130;3273;NA;61624;365;2021-01-01;31636
2020-12-31;"Bratislavský kraj";925;13824;590;14414;NA;61624;1515;2020-12-31;31271
2020-12-30;"Bratislavský kraj";650;9195;519;9714;NA;61624;1169;2020-12-30;29756
2020-12-29;"Bratislavský kraj";303;10109;772;10881;NA;61624;1075;2020-12-29;28587
2020-12-28;"Bratislavský kraj";255;7608;559;8167;NA;61624;814;2020-12-28;27512
2020-12-27;"Bratislavský kraj";160;646;76;722;NA;61624;236;2020-12-27;26698
2020-12-26;"Bratislavský kraj";75;416;23;439;NA;61624;98;2020-12-26;26462
2020-12-25;"Bratislavský kraj";114;460;38;498;NA;61624;152;2020-12-25;26364
2020-12-24;"Bratislavský kraj";536;3373;102;3475;NA;61624;638;2020-12-24;26212
2020-12-23;"Bratislavský kraj";416;12814;491;13305;NA;61624;907;2020-12-23;25574
2020-12-22;"Bratislavský kraj";327;14940;762;15702;NA;61624;1089;2020-12-22;24667
2020-12-21;"Bratislavský kraj";392;14755;1998;16753;NA;61624;2390;2020-12-21;23578
2020-12-20;"Bratislavský kraj";180;634;54;688;NA;61624;234;2020-12-20;21188
2020-12-19;"Bratislavský kraj";396;3150;129;3279;NA;61624;525;2020-12-19;20954
2020-12-18;"Bratislavský kraj";306;10477;413;10890;NA;61624;719;2020-12-18;20429
2020-12-17;"Bratislavský kraj";502;9964;403;10367;NA;61624;905;2020-12-17;19710
2020-12-16;"Bratislavský kraj";282;10408;456;10864;NA;61624;738;2020-12-16;18805
2020-12-15;"Bratislavský kraj";423;10682;488;11170;NA;61624;911;2020-12-15;18067
2020-12-14;"Bratislavský kraj";279;6549;306;6855;NA;61624;585;2020-12-14;17156
2020-12-13;"Bratislavský kraj";125;108;7;115;NA;61624;132;2020-12-13;16571
2020-12-12;"Bratislavský kraj";361;3734;157;3891;NA;61624;518;2020-12-12;16439
2020-12-11;"Bratislavský kraj";326;6967;302;7269;NA;61624;628;2020-12-11;15921
2020-12-10;"Bratislavský kraj";286;5088;222;5310;NA;61624;508;2020-12-10;15293
2020-12-09;"Bratislavský kraj";382;4778;188;4966;NA;61624;570;2020-12-09;14785
2020-12-08;"Bratislavský kraj";234;5900;213;6113;NA;61624;447;2020-12-08;14215
2020-12-07;"Bratislavský kraj";272;4345;168;4513;NA;61624;440;2020-12-07;13768
2020-12-06;"Bratislavský kraj";61;1584;52;1636;NA;61624;113;2020-12-06;13328
2020-12-05;"Bratislavský kraj";266;2134;40;2174;NA;61624;306;2020-12-05;13215
2020-12-04;"Bratislavský kraj";200;4511;104;4615;NA;61624;304;2020-12-04;12909
2020-12-03;"Bratislavský kraj";213;5036;102;5138;NA;61624;315;2020-12-03;12605
2020-12-02;"Bratislavský kraj";204;2452;135;2587;NA;61624;339;2020-12-02;12290
2020-12-01;"Bratislavský kraj";255;3305;168;3473;NA;61624;423;2020-12-01;11951
2020-11-30;"Bratislavský kraj";152;2061;123;2184;NA;61624;275;2020-11-30;11528
2020-11-29;"Bratislavský kraj";52;41;21;62;NA;61624;73;2020-11-29;11253
2020-11-28;"Bratislavský kraj";232;1983;21;2004;NA;61624;253;2020-11-28;11180
2020-11-27;"Bratislavský kraj";54;1198;29;1227;NA;61624;83;2020-11-27;10927
2020-11-26;"Bratislavský kraj";129;1114;25;1139;NA;61624;154;2020-11-26;10844
2020-11-25;"Bratislavský kraj";140;1133;31;1164;NA;61624;171;2020-11-25;10690
2020-11-24;"Bratislavský kraj";81;2988;67;3055;NA;61624;148;2020-11-24;10519
2020-11-23;"Bratislavský kraj";67;405;13;418;NA;61624;80;2020-11-23;10371
2020-11-22;"Bratislavský kraj";36;81;7;88;NA;61624;43;2020-11-22;10291
2020-11-21;"Bratislavský kraj";109;2126;47;2173;NA;61624;156;2020-11-21;10248
2020-11-20;"Bratislavský kraj";118;2869;48;2917;NA;61624;166;2020-11-20;10092
2020-11-19;"Bratislavský kraj";173;987;29;1016;NA;61624;202;2020-11-19;9926
2020-11-18;"Bratislavský kraj";118;616;75;691;NA;61624;193;2020-11-18;9724
2020-11-17;"Bratislavský kraj";108;928;23;951;NA;61624;131;2020-11-17;9531
2020-11-16;"Bratislavský kraj";82;651;9;660;NA;61624;91;2020-11-16;9400
2020-11-15;"Bratislavský kraj";47;236;0;236;NA;61624;47;2020-11-15;9309
2020-11-14;"Bratislavský kraj";53;1834;15;1849;NA;61624;68;2020-11-14;9262
2020-11-13;"Bratislavský kraj";94;2096;21;2117;NA;61624;115;2020-11-13;9194
2020-11-12;"Bratislavský kraj";141;1727;6;1733;NA;61624;147;2020-11-12;9079
2020-11-11;"Bratislavský kraj";159;1429;12;1441;NA;61624;171;2020-11-11;8932
2020-11-10;"Bratislavský kraj";136;805;14;819;NA;61624;150;2020-11-10;8761
2020-11-09;"Bratislavský kraj";70;466;1;467;NA;61624;71;2020-11-09;8611
2020-11-08;"Bratislavský kraj";82;869;6;875;NA;61624;88;2020-11-08;8540
2020-11-07;"Bratislavský kraj";88;4039;17;4056;NA;61624;105;2020-11-07;8452
2020-11-06;"Bratislavský kraj";281;6441;25;6466;NA;61624;306;2020-11-06;8347
2020-11-05;"Bratislavský kraj";175;476;11;487;NA;61624;186;2020-11-05;8041
2020-11-04;"Bratislavský kraj";65;411;10;421;NA;61624;75;2020-11-04;7855
2020-11-03;"Bratislavský kraj";251;944;5;949;NA;61624;256;2020-11-03;7780
2020-11-02;"Bratislavský kraj";202;3365;22;3387;NA;61624;224;2020-11-02;7524
2020-11-01;"Bratislavský kraj";227;8694;39;8733;NA;61624;266;2020-11-01;7300
2020-10-31;"Bratislavský kraj";173;22407;123;22530;NA;61624;296;2020-10-31;7034
2020-10-30;"Bratislavský kraj";158;17350;138;17488;NA;61624;296;2020-10-30;6738
2020-10-29;"Bratislavský kraj";262;116;4;120;NA;61624;266;2020-10-29;6442
2020-10-28;"Bratislavský kraj";220;260;15;275;NA;61624;235;2020-10-28;6176
2020-10-27;"Bratislavský kraj";256;145;4;149;NA;61624;260;2020-10-27;5941
2020-10-26;"Bratislavský kraj";123;229;11;240;NA;61624;134;2020-10-26;5681
2020-10-25;"Bratislavský kraj";152;33;2;35;NA;61624;154;2020-10-25;5547
2020-10-24;"Bratislavský kraj";170;221;6;227;NA;61624;176;2020-10-24;5393
2020-10-23;"Bratislavský kraj";151;144;8;152;NA;61624;159;2020-10-23;5217
2020-10-22;"Bratislavský kraj";192;204;15;219;NA;61624;207;2020-10-22;5058
2020-10-21;"Bratislavský kraj";66;90;6;96;NA;61624;72;2020-10-21;4851
2020-10-20;"Bratislavský kraj";183;97;4;101;NA;61624;187;2020-10-20;4779
2020-10-19;"Bratislavský kraj";148;80;3;83;NA;61624;151;2020-10-19;4592
2020-10-18;"Bratislavský kraj";75;92;0;92;NA;61624;75;2020-10-18;4441
2020-10-17;"Bratislavský kraj";136;0;0;0;NA;61624;136;2020-10-17;4366
2020-10-16;"Bratislavský kraj";103;14;1;15;NA;61624;104;2020-10-16;4230
2020-10-15;"Bratislavský kraj";135;6;1;7;NA;61624;136;2020-10-15;4126
2020-10-14;"Bratislavský kraj";127;4;0;4;NA;61624;127;2020-10-14;3990
2020-10-13;"Bratislavský kraj";86;108;8;116;NA;61624;94;2020-10-13;3863
2020-10-12;"Bratislavský kraj";46;0;0;0;NA;61624;46;2020-10-12;3769
2020-10-11;"Bratislavský kraj";80;0;0;0;NA;61624;80;2020-10-11;3723
2020-10-10;"Bratislavský kraj";55;0;0;0;NA;61624;55;2020-10-10;3643
2020-10-09;"Bratislavský kraj";148;0;0;0;NA;61624;148;2020-10-09;3588
2020-10-08;"Bratislavský kraj";100;0;0;0;NA;61624;100;2020-10-08;3440
2020-10-07;"Bratislavský kraj";107;0;0;0;NA;61624;107;2020-10-07;3340
2020-10-06;"Bratislavský kraj";108;0;0;0;NA;61624;108;2020-10-06;3233
2020-10-05;"Bratislavský kraj";30;0;0;0;NA;61624;30;2020-10-05;3125
2020-10-04;"Bratislavský kraj";49;0;0;0;NA;61624;49;2020-10-04;3095
2020-10-03;"Bratislavský kraj";82;0;0;0;NA;61624;82;2020-10-03;3046
2020-10-02;"Bratislavský kraj";101;0;0;0;NA;61624;101;2020-10-02;2964
2020-10-01;"Bratislavský kraj";72;0;0;0;NA;61624;72;2020-10-01;2863
2020-09-30;"Bratislavský kraj";91;0;0;0;NA;61624;91;2020-09-30;2791
2020-09-29;"Bratislavský kraj";74;0;0;0;NA;61624;74;2020-09-29;2700
2020-09-28;"Bratislavský kraj";29;0;0;0;NA;61624;29;2020-09-28;2626
2020-09-27;"Bratislavský kraj";48;0;0;0;NA;61624;48;2020-09-27;2597
2020-09-26;"Bratislavský kraj";86;0;0;0;NA;61624;86;2020-09-26;2549
2020-09-25;"Bratislavský kraj";97;0;0;0;NA;61624;97;2020-09-25;2463
2020-09-24;"Bratislavský kraj";73;0;0;0;NA;61624;73;2020-09-24;2366
2020-09-23;"Bratislavský kraj";55;0;0;0;NA;61624;55;2020-09-23;2293
2020-09-22;"Bratislavský kraj";81;0;0;0;NA;61624;81;2020-09-22;2238
2020-09-21;"Bratislavský kraj";32;0;0;0;NA;61624;32;2020-09-21;2157
2020-09-20;"Bratislavský kraj";25;0;0;0;NA;61624;25;2020-09-20;2125
2020-09-19;"Bratislavský kraj";59;0;0;0;NA;61624;59;2020-09-19;2100
2020-09-18;"Bratislavský kraj";42;0;0;0;NA;61624;42;2020-09-18;2041
2020-09-17;"Bratislavský kraj";52;0;0;0;NA;61624;52;2020-09-17;1999
2020-09-16;"Bratislavský kraj";32;0;0;0;NA;61624;32;2020-09-16;1947
2020-09-15;"Bratislavský kraj";26;0;0;0;NA;61624;26;2020-09-15;1915
2020-09-14;"Bratislavský kraj";24;0;0;0;NA;61624;24;2020-09-14;1889
2020-09-13;"Bratislavský kraj";11;0;0;0;NA;61624;11;2020-09-13;1865
2020-09-12;"Bratislavský kraj";24;0;0;0;NA;61624;24;2020-09-12;1854
2020-09-11;"Bratislavský kraj";50;0;0;0;NA;61624;50;2020-09-11;1830
2020-09-10;"Bratislavský kraj";47;0;0;0;NA;61624;47;2020-09-10;1780
2020-09-09;"Bratislavský kraj";40;0;0;0;NA;61624;40;2020-09-09;1733
2020-09-08;"Bratislavský kraj";58;0;0;0;NA;61624;58;2020-09-08;1693
2020-09-07;"Bratislavský kraj";39;0;0;0;NA;61624;39;2020-09-07;1635
2020-09-06;"Bratislavský kraj";11;0;0;0;NA;61624;11;2020-09-06;1596
2020-09-05;"Bratislavský kraj";37;0;0;0;NA;61624;37;2020-09-05;1585
2020-09-04;"Bratislavský kraj";87;0;0;0;NA;61624;87;2020-09-04;1548
2020-09-03;"Bratislavský kraj";51;0;0;0;NA;61624;51;2020-09-03;1461
2021-02-15;"Košický kraj";216;25317;374;25691;35870;61165;590;2021-02-15;61165
2021-02-14;"Košický kraj";241;57297;551;57848;NA;61165;792;2021-02-14;60575
2021-02-13;"Košický kraj";206;86677;682;87359;NA;61165;888;2021-02-13;59783
2021-02-12;"Košický kraj";448;49382;603;49985;NA;61165;1051;2021-02-12;58895
2021-02-11;"Košický kraj";435;13777;318;14095;NA;61165;753;2021-02-11;57844
2021-02-10;"Košický kraj";360;19115;417;19532;NA;61165;777;2021-02-10;57091
2021-02-09;"Košický kraj";545;38618;712;39330;NA;61165;1257;2021-02-09;56314
2021-02-08;"Košický kraj";237;26466;390;26856;NA;61165;627;2021-02-08;55057
2021-02-07;"Košický kraj";208;54193;564;54757;NA;61165;772;2021-02-07;54430
2021-02-06;"Košický kraj";318;96875;792;97667;NA;61165;1110;2021-02-06;53658
2021-02-05;"Košický kraj";384;40951;481;41432;NA;61165;865;2021-02-05;52548
2021-02-04;"Košický kraj";391;13889;356;14245;NA;61165;747;2021-02-04;51683
2021-02-03;"Košický kraj";296;32297;1098;33395;NA;61165;1394;2021-02-03;50936
2021-02-02;"Košický kraj";473;24559;472;25031;NA;61165;945;2021-02-02;49542
2021-02-01;"Košický kraj";415;18420;304;18724;NA;61165;719;2021-02-01;48597
2021-01-31;"Košický kraj";142;51037;557;51594;NA;61165;699;2021-01-31;47878
2021-01-30;"Košický kraj";320;73875;615;74490;NA;61165;935;2021-01-30;47179
2021-01-29;"Košický kraj";258;36222;412;36634;NA;61165;670;2021-01-29;46244
2021-01-28;"Košický kraj";540;8833;233;9066;NA;61165;773;2021-01-28;45574
2021-01-27;"Košický kraj";265;7245;195;7440;NA;61165;460;2021-01-27;44801
2021-01-26;"Košický kraj";530;13909;240;14149;NA;61165;770;2021-01-26;44341
2021-01-25;"Košický kraj";226;26799;400;27199;NA;61165;626;2021-01-25;43571
2021-01-24;"Košický kraj";150;42381;561;42942;NA;61165;711;2021-01-24;42945
2021-01-23;"Košický kraj";232;78949;801;79750;NA;61165;1033;2021-01-23;42234
2021-01-22;"Košický kraj";316;19935;242;20177;NA;61165;558;2021-01-22;41201
2021-01-21;"Košický kraj";274;13322;158;13480;NA;61165;432;2021-01-21;40643
2021-01-20;"Košický kraj";374;10566;194;10760;NA;61165;568;2021-01-20;40211
2021-01-19;"Košický kraj";248;9364;177;9541;NA;61165;425;2021-01-19;39643
2021-01-18;"Košický kraj";333;12413;730;13143;NA;61165;1063;2021-01-18;39218
2021-01-17;"Košický kraj";155;535;14;549;NA;61165;169;2021-01-17;38155
2021-01-16;"Košický kraj";153;1551;51;1602;NA;61165;204;2021-01-16;37986
2021-01-15;"Košický kraj";308;6252;212;6464;NA;61165;520;2021-01-15;37782
2021-01-14;"Košický kraj";358;5326;211;5537;NA;61165;569;2021-01-14;37262
2021-01-13;"Košický kraj";421;4753;218;4971;NA;61165;639;2021-01-13;36693
2021-01-12;"Košický kraj";482;6574;247;6821;NA;61165;729;2021-01-12;36054
2021-01-11;"Košický kraj";309;7655;291;7946;NA;61165;600;2021-01-11;35325
2021-01-10;"Košický kraj";193;134;6;140;NA;61165;199;2021-01-10;34725
2021-01-09;"Košický kraj";469;1428;66;1494;NA;61165;535;2021-01-09;34526
2021-01-08;"Košický kraj";551;7861;375;8236;NA;61165;926;2021-01-08;33991
2021-01-07;"Košický kraj";251;5925;385;6310;NA;61165;636;2021-01-07;33065
2021-01-06;"Košický kraj";442;595;50;645;NA;61165;492;2021-01-06;32429
2021-01-05;"Košický kraj";584;7680;521;8201;NA;61165;1105;2021-01-05;31937
2021-01-04;"Košický kraj";407;6567;667;7234;NA;61165;1074;2021-01-04;30832
2021-01-03;"Košický kraj";118;661;22;683;NA;61165;140;2021-01-03;29758
2021-01-02;"Košický kraj";88;440;52;492;NA;61165;140;2021-01-02;29618
2021-01-01;"Košický kraj";398;725;49;774;NA;61165;447;2021-01-01;29478
2020-12-31;"Košický kraj";625;7877;461;8338;NA;61165;1086;2020-12-31;29031
2020-12-30;"Košický kraj";590;6477;412;6889;NA;61165;1002;2020-12-30;27945
2020-12-29;"Košický kraj";419;7573;605;8178;NA;61165;1024;2020-12-29;26943
2020-12-28;"Košický kraj";356;8296;804;9100;NA;61165;1160;2020-12-28;25919
2020-12-27;"Košický kraj";159;147;16;163;NA;61165;175;2020-12-27;24759
2020-12-26;"Košický kraj";163;274;23;297;NA;61165;186;2020-12-26;24584
2020-12-25;"Košický kraj";237;140;10;150;NA;61165;247;2020-12-25;24398
2020-12-24;"Košický kraj";564;1470;90;1560;NA;61165;654;2020-12-24;24151
2020-12-23;"Košický kraj";304;7942;354;8296;NA;61165;658;2020-12-23;23497
2020-12-22;"Košický kraj";438;7920;459;8379;NA;61165;897;2020-12-22;22839
2020-12-21;"Košický kraj";405;6984;509;7493;NA;61165;914;2020-12-21;21942
2020-12-20;"Košický kraj";215;48;8;56;NA;61165;223;2020-12-20;21028
2020-12-19;"Košický kraj";207;1148;59;1207;NA;61165;266;2020-12-19;20805
2020-12-18;"Košický kraj";310;8484;326;8810;NA;61165;636;2020-12-18;20539
2020-12-17;"Košický kraj";463;5292;255;5547;NA;61165;718;2020-12-17;19903
2020-12-16;"Košický kraj";455;5898;316;6214;NA;61165;771;2020-12-16;19185
2020-12-15;"Košický kraj";319;5086;338;5424;NA;61165;657;2020-12-15;18414
2020-12-14;"Košický kraj";256;2893;239;3132;NA;61165;495;2020-12-14;17757
2020-12-13;"Košický kraj";47;181;2;183;NA;61165;49;2020-12-13;17262
2020-12-12;"Košický kraj";369;1587;118;1705;NA;61165;487;2020-12-12;17213
2020-12-11;"Košický kraj";355;5461;258;5719;NA;61165;613;2020-12-11;16726
2020-12-10;"Košický kraj";283;4064;176;4240;NA;61165;459;2020-12-10;16113
2020-12-09;"Košický kraj";279;3786;166;3952;NA;61165;445;2020-12-09;15654
2020-12-08;"Košický kraj";226;4105;355;4460;NA;61165;581;2020-12-08;15209
2020-12-07;"Košický kraj";270;2111;103;2214;NA;61165;373;2020-12-07;14628
2020-12-06;"Košický kraj";121;97;20;117;NA;61165;141;2020-12-06;14255
2020-12-05;"Košický kraj";90;1096;48;1144;NA;61165;138;2020-12-05;14114
2020-12-04;"Košický kraj";224;2680;82;2762;NA;61165;306;2020-12-04;13976
2020-12-03;"Košický kraj";211;7717;173;7890;NA;61165;384;2020-12-03;13670
2020-12-02;"Košický kraj";194;3654;124;3778;NA;61165;318;2020-12-02;13286
2020-12-01;"Košický kraj";178;2237;124;2361;NA;61165;302;2020-12-01;12968
2020-11-30;"Košický kraj";171;3754;62;3816;NA;61165;233;2020-11-30;12666
2020-11-29;"Košický kraj";31;287;16;303;NA;61165;47;2020-11-29;12433
2020-11-28;"Košický kraj";69;721;52;773;NA;61165;121;2020-11-28;12386
2020-11-27;"Košický kraj";149;2729;74;2803;NA;61165;223;2020-11-27;12265
2020-11-26;"Košický kraj";239;1090;55;1145;NA;61165;294;2020-11-26;12042
2020-11-25;"Košický kraj";237;1664;122;1786;NA;61165;359;2020-11-25;11748
2020-11-24;"Košický kraj";196;1871;64;1935;NA;61165;260;2020-11-24;11389
2020-11-23;"Košický kraj";51;3737;54;3791;NA;61165;105;2020-11-23;11129
2020-11-22;"Košický kraj";57;28;3;31;NA;61165;60;2020-11-22;11024
2020-11-21;"Košický kraj";87;858;36;894;NA;61165;123;2020-11-21;10964
2020-11-20;"Košický kraj";176;2989;45;3034;NA;61165;221;2020-11-20;10841
2020-11-19;"Košický kraj";206;1648;40;1688;NA;61165;246;2020-11-19;10620
2020-11-18;"Košický kraj";122;443;16;459;NA;61165;138;2020-11-18;10374
2020-11-17;"Košický kraj";152;82;9;91;NA;61165;161;2020-11-17;10236
2020-11-16;"Košický kraj";114;531;24;555;NA;61165;138;2020-11-16;10075
2020-11-15;"Košický kraj";15;338;7;345;NA;61165;22;2020-11-15;9937
2020-11-14;"Košický kraj";234;520;12;532;NA;61165;246;2020-11-14;9915
2020-11-13;"Košický kraj";207;664;29;693;NA;61165;236;2020-11-13;9669
2020-11-12;"Košický kraj";192;736;13;749;NA;61165;205;2020-11-12;9433
2020-11-11;"Košický kraj";301;593;7;600;NA;61165;308;2020-11-11;9228
2020-11-10;"Košický kraj";190;541;11;552;NA;61165;201;2020-11-10;8920
2020-11-09;"Košický kraj";129;380;5;385;NA;61165;134;2020-11-09;8719
2020-11-08;"Košický kraj";78;1298;8;1306;NA;61165;86;2020-11-08;8585
2020-11-07;"Košický kraj";192;3909;22;3931;NA;61165;214;2020-11-07;8499
2020-11-06;"Košický kraj";195;5310;34;5344;NA;61165;229;2020-11-06;8285
2020-11-05;"Košický kraj";342;330;31;361;NA;61165;373;2020-11-05;8056
2020-11-04;"Košický kraj";101;154;6;160;NA;61165;107;2020-11-04;7683
2020-11-03;"Košický kraj";358;1122;13;1135;NA;61165;371;2020-11-03;7576
2020-11-02;"Košický kraj";111;4368;51;4419;NA;61165;162;2020-11-02;7205
2020-11-01;"Košický kraj";346;6522;34;6556;NA;61165;380;2020-11-01;7043
2020-10-31;"Košický kraj";82;13810;105;13915;NA;61165;187;2020-10-31;6663
2020-10-30;"Košický kraj";379;2835;27;2862;NA;61165;406;2020-10-30;6476
2020-10-29;"Košický kraj";333;983;13;996;NA;61165;346;2020-10-29;6070
2020-10-28;"Košický kraj";224;305;13;318;NA;61165;237;2020-10-28;5724
2020-10-27;"Košický kraj";386;439;21;460;NA;61165;407;2020-10-27;5487
2020-10-26;"Košický kraj";56;206;10;216;NA;61165;66;2020-10-26;5080
2020-10-25;"Košický kraj";154;79;2;81;NA;61165;156;2020-10-25;5014
2020-10-24;"Košický kraj";313;113;15;128;NA;61165;328;2020-10-24;4858
2020-10-23;"Košický kraj";315;331;8;339;NA;61165;323;2020-10-23;4530
2020-10-22;"Košický kraj";349;530;16;546;NA;61165;365;2020-10-22;4207
2020-10-21;"Košický kraj";129;84;2;86;NA;61165;131;2020-10-21;3842
2020-10-20;"Košický kraj";181;14;1;15;NA;61165;182;2020-10-20;3711
2020-10-19;"Košický kraj";64;10;0;10;NA;61165;64;2020-10-19;3529
2020-10-18;"Košický kraj";158;0;0;0;NA;61165;158;2020-10-18;3465
2020-10-17;"Košický kraj";142;0;0;0;NA;61165;142;2020-10-17;3307
2020-10-16;"Košický kraj";206;19;0;19;NA;61165;206;2020-10-16;3165
2020-10-15;"Košický kraj";177;19;5;24;NA;61165;182;2020-10-15;2959
2020-10-14;"Košický kraj";211;8;0;8;NA;61165;211;2020-10-14;2777
2020-10-13;"Košický kraj";179;80;3;83;NA;61165;182;2020-10-13;2566
2020-10-12;"Košický kraj";74;0;0;0;NA;61165;74;2020-10-12;2384
2020-10-11;"Košický kraj";121;0;0;0;NA;61165;121;2020-10-11;2310
2020-10-10;"Košický kraj";70;0;0;0;NA;61165;70;2020-10-10;2189
2020-10-09;"Košický kraj";188;0;0;0;NA;61165;188;2020-10-09;2119
2020-10-08;"Košický kraj";102;0;0;0;NA;61165;102;2020-10-08;1931
2020-10-07;"Košický kraj";158;0;0;0;NA;61165;158;2020-10-07;1829
2020-10-06;"Košický kraj";70;0;0;0;NA;61165;70;2020-10-06;1671
2020-10-05;"Košický kraj";39;0;0;0;NA;61165;39;2020-10-05;1601
2020-10-04;"Košický kraj";45;0;0;0;NA;61165;45;2020-10-04;1562
2020-10-03;"Košický kraj";105;0;0;0;NA;61165;105;2020-10-03;1517
2020-10-02;"Košický kraj";57;0;0;0;NA;61165;57;2020-10-02;1412
2020-10-01;"Košický kraj";69;0;0;0;NA;61165;69;2020-10-01;1355
2020-09-30;"Košický kraj";95;0;0;0;NA;61165;95;2020-09-30;1286
2020-09-29;"Košický kraj";75;0;0;0;NA;61165;75;2020-09-29;1191
2020-09-28;"Košický kraj";19;0;0;0;NA;61165;19;2020-09-28;1116
2020-09-27;"Košický kraj";21;0;0;0;NA;61165;21;2020-09-27;1097
2020-09-26;"Košický kraj";53;0;0;0;NA;61165;53;2020-09-26;1076
2020-09-25;"Košický kraj";72;0;0;0;NA;61165;72;2020-09-25;1023
2020-09-24;"Košický kraj";35;0;0;0;NA;61165;35;2020-09-24;951
2020-09-23;"Košický kraj";23;0;0;0;NA;61165;23;2020-09-23;916
2020-09-22;"Košický kraj";39;0;0;0;NA;61165;39;2020-09-22;893
2020-09-21;"Košický kraj";5;0;0;0;NA;61165;5;2020-09-21;854
2020-09-20;"Košický kraj";3;0;0;0;NA;61165;3;2020-09-20;849
2020-09-19;"Košický kraj";13;0;0;0;NA;61165;13;2020-09-19;846
2020-09-18;"Košický kraj";20;0;0;0;NA;61165;20;2020-09-18;833
2020-09-17;"Košický kraj";22;0;0;0;NA;61165;22;2020-09-17;813
2020-09-16;"Košický kraj";12;0;0;0;NA;61165;12;2020-09-16;791
2020-09-15;"Košický kraj";10;0;0;0;NA;61165;10;2020-09-15;779
2020-09-14;"Košický kraj";6;0;0;0;NA;61165;6;2020-09-14;769
2020-09-13;"Košický kraj";3;0;0;0;NA;61165;3;2020-09-13;763
2020-09-12;"Košický kraj";16;0;0;0;NA;61165;16;2020-09-12;760
2020-09-11;"Košický kraj";20;0;0;0;NA;61165;20;2020-09-11;744
2020-09-10;"Košický kraj";11;0;0;0;NA;61165;11;2020-09-10;724
2020-09-09;"Košický kraj";37;0;0;0;NA;61165;37;2020-09-09;713
2020-09-08;"Košický kraj";10;0;0;0;NA;61165;10;2020-09-08;676
2020-09-07;"Košický kraj";4;0;0;0;NA;61165;4;2020-09-07;666
2020-09-06;"Košický kraj";2;0;0;0;NA;61165;2;2020-09-06;662
2020-09-05;"Košický kraj";10;0;0;0;NA;61165;10;2020-09-05;660
2020-09-04;"Košický kraj";14;0;0;0;NA;61165;14;2020-09-04;650
2020-09-03;"Košický kraj";22;0;0;0;NA;61165;22;2020-09-03;636
2021-02-15;"Nitriansky kraj";122;21112;403;21515;32064;72812;525;2021-02-15;72812
2021-02-14;"Nitriansky kraj";8;33199;188;33387;NA;72812;196;2021-02-14;72287
2021-02-13;"Nitriansky kraj";127;90567;496;91063;NA;72812;623;2021-02-13;72091
2021-02-12;"Nitriansky kraj";162;32289;382;32671;NA;72812;544;2021-02-12;71468
2021-02-11;"Nitriansky kraj";195;12357;271;12628;NA;72812;466;2021-02-11;70924
2021-02-10;"Nitriansky kraj";186;17835;644;18479;NA;72812;830;2021-02-10;70458
2021-02-09;"Nitriansky kraj";260;18705;382;19087;NA;72812;642;2021-02-09;69628
2021-02-08;"Nitriansky kraj";177;43552;662;44214;NA;72812;839;2021-02-08;68986
2021-02-07;"Nitriansky kraj";20;47220;444;47664;NA;72812;464;2021-02-07;68147
2021-02-06;"Nitriansky kraj";129;91480;807;92287;NA;72812;936;2021-02-06;67683
2021-02-05;"Nitriansky kraj";244;34033;614;34647;NA;72812;858;2021-02-05;66747
2021-02-04;"Nitriansky kraj";308;15561;494;16055;NA;72812;802;2021-02-04;65889
2021-02-03;"Nitriansky kraj";191;10708;330;11038;NA;72812;521;2021-02-03;65087
2021-02-02;"Nitriansky kraj";327;17168;365;17533;NA;72812;692;2021-02-02;64566
2021-02-01;"Nitriansky kraj";221;24322;448;24770;NA;72812;669;2021-02-01;63874
2021-01-31;"Nitriansky kraj";9;20110;208;20318;NA;72812;217;2021-01-31;63205
2021-01-30;"Nitriansky kraj";152;74603;718;75321;NA;72812;870;2021-01-30;62988
2021-01-29;"Nitriansky kraj";135;23548;475;24023;NA;72812;610;2021-01-29;62118
2021-01-28;"Nitriansky kraj";269;10951;372;11323;NA;72812;641;2021-01-28;61508
2021-01-27;"Nitriansky kraj";235;13314;380;13694;NA;72812;615;2021-01-27;60867
2021-01-26;"Nitriansky kraj";345;17175;461;17636;NA;72812;806;2021-01-26;60252
2021-01-25;"Nitriansky kraj";201;23658;443;24101;NA;72812;644;2021-01-25;59446
2021-01-24;"Nitriansky kraj";12;62629;597;63226;NA;72812;609;2021-01-24;58802
2021-01-23;"Nitriansky kraj";277;102156;1530;103686;NA;72812;1807;2021-01-23;58193
2021-01-22;"Nitriansky kraj";139;34343;585;34928;NA;72812;724;2021-01-22;56386
2021-01-21;"Nitriansky kraj";305;14309;406;14715;NA;72812;711;2021-01-21;55662
2021-01-20;"Nitriansky kraj";326;11510;612;12122;NA;72812;938;2021-01-20;54951
2021-01-19;"Nitriansky kraj";344;10778;623;11401;NA;72812;967;2021-01-19;54013
2021-01-18;"Nitriansky kraj";367;8479;494;8973;NA;72812;861;2021-01-18;53046
2021-01-17;"Nitriansky kraj";97;15061;275;15336;NA;72812;372;2021-01-17;52185
2021-01-16;"Nitriansky kraj";64;36365;654;37019;NA;72812;718;2021-01-16;51813
2021-01-15;"Nitriansky kraj";373;15666;465;16131;NA;72812;838;2021-01-15;51095
2021-01-14;"Nitriansky kraj";627;10268;440;10708;NA;72812;1067;2021-01-14;50257
2021-01-13;"Nitriansky kraj";663;9167;497;9664;NA;72812;1160;2021-01-13;49190
2021-01-12;"Nitriansky kraj";642;8992;574;9566;NA;72812;1216;2021-01-12;48030
2021-01-11;"Nitriansky kraj";422;8175;515;8690;NA;72812;937;2021-01-11;46814
2021-01-10;"Nitriansky kraj";44;19841;730;20571;NA;72812;774;2021-01-10;45877
2021-01-09;"Nitriansky kraj";532;37075;1090;38165;NA;72812;1622;2021-01-09;45103
2021-01-08;"Nitriansky kraj";817;14004;719;14723;NA;72812;1536;2021-01-08;43481
2021-01-07;"Nitriansky kraj";438;10465;784;11249;NA;72812;1222;2021-01-07;41945
2021-01-06;"Nitriansky kraj";259;3347;239;3586;NA;72812;498;2021-01-06;40723
2021-01-05;"Nitriansky kraj";732;8815;1204;10019;NA;72812;1936;2021-01-05;40225
2021-01-04;"Nitriansky kraj";362;8247;1270;9517;NA;72812;1632;2021-01-04;38289
2021-01-03;"Nitriansky kraj";42;84;20;104;NA;72812;62;2021-01-03;36657
2021-01-02;"Nitriansky kraj";249;1090;26;1116;NA;72812;275;2021-01-02;36595
2021-01-01;"Nitriansky kraj";119;671;94;765;NA;72812;213;2021-01-01;36320
2020-12-31;"Nitriansky kraj";786;7646;962;8608;NA;72812;1748;2020-12-31;36107
2020-12-30;"Nitriansky kraj";1094;9430;1160;10590;NA;72812;2254;2020-12-30;34359
2020-12-29;"Nitriansky kraj";607;8175;1286;9461;NA;72812;1893;2020-12-29;32105
2020-12-28;"Nitriansky kraj";83;6881;1271;8152;NA;72812;1354;2020-12-28;30212
2020-12-27;"Nitriansky kraj";22;36;2;38;NA;72812;24;2020-12-27;28858
2020-12-26;"Nitriansky kraj";54;297;56;353;NA;72812;110;2020-12-26;28834
2020-12-25;"Nitriansky kraj";35;47;5;52;NA;72812;40;2020-12-25;28724
2020-12-24;"Nitriansky kraj";514;1861;176;2037;NA;72812;690;2020-12-24;28684
2020-12-23;"Nitriansky kraj";349;15214;843;16057;NA;72812;1192;2020-12-23;27994
2020-12-22;"Nitriansky kraj";673;10915;994;11909;NA;72812;1667;2020-12-22;26802
2020-12-21;"Nitriansky kraj";128;7719;976;8695;NA;72812;1104;2020-12-21;25135
2020-12-20;"Nitriansky kraj";77;50;10;60;NA;72812;87;2020-12-20;24031
2020-12-19;"Nitriansky kraj";262;2259;159;2418;NA;72812;421;2020-12-19;23944
2020-12-18;"Nitriansky kraj";512;8320;551;8871;NA;72812;1063;2020-12-18;23523
2020-12-17;"Nitriansky kraj";586;6705;514;7219;NA;72812;1100;2020-12-17;22460
2020-12-16;"Nitriansky kraj";357;8670;546;9216;NA;72812;903;2020-12-16;21360
2020-12-15;"Nitriansky kraj";461;9365;769;10134;NA;72812;1230;2020-12-15;20457
2020-12-14;"Nitriansky kraj";217;8089;827;8916;NA;72812;1044;2020-12-14;19227
2020-12-13;"Nitriansky kraj";12;9;1;10;NA;72812;13;2020-12-13;18183
2020-12-12;"Nitriansky kraj";341;1832;125;1957;NA;72812;466;2020-12-12;18170
2020-12-11;"Nitriansky kraj";409;6193;465;6658;NA;72812;874;2020-12-11;17704
2020-12-10;"Nitriansky kraj";360;5030;326;5356;NA;72812;686;2020-12-10;16830
2020-12-09;"Nitriansky kraj";362;5726;542;6268;NA;72812;904;2020-12-09;16144
2020-12-08;"Nitriansky kraj";340;8766;611;9377;NA;72812;951;2020-12-08;15240
2020-12-07;"Nitriansky kraj";139;6243;573;6816;NA;72812;712;2020-12-07;14289
2020-12-06;"Nitriansky kraj";15;89;4;93;NA;72812;19;2020-12-06;13577
2020-12-05;"Nitriansky kraj";136;618;14;632;NA;72812;150;2020-12-05;13558
2020-12-04;"Nitriansky kraj";232;3047;86;3133;NA;72812;318;2020-12-04;13408
2020-12-03;"Nitriansky kraj";248;2599;127;2726;NA;72812;375;2020-12-03;13090
2020-12-02;"Nitriansky kraj";252;3733;163;3896;NA;72812;415;2020-12-02;12715
2020-12-01;"Nitriansky kraj";331;2941;133;3074;NA;72812;464;2020-12-01;12300
2020-11-30;"Nitriansky kraj";91;4836;207;5043;NA;72812;298;2020-11-30;11836
2020-11-29;"Nitriansky kraj";3;620;42;662;NA;72812;45;2020-11-29;11538
2020-11-28;"Nitriansky kraj";135;892;31;923;NA;72812;166;2020-11-28;11493
2020-11-27;"Nitriansky kraj";177;1229;43;1272;NA;72812;220;2020-11-27;11327
2020-11-26;"Nitriansky kraj";191;2262;57;2319;NA;72812;248;2020-11-26;11107
2020-11-25;"Nitriansky kraj";325;1993;66;2059;NA;72812;391;2020-11-25;10859
2020-11-24;"Nitriansky kraj";147;1141;50;1191;NA;72812;197;2020-11-24;10468
2020-11-23;"Nitriansky kraj";102;9562;206;9768;NA;72812;308;2020-11-23;10271
2020-11-22;"Nitriansky kraj";7;0;0;0;NA;72812;7;2020-11-22;9963
2020-11-21;"Nitriansky kraj";86;1083;38;1121;NA;72812;124;2020-11-21;9956
2020-11-20;"Nitriansky kraj";264;4020;101;4121;NA;72812;365;2020-11-20;9832
2020-11-19;"Nitriansky kraj";185;2953;133;3086;NA;72812;318;2020-11-19;9467
2020-11-18;"Nitriansky kraj";188;2109;77;2186;NA;72812;265;2020-11-18;9149
2020-11-17;"Nitriansky kraj";178;596;29;625;NA;72812;207;2020-11-17;8884
2020-11-16;"Nitriansky kraj";139;1836;75;1911;NA;72812;214;2020-11-16;8677
2020-11-15;"Nitriansky kraj";14;10;1;11;NA;72812;15;2020-11-15;8463
2020-11-14;"Nitriansky kraj";114;1131;32;1163;NA;72812;146;2020-11-14;8448
2020-11-13;"Nitriansky kraj";210;936;46;982;NA;72812;256;2020-11-13;8302
2020-11-12;"Nitriansky kraj";256;1195;35;1230;NA;72812;291;2020-11-12;8046
2020-11-11;"Nitriansky kraj";279;1247;22;1269;NA;72812;301;2020-11-11;7755
2020-11-10;"Nitriansky kraj";192;2623;39;2662;NA;72812;231;2020-11-10;7454
2020-11-09;"Nitriansky kraj";128;3136;43;3179;NA;72812;171;2020-11-09;7223
2020-11-08;"Nitriansky kraj";43;1462;32;1494;NA;72812;75;2020-11-08;7052
2020-11-07;"Nitriansky kraj";130;1046;4;1050;NA;72812;134;2020-11-07;6977
2020-11-06;"Nitriansky kraj";210;2264;32;2296;NA;72812;242;2020-11-06;6843
2020-11-05;"Nitriansky kraj";178;295;12;307;NA;72812;190;2020-11-05;6601
2020-11-04;"Nitriansky kraj";211;297;16;313;NA;72812;227;2020-11-04;6411
2020-11-03;"Nitriansky kraj";216;435;25;460;NA;72812;241;2020-11-03;6184
2020-11-02;"Nitriansky kraj";171;4208;46;4254;NA;72812;217;2020-11-02;5943
2020-11-01;"Nitriansky kraj";130;2546;27;2573;NA;72812;157;2020-11-01;5726
2020-10-31;"Nitriansky kraj";261;10466;134;10600;NA;72812;395;2020-10-31;5569
2020-10-30;"Nitriansky kraj";204;2380;21;2401;NA;72812;225;2020-10-30;5174
2020-10-29;"Nitriansky kraj";293;841;39;880;NA;72812;332;2020-10-29;4949
2020-10-28;"Nitriansky kraj";216;608;59;667;NA;72812;275;2020-10-28;4617
2020-10-27;"Nitriansky kraj";296;550;47;597;NA;72812;343;2020-10-27;4342
2020-10-26;"Nitriansky kraj";69;633;56;689;NA;72812;125;2020-10-26;3999
2020-10-25;"Nitriansky kraj";50;40;6;46;NA;72812;56;2020-10-25;3874
2020-10-24;"Nitriansky kraj";169;237;11;248;NA;72812;180;2020-10-24;3818
2020-10-23;"Nitriansky kraj";282;762;41;803;NA;72812;323;2020-10-23;3638
2020-10-22;"Nitriansky kraj";137;444;39;483;NA;72812;176;2020-10-22;3315
2020-10-21;"Nitriansky kraj";146;208;3;211;NA;72812;149;2020-10-21;3139
2020-10-20;"Nitriansky kraj";197;78;6;84;NA;72812;203;2020-10-20;2990
2020-10-19;"Nitriansky kraj";148;79;1;80;NA;72812;149;2020-10-19;2787
2020-10-18;"Nitriansky kraj";22;0;0;0;NA;72812;22;2020-10-18;2638
2020-10-17;"Nitriansky kraj";67;0;0;0;NA;72812;67;2020-10-17;2616
2020-10-16;"Nitriansky kraj";133;28;3;31;NA;72812;136;2020-10-16;2549
2020-10-15;"Nitriansky kraj";106;31;2;33;NA;72812;108;2020-10-15;2413
2020-10-14;"Nitriansky kraj";80;22;4;26;NA;72812;84;2020-10-14;2305
2020-10-13;"Nitriansky kraj";101;82;2;84;NA;72812;103;2020-10-13;2221
2020-10-12;"Nitriansky kraj";36;0;0;0;NA;72812;36;2020-10-12;2118
2020-10-11;"Nitriansky kraj";8;0;0;0;NA;72812;8;2020-10-11;2082
2020-10-10;"Nitriansky kraj";107;0;0;0;NA;72812;107;2020-10-10;2074
2020-10-09;"Nitriansky kraj";120;0;0;0;NA;72812;120;2020-10-09;1967
2020-10-08;"Nitriansky kraj";132;0;0;0;NA;72812;132;2020-10-08;1847
2020-10-07;"Nitriansky kraj";81;0;0;0;NA;72812;81;2020-10-07;1715
2020-10-06;"Nitriansky kraj";48;0;0;0;NA;72812;48;2020-10-06;1634
2020-10-05;"Nitriansky kraj";20;0;0;0;NA;72812;20;2020-10-05;1586
2020-10-04;"Nitriansky kraj";17;0;0;0;NA;72812;17;2020-10-04;1566
2020-10-03;"Nitriansky kraj";96;0;0;0;NA;72812;96;2020-10-03;1549
2020-10-02;"Nitriansky kraj";108;0;0;0;NA;72812;108;2020-10-02;1453
2020-10-01;"Nitriansky kraj";95;0;0;0;NA;72812;95;2020-10-01;1345
2020-09-30;"Nitriansky kraj";100;0;0;0;NA;72812;100;2020-09-30;1250
2020-09-29;"Nitriansky kraj";50;0;0;0;NA;72812;50;2020-09-29;1150
2020-09-28;"Nitriansky kraj";22;0;0;0;NA;72812;22;2020-09-28;1100
2020-09-27;"Nitriansky kraj";16;0;0;0;NA;72812;16;2020-09-27;1078
2020-09-26;"Nitriansky kraj";64;0;0;0;NA;72812;64;2020-09-26;1062
2020-09-25;"Nitriansky kraj";90;0;0;0;NA;72812;90;2020-09-25;998
2020-09-24;"Nitriansky kraj";51;0;0;0;NA;72812;51;2020-09-24;908
2020-09-23;"Nitriansky kraj";70;0;0;0;NA;72812;70;2020-09-23;857
2020-09-22;"Nitriansky kraj";18;0;0;0;NA;72812;18;2020-09-22;787
2020-09-21;"Nitriansky kraj";10;0;0;0;NA;72812;10;2020-09-21;769
2020-09-20;"Nitriansky kraj";4;0;0;0;NA;72812;4;2020-09-20;759
2020-09-19;"Nitriansky kraj";14;0;0;0;NA;72812;14;2020-09-19;755
2020-09-18;"Nitriansky kraj";19;0;0;0;NA;72812;19;2020-09-18;741
2020-09-17;"Nitriansky kraj";30;0;0;0;NA;72812;30;2020-09-17;722
2020-09-16;"Nitriansky kraj";6;0;0;0;NA;72812;6;2020-09-16;692
2020-09-15;"Nitriansky kraj";19;0;0;0;NA;72812;19;2020-09-15;686
2020-09-14;"Nitriansky kraj";28;0;0;0;NA;72812;28;2020-09-14;667
2020-09-13;"Nitriansky kraj";3;0;0;0;NA;72812;3;2020-09-13;639
2020-09-12;"Nitriansky kraj";12;0;0;0;NA;72812;12;2020-09-12;636
2020-09-11;"Nitriansky kraj";23;0;0;0;NA;72812;23;2020-09-11;624
2020-09-10;"Nitriansky kraj";29;0;0;0;NA;72812;29;2020-09-10;601
2020-09-09;"Nitriansky kraj";19;0;0;0;NA;72812;19;2020-09-09;572
2020-09-08;"Nitriansky kraj";17;0;0;0;NA;72812;17;2020-09-08;553
2020-09-07;"Nitriansky kraj";17;0;0;0;NA;72812;17;2020-09-07;536
2020-09-05;"Nitriansky kraj";22;0;0;0;NA;72812;22;2020-09-05;519
2020-09-04;"Nitriansky kraj";34;0;0;0;NA;72812;34;2020-09-04;497
2020-09-03;"Nitriansky kraj";15;0;0;0;NA;72812;15;2020-09-03;463
2021-02-15;"Prešovský kraj";211;26844;253;27097;41483;71748;464;2021-02-15;71748
2021-02-14;"Prešovský kraj";27;30223;258;30481;NA;71748;285;2021-02-14;71284
2021-02-13;"Prešovský kraj";157;68817;356;69173;NA;71748;513;2021-02-13;70999
2021-02-12;"Prešovský kraj";308;35604;330;35934;NA;71748;638;2021-02-12;70486
2021-02-11;"Prešovský kraj";218;13615;206;13821;NA;71748;424;2021-02-11;69848
2021-02-10;"Prešovský kraj";220;16372;241;16613;NA;71748;461;2021-02-10;69424
2021-02-09;"Prešovský kraj";323;19225;338;19563;NA;71748;661;2021-02-09;68963
2021-02-08;"Prešovský kraj";161;36330;234;36564;NA;71748;395;2021-02-08;68302
2021-02-07;"Prešovský kraj";21;22259;150;22409;NA;71748;171;2021-02-07;67907
2021-02-06;"Prešovský kraj";176;66236;348;66584;NA;71748;524;2021-02-06;67736
2021-02-05;"Prešovský kraj";177;27455;238;27693;NA;71748;415;2021-02-05;67212
2021-02-04;"Prešovský kraj";176;11939;218;12157;NA;71748;394;2021-02-04;66797
2021-02-03;"Prešovský kraj";251;7462;200;7662;NA;71748;451;2021-02-03;66403
2021-02-02;"Prešovský kraj";249;11504;274;11778;NA;71748;523;2021-02-02;65952
2021-02-01;"Prešovský kraj";220;15195;271;15466;NA;71748;491;2021-02-01;65429
2021-01-31;"Prešovský kraj";42;1623;38;1661;NA;71748;80;2021-01-31;64938
2021-01-30;"Prešovský kraj";142;23689;212;23901;NA;71748;354;2021-01-30;64858
2021-01-29;"Prešovský kraj";88;15544;266;15810;NA;71748;354;2021-01-29;64504
2021-01-28;"Prešovský kraj";311;8207;137;8344;NA;71748;448;2021-01-28;64150
2021-01-27;"Prešovský kraj";153;9151;134;9285;NA;71748;287;2021-01-27;63702
2021-01-26;"Prešovský kraj";252;15960;141;16101;NA;71748;393;2021-01-26;63415
2021-01-25;"Prešovský kraj";196;27636;236;27872;NA;71748;432;2021-01-25;63022
2021-01-24;"Prešovský kraj";12;52958;386;53344;NA;71748;398;2021-01-24;62590
2021-01-23;"Prešovský kraj";189;89295;433;89728;NA;71748;622;2021-01-23;62192
2021-01-22;"Prešovský kraj";187;33048;249;33297;NA;71748;436;2021-01-22;61570
2021-01-21;"Prešovský kraj";187;18674;195;18869;NA;71748;382;2021-01-21;61134
2021-01-20;"Prešovský kraj";253;13031;169;13200;NA;71748;422;2021-01-20;60752
2021-01-19;"Prešovský kraj";281;11004;290;11294;NA;71748;571;2021-01-19;60330
2021-01-18;"Prešovský kraj";203;9455;309;9764;NA;71748;512;2021-01-18;59759
2021-01-17;"Prešovský kraj";107;14393;1008;15401;NA;71748;1115;2021-01-17;59247
2021-01-16;"Prešovský kraj";72;1583;76;1659;NA;71748;148;2021-01-16;58132
2021-01-15;"Prešovský kraj";159;6322;209;6531;NA;71748;368;2021-01-15;57984
2021-01-14;"Prešovský kraj";268;5250;238;5488;NA;71748;506;2021-01-14;57616
2021-01-13;"Prešovský kraj";342;5294;208;5502;NA;71748;550;2021-01-13;57110
2021-01-12;"Prešovský kraj";455;8099;370;8469;NA;71748;825;2021-01-12;56560
2021-01-11;"Prešovský kraj";343;7208;435;7643;NA;71748;778;2021-01-11;55735
2021-01-10;"Prešovský kraj";63;476;23;499;NA;71748;86;2021-01-10;54957
2021-01-09;"Prešovský kraj";439;2248;125;2373;NA;71748;564;2021-01-09;54871
2021-01-08;"Prešovský kraj";430;10074;517;10591;NA;71748;947;2021-01-08;54307
2021-01-07;"Prešovský kraj";268;7387;621;8008;NA;71748;889;2021-01-07;53360
2021-01-06;"Prešovský kraj";315;1259;101;1360;NA;71748;416;2021-01-06;52471
2021-01-05;"Prešovský kraj";655;11094;947;12041;NA;71748;1602;2021-01-05;52055
2021-01-04;"Prešovský kraj";371;16400;1688;18088;NA;71748;2059;2021-01-04;50453
2021-01-03;"Prešovský kraj";89;257;37;294;NA;71748;126;2021-01-03;48394
2021-01-02;"Prešovský kraj";65;1559;160;1719;NA;71748;225;2021-01-02;48268
2021-01-01;"Prešovský kraj";174;914;70;984;NA;71748;244;2021-01-01;48043
2020-12-31;"Prešovský kraj";640;11485;709;12194;NA;71748;1349;2020-12-31;47799
2020-12-30;"Prešovský kraj";729;8300;715;9015;NA;71748;1444;2020-12-30;46450
2020-12-29;"Prešovský kraj";435;8286;863;9149;NA;71748;1298;2020-12-29;45006
2020-12-28;"Prešovský kraj";393;8292;1020;9312;NA;71748;1413;2020-12-28;43708
2020-12-27;"Prešovský kraj";40;571;39;610;NA;71748;79;2020-12-27;42295
2020-12-26;"Prešovský kraj";64;176;12;188;NA;71748;76;2020-12-26;42216
2020-12-25;"Prešovský kraj";208;273;13;286;NA;71748;221;2020-12-25;42140
2020-12-24;"Prešovský kraj";452;1214;85;1299;NA;71748;537;2020-12-24;41919
2020-12-23;"Prešovský kraj";361;10434;576;11010;NA;71748;937;2020-12-23;41382
2020-12-22;"Prešovský kraj";439;8805;666;9471;NA;71748;1105;2020-12-22;40445
2020-12-21;"Prešovský kraj";432;9396;820;10216;NA;71748;1252;2020-12-21;39340
2020-12-20;"Prešovský kraj";184;396;20;416;NA;71748;204;2020-12-20;38088
2020-12-19;"Prešovský kraj";276;1658;151;1809;NA;71748;427;2020-12-19;37884
2020-12-18;"Prešovský kraj";396;8850;599;9449;NA;71748;995;2020-12-18;37457
2020-12-17;"Prešovský kraj";427;10826;891;11717;NA;71748;1318;2020-12-17;36462
2020-12-16;"Prešovský kraj";466;6017;508;6525;NA;71748;974;2020-12-16;35144
2020-12-15;"Prešovský kraj";411;5685;584;6269;NA;71748;995;2020-12-15;34170
2020-12-14;"Prešovský kraj";334;5767;508;6275;NA;71748;842;2020-12-14;33175
2020-12-13;"Prešovský kraj";89;29;8;37;NA;71748;97;2020-12-13;32333
2020-12-12;"Prešovský kraj";319;2474;166;2640;NA;71748;485;2020-12-12;32236
2020-12-11;"Prešovský kraj";560;6042;418;6460;NA;71748;978;2020-12-11;31751
2020-12-10;"Prešovský kraj";337;5180;440;5620;NA;71748;777;2020-12-10;30773
2020-12-09;"Prešovský kraj";358;3646;270;3916;NA;71748;628;2020-12-09;29996
2020-12-08;"Prešovský kraj";350;6436;647;7083;NA;71748;997;2020-12-08;29368
2020-12-07;"Prešovský kraj";309;3700;281;3981;NA;71748;590;2020-12-07;28371
2020-12-06;"Prešovský kraj";59;358;26;384;NA;71748;85;2020-12-06;27781
2020-12-05;"Prešovský kraj";218;984;87;1071;NA;71748;305;2020-12-05;27696
2020-12-04;"Prešovský kraj";352;4471;281;4752;NA;71748;633;2020-12-04;27391
2020-12-03;"Prešovský kraj";284;2900;202;3102;NA;71748;486;2020-12-03;26758
2020-12-02;"Prešovský kraj";232;3251;235;3486;NA;71748;467;2020-12-02;26272
2020-12-01;"Prešovský kraj";281;2341;213;2554;NA;71748;494;2020-12-01;25805
2020-11-30;"Prešovský kraj";196;5821;110;5931;NA;71748;306;2020-11-30;25311
2020-11-29;"Prešovský kraj";27;379;42;421;NA;71748;69;2020-11-29;25005
2020-11-28;"Prešovský kraj";199;682;62;744;NA;71748;261;2020-11-28;24936
2020-11-27;"Prešovský kraj";232;2135;119;2254;NA;71748;351;2020-11-27;24675
2020-11-26;"Prešovský kraj";263;2787;312;3099;NA;71748;575;2020-11-26;24324
2020-11-25;"Prešovský kraj";302;1642;78;1720;NA;71748;380;2020-11-25;23749
2020-11-24;"Prešovský kraj";365;1662;140;1802;NA;71748;505;2020-11-24;23369
2020-11-23;"Prešovský kraj";164;842;42;884;NA;71748;206;2020-11-23;22864
2020-11-22;"Prešovský kraj";46;30;1;31;NA;71748;47;2020-11-22;22658
2020-11-21;"Prešovský kraj";205;689;57;746;NA;71748;262;2020-11-21;22611
2020-11-20;"Prešovský kraj";363;2063;98;2161;NA;71748;461;2020-11-20;22349
2020-11-19;"Prešovský kraj";359;1973;229;2202;NA;71748;588;2020-11-19;21888
2020-11-18;"Prešovský kraj";270;373;32;405;NA;71748;302;2020-11-18;21300
2020-11-17;"Prešovský kraj";347;151;17;168;NA;71748;364;2020-11-17;20998
2020-11-16;"Prešovský kraj";226;382;51;433;NA;71748;277;2020-11-16;20634
2020-11-15;"Prešovský kraj";186;39;4;43;NA;71748;190;2020-11-15;20357
2020-11-14;"Prešovský kraj";261;54;4;58;NA;71748;265;2020-11-14;20167
2020-11-13;"Prešovský kraj";395;166;8;174;NA;71748;403;2020-11-13;19902
2020-11-12;"Prešovský kraj";397;229;50;279;NA;71748;447;2020-11-12;19499
2020-11-11;"Prešovský kraj";516;161;15;176;NA;71748;531;2020-11-11;19052
2020-11-10;"Prešovský kraj";437;197;9;206;NA;71748;446;2020-11-10;18521
2020-11-09;"Prešovský kraj";190;4106;945;5051;NA;71748;1135;2020-11-09;18075
2020-11-08;"Prešovský kraj";97;2817;32;2849;NA;71748;129;2020-11-08;16940
2020-11-07;"Prešovský kraj";416;8578;81;8659;NA;71748;497;2020-11-07;16811
2020-11-06;"Prešovský kraj";520;4791;76;4867;NA;71748;596;2020-11-06;16314
2020-11-05;"Prešovský kraj";397;180;5;185;NA;71748;402;2020-11-05;15718
2020-11-04;"Prešovský kraj";350;807;8;815;NA;71748;358;2020-11-04;15316
2020-11-03;"Prešovský kraj";565;98;12;110;NA;71748;577;2020-11-03;14958
2020-11-02;"Prešovský kraj";203;4158;1004;5162;NA;71748;1207;2020-11-02;14381
2020-11-01;"Prešovský kraj";386;2906;53;2959;NA;71748;439;2020-11-01;13174
2020-10-31;"Prešovský kraj";315;10497;170;10667;NA;71748;485;2020-10-31;12735
2020-10-30;"Prešovský kraj";552;2949;65;3014;NA;71748;617;2020-10-30;12250
2020-10-29;"Prešovský kraj";594;301;38;339;NA;71748;632;2020-10-29;11633
2020-10-28;"Prešovský kraj";617;291;46;337;NA;71748;663;2020-10-28;11001
2020-10-27;"Prešovský kraj";656;268;34;302;NA;71748;690;2020-10-27;10338
2020-10-26;"Prešovský kraj";137;363;57;420;NA;71748;194;2020-10-26;9648
2020-10-25;"Prešovský kraj";237;346;11;357;NA;71748;248;2020-10-25;9454
2020-10-24;"Prešovský kraj";719;200;12;212;NA;71748;731;2020-10-24;9206
2020-10-23;"Prešovský kraj";750;218;8;226;NA;71748;758;2020-10-23;8475
2020-10-22;"Prešovský kraj";646;396;30;426;NA;71748;676;2020-10-22;7717
2020-10-21;"Prešovský kraj";383;58;8;66;NA;71748;391;2020-10-21;7041
2020-10-20;"Prešovský kraj";493;65;7;72;NA;71748;500;2020-10-20;6650
2020-10-19;"Prešovský kraj";140;235;15;250;NA;71748;155;2020-10-19;6150
2020-10-18;"Prešovský kraj";209;0;0;0;NA;71748;209;2020-10-18;5995
2020-10-17;"Prešovský kraj";342;0;0;0;NA;71748;342;2020-10-17;5786
2020-10-16;"Prešovský kraj";388;57;3;60;NA;71748;391;2020-10-16;5444
2020-10-15;"Prešovský kraj";435;85;18;103;NA;71748;453;2020-10-15;5053
2020-10-14;"Prešovský kraj";451;54;10;64;NA;71748;461;2020-10-14;4600
2020-10-13;"Prešovský kraj";264;50;6;56;NA;71748;270;2020-10-13;4139
2020-10-12;"Prešovský kraj";214;334;35;369;NA;71748;249;2020-10-12;3869
2020-10-11;"Prešovský kraj";127;0;0;0;NA;71748;127;2020-10-11;3620
2020-10-10;"Prešovský kraj";248;0;0;0;NA;71748;248;2020-10-10;3493
2020-10-09;"Prešovský kraj";406;0;0;0;NA;71748;406;2020-10-09;3245
2020-10-08;"Prešovský kraj";245;0;0;0;NA;71748;245;2020-10-08;2839
2020-10-07;"Prešovský kraj";244;0;0;0;NA;71748;244;2020-10-07;2594
2020-10-06;"Prešovský kraj";166;0;0;0;NA;71748;166;2020-10-06;2350
2020-10-05;"Prešovský kraj";84;0;0;0;NA;71748;84;2020-10-05;2184
2020-10-04;"Prešovský kraj";118;0;0;0;NA;71748;118;2020-10-04;2100
2020-10-03;"Prešovský kraj";204;0;0;0;NA;71748;204;2020-10-03;1982
2020-10-02;"Prešovský kraj";149;0;0;0;NA;71748;149;2020-10-02;1778
2020-10-01;"Prešovský kraj";136;0;0;0;NA;71748;136;2020-10-01;1629
2020-09-30;"Prešovský kraj";121;0;0;0;NA;71748;121;2020-09-30;1493
2020-09-29;"Prešovský kraj";156;0;0;0;NA;71748;156;2020-09-29;1372
2020-09-28;"Prešovský kraj";51;0;0;0;NA;71748;51;2020-09-28;1216
2020-09-27;"Prešovský kraj";10;0;0;0;NA;71748;10;2020-09-27;1165
2020-09-26;"Prešovský kraj";72;0;0;0;NA;71748;72;2020-09-26;1155
2020-09-25;"Prešovský kraj";91;0;0;0;NA;71748;91;2020-09-25;1083
2020-09-24;"Prešovský kraj";52;0;0;0;NA;71748;52;2020-09-24;992
2020-09-23;"Prešovský kraj";55;0;0;0;NA;71748;55;2020-09-23;940
2020-09-22;"Prešovský kraj";29;0;0;0;NA;71748;29;2020-09-22;885
2020-09-21;"Prešovský kraj";14;0;0;0;NA;71748;14;2020-09-21;856
2020-09-20;"Prešovský kraj";5;0;0;0;NA;71748;5;2020-09-20;842
2020-09-19;"Prešovský kraj";12;0;0;0;NA;71748;12;2020-09-19;837
2020-09-18;"Prešovský kraj";29;0;0;0;NA;71748;29;2020-09-18;825
2020-09-17;"Prešovský kraj";25;0;0;0;NA;71748;25;2020-09-17;796
2020-09-16;"Prešovský kraj";8;0;0;0;NA;71748;8;2020-09-16;771
2020-09-15;"Prešovský kraj";10;0;0;0;NA;71748;10;2020-09-15;763
2020-09-14;"Prešovský kraj";47;0;0;0;NA;71748;47;2020-09-14;753
2020-09-13;"Prešovský kraj";3;0;0;0;NA;71748;3;2020-09-13;706
2020-09-12;"Prešovský kraj";4;0;0;0;NA;71748;4;2020-09-12;703
2020-09-11;"Prešovský kraj";15;0;0;0;NA;71748;15;2020-09-11;699
2020-09-10;"Prešovský kraj";10;0;0;0;NA;71748;10;2020-09-10;684
2020-09-09;"Prešovský kraj";21;0;0;0;NA;71748;21;2020-09-09;674
2020-09-08;"Prešovský kraj";23;0;0;0;NA;71748;23;2020-09-08;653
2020-09-07;"Prešovský kraj";5;0;0;0;NA;71748;5;2020-09-07;630
2020-09-06;"Prešovský kraj";3;0;0;0;NA;71748;3;2020-09-06;625
2020-09-05;"Prešovský kraj";7;0;0;0;NA;71748;7;2020-09-05;622
2020-09-04;"Prešovský kraj";24;0;0;0;NA;71748;24;2020-09-04;615
2020-09-03;"Prešovský kraj";8;0;0;0;NA;71748;8;2020-09-03;591
2021-02-15;"Trenčiansky kraj";151;16939;372;17311;37389;65797;523;2021-02-15;65797
2021-02-14;"Trenčiansky kraj";2;5594;53;5647;NA;65797;55;2021-02-14;65274
2021-02-13;"Trenčiansky kraj";274;52005;474;52479;NA;65797;748;2021-02-13;65219
2021-02-12;"Trenčiansky kraj";276;25855;389;26244;NA;65797;665;2021-02-12;64471
2021-02-11;"Trenčiansky kraj";291;11042;316;11358;NA;65797;607;2021-02-11;63806
2021-02-10;"Trenčiansky kraj";304;11243;313;11556;NA;65797;617;2021-02-10;63199
2021-02-09;"Trenčiansky kraj";514;21505;379;21884;NA;65797;893;2021-02-09;62582
2021-02-08;"Trenčiansky kraj";182;28337;414;28751;NA;65797;596;2021-02-08;61689
2021-02-07;"Trenčiansky kraj";31;25706;262;25968;NA;65797;293;2021-02-07;61093
2021-02-06;"Trenčiansky kraj";216;63275;580;63855;NA;65797;796;2021-02-06;60800
2021-02-05;"Trenčiansky kraj";202;17008;364;17372;NA;65797;566;2021-02-05;60004
2021-02-04;"Trenčiansky kraj";266;6891;293;7184;NA;65797;559;2021-02-04;59438
2021-02-03;"Trenčiansky kraj";162;8981;345;9326;NA;65797;507;2021-02-03;58879
2021-02-02;"Trenčiansky kraj";347;8075;385;8460;NA;65797;732;2021-02-02;58372
2021-02-01;"Trenčiansky kraj";167;18227;318;18545;NA;65797;485;2021-02-01;57640
2021-01-31;"Trenčiansky kraj";7;15791;135;15926;NA;65797;142;2021-01-31;57155
2021-01-30;"Trenčiansky kraj";228;37045;355;37400;NA;65797;583;2021-01-30;57013
2021-01-29;"Trenčiansky kraj";72;7147;204;7351;NA;65797;276;2021-01-29;56430
2021-01-28;"Trenčiansky kraj";307;5431;161;5592;NA;65797;468;2021-01-28;56154
2021-01-27;"Trenčiansky kraj";166;11735;203;11938;NA;65797;369;2021-01-27;55686
2021-01-26;"Trenčiansky kraj";303;14287;237;14524;NA;65797;540;2021-01-26;55317
2021-01-25;"Trenčiansky kraj";160;34063;366;34429;NA;65797;526;2021-01-25;54777
2021-01-24;"Trenčiansky kraj";51;27365;181;27546;NA;65797;232;2021-01-24;54251
2021-01-23;"Trenčiansky kraj";206;110039;709;110748;NA;65797;915;2021-01-23;54019
2021-01-22;"Trenčiansky kraj";148;13948;174;14122;NA;65797;322;2021-01-22;53104
2021-01-21;"Trenčiansky kraj";143;8835;190;9025;NA;65797;333;2021-01-21;52782
2021-01-20;"Trenčiansky kraj";181;7684;236;7920;NA;65797;417;2021-01-20;52449
2021-01-19;"Trenčiansky kraj";363;6462;275;6737;NA;65797;638;2021-01-19;52032
2021-01-18;"Trenčiansky kraj";72;4488;257;4745;NA;65797;329;2021-01-18;51394
2021-01-17;"Trenčiansky kraj";124;93;11;104;NA;65797;135;2021-01-17;51065
2021-01-16;"Trenčiansky kraj";39;793;62;855;NA;65797;101;2021-01-16;50930
2021-01-15;"Trenčiansky kraj";264;3777;217;3994;NA;65797;481;2021-01-15;50829
2021-01-14;"Trenčiansky kraj";275;2991;153;3144;NA;65797;428;2021-01-14;50348
2021-01-13;"Trenčiansky kraj";222;4064;236;4300;NA;65797;458;2021-01-13;49920
2021-01-12;"Trenčiansky kraj";508;4790;293;5083;NA;65797;801;2021-01-12;49462
2021-01-11;"Trenčiansky kraj";142;3885;294;4179;NA;65797;436;2021-01-11;48661
2021-01-10;"Trenčiansky kraj";89;4939;76;5015;NA;65797;165;2021-01-10;48225
2021-01-09;"Trenčiansky kraj";276;7973;121;8094;NA;65797;397;2021-01-09;48060
2021-01-08;"Trenčiansky kraj";489;6411;467;6878;NA;65797;956;2021-01-08;47663
2021-01-07;"Trenčiansky kraj";420;5719;503;6222;NA;65797;923;2021-01-07;46707
2021-01-06;"Trenčiansky kraj";221;1021;64;1085;NA;65797;285;2021-01-06;45784
2021-01-05;"Trenčiansky kraj";669;5985;800;6785;NA;65797;1469;2021-01-05;45499
2021-01-04;"Trenčiansky kraj";337;4697;704;5401;NA;65797;1041;2021-01-04;44030
2021-01-03;"Trenčiansky kraj";38;60;13;73;NA;65797;51;2021-01-03;42989
2021-01-02;"Trenčiansky kraj";129;140;23;163;NA;65797;152;2021-01-02;42938
2021-01-01;"Trenčiansky kraj";329;347;23;370;NA;65797;352;2021-01-01;42786
2020-12-31;"Trenčiansky kraj";597;4943;557;5500;NA;65797;1154;2020-12-31;42434
2020-12-30;"Trenčiansky kraj";836;6782;762;7544;NA;65797;1598;2020-12-30;41280
2020-12-29;"Trenčiansky kraj";459;5979;1018;6997;NA;65797;1477;2020-12-29;39682
2020-12-28;"Trenčiansky kraj";258;3923;777;4700;NA;65797;1035;2020-12-28;38205
2020-12-27;"Trenčiansky kraj";5;202;36;238;NA;65797;41;2020-12-27;37170
2020-12-26;"Trenčiansky kraj";174;74;10;84;NA;65797;184;2020-12-26;37129
2020-12-25;"Trenčiansky kraj";251;325;47;372;NA;65797;298;2020-12-25;36945
2020-12-24;"Trenčiansky kraj";552;2194;256;2450;NA;65797;808;2020-12-24;36647
2020-12-23;"Trenčiansky kraj";421;6318;630;6948;NA;65797;1051;2020-12-23;35839
2020-12-22;"Trenčiansky kraj";673;5597;694;6291;NA;65797;1367;2020-12-22;34788
2020-12-21;"Trenčiansky kraj";248;13562;998;14560;NA;65797;1246;2020-12-21;33421
2020-12-20;"Trenčiansky kraj";238;12480;291;12771;NA;65797;529;2020-12-20;32175
2020-12-19;"Trenčiansky kraj";341;1611;150;1761;NA;65797;491;2020-12-19;31646
2020-12-18;"Trenčiansky kraj";521;4670;543;5213;NA;65797;1064;2020-12-18;31155
2020-12-17;"Trenčiansky kraj";670;3690;503;4193;NA;65797;1173;2020-12-17;30091
2020-12-16;"Trenčiansky kraj";461;4325;622;4947;NA;65797;1083;2020-12-16;28918
2020-12-15;"Trenčiansky kraj";595;3643;656;4299;NA;65797;1251;2020-12-15;27835
2020-12-14;"Trenčiansky kraj";318;2960;613;3573;NA;65797;931;2020-12-14;26584
2020-12-13;"Trenčiansky kraj";77;24;4;28;NA;65797;81;2020-12-13;25653
2020-12-12;"Trenčiansky kraj";314;985;118;1103;NA;65797;432;2020-12-12;25572
2020-12-11;"Trenčiansky kraj";750;3919;481;4400;NA;65797;1231;2020-12-11;25140
2020-12-10;"Trenčiansky kraj";271;3371;477;3848;NA;65797;748;2020-12-10;23909
2020-12-09;"Trenčiansky kraj";508;3805;470;4275;NA;65797;978;2020-12-09;23161
2020-12-08;"Trenčiansky kraj";546;3440;522;3962;NA;65797;1068;2020-12-08;22183
2020-12-07;"Trenčiansky kraj";258;3826;466;4292;NA;65797;724;2020-12-07;21115
2020-12-06;"Trenčiansky kraj";114;179;10;189;NA;65797;124;2020-12-06;20391
2020-12-05;"Trenčiansky kraj";223;751;64;815;NA;65797;287;2020-12-05;20267
2020-12-04;"Trenčiansky kraj";253;2519;215;2734;NA;65797;468;2020-12-04;19980
2020-12-03;"Trenčiansky kraj";503;1714;178;1892;NA;65797;681;2020-12-03;19512
2020-12-02;"Trenčiansky kraj";418;1844;232;2076;NA;65797;650;2020-12-02;18831
2020-12-01;"Trenčiansky kraj";321;5642;351;5993;NA;65797;672;2020-12-01;18181
2020-11-30;"Trenčiansky kraj";167;8494;489;8983;NA;65797;656;2020-11-30;17509
2020-11-29;"Trenčiansky kraj";29;18;2;20;NA;65797;31;2020-11-29;16853
2020-11-28;"Trenčiansky kraj";202;1051;93;1144;NA;65797;295;2020-11-28;16822
2020-11-27;"Trenčiansky kraj";330;1398;150;1548;NA;65797;480;2020-11-27;16527
2020-11-26;"Trenčiansky kraj";395;1252;122;1374;NA;65797;517;2020-11-26;16047
2020-11-25;"Trenčiansky kraj";322;1444;160;1604;NA;65797;482;2020-11-25;15530
2020-11-24;"Trenčiansky kraj";348;2553;308;2861;NA;65797;656;2020-11-24;15048
2020-11-23;"Trenčiansky kraj";159;1186;122;1308;NA;65797;281;2020-11-23;14392
2020-11-22;"Trenčiansky kraj";26;11;1;12;NA;65797;27;2020-11-22;14111
2020-11-21;"Trenčiansky kraj";255;1323;62;1385;NA;65797;317;2020-11-21;14084
2020-11-20;"Trenčiansky kraj";316;861;93;954;NA;65797;409;2020-11-20;13767
2020-11-19;"Trenčiansky kraj";316;740;113;853;NA;65797;429;2020-11-19;13358
2020-11-18;"Trenčiansky kraj";233;379;66;445;NA;65797;299;2020-11-18;12929
2020-11-17;"Trenčiansky kraj";222;106;15;121;NA;65797;237;2020-11-17;12630
2020-11-16;"Trenčiansky kraj";245;236;45;281;NA;65797;290;2020-11-16;12393
2020-11-15;"Trenčiansky kraj";109;29;6;35;NA;65797;115;2020-11-15;12103
2020-11-14;"Trenčiansky kraj";190;74;11;85;NA;65797;201;2020-11-14;11988
2020-11-13;"Trenčiansky kraj";308;131;13;144;NA;65797;321;2020-11-13;11787
2020-11-12;"Trenčiansky kraj";324;124;5;129;NA;65797;329;2020-11-12;11466
2020-11-11;"Trenčiansky kraj";366;113;10;123;NA;65797;376;2020-11-11;11137
2020-11-10;"Trenčiansky kraj";277;106;6;112;NA;65797;283;2020-11-10;10761
2020-11-09;"Trenčiansky kraj";115;1407;48;1455;NA;65797;163;2020-11-09;10478
2020-11-08;"Trenčiansky kraj";81;1223;8;1231;NA;65797;89;2020-11-08;10315
2020-11-07;"Trenčiansky kraj";319;3662;59;3721;NA;65797;378;2020-11-07;10226
2020-11-06;"Trenčiansky kraj";383;6893;84;6977;NA;65797;467;2020-11-06;9848
2020-11-05;"Trenčiansky kraj";399;98;15;113;NA;65797;414;2020-11-05;9381
2020-11-04;"Trenčiansky kraj";370;91;9;100;NA;65797;379;2020-11-04;8967
2020-11-03;"Trenčiansky kraj";575;97;8;105;NA;65797;583;2020-11-03;8588
2020-11-02;"Trenčiansky kraj";197;1833;68;1901;NA;65797;265;2020-11-02;8005
2020-11-01;"Trenčiansky kraj";257;804;23;827;NA;65797;280;2020-11-01;7740
2020-10-31;"Trenčiansky kraj";332;4719;82;4801;NA;65797;414;2020-10-31;7460
2020-10-30;"Trenčiansky kraj";299;5283;102;5385;NA;65797;401;2020-10-30;7046
2020-10-29;"Trenčiansky kraj";496;764;68;832;NA;65797;564;2020-10-29;6645
2020-10-28;"Trenčiansky kraj";269;192;33;225;NA;65797;302;2020-10-28;6081
2020-10-27;"Trenčiansky kraj";473;127;27;154;NA;65797;500;2020-10-27;5779
2020-10-26;"Trenčiansky kraj";177;103;31;134;NA;65797;208;2020-10-26;5279
2020-10-25;"Trenčiansky kraj";138;9;5;14;NA;65797;143;2020-10-25;5071
2020-10-24;"Trenčiansky kraj";395;128;6;134;NA;65797;401;2020-10-24;4928
2020-10-23;"Trenčiansky kraj";301;154;8;162;NA;65797;309;2020-10-23;4527
2020-10-22;"Trenčiansky kraj";273;82;12;94;NA;65797;285;2020-10-22;4218
2020-10-21;"Trenčiansky kraj";183;53;9;62;NA;65797;192;2020-10-21;3933
2020-10-20;"Trenčiansky kraj";212;47;6;53;NA;65797;218;2020-10-20;3741
2020-10-19;"Trenčiansky kraj";41;83;25;108;NA;65797;66;2020-10-19;3523
2020-10-18;"Trenčiansky kraj";104;0;0;0;NA;65797;104;2020-10-18;3457
2020-10-17;"Trenčiansky kraj";157;0;0;0;NA;65797;157;2020-10-17;3353
2020-10-16;"Trenčiansky kraj";225;42;6;48;NA;65797;231;2020-10-16;3196
2020-10-15;"Trenčiansky kraj";255;39;4;43;NA;65797;259;2020-10-15;2965
2020-10-14;"Trenčiansky kraj";162;42;7;49;NA;65797;169;2020-10-14;2706
2020-10-13;"Trenčiansky kraj";124;105;12;117;NA;65797;136;2020-10-13;2537
2020-10-12;"Trenčiansky kraj";55;0;0;0;NA;65797;55;2020-10-12;2401
2020-10-11;"Trenčiansky kraj";73;0;0;0;NA;65797;73;2020-10-11;2346
2020-10-10;"Trenčiansky kraj";180;0;0;0;NA;65797;180;2020-10-10;2273
2020-10-09;"Trenčiansky kraj";198;0;0;0;NA;65797;198;2020-10-09;2093
2020-10-08;"Trenčiansky kraj";115;0;0;0;NA;65797;115;2020-10-08;1895
2020-10-07;"Trenčiansky kraj";75;0;0;0;NA;65797;75;2020-10-07;1780
2020-10-06;"Trenčiansky kraj";72;0;0;0;NA;65797;72;2020-10-06;1705
2020-10-05;"Trenčiansky kraj";32;0;0;0;NA;65797;32;2020-10-05;1633
2020-10-04;"Trenčiansky kraj";37;0;0;0;NA;65797;37;2020-10-04;1601
2020-10-03;"Trenčiansky kraj";79;0;0;0;NA;65797;79;2020-10-03;1564
2020-10-02;"Trenčiansky kraj";69;0;0;0;NA;65797;69;2020-10-02;1485
2020-10-01;"Trenčiansky kraj";58;0;0;0;NA;65797;58;2020-10-01;1416
2020-09-30;"Trenčiansky kraj";76;0;0;0;NA;65797;76;2020-09-30;1358
2020-09-29;"Trenčiansky kraj";43;0;0;0;NA;65797;43;2020-09-29;1282
2020-09-28;"Trenčiansky kraj";7;0;0;0;NA;65797;7;2020-09-28;1239
2020-09-27;"Trenčiansky kraj";12;0;0;0;NA;65797;12;2020-09-27;1232
2020-09-26;"Trenčiansky kraj";37;0;0;0;NA;65797;37;2020-09-26;1220
2020-09-25;"Trenčiansky kraj";72;0;0;0;NA;65797;72;2020-09-25;1183
2020-09-24;"Trenčiansky kraj";41;0;0;0;NA;65797;41;2020-09-24;1111
2020-09-23;"Trenčiansky kraj";32;0;0;0;NA;65797;32;2020-09-23;1070
2020-09-22;"Trenčiansky kraj";26;0;0;0;NA;65797;26;2020-09-22;1038
2020-09-21;"Trenčiansky kraj";23;0;0;0;NA;65797;23;2020-09-21;1012
2020-09-20;"Trenčiansky kraj";21;0;0;0;NA;65797;21;2020-09-20;989
2020-09-19;"Trenčiansky kraj";20;0;0;0;NA;65797;20;2020-09-19;968
2020-09-18;"Trenčiansky kraj";41;0;0;0;NA;65797;41;2020-09-18;948
2020-09-17;"Trenčiansky kraj";20;0;0;0;NA;65797;20;2020-09-17;907
2020-09-16;"Trenčiansky kraj";14;0;0;0;NA;65797;14;2020-09-16;887
2020-09-15;"Trenčiansky kraj";8;0;0;0;NA;65797;8;2020-09-15;873
2020-09-14;"Trenčiansky kraj";5;0;0;0;NA;65797;5;2020-09-14;865
2020-09-13;"Trenčiansky kraj";12;0;0;0;NA;65797;12;2020-09-13;860
2020-09-12;"Trenčiansky kraj";2;0;0;0;NA;65797;2;2020-09-12;848
2020-09-11;"Trenčiansky kraj";27;0;0;0;NA;65797;27;2020-09-11;846
2020-09-10;"Trenčiansky kraj";15;0;0;0;NA;65797;15;2020-09-10;819
2020-09-09;"Trenčiansky kraj";11;0;0;0;NA;65797;11;2020-09-09;804
2020-09-08;"Trenčiansky kraj";12;0;0;0;NA;65797;12;2020-09-08;793
2020-09-07;"Trenčiansky kraj";6;0;0;0;NA;65797;6;2020-09-07;781
2020-09-06;"Trenčiansky kraj";1;0;0;0;NA;65797;1;2020-09-06;775
2020-09-05;"Trenčiansky kraj";3;0;0;0;NA;65797;3;2020-09-05;774
2020-09-04;"Trenčiansky kraj";9;0;0;0;NA;65797;9;2020-09-04;771
2020-09-03;"Trenčiansky kraj";10;0;0;0;NA;65797;10;2020-09-03;762
2021-02-15;"Trnavský kraj";146;15545;195;15740;33418;64193;341;2021-02-15;64193
2021-02-14;"Trnavský kraj";51;47318;352;47670;NA;64193;403;2021-02-14;63852
2021-02-13;"Trnavský kraj";218;123151;875;124026;NA;64193;1093;2021-02-13;63449
2021-02-12;"Trnavský kraj";300;22871;312;23183;NA;64193;612;2021-02-12;62356
2021-02-11;"Trnavský kraj";422;9600;343;9943;NA;64193;765;2021-02-11;61744
2021-02-10;"Trnavský kraj";511;8795;298;9093;NA;64193;809;2021-02-10;60979
2021-02-09;"Trnavský kraj";544;12735;366;13101;NA;64193;910;2021-02-09;60170
2021-02-08;"Trnavský kraj";220;33840;486;34326;NA;64193;706;2021-02-08;59260
2021-02-07;"Trnavský kraj";140;68837;627;69464;NA;64193;767;2021-02-07;58554
2021-02-06;"Trnavský kraj";348;111899;1473;113372;NA;64193;1821;2021-02-06;57787
2021-02-05;"Trnavský kraj";377;15918;354;16272;NA;64193;731;2021-02-05;55966
2021-02-04;"Trnavský kraj";456;10692;551;11243;NA;64193;1007;2021-02-04;55235
2021-02-03;"Trnavský kraj";472;6135;391;6526;NA;64193;863;2021-02-03;54228
2021-02-02;"Trnavský kraj";446;13821;414;14235;NA;64193;860;2021-02-02;53365
2021-02-01;"Trnavský kraj";198;39792;710;40502;NA;64193;908;2021-02-01;52505
2021-01-31;"Trnavský kraj";19;62728;778;63506;NA;64193;797;2021-01-31;51597
2021-01-30;"Trnavský kraj";323;110157;1268;111425;NA;64193;1591;2021-01-30;50800
2021-01-29;"Trnavský kraj";196;9564;284;9848;NA;64193;480;2021-01-29;49209
2021-01-28;"Trnavský kraj";389;5815;286;6101;NA;64193;675;2021-01-28;48729
2021-01-27;"Trnavský kraj";433;5301;219;5520;NA;64193;652;2021-01-27;48054
2021-01-26;"Trnavský kraj";565;25345;650;25995;NA;64193;1215;2021-01-26;47402
2021-01-25;"Trnavský kraj";210;43441;632;44073;NA;64193;842;2021-01-25;46187
2021-01-24;"Trnavský kraj";91;55652;703;56355;NA;64193;794;2021-01-24;45345
2021-01-23;"Trnavský kraj";372;116896;1336;118232;NA;64193;1708;2021-01-23;44551
2021-01-22;"Trnavský kraj";217;32439;500;32939;NA;64193;717;2021-01-22;42843
2021-01-21;"Trnavský kraj";311;13834;378;14212;NA;64193;689;2021-01-21;42126
2021-01-20;"Trnavský kraj";503;8149;274;8423;NA;64193;777;2021-01-20;41437
2021-01-19;"Trnavský kraj";415;7020;347;7367;NA;64193;762;2021-01-19;40660
2021-01-18;"Trnavský kraj";247;6237;484;6721;NA;64193;731;2021-01-18;39898
2021-01-17;"Trnavský kraj";128;854;215;1069;NA;64193;343;2021-01-17;39167
2021-01-16;"Trnavský kraj";103;599;19;618;NA;64193;122;2021-01-16;38824
2021-01-15;"Trnavský kraj";278;5466;336;5802;NA;64193;614;2021-01-15;38702
2021-01-14;"Trnavský kraj";452;3994;337;4331;NA;64193;789;2021-01-14;38088
2021-01-13;"Trnavský kraj";457;4752;378;5130;NA;64193;835;2021-01-13;37299
2021-01-12;"Trnavský kraj";469;7177;483;7660;NA;64193;952;2021-01-12;36464
2021-01-11;"Trnavský kraj";370;4911;376;5287;NA;64193;746;2021-01-11;35512
2021-01-10;"Trnavský kraj";71;8;0;8;NA;64193;71;2021-01-10;34766
2021-01-09;"Trnavský kraj";417;1775;100;1875;NA;64193;517;2021-01-09;34695
2021-01-08;"Trnavský kraj";381;6349;502;6851;NA;64193;883;2021-01-08;34178
2021-01-07;"Trnavský kraj";501;4074;397;4471;NA;64193;898;2021-01-07;33295
2021-01-06;"Trnavský kraj";179;758;132;890;NA;64193;311;2021-01-06;32397
2021-01-05;"Trnavský kraj";611;6188;705;6893;NA;64193;1316;2021-01-05;32086
2021-01-04;"Trnavský kraj";302;5235;689;5924;NA;64193;991;2021-01-04;30770
2021-01-03;"Trnavský kraj";60;51;7;58;NA;64193;67;2021-01-03;29779
2021-01-02;"Trnavský kraj";282;412;30;442;NA;64193;312;2021-01-02;29712
2021-01-01;"Trnavský kraj";143;449;76;525;NA;64193;219;2021-01-01;29400
2020-12-31;"Trnavský kraj";498;8488;858;9346;NA;64193;1356;2020-12-31;29181
2020-12-30;"Trnavský kraj";785;5321;612;5933;NA;64193;1397;2020-12-30;27825
2020-12-29;"Trnavský kraj";322;4999;593;5592;NA;64193;915;2020-12-29;26428
2020-12-28;"Trnavský kraj";213;5339;615;5954;NA;64193;828;2020-12-28;25513
2020-12-27;"Trnavský kraj";27;13;4;17;NA;64193;31;2020-12-27;24685
2020-12-26;"Trnavský kraj";148;44;1;45;NA;64193;149;2020-12-26;24654
2020-12-25;"Trnavský kraj";65;49;5;54;NA;64193;70;2020-12-25;24505
2020-12-24;"Trnavský kraj";333;1359;117;1476;NA;64193;450;2020-12-24;24435
2020-12-23;"Trnavský kraj";210;6417;375;6792;NA;64193;585;2020-12-23;23985
2020-12-22;"Trnavský kraj";311;5590;491;6081;NA;64193;802;2020-12-22;23400
2020-12-21;"Trnavský kraj";328;4527;399;4926;NA;64193;727;2020-12-21;22598
2020-12-20;"Trnavský kraj";134;110;12;122;NA;64193;146;2020-12-20;21871
2020-12-19;"Trnavský kraj";201;1046;86;1132;NA;64193;287;2020-12-19;21725
2020-12-18;"Trnavský kraj";341;4898;378;5276;NA;64193;719;2020-12-18;21438
2020-12-17;"Trnavský kraj";375;4996;407;5403;NA;64193;782;2020-12-17;20719
2020-12-16;"Trnavský kraj";312;5249;405;5654;NA;64193;717;2020-12-16;19937
2020-12-15;"Trnavský kraj";492;6622;632;7254;NA;64193;1124;2020-12-15;19220
2020-12-14;"Trnavský kraj";161;3505;292;3797;NA;64193;453;2020-12-14;18096
2020-12-13;"Trnavský kraj";7;0;0;0;NA;64193;7;2020-12-13;17643
2020-12-12;"Trnavský kraj";254;1456;114;1570;NA;64193;368;2020-12-12;17636
2020-12-11;"Trnavský kraj";384;4683;262;4945;NA;64193;646;2020-12-11;17268
2020-12-10;"Trnavský kraj";183;5194;320;5514;NA;64193;503;2020-12-10;16622
2020-12-09;"Trnavský kraj";521;4283;321;4604;NA;64193;842;2020-12-09;16119
2020-12-08;"Trnavský kraj";281;4090;304;4394;NA;64193;585;2020-12-08;15277
2020-12-07;"Trnavský kraj";178;2895;199;3094;NA;64193;377;2020-12-07;14692
2020-12-06;"Trnavský kraj";46;0;0;0;NA;64193;46;2020-12-06;14315
2020-12-05;"Trnavský kraj";129;2218;41;2259;NA;64193;170;2020-12-05;14269
2020-12-04;"Trnavský kraj";242;3948;158;4106;NA;64193;400;2020-12-04;14099
2020-12-03;"Trnavský kraj";248;2770;190;2960;NA;64193;438;2020-12-03;13699
2020-12-02;"Trnavský kraj";284;4516;176;4692;NA;64193;460;2020-12-02;13261
2020-12-01;"Trnavský kraj";253;3190;205;3395;NA;64193;458;2020-12-01;12801
2020-11-30;"Trnavský kraj";200;7360;186;7546;NA;64193;386;2020-11-30;12343
2020-11-29;"Trnavský kraj";17;708;34;742;NA;64193;51;2020-11-29;11957
2020-11-28;"Trnavský kraj";83;1453;77;1530;NA;64193;160;2020-11-28;11906
2020-11-27;"Trnavský kraj";148;1591;83;1674;NA;64193;231;2020-11-27;11746
2020-11-26;"Trnavský kraj";234;985;59;1044;NA;64193;293;2020-11-26;11515
2020-11-25;"Trnavský kraj";232;1029;72;1101;NA;64193;304;2020-11-25;11222
2020-11-24;"Trnavský kraj";295;1772;91;1863;NA;64193;386;2020-11-24;10918
2020-11-23;"Trnavský kraj";242;7207;125;7332;NA;64193;367;2020-11-23;10532
2020-11-22;"Trnavský kraj";10;54;3;57;NA;64193;13;2020-11-22;10165
2020-11-21;"Trnavský kraj";129;1214;23;1237;NA;64193;152;2020-11-21;10152
2020-11-20;"Trnavský kraj";246;1027;61;1088;NA;64193;307;2020-11-20;10000
2020-11-19;"Trnavský kraj";157;694;58;752;NA;64193;215;2020-11-19;9693
2020-11-18;"Trnavský kraj";235;716;75;791;NA;64193;310;2020-11-18;9478
2020-11-17;"Trnavský kraj";129;695;72;767;NA;64193;201;2020-11-17;9168
2020-11-16;"Trnavský kraj";187;682;32;714;NA;64193;219;2020-11-16;8967
2020-11-15;"Trnavský kraj";23;73;4;77;NA;64193;27;2020-11-15;8748
2020-11-14;"Trnavský kraj";86;389;10;399;NA;64193;96;2020-11-14;8721
2020-11-13;"Trnavský kraj";219;1312;21;1333;NA;64193;240;2020-11-13;8625
2020-11-12;"Trnavský kraj";162;420;18;438;NA;64193;180;2020-11-12;8385
2020-11-11;"Trnavský kraj";257;392;15;407;NA;64193;272;2020-11-11;8205
2020-11-10;"Trnavský kraj";189;889;30;919;NA;64193;219;2020-11-10;7933
2020-11-09;"Trnavský kraj";196;369;23;392;NA;64193;219;2020-11-09;7714
2020-11-08;"Trnavský kraj";55;306;4;310;NA;64193;59;2020-11-08;7495
2020-11-07;"Trnavský kraj";207;6070;74;6144;NA;64193;281;2020-11-07;7436
2020-11-06;"Trnavský kraj";260;1531;19;1550;NA;64193;279;2020-11-06;7155
2020-11-05;"Trnavský kraj";150;220;27;247;NA;64193;177;2020-11-05;6876
2020-11-04;"Trnavský kraj";188;212;10;222;NA;64193;198;2020-11-04;6699
2020-11-03;"Trnavský kraj";317;127;8;135;NA;64193;325;2020-11-03;6501
2020-11-02;"Trnavský kraj";281;1728;31;1759;NA;64193;312;2020-11-02;6176
2020-11-01;"Trnavský kraj";87;494;27;521;NA;64193;114;2020-11-01;5864
2020-10-31;"Trnavský kraj";259;5024;41;5065;NA;64193;300;2020-10-31;5750
2020-10-30;"Trnavský kraj";198;3784;27;3811;NA;64193;225;2020-10-30;5450
2020-10-29;"Trnavský kraj";273;1461;16;1477;NA;64193;289;2020-10-29;5225
2020-10-28;"Trnavský kraj";319;117;16;133;NA;64193;335;2020-10-28;4936
2020-10-27;"Trnavský kraj";199;461;36;497;NA;64193;235;2020-10-27;4601
2020-10-26;"Trnavský kraj";153;29;2;31;NA;64193;155;2020-10-26;4366
2020-10-25;"Trnavský kraj";95;19;1;20;NA;64193;96;2020-10-25;4211
2020-10-24;"Trnavský kraj";158;109;2;111;NA;64193;160;2020-10-24;4115
2020-10-23;"Trnavský kraj";201;89;4;93;NA;64193;205;2020-10-23;3955
2020-10-22;"Trnavský kraj";195;55;2;57;NA;64193;197;2020-10-22;3750
2020-10-21;"Trnavský kraj";134;73;3;76;NA;64193;137;2020-10-21;3553
2020-10-20;"Trnavský kraj";202;82;3;85;NA;64193;205;2020-10-20;3416
2020-10-19;"Trnavský kraj";67;55;0;55;NA;64193;67;2020-10-19;3211
2020-10-18;"Trnavský kraj";84;0;0;0;NA;64193;84;2020-10-18;3144
2020-10-17;"Trnavský kraj";123;0;0;0;NA;64193;123;2020-10-17;3060
2020-10-16;"Trnavský kraj";86;45;2;47;NA;64193;88;2020-10-16;2937
2020-10-15;"Trnavský kraj";155;66;2;68;NA;64193;157;2020-10-15;2849
2020-10-14;"Trnavský kraj";236;468;3;471;NA;64193;239;2020-10-14;2692
2020-10-13;"Trnavský kraj";138;16;2;18;NA;64193;140;2020-10-13;2453
2020-10-12;"Trnavský kraj";33;41;1;42;NA;64193;34;2020-10-12;2313
2020-10-11;"Trnavský kraj";31;0;0;0;NA;64193;31;2020-10-11;2279
2020-10-10;"Trnavský kraj";128;0;0;0;NA;64193;128;2020-10-10;2248
2020-10-09;"Trnavský kraj";156;0;0;0;NA;64193;156;2020-10-09;2120
2020-10-08;"Trnavský kraj";153;0;0;0;NA;64193;153;2020-10-08;1964
2020-10-07;"Trnavský kraj";80;0;0;0;NA;64193;80;2020-10-07;1811
2020-10-06;"Trnavský kraj";112;0;0;0;NA;64193;112;2020-10-06;1731
2020-10-05;"Trnavský kraj";33;0;0;0;NA;64193;33;2020-10-05;1619
2020-10-04;"Trnavský kraj";44;0;0;0;NA;64193;44;2020-10-04;1586
2020-10-03;"Trnavský kraj";60;0;0;0;NA;64193;60;2020-10-03;1542
2020-10-02;"Trnavský kraj";41;0;0;0;NA;64193;41;2020-10-02;1482
2020-10-01;"Trnavský kraj";53;0;0;0;NA;64193;53;2020-10-01;1441
2020-09-30;"Trnavský kraj";91;0;0;0;NA;64193;91;2020-09-30;1388
2020-09-29;"Trnavský kraj";40;0;0;0;NA;64193;40;2020-09-29;1297
2020-09-28;"Trnavský kraj";69;0;0;0;NA;64193;69;2020-09-28;1257
2020-09-27;"Trnavský kraj";30;0;0;0;NA;64193;30;2020-09-27;1188
2020-09-26;"Trnavský kraj";46;0;0;0;NA;64193;46;2020-09-26;1158
2020-09-25;"Trnavský kraj";32;0;0;0;NA;64193;32;2020-09-25;1112
2020-09-24;"Trnavský kraj";42;0;0;0;NA;64193;42;2020-09-24;1080
2020-09-23;"Trnavský kraj";43;0;0;0;NA;64193;43;2020-09-23;1038
2020-09-22;"Trnavský kraj";55;0;0;0;NA;64193;55;2020-09-22;995
2020-09-21;"Trnavský kraj";41;0;0;0;NA;64193;41;2020-09-21;940
2020-09-20;"Trnavský kraj";17;0;0;0;NA;64193;17;2020-09-20;899
2020-09-19;"Trnavský kraj";4;0;0;0;NA;64193;4;2020-09-19;882
2020-09-18;"Trnavský kraj";33;0;0;0;NA;64193;33;2020-09-18;878
2020-09-17;"Trnavský kraj";42;0;0;0;NA;64193;42;2020-09-17;845
2020-09-16;"Trnavský kraj";49;0;0;0;NA;64193;49;2020-09-16;803
2020-09-15;"Trnavský kraj";5;0;0;0;NA;64193;5;2020-09-15;754
2020-09-14;"Trnavský kraj";26;0;0;0;NA;64193;26;2020-09-14;749
2020-09-13;"Trnavský kraj";9;0;0;0;NA;64193;9;2020-09-13;723
2020-09-12;"Trnavský kraj";12;0;0;0;NA;64193;12;2020-09-12;714
2020-09-11;"Trnavský kraj";16;0;0;0;NA;64193;16;2020-09-11;702
2020-09-10;"Trnavský kraj";32;0;0;0;NA;64193;32;2020-09-10;686
2020-09-09;"Trnavský kraj";14;0;0;0;NA;64193;14;2020-09-09;654
2020-09-08;"Trnavský kraj";11;0;0;0;NA;64193;11;2020-09-08;640
2020-09-07;"Trnavský kraj";7;0;0;0;NA;64193;7;2020-09-07;629
2020-09-06;"Trnavský kraj";5;0;0;0;NA;64193;5;2020-09-06;622
2020-09-05;"Trnavský kraj";7;0;0;0;NA;64193;7;2020-09-05;617
2020-09-04;"Trnavský kraj";16;0;0;0;NA;64193;16;2020-09-04;610
2020-09-03;"Trnavský kraj";8;0;0;0;NA;64193;8;2020-09-03;594
2021-02-15;"Žilinský kraj";230;27510;636;28146;39265;66475;866;2021-02-15;66475
2021-02-14;"Žilinský kraj";30;19696;176;19872;NA;66475;206;2021-02-14;65609
2021-02-13;"Žilinský kraj";91;66563;413;66976;NA;66475;504;2021-02-13;65403
2021-02-12;"Žilinský kraj";242;38245;309;38554;NA;66475;551;2021-02-12;64899
2021-02-11;"Žilinský kraj";228;21367;277;21644;NA;66475;505;2021-02-11;64348
2021-02-10;"Žilinský kraj";259;16352;255;16607;NA;66475;514;2021-02-10;63843
2021-02-09;"Žilinský kraj";377;23646;271;23917;NA;66475;648;2021-02-09;63329
2021-02-08;"Žilinský kraj";160;43789;407;44196;NA;66475;567;2021-02-08;62681
2021-02-07;"Žilinský kraj";24;38440;199;38639;NA;66475;223;2021-02-07;62114
2021-02-06;"Žilinský kraj";71;65600;322;65922;NA;66475;393;2021-02-06;61891
2021-02-05;"Žilinský kraj";248;30049;287;30336;NA;66475;535;2021-02-05;61498
2021-02-04;"Žilinský kraj";238;11087;226;11313;NA;66475;464;2021-02-04;60963
2021-02-03;"Žilinský kraj";194;8666;246;8912;NA;66475;440;2021-02-03;60499
2021-02-02;"Žilinský kraj";216;9769;276;10045;NA;66475;492;2021-02-02;60059
2021-02-01;"Žilinský kraj";220;18605;332;18937;NA;66475;552;2021-02-01;59567
2021-01-31;"Žilinský kraj";11;42;1;43;NA;66475;12;2021-01-31;59015
2021-01-30;"Žilinský kraj";85;15377;156;15533;NA;66475;241;2021-01-30;59003
2021-01-29;"Žilinský kraj";30;17212;214;17426;NA;66475;244;2021-01-29;58762
2021-01-28;"Žilinský kraj";240;5598;174;5772;NA;66475;414;2021-01-28;58518
2021-01-27;"Žilinský kraj";256;6977;123;7100;NA;66475;379;2021-01-27;58104
2021-01-26;"Žilinský kraj";245;49404;342;49746;NA;66475;587;2021-01-26;57725
2021-01-25;"Žilinský kraj";159;18615;131;18746;NA;66475;290;2021-01-25;57138
2021-01-24;"Žilinský kraj";22;32472;138;32610;NA;66475;160;2021-01-24;56848
2021-01-23;"Žilinský kraj";91;88106;395;88501;NA;66475;486;2021-01-23;56688
2021-01-22;"Žilinský kraj";163;28047;228;28275;NA;66475;391;2021-01-22;56202
2021-01-21;"Žilinský kraj";116;19351;178;19529;NA;66475;294;2021-01-21;55811
2021-01-20;"Žilinský kraj";236;16958;165;17123;NA;66475;401;2021-01-20;55517
2021-01-19;"Žilinský kraj";245;17570;405;17975;NA;66475;650;2021-01-19;55116
2021-01-18;"Žilinský kraj";236;12487;334;12821;NA;66475;570;2021-01-18;54466
2021-01-17;"Žilinský kraj";95;113;2;115;NA;66475;97;2021-01-17;53896
2021-01-16;"Žilinský kraj";14;314;8;322;NA;66475;22;2021-01-16;53799
2021-01-15;"Žilinský kraj";248;7149;202;7351;NA;66475;450;2021-01-15;53777
2021-01-14;"Žilinský kraj";166;5637;253;5890;NA;66475;419;2021-01-14;53327
2021-01-13;"Žilinský kraj";247;11341;554;11895;NA;66475;801;2021-01-13;52908
2021-01-12;"Žilinský kraj";376;8924;426;9350;NA;66475;802;2021-01-12;52107
2021-01-11;"Žilinský kraj";351;10485;510;10995;NA;66475;861;2021-01-11;51305
2021-01-10;"Žilinský kraj";38;189;7;196;NA;66475;45;2021-01-10;50444
2021-01-09;"Žilinský kraj";192;1992;85;2077;NA;66475;277;2021-01-09;50399
2021-01-08;"Žilinský kraj";413;9352;511;9863;NA;66475;924;2021-01-08;50122
2021-01-07;"Žilinský kraj";438;23644;1880;25524;NA;66475;2318;2021-01-07;49198
2021-01-06;"Žilinský kraj";145;1338;89;1427;NA;66475;234;2021-01-06;46880
2021-01-05;"Žilinský kraj";717;11310;929;12239;NA;66475;1646;2021-01-05;46646
2021-01-04;"Žilinský kraj";479;9549;949;10498;NA;66475;1428;2021-01-04;45000
2021-01-03;"Žilinský kraj";13;33;4;37;NA;66475;17;2021-01-03;43572
2021-01-02;"Žilinský kraj";98;746;86;832;NA;66475;184;2021-01-02;43555
2021-01-01;"Žilinský kraj";118;552;36;588;NA;66475;154;2021-01-01;43371
2020-12-31;"Žilinský kraj";395;10348;833;11181;NA;66475;1228;2020-12-31;43217
2020-12-30;"Žilinský kraj";1038;12157;860;13017;NA;66475;1898;2020-12-30;41989
2020-12-29;"Žilinský kraj";256;10800;1070;11870;NA;66475;1326;2020-12-29;40091
2020-12-28;"Žilinský kraj";406;10770;1002;11772;NA;66475;1408;2020-12-28;38765
2020-12-27;"Žilinský kraj";40;662;80;742;NA;66475;120;2020-12-27;37357
2020-12-26;"Žilinský kraj";135;124;14;138;NA;66475;149;2020-12-26;37237
2020-12-25;"Žilinský kraj";66;111;10;121;NA;66475;76;2020-12-25;37088
2020-12-24;"Žilinský kraj";643;1018;75;1093;NA;66475;718;2020-12-24;37012
2020-12-23;"Žilinský kraj";228;17258;1012;18270;NA;66475;1240;2020-12-23;36294
2020-12-22;"Žilinský kraj";519;13188;1023;14211;NA;66475;1542;2020-12-22;35054
2020-12-21;"Žilinský kraj";444;12703;1107;13810;NA;66475;1551;2020-12-21;33512
2020-12-20;"Žilinský kraj";36;579;73;652;NA;66475;109;2020-12-20;31961
2020-12-19;"Žilinský kraj";208;2080;144;2224;NA;66475;352;2020-12-19;31852
2020-12-18;"Žilinský kraj";333;7027;402;7429;NA;66475;735;2020-12-18;31500
2020-12-17;"Žilinský kraj";500;4333;281;4614;NA;66475;781;2020-12-17;30765
2020-12-16;"Žilinský kraj";333;4365;305;4670;NA;66475;638;2020-12-16;29984
2020-12-15;"Žilinský kraj";528;4399;387;4786;NA;66475;915;2020-12-15;29346
2020-12-14;"Žilinský kraj";321;4401;358;4759;NA;66475;679;2020-12-14;28431
2020-12-13;"Žilinský kraj";26;515;64;579;NA;66475;90;2020-12-13;27752
2020-12-12;"Žilinský kraj";95;1061;53;1114;NA;66475;148;2020-12-12;27662
2020-12-11;"Žilinský kraj";455;4596;282;4878;NA;66475;737;2020-12-11;27514
2020-12-10;"Žilinský kraj";166;9407;849;10256;NA;66475;1015;2020-12-10;26777
2020-12-09;"Žilinský kraj";392;2559;163;2722;NA;66475;555;2020-12-09;25762
2020-12-08;"Žilinský kraj";331;3915;188;4103;NA;66475;519;2020-12-08;25207
2020-12-07;"Žilinský kraj";348;2274;121;2395;NA;66475;469;2020-12-07;24688
2020-12-06;"Žilinský kraj";15;134;4;138;NA;66475;19;2020-12-06;24219
2020-12-05;"Žilinský kraj";98;1237;45;1282;NA;66475;143;2020-12-05;24200
2020-12-04;"Žilinský kraj";228;2847;120;2967;NA;66475;348;2020-12-04;24057
2020-12-03;"Žilinský kraj";237;1412;119;1531;NA;66475;356;2020-12-03;23709
2020-12-02;"Žilinský kraj";181;1553;82;1635;NA;66475;263;2020-12-02;23353
2020-12-01;"Žilinský kraj";209;6529;309;6838;NA;66475;518;2020-12-01;23090
2020-11-30;"Žilinský kraj";202;5232;291;5523;NA;66475;493;2020-11-30;22572
2020-11-29;"Žilinský kraj";18;81;7;88;NA;66475;25;2020-11-29;22079
2020-11-28;"Žilinský kraj";99;349;15;364;NA;66475;114;2020-11-28;22054
2020-11-27;"Žilinský kraj";218;913;46;959;NA;66475;264;2020-11-27;21940
2020-11-26;"Žilinský kraj";189;1104;57;1161;NA;66475;246;2020-11-26;21676
2020-11-25;"Žilinský kraj";225;1217;49;1266;NA;66475;274;2020-11-25;21430
2020-11-24;"Žilinský kraj";213;2092;67;2159;NA;66475;280;2020-11-24;21156
2020-11-23;"Žilinský kraj";170;759;44;803;NA;66475;214;2020-11-23;20876
2020-11-22;"Žilinský kraj";11;0;0;0;NA;66475;11;2020-11-22;20662
2020-11-21;"Žilinský kraj";61;505;20;525;NA;66475;81;2020-11-21;20651
2020-11-20;"Žilinský kraj";251;1074;45;1119;NA;66475;296;2020-11-20;20570
2020-11-19;"Žilinský kraj";252;752;61;813;NA;66475;313;2020-11-19;20274
2020-11-18;"Žilinský kraj";346;348;15;363;NA;66475;361;2020-11-18;19961
2020-11-17;"Žilinský kraj";123;490;15;505;NA;66475;138;2020-11-17;19600
2020-11-16;"Žilinský kraj";227;206;13;219;NA;66475;240;2020-11-16;19462
2020-11-15;"Žilinský kraj";63;13;0;13;NA;66475;63;2020-11-15;19222
2020-11-14;"Žilinský kraj";189;1038;11;1049;NA;66475;200;2020-11-14;19159
2020-11-13;"Žilinský kraj";181;125;9;134;NA;66475;190;2020-11-13;18959
2020-11-12;"Žilinský kraj";334;79;2;81;NA;66475;336;2020-11-12;18769
2020-11-11;"Žilinský kraj";489;147;10;157;NA;66475;499;2020-11-11;18433
2020-11-10;"Žilinský kraj";374;519;9;528;NA;66475;383;2020-11-10;17934
2020-11-09;"Žilinský kraj";143;2335;30;2365;NA;66475;173;2020-11-09;17551
2020-11-08;"Žilinský kraj";59;2196;35;2231;NA;66475;94;2020-11-08;17378
2020-11-07;"Žilinský kraj";312;8175;88;8263;NA;66475;400;2020-11-07;17284
2020-11-06;"Žilinský kraj";503;4090;38;4128;NA;66475;541;2020-11-06;16884
2020-11-05;"Žilinský kraj";473;64;4;68;NA;66475;477;2020-11-05;16343
2020-11-04;"Žilinský kraj";423;168;10;178;NA;66475;433;2020-11-04;15866
2020-11-03;"Žilinský kraj";688;889;16;905;NA;66475;704;2020-11-03;15433
2020-11-02;"Žilinský kraj";472;1043;39;1082;NA;66475;511;2020-11-02;14729
2020-11-01;"Žilinský kraj";349;5096;130;5226;NA;66475;479;2020-11-01;14218
2020-10-31;"Žilinský kraj";662;7963;203;8166;NA;66475;865;2020-10-31;13739
2020-10-30;"Žilinský kraj";529;2575;61;2636;NA;66475;590;2020-10-30;12874
2020-10-29;"Žilinský kraj";740;503;17;520;NA;66475;757;2020-10-29;12284
2020-10-28;"Žilinský kraj";635;105;11;116;NA;66475;646;2020-10-28;11527
2020-10-27;"Žilinský kraj";355;154;24;178;NA;66475;379;2020-10-27;10881
2020-10-26;"Žilinský kraj";148;117;28;145;NA;66475;176;2020-10-26;10502
2020-10-25;"Žilinský kraj";436;0;0;0;NA;66475;436;2020-10-25;10326
2020-10-24;"Žilinský kraj";803;0;0;0;NA;66475;803;2020-10-24;9890
2020-10-23;"Žilinský kraj";659;102;13;115;NA;66475;672;2020-10-23;9087
2020-10-22;"Žilinský kraj";525;33;3;36;NA;66475;528;2020-10-22;8415
2020-10-21;"Žilinský kraj";478;74;14;88;NA;66475;492;2020-10-21;7887
2020-10-20;"Žilinský kraj";524;127;8;135;NA;66475;532;2020-10-20;7395
2020-10-19;"Žilinský kraj";70;80;12;92;NA;66475;82;2020-10-19;6863
2020-10-18;"Žilinský kraj";159;0;0;0;NA;66475;159;2020-10-18;6781
2020-10-17;"Žilinský kraj";509;0;0;0;NA;66475;509;2020-10-17;6622
2020-10-16;"Žilinský kraj";603;51;9;60;NA;66475;612;2020-10-16;6113
2020-10-15;"Žilinský kraj";679;61;3;64;NA;66475;682;2020-10-15;5501
2020-10-14;"Žilinský kraj";523;269;6;275;NA;66475;529;2020-10-14;4819
2020-10-13;"Žilinský kraj";367;458;40;498;NA;66475;407;2020-10-13;4290
2020-10-12;"Žilinský kraj";62;0;0;0;NA;66475;62;2020-10-12;3883
2020-10-11;"Žilinský kraj";50;0;0;0;NA;66475;50;2020-10-11;3821
2020-10-10;"Žilinský kraj";213;0;0;0;NA;66475;213;2020-10-10;3771
2020-10-09;"Žilinský kraj";543;0;0;0;NA;66475;543;2020-10-09;3558
2020-10-08;"Žilinský kraj";238;0;0;0;NA;66475;238;2020-10-08;3015
2020-10-07;"Žilinský kraj";168;0;0;0;NA;66475;168;2020-10-07;2777
2020-10-06;"Žilinský kraj";233;0;0;0;NA;66475;233;2020-10-06;2609
2020-10-05;"Žilinský kraj";33;0;0;0;NA;66475;33;2020-10-05;2376
2020-10-04;"Žilinský kraj";35;0;0;0;NA;66475;35;2020-10-04;2343
2020-10-03;"Žilinský kraj";155;0;0;0;NA;66475;155;2020-10-03;2308
2020-10-02;"Žilinský kraj";105;0;0;0;NA;66475;105;2020-10-02;2153
2020-10-01;"Žilinský kraj";147;0;0;0;NA;66475;147;2020-10-01;2048
2020-09-30;"Žilinský kraj";163;0;0;0;NA;66475;163;2020-09-30;1901
2020-09-29;"Žilinský kraj";105;0;0;0;NA;66475;105;2020-09-29;1738
2020-09-28;"Žilinský kraj";34;0;0;0;NA;66475;34;2020-09-28;1633
2020-09-27;"Žilinský kraj";108;0;0;0;NA;66475;108;2020-09-27;1599
2020-09-26;"Žilinský kraj";96;0;0;0;NA;66475;96;2020-09-26;1491
2020-09-25;"Žilinský kraj";69;0;0;0;NA;66475;69;2020-09-25;1395
2020-09-24;"Žilinský kraj";100;0;0;0;NA;66475;100;2020-09-24;1326
2020-09-23;"Žilinský kraj";65;0;0;0;NA;66475;65;2020-09-23;1226
2020-09-22;"Žilinský kraj";65;0;0;0;NA;66475;65;2020-09-22;1161
2020-09-21;"Žilinský kraj";47;0;0;0;NA;66475;47;2020-09-21;1096
2020-09-20;"Žilinský kraj";4;0;0;0;NA;66475;4;2020-09-20;1049
2020-09-19;"Žilinský kraj";6;0;0;0;NA;66475;6;2020-09-19;1045
2020-09-18;"Žilinský kraj";82;0;0;0;NA;66475;82;2020-09-18;1039
2020-09-17;"Žilinský kraj";30;0;0;0;NA;66475;30;2020-09-17;957
2020-09-16;"Žilinský kraj";34;0;0;0;NA;66475;34;2020-09-16;927
2020-09-15;"Žilinský kraj";12;0;0;0;NA;66475;12;2020-09-15;893
2020-09-14;"Žilinský kraj";39;0;0;0;NA;66475;39;2020-09-14;881
2020-09-13;"Žilinský kraj";6;0;0;0;NA;66475;6;2020-09-13;842
2020-09-12;"Žilinský kraj";4;0;0;0;NA;66475;4;2020-09-12;836
2020-09-11;"Žilinský kraj";31;0;0;0;NA;66475;31;2020-09-11;832
2020-09-10;"Žilinský kraj";31;0;0;0;NA;66475;31;2020-09-10;801
2020-09-09;"Žilinský kraj";23;0;0;0;NA;66475;23;2020-09-09;770
2020-09-08;"Žilinský kraj";25;0;0;0;NA;66475;25;2020-09-08;747
2020-09-07;"Žilinský kraj";11;0;0;0;NA;66475;11;2020-09-07;722
2020-09-05;"Žilinský kraj";2;0;0;0;NA;66475;2;2020-09-05;711
2020-09-04;"Žilinský kraj";33;0;0;0;NA;66475;33;2020-09-04;709
2020-09-03;"Žilinský kraj";18;0;0;0;NA;66475;18;2020-09-03;676
