"Datum";"Region";"PCR_Pos";"Ag_Neg";"Ag_Pos";"Total";"Pocet.potvrdenych";"Potvrdenych";"newcases";"date";"positive"
2021-03-20;"Banskobystrický kraj";119;50438;271;50709;NA;36473;390;2021-03-20;36473
2021-03-19;"Banskobystrický kraj";240;43400;277;43677;NA;36473;517;2021-03-19;36083
2021-03-18;"Banskobystrický kraj";160;19310;222;19532;NA;36473;382;2021-03-18;35566
2021-03-17;"Banskobystrický kraj";262;21555;245;21800;NA;36473;507;2021-03-17;35184
2021-03-16;"Banskobystrický kraj";340;23375;224;23599;NA;36473;564;2021-03-16;34677
2021-03-15;"Banskobystrický kraj";95;29158;321;29479;NA;36473;416;2021-03-15;34113
2021-03-14;"Banskobystrický kraj";39;15312;67;15379;NA;36473;106;2021-03-14;33697
2021-03-13;"Banskobystrický kraj";209;66573;387;66960;NA;36473;596;2021-03-13;33591
2021-03-12;"Banskobystrický kraj";206;41859;337;42196;NA;36473;543;2021-03-12;32995
2021-03-11;"Banskobystrický kraj";228;20023;252;20275;NA;36473;480;2021-03-11;32452
2021-03-10;"Banskobystrický kraj";260;20040;236;20276;NA;36473;496;2021-03-10;31972
2021-03-09;"Banskobystrický kraj";352;22008;288;22296;NA;36473;640;2021-03-09;31476
2021-03-08;"Banskobystrický kraj";191;31287;419;31706;NA;36473;610;2021-03-08;30836
2021-03-07;"Banskobystrický kraj";60;34334;240;34574;NA;36473;300;2021-03-07;30226
2021-03-06;"Banskobystrický kraj";164;58592;309;58901;NA;36473;473;2021-03-06;29926
2021-03-05;"Banskobystrický kraj";221;41931;385;42316;NA;36473;606;2021-03-05;29453
2021-03-04;"Banskobystrický kraj";226;21649;335;21984;NA;36473;561;2021-03-04;28847
2021-03-03;"Banskobystrický kraj";317;22267;340;22607;NA;36473;657;2021-03-03;28286
2021-03-02;"Banskobystrický kraj";291;22249;345;22594;NA;36473;636;2021-03-02;27629
2021-03-01;"Banskobystrický kraj";151;32351;439;32790;NA;36473;590;2021-03-01;26993
2021-02-28;"Banskobystrický kraj";45;17816;143;17959;NA;36473;188;2021-02-28;26403
2021-02-27;"Banskobystrický kraj";289;66106;524;66630;NA;36473;813;2021-02-27;26215
2021-02-26;"Banskobystrický kraj";326;39733;470;40203;NA;36473;796;2021-02-26;25402
2021-02-25;"Banskobystrický kraj";375;17767;368;18135;NA;36473;743;2021-02-25;24606
2021-02-24;"Banskobystrický kraj";332;16758;374;17132;NA;36473;706;2021-02-24;23863
2021-02-23;"Banskobystrický kraj";462;19704;444;20148;NA;36473;906;2021-02-23;23157
2021-02-22;"Banskobystrický kraj";67;23287;489;23776;NA;36473;556;2021-02-22;22251
2021-02-21;"Banskobystrický kraj";68;27076;290;27366;NA;36473;358;2021-02-21;21695
2021-02-20;"Banskobystrický kraj";280;68890;599;69489;NA;36473;879;2021-02-20;21337
2021-02-19;"Banskobystrický kraj";420;38789;494;39283;NA;36473;914;2021-02-19;20458
2021-02-18;"Banskobystrický kraj";241;19027;404;19431;NA;36473;645;2021-02-18;19544
2021-02-17;"Banskobystrický kraj";415;16063;385;16448;NA;36473;800;2021-02-17;18899
2021-02-16;"Banskobystrický kraj";338;19952;365;20317;NA;36473;703;2021-02-16;18099
2021-02-15;"Banskobystrický kraj";118;35112;571;35683;NA;36473;689;2021-02-15;17396
2021-02-14;"Banskobystrický kraj";60;15609;134;15743;NA;36473;194;2021-02-14;16707
2021-02-13;"Banskobystrický kraj";202;45128;408;45536;NA;36473;610;2021-02-13;16513
2021-02-12;"Banskobystrický kraj";312;36797;534;37331;NA;36473;846;2021-02-12;15903
2021-02-11;"Banskobystrický kraj";305;21489;395;21884;NA;36473;700;2021-02-11;15057
2021-02-10;"Banskobystrický kraj";333;14388;338;14726;NA;36473;671;2021-02-10;14357
2021-02-09;"Banskobystrický kraj";329;17894;352;18246;NA;36473;681;2021-02-09;13686
2021-02-08;"Banskobystrický kraj";103;41938;600;42538;NA;36473;703;2021-02-08;13005
2021-02-07;"Banskobystrický kraj";70;24477;148;24625;NA;36473;218;2021-02-07;12302
2021-02-06;"Banskobystrický kraj";178;63512;555;64067;NA;36473;733;2021-02-06;12084
2021-02-05;"Banskobystrický kraj";282;23814;350;24164;NA;36473;632;2021-02-05;11351
2021-02-04;"Banskobystrický kraj";240;13541;439;13980;NA;36473;679;2021-02-04;10719
2021-02-03;"Banskobystrický kraj";350;9160;243;9403;NA;36473;593;2021-02-03;10040
2021-02-02;"Banskobystrický kraj";277;15057;329;15386;NA;36473;606;2021-02-02;9447
2021-02-01;"Banskobystrický kraj";75;19091;382;19473;NA;36473;457;2021-02-01;8841
2021-01-31;"Banskobystrický kraj";34;24292;213;24505;NA;36473;247;2021-01-31;8384
2021-01-30;"Banskobystrický kraj";163;46244;387;46631;NA;36473;550;2021-01-30;8137
2021-01-29;"Banskobystrický kraj";196;16709;265;16974;NA;36473;461;2021-01-29;7587
2021-01-28;"Banskobystrický kraj";218;14011;362;14373;NA;36473;580;2021-01-28;7126
2021-01-27;"Banskobystrický kraj";191;10775;203;10978;NA;36473;394;2021-01-27;6546
2021-01-26;"Banskobystrický kraj";238;19616;283;19899;NA;36473;521;2021-01-26;6152
2021-01-25;"Banskobystrický kraj";82;31517;381;31898;NA;36473;463;2021-01-25;5631
2021-01-24;"Banskobystrický kraj";38;29266;238;29504;NA;36473;276;2021-01-24;5168
2021-01-23;"Banskobystrický kraj";142;84220;506;84726;NA;36473;648;2021-01-23;4892
2021-01-22;"Banskobystrický kraj";175;27181;359;27540;NA;36473;534;2021-01-22;4244
2021-01-21;"Banskobystrický kraj";194;16592;285;16877;NA;36473;479;2021-01-21;3710
2021-01-20;"Banskobystrický kraj";231;8540;183;8723;NA;36473;414;2021-01-20;3231
2021-01-19;"Banskobystrický kraj";213;10493;308;10801;NA;36473;521;2021-01-19;2817
2021-01-18;"Banskobystrický kraj";94;5625;340;5965;NA;36473;434;2021-01-18;2296
2021-01-17;"Banskobystrický kraj";110;8150;77;8227;NA;36473;187;2021-01-17;1862
2021-01-16;"Banskobystrický kraj";58;1403;35;1438;NA;36473;93;2021-01-16;1675
2021-01-15;"Banskobystrický kraj";164;6931;209;7140;NA;36473;373;2021-01-15;1582
2021-01-14;"Banskobystrický kraj";220;5760;325;6085;NA;36473;545;2021-01-14;1209
2021-01-13;"Banskobystrický kraj";235;5734;203;5937;NA;36473;438;2021-01-13;664
2021-01-12;"Banskobystrický kraj";194;6667;298;6965;NA;36473;492;2021-01-12;226
2021-01-11;"Banskobystrický kraj";76;8128;481;8609;NA;36473;557;2021-01-11;-266
2021-01-10;"Banskobystrický kraj";110;102;4;106;NA;36473;114;2021-01-10;-823
2021-01-09;"Banskobystrický kraj";297;2260;83;2343;NA;36473;380;2021-01-09;-937
2021-01-08;"Banskobystrický kraj";435;9295;430;9725;NA;36473;865;2021-01-08;-1317
2021-01-07;"Banskobystrický kraj";127;5260;333;5593;NA;36473;460;2021-01-07;-2182
2021-01-06;"Banskobystrický kraj";305;3072;185;3257;NA;36473;490;2021-01-06;-2642
2021-01-05;"Banskobystrický kraj";372;7259;533;7792;NA;36473;905;2021-01-05;-3132
2021-01-04;"Banskobystrický kraj";130;6992;701;7693;NA;36473;831;2021-01-04;-4037
2021-01-03;"Banskobystrický kraj";199;162;13;175;NA;36473;212;2021-01-03;-4868
2021-01-02;"Banskobystrický kraj";123;583;83;666;NA;36473;206;2021-01-02;-5080
2021-01-01;"Banskobystrický kraj";220;1668;115;1783;NA;36473;335;2021-01-01;-5286
2020-12-31;"Banskobystrický kraj";499;7279;632;7911;NA;36473;1131;2020-12-31;-5621
2020-12-30;"Banskobystrický kraj";593;7568;556;8124;NA;36473;1149;2020-12-30;-6752
2020-12-29;"Banskobystrický kraj";240;7844;663;8507;NA;36473;903;2020-12-29;-7901
2020-12-28;"Banskobystrický kraj";131;5661;703;6364;NA;36473;834;2020-12-28;-8804
2020-12-27;"Banskobystrický kraj";116;496;25;521;NA;36473;141;2020-12-27;-9638
2020-12-26;"Banskobystrický kraj";61;259;32;291;NA;36473;93;2020-12-26;-9779
2020-12-25;"Banskobystrický kraj";65;229;6;235;NA;36473;71;2020-12-25;-9872
2020-12-24;"Banskobystrický kraj";452;3675;135;3810;NA;36473;587;2020-12-24;-9943
2020-12-23;"Banskobystrický kraj";368;10104;507;10611;NA;36473;875;2020-12-23;-10530
2020-12-22;"Banskobystrický kraj";307;8434;624;9058;NA;36473;931;2020-12-22;-11405
2020-12-21;"Banskobystrický kraj";286;4898;448;5346;NA;36473;734;2020-12-21;-12336
2020-12-20;"Banskobystrický kraj";155;99;14;113;NA;36473;169;2020-12-20;-13070
2020-12-19;"Banskobystrický kraj";170;2918;135;3053;NA;36473;305;2020-12-19;-13239
2020-12-18;"Banskobystrický kraj";432;6454;414;6868;NA;36473;846;2020-12-18;-13544
2020-12-17;"Banskobystrický kraj";468;8593;653;9246;NA;36473;1121;2020-12-17;-14390
2020-12-16;"Banskobystrický kraj";379;10080;557;10637;NA;36473;936;2020-12-16;-15511
2020-12-15;"Banskobystrický kraj";336;5318;430;5748;NA;36473;766;2020-12-15;-16447
2020-12-14;"Banskobystrický kraj";148;3733;259;3992;NA;36473;407;2020-12-14;-17213
2020-12-13;"Banskobystrický kraj";122;19;1;20;NA;36473;123;2020-12-13;-17620
2020-12-12;"Banskobystrický kraj";137;2594;138;2732;NA;36473;275;2020-12-12;-17743
2020-12-11;"Banskobystrický kraj";468;6443;374;6817;NA;36473;842;2020-12-11;-18018
2020-12-10;"Banskobystrický kraj";280;5027;351;5378;NA;36473;631;2020-12-10;-18860
2020-12-09;"Banskobystrický kraj";323;3707;212;3919;NA;36473;535;2020-12-09;-19491
2020-12-08;"Banskobystrický kraj";256;3667;276;3943;NA;36473;532;2020-12-08;-20026
2020-12-07;"Banskobystrický kraj";175;2006;140;2146;NA;36473;315;2020-12-07;-20558
2020-12-06;"Banskobystrický kraj";121;359;9;368;NA;36473;130;2020-12-06;-20873
2020-12-05;"Banskobystrický kraj";109;952;33;985;NA;36473;142;2020-12-05;-21003
2020-12-04;"Banskobystrický kraj";339;3723;174;3897;NA;36473;513;2020-12-04;-21145
2020-12-03;"Banskobystrický kraj";240;2913;227;3140;NA;36473;467;2020-12-03;-21658
2020-12-02;"Banskobystrický kraj";217;4292;186;4478;NA;36473;403;2020-12-02;-22125
2020-12-01;"Banskobystrický kraj";215;2619;134;2753;NA;36473;349;2020-12-01;-22528
2020-11-30;"Banskobystrický kraj";74;3761;226;3987;NA;36473;300;2020-11-30;-22877
2020-11-29;"Banskobystrický kraj";19;80;3;83;NA;36473;22;2020-11-29;-23177
2020-11-28;"Banskobystrický kraj";81;1279;48;1327;NA;36473;129;2020-11-28;-23199
2020-11-27;"Banskobystrický kraj";219;1930;120;2050;NA;36473;339;2020-11-27;-23328
2020-11-26;"Banskobystrický kraj";208;1855;91;1946;NA;36473;299;2020-11-26;-23667
2020-11-25;"Banskobystrický kraj";170;1760;84;1844;NA;36473;254;2020-11-25;-23966
2020-11-24;"Banskobystrický kraj";166;2262;67;2329;NA;36473;233;2020-11-24;-24220
2020-11-23;"Banskobystrický kraj";66;9948;191;10139;NA;36473;257;2020-11-23;-24453
2020-11-22;"Banskobystrický kraj";38;72;1;73;NA;36473;39;2020-11-22;-24710
2020-11-21;"Banskobystrický kraj";52;885;14;899;NA;36473;66;2020-11-21;-24749
2020-11-20;"Banskobystrický kraj";127;1872;105;1977;NA;36473;232;2020-11-20;-24815
2020-11-19;"Banskobystrický kraj";170;1112;82;1194;NA;36473;252;2020-11-19;-25047
2020-11-18;"Banskobystrický kraj";153;587;62;649;NA;36473;215;2020-11-18;-25299
2020-11-17;"Banskobystrický kraj";52;578;35;613;NA;36473;87;2020-11-17;-25514
2020-11-16;"Banskobystrický kraj";106;351;22;373;NA;36473;128;2020-11-16;-25601
2020-11-15;"Banskobystrický kraj";52;64;2;66;NA;36473;54;2020-11-15;-25729
2020-11-14;"Banskobystrický kraj";73;305;2;307;NA;36473;75;2020-11-14;-25783
2020-11-13;"Banskobystrický kraj";157;552;11;563;NA;36473;168;2020-11-13;-25858
2020-11-12;"Banskobystrický kraj";218;952;44;996;NA;36473;262;2020-11-12;-26026
2020-11-11;"Banskobystrický kraj";224;437;9;446;NA;36473;233;2020-11-11;-26288
2020-11-10;"Banskobystrický kraj";263;463;18;481;NA;36473;281;2020-11-10;-26521
2020-11-09;"Banskobystrický kraj";80;2678;31;2709;NA;36473;111;2020-11-09;-26802
2020-11-08;"Banskobystrický kraj";82;783;16;799;NA;36473;98;2020-11-08;-26913
2020-11-07;"Banskobystrický kraj";164;8828;94;8922;NA;36473;258;2020-11-07;-27011
2020-11-06;"Banskobystrický kraj";227;2496;16;2512;NA;36473;243;2020-11-06;-27269
2020-11-05;"Banskobystrický kraj";240;263;33;296;NA;36473;273;2020-11-05;-27512
2020-11-04;"Banskobystrický kraj";254;1366;13;1379;NA;36473;267;2020-11-04;-27785
2020-11-03;"Banskobystrický kraj";246;1332;4;1336;NA;36473;250;2020-11-03;-28052
2020-11-02;"Banskobystrický kraj";90;2247;65;2312;NA;36473;155;2020-11-02;-28302
2020-11-01;"Banskobystrický kraj";101;2671;42;2713;NA;36473;143;2020-11-01;-28457
2020-10-31;"Banskobystrický kraj";199;13516;116;13632;NA;36473;315;2020-10-31;-28600
2020-10-30;"Banskobystrický kraj";254;2829;20;2849;NA;36473;274;2020-10-30;-28915
2020-10-29;"Banskobystrický kraj";372;969;42;1011;NA;36473;414;2020-10-29;-29189
2020-10-28;"Banskobystrický kraj";285;302;30;332;NA;36473;315;2020-10-28;-29603
2020-10-27;"Banskobystrický kraj";266;654;40;694;NA;36473;306;2020-10-27;-29918
2020-10-26;"Banskobystrický kraj";38;232;29;261;NA;36473;67;2020-10-26;-30224
2020-10-25;"Banskobystrický kraj";50;140;11;151;NA;36473;61;2020-10-25;-30291
2020-10-24;"Banskobystrický kraj";315;114;12;126;NA;36473;327;2020-10-24;-30352
2020-10-23;"Banskobystrický kraj";231;230;29;259;NA;36473;260;2020-10-23;-30679
2020-10-22;"Banskobystrický kraj";264;253;24;277;NA;36473;288;2020-10-22;-30939
2020-10-21;"Banskobystrický kraj";209;266;3;269;NA;36473;212;2020-10-21;-31227
2020-10-20;"Banskobystrický kraj";210;66;3;69;NA;36473;213;2020-10-20;-31439
2020-10-19;"Banskobystrický kraj";27;71;12;83;NA;36473;39;2020-10-19;-31652
2020-10-18;"Banskobystrický kraj";49;0;0;0;NA;36473;49;2020-10-18;-31691
2020-10-17;"Banskobystrický kraj";91;0;0;0;NA;36473;91;2020-10-17;-31740
2020-10-16;"Banskobystrický kraj";224;37;3;40;NA;36473;227;2020-10-16;-31831
2020-10-15;"Banskobystrický kraj";133;29;1;30;NA;36473;134;2020-10-15;-32058
2020-10-14;"Banskobystrický kraj";139;31;1;32;NA;36473;140;2020-10-14;-32192
2020-10-13;"Banskobystrický kraj";151;169;11;180;NA;36473;162;2020-10-13;-32332
2020-10-12;"Banskobystrický kraj";11;13;0;13;NA;36473;11;2020-10-12;-32494
2020-10-11;"Banskobystrický kraj";14;0;0;0;NA;36473;14;2020-10-11;-32505
2020-10-10;"Banskobystrický kraj";53;0;0;0;NA;36473;53;2020-10-10;-32519
2020-10-09;"Banskobystrický kraj";128;0;0;0;NA;36473;128;2020-10-09;-32572
2020-10-08;"Banskobystrický kraj";99;0;0;0;NA;36473;99;2020-10-08;-32700
2020-10-07;"Banskobystrický kraj";124;0;0;0;NA;36473;124;2020-10-07;-32799
2020-10-06;"Banskobystrický kraj";68;0;0;0;NA;36473;68;2020-10-06;-32923
2020-10-05;"Banskobystrický kraj";49;0;0;0;NA;36473;49;2020-10-05;-32991
2020-10-04;"Banskobystrický kraj";8;0;0;0;NA;36473;8;2020-10-04;-33040
2020-10-03;"Banskobystrický kraj";37;0;0;0;NA;36473;37;2020-10-03;-33048
2020-10-02;"Banskobystrický kraj";74;0;0;0;NA;36473;74;2020-10-02;-33085
2020-10-01;"Banskobystrický kraj";49;0;0;0;NA;36473;49;2020-10-01;-33159
2020-09-30;"Banskobystrický kraj";60;0;0;0;NA;36473;60;2020-09-30;-33208
2020-09-29;"Banskobystrický kraj";24;0;0;0;NA;36473;24;2020-09-29;-33268
2020-09-27;"Banskobystrický kraj";20;0;0;0;NA;36473;20;2020-09-27;-33292
2020-09-26;"Banskobystrický kraj";24;0;0;0;NA;36473;24;2020-09-26;-33312
2020-09-25;"Banskobystrický kraj";29;0;0;0;NA;36473;29;2020-09-25;-33336
2020-09-24;"Banskobystrický kraj";25;0;0;0;NA;36473;25;2020-09-24;-33365
2020-09-23;"Banskobystrický kraj";17;0;0;0;NA;36473;17;2020-09-23;-33390
2020-09-22;"Banskobystrický kraj";25;0;0;0;NA;36473;25;2020-09-22;-33407
2020-09-21;"Banskobystrický kraj";3;0;0;0;NA;36473;3;2020-09-21;-33432
2020-09-19;"Banskobystrický kraj";3;0;0;0;NA;36473;3;2020-09-19;-33435
2020-09-18;"Banskobystrický kraj";24;0;0;0;NA;36473;24;2020-09-18;-33438
2020-09-17;"Banskobystrický kraj";14;0;0;0;NA;36473;14;2020-09-17;-33462
2020-09-16;"Banskobystrický kraj";6;0;0;0;NA;36473;6;2020-09-16;-33476
2020-09-15;"Banskobystrický kraj";2;0;0;0;NA;36473;2;2020-09-15;-33482
2020-09-14;"Banskobystrický kraj";13;0;0;0;NA;36473;13;2020-09-14;-33484
2020-09-13;"Banskobystrický kraj";1;0;0;0;NA;36473;1;2020-09-13;-33497
2020-09-12;"Banskobystrický kraj";5;0;0;0;NA;36473;5;2020-09-12;-33498
2020-09-11;"Banskobystrický kraj";19;0;0;0;NA;36473;19;2020-09-11;-33503
2020-09-10;"Banskobystrický kraj";11;0;0;0;NA;36473;11;2020-09-10;-33522
2020-09-09;"Banskobystrický kraj";13;0;0;0;NA;36473;13;2020-09-09;-33533
2020-09-08;"Banskobystrický kraj";5;0;0;0;NA;36473;5;2020-09-08;-33546
2020-09-07;"Banskobystrický kraj";2;0;0;0;NA;36473;2;2020-09-07;-33551
2020-09-04;"Banskobystrický kraj";9;0;0;0;NA;36473;9;2020-09-04;-33553
2020-09-03;"Banskobystrický kraj";5;0;0;0;NA;36473;5;2020-09-03;-33562
2020-09-02;"Banskobystrický kraj";6;0;0;0;NA;36473;6;2020-09-02;-33567
2020-09-01;"Banskobystrický kraj";2;0;0;0;NA;36473;2;2020-09-01;-33573
2020-08-31;"Banskobystrický kraj";6;0;0;0;NA;36473;6;2020-08-31;-33575
2020-08-29;"Banskobystrický kraj";1;0;0;0;NA;36473;1;2020-08-29;-33581
2020-08-28;"Banskobystrický kraj";3;0;0;0;NA;36473;3;2020-08-28;-33582
2020-08-27;"Banskobystrický kraj";1;0;0;0;NA;36473;1;2020-08-27;-33585
2020-08-26;"Banskobystrický kraj";2;0;0;0;NA;36473;2;2020-08-26;-33586
2020-08-25;"Banskobystrický kraj";2;0;0;0;NA;36473;2;2020-08-25;-33588
2020-08-21;"Banskobystrický kraj";4;0;0;0;NA;36473;4;2020-08-21;-33590
2020-08-20;"Banskobystrický kraj";1;0;0;0;NA;36473;1;2020-08-20;-33594
2020-08-19;"Banskobystrický kraj";4;0;0;0;NA;36473;4;2020-08-19;-33595
2020-08-17;"Banskobystrický kraj";1;0;0;0;NA;36473;1;2020-08-17;-33599
2020-08-14;"Banskobystrický kraj";5;0;0;0;NA;36473;5;2020-08-14;-33600
2020-08-11;"Banskobystrický kraj";2;0;0;0;NA;36473;2;2020-08-11;-33605
2020-08-10;"Banskobystrický kraj";3;0;0;0;NA;36473;3;2020-08-10;-33607
2020-08-08;"Banskobystrický kraj";2;0;0;0;NA;36473;2;2020-08-08;-33610
2020-08-07;"Banskobystrický kraj";1;0;0;0;NA;36473;1;2020-08-07;-33612
2020-08-06;"Banskobystrický kraj";1;0;0;0;NA;36473;1;2020-08-06;-33613
2020-08-04;"Banskobystrický kraj";3;0;0;0;NA;36473;3;2020-08-04;-33614
2020-08-01;"Banskobystrický kraj";1;0;0;0;NA;36473;1;2020-08-01;-33617
2020-07-31;"Banskobystrický kraj";2;0;0;0;NA;36473;2;2020-07-31;-33618
2020-07-30;"Banskobystrický kraj";1;0;0;0;NA;36473;1;2020-07-30;-33620
2020-07-28;"Banskobystrický kraj";2;0;0;0;NA;36473;2;2020-07-28;-33621
2020-07-27;"Banskobystrický kraj";3;0;0;0;NA;36473;3;2020-07-27;-33623
2020-07-24;"Banskobystrický kraj";9;0;0;0;NA;36473;9;2020-07-24;-33626
2020-07-22;"Banskobystrický kraj";3;0;0;0;NA;36473;3;2020-07-22;-33635
2020-07-21;"Banskobystrický kraj";3;0;0;0;NA;36473;3;2020-07-21;-33638
2020-07-20;"Banskobystrický kraj";1;0;0;0;NA;36473;1;2020-07-20;-33641
2020-07-19;"Banskobystrický kraj";1;0;0;0;NA;36473;1;2020-07-19;-33642
2020-07-17;"Banskobystrický kraj";2;0;0;0;NA;36473;2;2020-07-17;-33643
2020-07-16;"Banskobystrický kraj";1;0;0;0;NA;36473;1;2020-07-16;-33645
2020-07-15;"Banskobystrický kraj";4;0;0;0;NA;36473;4;2020-07-15;-33646
2020-07-14;"Banskobystrický kraj";2;0;0;0;NA;36473;2;2020-07-14;-33650
2020-07-13;"Banskobystrický kraj";1;0;0;0;NA;36473;1;2020-07-13;-33652
2020-07-10;"Banskobystrický kraj";3;0;0;0;NA;36473;3;2020-07-10;-33653
2020-07-09;"Banskobystrický kraj";9;0;0;0;NA;36473;9;2020-07-09;-33656
2020-07-07;"Banskobystrický kraj";4;0;0;0;NA;36473;4;2020-07-07;-33665
2020-07-04;"Banskobystrický kraj";1;0;0;0;NA;36473;1;2020-07-04;-33669
2020-07-03;"Banskobystrický kraj";4;0;0;0;NA;36473;4;2020-07-03;-33670
2020-07-01;"Banskobystrický kraj";1;0;0;0;NA;36473;1;2020-07-01;-33674
2020-06-25;"Banskobystrický kraj";1;0;0;0;NA;36473;1;2020-06-25;-33675
2020-06-23;"Banskobystrický kraj";6;0;0;0;NA;36473;6;2020-06-23;-33676
2020-06-19;"Banskobystrický kraj";2;0;0;0;NA;36473;2;2020-06-19;-33682
2020-06-18;"Banskobystrický kraj";10;0;0;0;NA;36473;10;2020-06-18;-33684
2020-06-17;"Banskobystrický kraj";1;0;0;0;NA;36473;1;2020-06-17;-33694
2020-06-14;"Banskobystrický kraj";2;0;0;0;NA;36473;2;2020-06-14;-33695
2020-06-13;"Banskobystrický kraj";2;0;0;0;NA;36473;2;2020-06-13;-33697
2020-06-11;"Banskobystrický kraj";1;0;0;0;NA;36473;1;2020-06-11;-33699
2020-06-05;"Banskobystrický kraj";2;0;0;0;NA;36473;2;2020-06-05;-33700
2020-05-27;"Banskobystrický kraj";1;0;0;0;NA;36473;1;2020-05-27;-33702
2020-05-23;"Banskobystrický kraj";1;0;0;0;NA;36473;1;2020-05-23;-33703
2020-05-20;"Banskobystrický kraj";1;0;0;0;NA;36473;1;2020-05-20;-33704
2020-05-12;"Banskobystrický kraj";1;0;0;0;NA;36473;1;2020-05-12;-33705
2020-05-07;"Banskobystrický kraj";2;0;0;0;NA;36473;2;2020-05-07;-33706
2020-05-06;"Banskobystrický kraj";1;0;0;0;NA;36473;1;2020-05-06;-33708
2020-05-05;"Banskobystrický kraj";2;0;0;0;NA;36473;2;2020-05-05;-33709
2020-04-30;"Banskobystrický kraj";1;0;0;0;NA;36473;1;2020-04-30;-33711
2020-04-29;"Banskobystrický kraj";1;0;0;0;NA;36473;1;2020-04-29;-33712
2020-04-25;"Banskobystrický kraj";2;0;0;0;NA;36473;2;2020-04-25;-33713
2020-04-24;"Banskobystrický kraj";3;0;0;0;NA;36473;3;2020-04-24;-33715
2020-04-23;"Banskobystrický kraj";2;0;0;0;NA;36473;2;2020-04-23;-33718
2020-04-22;"Banskobystrický kraj";2;0;0;0;NA;36473;2;2020-04-22;-33720
2020-04-21;"Banskobystrický kraj";2;0;0;0;NA;36473;2;2020-04-21;-33722
2020-04-18;"Banskobystrický kraj";8;0;0;0;NA;36473;8;2020-04-18;-33724
2020-04-17;"Banskobystrický kraj";2;0;0;0;NA;36473;2;2020-04-17;-33732
2020-04-15;"Banskobystrický kraj";10;0;0;0;NA;36473;10;2020-04-15;-33734
2020-04-13;"Banskobystrický kraj";2;0;0;0;NA;36473;2;2020-04-13;-33744
2020-04-12;"Banskobystrický kraj";4;0;0;0;NA;36473;4;2020-04-12;-33746
2020-04-11;"Banskobystrický kraj";1;0;0;0;NA;36473;1;2020-04-11;-33750
2020-04-09;"Banskobystrický kraj";2;0;0;0;NA;36473;2;2020-04-09;-33751
2020-04-07;"Banskobystrický kraj";4;0;0;0;NA;36473;4;2020-04-07;-33753
2020-04-06;"Banskobystrický kraj";10;0;0;0;NA;36473;10;2020-04-06;-33757
2020-04-05;"Banskobystrický kraj";9;0;0;0;NA;36473;9;2020-04-05;-33767
2020-04-03;"Banskobystrický kraj";2;0;0;0;NA;36473;2;2020-04-03;-33776
2020-04-02;"Banskobystrický kraj";2;0;0;0;NA;36473;2;2020-04-02;-33778
2020-04-01;"Banskobystrický kraj";5;0;0;0;NA;36473;5;2020-04-01;-33780
2020-03-31;"Banskobystrický kraj";3;0;0;0;NA;36473;3;2020-03-31;-33785
2020-03-30;"Banskobystrický kraj";1;0;0;0;NA;36473;1;2020-03-30;-33788
2020-03-29;"Banskobystrický kraj";2;0;0;0;NA;36473;2;2020-03-29;-33789
2020-03-28;"Banskobystrický kraj";1;0;0;0;NA;36473;1;2020-03-28;-33791
2020-03-27;"Banskobystrický kraj";1;0;0;0;NA;36473;1;2020-03-27;-33792
2020-03-26;"Banskobystrický kraj";1;0;0;0;NA;36473;1;2020-03-26;-33793
2020-03-24;"Banskobystrický kraj";1;0;0;0;NA;36473;1;2020-03-24;-33794
2020-03-23;"Banskobystrický kraj";1;0;0;0;NA;36473;1;2020-03-23;-33795
2020-03-21;"Banskobystrický kraj";3;0;0;0;NA;36473;3;2020-03-21;-33796
2020-03-19;"Banskobystrický kraj";2;0;0;0;NA;36473;2;2020-03-19;-33799
2020-03-18;"Banskobystrický kraj";1;0;0;0;NA;36473;1;2020-03-18;-33801
2020-03-17;"Banskobystrický kraj";1;0;0;0;NA;36473;1;2020-03-17;-33802
2020-03-15;"Banskobystrický kraj";1;0;0;0;NA;36473;1;2020-03-15;-33803
2020-03-13;"Banskobystrický kraj";1;0;0;0;NA;36473;1;2020-03-13;-33804
2021-03-20;"Bratislavský kraj";59;48177;138;48315;NA;39397;197;2021-03-20;39397
2021-03-19;"Bratislavský kraj";139;42060;199;42259;NA;39397;338;2021-03-19;39200
2021-03-18;"Bratislavský kraj";142;27565;162;27727;NA;39397;304;2021-03-18;38862
2021-03-17;"Bratislavský kraj";177;26984;177;27161;NA;39397;354;2021-03-17;38558
2021-03-16;"Bratislavský kraj";258;34586;264;34850;NA;39397;522;2021-03-16;38204
2021-03-15;"Bratislavský kraj";180;36383;233;36616;NA;39397;413;2021-03-15;37682
2021-03-14;"Bratislavský kraj";75;50191;267;50458;NA;39397;342;2021-03-14;37269
2021-03-13;"Bratislavský kraj";110;73920;300;74220;NA;39397;410;2021-03-13;36927
2021-03-12;"Bratislavský kraj";152;50841;277;51118;NA;39397;429;2021-03-12;36517
2021-03-11;"Bratislavský kraj";178;32106;255;32361;NA;39397;433;2021-03-11;36088
2021-03-10;"Bratislavský kraj";164;29796;252;30048;NA;39397;416;2021-03-10;35655
2021-03-09;"Bratislavský kraj";242;38814;250;39064;NA;39397;492;2021-03-09;35239
2021-03-08;"Bratislavský kraj";255;40030;325;40355;NA;39397;580;2021-03-08;34747
2021-03-07;"Bratislavský kraj";142;48896;259;49155;NA;39397;401;2021-03-07;34167
2021-03-06;"Bratislavský kraj";79;66639;382;67021;NA;39397;461;2021-03-06;33766
2021-03-05;"Bratislavský kraj";238;49264;297;49561;NA;39397;535;2021-03-05;33305
2021-03-04;"Bratislavský kraj";204;32054;305;32359;NA;39397;509;2021-03-04;32770
2021-03-03;"Bratislavský kraj";250;30165;361;30526;NA;39397;611;2021-03-03;32261
2021-03-02;"Bratislavský kraj";267;39266;390;39656;NA;39397;657;2021-03-02;31650
2021-03-01;"Bratislavský kraj";320;37922;428;38350;NA;39397;748;2021-03-01;30993
2021-02-28;"Bratislavský kraj";184;48751;318;49069;NA;39397;502;2021-02-28;30245
2021-02-27;"Bratislavský kraj";151;74899;440;75339;NA;39397;591;2021-02-27;29743
2021-02-26;"Bratislavský kraj";277;47535;409;47944;NA;39397;686;2021-02-26;29152
2021-02-25;"Bratislavský kraj";277;27923;404;28327;NA;39397;681;2021-02-25;28466
2021-02-24;"Bratislavský kraj";217;27174;427;27601;NA;39397;644;2021-02-24;27785
2021-02-23;"Bratislavský kraj";257;30768;388;31156;NA;39397;645;2021-02-23;27141
2021-02-22;"Bratislavský kraj";353;36291;491;36782;NA;39397;844;2021-02-22;26496
2021-02-21;"Bratislavský kraj";185;47878;363;48241;NA;39397;548;2021-02-21;25652
2021-02-20;"Bratislavský kraj";167;72746;523;73269;NA;39397;690;2021-02-20;25104
2021-02-19;"Bratislavský kraj";280;44769;412;45181;NA;39397;692;2021-02-19;24414
2021-02-18;"Bratislavský kraj";263;26487;379;26866;NA;39397;642;2021-02-18;23722
2021-02-17;"Bratislavský kraj";264;22525;322;22847;NA;39397;586;2021-02-17;23080
2021-02-16;"Bratislavský kraj";289;27327;349;27676;NA;39397;638;2021-02-16;22494
2021-02-15;"Bratislavský kraj";248;36218;387;36605;NA;39397;635;2021-02-15;21856
2021-02-14;"Bratislavský kraj";153;42981;309;43290;NA;39397;462;2021-02-14;21221
2021-02-13;"Bratislavský kraj";173;65652;497;66149;NA;39397;670;2021-02-13;20759
2021-02-12;"Bratislavský kraj";282;35418;322;35740;NA;39397;604;2021-02-12;20089
2021-02-11;"Bratislavský kraj";337;24124;289;24413;NA;39397;626;2021-02-11;19485
2021-02-10;"Bratislavský kraj";314;22750;353;23103;NA;39397;667;2021-02-10;18859
2021-02-09;"Bratislavský kraj";287;37115;483;37598;NA;39397;770;2021-02-09;18192
2021-02-08;"Bratislavský kraj";484;33473;396;33869;NA;39397;880;2021-02-08;17422
2021-02-07;"Bratislavský kraj";243;48889;418;49307;NA;39397;661;2021-02-07;16542
2021-02-06;"Bratislavský kraj";116;62803;516;63319;NA;39397;632;2021-02-06;15881
2021-02-05;"Bratislavský kraj";327;27355;376;27731;NA;39397;703;2021-02-05;15249
2021-02-04;"Bratislavský kraj";555;16331;350;16681;NA;39397;905;2021-02-04;14546
2021-02-03;"Bratislavský kraj";161;12936;370;13306;NA;39397;531;2021-02-03;13641
2021-02-02;"Bratislavský kraj";397;26860;485;27345;NA;39397;882;2021-02-02;13110
2021-02-01;"Bratislavský kraj";221;37646;507;38153;NA;39397;728;2021-02-01;12228
2021-01-31;"Bratislavský kraj";180;32582;369;32951;NA;39397;549;2021-01-31;11500
2021-01-30;"Bratislavský kraj";310;40445;431;40876;NA;39397;741;2021-01-30;10951
2021-01-29;"Bratislavský kraj";344;14862;316;15178;NA;39397;660;2021-01-29;10210
2021-01-28;"Bratislavský kraj";307;10452;301;10753;NA;39397;608;2021-01-28;9550
2021-01-27;"Bratislavský kraj";336;21991;341;22332;NA;39397;677;2021-01-27;8942
2021-01-26;"Bratislavský kraj";297;21825;279;22104;NA;39397;576;2021-01-26;8265
2021-01-25;"Bratislavský kraj";356;21956;230;22186;NA;39397;586;2021-01-25;7689
2021-01-24;"Bratislavský kraj";175;34649;350;34999;NA;39397;525;2021-01-24;7103
2021-01-23;"Bratislavský kraj";396;75111;655;75766;NA;39397;1051;2021-01-23;6578
2021-01-22;"Bratislavský kraj";199;41403;353;41756;NA;39397;552;2021-01-22;5527
2021-01-21;"Bratislavský kraj";255;105126;1304;106430;NA;39397;1559;2021-01-21;4975
2021-01-20;"Bratislavský kraj";360;26822;453;27275;NA;39397;813;2021-01-20;3416
2021-01-19;"Bratislavský kraj";375;13616;338;13954;NA;39397;713;2021-01-19;2603
2021-01-18;"Bratislavský kraj";357;11645;706;12351;NA;39397;1063;2021-01-18;1890
2021-01-17;"Bratislavský kraj";244;410;26;436;NA;39397;270;2021-01-17;827
2021-01-16;"Bratislavský kraj";70;2908;156;3064;NA;39397;226;2021-01-16;557
2021-01-15;"Bratislavský kraj";251;7632;254;7886;NA;39397;505;2021-01-15;331
2021-01-14;"Bratislavský kraj";363;8078;273;8351;NA;39397;636;2021-01-14;-174
2021-01-13;"Bratislavský kraj";336;7886;328;8214;NA;39397;664;2021-01-13;-810
2021-01-12;"Bratislavský kraj";450;9435;463;9898;NA;39397;913;2021-01-12;-1474
2021-01-11;"Bratislavský kraj";397;18956;380;19336;NA;39397;777;2021-01-11;-2387
2021-01-10;"Bratislavský kraj";252;1341;79;1420;NA;39397;331;2021-01-10;-3164
2021-01-09;"Bratislavský kraj";351;4946;291;5237;NA;39397;642;2021-01-09;-3495
2021-01-08;"Bratislavský kraj";556;9716;433;10149;NA;39397;989;2021-01-08;-4137
2021-01-07;"Bratislavský kraj";537;6995;412;7407;NA;39397;949;2021-01-07;-5126
2021-01-06;"Bratislavský kraj";271;3018;216;3234;NA;39397;487;2021-01-06;-6075
2021-01-05;"Bratislavský kraj";619;12126;843;12969;NA;39397;1462;2021-01-05;-6562
2021-01-04;"Bratislavský kraj";601;7222;603;7825;NA;39397;1204;2021-01-04;-8024
2021-01-03;"Bratislavský kraj";77;389;41;430;NA;39397;118;2021-01-03;-9228
2021-01-02;"Bratislavský kraj";185;370;56;426;NA;39397;241;2021-01-02;-9346
2021-01-01;"Bratislavský kraj";235;3143;130;3273;NA;39397;365;2021-01-01;-9587
2020-12-31;"Bratislavský kraj";925;13824;590;14414;NA;39397;1515;2020-12-31;-9952
2020-12-30;"Bratislavský kraj";650;9195;519;9714;NA;39397;1169;2020-12-30;-11467
2020-12-29;"Bratislavský kraj";303;10223;774;10997;NA;39397;1077;2020-12-29;-12636
2020-12-28;"Bratislavský kraj";255;7608;559;8167;NA;39397;814;2020-12-28;-13713
2020-12-27;"Bratislavský kraj";160;646;76;722;NA;39397;236;2020-12-27;-14527
2020-12-26;"Bratislavský kraj";75;416;23;439;NA;39397;98;2020-12-26;-14763
2020-12-25;"Bratislavský kraj";114;460;38;498;NA;39397;152;2020-12-25;-14861
2020-12-24;"Bratislavský kraj";536;3373;102;3475;NA;39397;638;2020-12-24;-15013
2020-12-23;"Bratislavský kraj";416;13030;498;13528;NA;39397;914;2020-12-23;-15651
2020-12-22;"Bratislavský kraj";327;15107;770;15877;NA;39397;1097;2020-12-22;-16565
2020-12-21;"Bratislavský kraj";392;14930;2002;16932;NA;39397;2394;2020-12-21;-17662
2020-12-20;"Bratislavský kraj";180;633;54;687;NA;39397;234;2020-12-20;-20056
2020-12-19;"Bratislavský kraj";396;3150;129;3279;NA;39397;525;2020-12-19;-20290
2020-12-18;"Bratislavský kraj";306;10477;413;10890;NA;39397;719;2020-12-18;-20815
2020-12-17;"Bratislavský kraj";502;10153;410;10563;NA;39397;912;2020-12-17;-21534
2020-12-16;"Bratislavský kraj";282;10566;456;11022;NA;39397;738;2020-12-16;-22446
2020-12-15;"Bratislavský kraj";423;10856;488;11344;NA;39397;911;2020-12-15;-23184
2020-12-14;"Bratislavský kraj";279;6628;310;6938;NA;39397;589;2020-12-14;-24095
2020-12-13;"Bratislavský kraj";125;108;7;115;NA;39397;132;2020-12-13;-24684
2020-12-12;"Bratislavský kraj";361;3734;157;3891;NA;39397;518;2020-12-12;-24816
2020-12-11;"Bratislavský kraj";326;7102;302;7404;NA;39397;628;2020-12-11;-25334
2020-12-10;"Bratislavský kraj";286;5169;222;5391;NA;39397;508;2020-12-10;-25962
2020-12-09;"Bratislavský kraj";382;4778;188;4966;NA;39397;570;2020-12-09;-26470
2020-12-08;"Bratislavský kraj";234;5900;213;6113;NA;39397;447;2020-12-08;-27040
2020-12-07;"Bratislavský kraj";272;4345;168;4513;NA;39397;440;2020-12-07;-27487
2020-12-06;"Bratislavský kraj";61;1584;52;1636;NA;39397;113;2020-12-06;-27927
2020-12-05;"Bratislavský kraj";266;2134;40;2174;NA;39397;306;2020-12-05;-28040
2020-12-04;"Bratislavský kraj";200;4511;104;4615;NA;39397;304;2020-12-04;-28346
2020-12-03;"Bratislavský kraj";213;5036;102;5138;NA;39397;315;2020-12-03;-28650
2020-12-02;"Bratislavský kraj";205;2669;94;2763;NA;39397;299;2020-12-02;-28965
2020-12-01;"Bratislavský kraj";255;3776;202;3978;NA;39397;457;2020-12-01;-29264
2020-11-30;"Bratislavský kraj";152;2061;123;2184;NA;39397;275;2020-11-30;-29721
2020-11-29;"Bratislavský kraj";52;41;21;62;NA;39397;73;2020-11-29;-29996
2020-11-28;"Bratislavský kraj";232;1983;21;2004;NA;39397;253;2020-11-28;-30069
2020-11-27;"Bratislavský kraj";54;1198;29;1227;NA;39397;83;2020-11-27;-30322
2020-11-26;"Bratislavský kraj";129;1114;25;1139;NA;39397;154;2020-11-26;-30405
2020-11-25;"Bratislavský kraj";140;1133;31;1164;NA;39397;171;2020-11-25;-30559
2020-11-24;"Bratislavský kraj";81;2988;67;3055;NA;39397;148;2020-11-24;-30730
2020-11-23;"Bratislavský kraj";67;405;13;418;NA;39397;80;2020-11-23;-30878
2020-11-22;"Bratislavský kraj";36;81;7;88;NA;39397;43;2020-11-22;-30958
2020-11-21;"Bratislavský kraj";109;2126;47;2173;NA;39397;156;2020-11-21;-31001
2020-11-20;"Bratislavský kraj";118;2869;48;2917;NA;39397;166;2020-11-20;-31157
2020-11-19;"Bratislavský kraj";173;987;29;1016;NA;39397;202;2020-11-19;-31323
2020-11-18;"Bratislavský kraj";118;616;75;691;NA;39397;193;2020-11-18;-31525
2020-11-17;"Bratislavský kraj";108;928;23;951;NA;39397;131;2020-11-17;-31718
2020-11-16;"Bratislavský kraj";82;651;9;660;NA;39397;91;2020-11-16;-31849
2020-11-15;"Bratislavský kraj";47;236;0;236;NA;39397;47;2020-11-15;-31940
2020-11-14;"Bratislavský kraj";53;1834;15;1849;NA;39397;68;2020-11-14;-31987
2020-11-13;"Bratislavský kraj";94;2096;21;2117;NA;39397;115;2020-11-13;-32055
2020-11-12;"Bratislavský kraj";141;1727;6;1733;NA;39397;147;2020-11-12;-32170
2020-11-11;"Bratislavský kraj";159;1429;12;1441;NA;39397;171;2020-11-11;-32317
2020-11-10;"Bratislavský kraj";136;805;14;819;NA;39397;150;2020-11-10;-32488
2020-11-09;"Bratislavský kraj";70;466;1;467;NA;39397;71;2020-11-09;-32638
2020-11-08;"Bratislavský kraj";82;869;6;875;NA;39397;88;2020-11-08;-32709
2020-11-07;"Bratislavský kraj";88;4039;17;4056;NA;39397;105;2020-11-07;-32797
2020-11-06;"Bratislavský kraj";281;6441;25;6466;NA;39397;306;2020-11-06;-32902
2020-11-05;"Bratislavský kraj";175;476;11;487;NA;39397;186;2020-11-05;-33208
2020-11-04;"Bratislavský kraj";65;411;10;421;NA;39397;75;2020-11-04;-33394
2020-11-03;"Bratislavský kraj";251;944;5;949;NA;39397;256;2020-11-03;-33469
2020-11-02;"Bratislavský kraj";202;3365;22;3387;NA;39397;224;2020-11-02;-33725
2020-11-01;"Bratislavský kraj";227;8694;39;8733;NA;39397;266;2020-11-01;-33949
2020-10-31;"Bratislavský kraj";173;22407;123;22530;NA;39397;296;2020-10-31;-34215
2020-10-30;"Bratislavský kraj";158;17350;138;17488;NA;39397;296;2020-10-30;-34511
2020-10-29;"Bratislavský kraj";262;116;4;120;NA;39397;266;2020-10-29;-34807
2020-10-28;"Bratislavský kraj";220;260;15;275;NA;39397;235;2020-10-28;-35073
2020-10-27;"Bratislavský kraj";256;145;4;149;NA;39397;260;2020-10-27;-35308
2020-10-26;"Bratislavský kraj";123;229;11;240;NA;39397;134;2020-10-26;-35568
2020-10-25;"Bratislavský kraj";152;33;2;35;NA;39397;154;2020-10-25;-35702
2020-10-24;"Bratislavský kraj";170;221;6;227;NA;39397;176;2020-10-24;-35856
2020-10-23;"Bratislavský kraj";151;144;8;152;NA;39397;159;2020-10-23;-36032
2020-10-22;"Bratislavský kraj";192;204;15;219;NA;39397;207;2020-10-22;-36191
2020-10-21;"Bratislavský kraj";66;90;6;96;NA;39397;72;2020-10-21;-36398
2020-10-20;"Bratislavský kraj";183;97;4;101;NA;39397;187;2020-10-20;-36470
2020-10-19;"Bratislavský kraj";148;80;3;83;NA;39397;151;2020-10-19;-36657
2020-10-18;"Bratislavský kraj";75;92;0;92;NA;39397;75;2020-10-18;-36808
2020-10-17;"Bratislavský kraj";136;0;0;0;NA;39397;136;2020-10-17;-36883
2020-10-16;"Bratislavský kraj";103;14;1;15;NA;39397;104;2020-10-16;-37019
2020-10-15;"Bratislavský kraj";135;6;1;7;NA;39397;136;2020-10-15;-37123
2020-10-14;"Bratislavský kraj";127;4;0;4;NA;39397;127;2020-10-14;-37259
2020-10-13;"Bratislavský kraj";86;108;8;116;NA;39397;94;2020-10-13;-37386
2020-10-12;"Bratislavský kraj";46;0;0;0;NA;39397;46;2020-10-12;-37480
2020-10-11;"Bratislavský kraj";80;0;0;0;NA;39397;80;2020-10-11;-37526
2020-10-10;"Bratislavský kraj";55;0;0;0;NA;39397;55;2020-10-10;-37606
2020-10-09;"Bratislavský kraj";148;0;0;0;NA;39397;148;2020-10-09;-37661
2020-10-08;"Bratislavský kraj";100;0;0;0;NA;39397;100;2020-10-08;-37809
2020-10-07;"Bratislavský kraj";107;0;0;0;NA;39397;107;2020-10-07;-37909
2020-10-06;"Bratislavský kraj";108;0;0;0;NA;39397;108;2020-10-06;-38016
2020-10-05;"Bratislavský kraj";30;0;0;0;NA;39397;30;2020-10-05;-38124
2020-10-04;"Bratislavský kraj";49;0;0;0;NA;39397;49;2020-10-04;-38154
2020-10-03;"Bratislavský kraj";82;0;0;0;NA;39397;82;2020-10-03;-38203
2020-10-02;"Bratislavský kraj";101;0;0;0;NA;39397;101;2020-10-02;-38285
2020-10-01;"Bratislavský kraj";72;0;0;0;NA;39397;72;2020-10-01;-38386
2020-09-30;"Bratislavský kraj";91;0;0;0;NA;39397;91;2020-09-30;-38458
2020-09-29;"Bratislavský kraj";74;0;0;0;NA;39397;74;2020-09-29;-38549
2020-09-28;"Bratislavský kraj";29;0;0;0;NA;39397;29;2020-09-28;-38623
2020-09-27;"Bratislavský kraj";48;0;0;0;NA;39397;48;2020-09-27;-38652
2020-09-26;"Bratislavský kraj";86;0;0;0;NA;39397;86;2020-09-26;-38700
2020-09-25;"Bratislavský kraj";97;0;0;0;NA;39397;97;2020-09-25;-38786
2020-09-24;"Bratislavský kraj";73;0;0;0;NA;39397;73;2020-09-24;-38883
2020-09-23;"Bratislavský kraj";55;0;0;0;NA;39397;55;2020-09-23;-38956
2020-09-22;"Bratislavský kraj";81;0;0;0;NA;39397;81;2020-09-22;-39011
2020-09-21;"Bratislavský kraj";32;0;0;0;NA;39397;32;2020-09-21;-39092
2020-09-20;"Bratislavský kraj";25;0;0;0;NA;39397;25;2020-09-20;-39124
2020-09-19;"Bratislavský kraj";59;0;0;0;NA;39397;59;2020-09-19;-39149
2020-09-18;"Bratislavský kraj";42;0;0;0;NA;39397;42;2020-09-18;-39208
2020-09-17;"Bratislavský kraj";52;0;0;0;NA;39397;52;2020-09-17;-39250
2020-09-16;"Bratislavský kraj";32;0;0;0;NA;39397;32;2020-09-16;-39302
2020-09-15;"Bratislavský kraj";26;0;0;0;NA;39397;26;2020-09-15;-39334
2020-09-14;"Bratislavský kraj";24;0;0;0;NA;39397;24;2020-09-14;-39360
2020-09-13;"Bratislavský kraj";11;0;0;0;NA;39397;11;2020-09-13;-39384
2020-09-12;"Bratislavský kraj";24;0;0;0;NA;39397;24;2020-09-12;-39395
2020-09-11;"Bratislavský kraj";50;0;0;0;NA;39397;50;2020-09-11;-39419
2020-09-10;"Bratislavský kraj";47;0;0;0;NA;39397;47;2020-09-10;-39469
2020-09-09;"Bratislavský kraj";40;0;0;0;NA;39397;40;2020-09-09;-39516
2020-09-08;"Bratislavský kraj";58;0;0;0;NA;39397;58;2020-09-08;-39556
2020-09-07;"Bratislavský kraj";39;0;0;0;NA;39397;39;2020-09-07;-39614
2020-09-06;"Bratislavský kraj";11;0;0;0;NA;39397;11;2020-09-06;-39653
2020-09-05;"Bratislavský kraj";37;0;0;0;NA;39397;37;2020-09-05;-39664
2020-09-04;"Bratislavský kraj";87;0;0;0;NA;39397;87;2020-09-04;-39701
2020-09-03;"Bratislavský kraj";51;0;0;0;NA;39397;51;2020-09-03;-39788
2020-09-02;"Bratislavský kraj";50;0;0;0;NA;39397;50;2020-09-02;-39839
2020-09-01;"Bratislavský kraj";16;0;0;0;NA;39397;16;2020-09-01;-39889
2020-08-31;"Bratislavský kraj";19;0;0;0;NA;39397;19;2020-08-31;-39905
2020-08-30;"Bratislavský kraj";9;0;0;0;NA;39397;9;2020-08-30;-39924
2020-08-29;"Bratislavský kraj";12;0;0;0;NA;39397;12;2020-08-29;-39933
2020-08-28;"Bratislavský kraj";35;0;0;0;NA;39397;35;2020-08-28;-39945
2020-08-27;"Bratislavský kraj";33;0;0;0;NA;39397;33;2020-08-27;-39980
2020-08-26;"Bratislavský kraj";27;0;0;0;NA;39397;27;2020-08-26;-40013
2020-08-25;"Bratislavský kraj";29;0;0;0;NA;39397;29;2020-08-25;-40040
2020-08-24;"Bratislavský kraj";6;0;0;0;NA;39397;6;2020-08-24;-40069
2020-08-23;"Bratislavský kraj";45;0;0;0;NA;39397;45;2020-08-23;-40075
2020-08-22;"Bratislavský kraj";13;0;0;0;NA;39397;13;2020-08-22;-40120
2020-08-21;"Bratislavský kraj";46;0;0;0;NA;39397;46;2020-08-21;-40133
2020-08-20;"Bratislavský kraj";41;0;0;0;NA;39397;41;2020-08-20;-40179
2020-08-19;"Bratislavský kraj";27;0;0;0;NA;39397;27;2020-08-19;-40220
2020-08-18;"Bratislavský kraj";47;0;0;0;NA;39397;47;2020-08-18;-40247
2020-08-17;"Bratislavský kraj";2;0;0;0;NA;39397;2;2020-08-17;-40294
2020-08-16;"Bratislavský kraj";3;0;0;0;NA;39397;3;2020-08-16;-40296
2020-08-15;"Bratislavský kraj";18;0;0;0;NA;39397;18;2020-08-15;-40299
2020-08-14;"Bratislavský kraj";16;0;0;0;NA;39397;16;2020-08-14;-40317
2020-08-13;"Bratislavský kraj";12;0;0;0;NA;39397;12;2020-08-13;-40333
2020-08-12;"Bratislavský kraj";10;0;0;0;NA;39397;10;2020-08-12;-40345
2020-08-11;"Bratislavský kraj";23;0;0;0;NA;39397;23;2020-08-11;-40355
2020-08-10;"Bratislavský kraj";2;0;0;0;NA;39397;2;2020-08-10;-40378
2020-08-09;"Bratislavský kraj";2;0;0;0;NA;39397;2;2020-08-09;-40380
2020-08-08;"Bratislavský kraj";1;0;0;0;NA;39397;1;2020-08-08;-40382
2020-08-07;"Bratislavský kraj";9;0;0;0;NA;39397;9;2020-08-07;-40383
2020-08-06;"Bratislavský kraj";15;0;0;0;NA;39397;15;2020-08-06;-40392
2020-08-05;"Bratislavský kraj";11;0;0;0;NA;39397;11;2020-08-05;-40407
2020-08-04;"Bratislavský kraj";21;0;0;0;NA;39397;21;2020-08-04;-40418
2020-08-03;"Bratislavský kraj";7;0;0;0;NA;39397;7;2020-08-03;-40439
2020-07-31;"Bratislavský kraj";14;0;0;0;NA;39397;14;2020-07-31;-40446
2020-07-30;"Bratislavský kraj";6;0;0;0;NA;39397;6;2020-07-30;-40460
2020-07-29;"Bratislavský kraj";7;0;0;0;NA;39397;7;2020-07-29;-40466
2020-07-28;"Bratislavský kraj";14;0;0;0;NA;39397;14;2020-07-28;-40473
2020-07-27;"Bratislavský kraj";3;0;0;0;NA;39397;3;2020-07-27;-40487
2020-07-25;"Bratislavský kraj";8;0;0;0;NA;39397;8;2020-07-25;-40490
2020-07-24;"Bratislavský kraj";2;0;0;0;NA;39397;2;2020-07-24;-40498
2020-07-23;"Bratislavský kraj";8;0;0;0;NA;39397;8;2020-07-23;-40500
2020-07-22;"Bratislavský kraj";11;0;0;0;NA;39397;11;2020-07-22;-40508
2020-07-21;"Bratislavský kraj";8;0;0;0;NA;39397;8;2020-07-21;-40519
2020-07-20;"Bratislavský kraj";12;0;0;0;NA;39397;12;2020-07-20;-40527
2020-07-18;"Bratislavský kraj";2;0;0;0;NA;39397;2;2020-07-18;-40539
2020-07-17;"Bratislavský kraj";2;0;0;0;NA;39397;2;2020-07-17;-40541
2020-07-16;"Bratislavský kraj";6;0;0;0;NA;39397;6;2020-07-16;-40543
2020-07-15;"Bratislavský kraj";3;0;0;0;NA;39397;3;2020-07-15;-40549
2020-07-14;"Bratislavský kraj";2;0;0;0;NA;39397;2;2020-07-14;-40552
2020-07-13;"Bratislavský kraj";2;0;0;0;NA;39397;2;2020-07-13;-40554
2020-07-10;"Bratislavský kraj";8;0;0;0;NA;39397;8;2020-07-10;-40556
2020-07-09;"Bratislavský kraj";2;0;0;0;NA;39397;2;2020-07-09;-40564
2020-07-08;"Bratislavský kraj";11;0;0;0;NA;39397;11;2020-07-08;-40566
2020-07-07;"Bratislavský kraj";5;0;0;0;NA;39397;5;2020-07-07;-40577
2020-07-06;"Bratislavský kraj";1;0;0;0;NA;39397;1;2020-07-06;-40582
2020-07-04;"Bratislavský kraj";3;0;0;0;NA;39397;3;2020-07-04;-40583
2020-07-03;"Bratislavský kraj";1;0;0;0;NA;39397;1;2020-07-03;-40586
2020-07-01;"Bratislavský kraj";7;0;0;0;NA;39397;7;2020-07-01;-40587
2020-06-30;"Bratislavský kraj";3;0;0;0;NA;39397;3;2020-06-30;-40594
2020-06-29;"Bratislavský kraj";1;0;0;0;NA;39397;1;2020-06-29;-40597
2020-06-27;"Bratislavský kraj";1;0;0;0;NA;39397;1;2020-06-27;-40598
2020-06-26;"Bratislavský kraj";6;0;0;0;NA;39397;6;2020-06-26;-40599
2020-06-24;"Bratislavský kraj";3;0;0;0;NA;39397;3;2020-06-24;-40605
2020-06-22;"Bratislavský kraj";1;0;0;0;NA;39397;1;2020-06-22;-40608
2020-06-19;"Bratislavský kraj";3;0;0;0;NA;39397;3;2020-06-19;-40609
2020-06-14;"Bratislavský kraj";2;0;0;0;NA;39397;2;2020-06-14;-40612
2020-06-13;"Bratislavský kraj";1;0;0;0;NA;39397;1;2020-06-13;-40614
2020-06-12;"Bratislavský kraj";2;0;0;0;NA;39397;2;2020-06-12;-40615
2020-06-08;"Bratislavský kraj";1;0;0;0;NA;39397;1;2020-06-08;-40617
2020-06-03;"Bratislavský kraj";1;0;0;0;NA;39397;1;2020-06-03;-40618
2020-05-27;"Bratislavský kraj";1;0;0;0;NA;39397;1;2020-05-27;-40619
2020-05-23;"Bratislavský kraj";2;0;0;0;NA;39397;2;2020-05-23;-40620
2020-05-12;"Bratislavský kraj";2;0;0;0;NA;39397;2;2020-05-12;-40622
2020-05-07;"Bratislavský kraj";1;0;0;0;NA;39397;1;2020-05-07;-40624
2020-05-06;"Bratislavský kraj";3;0;0;0;NA;39397;3;2020-05-06;-40625
2020-05-03;"Bratislavský kraj";2;0;0;0;NA;39397;2;2020-05-03;-40628
2020-04-30;"Bratislavský kraj";5;0;0;0;NA;39397;5;2020-04-30;-40630
2020-04-28;"Bratislavský kraj";2;0;0;0;NA;39397;2;2020-04-28;-40635
2020-04-26;"Bratislavský kraj";1;0;0;0;NA;39397;1;2020-04-26;-40637
2020-04-24;"Bratislavský kraj";2;0;0;0;NA;39397;2;2020-04-24;-40638
2020-04-23;"Bratislavský kraj";6;0;0;0;NA;39397;6;2020-04-23;-40640
2020-04-22;"Bratislavský kraj";11;0;0;0;NA;39397;11;2020-04-22;-40646
2020-04-21;"Bratislavský kraj";4;0;0;0;NA;39397;4;2020-04-21;-40657
2020-04-19;"Bratislavský kraj";4;0;0;0;NA;39397;4;2020-04-19;-40661
2020-04-18;"Bratislavský kraj";5;0;0;0;NA;39397;5;2020-04-18;-40665
2020-04-17;"Bratislavský kraj";6;0;0;0;NA;39397;6;2020-04-17;-40670
2020-04-16;"Bratislavský kraj";15;0;0;0;NA;39397;15;2020-04-16;-40676
2020-04-15;"Bratislavský kraj";11;0;0;0;NA;39397;11;2020-04-15;-40691
2020-04-14;"Bratislavský kraj";19;0;0;0;NA;39397;19;2020-04-14;-40702
2020-04-13;"Bratislavský kraj";53;0;0;0;NA;39397;53;2020-04-13;-40721
2020-04-12;"Bratislavský kraj";3;0;0;0;NA;39397;3;2020-04-12;-40774
2020-04-11;"Bratislavský kraj";1;0;0;0;NA;39397;1;2020-04-11;-40777
2020-04-10;"Bratislavský kraj";8;0;0;0;NA;39397;8;2020-04-10;-40778
2020-04-09;"Bratislavský kraj";3;0;0;0;NA;39397;3;2020-04-09;-40786
2020-04-08;"Bratislavský kraj";3;0;0;0;NA;39397;3;2020-04-08;-40789
2020-04-07;"Bratislavský kraj";24;0;0;0;NA;39397;24;2020-04-07;-40792
2020-04-06;"Bratislavský kraj";5;0;0;0;NA;39397;5;2020-04-06;-40816
2020-04-05;"Bratislavský kraj";6;0;0;0;NA;39397;6;2020-04-05;-40821
2020-04-04;"Bratislavský kraj";2;0;0;0;NA;39397;2;2020-04-04;-40827
2020-04-03;"Bratislavský kraj";1;0;0;0;NA;39397;1;2020-04-03;-40829
2020-04-02;"Bratislavský kraj";2;0;0;0;NA;39397;2;2020-04-02;-40830
2020-04-01;"Bratislavský kraj";5;0;0;0;NA;39397;5;2020-04-01;-40832
2020-03-31;"Bratislavský kraj";19;0;0;0;NA;39397;19;2020-03-31;-40837
2020-03-30;"Bratislavský kraj";6;0;0;0;NA;39397;6;2020-03-30;-40856
2020-03-29;"Bratislavský kraj";8;0;0;0;NA;39397;8;2020-03-29;-40862
2020-03-28;"Bratislavský kraj";4;0;0;0;NA;39397;4;2020-03-28;-40870
2020-03-27;"Bratislavský kraj";3;0;0;0;NA;39397;3;2020-03-27;-40874
2020-03-26;"Bratislavský kraj";15;0;0;0;NA;39397;15;2020-03-26;-40877
2020-03-25;"Bratislavský kraj";1;0;0;0;NA;39397;1;2020-03-25;-40892
2020-03-24;"Bratislavský kraj";4;0;0;0;NA;39397;4;2020-03-24;-40893
2020-03-23;"Bratislavský kraj";9;0;0;0;NA;39397;9;2020-03-23;-40897
2020-03-22;"Bratislavský kraj";2;0;0;0;NA;39397;2;2020-03-22;-40906
2020-03-21;"Bratislavský kraj";22;0;0;0;NA;39397;22;2020-03-21;-40908
2020-03-20;"Bratislavský kraj";3;0;0;0;NA;39397;3;2020-03-20;-40930
2020-03-19;"Bratislavský kraj";4;0;0;0;NA;39397;4;2020-03-19;-40933
2020-03-18;"Bratislavský kraj";3;0;0;0;NA;39397;3;2020-03-18;-40937
2020-03-17;"Bratislavský kraj";13;0;0;0;NA;39397;13;2020-03-17;-40940
2020-03-16;"Bratislavský kraj";1;0;0;0;NA;39397;1;2020-03-16;-40953
2020-03-15;"Bratislavský kraj";4;0;0;0;NA;39397;4;2020-03-15;-40954
2020-03-14;"Bratislavský kraj";9;0;0;0;NA;39397;9;2020-03-14;-40958
2020-03-13;"Bratislavský kraj";2;0;0;0;NA;39397;2;2020-03-13;-40967
2020-03-12;"Bratislavský kraj";8;0;0;0;NA;39397;8;2020-03-12;-40969
2020-03-11;"Bratislavský kraj";3;0;0;0;NA;39397;3;2020-03-11;-40977
2020-03-08;"Bratislavský kraj";2;0;0;0;NA;39397;2;2020-03-08;-40980
2020-03-07;"Bratislavský kraj";2;0;0;0;NA;39397;2;2020-03-07;-40982
2020-03-06;"Bratislavský kraj";1;0;0;0;NA;39397;1;2020-03-06;-40984
2021-03-20;"Košický kraj";126;81412;270;81682;NA;38014;396;2021-03-20;38014
2021-03-19;"Košický kraj";205;42154;243;42397;NA;38014;448;2021-03-19;37618
2021-03-18;"Košický kraj";274;22995;201;23196;NA;38014;475;2021-03-18;37170
2021-03-17;"Košický kraj";177;21312;199;21511;NA;38014;376;2021-03-17;36695
2021-03-16;"Košický kraj";386;23441;226;23667;NA;38014;612;2021-03-16;36319
2021-03-15;"Košický kraj";173;25194;277;25471;NA;38014;450;2021-03-15;35707
2021-03-14;"Košický kraj";145;44206;225;44431;NA;38014;370;2021-03-14;35257
2021-03-13;"Košický kraj";146;103110;477;103587;NA;38014;623;2021-03-13;34887
2021-03-12;"Košický kraj";366;47353;316;47669;NA;38014;682;2021-03-12;34264
2021-03-11;"Košický kraj";396;23224;261;23485;NA;38014;657;2021-03-11;33582
2021-03-10;"Košický kraj";121;22199;268;22467;NA;38014;389;2021-03-10;32925
2021-03-09;"Košický kraj";676;24524;301;24825;NA;38014;977;2021-03-09;32536
2021-03-08;"Košický kraj";559;29679;342;30021;NA;38014;901;2021-03-08;31559
2021-03-07;"Košický kraj";45;35061;229;35290;NA;38014;274;2021-03-07;30658
2021-03-06;"Košický kraj";177;106022;537;106559;NA;38014;714;2021-03-06;30384
2021-03-05;"Košický kraj";439;45553;422;45975;NA;38014;861;2021-03-05;29670
2021-03-04;"Košický kraj";417;23862;321;24183;NA;38014;738;2021-03-04;28809
2021-03-03;"Košický kraj";390;23132;297;23429;NA;38014;687;2021-03-03;28071
2021-03-02;"Košický kraj";464;24157;372;24529;NA;38014;836;2021-03-02;27384
2021-03-01;"Košický kraj";389;29980;512;30492;NA;38014;901;2021-03-01;26548
2021-02-28;"Košický kraj";265;37636;288;37924;NA;38014;553;2021-02-28;25647
2021-02-27;"Košický kraj";301;101274;787;102061;NA;38014;1088;2021-02-27;25094
2021-02-26;"Košický kraj";440;45466;492;45958;NA;38014;932;2021-02-26;24006
2021-02-25;"Košický kraj";331;19865;342;20207;NA;38014;673;2021-02-25;23074
2021-02-24;"Košický kraj";263;18798;506;19304;NA;38014;769;2021-02-24;22401
2021-02-23;"Košický kraj";642;21592;341;21933;NA;38014;983;2021-02-23;21632
2021-02-22;"Košický kraj";362;31190;439;31629;NA;38014;801;2021-02-22;20649
2021-02-21;"Košický kraj";170;40104;380;40484;NA;38014;550;2021-02-21;19848
2021-02-20;"Košický kraj";283;92550;770;93320;NA;38014;1053;2021-02-20;19298
2021-02-19;"Košický kraj";507;41792;585;42377;NA;38014;1092;2021-02-19;18245
2021-02-18;"Košický kraj";397;18442;345;18787;NA;38014;742;2021-02-18;17153
2021-02-17;"Košický kraj";322;18448;387;18835;NA;38014;709;2021-02-17;16411
2021-02-16;"Košický kraj";600;22137;463;22600;NA;38014;1063;2021-02-16;15702
2021-02-15;"Košický kraj";216;24866;369;25235;NA;38014;585;2021-02-15;14639
2021-02-14;"Košický kraj";241;56663;524;57187;NA;38014;765;2021-02-14;14054
2021-02-13;"Košický kraj";206;93191;765;93956;NA;38014;971;2021-02-13;13289
2021-02-12;"Košický kraj";448;50169;611;50780;NA;38014;1059;2021-02-12;12318
2021-02-11;"Košický kraj";435;14524;323;14847;NA;38014;758;2021-02-11;11259
2021-02-10;"Košický kraj";360;18475;431;18906;NA;38014;791;2021-02-10;10501
2021-02-09;"Košický kraj";545;24915;464;25379;NA;38014;1009;2021-02-09;9710
2021-02-08;"Košický kraj";237;27337;413;27750;NA;38014;650;2021-02-08;8701
2021-02-07;"Košický kraj";208;56897;612;57509;NA;38014;820;2021-02-07;8051
2021-02-06;"Košický kraj";318;101420;857;102277;NA;38014;1175;2021-02-06;7231
2021-02-05;"Košický kraj";384;43346;499;43845;NA;38014;883;2021-02-05;6056
2021-02-04;"Košický kraj";391;14733;370;15103;NA;38014;761;2021-02-04;5173
2021-02-03;"Košický kraj";296;32746;1111;33857;NA;38014;1407;2021-02-03;4412
2021-02-02;"Košický kraj";473;23465;438;23903;NA;38014;911;2021-02-02;3005
2021-02-01;"Košický kraj";415;19335;321;19656;NA;38014;736;2021-02-01;2094
2021-01-31;"Košický kraj";142;53674;585;54259;NA;38014;727;2021-01-31;1358
2021-01-30;"Košický kraj";320;76985;673;77658;NA;38014;993;2021-01-30;631
2021-01-29;"Košický kraj";311;37131;456;37587;NA;38014;767;2021-01-29;-362
2021-01-28;"Košický kraj";540;9025;247;9272;NA;38014;787;2021-01-28;-1129
2021-01-27;"Košický kraj";265;7484;207;7691;NA;38014;472;2021-01-27;-1916
2021-01-26;"Košický kraj";530;14210;245;14455;NA;38014;775;2021-01-26;-2388
2021-01-25;"Košický kraj";226;26161;409;26570;NA;38014;635;2021-01-25;-3163
2021-01-24;"Košický kraj";150;44908;595;45503;NA;38014;745;2021-01-24;-3798
2021-01-23;"Košický kraj";232;82016;843;82859;NA;38014;1075;2021-01-23;-4543
2021-01-22;"Košický kraj";316;19999;265;20264;NA;38014;581;2021-01-22;-5618
2021-01-21;"Košický kraj";274;14047;161;14208;NA;38014;435;2021-01-21;-6199
2021-01-20;"Košický kraj";374;10845;201;11046;NA;38014;575;2021-01-20;-6634
2021-01-19;"Košický kraj";248;9855;182;10037;NA;38014;430;2021-01-19;-7209
2021-01-18;"Košický kraj";333;5778;212;5990;NA;38014;545;2021-01-18;-7639
2021-01-17;"Košický kraj";155;535;14;549;NA;38014;169;2021-01-17;-8184
2021-01-16;"Košický kraj";153;1403;47;1450;NA;38014;200;2021-01-16;-8353
2021-01-15;"Košický kraj";308;6443;213;6656;NA;38014;521;2021-01-15;-8553
2021-01-14;"Košický kraj";358;5471;221;5692;NA;38014;579;2021-01-14;-9074
2021-01-13;"Košický kraj";421;4897;226;5123;NA;38014;647;2021-01-13;-9653
2021-01-12;"Košický kraj";482;6689;258;6947;NA;38014;740;2021-01-12;-10300
2021-01-11;"Košický kraj";309;7945;304;8249;NA;38014;613;2021-01-11;-11040
2021-01-10;"Košický kraj";193;134;6;140;NA;38014;199;2021-01-10;-11653
2021-01-09;"Košický kraj";469;1134;45;1179;NA;38014;514;2021-01-09;-11852
2021-01-08;"Košický kraj";551;8222;388;8610;NA;38014;939;2021-01-08;-12366
2021-01-07;"Košický kraj";251;6403;428;6831;NA;38014;679;2021-01-07;-13305
2021-01-06;"Košický kraj";442;429;33;462;NA;38014;475;2021-01-06;-13984
2021-01-05;"Košický kraj";584;8100;560;8660;NA;38014;1144;2021-01-05;-14459
2021-01-04;"Košický kraj";407;7113;737;7850;NA;38014;1144;2021-01-04;-15603
2021-01-03;"Košický kraj";118;661;22;683;NA;38014;140;2021-01-03;-16747
2021-01-02;"Košický kraj";88;440;52;492;NA;38014;140;2021-01-02;-16887
2021-01-01;"Košický kraj";398;725;49;774;NA;38014;447;2021-01-01;-17027
2020-12-31;"Košický kraj";625;7877;461;8338;NA;38014;1086;2020-12-31;-17474
2020-12-30;"Košický kraj";590;6477;412;6889;NA;38014;1002;2020-12-30;-18560
2020-12-29;"Košický kraj";419;7573;605;8178;NA;38014;1024;2020-12-29;-19562
2020-12-28;"Košický kraj";356;8296;804;9100;NA;38014;1160;2020-12-28;-20586
2020-12-27;"Košický kraj";159;147;16;163;NA;38014;175;2020-12-27;-21746
2020-12-26;"Košický kraj";163;274;23;297;NA;38014;186;2020-12-26;-21921
2020-12-25;"Košický kraj";237;140;10;150;NA;38014;247;2020-12-25;-22107
2020-12-24;"Košický kraj";564;1470;90;1560;NA;38014;654;2020-12-24;-22354
2020-12-23;"Košický kraj";304;7942;354;8296;NA;38014;658;2020-12-23;-23008
2020-12-22;"Košický kraj";438;7920;459;8379;NA;38014;897;2020-12-22;-23666
2020-12-21;"Košický kraj";405;6984;509;7493;NA;38014;914;2020-12-21;-24563
2020-12-20;"Košický kraj";215;48;8;56;NA;38014;223;2020-12-20;-25477
2020-12-19;"Košický kraj";207;1148;59;1207;NA;38014;266;2020-12-19;-25700
2020-12-18;"Košický kraj";310;8484;326;8810;NA;38014;636;2020-12-18;-25966
2020-12-17;"Košický kraj";463;5292;255;5547;NA;38014;718;2020-12-17;-26602
2020-12-16;"Košický kraj";455;5898;316;6214;NA;38014;771;2020-12-16;-27320
2020-12-15;"Košický kraj";319;5086;338;5424;NA;38014;657;2020-12-15;-28091
2020-12-14;"Košický kraj";256;2893;239;3132;NA;38014;495;2020-12-14;-28748
2020-12-13;"Košický kraj";47;181;2;183;NA;38014;49;2020-12-13;-29243
2020-12-12;"Košický kraj";369;1587;118;1705;NA;38014;487;2020-12-12;-29292
2020-12-11;"Košický kraj";354;5461;258;5719;NA;38014;612;2020-12-11;-29779
2020-12-10;"Košický kraj";283;4064;176;4240;NA;38014;459;2020-12-10;-30391
2020-12-09;"Košický kraj";279;3786;166;3952;NA;38014;445;2020-12-09;-30850
2020-12-08;"Košický kraj";226;4105;355;4460;NA;38014;581;2020-12-08;-31295
2020-12-07;"Košický kraj";270;2111;103;2214;NA;38014;373;2020-12-07;-31876
2020-12-06;"Košický kraj";121;97;20;117;NA;38014;141;2020-12-06;-32249
2020-12-05;"Košický kraj";90;1096;48;1144;NA;38014;138;2020-12-05;-32390
2020-12-04;"Košický kraj";224;2680;82;2762;NA;38014;306;2020-12-04;-32528
2020-12-03;"Košický kraj";211;7717;173;7890;NA;38014;384;2020-12-03;-32834
2020-12-02;"Košický kraj";193;8132;496;8628;NA;38014;689;2020-12-02;-33218
2020-12-01;"Košický kraj";178;2237;124;2361;NA;38014;302;2020-12-01;-33907
2020-11-30;"Košický kraj";171;3754;62;3816;NA;38014;233;2020-11-30;-34209
2020-11-29;"Košický kraj";31;287;16;303;NA;38014;47;2020-11-29;-34442
2020-11-28;"Košický kraj";69;721;52;773;NA;38014;121;2020-11-28;-34489
2020-11-27;"Košický kraj";149;2729;74;2803;NA;38014;223;2020-11-27;-34610
2020-11-26;"Košický kraj";239;1090;55;1145;NA;38014;294;2020-11-26;-34833
2020-11-25;"Košický kraj";237;1664;122;1786;NA;38014;359;2020-11-25;-35127
2020-11-24;"Košický kraj";196;1871;64;1935;NA;38014;260;2020-11-24;-35486
2020-11-23;"Košický kraj";51;3737;54;3791;NA;38014;105;2020-11-23;-35746
2020-11-22;"Košický kraj";57;28;3;31;NA;38014;60;2020-11-22;-35851
2020-11-21;"Košický kraj";87;858;36;894;NA;38014;123;2020-11-21;-35911
2020-11-20;"Košický kraj";176;2989;45;3034;NA;38014;221;2020-11-20;-36034
2020-11-19;"Košický kraj";206;1648;40;1688;NA;38014;246;2020-11-19;-36255
2020-11-18;"Košický kraj";122;443;16;459;NA;38014;138;2020-11-18;-36501
2020-11-17;"Košický kraj";152;82;9;91;NA;38014;161;2020-11-17;-36639
2020-11-16;"Košický kraj";114;531;24;555;NA;38014;138;2020-11-16;-36800
2020-11-15;"Košický kraj";15;338;7;345;NA;38014;22;2020-11-15;-36938
2020-11-14;"Košický kraj";234;520;12;532;NA;38014;246;2020-11-14;-36960
2020-11-13;"Košický kraj";207;664;29;693;NA;38014;236;2020-11-13;-37206
2020-11-12;"Košický kraj";192;736;13;749;NA;38014;205;2020-11-12;-37442
2020-11-11;"Košický kraj";301;593;7;600;NA;38014;308;2020-11-11;-37647
2020-11-10;"Košický kraj";190;541;11;552;NA;38014;201;2020-11-10;-37955
2020-11-09;"Košický kraj";129;380;5;385;NA;38014;134;2020-11-09;-38156
2020-11-08;"Košický kraj";78;1298;8;1306;NA;38014;86;2020-11-08;-38290
2020-11-07;"Košický kraj";192;3909;22;3931;NA;38014;214;2020-11-07;-38376
2020-11-06;"Košický kraj";195;5310;34;5344;NA;38014;229;2020-11-06;-38590
2020-11-05;"Košický kraj";342;330;31;361;NA;38014;373;2020-11-05;-38819
2020-11-04;"Košický kraj";101;154;6;160;NA;38014;107;2020-11-04;-39192
2020-11-03;"Košický kraj";358;1122;13;1135;NA;38014;371;2020-11-03;-39299
2020-11-02;"Košický kraj";111;4368;51;4419;NA;38014;162;2020-11-02;-39670
2020-11-01;"Košický kraj";346;6522;34;6556;NA;38014;380;2020-11-01;-39832
2020-10-31;"Košický kraj";82;13810;105;13915;NA;38014;187;2020-10-31;-40212
2020-10-30;"Košický kraj";379;2835;27;2862;NA;38014;406;2020-10-30;-40399
2020-10-29;"Košický kraj";333;983;13;996;NA;38014;346;2020-10-29;-40805
2020-10-28;"Košický kraj";224;305;13;318;NA;38014;237;2020-10-28;-41151
2020-10-27;"Košický kraj";386;439;21;460;NA;38014;407;2020-10-27;-41388
2020-10-26;"Košický kraj";56;206;10;216;NA;38014;66;2020-10-26;-41795
2020-10-25;"Košický kraj";154;79;2;81;NA;38014;156;2020-10-25;-41861
2020-10-24;"Košický kraj";313;113;15;128;NA;38014;328;2020-10-24;-42017
2020-10-23;"Košický kraj";315;331;8;339;NA;38014;323;2020-10-23;-42345
2020-10-22;"Košický kraj";349;530;16;546;NA;38014;365;2020-10-22;-42668
2020-10-21;"Košický kraj";129;84;2;86;NA;38014;131;2020-10-21;-43033
2020-10-20;"Košický kraj";181;14;1;15;NA;38014;182;2020-10-20;-43164
2020-10-19;"Košický kraj";64;10;0;10;NA;38014;64;2020-10-19;-43346
2020-10-18;"Košický kraj";158;0;0;0;NA;38014;158;2020-10-18;-43410
2020-10-17;"Košický kraj";142;0;0;0;NA;38014;142;2020-10-17;-43568
2020-10-16;"Košický kraj";206;19;0;19;NA;38014;206;2020-10-16;-43710
2020-10-15;"Košický kraj";177;19;5;24;NA;38014;182;2020-10-15;-43916
2020-10-14;"Košický kraj";211;8;0;8;NA;38014;211;2020-10-14;-44098
2020-10-13;"Košický kraj";179;80;3;83;NA;38014;182;2020-10-13;-44309
2020-10-12;"Košický kraj";74;0;0;0;NA;38014;74;2020-10-12;-44491
2020-10-11;"Košický kraj";121;0;0;0;NA;38014;121;2020-10-11;-44565
2020-10-10;"Košický kraj";70;0;0;0;NA;38014;70;2020-10-10;-44686
2020-10-09;"Košický kraj";188;0;0;0;NA;38014;188;2020-10-09;-44756
2020-10-08;"Košický kraj";102;0;0;0;NA;38014;102;2020-10-08;-44944
2020-10-07;"Košický kraj";158;0;0;0;NA;38014;158;2020-10-07;-45046
2020-10-06;"Košický kraj";70;0;0;0;NA;38014;70;2020-10-06;-45204
2020-10-05;"Košický kraj";39;0;0;0;NA;38014;39;2020-10-05;-45274
2020-10-04;"Košický kraj";45;0;0;0;NA;38014;45;2020-10-04;-45313
2020-10-03;"Košický kraj";105;0;0;0;NA;38014;105;2020-10-03;-45358
2020-10-02;"Košický kraj";57;0;0;0;NA;38014;57;2020-10-02;-45463
2020-10-01;"Košický kraj";69;0;0;0;NA;38014;69;2020-10-01;-45520
2020-09-30;"Košický kraj";95;0;0;0;NA;38014;95;2020-09-30;-45589
2020-09-29;"Košický kraj";75;0;0;0;NA;38014;75;2020-09-29;-45684
2020-09-28;"Košický kraj";19;0;0;0;NA;38014;19;2020-09-28;-45759
2020-09-27;"Košický kraj";21;0;0;0;NA;38014;21;2020-09-27;-45778
2020-09-26;"Košický kraj";53;0;0;0;NA;38014;53;2020-09-26;-45799
2020-09-25;"Košický kraj";72;0;0;0;NA;38014;72;2020-09-25;-45852
2020-09-24;"Košický kraj";35;0;0;0;NA;38014;35;2020-09-24;-45924
2020-09-23;"Košický kraj";23;0;0;0;NA;38014;23;2020-09-23;-45959
2020-09-22;"Košický kraj";39;0;0;0;NA;38014;39;2020-09-22;-45982
2020-09-21;"Košický kraj";5;0;0;0;NA;38014;5;2020-09-21;-46021
2020-09-20;"Košický kraj";3;0;0;0;NA;38014;3;2020-09-20;-46026
2020-09-19;"Košický kraj";13;0;0;0;NA;38014;13;2020-09-19;-46029
2020-09-18;"Košický kraj";20;0;0;0;NA;38014;20;2020-09-18;-46042
2020-09-17;"Košický kraj";22;0;0;0;NA;38014;22;2020-09-17;-46062
2020-09-16;"Košický kraj";12;0;0;0;NA;38014;12;2020-09-16;-46084
2020-09-15;"Košický kraj";10;0;0;0;NA;38014;10;2020-09-15;-46096
2020-09-14;"Košický kraj";6;0;0;0;NA;38014;6;2020-09-14;-46106
2020-09-13;"Košický kraj";3;0;0;0;NA;38014;3;2020-09-13;-46112
2020-09-12;"Košický kraj";16;0;0;0;NA;38014;16;2020-09-12;-46115
2020-09-11;"Košický kraj";20;0;0;0;NA;38014;20;2020-09-11;-46131
2020-09-10;"Košický kraj";11;0;0;0;NA;38014;11;2020-09-10;-46151
2020-09-09;"Košický kraj";37;0;0;0;NA;38014;37;2020-09-09;-46162
2020-09-08;"Košický kraj";10;0;0;0;NA;38014;10;2020-09-08;-46199
2020-09-07;"Košický kraj";4;0;0;0;NA;38014;4;2020-09-07;-46209
2020-09-06;"Košický kraj";2;0;0;0;NA;38014;2;2020-09-06;-46213
2020-09-05;"Košický kraj";10;0;0;0;NA;38014;10;2020-09-05;-46215
2020-09-04;"Košický kraj";14;0;0;0;NA;38014;14;2020-09-04;-46225
2020-09-03;"Košický kraj";22;0;0;0;NA;38014;22;2020-09-03;-46239
2020-09-02;"Košický kraj";13;0;0;0;NA;38014;13;2020-09-02;-46261
2020-09-01;"Košický kraj";21;0;0;0;NA;38014;21;2020-09-01;-46274
2020-08-31;"Košický kraj";9;0;0;0;NA;38014;9;2020-08-31;-46295
2020-08-30;"Košický kraj";21;0;0;0;NA;38014;21;2020-08-30;-46304
2020-08-29;"Košický kraj";1;0;0;0;NA;38014;1;2020-08-29;-46325
2020-08-28;"Košický kraj";19;0;0;0;NA;38014;19;2020-08-28;-46326
2020-08-27;"Košický kraj";15;0;0;0;NA;38014;15;2020-08-27;-46345
2020-08-26;"Košický kraj";8;0;0;0;NA;38014;8;2020-08-26;-46360
2020-08-25;"Košický kraj";23;0;0;0;NA;38014;23;2020-08-25;-46368
2020-08-24;"Košický kraj";6;0;0;0;NA;38014;6;2020-08-24;-46391
2020-08-23;"Košický kraj";8;0;0;0;NA;38014;8;2020-08-23;-46397
2020-08-22;"Košický kraj";13;0;0;0;NA;38014;13;2020-08-22;-46405
2020-08-21;"Košický kraj";10;0;0;0;NA;38014;10;2020-08-21;-46418
2020-08-20;"Košický kraj";10;0;0;0;NA;38014;10;2020-08-20;-46428
2020-08-19;"Košický kraj";3;0;0;0;NA;38014;3;2020-08-19;-46438
2020-08-18;"Košický kraj";7;0;0;0;NA;38014;7;2020-08-18;-46441
2020-08-17;"Košický kraj";2;0;0;0;NA;38014;2;2020-08-17;-46448
2020-08-16;"Košický kraj";2;0;0;0;NA;38014;2;2020-08-16;-46450
2020-08-15;"Košický kraj";3;0;0;0;NA;38014;3;2020-08-15;-46452
2020-08-14;"Košický kraj";1;0;0;0;NA;38014;1;2020-08-14;-46455
2020-08-13;"Košický kraj";3;0;0;0;NA;38014;3;2020-08-13;-46456
2020-08-12;"Košický kraj";12;0;0;0;NA;38014;12;2020-08-12;-46459
2020-08-11;"Košický kraj";5;0;0;0;NA;38014;5;2020-08-11;-46471
2020-08-10;"Košický kraj";1;0;0;0;NA;38014;1;2020-08-10;-46476
2020-08-08;"Košický kraj";5;0;0;0;NA;38014;5;2020-08-08;-46477
2020-08-07;"Košický kraj";7;0;0;0;NA;38014;7;2020-08-07;-46482
2020-08-06;"Košický kraj";3;0;0;0;NA;38014;3;2020-08-06;-46489
2020-08-05;"Košický kraj";4;0;0;0;NA;38014;4;2020-08-05;-46492
2020-08-04;"Košický kraj";1;0;0;0;NA;38014;1;2020-08-04;-46496
2020-08-03;"Košický kraj";1;0;0;0;NA;38014;1;2020-08-03;-46497
2020-07-30;"Košický kraj";2;0;0;0;NA;38014;2;2020-07-30;-46498
2020-07-29;"Košický kraj";1;0;0;0;NA;38014;1;2020-07-29;-46500
2020-07-28;"Košický kraj";9;0;0;0;NA;38014;9;2020-07-28;-46501
2020-07-27;"Košický kraj";4;0;0;0;NA;38014;4;2020-07-27;-46510
2020-07-25;"Košický kraj";2;0;0;0;NA;38014;2;2020-07-25;-46514
2020-07-24;"Košický kraj";2;0;0;0;NA;38014;2;2020-07-24;-46516
2020-07-23;"Košický kraj";1;0;0;0;NA;38014;1;2020-07-23;-46518
2020-07-22;"Košický kraj";1;0;0;0;NA;38014;1;2020-07-22;-46519
2020-07-18;"Košický kraj";1;0;0;0;NA;38014;1;2020-07-18;-46520
2020-07-17;"Košický kraj";1;0;0;0;NA;38014;1;2020-07-17;-46521
2020-07-15;"Košický kraj";2;0;0;0;NA;38014;2;2020-07-15;-46522
2020-07-14;"Košický kraj";1;0;0;0;NA;38014;1;2020-07-14;-46524
2020-07-13;"Košický kraj";1;0;0;0;NA;38014;1;2020-07-13;-46525
2020-07-10;"Košický kraj";1;0;0;0;NA;38014;1;2020-07-10;-46526
2020-07-09;"Košický kraj";1;0;0;0;NA;38014;1;2020-07-09;-46527
2020-07-08;"Košický kraj";12;0;0;0;NA;38014;12;2020-07-08;-46528
2020-07-03;"Košický kraj";1;0;0;0;NA;38014;1;2020-07-03;-46540
2020-07-01;"Košický kraj";1;0;0;0;NA;38014;1;2020-07-01;-46541
2020-06-25;"Košický kraj";3;0;0;0;NA;38014;3;2020-06-25;-46542
2020-06-24;"Košický kraj";3;0;0;0;NA;38014;3;2020-06-24;-46545
2020-06-23;"Košický kraj";3;0;0;0;NA;38014;3;2020-06-23;-46548
2020-06-18;"Košický kraj";1;0;0;0;NA;38014;1;2020-06-18;-46551
2020-06-16;"Košický kraj";2;0;0;0;NA;38014;2;2020-06-16;-46552
2020-06-10;"Košický kraj";6;0;0;0;NA;38014;6;2020-06-10;-46554
2020-06-07;"Košický kraj";2;0;0;0;NA;38014;2;2020-06-07;-46560
2020-06-02;"Košický kraj";1;0;0;0;NA;38014;1;2020-06-02;-46562
2020-05-29;"Košický kraj";1;0;0;0;NA;38014;1;2020-05-29;-46563
2020-05-26;"Košický kraj";1;0;0;0;NA;38014;1;2020-05-26;-46564
2020-05-25;"Košický kraj";1;0;0;0;NA;38014;1;2020-05-25;-46565
2020-05-20;"Košický kraj";3;0;0;0;NA;38014;3;2020-05-20;-46566
2020-05-17;"Košický kraj";1;0;0;0;NA;38014;1;2020-05-17;-46569
2020-05-16;"Košický kraj";1;0;0;0;NA;38014;1;2020-05-16;-46570
2020-05-15;"Košický kraj";10;0;0;0;NA;38014;10;2020-05-15;-46571
2020-05-14;"Košický kraj";1;0;0;0;NA;38014;1;2020-05-14;-46581
2020-05-13;"Košický kraj";6;0;0;0;NA;38014;6;2020-05-13;-46582
2020-05-06;"Košický kraj";1;0;0;0;NA;38014;1;2020-05-06;-46588
2020-05-02;"Košický kraj";1;0;0;0;NA;38014;1;2020-05-02;-46589
2020-04-30;"Košický kraj";1;0;0;0;NA;38014;1;2020-04-30;-46590
2020-04-29;"Košický kraj";1;0;0;0;NA;38014;1;2020-04-29;-46591
2020-04-28;"Košický kraj";1;0;0;0;NA;38014;1;2020-04-28;-46592
2020-04-27;"Košický kraj";1;0;0;0;NA;38014;1;2020-04-27;-46593
2020-04-24;"Košický kraj";3;0;0;0;NA;38014;3;2020-04-24;-46594
2020-04-23;"Košický kraj";4;0;0;0;NA;38014;4;2020-04-23;-46597
2020-04-22;"Košický kraj";21;0;0;0;NA;38014;21;2020-04-22;-46601
2020-04-21;"Košický kraj";4;0;0;0;NA;38014;4;2020-04-21;-46622
2020-04-19;"Košický kraj";1;0;0;0;NA;38014;1;2020-04-19;-46626
2020-04-18;"Košický kraj";2;0;0;0;NA;38014;2;2020-04-18;-46627
2020-04-17;"Košický kraj";7;0;0;0;NA;38014;7;2020-04-17;-46629
2020-04-16;"Košický kraj";29;0;0;0;NA;38014;29;2020-04-16;-46636
2020-04-15;"Košický kraj";50;0;0;0;NA;38014;50;2020-04-15;-46665
2020-04-14;"Košický kraj";4;0;0;0;NA;38014;4;2020-04-14;-46715
2020-04-13;"Košický kraj";5;0;0;0;NA;38014;5;2020-04-13;-46719
2020-04-12;"Košický kraj";4;0;0;0;NA;38014;4;2020-04-12;-46724
2020-04-11;"Košický kraj";2;0;0;0;NA;38014;2;2020-04-11;-46728
2020-04-10;"Košický kraj";1;0;0;0;NA;38014;1;2020-04-10;-46730
2020-04-09;"Košický kraj";4;0;0;0;NA;38014;4;2020-04-09;-46731
2020-04-08;"Košický kraj";5;0;0;0;NA;38014;5;2020-04-08;-46735
2020-04-07;"Košický kraj";34;0;0;0;NA;38014;34;2020-04-07;-46740
2020-04-06;"Košický kraj";6;0;0;0;NA;38014;6;2020-04-06;-46774
2020-04-05;"Košický kraj";4;0;0;0;NA;38014;4;2020-04-05;-46780
2020-04-04;"Košický kraj";5;0;0;0;NA;38014;5;2020-04-04;-46784
2020-04-03;"Košický kraj";4;0;0;0;NA;38014;4;2020-04-03;-46789
2020-04-02;"Košický kraj";3;0;0;0;NA;38014;3;2020-04-02;-46793
2020-04-01;"Košický kraj";3;0;0;0;NA;38014;3;2020-04-01;-46796
2020-03-31;"Košický kraj";1;0;0;0;NA;38014;1;2020-03-31;-46799
2020-03-30;"Košický kraj";5;0;0;0;NA;38014;5;2020-03-30;-46800
2020-03-28;"Košický kraj";1;0;0;0;NA;38014;1;2020-03-28;-46805
2020-03-27;"Košický kraj";1;0;0;0;NA;38014;1;2020-03-27;-46806
2020-03-26;"Košický kraj";3;0;0;0;NA;38014;3;2020-03-26;-46807
2020-03-25;"Košický kraj";2;0;0;0;NA;38014;2;2020-03-25;-46810
2020-03-23;"Košický kraj";2;0;0;0;NA;38014;2;2020-03-23;-46812
2020-03-21;"Košický kraj";3;0;0;0;NA;38014;3;2020-03-21;-46814
2020-03-20;"Košický kraj";1;0;0;0;NA;38014;1;2020-03-20;-46817
2020-03-16;"Košický kraj";3;0;0;0;NA;38014;3;2020-03-16;-46818
2020-03-15;"Košický kraj";1;0;0;0;NA;38014;1;2020-03-15;-46821
2020-03-13;"Košický kraj";2;0;0;0;NA;38014;2;2020-03-13;-46822
2020-03-09;"Košický kraj";1;0;0;0;NA;38014;1;2020-03-09;-46824
2021-03-20;"Nitriansky kraj";36;80049;155;80204;NA;48889;191;2021-03-20;48889
2021-03-19;"Nitriansky kraj";76;35634;95;35729;NA;48889;171;2021-03-19;48698
2021-03-18;"Nitriansky kraj";103;19084;109;19193;NA;48889;212;2021-03-18;48527
2021-03-17;"Nitriansky kraj";87;15410;121;15531;NA;48889;208;2021-03-17;48315
2021-03-16;"Nitriansky kraj";172;18020;121;18141;NA;48889;293;2021-03-16;48107
2021-03-15;"Nitriansky kraj";130;23621;162;23783;NA;48889;292;2021-03-15;47814
2021-03-14;"Nitriansky kraj";3;13797;28;13825;NA;48889;31;2021-03-14;47522
2021-03-13;"Nitriansky kraj";65;111574;238;111812;NA;48889;303;2021-03-13;47491
2021-03-12;"Nitriansky kraj";127;40499;155;40654;NA;48889;282;2021-03-12;47188
2021-03-11;"Nitriansky kraj";131;18879;132;19011;NA;48889;263;2021-03-11;46906
2021-03-10;"Nitriansky kraj";96;17154;145;17299;NA;48889;241;2021-03-10;46643
2021-03-09;"Nitriansky kraj";260;17634;147;17781;NA;48889;407;2021-03-09;46402
2021-03-08;"Nitriansky kraj";145;27401;172;27573;NA;48889;317;2021-03-08;45995
2021-03-07;"Nitriansky kraj";48;37382;136;37518;NA;48889;184;2021-03-07;45678
2021-03-06;"Nitriansky kraj";86;109969;321;110290;NA;48889;407;2021-03-06;45494
2021-03-05;"Nitriansky kraj";133;38819;198;39017;NA;48889;331;2021-03-05;45087
2021-03-04;"Nitriansky kraj";176;17692;172;17864;NA;48889;348;2021-03-04;44756
2021-03-03;"Nitriansky kraj";172;16726;173;16899;NA;48889;345;2021-03-03;44408
2021-03-02;"Nitriansky kraj";274;21325;367;21692;NA;48889;641;2021-03-02;44063
2021-03-01;"Nitriansky kraj";133;27824;280;28104;NA;48889;413;2021-03-01;43422
2021-02-28;"Nitriansky kraj";80;40866;218;41084;NA;48889;298;2021-02-28;43009
2021-02-27;"Nitriansky kraj";101;98476;485;98961;NA;48889;586;2021-02-27;42711
2021-02-26;"Nitriansky kraj";109;36677;310;36987;NA;48889;419;2021-02-26;42125
2021-02-25;"Nitriansky kraj";188;15257;208;15465;NA;48889;396;2021-02-25;41706
2021-02-24;"Nitriansky kraj";125;13844;260;14104;NA;48889;385;2021-02-24;41310
2021-02-23;"Nitriansky kraj";273;15165;271;15436;NA;48889;544;2021-02-23;40925
2021-02-22;"Nitriansky kraj";154;24892;324;25216;NA;48889;478;2021-02-22;40381
2021-02-21;"Nitriansky kraj";22;38123;281;38404;NA;48889;303;2021-02-21;39903
2021-02-20;"Nitriansky kraj";128;108505;586;109091;NA;48889;714;2021-02-20;39600
2021-02-19;"Nitriansky kraj";173;36684;323;37007;NA;48889;496;2021-02-19;38886
2021-02-18;"Nitriansky kraj";202;16938;285;17223;NA;48889;487;2021-02-18;38390
2021-02-17;"Nitriansky kraj";198;11548;290;11838;NA;48889;488;2021-02-17;37903
2021-02-16;"Nitriansky kraj";284;14523;281;14804;NA;48889;565;2021-02-16;37415
2021-02-15;"Nitriansky kraj";122;26177;460;26637;NA;48889;582;2021-02-15;36850
2021-02-14;"Nitriansky kraj";8;34690;198;34888;NA;48889;206;2021-02-14;36268
2021-02-13;"Nitriansky kraj";127;110035;689;110724;NA;48889;816;2021-02-13;36062
2021-02-12;"Nitriansky kraj";162;33407;407;33814;NA;48889;569;2021-02-12;35246
2021-02-11;"Nitriansky kraj";195;12410;270;12680;NA;48889;465;2021-02-11;34677
2021-02-10;"Nitriansky kraj";186;17633;644;18277;NA;48889;830;2021-02-10;34212
2021-02-09;"Nitriansky kraj";260;18485;385;18870;NA;48889;645;2021-02-09;33382
2021-02-08;"Nitriansky kraj";177;39580;592;40172;NA;48889;769;2021-02-08;32737
2021-02-07;"Nitriansky kraj";20;49686;502;50188;NA;48889;522;2021-02-07;31968
2021-02-06;"Nitriansky kraj";129;101903;778;102681;NA;48889;907;2021-02-06;31446
2021-02-05;"Nitriansky kraj";244;32379;613;32992;NA;48889;857;2021-02-05;30539
2021-02-04;"Nitriansky kraj";308;15680;512;16192;NA;48889;820;2021-02-04;29682
2021-02-03;"Nitriansky kraj";191;11493;362;11855;NA;48889;553;2021-02-03;28862
2021-02-02;"Nitriansky kraj";327;17769;371;18140;NA;48889;698;2021-02-02;28309
2021-02-01;"Nitriansky kraj";221;24048;459;24507;NA;48889;680;2021-02-01;27611
2021-01-31;"Nitriansky kraj";9;22797;242;23039;NA;48889;251;2021-01-31;26931
2021-01-30;"Nitriansky kraj";152;90558;935;91493;NA;48889;1087;2021-01-30;26680
2021-01-29;"Nitriansky kraj";302;23753;486;24239;NA;48889;788;2021-01-29;25593
2021-01-28;"Nitriansky kraj";269;11437;398;11835;NA;48889;667;2021-01-28;24805
2021-01-27;"Nitriansky kraj";235;6759;299;7058;NA;48889;534;2021-01-27;24138
2021-01-26;"Nitriansky kraj";345;16041;454;16495;NA;48889;799;2021-01-26;23604
2021-01-25;"Nitriansky kraj";201;21739;431;22170;NA;48889;632;2021-01-25;22805
2021-01-24;"Nitriansky kraj";12;64769;642;65411;NA;48889;654;2021-01-24;22173
2021-01-23;"Nitriansky kraj";277;96698;1433;98131;NA;48889;1710;2021-01-23;21519
2021-01-22;"Nitriansky kraj";139;35406;614;36020;NA;48889;753;2021-01-22;19809
2021-01-21;"Nitriansky kraj";305;14646;412;15058;NA;48889;717;2021-01-21;19056
2021-01-20;"Nitriansky kraj";326;12185;638;12823;NA;48889;964;2021-01-20;18339
2021-01-19;"Nitriansky kraj";344;11016;633;11649;NA;48889;977;2021-01-19;17375
2021-01-18;"Nitriansky kraj";367;8672;511;9183;NA;48889;878;2021-01-18;16398
2021-01-17;"Nitriansky kraj";97;15061;275;15336;NA;48889;372;2021-01-17;15520
2021-01-16;"Nitriansky kraj";64;36174;646;36820;NA;48889;710;2021-01-16;15148
2021-01-15;"Nitriansky kraj";373;15942;474;16416;NA;48889;847;2021-01-15;14438
2021-01-14;"Nitriansky kraj";627;10578;452;11030;NA;48889;1079;2021-01-14;13591
2021-01-13;"Nitriansky kraj";663;9234;484;9718;NA;48889;1147;2021-01-13;12512
2021-01-12;"Nitriansky kraj";642;9014;557;9571;NA;48889;1199;2021-01-12;11365
2021-01-11;"Nitriansky kraj";422;8624;556;9180;NA;48889;978;2021-01-11;10166
2021-01-10;"Nitriansky kraj";44;19841;730;20571;NA;48889;774;2021-01-10;9188
2021-01-09;"Nitriansky kraj";532;36823;1071;37894;NA;48889;1603;2021-01-09;8414
2021-01-08;"Nitriansky kraj";817;14293;711;15004;NA;48889;1528;2021-01-08;6811
2021-01-07;"Nitriansky kraj";438;10820;823;11643;NA;48889;1261;2021-01-07;5283
2021-01-06;"Nitriansky kraj";259;3192;197;3389;NA;48889;456;2021-01-06;4022
2021-01-05;"Nitriansky kraj";732;8901;1202;10103;NA;48889;1934;2021-01-05;3566
2021-01-04;"Nitriansky kraj";362;8692;1329;10021;NA;48889;1691;2021-01-04;1632
2021-01-03;"Nitriansky kraj";42;84;20;104;NA;48889;62;2021-01-03;-59
2021-01-02;"Nitriansky kraj";249;1090;26;1116;NA;48889;275;2021-01-02;-121
2021-01-01;"Nitriansky kraj";119;671;94;765;NA;48889;213;2021-01-01;-396
2020-12-31;"Nitriansky kraj";786;7646;962;8608;NA;48889;1748;2020-12-31;-609
2020-12-30;"Nitriansky kraj";1094;9619;1165;10784;NA;48889;2259;2020-12-30;-2357
2020-12-29;"Nitriansky kraj";607;8277;1286;9563;NA;48889;1893;2020-12-29;-4616
2020-12-28;"Nitriansky kraj";83;6981;1271;8252;NA;48889;1354;2020-12-28;-6509
2020-12-27;"Nitriansky kraj";22;36;2;38;NA;48889;24;2020-12-27;-7863
2020-12-26;"Nitriansky kraj";54;297;56;353;NA;48889;110;2020-12-26;-7887
2020-12-25;"Nitriansky kraj";35;47;5;52;NA;48889;40;2020-12-25;-7997
2020-12-24;"Nitriansky kraj";514;1861;176;2037;NA;48889;690;2020-12-24;-8037
2020-12-23;"Nitriansky kraj";349;15295;843;16138;NA;48889;1192;2020-12-23;-8727
2020-12-22;"Nitriansky kraj";673;10987;994;11981;NA;48889;1667;2020-12-22;-9919
2020-12-21;"Nitriansky kraj";128;7953;976;8929;NA;48889;1104;2020-12-21;-11586
2020-12-20;"Nitriansky kraj";77;50;10;60;NA;48889;87;2020-12-20;-12690
2020-12-19;"Nitriansky kraj";262;2259;159;2418;NA;48889;421;2020-12-19;-12777
2020-12-18;"Nitriansky kraj";512;8437;551;8988;NA;48889;1063;2020-12-18;-13198
2020-12-17;"Nitriansky kraj";586;6894;514;7408;NA;48889;1100;2020-12-17;-14261
2020-12-16;"Nitriansky kraj";357;8785;546;9331;NA;48889;903;2020-12-16;-15361
2020-12-15;"Nitriansky kraj";461;9365;769;10134;NA;48889;1230;2020-12-15;-16264
2020-12-14;"Nitriansky kraj";217;8089;827;8916;NA;48889;1044;2020-12-14;-17494
2020-12-13;"Nitriansky kraj";12;9;1;10;NA;48889;13;2020-12-13;-18538
2020-12-12;"Nitriansky kraj";341;1832;125;1957;NA;48889;466;2020-12-12;-18551
2020-12-11;"Nitriansky kraj";409;6193;465;6658;NA;48889;874;2020-12-11;-19017
2020-12-10;"Nitriansky kraj";360;5030;326;5356;NA;48889;686;2020-12-10;-19891
2020-12-09;"Nitriansky kraj";362;5726;542;6268;NA;48889;904;2020-12-09;-20577
2020-12-08;"Nitriansky kraj";340;8766;611;9377;NA;48889;951;2020-12-08;-21481
2020-12-07;"Nitriansky kraj";139;6243;573;6816;NA;48889;712;2020-12-07;-22432
2020-12-06;"Nitriansky kraj";15;89;4;93;NA;48889;19;2020-12-06;-23144
2020-12-05;"Nitriansky kraj";136;618;14;632;NA;48889;150;2020-12-05;-23163
2020-12-04;"Nitriansky kraj";232;3047;86;3133;NA;48889;318;2020-12-04;-23313
2020-12-03;"Nitriansky kraj";248;2599;127;2726;NA;48889;375;2020-12-03;-23631
2020-12-02;"Nitriansky kraj";252;3733;163;3896;NA;48889;415;2020-12-02;-24006
2020-12-01;"Nitriansky kraj";331;2941;133;3074;NA;48889;464;2020-12-01;-24421
2020-11-30;"Nitriansky kraj";91;4836;207;5043;NA;48889;298;2020-11-30;-24885
2020-11-29;"Nitriansky kraj";3;620;42;662;NA;48889;45;2020-11-29;-25183
2020-11-28;"Nitriansky kraj";135;892;31;923;NA;48889;166;2020-11-28;-25228
2020-11-27;"Nitriansky kraj";177;1229;43;1272;NA;48889;220;2020-11-27;-25394
2020-11-26;"Nitriansky kraj";191;2262;57;2319;NA;48889;248;2020-11-26;-25614
2020-11-25;"Nitriansky kraj";325;1993;66;2059;NA;48889;391;2020-11-25;-25862
2020-11-24;"Nitriansky kraj";147;1141;50;1191;NA;48889;197;2020-11-24;-26253
2020-11-23;"Nitriansky kraj";102;9562;206;9768;NA;48889;308;2020-11-23;-26450
2020-11-22;"Nitriansky kraj";7;0;0;0;NA;48889;7;2020-11-22;-26758
2020-11-21;"Nitriansky kraj";86;1083;38;1121;NA;48889;124;2020-11-21;-26765
2020-11-20;"Nitriansky kraj";264;4020;101;4121;NA;48889;365;2020-11-20;-26889
2020-11-19;"Nitriansky kraj";185;2953;133;3086;NA;48889;318;2020-11-19;-27254
2020-11-18;"Nitriansky kraj";188;2109;77;2186;NA;48889;265;2020-11-18;-27572
2020-11-17;"Nitriansky kraj";178;596;29;625;NA;48889;207;2020-11-17;-27837
2020-11-16;"Nitriansky kraj";139;1836;75;1911;NA;48889;214;2020-11-16;-28044
2020-11-15;"Nitriansky kraj";14;10;1;11;NA;48889;15;2020-11-15;-28258
2020-11-14;"Nitriansky kraj";114;1131;32;1163;NA;48889;146;2020-11-14;-28273
2020-11-13;"Nitriansky kraj";210;936;46;982;NA;48889;256;2020-11-13;-28419
2020-11-12;"Nitriansky kraj";256;1195;35;1230;NA;48889;291;2020-11-12;-28675
2020-11-11;"Nitriansky kraj";279;1247;22;1269;NA;48889;301;2020-11-11;-28966
2020-11-10;"Nitriansky kraj";192;2623;39;2662;NA;48889;231;2020-11-10;-29267
2020-11-09;"Nitriansky kraj";128;3136;43;3179;NA;48889;171;2020-11-09;-29498
2020-11-08;"Nitriansky kraj";43;1462;32;1494;NA;48889;75;2020-11-08;-29669
2020-11-07;"Nitriansky kraj";130;1046;4;1050;NA;48889;134;2020-11-07;-29744
2020-11-06;"Nitriansky kraj";210;2264;32;2296;NA;48889;242;2020-11-06;-29878
2020-11-05;"Nitriansky kraj";178;295;12;307;NA;48889;190;2020-11-05;-30120
2020-11-04;"Nitriansky kraj";211;297;16;313;NA;48889;227;2020-11-04;-30310
2020-11-03;"Nitriansky kraj";216;435;25;460;NA;48889;241;2020-11-03;-30537
2020-11-02;"Nitriansky kraj";171;4208;46;4254;NA;48889;217;2020-11-02;-30778
2020-11-01;"Nitriansky kraj";130;2546;27;2573;NA;48889;157;2020-11-01;-30995
2020-10-31;"Nitriansky kraj";261;10402;134;10536;NA;48889;395;2020-10-31;-31152
2020-10-30;"Nitriansky kraj";204;2380;21;2401;NA;48889;225;2020-10-30;-31547
2020-10-29;"Nitriansky kraj";293;841;39;880;NA;48889;332;2020-10-29;-31772
2020-10-28;"Nitriansky kraj";216;608;59;667;NA;48889;275;2020-10-28;-32104
2020-10-27;"Nitriansky kraj";296;550;47;597;NA;48889;343;2020-10-27;-32379
2020-10-26;"Nitriansky kraj";69;633;56;689;NA;48889;125;2020-10-26;-32722
2020-10-25;"Nitriansky kraj";50;40;6;46;NA;48889;56;2020-10-25;-32847
2020-10-24;"Nitriansky kraj";169;237;11;248;NA;48889;180;2020-10-24;-32903
2020-10-23;"Nitriansky kraj";282;762;41;803;NA;48889;323;2020-10-23;-33083
2020-10-22;"Nitriansky kraj";137;444;39;483;NA;48889;176;2020-10-22;-33406
2020-10-21;"Nitriansky kraj";146;208;3;211;NA;48889;149;2020-10-21;-33582
2020-10-20;"Nitriansky kraj";197;78;6;84;NA;48889;203;2020-10-20;-33731
2020-10-19;"Nitriansky kraj";148;79;1;80;NA;48889;149;2020-10-19;-33934
2020-10-18;"Nitriansky kraj";22;0;0;0;NA;48889;22;2020-10-18;-34083
2020-10-17;"Nitriansky kraj";67;0;0;0;NA;48889;67;2020-10-17;-34105
2020-10-16;"Nitriansky kraj";133;28;3;31;NA;48889;136;2020-10-16;-34172
2020-10-15;"Nitriansky kraj";106;31;2;33;NA;48889;108;2020-10-15;-34308
2020-10-14;"Nitriansky kraj";80;22;4;26;NA;48889;84;2020-10-14;-34416
2020-10-13;"Nitriansky kraj";101;82;2;84;NA;48889;103;2020-10-13;-34500
2020-10-12;"Nitriansky kraj";36;0;0;0;NA;48889;36;2020-10-12;-34603
2020-10-11;"Nitriansky kraj";8;0;0;0;NA;48889;8;2020-10-11;-34639
2020-10-10;"Nitriansky kraj";107;0;0;0;NA;48889;107;2020-10-10;-34647
2020-10-09;"Nitriansky kraj";120;0;0;0;NA;48889;120;2020-10-09;-34754
2020-10-08;"Nitriansky kraj";132;0;0;0;NA;48889;132;2020-10-08;-34874
2020-10-07;"Nitriansky kraj";81;0;0;0;NA;48889;81;2020-10-07;-35006
2020-10-06;"Nitriansky kraj";48;0;0;0;NA;48889;48;2020-10-06;-35087
2020-10-05;"Nitriansky kraj";20;0;0;0;NA;48889;20;2020-10-05;-35135
2020-10-04;"Nitriansky kraj";17;0;0;0;NA;48889;17;2020-10-04;-35155
2020-10-03;"Nitriansky kraj";96;0;0;0;NA;48889;96;2020-10-03;-35172
2020-10-02;"Nitriansky kraj";108;0;0;0;NA;48889;108;2020-10-02;-35268
2020-10-01;"Nitriansky kraj";95;0;0;0;NA;48889;95;2020-10-01;-35376
2020-09-30;"Nitriansky kraj";100;0;0;0;NA;48889;100;2020-09-30;-35471
2020-09-29;"Nitriansky kraj";50;0;0;0;NA;48889;50;2020-09-29;-35571
2020-09-28;"Nitriansky kraj";22;0;0;0;NA;48889;22;2020-09-28;-35621
2020-09-27;"Nitriansky kraj";16;0;0;0;NA;48889;16;2020-09-27;-35643
2020-09-26;"Nitriansky kraj";64;0;0;0;NA;48889;64;2020-09-26;-35659
2020-09-25;"Nitriansky kraj";90;0;0;0;NA;48889;90;2020-09-25;-35723
2020-09-24;"Nitriansky kraj";51;0;0;0;NA;48889;51;2020-09-24;-35813
2020-09-23;"Nitriansky kraj";70;0;0;0;NA;48889;70;2020-09-23;-35864
2020-09-22;"Nitriansky kraj";18;0;0;0;NA;48889;18;2020-09-22;-35934
2020-09-21;"Nitriansky kraj";10;0;0;0;NA;48889;10;2020-09-21;-35952
2020-09-20;"Nitriansky kraj";4;0;0;0;NA;48889;4;2020-09-20;-35962
2020-09-19;"Nitriansky kraj";14;0;0;0;NA;48889;14;2020-09-19;-35966
2020-09-18;"Nitriansky kraj";19;0;0;0;NA;48889;19;2020-09-18;-35980
2020-09-17;"Nitriansky kraj";30;0;0;0;NA;48889;30;2020-09-17;-35999
2020-09-16;"Nitriansky kraj";6;0;0;0;NA;48889;6;2020-09-16;-36029
2020-09-15;"Nitriansky kraj";19;0;0;0;NA;48889;19;2020-09-15;-36035
2020-09-14;"Nitriansky kraj";28;0;0;0;NA;48889;28;2020-09-14;-36054
2020-09-13;"Nitriansky kraj";3;0;0;0;NA;48889;3;2020-09-13;-36082
2020-09-12;"Nitriansky kraj";12;0;0;0;NA;48889;12;2020-09-12;-36085
2020-09-11;"Nitriansky kraj";23;0;0;0;NA;48889;23;2020-09-11;-36097
2020-09-10;"Nitriansky kraj";29;0;0;0;NA;48889;29;2020-09-10;-36120
2020-09-09;"Nitriansky kraj";19;0;0;0;NA;48889;19;2020-09-09;-36149
2020-09-08;"Nitriansky kraj";17;0;0;0;NA;48889;17;2020-09-08;-36168
2020-09-07;"Nitriansky kraj";17;0;0;0;NA;48889;17;2020-09-07;-36185
2020-09-05;"Nitriansky kraj";22;0;0;0;NA;48889;22;2020-09-05;-36202
2020-09-04;"Nitriansky kraj";34;0;0;0;NA;48889;34;2020-09-04;-36224
2020-09-03;"Nitriansky kraj";15;0;0;0;NA;48889;15;2020-09-03;-36258
2020-09-02;"Nitriansky kraj";15;0;0;0;NA;48889;15;2020-09-02;-36273
2020-09-01;"Nitriansky kraj";2;0;0;0;NA;48889;2;2020-09-01;-36288
2020-08-31;"Nitriansky kraj";12;0;0;0;NA;48889;12;2020-08-31;-36290
2020-08-30;"Nitriansky kraj";1;0;0;0;NA;48889;1;2020-08-30;-36302
2020-08-29;"Nitriansky kraj";7;0;0;0;NA;48889;7;2020-08-29;-36303
2020-08-28;"Nitriansky kraj";12;0;0;0;NA;48889;12;2020-08-28;-36310
2020-08-27;"Nitriansky kraj";12;0;0;0;NA;48889;12;2020-08-27;-36322
2020-08-26;"Nitriansky kraj";4;0;0;0;NA;48889;4;2020-08-26;-36334
2020-08-25;"Nitriansky kraj";8;0;0;0;NA;48889;8;2020-08-25;-36338
2020-08-24;"Nitriansky kraj";1;0;0;0;NA;48889;1;2020-08-24;-36346
2020-08-23;"Nitriansky kraj";1;0;0;0;NA;48889;1;2020-08-23;-36347
2020-08-22;"Nitriansky kraj";2;0;0;0;NA;48889;2;2020-08-22;-36348
2020-08-20;"Nitriansky kraj";7;0;0;0;NA;48889;7;2020-08-20;-36350
2020-08-19;"Nitriansky kraj";1;0;0;0;NA;48889;1;2020-08-19;-36357
2020-08-18;"Nitriansky kraj";2;0;0;0;NA;48889;2;2020-08-18;-36358
2020-08-17;"Nitriansky kraj";1;0;0;0;NA;48889;1;2020-08-17;-36360
2020-08-15;"Nitriansky kraj";2;0;0;0;NA;48889;2;2020-08-15;-36361
2020-08-14;"Nitriansky kraj";1;0;0;0;NA;48889;1;2020-08-14;-36363
2020-08-13;"Nitriansky kraj";4;0;0;0;NA;48889;4;2020-08-13;-36364
2020-08-11;"Nitriansky kraj";1;0;0;0;NA;48889;1;2020-08-11;-36368
2020-08-07;"Nitriansky kraj";4;0;0;0;NA;48889;4;2020-08-07;-36369
2020-08-06;"Nitriansky kraj";4;0;0;0;NA;48889;4;2020-08-06;-36373
2020-08-04;"Nitriansky kraj";7;0;0;0;NA;48889;7;2020-08-04;-36377
2020-07-24;"Nitriansky kraj";1;0;0;0;NA;48889;1;2020-07-24;-36384
2020-07-23;"Nitriansky kraj";3;0;0;0;NA;48889;3;2020-07-23;-36385
2020-07-22;"Nitriansky kraj";2;0;0;0;NA;48889;2;2020-07-22;-36388
2020-07-21;"Nitriansky kraj";14;0;0;0;NA;48889;14;2020-07-21;-36390
2020-07-20;"Nitriansky kraj";11;0;0;0;NA;48889;11;2020-07-20;-36404
2020-07-16;"Nitriansky kraj";4;0;0;0;NA;48889;4;2020-07-16;-36415
2020-07-15;"Nitriansky kraj";5;0;0;0;NA;48889;5;2020-07-15;-36419
2020-07-09;"Nitriansky kraj";1;0;0;0;NA;48889;1;2020-07-09;-36424
2020-07-08;"Nitriansky kraj";2;0;0;0;NA;48889;2;2020-07-08;-36425
2020-07-01;"Nitriansky kraj";3;0;0;0;NA;48889;3;2020-07-01;-36427
2020-06-24;"Nitriansky kraj";1;0;0;0;NA;48889;1;2020-06-24;-36430
2020-06-10;"Nitriansky kraj";1;0;0;0;NA;48889;1;2020-06-10;-36431
2020-06-09;"Nitriansky kraj";1;0;0;0;NA;48889;1;2020-06-09;-36432
2020-06-02;"Nitriansky kraj";1;0;0;0;NA;48889;1;2020-06-02;-36433
2020-05-24;"Nitriansky kraj";2;0;0;0;NA;48889;2;2020-05-24;-36434
2020-05-22;"Nitriansky kraj";1;0;0;0;NA;48889;1;2020-05-22;-36436
2020-05-15;"Nitriansky kraj";1;0;0;0;NA;48889;1;2020-05-15;-36437
2020-05-11;"Nitriansky kraj";2;0;0;0;NA;48889;2;2020-05-11;-36438
2020-05-07;"Nitriansky kraj";1;0;0;0;NA;48889;1;2020-05-07;-36440
2020-05-06;"Nitriansky kraj";9;0;0;0;NA;48889;9;2020-05-06;-36441
2020-05-04;"Nitriansky kraj";5;0;0;0;NA;48889;5;2020-05-04;-36450
2020-05-03;"Nitriansky kraj";2;0;0;0;NA;48889;2;2020-05-03;-36455
2020-05-01;"Nitriansky kraj";1;0;0;0;NA;48889;1;2020-05-01;-36457
2020-04-28;"Nitriansky kraj";1;0;0;0;NA;48889;1;2020-04-28;-36458
2020-04-23;"Nitriansky kraj";3;0;0;0;NA;48889;3;2020-04-23;-36459
2020-04-22;"Nitriansky kraj";16;0;0;0;NA;48889;16;2020-04-22;-36462
2020-04-21;"Nitriansky kraj";6;0;0;0;NA;48889;6;2020-04-21;-36478
2020-04-20;"Nitriansky kraj";5;0;0;0;NA;48889;5;2020-04-20;-36484
2020-04-17;"Nitriansky kraj";7;0;0;0;NA;48889;7;2020-04-17;-36489
2020-04-15;"Nitriansky kraj";6;0;0;0;NA;48889;6;2020-04-15;-36496
2020-04-14;"Nitriansky kraj";2;0;0;0;NA;48889;2;2020-04-14;-36502
2020-04-13;"Nitriansky kraj";1;0;0;0;NA;48889;1;2020-04-13;-36504
2020-04-12;"Nitriansky kraj";3;0;0;0;NA;48889;3;2020-04-12;-36505
2020-04-11;"Nitriansky kraj";1;0;0;0;NA;48889;1;2020-04-11;-36508
2020-04-10;"Nitriansky kraj";1;0;0;0;NA;48889;1;2020-04-10;-36509
2020-04-08;"Nitriansky kraj";2;0;0;0;NA;48889;2;2020-04-08;-36510
2020-04-07;"Nitriansky kraj";3;0;0;0;NA;48889;3;2020-04-07;-36512
2020-04-06;"Nitriansky kraj";4;0;0;0;NA;48889;4;2020-04-06;-36515
2020-04-05;"Nitriansky kraj";5;0;0;0;NA;48889;5;2020-04-05;-36519
2020-04-02;"Nitriansky kraj";1;0;0;0;NA;48889;1;2020-04-02;-36524
2020-03-31;"Nitriansky kraj";3;0;0;0;NA;48889;3;2020-03-31;-36525
2020-03-30;"Nitriansky kraj";3;0;0;0;NA;48889;3;2020-03-30;-36528
2020-03-29;"Nitriansky kraj";3;0;0;0;NA;48889;3;2020-03-29;-36531
2020-03-28;"Nitriansky kraj";1;0;0;0;NA;48889;1;2020-03-28;-36534
2020-03-27;"Nitriansky kraj";1;0;0;0;NA;48889;1;2020-03-27;-36535
2020-03-26;"Nitriansky kraj";1;0;0;0;NA;48889;1;2020-03-26;-36536
2020-03-25;"Nitriansky kraj";1;0;0;0;NA;48889;1;2020-03-25;-36537
2020-03-23;"Nitriansky kraj";2;0;0;0;NA;48889;2;2020-03-23;-36538
2020-03-22;"Nitriansky kraj";2;0;0;0;NA;48889;2;2020-03-22;-36540
2020-03-21;"Nitriansky kraj";2;0;0;0;NA;48889;2;2020-03-21;-36542
2020-03-20;"Nitriansky kraj";1;0;0;0;NA;48889;1;2020-03-20;-36544
2020-03-19;"Nitriansky kraj";1;0;0;0;NA;48889;1;2020-03-19;-36545
2020-03-18;"Nitriansky kraj";2;0;0;0;NA;48889;2;2020-03-18;-36546
2020-03-17;"Nitriansky kraj";1;0;0;0;NA;48889;1;2020-03-17;-36548
2020-03-15;"Nitriansky kraj";4;0;0;0;NA;48889;4;2020-03-15;-36549
2020-03-14;"Nitriansky kraj";1;0;0;0;NA;48889;1;2020-03-14;-36553
2021-03-20;"Prešovský kraj";180;75335;382;75717;NA;43136;562;2021-03-20;43136
2021-03-19;"Prešovský kraj";373;45786;316;46102;NA;43136;689;2021-03-19;42574
2021-03-18;"Prešovský kraj";251;21537;216;21753;NA;43136;467;2021-03-18;41885
2021-03-17;"Prešovský kraj";331;21016;230;21246;NA;43136;561;2021-03-17;41418
2021-03-16;"Prešovský kraj";461;21256;284;21540;NA;43136;745;2021-03-16;40857
2021-03-15;"Prešovský kraj";370;27695;310;28005;NA;43136;680;2021-03-15;40112
2021-03-14;"Prešovský kraj";52;38690;295;38985;NA;43136;347;2021-03-14;39432
2021-03-13;"Prešovský kraj";200;89467;520;89987;NA;43136;720;2021-03-13;39085
2021-03-12;"Prešovský kraj";425;46873;367;47240;NA;43136;792;2021-03-12;38365
2021-03-11;"Prešovský kraj";463;21770;253;22023;NA;43136;716;2021-03-11;37573
2021-03-10;"Prešovský kraj";325;20975;295;21270;NA;43136;620;2021-03-10;36857
2021-03-09;"Prešovský kraj";505;21627;290;21917;NA;43136;795;2021-03-09;36237
2021-03-08;"Prešovský kraj";314;28286;330;28616;NA;43136;644;2021-03-08;35442
2021-03-07;"Prešovský kraj";19;21803;191;21994;NA;43136;210;2021-03-07;34798
2021-03-06;"Prešovský kraj";193;95172;589;95761;NA;43136;782;2021-03-06;34588
2021-03-05;"Prešovský kraj";497;44635;375;45010;NA;43136;872;2021-03-05;33806
2021-03-04;"Prešovský kraj";372;22246;357;22603;NA;43136;729;2021-03-04;32934
2021-03-03;"Prešovský kraj";397;21428;326;21754;NA;43136;723;2021-03-03;32205
2021-03-02;"Prešovský kraj";421;22315;355;22670;NA;43136;776;2021-03-02;31482
2021-03-01;"Prešovský kraj";303;27410;406;27816;NA;43136;709;2021-03-01;30706
2021-02-28;"Prešovský kraj";75;35933;283;36216;NA;43136;358;2021-02-28;29997
2021-02-27;"Prešovský kraj";273;88154;721;88875;NA;43136;994;2021-02-27;29639
2021-02-26;"Prešovský kraj";455;41032;440;41472;NA;43136;895;2021-02-26;28645
2021-02-25;"Prešovský kraj";270;19175;333;19508;NA;43136;603;2021-02-25;27750
2021-02-24;"Prešovský kraj";328;18591;372;18963;NA;43136;700;2021-02-24;27147
2021-02-23;"Prešovský kraj";430;20982;338;21320;NA;43136;768;2021-02-23;26447
2021-02-22;"Prešovský kraj";351;26801;351;27152;NA;43136;702;2021-02-22;25679
2021-02-21;"Prešovský kraj";66;29477;273;29750;NA;43136;339;2021-02-21;24977
2021-02-20;"Prešovský kraj";129;59331;431;59762;NA;43136;560;2021-02-20;24638
2021-02-19;"Prešovský kraj";381;37652;413;38065;NA;43136;794;2021-02-19;24078
2021-02-18;"Prešovský kraj";268;16637;310;16947;NA;43136;578;2021-02-18;23284
2021-02-17;"Prešovský kraj";293;17414;249;17663;NA;43136;542;2021-02-17;22706
2021-02-16;"Prešovský kraj";422;18541;258;18799;NA;43136;680;2021-02-16;22164
2021-02-15;"Prešovský kraj";211;30475;297;30772;NA;43136;508;2021-02-15;21484
2021-02-14;"Prešovský kraj";27;32234;273;32507;NA;43136;300;2021-02-14;20976
2021-02-13;"Prešovský kraj";157;73783;389;74172;NA;43136;546;2021-02-13;20676
2021-02-12;"Prešovský kraj";308;38463;361;38824;NA;43136;669;2021-02-12;20130
2021-02-11;"Prešovský kraj";218;15089;221;15310;NA;43136;439;2021-02-11;19461
2021-02-10;"Prešovský kraj";220;18288;283;18571;NA;43136;503;2021-02-10;19022
2021-02-09;"Prešovský kraj";323;21432;377;21809;NA;43136;700;2021-02-09;18519
2021-02-08;"Prešovský kraj";161;36423;251;36674;NA;43136;412;2021-02-08;17819
2021-02-07;"Prešovský kraj";21;24174;157;24331;NA;43136;178;2021-02-07;17407
2021-02-06;"Prešovský kraj";176;68507;355;68862;NA;43136;531;2021-02-06;17229
2021-02-05;"Prešovský kraj";177;30346;255;30601;NA;43136;432;2021-02-05;16698
2021-02-04;"Prešovský kraj";176;12582;240;12822;NA;43136;416;2021-02-04;16266
2021-02-03;"Prešovský kraj";251;8166;226;8392;NA;43136;477;2021-02-03;15850
2021-02-02;"Prešovský kraj";249;11877;285;12162;NA;43136;534;2021-02-02;15373
2021-02-01;"Prešovský kraj";220;15584;292;15876;NA;43136;512;2021-02-01;14839
2021-01-31;"Prešovský kraj";42;1623;38;1661;NA;43136;80;2021-01-31;14327
2021-01-30;"Prešovský kraj";142;23939;215;24154;NA;43136;357;2021-01-30;14247
2021-01-29;"Prešovský kraj";185;17924;326;18250;NA;43136;511;2021-01-29;13890
2021-01-28;"Prešovský kraj";311;8536;157;8693;NA;43136;468;2021-01-28;13379
2021-01-27;"Prešovský kraj";153;9742;144;9886;NA;43136;297;2021-01-27;12911
2021-01-26;"Prešovský kraj";252;16648;151;16799;NA;43136;403;2021-01-26;12614
2021-01-25;"Prešovský kraj";196;28381;248;28629;NA;43136;444;2021-01-25;12211
2021-01-24;"Prešovský kraj";12;52610;386;52996;NA;43136;398;2021-01-24;11767
2021-01-23;"Prešovský kraj";189;89996;436;90432;NA;43136;625;2021-01-23;11369
2021-01-22;"Prešovský kraj";187;34883;260;35143;NA;43136;447;2021-01-22;10744
2021-01-21;"Prešovský kraj";187;20017;209;20226;NA;43136;396;2021-01-21;10297
2021-01-20;"Prešovský kraj";253;14480;195;14675;NA;43136;448;2021-01-20;9901
2021-01-19;"Prešovský kraj";281;12347;305;12652;NA;43136;586;2021-01-19;9453
2021-01-18;"Prešovský kraj";203;10422;336;10758;NA;43136;539;2021-01-18;8867
2021-01-17;"Prešovský kraj";107;14391;1008;15399;NA;43136;1115;2021-01-17;8328
2021-01-16;"Prešovský kraj";72;1583;76;1659;NA;43136;148;2021-01-16;7213
2021-01-15;"Prešovský kraj";159;6664;232;6896;NA;43136;391;2021-01-15;7065
2021-01-14;"Prešovský kraj";268;5530;252;5782;NA;43136;520;2021-01-14;6674
2021-01-13;"Prešovský kraj";342;5547;218;5765;NA;43136;560;2021-01-13;6154
2021-01-12;"Prešovský kraj";455;8489;409;8898;NA;43136;864;2021-01-12;5594
2021-01-11;"Prešovský kraj";343;8355;479;8834;NA;43136;822;2021-01-11;4730
2021-01-10;"Prešovský kraj";63;476;23;499;NA;43136;86;2021-01-10;3908
2021-01-09;"Prešovský kraj";439;2248;125;2373;NA;43136;564;2021-01-09;3822
2021-01-08;"Prešovský kraj";430;10866;572;11438;NA;43136;1002;2021-01-08;3258
2021-01-07;"Prešovský kraj";268;7688;639;8327;NA;43136;907;2021-01-07;2256
2021-01-06;"Prešovský kraj";315;1484;134;1618;NA;43136;449;2021-01-06;1349
2021-01-05;"Prešovský kraj";655;11591;1003;12594;NA;43136;1658;2021-01-05;900
2021-01-04;"Prešovský kraj";371;17185;1812;18997;NA;43136;2183;2021-01-04;-758
2021-01-03;"Prešovský kraj";89;257;37;294;NA;43136;126;2021-01-03;-2941
2021-01-02;"Prešovský kraj";65;1559;160;1719;NA;43136;225;2021-01-02;-3067
2021-01-01;"Prešovský kraj";174;914;70;984;NA;43136;244;2021-01-01;-3292
2020-12-31;"Prešovský kraj";640;11959;783;12742;NA;43136;1423;2020-12-31;-3536
2020-12-30;"Prešovský kraj";729;9065;802;9867;NA;43136;1531;2020-12-30;-4959
2020-12-29;"Prešovský kraj";435;8781;904;9685;NA;43136;1339;2020-12-29;-6490
2020-12-28;"Prešovský kraj";393;9046;1080;10126;NA;43136;1473;2020-12-28;-7829
2020-12-27;"Prešovský kraj";40;571;39;610;NA;43136;79;2020-12-27;-9302
2020-12-26;"Prešovský kraj";64;176;12;188;NA;43136;76;2020-12-26;-9381
2020-12-25;"Prešovský kraj";208;273;13;286;NA;43136;221;2020-12-25;-9457
2020-12-24;"Prešovský kraj";452;1214;85;1299;NA;43136;537;2020-12-24;-9678
2020-12-23;"Prešovský kraj";361;11369;635;12004;NA;43136;996;2020-12-23;-10215
2020-12-22;"Prešovský kraj";439;9375;711;10086;NA;43136;1150;2020-12-22;-11211
2020-12-21;"Prešovský kraj";432;9919;880;10799;NA;43136;1312;2020-12-21;-12361
2020-12-20;"Prešovský kraj";184;396;20;416;NA;43136;204;2020-12-20;-13673
2020-12-19;"Prešovský kraj";276;1658;151;1809;NA;43136;427;2020-12-19;-13877
2020-12-18;"Prešovský kraj";396;8936;602;9538;NA;43136;998;2020-12-18;-14304
2020-12-17;"Prešovský kraj";427;10826;891;11717;NA;43136;1318;2020-12-17;-15302
2020-12-16;"Prešovský kraj";466;6017;508;6525;NA;43136;974;2020-12-16;-16620
2020-12-15;"Prešovský kraj";411;5685;584;6269;NA;43136;995;2020-12-15;-17594
2020-12-14;"Prešovský kraj";334;5767;508;6275;NA;43136;842;2020-12-14;-18589
2020-12-13;"Prešovský kraj";89;29;8;37;NA;43136;97;2020-12-13;-19431
2020-12-12;"Prešovský kraj";319;2474;166;2640;NA;43136;485;2020-12-12;-19528
2020-12-11;"Prešovský kraj";560;6042;418;6460;NA;43136;978;2020-12-11;-20013
2020-12-10;"Prešovský kraj";337;5180;440;5620;NA;43136;777;2020-12-10;-20991
2020-12-09;"Prešovský kraj";358;3764;271;4035;NA;43136;629;2020-12-09;-21768
2020-12-08;"Prešovský kraj";350;6629;651;7280;NA;43136;1001;2020-12-08;-22397
2020-12-07;"Prešovský kraj";309;3809;285;4094;NA;43136;594;2020-12-07;-23398
2020-12-06;"Prešovský kraj";59;358;26;384;NA;43136;85;2020-12-06;-23992
2020-12-05;"Prešovský kraj";218;984;87;1071;NA;43136;305;2020-12-05;-24077
2020-12-04;"Prešovský kraj";352;4471;281;4752;NA;43136;633;2020-12-04;-24382
2020-12-03;"Prešovský kraj";284;2900;202;3102;NA;43136;486;2020-12-03;-25015
2020-12-02;"Prešovský kraj";232;3251;235;3486;NA;43136;467;2020-12-02;-25501
2020-12-01;"Prešovský kraj";281;2341;213;2554;NA;43136;494;2020-12-01;-25968
2020-11-30;"Prešovský kraj";196;5821;110;5931;NA;43136;306;2020-11-30;-26462
2020-11-29;"Prešovský kraj";27;379;42;421;NA;43136;69;2020-11-29;-26768
2020-11-28;"Prešovský kraj";199;682;62;744;NA;43136;261;2020-11-28;-26837
2020-11-27;"Prešovský kraj";232;2135;119;2254;NA;43136;351;2020-11-27;-27098
2020-11-26;"Prešovský kraj";263;2787;312;3099;NA;43136;575;2020-11-26;-27449
2020-11-25;"Prešovský kraj";302;1642;78;1720;NA;43136;380;2020-11-25;-28024
2020-11-24;"Prešovský kraj";365;1662;140;1802;NA;43136;505;2020-11-24;-28404
2020-11-23;"Prešovský kraj";164;842;42;884;NA;43136;206;2020-11-23;-28909
2020-11-22;"Prešovský kraj";46;30;1;31;NA;43136;47;2020-11-22;-29115
2020-11-21;"Prešovský kraj";205;689;57;746;NA;43136;262;2020-11-21;-29162
2020-11-20;"Prešovský kraj";363;2063;98;2161;NA;43136;461;2020-11-20;-29424
2020-11-19;"Prešovský kraj";359;1973;229;2202;NA;43136;588;2020-11-19;-29885
2020-11-18;"Prešovský kraj";270;373;32;405;NA;43136;302;2020-11-18;-30473
2020-11-17;"Prešovský kraj";347;151;17;168;NA;43136;364;2020-11-17;-30775
2020-11-16;"Prešovský kraj";226;382;51;433;NA;43136;277;2020-11-16;-31139
2020-11-15;"Prešovský kraj";186;39;4;43;NA;43136;190;2020-11-15;-31416
2020-11-14;"Prešovský kraj";261;54;4;58;NA;43136;265;2020-11-14;-31606
2020-11-13;"Prešovský kraj";395;166;8;174;NA;43136;403;2020-11-13;-31871
2020-11-12;"Prešovský kraj";397;229;50;279;NA;43136;447;2020-11-12;-32274
2020-11-11;"Prešovský kraj";516;161;15;176;NA;43136;531;2020-11-11;-32721
2020-11-10;"Prešovský kraj";437;197;9;206;NA;43136;446;2020-11-10;-33252
2020-11-09;"Prešovský kraj";190;4106;945;5051;NA;43136;1135;2020-11-09;-33698
2020-11-08;"Prešovský kraj";97;2817;32;2849;NA;43136;129;2020-11-08;-34833
2020-11-07;"Prešovský kraj";416;8578;81;8659;NA;43136;497;2020-11-07;-34962
2020-11-06;"Prešovský kraj";520;4791;76;4867;NA;43136;596;2020-11-06;-35459
2020-11-05;"Prešovský kraj";397;180;5;185;NA;43136;402;2020-11-05;-36055
2020-11-04;"Prešovský kraj";350;807;8;815;NA;43136;358;2020-11-04;-36457
2020-11-03;"Prešovský kraj";565;98;12;110;NA;43136;577;2020-11-03;-36815
2020-11-02;"Prešovský kraj";203;4158;1004;5162;NA;43136;1207;2020-11-02;-37392
2020-11-01;"Prešovský kraj";386;2906;53;2959;NA;43136;439;2020-11-01;-38599
2020-10-31;"Prešovský kraj";315;10497;170;10667;NA;43136;485;2020-10-31;-39038
2020-10-30;"Prešovský kraj";552;2949;65;3014;NA;43136;617;2020-10-30;-39523
2020-10-29;"Prešovský kraj";594;301;38;339;NA;43136;632;2020-10-29;-40140
2020-10-28;"Prešovský kraj";617;291;46;337;NA;43136;663;2020-10-28;-40772
2020-10-27;"Prešovský kraj";656;268;34;302;NA;43136;690;2020-10-27;-41435
2020-10-26;"Prešovský kraj";137;363;57;420;NA;43136;194;2020-10-26;-42125
2020-10-25;"Prešovský kraj";237;346;11;357;NA;43136;248;2020-10-25;-42319
2020-10-24;"Prešovský kraj";719;200;12;212;NA;43136;731;2020-10-24;-42567
2020-10-23;"Prešovský kraj";750;218;8;226;NA;43136;758;2020-10-23;-43298
2020-10-22;"Prešovský kraj";646;396;30;426;NA;43136;676;2020-10-22;-44056
2020-10-21;"Prešovský kraj";383;58;8;66;NA;43136;391;2020-10-21;-44732
2020-10-20;"Prešovský kraj";493;65;7;72;NA;43136;500;2020-10-20;-45123
2020-10-19;"Prešovský kraj";140;235;15;250;NA;43136;155;2020-10-19;-45623
2020-10-18;"Prešovský kraj";209;0;0;0;NA;43136;209;2020-10-18;-45778
2020-10-17;"Prešovský kraj";342;0;0;0;NA;43136;342;2020-10-17;-45987
2020-10-16;"Prešovský kraj";388;57;3;60;NA;43136;391;2020-10-16;-46329
2020-10-15;"Prešovský kraj";435;85;18;103;NA;43136;453;2020-10-15;-46720
2020-10-14;"Prešovský kraj";451;54;10;64;NA;43136;461;2020-10-14;-47173
2020-10-13;"Prešovský kraj";264;50;6;56;NA;43136;270;2020-10-13;-47634
2020-10-12;"Prešovský kraj";214;334;35;369;NA;43136;249;2020-10-12;-47904
2020-10-11;"Prešovský kraj";127;0;0;0;NA;43136;127;2020-10-11;-48153
2020-10-10;"Prešovský kraj";248;0;0;0;NA;43136;248;2020-10-10;-48280
2020-10-09;"Prešovský kraj";406;0;0;0;NA;43136;406;2020-10-09;-48528
2020-10-08;"Prešovský kraj";245;0;0;0;NA;43136;245;2020-10-08;-48934
2020-10-07;"Prešovský kraj";244;0;0;0;NA;43136;244;2020-10-07;-49179
2020-10-06;"Prešovský kraj";166;0;0;0;NA;43136;166;2020-10-06;-49423
2020-10-05;"Prešovský kraj";84;0;0;0;NA;43136;84;2020-10-05;-49589
2020-10-04;"Prešovský kraj";118;0;0;0;NA;43136;118;2020-10-04;-49673
2020-10-03;"Prešovský kraj";204;0;0;0;NA;43136;204;2020-10-03;-49791
2020-10-02;"Prešovský kraj";149;0;0;0;NA;43136;149;2020-10-02;-49995
2020-10-01;"Prešovský kraj";136;0;0;0;NA;43136;136;2020-10-01;-50144
2020-09-30;"Prešovský kraj";121;0;0;0;NA;43136;121;2020-09-30;-50280
2020-09-29;"Prešovský kraj";156;0;0;0;NA;43136;156;2020-09-29;-50401
2020-09-28;"Prešovský kraj";51;0;0;0;NA;43136;51;2020-09-28;-50557
2020-09-27;"Prešovský kraj";10;0;0;0;NA;43136;10;2020-09-27;-50608
2020-09-26;"Prešovský kraj";72;0;0;0;NA;43136;72;2020-09-26;-50618
2020-09-25;"Prešovský kraj";91;0;0;0;NA;43136;91;2020-09-25;-50690
2020-09-24;"Prešovský kraj";52;0;0;0;NA;43136;52;2020-09-24;-50781
2020-09-23;"Prešovský kraj";55;0;0;0;NA;43136;55;2020-09-23;-50833
2020-09-22;"Prešovský kraj";29;0;0;0;NA;43136;29;2020-09-22;-50888
2020-09-21;"Prešovský kraj";14;0;0;0;NA;43136;14;2020-09-21;-50917
2020-09-20;"Prešovský kraj";5;0;0;0;NA;43136;5;2020-09-20;-50931
2020-09-19;"Prešovský kraj";12;0;0;0;NA;43136;12;2020-09-19;-50936
2020-09-18;"Prešovský kraj";29;0;0;0;NA;43136;29;2020-09-18;-50948
2020-09-17;"Prešovský kraj";25;0;0;0;NA;43136;25;2020-09-17;-50977
2020-09-16;"Prešovský kraj";8;0;0;0;NA;43136;8;2020-09-16;-51002
2020-09-15;"Prešovský kraj";10;0;0;0;NA;43136;10;2020-09-15;-51010
2020-09-14;"Prešovský kraj";47;0;0;0;NA;43136;47;2020-09-14;-51020
2020-09-13;"Prešovský kraj";3;0;0;0;NA;43136;3;2020-09-13;-51067
2020-09-12;"Prešovský kraj";4;0;0;0;NA;43136;4;2020-09-12;-51070
2020-09-11;"Prešovský kraj";15;0;0;0;NA;43136;15;2020-09-11;-51074
2020-09-10;"Prešovský kraj";10;0;0;0;NA;43136;10;2020-09-10;-51089
2020-09-09;"Prešovský kraj";21;0;0;0;NA;43136;21;2020-09-09;-51099
2020-09-08;"Prešovský kraj";23;0;0;0;NA;43136;23;2020-09-08;-51120
2020-09-07;"Prešovský kraj";5;0;0;0;NA;43136;5;2020-09-07;-51143
2020-09-06;"Prešovský kraj";3;0;0;0;NA;43136;3;2020-09-06;-51148
2020-09-05;"Prešovský kraj";7;0;0;0;NA;43136;7;2020-09-05;-51151
2020-09-04;"Prešovský kraj";24;0;0;0;NA;43136;24;2020-09-04;-51158
2020-09-03;"Prešovský kraj";8;0;0;0;NA;43136;8;2020-09-03;-51182
2020-09-02;"Prešovský kraj";9;0;0;0;NA;43136;9;2020-09-02;-51190
2020-09-01;"Prešovský kraj";6;0;0;0;NA;43136;6;2020-09-01;-51199
2020-08-31;"Prešovský kraj";3;0;0;0;NA;43136;3;2020-08-31;-51205
2020-08-30;"Prešovský kraj";6;0;0;0;NA;43136;6;2020-08-30;-51208
2020-08-29;"Prešovský kraj";4;0;0;0;NA;43136;4;2020-08-29;-51214
2020-08-28;"Prešovský kraj";6;0;0;0;NA;43136;6;2020-08-28;-51218
2020-08-27;"Prešovský kraj";7;0;0;0;NA;43136;7;2020-08-27;-51224
2020-08-26;"Prešovský kraj";22;0;0;0;NA;43136;22;2020-08-26;-51231
2020-08-25;"Prešovský kraj";1;0;0;0;NA;43136;1;2020-08-25;-51253
2020-08-24;"Prešovský kraj";5;0;0;0;NA;43136;5;2020-08-24;-51254
2020-08-23;"Prešovský kraj";3;0;0;0;NA;43136;3;2020-08-23;-51259
2020-08-22;"Prešovský kraj";3;0;0;0;NA;43136;3;2020-08-22;-51262
2020-08-21;"Prešovský kraj";11;0;0;0;NA;43136;11;2020-08-21;-51265
2020-08-20;"Prešovský kraj";8;0;0;0;NA;43136;8;2020-08-20;-51276
2020-08-19;"Prešovský kraj";8;0;0;0;NA;43136;8;2020-08-19;-51284
2020-08-18;"Prešovský kraj";6;0;0;0;NA;43136;6;2020-08-18;-51292
2020-08-17;"Prešovský kraj";1;0;0;0;NA;43136;1;2020-08-17;-51298
2020-08-15;"Prešovský kraj";8;0;0;0;NA;43136;8;2020-08-15;-51299
2020-08-14;"Prešovský kraj";6;0;0;0;NA;43136;6;2020-08-14;-51307
2020-08-13;"Prešovský kraj";8;0;0;0;NA;43136;8;2020-08-13;-51313
2020-08-12;"Prešovský kraj";19;0;0;0;NA;43136;19;2020-08-12;-51321
2020-08-11;"Prešovský kraj";3;0;0;0;NA;43136;3;2020-08-11;-51340
2020-08-08;"Prešovský kraj";2;0;0;0;NA;43136;2;2020-08-08;-51343
2020-08-07;"Prešovský kraj";6;0;0;0;NA;43136;6;2020-08-07;-51345
2020-08-06;"Prešovský kraj";2;0;0;0;NA;43136;2;2020-08-06;-51351
2020-08-05;"Prešovský kraj";8;0;0;0;NA;43136;8;2020-08-05;-51353
2020-08-04;"Prešovský kraj";5;0;0;0;NA;43136;5;2020-08-04;-51361
2020-08-03;"Prešovský kraj";4;0;0;0;NA;43136;4;2020-08-03;-51366
2020-08-02;"Prešovský kraj";6;0;0;0;NA;43136;6;2020-08-02;-51370
2020-07-31;"Prešovský kraj";2;0;0;0;NA;43136;2;2020-07-31;-51376
2020-07-30;"Prešovský kraj";6;0;0;0;NA;43136;6;2020-07-30;-51378
2020-07-29;"Prešovský kraj";5;0;0;0;NA;43136;5;2020-07-29;-51384
2020-07-27;"Prešovský kraj";1;0;0;0;NA;43136;1;2020-07-27;-51389
2020-07-26;"Prešovský kraj";1;0;0;0;NA;43136;1;2020-07-26;-51390
2020-07-25;"Prešovský kraj";21;0;0;0;NA;43136;21;2020-07-25;-51391
2020-07-24;"Prešovský kraj";1;0;0;0;NA;43136;1;2020-07-24;-51412
2020-07-23;"Prešovský kraj";5;0;0;0;NA;43136;5;2020-07-23;-51413
2020-07-22;"Prešovský kraj";1;0;0;0;NA;43136;1;2020-07-22;-51418
2020-07-21;"Prešovský kraj";2;0;0;0;NA;43136;2;2020-07-21;-51419
2020-07-20;"Prešovský kraj";1;0;0;0;NA;43136;1;2020-07-20;-51421
2020-07-17;"Prešovský kraj";3;0;0;0;NA;43136;3;2020-07-17;-51422
2020-07-16;"Prešovský kraj";1;0;0;0;NA;43136;1;2020-07-16;-51425
2020-07-15;"Prešovský kraj";5;0;0;0;NA;43136;5;2020-07-15;-51426
2020-07-14;"Prešovský kraj";5;0;0;0;NA;43136;5;2020-07-14;-51431
2020-07-13;"Prešovský kraj";1;0;0;0;NA;43136;1;2020-07-13;-51436
2020-07-12;"Prešovský kraj";1;0;0;0;NA;43136;1;2020-07-12;-51437
2020-07-11;"Prešovský kraj";6;0;0;0;NA;43136;6;2020-07-11;-51438
2020-07-10;"Prešovský kraj";5;0;0;0;NA;43136;5;2020-07-10;-51444
2020-07-09;"Prešovský kraj";2;0;0;0;NA;43136;2;2020-07-09;-51449
2020-07-08;"Prešovský kraj";14;0;0;0;NA;43136;14;2020-07-08;-51451
2020-07-07;"Prešovský kraj";2;0;0;0;NA;43136;2;2020-07-07;-51465
2020-07-04;"Prešovský kraj";1;0;0;0;NA;43136;1;2020-07-04;-51467
2020-07-03;"Prešovský kraj";3;0;0;0;NA;43136;3;2020-07-03;-51468
2020-06-30;"Prešovský kraj";7;0;0;0;NA;43136;7;2020-06-30;-51471
2020-06-27;"Prešovský kraj";3;0;0;0;NA;43136;3;2020-06-27;-51478
2020-06-26;"Prešovský kraj";3;0;0;0;NA;43136;3;2020-06-26;-51481
2020-06-24;"Prešovský kraj";4;0;0;0;NA;43136;4;2020-06-24;-51484
2020-06-19;"Prešovský kraj";1;0;0;0;NA;43136;1;2020-06-19;-51488
2020-06-16;"Prešovský kraj";6;0;0;0;NA;43136;6;2020-06-16;-51489
2020-06-12;"Prešovský kraj";1;0;0;0;NA;43136;1;2020-06-12;-51495
2020-06-02;"Prešovský kraj";1;0;0;0;NA;43136;1;2020-06-02;-51496
2020-05-31;"Prešovský kraj";1;0;0;0;NA;43136;1;2020-05-31;-51497
2020-05-21;"Prešovský kraj";1;0;0;0;NA;43136;1;2020-05-21;-51498
2020-05-13;"Prešovský kraj";1;0;0;0;NA;43136;1;2020-05-13;-51499
2020-05-11;"Prešovský kraj";1;0;0;0;NA;43136;1;2020-05-11;-51500
2020-05-05;"Prešovský kraj";1;0;0;0;NA;43136;1;2020-05-05;-51501
2020-05-01;"Prešovský kraj";2;0;0;0;NA;43136;2;2020-05-01;-51502
2020-04-29;"Prešovský kraj";1;0;0;0;NA;43136;1;2020-04-29;-51504
2020-04-28;"Prešovský kraj";1;0;0;0;NA;43136;1;2020-04-28;-51505
2020-04-27;"Prešovský kraj";2;0;0;0;NA;43136;2;2020-04-27;-51506
2020-04-23;"Prešovský kraj";2;0;0;0;NA;43136;2;2020-04-23;-51508
2020-04-22;"Prešovský kraj";11;0;0;0;NA;43136;11;2020-04-22;-51510
2020-04-21;"Prešovský kraj";12;0;0;0;NA;43136;12;2020-04-21;-51521
2020-04-20;"Prešovský kraj";2;0;0;0;NA;43136;2;2020-04-20;-51533
2020-04-19;"Prešovský kraj";4;0;0;0;NA;43136;4;2020-04-19;-51535
2020-04-18;"Prešovský kraj";1;0;0;0;NA;43136;1;2020-04-18;-51539
2020-04-17;"Prešovský kraj";4;0;0;0;NA;43136;4;2020-04-17;-51540
2020-04-16;"Prešovský kraj";9;0;0;0;NA;43136;9;2020-04-16;-51544
2020-04-15;"Prešovský kraj";21;0;0;0;NA;43136;21;2020-04-15;-51553
2020-04-14;"Prešovský kraj";1;0;0;0;NA;43136;1;2020-04-14;-51574
2020-04-13;"Prešovský kraj";2;0;0;0;NA;43136;2;2020-04-13;-51575
2020-04-12;"Prešovský kraj";6;0;0;0;NA;43136;6;2020-04-12;-51577
2020-04-11;"Prešovský kraj";4;0;0;0;NA;43136;4;2020-04-11;-51583
2020-04-09;"Prešovský kraj";1;0;0;0;NA;43136;1;2020-04-09;-51587
2020-04-07;"Prešovský kraj";7;0;0;0;NA;43136;7;2020-04-07;-51588
2020-04-06;"Prešovský kraj";10;0;0;0;NA;43136;10;2020-04-06;-51595
2020-04-05;"Prešovský kraj";13;0;0;0;NA;43136;13;2020-04-05;-51605
2020-04-04;"Prešovský kraj";1;0;0;0;NA;43136;1;2020-04-04;-51618
2020-04-03;"Prešovský kraj";4;0;0;0;NA;43136;4;2020-04-03;-51619
2020-04-02;"Prešovský kraj";6;0;0;0;NA;43136;6;2020-04-02;-51623
2020-04-01;"Prešovský kraj";6;0;0;0;NA;43136;6;2020-04-01;-51629
2020-03-31;"Prešovský kraj";6;0;0;0;NA;43136;6;2020-03-31;-51635
2020-03-30;"Prešovský kraj";2;0;0;0;NA;43136;2;2020-03-30;-51641
2020-03-29;"Prešovský kraj";2;0;0;0;NA;43136;2;2020-03-29;-51643
2020-03-28;"Prešovský kraj";2;0;0;0;NA;43136;2;2020-03-28;-51645
2020-03-27;"Prešovský kraj";1;0;0;0;NA;43136;1;2020-03-27;-51647
2020-03-26;"Prešovský kraj";8;0;0;0;NA;43136;8;2020-03-26;-51648
2020-03-25;"Prešovský kraj";1;0;0;0;NA;43136;1;2020-03-25;-51656
2020-03-24;"Prešovský kraj";4;0;0;0;NA;43136;4;2020-03-24;-51657
2020-03-22;"Prešovský kraj";1;0;0;0;NA;43136;1;2020-03-22;-51661
2020-03-21;"Prešovský kraj";2;0;0;0;NA;43136;2;2020-03-21;-51662
2020-03-20;"Prešovský kraj";3;0;0;0;NA;43136;3;2020-03-20;-51664
2020-03-19;"Prešovský kraj";2;0;0;0;NA;43136;2;2020-03-19;-51667
2020-03-18;"Prešovský kraj";1;0;0;0;NA;43136;1;2020-03-18;-51669
2020-03-17;"Prešovský kraj";1;0;0;0;NA;43136;1;2020-03-17;-51670
2020-03-16;"Prešovský kraj";4;0;0;0;NA;43136;4;2020-03-16;-51671
2020-03-14;"Prešovský kraj";1;0;0;0;NA;43136;1;2020-03-14;-51675
2021-03-20;"Trenčiansky kraj";128;71490;280;71770;NA;40528;408;2021-03-20;40528
2021-03-19;"Trenčiansky kraj";231;34214;227;34441;NA;40528;458;2021-03-19;40120
2021-03-18;"Trenčiansky kraj";262;15718;172;15890;NA;40528;434;2021-03-18;39662
2021-03-17;"Trenčiansky kraj";366;13390;163;13553;NA;40528;529;2021-03-17;39228
2021-03-16;"Trenčiansky kraj";450;14893;236;15129;NA;40528;686;2021-03-16;38699
2021-03-15;"Trenčiansky kraj";162;21016;251;21267;NA;40528;413;2021-03-15;38013
2021-03-14;"Trenčiansky kraj";42;25282;169;25451;NA;40528;211;2021-03-14;37600
2021-03-13;"Trenčiansky kraj";270;76896;436;77332;NA;40528;706;2021-03-13;37389
2021-03-12;"Trenčiansky kraj";366;34763;307;35070;NA;40528;673;2021-03-12;36683
2021-03-11;"Trenčiansky kraj";302;15555;213;15768;NA;40528;515;2021-03-11;36010
2021-03-10;"Trenčiansky kraj";402;13433;236;13669;NA;40528;638;2021-03-10;35495
2021-03-09;"Trenčiansky kraj";586;17640;284;17924;NA;40528;870;2021-03-09;34857
2021-03-08;"Trenčiansky kraj";174;20977;361;21338;NA;40528;535;2021-03-08;33987
2021-03-07;"Trenčiansky kraj";4;15504;126;15630;NA;40528;130;2021-03-07;33452
2021-03-06;"Trenčiansky kraj";260;80212;532;80744;NA;40528;792;2021-03-06;33322
2021-03-05;"Trenčiansky kraj";326;32686;414;33100;NA;40528;740;2021-03-05;32530
2021-03-04;"Trenčiansky kraj";323;16515;313;16828;NA;40528;636;2021-03-04;31790
2021-03-03;"Trenčiansky kraj";413;14065;343;14408;NA;40528;756;2021-03-03;31154
2021-03-02;"Trenčiansky kraj";612;17984;356;18340;NA;40528;968;2021-03-02;30398
2021-03-01;"Trenčiansky kraj";217;20586;434;21020;NA;40528;651;2021-03-01;29430
2021-02-28;"Trenčiansky kraj";45;28672;358;29030;NA;40528;403;2021-02-28;28779
2021-02-27;"Trenčiansky kraj";277;78732;686;79418;NA;40528;963;2021-02-27;28376
2021-02-26;"Trenčiansky kraj";420;32932;435;33367;NA;40528;855;2021-02-26;27413
2021-02-25;"Trenčiansky kraj";424;13989;328;14317;NA;40528;752;2021-02-25;26558
2021-02-24;"Trenčiansky kraj";427;12081;401;12482;NA;40528;828;2021-02-24;25806
2021-02-23;"Trenčiansky kraj";577;14956;390;15346;NA;40528;967;2021-02-23;24978
2021-02-22;"Trenčiansky kraj";160;19929;468;20397;NA;40528;628;2021-02-22;24011
2021-02-21;"Trenčiansky kraj";64;27642;381;28023;NA;40528;445;2021-02-21;23383
2021-02-20;"Trenčiansky kraj";274;77817;744;78561;NA;40528;1018;2021-02-20;22938
2021-02-19;"Trenčiansky kraj";272;30454;524;30978;NA;40528;796;2021-02-19;21920
2021-02-18;"Trenčiansky kraj";355;14167;407;14574;NA;40528;762;2021-02-18;21124
2021-02-17;"Trenčiansky kraj";363;11377;376;11753;NA;40528;739;2021-02-17;20362
2021-02-16;"Trenčiansky kraj";488;17891;416;18307;NA;40528;904;2021-02-16;19623
2021-02-15;"Trenčiansky kraj";151;22000;467;22467;NA;40528;618;2021-02-15;18719
2021-02-14;"Trenčiansky kraj";2;5241;51;5292;NA;40528;53;2021-02-14;18101
2021-02-13;"Trenčiansky kraj";274;60942;526;61468;NA;40528;800;2021-02-13;18048
2021-02-12;"Trenčiansky kraj";276;27864;409;28273;NA;40528;685;2021-02-12;17248
2021-02-11;"Trenčiansky kraj";291;11204;317;11521;NA;40528;608;2021-02-11;16563
2021-02-10;"Trenčiansky kraj";304;11402;317;11719;NA;40528;621;2021-02-10;15955
2021-02-09;"Trenčiansky kraj";514;18401;360;18761;NA;40528;874;2021-02-09;15334
2021-02-08;"Trenčiansky kraj";182;27479;432;27911;NA;40528;614;2021-02-08;14460
2021-02-07;"Trenčiansky kraj";31;28383;277;28660;NA;40528;308;2021-02-07;13846
2021-02-06;"Trenčiansky kraj";216;63430;558;63988;NA;40528;774;2021-02-06;13538
2021-02-05;"Trenčiansky kraj";202;18176;368;18544;NA;40528;570;2021-02-05;12764
2021-02-04;"Trenčiansky kraj";266;7600;342;7942;NA;40528;608;2021-02-04;12194
2021-02-03;"Trenčiansky kraj";162;6198;351;6549;NA;40528;513;2021-02-03;11586
2021-02-02;"Trenčiansky kraj";347;8076;385;8461;NA;40528;732;2021-02-02;11073
2021-02-01;"Trenčiansky kraj";167;9355;311;9666;NA;40528;478;2021-02-01;10341
2021-01-31;"Trenčiansky kraj";7;15791;135;15926;NA;40528;142;2021-01-31;9863
2021-01-30;"Trenčiansky kraj";228;36931;321;37252;NA;40528;549;2021-01-30;9721
2021-01-29;"Trenčiansky kraj";214;7534;227;7761;NA;40528;441;2021-01-29;9172
2021-01-28;"Trenčiansky kraj";307;5443;158;5601;NA;40528;465;2021-01-28;8731
2021-01-27;"Trenčiansky kraj";166;11910;217;12127;NA;40528;383;2021-01-27;8266
2021-01-26;"Trenčiansky kraj";303;14586;251;14837;NA;40528;554;2021-01-26;7883
2021-01-25;"Trenčiansky kraj";160;24609;212;24821;NA;40528;372;2021-01-25;7329
2021-01-24;"Trenčiansky kraj";51;27365;181;27546;NA;40528;232;2021-01-24;6957
2021-01-23;"Trenčiansky kraj";206;113508;742;114250;NA;40528;948;2021-01-23;6725
2021-01-22;"Trenčiansky kraj";148;14679;204;14883;NA;40528;352;2021-01-22;5777
2021-01-21;"Trenčiansky kraj";143;8580;166;8746;NA;40528;309;2021-01-21;5425
2021-01-20;"Trenčiansky kraj";181;8188;227;8415;NA;40528;408;2021-01-20;5116
2021-01-19;"Trenčiansky kraj";363;6618;262;6880;NA;40528;625;2021-01-19;4708
2021-01-18;"Trenčiansky kraj";72;5056;323;5379;NA;40528;395;2021-01-18;4083
2021-01-17;"Trenčiansky kraj";124;93;11;104;NA;40528;135;2021-01-17;3688
2021-01-16;"Trenčiansky kraj";39;457;28;485;NA;40528;67;2021-01-16;3553
2021-01-15;"Trenčiansky kraj";264;4030;218;4248;NA;40528;482;2021-01-15;3486
2021-01-14;"Trenčiansky kraj";275;3195;189;3384;NA;40528;464;2021-01-14;3004
2021-01-13;"Trenčiansky kraj";222;4054;241;4295;NA;40528;463;2021-01-13;2540
2021-01-12;"Trenčiansky kraj";508;4604;261;4865;NA;40528;769;2021-01-12;2077
2021-01-11;"Trenčiansky kraj";142;4367;354;4721;NA;40528;496;2021-01-11;1308
2021-01-10;"Trenčiansky kraj";89;4939;76;5015;NA;40528;165;2021-01-10;812
2021-01-09;"Trenčiansky kraj";276;7974;121;8095;NA;40528;397;2021-01-09;647
2021-01-08;"Trenčiansky kraj";489;6434;484;6918;NA;40528;973;2021-01-08;250
2021-01-07;"Trenčiansky kraj";420;6138;577;6715;NA;40528;997;2021-01-07;-723
2021-01-06;"Trenčiansky kraj";221;1021;64;1085;NA;40528;285;2021-01-06;-1720
2021-01-05;"Trenčiansky kraj";669;5515;670;6185;NA;40528;1339;2021-01-05;-2005
2021-01-04;"Trenčiansky kraj";337;5243;782;6025;NA;40528;1119;2021-01-04;-3344
2021-01-03;"Trenčiansky kraj";38;60;13;73;NA;40528;51;2021-01-03;-4463
2021-01-02;"Trenčiansky kraj";129;140;23;163;NA;40528;152;2021-01-02;-4514
2021-01-01;"Trenčiansky kraj";329;347;23;370;NA;40528;352;2021-01-01;-4666
2020-12-31;"Trenčiansky kraj";597;4943;557;5500;NA;40528;1154;2020-12-31;-5018
2020-12-30;"Trenčiansky kraj";836;7006;762;7768;NA;40528;1598;2020-12-30;-6172
2020-12-29;"Trenčiansky kraj";459;6191;1018;7209;NA;40528;1477;2020-12-29;-7770
2020-12-28;"Trenčiansky kraj";258;4195;777;4972;NA;40528;1035;2020-12-28;-9247
2020-12-27;"Trenčiansky kraj";5;202;36;238;NA;40528;41;2020-12-27;-10282
2020-12-26;"Trenčiansky kraj";174;74;10;84;NA;40528;184;2020-12-26;-10323
2020-12-25;"Trenčiansky kraj";251;325;47;372;NA;40528;298;2020-12-25;-10507
2020-12-24;"Trenčiansky kraj";552;2194;256;2450;NA;40528;808;2020-12-24;-10805
2020-12-23;"Trenčiansky kraj";421;6552;661;7213;NA;40528;1082;2020-12-23;-11613
2020-12-22;"Trenčiansky kraj";673;5760;694;6454;NA;40528;1367;2020-12-22;-12695
2020-12-21;"Trenčiansky kraj";248;13673;996;14669;NA;40528;1244;2020-12-21;-14062
2020-12-20;"Trenčiansky kraj";238;12480;291;12771;NA;40528;529;2020-12-20;-15306
2020-12-19;"Trenčiansky kraj";341;1611;150;1761;NA;40528;491;2020-12-19;-15835
2020-12-18;"Trenčiansky kraj";521;4847;575;5422;NA;40528;1096;2020-12-18;-16326
2020-12-17;"Trenčiansky kraj";670;3843;524;4367;NA;40528;1194;2020-12-17;-17422
2020-12-16;"Trenčiansky kraj";461;4459;647;5106;NA;40528;1108;2020-12-16;-18616
2020-12-15;"Trenčiansky kraj";595;3805;670;4475;NA;40528;1265;2020-12-15;-19724
2020-12-14;"Trenčiansky kraj";318;3194;613;3807;NA;40528;931;2020-12-14;-20989
2020-12-13;"Trenčiansky kraj";77;24;4;28;NA;40528;81;2020-12-13;-21920
2020-12-12;"Trenčiansky kraj";314;1002;120;1122;NA;40528;434;2020-12-12;-22001
2020-12-11;"Trenčiansky kraj";751;4066;479;4545;NA;40528;1230;2020-12-11;-22435
2020-12-10;"Trenčiansky kraj";271;3371;477;3848;NA;40528;748;2020-12-10;-23665
2020-12-09;"Trenčiansky kraj";508;3805;470;4275;NA;40528;978;2020-12-09;-24413
2020-12-08;"Trenčiansky kraj";546;3440;522;3962;NA;40528;1068;2020-12-08;-25391
2020-12-07;"Trenčiansky kraj";258;3826;466;4292;NA;40528;724;2020-12-07;-26459
2020-12-06;"Trenčiansky kraj";114;179;10;189;NA;40528;124;2020-12-06;-27183
2020-12-05;"Trenčiansky kraj";223;751;64;815;NA;40528;287;2020-12-05;-27307
2020-12-04;"Trenčiansky kraj";253;2519;215;2734;NA;40528;468;2020-12-04;-27594
2020-12-03;"Trenčiansky kraj";503;1714;178;1892;NA;40528;681;2020-12-03;-28062
2020-12-02;"Trenčiansky kraj";418;1844;232;2076;NA;40528;650;2020-12-02;-28743
2020-12-01;"Trenčiansky kraj";321;5642;351;5993;NA;40528;672;2020-12-01;-29393
2020-11-30;"Trenčiansky kraj";167;8494;489;8983;NA;40528;656;2020-11-30;-30065
2020-11-29;"Trenčiansky kraj";29;18;2;20;NA;40528;31;2020-11-29;-30721
2020-11-28;"Trenčiansky kraj";202;1051;93;1144;NA;40528;295;2020-11-28;-30752
2020-11-27;"Trenčiansky kraj";330;1398;150;1548;NA;40528;480;2020-11-27;-31047
2020-11-26;"Trenčiansky kraj";395;1252;122;1374;NA;40528;517;2020-11-26;-31527
2020-11-25;"Trenčiansky kraj";322;1444;160;1604;NA;40528;482;2020-11-25;-32044
2020-11-24;"Trenčiansky kraj";348;2553;308;2861;NA;40528;656;2020-11-24;-32526
2020-11-23;"Trenčiansky kraj";159;1186;122;1308;NA;40528;281;2020-11-23;-33182
2020-11-22;"Trenčiansky kraj";26;11;1;12;NA;40528;27;2020-11-22;-33463
2020-11-21;"Trenčiansky kraj";255;1323;62;1385;NA;40528;317;2020-11-21;-33490
2020-11-20;"Trenčiansky kraj";316;861;93;954;NA;40528;409;2020-11-20;-33807
2020-11-19;"Trenčiansky kraj";316;740;113;853;NA;40528;429;2020-11-19;-34216
2020-11-18;"Trenčiansky kraj";233;379;66;445;NA;40528;299;2020-11-18;-34645
2020-11-17;"Trenčiansky kraj";222;106;15;121;NA;40528;237;2020-11-17;-34944
2020-11-16;"Trenčiansky kraj";245;236;45;281;NA;40528;290;2020-11-16;-35181
2020-11-15;"Trenčiansky kraj";109;29;6;35;NA;40528;115;2020-11-15;-35471
2020-11-14;"Trenčiansky kraj";190;74;11;85;NA;40528;201;2020-11-14;-35586
2020-11-13;"Trenčiansky kraj";308;131;13;144;NA;40528;321;2020-11-13;-35787
2020-11-12;"Trenčiansky kraj";324;124;5;129;NA;40528;329;2020-11-12;-36108
2020-11-11;"Trenčiansky kraj";366;113;10;123;NA;40528;376;2020-11-11;-36437
2020-11-10;"Trenčiansky kraj";277;106;6;112;NA;40528;283;2020-11-10;-36813
2020-11-09;"Trenčiansky kraj";115;1407;48;1455;NA;40528;163;2020-11-09;-37096
2020-11-08;"Trenčiansky kraj";81;1223;8;1231;NA;40528;89;2020-11-08;-37259
2020-11-07;"Trenčiansky kraj";319;3662;59;3721;NA;40528;378;2020-11-07;-37348
2020-11-06;"Trenčiansky kraj";383;6893;84;6977;NA;40528;467;2020-11-06;-37726
2020-11-05;"Trenčiansky kraj";399;98;15;113;NA;40528;414;2020-11-05;-38193
2020-11-04;"Trenčiansky kraj";370;91;9;100;NA;40528;379;2020-11-04;-38607
2020-11-03;"Trenčiansky kraj";575;97;8;105;NA;40528;583;2020-11-03;-38986
2020-11-02;"Trenčiansky kraj";197;1833;68;1901;NA;40528;265;2020-11-02;-39569
2020-11-01;"Trenčiansky kraj";257;804;23;827;NA;40528;280;2020-11-01;-39834
2020-10-31;"Trenčiansky kraj";332;4719;82;4801;NA;40528;414;2020-10-31;-40114
2020-10-30;"Trenčiansky kraj";299;5283;102;5385;NA;40528;401;2020-10-30;-40528
2020-10-29;"Trenčiansky kraj";496;764;68;832;NA;40528;564;2020-10-29;-40929
2020-10-28;"Trenčiansky kraj";269;192;33;225;NA;40528;302;2020-10-28;-41493
2020-10-27;"Trenčiansky kraj";473;127;27;154;NA;40528;500;2020-10-27;-41795
2020-10-26;"Trenčiansky kraj";177;103;31;134;NA;40528;208;2020-10-26;-42295
2020-10-25;"Trenčiansky kraj";138;9;5;14;NA;40528;143;2020-10-25;-42503
2020-10-24;"Trenčiansky kraj";395;128;6;134;NA;40528;401;2020-10-24;-42646
2020-10-23;"Trenčiansky kraj";301;154;8;162;NA;40528;309;2020-10-23;-43047
2020-10-22;"Trenčiansky kraj";273;82;12;94;NA;40528;285;2020-10-22;-43356
2020-10-21;"Trenčiansky kraj";183;53;9;62;NA;40528;192;2020-10-21;-43641
2020-10-20;"Trenčiansky kraj";212;47;6;53;NA;40528;218;2020-10-20;-43833
2020-10-19;"Trenčiansky kraj";41;83;25;108;NA;40528;66;2020-10-19;-44051
2020-10-18;"Trenčiansky kraj";104;0;0;0;NA;40528;104;2020-10-18;-44117
2020-10-17;"Trenčiansky kraj";157;0;0;0;NA;40528;157;2020-10-17;-44221
2020-10-16;"Trenčiansky kraj";225;42;6;48;NA;40528;231;2020-10-16;-44378
2020-10-15;"Trenčiansky kraj";255;39;4;43;NA;40528;259;2020-10-15;-44609
2020-10-14;"Trenčiansky kraj";162;42;7;49;NA;40528;169;2020-10-14;-44868
2020-10-13;"Trenčiansky kraj";124;105;12;117;NA;40528;136;2020-10-13;-45037
2020-10-12;"Trenčiansky kraj";55;0;0;0;NA;40528;55;2020-10-12;-45173
2020-10-11;"Trenčiansky kraj";73;0;0;0;NA;40528;73;2020-10-11;-45228
2020-10-10;"Trenčiansky kraj";180;0;0;0;NA;40528;180;2020-10-10;-45301
2020-10-09;"Trenčiansky kraj";198;0;0;0;NA;40528;198;2020-10-09;-45481
2020-10-08;"Trenčiansky kraj";115;0;0;0;NA;40528;115;2020-10-08;-45679
2020-10-07;"Trenčiansky kraj";75;0;0;0;NA;40528;75;2020-10-07;-45794
2020-10-06;"Trenčiansky kraj";72;0;0;0;NA;40528;72;2020-10-06;-45869
2020-10-05;"Trenčiansky kraj";32;0;0;0;NA;40528;32;2020-10-05;-45941
2020-10-04;"Trenčiansky kraj";37;0;0;0;NA;40528;37;2020-10-04;-45973
2020-10-03;"Trenčiansky kraj";79;0;0;0;NA;40528;79;2020-10-03;-46010
2020-10-02;"Trenčiansky kraj";69;0;0;0;NA;40528;69;2020-10-02;-46089
2020-10-01;"Trenčiansky kraj";58;0;0;0;NA;40528;58;2020-10-01;-46158
2020-09-30;"Trenčiansky kraj";76;0;0;0;NA;40528;76;2020-09-30;-46216
2020-09-29;"Trenčiansky kraj";43;0;0;0;NA;40528;43;2020-09-29;-46292
2020-09-28;"Trenčiansky kraj";7;0;0;0;NA;40528;7;2020-09-28;-46335
2020-09-27;"Trenčiansky kraj";12;0;0;0;NA;40528;12;2020-09-27;-46342
2020-09-26;"Trenčiansky kraj";37;0;0;0;NA;40528;37;2020-09-26;-46354
2020-09-25;"Trenčiansky kraj";72;0;0;0;NA;40528;72;2020-09-25;-46391
2020-09-24;"Trenčiansky kraj";41;0;0;0;NA;40528;41;2020-09-24;-46463
2020-09-23;"Trenčiansky kraj";32;0;0;0;NA;40528;32;2020-09-23;-46504
2020-09-22;"Trenčiansky kraj";26;0;0;0;NA;40528;26;2020-09-22;-46536
2020-09-21;"Trenčiansky kraj";23;0;0;0;NA;40528;23;2020-09-21;-46562
2020-09-20;"Trenčiansky kraj";21;0;0;0;NA;40528;21;2020-09-20;-46585
2020-09-19;"Trenčiansky kraj";20;0;0;0;NA;40528;20;2020-09-19;-46606
2020-09-18;"Trenčiansky kraj";41;0;0;0;NA;40528;41;2020-09-18;-46626
2020-09-17;"Trenčiansky kraj";20;0;0;0;NA;40528;20;2020-09-17;-46667
2020-09-16;"Trenčiansky kraj";14;0;0;0;NA;40528;14;2020-09-16;-46687
2020-09-15;"Trenčiansky kraj";8;0;0;0;NA;40528;8;2020-09-15;-46701
2020-09-14;"Trenčiansky kraj";5;0;0;0;NA;40528;5;2020-09-14;-46709
2020-09-13;"Trenčiansky kraj";12;0;0;0;NA;40528;12;2020-09-13;-46714
2020-09-12;"Trenčiansky kraj";2;0;0;0;NA;40528;2;2020-09-12;-46726
2020-09-11;"Trenčiansky kraj";27;0;0;0;NA;40528;27;2020-09-11;-46728
2020-09-10;"Trenčiansky kraj";15;0;0;0;NA;40528;15;2020-09-10;-46755
2020-09-09;"Trenčiansky kraj";11;0;0;0;NA;40528;11;2020-09-09;-46770
2020-09-08;"Trenčiansky kraj";12;0;0;0;NA;40528;12;2020-09-08;-46781
2020-09-07;"Trenčiansky kraj";6;0;0;0;NA;40528;6;2020-09-07;-46793
2020-09-06;"Trenčiansky kraj";1;0;0;0;NA;40528;1;2020-09-06;-46799
2020-09-05;"Trenčiansky kraj";3;0;0;0;NA;40528;3;2020-09-05;-46800
2020-09-04;"Trenčiansky kraj";9;0;0;0;NA;40528;9;2020-09-04;-46803
2020-09-03;"Trenčiansky kraj";10;0;0;0;NA;40528;10;2020-09-03;-46812
2020-09-02;"Trenčiansky kraj";5;0;0;0;NA;40528;5;2020-09-02;-46822
2020-09-01;"Trenčiansky kraj";1;0;0;0;NA;40528;1;2020-09-01;-46827
2020-08-31;"Trenčiansky kraj";12;0;0;0;NA;40528;12;2020-08-31;-46828
2020-08-29;"Trenčiansky kraj";1;0;0;0;NA;40528;1;2020-08-29;-46840
2020-08-28;"Trenčiansky kraj";12;0;0;0;NA;40528;12;2020-08-28;-46841
2020-08-27;"Trenčiansky kraj";10;0;0;0;NA;40528;10;2020-08-27;-46853
2020-08-26;"Trenčiansky kraj";15;0;0;0;NA;40528;15;2020-08-26;-46863
2020-08-25;"Trenčiansky kraj";12;0;0;0;NA;40528;12;2020-08-25;-46878
2020-08-24;"Trenčiansky kraj";4;0;0;0;NA;40528;4;2020-08-24;-46890
2020-08-23;"Trenčiansky kraj";5;0;0;0;NA;40528;5;2020-08-23;-46894
2020-08-22;"Trenčiansky kraj";6;0;0;0;NA;40528;6;2020-08-22;-46899
2020-08-21;"Trenčiansky kraj";6;0;0;0;NA;40528;6;2020-08-21;-46905
2020-08-20;"Trenčiansky kraj";20;0;0;0;NA;40528;20;2020-08-20;-46911
2020-08-19;"Trenčiansky kraj";17;0;0;0;NA;40528;17;2020-08-19;-46931
2020-08-18;"Trenčiansky kraj";9;0;0;0;NA;40528;9;2020-08-18;-46948
2020-08-17;"Trenčiansky kraj";4;0;0;0;NA;40528;4;2020-08-17;-46957
2020-08-15;"Trenčiansky kraj";9;0;0;0;NA;40528;9;2020-08-15;-46961
2020-08-14;"Trenčiansky kraj";15;0;0;0;NA;40528;15;2020-08-14;-46970
2020-08-13;"Trenčiansky kraj";23;0;0;0;NA;40528;23;2020-08-13;-46985
2020-08-12;"Trenčiansky kraj";6;0;0;0;NA;40528;6;2020-08-12;-47008
2020-08-11;"Trenčiansky kraj";7;0;0;0;NA;40528;7;2020-08-11;-47014
2020-08-10;"Trenčiansky kraj";9;0;0;0;NA;40528;9;2020-08-10;-47021
2020-08-09;"Trenčiansky kraj";1;0;0;0;NA;40528;1;2020-08-09;-47030
2020-08-08;"Trenčiansky kraj";4;0;0;0;NA;40528;4;2020-08-08;-47031
2020-08-07;"Trenčiansky kraj";4;0;0;0;NA;40528;4;2020-08-07;-47035
2020-08-06;"Trenčiansky kraj";13;0;0;0;NA;40528;13;2020-08-06;-47039
2020-08-05;"Trenčiansky kraj";39;0;0;0;NA;40528;39;2020-08-05;-47052
2020-08-04;"Trenčiansky kraj";9;0;0;0;NA;40528;9;2020-08-04;-47091
2020-08-02;"Trenčiansky kraj";2;0;0;0;NA;40528;2;2020-08-02;-47100
2020-08-01;"Trenčiansky kraj";6;0;0;0;NA;40528;6;2020-08-01;-47102
2020-07-31;"Trenčiansky kraj";16;0;0;0;NA;40528;16;2020-07-31;-47108
2020-07-30;"Trenčiansky kraj";4;0;0;0;NA;40528;4;2020-07-30;-47124
2020-07-29;"Trenčiansky kraj";5;0;0;0;NA;40528;5;2020-07-29;-47128
2020-07-28;"Trenčiansky kraj";11;0;0;0;NA;40528;11;2020-07-28;-47133
2020-07-27;"Trenčiansky kraj";4;0;0;0;NA;40528;4;2020-07-27;-47144
2020-07-26;"Trenčiansky kraj";1;0;0;0;NA;40528;1;2020-07-26;-47148
2020-07-25;"Trenčiansky kraj";7;0;0;0;NA;40528;7;2020-07-25;-47149
2020-07-24;"Trenčiansky kraj";5;0;0;0;NA;40528;5;2020-07-24;-47156
2020-07-23;"Trenčiansky kraj";10;0;0;0;NA;40528;10;2020-07-23;-47161
2020-07-22;"Trenčiansky kraj";11;0;0;0;NA;40528;11;2020-07-22;-47171
2020-07-21;"Trenčiansky kraj";6;0;0;0;NA;40528;6;2020-07-21;-47182
2020-07-20;"Trenčiansky kraj";13;0;0;0;NA;40528;13;2020-07-20;-47188
2020-07-17;"Trenčiansky kraj";1;0;0;0;NA;40528;1;2020-07-17;-47201
2020-07-15;"Trenčiansky kraj";2;0;0;0;NA;40528;2;2020-07-15;-47202
2020-07-14;"Trenčiansky kraj";8;0;0;0;NA;40528;8;2020-07-14;-47204
2020-07-13;"Trenčiansky kraj";1;0;0;0;NA;40528;1;2020-07-13;-47212
2020-07-10;"Trenčiansky kraj";3;0;0;0;NA;40528;3;2020-07-10;-47213
2020-07-09;"Trenčiansky kraj";2;0;0;0;NA;40528;2;2020-07-09;-47216
2020-07-08;"Trenčiansky kraj";1;0;0;0;NA;40528;1;2020-07-08;-47218
2020-07-07;"Trenčiansky kraj";9;0;0;0;NA;40528;9;2020-07-07;-47219
2020-07-06;"Trenčiansky kraj";1;0;0;0;NA;40528;1;2020-07-06;-47228
2020-07-05;"Trenčiansky kraj";1;0;0;0;NA;40528;1;2020-07-05;-47229
2020-07-03;"Trenčiansky kraj";2;0;0;0;NA;40528;2;2020-07-03;-47230
2020-07-02;"Trenčiansky kraj";10;0;0;0;NA;40528;10;2020-07-02;-47232
2020-07-01;"Trenčiansky kraj";1;0;0;0;NA;40528;1;2020-07-01;-47242
2020-06-30;"Trenčiansky kraj";6;0;0;0;NA;40528;6;2020-06-30;-47243
2020-06-29;"Trenčiansky kraj";1;0;0;0;NA;40528;1;2020-06-29;-47249
2020-06-25;"Trenčiansky kraj";2;0;0;0;NA;40528;2;2020-06-25;-47250
2020-06-24;"Trenčiansky kraj";1;0;0;0;NA;40528;1;2020-06-24;-47252
2020-06-10;"Trenčiansky kraj";1;0;0;0;NA;40528;1;2020-06-10;-47253
2020-05-27;"Trenčiansky kraj";2;0;0;0;NA;40528;2;2020-05-27;-47254
2020-05-15;"Trenčiansky kraj";1;0;0;0;NA;40528;1;2020-05-15;-47256
2020-05-14;"Trenčiansky kraj";2;0;0;0;NA;40528;2;2020-05-14;-47257
2020-05-13;"Trenčiansky kraj";1;0;0;0;NA;40528;1;2020-05-13;-47259
2020-05-12;"Trenčiansky kraj";1;0;0;0;NA;40528;1;2020-05-12;-47260
2020-05-11;"Trenčiansky kraj";3;0;0;0;NA;40528;3;2020-05-11;-47261
2020-05-09;"Trenčiansky kraj";2;0;0;0;NA;40528;2;2020-05-09;-47264
2020-05-07;"Trenčiansky kraj";6;0;0;0;NA;40528;6;2020-05-07;-47266
2020-05-05;"Trenčiansky kraj";2;0;0;0;NA;40528;2;2020-05-05;-47272
2020-04-29;"Trenčiansky kraj";2;0;0;0;NA;40528;2;2020-04-29;-47274
2020-04-28;"Trenčiansky kraj";1;0;0;0;NA;40528;1;2020-04-28;-47276
2020-04-26;"Trenčiansky kraj";1;0;0;0;NA;40528;1;2020-04-26;-47277
2020-04-23;"Trenčiansky kraj";11;0;0;0;NA;40528;11;2020-04-23;-47278
2020-04-22;"Trenčiansky kraj";1;0;0;0;NA;40528;1;2020-04-22;-47289
2020-04-21;"Trenčiansky kraj";11;0;0;0;NA;40528;11;2020-04-21;-47290
2020-04-20;"Trenčiansky kraj";15;0;0;0;NA;40528;15;2020-04-20;-47301
2020-04-19;"Trenčiansky kraj";2;0;0;0;NA;40528;2;2020-04-19;-47316
2020-04-18;"Trenčiansky kraj";3;0;0;0;NA;40528;3;2020-04-18;-47318
2020-04-17;"Trenčiansky kraj";4;0;0;0;NA;40528;4;2020-04-17;-47321
2020-04-16;"Trenčiansky kraj";10;0;0;0;NA;40528;10;2020-04-16;-47325
2020-04-15;"Trenčiansky kraj";4;0;0;0;NA;40528;4;2020-04-15;-47335
2020-04-13;"Trenčiansky kraj";1;0;0;0;NA;40528;1;2020-04-13;-47339
2020-04-12;"Trenčiansky kraj";2;0;0;0;NA;40528;2;2020-04-12;-47340
2020-04-11;"Trenčiansky kraj";3;0;0;0;NA;40528;3;2020-04-11;-47342
2020-04-08;"Trenčiansky kraj";2;0;0;0;NA;40528;2;2020-04-08;-47345
2020-04-07;"Trenčiansky kraj";18;0;0;0;NA;40528;18;2020-04-07;-47347
2020-04-05;"Trenčiansky kraj";3;0;0;0;NA;40528;3;2020-04-05;-47365
2020-04-04;"Trenčiansky kraj";5;0;0;0;NA;40528;5;2020-04-04;-47368
2020-04-03;"Trenčiansky kraj";4;0;0;0;NA;40528;4;2020-04-03;-47373
2020-04-02;"Trenčiansky kraj";1;0;0;0;NA;40528;1;2020-04-02;-47377
2020-04-01;"Trenčiansky kraj";3;0;0;0;NA;40528;3;2020-04-01;-47378
2020-03-31;"Trenčiansky kraj";1;0;0;0;NA;40528;1;2020-03-31;-47381
2020-03-30;"Trenčiansky kraj";3;0;0;0;NA;40528;3;2020-03-30;-47382
2020-03-29;"Trenčiansky kraj";6;0;0;0;NA;40528;6;2020-03-29;-47385
2020-03-28;"Trenčiansky kraj";9;0;0;0;NA;40528;9;2020-03-28;-47391
2020-03-27;"Trenčiansky kraj";2;0;0;0;NA;40528;2;2020-03-27;-47400
2020-03-26;"Trenčiansky kraj";6;0;0;0;NA;40528;6;2020-03-26;-47402
2020-03-25;"Trenčiansky kraj";3;0;0;0;NA;40528;3;2020-03-25;-47408
2020-03-24;"Trenčiansky kraj";1;0;0;0;NA;40528;1;2020-03-24;-47411
2020-03-21;"Trenčiansky kraj";2;0;0;0;NA;40528;2;2020-03-21;-47412
2020-03-20;"Trenčiansky kraj";2;0;0;0;NA;40528;2;2020-03-20;-47414
2020-03-19;"Trenčiansky kraj";8;0;0;0;NA;40528;8;2020-03-19;-47416
2020-03-16;"Trenčiansky kraj";1;0;0;0;NA;40528;1;2020-03-16;-47424
2020-03-15;"Trenčiansky kraj";5;0;0;0;NA;40528;5;2020-03-15;-47425
2020-03-12;"Trenčiansky kraj";1;0;0;0;NA;40528;1;2020-03-12;-47430
2021-03-20;"Trnavský kraj";112;113841;262;114103;NA;40153;374;2021-03-20;40153
2021-03-19;"Trnavský kraj";174;23706;92;23798;NA;40153;266;2021-03-19;39779
2021-03-18;"Trnavský kraj";158;11786;119;11905;NA;40153;277;2021-03-18;39513
2021-03-17;"Trnavský kraj";245;10188;100;10288;NA;40153;345;2021-03-17;39236
2021-03-16;"Trnavský kraj";311;12867;145;13012;NA;40153;456;2021-03-16;38891
2021-03-15;"Trnavský kraj";127;18321;145;18466;NA;40153;272;2021-03-15;38435
2021-03-14;"Trnavský kraj";14;46499;152;46651;NA;40153;166;2021-03-14;38163
2021-03-13;"Trnavský kraj";155;139014;412;139426;NA;40153;567;2021-03-13;37997
2021-03-12;"Trnavský kraj";201;28226;179;28405;NA;40153;380;2021-03-12;37430
2021-03-11;"Trnavský kraj";204;13263;142;13405;NA;40153;346;2021-03-11;37050
2021-03-10;"Trnavský kraj";242;10425;137;10562;NA;40153;379;2021-03-10;36704
2021-03-09;"Trnavský kraj";442;12748;155;12903;NA;40153;597;2021-03-09;36325
2021-03-08;"Trnavský kraj";182;21716;162;21878;NA;40153;344;2021-03-08;35728
2021-03-07;"Trnavský kraj";30;45900;227;46127;NA;40153;257;2021-03-07;35384
2021-03-06;"Trnavský kraj";154;135489;529;136018;NA;40153;683;2021-03-06;35127
2021-03-05;"Trnavský kraj";299;28825;247;29072;NA;40153;546;2021-03-05;34444
2021-03-04;"Trnavský kraj";238;14128;178;14306;NA;40153;416;2021-03-04;33898
2021-03-03;"Trnavský kraj";413;11390;239;11629;NA;40153;652;2021-03-03;33482
2021-03-02;"Trnavský kraj";477;12352;196;12548;NA;40153;673;2021-03-02;32830
2021-03-01;"Trnavský kraj";189;18223;230;18453;NA;40153;419;2021-03-01;32157
2021-02-28;"Trnavský kraj";87;42516;295;42811;NA;40153;382;2021-02-28;31738
2021-02-27;"Trnavský kraj";264;140259;804;141063;NA;40153;1068;2021-02-27;31356
2021-02-26;"Trnavský kraj";362;26883;285;27168;NA;40153;647;2021-02-26;30288
2021-02-25;"Trnavský kraj";433;10490;227;10717;NA;40153;660;2021-02-25;29641
2021-02-24;"Trnavský kraj";407;9110;290;9400;NA;40153;697;2021-02-24;28981
2021-02-23;"Trnavský kraj";469;11322;284;11606;NA;40153;753;2021-02-23;28284
2021-02-22;"Trnavský kraj";206;20302;344;20646;NA;40153;550;2021-02-22;27531
2021-02-21;"Trnavský kraj";38;40845;264;41109;NA;40153;302;2021-02-21;26981
2021-02-20;"Trnavský kraj";273;135621;855;136476;NA;40153;1128;2021-02-20;26679
2021-02-19;"Trnavský kraj";335;26982;347;27329;NA;40153;682;2021-02-19;25551
2021-02-18;"Trnavský kraj";344;11263;348;11611;NA;40153;692;2021-02-18;24869
2021-02-17;"Trnavský kraj";431;8780;416;9196;NA;40153;847;2021-02-17;24177
2021-02-16;"Trnavský kraj";426;11412;295;11707;NA;40153;721;2021-02-16;23330
2021-02-15;"Trnavský kraj";146;18054;291;18345;NA;40153;437;2021-02-15;22609
2021-02-14;"Trnavský kraj";51;44752;337;45089;NA;40153;388;2021-02-14;22172
2021-02-13;"Trnavský kraj";218;137051;994;138045;NA;40153;1212;2021-02-13;21784
2021-02-12;"Trnavský kraj";300;23682;336;24018;NA;40153;636;2021-02-12;20572
2021-02-11;"Trnavský kraj";422;9898;360;10258;NA;40153;782;2021-02-11;19936
2021-02-10;"Trnavský kraj";511;9333;344;9677;NA;40153;855;2021-02-10;19154
2021-02-09;"Trnavský kraj";544;12752;369;13121;NA;40153;913;2021-02-09;18299
2021-02-08;"Trnavský kraj";220;34323;507;34830;NA;40153;727;2021-02-08;17386
2021-02-07;"Trnavský kraj";140;68646;623;69269;NA;40153;763;2021-02-07;16659
2021-02-06;"Trnavský kraj";348;111903;1473;113376;NA;40153;1821;2021-02-06;15896
2021-02-05;"Trnavský kraj";377;16448;400;16848;NA;40153;777;2021-02-05;14075
2021-02-04;"Trnavský kraj";456;7315;454;7769;NA;40153;910;2021-02-04;13298
2021-02-03;"Trnavský kraj";472;6585;434;7019;NA;40153;906;2021-02-03;12388
2021-02-02;"Trnavský kraj";446;14219;424;14643;NA;40153;870;2021-02-02;11482
2021-02-01;"Trnavský kraj";198;40083;690;40773;NA;40153;888;2021-02-01;10612
2021-01-31;"Trnavský kraj";19;62815;778;63593;NA;40153;797;2021-01-31;9724
2021-01-30;"Trnavský kraj";323;110582;1280;111862;NA;40153;1603;2021-01-30;8927
2021-01-29;"Trnavský kraj";421;9643;285;9928;NA;40153;706;2021-01-29;7324
2021-01-28;"Trnavský kraj";389;5815;286;6101;NA;40153;675;2021-01-28;6618
2021-01-27;"Trnavský kraj";433;5301;219;5520;NA;40153;652;2021-01-27;5943
2021-01-26;"Trnavský kraj";565;25387;636;26023;NA;40153;1201;2021-01-26;5291
2021-01-25;"Trnavský kraj";210;41962;609;42571;NA;40153;819;2021-01-25;4090
2021-01-24;"Trnavský kraj";91;55823;710;56533;NA;40153;801;2021-01-24;3271
2021-01-23;"Trnavský kraj";372;117178;1347;118525;NA;40153;1719;2021-01-23;2470
2021-01-22;"Trnavský kraj";217;32439;500;32939;NA;40153;717;2021-01-22;751
2021-01-21;"Trnavský kraj";311;13834;378;14212;NA;40153;689;2021-01-21;34
2021-01-20;"Trnavský kraj";503;8149;274;8423;NA;40153;777;2021-01-20;-655
2021-01-19;"Trnavský kraj";415;7020;347;7367;NA;40153;762;2021-01-19;-1432
2021-01-18;"Trnavský kraj";247;6237;484;6721;NA;40153;731;2021-01-18;-2194
2021-01-17;"Trnavský kraj";128;854;215;1069;NA;40153;343;2021-01-17;-2925
2021-01-16;"Trnavský kraj";103;599;19;618;NA;40153;122;2021-01-16;-3268
2021-01-15;"Trnavský kraj";278;5676;351;6027;NA;40153;629;2021-01-15;-3390
2021-01-14;"Trnavský kraj";452;4000;338;4338;NA;40153;790;2021-01-14;-4019
2021-01-13;"Trnavský kraj";457;4752;378;5130;NA;40153;835;2021-01-13;-4809
2021-01-12;"Trnavský kraj";469;7177;483;7660;NA;40153;952;2021-01-12;-5644
2021-01-11;"Trnavský kraj";370;5103;392;5495;NA;40153;762;2021-01-11;-6596
2021-01-10;"Trnavský kraj";71;8;0;8;NA;40153;71;2021-01-10;-7358
2021-01-09;"Trnavský kraj";417;1775;100;1875;NA;40153;517;2021-01-09;-7429
2021-01-08;"Trnavský kraj";381;6550;532;7082;NA;40153;913;2021-01-08;-7946
2021-01-07;"Trnavský kraj";501;4074;397;4471;NA;40153;898;2021-01-07;-8859
2021-01-06;"Trnavský kraj";179;758;132;890;NA;40153;311;2021-01-06;-9757
2021-01-05;"Trnavský kraj";611;5922;636;6558;NA;40153;1247;2021-01-05;-10068
2021-01-04;"Trnavský kraj";302;5235;689;5924;NA;40153;991;2021-01-04;-11315
2021-01-03;"Trnavský kraj";60;53;7;60;NA;40153;67;2021-01-03;-12306
2021-01-02;"Trnavský kraj";282;412;30;442;NA;40153;312;2021-01-02;-12373
2021-01-01;"Trnavský kraj";143;449;76;525;NA;40153;219;2021-01-01;-12685
2020-12-31;"Trnavský kraj";498;8488;858;9346;NA;40153;1356;2020-12-31;-12904
2020-12-30;"Trnavský kraj";785;5318;612;5930;NA;40153;1397;2020-12-30;-14260
2020-12-29;"Trnavský kraj";322;4999;593;5592;NA;40153;915;2020-12-29;-15657
2020-12-28;"Trnavský kraj";213;5339;615;5954;NA;40153;828;2020-12-28;-16572
2020-12-27;"Trnavský kraj";27;13;4;17;NA;40153;31;2020-12-27;-17400
2020-12-26;"Trnavský kraj";148;44;1;45;NA;40153;149;2020-12-26;-17431
2020-12-25;"Trnavský kraj";65;49;5;54;NA;40153;70;2020-12-25;-17580
2020-12-24;"Trnavský kraj";333;1359;117;1476;NA;40153;450;2020-12-24;-17650
2020-12-23;"Trnavský kraj";210;6417;375;6792;NA;40153;585;2020-12-23;-18100
2020-12-22;"Trnavský kraj";311;5590;491;6081;NA;40153;802;2020-12-22;-18685
2020-12-21;"Trnavský kraj";328;4527;399;4926;NA;40153;727;2020-12-21;-19487
2020-12-20;"Trnavský kraj";134;110;12;122;NA;40153;146;2020-12-20;-20214
2020-12-19;"Trnavský kraj";201;1046;86;1132;NA;40153;287;2020-12-19;-20360
2020-12-18;"Trnavský kraj";341;4898;378;5276;NA;40153;719;2020-12-18;-20647
2020-12-17;"Trnavský kraj";375;4996;407;5403;NA;40153;782;2020-12-17;-21366
2020-12-16;"Trnavský kraj";312;5249;405;5654;NA;40153;717;2020-12-16;-22148
2020-12-15;"Trnavský kraj";492;6623;632;7255;NA;40153;1124;2020-12-15;-22865
2020-12-14;"Trnavský kraj";161;3505;292;3797;NA;40153;453;2020-12-14;-23989
2020-12-13;"Trnavský kraj";7;0;0;0;NA;40153;7;2020-12-13;-24442
2020-12-12;"Trnavský kraj";254;1456;114;1570;NA;40153;368;2020-12-12;-24449
2020-12-11;"Trnavský kraj";384;4683;262;4945;NA;40153;646;2020-12-11;-24817
2020-12-10;"Trnavský kraj";183;5194;320;5514;NA;40153;503;2020-12-10;-25463
2020-12-09;"Trnavský kraj";521;4283;321;4604;NA;40153;842;2020-12-09;-25966
2020-12-08;"Trnavský kraj";281;4090;304;4394;NA;40153;585;2020-12-08;-26808
2020-12-07;"Trnavský kraj";178;2895;199;3094;NA;40153;377;2020-12-07;-27393
2020-12-06;"Trnavský kraj";46;0;0;0;NA;40153;46;2020-12-06;-27770
2020-12-05;"Trnavský kraj";129;2218;41;2259;NA;40153;170;2020-12-05;-27816
2020-12-04;"Trnavský kraj";242;3948;158;4106;NA;40153;400;2020-12-04;-27986
2020-12-03;"Trnavský kraj";248;2770;190;2960;NA;40153;438;2020-12-03;-28386
2020-12-02;"Trnavský kraj";284;4516;176;4692;NA;40153;460;2020-12-02;-28824
2020-12-01;"Trnavský kraj";253;3190;205;3395;NA;40153;458;2020-12-01;-29284
2020-11-30;"Trnavský kraj";200;7360;186;7546;NA;40153;386;2020-11-30;-29742
2020-11-29;"Trnavský kraj";17;708;34;742;NA;40153;51;2020-11-29;-30128
2020-11-28;"Trnavský kraj";83;1453;77;1530;NA;40153;160;2020-11-28;-30179
2020-11-27;"Trnavský kraj";148;1591;83;1674;NA;40153;231;2020-11-27;-30339
2020-11-26;"Trnavský kraj";234;985;59;1044;NA;40153;293;2020-11-26;-30570
2020-11-25;"Trnavský kraj";232;1029;72;1101;NA;40153;304;2020-11-25;-30863
2020-11-24;"Trnavský kraj";295;1772;91;1863;NA;40153;386;2020-11-24;-31167
2020-11-23;"Trnavský kraj";242;7207;125;7332;NA;40153;367;2020-11-23;-31553
2020-11-22;"Trnavský kraj";10;54;3;57;NA;40153;13;2020-11-22;-31920
2020-11-21;"Trnavský kraj";129;1214;23;1237;NA;40153;152;2020-11-21;-31933
2020-11-20;"Trnavský kraj";246;1027;61;1088;NA;40153;307;2020-11-20;-32085
2020-11-19;"Trnavský kraj";157;694;58;752;NA;40153;215;2020-11-19;-32392
2020-11-18;"Trnavský kraj";235;716;75;791;NA;40153;310;2020-11-18;-32607
2020-11-17;"Trnavský kraj";129;695;72;767;NA;40153;201;2020-11-17;-32917
2020-11-16;"Trnavský kraj";187;682;32;714;NA;40153;219;2020-11-16;-33118
2020-11-15;"Trnavský kraj";23;73;4;77;NA;40153;27;2020-11-15;-33337
2020-11-14;"Trnavský kraj";86;389;10;399;NA;40153;96;2020-11-14;-33364
2020-11-13;"Trnavský kraj";219;1312;21;1333;NA;40153;240;2020-11-13;-33460
2020-11-12;"Trnavský kraj";162;420;18;438;NA;40153;180;2020-11-12;-33700
2020-11-11;"Trnavský kraj";257;392;15;407;NA;40153;272;2020-11-11;-33880
2020-11-10;"Trnavský kraj";189;889;30;919;NA;40153;219;2020-11-10;-34152
2020-11-09;"Trnavský kraj";196;369;23;392;NA;40153;219;2020-11-09;-34371
2020-11-08;"Trnavský kraj";55;306;4;310;NA;40153;59;2020-11-08;-34590
2020-11-07;"Trnavský kraj";207;6070;74;6144;NA;40153;281;2020-11-07;-34649
2020-11-06;"Trnavský kraj";260;1531;19;1550;NA;40153;279;2020-11-06;-34930
2020-11-05;"Trnavský kraj";150;220;27;247;NA;40153;177;2020-11-05;-35209
2020-11-04;"Trnavský kraj";188;212;10;222;NA;40153;198;2020-11-04;-35386
2020-11-03;"Trnavský kraj";317;127;8;135;NA;40153;325;2020-11-03;-35584
2020-11-02;"Trnavský kraj";281;1728;31;1759;NA;40153;312;2020-11-02;-35909
2020-11-01;"Trnavský kraj";87;494;27;521;NA;40153;114;2020-11-01;-36221
2020-10-31;"Trnavský kraj";259;5024;41;5065;NA;40153;300;2020-10-31;-36335
2020-10-30;"Trnavský kraj";198;3784;27;3811;NA;40153;225;2020-10-30;-36635
2020-10-29;"Trnavský kraj";273;1461;16;1477;NA;40153;289;2020-10-29;-36860
2020-10-28;"Trnavský kraj";319;117;16;133;NA;40153;335;2020-10-28;-37149
2020-10-27;"Trnavský kraj";199;461;36;497;NA;40153;235;2020-10-27;-37484
2020-10-26;"Trnavský kraj";153;29;2;31;NA;40153;155;2020-10-26;-37719
2020-10-25;"Trnavský kraj";95;19;1;20;NA;40153;96;2020-10-25;-37874
2020-10-24;"Trnavský kraj";158;109;2;111;NA;40153;160;2020-10-24;-37970
2020-10-23;"Trnavský kraj";201;89;4;93;NA;40153;205;2020-10-23;-38130
2020-10-22;"Trnavský kraj";195;55;2;57;NA;40153;197;2020-10-22;-38335
2020-10-21;"Trnavský kraj";134;73;3;76;NA;40153;137;2020-10-21;-38532
2020-10-20;"Trnavský kraj";202;82;3;85;NA;40153;205;2020-10-20;-38669
2020-10-19;"Trnavský kraj";67;55;0;55;NA;40153;67;2020-10-19;-38874
2020-10-18;"Trnavský kraj";84;0;0;0;NA;40153;84;2020-10-18;-38941
2020-10-17;"Trnavský kraj";123;0;0;0;NA;40153;123;2020-10-17;-39025
2020-10-16;"Trnavský kraj";86;45;2;47;NA;40153;88;2020-10-16;-39148
2020-10-15;"Trnavský kraj";155;66;2;68;NA;40153;157;2020-10-15;-39236
2020-10-14;"Trnavský kraj";236;468;3;471;NA;40153;239;2020-10-14;-39393
2020-10-13;"Trnavský kraj";138;16;2;18;NA;40153;140;2020-10-13;-39632
2020-10-12;"Trnavský kraj";33;41;1;42;NA;40153;34;2020-10-12;-39772
2020-10-11;"Trnavský kraj";31;0;0;0;NA;40153;31;2020-10-11;-39806
2020-10-10;"Trnavský kraj";128;0;0;0;NA;40153;128;2020-10-10;-39837
2020-10-09;"Trnavský kraj";156;0;0;0;NA;40153;156;2020-10-09;-39965
2020-10-08;"Trnavský kraj";153;0;0;0;NA;40153;153;2020-10-08;-40121
2020-10-07;"Trnavský kraj";80;0;0;0;NA;40153;80;2020-10-07;-40274
2020-10-06;"Trnavský kraj";112;0;0;0;NA;40153;112;2020-10-06;-40354
2020-10-05;"Trnavský kraj";33;0;0;0;NA;40153;33;2020-10-05;-40466
2020-10-04;"Trnavský kraj";44;0;0;0;NA;40153;44;2020-10-04;-40499
2020-10-03;"Trnavský kraj";60;0;0;0;NA;40153;60;2020-10-03;-40543
2020-10-02;"Trnavský kraj";41;0;0;0;NA;40153;41;2020-10-02;-40603
2020-10-01;"Trnavský kraj";53;0;0;0;NA;40153;53;2020-10-01;-40644
2020-09-30;"Trnavský kraj";91;0;0;0;NA;40153;91;2020-09-30;-40697
2020-09-29;"Trnavský kraj";40;0;0;0;NA;40153;40;2020-09-29;-40788
2020-09-28;"Trnavský kraj";69;0;0;0;NA;40153;69;2020-09-28;-40828
2020-09-27;"Trnavský kraj";30;0;0;0;NA;40153;30;2020-09-27;-40897
2020-09-26;"Trnavský kraj";46;0;0;0;NA;40153;46;2020-09-26;-40927
2020-09-25;"Trnavský kraj";32;0;0;0;NA;40153;32;2020-09-25;-40973
2020-09-24;"Trnavský kraj";42;0;0;0;NA;40153;42;2020-09-24;-41005
2020-09-23;"Trnavský kraj";43;0;0;0;NA;40153;43;2020-09-23;-41047
2020-09-22;"Trnavský kraj";55;0;0;0;NA;40153;55;2020-09-22;-41090
2020-09-21;"Trnavský kraj";41;0;0;0;NA;40153;41;2020-09-21;-41145
2020-09-20;"Trnavský kraj";17;0;0;0;NA;40153;17;2020-09-20;-41186
2020-09-19;"Trnavský kraj";4;0;0;0;NA;40153;4;2020-09-19;-41203
2020-09-18;"Trnavský kraj";33;0;0;0;NA;40153;33;2020-09-18;-41207
2020-09-17;"Trnavský kraj";42;0;0;0;NA;40153;42;2020-09-17;-41240
2020-09-16;"Trnavský kraj";49;0;0;0;NA;40153;49;2020-09-16;-41282
2020-09-15;"Trnavský kraj";5;0;0;0;NA;40153;5;2020-09-15;-41331
2020-09-14;"Trnavský kraj";26;0;0;0;NA;40153;26;2020-09-14;-41336
2020-09-13;"Trnavský kraj";9;0;0;0;NA;40153;9;2020-09-13;-41362
2020-09-12;"Trnavský kraj";12;0;0;0;NA;40153;12;2020-09-12;-41371
2020-09-11;"Trnavský kraj";16;0;0;0;NA;40153;16;2020-09-11;-41383
2020-09-10;"Trnavský kraj";32;0;0;0;NA;40153;32;2020-09-10;-41399
2020-09-09;"Trnavský kraj";14;0;0;0;NA;40153;14;2020-09-09;-41431
2020-09-08;"Trnavský kraj";11;0;0;0;NA;40153;11;2020-09-08;-41445
2020-09-07;"Trnavský kraj";7;0;0;0;NA;40153;7;2020-09-07;-41456
2020-09-06;"Trnavský kraj";5;0;0;0;NA;40153;5;2020-09-06;-41463
2020-09-05;"Trnavský kraj";7;0;0;0;NA;40153;7;2020-09-05;-41468
2020-09-04;"Trnavský kraj";16;0;0;0;NA;40153;16;2020-09-04;-41475
2020-09-03;"Trnavský kraj";8;0;0;0;NA;40153;8;2020-09-03;-41491
2020-09-02;"Trnavský kraj";7;0;0;0;NA;40153;7;2020-09-02;-41499
2020-09-01;"Trnavský kraj";1;0;0;0;NA;40153;1;2020-09-01;-41506
2020-08-31;"Trnavský kraj";6;0;0;0;NA;40153;6;2020-08-31;-41507
2020-08-30;"Trnavský kraj";1;0;0;0;NA;40153;1;2020-08-30;-41513
2020-08-29;"Trnavský kraj";3;0;0;0;NA;40153;3;2020-08-29;-41514
2020-08-28;"Trnavský kraj";14;0;0;0;NA;40153;14;2020-08-28;-41517
2020-08-27;"Trnavský kraj";6;0;0;0;NA;40153;6;2020-08-27;-41531
2020-08-26;"Trnavský kraj";4;0;0;0;NA;40153;4;2020-08-26;-41537
2020-08-25;"Trnavský kraj";7;0;0;0;NA;40153;7;2020-08-25;-41541
2020-08-24;"Trnavský kraj";1;0;0;0;NA;40153;1;2020-08-24;-41548
2020-08-23;"Trnavský kraj";6;0;0;0;NA;40153;6;2020-08-23;-41549
2020-08-22;"Trnavský kraj";3;0;0;0;NA;40153;3;2020-08-22;-41555
2020-08-21;"Trnavský kraj";4;0;0;0;NA;40153;4;2020-08-21;-41558
2020-08-20;"Trnavský kraj";23;0;0;0;NA;40153;23;2020-08-20;-41562
2020-08-19;"Trnavský kraj";13;0;0;0;NA;40153;13;2020-08-19;-41585
2020-08-18;"Trnavský kraj";20;0;0;0;NA;40153;20;2020-08-18;-41598
2020-08-17;"Trnavský kraj";3;0;0;0;NA;40153;3;2020-08-17;-41618
2020-08-15;"Trnavský kraj";7;0;0;0;NA;40153;7;2020-08-15;-41621
2020-08-14;"Trnavský kraj";6;0;0;0;NA;40153;6;2020-08-14;-41628
2020-08-13;"Trnavský kraj";10;0;0;0;NA;40153;10;2020-08-13;-41634
2020-08-12;"Trnavský kraj";2;0;0;0;NA;40153;2;2020-08-12;-41644
2020-08-11;"Trnavský kraj";30;0;0;0;NA;40153;30;2020-08-11;-41646
2020-08-08;"Trnavský kraj";13;0;0;0;NA;40153;13;2020-08-08;-41676
2020-08-07;"Trnavský kraj";4;0;0;0;NA;40153;4;2020-08-07;-41689
2020-08-06;"Trnavský kraj";4;0;0;0;NA;40153;4;2020-08-06;-41693
2020-08-04;"Trnavský kraj";1;0;0;0;NA;40153;1;2020-08-04;-41697
2020-08-03;"Trnavský kraj";2;0;0;0;NA;40153;2;2020-08-03;-41698
2020-08-02;"Trnavský kraj";1;0;0;0;NA;40153;1;2020-08-02;-41700
2020-07-31;"Trnavský kraj";7;0;0;0;NA;40153;7;2020-07-31;-41701
2020-07-30;"Trnavský kraj";6;0;0;0;NA;40153;6;2020-07-30;-41708
2020-07-28;"Trnavský kraj";1;0;0;0;NA;40153;1;2020-07-28;-41714
2020-07-27;"Trnavský kraj";2;0;0;0;NA;40153;2;2020-07-27;-41715
2020-07-24;"Trnavský kraj";1;0;0;0;NA;40153;1;2020-07-24;-41717
2020-07-23;"Trnavský kraj";2;0;0;0;NA;40153;2;2020-07-23;-41718
2020-07-22;"Trnavský kraj";1;0;0;0;NA;40153;1;2020-07-22;-41720
2020-07-21;"Trnavský kraj";2;0;0;0;NA;40153;2;2020-07-21;-41721
2020-07-15;"Trnavský kraj";1;0;0;0;NA;40153;1;2020-07-15;-41723
2020-07-08;"Trnavský kraj";3;0;0;0;NA;40153;3;2020-07-08;-41724
2020-07-07;"Trnavský kraj";4;0;0;0;NA;40153;4;2020-07-07;-41727
2020-07-02;"Trnavský kraj";3;0;0;0;NA;40153;3;2020-07-02;-41731
2020-06-18;"Trnavský kraj";2;0;0;0;NA;40153;2;2020-06-18;-41734
2020-05-25;"Trnavský kraj";1;0;0;0;NA;40153;1;2020-05-25;-41736
2020-05-23;"Trnavský kraj";2;0;0;0;NA;40153;2;2020-05-23;-41737
2020-05-20;"Trnavský kraj";2;0;0;0;NA;40153;2;2020-05-20;-41739
2020-05-15;"Trnavský kraj";1;0;0;0;NA;40153;1;2020-05-15;-41741
2020-05-11;"Trnavský kraj";2;0;0;0;NA;40153;2;2020-05-11;-41742
2020-04-28;"Trnavský kraj";1;0;0;0;NA;40153;1;2020-04-28;-41744
2020-04-25;"Trnavský kraj";2;0;0;0;NA;40153;2;2020-04-25;-41745
2020-04-24;"Trnavský kraj";4;0;0;0;NA;40153;4;2020-04-24;-41747
2020-04-23;"Trnavský kraj";5;0;0;0;NA;40153;5;2020-04-23;-41751
2020-04-22;"Trnavský kraj";10;0;0;0;NA;40153;10;2020-04-22;-41756
2020-04-21;"Trnavský kraj";5;0;0;0;NA;40153;5;2020-04-21;-41766
2020-04-19;"Trnavský kraj";1;0;0;0;NA;40153;1;2020-04-19;-41771
2020-04-18;"Trnavský kraj";4;0;0;0;NA;40153;4;2020-04-18;-41772
2020-04-17;"Trnavský kraj";7;0;0;0;NA;40153;7;2020-04-17;-41776
2020-04-16;"Trnavský kraj";5;0;0;0;NA;40153;5;2020-04-16;-41783
2020-04-15;"Trnavský kraj";5;0;0;0;NA;40153;5;2020-04-15;-41788
2020-04-14;"Trnavský kraj";1;0;0;0;NA;40153;1;2020-04-14;-41793
2020-04-10;"Trnavský kraj";2;0;0;0;NA;40153;2;2020-04-10;-41794
2020-04-09;"Trnavský kraj";3;0;0;0;NA;40153;3;2020-04-09;-41796
2020-04-08;"Trnavský kraj";4;0;0;0;NA;40153;4;2020-04-08;-41799
2020-04-07;"Trnavský kraj";6;0;0;0;NA;40153;6;2020-04-07;-41803
2020-04-06;"Trnavský kraj";6;0;0;0;NA;40153;6;2020-04-06;-41809
2020-04-05;"Trnavský kraj";1;0;0;0;NA;40153;1;2020-04-05;-41815
2020-04-04;"Trnavský kraj";1;0;0;0;NA;40153;1;2020-04-04;-41816
2020-04-03;"Trnavský kraj";3;0;0;0;NA;40153;3;2020-04-03;-41817
2020-04-02;"Trnavský kraj";4;0;0;0;NA;40153;4;2020-04-02;-41820
2020-03-31;"Trnavský kraj";3;0;0;0;NA;40153;3;2020-03-31;-41824
2020-03-30;"Trnavský kraj";4;0;0;0;NA;40153;4;2020-03-30;-41827
2020-03-29;"Trnavský kraj";1;0;0;0;NA;40153;1;2020-03-29;-41831
2020-03-28;"Trnavský kraj";3;0;0;0;NA;40153;3;2020-03-28;-41832
2020-03-27;"Trnavský kraj";5;0;0;0;NA;40153;5;2020-03-27;-41835
2020-03-26;"Trnavský kraj";5;0;0;0;NA;40153;5;2020-03-26;-41840
2020-03-25;"Trnavský kraj";1;0;0;0;NA;40153;1;2020-03-25;-41845
2020-03-23;"Trnavský kraj";2;0;0;0;NA;40153;2;2020-03-23;-41846
2020-03-22;"Trnavský kraj";1;0;0;0;NA;40153;1;2020-03-22;-41848
2020-03-21;"Trnavský kraj";5;0;0;0;NA;40153;5;2020-03-21;-41849
2020-03-17;"Trnavský kraj";3;0;0;0;NA;40153;3;2020-03-17;-41854
2020-03-16;"Trnavský kraj";1;0;0;0;NA;40153;1;2020-03-16;-41857
2020-03-13;"Trnavský kraj";1;0;0;0;NA;40153;1;2020-03-13;-41858
2020-03-12;"Trnavský kraj";1;0;0;0;NA;40153;1;2020-03-12;-41859
2021-03-20;"Žilinský kraj";165;69619;775;70394;NA;39894;940;2021-03-20;39894
2021-03-19;"Žilinský kraj";357;46414;355;46769;NA;39894;712;2021-03-19;38954
2021-03-18;"Žilinský kraj";329;28846;304;29150;NA;39894;633;2021-03-18;38242
2021-03-17;"Žilinský kraj";395;21666;262;21928;NA;39894;657;2021-03-17;37609
2021-03-16;"Žilinský kraj";514;24225;314;24539;NA;39894;828;2021-03-16;36952
2021-03-15;"Žilinský kraj";341;29592;419;30011;NA;39894;760;2021-03-15;36124
2021-03-14;"Žilinský kraj";87;31386;248;31634;NA;39894;335;2021-03-14;35364
2021-03-13;"Žilinský kraj";113;81126;502;81628;NA;39894;615;2021-03-13;35029
2021-03-12;"Žilinský kraj";520;50436;402;50838;NA;39894;922;2021-03-12;34414
2021-03-11;"Žilinský kraj";399;28254;307;28561;NA;39894;706;2021-03-11;33492
2021-03-10;"Žilinský kraj";368;22347;370;22717;NA;39894;738;2021-03-10;32786
2021-03-09;"Žilinský kraj";537;24850;316;25166;NA;39894;853;2021-03-09;32048
2021-03-08;"Žilinský kraj";387;31037;459;31496;NA;39894;846;2021-03-08;31195
2021-03-07;"Žilinský kraj";48;27903;228;28131;NA;39894;276;2021-03-07;30349
2021-03-06;"Žilinský kraj";173;84792;556;85348;NA;39894;729;2021-03-06;30073
2021-03-05;"Žilinský kraj";369;51742;483;52225;NA;39894;852;2021-03-05;29344
2021-03-04;"Žilinský kraj";467;29667;371;30038;NA;39894;838;2021-03-04;28492
2021-03-03;"Žilinský kraj";448;26278;395;26673;NA;39894;843;2021-03-03;27654
2021-03-02;"Žilinský kraj";551;25665;378;26043;NA;39894;929;2021-03-02;26811
2021-03-01;"Žilinský kraj";375;30600;441;31041;NA;39894;816;2021-03-01;25882
2021-02-28;"Žilinský kraj";61;26038;240;26278;NA;39894;301;2021-02-28;25066
2021-02-27;"Žilinský kraj";159;69790;541;70331;NA;39894;700;2021-02-27;24765
2021-02-26;"Žilinský kraj";459;46702;496;47198;NA;39894;955;2021-02-26;24065
2021-02-25;"Žilinský kraj";347;30274;389;30663;NA;39894;736;2021-02-25;23110
2021-02-24;"Žilinský kraj";339;18994;396;19390;NA;39894;735;2021-02-24;22374
2021-02-23;"Žilinský kraj";437;22418;419;22837;NA;39894;856;2021-02-23;21639
2021-02-22;"Žilinský kraj";345;29268;438;29706;NA;39894;783;2021-02-22;20783
2021-02-21;"Žilinský kraj";36;23909;273;24182;NA;39894;309;2021-02-21;20000
2021-02-20;"Žilinský kraj";152;73102;602;73704;NA;39894;754;2021-02-20;19691
2021-02-19;"Žilinský kraj";337;44806;415;45221;NA;39894;752;2021-02-19;18937
2021-02-18;"Žilinský kraj";263;22728;335;23063;NA;39894;598;2021-02-18;18185
2021-02-17;"Žilinský kraj";269;17675;350;18025;NA;39894;619;2021-02-17;17587
2021-02-16;"Žilinský kraj";321;23533;321;23854;NA;39894;642;2021-02-16;16968
2021-02-15;"Žilinský kraj";230;29921;306;30227;NA;39894;536;2021-02-15;16326
2021-02-14;"Žilinský kraj";30;20948;189;21137;NA;39894;219;2021-02-14;15790
2021-02-13;"Žilinský kraj";91;66071;422;66493;NA;39894;513;2021-02-13;15571
2021-02-12;"Žilinský kraj";242;42686;335;43021;NA;39894;577;2021-02-12;15058
2021-02-11;"Žilinský kraj";228;23525;300;23825;NA;39894;528;2021-02-11;14481
2021-02-10;"Žilinský kraj";259;17434;261;17695;NA;39894;520;2021-02-10;13953
2021-02-09;"Žilinský kraj";377;25162;278;25440;NA;39894;655;2021-02-09;13433
2021-02-08;"Žilinský kraj";160;40993;386;41379;NA;39894;546;2021-02-08;12778
2021-02-07;"Žilinský kraj";24;39435;208;39643;NA;39894;232;2021-02-07;12232
2021-02-06;"Žilinský kraj";71;67677;331;68008;NA;39894;402;2021-02-06;12000
2021-02-05;"Žilinský kraj";248;31983;323;32306;NA;39894;571;2021-02-05;11598
2021-02-04;"Žilinský kraj";238;11919;246;12165;NA;39894;484;2021-02-04;11027
2021-02-03;"Žilinský kraj";194;8971;259;9230;NA;39894;453;2021-02-03;10543
2021-02-02;"Žilinský kraj";216;9774;283;10057;NA;39894;499;2021-02-02;10090
2021-02-01;"Žilinský kraj";220;19113;355;19468;NA;39894;575;2021-02-01;9591
2021-01-31;"Žilinský kraj";11;42;1;43;NA;39894;12;2021-01-31;9016
2021-01-30;"Žilinský kraj";85;15492;158;15650;NA;39894;243;2021-01-30;9004
2021-01-29;"Žilinský kraj";209;22890;304;23194;NA;39894;513;2021-01-29;8761
2021-01-28;"Žilinský kraj";240;5625;175;5800;NA;39894;415;2021-01-28;8248
2021-01-27;"Žilinský kraj";256;7136;123;7259;NA;39894;379;2021-01-27;7833
2021-01-26;"Žilinský kraj";245;49569;343;49912;NA;39894;588;2021-01-26;7454
2021-01-25;"Žilinský kraj";159;18637;131;18768;NA;39894;290;2021-01-25;6866
2021-01-24;"Žilinský kraj";22;31984;138;32122;NA;39894;160;2021-01-24;6576
2021-01-23;"Žilinský kraj";91;88667;395;89062;NA;39894;486;2021-01-23;6416
2021-01-22;"Žilinský kraj";163;27946;229;28175;NA;39894;392;2021-01-22;5930
2021-01-21;"Žilinský kraj";116;18697;172;18869;NA;39894;288;2021-01-21;5538
2021-01-20;"Žilinský kraj";236;17484;171;17655;NA;39894;407;2021-01-20;5250
2021-01-19;"Žilinský kraj";245;17805;405;18210;NA;39894;650;2021-01-19;4843
2021-01-18;"Žilinský kraj";236;12422;330;12752;NA;39894;566;2021-01-18;4193
2021-01-17;"Žilinský kraj";95;113;2;115;NA;39894;97;2021-01-17;3627
2021-01-16;"Žilinský kraj";14;314;8;322;NA;39894;22;2021-01-16;3530
2021-01-15;"Žilinský kraj";248;7309;202;7511;NA;39894;450;2021-01-15;3508
2021-01-14;"Žilinský kraj";166;5553;249;5802;NA;39894;415;2021-01-14;3058
2021-01-13;"Žilinský kraj";247;11239;553;11792;NA;39894;800;2021-01-13;2643
2021-01-12;"Žilinský kraj";376;8740;417;9157;NA;39894;793;2021-01-12;1843
2021-01-11;"Žilinský kraj";351;10286;506;10792;NA;39894;857;2021-01-11;1050
2021-01-10;"Žilinský kraj";38;189;7;196;NA;39894;45;2021-01-10;193
2021-01-09;"Žilinský kraj";192;1992;85;2077;NA;39894;277;2021-01-09;148
2021-01-08;"Žilinský kraj";413;9138;495;9633;NA;39894;908;2021-01-08;-129
2021-01-07;"Žilinský kraj";438;23455;1875;25330;NA;39894;2313;2021-01-07;-1037
2021-01-06;"Žilinský kraj";145;1338;89;1427;NA;39894;234;2021-01-06;-3350
2021-01-05;"Žilinský kraj";717;11067;911;11978;NA;39894;1628;2021-01-05;-3584
2021-01-04;"Žilinský kraj";479;9295;945;10240;NA;39894;1424;2021-01-04;-5212
2021-01-03;"Žilinský kraj";13;33;4;37;NA;39894;17;2021-01-03;-6636
2021-01-02;"Žilinský kraj";98;746;86;832;NA;39894;184;2021-01-02;-6653
2021-01-01;"Žilinský kraj";118;552;36;588;NA;39894;154;2021-01-01;-6837
2020-12-31;"Žilinský kraj";395;10040;814;10854;NA;39894;1209;2020-12-31;-6991
2020-12-30;"Žilinský kraj";1038;11884;839;12723;NA;39894;1877;2020-12-30;-8200
2020-12-29;"Žilinský kraj";256;10468;1037;11505;NA;39894;1293;2020-12-29;-10077
2020-12-28;"Žilinský kraj";406;10370;988;11358;NA;39894;1394;2020-12-28;-11370
2020-12-27;"Žilinský kraj";40;662;80;742;NA;39894;120;2020-12-27;-12764
2020-12-26;"Žilinský kraj";135;124;14;138;NA;39894;149;2020-12-26;-12884
2020-12-25;"Žilinský kraj";66;111;10;121;NA;39894;76;2020-12-25;-13033
2020-12-24;"Žilinský kraj";643;1018;75;1093;NA;39894;718;2020-12-24;-13109
2020-12-23;"Žilinský kraj";228;16916;996;17912;NA;39894;1224;2020-12-23;-13827
2020-12-22;"Žilinský kraj";519;12916;996;13912;NA;39894;1515;2020-12-22;-15051
2020-12-21;"Žilinský kraj";444;12480;1095;13575;NA;39894;1539;2020-12-21;-16566
2020-12-20;"Žilinský kraj";36;579;73;652;NA;39894;109;2020-12-20;-18105
2020-12-19;"Žilinský kraj";208;2080;144;2224;NA;39894;352;2020-12-19;-18214
2020-12-18;"Žilinský kraj";333;6813;395;7208;NA;39894;728;2020-12-18;-18566
2020-12-17;"Žilinský kraj";500;4186;278;4464;NA;39894;778;2020-12-17;-19294
2020-12-16;"Žilinský kraj";333;4248;298;4546;NA;39894;631;2020-12-16;-20072
2020-12-15;"Žilinský kraj";528;4154;377;4531;NA;39894;905;2020-12-15;-20703
2020-12-14;"Žilinský kraj";321;4236;350;4586;NA;39894;671;2020-12-14;-21608
2020-12-13;"Žilinský kraj";26;515;64;579;NA;39894;90;2020-12-13;-22279
2020-12-12;"Žilinský kraj";95;1061;53;1114;NA;39894;148;2020-12-12;-22369
2020-12-11;"Žilinský kraj";455;4469;272;4741;NA;39894;727;2020-12-11;-22517
2020-12-10;"Žilinský kraj";166;9301;839;10140;NA;39894;1005;2020-12-10;-23244
2020-12-09;"Žilinský kraj";392;2218;128;2346;NA;39894;520;2020-12-09;-24249
2020-12-08;"Žilinský kraj";331;3209;127;3336;NA;39894;458;2020-12-08;-24769
2020-12-07;"Žilinský kraj";348;2274;121;2395;NA;39894;469;2020-12-07;-25227
2020-12-06;"Žilinský kraj";15;134;4;138;NA;39894;19;2020-12-06;-25696
2020-12-05;"Žilinský kraj";98;1237;45;1282;NA;39894;143;2020-12-05;-25715
2020-12-04;"Žilinský kraj";228;2847;120;2967;NA;39894;348;2020-12-04;-25858
2020-12-03;"Žilinský kraj";237;1412;119;1531;NA;39894;356;2020-12-03;-26206
2020-12-02;"Žilinský kraj";181;1553;82;1635;NA;39894;263;2020-12-02;-26562
2020-12-01;"Žilinský kraj";209;6529;309;6838;NA;39894;518;2020-12-01;-26825
2020-11-30;"Žilinský kraj";203;5232;291;5523;NA;39894;494;2020-11-30;-27343
2020-11-29;"Žilinský kraj";18;81;7;88;NA;39894;25;2020-11-29;-27837
2020-11-28;"Žilinský kraj";99;349;15;364;NA;39894;114;2020-11-28;-27862
2020-11-27;"Žilinský kraj";218;913;46;959;NA;39894;264;2020-11-27;-27976
2020-11-26;"Žilinský kraj";190;1104;57;1161;NA;39894;247;2020-11-26;-28240
2020-11-25;"Žilinský kraj";225;1217;49;1266;NA;39894;274;2020-11-25;-28487
2020-11-24;"Žilinský kraj";213;2092;67;2159;NA;39894;280;2020-11-24;-28761
2020-11-23;"Žilinský kraj";170;759;44;803;NA;39894;214;2020-11-23;-29041
2020-11-22;"Žilinský kraj";11;0;0;0;NA;39894;11;2020-11-22;-29255
2020-11-21;"Žilinský kraj";61;505;20;525;NA;39894;81;2020-11-21;-29266
2020-11-20;"Žilinský kraj";251;1074;45;1119;NA;39894;296;2020-11-20;-29347
2020-11-19;"Žilinský kraj";252;752;61;813;NA;39894;313;2020-11-19;-29643
2020-11-18;"Žilinský kraj";346;348;15;363;NA;39894;361;2020-11-18;-29956
2020-11-17;"Žilinský kraj";123;490;15;505;NA;39894;138;2020-11-17;-30317
2020-11-16;"Žilinský kraj";227;206;13;219;NA;39894;240;2020-11-16;-30455
2020-11-15;"Žilinský kraj";63;13;0;13;NA;39894;63;2020-11-15;-30695
2020-11-14;"Žilinský kraj";189;1038;11;1049;NA;39894;200;2020-11-14;-30758
2020-11-13;"Žilinský kraj";181;125;9;134;NA;39894;190;2020-11-13;-30958
2020-11-12;"Žilinský kraj";334;79;2;81;NA;39894;336;2020-11-12;-31148
2020-11-11;"Žilinský kraj";489;147;10;157;NA;39894;499;2020-11-11;-31484
2020-11-10;"Žilinský kraj";374;519;9;528;NA;39894;383;2020-11-10;-31983
2020-11-09;"Žilinský kraj";143;2335;30;2365;NA;39894;173;2020-11-09;-32366
2020-11-08;"Žilinský kraj";59;2196;35;2231;NA;39894;94;2020-11-08;-32539
2020-11-07;"Žilinský kraj";312;8175;88;8263;NA;39894;400;2020-11-07;-32633
2020-11-06;"Žilinský kraj";503;4090;38;4128;NA;39894;541;2020-11-06;-33033
2020-11-05;"Žilinský kraj";473;64;4;68;NA;39894;477;2020-11-05;-33574
2020-11-04;"Žilinský kraj";423;76;7;83;NA;39894;430;2020-11-04;-34051
2020-11-03;"Žilinský kraj";688;889;16;905;NA;39894;704;2020-11-03;-34481
2020-11-02;"Žilinský kraj";472;1043;39;1082;NA;39894;511;2020-11-02;-35185
2020-11-01;"Žilinský kraj";349;5096;130;5226;NA;39894;479;2020-11-01;-35696
2020-10-31;"Žilinský kraj";661;7963;203;8166;NA;39894;864;2020-10-31;-36175
2020-10-30;"Žilinský kraj";529;2575;61;2636;NA;39894;590;2020-10-30;-37039
2020-10-29;"Žilinský kraj";740;503;17;520;NA;39894;757;2020-10-29;-37629
2020-10-28;"Žilinský kraj";635;105;11;116;NA;39894;646;2020-10-28;-38386
2020-10-27;"Žilinský kraj";355;154;24;178;NA;39894;379;2020-10-27;-39032
2020-10-26;"Žilinský kraj";148;117;28;145;NA;39894;176;2020-10-26;-39411
2020-10-25;"Žilinský kraj";436;0;0;0;NA;39894;436;2020-10-25;-39587
2020-10-24;"Žilinský kraj";803;0;0;0;NA;39894;803;2020-10-24;-40023
2020-10-23;"Žilinský kraj";659;102;13;115;NA;39894;672;2020-10-23;-40826
2020-10-22;"Žilinský kraj";525;33;3;36;NA;39894;528;2020-10-22;-41498
2020-10-21;"Žilinský kraj";478;74;14;88;NA;39894;492;2020-10-21;-42026
2020-10-20;"Žilinský kraj";524;127;8;135;NA;39894;532;2020-10-20;-42518
2020-10-19;"Žilinský kraj";70;80;12;92;NA;39894;82;2020-10-19;-43050
2020-10-18;"Žilinský kraj";159;0;0;0;NA;39894;159;2020-10-18;-43132
2020-10-17;"Žilinský kraj";509;0;0;0;NA;39894;509;2020-10-17;-43291
2020-10-16;"Žilinský kraj";603;51;9;60;NA;39894;612;2020-10-16;-43800
2020-10-15;"Žilinský kraj";679;61;3;64;NA;39894;682;2020-10-15;-44412
2020-10-14;"Žilinský kraj";523;269;6;275;NA;39894;529;2020-10-14;-45094
2020-10-13;"Žilinský kraj";367;458;40;498;NA;39894;407;2020-10-13;-45623
2020-10-12;"Žilinský kraj";62;0;0;0;NA;39894;62;2020-10-12;-46030
2020-10-11;"Žilinský kraj";50;0;0;0;NA;39894;50;2020-10-11;-46092
2020-10-10;"Žilinský kraj";213;0;0;0;NA;39894;213;2020-10-10;-46142
2020-10-09;"Žilinský kraj";543;0;0;0;NA;39894;543;2020-10-09;-46355
2020-10-08;"Žilinský kraj";238;0;0;0;NA;39894;238;2020-10-08;-46898
2020-10-07;"Žilinský kraj";168;0;0;0;NA;39894;168;2020-10-07;-47136
2020-10-06;"Žilinský kraj";233;0;0;0;NA;39894;233;2020-10-06;-47304
2020-10-05;"Žilinský kraj";33;0;0;0;NA;39894;33;2020-10-05;-47537
2020-10-04;"Žilinský kraj";35;0;0;0;NA;39894;35;2020-10-04;-47570
2020-10-03;"Žilinský kraj";155;0;0;0;NA;39894;155;2020-10-03;-47605
2020-10-02;"Žilinský kraj";105;0;0;0;NA;39894;105;2020-10-02;-47760
2020-10-01;"Žilinský kraj";147;0;0;0;NA;39894;147;2020-10-01;-47865
2020-09-30;"Žilinský kraj";163;0;0;0;NA;39894;163;2020-09-30;-48012
2020-09-29;"Žilinský kraj";105;0;0;0;NA;39894;105;2020-09-29;-48175
2020-09-28;"Žilinský kraj";34;0;0;0;NA;39894;34;2020-09-28;-48280
2020-09-27;"Žilinský kraj";108;0;0;0;NA;39894;108;2020-09-27;-48314
2020-09-26;"Žilinský kraj";96;0;0;0;NA;39894;96;2020-09-26;-48422
2020-09-25;"Žilinský kraj";69;0;0;0;NA;39894;69;2020-09-25;-48518
2020-09-24;"Žilinský kraj";100;0;0;0;NA;39894;100;2020-09-24;-48587
2020-09-23;"Žilinský kraj";65;0;0;0;NA;39894;65;2020-09-23;-48687
2020-09-22;"Žilinský kraj";65;0;0;0;NA;39894;65;2020-09-22;-48752
2020-09-21;"Žilinský kraj";47;0;0;0;NA;39894;47;2020-09-21;-48817
2020-09-20;"Žilinský kraj";4;0;0;0;NA;39894;4;2020-09-20;-48864
2020-09-19;"Žilinský kraj";6;0;0;0;NA;39894;6;2020-09-19;-48868
2020-09-18;"Žilinský kraj";82;0;0;0;NA;39894;82;2020-09-18;-48874
2020-09-17;"Žilinský kraj";30;0;0;0;NA;39894;30;2020-09-17;-48956
2020-09-16;"Žilinský kraj";34;0;0;0;NA;39894;34;2020-09-16;-48986
2020-09-15;"Žilinský kraj";12;0;0;0;NA;39894;12;2020-09-15;-49020
2020-09-14;"Žilinský kraj";39;0;0;0;NA;39894;39;2020-09-14;-49032
2020-09-13;"Žilinský kraj";6;0;0;0;NA;39894;6;2020-09-13;-49071
2020-09-12;"Žilinský kraj";4;0;0;0;NA;39894;4;2020-09-12;-49077
2020-09-11;"Žilinský kraj";31;0;0;0;NA;39894;31;2020-09-11;-49081
2020-09-10;"Žilinský kraj";31;0;0;0;NA;39894;31;2020-09-10;-49112
2020-09-09;"Žilinský kraj";23;0;0;0;NA;39894;23;2020-09-09;-49143
2020-09-08;"Žilinský kraj";25;0;0;0;NA;39894;25;2020-09-08;-49166
2020-09-07;"Žilinský kraj";11;0;0;0;NA;39894;11;2020-09-07;-49191
2020-09-05;"Žilinský kraj";2;0;0;0;NA;39894;2;2020-09-05;-49202
2020-09-04;"Žilinský kraj";33;0;0;0;NA;39894;33;2020-09-04;-49204
2020-09-03;"Žilinský kraj";18;0;0;0;NA;39894;18;2020-09-03;-49237
2020-09-02;"Žilinský kraj";16;0;0;0;NA;39894;16;2020-09-02;-49255
2020-09-01;"Žilinský kraj";4;0;0;0;NA;39894;4;2020-09-01;-49271
2020-08-31;"Žilinský kraj";5;0;0;0;NA;39894;5;2020-08-31;-49275
2020-08-30;"Žilinský kraj";3;0;0;0;NA;39894;3;2020-08-30;-49280
2020-08-29;"Žilinský kraj";5;0;0;0;NA;39894;5;2020-08-29;-49283
2020-08-28;"Žilinský kraj";13;0;0;0;NA;39894;13;2020-08-28;-49288
2020-08-27;"Žilinský kraj";18;0;0;0;NA;39894;18;2020-08-27;-49301
2020-08-26;"Žilinský kraj";8;0;0;0;NA;39894;8;2020-08-26;-49319
2020-08-25;"Žilinský kraj";2;0;0;0;NA;39894;2;2020-08-25;-49327
2020-08-24;"Žilinský kraj";5;0;0;0;NA;39894;5;2020-08-24;-49329
2020-08-21;"Žilinský kraj";10;0;0;0;NA;39894;10;2020-08-21;-49334
2020-08-20;"Žilinský kraj";13;0;0;0;NA;39894;13;2020-08-20;-49344
2020-08-19;"Žilinský kraj";7;0;0;0;NA;39894;7;2020-08-19;-49357
2020-08-18;"Žilinský kraj";9;0;0;0;NA;39894;9;2020-08-18;-49364
2020-08-17;"Žilinský kraj";1;0;0;0;NA;39894;1;2020-08-17;-49373
2020-08-14;"Žilinský kraj";4;0;0;0;NA;39894;4;2020-08-14;-49374
2020-08-13;"Žilinský kraj";2;0;0;0;NA;39894;2;2020-08-13;-49378
2020-08-11;"Žilinský kraj";4;0;0;0;NA;39894;4;2020-08-11;-49380
2020-08-10;"Žilinský kraj";1;0;0;0;NA;39894;1;2020-08-10;-49384
2020-08-08;"Žilinský kraj";3;0;0;0;NA;39894;3;2020-08-08;-49385
2020-08-07;"Žilinský kraj";8;0;0;0;NA;39894;8;2020-08-07;-49388
2020-08-06;"Žilinský kraj";1;0;0;0;NA;39894;1;2020-08-06;-49396
2020-08-05;"Žilinský kraj";1;0;0;0;NA;39894;1;2020-08-05;-49397
2020-08-04;"Žilinský kraj";2;0;0;0;NA;39894;2;2020-08-04;-49398
2020-08-02;"Žilinský kraj";1;0;0;0;NA;39894;1;2020-08-02;-49400
2020-07-31;"Žilinský kraj";4;0;0;0;NA;39894;4;2020-07-31;-49401
2020-07-30;"Žilinský kraj";2;0;0;0;NA;39894;2;2020-07-30;-49405
2020-07-29;"Žilinský kraj";2;0;0;0;NA;39894;2;2020-07-29;-49407
2020-07-28;"Žilinský kraj";4;0;0;0;NA;39894;4;2020-07-28;-49409
2020-07-27;"Žilinský kraj";6;0;0;0;NA;39894;6;2020-07-27;-49413
2020-07-24;"Žilinský kraj";2;0;0;0;NA;39894;2;2020-07-24;-49419
2020-07-22;"Žilinský kraj";1;0;0;0;NA;39894;1;2020-07-22;-49421
2020-07-21;"Žilinský kraj";2;0;0;0;NA;39894;2;2020-07-21;-49422
2020-07-20;"Žilinský kraj";3;0;0;0;NA;39894;3;2020-07-20;-49424
2020-07-17;"Žilinský kraj";2;0;0;0;NA;39894;2;2020-07-17;-49427
2020-07-16;"Žilinský kraj";2;0;0;0;NA;39894;2;2020-07-16;-49429
2020-07-15;"Žilinský kraj";2;0;0;0;NA;39894;2;2020-07-15;-49431
2020-07-14;"Žilinský kraj";1;0;0;0;NA;39894;1;2020-07-14;-49433
2020-07-11;"Žilinský kraj";2;0;0;0;NA;39894;2;2020-07-11;-49434
2020-07-10;"Žilinský kraj";3;0;0;0;NA;39894;3;2020-07-10;-49436
2020-07-09;"Žilinský kraj";2;0;0;0;NA;39894;2;2020-07-09;-49439
2020-07-08;"Žilinský kraj";10;0;0;0;NA;39894;10;2020-07-08;-49441
2020-07-07;"Žilinský kraj";7;0;0;0;NA;39894;7;2020-07-07;-49451
2020-07-04;"Žilinský kraj";10;0;0;0;NA;39894;10;2020-07-04;-49458
2020-07-03;"Žilinský kraj";18;0;0;0;NA;39894;18;2020-07-03;-49468
2020-07-02;"Žilinský kraj";7;0;0;0;NA;39894;7;2020-07-02;-49486
2020-06-30;"Žilinský kraj";4;0;0;0;NA;39894;4;2020-06-30;-49493
2020-06-28;"Žilinský kraj";1;0;0;0;NA;39894;1;2020-06-28;-49497
2020-06-27;"Žilinský kraj";3;0;0;0;NA;39894;3;2020-06-27;-49498
2020-06-26;"Žilinský kraj";5;0;0;0;NA;39894;5;2020-06-26;-49501
2020-06-25;"Žilinský kraj";7;0;0;0;NA;39894;7;2020-06-25;-49506
2020-06-24;"Žilinský kraj";11;0;0;0;NA;39894;11;2020-06-24;-49513
2020-06-23;"Žilinský kraj";9;0;0;0;NA;39894;9;2020-06-23;-49524
2020-06-21;"Žilinský kraj";1;0;0;0;NA;39894;1;2020-06-21;-49533
2020-06-20;"Žilinský kraj";1;0;0;0;NA;39894;1;2020-06-20;-49534
2020-06-19;"Žilinský kraj";4;0;0;0;NA;39894;4;2020-06-19;-49535
2020-06-18;"Žilinský kraj";1;0;0;0;NA;39894;1;2020-06-18;-49539
2020-06-16;"Žilinský kraj";1;0;0;0;NA;39894;1;2020-06-16;-49540
2020-06-09;"Žilinský kraj";1;0;0;0;NA;39894;1;2020-06-09;-49541
2020-05-27;"Žilinský kraj";1;0;0;0;NA;39894;1;2020-05-27;-49542
2020-05-26;"Žilinský kraj";1;0;0;0;NA;39894;1;2020-05-26;-49543
2020-05-19;"Žilinský kraj";1;0;0;0;NA;39894;1;2020-05-19;-49544
2020-05-06;"Žilinský kraj";2;0;0;0;NA;39894;2;2020-05-06;-49545
2020-05-05;"Žilinský kraj";3;0;0;0;NA;39894;3;2020-05-05;-49547
2020-05-04;"Žilinský kraj";3;0;0;0;NA;39894;3;2020-05-04;-49550
2020-05-03;"Žilinský kraj";1;0;0;0;NA;39894;1;2020-05-03;-49553
2020-05-01;"Žilinský kraj";1;0;0;0;NA;39894;1;2020-05-01;-49554
2020-04-25;"Žilinský kraj";2;0;0;0;NA;39894;2;2020-04-25;-49555
2020-04-24;"Žilinský kraj";1;0;0;0;NA;39894;1;2020-04-24;-49557
2020-04-23;"Žilinský kraj";2;0;0;0;NA;39894;2;2020-04-23;-49558
2020-04-22;"Žilinský kraj";9;0;0;0;NA;39894;9;2020-04-22;-49560
2020-04-21;"Žilinský kraj";1;0;0;0;NA;39894;1;2020-04-21;-49569
2020-04-20;"Žilinský kraj";4;0;0;0;NA;39894;4;2020-04-20;-49570
2020-04-18;"Žilinský kraj";49;0;0;0;NA;39894;49;2020-04-18;-49574
2020-04-17;"Žilinský kraj";3;0;0;0;NA;39894;3;2020-04-17;-49623
2020-04-16;"Žilinský kraj";4;0;0;0;NA;39894;4;2020-04-16;-49626
2020-04-15;"Žilinský kraj";7;0;0;0;NA;39894;7;2020-04-15;-49630
2020-04-14;"Žilinský kraj";1;0;0;0;NA;39894;1;2020-04-14;-49637
2020-04-13;"Žilinský kraj";2;0;0;0;NA;39894;2;2020-04-13;-49638
2020-04-12;"Žilinský kraj";5;0;0;0;NA;39894;5;2020-04-12;-49640
2020-04-11;"Žilinský kraj";2;0;0;0;NA;39894;2;2020-04-11;-49645
2020-04-10;"Žilinský kraj";1;0;0;0;NA;39894;1;2020-04-10;-49647
2020-04-09;"Žilinský kraj";1;0;0;0;NA;39894;1;2020-04-09;-49648
2020-04-08;"Žilinský kraj";3;0;0;0;NA;39894;3;2020-04-08;-49649
2020-04-07;"Žilinský kraj";5;0;0;0;NA;39894;5;2020-04-07;-49652
2020-04-06;"Žilinský kraj";6;0;0;0;NA;39894;6;2020-04-06;-49657
2020-04-05;"Žilinský kraj";8;0;0;0;NA;39894;8;2020-04-05;-49663
2020-04-03;"Žilinský kraj";3;0;0;0;NA;39894;3;2020-04-03;-49671
2020-04-02;"Žilinský kraj";5;0;0;0;NA;39894;5;2020-04-02;-49674
2020-04-01;"Žilinský kraj";4;0;0;0;NA;39894;4;2020-04-01;-49679
2020-03-31;"Žilinský kraj";1;0;0;0;NA;39894;1;2020-03-31;-49683
2020-03-30;"Žilinský kraj";3;0;0;0;NA;39894;3;2020-03-30;-49684
2020-03-28;"Žilinský kraj";1;0;0;0;NA;39894;1;2020-03-28;-49687
2020-03-27;"Žilinský kraj";9;0;0;0;NA;39894;9;2020-03-27;-49688
2020-03-26;"Žilinský kraj";4;0;0;0;NA;39894;4;2020-03-26;-49697
2020-03-25;"Žilinský kraj";1;0;0;0;NA;39894;1;2020-03-25;-49701
2020-03-24;"Žilinský kraj";2;0;0;0;NA;39894;2;2020-03-24;-49702
2020-03-23;"Žilinský kraj";3;0;0;0;NA;39894;3;2020-03-23;-49704
2020-03-22;"Žilinský kraj";1;0;0;0;NA;39894;1;2020-03-22;-49707
2020-03-21;"Žilinský kraj";2;0;0;0;NA;39894;2;2020-03-21;-49708
2020-03-20;"Žilinský kraj";4;0;0;0;NA;39894;4;2020-03-20;-49710
2020-03-19;"Žilinský kraj";2;0;0;0;NA;39894;2;2020-03-19;-49714
2020-03-18;"Žilinský kraj";1;0;0;0;NA;39894;1;2020-03-18;-49716
2020-03-17;"Žilinský kraj";5;0;0;0;NA;39894;5;2020-03-17;-49717
2020-03-16;"Žilinský kraj";1;0;0;0;NA;39894;1;2020-03-16;-49722
2020-03-15;"Žilinský kraj";2;0;0;0;NA;39894;2;2020-03-15;-49723
2020-03-14;"Žilinský kraj";1;0;0;0;NA;39894;1;2020-03-14;-49725
2020-03-13;"Žilinský kraj";5;0;0;0;NA;39894;5;2020-03-13;-49726
2020-03-12;"Žilinský kraj";1;0;0;0;NA;39894;1;2020-03-12;-49731
2020-03-09;"Žilinský kraj";1;0;0;0;NA;39894;1;2020-03-09;-49732
