"Datum";"Region";"PCR_Pos";"Ag_Neg";"Ag_Pos";"Total";"Pocet.potvrdenych";"Potvrdenych";"newcases";"date";"positive"
2021-06-14;"Banskobystrický kraj";8;6778;7;6785;38014;81935;15;2021-06-14;81935
2021-06-13;"Banskobystrický kraj";0;6181;7;6188;NA;81935;7;2021-06-13;81920
2021-06-12;"Banskobystrický kraj";3;6168;5;6173;NA;81935;8;2021-06-12;81913
2021-06-11;"Banskobystrický kraj";5;9399;13;9412;NA;81935;18;2021-06-11;81905
2021-06-10;"Banskobystrický kraj";10;5545;7;5552;NA;81935;17;2021-06-10;81887
2021-06-09;"Banskobystrický kraj";9;5536;2;5538;NA;81935;11;2021-06-09;81870
2021-06-08;"Banskobystrický kraj";15;5594;10;5604;NA;81935;25;2021-06-08;81859
2021-06-07;"Banskobystrický kraj";4;7367;19;7386;NA;81935;23;2021-06-07;81834
2021-06-06;"Banskobystrický kraj";1;7246;11;7257;NA;81935;12;2021-06-06;81811
2021-06-05;"Banskobystrický kraj";15;7290;8;7298;NA;81935;23;2021-06-05;81799
2021-06-04;"Banskobystrický kraj";2;8707;12;8719;NA;81935;14;2021-06-04;81776
2021-06-03;"Banskobystrický kraj";8;6293;21;6314;NA;81935;29;2021-06-03;81762
2021-06-02;"Banskobystrický kraj";7;6597;5;6602;NA;81935;12;2021-06-02;81733
2021-06-01;"Banskobystrický kraj";12;7081;14;7095;NA;81935;26;2021-06-01;81721
2021-05-31;"Banskobystrický kraj";4;9298;28;9326;NA;81935;32;2021-05-31;81695
2021-05-30;"Banskobystrický kraj";3;8698;18;8716;NA;81935;21;2021-05-30;81663
2021-05-29;"Banskobystrický kraj";11;9209;13;9222;NA;81935;24;2021-05-29;81642
2021-05-28;"Banskobystrický kraj";13;11510;23;11533;NA;81935;36;2021-05-28;81618
2021-05-27;"Banskobystrický kraj";7;8620;12;8632;NA;81935;19;2021-05-27;81582
2021-05-26;"Banskobystrický kraj";18;7623;16;7639;NA;81935;34;2021-05-26;81563
2021-05-25;"Banskobystrický kraj";27;8883;30;8913;NA;81935;57;2021-05-25;81529
2021-05-24;"Banskobystrický kraj";9;12349;44;12393;NA;81935;53;2021-05-24;81472
2021-05-23;"Banskobystrický kraj";0;9522;25;9547;NA;81935;25;2021-05-23;81419
2021-05-22;"Banskobystrický kraj";20;9368;26;9394;NA;81935;46;2021-05-22;81394
2021-05-21;"Banskobystrický kraj";22;12364;21;12385;NA;81935;43;2021-05-21;81348
2021-05-20;"Banskobystrický kraj";14;8561;24;8585;NA;81935;38;2021-05-20;81305
2021-05-19;"Banskobystrický kraj";42;8344;18;8362;NA;81935;60;2021-05-19;81267
2021-05-18;"Banskobystrický kraj";27;9341;25;9366;NA;81935;52;2021-05-18;81207
2021-05-17;"Banskobystrický kraj";11;13179;29;13208;NA;81935;40;2021-05-17;81155
2021-05-16;"Banskobystrický kraj";15;13730;24;13754;NA;81935;39;2021-05-16;81115
2021-05-15;"Banskobystrický kraj";11;15020;29;15049;NA;81935;40;2021-05-15;81076
2021-05-14;"Banskobystrický kraj";35;17996;43;18039;NA;81935;78;2021-05-14;81036
2021-05-13;"Banskobystrický kraj";37;10405;40;10445;NA;81935;77;2021-05-13;80958
2021-05-12;"Banskobystrický kraj";31;10835;45;10880;NA;81935;76;2021-05-12;80881
2021-05-11;"Banskobystrický kraj";42;11227;48;11275;NA;81935;90;2021-05-11;80805
2021-05-10;"Banskobystrický kraj";28;17297;63;17360;NA;81935;91;2021-05-10;80715
2021-05-09;"Banskobystrický kraj";25;21333;66;21399;NA;81935;91;2021-05-09;80624
2021-05-08;"Banskobystrický kraj";11;13686;23;13709;NA;81935;34;2021-05-08;80533
2021-05-07;"Banskobystrický kraj";41;21278;74;21352;NA;81935;115;2021-05-07;80499
2021-05-06;"Banskobystrický kraj";36;12251;70;12321;NA;81935;106;2021-05-06;80384
2021-05-05;"Banskobystrický kraj";34;12592;63;12655;NA;81935;97;2021-05-05;80278
2021-05-04;"Banskobystrický kraj";83;13788;47;13835;NA;81935;130;2021-05-04;80181
2021-05-03;"Banskobystrický kraj";30;20872;80;20952;NA;81935;110;2021-05-03;80051
2021-05-02;"Banskobystrický kraj";6;32623;60;32683;NA;81935;66;2021-05-02;79941
2021-05-01;"Banskobystrický kraj";54;36770;67;36837;NA;81935;121;2021-05-01;79875
2021-04-30;"Banskobystrický kraj";38;34953;86;35039;NA;81935;124;2021-04-30;79754
2021-04-29;"Banskobystrický kraj";55;16799;68;16867;NA;81935;123;2021-04-29;79630
2021-04-28;"Banskobystrický kraj";66;17919;67;17986;NA;81935;133;2021-04-28;79507
2021-04-27;"Banskobystrický kraj";70;18992;73;19065;NA;81935;143;2021-04-27;79374
2021-04-26;"Banskobystrický kraj";34;28514;101;28615;NA;81935;135;2021-04-26;79231
2021-04-25;"Banskobystrický kraj";14;40204;106;40310;NA;81935;120;2021-04-25;79096
2021-04-24;"Banskobystrický kraj";40;51625;98;51723;NA;81935;138;2021-04-24;78976
2021-04-23;"Banskobystrický kraj";78;37724;88;37812;NA;81935;166;2021-04-23;78838
2021-04-22;"Banskobystrický kraj";51;17192;57;17249;NA;81935;108;2021-04-22;78672
2021-04-21;"Banskobystrický kraj";76;19192;94;19286;NA;81935;170;2021-04-21;78564
2021-04-20;"Banskobystrický kraj";116;20973;98;21071;NA;81935;214;2021-04-20;78394
2021-04-19;"Banskobystrický kraj";48;31407;105;31512;NA;81935;153;2021-04-19;78180
2021-04-18;"Banskobystrický kraj";16;42953;90;43043;NA;81935;106;2021-04-18;78027
2021-04-17;"Banskobystrický kraj";42;64939;92;65031;NA;81935;134;2021-04-17;77921
2021-04-16;"Banskobystrický kraj";72;37303;100;37403;NA;81935;172;2021-04-16;77787
2021-04-15;"Banskobystrický kraj";67;20117;83;20200;NA;81935;150;2021-04-15;77615
2021-04-14;"Banskobystrický kraj";69;21257;86;21343;NA;81935;155;2021-04-14;77465
2021-04-13;"Banskobystrický kraj";130;22676;77;22753;NA;81935;207;2021-04-13;77310
2021-04-12;"Banskobystrický kraj";60;32247;130;32377;NA;81935;190;2021-04-12;77103
2021-04-11;"Banskobystrický kraj";0;41367;88;41455;NA;81935;88;2021-04-11;76913
2021-04-10;"Banskobystrický kraj";56;64628;141;64769;NA;81935;197;2021-04-10;76825
2021-04-09;"Banskobystrický kraj";106;31566;118;31684;NA;81935;224;2021-04-09;76628
2021-04-08;"Banskobystrický kraj";132;18406;110;18516;NA;81935;242;2021-04-08;76404
2021-04-07;"Banskobystrický kraj";226;25117;94;25211;NA;81935;320;2021-04-07;76162
2021-04-06;"Banskobystrický kraj";93;42487;187;42674;NA;81935;280;2021-04-06;75842
2021-04-05;"Banskobystrický kraj";15;11797;87;11884;NA;81935;102;2021-04-05;75562
2021-04-04;"Banskobystrický kraj";24;19683;79;19762;NA;81935;103;2021-04-04;75460
2021-04-03;"Banskobystrický kraj";5;72473;211;72684;NA;81935;216;2021-04-03;75357
2021-04-02;"Banskobystrický kraj";71;13455;66;13521;NA;81935;137;2021-04-02;75141
2021-04-01;"Banskobystrický kraj";171;38877;200;39077;NA;81935;371;2021-04-01;75004
2021-03-31;"Banskobystrický kraj";147;25543;161;25704;NA;81935;308;2021-03-31;74633
2021-03-30;"Banskobystrický kraj";167;21439;159;21598;NA;81935;326;2021-03-30;74325
2021-03-29;"Banskobystrický kraj";119;29491;218;29709;NA;81935;337;2021-03-29;73999
2021-03-28;"Banskobystrický kraj";25;40610;189;40799;NA;81935;214;2021-03-28;73662
2021-03-27;"Banskobystrický kraj";85;64156;260;64416;NA;81935;345;2021-03-27;73448
2021-03-26;"Banskobystrický kraj";122;43397;240;43637;NA;81935;362;2021-03-26;73103
2021-03-25;"Banskobystrický kraj";120;21589;240;21829;NA;81935;360;2021-03-25;72741
2021-03-24;"Banskobystrický kraj";200;19319;227;19546;NA;81935;427;2021-03-24;72381
2021-03-23;"Banskobystrický kraj";241;21398;257;21655;NA;81935;498;2021-03-23;71954
2021-03-22;"Banskobystrický kraj";65;30418;274;30692;NA;81935;339;2021-03-22;71456
2021-03-21;"Banskobystrický kraj";31;40039;280;40319;NA;81935;311;2021-03-21;71117
2021-03-20;"Banskobystrický kraj";119;67730;383;68113;NA;81935;502;2021-03-20;70806
2021-03-19;"Banskobystrický kraj";240;44041;307;44348;NA;81935;547;2021-03-19;70304
2021-03-18;"Banskobystrický kraj";160;21727;273;22000;NA;81935;433;2021-03-18;69757
2021-03-17;"Banskobystrický kraj";262;21573;245;21818;NA;81935;507;2021-03-17;69324
2021-03-16;"Banskobystrický kraj";340;23365;224;23589;NA;81935;564;2021-03-16;68817
2021-03-15;"Banskobystrický kraj";95;31133;364;31497;NA;81935;459;2021-03-15;68253
2021-03-14;"Banskobystrický kraj";39;40650;229;40879;NA;81935;268;2021-03-14;67794
2021-03-13;"Banskobystrický kraj";209;67167;391;67558;NA;81935;600;2021-03-13;67526
2021-03-12;"Banskobystrický kraj";206;41439;330;41769;NA;81935;536;2021-03-12;66926
2021-03-11;"Banskobystrický kraj";228;21337;272;21609;NA;81935;500;2021-03-11;66390
2021-03-10;"Banskobystrický kraj";260;20381;238;20619;NA;81935;498;2021-03-10;65890
2021-03-09;"Banskobystrický kraj";352;21790;284;22074;NA;81935;636;2021-03-09;65392
2021-03-08;"Banskobystrický kraj";191;31488;427;31915;NA;81935;618;2021-03-08;64756
2021-03-07;"Banskobystrický kraj";60;39083;295;39378;NA;81935;355;2021-03-07;64138
2021-03-06;"Banskobystrický kraj";164;70562;410;70972;NA;81935;574;2021-03-06;63783
2021-03-05;"Banskobystrický kraj";221;42137;388;42525;NA;81935;609;2021-03-05;63209
2021-03-04;"Banskobystrický kraj";226;21607;334;21941;NA;81935;560;2021-03-04;62600
2021-03-03;"Banskobystrický kraj";317;21949;331;22280;NA;81935;648;2021-03-03;62040
2021-03-02;"Banskobystrický kraj";291;22602;354;22956;NA;81935;645;2021-03-02;61392
2021-03-01;"Banskobystrický kraj";151;31773;434;32207;NA;81935;585;2021-03-01;60747
2021-02-28;"Banskobystrický kraj";45;38313;336;38649;NA;81935;381;2021-02-28;60162
2021-02-27;"Banskobystrický kraj";289;66667;529;67196;NA;81935;818;2021-02-27;59781
2021-02-26;"Banskobystrický kraj";326;39489;468;39957;NA;81935;794;2021-02-26;58963
2021-02-25;"Banskobystrický kraj";375;17731;366;18097;NA;81935;741;2021-02-25;58169
2021-02-24;"Banskobystrický kraj";332;16735;373;17108;NA;81935;705;2021-02-24;57428
2021-02-23;"Banskobystrický kraj";462;19480;439;19919;NA;81935;901;2021-02-23;56723
2021-02-22;"Banskobystrický kraj";67;28643;598;29241;NA;81935;665;2021-02-22;55822
2021-02-21;"Banskobystrický kraj";68;37464;437;37901;NA;81935;505;2021-02-21;55157
2021-02-20;"Banskobystrický kraj";280;68851;598;69449;NA;81935;878;2021-02-20;54652
2021-02-19;"Banskobystrický kraj";420;39632;511;40143;NA;81935;931;2021-02-19;53774
2021-02-18;"Banskobystrický kraj";241;18618;396;19014;NA;81935;637;2021-02-18;52843
2021-02-17;"Banskobystrický kraj";415;16312;389;16701;NA;81935;804;2021-02-17;52206
2021-02-16;"Banskobystrický kraj";338;19727;368;20095;NA;81935;706;2021-02-16;51402
2021-02-15;"Banskobystrický kraj";118;35835;591;36426;NA;81935;709;2021-02-15;50696
2021-02-14;"Banskobystrický kraj";60;31894;386;32280;NA;81935;446;2021-02-14;49987
2021-02-13;"Banskobystrický kraj";202;53889;492;54381;NA;81935;694;2021-02-13;49541
2021-02-12;"Banskobystrický kraj";312;36620;533;37153;NA;81935;845;2021-02-12;48847
2021-02-11;"Banskobystrický kraj";305;20825;386;21211;NA;81935;691;2021-02-11;48002
2021-02-10;"Banskobystrický kraj";333;14790;344;15134;NA;81935;677;2021-02-10;47311
2021-02-09;"Banskobystrický kraj";329;18504;362;18866;NA;81935;691;2021-02-09;46634
2021-02-08;"Banskobystrický kraj";103;46804;672;47476;NA;81935;775;2021-02-08;45943
2021-02-07;"Banskobystrický kraj";70;37363;333;37696;NA;81935;403;2021-02-07;45168
2021-02-06;"Banskobystrický kraj";178;69388;570;69958;NA;81935;748;2021-02-06;44765
2021-02-05;"Banskobystrický kraj";282;24577;363;24940;NA;81935;645;2021-02-05;44017
2021-02-04;"Banskobystrický kraj";240;13842;430;14272;NA;81935;670;2021-02-04;43372
2021-02-03;"Banskobystrický kraj";350;9429;255;9684;NA;81935;605;2021-02-03;42702
2021-02-02;"Banskobystrický kraj";277;15740;334;16074;NA;81935;611;2021-02-02;42097
2021-02-01;"Banskobystrický kraj";75;24723;496;25219;NA;81935;571;2021-02-01;41486
2021-01-31;"Banskobystrický kraj";34;19983;201;20184;NA;81935;235;2021-01-31;40915
2021-01-30;"Banskobystrický kraj";163;63496;525;64021;NA;81935;688;2021-01-30;40680
2021-01-29;"Banskobystrický kraj";196;17360;269;17629;NA;81935;465;2021-01-29;39992
2021-01-28;"Banskobystrický kraj";218;14229;372;14601;NA;81935;590;2021-01-28;39527
2021-01-27;"Banskobystrický kraj";191;8128;200;8328;NA;81935;391;2021-01-27;38937
2021-01-26;"Banskobystrický kraj";238;19798;283;20081;NA;81935;521;2021-01-26;38546
2021-01-25;"Banskobystrický kraj";82;33666;412;34078;NA;81935;494;2021-01-25;38025
2021-01-24;"Banskobystrický kraj";38;35587;278;35865;NA;81935;316;2021-01-24;37531
2021-01-23;"Banskobystrický kraj";142;88733;524;89257;NA;81935;666;2021-01-23;37215
2021-01-22;"Banskobystrický kraj";175;26393;359;26752;NA;81935;534;2021-01-22;36549
2021-01-21;"Banskobystrický kraj";194;17308;285;17593;NA;81935;479;2021-01-21;36015
2021-01-20;"Banskobystrický kraj";231;9150;188;9338;NA;81935;419;2021-01-20;35536
2021-01-19;"Banskobystrický kraj";213;10708;311;11019;NA;81935;524;2021-01-19;35117
2021-01-18;"Banskobystrický kraj";94;7415;402;7817;NA;81935;496;2021-01-18;34593
2021-01-17;"Banskobystrický kraj";110;8154;77;8231;NA;81935;187;2021-01-17;34097
2021-01-16;"Banskobystrický kraj";58;2274;57;2331;NA;81935;115;2021-01-16;33910
2021-01-15;"Banskobystrický kraj";164;7673;217;7890;NA;81935;381;2021-01-15;33795
2021-01-14;"Banskobystrický kraj";220;5760;325;6085;NA;81935;545;2021-01-14;33414
2021-01-13;"Banskobystrický kraj";235;5974;217;6191;NA;81935;452;2021-01-13;32869
2021-01-12;"Banskobystrický kraj";194;6808;299;7107;NA;81935;493;2021-01-12;32417
2021-01-11;"Banskobystrický kraj";76;8231;481;8712;NA;81935;557;2021-01-11;31924
2021-01-10;"Banskobystrický kraj";110;233;4;237;NA;81935;114;2021-01-10;31367
2021-01-09;"Banskobystrický kraj";297;2378;81;2459;NA;81935;378;2021-01-09;31253
2021-01-08;"Banskobystrický kraj";435;9677;443;10120;NA;81935;878;2021-01-08;30875
2021-01-07;"Banskobystrický kraj";127;6322;366;6688;NA;81935;493;2021-01-07;29997
2021-01-06;"Banskobystrický kraj";305;3124;185;3309;NA;81935;490;2021-01-06;29504
2021-01-05;"Banskobystrický kraj";372;7349;533;7882;NA;81935;905;2021-01-05;29014
2021-01-04;"Banskobystrický kraj";130;7083;700;7783;NA;81935;830;2021-01-04;28109
2021-01-03;"Banskobystrický kraj";199;320;19;339;NA;81935;218;2021-01-03;27279
2021-01-02;"Banskobystrický kraj";123;702;85;787;NA;81935;208;2021-01-02;27061
2021-01-01;"Banskobystrický kraj";220;1958;132;2090;NA;81935;352;2021-01-01;26853
2020-12-31;"Banskobystrický kraj";499;7379;633;8012;NA;81935;1132;2020-12-31;26501
2020-12-30;"Banskobystrický kraj";593;7670;557;8227;NA;81935;1150;2020-12-30;25369
2020-12-29;"Banskobystrický kraj";240;7955;664;8619;NA;81935;904;2020-12-29;24219
2020-12-28;"Banskobystrický kraj";131;6098;711;6809;NA;81935;842;2020-12-28;23315
2020-12-27;"Banskobystrický kraj";116;541;25;566;NA;81935;141;2020-12-27;22473
2020-12-26;"Banskobystrický kraj";61;295;35;330;NA;81935;96;2020-12-26;22332
2020-12-25;"Banskobystrický kraj";65;313;10;323;NA;81935;75;2020-12-25;22236
2020-12-24;"Banskobystrický kraj";452;3685;135;3820;NA;81935;587;2020-12-24;22161
2020-12-23;"Banskobystrický kraj";368;10116;507;10623;NA;81935;875;2020-12-23;21574
2020-12-22;"Banskobystrický kraj";307;8449;624;9073;NA;81935;931;2020-12-22;20699
2020-12-21;"Banskobystrický kraj";286;4896;448;5344;NA;81935;734;2020-12-21;19768
2020-12-20;"Banskobystrický kraj";155;249;14;263;NA;81935;169;2020-12-20;19034
2020-12-19;"Banskobystrický kraj";170;3084;138;3222;NA;81935;308;2020-12-19;18865
2020-12-18;"Banskobystrický kraj";432;5965;324;6289;NA;81935;756;2020-12-18;18557
2020-12-17;"Banskobystrický kraj";468;8703;656;9359;NA;81935;1124;2020-12-17;17801
2020-12-16;"Banskobystrický kraj";379;10202;560;10762;NA;81935;939;2020-12-16;16677
2020-12-15;"Banskobystrický kraj";336;5425;433;5858;NA;81935;769;2020-12-15;15738
2020-12-14;"Banskobystrický kraj";148;3897;259;4156;NA;81935;407;2020-12-14;14969
2020-12-13;"Banskobystrický kraj";122;142;1;143;NA;81935;123;2020-12-13;14562
2020-12-12;"Banskobystrický kraj";137;2714;138;2852;NA;81935;275;2020-12-12;14439
2020-12-11;"Banskobystrický kraj";468;6587;374;6961;NA;81935;842;2020-12-11;14164
2020-12-10;"Banskobystrický kraj";280;5204;355;5559;NA;81935;635;2020-12-10;13322
2020-12-09;"Banskobystrický kraj";323;3850;213;4063;NA;81935;536;2020-12-09;12687
2020-12-08;"Banskobystrický kraj";256;3787;276;4063;NA;81935;532;2020-12-08;12151
2020-12-07;"Banskobystrický kraj";175;2380;156;2536;NA;81935;331;2020-12-07;11619
2020-12-06;"Banskobystrický kraj";121;507;11;518;NA;81935;132;2020-12-06;11288
2020-12-05;"Banskobystrický kraj";109;1099;34;1133;NA;81935;143;2020-12-05;11156
2020-12-04;"Banskobystrický kraj";339;3828;174;4002;NA;81935;513;2020-12-04;11013
2020-12-03;"Banskobystrický kraj";240;3193;234;3427;NA;81935;474;2020-12-03;10500
2020-12-02;"Banskobystrický kraj";217;4442;186;4628;NA;81935;403;2020-12-02;10026
2020-12-01;"Banskobystrický kraj";215;2702;134;2836;NA;81935;349;2020-12-01;9623
2020-11-30;"Banskobystrický kraj";74;4559;257;4816;NA;81935;331;2020-11-30;9274
2020-11-29;"Banskobystrický kraj";19;97;3;100;NA;81935;22;2020-11-29;8943
2020-11-28;"Banskobystrický kraj";81;129;7;136;NA;81935;88;2020-11-28;8921
2020-11-27;"Banskobystrický kraj";219;336;3;339;NA;81935;222;2020-11-27;8833
2020-11-26;"Banskobystrický kraj";208;257;2;259;NA;81935;210;2020-11-26;8611
2020-11-25;"Banskobystrický kraj";170;127;2;129;NA;81935;172;2020-11-25;8401
2020-11-24;"Banskobystrický kraj";166;304;2;306;NA;81935;168;2020-11-24;8229
2020-11-23;"Banskobystrický kraj";66;292;3;295;NA;81935;69;2020-11-23;8061
2020-11-22;"Banskobystrický kraj";38;0;0;0;NA;81935;38;2020-11-22;7992
2020-11-21;"Banskobystrický kraj";52;0;0;0;NA;81935;52;2020-11-21;7954
2020-11-20;"Banskobystrický kraj";127;133;2;135;NA;81935;129;2020-11-20;7902
2020-11-19;"Banskobystrický kraj";170;106;0;106;NA;81935;170;2020-11-19;7773
2020-11-18;"Banskobystrický kraj";153;111;3;114;NA;81935;156;2020-11-18;7603
2020-11-17;"Banskobystrický kraj";52;0;0;0;NA;81935;52;2020-11-17;7447
2020-11-16;"Banskobystrický kraj";106;45;0;45;NA;81935;106;2020-11-16;7395
2020-11-15;"Banskobystrický kraj";52;0;0;0;NA;81935;52;2020-11-15;7289
2020-11-14;"Banskobystrický kraj";73;0;0;0;NA;81935;73;2020-11-14;7237
2020-11-13;"Banskobystrický kraj";157;0;0;0;NA;81935;157;2020-11-13;7164
2020-11-12;"Banskobystrický kraj";218;0;0;0;NA;81935;218;2020-11-12;7007
2020-11-11;"Banskobystrický kraj";224;0;0;0;NA;81935;224;2020-11-11;6789
2020-11-10;"Banskobystrický kraj";263;0;0;0;NA;81935;263;2020-11-10;6565
2020-11-09;"Banskobystrický kraj";80;0;0;0;NA;81935;80;2020-11-09;6302
2020-11-08;"Banskobystrický kraj";82;0;0;0;NA;81935;82;2020-11-08;6222
2020-11-07;"Banskobystrický kraj";164;0;0;0;NA;81935;164;2020-11-07;6140
2020-11-06;"Banskobystrický kraj";227;0;0;0;NA;81935;227;2020-11-06;5976
2020-11-05;"Banskobystrický kraj";240;0;0;0;NA;81935;240;2020-11-05;5749
2020-11-04;"Banskobystrický kraj";254;0;0;0;NA;81935;254;2020-11-04;5509
2020-11-03;"Banskobystrický kraj";246;0;0;0;NA;81935;246;2020-11-03;5255
2020-11-02;"Banskobystrický kraj";90;0;0;0;NA;81935;90;2020-11-02;5009
2020-11-01;"Banskobystrický kraj";101;0;0;0;NA;81935;101;2020-11-01;4919
2020-10-31;"Banskobystrický kraj";199;0;0;0;NA;81935;199;2020-10-31;4818
2020-10-30;"Banskobystrický kraj";254;0;0;0;NA;81935;254;2020-10-30;4619
2020-10-29;"Banskobystrický kraj";372;0;0;0;NA;81935;372;2020-10-29;4365
2020-10-28;"Banskobystrický kraj";285;0;0;0;NA;81935;285;2020-10-28;3993
2020-10-27;"Banskobystrický kraj";266;0;0;0;NA;81935;266;2020-10-27;3708
2020-10-26;"Banskobystrický kraj";38;0;0;0;NA;81935;38;2020-10-26;3442
2020-10-25;"Banskobystrický kraj";50;0;0;0;NA;81935;50;2020-10-25;3404
2020-10-24;"Banskobystrický kraj";315;0;0;0;NA;81935;315;2020-10-24;3354
2020-10-23;"Banskobystrický kraj";231;0;0;0;NA;81935;231;2020-10-23;3039
2020-10-22;"Banskobystrický kraj";264;0;0;0;NA;81935;264;2020-10-22;2808
2020-10-21;"Banskobystrický kraj";209;0;0;0;NA;81935;209;2020-10-21;2544
2020-10-20;"Banskobystrický kraj";210;0;0;0;NA;81935;210;2020-10-20;2335
2020-10-19;"Banskobystrický kraj";27;0;0;0;NA;81935;27;2020-10-19;2125
2020-10-18;"Banskobystrický kraj";49;0;0;0;NA;81935;49;2020-10-18;2098
2020-10-17;"Banskobystrický kraj";91;0;0;0;NA;81935;91;2020-10-17;2049
2020-10-16;"Banskobystrický kraj";224;0;0;0;NA;81935;224;2020-10-16;1958
2020-10-15;"Banskobystrický kraj";133;0;0;0;NA;81935;133;2020-10-15;1734
2020-10-14;"Banskobystrický kraj";139;0;0;0;NA;81935;139;2020-10-14;1601
2020-10-13;"Banskobystrický kraj";151;0;0;0;NA;81935;151;2020-10-13;1462
2020-10-12;"Banskobystrický kraj";11;0;0;0;NA;81935;11;2020-10-12;1311
2020-10-11;"Banskobystrický kraj";14;0;0;0;NA;81935;14;2020-10-11;1300
2020-10-10;"Banskobystrický kraj";53;0;0;0;NA;81935;53;2020-10-10;1286
2020-10-09;"Banskobystrický kraj";128;0;0;0;NA;81935;128;2020-10-09;1233
2020-10-08;"Banskobystrický kraj";99;0;0;0;NA;81935;99;2020-10-08;1105
2020-10-07;"Banskobystrický kraj";124;0;0;0;NA;81935;124;2020-10-07;1006
2020-10-06;"Banskobystrický kraj";68;0;0;0;NA;81935;68;2020-10-06;882
2020-10-05;"Banskobystrický kraj";49;0;0;0;NA;81935;49;2020-10-05;814
2020-10-04;"Banskobystrický kraj";8;0;0;0;NA;81935;8;2020-10-04;765
2020-10-03;"Banskobystrický kraj";37;0;0;0;NA;81935;37;2020-10-03;757
2020-10-02;"Banskobystrický kraj";74;0;0;0;NA;81935;74;2020-10-02;720
2020-10-01;"Banskobystrický kraj";49;0;0;0;NA;81935;49;2020-10-01;646
2020-09-30;"Banskobystrický kraj";60;0;0;0;NA;81935;60;2020-09-30;597
2020-09-29;"Banskobystrický kraj";24;0;0;0;NA;81935;24;2020-09-29;537
2020-09-28;"Banskobystrický kraj";0;0;0;0;NA;81935;0;2020-09-28;513
2020-09-27;"Banskobystrický kraj";20;0;0;0;NA;81935;20;2020-09-27;513
2020-09-26;"Banskobystrický kraj";24;0;0;0;NA;81935;24;2020-09-26;493
2020-09-25;"Banskobystrický kraj";29;0;0;0;NA;81935;29;2020-09-25;469
2020-09-24;"Banskobystrický kraj";25;0;0;0;NA;81935;25;2020-09-24;440
2020-09-23;"Banskobystrický kraj";17;0;0;0;NA;81935;17;2020-09-23;415
2020-09-22;"Banskobystrický kraj";25;0;0;0;NA;81935;25;2020-09-22;398
2020-09-21;"Banskobystrický kraj";3;0;0;0;NA;81935;3;2020-09-21;373
2020-09-20;"Banskobystrický kraj";0;0;0;0;NA;81935;0;2020-09-20;370
2020-09-19;"Banskobystrický kraj";3;0;0;0;NA;81935;3;2020-09-19;370
2020-09-18;"Banskobystrický kraj";24;0;0;0;NA;81935;24;2020-09-18;367
2020-09-17;"Banskobystrický kraj";14;0;0;0;NA;81935;14;2020-09-17;343
2020-09-16;"Banskobystrický kraj";6;0;0;0;NA;81935;6;2020-09-16;329
2020-09-15;"Banskobystrický kraj";2;0;0;0;NA;81935;2;2020-09-15;323
2020-09-14;"Banskobystrický kraj";13;0;0;0;NA;81935;13;2020-09-14;321
2020-09-13;"Banskobystrický kraj";1;0;0;0;NA;81935;1;2020-09-13;308
2020-09-12;"Banskobystrický kraj";5;0;0;0;NA;81935;5;2020-09-12;307
2020-09-11;"Banskobystrický kraj";19;0;0;0;NA;81935;19;2020-09-11;302
2020-09-10;"Banskobystrický kraj";11;0;0;0;NA;81935;11;2020-09-10;283
2020-09-09;"Banskobystrický kraj";13;0;0;0;NA;81935;13;2020-09-09;272
2020-09-08;"Banskobystrický kraj";5;0;0;0;NA;81935;5;2020-09-08;259
2020-09-07;"Banskobystrický kraj";2;0;0;0;NA;81935;2;2020-09-07;254
2020-09-06;"Banskobystrický kraj";0;0;0;0;NA;81935;0;2020-09-06;252
2020-09-05;"Banskobystrický kraj";0;0;0;0;NA;81935;0;2020-09-05;252
2020-09-04;"Banskobystrický kraj";9;0;0;0;NA;81935;9;2020-09-04;252
2020-09-03;"Banskobystrický kraj";5;0;0;0;NA;81935;5;2020-09-03;243
2020-09-02;"Banskobystrický kraj";6;0;0;0;NA;81935;6;2020-09-02;238
2020-09-01;"Banskobystrický kraj";2;0;0;0;NA;81935;2;2020-09-01;232
2020-08-31;"Banskobystrický kraj";6;0;0;0;NA;81935;6;2020-08-31;230
2020-08-30;"Banskobystrický kraj";0;0;0;0;NA;81935;0;2020-08-30;224
2020-08-29;"Banskobystrický kraj";1;0;0;0;NA;81935;1;2020-08-29;224
2020-08-28;"Banskobystrický kraj";3;0;0;0;NA;81935;3;2020-08-28;223
2020-08-27;"Banskobystrický kraj";1;0;0;0;NA;81935;1;2020-08-27;220
2020-08-26;"Banskobystrický kraj";2;0;0;0;NA;81935;2;2020-08-26;219
2020-08-25;"Banskobystrický kraj";2;0;0;0;NA;81935;2;2020-08-25;217
2020-08-24;"Banskobystrický kraj";0;0;0;0;NA;81935;0;2020-08-24;215
2020-08-23;"Banskobystrický kraj";0;0;0;0;NA;81935;0;2020-08-23;215
2020-08-22;"Banskobystrický kraj";0;0;0;0;NA;81935;0;2020-08-22;215
2020-08-21;"Banskobystrický kraj";4;0;0;0;NA;81935;4;2020-08-21;215
2020-08-20;"Banskobystrický kraj";1;0;0;0;NA;81935;1;2020-08-20;211
2020-08-19;"Banskobystrický kraj";4;0;0;0;NA;81935;4;2020-08-19;210
2020-08-18;"Banskobystrický kraj";0;0;0;0;NA;81935;0;2020-08-18;206
2020-08-17;"Banskobystrický kraj";1;0;0;0;NA;81935;1;2020-08-17;206
2020-08-16;"Banskobystrický kraj";0;0;0;0;NA;81935;0;2020-08-16;205
2020-08-15;"Banskobystrický kraj";0;0;0;0;NA;81935;0;2020-08-15;205
2020-08-14;"Banskobystrický kraj";5;0;0;0;NA;81935;5;2020-08-14;205
2020-08-13;"Banskobystrický kraj";0;0;0;0;NA;81935;0;2020-08-13;200
2020-08-12;"Banskobystrický kraj";0;0;0;0;NA;81935;0;2020-08-12;200
2020-08-11;"Banskobystrický kraj";2;0;0;0;NA;81935;2;2020-08-11;200
2020-08-10;"Banskobystrický kraj";3;0;0;0;NA;81935;3;2020-08-10;198
2020-08-09;"Banskobystrický kraj";0;0;0;0;NA;81935;0;2020-08-09;195
2020-08-08;"Banskobystrický kraj";2;0;0;0;NA;81935;2;2020-08-08;195
2020-08-07;"Banskobystrický kraj";1;0;0;0;NA;81935;1;2020-08-07;193
2020-08-06;"Banskobystrický kraj";1;0;0;0;NA;81935;1;2020-08-06;192
2020-08-05;"Banskobystrický kraj";0;0;0;0;NA;81935;0;2020-08-05;191
2020-08-04;"Banskobystrický kraj";3;0;0;0;NA;81935;3;2020-08-04;191
2020-08-03;"Banskobystrický kraj";0;0;0;0;NA;81935;0;2020-08-03;188
2020-08-02;"Banskobystrický kraj";0;0;0;0;NA;81935;0;2020-08-02;188
2020-08-01;"Banskobystrický kraj";1;0;0;0;NA;81935;1;2020-08-01;188
2020-07-31;"Banskobystrický kraj";2;0;0;0;NA;81935;2;2020-07-31;187
2020-07-30;"Banskobystrický kraj";1;0;0;0;NA;81935;1;2020-07-30;185
2020-07-29;"Banskobystrický kraj";0;0;0;0;NA;81935;0;2020-07-29;184
2020-07-28;"Banskobystrický kraj";2;0;0;0;NA;81935;2;2020-07-28;184
2020-07-27;"Banskobystrický kraj";3;0;0;0;NA;81935;3;2020-07-27;182
2020-07-26;"Banskobystrický kraj";0;0;0;0;NA;81935;0;2020-07-26;179
2020-07-25;"Banskobystrický kraj";0;0;0;0;NA;81935;0;2020-07-25;179
2020-07-24;"Banskobystrický kraj";9;0;0;0;NA;81935;9;2020-07-24;179
2020-07-23;"Banskobystrický kraj";0;0;0;0;NA;81935;0;2020-07-23;170
2020-07-22;"Banskobystrický kraj";3;0;0;0;NA;81935;3;2020-07-22;170
2020-07-21;"Banskobystrický kraj";3;0;0;0;NA;81935;3;2020-07-21;167
2020-07-20;"Banskobystrický kraj";1;0;0;0;NA;81935;1;2020-07-20;164
2020-07-19;"Banskobystrický kraj";1;0;0;0;NA;81935;1;2020-07-19;163
2020-07-18;"Banskobystrický kraj";0;0;0;0;NA;81935;0;2020-07-18;162
2020-07-17;"Banskobystrický kraj";2;0;0;0;NA;81935;2;2020-07-17;162
2020-07-16;"Banskobystrický kraj";1;0;0;0;NA;81935;1;2020-07-16;160
2020-07-15;"Banskobystrický kraj";4;0;0;0;NA;81935;4;2020-07-15;159
2020-07-14;"Banskobystrický kraj";2;0;0;0;NA;81935;2;2020-07-14;155
2020-07-13;"Banskobystrický kraj";1;0;0;0;NA;81935;1;2020-07-13;153
2020-07-12;"Banskobystrický kraj";0;0;0;0;NA;81935;0;2020-07-12;152
2020-07-11;"Banskobystrický kraj";0;0;0;0;NA;81935;0;2020-07-11;152
2020-07-10;"Banskobystrický kraj";3;0;0;0;NA;81935;3;2020-07-10;152
2020-07-09;"Banskobystrický kraj";9;0;0;0;NA;81935;9;2020-07-09;149
2020-07-08;"Banskobystrický kraj";0;0;0;0;NA;81935;0;2020-07-08;140
2020-07-07;"Banskobystrický kraj";4;0;0;0;NA;81935;4;2020-07-07;140
2020-07-06;"Banskobystrický kraj";0;0;0;0;NA;81935;0;2020-07-06;136
2020-07-05;"Banskobystrický kraj";0;0;0;0;NA;81935;0;2020-07-05;136
2020-07-04;"Banskobystrický kraj";1;0;0;0;NA;81935;1;2020-07-04;136
2020-07-03;"Banskobystrický kraj";4;0;0;0;NA;81935;4;2020-07-03;135
2020-07-02;"Banskobystrický kraj";0;0;0;0;NA;81935;0;2020-07-02;131
2020-07-01;"Banskobystrický kraj";1;0;0;0;NA;81935;1;2020-07-01;131
2020-06-30;"Banskobystrický kraj";0;0;0;0;NA;81935;0;2020-06-30;130
2020-06-29;"Banskobystrický kraj";0;0;0;0;NA;81935;0;2020-06-29;130
2020-06-28;"Banskobystrický kraj";0;0;0;0;NA;81935;0;2020-06-28;130
2020-06-27;"Banskobystrický kraj";0;0;0;0;NA;81935;0;2020-06-27;130
2020-06-26;"Banskobystrický kraj";0;0;0;0;NA;81935;0;2020-06-26;130
2020-06-25;"Banskobystrický kraj";1;0;0;0;NA;81935;1;2020-06-25;130
2020-06-24;"Banskobystrický kraj";0;0;0;0;NA;81935;0;2020-06-24;129
2020-06-23;"Banskobystrický kraj";6;0;0;0;NA;81935;6;2020-06-23;129
2020-06-22;"Banskobystrický kraj";0;0;0;0;NA;81935;0;2020-06-22;123
2020-06-21;"Banskobystrický kraj";0;0;0;0;NA;81935;0;2020-06-21;123
2020-06-20;"Banskobystrický kraj";0;0;0;0;NA;81935;0;2020-06-20;123
2020-06-19;"Banskobystrický kraj";2;0;0;0;NA;81935;2;2020-06-19;123
2020-06-18;"Banskobystrický kraj";10;0;0;0;NA;81935;10;2020-06-18;121
2020-06-17;"Banskobystrický kraj";1;0;0;0;NA;81935;1;2020-06-17;111
2020-06-16;"Banskobystrický kraj";0;0;0;0;NA;81935;0;2020-06-16;110
2020-06-14;"Banskobystrický kraj";2;0;0;0;NA;81935;2;2020-06-14;110
2020-06-13;"Banskobystrický kraj";2;0;0;0;NA;81935;2;2020-06-13;108
2020-06-12;"Banskobystrický kraj";0;0;0;0;NA;81935;0;2020-06-12;106
2020-06-11;"Banskobystrický kraj";1;0;0;0;NA;81935;1;2020-06-11;106
2020-06-10;"Banskobystrický kraj";0;0;0;0;NA;81935;0;2020-06-10;105
2020-06-09;"Banskobystrický kraj";0;0;0;0;NA;81935;0;2020-06-09;105
2020-06-08;"Banskobystrický kraj";0;0;0;0;NA;81935;0;2020-06-08;105
2020-06-07;"Banskobystrický kraj";0;0;0;0;NA;81935;0;2020-06-07;105
2020-06-05;"Banskobystrický kraj";2;0;0;0;NA;81935;2;2020-06-05;105
2020-06-03;"Banskobystrický kraj";0;0;0;0;NA;81935;0;2020-06-03;103
2020-06-02;"Banskobystrický kraj";0;0;0;0;NA;81935;0;2020-06-02;103
2020-05-31;"Banskobystrický kraj";0;0;0;0;NA;81935;0;2020-05-31;103
2020-05-29;"Banskobystrický kraj";0;0;0;0;NA;81935;0;2020-05-29;103
2020-05-27;"Banskobystrický kraj";1;0;0;0;NA;81935;1;2020-05-27;103
2020-05-26;"Banskobystrický kraj";0;0;0;0;NA;81935;0;2020-05-26;102
2020-05-25;"Banskobystrický kraj";0;0;0;0;NA;81935;0;2020-05-25;102
2020-05-24;"Banskobystrický kraj";0;0;0;0;NA;81935;0;2020-05-24;102
2020-05-23;"Banskobystrický kraj";1;0;0;0;NA;81935;1;2020-05-23;102
2020-05-22;"Banskobystrický kraj";0;0;0;0;NA;81935;0;2020-05-22;101
2020-05-21;"Banskobystrický kraj";0;0;0;0;NA;81935;0;2020-05-21;101
2020-05-20;"Banskobystrický kraj";1;0;0;0;NA;81935;1;2020-05-20;101
2020-05-19;"Banskobystrický kraj";0;0;0;0;NA;81935;0;2020-05-19;100
2020-05-17;"Banskobystrický kraj";0;0;0;0;NA;81935;0;2020-05-17;100
2020-05-16;"Banskobystrický kraj";0;0;0;0;NA;81935;0;2020-05-16;100
2020-05-15;"Banskobystrický kraj";0;0;0;0;NA;81935;0;2020-05-15;100
2020-05-14;"Banskobystrický kraj";0;0;0;0;NA;81935;0;2020-05-14;100
2020-05-13;"Banskobystrický kraj";0;0;0;0;NA;81935;0;2020-05-13;100
2020-05-12;"Banskobystrický kraj";1;0;0;0;NA;81935;1;2020-05-12;100
2020-05-11;"Banskobystrický kraj";0;0;0;0;NA;81935;0;2020-05-11;99
2020-05-09;"Banskobystrický kraj";0;0;0;0;NA;81935;0;2020-05-09;99
2020-05-07;"Banskobystrický kraj";2;0;0;0;NA;81935;2;2020-05-07;99
2020-05-06;"Banskobystrický kraj";1;0;0;0;NA;81935;1;2020-05-06;97
2020-05-05;"Banskobystrický kraj";2;0;0;0;NA;81935;2;2020-05-05;96
2020-05-04;"Banskobystrický kraj";0;0;0;0;NA;81935;0;2020-05-04;94
2020-05-03;"Banskobystrický kraj";0;0;0;0;NA;81935;0;2020-05-03;94
2020-05-02;"Banskobystrický kraj";0;0;0;0;NA;81935;0;2020-05-02;94
2020-05-01;"Banskobystrický kraj";0;0;0;0;NA;81935;0;2020-05-01;94
2020-04-30;"Banskobystrický kraj";1;0;0;0;NA;81935;1;2020-04-30;94
2020-04-29;"Banskobystrický kraj";1;0;0;0;NA;81935;1;2020-04-29;93
2020-04-28;"Banskobystrický kraj";0;0;0;0;NA;81935;0;2020-04-28;92
2020-04-27;"Banskobystrický kraj";0;0;0;0;NA;81935;0;2020-04-27;92
2020-04-26;"Banskobystrický kraj";0;0;0;0;NA;81935;0;2020-04-26;92
2020-04-25;"Banskobystrický kraj";2;0;0;0;NA;81935;2;2020-04-25;92
2020-04-24;"Banskobystrický kraj";3;0;0;0;NA;81935;3;2020-04-24;90
2020-04-23;"Banskobystrický kraj";2;0;0;0;NA;81935;2;2020-04-23;87
2020-04-22;"Banskobystrický kraj";2;0;0;0;NA;81935;2;2020-04-22;85
2020-04-21;"Banskobystrický kraj";2;0;0;0;NA;81935;2;2020-04-21;83
2020-04-20;"Banskobystrický kraj";0;0;0;0;NA;81935;0;2020-04-20;81
2020-04-19;"Banskobystrický kraj";0;0;0;0;NA;81935;0;2020-04-19;81
2020-04-18;"Banskobystrický kraj";8;0;0;0;NA;81935;8;2020-04-18;81
2020-04-17;"Banskobystrický kraj";2;0;0;0;NA;81935;2;2020-04-17;73
2020-04-16;"Banskobystrický kraj";0;0;0;0;NA;81935;0;2020-04-16;71
2020-04-15;"Banskobystrický kraj";10;0;0;0;NA;81935;10;2020-04-15;71
2020-04-14;"Banskobystrický kraj";0;0;0;0;NA;81935;0;2020-04-14;61
2020-04-13;"Banskobystrický kraj";2;0;0;0;NA;81935;2;2020-04-13;61
2020-04-12;"Banskobystrický kraj";4;0;0;0;NA;81935;4;2020-04-12;59
2020-04-11;"Banskobystrický kraj";1;0;0;0;NA;81935;1;2020-04-11;55
2020-04-10;"Banskobystrický kraj";0;0;0;0;NA;81935;0;2020-04-10;54
2020-04-09;"Banskobystrický kraj";2;0;0;0;NA;81935;2;2020-04-09;54
2020-04-08;"Banskobystrický kraj";0;0;0;0;NA;81935;0;2020-04-08;52
2020-04-07;"Banskobystrický kraj";4;0;0;0;NA;81935;4;2020-04-07;52
2020-04-06;"Banskobystrický kraj";10;0;0;0;NA;81935;10;2020-04-06;48
2020-04-05;"Banskobystrický kraj";9;0;0;0;NA;81935;9;2020-04-05;38
2020-04-04;"Banskobystrický kraj";0;0;0;0;NA;81935;0;2020-04-04;29
2020-04-03;"Banskobystrický kraj";2;0;0;0;NA;81935;2;2020-04-03;29
2020-04-02;"Banskobystrický kraj";2;0;0;0;NA;81935;2;2020-04-02;27
2020-04-01;"Banskobystrický kraj";5;0;0;0;NA;81935;5;2020-04-01;25
2020-03-31;"Banskobystrický kraj";3;0;0;0;NA;81935;3;2020-03-31;20
2020-03-30;"Banskobystrický kraj";1;0;0;0;NA;81935;1;2020-03-30;17
2020-03-29;"Banskobystrický kraj";2;0;0;0;NA;81935;2;2020-03-29;16
2020-03-28;"Banskobystrický kraj";1;0;0;0;NA;81935;1;2020-03-28;14
2020-03-27;"Banskobystrický kraj";1;0;0;0;NA;81935;1;2020-03-27;13
2020-03-26;"Banskobystrický kraj";1;0;0;0;NA;81935;1;2020-03-26;12
2020-03-25;"Banskobystrický kraj";0;0;0;0;NA;81935;0;2020-03-25;11
2020-03-24;"Banskobystrický kraj";1;0;0;0;NA;81935;1;2020-03-24;11
2020-03-23;"Banskobystrický kraj";1;0;0;0;NA;81935;1;2020-03-23;10
2020-03-22;"Banskobystrický kraj";0;0;0;0;NA;81935;0;2020-03-22;9
2020-03-21;"Banskobystrický kraj";3;0;0;0;NA;81935;3;2020-03-21;9
2020-03-20;"Banskobystrický kraj";0;0;0;0;NA;81935;0;2020-03-20;6
2020-03-19;"Banskobystrický kraj";2;0;0;0;NA;81935;2;2020-03-19;6
2020-03-18;"Banskobystrický kraj";1;0;0;0;NA;81935;1;2020-03-18;4
2020-03-17;"Banskobystrický kraj";1;0;0;0;NA;81935;1;2020-03-17;3
2020-03-16;"Banskobystrický kraj";0;0;0;0;NA;81935;0;2020-03-16;2
2020-03-15;"Banskobystrický kraj";1;0;0;0;NA;81935;1;2020-03-15;2
2020-03-14;"Banskobystrický kraj";0;0;0;0;NA;81935;0;2020-03-14;1
2020-03-13;"Banskobystrický kraj";1;0;0;0;NA;81935;1;2020-03-13;1
2020-03-12;"Banskobystrický kraj";0;0;0;0;NA;81935;0;2020-03-12;0
2020-03-11;"Banskobystrický kraj";0;0;0;0;NA;81935;0;2020-03-11;0
2020-03-09;"Banskobystrický kraj";0;0;0;0;NA;81935;0;2020-03-09;0
2020-03-08;"Banskobystrický kraj";0;0;0;0;NA;81935;0;2020-03-08;0
2020-03-07;"Banskobystrický kraj";0;0;0;0;NA;81935;0;2020-03-07;0
2020-03-06;"Banskobystrický kraj";0;0;0;0;NA;81935;0;2020-03-06;0
2021-06-14;"Bratislavský kraj";4;7845;9;7854;44306;89737;13;2021-06-14;89737
2021-06-13;"Bratislavský kraj";2;8677;10;8687;NA;89737;12;2021-06-13;89724
2021-06-12;"Bratislavský kraj";4;10609;11;10620;NA;89737;15;2021-06-12;89712
2021-06-11;"Bratislavský kraj";9;13336;21;13357;NA;89737;30;2021-06-11;89697
2021-06-10;"Bratislavský kraj";12;8511;15;8526;NA;89737;27;2021-06-10;89667
2021-06-09;"Bratislavský kraj";12;7575;12;7587;NA;89737;24;2021-06-09;89640
2021-06-08;"Bratislavský kraj";13;7616;29;7645;NA;89737;42;2021-06-08;89616
2021-06-07;"Bratislavský kraj";13;9101;43;9144;NA;89737;56;2021-06-07;89574
2021-06-06;"Bratislavský kraj";3;10213;20;10233;NA;89737;23;2021-06-06;89518
2021-06-05;"Bratislavský kraj";2;11993;15;12008;NA;89737;17;2021-06-05;89495
2021-06-04;"Bratislavský kraj";10;13556;29;13585;NA;89737;39;2021-06-04;89478
2021-06-03;"Bratislavský kraj";12;9451;19;9470;NA;89737;31;2021-06-03;89439
2021-06-02;"Bratislavský kraj";10;8684;17;8701;NA;89737;27;2021-06-02;89408
2021-06-01;"Bratislavský kraj";3;8540;25;8565;NA;89737;28;2021-06-01;89381
2021-05-31;"Bratislavský kraj";18;11120;32;11152;NA;89737;50;2021-05-31;89353
2021-05-30;"Bratislavský kraj";1;11608;16;11624;NA;89737;17;2021-05-30;89303
2021-05-29;"Bratislavský kraj";4;11829;8;11837;NA;89737;12;2021-05-29;89286
2021-05-28;"Bratislavský kraj";14;15498;22;15520;NA;89737;36;2021-05-28;89274
2021-05-27;"Bratislavský kraj";5;11196;18;11214;NA;89737;23;2021-05-27;89238
2021-05-26;"Bratislavský kraj";20;10653;17;10670;NA;89737;37;2021-05-26;89215
2021-05-25;"Bratislavský kraj";19;11338;31;11369;NA;89737;50;2021-05-25;89178
2021-05-24;"Bratislavský kraj";12;12965;23;12988;NA;89737;35;2021-05-24;89128
2021-05-23;"Bratislavský kraj";7;12858;24;12882;NA;89737;31;2021-05-23;89093
2021-05-22;"Bratislavský kraj";6;13522;21;13543;NA;89737;27;2021-05-22;89062
2021-05-21;"Bratislavský kraj";15;18645;22;18667;NA;89737;37;2021-05-21;89035
2021-05-20;"Bratislavský kraj";15;13718;17;13735;NA;89737;32;2021-05-20;88998
2021-05-19;"Bratislavský kraj";21;11760;24;11784;NA;89737;45;2021-05-19;88966
2021-05-18;"Bratislavský kraj";14;12748;32;12780;NA;89737;46;2021-05-18;88921
2021-05-17;"Bratislavský kraj";15;13750;29;13779;NA;89737;44;2021-05-17;88875
2021-05-16;"Bratislavský kraj";12;19549;32;19581;NA;89737;44;2021-05-16;88831
2021-05-15;"Bratislavský kraj";1;17469;30;17499;NA;89737;31;2021-05-15;88787
2021-05-14;"Bratislavský kraj";15;21841;30;21871;NA;89737;45;2021-05-14;88756
2021-05-13;"Bratislavský kraj";9;15952;17;15969;NA;89737;26;2021-05-13;88711
2021-05-12;"Bratislavský kraj";11;14413;28;14441;NA;89737;39;2021-05-12;88685
2021-05-11;"Bratislavský kraj";29;16490;31;16521;NA;89737;60;2021-05-11;88646
2021-05-10;"Bratislavský kraj";27;19747;64;19811;NA;89737;91;2021-05-10;88586
2021-05-09;"Bratislavský kraj";9;29162;32;29194;NA;89737;41;2021-05-09;88495
2021-05-08;"Bratislavský kraj";5;19014;24;19038;NA;89737;29;2021-05-08;88454
2021-05-07;"Bratislavský kraj";32;27516;64;27580;NA;89737;96;2021-05-07;88425
2021-05-06;"Bratislavský kraj";19;20079;52;20131;NA;89737;71;2021-05-06;88329
2021-05-05;"Bratislavský kraj";29;15368;29;15397;NA;89737;58;2021-05-05;88258
2021-05-04;"Bratislavský kraj";46;18910;53;18963;NA;89737;99;2021-05-04;88200
2021-05-03;"Bratislavský kraj";37;22180;64;22244;NA;89737;101;2021-05-03;88101
2021-05-02;"Bratislavský kraj";38;43064;75;43139;NA;89737;113;2021-05-02;88000
2021-05-01;"Bratislavský kraj";11;39905;40;39945;NA;89737;51;2021-05-01;87887
2021-04-30;"Bratislavský kraj";43;46706;82;46788;NA;89737;125;2021-04-30;87836
2021-04-29;"Bratislavský kraj";48;30015;94;30109;NA;89737;142;2021-04-29;87711
2021-04-28;"Bratislavský kraj";40;28408;76;28484;NA;89737;116;2021-04-28;87569
2021-04-27;"Bratislavský kraj";41;29922;52;29974;NA;89737;93;2021-04-27;87453
2021-04-26;"Bratislavský kraj";59;34519;96;34615;NA;89737;155;2021-04-26;87360
2021-04-25;"Bratislavský kraj";8;57615;74;57689;NA;89737;82;2021-04-25;87205
2021-04-24;"Bratislavský kraj";28;74254;66;74320;NA;89737;94;2021-04-24;87123
2021-04-23;"Bratislavský kraj";70;47937;61;47998;NA;89737;131;2021-04-23;87029
2021-04-22;"Bratislavský kraj";39;30816;72;30888;NA;89737;111;2021-04-22;86898
2021-04-21;"Bratislavský kraj";48;30099;62;30161;NA;89737;110;2021-04-21;86787
2021-04-20;"Bratislavský kraj";58;34760;63;34823;NA;89737;121;2021-04-20;86677
2021-04-19;"Bratislavský kraj";48;39305;80;39385;NA;89737;128;2021-04-19;86556
2021-04-18;"Bratislavský kraj";35;62300;76;62376;NA;89737;111;2021-04-18;86428
2021-04-17;"Bratislavský kraj";13;79656;111;79767;NA;89737;124;2021-04-17;86317
2021-04-16;"Bratislavský kraj";62;46723;80;46803;NA;89737;142;2021-04-16;86193
2021-04-15;"Bratislavský kraj";34;31695;74;31769;NA;89737;108;2021-04-15;86051
2021-04-14;"Bratislavský kraj";65;33494;88;33582;NA;89737;153;2021-04-14;85943
2021-04-13;"Bratislavský kraj";82;35032;82;35114;NA;89737;164;2021-04-13;85790
2021-04-12;"Bratislavský kraj";77;42034;115;42149;NA;89737;192;2021-04-12;85626
2021-04-11;"Bratislavský kraj";42;61151;123;61274;NA;89737;165;2021-04-11;85434
2021-04-10;"Bratislavský kraj";14;77167;167;77334;NA;89737;181;2021-04-10;85269
2021-04-09;"Bratislavský kraj";72;41034;97;41131;NA;89737;169;2021-04-09;85088
2021-04-08;"Bratislavský kraj";71;28475;93;28568;NA;89737;164;2021-04-08;84919
2021-04-07;"Bratislavský kraj";96;37570;101;37671;NA;89737;197;2021-04-07;84755
2021-04-06;"Bratislavský kraj";94;55523;175;55698;NA;89737;269;2021-04-06;84558
2021-04-05;"Bratislavský kraj";85;18380;85;18465;NA;89737;170;2021-04-05;84289
2021-04-04;"Bratislavský kraj";37;29225;75;29300;NA;89737;112;2021-04-04;84119
2021-04-03;"Bratislavský kraj";52;79082;220;79302;NA;89737;272;2021-04-03;84007
2021-04-02;"Bratislavský kraj";33;23790;104;23894;NA;89737;137;2021-04-02;83735
2021-04-01;"Bratislavský kraj";119;56653;158;56811;NA;89737;277;2021-04-01;83598
2021-03-31;"Bratislavský kraj";105;45689;149;45838;NA;89737;254;2021-03-31;83321
2021-03-30;"Bratislavský kraj";100;39010;142;39152;NA;89737;242;2021-03-30;83067
2021-03-29;"Bratislavský kraj";153;40124;178;40302;NA;89737;331;2021-03-29;82825
2021-03-28;"Bratislavský kraj";59;53372;137;53509;NA;89737;196;2021-03-28;82494
2021-03-27;"Bratislavský kraj";53;79160;239;79399;NA;89737;292;2021-03-27;82298
2021-03-26;"Bratislavský kraj";114;55513;190;55703;NA;89737;304;2021-03-26;82006
2021-03-25;"Bratislavský kraj";76;36300;170;36470;NA;89737;246;2021-03-25;81702
2021-03-24;"Bratislavský kraj";120;30184;200;30384;NA;89737;320;2021-03-24;81456
2021-03-23;"Bratislavský kraj";138;36029;189;36218;NA;89737;327;2021-03-23;81136
2021-03-22;"Bratislavský kraj";110;42516;218;42734;NA;89737;328;2021-03-22;80809
2021-03-21;"Bratislavský kraj";54;61299;212;61511;NA;89737;266;2021-03-21;80481
2021-03-20;"Bratislavský kraj";59;72630;228;72858;NA;89737;287;2021-03-20;80215
2021-03-19;"Bratislavský kraj";139;53952;255;54207;NA;89737;394;2021-03-19;79928
2021-03-18;"Bratislavský kraj";142;34057;190;34247;NA;89737;332;2021-03-18;79534
2021-03-17;"Bratislavský kraj";177;30179;215;30394;NA;89737;392;2021-03-17;79202
2021-03-16;"Bratislavský kraj";258;36425;282;36707;NA;89737;540;2021-03-16;78810
2021-03-15;"Bratislavský kraj";180;38089;252;38341;NA;89737;432;2021-03-15;78270
2021-03-14;"Bratislavský kraj";75;52609;275;52884;NA;89737;350;2021-03-14;77838
2021-03-13;"Bratislavský kraj";110;79741;329;80070;NA;89737;439;2021-03-13;77488
2021-03-12;"Bratislavský kraj";152;54534;301;54835;NA;89737;453;2021-03-12;77049
2021-03-11;"Bratislavský kraj";178;34290;281;34571;NA;89737;459;2021-03-11;76596
2021-03-10;"Bratislavský kraj";164;30828;273;31101;NA;89737;437;2021-03-10;76137
2021-03-09;"Bratislavský kraj";242;37798;267;38065;NA;89737;509;2021-03-09;75700
2021-03-08;"Bratislavský kraj";255;40722;343;41065;NA;89737;598;2021-03-08;75191
2021-03-07;"Bratislavský kraj";142;52812;301;53113;NA;89737;443;2021-03-07;74593
2021-03-06;"Bratislavský kraj";79;71410;412;71822;NA;89737;491;2021-03-06;74150
2021-03-05;"Bratislavský kraj";238;50484;292;50776;NA;89737;530;2021-03-05;73659
2021-03-04;"Bratislavský kraj";204;34544;344;34888;NA;89737;548;2021-03-04;73129
2021-03-03;"Bratislavský kraj";250;30525;364;30889;NA;89737;614;2021-03-03;72581
2021-03-02;"Bratislavský kraj";267;39735;388;40123;NA;89737;655;2021-03-02;71967
2021-03-01;"Bratislavský kraj";320;38222;432;38654;NA;89737;752;2021-03-01;71312
2021-02-28;"Bratislavský kraj";184;50323;323;50646;NA;89737;507;2021-02-28;70560
2021-02-27;"Bratislavský kraj";151;76580;464;77044;NA;89737;615;2021-02-27;70053
2021-02-26;"Bratislavský kraj";277;47265;400;47665;NA;89737;677;2021-02-26;69438
2021-02-25;"Bratislavský kraj";277;28769;405;29174;NA;89737;682;2021-02-25;68761
2021-02-24;"Bratislavský kraj";217;27095;412;27507;NA;89737;629;2021-02-24;68079
2021-02-23;"Bratislavský kraj";257;31297;395;31692;NA;89737;652;2021-02-23;67450
2021-02-22;"Bratislavský kraj";353;36454;480;36934;NA;89737;833;2021-02-22;66798
2021-02-21;"Bratislavský kraj";185;54150;396;54546;NA;89737;581;2021-02-21;65965
2021-02-20;"Bratislavský kraj";167;74787;550;75337;NA;89737;717;2021-02-20;65384
2021-02-19;"Bratislavský kraj";280;44871;415;45286;NA;89737;695;2021-02-19;64667
2021-02-18;"Bratislavský kraj";263;26377;371;26748;NA;89737;634;2021-02-18;63972
2021-02-17;"Bratislavský kraj";264;22815;316;23131;NA;89737;580;2021-02-17;63338
2021-02-16;"Bratislavský kraj";289;28265;354;28619;NA;89737;643;2021-02-16;62758
2021-02-15;"Bratislavský kraj";248;36893;396;37289;NA;89737;644;2021-02-15;62115
2021-02-14;"Bratislavský kraj";153;47948;323;48271;NA;89737;476;2021-02-14;61471
2021-02-13;"Bratislavský kraj";173;68589;515;69104;NA;89737;688;2021-02-13;60995
2021-02-12;"Bratislavský kraj";282;35729;327;36056;NA;89737;609;2021-02-12;60307
2021-02-11;"Bratislavský kraj";337;24542;285;24827;NA;89737;622;2021-02-11;59698
2021-02-10;"Bratislavský kraj";314;23120;359;23479;NA;89737;673;2021-02-10;59076
2021-02-09;"Bratislavský kraj";287;36565;454;37019;NA;89737;741;2021-02-09;58403
2021-02-08;"Bratislavský kraj";484;31866;397;32263;NA;89737;881;2021-02-08;57662
2021-02-07;"Bratislavský kraj";243;51290;425;51715;NA;89737;668;2021-02-07;56781
2021-02-06;"Bratislavský kraj";116;62602;508;63110;NA;89737;624;2021-02-06;56113
2021-02-05;"Bratislavský kraj";327;27033;375;27408;NA;89737;702;2021-02-05;55489
2021-02-04;"Bratislavský kraj";555;17260;348;17608;NA;89737;903;2021-02-04;54787
2021-02-03;"Bratislavský kraj";161;13057;351;13408;NA;89737;512;2021-02-03;53884
2021-02-02;"Bratislavský kraj";397;25945;480;26425;NA;89737;877;2021-02-02;53372
2021-02-01;"Bratislavský kraj";221;35536;513;36049;NA;89737;734;2021-02-01;52495
2021-01-31;"Bratislavský kraj";180;35693;425;36118;NA;89737;605;2021-01-31;51761
2021-01-30;"Bratislavský kraj";310;49588;521;50109;NA;89737;831;2021-01-30;51156
2021-01-29;"Bratislavský kraj";344;16568;344;16912;NA;89737;688;2021-01-29;50325
2021-01-28;"Bratislavský kraj";307;10710;297;11007;NA;89737;604;2021-01-28;49637
2021-01-27;"Bratislavský kraj";336;22217;345;22562;NA;89737;681;2021-01-27;49033
2021-01-26;"Bratislavský kraj";297;22218;308;22526;NA;89737;605;2021-01-26;48352
2021-01-25;"Bratislavský kraj";356;23257;249;23506;NA;89737;605;2021-01-25;47747
2021-01-24;"Bratislavský kraj";175;37903;404;38307;NA;89737;579;2021-01-24;47142
2021-01-23;"Bratislavský kraj";396;79447;690;80137;NA;89737;1086;2021-01-23;46563
2021-01-22;"Bratislavský kraj";199;42028;365;42393;NA;89737;564;2021-01-22;45477
2021-01-21;"Bratislavský kraj";255;105732;1317;107049;NA;89737;1572;2021-01-21;44913
2021-01-20;"Bratislavský kraj";360;27252;450;27702;NA;89737;810;2021-01-20;43341
2021-01-19;"Bratislavský kraj";375;15309;346;15655;NA;89737;721;2021-01-19;42531
2021-01-18;"Bratislavský kraj";357;12533;707;13240;NA;89737;1064;2021-01-18;41810
2021-01-17;"Bratislavský kraj";244;482;26;508;NA;89737;270;2021-01-17;40746
2021-01-16;"Bratislavský kraj";70;3016;156;3172;NA;89737;226;2021-01-16;40476
2021-01-15;"Bratislavský kraj";251;7896;256;8152;NA;89737;507;2021-01-15;40250
2021-01-14;"Bratislavský kraj";363;8511;273;8784;NA;89737;636;2021-01-14;39743
2021-01-13;"Bratislavský kraj";336;8540;329;8869;NA;89737;665;2021-01-13;39107
2021-01-12;"Bratislavský kraj";450;10761;464;11225;NA;89737;914;2021-01-12;38442
2021-01-11;"Bratislavský kraj";397;20108;380;20488;NA;89737;777;2021-01-11;37528
2021-01-10;"Bratislavský kraj";252;1507;79;1586;NA;89737;331;2021-01-10;36751
2021-01-09;"Bratislavský kraj";351;5005;291;5296;NA;89737;642;2021-01-09;36420
2021-01-08;"Bratislavský kraj";556;10045;436;10481;NA;89737;992;2021-01-08;35778
2021-01-07;"Bratislavský kraj";537;7725;412;8137;NA;89737;949;2021-01-07;34786
2021-01-06;"Bratislavský kraj";271;3329;216;3545;NA;89737;487;2021-01-06;33837
2021-01-05;"Bratislavský kraj";619;10981;844;11825;NA;89737;1463;2021-01-05;33350
2021-01-04;"Bratislavský kraj";601;8494;606;9100;NA;89737;1207;2021-01-04;31887
2021-01-03;"Bratislavský kraj";77;433;41;474;NA;89737;118;2021-01-03;30680
2021-01-02;"Bratislavský kraj";185;462;57;519;NA;89737;242;2021-01-02;30562
2021-01-01;"Bratislavský kraj";235;3277;131;3408;NA;89737;366;2021-01-01;30320
2020-12-31;"Bratislavský kraj";925;14685;563;15248;NA;89737;1488;2020-12-31;29954
2020-12-30;"Bratislavský kraj";650;9823;554;10377;NA;89737;1204;2020-12-30;28466
2020-12-29;"Bratislavský kraj";303;10887;776;11663;NA;89737;1079;2020-12-29;27262
2020-12-28;"Bratislavský kraj";255;8447;560;9007;NA;89737;815;2020-12-28;26183
2020-12-27;"Bratislavský kraj";160;709;76;785;NA;89737;236;2020-12-27;25368
2020-12-26;"Bratislavský kraj";75;480;27;507;NA;89737;102;2020-12-26;25132
2020-12-25;"Bratislavský kraj";114;503;38;541;NA;89737;152;2020-12-25;25030
2020-12-24;"Bratislavský kraj";536;3461;102;3563;NA;89737;638;2020-12-24;24878
2020-12-23;"Bratislavský kraj";416;13293;500;13793;NA;89737;916;2020-12-23;24240
2020-12-22;"Bratislavský kraj";327;15783;772;16555;NA;89737;1099;2020-12-22;23324
2020-12-21;"Bratislavský kraj";392;15669;2007;17676;NA;89737;2399;2020-12-21;22225
2020-12-20;"Bratislavský kraj";180;775;54;829;NA;89737;234;2020-12-20;19826
2020-12-19;"Bratislavský kraj";396;3314;130;3444;NA;89737;526;2020-12-19;19592
2020-12-18;"Bratislavský kraj";306;10735;401;11136;NA;89737;707;2020-12-18;19066
2020-12-17;"Bratislavský kraj";502;10270;412;10682;NA;89737;914;2020-12-17;18359
2020-12-16;"Bratislavský kraj";282;10772;452;11224;NA;89737;734;2020-12-16;17445
2020-12-15;"Bratislavský kraj";423;10916;479;11395;NA;89737;902;2020-12-15;16711
2020-12-14;"Bratislavský kraj";279;7198;293;7491;NA;89737;572;2020-12-14;15809
2020-12-13;"Bratislavský kraj";125;139;10;149;NA;89737;135;2020-12-13;15237
2020-12-12;"Bratislavský kraj";361;3886;157;4043;NA;89737;518;2020-12-12;15102
2020-12-11;"Bratislavský kraj";326;7344;289;7633;NA;89737;615;2020-12-11;14584
2020-12-10;"Bratislavský kraj";286;5823;209;6032;NA;89737;495;2020-12-10;13969
2020-12-09;"Bratislavský kraj";382;4795;178;4973;NA;89737;560;2020-12-09;13474
2020-12-08;"Bratislavský kraj";234;6243;207;6450;NA;89737;441;2020-12-08;12914
2020-12-07;"Bratislavský kraj";272;4639;152;4791;NA;89737;424;2020-12-07;12473
2020-12-06;"Bratislavský kraj";61;1625;52;1677;NA;89737;113;2020-12-06;12049
2020-12-05;"Bratislavský kraj";266;2221;41;2262;NA;89737;307;2020-12-05;11936
2020-12-04;"Bratislavský kraj";200;4954;99;5053;NA;89737;299;2020-12-04;11629
2020-12-03;"Bratislavský kraj";213;5672;95;5767;NA;89737;308;2020-12-03;11330
2020-12-02;"Bratislavský kraj";205;3462;103;3565;NA;89737;308;2020-12-02;11022
2020-12-01;"Bratislavský kraj";255;3889;172;4061;NA;89737;427;2020-12-01;10714
2020-11-30;"Bratislavský kraj";152;2153;121;2274;NA;89737;273;2020-11-30;10287
2020-11-29;"Bratislavský kraj";52;8;0;8;NA;89737;52;2020-11-29;10014
2020-11-28;"Bratislavský kraj";232;13;0;13;NA;89737;232;2020-11-28;9962
2020-11-27;"Bratislavský kraj";54;253;8;261;NA;89737;62;2020-11-27;9730
2020-11-26;"Bratislavský kraj";129;126;7;133;NA;89737;136;2020-11-26;9668
2020-11-25;"Bratislavský kraj";140;110;7;117;NA;89737;147;2020-11-25;9532
2020-11-24;"Bratislavský kraj";81;0;0;0;NA;89737;81;2020-11-24;9385
2020-11-23;"Bratislavský kraj";67;6;0;6;NA;89737;67;2020-11-23;9304
2020-11-22;"Bratislavský kraj";36;0;0;0;NA;89737;36;2020-11-22;9237
2020-11-21;"Bratislavský kraj";109;0;0;0;NA;89737;109;2020-11-21;9201
2020-11-20;"Bratislavský kraj";118;7;0;7;NA;89737;118;2020-11-20;9092
2020-11-19;"Bratislavský kraj";173;0;0;0;NA;89737;173;2020-11-19;8974
2020-11-18;"Bratislavský kraj";118;0;0;0;NA;89737;118;2020-11-18;8801
2020-11-17;"Bratislavský kraj";108;0;0;0;NA;89737;108;2020-11-17;8683
2020-11-16;"Bratislavský kraj";82;0;0;0;NA;89737;82;2020-11-16;8575
2020-11-15;"Bratislavský kraj";47;0;0;0;NA;89737;47;2020-11-15;8493
2020-11-14;"Bratislavský kraj";53;0;0;0;NA;89737;53;2020-11-14;8446
2020-11-13;"Bratislavský kraj";94;0;0;0;NA;89737;94;2020-11-13;8393
2020-11-12;"Bratislavský kraj";141;0;0;0;NA;89737;141;2020-11-12;8299
2020-11-11;"Bratislavský kraj";159;0;0;0;NA;89737;159;2020-11-11;8158
2020-11-10;"Bratislavský kraj";136;0;0;0;NA;89737;136;2020-11-10;7999
2020-11-09;"Bratislavský kraj";70;7;0;7;NA;89737;70;2020-11-09;7863
2020-11-08;"Bratislavský kraj";82;0;0;0;NA;89737;82;2020-11-08;7793
2020-11-07;"Bratislavský kraj";88;0;0;0;NA;89737;88;2020-11-07;7711
2020-11-06;"Bratislavský kraj";281;0;0;0;NA;89737;281;2020-11-06;7623
2020-11-05;"Bratislavský kraj";175;0;0;0;NA;89737;175;2020-11-05;7342
2020-11-04;"Bratislavský kraj";65;0;0;0;NA;89737;65;2020-11-04;7167
2020-11-03;"Bratislavský kraj";251;4;0;4;NA;89737;251;2020-11-03;7102
2020-11-02;"Bratislavský kraj";202;0;0;0;NA;89737;202;2020-11-02;6851
2020-11-01;"Bratislavský kraj";227;0;0;0;NA;89737;227;2020-11-01;6649
2020-10-31;"Bratislavský kraj";173;0;0;0;NA;89737;173;2020-10-31;6422
2020-10-30;"Bratislavský kraj";158;0;0;0;NA;89737;158;2020-10-30;6249
2020-10-29;"Bratislavský kraj";262;0;0;0;NA;89737;262;2020-10-29;6091
2020-10-28;"Bratislavský kraj";220;0;0;0;NA;89737;220;2020-10-28;5829
2020-10-27;"Bratislavský kraj";256;0;0;0;NA;89737;256;2020-10-27;5609
2020-10-26;"Bratislavský kraj";123;0;0;0;NA;89737;123;2020-10-26;5353
2020-10-25;"Bratislavský kraj";152;0;0;0;NA;89737;152;2020-10-25;5230
2020-10-24;"Bratislavský kraj";170;0;0;0;NA;89737;170;2020-10-24;5078
2020-10-23;"Bratislavský kraj";151;0;0;0;NA;89737;151;2020-10-23;4908
2020-10-22;"Bratislavský kraj";192;0;0;0;NA;89737;192;2020-10-22;4757
2020-10-21;"Bratislavský kraj";66;0;0;0;NA;89737;66;2020-10-21;4565
2020-10-20;"Bratislavský kraj";183;0;0;0;NA;89737;183;2020-10-20;4499
2020-10-19;"Bratislavský kraj";148;0;0;0;NA;89737;148;2020-10-19;4316
2020-10-18;"Bratislavský kraj";75;0;0;0;NA;89737;75;2020-10-18;4168
2020-10-17;"Bratislavský kraj";136;0;0;0;NA;89737;136;2020-10-17;4093
2020-10-16;"Bratislavský kraj";103;0;0;0;NA;89737;103;2020-10-16;3957
2020-10-15;"Bratislavský kraj";135;0;0;0;NA;89737;135;2020-10-15;3854
2020-10-14;"Bratislavský kraj";127;0;0;0;NA;89737;127;2020-10-14;3719
2020-10-13;"Bratislavský kraj";86;0;0;0;NA;89737;86;2020-10-13;3592
2020-10-12;"Bratislavský kraj";46;0;0;0;NA;89737;46;2020-10-12;3506
2020-10-11;"Bratislavský kraj";80;0;0;0;NA;89737;80;2020-10-11;3460
2020-10-10;"Bratislavský kraj";55;0;0;0;NA;89737;55;2020-10-10;3380
2020-10-09;"Bratislavský kraj";148;0;0;0;NA;89737;148;2020-10-09;3325
2020-10-08;"Bratislavský kraj";100;0;0;0;NA;89737;100;2020-10-08;3177
2020-10-07;"Bratislavský kraj";107;0;0;0;NA;89737;107;2020-10-07;3077
2020-10-06;"Bratislavský kraj";108;0;0;0;NA;89737;108;2020-10-06;2970
2020-10-05;"Bratislavský kraj";30;0;0;0;NA;89737;30;2020-10-05;2862
2020-10-04;"Bratislavský kraj";49;0;0;0;NA;89737;49;2020-10-04;2832
2020-10-03;"Bratislavský kraj";82;0;0;0;NA;89737;82;2020-10-03;2783
2020-10-02;"Bratislavský kraj";101;0;0;0;NA;89737;101;2020-10-02;2701
2020-10-01;"Bratislavský kraj";72;0;0;0;NA;89737;72;2020-10-01;2600
2020-09-30;"Bratislavský kraj";91;0;0;0;NA;89737;91;2020-09-30;2528
2020-09-29;"Bratislavský kraj";74;0;0;0;NA;89737;74;2020-09-29;2437
2020-09-28;"Bratislavský kraj";29;0;0;0;NA;89737;29;2020-09-28;2363
2020-09-27;"Bratislavský kraj";48;0;0;0;NA;89737;48;2020-09-27;2334
2020-09-26;"Bratislavský kraj";86;0;0;0;NA;89737;86;2020-09-26;2286
2020-09-25;"Bratislavský kraj";97;0;0;0;NA;89737;97;2020-09-25;2200
2020-09-24;"Bratislavský kraj";73;0;0;0;NA;89737;73;2020-09-24;2103
2020-09-23;"Bratislavský kraj";55;0;0;0;NA;89737;55;2020-09-23;2030
2020-09-22;"Bratislavský kraj";81;0;0;0;NA;89737;81;2020-09-22;1975
2020-09-21;"Bratislavský kraj";32;0;0;0;NA;89737;32;2020-09-21;1894
2020-09-20;"Bratislavský kraj";25;0;0;0;NA;89737;25;2020-09-20;1862
2020-09-19;"Bratislavský kraj";59;0;0;0;NA;89737;59;2020-09-19;1837
2020-09-18;"Bratislavský kraj";42;0;0;0;NA;89737;42;2020-09-18;1778
2020-09-17;"Bratislavský kraj";52;0;0;0;NA;89737;52;2020-09-17;1736
2020-09-16;"Bratislavský kraj";32;0;0;0;NA;89737;32;2020-09-16;1684
2020-09-15;"Bratislavský kraj";26;0;0;0;NA;89737;26;2020-09-15;1652
2020-09-14;"Bratislavský kraj";24;0;0;0;NA;89737;24;2020-09-14;1626
2020-09-13;"Bratislavský kraj";11;0;0;0;NA;89737;11;2020-09-13;1602
2020-09-12;"Bratislavský kraj";24;0;0;0;NA;89737;24;2020-09-12;1591
2020-09-11;"Bratislavský kraj";50;0;0;0;NA;89737;50;2020-09-11;1567
2020-09-10;"Bratislavský kraj";47;0;0;0;NA;89737;47;2020-09-10;1517
2020-09-09;"Bratislavský kraj";40;0;0;0;NA;89737;40;2020-09-09;1470
2020-09-08;"Bratislavský kraj";58;0;0;0;NA;89737;58;2020-09-08;1430
2020-09-07;"Bratislavský kraj";39;0;0;0;NA;89737;39;2020-09-07;1372
2020-09-06;"Bratislavský kraj";11;0;0;0;NA;89737;11;2020-09-06;1333
2020-09-05;"Bratislavský kraj";37;0;0;0;NA;89737;37;2020-09-05;1322
2020-09-04;"Bratislavský kraj";87;0;0;0;NA;89737;87;2020-09-04;1285
2020-09-03;"Bratislavský kraj";51;0;0;0;NA;89737;51;2020-09-03;1198
2020-09-02;"Bratislavský kraj";50;0;0;0;NA;89737;50;2020-09-02;1147
2020-09-01;"Bratislavský kraj";16;0;0;0;NA;89737;16;2020-09-01;1097
2020-08-31;"Bratislavský kraj";19;0;0;0;NA;89737;19;2020-08-31;1081
2020-08-30;"Bratislavský kraj";9;0;0;0;NA;89737;9;2020-08-30;1062
2020-08-29;"Bratislavský kraj";12;0;0;0;NA;89737;12;2020-08-29;1053
2020-08-28;"Bratislavský kraj";35;0;0;0;NA;89737;35;2020-08-28;1041
2020-08-27;"Bratislavský kraj";33;0;0;0;NA;89737;33;2020-08-27;1006
2020-08-26;"Bratislavský kraj";27;0;0;0;NA;89737;27;2020-08-26;973
2020-08-25;"Bratislavský kraj";29;0;0;0;NA;89737;29;2020-08-25;946
2020-08-24;"Bratislavský kraj";6;0;0;0;NA;89737;6;2020-08-24;917
2020-08-23;"Bratislavský kraj";45;0;0;0;NA;89737;45;2020-08-23;911
2020-08-22;"Bratislavský kraj";13;0;0;0;NA;89737;13;2020-08-22;866
2020-08-21;"Bratislavský kraj";46;0;0;0;NA;89737;46;2020-08-21;853
2020-08-20;"Bratislavský kraj";41;0;0;0;NA;89737;41;2020-08-20;807
2020-08-19;"Bratislavský kraj";27;0;0;0;NA;89737;27;2020-08-19;766
2020-08-18;"Bratislavský kraj";47;0;0;0;NA;89737;47;2020-08-18;739
2020-08-17;"Bratislavský kraj";2;0;0;0;NA;89737;2;2020-08-17;692
2020-08-16;"Bratislavský kraj";3;0;0;0;NA;89737;3;2020-08-16;690
2020-08-15;"Bratislavský kraj";18;0;0;0;NA;89737;18;2020-08-15;687
2020-08-14;"Bratislavský kraj";16;0;0;0;NA;89737;16;2020-08-14;669
2020-08-13;"Bratislavský kraj";12;0;0;0;NA;89737;12;2020-08-13;653
2020-08-12;"Bratislavský kraj";10;0;0;0;NA;89737;10;2020-08-12;641
2020-08-11;"Bratislavský kraj";23;0;0;0;NA;89737;23;2020-08-11;631
2020-08-10;"Bratislavský kraj";2;0;0;0;NA;89737;2;2020-08-10;608
2020-08-09;"Bratislavský kraj";2;0;0;0;NA;89737;2;2020-08-09;606
2020-08-08;"Bratislavský kraj";1;0;0;0;NA;89737;1;2020-08-08;604
2020-08-07;"Bratislavský kraj";9;0;0;0;NA;89737;9;2020-08-07;603
2020-08-06;"Bratislavský kraj";15;0;0;0;NA;89737;15;2020-08-06;594
2020-08-05;"Bratislavský kraj";11;0;0;0;NA;89737;11;2020-08-05;579
2020-08-04;"Bratislavský kraj";21;0;0;0;NA;89737;21;2020-08-04;568
2020-08-03;"Bratislavský kraj";7;0;0;0;NA;89737;7;2020-08-03;547
2020-08-02;"Bratislavský kraj";0;0;0;0;NA;89737;0;2020-08-02;540
2020-08-01;"Bratislavský kraj";0;0;0;0;NA;89737;0;2020-08-01;540
2020-07-31;"Bratislavský kraj";14;0;0;0;NA;89737;14;2020-07-31;540
2020-07-30;"Bratislavský kraj";6;0;0;0;NA;89737;6;2020-07-30;526
2020-07-29;"Bratislavský kraj";7;0;0;0;NA;89737;7;2020-07-29;520
2020-07-28;"Bratislavský kraj";14;0;0;0;NA;89737;14;2020-07-28;513
2020-07-27;"Bratislavský kraj";3;0;0;0;NA;89737;3;2020-07-27;499
2020-07-26;"Bratislavský kraj";0;0;0;0;NA;89737;0;2020-07-26;496
2020-07-25;"Bratislavský kraj";8;0;0;0;NA;89737;8;2020-07-25;496
2020-07-24;"Bratislavský kraj";2;0;0;0;NA;89737;2;2020-07-24;488
2020-07-23;"Bratislavský kraj";8;0;0;0;NA;89737;8;2020-07-23;486
2020-07-22;"Bratislavský kraj";11;0;0;0;NA;89737;11;2020-07-22;478
2020-07-21;"Bratislavský kraj";8;0;0;0;NA;89737;8;2020-07-21;467
2020-07-20;"Bratislavský kraj";12;0;0;0;NA;89737;12;2020-07-20;459
2020-07-19;"Bratislavský kraj";0;0;0;0;NA;89737;0;2020-07-19;447
2020-07-18;"Bratislavský kraj";2;0;0;0;NA;89737;2;2020-07-18;447
2020-07-17;"Bratislavský kraj";2;0;0;0;NA;89737;2;2020-07-17;445
2020-07-16;"Bratislavský kraj";6;0;0;0;NA;89737;6;2020-07-16;443
2020-07-15;"Bratislavský kraj";3;0;0;0;NA;89737;3;2020-07-15;437
2020-07-14;"Bratislavský kraj";2;0;0;0;NA;89737;2;2020-07-14;434
2020-07-13;"Bratislavský kraj";2;0;0;0;NA;89737;2;2020-07-13;432
2020-07-12;"Bratislavský kraj";0;0;0;0;NA;89737;0;2020-07-12;430
2020-07-11;"Bratislavský kraj";0;0;0;0;NA;89737;0;2020-07-11;430
2020-07-10;"Bratislavský kraj";8;0;0;0;NA;89737;8;2020-07-10;430
2020-07-09;"Bratislavský kraj";2;0;0;0;NA;89737;2;2020-07-09;422
2020-07-08;"Bratislavský kraj";11;0;0;0;NA;89737;11;2020-07-08;420
2020-07-07;"Bratislavský kraj";5;0;0;0;NA;89737;5;2020-07-07;409
2020-07-06;"Bratislavský kraj";1;0;0;0;NA;89737;1;2020-07-06;404
2020-07-05;"Bratislavský kraj";0;0;0;0;NA;89737;0;2020-07-05;403
2020-07-04;"Bratislavský kraj";3;0;0;0;NA;89737;3;2020-07-04;403
2020-07-03;"Bratislavský kraj";1;0;0;0;NA;89737;1;2020-07-03;400
2020-07-02;"Bratislavský kraj";0;0;0;0;NA;89737;0;2020-07-02;399
2020-07-01;"Bratislavský kraj";7;0;0;0;NA;89737;7;2020-07-01;399
2020-06-30;"Bratislavský kraj";3;0;0;0;NA;89737;3;2020-06-30;392
2020-06-29;"Bratislavský kraj";1;0;0;0;NA;89737;1;2020-06-29;389
2020-06-28;"Bratislavský kraj";0;0;0;0;NA;89737;0;2020-06-28;388
2020-06-27;"Bratislavský kraj";1;0;0;0;NA;89737;1;2020-06-27;388
2020-06-26;"Bratislavský kraj";6;0;0;0;NA;89737;6;2020-06-26;387
2020-06-25;"Bratislavský kraj";0;0;0;0;NA;89737;0;2020-06-25;381
2020-06-24;"Bratislavský kraj";3;0;0;0;NA;89737;3;2020-06-24;381
2020-06-23;"Bratislavský kraj";0;0;0;0;NA;89737;0;2020-06-23;378
2020-06-22;"Bratislavský kraj";1;0;0;0;NA;89737;1;2020-06-22;378
2020-06-21;"Bratislavský kraj";0;0;0;0;NA;89737;0;2020-06-21;377
2020-06-20;"Bratislavský kraj";0;0;0;0;NA;89737;0;2020-06-20;377
2020-06-19;"Bratislavský kraj";3;0;0;0;NA;89737;3;2020-06-19;377
2020-06-18;"Bratislavský kraj";0;0;0;0;NA;89737;0;2020-06-18;374
2020-06-17;"Bratislavský kraj";0;0;0;0;NA;89737;0;2020-06-17;374
2020-06-16;"Bratislavský kraj";0;0;0;0;NA;89737;0;2020-06-16;374
2020-06-14;"Bratislavský kraj";2;0;0;0;NA;89737;2;2020-06-14;374
2020-06-13;"Bratislavský kraj";1;0;0;0;NA;89737;1;2020-06-13;372
2020-06-12;"Bratislavský kraj";2;0;0;0;NA;89737;2;2020-06-12;371
2020-06-11;"Bratislavský kraj";0;0;0;0;NA;89737;0;2020-06-11;369
2020-06-10;"Bratislavský kraj";0;0;0;0;NA;89737;0;2020-06-10;369
2020-06-09;"Bratislavský kraj";0;0;0;0;NA;89737;0;2020-06-09;369
2020-06-08;"Bratislavský kraj";1;0;0;0;NA;89737;1;2020-06-08;369
2020-06-07;"Bratislavský kraj";0;0;0;0;NA;89737;0;2020-06-07;368
2020-06-05;"Bratislavský kraj";0;0;0;0;NA;89737;0;2020-06-05;368
2020-06-03;"Bratislavský kraj";1;0;0;0;NA;89737;1;2020-06-03;368
2020-06-02;"Bratislavský kraj";0;0;0;0;NA;89737;0;2020-06-02;367
2020-05-31;"Bratislavský kraj";0;0;0;0;NA;89737;0;2020-05-31;367
2020-05-29;"Bratislavský kraj";0;0;0;0;NA;89737;0;2020-05-29;367
2020-05-27;"Bratislavský kraj";1;0;0;0;NA;89737;1;2020-05-27;367
2020-05-26;"Bratislavský kraj";0;0;0;0;NA;89737;0;2020-05-26;366
2020-05-25;"Bratislavský kraj";0;0;0;0;NA;89737;0;2020-05-25;366
2020-05-24;"Bratislavský kraj";0;0;0;0;NA;89737;0;2020-05-24;366
2020-05-23;"Bratislavský kraj";2;0;0;0;NA;89737;2;2020-05-23;366
2020-05-22;"Bratislavský kraj";0;0;0;0;NA;89737;0;2020-05-22;364
2020-05-21;"Bratislavský kraj";0;0;0;0;NA;89737;0;2020-05-21;364
2020-05-20;"Bratislavský kraj";0;0;0;0;NA;89737;0;2020-05-20;364
2020-05-19;"Bratislavský kraj";0;0;0;0;NA;89737;0;2020-05-19;364
2020-05-17;"Bratislavský kraj";0;0;0;0;NA;89737;0;2020-05-17;364
2020-05-16;"Bratislavský kraj";0;0;0;0;NA;89737;0;2020-05-16;364
2020-05-15;"Bratislavský kraj";0;0;0;0;NA;89737;0;2020-05-15;364
2020-05-14;"Bratislavský kraj";0;0;0;0;NA;89737;0;2020-05-14;364
2020-05-13;"Bratislavský kraj";0;0;0;0;NA;89737;0;2020-05-13;364
2020-05-12;"Bratislavský kraj";2;0;0;0;NA;89737;2;2020-05-12;364
2020-05-11;"Bratislavský kraj";0;0;0;0;NA;89737;0;2020-05-11;362
2020-05-09;"Bratislavský kraj";0;0;0;0;NA;89737;0;2020-05-09;362
2020-05-07;"Bratislavský kraj";1;0;0;0;NA;89737;1;2020-05-07;362
2020-05-06;"Bratislavský kraj";3;0;0;0;NA;89737;3;2020-05-06;361
2020-05-05;"Bratislavský kraj";0;0;0;0;NA;89737;0;2020-05-05;358
2020-05-04;"Bratislavský kraj";0;0;0;0;NA;89737;0;2020-05-04;358
2020-05-03;"Bratislavský kraj";2;0;0;0;NA;89737;2;2020-05-03;358
2020-05-02;"Bratislavský kraj";0;0;0;0;NA;89737;0;2020-05-02;356
2020-05-01;"Bratislavský kraj";0;0;0;0;NA;89737;0;2020-05-01;356
2020-04-30;"Bratislavský kraj";5;0;0;0;NA;89737;5;2020-04-30;356
2020-04-29;"Bratislavský kraj";0;0;0;0;NA;89737;0;2020-04-29;351
2020-04-28;"Bratislavský kraj";2;0;0;0;NA;89737;2;2020-04-28;351
2020-04-27;"Bratislavský kraj";0;0;0;0;NA;89737;0;2020-04-27;349
2020-04-26;"Bratislavský kraj";1;0;0;0;NA;89737;1;2020-04-26;349
2020-04-25;"Bratislavský kraj";0;0;0;0;NA;89737;0;2020-04-25;348
2020-04-24;"Bratislavský kraj";2;0;0;0;NA;89737;2;2020-04-24;348
2020-04-23;"Bratislavský kraj";6;0;0;0;NA;89737;6;2020-04-23;346
2020-04-22;"Bratislavský kraj";11;0;0;0;NA;89737;11;2020-04-22;340
2020-04-21;"Bratislavský kraj";4;0;0;0;NA;89737;4;2020-04-21;329
2020-04-20;"Bratislavský kraj";0;0;0;0;NA;89737;0;2020-04-20;325
2020-04-19;"Bratislavský kraj";4;0;0;0;NA;89737;4;2020-04-19;325
2020-04-18;"Bratislavský kraj";5;0;0;0;NA;89737;5;2020-04-18;321
2020-04-17;"Bratislavský kraj";6;0;0;0;NA;89737;6;2020-04-17;316
2020-04-16;"Bratislavský kraj";15;0;0;0;NA;89737;15;2020-04-16;310
2020-04-15;"Bratislavský kraj";11;0;0;0;NA;89737;11;2020-04-15;295
2020-04-14;"Bratislavský kraj";19;0;0;0;NA;89737;19;2020-04-14;284
2020-04-13;"Bratislavský kraj";53;0;0;0;NA;89737;53;2020-04-13;265
2020-04-12;"Bratislavský kraj";3;0;0;0;NA;89737;3;2020-04-12;212
2020-04-11;"Bratislavský kraj";1;0;0;0;NA;89737;1;2020-04-11;209
2020-04-10;"Bratislavský kraj";8;0;0;0;NA;89737;8;2020-04-10;208
2020-04-09;"Bratislavský kraj";3;0;0;0;NA;89737;3;2020-04-09;200
2020-04-08;"Bratislavský kraj";3;0;0;0;NA;89737;3;2020-04-08;197
2020-04-07;"Bratislavský kraj";24;0;0;0;NA;89737;24;2020-04-07;194
2020-04-06;"Bratislavský kraj";5;0;0;0;NA;89737;5;2020-04-06;170
2020-04-05;"Bratislavský kraj";6;0;0;0;NA;89737;6;2020-04-05;165
2020-04-04;"Bratislavský kraj";2;0;0;0;NA;89737;2;2020-04-04;159
2020-04-03;"Bratislavský kraj";1;0;0;0;NA;89737;1;2020-04-03;157
2020-04-02;"Bratislavský kraj";2;0;0;0;NA;89737;2;2020-04-02;156
2020-04-01;"Bratislavský kraj";5;0;0;0;NA;89737;5;2020-04-01;154
2020-03-31;"Bratislavský kraj";19;0;0;0;NA;89737;19;2020-03-31;149
2020-03-30;"Bratislavský kraj";6;0;0;0;NA;89737;6;2020-03-30;130
2020-03-29;"Bratislavský kraj";8;0;0;0;NA;89737;8;2020-03-29;124
2020-03-28;"Bratislavský kraj";4;0;0;0;NA;89737;4;2020-03-28;116
2020-03-27;"Bratislavský kraj";3;0;0;0;NA;89737;3;2020-03-27;112
2020-03-26;"Bratislavský kraj";15;0;0;0;NA;89737;15;2020-03-26;109
2020-03-25;"Bratislavský kraj";1;0;0;0;NA;89737;1;2020-03-25;94
2020-03-24;"Bratislavský kraj";4;0;0;0;NA;89737;4;2020-03-24;93
2020-03-23;"Bratislavský kraj";9;0;0;0;NA;89737;9;2020-03-23;89
2020-03-22;"Bratislavský kraj";2;0;0;0;NA;89737;2;2020-03-22;80
2020-03-21;"Bratislavský kraj";22;0;0;0;NA;89737;22;2020-03-21;78
2020-03-20;"Bratislavský kraj";3;0;0;0;NA;89737;3;2020-03-20;56
2020-03-19;"Bratislavský kraj";4;0;0;0;NA;89737;4;2020-03-19;53
2020-03-18;"Bratislavský kraj";3;0;0;0;NA;89737;3;2020-03-18;49
2020-03-17;"Bratislavský kraj";13;0;0;0;NA;89737;13;2020-03-17;46
2020-03-16;"Bratislavský kraj";1;0;0;0;NA;89737;1;2020-03-16;33
2020-03-15;"Bratislavský kraj";4;0;0;0;NA;89737;4;2020-03-15;32
2020-03-14;"Bratislavský kraj";9;0;0;0;NA;89737;9;2020-03-14;28
2020-03-13;"Bratislavský kraj";2;0;0;0;NA;89737;2;2020-03-13;19
2020-03-12;"Bratislavský kraj";8;0;0;0;NA;89737;8;2020-03-12;17
2020-03-11;"Bratislavský kraj";3;0;0;0;NA;89737;3;2020-03-11;9
2020-03-09;"Bratislavský kraj";0;0;0;0;NA;89737;0;2020-03-09;6
2020-03-08;"Bratislavský kraj";2;0;0;0;NA;89737;2;2020-03-08;6
2020-03-07;"Bratislavský kraj";2;0;0;0;NA;89737;2;2020-03-07;4
2020-03-06;"Bratislavský kraj";1;0;0;0;NA;89737;1;2020-03-06;2
2021-06-14;"Košický kraj";10;6557;9;6566;52816;96341;19;2021-06-14;96341
2021-06-13;"Košický kraj";7;6699;8;6707;NA;96341;15;2021-06-13;96322
2021-06-12;"Košický kraj";7;7224;9;7233;NA;96341;16;2021-06-12;96307
2021-06-11;"Košický kraj";15;8534;5;8539;NA;96341;20;2021-06-11;96291
2021-06-10;"Košický kraj";11;6540;16;6556;NA;96341;27;2021-06-10;96271
2021-06-09;"Košický kraj";37;5995;7;6002;NA;96341;44;2021-06-09;96244
2021-06-08;"Košický kraj";33;6954;13;6967;NA;96341;46;2021-06-08;96200
2021-06-07;"Košický kraj";11;7735;22;7757;NA;96341;33;2021-06-07;96154
2021-06-06;"Košický kraj";1;7761;7;7768;NA;96341;8;2021-06-06;96121
2021-06-05;"Košický kraj";21;9221;3;9224;NA;96341;24;2021-06-05;96113
2021-06-04;"Košický kraj";26;11262;20;11282;NA;96341;46;2021-06-04;96089
2021-06-03;"Košický kraj";23;6472;14;6486;NA;96341;37;2021-06-03;96043
2021-06-02;"Košický kraj";15;7114;24;7138;NA;96341;39;2021-06-02;96006
2021-06-01;"Košický kraj";13;7541;10;7551;NA;96341;23;2021-06-01;95967
2021-05-31;"Košický kraj";13;9224;17;9241;NA;96341;30;2021-05-31;95944
2021-05-30;"Košický kraj";3;11049;10;11059;NA;96341;13;2021-05-30;95914
2021-05-29;"Košický kraj";25;10803;21;10824;NA;96341;46;2021-05-29;95901
2021-05-28;"Košický kraj";17;12959;29;12988;NA;96341;46;2021-05-28;95855
2021-05-27;"Košický kraj";19;7810;24;7834;NA;96341;43;2021-05-27;95809
2021-05-26;"Košický kraj";35;8039;26;8065;NA;96341;61;2021-05-26;95766
2021-05-25;"Košický kraj";33;9148;12;9160;NA;96341;45;2021-05-25;95705
2021-05-24;"Košický kraj";10;10855;27;10882;NA;96341;37;2021-05-24;95660
2021-05-23;"Košický kraj";4;12084;15;12099;NA;96341;19;2021-05-23;95623
2021-05-22;"Košický kraj";27;12472;18;12490;NA;96341;45;2021-05-22;95604
2021-05-21;"Košický kraj";24;14753;27;14780;NA;96341;51;2021-05-21;95559
2021-05-20;"Košický kraj";20;9320;27;9347;NA;96341;47;2021-05-20;95508
2021-05-19;"Košický kraj";30;10346;19;10365;NA;96341;49;2021-05-19;95461
2021-05-18;"Košický kraj";34;10254;36;10290;NA;96341;70;2021-05-18;95412
2021-05-17;"Košický kraj";20;12628;38;12666;NA;96341;58;2021-05-17;95342
2021-05-16;"Košický kraj";37;17686;19;17705;NA;96341;56;2021-05-16;95284
2021-05-15;"Košický kraj";22;25399;27;25426;NA;96341;49;2021-05-15;95228
2021-05-14;"Košický kraj";32;21537;42;21579;NA;96341;74;2021-05-14;95179
2021-05-13;"Košický kraj";39;10172;32;10204;NA;96341;71;2021-05-13;95105
2021-05-12;"Košický kraj";85;10868;33;10901;NA;96341;118;2021-05-12;95034
2021-05-11;"Košický kraj";68;11166;32;11198;NA;96341;100;2021-05-11;94916
2021-05-10;"Košický kraj";25;16886;41;16927;NA;96341;66;2021-05-10;94816
2021-05-09;"Košický kraj";84;25262;53;25315;NA;96341;137;2021-05-09;94750
2021-05-08;"Košický kraj";18;22917;21;22938;NA;96341;39;2021-05-08;94613
2021-05-07;"Košický kraj";51;24097;55;24152;NA;96341;106;2021-05-07;94574
2021-05-06;"Košický kraj";55;11847;43;11890;NA;96341;98;2021-05-06;94468
2021-05-05;"Košický kraj";23;12004;35;12039;NA;96341;58;2021-05-05;94370
2021-05-04;"Košický kraj";143;13562;38;13600;NA;96341;181;2021-05-04;94312
2021-05-03;"Košický kraj";37;16944;68;17012;NA;96341;105;2021-05-03;94131
2021-05-02;"Košický kraj";45;36096;56;36152;NA;96341;101;2021-05-02;94026
2021-05-01;"Košický kraj";54;51809;76;51885;NA;96341;130;2021-05-01;93925
2021-04-30;"Košický kraj";59;44707;94;44801;NA;96341;153;2021-04-30;93795
2021-04-29;"Košický kraj";76;17046;53;17099;NA;96341;129;2021-04-29;93642
2021-04-28;"Košický kraj";99;17930;52;17982;NA;96341;151;2021-04-28;93513
2021-04-27;"Košický kraj";108;20670;43;20713;NA;96341;151;2021-04-27;93362
2021-04-26;"Košický kraj";39;25897;96;25993;NA;96341;135;2021-04-26;93211
2021-04-25;"Košický kraj";23;48355;57;48412;NA;96341;80;2021-04-25;93076
2021-04-24;"Košický kraj";68;90124;114;90238;NA;96341;182;2021-04-24;92996
2021-04-23;"Košický kraj";110;41232;72;41304;NA;96341;182;2021-04-23;92814
2021-04-22;"Košický kraj";56;16772;44;16816;NA;96341;100;2021-04-22;92632
2021-04-21;"Košický kraj";114;19519;61;19580;NA;96341;175;2021-04-21;92532
2021-04-20;"Košický kraj";81;25359;63;25422;NA;96341;144;2021-04-20;92357
2021-04-19;"Košický kraj";93;29950;108;30058;NA;96341;201;2021-04-19;92213
2021-04-18;"Košický kraj";10;48913;82;48995;NA;96341;92;2021-04-18;92012
2021-04-17;"Košický kraj";187;83856;103;83959;NA;96341;290;2021-04-17;91920
2021-04-16;"Košický kraj";83;41568;127;41695;NA;96341;210;2021-04-16;91630
2021-04-15;"Košický kraj";104;18522;93;18615;NA;96341;197;2021-04-15;91420
2021-04-14;"Košický kraj";119;20089;64;20153;NA;96341;183;2021-04-14;91223
2021-04-13;"Košický kraj";81;23175;120;23295;NA;96341;201;2021-04-13;91040
2021-04-12;"Košický kraj";129;26573;124;26697;NA;96341;253;2021-04-12;90839
2021-04-11;"Košický kraj";29;46948;79;47027;NA;96341;108;2021-04-11;90586
2021-04-10;"Košický kraj";138;99836;183;100019;NA;96341;321;2021-04-10;90478
2021-04-09;"Košický kraj";168;35206;133;35339;NA;96341;301;2021-04-09;90157
2021-04-08;"Košický kraj";81;18530;90;18620;NA;96341;171;2021-04-08;89856
2021-04-07;"Košický kraj";232;28027;194;28221;NA;96341;426;2021-04-07;89685
2021-04-06;"Košický kraj";121;36495;164;36659;NA;96341;285;2021-04-06;89259
2021-04-05;"Košický kraj";19;14361;66;14427;NA;96341;85;2021-04-05;88974
2021-04-04;"Košický kraj";33;15089;66;15155;NA;96341;99;2021-04-04;88889
2021-04-03;"Košický kraj";138;97664;241;97905;NA;96341;379;2021-04-03;88790
2021-04-02;"Košický kraj";128;24290;76;24366;NA;96341;204;2021-04-02;88411
2021-04-01;"Košický kraj";165;46151;156;46307;NA;96341;321;2021-04-01;88207
2021-03-31;"Košický kraj";160;29659;124;29783;NA;96341;284;2021-03-31;87886
2021-03-30;"Košický kraj";229;24038;163;24201;NA;96341;392;2021-03-30;87602
2021-03-29;"Košický kraj";78;28843;194;29037;NA;96341;272;2021-03-29;87210
2021-03-28;"Košický kraj";39;44263;128;44391;NA;96341;167;2021-03-28;86938
2021-03-27;"Košický kraj";222;96602;265;96867;NA;96341;487;2021-03-27;86771
2021-03-26;"Košický kraj";233;45252;202;45454;NA;96341;435;2021-03-26;86284
2021-03-25;"Košický kraj";133;23804;175;23979;NA;96341;308;2021-03-25;85849
2021-03-24;"Košický kraj";165;20677;155;20832;NA;96341;320;2021-03-24;85541
2021-03-23;"Košický kraj";202;22434;192;22626;NA;96341;394;2021-03-23;85221
2021-03-22;"Košický kraj";169;26890;228;27118;NA;96341;397;2021-03-22;84827
2021-03-21;"Košický kraj";109;46746;167;46913;NA;96341;276;2021-03-21;84430
2021-03-20;"Košický kraj";126;101334;311;101645;NA;96341;437;2021-03-20;84154
2021-03-19;"Košický kraj";205;45632;260;45892;NA;96341;465;2021-03-19;83717
2021-03-18;"Košický kraj";274;23823;212;24035;NA;96341;486;2021-03-18;83252
2021-03-17;"Košický kraj";177;21545;195;21740;NA;96341;372;2021-03-17;82766
2021-03-16;"Košický kraj";386;23431;226;23657;NA;96341;612;2021-03-16;82394
2021-03-15;"Košický kraj";173;27900;297;28197;NA;96341;470;2021-03-15;81782
2021-03-14;"Košický kraj";145;44354;220;44574;NA;96341;365;2021-03-14;81312
2021-03-13;"Košický kraj";146;103790;483;104273;NA;96341;629;2021-03-13;80947
2021-03-12;"Košický kraj";366;47871;321;48192;NA;96341;687;2021-03-12;80318
2021-03-11;"Košický kraj";396;23229;263;23492;NA;96341;659;2021-03-11;79631
2021-03-10;"Košický kraj";121;22191;269;22460;NA;96341;390;2021-03-10;78972
2021-03-09;"Košický kraj";676;24509;300;24809;NA;96341;976;2021-03-09;78582
2021-03-08;"Košický kraj";559;29836;344;30180;NA;96341;903;2021-03-08;77606
2021-03-07;"Košický kraj";45;44230;299;44529;NA;96341;344;2021-03-07;76703
2021-03-06;"Košický kraj";177;105598;532;106130;NA;96341;709;2021-03-06;76359
2021-03-05;"Košický kraj";439;45567;424;45991;NA;96341;863;2021-03-05;75650
2021-03-04;"Košický kraj";417;23862;320;24182;NA;96341;737;2021-03-04;74787
2021-03-03;"Košický kraj";390;23168;298;23466;NA;96341;688;2021-03-03;74050
2021-03-02;"Košický kraj";464;24150;368;24518;NA;96341;832;2021-03-02;73362
2021-03-01;"Košický kraj";389;30013;514;30527;NA;96341;903;2021-03-01;72530
2021-02-28;"Košický kraj";265;43053;334;43387;NA;96341;599;2021-02-28;71627
2021-02-27;"Košický kraj";301;100559;784;101343;NA;96341;1085;2021-02-27;71028
2021-02-26;"Košický kraj";440;45466;492;45958;NA;96341;932;2021-02-26;69943
2021-02-25;"Košický kraj";331;19872;342;20214;NA;96341;673;2021-02-25;69011
2021-02-24;"Košický kraj";263;18815;506;19321;NA;96341;769;2021-02-24;68338
2021-02-23;"Košický kraj";642;21592;341;21933;NA;96341;983;2021-02-23;67569
2021-02-22;"Košický kraj";362;30830;434;31264;NA;96341;796;2021-02-22;66586
2021-02-21;"Košický kraj";170;40464;385;40849;NA;96341;555;2021-02-21;65790
2021-02-20;"Košický kraj";283;92550;770;93320;NA;96341;1053;2021-02-20;65235
2021-02-19;"Košický kraj";507;42016;586;42602;NA;96341;1093;2021-02-19;64182
2021-02-18;"Košický kraj";397;18442;345;18787;NA;96341;742;2021-02-18;63089
2021-02-17;"Košický kraj";322;18080;387;18467;NA;96341;709;2021-02-17;62347
2021-02-16;"Košický kraj";600;22111;463;22574;NA;96341;1063;2021-02-16;61638
2021-02-15;"Košický kraj";216;27633;419;28052;NA;96341;635;2021-02-15;60575
2021-02-14;"Košický kraj";241;56743;524;57267;NA;96341;765;2021-02-14;59940
2021-02-13;"Košický kraj";206;93965;765;94730;NA;96341;971;2021-02-13;59175
2021-02-12;"Košický kraj";448;50184;611;50795;NA;96341;1059;2021-02-12;58204
2021-02-11;"Košický kraj";435;14524;323;14847;NA;96341;758;2021-02-11;57145
2021-02-10;"Košický kraj";360;18475;431;18906;NA;96341;791;2021-02-10;56387
2021-02-09;"Košický kraj";545;24841;463;25304;NA;96341;1008;2021-02-09;55596
2021-02-08;"Košický kraj";237;24836;392;25228;NA;96341;629;2021-02-08;54588
2021-02-07;"Košický kraj";208;56897;612;57509;NA;96341;820;2021-02-07;53959
2021-02-06;"Košický kraj";318;104357;884;105241;NA;96341;1202;2021-02-06;53139
2021-02-05;"Košický kraj";384;43186;494;43680;NA;96341;878;2021-02-05;51937
2021-02-04;"Košický kraj";391;14508;371;14879;NA;96341;762;2021-02-04;51059
2021-02-03;"Košický kraj";296;12599;339;12938;NA;96341;635;2021-02-03;50297
2021-02-02;"Košický kraj";473;43883;1212;45095;NA;96341;1685;2021-02-02;49662
2021-02-01;"Košický kraj";415;21965;362;22327;NA;96341;777;2021-02-01;47977
2021-01-31;"Košický kraj";142;54154;609;54763;NA;96341;751;2021-01-31;47200
2021-01-30;"Košický kraj";320;76722;661;77383;NA;96341;981;2021-01-30;46449
2021-01-29;"Košický kraj";311;37130;466;37596;NA;96341;777;2021-01-29;45468
2021-01-28;"Košický kraj";540;9006;244;9250;NA;96341;784;2021-01-28;44691
2021-01-27;"Košický kraj";265;7575;211;7786;NA;96341;476;2021-01-27;43907
2021-01-26;"Košický kraj";530;14256;246;14502;NA;96341;776;2021-01-26;43431
2021-01-25;"Košický kraj";226;26430;413;26843;NA;96341;639;2021-01-25;42655
2021-01-24;"Košický kraj";150;44419;581;45000;NA;96341;731;2021-01-24;42016
2021-01-23;"Košický kraj";232;82705;857;83562;NA;96341;1089;2021-01-23;41285
2021-01-22;"Košický kraj";316;19997;265;20262;NA;96341;581;2021-01-22;40196
2021-01-21;"Košický kraj";274;14047;158;14205;NA;96341;432;2021-01-21;39615
2021-01-20;"Košický kraj";374;10843;201;11044;NA;96341;575;2021-01-20;39183
2021-01-19;"Košický kraj";248;9717;181;9898;NA;96341;429;2021-01-19;38608
2021-01-18;"Košický kraj";333;7659;262;7921;NA;96341;595;2021-01-18;38179
2021-01-17;"Košický kraj";155;535;14;549;NA;96341;169;2021-01-17;37584
2021-01-16;"Košický kraj";153;1403;47;1450;NA;96341;200;2021-01-16;37415
2021-01-15;"Košický kraj";308;6443;213;6656;NA;96341;521;2021-01-15;37215
2021-01-14;"Košický kraj";358;5471;221;5692;NA;96341;579;2021-01-14;36694
2021-01-13;"Košický kraj";421;4897;226;5123;NA;96341;647;2021-01-13;36115
2021-01-12;"Košický kraj";482;6689;258;6947;NA;96341;740;2021-01-12;35468
2021-01-11;"Košický kraj";309;7945;304;8249;NA;96341;613;2021-01-11;34728
2021-01-10;"Košický kraj";193;136;6;142;NA;96341;199;2021-01-10;34115
2021-01-09;"Košický kraj";469;1134;45;1179;NA;96341;514;2021-01-09;33916
2021-01-08;"Košický kraj";551;8222;388;8610;NA;96341;939;2021-01-08;33402
2021-01-07;"Košický kraj";251;6566;434;7000;NA;96341;685;2021-01-07;32463
2021-01-06;"Košický kraj";442;429;33;462;NA;96341;475;2021-01-06;31778
2021-01-05;"Košický kraj";584;8100;560;8660;NA;96341;1144;2021-01-05;31303
2021-01-04;"Košický kraj";407;7113;737;7850;NA;96341;1144;2021-01-04;30159
2021-01-03;"Košický kraj";118;661;22;683;NA;96341;140;2021-01-03;29015
2021-01-02;"Košický kraj";88;440;52;492;NA;96341;140;2021-01-02;28875
2021-01-01;"Košický kraj";398;725;49;774;NA;96341;447;2021-01-01;28735
2020-12-31;"Košický kraj";625;7877;461;8338;NA;96341;1086;2020-12-31;28288
2020-12-30;"Košický kraj";590;6477;412;6889;NA;96341;1002;2020-12-30;27202
2020-12-29;"Košický kraj";419;7573;605;8178;NA;96341;1024;2020-12-29;26200
2020-12-28;"Košický kraj";356;8296;804;9100;NA;96341;1160;2020-12-28;25176
2020-12-27;"Košický kraj";159;147;16;163;NA;96341;175;2020-12-27;24016
2020-12-26;"Košický kraj";163;274;23;297;NA;96341;186;2020-12-26;23841
2020-12-25;"Košický kraj";237;140;10;150;NA;96341;247;2020-12-25;23655
2020-12-24;"Košický kraj";564;1470;90;1560;NA;96341;654;2020-12-24;23408
2020-12-23;"Košický kraj";304;7942;354;8296;NA;96341;658;2020-12-23;22754
2020-12-22;"Košický kraj";438;7920;459;8379;NA;96341;897;2020-12-22;22096
2020-12-21;"Košický kraj";405;6984;509;7493;NA;96341;914;2020-12-21;21199
2020-12-20;"Košický kraj";215;73;11;84;NA;96341;226;2020-12-20;20285
2020-12-19;"Košický kraj";207;1309;63;1372;NA;96341;270;2020-12-19;20059
2020-12-18;"Košický kraj";310;8484;326;8810;NA;96341;636;2020-12-18;19789
2020-12-17;"Košický kraj";463;5292;255;5547;NA;96341;718;2020-12-17;19153
2020-12-16;"Košický kraj";455;5898;316;6214;NA;96341;771;2020-12-16;18435
2020-12-15;"Košický kraj";319;5086;338;5424;NA;96341;657;2020-12-15;17664
2020-12-14;"Košický kraj";256;3401;264;3665;NA;96341;520;2020-12-14;17007
2020-12-13;"Košický kraj";47;181;2;183;NA;96341;49;2020-12-13;16487
2020-12-12;"Košický kraj";369;1587;118;1705;NA;96341;487;2020-12-12;16438
2020-12-11;"Košický kraj";354;5461;258;5719;NA;96341;612;2020-12-11;15951
2020-12-10;"Košický kraj";283;4064;176;4240;NA;96341;459;2020-12-10;15339
2020-12-09;"Košický kraj";279;3786;166;3952;NA;96341;445;2020-12-09;14880
2020-12-08;"Košický kraj";226;4105;355;4460;NA;96341;581;2020-12-08;14435
2020-12-07;"Košický kraj";270;2383;106;2489;NA;96341;376;2020-12-07;13854
2020-12-06;"Košický kraj";121;97;20;117;NA;96341;141;2020-12-06;13478
2020-12-05;"Košický kraj";90;1096;48;1144;NA;96341;138;2020-12-05;13337
2020-12-04;"Košický kraj";224;2680;82;2762;NA;96341;306;2020-12-04;13199
2020-12-03;"Košický kraj";211;7717;173;7890;NA;96341;384;2020-12-03;12893
2020-12-02;"Košický kraj";193;8132;496;8628;NA;96341;689;2020-12-02;12509
2020-12-01;"Košický kraj";178;2237;124;2361;NA;96341;302;2020-12-01;11820
2020-11-30;"Košický kraj";171;3754;62;3816;NA;96341;233;2020-11-30;11518
2020-11-29;"Košický kraj";31;0;0;0;NA;96341;31;2020-11-29;11285
2020-11-28;"Košický kraj";69;0;0;0;NA;96341;69;2020-11-28;11254
2020-11-27;"Košický kraj";149;192;4;196;NA;96341;153;2020-11-27;11185
2020-11-26;"Košický kraj";239;144;5;149;NA;96341;244;2020-11-26;11032
2020-11-25;"Košický kraj";237;121;1;122;NA;96341;238;2020-11-25;10788
2020-11-24;"Košický kraj";196;105;3;108;NA;96341;199;2020-11-24;10550
2020-11-23;"Košický kraj";51;196;9;205;NA;96341;60;2020-11-23;10351
2020-11-22;"Košický kraj";57;0;0;0;NA;96341;57;2020-11-22;10291
2020-11-21;"Košický kraj";87;0;0;0;NA;96341;87;2020-11-21;10234
2020-11-20;"Košický kraj";176;95;4;99;NA;96341;180;2020-11-20;10147
2020-11-19;"Košický kraj";206;88;8;96;NA;96341;214;2020-11-19;9967
2020-11-18;"Košický kraj";122;0;0;0;NA;96341;122;2020-11-18;9753
2020-11-17;"Košický kraj";152;0;0;0;NA;96341;152;2020-11-17;9631
2020-11-16;"Košický kraj";114;65;3;68;NA;96341;117;2020-11-16;9479
2020-11-15;"Košický kraj";15;0;0;0;NA;96341;15;2020-11-15;9362
2020-11-14;"Košický kraj";234;0;0;0;NA;96341;234;2020-11-14;9347
2020-11-13;"Košický kraj";207;0;0;0;NA;96341;207;2020-11-13;9113
2020-11-12;"Košický kraj";192;0;0;0;NA;96341;192;2020-11-12;8906
2020-11-11;"Košický kraj";301;0;0;0;NA;96341;301;2020-11-11;8714
2020-11-10;"Košický kraj";190;0;0;0;NA;96341;190;2020-11-10;8413
2020-11-09;"Košický kraj";129;0;0;0;NA;96341;129;2020-11-09;8223
2020-11-08;"Košický kraj";78;0;0;0;NA;96341;78;2020-11-08;8094
2020-11-07;"Košický kraj";192;0;0;0;NA;96341;192;2020-11-07;8016
2020-11-06;"Košický kraj";195;0;0;0;NA;96341;195;2020-11-06;7824
2020-11-05;"Košický kraj";342;0;0;0;NA;96341;342;2020-11-05;7629
2020-11-04;"Košický kraj";101;0;0;0;NA;96341;101;2020-11-04;7287
2020-11-03;"Košický kraj";358;0;0;0;NA;96341;358;2020-11-03;7186
2020-11-02;"Košický kraj";111;0;0;0;NA;96341;111;2020-11-02;6828
2020-11-01;"Košický kraj";346;0;0;0;NA;96341;346;2020-11-01;6717
2020-10-31;"Košický kraj";82;0;0;0;NA;96341;82;2020-10-31;6371
2020-10-30;"Košický kraj";379;0;0;0;NA;96341;379;2020-10-30;6289
2020-10-29;"Košický kraj";333;0;0;0;NA;96341;333;2020-10-29;5910
2020-10-28;"Košický kraj";224;0;0;0;NA;96341;224;2020-10-28;5577
2020-10-27;"Košický kraj";386;0;0;0;NA;96341;386;2020-10-27;5353
2020-10-26;"Košický kraj";56;0;0;0;NA;96341;56;2020-10-26;4967
2020-10-25;"Košický kraj";154;0;0;0;NA;96341;154;2020-10-25;4911
2020-10-24;"Košický kraj";313;0;0;0;NA;96341;313;2020-10-24;4757
2020-10-23;"Košický kraj";315;0;0;0;NA;96341;315;2020-10-23;4444
2020-10-22;"Košický kraj";349;0;0;0;NA;96341;349;2020-10-22;4129
2020-10-21;"Košický kraj";129;0;0;0;NA;96341;129;2020-10-21;3780
2020-10-20;"Košický kraj";181;0;0;0;NA;96341;181;2020-10-20;3651
2020-10-19;"Košický kraj";64;0;0;0;NA;96341;64;2020-10-19;3470
2020-10-18;"Košický kraj";158;0;0;0;NA;96341;158;2020-10-18;3406
2020-10-17;"Košický kraj";142;0;0;0;NA;96341;142;2020-10-17;3248
2020-10-16;"Košický kraj";206;0;0;0;NA;96341;206;2020-10-16;3106
2020-10-15;"Košický kraj";177;0;0;0;NA;96341;177;2020-10-15;2900
2020-10-14;"Košický kraj";211;0;0;0;NA;96341;211;2020-10-14;2723
2020-10-13;"Košický kraj";179;0;0;0;NA;96341;179;2020-10-13;2512
2020-10-12;"Košický kraj";74;0;0;0;NA;96341;74;2020-10-12;2333
2020-10-11;"Košický kraj";121;0;0;0;NA;96341;121;2020-10-11;2259
2020-10-10;"Košický kraj";70;0;0;0;NA;96341;70;2020-10-10;2138
2020-10-09;"Košický kraj";188;0;0;0;NA;96341;188;2020-10-09;2068
2020-10-08;"Košický kraj";102;0;0;0;NA;96341;102;2020-10-08;1880
2020-10-07;"Košický kraj";158;0;0;0;NA;96341;158;2020-10-07;1778
2020-10-06;"Košický kraj";70;0;0;0;NA;96341;70;2020-10-06;1620
2020-10-05;"Košický kraj";39;0;0;0;NA;96341;39;2020-10-05;1550
2020-10-04;"Košický kraj";45;0;0;0;NA;96341;45;2020-10-04;1511
2020-10-03;"Košický kraj";105;0;0;0;NA;96341;105;2020-10-03;1466
2020-10-02;"Košický kraj";57;0;0;0;NA;96341;57;2020-10-02;1361
2020-10-01;"Košický kraj";69;0;0;0;NA;96341;69;2020-10-01;1304
2020-09-30;"Košický kraj";95;0;0;0;NA;96341;95;2020-09-30;1235
2020-09-29;"Košický kraj";75;0;0;0;NA;96341;75;2020-09-29;1140
2020-09-28;"Košický kraj";19;0;0;0;NA;96341;19;2020-09-28;1065
2020-09-27;"Košický kraj";21;0;0;0;NA;96341;21;2020-09-27;1046
2020-09-26;"Košický kraj";53;0;0;0;NA;96341;53;2020-09-26;1025
2020-09-25;"Košický kraj";72;0;0;0;NA;96341;72;2020-09-25;972
2020-09-24;"Košický kraj";35;0;0;0;NA;96341;35;2020-09-24;900
2020-09-23;"Košický kraj";23;0;0;0;NA;96341;23;2020-09-23;865
2020-09-22;"Košický kraj";39;0;0;0;NA;96341;39;2020-09-22;842
2020-09-21;"Košický kraj";5;0;0;0;NA;96341;5;2020-09-21;803
2020-09-20;"Košický kraj";3;0;0;0;NA;96341;3;2020-09-20;798
2020-09-19;"Košický kraj";13;0;0;0;NA;96341;13;2020-09-19;795
2020-09-18;"Košický kraj";20;0;0;0;NA;96341;20;2020-09-18;782
2020-09-17;"Košický kraj";22;0;0;0;NA;96341;22;2020-09-17;762
2020-09-16;"Košický kraj";12;0;0;0;NA;96341;12;2020-09-16;740
2020-09-15;"Košický kraj";10;0;0;0;NA;96341;10;2020-09-15;728
2020-09-14;"Košický kraj";6;0;0;0;NA;96341;6;2020-09-14;718
2020-09-13;"Košický kraj";3;0;0;0;NA;96341;3;2020-09-13;712
2020-09-12;"Košický kraj";16;0;0;0;NA;96341;16;2020-09-12;709
2020-09-11;"Košický kraj";20;0;0;0;NA;96341;20;2020-09-11;693
2020-09-10;"Košický kraj";11;0;0;0;NA;96341;11;2020-09-10;673
2020-09-09;"Košický kraj";37;0;0;0;NA;96341;37;2020-09-09;662
2020-09-08;"Košický kraj";10;0;0;0;NA;96341;10;2020-09-08;625
2020-09-07;"Košický kraj";4;0;0;0;NA;96341;4;2020-09-07;615
2020-09-06;"Košický kraj";2;0;0;0;NA;96341;2;2020-09-06;611
2020-09-05;"Košický kraj";10;0;0;0;NA;96341;10;2020-09-05;609
2020-09-04;"Košický kraj";14;0;0;0;NA;96341;14;2020-09-04;599
2020-09-03;"Košický kraj";22;0;0;0;NA;96341;22;2020-09-03;585
2020-09-02;"Košický kraj";13;0;0;0;NA;96341;13;2020-09-02;563
2020-09-01;"Košický kraj";21;0;0;0;NA;96341;21;2020-09-01;550
2020-08-31;"Košický kraj";9;0;0;0;NA;96341;9;2020-08-31;529
2020-08-30;"Košický kraj";21;0;0;0;NA;96341;21;2020-08-30;520
2020-08-29;"Košický kraj";1;0;0;0;NA;96341;1;2020-08-29;499
2020-08-28;"Košický kraj";19;0;0;0;NA;96341;19;2020-08-28;498
2020-08-27;"Košický kraj";15;0;0;0;NA;96341;15;2020-08-27;479
2020-08-26;"Košický kraj";8;0;0;0;NA;96341;8;2020-08-26;464
2020-08-25;"Košický kraj";23;0;0;0;NA;96341;23;2020-08-25;456
2020-08-24;"Košický kraj";6;0;0;0;NA;96341;6;2020-08-24;433
2020-08-23;"Košický kraj";8;0;0;0;NA;96341;8;2020-08-23;427
2020-08-22;"Košický kraj";13;0;0;0;NA;96341;13;2020-08-22;419
2020-08-21;"Košický kraj";10;0;0;0;NA;96341;10;2020-08-21;406
2020-08-20;"Košický kraj";10;0;0;0;NA;96341;10;2020-08-20;396
2020-08-19;"Košický kraj";3;0;0;0;NA;96341;3;2020-08-19;386
2020-08-18;"Košický kraj";7;0;0;0;NA;96341;7;2020-08-18;383
2020-08-17;"Košický kraj";2;0;0;0;NA;96341;2;2020-08-17;376
2020-08-16;"Košický kraj";2;0;0;0;NA;96341;2;2020-08-16;374
2020-08-15;"Košický kraj";3;0;0;0;NA;96341;3;2020-08-15;372
2020-08-14;"Košický kraj";1;0;0;0;NA;96341;1;2020-08-14;369
2020-08-13;"Košický kraj";3;0;0;0;NA;96341;3;2020-08-13;368
2020-08-12;"Košický kraj";12;0;0;0;NA;96341;12;2020-08-12;365
2020-08-11;"Košický kraj";5;0;0;0;NA;96341;5;2020-08-11;353
2020-08-10;"Košický kraj";1;0;0;0;NA;96341;1;2020-08-10;348
2020-08-09;"Košický kraj";0;0;0;0;NA;96341;0;2020-08-09;347
2020-08-08;"Košický kraj";5;0;0;0;NA;96341;5;2020-08-08;347
2020-08-07;"Košický kraj";7;0;0;0;NA;96341;7;2020-08-07;342
2020-08-06;"Košický kraj";3;0;0;0;NA;96341;3;2020-08-06;335
2020-08-05;"Košický kraj";4;0;0;0;NA;96341;4;2020-08-05;332
2020-08-04;"Košický kraj";1;0;0;0;NA;96341;1;2020-08-04;328
2020-08-03;"Košický kraj";1;0;0;0;NA;96341;1;2020-08-03;327
2020-08-02;"Košický kraj";0;0;0;0;NA;96341;0;2020-08-02;326
2020-08-01;"Košický kraj";0;0;0;0;NA;96341;0;2020-08-01;326
2020-07-31;"Košický kraj";0;0;0;0;NA;96341;0;2020-07-31;326
2020-07-30;"Košický kraj";2;0;0;0;NA;96341;2;2020-07-30;326
2020-07-29;"Košický kraj";1;0;0;0;NA;96341;1;2020-07-29;324
2020-07-28;"Košický kraj";9;0;0;0;NA;96341;9;2020-07-28;323
2020-07-27;"Košický kraj";4;0;0;0;NA;96341;4;2020-07-27;314
2020-07-26;"Košický kraj";0;0;0;0;NA;96341;0;2020-07-26;310
2020-07-25;"Košický kraj";2;0;0;0;NA;96341;2;2020-07-25;310
2020-07-24;"Košický kraj";2;0;0;0;NA;96341;2;2020-07-24;308
2020-07-23;"Košický kraj";1;0;0;0;NA;96341;1;2020-07-23;306
2020-07-22;"Košický kraj";1;0;0;0;NA;96341;1;2020-07-22;305
2020-07-21;"Košický kraj";0;0;0;0;NA;96341;0;2020-07-21;304
2020-07-20;"Košický kraj";0;0;0;0;NA;96341;0;2020-07-20;304
2020-07-19;"Košický kraj";0;0;0;0;NA;96341;0;2020-07-19;304
2020-07-18;"Košický kraj";1;0;0;0;NA;96341;1;2020-07-18;304
2020-07-17;"Košický kraj";1;0;0;0;NA;96341;1;2020-07-17;303
2020-07-16;"Košický kraj";0;0;0;0;NA;96341;0;2020-07-16;302
2020-07-15;"Košický kraj";2;0;0;0;NA;96341;2;2020-07-15;302
2020-07-14;"Košický kraj";1;0;0;0;NA;96341;1;2020-07-14;300
2020-07-13;"Košický kraj";1;0;0;0;NA;96341;1;2020-07-13;299
2020-07-12;"Košický kraj";0;0;0;0;NA;96341;0;2020-07-12;298
2020-07-11;"Košický kraj";0;0;0;0;NA;96341;0;2020-07-11;298
2020-07-10;"Košický kraj";1;0;0;0;NA;96341;1;2020-07-10;298
2020-07-09;"Košický kraj";1;0;0;0;NA;96341;1;2020-07-09;297
2020-07-08;"Košický kraj";12;0;0;0;NA;96341;12;2020-07-08;296
2020-07-07;"Košický kraj";0;0;0;0;NA;96341;0;2020-07-07;284
2020-07-06;"Košický kraj";0;0;0;0;NA;96341;0;2020-07-06;284
2020-07-05;"Košický kraj";0;0;0;0;NA;96341;0;2020-07-05;284
2020-07-04;"Košický kraj";0;0;0;0;NA;96341;0;2020-07-04;284
2020-07-03;"Košický kraj";1;0;0;0;NA;96341;1;2020-07-03;284
2020-07-02;"Košický kraj";0;0;0;0;NA;96341;0;2020-07-02;283
2020-07-01;"Košický kraj";1;0;0;0;NA;96341;1;2020-07-01;283
2020-06-30;"Košický kraj";0;0;0;0;NA;96341;0;2020-06-30;282
2020-06-29;"Košický kraj";0;0;0;0;NA;96341;0;2020-06-29;282
2020-06-28;"Košický kraj";0;0;0;0;NA;96341;0;2020-06-28;282
2020-06-27;"Košický kraj";0;0;0;0;NA;96341;0;2020-06-27;282
2020-06-26;"Košický kraj";0;0;0;0;NA;96341;0;2020-06-26;282
2020-06-25;"Košický kraj";3;0;0;0;NA;96341;3;2020-06-25;282
2020-06-24;"Košický kraj";3;0;0;0;NA;96341;3;2020-06-24;279
2020-06-23;"Košický kraj";3;0;0;0;NA;96341;3;2020-06-23;276
2020-06-22;"Košický kraj";0;0;0;0;NA;96341;0;2020-06-22;273
2020-06-21;"Košický kraj";0;0;0;0;NA;96341;0;2020-06-21;273
2020-06-20;"Košický kraj";0;0;0;0;NA;96341;0;2020-06-20;273
2020-06-19;"Košický kraj";0;0;0;0;NA;96341;0;2020-06-19;273
2020-06-18;"Košický kraj";1;0;0;0;NA;96341;1;2020-06-18;273
2020-06-17;"Košický kraj";0;0;0;0;NA;96341;0;2020-06-17;272
2020-06-16;"Košický kraj";2;0;0;0;NA;96341;2;2020-06-16;272
2020-06-14;"Košický kraj";0;0;0;0;NA;96341;0;2020-06-14;270
2020-06-13;"Košický kraj";0;0;0;0;NA;96341;0;2020-06-13;270
2020-06-12;"Košický kraj";0;0;0;0;NA;96341;0;2020-06-12;270
2020-06-11;"Košický kraj";0;0;0;0;NA;96341;0;2020-06-11;270
2020-06-10;"Košický kraj";6;0;0;0;NA;96341;6;2020-06-10;270
2020-06-09;"Košický kraj";0;0;0;0;NA;96341;0;2020-06-09;264
2020-06-08;"Košický kraj";0;0;0;0;NA;96341;0;2020-06-08;264
2020-06-07;"Košický kraj";2;0;0;0;NA;96341;2;2020-06-07;264
2020-06-05;"Košický kraj";0;0;0;0;NA;96341;0;2020-06-05;262
2020-06-03;"Košický kraj";0;0;0;0;NA;96341;0;2020-06-03;262
2020-06-02;"Košický kraj";1;0;0;0;NA;96341;1;2020-06-02;262
2020-05-31;"Košický kraj";0;0;0;0;NA;96341;0;2020-05-31;261
2020-05-29;"Košický kraj";1;0;0;0;NA;96341;1;2020-05-29;261
2020-05-27;"Košický kraj";0;0;0;0;NA;96341;0;2020-05-27;260
2020-05-26;"Košický kraj";1;0;0;0;NA;96341;1;2020-05-26;260
2020-05-25;"Košický kraj";1;0;0;0;NA;96341;1;2020-05-25;259
2020-05-24;"Košický kraj";0;0;0;0;NA;96341;0;2020-05-24;258
2020-05-23;"Košický kraj";0;0;0;0;NA;96341;0;2020-05-23;258
2020-05-22;"Košický kraj";0;0;0;0;NA;96341;0;2020-05-22;258
2020-05-21;"Košický kraj";0;0;0;0;NA;96341;0;2020-05-21;258
2020-05-20;"Košický kraj";3;0;0;0;NA;96341;3;2020-05-20;258
2020-05-19;"Košický kraj";0;0;0;0;NA;96341;0;2020-05-19;255
2020-05-17;"Košický kraj";1;0;0;0;NA;96341;1;2020-05-17;255
2020-05-16;"Košický kraj";1;0;0;0;NA;96341;1;2020-05-16;254
2020-05-15;"Košický kraj";10;0;0;0;NA;96341;10;2020-05-15;253
2020-05-14;"Košický kraj";1;0;0;0;NA;96341;1;2020-05-14;243
2020-05-13;"Košický kraj";6;0;0;0;NA;96341;6;2020-05-13;242
2020-05-12;"Košický kraj";0;0;0;0;NA;96341;0;2020-05-12;236
2020-05-11;"Košický kraj";0;0;0;0;NA;96341;0;2020-05-11;236
2020-05-09;"Košický kraj";0;0;0;0;NA;96341;0;2020-05-09;236
2020-05-07;"Košický kraj";0;0;0;0;NA;96341;0;2020-05-07;236
2020-05-06;"Košický kraj";1;0;0;0;NA;96341;1;2020-05-06;236
2020-05-05;"Košický kraj";0;0;0;0;NA;96341;0;2020-05-05;235
2020-05-04;"Košický kraj";0;0;0;0;NA;96341;0;2020-05-04;235
2020-05-03;"Košický kraj";0;0;0;0;NA;96341;0;2020-05-03;235
2020-05-02;"Košický kraj";1;0;0;0;NA;96341;1;2020-05-02;235
2020-05-01;"Košický kraj";0;0;0;0;NA;96341;0;2020-05-01;234
2020-04-30;"Košický kraj";1;0;0;0;NA;96341;1;2020-04-30;234
2020-04-29;"Košický kraj";1;0;0;0;NA;96341;1;2020-04-29;233
2020-04-28;"Košický kraj";1;0;0;0;NA;96341;1;2020-04-28;232
2020-04-27;"Košický kraj";1;0;0;0;NA;96341;1;2020-04-27;231
2020-04-26;"Košický kraj";0;0;0;0;NA;96341;0;2020-04-26;230
2020-04-25;"Košický kraj";0;0;0;0;NA;96341;0;2020-04-25;230
2020-04-24;"Košický kraj";3;0;0;0;NA;96341;3;2020-04-24;230
2020-04-23;"Košický kraj";4;0;0;0;NA;96341;4;2020-04-23;227
2020-04-22;"Košický kraj";21;0;0;0;NA;96341;21;2020-04-22;223
2020-04-21;"Košický kraj";4;0;0;0;NA;96341;4;2020-04-21;202
2020-04-20;"Košický kraj";0;0;0;0;NA;96341;0;2020-04-20;198
2020-04-19;"Košický kraj";1;0;0;0;NA;96341;1;2020-04-19;198
2020-04-18;"Košický kraj";2;0;0;0;NA;96341;2;2020-04-18;197
2020-04-17;"Košický kraj";7;0;0;0;NA;96341;7;2020-04-17;195
2020-04-16;"Košický kraj";29;0;0;0;NA;96341;29;2020-04-16;188
2020-04-15;"Košický kraj";50;0;0;0;NA;96341;50;2020-04-15;159
2020-04-14;"Košický kraj";4;0;0;0;NA;96341;4;2020-04-14;109
2020-04-13;"Košický kraj";5;0;0;0;NA;96341;5;2020-04-13;105
2020-04-12;"Košický kraj";4;0;0;0;NA;96341;4;2020-04-12;100
2020-04-11;"Košický kraj";2;0;0;0;NA;96341;2;2020-04-11;96
2020-04-10;"Košický kraj";1;0;0;0;NA;96341;1;2020-04-10;94
2020-04-09;"Košický kraj";4;0;0;0;NA;96341;4;2020-04-09;93
2020-04-08;"Košický kraj";5;0;0;0;NA;96341;5;2020-04-08;89
2020-04-07;"Košický kraj";34;0;0;0;NA;96341;34;2020-04-07;84
2020-04-06;"Košický kraj";6;0;0;0;NA;96341;6;2020-04-06;50
2020-04-05;"Košický kraj";4;0;0;0;NA;96341;4;2020-04-05;44
2020-04-04;"Košický kraj";5;0;0;0;NA;96341;5;2020-04-04;40
2020-04-03;"Košický kraj";4;0;0;0;NA;96341;4;2020-04-03;35
2020-04-02;"Košický kraj";3;0;0;0;NA;96341;3;2020-04-02;31
2020-04-01;"Košický kraj";3;0;0;0;NA;96341;3;2020-04-01;28
2020-03-31;"Košický kraj";1;0;0;0;NA;96341;1;2020-03-31;25
2020-03-30;"Košický kraj";5;0;0;0;NA;96341;5;2020-03-30;24
2020-03-29;"Košický kraj";0;0;0;0;NA;96341;0;2020-03-29;19
2020-03-28;"Košický kraj";1;0;0;0;NA;96341;1;2020-03-28;19
2020-03-27;"Košický kraj";1;0;0;0;NA;96341;1;2020-03-27;18
2020-03-26;"Košický kraj";3;0;0;0;NA;96341;3;2020-03-26;17
2020-03-25;"Košický kraj";2;0;0;0;NA;96341;2;2020-03-25;14
2020-03-24;"Košický kraj";0;0;0;0;NA;96341;0;2020-03-24;12
2020-03-23;"Košický kraj";2;0;0;0;NA;96341;2;2020-03-23;12
2020-03-22;"Košický kraj";0;0;0;0;NA;96341;0;2020-03-22;10
2020-03-21;"Košický kraj";3;0;0;0;NA;96341;3;2020-03-21;10
2020-03-20;"Košický kraj";1;0;0;0;NA;96341;1;2020-03-20;7
2020-03-19;"Košický kraj";0;0;0;0;NA;96341;0;2020-03-19;6
2020-03-18;"Košický kraj";0;0;0;0;NA;96341;0;2020-03-18;6
2020-03-17;"Košický kraj";0;0;0;0;NA;96341;0;2020-03-17;6
2020-03-16;"Košický kraj";3;0;0;0;NA;96341;3;2020-03-16;6
2020-03-15;"Košický kraj";1;0;0;0;NA;96341;1;2020-03-15;3
2020-03-14;"Košický kraj";0;0;0;0;NA;96341;0;2020-03-14;2
2020-03-13;"Košický kraj";2;0;0;0;NA;96341;2;2020-03-13;2
2020-03-12;"Košický kraj";0;0;0;0;NA;96341;0;2020-03-12;0
2020-03-11;"Košický kraj";0;0;0;0;NA;96341;0;2020-03-11;0
2020-03-09;"Košický kraj";1;0;0;0;NA;96341;1;2020-03-09;0
2020-03-08;"Košický kraj";0;0;0;0;NA;96341;0;2020-03-08;-1
2020-03-07;"Košický kraj";0;0;0;0;NA;96341;0;2020-03-07;-1
2020-03-06;"Košický kraj";0;0;0;0;NA;96341;0;2020-03-06;-1
2021-06-14;"Nitriansky kraj";0;5337;3;5340;39218;90666;3;2021-06-14;90666
2021-06-13;"Nitriansky kraj";0;6184;3;6187;NA;90666;3;2021-06-13;90663
2021-06-12;"Nitriansky kraj";1;7723;1;7724;NA;90666;2;2021-06-12;90660
2021-06-11;"Nitriansky kraj";3;6558;4;6562;NA;90666;7;2021-06-11;90658
2021-06-10;"Nitriansky kraj";7;4539;1;4540;NA;90666;8;2021-06-10;90651
2021-06-09;"Nitriansky kraj";2;4656;5;4661;NA;90666;7;2021-06-09;90643
2021-06-08;"Nitriansky kraj";8;4239;3;4242;NA;90666;11;2021-06-08;90636
2021-06-07;"Nitriansky kraj";6;5648;8;5656;NA;90666;14;2021-06-07;90625
2021-06-06;"Nitriansky kraj";0;6981;4;6985;NA;90666;4;2021-06-06;90611
2021-06-05;"Nitriansky kraj";6;8417;9;8426;NA;90666;15;2021-06-05;90607
2021-06-04;"Nitriansky kraj";9;7462;5;7467;NA;90666;14;2021-06-04;90592
2021-06-03;"Nitriansky kraj";2;5062;6;5068;NA;90666;8;2021-06-03;90578
2021-06-02;"Nitriansky kraj";11;4902;11;4913;NA;90666;22;2021-06-02;90570
2021-06-01;"Nitriansky kraj";3;4698;2;4700;NA;90666;5;2021-06-01;90548
2021-05-31;"Nitriansky kraj";8;8708;8;8716;NA;90666;16;2021-05-31;90543
2021-05-30;"Nitriansky kraj";1;9067;8;9075;NA;90666;9;2021-05-30;90527
2021-05-29;"Nitriansky kraj";2;12799;7;12806;NA;90666;9;2021-05-29;90518
2021-05-28;"Nitriansky kraj";10;8575;6;8581;NA;90666;16;2021-05-28;90509
2021-05-27;"Nitriansky kraj";4;6015;5;6020;NA;90666;9;2021-05-27;90493
2021-05-26;"Nitriansky kraj";11;8266;8;8274;NA;90666;19;2021-05-26;90484
2021-05-25;"Nitriansky kraj";15;7437;9;7446;NA;90666;24;2021-05-25;90465
2021-05-24;"Nitriansky kraj";14;9390;16;9406;NA;90666;30;2021-05-24;90441
2021-05-23;"Nitriansky kraj";1;9516;13;9529;NA;90666;14;2021-05-23;90411
2021-05-22;"Nitriansky kraj";7;16714;11;16725;NA;90666;18;2021-05-22;90397
2021-05-21;"Nitriansky kraj";18;10473;15;10488;NA;90666;33;2021-05-21;90379
2021-05-20;"Nitriansky kraj";8;7059;7;7066;NA;90666;15;2021-05-20;90346
2021-05-19;"Nitriansky kraj";20;6640;14;6654;NA;90666;34;2021-05-19;90331
2021-05-18;"Nitriansky kraj";23;7577;18;7595;NA;90666;41;2021-05-18;90297
2021-05-17;"Nitriansky kraj";22;9575;20;9595;NA;90666;42;2021-05-17;90256
2021-05-16;"Nitriansky kraj";4;13830;15;13845;NA;90666;19;2021-05-16;90214
2021-05-15;"Nitriansky kraj";5;25389;23;25412;NA;90666;28;2021-05-15;90195
2021-05-14;"Nitriansky kraj";18;13268;23;13291;NA;90666;41;2021-05-14;90167
2021-05-13;"Nitriansky kraj";24;8049;19;8068;NA;90666;43;2021-05-13;90126
2021-05-12;"Nitriansky kraj";10;7466;26;7492;NA;90666;36;2021-05-12;90083
2021-05-11;"Nitriansky kraj";36;8274;14;8288;NA;90666;50;2021-05-11;90047
2021-05-10;"Nitriansky kraj";16;13294;32;13326;NA;90666;48;2021-05-10;89997
2021-05-09;"Nitriansky kraj";8;21879;35;21914;NA;90666;43;2021-05-09;89949
2021-05-08;"Nitriansky kraj";0;24318;29;24347;NA;90666;29;2021-05-08;89906
2021-05-07;"Nitriansky kraj";32;14657;20;14677;NA;90666;52;2021-05-07;89877
2021-05-06;"Nitriansky kraj";30;9275;20;9295;NA;90666;50;2021-05-06;89825
2021-05-05;"Nitriansky kraj";19;8518;23;8541;NA;90666;42;2021-05-05;89775
2021-05-04;"Nitriansky kraj";46;8954;27;8981;NA;90666;73;2021-05-04;89733
2021-05-03;"Nitriansky kraj";32;14490;44;14534;NA;90666;76;2021-05-03;89660
2021-05-02;"Nitriansky kraj";4;31751;46;31797;NA;90666;50;2021-05-02;89584
2021-05-01;"Nitriansky kraj";23;60318;43;60361;NA;90666;66;2021-05-01;89534
2021-04-30;"Nitriansky kraj";28;31803;53;31856;NA;90666;81;2021-04-30;89468
2021-04-29;"Nitriansky kraj";27;13995;32;14027;NA;90666;59;2021-04-29;89387
2021-04-28;"Nitriansky kraj";36;14678;45;14723;NA;90666;81;2021-04-28;89328
2021-04-27;"Nitriansky kraj";51;13154;35;13189;NA;90666;86;2021-04-27;89247
2021-04-26;"Nitriansky kraj";38;21029;44;21073;NA;90666;82;2021-04-26;89161
2021-04-25;"Nitriansky kraj";7;43494;43;43537;NA;90666;50;2021-04-25;89079
2021-04-24;"Nitriansky kraj";23;92745;71;92816;NA;90666;94;2021-04-24;89029
2021-04-23;"Nitriansky kraj";54;35143;51;35194;NA;90666;105;2021-04-23;88935
2021-04-22;"Nitriansky kraj";32;15435;44;15479;NA;90666;76;2021-04-22;88830
2021-04-21;"Nitriansky kraj";38;14222;45;14267;NA;90666;83;2021-04-21;88754
2021-04-20;"Nitriansky kraj";67;16058;51;16109;NA;90666;118;2021-04-20;88671
2021-04-19;"Nitriansky kraj";35;24816;59;24875;NA;90666;94;2021-04-19;88553
2021-04-18;"Nitriansky kraj";0;39569;27;39596;NA;90666;27;2021-04-18;88459
2021-04-17;"Nitriansky kraj";34;92102;82;92184;NA;90666;116;2021-04-17;88432
2021-04-16;"Nitriansky kraj";46;32348;37;32385;NA;90666;83;2021-04-16;88316
2021-04-15;"Nitriansky kraj";75;16215;52;16267;NA;90666;127;2021-04-15;88233
2021-04-14;"Nitriansky kraj";43;15303;42;15345;NA;90666;85;2021-04-14;88106
2021-04-13;"Nitriansky kraj";110;14947;44;14991;NA;90666;154;2021-04-13;88021
2021-04-12;"Nitriansky kraj";29;22162;50;22212;NA;90666;79;2021-04-12;87867
2021-04-11;"Nitriansky kraj";1;37537;31;37568;NA;90666;32;2021-04-11;87788
2021-04-10;"Nitriansky kraj";35;95524;115;95639;NA;90666;150;2021-04-10;87756
2021-04-09;"Nitriansky kraj";69;30669;58;30727;NA;90666;127;2021-04-09;87606
2021-04-08;"Nitriansky kraj";71;15369;36;15405;NA;90666;107;2021-04-08;87479
2021-04-07;"Nitriansky kraj";64;18541;47;18588;NA;90666;111;2021-04-07;87372
2021-04-06;"Nitriansky kraj";65;33218;112;33330;NA;90666;177;2021-04-06;87261
2021-04-05;"Nitriansky kraj";37;12673;48;12721;NA;90666;85;2021-04-05;87084
2021-04-04;"Nitriansky kraj";5;17887;35;17922;NA;90666;40;2021-04-04;86999
2021-04-03;"Nitriansky kraj";26;85465;153;85618;NA;90666;179;2021-04-03;86959
2021-04-02;"Nitriansky kraj";32;18667;46;18713;NA;90666;78;2021-04-02;86780
2021-04-01;"Nitriansky kraj";63;24610;83;24693;NA;90666;146;2021-04-01;86702
2021-03-31;"Nitriansky kraj";73;21752;94;21846;NA;90666;167;2021-03-31;86556
2021-03-30;"Nitriansky kraj";125;17044;83;17127;NA;90666;208;2021-03-30;86389
2021-03-29;"Nitriansky kraj";81;25139;100;25239;NA;90666;181;2021-03-29;86181
2021-03-28;"Nitriansky kraj";6;45581;106;45687;NA;90666;112;2021-03-28;86000
2021-03-27;"Nitriansky kraj";39;103659;174;103833;NA;90666;213;2021-03-27;85888
2021-03-26;"Nitriansky kraj";90;40444;115;40559;NA;90666;205;2021-03-26;85675
2021-03-25;"Nitriansky kraj";95;19149;94;19243;NA;90666;189;2021-03-25;85470
2021-03-24;"Nitriansky kraj";90;14784;91;14875;NA;90666;181;2021-03-24;85281
2021-03-23;"Nitriansky kraj";167;16753;66;16819;NA;90666;233;2021-03-23;85100
2021-03-22;"Nitriansky kraj";101;23699;124;23823;NA;90666;225;2021-03-22;84867
2021-03-21;"Nitriansky kraj";27;42318;99;42417;NA;90666;126;2021-03-21;84642
2021-03-20;"Nitriansky kraj";36;99816;207;100023;NA;90666;243;2021-03-20;84516
2021-03-19;"Nitriansky kraj";76;37115;101;37216;NA;90666;177;2021-03-19;84273
2021-03-18;"Nitriansky kraj";103;20051;113;20164;NA;90666;216;2021-03-18;84096
2021-03-17;"Nitriansky kraj";87;15832;127;15959;NA;90666;214;2021-03-17;83880
2021-03-16;"Nitriansky kraj";172;18085;121;18206;NA;90666;293;2021-03-16;83666
2021-03-15;"Nitriansky kraj";130;24491;165;24656;NA;90666;295;2021-03-15;83373
2021-03-14;"Nitriansky kraj";3;45758;107;45865;NA;90666;110;2021-03-14;83078
2021-03-13;"Nitriansky kraj";65;112081;241;112322;NA;90666;306;2021-03-13;82968
2021-03-12;"Nitriansky kraj";127;40776;159;40935;NA;90666;286;2021-03-12;82662
2021-03-11;"Nitriansky kraj";131;18685;130;18815;NA;90666;261;2021-03-11;82376
2021-03-10;"Nitriansky kraj";96;17422;143;17565;NA;90666;239;2021-03-10;82115
2021-03-09;"Nitriansky kraj";260;17645;149;17794;NA;90666;409;2021-03-09;81876
2021-03-08;"Nitriansky kraj";145;27214;172;27386;NA;90666;317;2021-03-08;81467
2021-03-07;"Nitriansky kraj";48;46867;185;47052;NA;90666;233;2021-03-07;81150
2021-03-06;"Nitriansky kraj";86;110858;326;111184;NA;90666;412;2021-03-06;80917
2021-03-05;"Nitriansky kraj";133;39068;200;39268;NA;90666;333;2021-03-05;80505
2021-03-04;"Nitriansky kraj";176;18206;173;18379;NA;90666;349;2021-03-04;80172
2021-03-03;"Nitriansky kraj";172;17210;177;17387;NA;90666;349;2021-03-03;79823
2021-03-02;"Nitriansky kraj";274;20999;366;21365;NA;90666;640;2021-03-02;79474
2021-03-01;"Nitriansky kraj";133;27881;279;28160;NA;90666;412;2021-03-01;78834
2021-02-28;"Nitriansky kraj";80;40866;218;41084;NA;90666;298;2021-02-28;78422
2021-02-27;"Nitriansky kraj";101;106352;496;106848;NA;90666;597;2021-02-27;78124
2021-02-26;"Nitriansky kraj";109;36722;306;37028;NA;90666;415;2021-02-26;77527
2021-02-25;"Nitriansky kraj";188;15235;212;15447;NA;90666;400;2021-02-25;77112
2021-02-24;"Nitriansky kraj";125;13833;260;14093;NA;90666;385;2021-02-24;76712
2021-02-23;"Nitriansky kraj";273;15402;273;15675;NA;90666;546;2021-02-23;76327
2021-02-22;"Nitriansky kraj";154;26466;330;26796;NA;90666;484;2021-02-22;75781
2021-02-21;"Nitriansky kraj";22;43657;320;43977;NA;90666;342;2021-02-21;75297
2021-02-20;"Nitriansky kraj";128;108304;584;108888;NA;90666;712;2021-02-20;74955
2021-02-19;"Nitriansky kraj";173;36849;328;37177;NA;90666;501;2021-02-19;74243
2021-02-18;"Nitriansky kraj";202;17051;275;17326;NA;90666;477;2021-02-18;73742
2021-02-17;"Nitriansky kraj";198;12080;310;12390;NA;90666;508;2021-02-17;73265
2021-02-16;"Nitriansky kraj";284;14477;282;14759;NA;90666;566;2021-02-16;72757
2021-02-15;"Nitriansky kraj";122;27620;471;28091;NA;90666;593;2021-02-15;72191
2021-02-14;"Nitriansky kraj";8;50408;318;50726;NA;90666;326;2021-02-14;71598
2021-02-13;"Nitriansky kraj";127;110035;689;110724;NA;90666;816;2021-02-13;71272
2021-02-12;"Nitriansky kraj";162;33400;407;33807;NA;90666;569;2021-02-12;70456
2021-02-11;"Nitriansky kraj";195;12406;270;12676;NA;90666;465;2021-02-11;69887
2021-02-10;"Nitriansky kraj";186;17632;644;18276;NA;90666;830;2021-02-10;69422
2021-02-09;"Nitriansky kraj";260;18523;385;18908;NA;90666;645;2021-02-09;68592
2021-02-08;"Nitriansky kraj";177;37534;569;38103;NA;90666;746;2021-02-08;67947
2021-02-07;"Nitriansky kraj";20;52307;513;52820;NA;90666;533;2021-02-07;67201
2021-02-06;"Nitriansky kraj";129;101942;765;102707;NA;90666;894;2021-02-06;66668
2021-02-05;"Nitriansky kraj";244;26144;491;26635;NA;90666;735;2021-02-05;65774
2021-02-04;"Nitriansky kraj";308;15681;512;16193;NA;90666;820;2021-02-04;65039
2021-02-03;"Nitriansky kraj";191;13468;382;13850;NA;90666;573;2021-02-03;64219
2021-02-02;"Nitriansky kraj";327;17878;382;18260;NA;90666;709;2021-02-02;63646
2021-02-01;"Nitriansky kraj";221;24049;460;24509;NA;90666;681;2021-02-01;62937
2021-01-31;"Nitriansky kraj";9;45339;496;45835;NA;90666;505;2021-01-31;62256
2021-01-30;"Nitriansky kraj";152;98142;1077;99219;NA;90666;1229;2021-01-30;61751
2021-01-29;"Nitriansky kraj";302;22461;477;22938;NA;90666;779;2021-01-29;60522
2021-01-28;"Nitriansky kraj";269;11370;398;11768;NA;90666;667;2021-01-28;59743
2021-01-27;"Nitriansky kraj";235;6760;299;7059;NA;90666;534;2021-01-27;59076
2021-01-26;"Nitriansky kraj";345;16045;454;16499;NA;90666;799;2021-01-26;58542
2021-01-25;"Nitriansky kraj";201;21729;429;22158;NA;90666;630;2021-01-25;57743
2021-01-24;"Nitriansky kraj";12;78775;889;79664;NA;90666;901;2021-01-24;57113
2021-01-23;"Nitriansky kraj";277;97395;1434;98829;NA;90666;1711;2021-01-23;56212
2021-01-22;"Nitriansky kraj";139;35824;619;36443;NA;90666;758;2021-01-22;54501
2021-01-21;"Nitriansky kraj";305;14649;412;15061;NA;90666;717;2021-01-21;53743
2021-01-20;"Nitriansky kraj";326;11991;625;12616;NA;90666;951;2021-01-20;53026
2021-01-19;"Nitriansky kraj";344;11022;633;11655;NA;90666;977;2021-01-19;52075
2021-01-18;"Nitriansky kraj";367;8902;520;9422;NA;90666;887;2021-01-18;51098
2021-01-17;"Nitriansky kraj";97;15061;275;15336;NA;90666;372;2021-01-17;50211
2021-01-16;"Nitriansky kraj";64;36838;679;37517;NA;90666;743;2021-01-16;49839
2021-01-15;"Nitriansky kraj";373;15940;474;16414;NA;90666;847;2021-01-15;49096
2021-01-14;"Nitriansky kraj";627;10577;452;11029;NA;90666;1079;2021-01-14;48249
2021-01-13;"Nitriansky kraj";663;9234;484;9718;NA;90666;1147;2021-01-13;47170
2021-01-12;"Nitriansky kraj";642;9014;557;9571;NA;90666;1199;2021-01-12;46023
2021-01-11;"Nitriansky kraj";422;8625;556;9181;NA;90666;978;2021-01-11;44824
2021-01-10;"Nitriansky kraj";44;19841;730;20571;NA;90666;774;2021-01-10;43846
2021-01-09;"Nitriansky kraj";532;36823;1071;37894;NA;90666;1603;2021-01-09;43072
2021-01-08;"Nitriansky kraj";817;14297;711;15008;NA;90666;1528;2021-01-08;41469
2021-01-07;"Nitriansky kraj";438;10406;822;11228;NA;90666;1260;2021-01-07;39941
2021-01-06;"Nitriansky kraj";259;3192;197;3389;NA;90666;456;2021-01-06;38681
2021-01-05;"Nitriansky kraj";732;8901;1202;10103;NA;90666;1934;2021-01-05;38225
2021-01-04;"Nitriansky kraj";362;8692;1329;10021;NA;90666;1691;2021-01-04;36291
2021-01-03;"Nitriansky kraj";42;84;20;104;NA;90666;62;2021-01-03;34600
2021-01-02;"Nitriansky kraj";249;1090;26;1116;NA;90666;275;2021-01-02;34538
2021-01-01;"Nitriansky kraj";119;781;95;876;NA;90666;214;2021-01-01;34263
2020-12-31;"Nitriansky kraj";786;7646;962;8608;NA;90666;1748;2020-12-31;34049
2020-12-30;"Nitriansky kraj";1094;9619;1165;10784;NA;90666;2259;2020-12-30;32301
2020-12-29;"Nitriansky kraj";607;8277;1286;9563;NA;90666;1893;2020-12-29;30042
2020-12-28;"Nitriansky kraj";83;6981;1271;8252;NA;90666;1354;2020-12-28;28149
2020-12-27;"Nitriansky kraj";22;60;8;68;NA;90666;30;2020-12-27;26795
2020-12-26;"Nitriansky kraj";54;297;56;353;NA;90666;110;2020-12-26;26765
2020-12-25;"Nitriansky kraj";35;60;11;71;NA;90666;46;2020-12-25;26655
2020-12-24;"Nitriansky kraj";514;1861;176;2037;NA;90666;690;2020-12-24;26609
2020-12-23;"Nitriansky kraj";349;15295;843;16138;NA;90666;1192;2020-12-23;25919
2020-12-22;"Nitriansky kraj";673;10989;994;11983;NA;90666;1667;2020-12-22;24727
2020-12-21;"Nitriansky kraj";128;7953;976;8929;NA;90666;1104;2020-12-21;23060
2020-12-20;"Nitriansky kraj";77;50;10;60;NA;90666;87;2020-12-20;21956
2020-12-19;"Nitriansky kraj";262;2259;159;2418;NA;90666;421;2020-12-19;21869
2020-12-18;"Nitriansky kraj";512;8437;551;8988;NA;90666;1063;2020-12-18;21448
2020-12-17;"Nitriansky kraj";586;6894;514;7408;NA;90666;1100;2020-12-17;20385
2020-12-16;"Nitriansky kraj";357;8785;546;9331;NA;90666;903;2020-12-16;19285
2020-12-15;"Nitriansky kraj";461;9365;769;10134;NA;90666;1230;2020-12-15;18382
2020-12-14;"Nitriansky kraj";217;8089;827;8916;NA;90666;1044;2020-12-14;17152
2020-12-13;"Nitriansky kraj";12;69;6;75;NA;90666;18;2020-12-13;16108
2020-12-12;"Nitriansky kraj";341;1832;125;1957;NA;90666;466;2020-12-12;16090
2020-12-11;"Nitriansky kraj";409;5430;416;5846;NA;90666;825;2020-12-11;15624
2020-12-10;"Nitriansky kraj";360;5473;351;5824;NA;90666;711;2020-12-10;14799
2020-12-09;"Nitriansky kraj";362;5506;529;6035;NA;90666;891;2020-12-09;14088
2020-12-08;"Nitriansky kraj";340;8168;548;8716;NA;90666;888;2020-12-08;13197
2020-12-07;"Nitriansky kraj";139;6243;573;6816;NA;90666;712;2020-12-07;12309
2020-12-06;"Nitriansky kraj";15;89;4;93;NA;90666;19;2020-12-06;11597
2020-12-05;"Nitriansky kraj";136;1388;19;1407;NA;90666;155;2020-12-05;11578
2020-12-04;"Nitriansky kraj";232;2884;74;2958;NA;90666;306;2020-12-04;11423
2020-12-03;"Nitriansky kraj";248;2471;110;2581;NA;90666;358;2020-12-03;11117
2020-12-02;"Nitriansky kraj";252;3733;163;3896;NA;90666;415;2020-12-02;10759
2020-12-01;"Nitriansky kraj";331;2891;131;3022;NA;90666;462;2020-12-01;10344
2020-11-30;"Nitriansky kraj";91;4228;188;4416;NA;90666;279;2020-11-30;9882
2020-11-29;"Nitriansky kraj";3;0;0;0;NA;90666;3;2020-11-29;9603
2020-11-28;"Nitriansky kraj";135;0;0;0;NA;90666;135;2020-11-28;9600
2020-11-27;"Nitriansky kraj";177;516;14;530;NA;90666;191;2020-11-27;9465
2020-11-26;"Nitriansky kraj";191;380;21;401;NA;90666;212;2020-11-26;9274
2020-11-25;"Nitriansky kraj";325;324;17;341;NA;90666;342;2020-11-25;9062
2020-11-24;"Nitriansky kraj";147;251;6;257;NA;90666;153;2020-11-24;8720
2020-11-23;"Nitriansky kraj";102;306;3;309;NA;90666;105;2020-11-23;8567
2020-11-22;"Nitriansky kraj";7;0;0;0;NA;90666;7;2020-11-22;8462
2020-11-21;"Nitriansky kraj";86;0;0;0;NA;90666;86;2020-11-21;8455
2020-11-20;"Nitriansky kraj";264;160;2;162;NA;90666;266;2020-11-20;8369
2020-11-19;"Nitriansky kraj";185;112;1;113;NA;90666;186;2020-11-19;8103
2020-11-18;"Nitriansky kraj";188;105;2;107;NA;90666;190;2020-11-18;7917
2020-11-17;"Nitriansky kraj";178;0;0;0;NA;90666;178;2020-11-17;7727
2020-11-16;"Nitriansky kraj";139;41;0;41;NA;90666;139;2020-11-16;7549
2020-11-15;"Nitriansky kraj";14;0;0;0;NA;90666;14;2020-11-15;7410
2020-11-14;"Nitriansky kraj";114;0;0;0;NA;90666;114;2020-11-14;7396
2020-11-13;"Nitriansky kraj";210;0;0;0;NA;90666;210;2020-11-13;7282
2020-11-12;"Nitriansky kraj";256;0;0;0;NA;90666;256;2020-11-12;7072
2020-11-11;"Nitriansky kraj";279;0;0;0;NA;90666;279;2020-11-11;6816
2020-11-10;"Nitriansky kraj";192;0;0;0;NA;90666;192;2020-11-10;6537
2020-11-09;"Nitriansky kraj";128;0;0;0;NA;90666;128;2020-11-09;6345
2020-11-08;"Nitriansky kraj";43;0;0;0;NA;90666;43;2020-11-08;6217
2020-11-07;"Nitriansky kraj";130;0;0;0;NA;90666;130;2020-11-07;6174
2020-11-06;"Nitriansky kraj";210;0;0;0;NA;90666;210;2020-11-06;6044
2020-11-05;"Nitriansky kraj";178;1;0;1;NA;90666;178;2020-11-05;5834
2020-11-04;"Nitriansky kraj";211;0;0;0;NA;90666;211;2020-11-04;5656
2020-11-03;"Nitriansky kraj";216;0;0;0;NA;90666;216;2020-11-03;5445
2020-11-02;"Nitriansky kraj";171;0;0;0;NA;90666;171;2020-11-02;5229
2020-11-01;"Nitriansky kraj";130;0;0;0;NA;90666;130;2020-11-01;5058
2020-10-31;"Nitriansky kraj";261;0;0;0;NA;90666;261;2020-10-31;4928
2020-10-30;"Nitriansky kraj";204;0;0;0;NA;90666;204;2020-10-30;4667
2020-10-29;"Nitriansky kraj";293;0;0;0;NA;90666;293;2020-10-29;4463
2020-10-28;"Nitriansky kraj";216;0;0;0;NA;90666;216;2020-10-28;4170
2020-10-27;"Nitriansky kraj";296;0;0;0;NA;90666;296;2020-10-27;3954
2020-10-26;"Nitriansky kraj";69;0;0;0;NA;90666;69;2020-10-26;3658
2020-10-25;"Nitriansky kraj";50;0;0;0;NA;90666;50;2020-10-25;3589
2020-10-24;"Nitriansky kraj";169;0;0;0;NA;90666;169;2020-10-24;3539
2020-10-23;"Nitriansky kraj";282;0;0;0;NA;90666;282;2020-10-23;3370
2020-10-22;"Nitriansky kraj";137;0;0;0;NA;90666;137;2020-10-22;3088
2020-10-21;"Nitriansky kraj";146;0;0;0;NA;90666;146;2020-10-21;2951
2020-10-20;"Nitriansky kraj";197;0;0;0;NA;90666;197;2020-10-20;2805
2020-10-19;"Nitriansky kraj";148;0;0;0;NA;90666;148;2020-10-19;2608
2020-10-18;"Nitriansky kraj";22;0;0;0;NA;90666;22;2020-10-18;2460
2020-10-17;"Nitriansky kraj";67;0;0;0;NA;90666;67;2020-10-17;2438
2020-10-16;"Nitriansky kraj";133;0;0;0;NA;90666;133;2020-10-16;2371
2020-10-15;"Nitriansky kraj";106;0;0;0;NA;90666;106;2020-10-15;2238
2020-10-14;"Nitriansky kraj";80;0;0;0;NA;90666;80;2020-10-14;2132
2020-10-13;"Nitriansky kraj";101;0;0;0;NA;90666;101;2020-10-13;2052
2020-10-12;"Nitriansky kraj";36;0;0;0;NA;90666;36;2020-10-12;1951
2020-10-11;"Nitriansky kraj";8;0;0;0;NA;90666;8;2020-10-11;1915
2020-10-10;"Nitriansky kraj";107;0;0;0;NA;90666;107;2020-10-10;1907
2020-10-09;"Nitriansky kraj";120;0;0;0;NA;90666;120;2020-10-09;1800
2020-10-08;"Nitriansky kraj";132;0;0;0;NA;90666;132;2020-10-08;1680
2020-10-07;"Nitriansky kraj";81;0;0;0;NA;90666;81;2020-10-07;1548
2020-10-06;"Nitriansky kraj";48;0;0;0;NA;90666;48;2020-10-06;1467
2020-10-05;"Nitriansky kraj";20;0;0;0;NA;90666;20;2020-10-05;1419
2020-10-04;"Nitriansky kraj";17;0;0;0;NA;90666;17;2020-10-04;1399
2020-10-03;"Nitriansky kraj";96;0;0;0;NA;90666;96;2020-10-03;1382
2020-10-02;"Nitriansky kraj";108;0;0;0;NA;90666;108;2020-10-02;1286
2020-10-01;"Nitriansky kraj";95;0;0;0;NA;90666;95;2020-10-01;1178
2020-09-30;"Nitriansky kraj";100;0;0;0;NA;90666;100;2020-09-30;1083
2020-09-29;"Nitriansky kraj";50;0;0;0;NA;90666;50;2020-09-29;983
2020-09-28;"Nitriansky kraj";22;0;0;0;NA;90666;22;2020-09-28;933
2020-09-27;"Nitriansky kraj";16;0;0;0;NA;90666;16;2020-09-27;911
2020-09-26;"Nitriansky kraj";64;0;0;0;NA;90666;64;2020-09-26;895
2020-09-25;"Nitriansky kraj";90;0;0;0;NA;90666;90;2020-09-25;831
2020-09-24;"Nitriansky kraj";51;0;0;0;NA;90666;51;2020-09-24;741
2020-09-23;"Nitriansky kraj";70;0;0;0;NA;90666;70;2020-09-23;690
2020-09-22;"Nitriansky kraj";18;0;0;0;NA;90666;18;2020-09-22;620
2020-09-21;"Nitriansky kraj";10;0;0;0;NA;90666;10;2020-09-21;602
2020-09-20;"Nitriansky kraj";4;0;0;0;NA;90666;4;2020-09-20;592
2020-09-19;"Nitriansky kraj";14;0;0;0;NA;90666;14;2020-09-19;588
2020-09-18;"Nitriansky kraj";19;0;0;0;NA;90666;19;2020-09-18;574
2020-09-17;"Nitriansky kraj";30;0;0;0;NA;90666;30;2020-09-17;555
2020-09-16;"Nitriansky kraj";6;0;0;0;NA;90666;6;2020-09-16;525
2020-09-15;"Nitriansky kraj";19;0;0;0;NA;90666;19;2020-09-15;519
2020-09-14;"Nitriansky kraj";28;0;0;0;NA;90666;28;2020-09-14;500
2020-09-13;"Nitriansky kraj";3;0;0;0;NA;90666;3;2020-09-13;472
2020-09-12;"Nitriansky kraj";12;0;0;0;NA;90666;12;2020-09-12;469
2020-09-11;"Nitriansky kraj";23;0;0;0;NA;90666;23;2020-09-11;457
2020-09-10;"Nitriansky kraj";29;0;0;0;NA;90666;29;2020-09-10;434
2020-09-09;"Nitriansky kraj";19;0;0;0;NA;90666;19;2020-09-09;405
2020-09-08;"Nitriansky kraj";17;0;0;0;NA;90666;17;2020-09-08;386
2020-09-07;"Nitriansky kraj";17;0;0;0;NA;90666;17;2020-09-07;369
2020-09-06;"Nitriansky kraj";0;0;0;0;NA;90666;0;2020-09-06;352
2020-09-05;"Nitriansky kraj";22;0;0;0;NA;90666;22;2020-09-05;352
2020-09-04;"Nitriansky kraj";34;0;0;0;NA;90666;34;2020-09-04;330
2020-09-03;"Nitriansky kraj";15;0;0;0;NA;90666;15;2020-09-03;296
2020-09-02;"Nitriansky kraj";15;0;0;0;NA;90666;15;2020-09-02;281
2020-09-01;"Nitriansky kraj";2;0;0;0;NA;90666;2;2020-09-01;266
2020-08-31;"Nitriansky kraj";12;0;0;0;NA;90666;12;2020-08-31;264
2020-08-30;"Nitriansky kraj";1;0;0;0;NA;90666;1;2020-08-30;252
2020-08-29;"Nitriansky kraj";7;0;0;0;NA;90666;7;2020-08-29;251
2020-08-28;"Nitriansky kraj";12;0;0;0;NA;90666;12;2020-08-28;244
2020-08-27;"Nitriansky kraj";12;0;0;0;NA;90666;12;2020-08-27;232
2020-08-26;"Nitriansky kraj";4;0;0;0;NA;90666;4;2020-08-26;220
2020-08-25;"Nitriansky kraj";8;0;0;0;NA;90666;8;2020-08-25;216
2020-08-24;"Nitriansky kraj";1;0;0;0;NA;90666;1;2020-08-24;208
2020-08-23;"Nitriansky kraj";1;0;0;0;NA;90666;1;2020-08-23;207
2020-08-22;"Nitriansky kraj";2;0;0;0;NA;90666;2;2020-08-22;206
2020-08-21;"Nitriansky kraj";0;0;0;0;NA;90666;0;2020-08-21;204
2020-08-20;"Nitriansky kraj";7;0;0;0;NA;90666;7;2020-08-20;204
2020-08-19;"Nitriansky kraj";1;0;0;0;NA;90666;1;2020-08-19;197
2020-08-18;"Nitriansky kraj";2;0;0;0;NA;90666;2;2020-08-18;196
2020-08-17;"Nitriansky kraj";1;0;0;0;NA;90666;1;2020-08-17;194
2020-08-16;"Nitriansky kraj";0;0;0;0;NA;90666;0;2020-08-16;193
2020-08-15;"Nitriansky kraj";2;0;0;0;NA;90666;2;2020-08-15;193
2020-08-14;"Nitriansky kraj";1;0;0;0;NA;90666;1;2020-08-14;191
2020-08-13;"Nitriansky kraj";4;0;0;0;NA;90666;4;2020-08-13;190
2020-08-12;"Nitriansky kraj";0;0;0;0;NA;90666;0;2020-08-12;186
2020-08-11;"Nitriansky kraj";1;0;0;0;NA;90666;1;2020-08-11;186
2020-08-10;"Nitriansky kraj";0;0;0;0;NA;90666;0;2020-08-10;185
2020-08-09;"Nitriansky kraj";0;0;0;0;NA;90666;0;2020-08-09;185
2020-08-08;"Nitriansky kraj";0;0;0;0;NA;90666;0;2020-08-08;185
2020-08-07;"Nitriansky kraj";4;0;0;0;NA;90666;4;2020-08-07;185
2020-08-06;"Nitriansky kraj";4;0;0;0;NA;90666;4;2020-08-06;181
2020-08-05;"Nitriansky kraj";0;0;0;0;NA;90666;0;2020-08-05;177
2020-08-04;"Nitriansky kraj";7;0;0;0;NA;90666;7;2020-08-04;177
2020-08-03;"Nitriansky kraj";0;0;0;0;NA;90666;0;2020-08-03;170
2020-08-02;"Nitriansky kraj";0;0;0;0;NA;90666;0;2020-08-02;170
2020-08-01;"Nitriansky kraj";0;0;0;0;NA;90666;0;2020-08-01;170
2020-07-31;"Nitriansky kraj";0;0;0;0;NA;90666;0;2020-07-31;170
2020-07-30;"Nitriansky kraj";0;0;0;0;NA;90666;0;2020-07-30;170
2020-07-29;"Nitriansky kraj";0;0;0;0;NA;90666;0;2020-07-29;170
2020-07-28;"Nitriansky kraj";0;0;0;0;NA;90666;0;2020-07-28;170
2020-07-27;"Nitriansky kraj";0;0;0;0;NA;90666;0;2020-07-27;170
2020-07-26;"Nitriansky kraj";0;0;0;0;NA;90666;0;2020-07-26;170
2020-07-25;"Nitriansky kraj";0;0;0;0;NA;90666;0;2020-07-25;170
2020-07-24;"Nitriansky kraj";1;0;0;0;NA;90666;1;2020-07-24;170
2020-07-23;"Nitriansky kraj";3;0;0;0;NA;90666;3;2020-07-23;169
2020-07-22;"Nitriansky kraj";2;0;0;0;NA;90666;2;2020-07-22;166
2020-07-21;"Nitriansky kraj";14;0;0;0;NA;90666;14;2020-07-21;164
2020-07-20;"Nitriansky kraj";11;0;0;0;NA;90666;11;2020-07-20;150
2020-07-19;"Nitriansky kraj";0;0;0;0;NA;90666;0;2020-07-19;139
2020-07-18;"Nitriansky kraj";0;0;0;0;NA;90666;0;2020-07-18;139
2020-07-17;"Nitriansky kraj";0;0;0;0;NA;90666;0;2020-07-17;139
2020-07-16;"Nitriansky kraj";4;0;0;0;NA;90666;4;2020-07-16;139
2020-07-15;"Nitriansky kraj";5;0;0;0;NA;90666;5;2020-07-15;135
2020-07-14;"Nitriansky kraj";0;0;0;0;NA;90666;0;2020-07-14;130
2020-07-13;"Nitriansky kraj";0;0;0;0;NA;90666;0;2020-07-13;130
2020-07-12;"Nitriansky kraj";0;0;0;0;NA;90666;0;2020-07-12;130
2020-07-11;"Nitriansky kraj";0;0;0;0;NA;90666;0;2020-07-11;130
2020-07-10;"Nitriansky kraj";0;0;0;0;NA;90666;0;2020-07-10;130
2020-07-09;"Nitriansky kraj";1;0;0;0;NA;90666;1;2020-07-09;130
2020-07-08;"Nitriansky kraj";2;0;0;0;NA;90666;2;2020-07-08;129
2020-07-07;"Nitriansky kraj";0;0;0;0;NA;90666;0;2020-07-07;127
2020-07-06;"Nitriansky kraj";0;0;0;0;NA;90666;0;2020-07-06;127
2020-07-05;"Nitriansky kraj";0;0;0;0;NA;90666;0;2020-07-05;127
2020-07-04;"Nitriansky kraj";0;0;0;0;NA;90666;0;2020-07-04;127
2020-07-03;"Nitriansky kraj";0;0;0;0;NA;90666;0;2020-07-03;127
2020-07-02;"Nitriansky kraj";0;0;0;0;NA;90666;0;2020-07-02;127
2020-07-01;"Nitriansky kraj";3;0;0;0;NA;90666;3;2020-07-01;127
2020-06-30;"Nitriansky kraj";0;0;0;0;NA;90666;0;2020-06-30;124
2020-06-29;"Nitriansky kraj";0;0;0;0;NA;90666;0;2020-06-29;124
2020-06-28;"Nitriansky kraj";0;0;0;0;NA;90666;0;2020-06-28;124
2020-06-27;"Nitriansky kraj";0;0;0;0;NA;90666;0;2020-06-27;124
2020-06-26;"Nitriansky kraj";0;0;0;0;NA;90666;0;2020-06-26;124
2020-06-25;"Nitriansky kraj";0;0;0;0;NA;90666;0;2020-06-25;124
2020-06-24;"Nitriansky kraj";1;0;0;0;NA;90666;1;2020-06-24;124
2020-06-23;"Nitriansky kraj";0;0;0;0;NA;90666;0;2020-06-23;123
2020-06-22;"Nitriansky kraj";0;0;0;0;NA;90666;0;2020-06-22;123
2020-06-21;"Nitriansky kraj";0;0;0;0;NA;90666;0;2020-06-21;123
2020-06-20;"Nitriansky kraj";0;0;0;0;NA;90666;0;2020-06-20;123
2020-06-19;"Nitriansky kraj";0;0;0;0;NA;90666;0;2020-06-19;123
2020-06-18;"Nitriansky kraj";0;0;0;0;NA;90666;0;2020-06-18;123
2020-06-17;"Nitriansky kraj";0;0;0;0;NA;90666;0;2020-06-17;123
2020-06-16;"Nitriansky kraj";0;0;0;0;NA;90666;0;2020-06-16;123
2020-06-14;"Nitriansky kraj";0;0;0;0;NA;90666;0;2020-06-14;123
2020-06-13;"Nitriansky kraj";0;0;0;0;NA;90666;0;2020-06-13;123
2020-06-12;"Nitriansky kraj";0;0;0;0;NA;90666;0;2020-06-12;123
2020-06-11;"Nitriansky kraj";0;0;0;0;NA;90666;0;2020-06-11;123
2020-06-10;"Nitriansky kraj";1;0;0;0;NA;90666;1;2020-06-10;123
2020-06-09;"Nitriansky kraj";1;0;0;0;NA;90666;1;2020-06-09;122
2020-06-08;"Nitriansky kraj";0;0;0;0;NA;90666;0;2020-06-08;121
2020-06-07;"Nitriansky kraj";0;0;0;0;NA;90666;0;2020-06-07;121
2020-06-05;"Nitriansky kraj";0;0;0;0;NA;90666;0;2020-06-05;121
2020-06-03;"Nitriansky kraj";0;0;0;0;NA;90666;0;2020-06-03;121
2020-06-02;"Nitriansky kraj";1;0;0;0;NA;90666;1;2020-06-02;121
2020-05-31;"Nitriansky kraj";0;0;0;0;NA;90666;0;2020-05-31;120
2020-05-29;"Nitriansky kraj";0;0;0;0;NA;90666;0;2020-05-29;120
2020-05-27;"Nitriansky kraj";0;0;0;0;NA;90666;0;2020-05-27;120
2020-05-26;"Nitriansky kraj";0;0;0;0;NA;90666;0;2020-05-26;120
2020-05-25;"Nitriansky kraj";0;0;0;0;NA;90666;0;2020-05-25;120
2020-05-24;"Nitriansky kraj";2;0;0;0;NA;90666;2;2020-05-24;120
2020-05-23;"Nitriansky kraj";0;0;0;0;NA;90666;0;2020-05-23;118
2020-05-22;"Nitriansky kraj";1;0;0;0;NA;90666;1;2020-05-22;118
2020-05-21;"Nitriansky kraj";0;0;0;0;NA;90666;0;2020-05-21;117
2020-05-20;"Nitriansky kraj";0;0;0;0;NA;90666;0;2020-05-20;117
2020-05-19;"Nitriansky kraj";0;0;0;0;NA;90666;0;2020-05-19;117
2020-05-17;"Nitriansky kraj";0;0;0;0;NA;90666;0;2020-05-17;117
2020-05-16;"Nitriansky kraj";0;0;0;0;NA;90666;0;2020-05-16;117
2020-05-15;"Nitriansky kraj";1;0;0;0;NA;90666;1;2020-05-15;117
2020-05-14;"Nitriansky kraj";0;0;0;0;NA;90666;0;2020-05-14;116
2020-05-13;"Nitriansky kraj";0;0;0;0;NA;90666;0;2020-05-13;116
2020-05-12;"Nitriansky kraj";0;0;0;0;NA;90666;0;2020-05-12;116
2020-05-11;"Nitriansky kraj";2;0;0;0;NA;90666;2;2020-05-11;116
2020-05-09;"Nitriansky kraj";0;0;0;0;NA;90666;0;2020-05-09;114
2020-05-07;"Nitriansky kraj";1;0;0;0;NA;90666;1;2020-05-07;114
2020-05-06;"Nitriansky kraj";9;0;0;0;NA;90666;9;2020-05-06;113
2020-05-05;"Nitriansky kraj";0;0;0;0;NA;90666;0;2020-05-05;104
2020-05-04;"Nitriansky kraj";5;0;0;0;NA;90666;5;2020-05-04;104
2020-05-03;"Nitriansky kraj";2;0;0;0;NA;90666;2;2020-05-03;99
2020-05-02;"Nitriansky kraj";0;0;0;0;NA;90666;0;2020-05-02;97
2020-05-01;"Nitriansky kraj";1;0;0;0;NA;90666;1;2020-05-01;97
2020-04-30;"Nitriansky kraj";0;0;0;0;NA;90666;0;2020-04-30;96
2020-04-29;"Nitriansky kraj";0;0;0;0;NA;90666;0;2020-04-29;96
2020-04-28;"Nitriansky kraj";1;0;0;0;NA;90666;1;2020-04-28;96
2020-04-27;"Nitriansky kraj";0;0;0;0;NA;90666;0;2020-04-27;95
2020-04-26;"Nitriansky kraj";0;0;0;0;NA;90666;0;2020-04-26;95
2020-04-25;"Nitriansky kraj";0;0;0;0;NA;90666;0;2020-04-25;95
2020-04-24;"Nitriansky kraj";0;0;0;0;NA;90666;0;2020-04-24;95
2020-04-23;"Nitriansky kraj";3;0;0;0;NA;90666;3;2020-04-23;95
2020-04-22;"Nitriansky kraj";16;0;0;0;NA;90666;16;2020-04-22;92
2020-04-21;"Nitriansky kraj";6;0;0;0;NA;90666;6;2020-04-21;76
2020-04-20;"Nitriansky kraj";5;0;0;0;NA;90666;5;2020-04-20;70
2020-04-19;"Nitriansky kraj";0;0;0;0;NA;90666;0;2020-04-19;65
2020-04-18;"Nitriansky kraj";0;0;0;0;NA;90666;0;2020-04-18;65
2020-04-17;"Nitriansky kraj";7;0;0;0;NA;90666;7;2020-04-17;65
2020-04-16;"Nitriansky kraj";0;0;0;0;NA;90666;0;2020-04-16;58
2020-04-15;"Nitriansky kraj";6;0;0;0;NA;90666;6;2020-04-15;58
2020-04-14;"Nitriansky kraj";2;0;0;0;NA;90666;2;2020-04-14;52
2020-04-13;"Nitriansky kraj";1;0;0;0;NA;90666;1;2020-04-13;50
2020-04-12;"Nitriansky kraj";3;0;0;0;NA;90666;3;2020-04-12;49
2020-04-11;"Nitriansky kraj";1;0;0;0;NA;90666;1;2020-04-11;46
2020-04-10;"Nitriansky kraj";1;0;0;0;NA;90666;1;2020-04-10;45
2020-04-09;"Nitriansky kraj";0;0;0;0;NA;90666;0;2020-04-09;44
2020-04-08;"Nitriansky kraj";2;0;0;0;NA;90666;2;2020-04-08;44
2020-04-07;"Nitriansky kraj";3;0;0;0;NA;90666;3;2020-04-07;42
2020-04-06;"Nitriansky kraj";4;0;0;0;NA;90666;4;2020-04-06;39
2020-04-05;"Nitriansky kraj";5;0;0;0;NA;90666;5;2020-04-05;35
2020-04-04;"Nitriansky kraj";0;0;0;0;NA;90666;0;2020-04-04;30
2020-04-03;"Nitriansky kraj";0;0;0;0;NA;90666;0;2020-04-03;30
2020-04-02;"Nitriansky kraj";1;0;0;0;NA;90666;1;2020-04-02;30
2020-04-01;"Nitriansky kraj";0;0;0;0;NA;90666;0;2020-04-01;29
2020-03-31;"Nitriansky kraj";3;0;0;0;NA;90666;3;2020-03-31;29
2020-03-30;"Nitriansky kraj";3;0;0;0;NA;90666;3;2020-03-30;26
2020-03-29;"Nitriansky kraj";3;0;0;0;NA;90666;3;2020-03-29;23
2020-03-28;"Nitriansky kraj";1;0;0;0;NA;90666;1;2020-03-28;20
2020-03-27;"Nitriansky kraj";1;0;0;0;NA;90666;1;2020-03-27;19
2020-03-26;"Nitriansky kraj";1;0;0;0;NA;90666;1;2020-03-26;18
2020-03-25;"Nitriansky kraj";1;0;0;0;NA;90666;1;2020-03-25;17
2020-03-24;"Nitriansky kraj";0;0;0;0;NA;90666;0;2020-03-24;16
2020-03-23;"Nitriansky kraj";2;0;0;0;NA;90666;2;2020-03-23;16
2020-03-22;"Nitriansky kraj";2;0;0;0;NA;90666;2;2020-03-22;14
2020-03-21;"Nitriansky kraj";2;0;0;0;NA;90666;2;2020-03-21;12
2020-03-20;"Nitriansky kraj";1;0;0;0;NA;90666;1;2020-03-20;10
2020-03-19;"Nitriansky kraj";1;0;0;0;NA;90666;1;2020-03-19;9
2020-03-18;"Nitriansky kraj";2;0;0;0;NA;90666;2;2020-03-18;8
2020-03-17;"Nitriansky kraj";1;0;0;0;NA;90666;1;2020-03-17;6
2020-03-16;"Nitriansky kraj";0;0;0;0;NA;90666;0;2020-03-16;5
2020-03-15;"Nitriansky kraj";4;0;0;0;NA;90666;4;2020-03-15;5
2020-03-14;"Nitriansky kraj";1;0;0;0;NA;90666;1;2020-03-14;1
2020-03-13;"Nitriansky kraj";0;0;0;0;NA;90666;0;2020-03-13;0
2020-03-12;"Nitriansky kraj";0;0;0;0;NA;90666;0;2020-03-12;0
2020-03-11;"Nitriansky kraj";0;0;0;0;NA;90666;0;2020-03-11;0
2020-03-09;"Nitriansky kraj";0;0;0;0;NA;90666;0;2020-03-09;0
2020-03-08;"Nitriansky kraj";0;0;0;0;NA;90666;0;2020-03-08;0
2020-03-07;"Nitriansky kraj";0;0;0;0;NA;90666;0;2020-03-07;0
2020-03-06;"Nitriansky kraj";0;0;0;0;NA;90666;0;2020-03-06;0
2021-06-14;"Prešovský kraj";5;7904;13;7917;59958;109428;18;2021-06-14;109428
2021-06-13;"Prešovský kraj";1;6183;7;6190;NA;109428;8;2021-06-13;109410
2021-06-12;"Prešovský kraj";3;8383;9;8392;NA;109428;12;2021-06-12;109402
2021-06-11;"Prešovský kraj";21;9484;9;9493;NA;109428;30;2021-06-11;109390
2021-06-10;"Prešovský kraj";11;6294;9;6303;NA;109428;20;2021-06-10;109360
2021-06-09;"Prešovský kraj";16;6158;3;6161;NA;109428;19;2021-06-09;109340
2021-06-08;"Prešovský kraj";31;6290;12;6302;NA;109428;43;2021-06-08;109321
2021-06-07;"Prešovský kraj";11;8891;15;8906;NA;109428;26;2021-06-07;109278
2021-06-06;"Prešovský kraj";0;7702;4;7706;NA;109428;4;2021-06-06;109252
2021-06-05;"Prešovský kraj";17;9970;14;9984;NA;109428;31;2021-06-05;109248
2021-06-04;"Prešovský kraj";26;10021;18;10039;NA;109428;44;2021-06-04;109217
2021-06-03;"Prešovský kraj";14;6446;15;6461;NA;109428;29;2021-06-03;109173
2021-06-02;"Prešovský kraj";47;7368;14;7382;NA;109428;61;2021-06-02;109144
2021-06-01;"Prešovský kraj";15;6781;14;6795;NA;109428;29;2021-06-01;109083
2021-05-31;"Prešovský kraj";27;9620;22;9642;NA;109428;49;2021-05-31;109054
2021-05-30;"Prešovský kraj";2;9429;13;9442;NA;109428;15;2021-05-30;109005
2021-05-29;"Prešovský kraj";23;12398;24;12422;NA;109428;47;2021-05-29;108990
2021-05-28;"Prešovský kraj";30;12098;19;12117;NA;109428;49;2021-05-28;108943
2021-05-27;"Prešovský kraj";16;7606;37;7643;NA;109428;53;2021-05-27;108894
2021-05-26;"Prešovský kraj";32;7979;23;8002;NA;109428;55;2021-05-26;108841
2021-05-25;"Prešovský kraj";38;8409;20;8429;NA;109428;58;2021-05-25;108786
2021-05-24;"Prešovský kraj";17;13297;37;13334;NA;109428;54;2021-05-24;108728
2021-05-23;"Prešovský kraj";3;11593;20;11613;NA;109428;23;2021-05-23;108674
2021-05-22;"Prešovský kraj";11;14263;44;14307;NA;109428;55;2021-05-22;108651
2021-05-21;"Prešovský kraj";44;13279;24;13303;NA;109428;68;2021-05-21;108596
2021-05-20;"Prešovský kraj";13;9075;29;9104;NA;109428;42;2021-05-20;108528
2021-05-19;"Prešovský kraj";60;10395;33;10428;NA;109428;93;2021-05-19;108486
2021-05-18;"Prešovský kraj";44;9058;27;9085;NA;109428;71;2021-05-18;108393
2021-05-17;"Prešovský kraj";60;12592;46;12638;NA;109428;106;2021-05-17;108322
2021-05-16;"Prešovský kraj";20;15945;66;16011;NA;109428;86;2021-05-16;108216
2021-05-15;"Prešovský kraj";20;24280;80;24360;NA;109428;100;2021-05-15;108130
2021-05-14;"Prešovský kraj";49;18019;62;18081;NA;109428;111;2021-05-14;108030
2021-05-13;"Prešovský kraj";54;11164;71;11235;NA;109428;125;2021-05-13;107919
2021-05-12;"Prešovský kraj";59;10822;39;10861;NA;109428;98;2021-05-12;107794
2021-05-11;"Prešovský kraj";61;10728;48;10776;NA;109428;109;2021-05-11;107696
2021-05-10;"Prešovský kraj";79;15346;67;15413;NA;109428;146;2021-05-10;107587
2021-05-09;"Prešovský kraj";54;21444;81;21525;NA;109428;135;2021-05-09;107441
2021-05-08;"Prešovský kraj";39;23012;52;23064;NA;109428;91;2021-05-08;107306
2021-05-07;"Prešovský kraj";81;23353;66;23419;NA;109428;147;2021-05-07;107215
2021-05-06;"Prešovský kraj";107;12833;66;12899;NA;109428;173;2021-05-06;107068
2021-05-05;"Prešovský kraj";60;12806;81;12887;NA;109428;141;2021-05-05;106895
2021-05-04;"Prešovský kraj";203;13463;66;13529;NA;109428;269;2021-05-04;106754
2021-05-03;"Prešovský kraj";68;18435;109;18544;NA;109428;177;2021-05-03;106485
2021-05-02;"Prešovský kraj";29;36175;102;36277;NA;109428;131;2021-05-02;106308
2021-05-01;"Prešovský kraj";70;57143;183;57326;NA;109428;253;2021-05-01;106177
2021-04-30;"Prešovský kraj";135;39333;118;39451;NA;109428;253;2021-04-30;105924
2021-04-29;"Prešovský kraj";110;16585;97;16682;NA;109428;207;2021-04-29;105671
2021-04-28;"Prešovský kraj";122;18671;89;18760;NA;109428;211;2021-04-28;105464
2021-04-27;"Prešovský kraj";154;19984;120;20104;NA;109428;274;2021-04-27;105253
2021-04-26;"Prešovský kraj";99;27120;123;27243;NA;109428;222;2021-04-26;104979
2021-04-25;"Prešovský kraj";9;52257;155;52412;NA;109428;164;2021-04-25;104757
2021-04-24;"Prešovský kraj";61;85301;243;85544;NA;109428;304;2021-04-24;104593
2021-04-23;"Prešovský kraj";171;40362;137;40499;NA;109428;308;2021-04-23;104289
2021-04-22;"Prešovský kraj";86;18104;125;18229;NA;109428;211;2021-04-22;103981
2021-04-21;"Prešovský kraj";144;21548;139;21687;NA;109428;283;2021-04-21;103770
2021-04-20;"Prešovský kraj";115;23345;127;23472;NA;109428;242;2021-04-20;103487
2021-04-19;"Prešovský kraj";106;29131;145;29276;NA;109428;251;2021-04-19;103245
2021-04-18;"Prešovský kraj";4;51540;129;51669;NA;109428;133;2021-04-18;102994
2021-04-17;"Prešovský kraj";119;97970;238;98208;NA;109428;357;2021-04-17;102861
2021-04-16;"Prešovský kraj";135;40983;146;41129;NA;109428;281;2021-04-16;102504
2021-04-15;"Prešovský kraj";112;20178;136;20314;NA;109428;248;2021-04-15;102223
2021-04-14;"Prešovský kraj";199;23331;130;23461;NA;109428;329;2021-04-14;101975
2021-04-13;"Prešovský kraj";180;23907;116;24023;NA;109428;296;2021-04-13;101646
2021-04-12;"Prešovský kraj";172;30152;175;30327;NA;109428;347;2021-04-12;101350
2021-04-11;"Prešovský kraj";11;49807;187;49994;NA;109428;198;2021-04-11;101003
2021-04-10;"Prešovský kraj";94;90181;297;90478;NA;109428;391;2021-04-10;100805
2021-04-09;"Prešovský kraj";255;37163;200;37363;NA;109428;455;2021-04-09;100414
2021-04-08;"Prešovský kraj";192;18891;157;19048;NA;109428;349;2021-04-08;99959
2021-04-07;"Prešovský kraj";314;27797;154;27951;NA;109428;468;2021-04-07;99610
2021-04-06;"Prešovský kraj";231;41702;268;41970;NA;109428;499;2021-04-06;99142
2021-04-05;"Prešovský kraj";54;18454;132;18586;NA;109428;186;2021-04-05;98643
2021-04-04;"Prešovský kraj";31;18569;91;18660;NA;109428;122;2021-04-04;98457
2021-04-03;"Prešovský kraj";104;90608;317;90925;NA;109428;421;2021-04-03;98335
2021-04-02;"Prešovský kraj";194;23381;134;23515;NA;109428;328;2021-04-02;97914
2021-04-01;"Prešovský kraj";256;42824;195;43019;NA;109428;451;2021-04-01;97586
2021-03-31;"Prešovský kraj";311;30160;227;30387;NA;109428;538;2021-03-31;97135
2021-03-30;"Prešovský kraj";374;20747;203;20950;NA;109428;577;2021-03-30;96597
2021-03-29;"Prešovský kraj";219;28188;229;28417;NA;109428;448;2021-03-29;96020
2021-03-28;"Prešovský kraj";26;46811;256;47067;NA;109428;282;2021-03-28;95572
2021-03-27;"Prešovský kraj";181;88413;372;88785;NA;109428;553;2021-03-27;95290
2021-03-26;"Prešovský kraj";310;47751;299;48050;NA;109428;609;2021-03-26;94737
2021-03-25;"Prešovský kraj";248;22279;213;22492;NA;109428;461;2021-03-25;94128
2021-03-24;"Prešovský kraj";381;19588;213;19801;NA;109428;594;2021-03-24;93667
2021-03-23;"Prešovský kraj";241;20329;255;20584;NA;109428;496;2021-03-23;93073
2021-03-22;"Prešovský kraj";299;28490;286;28776;NA;109428;585;2021-03-22;92577
2021-03-21;"Prešovský kraj";32;49439;266;49705;NA;109428;298;2021-03-21;91992
2021-03-20;"Prešovský kraj";180;92531;427;92958;NA;109428;607;2021-03-20;91694
2021-03-19;"Prešovský kraj";373;46196;320;46516;NA;109428;693;2021-03-19;91087
2021-03-18;"Prešovský kraj";251;21721;217;21938;NA;109428;468;2021-03-18;90394
2021-03-17;"Prešovský kraj";331;20887;231;21118;NA;109428;562;2021-03-17;89926
2021-03-16;"Prešovský kraj";461;21137;277;21414;NA;109428;738;2021-03-16;89364
2021-03-15;"Prešovský kraj";370;28789;324;29113;NA;109428;694;2021-03-15;88626
2021-03-14;"Prešovský kraj";52;50410;356;50766;NA;109428;408;2021-03-14;87932
2021-03-13;"Prešovský kraj";200;95300;532;95832;NA;109428;732;2021-03-13;87524
2021-03-12;"Prešovský kraj";425;47691;368;48059;NA;109428;793;2021-03-12;86792
2021-03-11;"Prešovský kraj";463;22059;253;22312;NA;109428;716;2021-03-11;85999
2021-03-10;"Prešovský kraj";325;20821;293;21114;NA;109428;618;2021-03-10;85283
2021-03-09;"Prešovský kraj";505;21489;288;21777;NA;109428;793;2021-03-09;84665
2021-03-08;"Prešovský kraj";314;28902;333;29235;NA;109428;647;2021-03-08;83872
2021-03-07;"Prešovský kraj";19;48024;385;48409;NA;109428;404;2021-03-07;83225
2021-03-06;"Prešovský kraj";193;96985;591;97576;NA;109428;784;2021-03-06;82821
2021-03-05;"Prešovský kraj";497;46044;397;46441;NA;109428;894;2021-03-05;82037
2021-03-04;"Prešovský kraj";372;22670;359;23029;NA;109428;731;2021-03-04;81143
2021-03-03;"Prešovský kraj";397;21621;333;21954;NA;109428;730;2021-03-03;80412
2021-03-02;"Prešovský kraj";421;22679;357;23036;NA;109428;778;2021-03-02;79682
2021-03-01;"Prešovský kraj";303;27716;406;28122;NA;109428;709;2021-03-01;78904
2021-02-28;"Prešovský kraj";75;45000;387;45387;NA;109428;462;2021-02-28;78195
2021-02-27;"Prešovský kraj";273;90231;734;90965;NA;109428;1007;2021-02-27;77733
2021-02-26;"Prešovský kraj";455;41700;439;42139;NA;109428;894;2021-02-26;76726
2021-02-25;"Prešovský kraj";270;19496;337;19833;NA;109428;607;2021-02-25;75832
2021-02-24;"Prešovský kraj";328;19026;377;19403;NA;109428;705;2021-02-24;75225
2021-02-23;"Prešovský kraj";430;21273;345;21618;NA;109428;775;2021-02-23;74520
2021-02-22;"Prešovský kraj";351;27175;356;27531;NA;109428;707;2021-02-22;73745
2021-02-21;"Prešovský kraj";66;31802;302;32104;NA;109428;368;2021-02-21;73038
2021-02-20;"Prešovský kraj";129;71413;517;71930;NA;109428;646;2021-02-20;72670
2021-02-19;"Prešovský kraj";381;38597;425;39022;NA;109428;806;2021-02-19;72024
2021-02-18;"Prešovský kraj";268;16960;322;17282;NA;109428;590;2021-02-18;71218
2021-02-17;"Prešovský kraj";293;17392;246;17638;NA;109428;539;2021-02-17;70628
2021-02-16;"Prešovský kraj";422;18862;265;19127;NA;109428;687;2021-02-16;70089
2021-02-15;"Prešovský kraj";211;31360;303;31663;NA;109428;514;2021-02-15;69402
2021-02-14;"Prešovský kraj";27;39271;318;39589;NA;109428;345;2021-02-14;68888
2021-02-13;"Prešovský kraj";157;74009;392;74401;NA;109428;549;2021-02-13;68543
2021-02-12;"Prešovský kraj";308;38720;362;39082;NA;109428;670;2021-02-12;67994
2021-02-11;"Prešovský kraj";218;16207;238;16445;NA;109428;456;2021-02-11;67324
2021-02-10;"Prešovský kraj";220;18499;279;18778;NA;109428;499;2021-02-10;66868
2021-02-09;"Prešovský kraj";323;21495;370;21865;NA;109428;693;2021-02-09;66369
2021-02-08;"Prešovský kraj";161;36971;261;37232;NA;109428;422;2021-02-08;65676
2021-02-07;"Prešovský kraj";21;34227;209;34436;NA;109428;230;2021-02-07;65254
2021-02-06;"Prešovský kraj";176;69164;360;69524;NA;109428;536;2021-02-06;65024
2021-02-05;"Prešovský kraj";177;31247;261;31508;NA;109428;438;2021-02-05;64488
2021-02-04;"Prešovský kraj";176;13071;237;13308;NA;109428;413;2021-02-04;64050
2021-02-03;"Prešovský kraj";251;8421;236;8657;NA;109428;487;2021-02-03;63637
2021-02-02;"Prešovský kraj";249;11779;264;12043;NA;109428;513;2021-02-02;63150
2021-02-01;"Prešovský kraj";220;16059;316;16375;NA;109428;536;2021-02-01;62637
2021-01-31;"Prešovský kraj";42;10587;107;10694;NA;109428;149;2021-01-31;62101
2021-01-30;"Prešovský kraj";142;23939;215;24154;NA;109428;357;2021-01-30;61952
2021-01-29;"Prešovský kraj";185;17924;326;18250;NA;109428;511;2021-01-29;61595
2021-01-28;"Prešovský kraj";311;7338;150;7488;NA;109428;461;2021-01-28;61084
2021-01-27;"Prešovský kraj";153;9723;147;9870;NA;109428;300;2021-01-27;60623
2021-01-26;"Prešovský kraj";252;16648;151;16799;NA;109428;403;2021-01-26;60323
2021-01-25;"Prešovský kraj";196;29649;251;29900;NA;109428;447;2021-01-25;59920
2021-01-24;"Prešovský kraj";12;45706;304;46010;NA;109428;316;2021-01-24;59473
2021-01-23;"Prešovský kraj";189;96726;487;97213;NA;109428;676;2021-01-23;59157
2021-01-22;"Prešovský kraj";187;35377;261;35638;NA;109428;448;2021-01-22;58481
2021-01-21;"Prešovský kraj";187;20434;212;20646;NA;109428;399;2021-01-21;58033
2021-01-20;"Prešovský kraj";253;14779;195;14974;NA;109428;448;2021-01-20;57634
2021-01-19;"Prešovský kraj";281;12329;305;12634;NA;109428;586;2021-01-19;57186
2021-01-18;"Prešovský kraj";203;10422;336;10758;NA;109428;539;2021-01-18;56600
2021-01-17;"Prešovský kraj";107;14391;1008;15399;NA;109428;1115;2021-01-17;56061
2021-01-16;"Prešovský kraj";72;1838;81;1919;NA;109428;153;2021-01-16;54946
2021-01-15;"Prešovský kraj";159;7033;257;7290;NA;109428;416;2021-01-15;54793
2021-01-14;"Prešovský kraj";268;5523;252;5775;NA;109428;520;2021-01-14;54377
2021-01-13;"Prešovský kraj";342;5649;226;5875;NA;109428;568;2021-01-13;53857
2021-01-12;"Prešovský kraj";455;8487;409;8896;NA;109428;864;2021-01-12;53289
2021-01-11;"Prešovský kraj";343;8489;479;8968;NA;109428;822;2021-01-11;52425
2021-01-10;"Prešovský kraj";63;476;23;499;NA;109428;86;2021-01-10;51603
2021-01-09;"Prešovský kraj";439;2248;125;2373;NA;109428;564;2021-01-09;51517
2021-01-08;"Prešovský kraj";430;10865;572;11437;NA;109428;1002;2021-01-08;50953
2021-01-07;"Prešovský kraj";268;7789;648;8437;NA;109428;916;2021-01-07;49951
2021-01-06;"Prešovský kraj";315;1484;134;1618;NA;109428;449;2021-01-06;49035
2021-01-05;"Prešovský kraj";655;11591;1003;12594;NA;109428;1658;2021-01-05;48586
2021-01-04;"Prešovský kraj";371;17192;1812;19004;NA;109428;2183;2021-01-04;46928
2021-01-03;"Prešovský kraj";89;459;41;500;NA;109428;130;2021-01-03;44745
2021-01-02;"Prešovský kraj";65;1556;160;1716;NA;109428;225;2021-01-02;44615
2021-01-01;"Prešovský kraj";174;956;71;1027;NA;109428;245;2021-01-01;44390
2020-12-31;"Prešovský kraj";640;11959;783;12742;NA;109428;1423;2020-12-31;44145
2020-12-30;"Prešovský kraj";729;9062;802;9864;NA;109428;1531;2020-12-30;42722
2020-12-29;"Prešovský kraj";435;9273;949;10222;NA;109428;1384;2020-12-29;41191
2020-12-28;"Prešovský kraj";393;9046;1079;10125;NA;109428;1472;2020-12-28;39807
2020-12-27;"Prešovský kraj";40;613;45;658;NA;109428;85;2020-12-27;38335
2020-12-26;"Prešovský kraj";64;176;12;188;NA;109428;76;2020-12-26;38250
2020-12-25;"Prešovský kraj";208;274;11;285;NA;109428;219;2020-12-25;38174
2020-12-24;"Prešovský kraj";452;1214;85;1299;NA;109428;537;2020-12-24;37955
2020-12-23;"Prešovský kraj";361;11369;635;12004;NA;109428;996;2020-12-23;37418
2020-12-22;"Prešovský kraj";439;9371;710;10081;NA;109428;1149;2020-12-22;36422
2020-12-21;"Prešovský kraj";432;9923;880;10803;NA;109428;1312;2020-12-21;35273
2020-12-20;"Prešovský kraj";184;396;20;416;NA;109428;204;2020-12-20;33961
2020-12-19;"Prešovský kraj";276;1658;151;1809;NA;109428;427;2020-12-19;33757
2020-12-18;"Prešovský kraj";396;8845;595;9440;NA;109428;991;2020-12-18;33330
2020-12-17;"Prešovský kraj";427;10826;891;11717;NA;109428;1318;2020-12-17;32339
2020-12-16;"Prešovský kraj";466;6017;508;6525;NA;109428;974;2020-12-16;31021
2020-12-15;"Prešovský kraj";411;5685;584;6269;NA;109428;995;2020-12-15;30047
2020-12-14;"Prešovský kraj";334;5767;508;6275;NA;109428;842;2020-12-14;29052
2020-12-13;"Prešovský kraj";89;29;8;37;NA;109428;97;2020-12-13;28210
2020-12-12;"Prešovský kraj";319;2474;166;2640;NA;109428;485;2020-12-12;28113
2020-12-11;"Prešovský kraj";560;5602;402;6004;NA;109428;962;2020-12-11;27628
2020-12-10;"Prešovský kraj";337;5202;443;5645;NA;109428;780;2020-12-10;26666
2020-12-09;"Prešovský kraj";358;4357;314;4671;NA;109428;672;2020-12-09;25886
2020-12-08;"Prešovský kraj";350;6629;651;7280;NA;109428;1001;2020-12-08;25214
2020-12-07;"Prešovský kraj";309;4345;327;4672;NA;109428;636;2020-12-07;24213
2020-12-06;"Prešovský kraj";59;655;26;681;NA;109428;85;2020-12-06;23577
2020-12-05;"Prešovský kraj";218;984;87;1071;NA;109428;305;2020-12-05;23492
2020-12-04;"Prešovský kraj";352;5070;293;5363;NA;109428;645;2020-12-04;23187
2020-12-03;"Prešovský kraj";284;2456;179;2635;NA;109428;463;2020-12-03;22542
2020-12-02;"Prešovský kraj";232;2830;225;3055;NA;109428;457;2020-12-02;22079
2020-12-01;"Prešovský kraj";281;1884;196;2080;NA;109428;477;2020-12-01;21622
2020-11-30;"Prešovský kraj";196;5333;97;5430;NA;109428;293;2020-11-30;21145
2020-11-29;"Prešovský kraj";27;0;0;0;NA;109428;27;2020-11-29;20852
2020-11-28;"Prešovský kraj";199;82;13;95;NA;109428;212;2020-11-28;20825
2020-11-27;"Prešovský kraj";232;139;9;148;NA;109428;241;2020-11-27;20613
2020-11-26;"Prešovský kraj";263;121;15;136;NA;109428;278;2020-11-26;20372
2020-11-25;"Prešovský kraj";302;126;18;144;NA;109428;320;2020-11-25;20094
2020-11-24;"Prešovský kraj";365;70;16;86;NA;109428;381;2020-11-24;19774
2020-11-23;"Prešovský kraj";164;82;3;85;NA;109428;167;2020-11-23;19393
2020-11-22;"Prešovský kraj";46;0;0;0;NA;109428;46;2020-11-22;19226
2020-11-21;"Prešovský kraj";205;54;5;59;NA;109428;210;2020-11-21;19180
2020-11-20;"Prešovský kraj";363;100;3;103;NA;109428;366;2020-11-20;18970
2020-11-19;"Prešovský kraj";359;48;5;53;NA;109428;364;2020-11-19;18604
2020-11-18;"Prešovský kraj";270;90;7;97;NA;109428;277;2020-11-18;18240
2020-11-17;"Prešovský kraj";347;42;4;46;NA;109428;351;2020-11-17;17963
2020-11-16;"Prešovský kraj";226;131;5;136;NA;109428;231;2020-11-16;17612
2020-11-15;"Prešovský kraj";186;0;0;0;NA;109428;186;2020-11-15;17381
2020-11-14;"Prešovský kraj";261;0;0;0;NA;109428;261;2020-11-14;17195
2020-11-13;"Prešovský kraj";395;0;0;0;NA;109428;395;2020-11-13;16934
2020-11-12;"Prešovský kraj";397;0;0;0;NA;109428;397;2020-11-12;16539
2020-11-11;"Prešovský kraj";516;0;0;0;NA;109428;516;2020-11-11;16142
2020-11-10;"Prešovský kraj";437;0;0;0;NA;109428;437;2020-11-10;15626
2020-11-09;"Prešovský kraj";190;0;0;0;NA;109428;190;2020-11-09;15189
2020-11-08;"Prešovský kraj";97;0;0;0;NA;109428;97;2020-11-08;14999
2020-11-07;"Prešovský kraj";416;0;0;0;NA;109428;416;2020-11-07;14902
2020-11-06;"Prešovský kraj";520;0;0;0;NA;109428;520;2020-11-06;14486
2020-11-05;"Prešovský kraj";397;0;0;0;NA;109428;397;2020-11-05;13966
2020-11-04;"Prešovský kraj";350;0;0;0;NA;109428;350;2020-11-04;13569
2020-11-03;"Prešovský kraj";565;0;0;0;NA;109428;565;2020-11-03;13219
2020-11-02;"Prešovský kraj";203;0;0;0;NA;109428;203;2020-11-02;12654
2020-11-01;"Prešovský kraj";386;0;0;0;NA;109428;386;2020-11-01;12451
2020-10-31;"Prešovský kraj";315;0;0;0;NA;109428;315;2020-10-31;12065
2020-10-30;"Prešovský kraj";552;0;0;0;NA;109428;552;2020-10-30;11750
2020-10-29;"Prešovský kraj";594;0;0;0;NA;109428;594;2020-10-29;11198
2020-10-28;"Prešovský kraj";617;0;0;0;NA;109428;617;2020-10-28;10604
2020-10-27;"Prešovský kraj";656;0;0;0;NA;109428;656;2020-10-27;9987
2020-10-26;"Prešovský kraj";137;0;0;0;NA;109428;137;2020-10-26;9331
2020-10-25;"Prešovský kraj";237;0;0;0;NA;109428;237;2020-10-25;9194
2020-10-24;"Prešovský kraj";719;0;0;0;NA;109428;719;2020-10-24;8957
2020-10-23;"Prešovský kraj";750;0;0;0;NA;109428;750;2020-10-23;8238
2020-10-22;"Prešovský kraj";646;0;0;0;NA;109428;646;2020-10-22;7488
2020-10-21;"Prešovský kraj";383;0;0;0;NA;109428;383;2020-10-21;6842
2020-10-20;"Prešovský kraj";493;0;0;0;NA;109428;493;2020-10-20;6459
2020-10-19;"Prešovský kraj";140;0;0;0;NA;109428;140;2020-10-19;5966
2020-10-18;"Prešovský kraj";209;0;0;0;NA;109428;209;2020-10-18;5826
2020-10-17;"Prešovský kraj";342;0;0;0;NA;109428;342;2020-10-17;5617
2020-10-16;"Prešovský kraj";388;0;0;0;NA;109428;388;2020-10-16;5275
2020-10-15;"Prešovský kraj";435;0;0;0;NA;109428;435;2020-10-15;4887
2020-10-14;"Prešovský kraj";451;0;0;0;NA;109428;451;2020-10-14;4452
2020-10-13;"Prešovský kraj";264;0;0;0;NA;109428;264;2020-10-13;4001
2020-10-12;"Prešovský kraj";214;0;0;0;NA;109428;214;2020-10-12;3737
2020-10-11;"Prešovský kraj";127;0;0;0;NA;109428;127;2020-10-11;3523
2020-10-10;"Prešovský kraj";248;0;0;0;NA;109428;248;2020-10-10;3396
2020-10-09;"Prešovský kraj";406;0;0;0;NA;109428;406;2020-10-09;3148
2020-10-08;"Prešovský kraj";245;0;0;0;NA;109428;245;2020-10-08;2742
2020-10-07;"Prešovský kraj";244;0;0;0;NA;109428;244;2020-10-07;2497
2020-10-06;"Prešovský kraj";166;0;0;0;NA;109428;166;2020-10-06;2253
2020-10-05;"Prešovský kraj";84;0;0;0;NA;109428;84;2020-10-05;2087
2020-10-04;"Prešovský kraj";118;0;0;0;NA;109428;118;2020-10-04;2003
2020-10-03;"Prešovský kraj";204;0;0;0;NA;109428;204;2020-10-03;1885
2020-10-02;"Prešovský kraj";149;0;0;0;NA;109428;149;2020-10-02;1681
2020-10-01;"Prešovský kraj";136;0;0;0;NA;109428;136;2020-10-01;1532
2020-09-30;"Prešovský kraj";121;0;0;0;NA;109428;121;2020-09-30;1396
2020-09-29;"Prešovský kraj";156;0;0;0;NA;109428;156;2020-09-29;1275
2020-09-28;"Prešovský kraj";51;0;0;0;NA;109428;51;2020-09-28;1119
2020-09-27;"Prešovský kraj";10;0;0;0;NA;109428;10;2020-09-27;1068
2020-09-26;"Prešovský kraj";72;0;0;0;NA;109428;72;2020-09-26;1058
2020-09-25;"Prešovský kraj";91;0;0;0;NA;109428;91;2020-09-25;986
2020-09-24;"Prešovský kraj";52;0;0;0;NA;109428;52;2020-09-24;895
2020-09-23;"Prešovský kraj";55;0;0;0;NA;109428;55;2020-09-23;843
2020-09-22;"Prešovský kraj";29;0;0;0;NA;109428;29;2020-09-22;788
2020-09-21;"Prešovský kraj";14;0;0;0;NA;109428;14;2020-09-21;759
2020-09-20;"Prešovský kraj";5;0;0;0;NA;109428;5;2020-09-20;745
2020-09-19;"Prešovský kraj";12;0;0;0;NA;109428;12;2020-09-19;740
2020-09-18;"Prešovský kraj";29;0;0;0;NA;109428;29;2020-09-18;728
2020-09-17;"Prešovský kraj";25;0;0;0;NA;109428;25;2020-09-17;699
2020-09-16;"Prešovský kraj";8;0;0;0;NA;109428;8;2020-09-16;674
2020-09-15;"Prešovský kraj";10;0;0;0;NA;109428;10;2020-09-15;666
2020-09-14;"Prešovský kraj";47;0;0;0;NA;109428;47;2020-09-14;656
2020-09-13;"Prešovský kraj";3;0;0;0;NA;109428;3;2020-09-13;609
2020-09-12;"Prešovský kraj";4;0;0;0;NA;109428;4;2020-09-12;606
2020-09-11;"Prešovský kraj";15;0;0;0;NA;109428;15;2020-09-11;602
2020-09-10;"Prešovský kraj";10;0;0;0;NA;109428;10;2020-09-10;587
2020-09-09;"Prešovský kraj";21;0;0;0;NA;109428;21;2020-09-09;577
2020-09-08;"Prešovský kraj";23;0;0;0;NA;109428;23;2020-09-08;556
2020-09-07;"Prešovský kraj";5;0;0;0;NA;109428;5;2020-09-07;533
2020-09-06;"Prešovský kraj";3;0;0;0;NA;109428;3;2020-09-06;528
2020-09-05;"Prešovský kraj";7;0;0;0;NA;109428;7;2020-09-05;525
2020-09-04;"Prešovský kraj";24;0;0;0;NA;109428;24;2020-09-04;518
2020-09-03;"Prešovský kraj";8;0;0;0;NA;109428;8;2020-09-03;494
2020-09-02;"Prešovský kraj";9;0;0;0;NA;109428;9;2020-09-02;486
2020-09-01;"Prešovský kraj";6;0;0;0;NA;109428;6;2020-09-01;477
2020-08-31;"Prešovský kraj";3;0;0;0;NA;109428;3;2020-08-31;471
2020-08-30;"Prešovský kraj";6;0;0;0;NA;109428;6;2020-08-30;468
2020-08-29;"Prešovský kraj";4;0;0;0;NA;109428;4;2020-08-29;462
2020-08-28;"Prešovský kraj";6;0;0;0;NA;109428;6;2020-08-28;458
2020-08-27;"Prešovský kraj";7;0;0;0;NA;109428;7;2020-08-27;452
2020-08-26;"Prešovský kraj";22;0;0;0;NA;109428;22;2020-08-26;445
2020-08-25;"Prešovský kraj";1;0;0;0;NA;109428;1;2020-08-25;423
2020-08-24;"Prešovský kraj";5;0;0;0;NA;109428;5;2020-08-24;422
2020-08-23;"Prešovský kraj";3;0;0;0;NA;109428;3;2020-08-23;417
2020-08-22;"Prešovský kraj";3;0;0;0;NA;109428;3;2020-08-22;414
2020-08-21;"Prešovský kraj";11;0;0;0;NA;109428;11;2020-08-21;411
2020-08-20;"Prešovský kraj";8;0;0;0;NA;109428;8;2020-08-20;400
2020-08-19;"Prešovský kraj";8;0;0;0;NA;109428;8;2020-08-19;392
2020-08-18;"Prešovský kraj";6;0;0;0;NA;109428;6;2020-08-18;384
2020-08-17;"Prešovský kraj";1;0;0;0;NA;109428;1;2020-08-17;378
2020-08-16;"Prešovský kraj";0;0;0;0;NA;109428;0;2020-08-16;377
2020-08-15;"Prešovský kraj";8;0;0;0;NA;109428;8;2020-08-15;377
2020-08-14;"Prešovský kraj";6;0;0;0;NA;109428;6;2020-08-14;369
2020-08-13;"Prešovský kraj";8;0;0;0;NA;109428;8;2020-08-13;363
2020-08-12;"Prešovský kraj";19;0;0;0;NA;109428;19;2020-08-12;355
2020-08-11;"Prešovský kraj";3;0;0;0;NA;109428;3;2020-08-11;336
2020-08-10;"Prešovský kraj";0;0;0;0;NA;109428;0;2020-08-10;333
2020-08-09;"Prešovský kraj";0;0;0;0;NA;109428;0;2020-08-09;333
2020-08-08;"Prešovský kraj";2;0;0;0;NA;109428;2;2020-08-08;333
2020-08-07;"Prešovský kraj";6;0;0;0;NA;109428;6;2020-08-07;331
2020-08-06;"Prešovský kraj";2;0;0;0;NA;109428;2;2020-08-06;325
2020-08-05;"Prešovský kraj";8;0;0;0;NA;109428;8;2020-08-05;323
2020-08-04;"Prešovský kraj";5;0;0;0;NA;109428;5;2020-08-04;315
2020-08-03;"Prešovský kraj";4;0;0;0;NA;109428;4;2020-08-03;310
2020-08-02;"Prešovský kraj";6;0;0;0;NA;109428;6;2020-08-02;306
2020-08-01;"Prešovský kraj";0;0;0;0;NA;109428;0;2020-08-01;300
2020-07-31;"Prešovský kraj";2;0;0;0;NA;109428;2;2020-07-31;300
2020-07-30;"Prešovský kraj";6;0;0;0;NA;109428;6;2020-07-30;298
2020-07-29;"Prešovský kraj";5;0;0;0;NA;109428;5;2020-07-29;292
2020-07-28;"Prešovský kraj";0;0;0;0;NA;109428;0;2020-07-28;287
2020-07-27;"Prešovský kraj";1;0;0;0;NA;109428;1;2020-07-27;287
2020-07-26;"Prešovský kraj";1;0;0;0;NA;109428;1;2020-07-26;286
2020-07-25;"Prešovský kraj";21;0;0;0;NA;109428;21;2020-07-25;285
2020-07-24;"Prešovský kraj";1;0;0;0;NA;109428;1;2020-07-24;264
2020-07-23;"Prešovský kraj";5;0;0;0;NA;109428;5;2020-07-23;263
2020-07-22;"Prešovský kraj";1;0;0;0;NA;109428;1;2020-07-22;258
2020-07-21;"Prešovský kraj";2;0;0;0;NA;109428;2;2020-07-21;257
2020-07-20;"Prešovský kraj";1;0;0;0;NA;109428;1;2020-07-20;255
2020-07-19;"Prešovský kraj";0;0;0;0;NA;109428;0;2020-07-19;254
2020-07-18;"Prešovský kraj";0;0;0;0;NA;109428;0;2020-07-18;254
2020-07-17;"Prešovský kraj";3;0;0;0;NA;109428;3;2020-07-17;254
2020-07-16;"Prešovský kraj";1;0;0;0;NA;109428;1;2020-07-16;251
2020-07-15;"Prešovský kraj";5;0;0;0;NA;109428;5;2020-07-15;250
2020-07-14;"Prešovský kraj";5;0;0;0;NA;109428;5;2020-07-14;245
2020-07-13;"Prešovský kraj";1;0;0;0;NA;109428;1;2020-07-13;240
2020-07-12;"Prešovský kraj";1;0;0;0;NA;109428;1;2020-07-12;239
2020-07-11;"Prešovský kraj";6;0;0;0;NA;109428;6;2020-07-11;238
2020-07-10;"Prešovský kraj";5;0;0;0;NA;109428;5;2020-07-10;232
2020-07-09;"Prešovský kraj";2;0;0;0;NA;109428;2;2020-07-09;227
2020-07-08;"Prešovský kraj";14;0;0;0;NA;109428;14;2020-07-08;225
2020-07-07;"Prešovský kraj";2;0;0;0;NA;109428;2;2020-07-07;211
2020-07-06;"Prešovský kraj";0;0;0;0;NA;109428;0;2020-07-06;209
2020-07-05;"Prešovský kraj";0;0;0;0;NA;109428;0;2020-07-05;209
2020-07-04;"Prešovský kraj";1;0;0;0;NA;109428;1;2020-07-04;209
2020-07-03;"Prešovský kraj";3;0;0;0;NA;109428;3;2020-07-03;208
2020-07-02;"Prešovský kraj";0;0;0;0;NA;109428;0;2020-07-02;205
2020-07-01;"Prešovský kraj";0;0;0;0;NA;109428;0;2020-07-01;205
2020-06-30;"Prešovský kraj";7;0;0;0;NA;109428;7;2020-06-30;205
2020-06-29;"Prešovský kraj";0;0;0;0;NA;109428;0;2020-06-29;198
2020-06-28;"Prešovský kraj";0;0;0;0;NA;109428;0;2020-06-28;198
2020-06-27;"Prešovský kraj";3;0;0;0;NA;109428;3;2020-06-27;198
2020-06-26;"Prešovský kraj";3;0;0;0;NA;109428;3;2020-06-26;195
2020-06-25;"Prešovský kraj";0;0;0;0;NA;109428;0;2020-06-25;192
2020-06-24;"Prešovský kraj";4;0;0;0;NA;109428;4;2020-06-24;192
2020-06-23;"Prešovský kraj";0;0;0;0;NA;109428;0;2020-06-23;188
2020-06-22;"Prešovský kraj";0;0;0;0;NA;109428;0;2020-06-22;188
2020-06-21;"Prešovský kraj";0;0;0;0;NA;109428;0;2020-06-21;188
2020-06-20;"Prešovský kraj";0;0;0;0;NA;109428;0;2020-06-20;188
2020-06-19;"Prešovský kraj";1;0;0;0;NA;109428;1;2020-06-19;188
2020-06-18;"Prešovský kraj";0;0;0;0;NA;109428;0;2020-06-18;187
2020-06-17;"Prešovský kraj";0;0;0;0;NA;109428;0;2020-06-17;187
2020-06-16;"Prešovský kraj";6;0;0;0;NA;109428;6;2020-06-16;187
2020-06-14;"Prešovský kraj";0;0;0;0;NA;109428;0;2020-06-14;181
2020-06-13;"Prešovský kraj";0;0;0;0;NA;109428;0;2020-06-13;181
2020-06-12;"Prešovský kraj";1;0;0;0;NA;109428;1;2020-06-12;181
2020-06-11;"Prešovský kraj";0;0;0;0;NA;109428;0;2020-06-11;180
2020-06-10;"Prešovský kraj";0;0;0;0;NA;109428;0;2020-06-10;180
2020-06-09;"Prešovský kraj";0;0;0;0;NA;109428;0;2020-06-09;180
2020-06-08;"Prešovský kraj";0;0;0;0;NA;109428;0;2020-06-08;180
2020-06-07;"Prešovský kraj";0;0;0;0;NA;109428;0;2020-06-07;180
2020-06-05;"Prešovský kraj";0;0;0;0;NA;109428;0;2020-06-05;180
2020-06-03;"Prešovský kraj";0;0;0;0;NA;109428;0;2020-06-03;180
2020-06-02;"Prešovský kraj";1;0;0;0;NA;109428;1;2020-06-02;180
2020-05-31;"Prešovský kraj";1;0;0;0;NA;109428;1;2020-05-31;179
2020-05-29;"Prešovský kraj";0;0;0;0;NA;109428;0;2020-05-29;178
2020-05-27;"Prešovský kraj";0;0;0;0;NA;109428;0;2020-05-27;178
2020-05-26;"Prešovský kraj";0;0;0;0;NA;109428;0;2020-05-26;178
2020-05-25;"Prešovský kraj";0;0;0;0;NA;109428;0;2020-05-25;178
2020-05-24;"Prešovský kraj";0;0;0;0;NA;109428;0;2020-05-24;178
2020-05-23;"Prešovský kraj";0;0;0;0;NA;109428;0;2020-05-23;178
2020-05-22;"Prešovský kraj";0;0;0;0;NA;109428;0;2020-05-22;178
2020-05-21;"Prešovský kraj";1;0;0;0;NA;109428;1;2020-05-21;178
2020-05-20;"Prešovský kraj";0;0;0;0;NA;109428;0;2020-05-20;177
2020-05-19;"Prešovský kraj";0;0;0;0;NA;109428;0;2020-05-19;177
2020-05-17;"Prešovský kraj";0;0;0;0;NA;109428;0;2020-05-17;177
2020-05-16;"Prešovský kraj";0;0;0;0;NA;109428;0;2020-05-16;177
2020-05-15;"Prešovský kraj";0;0;0;0;NA;109428;0;2020-05-15;177
2020-05-14;"Prešovský kraj";0;0;0;0;NA;109428;0;2020-05-14;177
2020-05-13;"Prešovský kraj";1;0;0;0;NA;109428;1;2020-05-13;177
2020-05-12;"Prešovský kraj";0;0;0;0;NA;109428;0;2020-05-12;176
2020-05-11;"Prešovský kraj";1;0;0;0;NA;109428;1;2020-05-11;176
2020-05-09;"Prešovský kraj";0;0;0;0;NA;109428;0;2020-05-09;175
2020-05-07;"Prešovský kraj";0;0;0;0;NA;109428;0;2020-05-07;175
2020-05-06;"Prešovský kraj";0;0;0;0;NA;109428;0;2020-05-06;175
2020-05-05;"Prešovský kraj";1;0;0;0;NA;109428;1;2020-05-05;175
2020-05-04;"Prešovský kraj";0;0;0;0;NA;109428;0;2020-05-04;174
2020-05-03;"Prešovský kraj";0;0;0;0;NA;109428;0;2020-05-03;174
2020-05-02;"Prešovský kraj";0;0;0;0;NA;109428;0;2020-05-02;174
2020-05-01;"Prešovský kraj";2;0;0;0;NA;109428;2;2020-05-01;174
2020-04-30;"Prešovský kraj";0;0;0;0;NA;109428;0;2020-04-30;172
2020-04-29;"Prešovský kraj";1;0;0;0;NA;109428;1;2020-04-29;172
2020-04-28;"Prešovský kraj";1;0;0;0;NA;109428;1;2020-04-28;171
2020-04-27;"Prešovský kraj";2;0;0;0;NA;109428;2;2020-04-27;170
2020-04-26;"Prešovský kraj";0;0;0;0;NA;109428;0;2020-04-26;168
2020-04-25;"Prešovský kraj";0;0;0;0;NA;109428;0;2020-04-25;168
2020-04-24;"Prešovský kraj";0;0;0;0;NA;109428;0;2020-04-24;168
2020-04-23;"Prešovský kraj";2;0;0;0;NA;109428;2;2020-04-23;168
2020-04-22;"Prešovský kraj";11;0;0;0;NA;109428;11;2020-04-22;166
2020-04-21;"Prešovský kraj";12;0;0;0;NA;109428;12;2020-04-21;155
2020-04-20;"Prešovský kraj";2;0;0;0;NA;109428;2;2020-04-20;143
2020-04-19;"Prešovský kraj";4;0;0;0;NA;109428;4;2020-04-19;141
2020-04-18;"Prešovský kraj";1;0;0;0;NA;109428;1;2020-04-18;137
2020-04-17;"Prešovský kraj";4;0;0;0;NA;109428;4;2020-04-17;136
2020-04-16;"Prešovský kraj";9;0;0;0;NA;109428;9;2020-04-16;132
2020-04-15;"Prešovský kraj";21;0;0;0;NA;109428;21;2020-04-15;123
2020-04-14;"Prešovský kraj";1;0;0;0;NA;109428;1;2020-04-14;102
2020-04-13;"Prešovský kraj";2;0;0;0;NA;109428;2;2020-04-13;101
2020-04-12;"Prešovský kraj";6;0;0;0;NA;109428;6;2020-04-12;99
2020-04-11;"Prešovský kraj";4;0;0;0;NA;109428;4;2020-04-11;93
2020-04-10;"Prešovský kraj";0;0;0;0;NA;109428;0;2020-04-10;89
2020-04-09;"Prešovský kraj";1;0;0;0;NA;109428;1;2020-04-09;89
2020-04-08;"Prešovský kraj";0;0;0;0;NA;109428;0;2020-04-08;88
2020-04-07;"Prešovský kraj";7;0;0;0;NA;109428;7;2020-04-07;88
2020-04-06;"Prešovský kraj";10;0;0;0;NA;109428;10;2020-04-06;81
2020-04-05;"Prešovský kraj";13;0;0;0;NA;109428;13;2020-04-05;71
2020-04-04;"Prešovský kraj";1;0;0;0;NA;109428;1;2020-04-04;58
2020-04-03;"Prešovský kraj";4;0;0;0;NA;109428;4;2020-04-03;57
2020-04-02;"Prešovský kraj";6;0;0;0;NA;109428;6;2020-04-02;53
2020-04-01;"Prešovský kraj";6;0;0;0;NA;109428;6;2020-04-01;47
2020-03-31;"Prešovský kraj";6;0;0;0;NA;109428;6;2020-03-31;41
2020-03-30;"Prešovský kraj";2;0;0;0;NA;109428;2;2020-03-30;35
2020-03-29;"Prešovský kraj";2;0;0;0;NA;109428;2;2020-03-29;33
2020-03-28;"Prešovský kraj";2;0;0;0;NA;109428;2;2020-03-28;31
2020-03-27;"Prešovský kraj";1;0;0;0;NA;109428;1;2020-03-27;29
2020-03-26;"Prešovský kraj";8;0;0;0;NA;109428;8;2020-03-26;28
2020-03-25;"Prešovský kraj";1;0;0;0;NA;109428;1;2020-03-25;20
2020-03-24;"Prešovský kraj";4;0;0;0;NA;109428;4;2020-03-24;19
2020-03-23;"Prešovský kraj";0;0;0;0;NA;109428;0;2020-03-23;15
2020-03-22;"Prešovský kraj";1;0;0;0;NA;109428;1;2020-03-22;15
2020-03-21;"Prešovský kraj";2;0;0;0;NA;109428;2;2020-03-21;14
2020-03-20;"Prešovský kraj";3;0;0;0;NA;109428;3;2020-03-20;12
2020-03-19;"Prešovský kraj";2;0;0;0;NA;109428;2;2020-03-19;9
2020-03-18;"Prešovský kraj";1;0;0;0;NA;109428;1;2020-03-18;7
2020-03-17;"Prešovský kraj";1;0;0;0;NA;109428;1;2020-03-17;6
2020-03-16;"Prešovský kraj";4;0;0;0;NA;109428;4;2020-03-16;5
2020-03-15;"Prešovský kraj";0;0;0;0;NA;109428;0;2020-03-15;1
2020-03-14;"Prešovský kraj";1;0;0;0;NA;109428;1;2020-03-14;1
2020-03-13;"Prešovský kraj";0;0;0;0;NA;109428;0;2020-03-13;0
2020-03-12;"Prešovský kraj";0;0;0;0;NA;109428;0;2020-03-12;0
2020-03-11;"Prešovský kraj";0;0;0;0;NA;109428;0;2020-03-11;0
2020-03-09;"Prešovský kraj";0;0;0;0;NA;109428;0;2020-03-09;0
2020-03-08;"Prešovský kraj";0;0;0;0;NA;109428;0;2020-03-08;0
2020-03-07;"Prešovský kraj";0;0;0;0;NA;109428;0;2020-03-07;0
2020-03-06;"Prešovský kraj";0;0;0;0;NA;109428;0;2020-03-06;0
2021-06-14;"Trenčiansky kraj";10;4109;14;4123;53189;98210;24;2021-06-14;98210
2021-06-13;"Trenčiansky kraj";0;3950;4;3954;NA;98210;4;2021-06-13;98186
2021-06-12;"Trenčiansky kraj";4;4616;6;4622;NA;98210;10;2021-06-12;98182
2021-06-11;"Trenčiansky kraj";10;6227;11;6238;NA;98210;21;2021-06-11;98172
2021-06-10;"Trenčiansky kraj";5;3315;7;3322;NA;98210;12;2021-06-10;98151
2021-06-09;"Trenčiansky kraj";7;3254;6;3260;NA;98210;13;2021-06-09;98139
2021-06-08;"Trenčiansky kraj";21;3628;7;3635;NA;98210;28;2021-06-08;98126
2021-06-07;"Trenčiansky kraj";13;4944;10;4954;NA;98210;23;2021-06-07;98098
2021-06-06;"Trenčiansky kraj";0;4659;9;4668;NA;98210;9;2021-06-06;98075
2021-06-05;"Trenčiansky kraj";7;5712;4;5716;NA;98210;11;2021-06-05;98066
2021-06-04;"Trenčiansky kraj";16;6800;3;6803;NA;98210;19;2021-06-04;98055
2021-06-03;"Trenčiansky kraj";9;3886;9;3895;NA;98210;18;2021-06-03;98036
2021-06-02;"Trenčiansky kraj";28;4293;8;4301;NA;98210;36;2021-06-02;98018
2021-06-01;"Trenčiansky kraj";22;4426;17;4443;NA;98210;39;2021-06-01;97982
2021-05-31;"Trenčiansky kraj";30;5495;24;5519;NA;98210;54;2021-05-31;97943
2021-05-30;"Trenčiansky kraj";0;7365;15;7380;NA;98210;15;2021-05-30;97889
2021-05-29;"Trenčiansky kraj";13;6900;13;6913;NA;98210;26;2021-05-29;97874
2021-05-28;"Trenčiansky kraj";22;7935;24;7959;NA;98210;46;2021-05-28;97848
2021-05-27;"Trenčiansky kraj";6;5163;12;5175;NA;98210;18;2021-05-27;97802
2021-05-26;"Trenčiansky kraj";26;4413;13;4426;NA;98210;39;2021-05-26;97784
2021-05-25;"Trenčiansky kraj";18;5857;21;5878;NA;98210;39;2021-05-25;97745
2021-05-24;"Trenčiansky kraj";19;9008;36;9044;NA;98210;55;2021-05-24;97706
2021-05-23;"Trenčiansky kraj";0;8161;22;8183;NA;98210;22;2021-05-23;97651
2021-05-22;"Trenčiansky kraj";11;10114;12;10126;NA;98210;23;2021-05-22;97629
2021-05-21;"Trenčiansky kraj";23;10606;24;10630;NA;98210;47;2021-05-21;97606
2021-05-20;"Trenčiansky kraj";23;5487;23;5510;NA;98210;46;2021-05-20;97559
2021-05-19;"Trenčiansky kraj";16;4959;31;4990;NA;98210;47;2021-05-19;97513
2021-05-18;"Trenčiansky kraj";26;7610;26;7636;NA;98210;52;2021-05-18;97466
2021-05-17;"Trenčiansky kraj";37;6771;38;6809;NA;98210;75;2021-05-17;97414
2021-05-16;"Trenčiansky kraj";25;14270;30;14300;NA;98210;55;2021-05-16;97339
2021-05-15;"Trenčiansky kraj";3;19573;26;19599;NA;98210;29;2021-05-15;97284
2021-05-14;"Trenčiansky kraj";41;17047;39;17086;NA;98210;80;2021-05-14;97255
2021-05-13;"Trenčiansky kraj";41;8149;24;8173;NA;98210;65;2021-05-13;97175
2021-05-12;"Trenčiansky kraj";41;7408;31;7439;NA;98210;72;2021-05-12;97110
2021-05-11;"Trenčiansky kraj";66;10205;31;10236;NA;98210;97;2021-05-11;97038
2021-05-10;"Trenčiansky kraj";48;12677;55;12732;NA;98210;103;2021-05-10;96941
2021-05-09;"Trenčiansky kraj";52;15597;32;15629;NA;98210;84;2021-05-09;96838
2021-05-08;"Trenčiansky kraj";3;21967;29;21996;NA;98210;32;2021-05-08;96754
2021-05-07;"Trenčiansky kraj";45;21204;44;21248;NA;98210;89;2021-05-07;96722
2021-05-06;"Trenčiansky kraj";26;10679;44;10723;NA;98210;70;2021-05-06;96633
2021-05-05;"Trenčiansky kraj";73;9092;41;9133;NA;98210;114;2021-05-05;96563
2021-05-04;"Trenčiansky kraj";55;12732;53;12785;NA;98210;108;2021-05-04;96449
2021-05-03;"Trenčiansky kraj";60;15330;51;15381;NA;98210;111;2021-05-03;96341
2021-05-02;"Trenčiansky kraj";0;30768;61;30829;NA;98210;61;2021-05-02;96230
2021-05-01;"Trenčiansky kraj";71;56982;60;57042;NA;98210;131;2021-05-01;96169
2021-04-30;"Trenčiansky kraj";77;29420;61;29481;NA;98210;138;2021-04-30;96038
2021-04-29;"Trenčiansky kraj";49;13183;59;13242;NA;98210;108;2021-04-29;95900
2021-04-28;"Trenčiansky kraj";79;12536;52;12588;NA;98210;131;2021-04-28;95792
2021-04-27;"Trenčiansky kraj";107;15526;40;15566;NA;98210;147;2021-04-27;95661
2021-04-26;"Trenčiansky kraj";52;21066;63;21129;NA;98210;115;2021-04-26;95514
2021-04-25;"Trenčiansky kraj";0;34560;48;34608;NA;98210;48;2021-04-25;95399
2021-04-24;"Trenčiansky kraj";76;72398;100;72498;NA;98210;176;2021-04-24;95351
2021-04-23;"Trenčiansky kraj";143;29958;79;30037;NA;98210;222;2021-04-23;95175
2021-04-22;"Trenčiansky kraj";71;13847;64;13911;NA;98210;135;2021-04-22;94953
2021-04-21;"Trenčiansky kraj";79;12996;67;13063;NA;98210;146;2021-04-21;94818
2021-04-20;"Trenčiansky kraj";142;17739;80;17819;NA;98210;222;2021-04-20;94672
2021-04-19;"Trenčiansky kraj";102;22630;103;22733;NA;98210;205;2021-04-19;94450
2021-04-18;"Trenčiansky kraj";3;40879;97;40976;NA;98210;100;2021-04-18;94245
2021-04-17;"Trenčiansky kraj";77;81498;136;81634;NA;98210;213;2021-04-17;94145
2021-04-16;"Trenčiansky kraj";100;31954;90;32044;NA;98210;190;2021-04-16;93932
2021-04-15;"Trenčiansky kraj";71;14477;69;14546;NA;98210;140;2021-04-15;93742
2021-04-14;"Trenčiansky kraj";135;15549;72;15621;NA;98210;207;2021-04-14;93602
2021-04-13;"Trenčiansky kraj";189;18713;75;18788;NA;98210;264;2021-04-13;93395
2021-04-12;"Trenčiansky kraj";97;23743;91;23834;NA;98210;188;2021-04-12;93131
2021-04-11;"Trenčiansky kraj";1;34735;75;34810;NA;98210;76;2021-04-11;92943
2021-04-10;"Trenčiansky kraj";81;83093;145;83238;NA;98210;226;2021-04-10;92867
2021-04-09;"Trenčiansky kraj";120;28008;91;28099;NA;98210;211;2021-04-09;92641
2021-04-08;"Trenčiansky kraj";112;13282;85;13367;NA;98210;197;2021-04-08;92430
2021-04-07;"Trenčiansky kraj";204;17689;122;17811;NA;98210;326;2021-04-07;92233
2021-04-06;"Trenčiansky kraj";157;28532;178;28710;NA;98210;335;2021-04-06;91907
2021-04-05;"Trenčiansky kraj";15;9227;64;9291;NA;98210;79;2021-04-05;91572
2021-04-04;"Trenčiansky kraj";2;20291;85;20376;NA;98210;87;2021-04-04;91493
2021-04-03;"Trenčiansky kraj";86;80473;221;80694;NA;98210;307;2021-04-03;91406
2021-04-02;"Trenčiansky kraj";126;21620;81;21701;NA;98210;207;2021-04-02;91099
2021-04-01;"Trenčiansky kraj";159;32370;139;32509;NA;98210;298;2021-04-01;90892
2021-03-31;"Trenčiansky kraj";198;20100;130;20230;NA;98210;328;2021-03-31;90594
2021-03-30;"Trenčiansky kraj";272;17304;136;17440;NA;98210;408;2021-03-30;90266
2021-03-29;"Trenčiansky kraj";142;19479;170;19649;NA;98210;312;2021-03-29;89858
2021-03-28;"Trenčiansky kraj";3;34759;116;34875;NA;98210;119;2021-03-28;89546
2021-03-27;"Trenčiansky kraj";130;77314;293;77607;NA;98210;423;2021-03-27;89427
2021-03-26;"Trenčiansky kraj";211;35092;157;35249;NA;98210;368;2021-03-26;89004
2021-03-25;"Trenčiansky kraj";184;16579;176;16755;NA;98210;360;2021-03-25;88636
2021-03-24;"Trenčiansky kraj";259;13099;171;13270;NA;98210;430;2021-03-24;88276
2021-03-23;"Trenčiansky kraj";349;17588;174;17762;NA;98210;523;2021-03-23;87846
2021-03-22;"Trenčiansky kraj";141;21118;213;21331;NA;98210;354;2021-03-22;87323
2021-03-21;"Trenčiansky kraj";85;32711;164;32875;NA;98210;249;2021-03-21;86969
2021-03-20;"Trenčiansky kraj";128;80035;322;80357;NA;98210;450;2021-03-20;86720
2021-03-19;"Trenčiansky kraj";231;34784;232;35016;NA;98210;463;2021-03-19;86270
2021-03-18;"Trenčiansky kraj";262;16105;178;16283;NA;98210;440;2021-03-18;85807
2021-03-17;"Trenčiansky kraj";366;13436;163;13599;NA;98210;529;2021-03-17;85367
2021-03-16;"Trenčiansky kraj";450;15281;241;15522;NA;98210;691;2021-03-16;84838
2021-03-15;"Trenčiansky kraj";162;21235;261;21496;NA;98210;423;2021-03-15;84147
2021-03-14;"Trenčiansky kraj";42;33892;233;34125;NA;98210;275;2021-03-14;83724
2021-03-13;"Trenčiansky kraj";270;79187;453;79640;NA;98210;723;2021-03-13;83449
2021-03-12;"Trenčiansky kraj";366;34787;307;35094;NA;98210;673;2021-03-12;82726
2021-03-11;"Trenčiansky kraj";302;15557;213;15770;NA;98210;515;2021-03-11;82053
2021-03-10;"Trenčiansky kraj";402;13585;237;13822;NA;98210;639;2021-03-10;81538
2021-03-09;"Trenčiansky kraj";586;17982;285;18267;NA;98210;871;2021-03-09;80899
2021-03-08;"Trenčiansky kraj";174;21704;363;22067;NA;98210;537;2021-03-08;80028
2021-03-07;"Trenčiansky kraj";4;33991;318;34309;NA;98210;322;2021-03-07;79491
2021-03-06;"Trenčiansky kraj";260;79661;529;80190;NA;98210;789;2021-03-06;79169
2021-03-05;"Trenčiansky kraj";326;32946;416;33362;NA;98210;742;2021-03-05;78380
2021-03-04;"Trenčiansky kraj";323;16820;315;17135;NA;98210;638;2021-03-04;77638
2021-03-03;"Trenčiansky kraj";413;13953;346;14299;NA;98210;759;2021-03-03;77000
2021-03-02;"Trenčiansky kraj";612;17797;344;18141;NA;98210;956;2021-03-02;76241
2021-03-01;"Trenčiansky kraj";217;21127;445;21572;NA;98210;662;2021-03-01;75285
2021-02-28;"Trenčiansky kraj";45;30238;376;30614;NA;98210;421;2021-02-28;74623
2021-02-27;"Trenčiansky kraj";277;78735;686;79421;NA;98210;963;2021-02-27;74202
2021-02-26;"Trenčiansky kraj";420;32932;435;33367;NA;98210;855;2021-02-26;73239
2021-02-25;"Trenčiansky kraj";424;14029;328;14357;NA;98210;752;2021-02-25;72384
2021-02-24;"Trenčiansky kraj";427;11997;398;12395;NA;98210;825;2021-02-24;71632
2021-02-23;"Trenčiansky kraj";577;14904;390;15294;NA;98210;967;2021-02-23;70807
2021-02-22;"Trenčiansky kraj";160;19969;468;20437;NA;98210;628;2021-02-22;69840
2021-02-21;"Trenčiansky kraj";64;29478;392;29870;NA;98210;456;2021-02-21;69212
2021-02-20;"Trenčiansky kraj";274;77840;745;78585;NA;98210;1019;2021-02-20;68756
2021-02-19;"Trenčiansky kraj";272;30245;520;30765;NA;98210;792;2021-02-19;67737
2021-02-18;"Trenčiansky kraj";355;14378;410;14788;NA;98210;765;2021-02-18;66945
2021-02-17;"Trenčiansky kraj";363;11413;376;11789;NA;98210;739;2021-02-17;66180
2021-02-16;"Trenčiansky kraj";488;17761;406;18167;NA;98210;894;2021-02-16;65441
2021-02-15;"Trenčiansky kraj";151;21846;463;22309;NA;98210;614;2021-02-15;64547
2021-02-14;"Trenčiansky kraj";2;31255;324;31579;NA;98210;326;2021-02-14;63933
2021-02-13;"Trenčiansky kraj";274;63006;522;63528;NA;98210;796;2021-02-13;63607
2021-02-12;"Trenčiansky kraj";276;27966;412;28378;NA;98210;688;2021-02-12;62811
2021-02-11;"Trenčiansky kraj";291;11566;323;11889;NA;98210;614;2021-02-11;62123
2021-02-10;"Trenčiansky kraj";304;11402;317;11719;NA;98210;621;2021-02-10;61509
2021-02-09;"Trenčiansky kraj";514;18401;360;18761;NA;98210;874;2021-02-09;60888
2021-02-08;"Trenčiansky kraj";182;26972;430;27402;NA;98210;612;2021-02-08;60014
2021-02-07;"Trenčiansky kraj";31;36772;341;37113;NA;98210;372;2021-02-07;59402
2021-02-06;"Trenčiansky kraj";216;63931;560;64491;NA;98210;776;2021-02-06;59030
2021-02-05;"Trenčiansky kraj";202;18154;367;18521;NA;98210;569;2021-02-05;58254
2021-02-04;"Trenčiansky kraj";266;7248;311;7559;NA;98210;577;2021-02-04;57685
2021-02-03;"Trenčiansky kraj";162;6718;320;7038;NA;98210;482;2021-02-03;57108
2021-02-02;"Trenčiansky kraj";347;8058;380;8438;NA;98210;727;2021-02-02;56626
2021-02-01;"Trenčiansky kraj";167;8917;311;9228;NA;98210;478;2021-02-01;55899
2021-01-31;"Trenčiansky kraj";7;19103;159;19262;NA;98210;166;2021-01-31;55421
2021-01-30;"Trenčiansky kraj";228;38167;332;38499;NA;98210;560;2021-01-30;55255
2021-01-29;"Trenčiansky kraj";214;7586;235;7821;NA;98210;449;2021-01-29;54695
2021-01-28;"Trenčiansky kraj";307;5442;158;5600;NA;98210;465;2021-01-28;54246
2021-01-27;"Trenčiansky kraj";166;4842;181;5023;NA;98210;347;2021-01-27;53781
2021-01-26;"Trenčiansky kraj";303;14585;250;14835;NA;98210;553;2021-01-26;53434
2021-01-25;"Trenčiansky kraj";160;24302;207;24509;NA;98210;367;2021-01-25;52881
2021-01-24;"Trenčiansky kraj";51;38369;282;38651;NA;98210;333;2021-01-24;52514
2021-01-23;"Trenčiansky kraj";206;114125;749;114874;NA;98210;955;2021-01-23;52181
2021-01-22;"Trenčiansky kraj";148;21833;242;22075;NA;98210;390;2021-01-22;51226
2021-01-21;"Trenčiansky kraj";143;8582;166;8748;NA;98210;309;2021-01-21;50836
2021-01-20;"Trenčiansky kraj";181;8186;227;8413;NA;98210;408;2021-01-20;50527
2021-01-19;"Trenčiansky kraj";363;6618;262;6880;NA;98210;625;2021-01-19;50119
2021-01-18;"Trenčiansky kraj";72;4970;321;5291;NA;98210;393;2021-01-18;49494
2021-01-17;"Trenčiansky kraj";124;156;11;167;NA;98210;135;2021-01-17;49101
2021-01-16;"Trenčiansky kraj";39;1288;53;1341;NA;98210;92;2021-01-16;48966
2021-01-15;"Trenčiansky kraj";264;4029;218;4247;NA;98210;482;2021-01-15;48874
2021-01-14;"Trenčiansky kraj";275;3193;189;3382;NA;98210;464;2021-01-14;48392
2021-01-13;"Trenčiansky kraj";222;3893;215;4108;NA;98210;437;2021-01-13;47928
2021-01-12;"Trenčiansky kraj";508;4604;261;4865;NA;98210;769;2021-01-12;47491
2021-01-11;"Trenčiansky kraj";142;4367;354;4721;NA;98210;496;2021-01-11;46722
2021-01-10;"Trenčiansky kraj";89;4969;77;5046;NA;98210;166;2021-01-10;46226
2021-01-09;"Trenčiansky kraj";276;8280;128;8408;NA;98210;404;2021-01-09;46060
2021-01-08;"Trenčiansky kraj";489;6434;484;6918;NA;98210;973;2021-01-08;45656
2021-01-07;"Trenčiansky kraj";420;6138;577;6715;NA;98210;997;2021-01-07;44683
2021-01-06;"Trenčiansky kraj";221;1021;64;1085;NA;98210;285;2021-01-06;43686
2021-01-05;"Trenčiansky kraj";669;5753;706;6459;NA;98210;1375;2021-01-05;43401
2021-01-04;"Trenčiansky kraj";337;5248;782;6030;NA;98210;1119;2021-01-04;42026
2021-01-03;"Trenčiansky kraj";38;114;15;129;NA;98210;53;2021-01-03;40907
2021-01-02;"Trenčiansky kraj";129;196;23;219;NA;98210;152;2021-01-02;40854
2021-01-01;"Trenčiansky kraj";329;347;23;370;NA;98210;352;2021-01-01;40702
2020-12-31;"Trenčiansky kraj";597;4943;557;5500;NA;98210;1154;2020-12-31;40350
2020-12-30;"Trenčiansky kraj";836;7012;762;7774;NA;98210;1598;2020-12-30;39196
2020-12-29;"Trenčiansky kraj";459;6191;1018;7209;NA;98210;1477;2020-12-29;37598
2020-12-28;"Trenčiansky kraj";258;4195;777;4972;NA;98210;1035;2020-12-28;36121
2020-12-27;"Trenčiansky kraj";5;208;36;244;NA;98210;41;2020-12-27;35086
2020-12-26;"Trenčiansky kraj";174;74;10;84;NA;98210;184;2020-12-26;35045
2020-12-25;"Trenčiansky kraj";251;325;47;372;NA;98210;298;2020-12-25;34861
2020-12-24;"Trenčiansky kraj";552;2194;256;2450;NA;98210;808;2020-12-24;34563
2020-12-23;"Trenčiansky kraj";421;6552;661;7213;NA;98210;1082;2020-12-23;33755
2020-12-22;"Trenčiansky kraj";673;5760;694;6454;NA;98210;1367;2020-12-22;32673
2020-12-21;"Trenčiansky kraj";248;13321;956;14277;NA;98210;1204;2020-12-21;31306
2020-12-20;"Trenčiansky kraj";238;12504;292;12796;NA;98210;530;2020-12-20;30102
2020-12-19;"Trenčiansky kraj";341;1611;150;1761;NA;98210;491;2020-12-19;29572
2020-12-18;"Trenčiansky kraj";521;5199;615;5814;NA;98210;1136;2020-12-18;29081
2020-12-17;"Trenčiansky kraj";670;3843;524;4367;NA;98210;1194;2020-12-17;27945
2020-12-16;"Trenčiansky kraj";461;4464;647;5111;NA;98210;1108;2020-12-16;26751
2020-12-15;"Trenčiansky kraj";595;3805;670;4475;NA;98210;1265;2020-12-15;25643
2020-12-14;"Trenčiansky kraj";318;3194;613;3807;NA;98210;931;2020-12-14;24378
2020-12-13;"Trenčiansky kraj";77;49;6;55;NA;98210;83;2020-12-13;23447
2020-12-12;"Trenčiansky kraj";314;1191;132;1323;NA;98210;446;2020-12-12;23364
2020-12-11;"Trenčiansky kraj";751;4066;479;4545;NA;98210;1230;2020-12-11;22918
2020-12-10;"Trenčiansky kraj";271;3354;473;3827;NA;98210;744;2020-12-10;21688
2020-12-09;"Trenčiansky kraj";508;3788;466;4254;NA;98210;974;2020-12-09;20944
2020-12-08;"Trenčiansky kraj";546;3440;522;3962;NA;98210;1068;2020-12-08;19970
2020-12-07;"Trenčiansky kraj";258;3832;468;4300;NA;98210;726;2020-12-07;18902
2020-12-06;"Trenčiansky kraj";114;179;10;189;NA;98210;124;2020-12-06;18176
2020-12-05;"Trenčiansky kraj";223;610;56;666;NA;98210;279;2020-12-05;18052
2020-12-04;"Trenčiansky kraj";253;2943;273;3216;NA;98210;526;2020-12-04;17773
2020-12-03;"Trenčiansky kraj";503;1714;178;1892;NA;98210;681;2020-12-03;17247
2020-12-02;"Trenčiansky kraj";418;1844;232;2076;NA;98210;650;2020-12-02;16566
2020-12-01;"Trenčiansky kraj";321;5642;351;5993;NA;98210;672;2020-12-01;15916
2020-11-30;"Trenčiansky kraj";167;11514;520;12034;NA;98210;687;2020-11-30;15244
2020-11-29;"Trenčiansky kraj";29;0;0;0;NA;98210;29;2020-11-29;14557
2020-11-28;"Trenčiansky kraj";202;0;0;0;NA;98210;202;2020-11-28;14528
2020-11-27;"Trenčiansky kraj";330;304;15;319;NA;98210;345;2020-11-27;14326
2020-11-26;"Trenčiansky kraj";395;0;0;0;NA;98210;395;2020-11-26;13981
2020-11-25;"Trenčiansky kraj";322;0;0;0;NA;98210;322;2020-11-25;13586
2020-11-24;"Trenčiansky kraj";348;0;0;0;NA;98210;348;2020-11-24;13264
2020-11-23;"Trenčiansky kraj";159;0;0;0;NA;98210;159;2020-11-23;12916
2020-11-22;"Trenčiansky kraj";26;0;0;0;NA;98210;26;2020-11-22;12757
2020-11-21;"Trenčiansky kraj";255;0;0;0;NA;98210;255;2020-11-21;12731
2020-11-20;"Trenčiansky kraj";316;0;0;0;NA;98210;316;2020-11-20;12476
2020-11-19;"Trenčiansky kraj";316;0;0;0;NA;98210;316;2020-11-19;12160
2020-11-18;"Trenčiansky kraj";233;0;0;0;NA;98210;233;2020-11-18;11844
2020-11-17;"Trenčiansky kraj";222;0;0;0;NA;98210;222;2020-11-17;11611
2020-11-16;"Trenčiansky kraj";245;0;0;0;NA;98210;245;2020-11-16;11389
2020-11-15;"Trenčiansky kraj";109;0;0;0;NA;98210;109;2020-11-15;11144
2020-11-14;"Trenčiansky kraj";190;0;0;0;NA;98210;190;2020-11-14;11035
2020-11-13;"Trenčiansky kraj";308;0;0;0;NA;98210;308;2020-11-13;10845
2020-11-12;"Trenčiansky kraj";324;0;0;0;NA;98210;324;2020-11-12;10537
2020-11-11;"Trenčiansky kraj";366;0;0;0;NA;98210;366;2020-11-11;10213
2020-11-10;"Trenčiansky kraj";277;0;0;0;NA;98210;277;2020-11-10;9847
2020-11-09;"Trenčiansky kraj";115;0;0;0;NA;98210;115;2020-11-09;9570
2020-11-08;"Trenčiansky kraj";81;0;0;0;NA;98210;81;2020-11-08;9455
2020-11-07;"Trenčiansky kraj";319;0;0;0;NA;98210;319;2020-11-07;9374
2020-11-06;"Trenčiansky kraj";383;0;0;0;NA;98210;383;2020-11-06;9055
2020-11-05;"Trenčiansky kraj";399;0;0;0;NA;98210;399;2020-11-05;8672
2020-11-04;"Trenčiansky kraj";370;0;0;0;NA;98210;370;2020-11-04;8273
2020-11-03;"Trenčiansky kraj";575;0;0;0;NA;98210;575;2020-11-03;7903
2020-11-02;"Trenčiansky kraj";197;0;0;0;NA;98210;197;2020-11-02;7328
2020-11-01;"Trenčiansky kraj";257;0;0;0;NA;98210;257;2020-11-01;7131
2020-10-31;"Trenčiansky kraj";332;0;0;0;NA;98210;332;2020-10-31;6874
2020-10-30;"Trenčiansky kraj";299;0;0;0;NA;98210;299;2020-10-30;6542
2020-10-29;"Trenčiansky kraj";496;0;0;0;NA;98210;496;2020-10-29;6243
2020-10-28;"Trenčiansky kraj";269;0;0;0;NA;98210;269;2020-10-28;5747
2020-10-27;"Trenčiansky kraj";473;0;0;0;NA;98210;473;2020-10-27;5478
2020-10-26;"Trenčiansky kraj";177;0;0;0;NA;98210;177;2020-10-26;5005
2020-10-25;"Trenčiansky kraj";138;0;0;0;NA;98210;138;2020-10-25;4828
2020-10-24;"Trenčiansky kraj";395;0;0;0;NA;98210;395;2020-10-24;4690
2020-10-23;"Trenčiansky kraj";301;0;0;0;NA;98210;301;2020-10-23;4295
2020-10-22;"Trenčiansky kraj";273;0;0;0;NA;98210;273;2020-10-22;3994
2020-10-21;"Trenčiansky kraj";183;0;0;0;NA;98210;183;2020-10-21;3721
2020-10-20;"Trenčiansky kraj";212;0;0;0;NA;98210;212;2020-10-20;3538
2020-10-19;"Trenčiansky kraj";41;0;0;0;NA;98210;41;2020-10-19;3326
2020-10-18;"Trenčiansky kraj";104;0;0;0;NA;98210;104;2020-10-18;3285
2020-10-17;"Trenčiansky kraj";157;0;0;0;NA;98210;157;2020-10-17;3181
2020-10-16;"Trenčiansky kraj";225;0;0;0;NA;98210;225;2020-10-16;3024
2020-10-15;"Trenčiansky kraj";255;0;0;0;NA;98210;255;2020-10-15;2799
2020-10-14;"Trenčiansky kraj";162;0;0;0;NA;98210;162;2020-10-14;2544
2020-10-13;"Trenčiansky kraj";124;0;0;0;NA;98210;124;2020-10-13;2382
2020-10-12;"Trenčiansky kraj";55;0;0;0;NA;98210;55;2020-10-12;2258
2020-10-11;"Trenčiansky kraj";73;0;0;0;NA;98210;73;2020-10-11;2203
2020-10-10;"Trenčiansky kraj";180;0;0;0;NA;98210;180;2020-10-10;2130
2020-10-09;"Trenčiansky kraj";198;0;0;0;NA;98210;198;2020-10-09;1950
2020-10-08;"Trenčiansky kraj";115;0;0;0;NA;98210;115;2020-10-08;1752
2020-10-07;"Trenčiansky kraj";75;0;0;0;NA;98210;75;2020-10-07;1637
2020-10-06;"Trenčiansky kraj";72;0;0;0;NA;98210;72;2020-10-06;1562
2020-10-05;"Trenčiansky kraj";32;0;0;0;NA;98210;32;2020-10-05;1490
2020-10-04;"Trenčiansky kraj";37;0;0;0;NA;98210;37;2020-10-04;1458
2020-10-03;"Trenčiansky kraj";79;0;0;0;NA;98210;79;2020-10-03;1421
2020-10-02;"Trenčiansky kraj";69;0;0;0;NA;98210;69;2020-10-02;1342
2020-10-01;"Trenčiansky kraj";58;0;0;0;NA;98210;58;2020-10-01;1273
2020-09-30;"Trenčiansky kraj";76;0;0;0;NA;98210;76;2020-09-30;1215
2020-09-29;"Trenčiansky kraj";43;0;0;0;NA;98210;43;2020-09-29;1139
2020-09-28;"Trenčiansky kraj";7;0;0;0;NA;98210;7;2020-09-28;1096
2020-09-27;"Trenčiansky kraj";12;0;0;0;NA;98210;12;2020-09-27;1089
2020-09-26;"Trenčiansky kraj";37;0;0;0;NA;98210;37;2020-09-26;1077
2020-09-25;"Trenčiansky kraj";72;0;0;0;NA;98210;72;2020-09-25;1040
2020-09-24;"Trenčiansky kraj";41;0;0;0;NA;98210;41;2020-09-24;968
2020-09-23;"Trenčiansky kraj";32;0;0;0;NA;98210;32;2020-09-23;927
2020-09-22;"Trenčiansky kraj";26;0;0;0;NA;98210;26;2020-09-22;895
2020-09-21;"Trenčiansky kraj";23;0;0;0;NA;98210;23;2020-09-21;869
2020-09-20;"Trenčiansky kraj";21;0;0;0;NA;98210;21;2020-09-20;846
2020-09-19;"Trenčiansky kraj";20;0;0;0;NA;98210;20;2020-09-19;825
2020-09-18;"Trenčiansky kraj";41;0;0;0;NA;98210;41;2020-09-18;805
2020-09-17;"Trenčiansky kraj";20;0;0;0;NA;98210;20;2020-09-17;764
2020-09-16;"Trenčiansky kraj";14;0;0;0;NA;98210;14;2020-09-16;744
2020-09-15;"Trenčiansky kraj";8;0;0;0;NA;98210;8;2020-09-15;730
2020-09-14;"Trenčiansky kraj";5;0;0;0;NA;98210;5;2020-09-14;722
2020-09-13;"Trenčiansky kraj";12;0;0;0;NA;98210;12;2020-09-13;717
2020-09-12;"Trenčiansky kraj";2;0;0;0;NA;98210;2;2020-09-12;705
2020-09-11;"Trenčiansky kraj";27;0;0;0;NA;98210;27;2020-09-11;703
2020-09-10;"Trenčiansky kraj";15;0;0;0;NA;98210;15;2020-09-10;676
2020-09-09;"Trenčiansky kraj";11;0;0;0;NA;98210;11;2020-09-09;661
2020-09-08;"Trenčiansky kraj";12;0;0;0;NA;98210;12;2020-09-08;650
2020-09-07;"Trenčiansky kraj";6;0;0;0;NA;98210;6;2020-09-07;638
2020-09-06;"Trenčiansky kraj";1;0;0;0;NA;98210;1;2020-09-06;632
2020-09-05;"Trenčiansky kraj";3;0;0;0;NA;98210;3;2020-09-05;631
2020-09-04;"Trenčiansky kraj";9;0;0;0;NA;98210;9;2020-09-04;628
2020-09-03;"Trenčiansky kraj";10;0;0;0;NA;98210;10;2020-09-03;619
2020-09-02;"Trenčiansky kraj";5;0;0;0;NA;98210;5;2020-09-02;609
2020-09-01;"Trenčiansky kraj";1;0;0;0;NA;98210;1;2020-09-01;604
2020-08-31;"Trenčiansky kraj";12;0;0;0;NA;98210;12;2020-08-31;603
2020-08-30;"Trenčiansky kraj";0;0;0;0;NA;98210;0;2020-08-30;591
2020-08-29;"Trenčiansky kraj";1;0;0;0;NA;98210;1;2020-08-29;591
2020-08-28;"Trenčiansky kraj";12;0;0;0;NA;98210;12;2020-08-28;590
2020-08-27;"Trenčiansky kraj";10;0;0;0;NA;98210;10;2020-08-27;578
2020-08-26;"Trenčiansky kraj";15;0;0;0;NA;98210;15;2020-08-26;568
2020-08-25;"Trenčiansky kraj";12;0;0;0;NA;98210;12;2020-08-25;553
2020-08-24;"Trenčiansky kraj";4;0;0;0;NA;98210;4;2020-08-24;541
2020-08-23;"Trenčiansky kraj";5;0;0;0;NA;98210;5;2020-08-23;537
2020-08-22;"Trenčiansky kraj";6;0;0;0;NA;98210;6;2020-08-22;532
2020-08-21;"Trenčiansky kraj";6;0;0;0;NA;98210;6;2020-08-21;526
2020-08-20;"Trenčiansky kraj";20;0;0;0;NA;98210;20;2020-08-20;520
2020-08-19;"Trenčiansky kraj";17;0;0;0;NA;98210;17;2020-08-19;500
2020-08-18;"Trenčiansky kraj";9;0;0;0;NA;98210;9;2020-08-18;483
2020-08-17;"Trenčiansky kraj";4;0;0;0;NA;98210;4;2020-08-17;474
2020-08-16;"Trenčiansky kraj";0;0;0;0;NA;98210;0;2020-08-16;470
2020-08-15;"Trenčiansky kraj";9;0;0;0;NA;98210;9;2020-08-15;470
2020-08-14;"Trenčiansky kraj";15;0;0;0;NA;98210;15;2020-08-14;461
2020-08-13;"Trenčiansky kraj";23;0;0;0;NA;98210;23;2020-08-13;446
2020-08-12;"Trenčiansky kraj";6;0;0;0;NA;98210;6;2020-08-12;423
2020-08-11;"Trenčiansky kraj";7;0;0;0;NA;98210;7;2020-08-11;417
2020-08-10;"Trenčiansky kraj";9;0;0;0;NA;98210;9;2020-08-10;410
2020-08-09;"Trenčiansky kraj";1;0;0;0;NA;98210;1;2020-08-09;401
2020-08-08;"Trenčiansky kraj";4;0;0;0;NA;98210;4;2020-08-08;400
2020-08-07;"Trenčiansky kraj";4;0;0;0;NA;98210;4;2020-08-07;396
2020-08-06;"Trenčiansky kraj";13;0;0;0;NA;98210;13;2020-08-06;392
2020-08-05;"Trenčiansky kraj";39;0;0;0;NA;98210;39;2020-08-05;379
2020-08-04;"Trenčiansky kraj";9;0;0;0;NA;98210;9;2020-08-04;340
2020-08-03;"Trenčiansky kraj";0;0;0;0;NA;98210;0;2020-08-03;331
2020-08-02;"Trenčiansky kraj";2;0;0;0;NA;98210;2;2020-08-02;331
2020-08-01;"Trenčiansky kraj";6;0;0;0;NA;98210;6;2020-08-01;329
2020-07-31;"Trenčiansky kraj";16;0;0;0;NA;98210;16;2020-07-31;323
2020-07-30;"Trenčiansky kraj";4;0;0;0;NA;98210;4;2020-07-30;307
2020-07-29;"Trenčiansky kraj";5;0;0;0;NA;98210;5;2020-07-29;303
2020-07-28;"Trenčiansky kraj";11;0;0;0;NA;98210;11;2020-07-28;298
2020-07-27;"Trenčiansky kraj";4;0;0;0;NA;98210;4;2020-07-27;287
2020-07-26;"Trenčiansky kraj";1;0;0;0;NA;98210;1;2020-07-26;283
2020-07-25;"Trenčiansky kraj";7;0;0;0;NA;98210;7;2020-07-25;282
2020-07-24;"Trenčiansky kraj";5;0;0;0;NA;98210;5;2020-07-24;275
2020-07-23;"Trenčiansky kraj";10;0;0;0;NA;98210;10;2020-07-23;270
2020-07-22;"Trenčiansky kraj";11;0;0;0;NA;98210;11;2020-07-22;260
2020-07-21;"Trenčiansky kraj";6;0;0;0;NA;98210;6;2020-07-21;249
2020-07-20;"Trenčiansky kraj";13;0;0;0;NA;98210;13;2020-07-20;243
2020-07-19;"Trenčiansky kraj";0;0;0;0;NA;98210;0;2020-07-19;230
2020-07-18;"Trenčiansky kraj";0;0;0;0;NA;98210;0;2020-07-18;230
2020-07-17;"Trenčiansky kraj";1;0;0;0;NA;98210;1;2020-07-17;230
2020-07-16;"Trenčiansky kraj";0;0;0;0;NA;98210;0;2020-07-16;229
2020-07-15;"Trenčiansky kraj";2;0;0;0;NA;98210;2;2020-07-15;229
2020-07-14;"Trenčiansky kraj";8;0;0;0;NA;98210;8;2020-07-14;227
2020-07-13;"Trenčiansky kraj";1;0;0;0;NA;98210;1;2020-07-13;219
2020-07-12;"Trenčiansky kraj";0;0;0;0;NA;98210;0;2020-07-12;218
2020-07-11;"Trenčiansky kraj";0;0;0;0;NA;98210;0;2020-07-11;218
2020-07-10;"Trenčiansky kraj";3;0;0;0;NA;98210;3;2020-07-10;218
2020-07-09;"Trenčiansky kraj";2;0;0;0;NA;98210;2;2020-07-09;215
2020-07-08;"Trenčiansky kraj";1;0;0;0;NA;98210;1;2020-07-08;213
2020-07-07;"Trenčiansky kraj";9;0;0;0;NA;98210;9;2020-07-07;212
2020-07-06;"Trenčiansky kraj";1;0;0;0;NA;98210;1;2020-07-06;203
2020-07-05;"Trenčiansky kraj";1;0;0;0;NA;98210;1;2020-07-05;202
2020-07-04;"Trenčiansky kraj";0;0;0;0;NA;98210;0;2020-07-04;201
2020-07-03;"Trenčiansky kraj";2;0;0;0;NA;98210;2;2020-07-03;201
2020-07-02;"Trenčiansky kraj";10;0;0;0;NA;98210;10;2020-07-02;199
2020-07-01;"Trenčiansky kraj";1;0;0;0;NA;98210;1;2020-07-01;189
2020-06-30;"Trenčiansky kraj";6;0;0;0;NA;98210;6;2020-06-30;188
2020-06-29;"Trenčiansky kraj";1;0;0;0;NA;98210;1;2020-06-29;182
2020-06-28;"Trenčiansky kraj";0;0;0;0;NA;98210;0;2020-06-28;181
2020-06-27;"Trenčiansky kraj";0;0;0;0;NA;98210;0;2020-06-27;181
2020-06-26;"Trenčiansky kraj";0;0;0;0;NA;98210;0;2020-06-26;181
2020-06-25;"Trenčiansky kraj";2;0;0;0;NA;98210;2;2020-06-25;181
2020-06-24;"Trenčiansky kraj";1;0;0;0;NA;98210;1;2020-06-24;179
2020-06-23;"Trenčiansky kraj";0;0;0;0;NA;98210;0;2020-06-23;178
2020-06-22;"Trenčiansky kraj";0;0;0;0;NA;98210;0;2020-06-22;178
2020-06-21;"Trenčiansky kraj";0;0;0;0;NA;98210;0;2020-06-21;178
2020-06-20;"Trenčiansky kraj";0;0;0;0;NA;98210;0;2020-06-20;178
2020-06-19;"Trenčiansky kraj";0;0;0;0;NA;98210;0;2020-06-19;178
2020-06-18;"Trenčiansky kraj";0;0;0;0;NA;98210;0;2020-06-18;178
2020-06-17;"Trenčiansky kraj";0;0;0;0;NA;98210;0;2020-06-17;178
2020-06-16;"Trenčiansky kraj";0;0;0;0;NA;98210;0;2020-06-16;178
2020-06-14;"Trenčiansky kraj";0;0;0;0;NA;98210;0;2020-06-14;178
2020-06-13;"Trenčiansky kraj";0;0;0;0;NA;98210;0;2020-06-13;178
2020-06-12;"Trenčiansky kraj";0;0;0;0;NA;98210;0;2020-06-12;178
2020-06-11;"Trenčiansky kraj";0;0;0;0;NA;98210;0;2020-06-11;178
2020-06-10;"Trenčiansky kraj";1;0;0;0;NA;98210;1;2020-06-10;178
2020-06-09;"Trenčiansky kraj";0;0;0;0;NA;98210;0;2020-06-09;177
2020-06-08;"Trenčiansky kraj";0;0;0;0;NA;98210;0;2020-06-08;177
2020-06-07;"Trenčiansky kraj";0;0;0;0;NA;98210;0;2020-06-07;177
2020-06-05;"Trenčiansky kraj";0;0;0;0;NA;98210;0;2020-06-05;177
2020-06-03;"Trenčiansky kraj";0;0;0;0;NA;98210;0;2020-06-03;177
2020-06-02;"Trenčiansky kraj";0;0;0;0;NA;98210;0;2020-06-02;177
2020-05-31;"Trenčiansky kraj";0;0;0;0;NA;98210;0;2020-05-31;177
2020-05-29;"Trenčiansky kraj";0;0;0;0;NA;98210;0;2020-05-29;177
2020-05-27;"Trenčiansky kraj";2;0;0;0;NA;98210;2;2020-05-27;177
2020-05-26;"Trenčiansky kraj";0;0;0;0;NA;98210;0;2020-05-26;175
2020-05-25;"Trenčiansky kraj";0;0;0;0;NA;98210;0;2020-05-25;175
2020-05-24;"Trenčiansky kraj";0;0;0;0;NA;98210;0;2020-05-24;175
2020-05-23;"Trenčiansky kraj";0;0;0;0;NA;98210;0;2020-05-23;175
2020-05-22;"Trenčiansky kraj";0;0;0;0;NA;98210;0;2020-05-22;175
2020-05-21;"Trenčiansky kraj";0;0;0;0;NA;98210;0;2020-05-21;175
2020-05-20;"Trenčiansky kraj";0;0;0;0;NA;98210;0;2020-05-20;175
2020-05-19;"Trenčiansky kraj";0;0;0;0;NA;98210;0;2020-05-19;175
2020-05-17;"Trenčiansky kraj";0;0;0;0;NA;98210;0;2020-05-17;175
2020-05-16;"Trenčiansky kraj";0;0;0;0;NA;98210;0;2020-05-16;175
2020-05-15;"Trenčiansky kraj";1;0;0;0;NA;98210;1;2020-05-15;175
2020-05-14;"Trenčiansky kraj";2;0;0;0;NA;98210;2;2020-05-14;174
2020-05-13;"Trenčiansky kraj";1;0;0;0;NA;98210;1;2020-05-13;172
2020-05-12;"Trenčiansky kraj";1;0;0;0;NA;98210;1;2020-05-12;171
2020-05-11;"Trenčiansky kraj";3;0;0;0;NA;98210;3;2020-05-11;170
2020-05-09;"Trenčiansky kraj";2;0;0;0;NA;98210;2;2020-05-09;167
2020-05-07;"Trenčiansky kraj";6;0;0;0;NA;98210;6;2020-05-07;165
2020-05-06;"Trenčiansky kraj";0;0;0;0;NA;98210;0;2020-05-06;159
2020-05-05;"Trenčiansky kraj";2;0;0;0;NA;98210;2;2020-05-05;159
2020-05-04;"Trenčiansky kraj";0;0;0;0;NA;98210;0;2020-05-04;157
2020-05-03;"Trenčiansky kraj";0;0;0;0;NA;98210;0;2020-05-03;157
2020-05-02;"Trenčiansky kraj";0;0;0;0;NA;98210;0;2020-05-02;157
2020-05-01;"Trenčiansky kraj";0;0;0;0;NA;98210;0;2020-05-01;157
2020-04-30;"Trenčiansky kraj";0;0;0;0;NA;98210;0;2020-04-30;157
2020-04-29;"Trenčiansky kraj";2;0;0;0;NA;98210;2;2020-04-29;157
2020-04-28;"Trenčiansky kraj";1;0;0;0;NA;98210;1;2020-04-28;155
2020-04-27;"Trenčiansky kraj";0;0;0;0;NA;98210;0;2020-04-27;154
2020-04-26;"Trenčiansky kraj";1;0;0;0;NA;98210;1;2020-04-26;154
2020-04-25;"Trenčiansky kraj";0;0;0;0;NA;98210;0;2020-04-25;153
2020-04-24;"Trenčiansky kraj";0;0;0;0;NA;98210;0;2020-04-24;153
2020-04-23;"Trenčiansky kraj";11;0;0;0;NA;98210;11;2020-04-23;153
2020-04-22;"Trenčiansky kraj";1;0;0;0;NA;98210;1;2020-04-22;142
2020-04-21;"Trenčiansky kraj";11;0;0;0;NA;98210;11;2020-04-21;141
2020-04-20;"Trenčiansky kraj";15;0;0;0;NA;98210;15;2020-04-20;130
2020-04-19;"Trenčiansky kraj";2;0;0;0;NA;98210;2;2020-04-19;115
2020-04-18;"Trenčiansky kraj";3;0;0;0;NA;98210;3;2020-04-18;113
2020-04-17;"Trenčiansky kraj";4;0;0;0;NA;98210;4;2020-04-17;110
2020-04-16;"Trenčiansky kraj";10;0;0;0;NA;98210;10;2020-04-16;106
2020-04-15;"Trenčiansky kraj";4;0;0;0;NA;98210;4;2020-04-15;96
2020-04-14;"Trenčiansky kraj";0;0;0;0;NA;98210;0;2020-04-14;92
2020-04-13;"Trenčiansky kraj";1;0;0;0;NA;98210;1;2020-04-13;92
2020-04-12;"Trenčiansky kraj";2;0;0;0;NA;98210;2;2020-04-12;91
2020-04-11;"Trenčiansky kraj";3;0;0;0;NA;98210;3;2020-04-11;89
2020-04-10;"Trenčiansky kraj";0;0;0;0;NA;98210;0;2020-04-10;86
2020-04-09;"Trenčiansky kraj";0;0;0;0;NA;98210;0;2020-04-09;86
2020-04-08;"Trenčiansky kraj";2;0;0;0;NA;98210;2;2020-04-08;86
2020-04-07;"Trenčiansky kraj";18;0;0;0;NA;98210;18;2020-04-07;84
2020-04-06;"Trenčiansky kraj";0;0;0;0;NA;98210;0;2020-04-06;66
2020-04-05;"Trenčiansky kraj";3;0;0;0;NA;98210;3;2020-04-05;66
2020-04-04;"Trenčiansky kraj";5;0;0;0;NA;98210;5;2020-04-04;63
2020-04-03;"Trenčiansky kraj";4;0;0;0;NA;98210;4;2020-04-03;58
2020-04-02;"Trenčiansky kraj";1;0;0;0;NA;98210;1;2020-04-02;54
2020-04-01;"Trenčiansky kraj";3;0;0;0;NA;98210;3;2020-04-01;53
2020-03-31;"Trenčiansky kraj";1;0;0;0;NA;98210;1;2020-03-31;50
2020-03-30;"Trenčiansky kraj";3;0;0;0;NA;98210;3;2020-03-30;49
2020-03-29;"Trenčiansky kraj";6;0;0;0;NA;98210;6;2020-03-29;46
2020-03-28;"Trenčiansky kraj";9;0;0;0;NA;98210;9;2020-03-28;40
2020-03-27;"Trenčiansky kraj";2;0;0;0;NA;98210;2;2020-03-27;31
2020-03-26;"Trenčiansky kraj";6;0;0;0;NA;98210;6;2020-03-26;29
2020-03-25;"Trenčiansky kraj";3;0;0;0;NA;98210;3;2020-03-25;23
2020-03-24;"Trenčiansky kraj";1;0;0;0;NA;98210;1;2020-03-24;20
2020-03-23;"Trenčiansky kraj";0;0;0;0;NA;98210;0;2020-03-23;19
2020-03-22;"Trenčiansky kraj";0;0;0;0;NA;98210;0;2020-03-22;19
2020-03-21;"Trenčiansky kraj";2;0;0;0;NA;98210;2;2020-03-21;19
2020-03-20;"Trenčiansky kraj";2;0;0;0;NA;98210;2;2020-03-20;17
2020-03-19;"Trenčiansky kraj";8;0;0;0;NA;98210;8;2020-03-19;15
2020-03-18;"Trenčiansky kraj";0;0;0;0;NA;98210;0;2020-03-18;7
2020-03-17;"Trenčiansky kraj";0;0;0;0;NA;98210;0;2020-03-17;7
2020-03-16;"Trenčiansky kraj";1;0;0;0;NA;98210;1;2020-03-16;7
2020-03-15;"Trenčiansky kraj";5;0;0;0;NA;98210;5;2020-03-15;6
2020-03-14;"Trenčiansky kraj";0;0;0;0;NA;98210;0;2020-03-14;1
2020-03-13;"Trenčiansky kraj";0;0;0;0;NA;98210;0;2020-03-13;1
2020-03-12;"Trenčiansky kraj";1;0;0;0;NA;98210;1;2020-03-12;1
2020-03-11;"Trenčiansky kraj";0;0;0;0;NA;98210;0;2020-03-11;0
2020-03-09;"Trenčiansky kraj";0;0;0;0;NA;98210;0;2020-03-09;0
2020-03-08;"Trenčiansky kraj";0;0;0;0;NA;98210;0;2020-03-08;0
2020-03-07;"Trenčiansky kraj";0;0;0;0;NA;98210;0;2020-03-07;0
2020-03-06;"Trenčiansky kraj";0;0;0;0;NA;98210;0;2020-03-06;0
2021-06-14;"Trnavský kraj";2;3521;1;3522;45732;88654;3;2021-06-14;88654
2021-06-13;"Trnavský kraj";0;4963;6;4969;NA;88654;6;2021-06-13;88651
2021-06-12;"Trnavský kraj";11;5483;1;5484;NA;88654;12;2021-06-12;88645
2021-06-11;"Trnavský kraj";17;5557;4;5561;NA;88654;21;2021-06-11;88633
2021-06-10;"Trnavský kraj";14;3336;1;3337;NA;88654;15;2021-06-10;88612
2021-06-09;"Trnavský kraj";10;3495;1;3496;NA;88654;11;2021-06-09;88597
2021-06-08;"Trnavský kraj";8;2887;4;2891;NA;88654;12;2021-06-08;88586
2021-06-07;"Trnavský kraj";12;4163;8;4171;NA;88654;20;2021-06-07;88574
2021-06-06;"Trnavský kraj";0;5517;2;5519;NA;88654;2;2021-06-06;88554
2021-06-05;"Trnavský kraj";20;6779;6;6785;NA;88654;26;2021-06-05;88552
2021-06-04;"Trnavský kraj";9;6359;9;6368;NA;88654;18;2021-06-04;88526
2021-06-03;"Trnavský kraj";14;3963;11;3974;NA;88654;25;2021-06-03;88508
2021-06-02;"Trnavský kraj";4;4104;12;4116;NA;88654;16;2021-06-02;88483
2021-06-01;"Trnavský kraj";18;3392;4;3396;NA;88654;22;2021-06-01;88467
2021-05-31;"Trnavský kraj";14;5089;16;5105;NA;88654;30;2021-05-31;88445
2021-05-30;"Trnavský kraj";0;6343;6;6349;NA;88654;6;2021-05-30;88415
2021-05-29;"Trnavský kraj";11;8409;4;8413;NA;88654;15;2021-05-29;88409
2021-05-28;"Trnavský kraj";14;6720;11;6731;NA;88654;25;2021-05-28;88394
2021-05-27;"Trnavský kraj";22;4753;8;4761;NA;88654;30;2021-05-27;88369
2021-05-26;"Trnavský kraj";6;4503;8;4511;NA;88654;14;2021-05-26;88339
2021-05-25;"Trnavský kraj";19;4610;25;4635;NA;88654;44;2021-05-25;88325
2021-05-24;"Trnavský kraj";15;6520;22;6542;NA;88654;37;2021-05-24;88281
2021-05-23;"Trnavský kraj";0;7767;8;7775;NA;88654;8;2021-05-23;88244
2021-05-22;"Trnavský kraj";13;12767;18;12785;NA;88654;31;2021-05-22;88236
2021-05-21;"Trnavský kraj";16;8079;19;8098;NA;88654;35;2021-05-21;88205
2021-05-20;"Trnavský kraj";15;5223;9;5232;NA;88654;24;2021-05-20;88170
2021-05-19;"Trnavský kraj";18;5159;12;5171;NA;88654;30;2021-05-19;88146
2021-05-18;"Trnavský kraj";26;5686;15;5701;NA;88654;41;2021-05-18;88116
2021-05-17;"Trnavský kraj";17;5985;23;6008;NA;88654;40;2021-05-17;88075
2021-05-16;"Trnavský kraj";10;9725;8;9733;NA;88654;18;2021-05-16;88035
2021-05-15;"Trnavský kraj";11;18040;14;18054;NA;88654;25;2021-05-15;88017
2021-05-14;"Trnavský kraj";34;9846;20;9866;NA;88654;54;2021-05-14;87992
2021-05-13;"Trnavský kraj";26;6913;12;6925;NA;88654;38;2021-05-13;87938
2021-05-12;"Trnavský kraj";34;6621;26;6647;NA;88654;60;2021-05-12;87900
2021-05-11;"Trnavský kraj";32;6311;13;6324;NA;88654;45;2021-05-11;87840
2021-05-10;"Trnavský kraj";58;8458;24;8482;NA;88654;82;2021-05-10;87795
2021-05-09;"Trnavský kraj";21;12312;11;12323;NA;88654;32;2021-05-09;87713
2021-05-08;"Trnavský kraj";4;22539;21;22560;NA;88654;25;2021-05-08;87681
2021-05-07;"Trnavský kraj";26;14895;29;14924;NA;88654;55;2021-05-07;87656
2021-05-06;"Trnavský kraj";22;8397;22;8419;NA;88654;44;2021-05-06;87601
2021-05-05;"Trnavský kraj";34;6127;20;6147;NA;88654;54;2021-05-05;87557
2021-05-04;"Trnavský kraj";51;8538;17;8555;NA;88654;68;2021-05-04;87503
2021-05-03;"Trnavský kraj";20;8954;22;8976;NA;88654;42;2021-05-03;87435
2021-05-02;"Trnavský kraj";0;25657;29;25686;NA;88654;29;2021-05-02;87393
2021-05-01;"Trnavský kraj";30;81347;64;81411;NA;88654;94;2021-05-01;87364
2021-04-30;"Trnavský kraj";45;26843;35;26878;NA;88654;80;2021-04-30;87270
2021-04-29;"Trnavský kraj";25;20323;28;20351;NA;88654;53;2021-04-29;87190
2021-04-28;"Trnavský kraj";46;8867;28;8895;NA;88654;74;2021-04-28;87137
2021-04-27;"Trnavský kraj";54;8744;37;8781;NA;88654;91;2021-04-27;87063
2021-04-26;"Trnavský kraj";53;16113;42;16155;NA;88654;95;2021-04-26;86972
2021-04-25;"Trnavský kraj";0;30183;24;30207;NA;88654;24;2021-04-25;86877
2021-04-24;"Trnavský kraj";46;125410;82;125492;NA;88654;128;2021-04-24;86853
2021-04-23;"Trnavský kraj";71;25622;53;25675;NA;88654;124;2021-04-23;86725
2021-04-22;"Trnavský kraj";40;10901;25;10926;NA;88654;65;2021-04-22;86601
2021-04-21;"Trnavský kraj";60;10728;45;10773;NA;88654;105;2021-04-21;86536
2021-04-20;"Trnavský kraj";57;13499;28;13527;NA;88654;85;2021-04-20;86431
2021-04-19;"Trnavský kraj";46;14584;18;14602;NA;88654;64;2021-04-19;86346
2021-04-18;"Trnavský kraj";7;40843;43;40886;NA;88654;50;2021-04-18;86282
2021-04-17;"Trnavský kraj";58;118094;89;118183;NA;88654;147;2021-04-17;86232
2021-04-16;"Trnavský kraj";67;25962;48;26010;NA;88654;115;2021-04-16;86085
2021-04-15;"Trnavský kraj";65;11373;36;11409;NA;88654;101;2021-04-15;85970
2021-04-14;"Trnavský kraj";78;18442;53;18495;NA;88654;131;2021-04-14;85869
2021-04-13;"Trnavský kraj";126;9831;44;9875;NA;88654;170;2021-04-13;85738
2021-04-12;"Trnavský kraj";40;15575;40;15615;NA;88654;80;2021-04-12;85568
2021-04-11;"Trnavský kraj";3;44417;44;44461;NA;88654;47;2021-04-11;85488
2021-04-10;"Trnavský kraj";60;123822;107;123929;NA;88654;167;2021-04-10;85441
2021-04-09;"Trnavský kraj";95;26084;34;26118;NA;88654;129;2021-04-09;85274
2021-04-08;"Trnavský kraj";85;10893;52;10945;NA;88654;137;2021-04-08;85145
2021-04-07;"Trnavský kraj";131;15964;81;16045;NA;88654;212;2021-04-07;85008
2021-04-06;"Trnavský kraj";92;20579;90;20669;NA;88654;182;2021-04-06;84796
2021-04-05;"Trnavský kraj";91;7517;17;7534;NA;88654;108;2021-04-05;84614
2021-04-04;"Trnavský kraj";9;28831;49;28880;NA;88654;58;2021-04-04;84506
2021-04-03;"Trnavský kraj";29;144077;186;144263;NA;88654;215;2021-04-03;84448
2021-04-02;"Trnavský kraj";91;17538;33;17571;NA;88654;124;2021-04-02;84233
2021-04-01;"Trnavský kraj";118;22027;69;22096;NA;88654;187;2021-04-01;84109
2021-03-31;"Trnavský kraj";140;15819;82;15901;NA;88654;222;2021-03-31;83922
2021-03-30;"Trnavský kraj";182;10482;79;10561;NA;88654;261;2021-03-30;83700
2021-03-29;"Trnavský kraj";126;19249;122;19371;NA;88654;248;2021-03-29;83439
2021-03-28;"Trnavský kraj";26;50792;134;50926;NA;88654;160;2021-03-28;83191
2021-03-27;"Trnavský kraj";64;129602;245;129847;NA;88654;309;2021-03-27;83031
2021-03-26;"Trnavský kraj";139;30217;130;30347;NA;88654;269;2021-03-26;82722
2021-03-25;"Trnavský kraj";135;14212;80;14292;NA;88654;215;2021-03-25;82453
2021-03-24;"Trnavský kraj";159;10521;89;10610;NA;88654;248;2021-03-24;82238
2021-03-23;"Trnavský kraj";221;12735;104;12839;NA;88654;325;2021-03-23;81990
2021-03-22;"Trnavský kraj";103;17068;110;17178;NA;88654;213;2021-03-22;81665
2021-03-21;"Trnavský kraj";31;49119;150;49269;NA;88654;181;2021-03-21;81452
2021-03-20;"Trnavský kraj";112;136963;317;137280;NA;88654;429;2021-03-20;81271
2021-03-19;"Trnavský kraj";174;29071;137;29208;NA;88654;311;2021-03-19;80842
2021-03-18;"Trnavský kraj";158;12217;136;12353;NA;88654;294;2021-03-18;80531
2021-03-17;"Trnavský kraj";245;10434;103;10537;NA;88654;348;2021-03-17;80237
2021-03-16;"Trnavský kraj";311;12811;135;12946;NA;88654;446;2021-03-16;79889
2021-03-15;"Trnavský kraj";127;18678;146;18824;NA;88654;273;2021-03-15;79443
2021-03-14;"Trnavský kraj";14;47608;164;47772;NA;88654;178;2021-03-14;79170
2021-03-13;"Trnavský kraj";155;139224;409;139633;NA;88654;564;2021-03-13;78992
2021-03-12;"Trnavský kraj";201;28559;181;28740;NA;88654;382;2021-03-12;78428
2021-03-11;"Trnavský kraj";204;13285;140;13425;NA;88654;344;2021-03-11;78046
2021-03-10;"Trnavský kraj";242;10583;135;10718;NA;88654;377;2021-03-10;77702
2021-03-09;"Trnavský kraj";442;12820;155;12975;NA;88654;597;2021-03-09;77325
2021-03-08;"Trnavský kraj";182;21825;166;21991;NA;88654;348;2021-03-08;76728
2021-03-07;"Trnavský kraj";30;45463;227;45690;NA;88654;257;2021-03-07;76380
2021-03-06;"Trnavský kraj";154;135635;531;136166;NA;88654;685;2021-03-06;76123
2021-03-05;"Trnavský kraj";299;27951;239;28190;NA;88654;538;2021-03-05;75438
2021-03-04;"Trnavský kraj";238;14489;175;14664;NA;88654;413;2021-03-04;74900
2021-03-03;"Trnavský kraj";413;11566;246;11812;NA;88654;659;2021-03-03;74487
2021-03-02;"Trnavský kraj";477;12347;191;12538;NA;88654;668;2021-03-02;73828
2021-03-01;"Trnavský kraj";189;18587;234;18821;NA;88654;423;2021-03-01;73160
2021-02-28;"Trnavský kraj";87;47709;321;48030;NA;88654;408;2021-02-28;72737
2021-02-27;"Trnavský kraj";264;140224;800;141024;NA;88654;1064;2021-02-27;72329
2021-02-26;"Trnavský kraj";362;26815;286;27101;NA;88654;648;2021-02-26;71265
2021-02-25;"Trnavský kraj";433;10490;227;10717;NA;88654;660;2021-02-25;70617
2021-02-24;"Trnavský kraj";407;9110;290;9400;NA;88654;697;2021-02-24;69957
2021-02-23;"Trnavský kraj";469;11322;284;11606;NA;88654;753;2021-02-23;69260
2021-02-22;"Trnavský kraj";206;19896;330;20226;NA;88654;536;2021-02-22;68507
2021-02-21;"Trnavský kraj";38;48221;329;48550;NA;88654;367;2021-02-21;67971
2021-02-20;"Trnavský kraj";273;135835;859;136694;NA;88654;1132;2021-02-20;67604
2021-02-19;"Trnavský kraj";335;26339;347;26686;NA;88654;682;2021-02-19;66472
2021-02-18;"Trnavský kraj";344;11263;348;11611;NA;88654;692;2021-02-18;65790
2021-02-17;"Trnavský kraj";431;8781;416;9197;NA;88654;847;2021-02-17;65098
2021-02-16;"Trnavský kraj";426;11413;295;11708;NA;88654;721;2021-02-16;64251
2021-02-15;"Trnavský kraj";146;18075;291;18366;NA;88654;437;2021-02-15;63530
2021-02-14;"Trnavský kraj";51;57642;495;58137;NA;88654;546;2021-02-14;63093
2021-02-13;"Trnavský kraj";218;137051;994;138045;NA;88654;1212;2021-02-13;62547
2021-02-12;"Trnavský kraj";300;23682;336;24018;NA;88654;636;2021-02-12;61335
2021-02-11;"Trnavský kraj";422;9911;360;10271;NA;88654;782;2021-02-11;60699
2021-02-10;"Trnavský kraj";511;9334;344;9678;NA;88654;855;2021-02-10;59917
2021-02-09;"Trnavský kraj";544;12752;369;13121;NA;88654;913;2021-02-09;59062
2021-02-08;"Trnavský kraj";220;33539;498;34037;NA;88654;718;2021-02-08;58149
2021-02-07;"Trnavský kraj";140;68646;623;69269;NA;88654;763;2021-02-07;57431
2021-02-06;"Trnavský kraj";348;112687;1482;114169;NA;88654;1830;2021-02-06;56668
2021-02-05;"Trnavský kraj";377;16063;373;16436;NA;88654;750;2021-02-05;54838
2021-02-04;"Trnavský kraj";456;7317;456;7773;NA;88654;912;2021-02-04;54088
2021-02-03;"Trnavský kraj";472;6584;434;7018;NA;88654;906;2021-02-03;53176
2021-02-02;"Trnavský kraj";446;14240;424;14664;NA;88654;870;2021-02-02;52270
2021-02-01;"Trnavský kraj";198;38882;679;39561;NA;88654;877;2021-02-01;51400
2021-01-31;"Trnavský kraj";19;64673;817;65490;NA;88654;836;2021-01-31;50523
2021-01-30;"Trnavský kraj";323;111483;1288;112771;NA;88654;1611;2021-01-30;49687
2021-01-29;"Trnavský kraj";421;9690;290;9980;NA;88654;711;2021-01-29;48076
2021-01-28;"Trnavský kraj";389;5815;286;6101;NA;88654;675;2021-01-28;47365
2021-01-27;"Trnavský kraj";433;5300;219;5519;NA;88654;652;2021-01-27;46690
2021-01-26;"Trnavský kraj";565;25392;636;26028;NA;88654;1201;2021-01-26;46038
2021-01-25;"Trnavský kraj";210;41420;607;42027;NA;88654;817;2021-01-25;44837
2021-01-24;"Trnavský kraj";91;66399;779;67178;NA;88654;870;2021-01-24;44020
2021-01-23;"Trnavský kraj";372;117640;1349;118989;NA;88654;1721;2021-01-23;43150
2021-01-22;"Trnavský kraj";217;33122;507;33629;NA;88654;724;2021-01-22;41429
2021-01-21;"Trnavský kraj";311;13922;378;14300;NA;88654;689;2021-01-21;40705
2021-01-20;"Trnavský kraj";503;8118;274;8392;NA;88654;777;2021-01-20;40016
2021-01-19;"Trnavský kraj";415;7013;347;7360;NA;88654;762;2021-01-19;39239
2021-01-18;"Trnavský kraj";247;6234;484;6718;NA;88654;731;2021-01-18;38477
2021-01-17;"Trnavský kraj";128;854;215;1069;NA;88654;343;2021-01-17;37746
2021-01-16;"Trnavský kraj";103;898;24;922;NA;88654;127;2021-01-16;37403
2021-01-15;"Trnavský kraj";278;5457;335;5792;NA;88654;613;2021-01-15;37276
2021-01-14;"Trnavský kraj";452;4001;338;4339;NA;88654;790;2021-01-14;36663
2021-01-13;"Trnavský kraj";457;4751;378;5129;NA;88654;835;2021-01-13;35873
2021-01-12;"Trnavský kraj";469;7175;483;7658;NA;88654;952;2021-01-12;35038
2021-01-11;"Trnavský kraj";370;5012;392;5404;NA;88654;762;2021-01-11;34086
2021-01-10;"Trnavský kraj";71;13;0;13;NA;88654;71;2021-01-10;33324
2021-01-09;"Trnavský kraj";417;1775;100;1875;NA;88654;517;2021-01-09;33253
2021-01-08;"Trnavský kraj";381;6554;532;7086;NA;88654;913;2021-01-08;32736
2021-01-07;"Trnavský kraj";501;4080;390;4470;NA;88654;891;2021-01-07;31823
2021-01-06;"Trnavský kraj";179;758;132;890;NA;88654;311;2021-01-06;30932
2021-01-05;"Trnavský kraj";611;5925;636;6561;NA;88654;1247;2021-01-05;30621
2021-01-04;"Trnavský kraj";302;5239;689;5928;NA;88654;991;2021-01-04;29374
2021-01-03;"Trnavský kraj";60;53;7;60;NA;88654;67;2021-01-03;28383
2021-01-02;"Trnavský kraj";282;417;32;449;NA;88654;314;2021-01-02;28316
2021-01-01;"Trnavský kraj";143;455;76;531;NA;88654;219;2021-01-01;28002
2020-12-31;"Trnavský kraj";498;8488;858;9346;NA;88654;1356;2020-12-31;27783
2020-12-30;"Trnavský kraj";785;5318;612;5930;NA;88654;1397;2020-12-30;26427
2020-12-29;"Trnavský kraj";322;5364;639;6003;NA;88654;961;2020-12-29;25030
2020-12-28;"Trnavský kraj";213;5334;615;5949;NA;88654;828;2020-12-28;24069
2020-12-27;"Trnavský kraj";27;20;4;24;NA;88654;31;2020-12-27;23241
2020-12-26;"Trnavský kraj";148;44;1;45;NA;88654;149;2020-12-26;23210
2020-12-25;"Trnavský kraj";65;49;5;54;NA;88654;70;2020-12-25;23061
2020-12-24;"Trnavský kraj";333;1359;117;1476;NA;88654;450;2020-12-24;22991
2020-12-23;"Trnavský kraj";210;7259;414;7673;NA;88654;624;2020-12-23;22541
2020-12-22;"Trnavský kraj";311;5590;491;6081;NA;88654;802;2020-12-22;21917
2020-12-21;"Trnavský kraj";328;4527;399;4926;NA;88654;727;2020-12-21;21115
2020-12-20;"Trnavský kraj";134;133;12;145;NA;88654;146;2020-12-20;20388
2020-12-19;"Trnavský kraj";201;1407;103;1510;NA;88654;304;2020-12-19;20242
2020-12-18;"Trnavský kraj";341;4898;378;5276;NA;88654;719;2020-12-18;19938
2020-12-17;"Trnavský kraj";375;5271;443;5714;NA;88654;818;2020-12-17;19219
2020-12-16;"Trnavský kraj";312;5249;405;5654;NA;88654;717;2020-12-16;18401
2020-12-15;"Trnavský kraj";492;6623;632;7255;NA;88654;1124;2020-12-15;17684
2020-12-14;"Trnavský kraj";161;3505;292;3797;NA;88654;453;2020-12-14;16560
2020-12-13;"Trnavský kraj";7;7;0;7;NA;88654;7;2020-12-13;16107
2020-12-12;"Trnavský kraj";254;1456;114;1570;NA;88654;368;2020-12-12;16100
2020-12-11;"Trnavský kraj";384;4683;262;4945;NA;88654;646;2020-12-11;15732
2020-12-10;"Trnavský kraj";183;5194;320;5514;NA;88654;503;2020-12-10;15086
2020-12-09;"Trnavský kraj";521;4283;321;4604;NA;88654;842;2020-12-09;14583
2020-12-08;"Trnavský kraj";281;4090;304;4394;NA;88654;585;2020-12-08;13741
2020-12-07;"Trnavský kraj";178;2895;199;3094;NA;88654;377;2020-12-07;13156
2020-12-06;"Trnavský kraj";46;0;0;0;NA;88654;46;2020-12-06;12779
2020-12-05;"Trnavský kraj";129;2218;41;2259;NA;88654;170;2020-12-05;12733
2020-12-04;"Trnavský kraj";242;3948;158;4106;NA;88654;400;2020-12-04;12563
2020-12-03;"Trnavský kraj";248;2770;190;2960;NA;88654;438;2020-12-03;12163
2020-12-02;"Trnavský kraj";284;4516;176;4692;NA;88654;460;2020-12-02;11725
2020-12-01;"Trnavský kraj";253;3190;205;3395;NA;88654;458;2020-12-01;11265
2020-11-30;"Trnavský kraj";200;7360;186;7546;NA;88654;386;2020-11-30;10807
2020-11-29;"Trnavský kraj";17;0;0;0;NA;88654;17;2020-11-29;10421
2020-11-28;"Trnavský kraj";83;0;0;0;NA;88654;83;2020-11-28;10404
2020-11-27;"Trnavský kraj";148;188;2;190;NA;88654;150;2020-11-27;10321
2020-11-26;"Trnavský kraj";234;138;9;147;NA;88654;243;2020-11-26;10171
2020-11-25;"Trnavský kraj";232;139;2;141;NA;88654;234;2020-11-25;9928
2020-11-24;"Trnavský kraj";295;137;5;142;NA;88654;300;2020-11-24;9694
2020-11-23;"Trnavský kraj";242;186;4;190;NA;88654;246;2020-11-23;9394
2020-11-22;"Trnavský kraj";10;0;0;0;NA;88654;10;2020-11-22;9148
2020-11-21;"Trnavský kraj";129;0;0;0;NA;88654;129;2020-11-21;9138
2020-11-20;"Trnavský kraj";246;127;3;130;NA;88654;249;2020-11-20;9009
2020-11-19;"Trnavský kraj";157;129;6;135;NA;88654;163;2020-11-19;8760
2020-11-18;"Trnavský kraj";235;86;7;93;NA;88654;242;2020-11-18;8597
2020-11-17;"Trnavský kraj";129;0;0;0;NA;88654;129;2020-11-17;8355
2020-11-16;"Trnavský kraj";187;50;0;50;NA;88654;187;2020-11-16;8226
2020-11-15;"Trnavský kraj";23;0;0;0;NA;88654;23;2020-11-15;8039
2020-11-14;"Trnavský kraj";86;0;0;0;NA;88654;86;2020-11-14;8016
2020-11-13;"Trnavský kraj";219;0;0;0;NA;88654;219;2020-11-13;7930
2020-11-12;"Trnavský kraj";162;0;0;0;NA;88654;162;2020-11-12;7711
2020-11-11;"Trnavský kraj";257;0;0;0;NA;88654;257;2020-11-11;7549
2020-11-10;"Trnavský kraj";189;0;0;0;NA;88654;189;2020-11-10;7292
2020-11-09;"Trnavský kraj";196;0;0;0;NA;88654;196;2020-11-09;7103
2020-11-08;"Trnavský kraj";55;0;0;0;NA;88654;55;2020-11-08;6907
2020-11-07;"Trnavský kraj";207;0;0;0;NA;88654;207;2020-11-07;6852
2020-11-06;"Trnavský kraj";260;0;0;0;NA;88654;260;2020-11-06;6645
2020-11-05;"Trnavský kraj";150;0;0;0;NA;88654;150;2020-11-05;6385
2020-11-04;"Trnavský kraj";188;0;0;0;NA;88654;188;2020-11-04;6235
2020-11-03;"Trnavský kraj";317;0;0;0;NA;88654;317;2020-11-03;6047
2020-11-02;"Trnavský kraj";281;0;0;0;NA;88654;281;2020-11-02;5730
2020-11-01;"Trnavský kraj";87;0;0;0;NA;88654;87;2020-11-01;5449
2020-10-31;"Trnavský kraj";259;0;0;0;NA;88654;259;2020-10-31;5362
2020-10-30;"Trnavský kraj";198;0;0;0;NA;88654;198;2020-10-30;5103
2020-10-29;"Trnavský kraj";273;0;0;0;NA;88654;273;2020-10-29;4905
2020-10-28;"Trnavský kraj";319;0;0;0;NA;88654;319;2020-10-28;4632
2020-10-27;"Trnavský kraj";199;0;0;0;NA;88654;199;2020-10-27;4313
2020-10-26;"Trnavský kraj";153;0;0;0;NA;88654;153;2020-10-26;4114
2020-10-25;"Trnavský kraj";95;0;0;0;NA;88654;95;2020-10-25;3961
2020-10-24;"Trnavský kraj";158;0;0;0;NA;88654;158;2020-10-24;3866
2020-10-23;"Trnavský kraj";201;0;0;0;NA;88654;201;2020-10-23;3708
2020-10-22;"Trnavský kraj";195;0;0;0;NA;88654;195;2020-10-22;3507
2020-10-21;"Trnavský kraj";134;0;0;0;NA;88654;134;2020-10-21;3312
2020-10-20;"Trnavský kraj";202;0;0;0;NA;88654;202;2020-10-20;3178
2020-10-19;"Trnavský kraj";67;0;0;0;NA;88654;67;2020-10-19;2976
2020-10-18;"Trnavský kraj";84;0;0;0;NA;88654;84;2020-10-18;2909
2020-10-17;"Trnavský kraj";123;0;0;0;NA;88654;123;2020-10-17;2825
2020-10-16;"Trnavský kraj";86;0;0;0;NA;88654;86;2020-10-16;2702
2020-10-15;"Trnavský kraj";155;0;0;0;NA;88654;155;2020-10-15;2616
2020-10-14;"Trnavský kraj";236;0;0;0;NA;88654;236;2020-10-14;2461
2020-10-13;"Trnavský kraj";138;0;0;0;NA;88654;138;2020-10-13;2225
2020-10-12;"Trnavský kraj";33;0;0;0;NA;88654;33;2020-10-12;2087
2020-10-11;"Trnavský kraj";31;0;0;0;NA;88654;31;2020-10-11;2054
2020-10-10;"Trnavský kraj";128;0;0;0;NA;88654;128;2020-10-10;2023
2020-10-09;"Trnavský kraj";156;0;0;0;NA;88654;156;2020-10-09;1895
2020-10-08;"Trnavský kraj";153;0;0;0;NA;88654;153;2020-10-08;1739
2020-10-07;"Trnavský kraj";80;0;0;0;NA;88654;80;2020-10-07;1586
2020-10-06;"Trnavský kraj";112;0;0;0;NA;88654;112;2020-10-06;1506
2020-10-05;"Trnavský kraj";33;0;0;0;NA;88654;33;2020-10-05;1394
2020-10-04;"Trnavský kraj";44;0;0;0;NA;88654;44;2020-10-04;1361
2020-10-03;"Trnavský kraj";60;0;0;0;NA;88654;60;2020-10-03;1317
2020-10-02;"Trnavský kraj";41;0;0;0;NA;88654;41;2020-10-02;1257
2020-10-01;"Trnavský kraj";53;0;0;0;NA;88654;53;2020-10-01;1216
2020-09-30;"Trnavský kraj";91;0;0;0;NA;88654;91;2020-09-30;1163
2020-09-29;"Trnavský kraj";40;0;0;0;NA;88654;40;2020-09-29;1072
2020-09-28;"Trnavský kraj";69;0;0;0;NA;88654;69;2020-09-28;1032
2020-09-27;"Trnavský kraj";30;0;0;0;NA;88654;30;2020-09-27;963
2020-09-26;"Trnavský kraj";46;0;0;0;NA;88654;46;2020-09-26;933
2020-09-25;"Trnavský kraj";32;0;0;0;NA;88654;32;2020-09-25;887
2020-09-24;"Trnavský kraj";42;0;0;0;NA;88654;42;2020-09-24;855
2020-09-23;"Trnavský kraj";43;0;0;0;NA;88654;43;2020-09-23;813
2020-09-22;"Trnavský kraj";55;0;0;0;NA;88654;55;2020-09-22;770
2020-09-21;"Trnavský kraj";41;0;0;0;NA;88654;41;2020-09-21;715
2020-09-20;"Trnavský kraj";17;0;0;0;NA;88654;17;2020-09-20;674
2020-09-19;"Trnavský kraj";4;0;0;0;NA;88654;4;2020-09-19;657
2020-09-18;"Trnavský kraj";33;0;0;0;NA;88654;33;2020-09-18;653
2020-09-17;"Trnavský kraj";42;0;0;0;NA;88654;42;2020-09-17;620
2020-09-16;"Trnavský kraj";49;0;0;0;NA;88654;49;2020-09-16;578
2020-09-15;"Trnavský kraj";5;0;0;0;NA;88654;5;2020-09-15;529
2020-09-14;"Trnavský kraj";26;0;0;0;NA;88654;26;2020-09-14;524
2020-09-13;"Trnavský kraj";9;0;0;0;NA;88654;9;2020-09-13;498
2020-09-12;"Trnavský kraj";12;0;0;0;NA;88654;12;2020-09-12;489
2020-09-11;"Trnavský kraj";16;0;0;0;NA;88654;16;2020-09-11;477
2020-09-10;"Trnavský kraj";32;0;0;0;NA;88654;32;2020-09-10;461
2020-09-09;"Trnavský kraj";14;0;0;0;NA;88654;14;2020-09-09;429
2020-09-08;"Trnavský kraj";11;0;0;0;NA;88654;11;2020-09-08;415
2020-09-07;"Trnavský kraj";7;0;0;0;NA;88654;7;2020-09-07;404
2020-09-06;"Trnavský kraj";5;0;0;0;NA;88654;5;2020-09-06;397
2020-09-05;"Trnavský kraj";7;0;0;0;NA;88654;7;2020-09-05;392
2020-09-04;"Trnavský kraj";16;0;0;0;NA;88654;16;2020-09-04;385
2020-09-03;"Trnavský kraj";8;0;0;0;NA;88654;8;2020-09-03;369
2020-09-02;"Trnavský kraj";7;0;0;0;NA;88654;7;2020-09-02;361
2020-09-01;"Trnavský kraj";1;0;0;0;NA;88654;1;2020-09-01;354
2020-08-31;"Trnavský kraj";6;0;0;0;NA;88654;6;2020-08-31;353
2020-08-30;"Trnavský kraj";1;0;0;0;NA;88654;1;2020-08-30;347
2020-08-29;"Trnavský kraj";3;0;0;0;NA;88654;3;2020-08-29;346
2020-08-28;"Trnavský kraj";14;0;0;0;NA;88654;14;2020-08-28;343
2020-08-27;"Trnavský kraj";6;0;0;0;NA;88654;6;2020-08-27;329
2020-08-26;"Trnavský kraj";4;0;0;0;NA;88654;4;2020-08-26;323
2020-08-25;"Trnavský kraj";7;0;0;0;NA;88654;7;2020-08-25;319
2020-08-24;"Trnavský kraj";1;0;0;0;NA;88654;1;2020-08-24;312
2020-08-23;"Trnavský kraj";6;0;0;0;NA;88654;6;2020-08-23;311
2020-08-22;"Trnavský kraj";3;0;0;0;NA;88654;3;2020-08-22;305
2020-08-21;"Trnavský kraj";4;0;0;0;NA;88654;4;2020-08-21;302
2020-08-20;"Trnavský kraj";23;0;0;0;NA;88654;23;2020-08-20;298
2020-08-19;"Trnavský kraj";13;0;0;0;NA;88654;13;2020-08-19;275
2020-08-18;"Trnavský kraj";20;0;0;0;NA;88654;20;2020-08-18;262
2020-08-17;"Trnavský kraj";3;0;0;0;NA;88654;3;2020-08-17;242
2020-08-16;"Trnavský kraj";0;0;0;0;NA;88654;0;2020-08-16;239
2020-08-15;"Trnavský kraj";7;0;0;0;NA;88654;7;2020-08-15;239
2020-08-14;"Trnavský kraj";6;0;0;0;NA;88654;6;2020-08-14;232
2020-08-13;"Trnavský kraj";10;0;0;0;NA;88654;10;2020-08-13;226
2020-08-12;"Trnavský kraj";2;0;0;0;NA;88654;2;2020-08-12;216
2020-08-11;"Trnavský kraj";30;0;0;0;NA;88654;30;2020-08-11;214
2020-08-10;"Trnavský kraj";0;0;0;0;NA;88654;0;2020-08-10;184
2020-08-09;"Trnavský kraj";0;0;0;0;NA;88654;0;2020-08-09;184
2020-08-08;"Trnavský kraj";13;0;0;0;NA;88654;13;2020-08-08;184
2020-08-07;"Trnavský kraj";4;0;0;0;NA;88654;4;2020-08-07;171
2020-08-06;"Trnavský kraj";4;0;0;0;NA;88654;4;2020-08-06;167
2020-08-05;"Trnavský kraj";0;0;0;0;NA;88654;0;2020-08-05;163
2020-08-04;"Trnavský kraj";1;0;0;0;NA;88654;1;2020-08-04;163
2020-08-03;"Trnavský kraj";2;0;0;0;NA;88654;2;2020-08-03;162
2020-08-02;"Trnavský kraj";1;0;0;0;NA;88654;1;2020-08-02;160
2020-08-01;"Trnavský kraj";0;0;0;0;NA;88654;0;2020-08-01;159
2020-07-31;"Trnavský kraj";7;0;0;0;NA;88654;7;2020-07-31;159
2020-07-30;"Trnavský kraj";6;0;0;0;NA;88654;6;2020-07-30;152
2020-07-29;"Trnavský kraj";0;0;0;0;NA;88654;0;2020-07-29;146
2020-07-28;"Trnavský kraj";1;0;0;0;NA;88654;1;2020-07-28;146
2020-07-27;"Trnavský kraj";2;0;0;0;NA;88654;2;2020-07-27;145
2020-07-26;"Trnavský kraj";0;0;0;0;NA;88654;0;2020-07-26;143
2020-07-25;"Trnavský kraj";0;0;0;0;NA;88654;0;2020-07-25;143
2020-07-24;"Trnavský kraj";1;0;0;0;NA;88654;1;2020-07-24;143
2020-07-23;"Trnavský kraj";2;0;0;0;NA;88654;2;2020-07-23;142
2020-07-22;"Trnavský kraj";1;0;0;0;NA;88654;1;2020-07-22;140
2020-07-21;"Trnavský kraj";2;0;0;0;NA;88654;2;2020-07-21;139
2020-07-20;"Trnavský kraj";0;0;0;0;NA;88654;0;2020-07-20;137
2020-07-19;"Trnavský kraj";0;0;0;0;NA;88654;0;2020-07-19;137
2020-07-18;"Trnavský kraj";0;0;0;0;NA;88654;0;2020-07-18;137
2020-07-17;"Trnavský kraj";0;0;0;0;NA;88654;0;2020-07-17;137
2020-07-16;"Trnavský kraj";0;0;0;0;NA;88654;0;2020-07-16;137
2020-07-15;"Trnavský kraj";1;0;0;0;NA;88654;1;2020-07-15;137
2020-07-14;"Trnavský kraj";0;0;0;0;NA;88654;0;2020-07-14;136
2020-07-13;"Trnavský kraj";0;0;0;0;NA;88654;0;2020-07-13;136
2020-07-12;"Trnavský kraj";0;0;0;0;NA;88654;0;2020-07-12;136
2020-07-11;"Trnavský kraj";0;0;0;0;NA;88654;0;2020-07-11;136
2020-07-10;"Trnavský kraj";0;0;0;0;NA;88654;0;2020-07-10;136
2020-07-09;"Trnavský kraj";0;0;0;0;NA;88654;0;2020-07-09;136
2020-07-08;"Trnavský kraj";3;0;0;0;NA;88654;3;2020-07-08;136
2020-07-07;"Trnavský kraj";4;0;0;0;NA;88654;4;2020-07-07;133
2020-07-06;"Trnavský kraj";0;0;0;0;NA;88654;0;2020-07-06;129
2020-07-05;"Trnavský kraj";0;0;0;0;NA;88654;0;2020-07-05;129
2020-07-04;"Trnavský kraj";0;0;0;0;NA;88654;0;2020-07-04;129
2020-07-03;"Trnavský kraj";0;0;0;0;NA;88654;0;2020-07-03;129
2020-07-02;"Trnavský kraj";3;0;0;0;NA;88654;3;2020-07-02;129
2020-07-01;"Trnavský kraj";0;0;0;0;NA;88654;0;2020-07-01;126
2020-06-30;"Trnavský kraj";0;0;0;0;NA;88654;0;2020-06-30;126
2020-06-29;"Trnavský kraj";0;0;0;0;NA;88654;0;2020-06-29;126
2020-06-28;"Trnavský kraj";0;0;0;0;NA;88654;0;2020-06-28;126
2020-06-27;"Trnavský kraj";0;0;0;0;NA;88654;0;2020-06-27;126
2020-06-26;"Trnavský kraj";0;0;0;0;NA;88654;0;2020-06-26;126
2020-06-25;"Trnavský kraj";0;0;0;0;NA;88654;0;2020-06-25;126
2020-06-24;"Trnavský kraj";0;0;0;0;NA;88654;0;2020-06-24;126
2020-06-23;"Trnavský kraj";0;0;0;0;NA;88654;0;2020-06-23;126
2020-06-22;"Trnavský kraj";0;0;0;0;NA;88654;0;2020-06-22;126
2020-06-21;"Trnavský kraj";0;0;0;0;NA;88654;0;2020-06-21;126
2020-06-20;"Trnavský kraj";0;0;0;0;NA;88654;0;2020-06-20;126
2020-06-19;"Trnavský kraj";0;0;0;0;NA;88654;0;2020-06-19;126
2020-06-18;"Trnavský kraj";2;0;0;0;NA;88654;2;2020-06-18;126
2020-06-17;"Trnavský kraj";0;0;0;0;NA;88654;0;2020-06-17;124
2020-06-16;"Trnavský kraj";0;0;0;0;NA;88654;0;2020-06-16;124
2020-06-14;"Trnavský kraj";0;0;0;0;NA;88654;0;2020-06-14;124
2020-06-13;"Trnavský kraj";0;0;0;0;NA;88654;0;2020-06-13;124
2020-06-12;"Trnavský kraj";0;0;0;0;NA;88654;0;2020-06-12;124
2020-06-11;"Trnavský kraj";0;0;0;0;NA;88654;0;2020-06-11;124
2020-06-10;"Trnavský kraj";0;0;0;0;NA;88654;0;2020-06-10;124
2020-06-09;"Trnavský kraj";0;0;0;0;NA;88654;0;2020-06-09;124
2020-06-08;"Trnavský kraj";0;0;0;0;NA;88654;0;2020-06-08;124
2020-06-07;"Trnavský kraj";0;0;0;0;NA;88654;0;2020-06-07;124
2020-06-05;"Trnavský kraj";0;0;0;0;NA;88654;0;2020-06-05;124
2020-06-03;"Trnavský kraj";0;0;0;0;NA;88654;0;2020-06-03;124
2020-06-02;"Trnavský kraj";0;0;0;0;NA;88654;0;2020-06-02;124
2020-05-31;"Trnavský kraj";0;0;0;0;NA;88654;0;2020-05-31;124
2020-05-29;"Trnavský kraj";0;0;0;0;NA;88654;0;2020-05-29;124
2020-05-27;"Trnavský kraj";0;0;0;0;NA;88654;0;2020-05-27;124
2020-05-26;"Trnavský kraj";0;0;0;0;NA;88654;0;2020-05-26;124
2020-05-25;"Trnavský kraj";1;0;0;0;NA;88654;1;2020-05-25;124
2020-05-24;"Trnavský kraj";0;0;0;0;NA;88654;0;2020-05-24;123
2020-05-23;"Trnavský kraj";2;0;0;0;NA;88654;2;2020-05-23;123
2020-05-22;"Trnavský kraj";0;0;0;0;NA;88654;0;2020-05-22;121
2020-05-21;"Trnavský kraj";0;0;0;0;NA;88654;0;2020-05-21;121
2020-05-20;"Trnavský kraj";2;0;0;0;NA;88654;2;2020-05-20;121
2020-05-19;"Trnavský kraj";0;0;0;0;NA;88654;0;2020-05-19;119
2020-05-17;"Trnavský kraj";0;0;0;0;NA;88654;0;2020-05-17;119
2020-05-16;"Trnavský kraj";0;0;0;0;NA;88654;0;2020-05-16;119
2020-05-15;"Trnavský kraj";1;0;0;0;NA;88654;1;2020-05-15;119
2020-05-14;"Trnavský kraj";0;0;0;0;NA;88654;0;2020-05-14;118
2020-05-13;"Trnavský kraj";0;0;0;0;NA;88654;0;2020-05-13;118
2020-05-12;"Trnavský kraj";0;0;0;0;NA;88654;0;2020-05-12;118
2020-05-11;"Trnavský kraj";2;0;0;0;NA;88654;2;2020-05-11;118
2020-05-09;"Trnavský kraj";0;0;0;0;NA;88654;0;2020-05-09;116
2020-05-07;"Trnavský kraj";0;0;0;0;NA;88654;0;2020-05-07;116
2020-05-06;"Trnavský kraj";0;0;0;0;NA;88654;0;2020-05-06;116
2020-05-05;"Trnavský kraj";0;0;0;0;NA;88654;0;2020-05-05;116
2020-05-04;"Trnavský kraj";0;0;0;0;NA;88654;0;2020-05-04;116
2020-05-03;"Trnavský kraj";0;0;0;0;NA;88654;0;2020-05-03;116
2020-05-02;"Trnavský kraj";0;0;0;0;NA;88654;0;2020-05-02;116
2020-05-01;"Trnavský kraj";0;0;0;0;NA;88654;0;2020-05-01;116
2020-04-30;"Trnavský kraj";0;0;0;0;NA;88654;0;2020-04-30;116
2020-04-29;"Trnavský kraj";0;0;0;0;NA;88654;0;2020-04-29;116
2020-04-28;"Trnavský kraj";1;0;0;0;NA;88654;1;2020-04-28;116
2020-04-27;"Trnavský kraj";0;0;0;0;NA;88654;0;2020-04-27;115
2020-04-26;"Trnavský kraj";0;0;0;0;NA;88654;0;2020-04-26;115
2020-04-25;"Trnavský kraj";2;0;0;0;NA;88654;2;2020-04-25;115
2020-04-24;"Trnavský kraj";4;0;0;0;NA;88654;4;2020-04-24;113
2020-04-23;"Trnavský kraj";5;0;0;0;NA;88654;5;2020-04-23;109
2020-04-22;"Trnavský kraj";10;0;0;0;NA;88654;10;2020-04-22;104
2020-04-21;"Trnavský kraj";5;0;0;0;NA;88654;5;2020-04-21;94
2020-04-20;"Trnavský kraj";0;0;0;0;NA;88654;0;2020-04-20;89
2020-04-19;"Trnavský kraj";1;0;0;0;NA;88654;1;2020-04-19;89
2020-04-18;"Trnavský kraj";4;0;0;0;NA;88654;4;2020-04-18;88
2020-04-17;"Trnavský kraj";7;0;0;0;NA;88654;7;2020-04-17;84
2020-04-16;"Trnavský kraj";5;0;0;0;NA;88654;5;2020-04-16;77
2020-04-15;"Trnavský kraj";5;0;0;0;NA;88654;5;2020-04-15;72
2020-04-14;"Trnavský kraj";1;0;0;0;NA;88654;1;2020-04-14;67
2020-04-13;"Trnavský kraj";0;0;0;0;NA;88654;0;2020-04-13;66
2020-04-12;"Trnavský kraj";0;0;0;0;NA;88654;0;2020-04-12;66
2020-04-11;"Trnavský kraj";0;0;0;0;NA;88654;0;2020-04-11;66
2020-04-10;"Trnavský kraj";2;0;0;0;NA;88654;2;2020-04-10;66
2020-04-09;"Trnavský kraj";3;0;0;0;NA;88654;3;2020-04-09;64
2020-04-08;"Trnavský kraj";4;0;0;0;NA;88654;4;2020-04-08;61
2020-04-07;"Trnavský kraj";6;0;0;0;NA;88654;6;2020-04-07;57
2020-04-06;"Trnavský kraj";6;0;0;0;NA;88654;6;2020-04-06;51
2020-04-05;"Trnavský kraj";1;0;0;0;NA;88654;1;2020-04-05;45
2020-04-04;"Trnavský kraj";1;0;0;0;NA;88654;1;2020-04-04;44
2020-04-03;"Trnavský kraj";3;0;0;0;NA;88654;3;2020-04-03;43
2020-04-02;"Trnavský kraj";4;0;0;0;NA;88654;4;2020-04-02;40
2020-04-01;"Trnavský kraj";0;0;0;0;NA;88654;0;2020-04-01;36
2020-03-31;"Trnavský kraj";3;0;0;0;NA;88654;3;2020-03-31;36
2020-03-30;"Trnavský kraj";4;0;0;0;NA;88654;4;2020-03-30;33
2020-03-29;"Trnavský kraj";1;0;0;0;NA;88654;1;2020-03-29;29
2020-03-28;"Trnavský kraj";3;0;0;0;NA;88654;3;2020-03-28;28
2020-03-27;"Trnavský kraj";5;0;0;0;NA;88654;5;2020-03-27;25
2020-03-26;"Trnavský kraj";5;0;0;0;NA;88654;5;2020-03-26;20
2020-03-25;"Trnavský kraj";1;0;0;0;NA;88654;1;2020-03-25;15
2020-03-24;"Trnavský kraj";0;0;0;0;NA;88654;0;2020-03-24;14
2020-03-23;"Trnavský kraj";2;0;0;0;NA;88654;2;2020-03-23;14
2020-03-22;"Trnavský kraj";1;0;0;0;NA;88654;1;2020-03-22;12
2020-03-21;"Trnavský kraj";5;0;0;0;NA;88654;5;2020-03-21;11
2020-03-20;"Trnavský kraj";0;0;0;0;NA;88654;0;2020-03-20;6
2020-03-19;"Trnavský kraj";0;0;0;0;NA;88654;0;2020-03-19;6
2020-03-18;"Trnavský kraj";0;0;0;0;NA;88654;0;2020-03-18;6
2020-03-17;"Trnavský kraj";3;0;0;0;NA;88654;3;2020-03-17;6
2020-03-16;"Trnavský kraj";1;0;0;0;NA;88654;1;2020-03-16;3
2020-03-15;"Trnavský kraj";0;0;0;0;NA;88654;0;2020-03-15;2
2020-03-14;"Trnavský kraj";0;0;0;0;NA;88654;0;2020-03-14;2
2020-03-13;"Trnavský kraj";1;0;0;0;NA;88654;1;2020-03-13;2
2020-03-12;"Trnavský kraj";1;0;0;0;NA;88654;1;2020-03-12;1
2020-03-11;"Trnavský kraj";0;0;0;0;NA;88654;0;2020-03-11;0
2020-03-09;"Trnavský kraj";0;0;0;0;NA;88654;0;2020-03-09;0
2020-03-08;"Trnavský kraj";0;0;0;0;NA;88654;0;2020-03-08;0
2020-03-07;"Trnavský kraj";0;0;0;0;NA;88654;0;2020-03-07;0
2020-03-06;"Trnavský kraj";0;0;0;0;NA;88654;0;2020-03-06;0
2021-06-14;"Žilinský kraj";10;6637;16;6653;57854;107018;26;2021-06-14;107018
2021-06-13;"Žilinský kraj";2;6051;7;6058;NA;107018;9;2021-06-13;106992
2021-06-12;"Žilinský kraj";9;7210;8;7218;NA;107018;17;2021-06-12;106983
2021-06-11;"Žilinský kraj";11;10250;12;10262;NA;107018;23;2021-06-11;106966
2021-06-10;"Žilinský kraj";14;5912;8;5920;NA;107018;22;2021-06-10;106943
2021-06-09;"Žilinský kraj";23;5222;10;5232;NA;107018;33;2021-06-09;106921
2021-06-08;"Žilinský kraj";18;6170;15;6185;NA;107018;33;2021-06-08;106888
2021-06-07;"Žilinský kraj";25;7659;21;7680;NA;107018;46;2021-06-07;106855
2021-06-06;"Žilinský kraj";10;7359;24;7383;NA;107018;34;2021-06-06;106809
2021-06-05;"Žilinský kraj";8;8035;9;8044;NA;107018;17;2021-06-05;106775
2021-06-04;"Žilinský kraj";19;11033;26;11059;NA;107018;45;2021-06-04;106758
2021-06-03;"Žilinský kraj";12;6094;30;6124;NA;107018;42;2021-06-03;106713
2021-06-02;"Žilinský kraj";17;6900;28;6928;NA;107018;45;2021-06-02;106671
2021-06-01;"Žilinský kraj";38;7591;39;7630;NA;107018;77;2021-06-01;106626
2021-05-31;"Žilinský kraj";31;8534;55;8589;NA;107018;86;2021-05-31;106549
2021-05-30;"Žilinský kraj";21;8533;30;8563;NA;107018;51;2021-05-30;106463
2021-05-29;"Žilinský kraj";13;9956;18;9974;NA;107018;31;2021-05-29;106412
2021-05-28;"Žilinský kraj";28;12113;30;12143;NA;107018;58;2021-05-28;106381
2021-05-27;"Žilinský kraj";17;8267;39;8306;NA;107018;56;2021-05-27;106323
2021-05-26;"Žilinský kraj";20;7324;21;7345;NA;107018;41;2021-05-26;106267
2021-05-25;"Žilinský kraj";21;9027;36;9063;NA;107018;57;2021-05-25;106226
2021-05-24;"Žilinský kraj";36;11437;57;11494;NA;107018;93;2021-05-24;106169
2021-05-23;"Žilinský kraj";4;10300;52;10352;NA;107018;56;2021-05-23;106076
2021-05-22;"Žilinský kraj";21;10580;26;10606;NA;107018;47;2021-05-22;106020
2021-05-21;"Žilinský kraj";28;14377;46;14423;NA;107018;74;2021-05-21;105973
2021-05-20;"Žilinský kraj";30;8544;30;8574;NA;107018;60;2021-05-20;105899
2021-05-19;"Žilinský kraj";46;8010;40;8050;NA;107018;86;2021-05-19;105839
2021-05-18;"Žilinský kraj";52;10365;43;10408;NA;107018;95;2021-05-18;105753
2021-05-17;"Žilinský kraj";51;11859;77;11936;NA;107018;128;2021-05-17;105658
2021-05-16;"Žilinský kraj";13;13429;37;13466;NA;107018;50;2021-05-16;105530
2021-05-15;"Žilinský kraj";30;16574;32;16606;NA;107018;62;2021-05-15;105480
2021-05-14;"Žilinský kraj";34;19200;72;19272;NA;107018;106;2021-05-14;105418
2021-05-13;"Žilinský kraj";64;11865;51;11916;NA;107018;115;2021-05-13;105312
2021-05-12;"Žilinský kraj";57;10337;51;10388;NA;107018;108;2021-05-12;105197
2021-05-11;"Žilinský kraj";70;11601;48;11649;NA;107018;118;2021-05-11;105089
2021-05-10;"Žilinský kraj";69;14664;70;14734;NA;107018;139;2021-05-10;104971
2021-05-09;"Žilinský kraj";58;19295;72;19367;NA;107018;130;2021-05-09;104832
2021-05-08;"Žilinský kraj";0;22132;58;22190;NA;107018;58;2021-05-08;104702
2021-05-07;"Žilinský kraj";65;23787;78;23865;NA;107018;143;2021-05-07;104644
2021-05-06;"Žilinský kraj";67;16605;72;16677;NA;107018;139;2021-05-06;104501
2021-05-05;"Žilinský kraj";71;12152;71;12223;NA;107018;142;2021-05-05;104362
2021-05-04;"Žilinský kraj";81;16309;79;16388;NA;107018;160;2021-05-04;104220
2021-05-03;"Žilinský kraj";97;19768;110;19878;NA;107018;207;2021-05-03;104060
2021-05-02;"Žilinský kraj";8;28886;64;28950;NA;107018;72;2021-05-02;103853
2021-05-01;"Žilinský kraj";65;54950;105;55055;NA;107018;170;2021-05-01;103781
2021-04-30;"Žilinský kraj";84;43812;117;43929;NA;107018;201;2021-04-30;103611
2021-04-29;"Žilinský kraj";77;24553;101;24654;NA;107018;178;2021-04-29;103410
2021-04-28;"Žilinský kraj";76;19205;91;19296;NA;107018;167;2021-04-28;103232
2021-04-27;"Žilinský kraj";97;21795;110;21905;NA;107018;207;2021-04-27;103065
2021-04-26;"Žilinský kraj";114;27412;136;27548;NA;107018;250;2021-04-26;102858
2021-04-25;"Žilinský kraj";38;35750;82;35832;NA;107018;120;2021-04-25;102608
2021-04-24;"Žilinský kraj";93;78854;157;79011;NA;107018;250;2021-04-24;102488
2021-04-23;"Žilinský kraj";144;49219;153;49372;NA;107018;297;2021-04-23;102238
2021-04-22;"Žilinský kraj";110;25209;132;25341;NA;107018;242;2021-04-22;101941
2021-04-21;"Žilinský kraj";118;20616;145;20761;NA;107018;263;2021-04-21;101699
2021-04-20;"Žilinský kraj";128;23778;136;23914;NA;107018;264;2021-04-20;101436
2021-04-19;"Žilinský kraj";164;32773;210;32983;NA;107018;374;2021-04-19;101172
2021-04-18;"Žilinský kraj";18;36767;91;36858;NA;107018;109;2021-04-18;100798
2021-04-17;"Žilinský kraj";108;89377;156;89533;NA;107018;264;2021-04-17;100689
2021-04-16;"Žilinský kraj";185;46876;207;47083;NA;107018;392;2021-04-16;100425
2021-04-15;"Žilinský kraj";108;24825;130;24955;NA;107018;238;2021-04-15;100033
2021-04-14;"Žilinský kraj";135;23108;145;23253;NA;107018;280;2021-04-14;99795
2021-04-13;"Žilinský kraj";171;25050;135;25185;NA;107018;306;2021-04-13;99515
2021-04-12;"Žilinský kraj";266;30726;189;30915;NA;107018;455;2021-04-12;99209
2021-04-11;"Žilinský kraj";19;37126;107;37233;NA;107018;126;2021-04-11;98754
2021-04-10;"Žilinský kraj";111;86284;237;86521;NA;107018;348;2021-04-10;98628
2021-04-09;"Žilinský kraj";195;41752;205;41957;NA;107018;400;2021-04-09;98280
2021-04-08;"Žilinský kraj";179;24382;141;24523;NA;107018;320;2021-04-08;97880
2021-04-07;"Žilinský kraj";309;28651;174;28825;NA;107018;483;2021-04-07;97560
2021-04-06;"Žilinský kraj";308;38818;294;39112;NA;107018;602;2021-04-06;97077
2021-04-05;"Žilinský kraj";17;14747;140;14887;NA;107018;157;2021-04-05;96475
2021-04-04;"Žilinský kraj";17;16284;69;16353;NA;107018;86;2021-04-04;96318
2021-04-03;"Žilinský kraj";180;100430;401;100831;NA;107018;581;2021-04-03;96232
2021-04-02;"Žilinský kraj";73;22411;83;22494;NA;107018;156;2021-04-02;95651
2021-04-01;"Žilinský kraj";334;43264;240;43504;NA;107018;574;2021-04-01;95495
2021-03-31;"Žilinský kraj";170;31632;247;31879;NA;107018;417;2021-03-31;94921
2021-03-30;"Žilinský kraj";406;26323;243;26566;NA;107018;649;2021-03-30;94504
2021-03-29;"Žilinský kraj";297;28022;268;28290;NA;107018;565;2021-03-29;93855
2021-03-28;"Žilinský kraj";21;36206;239;36445;NA;107018;260;2021-03-28;93290
2021-03-27;"Žilinský kraj";151;89107;353;89460;NA;107018;504;2021-03-27;93030
2021-03-26;"Žilinský kraj";312;52263;333;52596;NA;107018;645;2021-03-26;92526
2021-03-25;"Žilinský kraj";281;27620;214;27834;NA;107018;495;2021-03-25;91881
2021-03-24;"Žilinský kraj";280;21268;260;21528;NA;107018;540;2021-03-24;91386
2021-03-23;"Žilinský kraj";418;23187;278;23465;NA;107018;696;2021-03-23;90846
2021-03-22;"Žilinský kraj";293;29289;314;29603;NA;107018;607;2021-03-22;90150
2021-03-21;"Žilinský kraj";32;33705;227;33932;NA;107018;259;2021-03-21;89543
2021-03-20;"Žilinský kraj";165;93015;497;93512;NA;107018;662;2021-03-20;89284
2021-03-19;"Žilinský kraj";357;51982;413;52395;NA;107018;770;2021-03-19;88622
2021-03-18;"Žilinský kraj";329;28451;294;28745;NA;107018;623;2021-03-18;87852
2021-03-17;"Žilinský kraj";395;21916;269;22185;NA;107018;664;2021-03-17;87229
2021-03-16;"Žilinský kraj";514;24341;317;24658;NA;107018;831;2021-03-16;86565
2021-03-15;"Žilinský kraj";341;29607;419;30026;NA;107018;760;2021-03-15;85734
2021-03-14;"Žilinský kraj";87;34121;267;34388;NA;107018;354;2021-03-14;84974
2021-03-13;"Žilinský kraj";113;93386;581;93967;NA;107018;694;2021-03-13;84620
2021-03-12;"Žilinský kraj";520;52109;411;52520;NA;107018;931;2021-03-12;83926
2021-03-11;"Žilinský kraj";399;28189;302;28491;NA;107018;701;2021-03-11;82995
2021-03-10;"Žilinský kraj";368;22414;378;22792;NA;107018;746;2021-03-10;82294
2021-03-09;"Žilinský kraj";537;24857;316;25173;NA;107018;853;2021-03-09;81548
2021-03-08;"Žilinský kraj";387;30839;458;31297;NA;107018;845;2021-03-08;80695
2021-03-07;"Žilinský kraj";48;33469;290;33759;NA;107018;338;2021-03-07;79850
2021-03-06;"Žilinský kraj";173;92410;589;92999;NA;107018;762;2021-03-06;79512
2021-03-05;"Žilinský kraj";369;51748;483;52231;NA;107018;852;2021-03-05;78750
2021-03-04;"Žilinský kraj";467;30036;377;30413;NA;107018;844;2021-03-04;77898
2021-03-03;"Žilinský kraj";448;26261;394;26655;NA;107018;842;2021-03-03;77054
2021-03-02;"Žilinský kraj";551;25669;378;26047;NA;107018;929;2021-03-02;76212
2021-03-01;"Žilinský kraj";375;30493;441;30934;NA;107018;816;2021-03-01;75283
2021-02-28;"Žilinský kraj";61;34802;327;35129;NA;107018;388;2021-02-28;74467
2021-02-27;"Žilinský kraj";159;83781;639;84420;NA;107018;798;2021-02-27;74079
2021-02-26;"Žilinský kraj";459;47494;508;48002;NA;107018;967;2021-02-26;73281
2021-02-25;"Žilinský kraj";347;30879;393;31272;NA;107018;740;2021-02-25;72314
2021-02-24;"Žilinský kraj";339;18745;395;19140;NA;107018;734;2021-02-24;71574
2021-02-23;"Žilinský kraj";437;22418;418;22836;NA;107018;855;2021-02-23;70840
2021-02-22;"Žilinský kraj";345;29288;438;29726;NA;107018;783;2021-02-22;69985
2021-02-21;"Žilinský kraj";36;28686;322;29008;NA;107018;358;2021-02-21;69202
2021-02-20;"Žilinský kraj";152;89085;669;89754;NA;107018;821;2021-02-20;68844
2021-02-19;"Žilinský kraj";337;44806;415;45221;NA;107018;752;2021-02-19;68023
2021-02-18;"Žilinský kraj";263;24679;339;25018;NA;107018;602;2021-02-18;67271
2021-02-17;"Žilinský kraj";269;17932;355;18287;NA;107018;624;2021-02-17;66669
2021-02-16;"Žilinský kraj";321;24298;325;24623;NA;107018;646;2021-02-16;66045
2021-02-15;"Žilinský kraj";230;30420;311;30731;NA;107018;541;2021-02-15;65399
2021-02-14;"Žilinský kraj";30;28574;231;28805;NA;107018;261;2021-02-14;64858
2021-02-13;"Žilinský kraj";91;69659;454;70113;NA;107018;545;2021-02-13;64597
2021-02-12;"Žilinský kraj";242;42689;335;43024;NA;107018;577;2021-02-12;64052
2021-02-11;"Žilinský kraj";228;23521;300;23821;NA;107018;528;2021-02-11;63475
2021-02-10;"Žilinský kraj";259;17875;267;18142;NA;107018;526;2021-02-10;62947
2021-02-09;"Žilinský kraj";377;24784;274;25058;NA;107018;651;2021-02-09;62421
2021-02-08;"Žilinský kraj";160;41375;390;41765;NA;107018;550;2021-02-08;61770
2021-02-07;"Žilinský kraj";24;46446;252;46698;NA;107018;276;2021-02-07;61220
2021-02-06;"Žilinský kraj";71;72880;367;73247;NA;107018;438;2021-02-06;60944
2021-02-05;"Žilinský kraj";248;31868;323;32191;NA;107018;571;2021-02-05;60506
2021-02-04;"Žilinský kraj";238;13242;258;13500;NA;107018;496;2021-02-04;59935
2021-02-03;"Žilinský kraj";194;9187;255;9442;NA;107018;449;2021-02-03;59439
2021-02-02;"Žilinský kraj";216;9280;272;9552;NA;107018;488;2021-02-02;58990
2021-02-01;"Žilinský kraj";220;19688;370;20058;NA;107018;590;2021-02-01;58502
2021-01-31;"Žilinský kraj";11;2652;27;2679;NA;107018;38;2021-01-31;57912
2021-01-30;"Žilinský kraj";85;18447;187;18634;NA;107018;272;2021-01-30;57874
2021-01-29;"Žilinský kraj";209;22892;304;23196;NA;107018;513;2021-01-29;57602
2021-01-28;"Žilinský kraj";240;5623;174;5797;NA;107018;414;2021-01-28;57089
2021-01-27;"Žilinský kraj";256;7065;121;7186;NA;107018;377;2021-01-27;56675
2021-01-26;"Žilinský kraj";245;49441;346;49787;NA;107018;591;2021-01-26;56298
2021-01-25;"Žilinský kraj";159;21147;150;21297;NA;107018;309;2021-01-25;55707
2021-01-24;"Žilinský kraj";22;67309;305;67614;NA;107018;327;2021-01-24;55398
2021-01-23;"Žilinský kraj";91;90991;408;91399;NA;107018;499;2021-01-23;55071
2021-01-22;"Žilinský kraj";163;31997;239;32236;NA;107018;402;2021-01-22;54572
2021-01-21;"Žilinský kraj";116;19874;181;20055;NA;107018;297;2021-01-21;54170
2021-01-20;"Žilinský kraj";236;17089;165;17254;NA;107018;401;2021-01-20;53873
2021-01-19;"Žilinský kraj";245;15578;283;15861;NA;107018;528;2021-01-19;53472
2021-01-18;"Žilinský kraj";236;12506;327;12833;NA;107018;563;2021-01-18;52944
2021-01-17;"Žilinský kraj";95;147;8;155;NA;107018;103;2021-01-17;52381
2021-01-16;"Žilinský kraj";14;758;35;793;NA;107018;49;2021-01-16;52278
2021-01-15;"Žilinský kraj";248;7244;205;7449;NA;107018;453;2021-01-15;52229
2021-01-14;"Žilinský kraj";166;5572;248;5820;NA;107018;414;2021-01-14;51776
2021-01-13;"Žilinský kraj";247;11316;555;11871;NA;107018;802;2021-01-13;51362
2021-01-12;"Žilinský kraj";376;8754;413;9167;NA;107018;789;2021-01-12;50560
2021-01-11;"Žilinský kraj";351;10385;513;10898;NA;107018;864;2021-01-11;49771
2021-01-10;"Žilinský kraj";38;229;6;235;NA;107018;44;2021-01-10;48907
2021-01-09;"Žilinský kraj";192;1983;85;2068;NA;107018;277;2021-01-09;48863
2021-01-08;"Žilinský kraj";413;9245;497;9742;NA;107018;910;2021-01-08;48586
2021-01-07;"Žilinský kraj";438;23485;1881;25366;NA;107018;2319;2021-01-07;47676
2021-01-06;"Žilinský kraj";145;1412;96;1508;NA;107018;241;2021-01-06;45357
2021-01-05;"Žilinský kraj";717;10702;845;11547;NA;107018;1562;2021-01-05;45116
2021-01-04;"Žilinský kraj";479;9739;1012;10751;NA;107018;1491;2021-01-04;43554
2021-01-03;"Žilinský kraj";13;1006;107;1113;NA;107018;120;2021-01-03;42063
2021-01-02;"Žilinský kraj";98;789;91;880;NA;107018;189;2021-01-02;41943
2021-01-01;"Žilinský kraj";118;615;37;652;NA;107018;155;2021-01-01;41754
2020-12-31;"Žilinský kraj";395;10008;809;10817;NA;107018;1204;2020-12-31;41599
2020-12-30;"Žilinský kraj";1038;12030;849;12879;NA;107018;1887;2020-12-30;40395
2020-12-29;"Žilinský kraj";256;10584;1041;11625;NA;107018;1297;2020-12-29;38508
2020-12-28;"Žilinský kraj";406;11177;1048;12225;NA;107018;1454;2020-12-28;37211
2020-12-27;"Žilinský kraj";40;684;94;778;NA;107018;134;2020-12-27;35757
2020-12-26;"Žilinský kraj";135;593;48;641;NA;107018;183;2020-12-26;35623
2020-12-25;"Žilinský kraj";66;83;9;92;NA;107018;75;2020-12-25;35440
2020-12-24;"Žilinský kraj";643;1060;80;1140;NA;107018;723;2020-12-24;35365
2020-12-23;"Žilinský kraj";228;17281;1031;18312;NA;107018;1259;2020-12-23;34642
2020-12-22;"Žilinský kraj";519;13746;1031;14777;NA;107018;1550;2020-12-22;33383
2020-12-21;"Žilinský kraj";444;12608;1096;13704;NA;107018;1540;2020-12-21;31833
2020-12-20;"Žilinský kraj";36;598;80;678;NA;107018;116;2020-12-20;30293
2020-12-19;"Žilinský kraj";208;2076;145;2221;NA;107018;353;2020-12-19;30177
2020-12-18;"Žilinský kraj";333;6925;400;7325;NA;107018;733;2020-12-18;29824
2020-12-17;"Žilinský kraj";500;4243;279;4522;NA;107018;779;2020-12-17;29091
2020-12-16;"Žilinský kraj";333;3999;280;4279;NA;107018;613;2020-12-16;28312
2020-12-15;"Žilinský kraj";528;4139;378;4517;NA;107018;906;2020-12-15;27699
2020-12-14;"Žilinský kraj";321;4300;355;4655;NA;107018;676;2020-12-14;26793
2020-12-13;"Žilinský kraj";26;494;66;560;NA;107018;92;2020-12-13;26117
2020-12-12;"Žilinský kraj";95;1116;61;1177;NA;107018;156;2020-12-12;26025
2020-12-11;"Žilinský kraj";455;4507;269;4776;NA;107018;724;2020-12-11;25869
2020-12-10;"Žilinský kraj";166;9341;838;10179;NA;107018;1004;2020-12-10;25145
2020-12-09;"Žilinský kraj";392;2200;131;2331;NA;107018;523;2020-12-09;24141
2020-12-08;"Žilinský kraj";331;3248;123;3371;NA;107018;454;2020-12-08;23618
2020-12-07;"Žilinský kraj";348;2254;127;2381;NA;107018;475;2020-12-07;23164
2020-12-06;"Žilinský kraj";15;128;6;134;NA;107018;21;2020-12-06;22689
2020-12-05;"Žilinský kraj";98;1500;53;1553;NA;107018;151;2020-12-05;22668
2020-12-04;"Žilinský kraj";228;2891;122;3013;NA;107018;350;2020-12-04;22517
2020-12-03;"Žilinský kraj";237;1424;117;1541;NA;107018;354;2020-12-03;22167
2020-12-02;"Žilinský kraj";181;1396;69;1465;NA;107018;250;2020-12-02;21813
2020-12-01;"Žilinský kraj";209;6239;284;6523;NA;107018;493;2020-12-01;21563
2020-11-30;"Žilinský kraj";203;5326;305;5631;NA;107018;508;2020-11-30;21070
2020-11-29;"Žilinský kraj";18;0;0;0;NA;107018;18;2020-11-29;20562
2020-11-28;"Žilinský kraj";99;0;0;0;NA;107018;99;2020-11-28;20544
2020-11-27;"Žilinský kraj";218;1;0;1;NA;107018;218;2020-11-27;20445
2020-11-26;"Žilinský kraj";190;1;0;1;NA;107018;190;2020-11-26;20227
2020-11-25;"Žilinský kraj";225;0;0;0;NA;107018;225;2020-11-25;20037
2020-11-24;"Žilinský kraj";213;47;0;47;NA;107018;213;2020-11-24;19812
2020-11-23;"Žilinský kraj";170;0;0;0;NA;107018;170;2020-11-23;19599
2020-11-22;"Žilinský kraj";11;0;0;0;NA;107018;11;2020-11-22;19429
2020-11-21;"Žilinský kraj";61;0;0;0;NA;107018;61;2020-11-21;19418
2020-11-20;"Žilinský kraj";251;0;0;0;NA;107018;251;2020-11-20;19357
2020-11-19;"Žilinský kraj";252;0;0;0;NA;107018;252;2020-11-19;19106
2020-11-18;"Žilinský kraj";346;0;0;0;NA;107018;346;2020-11-18;18854
2020-11-17;"Žilinský kraj";123;0;0;0;NA;107018;123;2020-11-17;18508
2020-11-16;"Žilinský kraj";227;0;0;0;NA;107018;227;2020-11-16;18385
2020-11-15;"Žilinský kraj";63;0;0;0;NA;107018;63;2020-11-15;18158
2020-11-14;"Žilinský kraj";189;0;0;0;NA;107018;189;2020-11-14;18095
2020-11-13;"Žilinský kraj";181;0;0;0;NA;107018;181;2020-11-13;17906
2020-11-12;"Žilinský kraj";334;0;0;0;NA;107018;334;2020-11-12;17725
2020-11-11;"Žilinský kraj";489;0;0;0;NA;107018;489;2020-11-11;17391
2020-11-10;"Žilinský kraj";374;0;0;0;NA;107018;374;2020-11-10;16902
2020-11-09;"Žilinský kraj";143;0;0;0;NA;107018;143;2020-11-09;16528
2020-11-08;"Žilinský kraj";59;0;0;0;NA;107018;59;2020-11-08;16385
2020-11-07;"Žilinský kraj";312;0;0;0;NA;107018;312;2020-11-07;16326
2020-11-06;"Žilinský kraj";503;0;0;0;NA;107018;503;2020-11-06;16014
2020-11-05;"Žilinský kraj";473;0;0;0;NA;107018;473;2020-11-05;15511
2020-11-04;"Žilinský kraj";423;10;0;10;NA;107018;423;2020-11-04;15038
2020-11-03;"Žilinský kraj";688;0;0;0;NA;107018;688;2020-11-03;14615
2020-11-02;"Žilinský kraj";472;0;0;0;NA;107018;472;2020-11-02;13927
2020-11-01;"Žilinský kraj";349;0;0;0;NA;107018;349;2020-11-01;13455
2020-10-31;"Žilinský kraj";661;0;0;0;NA;107018;661;2020-10-31;13106
2020-10-30;"Žilinský kraj";529;0;0;0;NA;107018;529;2020-10-30;12445
2020-10-29;"Žilinský kraj";740;0;0;0;NA;107018;740;2020-10-29;11916
2020-10-28;"Žilinský kraj";635;0;0;0;NA;107018;635;2020-10-28;11176
2020-10-27;"Žilinský kraj";355;0;0;0;NA;107018;355;2020-10-27;10541
2020-10-26;"Žilinský kraj";148;0;0;0;NA;107018;148;2020-10-26;10186
2020-10-25;"Žilinský kraj";436;0;0;0;NA;107018;436;2020-10-25;10038
2020-10-24;"Žilinský kraj";803;0;0;0;NA;107018;803;2020-10-24;9602
2020-10-23;"Žilinský kraj";659;0;0;0;NA;107018;659;2020-10-23;8799
2020-10-22;"Žilinský kraj";525;0;0;0;NA;107018;525;2020-10-22;8140
2020-10-21;"Žilinský kraj";478;0;0;0;NA;107018;478;2020-10-21;7615
2020-10-20;"Žilinský kraj";524;0;0;0;NA;107018;524;2020-10-20;7137
2020-10-19;"Žilinský kraj";70;0;0;0;NA;107018;70;2020-10-19;6613
2020-10-18;"Žilinský kraj";159;0;0;0;NA;107018;159;2020-10-18;6543
2020-10-17;"Žilinský kraj";509;0;0;0;NA;107018;509;2020-10-17;6384
2020-10-16;"Žilinský kraj";603;0;0;0;NA;107018;603;2020-10-16;5875
2020-10-15;"Žilinský kraj";679;0;0;0;NA;107018;679;2020-10-15;5272
2020-10-14;"Žilinský kraj";523;0;0;0;NA;107018;523;2020-10-14;4593
2020-10-13;"Žilinský kraj";367;0;0;0;NA;107018;367;2020-10-13;4070
2020-10-12;"Žilinský kraj";62;0;0;0;NA;107018;62;2020-10-12;3703
2020-10-11;"Žilinský kraj";50;0;0;0;NA;107018;50;2020-10-11;3641
2020-10-10;"Žilinský kraj";213;0;0;0;NA;107018;213;2020-10-10;3591
2020-10-09;"Žilinský kraj";543;0;0;0;NA;107018;543;2020-10-09;3378
2020-10-08;"Žilinský kraj";238;0;0;0;NA;107018;238;2020-10-08;2835
2020-10-07;"Žilinský kraj";168;0;0;0;NA;107018;168;2020-10-07;2597
2020-10-06;"Žilinský kraj";233;0;0;0;NA;107018;233;2020-10-06;2429
2020-10-05;"Žilinský kraj";33;0;0;0;NA;107018;33;2020-10-05;2196
2020-10-04;"Žilinský kraj";35;0;0;0;NA;107018;35;2020-10-04;2163
2020-10-03;"Žilinský kraj";155;0;0;0;NA;107018;155;2020-10-03;2128
2020-10-02;"Žilinský kraj";105;0;0;0;NA;107018;105;2020-10-02;1973
2020-10-01;"Žilinský kraj";147;0;0;0;NA;107018;147;2020-10-01;1868
2020-09-30;"Žilinský kraj";163;0;0;0;NA;107018;163;2020-09-30;1721
2020-09-29;"Žilinský kraj";105;0;0;0;NA;107018;105;2020-09-29;1558
2020-09-28;"Žilinský kraj";34;0;0;0;NA;107018;34;2020-09-28;1453
2020-09-27;"Žilinský kraj";108;0;0;0;NA;107018;108;2020-09-27;1419
2020-09-26;"Žilinský kraj";96;0;0;0;NA;107018;96;2020-09-26;1311
2020-09-25;"Žilinský kraj";69;0;0;0;NA;107018;69;2020-09-25;1215
2020-09-24;"Žilinský kraj";100;0;0;0;NA;107018;100;2020-09-24;1146
2020-09-23;"Žilinský kraj";65;0;0;0;NA;107018;65;2020-09-23;1046
2020-09-22;"Žilinský kraj";65;0;0;0;NA;107018;65;2020-09-22;981
2020-09-21;"Žilinský kraj";47;0;0;0;NA;107018;47;2020-09-21;916
2020-09-20;"Žilinský kraj";4;0;0;0;NA;107018;4;2020-09-20;869
2020-09-19;"Žilinský kraj";6;0;0;0;NA;107018;6;2020-09-19;865
2020-09-18;"Žilinský kraj";82;0;0;0;NA;107018;82;2020-09-18;859
2020-09-17;"Žilinský kraj";30;0;0;0;NA;107018;30;2020-09-17;777
2020-09-16;"Žilinský kraj";34;0;0;0;NA;107018;34;2020-09-16;747
2020-09-15;"Žilinský kraj";12;0;0;0;NA;107018;12;2020-09-15;713
2020-09-14;"Žilinský kraj";39;0;0;0;NA;107018;39;2020-09-14;701
2020-09-13;"Žilinský kraj";6;0;0;0;NA;107018;6;2020-09-13;662
2020-09-12;"Žilinský kraj";4;0;0;0;NA;107018;4;2020-09-12;656
2020-09-11;"Žilinský kraj";31;0;0;0;NA;107018;31;2020-09-11;652
2020-09-10;"Žilinský kraj";31;0;0;0;NA;107018;31;2020-09-10;621
2020-09-09;"Žilinský kraj";23;0;0;0;NA;107018;23;2020-09-09;590
2020-09-08;"Žilinský kraj";25;0;0;0;NA;107018;25;2020-09-08;567
2020-09-07;"Žilinský kraj";11;0;0;0;NA;107018;11;2020-09-07;542
2020-09-06;"Žilinský kraj";0;0;0;0;NA;107018;0;2020-09-06;531
2020-09-05;"Žilinský kraj";2;0;0;0;NA;107018;2;2020-09-05;531
2020-09-04;"Žilinský kraj";33;0;0;0;NA;107018;33;2020-09-04;529
2020-09-03;"Žilinský kraj";18;0;0;0;NA;107018;18;2020-09-03;496
2020-09-02;"Žilinský kraj";16;0;0;0;NA;107018;16;2020-09-02;478
2020-09-01;"Žilinský kraj";4;0;0;0;NA;107018;4;2020-09-01;462
2020-08-31;"Žilinský kraj";5;0;0;0;NA;107018;5;2020-08-31;458
2020-08-30;"Žilinský kraj";3;0;0;0;NA;107018;3;2020-08-30;453
2020-08-29;"Žilinský kraj";5;0;0;0;NA;107018;5;2020-08-29;450
2020-08-28;"Žilinský kraj";13;0;0;0;NA;107018;13;2020-08-28;445
2020-08-27;"Žilinský kraj";18;0;0;0;NA;107018;18;2020-08-27;432
2020-08-26;"Žilinský kraj";8;0;0;0;NA;107018;8;2020-08-26;414
2020-08-25;"Žilinský kraj";2;0;0;0;NA;107018;2;2020-08-25;406
2020-08-24;"Žilinský kraj";5;0;0;0;NA;107018;5;2020-08-24;404
2020-08-23;"Žilinský kraj";0;0;0;0;NA;107018;0;2020-08-23;399
2020-08-22;"Žilinský kraj";0;0;0;0;NA;107018;0;2020-08-22;399
2020-08-21;"Žilinský kraj";10;0;0;0;NA;107018;10;2020-08-21;399
2020-08-20;"Žilinský kraj";13;0;0;0;NA;107018;13;2020-08-20;389
2020-08-19;"Žilinský kraj";7;0;0;0;NA;107018;7;2020-08-19;376
2020-08-18;"Žilinský kraj";9;0;0;0;NA;107018;9;2020-08-18;369
2020-08-17;"Žilinský kraj";1;0;0;0;NA;107018;1;2020-08-17;360
2020-08-16;"Žilinský kraj";0;0;0;0;NA;107018;0;2020-08-16;359
2020-08-15;"Žilinský kraj";0;0;0;0;NA;107018;0;2020-08-15;359
2020-08-14;"Žilinský kraj";4;0;0;0;NA;107018;4;2020-08-14;359
2020-08-13;"Žilinský kraj";2;0;0;0;NA;107018;2;2020-08-13;355
2020-08-12;"Žilinský kraj";0;0;0;0;NA;107018;0;2020-08-12;353
2020-08-11;"Žilinský kraj";4;0;0;0;NA;107018;4;2020-08-11;353
2020-08-10;"Žilinský kraj";1;0;0;0;NA;107018;1;2020-08-10;349
2020-08-09;"Žilinský kraj";0;0;0;0;NA;107018;0;2020-08-09;348
2020-08-08;"Žilinský kraj";3;0;0;0;NA;107018;3;2020-08-08;348
2020-08-07;"Žilinský kraj";8;0;0;0;NA;107018;8;2020-08-07;345
2020-08-06;"Žilinský kraj";1;0;0;0;NA;107018;1;2020-08-06;337
2020-08-05;"Žilinský kraj";1;0;0;0;NA;107018;1;2020-08-05;336
2020-08-04;"Žilinský kraj";2;0;0;0;NA;107018;2;2020-08-04;335
2020-08-03;"Žilinský kraj";0;0;0;0;NA;107018;0;2020-08-03;333
2020-08-02;"Žilinský kraj";1;0;0;0;NA;107018;1;2020-08-02;333
2020-08-01;"Žilinský kraj";0;0;0;0;NA;107018;0;2020-08-01;332
2020-07-31;"Žilinský kraj";4;0;0;0;NA;107018;4;2020-07-31;332
2020-07-30;"Žilinský kraj";2;0;0;0;NA;107018;2;2020-07-30;328
2020-07-29;"Žilinský kraj";2;0;0;0;NA;107018;2;2020-07-29;326
2020-07-28;"Žilinský kraj";4;0;0;0;NA;107018;4;2020-07-28;324
2020-07-27;"Žilinský kraj";6;0;0;0;NA;107018;6;2020-07-27;320
2020-07-26;"Žilinský kraj";0;0;0;0;NA;107018;0;2020-07-26;314
2020-07-25;"Žilinský kraj";0;0;0;0;NA;107018;0;2020-07-25;314
2020-07-24;"Žilinský kraj";2;0;0;0;NA;107018;2;2020-07-24;314
2020-07-23;"Žilinský kraj";0;0;0;0;NA;107018;0;2020-07-23;312
2020-07-22;"Žilinský kraj";1;0;0;0;NA;107018;1;2020-07-22;312
2020-07-21;"Žilinský kraj";2;0;0;0;NA;107018;2;2020-07-21;311
2020-07-20;"Žilinský kraj";3;0;0;0;NA;107018;3;2020-07-20;309
2020-07-19;"Žilinský kraj";0;0;0;0;NA;107018;0;2020-07-19;306
2020-07-18;"Žilinský kraj";0;0;0;0;NA;107018;0;2020-07-18;306
2020-07-17;"Žilinský kraj";2;0;0;0;NA;107018;2;2020-07-17;306
2020-07-16;"Žilinský kraj";2;0;0;0;NA;107018;2;2020-07-16;304
2020-07-15;"Žilinský kraj";2;0;0;0;NA;107018;2;2020-07-15;302
2020-07-14;"Žilinský kraj";1;0;0;0;NA;107018;1;2020-07-14;300
2020-07-13;"Žilinský kraj";0;0;0;0;NA;107018;0;2020-07-13;299
2020-07-12;"Žilinský kraj";0;0;0;0;NA;107018;0;2020-07-12;299
2020-07-11;"Žilinský kraj";2;0;0;0;NA;107018;2;2020-07-11;299
2020-07-10;"Žilinský kraj";3;0;0;0;NA;107018;3;2020-07-10;297
2020-07-09;"Žilinský kraj";2;0;0;0;NA;107018;2;2020-07-09;294
2020-07-08;"Žilinský kraj";10;0;0;0;NA;107018;10;2020-07-08;292
2020-07-07;"Žilinský kraj";7;0;0;0;NA;107018;7;2020-07-07;282
2020-07-06;"Žilinský kraj";0;0;0;0;NA;107018;0;2020-07-06;275
2020-07-05;"Žilinský kraj";0;0;0;0;NA;107018;0;2020-07-05;275
2020-07-04;"Žilinský kraj";10;0;0;0;NA;107018;10;2020-07-04;275
2020-07-03;"Žilinský kraj";18;0;0;0;NA;107018;18;2020-07-03;265
2020-07-02;"Žilinský kraj";7;0;0;0;NA;107018;7;2020-07-02;247
2020-07-01;"Žilinský kraj";0;0;0;0;NA;107018;0;2020-07-01;240
2020-06-30;"Žilinský kraj";4;0;0;0;NA;107018;4;2020-06-30;240
2020-06-29;"Žilinský kraj";0;0;0;0;NA;107018;0;2020-06-29;236
2020-06-28;"Žilinský kraj";1;0;0;0;NA;107018;1;2020-06-28;236
2020-06-27;"Žilinský kraj";3;0;0;0;NA;107018;3;2020-06-27;235
2020-06-26;"Žilinský kraj";5;0;0;0;NA;107018;5;2020-06-26;232
2020-06-25;"Žilinský kraj";7;0;0;0;NA;107018;7;2020-06-25;227
2020-06-24;"Žilinský kraj";11;0;0;0;NA;107018;11;2020-06-24;220
2020-06-23;"Žilinský kraj";9;0;0;0;NA;107018;9;2020-06-23;209
2020-06-22;"Žilinský kraj";0;0;0;0;NA;107018;0;2020-06-22;200
2020-06-21;"Žilinský kraj";1;0;0;0;NA;107018;1;2020-06-21;200
2020-06-20;"Žilinský kraj";1;0;0;0;NA;107018;1;2020-06-20;199
2020-06-19;"Žilinský kraj";4;0;0;0;NA;107018;4;2020-06-19;198
2020-06-18;"Žilinský kraj";1;0;0;0;NA;107018;1;2020-06-18;194
2020-06-17;"Žilinský kraj";0;0;0;0;NA;107018;0;2020-06-17;193
2020-06-16;"Žilinský kraj";1;0;0;0;NA;107018;1;2020-06-16;193
2020-06-14;"Žilinský kraj";0;0;0;0;NA;107018;0;2020-06-14;192
2020-06-13;"Žilinský kraj";0;0;0;0;NA;107018;0;2020-06-13;192
2020-06-12;"Žilinský kraj";0;0;0;0;NA;107018;0;2020-06-12;192
2020-06-11;"Žilinský kraj";0;0;0;0;NA;107018;0;2020-06-11;192
2020-06-10;"Žilinský kraj";0;0;0;0;NA;107018;0;2020-06-10;192
2020-06-09;"Žilinský kraj";1;0;0;0;NA;107018;1;2020-06-09;192
2020-06-08;"Žilinský kraj";0;0;0;0;NA;107018;0;2020-06-08;191
2020-06-07;"Žilinský kraj";0;0;0;0;NA;107018;0;2020-06-07;191
2020-06-05;"Žilinský kraj";0;0;0;0;NA;107018;0;2020-06-05;191
2020-06-03;"Žilinský kraj";0;0;0;0;NA;107018;0;2020-06-03;191
2020-06-02;"Žilinský kraj";0;0;0;0;NA;107018;0;2020-06-02;191
2020-05-31;"Žilinský kraj";0;0;0;0;NA;107018;0;2020-05-31;191
2020-05-29;"Žilinský kraj";0;0;0;0;NA;107018;0;2020-05-29;191
2020-05-27;"Žilinský kraj";1;0;0;0;NA;107018;1;2020-05-27;191
2020-05-26;"Žilinský kraj";1;0;0;0;NA;107018;1;2020-05-26;190
2020-05-25;"Žilinský kraj";0;0;0;0;NA;107018;0;2020-05-25;189
2020-05-24;"Žilinský kraj";0;0;0;0;NA;107018;0;2020-05-24;189
2020-05-23;"Žilinský kraj";0;0;0;0;NA;107018;0;2020-05-23;189
2020-05-22;"Žilinský kraj";0;0;0;0;NA;107018;0;2020-05-22;189
2020-05-21;"Žilinský kraj";0;0;0;0;NA;107018;0;2020-05-21;189
2020-05-20;"Žilinský kraj";0;0;0;0;NA;107018;0;2020-05-20;189
2020-05-19;"Žilinský kraj";1;0;0;0;NA;107018;1;2020-05-19;189
2020-05-17;"Žilinský kraj";0;0;0;0;NA;107018;0;2020-05-17;188
2020-05-16;"Žilinský kraj";0;0;0;0;NA;107018;0;2020-05-16;188
2020-05-15;"Žilinský kraj";0;0;0;0;NA;107018;0;2020-05-15;188
2020-05-14;"Žilinský kraj";0;0;0;0;NA;107018;0;2020-05-14;188
2020-05-13;"Žilinský kraj";0;0;0;0;NA;107018;0;2020-05-13;188
2020-05-12;"Žilinský kraj";0;0;0;0;NA;107018;0;2020-05-12;188
2020-05-11;"Žilinský kraj";0;0;0;0;NA;107018;0;2020-05-11;188
2020-05-09;"Žilinský kraj";0;0;0;0;NA;107018;0;2020-05-09;188
2020-05-07;"Žilinský kraj";0;0;0;0;NA;107018;0;2020-05-07;188
2020-05-06;"Žilinský kraj";2;0;0;0;NA;107018;2;2020-05-06;188
2020-05-05;"Žilinský kraj";3;0;0;0;NA;107018;3;2020-05-05;186
2020-05-04;"Žilinský kraj";3;0;0;0;NA;107018;3;2020-05-04;183
2020-05-03;"Žilinský kraj";1;0;0;0;NA;107018;1;2020-05-03;180
2020-05-02;"Žilinský kraj";0;0;0;0;NA;107018;0;2020-05-02;179
2020-05-01;"Žilinský kraj";1;0;0;0;NA;107018;1;2020-05-01;179
2020-04-30;"Žilinský kraj";0;0;0;0;NA;107018;0;2020-04-30;178
2020-04-29;"Žilinský kraj";0;0;0;0;NA;107018;0;2020-04-29;178
2020-04-28;"Žilinský kraj";0;0;0;0;NA;107018;0;2020-04-28;178
2020-04-27;"Žilinský kraj";0;0;0;0;NA;107018;0;2020-04-27;178
2020-04-26;"Žilinský kraj";0;0;0;0;NA;107018;0;2020-04-26;178
2020-04-25;"Žilinský kraj";2;0;0;0;NA;107018;2;2020-04-25;178
2020-04-24;"Žilinský kraj";1;0;0;0;NA;107018;1;2020-04-24;176
2020-04-23;"Žilinský kraj";2;0;0;0;NA;107018;2;2020-04-23;175
2020-04-22;"Žilinský kraj";9;0;0;0;NA;107018;9;2020-04-22;173
2020-04-21;"Žilinský kraj";1;0;0;0;NA;107018;1;2020-04-21;164
2020-04-20;"Žilinský kraj";4;0;0;0;NA;107018;4;2020-04-20;163
2020-04-19;"Žilinský kraj";0;0;0;0;NA;107018;0;2020-04-19;159
2020-04-18;"Žilinský kraj";49;0;0;0;NA;107018;49;2020-04-18;159
2020-04-17;"Žilinský kraj";3;0;0;0;NA;107018;3;2020-04-17;110
2020-04-16;"Žilinský kraj";4;0;0;0;NA;107018;4;2020-04-16;107
2020-04-15;"Žilinský kraj";7;0;0;0;NA;107018;7;2020-04-15;103
2020-04-14;"Žilinský kraj";1;0;0;0;NA;107018;1;2020-04-14;96
2020-04-13;"Žilinský kraj";2;0;0;0;NA;107018;2;2020-04-13;95
2020-04-12;"Žilinský kraj";5;0;0;0;NA;107018;5;2020-04-12;93
2020-04-11;"Žilinský kraj";2;0;0;0;NA;107018;2;2020-04-11;88
2020-04-10;"Žilinský kraj";1;0;0;0;NA;107018;1;2020-04-10;86
2020-04-09;"Žilinský kraj";1;0;0;0;NA;107018;1;2020-04-09;85
2020-04-08;"Žilinský kraj";3;0;0;0;NA;107018;3;2020-04-08;84
2020-04-07;"Žilinský kraj";5;0;0;0;NA;107018;5;2020-04-07;81
2020-04-06;"Žilinský kraj";6;0;0;0;NA;107018;6;2020-04-06;76
2020-04-05;"Žilinský kraj";8;0;0;0;NA;107018;8;2020-04-05;70
2020-04-04;"Žilinský kraj";0;0;0;0;NA;107018;0;2020-04-04;62
2020-04-03;"Žilinský kraj";3;0;0;0;NA;107018;3;2020-04-03;62
2020-04-02;"Žilinský kraj";5;0;0;0;NA;107018;5;2020-04-02;59
2020-04-01;"Žilinský kraj";4;0;0;0;NA;107018;4;2020-04-01;54
2020-03-31;"Žilinský kraj";1;0;0;0;NA;107018;1;2020-03-31;50
2020-03-30;"Žilinský kraj";3;0;0;0;NA;107018;3;2020-03-30;49
2020-03-29;"Žilinský kraj";0;0;0;0;NA;107018;0;2020-03-29;46
2020-03-28;"Žilinský kraj";1;0;0;0;NA;107018;1;2020-03-28;46
2020-03-27;"Žilinský kraj";9;0;0;0;NA;107018;9;2020-03-27;45
2020-03-26;"Žilinský kraj";4;0;0;0;NA;107018;4;2020-03-26;36
2020-03-25;"Žilinský kraj";1;0;0;0;NA;107018;1;2020-03-25;32
2020-03-24;"Žilinský kraj";2;0;0;0;NA;107018;2;2020-03-24;31
2020-03-23;"Žilinský kraj";3;0;0;0;NA;107018;3;2020-03-23;29
2020-03-22;"Žilinský kraj";1;0;0;0;NA;107018;1;2020-03-22;26
2020-03-21;"Žilinský kraj";2;0;0;0;NA;107018;2;2020-03-21;25
2020-03-20;"Žilinský kraj";4;0;0;0;NA;107018;4;2020-03-20;23
2020-03-19;"Žilinský kraj";2;0;0;0;NA;107018;2;2020-03-19;19
2020-03-18;"Žilinský kraj";1;0;0;0;NA;107018;1;2020-03-18;17
2020-03-17;"Žilinský kraj";5;0;0;0;NA;107018;5;2020-03-17;16
2020-03-16;"Žilinský kraj";1;0;0;0;NA;107018;1;2020-03-16;11
2020-03-15;"Žilinský kraj";2;0;0;0;NA;107018;2;2020-03-15;10
2020-03-14;"Žilinský kraj";1;0;0;0;NA;107018;1;2020-03-14;8
2020-03-13;"Žilinský kraj";5;0;0;0;NA;107018;5;2020-03-13;7
2020-03-12;"Žilinský kraj";1;0;0;0;NA;107018;1;2020-03-12;2
2020-03-11;"Žilinský kraj";0;0;0;0;NA;107018;0;2020-03-11;1
2020-03-09;"Žilinský kraj";1;0;0;0;NA;107018;1;2020-03-09;1
2020-03-08;"Žilinský kraj";0;0;0;0;NA;107018;0;2020-03-08;0
2020-03-07;"Žilinský kraj";0;0;0;0;NA;107018;0;2020-03-07;0
2020-03-06;"Žilinský kraj";0;0;0;0;NA;107018;0;2020-03-06;0
