"Datum";"Region";"PCR_Pos";"Ag_Neg";"Ag_Pos";"Total";"Pocet.potvrdenych";"Potvrdenych";"newcases";"date";"positive"
2021-04-27;"Banskobystrický kraj";57;12391;51;12442;37009;74746;108;2021-04-27;74746
2021-04-26;"Banskobystrický kraj";21;23085;74;23159;NA;74746;95;2021-04-26;74638
2021-04-25;"Banskobystrický kraj";14;32171;90;32261;NA;74746;104;2021-04-25;74543
2021-04-24;"Banskobystrický kraj";39;43531;79;43610;NA;74746;118;2021-04-24;74439
2021-04-23;"Banskobystrický kraj";60;31457;65;31522;NA;74746;125;2021-04-23;74321
2021-04-22;"Banskobystrický kraj";36;13080;40;13120;NA;74746;76;2021-04-22;74196
2021-04-21;"Banskobystrický kraj";58;15344;75;15419;NA;74746;133;2021-04-21;74120
2021-04-20;"Banskobystrický kraj";87;16278;70;16348;NA;74746;157;2021-04-20;73987
2021-04-19;"Banskobystrický kraj";18;25733;85;25818;NA;74746;103;2021-04-19;73830
2021-04-18;"Banskobystrický kraj";15;33790;67;33857;NA;74746;82;2021-04-18;73727
2021-04-17;"Banskobystrický kraj";40;54890;65;54955;NA;74746;105;2021-04-17;73645
2021-04-16;"Banskobystrický kraj";50;30340;76;30416;NA;74746;126;2021-04-16;73540
2021-04-15;"Banskobystrický kraj";43;15826;63;15889;NA;74746;106;2021-04-15;73414
2021-04-14;"Banskobystrický kraj";43;16897;60;16957;NA;74746;103;2021-04-14;73308
2021-04-13;"Banskobystrický kraj";90;18070;55;18125;NA;74746;145;2021-04-13;73205
2021-04-12;"Banskobystrický kraj";26;26924;97;27021;NA;74746;123;2021-04-12;73060
2021-04-11;"Banskobystrický kraj";0;33914;64;33978;NA;74746;64;2021-04-11;72937
2021-04-10;"Banskobystrický kraj";56;55303;103;55406;NA;74746;159;2021-04-10;72873
2021-04-09;"Banskobystrický kraj";64;24719;84;24803;NA;74746;148;2021-04-09;72714
2021-04-08;"Banskobystrický kraj";74;14631;74;14705;NA;74746;148;2021-04-08;72566
2021-04-07;"Banskobystrický kraj";143;20313;67;20380;NA;74746;210;2021-04-07;72418
2021-04-06;"Banskobystrický kraj";57;34233;134;34367;NA;74746;191;2021-04-06;72208
2021-04-05;"Banskobystrický kraj";13;9562;65;9627;NA;74746;78;2021-04-05;72017
2021-04-04;"Banskobystrický kraj";24;16485;50;16535;NA;74746;74;2021-04-04;71939
2021-04-03;"Banskobystrický kraj";5;59576;147;59723;NA;74746;152;2021-04-03;71865
2021-04-02;"Banskobystrický kraj";70;11314;48;11362;NA;74746;118;2021-04-02;71713
2021-04-01;"Banskobystrický kraj";104;30527;150;30677;NA;74746;254;2021-04-01;71595
2021-03-31;"Banskobystrický kraj";91;20769;100;20869;NA;74746;191;2021-03-31;71341
2021-03-30;"Banskobystrický kraj";127;17198;114;17312;NA;74746;241;2021-03-30;71150
2021-03-29;"Banskobystrický kraj";58;24040;156;24196;NA;74746;214;2021-03-29;70909
2021-03-28;"Banskobystrický kraj";24;33398;131;33529;NA;74746;155;2021-03-28;70695
2021-03-27;"Banskobystrický kraj";85;54461;190;54651;NA;74746;275;2021-03-27;70540
2021-03-26;"Banskobystrický kraj";79;34680;169;34849;NA;74746;248;2021-03-26;70265
2021-03-25;"Banskobystrický kraj";91;16847;163;17010;NA;74746;254;2021-03-25;70017
2021-03-24;"Banskobystrický kraj";146;15311;148;15459;NA;74746;294;2021-03-24;69763
2021-03-23;"Banskobystrický kraj";185;17287;207;17494;NA;74746;392;2021-03-23;69469
2021-03-22;"Banskobystrický kraj";46;24911;219;25130;NA;74746;265;2021-03-22;69077
2021-03-21;"Banskobystrický kraj";30;32828;232;33060;NA;74746;262;2021-03-21;68812
2021-03-20;"Banskobystrický kraj";113;57376;315;57691;NA;74746;428;2021-03-20;68550
2021-03-19;"Banskobystrický kraj";179;35078;219;35297;NA;74746;398;2021-03-19;68122
2021-03-18;"Banskobystrický kraj";111;17262;198;17460;NA;74746;309;2021-03-18;67724
2021-03-17;"Banskobystrický kraj";196;17673;178;17851;NA;74746;374;2021-03-17;67415
2021-03-16;"Banskobystrický kraj";243;19244;170;19414;NA;74746;413;2021-03-16;67041
2021-03-15;"Banskobystrický kraj";75;25366;293;25659;NA;74746;368;2021-03-15;66628
2021-03-14;"Banskobystrický kraj";39;33347;175;33522;NA;74746;214;2021-03-14;66260
2021-03-13;"Banskobystrický kraj";203;56950;334;57284;NA;74746;537;2021-03-13;66046
2021-03-12;"Banskobystrický kraj";147;32975;226;33201;NA;74746;373;2021-03-12;65509
2021-03-11;"Banskobystrický kraj";176;17030;214;17244;NA;74746;390;2021-03-11;65136
2021-03-10;"Banskobystrický kraj";181;16450;192;16642;NA;74746;373;2021-03-10;64746
2021-03-09;"Banskobystrický kraj";310;17403;228;17631;NA;74746;538;2021-03-09;64373
2021-03-08;"Banskobystrický kraj";151;25700;330;26030;NA;74746;481;2021-03-08;63835
2021-03-07;"Banskobystrický kraj";49;31833;227;32060;NA;74746;276;2021-03-07;63354
2021-03-06;"Banskobystrický kraj";164;59962;312;60274;NA;74746;476;2021-03-06;63078
2021-03-05;"Banskobystrický kraj";195;33380;297;33677;NA;74746;492;2021-03-05;62602
2021-03-04;"Banskobystrický kraj";178;17291;284;17575;NA;74746;462;2021-03-04;62110
2021-03-03;"Banskobystrický kraj";239;17830;278;18108;NA;74746;517;2021-03-03;61648
2021-03-02;"Banskobystrický kraj";254;18527;305;18832;NA;74746;559;2021-03-02;61131
2021-03-01;"Banskobystrický kraj";93;25751;369;26120;NA;74746;462;2021-03-01;60572
2021-02-28;"Banskobystrický kraj";43;32313;274;32587;NA;74746;317;2021-02-28;60110
2021-02-27;"Banskobystrický kraj";283;57228;449;57677;NA;74746;732;2021-02-27;59793
2021-02-26;"Banskobystrický kraj";274;32136;376;32512;NA;74746;650;2021-02-26;59061
2021-02-25;"Banskobystrický kraj";330;14334;310;14644;NA;74746;640;2021-02-25;58411
2021-02-24;"Banskobystrický kraj";264;14111;328;14439;NA;74746;592;2021-02-24;57771
2021-02-23;"Banskobystrický kraj";397;16398;371;16769;NA;74746;768;2021-02-23;57179
2021-02-22;"Banskobystrický kraj";53;24513;508;25021;NA;74746;561;2021-02-22;56411
2021-02-21;"Banskobystrický kraj";66;31744;370;32114;NA;74746;436;2021-02-21;55850
2021-02-20;"Banskobystrický kraj";277;58395;506;58901;NA;74746;783;2021-02-20;55414
2021-02-19;"Banskobystrický kraj";347;31975;442;32417;NA;74746;789;2021-02-19;54631
2021-02-18;"Banskobystrický kraj";200;15417;341;15758;NA;74746;541;2021-02-18;53842
2021-02-17;"Banskobystrický kraj";337;13666;326;13992;NA;74746;663;2021-02-17;53301
2021-02-16;"Banskobystrický kraj";324;17092;328;17420;NA;74746;652;2021-02-16;52638
2021-02-15;"Banskobystrický kraj";92;29906;511;30417;NA;74746;603;2021-02-15;51986
2021-02-14;"Banskobystrický kraj";60;27570;338;27908;NA;74746;398;2021-02-14;51383
2021-02-13;"Banskobystrický kraj";202;47488;441;47929;NA;74746;643;2021-02-13;50985
2021-02-12;"Banskobystrický kraj";275;31716;483;32199;NA;74746;758;2021-02-12;50342
2021-02-11;"Banskobystrický kraj";280;17726;351;18077;NA;74746;631;2021-02-11;49584
2021-02-10;"Banskobystrický kraj";290;12250;303;12553;NA;74746;593;2021-02-10;48953
2021-02-09;"Banskobystrický kraj";310;15461;328;15789;NA;74746;638;2021-02-09;48360
2021-02-08;"Banskobystrický kraj";92;39594;606;40200;NA;74746;698;2021-02-08;47722
2021-02-07;"Banskobystrický kraj";67;31688;304;31992;NA;74746;371;2021-02-07;47024
2021-02-06;"Banskobystrický kraj";173;61692;531;62223;NA;74746;704;2021-02-06;46653
2021-02-05;"Banskobystrický kraj";255;18768;326;19094;NA;74746;581;2021-02-05;45949
2021-02-04;"Banskobystrický kraj";219;11571;402;11973;NA;74746;621;2021-02-04;45368
2021-02-03;"Banskobystrický kraj";301;7290;227;7517;NA;74746;528;2021-02-03;44747
2021-02-02;"Banskobystrický kraj";252;10842;294;11136;NA;74746;546;2021-02-02;44219
2021-02-01;"Banskobystrický kraj";69;23376;474;23850;NA;74746;543;2021-02-01;43673
2021-01-31;"Banskobystrický kraj";33;19617;185;19802;NA;74746;218;2021-01-31;43130
2021-01-30;"Banskobystrický kraj";162;63465;504;63969;NA;74746;666;2021-01-30;42912
2021-01-29;"Banskobystrický kraj";174;14944;248;15192;NA;74746;422;2021-01-29;42246
2021-01-28;"Banskobystrický kraj";194;11947;330;12277;NA;74746;524;2021-01-28;41824
2021-01-27;"Banskobystrický kraj";185;6994;189;7183;NA;74746;374;2021-01-27;41300
2021-01-26;"Banskobystrický kraj";221;16199;272;16471;NA;74746;493;2021-01-26;40926
2021-01-25;"Banskobystrický kraj";67;27040;397;27437;NA;74746;464;2021-01-25;40433
2021-01-24;"Banskobystrický kraj";35;29192;254;29446;NA;74746;289;2021-01-24;39969
2021-01-23;"Banskobystrický kraj";133;73522;490;74012;NA;74746;623;2021-01-23;39680
2021-01-22;"Banskobystrický kraj";154;24525;346;24871;NA;74746;500;2021-01-22;39057
2021-01-21;"Banskobystrický kraj";171;14603;272;14875;NA;74746;443;2021-01-21;38557
2021-01-20;"Banskobystrický kraj";181;7598;172;7770;NA;74746;353;2021-01-20;38114
2021-01-19;"Banskobystrický kraj";177;8765;292;9057;NA;74746;469;2021-01-19;37761
2021-01-18;"Banskobystrický kraj";88;4829;333;5162;NA;74746;421;2021-01-18;37292
2021-01-17;"Banskobystrický kraj";101;8095;73;8168;NA;74746;174;2021-01-17;36871
2021-01-16;"Banskobystrický kraj";58;1859;49;1908;NA;74746;107;2021-01-16;36697
2021-01-15;"Banskobystrický kraj";163;6537;203;6740;NA;74746;366;2021-01-15;36590
2021-01-14;"Banskobystrický kraj";166;4941;303;5244;NA;74746;469;2021-01-14;36224
2021-01-13;"Banskobystrický kraj";215;4813;202;5015;NA;74746;417;2021-01-13;35755
2021-01-12;"Banskobystrický kraj";153;5578;273;5851;NA;74746;426;2021-01-12;35338
2021-01-11;"Banskobystrický kraj";70;7053;455;7508;NA;74746;525;2021-01-11;34912
2021-01-10;"Banskobystrický kraj";100;181;0;181;NA;74746;100;2021-01-10;34387
2021-01-09;"Banskobystrický kraj";292;2062;72;2134;NA;74746;364;2021-01-09;34287
2021-01-08;"Banskobystrický kraj";342;8202;394;8596;NA;74746;736;2021-01-08;33923
2021-01-07;"Banskobystrický kraj";126;5513;339;5852;NA;74746;465;2021-01-07;33187
2021-01-06;"Banskobystrický kraj";286;2361;151;2512;NA;74746;437;2021-01-06;32722
2021-01-05;"Banskobystrický kraj";321;6389;482;6871;NA;74746;803;2021-01-05;32285
2021-01-04;"Banskobystrický kraj";103;6051;639;6690;NA;74746;742;2021-01-04;31482
2021-01-03;"Banskobystrický kraj";193;269;11;280;NA;74746;204;2021-01-03;30740
2021-01-02;"Banskobystrický kraj";120;680;85;765;NA;74746;205;2021-01-02;30536
2021-01-01;"Banskobystrický kraj";219;1688;118;1806;NA;74746;337;2021-01-01;30331
2020-12-31;"Banskobystrický kraj";429;6167;574;6741;NA;74746;1003;2020-12-31;29994
2020-12-30;"Banskobystrický kraj";499;6025;459;6484;NA;74746;958;2020-12-30;28991
2020-12-29;"Banskobystrický kraj";192;6555;585;7140;NA;74746;777;2020-12-29;28033
2020-12-28;"Banskobystrický kraj";106;4749;584;5333;NA;74746;690;2020-12-28;27256
2020-12-27;"Banskobystrický kraj";113;527;24;551;NA;74746;137;2020-12-27;26566
2020-12-26;"Banskobystrický kraj";61;279;33;312;NA;74746;94;2020-12-26;26429
2020-12-25;"Banskobystrický kraj";64;292;9;301;NA;74746;73;2020-12-25;26335
2020-12-24;"Banskobystrický kraj";410;3364;117;3481;NA;74746;527;2020-12-24;26262
2020-12-23;"Banskobystrický kraj";289;8405;427;8832;NA;74746;716;2020-12-23;25735
2020-12-22;"Banskobystrický kraj";254;7005;538;7543;NA;74746;792;2020-12-22;25019
2020-12-21;"Banskobystrický kraj";215;3634;377;4011;NA;74746;592;2020-12-21;24227
2020-12-20;"Banskobystrický kraj";151;232;11;243;NA;74746;162;2020-12-20;23635
2020-12-19;"Banskobystrický kraj";168;2758;131;2889;NA;74746;299;2020-12-19;23473
2020-12-18;"Banskobystrický kraj";358;4549;268;4817;NA;74746;626;2020-12-18;23174
2020-12-17;"Banskobystrický kraj";325;7703;614;8317;NA;74746;939;2020-12-17;22548
2020-12-16;"Banskobystrický kraj";288;9217;522;9739;NA;74746;810;2020-12-16;21609
2020-12-15;"Banskobystrický kraj";226;4290;387;4677;NA;74746;613;2020-12-15;20799
2020-12-14;"Banskobystrický kraj";95;2809;208;3017;NA;74746;303;2020-12-14;20186
2020-12-13;"Banskobystrický kraj";118;131;0;131;NA;74746;118;2020-12-13;19883
2020-12-12;"Banskobystrický kraj";135;2303;127;2430;NA;74746;262;2020-12-12;19765
2020-12-11;"Banskobystrický kraj";407;4328;226;4554;NA;74746;633;2020-12-11;19503
2020-12-10;"Banskobystrický kraj";228;4491;325;4816;NA;74746;553;2020-12-10;18870
2020-12-09;"Banskobystrický kraj";258;3146;174;3320;NA;74746;432;2020-12-09;18317
2020-12-08;"Banskobystrický kraj";221;3251;242;3493;NA;74746;463;2020-12-08;17885
2020-12-07;"Banskobystrický kraj";117;2151;146;2297;NA;74746;263;2020-12-07;17422
2020-12-06;"Banskobystrický kraj";120;191;3;194;NA;74746;123;2020-12-06;17159
2020-12-05;"Banskobystrický kraj";103;1099;34;1133;NA;74746;137;2020-12-05;17036
2020-12-04;"Banskobystrický kraj";299;3486;148;3634;NA;74746;447;2020-12-04;16899
2020-12-03;"Banskobystrický kraj";204;2905;214;3119;NA;74746;418;2020-12-03;16452
2020-12-02;"Banskobystrický kraj";175;4065;173;4238;NA;74746;348;2020-12-02;16034
2020-12-01;"Banskobystrický kraj";151;1853;73;1926;NA;74746;224;2020-12-01;15686
2020-11-30;"Banskobystrický kraj";62;4454;256;4710;NA;74746;318;2020-11-30;15462
2020-11-29;"Banskobystrický kraj";18;194;7;201;NA;74746;25;2020-11-29;15144
2020-11-28;"Banskobystrický kraj";74;1272;53;1325;NA;74746;127;2020-11-28;15119
2020-11-27;"Banskobystrický kraj";190;2049;111;2160;NA;74746;301;2020-11-27;14992
2020-11-26;"Banskobystrický kraj";166;1979;88;2067;NA;74746;254;2020-11-26;14691
2020-11-25;"Banskobystrický kraj";101;1854;84;1938;NA;74746;185;2020-11-25;14437
2020-11-24;"Banskobystrický kraj";148;1765;62;1827;NA;74746;210;2020-11-24;14252
2020-11-23;"Banskobystrický kraj";64;10065;181;10246;NA;74746;245;2020-11-23;14042
2020-11-22;"Banskobystrický kraj";33;94;1;95;NA;74746;34;2020-11-22;13797
2020-11-21;"Banskobystrický kraj";51;885;14;899;NA;74746;65;2020-11-21;13763
2020-11-20;"Banskobystrický kraj";106;1913;104;2017;NA;74746;210;2020-11-20;13698
2020-11-19;"Banskobystrický kraj";150;1182;82;1264;NA;74746;232;2020-11-19;13488
2020-11-18;"Banskobystrický kraj";135;674;65;739;NA;74746;200;2020-11-18;13256
2020-11-17;"Banskobystrický kraj";50;568;34;602;NA;74746;84;2020-11-17;13056
2020-11-16;"Banskobystrický kraj";88;342;23;365;NA;74746;111;2020-11-16;12972
2020-11-15;"Banskobystrický kraj";52;292;4;296;NA;74746;56;2020-11-15;12861
2020-11-14;"Banskobystrický kraj";72;289;2;291;NA;74746;74;2020-11-14;12805
2020-11-13;"Banskobystrický kraj";142;457;11;468;NA;74746;153;2020-11-13;12731
2020-11-12;"Banskobystrický kraj";202;614;43;657;NA;74746;245;2020-11-12;12578
2020-11-11;"Banskobystrický kraj";193;410;9;419;NA;74746;202;2020-11-11;12333
2020-11-10;"Banskobystrický kraj";233;444;18;462;NA;74746;251;2020-11-10;12131
2020-11-09;"Banskobystrický kraj";67;2558;30;2588;NA;74746;97;2020-11-09;11880
2020-11-08;"Banskobystrický kraj";81;511;15;526;NA;74746;96;2020-11-08;11783
2020-11-07;"Banskobystrický kraj";158;8576;93;8669;NA;74746;251;2020-11-07;11687
2020-11-06;"Banskobystrický kraj";211;2184;16;2200;NA;74746;227;2020-11-06;11436
2020-11-05;"Banskobystrický kraj";229;272;31;303;NA;74746;260;2020-11-05;11209
2020-11-04;"Banskobystrický kraj";245;1355;11;1366;NA;74746;256;2020-11-04;10949
2020-11-03;"Banskobystrický kraj";220;757;4;761;NA;74746;224;2020-11-03;10693
2020-11-02;"Banskobystrický kraj";85;2245;65;2310;NA;74746;150;2020-11-02;10469
2020-11-01;"Banskobystrický kraj";99;2323;40;2363;NA;74746;139;2020-11-01;10319
2020-10-31;"Banskobystrický kraj";163;12358;112;12470;NA;74746;275;2020-10-31;10180
2020-10-30;"Banskobystrický kraj";221;2808;19;2827;NA;74746;240;2020-10-30;9905
2020-10-29;"Banskobystrický kraj";345;949;42;991;NA;74746;387;2020-10-29;9665
2020-10-28;"Banskobystrický kraj";248;277;28;305;NA;74746;276;2020-10-28;9278
2020-10-27;"Banskobystrický kraj";185;630;38;668;NA;74746;223;2020-10-27;9002
2020-10-26;"Banskobystrický kraj";35;215;28;243;NA;74746;63;2020-10-26;8779
2020-10-25;"Banskobystrický kraj";48;133;10;143;NA;74746;58;2020-10-25;8716
2020-10-24;"Banskobystrický kraj";218;106;9;115;NA;74746;227;2020-10-24;8658
2020-10-23;"Banskobystrický kraj";217;211;29;240;NA;74746;246;2020-10-23;8431
2020-10-22;"Banskobystrický kraj";175;237;24;261;NA;74746;199;2020-10-22;8185
2020-10-21;"Banskobystrický kraj";144;251;3;254;NA;74746;147;2020-10-21;7986
2020-10-20;"Banskobystrický kraj";166;47;3;50;NA;74746;169;2020-10-20;7839
2020-10-19;"Banskobystrický kraj";26;73;12;85;NA;74746;38;2020-10-19;7670
2020-10-18;"Banskobystrický kraj";48;0;0;0;NA;74746;48;2020-10-18;7632
2020-10-17;"Banskobystrický kraj";59;0;0;0;NA;74746;59;2020-10-17;7584
2020-10-16;"Banskobystrický kraj";183;37;3;40;NA;74746;186;2020-10-16;7525
2020-10-15;"Banskobystrický kraj";97;22;0;22;NA;74746;97;2020-10-15;7339
2020-10-14;"Banskobystrický kraj";115;27;1;28;NA;74746;116;2020-10-14;7242
2020-10-13;"Banskobystrický kraj";117;158;10;168;NA;74746;127;2020-10-13;7126
2020-10-12;"Banskobystrický kraj";10;110;4;114;NA;74746;14;2020-10-12;6999
2020-10-11;"Banskobystrický kraj";13;0;0;0;NA;74746;13;2020-10-11;6985
2020-10-10;"Banskobystrický kraj";46;0;0;0;NA;74746;46;2020-10-10;6972
2020-10-09;"Banskobystrický kraj";92;0;0;0;NA;74746;92;2020-10-09;6926
2020-10-08;"Banskobystrický kraj";84;0;0;0;NA;74746;84;2020-10-08;6834
2020-10-07;"Banskobystrický kraj";71;0;0;0;NA;74746;71;2020-10-07;6750
2020-10-06;"Banskobystrický kraj";58;0;0;0;NA;74746;58;2020-10-06;6679
2020-10-05;"Banskobystrický kraj";47;0;0;0;NA;74746;47;2020-10-05;6621
2020-10-04;"Banskobystrický kraj";8;0;0;0;NA;74746;8;2020-10-04;6574
2020-10-03;"Banskobystrický kraj";29;0;0;0;NA;74746;29;2020-10-03;6566
2020-10-02;"Banskobystrický kraj";55;0;0;0;NA;74746;55;2020-10-02;6537
2020-10-01;"Banskobystrický kraj";39;0;0;0;NA;74746;39;2020-10-01;6482
2020-09-30;"Banskobystrický kraj";47;0;0;0;NA;74746;47;2020-09-30;6443
2020-09-29;"Banskobystrický kraj";23;0;0;0;NA;74746;23;2020-09-29;6396
2020-09-28;"Banskobystrický kraj";0;0;0;0;NA;74746;0;2020-09-28;6373
2020-09-27;"Banskobystrický kraj";17;0;0;0;NA;74746;17;2020-09-27;6373
2020-09-26;"Banskobystrický kraj";24;0;0;0;NA;74746;24;2020-09-26;6356
2020-09-25;"Banskobystrický kraj";24;0;0;0;NA;74746;24;2020-09-25;6332
2020-09-24;"Banskobystrický kraj";23;0;0;0;NA;74746;23;2020-09-24;6308
2020-09-23;"Banskobystrický kraj";12;0;0;0;NA;74746;12;2020-09-23;6285
2020-09-22;"Banskobystrický kraj";21;0;0;0;NA;74746;21;2020-09-22;6273
2020-09-21;"Banskobystrický kraj";3;0;0;0;NA;74746;3;2020-09-21;6252
2020-09-20;"Banskobystrický kraj";0;0;0;0;NA;74746;0;2020-09-20;6249
2020-09-19;"Banskobystrický kraj";3;0;0;0;NA;74746;3;2020-09-19;6249
2020-09-18;"Banskobystrický kraj";15;0;0;0;NA;74746;15;2020-09-18;6246
2020-09-17;"Banskobystrický kraj";12;0;0;0;NA;74746;12;2020-09-17;6231
2020-09-16;"Banskobystrický kraj";5;0;0;0;NA;74746;5;2020-09-16;6219
2020-09-15;"Banskobystrický kraj";2;0;0;0;NA;74746;2;2020-09-15;6214
2020-09-14;"Banskobystrický kraj";8;0;0;0;NA;74746;8;2020-09-14;6212
2020-09-13;"Banskobystrický kraj";1;0;0;0;NA;74746;1;2020-09-13;6204
2020-09-12;"Banskobystrický kraj";4;0;0;0;NA;74746;4;2020-09-12;6203
2020-09-11;"Banskobystrický kraj";8;0;0;0;NA;74746;8;2020-09-11;6199
2020-09-10;"Banskobystrický kraj";8;0;0;0;NA;74746;8;2020-09-10;6191
2020-09-09;"Banskobystrický kraj";1;0;0;0;NA;74746;1;2020-09-09;6183
2020-09-08;"Banskobystrický kraj";4;0;0;0;NA;74746;4;2020-09-08;6182
2020-09-07;"Banskobystrický kraj";2;0;0;0;NA;74746;2;2020-09-07;6178
2020-09-06;"Banskobystrický kraj";0;0;0;0;NA;74746;0;2020-09-06;6176
2020-09-05;"Banskobystrický kraj";0;0;0;0;NA;74746;0;2020-09-05;6176
2020-09-04;"Banskobystrický kraj";4;0;0;0;NA;74746;4;2020-09-04;6176
2020-09-03;"Banskobystrický kraj";5;0;0;0;NA;74746;5;2020-09-03;6172
2020-09-02;"Banskobystrický kraj";6;0;0;0;NA;74746;6;2020-09-02;6167
2020-09-01;"Banskobystrický kraj";2;0;0;0;NA;74746;2;2020-09-01;6161
2020-08-31;"Banskobystrický kraj";5;0;0;0;NA;74746;5;2020-08-31;6159
2020-08-30;"Banskobystrický kraj";0;0;0;0;NA;74746;0;2020-08-30;6154
2020-08-29;"Banskobystrický kraj";1;0;0;0;NA;74746;1;2020-08-29;6154
2020-08-28;"Banskobystrický kraj";2;0;0;0;NA;74746;2;2020-08-28;6153
2020-08-27;"Banskobystrický kraj";1;0;0;0;NA;74746;1;2020-08-27;6151
2020-08-26;"Banskobystrický kraj";2;0;0;0;NA;74746;2;2020-08-26;6150
2020-08-25;"Banskobystrický kraj";2;0;0;0;NA;74746;2;2020-08-25;6148
2020-08-24;"Banskobystrický kraj";0;0;0;0;NA;74746;0;2020-08-24;6146
2020-08-23;"Banskobystrický kraj";0;0;0;0;NA;74746;0;2020-08-23;6146
2020-08-22;"Banskobystrický kraj";0;0;0;0;NA;74746;0;2020-08-22;6146
2020-08-21;"Banskobystrický kraj";4;0;0;0;NA;74746;4;2020-08-21;6146
2020-08-20;"Banskobystrický kraj";1;0;0;0;NA;74746;1;2020-08-20;6142
2020-08-19;"Banskobystrický kraj";3;0;0;0;NA;74746;3;2020-08-19;6141
2020-08-18;"Banskobystrický kraj";0;0;0;0;NA;74746;0;2020-08-18;6138
2020-08-17;"Banskobystrický kraj";1;0;0;0;NA;74746;1;2020-08-17;6138
2020-08-16;"Banskobystrický kraj";0;0;0;0;NA;74746;0;2020-08-16;6137
2020-08-15;"Banskobystrický kraj";0;0;0;0;NA;74746;0;2020-08-15;6137
2020-08-14;"Banskobystrický kraj";5;0;0;0;NA;74746;5;2020-08-14;6137
2020-08-13;"Banskobystrický kraj";0;0;0;0;NA;74746;0;2020-08-13;6132
2020-08-12;"Banskobystrický kraj";0;0;0;0;NA;74746;0;2020-08-12;6132
2020-08-11;"Banskobystrický kraj";2;0;0;0;NA;74746;2;2020-08-11;6132
2020-08-10;"Banskobystrický kraj";3;0;0;0;NA;74746;3;2020-08-10;6130
2020-08-09;"Banskobystrický kraj";0;0;0;0;NA;74746;0;2020-08-09;6127
2020-08-08;"Banskobystrický kraj";1;0;0;0;NA;74746;1;2020-08-08;6127
2020-08-07;"Banskobystrický kraj";1;0;0;0;NA;74746;1;2020-08-07;6126
2020-08-06;"Banskobystrický kraj";1;0;0;0;NA;74746;1;2020-08-06;6125
2020-08-05;"Banskobystrický kraj";0;0;0;0;NA;74746;0;2020-08-05;6124
2020-08-04;"Banskobystrický kraj";3;0;0;0;NA;74746;3;2020-08-04;6124
2020-08-03;"Banskobystrický kraj";0;0;0;0;NA;74746;0;2020-08-03;6121
2020-08-02;"Banskobystrický kraj";0;0;0;0;NA;74746;0;2020-08-02;6121
2020-08-01;"Banskobystrický kraj";1;0;0;0;NA;74746;1;2020-08-01;6121
2020-07-31;"Banskobystrický kraj";2;0;0;0;NA;74746;2;2020-07-31;6120
2020-07-30;"Banskobystrický kraj";1;0;0;0;NA;74746;1;2020-07-30;6118
2020-07-29;"Banskobystrický kraj";0;0;0;0;NA;74746;0;2020-07-29;6117
2020-07-28;"Banskobystrický kraj";0;0;0;0;NA;74746;0;2020-07-28;6117
2020-07-27;"Banskobystrický kraj";3;0;0;0;NA;74746;3;2020-07-27;6117
2020-07-26;"Banskobystrický kraj";0;0;0;0;NA;74746;0;2020-07-26;6114
2020-07-25;"Banskobystrický kraj";0;0;0;0;NA;74746;0;2020-07-25;6114
2020-07-24;"Banskobystrický kraj";9;0;0;0;NA;74746;9;2020-07-24;6114
2020-07-23;"Banskobystrický kraj";0;0;0;0;NA;74746;0;2020-07-23;6105
2020-07-22;"Banskobystrický kraj";3;0;0;0;NA;74746;3;2020-07-22;6105
2020-07-21;"Banskobystrický kraj";3;0;0;0;NA;74746;3;2020-07-21;6102
2020-07-20;"Banskobystrický kraj";1;0;0;0;NA;74746;1;2020-07-20;6099
2020-07-19;"Banskobystrický kraj";1;0;0;0;NA;74746;1;2020-07-19;6098
2020-07-18;"Banskobystrický kraj";0;0;0;0;NA;74746;0;2020-07-18;6097
2020-07-17;"Banskobystrický kraj";2;0;0;0;NA;74746;2;2020-07-17;6097
2020-07-16;"Banskobystrický kraj";1;0;0;0;NA;74746;1;2020-07-16;6095
2020-07-15;"Banskobystrický kraj";2;0;0;0;NA;74746;2;2020-07-15;6094
2020-07-14;"Banskobystrický kraj";2;0;0;0;NA;74746;2;2020-07-14;6092
2020-07-13;"Banskobystrický kraj";1;0;0;0;NA;74746;1;2020-07-13;6090
2020-07-12;"Banskobystrický kraj";0;0;0;0;NA;74746;0;2020-07-12;6089
2020-07-11;"Banskobystrický kraj";0;0;0;0;NA;74746;0;2020-07-11;6089
2020-07-10;"Banskobystrický kraj";3;0;0;0;NA;74746;3;2020-07-10;6089
2020-07-09;"Banskobystrický kraj";9;0;0;0;NA;74746;9;2020-07-09;6086
2020-07-08;"Banskobystrický kraj";0;0;0;0;NA;74746;0;2020-07-08;6077
2020-07-07;"Banskobystrický kraj";3;0;0;0;NA;74746;3;2020-07-07;6077
2020-07-06;"Banskobystrický kraj";0;0;0;0;NA;74746;0;2020-07-06;6074
2020-07-05;"Banskobystrický kraj";0;0;0;0;NA;74746;0;2020-07-05;6074
2020-07-04;"Banskobystrický kraj";1;0;0;0;NA;74746;1;2020-07-04;6074
2020-07-03;"Banskobystrický kraj";4;0;0;0;NA;74746;4;2020-07-03;6073
2020-07-02;"Banskobystrický kraj";0;0;0;0;NA;74746;0;2020-07-02;6069
2020-07-01;"Banskobystrický kraj";1;0;0;0;NA;74746;1;2020-07-01;6069
2020-06-30;"Banskobystrický kraj";0;0;0;0;NA;74746;0;2020-06-30;6068
2020-06-29;"Banskobystrický kraj";0;0;0;0;NA;74746;0;2020-06-29;6068
2020-06-28;"Banskobystrický kraj";0;0;0;0;NA;74746;0;2020-06-28;6068
2020-06-27;"Banskobystrický kraj";0;0;0;0;NA;74746;0;2020-06-27;6068
2020-06-26;"Banskobystrický kraj";0;0;0;0;NA;74746;0;2020-06-26;6068
2020-06-25;"Banskobystrický kraj";1;0;0;0;NA;74746;1;2020-06-25;6068
2020-06-24;"Banskobystrický kraj";0;0;0;0;NA;74746;0;2020-06-24;6067
2020-06-23;"Banskobystrický kraj";6;0;0;0;NA;74746;6;2020-06-23;6067
2020-06-22;"Banskobystrický kraj";0;0;0;0;NA;74746;0;2020-06-22;6061
2020-06-21;"Banskobystrický kraj";0;0;0;0;NA;74746;0;2020-06-21;6061
2020-06-20;"Banskobystrický kraj";0;0;0;0;NA;74746;0;2020-06-20;6061
2020-06-19;"Banskobystrický kraj";2;0;0;0;NA;74746;2;2020-06-19;6061
2020-06-18;"Banskobystrický kraj";10;0;0;0;NA;74746;10;2020-06-18;6059
2020-06-17;"Banskobystrický kraj";1;0;0;0;NA;74746;1;2020-06-17;6049
2020-06-16;"Banskobystrický kraj";0;0;0;0;NA;74746;0;2020-06-16;6048
2020-06-14;"Banskobystrický kraj";2;0;0;0;NA;74746;2;2020-06-14;6048
2020-06-13;"Banskobystrický kraj";2;0;0;0;NA;74746;2;2020-06-13;6046
2020-06-12;"Banskobystrický kraj";0;0;0;0;NA;74746;0;2020-06-12;6044
2020-06-11;"Banskobystrický kraj";1;0;0;0;NA;74746;1;2020-06-11;6044
2020-06-10;"Banskobystrický kraj";0;0;0;0;NA;74746;0;2020-06-10;6043
2020-06-09;"Banskobystrický kraj";0;0;0;0;NA;74746;0;2020-06-09;6043
2020-06-08;"Banskobystrický kraj";0;0;0;0;NA;74746;0;2020-06-08;6043
2020-06-07;"Banskobystrický kraj";0;0;0;0;NA;74746;0;2020-06-07;6043
2020-06-05;"Banskobystrický kraj";2;0;0;0;NA;74746;2;2020-06-05;6043
2020-06-03;"Banskobystrický kraj";0;0;0;0;NA;74746;0;2020-06-03;6041
2020-06-02;"Banskobystrický kraj";0;0;0;0;NA;74746;0;2020-06-02;6041
2020-05-31;"Banskobystrický kraj";0;0;0;0;NA;74746;0;2020-05-31;6041
2020-05-29;"Banskobystrický kraj";0;0;0;0;NA;74746;0;2020-05-29;6041
2020-05-27;"Banskobystrický kraj";0;0;0;0;NA;74746;0;2020-05-27;6041
2020-05-26;"Banskobystrický kraj";0;0;0;0;NA;74746;0;2020-05-26;6041
2020-05-25;"Banskobystrický kraj";0;0;0;0;NA;74746;0;2020-05-25;6041
2020-05-24;"Banskobystrický kraj";0;0;0;0;NA;74746;0;2020-05-24;6041
2020-05-23;"Banskobystrický kraj";1;0;0;0;NA;74746;1;2020-05-23;6041
2020-05-22;"Banskobystrický kraj";0;0;0;0;NA;74746;0;2020-05-22;6040
2020-05-21;"Banskobystrický kraj";0;0;0;0;NA;74746;0;2020-05-21;6040
2020-05-20;"Banskobystrický kraj";1;0;0;0;NA;74746;1;2020-05-20;6040
2020-05-19;"Banskobystrický kraj";0;0;0;0;NA;74746;0;2020-05-19;6039
2020-05-17;"Banskobystrický kraj";0;0;0;0;NA;74746;0;2020-05-17;6039
2020-05-16;"Banskobystrický kraj";0;0;0;0;NA;74746;0;2020-05-16;6039
2020-05-15;"Banskobystrický kraj";0;0;0;0;NA;74746;0;2020-05-15;6039
2020-05-14;"Banskobystrický kraj";0;0;0;0;NA;74746;0;2020-05-14;6039
2020-05-13;"Banskobystrický kraj";0;0;0;0;NA;74746;0;2020-05-13;6039
2020-05-12;"Banskobystrický kraj";1;0;0;0;NA;74746;1;2020-05-12;6039
2020-05-11;"Banskobystrický kraj";0;0;0;0;NA;74746;0;2020-05-11;6038
2020-05-09;"Banskobystrický kraj";0;0;0;0;NA;74746;0;2020-05-09;6038
2020-05-07;"Banskobystrický kraj";2;0;0;0;NA;74746;2;2020-05-07;6038
2020-05-06;"Banskobystrický kraj";1;0;0;0;NA;74746;1;2020-05-06;6036
2020-05-05;"Banskobystrický kraj";2;0;0;0;NA;74746;2;2020-05-05;6035
2020-05-04;"Banskobystrický kraj";0;0;0;0;NA;74746;0;2020-05-04;6033
2020-05-03;"Banskobystrický kraj";0;0;0;0;NA;74746;0;2020-05-03;6033
2020-05-02;"Banskobystrický kraj";0;0;0;0;NA;74746;0;2020-05-02;6033
2020-05-01;"Banskobystrický kraj";0;0;0;0;NA;74746;0;2020-05-01;6033
2020-04-30;"Banskobystrický kraj";1;0;0;0;NA;74746;1;2020-04-30;6033
2020-04-29;"Banskobystrický kraj";1;0;0;0;NA;74746;1;2020-04-29;6032
2020-04-28;"Banskobystrický kraj";0;0;0;0;NA;74746;0;2020-04-28;6031
2020-04-27;"Banskobystrický kraj";0;0;0;0;NA;74746;0;2020-04-27;6031
2020-04-26;"Banskobystrický kraj";0;0;0;0;NA;74746;0;2020-04-26;6031
2020-04-25;"Banskobystrický kraj";0;0;0;0;NA;74746;0;2020-04-25;6031
2020-04-24;"Banskobystrický kraj";3;0;0;0;NA;74746;3;2020-04-24;6031
2020-04-23;"Banskobystrický kraj";0;0;0;0;NA;74746;0;2020-04-23;6028
2020-04-22;"Banskobystrický kraj";2;0;0;0;NA;74746;2;2020-04-22;6028
2020-04-21;"Banskobystrický kraj";2;0;0;0;NA;74746;2;2020-04-21;6026
2020-04-20;"Banskobystrický kraj";0;0;0;0;NA;74746;0;2020-04-20;6024
2020-04-19;"Banskobystrický kraj";0;0;0;0;NA;74746;0;2020-04-19;6024
2020-04-18;"Banskobystrický kraj";8;0;0;0;NA;74746;8;2020-04-18;6024
2020-04-17;"Banskobystrický kraj";2;0;0;0;NA;74746;2;2020-04-17;6016
2020-04-16;"Banskobystrický kraj";0;0;0;0;NA;74746;0;2020-04-16;6014
2020-04-15;"Banskobystrický kraj";10;0;0;0;NA;74746;10;2020-04-15;6014
2020-04-14;"Banskobystrický kraj";0;0;0;0;NA;74746;0;2020-04-14;6004
2020-04-13;"Banskobystrický kraj";2;0;0;0;NA;74746;2;2020-04-13;6004
2020-04-12;"Banskobystrický kraj";4;0;0;0;NA;74746;4;2020-04-12;6002
2020-04-11;"Banskobystrický kraj";1;0;0;0;NA;74746;1;2020-04-11;5998
2020-04-10;"Banskobystrický kraj";0;0;0;0;NA;74746;0;2020-04-10;5997
2020-04-09;"Banskobystrický kraj";1;0;0;0;NA;74746;1;2020-04-09;5997
2020-04-08;"Banskobystrický kraj";0;0;0;0;NA;74746;0;2020-04-08;5996
2020-04-07;"Banskobystrický kraj";2;0;0;0;NA;74746;2;2020-04-07;5996
2020-04-06;"Banskobystrický kraj";10;0;0;0;NA;74746;10;2020-04-06;5994
2020-04-05;"Banskobystrický kraj";9;0;0;0;NA;74746;9;2020-04-05;5984
2020-04-04;"Banskobystrický kraj";0;0;0;0;NA;74746;0;2020-04-04;5975
2020-04-03;"Banskobystrický kraj";2;0;0;0;NA;74746;2;2020-04-03;5975
2020-04-02;"Banskobystrický kraj";2;0;0;0;NA;74746;2;2020-04-02;5973
2020-04-01;"Banskobystrický kraj";5;0;0;0;NA;74746;5;2020-04-01;5971
2020-03-31;"Banskobystrický kraj";3;0;0;0;NA;74746;3;2020-03-31;5966
2020-03-30;"Banskobystrický kraj";1;0;0;0;NA;74746;1;2020-03-30;5963
2020-03-29;"Banskobystrický kraj";2;0;0;0;NA;74746;2;2020-03-29;5962
2020-03-28;"Banskobystrický kraj";1;0;0;0;NA;74746;1;2020-03-28;5960
2020-03-27;"Banskobystrický kraj";1;0;0;0;NA;74746;1;2020-03-27;5959
2020-03-26;"Banskobystrický kraj";1;0;0;0;NA;74746;1;2020-03-26;5958
2020-03-25;"Banskobystrický kraj";0;0;0;0;NA;74746;0;2020-03-25;5957
2020-03-24;"Banskobystrický kraj";0;0;0;0;NA;74746;0;2020-03-24;5957
2020-03-23;"Banskobystrický kraj";1;0;0;0;NA;74746;1;2020-03-23;5957
2020-03-22;"Banskobystrický kraj";0;0;0;0;NA;74746;0;2020-03-22;5956
2020-03-21;"Banskobystrický kraj";1;0;0;0;NA;74746;1;2020-03-21;5956
2020-03-20;"Banskobystrický kraj";0;0;0;0;NA;74746;0;2020-03-20;5955
2020-03-19;"Banskobystrický kraj";2;0;0;0;NA;74746;2;2020-03-19;5955
2020-03-18;"Banskobystrický kraj";1;0;0;0;NA;74746;1;2020-03-18;5953
2020-03-17;"Banskobystrický kraj";1;0;0;0;NA;74746;1;2020-03-17;5952
2020-03-16;"Banskobystrický kraj";0;0;0;0;NA;74746;0;2020-03-16;5951
2020-03-15;"Banskobystrický kraj";1;0;0;0;NA;74746;1;2020-03-15;5951
2020-03-14;"Banskobystrický kraj";0;0;0;0;NA;74746;0;2020-03-14;5950
2020-03-13;"Banskobystrický kraj";1;0;0;0;NA;74746;1;2020-03-13;5950
2020-03-12;"Banskobystrický kraj";0;0;0;0;NA;74746;0;2020-03-12;5949
2020-03-11;"Banskobystrický kraj";0;0;0;0;NA;74746;0;2020-03-11;5949
2020-03-09;"Banskobystrický kraj";0;0;0;0;NA;74746;0;2020-03-09;5949
2020-03-08;"Banskobystrický kraj";0;0;0;0;NA;74746;0;2020-03-08;5949
2020-03-07;"Banskobystrický kraj";0;0;0;0;NA;74746;0;2020-03-07;5949
2020-03-06;"Banskobystrický kraj";0;0;0;0;NA;74746;0;2020-03-06;5949
2021-04-27;"Bratislavský kraj";41;19258;30;19288;43550;88546;71;2021-04-27;88546
2021-04-26;"Bratislavský kraj";59;31701;90;31791;NA;88546;149;2021-04-26;88475
2021-04-25;"Bratislavský kraj";8;45408;61;45469;NA;88546;69;2021-04-25;88326
2021-04-24;"Bratislavský kraj";28;64463;59;64522;NA;88546;87;2021-04-24;88257
2021-04-23;"Bratislavský kraj";70;47186;64;47250;NA;88546;134;2021-04-23;88170
2021-04-22;"Bratislavský kraj";39;28951;66;29017;NA;88546;105;2021-04-22;88036
2021-04-21;"Bratislavský kraj";48;29717;62;29779;NA;88546;110;2021-04-21;87931
2021-04-20;"Bratislavský kraj";58;34555;62;34617;NA;88546;120;2021-04-20;87821
2021-04-19;"Bratislavský kraj";48;39177;80;39257;NA;88546;128;2021-04-19;87701
2021-04-18;"Bratislavský kraj";35;61935;76;62011;NA;88546;111;2021-04-18;87573
2021-04-17;"Bratislavský kraj";13;78591;111;78702;NA;88546;124;2021-04-17;87462
2021-04-16;"Bratislavský kraj";62;46543;80;46623;NA;88546;142;2021-04-16;87338
2021-04-15;"Bratislavský kraj";34;31599;74;31673;NA;88546;108;2021-04-15;87196
2021-04-14;"Bratislavský kraj";65;33094;88;33182;NA;88546;153;2021-04-14;87088
2021-04-13;"Bratislavský kraj";82;34999;82;35081;NA;88546;164;2021-04-13;86935
2021-04-12;"Bratislavský kraj";77;43408;115;43523;NA;88546;192;2021-04-12;86771
2021-04-11;"Bratislavský kraj";42;59463;123;59586;NA;88546;165;2021-04-11;86579
2021-04-10;"Bratislavský kraj";14;76300;167;76467;NA;88546;181;2021-04-10;86414
2021-04-09;"Bratislavský kraj";72;41759;97;41856;NA;88546;169;2021-04-09;86233
2021-04-08;"Bratislavský kraj";71;29886;94;29980;NA;88546;165;2021-04-08;86064
2021-04-07;"Bratislavský kraj";96;37439;102;37541;NA;88546;198;2021-04-07;85899
2021-04-06;"Bratislavský kraj";94;54956;177;55133;NA;88546;271;2021-04-06;85701
2021-04-05;"Bratislavský kraj";85;18532;87;18619;NA;88546;172;2021-04-05;85430
2021-04-04;"Bratislavský kraj";37;27478;73;27551;NA;88546;110;2021-04-04;85258
2021-04-03;"Bratislavský kraj";52;79544;231;79775;NA;88546;283;2021-04-03;85148
2021-04-02;"Bratislavský kraj";33;23954;104;24058;NA;88546;137;2021-04-02;84865
2021-04-01;"Bratislavský kraj";119;56830;159;56989;NA;88546;278;2021-04-01;84728
2021-03-31;"Bratislavský kraj";105;44966;149;45115;NA;88546;254;2021-03-31;84450
2021-03-30;"Bratislavský kraj";100;38586;142;38728;NA;88546;242;2021-03-30;84196
2021-03-29;"Bratislavský kraj";153;39951;176;40127;NA;88546;329;2021-03-29;83954
2021-03-28;"Bratislavský kraj";59;53341;137;53478;NA;88546;196;2021-03-28;83625
2021-03-27;"Bratislavský kraj";53;78388;238;78626;NA;88546;291;2021-03-27;83429
2021-03-26;"Bratislavský kraj";114;55460;190;55650;NA;88546;304;2021-03-26;83138
2021-03-25;"Bratislavský kraj";76;36175;170;36345;NA;88546;246;2021-03-25;82834
2021-03-24;"Bratislavský kraj";120;30072;200;30272;NA;88546;320;2021-03-24;82588
2021-03-23;"Bratislavský kraj";138;36071;189;36260;NA;88546;327;2021-03-23;82268
2021-03-22;"Bratislavský kraj";110;42188;218;42406;NA;88546;328;2021-03-22;81941
2021-03-21;"Bratislavský kraj";54;61297;212;61509;NA;88546;266;2021-03-21;81613
2021-03-20;"Bratislavský kraj";59;71927;227;72154;NA;88546;286;2021-03-20;81347
2021-03-19;"Bratislavský kraj";139;54135;256;54391;NA;88546;395;2021-03-19;81061
2021-03-18;"Bratislavský kraj";142;34249;197;34446;NA;88546;339;2021-03-18;80666
2021-03-17;"Bratislavský kraj";177;30071;215;30286;NA;88546;392;2021-03-17;80327
2021-03-16;"Bratislavský kraj";258;36306;282;36588;NA;88546;540;2021-03-16;79935
2021-03-15;"Bratislavský kraj";180;37436;251;37687;NA;88546;431;2021-03-15;79395
2021-03-14;"Bratislavský kraj";75;51470;270;51740;NA;88546;345;2021-03-14;78964
2021-03-13;"Bratislavský kraj";110;79609;329;79938;NA;88546;439;2021-03-13;78619
2021-03-12;"Bratislavský kraj";152;54519;301;54820;NA;88546;453;2021-03-12;78180
2021-03-11;"Bratislavský kraj";178;34637;282;34919;NA;88546;460;2021-03-11;77727
2021-03-10;"Bratislavský kraj";164;30815;273;31088;NA;88546;437;2021-03-10;77267
2021-03-09;"Bratislavský kraj";242;37590;267;37857;NA;88546;509;2021-03-09;76830
2021-03-08;"Bratislavský kraj";255;40686;343;41029;NA;88546;598;2021-03-08;76321
2021-03-07;"Bratislavský kraj";142;51537;290;51827;NA;88546;432;2021-03-07;75723
2021-03-06;"Bratislavský kraj";79;71706;413;72119;NA;88546;492;2021-03-06;75291
2021-03-05;"Bratislavský kraj";238;50431;292;50723;NA;88546;530;2021-03-05;74799
2021-03-04;"Bratislavský kraj";204;34642;344;34986;NA;88546;548;2021-03-04;74269
2021-03-03;"Bratislavský kraj";250;30406;364;30770;NA;88546;614;2021-03-03;73721
2021-03-02;"Bratislavský kraj";267;39691;388;40079;NA;88546;655;2021-03-02;73107
2021-03-01;"Bratislavský kraj";320;37978;434;38412;NA;88546;754;2021-03-01;72452
2021-02-28;"Bratislavský kraj";184;49969;323;50292;NA;88546;507;2021-02-28;71698
2021-02-27;"Bratislavský kraj";151;77135;467;77602;NA;88546;618;2021-02-27;71191
2021-02-26;"Bratislavský kraj";277;47198;400;47598;NA;88546;677;2021-02-26;70573
2021-02-25;"Bratislavský kraj";277;28425;405;28830;NA;88546;682;2021-02-25;69896
2021-02-24;"Bratislavský kraj";217;27164;418;27582;NA;88546;635;2021-02-24;69214
2021-02-23;"Bratislavský kraj";257;30781;395;31176;NA;88546;652;2021-02-23;68579
2021-02-22;"Bratislavský kraj";353;36250;480;36730;NA;88546;833;2021-02-22;67927
2021-02-21;"Bratislavský kraj";185;50102;379;50481;NA;88546;564;2021-02-21;67094
2021-02-20;"Bratislavský kraj";167;74860;552;75412;NA;88546;719;2021-02-20;66530
2021-02-19;"Bratislavský kraj";280;44679;415;45094;NA;88546;695;2021-02-19;65811
2021-02-18;"Bratislavský kraj";263;26494;373;26867;NA;88546;636;2021-02-18;65116
2021-02-17;"Bratislavský kraj";264;22231;316;22547;NA;88546;580;2021-02-17;64480
2021-02-16;"Bratislavský kraj";289;27744;354;28098;NA;88546;643;2021-02-16;63900
2021-02-15;"Bratislavský kraj";248;36734;396;37130;NA;88546;644;2021-02-15;63257
2021-02-14;"Bratislavský kraj";153;43274;308;43582;NA;88546;461;2021-02-14;62613
2021-02-13;"Bratislavský kraj";173;68529;515;69044;NA;88546;688;2021-02-13;62152
2021-02-12;"Bratislavský kraj";282;35610;327;35937;NA;88546;609;2021-02-12;61464
2021-02-11;"Bratislavský kraj";337;24183;290;24473;NA;88546;627;2021-02-11;60855
2021-02-10;"Bratislavský kraj";314;22817;359;23176;NA;88546;673;2021-02-10;60228
2021-02-09;"Bratislavský kraj";287;36195;454;36649;NA;88546;741;2021-02-09;59555
2021-02-08;"Bratislavský kraj";484;32153;402;32555;NA;88546;886;2021-02-08;58814
2021-02-07;"Bratislavský kraj";243;46239;398;46637;NA;88546;641;2021-02-07;57928
2021-02-06;"Bratislavský kraj";116;62560;508;63068;NA;88546;624;2021-02-06;57287
2021-02-05;"Bratislavský kraj";327;27071;375;27446;NA;88546;702;2021-02-05;56663
2021-02-04;"Bratislavský kraj";555;16434;348;16782;NA;88546;903;2021-02-04;55961
2021-02-03;"Bratislavský kraj";161;12853;351;13204;NA;88546;512;2021-02-03;55058
2021-02-02;"Bratislavský kraj";397;25782;497;26279;NA;88546;894;2021-02-02;54546
2021-02-01;"Bratislavský kraj";221;35187;513;35700;NA;88546;734;2021-02-01;53652
2021-01-31;"Bratislavský kraj";180;35623;425;36048;NA;88546;605;2021-01-31;52918
2021-01-30;"Bratislavský kraj";310;49564;521;50085;NA;88546;831;2021-01-30;52313
2021-01-29;"Bratislavský kraj";344;16200;341;16541;NA;88546;685;2021-01-29;51482
2021-01-28;"Bratislavský kraj";307;10679;297;10976;NA;88546;604;2021-01-28;50797
2021-01-27;"Bratislavský kraj";336;22093;345;22438;NA;88546;681;2021-01-27;50193
2021-01-26;"Bratislavský kraj";297;22078;308;22386;NA;88546;605;2021-01-26;49512
2021-01-25;"Bratislavský kraj";356;22405;248;22653;NA;88546;604;2021-01-25;48907
2021-01-24;"Bratislavský kraj";175;37754;391;38145;NA;88546;566;2021-01-24;48303
2021-01-23;"Bratislavský kraj";396;79317;703;80020;NA;88546;1099;2021-01-23;47737
2021-01-22;"Bratislavský kraj";199;41866;365;42231;NA;88546;564;2021-01-22;46638
2021-01-21;"Bratislavský kraj";255;105639;1317;106956;NA;88546;1572;2021-01-21;46074
2021-01-20;"Bratislavský kraj";360;26667;450;27117;NA;88546;810;2021-01-20;44502
2021-01-19;"Bratislavský kraj";375;14163;346;14509;NA;88546;721;2021-01-19;43692
2021-01-18;"Bratislavský kraj";357;11977;707;12684;NA;88546;1064;2021-01-18;42971
2021-01-17;"Bratislavský kraj";244;426;26;452;NA;88546;270;2021-01-17;41907
2021-01-16;"Bratislavský kraj";70;2908;156;3064;NA;88546;226;2021-01-16;41637
2021-01-15;"Bratislavský kraj";251;7744;256;8000;NA;88546;507;2021-01-15;41411
2021-01-14;"Bratislavský kraj";363;8316;273;8589;NA;88546;636;2021-01-14;40904
2021-01-13;"Bratislavský kraj";336;8040;329;8369;NA;88546;665;2021-01-13;40268
2021-01-12;"Bratislavský kraj";450;9568;464;10032;NA;88546;914;2021-01-12;39603
2021-01-11;"Bratislavský kraj";397;19291;380;19671;NA;88546;777;2021-01-11;38689
2021-01-10;"Bratislavský kraj";252;1350;79;1429;NA;88546;331;2021-01-10;37912
2021-01-09;"Bratislavský kraj";351;4946;291;5237;NA;88546;642;2021-01-09;37581
2021-01-08;"Bratislavský kraj";556;9882;436;10318;NA;88546;992;2021-01-08;36939
2021-01-07;"Bratislavský kraj";537;7161;412;7573;NA;88546;949;2021-01-07;35947
2021-01-06;"Bratislavský kraj";271;3075;216;3291;NA;88546;487;2021-01-06;34998
2021-01-05;"Bratislavský kraj";619;10730;844;11574;NA;88546;1463;2021-01-05;34511
2021-01-04;"Bratislavský kraj";601;7381;606;7987;NA;88546;1207;2021-01-04;33048
2021-01-03;"Bratislavský kraj";77;394;41;435;NA;88546;118;2021-01-03;31841
2021-01-02;"Bratislavský kraj";185;384;57;441;NA;88546;242;2021-01-02;31723
2021-01-01;"Bratislavský kraj";235;3210;131;3341;NA;88546;366;2021-01-01;31481
2020-12-31;"Bratislavský kraj";925;14633;589;15222;NA;88546;1514;2020-12-31;31115
2020-12-30;"Bratislavský kraj";650;9332;528;9860;NA;88546;1178;2020-12-30;29601
2020-12-29;"Bratislavský kraj";303;10365;776;11141;NA;88546;1079;2020-12-29;28423
2020-12-28;"Bratislavský kraj";255;7687;560;8247;NA;88546;815;2020-12-28;27344
2020-12-27;"Bratislavský kraj";160;659;76;735;NA;88546;236;2020-12-27;26529
2020-12-26;"Bratislavský kraj";75;426;27;453;NA;88546;102;2020-12-26;26293
2020-12-25;"Bratislavský kraj";114;460;38;498;NA;88546;152;2020-12-25;26191
2020-12-24;"Bratislavský kraj";536;3381;102;3483;NA;88546;638;2020-12-24;26039
2020-12-23;"Bratislavský kraj";416;13159;500;13659;NA;88546;916;2020-12-23;25401
2020-12-22;"Bratislavský kraj";327;15248;772;16020;NA;88546;1099;2020-12-22;24485
2020-12-21;"Bratislavský kraj";392;14970;2007;16977;NA;88546;2399;2020-12-21;23386
2020-12-20;"Bratislavský kraj";180;643;54;697;NA;88546;234;2020-12-20;20987
2020-12-19;"Bratislavský kraj";396;3164;130;3294;NA;88546;526;2020-12-19;20753
2020-12-18;"Bratislavský kraj";306;10672;401;11073;NA;88546;707;2020-12-18;20227
2020-12-17;"Bratislavský kraj";502;10217;412;10629;NA;88546;914;2020-12-17;19520
2020-12-16;"Bratislavský kraj";282;10546;452;10998;NA;88546;734;2020-12-16;18606
2020-12-15;"Bratislavský kraj";423;10741;479;11220;NA;88546;902;2020-12-15;17872
2020-12-14;"Bratislavský kraj";279;6526;293;6819;NA;88546;572;2020-12-14;16970
2020-12-13;"Bratislavský kraj";125;123;10;133;NA;88546;135;2020-12-13;16398
2020-12-12;"Bratislavský kraj";361;3863;157;4020;NA;88546;518;2020-12-12;16263
2020-12-11;"Bratislavský kraj";326;7203;289;7492;NA;88546;615;2020-12-11;15745
2020-12-10;"Bratislavský kraj";286;5104;209;5313;NA;88546;495;2020-12-10;15130
2020-12-09;"Bratislavský kraj";382;4712;178;4890;NA;88546;560;2020-12-09;14635
2020-12-08;"Bratislavský kraj";234;5793;207;6000;NA;88546;441;2020-12-08;14075
2020-12-07;"Bratislavský kraj";272;4078;152;4230;NA;88546;424;2020-12-07;13634
2020-12-06;"Bratislavský kraj";61;1586;52;1638;NA;88546;113;2020-12-06;13210
2020-12-05;"Bratislavský kraj";266;2148;41;2189;NA;88546;307;2020-12-05;13097
2020-12-04;"Bratislavský kraj";200;4789;99;4888;NA;88546;299;2020-12-04;12790
2020-12-03;"Bratislavský kraj";213;5071;95;5166;NA;88546;308;2020-12-03;12491
2020-12-02;"Bratislavský kraj";205;2831;95;2926;NA;88546;300;2020-12-02;12183
2020-12-01;"Bratislavský kraj";255;3943;204;4147;NA;88546;459;2020-12-01;11883
2020-11-30;"Bratislavský kraj";152;2153;121;2274;NA;88546;273;2020-11-30;11424
2020-11-29;"Bratislavský kraj";52;201;24;225;NA;88546;76;2020-11-29;11151
2020-11-28;"Bratislavský kraj";232;2624;33;2657;NA;88546;265;2020-11-28;11075
2020-11-27;"Bratislavský kraj";54;2540;64;2604;NA;88546;118;2020-11-27;10810
2020-11-26;"Bratislavský kraj";129;1976;60;2036;NA;88546;189;2020-11-26;10692
2020-11-25;"Bratislavský kraj";140;1770;47;1817;NA;88546;187;2020-11-25;10503
2020-11-24;"Bratislavský kraj";81;2988;67;3055;NA;88546;148;2020-11-24;10316
2020-11-23;"Bratislavský kraj";67;7083;58;7141;NA;88546;125;2020-11-23;10168
2020-11-22;"Bratislavský kraj";36;81;7;88;NA;88546;43;2020-11-22;10043
2020-11-21;"Bratislavský kraj";109;2126;47;2173;NA;88546;156;2020-11-21;10000
2020-11-20;"Bratislavský kraj";118;2876;48;2924;NA;88546;166;2020-11-20;9844
2020-11-19;"Bratislavský kraj";173;987;29;1016;NA;88546;202;2020-11-19;9678
2020-11-18;"Bratislavský kraj";118;616;75;691;NA;88546;193;2020-11-18;9476
2020-11-17;"Bratislavský kraj";108;928;23;951;NA;88546;131;2020-11-17;9283
2020-11-16;"Bratislavský kraj";82;651;9;660;NA;88546;91;2020-11-16;9152
2020-11-15;"Bratislavský kraj";47;236;0;236;NA;88546;47;2020-11-15;9061
2020-11-14;"Bratislavský kraj";53;1834;15;1849;NA;88546;68;2020-11-14;9014
2020-11-13;"Bratislavský kraj";94;2096;21;2117;NA;88546;115;2020-11-13;8946
2020-11-12;"Bratislavský kraj";141;1727;6;1733;NA;88546;147;2020-11-12;8831
2020-11-11;"Bratislavský kraj";159;1429;12;1441;NA;88546;171;2020-11-11;8684
2020-11-10;"Bratislavský kraj";136;805;14;819;NA;88546;150;2020-11-10;8513
2020-11-09;"Bratislavský kraj";70;616;8;624;NA;88546;78;2020-11-09;8363
2020-11-08;"Bratislavský kraj";82;869;6;875;NA;88546;88;2020-11-08;8285
2020-11-07;"Bratislavský kraj";88;4039;17;4056;NA;88546;105;2020-11-07;8197
2020-11-06;"Bratislavský kraj";281;6441;25;6466;NA;88546;306;2020-11-06;8092
2020-11-05;"Bratislavský kraj";175;476;11;487;NA;88546;186;2020-11-05;7786
2020-11-04;"Bratislavský kraj";65;411;10;421;NA;88546;75;2020-11-04;7600
2020-11-03;"Bratislavský kraj";251;1085;12;1097;NA;88546;263;2020-11-03;7525
2020-11-02;"Bratislavský kraj";202;3365;22;3387;NA;88546;224;2020-11-02;7262
2020-11-01;"Bratislavský kraj";227;8694;39;8733;NA;88546;266;2020-11-01;7038
2020-10-31;"Bratislavský kraj";173;22407;123;22530;NA;88546;296;2020-10-31;6772
2020-10-30;"Bratislavský kraj";158;17350;138;17488;NA;88546;296;2020-10-30;6476
2020-10-29;"Bratislavský kraj";262;116;4;120;NA;88546;266;2020-10-29;6180
2020-10-28;"Bratislavský kraj";220;260;15;275;NA;88546;235;2020-10-28;5914
2020-10-27;"Bratislavský kraj";256;145;4;149;NA;88546;260;2020-10-27;5679
2020-10-26;"Bratislavský kraj";123;229;11;240;NA;88546;134;2020-10-26;5419
2020-10-25;"Bratislavský kraj";152;33;2;35;NA;88546;154;2020-10-25;5285
2020-10-24;"Bratislavský kraj";170;221;6;227;NA;88546;176;2020-10-24;5131
2020-10-23;"Bratislavský kraj";151;144;8;152;NA;88546;159;2020-10-23;4955
2020-10-22;"Bratislavský kraj";192;204;15;219;NA;88546;207;2020-10-22;4796
2020-10-21;"Bratislavský kraj";66;90;6;96;NA;88546;72;2020-10-21;4589
2020-10-20;"Bratislavský kraj";183;97;4;101;NA;88546;187;2020-10-20;4517
2020-10-19;"Bratislavský kraj";148;168;4;172;NA;88546;152;2020-10-19;4330
2020-10-18;"Bratislavský kraj";75;92;0;92;NA;88546;75;2020-10-18;4178
2020-10-17;"Bratislavský kraj";136;0;0;0;NA;88546;136;2020-10-17;4103
2020-10-16;"Bratislavský kraj";103;14;1;15;NA;88546;104;2020-10-16;3967
2020-10-15;"Bratislavský kraj";135;6;1;7;NA;88546;136;2020-10-15;3863
2020-10-14;"Bratislavský kraj";127;4;0;4;NA;88546;127;2020-10-14;3727
2020-10-13;"Bratislavský kraj";86;108;8;116;NA;88546;94;2020-10-13;3600
2020-10-12;"Bratislavský kraj";46;0;0;0;NA;88546;46;2020-10-12;3506
2020-10-11;"Bratislavský kraj";80;0;0;0;NA;88546;80;2020-10-11;3460
2020-10-10;"Bratislavský kraj";55;0;0;0;NA;88546;55;2020-10-10;3380
2020-10-09;"Bratislavský kraj";148;0;0;0;NA;88546;148;2020-10-09;3325
2020-10-08;"Bratislavský kraj";100;0;0;0;NA;88546;100;2020-10-08;3177
2020-10-07;"Bratislavský kraj";107;0;0;0;NA;88546;107;2020-10-07;3077
2020-10-06;"Bratislavský kraj";108;0;0;0;NA;88546;108;2020-10-06;2970
2020-10-05;"Bratislavský kraj";30;0;0;0;NA;88546;30;2020-10-05;2862
2020-10-04;"Bratislavský kraj";49;0;0;0;NA;88546;49;2020-10-04;2832
2020-10-03;"Bratislavský kraj";82;0;0;0;NA;88546;82;2020-10-03;2783
2020-10-02;"Bratislavský kraj";101;0;0;0;NA;88546;101;2020-10-02;2701
2020-10-01;"Bratislavský kraj";72;0;0;0;NA;88546;72;2020-10-01;2600
2020-09-30;"Bratislavský kraj";91;0;0;0;NA;88546;91;2020-09-30;2528
2020-09-29;"Bratislavský kraj";74;0;0;0;NA;88546;74;2020-09-29;2437
2020-09-28;"Bratislavský kraj";29;0;0;0;NA;88546;29;2020-09-28;2363
2020-09-27;"Bratislavský kraj";48;0;0;0;NA;88546;48;2020-09-27;2334
2020-09-26;"Bratislavský kraj";86;0;0;0;NA;88546;86;2020-09-26;2286
2020-09-25;"Bratislavský kraj";97;0;0;0;NA;88546;97;2020-09-25;2200
2020-09-24;"Bratislavský kraj";73;0;0;0;NA;88546;73;2020-09-24;2103
2020-09-23;"Bratislavský kraj";55;0;0;0;NA;88546;55;2020-09-23;2030
2020-09-22;"Bratislavský kraj";81;0;0;0;NA;88546;81;2020-09-22;1975
2020-09-21;"Bratislavský kraj";32;0;0;0;NA;88546;32;2020-09-21;1894
2020-09-20;"Bratislavský kraj";25;0;0;0;NA;88546;25;2020-09-20;1862
2020-09-19;"Bratislavský kraj";59;0;0;0;NA;88546;59;2020-09-19;1837
2020-09-18;"Bratislavský kraj";42;0;0;0;NA;88546;42;2020-09-18;1778
2020-09-17;"Bratislavský kraj";52;0;0;0;NA;88546;52;2020-09-17;1736
2020-09-16;"Bratislavský kraj";32;0;0;0;NA;88546;32;2020-09-16;1684
2020-09-15;"Bratislavský kraj";26;0;0;0;NA;88546;26;2020-09-15;1652
2020-09-14;"Bratislavský kraj";24;0;0;0;NA;88546;24;2020-09-14;1626
2020-09-13;"Bratislavský kraj";11;0;0;0;NA;88546;11;2020-09-13;1602
2020-09-12;"Bratislavský kraj";24;0;0;0;NA;88546;24;2020-09-12;1591
2020-09-11;"Bratislavský kraj";50;0;0;0;NA;88546;50;2020-09-11;1567
2020-09-10;"Bratislavský kraj";47;0;0;0;NA;88546;47;2020-09-10;1517
2020-09-09;"Bratislavský kraj";40;0;0;0;NA;88546;40;2020-09-09;1470
2020-09-08;"Bratislavský kraj";58;0;0;0;NA;88546;58;2020-09-08;1430
2020-09-07;"Bratislavský kraj";39;0;0;0;NA;88546;39;2020-09-07;1372
2020-09-06;"Bratislavský kraj";11;0;0;0;NA;88546;11;2020-09-06;1333
2020-09-05;"Bratislavský kraj";37;0;0;0;NA;88546;37;2020-09-05;1322
2020-09-04;"Bratislavský kraj";87;0;0;0;NA;88546;87;2020-09-04;1285
2020-09-03;"Bratislavský kraj";51;0;0;0;NA;88546;51;2020-09-03;1198
2020-09-02;"Bratislavský kraj";50;0;0;0;NA;88546;50;2020-09-02;1147
2020-09-01;"Bratislavský kraj";16;0;0;0;NA;88546;16;2020-09-01;1097
2020-08-31;"Bratislavský kraj";19;0;0;0;NA;88546;19;2020-08-31;1081
2020-08-30;"Bratislavský kraj";9;0;0;0;NA;88546;9;2020-08-30;1062
2020-08-29;"Bratislavský kraj";12;0;0;0;NA;88546;12;2020-08-29;1053
2020-08-28;"Bratislavský kraj";35;0;0;0;NA;88546;35;2020-08-28;1041
2020-08-27;"Bratislavský kraj";33;0;0;0;NA;88546;33;2020-08-27;1006
2020-08-26;"Bratislavský kraj";27;0;0;0;NA;88546;27;2020-08-26;973
2020-08-25;"Bratislavský kraj";29;0;0;0;NA;88546;29;2020-08-25;946
2020-08-24;"Bratislavský kraj";6;0;0;0;NA;88546;6;2020-08-24;917
2020-08-23;"Bratislavský kraj";45;0;0;0;NA;88546;45;2020-08-23;911
2020-08-22;"Bratislavský kraj";13;0;0;0;NA;88546;13;2020-08-22;866
2020-08-21;"Bratislavský kraj";46;0;0;0;NA;88546;46;2020-08-21;853
2020-08-20;"Bratislavský kraj";41;0;0;0;NA;88546;41;2020-08-20;807
2020-08-19;"Bratislavský kraj";27;0;0;0;NA;88546;27;2020-08-19;766
2020-08-18;"Bratislavský kraj";47;0;0;0;NA;88546;47;2020-08-18;739
2020-08-17;"Bratislavský kraj";2;0;0;0;NA;88546;2;2020-08-17;692
2020-08-16;"Bratislavský kraj";3;0;0;0;NA;88546;3;2020-08-16;690
2020-08-15;"Bratislavský kraj";18;0;0;0;NA;88546;18;2020-08-15;687
2020-08-14;"Bratislavský kraj";16;0;0;0;NA;88546;16;2020-08-14;669
2020-08-13;"Bratislavský kraj";12;0;0;0;NA;88546;12;2020-08-13;653
2020-08-12;"Bratislavský kraj";10;0;0;0;NA;88546;10;2020-08-12;641
2020-08-11;"Bratislavský kraj";23;0;0;0;NA;88546;23;2020-08-11;631
2020-08-10;"Bratislavský kraj";2;0;0;0;NA;88546;2;2020-08-10;608
2020-08-09;"Bratislavský kraj";2;0;0;0;NA;88546;2;2020-08-09;606
2020-08-08;"Bratislavský kraj";1;0;0;0;NA;88546;1;2020-08-08;604
2020-08-07;"Bratislavský kraj";9;0;0;0;NA;88546;9;2020-08-07;603
2020-08-06;"Bratislavský kraj";15;0;0;0;NA;88546;15;2020-08-06;594
2020-08-05;"Bratislavský kraj";11;0;0;0;NA;88546;11;2020-08-05;579
2020-08-04;"Bratislavský kraj";21;0;0;0;NA;88546;21;2020-08-04;568
2020-08-03;"Bratislavský kraj";7;0;0;0;NA;88546;7;2020-08-03;547
2020-08-02;"Bratislavský kraj";0;0;0;0;NA;88546;0;2020-08-02;540
2020-08-01;"Bratislavský kraj";0;0;0;0;NA;88546;0;2020-08-01;540
2020-07-31;"Bratislavský kraj";14;0;0;0;NA;88546;14;2020-07-31;540
2020-07-30;"Bratislavský kraj";6;0;0;0;NA;88546;6;2020-07-30;526
2020-07-29;"Bratislavský kraj";7;0;0;0;NA;88546;7;2020-07-29;520
2020-07-28;"Bratislavský kraj";14;0;0;0;NA;88546;14;2020-07-28;513
2020-07-27;"Bratislavský kraj";3;0;0;0;NA;88546;3;2020-07-27;499
2020-07-26;"Bratislavský kraj";0;0;0;0;NA;88546;0;2020-07-26;496
2020-07-25;"Bratislavský kraj";8;0;0;0;NA;88546;8;2020-07-25;496
2020-07-24;"Bratislavský kraj";2;0;0;0;NA;88546;2;2020-07-24;488
2020-07-23;"Bratislavský kraj";8;0;0;0;NA;88546;8;2020-07-23;486
2020-07-22;"Bratislavský kraj";11;0;0;0;NA;88546;11;2020-07-22;478
2020-07-21;"Bratislavský kraj";8;0;0;0;NA;88546;8;2020-07-21;467
2020-07-20;"Bratislavský kraj";12;0;0;0;NA;88546;12;2020-07-20;459
2020-07-19;"Bratislavský kraj";0;0;0;0;NA;88546;0;2020-07-19;447
2020-07-18;"Bratislavský kraj";2;0;0;0;NA;88546;2;2020-07-18;447
2020-07-17;"Bratislavský kraj";2;0;0;0;NA;88546;2;2020-07-17;445
2020-07-16;"Bratislavský kraj";6;0;0;0;NA;88546;6;2020-07-16;443
2020-07-15;"Bratislavský kraj";3;0;0;0;NA;88546;3;2020-07-15;437
2020-07-14;"Bratislavský kraj";2;0;0;0;NA;88546;2;2020-07-14;434
2020-07-13;"Bratislavský kraj";2;0;0;0;NA;88546;2;2020-07-13;432
2020-07-12;"Bratislavský kraj";0;0;0;0;NA;88546;0;2020-07-12;430
2020-07-11;"Bratislavský kraj";0;0;0;0;NA;88546;0;2020-07-11;430
2020-07-10;"Bratislavský kraj";8;0;0;0;NA;88546;8;2020-07-10;430
2020-07-09;"Bratislavský kraj";2;0;0;0;NA;88546;2;2020-07-09;422
2020-07-08;"Bratislavský kraj";11;0;0;0;NA;88546;11;2020-07-08;420
2020-07-07;"Bratislavský kraj";5;0;0;0;NA;88546;5;2020-07-07;409
2020-07-06;"Bratislavský kraj";1;0;0;0;NA;88546;1;2020-07-06;404
2020-07-05;"Bratislavský kraj";0;0;0;0;NA;88546;0;2020-07-05;403
2020-07-04;"Bratislavský kraj";3;0;0;0;NA;88546;3;2020-07-04;403
2020-07-03;"Bratislavský kraj";1;0;0;0;NA;88546;1;2020-07-03;400
2020-07-02;"Bratislavský kraj";0;0;0;0;NA;88546;0;2020-07-02;399
2020-07-01;"Bratislavský kraj";7;0;0;0;NA;88546;7;2020-07-01;399
2020-06-30;"Bratislavský kraj";3;0;0;0;NA;88546;3;2020-06-30;392
2020-06-29;"Bratislavský kraj";1;0;0;0;NA;88546;1;2020-06-29;389
2020-06-28;"Bratislavský kraj";0;0;0;0;NA;88546;0;2020-06-28;388
2020-06-27;"Bratislavský kraj";1;0;0;0;NA;88546;1;2020-06-27;388
2020-06-26;"Bratislavský kraj";6;0;0;0;NA;88546;6;2020-06-26;387
2020-06-25;"Bratislavský kraj";0;0;0;0;NA;88546;0;2020-06-25;381
2020-06-24;"Bratislavský kraj";3;0;0;0;NA;88546;3;2020-06-24;381
2020-06-23;"Bratislavský kraj";0;0;0;0;NA;88546;0;2020-06-23;378
2020-06-22;"Bratislavský kraj";1;0;0;0;NA;88546;1;2020-06-22;378
2020-06-21;"Bratislavský kraj";0;0;0;0;NA;88546;0;2020-06-21;377
2020-06-20;"Bratislavský kraj";0;0;0;0;NA;88546;0;2020-06-20;377
2020-06-19;"Bratislavský kraj";3;0;0;0;NA;88546;3;2020-06-19;377
2020-06-18;"Bratislavský kraj";0;0;0;0;NA;88546;0;2020-06-18;374
2020-06-17;"Bratislavský kraj";0;0;0;0;NA;88546;0;2020-06-17;374
2020-06-16;"Bratislavský kraj";0;0;0;0;NA;88546;0;2020-06-16;374
2020-06-14;"Bratislavský kraj";2;0;0;0;NA;88546;2;2020-06-14;374
2020-06-13;"Bratislavský kraj";1;0;0;0;NA;88546;1;2020-06-13;372
2020-06-12;"Bratislavský kraj";2;0;0;0;NA;88546;2;2020-06-12;371
2020-06-11;"Bratislavský kraj";0;0;0;0;NA;88546;0;2020-06-11;369
2020-06-10;"Bratislavský kraj";0;0;0;0;NA;88546;0;2020-06-10;369
2020-06-09;"Bratislavský kraj";0;0;0;0;NA;88546;0;2020-06-09;369
2020-06-08;"Bratislavský kraj";1;0;0;0;NA;88546;1;2020-06-08;369
2020-06-07;"Bratislavský kraj";0;0;0;0;NA;88546;0;2020-06-07;368
2020-06-05;"Bratislavský kraj";0;0;0;0;NA;88546;0;2020-06-05;368
2020-06-03;"Bratislavský kraj";1;0;0;0;NA;88546;1;2020-06-03;368
2020-06-02;"Bratislavský kraj";0;0;0;0;NA;88546;0;2020-06-02;367
2020-05-31;"Bratislavský kraj";0;0;0;0;NA;88546;0;2020-05-31;367
2020-05-29;"Bratislavský kraj";0;0;0;0;NA;88546;0;2020-05-29;367
2020-05-27;"Bratislavský kraj";1;0;0;0;NA;88546;1;2020-05-27;367
2020-05-26;"Bratislavský kraj";0;0;0;0;NA;88546;0;2020-05-26;366
2020-05-25;"Bratislavský kraj";0;0;0;0;NA;88546;0;2020-05-25;366
2020-05-24;"Bratislavský kraj";0;0;0;0;NA;88546;0;2020-05-24;366
2020-05-23;"Bratislavský kraj";2;0;0;0;NA;88546;2;2020-05-23;366
2020-05-22;"Bratislavský kraj";0;0;0;0;NA;88546;0;2020-05-22;364
2020-05-21;"Bratislavský kraj";0;0;0;0;NA;88546;0;2020-05-21;364
2020-05-20;"Bratislavský kraj";0;0;0;0;NA;88546;0;2020-05-20;364
2020-05-19;"Bratislavský kraj";0;0;0;0;NA;88546;0;2020-05-19;364
2020-05-17;"Bratislavský kraj";0;0;0;0;NA;88546;0;2020-05-17;364
2020-05-16;"Bratislavský kraj";0;0;0;0;NA;88546;0;2020-05-16;364
2020-05-15;"Bratislavský kraj";0;0;0;0;NA;88546;0;2020-05-15;364
2020-05-14;"Bratislavský kraj";0;0;0;0;NA;88546;0;2020-05-14;364
2020-05-13;"Bratislavský kraj";0;0;0;0;NA;88546;0;2020-05-13;364
2020-05-12;"Bratislavský kraj";2;0;0;0;NA;88546;2;2020-05-12;364
2020-05-11;"Bratislavský kraj";0;0;0;0;NA;88546;0;2020-05-11;362
2020-05-09;"Bratislavský kraj";0;0;0;0;NA;88546;0;2020-05-09;362
2020-05-07;"Bratislavský kraj";1;0;0;0;NA;88546;1;2020-05-07;362
2020-05-06;"Bratislavský kraj";3;0;0;0;NA;88546;3;2020-05-06;361
2020-05-05;"Bratislavský kraj";0;0;0;0;NA;88546;0;2020-05-05;358
2020-05-04;"Bratislavský kraj";0;0;0;0;NA;88546;0;2020-05-04;358
2020-05-03;"Bratislavský kraj";2;0;0;0;NA;88546;2;2020-05-03;358
2020-05-02;"Bratislavský kraj";0;0;0;0;NA;88546;0;2020-05-02;356
2020-05-01;"Bratislavský kraj";0;0;0;0;NA;88546;0;2020-05-01;356
2020-04-30;"Bratislavský kraj";5;0;0;0;NA;88546;5;2020-04-30;356
2020-04-29;"Bratislavský kraj";0;0;0;0;NA;88546;0;2020-04-29;351
2020-04-28;"Bratislavský kraj";2;0;0;0;NA;88546;2;2020-04-28;351
2020-04-27;"Bratislavský kraj";0;0;0;0;NA;88546;0;2020-04-27;349
2020-04-26;"Bratislavský kraj";1;0;0;0;NA;88546;1;2020-04-26;349
2020-04-25;"Bratislavský kraj";0;0;0;0;NA;88546;0;2020-04-25;348
2020-04-24;"Bratislavský kraj";2;0;0;0;NA;88546;2;2020-04-24;348
2020-04-23;"Bratislavský kraj";6;0;0;0;NA;88546;6;2020-04-23;346
2020-04-22;"Bratislavský kraj";11;0;0;0;NA;88546;11;2020-04-22;340
2020-04-21;"Bratislavský kraj";4;0;0;0;NA;88546;4;2020-04-21;329
2020-04-20;"Bratislavský kraj";0;0;0;0;NA;88546;0;2020-04-20;325
2020-04-19;"Bratislavský kraj";4;0;0;0;NA;88546;4;2020-04-19;325
2020-04-18;"Bratislavský kraj";5;0;0;0;NA;88546;5;2020-04-18;321
2020-04-17;"Bratislavský kraj";6;0;0;0;NA;88546;6;2020-04-17;316
2020-04-16;"Bratislavský kraj";15;0;0;0;NA;88546;15;2020-04-16;310
2020-04-15;"Bratislavský kraj";11;0;0;0;NA;88546;11;2020-04-15;295
2020-04-14;"Bratislavský kraj";19;0;0;0;NA;88546;19;2020-04-14;284
2020-04-13;"Bratislavský kraj";53;0;0;0;NA;88546;53;2020-04-13;265
2020-04-12;"Bratislavský kraj";3;0;0;0;NA;88546;3;2020-04-12;212
2020-04-11;"Bratislavský kraj";1;0;0;0;NA;88546;1;2020-04-11;209
2020-04-10;"Bratislavský kraj";8;0;0;0;NA;88546;8;2020-04-10;208
2020-04-09;"Bratislavský kraj";3;0;0;0;NA;88546;3;2020-04-09;200
2020-04-08;"Bratislavský kraj";3;0;0;0;NA;88546;3;2020-04-08;197
2020-04-07;"Bratislavský kraj";24;0;0;0;NA;88546;24;2020-04-07;194
2020-04-06;"Bratislavský kraj";5;0;0;0;NA;88546;5;2020-04-06;170
2020-04-05;"Bratislavský kraj";6;0;0;0;NA;88546;6;2020-04-05;165
2020-04-04;"Bratislavský kraj";2;0;0;0;NA;88546;2;2020-04-04;159
2020-04-03;"Bratislavský kraj";1;0;0;0;NA;88546;1;2020-04-03;157
2020-04-02;"Bratislavský kraj";2;0;0;0;NA;88546;2;2020-04-02;156
2020-04-01;"Bratislavský kraj";5;0;0;0;NA;88546;5;2020-04-01;154
2020-03-31;"Bratislavský kraj";19;0;0;0;NA;88546;19;2020-03-31;149
2020-03-30;"Bratislavský kraj";6;0;0;0;NA;88546;6;2020-03-30;130
2020-03-29;"Bratislavský kraj";8;0;0;0;NA;88546;8;2020-03-29;124
2020-03-28;"Bratislavský kraj";4;0;0;0;NA;88546;4;2020-03-28;116
2020-03-27;"Bratislavský kraj";3;0;0;0;NA;88546;3;2020-03-27;112
2020-03-26;"Bratislavský kraj";15;0;0;0;NA;88546;15;2020-03-26;109
2020-03-25;"Bratislavský kraj";1;0;0;0;NA;88546;1;2020-03-25;94
2020-03-24;"Bratislavský kraj";4;0;0;0;NA;88546;4;2020-03-24;93
2020-03-23;"Bratislavský kraj";9;0;0;0;NA;88546;9;2020-03-23;89
2020-03-22;"Bratislavský kraj";2;0;0;0;NA;88546;2;2020-03-22;80
2020-03-21;"Bratislavský kraj";22;0;0;0;NA;88546;22;2020-03-21;78
2020-03-20;"Bratislavský kraj";3;0;0;0;NA;88546;3;2020-03-20;56
2020-03-19;"Bratislavský kraj";4;0;0;0;NA;88546;4;2020-03-19;53
2020-03-18;"Bratislavský kraj";3;0;0;0;NA;88546;3;2020-03-18;49
2020-03-17;"Bratislavský kraj";13;0;0;0;NA;88546;13;2020-03-17;46
2020-03-16;"Bratislavský kraj";1;0;0;0;NA;88546;1;2020-03-16;33
2020-03-15;"Bratislavský kraj";4;0;0;0;NA;88546;4;2020-03-15;32
2020-03-14;"Bratislavský kraj";9;0;0;0;NA;88546;9;2020-03-14;28
2020-03-13;"Bratislavský kraj";2;0;0;0;NA;88546;2;2020-03-13;19
2020-03-12;"Bratislavský kraj";8;0;0;0;NA;88546;8;2020-03-12;17
2020-03-11;"Bratislavský kraj";3;0;0;0;NA;88546;3;2020-03-11;9
2020-03-09;"Bratislavský kraj";0;0;0;0;NA;88546;0;2020-03-09;6
2020-03-08;"Bratislavský kraj";2;0;0;0;NA;88546;2;2020-03-08;6
2020-03-07;"Bratislavský kraj";2;0;0;0;NA;88546;2;2020-03-07;4
2020-03-06;"Bratislavský kraj";1;0;0;0;NA;88546;1;2020-03-06;2
2021-04-27;"Košický kraj";98;16156;119;16275;51220;90425;217;2021-04-27;90425
2021-04-26;"Košický kraj";39;22695;81;22776;NA;90425;120;2021-04-26;90208
2021-04-25;"Košický kraj";23;44914;51;44965;NA;90425;74;2021-04-25;90088
2021-04-24;"Košický kraj";66;83217;106;83323;NA;90425;172;2021-04-24;90014
2021-04-23;"Košický kraj";103;37612;70;37682;NA;90425;173;2021-04-23;89842
2021-04-22;"Košický kraj";53;15154;30;15184;NA;90425;83;2021-04-22;89669
2021-04-21;"Košický kraj";109;18197;60;18257;NA;90425;169;2021-04-21;89586
2021-04-20;"Košický kraj";74;23931;57;23988;NA;90425;131;2021-04-20;89417
2021-04-19;"Košický kraj";93;27250;105;27355;NA;90425;198;2021-04-19;89286
2021-04-18;"Košický kraj";9;44627;68;44695;NA;90425;77;2021-04-18;89088
2021-04-17;"Košický kraj";183;75531;94;75625;NA;90425;277;2021-04-17;89011
2021-04-16;"Košický kraj";81;37626;118;37744;NA;90425;199;2021-04-16;88734
2021-04-15;"Košický kraj";100;17228;86;17314;NA;90425;186;2021-04-15;88535
2021-04-14;"Košický kraj";113;18353;61;18414;NA;90425;174;2021-04-14;88349
2021-04-13;"Košický kraj";74;21288;116;21404;NA;90425;190;2021-04-13;88175
2021-04-12;"Košický kraj";128;23548;107;23655;NA;90425;235;2021-04-12;87985
2021-04-11;"Košický kraj";27;43375;70;43445;NA;90425;97;2021-04-11;87750
2021-04-10;"Košický kraj";135;90467;170;90637;NA;90425;305;2021-04-10;87653
2021-04-09;"Košický kraj";165;31910;128;32038;NA;90425;293;2021-04-09;87348
2021-04-08;"Košický kraj";77;17282;86;17368;NA;90425;163;2021-04-08;87055
2021-04-07;"Košický kraj";207;26062;183;26245;NA;90425;390;2021-04-07;86892
2021-04-06;"Košický kraj";121;32760;147;32907;NA;90425;268;2021-04-06;86502
2021-04-05;"Košický kraj";19;13548;63;13611;NA;90425;82;2021-04-05;86234
2021-04-04;"Košický kraj";33;12046;56;12102;NA;90425;89;2021-04-04;86152
2021-04-03;"Košický kraj";138;87535;219;87754;NA;90425;357;2021-04-03;86063
2021-04-02;"Košický kraj";113;22325;84;22409;NA;90425;197;2021-04-02;85706
2021-04-01;"Košický kraj";159;43722;131;43853;NA;90425;290;2021-04-01;85509
2021-03-31;"Košický kraj";144;28009;112;28121;NA;90425;256;2021-03-31;85219
2021-03-30;"Košický kraj";216;22281;147;22428;NA;90425;363;2021-03-30;84963
2021-03-29;"Košický kraj";78;26054;182;26236;NA;90425;260;2021-03-29;84600
2021-03-28;"Košický kraj";39;41649;121;41770;NA;90425;160;2021-03-28;84340
2021-03-27;"Košický kraj";207;87580;238;87818;NA;90425;445;2021-03-27;84180
2021-03-26;"Košický kraj";225;41258;181;41439;NA;90425;406;2021-03-26;83735
2021-03-25;"Košický kraj";120;22003;159;22162;NA;90425;279;2021-03-25;83329
2021-03-24;"Košický kraj";149;19176;138;19314;NA;90425;287;2021-03-24;83050
2021-03-23;"Košický kraj";180;20658;180;20838;NA;90425;360;2021-03-23;82763
2021-03-22;"Košický kraj";169;23965;211;24176;NA;90425;380;2021-03-22;82403
2021-03-21;"Košický kraj";96;43441;151;43592;NA;90425;247;2021-03-21;82023
2021-03-20;"Košický kraj";122;91624;269;91893;NA;90425;391;2021-03-20;81776
2021-03-19;"Košický kraj";198;42118;239;42357;NA;90425;437;2021-03-19;81385
2021-03-18;"Košický kraj";261;22180;195;22375;NA;90425;456;2021-03-18;80948
2021-03-17;"Košický kraj";165;19925;179;20104;NA;90425;344;2021-03-17;80492
2021-03-16;"Košický kraj";356;21676;212;21888;NA;90425;568;2021-03-16;80148
2021-03-15;"Košický kraj";173;24981;276;25257;NA;90425;449;2021-03-15;79580
2021-03-14;"Košický kraj";143;41029;209;41238;NA;90425;352;2021-03-14;79131
2021-03-13;"Košický kraj";135;95125;421;95546;NA;90425;556;2021-03-13;78779
2021-03-12;"Košický kraj";335;43110;288;43398;NA;90425;623;2021-03-12;78223
2021-03-11;"Košický kraj";386;21594;237;21831;NA;90425;623;2021-03-11;77600
2021-03-10;"Košický kraj";106;20445;234;20679;NA;90425;340;2021-03-10;76977
2021-03-09;"Košický kraj";644;22693;266;22959;NA;90425;910;2021-03-09;76637
2021-03-08;"Košický kraj";556;26722;306;27028;NA;90425;862;2021-03-08;75727
2021-03-07;"Košický kraj";45;40913;276;41189;NA;90425;321;2021-03-07;74865
2021-03-06;"Košický kraj";156;96274;464;96738;NA;90425;620;2021-03-06;74544
2021-03-05;"Košický kraj";422;41410;371;41781;NA;90425;793;2021-03-05;73924
2021-03-04;"Košický kraj";390;22084;283;22367;NA;90425;673;2021-03-04;73131
2021-03-03;"Košický kraj";345;21396;258;21654;NA;90425;603;2021-03-03;72458
2021-03-02;"Košický kraj";419;22062;333;22395;NA;90425;752;2021-03-02;71855
2021-03-01;"Košický kraj";388;27075;473;27548;NA;90425;861;2021-03-01;71103
2021-02-28;"Košický kraj";264;39653;316;39969;NA;90425;580;2021-02-28;70242
2021-02-27;"Košický kraj";277;91858;695;92553;NA;90425;972;2021-02-27;69662
2021-02-26;"Košický kraj";417;41899;456;42355;NA;90425;873;2021-02-26;68690
2021-02-25;"Košický kraj";314;18521;315;18836;NA;90425;629;2021-02-25;67817
2021-02-24;"Košický kraj";235;17305;477;17782;NA;90425;712;2021-02-24;67188
2021-02-23;"Košický kraj";605;19768;320;20088;NA;90425;925;2021-02-23;66476
2021-02-22;"Košický kraj";361;27964;383;28347;NA;90425;744;2021-02-22;65551
2021-02-21;"Košický kraj";169;37130;342;37472;NA;90425;511;2021-02-21;64807
2021-02-20;"Košický kraj";256;83463;673;84136;NA;90425;929;2021-02-20;64296
2021-02-19;"Košický kraj";482;38303;526;38829;NA;90425;1008;2021-02-19;63367
2021-02-18;"Košický kraj";376;16858;304;17162;NA;90425;680;2021-02-18;62359
2021-02-17;"Košický kraj";285;16832;358;17190;NA;90425;643;2021-02-17;61679
2021-02-16;"Košický kraj";525;19759;392;20151;NA;90425;917;2021-02-16;61036
2021-02-15;"Košický kraj";216;24866;369;25235;NA;90425;585;2021-02-15;60119
2021-02-14;"Košický kraj";240;52785;475;53260;NA;90425;715;2021-02-14;59534
2021-02-13;"Košický kraj";186;84578;677;85255;NA;90425;863;2021-02-13;58819
2021-02-12;"Košický kraj";420;46288;563;46851;NA;90425;983;2021-02-12;57956
2021-02-11;"Košický kraj";391;13081;286;13367;NA;90425;677;2021-02-11;56973
2021-02-10;"Košický kraj";315;16669;378;17047;NA;90425;693;2021-02-10;56296
2021-02-09;"Košický kraj";492;22938;406;23344;NA;90425;898;2021-02-09;55603
2021-02-08;"Košický kraj";236;20486;293;20779;NA;90425;529;2021-02-08;54705
2021-02-07;"Košický kraj";206;51550;544;52094;NA;90425;750;2021-02-07;54176
2021-02-06;"Košický kraj";279;94207;775;94982;NA;90425;1054;2021-02-06;53426
2021-02-05;"Košický kraj";319;39848;441;40289;NA;90425;760;2021-02-05;52372
2021-02-04;"Košický kraj";365;13376;339;13715;NA;90425;704;2021-02-04;51612
2021-02-03;"Košický kraj";268;11542;309;11851;NA;90425;577;2021-02-03;50908
2021-02-02;"Košický kraj";421;39916;1130;41046;NA;90425;1551;2021-02-02;50331
2021-02-01;"Košický kraj";415;19409;320;19729;NA;90425;735;2021-02-01;48780
2021-01-31;"Košický kraj";141;48396;557;48953;NA;90425;698;2021-01-31;48045
2021-01-30;"Košický kraj";290;66862;555;67417;NA;90425;845;2021-01-30;47347
2021-01-29;"Košický kraj";278;29990;401;30391;NA;90425;679;2021-01-29;46502
2021-01-28;"Košický kraj";524;6889;193;7082;NA;90425;717;2021-01-28;45823
2021-01-27;"Košický kraj";258;6282;169;6451;NA;90425;427;2021-01-27;45106
2021-01-26;"Košický kraj";501;13028;210;13238;NA;90425;711;2021-01-26;44679
2021-01-25;"Košický kraj";225;23227;343;23570;NA;90425;568;2021-01-25;43968
2021-01-24;"Košický kraj";148;42324;549;42873;NA;90425;697;2021-01-24;43400
2021-01-23;"Košický kraj";217;75923;783;76706;NA;90425;1000;2021-01-23;42703
2021-01-22;"Košický kraj";282;17286;195;17481;NA;90425;477;2021-01-22;41703
2021-01-21;"Košický kraj";258;11882;116;11998;NA;90425;374;2021-01-21;41226
2021-01-20;"Košický kraj";355;8815;176;8991;NA;90425;531;2021-01-20;40852
2021-01-19;"Košický kraj";231;7927;138;8065;NA;90425;369;2021-01-19;40321
2021-01-18;"Košický kraj";333;5906;213;6119;NA;90425;546;2021-01-18;39952
2021-01-17;"Košický kraj";154;470;13;483;NA;90425;167;2021-01-17;39406
2021-01-16;"Košický kraj";136;1163;43;1206;NA;90425;179;2021-01-16;39239
2021-01-15;"Košický kraj";299;5489;188;5677;NA;90425;487;2021-01-15;39060
2021-01-14;"Košický kraj";351;4771;202;4973;NA;90425;553;2021-01-14;38573
2021-01-13;"Košický kraj";408;4119;200;4319;NA;90425;608;2021-01-13;38020
2021-01-12;"Košický kraj";465;5630;229;5859;NA;90425;694;2021-01-12;37412
2021-01-11;"Košický kraj";308;6475;268;6743;NA;90425;576;2021-01-11;36718
2021-01-10;"Košický kraj";192;136;6;142;NA;90425;198;2021-01-10;36142
2021-01-09;"Košický kraj";455;1129;45;1174;NA;90425;500;2021-01-09;35944
2021-01-08;"Košický kraj";531;6899;327;7226;NA;90425;858;2021-01-08;35444
2021-01-07;"Košický kraj";239;5773;378;6151;NA;90425;617;2021-01-07;34586
2021-01-06;"Košický kraj";439;429;33;462;NA;90425;472;2021-01-06;33969
2021-01-05;"Košický kraj";557;7116;505;7621;NA;90425;1062;2021-01-05;33497
2021-01-04;"Košický kraj";405;6064;675;6739;NA;90425;1080;2021-01-04;32435
2021-01-03;"Košický kraj";118;661;22;683;NA;90425;140;2021-01-03;31355
2021-01-02;"Košický kraj";87;440;52;492;NA;90425;139;2021-01-02;31215
2021-01-01;"Košický kraj";373;725;49;774;NA;90425;422;2021-01-01;31076
2020-12-31;"Košický kraj";608;7050;435;7485;NA;90425;1043;2020-12-31;30654
2020-12-30;"Košický kraj";561;5640;375;6015;NA;90425;936;2020-12-30;29611
2020-12-29;"Košický kraj";397;6726;539;7265;NA;90425;936;2020-12-29;28675
2020-12-28;"Košický kraj";350;7127;750;7877;NA;90425;1100;2020-12-28;27739
2020-12-27;"Košický kraj";135;147;16;163;NA;90425;151;2020-12-27;26639
2020-12-26;"Košický kraj";162;188;22;210;NA;90425;184;2020-12-26;26488
2020-12-25;"Košický kraj";233;140;10;150;NA;90425;243;2020-12-25;26304
2020-12-24;"Košický kraj";523;1470;90;1560;NA;90425;613;2020-12-24;26061
2020-12-23;"Košický kraj";299;7231;328;7559;NA;90425;627;2020-12-23;25448
2020-12-22;"Košický kraj";426;7039;427;7466;NA;90425;853;2020-12-22;24821
2020-12-21;"Košický kraj";400;6148;486;6634;NA;90425;886;2020-12-21;23968
2020-12-20;"Košický kraj";209;73;11;84;NA;90425;220;2020-12-20;23082
2020-12-19;"Košický kraj";194;1309;63;1372;NA;90425;257;2020-12-19;22862
2020-12-18;"Košický kraj";308;7852;316;8168;NA;90425;624;2020-12-18;22605
2020-12-17;"Košický kraj";442;4735;245;4980;NA;90425;687;2020-12-17;21981
2020-12-16;"Košický kraj";426;5468;303;5771;NA;90425;729;2020-12-16;21294
2020-12-15;"Košický kraj";288;4590;312;4902;NA;90425;600;2020-12-15;20565
2020-12-14;"Košický kraj";256;2893;239;3132;NA;90425;495;2020-12-14;19965
2020-12-13;"Košický kraj";47;181;2;183;NA;90425;49;2020-12-13;19470
2020-12-12;"Košický kraj";350;1555;117;1672;NA;90425;467;2020-12-12;19421
2020-12-11;"Košický kraj";338;4992;251;5243;NA;90425;589;2020-12-11;18954
2020-12-10;"Košický kraj";276;3735;170;3905;NA;90425;446;2020-12-10;18365
2020-12-09;"Košický kraj";271;3574;162;3736;NA;90425;433;2020-12-09;17919
2020-12-08;"Košický kraj";214;3784;348;4132;NA;90425;562;2020-12-08;17486
2020-12-07;"Košický kraj";270;2111;103;2214;NA;90425;373;2020-12-07;16924
2020-12-06;"Košický kraj";120;97;20;117;NA;90425;140;2020-12-06;16551
2020-12-05;"Košický kraj";85;1096;48;1144;NA;90425;133;2020-12-05;16411
2020-12-04;"Košický kraj";219;2416;81;2497;NA;90425;300;2020-12-04;16278
2020-12-03;"Košický kraj";201;7589;171;7760;NA;90425;372;2020-12-03;15978
2020-12-02;"Košický kraj";182;8073;495;8568;NA;90425;677;2020-12-02;15606
2020-12-01;"Košický kraj";170;2019;114;2133;NA;90425;284;2020-12-01;14929
2020-11-30;"Košický kraj";170;3292;54;3346;NA;90425;224;2020-11-30;14645
2020-11-29;"Košický kraj";31;325;17;342;NA;90425;48;2020-11-29;14421
2020-11-28;"Košický kraj";65;721;52;773;NA;90425;117;2020-11-28;14373
2020-11-27;"Košický kraj";148;2782;78;2860;NA;90425;226;2020-11-27;14256
2020-11-26;"Košický kraj";234;1073;60;1133;NA;90425;294;2020-11-26;14030
2020-11-25;"Košický kraj";233;1523;123;1646;NA;90425;356;2020-11-25;13736
2020-11-24;"Košický kraj";190;1892;67;1959;NA;90425;257;2020-11-24;13380
2020-11-23;"Košický kraj";51;3937;63;4000;NA;90425;114;2020-11-23;13123
2020-11-22;"Košický kraj";56;57;5;62;NA;90425;61;2020-11-22;13009
2020-11-21;"Košický kraj";84;823;36;859;NA;90425;120;2020-11-21;12948
2020-11-20;"Košický kraj";173;2891;49;2940;NA;90425;222;2020-11-20;12828
2020-11-19;"Košický kraj";201;1691;48;1739;NA;90425;249;2020-11-19;12606
2020-11-18;"Košický kraj";122;444;16;460;NA;90425;138;2020-11-18;12357
2020-11-17;"Košický kraj";147;82;9;91;NA;90425;156;2020-11-17;12219
2020-11-16;"Košický kraj";112;484;24;508;NA;90425;136;2020-11-16;12063
2020-11-15;"Košický kraj";15;338;7;345;NA;90425;22;2020-11-15;11927
2020-11-14;"Košický kraj";220;435;12;447;NA;90425;232;2020-11-14;11905
2020-11-13;"Košický kraj";201;601;29;630;NA;90425;230;2020-11-13;11673
2020-11-12;"Košický kraj";165;661;13;674;NA;90425;178;2020-11-12;11443
2020-11-11;"Košický kraj";288;581;7;588;NA;90425;295;2020-11-11;11265
2020-11-10;"Košický kraj";182;523;11;534;NA;90425;193;2020-11-10;10970
2020-11-09;"Košický kraj";129;380;5;385;NA;90425;134;2020-11-09;10777
2020-11-08;"Košický kraj";78;1298;8;1306;NA;90425;86;2020-11-08;10643
2020-11-07;"Košický kraj";182;3906;22;3928;NA;90425;204;2020-11-07;10557
2020-11-06;"Košický kraj";193;4348;29;4377;NA;90425;222;2020-11-06;10353
2020-11-05;"Košický kraj";334;251;8;259;NA;90425;342;2020-11-05;10131
2020-11-04;"Košický kraj";95;137;6;143;NA;90425;101;2020-11-04;9789
2020-11-03;"Košický kraj";342;659;9;668;NA;90425;351;2020-11-03;9688
2020-11-02;"Košický kraj";111;4368;51;4419;NA;90425;162;2020-11-02;9337
2020-11-01;"Košický kraj";342;6522;34;6556;NA;90425;376;2020-11-01;9175
2020-10-31;"Košický kraj";82;13980;106;14086;NA;90425;188;2020-10-31;8799
2020-10-30;"Košický kraj";375;1808;24;1832;NA;90425;399;2020-10-30;8611
2020-10-29;"Košický kraj";321;955;13;968;NA;90425;334;2020-10-29;8212
2020-10-28;"Košický kraj";215;286;13;299;NA;90425;228;2020-10-28;7878
2020-10-27;"Košický kraj";385;354;17;371;NA;90425;402;2020-10-27;7650
2020-10-26;"Košický kraj";56;221;10;231;NA;90425;66;2020-10-26;7248
2020-10-25;"Košický kraj";152;75;2;77;NA;90425;154;2020-10-25;7182
2020-10-24;"Košický kraj";313;113;15;128;NA;90425;328;2020-10-24;7028
2020-10-23;"Košický kraj";300;325;7;332;NA;90425;307;2020-10-23;6700
2020-10-22;"Košický kraj";342;527;15;542;NA;90425;357;2020-10-22;6393
2020-10-21;"Košický kraj";128;84;2;86;NA;90425;130;2020-10-21;6036
2020-10-20;"Košický kraj";178;14;1;15;NA;90425;179;2020-10-20;5906
2020-10-19;"Košický kraj";63;38;1;39;NA;90425;64;2020-10-19;5727
2020-10-18;"Košický kraj";153;0;0;0;NA;90425;153;2020-10-18;5663
2020-10-17;"Košický kraj";142;0;0;0;NA;90425;142;2020-10-17;5510
2020-10-16;"Košický kraj";196;19;0;19;NA;90425;196;2020-10-16;5368
2020-10-15;"Košický kraj";172;19;5;24;NA;90425;177;2020-10-15;5172
2020-10-14;"Košický kraj";205;8;0;8;NA;90425;205;2020-10-14;4995
2020-10-13;"Košický kraj";173;80;3;83;NA;90425;176;2020-10-13;4790
2020-10-12;"Košický kraj";74;0;0;0;NA;90425;74;2020-10-12;4614
2020-10-11;"Košický kraj";120;0;0;0;NA;90425;120;2020-10-11;4540
2020-10-10;"Košický kraj";69;0;0;0;NA;90425;69;2020-10-10;4420
2020-10-09;"Košický kraj";185;0;0;0;NA;90425;185;2020-10-09;4351
2020-10-08;"Košický kraj";102;0;0;0;NA;90425;102;2020-10-08;4166
2020-10-07;"Košický kraj";156;0;0;0;NA;90425;156;2020-10-07;4064
2020-10-06;"Košický kraj";68;0;0;0;NA;90425;68;2020-10-06;3908
2020-10-05;"Košický kraj";39;0;0;0;NA;90425;39;2020-10-05;3840
2020-10-04;"Košický kraj";44;0;0;0;NA;90425;44;2020-10-04;3801
2020-10-03;"Košický kraj";105;0;0;0;NA;90425;105;2020-10-03;3757
2020-10-02;"Košický kraj";57;0;0;0;NA;90425;57;2020-10-02;3652
2020-10-01;"Košický kraj";69;0;0;0;NA;90425;69;2020-10-01;3595
2020-09-30;"Košický kraj";94;0;0;0;NA;90425;94;2020-09-30;3526
2020-09-29;"Košický kraj";75;0;0;0;NA;90425;75;2020-09-29;3432
2020-09-28;"Košický kraj";19;0;0;0;NA;90425;19;2020-09-28;3357
2020-09-27;"Košický kraj";21;0;0;0;NA;90425;21;2020-09-27;3338
2020-09-26;"Košický kraj";52;0;0;0;NA;90425;52;2020-09-26;3317
2020-09-25;"Košický kraj";69;0;0;0;NA;90425;69;2020-09-25;3265
2020-09-24;"Košický kraj";35;0;0;0;NA;90425;35;2020-09-24;3196
2020-09-23;"Košický kraj";22;0;0;0;NA;90425;22;2020-09-23;3161
2020-09-22;"Košický kraj";38;0;0;0;NA;90425;38;2020-09-22;3139
2020-09-21;"Košický kraj";5;0;0;0;NA;90425;5;2020-09-21;3101
2020-09-20;"Košický kraj";3;0;0;0;NA;90425;3;2020-09-20;3096
2020-09-19;"Košický kraj";13;0;0;0;NA;90425;13;2020-09-19;3093
2020-09-18;"Košický kraj";20;0;0;0;NA;90425;20;2020-09-18;3080
2020-09-17;"Košický kraj";22;0;0;0;NA;90425;22;2020-09-17;3060
2020-09-16;"Košický kraj";12;0;0;0;NA;90425;12;2020-09-16;3038
2020-09-15;"Košický kraj";10;0;0;0;NA;90425;10;2020-09-15;3026
2020-09-14;"Košický kraj";6;0;0;0;NA;90425;6;2020-09-14;3016
2020-09-13;"Košický kraj";3;0;0;0;NA;90425;3;2020-09-13;3010
2020-09-12;"Košický kraj";16;0;0;0;NA;90425;16;2020-09-12;3007
2020-09-11;"Košický kraj";20;0;0;0;NA;90425;20;2020-09-11;2991
2020-09-10;"Košický kraj";11;0;0;0;NA;90425;11;2020-09-10;2971
2020-09-09;"Košický kraj";37;0;0;0;NA;90425;37;2020-09-09;2960
2020-09-08;"Košický kraj";10;0;0;0;NA;90425;10;2020-09-08;2923
2020-09-07;"Košický kraj";4;0;0;0;NA;90425;4;2020-09-07;2913
2020-09-06;"Košický kraj";2;0;0;0;NA;90425;2;2020-09-06;2909
2020-09-05;"Košický kraj";10;0;0;0;NA;90425;10;2020-09-05;2907
2020-09-04;"Košický kraj";14;0;0;0;NA;90425;14;2020-09-04;2897
2020-09-03;"Košický kraj";21;0;0;0;NA;90425;21;2020-09-03;2883
2020-09-02;"Košický kraj";11;0;0;0;NA;90425;11;2020-09-02;2862
2020-09-01;"Košický kraj";21;0;0;0;NA;90425;21;2020-09-01;2851
2020-08-31;"Košický kraj";9;0;0;0;NA;90425;9;2020-08-31;2830
2020-08-30;"Košický kraj";20;0;0;0;NA;90425;20;2020-08-30;2821
2020-08-29;"Košický kraj";1;0;0;0;NA;90425;1;2020-08-29;2801
2020-08-28;"Košický kraj";19;0;0;0;NA;90425;19;2020-08-28;2800
2020-08-27;"Košický kraj";10;0;0;0;NA;90425;10;2020-08-27;2781
2020-08-26;"Košický kraj";8;0;0;0;NA;90425;8;2020-08-26;2771
2020-08-25;"Košický kraj";22;0;0;0;NA;90425;22;2020-08-25;2763
2020-08-24;"Košický kraj";6;0;0;0;NA;90425;6;2020-08-24;2741
2020-08-23;"Košický kraj";8;0;0;0;NA;90425;8;2020-08-23;2735
2020-08-22;"Košický kraj";13;0;0;0;NA;90425;13;2020-08-22;2727
2020-08-21;"Košický kraj";10;0;0;0;NA;90425;10;2020-08-21;2714
2020-08-20;"Košický kraj";10;0;0;0;NA;90425;10;2020-08-20;2704
2020-08-19;"Košický kraj";3;0;0;0;NA;90425;3;2020-08-19;2694
2020-08-18;"Košický kraj";7;0;0;0;NA;90425;7;2020-08-18;2691
2020-08-17;"Košický kraj";2;0;0;0;NA;90425;2;2020-08-17;2684
2020-08-16;"Košický kraj";2;0;0;0;NA;90425;2;2020-08-16;2682
2020-08-15;"Košický kraj";3;0;0;0;NA;90425;3;2020-08-15;2680
2020-08-14;"Košický kraj";1;0;0;0;NA;90425;1;2020-08-14;2677
2020-08-13;"Košický kraj";3;0;0;0;NA;90425;3;2020-08-13;2676
2020-08-12;"Košický kraj";12;0;0;0;NA;90425;12;2020-08-12;2673
2020-08-11;"Košický kraj";4;0;0;0;NA;90425;4;2020-08-11;2661
2020-08-10;"Košický kraj";1;0;0;0;NA;90425;1;2020-08-10;2657
2020-08-09;"Košický kraj";0;0;0;0;NA;90425;0;2020-08-09;2656
2020-08-08;"Košický kraj";5;0;0;0;NA;90425;5;2020-08-08;2656
2020-08-07;"Košický kraj";7;0;0;0;NA;90425;7;2020-08-07;2651
2020-08-06;"Košický kraj";3;0;0;0;NA;90425;3;2020-08-06;2644
2020-08-05;"Košický kraj";3;0;0;0;NA;90425;3;2020-08-05;2641
2020-08-04;"Košický kraj";1;0;0;0;NA;90425;1;2020-08-04;2638
2020-08-03;"Košický kraj";1;0;0;0;NA;90425;1;2020-08-03;2637
2020-08-02;"Košický kraj";0;0;0;0;NA;90425;0;2020-08-02;2636
2020-08-01;"Košický kraj";0;0;0;0;NA;90425;0;2020-08-01;2636
2020-07-31;"Košický kraj";0;0;0;0;NA;90425;0;2020-07-31;2636
2020-07-30;"Košický kraj";2;0;0;0;NA;90425;2;2020-07-30;2636
2020-07-29;"Košický kraj";1;0;0;0;NA;90425;1;2020-07-29;2634
2020-07-28;"Košický kraj";9;0;0;0;NA;90425;9;2020-07-28;2633
2020-07-27;"Košický kraj";4;0;0;0;NA;90425;4;2020-07-27;2624
2020-07-26;"Košický kraj";0;0;0;0;NA;90425;0;2020-07-26;2620
2020-07-25;"Košický kraj";2;0;0;0;NA;90425;2;2020-07-25;2620
2020-07-24;"Košický kraj";2;0;0;0;NA;90425;2;2020-07-24;2618
2020-07-23;"Košický kraj";1;0;0;0;NA;90425;1;2020-07-23;2616
2020-07-22;"Košický kraj";1;0;0;0;NA;90425;1;2020-07-22;2615
2020-07-21;"Košický kraj";0;0;0;0;NA;90425;0;2020-07-21;2614
2020-07-20;"Košický kraj";0;0;0;0;NA;90425;0;2020-07-20;2614
2020-07-19;"Košický kraj";0;0;0;0;NA;90425;0;2020-07-19;2614
2020-07-18;"Košický kraj";1;0;0;0;NA;90425;1;2020-07-18;2614
2020-07-17;"Košický kraj";1;0;0;0;NA;90425;1;2020-07-17;2613
2020-07-16;"Košický kraj";0;0;0;0;NA;90425;0;2020-07-16;2612
2020-07-15;"Košický kraj";2;0;0;0;NA;90425;2;2020-07-15;2612
2020-07-14;"Košický kraj";1;0;0;0;NA;90425;1;2020-07-14;2610
2020-07-13;"Košický kraj";1;0;0;0;NA;90425;1;2020-07-13;2609
2020-07-12;"Košický kraj";0;0;0;0;NA;90425;0;2020-07-12;2608
2020-07-11;"Košický kraj";0;0;0;0;NA;90425;0;2020-07-11;2608
2020-07-10;"Košický kraj";1;0;0;0;NA;90425;1;2020-07-10;2608
2020-07-09;"Košický kraj";1;0;0;0;NA;90425;1;2020-07-09;2607
2020-07-08;"Košický kraj";12;0;0;0;NA;90425;12;2020-07-08;2606
2020-07-07;"Košický kraj";0;0;0;0;NA;90425;0;2020-07-07;2594
2020-07-06;"Košický kraj";0;0;0;0;NA;90425;0;2020-07-06;2594
2020-07-05;"Košický kraj";0;0;0;0;NA;90425;0;2020-07-05;2594
2020-07-04;"Košický kraj";0;0;0;0;NA;90425;0;2020-07-04;2594
2020-07-03;"Košický kraj";1;0;0;0;NA;90425;1;2020-07-03;2594
2020-07-02;"Košický kraj";0;0;0;0;NA;90425;0;2020-07-02;2593
2020-07-01;"Košický kraj";1;0;0;0;NA;90425;1;2020-07-01;2593
2020-06-30;"Košický kraj";0;0;0;0;NA;90425;0;2020-06-30;2592
2020-06-29;"Košický kraj";0;0;0;0;NA;90425;0;2020-06-29;2592
2020-06-28;"Košický kraj";0;0;0;0;NA;90425;0;2020-06-28;2592
2020-06-27;"Košický kraj";0;0;0;0;NA;90425;0;2020-06-27;2592
2020-06-26;"Košický kraj";0;0;0;0;NA;90425;0;2020-06-26;2592
2020-06-25;"Košický kraj";3;0;0;0;NA;90425;3;2020-06-25;2592
2020-06-24;"Košický kraj";3;0;0;0;NA;90425;3;2020-06-24;2589
2020-06-23;"Košický kraj";3;0;0;0;NA;90425;3;2020-06-23;2586
2020-06-22;"Košický kraj";0;0;0;0;NA;90425;0;2020-06-22;2583
2020-06-21;"Košický kraj";0;0;0;0;NA;90425;0;2020-06-21;2583
2020-06-20;"Košický kraj";0;0;0;0;NA;90425;0;2020-06-20;2583
2020-06-19;"Košický kraj";0;0;0;0;NA;90425;0;2020-06-19;2583
2020-06-18;"Košický kraj";1;0;0;0;NA;90425;1;2020-06-18;2583
2020-06-17;"Košický kraj";0;0;0;0;NA;90425;0;2020-06-17;2582
2020-06-16;"Košický kraj";2;0;0;0;NA;90425;2;2020-06-16;2582
2020-06-14;"Košický kraj";0;0;0;0;NA;90425;0;2020-06-14;2580
2020-06-13;"Košický kraj";0;0;0;0;NA;90425;0;2020-06-13;2580
2020-06-12;"Košický kraj";0;0;0;0;NA;90425;0;2020-06-12;2580
2020-06-11;"Košický kraj";0;0;0;0;NA;90425;0;2020-06-11;2580
2020-06-10;"Košický kraj";0;0;0;0;NA;90425;0;2020-06-10;2580
2020-06-09;"Košický kraj";0;0;0;0;NA;90425;0;2020-06-09;2580
2020-06-08;"Košický kraj";0;0;0;0;NA;90425;0;2020-06-08;2580
2020-06-07;"Košický kraj";1;0;0;0;NA;90425;1;2020-06-07;2580
2020-06-05;"Košický kraj";0;0;0;0;NA;90425;0;2020-06-05;2579
2020-06-03;"Košický kraj";0;0;0;0;NA;90425;0;2020-06-03;2579
2020-06-02;"Košický kraj";1;0;0;0;NA;90425;1;2020-06-02;2579
2020-05-31;"Košický kraj";0;0;0;0;NA;90425;0;2020-05-31;2578
2020-05-29;"Košický kraj";1;0;0;0;NA;90425;1;2020-05-29;2578
2020-05-27;"Košický kraj";0;0;0;0;NA;90425;0;2020-05-27;2577
2020-05-26;"Košický kraj";1;0;0;0;NA;90425;1;2020-05-26;2577
2020-05-25;"Košický kraj";1;0;0;0;NA;90425;1;2020-05-25;2576
2020-05-24;"Košický kraj";0;0;0;0;NA;90425;0;2020-05-24;2575
2020-05-23;"Košický kraj";0;0;0;0;NA;90425;0;2020-05-23;2575
2020-05-22;"Košický kraj";0;0;0;0;NA;90425;0;2020-05-22;2575
2020-05-21;"Košický kraj";0;0;0;0;NA;90425;0;2020-05-21;2575
2020-05-20;"Košický kraj";0;0;0;0;NA;90425;0;2020-05-20;2575
2020-05-19;"Košický kraj";0;0;0;0;NA;90425;0;2020-05-19;2575
2020-05-17;"Košický kraj";1;0;0;0;NA;90425;1;2020-05-17;2575
2020-05-16;"Košický kraj";1;0;0;0;NA;90425;1;2020-05-16;2574
2020-05-15;"Košický kraj";10;0;0;0;NA;90425;10;2020-05-15;2573
2020-05-14;"Košický kraj";1;0;0;0;NA;90425;1;2020-05-14;2563
2020-05-13;"Košický kraj";6;0;0;0;NA;90425;6;2020-05-13;2562
2020-05-12;"Košický kraj";0;0;0;0;NA;90425;0;2020-05-12;2556
2020-05-11;"Košický kraj";0;0;0;0;NA;90425;0;2020-05-11;2556
2020-05-09;"Košický kraj";0;0;0;0;NA;90425;0;2020-05-09;2556
2020-05-07;"Košický kraj";0;0;0;0;NA;90425;0;2020-05-07;2556
2020-05-06;"Košický kraj";1;0;0;0;NA;90425;1;2020-05-06;2556
2020-05-05;"Košický kraj";0;0;0;0;NA;90425;0;2020-05-05;2555
2020-05-04;"Košický kraj";0;0;0;0;NA;90425;0;2020-05-04;2555
2020-05-03;"Košický kraj";0;0;0;0;NA;90425;0;2020-05-03;2555
2020-05-02;"Košický kraj";1;0;0;0;NA;90425;1;2020-05-02;2555
2020-05-01;"Košický kraj";0;0;0;0;NA;90425;0;2020-05-01;2554
2020-04-30;"Košický kraj";1;0;0;0;NA;90425;1;2020-04-30;2554
2020-04-29;"Košický kraj";1;0;0;0;NA;90425;1;2020-04-29;2553
2020-04-28;"Košický kraj";1;0;0;0;NA;90425;1;2020-04-28;2552
2020-04-27;"Košický kraj";1;0;0;0;NA;90425;1;2020-04-27;2551
2020-04-26;"Košický kraj";0;0;0;0;NA;90425;0;2020-04-26;2550
2020-04-25;"Košický kraj";0;0;0;0;NA;90425;0;2020-04-25;2550
2020-04-24;"Košický kraj";3;0;0;0;NA;90425;3;2020-04-24;2550
2020-04-23;"Košický kraj";4;0;0;0;NA;90425;4;2020-04-23;2547
2020-04-22;"Košický kraj";21;0;0;0;NA;90425;21;2020-04-22;2543
2020-04-21;"Košický kraj";3;0;0;0;NA;90425;3;2020-04-21;2522
2020-04-20;"Košický kraj";0;0;0;0;NA;90425;0;2020-04-20;2519
2020-04-19;"Košický kraj";1;0;0;0;NA;90425;1;2020-04-19;2519
2020-04-18;"Košický kraj";2;0;0;0;NA;90425;2;2020-04-18;2518
2020-04-17;"Košický kraj";7;0;0;0;NA;90425;7;2020-04-17;2516
2020-04-16;"Košický kraj";23;0;0;0;NA;90425;23;2020-04-16;2509
2020-04-15;"Košický kraj";50;0;0;0;NA;90425;50;2020-04-15;2486
2020-04-14;"Košický kraj";3;0;0;0;NA;90425;3;2020-04-14;2436
2020-04-13;"Košický kraj";5;0;0;0;NA;90425;5;2020-04-13;2433
2020-04-12;"Košický kraj";4;0;0;0;NA;90425;4;2020-04-12;2428
2020-04-11;"Košický kraj";2;0;0;0;NA;90425;2;2020-04-11;2424
2020-04-10;"Košický kraj";1;0;0;0;NA;90425;1;2020-04-10;2422
2020-04-09;"Košický kraj";4;0;0;0;NA;90425;4;2020-04-09;2421
2020-04-08;"Košický kraj";5;2;0;2;NA;90425;5;2020-04-08;2417
2020-04-07;"Košický kraj";33;0;0;0;NA;90425;33;2020-04-07;2412
2020-04-06;"Košický kraj";6;0;0;0;NA;90425;6;2020-04-06;2379
2020-04-05;"Košický kraj";4;0;0;0;NA;90425;4;2020-04-05;2373
2020-04-04;"Košický kraj";5;0;0;0;NA;90425;5;2020-04-04;2369
2020-04-03;"Košický kraj";4;0;0;0;NA;90425;4;2020-04-03;2364
2020-04-02;"Košický kraj";3;0;0;0;NA;90425;3;2020-04-02;2360
2020-04-01;"Košický kraj";3;0;0;0;NA;90425;3;2020-04-01;2357
2020-03-31;"Košický kraj";1;0;0;0;NA;90425;1;2020-03-31;2354
2020-03-30;"Košický kraj";3;0;0;0;NA;90425;3;2020-03-30;2353
2020-03-29;"Košický kraj";0;0;0;0;NA;90425;0;2020-03-29;2350
2020-03-28;"Košický kraj";1;0;0;0;NA;90425;1;2020-03-28;2350
2020-03-27;"Košický kraj";1;0;0;0;NA;90425;1;2020-03-27;2349
2020-03-26;"Košický kraj";3;0;0;0;NA;90425;3;2020-03-26;2348
2020-03-25;"Košický kraj";2;0;0;0;NA;90425;2;2020-03-25;2345
2020-03-24;"Košický kraj";0;0;0;0;NA;90425;0;2020-03-24;2343
2020-03-23;"Košický kraj";2;0;0;0;NA;90425;2;2020-03-23;2343
2020-03-22;"Košický kraj";0;0;0;0;NA;90425;0;2020-03-22;2341
2020-03-21;"Košický kraj";3;0;0;0;NA;90425;3;2020-03-21;2341
2020-03-20;"Košický kraj";1;0;0;0;NA;90425;1;2020-03-20;2338
2020-03-19;"Košický kraj";0;0;0;0;NA;90425;0;2020-03-19;2337
2020-03-18;"Košický kraj";0;0;0;0;NA;90425;0;2020-03-18;2337
2020-03-17;"Košický kraj";0;0;0;0;NA;90425;0;2020-03-17;2337
2020-03-16;"Košický kraj";2;0;0;0;NA;90425;2;2020-03-16;2337
2020-03-15;"Košický kraj";1;0;0;0;NA;90425;1;2020-03-15;2335
2020-03-14;"Košický kraj";0;0;0;0;NA;90425;0;2020-03-14;2334
2020-03-13;"Košický kraj";2;0;0;0;NA;90425;2;2020-03-13;2334
2020-03-12;"Košický kraj";0;0;0;0;NA;90425;0;2020-03-12;2332
2020-03-11;"Košický kraj";0;0;0;0;NA;90425;0;2020-03-11;2332
2020-03-09;"Košický kraj";1;0;0;0;NA;90425;1;2020-03-09;2332
2020-03-08;"Košický kraj";0;0;0;0;NA;90425;0;2020-03-08;2331
2020-03-07;"Košický kraj";0;0;0;0;NA;90425;0;2020-03-07;2331
2020-03-06;"Košický kraj";0;0;0;0;NA;90425;0;2020-03-06;2331
2021-04-27;"Nitriansky kraj";47;9602;31;9633;38598;80451;78;2021-04-27;80451
2021-04-26;"Nitriansky kraj";36;17689;33;17722;NA;80451;69;2021-04-26;80373
2021-04-25;"Nitriansky kraj";6;33205;34;33239;NA;80451;40;2021-04-25;80304
2021-04-24;"Nitriansky kraj";20;72998;61;73059;NA;80451;81;2021-04-24;80264
2021-04-23;"Nitriansky kraj";48;28411;48;28459;NA;80451;96;2021-04-23;80183
2021-04-22;"Nitriansky kraj";27;12796;38;12834;NA;80451;65;2021-04-22;80087
2021-04-21;"Nitriansky kraj";30;12206;44;12250;NA;80451;74;2021-04-21;80022
2021-04-20;"Nitriansky kraj";64;13333;44;13377;NA;80451;108;2021-04-20;79948
2021-04-19;"Nitriansky kraj";28;20519;52;20571;NA;80451;80;2021-04-19;79840
2021-04-18;"Nitriansky kraj";0;32294;27;32321;NA;80451;27;2021-04-18;79760
2021-04-17;"Nitriansky kraj";29;75124;64;75188;NA;80451;93;2021-04-17;79733
2021-04-16;"Nitriansky kraj";37;26435;33;26468;NA;80451;70;2021-04-16;79640
2021-04-15;"Nitriansky kraj";69;13837;47;13884;NA;80451;116;2021-04-15;79570
2021-04-14;"Nitriansky kraj";38;12934;42;12976;NA;80451;80;2021-04-14;79454
2021-04-13;"Nitriansky kraj";92;12966;41;13007;NA;80451;133;2021-04-13;79374
2021-04-12;"Nitriansky kraj";22;18358;47;18405;NA;80451;69;2021-04-12;79241
2021-04-11;"Nitriansky kraj";1;31179;31;31210;NA;80451;32;2021-04-11;79172
2021-04-10;"Nitriansky kraj";33;73588;88;73676;NA;80451;121;2021-04-10;79140
2021-04-09;"Nitriansky kraj";50;24205;51;24256;NA;80451;101;2021-04-09;79019
2021-04-08;"Nitriansky kraj";62;12819;34;12853;NA;80451;96;2021-04-08;78918
2021-04-07;"Nitriansky kraj";59;15970;38;16008;NA;80451;97;2021-04-07;78822
2021-04-06;"Nitriansky kraj";50;24990;97;25087;NA;80451;147;2021-04-06;78725
2021-04-05;"Nitriansky kraj";31;10147;43;10190;NA;80451;74;2021-04-05;78578
2021-04-04;"Nitriansky kraj";5;14946;28;14974;NA;80451;33;2021-04-04;78504
2021-04-03;"Nitriansky kraj";23;74553;139;74692;NA;80451;162;2021-04-03;78471
2021-04-02;"Nitriansky kraj";28;16049;42;16091;NA;80451;70;2021-04-02;78309
2021-04-01;"Nitriansky kraj";50;20438;67;20505;NA;80451;117;2021-04-01;78239
2021-03-31;"Nitriansky kraj";64;18951;82;19033;NA;80451;146;2021-03-31;78122
2021-03-30;"Nitriansky kraj";105;14184;72;14256;NA;80451;177;2021-03-30;77976
2021-03-29;"Nitriansky kraj";59;19592;80;19672;NA;80451;139;2021-03-29;77799
2021-03-28;"Nitriansky kraj";6;38343;85;38428;NA;80451;91;2021-03-28;77660
2021-03-27;"Nitriansky kraj";30;86789;150;86939;NA;80451;180;2021-03-27;77569
2021-03-26;"Nitriansky kraj";70;33071;94;33165;NA;80451;164;2021-03-26;77389
2021-03-25;"Nitriansky kraj";74;15871;83;15954;NA;80451;157;2021-03-25;77225
2021-03-24;"Nitriansky kraj";79;12770;77;12847;NA;80451;156;2021-03-24;77068
2021-03-23;"Nitriansky kraj";144;14018;60;14078;NA;80451;204;2021-03-23;76912
2021-03-22;"Nitriansky kraj";77;17898;96;17994;NA;80451;173;2021-03-22;76708
2021-03-21;"Nitriansky kraj";26;35848;82;35930;NA;80451;108;2021-03-21;76535
2021-03-20;"Nitriansky kraj";30;81360;181;81541;NA;80451;211;2021-03-20;76427
2021-03-19;"Nitriansky kraj";56;30445;88;30533;NA;80451;144;2021-03-19;76216
2021-03-18;"Nitriansky kraj";76;16952;100;17052;NA;80451;176;2021-03-18;76072
2021-03-17;"Nitriansky kraj";67;13609;103;13712;NA;80451;170;2021-03-17;75896
2021-03-16;"Nitriansky kraj";144;15542;106;15648;NA;80451;250;2021-03-16;75726
2021-03-15;"Nitriansky kraj";113;18565;135;18700;NA;80451;248;2021-03-15;75476
2021-03-14;"Nitriansky kraj";1;37405;92;37497;NA;80451;93;2021-03-14;75228
2021-03-13;"Nitriansky kraj";43;93720;216;93936;NA;80451;259;2021-03-13;75135
2021-03-12;"Nitriansky kraj";109;34074;133;34207;NA;80451;242;2021-03-12;74876
2021-03-11;"Nitriansky kraj";101;15871;116;15987;NA;80451;217;2021-03-11;74634
2021-03-10;"Nitriansky kraj";72;14988;119;15107;NA;80451;191;2021-03-10;74417
2021-03-09;"Nitriansky kraj";200;14906;132;15038;NA;80451;332;2021-03-09;74226
2021-03-08;"Nitriansky kraj";95;21228;143;21371;NA;80451;238;2021-03-08;73894
2021-03-07;"Nitriansky kraj";47;39791;159;39950;NA;80451;206;2021-03-07;73656
2021-03-06;"Nitriansky kraj";68;91965;277;92242;NA;80451;345;2021-03-06;73450
2021-03-05;"Nitriansky kraj";114;32347;166;32513;NA;80451;280;2021-03-05;73105
2021-03-04;"Nitriansky kraj";146;15378;148;15526;NA;80451;294;2021-03-04;72825
2021-03-03;"Nitriansky kraj";140;14825;150;14975;NA;80451;290;2021-03-03;72531
2021-03-02;"Nitriansky kraj";205;18160;329;18489;NA;80451;534;2021-03-02;72241
2021-03-01;"Nitriansky kraj";125;22116;218;22334;NA;80451;343;2021-03-01;71707
2021-02-28;"Nitriansky kraj";59;32875;176;33051;NA;80451;235;2021-02-28;71364
2021-02-27;"Nitriansky kraj";76;87058;424;87482;NA;80451;500;2021-02-27;71129
2021-02-26;"Nitriansky kraj";82;31578;245;31823;NA;80451;327;2021-02-26;70629
2021-02-25;"Nitriansky kraj";159;13171;155;13326;NA;80451;314;2021-02-25;70302
2021-02-24;"Nitriansky kraj";90;11967;213;12180;NA;80451;303;2021-02-24;69988
2021-02-23;"Nitriansky kraj";204;12812;212;13024;NA;80451;416;2021-02-23;69685
2021-02-22;"Nitriansky kraj";113;21569;261;21830;NA;80451;374;2021-02-22;69269
2021-02-21;"Nitriansky kraj";21;35040;251;35291;NA;80451;272;2021-02-21;68895
2021-02-20;"Nitriansky kraj";91;87232;479;87711;NA;80451;570;2021-02-20;68623
2021-02-19;"Nitriansky kraj";135;31751;265;32016;NA;80451;400;2021-02-19;68053
2021-02-18;"Nitriansky kraj";155;14644;236;14880;NA;80451;391;2021-02-18;67653
2021-02-17;"Nitriansky kraj";120;10233;242;10475;NA;80451;362;2021-02-17;67262
2021-02-16;"Nitriansky kraj";190;12092;234;12326;NA;80451;424;2021-02-16;66900
2021-02-15;"Nitriansky kraj";86;19935;380;20315;NA;80451;466;2021-02-15;66476
2021-02-14;"Nitriansky kraj";6;41439;248;41687;NA;80451;254;2021-02-14;66010
2021-02-13;"Nitriansky kraj";96;92244;551;92795;NA;80451;647;2021-02-13;65756
2021-02-12;"Nitriansky kraj";136;28189;321;28510;NA;80451;457;2021-02-12;65109
2021-02-11;"Nitriansky kraj";129;10531;216;10747;NA;80451;345;2021-02-11;64652
2021-02-10;"Nitriansky kraj";144;14605;563;15168;NA;80451;707;2021-02-10;64307
2021-02-09;"Nitriansky kraj";182;14347;311;14658;NA;80451;493;2021-02-09;63600
2021-02-08;"Nitriansky kraj";140;27909;454;28363;NA;80451;594;2021-02-08;63107
2021-02-07;"Nitriansky kraj";17;38087;341;38428;NA;80451;358;2021-02-07;62513
2021-02-06;"Nitriansky kraj";58;82685;624;83309;NA;80451;682;2021-02-06;62155
2021-02-05;"Nitriansky kraj";197;18467;333;18800;NA;80451;530;2021-02-05;61473
2021-02-04;"Nitriansky kraj";227;8342;358;8700;NA;80451;585;2021-02-04;60943
2021-02-03;"Nitriansky kraj";143;11450;294;11744;NA;80451;437;2021-02-03;60358
2021-02-02;"Nitriansky kraj";258;10650;260;10910;NA;80451;518;2021-02-02;59921
2021-02-01;"Nitriansky kraj";173;19004;353;19357;NA;80451;526;2021-02-01;59403
2021-01-31;"Nitriansky kraj";4;36867;390;37257;NA;80451;394;2021-01-31;58877
2021-01-30;"Nitriansky kraj";130;81904;867;82771;NA;80451;997;2021-01-30;58483
2021-01-29;"Nitriansky kraj";224;18268;376;18644;NA;80451;600;2021-01-29;57486
2021-01-28;"Nitriansky kraj";211;10039;322;10361;NA;80451;533;2021-01-28;56886
2021-01-27;"Nitriansky kraj";167;5730;234;5964;NA;80451;401;2021-01-27;56353
2021-01-26;"Nitriansky kraj";260;10293;281;10574;NA;80451;541;2021-01-26;55952
2021-01-25;"Nitriansky kraj";181;18406;327;18733;NA;80451;508;2021-01-25;55411
2021-01-24;"Nitriansky kraj";9;71230;751;71981;NA;80451;760;2021-01-24;54903
2021-01-23;"Nitriansky kraj";188;77224;1031;78255;NA;80451;1219;2021-01-23;54143
2021-01-22;"Nitriansky kraj";115;31208;468;31676;NA;80451;583;2021-01-22;52924
2021-01-21;"Nitriansky kraj";284;11584;321;11905;NA;80451;605;2021-01-21;52341
2021-01-20;"Nitriansky kraj";254;9452;527;9979;NA;80451;781;2021-01-20;51736
2021-01-19;"Nitriansky kraj";257;8353;465;8818;NA;80451;722;2021-01-19;50955
2021-01-18;"Nitriansky kraj";328;6588;367;6955;NA;80451;695;2021-01-18;50233
2021-01-17;"Nitriansky kraj";89;15049;275;15324;NA;80451;364;2021-01-17;49538
2021-01-16;"Nitriansky kraj";34;36123;633;36756;NA;80451;667;2021-01-16;49174
2021-01-15;"Nitriansky kraj";308;13994;362;14356;NA;80451;670;2021-01-15;48507
2021-01-14;"Nitriansky kraj";564;9001;326;9327;NA;80451;890;2021-01-14;47837
2021-01-13;"Nitriansky kraj";509;6849;317;7166;NA;80451;826;2021-01-13;46947
2021-01-12;"Nitriansky kraj";506;6649;390;7039;NA;80451;896;2021-01-12;46121
2021-01-11;"Nitriansky kraj";376;7248;397;7645;NA;80451;773;2021-01-11;45225
2021-01-10;"Nitriansky kraj";39;18709;566;19275;NA;80451;605;2021-01-10;44452
2021-01-09;"Nitriansky kraj";441;36214;1027;37241;NA;80451;1468;2021-01-09;43847
2021-01-08;"Nitriansky kraj";714;12362;535;12897;NA;80451;1249;2021-01-08;42379
2021-01-07;"Nitriansky kraj";383;9690;649;10339;NA;80451;1032;2021-01-07;41130
2021-01-06;"Nitriansky kraj";206;2938;151;3089;NA;80451;357;2021-01-06;40098
2021-01-05;"Nitriansky kraj";645;7415;946;8361;NA;80451;1591;2021-01-05;39741
2021-01-04;"Nitriansky kraj";330;6315;904;7219;NA;80451;1234;2021-01-04;38150
2021-01-03;"Nitriansky kraj";33;74;19;93;NA;80451;52;2021-01-03;36916
2021-01-02;"Nitriansky kraj";209;1070;25;1095;NA;80451;234;2021-01-02;36864
2021-01-01;"Nitriansky kraj";83;504;48;552;NA;80451;131;2021-01-01;36630
2020-12-31;"Nitriansky kraj";732;6573;849;7422;NA;80451;1581;2020-12-31;36499
2020-12-30;"Nitriansky kraj";873;7301;806;8107;NA;80451;1679;2020-12-30;34918
2020-12-29;"Nitriansky kraj";582;6696;955;7651;NA;80451;1537;2020-12-29;33239
2020-12-28;"Nitriansky kraj";65;5664;951;6615;NA;80451;1016;2020-12-28;31702
2020-12-27;"Nitriansky kraj";19;35;7;42;NA;80451;26;2020-12-27;30686
2020-12-26;"Nitriansky kraj";44;282;50;332;NA;80451;94;2020-12-26;30660
2020-12-25;"Nitriansky kraj";27;44;11;55;NA;80451;38;2020-12-25;30566
2020-12-24;"Nitriansky kraj";454;1412;116;1528;NA;80451;570;2020-12-24;30528
2020-12-23;"Nitriansky kraj";325;13437;695;14132;NA;80451;1020;2020-12-23;29958
2020-12-22;"Nitriansky kraj";639;7642;713;8355;NA;80451;1352;2020-12-22;28938
2020-12-21;"Nitriansky kraj";102;6625;764;7389;NA;80451;866;2020-12-21;27586
2020-12-20;"Nitriansky kraj";60;37;6;43;NA;80451;66;2020-12-20;26720
2020-12-19;"Nitriansky kraj";238;1257;86;1343;NA;80451;324;2020-12-19;26654
2020-12-18;"Nitriansky kraj";460;7649;484;8133;NA;80451;944;2020-12-18;26330
2020-12-17;"Nitriansky kraj";555;5854;427;6281;NA;80451;982;2020-12-17;25386
2020-12-16;"Nitriansky kraj";316;7882;486;8368;NA;80451;802;2020-12-16;24404
2020-12-15;"Nitriansky kraj";406;8023;646;8669;NA;80451;1052;2020-12-15;23602
2020-12-14;"Nitriansky kraj";184;6742;670;7412;NA;80451;854;2020-12-14;22550
2020-12-13;"Nitriansky kraj";9;60;5;65;NA;80451;14;2020-12-13;21696
2020-12-12;"Nitriansky kraj";298;1613;110;1723;NA;80451;408;2020-12-12;21682
2020-12-11;"Nitriansky kraj";352;4565;317;4882;NA;80451;669;2020-12-11;21274
2020-12-10;"Nitriansky kraj";326;4855;308;5163;NA;80451;634;2020-12-10;20605
2020-12-09;"Nitriansky kraj";296;3963;408;4371;NA;80451;704;2020-12-09;19971
2020-12-08;"Nitriansky kraj";286;8067;541;8608;NA;80451;827;2020-12-08;19267
2020-12-07;"Nitriansky kraj";115;2381;208;2589;NA;80451;323;2020-12-07;18440
2020-12-06;"Nitriansky kraj";14;76;4;80;NA;80451;18;2020-12-06;18117
2020-12-05;"Nitriansky kraj";120;1254;11;1265;NA;80451;131;2020-12-05;18099
2020-12-04;"Nitriansky kraj";191;2498;64;2562;NA;80451;255;2020-12-04;17968
2020-12-03;"Nitriansky kraj";229;2097;94;2191;NA;80451;323;2020-12-03;17713
2020-12-02;"Nitriansky kraj";215;3341;154;3495;NA;80451;369;2020-12-02;17390
2020-12-01;"Nitriansky kraj";275;2516;109;2625;NA;80451;384;2020-12-01;17021
2020-11-30;"Nitriansky kraj";75;3793;176;3969;NA;80451;251;2020-11-30;16637
2020-11-29;"Nitriansky kraj";3;620;42;662;NA;80451;45;2020-11-29;16386
2020-11-28;"Nitriansky kraj";127;880;31;911;NA;80451;158;2020-11-28;16341
2020-11-27;"Nitriansky kraj";147;1718;69;1787;NA;80451;216;2020-11-27;16183
2020-11-26;"Nitriansky kraj";155;2533;73;2606;NA;80451;228;2020-11-26;15967
2020-11-25;"Nitriansky kraj";250;2170;77;2247;NA;80451;327;2020-11-25;15739
2020-11-24;"Nitriansky kraj";129;1441;61;1502;NA;80451;190;2020-11-24;15412
2020-11-23;"Nitriansky kraj";75;9633;210;9843;NA;80451;285;2020-11-23;15222
2020-11-22;"Nitriansky kraj";7;1165;24;1189;NA;80451;31;2020-11-22;14937
2020-11-21;"Nitriansky kraj";78;1053;38;1091;NA;80451;116;2020-11-21;14906
2020-11-20;"Nitriansky kraj";202;4016;97;4113;NA;80451;299;2020-11-20;14790
2020-11-19;"Nitriansky kraj";119;2952;134;3086;NA;80451;253;2020-11-19;14491
2020-11-18;"Nitriansky kraj";152;2114;78;2192;NA;80451;230;2020-11-18;14238
2020-11-17;"Nitriansky kraj";165;583;29;612;NA;80451;194;2020-11-17;14008
2020-11-16;"Nitriansky kraj";102;1830;75;1905;NA;80451;177;2020-11-16;13814
2020-11-15;"Nitriansky kraj";11;170;5;175;NA;80451;16;2020-11-15;13637
2020-11-14;"Nitriansky kraj";95;1120;31;1151;NA;80451;126;2020-11-14;13621
2020-11-13;"Nitriansky kraj";179;921;46;967;NA;80451;225;2020-11-13;13495
2020-11-12;"Nitriansky kraj";219;1188;35;1223;NA;80451;254;2020-11-12;13270
2020-11-11;"Nitriansky kraj";233;1240;21;1261;NA;80451;254;2020-11-11;13016
2020-11-10;"Nitriansky kraj";159;2464;34;2498;NA;80451;193;2020-11-10;12762
2020-11-09;"Nitriansky kraj";98;1590;32;1622;NA;80451;130;2020-11-09;12569
2020-11-08;"Nitriansky kraj";20;1457;32;1489;NA;80451;52;2020-11-08;12439
2020-11-07;"Nitriansky kraj";113;1012;3;1015;NA;80451;116;2020-11-07;12387
2020-11-06;"Nitriansky kraj";153;2175;31;2206;NA;80451;184;2020-11-06;12271
2020-11-05;"Nitriansky kraj";134;301;14;315;NA;80451;148;2020-11-05;12087
2020-11-04;"Nitriansky kraj";176;295;16;311;NA;80451;192;2020-11-04;11939
2020-11-03;"Nitriansky kraj";143;430;25;455;NA;80451;168;2020-11-03;11747
2020-11-02;"Nitriansky kraj";112;2919;29;2948;NA;80451;141;2020-11-02;11579
2020-11-01;"Nitriansky kraj";65;2546;27;2573;NA;80451;92;2020-11-01;11438
2020-10-31;"Nitriansky kraj";172;10395;134;10529;NA;80451;306;2020-10-31;11346
2020-10-30;"Nitriansky kraj";180;2284;41;2325;NA;80451;221;2020-10-30;11040
2020-10-29;"Nitriansky kraj";223;839;39;878;NA;80451;262;2020-10-29;10819
2020-10-28;"Nitriansky kraj";171;601;57;658;NA;80451;228;2020-10-28;10557
2020-10-27;"Nitriansky kraj";253;549;47;596;NA;80451;300;2020-10-27;10329
2020-10-26;"Nitriansky kraj";29;628;55;683;NA;80451;84;2020-10-26;10029
2020-10-25;"Nitriansky kraj";31;62;8;70;NA;80451;39;2020-10-25;9945
2020-10-24;"Nitriansky kraj";139;236;11;247;NA;80451;150;2020-10-24;9906
2020-10-23;"Nitriansky kraj";232;762;41;803;NA;80451;273;2020-10-23;9756
2020-10-22;"Nitriansky kraj";95;422;36;458;NA;80451;131;2020-10-22;9483
2020-10-21;"Nitriansky kraj";112;208;3;211;NA;80451;115;2020-10-21;9352
2020-10-20;"Nitriansky kraj";178;78;6;84;NA;80451;184;2020-10-20;9237
2020-10-19;"Nitriansky kraj";132;79;1;80;NA;80451;133;2020-10-19;9053
2020-10-18;"Nitriansky kraj";16;0;0;0;NA;80451;16;2020-10-18;8920
2020-10-17;"Nitriansky kraj";40;0;0;0;NA;80451;40;2020-10-17;8904
2020-10-16;"Nitriansky kraj";114;28;3;31;NA;80451;117;2020-10-16;8864
2020-10-15;"Nitriansky kraj";88;31;2;33;NA;80451;90;2020-10-15;8747
2020-10-14;"Nitriansky kraj";62;22;4;26;NA;80451;66;2020-10-14;8657
2020-10-13;"Nitriansky kraj";78;82;2;84;NA;80451;80;2020-10-13;8591
2020-10-12;"Nitriansky kraj";32;0;0;0;NA;80451;32;2020-10-12;8511
2020-10-11;"Nitriansky kraj";7;0;0;0;NA;80451;7;2020-10-11;8479
2020-10-10;"Nitriansky kraj";80;0;0;0;NA;80451;80;2020-10-10;8472
2020-10-09;"Nitriansky kraj";108;0;0;0;NA;80451;108;2020-10-09;8392
2020-10-08;"Nitriansky kraj";91;0;0;0;NA;80451;91;2020-10-08;8284
2020-10-07;"Nitriansky kraj";75;0;0;0;NA;80451;75;2020-10-07;8193
2020-10-06;"Nitriansky kraj";39;0;0;0;NA;80451;39;2020-10-06;8118
2020-10-05;"Nitriansky kraj";17;0;0;0;NA;80451;17;2020-10-05;8079
2020-10-04;"Nitriansky kraj";16;0;0;0;NA;80451;16;2020-10-04;8062
2020-10-03;"Nitriansky kraj";85;0;0;0;NA;80451;85;2020-10-03;8046
2020-10-02;"Nitriansky kraj";104;0;0;0;NA;80451;104;2020-10-02;7961
2020-10-01;"Nitriansky kraj";73;0;0;0;NA;80451;73;2020-10-01;7857
2020-09-30;"Nitriansky kraj";90;0;0;0;NA;80451;90;2020-09-30;7784
2020-09-29;"Nitriansky kraj";43;0;0;0;NA;80451;43;2020-09-29;7694
2020-09-28;"Nitriansky kraj";21;0;0;0;NA;80451;21;2020-09-28;7651
2020-09-27;"Nitriansky kraj";16;0;0;0;NA;80451;16;2020-09-27;7630
2020-09-26;"Nitriansky kraj";44;0;0;0;NA;80451;44;2020-09-26;7614
2020-09-25;"Nitriansky kraj";82;0;0;0;NA;80451;82;2020-09-25;7570
2020-09-24;"Nitriansky kraj";39;0;0;0;NA;80451;39;2020-09-24;7488
2020-09-23;"Nitriansky kraj";66;0;0;0;NA;80451;66;2020-09-23;7449
2020-09-22;"Nitriansky kraj";16;0;0;0;NA;80451;16;2020-09-22;7383
2020-09-21;"Nitriansky kraj";7;0;0;0;NA;80451;7;2020-09-21;7367
2020-09-20;"Nitriansky kraj";1;0;0;0;NA;80451;1;2020-09-20;7360
2020-09-19;"Nitriansky kraj";13;0;0;0;NA;80451;13;2020-09-19;7359
2020-09-18;"Nitriansky kraj";15;0;0;0;NA;80451;15;2020-09-18;7346
2020-09-17;"Nitriansky kraj";22;0;0;0;NA;80451;22;2020-09-17;7331
2020-09-16;"Nitriansky kraj";5;0;0;0;NA;80451;5;2020-09-16;7309
2020-09-15;"Nitriansky kraj";15;0;0;0;NA;80451;15;2020-09-15;7304
2020-09-14;"Nitriansky kraj";25;0;0;0;NA;80451;25;2020-09-14;7289
2020-09-13;"Nitriansky kraj";3;0;0;0;NA;80451;3;2020-09-13;7264
2020-09-12;"Nitriansky kraj";11;0;0;0;NA;80451;11;2020-09-12;7261
2020-09-11;"Nitriansky kraj";15;0;0;0;NA;80451;15;2020-09-11;7250
2020-09-10;"Nitriansky kraj";25;0;0;0;NA;80451;25;2020-09-10;7235
2020-09-09;"Nitriansky kraj";17;0;0;0;NA;80451;17;2020-09-09;7210
2020-09-08;"Nitriansky kraj";15;0;0;0;NA;80451;15;2020-09-08;7193
2020-09-07;"Nitriansky kraj";14;0;0;0;NA;80451;14;2020-09-07;7178
2020-09-06;"Nitriansky kraj";0;0;0;0;NA;80451;0;2020-09-06;7164
2020-09-05;"Nitriansky kraj";22;0;0;0;NA;80451;22;2020-09-05;7164
2020-09-04;"Nitriansky kraj";29;0;0;0;NA;80451;29;2020-09-04;7142
2020-09-03;"Nitriansky kraj";14;0;0;0;NA;80451;14;2020-09-03;7113
2020-09-02;"Nitriansky kraj";15;0;0;0;NA;80451;15;2020-09-02;7099
2020-09-01;"Nitriansky kraj";2;0;0;0;NA;80451;2;2020-09-01;7084
2020-08-31;"Nitriansky kraj";12;0;0;0;NA;80451;12;2020-08-31;7082
2020-08-30;"Nitriansky kraj";0;0;0;0;NA;80451;0;2020-08-30;7070
2020-08-29;"Nitriansky kraj";7;0;0;0;NA;80451;7;2020-08-29;7070
2020-08-28;"Nitriansky kraj";9;0;0;0;NA;80451;9;2020-08-28;7063
2020-08-27;"Nitriansky kraj";10;0;0;0;NA;80451;10;2020-08-27;7054
2020-08-26;"Nitriansky kraj";3;0;0;0;NA;80451;3;2020-08-26;7044
2020-08-25;"Nitriansky kraj";8;0;0;0;NA;80451;8;2020-08-25;7041
2020-08-24;"Nitriansky kraj";0;0;0;0;NA;80451;0;2020-08-24;7033
2020-08-23;"Nitriansky kraj";1;0;0;0;NA;80451;1;2020-08-23;7033
2020-08-22;"Nitriansky kraj";2;0;0;0;NA;80451;2;2020-08-22;7032
2020-08-21;"Nitriansky kraj";0;0;0;0;NA;80451;0;2020-08-21;7030
2020-08-20;"Nitriansky kraj";6;0;0;0;NA;80451;6;2020-08-20;7030
2020-08-19;"Nitriansky kraj";1;0;0;0;NA;80451;1;2020-08-19;7024
2020-08-18;"Nitriansky kraj";2;0;0;0;NA;80451;2;2020-08-18;7023
2020-08-17;"Nitriansky kraj";1;0;0;0;NA;80451;1;2020-08-17;7021
2020-08-16;"Nitriansky kraj";0;0;0;0;NA;80451;0;2020-08-16;7020
2020-08-15;"Nitriansky kraj";2;0;0;0;NA;80451;2;2020-08-15;7020
2020-08-14;"Nitriansky kraj";1;0;0;0;NA;80451;1;2020-08-14;7018
2020-08-13;"Nitriansky kraj";3;0;0;0;NA;80451;3;2020-08-13;7017
2020-08-12;"Nitriansky kraj";0;0;0;0;NA;80451;0;2020-08-12;7014
2020-08-11;"Nitriansky kraj";1;0;0;0;NA;80451;1;2020-08-11;7014
2020-08-10;"Nitriansky kraj";0;0;0;0;NA;80451;0;2020-08-10;7013
2020-08-09;"Nitriansky kraj";0;0;0;0;NA;80451;0;2020-08-09;7013
2020-08-08;"Nitriansky kraj";0;0;0;0;NA;80451;0;2020-08-08;7013
2020-08-07;"Nitriansky kraj";4;0;0;0;NA;80451;4;2020-08-07;7013
2020-08-06;"Nitriansky kraj";3;0;0;0;NA;80451;3;2020-08-06;7009
2020-08-05;"Nitriansky kraj";0;0;0;0;NA;80451;0;2020-08-05;7006
2020-08-04;"Nitriansky kraj";6;0;0;0;NA;80451;6;2020-08-04;7006
2020-08-03;"Nitriansky kraj";0;0;0;0;NA;80451;0;2020-08-03;7000
2020-08-02;"Nitriansky kraj";0;0;0;0;NA;80451;0;2020-08-02;7000
2020-08-01;"Nitriansky kraj";0;0;0;0;NA;80451;0;2020-08-01;7000
2020-07-31;"Nitriansky kraj";0;0;0;0;NA;80451;0;2020-07-31;7000
2020-07-30;"Nitriansky kraj";0;0;0;0;NA;80451;0;2020-07-30;7000
2020-07-29;"Nitriansky kraj";0;0;0;0;NA;80451;0;2020-07-29;7000
2020-07-28;"Nitriansky kraj";0;0;0;0;NA;80451;0;2020-07-28;7000
2020-07-27;"Nitriansky kraj";0;0;0;0;NA;80451;0;2020-07-27;7000
2020-07-26;"Nitriansky kraj";0;0;0;0;NA;80451;0;2020-07-26;7000
2020-07-25;"Nitriansky kraj";0;0;0;0;NA;80451;0;2020-07-25;7000
2020-07-24;"Nitriansky kraj";1;0;0;0;NA;80451;1;2020-07-24;7000
2020-07-23;"Nitriansky kraj";3;0;0;0;NA;80451;3;2020-07-23;6999
2020-07-22;"Nitriansky kraj";2;0;0;0;NA;80451;2;2020-07-22;6996
2020-07-21;"Nitriansky kraj";14;0;0;0;NA;80451;14;2020-07-21;6994
2020-07-20;"Nitriansky kraj";11;0;0;0;NA;80451;11;2020-07-20;6980
2020-07-19;"Nitriansky kraj";0;0;0;0;NA;80451;0;2020-07-19;6969
2020-07-18;"Nitriansky kraj";0;0;0;0;NA;80451;0;2020-07-18;6969
2020-07-17;"Nitriansky kraj";0;0;0;0;NA;80451;0;2020-07-17;6969
2020-07-16;"Nitriansky kraj";4;0;0;0;NA;80451;4;2020-07-16;6969
2020-07-15;"Nitriansky kraj";3;0;0;0;NA;80451;3;2020-07-15;6965
2020-07-14;"Nitriansky kraj";0;0;0;0;NA;80451;0;2020-07-14;6962
2020-07-13;"Nitriansky kraj";0;0;0;0;NA;80451;0;2020-07-13;6962
2020-07-12;"Nitriansky kraj";0;0;0;0;NA;80451;0;2020-07-12;6962
2020-07-11;"Nitriansky kraj";0;0;0;0;NA;80451;0;2020-07-11;6962
2020-07-10;"Nitriansky kraj";0;0;0;0;NA;80451;0;2020-07-10;6962
2020-07-09;"Nitriansky kraj";1;0;0;0;NA;80451;1;2020-07-09;6962
2020-07-08;"Nitriansky kraj";1;0;0;0;NA;80451;1;2020-07-08;6961
2020-07-07;"Nitriansky kraj";0;0;0;0;NA;80451;0;2020-07-07;6960
2020-07-06;"Nitriansky kraj";0;0;0;0;NA;80451;0;2020-07-06;6960
2020-07-05;"Nitriansky kraj";0;0;0;0;NA;80451;0;2020-07-05;6960
2020-07-04;"Nitriansky kraj";0;0;0;0;NA;80451;0;2020-07-04;6960
2020-07-03;"Nitriansky kraj";0;0;0;0;NA;80451;0;2020-07-03;6960
2020-07-02;"Nitriansky kraj";0;0;0;0;NA;80451;0;2020-07-02;6960
2020-07-01;"Nitriansky kraj";3;0;0;0;NA;80451;3;2020-07-01;6960
2020-06-30;"Nitriansky kraj";0;0;0;0;NA;80451;0;2020-06-30;6957
2020-06-29;"Nitriansky kraj";0;0;0;0;NA;80451;0;2020-06-29;6957
2020-06-28;"Nitriansky kraj";0;0;0;0;NA;80451;0;2020-06-28;6957
2020-06-27;"Nitriansky kraj";0;0;0;0;NA;80451;0;2020-06-27;6957
2020-06-26;"Nitriansky kraj";0;0;0;0;NA;80451;0;2020-06-26;6957
2020-06-25;"Nitriansky kraj";0;0;0;0;NA;80451;0;2020-06-25;6957
2020-06-24;"Nitriansky kraj";0;0;0;0;NA;80451;0;2020-06-24;6957
2020-06-23;"Nitriansky kraj";0;0;0;0;NA;80451;0;2020-06-23;6957
2020-06-22;"Nitriansky kraj";0;0;0;0;NA;80451;0;2020-06-22;6957
2020-06-21;"Nitriansky kraj";0;0;0;0;NA;80451;0;2020-06-21;6957
2020-06-20;"Nitriansky kraj";0;0;0;0;NA;80451;0;2020-06-20;6957
2020-06-19;"Nitriansky kraj";0;0;0;0;NA;80451;0;2020-06-19;6957
2020-06-18;"Nitriansky kraj";0;0;0;0;NA;80451;0;2020-06-18;6957
2020-06-17;"Nitriansky kraj";0;0;0;0;NA;80451;0;2020-06-17;6957
2020-06-16;"Nitriansky kraj";0;0;0;0;NA;80451;0;2020-06-16;6957
2020-06-14;"Nitriansky kraj";0;0;0;0;NA;80451;0;2020-06-14;6957
2020-06-13;"Nitriansky kraj";0;0;0;0;NA;80451;0;2020-06-13;6957
2020-06-12;"Nitriansky kraj";0;0;0;0;NA;80451;0;2020-06-12;6957
2020-06-11;"Nitriansky kraj";0;0;0;0;NA;80451;0;2020-06-11;6957
2020-06-10;"Nitriansky kraj";1;0;0;0;NA;80451;1;2020-06-10;6957
2020-06-09;"Nitriansky kraj";1;0;0;0;NA;80451;1;2020-06-09;6956
2020-06-08;"Nitriansky kraj";0;0;0;0;NA;80451;0;2020-06-08;6955
2020-06-07;"Nitriansky kraj";0;0;0;0;NA;80451;0;2020-06-07;6955
2020-06-05;"Nitriansky kraj";0;0;0;0;NA;80451;0;2020-06-05;6955
2020-06-03;"Nitriansky kraj";0;0;0;0;NA;80451;0;2020-06-03;6955
2020-06-02;"Nitriansky kraj";0;0;0;0;NA;80451;0;2020-06-02;6955
2020-05-31;"Nitriansky kraj";0;0;0;0;NA;80451;0;2020-05-31;6955
2020-05-29;"Nitriansky kraj";0;0;0;0;NA;80451;0;2020-05-29;6955
2020-05-27;"Nitriansky kraj";0;0;0;0;NA;80451;0;2020-05-27;6955
2020-05-26;"Nitriansky kraj";0;0;0;0;NA;80451;0;2020-05-26;6955
2020-05-25;"Nitriansky kraj";0;0;0;0;NA;80451;0;2020-05-25;6955
2020-05-24;"Nitriansky kraj";2;0;0;0;NA;80451;2;2020-05-24;6955
2020-05-23;"Nitriansky kraj";0;0;0;0;NA;80451;0;2020-05-23;6953
2020-05-22;"Nitriansky kraj";1;0;0;0;NA;80451;1;2020-05-22;6953
2020-05-21;"Nitriansky kraj";0;0;0;0;NA;80451;0;2020-05-21;6952
2020-05-20;"Nitriansky kraj";0;0;0;0;NA;80451;0;2020-05-20;6952
2020-05-19;"Nitriansky kraj";0;0;0;0;NA;80451;0;2020-05-19;6952
2020-05-17;"Nitriansky kraj";0;0;0;0;NA;80451;0;2020-05-17;6952
2020-05-16;"Nitriansky kraj";0;0;0;0;NA;80451;0;2020-05-16;6952
2020-05-15;"Nitriansky kraj";1;0;0;0;NA;80451;1;2020-05-15;6952
2020-05-14;"Nitriansky kraj";0;0;0;0;NA;80451;0;2020-05-14;6951
2020-05-13;"Nitriansky kraj";0;0;0;0;NA;80451;0;2020-05-13;6951
2020-05-12;"Nitriansky kraj";0;0;0;0;NA;80451;0;2020-05-12;6951
2020-05-11;"Nitriansky kraj";2;0;0;0;NA;80451;2;2020-05-11;6951
2020-05-09;"Nitriansky kraj";0;0;0;0;NA;80451;0;2020-05-09;6949
2020-05-07;"Nitriansky kraj";1;0;0;0;NA;80451;1;2020-05-07;6949
2020-05-06;"Nitriansky kraj";8;0;0;0;NA;80451;8;2020-05-06;6948
2020-05-05;"Nitriansky kraj";0;0;0;0;NA;80451;0;2020-05-05;6940
2020-05-04;"Nitriansky kraj";5;0;0;0;NA;80451;5;2020-05-04;6940
2020-05-03;"Nitriansky kraj";1;0;0;0;NA;80451;1;2020-05-03;6935
2020-05-02;"Nitriansky kraj";0;0;0;0;NA;80451;0;2020-05-02;6934
2020-05-01;"Nitriansky kraj";1;0;0;0;NA;80451;1;2020-05-01;6934
2020-04-30;"Nitriansky kraj";0;0;0;0;NA;80451;0;2020-04-30;6933
2020-04-29;"Nitriansky kraj";0;0;0;0;NA;80451;0;2020-04-29;6933
2020-04-28;"Nitriansky kraj";1;0;0;0;NA;80451;1;2020-04-28;6933
2020-04-27;"Nitriansky kraj";0;0;0;0;NA;80451;0;2020-04-27;6932
2020-04-26;"Nitriansky kraj";0;0;0;0;NA;80451;0;2020-04-26;6932
2020-04-25;"Nitriansky kraj";0;0;0;0;NA;80451;0;2020-04-25;6932
2020-04-24;"Nitriansky kraj";0;0;0;0;NA;80451;0;2020-04-24;6932
2020-04-23;"Nitriansky kraj";3;0;0;0;NA;80451;3;2020-04-23;6932
2020-04-22;"Nitriansky kraj";15;0;0;0;NA;80451;15;2020-04-22;6929
2020-04-21;"Nitriansky kraj";6;0;0;0;NA;80451;6;2020-04-21;6914
2020-04-20;"Nitriansky kraj";1;0;0;0;NA;80451;1;2020-04-20;6908
2020-04-19;"Nitriansky kraj";0;0;0;0;NA;80451;0;2020-04-19;6907
2020-04-18;"Nitriansky kraj";0;0;0;0;NA;80451;0;2020-04-18;6907
2020-04-17;"Nitriansky kraj";7;0;0;0;NA;80451;7;2020-04-17;6907
2020-04-16;"Nitriansky kraj";0;0;0;0;NA;80451;0;2020-04-16;6900
2020-04-15;"Nitriansky kraj";6;0;0;0;NA;80451;6;2020-04-15;6900
2020-04-14;"Nitriansky kraj";2;0;0;0;NA;80451;2;2020-04-14;6894
2020-04-13;"Nitriansky kraj";1;0;0;0;NA;80451;1;2020-04-13;6892
2020-04-12;"Nitriansky kraj";3;0;0;0;NA;80451;3;2020-04-12;6891
2020-04-11;"Nitriansky kraj";1;0;0;0;NA;80451;1;2020-04-11;6888
2020-04-10;"Nitriansky kraj";1;0;0;0;NA;80451;1;2020-04-10;6887
2020-04-09;"Nitriansky kraj";0;0;0;0;NA;80451;0;2020-04-09;6886
2020-04-08;"Nitriansky kraj";2;0;0;0;NA;80451;2;2020-04-08;6886
2020-04-07;"Nitriansky kraj";2;0;0;0;NA;80451;2;2020-04-07;6884
2020-04-06;"Nitriansky kraj";3;0;0;0;NA;80451;3;2020-04-06;6882
2020-04-05;"Nitriansky kraj";5;0;0;0;NA;80451;5;2020-04-05;6879
2020-04-04;"Nitriansky kraj";0;0;0;0;NA;80451;0;2020-04-04;6874
2020-04-03;"Nitriansky kraj";0;0;0;0;NA;80451;0;2020-04-03;6874
2020-04-02;"Nitriansky kraj";1;0;0;0;NA;80451;1;2020-04-02;6874
2020-04-01;"Nitriansky kraj";0;0;0;0;NA;80451;0;2020-04-01;6873
2020-03-31;"Nitriansky kraj";3;0;0;0;NA;80451;3;2020-03-31;6873
2020-03-30;"Nitriansky kraj";3;0;0;0;NA;80451;3;2020-03-30;6870
2020-03-29;"Nitriansky kraj";2;0;0;0;NA;80451;2;2020-03-29;6867
2020-03-28;"Nitriansky kraj";1;0;0;0;NA;80451;1;2020-03-28;6865
2020-03-27;"Nitriansky kraj";1;0;0;0;NA;80451;1;2020-03-27;6864
2020-03-26;"Nitriansky kraj";1;0;0;0;NA;80451;1;2020-03-26;6863
2020-03-25;"Nitriansky kraj";1;0;0;0;NA;80451;1;2020-03-25;6862
2020-03-24;"Nitriansky kraj";0;0;0;0;NA;80451;0;2020-03-24;6861
2020-03-23;"Nitriansky kraj";1;0;0;0;NA;80451;1;2020-03-23;6861
2020-03-22;"Nitriansky kraj";2;0;0;0;NA;80451;2;2020-03-22;6860
2020-03-21;"Nitriansky kraj";2;0;0;0;NA;80451;2;2020-03-21;6858
2020-03-20;"Nitriansky kraj";1;0;0;0;NA;80451;1;2020-03-20;6856
2020-03-19;"Nitriansky kraj";1;0;0;0;NA;80451;1;2020-03-19;6855
2020-03-18;"Nitriansky kraj";2;0;0;0;NA;80451;2;2020-03-18;6854
2020-03-17;"Nitriansky kraj";1;0;0;0;NA;80451;1;2020-03-17;6852
2020-03-16;"Nitriansky kraj";0;0;0;0;NA;80451;0;2020-03-16;6851
2020-03-15;"Nitriansky kraj";3;0;0;0;NA;80451;3;2020-03-15;6851
2020-03-14;"Nitriansky kraj";1;0;0;0;NA;80451;1;2020-03-14;6848
2020-03-13;"Nitriansky kraj";0;0;0;0;NA;80451;0;2020-03-13;6847
2020-03-12;"Nitriansky kraj";0;0;0;0;NA;80451;0;2020-03-12;6847
2020-03-11;"Nitriansky kraj";0;0;0;0;NA;80451;0;2020-03-11;6847
2020-03-09;"Nitriansky kraj";0;0;0;0;NA;80451;0;2020-03-09;6847
2020-03-08;"Nitriansky kraj";0;0;0;0;NA;80451;0;2020-03-08;6847
2020-03-07;"Nitriansky kraj";0;0;0;0;NA;80451;0;2020-03-07;6847
2020-03-06;"Nitriansky kraj";0;0;0;0;NA;80451;0;2020-03-06;6847
2021-04-27;"Prešovský kraj";109;14010;72;14082;57900;100076;181;2021-04-27;100076
2021-04-26;"Prešovský kraj";74;22416;103;22519;NA;100076;177;2021-04-26;99895
2021-04-25;"Prešovský kraj";7;38627;98;38725;NA;100076;105;2021-04-25;99718
2021-04-24;"Prešovský kraj";50;64512;178;64690;NA;100076;228;2021-04-24;99613
2021-04-23;"Prešovský kraj";119;35362;102;35464;NA;100076;221;2021-04-23;99385
2021-04-22;"Prešovský kraj";65;15115;94;15209;NA;100076;159;2021-04-22;99164
2021-04-21;"Prešovský kraj";101;17399;110;17509;NA;100076;211;2021-04-21;99005
2021-04-20;"Prešovský kraj";83;20122;106;20228;NA;100076;189;2021-04-20;98794
2021-04-19;"Prešovský kraj";90;24701;120;24821;NA;100076;210;2021-04-19;98605
2021-04-18;"Prešovský kraj";4;41239;89;41328;NA;100076;93;2021-04-18;98395
2021-04-17;"Prešovský kraj";88;73502;189;73691;NA;100076;277;2021-04-17;98302
2021-04-16;"Prešovský kraj";95;35855;124;35979;NA;100076;219;2021-04-16;98025
2021-04-15;"Prešovský kraj";68;16846;116;16962;NA;100076;184;2021-04-15;97806
2021-04-14;"Prešovský kraj";153;20362;107;20469;NA;100076;260;2021-04-14;97622
2021-04-13;"Prešovský kraj";157;20659;96;20755;NA;100076;253;2021-04-13;97362
2021-04-12;"Prešovský kraj";102;25876;140;26016;NA;100076;242;2021-04-12;97109
2021-04-11;"Prešovský kraj";10;38754;145;38899;NA;100076;155;2021-04-11;96867
2021-04-10;"Prešovský kraj";73;67186;213;67399;NA;100076;286;2021-04-10;96712
2021-04-09;"Prešovský kraj";207;33066;169;33235;NA;100076;376;2021-04-09;96426
2021-04-08;"Prešovský kraj";157;16036;129;16165;NA;100076;286;2021-04-08;96050
2021-04-07;"Prešovský kraj";223;23850;130;23980;NA;100076;353;2021-04-07;95764
2021-04-06;"Prešovský kraj";163;34498;213;34711;NA;100076;376;2021-04-06;95411
2021-04-05;"Prešovský kraj";44;15602;92;15694;NA;100076;136;2021-04-05;95035
2021-04-04;"Prešovský kraj";30;16291;70;16361;NA;100076;100;2021-04-04;94899
2021-04-03;"Prešovský kraj";72;66532;221;66753;NA;100076;293;2021-04-03;94799
2021-04-02;"Prešovský kraj";156;17982;97;18079;NA;100076;253;2021-04-02;94506
2021-04-01;"Prešovský kraj";159;36207;149;36356;NA;100076;308;2021-04-01;94253
2021-03-31;"Prešovský kraj";226;26627;173;26800;NA;100076;399;2021-03-31;93945
2021-03-30;"Prešovský kraj";261;17929;170;18099;NA;100076;431;2021-03-30;93546
2021-03-29;"Prešovský kraj";192;23387;170;23557;NA;100076;362;2021-03-29;93115
2021-03-28;"Prešovský kraj";23;37063;192;37255;NA;100076;215;2021-03-28;92753
2021-03-27;"Prešovský kraj";141;67554;287;67841;NA;100076;428;2021-03-27;92538
2021-03-26;"Prešovský kraj";227;41343;233;41576;NA;100076;460;2021-03-26;92110
2021-03-25;"Prešovský kraj";176;18947;161;19108;NA;100076;337;2021-03-25;91650
2021-03-24;"Prešovský kraj";270;16824;172;16996;NA;100076;442;2021-03-24;91313
2021-03-23;"Prešovský kraj";179;17439;221;17660;NA;100076;400;2021-03-23;90871
2021-03-22;"Prešovský kraj";243;24275;226;24501;NA;100076;469;2021-03-22;90471
2021-03-21;"Prešovský kraj";26;38311;205;38516;NA;100076;231;2021-03-21;90002
2021-03-20;"Prešovský kraj";155;71202;339;71541;NA;100076;494;2021-03-20;89771
2021-03-19;"Prešovský kraj";231;40150;266;40416;NA;100076;497;2021-03-19;89277
2021-03-18;"Prešovský kraj";215;18222;163;18385;NA;100076;378;2021-03-18;88780
2021-03-17;"Prešovský kraj";306;18142;177;18319;NA;100076;483;2021-03-17;88402
2021-03-16;"Prešovský kraj";304;17925;227;18152;NA;100076;531;2021-03-16;87919
2021-03-15;"Prešovský kraj";341;24520;277;24797;NA;100076;618;2021-03-15;87388
2021-03-14;"Prešovský kraj";39;39157;251;39408;NA;100076;290;2021-03-14;86770
2021-03-13;"Prešovský kraj";160;72642;430;73072;NA;100076;590;2021-03-13;86480
2021-03-12;"Prešovský kraj";304;41896;324;42220;NA;100076;628;2021-03-12;85890
2021-03-11;"Prešovský kraj";333;18519;224;18743;NA;100076;557;2021-03-11;85262
2021-03-10;"Prešovský kraj";260;17802;248;18050;NA;100076;508;2021-03-10;84705
2021-03-09;"Prešovský kraj";366;18465;252;18717;NA;100076;618;2021-03-09;84197
2021-03-08;"Prešovský kraj";285;24278;291;24569;NA;100076;576;2021-03-08;83579
2021-03-07;"Prešovský kraj";17;37022;298;37320;NA;100076;315;2021-03-07;83003
2021-03-06;"Prešovský kraj";152;75307;447;75754;NA;100076;599;2021-03-06;82688
2021-03-05;"Prešovský kraj";360;39431;319;39750;NA;100076;679;2021-03-05;82089
2021-03-04;"Prešovský kraj";272;18843;297;19140;NA;100076;569;2021-03-04;81410
2021-03-03;"Prešovský kraj";304;18382;272;18654;NA;100076;576;2021-03-03;80841
2021-03-02;"Prešovský kraj";332;19048;294;19342;NA;100076;626;2021-03-02;80265
2021-03-01;"Prešovský kraj";260;24230;351;24581;NA;100076;611;2021-03-01;79639
2021-02-28;"Prešovský kraj";65;34199;298;34497;NA;100076;363;2021-02-28;79028
2021-02-27;"Prešovský kraj";189;71189;581;71770;NA;100076;770;2021-02-27;78665
2021-02-26;"Prešovský kraj";315;35823;363;36186;NA;100076;678;2021-02-26;77895
2021-02-25;"Prešovský kraj";223;16544;286;16830;NA;100076;509;2021-02-25;77217
2021-02-24;"Prešovský kraj";270;16282;313;16595;NA;100076;583;2021-02-24;76708
2021-02-23;"Prešovský kraj";322;18358;277;18635;NA;100076;599;2021-02-23;76125
2021-02-22;"Prešovský kraj";273;22924;291;23215;NA;100076;564;2021-02-22;75526
2021-02-21;"Prešovský kraj";54;24039;247;24286;NA;100076;301;2021-02-21;74962
2021-02-20;"Prešovský kraj";113;55502;393;55895;NA;100076;506;2021-02-20;74661
2021-02-19;"Prešovský kraj";258;32610;339;32949;NA;100076;597;2021-02-19;74155
2021-02-18;"Prešovský kraj";216;14139;270;14409;NA;100076;486;2021-02-18;73558
2021-02-17;"Prešovský kraj";187;15012;210;15222;NA;100076;397;2021-02-17;73072
2021-02-16;"Prešovský kraj";251;16375;224;16599;NA;100076;475;2021-02-16;72675
2021-02-15;"Prešovský kraj";176;27072;249;27321;NA;100076;425;2021-02-15;72200
2021-02-14;"Prešovský kraj";23;27121;257;27378;NA;100076;280;2021-02-14;71775
2021-02-13;"Prešovský kraj";113;56573;303;56876;NA;100076;416;2021-02-13;71495
2021-02-12;"Prešovský kraj";223;33569;217;33786;NA;100076;440;2021-02-12;71079
2021-02-11;"Prešovský kraj";177;13601;205;13806;NA;100076;382;2021-02-11;70639
2021-02-10;"Prešovský kraj";172;16055;235;16290;NA;100076;407;2021-02-10;70257
2021-02-09;"Prešovský kraj";267;16633;199;16832;NA;100076;466;2021-02-09;69850
2021-02-08;"Prešovský kraj";143;29042;216;29258;NA;100076;359;2021-02-08;69384
2021-02-07;"Prešovský kraj";15;25030;141;25171;NA;100076;156;2021-02-07;69025
2021-02-06;"Prešovský kraj";137;53192;267;53459;NA;100076;404;2021-02-06;68869
2021-02-05;"Prešovský kraj";159;24081;213;24294;NA;100076;372;2021-02-05;68465
2021-02-04;"Prešovský kraj";124;10850;205;11055;NA;100076;329;2021-02-04;68093
2021-02-03;"Prešovský kraj";205;6750;200;6950;NA;100076;405;2021-02-03;67764
2021-02-02;"Prešovský kraj";180;10668;226;10894;NA;100076;406;2021-02-02;67359
2021-02-01;"Prešovský kraj";187;15089;277;15366;NA;100076;464;2021-02-01;66953
2021-01-31;"Prešovský kraj";32;10181;95;10276;NA;100076;127;2021-01-31;66489
2021-01-30;"Prešovský kraj";109;22696;190;22886;NA;100076;299;2021-01-30;66362
2021-01-29;"Prešovský kraj";158;12374;277;12651;NA;100076;435;2021-01-29;66063
2021-01-28;"Prešovský kraj";237;4370;122;4492;NA;100076;359;2021-01-28;65628
2021-01-27;"Prešovský kraj";123;8616;139;8755;NA;100076;262;2021-01-27;65269
2021-01-26;"Prešovský kraj";200;12401;119;12520;NA;100076;319;2021-01-26;65007
2021-01-25;"Prešovský kraj";175;24149;227;24376;NA;100076;402;2021-01-25;64688
2021-01-24;"Prešovský kraj";11;34042;247;34289;NA;100076;258;2021-01-24;64286
2021-01-23;"Prešovský kraj";153;76339;389;76728;NA;100076;542;2021-01-23;64028
2021-01-22;"Prešovský kraj";138;28508;225;28733;NA;100076;363;2021-01-22;63486
2021-01-21;"Prešovský kraj";163;16900;186;17086;NA;100076;349;2021-01-21;63123
2021-01-20;"Prešovský kraj";184;12812;160;12972;NA;100076;344;2021-01-20;62774
2021-01-19;"Prešovský kraj";258;10938;269;11207;NA;100076;527;2021-01-19;62430
2021-01-18;"Prešovský kraj";149;9785;303;10088;NA;100076;452;2021-01-18;61903
2021-01-17;"Prešovský kraj";75;14369;1007;15376;NA;100076;1082;2021-01-17;61451
2021-01-16;"Prešovský kraj";45;1412;62;1474;NA;100076;107;2021-01-16;60369
2021-01-15;"Prešovský kraj";129;5980;210;6190;NA;100076;339;2021-01-15;60262
2021-01-14;"Prešovský kraj";200;4799;198;4997;NA;100076;398;2021-01-14;59923
2021-01-13;"Prešovský kraj";260;4896;193;5089;NA;100076;453;2021-01-13;59525
2021-01-12;"Prešovský kraj";336;7334;317;7651;NA;100076;653;2021-01-12;59072
2021-01-11;"Prešovský kraj";292;7708;452;8160;NA;100076;744;2021-01-11;58419
2021-01-10;"Prešovský kraj";53;461;22;483;NA;100076;75;2021-01-10;57675
2021-01-09;"Prešovský kraj";301;1567;73;1640;NA;100076;374;2021-01-09;57600
2021-01-08;"Prešovský kraj";356;9256;424;9680;NA;100076;780;2021-01-08;57226
2021-01-07;"Prešovský kraj";218;7272;598;7870;NA;100076;816;2021-01-07;56446
2021-01-06;"Prešovský kraj";218;692;44;736;NA;100076;262;2021-01-06;55630
2021-01-05;"Prešovský kraj";464;10219;812;11031;NA;100076;1276;2021-01-05;55368
2021-01-04;"Prešovský kraj";342;16770;1721;18491;NA;100076;2063;2021-01-04;54092
2021-01-03;"Prešovský kraj";83;254;37;291;NA;100076;120;2021-01-03;52029
2021-01-02;"Prešovský kraj";45;1048;105;1153;NA;100076;150;2021-01-02;51909
2021-01-01;"Prešovský kraj";132;603;28;631;NA;100076;160;2021-01-01;51759
2020-12-31;"Prešovský kraj";501;10519;638;11157;NA;100076;1139;2020-12-31;51599
2020-12-30;"Prešovský kraj";561;7698;626;8324;NA;100076;1187;2020-12-30;50460
2020-12-29;"Prešovský kraj";338;7461;733;8194;NA;100076;1071;2020-12-29;49273
2020-12-28;"Prešovský kraj";336;8250;971;9221;NA;100076;1307;2020-12-28;48202
2020-12-27;"Prešovský kraj";29;597;41;638;NA;100076;70;2020-12-27;46895
2020-12-26;"Prešovský kraj";45;136;8;144;NA;100076;53;2020-12-26;46825
2020-12-25;"Prešovský kraj";154;258;8;266;NA;100076;162;2020-12-25;46772
2020-12-24;"Prešovský kraj";328;751;57;808;NA;100076;385;2020-12-24;46610
2020-12-23;"Prešovský kraj";282;9563;497;10060;NA;100076;779;2020-12-23;46225
2020-12-22;"Prešovský kraj";378;8045;556;8601;NA;100076;934;2020-12-22;45446
2020-12-21;"Prešovský kraj";341;9041;770;9811;NA;100076;1111;2020-12-21;44512
2020-12-20;"Prešovský kraj";134;382;20;402;NA;100076;154;2020-12-20;43401
2020-12-19;"Prešovský kraj";236;782;73;855;NA;100076;309;2020-12-19;43247
2020-12-18;"Prešovský kraj";299;7712;506;8218;NA;100076;805;2020-12-18;42938
2020-12-17;"Prešovský kraj";355;10251;761;11012;NA;100076;1116;2020-12-17;42133
2020-12-16;"Prešovský kraj";327;5300;404;5704;NA;100076;731;2020-12-16;41017
2020-12-15;"Prešovský kraj";306;4679;433;5112;NA;100076;739;2020-12-15;40286
2020-12-14;"Prešovský kraj";278;5596;492;6088;NA;100076;770;2020-12-14;39547
2020-12-13;"Prešovský kraj";73;16;5;21;NA;100076;78;2020-12-13;38777
2020-12-12;"Prešovský kraj";243;1722;88;1810;NA;100076;331;2020-12-12;38699
2020-12-11;"Prešovský kraj";464;4990;336;5326;NA;100076;800;2020-12-11;38368
2020-12-10;"Prešovský kraj";250;4524;374;4898;NA;100076;624;2020-12-10;37568
2020-12-09;"Prešovský kraj";289;3646;258;3904;NA;100076;547;2020-12-09;36944
2020-12-08;"Prešovský kraj";279;5701;489;6190;NA;100076;768;2020-12-08;36397
2020-12-07;"Prešovský kraj";245;3928;308;4236;NA;100076;553;2020-12-07;35629
2020-12-06;"Prešovský kraj";44;358;26;384;NA;100076;70;2020-12-06;35076
2020-12-05;"Prešovský kraj";123;401;30;431;NA;100076;153;2020-12-05;35006
2020-12-04;"Prešovský kraj";273;4150;192;4342;NA;100076;465;2020-12-04;34853
2020-12-03;"Prešovský kraj";212;2125;141;2266;NA;100076;353;2020-12-03;34388
2020-12-02;"Prešovský kraj";179;2517;182;2699;NA;100076;361;2020-12-02;34035
2020-12-01;"Prešovský kraj";223;1672;145;1817;NA;100076;368;2020-12-01;33674
2020-11-30;"Prešovský kraj";160;5306;94;5400;NA;100076;254;2020-11-30;33306
2020-11-29;"Prešovský kraj";19;364;42;406;NA;100076;61;2020-11-29;33052
2020-11-28;"Prešovský kraj";147;414;30;444;NA;100076;177;2020-11-28;32991
2020-11-27;"Prešovský kraj";180;2021;99;2120;NA;100076;279;2020-11-27;32814
2020-11-26;"Prešovský kraj";169;2626;280;2906;NA;100076;449;2020-11-26;32535
2020-11-25;"Prešovský kraj";178;1899;81;1980;NA;100076;259;2020-11-25;32086
2020-11-24;"Prešovský kraj";296;1590;129;1719;NA;100076;425;2020-11-24;31827
2020-11-23;"Prešovský kraj";140;1079;56;1135;NA;100076;196;2020-11-23;31402
2020-11-22;"Prešovský kraj";24;28;1;29;NA;100076;25;2020-11-22;31206
2020-11-21;"Prešovský kraj";146;489;41;530;NA;100076;187;2020-11-21;31181
2020-11-20;"Prešovský kraj";259;2075;75;2150;NA;100076;334;2020-11-20;30994
2020-11-19;"Prešovský kraj";270;1970;223;2193;NA;100076;493;2020-11-19;30660
2020-11-18;"Prešovský kraj";221;461;41;502;NA;100076;262;2020-11-18;30167
2020-11-17;"Prešovský kraj";299;105;12;117;NA;100076;311;2020-11-17;29905
2020-11-16;"Prešovský kraj";196;478;49;527;NA;100076;245;2020-11-16;29594
2020-11-15;"Prešovský kraj";46;26;2;28;NA;100076;48;2020-11-15;29349
2020-11-14;"Prešovský kraj";179;45;2;47;NA;100076;181;2020-11-14;29301
2020-11-13;"Prešovský kraj";324;131;4;135;NA;100076;328;2020-11-13;29120
2020-11-12;"Prešovský kraj";261;172;45;217;NA;100076;306;2020-11-12;28792
2020-11-11;"Prešovský kraj";388;137;7;144;NA;100076;395;2020-11-11;28486
2020-11-10;"Prešovský kraj";361;167;4;171;NA;100076;365;2020-11-10;28091
2020-11-09;"Prešovský kraj";174;2354;916;3270;NA;100076;1090;2020-11-09;27726
2020-11-08;"Prešovský kraj";54;2808;32;2840;NA;100076;86;2020-11-08;26636
2020-11-07;"Prešovský kraj";312;7645;70;7715;NA;100076;382;2020-11-07;26550
2020-11-06;"Prešovský kraj";447;2984;41;3025;NA;100076;488;2020-11-06;26168
2020-11-05;"Prešovský kraj";337;133;4;137;NA;100076;341;2020-11-05;25680
2020-11-04;"Prešovský kraj";287;772;7;779;NA;100076;294;2020-11-04;25339
2020-11-03;"Prešovský kraj";450;85;8;93;NA;100076;458;2020-11-03;25045
2020-11-02;"Prešovský kraj";146;1914;949;2863;NA;100076;1095;2020-11-02;24587
2020-11-01;"Prešovský kraj";277;2898;45;2943;NA;100076;322;2020-11-01;23492
2020-10-31;"Prešovský kraj";288;9195;153;9348;NA;100076;441;2020-10-31;23170
2020-10-30;"Prešovský kraj";473;1420;29;1449;NA;100076;502;2020-10-30;22729
2020-10-29;"Prešovský kraj";485;273;21;294;NA;100076;506;2020-10-29;22227
2020-10-28;"Prešovský kraj";534;216;25;241;NA;100076;559;2020-10-28;21721
2020-10-27;"Prešovský kraj";558;228;23;251;NA;100076;581;2020-10-27;21162
2020-10-26;"Prešovský kraj";128;337;54;391;NA;100076;182;2020-10-26;20581
2020-10-25;"Prešovský kraj";195;318;8;326;NA;100076;203;2020-10-25;20399
2020-10-24;"Prešovský kraj";527;159;7;166;NA;100076;534;2020-10-24;20196
2020-10-23;"Prešovský kraj";665;200;7;207;NA;100076;672;2020-10-23;19662
2020-10-22;"Prešovský kraj";563;178;8;186;NA;100076;571;2020-10-22;18990
2020-10-21;"Prešovský kraj";319;58;8;66;NA;100076;327;2020-10-21;18419
2020-10-20;"Prešovský kraj";415;65;7;72;NA;100076;422;2020-10-20;18092
2020-10-19;"Prešovský kraj";136;235;15;250;NA;100076;151;2020-10-19;17670
2020-10-18;"Prešovský kraj";153;0;0;0;NA;100076;153;2020-10-18;17519
2020-10-17;"Prešovský kraj";311;0;0;0;NA;100076;311;2020-10-17;17366
2020-10-16;"Prešovský kraj";347;57;3;60;NA;100076;350;2020-10-16;17055
2020-10-15;"Prešovský kraj";387;85;18;103;NA;100076;405;2020-10-15;16705
2020-10-14;"Prešovský kraj";412;54;10;64;NA;100076;422;2020-10-14;16300
2020-10-13;"Prešovský kraj";235;50;6;56;NA;100076;241;2020-10-13;15878
2020-10-12;"Prešovský kraj";176;334;35;369;NA;100076;211;2020-10-12;15637
2020-10-11;"Prešovský kraj";123;0;0;0;NA;100076;123;2020-10-11;15426
2020-10-10;"Prešovský kraj";211;0;0;0;NA;100076;211;2020-10-10;15303
2020-10-09;"Prešovský kraj";374;0;0;0;NA;100076;374;2020-10-09;15092
2020-10-08;"Prešovský kraj";216;0;0;0;NA;100076;216;2020-10-08;14718
2020-10-07;"Prešovský kraj";227;0;0;0;NA;100076;227;2020-10-07;14502
2020-10-06;"Prešovský kraj";143;0;0;0;NA;100076;143;2020-10-06;14275
2020-10-05;"Prešovský kraj";67;0;0;0;NA;100076;67;2020-10-05;14132
2020-10-04;"Prešovský kraj";92;0;0;0;NA;100076;92;2020-10-04;14065
2020-10-03;"Prešovský kraj";170;0;0;0;NA;100076;170;2020-10-03;13973
2020-10-02;"Prešovský kraj";120;0;0;0;NA;100076;120;2020-10-02;13803
2020-10-01;"Prešovský kraj";127;0;0;0;NA;100076;127;2020-10-01;13683
2020-09-30;"Prešovský kraj";99;0;0;0;NA;100076;99;2020-09-30;13556
2020-09-29;"Prešovský kraj";145;0;0;0;NA;100076;145;2020-09-29;13457
2020-09-28;"Prešovský kraj";49;0;0;0;NA;100076;49;2020-09-28;13312
2020-09-27;"Prešovský kraj";10;0;0;0;NA;100076;10;2020-09-27;13263
2020-09-26;"Prešovský kraj";61;0;0;0;NA;100076;61;2020-09-26;13253
2020-09-25;"Prešovský kraj";75;0;0;0;NA;100076;75;2020-09-25;13192
2020-09-24;"Prešovský kraj";42;0;0;0;NA;100076;42;2020-09-24;13117
2020-09-23;"Prešovský kraj";42;0;0;0;NA;100076;42;2020-09-23;13075
2020-09-22;"Prešovský kraj";21;0;0;0;NA;100076;21;2020-09-22;13033
2020-09-21;"Prešovský kraj";13;0;0;0;NA;100076;13;2020-09-21;13012
2020-09-20;"Prešovský kraj";3;0;0;0;NA;100076;3;2020-09-20;12999
2020-09-19;"Prešovský kraj";9;0;0;0;NA;100076;9;2020-09-19;12996
2020-09-18;"Prešovský kraj";20;0;0;0;NA;100076;20;2020-09-18;12987
2020-09-17;"Prešovský kraj";20;0;0;0;NA;100076;20;2020-09-17;12967
2020-09-16;"Prešovský kraj";6;0;0;0;NA;100076;6;2020-09-16;12947
2020-09-15;"Prešovský kraj";8;0;0;0;NA;100076;8;2020-09-15;12941
2020-09-14;"Prešovský kraj";46;0;0;0;NA;100076;46;2020-09-14;12933
2020-09-13;"Prešovský kraj";3;0;0;0;NA;100076;3;2020-09-13;12887
2020-09-12;"Prešovský kraj";2;0;0;0;NA;100076;2;2020-09-12;12884
2020-09-11;"Prešovský kraj";13;0;0;0;NA;100076;13;2020-09-11;12882
2020-09-10;"Prešovský kraj";7;0;0;0;NA;100076;7;2020-09-10;12869
2020-09-09;"Prešovský kraj";8;0;0;0;NA;100076;8;2020-09-09;12862
2020-09-08;"Prešovský kraj";16;0;0;0;NA;100076;16;2020-09-08;12854
2020-09-07;"Prešovský kraj";4;0;0;0;NA;100076;4;2020-09-07;12838
2020-09-06;"Prešovský kraj";3;0;0;0;NA;100076;3;2020-09-06;12834
2020-09-05;"Prešovský kraj";2;0;0;0;NA;100076;2;2020-09-05;12831
2020-09-04;"Prešovský kraj";16;0;0;0;NA;100076;16;2020-09-04;12829
2020-09-03;"Prešovský kraj";4;0;0;0;NA;100076;4;2020-09-03;12813
2020-09-02;"Prešovský kraj";9;0;0;0;NA;100076;9;2020-09-02;12809
2020-09-01;"Prešovský kraj";5;0;0;0;NA;100076;5;2020-09-01;12800
2020-08-31;"Prešovský kraj";3;0;0;0;NA;100076;3;2020-08-31;12795
2020-08-30;"Prešovský kraj";6;0;0;0;NA;100076;6;2020-08-30;12792
2020-08-29;"Prešovský kraj";4;0;0;0;NA;100076;4;2020-08-29;12786
2020-08-28;"Prešovský kraj";4;0;0;0;NA;100076;4;2020-08-28;12782
2020-08-27;"Prešovský kraj";5;0;0;0;NA;100076;5;2020-08-27;12778
2020-08-26;"Prešovský kraj";15;0;0;0;NA;100076;15;2020-08-26;12773
2020-08-25;"Prešovský kraj";0;0;0;0;NA;100076;0;2020-08-25;12758
2020-08-24;"Prešovský kraj";5;0;0;0;NA;100076;5;2020-08-24;12758
2020-08-23;"Prešovský kraj";3;0;0;0;NA;100076;3;2020-08-23;12753
2020-08-22;"Prešovský kraj";2;0;0;0;NA;100076;2;2020-08-22;12750
2020-08-21;"Prešovský kraj";6;0;0;0;NA;100076;6;2020-08-21;12748
2020-08-20;"Prešovský kraj";5;0;0;0;NA;100076;5;2020-08-20;12742
2020-08-19;"Prešovský kraj";6;0;0;0;NA;100076;6;2020-08-19;12737
2020-08-18;"Prešovský kraj";6;0;0;0;NA;100076;6;2020-08-18;12731
2020-08-17;"Prešovský kraj";1;0;0;0;NA;100076;1;2020-08-17;12725
2020-08-16;"Prešovský kraj";0;0;0;0;NA;100076;0;2020-08-16;12724
2020-08-15;"Prešovský kraj";7;0;0;0;NA;100076;7;2020-08-15;12724
2020-08-14;"Prešovský kraj";4;0;0;0;NA;100076;4;2020-08-14;12717
2020-08-13;"Prešovský kraj";5;0;0;0;NA;100076;5;2020-08-13;12713
2020-08-12;"Prešovský kraj";9;0;0;0;NA;100076;9;2020-08-12;12708
2020-08-11;"Prešovský kraj";2;0;0;0;NA;100076;2;2020-08-11;12699
2020-08-10;"Prešovský kraj";0;0;0;0;NA;100076;0;2020-08-10;12697
2020-08-09;"Prešovský kraj";0;0;0;0;NA;100076;0;2020-08-09;12697
2020-08-08;"Prešovský kraj";2;0;0;0;NA;100076;2;2020-08-08;12697
2020-08-07;"Prešovský kraj";2;0;0;0;NA;100076;2;2020-08-07;12695
2020-08-06;"Prešovský kraj";1;0;0;0;NA;100076;1;2020-08-06;12693
2020-08-05;"Prešovský kraj";3;0;0;0;NA;100076;3;2020-08-05;12692
2020-08-04;"Prešovský kraj";5;0;0;0;NA;100076;5;2020-08-04;12689
2020-08-03;"Prešovský kraj";2;0;0;0;NA;100076;2;2020-08-03;12684
2020-08-02;"Prešovský kraj";6;0;0;0;NA;100076;6;2020-08-02;12682
2020-08-01;"Prešovský kraj";0;0;0;0;NA;100076;0;2020-08-01;12676
2020-07-31;"Prešovský kraj";2;0;0;0;NA;100076;2;2020-07-31;12676
2020-07-30;"Prešovský kraj";6;0;0;0;NA;100076;6;2020-07-30;12674
2020-07-29;"Prešovský kraj";5;0;0;0;NA;100076;5;2020-07-29;12668
2020-07-28;"Prešovský kraj";0;0;0;0;NA;100076;0;2020-07-28;12663
2020-07-27;"Prešovský kraj";1;0;0;0;NA;100076;1;2020-07-27;12663
2020-07-26;"Prešovský kraj";1;0;0;0;NA;100076;1;2020-07-26;12662
2020-07-25;"Prešovský kraj";20;0;0;0;NA;100076;20;2020-07-25;12661
2020-07-24;"Prešovský kraj";1;0;0;0;NA;100076;1;2020-07-24;12641
2020-07-23;"Prešovský kraj";5;0;0;0;NA;100076;5;2020-07-23;12640
2020-07-22;"Prešovský kraj";1;0;0;0;NA;100076;1;2020-07-22;12635
2020-07-21;"Prešovský kraj";2;0;0;0;NA;100076;2;2020-07-21;12634
2020-07-20;"Prešovský kraj";1;0;0;0;NA;100076;1;2020-07-20;12632
2020-07-19;"Prešovský kraj";0;0;0;0;NA;100076;0;2020-07-19;12631
2020-07-18;"Prešovský kraj";0;0;0;0;NA;100076;0;2020-07-18;12631
2020-07-17;"Prešovský kraj";3;0;0;0;NA;100076;3;2020-07-17;12631
2020-07-16;"Prešovský kraj";1;0;0;0;NA;100076;1;2020-07-16;12628
2020-07-15;"Prešovský kraj";2;0;0;0;NA;100076;2;2020-07-15;12627
2020-07-14;"Prešovský kraj";5;0;0;0;NA;100076;5;2020-07-14;12625
2020-07-13;"Prešovský kraj";1;0;0;0;NA;100076;1;2020-07-13;12620
2020-07-12;"Prešovský kraj";1;0;0;0;NA;100076;1;2020-07-12;12619
2020-07-11;"Prešovský kraj";6;0;0;0;NA;100076;6;2020-07-11;12618
2020-07-10;"Prešovský kraj";5;0;0;0;NA;100076;5;2020-07-10;12612
2020-07-09;"Prešovský kraj";2;0;0;0;NA;100076;2;2020-07-09;12607
2020-07-08;"Prešovský kraj";14;0;0;0;NA;100076;14;2020-07-08;12605
2020-07-07;"Prešovský kraj";2;0;0;0;NA;100076;2;2020-07-07;12591
2020-07-06;"Prešovský kraj";0;0;0;0;NA;100076;0;2020-07-06;12589
2020-07-05;"Prešovský kraj";0;0;0;0;NA;100076;0;2020-07-05;12589
2020-07-04;"Prešovský kraj";1;0;0;0;NA;100076;1;2020-07-04;12589
2020-07-03;"Prešovský kraj";1;0;0;0;NA;100076;1;2020-07-03;12588
2020-07-02;"Prešovský kraj";0;0;0;0;NA;100076;0;2020-07-02;12587
2020-07-01;"Prešovský kraj";0;0;0;0;NA;100076;0;2020-07-01;12587
2020-06-30;"Prešovský kraj";6;0;0;0;NA;100076;6;2020-06-30;12587
2020-06-29;"Prešovský kraj";0;0;0;0;NA;100076;0;2020-06-29;12581
2020-06-28;"Prešovský kraj";0;0;0;0;NA;100076;0;2020-06-28;12581
2020-06-27;"Prešovský kraj";0;0;0;0;NA;100076;0;2020-06-27;12581
2020-06-26;"Prešovský kraj";0;0;0;0;NA;100076;0;2020-06-26;12581
2020-06-25;"Prešovský kraj";0;0;0;0;NA;100076;0;2020-06-25;12581
2020-06-24;"Prešovský kraj";4;0;0;0;NA;100076;4;2020-06-24;12581
2020-06-23;"Prešovský kraj";0;0;0;0;NA;100076;0;2020-06-23;12577
2020-06-22;"Prešovský kraj";0;0;0;0;NA;100076;0;2020-06-22;12577
2020-06-21;"Prešovský kraj";0;0;0;0;NA;100076;0;2020-06-21;12577
2020-06-20;"Prešovský kraj";0;0;0;0;NA;100076;0;2020-06-20;12577
2020-06-19;"Prešovský kraj";0;0;0;0;NA;100076;0;2020-06-19;12577
2020-06-18;"Prešovský kraj";0;0;0;0;NA;100076;0;2020-06-18;12577
2020-06-17;"Prešovský kraj";0;0;0;0;NA;100076;0;2020-06-17;12577
2020-06-16;"Prešovský kraj";2;0;0;0;NA;100076;2;2020-06-16;12577
2020-06-14;"Prešovský kraj";0;0;0;0;NA;100076;0;2020-06-14;12575
2020-06-13;"Prešovský kraj";0;0;0;0;NA;100076;0;2020-06-13;12575
2020-06-12;"Prešovský kraj";1;0;0;0;NA;100076;1;2020-06-12;12575
2020-06-11;"Prešovský kraj";0;0;0;0;NA;100076;0;2020-06-11;12574
2020-06-10;"Prešovský kraj";0;0;0;0;NA;100076;0;2020-06-10;12574
2020-06-09;"Prešovský kraj";0;0;0;0;NA;100076;0;2020-06-09;12574
2020-06-08;"Prešovský kraj";0;0;0;0;NA;100076;0;2020-06-08;12574
2020-06-07;"Prešovský kraj";0;0;0;0;NA;100076;0;2020-06-07;12574
2020-06-05;"Prešovský kraj";0;0;0;0;NA;100076;0;2020-06-05;12574
2020-06-03;"Prešovský kraj";0;0;0;0;NA;100076;0;2020-06-03;12574
2020-06-02;"Prešovský kraj";1;0;0;0;NA;100076;1;2020-06-02;12574
2020-05-31;"Prešovský kraj";1;0;0;0;NA;100076;1;2020-05-31;12573
2020-05-29;"Prešovský kraj";0;0;0;0;NA;100076;0;2020-05-29;12572
2020-05-27;"Prešovský kraj";0;0;0;0;NA;100076;0;2020-05-27;12572
2020-05-26;"Prešovský kraj";0;0;0;0;NA;100076;0;2020-05-26;12572
2020-05-25;"Prešovský kraj";0;0;0;0;NA;100076;0;2020-05-25;12572
2020-05-24;"Prešovský kraj";0;0;0;0;NA;100076;0;2020-05-24;12572
2020-05-23;"Prešovský kraj";0;0;0;0;NA;100076;0;2020-05-23;12572
2020-05-22;"Prešovský kraj";0;0;0;0;NA;100076;0;2020-05-22;12572
2020-05-21;"Prešovský kraj";1;0;0;0;NA;100076;1;2020-05-21;12572
2020-05-20;"Prešovský kraj";0;0;0;0;NA;100076;0;2020-05-20;12571
2020-05-19;"Prešovský kraj";0;0;0;0;NA;100076;0;2020-05-19;12571
2020-05-17;"Prešovský kraj";0;0;0;0;NA;100076;0;2020-05-17;12571
2020-05-16;"Prešovský kraj";0;0;0;0;NA;100076;0;2020-05-16;12571
2020-05-15;"Prešovský kraj";0;0;0;0;NA;100076;0;2020-05-15;12571
2020-05-14;"Prešovský kraj";0;0;0;0;NA;100076;0;2020-05-14;12571
2020-05-13;"Prešovský kraj";1;0;0;0;NA;100076;1;2020-05-13;12571
2020-05-12;"Prešovský kraj";0;0;0;0;NA;100076;0;2020-05-12;12570
2020-05-11;"Prešovský kraj";1;0;0;0;NA;100076;1;2020-05-11;12570
2020-05-09;"Prešovský kraj";0;0;0;0;NA;100076;0;2020-05-09;12569
2020-05-07;"Prešovský kraj";0;0;0;0;NA;100076;0;2020-05-07;12569
2020-05-06;"Prešovský kraj";0;0;0;0;NA;100076;0;2020-05-06;12569
2020-05-05;"Prešovský kraj";0;0;0;0;NA;100076;0;2020-05-05;12569
2020-05-04;"Prešovský kraj";0;0;0;0;NA;100076;0;2020-05-04;12569
2020-05-03;"Prešovský kraj";0;0;0;0;NA;100076;0;2020-05-03;12569
2020-05-02;"Prešovský kraj";0;0;0;0;NA;100076;0;2020-05-02;12569
2020-05-01;"Prešovský kraj";2;0;0;0;NA;100076;2;2020-05-01;12569
2020-04-30;"Prešovský kraj";0;0;0;0;NA;100076;0;2020-04-30;12567
2020-04-29;"Prešovský kraj";1;0;0;0;NA;100076;1;2020-04-29;12567
2020-04-28;"Prešovský kraj";1;0;0;0;NA;100076;1;2020-04-28;12566
2020-04-27;"Prešovský kraj";2;0;0;0;NA;100076;2;2020-04-27;12565
2020-04-26;"Prešovský kraj";0;0;0;0;NA;100076;0;2020-04-26;12563
2020-04-25;"Prešovský kraj";0;0;0;0;NA;100076;0;2020-04-25;12563
2020-04-24;"Prešovský kraj";0;0;0;0;NA;100076;0;2020-04-24;12563
2020-04-23;"Prešovský kraj";1;0;0;0;NA;100076;1;2020-04-23;12563
2020-04-22;"Prešovský kraj";6;0;0;0;NA;100076;6;2020-04-22;12562
2020-04-21;"Prešovský kraj";12;0;0;0;NA;100076;12;2020-04-21;12556
2020-04-20;"Prešovský kraj";1;0;0;0;NA;100076;1;2020-04-20;12544
2020-04-19;"Prešovský kraj";3;0;0;0;NA;100076;3;2020-04-19;12543
2020-04-18;"Prešovský kraj";0;0;0;0;NA;100076;0;2020-04-18;12540
2020-04-17;"Prešovský kraj";1;0;0;0;NA;100076;1;2020-04-17;12540
2020-04-16;"Prešovský kraj";5;0;0;0;NA;100076;5;2020-04-16;12539
2020-04-15;"Prešovský kraj";14;0;0;0;NA;100076;14;2020-04-15;12534
2020-04-14;"Prešovský kraj";0;0;0;0;NA;100076;0;2020-04-14;12520
2020-04-13;"Prešovský kraj";2;0;0;0;NA;100076;2;2020-04-13;12520
2020-04-12;"Prešovský kraj";5;0;0;0;NA;100076;5;2020-04-12;12518
2020-04-11;"Prešovský kraj";0;0;0;0;NA;100076;0;2020-04-11;12513
2020-04-10;"Prešovský kraj";0;0;0;0;NA;100076;0;2020-04-10;12513
2020-04-09;"Prešovský kraj";1;0;0;0;NA;100076;1;2020-04-09;12513
2020-04-08;"Prešovský kraj";0;0;0;0;NA;100076;0;2020-04-08;12512
2020-04-07;"Prešovský kraj";4;0;0;0;NA;100076;4;2020-04-07;12512
2020-04-06;"Prešovský kraj";9;0;0;0;NA;100076;9;2020-04-06;12508
2020-04-05;"Prešovský kraj";11;0;0;0;NA;100076;11;2020-04-05;12499
2020-04-04;"Prešovský kraj";0;0;0;0;NA;100076;0;2020-04-04;12488
2020-04-03;"Prešovský kraj";4;0;0;0;NA;100076;4;2020-04-03;12488
2020-04-02;"Prešovský kraj";6;0;0;0;NA;100076;6;2020-04-02;12484
2020-04-01;"Prešovský kraj";6;0;0;0;NA;100076;6;2020-04-01;12478
2020-03-31;"Prešovský kraj";6;0;0;0;NA;100076;6;2020-03-31;12472
2020-03-30;"Prešovský kraj";2;0;0;0;NA;100076;2;2020-03-30;12466
2020-03-29;"Prešovský kraj";0;0;0;0;NA;100076;0;2020-03-29;12464
2020-03-28;"Prešovský kraj";2;0;0;0;NA;100076;2;2020-03-28;12464
2020-03-27;"Prešovský kraj";1;0;0;0;NA;100076;1;2020-03-27;12462
2020-03-26;"Prešovský kraj";7;0;0;0;NA;100076;7;2020-03-26;12461
2020-03-25;"Prešovský kraj";1;0;0;0;NA;100076;1;2020-03-25;12454
2020-03-24;"Prešovský kraj";2;0;0;0;NA;100076;2;2020-03-24;12453
2020-03-23;"Prešovský kraj";0;0;0;0;NA;100076;0;2020-03-23;12451
2020-03-22;"Prešovský kraj";1;0;0;0;NA;100076;1;2020-03-22;12451
2020-03-21;"Prešovský kraj";1;0;0;0;NA;100076;1;2020-03-21;12450
2020-03-20;"Prešovský kraj";3;0;0;0;NA;100076;3;2020-03-20;12449
2020-03-19;"Prešovský kraj";2;0;0;0;NA;100076;2;2020-03-19;12446
2020-03-18;"Prešovský kraj";1;0;0;0;NA;100076;1;2020-03-18;12444
2020-03-17;"Prešovský kraj";0;0;0;0;NA;100076;0;2020-03-17;12443
2020-03-16;"Prešovský kraj";4;0;0;0;NA;100076;4;2020-03-16;12443
2020-03-15;"Prešovský kraj";0;0;0;0;NA;100076;0;2020-03-15;12439
2020-03-14;"Prešovský kraj";1;0;0;0;NA;100076;1;2020-03-14;12439
2020-03-13;"Prešovský kraj";0;0;0;0;NA;100076;0;2020-03-13;12438
2020-03-12;"Prešovský kraj";0;0;0;0;NA;100076;0;2020-03-12;12438
2020-03-11;"Prešovský kraj";0;0;0;0;NA;100076;0;2020-03-11;12438
2020-03-09;"Prešovský kraj";0;0;0;0;NA;100076;0;2020-03-09;12438
2020-03-08;"Prešovský kraj";0;0;0;0;NA;100076;0;2020-03-08;12438
2020-03-07;"Prešovský kraj";0;0;0;0;NA;100076;0;2020-03-07;12438
2020-03-06;"Prešovský kraj";0;0;0;0;NA;100076;0;2020-03-06;12438
2021-04-27;"Trenciansky kraj";80;9240;17;9257;51912;88199;97;2021-04-27;88199
2021-04-26;"Trenciansky kraj";44;15971;42;16013;NA;88199;86;2021-04-26;88102
2021-04-25;"Trenciansky kraj";0;28177;36;28213;NA;88199;36;2021-04-25;88016
2021-04-24;"Trenciansky kraj";45;53490;65;53555;NA;88199;110;2021-04-24;87980
2021-04-23;"Trenciansky kraj";115;22744;60;22804;NA;88199;175;2021-04-23;87870
2021-04-22;"Trenciansky kraj";42;10704;53;10757;NA;88199;95;2021-04-22;87695
2021-04-21;"Trenciansky kraj";56;9670;44;9714;NA;88199;100;2021-04-21;87600
2021-04-20;"Trenciansky kraj";114;12166;58;12224;NA;88199;172;2021-04-20;87500
2021-04-19;"Trenciansky kraj";85;16026;76;16102;NA;88199;161;2021-04-19;87328
2021-04-18;"Trenciansky kraj";3;32013;76;32089;NA;88199;79;2021-04-18;87167
2021-04-17;"Trenciansky kraj";54;64994;111;65105;NA;88199;165;2021-04-17;87088
2021-04-16;"Trenciansky kraj";86;24882;76;24958;NA;88199;162;2021-04-16;86923
2021-04-15;"Trenciansky kraj";51;11544;56;11600;NA;88199;107;2021-04-15;86761
2021-04-14;"Trenciansky kraj";104;11518;44;11562;NA;88199;148;2021-04-14;86654
2021-04-13;"Trenciansky kraj";150;13363;55;13418;NA;88199;205;2021-04-13;86506
2021-04-12;"Trenciansky kraj";81;17665;70;17735;NA;88199;151;2021-04-12;86301
2021-04-11;"Trenciansky kraj";1;28097;63;28160;NA;88199;64;2021-04-11;86150
2021-04-10;"Trenciansky kraj";63;68203;118;68321;NA;88199;181;2021-04-10;86086
2021-04-09;"Trenciansky kraj";93;21853;71;21924;NA;88199;164;2021-04-09;85905
2021-04-08;"Trenciansky kraj";82;10212;67;10279;NA;88199;149;2021-04-08;85741
2021-04-07;"Trenciansky kraj";180;12533;82;12615;NA;88199;262;2021-04-07;85592
2021-04-06;"Trenciansky kraj";130;21415;142;21557;NA;88199;272;2021-04-06;85330
2021-04-05;"Trenciansky kraj";13;7414;50;7464;NA;88199;63;2021-04-05;85058
2021-04-04;"Trenciansky kraj";2;16553;63;16616;NA;88199;65;2021-04-04;84995
2021-04-03;"Trenciansky kraj";47;63027;184;63211;NA;88199;231;2021-04-03;84930
2021-04-02;"Trenciansky kraj";101;17516;59;17575;NA;88199;160;2021-04-02;84699
2021-04-01;"Trenciansky kraj";118;25281;113;25394;NA;88199;231;2021-04-01;84539
2021-03-31;"Trenciansky kraj";164;14675;111;14786;NA;88199;275;2021-03-31;84308
2021-03-30;"Trenciansky kraj";226;12309;109;12418;NA;88199;335;2021-03-30;84033
2021-03-29;"Trenciansky kraj";133;14748;129;14877;NA;88199;262;2021-03-29;83698
2021-03-28;"Trenciansky kraj";2;29051;100;29151;NA;88199;102;2021-03-28;83436
2021-03-27;"Trenciansky kraj";95;62191;241;62432;NA;88199;336;2021-03-27;83334
2021-03-26;"Trenciansky kraj";158;27266;133;27399;NA;88199;291;2021-03-26;82998
2021-03-25;"Trenciansky kraj";171;12514;143;12657;NA;88199;314;2021-03-25;82707
2021-03-24;"Trenciansky kraj";209;9305;134;9439;NA;88199;343;2021-03-24;82393
2021-03-23;"Trenciansky kraj";274;12548;143;12691;NA;88199;417;2021-03-23;82050
2021-03-22;"Trenciansky kraj";120;16187;167;16354;NA;88199;287;2021-03-22;81633
2021-03-21;"Trenciansky kraj";60;26628;138;26766;NA;88199;198;2021-03-21;81346
2021-03-20;"Trenciansky kraj";80;64583;265;64848;NA;88199;345;2021-03-20;81148
2021-03-19;"Trenciansky kraj";191;27345;187;27532;NA;88199;378;2021-03-19;80803
2021-03-18;"Trenciansky kraj";205;12168;143;12311;NA;88199;348;2021-03-18;80425
2021-03-17;"Trenciansky kraj";314;9637;130;9767;NA;88199;444;2021-03-17;80077
2021-03-16;"Trenciansky kraj";362;10942;174;11116;NA;88199;536;2021-03-16;79633
2021-03-15;"Trenciansky kraj";139;15856;228;16084;NA;88199;367;2021-03-15;79097
2021-03-14;"Trenciansky kraj";8;28019;186;28205;NA;88199;194;2021-03-14;78730
2021-03-13;"Trenciansky kraj";214;63297;345;63642;NA;88199;559;2021-03-13;78536
2021-03-12;"Trenciansky kraj";265;27549;271;27820;NA;88199;536;2021-03-12;77977
2021-03-11;"Trenciansky kraj";234;11939;171;12110;NA;88199;405;2021-03-11;77441
2021-03-10;"Trenciansky kraj";323;9633;194;9827;NA;88199;517;2021-03-10;77036
2021-03-09;"Trenciansky kraj";452;12191;223;12414;NA;88199;675;2021-03-09;76519
2021-03-08;"Trenciansky kraj";110;16135;295;16430;NA;88199;405;2021-03-08;75844
2021-03-07;"Trenciansky kraj";2;28311;272;28583;NA;88199;274;2021-03-07;75439
2021-03-06;"Trenciansky kraj";212;64590;420;65010;NA;88199;632;2021-03-06;75165
2021-03-05;"Trenciansky kraj";256;25880;344;26224;NA;88199;600;2021-03-05;74533
2021-03-04;"Trenciansky kraj";254;12867;237;13104;NA;88199;491;2021-03-04;73933
2021-03-03;"Trenciansky kraj";273;9721;267;9988;NA;88199;540;2021-03-03;73442
2021-03-02;"Trenciansky kraj";444;13087;282;13369;NA;88199;726;2021-03-02;72902
2021-03-01;"Trenciansky kraj";162;15562;343;15905;NA;88199;505;2021-03-01;72176
2021-02-28;"Trenciansky kraj";43;25429;336;25765;NA;88199;379;2021-02-28;71671
2021-02-27;"Trenciansky kraj";192;63350;552;63902;NA;88199;744;2021-02-27;71292
2021-02-26;"Trenciansky kraj";327;25140;352;25492;NA;88199;679;2021-02-26;70548
2021-02-25;"Trenciansky kraj";316;10441;282;10723;NA;88199;598;2021-02-25;69869
2021-02-24;"Trenciansky kraj";306;8685;341;9026;NA;88199;647;2021-02-24;69271
2021-02-23;"Trenciansky kraj";463;10386;306;10692;NA;88199;769;2021-02-23;68624
2021-02-22;"Trenciansky kraj";125;14835;381;15216;NA;88199;506;2021-02-22;67855
2021-02-21;"Trenciansky kraj";30;23325;324;23649;NA;88199;354;2021-02-21;67349
2021-02-20;"Trenciansky kraj";210;63290;594;63884;NA;88199;804;2021-02-20;66995
2021-02-19;"Trenciansky kraj";216;23915;428;24343;NA;88199;644;2021-02-19;66191
2021-02-18;"Trenciansky kraj";275;10765;348;11113;NA;88199;623;2021-02-18;65547
2021-02-17;"Trenciansky kraj";269;7800;300;8100;NA;88199;569;2021-02-17;64924
2021-02-16;"Trenciansky kraj";403;11053;296;11349;NA;88199;699;2021-02-16;64355
2021-02-15;"Trenciansky kraj";126;16965;383;17348;NA;88199;509;2021-02-15;63656
2021-02-14;"Trenciansky kraj";0;26014;273;26287;NA;88199;273;2021-02-14;63147
2021-02-13;"Trenciansky kraj";198;54394;465;54859;NA;88199;663;2021-02-13;62874
2021-02-12;"Trenciansky kraj";205;21076;334;21410;NA;88199;539;2021-02-12;62211
2021-02-11;"Trenciansky kraj";232;8399;285;8684;NA;88199;517;2021-02-11;61672
2021-02-10;"Trenciansky kraj";224;7507;278;7785;NA;88199;502;2021-02-10;61155
2021-02-09;"Trenciansky kraj";426;11717;270;11987;NA;88199;696;2021-02-09;60653
2021-02-08;"Trenciansky kraj";163;19241;342;19583;NA;88199;505;2021-02-08;59957
2021-02-07;"Trenciansky kraj";18;31414;271;31685;NA;88199;289;2021-02-07;59452
2021-02-06;"Trenciansky kraj";176;54174;465;54639;NA;88199;641;2021-02-06;59163
2021-02-05;"Trenciansky kraj";174;13540;280;13820;NA;88199;454;2021-02-05;58522
2021-02-04;"Trenciansky kraj";224;5112;223;5335;NA;88199;447;2021-02-04;58068
2021-02-03;"Trenciansky kraj";130;4896;269;5165;NA;88199;399;2021-02-03;57621
2021-02-02;"Trenciansky kraj";304;6011;315;6326;NA;88199;619;2021-02-02;57222
2021-02-01;"Trenciansky kraj";148;7107;221;7328;NA;88199;369;2021-02-01;56603
2021-01-31;"Trenciansky kraj";6;19072;158;19230;NA;88199;164;2021-01-31;56234
2021-01-30;"Trenciansky kraj";178;37825;327;38152;NA;88199;505;2021-01-30;56070
2021-01-29;"Trenciansky kraj";187;6429;190;6619;NA;88199;377;2021-01-29;55565
2021-01-28;"Trenciansky kraj";261;2600;129;2729;NA;88199;390;2021-01-28;55188
2021-01-27;"Trenciansky kraj";142;2692;136;2828;NA;88199;278;2021-01-27;54798
2021-01-26;"Trenciansky kraj";238;9010;192;9202;NA;88199;430;2021-01-26;54520
2021-01-25;"Trenciansky kraj";104;18411;182;18593;NA;88199;286;2021-01-25;54090
2021-01-24;"Trenciansky kraj";20;28225;222;28447;NA;88199;242;2021-01-24;53804
2021-01-23;"Trenciansky kraj";170;87349;643;87992;NA;88199;813;2021-01-23;53562
2021-01-22;"Trenciansky kraj";125;16928;191;17119;NA;88199;316;2021-01-22;52749
2021-01-21;"Trenciansky kraj";115;6374;130;6504;NA;88199;245;2021-01-21;52433
2021-01-20;"Trenciansky kraj";137;5933;181;6114;NA;88199;318;2021-01-20;52188
2021-01-19;"Trenciansky kraj";303;4884;219;5103;NA;88199;522;2021-01-19;51870
2021-01-18;"Trenciansky kraj";55;3650;283;3933;NA;88199;338;2021-01-18;51348
2021-01-17;"Trenciansky kraj";78;136;10;146;NA;88199;88;2021-01-17;51010
2021-01-16;"Trenciansky kraj";37;977;46;1023;NA;88199;83;2021-01-16;50922
2021-01-15;"Trenciansky kraj";212;3123;179;3302;NA;88199;391;2021-01-15;50839
2021-01-14;"Trenciansky kraj";228;2245;154;2399;NA;88199;382;2021-01-14;50448
2021-01-13;"Trenciansky kraj";172;2779;188;2967;NA;88199;360;2021-01-13;50066
2021-01-12;"Trenciansky kraj";428;3129;214;3343;NA;88199;642;2021-01-12;49706
2021-01-11;"Trenciansky kraj";97;3100;265;3365;NA;88199;362;2021-01-11;49064
2021-01-10;"Trenciansky kraj";29;4954;73;5027;NA;88199;102;2021-01-10;48702
2021-01-09;"Trenciansky kraj";226;7914;111;8025;NA;88199;337;2021-01-09;48600
2021-01-08;"Trenciansky kraj";329;5093;401;5494;NA;88199;730;2021-01-08;48263
2021-01-07;"Trenciansky kraj";305;3733;460;4193;NA;88199;765;2021-01-07;47533
2021-01-06;"Trenciansky kraj";168;379;37;416;NA;88199;205;2021-01-06;46768
2021-01-05;"Trenciansky kraj";489;4351;569;4920;NA;88199;1058;2021-01-05;46563
2021-01-04;"Trenciansky kraj";189;4100;619;4719;NA;88199;808;2021-01-04;45505
2021-01-03;"Trenciansky kraj";17;106;13;119;NA;88199;30;2021-01-03;44697
2021-01-02;"Trenciansky kraj";112;65;0;65;NA;88199;112;2021-01-02;44667
2021-01-01;"Trenciansky kraj";168;74;1;75;NA;88199;169;2021-01-01;44555
2020-12-31;"Trenciansky kraj";475;4033;468;4501;NA;88199;943;2020-12-31;44386
2020-12-30;"Trenciansky kraj";653;4656;546;5202;NA;88199;1199;2020-12-30;43443
2020-12-29;"Trenciansky kraj";392;4572;790;5362;NA;88199;1182;2020-12-29;42244
2020-12-28;"Trenciansky kraj";151;3361;585;3946;NA;88199;736;2020-12-28;41062
2020-12-27;"Trenciansky kraj";4;42;0;42;NA;88199;4;2020-12-27;40326
2020-12-26;"Trenciansky kraj";105;73;7;80;NA;88199;112;2020-12-26;40322
2020-12-25;"Trenciansky kraj";158;57;7;64;NA;88199;165;2020-12-25;40210
2020-12-24;"Trenciansky kraj";459;1912;226;2138;NA;88199;685;2020-12-24;40045
2020-12-23;"Trenciansky kraj";205;5194;542;5736;NA;88199;747;2020-12-23;39360
2020-12-22;"Trenciansky kraj";588;4562;558;5120;NA;88199;1146;2020-12-22;38613
2020-12-21;"Trenciansky kraj";174;3450;448;3898;NA;88199;622;2020-12-21;37467
2020-12-20;"Trenciansky kraj";119;24;1;25;NA;88199;120;2020-12-20;36845
2020-12-19;"Trenciansky kraj";243;697;94;791;NA;88199;337;2020-12-19;36725
2020-12-18;"Trenciansky kraj";411;4320;535;4855;NA;88199;946;2020-12-18;36388
2020-12-17;"Trenciansky kraj";479;3188;446;3634;NA;88199;925;2020-12-17;35442
2020-12-16;"Trenciansky kraj";365;3647;531;4178;NA;88199;896;2020-12-16;34517
2020-12-15;"Trenciansky kraj";426;2945;545;3490;NA;88199;971;2020-12-15;33621
2020-12-14;"Trenciansky kraj";208;2561;471;3032;NA;88199;679;2020-12-14;32650
2020-12-13;"Trenciansky kraj";24;40;4;44;NA;88199;28;2020-12-13;31971
2020-12-12;"Trenciansky kraj";260;983;120;1103;NA;88199;380;2020-12-12;31943
2020-12-11;"Trenciansky kraj";595;3185;402;3587;NA;88199;997;2020-12-11;31563
2020-12-10;"Trenciansky kraj";150;2852;400;3252;NA;88199;550;2020-12-10;30566
2020-12-09;"Trenciansky kraj";377;3289;407;3696;NA;88199;784;2020-12-09;30016
2020-12-08;"Trenciansky kraj";414;2882;454;3336;NA;88199;868;2020-12-08;29232
2020-12-07;"Trenciansky kraj";129;1690;273;1963;NA;88199;402;2020-12-07;28364
2020-12-06;"Trenciansky kraj";80;152;8;160;NA;88199;88;2020-12-06;27962
2020-12-05;"Trenciansky kraj";164;346;48;394;NA;88199;212;2020-12-05;27874
2020-12-04;"Trenciansky kraj";155;2158;233;2391;NA;88199;388;2020-12-04;27662
2020-12-03;"Trenciansky kraj";399;1363;152;1515;NA;88199;551;2020-12-03;27274
2020-12-02;"Trenciansky kraj";281;1549;193;1742;NA;88199;474;2020-12-02;26723
2020-12-01;"Trenciansky kraj";252;5229;330;5559;NA;88199;582;2020-12-01;26249
2020-11-30;"Trenciansky kraj";128;7128;245;7373;NA;88199;373;2020-11-30;25667
2020-11-29;"Trenciansky kraj";11;16;4;20;NA;88199;15;2020-11-29;25294
2020-11-28;"Trenciansky kraj";141;818;77;895;NA;88199;218;2020-11-28;25279
2020-11-27;"Trenciansky kraj";255;1413;139;1552;NA;88199;394;2020-11-27;25061
2020-11-26;"Trenciansky kraj";322;1011;106;1117;NA;88199;428;2020-11-26;24667
2020-11-25;"Trenciansky kraj";237;998;103;1101;NA;88199;340;2020-11-25;24239
2020-11-24;"Trenciansky kraj";290;1115;119;1234;NA;88199;409;2020-11-24;23899
2020-11-23;"Trenciansky kraj";121;939;121;1060;NA;88199;242;2020-11-23;23490
2020-11-22;"Trenciansky kraj";12;21;6;27;NA;88199;18;2020-11-22;23248
2020-11-21;"Trenciansky kraj";218;328;44;372;NA;88199;262;2020-11-21;23230
2020-11-20;"Trenciansky kraj";249;659;69;728;NA;88199;318;2020-11-20;22968
2020-11-19;"Trenciansky kraj";256;514;75;589;NA;88199;331;2020-11-19;22650
2020-11-18;"Trenciansky kraj";158;321;62;383;NA;88199;220;2020-11-18;22319
2020-11-17;"Trenciansky kraj";165;63;11;74;NA;88199;176;2020-11-17;22099
2020-11-16;"Trenciansky kraj";196;211;44;255;NA;88199;240;2020-11-16;21923
2020-11-15;"Trenciansky kraj";66;29;6;35;NA;88199;72;2020-11-15;21683
2020-11-14;"Trenciansky kraj";180;42;8;50;NA;88199;188;2020-11-14;21611
2020-11-13;"Trenciansky kraj";239;85;13;98;NA;88199;252;2020-11-13;21423
2020-11-12;"Trenciansky kraj";260;66;3;69;NA;88199;263;2020-11-12;21171
2020-11-11;"Trenciansky kraj";305;61;6;67;NA;88199;311;2020-11-11;20908
2020-11-10;"Trenciansky kraj";235;84;6;90;NA;88199;241;2020-11-10;20597
2020-11-09;"Trenciansky kraj";63;1221;48;1269;NA;88199;111;2020-11-09;20356
2020-11-08;"Trenciansky kraj";55;884;8;892;NA;88199;63;2020-11-08;20245
2020-11-07;"Trenciansky kraj";242;3044;45;3089;NA;88199;287;2020-11-07;20182
2020-11-06;"Trenciansky kraj";278;4638;71;4709;NA;88199;349;2020-11-06;19895
2020-11-05;"Trenciansky kraj";327;69;15;84;NA;88199;342;2020-11-05;19546
2020-11-04;"Trenciansky kraj";302;66;8;74;NA;88199;310;2020-11-04;19204
2020-11-03;"Trenciansky kraj";463;77;8;85;NA;88199;471;2020-11-03;18894
2020-11-02;"Trenciansky kraj";161;1219;65;1284;NA;88199;226;2020-11-02;18423
2020-11-01;"Trenciansky kraj";192;698;22;720;NA;88199;214;2020-11-01;18197
2020-10-31;"Trenciansky kraj";286;3860;72;3932;NA;88199;358;2020-10-31;17983
2020-10-30;"Trenciansky kraj";250;3489;83;3572;NA;88199;333;2020-10-30;17625
2020-10-29;"Trenciansky kraj";417;729;65;794;NA;88199;482;2020-10-29;17292
2020-10-28;"Trenciansky kraj";228;104;31;135;NA;88199;259;2020-10-28;16810
2020-10-27;"Trenciansky kraj";398;58;22;80;NA;88199;420;2020-10-27;16551
2020-10-26;"Trenciansky kraj";122;90;34;124;NA;88199;156;2020-10-26;16131
2020-10-25;"Trenciansky kraj";115;4;4;8;NA;88199;119;2020-10-25;15975
2020-10-24;"Trenciansky kraj";328;22;4;26;NA;88199;332;2020-10-24;15856
2020-10-23;"Trenciansky kraj";234;48;6;54;NA;88199;240;2020-10-23;15524
2020-10-22;"Trenciansky kraj";235;52;10;62;NA;88199;245;2020-10-22;15284
2020-10-21;"Trenciansky kraj";150;26;8;34;NA;88199;158;2020-10-21;15039
2020-10-20;"Trenciansky kraj";179;24;4;28;NA;88199;183;2020-10-20;14881
2020-10-19;"Trenciansky kraj";20;56;24;80;NA;88199;44;2020-10-19;14698
2020-10-18;"Trenciansky kraj";77;0;0;0;NA;88199;77;2020-10-18;14654
2020-10-17;"Trenciansky kraj";134;0;0;0;NA;88199;134;2020-10-17;14577
2020-10-16;"Trenciansky kraj";193;30;6;36;NA;88199;199;2020-10-16;14443
2020-10-15;"Trenciansky kraj";203;28;4;32;NA;88199;207;2020-10-15;14244
2020-10-14;"Trenciansky kraj";132;24;4;28;NA;88199;136;2020-10-14;14037
2020-10-13;"Trenciansky kraj";100;94;12;106;NA;88199;112;2020-10-13;13901
2020-10-12;"Trenciansky kraj";29;0;0;0;NA;88199;29;2020-10-12;13789
2020-10-11;"Trenciansky kraj";47;0;0;0;NA;88199;47;2020-10-11;13760
2020-10-10;"Trenciansky kraj";164;0;0;0;NA;88199;164;2020-10-10;13713
2020-10-09;"Trenciansky kraj";164;0;0;0;NA;88199;164;2020-10-09;13549
2020-10-08;"Trenciansky kraj";102;0;0;0;NA;88199;102;2020-10-08;13385
2020-10-07;"Trenciansky kraj";67;0;0;0;NA;88199;67;2020-10-07;13283
2020-10-06;"Trenciansky kraj";44;0;0;0;NA;88199;44;2020-10-06;13216
2020-10-05;"Trenciansky kraj";15;0;0;0;NA;88199;15;2020-10-05;13172
2020-10-04;"Trenciansky kraj";26;0;0;0;NA;88199;26;2020-10-04;13157
2020-10-03;"Trenciansky kraj";65;0;0;0;NA;88199;65;2020-10-03;13131
2020-10-02;"Trenciansky kraj";66;0;0;0;NA;88199;66;2020-10-02;13066
2020-10-01;"Trenciansky kraj";52;0;0;0;NA;88199;52;2020-10-01;13000
2020-09-30;"Trenciansky kraj";66;0;0;0;NA;88199;66;2020-09-30;12948
2020-09-29;"Trenciansky kraj";41;0;0;0;NA;88199;41;2020-09-29;12882
2020-09-28;"Trenciansky kraj";1;0;0;0;NA;88199;1;2020-09-28;12841
2020-09-27;"Trenciansky kraj";7;0;0;0;NA;88199;7;2020-09-27;12840
2020-09-26;"Trenciansky kraj";36;0;0;0;NA;88199;36;2020-09-26;12833
2020-09-25;"Trenciansky kraj";63;0;0;0;NA;88199;63;2020-09-25;12797
2020-09-24;"Trenciansky kraj";31;0;0;0;NA;88199;31;2020-09-24;12734
2020-09-23;"Trenciansky kraj";22;0;0;0;NA;88199;22;2020-09-23;12703
2020-09-22;"Trenciansky kraj";15;0;0;0;NA;88199;15;2020-09-22;12681
2020-09-21;"Trenciansky kraj";8;0;0;0;NA;88199;8;2020-09-21;12666
2020-09-20;"Trenciansky kraj";11;0;0;0;NA;88199;11;2020-09-20;12658
2020-09-19;"Trenciansky kraj";16;0;0;0;NA;88199;16;2020-09-19;12647
2020-09-18;"Trenciansky kraj";28;0;0;0;NA;88199;28;2020-09-18;12631
2020-09-17;"Trenciansky kraj";14;0;0;0;NA;88199;14;2020-09-17;12603
2020-09-16;"Trenciansky kraj";9;0;0;0;NA;88199;9;2020-09-16;12589
2020-09-15;"Trenciansky kraj";7;0;0;0;NA;88199;7;2020-09-15;12580
2020-09-14;"Trenciansky kraj";4;0;0;0;NA;88199;4;2020-09-14;12573
2020-09-13;"Trenciansky kraj";11;0;0;0;NA;88199;11;2020-09-13;12569
2020-09-12;"Trenciansky kraj";2;0;0;0;NA;88199;2;2020-09-12;12558
2020-09-11;"Trenciansky kraj";18;0;0;0;NA;88199;18;2020-09-11;12556
2020-09-10;"Trenciansky kraj";9;0;0;0;NA;88199;9;2020-09-10;12538
2020-09-09;"Trenciansky kraj";9;0;0;0;NA;88199;9;2020-09-09;12529
2020-09-08;"Trenciansky kraj";7;0;0;0;NA;88199;7;2020-09-08;12520
2020-09-07;"Trenciansky kraj";6;0;0;0;NA;88199;6;2020-09-07;12513
2020-09-06;"Trenciansky kraj";1;0;0;0;NA;88199;1;2020-09-06;12507
2020-09-05;"Trenciansky kraj";2;0;0;0;NA;88199;2;2020-09-05;12506
2020-09-04;"Trenciansky kraj";5;0;0;0;NA;88199;5;2020-09-04;12504
2020-09-03;"Trenciansky kraj";6;0;0;0;NA;88199;6;2020-09-03;12499
2020-09-02;"Trenciansky kraj";2;0;0;0;NA;88199;2;2020-09-02;12493
2020-09-01;"Trenciansky kraj";0;0;0;0;NA;88199;0;2020-09-01;12491
2020-08-31;"Trenciansky kraj";7;0;0;0;NA;88199;7;2020-08-31;12491
2020-08-30;"Trenciansky kraj";0;0;0;0;NA;88199;0;2020-08-30;12484
2020-08-29;"Trenciansky kraj";1;0;0;0;NA;88199;1;2020-08-29;12484
2020-08-28;"Trenciansky kraj";10;0;0;0;NA;88199;10;2020-08-28;12483
2020-08-27;"Trenciansky kraj";4;0;0;0;NA;88199;4;2020-08-27;12473
2020-08-26;"Trenciansky kraj";10;0;0;0;NA;88199;10;2020-08-26;12469
2020-08-25;"Trenciansky kraj";4;0;0;0;NA;88199;4;2020-08-25;12459
2020-08-24;"Trenciansky kraj";2;0;0;0;NA;88199;2;2020-08-24;12455
2020-08-23;"Trenciansky kraj";4;0;0;0;NA;88199;4;2020-08-23;12453
2020-08-22;"Trenciansky kraj";2;0;0;0;NA;88199;2;2020-08-22;12449
2020-08-21;"Trenciansky kraj";4;0;0;0;NA;88199;4;2020-08-21;12447
2020-08-20;"Trenciansky kraj";7;0;0;0;NA;88199;7;2020-08-20;12443
2020-08-19;"Trenciansky kraj";13;0;0;0;NA;88199;13;2020-08-19;12436
2020-08-18;"Trenciansky kraj";3;0;0;0;NA;88199;3;2020-08-18;12423
2020-08-17;"Trenciansky kraj";0;0;0;0;NA;88199;0;2020-08-17;12420
2020-08-16;"Trenciansky kraj";0;0;0;0;NA;88199;0;2020-08-16;12420
2020-08-15;"Trenciansky kraj";5;0;0;0;NA;88199;5;2020-08-15;12420
2020-08-14;"Trenciansky kraj";6;0;0;0;NA;88199;6;2020-08-14;12415
2020-08-13;"Trenciansky kraj";12;0;0;0;NA;88199;12;2020-08-13;12409
2020-08-12;"Trenciansky kraj";3;0;0;0;NA;88199;3;2020-08-12;12397
2020-08-11;"Trenciansky kraj";6;0;0;0;NA;88199;6;2020-08-11;12394
2020-08-10;"Trenciansky kraj";9;0;0;0;NA;88199;9;2020-08-10;12388
2020-08-09;"Trenciansky kraj";0;0;0;0;NA;88199;0;2020-08-09;12379
2020-08-08;"Trenciansky kraj";4;0;0;0;NA;88199;4;2020-08-08;12379
2020-08-07;"Trenciansky kraj";4;0;0;0;NA;88199;4;2020-08-07;12375
2020-08-06;"Trenciansky kraj";13;0;0;0;NA;88199;13;2020-08-06;12371
2020-08-05;"Trenciansky kraj";24;0;0;0;NA;88199;24;2020-08-05;12358
2020-08-04;"Trenciansky kraj";6;0;0;0;NA;88199;6;2020-08-04;12334
2020-08-03;"Trenciansky kraj";0;0;0;0;NA;88199;0;2020-08-03;12328
2020-08-02;"Trenciansky kraj";2;0;0;0;NA;88199;2;2020-08-02;12328
2020-08-01;"Trenciansky kraj";6;0;0;0;NA;88199;6;2020-08-01;12326
2020-07-31;"Trenciansky kraj";13;0;0;0;NA;88199;13;2020-07-31;12320
2020-07-30;"Trenciansky kraj";4;0;0;0;NA;88199;4;2020-07-30;12307
2020-07-29;"Trenciansky kraj";3;0;0;0;NA;88199;3;2020-07-29;12303
2020-07-28;"Trenciansky kraj";10;0;0;0;NA;88199;10;2020-07-28;12300
2020-07-27;"Trenciansky kraj";4;0;0;0;NA;88199;4;2020-07-27;12290
2020-07-26;"Trenciansky kraj";1;0;0;0;NA;88199;1;2020-07-26;12286
2020-07-25;"Trenciansky kraj";7;0;0;0;NA;88199;7;2020-07-25;12285
2020-07-24;"Trenciansky kraj";5;0;0;0;NA;88199;5;2020-07-24;12278
2020-07-23;"Trenciansky kraj";10;0;0;0;NA;88199;10;2020-07-23;12273
2020-07-22;"Trenciansky kraj";8;0;0;0;NA;88199;8;2020-07-22;12263
2020-07-21;"Trenciansky kraj";5;0;0;0;NA;88199;5;2020-07-21;12255
2020-07-20;"Trenciansky kraj";13;0;0;0;NA;88199;13;2020-07-20;12250
2020-07-19;"Trenciansky kraj";0;0;0;0;NA;88199;0;2020-07-19;12237
2020-07-18;"Trenciansky kraj";0;0;0;0;NA;88199;0;2020-07-18;12237
2020-07-17;"Trenciansky kraj";1;0;0;0;NA;88199;1;2020-07-17;12237
2020-07-16;"Trenciansky kraj";0;0;0;0;NA;88199;0;2020-07-16;12236
2020-07-15;"Trenciansky kraj";1;0;0;0;NA;88199;1;2020-07-15;12236
2020-07-14;"Trenciansky kraj";7;0;0;0;NA;88199;7;2020-07-14;12235
2020-07-13;"Trenciansky kraj";1;0;0;0;NA;88199;1;2020-07-13;12228
2020-07-12;"Trenciansky kraj";0;0;0;0;NA;88199;0;2020-07-12;12227
2020-07-11;"Trenciansky kraj";0;0;0;0;NA;88199;0;2020-07-11;12227
2020-07-10;"Trenciansky kraj";3;0;0;0;NA;88199;3;2020-07-10;12227
2020-07-09;"Trenciansky kraj";2;0;0;0;NA;88199;2;2020-07-09;12224
2020-07-08;"Trenciansky kraj";1;0;0;0;NA;88199;1;2020-07-08;12222
2020-07-07;"Trenciansky kraj";6;0;0;0;NA;88199;6;2020-07-07;12221
2020-07-06;"Trenciansky kraj";1;0;0;0;NA;88199;1;2020-07-06;12215
2020-07-05;"Trenciansky kraj";1;0;0;0;NA;88199;1;2020-07-05;12214
2020-07-04;"Trenciansky kraj";0;0;0;0;NA;88199;0;2020-07-04;12213
2020-07-03;"Trenciansky kraj";2;0;0;0;NA;88199;2;2020-07-03;12213
2020-07-02;"Trenciansky kraj";10;0;0;0;NA;88199;10;2020-07-02;12211
2020-07-01;"Trenciansky kraj";1;0;0;0;NA;88199;1;2020-07-01;12201
2020-06-30;"Trenciansky kraj";6;0;0;0;NA;88199;6;2020-06-30;12200
2020-06-29;"Trenciansky kraj";1;0;0;0;NA;88199;1;2020-06-29;12194
2020-06-28;"Trenciansky kraj";0;0;0;0;NA;88199;0;2020-06-28;12193
2020-06-27;"Trenciansky kraj";0;0;0;0;NA;88199;0;2020-06-27;12193
2020-06-26;"Trenciansky kraj";0;0;0;0;NA;88199;0;2020-06-26;12193
2020-06-25;"Trenciansky kraj";2;0;0;0;NA;88199;2;2020-06-25;12193
2020-06-24;"Trenciansky kraj";1;0;0;0;NA;88199;1;2020-06-24;12191
2020-06-23;"Trenciansky kraj";0;0;0;0;NA;88199;0;2020-06-23;12190
2020-06-22;"Trenciansky kraj";0;0;0;0;NA;88199;0;2020-06-22;12190
2020-06-21;"Trenciansky kraj";0;0;0;0;NA;88199;0;2020-06-21;12190
2020-06-20;"Trenciansky kraj";0;0;0;0;NA;88199;0;2020-06-20;12190
2020-06-19;"Trenciansky kraj";0;0;0;0;NA;88199;0;2020-06-19;12190
2020-06-18;"Trenciansky kraj";0;0;0;0;NA;88199;0;2020-06-18;12190
2020-06-17;"Trenciansky kraj";0;0;0;0;NA;88199;0;2020-06-17;12190
2020-06-16;"Trenciansky kraj";0;0;0;0;NA;88199;0;2020-06-16;12190
2020-06-14;"Trenciansky kraj";0;0;0;0;NA;88199;0;2020-06-14;12190
2020-06-13;"Trenciansky kraj";0;0;0;0;NA;88199;0;2020-06-13;12190
2020-06-12;"Trenciansky kraj";0;0;0;0;NA;88199;0;2020-06-12;12190
2020-06-11;"Trenciansky kraj";0;0;0;0;NA;88199;0;2020-06-11;12190
2020-06-10;"Trenciansky kraj";0;0;0;0;NA;88199;0;2020-06-10;12190
2020-06-09;"Trenciansky kraj";0;0;0;0;NA;88199;0;2020-06-09;12190
2020-06-08;"Trenciansky kraj";0;0;0;0;NA;88199;0;2020-06-08;12190
2020-06-07;"Trenciansky kraj";0;0;0;0;NA;88199;0;2020-06-07;12190
2020-06-05;"Trenciansky kraj";0;0;0;0;NA;88199;0;2020-06-05;12190
2020-06-03;"Trenciansky kraj";0;0;0;0;NA;88199;0;2020-06-03;12190
2020-06-02;"Trenciansky kraj";0;0;0;0;NA;88199;0;2020-06-02;12190
2020-05-31;"Trenciansky kraj";0;0;0;0;NA;88199;0;2020-05-31;12190
2020-05-29;"Trenciansky kraj";0;0;0;0;NA;88199;0;2020-05-29;12190
2020-05-27;"Trenciansky kraj";2;0;0;0;NA;88199;2;2020-05-27;12190
2020-05-26;"Trenciansky kraj";0;0;0;0;NA;88199;0;2020-05-26;12188
2020-05-25;"Trenciansky kraj";0;0;0;0;NA;88199;0;2020-05-25;12188
2020-05-24;"Trenciansky kraj";0;0;0;0;NA;88199;0;2020-05-24;12188
2020-05-23;"Trenciansky kraj";0;0;0;0;NA;88199;0;2020-05-23;12188
2020-05-22;"Trenciansky kraj";0;0;0;0;NA;88199;0;2020-05-22;12188
2020-05-21;"Trenciansky kraj";0;0;0;0;NA;88199;0;2020-05-21;12188
2020-05-20;"Trenciansky kraj";0;0;0;0;NA;88199;0;2020-05-20;12188
2020-05-19;"Trenciansky kraj";0;0;0;0;NA;88199;0;2020-05-19;12188
2020-05-17;"Trenciansky kraj";0;0;0;0;NA;88199;0;2020-05-17;12188
2020-05-16;"Trenciansky kraj";0;0;0;0;NA;88199;0;2020-05-16;12188
2020-05-15;"Trenciansky kraj";1;0;0;0;NA;88199;1;2020-05-15;12188
2020-05-14;"Trenciansky kraj";2;0;0;0;NA;88199;2;2020-05-14;12187
2020-05-13;"Trenciansky kraj";0;0;0;0;NA;88199;0;2020-05-13;12185
2020-05-12;"Trenciansky kraj";1;0;0;0;NA;88199;1;2020-05-12;12185
2020-05-11;"Trenciansky kraj";3;0;0;0;NA;88199;3;2020-05-11;12184
2020-05-09;"Trenciansky kraj";2;0;0;0;NA;88199;2;2020-05-09;12181
2020-05-07;"Trenciansky kraj";6;0;0;0;NA;88199;6;2020-05-07;12179
2020-05-06;"Trenciansky kraj";0;0;0;0;NA;88199;0;2020-05-06;12173
2020-05-05;"Trenciansky kraj";1;0;0;0;NA;88199;1;2020-05-05;12173
2020-05-04;"Trenciansky kraj";0;0;0;0;NA;88199;0;2020-05-04;12172
2020-05-03;"Trenciansky kraj";0;0;0;0;NA;88199;0;2020-05-03;12172
2020-05-02;"Trenciansky kraj";0;0;0;0;NA;88199;0;2020-05-02;12172
2020-05-01;"Trenciansky kraj";0;0;0;0;NA;88199;0;2020-05-01;12172
2020-04-30;"Trenciansky kraj";0;0;0;0;NA;88199;0;2020-04-30;12172
2020-04-29;"Trenciansky kraj";2;0;0;0;NA;88199;2;2020-04-29;12172
2020-04-28;"Trenciansky kraj";1;0;0;0;NA;88199;1;2020-04-28;12170
2020-04-27;"Trenciansky kraj";0;0;0;0;NA;88199;0;2020-04-27;12169
2020-04-26;"Trenciansky kraj";1;0;0;0;NA;88199;1;2020-04-26;12169
2020-04-25;"Trenciansky kraj";0;0;0;0;NA;88199;0;2020-04-25;12168
2020-04-24;"Trenciansky kraj";0;0;0;0;NA;88199;0;2020-04-24;12168
2020-04-23;"Trenciansky kraj";10;0;0;0;NA;88199;10;2020-04-23;12168
2020-04-22;"Trenciansky kraj";1;0;0;0;NA;88199;1;2020-04-22;12158
2020-04-21;"Trenciansky kraj";11;0;0;0;NA;88199;11;2020-04-21;12157
2020-04-20;"Trenciansky kraj";15;0;0;0;NA;88199;15;2020-04-20;12146
2020-04-19;"Trenciansky kraj";2;0;0;0;NA;88199;2;2020-04-19;12131
2020-04-18;"Trenciansky kraj";3;0;0;0;NA;88199;3;2020-04-18;12129
2020-04-17;"Trenciansky kraj";4;0;0;0;NA;88199;4;2020-04-17;12126
2020-04-16;"Trenciansky kraj";10;0;0;0;NA;88199;10;2020-04-16;12122
2020-04-15;"Trenciansky kraj";3;0;0;0;NA;88199;3;2020-04-15;12112
2020-04-14;"Trenciansky kraj";0;0;0;0;NA;88199;0;2020-04-14;12109
2020-04-13;"Trenciansky kraj";1;0;0;0;NA;88199;1;2020-04-13;12109
2020-04-12;"Trenciansky kraj";2;0;0;0;NA;88199;2;2020-04-12;12108
2020-04-11;"Trenciansky kraj";3;0;0;0;NA;88199;3;2020-04-11;12106
2020-04-10;"Trenciansky kraj";0;0;0;0;NA;88199;0;2020-04-10;12103
2020-04-09;"Trenciansky kraj";0;0;0;0;NA;88199;0;2020-04-09;12103
2020-04-08;"Trenciansky kraj";1;0;0;0;NA;88199;1;2020-04-08;12103
2020-04-07;"Trenciansky kraj";13;0;0;0;NA;88199;13;2020-04-07;12102
2020-04-06;"Trenciansky kraj";0;0;0;0;NA;88199;0;2020-04-06;12089
2020-04-05;"Trenciansky kraj";2;0;0;0;NA;88199;2;2020-04-05;12089
2020-04-04;"Trenciansky kraj";2;0;0;0;NA;88199;2;2020-04-04;12087
2020-04-03;"Trenciansky kraj";2;0;0;0;NA;88199;2;2020-04-03;12085
2020-04-02;"Trenciansky kraj";1;0;0;0;NA;88199;1;2020-04-02;12083
2020-04-01;"Trenciansky kraj";3;0;0;0;NA;88199;3;2020-04-01;12082
2020-03-31;"Trenciansky kraj";1;0;0;0;NA;88199;1;2020-03-31;12079
2020-03-30;"Trenciansky kraj";2;0;0;0;NA;88199;2;2020-03-30;12078
2020-03-29;"Trenciansky kraj";2;0;0;0;NA;88199;2;2020-03-29;12076
2020-03-28;"Trenciansky kraj";9;0;0;0;NA;88199;9;2020-03-28;12074
2020-03-27;"Trenciansky kraj";2;0;0;0;NA;88199;2;2020-03-27;12065
2020-03-26;"Trenciansky kraj";6;0;0;0;NA;88199;6;2020-03-26;12063
2020-03-25;"Trenciansky kraj";3;0;0;0;NA;88199;3;2020-03-25;12057
2020-03-24;"Trenciansky kraj";1;0;0;0;NA;88199;1;2020-03-24;12054
2020-03-23;"Trenciansky kraj";0;0;0;0;NA;88199;0;2020-03-23;12053
2020-03-22;"Trenciansky kraj";0;0;0;0;NA;88199;0;2020-03-22;12053
2020-03-21;"Trenciansky kraj";1;0;0;0;NA;88199;1;2020-03-21;12053
2020-03-20;"Trenciansky kraj";2;0;0;0;NA;88199;2;2020-03-20;12052
2020-03-19;"Trenciansky kraj";5;0;0;0;NA;88199;5;2020-03-19;12050
2020-03-18;"Trenciansky kraj";0;0;0;0;NA;88199;0;2020-03-18;12045
2020-03-17;"Trenciansky kraj";0;0;0;0;NA;88199;0;2020-03-17;12045
2020-03-16;"Trenciansky kraj";1;0;0;0;NA;88199;1;2020-03-16;12045
2020-03-15;"Trenciansky kraj";4;0;0;0;NA;88199;4;2020-03-15;12044
2020-03-14;"Trenciansky kraj";0;0;0;0;NA;88199;0;2020-03-14;12040
2020-03-13;"Trenciansky kraj";0;0;0;0;NA;88199;0;2020-03-13;12040
2020-03-12;"Trenciansky kraj";1;0;0;0;NA;88199;1;2020-03-12;12040
2020-03-11;"Trenciansky kraj";0;0;0;0;NA;88199;0;2020-03-11;12039
2020-03-09;"Trenciansky kraj";0;0;0;0;NA;88199;0;2020-03-09;12039
2020-03-08;"Trenciansky kraj";0;0;0;0;NA;88199;0;2020-03-08;12039
2020-03-07;"Trenciansky kraj";0;0;0;0;NA;88199;0;2020-03-07;12039
2020-03-06;"Trenciansky kraj";0;0;0;0;NA;88199;0;2020-03-06;12039
2021-04-27;"Trnavský kraj";52;5958;30;5988;44858;84743;82;2021-04-27;84743
2021-04-26;"Trnavský kraj";40;14808;38;14846;NA;84743;78;2021-04-26;84661
2021-04-25;"Trnavský kraj";0;27696;24;27720;NA;84743;24;2021-04-25;84583
2021-04-24;"Trnavský kraj";46;107065;74;107139;NA;84743;120;2021-04-24;84559
2021-04-23;"Trnavský kraj";60;22164;52;22216;NA;84743;112;2021-04-23;84439
2021-04-22;"Trnavský kraj";32;9377;23;9400;NA;84743;55;2021-04-22;84327
2021-04-21;"Trnavský kraj";56;9268;44;9312;NA;84743;100;2021-04-21;84272
2021-04-20;"Trnavský kraj";51;11563;23;11586;NA;84743;74;2021-04-20;84172
2021-04-19;"Trnavský kraj";41;12956;17;12973;NA;84743;58;2021-04-19;84098
2021-04-18;"Trnavský kraj";7;28289;34;28323;NA;84743;41;2021-04-18;84040
2021-04-17;"Trnavský kraj";58;113588;86;113674;NA;84743;144;2021-04-17;83999
2021-04-16;"Trnavský kraj";54;21662;43;21705;NA;84743;97;2021-04-16;83855
2021-04-15;"Trnavský kraj";62;9600;34;9634;NA;84743;96;2021-04-15;83758
2021-04-14;"Trnavský kraj";60;16964;47;17011;NA;84743;107;2021-04-14;83662
2021-04-13;"Trnavský kraj";116;8154;36;8190;NA;84743;152;2021-04-13;83555
2021-04-12;"Trnavský kraj";30;12733;39;12772;NA;84743;69;2021-04-12;83403
2021-04-11;"Trnavský kraj";3;41723;38;41761;NA;84743;41;2021-04-11;83334
2021-04-10;"Trnavský kraj";58;115711;101;115812;NA;84743;159;2021-04-10;83293
2021-04-09;"Trnavský kraj";77;23183;28;23211;NA;84743;105;2021-04-09;83134
2021-04-08;"Trnavský kraj";75;9544;46;9590;NA;84743;121;2021-04-08;83029
2021-04-07;"Trnavský kraj";127;14083;70;14153;NA;84743;197;2021-04-07;82908
2021-04-06;"Trnavský kraj";59;17833;79;17912;NA;84743;138;2021-04-06;82711
2021-04-05;"Trnavský kraj";90;6599;12;6611;NA;84743;102;2021-04-05;82573
2021-04-04;"Trnavský kraj";7;28158;47;28205;NA;84743;54;2021-04-04;82471
2021-04-03;"Trnavský kraj";26;134332;176;134508;NA;84743;202;2021-04-03;82417
2021-04-02;"Trnavský kraj";91;14967;29;14996;NA;84743;120;2021-04-02;82215
2021-04-01;"Trnavský kraj";93;19995;65;20060;NA;84743;158;2021-04-01;82095
2021-03-31;"Trnavský kraj";126;13151;76;13227;NA;84743;202;2021-03-31;81937
2021-03-30;"Trnavský kraj";164;8527;67;8594;NA;84743;231;2021-03-30;81735
2021-03-29;"Trnavský kraj";100;17039;102;17141;NA;84743;202;2021-03-29;81504
2021-03-28;"Trnavský kraj";25;48108;124;48232;NA;84743;149;2021-03-28;81302
2021-03-27;"Trnavský kraj";64;120690;235;120925;NA;84743;299;2021-03-27;81153
2021-03-26;"Trnavský kraj";123;26394;110;26504;NA;84743;233;2021-03-26;80854
2021-03-25;"Trnavský kraj";98;12513;70;12583;NA;84743;168;2021-03-25;80621
2021-03-24;"Trnavský kraj";149;8949;80;9029;NA;84743;229;2021-03-24;80453
2021-03-23;"Trnavský kraj";202;11065;94;11159;NA;84743;296;2021-03-23;80224
2021-03-22;"Trnavský kraj";82;14828;95;14923;NA;84743;177;2021-03-22;79928
2021-03-21;"Trnavský kraj";31;46485;133;46618;NA;84743;164;2021-03-21;79751
2021-03-20;"Trnavský kraj";111;127519;302;127821;NA;84743;413;2021-03-20;79587
2021-03-19;"Trnavský kraj";157;25527;130;25657;NA;84743;287;2021-03-19;79174
2021-03-18;"Trnavský kraj";137;10517;125;10642;NA;84743;262;2021-03-18;78887
2021-03-17;"Trnavský kraj";204;8696;89;8785;NA;84743;293;2021-03-17;78625
2021-03-16;"Trnavský kraj";250;11194;118;11312;NA;84743;368;2021-03-16;78332
2021-03-15;"Trnavský kraj";98;16219;133;16352;NA;84743;231;2021-03-15;77964
2021-03-14;"Trnavský kraj";13;46081;151;46232;NA;84743;164;2021-03-14;77733
2021-03-13;"Trnavský kraj";152;129506;367;129873;NA;84743;519;2021-03-13;77569
2021-03-12;"Trnavský kraj";177;24971;162;25133;NA;84743;339;2021-03-12;77050
2021-03-11;"Trnavský kraj";171;11543;126;11669;NA;84743;297;2021-03-11;76711
2021-03-10;"Trnavský kraj";211;8865;119;8984;NA;84743;330;2021-03-10;76414
2021-03-09;"Trnavský kraj";373;11097;137;11234;NA;84743;510;2021-03-09;76084
2021-03-08;"Trnavský kraj";153;19655;141;19796;NA;84743;294;2021-03-08;75574
2021-03-07;"Trnavský kraj";29;43834;212;44046;NA;84743;241;2021-03-07;75280
2021-03-06;"Trnavský kraj";128;125915;483;126398;NA;84743;611;2021-03-06;75039
2021-03-05;"Trnavský kraj";272;25753;224;25977;NA;84743;496;2021-03-05;74428
2021-03-04;"Trnavský kraj";179;12432;161;12593;NA;84743;340;2021-03-04;73932
2021-03-03;"Trnavský kraj";362;9672;207;9879;NA;84743;569;2021-03-03;73592
2021-03-02;"Trnavský kraj";423;10332;167;10499;NA;84743;590;2021-03-02;73023
2021-03-01;"Trnavský kraj";148;16936;208;17144;NA;84743;356;2021-03-01;72433
2021-02-28;"Trnavský kraj";80;45095;279;45374;NA;84743;359;2021-02-28;72077
2021-02-27;"Trnavský kraj";258;131593;744;132337;NA;84743;1002;2021-02-27;71718
2021-02-26;"Trnavský kraj";310;24041;244;24285;NA;84743;554;2021-02-26;70716
2021-02-25;"Trnavský kraj";358;8914;198;9112;NA;84743;556;2021-02-25;70162
2021-02-24;"Trnavský kraj";353;7704;253;7957;NA;84743;606;2021-02-24;69606
2021-02-23;"Trnavský kraj";400;9495;244;9739;NA;84743;644;2021-02-23;69000
2021-02-22;"Trnavský kraj";174;18644;309;18953;NA;84743;483;2021-02-22;68356
2021-02-21;"Trnavský kraj";36;45288;294;45582;NA;84743;330;2021-02-21;67873
2021-02-20;"Trnavský kraj";249;125714;777;126491;NA;84743;1026;2021-02-20;67543
2021-02-19;"Trnavský kraj";301;24519;319;24838;NA;84743;620;2021-02-19;66517
2021-02-18;"Trnavský kraj";274;9684;307;9991;NA;84743;581;2021-02-18;65897
2021-02-17;"Trnavský kraj";405;7588;391;7979;NA;84743;796;2021-02-17;65316
2021-02-16;"Trnavský kraj";365;9493;251;9744;NA;84743;616;2021-02-16;64520
2021-02-15;"Trnavský kraj";117;16217;263;16480;NA;84743;380;2021-02-15;63904
2021-02-14;"Trnavský kraj";50;54860;466;55326;NA;84743;516;2021-02-14;63524
2021-02-13;"Trnavský kraj";211;127685;908;128593;NA;84743;1119;2021-02-13;63008
2021-02-12;"Trnavský kraj";269;21838;318;22156;NA;84743;587;2021-02-12;61889
2021-02-11;"Trnavský kraj";378;8158;337;8495;NA;84743;715;2021-02-11;61302
2021-02-10;"Trnavský kraj";461;7760;327;8087;NA;84743;788;2021-02-10;60587
2021-02-09;"Trnavský kraj";469;10884;344;11228;NA;84743;813;2021-02-09;59799
2021-02-08;"Trnavský kraj";177;31077;467;31544;NA;84743;644;2021-02-08;58986
2021-02-07;"Trnavský kraj";137;63079;569;63648;NA;84743;706;2021-02-07;58342
2021-02-06;"Trnavský kraj";329;106821;1422;108243;NA;84743;1751;2021-02-06;57636
2021-02-05;"Trnavský kraj";351;14776;372;15148;NA;84743;723;2021-02-05;55885
2021-02-04;"Trnavský kraj";414;6308;423;6731;NA;84743;837;2021-02-04;55162
2021-02-03;"Trnavský kraj";449;5871;410;6281;NA;84743;859;2021-02-03;54325
2021-02-02;"Trnavský kraj";402;13007;393;13400;NA;84743;795;2021-02-02;53466
2021-02-01;"Trnavský kraj";178;38356;664;39020;NA;84743;842;2021-02-01;52671
2021-01-31;"Trnavský kraj";19;63059;781;63840;NA;84743;800;2021-01-31;51829
2021-01-30;"Trnavský kraj";313;110295;1263;111558;NA;84743;1576;2021-01-30;51029
2021-01-29;"Trnavský kraj";392;9058;275;9333;NA;84743;667;2021-01-29;49453
2021-01-28;"Trnavský kraj";351;4178;252;4430;NA;84743;603;2021-01-28;48786
2021-01-27;"Trnavský kraj";403;4568;201;4769;NA;84743;604;2021-01-27;48183
2021-01-26;"Trnavský kraj";516;23157;608;23765;NA;84743;1124;2021-01-26;47579
2021-01-25;"Trnavský kraj";172;35780;566;36346;NA;84743;738;2021-01-25;46455
2021-01-24;"Trnavský kraj";90;55630;724;56354;NA;84743;814;2021-01-24;45717
2021-01-23;"Trnavský kraj";369;112903;1330;114233;NA;84743;1699;2021-01-23;44903
2021-01-22;"Trnavský kraj";168;31467;493;31960;NA;84743;661;2021-01-22;43204
2021-01-21;"Trnavský kraj";295;12742;371;13113;NA;84743;666;2021-01-21;42543
2021-01-20;"Trnavský kraj";472;6970;258;7228;NA;84743;730;2021-01-20;41877
2021-01-19;"Trnavský kraj";366;5774;326;6100;NA;84743;692;2021-01-19;41147
2021-01-18;"Trnavský kraj";220;5286;444;5730;NA;84743;664;2021-01-18;40455
2021-01-17;"Trnavský kraj";124;854;215;1069;NA;84743;339;2021-01-17;39791
2021-01-16;"Trnavský kraj";100;898;24;922;NA;84743;124;2021-01-16;39452
2021-01-15;"Trnavský kraj";252;4927;307;5234;NA;84743;559;2021-01-15;39328
2021-01-14;"Trnavský kraj";342;3460;311;3771;NA;84743;653;2021-01-14;38769
2021-01-13;"Trnavský kraj";413;4124;351;4475;NA;84743;764;2021-01-13;38116
2021-01-12;"Trnavský kraj";380;6154;440;6594;NA;84743;820;2021-01-12;37352
2021-01-11;"Trnavský kraj";341;4402;347;4749;NA;84743;688;2021-01-11;36532
2021-01-10;"Trnavský kraj";67;13;0;13;NA;84743;67;2021-01-10;35844
2021-01-09;"Trnavský kraj";374;1365;80;1445;NA;84743;454;2021-01-09;35777
2021-01-08;"Trnavský kraj";319;5301;477;5778;NA;84743;796;2021-01-08;35323
2021-01-07;"Trnavský kraj";428;3315;339;3654;NA;84743;767;2021-01-07;34527
2021-01-06;"Trnavský kraj";177;758;132;890;NA;84743;309;2021-01-06;33760
2021-01-05;"Trnavský kraj";507;4866;530;5396;NA;84743;1037;2021-01-05;33451
2021-01-04;"Trnavský kraj";268;4439;616;5055;NA;84743;884;2021-01-04;32414
2021-01-03;"Trnavský kraj";53;53;7;60;NA;84743;60;2021-01-03;31530
2021-01-02;"Trnavský kraj";268;417;32;449;NA;84743;300;2021-01-02;31470
2021-01-01;"Trnavský kraj";122;455;76;531;NA;84743;198;2021-01-01;31170
2020-12-31;"Trnavský kraj";433;4217;488;4705;NA;84743;921;2020-12-31;30972
2020-12-30;"Trnavský kraj";694;5037;583;5620;NA;84743;1277;2020-12-30;30051
2020-12-29;"Trnavský kraj";279;4870;595;5465;NA;84743;874;2020-12-29;28774
2020-12-28;"Trnavský kraj";170;4960;572;5532;NA;84743;742;2020-12-28;27900
2020-12-27;"Trnavský kraj";26;20;4;24;NA;84743;30;2020-12-27;27158
2020-12-26;"Trnavský kraj";138;37;1;38;NA;84743;139;2020-12-26;27128
2020-12-25;"Trnavský kraj";55;41;4;45;NA;84743;59;2020-12-25;26989
2020-12-24;"Trnavský kraj";288;1359;117;1476;NA;84743;405;2020-12-24;26930
2020-12-23;"Trnavský kraj";195;6672;377;7049;NA;84743;572;2020-12-23;26525
2020-12-22;"Trnavský kraj";270;4659;435;5094;NA;84743;705;2020-12-22;25953
2020-12-21;"Trnavský kraj";280;4018;342;4360;NA;84743;622;2020-12-21;25248
2020-12-20;"Trnavský kraj";126;133;12;145;NA;84743;138;2020-12-20;24626
2020-12-19;"Trnavský kraj";177;1407;103;1510;NA;84743;280;2020-12-19;24488
2020-12-18;"Trnavský kraj";307;4506;351;4857;NA;84743;658;2020-12-18;24208
2020-12-17;"Trnavský kraj";307;4617;400;5017;NA;84743;707;2020-12-17;23550
2020-12-16;"Trnavský kraj";278;4633;358;4991;NA;84743;636;2020-12-16;22843
2020-12-15;"Trnavský kraj";452;5686;578;6264;NA;84743;1030;2020-12-15;22207
2020-12-14;"Trnavský kraj";126;2754;235;2989;NA;84743;361;2020-12-14;21177
2020-12-13;"Trnavský kraj";7;5;0;5;NA;84743;7;2020-12-13;20816
2020-12-12;"Trnavský kraj";241;1427;114;1541;NA;84743;355;2020-12-12;20809
2020-12-11;"Trnavský kraj";352;4328;242;4570;NA;84743;594;2020-12-11;20454
2020-12-10;"Trnavský kraj";168;4751;296;5047;NA;84743;464;2020-12-10;19860
2020-12-09;"Trnavský kraj";445;3703;283;3986;NA;84743;728;2020-12-09;19396
2020-12-08;"Trnavský kraj";270;3554;284;3838;NA;84743;554;2020-12-08;18668
2020-12-07;"Trnavský kraj";146;2305;170;2475;NA;84743;316;2020-12-07;18114
2020-12-06;"Trnavský kraj";43;0;0;0;NA;84743;43;2020-12-06;17798
2020-12-05;"Trnavský kraj";126;2218;41;2259;NA;84743;167;2020-12-05;17755
2020-12-04;"Trnavský kraj";213;3343;134;3477;NA;84743;347;2020-12-04;17588
2020-12-03;"Trnavský kraj";220;2358;171;2529;NA;84743;391;2020-12-03;17241
2020-12-02;"Trnavský kraj";264;4121;170;4291;NA;84743;434;2020-12-02;16850
2020-12-01;"Trnavský kraj";231;3091;202;3293;NA;84743;433;2020-12-01;16416
2020-11-30;"Trnavský kraj";171;6915;177;7092;NA;84743;348;2020-11-30;15983
2020-11-29;"Trnavský kraj";17;716;35;751;NA;84743;52;2020-11-29;15635
2020-11-28;"Trnavský kraj";77;1416;73;1489;NA;84743;150;2020-11-28;15583
2020-11-27;"Trnavský kraj";132;1658;82;1740;NA;84743;214;2020-11-27;15433
2020-11-26;"Trnavský kraj";224;1075;68;1143;NA;84743;292;2020-11-26;15219
2020-11-25;"Trnavský kraj";219;1076;74;1150;NA;84743;293;2020-11-25;14927
2020-11-24;"Trnavský kraj";277;1225;82;1307;NA;84743;359;2020-11-24;14634
2020-11-23;"Trnavský kraj";216;7290;129;7419;NA;84743;345;2020-11-23;14275
2020-11-22;"Trnavský kraj";10;64;7;71;NA;84743;17;2020-11-22;13930
2020-11-21;"Trnavský kraj";125;1329;34;1363;NA;84743;159;2020-11-21;13913
2020-11-20;"Trnavský kraj";222;1125;62;1187;NA;84743;284;2020-11-20;13754
2020-11-19;"Trnavský kraj";148;791;61;852;NA;84743;209;2020-11-19;13470
2020-11-18;"Trnavský kraj";205;661;74;735;NA;84743;279;2020-11-18;13261
2020-11-17;"Trnavský kraj";127;324;61;385;NA;84743;188;2020-11-17;12982
2020-11-16;"Trnavský kraj";170;715;29;744;NA;84743;199;2020-11-16;12794
2020-11-15;"Trnavský kraj";21;53;3;56;NA;84743;24;2020-11-15;12595
2020-11-14;"Trnavský kraj";83;355;9;364;NA;84743;92;2020-11-14;12571
2020-11-13;"Trnavský kraj";194;569;14;583;NA;84743;208;2020-11-13;12479
2020-11-12;"Trnavský kraj";141;389;18;407;NA;84743;159;2020-11-12;12271
2020-11-11;"Trnavský kraj";224;369;15;384;NA;84743;239;2020-11-11;12112
2020-11-10;"Trnavský kraj";158;419;16;435;NA;84743;174;2020-11-10;11873
2020-11-09;"Trnavský kraj";168;348;23;371;NA;84743;191;2020-11-09;11699
2020-11-08;"Trnavský kraj";54;363;3;366;NA;84743;57;2020-11-08;11508
2020-11-07;"Trnavský kraj";201;5250;67;5317;NA;84743;268;2020-11-07;11451
2020-11-06;"Trnavský kraj";241;1514;18;1532;NA;84743;259;2020-11-06;11183
2020-11-05;"Trnavský kraj";138;208;26;234;NA;84743;164;2020-11-05;10924
2020-11-04;"Trnavský kraj";178;198;10;208;NA;84743;188;2020-11-04;10760
2020-11-03;"Trnavský kraj";285;111;7;118;NA;84743;292;2020-11-03;10572
2020-11-02;"Trnavský kraj";256;1697;31;1728;NA;84743;287;2020-11-02;10280
2020-11-01;"Trnavský kraj";78;271;27;298;NA;84743;105;2020-11-01;9993
2020-10-31;"Trnavský kraj";240;4110;32;4142;NA;84743;272;2020-10-31;9888
2020-10-30;"Trnavský kraj";170;3764;25;3789;NA;84743;195;2020-10-30;9616
2020-10-29;"Trnavský kraj";259;1436;16;1452;NA;84743;275;2020-10-29;9421
2020-10-28;"Trnavský kraj";296;69;13;82;NA;84743;309;2020-10-28;9146
2020-10-27;"Trnavský kraj";169;425;35;460;NA;84743;204;2020-10-27;8837
2020-10-26;"Trnavský kraj";134;19;1;20;NA;84743;135;2020-10-26;8633
2020-10-25;"Trnavský kraj";92;3;0;3;NA;84743;92;2020-10-25;8498
2020-10-24;"Trnavský kraj";155;23;0;23;NA;84743;155;2020-10-24;8406
2020-10-23;"Trnavský kraj";181;28;2;30;NA;84743;183;2020-10-23;8251
2020-10-22;"Trnavský kraj";176;12;2;14;NA;84743;178;2020-10-22;8068
2020-10-21;"Trnavský kraj";123;29;3;32;NA;84743;126;2020-10-21;7890
2020-10-20;"Trnavský kraj";189;17;2;19;NA;84743;191;2020-10-20;7764
2020-10-19;"Trnavský kraj";61;0;0;0;NA;84743;61;2020-10-19;7573
2020-10-18;"Trnavský kraj";75;0;0;0;NA;84743;75;2020-10-18;7512
2020-10-17;"Trnavský kraj";123;0;0;0;NA;84743;123;2020-10-17;7437
2020-10-16;"Trnavský kraj";73;9;2;11;NA;84743;75;2020-10-16;7314
2020-10-15;"Trnavský kraj";149;6;1;7;NA;84743;150;2020-10-15;7239
2020-10-14;"Trnavský kraj";226;3;0;3;NA;84743;226;2020-10-14;7089
2020-10-13;"Trnavský kraj";128;13;2;15;NA;84743;130;2020-10-13;6863
2020-10-12;"Trnavský kraj";25;0;0;0;NA;84743;25;2020-10-12;6733
2020-10-11;"Trnavský kraj";29;0;0;0;NA;84743;29;2020-10-11;6708
2020-10-10;"Trnavský kraj";120;0;0;0;NA;84743;120;2020-10-10;6679
2020-10-09;"Trnavský kraj";150;0;0;0;NA;84743;150;2020-10-09;6559
2020-10-08;"Trnavský kraj";144;0;0;0;NA;84743;144;2020-10-08;6409
2020-10-07;"Trnavský kraj";78;0;0;0;NA;84743;78;2020-10-07;6265
2020-10-06;"Trnavský kraj";93;0;0;0;NA;84743;93;2020-10-06;6187
2020-10-05;"Trnavský kraj";29;0;0;0;NA;84743;29;2020-10-05;6094
2020-10-04;"Trnavský kraj";43;0;0;0;NA;84743;43;2020-10-04;6065
2020-10-03;"Trnavský kraj";57;0;0;0;NA;84743;57;2020-10-03;6022
2020-10-02;"Trnavský kraj";38;0;0;0;NA;84743;38;2020-10-02;5965
2020-10-01;"Trnavský kraj";47;0;0;0;NA;84743;47;2020-10-01;5927
2020-09-30;"Trnavský kraj";88;0;0;0;NA;84743;88;2020-09-30;5880
2020-09-29;"Trnavský kraj";38;0;0;0;NA;84743;38;2020-09-29;5792
2020-09-28;"Trnavský kraj";66;0;0;0;NA;84743;66;2020-09-28;5754
2020-09-27;"Trnavský kraj";30;0;0;0;NA;84743;30;2020-09-27;5688
2020-09-26;"Trnavský kraj";46;0;0;0;NA;84743;46;2020-09-26;5658
2020-09-25;"Trnavský kraj";30;0;0;0;NA;84743;30;2020-09-25;5612
2020-09-24;"Trnavský kraj";42;0;0;0;NA;84743;42;2020-09-24;5582
2020-09-23;"Trnavský kraj";39;0;0;0;NA;84743;39;2020-09-23;5540
2020-09-22;"Trnavský kraj";54;0;0;0;NA;84743;54;2020-09-22;5501
2020-09-21;"Trnavský kraj";39;0;0;0;NA;84743;39;2020-09-21;5447
2020-09-20;"Trnavský kraj";17;0;0;0;NA;84743;17;2020-09-20;5408
2020-09-19;"Trnavský kraj";3;0;0;0;NA;84743;3;2020-09-19;5391
2020-09-18;"Trnavský kraj";32;0;0;0;NA;84743;32;2020-09-18;5388
2020-09-17;"Trnavský kraj";37;0;0;0;NA;84743;37;2020-09-17;5356
2020-09-16;"Trnavský kraj";48;0;0;0;NA;84743;48;2020-09-16;5319
2020-09-15;"Trnavský kraj";3;0;0;0;NA;84743;3;2020-09-15;5271
2020-09-14;"Trnavský kraj";25;0;0;0;NA;84743;25;2020-09-14;5268
2020-09-13;"Trnavský kraj";9;0;0;0;NA;84743;9;2020-09-13;5243
2020-09-12;"Trnavský kraj";12;0;0;0;NA;84743;12;2020-09-12;5234
2020-09-11;"Trnavský kraj";16;0;0;0;NA;84743;16;2020-09-11;5222
2020-09-10;"Trnavský kraj";32;0;0;0;NA;84743;32;2020-09-10;5206
2020-09-09;"Trnavský kraj";13;0;0;0;NA;84743;13;2020-09-09;5174
2020-09-08;"Trnavský kraj";11;0;0;0;NA;84743;11;2020-09-08;5161
2020-09-07;"Trnavský kraj";7;0;0;0;NA;84743;7;2020-09-07;5150
2020-09-06;"Trnavský kraj";5;0;0;0;NA;84743;5;2020-09-06;5143
2020-09-05;"Trnavský kraj";6;0;0;0;NA;84743;6;2020-09-05;5138
2020-09-04;"Trnavský kraj";16;0;0;0;NA;84743;16;2020-09-04;5132
2020-09-03;"Trnavský kraj";7;0;0;0;NA;84743;7;2020-09-03;5116
2020-09-02;"Trnavský kraj";6;0;0;0;NA;84743;6;2020-09-02;5109
2020-09-01;"Trnavský kraj";1;0;0;0;NA;84743;1;2020-09-01;5103
2020-08-31;"Trnavský kraj";5;0;0;0;NA;84743;5;2020-08-31;5102
2020-08-30;"Trnavský kraj";1;0;0;0;NA;84743;1;2020-08-30;5097
2020-08-29;"Trnavský kraj";3;0;0;0;NA;84743;3;2020-08-29;5096
2020-08-28;"Trnavský kraj";12;0;0;0;NA;84743;12;2020-08-28;5093
2020-08-27;"Trnavský kraj";5;0;0;0;NA;84743;5;2020-08-27;5081
2020-08-26;"Trnavský kraj";4;0;0;0;NA;84743;4;2020-08-26;5076
2020-08-25;"Trnavský kraj";7;0;0;0;NA;84743;7;2020-08-25;5072
2020-08-24;"Trnavský kraj";1;0;0;0;NA;84743;1;2020-08-24;5065
2020-08-23;"Trnavský kraj";4;0;0;0;NA;84743;4;2020-08-23;5064
2020-08-22;"Trnavský kraj";1;0;0;0;NA;84743;1;2020-08-22;5060
2020-08-21;"Trnavský kraj";4;0;0;0;NA;84743;4;2020-08-21;5059
2020-08-20;"Trnavský kraj";23;0;0;0;NA;84743;23;2020-08-20;5055
2020-08-19;"Trnavský kraj";12;0;0;0;NA;84743;12;2020-08-19;5032
2020-08-18;"Trnavský kraj";20;0;0;0;NA;84743;20;2020-08-18;5020
2020-08-17;"Trnavský kraj";3;0;0;0;NA;84743;3;2020-08-17;5000
2020-08-16;"Trnavský kraj";0;0;0;0;NA;84743;0;2020-08-16;4997
2020-08-15;"Trnavský kraj";7;0;0;0;NA;84743;7;2020-08-15;4997
2020-08-14;"Trnavský kraj";6;0;0;0;NA;84743;6;2020-08-14;4990
2020-08-13;"Trnavský kraj";10;0;0;0;NA;84743;10;2020-08-13;4984
2020-08-12;"Trnavský kraj";2;0;0;0;NA;84743;2;2020-08-12;4974
2020-08-11;"Trnavský kraj";30;0;0;0;NA;84743;30;2020-08-11;4972
2020-08-10;"Trnavský kraj";0;0;0;0;NA;84743;0;2020-08-10;4942
2020-08-09;"Trnavský kraj";0;0;0;0;NA;84743;0;2020-08-09;4942
2020-08-08;"Trnavský kraj";13;0;0;0;NA;84743;13;2020-08-08;4942
2020-08-07;"Trnavský kraj";4;0;0;0;NA;84743;4;2020-08-07;4929
2020-08-06;"Trnavský kraj";4;0;0;0;NA;84743;4;2020-08-06;4925
2020-08-05;"Trnavský kraj";0;0;0;0;NA;84743;0;2020-08-05;4921
2020-08-04;"Trnavský kraj";1;0;0;0;NA;84743;1;2020-08-04;4921
2020-08-03;"Trnavský kraj";2;0;0;0;NA;84743;2;2020-08-03;4920
2020-08-02;"Trnavský kraj";1;0;0;0;NA;84743;1;2020-08-02;4918
2020-08-01;"Trnavský kraj";0;0;0;0;NA;84743;0;2020-08-01;4917
2020-07-31;"Trnavský kraj";7;0;0;0;NA;84743;7;2020-07-31;4917
2020-07-30;"Trnavský kraj";6;0;0;0;NA;84743;6;2020-07-30;4910
2020-07-29;"Trnavský kraj";0;0;0;0;NA;84743;0;2020-07-29;4904
2020-07-28;"Trnavský kraj";1;0;0;0;NA;84743;1;2020-07-28;4904
2020-07-27;"Trnavský kraj";0;0;0;0;NA;84743;0;2020-07-27;4903
2020-07-26;"Trnavský kraj";0;0;0;0;NA;84743;0;2020-07-26;4903
2020-07-25;"Trnavský kraj";0;0;0;0;NA;84743;0;2020-07-25;4903
2020-07-24;"Trnavský kraj";1;0;0;0;NA;84743;1;2020-07-24;4903
2020-07-23;"Trnavský kraj";2;0;0;0;NA;84743;2;2020-07-23;4902
2020-07-22;"Trnavský kraj";1;0;0;0;NA;84743;1;2020-07-22;4900
2020-07-21;"Trnavský kraj";2;0;0;0;NA;84743;2;2020-07-21;4899
2020-07-20;"Trnavský kraj";0;0;0;0;NA;84743;0;2020-07-20;4897
2020-07-19;"Trnavský kraj";0;0;0;0;NA;84743;0;2020-07-19;4897
2020-07-18;"Trnavský kraj";0;0;0;0;NA;84743;0;2020-07-18;4897
2020-07-17;"Trnavský kraj";0;0;0;0;NA;84743;0;2020-07-17;4897
2020-07-16;"Trnavský kraj";0;0;0;0;NA;84743;0;2020-07-16;4897
2020-07-15;"Trnavský kraj";1;0;0;0;NA;84743;1;2020-07-15;4897
2020-07-14;"Trnavský kraj";0;0;0;0;NA;84743;0;2020-07-14;4896
2020-07-13;"Trnavský kraj";0;0;0;0;NA;84743;0;2020-07-13;4896
2020-07-12;"Trnavský kraj";0;0;0;0;NA;84743;0;2020-07-12;4896
2020-07-11;"Trnavský kraj";0;0;0;0;NA;84743;0;2020-07-11;4896
2020-07-10;"Trnavský kraj";0;0;0;0;NA;84743;0;2020-07-10;4896
2020-07-09;"Trnavský kraj";0;0;0;0;NA;84743;0;2020-07-09;4896
2020-07-08;"Trnavský kraj";1;0;0;0;NA;84743;1;2020-07-08;4896
2020-07-07;"Trnavský kraj";4;0;0;0;NA;84743;4;2020-07-07;4895
2020-07-06;"Trnavský kraj";0;0;0;0;NA;84743;0;2020-07-06;4891
2020-07-05;"Trnavský kraj";0;0;0;0;NA;84743;0;2020-07-05;4891
2020-07-04;"Trnavský kraj";0;0;0;0;NA;84743;0;2020-07-04;4891
2020-07-03;"Trnavský kraj";0;0;0;0;NA;84743;0;2020-07-03;4891
2020-07-02;"Trnavský kraj";3;0;0;0;NA;84743;3;2020-07-02;4891
2020-07-01;"Trnavský kraj";0;0;0;0;NA;84743;0;2020-07-01;4888
2020-06-30;"Trnavský kraj";0;0;0;0;NA;84743;0;2020-06-30;4888
2020-06-29;"Trnavský kraj";0;0;0;0;NA;84743;0;2020-06-29;4888
2020-06-28;"Trnavský kraj";0;0;0;0;NA;84743;0;2020-06-28;4888
2020-06-27;"Trnavský kraj";0;0;0;0;NA;84743;0;2020-06-27;4888
2020-06-26;"Trnavský kraj";0;0;0;0;NA;84743;0;2020-06-26;4888
2020-06-25;"Trnavský kraj";0;0;0;0;NA;84743;0;2020-06-25;4888
2020-06-24;"Trnavský kraj";0;0;0;0;NA;84743;0;2020-06-24;4888
2020-06-23;"Trnavský kraj";0;0;0;0;NA;84743;0;2020-06-23;4888
2020-06-22;"Trnavský kraj";0;0;0;0;NA;84743;0;2020-06-22;4888
2020-06-21;"Trnavský kraj";0;0;0;0;NA;84743;0;2020-06-21;4888
2020-06-20;"Trnavský kraj";0;0;0;0;NA;84743;0;2020-06-20;4888
2020-06-19;"Trnavský kraj";0;0;0;0;NA;84743;0;2020-06-19;4888
2020-06-18;"Trnavský kraj";2;0;0;0;NA;84743;2;2020-06-18;4888
2020-06-17;"Trnavský kraj";0;0;0;0;NA;84743;0;2020-06-17;4886
2020-06-16;"Trnavský kraj";0;0;0;0;NA;84743;0;2020-06-16;4886
2020-06-14;"Trnavský kraj";0;0;0;0;NA;84743;0;2020-06-14;4886
2020-06-13;"Trnavský kraj";0;0;0;0;NA;84743;0;2020-06-13;4886
2020-06-12;"Trnavský kraj";0;0;0;0;NA;84743;0;2020-06-12;4886
2020-06-11;"Trnavský kraj";0;0;0;0;NA;84743;0;2020-06-11;4886
2020-06-10;"Trnavský kraj";0;0;0;0;NA;84743;0;2020-06-10;4886
2020-06-09;"Trnavský kraj";0;0;0;0;NA;84743;0;2020-06-09;4886
2020-06-08;"Trnavský kraj";0;0;0;0;NA;84743;0;2020-06-08;4886
2020-06-07;"Trnavský kraj";0;0;0;0;NA;84743;0;2020-06-07;4886
2020-06-05;"Trnavský kraj";0;0;0;0;NA;84743;0;2020-06-05;4886
2020-06-03;"Trnavský kraj";0;0;0;0;NA;84743;0;2020-06-03;4886
2020-06-02;"Trnavský kraj";0;0;0;0;NA;84743;0;2020-06-02;4886
2020-05-31;"Trnavský kraj";0;0;0;0;NA;84743;0;2020-05-31;4886
2020-05-29;"Trnavský kraj";0;0;0;0;NA;84743;0;2020-05-29;4886
2020-05-27;"Trnavský kraj";0;0;0;0;NA;84743;0;2020-05-27;4886
2020-05-26;"Trnavský kraj";0;0;0;0;NA;84743;0;2020-05-26;4886
2020-05-25;"Trnavský kraj";1;0;0;0;NA;84743;1;2020-05-25;4886
2020-05-24;"Trnavský kraj";0;0;0;0;NA;84743;0;2020-05-24;4885
2020-05-23;"Trnavský kraj";2;0;0;0;NA;84743;2;2020-05-23;4885
2020-05-22;"Trnavský kraj";0;0;0;0;NA;84743;0;2020-05-22;4883
2020-05-21;"Trnavský kraj";0;0;0;0;NA;84743;0;2020-05-21;4883
2020-05-20;"Trnavský kraj";2;0;0;0;NA;84743;2;2020-05-20;4883
2020-05-19;"Trnavský kraj";0;0;0;0;NA;84743;0;2020-05-19;4881
2020-05-17;"Trnavský kraj";0;0;0;0;NA;84743;0;2020-05-17;4881
2020-05-16;"Trnavský kraj";0;0;0;0;NA;84743;0;2020-05-16;4881
2020-05-15;"Trnavský kraj";1;0;0;0;NA;84743;1;2020-05-15;4881
2020-05-14;"Trnavský kraj";0;0;0;0;NA;84743;0;2020-05-14;4880
2020-05-13;"Trnavský kraj";0;0;0;0;NA;84743;0;2020-05-13;4880
2020-05-12;"Trnavský kraj";0;0;0;0;NA;84743;0;2020-05-12;4880
2020-05-11;"Trnavský kraj";2;0;0;0;NA;84743;2;2020-05-11;4880
2020-05-09;"Trnavský kraj";0;0;0;0;NA;84743;0;2020-05-09;4878
2020-05-07;"Trnavský kraj";0;0;0;0;NA;84743;0;2020-05-07;4878
2020-05-06;"Trnavský kraj";0;0;0;0;NA;84743;0;2020-05-06;4878
2020-05-05;"Trnavský kraj";0;0;0;0;NA;84743;0;2020-05-05;4878
2020-05-04;"Trnavský kraj";0;0;0;0;NA;84743;0;2020-05-04;4878
2020-05-03;"Trnavský kraj";0;0;0;0;NA;84743;0;2020-05-03;4878
2020-05-02;"Trnavský kraj";0;0;0;0;NA;84743;0;2020-05-02;4878
2020-05-01;"Trnavský kraj";0;0;0;0;NA;84743;0;2020-05-01;4878
2020-04-30;"Trnavský kraj";0;0;0;0;NA;84743;0;2020-04-30;4878
2020-04-29;"Trnavský kraj";0;0;0;0;NA;84743;0;2020-04-29;4878
2020-04-28;"Trnavský kraj";1;0;0;0;NA;84743;1;2020-04-28;4878
2020-04-27;"Trnavský kraj";0;0;0;0;NA;84743;0;2020-04-27;4877
2020-04-26;"Trnavský kraj";0;0;0;0;NA;84743;0;2020-04-26;4877
2020-04-25;"Trnavský kraj";2;0;0;0;NA;84743;2;2020-04-25;4877
2020-04-24;"Trnavský kraj";4;0;0;0;NA;84743;4;2020-04-24;4875
2020-04-23;"Trnavský kraj";5;0;0;0;NA;84743;5;2020-04-23;4871
2020-04-22;"Trnavský kraj";10;0;0;0;NA;84743;10;2020-04-22;4866
2020-04-21;"Trnavský kraj";5;0;0;0;NA;84743;5;2020-04-21;4856
2020-04-20;"Trnavský kraj";0;0;0;0;NA;84743;0;2020-04-20;4851
2020-04-19;"Trnavský kraj";1;0;0;0;NA;84743;1;2020-04-19;4851
2020-04-18;"Trnavský kraj";4;0;0;0;NA;84743;4;2020-04-18;4850
2020-04-17;"Trnavský kraj";6;0;0;0;NA;84743;6;2020-04-17;4846
2020-04-16;"Trnavský kraj";5;0;0;0;NA;84743;5;2020-04-16;4840
2020-04-15;"Trnavský kraj";5;0;0;0;NA;84743;5;2020-04-15;4835
2020-04-14;"Trnavský kraj";1;0;0;0;NA;84743;1;2020-04-14;4830
2020-04-13;"Trnavský kraj";0;0;0;0;NA;84743;0;2020-04-13;4829
2020-04-12;"Trnavský kraj";0;0;0;0;NA;84743;0;2020-04-12;4829
2020-04-11;"Trnavský kraj";0;0;0;0;NA;84743;0;2020-04-11;4829
2020-04-10;"Trnavský kraj";2;0;0;0;NA;84743;2;2020-04-10;4829
2020-04-09;"Trnavský kraj";2;0;0;0;NA;84743;2;2020-04-09;4827
2020-04-08;"Trnavský kraj";4;0;0;0;NA;84743;4;2020-04-08;4825
2020-04-07;"Trnavský kraj";5;0;0;0;NA;84743;5;2020-04-07;4821
2020-04-06;"Trnavský kraj";3;0;0;0;NA;84743;3;2020-04-06;4816
2020-04-05;"Trnavský kraj";0;0;0;0;NA;84743;0;2020-04-05;4813
2020-04-04;"Trnavský kraj";1;0;0;0;NA;84743;1;2020-04-04;4813
2020-04-03;"Trnavský kraj";3;0;0;0;NA;84743;3;2020-04-03;4812
2020-04-02;"Trnavský kraj";2;0;0;0;NA;84743;2;2020-04-02;4809
2020-04-01;"Trnavský kraj";0;0;0;0;NA;84743;0;2020-04-01;4807
2020-03-31;"Trnavský kraj";1;0;0;0;NA;84743;1;2020-03-31;4807
2020-03-30;"Trnavský kraj";4;0;0;0;NA;84743;4;2020-03-30;4806
2020-03-29;"Trnavský kraj";1;0;0;0;NA;84743;1;2020-03-29;4802
2020-03-28;"Trnavský kraj";3;0;0;0;NA;84743;3;2020-03-28;4801
2020-03-27;"Trnavský kraj";4;0;0;0;NA;84743;4;2020-03-27;4798
2020-03-26;"Trnavský kraj";3;0;0;0;NA;84743;3;2020-03-26;4794
2020-03-25;"Trnavský kraj";1;0;0;0;NA;84743;1;2020-03-25;4791
2020-03-24;"Trnavský kraj";0;0;0;0;NA;84743;0;2020-03-24;4790
2020-03-23;"Trnavský kraj";2;0;0;0;NA;84743;2;2020-03-23;4790
2020-03-22;"Trnavský kraj";1;0;0;0;NA;84743;1;2020-03-22;4788
2020-03-21;"Trnavský kraj";5;0;0;0;NA;84743;5;2020-03-21;4787
2020-03-20;"Trnavský kraj";0;0;0;0;NA;84743;0;2020-03-20;4782
2020-03-19;"Trnavský kraj";0;0;0;0;NA;84743;0;2020-03-19;4782
2020-03-18;"Trnavský kraj";0;0;0;0;NA;84743;0;2020-03-18;4782
2020-03-17;"Trnavský kraj";3;0;0;0;NA;84743;3;2020-03-17;4782
2020-03-16;"Trnavský kraj";1;0;0;0;NA;84743;1;2020-03-16;4779
2020-03-15;"Trnavský kraj";0;0;0;0;NA;84743;0;2020-03-15;4778
2020-03-14;"Trnavský kraj";0;0;0;0;NA;84743;0;2020-03-14;4778
2020-03-13;"Trnavský kraj";1;0;0;0;NA;84743;1;2020-03-13;4778
2020-03-12;"Trnavský kraj";1;0;0;0;NA;84743;1;2020-03-12;4777
2020-03-11;"Trnavský kraj";0;0;0;0;NA;84743;0;2020-03-11;4776
2020-03-09;"Trnavský kraj";0;0;0;0;NA;84743;0;2020-03-09;4776
2020-03-08;"Trnavský kraj";0;0;0;0;NA;84743;0;2020-03-08;4776
2020-03-07;"Trnavský kraj";0;0;0;0;NA;84743;0;2020-03-07;4776
2020-03-06;"Trnavský kraj";0;0;0;0;NA;84743;0;2020-03-06;4776
2021-04-27;"Žilinský kraj";75;15948;62;16010;56133;94371;137;2021-04-27;94371
2021-04-26;"Žilinský kraj";104;22559;106;22665;NA;94371;210;2021-04-26;94234
2021-04-25;"Žilinský kraj";35;22621;55;22676;NA;94371;90;2021-04-25;94024
2021-04-24;"Žilinský kraj";77;63967;138;64105;NA;94371;215;2021-04-24;93934
2021-04-23;"Žilinský kraj";123;40414;129;40543;NA;94371;252;2021-04-23;93719
2021-04-22;"Žilinský kraj";95;21312;109;21421;NA;94371;204;2021-04-22;93467
2021-04-21;"Žilinský kraj";90;16253;110;16363;NA;94371;200;2021-04-21;93263
2021-04-20;"Žilinský kraj";104;19147;105;19252;NA;94371;209;2021-04-20;93063
2021-04-19;"Žilinský kraj";120;26780;174;26954;NA;94371;294;2021-04-19;92854
2021-04-18;"Žilinský kraj";18;23732;63;23795;NA;94371;81;2021-04-18;92560
2021-04-17;"Žilinský kraj";71;72303;126;72429;NA;94371;197;2021-04-17;92479
2021-04-16;"Žilinský kraj";161;39023;163;39186;NA;94371;324;2021-04-16;92282
2021-04-15;"Žilinský kraj";94;20812;98;20910;NA;94371;192;2021-04-15;91958
2021-04-14;"Žilinský kraj";99;18615;108;18723;NA;94371;207;2021-04-14;91766
2021-04-13;"Žilinský kraj";144;20287;107;20394;NA;94371;251;2021-04-13;91559
2021-04-12;"Žilinský kraj";235;24102;138;24240;NA;94371;373;2021-04-12;91308
2021-04-11;"Žilinský kraj";18;23727;72;23799;NA;94371;90;2021-04-11;90935
2021-04-10;"Žilinský kraj";71;69731;188;69919;NA;94371;259;2021-04-10;90845
2021-04-09;"Žilinský kraj";165;34508;165;34673;NA;94371;330;2021-04-09;90586
2021-04-08;"Žilinský kraj";146;21002;100;21102;NA;94371;246;2021-04-08;90256
2021-04-07;"Žilinský kraj";239;24039;134;24173;NA;94371;373;2021-04-07;90010
2021-04-06;"Žilinský kraj";258;31726;231;31957;NA;94371;489;2021-04-06;89637
2021-04-05;"Žilinský kraj";17;11268;103;11371;NA;94371;120;2021-04-05;89148
2021-04-04;"Žilinský kraj";17;10205;46;10251;NA;94371;63;2021-04-04;89028
2021-04-03;"Žilinský kraj";138;81385;324;81709;NA;94371;462;2021-04-03;88965
2021-04-02;"Žilinský kraj";51;17109;65;17174;NA;94371;116;2021-04-02;88503
2021-04-01;"Žilinský kraj";253;35162;184;35346;NA;94371;437;2021-04-01;88387
2021-03-31;"Žilinský kraj";150;26369;194;26563;NA;94371;344;2021-03-31;87950
2021-03-30;"Žilinský kraj";292;21828;200;22028;NA;94371;492;2021-03-30;87606
2021-03-29;"Žilinský kraj";278;23016;208;23224;NA;94371;486;2021-03-29;87114
2021-03-28;"Žilinský kraj";20;25415;161;25576;NA;94371;181;2021-03-28;86628
2021-03-27;"Žilinský kraj";133;72854;260;73114;NA;94371;393;2021-03-27;86447
2021-03-26;"Žilinský kraj";254;43684;262;43946;NA;94371;516;2021-03-26;86054
2021-03-25;"Žilinský kraj";230;23218;171;23389;NA;94371;401;2021-03-25;85538
2021-03-24;"Žilinský kraj";219;17126;189;17315;NA;94371;408;2021-03-24;85137
2021-03-23;"Žilinský kraj";296;19206;233;19439;NA;94371;529;2021-03-23;84729
2021-03-22;"Žilinský kraj";271;24018;249;24267;NA;94371;520;2021-03-22;84200
2021-03-21;"Žilinský kraj";28;22999;148;23147;NA;94371;176;2021-03-21;83680
2021-03-20;"Žilinský kraj";109;76653;376;77029;NA;94371;485;2021-03-20;83504
2021-03-19;"Žilinský kraj";310;43391;328;43719;NA;94371;638;2021-03-19;83019
2021-03-18;"Žilinský kraj";268;23893;224;24117;NA;94371;492;2021-03-18;82381
2021-03-17;"Žilinský kraj";312;17653;209;17862;NA;94371;521;2021-03-17;81889
2021-03-16;"Žilinský kraj";411;20295;251;20546;NA;94371;662;2021-03-16;81368
2021-03-15;"Žilinský kraj";277;24069;333;24402;NA;94371;610;2021-03-15;80706
2021-03-14;"Žilinský kraj";86;23174;172;23346;NA;94371;258;2021-03-14;80096
2021-03-13;"Žilinský kraj";93;76220;472;76692;NA;94371;565;2021-03-13;79838
2021-03-12;"Žilinský kraj";433;43684;317;44001;NA;94371;750;2021-03-12;79273
2021-03-11;"Žilinský kraj";297;23904;215;24119;NA;94371;512;2021-03-11;78523
2021-03-10;"Žilinský kraj";299;18033;280;18313;NA;94371;579;2021-03-10;78011
2021-03-09;"Žilinský kraj";463;20511;238;20749;NA;94371;701;2021-03-09;77432
2021-03-08;"Žilinský kraj";325;25527;367;25894;NA;94371;692;2021-03-08;76731
2021-03-07;"Žilinský kraj";47;23001;204;23205;NA;94371;251;2021-03-07;76039
2021-03-06;"Žilinský kraj";129;75609;469;76078;NA;94371;598;2021-03-06;75788
2021-03-05;"Žilinský kraj";346;42680;386;43066;NA;94371;732;2021-03-05;75190
2021-03-04;"Žilinský kraj";342;25707;277;25984;NA;94371;619;2021-03-04;74458
2021-03-03;"Žilinský kraj";365;21808;287;22095;NA;94371;652;2021-03-03;73839
2021-03-02;"Žilinský kraj";420;21402;320;21722;NA;94371;740;2021-03-02;73187
2021-03-01;"Žilinský kraj";330;25070;362;25432;NA;94371;692;2021-03-01;72447
2021-02-28;"Žilinský kraj";60;23711;222;23933;NA;94371;282;2021-02-28;71755
2021-02-27;"Žilinský kraj";139;68506;504;69010;NA;94371;643;2021-02-27;71473
2021-02-26;"Žilinský kraj";346;39598;422;40020;NA;94371;768;2021-02-26;70830
2021-02-25;"Žilinský kraj";275;26975;305;27280;NA;94371;580;2021-02-25;70062
2021-02-24;"Žilinský kraj";282;15300;304;15604;NA;94371;586;2021-02-24;69482
2021-02-23;"Žilinský kraj";331;19340;336;19676;NA;94371;667;2021-02-23;68896
2021-02-22;"Žilinský kraj";319;25019;358;25377;NA;94371;677;2021-02-22;68229
2021-02-21;"Žilinský kraj";35;20979;244;21223;NA;94371;279;2021-02-21;67552
2021-02-20;"Žilinský kraj";106;72011;524;72535;NA;94371;630;2021-02-20;67273
2021-02-19;"Žilinský kraj";289;37418;325;37743;NA;94371;614;2021-02-19;66643
2021-02-18;"Žilinský kraj";190;21444;278;21722;NA;94371;468;2021-02-18;66029
2021-02-17;"Žilinský kraj";222;14904;277;15181;NA;94371;499;2021-02-17;65561
2021-02-16;"Žilinský kraj";259;21097;264;21361;NA;94371;523;2021-02-16;65062
2021-02-15;"Žilinský kraj";201;25600;244;25844;NA;94371;445;2021-02-15;64539
2021-02-14;"Žilinský kraj";30;22484;193;22677;NA;94371;223;2021-02-14;64094
2021-02-13;"Žilinský kraj";63;59285;367;59652;NA;94371;430;2021-02-13;63871
2021-02-12;"Žilinský kraj";229;35172;251;35423;NA;94371;480;2021-02-12;63441
2021-02-11;"Žilinský kraj";195;20525;235;20760;NA;94371;430;2021-02-11;62961
2021-02-10;"Žilinský kraj";203;14696;204;14900;NA;94371;407;2021-02-10;62531
2021-02-09;"Žilinský kraj";324;21779;215;21994;NA;94371;539;2021-02-09;62124
2021-02-08;"Žilinský kraj";149;33171;311;33482;NA;94371;460;2021-02-08;61585
2021-02-07;"Žilinský kraj";23;40159;214;40373;NA;94371;237;2021-02-07;61125
2021-02-06;"Žilinský kraj";61;61338;304;61642;NA;94371;365;2021-02-06;60888
2021-02-05;"Žilinský kraj";218;26203;249;26452;NA;94371;467;2021-02-05;60523
2021-02-04;"Žilinský kraj";168;11017;212;11229;NA;94371;380;2021-02-04;60056
2021-02-03;"Žilinský kraj";136;7600;217;7817;NA;94371;353;2021-02-03;59676
2021-02-02;"Žilinský kraj";177;7685;234;7919;NA;94371;411;2021-02-02;59323
2021-02-01;"Žilinský kraj";187;14792;290;15082;NA;94371;477;2021-02-01;58912
2021-01-31;"Žilinský kraj";11;894;11;905;NA;94371;22;2021-01-31;58435
2021-01-30;"Žilinský kraj";81;14154;161;14315;NA;94371;242;2021-01-30;58413
2021-01-29;"Žilinský kraj";176;21176;248;21424;NA;94371;424;2021-01-29;58171
2021-01-28;"Žilinský kraj";207;4775;149;4924;NA;94371;356;2021-01-28;57747
2021-01-27;"Žilinský kraj";193;5152;96;5248;NA;94371;289;2021-01-27;57391
2021-01-26;"Žilinský kraj";203;48011;314;48325;NA;94371;517;2021-01-26;57102
2021-01-25;"Žilinský kraj";136;17438;122;17560;NA;94371;258;2021-01-25;56585
2021-01-24;"Žilinský kraj";16;31366;170;31536;NA;94371;186;2021-01-24;56327
2021-01-23;"Žilinský kraj";81;75800;340;76140;NA;94371;421;2021-01-23;56141
2021-01-22;"Žilinský kraj";146;27182;175;27357;NA;94371;321;2021-01-22;55720
2021-01-21;"Žilinský kraj";103;16434;149;16583;NA;94371;252;2021-01-21;55399
2021-01-20;"Žilinský kraj";200;14455;136;14591;NA;94371;336;2021-01-20;55147
2021-01-19;"Žilinský kraj";206;13055;209;13264;NA;94371;415;2021-01-19;54811
2021-01-18;"Žilinský kraj";219;10867;271;11138;NA;94371;490;2021-01-18;54396
2021-01-17;"Žilinský kraj";86;41;0;41;NA;94371;86;2021-01-17;53906
2021-01-16;"Žilinský kraj";1;444;29;473;NA;94371;30;2021-01-16;53820
2021-01-15;"Žilinský kraj";209;5997;168;6165;NA;94371;377;2021-01-15;53790
2021-01-14;"Žilinský kraj";133;4414;204;4618;NA;94371;337;2021-01-14;53413
2021-01-13;"Žilinský kraj";215;9958;505;10463;NA;94371;720;2021-01-13;53076
2021-01-12;"Žilinský kraj";301;6998;326;7324;NA;94371;627;2021-01-12;52356
2021-01-11;"Žilinský kraj";309;8468;436;8904;NA;94371;745;2021-01-11;51729
2021-01-10;"Žilinský kraj";36;108;3;111;NA;94371;39;2021-01-10;50984
2021-01-09;"Žilinský kraj";156;1587;73;1660;NA;94371;229;2021-01-09;50945
2021-01-08;"Žilinský kraj";376;7125;369;7494;NA;94371;745;2021-01-08;50716
2021-01-07;"Žilinský kraj";350;22208;1774;23982;NA;94371;2124;2021-01-07;49971
2021-01-06;"Žilinský kraj";84;970;60;1030;NA;94371;144;2021-01-06;47847
2021-01-05;"Žilinský kraj";576;8534;645;9179;NA;94371;1221;2021-01-05;47703
2021-01-04;"Žilinský kraj";416;7950;832;8782;NA;94371;1248;2021-01-04;46482
2021-01-03;"Žilinský kraj";12;681;82;763;NA;94371;94;2021-01-03;45234
2021-01-02;"Žilinský kraj";82;640;81;721;NA;94371;163;2021-01-02;45140
2021-01-01;"Žilinský kraj";51;145;10;155;NA;94371;61;2021-01-01;44977
2020-12-31;"Žilinský kraj";259;8110;618;8728;NA;94371;877;2020-12-31;44916
2020-12-30;"Žilinský kraj";941;10069;662;10731;NA;94371;1603;2020-12-30;44039
2020-12-29;"Žilinský kraj";224;8581;825;9406;NA;94371;1049;2020-12-29;42436
2020-12-28;"Žilinský kraj";323;9545;884;10429;NA;94371;1207;2020-12-28;41387
2020-12-27;"Žilinský kraj";39;561;74;635;NA;94371;113;2020-12-27;40180
2020-12-26;"Žilinský kraj";117;479;42;521;NA;94371;159;2020-12-26;40067
2020-12-25;"Žilinský kraj";61;43;3;46;NA;94371;64;2020-12-25;39908
2020-12-24;"Žilinský kraj";510;602;48;650;NA;94371;558;2020-12-24;39844
2020-12-23;"Žilinský kraj";116;13535;773;14308;NA;94371;889;2020-12-23;39286
2020-12-22;"Žilinský kraj";491;12001;870;12871;NA;94371;1361;2020-12-22;38397
2020-12-21;"Žilinský kraj";353;6627;516;7143;NA;94371;869;2020-12-21;37036
2020-12-20;"Žilinský kraj";32;514;69;583;NA;94371;101;2020-12-20;36167
2020-12-19;"Žilinský kraj";156;1427;120;1547;NA;94371;276;2020-12-19;36066
2020-12-18;"Žilinský kraj";297;5973;318;6291;NA;94371;615;2020-12-18;35790
2020-12-17;"Žilinský kraj";390;3480;230;3710;NA;94371;620;2020-12-17;35175
2020-12-16;"Žilinský kraj";270;3276;233;3509;NA;94371;503;2020-12-16;34555
2020-12-15;"Žilinský kraj";441;3037;243;3280;NA;94371;684;2020-12-15;34052
2020-12-14;"Žilinský kraj";260;4208;345;4553;NA;94371;605;2020-12-14;33368
2020-12-13;"Žilinský kraj";25;432;56;488;NA;94371;81;2020-12-13;32763
2020-12-12;"Žilinský kraj";84;670;35;705;NA;94371;119;2020-12-12;32682
2020-12-11;"Žilinský kraj";360;4127;240;4367;NA;94371;600;2020-12-11;32563
2020-12-10;"Žilinský kraj";116;8910;811;9721;NA;94371;927;2020-12-10;31963
2020-12-09;"Žilinský kraj";324;1748;103;1851;NA;94371;427;2020-12-09;31036
2020-12-08;"Žilinský kraj";277;2706;85;2791;NA;94371;362;2020-12-08;30609
2020-12-07;"Žilinský kraj";287;2177;115;2292;NA;94371;402;2020-12-07;30247
2020-12-06;"Žilinský kraj";12;16;0;16;NA;94371;12;2020-12-06;29845
2020-12-05;"Žilinský kraj";54;649;37;686;NA;94371;91;2020-12-05;29833
2020-12-04;"Žilinský kraj";197;2324;91;2415;NA;94371;288;2020-12-04;29742
2020-12-03;"Žilinský kraj";184;1069;87;1156;NA;94371;271;2020-12-03;29454
2020-12-02;"Žilinský kraj";141;1362;61;1423;NA;94371;202;2020-12-02;29183
2020-12-01;"Žilinský kraj";154;6239;284;6523;NA;94371;438;2020-12-01;28981
2020-11-30;"Žilinský kraj";165;5277;295;5572;NA;94371;460;2020-11-30;28543
2020-11-29;"Žilinský kraj";17;27;0;27;NA;94371;17;2020-11-29;28083
2020-11-28;"Žilinský kraj";46;76;1;77;NA;94371;47;2020-11-28;28066
2020-11-27;"Žilinský kraj";197;643;30;673;NA;94371;227;2020-11-27;28019
2020-11-26;"Žilinský kraj";141;790;35;825;NA;94371;176;2020-11-26;27792
2020-11-25;"Žilinský kraj";206;921;33;954;NA;94371;239;2020-11-25;27616
2020-11-24;"Žilinský kraj";162;1842;55;1897;NA;94371;217;2020-11-24;27377
2020-11-23;"Žilinský kraj";150;705;44;749;NA;94371;194;2020-11-23;27160
2020-11-22;"Žilinský kraj";10;26;0;26;NA;94371;10;2020-11-22;26966
2020-11-21;"Žilinský kraj";51;73;3;76;NA;94371;54;2020-11-21;26956
2020-11-20;"Žilinský kraj";187;666;26;692;NA;94371;213;2020-11-20;26902
2020-11-19;"Žilinský kraj";205;444;30;474;NA;94371;235;2020-11-19;26689
2020-11-18;"Žilinský kraj";287;215;8;223;NA;94371;295;2020-11-18;26454
2020-11-17;"Žilinský kraj";61;195;0;195;NA;94371;61;2020-11-17;26159
2020-11-16;"Žilinský kraj";200;231;9;240;NA;94371;209;2020-11-16;26098
2020-11-15;"Žilinský kraj";32;10;0;10;NA;94371;32;2020-11-15;25889
2020-11-14;"Žilinský kraj";156;1031;7;1038;NA;94371;163;2020-11-14;25857
2020-11-13;"Žilinský kraj";136;94;6;100;NA;94371;142;2020-11-13;25694
2020-11-12;"Žilinský kraj";231;79;2;81;NA;94371;233;2020-11-12;25552
2020-11-11;"Žilinský kraj";351;106;10;116;NA;94371;361;2020-11-11;25319
2020-11-10;"Žilinský kraj";276;510;8;518;NA;94371;284;2020-11-10;24958
2020-11-09;"Žilinský kraj";120;2312;21;2333;NA;94371;141;2020-11-09;24674
2020-11-08;"Žilinský kraj";24;2538;37;2575;NA;94371;61;2020-11-08;24533
2020-11-07;"Žilinský kraj";220;7045;62;7107;NA;94371;282;2020-11-07;24472
2020-11-06;"Žilinský kraj";329;3454;37;3491;NA;94371;366;2020-11-06;24190
2020-11-05;"Žilinský kraj";351;56;4;60;NA;94371;355;2020-11-05;23824
2020-11-04;"Žilinský kraj";351;178;7;185;NA;94371;358;2020-11-04;23469
2020-11-03;"Žilinský kraj";465;889;16;905;NA;94371;481;2020-11-03;23111
2020-11-02;"Žilinský kraj";317;1043;39;1082;NA;94371;356;2020-11-02;22630
2020-11-01;"Žilinský kraj";225;5092;129;5221;NA;94371;354;2020-11-01;22274
2020-10-31;"Žilinský kraj";561;6392;151;6543;NA;94371;712;2020-10-31;21920
2020-10-30;"Žilinský kraj";432;2510;53;2563;NA;94371;485;2020-10-30;21208
2020-10-29;"Žilinský kraj";623;112;15;127;NA;94371;638;2020-10-29;20723
2020-10-28;"Žilinský kraj";582;105;11;116;NA;94371;593;2020-10-28;20085
2020-10-27;"Žilinský kraj";302;154;24;178;NA;94371;326;2020-10-27;19492
2020-10-26;"Žilinský kraj";104;117;28;145;NA;94371;132;2020-10-26;19166
2020-10-25;"Žilinský kraj";336;0;0;0;NA;94371;336;2020-10-25;19034
2020-10-24;"Žilinský kraj";616;0;0;0;NA;94371;616;2020-10-24;18698
2020-10-23;"Žilinský kraj";602;102;13;115;NA;94371;615;2020-10-23;18082
2020-10-22;"Žilinský kraj";488;33;3;36;NA;94371;491;2020-10-22;17467
2020-10-21;"Žilinský kraj";418;74;14;88;NA;94371;432;2020-10-21;16976
2020-10-20;"Žilinský kraj";469;127;8;135;NA;94371;477;2020-10-20;16544
2020-10-19;"Žilinský kraj";66;80;12;92;NA;94371;78;2020-10-19;16067
2020-10-18;"Žilinský kraj";103;0;0;0;NA;94371;103;2020-10-18;15989
2020-10-17;"Žilinský kraj";453;0;0;0;NA;94371;453;2020-10-17;15886
2020-10-16;"Žilinský kraj";521;51;9;60;NA;94371;530;2020-10-16;15433
2020-10-15;"Žilinský kraj";553;61;3;64;NA;94371;556;2020-10-15;14903
2020-10-14;"Žilinský kraj";479;269;6;275;NA;94371;485;2020-10-14;14347
2020-10-13;"Žilinský kraj";334;458;40;498;NA;94371;374;2020-10-13;13862
2020-10-12;"Žilinský kraj";44;0;0;0;NA;94371;44;2020-10-12;13488
2020-10-11;"Žilinský kraj";49;0;0;0;NA;94371;49;2020-10-11;13444
2020-10-10;"Žilinský kraj";197;0;0;0;NA;94371;197;2020-10-10;13395
2020-10-09;"Žilinský kraj";458;0;0;0;NA;94371;458;2020-10-09;13198
2020-10-08;"Žilinský kraj";214;0;0;0;NA;94371;214;2020-10-08;12740
2020-10-07;"Žilinský kraj";164;0;0;0;NA;94371;164;2020-10-07;12526
2020-10-06;"Žilinský kraj";210;0;0;0;NA;94371;210;2020-10-06;12362
2020-10-05;"Žilinský kraj";31;0;0;0;NA;94371;31;2020-10-05;12152
2020-10-04;"Žilinský kraj";30;0;0;0;NA;94371;30;2020-10-04;12121
2020-10-03;"Žilinský kraj";150;0;0;0;NA;94371;150;2020-10-03;12091
2020-10-02;"Žilinský kraj";103;0;0;0;NA;94371;103;2020-10-02;11941
2020-10-01;"Žilinský kraj";138;0;0;0;NA;94371;138;2020-10-01;11838
2020-09-30;"Žilinský kraj";159;0;0;0;NA;94371;159;2020-09-30;11700
2020-09-29;"Žilinský kraj";99;0;0;0;NA;94371;99;2020-09-29;11541
2020-09-28;"Žilinský kraj";34;0;0;0;NA;94371;34;2020-09-28;11442
2020-09-27;"Žilinský kraj";107;0;0;0;NA;94371;107;2020-09-27;11408
2020-09-26;"Žilinský kraj";92;0;0;0;NA;94371;92;2020-09-26;11301
2020-09-25;"Žilinský kraj";67;0;0;0;NA;94371;67;2020-09-25;11209
2020-09-24;"Žilinský kraj";96;0;0;0;NA;94371;96;2020-09-24;11142
2020-09-23;"Žilinský kraj";63;0;0;0;NA;94371;63;2020-09-23;11046
2020-09-22;"Žilinský kraj";62;0;0;0;NA;94371;62;2020-09-22;10983
2020-09-21;"Žilinský kraj";46;0;0;0;NA;94371;46;2020-09-21;10921
2020-09-20;"Žilinský kraj";3;0;0;0;NA;94371;3;2020-09-20;10875
2020-09-19;"Žilinský kraj";6;0;0;0;NA;94371;6;2020-09-19;10872
2020-09-18;"Žilinský kraj";77;0;0;0;NA;94371;77;2020-09-18;10866
2020-09-17;"Žilinský kraj";28;0;0;0;NA;94371;28;2020-09-17;10789
2020-09-16;"Žilinský kraj";32;0;0;0;NA;94371;32;2020-09-16;10761
2020-09-15;"Žilinský kraj";10;0;0;0;NA;94371;10;2020-09-15;10729
2020-09-14;"Žilinský kraj";39;0;0;0;NA;94371;39;2020-09-14;10719
2020-09-13;"Žilinský kraj";5;0;0;0;NA;94371;5;2020-09-13;10680
2020-09-12;"Žilinský kraj";4;0;0;0;NA;94371;4;2020-09-12;10675
2020-09-11;"Žilinský kraj";29;0;0;0;NA;94371;29;2020-09-11;10671
2020-09-10;"Žilinský kraj";29;0;0;0;NA;94371;29;2020-09-10;10642
2020-09-09;"Žilinský kraj";22;0;0;0;NA;94371;22;2020-09-09;10613
2020-09-08;"Žilinský kraj";25;0;0;0;NA;94371;25;2020-09-08;10591
2020-09-07;"Žilinský kraj";11;0;0;0;NA;94371;11;2020-09-07;10566
2020-09-06;"Žilinský kraj";0;0;0;0;NA;94371;0;2020-09-06;10555
2020-09-05;"Žilinský kraj";2;0;0;0;NA;94371;2;2020-09-05;10555
2020-09-04;"Žilinský kraj";31;0;0;0;NA;94371;31;2020-09-04;10553
2020-09-03;"Žilinský kraj";17;0;0;0;NA;94371;17;2020-09-03;10522
2020-09-02;"Žilinský kraj";15;0;0;0;NA;94371;15;2020-09-02;10505
2020-09-01;"Žilinský kraj";3;0;0;0;NA;94371;3;2020-09-01;10490
2020-08-31;"Žilinský kraj";5;0;0;0;NA;94371;5;2020-08-31;10487
2020-08-30;"Žilinský kraj";3;0;0;0;NA;94371;3;2020-08-30;10482
2020-08-29;"Žilinský kraj";5;0;0;0;NA;94371;5;2020-08-29;10479
2020-08-28;"Žilinský kraj";12;0;0;0;NA;94371;12;2020-08-28;10474
2020-08-27;"Žilinský kraj";16;0;0;0;NA;94371;16;2020-08-27;10462
2020-08-26;"Žilinský kraj";7;0;0;0;NA;94371;7;2020-08-26;10446
2020-08-25;"Žilinský kraj";2;0;0;0;NA;94371;2;2020-08-25;10439
2020-08-24;"Žilinský kraj";5;0;0;0;NA;94371;5;2020-08-24;10437
2020-08-23;"Žilinský kraj";0;0;0;0;NA;94371;0;2020-08-23;10432
2020-08-22;"Žilinský kraj";0;0;0;0;NA;94371;0;2020-08-22;10432
2020-08-21;"Žilinský kraj";10;0;0;0;NA;94371;10;2020-08-21;10432
2020-08-20;"Žilinský kraj";10;0;0;0;NA;94371;10;2020-08-20;10422
2020-08-19;"Žilinský kraj";7;0;0;0;NA;94371;7;2020-08-19;10412
2020-08-18;"Žilinský kraj";7;0;0;0;NA;94371;7;2020-08-18;10405
2020-08-17;"Žilinský kraj";1;0;0;0;NA;94371;1;2020-08-17;10398
2020-08-16;"Žilinský kraj";0;0;0;0;NA;94371;0;2020-08-16;10397
2020-08-15;"Žilinský kraj";0;0;0;0;NA;94371;0;2020-08-15;10397
2020-08-14;"Žilinský kraj";2;0;0;0;NA;94371;2;2020-08-14;10397
2020-08-13;"Žilinský kraj";2;0;0;0;NA;94371;2;2020-08-13;10395
2020-08-12;"Žilinský kraj";0;0;0;0;NA;94371;0;2020-08-12;10393
2020-08-11;"Žilinský kraj";4;0;0;0;NA;94371;4;2020-08-11;10393
2020-08-10;"Žilinský kraj";1;0;0;0;NA;94371;1;2020-08-10;10389
2020-08-09;"Žilinský kraj";0;0;0;0;NA;94371;0;2020-08-09;10388
2020-08-08;"Žilinský kraj";2;0;0;0;NA;94371;2;2020-08-08;10388
2020-08-07;"Žilinský kraj";8;0;0;0;NA;94371;8;2020-08-07;10386
2020-08-06;"Žilinský kraj";1;0;0;0;NA;94371;1;2020-08-06;10378
2020-08-05;"Žilinský kraj";0;0;0;0;NA;94371;0;2020-08-05;10377
2020-08-04;"Žilinský kraj";1;0;0;0;NA;94371;1;2020-08-04;10377
2020-08-03;"Žilinský kraj";0;0;0;0;NA;94371;0;2020-08-03;10376
2020-08-02;"Žilinský kraj";1;0;0;0;NA;94371;1;2020-08-02;10376
2020-08-01;"Žilinský kraj";0;0;0;0;NA;94371;0;2020-08-01;10375
2020-07-31;"Žilinský kraj";4;0;0;0;NA;94371;4;2020-07-31;10375
2020-07-30;"Žilinský kraj";1;0;0;0;NA;94371;1;2020-07-30;10371
2020-07-29;"Žilinský kraj";2;0;0;0;NA;94371;2;2020-07-29;10370
2020-07-28;"Žilinský kraj";4;0;0;0;NA;94371;4;2020-07-28;10368
2020-07-27;"Žilinský kraj";4;0;0;0;NA;94371;4;2020-07-27;10364
2020-07-26;"Žilinský kraj";0;0;0;0;NA;94371;0;2020-07-26;10360
2020-07-25;"Žilinský kraj";0;0;0;0;NA;94371;0;2020-07-25;10360
2020-07-24;"Žilinský kraj";2;0;0;0;NA;94371;2;2020-07-24;10360
2020-07-23;"Žilinský kraj";0;0;0;0;NA;94371;0;2020-07-23;10358
2020-07-22;"Žilinský kraj";1;0;0;0;NA;94371;1;2020-07-22;10358
2020-07-21;"Žilinský kraj";2;0;0;0;NA;94371;2;2020-07-21;10357
2020-07-20;"Žilinský kraj";3;0;0;0;NA;94371;3;2020-07-20;10355
2020-07-19;"Žilinský kraj";0;0;0;0;NA;94371;0;2020-07-19;10352
2020-07-18;"Žilinský kraj";0;0;0;0;NA;94371;0;2020-07-18;10352
2020-07-17;"Žilinský kraj";1;0;0;0;NA;94371;1;2020-07-17;10352
2020-07-16;"Žilinský kraj";2;0;0;0;NA;94371;2;2020-07-16;10351
2020-07-15;"Žilinský kraj";0;0;0;0;NA;94371;0;2020-07-15;10349
2020-07-14;"Žilinský kraj";1;0;0;0;NA;94371;1;2020-07-14;10349
2020-07-13;"Žilinský kraj";0;0;0;0;NA;94371;0;2020-07-13;10348
2020-07-12;"Žilinský kraj";0;0;0;0;NA;94371;0;2020-07-12;10348
2020-07-11;"Žilinský kraj";0;0;0;0;NA;94371;0;2020-07-11;10348
2020-07-10;"Žilinský kraj";3;0;0;0;NA;94371;3;2020-07-10;10348
2020-07-09;"Žilinský kraj";2;0;0;0;NA;94371;2;2020-07-09;10345
2020-07-08;"Žilinský kraj";1;0;0;0;NA;94371;1;2020-07-08;10343
2020-07-07;"Žilinský kraj";7;0;0;0;NA;94371;7;2020-07-07;10342
2020-07-06;"Žilinský kraj";0;0;0;0;NA;94371;0;2020-07-06;10335
2020-07-05;"Žilinský kraj";0;0;0;0;NA;94371;0;2020-07-05;10335
2020-07-04;"Žilinský kraj";5;0;0;0;NA;94371;5;2020-07-04;10335
2020-07-03;"Žilinský kraj";17;0;0;0;NA;94371;17;2020-07-03;10330
2020-07-02;"Žilinský kraj";1;0;0;0;NA;94371;1;2020-07-02;10313
2020-07-01;"Žilinský kraj";0;0;0;0;NA;94371;0;2020-07-01;10312
2020-06-30;"Žilinský kraj";1;0;0;0;NA;94371;1;2020-06-30;10312
2020-06-29;"Žilinský kraj";0;0;0;0;NA;94371;0;2020-06-29;10311
2020-06-28;"Žilinský kraj";1;0;0;0;NA;94371;1;2020-06-28;10311
2020-06-27;"Žilinský kraj";2;0;0;0;NA;94371;2;2020-06-27;10310
2020-06-26;"Žilinský kraj";0;0;0;0;NA;94371;0;2020-06-26;10308
2020-06-25;"Žilinský kraj";0;0;0;0;NA;94371;0;2020-06-25;10308
2020-06-24;"Žilinský kraj";0;0;0;0;NA;94371;0;2020-06-24;10308
2020-06-23;"Žilinský kraj";2;0;0;0;NA;94371;2;2020-06-23;10308
2020-06-22;"Žilinský kraj";0;0;0;0;NA;94371;0;2020-06-22;10306
2020-06-21;"Žilinský kraj";1;0;0;0;NA;94371;1;2020-06-21;10306
2020-06-20;"Žilinský kraj";0;0;0;0;NA;94371;0;2020-06-20;10305
2020-06-19;"Žilinský kraj";0;0;0;0;NA;94371;0;2020-06-19;10305
2020-06-18;"Žilinský kraj";1;0;0;0;NA;94371;1;2020-06-18;10305
2020-06-17;"Žilinský kraj";0;0;0;0;NA;94371;0;2020-06-17;10304
2020-06-16;"Žilinský kraj";1;0;0;0;NA;94371;1;2020-06-16;10304
2020-06-14;"Žilinský kraj";0;0;0;0;NA;94371;0;2020-06-14;10303
2020-06-13;"Žilinský kraj";0;0;0;0;NA;94371;0;2020-06-13;10303
2020-06-12;"Žilinský kraj";0;0;0;0;NA;94371;0;2020-06-12;10303
2020-06-11;"Žilinský kraj";0;0;0;0;NA;94371;0;2020-06-11;10303
2020-06-10;"Žilinský kraj";0;0;0;0;NA;94371;0;2020-06-10;10303
2020-06-09;"Žilinský kraj";1;0;0;0;NA;94371;1;2020-06-09;10303
2020-06-08;"Žilinský kraj";0;0;0;0;NA;94371;0;2020-06-08;10302
2020-06-07;"Žilinský kraj";0;0;0;0;NA;94371;0;2020-06-07;10302
2020-06-05;"Žilinský kraj";0;0;0;0;NA;94371;0;2020-06-05;10302
2020-06-03;"Žilinský kraj";0;0;0;0;NA;94371;0;2020-06-03;10302
2020-06-02;"Žilinský kraj";0;0;0;0;NA;94371;0;2020-06-02;10302
2020-05-31;"Žilinský kraj";0;0;0;0;NA;94371;0;2020-05-31;10302
2020-05-29;"Žilinský kraj";0;0;0;0;NA;94371;0;2020-05-29;10302
2020-05-27;"Žilinský kraj";0;0;0;0;NA;94371;0;2020-05-27;10302
2020-05-26;"Žilinský kraj";1;0;0;0;NA;94371;1;2020-05-26;10302
2020-05-25;"Žilinský kraj";0;0;0;0;NA;94371;0;2020-05-25;10301
2020-05-24;"Žilinský kraj";0;0;0;0;NA;94371;0;2020-05-24;10301
2020-05-23;"Žilinský kraj";0;0;0;0;NA;94371;0;2020-05-23;10301
2020-05-22;"Žilinský kraj";0;0;0;0;NA;94371;0;2020-05-22;10301
2020-05-21;"Žilinský kraj";0;0;0;0;NA;94371;0;2020-05-21;10301
2020-05-20;"Žilinský kraj";0;0;0;0;NA;94371;0;2020-05-20;10301
2020-05-19;"Žilinský kraj";1;0;0;0;NA;94371;1;2020-05-19;10301
2020-05-17;"Žilinský kraj";0;0;0;0;NA;94371;0;2020-05-17;10300
2020-05-16;"Žilinský kraj";0;0;0;0;NA;94371;0;2020-05-16;10300
2020-05-15;"Žilinský kraj";0;0;0;0;NA;94371;0;2020-05-15;10300
2020-05-14;"Žilinský kraj";0;0;0;0;NA;94371;0;2020-05-14;10300
2020-05-13;"Žilinský kraj";0;0;0;0;NA;94371;0;2020-05-13;10300
2020-05-12;"Žilinský kraj";0;0;0;0;NA;94371;0;2020-05-12;10300
2020-05-11;"Žilinský kraj";0;0;0;0;NA;94371;0;2020-05-11;10300
2020-05-09;"Žilinský kraj";0;0;0;0;NA;94371;0;2020-05-09;10300
2020-05-07;"Žilinský kraj";0;0;0;0;NA;94371;0;2020-05-07;10300
2020-05-06;"Žilinský kraj";2;0;0;0;NA;94371;2;2020-05-06;10300
2020-05-05;"Žilinský kraj";3;0;0;0;NA;94371;3;2020-05-05;10298
2020-05-04;"Žilinský kraj";3;0;0;0;NA;94371;3;2020-05-04;10295
2020-05-03;"Žilinský kraj";1;0;0;0;NA;94371;1;2020-05-03;10292
2020-05-02;"Žilinský kraj";0;0;0;0;NA;94371;0;2020-05-02;10291
2020-05-01;"Žilinský kraj";0;0;0;0;NA;94371;0;2020-05-01;10291
2020-04-30;"Žilinský kraj";0;0;0;0;NA;94371;0;2020-04-30;10291
2020-04-29;"Žilinský kraj";0;0;0;0;NA;94371;0;2020-04-29;10291
2020-04-28;"Žilinský kraj";0;0;0;0;NA;94371;0;2020-04-28;10291
2020-04-27;"Žilinský kraj";0;0;0;0;NA;94371;0;2020-04-27;10291
2020-04-26;"Žilinský kraj";0;0;0;0;NA;94371;0;2020-04-26;10291
2020-04-25;"Žilinský kraj";2;0;0;0;NA;94371;2;2020-04-25;10291
2020-04-24;"Žilinský kraj";1;0;0;0;NA;94371;1;2020-04-24;10289
2020-04-23;"Žilinský kraj";1;0;0;0;NA;94371;1;2020-04-23;10288
2020-04-22;"Žilinský kraj";7;0;0;0;NA;94371;7;2020-04-22;10287
2020-04-21;"Žilinský kraj";0;0;0;0;NA;94371;0;2020-04-21;10280
2020-04-20;"Žilinský kraj";4;0;0;0;NA;94371;4;2020-04-20;10280
2020-04-19;"Žilinský kraj";0;0;0;0;NA;94371;0;2020-04-19;10276
2020-04-18;"Žilinský kraj";47;0;0;0;NA;94371;47;2020-04-18;10276
2020-04-17;"Žilinský kraj";3;0;0;0;NA;94371;3;2020-04-17;10229
2020-04-16;"Žilinský kraj";2;0;0;0;NA;94371;2;2020-04-16;10226
2020-04-15;"Žilinský kraj";6;0;0;0;NA;94371;6;2020-04-15;10224
2020-04-14;"Žilinský kraj";1;0;0;0;NA;94371;1;2020-04-14;10218
2020-04-13;"Žilinský kraj";2;0;0;0;NA;94371;2;2020-04-13;10217
2020-04-12;"Žilinský kraj";3;0;0;0;NA;94371;3;2020-04-12;10215
2020-04-11;"Žilinský kraj";2;0;0;0;NA;94371;2;2020-04-11;10212
2020-04-10;"Žilinský kraj";1;0;0;0;NA;94371;1;2020-04-10;10210
2020-04-09;"Žilinský kraj";1;0;0;0;NA;94371;1;2020-04-09;10209
2020-04-08;"Žilinský kraj";3;0;0;0;NA;94371;3;2020-04-08;10208
2020-04-07;"Žilinský kraj";3;0;0;0;NA;94371;3;2020-04-07;10205
2020-04-06;"Žilinský kraj";4;0;0;0;NA;94371;4;2020-04-06;10202
2020-04-05;"Žilinský kraj";6;0;0;0;NA;94371;6;2020-04-05;10198
2020-04-04;"Žilinský kraj";0;0;0;0;NA;94371;0;2020-04-04;10192
2020-04-03;"Žilinský kraj";3;0;0;0;NA;94371;3;2020-04-03;10192
2020-04-02;"Žilinský kraj";4;0;0;0;NA;94371;4;2020-04-02;10189
2020-04-01;"Žilinský kraj";4;0;0;0;NA;94371;4;2020-04-01;10185
2020-03-31;"Žilinský kraj";1;0;0;0;NA;94371;1;2020-03-31;10181
2020-03-30;"Žilinský kraj";2;0;0;0;NA;94371;2;2020-03-30;10180
2020-03-29;"Žilinský kraj";0;0;0;0;NA;94371;0;2020-03-29;10178
2020-03-28;"Žilinský kraj";1;0;0;0;NA;94371;1;2020-03-28;10178
2020-03-27;"Žilinský kraj";5;0;0;0;NA;94371;5;2020-03-27;10177
2020-03-26;"Žilinský kraj";4;0;0;0;NA;94371;4;2020-03-26;10172
2020-03-25;"Žilinský kraj";1;0;0;0;NA;94371;1;2020-03-25;10168
2020-03-24;"Žilinský kraj";2;0;0;0;NA;94371;2;2020-03-24;10167
2020-03-23;"Žilinský kraj";1;0;0;0;NA;94371;1;2020-03-23;10165
2020-03-22;"Žilinský kraj";1;0;0;0;NA;94371;1;2020-03-22;10164
2020-03-21;"Žilinský kraj";2;0;0;0;NA;94371;2;2020-03-21;10163
2020-03-20;"Žilinský kraj";4;0;0;0;NA;94371;4;2020-03-20;10161
2020-03-19;"Žilinský kraj";2;219;0;219;NA;94371;2;2020-03-19;10157
2020-03-18;"Žilinský kraj";1;0;0;0;NA;94371;1;2020-03-18;10155
2020-03-17;"Žilinský kraj";5;0;0;0;NA;94371;5;2020-03-17;10154
2020-03-16;"Žilinský kraj";1;0;0;0;NA;94371;1;2020-03-16;10149
2020-03-15;"Žilinský kraj";2;0;0;0;NA;94371;2;2020-03-15;10148
2020-03-14;"Žilinský kraj";0;0;0;0;NA;94371;0;2020-03-14;10146
2020-03-13;"Žilinský kraj";5;0;0;0;NA;94371;5;2020-03-13;10146
2020-03-12;"Žilinský kraj";0;0;0;0;NA;94371;0;2020-03-12;10141
2020-03-11;"Žilinský kraj";0;0;0;0;NA;94371;0;2020-03-11;10141
2020-03-09;"Žilinský kraj";1;0;0;0;NA;94371;1;2020-03-09;10141
2020-03-08;"Žilinský kraj";0;0;0;0;NA;94371;0;2020-03-08;10140
2020-03-07;"Žilinský kraj";0;0;0;0;NA;94371;0;2020-03-07;10140
2020-03-06;"Žilinský kraj";0;0;0;0;NA;94371;0;2020-03-06;10140
2021-04-27;NA;123;0;0;0;NA;0;123;2021-04-27;0
2021-04-26;NA;71;0;0;0;NA;0;71;2021-04-26;-123
2021-04-25;NA;6;0;0;0;NA;0;6;2021-04-25;-194
2021-04-24;NA;64;0;0;0;NA;0;64;2021-04-24;-200
2021-04-23;NA;143;0;0;0;NA;0;143;2021-04-23;-264
2021-04-22;NA;96;0;0;0;NA;0;96;2021-04-22;-407
2021-04-21;NA;129;0;0;0;NA;0;129;2021-04-21;-503
2021-04-20;NA;129;0;0;0;NA;0;129;2021-04-20;-632
2021-04-19;NA;119;0;0;0;NA;0;119;2021-04-19;-761
2021-04-18;NA;2;0;0;0;NA;0;2;2021-04-18;-880
2021-04-17;NA;102;0;0;0;NA;0;102;2021-04-17;-882
2021-04-16;NA;124;0;0;0;NA;0;124;2021-04-16;-984
2021-04-15;NA;115;0;0;0;NA;0;115;2021-04-15;-1108
2021-04-14;NA;168;0;0;0;NA;0;168;2021-04-14;-1223
2021-04-13;NA;164;0;0;0;NA;0;164;2021-04-13;-1391
2021-04-12;NA;169;0;0;0;NA;0;169;2021-04-12;-1555
2021-04-11;NA;4;0;0;0;NA;0;4;2021-04-11;-1724
2021-04-10;NA;86;0;0;0;NA;0;86;2021-04-10;-1728
2021-04-09;NA;187;0;0;0;NA;0;187;2021-04-09;-1814
2021-04-08;NA;179;0;0;0;NA;0;179;2021-04-08;-2001
2021-04-07;NA;302;0;0;0;NA;0;302;2021-04-07;-2180
2021-04-06;NA;229;0;0;0;NA;0;229;2021-04-06;-2482
2021-04-05;NA;21;0;0;0;NA;0;21;2021-04-05;-2711
2021-04-04;NA;3;0;0;0;NA;0;3;2021-04-04;-2732
2021-04-03;NA;119;0;0;0;NA;0;119;2021-04-03;-2735
2021-04-02;NA;105;0;0;0;NA;0;105;2021-04-02;-2854
2021-04-01;NA;330;0;0;0;NA;0;330;2021-04-01;-2959
2021-03-31;NA;234;0;0;0;NA;0;234;2021-03-31;-3289
2021-03-30;NA;364;0;0;0;NA;0;364;2021-03-30;-3523
2021-03-29;NA;164;0;0;0;NA;0;164;2021-03-29;-3887
2021-03-28;NA;7;0;0;0;NA;0;7;2021-03-28;-4051
2021-03-27;NA;117;0;0;0;NA;0;117;2021-03-27;-4058
2021-03-26;NA;281;0;0;0;NA;0;281;2021-03-26;-4175
2021-03-25;NA;236;0;0;0;NA;0;236;2021-03-25;-4456
2021-03-24;NA;313;0;0;0;NA;0;313;2021-03-24;-4692
2021-03-23;NA;379;0;0;0;NA;0;379;2021-03-23;-5005
2021-03-22;NA;163;0;0;0;NA;0;163;2021-03-22;-5384
2021-03-21;NA;50;0;0;0;NA;0;50;2021-03-21;-5547
2021-03-20;NA;146;0;0;0;NA;0;146;2021-03-20;-5597
2021-03-19;NA;334;0;0;0;NA;0;334;2021-03-19;-5743
2021-03-18;NA;264;0;0;0;NA;0;264;2021-03-18;-6077
2021-03-17;NA;299;0;0;0;NA;0;299;2021-03-17;-6341
2021-03-16;NA;564;0;0;0;NA;0;564;2021-03-16;-6640
2021-03-15;NA;182;0;0;0;NA;0;182;2021-03-15;-7204
2021-03-14;NA;53;0;0;0;NA;0;53;2021-03-14;-7386
2021-03-13;NA;158;0;0;0;NA;0;158;2021-03-13;-7439
2021-03-12;NA;441;0;0;0;NA;0;441;2021-03-12;-7597
2021-03-11;NA;425;0;0;0;NA;0;425;2021-03-11;-8038
2021-03-10;NA;362;0;0;0;NA;0;362;2021-03-10;-8463
2021-03-09;NA;550;0;0;0;NA;0;550;2021-03-09;-8825
2021-03-08;NA;277;0;0;0;NA;0;277;2021-03-08;-9375
2021-03-07;NA;18;0;0;0;NA;0;18;2021-03-07;-9652
2021-03-06;NA;198;0;0;0;NA;0;198;2021-03-06;-9670
2021-03-05;NA;319;0;0;0;NA;0;319;2021-03-05;-9868
2021-03-04;NA;458;0;0;0;NA;0;458;2021-03-04;-10187
2021-03-03;NA;522;0;0;0;NA;0;522;2021-03-03;-10645
2021-03-02;NA;593;0;0;0;NA;0;593;2021-03-02;-11167
2021-03-01;NA;251;0;0;0;NA;0;251;2021-03-01;-11760
2021-02-28;NA;44;0;0;0;NA;0;44;2021-02-28;-12011
2021-02-27;NA;250;0;0;0;NA;0;250;2021-02-27;-12055
2021-02-26;NA;500;0;0;0;NA;0;500;2021-02-26;-12305
2021-02-25;NA;393;0;0;0;NA;0;393;2021-02-25;-12805
2021-02-24;NA;421;0;0;0;NA;0;421;2021-02-24;-13198
2021-02-23;NA;568;0;0;0;NA;0;568;2021-02-23;-13619
2021-02-22;NA;227;0;0;0;NA;0;227;2021-02-22;-14187
2021-02-21;NA;53;0;0;0;NA;0;53;2021-02-21;-14414
2021-02-20;NA;217;0;0;0;NA;0;217;2021-02-20;-14467
2021-02-19;NA;397;0;0;0;NA;0;397;2021-02-19;-14684
2021-02-18;NA;384;0;0;0;NA;0;384;2021-02-18;-15081
2021-02-17;NA;466;0;0;0;NA;0;466;2021-02-17;-15465
2021-02-16;NA;562;0;0;0;NA;0;562;2021-02-16;-15931
2021-02-15;NA;180;0;0;0;NA;0;180;2021-02-15;-16493
2021-02-14;NA;10;0;0;0;NA;0;10;2021-02-14;-16673
2021-02-13;NA;206;0;0;0;NA;0;206;2021-02-13;-16683
2021-02-12;NA;291;0;0;0;NA;0;291;2021-02-12;-16889
2021-02-11;NA;312;0;0;0;NA;0;312;2021-02-11;-17180
2021-02-10;NA;364;0;0;0;NA;0;364;2021-02-10;-17492
2021-02-09;NA;422;0;0;0;NA;0;422;2021-02-09;-17856
2021-02-08;NA;140;0;0;0;NA;0;140;2021-02-08;-18278
2021-02-07;NA;31;0;0;0;NA;0;31;2021-02-07;-18418
2021-02-06;NA;223;0;0;0;NA;0;223;2021-02-06;-18449
2021-02-05;NA;241;0;0;0;NA;0;241;2021-02-05;-18672
2021-02-04;NA;334;0;0;0;NA;0;334;2021-02-04;-18913
2021-02-03;NA;284;0;0;0;NA;0;284;2021-02-03;-19247
2021-02-02;NA;341;0;0;0;NA;0;341;2021-02-02;-19531
2021-02-01;NA;159;0;0;0;NA;0;159;2021-02-01;-19872
2021-01-31;NA;18;0;0;0;NA;0;18;2021-01-31;-20031
2021-01-30;NA;150;0;0;0;NA;0;150;2021-01-30;-20049
2021-01-29;NA;249;0;0;0;NA;0;249;2021-01-29;-20199
2021-01-28;NA;289;0;0;0;NA;0;289;2021-01-28;-20448
2021-01-27;NA;228;0;0;0;NA;0;228;2021-01-27;-20737
2021-01-26;NA;339;0;0;0;NA;0;339;2021-01-26;-20965
2021-01-25;NA;174;0;0;0;NA;0;174;2021-01-25;-21304
2021-01-24;NA;47;0;0;0;NA;0;47;2021-01-24;-21478
2021-01-23;NA;198;0;0;0;NA;0;198;2021-01-23;-21525
2021-01-22;NA;217;0;0;0;NA;0;217;2021-01-22;-21723
2021-01-21;NA;141;0;0;0;NA;0;141;2021-01-21;-21940
2021-01-20;NA;321;0;0;0;NA;0;321;2021-01-20;-22081
2021-01-19;NA;311;0;0;0;NA;0;311;2021-01-19;-22402
2021-01-18;NA;160;0;0;0;NA;0;160;2021-01-18;-22713
2021-01-17;NA;109;0;0;0;NA;0;109;2021-01-17;-22873
2021-01-16;NA;92;0;0;0;NA;0;92;2021-01-16;-22982
2021-01-15;NA;222;0;0;0;NA;0;222;2021-01-15;-23074
2021-01-14;NA;382;0;0;0;NA;0;382;2021-01-14;-23296
2021-01-13;NA;395;0;0;0;NA;0;395;2021-01-13;-23678
2021-01-12;NA;557;0;0;0;NA;0;557;2021-01-12;-24073
2021-01-11;NA;220;0;0;0;NA;0;220;2021-01-11;-24630
2021-01-10;NA;92;0;0;0;NA;0;92;2021-01-10;-24850
2021-01-09;NA;377;0;0;0;NA;0;377;2021-01-09;-24942
2021-01-08;NA;549;0;0;0;NA;0;549;2021-01-08;-25319
2021-01-07;NA;394;0;0;0;NA;0;394;2021-01-07;-25868
2021-01-06;NA;288;0;0;0;NA;0;288;2021-01-06;-26262
2021-01-05;NA;781;0;0;0;NA;0;781;2021-01-05;-26550
2021-01-04;NA;335;0;0;0;NA;0;335;2021-01-04;-27331
2021-01-03;NA;50;0;0;0;NA;0;50;2021-01-03;-27666
2021-01-02;NA;111;0;0;0;NA;0;111;2021-01-02;-27716
2021-01-01;NA;353;0;0;0;NA;0;353;2021-01-01;-27827
2020-12-31;NA;603;0;0;0;NA;0;603;2020-12-31;-28180
2020-12-30;NA;883;0;0;0;NA;0;883;2020-12-30;-28783
2020-12-29;NA;334;0;0;0;NA;0;334;2020-12-29;-29666
2020-12-28;NA;339;0;0;0;NA;0;339;2020-12-28;-30000
2020-12-27;NA;44;0;0;0;NA;0;44;2020-12-27;-30339
2020-12-26;NA;127;0;0;0;NA;0;127;2020-12-26;-30383
2020-12-25;NA;175;0;0;0;NA;0;175;2020-12-25;-30510
2020-12-24;NA;538;0;0;0;NA;0;538;2020-12-24;-30685
2020-12-23;NA;530;0;0;0;NA;0;530;2020-12-23;-31223
2020-12-22;NA;314;0;0;0;NA;0;314;2020-12-22;-31753
2020-12-21;NA;406;0;0;0;NA;0;406;2020-12-21;-32067
2020-12-20;NA;208;0;0;0;NA;0;208;2020-12-20;-32473
2020-12-19;NA;253;0;0;0;NA;0;253;2020-12-19;-32681
2020-12-18;NA;405;0;0;0;NA;0;405;2020-12-18;-32934
2020-12-17;NA;636;0;0;0;NA;0;636;2020-12-17;-33339
2020-12-16;NA;493;0;0;0;NA;0;493;2020-12-16;-33975
2020-12-15;NA;597;0;0;0;NA;0;597;2020-12-15;-34468
2020-12-14;NA;348;0;0;0;NA;0;348;2020-12-14;-35065
2020-12-13;NA;77;0;0;0;NA;0;77;2020-12-13;-35413
2020-12-12;NA;218;0;0;0;NA;0;218;2020-12-12;-35490
2020-12-11;NA;513;0;0;0;NA;0;513;2020-12-11;-35708
2020-12-10;NA;366;0;0;0;NA;0;366;2020-12-10;-36221
2020-12-09;NA;483;0;0;0;NA;0;483;2020-12-09;-36587
2020-12-08;NA;369;0;0;0;NA;0;369;2020-12-08;-37070
2020-12-07;NA;368;0;0;0;NA;0;368;2020-12-07;-37439
2020-12-06;NA;58;0;0;0;NA;0;58;2020-12-06;-37807
2020-12-05;NA;228;0;0;0;NA;0;228;2020-12-05;-37865
2020-12-04;NA;323;0;0;0;NA;0;323;2020-12-04;-38093
2020-12-03;NA;322;0;0;0;NA;0;322;2020-12-03;-38416
2020-12-02;NA;340;0;0;0;NA;0;340;2020-12-02;-38738
2020-12-01;NA;332;0;0;0;NA;0;332;2020-12-01;-39078
2020-11-30;NA;171;0;0;0;NA;0;171;2020-11-30;-39410
2020-11-29;NA;28;0;0;0;NA;0;28;2020-11-29;-39581
2020-11-28;NA;191;0;0;0;NA;0;191;2020-11-28;-39609
2020-11-27;NA;224;0;0;0;NA;0;224;2020-11-27;-39800
2020-11-26;NA;309;0;0;0;NA;0;309;2020-11-26;-40024
2020-11-25;NA;389;0;0;0;NA;0;389;2020-11-25;-40333
2020-11-24;NA;238;0;0;0;NA;0;238;2020-11-24;-40722
2020-11-23;NA;137;0;0;0;NA;0;137;2020-11-23;-40960
2020-11-22;NA;43;0;0;0;NA;0;43;2020-11-22;-41097
2020-11-21;NA;122;0;0;0;NA;0;122;2020-11-21;-41140
2020-11-20;NA;345;0;0;0;NA;0;345;2020-11-20;-41262
2020-11-19;NA;296;0;0;0;NA;0;296;2020-11-19;-41607
2020-11-18;NA;267;0;0;0;NA;0;267;2020-11-18;-41903
2020-11-17;NA;189;0;0;0;NA;0;189;2020-11-17;-42170
2020-11-16;NA;180;0;0;0;NA;0;180;2020-11-16;-42359
2020-11-15;NA;219;0;0;0;NA;0;219;2020-11-15;-42539
2020-11-14;NA;162;0;0;0;NA;0;162;2020-11-14;-42758
2020-11-13;NA;262;0;0;0;NA;0;262;2020-11-13;-42920
2020-11-12;NA;404;0;0;0;NA;0;404;2020-11-12;-43182
2020-11-11;NA;450;0;0;0;NA;0;450;2020-11-11;-43586
2020-11-10;NA;318;0;0;0;NA;0;318;2020-11-10;-44036
2020-11-09;NA;162;0;0;0;NA;0;162;2020-11-09;-44354
2020-11-08;NA;129;0;0;0;NA;0;129;2020-11-08;-44516
2020-11-07;NA;312;0;0;0;NA;0;312;2020-11-07;-44645
2020-11-06;NA;446;0;0;0;NA;0;446;2020-11-06;-44957
2020-11-05;NA;329;0;0;0;NA;0;329;2020-11-05;-45403
2020-11-04;NA;263;0;0;0;NA;0;263;2020-11-04;-45732
2020-11-03;NA;597;0;0;0;NA;0;597;2020-11-03;-45995
2020-11-02;NA;337;0;0;0;NA;0;337;2020-11-02;-46592
2020-11-01;NA;378;0;0;0;NA;0;378;2020-11-01;-46929
2020-10-31;NA;317;0;0;0;NA;0;317;2020-10-31;-47307
2020-10-30;NA;314;0;0;0;NA;0;314;2020-10-30;-47624
2020-10-29;NA;428;0;0;0;NA;0;428;2020-10-29;-47938
2020-10-28;NA;291;0;0;0;NA;0;291;2020-10-28;-48366
2020-10-27;NA;381;0;0;0;NA;0;381;2020-10-27;-48657
2020-10-26;NA;170;0;0;0;NA;0;170;2020-10-26;-49038
2020-10-25;NA;191;0;0;0;NA;0;191;2020-10-25;-49208
2020-10-24;NA;576;0;0;0;NA;0;576;2020-10-24;-49399
2020-10-23;NA;308;0;0;0;NA;0;308;2020-10-23;-49975
2020-10-22;NA;315;0;0;0;NA;0;315;2020-10-22;-50283
2020-10-21;NA;268;0;0;0;NA;0;268;2020-10-21;-50598
2020-10-20;NA;245;0;0;0;NA;0;245;2020-10-20;-50866
2020-10-19;NA;53;0;0;0;NA;0;53;2020-10-19;-51111
2020-10-18;NA;160;0;0;0;NA;0;160;2020-10-18;-51164
2020-10-17;NA;169;0;0;0;NA;0;169;2020-10-17;-51324
2020-10-16;NA;238;0;0;0;NA;0;238;2020-10-16;-51493
2020-10-15;NA;291;0;0;0;NA;0;291;2020-10-15;-51731
2020-10-14;NA;171;0;0;0;NA;0;171;2020-10-14;-52022
2020-10-13;NA;159;0;0;0;NA;0;159;2020-10-13;-52193
2020-10-12;NA;95;0;0;0;NA;0;95;2020-10-12;-52352
2020-10-11;NA;36;0;0;0;NA;0;36;2020-10-11;-52447
2020-10-10;NA;112;0;0;0;NA;0;112;2020-10-10;-52483
2020-10-09;NA;208;0;0;0;NA;0;208;2020-10-09;-52595
2020-10-08;NA;131;0;0;0;NA;0;131;2020-10-08;-52803
2020-10-07;NA;92;0;0;0;NA;0;92;2020-10-07;-52934
2020-10-06;NA;114;0;0;0;NA;0;114;2020-10-06;-53026
2020-10-05;NA;45;0;0;0;NA;0;45;2020-10-05;-53140
2020-10-04;NA;45;0;0;0;NA;0;45;2020-10-04;-53185
2020-10-03;NA;75;0;0;0;NA;0;75;2020-10-03;-53230
2020-10-02;NA;60;0;0;0;NA;0;60;2020-10-02;-53305
2020-10-01;NA;62;0;0;0;NA;0;62;2020-10-01;-53365
2020-09-30;NA;63;0;0;0;NA;0;63;2020-09-30;-53427
2020-09-29;NA;29;0;0;0;NA;0;29;2020-09-29;-53490
2020-09-28;NA;12;0;0;0;NA;0;12;2020-09-28;-53519
2020-09-27;NA;9;0;0;0;NA;0;9;2020-09-27;-53531
2020-09-26;NA;37;0;0;0;NA;0;37;2020-09-26;-53540
2020-09-25;NA;45;0;0;0;NA;0;45;2020-09-25;-53577
2020-09-24;NA;38;0;0;0;NA;0;38;2020-09-24;-53622
2020-09-23;NA;39;0;0;0;NA;0;39;2020-09-23;-53660
2020-09-22;NA;30;0;0;0;NA;0;30;2020-09-22;-53699
2020-09-21;NA;22;0;0;0;NA;0;22;2020-09-21;-53729
2020-09-20;NA;16;0;0;0;NA;0;16;2020-09-20;-53751
2020-09-19;NA;9;0;0;0;NA;0;9;2020-09-19;-53767
2020-09-18;NA;41;0;0;0;NA;0;41;2020-09-18;-53776
2020-09-17;NA;28;0;0;0;NA;0;28;2020-09-17;-53817
2020-09-16;NA;12;0;0;0;NA;0;12;2020-09-16;-53845
2020-09-15;NA;11;0;0;0;NA;0;11;2020-09-15;-53857
2020-09-14;NA;11;0;0;0;NA;0;11;2020-09-14;-53868
2020-09-13;NA;2;0;0;0;NA;0;2;2020-09-13;-53879
2020-09-12;NA;4;0;0;0;NA;0;4;2020-09-12;-53881
2020-09-11;NA;32;0;0;0;NA;0;32;2020-09-11;-53885
2020-09-10;NA;18;0;0;0;NA;0;18;2020-09-10;-53917
2020-09-09;NA;31;0;0;0;NA;0;31;2020-09-09;-53935
2020-09-08;NA;15;0;0;0;NA;0;15;2020-09-08;-53966
2020-09-07;NA;4;0;0;0;NA;0;4;2020-09-07;-53981
2020-09-06;NA;0;0;0;0;NA;0;0;2020-09-06;-53985
2020-09-05;NA;7;0;0;0;NA;0;7;2020-09-05;-53985
2020-09-04;NA;24;0;0;0;NA;0;24;2020-09-04;-53992
2020-09-03;NA;12;0;0;0;NA;0;12;2020-09-03;-54016
2020-09-02;NA;7;0;0;0;NA;0;7;2020-09-02;-54028
2020-09-01;NA;3;0;0;0;NA;0;3;2020-09-01;-54035
2020-08-31;NA;7;0;0;0;NA;0;7;2020-08-31;-54038
2020-08-30;NA;2;0;0;0;NA;0;2;2020-08-30;-54045
2020-08-29;NA;0;0;0;0;NA;0;0;2020-08-29;-54047
2020-08-28;NA;11;0;0;0;NA;0;11;2020-08-28;-54047
2020-08-27;NA;18;0;0;0;NA;0;18;2020-08-27;-54058
2020-08-26;NA;14;0;0;0;NA;0;14;2020-08-26;-54076
2020-08-25;NA;10;0;0;0;NA;0;10;2020-08-25;-54090
2020-08-24;NA;3;0;0;0;NA;0;3;2020-08-24;-54100
2020-08-23;NA;3;0;0;0;NA;0;3;2020-08-23;-54103
2020-08-22;NA;7;0;0;0;NA;0;7;2020-08-22;-54106
2020-08-21;NA;7;0;0;0;NA;0;7;2020-08-21;-54113
2020-08-20;NA;20;0;0;0;NA;0;20;2020-08-20;-54120
2020-08-19;NA;8;0;0;0;NA;0;8;2020-08-19;-54140
2020-08-18;NA;8;0;0;0;NA;0;8;2020-08-18;-54148
2020-08-17;NA;4;0;0;0;NA;0;4;2020-08-17;-54156
2020-08-16;NA;0;0;0;0;NA;0;0;2020-08-16;-54160
2020-08-15;NA;5;0;0;0;NA;0;5;2020-08-15;-54160
2020-08-14;NA;13;0;0;0;NA;0;13;2020-08-14;-54165
2020-08-13;NA;15;0;0;0;NA;0;15;2020-08-13;-54178
2020-08-12;NA;13;0;0;0;NA;0;13;2020-08-12;-54193
2020-08-11;NA;3;0;0;0;NA;0;3;2020-08-11;-54206
2020-08-10;NA;0;0;0;0;NA;0;0;2020-08-10;-54209
2020-08-09;NA;1;0;0;0;NA;0;1;2020-08-09;-54209
2020-08-08;NA;2;0;0;0;NA;0;2;2020-08-08;-54210
2020-08-07;NA;4;0;0;0;NA;0;4;2020-08-07;-54212
2020-08-06;NA;2;0;0;0;NA;0;2;2020-08-06;-54216
2020-08-05;NA;22;0;0;0;NA;0;22;2020-08-05;-54218
2020-08-04;NA;5;0;0;0;NA;0;5;2020-08-04;-54240
2020-08-03;NA;2;0;0;0;NA;0;2;2020-08-03;-54245
2020-08-02;NA;0;0;0;0;NA;0;0;2020-08-02;-54247
2020-08-01;NA;0;0;0;0;NA;0;0;2020-08-01;-54247
2020-07-31;NA;3;0;0;0;NA;0;3;2020-07-31;-54247
2020-07-30;NA;1;0;0;0;NA;0;1;2020-07-30;-54250
2020-07-29;NA;2;0;0;0;NA;0;2;2020-07-29;-54251
2020-07-28;NA;3;0;0;0;NA;0;3;2020-07-28;-54253
2020-07-27;NA;4;0;0;0;NA;0;4;2020-07-27;-54256
2020-07-26;NA;0;0;0;0;NA;0;0;2020-07-26;-54260
2020-07-25;NA;1;0;0;0;NA;0;1;2020-07-25;-54260
2020-07-24;NA;0;0;0;0;NA;0;0;2020-07-24;-54261
2020-07-23;NA;0;0;0;0;NA;0;0;2020-07-23;-54261
2020-07-22;NA;3;0;0;0;NA;0;3;2020-07-22;-54261
2020-07-21;NA;1;0;0;0;NA;0;1;2020-07-21;-54264
2020-07-20;NA;0;0;0;0;NA;0;0;2020-07-20;-54265
2020-07-19;NA;0;0;0;0;NA;0;0;2020-07-19;-54265
2020-07-18;NA;0;0;0;0;NA;0;0;2020-07-18;-54265
2020-07-17;NA;1;0;0;0;NA;0;1;2020-07-17;-54265
2020-07-16;NA;0;0;0;0;NA;0;0;2020-07-16;-54266
2020-07-15;NA;10;0;0;0;NA;0;10;2020-07-15;-54266
2020-07-14;NA;1;0;0;0;NA;0;1;2020-07-14;-54276
2020-07-13;NA;0;0;0;0;NA;0;0;2020-07-13;-54277
2020-07-12;NA;0;0;0;0;NA;0;0;2020-07-12;-54277
2020-07-11;NA;2;0;0;0;NA;0;2;2020-07-11;-54277
2020-07-10;NA;0;0;0;0;NA;0;0;2020-07-10;-54279
2020-07-09;NA;0;0;0;0;NA;0;0;2020-07-09;-54279
2020-07-08;NA;12;0;0;0;NA;0;12;2020-07-08;-54279
2020-07-07;NA;4;0;0;0;NA;0;4;2020-07-07;-54291
2020-07-06;NA;0;0;0;0;NA;0;0;2020-07-06;-54295
2020-07-05;NA;0;0;0;0;NA;0;0;2020-07-05;-54295
2020-07-04;NA;5;0;0;0;NA;0;5;2020-07-04;-54295
2020-07-03;NA;3;0;0;0;NA;0;3;2020-07-03;-54300
2020-07-02;NA;6;0;0;0;NA;0;6;2020-07-02;-54303
2020-07-01;NA;0;0;0;0;NA;0;0;2020-07-01;-54309
2020-06-30;NA;4;0;0;0;NA;0;4;2020-06-30;-54309
2020-06-29;NA;0;0;0;0;NA;0;0;2020-06-29;-54313
2020-06-28;NA;0;0;0;0;NA;0;0;2020-06-28;-54313
2020-06-27;NA;4;0;0;0;NA;0;4;2020-06-27;-54313
2020-06-26;NA;8;0;0;0;NA;0;8;2020-06-26;-54317
2020-06-25;NA;7;0;0;0;NA;0;7;2020-06-25;-54325
2020-06-24;NA;12;0;0;0;NA;0;12;2020-06-24;-54332
2020-06-23;NA;7;0;0;0;NA;0;7;2020-06-23;-54344
2020-06-22;NA;0;0;0;0;NA;0;0;2020-06-22;-54351
2020-06-21;NA;0;0;0;0;NA;0;0;2020-06-21;-54351
2020-06-20;NA;1;0;0;0;NA;0;1;2020-06-20;-54351
2020-06-19;NA;5;0;0;0;NA;0;5;2020-06-19;-54352
2020-06-18;NA;0;0;0;0;NA;0;0;2020-06-18;-54357
2020-06-17;NA;0;0;0;0;NA;0;0;2020-06-17;-54357
2020-06-16;NA;4;0;0;0;NA;0;4;2020-06-16;-54357
2020-06-14;NA;0;0;0;0;NA;0;0;2020-06-14;-54361
2020-06-13;NA;0;0;0;0;NA;0;0;2020-06-13;-54361
2020-06-12;NA;0;0;0;0;NA;0;0;2020-06-12;-54361
2020-06-11;NA;0;0;0;0;NA;0;0;2020-06-11;-54361
2020-06-10;NA;7;0;0;0;NA;0;7;2020-06-10;-54361
2020-06-09;NA;0;0;0;0;NA;0;0;2020-06-09;-54368
2020-06-08;NA;0;0;0;0;NA;0;0;2020-06-08;-54368
2020-06-07;NA;1;0;0;0;NA;0;1;2020-06-07;-54368
2020-06-05;NA;0;0;0;0;NA;0;0;2020-06-05;-54369
2020-06-03;NA;0;0;0;0;NA;0;0;2020-06-03;-54369
2020-06-02;NA;1;0;0;0;NA;0;1;2020-06-02;-54369
2020-05-31;NA;0;0;0;0;NA;0;0;2020-05-31;-54370
2020-05-29;NA;0;0;0;0;NA;0;0;2020-05-29;-54370
2020-05-27;NA;2;0;0;0;NA;0;2;2020-05-27;-54370
2020-05-26;NA;0;0;0;0;NA;0;0;2020-05-26;-54372
2020-05-25;NA;0;0;0;0;NA;0;0;2020-05-25;-54372
2020-05-24;NA;0;0;0;0;NA;0;0;2020-05-24;-54372
2020-05-23;NA;0;0;0;0;NA;0;0;2020-05-23;-54372
2020-05-22;NA;0;0;0;0;NA;0;0;2020-05-22;-54372
2020-05-21;NA;0;0;0;0;NA;0;0;2020-05-21;-54372
2020-05-20;NA;3;0;0;0;NA;0;3;2020-05-20;-54372
2020-05-19;NA;0;0;0;0;NA;0;0;2020-05-19;-54375
2020-05-17;NA;0;0;0;0;NA;0;0;2020-05-17;-54375
2020-05-16;NA;0;0;0;0;NA;0;0;2020-05-16;-54375
2020-05-15;NA;0;0;0;0;NA;0;0;2020-05-15;-54375
2020-05-14;NA;0;0;0;0;NA;0;0;2020-05-14;-54375
2020-05-13;NA;1;0;0;0;NA;0;1;2020-05-13;-54375
2020-05-12;NA;0;0;0;0;NA;0;0;2020-05-12;-54376
2020-05-11;NA;0;0;0;0;NA;0;0;2020-05-11;-54376
2020-05-09;NA;0;0;0;0;NA;0;0;2020-05-09;-54376
2020-05-07;NA;0;0;0;0;NA;0;0;2020-05-07;-54376
2020-05-06;NA;1;0;0;0;NA;0;1;2020-05-06;-54376
2020-05-05;NA;2;0;0;0;NA;0;2;2020-05-05;-54377
2020-05-04;NA;0;0;0;0;NA;0;0;2020-05-04;-54379
2020-05-03;NA;1;0;0;0;NA;0;1;2020-05-03;-54379
2020-05-02;NA;0;0;0;0;NA;0;0;2020-05-02;-54380
2020-05-01;NA;1;0;0;0;NA;0;1;2020-05-01;-54380
2020-04-30;NA;0;0;0;0;NA;0;0;2020-04-30;-54381
2020-04-29;NA;0;0;0;0;NA;0;0;2020-04-29;-54381
2020-04-28;NA;0;0;0;0;NA;0;0;2020-04-28;-54381
2020-04-27;NA;0;0;0;0;NA;0;0;2020-04-27;-54381
2020-04-26;NA;0;0;0;0;NA;0;0;2020-04-26;-54381
2020-04-25;NA;2;0;0;0;NA;0;2;2020-04-25;-54381
2020-04-24;NA;0;0;0;0;NA;0;0;2020-04-24;-54383
2020-04-23;NA;5;0;0;0;NA;0;5;2020-04-23;-54383
2020-04-22;NA;8;0;0;0;NA;0;8;2020-04-22;-54388
2020-04-21;NA;2;0;0;0;NA;0;2;2020-04-21;-54396
2020-04-20;NA;5;0;0;0;NA;0;5;2020-04-20;-54398
2020-04-19;NA;1;0;0;0;NA;0;1;2020-04-19;-54403
2020-04-18;NA;3;0;0;0;NA;0;3;2020-04-18;-54404
2020-04-17;NA;4;0;0;0;NA;0;4;2020-04-17;-54407
2020-04-16;NA;12;0;0;0;NA;0;12;2020-04-16;-54411
2020-04-15;NA;9;0;0;0;NA;0;9;2020-04-15;-54423
2020-04-14;NA;2;0;0;0;NA;0;2;2020-04-14;-54432
2020-04-13;NA;0;0;0;0;NA;0;0;2020-04-13;-54434
2020-04-12;NA;3;0;0;0;NA;0;3;2020-04-12;-54434
2020-04-11;NA;4;0;0;0;NA;0;4;2020-04-11;-54437
2020-04-10;NA;0;0;0;0;NA;0;0;2020-04-10;-54441
2020-04-09;NA;2;0;0;0;NA;0;2;2020-04-09;-54441
2020-04-08;NA;1;0;0;0;NA;0;1;2020-04-08;-54443
2020-04-07;NA;15;0;0;0;NA;0;15;2020-04-07;-54444
2020-04-06;NA;7;0;0;0;NA;0;7;2020-04-06;-54459
2020-04-05;NA;6;0;0;0;NA;0;6;2020-04-05;-54466
2020-04-04;NA;4;0;0;0;NA;0;4;2020-04-04;-54472
2020-04-03;NA;2;0;0;0;NA;0;2;2020-04-03;-54476
2020-04-02;NA;3;0;0;0;NA;0;3;2020-04-02;-54478
2020-04-01;NA;0;0;0;0;NA;0;0;2020-04-01;-54481
2020-03-31;NA;2;0;0;0;NA;0;2;2020-03-31;-54481
2020-03-30;NA;4;0;0;0;NA;0;4;2020-03-30;-54483
2020-03-29;NA;7;0;0;0;NA;0;7;2020-03-29;-54487
2020-03-28;NA;0;0;0;0;NA;0;0;2020-03-28;-54494
2020-03-27;NA;5;0;0;0;NA;0;5;2020-03-27;-54494
2020-03-26;NA;3;0;0;0;NA;0;3;2020-03-26;-54499
2020-03-25;NA;0;0;0;0;NA;0;0;2020-03-25;-54502
2020-03-24;NA;3;0;0;0;NA;0;3;2020-03-24;-54502
2020-03-23;NA;3;0;0;0;NA;0;3;2020-03-23;-54505
2020-03-22;NA;0;0;0;0;NA;0;0;2020-03-22;-54508
2020-03-21;NA;4;0;0;0;NA;0;4;2020-03-21;-54508
2020-03-20;NA;0;0;0;0;NA;0;0;2020-03-20;-54512
2020-03-19;NA;3;0;0;0;NA;0;3;2020-03-19;-54512
2020-03-18;NA;0;0;0;0;NA;0;0;2020-03-18;-54515
2020-03-17;NA;1;0;0;0;NA;0;1;2020-03-17;-54515
2020-03-16;NA;1;0;0;0;NA;0;1;2020-03-16;-54516
2020-03-15;NA;2;0;0;0;NA;0;2;2020-03-15;-54517
2020-03-14;NA;1;0;0;0;NA;0;1;2020-03-14;-54519
2020-03-13;NA;0;0;0;0;NA;0;0;2020-03-13;-54520
2020-03-12;NA;1;0;0;0;NA;0;1;2020-03-12;-54520
2020-03-11;NA;0;0;0;0;NA;0;0;2020-03-11;-54521
2020-03-09;NA;0;0;0;0;NA;0;0;2020-03-09;-54521
2020-03-08;NA;0;0;0;0;NA;0;0;2020-03-08;-54521
2020-03-07;NA;0;0;0;0;NA;0;0;2020-03-07;-54521
2020-03-06;NA;0;0;0;0;NA;0;0;2020-03-06;-54521
