"Datum";"Region";"PCR_Pos";"Ag_Neg";"Ag_Pos";"Total";"Pocet.potvrdenych";"Potvrdenych";"newcases";"date";"positive"
2021-03-28;"Banskobystrický kraj";25;15268;70;15338;34694;144549;95;2021-03-28;144549
2021-03-28;"Banskobystrický kraj";25;15268;70;15338;71277;144549;95;2021-03-28;144454
2021-03-27;"Banskobystrický kraj";85;48502;760;49262;NA;144549;845;2021-03-27;144359
2021-03-26;"Banskobystrický kraj";122;38618;214;38832;NA;144549;336;2021-03-26;143514
2021-03-25;"Banskobystrický kraj";120;20833;238;21071;NA;144549;358;2021-03-25;143178
2021-03-24;"Banskobystrický kraj";200;19303;225;19528;NA;144549;425;2021-03-24;142820
2021-03-23;"Banskobystrický kraj";241;21243;247;21490;NA;144549;488;2021-03-23;142395
2021-03-22;"Banskobystrický kraj";65;29276;270;29546;NA;144549;335;2021-03-22;141907
2021-03-21;"Banskobystrický kraj";31;24593;203;24796;NA;144549;234;2021-03-21;141572
2021-03-20;"Banskobystrický kraj";119;54447;305;54752;NA;144549;424;2021-03-20;141338
2021-03-19;"Banskobystrický kraj";240;44265;279;44544;NA;144549;519;2021-03-19;140914
2021-03-18;"Banskobystrický kraj";160;19647;225;19872;NA;144549;385;2021-03-18;140395
2021-03-17;"Banskobystrický kraj";262;21484;244;21728;NA;144549;506;2021-03-17;140010
2021-03-16;"Banskobystrický kraj";340;23476;217;23693;NA;144549;557;2021-03-16;139504
2021-03-15;"Banskobystrický kraj";95;28939;318;29257;NA;144549;413;2021-03-15;138947
2021-03-14;"Banskobystrický kraj";39;15312;67;15379;NA;144549;106;2021-03-14;138534
2021-03-13;"Banskobystrický kraj";209;67263;394;67657;NA;144549;603;2021-03-13;138428
2021-03-12;"Banskobystrický kraj";206;41317;328;41645;NA;144549;534;2021-03-12;137825
2021-03-11;"Banskobystrický kraj";228;20390;254;20644;NA;144549;482;2021-03-11;137291
2021-03-10;"Banskobystrický kraj";260;20079;233;20312;NA;144549;493;2021-03-10;136809
2021-03-09;"Banskobystrický kraj";352;21658;276;21934;NA;144549;628;2021-03-09;136316
2021-03-08;"Banskobystrický kraj";191;31311;427;31738;NA;144549;618;2021-03-08;135688
2021-03-07;"Banskobystrický kraj";60;34334;240;34574;NA;144549;300;2021-03-07;135070
2021-03-06;"Banskobystrický kraj";164;58615;308;58923;NA;144549;472;2021-03-06;134770
2021-03-05;"Banskobystrický kraj";221;42105;388;42493;NA;144549;609;2021-03-05;134298
2021-03-04;"Banskobystrický kraj";226;22011;340;22351;NA;144549;566;2021-03-04;133689
2021-03-03;"Banskobystrický kraj";317;21903;327;22230;NA;144549;644;2021-03-03;133123
2021-03-02;"Banskobystrický kraj";291;22514;352;22866;NA;144549;643;2021-03-02;132479
2021-03-01;"Banskobystrický kraj";151;31911;432;32343;NA;144549;583;2021-03-01;131836
2021-02-28;"Banskobystrický kraj";45;17816;143;17959;NA;144549;188;2021-02-28;131253
2021-02-27;"Banskobystrický kraj";289;66106;524;66630;NA;144549;813;2021-02-27;131065
2021-02-26;"Banskobystrický kraj";326;39619;469;40088;NA;144549;795;2021-02-26;130252
2021-02-25;"Banskobystrický kraj";375;17739;368;18107;NA;144549;743;2021-02-25;129457
2021-02-24;"Banskobystrický kraj";332;16723;370;17093;NA;144549;702;2021-02-24;128714
2021-02-23;"Banskobystrický kraj";462;19644;440;20084;NA;144549;902;2021-02-23;128012
2021-02-22;"Banskobystrický kraj";67;23297;490;23787;NA;144549;557;2021-02-22;127110
2021-02-21;"Banskobystrický kraj";68;27076;290;27366;NA;144549;358;2021-02-21;126553
2021-02-20;"Banskobystrický kraj";280;68890;599;69489;NA;144549;879;2021-02-20;126195
2021-02-19;"Banskobystrický kraj";420;38700;494;39194;NA;144549;914;2021-02-19;125316
2021-02-18;"Banskobystrický kraj";241;19005;404;19409;NA;144549;645;2021-02-18;124402
2021-02-17;"Banskobystrický kraj";415;16010;382;16392;NA;144549;797;2021-02-17;123757
2021-02-16;"Banskobystrický kraj";338;19779;363;20142;NA;144549;701;2021-02-16;122960
2021-02-15;"Banskobystrický kraj";118;34116;554;34670;NA;144549;672;2021-02-15;122259
2021-02-14;"Banskobystrický kraj";60;15826;139;15965;NA;144549;199;2021-02-14;121587
2021-02-13;"Banskobystrický kraj";202;45853;422;46275;NA;144549;624;2021-02-13;121388
2021-02-12;"Banskobystrický kraj";312;36759;531;37290;NA;144549;843;2021-02-12;120764
2021-02-11;"Banskobystrický kraj";305;21405;394;21799;NA;144549;699;2021-02-11;119921
2021-02-10;"Banskobystrický kraj";333;14348;338;14686;NA;144549;671;2021-02-10;119222
2021-02-09;"Banskobystrický kraj";329;17787;350;18137;NA;144549;679;2021-02-09;118551
2021-02-08;"Banskobystrický kraj";103;41737;596;42333;NA;144549;699;2021-02-08;117872
2021-02-07;"Banskobystrický kraj";70;24477;148;24625;NA;144549;218;2021-02-07;117173
2021-02-06;"Banskobystrický kraj";178;63125;551;63676;NA;144549;729;2021-02-06;116955
2021-02-05;"Banskobystrický kraj";282;23719;347;24066;NA;144549;629;2021-02-05;116226
2021-02-04;"Banskobystrický kraj";240;13502;438;13940;NA;144549;678;2021-02-04;115597
2021-02-03;"Banskobystrický kraj";350;9088;242;9330;NA;144549;592;2021-02-03;114919
2021-02-02;"Banskobystrický kraj";277;14944;323;15267;NA;144549;600;2021-02-02;114327
2021-02-01;"Banskobystrický kraj";75;19091;382;19473;NA;144549;457;2021-02-01;113727
2021-01-31;"Banskobystrický kraj";34;24292;213;24505;NA;144549;247;2021-01-31;113270
2021-01-30;"Banskobystrický kraj";163;46244;387;46631;NA;144549;550;2021-01-30;113023
2021-01-29;"Banskobystrický kraj";196;16654;265;16919;NA;144549;461;2021-01-29;112473
2021-01-28;"Banskobystrický kraj";218;13977;361;14338;NA;144549;579;2021-01-28;112012
2021-01-27;"Banskobystrický kraj";191;10744;202;10946;NA;144549;393;2021-01-27;111433
2021-01-26;"Banskobystrický kraj";238;19581;281;19862;NA;144549;519;2021-01-26;111040
2021-01-25;"Banskobystrický kraj";82;31411;381;31792;NA;144549;463;2021-01-25;110521
2021-01-24;"Banskobystrický kraj";38;29266;238;29504;NA;144549;276;2021-01-24;110058
2021-01-23;"Banskobystrický kraj";142;83829;506;84335;NA;144549;648;2021-01-23;109782
2021-01-22;"Banskobystrický kraj";175;27129;359;27488;NA;144549;534;2021-01-22;109134
2021-01-21;"Banskobystrický kraj";194;16543;283;16826;NA;144549;477;2021-01-21;108600
2021-01-20;"Banskobystrický kraj";231;8474;180;8654;NA;144549;411;2021-01-20;108123
2021-01-19;"Banskobystrický kraj";213;10333;307;10640;NA;144549;520;2021-01-19;107712
2021-01-18;"Banskobystrický kraj";94;5565;337;5902;NA;144549;431;2021-01-18;107192
2021-01-17;"Banskobystrický kraj";110;8150;77;8227;NA;144549;187;2021-01-17;106761
2021-01-16;"Banskobystrický kraj";58;1403;35;1438;NA;144549;93;2021-01-16;106574
2021-01-15;"Banskobystrický kraj";164;6894;209;7103;NA;144549;373;2021-01-15;106481
2021-01-14;"Banskobystrický kraj";220;5727;324;6051;NA;144549;544;2021-01-14;106108
2021-01-13;"Banskobystrický kraj";235;5715;200;5915;NA;144549;435;2021-01-13;105564
2021-01-12;"Banskobystrický kraj";194;6724;297;7021;NA;144549;491;2021-01-12;105129
2021-01-11;"Banskobystrický kraj";76;8000;473;8473;NA;144549;549;2021-01-11;104638
2021-01-10;"Banskobystrický kraj";110;212;4;216;NA;144549;114;2021-01-10;104089
2021-01-09;"Banskobystrický kraj";297;2380;83;2463;NA;144549;380;2021-01-09;103975
2021-01-08;"Banskobystrický kraj";435;9413;430;9843;NA;144549;865;2021-01-08;103595
2021-01-07;"Banskobystrický kraj";127;5297;331;5628;NA;144549;458;2021-01-07;102730
2021-01-06;"Banskobystrický kraj";305;3124;185;3309;NA;144549;490;2021-01-06;102272
2021-01-05;"Banskobystrický kraj";372;7255;526;7781;NA;144549;898;2021-01-05;101782
2021-01-04;"Banskobystrický kraj";130;6892;692;7584;NA;144549;822;2021-01-04;100884
2021-01-03;"Banskobystrický kraj";199;267;13;280;NA;144549;212;2021-01-03;100062
2021-01-02;"Banskobystrický kraj";123;682;84;766;NA;144549;207;2021-01-02;99850
2021-01-01;"Banskobystrický kraj";220;1688;115;1803;NA;144549;335;2021-01-01;99643
2020-12-31;"Banskobystrický kraj";499;7335;631;7966;NA;144549;1130;2020-12-31;99308
2020-12-30;"Banskobystrický kraj";593;7584;554;8138;NA;144549;1147;2020-12-30;98178
2020-12-29;"Banskobystrický kraj";240;7891;662;8553;NA;144549;902;2020-12-29;97031
2020-12-28;"Banskobystrický kraj";131;5790;701;6491;NA;144549;832;2020-12-28;96129
2020-12-27;"Banskobystrický kraj";116;540;25;565;NA;144549;141;2020-12-27;95297
2020-12-26;"Banskobystrický kraj";61;279;32;311;NA;144549;93;2020-12-26;95156
2020-12-25;"Banskobystrický kraj";65;249;6;255;NA;144549;71;2020-12-25;95063
2020-12-24;"Banskobystrický kraj";452;3583;131;3714;NA;144549;583;2020-12-24;94992
2020-12-23;"Banskobystrický kraj";368;10035;506;10541;NA;144549;874;2020-12-23;94409
2020-12-22;"Banskobystrický kraj";307;8319;611;8930;NA;144549;918;2020-12-22;93535
2020-12-21;"Banskobystrický kraj";286;4896;448;5344;NA;144549;734;2020-12-21;92617
2020-12-20;"Banskobystrický kraj";155;249;14;263;NA;144549;169;2020-12-20;91883
2020-12-19;"Banskobystrický kraj";170;3059;138;3197;NA;144549;308;2020-12-19;91714
2020-12-18;"Banskobystrický kraj";432;6543;414;6957;NA;144549;846;2020-12-18;91406
2020-12-17;"Banskobystrický kraj";468;8629;655;9284;NA;144549;1123;2020-12-17;90560
2020-12-16;"Banskobystrický kraj";379;10132;560;10692;NA;144549;939;2020-12-16;89437
2020-12-15;"Banskobystrický kraj";336;5376;432;5808;NA;144549;768;2020-12-15;88498
2020-12-14;"Banskobystrický kraj";148;3771;258;4029;NA;144549;406;2020-12-14;87730
2020-12-13;"Banskobystrický kraj";122;119;1;120;NA;144549;123;2020-12-13;87324
2020-12-12;"Banskobystrický kraj";137;2714;138;2852;NA;144549;275;2020-12-12;87201
2020-12-11;"Banskobystrický kraj";468;6524;373;6897;NA;144549;841;2020-12-11;86926
2020-12-10;"Banskobystrický kraj";280;5160;354;5514;NA;144549;634;2020-12-10;86085
2020-12-09;"Banskobystrický kraj";323;3739;210;3949;NA;144549;533;2020-12-09;85451
2020-12-08;"Banskobystrický kraj";256;3740;273;4013;NA;144549;529;2020-12-08;84918
2020-12-07;"Banskobystrický kraj";175;2006;138;2144;NA;144549;313;2020-12-07;84389
2020-12-06;"Banskobystrický kraj";121;507;11;518;NA;144549;132;2020-12-06;84076
2020-12-05;"Banskobystrický kraj";109;1095;34;1129;NA;144549;143;2020-12-05;83944
2020-12-04;"Banskobystrický kraj";339;3586;168;3754;NA;144549;507;2020-12-04;83801
2020-12-03;"Banskobystrický kraj";240;2836;217;3053;NA;144549;457;2020-12-03;83294
2020-12-02;"Banskobystrický kraj";217;4165;174;4339;NA;144549;391;2020-12-02;82837
2020-12-01;"Banskobystrický kraj";215;2576;126;2702;NA;144549;341;2020-12-01;82446
2020-11-30;"Banskobystrický kraj";74;3891;222;4113;NA;144549;296;2020-11-30;82105
2020-11-29;"Banskobystrický kraj";19;39;2;41;NA;144549;21;2020-11-29;81809
2020-11-28;"Banskobystrický kraj";81;671;14;685;NA;144549;95;2020-11-28;81788
2020-11-27;"Banskobystrický kraj";219;1285;98;1383;NA;144549;317;2020-11-27;81693
2020-11-26;"Banskobystrický kraj";208;1470;77;1547;NA;144549;285;2020-11-26;81376
2020-11-25;"Banskobystrický kraj";170;1760;84;1844;NA;144549;254;2020-11-25;81091
2020-11-24;"Banskobystrický kraj";166;2262;67;2329;NA;144549;233;2020-11-24;80837
2020-11-23;"Banskobystrický kraj";66;9948;191;10139;NA;144549;257;2020-11-23;80604
2020-11-22;"Banskobystrický kraj";38;72;1;73;NA;144549;39;2020-11-22;80347
2020-11-21;"Banskobystrický kraj";52;885;14;899;NA;144549;66;2020-11-21;80308
2020-11-20;"Banskobystrický kraj";127;1872;105;1977;NA;144549;232;2020-11-20;80242
2020-11-19;"Banskobystrický kraj";170;1112;82;1194;NA;144549;252;2020-11-19;80010
2020-11-18;"Banskobystrický kraj";153;587;62;649;NA;144549;215;2020-11-18;79758
2020-11-17;"Banskobystrický kraj";52;578;35;613;NA;144549;87;2020-11-17;79543
2020-11-16;"Banskobystrický kraj";106;351;22;373;NA;144549;128;2020-11-16;79456
2020-11-15;"Banskobystrický kraj";52;64;2;66;NA;144549;54;2020-11-15;79328
2020-11-14;"Banskobystrický kraj";73;305;2;307;NA;144549;75;2020-11-14;79274
2020-11-13;"Banskobystrický kraj";157;552;11;563;NA;144549;168;2020-11-13;79199
2020-11-12;"Banskobystrický kraj";218;952;44;996;NA;144549;262;2020-11-12;79031
2020-11-11;"Banskobystrický kraj";224;437;9;446;NA;144549;233;2020-11-11;78769
2020-11-10;"Banskobystrický kraj";263;463;18;481;NA;144549;281;2020-11-10;78536
2020-11-09;"Banskobystrický kraj";80;2678;31;2709;NA;144549;111;2020-11-09;78255
2020-11-08;"Banskobystrický kraj";82;783;16;799;NA;144549;98;2020-11-08;78144
2020-11-07;"Banskobystrický kraj";164;8828;94;8922;NA;144549;258;2020-11-07;78046
2020-11-06;"Banskobystrický kraj";227;2496;16;2512;NA;144549;243;2020-11-06;77788
2020-11-05;"Banskobystrický kraj";240;263;33;296;NA;144549;273;2020-11-05;77545
2020-11-04;"Banskobystrický kraj";254;1366;13;1379;NA;144549;267;2020-11-04;77272
2020-11-03;"Banskobystrický kraj";246;1332;4;1336;NA;144549;250;2020-11-03;77005
2020-11-02;"Banskobystrický kraj";90;2247;65;2312;NA;144549;155;2020-11-02;76755
2020-11-01;"Banskobystrický kraj";101;2671;42;2713;NA;144549;143;2020-11-01;76600
2020-10-31;"Banskobystrický kraj";199;13516;116;13632;NA;144549;315;2020-10-31;76457
2020-10-30;"Banskobystrický kraj";254;2829;20;2849;NA;144549;274;2020-10-30;76142
2020-10-29;"Banskobystrický kraj";372;969;42;1011;NA;144549;414;2020-10-29;75868
2020-10-28;"Banskobystrický kraj";285;302;30;332;NA;144549;315;2020-10-28;75454
2020-10-27;"Banskobystrický kraj";266;654;40;694;NA;144549;306;2020-10-27;75139
2020-10-26;"Banskobystrický kraj";38;232;29;261;NA;144549;67;2020-10-26;74833
2020-10-25;"Banskobystrický kraj";50;140;11;151;NA;144549;61;2020-10-25;74766
2020-10-24;"Banskobystrický kraj";315;114;12;126;NA;144549;327;2020-10-24;74705
2020-10-23;"Banskobystrický kraj";231;230;29;259;NA;144549;260;2020-10-23;74378
2020-10-22;"Banskobystrický kraj";264;253;24;277;NA;144549;288;2020-10-22;74118
2020-10-21;"Banskobystrický kraj";209;266;3;269;NA;144549;212;2020-10-21;73830
2020-10-20;"Banskobystrický kraj";210;66;3;69;NA;144549;213;2020-10-20;73618
2020-10-19;"Banskobystrický kraj";27;71;12;83;NA;144549;39;2020-10-19;73405
2020-10-18;"Banskobystrický kraj";49;0;0;0;NA;144549;49;2020-10-18;73366
2020-10-17;"Banskobystrický kraj";91;0;0;0;NA;144549;91;2020-10-17;73317
2020-10-16;"Banskobystrický kraj";224;37;3;40;NA;144549;227;2020-10-16;73226
2020-10-15;"Banskobystrický kraj";133;29;1;30;NA;144549;134;2020-10-15;72999
2020-10-14;"Banskobystrický kraj";139;31;1;32;NA;144549;140;2020-10-14;72865
2020-10-13;"Banskobystrický kraj";151;169;11;180;NA;144549;162;2020-10-13;72725
2020-10-12;"Banskobystrický kraj";11;13;0;13;NA;144549;11;2020-10-12;72563
2020-10-11;"Banskobystrický kraj";14;0;0;0;NA;144549;14;2020-10-11;72552
2020-10-10;"Banskobystrický kraj";53;0;0;0;NA;144549;53;2020-10-10;72538
2020-10-09;"Banskobystrický kraj";128;0;0;0;NA;144549;128;2020-10-09;72485
2020-10-08;"Banskobystrický kraj";99;0;0;0;NA;144549;99;2020-10-08;72357
2020-10-07;"Banskobystrický kraj";124;0;0;0;NA;144549;124;2020-10-07;72258
2020-10-06;"Banskobystrický kraj";68;0;0;0;NA;144549;68;2020-10-06;72134
2020-10-05;"Banskobystrický kraj";49;0;0;0;NA;144549;49;2020-10-05;72066
2020-10-04;"Banskobystrický kraj";8;0;0;0;NA;144549;8;2020-10-04;72017
2020-10-03;"Banskobystrický kraj";37;0;0;0;NA;144549;37;2020-10-03;72009
2020-10-02;"Banskobystrický kraj";74;0;0;0;NA;144549;74;2020-10-02;71972
2020-10-01;"Banskobystrický kraj";49;0;0;0;NA;144549;49;2020-10-01;71898
2020-09-30;"Banskobystrický kraj";60;0;0;0;NA;144549;60;2020-09-30;71849
2020-09-29;"Banskobystrický kraj";24;0;0;0;NA;144549;24;2020-09-29;71789
2020-09-27;"Banskobystrický kraj";20;0;0;0;NA;144549;20;2020-09-27;71765
2020-09-26;"Banskobystrický kraj";24;0;0;0;NA;144549;24;2020-09-26;71745
2020-09-25;"Banskobystrický kraj";29;0;0;0;NA;144549;29;2020-09-25;71721
2020-09-24;"Banskobystrický kraj";25;0;0;0;NA;144549;25;2020-09-24;71692
2020-09-23;"Banskobystrický kraj";17;0;0;0;NA;144549;17;2020-09-23;71667
2020-09-22;"Banskobystrický kraj";25;0;0;0;NA;144549;25;2020-09-22;71650
2020-09-21;"Banskobystrický kraj";3;0;0;0;NA;144549;3;2020-09-21;71625
2020-09-19;"Banskobystrický kraj";3;0;0;0;NA;144549;3;2020-09-19;71622
2020-09-18;"Banskobystrický kraj";24;0;0;0;NA;144549;24;2020-09-18;71619
2020-09-17;"Banskobystrický kraj";14;0;0;0;NA;144549;14;2020-09-17;71595
2020-09-16;"Banskobystrický kraj";6;0;0;0;NA;144549;6;2020-09-16;71581
2020-09-15;"Banskobystrický kraj";2;0;0;0;NA;144549;2;2020-09-15;71575
2020-09-14;"Banskobystrický kraj";13;0;0;0;NA;144549;13;2020-09-14;71573
2020-09-13;"Banskobystrický kraj";1;0;0;0;NA;144549;1;2020-09-13;71560
2020-09-12;"Banskobystrický kraj";5;0;0;0;NA;144549;5;2020-09-12;71559
2020-09-11;"Banskobystrický kraj";19;0;0;0;NA;144549;19;2020-09-11;71554
2020-09-10;"Banskobystrický kraj";11;0;0;0;NA;144549;11;2020-09-10;71535
2020-09-09;"Banskobystrický kraj";13;0;0;0;NA;144549;13;2020-09-09;71524
2020-09-08;"Banskobystrický kraj";5;0;0;0;NA;144549;5;2020-09-08;71511
2020-09-07;"Banskobystrický kraj";2;0;0;0;NA;144549;2;2020-09-07;71506
2020-09-04;"Banskobystrický kraj";9;0;0;0;NA;144549;9;2020-09-04;71504
2020-09-03;"Banskobystrický kraj";5;0;0;0;NA;144549;5;2020-09-03;71495
2020-09-02;"Banskobystrický kraj";6;0;0;0;NA;144549;6;2020-09-02;71490
2020-09-01;"Banskobystrický kraj";2;0;0;0;NA;144549;2;2020-09-01;71484
2020-08-31;"Banskobystrický kraj";6;0;0;0;NA;144549;6;2020-08-31;71482
2020-08-29;"Banskobystrický kraj";1;0;0;0;NA;144549;1;2020-08-29;71476
2020-08-28;"Banskobystrický kraj";3;0;0;0;NA;144549;3;2020-08-28;71475
2020-08-27;"Banskobystrický kraj";1;0;0;0;NA;144549;1;2020-08-27;71472
2020-08-26;"Banskobystrický kraj";2;0;0;0;NA;144549;2;2020-08-26;71471
2020-08-25;"Banskobystrický kraj";2;0;0;0;NA;144549;2;2020-08-25;71469
2020-08-21;"Banskobystrický kraj";4;0;0;0;NA;144549;4;2020-08-21;71467
2020-08-20;"Banskobystrický kraj";1;0;0;0;NA;144549;1;2020-08-20;71463
2020-08-19;"Banskobystrický kraj";4;0;0;0;NA;144549;4;2020-08-19;71462
2020-08-17;"Banskobystrický kraj";1;0;0;0;NA;144549;1;2020-08-17;71458
2020-08-14;"Banskobystrický kraj";5;0;0;0;NA;144549;5;2020-08-14;71457
2020-08-11;"Banskobystrický kraj";2;0;0;0;NA;144549;2;2020-08-11;71452
2020-08-10;"Banskobystrický kraj";3;0;0;0;NA;144549;3;2020-08-10;71450
2020-08-08;"Banskobystrický kraj";2;0;0;0;NA;144549;2;2020-08-08;71447
2020-08-07;"Banskobystrický kraj";1;0;0;0;NA;144549;1;2020-08-07;71445
2020-08-06;"Banskobystrický kraj";1;0;0;0;NA;144549;1;2020-08-06;71444
2020-08-04;"Banskobystrický kraj";3;0;0;0;NA;144549;3;2020-08-04;71443
2020-08-01;"Banskobystrický kraj";1;0;0;0;NA;144549;1;2020-08-01;71440
2020-07-31;"Banskobystrický kraj";2;0;0;0;NA;144549;2;2020-07-31;71439
2020-07-30;"Banskobystrický kraj";1;0;0;0;NA;144549;1;2020-07-30;71437
2020-07-28;"Banskobystrický kraj";2;0;0;0;NA;144549;2;2020-07-28;71436
2020-07-27;"Banskobystrický kraj";3;0;0;0;NA;144549;3;2020-07-27;71434
2020-07-24;"Banskobystrický kraj";9;0;0;0;NA;144549;9;2020-07-24;71431
2020-07-22;"Banskobystrický kraj";3;0;0;0;NA;144549;3;2020-07-22;71422
2020-07-21;"Banskobystrický kraj";3;0;0;0;NA;144549;3;2020-07-21;71419
2020-07-20;"Banskobystrický kraj";1;0;0;0;NA;144549;1;2020-07-20;71416
2020-07-19;"Banskobystrický kraj";1;0;0;0;NA;144549;1;2020-07-19;71415
2020-07-17;"Banskobystrický kraj";2;0;0;0;NA;144549;2;2020-07-17;71414
2020-07-16;"Banskobystrický kraj";1;0;0;0;NA;144549;1;2020-07-16;71412
2020-07-15;"Banskobystrický kraj";4;0;0;0;NA;144549;4;2020-07-15;71411
2020-07-14;"Banskobystrický kraj";2;0;0;0;NA;144549;2;2020-07-14;71407
2020-07-13;"Banskobystrický kraj";1;0;0;0;NA;144549;1;2020-07-13;71405
2020-07-10;"Banskobystrický kraj";3;0;0;0;NA;144549;3;2020-07-10;71404
2020-07-09;"Banskobystrický kraj";9;0;0;0;NA;144549;9;2020-07-09;71401
2020-07-07;"Banskobystrický kraj";4;0;0;0;NA;144549;4;2020-07-07;71392
2020-07-04;"Banskobystrický kraj";1;0;0;0;NA;144549;1;2020-07-04;71388
2020-07-03;"Banskobystrický kraj";4;0;0;0;NA;144549;4;2020-07-03;71387
2020-07-01;"Banskobystrický kraj";1;0;0;0;NA;144549;1;2020-07-01;71383
2020-06-25;"Banskobystrický kraj";1;0;0;0;NA;144549;1;2020-06-25;71382
2020-06-23;"Banskobystrický kraj";6;0;0;0;NA;144549;6;2020-06-23;71381
2020-06-19;"Banskobystrický kraj";2;0;0;0;NA;144549;2;2020-06-19;71375
2020-06-18;"Banskobystrický kraj";10;0;0;0;NA;144549;10;2020-06-18;71373
2020-06-17;"Banskobystrický kraj";1;0;0;0;NA;144549;1;2020-06-17;71363
2020-06-14;"Banskobystrický kraj";2;0;0;0;NA;144549;2;2020-06-14;71362
2020-06-13;"Banskobystrický kraj";2;0;0;0;NA;144549;2;2020-06-13;71360
2020-06-11;"Banskobystrický kraj";1;0;0;0;NA;144549;1;2020-06-11;71358
2020-06-05;"Banskobystrický kraj";2;0;0;0;NA;144549;2;2020-06-05;71357
2020-05-27;"Banskobystrický kraj";1;0;0;0;NA;144549;1;2020-05-27;71355
2020-05-23;"Banskobystrický kraj";1;0;0;0;NA;144549;1;2020-05-23;71354
2020-05-20;"Banskobystrický kraj";1;0;0;0;NA;144549;1;2020-05-20;71353
2020-05-12;"Banskobystrický kraj";1;0;0;0;NA;144549;1;2020-05-12;71352
2020-05-07;"Banskobystrický kraj";2;0;0;0;NA;144549;2;2020-05-07;71351
2020-05-06;"Banskobystrický kraj";1;0;0;0;NA;144549;1;2020-05-06;71349
2020-05-05;"Banskobystrický kraj";2;0;0;0;NA;144549;2;2020-05-05;71348
2020-04-30;"Banskobystrický kraj";1;0;0;0;NA;144549;1;2020-04-30;71346
2020-04-29;"Banskobystrický kraj";1;0;0;0;NA;144549;1;2020-04-29;71345
2020-04-25;"Banskobystrický kraj";2;0;0;0;NA;144549;2;2020-04-25;71344
2020-04-24;"Banskobystrický kraj";3;0;0;0;NA;144549;3;2020-04-24;71342
2020-04-23;"Banskobystrický kraj";2;0;0;0;NA;144549;2;2020-04-23;71339
2020-04-22;"Banskobystrický kraj";2;0;0;0;NA;144549;2;2020-04-22;71337
2020-04-21;"Banskobystrický kraj";2;0;0;0;NA;144549;2;2020-04-21;71335
2020-04-18;"Banskobystrický kraj";8;0;0;0;NA;144549;8;2020-04-18;71333
2020-04-17;"Banskobystrický kraj";2;0;0;0;NA;144549;2;2020-04-17;71325
2020-04-15;"Banskobystrický kraj";10;0;0;0;NA;144549;10;2020-04-15;71323
2020-04-13;"Banskobystrický kraj";2;0;0;0;NA;144549;2;2020-04-13;71313
2020-04-12;"Banskobystrický kraj";4;0;0;0;NA;144549;4;2020-04-12;71311
2020-04-11;"Banskobystrický kraj";1;0;0;0;NA;144549;1;2020-04-11;71307
2020-04-09;"Banskobystrický kraj";2;0;0;0;NA;144549;2;2020-04-09;71306
2020-04-07;"Banskobystrický kraj";4;0;0;0;NA;144549;4;2020-04-07;71304
2020-04-06;"Banskobystrický kraj";10;0;0;0;NA;144549;10;2020-04-06;71300
2020-04-05;"Banskobystrický kraj";9;0;0;0;NA;144549;9;2020-04-05;71290
2020-04-03;"Banskobystrický kraj";2;0;0;0;NA;144549;2;2020-04-03;71281
2020-04-02;"Banskobystrický kraj";2;0;0;0;NA;144549;2;2020-04-02;71279
2020-04-01;"Banskobystrický kraj";5;0;0;0;NA;144549;5;2020-04-01;71277
2020-03-31;"Banskobystrický kraj";3;0;0;0;NA;144549;3;2020-03-31;71272
2020-03-30;"Banskobystrický kraj";1;0;0;0;NA;144549;1;2020-03-30;71269
2020-03-29;"Banskobystrický kraj";2;0;0;0;NA;144549;2;2020-03-29;71268
2020-03-28;"Banskobystrický kraj";1;0;0;0;NA;144549;1;2020-03-28;71266
2020-03-27;"Banskobystrický kraj";1;0;0;0;NA;144549;1;2020-03-27;71265
2020-03-26;"Banskobystrický kraj";1;0;0;0;NA;144549;1;2020-03-26;71264
2020-03-24;"Banskobystrický kraj";1;0;0;0;NA;144549;1;2020-03-24;71263
2020-03-23;"Banskobystrický kraj";1;0;0;0;NA;144549;1;2020-03-23;71262
2020-03-21;"Banskobystrický kraj";3;0;0;0;NA;144549;3;2020-03-21;71261
2020-03-19;"Banskobystrický kraj";2;0;0;0;NA;144549;2;2020-03-19;71258
2020-03-18;"Banskobystrický kraj";1;0;0;0;NA;144549;1;2020-03-18;71256
2020-03-17;"Banskobystrický kraj";1;0;0;0;NA;144549;1;2020-03-17;71255
2020-03-15;"Banskobystrický kraj";1;0;0;0;NA;144549;1;2020-03-15;71254
2020-03-13;"Banskobystrický kraj";1;0;0;0;NA;144549;1;2020-03-13;71253
2021-03-28;"Bratislavský kraj";59;37364;98;37462;41710;83125;157;2021-03-28;83125
2021-03-27;"Bratislavský kraj";53;51028;153;51181;NA;83125;206;2021-03-27;82968
2021-03-26;"Bratislavský kraj";114;45437;161;45598;NA;83125;275;2021-03-26;82762
2021-03-25;"Bratislavský kraj";76;32566;160;32726;NA;83125;236;2021-03-25;82487
2021-03-24;"Bratislavský kraj";120;27430;183;27613;NA;83125;303;2021-03-24;82251
2021-03-23;"Bratislavský kraj";138;34087;181;34268;NA;83125;319;2021-03-23;81948
2021-03-22;"Bratislavský kraj";110;40909;203;41112;NA;83125;313;2021-03-22;81629
2021-03-21;"Bratislavský kraj";54;61298;211;61509;NA;83125;265;2021-03-21;81316
2021-03-20;"Bratislavský kraj";59;68737;209;68946;NA;83125;268;2021-03-20;81051
2021-03-19;"Bratislavský kraj";139;51814;246;52060;NA;83125;385;2021-03-19;80783
2021-03-18;"Bratislavský kraj";142;32531;182;32713;NA;83125;324;2021-03-18;80398
2021-03-17;"Bratislavský kraj";177;28992;199;29191;NA;83125;376;2021-03-17;80074
2021-03-16;"Bratislavský kraj";258;35558;271;35829;NA;83125;529;2021-03-16;79698
2021-03-15;"Bratislavský kraj";180;37186;242;37428;NA;83125;422;2021-03-15;79169
2021-03-14;"Bratislavský kraj";75;51473;268;51741;NA;83125;343;2021-03-14;78747
2021-03-13;"Bratislavský kraj";110;76708;317;77025;NA;83125;427;2021-03-13;78404
2021-03-12;"Bratislavský kraj";152;53314;290;53604;NA;83125;442;2021-03-12;77977
2021-03-11;"Bratislavský kraj";178;32887;262;33149;NA;83125;440;2021-03-11;77535
2021-03-10;"Bratislavský kraj";164;30232;264;30496;NA;83125;428;2021-03-10;77095
2021-03-09;"Bratislavský kraj";242;38678;251;38929;NA;83125;493;2021-03-09;76667
2021-03-08;"Bratislavský kraj";255;40154;338;40492;NA;83125;593;2021-03-08;76174
2021-03-07;"Bratislavský kraj";142;51234;291;51525;NA;83125;433;2021-03-07;75581
2021-03-06;"Bratislavský kraj";79;69782;394;70176;NA;83125;473;2021-03-06;75148
2021-03-05;"Bratislavský kraj";238;50539;301;50840;NA;83125;539;2021-03-05;74675
2021-03-04;"Bratislavský kraj";204;33894;329;34223;NA;83125;533;2021-03-04;74136
2021-03-03;"Bratislavský kraj";250;29681;351;30032;NA;83125;601;2021-03-03;73603
2021-03-02;"Bratislavský kraj";267;39265;390;39655;NA;83125;657;2021-03-02;73002
2021-03-01;"Bratislavský kraj";320;37923;428;38351;NA;83125;748;2021-03-01;72345
2021-02-28;"Bratislavský kraj";184;49969;323;50292;NA;83125;507;2021-02-28;71597
2021-02-27;"Bratislavský kraj";151;77987;464;78451;NA;83125;615;2021-02-27;71090
2021-02-26;"Bratislavský kraj";277;47566;409;47975;NA;83125;686;2021-02-26;70475
2021-02-25;"Bratislavský kraj";277;27924;404;28328;NA;83125;681;2021-02-25;69789
2021-02-24;"Bratislavský kraj";217;27176;427;27603;NA;83125;644;2021-02-24;69108
2021-02-23;"Bratislavský kraj";257;30989;392;31381;NA;83125;649;2021-02-23;68464
2021-02-22;"Bratislavský kraj";353;36311;491;36802;NA;83125;844;2021-02-22;67815
2021-02-21;"Bratislavský kraj";185;49903;376;50279;NA;83125;561;2021-02-21;66971
2021-02-20;"Bratislavský kraj";167;76746;563;77309;NA;83125;730;2021-02-20;66410
2021-02-19;"Bratislavský kraj";280;44959;417;45376;NA;83125;697;2021-02-19;65680
2021-02-18;"Bratislavský kraj";263;26487;379;26866;NA;83125;642;2021-02-18;64983
2021-02-17;"Bratislavský kraj";264;22335;321;22656;NA;83125;585;2021-02-17;64341
2021-02-16;"Bratislavský kraj";289;27522;350;27872;NA;83125;639;2021-02-16;63756
2021-02-15;"Bratislavský kraj";248;36218;387;36605;NA;83125;635;2021-02-15;63117
2021-02-14;"Bratislavský kraj";153;45008;324;45332;NA;83125;477;2021-02-14;62482
2021-02-13;"Bratislavský kraj";173;70114;529;70643;NA;83125;702;2021-02-13;62005
2021-02-12;"Bratislavský kraj";282;35474;332;35806;NA;83125;614;2021-02-12;61303
2021-02-11;"Bratislavský kraj";337;24124;289;24413;NA;83125;626;2021-02-11;60689
2021-02-10;"Bratislavský kraj";314;22750;353;23103;NA;83125;667;2021-02-10;60063
2021-02-09;"Bratislavský kraj";287;35458;438;35896;NA;83125;725;2021-02-09;59396
2021-02-08;"Bratislavský kraj";484;33468;401;33869;NA;83125;885;2021-02-08;58671
2021-02-07;"Bratislavský kraj";243;50382;430;50812;NA;83125;673;2021-02-07;57786
2021-02-06;"Bratislavský kraj";116;65118;530;65648;NA;83125;646;2021-02-06;57113
2021-02-05;"Bratislavský kraj";327;27423;376;27799;NA;83125;703;2021-02-05;56467
2021-02-04;"Bratislavský kraj";555;16331;350;16681;NA;83125;905;2021-02-04;55764
2021-02-03;"Bratislavský kraj";161;12936;370;13306;NA;83125;531;2021-02-03;54859
2021-02-02;"Bratislavský kraj";397;26902;485;27387;NA;83125;882;2021-02-02;54328
2021-02-01;"Bratislavský kraj";221;37667;507;38174;NA;83125;728;2021-02-01;53446
2021-01-31;"Bratislavský kraj";180;35621;425;36046;NA;83125;605;2021-01-31;52718
2021-01-30;"Bratislavský kraj";310;46158;504;46662;NA;83125;814;2021-01-30;52113
2021-01-29;"Bratislavský kraj";344;16341;341;16682;NA;83125;685;2021-01-29;51299
2021-01-28;"Bratislavský kraj";307;10643;301;10944;NA;83125;608;2021-01-28;50614
2021-01-27;"Bratislavský kraj";336;21988;341;22329;NA;83125;677;2021-01-27;50006
2021-01-26;"Bratislavský kraj";297;22068;308;22376;NA;83125;605;2021-01-26;49329
2021-01-25;"Bratislavský kraj";356;22370;248;22618;NA;83125;604;2021-01-25;48724
2021-01-24;"Bratislavský kraj";175;37754;391;38145;NA;83125;566;2021-01-24;48120
2021-01-23;"Bratislavský kraj";396;79317;703;80020;NA;83125;1099;2021-01-23;47554
2021-01-22;"Bratislavský kraj";199;41727;364;42091;NA;83125;563;2021-01-22;46455
2021-01-21;"Bratislavský kraj";255;105639;1317;106956;NA;83125;1572;2021-01-21;45892
2021-01-20;"Bratislavský kraj";360;27082;457;27539;NA;83125;817;2021-01-20;44320
2021-01-19;"Bratislavský kraj";375;13748;339;14087;NA;83125;714;2021-01-19;43503
2021-01-18;"Bratislavský kraj";357;11802;707;12509;NA;83125;1064;2021-01-18;42789
2021-01-17;"Bratislavský kraj";244;426;26;452;NA;83125;270;2021-01-17;41725
2021-01-16;"Bratislavský kraj";70;2908;156;3064;NA;83125;226;2021-01-16;41455
2021-01-15;"Bratislavský kraj";251;7744;256;8000;NA;83125;507;2021-01-15;41229
2021-01-14;"Bratislavský kraj";363;8316;273;8589;NA;83125;636;2021-01-14;40722
2021-01-13;"Bratislavský kraj";336;8040;329;8369;NA;83125;665;2021-01-13;40086
2021-01-12;"Bratislavský kraj";450;9644;464;10108;NA;83125;914;2021-01-12;39421
2021-01-11;"Bratislavský kraj";397;19215;380;19595;NA;83125;777;2021-01-11;38507
2021-01-10;"Bratislavský kraj";252;1352;79;1431;NA;83125;331;2021-01-10;37730
2021-01-09;"Bratislavský kraj";351;4946;291;5237;NA;83125;642;2021-01-09;37399
2021-01-08;"Bratislavský kraj";556;9880;436;10316;NA;83125;992;2021-01-08;36757
2021-01-07;"Bratislavský kraj";537;7161;412;7573;NA;83125;949;2021-01-07;35765
2021-01-06;"Bratislavský kraj";271;3075;216;3291;NA;83125;487;2021-01-06;34816
2021-01-05;"Bratislavský kraj";619;10730;844;11574;NA;83125;1463;2021-01-05;34329
2021-01-04;"Bratislavský kraj";601;7381;606;7987;NA;83125;1207;2021-01-04;32866
2021-01-03;"Bratislavský kraj";77;394;41;435;NA;83125;118;2021-01-03;31659
2021-01-02;"Bratislavský kraj";185;384;57;441;NA;83125;242;2021-01-02;31541
2021-01-01;"Bratislavský kraj";235;3210;131;3341;NA;83125;366;2021-01-01;31299
2020-12-31;"Bratislavský kraj";925;14638;589;15227;NA;83125;1514;2020-12-31;30933
2020-12-30;"Bratislavský kraj";650;9327;528;9855;NA;83125;1178;2020-12-30;29419
2020-12-29;"Bratislavský kraj";303;10365;776;11141;NA;83125;1079;2020-12-29;28241
2020-12-28;"Bratislavský kraj";255;7687;560;8247;NA;83125;815;2020-12-28;27162
2020-12-27;"Bratislavský kraj";160;659;76;735;NA;83125;236;2020-12-27;26347
2020-12-26;"Bratislavský kraj";75;426;27;453;NA;83125;102;2020-12-26;26111
2020-12-25;"Bratislavský kraj";114;460;38;498;NA;83125;152;2020-12-25;26009
2020-12-24;"Bratislavský kraj";536;3381;102;3483;NA;83125;638;2020-12-24;25857
2020-12-23;"Bratislavský kraj";416;13159;500;13659;NA;83125;916;2020-12-23;25219
2020-12-22;"Bratislavský kraj";327;15248;772;16020;NA;83125;1099;2020-12-22;24303
2020-12-21;"Bratislavský kraj";392;14970;2007;16977;NA;83125;2399;2020-12-21;23204
2020-12-20;"Bratislavský kraj";180;643;54;697;NA;83125;234;2020-12-20;20805
2020-12-19;"Bratislavský kraj";396;3164;130;3294;NA;83125;526;2020-12-19;20571
2020-12-18;"Bratislavský kraj";306;10672;401;11073;NA;83125;707;2020-12-18;20045
2020-12-17;"Bratislavský kraj";502;10217;412;10629;NA;83125;914;2020-12-17;19338
2020-12-16;"Bratislavský kraj";282;10546;452;10998;NA;83125;734;2020-12-16;18424
2020-12-15;"Bratislavský kraj";423;10741;479;11220;NA;83125;902;2020-12-15;17690
2020-12-14;"Bratislavský kraj";279;6526;293;6819;NA;83125;572;2020-12-14;16788
2020-12-13;"Bratislavský kraj";125;123;10;133;NA;83125;135;2020-12-13;16216
2020-12-12;"Bratislavský kraj";361;3863;157;4020;NA;83125;518;2020-12-12;16081
2020-12-11;"Bratislavský kraj";326;7203;289;7492;NA;83125;615;2020-12-11;15563
2020-12-10;"Bratislavský kraj";286;5104;209;5313;NA;83125;495;2020-12-10;14948
2020-12-09;"Bratislavský kraj";382;4712;178;4890;NA;83125;560;2020-12-09;14453
2020-12-08;"Bratislavský kraj";234;5793;207;6000;NA;83125;441;2020-12-08;13893
2020-12-07;"Bratislavský kraj";272;4078;152;4230;NA;83125;424;2020-12-07;13452
2020-12-06;"Bratislavský kraj";61;1586;52;1638;NA;83125;113;2020-12-06;13028
2020-12-05;"Bratislavský kraj";266;2148;41;2189;NA;83125;307;2020-12-05;12915
2020-12-04;"Bratislavský kraj";200;4789;99;4888;NA;83125;299;2020-12-04;12608
2020-12-03;"Bratislavský kraj";213;5071;95;5166;NA;83125;308;2020-12-03;12309
2020-12-02;"Bratislavský kraj";205;2831;95;2926;NA;83125;300;2020-12-02;12001
2020-12-01;"Bratislavský kraj";255;3943;204;4147;NA;83125;459;2020-12-01;11701
2020-11-30;"Bratislavský kraj";152;2153;121;2274;NA;83125;273;2020-11-30;11242
2020-11-29;"Bratislavský kraj";52;7;3;10;NA;83125;55;2020-11-29;10969
2020-11-28;"Bratislavský kraj";232;1509;18;1527;NA;83125;250;2020-11-28;10914
2020-11-27;"Bratislavský kraj";54;1198;29;1227;NA;83125;83;2020-11-27;10664
2020-11-26;"Bratislavský kraj";129;1114;25;1139;NA;83125;154;2020-11-26;10581
2020-11-25;"Bratislavský kraj";140;1133;31;1164;NA;83125;171;2020-11-25;10427
2020-11-24;"Bratislavský kraj";81;2988;67;3055;NA;83125;148;2020-11-24;10256
2020-11-23;"Bratislavský kraj";67;405;13;418;NA;83125;80;2020-11-23;10108
2020-11-22;"Bratislavský kraj";36;81;7;88;NA;83125;43;2020-11-22;10028
2020-11-21;"Bratislavský kraj";109;2126;47;2173;NA;83125;156;2020-11-21;9985
2020-11-20;"Bratislavský kraj";118;2869;48;2917;NA;83125;166;2020-11-20;9829
2020-11-19;"Bratislavský kraj";173;987;29;1016;NA;83125;202;2020-11-19;9663
2020-11-18;"Bratislavský kraj";118;616;75;691;NA;83125;193;2020-11-18;9461
2020-11-17;"Bratislavský kraj";108;928;23;951;NA;83125;131;2020-11-17;9268
2020-11-16;"Bratislavský kraj";82;651;9;660;NA;83125;91;2020-11-16;9137
2020-11-15;"Bratislavský kraj";47;236;0;236;NA;83125;47;2020-11-15;9046
2020-11-14;"Bratislavský kraj";53;1834;15;1849;NA;83125;68;2020-11-14;8999
2020-11-13;"Bratislavský kraj";94;2096;21;2117;NA;83125;115;2020-11-13;8931
2020-11-12;"Bratislavský kraj";141;1727;6;1733;NA;83125;147;2020-11-12;8816
2020-11-11;"Bratislavský kraj";159;1429;12;1441;NA;83125;171;2020-11-11;8669
2020-11-10;"Bratislavský kraj";136;805;14;819;NA;83125;150;2020-11-10;8498
2020-11-09;"Bratislavský kraj";70;466;1;467;NA;83125;71;2020-11-09;8348
2020-11-08;"Bratislavský kraj";82;869;6;875;NA;83125;88;2020-11-08;8277
2020-11-07;"Bratislavský kraj";88;4039;17;4056;NA;83125;105;2020-11-07;8189
2020-11-06;"Bratislavský kraj";281;6441;25;6466;NA;83125;306;2020-11-06;8084
2020-11-05;"Bratislavský kraj";175;476;11;487;NA;83125;186;2020-11-05;7778
2020-11-04;"Bratislavský kraj";65;411;10;421;NA;83125;75;2020-11-04;7592
2020-11-03;"Bratislavský kraj";251;944;5;949;NA;83125;256;2020-11-03;7517
2020-11-02;"Bratislavský kraj";202;3365;22;3387;NA;83125;224;2020-11-02;7261
2020-11-01;"Bratislavský kraj";227;8694;39;8733;NA;83125;266;2020-11-01;7037
2020-10-31;"Bratislavský kraj";173;22407;123;22530;NA;83125;296;2020-10-31;6771
2020-10-30;"Bratislavský kraj";158;17350;138;17488;NA;83125;296;2020-10-30;6475
2020-10-29;"Bratislavský kraj";262;116;4;120;NA;83125;266;2020-10-29;6179
2020-10-28;"Bratislavský kraj";220;260;15;275;NA;83125;235;2020-10-28;5913
2020-10-27;"Bratislavský kraj";256;145;4;149;NA;83125;260;2020-10-27;5678
2020-10-26;"Bratislavský kraj";123;229;11;240;NA;83125;134;2020-10-26;5418
2020-10-25;"Bratislavský kraj";152;33;2;35;NA;83125;154;2020-10-25;5284
2020-10-24;"Bratislavský kraj";170;221;6;227;NA;83125;176;2020-10-24;5130
2020-10-23;"Bratislavský kraj";151;144;8;152;NA;83125;159;2020-10-23;4954
2020-10-22;"Bratislavský kraj";192;204;15;219;NA;83125;207;2020-10-22;4795
2020-10-21;"Bratislavský kraj";66;90;6;96;NA;83125;72;2020-10-21;4588
2020-10-20;"Bratislavský kraj";183;97;4;101;NA;83125;187;2020-10-20;4516
2020-10-19;"Bratislavský kraj";148;80;3;83;NA;83125;151;2020-10-19;4329
2020-10-18;"Bratislavský kraj";75;92;0;92;NA;83125;75;2020-10-18;4178
2020-10-17;"Bratislavský kraj";136;0;0;0;NA;83125;136;2020-10-17;4103
2020-10-16;"Bratislavský kraj";103;14;1;15;NA;83125;104;2020-10-16;3967
2020-10-15;"Bratislavský kraj";135;6;1;7;NA;83125;136;2020-10-15;3863
2020-10-14;"Bratislavský kraj";127;4;0;4;NA;83125;127;2020-10-14;3727
2020-10-13;"Bratislavský kraj";86;108;8;116;NA;83125;94;2020-10-13;3600
2020-10-12;"Bratislavský kraj";46;0;0;0;NA;83125;46;2020-10-12;3506
2020-10-11;"Bratislavský kraj";80;0;0;0;NA;83125;80;2020-10-11;3460
2020-10-10;"Bratislavský kraj";55;0;0;0;NA;83125;55;2020-10-10;3380
2020-10-09;"Bratislavský kraj";148;0;0;0;NA;83125;148;2020-10-09;3325
2020-10-08;"Bratislavský kraj";100;0;0;0;NA;83125;100;2020-10-08;3177
2020-10-07;"Bratislavský kraj";107;0;0;0;NA;83125;107;2020-10-07;3077
2020-10-06;"Bratislavský kraj";108;0;0;0;NA;83125;108;2020-10-06;2970
2020-10-05;"Bratislavský kraj";30;0;0;0;NA;83125;30;2020-10-05;2862
2020-10-04;"Bratislavský kraj";49;0;0;0;NA;83125;49;2020-10-04;2832
2020-10-03;"Bratislavský kraj";82;0;0;0;NA;83125;82;2020-10-03;2783
2020-10-02;"Bratislavský kraj";101;0;0;0;NA;83125;101;2020-10-02;2701
2020-10-01;"Bratislavský kraj";72;0;0;0;NA;83125;72;2020-10-01;2600
2020-09-30;"Bratislavský kraj";91;0;0;0;NA;83125;91;2020-09-30;2528
2020-09-29;"Bratislavský kraj";74;0;0;0;NA;83125;74;2020-09-29;2437
2020-09-28;"Bratislavský kraj";29;0;0;0;NA;83125;29;2020-09-28;2363
2020-09-27;"Bratislavský kraj";48;0;0;0;NA;83125;48;2020-09-27;2334
2020-09-26;"Bratislavský kraj";86;0;0;0;NA;83125;86;2020-09-26;2286
2020-09-25;"Bratislavský kraj";97;0;0;0;NA;83125;97;2020-09-25;2200
2020-09-24;"Bratislavský kraj";73;0;0;0;NA;83125;73;2020-09-24;2103
2020-09-23;"Bratislavský kraj";55;0;0;0;NA;83125;55;2020-09-23;2030
2020-09-22;"Bratislavský kraj";81;0;0;0;NA;83125;81;2020-09-22;1975
2020-09-21;"Bratislavský kraj";32;0;0;0;NA;83125;32;2020-09-21;1894
2020-09-20;"Bratislavský kraj";25;0;0;0;NA;83125;25;2020-09-20;1862
2020-09-19;"Bratislavský kraj";59;0;0;0;NA;83125;59;2020-09-19;1837
2020-09-18;"Bratislavský kraj";42;0;0;0;NA;83125;42;2020-09-18;1778
2020-09-17;"Bratislavský kraj";52;0;0;0;NA;83125;52;2020-09-17;1736
2020-09-16;"Bratislavský kraj";32;0;0;0;NA;83125;32;2020-09-16;1684
2020-09-15;"Bratislavský kraj";26;0;0;0;NA;83125;26;2020-09-15;1652
2020-09-14;"Bratislavský kraj";24;0;0;0;NA;83125;24;2020-09-14;1626
2020-09-13;"Bratislavský kraj";11;0;0;0;NA;83125;11;2020-09-13;1602
2020-09-12;"Bratislavský kraj";24;0;0;0;NA;83125;24;2020-09-12;1591
2020-09-11;"Bratislavský kraj";50;0;0;0;NA;83125;50;2020-09-11;1567
2020-09-10;"Bratislavský kraj";47;0;0;0;NA;83125;47;2020-09-10;1517
2020-09-09;"Bratislavský kraj";40;0;0;0;NA;83125;40;2020-09-09;1470
2020-09-08;"Bratislavský kraj";58;0;0;0;NA;83125;58;2020-09-08;1430
2020-09-07;"Bratislavský kraj";39;0;0;0;NA;83125;39;2020-09-07;1372
2020-09-06;"Bratislavský kraj";11;0;0;0;NA;83125;11;2020-09-06;1333
2020-09-05;"Bratislavský kraj";37;0;0;0;NA;83125;37;2020-09-05;1322
2020-09-04;"Bratislavský kraj";87;0;0;0;NA;83125;87;2020-09-04;1285
2020-09-03;"Bratislavský kraj";51;0;0;0;NA;83125;51;2020-09-03;1198
2020-09-02;"Bratislavský kraj";50;0;0;0;NA;83125;50;2020-09-02;1147
2020-09-01;"Bratislavský kraj";16;0;0;0;NA;83125;16;2020-09-01;1097
2020-08-31;"Bratislavský kraj";19;0;0;0;NA;83125;19;2020-08-31;1081
2020-08-30;"Bratislavský kraj";9;0;0;0;NA;83125;9;2020-08-30;1062
2020-08-29;"Bratislavský kraj";12;0;0;0;NA;83125;12;2020-08-29;1053
2020-08-28;"Bratislavský kraj";35;0;0;0;NA;83125;35;2020-08-28;1041
2020-08-27;"Bratislavský kraj";33;0;0;0;NA;83125;33;2020-08-27;1006
2020-08-26;"Bratislavský kraj";27;0;0;0;NA;83125;27;2020-08-26;973
2020-08-25;"Bratislavský kraj";29;0;0;0;NA;83125;29;2020-08-25;946
2020-08-24;"Bratislavský kraj";6;0;0;0;NA;83125;6;2020-08-24;917
2020-08-23;"Bratislavský kraj";45;0;0;0;NA;83125;45;2020-08-23;911
2020-08-22;"Bratislavský kraj";13;0;0;0;NA;83125;13;2020-08-22;866
2020-08-21;"Bratislavský kraj";46;0;0;0;NA;83125;46;2020-08-21;853
2020-08-20;"Bratislavský kraj";41;0;0;0;NA;83125;41;2020-08-20;807
2020-08-19;"Bratislavský kraj";27;0;0;0;NA;83125;27;2020-08-19;766
2020-08-18;"Bratislavský kraj";47;0;0;0;NA;83125;47;2020-08-18;739
2020-08-17;"Bratislavský kraj";2;0;0;0;NA;83125;2;2020-08-17;692
2020-08-16;"Bratislavský kraj";3;0;0;0;NA;83125;3;2020-08-16;690
2020-08-15;"Bratislavský kraj";18;0;0;0;NA;83125;18;2020-08-15;687
2020-08-14;"Bratislavský kraj";16;0;0;0;NA;83125;16;2020-08-14;669
2020-08-13;"Bratislavský kraj";12;0;0;0;NA;83125;12;2020-08-13;653
2020-08-12;"Bratislavský kraj";10;0;0;0;NA;83125;10;2020-08-12;641
2020-08-11;"Bratislavský kraj";23;0;0;0;NA;83125;23;2020-08-11;631
2020-08-10;"Bratislavský kraj";2;0;0;0;NA;83125;2;2020-08-10;608
2020-08-09;"Bratislavský kraj";2;0;0;0;NA;83125;2;2020-08-09;606
2020-08-08;"Bratislavský kraj";1;0;0;0;NA;83125;1;2020-08-08;604
2020-08-07;"Bratislavský kraj";9;0;0;0;NA;83125;9;2020-08-07;603
2020-08-06;"Bratislavský kraj";15;0;0;0;NA;83125;15;2020-08-06;594
2020-08-05;"Bratislavský kraj";11;0;0;0;NA;83125;11;2020-08-05;579
2020-08-04;"Bratislavský kraj";21;0;0;0;NA;83125;21;2020-08-04;568
2020-08-03;"Bratislavský kraj";7;0;0;0;NA;83125;7;2020-08-03;547
2020-07-31;"Bratislavský kraj";14;0;0;0;NA;83125;14;2020-07-31;540
2020-07-30;"Bratislavský kraj";6;0;0;0;NA;83125;6;2020-07-30;526
2020-07-29;"Bratislavský kraj";7;0;0;0;NA;83125;7;2020-07-29;520
2020-07-28;"Bratislavský kraj";14;0;0;0;NA;83125;14;2020-07-28;513
2020-07-27;"Bratislavský kraj";3;0;0;0;NA;83125;3;2020-07-27;499
2020-07-25;"Bratislavský kraj";8;0;0;0;NA;83125;8;2020-07-25;496
2020-07-24;"Bratislavský kraj";2;0;0;0;NA;83125;2;2020-07-24;488
2020-07-23;"Bratislavský kraj";8;0;0;0;NA;83125;8;2020-07-23;486
2020-07-22;"Bratislavský kraj";11;0;0;0;NA;83125;11;2020-07-22;478
2020-07-21;"Bratislavský kraj";8;0;0;0;NA;83125;8;2020-07-21;467
2020-07-20;"Bratislavský kraj";12;0;0;0;NA;83125;12;2020-07-20;459
2020-07-18;"Bratislavský kraj";2;0;0;0;NA;83125;2;2020-07-18;447
2020-07-17;"Bratislavský kraj";2;0;0;0;NA;83125;2;2020-07-17;445
2020-07-16;"Bratislavský kraj";6;0;0;0;NA;83125;6;2020-07-16;443
2020-07-15;"Bratislavský kraj";3;0;0;0;NA;83125;3;2020-07-15;437
2020-07-14;"Bratislavský kraj";2;0;0;0;NA;83125;2;2020-07-14;434
2020-07-13;"Bratislavský kraj";2;0;0;0;NA;83125;2;2020-07-13;432
2020-07-10;"Bratislavský kraj";8;0;0;0;NA;83125;8;2020-07-10;430
2020-07-09;"Bratislavský kraj";2;0;0;0;NA;83125;2;2020-07-09;422
2020-07-08;"Bratislavský kraj";11;0;0;0;NA;83125;11;2020-07-08;420
2020-07-07;"Bratislavský kraj";5;0;0;0;NA;83125;5;2020-07-07;409
2020-07-06;"Bratislavský kraj";1;0;0;0;NA;83125;1;2020-07-06;404
2020-07-04;"Bratislavský kraj";3;0;0;0;NA;83125;3;2020-07-04;403
2020-07-03;"Bratislavský kraj";1;0;0;0;NA;83125;1;2020-07-03;400
2020-07-01;"Bratislavský kraj";7;0;0;0;NA;83125;7;2020-07-01;399
2020-06-30;"Bratislavský kraj";3;0;0;0;NA;83125;3;2020-06-30;392
2020-06-29;"Bratislavský kraj";1;0;0;0;NA;83125;1;2020-06-29;389
2020-06-27;"Bratislavský kraj";1;0;0;0;NA;83125;1;2020-06-27;388
2020-06-26;"Bratislavský kraj";6;0;0;0;NA;83125;6;2020-06-26;387
2020-06-24;"Bratislavský kraj";3;0;0;0;NA;83125;3;2020-06-24;381
2020-06-22;"Bratislavský kraj";1;0;0;0;NA;83125;1;2020-06-22;378
2020-06-19;"Bratislavský kraj";3;0;0;0;NA;83125;3;2020-06-19;377
2020-06-14;"Bratislavský kraj";2;0;0;0;NA;83125;2;2020-06-14;374
2020-06-13;"Bratislavský kraj";1;0;0;0;NA;83125;1;2020-06-13;372
2020-06-12;"Bratislavský kraj";2;0;0;0;NA;83125;2;2020-06-12;371
2020-06-08;"Bratislavský kraj";1;0;0;0;NA;83125;1;2020-06-08;369
2020-06-03;"Bratislavský kraj";1;0;0;0;NA;83125;1;2020-06-03;368
2020-05-27;"Bratislavský kraj";1;0;0;0;NA;83125;1;2020-05-27;367
2020-05-23;"Bratislavský kraj";2;0;0;0;NA;83125;2;2020-05-23;366
2020-05-12;"Bratislavský kraj";2;0;0;0;NA;83125;2;2020-05-12;364
2020-05-07;"Bratislavský kraj";1;0;0;0;NA;83125;1;2020-05-07;362
2020-05-06;"Bratislavský kraj";3;0;0;0;NA;83125;3;2020-05-06;361
2020-05-03;"Bratislavský kraj";2;0;0;0;NA;83125;2;2020-05-03;358
2020-04-30;"Bratislavský kraj";5;0;0;0;NA;83125;5;2020-04-30;356
2020-04-28;"Bratislavský kraj";2;0;0;0;NA;83125;2;2020-04-28;351
2020-04-26;"Bratislavský kraj";1;0;0;0;NA;83125;1;2020-04-26;349
2020-04-24;"Bratislavský kraj";2;0;0;0;NA;83125;2;2020-04-24;348
2020-04-23;"Bratislavský kraj";6;0;0;0;NA;83125;6;2020-04-23;346
2020-04-22;"Bratislavský kraj";11;0;0;0;NA;83125;11;2020-04-22;340
2020-04-21;"Bratislavský kraj";4;0;0;0;NA;83125;4;2020-04-21;329
2020-04-19;"Bratislavský kraj";4;0;0;0;NA;83125;4;2020-04-19;325
2020-04-18;"Bratislavský kraj";5;0;0;0;NA;83125;5;2020-04-18;321
2020-04-17;"Bratislavský kraj";6;0;0;0;NA;83125;6;2020-04-17;316
2020-04-16;"Bratislavský kraj";15;0;0;0;NA;83125;15;2020-04-16;310
2020-04-15;"Bratislavský kraj";11;0;0;0;NA;83125;11;2020-04-15;295
2020-04-14;"Bratislavský kraj";19;0;0;0;NA;83125;19;2020-04-14;284
2020-04-13;"Bratislavský kraj";53;0;0;0;NA;83125;53;2020-04-13;265
2020-04-12;"Bratislavský kraj";3;0;0;0;NA;83125;3;2020-04-12;212
2020-04-11;"Bratislavský kraj";1;0;0;0;NA;83125;1;2020-04-11;209
2020-04-10;"Bratislavský kraj";8;0;0;0;NA;83125;8;2020-04-10;208
2020-04-09;"Bratislavský kraj";3;0;0;0;NA;83125;3;2020-04-09;200
2020-04-08;"Bratislavský kraj";3;0;0;0;NA;83125;3;2020-04-08;197
2020-04-07;"Bratislavský kraj";24;0;0;0;NA;83125;24;2020-04-07;194
2020-04-06;"Bratislavský kraj";5;0;0;0;NA;83125;5;2020-04-06;170
2020-04-05;"Bratislavský kraj";6;0;0;0;NA;83125;6;2020-04-05;165
2020-04-04;"Bratislavský kraj";2;0;0;0;NA;83125;2;2020-04-04;159
2020-04-03;"Bratislavský kraj";1;0;0;0;NA;83125;1;2020-04-03;157
2020-04-02;"Bratislavský kraj";2;0;0;0;NA;83125;2;2020-04-02;156
2020-04-01;"Bratislavský kraj";5;0;0;0;NA;83125;5;2020-04-01;154
2020-03-31;"Bratislavský kraj";19;0;0;0;NA;83125;19;2020-03-31;149
2020-03-30;"Bratislavský kraj";6;0;0;0;NA;83125;6;2020-03-30;130
2020-03-29;"Bratislavský kraj";8;0;0;0;NA;83125;8;2020-03-29;124
2020-03-28;"Bratislavský kraj";4;0;0;0;NA;83125;4;2020-03-28;116
2020-03-27;"Bratislavský kraj";3;0;0;0;NA;83125;3;2020-03-27;112
2020-03-26;"Bratislavský kraj";15;0;0;0;NA;83125;15;2020-03-26;109
2020-03-25;"Bratislavský kraj";1;0;0;0;NA;83125;1;2020-03-25;94
2020-03-24;"Bratislavský kraj";4;0;0;0;NA;83125;4;2020-03-24;93
2020-03-23;"Bratislavský kraj";9;0;0;0;NA;83125;9;2020-03-23;89
2020-03-22;"Bratislavský kraj";2;0;0;0;NA;83125;2;2020-03-22;80
2020-03-21;"Bratislavský kraj";22;0;0;0;NA;83125;22;2020-03-21;78
2020-03-20;"Bratislavský kraj";3;0;0;0;NA;83125;3;2020-03-20;56
2020-03-19;"Bratislavský kraj";4;0;0;0;NA;83125;4;2020-03-19;53
2020-03-18;"Bratislavský kraj";3;0;0;0;NA;83125;3;2020-03-18;49
2020-03-17;"Bratislavský kraj";13;0;0;0;NA;83125;13;2020-03-17;46
2020-03-16;"Bratislavský kraj";1;0;0;0;NA;83125;1;2020-03-16;33
2020-03-15;"Bratislavský kraj";4;0;0;0;NA;83125;4;2020-03-15;32
2020-03-14;"Bratislavský kraj";9;0;0;0;NA;83125;9;2020-03-14;28
2020-03-13;"Bratislavský kraj";2;0;0;0;NA;83125;2;2020-03-13;19
2020-03-12;"Bratislavský kraj";8;0;0;0;NA;83125;8;2020-03-12;17
2020-03-11;"Bratislavský kraj";3;0;0;0;NA;83125;3;2020-03-11;9
2020-03-08;"Bratislavský kraj";2;0;0;0;NA;83125;2;2020-03-08;6
2020-03-07;"Bratislavský kraj";2;0;0;0;NA;83125;2;2020-03-07;4
2020-03-06;"Bratislavský kraj";1;0;0;0;NA;83125;1;2020-03-06;2
2021-03-28;"Košický kraj";39;29017;108;29125;48096;87506;147;2021-03-28;87506
2021-03-27;"Košický kraj";222;79767;215;79982;NA;87506;437;2021-03-27;87359
2021-03-26;"Košický kraj";233;41589;174;41763;NA;87506;407;2021-03-26;86922
2021-03-25;"Košický kraj";133;22165;156;22321;NA;87506;289;2021-03-25;86515
2021-03-24;"Košický kraj";165;19547;149;19696;NA;87506;314;2021-03-24;86226
2021-03-23;"Košický kraj";202;21223;184;21407;NA;87506;386;2021-03-23;85912
2021-03-22;"Košický kraj";169;23784;207;23991;NA;87506;376;2021-03-22;85526
2021-03-21;"Košický kraj";109;40321;146;40467;NA;87506;255;2021-03-21;85150
2021-03-20;"Košický kraj";126;97833;306;98139;NA;87506;432;2021-03-20;84895
2021-03-19;"Košický kraj";205;45522;258;45780;NA;87506;463;2021-03-19;84463
2021-03-18;"Košický kraj";274;23740;211;23951;NA;87506;485;2021-03-18;84000
2021-03-17;"Košický kraj";177;21694;200;21894;NA;87506;377;2021-03-17;83515
2021-03-16;"Košický kraj";386;23441;226;23667;NA;87506;612;2021-03-16;83138
2021-03-15;"Košický kraj";173;24981;276;25257;NA;87506;449;2021-03-15;82526
2021-03-14;"Košický kraj";145;44419;226;44645;NA;87506;371;2021-03-14;82077
2021-03-13;"Košický kraj";146;103379;478;103857;NA;87506;624;2021-03-13;81706
2021-03-12;"Košický kraj";366;47353;316;47669;NA;87506;682;2021-03-12;81082
2021-03-11;"Košický kraj";396;23224;261;23485;NA;87506;657;2021-03-11;80400
2021-03-10;"Košický kraj";121;22094;268;22362;NA;87506;389;2021-03-10;79743
2021-03-09;"Košický kraj";676;24524;301;24825;NA;87506;977;2021-03-09;79354
2021-03-08;"Košický kraj";559;29679;342;30021;NA;87506;901;2021-03-08;78377
2021-03-07;"Košický kraj";45;35061;229;35290;NA;87506;274;2021-03-07;77476
2021-03-06;"Košický kraj";177;105850;537;106387;NA;87506;714;2021-03-06;77202
2021-03-05;"Košický kraj";439;45553;422;45975;NA;87506;861;2021-03-05;76488
2021-03-04;"Košický kraj";417;23862;321;24183;NA;87506;738;2021-03-04;75627
2021-03-03;"Košický kraj";390;23132;297;23429;NA;87506;687;2021-03-03;74889
2021-03-02;"Košický kraj";464;24157;372;24529;NA;87506;836;2021-03-02;74202
2021-03-01;"Košický kraj";389;29980;512;30492;NA;87506;901;2021-03-01;73366
2021-02-28;"Košický kraj";265;37636;288;37924;NA;87506;553;2021-02-28;72465
2021-02-27;"Košický kraj";301;101274;787;102061;NA;87506;1088;2021-02-27;71912
2021-02-26;"Košický kraj";440;45466;492;45958;NA;87506;932;2021-02-26;70824
2021-02-25;"Košický kraj";331;19865;342;20207;NA;87506;673;2021-02-25;69892
2021-02-24;"Košický kraj";263;18815;506;19321;NA;87506;769;2021-02-24;69219
2021-02-23;"Košický kraj";642;21592;341;21933;NA;87506;983;2021-02-23;68450
2021-02-22;"Košický kraj";362;31190;439;31629;NA;87506;801;2021-02-22;67467
2021-02-21;"Košický kraj";170;40104;380;40484;NA;87506;550;2021-02-21;66666
2021-02-20;"Košický kraj";283;92550;770;93320;NA;87506;1053;2021-02-20;66116
2021-02-19;"Košický kraj";507;41792;585;42377;NA;87506;1092;2021-02-19;65063
2021-02-18;"Košický kraj";397;18442;345;18787;NA;87506;742;2021-02-18;63971
2021-02-17;"Košický kraj";322;18448;387;18835;NA;87506;709;2021-02-17;63229
2021-02-16;"Košický kraj";600;22137;463;22600;NA;87506;1063;2021-02-16;62520
2021-02-15;"Košický kraj";216;24866;369;25235;NA;87506;585;2021-02-15;61457
2021-02-14;"Košický kraj";241;56663;524;57187;NA;87506;765;2021-02-14;60872
2021-02-13;"Košický kraj";206;93191;765;93956;NA;87506;971;2021-02-13;60107
2021-02-12;"Košický kraj";448;50169;611;50780;NA;87506;1059;2021-02-12;59136
2021-02-11;"Košický kraj";435;14524;323;14847;NA;87506;758;2021-02-11;58077
2021-02-10;"Košický kraj";360;18475;431;18906;NA;87506;791;2021-02-10;57319
2021-02-09;"Košický kraj";545;24915;464;25379;NA;87506;1009;2021-02-09;56528
2021-02-08;"Košický kraj";237;27337;413;27750;NA;87506;650;2021-02-08;55519
2021-02-07;"Košický kraj";208;56897;612;57509;NA;87506;820;2021-02-07;54869
2021-02-06;"Košický kraj";318;101420;857;102277;NA;87506;1175;2021-02-06;54049
2021-02-05;"Košický kraj";384;43337;499;43836;NA;87506;883;2021-02-05;52874
2021-02-04;"Košický kraj";391;14733;370;15103;NA;87506;761;2021-02-04;51991
2021-02-03;"Košický kraj";296;32746;1111;33857;NA;87506;1407;2021-02-03;51230
2021-02-02;"Košický kraj";473;23465;438;23903;NA;87506;911;2021-02-02;49823
2021-02-01;"Košický kraj";415;19335;321;19656;NA;87506;736;2021-02-01;48912
2021-01-31;"Košický kraj";142;53674;585;54259;NA;87506;727;2021-01-31;48176
2021-01-30;"Košický kraj";320;76985;673;77658;NA;87506;993;2021-01-30;47449
2021-01-29;"Košický kraj";311;37131;456;37587;NA;87506;767;2021-01-29;46456
2021-01-28;"Košický kraj";540;9025;247;9272;NA;87506;787;2021-01-28;45689
2021-01-27;"Košický kraj";265;7484;207;7691;NA;87506;472;2021-01-27;44902
2021-01-26;"Košický kraj";530;14210;245;14455;NA;87506;775;2021-01-26;44430
2021-01-25;"Košický kraj";226;26430;413;26843;NA;87506;639;2021-01-25;43655
2021-01-24;"Košický kraj";150;45108;595;45703;NA;87506;745;2021-01-24;43016
2021-01-23;"Košický kraj";232;82016;843;82859;NA;87506;1075;2021-01-23;42271
2021-01-22;"Košický kraj";316;19997;265;20262;NA;87506;581;2021-01-22;41196
2021-01-21;"Košický kraj";274;14047;158;14205;NA;87506;432;2021-01-21;40615
2021-01-20;"Košický kraj";374;10843;201;11044;NA;87506;575;2021-01-20;40183
2021-01-19;"Košický kraj";248;9853;182;10035;NA;87506;430;2021-01-19;39608
2021-01-18;"Košický kraj";333;5770;212;5982;NA;87506;545;2021-01-18;39178
2021-01-17;"Košický kraj";155;535;14;549;NA;87506;169;2021-01-17;38633
2021-01-16;"Košický kraj";153;1403;47;1450;NA;87506;200;2021-01-16;38464
2021-01-15;"Košický kraj";308;6443;213;6656;NA;87506;521;2021-01-15;38264
2021-01-14;"Košický kraj";358;5471;221;5692;NA;87506;579;2021-01-14;37743
2021-01-13;"Košický kraj";421;4897;226;5123;NA;87506;647;2021-01-13;37164
2021-01-12;"Košický kraj";482;6689;258;6947;NA;87506;740;2021-01-12;36517
2021-01-11;"Košický kraj";309;7945;304;8249;NA;87506;613;2021-01-11;35777
2021-01-10;"Košický kraj";193;134;6;140;NA;87506;199;2021-01-10;35164
2021-01-09;"Košický kraj";469;1134;45;1179;NA;87506;514;2021-01-09;34965
2021-01-08;"Košický kraj";551;8222;388;8610;NA;87506;939;2021-01-08;34451
2021-01-07;"Košický kraj";251;6403;428;6831;NA;87506;679;2021-01-07;33512
2021-01-06;"Košický kraj";442;429;33;462;NA;87506;475;2021-01-06;32833
2021-01-05;"Košický kraj";584;8100;560;8660;NA;87506;1144;2021-01-05;32358
2021-01-04;"Košický kraj";407;7113;737;7850;NA;87506;1144;2021-01-04;31214
2021-01-03;"Košický kraj";118;661;22;683;NA;87506;140;2021-01-03;30070
2021-01-02;"Košický kraj";88;440;52;492;NA;87506;140;2021-01-02;29930
2021-01-01;"Košický kraj";398;725;49;774;NA;87506;447;2021-01-01;29790
2020-12-31;"Košický kraj";625;7877;461;8338;NA;87506;1086;2020-12-31;29343
2020-12-30;"Košický kraj";590;6477;412;6889;NA;87506;1002;2020-12-30;28257
2020-12-29;"Košický kraj";419;7573;605;8178;NA;87506;1024;2020-12-29;27255
2020-12-28;"Košický kraj";356;8296;804;9100;NA;87506;1160;2020-12-28;26231
2020-12-27;"Košický kraj";159;147;16;163;NA;87506;175;2020-12-27;25071
2020-12-26;"Košický kraj";163;274;23;297;NA;87506;186;2020-12-26;24896
2020-12-25;"Košický kraj";237;140;10;150;NA;87506;247;2020-12-25;24710
2020-12-24;"Košický kraj";564;1470;90;1560;NA;87506;654;2020-12-24;24463
2020-12-23;"Košický kraj";304;7942;354;8296;NA;87506;658;2020-12-23;23809
2020-12-22;"Košický kraj";438;7920;459;8379;NA;87506;897;2020-12-22;23151
2020-12-21;"Košický kraj";405;6984;509;7493;NA;87506;914;2020-12-21;22254
2020-12-20;"Košický kraj";215;48;8;56;NA;87506;223;2020-12-20;21340
2020-12-19;"Košický kraj";207;1148;59;1207;NA;87506;266;2020-12-19;21117
2020-12-18;"Košický kraj";310;8484;326;8810;NA;87506;636;2020-12-18;20851
2020-12-17;"Košický kraj";463;5292;255;5547;NA;87506;718;2020-12-17;20215
2020-12-16;"Košický kraj";455;5898;316;6214;NA;87506;771;2020-12-16;19497
2020-12-15;"Košický kraj";319;5086;338;5424;NA;87506;657;2020-12-15;18726
2020-12-14;"Košický kraj";256;2893;239;3132;NA;87506;495;2020-12-14;18069
2020-12-13;"Košický kraj";47;181;2;183;NA;87506;49;2020-12-13;17574
2020-12-12;"Košický kraj";369;1587;118;1705;NA;87506;487;2020-12-12;17525
2020-12-11;"Košický kraj";354;5461;258;5719;NA;87506;612;2020-12-11;17038
2020-12-10;"Košický kraj";283;4064;176;4240;NA;87506;459;2020-12-10;16426
2020-12-09;"Košický kraj";279;3786;166;3952;NA;87506;445;2020-12-09;15967
2020-12-08;"Košický kraj";226;4105;355;4460;NA;87506;581;2020-12-08;15522
2020-12-07;"Košický kraj";270;2111;103;2214;NA;87506;373;2020-12-07;14941
2020-12-06;"Košický kraj";121;97;20;117;NA;87506;141;2020-12-06;14568
2020-12-05;"Košický kraj";90;1096;48;1144;NA;87506;138;2020-12-05;14427
2020-12-04;"Košický kraj";224;2680;82;2762;NA;87506;306;2020-12-04;14289
2020-12-03;"Košický kraj";211;7717;173;7890;NA;87506;384;2020-12-03;13983
2020-12-02;"Košický kraj";193;8132;496;8628;NA;87506;689;2020-12-02;13599
2020-12-01;"Košický kraj";178;2237;124;2361;NA;87506;302;2020-12-01;12910
2020-11-30;"Košický kraj";171;3645;58;3703;NA;87506;229;2020-11-30;12608
2020-11-29;"Košický kraj";31;287;16;303;NA;87506;47;2020-11-29;12379
2020-11-28;"Košický kraj";69;721;52;773;NA;87506;121;2020-11-28;12332
2020-11-27;"Košický kraj";149;2729;74;2803;NA;87506;223;2020-11-27;12211
2020-11-26;"Košický kraj";239;1090;55;1145;NA;87506;294;2020-11-26;11988
2020-11-25;"Košický kraj";237;1664;122;1786;NA;87506;359;2020-11-25;11694
2020-11-24;"Košický kraj";196;1871;64;1935;NA;87506;260;2020-11-24;11335
2020-11-23;"Košický kraj";51;3737;54;3791;NA;87506;105;2020-11-23;11075
2020-11-22;"Košický kraj";57;28;3;31;NA;87506;60;2020-11-22;10970
2020-11-21;"Košický kraj";87;858;36;894;NA;87506;123;2020-11-21;10910
2020-11-20;"Košický kraj";176;2989;45;3034;NA;87506;221;2020-11-20;10787
2020-11-19;"Košický kraj";206;1648;40;1688;NA;87506;246;2020-11-19;10566
2020-11-18;"Košický kraj";122;443;16;459;NA;87506;138;2020-11-18;10320
2020-11-17;"Košický kraj";152;82;9;91;NA;87506;161;2020-11-17;10182
2020-11-16;"Košický kraj";114;531;24;555;NA;87506;138;2020-11-16;10021
2020-11-15;"Košický kraj";15;338;7;345;NA;87506;22;2020-11-15;9883
2020-11-14;"Košický kraj";234;520;12;532;NA;87506;246;2020-11-14;9861
2020-11-13;"Košický kraj";207;664;29;693;NA;87506;236;2020-11-13;9615
2020-11-12;"Košický kraj";192;736;13;749;NA;87506;205;2020-11-12;9379
2020-11-11;"Košický kraj";301;593;7;600;NA;87506;308;2020-11-11;9174
2020-11-10;"Košický kraj";190;541;11;552;NA;87506;201;2020-11-10;8866
2020-11-09;"Košický kraj";129;380;5;385;NA;87506;134;2020-11-09;8665
2020-11-08;"Košický kraj";78;1298;8;1306;NA;87506;86;2020-11-08;8531
2020-11-07;"Košický kraj";192;3909;22;3931;NA;87506;214;2020-11-07;8445
2020-11-06;"Košický kraj";195;5310;34;5344;NA;87506;229;2020-11-06;8231
2020-11-05;"Košický kraj";342;330;31;361;NA;87506;373;2020-11-05;8002
2020-11-04;"Košický kraj";101;154;6;160;NA;87506;107;2020-11-04;7629
2020-11-03;"Košický kraj";358;1122;13;1135;NA;87506;371;2020-11-03;7522
2020-11-02;"Košický kraj";111;4368;51;4419;NA;87506;162;2020-11-02;7151
2020-11-01;"Košický kraj";346;6522;34;6556;NA;87506;380;2020-11-01;6989
2020-10-31;"Košický kraj";82;13810;105;13915;NA;87506;187;2020-10-31;6609
2020-10-30;"Košický kraj";379;2835;27;2862;NA;87506;406;2020-10-30;6422
2020-10-29;"Košický kraj";333;983;13;996;NA;87506;346;2020-10-29;6016
2020-10-28;"Košický kraj";224;305;13;318;NA;87506;237;2020-10-28;5670
2020-10-27;"Košický kraj";386;439;21;460;NA;87506;407;2020-10-27;5433
2020-10-26;"Košický kraj";56;191;7;198;NA;87506;63;2020-10-26;5026
2020-10-25;"Košický kraj";154;79;2;81;NA;87506;156;2020-10-25;4963
2020-10-24;"Košický kraj";313;113;15;128;NA;87506;328;2020-10-24;4807
2020-10-23;"Košický kraj";315;331;8;339;NA;87506;323;2020-10-23;4479
2020-10-22;"Košický kraj";349;530;16;546;NA;87506;365;2020-10-22;4156
2020-10-21;"Košický kraj";129;84;2;86;NA;87506;131;2020-10-21;3791
2020-10-20;"Košický kraj";181;14;1;15;NA;87506;182;2020-10-20;3660
2020-10-19;"Košický kraj";64;10;0;10;NA;87506;64;2020-10-19;3478
2020-10-18;"Košický kraj";158;0;0;0;NA;87506;158;2020-10-18;3414
2020-10-17;"Košický kraj";142;0;0;0;NA;87506;142;2020-10-17;3256
2020-10-16;"Košický kraj";206;19;0;19;NA;87506;206;2020-10-16;3114
2020-10-15;"Košický kraj";177;19;5;24;NA;87506;182;2020-10-15;2908
2020-10-14;"Košický kraj";211;8;0;8;NA;87506;211;2020-10-14;2726
2020-10-13;"Košický kraj";179;80;3;83;NA;87506;182;2020-10-13;2515
2020-10-12;"Košický kraj";74;0;0;0;NA;87506;74;2020-10-12;2333
2020-10-11;"Košický kraj";121;0;0;0;NA;87506;121;2020-10-11;2259
2020-10-10;"Košický kraj";70;0;0;0;NA;87506;70;2020-10-10;2138
2020-10-09;"Košický kraj";188;0;0;0;NA;87506;188;2020-10-09;2068
2020-10-08;"Košický kraj";102;0;0;0;NA;87506;102;2020-10-08;1880
2020-10-07;"Košický kraj";158;0;0;0;NA;87506;158;2020-10-07;1778
2020-10-06;"Košický kraj";70;0;0;0;NA;87506;70;2020-10-06;1620
2020-10-05;"Košický kraj";39;0;0;0;NA;87506;39;2020-10-05;1550
2020-10-04;"Košický kraj";45;0;0;0;NA;87506;45;2020-10-04;1511
2020-10-03;"Košický kraj";105;0;0;0;NA;87506;105;2020-10-03;1466
2020-10-02;"Košický kraj";57;0;0;0;NA;87506;57;2020-10-02;1361
2020-10-01;"Košický kraj";69;0;0;0;NA;87506;69;2020-10-01;1304
2020-09-30;"Košický kraj";95;0;0;0;NA;87506;95;2020-09-30;1235
2020-09-29;"Košický kraj";75;0;0;0;NA;87506;75;2020-09-29;1140
2020-09-28;"Košický kraj";19;0;0;0;NA;87506;19;2020-09-28;1065
2020-09-27;"Košický kraj";21;0;0;0;NA;87506;21;2020-09-27;1046
2020-09-26;"Košický kraj";53;0;0;0;NA;87506;53;2020-09-26;1025
2020-09-25;"Košický kraj";72;0;0;0;NA;87506;72;2020-09-25;972
2020-09-24;"Košický kraj";35;0;0;0;NA;87506;35;2020-09-24;900
2020-09-23;"Košický kraj";23;0;0;0;NA;87506;23;2020-09-23;865
2020-09-22;"Košický kraj";39;0;0;0;NA;87506;39;2020-09-22;842
2020-09-21;"Košický kraj";5;0;0;0;NA;87506;5;2020-09-21;803
2020-09-20;"Košický kraj";3;0;0;0;NA;87506;3;2020-09-20;798
2020-09-19;"Košický kraj";13;0;0;0;NA;87506;13;2020-09-19;795
2020-09-18;"Košický kraj";20;0;0;0;NA;87506;20;2020-09-18;782
2020-09-17;"Košický kraj";22;0;0;0;NA;87506;22;2020-09-17;762
2020-09-16;"Košický kraj";12;0;0;0;NA;87506;12;2020-09-16;740
2020-09-15;"Košický kraj";10;0;0;0;NA;87506;10;2020-09-15;728
2020-09-14;"Košický kraj";6;0;0;0;NA;87506;6;2020-09-14;718
2020-09-13;"Košický kraj";3;0;0;0;NA;87506;3;2020-09-13;712
2020-09-12;"Košický kraj";16;0;0;0;NA;87506;16;2020-09-12;709
2020-09-11;"Košický kraj";20;0;0;0;NA;87506;20;2020-09-11;693
2020-09-10;"Košický kraj";11;0;0;0;NA;87506;11;2020-09-10;673
2020-09-09;"Košický kraj";37;0;0;0;NA;87506;37;2020-09-09;662
2020-09-08;"Košický kraj";10;0;0;0;NA;87506;10;2020-09-08;625
2020-09-07;"Košický kraj";4;0;0;0;NA;87506;4;2020-09-07;615
2020-09-06;"Košický kraj";2;0;0;0;NA;87506;2;2020-09-06;611
2020-09-05;"Košický kraj";10;0;0;0;NA;87506;10;2020-09-05;609
2020-09-04;"Košický kraj";14;0;0;0;NA;87506;14;2020-09-04;599
2020-09-03;"Košický kraj";22;0;0;0;NA;87506;22;2020-09-03;585
2020-09-02;"Košický kraj";13;0;0;0;NA;87506;13;2020-09-02;563
2020-09-01;"Košický kraj";21;0;0;0;NA;87506;21;2020-09-01;550
2020-08-31;"Košický kraj";9;0;0;0;NA;87506;9;2020-08-31;529
2020-08-30;"Košický kraj";21;0;0;0;NA;87506;21;2020-08-30;520
2020-08-29;"Košický kraj";1;0;0;0;NA;87506;1;2020-08-29;499
2020-08-28;"Košický kraj";19;0;0;0;NA;87506;19;2020-08-28;498
2020-08-27;"Košický kraj";15;0;0;0;NA;87506;15;2020-08-27;479
2020-08-26;"Košický kraj";8;0;0;0;NA;87506;8;2020-08-26;464
2020-08-25;"Košický kraj";23;0;0;0;NA;87506;23;2020-08-25;456
2020-08-24;"Košický kraj";6;0;0;0;NA;87506;6;2020-08-24;433
2020-08-23;"Košický kraj";8;0;0;0;NA;87506;8;2020-08-23;427
2020-08-22;"Košický kraj";13;0;0;0;NA;87506;13;2020-08-22;419
2020-08-21;"Košický kraj";10;0;0;0;NA;87506;10;2020-08-21;406
2020-08-20;"Košický kraj";10;0;0;0;NA;87506;10;2020-08-20;396
2020-08-19;"Košický kraj";3;0;0;0;NA;87506;3;2020-08-19;386
2020-08-18;"Košický kraj";7;0;0;0;NA;87506;7;2020-08-18;383
2020-08-17;"Košický kraj";2;0;0;0;NA;87506;2;2020-08-17;376
2020-08-16;"Košický kraj";2;0;0;0;NA;87506;2;2020-08-16;374
2020-08-15;"Košický kraj";3;0;0;0;NA;87506;3;2020-08-15;372
2020-08-14;"Košický kraj";1;0;0;0;NA;87506;1;2020-08-14;369
2020-08-13;"Košický kraj";3;0;0;0;NA;87506;3;2020-08-13;368
2020-08-12;"Košický kraj";12;0;0;0;NA;87506;12;2020-08-12;365
2020-08-11;"Košický kraj";5;0;0;0;NA;87506;5;2020-08-11;353
2020-08-10;"Košický kraj";1;0;0;0;NA;87506;1;2020-08-10;348
2020-08-08;"Košický kraj";5;0;0;0;NA;87506;5;2020-08-08;347
2020-08-07;"Košický kraj";7;0;0;0;NA;87506;7;2020-08-07;342
2020-08-06;"Košický kraj";3;0;0;0;NA;87506;3;2020-08-06;335
2020-08-05;"Košický kraj";4;0;0;0;NA;87506;4;2020-08-05;332
2020-08-04;"Košický kraj";1;0;0;0;NA;87506;1;2020-08-04;328
2020-08-03;"Košický kraj";1;0;0;0;NA;87506;1;2020-08-03;327
2020-07-30;"Košický kraj";2;0;0;0;NA;87506;2;2020-07-30;326
2020-07-29;"Košický kraj";1;0;0;0;NA;87506;1;2020-07-29;324
2020-07-28;"Košický kraj";9;0;0;0;NA;87506;9;2020-07-28;323
2020-07-27;"Košický kraj";4;0;0;0;NA;87506;4;2020-07-27;314
2020-07-25;"Košický kraj";2;0;0;0;NA;87506;2;2020-07-25;310
2020-07-24;"Košický kraj";2;0;0;0;NA;87506;2;2020-07-24;308
2020-07-23;"Košický kraj";1;0;0;0;NA;87506;1;2020-07-23;306
2020-07-22;"Košický kraj";1;0;0;0;NA;87506;1;2020-07-22;305
2020-07-18;"Košický kraj";1;0;0;0;NA;87506;1;2020-07-18;304
2020-07-17;"Košický kraj";1;0;0;0;NA;87506;1;2020-07-17;303
2020-07-15;"Košický kraj";2;0;0;0;NA;87506;2;2020-07-15;302
2020-07-14;"Košický kraj";1;0;0;0;NA;87506;1;2020-07-14;300
2020-07-13;"Košický kraj";1;0;0;0;NA;87506;1;2020-07-13;299
2020-07-10;"Košický kraj";1;0;0;0;NA;87506;1;2020-07-10;298
2020-07-09;"Košický kraj";1;0;0;0;NA;87506;1;2020-07-09;297
2020-07-08;"Košický kraj";12;0;0;0;NA;87506;12;2020-07-08;296
2020-07-03;"Košický kraj";1;0;0;0;NA;87506;1;2020-07-03;284
2020-07-01;"Košický kraj";1;0;0;0;NA;87506;1;2020-07-01;283
2020-06-25;"Košický kraj";3;0;0;0;NA;87506;3;2020-06-25;282
2020-06-24;"Košický kraj";3;0;0;0;NA;87506;3;2020-06-24;279
2020-06-23;"Košický kraj";3;0;0;0;NA;87506;3;2020-06-23;276
2020-06-18;"Košický kraj";1;0;0;0;NA;87506;1;2020-06-18;273
2020-06-16;"Košický kraj";2;0;0;0;NA;87506;2;2020-06-16;272
2020-06-10;"Košický kraj";6;0;0;0;NA;87506;6;2020-06-10;270
2020-06-07;"Košický kraj";2;0;0;0;NA;87506;2;2020-06-07;264
2020-06-02;"Košický kraj";1;0;0;0;NA;87506;1;2020-06-02;262
2020-05-29;"Košický kraj";1;0;0;0;NA;87506;1;2020-05-29;261
2020-05-26;"Košický kraj";1;0;0;0;NA;87506;1;2020-05-26;260
2020-05-25;"Košický kraj";1;0;0;0;NA;87506;1;2020-05-25;259
2020-05-20;"Košický kraj";3;0;0;0;NA;87506;3;2020-05-20;258
2020-05-17;"Košický kraj";1;0;0;0;NA;87506;1;2020-05-17;255
2020-05-16;"Košický kraj";1;0;0;0;NA;87506;1;2020-05-16;254
2020-05-15;"Košický kraj";10;0;0;0;NA;87506;10;2020-05-15;253
2020-05-14;"Košický kraj";1;0;0;0;NA;87506;1;2020-05-14;243
2020-05-13;"Košický kraj";6;0;0;0;NA;87506;6;2020-05-13;242
2020-05-06;"Košický kraj";1;0;0;0;NA;87506;1;2020-05-06;236
2020-05-02;"Košický kraj";1;0;0;0;NA;87506;1;2020-05-02;235
2020-04-30;"Košický kraj";1;0;0;0;NA;87506;1;2020-04-30;234
2020-04-29;"Košický kraj";1;0;0;0;NA;87506;1;2020-04-29;233
2020-04-28;"Košický kraj";1;0;0;0;NA;87506;1;2020-04-28;232
2020-04-27;"Košický kraj";1;0;0;0;NA;87506;1;2020-04-27;231
2020-04-24;"Košický kraj";3;0;0;0;NA;87506;3;2020-04-24;230
2020-04-23;"Košický kraj";4;0;0;0;NA;87506;4;2020-04-23;227
2020-04-22;"Košický kraj";21;0;0;0;NA;87506;21;2020-04-22;223
2020-04-21;"Košický kraj";4;0;0;0;NA;87506;4;2020-04-21;202
2020-04-19;"Košický kraj";1;0;0;0;NA;87506;1;2020-04-19;198
2020-04-18;"Košický kraj";2;0;0;0;NA;87506;2;2020-04-18;197
2020-04-17;"Košický kraj";7;0;0;0;NA;87506;7;2020-04-17;195
2020-04-16;"Košický kraj";29;0;0;0;NA;87506;29;2020-04-16;188
2020-04-15;"Košický kraj";50;0;0;0;NA;87506;50;2020-04-15;159
2020-04-14;"Košický kraj";4;0;0;0;NA;87506;4;2020-04-14;109
2020-04-13;"Košický kraj";5;0;0;0;NA;87506;5;2020-04-13;105
2020-04-12;"Košický kraj";4;0;0;0;NA;87506;4;2020-04-12;100
2020-04-11;"Košický kraj";2;0;0;0;NA;87506;2;2020-04-11;96
2020-04-10;"Košický kraj";1;0;0;0;NA;87506;1;2020-04-10;94
2020-04-09;"Košický kraj";4;0;0;0;NA;87506;4;2020-04-09;93
2020-04-08;"Košický kraj";5;0;0;0;NA;87506;5;2020-04-08;89
2020-04-07;"Košický kraj";34;0;0;0;NA;87506;34;2020-04-07;84
2020-04-06;"Košický kraj";6;0;0;0;NA;87506;6;2020-04-06;50
2020-04-05;"Košický kraj";4;0;0;0;NA;87506;4;2020-04-05;44
2020-04-04;"Košický kraj";5;0;0;0;NA;87506;5;2020-04-04;40
2020-04-03;"Košický kraj";4;0;0;0;NA;87506;4;2020-04-03;35
2020-04-02;"Košický kraj";3;0;0;0;NA;87506;3;2020-04-02;31
2020-04-01;"Košický kraj";3;0;0;0;NA;87506;3;2020-04-01;28
2020-03-31;"Košický kraj";1;0;0;0;NA;87506;1;2020-03-31;25
2020-03-30;"Košický kraj";5;0;0;0;NA;87506;5;2020-03-30;24
2020-03-28;"Košický kraj";1;0;0;0;NA;87506;1;2020-03-28;19
2020-03-27;"Košický kraj";1;0;0;0;NA;87506;1;2020-03-27;18
2020-03-26;"Košický kraj";3;0;0;0;NA;87506;3;2020-03-26;17
2020-03-25;"Košický kraj";2;0;0;0;NA;87506;2;2020-03-25;14
2020-03-23;"Košický kraj";2;0;0;0;NA;87506;2;2020-03-23;12
2020-03-21;"Košický kraj";3;0;0;0;NA;87506;3;2020-03-21;10
2020-03-20;"Košický kraj";1;0;0;0;NA;87506;1;2020-03-20;7
2020-03-16;"Košický kraj";3;0;0;0;NA;87506;3;2020-03-16;6
2020-03-15;"Košický kraj";1;0;0;0;NA;87506;1;2020-03-15;3
2020-03-13;"Košický kraj";2;0;0;0;NA;87506;2;2020-03-13;2
2020-03-09;"Košický kraj";1;0;0;0;NA;87506;1;2020-03-09;0
2021-03-28;"Nitriansky kraj";6;12318;22;12340;37169;155087;28;2021-03-28;155087
2021-03-28;"Nitriansky kraj";6;12318;22;12340;68244;155087;28;2021-03-28;155059
2021-03-27;"Nitriansky kraj";39;76513;115;76628;NA;155087;154;2021-03-27;155031
2021-03-26;"Nitriansky kraj";90;40325;115;40440;NA;155087;205;2021-03-26;154877
2021-03-25;"Nitriansky kraj";95;18723;94;18817;NA;155087;189;2021-03-25;154672
2021-03-24;"Nitriansky kraj";90;14781;91;14872;NA;155087;181;2021-03-24;154483
2021-03-23;"Nitriansky kraj";167;16979;67;17046;NA;155087;234;2021-03-23;154302
2021-03-22;"Nitriansky kraj";101;23719;124;23843;NA;155087;225;2021-03-22;154068
2021-03-21;"Nitriansky kraj";27;26335;81;26416;NA;155087;108;2021-03-21;153843
2021-03-20;"Nitriansky kraj";36;97718;199;97917;NA;155087;235;2021-03-20;153735
2021-03-19;"Nitriansky kraj";76;36124;98;36222;NA;155087;174;2021-03-19;153500
2021-03-18;"Nitriansky kraj";103;19712;111;19823;NA;155087;214;2021-03-18;153326
2021-03-17;"Nitriansky kraj";87;15832;127;15959;NA;155087;214;2021-03-17;153112
2021-03-16;"Nitriansky kraj";172;18463;124;18587;NA;155087;296;2021-03-16;152898
2021-03-15;"Nitriansky kraj";130;24090;164;24254;NA;155087;294;2021-03-15;152602
2021-03-14;"Nitriansky kraj";3;13797;28;13825;NA;155087;31;2021-03-14;152308
2021-03-13;"Nitriansky kraj";65;111574;238;111812;NA;155087;303;2021-03-13;152277
2021-03-12;"Nitriansky kraj";127;40499;155;40654;NA;155087;282;2021-03-12;151974
2021-03-11;"Nitriansky kraj";131;18879;132;19011;NA;155087;263;2021-03-11;151692
2021-03-10;"Nitriansky kraj";96;17154;145;17299;NA;155087;241;2021-03-10;151429
2021-03-09;"Nitriansky kraj";260;17594;147;17741;NA;155087;407;2021-03-09;151188
2021-03-08;"Nitriansky kraj";145;27441;172;27613;NA;155087;317;2021-03-08;150781
2021-03-07;"Nitriansky kraj";48;37382;136;37518;NA;155087;184;2021-03-07;150464
2021-03-06;"Nitriansky kraj";86;109969;321;110290;NA;155087;407;2021-03-06;150280
2021-03-05;"Nitriansky kraj";133;38819;198;39017;NA;155087;331;2021-03-05;149873
2021-03-04;"Nitriansky kraj";176;17773;172;17945;NA;155087;348;2021-03-04;149542
2021-03-03;"Nitriansky kraj";172;16976;174;17150;NA;155087;346;2021-03-03;149194
2021-03-02;"Nitriansky kraj";274;21269;367;21636;NA;155087;641;2021-03-02;148848
2021-03-01;"Nitriansky kraj";133;27880;280;28160;NA;155087;413;2021-03-01;148207
2021-02-28;"Nitriansky kraj";80;40866;218;41084;NA;155087;298;2021-02-28;147794
2021-02-27;"Nitriansky kraj";101;98476;485;98961;NA;155087;586;2021-02-27;147496
2021-02-26;"Nitriansky kraj";109;36677;310;36987;NA;155087;419;2021-02-26;146910
2021-02-25;"Nitriansky kraj";188;15210;208;15418;NA;155087;396;2021-02-25;146491
2021-02-24;"Nitriansky kraj";125;13844;260;14104;NA;155087;385;2021-02-24;146095
2021-02-23;"Nitriansky kraj";273;15165;271;15436;NA;155087;544;2021-02-23;145710
2021-02-22;"Nitriansky kraj";154;24892;324;25216;NA;155087;478;2021-02-22;145166
2021-02-21;"Nitriansky kraj";22;38123;281;38404;NA;155087;303;2021-02-21;144688
2021-02-20;"Nitriansky kraj";128;108306;584;108890;NA;155087;712;2021-02-20;144385
2021-02-19;"Nitriansky kraj";173;36883;325;37208;NA;155087;498;2021-02-19;143673
2021-02-18;"Nitriansky kraj";202;16938;285;17223;NA;155087;487;2021-02-18;143175
2021-02-17;"Nitriansky kraj";198;11548;290;11838;NA;155087;488;2021-02-17;142688
2021-02-16;"Nitriansky kraj";284;14523;281;14804;NA;155087;565;2021-02-16;142200
2021-02-15;"Nitriansky kraj";122;26177;460;26637;NA;155087;582;2021-02-15;141635
2021-02-14;"Nitriansky kraj";8;34690;198;34888;NA;155087;206;2021-02-14;141053
2021-02-13;"Nitriansky kraj";127;110035;689;110724;NA;155087;816;2021-02-13;140847
2021-02-12;"Nitriansky kraj";162;33400;407;33807;NA;155087;569;2021-02-12;140031
2021-02-11;"Nitriansky kraj";195;12410;270;12680;NA;155087;465;2021-02-11;139462
2021-02-10;"Nitriansky kraj";186;17633;644;18277;NA;155087;830;2021-02-10;138997
2021-02-09;"Nitriansky kraj";260;18494;385;18879;NA;155087;645;2021-02-09;138167
2021-02-08;"Nitriansky kraj";177;39580;592;40172;NA;155087;769;2021-02-08;137522
2021-02-07;"Nitriansky kraj";20;49686;502;50188;NA;155087;522;2021-02-07;136753
2021-02-06;"Nitriansky kraj";129;101903;778;102681;NA;155087;907;2021-02-06;136231
2021-02-05;"Nitriansky kraj";244;32379;613;32992;NA;155087;857;2021-02-05;135324
2021-02-04;"Nitriansky kraj";308;15680;512;16192;NA;155087;820;2021-02-04;134467
2021-02-03;"Nitriansky kraj";191;11493;362;11855;NA;155087;553;2021-02-03;133647
2021-02-02;"Nitriansky kraj";327;17769;371;18140;NA;155087;698;2021-02-02;133094
2021-02-01;"Nitriansky kraj";221;24048;459;24507;NA;155087;680;2021-02-01;132396
2021-01-31;"Nitriansky kraj";9;22797;242;23039;NA;155087;251;2021-01-31;131716
2021-01-30;"Nitriansky kraj";152;90392;930;91322;NA;155087;1082;2021-01-30;131465
2021-01-29;"Nitriansky kraj";302;23757;488;24245;NA;155087;790;2021-01-29;130383
2021-01-28;"Nitriansky kraj";269;11370;398;11768;NA;155087;667;2021-01-28;129593
2021-01-27;"Nitriansky kraj";235;6759;299;7058;NA;155087;534;2021-01-27;128926
2021-01-26;"Nitriansky kraj";345;16036;454;16490;NA;155087;799;2021-01-26;128392
2021-01-25;"Nitriansky kraj";201;21729;429;22158;NA;155087;630;2021-01-25;127593
2021-01-24;"Nitriansky kraj";12;64769;642;65411;NA;155087;654;2021-01-24;126963
2021-01-23;"Nitriansky kraj";277;96435;1431;97866;NA;155087;1708;2021-01-23;126309
2021-01-22;"Nitriansky kraj";139;35406;614;36020;NA;155087;753;2021-01-22;124601
2021-01-21;"Nitriansky kraj";305;14649;412;15061;NA;155087;717;2021-01-21;123848
2021-01-20;"Nitriansky kraj";326;12185;638;12823;NA;155087;964;2021-01-20;123131
2021-01-19;"Nitriansky kraj";344;11022;633;11655;NA;155087;977;2021-01-19;122167
2021-01-18;"Nitriansky kraj";367;8672;511;9183;NA;155087;878;2021-01-18;121190
2021-01-17;"Nitriansky kraj";97;15061;275;15336;NA;155087;372;2021-01-17;120312
2021-01-16;"Nitriansky kraj";64;36174;646;36820;NA;155087;710;2021-01-16;119940
2021-01-15;"Nitriansky kraj";373;15940;474;16414;NA;155087;847;2021-01-15;119230
2021-01-14;"Nitriansky kraj";627;10577;452;11029;NA;155087;1079;2021-01-14;118383
2021-01-13;"Nitriansky kraj";663;9234;484;9718;NA;155087;1147;2021-01-13;117304
2021-01-12;"Nitriansky kraj";642;9014;557;9571;NA;155087;1199;2021-01-12;116157
2021-01-11;"Nitriansky kraj";422;8624;556;9180;NA;155087;978;2021-01-11;114958
2021-01-10;"Nitriansky kraj";44;19841;730;20571;NA;155087;774;2021-01-10;113980
2021-01-09;"Nitriansky kraj";532;36823;1071;37894;NA;155087;1603;2021-01-09;113206
2021-01-08;"Nitriansky kraj";817;14293;711;15004;NA;155087;1528;2021-01-08;111603
2021-01-07;"Nitriansky kraj";438;10820;823;11643;NA;155087;1261;2021-01-07;110075
2021-01-06;"Nitriansky kraj";259;3192;197;3389;NA;155087;456;2021-01-06;108814
2021-01-05;"Nitriansky kraj";732;8901;1202;10103;NA;155087;1934;2021-01-05;108358
2021-01-04;"Nitriansky kraj";362;8692;1329;10021;NA;155087;1691;2021-01-04;106424
2021-01-03;"Nitriansky kraj";42;84;20;104;NA;155087;62;2021-01-03;104733
2021-01-02;"Nitriansky kraj";249;1090;26;1116;NA;155087;275;2021-01-02;104671
2021-01-01;"Nitriansky kraj";119;671;94;765;NA;155087;213;2021-01-01;104396
2020-12-31;"Nitriansky kraj";786;7646;962;8608;NA;155087;1748;2020-12-31;104183
2020-12-30;"Nitriansky kraj";1094;9619;1165;10784;NA;155087;2259;2020-12-30;102435
2020-12-29;"Nitriansky kraj";607;8277;1286;9563;NA;155087;1893;2020-12-29;100176
2020-12-28;"Nitriansky kraj";83;6981;1271;8252;NA;155087;1354;2020-12-28;98283
2020-12-27;"Nitriansky kraj";22;36;2;38;NA;155087;24;2020-12-27;96929
2020-12-26;"Nitriansky kraj";54;297;56;353;NA;155087;110;2020-12-26;96905
2020-12-25;"Nitriansky kraj";35;47;5;52;NA;155087;40;2020-12-25;96795
2020-12-24;"Nitriansky kraj";514;1861;176;2037;NA;155087;690;2020-12-24;96755
2020-12-23;"Nitriansky kraj";349;15295;843;16138;NA;155087;1192;2020-12-23;96065
2020-12-22;"Nitriansky kraj";673;10987;994;11981;NA;155087;1667;2020-12-22;94873
2020-12-21;"Nitriansky kraj";128;7953;976;8929;NA;155087;1104;2020-12-21;93206
2020-12-20;"Nitriansky kraj";77;50;10;60;NA;155087;87;2020-12-20;92102
2020-12-19;"Nitriansky kraj";262;2259;159;2418;NA;155087;421;2020-12-19;92015
2020-12-18;"Nitriansky kraj";512;8437;551;8988;NA;155087;1063;2020-12-18;91594
2020-12-17;"Nitriansky kraj";586;6894;514;7408;NA;155087;1100;2020-12-17;90531
2020-12-16;"Nitriansky kraj";357;8785;546;9331;NA;155087;903;2020-12-16;89431
2020-12-15;"Nitriansky kraj";461;9365;769;10134;NA;155087;1230;2020-12-15;88528
2020-12-14;"Nitriansky kraj";217;8089;827;8916;NA;155087;1044;2020-12-14;87298
2020-12-13;"Nitriansky kraj";12;9;1;10;NA;155087;13;2020-12-13;86254
2020-12-12;"Nitriansky kraj";341;1832;125;1957;NA;155087;466;2020-12-12;86241
2020-12-11;"Nitriansky kraj";409;5587;427;6014;NA;155087;836;2020-12-11;85775
2020-12-10;"Nitriansky kraj";360;5636;364;6000;NA;155087;724;2020-12-10;84939
2020-12-09;"Nitriansky kraj";362;5726;542;6268;NA;155087;904;2020-12-09;84215
2020-12-08;"Nitriansky kraj";340;8766;611;9377;NA;155087;951;2020-12-08;83311
2020-12-07;"Nitriansky kraj";139;6243;573;6816;NA;155087;712;2020-12-07;82360
2020-12-06;"Nitriansky kraj";15;89;4;93;NA;155087;19;2020-12-06;81648
2020-12-05;"Nitriansky kraj";136;618;14;632;NA;155087;150;2020-12-05;81629
2020-12-04;"Nitriansky kraj";232;3047;86;3133;NA;155087;318;2020-12-04;81479
2020-12-03;"Nitriansky kraj";248;2599;127;2726;NA;155087;375;2020-12-03;81161
2020-12-02;"Nitriansky kraj";252;3733;163;3896;NA;155087;415;2020-12-02;80786
2020-12-01;"Nitriansky kraj";331;2941;133;3074;NA;155087;464;2020-12-01;80371
2020-11-30;"Nitriansky kraj";91;4836;207;5043;NA;155087;298;2020-11-30;79907
2020-11-29;"Nitriansky kraj";3;620;42;662;NA;155087;45;2020-11-29;79609
2020-11-28;"Nitriansky kraj";135;892;31;923;NA;155087;166;2020-11-28;79564
2020-11-27;"Nitriansky kraj";177;1229;43;1272;NA;155087;220;2020-11-27;79398
2020-11-26;"Nitriansky kraj";191;2262;57;2319;NA;155087;248;2020-11-26;79178
2020-11-25;"Nitriansky kraj";325;1993;66;2059;NA;155087;391;2020-11-25;78930
2020-11-24;"Nitriansky kraj";147;1141;50;1191;NA;155087;197;2020-11-24;78539
2020-11-23;"Nitriansky kraj";102;9562;206;9768;NA;155087;308;2020-11-23;78342
2020-11-22;"Nitriansky kraj";7;0;0;0;NA;155087;7;2020-11-22;78034
2020-11-21;"Nitriansky kraj";86;1083;38;1121;NA;155087;124;2020-11-21;78027
2020-11-20;"Nitriansky kraj";264;4020;101;4121;NA;155087;365;2020-11-20;77903
2020-11-19;"Nitriansky kraj";185;2953;133;3086;NA;155087;318;2020-11-19;77538
2020-11-18;"Nitriansky kraj";188;2109;77;2186;NA;155087;265;2020-11-18;77220
2020-11-17;"Nitriansky kraj";178;596;29;625;NA;155087;207;2020-11-17;76955
2020-11-16;"Nitriansky kraj";139;1836;75;1911;NA;155087;214;2020-11-16;76748
2020-11-15;"Nitriansky kraj";14;10;1;11;NA;155087;15;2020-11-15;76534
2020-11-14;"Nitriansky kraj";114;1131;32;1163;NA;155087;146;2020-11-14;76519
2020-11-13;"Nitriansky kraj";210;936;46;982;NA;155087;256;2020-11-13;76373
2020-11-12;"Nitriansky kraj";256;1195;35;1230;NA;155087;291;2020-11-12;76117
2020-11-11;"Nitriansky kraj";279;1247;22;1269;NA;155087;301;2020-11-11;75826
2020-11-10;"Nitriansky kraj";192;2623;39;2662;NA;155087;231;2020-11-10;75525
2020-11-09;"Nitriansky kraj";128;3136;43;3179;NA;155087;171;2020-11-09;75294
2020-11-08;"Nitriansky kraj";43;1462;32;1494;NA;155087;75;2020-11-08;75123
2020-11-07;"Nitriansky kraj";130;1046;4;1050;NA;155087;134;2020-11-07;75048
2020-11-06;"Nitriansky kraj";210;2264;32;2296;NA;155087;242;2020-11-06;74914
2020-11-05;"Nitriansky kraj";178;295;12;307;NA;155087;190;2020-11-05;74672
2020-11-04;"Nitriansky kraj";211;297;16;313;NA;155087;227;2020-11-04;74482
2020-11-03;"Nitriansky kraj";216;435;25;460;NA;155087;241;2020-11-03;74255
2020-11-02;"Nitriansky kraj";171;4208;46;4254;NA;155087;217;2020-11-02;74014
2020-11-01;"Nitriansky kraj";130;2546;27;2573;NA;155087;157;2020-11-01;73797
2020-10-31;"Nitriansky kraj";261;10402;134;10536;NA;155087;395;2020-10-31;73640
2020-10-30;"Nitriansky kraj";204;2380;21;2401;NA;155087;225;2020-10-30;73245
2020-10-29;"Nitriansky kraj";293;841;39;880;NA;155087;332;2020-10-29;73020
2020-10-28;"Nitriansky kraj";216;608;59;667;NA;155087;275;2020-10-28;72688
2020-10-27;"Nitriansky kraj";296;550;47;597;NA;155087;343;2020-10-27;72413
2020-10-26;"Nitriansky kraj";69;633;56;689;NA;155087;125;2020-10-26;72070
2020-10-25;"Nitriansky kraj";50;40;6;46;NA;155087;56;2020-10-25;71945
2020-10-24;"Nitriansky kraj";169;237;11;248;NA;155087;180;2020-10-24;71889
2020-10-23;"Nitriansky kraj";282;762;41;803;NA;155087;323;2020-10-23;71709
2020-10-22;"Nitriansky kraj";137;444;39;483;NA;155087;176;2020-10-22;71386
2020-10-21;"Nitriansky kraj";146;208;3;211;NA;155087;149;2020-10-21;71210
2020-10-20;"Nitriansky kraj";197;78;6;84;NA;155087;203;2020-10-20;71061
2020-10-19;"Nitriansky kraj";148;79;1;80;NA;155087;149;2020-10-19;70858
2020-10-18;"Nitriansky kraj";22;0;0;0;NA;155087;22;2020-10-18;70709
2020-10-17;"Nitriansky kraj";67;0;0;0;NA;155087;67;2020-10-17;70687
2020-10-16;"Nitriansky kraj";133;28;3;31;NA;155087;136;2020-10-16;70620
2020-10-15;"Nitriansky kraj";106;31;2;33;NA;155087;108;2020-10-15;70484
2020-10-14;"Nitriansky kraj";80;22;4;26;NA;155087;84;2020-10-14;70376
2020-10-13;"Nitriansky kraj";101;82;2;84;NA;155087;103;2020-10-13;70292
2020-10-12;"Nitriansky kraj";36;0;0;0;NA;155087;36;2020-10-12;70189
2020-10-11;"Nitriansky kraj";8;0;0;0;NA;155087;8;2020-10-11;70153
2020-10-10;"Nitriansky kraj";107;0;0;0;NA;155087;107;2020-10-10;70145
2020-10-09;"Nitriansky kraj";120;0;0;0;NA;155087;120;2020-10-09;70038
2020-10-08;"Nitriansky kraj";132;0;0;0;NA;155087;132;2020-10-08;69918
2020-10-07;"Nitriansky kraj";81;0;0;0;NA;155087;81;2020-10-07;69786
2020-10-06;"Nitriansky kraj";48;0;0;0;NA;155087;48;2020-10-06;69705
2020-10-05;"Nitriansky kraj";20;0;0;0;NA;155087;20;2020-10-05;69657
2020-10-04;"Nitriansky kraj";17;0;0;0;NA;155087;17;2020-10-04;69637
2020-10-03;"Nitriansky kraj";96;0;0;0;NA;155087;96;2020-10-03;69620
2020-10-02;"Nitriansky kraj";108;0;0;0;NA;155087;108;2020-10-02;69524
2020-10-01;"Nitriansky kraj";95;0;0;0;NA;155087;95;2020-10-01;69416
2020-09-30;"Nitriansky kraj";100;0;0;0;NA;155087;100;2020-09-30;69321
2020-09-29;"Nitriansky kraj";50;0;0;0;NA;155087;50;2020-09-29;69221
2020-09-28;"Nitriansky kraj";22;0;0;0;NA;155087;22;2020-09-28;69171
2020-09-27;"Nitriansky kraj";16;0;0;0;NA;155087;16;2020-09-27;69149
2020-09-26;"Nitriansky kraj";64;0;0;0;NA;155087;64;2020-09-26;69133
2020-09-25;"Nitriansky kraj";90;0;0;0;NA;155087;90;2020-09-25;69069
2020-09-24;"Nitriansky kraj";51;0;0;0;NA;155087;51;2020-09-24;68979
2020-09-23;"Nitriansky kraj";70;0;0;0;NA;155087;70;2020-09-23;68928
2020-09-22;"Nitriansky kraj";18;0;0;0;NA;155087;18;2020-09-22;68858
2020-09-21;"Nitriansky kraj";10;0;0;0;NA;155087;10;2020-09-21;68840
2020-09-20;"Nitriansky kraj";4;0;0;0;NA;155087;4;2020-09-20;68830
2020-09-19;"Nitriansky kraj";14;0;0;0;NA;155087;14;2020-09-19;68826
2020-09-18;"Nitriansky kraj";19;0;0;0;NA;155087;19;2020-09-18;68812
2020-09-17;"Nitriansky kraj";30;0;0;0;NA;155087;30;2020-09-17;68793
2020-09-16;"Nitriansky kraj";6;0;0;0;NA;155087;6;2020-09-16;68763
2020-09-15;"Nitriansky kraj";19;0;0;0;NA;155087;19;2020-09-15;68757
2020-09-14;"Nitriansky kraj";28;0;0;0;NA;155087;28;2020-09-14;68738
2020-09-13;"Nitriansky kraj";3;0;0;0;NA;155087;3;2020-09-13;68710
2020-09-12;"Nitriansky kraj";12;0;0;0;NA;155087;12;2020-09-12;68707
2020-09-11;"Nitriansky kraj";23;0;0;0;NA;155087;23;2020-09-11;68695
2020-09-10;"Nitriansky kraj";29;0;0;0;NA;155087;29;2020-09-10;68672
2020-09-09;"Nitriansky kraj";19;0;0;0;NA;155087;19;2020-09-09;68643
2020-09-08;"Nitriansky kraj";17;0;0;0;NA;155087;17;2020-09-08;68624
2020-09-07;"Nitriansky kraj";17;0;0;0;NA;155087;17;2020-09-07;68607
2020-09-05;"Nitriansky kraj";22;0;0;0;NA;155087;22;2020-09-05;68590
2020-09-04;"Nitriansky kraj";34;0;0;0;NA;155087;34;2020-09-04;68568
2020-09-03;"Nitriansky kraj";15;0;0;0;NA;155087;15;2020-09-03;68534
2020-09-02;"Nitriansky kraj";15;0;0;0;NA;155087;15;2020-09-02;68519
2020-09-01;"Nitriansky kraj";2;0;0;0;NA;155087;2;2020-09-01;68504
2020-08-31;"Nitriansky kraj";12;0;0;0;NA;155087;12;2020-08-31;68502
2020-08-30;"Nitriansky kraj";1;0;0;0;NA;155087;1;2020-08-30;68490
2020-08-29;"Nitriansky kraj";7;0;0;0;NA;155087;7;2020-08-29;68489
2020-08-28;"Nitriansky kraj";12;0;0;0;NA;155087;12;2020-08-28;68482
2020-08-27;"Nitriansky kraj";12;0;0;0;NA;155087;12;2020-08-27;68470
2020-08-26;"Nitriansky kraj";4;0;0;0;NA;155087;4;2020-08-26;68458
2020-08-25;"Nitriansky kraj";8;0;0;0;NA;155087;8;2020-08-25;68454
2020-08-24;"Nitriansky kraj";1;0;0;0;NA;155087;1;2020-08-24;68446
2020-08-23;"Nitriansky kraj";1;0;0;0;NA;155087;1;2020-08-23;68445
2020-08-22;"Nitriansky kraj";2;0;0;0;NA;155087;2;2020-08-22;68444
2020-08-20;"Nitriansky kraj";7;0;0;0;NA;155087;7;2020-08-20;68442
2020-08-19;"Nitriansky kraj";1;0;0;0;NA;155087;1;2020-08-19;68435
2020-08-18;"Nitriansky kraj";2;0;0;0;NA;155087;2;2020-08-18;68434
2020-08-17;"Nitriansky kraj";1;0;0;0;NA;155087;1;2020-08-17;68432
2020-08-15;"Nitriansky kraj";2;0;0;0;NA;155087;2;2020-08-15;68431
2020-08-14;"Nitriansky kraj";1;0;0;0;NA;155087;1;2020-08-14;68429
2020-08-13;"Nitriansky kraj";4;0;0;0;NA;155087;4;2020-08-13;68428
2020-08-11;"Nitriansky kraj";1;0;0;0;NA;155087;1;2020-08-11;68424
2020-08-07;"Nitriansky kraj";4;0;0;0;NA;155087;4;2020-08-07;68423
2020-08-06;"Nitriansky kraj";4;0;0;0;NA;155087;4;2020-08-06;68419
2020-08-04;"Nitriansky kraj";7;0;0;0;NA;155087;7;2020-08-04;68415
2020-07-24;"Nitriansky kraj";1;0;0;0;NA;155087;1;2020-07-24;68408
2020-07-23;"Nitriansky kraj";3;0;0;0;NA;155087;3;2020-07-23;68407
2020-07-22;"Nitriansky kraj";2;0;0;0;NA;155087;2;2020-07-22;68404
2020-07-21;"Nitriansky kraj";14;0;0;0;NA;155087;14;2020-07-21;68402
2020-07-20;"Nitriansky kraj";11;0;0;0;NA;155087;11;2020-07-20;68388
2020-07-16;"Nitriansky kraj";4;0;0;0;NA;155087;4;2020-07-16;68377
2020-07-15;"Nitriansky kraj";5;0;0;0;NA;155087;5;2020-07-15;68373
2020-07-09;"Nitriansky kraj";1;0;0;0;NA;155087;1;2020-07-09;68368
2020-07-08;"Nitriansky kraj";2;0;0;0;NA;155087;2;2020-07-08;68367
2020-07-01;"Nitriansky kraj";3;0;0;0;NA;155087;3;2020-07-01;68365
2020-06-24;"Nitriansky kraj";1;0;0;0;NA;155087;1;2020-06-24;68362
2020-06-10;"Nitriansky kraj";1;0;0;0;NA;155087;1;2020-06-10;68361
2020-06-09;"Nitriansky kraj";1;0;0;0;NA;155087;1;2020-06-09;68360
2020-06-02;"Nitriansky kraj";1;0;0;0;NA;155087;1;2020-06-02;68359
2020-05-24;"Nitriansky kraj";2;0;0;0;NA;155087;2;2020-05-24;68358
2020-05-22;"Nitriansky kraj";1;0;0;0;NA;155087;1;2020-05-22;68356
2020-05-15;"Nitriansky kraj";1;0;0;0;NA;155087;1;2020-05-15;68355
2020-05-11;"Nitriansky kraj";2;0;0;0;NA;155087;2;2020-05-11;68354
2020-05-07;"Nitriansky kraj";1;0;0;0;NA;155087;1;2020-05-07;68352
2020-05-06;"Nitriansky kraj";9;0;0;0;NA;155087;9;2020-05-06;68351
2020-05-04;"Nitriansky kraj";5;0;0;0;NA;155087;5;2020-05-04;68342
2020-05-03;"Nitriansky kraj";2;0;0;0;NA;155087;2;2020-05-03;68337
2020-05-01;"Nitriansky kraj";1;0;0;0;NA;155087;1;2020-05-01;68335
2020-04-28;"Nitriansky kraj";1;0;0;0;NA;155087;1;2020-04-28;68334
2020-04-23;"Nitriansky kraj";3;0;0;0;NA;155087;3;2020-04-23;68333
2020-04-22;"Nitriansky kraj";16;0;0;0;NA;155087;16;2020-04-22;68330
2020-04-21;"Nitriansky kraj";6;0;0;0;NA;155087;6;2020-04-21;68314
2020-04-20;"Nitriansky kraj";5;0;0;0;NA;155087;5;2020-04-20;68308
2020-04-17;"Nitriansky kraj";7;0;0;0;NA;155087;7;2020-04-17;68303
2020-04-15;"Nitriansky kraj";6;0;0;0;NA;155087;6;2020-04-15;68296
2020-04-14;"Nitriansky kraj";2;0;0;0;NA;155087;2;2020-04-14;68290
2020-04-13;"Nitriansky kraj";1;0;0;0;NA;155087;1;2020-04-13;68288
2020-04-12;"Nitriansky kraj";3;0;0;0;NA;155087;3;2020-04-12;68287
2020-04-11;"Nitriansky kraj";1;0;0;0;NA;155087;1;2020-04-11;68284
2020-04-10;"Nitriansky kraj";1;0;0;0;NA;155087;1;2020-04-10;68283
2020-04-08;"Nitriansky kraj";2;0;0;0;NA;155087;2;2020-04-08;68282
2020-04-07;"Nitriansky kraj";3;0;0;0;NA;155087;3;2020-04-07;68280
2020-04-06;"Nitriansky kraj";4;0;0;0;NA;155087;4;2020-04-06;68277
2020-04-05;"Nitriansky kraj";5;0;0;0;NA;155087;5;2020-04-05;68273
2020-04-02;"Nitriansky kraj";1;0;0;0;NA;155087;1;2020-04-02;68268
2020-03-31;"Nitriansky kraj";3;0;0;0;NA;155087;3;2020-03-31;68267
2020-03-30;"Nitriansky kraj";3;0;0;0;NA;155087;3;2020-03-30;68264
2020-03-29;"Nitriansky kraj";3;0;0;0;NA;155087;3;2020-03-29;68261
2020-03-28;"Nitriansky kraj";1;0;0;0;NA;155087;1;2020-03-28;68258
2020-03-27;"Nitriansky kraj";1;0;0;0;NA;155087;1;2020-03-27;68257
2020-03-26;"Nitriansky kraj";1;0;0;0;NA;155087;1;2020-03-26;68256
2020-03-25;"Nitriansky kraj";1;0;0;0;NA;155087;1;2020-03-25;68255
2020-03-23;"Nitriansky kraj";2;0;0;0;NA;155087;2;2020-03-23;68254
2020-03-22;"Nitriansky kraj";2;0;0;0;NA;155087;2;2020-03-22;68252
2020-03-21;"Nitriansky kraj";2;0;0;0;NA;155087;2;2020-03-21;68250
2020-03-20;"Nitriansky kraj";1;0;0;0;NA;155087;1;2020-03-20;68248
2020-03-19;"Nitriansky kraj";1;0;0;0;NA;155087;1;2020-03-19;68247
2020-03-18;"Nitriansky kraj";2;0;0;0;NA;155087;2;2020-03-18;68246
2020-03-17;"Nitriansky kraj";1;0;0;0;NA;155087;1;2020-03-17;68244
2020-03-15;"Nitriansky kraj";4;0;0;0;NA;155087;4;2020-03-15;68243
2020-03-14;"Nitriansky kraj";1;0;0;0;NA;155087;1;2020-03-14;68239
2021-03-28;"Prešovský kraj";26;32869;165;33034;53394;98232;191;2021-03-28;98232
2021-03-27;"Prešovský kraj";181;77071;324;77395;NA;98232;505;2021-03-27;98041
2021-03-26;"Prešovský kraj";310;46128;290;46418;NA;98232;600;2021-03-26;97536
2021-03-25;"Prešovský kraj";248;21225;207;21432;NA;98232;455;2021-03-25;96936
2021-03-24;"Prešovský kraj";381;18699;197;18896;NA;98232;578;2021-03-24;96481
2021-03-23;"Prešovský kraj";241;19795;252;20047;NA;98232;493;2021-03-23;95903
2021-03-22;"Prešovský kraj";299;27976;283;28259;NA;98232;582;2021-03-22;95410
2021-03-21;"Prešovský kraj";32;39454;226;39680;NA;98232;258;2021-03-21;94828
2021-03-20;"Prešovský kraj";180;84661;397;85058;NA;98232;577;2021-03-20;94570
2021-03-19;"Prešovský kraj";373;46089;320;46409;NA;98232;693;2021-03-19;93993
2021-03-18;"Prešovský kraj";251;21641;217;21858;NA;98232;468;2021-03-18;93300
2021-03-17;"Prešovský kraj";331;21016;230;21246;NA;98232;561;2021-03-17;92832
2021-03-16;"Prešovský kraj";461;20755;274;21029;NA;98232;735;2021-03-16;92271
2021-03-15;"Prešovský kraj";370;28382;316;28698;NA;98232;686;2021-03-15;91536
2021-03-14;"Prešovský kraj";52;38690;295;38985;NA;98232;347;2021-03-14;90850
2021-03-13;"Prešovský kraj";200;89172;519;89691;NA;98232;719;2021-03-13;90503
2021-03-12;"Prešovský kraj";425;47017;367;47384;NA;98232;792;2021-03-12;89784
2021-03-11;"Prešovský kraj";463;21770;253;22023;NA;98232;716;2021-03-11;88992
2021-03-10;"Prešovský kraj";325;20574;293;20867;NA;98232;618;2021-03-10;88276
2021-03-09;"Prešovský kraj";505;21685;290;21975;NA;98232;795;2021-03-09;87658
2021-03-08;"Prešovský kraj";314;27796;328;28124;NA;98232;642;2021-03-08;86863
2021-03-07;"Prešovský kraj";19;22329;193;22522;NA;98232;212;2021-03-07;86221
2021-03-06;"Prešovský kraj";193;95102;589;95691;NA;98232;782;2021-03-06;86009
2021-03-05;"Prešovský kraj";497;44705;375;45080;NA;98232;872;2021-03-05;85227
2021-03-04;"Prešovský kraj";372;22246;357;22603;NA;98232;729;2021-03-04;84355
2021-03-03;"Prešovský kraj";397;21108;326;21434;NA;98232;723;2021-03-03;83626
2021-03-02;"Prešovský kraj";421;22315;355;22670;NA;98232;776;2021-03-02;82903
2021-03-01;"Prešovský kraj";303;27410;406;27816;NA;98232;709;2021-03-01;82127
2021-02-28;"Prešovský kraj";75;35933;283;36216;NA;98232;358;2021-02-28;81418
2021-02-27;"Prešovský kraj";273;88154;721;88875;NA;98232;994;2021-02-27;81060
2021-02-26;"Prešovský kraj";455;41032;440;41472;NA;98232;895;2021-02-26;80066
2021-02-25;"Prešovský kraj";270;19175;333;19508;NA;98232;603;2021-02-25;79171
2021-02-24;"Prešovský kraj";328;18591;372;18963;NA;98232;700;2021-02-24;78568
2021-02-23;"Prešovský kraj";430;20754;338;21092;NA;98232;768;2021-02-23;77868
2021-02-22;"Prešovský kraj";351;26801;351;27152;NA;98232;702;2021-02-22;77100
2021-02-21;"Prešovský kraj";66;29477;273;29750;NA;98232;339;2021-02-21;76398
2021-02-20;"Prešovský kraj";129;59331;431;59762;NA;98232;560;2021-02-20;76059
2021-02-19;"Prešovský kraj";381;37649;413;38062;NA;98232;794;2021-02-19;75499
2021-02-18;"Prešovský kraj";268;16637;310;16947;NA;98232;578;2021-02-18;74705
2021-02-17;"Prešovský kraj";293;17293;241;17534;NA;98232;534;2021-02-17;74127
2021-02-16;"Prešovský kraj";422;18356;258;18614;NA;98232;680;2021-02-16;73593
2021-02-15;"Prešovský kraj";211;30475;297;30772;NA;98232;508;2021-02-15;72913
2021-02-14;"Prešovský kraj";27;32234;273;32507;NA;98232;300;2021-02-14;72405
2021-02-13;"Prešovský kraj";157;73367;389;73756;NA;98232;546;2021-02-13;72105
2021-02-12;"Prešovský kraj";308;38690;361;39051;NA;98232;669;2021-02-12;71559
2021-02-11;"Prešovský kraj";218;15089;221;15310;NA;98232;439;2021-02-11;70890
2021-02-10;"Prešovský kraj";220;18264;280;18544;NA;98232;500;2021-02-10;70451
2021-02-09;"Prešovský kraj";323;21166;365;21531;NA;98232;688;2021-02-09;69951
2021-02-08;"Prešovský kraj";161;36633;255;36888;NA;98232;416;2021-02-08;69263
2021-02-07;"Prešovský kraj";21;24174;157;24331;NA;98232;178;2021-02-07;68847
2021-02-06;"Prešovský kraj";176;68507;355;68862;NA;98232;531;2021-02-06;68669
2021-02-05;"Prešovský kraj";177;30113;253;30366;NA;98232;430;2021-02-05;68138
2021-02-04;"Prešovský kraj";176;12707;231;12938;NA;98232;407;2021-02-04;67708
2021-02-03;"Prešovský kraj";251;8098;231;8329;NA;98232;482;2021-02-03;67301
2021-02-02;"Prešovský kraj";249;11885;283;12168;NA;98232;532;2021-02-02;66819
2021-02-01;"Prešovský kraj";220;15752;300;16052;NA;98232;520;2021-02-01;66287
2021-01-31;"Prešovský kraj";42;1623;38;1661;NA;98232;80;2021-01-31;65767
2021-01-30;"Prešovský kraj";142;23939;215;24154;NA;98232;357;2021-01-30;65687
2021-01-29;"Prešovský kraj";185;17924;326;18250;NA;98232;511;2021-01-29;65330
2021-01-28;"Prešovský kraj";311;8535;157;8692;NA;98232;468;2021-01-28;64819
2021-01-27;"Prešovský kraj";153;9742;144;9886;NA;98232;297;2021-01-27;64351
2021-01-26;"Prešovský kraj";252;16648;151;16799;NA;98232;403;2021-01-26;64054
2021-01-25;"Prešovský kraj";196;28381;248;28629;NA;98232;444;2021-01-25;63651
2021-01-24;"Prešovský kraj";12;29196;232;29428;NA;98232;244;2021-01-24;63207
2021-01-23;"Prešovský kraj";189;89996;436;90432;NA;98232;625;2021-01-23;62963
2021-01-22;"Prešovský kraj";187;34855;258;35113;NA;98232;445;2021-01-22;62338
2021-01-21;"Prešovský kraj";187;20172;210;20382;NA;98232;397;2021-01-21;61893
2021-01-20;"Prešovský kraj";253;14480;195;14675;NA;98232;448;2021-01-20;61496
2021-01-19;"Prešovský kraj";281;12346;305;12651;NA;98232;586;2021-01-19;61048
2021-01-18;"Prešovský kraj";203;10422;336;10758;NA;98232;539;2021-01-18;60462
2021-01-17;"Prešovský kraj";107;14391;1008;15399;NA;98232;1115;2021-01-17;59923
2021-01-16;"Prešovský kraj";72;1583;76;1659;NA;98232;148;2021-01-16;58808
2021-01-15;"Prešovský kraj";159;6664;232;6896;NA;98232;391;2021-01-15;58660
2021-01-14;"Prešovský kraj";268;5526;252;5778;NA;98232;520;2021-01-14;58269
2021-01-13;"Prešovský kraj";342;5547;218;5765;NA;98232;560;2021-01-13;57749
2021-01-12;"Prešovský kraj";455;8487;409;8896;NA;98232;864;2021-01-12;57189
2021-01-11;"Prešovský kraj";343;8351;479;8830;NA;98232;822;2021-01-11;56325
2021-01-10;"Prešovský kraj";63;476;23;499;NA;98232;86;2021-01-10;55503
2021-01-09;"Prešovský kraj";439;2248;125;2373;NA;98232;564;2021-01-09;55417
2021-01-08;"Prešovský kraj";430;10865;572;11437;NA;98232;1002;2021-01-08;54853
2021-01-07;"Prešovský kraj";268;7687;639;8326;NA;98232;907;2021-01-07;53851
2021-01-06;"Prešovský kraj";315;1484;134;1618;NA;98232;449;2021-01-06;52944
2021-01-05;"Prešovský kraj";655;11591;1003;12594;NA;98232;1658;2021-01-05;52495
2021-01-04;"Prešovský kraj";371;17185;1812;18997;NA;98232;2183;2021-01-04;50837
2021-01-03;"Prešovský kraj";89;257;37;294;NA;98232;126;2021-01-03;48654
2021-01-02;"Prešovský kraj";65;1556;160;1716;NA;98232;225;2021-01-02;48528
2021-01-01;"Prešovský kraj";174;914;70;984;NA;98232;244;2021-01-01;48303
2020-12-31;"Prešovský kraj";640;11959;783;12742;NA;98232;1423;2020-12-31;48059
2020-12-30;"Prešovský kraj";729;9065;802;9867;NA;98232;1531;2020-12-30;46636
2020-12-29;"Prešovský kraj";435;8777;904;9681;NA;98232;1339;2020-12-29;45105
2020-12-28;"Prešovský kraj";393;9046;1079;10125;NA;98232;1472;2020-12-28;43766
2020-12-27;"Prešovský kraj";40;571;39;610;NA;98232;79;2020-12-27;42294
2020-12-26;"Prešovský kraj";64;176;12;188;NA;98232;76;2020-12-26;42215
2020-12-25;"Prešovský kraj";208;267;10;277;NA;98232;218;2020-12-25;42139
2020-12-24;"Prešovský kraj";452;1214;85;1299;NA;98232;537;2020-12-24;41921
2020-12-23;"Prešovský kraj";361;11369;635;12004;NA;98232;996;2020-12-23;41384
2020-12-22;"Prešovský kraj";439;9371;710;10081;NA;98232;1149;2020-12-22;40388
2020-12-21;"Prešovský kraj";432;9911;880;10791;NA;98232;1312;2020-12-21;39239
2020-12-20;"Prešovský kraj";184;396;20;416;NA;98232;204;2020-12-20;37927
2020-12-19;"Prešovský kraj";276;1658;151;1809;NA;98232;427;2020-12-19;37723
2020-12-18;"Prešovský kraj";396;8845;595;9440;NA;98232;991;2020-12-18;37296
2020-12-17;"Prešovský kraj";427;10826;891;11717;NA;98232;1318;2020-12-17;36305
2020-12-16;"Prešovský kraj";466;6017;508;6525;NA;98232;974;2020-12-16;34987
2020-12-15;"Prešovský kraj";411;5685;584;6269;NA;98232;995;2020-12-15;34013
2020-12-14;"Prešovský kraj";334;5767;508;6275;NA;98232;842;2020-12-14;33018
2020-12-13;"Prešovský kraj";89;29;8;37;NA;98232;97;2020-12-13;32176
2020-12-12;"Prešovský kraj";319;2474;166;2640;NA;98232;485;2020-12-12;32079
2020-12-11;"Prešovský kraj";560;5602;402;6004;NA;98232;962;2020-12-11;31594
2020-12-10;"Prešovský kraj";337;5180;440;5620;NA;98232;777;2020-12-10;30632
2020-12-09;"Prešovský kraj";358;3832;277;4109;NA;98232;635;2020-12-09;29855
2020-12-08;"Prešovský kraj";350;6629;651;7280;NA;98232;1001;2020-12-08;29220
2020-12-07;"Prešovský kraj";309;3809;285;4094;NA;98232;594;2020-12-07;28219
2020-12-06;"Prešovský kraj";59;358;26;384;NA;98232;85;2020-12-06;27625
2020-12-05;"Prešovský kraj";218;984;87;1071;NA;98232;305;2020-12-05;27540
2020-12-04;"Prešovský kraj";352;4585;285;4870;NA;98232;637;2020-12-04;27235
2020-12-03;"Prešovský kraj";284;2456;179;2635;NA;98232;463;2020-12-03;26598
2020-12-02;"Prešovský kraj";232;2830;225;3055;NA;98232;457;2020-12-02;26135
2020-12-01;"Prešovský kraj";281;1884;196;2080;NA;98232;477;2020-12-01;25678
2020-11-30;"Prešovský kraj";196;5333;97;5430;NA;98232;293;2020-11-30;25201
2020-11-29;"Prešovský kraj";27;379;42;421;NA;98232;69;2020-11-29;24908
2020-11-28;"Prešovský kraj";199;682;62;744;NA;98232;261;2020-11-28;24839
2020-11-27;"Prešovský kraj";232;2135;119;2254;NA;98232;351;2020-11-27;24578
2020-11-26;"Prešovský kraj";263;2787;312;3099;NA;98232;575;2020-11-26;24227
2020-11-25;"Prešovský kraj";302;1642;78;1720;NA;98232;380;2020-11-25;23652
2020-11-24;"Prešovský kraj";365;1662;140;1802;NA;98232;505;2020-11-24;23272
2020-11-23;"Prešovský kraj";164;842;42;884;NA;98232;206;2020-11-23;22767
2020-11-22;"Prešovský kraj";46;30;1;31;NA;98232;47;2020-11-22;22561
2020-11-21;"Prešovský kraj";205;689;57;746;NA;98232;262;2020-11-21;22514
2020-11-20;"Prešovský kraj";363;2063;98;2161;NA;98232;461;2020-11-20;22252
2020-11-19;"Prešovský kraj";359;1973;229;2202;NA;98232;588;2020-11-19;21791
2020-11-18;"Prešovský kraj";270;373;32;405;NA;98232;302;2020-11-18;21203
2020-11-17;"Prešovský kraj";347;151;17;168;NA;98232;364;2020-11-17;20901
2020-11-16;"Prešovský kraj";226;382;51;433;NA;98232;277;2020-11-16;20537
2020-11-15;"Prešovský kraj";186;39;4;43;NA;98232;190;2020-11-15;20260
2020-11-14;"Prešovský kraj";261;54;4;58;NA;98232;265;2020-11-14;20070
2020-11-13;"Prešovský kraj";395;166;8;174;NA;98232;403;2020-11-13;19805
2020-11-12;"Prešovský kraj";397;229;50;279;NA;98232;447;2020-11-12;19402
2020-11-11;"Prešovský kraj";516;161;15;176;NA;98232;531;2020-11-11;18955
2020-11-10;"Prešovský kraj";437;197;9;206;NA;98232;446;2020-11-10;18424
2020-11-09;"Prešovský kraj";190;4106;945;5051;NA;98232;1135;2020-11-09;17978
2020-11-08;"Prešovský kraj";97;2817;32;2849;NA;98232;129;2020-11-08;16843
2020-11-07;"Prešovský kraj";416;8578;81;8659;NA;98232;497;2020-11-07;16714
2020-11-06;"Prešovský kraj";520;4791;76;4867;NA;98232;596;2020-11-06;16217
2020-11-05;"Prešovský kraj";397;180;5;185;NA;98232;402;2020-11-05;15621
2020-11-04;"Prešovský kraj";350;807;8;815;NA;98232;358;2020-11-04;15219
2020-11-03;"Prešovský kraj";565;98;12;110;NA;98232;577;2020-11-03;14861
2020-11-02;"Prešovský kraj";203;4158;1004;5162;NA;98232;1207;2020-11-02;14284
2020-11-01;"Prešovský kraj";386;2906;53;2959;NA;98232;439;2020-11-01;13077
2020-10-31;"Prešovský kraj";315;10497;170;10667;NA;98232;485;2020-10-31;12638
2020-10-30;"Prešovský kraj";552;2949;65;3014;NA;98232;617;2020-10-30;12153
2020-10-29;"Prešovský kraj";594;301;38;339;NA;98232;632;2020-10-29;11536
2020-10-28;"Prešovský kraj";617;291;46;337;NA;98232;663;2020-10-28;10904
2020-10-27;"Prešovský kraj";656;268;34;302;NA;98232;690;2020-10-27;10241
2020-10-26;"Prešovský kraj";137;363;57;420;NA;98232;194;2020-10-26;9551
2020-10-25;"Prešovský kraj";237;346;11;357;NA;98232;248;2020-10-25;9357
2020-10-24;"Prešovský kraj";719;200;12;212;NA;98232;731;2020-10-24;9109
2020-10-23;"Prešovský kraj";750;218;8;226;NA;98232;758;2020-10-23;8378
2020-10-22;"Prešovský kraj";646;396;30;426;NA;98232;676;2020-10-22;7620
2020-10-21;"Prešovský kraj";383;58;8;66;NA;98232;391;2020-10-21;6944
2020-10-20;"Prešovský kraj";493;65;7;72;NA;98232;500;2020-10-20;6553
2020-10-19;"Prešovský kraj";140;235;15;250;NA;98232;155;2020-10-19;6053
2020-10-18;"Prešovský kraj";209;0;0;0;NA;98232;209;2020-10-18;5898
2020-10-17;"Prešovský kraj";342;0;0;0;NA;98232;342;2020-10-17;5689
2020-10-16;"Prešovský kraj";388;57;3;60;NA;98232;391;2020-10-16;5347
2020-10-15;"Prešovský kraj";435;85;18;103;NA;98232;453;2020-10-15;4956
2020-10-14;"Prešovský kraj";451;54;10;64;NA;98232;461;2020-10-14;4503
2020-10-13;"Prešovský kraj";264;50;6;56;NA;98232;270;2020-10-13;4042
2020-10-12;"Prešovský kraj";214;334;35;369;NA;98232;249;2020-10-12;3772
2020-10-11;"Prešovský kraj";127;0;0;0;NA;98232;127;2020-10-11;3523
2020-10-10;"Prešovský kraj";248;0;0;0;NA;98232;248;2020-10-10;3396
2020-10-09;"Prešovský kraj";406;0;0;0;NA;98232;406;2020-10-09;3148
2020-10-08;"Prešovský kraj";245;0;0;0;NA;98232;245;2020-10-08;2742
2020-10-07;"Prešovský kraj";244;0;0;0;NA;98232;244;2020-10-07;2497
2020-10-06;"Prešovský kraj";166;0;0;0;NA;98232;166;2020-10-06;2253
2020-10-05;"Prešovský kraj";84;0;0;0;NA;98232;84;2020-10-05;2087
2020-10-04;"Prešovský kraj";118;0;0;0;NA;98232;118;2020-10-04;2003
2020-10-03;"Prešovský kraj";204;0;0;0;NA;98232;204;2020-10-03;1885
2020-10-02;"Prešovský kraj";149;0;0;0;NA;98232;149;2020-10-02;1681
2020-10-01;"Prešovský kraj";136;0;0;0;NA;98232;136;2020-10-01;1532
2020-09-30;"Prešovský kraj";121;0;0;0;NA;98232;121;2020-09-30;1396
2020-09-29;"Prešovský kraj";156;0;0;0;NA;98232;156;2020-09-29;1275
2020-09-28;"Prešovský kraj";51;0;0;0;NA;98232;51;2020-09-28;1119
2020-09-27;"Prešovský kraj";10;0;0;0;NA;98232;10;2020-09-27;1068
2020-09-26;"Prešovský kraj";72;0;0;0;NA;98232;72;2020-09-26;1058
2020-09-25;"Prešovský kraj";91;0;0;0;NA;98232;91;2020-09-25;986
2020-09-24;"Prešovský kraj";52;0;0;0;NA;98232;52;2020-09-24;895
2020-09-23;"Prešovský kraj";55;0;0;0;NA;98232;55;2020-09-23;843
2020-09-22;"Prešovský kraj";29;0;0;0;NA;98232;29;2020-09-22;788
2020-09-21;"Prešovský kraj";14;0;0;0;NA;98232;14;2020-09-21;759
2020-09-20;"Prešovský kraj";5;0;0;0;NA;98232;5;2020-09-20;745
2020-09-19;"Prešovský kraj";12;0;0;0;NA;98232;12;2020-09-19;740
2020-09-18;"Prešovský kraj";29;0;0;0;NA;98232;29;2020-09-18;728
2020-09-17;"Prešovský kraj";25;0;0;0;NA;98232;25;2020-09-17;699
2020-09-16;"Prešovský kraj";8;0;0;0;NA;98232;8;2020-09-16;674
2020-09-15;"Prešovský kraj";10;0;0;0;NA;98232;10;2020-09-15;666
2020-09-14;"Prešovský kraj";47;0;0;0;NA;98232;47;2020-09-14;656
2020-09-13;"Prešovský kraj";3;0;0;0;NA;98232;3;2020-09-13;609
2020-09-12;"Prešovský kraj";4;0;0;0;NA;98232;4;2020-09-12;606
2020-09-11;"Prešovský kraj";15;0;0;0;NA;98232;15;2020-09-11;602
2020-09-10;"Prešovský kraj";10;0;0;0;NA;98232;10;2020-09-10;587
2020-09-09;"Prešovský kraj";21;0;0;0;NA;98232;21;2020-09-09;577
2020-09-08;"Prešovský kraj";23;0;0;0;NA;98232;23;2020-09-08;556
2020-09-07;"Prešovský kraj";5;0;0;0;NA;98232;5;2020-09-07;533
2020-09-06;"Prešovský kraj";3;0;0;0;NA;98232;3;2020-09-06;528
2020-09-05;"Prešovský kraj";7;0;0;0;NA;98232;7;2020-09-05;525
2020-09-04;"Prešovský kraj";24;0;0;0;NA;98232;24;2020-09-04;518
2020-09-03;"Prešovský kraj";8;0;0;0;NA;98232;8;2020-09-03;494
2020-09-02;"Prešovský kraj";9;0;0;0;NA;98232;9;2020-09-02;486
2020-09-01;"Prešovský kraj";6;0;0;0;NA;98232;6;2020-09-01;477
2020-08-31;"Prešovský kraj";3;0;0;0;NA;98232;3;2020-08-31;471
2020-08-30;"Prešovský kraj";6;0;0;0;NA;98232;6;2020-08-30;468
2020-08-29;"Prešovský kraj";4;0;0;0;NA;98232;4;2020-08-29;462
2020-08-28;"Prešovský kraj";6;0;0;0;NA;98232;6;2020-08-28;458
2020-08-27;"Prešovský kraj";7;0;0;0;NA;98232;7;2020-08-27;452
2020-08-26;"Prešovský kraj";22;0;0;0;NA;98232;22;2020-08-26;445
2020-08-25;"Prešovský kraj";1;0;0;0;NA;98232;1;2020-08-25;423
2020-08-24;"Prešovský kraj";5;0;0;0;NA;98232;5;2020-08-24;422
2020-08-23;"Prešovský kraj";3;0;0;0;NA;98232;3;2020-08-23;417
2020-08-22;"Prešovský kraj";3;0;0;0;NA;98232;3;2020-08-22;414
2020-08-21;"Prešovský kraj";11;0;0;0;NA;98232;11;2020-08-21;411
2020-08-20;"Prešovský kraj";8;0;0;0;NA;98232;8;2020-08-20;400
2020-08-19;"Prešovský kraj";8;0;0;0;NA;98232;8;2020-08-19;392
2020-08-18;"Prešovský kraj";6;0;0;0;NA;98232;6;2020-08-18;384
2020-08-17;"Prešovský kraj";1;0;0;0;NA;98232;1;2020-08-17;378
2020-08-15;"Prešovský kraj";8;0;0;0;NA;98232;8;2020-08-15;377
2020-08-14;"Prešovský kraj";6;0;0;0;NA;98232;6;2020-08-14;369
2020-08-13;"Prešovský kraj";8;0;0;0;NA;98232;8;2020-08-13;363
2020-08-12;"Prešovský kraj";19;0;0;0;NA;98232;19;2020-08-12;355
2020-08-11;"Prešovský kraj";3;0;0;0;NA;98232;3;2020-08-11;336
2020-08-08;"Prešovský kraj";2;0;0;0;NA;98232;2;2020-08-08;333
2020-08-07;"Prešovský kraj";6;0;0;0;NA;98232;6;2020-08-07;331
2020-08-06;"Prešovský kraj";2;0;0;0;NA;98232;2;2020-08-06;325
2020-08-05;"Prešovský kraj";8;0;0;0;NA;98232;8;2020-08-05;323
2020-08-04;"Prešovský kraj";5;0;0;0;NA;98232;5;2020-08-04;315
2020-08-03;"Prešovský kraj";4;0;0;0;NA;98232;4;2020-08-03;310
2020-08-02;"Prešovský kraj";6;0;0;0;NA;98232;6;2020-08-02;306
2020-07-31;"Prešovský kraj";2;0;0;0;NA;98232;2;2020-07-31;300
2020-07-30;"Prešovský kraj";6;0;0;0;NA;98232;6;2020-07-30;298
2020-07-29;"Prešovský kraj";5;0;0;0;NA;98232;5;2020-07-29;292
2020-07-27;"Prešovský kraj";1;0;0;0;NA;98232;1;2020-07-27;287
2020-07-26;"Prešovský kraj";1;0;0;0;NA;98232;1;2020-07-26;286
2020-07-25;"Prešovský kraj";21;0;0;0;NA;98232;21;2020-07-25;285
2020-07-24;"Prešovský kraj";1;0;0;0;NA;98232;1;2020-07-24;264
2020-07-23;"Prešovský kraj";5;0;0;0;NA;98232;5;2020-07-23;263
2020-07-22;"Prešovský kraj";1;0;0;0;NA;98232;1;2020-07-22;258
2020-07-21;"Prešovský kraj";2;0;0;0;NA;98232;2;2020-07-21;257
2020-07-20;"Prešovský kraj";1;0;0;0;NA;98232;1;2020-07-20;255
2020-07-17;"Prešovský kraj";3;0;0;0;NA;98232;3;2020-07-17;254
2020-07-16;"Prešovský kraj";1;0;0;0;NA;98232;1;2020-07-16;251
2020-07-15;"Prešovský kraj";5;0;0;0;NA;98232;5;2020-07-15;250
2020-07-14;"Prešovský kraj";5;0;0;0;NA;98232;5;2020-07-14;245
2020-07-13;"Prešovský kraj";1;0;0;0;NA;98232;1;2020-07-13;240
2020-07-12;"Prešovský kraj";1;0;0;0;NA;98232;1;2020-07-12;239
2020-07-11;"Prešovský kraj";6;0;0;0;NA;98232;6;2020-07-11;238
2020-07-10;"Prešovský kraj";5;0;0;0;NA;98232;5;2020-07-10;232
2020-07-09;"Prešovský kraj";2;0;0;0;NA;98232;2;2020-07-09;227
2020-07-08;"Prešovský kraj";14;0;0;0;NA;98232;14;2020-07-08;225
2020-07-07;"Prešovský kraj";2;0;0;0;NA;98232;2;2020-07-07;211
2020-07-04;"Prešovský kraj";1;0;0;0;NA;98232;1;2020-07-04;209
2020-07-03;"Prešovský kraj";3;0;0;0;NA;98232;3;2020-07-03;208
2020-06-30;"Prešovský kraj";7;0;0;0;NA;98232;7;2020-06-30;205
2020-06-27;"Prešovský kraj";3;0;0;0;NA;98232;3;2020-06-27;198
2020-06-26;"Prešovský kraj";3;0;0;0;NA;98232;3;2020-06-26;195
2020-06-24;"Prešovský kraj";4;0;0;0;NA;98232;4;2020-06-24;192
2020-06-19;"Prešovský kraj";1;0;0;0;NA;98232;1;2020-06-19;188
2020-06-16;"Prešovský kraj";6;0;0;0;NA;98232;6;2020-06-16;187
2020-06-12;"Prešovský kraj";1;0;0;0;NA;98232;1;2020-06-12;181
2020-06-02;"Prešovský kraj";1;0;0;0;NA;98232;1;2020-06-02;180
2020-05-31;"Prešovský kraj";1;0;0;0;NA;98232;1;2020-05-31;179
2020-05-21;"Prešovský kraj";1;0;0;0;NA;98232;1;2020-05-21;178
2020-05-13;"Prešovský kraj";1;0;0;0;NA;98232;1;2020-05-13;177
2020-05-11;"Prešovský kraj";1;0;0;0;NA;98232;1;2020-05-11;176
2020-05-05;"Prešovský kraj";1;0;0;0;NA;98232;1;2020-05-05;175
2020-05-01;"Prešovský kraj";2;0;0;0;NA;98232;2;2020-05-01;174
2020-04-29;"Prešovský kraj";1;0;0;0;NA;98232;1;2020-04-29;172
2020-04-28;"Prešovský kraj";1;0;0;0;NA;98232;1;2020-04-28;171
2020-04-27;"Prešovský kraj";2;0;0;0;NA;98232;2;2020-04-27;170
2020-04-23;"Prešovský kraj";2;0;0;0;NA;98232;2;2020-04-23;168
2020-04-22;"Prešovský kraj";11;0;0;0;NA;98232;11;2020-04-22;166
2020-04-21;"Prešovský kraj";12;0;0;0;NA;98232;12;2020-04-21;155
2020-04-20;"Prešovský kraj";2;0;0;0;NA;98232;2;2020-04-20;143
2020-04-19;"Prešovský kraj";4;0;0;0;NA;98232;4;2020-04-19;141
2020-04-18;"Prešovský kraj";1;0;0;0;NA;98232;1;2020-04-18;137
2020-04-17;"Prešovský kraj";4;0;0;0;NA;98232;4;2020-04-17;136
2020-04-16;"Prešovský kraj";9;0;0;0;NA;98232;9;2020-04-16;132
2020-04-15;"Prešovský kraj";21;0;0;0;NA;98232;21;2020-04-15;123
2020-04-14;"Prešovský kraj";1;0;0;0;NA;98232;1;2020-04-14;102
2020-04-13;"Prešovský kraj";2;0;0;0;NA;98232;2;2020-04-13;101
2020-04-12;"Prešovský kraj";6;0;0;0;NA;98232;6;2020-04-12;99
2020-04-11;"Prešovský kraj";4;0;0;0;NA;98232;4;2020-04-11;93
2020-04-09;"Prešovský kraj";1;0;0;0;NA;98232;1;2020-04-09;89
2020-04-07;"Prešovský kraj";7;0;0;0;NA;98232;7;2020-04-07;88
2020-04-06;"Prešovský kraj";10;0;0;0;NA;98232;10;2020-04-06;81
2020-04-05;"Prešovský kraj";13;0;0;0;NA;98232;13;2020-04-05;71
2020-04-04;"Prešovský kraj";1;0;0;0;NA;98232;1;2020-04-04;58
2020-04-03;"Prešovský kraj";4;0;0;0;NA;98232;4;2020-04-03;57
2020-04-02;"Prešovský kraj";6;0;0;0;NA;98232;6;2020-04-02;53
2020-04-01;"Prešovský kraj";6;0;0;0;NA;98232;6;2020-04-01;47
2020-03-31;"Prešovský kraj";6;0;0;0;NA;98232;6;2020-03-31;41
2020-03-30;"Prešovský kraj";2;0;0;0;NA;98232;2;2020-03-30;35
2020-03-29;"Prešovský kraj";2;0;0;0;NA;98232;2;2020-03-29;33
2020-03-28;"Prešovský kraj";2;0;0;0;NA;98232;2;2020-03-28;31
2020-03-27;"Prešovský kraj";1;0;0;0;NA;98232;1;2020-03-27;29
2020-03-26;"Prešovský kraj";8;0;0;0;NA;98232;8;2020-03-26;28
2020-03-25;"Prešovský kraj";1;0;0;0;NA;98232;1;2020-03-25;20
2020-03-24;"Prešovský kraj";4;0;0;0;NA;98232;4;2020-03-24;19
2020-03-22;"Prešovský kraj";1;0;0;0;NA;98232;1;2020-03-22;15
2020-03-21;"Prešovský kraj";2;0;0;0;NA;98232;2;2020-03-21;14
2020-03-20;"Prešovský kraj";3;0;0;0;NA;98232;3;2020-03-20;12
2020-03-19;"Prešovský kraj";2;0;0;0;NA;98232;2;2020-03-19;9
2020-03-18;"Prešovský kraj";1;0;0;0;NA;98232;1;2020-03-18;7
2020-03-17;"Prešovský kraj";1;0;0;0;NA;98232;1;2020-03-17;6
2020-03-16;"Prešovský kraj";4;0;0;0;NA;98232;4;2020-03-16;5
2020-03-14;"Prešovský kraj";1;0;0;0;NA;98232;1;2020-03-14;1
2021-03-28;"Trenčiansky kraj";3;10759;34;10793;48793;89878;37;2021-03-28;89878
2021-03-27;"Trenčiansky kraj";130;66503;246;66749;NA;89878;376;2021-03-27;89841
2021-03-26;"Trenčiansky kraj";211;34622;157;34779;NA;89878;368;2021-03-26;89465
2021-03-25;"Trenčiansky kraj";184;16441;170;16611;NA;89878;354;2021-03-25;89097
2021-03-24;"Trenčiansky kraj";259;13011;169;13180;NA;89878;428;2021-03-24;88743
2021-03-23;"Trenčiansky kraj";349;17131;163;17294;NA;89878;512;2021-03-23;88315
2021-03-22;"Trenčiansky kraj";141;20960;206;21166;NA;89878;347;2021-03-22;87803
2021-03-21;"Trenčiansky kraj";85;21983;130;22113;NA;89878;215;2021-03-21;87456
2021-03-20;"Trenčiansky kraj";128;79769;321;80090;NA;89878;449;2021-03-20;87241
2021-03-19;"Trenčiansky kraj";231;34777;232;35009;NA;89878;463;2021-03-19;86792
2021-03-18;"Trenčiansky kraj";262;15764;172;15936;NA;89878;434;2021-03-18;86329
2021-03-17;"Trenčiansky kraj";366;13401;163;13564;NA;89878;529;2021-03-17;85895
2021-03-16;"Trenčiansky kraj";450;14902;236;15138;NA;89878;686;2021-03-16;85366
2021-03-15;"Trenčiansky kraj";162;21277;256;21533;NA;89878;418;2021-03-15;84680
2021-03-14;"Trenčiansky kraj";42;25282;169;25451;NA;89878;211;2021-03-14;84262
2021-03-13;"Trenčiansky kraj";270;79187;453;79640;NA;89878;723;2021-03-13;84051
2021-03-12;"Trenčiansky kraj";366;34763;307;35070;NA;89878;673;2021-03-12;83328
2021-03-11;"Trenčiansky kraj";302;15557;213;15770;NA;89878;515;2021-03-11;82655
2021-03-10;"Trenčiansky kraj";402;13313;231;13544;NA;89878;633;2021-03-10;82140
2021-03-09;"Trenčiansky kraj";586;17504;283;17787;NA;89878;869;2021-03-09;81507
2021-03-08;"Trenčiansky kraj";174;22033;363;22396;NA;89878;537;2021-03-08;80638
2021-03-07;"Trenčiansky kraj";4;15404;126;15530;NA;89878;130;2021-03-07;80101
2021-03-06;"Trenčiansky kraj";260;79406;529;79935;NA;89878;789;2021-03-06;79971
2021-03-05;"Trenčiansky kraj";326;32674;414;33088;NA;89878;740;2021-03-05;79182
2021-03-04;"Trenčiansky kraj";323;16820;315;17135;NA;89878;638;2021-03-04;78442
2021-03-03;"Trenčiansky kraj";413;14126;346;14472;NA;89878;759;2021-03-03;77804
2021-03-02;"Trenčiansky kraj";612;17964;356;18320;NA;89878;968;2021-03-02;77045
2021-03-01;"Trenčiansky kraj";217;20745;438;21183;NA;89878;655;2021-03-01;76077
2021-02-28;"Trenčiansky kraj";45;28672;358;29030;NA;89878;403;2021-02-28;75422
2021-02-27;"Trenčiansky kraj";277;78358;682;79040;NA;89878;959;2021-02-27;75019
2021-02-26;"Trenčiansky kraj";420;32353;433;32786;NA;89878;853;2021-02-26;74060
2021-02-25;"Trenčiansky kraj";424;14029;328;14357;NA;89878;752;2021-02-25;73207
2021-02-24;"Trenčiansky kraj";427;12002;399;12401;NA;89878;826;2021-02-24;72455
2021-02-23;"Trenčiansky kraj";577;14756;387;15143;NA;89878;964;2021-02-23;71629
2021-02-22;"Trenčiansky kraj";160;19557;457;20014;NA;89878;617;2021-02-22;70665
2021-02-21;"Trenčiansky kraj";64;27642;381;28023;NA;89878;445;2021-02-21;70048
2021-02-20;"Trenčiansky kraj";274;77480;738;78218;NA;89878;1012;2021-02-20;69603
2021-02-19;"Trenčiansky kraj";272;29884;515;30399;NA;89878;787;2021-02-19;68591
2021-02-18;"Trenčiansky kraj";355;14167;407;14574;NA;89878;762;2021-02-18;67804
2021-02-17;"Trenčiansky kraj";363;11377;376;11753;NA;89878;739;2021-02-17;67042
2021-02-16;"Trenčiansky kraj";488;17891;416;18307;NA;89878;904;2021-02-16;66303
2021-02-15;"Trenčiansky kraj";151;21709;451;22160;NA;89878;602;2021-02-15;65399
2021-02-14;"Trenčiansky kraj";2;5241;51;5292;NA;89878;53;2021-02-14;64797
2021-02-13;"Trenčiansky kraj";274;60942;526;61468;NA;89878;800;2021-02-13;64744
2021-02-12;"Trenčiansky kraj";276;27075;393;27468;NA;89878;669;2021-02-12;63944
2021-02-11;"Trenčiansky kraj";291;11204;317;11521;NA;89878;608;2021-02-11;63275
2021-02-10;"Trenčiansky kraj";304;11402;317;11719;NA;89878;621;2021-02-10;62667
2021-02-09;"Trenčiansky kraj";514;18198;335;18533;NA;89878;849;2021-02-09;62046
2021-02-08;"Trenčiansky kraj";182;27044;407;27451;NA;89878;589;2021-02-08;61197
2021-02-07;"Trenčiansky kraj";31;28383;277;28660;NA;89878;308;2021-02-07;60608
2021-02-06;"Trenčiansky kraj";216;63430;558;63988;NA;89878;774;2021-02-06;60300
2021-02-05;"Trenčiansky kraj";202;17656;342;17998;NA;89878;544;2021-02-05;59526
2021-02-04;"Trenčiansky kraj";266;7130;278;7408;NA;89878;544;2021-02-04;58982
2021-02-03;"Trenčiansky kraj";162;5838;287;6125;NA;89878;449;2021-02-03;58438
2021-02-02;"Trenčiansky kraj";347;7832;357;8189;NA;89878;704;2021-02-02;57989
2021-02-01;"Trenčiansky kraj";167;9107;288;9395;NA;89878;455;2021-02-01;57285
2021-01-31;"Trenčiansky kraj";7;15791;135;15926;NA;89878;142;2021-01-31;56830
2021-01-30;"Trenčiansky kraj";228;36939;321;37260;NA;89878;549;2021-01-30;56688
2021-01-29;"Trenčiansky kraj";214;7586;235;7821;NA;89878;449;2021-01-29;56139
2021-01-28;"Trenčiansky kraj";307;5442;158;5600;NA;89878;465;2021-01-28;55690
2021-01-27;"Trenčiansky kraj";166;11691;185;11876;NA;89878;351;2021-01-27;55225
2021-01-26;"Trenčiansky kraj";303;14351;228;14579;NA;89878;531;2021-01-26;54874
2021-01-25;"Trenčiansky kraj";160;24406;199;24605;NA;89878;359;2021-01-25;54343
2021-01-24;"Trenčiansky kraj";51;27365;181;27546;NA;89878;232;2021-01-24;53984
2021-01-23;"Trenčiansky kraj";206;113508;742;114250;NA;89878;948;2021-01-23;53752
2021-01-22;"Trenčiansky kraj";148;13970;167;14137;NA;89878;315;2021-01-22;52804
2021-01-21;"Trenčiansky kraj";143;8580;166;8746;NA;89878;309;2021-01-21;52489
2021-01-20;"Trenčiansky kraj";181;8188;227;8415;NA;89878;408;2021-01-20;52180
2021-01-19;"Trenčiansky kraj";363;6618;262;6880;NA;89878;625;2021-01-19;51772
2021-01-18;"Trenčiansky kraj";72;5056;323;5379;NA;89878;395;2021-01-18;51147
2021-01-17;"Trenčiansky kraj";124;93;11;104;NA;89878;135;2021-01-17;50752
2021-01-16;"Trenčiansky kraj";39;457;28;485;NA;89878;67;2021-01-16;50617
2021-01-15;"Trenčiansky kraj";264;4030;218;4248;NA;89878;482;2021-01-15;50550
2021-01-14;"Trenčiansky kraj";275;3195;189;3384;NA;89878;464;2021-01-14;50068
2021-01-13;"Trenčiansky kraj";222;3888;215;4103;NA;89878;437;2021-01-13;49604
2021-01-12;"Trenčiansky kraj";508;4604;261;4865;NA;89878;769;2021-01-12;49167
2021-01-11;"Trenčiansky kraj";142;4367;354;4721;NA;89878;496;2021-01-11;48398
2021-01-10;"Trenčiansky kraj";89;4939;76;5015;NA;89878;165;2021-01-10;47902
2021-01-09;"Trenčiansky kraj";276;7974;121;8095;NA;89878;397;2021-01-09;47737
2021-01-08;"Trenčiansky kraj";489;6434;484;6918;NA;89878;973;2021-01-08;47340
2021-01-07;"Trenčiansky kraj";420;5834;503;6337;NA;89878;923;2021-01-07;46367
2021-01-06;"Trenčiansky kraj";221;1021;64;1085;NA;89878;285;2021-01-06;45444
2021-01-05;"Trenčiansky kraj";669;4963;597;5560;NA;89878;1266;2021-01-05;45159
2021-01-04;"Trenčiansky kraj";337;4640;652;5292;NA;89878;989;2021-01-04;43893
2021-01-03;"Trenčiansky kraj";38;60;13;73;NA;89878;51;2021-01-03;42904
2021-01-02;"Trenčiansky kraj";129;140;23;163;NA;89878;152;2021-01-02;42853
2021-01-01;"Trenčiansky kraj";329;347;23;370;NA;89878;352;2021-01-01;42701
2020-12-31;"Trenčiansky kraj";597;4943;557;5500;NA;89878;1154;2020-12-31;42349
2020-12-30;"Trenčiansky kraj";836;7006;762;7768;NA;89878;1598;2020-12-30;41195
2020-12-29;"Trenčiansky kraj";459;6191;1018;7209;NA;89878;1477;2020-12-29;39597
2020-12-28;"Trenčiansky kraj";258;4195;777;4972;NA;89878;1035;2020-12-28;38120
2020-12-27;"Trenčiansky kraj";5;202;36;238;NA;89878;41;2020-12-27;37085
2020-12-26;"Trenčiansky kraj";174;74;10;84;NA;89878;184;2020-12-26;37044
2020-12-25;"Trenčiansky kraj";251;325;47;372;NA;89878;298;2020-12-25;36860
2020-12-24;"Trenčiansky kraj";552;2194;256;2450;NA;89878;808;2020-12-24;36562
2020-12-23;"Trenčiansky kraj";421;6552;661;7213;NA;89878;1082;2020-12-23;35754
2020-12-22;"Trenčiansky kraj";673;5760;694;6454;NA;89878;1367;2020-12-22;34672
2020-12-21;"Trenčiansky kraj";248;13321;956;14277;NA;89878;1204;2020-12-21;33305
2020-12-20;"Trenčiansky kraj";238;12480;291;12771;NA;89878;529;2020-12-20;32101
2020-12-19;"Trenčiansky kraj";341;1611;150;1761;NA;89878;491;2020-12-19;31572
2020-12-18;"Trenčiansky kraj";521;5199;615;5814;NA;89878;1136;2020-12-18;31081
2020-12-17;"Trenčiansky kraj";670;3843;524;4367;NA;89878;1194;2020-12-17;29945
2020-12-16;"Trenčiansky kraj";461;4459;647;5106;NA;89878;1108;2020-12-16;28751
2020-12-15;"Trenčiansky kraj";595;3805;670;4475;NA;89878;1265;2020-12-15;27643
2020-12-14;"Trenčiansky kraj";318;3194;613;3807;NA;89878;931;2020-12-14;26378
2020-12-13;"Trenčiansky kraj";77;24;4;28;NA;89878;81;2020-12-13;25447
2020-12-12;"Trenčiansky kraj";314;1002;120;1122;NA;89878;434;2020-12-12;25366
2020-12-11;"Trenčiansky kraj";751;4066;479;4545;NA;89878;1230;2020-12-11;24932
2020-12-10;"Trenčiansky kraj";271;3371;477;3848;NA;89878;748;2020-12-10;23702
2020-12-09;"Trenčiansky kraj";508;3805;470;4275;NA;89878;978;2020-12-09;22954
2020-12-08;"Trenčiansky kraj";546;3440;522;3962;NA;89878;1068;2020-12-08;21976
2020-12-07;"Trenčiansky kraj";258;3826;466;4292;NA;89878;724;2020-12-07;20908
2020-12-06;"Trenčiansky kraj";114;179;10;189;NA;89878;124;2020-12-06;20184
2020-12-05;"Trenčiansky kraj";223;464;37;501;NA;89878;260;2020-12-05;20060
2020-12-04;"Trenčiansky kraj";253;2519;215;2734;NA;89878;468;2020-12-04;19800
2020-12-03;"Trenčiansky kraj";503;1714;178;1892;NA;89878;681;2020-12-03;19332
2020-12-02;"Trenčiansky kraj";418;1844;232;2076;NA;89878;650;2020-12-02;18651
2020-12-01;"Trenčiansky kraj";321;5642;351;5993;NA;89878;672;2020-12-01;18001
2020-11-30;"Trenčiansky kraj";167;8678;452;9130;NA;89878;619;2020-11-30;17329
2020-11-29;"Trenčiansky kraj";29;18;2;20;NA;89878;31;2020-11-29;16710
2020-11-28;"Trenčiansky kraj";202;1051;93;1144;NA;89878;295;2020-11-28;16679
2020-11-27;"Trenčiansky kraj";330;1398;150;1548;NA;89878;480;2020-11-27;16384
2020-11-26;"Trenčiansky kraj";395;1252;122;1374;NA;89878;517;2020-11-26;15904
2020-11-25;"Trenčiansky kraj";322;1444;160;1604;NA;89878;482;2020-11-25;15387
2020-11-24;"Trenčiansky kraj";348;2553;308;2861;NA;89878;656;2020-11-24;14905
2020-11-23;"Trenčiansky kraj";159;1186;122;1308;NA;89878;281;2020-11-23;14249
2020-11-22;"Trenčiansky kraj";26;11;1;12;NA;89878;27;2020-11-22;13968
2020-11-21;"Trenčiansky kraj";255;1323;62;1385;NA;89878;317;2020-11-21;13941
2020-11-20;"Trenčiansky kraj";316;861;93;954;NA;89878;409;2020-11-20;13624
2020-11-19;"Trenčiansky kraj";316;740;113;853;NA;89878;429;2020-11-19;13215
2020-11-18;"Trenčiansky kraj";233;379;66;445;NA;89878;299;2020-11-18;12786
2020-11-17;"Trenčiansky kraj";222;106;15;121;NA;89878;237;2020-11-17;12487
2020-11-16;"Trenčiansky kraj";245;236;45;281;NA;89878;290;2020-11-16;12250
2020-11-15;"Trenčiansky kraj";109;29;6;35;NA;89878;115;2020-11-15;11960
2020-11-14;"Trenčiansky kraj";190;74;11;85;NA;89878;201;2020-11-14;11845
2020-11-13;"Trenčiansky kraj";308;131;13;144;NA;89878;321;2020-11-13;11644
2020-11-12;"Trenčiansky kraj";324;124;5;129;NA;89878;329;2020-11-12;11323
2020-11-11;"Trenčiansky kraj";366;113;10;123;NA;89878;376;2020-11-11;10994
2020-11-10;"Trenčiansky kraj";277;106;6;112;NA;89878;283;2020-11-10;10618
2020-11-09;"Trenčiansky kraj";115;1407;48;1455;NA;89878;163;2020-11-09;10335
2020-11-08;"Trenčiansky kraj";81;1223;8;1231;NA;89878;89;2020-11-08;10172
2020-11-07;"Trenčiansky kraj";319;3662;59;3721;NA;89878;378;2020-11-07;10083
2020-11-06;"Trenčiansky kraj";383;6893;84;6977;NA;89878;467;2020-11-06;9705
2020-11-05;"Trenčiansky kraj";399;98;15;113;NA;89878;414;2020-11-05;9238
2020-11-04;"Trenčiansky kraj";370;91;9;100;NA;89878;379;2020-11-04;8824
2020-11-03;"Trenčiansky kraj";575;97;8;105;NA;89878;583;2020-11-03;8445
2020-11-02;"Trenčiansky kraj";197;1833;68;1901;NA;89878;265;2020-11-02;7862
2020-11-01;"Trenčiansky kraj";257;804;23;827;NA;89878;280;2020-11-01;7597
2020-10-31;"Trenčiansky kraj";332;4719;82;4801;NA;89878;414;2020-10-31;7317
2020-10-30;"Trenčiansky kraj";299;5283;102;5385;NA;89878;401;2020-10-30;6903
2020-10-29;"Trenčiansky kraj";496;764;68;832;NA;89878;564;2020-10-29;6502
2020-10-28;"Trenčiansky kraj";269;192;33;225;NA;89878;302;2020-10-28;5938
2020-10-27;"Trenčiansky kraj";473;127;27;154;NA;89878;500;2020-10-27;5636
2020-10-26;"Trenčiansky kraj";177;103;31;134;NA;89878;208;2020-10-26;5136
2020-10-25;"Trenčiansky kraj";138;9;5;14;NA;89878;143;2020-10-25;4928
2020-10-24;"Trenčiansky kraj";395;128;6;134;NA;89878;401;2020-10-24;4785
2020-10-23;"Trenčiansky kraj";301;154;8;162;NA;89878;309;2020-10-23;4384
2020-10-22;"Trenčiansky kraj";273;82;12;94;NA;89878;285;2020-10-22;4075
2020-10-21;"Trenčiansky kraj";183;53;9;62;NA;89878;192;2020-10-21;3790
2020-10-20;"Trenčiansky kraj";212;47;6;53;NA;89878;218;2020-10-20;3598
2020-10-19;"Trenčiansky kraj";41;83;25;108;NA;89878;66;2020-10-19;3380
2020-10-18;"Trenčiansky kraj";104;0;0;0;NA;89878;104;2020-10-18;3314
2020-10-17;"Trenčiansky kraj";157;0;0;0;NA;89878;157;2020-10-17;3210
2020-10-16;"Trenčiansky kraj";225;42;6;48;NA;89878;231;2020-10-16;3053
2020-10-15;"Trenčiansky kraj";255;39;4;43;NA;89878;259;2020-10-15;2822
2020-10-14;"Trenčiansky kraj";162;42;7;49;NA;89878;169;2020-10-14;2563
2020-10-13;"Trenčiansky kraj";124;105;12;117;NA;89878;136;2020-10-13;2394
2020-10-12;"Trenčiansky kraj";55;0;0;0;NA;89878;55;2020-10-12;2258
2020-10-11;"Trenčiansky kraj";73;0;0;0;NA;89878;73;2020-10-11;2203
2020-10-10;"Trenčiansky kraj";180;0;0;0;NA;89878;180;2020-10-10;2130
2020-10-09;"Trenčiansky kraj";198;0;0;0;NA;89878;198;2020-10-09;1950
2020-10-08;"Trenčiansky kraj";115;0;0;0;NA;89878;115;2020-10-08;1752
2020-10-07;"Trenčiansky kraj";75;0;0;0;NA;89878;75;2020-10-07;1637
2020-10-06;"Trenčiansky kraj";72;0;0;0;NA;89878;72;2020-10-06;1562
2020-10-05;"Trenčiansky kraj";32;0;0;0;NA;89878;32;2020-10-05;1490
2020-10-04;"Trenčiansky kraj";37;0;0;0;NA;89878;37;2020-10-04;1458
2020-10-03;"Trenčiansky kraj";79;0;0;0;NA;89878;79;2020-10-03;1421
2020-10-02;"Trenčiansky kraj";69;0;0;0;NA;89878;69;2020-10-02;1342
2020-10-01;"Trenčiansky kraj";58;0;0;0;NA;89878;58;2020-10-01;1273
2020-09-30;"Trenčiansky kraj";76;0;0;0;NA;89878;76;2020-09-30;1215
2020-09-29;"Trenčiansky kraj";43;0;0;0;NA;89878;43;2020-09-29;1139
2020-09-28;"Trenčiansky kraj";7;0;0;0;NA;89878;7;2020-09-28;1096
2020-09-27;"Trenčiansky kraj";12;0;0;0;NA;89878;12;2020-09-27;1089
2020-09-26;"Trenčiansky kraj";37;0;0;0;NA;89878;37;2020-09-26;1077
2020-09-25;"Trenčiansky kraj";72;0;0;0;NA;89878;72;2020-09-25;1040
2020-09-24;"Trenčiansky kraj";41;0;0;0;NA;89878;41;2020-09-24;968
2020-09-23;"Trenčiansky kraj";32;0;0;0;NA;89878;32;2020-09-23;927
2020-09-22;"Trenčiansky kraj";26;0;0;0;NA;89878;26;2020-09-22;895
2020-09-21;"Trenčiansky kraj";23;0;0;0;NA;89878;23;2020-09-21;869
2020-09-20;"Trenčiansky kraj";21;0;0;0;NA;89878;21;2020-09-20;846
2020-09-19;"Trenčiansky kraj";20;0;0;0;NA;89878;20;2020-09-19;825
2020-09-18;"Trenčiansky kraj";41;0;0;0;NA;89878;41;2020-09-18;805
2020-09-17;"Trenčiansky kraj";20;0;0;0;NA;89878;20;2020-09-17;764
2020-09-16;"Trenčiansky kraj";14;0;0;0;NA;89878;14;2020-09-16;744
2020-09-15;"Trenčiansky kraj";8;0;0;0;NA;89878;8;2020-09-15;730
2020-09-14;"Trenčiansky kraj";5;0;0;0;NA;89878;5;2020-09-14;722
2020-09-13;"Trenčiansky kraj";12;0;0;0;NA;89878;12;2020-09-13;717
2020-09-12;"Trenčiansky kraj";2;0;0;0;NA;89878;2;2020-09-12;705
2020-09-11;"Trenčiansky kraj";27;0;0;0;NA;89878;27;2020-09-11;703
2020-09-10;"Trenčiansky kraj";15;0;0;0;NA;89878;15;2020-09-10;676
2020-09-09;"Trenčiansky kraj";11;0;0;0;NA;89878;11;2020-09-09;661
2020-09-08;"Trenčiansky kraj";12;0;0;0;NA;89878;12;2020-09-08;650
2020-09-07;"Trenčiansky kraj";6;0;0;0;NA;89878;6;2020-09-07;638
2020-09-06;"Trenčiansky kraj";1;0;0;0;NA;89878;1;2020-09-06;632
2020-09-05;"Trenčiansky kraj";3;0;0;0;NA;89878;3;2020-09-05;631
2020-09-04;"Trenčiansky kraj";9;0;0;0;NA;89878;9;2020-09-04;628
2020-09-03;"Trenčiansky kraj";10;0;0;0;NA;89878;10;2020-09-03;619
2020-09-02;"Trenčiansky kraj";5;0;0;0;NA;89878;5;2020-09-02;609
2020-09-01;"Trenčiansky kraj";1;0;0;0;NA;89878;1;2020-09-01;604
2020-08-31;"Trenčiansky kraj";12;0;0;0;NA;89878;12;2020-08-31;603
2020-08-29;"Trenčiansky kraj";1;0;0;0;NA;89878;1;2020-08-29;591
2020-08-28;"Trenčiansky kraj";12;0;0;0;NA;89878;12;2020-08-28;590
2020-08-27;"Trenčiansky kraj";10;0;0;0;NA;89878;10;2020-08-27;578
2020-08-26;"Trenčiansky kraj";15;0;0;0;NA;89878;15;2020-08-26;568
2020-08-25;"Trenčiansky kraj";12;0;0;0;NA;89878;12;2020-08-25;553
2020-08-24;"Trenčiansky kraj";4;0;0;0;NA;89878;4;2020-08-24;541
2020-08-23;"Trenčiansky kraj";5;0;0;0;NA;89878;5;2020-08-23;537
2020-08-22;"Trenčiansky kraj";6;0;0;0;NA;89878;6;2020-08-22;532
2020-08-21;"Trenčiansky kraj";6;0;0;0;NA;89878;6;2020-08-21;526
2020-08-20;"Trenčiansky kraj";20;0;0;0;NA;89878;20;2020-08-20;520
2020-08-19;"Trenčiansky kraj";17;0;0;0;NA;89878;17;2020-08-19;500
2020-08-18;"Trenčiansky kraj";9;0;0;0;NA;89878;9;2020-08-18;483
2020-08-17;"Trenčiansky kraj";4;0;0;0;NA;89878;4;2020-08-17;474
2020-08-15;"Trenčiansky kraj";9;0;0;0;NA;89878;9;2020-08-15;470
2020-08-14;"Trenčiansky kraj";15;0;0;0;NA;89878;15;2020-08-14;461
2020-08-13;"Trenčiansky kraj";23;0;0;0;NA;89878;23;2020-08-13;446
2020-08-12;"Trenčiansky kraj";6;0;0;0;NA;89878;6;2020-08-12;423
2020-08-11;"Trenčiansky kraj";7;0;0;0;NA;89878;7;2020-08-11;417
2020-08-10;"Trenčiansky kraj";9;0;0;0;NA;89878;9;2020-08-10;410
2020-08-09;"Trenčiansky kraj";1;0;0;0;NA;89878;1;2020-08-09;401
2020-08-08;"Trenčiansky kraj";4;0;0;0;NA;89878;4;2020-08-08;400
2020-08-07;"Trenčiansky kraj";4;0;0;0;NA;89878;4;2020-08-07;396
2020-08-06;"Trenčiansky kraj";13;0;0;0;NA;89878;13;2020-08-06;392
2020-08-05;"Trenčiansky kraj";39;0;0;0;NA;89878;39;2020-08-05;379
2020-08-04;"Trenčiansky kraj";9;0;0;0;NA;89878;9;2020-08-04;340
2020-08-02;"Trenčiansky kraj";2;0;0;0;NA;89878;2;2020-08-02;331
2020-08-01;"Trenčiansky kraj";6;0;0;0;NA;89878;6;2020-08-01;329
2020-07-31;"Trenčiansky kraj";16;0;0;0;NA;89878;16;2020-07-31;323
2020-07-30;"Trenčiansky kraj";4;0;0;0;NA;89878;4;2020-07-30;307
2020-07-29;"Trenčiansky kraj";5;0;0;0;NA;89878;5;2020-07-29;303
2020-07-28;"Trenčiansky kraj";11;0;0;0;NA;89878;11;2020-07-28;298
2020-07-27;"Trenčiansky kraj";4;0;0;0;NA;89878;4;2020-07-27;287
2020-07-26;"Trenčiansky kraj";1;0;0;0;NA;89878;1;2020-07-26;283
2020-07-25;"Trenčiansky kraj";7;0;0;0;NA;89878;7;2020-07-25;282
2020-07-24;"Trenčiansky kraj";5;0;0;0;NA;89878;5;2020-07-24;275
2020-07-23;"Trenčiansky kraj";10;0;0;0;NA;89878;10;2020-07-23;270
2020-07-22;"Trenčiansky kraj";11;0;0;0;NA;89878;11;2020-07-22;260
2020-07-21;"Trenčiansky kraj";6;0;0;0;NA;89878;6;2020-07-21;249
2020-07-20;"Trenčiansky kraj";13;0;0;0;NA;89878;13;2020-07-20;243
2020-07-17;"Trenčiansky kraj";1;0;0;0;NA;89878;1;2020-07-17;230
2020-07-15;"Trenčiansky kraj";2;0;0;0;NA;89878;2;2020-07-15;229
2020-07-14;"Trenčiansky kraj";8;0;0;0;NA;89878;8;2020-07-14;227
2020-07-13;"Trenčiansky kraj";1;0;0;0;NA;89878;1;2020-07-13;219
2020-07-10;"Trenčiansky kraj";3;0;0;0;NA;89878;3;2020-07-10;218
2020-07-09;"Trenčiansky kraj";2;0;0;0;NA;89878;2;2020-07-09;215
2020-07-08;"Trenčiansky kraj";1;0;0;0;NA;89878;1;2020-07-08;213
2020-07-07;"Trenčiansky kraj";9;0;0;0;NA;89878;9;2020-07-07;212
2020-07-06;"Trenčiansky kraj";1;0;0;0;NA;89878;1;2020-07-06;203
2020-07-05;"Trenčiansky kraj";1;0;0;0;NA;89878;1;2020-07-05;202
2020-07-03;"Trenčiansky kraj";2;0;0;0;NA;89878;2;2020-07-03;201
2020-07-02;"Trenčiansky kraj";10;0;0;0;NA;89878;10;2020-07-02;199
2020-07-01;"Trenčiansky kraj";1;0;0;0;NA;89878;1;2020-07-01;189
2020-06-30;"Trenčiansky kraj";6;0;0;0;NA;89878;6;2020-06-30;188
2020-06-29;"Trenčiansky kraj";1;0;0;0;NA;89878;1;2020-06-29;182
2020-06-25;"Trenčiansky kraj";2;0;0;0;NA;89878;2;2020-06-25;181
2020-06-24;"Trenčiansky kraj";1;0;0;0;NA;89878;1;2020-06-24;179
2020-06-10;"Trenčiansky kraj";1;0;0;0;NA;89878;1;2020-06-10;178
2020-05-27;"Trenčiansky kraj";2;0;0;0;NA;89878;2;2020-05-27;177
2020-05-15;"Trenčiansky kraj";1;0;0;0;NA;89878;1;2020-05-15;175
2020-05-14;"Trenčiansky kraj";2;0;0;0;NA;89878;2;2020-05-14;174
2020-05-13;"Trenčiansky kraj";1;0;0;0;NA;89878;1;2020-05-13;172
2020-05-12;"Trenčiansky kraj";1;0;0;0;NA;89878;1;2020-05-12;171
2020-05-11;"Trenčiansky kraj";3;0;0;0;NA;89878;3;2020-05-11;170
2020-05-09;"Trenčiansky kraj";2;0;0;0;NA;89878;2;2020-05-09;167
2020-05-07;"Trenčiansky kraj";6;0;0;0;NA;89878;6;2020-05-07;165
2020-05-05;"Trenčiansky kraj";2;0;0;0;NA;89878;2;2020-05-05;159
2020-04-29;"Trenčiansky kraj";2;0;0;0;NA;89878;2;2020-04-29;157
2020-04-28;"Trenčiansky kraj";1;0;0;0;NA;89878;1;2020-04-28;155
2020-04-26;"Trenčiansky kraj";1;0;0;0;NA;89878;1;2020-04-26;154
2020-04-23;"Trenčiansky kraj";11;0;0;0;NA;89878;11;2020-04-23;153
2020-04-22;"Trenčiansky kraj";1;0;0;0;NA;89878;1;2020-04-22;142
2020-04-21;"Trenčiansky kraj";11;0;0;0;NA;89878;11;2020-04-21;141
2020-04-20;"Trenčiansky kraj";15;0;0;0;NA;89878;15;2020-04-20;130
2020-04-19;"Trenčiansky kraj";2;0;0;0;NA;89878;2;2020-04-19;115
2020-04-18;"Trenčiansky kraj";3;0;0;0;NA;89878;3;2020-04-18;113
2020-04-17;"Trenčiansky kraj";4;0;0;0;NA;89878;4;2020-04-17;110
2020-04-16;"Trenčiansky kraj";10;0;0;0;NA;89878;10;2020-04-16;106
2020-04-15;"Trenčiansky kraj";4;0;0;0;NA;89878;4;2020-04-15;96
2020-04-13;"Trenčiansky kraj";1;0;0;0;NA;89878;1;2020-04-13;92
2020-04-12;"Trenčiansky kraj";2;0;0;0;NA;89878;2;2020-04-12;91
2020-04-11;"Trenčiansky kraj";3;0;0;0;NA;89878;3;2020-04-11;89
2020-04-08;"Trenčiansky kraj";2;0;0;0;NA;89878;2;2020-04-08;86
2020-04-07;"Trenčiansky kraj";18;0;0;0;NA;89878;18;2020-04-07;84
2020-04-05;"Trenčiansky kraj";3;0;0;0;NA;89878;3;2020-04-05;66
2020-04-04;"Trenčiansky kraj";5;0;0;0;NA;89878;5;2020-04-04;63
2020-04-03;"Trenčiansky kraj";4;0;0;0;NA;89878;4;2020-04-03;58
2020-04-02;"Trenčiansky kraj";1;0;0;0;NA;89878;1;2020-04-02;54
2020-04-01;"Trenčiansky kraj";3;0;0;0;NA;89878;3;2020-04-01;53
2020-03-31;"Trenčiansky kraj";1;0;0;0;NA;89878;1;2020-03-31;50
2020-03-30;"Trenčiansky kraj";3;0;0;0;NA;89878;3;2020-03-30;49
2020-03-29;"Trenčiansky kraj";6;0;0;0;NA;89878;6;2020-03-29;46
2020-03-28;"Trenčiansky kraj";9;0;0;0;NA;89878;9;2020-03-28;40
2020-03-27;"Trenčiansky kraj";2;0;0;0;NA;89878;2;2020-03-27;31
2020-03-26;"Trenčiansky kraj";6;0;0;0;NA;89878;6;2020-03-26;29
2020-03-25;"Trenčiansky kraj";3;0;0;0;NA;89878;3;2020-03-25;23
2020-03-24;"Trenčiansky kraj";1;0;0;0;NA;89878;1;2020-03-24;20
2020-03-21;"Trenčiansky kraj";2;0;0;0;NA;89878;2;2020-03-21;19
2020-03-20;"Trenčiansky kraj";2;0;0;0;NA;89878;2;2020-03-20;17
2020-03-19;"Trenčiansky kraj";8;0;0;0;NA;89878;8;2020-03-19;15
2020-03-16;"Trenčiansky kraj";1;0;0;0;NA;89878;1;2020-03-16;7
2020-03-15;"Trenčiansky kraj";5;0;0;0;NA;89878;5;2020-03-15;6
2020-03-12;"Trenčiansky kraj";1;0;0;0;NA;89878;1;2020-03-12;1
2021-03-28;"Trnavský kraj";26;26435;53;26488;42738;154533;79;2021-03-28;154533
2021-03-28;"Trnavský kraj";26;26435;53;26488;70744;154533;79;2021-03-28;154454
2021-03-27;"Trnavský kraj";64;91740;176;91916;NA;154533;240;2021-03-27;154375
2021-03-26;"Trnavský kraj";139;28465;102;28567;NA;154533;241;2021-03-26;154135
2021-03-25;"Trnavský kraj";135;14209;80;14289;NA;154533;215;2021-03-25;153894
2021-03-24;"Trnavský kraj";159;9766;89;9855;NA;154533;248;2021-03-24;153679
2021-03-23;"Trnavský kraj";221;12582;103;12685;NA;154533;324;2021-03-23;153431
2021-03-22;"Trnavský kraj";103;15714;97;15811;NA;154533;200;2021-03-22;153107
2021-03-21;"Trnavský kraj";31;29502;87;29589;NA;154533;118;2021-03-21;152907
2021-03-20;"Trnavský kraj";112;136713;317;137030;NA;154533;429;2021-03-20;152789
2021-03-19;"Trnavský kraj";174;25104;109;25213;NA;154533;283;2021-03-19;152360
2021-03-18;"Trnavský kraj";158;12454;135;12589;NA;154533;293;2021-03-18;152077
2021-03-17;"Trnavský kraj";245;10353;102;10455;NA;154533;347;2021-03-17;151784
2021-03-16;"Trnavský kraj";311;12876;136;13012;NA;154533;447;2021-03-16;151437
2021-03-15;"Trnavský kraj";127;18321;145;18466;NA;154533;272;2021-03-15;150990
2021-03-14;"Trnavský kraj";14;46499;152;46651;NA;154533;166;2021-03-14;150718
2021-03-13;"Trnavský kraj";155;139020;412;139432;NA;154533;567;2021-03-13;150552
2021-03-12;"Trnavský kraj";201;28226;179;28405;NA;154533;380;2021-03-12;149985
2021-03-11;"Trnavský kraj";204;13263;142;13405;NA;154533;346;2021-03-11;149605
2021-03-10;"Trnavský kraj";242;10425;137;10562;NA;154533;379;2021-03-10;149259
2021-03-09;"Trnavský kraj";442;12748;155;12903;NA;154533;597;2021-03-09;148880
2021-03-08;"Trnavský kraj";182;21716;162;21878;NA;154533;344;2021-03-08;148283
2021-03-07;"Trnavský kraj";30;45900;227;46127;NA;154533;257;2021-03-07;147939
2021-03-06;"Trnavský kraj";154;135489;529;136018;NA;154533;683;2021-03-06;147682
2021-03-05;"Trnavský kraj";299;28825;247;29072;NA;154533;546;2021-03-05;146999
2021-03-04;"Trnavský kraj";238;14128;178;14306;NA;154533;416;2021-03-04;146453
2021-03-03;"Trnavský kraj";413;11390;239;11629;NA;154533;652;2021-03-03;146037
2021-03-02;"Trnavský kraj";477;12352;196;12548;NA;154533;673;2021-03-02;145385
2021-03-01;"Trnavský kraj";189;18223;230;18453;NA;154533;419;2021-03-01;144712
2021-02-28;"Trnavský kraj";87;42516;295;42811;NA;154533;382;2021-02-28;144293
2021-02-27;"Trnavský kraj";264;140259;804;141063;NA;154533;1068;2021-02-27;143911
2021-02-26;"Trnavský kraj";362;26883;285;27168;NA;154533;647;2021-02-26;142843
2021-02-25;"Trnavský kraj";433;10490;227;10717;NA;154533;660;2021-02-25;142196
2021-02-24;"Trnavský kraj";407;9110;290;9400;NA;154533;697;2021-02-24;141536
2021-02-23;"Trnavský kraj";469;11322;284;11606;NA;154533;753;2021-02-23;140839
2021-02-22;"Trnavský kraj";206;20302;344;20646;NA;154533;550;2021-02-22;140086
2021-02-21;"Trnavský kraj";38;40845;264;41109;NA;154533;302;2021-02-21;139536
2021-02-20;"Trnavský kraj";273;135621;855;136476;NA;154533;1128;2021-02-20;139234
2021-02-19;"Trnavský kraj";335;26982;347;27329;NA;154533;682;2021-02-19;138106
2021-02-18;"Trnavský kraj";344;11263;348;11611;NA;154533;692;2021-02-18;137424
2021-02-17;"Trnavský kraj";431;8780;416;9196;NA;154533;847;2021-02-17;136732
2021-02-16;"Trnavský kraj";426;11412;295;11707;NA;154533;721;2021-02-16;135885
2021-02-15;"Trnavský kraj";146;18075;291;18366;NA;154533;437;2021-02-15;135164
2021-02-14;"Trnavský kraj";51;44752;337;45089;NA;154533;388;2021-02-14;134727
2021-02-13;"Trnavský kraj";218;137051;994;138045;NA;154533;1212;2021-02-13;134339
2021-02-12;"Trnavský kraj";300;23682;336;24018;NA;154533;636;2021-02-12;133127
2021-02-11;"Trnavský kraj";422;9898;360;10258;NA;154533;782;2021-02-11;132491
2021-02-10;"Trnavský kraj";511;9333;344;9677;NA;154533;855;2021-02-10;131709
2021-02-09;"Trnavský kraj";544;12752;369;13121;NA;154533;913;2021-02-09;130854
2021-02-08;"Trnavský kraj";220;34323;507;34830;NA;154533;727;2021-02-08;129941
2021-02-07;"Trnavský kraj";140;68646;623;69269;NA;154533;763;2021-02-07;129214
2021-02-06;"Trnavský kraj";348;111903;1473;113376;NA;154533;1821;2021-02-06;128451
2021-02-05;"Trnavský kraj";377;16448;400;16848;NA;154533;777;2021-02-05;126630
2021-02-04;"Trnavský kraj";456;7315;454;7769;NA;154533;910;2021-02-04;125853
2021-02-03;"Trnavský kraj";472;6585;434;7019;NA;154533;906;2021-02-03;124943
2021-02-02;"Trnavský kraj";446;14219;424;14643;NA;154533;870;2021-02-02;124037
2021-02-01;"Trnavský kraj";198;40083;690;40773;NA;154533;888;2021-02-01;123167
2021-01-31;"Trnavský kraj";19;62815;778;63593;NA;154533;797;2021-01-31;122279
2021-01-30;"Trnavský kraj";323;110582;1280;111862;NA;154533;1603;2021-01-30;121482
2021-01-29;"Trnavský kraj";421;9645;285;9930;NA;154533;706;2021-01-29;119879
2021-01-28;"Trnavský kraj";389;5815;286;6101;NA;154533;675;2021-01-28;119173
2021-01-27;"Trnavský kraj";433;5301;219;5520;NA;154533;652;2021-01-27;118498
2021-01-26;"Trnavský kraj";565;25387;636;26023;NA;154533;1201;2021-01-26;117846
2021-01-25;"Trnavský kraj";210;41855;607;42462;NA;154533;817;2021-01-25;116645
2021-01-24;"Trnavský kraj";91;55823;710;56533;NA;154533;801;2021-01-24;115828
2021-01-23;"Trnavský kraj";372;117177;1347;118524;NA;154533;1719;2021-01-23;115027
2021-01-22;"Trnavský kraj";217;32439;500;32939;NA;154533;717;2021-01-22;113308
2021-01-21;"Trnavský kraj";311;13834;378;14212;NA;154533;689;2021-01-21;112591
2021-01-20;"Trnavský kraj";503;8149;274;8423;NA;154533;777;2021-01-20;111902
2021-01-19;"Trnavský kraj";415;7017;347;7364;NA;154533;762;2021-01-19;111125
2021-01-18;"Trnavský kraj";247;6237;484;6721;NA;154533;731;2021-01-18;110363
2021-01-17;"Trnavský kraj";128;854;215;1069;NA;154533;343;2021-01-17;109632
2021-01-16;"Trnavský kraj";103;599;19;618;NA;154533;122;2021-01-16;109289
2021-01-15;"Trnavský kraj";278;5456;335;5791;NA;154533;613;2021-01-15;109167
2021-01-14;"Trnavský kraj";452;4000;338;4338;NA;154533;790;2021-01-14;108554
2021-01-13;"Trnavský kraj";457;4752;378;5130;NA;154533;835;2021-01-13;107764
2021-01-12;"Trnavský kraj";469;7177;483;7660;NA;154533;952;2021-01-12;106929
2021-01-11;"Trnavský kraj";370;5103;392;5495;NA;154533;762;2021-01-11;105977
2021-01-10;"Trnavský kraj";71;13;0;13;NA;154533;71;2021-01-10;105215
2021-01-09;"Trnavský kraj";417;1775;100;1875;NA;154533;517;2021-01-09;105144
2021-01-08;"Trnavský kraj";381;6550;532;7082;NA;154533;913;2021-01-08;104627
2021-01-07;"Trnavský kraj";501;4074;390;4464;NA;154533;891;2021-01-07;103714
2021-01-06;"Trnavský kraj";179;758;132;890;NA;154533;311;2021-01-06;102823
2021-01-05;"Trnavský kraj";611;5922;636;6558;NA;154533;1247;2021-01-05;102512
2021-01-04;"Trnavský kraj";302;5239;689;5928;NA;154533;991;2021-01-04;101265
2021-01-03;"Trnavský kraj";60;53;7;60;NA;154533;67;2021-01-03;100274
2021-01-02;"Trnavský kraj";282;417;32;449;NA;154533;314;2021-01-02;100207
2021-01-01;"Trnavský kraj";143;449;76;525;NA;154533;219;2021-01-01;99893
2020-12-31;"Trnavský kraj";498;8488;858;9346;NA;154533;1356;2020-12-31;99674
2020-12-30;"Trnavský kraj";785;5318;612;5930;NA;154533;1397;2020-12-30;98318
2020-12-29;"Trnavský kraj";322;4999;593;5592;NA;154533;915;2020-12-29;96921
2020-12-28;"Trnavský kraj";213;5339;615;5954;NA;154533;828;2020-12-28;96006
2020-12-27;"Trnavský kraj";27;13;4;17;NA;154533;31;2020-12-27;95178
2020-12-26;"Trnavský kraj";148;44;1;45;NA;154533;149;2020-12-26;95147
2020-12-25;"Trnavský kraj";65;49;5;54;NA;154533;70;2020-12-25;94998
2020-12-24;"Trnavský kraj";333;1359;117;1476;NA;154533;450;2020-12-24;94928
2020-12-23;"Trnavský kraj";210;6417;375;6792;NA;154533;585;2020-12-23;94478
2020-12-22;"Trnavský kraj";311;5590;491;6081;NA;154533;802;2020-12-22;93893
2020-12-21;"Trnavský kraj";328;4527;399;4926;NA;154533;727;2020-12-21;93091
2020-12-20;"Trnavský kraj";134;110;12;122;NA;154533;146;2020-12-20;92364
2020-12-19;"Trnavský kraj";201;1046;86;1132;NA;154533;287;2020-12-19;92218
2020-12-18;"Trnavský kraj";341;4898;378;5276;NA;154533;719;2020-12-18;91931
2020-12-17;"Trnavský kraj";375;4996;407;5403;NA;154533;782;2020-12-17;91212
2020-12-16;"Trnavský kraj";312;5249;405;5654;NA;154533;717;2020-12-16;90430
2020-12-15;"Trnavský kraj";492;6623;632;7255;NA;154533;1124;2020-12-15;89713
2020-12-14;"Trnavský kraj";161;3505;292;3797;NA;154533;453;2020-12-14;88589
2020-12-13;"Trnavský kraj";7;0;0;0;NA;154533;7;2020-12-13;88136
2020-12-12;"Trnavský kraj";254;1456;114;1570;NA;154533;368;2020-12-12;88129
2020-12-11;"Trnavský kraj";384;4683;262;4945;NA;154533;646;2020-12-11;87761
2020-12-10;"Trnavský kraj";183;5194;320;5514;NA;154533;503;2020-12-10;87115
2020-12-09;"Trnavský kraj";521;4283;321;4604;NA;154533;842;2020-12-09;86612
2020-12-08;"Trnavský kraj";281;4090;304;4394;NA;154533;585;2020-12-08;85770
2020-12-07;"Trnavský kraj";178;2895;199;3094;NA;154533;377;2020-12-07;85185
2020-12-06;"Trnavský kraj";46;0;0;0;NA;154533;46;2020-12-06;84808
2020-12-05;"Trnavský kraj";129;2218;41;2259;NA;154533;170;2020-12-05;84762
2020-12-04;"Trnavský kraj";242;3948;158;4106;NA;154533;400;2020-12-04;84592
2020-12-03;"Trnavský kraj";248;2770;190;2960;NA;154533;438;2020-12-03;84192
2020-12-02;"Trnavský kraj";284;4516;176;4692;NA;154533;460;2020-12-02;83754
2020-12-01;"Trnavský kraj";253;3190;205;3395;NA;154533;458;2020-12-01;83294
2020-11-30;"Trnavský kraj";200;7360;186;7546;NA;154533;386;2020-11-30;82836
2020-11-29;"Trnavský kraj";17;708;34;742;NA;154533;51;2020-11-29;82450
2020-11-28;"Trnavský kraj";83;1453;77;1530;NA;154533;160;2020-11-28;82399
2020-11-27;"Trnavský kraj";148;1591;83;1674;NA;154533;231;2020-11-27;82239
2020-11-26;"Trnavský kraj";234;985;59;1044;NA;154533;293;2020-11-26;82008
2020-11-25;"Trnavský kraj";232;1029;72;1101;NA;154533;304;2020-11-25;81715
2020-11-24;"Trnavský kraj";295;1772;91;1863;NA;154533;386;2020-11-24;81411
2020-11-23;"Trnavský kraj";242;7207;125;7332;NA;154533;367;2020-11-23;81025
2020-11-22;"Trnavský kraj";10;54;3;57;NA;154533;13;2020-11-22;80658
2020-11-21;"Trnavský kraj";129;1214;23;1237;NA;154533;152;2020-11-21;80645
2020-11-20;"Trnavský kraj";246;1027;61;1088;NA;154533;307;2020-11-20;80493
2020-11-19;"Trnavský kraj";157;694;58;752;NA;154533;215;2020-11-19;80186
2020-11-18;"Trnavský kraj";235;716;75;791;NA;154533;310;2020-11-18;79971
2020-11-17;"Trnavský kraj";129;695;72;767;NA;154533;201;2020-11-17;79661
2020-11-16;"Trnavský kraj";187;682;32;714;NA;154533;219;2020-11-16;79460
2020-11-15;"Trnavský kraj";23;73;4;77;NA;154533;27;2020-11-15;79241
2020-11-14;"Trnavský kraj";86;389;10;399;NA;154533;96;2020-11-14;79214
2020-11-13;"Trnavský kraj";219;1312;21;1333;NA;154533;240;2020-11-13;79118
2020-11-12;"Trnavský kraj";162;420;18;438;NA;154533;180;2020-11-12;78878
2020-11-11;"Trnavský kraj";257;392;15;407;NA;154533;272;2020-11-11;78698
2020-11-10;"Trnavský kraj";189;889;30;919;NA;154533;219;2020-11-10;78426
2020-11-09;"Trnavský kraj";196;369;23;392;NA;154533;219;2020-11-09;78207
2020-11-08;"Trnavský kraj";55;306;4;310;NA;154533;59;2020-11-08;77988
2020-11-07;"Trnavský kraj";207;6070;74;6144;NA;154533;281;2020-11-07;77929
2020-11-06;"Trnavský kraj";260;1531;19;1550;NA;154533;279;2020-11-06;77648
2020-11-05;"Trnavský kraj";150;220;27;247;NA;154533;177;2020-11-05;77369
2020-11-04;"Trnavský kraj";188;212;10;222;NA;154533;198;2020-11-04;77192
2020-11-03;"Trnavský kraj";317;127;8;135;NA;154533;325;2020-11-03;76994
2020-11-02;"Trnavský kraj";281;1728;31;1759;NA;154533;312;2020-11-02;76669
2020-11-01;"Trnavský kraj";87;494;27;521;NA;154533;114;2020-11-01;76357
2020-10-31;"Trnavský kraj";259;5024;41;5065;NA;154533;300;2020-10-31;76243
2020-10-30;"Trnavský kraj";198;3784;27;3811;NA;154533;225;2020-10-30;75943
2020-10-29;"Trnavský kraj";273;1461;16;1477;NA;154533;289;2020-10-29;75718
2020-10-28;"Trnavský kraj";319;117;16;133;NA;154533;335;2020-10-28;75429
2020-10-27;"Trnavský kraj";199;461;36;497;NA;154533;235;2020-10-27;75094
2020-10-26;"Trnavský kraj";153;29;2;31;NA;154533;155;2020-10-26;74859
2020-10-25;"Trnavský kraj";95;19;1;20;NA;154533;96;2020-10-25;74704
2020-10-24;"Trnavský kraj";158;109;2;111;NA;154533;160;2020-10-24;74608
2020-10-23;"Trnavský kraj";201;89;4;93;NA;154533;205;2020-10-23;74448
2020-10-22;"Trnavský kraj";195;55;2;57;NA;154533;197;2020-10-22;74243
2020-10-21;"Trnavský kraj";134;73;3;76;NA;154533;137;2020-10-21;74046
2020-10-20;"Trnavský kraj";202;82;3;85;NA;154533;205;2020-10-20;73909
2020-10-19;"Trnavský kraj";67;55;0;55;NA;154533;67;2020-10-19;73704
2020-10-18;"Trnavský kraj";84;0;0;0;NA;154533;84;2020-10-18;73637
2020-10-17;"Trnavský kraj";123;0;0;0;NA;154533;123;2020-10-17;73553
2020-10-16;"Trnavský kraj";86;45;2;47;NA;154533;88;2020-10-16;73430
2020-10-15;"Trnavský kraj";155;66;2;68;NA;154533;157;2020-10-15;73342
2020-10-14;"Trnavský kraj";236;468;3;471;NA;154533;239;2020-10-14;73185
2020-10-13;"Trnavský kraj";138;16;2;18;NA;154533;140;2020-10-13;72946
2020-10-12;"Trnavský kraj";33;41;1;42;NA;154533;34;2020-10-12;72806
2020-10-11;"Trnavský kraj";31;0;0;0;NA;154533;31;2020-10-11;72772
2020-10-10;"Trnavský kraj";128;0;0;0;NA;154533;128;2020-10-10;72741
2020-10-09;"Trnavský kraj";156;0;0;0;NA;154533;156;2020-10-09;72613
2020-10-08;"Trnavský kraj";153;0;0;0;NA;154533;153;2020-10-08;72457
2020-10-07;"Trnavský kraj";80;0;0;0;NA;154533;80;2020-10-07;72304
2020-10-06;"Trnavský kraj";112;0;0;0;NA;154533;112;2020-10-06;72224
2020-10-05;"Trnavský kraj";33;0;0;0;NA;154533;33;2020-10-05;72112
2020-10-04;"Trnavský kraj";44;0;0;0;NA;154533;44;2020-10-04;72079
2020-10-03;"Trnavský kraj";60;0;0;0;NA;154533;60;2020-10-03;72035
2020-10-02;"Trnavský kraj";41;0;0;0;NA;154533;41;2020-10-02;71975
2020-10-01;"Trnavský kraj";53;0;0;0;NA;154533;53;2020-10-01;71934
2020-09-30;"Trnavský kraj";91;0;0;0;NA;154533;91;2020-09-30;71881
2020-09-29;"Trnavský kraj";40;0;0;0;NA;154533;40;2020-09-29;71790
2020-09-28;"Trnavský kraj";69;0;0;0;NA;154533;69;2020-09-28;71750
2020-09-27;"Trnavský kraj";30;0;0;0;NA;154533;30;2020-09-27;71681
2020-09-26;"Trnavský kraj";46;0;0;0;NA;154533;46;2020-09-26;71651
2020-09-25;"Trnavský kraj";32;0;0;0;NA;154533;32;2020-09-25;71605
2020-09-24;"Trnavský kraj";42;0;0;0;NA;154533;42;2020-09-24;71573
2020-09-23;"Trnavský kraj";43;0;0;0;NA;154533;43;2020-09-23;71531
2020-09-22;"Trnavský kraj";55;0;0;0;NA;154533;55;2020-09-22;71488
2020-09-21;"Trnavský kraj";41;0;0;0;NA;154533;41;2020-09-21;71433
2020-09-20;"Trnavský kraj";17;0;0;0;NA;154533;17;2020-09-20;71392
2020-09-19;"Trnavský kraj";4;0;0;0;NA;154533;4;2020-09-19;71375
2020-09-18;"Trnavský kraj";33;0;0;0;NA;154533;33;2020-09-18;71371
2020-09-17;"Trnavský kraj";42;0;0;0;NA;154533;42;2020-09-17;71338
2020-09-16;"Trnavský kraj";49;0;0;0;NA;154533;49;2020-09-16;71296
2020-09-15;"Trnavský kraj";5;0;0;0;NA;154533;5;2020-09-15;71247
2020-09-14;"Trnavský kraj";26;0;0;0;NA;154533;26;2020-09-14;71242
2020-09-13;"Trnavský kraj";9;0;0;0;NA;154533;9;2020-09-13;71216
2020-09-12;"Trnavský kraj";12;0;0;0;NA;154533;12;2020-09-12;71207
2020-09-11;"Trnavský kraj";16;0;0;0;NA;154533;16;2020-09-11;71195
2020-09-10;"Trnavský kraj";32;0;0;0;NA;154533;32;2020-09-10;71179
2020-09-09;"Trnavský kraj";14;0;0;0;NA;154533;14;2020-09-09;71147
2020-09-08;"Trnavský kraj";11;0;0;0;NA;154533;11;2020-09-08;71133
2020-09-07;"Trnavský kraj";7;0;0;0;NA;154533;7;2020-09-07;71122
2020-09-06;"Trnavský kraj";5;0;0;0;NA;154533;5;2020-09-06;71115
2020-09-05;"Trnavský kraj";7;0;0;0;NA;154533;7;2020-09-05;71110
2020-09-04;"Trnavský kraj";16;0;0;0;NA;154533;16;2020-09-04;71103
2020-09-03;"Trnavský kraj";8;0;0;0;NA;154533;8;2020-09-03;71087
2020-09-02;"Trnavský kraj";7;0;0;0;NA;154533;7;2020-09-02;71079
2020-09-01;"Trnavský kraj";1;0;0;0;NA;154533;1;2020-09-01;71072
2020-08-31;"Trnavský kraj";6;0;0;0;NA;154533;6;2020-08-31;71071
2020-08-30;"Trnavský kraj";1;0;0;0;NA;154533;1;2020-08-30;71065
2020-08-29;"Trnavský kraj";3;0;0;0;NA;154533;3;2020-08-29;71064
2020-08-28;"Trnavský kraj";14;0;0;0;NA;154533;14;2020-08-28;71061
2020-08-27;"Trnavský kraj";6;0;0;0;NA;154533;6;2020-08-27;71047
2020-08-26;"Trnavský kraj";4;0;0;0;NA;154533;4;2020-08-26;71041
2020-08-25;"Trnavský kraj";7;0;0;0;NA;154533;7;2020-08-25;71037
2020-08-24;"Trnavský kraj";1;0;0;0;NA;154533;1;2020-08-24;71030
2020-08-23;"Trnavský kraj";6;0;0;0;NA;154533;6;2020-08-23;71029
2020-08-22;"Trnavský kraj";3;0;0;0;NA;154533;3;2020-08-22;71023
2020-08-21;"Trnavský kraj";4;0;0;0;NA;154533;4;2020-08-21;71020
2020-08-20;"Trnavský kraj";23;0;0;0;NA;154533;23;2020-08-20;71016
2020-08-19;"Trnavský kraj";13;0;0;0;NA;154533;13;2020-08-19;70993
2020-08-18;"Trnavský kraj";20;0;0;0;NA;154533;20;2020-08-18;70980
2020-08-17;"Trnavský kraj";3;0;0;0;NA;154533;3;2020-08-17;70960
2020-08-15;"Trnavský kraj";7;0;0;0;NA;154533;7;2020-08-15;70957
2020-08-14;"Trnavský kraj";6;0;0;0;NA;154533;6;2020-08-14;70950
2020-08-13;"Trnavský kraj";10;0;0;0;NA;154533;10;2020-08-13;70944
2020-08-12;"Trnavský kraj";2;0;0;0;NA;154533;2;2020-08-12;70934
2020-08-11;"Trnavský kraj";30;0;0;0;NA;154533;30;2020-08-11;70932
2020-08-08;"Trnavský kraj";13;0;0;0;NA;154533;13;2020-08-08;70902
2020-08-07;"Trnavský kraj";4;0;0;0;NA;154533;4;2020-08-07;70889
2020-08-06;"Trnavský kraj";4;0;0;0;NA;154533;4;2020-08-06;70885
2020-08-04;"Trnavský kraj";1;0;0;0;NA;154533;1;2020-08-04;70881
2020-08-03;"Trnavský kraj";2;0;0;0;NA;154533;2;2020-08-03;70880
2020-08-02;"Trnavský kraj";1;0;0;0;NA;154533;1;2020-08-02;70878
2020-07-31;"Trnavský kraj";7;0;0;0;NA;154533;7;2020-07-31;70877
2020-07-30;"Trnavský kraj";6;0;0;0;NA;154533;6;2020-07-30;70870
2020-07-28;"Trnavský kraj";1;0;0;0;NA;154533;1;2020-07-28;70864
2020-07-27;"Trnavský kraj";2;0;0;0;NA;154533;2;2020-07-27;70863
2020-07-24;"Trnavský kraj";1;0;0;0;NA;154533;1;2020-07-24;70861
2020-07-23;"Trnavský kraj";2;0;0;0;NA;154533;2;2020-07-23;70860
2020-07-22;"Trnavský kraj";1;0;0;0;NA;154533;1;2020-07-22;70858
2020-07-21;"Trnavský kraj";2;0;0;0;NA;154533;2;2020-07-21;70857
2020-07-15;"Trnavský kraj";1;0;0;0;NA;154533;1;2020-07-15;70855
2020-07-08;"Trnavský kraj";3;0;0;0;NA;154533;3;2020-07-08;70854
2020-07-07;"Trnavský kraj";4;0;0;0;NA;154533;4;2020-07-07;70851
2020-07-02;"Trnavský kraj";3;0;0;0;NA;154533;3;2020-07-02;70847
2020-06-18;"Trnavský kraj";2;0;0;0;NA;154533;2;2020-06-18;70844
2020-05-25;"Trnavský kraj";1;0;0;0;NA;154533;1;2020-05-25;70842
2020-05-23;"Trnavský kraj";2;0;0;0;NA;154533;2;2020-05-23;70841
2020-05-20;"Trnavský kraj";2;0;0;0;NA;154533;2;2020-05-20;70839
2020-05-15;"Trnavský kraj";1;0;0;0;NA;154533;1;2020-05-15;70837
2020-05-11;"Trnavský kraj";2;0;0;0;NA;154533;2;2020-05-11;70836
2020-04-28;"Trnavský kraj";1;0;0;0;NA;154533;1;2020-04-28;70834
2020-04-25;"Trnavský kraj";2;0;0;0;NA;154533;2;2020-04-25;70833
2020-04-24;"Trnavský kraj";4;0;0;0;NA;154533;4;2020-04-24;70831
2020-04-23;"Trnavský kraj";5;0;0;0;NA;154533;5;2020-04-23;70827
2020-04-22;"Trnavský kraj";10;0;0;0;NA;154533;10;2020-04-22;70822
2020-04-21;"Trnavský kraj";5;0;0;0;NA;154533;5;2020-04-21;70812
2020-04-19;"Trnavský kraj";1;0;0;0;NA;154533;1;2020-04-19;70807
2020-04-18;"Trnavský kraj";4;0;0;0;NA;154533;4;2020-04-18;70806
2020-04-17;"Trnavský kraj";7;0;0;0;NA;154533;7;2020-04-17;70802
2020-04-16;"Trnavský kraj";5;0;0;0;NA;154533;5;2020-04-16;70795
2020-04-15;"Trnavský kraj";5;0;0;0;NA;154533;5;2020-04-15;70790
2020-04-14;"Trnavský kraj";1;0;0;0;NA;154533;1;2020-04-14;70785
2020-04-10;"Trnavský kraj";2;0;0;0;NA;154533;2;2020-04-10;70784
2020-04-09;"Trnavský kraj";3;0;0;0;NA;154533;3;2020-04-09;70782
2020-04-08;"Trnavský kraj";4;0;0;0;NA;154533;4;2020-04-08;70779
2020-04-07;"Trnavský kraj";6;0;0;0;NA;154533;6;2020-04-07;70775
2020-04-06;"Trnavský kraj";6;0;0;0;NA;154533;6;2020-04-06;70769
2020-04-05;"Trnavský kraj";1;0;0;0;NA;154533;1;2020-04-05;70763
2020-04-04;"Trnavský kraj";1;0;0;0;NA;154533;1;2020-04-04;70762
2020-04-03;"Trnavský kraj";3;0;0;0;NA;154533;3;2020-04-03;70761
2020-04-02;"Trnavský kraj";4;0;0;0;NA;154533;4;2020-04-02;70758
2020-03-31;"Trnavský kraj";3;0;0;0;NA;154533;3;2020-03-31;70754
2020-03-30;"Trnavský kraj";4;0;0;0;NA;154533;4;2020-03-30;70751
2020-03-29;"Trnavský kraj";1;0;0;0;NA;154533;1;2020-03-29;70747
2020-03-28;"Trnavský kraj";3;0;0;0;NA;154533;3;2020-03-28;70746
2020-03-27;"Trnavský kraj";5;0;0;0;NA;154533;5;2020-03-27;70743
2020-03-26;"Trnavský kraj";5;0;0;0;NA;154533;5;2020-03-26;70738
2020-03-25;"Trnavský kraj";1;0;0;0;NA;154533;1;2020-03-25;70733
2020-03-23;"Trnavský kraj";2;0;0;0;NA;154533;2;2020-03-23;70732
2020-03-22;"Trnavský kraj";1;0;0;0;NA;154533;1;2020-03-22;70730
2020-03-21;"Trnavský kraj";5;0;0;0;NA;154533;5;2020-03-21;70729
2020-03-17;"Trnavský kraj";3;0;0;0;NA;154533;3;2020-03-17;70724
2020-03-16;"Trnavský kraj";1;0;0;0;NA;154533;1;2020-03-16;70721
2020-03-13;"Trnavský kraj";1;0;0;0;NA;154533;1;2020-03-13;70720
2020-03-12;"Trnavský kraj";1;0;0;0;NA;154533;1;2020-03-12;70719
2021-03-28;"Žilinský kraj";21;17183;116;17299;51521;93026;137;2021-03-28;93026
2021-03-27;"Žilinský kraj";151;68968;310;69278;NA;93026;461;2021-03-27;92889
2021-03-26;"Žilinský kraj";312;46426;298;46724;NA;93026;610;2021-03-26;92428
2021-03-25;"Žilinský kraj";281;27425;214;27639;NA;93026;495;2021-03-25;91818
2021-03-24;"Žilinský kraj";280;21595;262;21857;NA;93026;542;2021-03-24;91323
2021-03-23;"Žilinský kraj";418;22908;277;23185;NA;93026;695;2021-03-23;90781
2021-03-22;"Žilinský kraj";293;29289;314;29603;NA;93026;607;2021-03-22;90086
2021-03-21;"Žilinský kraj";32;20978;125;21103;NA;93026;157;2021-03-21;89479
2021-03-20;"Žilinský kraj";165;84622;470;85092;NA;93026;635;2021-03-20;89322
2021-03-19;"Žilinský kraj";357;51763;413;52176;NA;93026;770;2021-03-19;88687
2021-03-18;"Žilinský kraj";329;28846;299;29145;NA;93026;628;2021-03-18;87917
2021-03-17;"Žilinský kraj";395;21523;259;21782;NA;93026;654;2021-03-17;87289
2021-03-16;"Žilinský kraj";514;24225;314;24539;NA;93026;828;2021-03-16;86635
2021-03-15;"Žilinský kraj";341;29592;419;30011;NA;93026;760;2021-03-15;85807
2021-03-14;"Žilinský kraj";87;31386;248;31634;NA;93026;335;2021-03-14;85047
2021-03-13;"Žilinský kraj";113;81469;503;81972;NA;93026;616;2021-03-13;84712
2021-03-12;"Žilinský kraj";520;51335;405;51740;NA;93026;925;2021-03-12;84096
2021-03-11;"Žilinský kraj";399;28370;309;28679;NA;93026;708;2021-03-11;83171
2021-03-10;"Žilinský kraj";368;22359;370;22729;NA;93026;738;2021-03-10;82463
2021-03-09;"Žilinský kraj";537;24850;316;25166;NA;93026;853;2021-03-09;81725
2021-03-08;"Žilinský kraj";387;30823;458;31281;NA;93026;845;2021-03-08;80872
2021-03-07;"Žilinský kraj";48;27903;228;28131;NA;93026;276;2021-03-07;80027
2021-03-06;"Žilinský kraj";173;84792;556;85348;NA;93026;729;2021-03-06;79751
2021-03-05;"Žilinský kraj";369;51742;483;52225;NA;93026;852;2021-03-05;79022
2021-03-04;"Žilinský kraj";467;30024;377;30401;NA;93026;844;2021-03-04;78170
2021-03-03;"Žilinský kraj";448;26278;395;26673;NA;93026;843;2021-03-03;77326
2021-03-02;"Žilinský kraj";551;25665;378;26043;NA;93026;929;2021-03-02;76483
2021-03-01;"Žilinský kraj";375;30610;441;31051;NA;93026;816;2021-03-01;75554
2021-02-28;"Žilinský kraj";61;26038;240;26278;NA;93026;301;2021-02-28;74738
2021-02-27;"Žilinský kraj";159;69790;541;70331;NA;93026;700;2021-02-27;74437
2021-02-26;"Žilinský kraj";459;47494;508;48002;NA;93026;967;2021-02-26;73737
2021-02-25;"Žilinský kraj";347;30274;389;30663;NA;93026;736;2021-02-25;72770
2021-02-24;"Žilinský kraj";339;18745;395;19140;NA;93026;734;2021-02-24;72034
2021-02-23;"Žilinský kraj";437;22418;419;22837;NA;93026;856;2021-02-23;71300
2021-02-22;"Žilinský kraj";345;29268;438;29706;NA;93026;783;2021-02-22;70444
2021-02-21;"Žilinský kraj";36;23909;273;24182;NA;93026;309;2021-02-21;69661
2021-02-20;"Žilinský kraj";152;73122;602;73724;NA;93026;754;2021-02-20;69352
2021-02-19;"Žilinský kraj";337;44806;415;45221;NA;93026;752;2021-02-19;68598
2021-02-18;"Žilinský kraj";263;22728;335;23063;NA;93026;598;2021-02-18;67846
2021-02-17;"Žilinský kraj";269;17932;355;18287;NA;93026;624;2021-02-17;67248
2021-02-16;"Žilinský kraj";321;23054;316;23370;NA;93026;637;2021-02-16;66624
2021-02-15;"Žilinský kraj";230;30405;311;30716;NA;93026;541;2021-02-15;65987
2021-02-14;"Žilinský kraj";30;20948;189;21137;NA;93026;219;2021-02-14;65446
2021-02-13;"Žilinský kraj";91;66430;426;66856;NA;93026;517;2021-02-13;65227
2021-02-12;"Žilinský kraj";242;42686;335;43021;NA;93026;577;2021-02-12;64710
2021-02-11;"Žilinský kraj";228;23525;300;23825;NA;93026;528;2021-02-11;64133
2021-02-10;"Žilinský kraj";259;17434;261;17695;NA;93026;520;2021-02-10;63605
2021-02-09;"Žilinský kraj";377;24917;276;25193;NA;93026;653;2021-02-09;63085
2021-02-08;"Žilinský kraj";160;41238;388;41626;NA;93026;548;2021-02-08;62432
2021-02-07;"Žilinský kraj";24;39435;208;39643;NA;93026;232;2021-02-07;61884
2021-02-06;"Žilinský kraj";71;67677;331;68008;NA;93026;402;2021-02-06;61652
2021-02-05;"Žilinský kraj";248;31983;323;32306;NA;93026;571;2021-02-05;61250
2021-02-04;"Žilinský kraj";238;11919;246;12165;NA;93026;484;2021-02-04;60679
2021-02-03;"Žilinský kraj";194;8971;259;9230;NA;93026;453;2021-02-03;60195
2021-02-02;"Žilinský kraj";216;9379;273;9652;NA;93026;489;2021-02-02;59742
2021-02-01;"Žilinský kraj";220;19482;364;19846;NA;93026;584;2021-02-01;59253
2021-01-31;"Žilinský kraj";11;42;1;43;NA;93026;12;2021-01-31;58669
2021-01-30;"Žilinský kraj";85;15492;158;15650;NA;93026;243;2021-01-30;58657
2021-01-29;"Žilinský kraj";209;22890;304;23194;NA;93026;513;2021-01-29;58414
2021-01-28;"Žilinský kraj";240;5625;175;5800;NA;93026;415;2021-01-28;57901
2021-01-27;"Žilinský kraj";256;7136;123;7259;NA;93026;379;2021-01-27;57486
2021-01-26;"Žilinský kraj";245;49569;343;49912;NA;93026;588;2021-01-26;57107
2021-01-25;"Žilinský kraj";159;18637;131;18768;NA;93026;290;2021-01-25;56519
2021-01-24;"Žilinský kraj";22;31984;138;32122;NA;93026;160;2021-01-24;56229
2021-01-23;"Žilinský kraj";91;88667;395;89062;NA;93026;486;2021-01-23;56069
2021-01-22;"Žilinský kraj";163;27943;229;28172;NA;93026;392;2021-01-22;55583
2021-01-21;"Žilinský kraj";116;18697;172;18869;NA;93026;288;2021-01-21;55191
2021-01-20;"Žilinský kraj";236;17484;171;17655;NA;93026;407;2021-01-20;54903
2021-01-19;"Žilinský kraj";245;14087;247;14334;NA;93026;492;2021-01-19;54496
2021-01-18;"Žilinský kraj";236;12537;334;12871;NA;93026;570;2021-01-18;54004
2021-01-17;"Žilinský kraj";95;113;2;115;NA;93026;97;2021-01-17;53434
2021-01-16;"Žilinský kraj";14;314;8;322;NA;93026;22;2021-01-16;53337
2021-01-15;"Žilinský kraj";248;7256;203;7459;NA;93026;451;2021-01-15;53315
2021-01-14;"Žilinský kraj";166;5610;249;5859;NA;93026;415;2021-01-14;52864
2021-01-13;"Žilinský kraj";247;11307;553;11860;NA;93026;800;2021-01-13;52449
2021-01-12;"Žilinský kraj";376;8798;418;9216;NA;93026;794;2021-01-12;51649
2021-01-11;"Žilinský kraj";351;10348;510;10858;NA;93026;861;2021-01-11;50855
2021-01-10;"Žilinský kraj";38;189;7;196;NA;93026;45;2021-01-10;49994
2021-01-09;"Žilinský kraj";192;1992;85;2077;NA;93026;277;2021-01-09;49949
2021-01-08;"Žilinský kraj";413;9234;500;9734;NA;93026;913;2021-01-08;49672
2021-01-07;"Žilinský kraj";438;23513;1881;25394;NA;93026;2319;2021-01-07;48759
2021-01-06;"Žilinský kraj";145;1338;89;1427;NA;93026;234;2021-01-06;46440
2021-01-05;"Žilinský kraj";717;11147;915;12062;NA;93026;1632;2021-01-05;46206
2021-01-04;"Žilinský kraj";479;9376;959;10335;NA;93026;1438;2021-01-04;44574
2021-01-03;"Žilinský kraj";13;33;4;37;NA;93026;17;2021-01-03;43136
2021-01-02;"Žilinský kraj";98;746;86;832;NA;93026;184;2021-01-02;43119
2021-01-01;"Žilinský kraj";118;552;36;588;NA;93026;154;2021-01-01;42935
2020-12-31;"Žilinský kraj";395;10040;814;10854;NA;93026;1209;2020-12-31;42781
2020-12-30;"Žilinský kraj";1038;12026;846;12872;NA;93026;1884;2020-12-30;41572
2020-12-29;"Žilinský kraj";256;10593;1044;11637;NA;93026;1300;2020-12-29;39688
2020-12-28;"Žilinský kraj";406;10481;991;11472;NA;93026;1397;2020-12-28;38388
2020-12-27;"Žilinský kraj";40;662;80;742;NA;93026;120;2020-12-27;36991
2020-12-26;"Žilinský kraj";135;124;14;138;NA;93026;149;2020-12-26;36871
2020-12-25;"Žilinský kraj";66;111;10;121;NA;93026;76;2020-12-25;36722
2020-12-24;"Žilinský kraj";643;1018;75;1093;NA;93026;718;2020-12-24;36646
2020-12-23;"Žilinský kraj";228;17146;997;18143;NA;93026;1225;2020-12-23;35928
2020-12-22;"Žilinský kraj";519;13103;1002;14105;NA;93026;1521;2020-12-22;34703
2020-12-21;"Žilinský kraj";444;12622;1100;13722;NA;93026;1544;2020-12-21;33182
2020-12-20;"Žilinský kraj";36;579;73;652;NA;93026;109;2020-12-20;31638
2020-12-19;"Žilinský kraj";208;2080;144;2224;NA;93026;352;2020-12-19;31529
2020-12-18;"Žilinský kraj";333;6899;402;7301;NA;93026;735;2020-12-18;31177
2020-12-17;"Žilinský kraj";500;4248;280;4528;NA;93026;780;2020-12-17;30442
2020-12-16;"Žilinský kraj";333;4000;285;4285;NA;93026;618;2020-12-16;29662
2020-12-15;"Žilinský kraj";528;4182;377;4559;NA;93026;905;2020-12-15;29044
2020-12-14;"Žilinský kraj";321;4273;355;4628;NA;93026;676;2020-12-14;28139
2020-12-13;"Žilinský kraj";26;529;66;595;NA;93026;92;2020-12-13;27463
2020-12-12;"Žilinský kraj";95;1061;53;1114;NA;93026;148;2020-12-12;27371
2020-12-11;"Žilinský kraj";455;4513;274;4787;NA;93026;729;2020-12-11;27223
2020-12-10;"Žilinský kraj";166;9342;840;10182;NA;93026;1006;2020-12-10;26494
2020-12-09;"Žilinský kraj";392;2258;129;2387;NA;93026;521;2020-12-09;25488
2020-12-08;"Žilinský kraj";331;3218;127;3345;NA;93026;458;2020-12-08;24967
2020-12-07;"Žilinský kraj";348;2289;121;2410;NA;93026;469;2020-12-07;24509
2020-12-06;"Žilinský kraj";15;147;4;151;NA;93026;19;2020-12-06;24040
2020-12-05;"Žilinský kraj";98;1237;45;1282;NA;93026;143;2020-12-05;24021
2020-12-04;"Žilinský kraj";228;2884;123;3007;NA;93026;351;2020-12-04;23878
2020-12-03;"Žilinský kraj";237;1415;119;1534;NA;93026;356;2020-12-03;23527
2020-12-02;"Žilinský kraj";181;1538;82;1620;NA;93026;263;2020-12-02;23171
2020-12-01;"Žilinský kraj";209;6534;309;6843;NA;93026;518;2020-12-01;22908
2020-11-30;"Žilinský kraj";203;5235;291;5526;NA;93026;494;2020-11-30;22390
2020-11-29;"Žilinský kraj";18;81;7;88;NA;93026;25;2020-11-29;21896
2020-11-28;"Žilinský kraj";99;349;15;364;NA;93026;114;2020-11-28;21871
2020-11-27;"Žilinský kraj";218;913;46;959;NA;93026;264;2020-11-27;21757
2020-11-26;"Žilinský kraj";190;1104;57;1161;NA;93026;247;2020-11-26;21493
2020-11-25;"Žilinský kraj";225;1217;49;1266;NA;93026;274;2020-11-25;21246
2020-11-24;"Žilinský kraj";213;2092;67;2159;NA;93026;280;2020-11-24;20972
2020-11-23;"Žilinský kraj";170;759;44;803;NA;93026;214;2020-11-23;20692
2020-11-22;"Žilinský kraj";11;0;0;0;NA;93026;11;2020-11-22;20478
2020-11-21;"Žilinský kraj";61;505;20;525;NA;93026;81;2020-11-21;20467
2020-11-20;"Žilinský kraj";251;1074;45;1119;NA;93026;296;2020-11-20;20386
2020-11-19;"Žilinský kraj";252;752;61;813;NA;93026;313;2020-11-19;20090
2020-11-18;"Žilinský kraj";346;348;15;363;NA;93026;361;2020-11-18;19777
2020-11-17;"Žilinský kraj";123;490;15;505;NA;93026;138;2020-11-17;19416
2020-11-16;"Žilinský kraj";227;206;13;219;NA;93026;240;2020-11-16;19278
2020-11-15;"Žilinský kraj";63;13;0;13;NA;93026;63;2020-11-15;19038
2020-11-14;"Žilinský kraj";189;1038;11;1049;NA;93026;200;2020-11-14;18975
2020-11-13;"Žilinský kraj";181;125;9;134;NA;93026;190;2020-11-13;18775
2020-11-12;"Žilinský kraj";334;79;2;81;NA;93026;336;2020-11-12;18585
2020-11-11;"Žilinský kraj";489;147;10;157;NA;93026;499;2020-11-11;18249
2020-11-10;"Žilinský kraj";374;519;9;528;NA;93026;383;2020-11-10;17750
2020-11-09;"Žilinský kraj";143;2335;30;2365;NA;93026;173;2020-11-09;17367
2020-11-08;"Žilinský kraj";59;2196;35;2231;NA;93026;94;2020-11-08;17194
2020-11-07;"Žilinský kraj";312;8175;88;8263;NA;93026;400;2020-11-07;17100
2020-11-06;"Žilinský kraj";503;4090;38;4128;NA;93026;541;2020-11-06;16700
2020-11-05;"Žilinský kraj";473;64;4;68;NA;93026;477;2020-11-05;16159
2020-11-04;"Žilinský kraj";423;76;7;83;NA;93026;430;2020-11-04;15682
2020-11-03;"Žilinský kraj";688;889;16;905;NA;93026;704;2020-11-03;15252
2020-11-02;"Žilinský kraj";472;1043;39;1082;NA;93026;511;2020-11-02;14548
2020-11-01;"Žilinský kraj";349;5096;130;5226;NA;93026;479;2020-11-01;14037
2020-10-31;"Žilinský kraj";661;7963;203;8166;NA;93026;864;2020-10-31;13558
2020-10-30;"Žilinský kraj";529;2575;61;2636;NA;93026;590;2020-10-30;12694
2020-10-29;"Žilinský kraj";740;503;17;520;NA;93026;757;2020-10-29;12104
2020-10-28;"Žilinský kraj";635;105;11;116;NA;93026;646;2020-10-28;11347
2020-10-27;"Žilinský kraj";355;154;24;178;NA;93026;379;2020-10-27;10701
2020-10-26;"Žilinský kraj";148;117;28;145;NA;93026;176;2020-10-26;10322
2020-10-25;"Žilinský kraj";436;0;0;0;NA;93026;436;2020-10-25;10146
2020-10-24;"Žilinský kraj";803;0;0;0;NA;93026;803;2020-10-24;9710
2020-10-23;"Žilinský kraj";659;102;13;115;NA;93026;672;2020-10-23;8907
2020-10-22;"Žilinský kraj";525;33;3;36;NA;93026;528;2020-10-22;8235
2020-10-21;"Žilinský kraj";478;74;14;88;NA;93026;492;2020-10-21;7707
2020-10-20;"Žilinský kraj";524;127;8;135;NA;93026;532;2020-10-20;7215
2020-10-19;"Žilinský kraj";70;80;12;92;NA;93026;82;2020-10-19;6683
2020-10-18;"Žilinský kraj";159;0;0;0;NA;93026;159;2020-10-18;6601
2020-10-17;"Žilinský kraj";509;0;0;0;NA;93026;509;2020-10-17;6442
2020-10-16;"Žilinský kraj";603;51;9;60;NA;93026;612;2020-10-16;5933
2020-10-15;"Žilinský kraj";679;61;3;64;NA;93026;682;2020-10-15;5321
2020-10-14;"Žilinský kraj";523;269;6;275;NA;93026;529;2020-10-14;4639
2020-10-13;"Žilinský kraj";367;458;40;498;NA;93026;407;2020-10-13;4110
2020-10-12;"Žilinský kraj";62;0;0;0;NA;93026;62;2020-10-12;3703
2020-10-11;"Žilinský kraj";50;0;0;0;NA;93026;50;2020-10-11;3641
2020-10-10;"Žilinský kraj";213;0;0;0;NA;93026;213;2020-10-10;3591
2020-10-09;"Žilinský kraj";543;0;0;0;NA;93026;543;2020-10-09;3378
2020-10-08;"Žilinský kraj";238;0;0;0;NA;93026;238;2020-10-08;2835
2020-10-07;"Žilinský kraj";168;0;0;0;NA;93026;168;2020-10-07;2597
2020-10-06;"Žilinský kraj";233;0;0;0;NA;93026;233;2020-10-06;2429
2020-10-05;"Žilinský kraj";33;0;0;0;NA;93026;33;2020-10-05;2196
2020-10-04;"Žilinský kraj";35;0;0;0;NA;93026;35;2020-10-04;2163
2020-10-03;"Žilinský kraj";155;0;0;0;NA;93026;155;2020-10-03;2128
2020-10-02;"Žilinský kraj";105;0;0;0;NA;93026;105;2020-10-02;1973
2020-10-01;"Žilinský kraj";147;0;0;0;NA;93026;147;2020-10-01;1868
2020-09-30;"Žilinský kraj";163;0;0;0;NA;93026;163;2020-09-30;1721
2020-09-29;"Žilinský kraj";105;0;0;0;NA;93026;105;2020-09-29;1558
2020-09-28;"Žilinský kraj";34;0;0;0;NA;93026;34;2020-09-28;1453
2020-09-27;"Žilinský kraj";108;0;0;0;NA;93026;108;2020-09-27;1419
2020-09-26;"Žilinský kraj";96;0;0;0;NA;93026;96;2020-09-26;1311
2020-09-25;"Žilinský kraj";69;0;0;0;NA;93026;69;2020-09-25;1215
2020-09-24;"Žilinský kraj";100;0;0;0;NA;93026;100;2020-09-24;1146
2020-09-23;"Žilinský kraj";65;0;0;0;NA;93026;65;2020-09-23;1046
2020-09-22;"Žilinský kraj";65;0;0;0;NA;93026;65;2020-09-22;981
2020-09-21;"Žilinský kraj";47;0;0;0;NA;93026;47;2020-09-21;916
2020-09-20;"Žilinský kraj";4;0;0;0;NA;93026;4;2020-09-20;869
2020-09-19;"Žilinský kraj";6;0;0;0;NA;93026;6;2020-09-19;865
2020-09-18;"Žilinský kraj";82;0;0;0;NA;93026;82;2020-09-18;859
2020-09-17;"Žilinský kraj";30;0;0;0;NA;93026;30;2020-09-17;777
2020-09-16;"Žilinský kraj";34;0;0;0;NA;93026;34;2020-09-16;747
2020-09-15;"Žilinský kraj";12;0;0;0;NA;93026;12;2020-09-15;713
2020-09-14;"Žilinský kraj";39;0;0;0;NA;93026;39;2020-09-14;701
2020-09-13;"Žilinský kraj";6;0;0;0;NA;93026;6;2020-09-13;662
2020-09-12;"Žilinský kraj";4;0;0;0;NA;93026;4;2020-09-12;656
2020-09-11;"Žilinský kraj";31;0;0;0;NA;93026;31;2020-09-11;652
2020-09-10;"Žilinský kraj";31;0;0;0;NA;93026;31;2020-09-10;621
2020-09-09;"Žilinský kraj";23;0;0;0;NA;93026;23;2020-09-09;590
2020-09-08;"Žilinský kraj";25;0;0;0;NA;93026;25;2020-09-08;567
2020-09-07;"Žilinský kraj";11;0;0;0;NA;93026;11;2020-09-07;542
2020-09-05;"Žilinský kraj";2;0;0;0;NA;93026;2;2020-09-05;531
2020-09-04;"Žilinský kraj";33;0;0;0;NA;93026;33;2020-09-04;529
2020-09-03;"Žilinský kraj";18;0;0;0;NA;93026;18;2020-09-03;496
2020-09-02;"Žilinský kraj";16;0;0;0;NA;93026;16;2020-09-02;478
2020-09-01;"Žilinský kraj";4;0;0;0;NA;93026;4;2020-09-01;462
2020-08-31;"Žilinský kraj";5;0;0;0;NA;93026;5;2020-08-31;458
2020-08-30;"Žilinský kraj";3;0;0;0;NA;93026;3;2020-08-30;453
2020-08-29;"Žilinský kraj";5;0;0;0;NA;93026;5;2020-08-29;450
2020-08-28;"Žilinský kraj";13;0;0;0;NA;93026;13;2020-08-28;445
2020-08-27;"Žilinský kraj";18;0;0;0;NA;93026;18;2020-08-27;432
2020-08-26;"Žilinský kraj";8;0;0;0;NA;93026;8;2020-08-26;414
2020-08-25;"Žilinský kraj";2;0;0;0;NA;93026;2;2020-08-25;406
2020-08-24;"Žilinský kraj";5;0;0;0;NA;93026;5;2020-08-24;404
2020-08-21;"Žilinský kraj";10;0;0;0;NA;93026;10;2020-08-21;399
2020-08-20;"Žilinský kraj";13;0;0;0;NA;93026;13;2020-08-20;389
2020-08-19;"Žilinský kraj";7;0;0;0;NA;93026;7;2020-08-19;376
2020-08-18;"Žilinský kraj";9;0;0;0;NA;93026;9;2020-08-18;369
2020-08-17;"Žilinský kraj";1;0;0;0;NA;93026;1;2020-08-17;360
2020-08-14;"Žilinský kraj";4;0;0;0;NA;93026;4;2020-08-14;359
2020-08-13;"Žilinský kraj";2;0;0;0;NA;93026;2;2020-08-13;355
2020-08-11;"Žilinský kraj";4;0;0;0;NA;93026;4;2020-08-11;353
2020-08-10;"Žilinský kraj";1;0;0;0;NA;93026;1;2020-08-10;349
2020-08-08;"Žilinský kraj";3;0;0;0;NA;93026;3;2020-08-08;348
2020-08-07;"Žilinský kraj";8;0;0;0;NA;93026;8;2020-08-07;345
2020-08-06;"Žilinský kraj";1;0;0;0;NA;93026;1;2020-08-06;337
2020-08-05;"Žilinský kraj";1;0;0;0;NA;93026;1;2020-08-05;336
2020-08-04;"Žilinský kraj";2;0;0;0;NA;93026;2;2020-08-04;335
2020-08-02;"Žilinský kraj";1;0;0;0;NA;93026;1;2020-08-02;333
2020-07-31;"Žilinský kraj";4;0;0;0;NA;93026;4;2020-07-31;332
2020-07-30;"Žilinský kraj";2;0;0;0;NA;93026;2;2020-07-30;328
2020-07-29;"Žilinský kraj";2;0;0;0;NA;93026;2;2020-07-29;326
2020-07-28;"Žilinský kraj";4;0;0;0;NA;93026;4;2020-07-28;324
2020-07-27;"Žilinský kraj";6;0;0;0;NA;93026;6;2020-07-27;320
2020-07-24;"Žilinský kraj";2;0;0;0;NA;93026;2;2020-07-24;314
2020-07-22;"Žilinský kraj";1;0;0;0;NA;93026;1;2020-07-22;312
2020-07-21;"Žilinský kraj";2;0;0;0;NA;93026;2;2020-07-21;311
2020-07-20;"Žilinský kraj";3;0;0;0;NA;93026;3;2020-07-20;309
2020-07-17;"Žilinský kraj";2;0;0;0;NA;93026;2;2020-07-17;306
2020-07-16;"Žilinský kraj";2;0;0;0;NA;93026;2;2020-07-16;304
2020-07-15;"Žilinský kraj";2;0;0;0;NA;93026;2;2020-07-15;302
2020-07-14;"Žilinský kraj";1;0;0;0;NA;93026;1;2020-07-14;300
2020-07-11;"Žilinský kraj";2;0;0;0;NA;93026;2;2020-07-11;299
2020-07-10;"Žilinský kraj";3;0;0;0;NA;93026;3;2020-07-10;297
2020-07-09;"Žilinský kraj";2;0;0;0;NA;93026;2;2020-07-09;294
2020-07-08;"Žilinský kraj";10;0;0;0;NA;93026;10;2020-07-08;292
2020-07-07;"Žilinský kraj";7;0;0;0;NA;93026;7;2020-07-07;282
2020-07-04;"Žilinský kraj";10;0;0;0;NA;93026;10;2020-07-04;275
2020-07-03;"Žilinský kraj";18;0;0;0;NA;93026;18;2020-07-03;265
2020-07-02;"Žilinský kraj";7;0;0;0;NA;93026;7;2020-07-02;247
2020-06-30;"Žilinský kraj";4;0;0;0;NA;93026;4;2020-06-30;240
2020-06-28;"Žilinský kraj";1;0;0;0;NA;93026;1;2020-06-28;236
2020-06-27;"Žilinský kraj";3;0;0;0;NA;93026;3;2020-06-27;235
2020-06-26;"Žilinský kraj";5;0;0;0;NA;93026;5;2020-06-26;232
2020-06-25;"Žilinský kraj";7;0;0;0;NA;93026;7;2020-06-25;227
2020-06-24;"Žilinský kraj";11;0;0;0;NA;93026;11;2020-06-24;220
2020-06-23;"Žilinský kraj";9;0;0;0;NA;93026;9;2020-06-23;209
2020-06-21;"Žilinský kraj";1;0;0;0;NA;93026;1;2020-06-21;200
2020-06-20;"Žilinský kraj";1;0;0;0;NA;93026;1;2020-06-20;199
2020-06-19;"Žilinský kraj";4;0;0;0;NA;93026;4;2020-06-19;198
2020-06-18;"Žilinský kraj";1;0;0;0;NA;93026;1;2020-06-18;194
2020-06-16;"Žilinský kraj";1;0;0;0;NA;93026;1;2020-06-16;193
2020-06-09;"Žilinský kraj";1;0;0;0;NA;93026;1;2020-06-09;192
2020-05-27;"Žilinský kraj";1;0;0;0;NA;93026;1;2020-05-27;191
2020-05-26;"Žilinský kraj";1;0;0;0;NA;93026;1;2020-05-26;190
2020-05-19;"Žilinský kraj";1;0;0;0;NA;93026;1;2020-05-19;189
2020-05-06;"Žilinský kraj";2;0;0;0;NA;93026;2;2020-05-06;188
2020-05-05;"Žilinský kraj";3;0;0;0;NA;93026;3;2020-05-05;186
2020-05-04;"Žilinský kraj";3;0;0;0;NA;93026;3;2020-05-04;183
2020-05-03;"Žilinský kraj";1;0;0;0;NA;93026;1;2020-05-03;180
2020-05-01;"Žilinský kraj";1;0;0;0;NA;93026;1;2020-05-01;179
2020-04-25;"Žilinský kraj";2;0;0;0;NA;93026;2;2020-04-25;178
2020-04-24;"Žilinský kraj";1;0;0;0;NA;93026;1;2020-04-24;176
2020-04-23;"Žilinský kraj";2;0;0;0;NA;93026;2;2020-04-23;175
2020-04-22;"Žilinský kraj";9;0;0;0;NA;93026;9;2020-04-22;173
2020-04-21;"Žilinský kraj";1;0;0;0;NA;93026;1;2020-04-21;164
2020-04-20;"Žilinský kraj";4;0;0;0;NA;93026;4;2020-04-20;163
2020-04-18;"Žilinský kraj";49;0;0;0;NA;93026;49;2020-04-18;159
2020-04-17;"Žilinský kraj";3;0;0;0;NA;93026;3;2020-04-17;110
2020-04-16;"Žilinský kraj";4;0;0;0;NA;93026;4;2020-04-16;107
2020-04-15;"Žilinský kraj";7;0;0;0;NA;93026;7;2020-04-15;103
2020-04-14;"Žilinský kraj";1;0;0;0;NA;93026;1;2020-04-14;96
2020-04-13;"Žilinský kraj";2;0;0;0;NA;93026;2;2020-04-13;95
2020-04-12;"Žilinský kraj";5;0;0;0;NA;93026;5;2020-04-12;93
2020-04-11;"Žilinský kraj";2;0;0;0;NA;93026;2;2020-04-11;88
2020-04-10;"Žilinský kraj";1;0;0;0;NA;93026;1;2020-04-10;86
2020-04-09;"Žilinský kraj";1;0;0;0;NA;93026;1;2020-04-09;85
2020-04-08;"Žilinský kraj";3;0;0;0;NA;93026;3;2020-04-08;84
2020-04-07;"Žilinský kraj";5;0;0;0;NA;93026;5;2020-04-07;81
2020-04-06;"Žilinský kraj";6;0;0;0;NA;93026;6;2020-04-06;76
2020-04-05;"Žilinský kraj";8;0;0;0;NA;93026;8;2020-04-05;70
2020-04-03;"Žilinský kraj";3;0;0;0;NA;93026;3;2020-04-03;62
2020-04-02;"Žilinský kraj";5;0;0;0;NA;93026;5;2020-04-02;59
2020-04-01;"Žilinský kraj";4;0;0;0;NA;93026;4;2020-04-01;54
2020-03-31;"Žilinský kraj";1;0;0;0;NA;93026;1;2020-03-31;50
2020-03-30;"Žilinský kraj";3;0;0;0;NA;93026;3;2020-03-30;49
2020-03-28;"Žilinský kraj";1;0;0;0;NA;93026;1;2020-03-28;46
2020-03-27;"Žilinský kraj";9;0;0;0;NA;93026;9;2020-03-27;45
2020-03-26;"Žilinský kraj";4;0;0;0;NA;93026;4;2020-03-26;36
2020-03-25;"Žilinský kraj";1;0;0;0;NA;93026;1;2020-03-25;32
2020-03-24;"Žilinský kraj";2;0;0;0;NA;93026;2;2020-03-24;31
2020-03-23;"Žilinský kraj";3;0;0;0;NA;93026;3;2020-03-23;29
2020-03-22;"Žilinský kraj";1;0;0;0;NA;93026;1;2020-03-22;26
2020-03-21;"Žilinský kraj";2;0;0;0;NA;93026;2;2020-03-21;25
2020-03-20;"Žilinský kraj";4;0;0;0;NA;93026;4;2020-03-20;23
2020-03-19;"Žilinský kraj";2;0;0;0;NA;93026;2;2020-03-19;19
2020-03-18;"Žilinský kraj";1;0;0;0;NA;93026;1;2020-03-18;17
2020-03-17;"Žilinský kraj";5;0;0;0;NA;93026;5;2020-03-17;16
2020-03-16;"Žilinský kraj";1;0;0;0;NA;93026;1;2020-03-16;11
2020-03-15;"Žilinský kraj";2;0;0;0;NA;93026;2;2020-03-15;10
2020-03-14;"Žilinský kraj";1;0;0;0;NA;93026;1;2020-03-14;8
2020-03-13;"Žilinský kraj";5;0;0;0;NA;93026;5;2020-03-13;7
2020-03-12;"Žilinský kraj";1;0;0;0;NA;93026;1;2020-03-12;2
2020-03-09;"Žilinský kraj";1;0;0;0;NA;93026;1;2020-03-09;1
