"Datum";"Region";"PCR_Pos";"Ag_Neg";"Ag_Pos";"Total";"Pocet.potvrdenych";"Potvrdenych";"newcases";"date";"positive"
2021-06-20;"Banskobystrický kraj";0;3303;3;3306;0;45665;3;2021-06-20;45665
2021-06-19;"Banskobystrický kraj";0;4188;4;4192;NA;45665;4;2021-06-19;45662
2021-06-18;"Banskobystrický kraj";4;6825;1;6826;NA;45665;5;2021-06-18;45658
2021-06-17;"Banskobystrický kraj";2;5067;3;5070;NA;45665;5;2021-06-17;45653
2021-06-16;"Banskobystrický kraj";10;5769;5;5774;NA;45665;15;2021-06-16;45648
2021-06-15;"Banskobystrický kraj";9;5509;6;5515;NA;45665;15;2021-06-15;45633
2021-06-14;"Banskobystrický kraj";8;6805;7;6812;NA;45665;15;2021-06-14;45618
2021-06-13;"Banskobystrický kraj";0;6181;7;6188;NA;45665;7;2021-06-13;45603
2021-06-12;"Banskobystrický kraj";3;6168;5;6173;NA;45665;8;2021-06-12;45596
2021-06-11;"Banskobystrický kraj";5;9399;13;9412;NA;45665;18;2021-06-11;45588
2021-06-10;"Banskobystrický kraj";10;5545;7;5552;NA;45665;17;2021-06-10;45570
2021-06-09;"Banskobystrický kraj";9;5536;2;5538;NA;45665;11;2021-06-09;45553
2021-06-08;"Banskobystrický kraj";15;5594;10;5604;NA;45665;25;2021-06-08;45542
2021-06-07;"Banskobystrický kraj";4;7367;19;7386;NA;45665;23;2021-06-07;45517
2021-06-06;"Banskobystrický kraj";1;7246;11;7257;NA;45665;12;2021-06-06;45494
2021-06-05;"Banskobystrický kraj";15;7290;8;7298;NA;45665;23;2021-06-05;45482
2021-06-04;"Banskobystrický kraj";2;8707;12;8719;NA;45665;14;2021-06-04;45459
2021-06-03;"Banskobystrický kraj";8;6293;21;6314;NA;45665;29;2021-06-03;45445
2021-06-02;"Banskobystrický kraj";7;6597;5;6602;NA;45665;12;2021-06-02;45416
2021-06-01;"Banskobystrický kraj";12;7081;14;7095;NA;45665;26;2021-06-01;45404
2021-05-31;"Banskobystrický kraj";4;9298;28;9326;NA;45665;32;2021-05-31;45378
2021-05-30;"Banskobystrický kraj";3;8698;18;8716;NA;45665;21;2021-05-30;45346
2021-05-29;"Banskobystrický kraj";11;9209;13;9222;NA;45665;24;2021-05-29;45325
2021-05-28;"Banskobystrický kraj";13;11510;23;11533;NA;45665;36;2021-05-28;45301
2021-05-27;"Banskobystrický kraj";7;8760;12;8772;NA;45665;19;2021-05-27;45265
2021-05-26;"Banskobystrický kraj";18;7623;16;7639;NA;45665;34;2021-05-26;45246
2021-05-25;"Banskobystrický kraj";27;8883;30;8913;NA;45665;57;2021-05-25;45212
2021-05-24;"Banskobystrický kraj";9;12469;44;12513;NA;45665;53;2021-05-24;45155
2021-05-23;"Banskobystrický kraj";0;9522;25;9547;NA;45665;25;2021-05-23;45102
2021-05-22;"Banskobystrický kraj";20;9368;26;9394;NA;45665;46;2021-05-22;45077
2021-05-21;"Banskobystrický kraj";22;12364;21;12385;NA;45665;43;2021-05-21;45031
2021-05-20;"Banskobystrický kraj";14;8561;24;8585;NA;45665;38;2021-05-20;44988
2021-05-19;"Banskobystrický kraj";42;8344;18;8362;NA;45665;60;2021-05-19;44950
2021-05-18;"Banskobystrický kraj";27;9341;25;9366;NA;45665;52;2021-05-18;44890
2021-05-17;"Banskobystrický kraj";11;13179;29;13208;NA;45665;40;2021-05-17;44838
2021-05-16;"Banskobystrický kraj";15;13730;24;13754;NA;45665;39;2021-05-16;44798
2021-05-15;"Banskobystrický kraj";11;15020;29;15049;NA;45665;40;2021-05-15;44759
2021-05-14;"Banskobystrický kraj";35;18116;43;18159;NA;45665;78;2021-05-14;44719
2021-05-13;"Banskobystrický kraj";37;10605;40;10645;NA;45665;77;2021-05-13;44641
2021-05-12;"Banskobystrický kraj";31;10835;45;10880;NA;45665;76;2021-05-12;44564
2021-05-11;"Banskobystrický kraj";42;11227;48;11275;NA;45665;90;2021-05-11;44488
2021-05-10;"Banskobystrický kraj";28;17297;63;17360;NA;45665;91;2021-05-10;44398
2021-05-09;"Banskobystrický kraj";25;21333;66;21399;NA;45665;91;2021-05-09;44307
2021-05-08;"Banskobystrický kraj";11;13686;23;13709;NA;45665;34;2021-05-08;44216
2021-05-07;"Banskobystrický kraj";41;21278;74;21352;NA;45665;115;2021-05-07;44182
2021-05-06;"Banskobystrický kraj";36;12251;70;12321;NA;45665;106;2021-05-06;44067
2021-05-05;"Banskobystrický kraj";34;12592;63;12655;NA;45665;97;2021-05-05;43961
2021-05-04;"Banskobystrický kraj";83;13888;47;13935;NA;45665;130;2021-05-04;43864
2021-05-03;"Banskobystrický kraj";30;20872;80;20952;NA;45665;110;2021-05-03;43734
2021-05-02;"Banskobystrický kraj";6;32623;60;32683;NA;45665;66;2021-05-02;43624
2021-05-01;"Banskobystrický kraj";54;36770;67;36837;NA;45665;121;2021-05-01;43558
2021-04-30;"Banskobystrický kraj";38;34953;86;35039;NA;45665;124;2021-04-30;43437
2021-04-29;"Banskobystrický kraj";55;16839;68;16907;NA;45665;123;2021-04-29;43313
2021-04-28;"Banskobystrický kraj";66;17959;67;18026;NA;45665;133;2021-04-28;43190
2021-04-27;"Banskobystrický kraj";70;19152;73;19225;NA;45665;143;2021-04-27;43057
2021-04-26;"Banskobystrický kraj";34;28514;101;28615;NA;45665;135;2021-04-26;42914
2021-04-25;"Banskobystrický kraj";14;40204;106;40310;NA;45665;120;2021-04-25;42779
2021-04-24;"Banskobystrický kraj";40;51625;98;51723;NA;45665;138;2021-04-24;42659
2021-04-23;"Banskobystrický kraj";78;37724;88;37812;NA;45665;166;2021-04-23;42521
2021-04-22;"Banskobystrický kraj";51;17412;57;17469;NA;45665;108;2021-04-22;42355
2021-04-21;"Banskobystrický kraj";76;19192;94;19286;NA;45665;170;2021-04-21;42247
2021-04-20;"Banskobystrický kraj";116;21233;98;21331;NA;45665;214;2021-04-20;42077
2021-04-19;"Banskobystrický kraj";48;31407;105;31512;NA;45665;153;2021-04-19;41863
2021-04-18;"Banskobystrický kraj";16;42953;90;43043;NA;45665;106;2021-04-18;41710
2021-04-17;"Banskobystrický kraj";42;64939;92;65031;NA;45665;134;2021-04-17;41604
2021-04-16;"Banskobystrický kraj";72;37303;100;37403;NA;45665;172;2021-04-16;41470
2021-04-15;"Banskobystrický kraj";67;20117;83;20200;NA;45665;150;2021-04-15;41298
2021-04-14;"Banskobystrický kraj";69;21257;86;21343;NA;45665;155;2021-04-14;41148
2021-04-13;"Banskobystrický kraj";130;23076;77;23153;NA;45665;207;2021-04-13;40993
2021-04-12;"Banskobystrický kraj";60;32247;130;32377;NA;45665;190;2021-04-12;40786
2021-04-11;"Banskobystrický kraj";0;41367;88;41455;NA;45665;88;2021-04-11;40596
2021-04-10;"Banskobystrický kraj";56;64628;141;64769;NA;45665;197;2021-04-10;40508
2021-04-09;"Banskobystrický kraj";106;31566;118;31684;NA;45665;224;2021-04-09;40311
2021-04-08;"Banskobystrický kraj";132;18406;110;18516;NA;45665;242;2021-04-08;40087
2021-04-07;"Banskobystrický kraj";226;25117;94;25211;NA;45665;320;2021-04-07;39845
2021-04-06;"Banskobystrický kraj";93;42487;187;42674;NA;45665;280;2021-04-06;39525
2021-04-05;"Banskobystrický kraj";15;11797;87;11884;NA;45665;102;2021-04-05;39245
2021-04-04;"Banskobystrický kraj";24;19683;79;19762;NA;45665;103;2021-04-04;39143
2021-04-03;"Banskobystrický kraj";5;72553;211;72764;NA;45665;216;2021-04-03;39040
2021-04-02;"Banskobystrický kraj";71;13455;66;13521;NA;45665;137;2021-04-02;38824
2021-04-01;"Banskobystrický kraj";171;38877;200;39077;NA;45665;371;2021-04-01;38687
2021-03-31;"Banskobystrický kraj";147;25543;161;25704;NA;45665;308;2021-03-31;38316
2021-03-30;"Banskobystrický kraj";167;21439;159;21598;NA;45665;326;2021-03-30;38008
2021-03-29;"Banskobystrický kraj";119;29491;218;29709;NA;45665;337;2021-03-29;37682
2021-03-28;"Banskobystrický kraj";25;40610;189;40799;NA;45665;214;2021-03-28;37345
2021-03-27;"Banskobystrický kraj";85;64324;260;64584;NA;45665;345;2021-03-27;37131
2021-03-26;"Banskobystrický kraj";122;43657;240;43897;NA;45665;362;2021-03-26;36786
2021-03-25;"Banskobystrický kraj";120;21589;240;21829;NA;45665;360;2021-03-25;36424
2021-03-24;"Banskobystrický kraj";200;19319;227;19546;NA;45665;427;2021-03-24;36064
2021-03-23;"Banskobystrický kraj";241;21538;257;21795;NA;45665;498;2021-03-23;35637
2021-03-22;"Banskobystrický kraj";65;30478;274;30752;NA;45665;339;2021-03-22;35139
2021-03-21;"Banskobystrický kraj";31;40039;280;40319;NA;45665;311;2021-03-21;34800
2021-03-20;"Banskobystrický kraj";119;67926;383;68309;NA;45665;502;2021-03-20;34489
2021-03-19;"Banskobystrický kraj";240;44041;307;44348;NA;45665;547;2021-03-19;33987
2021-03-18;"Banskobystrický kraj";160;22467;273;22740;NA;45665;433;2021-03-18;33440
2021-03-17;"Banskobystrický kraj";262;21573;245;21818;NA;45665;507;2021-03-17;33007
2021-03-16;"Banskobystrický kraj";340;23365;224;23589;NA;45665;564;2021-03-16;32500
2021-03-15;"Banskobystrický kraj";95;31293;364;31657;NA;45665;459;2021-03-15;31936
2021-03-14;"Banskobystrický kraj";39;40650;229;40879;NA;45665;268;2021-03-14;31477
2021-03-13;"Banskobystrický kraj";209;67167;391;67558;NA;45665;600;2021-03-13;31209
2021-03-12;"Banskobystrický kraj";206;41439;330;41769;NA;45665;536;2021-03-12;30609
2021-03-11;"Banskobystrický kraj";228;21337;272;21609;NA;45665;500;2021-03-11;30073
2021-03-10;"Banskobystrický kraj";260;20381;238;20619;NA;45665;498;2021-03-10;29573
2021-03-09;"Banskobystrický kraj";352;21790;284;22074;NA;45665;636;2021-03-09;29075
2021-03-08;"Banskobystrický kraj";191;31488;427;31915;NA;45665;618;2021-03-08;28439
2021-03-07;"Banskobystrický kraj";60;39083;295;39378;NA;45665;355;2021-03-07;27821
2021-03-06;"Banskobystrický kraj";164;70562;410;70972;NA;45665;574;2021-03-06;27466
2021-03-05;"Banskobystrický kraj";221;42137;388;42525;NA;45665;609;2021-03-05;26892
2021-03-04;"Banskobystrický kraj";226;22007;334;22341;NA;45665;560;2021-03-04;26283
2021-03-03;"Banskobystrický kraj";317;21949;331;22280;NA;45665;648;2021-03-03;25723
2021-03-02;"Banskobystrický kraj";291;23152;354;23506;NA;45665;645;2021-03-02;25075
2021-03-01;"Banskobystrický kraj";151;31773;434;32207;NA;45665;585;2021-03-01;24430
2021-02-28;"Banskobystrický kraj";45;38663;336;38999;NA;45665;381;2021-02-28;23845
2021-02-27;"Banskobystrický kraj";289;66667;529;67196;NA;45665;818;2021-02-27;23464
2021-02-26;"Banskobystrický kraj";326;39489;468;39957;NA;45665;794;2021-02-26;22646
2021-02-25;"Banskobystrický kraj";375;18081;366;18447;NA;45665;741;2021-02-25;21852
2021-02-24;"Banskobystrický kraj";332;16735;373;17108;NA;45665;705;2021-02-24;21111
2021-02-23;"Banskobystrický kraj";462;19930;439;20369;NA;45665;901;2021-02-23;20406
2021-02-22;"Banskobystrický kraj";67;28643;598;29241;NA;45665;665;2021-02-22;19505
2021-02-21;"Banskobystrický kraj";68;37464;437;37901;NA;45665;505;2021-02-21;18840
2021-02-20;"Banskobystrický kraj";280;68851;598;69449;NA;45665;878;2021-02-20;18335
2021-02-19;"Banskobystrický kraj";420;39882;511;40393;NA;45665;931;2021-02-19;17457
2021-02-18;"Banskobystrický kraj";241;18618;396;19014;NA;45665;637;2021-02-18;16526
2021-02-17;"Banskobystrický kraj";415;16737;389;17126;NA;45665;804;2021-02-17;15889
2021-02-16;"Banskobystrický kraj";338;19727;368;20095;NA;45665;706;2021-02-16;15085
2021-02-15;"Banskobystrický kraj";118;35835;591;36426;NA;45665;709;2021-02-15;14379
2021-02-14;"Banskobystrický kraj";60;31894;386;32280;NA;45665;446;2021-02-14;13670
2021-02-13;"Banskobystrický kraj";202;53889;492;54381;NA;45665;694;2021-02-13;13224
2021-02-12;"Banskobystrický kraj";312;37270;533;37803;NA;45665;845;2021-02-12;12530
2021-02-11;"Banskobystrický kraj";305;21200;386;21586;NA;45665;691;2021-02-11;11685
2021-02-10;"Banskobystrický kraj";333;14790;344;15134;NA;45665;677;2021-02-10;10994
2021-02-09;"Banskobystrický kraj";329;18504;362;18866;NA;45665;691;2021-02-09;10317
2021-02-08;"Banskobystrický kraj";103;47054;672;47726;NA;45665;775;2021-02-08;9626
2021-02-07;"Banskobystrický kraj";70;37363;333;37696;NA;45665;403;2021-02-07;8851
2021-02-06;"Banskobystrický kraj";178;69388;570;69958;NA;45665;748;2021-02-06;8448
2021-02-05;"Banskobystrický kraj";282;24577;363;24940;NA;45665;645;2021-02-05;7700
2021-02-04;"Banskobystrický kraj";240;14367;430;14797;NA;45665;670;2021-02-04;7055
2021-02-03;"Banskobystrický kraj";350;9429;255;9684;NA;45665;605;2021-02-03;6385
2021-02-02;"Banskobystrický kraj";277;15740;334;16074;NA;45665;611;2021-02-02;5780
2021-02-01;"Banskobystrický kraj";75;24723;496;25219;NA;45665;571;2021-02-01;5169
2021-01-31;"Banskobystrický kraj";34;19983;201;20184;NA;45665;235;2021-01-31;4598
2021-01-30;"Banskobystrický kraj";163;63896;525;64421;NA;45665;688;2021-01-30;4363
2021-01-29;"Banskobystrický kraj";196;17360;269;17629;NA;45665;465;2021-01-29;3675
2021-01-28;"Banskobystrický kraj";218;14229;372;14601;NA;45665;590;2021-01-28;3210
2021-01-27;"Banskobystrický kraj";191;8128;200;8328;NA;45665;391;2021-01-27;2620
2021-01-26;"Banskobystrický kraj";238;19798;283;20081;NA;45665;521;2021-01-26;2229
2021-01-25;"Banskobystrický kraj";82;33666;412;34078;NA;45665;494;2021-01-25;1708
2021-01-24;"Banskobystrický kraj";38;35587;278;35865;NA;45665;316;2021-01-24;1214
2021-01-23;"Banskobystrický kraj";142;89033;524;89557;NA;45665;666;2021-01-23;898
2021-01-22;"Banskobystrický kraj";175;26393;359;26752;NA;45665;534;2021-01-22;232
2021-01-21;"Banskobystrický kraj";194;17308;285;17593;NA;45665;479;2021-01-21;-302
2021-01-20;"Banskobystrický kraj";231;9150;188;9338;NA;45665;419;2021-01-20;-781
2021-01-19;"Banskobystrický kraj";213;10708;311;11019;NA;45665;524;2021-01-19;-1200
2021-01-18;"Banskobystrický kraj";94;7415;402;7817;NA;45665;496;2021-01-18;-1724
2021-01-17;"Banskobystrický kraj";110;8154;77;8231;NA;45665;187;2021-01-17;-2220
2021-01-16;"Banskobystrický kraj";58;2274;57;2331;NA;45665;115;2021-01-16;-2407
2021-01-15;"Banskobystrický kraj";164;7673;217;7890;NA;45665;381;2021-01-15;-2522
2021-01-14;"Banskobystrický kraj";220;5760;325;6085;NA;45665;545;2021-01-14;-2903
2021-01-13;"Banskobystrický kraj";235;5974;217;6191;NA;45665;452;2021-01-13;-3448
2021-01-12;"Banskobystrický kraj";194;6808;299;7107;NA;45665;493;2021-01-12;-3900
2021-01-11;"Banskobystrický kraj";76;8231;481;8712;NA;45665;557;2021-01-11;-4393
2021-01-10;"Banskobystrický kraj";110;433;4;437;NA;45665;114;2021-01-10;-4950
2021-01-09;"Banskobystrický kraj";297;2378;81;2459;NA;45665;378;2021-01-09;-5064
2021-01-08;"Banskobystrický kraj";435;9802;443;10245;NA;45665;878;2021-01-08;-5442
2021-01-07;"Banskobystrický kraj";127;6322;366;6688;NA;45665;493;2021-01-07;-6320
2021-01-06;"Banskobystrický kraj";305;3374;185;3559;NA;45665;490;2021-01-06;-6813
2021-01-05;"Banskobystrický kraj";372;7349;533;7882;NA;45665;905;2021-01-05;-7303
2021-01-04;"Banskobystrický kraj";130;7083;700;7783;NA;45665;830;2021-01-04;-8208
2021-01-03;"Banskobystrický kraj";199;320;19;339;NA;45665;218;2021-01-03;-9038
2021-01-02;"Banskobystrický kraj";123;702;85;787;NA;45665;208;2021-01-02;-9256
2021-01-01;"Banskobystrický kraj";220;1958;132;2090;NA;45665;352;2021-01-01;-9464
2020-12-31;"Banskobystrický kraj";499;7379;633;8012;NA;45665;1132;2020-12-31;-9816
2020-12-30;"Banskobystrický kraj";593;7670;557;8227;NA;45665;1150;2020-12-30;-10948
2020-12-29;"Banskobystrický kraj";240;7955;664;8619;NA;45665;904;2020-12-29;-12098
2020-12-28;"Banskobystrický kraj";131;6098;711;6809;NA;45665;842;2020-12-28;-13002
2020-12-27;"Banskobystrický kraj";116;541;25;566;NA;45665;141;2020-12-27;-13844
2020-12-26;"Banskobystrický kraj";61;295;35;330;NA;45665;96;2020-12-26;-13985
2020-12-25;"Banskobystrický kraj";65;313;10;323;NA;45665;75;2020-12-25;-14081
2020-12-24;"Banskobystrický kraj";452;3685;135;3820;NA;45665;587;2020-12-24;-14156
2020-12-23;"Banskobystrický kraj";368;10116;507;10623;NA;45665;875;2020-12-23;-14743
2020-12-22;"Banskobystrický kraj";307;8449;624;9073;NA;45665;931;2020-12-22;-15618
2020-12-21;"Banskobystrický kraj";286;4896;448;5344;NA;45665;734;2020-12-21;-16549
2020-12-20;"Banskobystrický kraj";155;249;14;263;NA;45665;169;2020-12-20;-17283
2020-12-19;"Banskobystrický kraj";170;3084;138;3222;NA;45665;308;2020-12-19;-17452
2020-12-18;"Banskobystrický kraj";432;5965;324;6289;NA;45665;756;2020-12-18;-17760
2020-12-17;"Banskobystrický kraj";468;8703;656;9359;NA;45665;1124;2020-12-17;-18516
2020-12-16;"Banskobystrický kraj";379;10202;560;10762;NA;45665;939;2020-12-16;-19640
2020-12-15;"Banskobystrický kraj";336;5425;433;5858;NA;45665;769;2020-12-15;-20579
2020-12-14;"Banskobystrický kraj";148;3897;259;4156;NA;45665;407;2020-12-14;-21348
2020-12-13;"Banskobystrický kraj";122;142;1;143;NA;45665;123;2020-12-13;-21755
2020-12-12;"Banskobystrický kraj";137;2714;138;2852;NA;45665;275;2020-12-12;-21878
2020-12-11;"Banskobystrický kraj";468;6587;374;6961;NA;45665;842;2020-12-11;-22153
2020-12-10;"Banskobystrický kraj";280;5204;355;5559;NA;45665;635;2020-12-10;-22995
2020-12-09;"Banskobystrický kraj";323;3850;213;4063;NA;45665;536;2020-12-09;-23630
2020-12-08;"Banskobystrický kraj";256;3787;276;4063;NA;45665;532;2020-12-08;-24166
2020-12-07;"Banskobystrický kraj";175;2380;156;2536;NA;45665;331;2020-12-07;-24698
2020-12-06;"Banskobystrický kraj";121;507;11;518;NA;45665;132;2020-12-06;-25029
2020-12-05;"Banskobystrický kraj";109;1099;34;1133;NA;45665;143;2020-12-05;-25161
2020-12-04;"Banskobystrický kraj";339;3828;174;4002;NA;45665;513;2020-12-04;-25304
2020-12-03;"Banskobystrický kraj";240;3193;234;3427;NA;45665;474;2020-12-03;-25817
2020-12-02;"Banskobystrický kraj";217;4442;186;4628;NA;45665;403;2020-12-02;-26291
2020-12-01;"Banskobystrický kraj";215;2702;134;2836;NA;45665;349;2020-12-01;-26694
2020-11-30;"Banskobystrický kraj";74;4559;257;4816;NA;45665;331;2020-11-30;-27043
2020-11-29;"Banskobystrický kraj";19;208;7;215;NA;45665;26;2020-11-29;-27374
2020-11-28;"Banskobystrický kraj";81;1408;55;1463;NA;45665;136;2020-11-28;-27400
2020-11-27;"Banskobystrický kraj";219;2266;123;2389;NA;45665;342;2020-11-27;-27536
2020-11-26;"Banskobystrický kraj";208;2124;93;2217;NA;45665;301;2020-11-26;-27878
2020-11-25;"Banskobystrický kraj";170;1952;86;2038;NA;45665;256;2020-11-25;-28179
2020-11-24;"Banskobystrický kraj";166;2566;69;2635;NA;45665;235;2020-11-24;-28435
2020-11-23;"Banskobystrický kraj";66;10240;194;10434;NA;45665;260;2020-11-23;-28670
2020-11-22;"Banskobystrický kraj";38;104;1;105;NA;45665;39;2020-11-22;-28930
2020-11-21;"Banskobystrický kraj";52;904;14;918;NA;45665;66;2020-11-21;-28969
2020-11-20;"Banskobystrický kraj";127;2005;107;2112;NA;45665;234;2020-11-20;-29035
2020-11-19;"Banskobystrický kraj";170;1218;82;1300;NA;45665;252;2020-11-19;-29269
2020-11-18;"Banskobystrický kraj";153;698;65;763;NA;45665;218;2020-11-18;-29521
2020-11-17;"Banskobystrický kraj";52;578;35;613;NA;45665;87;2020-11-17;-29739
2020-11-16;"Banskobystrický kraj";106;470;25;495;NA;45665;131;2020-11-16;-29826
2020-11-15;"Banskobystrický kraj";52;301;4;305;NA;45665;56;2020-11-15;-29957
2020-11-14;"Banskobystrický kraj";73;305;2;307;NA;45665;75;2020-11-14;-30013
2020-11-13;"Banskobystrický kraj";157;552;11;563;NA;45665;168;2020-11-13;-30088
2020-11-12;"Banskobystrický kraj";218;952;44;996;NA;45665;262;2020-11-12;-30256
2020-11-11;"Banskobystrický kraj";224;437;9;446;NA;45665;233;2020-11-11;-30518
2020-11-10;"Banskobystrický kraj";263;463;18;481;NA;45665;281;2020-11-10;-30751
2020-11-09;"Banskobystrický kraj";80;2678;31;2709;NA;45665;111;2020-11-09;-31032
2020-11-08;"Banskobystrický kraj";82;981;16;997;NA;45665;98;2020-11-08;-31143
2020-11-07;"Banskobystrický kraj";164;8828;94;8922;NA;45665;258;2020-11-07;-31241
2020-11-06;"Banskobystrický kraj";227;2496;16;2512;NA;45665;243;2020-11-06;-31499
2020-11-05;"Banskobystrický kraj";240;290;33;323;NA;45665;273;2020-11-05;-31742
2020-11-04;"Banskobystrický kraj";254;1366;13;1379;NA;45665;267;2020-11-04;-32015
2020-11-03;"Banskobystrický kraj";246;1332;4;1336;NA;45665;250;2020-11-03;-32282
2020-11-02;"Banskobystrický kraj";90;2909;65;2974;NA;45665;155;2020-11-02;-32532
2020-11-01;"Banskobystrický kraj";101;2671;42;2713;NA;45665;143;2020-11-01;-32687
2020-10-31;"Banskobystrický kraj";199;13516;116;13632;NA;45665;315;2020-10-31;-32830
2020-10-30;"Banskobystrický kraj";254;2829;20;2849;NA;45665;274;2020-10-30;-33145
2020-10-29;"Banskobystrický kraj";372;969;42;1011;NA;45665;414;2020-10-29;-33419
2020-10-28;"Banskobystrický kraj";285;302;30;332;NA;45665;315;2020-10-28;-33833
2020-10-27;"Banskobystrický kraj";266;654;40;694;NA;45665;306;2020-10-27;-34148
2020-10-26;"Banskobystrický kraj";38;234;29;263;NA;45665;67;2020-10-26;-34454
2020-10-25;"Banskobystrický kraj";50;140;11;151;NA;45665;61;2020-10-25;-34521
2020-10-24;"Banskobystrický kraj";315;114;12;126;NA;45665;327;2020-10-24;-34582
2020-10-23;"Banskobystrický kraj";231;230;29;259;NA;45665;260;2020-10-23;-34909
2020-10-22;"Banskobystrický kraj";264;253;24;277;NA;45665;288;2020-10-22;-35169
2020-10-21;"Banskobystrický kraj";209;266;3;269;NA;45665;212;2020-10-21;-35457
2020-10-20;"Banskobystrický kraj";210;66;3;69;NA;45665;213;2020-10-20;-35669
2020-10-19;"Banskobystrický kraj";27;73;12;85;NA;45665;39;2020-10-19;-35882
2020-10-18;"Banskobystrický kraj";49;0;0;0;NA;45665;49;2020-10-18;-35921
2020-10-17;"Banskobystrický kraj";91;0;0;0;NA;45665;91;2020-10-17;-35970
2020-10-16;"Banskobystrický kraj";224;37;3;40;NA;45665;227;2020-10-16;-36061
2020-10-15;"Banskobystrický kraj";133;29;1;30;NA;45665;134;2020-10-15;-36288
2020-10-14;"Banskobystrický kraj";139;31;1;32;NA;45665;140;2020-10-14;-36422
2020-10-13;"Banskobystrický kraj";151;169;11;180;NA;45665;162;2020-10-13;-36562
2020-10-12;"Banskobystrický kraj";11;110;4;114;NA;45665;15;2020-10-12;-36724
2020-10-11;"Banskobystrický kraj";14;0;0;0;NA;45665;14;2020-10-11;-36739
2020-10-10;"Banskobystrický kraj";53;0;0;0;NA;45665;53;2020-10-10;-36753
2020-10-09;"Banskobystrický kraj";128;0;0;0;NA;45665;128;2020-10-09;-36806
2020-10-08;"Banskobystrický kraj";99;0;0;0;NA;45665;99;2020-10-08;-36934
2020-10-07;"Banskobystrický kraj";124;0;0;0;NA;45665;124;2020-10-07;-37033
2020-10-06;"Banskobystrický kraj";68;0;0;0;NA;45665;68;2020-10-06;-37157
2020-10-05;"Banskobystrický kraj";49;0;0;0;NA;45665;49;2020-10-05;-37225
2020-10-04;"Banskobystrický kraj";8;0;0;0;NA;45665;8;2020-10-04;-37274
2020-10-03;"Banskobystrický kraj";37;0;0;0;NA;45665;37;2020-10-03;-37282
2020-10-02;"Banskobystrický kraj";74;0;0;0;NA;45665;74;2020-10-02;-37319
2020-10-01;"Banskobystrický kraj";49;0;0;0;NA;45665;49;2020-10-01;-37393
2020-09-30;"Banskobystrický kraj";60;0;0;0;NA;45665;60;2020-09-30;-37442
2020-09-29;"Banskobystrický kraj";24;0;0;0;NA;45665;24;2020-09-29;-37502
2020-09-28;"Banskobystrický kraj";0;0;0;0;NA;45665;0;2020-09-28;-37526
2020-09-27;"Banskobystrický kraj";20;0;0;0;NA;45665;20;2020-09-27;-37526
2020-09-26;"Banskobystrický kraj";24;0;0;0;NA;45665;24;2020-09-26;-37546
2020-09-25;"Banskobystrický kraj";29;0;0;0;NA;45665;29;2020-09-25;-37570
2020-09-24;"Banskobystrický kraj";25;0;0;0;NA;45665;25;2020-09-24;-37599
2020-09-23;"Banskobystrický kraj";17;0;0;0;NA;45665;17;2020-09-23;-37624
2020-09-22;"Banskobystrický kraj";25;0;0;0;NA;45665;25;2020-09-22;-37641
2020-09-21;"Banskobystrický kraj";3;0;0;0;NA;45665;3;2020-09-21;-37666
2020-09-20;"Banskobystrický kraj";0;0;0;0;NA;45665;0;2020-09-20;-37669
2020-09-19;"Banskobystrický kraj";3;0;0;0;NA;45665;3;2020-09-19;-37669
2020-09-18;"Banskobystrický kraj";24;0;0;0;NA;45665;24;2020-09-18;-37672
2020-09-17;"Banskobystrický kraj";14;0;0;0;NA;45665;14;2020-09-17;-37696
2020-09-16;"Banskobystrický kraj";6;0;0;0;NA;45665;6;2020-09-16;-37710
2020-09-15;"Banskobystrický kraj";2;0;0;0;NA;45665;2;2020-09-15;-37716
2020-09-14;"Banskobystrický kraj";13;0;0;0;NA;45665;13;2020-09-14;-37718
2020-09-13;"Banskobystrický kraj";1;0;0;0;NA;45665;1;2020-09-13;-37731
2020-09-12;"Banskobystrický kraj";5;0;0;0;NA;45665;5;2020-09-12;-37732
2020-09-11;"Banskobystrický kraj";19;0;0;0;NA;45665;19;2020-09-11;-37737
2020-09-10;"Banskobystrický kraj";11;0;0;0;NA;45665;11;2020-09-10;-37756
2020-09-09;"Banskobystrický kraj";13;0;0;0;NA;45665;13;2020-09-09;-37767
2020-09-08;"Banskobystrický kraj";5;0;0;0;NA;45665;5;2020-09-08;-37780
2020-09-07;"Banskobystrický kraj";2;0;0;0;NA;45665;2;2020-09-07;-37785
2020-09-06;"Banskobystrický kraj";0;0;0;0;NA;45665;0;2020-09-06;-37787
2020-09-05;"Banskobystrický kraj";0;0;0;0;NA;45665;0;2020-09-05;-37787
2020-09-04;"Banskobystrický kraj";9;0;0;0;NA;45665;9;2020-09-04;-37787
2020-09-03;"Banskobystrický kraj";5;0;0;0;NA;45665;5;2020-09-03;-37796
2020-09-02;"Banskobystrický kraj";6;0;0;0;NA;45665;6;2020-09-02;-37801
2020-09-01;"Banskobystrický kraj";2;0;0;0;NA;45665;2;2020-09-01;-37807
2020-08-31;"Banskobystrický kraj";6;0;0;0;NA;45665;6;2020-08-31;-37809
2020-08-30;"Banskobystrický kraj";0;0;0;0;NA;45665;0;2020-08-30;-37815
2020-08-29;"Banskobystrický kraj";1;0;0;0;NA;45665;1;2020-08-29;-37815
2020-08-28;"Banskobystrický kraj";3;0;0;0;NA;45665;3;2020-08-28;-37816
2020-08-27;"Banskobystrický kraj";1;0;0;0;NA;45665;1;2020-08-27;-37819
2020-08-26;"Banskobystrický kraj";2;0;0;0;NA;45665;2;2020-08-26;-37820
2020-08-25;"Banskobystrický kraj";2;0;0;0;NA;45665;2;2020-08-25;-37822
2020-08-24;"Banskobystrický kraj";0;0;0;0;NA;45665;0;2020-08-24;-37824
2020-08-23;"Banskobystrický kraj";0;0;0;0;NA;45665;0;2020-08-23;-37824
2020-08-22;"Banskobystrický kraj";0;0;0;0;NA;45665;0;2020-08-22;-37824
2020-08-21;"Banskobystrický kraj";4;0;0;0;NA;45665;4;2020-08-21;-37824
2020-08-20;"Banskobystrický kraj";1;0;0;0;NA;45665;1;2020-08-20;-37828
2020-08-19;"Banskobystrický kraj";4;0;0;0;NA;45665;4;2020-08-19;-37829
2020-08-18;"Banskobystrický kraj";0;0;0;0;NA;45665;0;2020-08-18;-37833
2020-08-17;"Banskobystrický kraj";1;0;0;0;NA;45665;1;2020-08-17;-37833
2020-08-16;"Banskobystrický kraj";0;0;0;0;NA;45665;0;2020-08-16;-37834
2020-08-15;"Banskobystrický kraj";0;0;0;0;NA;45665;0;2020-08-15;-37834
2020-08-14;"Banskobystrický kraj";5;0;0;0;NA;45665;5;2020-08-14;-37834
2020-08-13;"Banskobystrický kraj";0;0;0;0;NA;45665;0;2020-08-13;-37839
2020-08-12;"Banskobystrický kraj";0;0;0;0;NA;45665;0;2020-08-12;-37839
2020-08-11;"Banskobystrický kraj";2;0;0;0;NA;45665;2;2020-08-11;-37839
2020-08-10;"Banskobystrický kraj";3;0;0;0;NA;45665;3;2020-08-10;-37841
2020-08-09;"Banskobystrický kraj";0;0;0;0;NA;45665;0;2020-08-09;-37844
2020-08-08;"Banskobystrický kraj";2;0;0;0;NA;45665;2;2020-08-08;-37844
2020-08-07;"Banskobystrický kraj";1;0;0;0;NA;45665;1;2020-08-07;-37846
2020-08-06;"Banskobystrický kraj";1;0;0;0;NA;45665;1;2020-08-06;-37847
2020-08-05;"Banskobystrický kraj";0;0;0;0;NA;45665;0;2020-08-05;-37848
2020-08-04;"Banskobystrický kraj";3;0;0;0;NA;45665;3;2020-08-04;-37848
2020-08-03;"Banskobystrický kraj";0;0;0;0;NA;45665;0;2020-08-03;-37851
2020-08-02;"Banskobystrický kraj";0;0;0;0;NA;45665;0;2020-08-02;-37851
2020-08-01;"Banskobystrický kraj";1;0;0;0;NA;45665;1;2020-08-01;-37851
2020-07-31;"Banskobystrický kraj";2;0;0;0;NA;45665;2;2020-07-31;-37852
2020-07-30;"Banskobystrický kraj";1;0;0;0;NA;45665;1;2020-07-30;-37854
2020-07-29;"Banskobystrický kraj";0;0;0;0;NA;45665;0;2020-07-29;-37855
2020-07-28;"Banskobystrický kraj";2;0;0;0;NA;45665;2;2020-07-28;-37855
2020-07-27;"Banskobystrický kraj";3;0;0;0;NA;45665;3;2020-07-27;-37857
2020-07-26;"Banskobystrický kraj";0;0;0;0;NA;45665;0;2020-07-26;-37860
2020-07-25;"Banskobystrický kraj";0;0;0;0;NA;45665;0;2020-07-25;-37860
2020-07-24;"Banskobystrický kraj";9;0;0;0;NA;45665;9;2020-07-24;-37860
2020-07-23;"Banskobystrický kraj";0;0;0;0;NA;45665;0;2020-07-23;-37869
2020-07-22;"Banskobystrický kraj";3;0;0;0;NA;45665;3;2020-07-22;-37869
2020-07-21;"Banskobystrický kraj";3;0;0;0;NA;45665;3;2020-07-21;-37872
2020-07-20;"Banskobystrický kraj";1;0;0;0;NA;45665;1;2020-07-20;-37875
2020-07-19;"Banskobystrický kraj";1;0;0;0;NA;45665;1;2020-07-19;-37876
2020-07-18;"Banskobystrický kraj";0;0;0;0;NA;45665;0;2020-07-18;-37877
2020-07-17;"Banskobystrický kraj";2;0;0;0;NA;45665;2;2020-07-17;-37877
2020-07-16;"Banskobystrický kraj";1;0;0;0;NA;45665;1;2020-07-16;-37879
2020-07-15;"Banskobystrický kraj";4;0;0;0;NA;45665;4;2020-07-15;-37880
2020-07-14;"Banskobystrický kraj";2;0;0;0;NA;45665;2;2020-07-14;-37884
2020-07-13;"Banskobystrický kraj";1;0;0;0;NA;45665;1;2020-07-13;-37886
2020-07-12;"Banskobystrický kraj";0;0;0;0;NA;45665;0;2020-07-12;-37887
2020-07-11;"Banskobystrický kraj";0;0;0;0;NA;45665;0;2020-07-11;-37887
2020-07-10;"Banskobystrický kraj";3;0;0;0;NA;45665;3;2020-07-10;-37887
2020-07-09;"Banskobystrický kraj";9;0;0;0;NA;45665;9;2020-07-09;-37890
2020-07-08;"Banskobystrický kraj";0;0;0;0;NA;45665;0;2020-07-08;-37899
2020-07-07;"Banskobystrický kraj";4;0;0;0;NA;45665;4;2020-07-07;-37899
2020-07-06;"Banskobystrický kraj";0;0;0;0;NA;45665;0;2020-07-06;-37903
2020-07-05;"Banskobystrický kraj";0;0;0;0;NA;45665;0;2020-07-05;-37903
2020-07-04;"Banskobystrický kraj";1;0;0;0;NA;45665;1;2020-07-04;-37903
2020-07-03;"Banskobystrický kraj";4;0;0;0;NA;45665;4;2020-07-03;-37904
2020-07-02;"Banskobystrický kraj";0;0;0;0;NA;45665;0;2020-07-02;-37908
2020-07-01;"Banskobystrický kraj";1;0;0;0;NA;45665;1;2020-07-01;-37908
2020-06-30;"Banskobystrický kraj";0;0;0;0;NA;45665;0;2020-06-30;-37909
2020-06-29;"Banskobystrický kraj";0;0;0;0;NA;45665;0;2020-06-29;-37909
2020-06-28;"Banskobystrický kraj";0;0;0;0;NA;45665;0;2020-06-28;-37909
2020-06-27;"Banskobystrický kraj";0;0;0;0;NA;45665;0;2020-06-27;-37909
2020-06-26;"Banskobystrický kraj";0;0;0;0;NA;45665;0;2020-06-26;-37909
2020-06-25;"Banskobystrický kraj";1;0;0;0;NA;45665;1;2020-06-25;-37909
2020-06-24;"Banskobystrický kraj";0;0;0;0;NA;45665;0;2020-06-24;-37910
2020-06-23;"Banskobystrický kraj";6;0;0;0;NA;45665;6;2020-06-23;-37910
2020-06-22;"Banskobystrický kraj";0;0;0;0;NA;45665;0;2020-06-22;-37916
2020-06-21;"Banskobystrický kraj";0;0;0;0;NA;45665;0;2020-06-21;-37916
2020-06-20;"Banskobystrický kraj";0;0;0;0;NA;45665;0;2020-06-20;-37916
2020-06-19;"Banskobystrický kraj";2;0;0;0;NA;45665;2;2020-06-19;-37916
2020-06-18;"Banskobystrický kraj";10;0;0;0;NA;45665;10;2020-06-18;-37918
2020-06-17;"Banskobystrický kraj";1;0;0;0;NA;45665;1;2020-06-17;-37928
2020-06-16;"Banskobystrický kraj";0;0;0;0;NA;45665;0;2020-06-16;-37929
2020-06-14;"Banskobystrický kraj";2;0;0;0;NA;45665;2;2020-06-14;-37929
2020-06-13;"Banskobystrický kraj";2;0;0;0;NA;45665;2;2020-06-13;-37931
2020-06-12;"Banskobystrický kraj";0;0;0;0;NA;45665;0;2020-06-12;-37933
2020-06-11;"Banskobystrický kraj";1;0;0;0;NA;45665;1;2020-06-11;-37933
2020-06-10;"Banskobystrický kraj";0;0;0;0;NA;45665;0;2020-06-10;-37934
2020-06-09;"Banskobystrický kraj";0;0;0;0;NA;45665;0;2020-06-09;-37934
2020-06-08;"Banskobystrický kraj";0;0;0;0;NA;45665;0;2020-06-08;-37934
2020-06-07;"Banskobystrický kraj";0;0;0;0;NA;45665;0;2020-06-07;-37934
2020-06-05;"Banskobystrický kraj";2;0;0;0;NA;45665;2;2020-06-05;-37934
2020-06-03;"Banskobystrický kraj";0;0;0;0;NA;45665;0;2020-06-03;-37936
2020-06-02;"Banskobystrický kraj";0;0;0;0;NA;45665;0;2020-06-02;-37936
2020-05-31;"Banskobystrický kraj";0;0;0;0;NA;45665;0;2020-05-31;-37936
2020-05-29;"Banskobystrický kraj";0;0;0;0;NA;45665;0;2020-05-29;-37936
2020-05-27;"Banskobystrický kraj";1;0;0;0;NA;45665;1;2020-05-27;-37936
2020-05-26;"Banskobystrický kraj";0;0;0;0;NA;45665;0;2020-05-26;-37937
2020-05-25;"Banskobystrický kraj";0;0;0;0;NA;45665;0;2020-05-25;-37937
2020-05-24;"Banskobystrický kraj";0;0;0;0;NA;45665;0;2020-05-24;-37937
2020-05-23;"Banskobystrický kraj";1;0;0;0;NA;45665;1;2020-05-23;-37937
2020-05-22;"Banskobystrický kraj";0;0;0;0;NA;45665;0;2020-05-22;-37938
2020-05-21;"Banskobystrický kraj";0;0;0;0;NA;45665;0;2020-05-21;-37938
2020-05-20;"Banskobystrický kraj";1;0;0;0;NA;45665;1;2020-05-20;-37938
2020-05-19;"Banskobystrický kraj";0;0;0;0;NA;45665;0;2020-05-19;-37939
2020-05-17;"Banskobystrický kraj";0;0;0;0;NA;45665;0;2020-05-17;-37939
2020-05-16;"Banskobystrický kraj";0;0;0;0;NA;45665;0;2020-05-16;-37939
2020-05-15;"Banskobystrický kraj";0;0;0;0;NA;45665;0;2020-05-15;-37939
2020-05-14;"Banskobystrický kraj";0;0;0;0;NA;45665;0;2020-05-14;-37939
2020-05-13;"Banskobystrický kraj";0;0;0;0;NA;45665;0;2020-05-13;-37939
2020-05-12;"Banskobystrický kraj";1;0;0;0;NA;45665;1;2020-05-12;-37939
2020-05-11;"Banskobystrický kraj";0;0;0;0;NA;45665;0;2020-05-11;-37940
2020-05-09;"Banskobystrický kraj";0;0;0;0;NA;45665;0;2020-05-09;-37940
2020-05-07;"Banskobystrický kraj";2;0;0;0;NA;45665;2;2020-05-07;-37940
2020-05-06;"Banskobystrický kraj";1;0;0;0;NA;45665;1;2020-05-06;-37942
2020-05-05;"Banskobystrický kraj";2;0;0;0;NA;45665;2;2020-05-05;-37943
2020-05-04;"Banskobystrický kraj";0;0;0;0;NA;45665;0;2020-05-04;-37945
2020-05-03;"Banskobystrický kraj";0;0;0;0;NA;45665;0;2020-05-03;-37945
2020-05-02;"Banskobystrický kraj";0;0;0;0;NA;45665;0;2020-05-02;-37945
2020-05-01;"Banskobystrický kraj";0;0;0;0;NA;45665;0;2020-05-01;-37945
2020-04-30;"Banskobystrický kraj";1;0;0;0;NA;45665;1;2020-04-30;-37945
2020-04-29;"Banskobystrický kraj";1;0;0;0;NA;45665;1;2020-04-29;-37946
2020-04-28;"Banskobystrický kraj";0;0;0;0;NA;45665;0;2020-04-28;-37947
2020-04-27;"Banskobystrický kraj";0;0;0;0;NA;45665;0;2020-04-27;-37947
2020-04-26;"Banskobystrický kraj";0;0;0;0;NA;45665;0;2020-04-26;-37947
2020-04-25;"Banskobystrický kraj";2;0;0;0;NA;45665;2;2020-04-25;-37947
2020-04-24;"Banskobystrický kraj";3;0;0;0;NA;45665;3;2020-04-24;-37949
2020-04-23;"Banskobystrický kraj";2;0;0;0;NA;45665;2;2020-04-23;-37952
2020-04-22;"Banskobystrický kraj";2;0;0;0;NA;45665;2;2020-04-22;-37954
2020-04-21;"Banskobystrický kraj";2;0;0;0;NA;45665;2;2020-04-21;-37956
2020-04-20;"Banskobystrický kraj";0;0;0;0;NA;45665;0;2020-04-20;-37958
2020-04-19;"Banskobystrický kraj";0;0;0;0;NA;45665;0;2020-04-19;-37958
2020-04-18;"Banskobystrický kraj";8;0;0;0;NA;45665;8;2020-04-18;-37958
2020-04-17;"Banskobystrický kraj";2;0;0;0;NA;45665;2;2020-04-17;-37966
2020-04-16;"Banskobystrický kraj";0;0;0;0;NA;45665;0;2020-04-16;-37968
2020-04-15;"Banskobystrický kraj";10;0;0;0;NA;45665;10;2020-04-15;-37968
2020-04-14;"Banskobystrický kraj";0;0;0;0;NA;45665;0;2020-04-14;-37978
2020-04-13;"Banskobystrický kraj";2;0;0;0;NA;45665;2;2020-04-13;-37978
2020-04-12;"Banskobystrický kraj";4;0;0;0;NA;45665;4;2020-04-12;-37980
2020-04-11;"Banskobystrický kraj";1;0;0;0;NA;45665;1;2020-04-11;-37984
2020-04-10;"Banskobystrický kraj";0;0;0;0;NA;45665;0;2020-04-10;-37985
2020-04-09;"Banskobystrický kraj";2;0;0;0;NA;45665;2;2020-04-09;-37985
2020-04-08;"Banskobystrický kraj";0;0;0;0;NA;45665;0;2020-04-08;-37987
2020-04-07;"Banskobystrický kraj";4;0;0;0;NA;45665;4;2020-04-07;-37987
2020-04-06;"Banskobystrický kraj";10;0;0;0;NA;45665;10;2020-04-06;-37991
2020-04-05;"Banskobystrický kraj";9;0;0;0;NA;45665;9;2020-04-05;-38001
2020-04-04;"Banskobystrický kraj";0;0;0;0;NA;45665;0;2020-04-04;-38010
2020-04-03;"Banskobystrický kraj";2;0;0;0;NA;45665;2;2020-04-03;-38010
2020-04-02;"Banskobystrický kraj";2;0;0;0;NA;45665;2;2020-04-02;-38012
2020-04-01;"Banskobystrický kraj";5;0;0;0;NA;45665;5;2020-04-01;-38014
2020-03-31;"Banskobystrický kraj";3;0;0;0;NA;45665;3;2020-03-31;-38019
2020-03-30;"Banskobystrický kraj";1;0;0;0;NA;45665;1;2020-03-30;-38022
2020-03-29;"Banskobystrický kraj";2;0;0;0;NA;45665;2;2020-03-29;-38023
2020-03-28;"Banskobystrický kraj";1;0;0;0;NA;45665;1;2020-03-28;-38025
2020-03-27;"Banskobystrický kraj";1;0;0;0;NA;45665;1;2020-03-27;-38026
2020-03-26;"Banskobystrický kraj";1;0;0;0;NA;45665;1;2020-03-26;-38027
2020-03-25;"Banskobystrický kraj";0;0;0;0;NA;45665;0;2020-03-25;-38028
2020-03-24;"Banskobystrický kraj";1;0;0;0;NA;45665;1;2020-03-24;-38028
2020-03-23;"Banskobystrický kraj";1;0;0;0;NA;45665;1;2020-03-23;-38029
2020-03-22;"Banskobystrický kraj";0;0;0;0;NA;45665;0;2020-03-22;-38030
2020-03-21;"Banskobystrický kraj";3;0;0;0;NA;45665;3;2020-03-21;-38030
2020-03-20;"Banskobystrický kraj";0;0;0;0;NA;45665;0;2020-03-20;-38033
2020-03-19;"Banskobystrický kraj";2;0;0;0;NA;45665;2;2020-03-19;-38033
2020-03-18;"Banskobystrický kraj";1;0;0;0;NA;45665;1;2020-03-18;-38035
2020-03-17;"Banskobystrický kraj";1;0;0;0;NA;45665;1;2020-03-17;-38036
2020-03-16;"Banskobystrický kraj";0;0;0;0;NA;45665;0;2020-03-16;-38037
2020-03-15;"Banskobystrický kraj";1;0;0;0;NA;45665;1;2020-03-15;-38037
2020-03-14;"Banskobystrický kraj";0;0;0;0;NA;45665;0;2020-03-14;-38038
2020-03-13;"Banskobystrický kraj";1;0;0;0;NA;45665;1;2020-03-13;-38038
2020-03-12;"Banskobystrický kraj";0;0;0;0;NA;45665;0;2020-03-12;-38039
2020-03-11;"Banskobystrický kraj";0;0;0;0;NA;45665;0;2020-03-11;-38039
2020-03-09;"Banskobystrický kraj";0;0;0;0;NA;45665;0;2020-03-09;-38039
2020-03-08;"Banskobystrický kraj";0;0;0;0;NA;45665;0;2020-03-08;-38039
2020-03-07;"Banskobystrický kraj";0;0;0;0;NA;45665;0;2020-03-07;-38039
2020-03-06;"Banskobystrický kraj";0;0;0;0;NA;45665;0;2020-03-06;-38039
2021-06-20;"Bratislavský kraj";0;4765;3;4768;0;46584;3;2021-06-20;46584
2021-06-19;"Bratislavský kraj";3;6197;2;6199;NA;46584;5;2021-06-19;46581
2021-06-18;"Bratislavský kraj";5;10287;7;10294;NA;46584;12;2021-06-18;46576
2021-06-17;"Bratislavský kraj";3;8373;13;8386;NA;46584;16;2021-06-17;46564
2021-06-16;"Bratislavský kraj";3;7054;4;7058;NA;46584;7;2021-06-16;46548
2021-06-15;"Bratislavský kraj";7;7198;16;7214;NA;46584;23;2021-06-15;46541
2021-06-14;"Bratislavský kraj";4;8132;9;8141;NA;46584;13;2021-06-14;46518
2021-06-13;"Bratislavský kraj";2;8677;10;8687;NA;46584;12;2021-06-13;46505
2021-06-12;"Bratislavský kraj";4;10609;11;10620;NA;46584;15;2021-06-12;46493
2021-06-11;"Bratislavský kraj";9;13336;21;13357;NA;46584;30;2021-06-11;46478
2021-06-10;"Bratislavský kraj";12;8511;15;8526;NA;46584;27;2021-06-10;46448
2021-06-09;"Bratislavský kraj";12;7575;12;7587;NA;46584;24;2021-06-09;46421
2021-06-08;"Bratislavský kraj";13;7616;29;7645;NA;46584;42;2021-06-08;46397
2021-06-07;"Bratislavský kraj";13;9101;43;9144;NA;46584;56;2021-06-07;46355
2021-06-06;"Bratislavský kraj";3;10213;20;10233;NA;46584;23;2021-06-06;46299
2021-06-05;"Bratislavský kraj";2;11993;15;12008;NA;46584;17;2021-06-05;46276
2021-06-04;"Bratislavský kraj";10;13556;31;13587;NA;46584;41;2021-06-04;46259
2021-06-03;"Bratislavský kraj";12;9451;19;9470;NA;46584;31;2021-06-03;46218
2021-06-02;"Bratislavský kraj";10;8684;17;8701;NA;46584;27;2021-06-02;46187
2021-06-01;"Bratislavský kraj";3;8540;25;8565;NA;46584;28;2021-06-01;46160
2021-05-31;"Bratislavský kraj";18;11120;32;11152;NA;46584;50;2021-05-31;46132
2021-05-30;"Bratislavský kraj";1;11608;16;11624;NA;46584;17;2021-05-30;46082
2021-05-29;"Bratislavský kraj";4;11742;8;11750;NA;46584;12;2021-05-29;46065
2021-05-28;"Bratislavský kraj";14;15585;22;15607;NA;46584;36;2021-05-28;46053
2021-05-27;"Bratislavský kraj";5;11196;18;11214;NA;46584;23;2021-05-27;46017
2021-05-26;"Bratislavský kraj";20;10653;17;10670;NA;46584;37;2021-05-26;45994
2021-05-25;"Bratislavský kraj";19;11338;31;11369;NA;46584;50;2021-05-25;45957
2021-05-24;"Bratislavský kraj";12;12965;23;12988;NA;46584;35;2021-05-24;45907
2021-05-23;"Bratislavský kraj";7;12858;24;12882;NA;46584;31;2021-05-23;45872
2021-05-22;"Bratislavský kraj";6;13522;21;13543;NA;46584;27;2021-05-22;45841
2021-05-21;"Bratislavský kraj";15;18645;22;18667;NA;46584;37;2021-05-21;45814
2021-05-20;"Bratislavský kraj";15;13718;17;13735;NA;46584;32;2021-05-20;45777
2021-05-19;"Bratislavský kraj";21;11760;24;11784;NA;46584;45;2021-05-19;45745
2021-05-18;"Bratislavský kraj";14;12748;32;12780;NA;46584;46;2021-05-18;45700
2021-05-17;"Bratislavský kraj";15;13750;29;13779;NA;46584;44;2021-05-17;45654
2021-05-16;"Bratislavský kraj";12;19549;32;19581;NA;46584;44;2021-05-16;45610
2021-05-15;"Bratislavský kraj";1;17469;30;17499;NA;46584;31;2021-05-15;45566
2021-05-14;"Bratislavský kraj";15;21841;30;21871;NA;46584;45;2021-05-14;45535
2021-05-13;"Bratislavský kraj";9;15952;17;15969;NA;46584;26;2021-05-13;45490
2021-05-12;"Bratislavský kraj";11;14413;28;14441;NA;46584;39;2021-05-12;45464
2021-05-11;"Bratislavský kraj";29;16490;31;16521;NA;46584;60;2021-05-11;45425
2021-05-10;"Bratislavský kraj";27;19747;64;19811;NA;46584;91;2021-05-10;45365
2021-05-09;"Bratislavský kraj";9;29162;32;29194;NA;46584;41;2021-05-09;45274
2021-05-08;"Bratislavský kraj";5;19014;24;19038;NA;46584;29;2021-05-08;45233
2021-05-07;"Bratislavský kraj";32;27516;64;27580;NA;46584;96;2021-05-07;45204
2021-05-06;"Bratislavský kraj";19;20079;52;20131;NA;46584;71;2021-05-06;45108
2021-05-05;"Bratislavský kraj";29;15368;29;15397;NA;46584;58;2021-05-05;45037
2021-05-04;"Bratislavský kraj";46;18910;53;18963;NA;46584;99;2021-05-04;44979
2021-05-03;"Bratislavský kraj";37;22180;64;22244;NA;46584;101;2021-05-03;44880
2021-05-02;"Bratislavský kraj";38;43064;75;43139;NA;46584;113;2021-05-02;44779
2021-05-01;"Bratislavský kraj";11;39905;40;39945;NA;46584;51;2021-05-01;44666
2021-04-30;"Bratislavský kraj";43;46706;82;46788;NA;46584;125;2021-04-30;44615
2021-04-29;"Bratislavský kraj";48;30015;94;30109;NA;46584;142;2021-04-29;44490
2021-04-28;"Bratislavský kraj";40;28408;76;28484;NA;46584;116;2021-04-28;44348
2021-04-27;"Bratislavský kraj";41;29922;52;29974;NA;46584;93;2021-04-27;44232
2021-04-26;"Bratislavský kraj";59;34519;96;34615;NA;46584;155;2021-04-26;44139
2021-04-25;"Bratislavský kraj";8;57615;74;57689;NA;46584;82;2021-04-25;43984
2021-04-24;"Bratislavský kraj";28;74254;66;74320;NA;46584;94;2021-04-24;43902
2021-04-23;"Bratislavský kraj";70;47937;61;47998;NA;46584;131;2021-04-23;43808
2021-04-22;"Bratislavský kraj";39;30816;72;30888;NA;46584;111;2021-04-22;43677
2021-04-21;"Bratislavský kraj";48;30099;62;30161;NA;46584;110;2021-04-21;43566
2021-04-20;"Bratislavský kraj";58;34760;63;34823;NA;46584;121;2021-04-20;43456
2021-04-19;"Bratislavský kraj";48;39305;80;39385;NA;46584;128;2021-04-19;43335
2021-04-18;"Bratislavský kraj";35;62300;76;62376;NA;46584;111;2021-04-18;43207
2021-04-17;"Bratislavský kraj";13;79656;111;79767;NA;46584;124;2021-04-17;43096
2021-04-16;"Bratislavský kraj";62;46723;80;46803;NA;46584;142;2021-04-16;42972
2021-04-15;"Bratislavský kraj";34;31695;74;31769;NA;46584;108;2021-04-15;42830
2021-04-14;"Bratislavský kraj";65;33494;88;33582;NA;46584;153;2021-04-14;42722
2021-04-13;"Bratislavský kraj";82;35032;82;35114;NA;46584;164;2021-04-13;42569
2021-04-12;"Bratislavský kraj";77;42034;115;42149;NA;46584;192;2021-04-12;42405
2021-04-11;"Bratislavský kraj";42;61151;123;61274;NA;46584;165;2021-04-11;42213
2021-04-10;"Bratislavský kraj";14;77167;167;77334;NA;46584;181;2021-04-10;42048
2021-04-09;"Bratislavský kraj";72;41034;97;41131;NA;46584;169;2021-04-09;41867
2021-04-08;"Bratislavský kraj";71;28475;93;28568;NA;46584;164;2021-04-08;41698
2021-04-07;"Bratislavský kraj";96;37570;101;37671;NA;46584;197;2021-04-07;41534
2021-04-06;"Bratislavský kraj";94;55523;175;55698;NA;46584;269;2021-04-06;41337
2021-04-05;"Bratislavský kraj";85;18380;85;18465;NA;46584;170;2021-04-05;41068
2021-04-04;"Bratislavský kraj";37;29225;75;29300;NA;46584;112;2021-04-04;40898
2021-04-03;"Bratislavský kraj";52;79082;220;79302;NA;46584;272;2021-04-03;40786
2021-04-02;"Bratislavský kraj";33;23790;104;23894;NA;46584;137;2021-04-02;40514
2021-04-01;"Bratislavský kraj";119;56653;158;56811;NA;46584;277;2021-04-01;40377
2021-03-31;"Bratislavský kraj";105;45689;149;45838;NA;46584;254;2021-03-31;40100
2021-03-30;"Bratislavský kraj";100;39010;142;39152;NA;46584;242;2021-03-30;39846
2021-03-29;"Bratislavský kraj";153;40124;178;40302;NA;46584;331;2021-03-29;39604
2021-03-28;"Bratislavský kraj";59;53372;137;53509;NA;46584;196;2021-03-28;39273
2021-03-27;"Bratislavský kraj";53;79160;239;79399;NA;46584;292;2021-03-27;39077
2021-03-26;"Bratislavský kraj";114;55513;190;55703;NA;46584;304;2021-03-26;38785
2021-03-25;"Bratislavský kraj";76;36300;170;36470;NA;46584;246;2021-03-25;38481
2021-03-24;"Bratislavský kraj";120;30184;200;30384;NA;46584;320;2021-03-24;38235
2021-03-23;"Bratislavský kraj";138;36029;189;36218;NA;46584;327;2021-03-23;37915
2021-03-22;"Bratislavský kraj";110;42516;218;42734;NA;46584;328;2021-03-22;37588
2021-03-21;"Bratislavský kraj";54;61299;212;61511;NA;46584;266;2021-03-21;37260
2021-03-20;"Bratislavský kraj";59;72630;228;72858;NA;46584;287;2021-03-20;36994
2021-03-19;"Bratislavský kraj";139;53952;255;54207;NA;46584;394;2021-03-19;36707
2021-03-18;"Bratislavský kraj";142;34057;190;34247;NA;46584;332;2021-03-18;36313
2021-03-17;"Bratislavský kraj";177;30179;215;30394;NA;46584;392;2021-03-17;35981
2021-03-16;"Bratislavský kraj";258;36425;282;36707;NA;46584;540;2021-03-16;35589
2021-03-15;"Bratislavský kraj";180;38089;252;38341;NA;46584;432;2021-03-15;35049
2021-03-14;"Bratislavský kraj";75;52609;275;52884;NA;46584;350;2021-03-14;34617
2021-03-13;"Bratislavský kraj";110;79741;329;80070;NA;46584;439;2021-03-13;34267
2021-03-12;"Bratislavský kraj";152;54534;301;54835;NA;46584;453;2021-03-12;33828
2021-03-11;"Bratislavský kraj";178;34290;281;34571;NA;46584;459;2021-03-11;33375
2021-03-10;"Bratislavský kraj";164;30828;273;31101;NA;46584;437;2021-03-10;32916
2021-03-09;"Bratislavský kraj";242;37798;267;38065;NA;46584;509;2021-03-09;32479
2021-03-08;"Bratislavský kraj";255;40722;343;41065;NA;46584;598;2021-03-08;31970
2021-03-07;"Bratislavský kraj";142;52812;301;53113;NA;46584;443;2021-03-07;31372
2021-03-06;"Bratislavský kraj";79;71410;412;71822;NA;46584;491;2021-03-06;30929
2021-03-05;"Bratislavský kraj";238;50484;292;50776;NA;46584;530;2021-03-05;30438
2021-03-04;"Bratislavský kraj";204;34544;344;34888;NA;46584;548;2021-03-04;29908
2021-03-03;"Bratislavský kraj";250;30525;364;30889;NA;46584;614;2021-03-03;29360
2021-03-02;"Bratislavský kraj";267;39735;388;40123;NA;46584;655;2021-03-02;28746
2021-03-01;"Bratislavský kraj";320;38222;432;38654;NA;46584;752;2021-03-01;28091
2021-02-28;"Bratislavský kraj";184;50323;323;50646;NA;46584;507;2021-02-28;27339
2021-02-27;"Bratislavský kraj";151;76580;464;77044;NA;46584;615;2021-02-27;26832
2021-02-26;"Bratislavský kraj";277;47265;400;47665;NA;46584;677;2021-02-26;26217
2021-02-25;"Bratislavský kraj";277;28769;405;29174;NA;46584;682;2021-02-25;25540
2021-02-24;"Bratislavský kraj";217;27095;412;27507;NA;46584;629;2021-02-24;24858
2021-02-23;"Bratislavský kraj";257;31297;395;31692;NA;46584;652;2021-02-23;24229
2021-02-22;"Bratislavský kraj";353;36454;480;36934;NA;46584;833;2021-02-22;23577
2021-02-21;"Bratislavský kraj";185;54150;396;54546;NA;46584;581;2021-02-21;22744
2021-02-20;"Bratislavský kraj";167;74787;550;75337;NA;46584;717;2021-02-20;22163
2021-02-19;"Bratislavský kraj";280;44871;415;45286;NA;46584;695;2021-02-19;21446
2021-02-18;"Bratislavský kraj";263;26377;371;26748;NA;46584;634;2021-02-18;20751
2021-02-17;"Bratislavský kraj";264;22815;316;23131;NA;46584;580;2021-02-17;20117
2021-02-16;"Bratislavský kraj";289;28265;354;28619;NA;46584;643;2021-02-16;19537
2021-02-15;"Bratislavský kraj";248;36893;396;37289;NA;46584;644;2021-02-15;18894
2021-02-14;"Bratislavský kraj";153;47948;323;48271;NA;46584;476;2021-02-14;18250
2021-02-13;"Bratislavský kraj";173;68589;515;69104;NA;46584;688;2021-02-13;17774
2021-02-12;"Bratislavský kraj";282;35729;327;36056;NA;46584;609;2021-02-12;17086
2021-02-11;"Bratislavský kraj";337;24542;285;24827;NA;46584;622;2021-02-11;16477
2021-02-10;"Bratislavský kraj";314;23120;359;23479;NA;46584;673;2021-02-10;15855
2021-02-09;"Bratislavský kraj";288;36565;454;37019;NA;46584;742;2021-02-09;15182
2021-02-08;"Bratislavský kraj";484;31866;397;32263;NA;46584;881;2021-02-08;14440
2021-02-07;"Bratislavský kraj";243;51290;425;51715;NA;46584;668;2021-02-07;13559
2021-02-06;"Bratislavský kraj";116;62602;508;63110;NA;46584;624;2021-02-06;12891
2021-02-05;"Bratislavský kraj";327;27033;375;27408;NA;46584;702;2021-02-05;12267
2021-02-04;"Bratislavský kraj";555;17260;348;17608;NA;46584;903;2021-02-04;11565
2021-02-03;"Bratislavský kraj";161;13057;351;13408;NA;46584;512;2021-02-03;10662
2021-02-02;"Bratislavský kraj";397;25945;480;26425;NA;46584;877;2021-02-02;10150
2021-02-01;"Bratislavský kraj";221;35536;513;36049;NA;46584;734;2021-02-01;9273
2021-01-31;"Bratislavský kraj";180;35693;425;36118;NA;46584;605;2021-01-31;8539
2021-01-30;"Bratislavský kraj";310;49588;521;50109;NA;46584;831;2021-01-30;7934
2021-01-29;"Bratislavský kraj";344;16568;344;16912;NA;46584;688;2021-01-29;7103
2021-01-28;"Bratislavský kraj";307;10710;297;11007;NA;46584;604;2021-01-28;6415
2021-01-27;"Bratislavský kraj";336;22052;340;22392;NA;46584;676;2021-01-27;5811
2021-01-26;"Bratislavský kraj";297;21550;292;21842;NA;46584;589;2021-01-26;5135
2021-01-25;"Bratislavský kraj";356;23023;243;23266;NA;46584;599;2021-01-25;4546
2021-01-24;"Bratislavský kraj";175;37903;404;38307;NA;46584;579;2021-01-24;3947
2021-01-23;"Bratislavský kraj";396;79447;690;80137;NA;46584;1086;2021-01-23;3368
2021-01-22;"Bratislavský kraj";199;42028;365;42393;NA;46584;564;2021-01-22;2282
2021-01-21;"Bratislavský kraj";255;105732;1317;107049;NA;46584;1572;2021-01-21;1718
2021-01-20;"Bratislavský kraj";360;27252;450;27702;NA;46584;810;2021-01-20;146
2021-01-19;"Bratislavský kraj";375;15309;346;15655;NA;46584;721;2021-01-19;-664
2021-01-18;"Bratislavský kraj";357;12533;707;13240;NA;46584;1064;2021-01-18;-1385
2021-01-17;"Bratislavský kraj";244;482;26;508;NA;46584;270;2021-01-17;-2449
2021-01-16;"Bratislavský kraj";70;3016;156;3172;NA;46584;226;2021-01-16;-2719
2021-01-15;"Bratislavský kraj";251;7896;256;8152;NA;46584;507;2021-01-15;-2945
2021-01-14;"Bratislavský kraj";363;8511;273;8784;NA;46584;636;2021-01-14;-3452
2021-01-13;"Bratislavský kraj";336;8490;327;8817;NA;46584;663;2021-01-13;-4088
2021-01-12;"Bratislavský kraj";450;10729;463;11192;NA;46584;913;2021-01-12;-4751
2021-01-11;"Bratislavský kraj";397;20140;381;20521;NA;46584;778;2021-01-11;-5664
2021-01-10;"Bratislavský kraj";252;1507;79;1586;NA;46584;331;2021-01-10;-6442
2021-01-09;"Bratislavský kraj";351;5005;291;5296;NA;46584;642;2021-01-09;-6773
2021-01-08;"Bratislavský kraj";556;10045;436;10481;NA;46584;992;2021-01-08;-7415
2021-01-07;"Bratislavský kraj";537;7532;409;7941;NA;46584;946;2021-01-07;-8407
2021-01-06;"Bratislavský kraj";271;3329;216;3545;NA;46584;487;2021-01-06;-9353
2021-01-05;"Bratislavský kraj";619;11035;846;11881;NA;46584;1465;2021-01-05;-9840
2021-01-04;"Bratislavský kraj";601;8634;606;9240;NA;46584;1207;2021-01-04;-11305
2021-01-03;"Bratislavský kraj";77;433;41;474;NA;46584;118;2021-01-03;-12512
2021-01-02;"Bratislavský kraj";185;462;57;519;NA;46584;242;2021-01-02;-12630
2021-01-01;"Bratislavský kraj";235;3277;131;3408;NA;46584;366;2021-01-01;-12872
2020-12-31;"Bratislavský kraj";925;14685;563;15248;NA;46584;1488;2020-12-31;-13238
2020-12-30;"Bratislavský kraj";650;9823;554;10377;NA;46584;1204;2020-12-30;-14726
2020-12-29;"Bratislavský kraj";303;10887;776;11663;NA;46584;1079;2020-12-29;-15930
2020-12-28;"Bratislavský kraj";255;8447;560;9007;NA;46584;815;2020-12-28;-17009
2020-12-27;"Bratislavský kraj";160;709;76;785;NA;46584;236;2020-12-27;-17824
2020-12-26;"Bratislavský kraj";75;480;27;507;NA;46584;102;2020-12-26;-18060
2020-12-25;"Bratislavský kraj";114;503;38;541;NA;46584;152;2020-12-25;-18162
2020-12-24;"Bratislavský kraj";536;3461;102;3563;NA;46584;638;2020-12-24;-18314
2020-12-23;"Bratislavský kraj";416;13293;500;13793;NA;46584;916;2020-12-23;-18952
2020-12-22;"Bratislavský kraj";327;15783;772;16555;NA;46584;1099;2020-12-22;-19868
2020-12-21;"Bratislavský kraj";392;15669;2007;17676;NA;46584;2399;2020-12-21;-20967
2020-12-20;"Bratislavský kraj";180;775;54;829;NA;46584;234;2020-12-20;-23366
2020-12-19;"Bratislavský kraj";396;3314;130;3444;NA;46584;526;2020-12-19;-23600
2020-12-18;"Bratislavský kraj";306;10735;401;11136;NA;46584;707;2020-12-18;-24126
2020-12-17;"Bratislavský kraj";502;10270;412;10682;NA;46584;914;2020-12-17;-24833
2020-12-16;"Bratislavský kraj";282;10772;452;11224;NA;46584;734;2020-12-16;-25747
2020-12-15;"Bratislavský kraj";423;10916;479;11395;NA;46584;902;2020-12-15;-26481
2020-12-14;"Bratislavský kraj";279;7198;293;7491;NA;46584;572;2020-12-14;-27383
2020-12-13;"Bratislavský kraj";125;139;10;149;NA;46584;135;2020-12-13;-27955
2020-12-12;"Bratislavský kraj";361;3886;157;4043;NA;46584;518;2020-12-12;-28090
2020-12-11;"Bratislavský kraj";326;7344;289;7633;NA;46584;615;2020-12-11;-28608
2020-12-10;"Bratislavský kraj";286;5823;209;6032;NA;46584;495;2020-12-10;-29223
2020-12-09;"Bratislavský kraj";382;4795;178;4973;NA;46584;560;2020-12-09;-29718
2020-12-08;"Bratislavský kraj";234;6243;207;6450;NA;46584;441;2020-12-08;-30278
2020-12-07;"Bratislavský kraj";272;4639;152;4791;NA;46584;424;2020-12-07;-30719
2020-12-06;"Bratislavský kraj";61;1625;52;1677;NA;46584;113;2020-12-06;-31143
2020-12-05;"Bratislavský kraj";266;2221;41;2262;NA;46584;307;2020-12-05;-31256
2020-12-04;"Bratislavský kraj";200;4954;99;5053;NA;46584;299;2020-12-04;-31563
2020-12-03;"Bratislavský kraj";213;5672;95;5767;NA;46584;308;2020-12-03;-31862
2020-12-02;"Bratislavský kraj";205;3462;103;3565;NA;46584;308;2020-12-02;-32170
2020-12-01;"Bratislavský kraj";255;3889;172;4061;NA;46584;427;2020-12-01;-32478
2020-11-30;"Bratislavský kraj";152;2153;121;2274;NA;46584;273;2020-11-30;-32905
2020-11-29;"Bratislavský kraj";52;201;24;225;NA;46584;76;2020-11-29;-33178
2020-11-28;"Bratislavský kraj";232;2624;33;2657;NA;46584;265;2020-11-28;-33254
2020-11-27;"Bratislavský kraj";54;2540;64;2604;NA;46584;118;2020-11-27;-33519
2020-11-26;"Bratislavský kraj";129;1976;60;2036;NA;46584;189;2020-11-26;-33637
2020-11-25;"Bratislavský kraj";140;1770;47;1817;NA;46584;187;2020-11-25;-33826
2020-11-24;"Bratislavský kraj";81;2988;67;3055;NA;46584;148;2020-11-24;-34013
2020-11-23;"Bratislavský kraj";67;7083;58;7141;NA;46584;125;2020-11-23;-34161
2020-11-22;"Bratislavský kraj";36;81;7;88;NA;46584;43;2020-11-22;-34286
2020-11-21;"Bratislavský kraj";109;2126;47;2173;NA;46584;156;2020-11-21;-34329
2020-11-20;"Bratislavský kraj";118;2876;48;2924;NA;46584;166;2020-11-20;-34485
2020-11-19;"Bratislavský kraj";173;987;29;1016;NA;46584;202;2020-11-19;-34651
2020-11-18;"Bratislavský kraj";118;616;75;691;NA;46584;193;2020-11-18;-34853
2020-11-17;"Bratislavský kraj";108;928;23;951;NA;46584;131;2020-11-17;-35046
2020-11-16;"Bratislavský kraj";82;651;9;660;NA;46584;91;2020-11-16;-35177
2020-11-15;"Bratislavský kraj";47;236;0;236;NA;46584;47;2020-11-15;-35268
2020-11-14;"Bratislavský kraj";53;1834;15;1849;NA;46584;68;2020-11-14;-35315
2020-11-13;"Bratislavský kraj";94;2096;21;2117;NA;46584;115;2020-11-13;-35383
2020-11-12;"Bratislavský kraj";141;1727;6;1733;NA;46584;147;2020-11-12;-35498
2020-11-11;"Bratislavský kraj";159;1429;12;1441;NA;46584;171;2020-11-11;-35645
2020-11-10;"Bratislavský kraj";136;805;14;819;NA;46584;150;2020-11-10;-35816
2020-11-09;"Bratislavský kraj";70;616;8;624;NA;46584;78;2020-11-09;-35966
2020-11-08;"Bratislavský kraj";82;869;6;875;NA;46584;88;2020-11-08;-36044
2020-11-07;"Bratislavský kraj";88;4039;17;4056;NA;46584;105;2020-11-07;-36132
2020-11-06;"Bratislavský kraj";281;6441;25;6466;NA;46584;306;2020-11-06;-36237
2020-11-05;"Bratislavský kraj";175;476;11;487;NA;46584;186;2020-11-05;-36543
2020-11-04;"Bratislavský kraj";65;411;10;421;NA;46584;75;2020-11-04;-36729
2020-11-03;"Bratislavský kraj";251;1085;12;1097;NA;46584;263;2020-11-03;-36804
2020-11-02;"Bratislavský kraj";202;3365;22;3387;NA;46584;224;2020-11-02;-37067
2020-11-01;"Bratislavský kraj";227;8694;39;8733;NA;46584;266;2020-11-01;-37291
2020-10-31;"Bratislavský kraj";173;22407;123;22530;NA;46584;296;2020-10-31;-37557
2020-10-30;"Bratislavský kraj";158;17350;138;17488;NA;46584;296;2020-10-30;-37853
2020-10-29;"Bratislavský kraj";262;116;4;120;NA;46584;266;2020-10-29;-38149
2020-10-28;"Bratislavský kraj";220;260;15;275;NA;46584;235;2020-10-28;-38415
2020-10-27;"Bratislavský kraj";256;145;4;149;NA;46584;260;2020-10-27;-38650
2020-10-26;"Bratislavský kraj";123;229;11;240;NA;46584;134;2020-10-26;-38910
2020-10-25;"Bratislavský kraj";152;33;2;35;NA;46584;154;2020-10-25;-39044
2020-10-24;"Bratislavský kraj";170;221;6;227;NA;46584;176;2020-10-24;-39198
2020-10-23;"Bratislavský kraj";151;144;8;152;NA;46584;159;2020-10-23;-39374
2020-10-22;"Bratislavský kraj";192;204;15;219;NA;46584;207;2020-10-22;-39533
2020-10-21;"Bratislavský kraj";66;90;6;96;NA;46584;72;2020-10-21;-39740
2020-10-20;"Bratislavský kraj";183;97;4;101;NA;46584;187;2020-10-20;-39812
2020-10-19;"Bratislavský kraj";148;80;3;83;NA;46584;151;2020-10-19;-39999
2020-10-18;"Bratislavský kraj";75;92;0;92;NA;46584;75;2020-10-18;-40150
2020-10-17;"Bratislavský kraj";136;0;0;0;NA;46584;136;2020-10-17;-40225
2020-10-16;"Bratislavský kraj";103;14;1;15;NA;46584;104;2020-10-16;-40361
2020-10-15;"Bratislavský kraj";135;6;1;7;NA;46584;136;2020-10-15;-40465
2020-10-14;"Bratislavský kraj";127;4;0;4;NA;46584;127;2020-10-14;-40601
2020-10-13;"Bratislavský kraj";86;108;8;116;NA;46584;94;2020-10-13;-40728
2020-10-12;"Bratislavský kraj";46;0;0;0;NA;46584;46;2020-10-12;-40822
2020-10-11;"Bratislavský kraj";80;0;0;0;NA;46584;80;2020-10-11;-40868
2020-10-10;"Bratislavský kraj";55;0;0;0;NA;46584;55;2020-10-10;-40948
2020-10-09;"Bratislavský kraj";148;0;0;0;NA;46584;148;2020-10-09;-41003
2020-10-08;"Bratislavský kraj";100;0;0;0;NA;46584;100;2020-10-08;-41151
2020-10-07;"Bratislavský kraj";107;0;0;0;NA;46584;107;2020-10-07;-41251
2020-10-06;"Bratislavský kraj";108;0;0;0;NA;46584;108;2020-10-06;-41358
2020-10-05;"Bratislavský kraj";30;0;0;0;NA;46584;30;2020-10-05;-41466
2020-10-04;"Bratislavský kraj";49;0;0;0;NA;46584;49;2020-10-04;-41496
2020-10-03;"Bratislavský kraj";82;0;0;0;NA;46584;82;2020-10-03;-41545
2020-10-02;"Bratislavský kraj";101;0;0;0;NA;46584;101;2020-10-02;-41627
2020-10-01;"Bratislavský kraj";72;0;0;0;NA;46584;72;2020-10-01;-41728
2020-09-30;"Bratislavský kraj";91;0;0;0;NA;46584;91;2020-09-30;-41800
2020-09-29;"Bratislavský kraj";74;0;0;0;NA;46584;74;2020-09-29;-41891
2020-09-28;"Bratislavský kraj";29;0;0;0;NA;46584;29;2020-09-28;-41965
2020-09-27;"Bratislavský kraj";48;0;0;0;NA;46584;48;2020-09-27;-41994
2020-09-26;"Bratislavský kraj";86;0;0;0;NA;46584;86;2020-09-26;-42042
2020-09-25;"Bratislavský kraj";97;0;0;0;NA;46584;97;2020-09-25;-42128
2020-09-24;"Bratislavský kraj";73;0;0;0;NA;46584;73;2020-09-24;-42225
2020-09-23;"Bratislavský kraj";55;0;0;0;NA;46584;55;2020-09-23;-42298
2020-09-22;"Bratislavský kraj";81;0;0;0;NA;46584;81;2020-09-22;-42353
2020-09-21;"Bratislavský kraj";32;0;0;0;NA;46584;32;2020-09-21;-42434
2020-09-20;"Bratislavský kraj";25;0;0;0;NA;46584;25;2020-09-20;-42466
2020-09-19;"Bratislavský kraj";59;0;0;0;NA;46584;59;2020-09-19;-42491
2020-09-18;"Bratislavský kraj";42;0;0;0;NA;46584;42;2020-09-18;-42550
2020-09-17;"Bratislavský kraj";52;0;0;0;NA;46584;52;2020-09-17;-42592
2020-09-16;"Bratislavský kraj";32;0;0;0;NA;46584;32;2020-09-16;-42644
2020-09-15;"Bratislavský kraj";26;0;0;0;NA;46584;26;2020-09-15;-42676
2020-09-14;"Bratislavský kraj";24;0;0;0;NA;46584;24;2020-09-14;-42702
2020-09-13;"Bratislavský kraj";11;0;0;0;NA;46584;11;2020-09-13;-42726
2020-09-12;"Bratislavský kraj";24;0;0;0;NA;46584;24;2020-09-12;-42737
2020-09-11;"Bratislavský kraj";50;0;0;0;NA;46584;50;2020-09-11;-42761
2020-09-10;"Bratislavský kraj";47;0;0;0;NA;46584;47;2020-09-10;-42811
2020-09-09;"Bratislavský kraj";40;0;0;0;NA;46584;40;2020-09-09;-42858
2020-09-08;"Bratislavský kraj";58;0;0;0;NA;46584;58;2020-09-08;-42898
2020-09-07;"Bratislavský kraj";39;0;0;0;NA;46584;39;2020-09-07;-42956
2020-09-06;"Bratislavský kraj";11;0;0;0;NA;46584;11;2020-09-06;-42995
2020-09-05;"Bratislavský kraj";37;0;0;0;NA;46584;37;2020-09-05;-43006
2020-09-04;"Bratislavský kraj";87;0;0;0;NA;46584;87;2020-09-04;-43043
2020-09-03;"Bratislavský kraj";51;0;0;0;NA;46584;51;2020-09-03;-43130
2020-09-02;"Bratislavský kraj";50;0;0;0;NA;46584;50;2020-09-02;-43181
2020-09-01;"Bratislavský kraj";16;0;0;0;NA;46584;16;2020-09-01;-43231
2020-08-31;"Bratislavský kraj";19;0;0;0;NA;46584;19;2020-08-31;-43247
2020-08-30;"Bratislavský kraj";9;0;0;0;NA;46584;9;2020-08-30;-43266
2020-08-29;"Bratislavský kraj";12;0;0;0;NA;46584;12;2020-08-29;-43275
2020-08-28;"Bratislavský kraj";35;0;0;0;NA;46584;35;2020-08-28;-43287
2020-08-27;"Bratislavský kraj";33;0;0;0;NA;46584;33;2020-08-27;-43322
2020-08-26;"Bratislavský kraj";27;0;0;0;NA;46584;27;2020-08-26;-43355
2020-08-25;"Bratislavský kraj";29;0;0;0;NA;46584;29;2020-08-25;-43382
2020-08-24;"Bratislavský kraj";6;0;0;0;NA;46584;6;2020-08-24;-43411
2020-08-23;"Bratislavský kraj";45;0;0;0;NA;46584;45;2020-08-23;-43417
2020-08-22;"Bratislavský kraj";13;0;0;0;NA;46584;13;2020-08-22;-43462
2020-08-21;"Bratislavský kraj";46;0;0;0;NA;46584;46;2020-08-21;-43475
2020-08-20;"Bratislavský kraj";41;0;0;0;NA;46584;41;2020-08-20;-43521
2020-08-19;"Bratislavský kraj";27;0;0;0;NA;46584;27;2020-08-19;-43562
2020-08-18;"Bratislavský kraj";47;0;0;0;NA;46584;47;2020-08-18;-43589
2020-08-17;"Bratislavský kraj";2;0;0;0;NA;46584;2;2020-08-17;-43636
2020-08-16;"Bratislavský kraj";3;0;0;0;NA;46584;3;2020-08-16;-43638
2020-08-15;"Bratislavský kraj";18;0;0;0;NA;46584;18;2020-08-15;-43641
2020-08-14;"Bratislavský kraj";16;0;0;0;NA;46584;16;2020-08-14;-43659
2020-08-13;"Bratislavský kraj";12;0;0;0;NA;46584;12;2020-08-13;-43675
2020-08-12;"Bratislavský kraj";10;0;0;0;NA;46584;10;2020-08-12;-43687
2020-08-11;"Bratislavský kraj";23;0;0;0;NA;46584;23;2020-08-11;-43697
2020-08-10;"Bratislavský kraj";2;0;0;0;NA;46584;2;2020-08-10;-43720
2020-08-09;"Bratislavský kraj";2;0;0;0;NA;46584;2;2020-08-09;-43722
2020-08-08;"Bratislavský kraj";1;0;0;0;NA;46584;1;2020-08-08;-43724
2020-08-07;"Bratislavský kraj";9;0;0;0;NA;46584;9;2020-08-07;-43725
2020-08-06;"Bratislavský kraj";15;0;0;0;NA;46584;15;2020-08-06;-43734
2020-08-05;"Bratislavský kraj";11;0;0;0;NA;46584;11;2020-08-05;-43749
2020-08-04;"Bratislavský kraj";21;0;0;0;NA;46584;21;2020-08-04;-43760
2020-08-03;"Bratislavský kraj";7;0;0;0;NA;46584;7;2020-08-03;-43781
2020-08-02;"Bratislavský kraj";0;0;0;0;NA;46584;0;2020-08-02;-43788
2020-08-01;"Bratislavský kraj";0;0;0;0;NA;46584;0;2020-08-01;-43788
2020-07-31;"Bratislavský kraj";14;0;0;0;NA;46584;14;2020-07-31;-43788
2020-07-30;"Bratislavský kraj";6;0;0;0;NA;46584;6;2020-07-30;-43802
2020-07-29;"Bratislavský kraj";7;0;0;0;NA;46584;7;2020-07-29;-43808
2020-07-28;"Bratislavský kraj";14;0;0;0;NA;46584;14;2020-07-28;-43815
2020-07-27;"Bratislavský kraj";3;0;0;0;NA;46584;3;2020-07-27;-43829
2020-07-26;"Bratislavský kraj";0;0;0;0;NA;46584;0;2020-07-26;-43832
2020-07-25;"Bratislavský kraj";8;0;0;0;NA;46584;8;2020-07-25;-43832
2020-07-24;"Bratislavský kraj";2;0;0;0;NA;46584;2;2020-07-24;-43840
2020-07-23;"Bratislavský kraj";8;0;0;0;NA;46584;8;2020-07-23;-43842
2020-07-22;"Bratislavský kraj";11;0;0;0;NA;46584;11;2020-07-22;-43850
2020-07-21;"Bratislavský kraj";8;0;0;0;NA;46584;8;2020-07-21;-43861
2020-07-20;"Bratislavský kraj";12;0;0;0;NA;46584;12;2020-07-20;-43869
2020-07-19;"Bratislavský kraj";0;0;0;0;NA;46584;0;2020-07-19;-43881
2020-07-18;"Bratislavský kraj";2;0;0;0;NA;46584;2;2020-07-18;-43881
2020-07-17;"Bratislavský kraj";2;0;0;0;NA;46584;2;2020-07-17;-43883
2020-07-16;"Bratislavský kraj";6;0;0;0;NA;46584;6;2020-07-16;-43885
2020-07-15;"Bratislavský kraj";3;0;0;0;NA;46584;3;2020-07-15;-43891
2020-07-14;"Bratislavský kraj";2;0;0;0;NA;46584;2;2020-07-14;-43894
2020-07-13;"Bratislavský kraj";2;0;0;0;NA;46584;2;2020-07-13;-43896
2020-07-12;"Bratislavský kraj";0;0;0;0;NA;46584;0;2020-07-12;-43898
2020-07-11;"Bratislavský kraj";0;0;0;0;NA;46584;0;2020-07-11;-43898
2020-07-10;"Bratislavský kraj";8;0;0;0;NA;46584;8;2020-07-10;-43898
2020-07-09;"Bratislavský kraj";2;0;0;0;NA;46584;2;2020-07-09;-43906
2020-07-08;"Bratislavský kraj";11;0;0;0;NA;46584;11;2020-07-08;-43908
2020-07-07;"Bratislavský kraj";5;0;0;0;NA;46584;5;2020-07-07;-43919
2020-07-06;"Bratislavský kraj";1;0;0;0;NA;46584;1;2020-07-06;-43924
2020-07-05;"Bratislavský kraj";0;0;0;0;NA;46584;0;2020-07-05;-43925
2020-07-04;"Bratislavský kraj";3;0;0;0;NA;46584;3;2020-07-04;-43925
2020-07-03;"Bratislavský kraj";1;0;0;0;NA;46584;1;2020-07-03;-43928
2020-07-02;"Bratislavský kraj";0;0;0;0;NA;46584;0;2020-07-02;-43929
2020-07-01;"Bratislavský kraj";7;0;0;0;NA;46584;7;2020-07-01;-43929
2020-06-30;"Bratislavský kraj";3;0;0;0;NA;46584;3;2020-06-30;-43936
2020-06-29;"Bratislavský kraj";1;0;0;0;NA;46584;1;2020-06-29;-43939
2020-06-28;"Bratislavský kraj";0;0;0;0;NA;46584;0;2020-06-28;-43940
2020-06-27;"Bratislavský kraj";1;0;0;0;NA;46584;1;2020-06-27;-43940
2020-06-26;"Bratislavský kraj";6;0;0;0;NA;46584;6;2020-06-26;-43941
2020-06-25;"Bratislavský kraj";0;0;0;0;NA;46584;0;2020-06-25;-43947
2020-06-24;"Bratislavský kraj";3;0;0;0;NA;46584;3;2020-06-24;-43947
2020-06-23;"Bratislavský kraj";0;0;0;0;NA;46584;0;2020-06-23;-43950
2020-06-22;"Bratislavský kraj";1;0;0;0;NA;46584;1;2020-06-22;-43950
2020-06-21;"Bratislavský kraj";0;0;0;0;NA;46584;0;2020-06-21;-43951
2020-06-20;"Bratislavský kraj";0;0;0;0;NA;46584;0;2020-06-20;-43951
2020-06-19;"Bratislavský kraj";3;0;0;0;NA;46584;3;2020-06-19;-43951
2020-06-18;"Bratislavský kraj";0;0;0;0;NA;46584;0;2020-06-18;-43954
2020-06-17;"Bratislavský kraj";0;0;0;0;NA;46584;0;2020-06-17;-43954
2020-06-16;"Bratislavský kraj";0;0;0;0;NA;46584;0;2020-06-16;-43954
2020-06-14;"Bratislavský kraj";2;0;0;0;NA;46584;2;2020-06-14;-43954
2020-06-13;"Bratislavský kraj";1;0;0;0;NA;46584;1;2020-06-13;-43956
2020-06-12;"Bratislavský kraj";2;0;0;0;NA;46584;2;2020-06-12;-43957
2020-06-11;"Bratislavský kraj";0;0;0;0;NA;46584;0;2020-06-11;-43959
2020-06-10;"Bratislavský kraj";0;0;0;0;NA;46584;0;2020-06-10;-43959
2020-06-09;"Bratislavský kraj";0;0;0;0;NA;46584;0;2020-06-09;-43959
2020-06-08;"Bratislavský kraj";1;0;0;0;NA;46584;1;2020-06-08;-43959
2020-06-07;"Bratislavský kraj";0;0;0;0;NA;46584;0;2020-06-07;-43960
2020-06-05;"Bratislavský kraj";0;0;0;0;NA;46584;0;2020-06-05;-43960
2020-06-03;"Bratislavský kraj";1;0;0;0;NA;46584;1;2020-06-03;-43960
2020-06-02;"Bratislavský kraj";0;0;0;0;NA;46584;0;2020-06-02;-43961
2020-05-31;"Bratislavský kraj";0;0;0;0;NA;46584;0;2020-05-31;-43961
2020-05-29;"Bratislavský kraj";0;0;0;0;NA;46584;0;2020-05-29;-43961
2020-05-27;"Bratislavský kraj";1;0;0;0;NA;46584;1;2020-05-27;-43961
2020-05-26;"Bratislavský kraj";0;0;0;0;NA;46584;0;2020-05-26;-43962
2020-05-25;"Bratislavský kraj";0;0;0;0;NA;46584;0;2020-05-25;-43962
2020-05-24;"Bratislavský kraj";0;0;0;0;NA;46584;0;2020-05-24;-43962
2020-05-23;"Bratislavský kraj";2;0;0;0;NA;46584;2;2020-05-23;-43962
2020-05-22;"Bratislavský kraj";0;0;0;0;NA;46584;0;2020-05-22;-43964
2020-05-21;"Bratislavský kraj";0;0;0;0;NA;46584;0;2020-05-21;-43964
2020-05-20;"Bratislavský kraj";0;0;0;0;NA;46584;0;2020-05-20;-43964
2020-05-19;"Bratislavský kraj";0;0;0;0;NA;46584;0;2020-05-19;-43964
2020-05-17;"Bratislavský kraj";0;0;0;0;NA;46584;0;2020-05-17;-43964
2020-05-16;"Bratislavský kraj";0;0;0;0;NA;46584;0;2020-05-16;-43964
2020-05-15;"Bratislavský kraj";0;0;0;0;NA;46584;0;2020-05-15;-43964
2020-05-14;"Bratislavský kraj";0;0;0;0;NA;46584;0;2020-05-14;-43964
2020-05-13;"Bratislavský kraj";0;0;0;0;NA;46584;0;2020-05-13;-43964
2020-05-12;"Bratislavský kraj";2;0;0;0;NA;46584;2;2020-05-12;-43964
2020-05-11;"Bratislavský kraj";0;0;0;0;NA;46584;0;2020-05-11;-43966
2020-05-09;"Bratislavský kraj";0;0;0;0;NA;46584;0;2020-05-09;-43966
2020-05-07;"Bratislavský kraj";1;0;0;0;NA;46584;1;2020-05-07;-43966
2020-05-06;"Bratislavský kraj";3;0;0;0;NA;46584;3;2020-05-06;-43967
2020-05-05;"Bratislavský kraj";0;0;0;0;NA;46584;0;2020-05-05;-43970
2020-05-04;"Bratislavský kraj";0;0;0;0;NA;46584;0;2020-05-04;-43970
2020-05-03;"Bratislavský kraj";2;0;0;0;NA;46584;2;2020-05-03;-43970
2020-05-02;"Bratislavský kraj";0;0;0;0;NA;46584;0;2020-05-02;-43972
2020-05-01;"Bratislavský kraj";0;0;0;0;NA;46584;0;2020-05-01;-43972
2020-04-30;"Bratislavský kraj";5;0;0;0;NA;46584;5;2020-04-30;-43972
2020-04-29;"Bratislavský kraj";0;0;0;0;NA;46584;0;2020-04-29;-43977
2020-04-28;"Bratislavský kraj";2;0;0;0;NA;46584;2;2020-04-28;-43977
2020-04-27;"Bratislavský kraj";0;0;0;0;NA;46584;0;2020-04-27;-43979
2020-04-26;"Bratislavský kraj";1;0;0;0;NA;46584;1;2020-04-26;-43979
2020-04-25;"Bratislavský kraj";0;0;0;0;NA;46584;0;2020-04-25;-43980
2020-04-24;"Bratislavský kraj";2;0;0;0;NA;46584;2;2020-04-24;-43980
2020-04-23;"Bratislavský kraj";6;0;0;0;NA;46584;6;2020-04-23;-43982
2020-04-22;"Bratislavský kraj";11;0;0;0;NA;46584;11;2020-04-22;-43988
2020-04-21;"Bratislavský kraj";4;0;0;0;NA;46584;4;2020-04-21;-43999
2020-04-20;"Bratislavský kraj";0;0;0;0;NA;46584;0;2020-04-20;-44003
2020-04-19;"Bratislavský kraj";4;0;0;0;NA;46584;4;2020-04-19;-44003
2020-04-18;"Bratislavský kraj";5;0;0;0;NA;46584;5;2020-04-18;-44007
2020-04-17;"Bratislavský kraj";6;0;0;0;NA;46584;6;2020-04-17;-44012
2020-04-16;"Bratislavský kraj";15;0;0;0;NA;46584;15;2020-04-16;-44018
2020-04-15;"Bratislavský kraj";11;0;0;0;NA;46584;11;2020-04-15;-44033
2020-04-14;"Bratislavský kraj";19;0;0;0;NA;46584;19;2020-04-14;-44044
2020-04-13;"Bratislavský kraj";53;0;0;0;NA;46584;53;2020-04-13;-44063
2020-04-12;"Bratislavský kraj";3;0;0;0;NA;46584;3;2020-04-12;-44116
2020-04-11;"Bratislavský kraj";1;0;0;0;NA;46584;1;2020-04-11;-44119
2020-04-10;"Bratislavský kraj";8;0;0;0;NA;46584;8;2020-04-10;-44120
2020-04-09;"Bratislavský kraj";3;0;0;0;NA;46584;3;2020-04-09;-44128
2020-04-08;"Bratislavský kraj";3;0;0;0;NA;46584;3;2020-04-08;-44131
2020-04-07;"Bratislavský kraj";24;0;0;0;NA;46584;24;2020-04-07;-44134
2020-04-06;"Bratislavský kraj";5;0;0;0;NA;46584;5;2020-04-06;-44158
2020-04-05;"Bratislavský kraj";6;0;0;0;NA;46584;6;2020-04-05;-44163
2020-04-04;"Bratislavský kraj";2;0;0;0;NA;46584;2;2020-04-04;-44169
2020-04-03;"Bratislavský kraj";1;0;0;0;NA;46584;1;2020-04-03;-44171
2020-04-02;"Bratislavský kraj";2;0;0;0;NA;46584;2;2020-04-02;-44172
2020-04-01;"Bratislavský kraj";5;0;0;0;NA;46584;5;2020-04-01;-44174
2020-03-31;"Bratislavský kraj";19;0;0;0;NA;46584;19;2020-03-31;-44179
2020-03-30;"Bratislavský kraj";6;0;0;0;NA;46584;6;2020-03-30;-44198
2020-03-29;"Bratislavský kraj";8;0;0;0;NA;46584;8;2020-03-29;-44204
2020-03-28;"Bratislavský kraj";4;0;0;0;NA;46584;4;2020-03-28;-44212
2020-03-27;"Bratislavský kraj";3;0;0;0;NA;46584;3;2020-03-27;-44216
2020-03-26;"Bratislavský kraj";15;0;0;0;NA;46584;15;2020-03-26;-44219
2020-03-25;"Bratislavský kraj";1;0;0;0;NA;46584;1;2020-03-25;-44234
2020-03-24;"Bratislavský kraj";4;0;0;0;NA;46584;4;2020-03-24;-44235
2020-03-23;"Bratislavský kraj";9;0;0;0;NA;46584;9;2020-03-23;-44239
2020-03-22;"Bratislavský kraj";2;0;0;0;NA;46584;2;2020-03-22;-44248
2020-03-21;"Bratislavský kraj";22;0;0;0;NA;46584;22;2020-03-21;-44250
2020-03-20;"Bratislavský kraj";3;0;0;0;NA;46584;3;2020-03-20;-44272
2020-03-19;"Bratislavský kraj";4;0;0;0;NA;46584;4;2020-03-19;-44275
2020-03-18;"Bratislavský kraj";3;0;0;0;NA;46584;3;2020-03-18;-44279
2020-03-17;"Bratislavský kraj";13;0;0;0;NA;46584;13;2020-03-17;-44282
2020-03-16;"Bratislavský kraj";1;0;0;0;NA;46584;1;2020-03-16;-44295
2020-03-15;"Bratislavský kraj";4;0;0;0;NA;46584;4;2020-03-15;-44296
2020-03-14;"Bratislavský kraj";9;0;0;0;NA;46584;9;2020-03-14;-44300
2020-03-13;"Bratislavský kraj";2;0;0;0;NA;46584;2;2020-03-13;-44309
2020-03-12;"Bratislavský kraj";8;0;0;0;NA;46584;8;2020-03-12;-44311
2020-03-11;"Bratislavský kraj";3;0;0;0;NA;46584;3;2020-03-11;-44319
2020-03-09;"Bratislavský kraj";0;0;0;0;NA;46584;0;2020-03-09;-44322
2020-03-08;"Bratislavský kraj";2;0;0;0;NA;46584;2;2020-03-08;-44322
2020-03-07;"Bratislavský kraj";2;0;0;0;NA;46584;2;2020-03-07;-44324
2020-03-06;"Bratislavský kraj";1;0;0;0;NA;46584;1;2020-03-06;-44326
2021-06-20;"Košický kraj";0;4310;5;4315;0;44709;5;2021-06-20;44709
2021-06-19;"Košický kraj";7;5790;1;5791;NA;44709;8;2021-06-19;44704
2021-06-18;"Košický kraj";4;6982;7;6989;NA;44709;11;2021-06-18;44696
2021-06-17;"Košický kraj";6;5785;3;5788;NA;44709;9;2021-06-17;44685
2021-06-16;"Košický kraj";11;5734;7;5741;NA;44709;18;2021-06-16;44676
2021-06-15;"Košický kraj";12;6176;2;6178;NA;44709;14;2021-06-15;44658
2021-06-14;"Košický kraj";10;6771;9;6780;NA;44709;19;2021-06-14;44644
2021-06-13;"Košický kraj";7;6889;8;6897;NA;44709;15;2021-06-13;44625
2021-06-12;"Košický kraj";7;7373;9;7382;NA;44709;16;2021-06-12;44610
2021-06-11;"Košický kraj";15;8774;5;8779;NA;44709;20;2021-06-11;44594
2021-06-10;"Košický kraj";11;6540;16;6556;NA;44709;27;2021-06-10;44574
2021-06-09;"Košický kraj";37;5995;7;6002;NA;44709;44;2021-06-09;44547
2021-06-08;"Košický kraj";33;6954;13;6967;NA;44709;46;2021-06-08;44503
2021-06-07;"Košický kraj";11;7735;22;7757;NA;44709;33;2021-06-07;44457
2021-06-06;"Košický kraj";1;7761;7;7768;NA;44709;8;2021-06-06;44424
2021-06-05;"Košický kraj";21;9221;3;9224;NA;44709;24;2021-06-05;44416
2021-06-04;"Košický kraj";26;11262;20;11282;NA;44709;46;2021-06-04;44392
2021-06-03;"Košický kraj";23;6343;14;6357;NA;44709;37;2021-06-03;44346
2021-06-02;"Košický kraj";15;7114;24;7138;NA;44709;39;2021-06-02;44309
2021-06-01;"Košický kraj";13;7541;10;7551;NA;44709;23;2021-06-01;44270
2021-05-31;"Košický kraj";13;9224;17;9241;NA;44709;30;2021-05-31;44247
2021-05-30;"Košický kraj";3;11154;10;11164;NA;44709;13;2021-05-30;44217
2021-05-29;"Košický kraj";25;10863;21;10884;NA;44709;46;2021-05-29;44204
2021-05-28;"Košický kraj";17;12959;29;12988;NA;44709;46;2021-05-28;44158
2021-05-27;"Košický kraj";19;7810;24;7834;NA;44709;43;2021-05-27;44112
2021-05-26;"Košický kraj";35;8039;26;8065;NA;44709;61;2021-05-26;44069
2021-05-25;"Košický kraj";33;9148;12;9160;NA;44709;45;2021-05-25;44008
2021-05-24;"Košický kraj";10;10855;27;10882;NA;44709;37;2021-05-24;43963
2021-05-23;"Košický kraj";4;12084;15;12099;NA;44709;19;2021-05-23;43926
2021-05-22;"Košický kraj";27;12472;18;12490;NA;44709;45;2021-05-22;43907
2021-05-21;"Košický kraj";24;14753;27;14780;NA;44709;51;2021-05-21;43862
2021-05-20;"Košický kraj";20;9320;27;9347;NA;44709;47;2021-05-20;43811
2021-05-19;"Košický kraj";30;10346;19;10365;NA;44709;49;2021-05-19;43764
2021-05-18;"Košický kraj";34;10254;36;10290;NA;44709;70;2021-05-18;43715
2021-05-17;"Košický kraj";20;12628;38;12666;NA;44709;58;2021-05-17;43645
2021-05-16;"Košický kraj";37;17686;19;17705;NA;44709;56;2021-05-16;43587
2021-05-15;"Košický kraj";22;25399;27;25426;NA;44709;49;2021-05-15;43531
2021-05-14;"Košický kraj";32;21537;42;21579;NA;44709;74;2021-05-14;43482
2021-05-13;"Košický kraj";39;10172;32;10204;NA;44709;71;2021-05-13;43408
2021-05-12;"Košický kraj";85;10868;33;10901;NA;44709;118;2021-05-12;43337
2021-05-11;"Košický kraj";68;11166;32;11198;NA;44709;100;2021-05-11;43219
2021-05-10;"Košický kraj";25;16886;41;16927;NA;44709;66;2021-05-10;43119
2021-05-09;"Košický kraj";84;25262;53;25315;NA;44709;137;2021-05-09;43053
2021-05-08;"Košický kraj";18;22917;21;22938;NA;44709;39;2021-05-08;42916
2021-05-07;"Košický kraj";51;24097;55;24152;NA;44709;106;2021-05-07;42877
2021-05-06;"Košický kraj";55;11847;43;11890;NA;44709;98;2021-05-06;42771
2021-05-05;"Košický kraj";23;12004;35;12039;NA;44709;58;2021-05-05;42673
2021-05-04;"Košický kraj";143;13562;38;13600;NA;44709;181;2021-05-04;42615
2021-05-03;"Košický kraj";37;16944;68;17012;NA;44709;105;2021-05-03;42434
2021-05-02;"Košický kraj";45;36096;56;36152;NA;44709;101;2021-05-02;42329
2021-05-01;"Košický kraj";54;51809;76;51885;NA;44709;130;2021-05-01;42228
2021-04-30;"Košický kraj";59;44602;94;44696;NA;44709;153;2021-04-30;42098
2021-04-29;"Košický kraj";76;16986;53;17039;NA;44709;129;2021-04-29;41945
2021-04-28;"Košický kraj";99;17930;52;17982;NA;44709;151;2021-04-28;41816
2021-04-27;"Košický kraj";108;20670;43;20713;NA;44709;151;2021-04-27;41665
2021-04-26;"Košický kraj";39;25897;96;25993;NA;44709;135;2021-04-26;41514
2021-04-25;"Košický kraj";23;48355;57;48412;NA;44709;80;2021-04-25;41379
2021-04-24;"Košický kraj";68;90124;114;90238;NA;44709;182;2021-04-24;41299
2021-04-23;"Košický kraj";110;41232;72;41304;NA;44709;182;2021-04-23;41117
2021-04-22;"Košický kraj";56;16772;44;16816;NA;44709;100;2021-04-22;40935
2021-04-21;"Košický kraj";114;19519;61;19580;NA;44709;175;2021-04-21;40835
2021-04-20;"Košický kraj";81;25359;63;25422;NA;44709;144;2021-04-20;40660
2021-04-19;"Košický kraj";93;29950;108;30058;NA;44709;201;2021-04-19;40516
2021-04-18;"Košický kraj";10;48913;82;48995;NA;44709;92;2021-04-18;40315
2021-04-17;"Košický kraj";187;83856;103;83959;NA;44709;290;2021-04-17;40223
2021-04-16;"Košický kraj";83;41568;127;41695;NA;44709;210;2021-04-16;39933
2021-04-15;"Košický kraj";104;18522;93;18615;NA;44709;197;2021-04-15;39723
2021-04-14;"Košický kraj";119;20089;64;20153;NA;44709;183;2021-04-14;39526
2021-04-13;"Košický kraj";81;23175;120;23295;NA;44709;201;2021-04-13;39343
2021-04-12;"Košický kraj";129;26573;124;26697;NA;44709;253;2021-04-12;39142
2021-04-11;"Košický kraj";29;46948;79;47027;NA;44709;108;2021-04-11;38889
2021-04-10;"Košický kraj";138;99836;183;100019;NA;44709;321;2021-04-10;38781
2021-04-09;"Košický kraj";168;35206;133;35339;NA;44709;301;2021-04-09;38460
2021-04-08;"Košický kraj";81;18530;90;18620;NA;44709;171;2021-04-08;38159
2021-04-07;"Košický kraj";232;28027;194;28221;NA;44709;426;2021-04-07;37988
2021-04-06;"Košický kraj";121;36495;164;36659;NA;44709;285;2021-04-06;37562
2021-04-05;"Košický kraj";19;14361;66;14427;NA;44709;85;2021-04-05;37277
2021-04-04;"Košický kraj";33;15089;66;15155;NA;44709;99;2021-04-04;37192
2021-04-03;"Košický kraj";138;97664;241;97905;NA;44709;379;2021-04-03;37093
2021-04-02;"Košický kraj";128;24290;76;24366;NA;44709;204;2021-04-02;36714
2021-04-01;"Košický kraj";165;46151;156;46307;NA;44709;321;2021-04-01;36510
2021-03-31;"Košický kraj";160;29659;124;29783;NA;44709;284;2021-03-31;36189
2021-03-30;"Košický kraj";229;24038;163;24201;NA;44709;392;2021-03-30;35905
2021-03-29;"Košický kraj";78;28843;194;29037;NA;44709;272;2021-03-29;35513
2021-03-28;"Košický kraj";39;44263;128;44391;NA;44709;167;2021-03-28;35241
2021-03-27;"Košický kraj";222;96602;265;96867;NA;44709;487;2021-03-27;35074
2021-03-26;"Košický kraj";233;45252;202;45454;NA;44709;435;2021-03-26;34587
2021-03-25;"Košický kraj";133;23804;175;23979;NA;44709;308;2021-03-25;34152
2021-03-24;"Košický kraj";165;20677;155;20832;NA;44709;320;2021-03-24;33844
2021-03-23;"Košický kraj";202;22434;192;22626;NA;44709;394;2021-03-23;33524
2021-03-22;"Košický kraj";169;26890;228;27118;NA;44709;397;2021-03-22;33130
2021-03-21;"Košický kraj";109;46746;167;46913;NA;44709;276;2021-03-21;32733
2021-03-20;"Košický kraj";126;101334;311;101645;NA;44709;437;2021-03-20;32457
2021-03-19;"Košický kraj";205;45632;260;45892;NA;44709;465;2021-03-19;32020
2021-03-18;"Košický kraj";274;23823;212;24035;NA;44709;486;2021-03-18;31555
2021-03-17;"Košický kraj";177;21545;195;21740;NA;44709;372;2021-03-17;31069
2021-03-16;"Košický kraj";386;23431;226;23657;NA;44709;612;2021-03-16;30697
2021-03-15;"Košický kraj";173;27900;297;28197;NA;44709;470;2021-03-15;30085
2021-03-14;"Košický kraj";145;44354;220;44574;NA;44709;365;2021-03-14;29615
2021-03-13;"Košický kraj";146;103790;483;104273;NA;44709;629;2021-03-13;29250
2021-03-12;"Košický kraj";366;47871;321;48192;NA;44709;687;2021-03-12;28621
2021-03-11;"Košický kraj";396;23229;263;23492;NA;44709;659;2021-03-11;27934
2021-03-10;"Košický kraj";121;22191;269;22460;NA;44709;390;2021-03-10;27275
2021-03-09;"Košický kraj";676;24509;300;24809;NA;44709;976;2021-03-09;26885
2021-03-08;"Košický kraj";559;29836;344;30180;NA;44709;903;2021-03-08;25909
2021-03-07;"Košický kraj";45;44230;299;44529;NA;44709;344;2021-03-07;25006
2021-03-06;"Košický kraj";177;105598;532;106130;NA;44709;709;2021-03-06;24662
2021-03-05;"Košický kraj";439;45567;424;45991;NA;44709;863;2021-03-05;23953
2021-03-04;"Košický kraj";417;23862;320;24182;NA;44709;737;2021-03-04;23090
2021-03-03;"Košický kraj";390;23168;298;23466;NA;44709;688;2021-03-03;22353
2021-03-02;"Košický kraj";464;24150;368;24518;NA;44709;832;2021-03-02;21665
2021-03-01;"Košický kraj";389;30013;514;30527;NA;44709;903;2021-03-01;20833
2021-02-28;"Košický kraj";265;43053;334;43387;NA;44709;599;2021-02-28;19930
2021-02-27;"Košický kraj";301;100559;784;101343;NA;44709;1085;2021-02-27;19331
2021-02-26;"Košický kraj";440;45466;492;45958;NA;44709;932;2021-02-26;18246
2021-02-25;"Košický kraj";331;19872;342;20214;NA;44709;673;2021-02-25;17314
2021-02-24;"Košický kraj";263;18815;506;19321;NA;44709;769;2021-02-24;16641
2021-02-23;"Košický kraj";642;21592;341;21933;NA;44709;983;2021-02-23;15872
2021-02-22;"Košický kraj";362;30830;434;31264;NA;44709;796;2021-02-22;14889
2021-02-21;"Košický kraj";170;40464;385;40849;NA;44709;555;2021-02-21;14093
2021-02-20;"Košický kraj";283;92550;770;93320;NA;44709;1053;2021-02-20;13538
2021-02-19;"Košický kraj";507;42016;586;42602;NA;44709;1093;2021-02-19;12485
2021-02-18;"Košický kraj";397;18442;345;18787;NA;44709;742;2021-02-18;11392
2021-02-17;"Košický kraj";322;18080;387;18467;NA;44709;709;2021-02-17;10650
2021-02-16;"Košický kraj";600;22111;463;22574;NA;44709;1063;2021-02-16;9941
2021-02-15;"Košický kraj";216;27633;419;28052;NA;44709;635;2021-02-15;8878
2021-02-14;"Košický kraj";241;56743;524;57267;NA;44709;765;2021-02-14;8243
2021-02-13;"Košický kraj";206;93965;765;94730;NA;44709;971;2021-02-13;7478
2021-02-12;"Košický kraj";448;50184;611;50795;NA;44709;1059;2021-02-12;6507
2021-02-11;"Košický kraj";435;14524;323;14847;NA;44709;758;2021-02-11;5448
2021-02-10;"Košický kraj";360;18475;431;18906;NA;44709;791;2021-02-10;4690
2021-02-09;"Košický kraj";544;24841;463;25304;NA;44709;1007;2021-02-09;3899
2021-02-08;"Košický kraj";237;24836;392;25228;NA;44709;629;2021-02-08;2892
2021-02-07;"Košický kraj";208;56897;612;57509;NA;44709;820;2021-02-07;2263
2021-02-06;"Košický kraj";318;104357;884;105241;NA;44709;1202;2021-02-06;1443
2021-02-05;"Košický kraj";384;43186;494;43680;NA;44709;878;2021-02-05;241
2021-02-04;"Košický kraj";391;14508;371;14879;NA;44709;762;2021-02-04;-637
2021-02-03;"Košický kraj";296;12599;339;12938;NA;44709;635;2021-02-03;-1399
2021-02-02;"Košický kraj";473;43883;1212;45095;NA;44709;1685;2021-02-02;-2034
2021-02-01;"Košický kraj";415;21965;362;22327;NA;44709;777;2021-02-01;-3719
2021-01-31;"Košický kraj";142;54154;609;54763;NA;44709;751;2021-01-31;-4496
2021-01-30;"Košický kraj";320;76722;661;77383;NA;44709;981;2021-01-30;-5247
2021-01-29;"Košický kraj";311;37130;466;37596;NA;44709;777;2021-01-29;-6228
2021-01-28;"Košický kraj";540;9006;244;9250;NA;44709;784;2021-01-28;-7005
2021-01-27;"Košický kraj";265;7575;211;7786;NA;44709;476;2021-01-27;-7789
2021-01-26;"Košický kraj";530;14210;245;14455;NA;44709;775;2021-01-26;-8265
2021-01-25;"Košický kraj";226;26430;413;26843;NA;44709;639;2021-01-25;-9040
2021-01-24;"Košický kraj";150;44419;581;45000;NA;44709;731;2021-01-24;-9679
2021-01-23;"Košický kraj";232;82705;857;83562;NA;44709;1089;2021-01-23;-10410
2021-01-22;"Košický kraj";316;19997;265;20262;NA;44709;581;2021-01-22;-11499
2021-01-21;"Košický kraj";274;14047;158;14205;NA;44709;432;2021-01-21;-12080
2021-01-20;"Košický kraj";374;10843;201;11044;NA;44709;575;2021-01-20;-12512
2021-01-19;"Košický kraj";248;9717;181;9898;NA;44709;429;2021-01-19;-13087
2021-01-18;"Košický kraj";333;7659;262;7921;NA;44709;595;2021-01-18;-13516
2021-01-17;"Košický kraj";155;535;14;549;NA;44709;169;2021-01-17;-14111
2021-01-16;"Košický kraj";153;1403;47;1450;NA;44709;200;2021-01-16;-14280
2021-01-15;"Košický kraj";308;6443;213;6656;NA;44709;521;2021-01-15;-14480
2021-01-14;"Košický kraj";358;5471;221;5692;NA;44709;579;2021-01-14;-15001
2021-01-13;"Košický kraj";421;4897;226;5123;NA;44709;647;2021-01-13;-15580
2021-01-12;"Košický kraj";482;6689;258;6947;NA;44709;740;2021-01-12;-16227
2021-01-11;"Košický kraj";309;7945;304;8249;NA;44709;613;2021-01-11;-16967
2021-01-10;"Košický kraj";193;136;6;142;NA;44709;199;2021-01-10;-17580
2021-01-09;"Košický kraj";469;1134;45;1179;NA;44709;514;2021-01-09;-17779
2021-01-08;"Košický kraj";551;8222;388;8610;NA;44709;939;2021-01-08;-18293
2021-01-07;"Košický kraj";251;6566;434;7000;NA;44709;685;2021-01-07;-19232
2021-01-06;"Košický kraj";442;429;33;462;NA;44709;475;2021-01-06;-19917
2021-01-05;"Košický kraj";584;8100;560;8660;NA;44709;1144;2021-01-05;-20392
2021-01-04;"Košický kraj";407;7113;737;7850;NA;44709;1144;2021-01-04;-21536
2021-01-03;"Košický kraj";118;661;22;683;NA;44709;140;2021-01-03;-22680
2021-01-02;"Košický kraj";88;440;52;492;NA;44709;140;2021-01-02;-22820
2021-01-01;"Košický kraj";398;725;49;774;NA;44709;447;2021-01-01;-22960
2020-12-31;"Košický kraj";625;7877;461;8338;NA;44709;1086;2020-12-31;-23407
2020-12-30;"Košický kraj";590;6477;412;6889;NA;44709;1002;2020-12-30;-24493
2020-12-29;"Košický kraj";419;7573;605;8178;NA;44709;1024;2020-12-29;-25495
2020-12-28;"Košický kraj";356;8296;804;9100;NA;44709;1160;2020-12-28;-26519
2020-12-27;"Košický kraj";159;147;16;163;NA;44709;175;2020-12-27;-27679
2020-12-26;"Košický kraj";163;274;23;297;NA;44709;186;2020-12-26;-27854
2020-12-25;"Košický kraj";237;140;10;150;NA;44709;247;2020-12-25;-28040
2020-12-24;"Košický kraj";564;1470;90;1560;NA;44709;654;2020-12-24;-28287
2020-12-23;"Košický kraj";304;7942;354;8296;NA;44709;658;2020-12-23;-28941
2020-12-22;"Košický kraj";438;7920;459;8379;NA;44709;897;2020-12-22;-29599
2020-12-21;"Košický kraj";405;6984;509;7493;NA;44709;914;2020-12-21;-30496
2020-12-20;"Košický kraj";215;73;11;84;NA;44709;226;2020-12-20;-31410
2020-12-19;"Košický kraj";207;1309;63;1372;NA;44709;270;2020-12-19;-31636
2020-12-18;"Košický kraj";310;8484;326;8810;NA;44709;636;2020-12-18;-31906
2020-12-17;"Košický kraj";463;5292;255;5547;NA;44709;718;2020-12-17;-32542
2020-12-16;"Košický kraj";455;5898;316;6214;NA;44709;771;2020-12-16;-33260
2020-12-15;"Košický kraj";319;5086;338;5424;NA;44709;657;2020-12-15;-34031
2020-12-14;"Košický kraj";256;3401;264;3665;NA;44709;520;2020-12-14;-34688
2020-12-13;"Košický kraj";47;181;2;183;NA;44709;49;2020-12-13;-35208
2020-12-12;"Košický kraj";369;1587;118;1705;NA;44709;487;2020-12-12;-35257
2020-12-11;"Košický kraj";354;5461;258;5719;NA;44709;612;2020-12-11;-35744
2020-12-10;"Košický kraj";283;4064;176;4240;NA;44709;459;2020-12-10;-36356
2020-12-09;"Košický kraj";279;3786;166;3952;NA;44709;445;2020-12-09;-36815
2020-12-08;"Košický kraj";226;4105;355;4460;NA;44709;581;2020-12-08;-37260
2020-12-07;"Košický kraj";270;2383;106;2489;NA;44709;376;2020-12-07;-37841
2020-12-06;"Košický kraj";121;97;20;117;NA;44709;141;2020-12-06;-38217
2020-12-05;"Košický kraj";90;1096;48;1144;NA;44709;138;2020-12-05;-38358
2020-12-04;"Košický kraj";224;2680;82;2762;NA;44709;306;2020-12-04;-38496
2020-12-03;"Košický kraj";211;7717;173;7890;NA;44709;384;2020-12-03;-38802
2020-12-02;"Košický kraj";193;8132;496;8628;NA;44709;689;2020-12-02;-39186
2020-12-01;"Košický kraj";178;2237;124;2361;NA;44709;302;2020-12-01;-39875
2020-11-30;"Košický kraj";171;3754;62;3816;NA;44709;233;2020-11-30;-40177
2020-11-29;"Košický kraj";31;325;17;342;NA;44709;48;2020-11-29;-40410
2020-11-28;"Košický kraj";69;721;52;773;NA;44709;121;2020-11-28;-40458
2020-11-27;"Košický kraj";149;2921;78;2999;NA;44709;227;2020-11-27;-40579
2020-11-26;"Košický kraj";239;1234;60;1294;NA;44709;299;2020-11-26;-40806
2020-11-25;"Košický kraj";237;1785;123;1908;NA;44709;360;2020-11-25;-41105
2020-11-24;"Košický kraj";196;1976;67;2043;NA;44709;263;2020-11-24;-41465
2020-11-23;"Košický kraj";51;4115;63;4178;NA;44709;114;2020-11-23;-41728
2020-11-22;"Košický kraj";57;57;5;62;NA;44709;62;2020-11-22;-41842
2020-11-21;"Košický kraj";87;858;36;894;NA;44709;123;2020-11-21;-41904
2020-11-20;"Košický kraj";176;3084;49;3133;NA;44709;225;2020-11-20;-42027
2020-11-19;"Košický kraj";206;1736;48;1784;NA;44709;254;2020-11-19;-42252
2020-11-18;"Košický kraj";122;532;17;549;NA;44709;139;2020-11-18;-42506
2020-11-17;"Košický kraj";152;82;9;91;NA;44709;161;2020-11-17;-42645
2020-11-16;"Košický kraj";114;596;27;623;NA;44709;141;2020-11-16;-42806
2020-11-15;"Košický kraj";15;338;7;345;NA;44709;22;2020-11-15;-42947
2020-11-14;"Košický kraj";234;520;12;532;NA;44709;246;2020-11-14;-42969
2020-11-13;"Košický kraj";207;664;29;693;NA;44709;236;2020-11-13;-43215
2020-11-12;"Košický kraj";192;736;13;749;NA;44709;205;2020-11-12;-43451
2020-11-11;"Košický kraj";301;593;7;600;NA;44709;308;2020-11-11;-43656
2020-11-10;"Košický kraj";190;541;11;552;NA;44709;201;2020-11-10;-43964
2020-11-09;"Košický kraj";129;380;17;397;NA;44709;146;2020-11-09;-44165
2020-11-08;"Košický kraj";78;1306;8;1314;NA;44709;86;2020-11-08;-44311
2020-11-07;"Košický kraj";192;3909;22;3931;NA;44709;214;2020-11-07;-44397
2020-11-06;"Košický kraj";195;5310;34;5344;NA;44709;229;2020-11-06;-44611
2020-11-05;"Košický kraj";342;330;31;361;NA;44709;373;2020-11-05;-44840
2020-11-04;"Košický kraj";101;154;6;160;NA;44709;107;2020-11-04;-45213
2020-11-03;"Košický kraj";358;1122;13;1135;NA;44709;371;2020-11-03;-45320
2020-11-02;"Košický kraj";111;6125;56;6181;NA;44709;167;2020-11-02;-45691
2020-11-01;"Košický kraj";346;6522;34;6556;NA;44709;380;2020-11-01;-45858
2020-10-31;"Košický kraj";82;14035;106;14141;NA;44709;188;2020-10-31;-46238
2020-10-30;"Košický kraj";379;2835;27;2862;NA;44709;406;2020-10-30;-46426
2020-10-29;"Košický kraj";333;983;13;996;NA;44709;346;2020-10-29;-46832
2020-10-28;"Košický kraj";224;305;13;318;NA;44709;237;2020-10-28;-47178
2020-10-27;"Košický kraj";386;439;21;460;NA;44709;407;2020-10-27;-47415
2020-10-26;"Košický kraj";56;212;12;224;NA;44709;68;2020-10-26;-47822
2020-10-25;"Košický kraj";154;79;2;81;NA;44709;156;2020-10-25;-47890
2020-10-24;"Košický kraj";313;118;16;134;NA;44709;329;2020-10-24;-48046
2020-10-23;"Košický kraj";315;331;8;339;NA;44709;323;2020-10-23;-48375
2020-10-22;"Košický kraj";349;530;16;546;NA;44709;365;2020-10-22;-48698
2020-10-21;"Košický kraj";129;84;2;86;NA;44709;131;2020-10-21;-49063
2020-10-20;"Košický kraj";181;14;1;15;NA;44709;182;2020-10-20;-49194
2020-10-19;"Košický kraj";64;38;1;39;NA;44709;65;2020-10-19;-49376
2020-10-18;"Košický kraj";158;0;0;0;NA;44709;158;2020-10-18;-49441
2020-10-17;"Košický kraj";142;0;0;0;NA;44709;142;2020-10-17;-49599
2020-10-16;"Košický kraj";206;19;0;19;NA;44709;206;2020-10-16;-49741
2020-10-15;"Košický kraj";177;19;5;24;NA;44709;182;2020-10-15;-49947
2020-10-14;"Košický kraj";211;8;0;8;NA;44709;211;2020-10-14;-50129
2020-10-13;"Košický kraj";179;80;3;83;NA;44709;182;2020-10-13;-50340
2020-10-12;"Košický kraj";74;0;0;0;NA;44709;74;2020-10-12;-50522
2020-10-11;"Košický kraj";121;0;0;0;NA;44709;121;2020-10-11;-50596
2020-10-10;"Košický kraj";70;0;0;0;NA;44709;70;2020-10-10;-50717
2020-10-09;"Košický kraj";188;0;0;0;NA;44709;188;2020-10-09;-50787
2020-10-08;"Košický kraj";102;0;0;0;NA;44709;102;2020-10-08;-50975
2020-10-07;"Košický kraj";158;0;0;0;NA;44709;158;2020-10-07;-51077
2020-10-06;"Košický kraj";70;0;0;0;NA;44709;70;2020-10-06;-51235
2020-10-05;"Košický kraj";39;0;0;0;NA;44709;39;2020-10-05;-51305
2020-10-04;"Košický kraj";45;0;0;0;NA;44709;45;2020-10-04;-51344
2020-10-03;"Košický kraj";105;0;0;0;NA;44709;105;2020-10-03;-51389
2020-10-02;"Košický kraj";57;0;0;0;NA;44709;57;2020-10-02;-51494
2020-10-01;"Košický kraj";69;0;0;0;NA;44709;69;2020-10-01;-51551
2020-09-30;"Košický kraj";95;0;0;0;NA;44709;95;2020-09-30;-51620
2020-09-29;"Košický kraj";75;0;0;0;NA;44709;75;2020-09-29;-51715
2020-09-28;"Košický kraj";19;0;0;0;NA;44709;19;2020-09-28;-51790
2020-09-27;"Košický kraj";21;0;0;0;NA;44709;21;2020-09-27;-51809
2020-09-26;"Košický kraj";53;0;0;0;NA;44709;53;2020-09-26;-51830
2020-09-25;"Košický kraj";72;0;0;0;NA;44709;72;2020-09-25;-51883
2020-09-24;"Košický kraj";35;0;0;0;NA;44709;35;2020-09-24;-51955
2020-09-23;"Košický kraj";23;0;0;0;NA;44709;23;2020-09-23;-51990
2020-09-22;"Košický kraj";39;0;0;0;NA;44709;39;2020-09-22;-52013
2020-09-21;"Košický kraj";5;0;0;0;NA;44709;5;2020-09-21;-52052
2020-09-20;"Košický kraj";3;0;0;0;NA;44709;3;2020-09-20;-52057
2020-09-19;"Košický kraj";13;0;0;0;NA;44709;13;2020-09-19;-52060
2020-09-18;"Košický kraj";20;0;0;0;NA;44709;20;2020-09-18;-52073
2020-09-17;"Košický kraj";22;0;0;0;NA;44709;22;2020-09-17;-52093
2020-09-16;"Košický kraj";12;0;0;0;NA;44709;12;2020-09-16;-52115
2020-09-15;"Košický kraj";10;0;0;0;NA;44709;10;2020-09-15;-52127
2020-09-14;"Košický kraj";6;0;0;0;NA;44709;6;2020-09-14;-52137
2020-09-13;"Košický kraj";3;0;0;0;NA;44709;3;2020-09-13;-52143
2020-09-12;"Košický kraj";16;0;0;0;NA;44709;16;2020-09-12;-52146
2020-09-11;"Košický kraj";20;0;0;0;NA;44709;20;2020-09-11;-52162
2020-09-10;"Košický kraj";11;0;0;0;NA;44709;11;2020-09-10;-52182
2020-09-09;"Košický kraj";37;0;0;0;NA;44709;37;2020-09-09;-52193
2020-09-08;"Košický kraj";10;0;0;0;NA;44709;10;2020-09-08;-52230
2020-09-07;"Košický kraj";4;0;0;0;NA;44709;4;2020-09-07;-52240
2020-09-06;"Košický kraj";2;0;0;0;NA;44709;2;2020-09-06;-52244
2020-09-05;"Košický kraj";10;0;0;0;NA;44709;10;2020-09-05;-52246
2020-09-04;"Košický kraj";14;0;0;0;NA;44709;14;2020-09-04;-52256
2020-09-03;"Košický kraj";22;0;0;0;NA;44709;22;2020-09-03;-52270
2020-09-02;"Košický kraj";13;0;0;0;NA;44709;13;2020-09-02;-52292
2020-09-01;"Košický kraj";21;0;0;0;NA;44709;21;2020-09-01;-52305
2020-08-31;"Košický kraj";9;0;0;0;NA;44709;9;2020-08-31;-52326
2020-08-30;"Košický kraj";21;0;0;0;NA;44709;21;2020-08-30;-52335
2020-08-29;"Košický kraj";1;0;0;0;NA;44709;1;2020-08-29;-52356
2020-08-28;"Košický kraj";19;0;0;0;NA;44709;19;2020-08-28;-52357
2020-08-27;"Košický kraj";15;0;0;0;NA;44709;15;2020-08-27;-52376
2020-08-26;"Košický kraj";8;0;0;0;NA;44709;8;2020-08-26;-52391
2020-08-25;"Košický kraj";23;0;0;0;NA;44709;23;2020-08-25;-52399
2020-08-24;"Košický kraj";6;0;0;0;NA;44709;6;2020-08-24;-52422
2020-08-23;"Košický kraj";8;0;0;0;NA;44709;8;2020-08-23;-52428
2020-08-22;"Košický kraj";13;0;0;0;NA;44709;13;2020-08-22;-52436
2020-08-21;"Košický kraj";10;0;0;0;NA;44709;10;2020-08-21;-52449
2020-08-20;"Košický kraj";10;0;0;0;NA;44709;10;2020-08-20;-52459
2020-08-19;"Košický kraj";3;0;0;0;NA;44709;3;2020-08-19;-52469
2020-08-18;"Košický kraj";7;0;0;0;NA;44709;7;2020-08-18;-52472
2020-08-17;"Košický kraj";2;0;0;0;NA;44709;2;2020-08-17;-52479
2020-08-16;"Košický kraj";2;0;0;0;NA;44709;2;2020-08-16;-52481
2020-08-15;"Košický kraj";3;0;0;0;NA;44709;3;2020-08-15;-52483
2020-08-14;"Košický kraj";1;0;0;0;NA;44709;1;2020-08-14;-52486
2020-08-13;"Košický kraj";3;0;0;0;NA;44709;3;2020-08-13;-52487
2020-08-12;"Košický kraj";12;0;0;0;NA;44709;12;2020-08-12;-52490
2020-08-11;"Košický kraj";5;0;0;0;NA;44709;5;2020-08-11;-52502
2020-08-10;"Košický kraj";1;0;0;0;NA;44709;1;2020-08-10;-52507
2020-08-09;"Košický kraj";0;0;0;0;NA;44709;0;2020-08-09;-52508
2020-08-08;"Košický kraj";5;0;0;0;NA;44709;5;2020-08-08;-52508
2020-08-07;"Košický kraj";7;0;0;0;NA;44709;7;2020-08-07;-52513
2020-08-06;"Košický kraj";3;0;0;0;NA;44709;3;2020-08-06;-52520
2020-08-05;"Košický kraj";4;0;0;0;NA;44709;4;2020-08-05;-52523
2020-08-04;"Košický kraj";1;0;0;0;NA;44709;1;2020-08-04;-52527
2020-08-03;"Košický kraj";1;0;0;0;NA;44709;1;2020-08-03;-52528
2020-08-02;"Košický kraj";0;0;0;0;NA;44709;0;2020-08-02;-52529
2020-08-01;"Košický kraj";0;0;0;0;NA;44709;0;2020-08-01;-52529
2020-07-31;"Košický kraj";0;0;0;0;NA;44709;0;2020-07-31;-52529
2020-07-30;"Košický kraj";2;0;0;0;NA;44709;2;2020-07-30;-52529
2020-07-29;"Košický kraj";1;0;0;0;NA;44709;1;2020-07-29;-52531
2020-07-28;"Košický kraj";9;0;0;0;NA;44709;9;2020-07-28;-52532
2020-07-27;"Košický kraj";4;0;0;0;NA;44709;4;2020-07-27;-52541
2020-07-26;"Košický kraj";0;0;0;0;NA;44709;0;2020-07-26;-52545
2020-07-25;"Košický kraj";2;0;0;0;NA;44709;2;2020-07-25;-52545
2020-07-24;"Košický kraj";2;0;0;0;NA;44709;2;2020-07-24;-52547
2020-07-23;"Košický kraj";1;0;0;0;NA;44709;1;2020-07-23;-52549
2020-07-22;"Košický kraj";1;0;0;0;NA;44709;1;2020-07-22;-52550
2020-07-21;"Košický kraj";0;0;0;0;NA;44709;0;2020-07-21;-52551
2020-07-20;"Košický kraj";0;0;0;0;NA;44709;0;2020-07-20;-52551
2020-07-19;"Košický kraj";0;0;0;0;NA;44709;0;2020-07-19;-52551
2020-07-18;"Košický kraj";1;0;0;0;NA;44709;1;2020-07-18;-52551
2020-07-17;"Košický kraj";1;0;0;0;NA;44709;1;2020-07-17;-52552
2020-07-16;"Košický kraj";0;0;0;0;NA;44709;0;2020-07-16;-52553
2020-07-15;"Košický kraj";2;0;0;0;NA;44709;2;2020-07-15;-52553
2020-07-14;"Košický kraj";1;0;0;0;NA;44709;1;2020-07-14;-52555
2020-07-13;"Košický kraj";1;0;0;0;NA;44709;1;2020-07-13;-52556
2020-07-12;"Košický kraj";0;0;0;0;NA;44709;0;2020-07-12;-52557
2020-07-11;"Košický kraj";0;0;0;0;NA;44709;0;2020-07-11;-52557
2020-07-10;"Košický kraj";1;0;0;0;NA;44709;1;2020-07-10;-52557
2020-07-09;"Košický kraj";1;0;0;0;NA;44709;1;2020-07-09;-52558
2020-07-08;"Košický kraj";12;0;0;0;NA;44709;12;2020-07-08;-52559
2020-07-07;"Košický kraj";0;0;0;0;NA;44709;0;2020-07-07;-52571
2020-07-06;"Košický kraj";0;0;0;0;NA;44709;0;2020-07-06;-52571
2020-07-05;"Košický kraj";0;0;0;0;NA;44709;0;2020-07-05;-52571
2020-07-04;"Košický kraj";0;0;0;0;NA;44709;0;2020-07-04;-52571
2020-07-03;"Košický kraj";1;0;0;0;NA;44709;1;2020-07-03;-52571
2020-07-02;"Košický kraj";0;0;0;0;NA;44709;0;2020-07-02;-52572
2020-07-01;"Košický kraj";1;0;0;0;NA;44709;1;2020-07-01;-52572
2020-06-30;"Košický kraj";0;0;0;0;NA;44709;0;2020-06-30;-52573
2020-06-29;"Košický kraj";0;0;0;0;NA;44709;0;2020-06-29;-52573
2020-06-28;"Košický kraj";0;0;0;0;NA;44709;0;2020-06-28;-52573
2020-06-27;"Košický kraj";0;0;0;0;NA;44709;0;2020-06-27;-52573
2020-06-26;"Košický kraj";0;0;0;0;NA;44709;0;2020-06-26;-52573
2020-06-25;"Košický kraj";3;0;0;0;NA;44709;3;2020-06-25;-52573
2020-06-24;"Košický kraj";3;0;0;0;NA;44709;3;2020-06-24;-52576
2020-06-23;"Košický kraj";3;0;0;0;NA;44709;3;2020-06-23;-52579
2020-06-22;"Košický kraj";0;0;0;0;NA;44709;0;2020-06-22;-52582
2020-06-21;"Košický kraj";0;0;0;0;NA;44709;0;2020-06-21;-52582
2020-06-20;"Košický kraj";0;0;0;0;NA;44709;0;2020-06-20;-52582
2020-06-19;"Košický kraj";0;0;0;0;NA;44709;0;2020-06-19;-52582
2020-06-18;"Košický kraj";1;0;0;0;NA;44709;1;2020-06-18;-52582
2020-06-17;"Košický kraj";0;0;0;0;NA;44709;0;2020-06-17;-52583
2020-06-16;"Košický kraj";2;0;0;0;NA;44709;2;2020-06-16;-52583
2020-06-14;"Košický kraj";0;0;0;0;NA;44709;0;2020-06-14;-52585
2020-06-13;"Košický kraj";0;0;0;0;NA;44709;0;2020-06-13;-52585
2020-06-12;"Košický kraj";0;0;0;0;NA;44709;0;2020-06-12;-52585
2020-06-11;"Košický kraj";0;0;0;0;NA;44709;0;2020-06-11;-52585
2020-06-10;"Košický kraj";6;0;0;0;NA;44709;6;2020-06-10;-52585
2020-06-09;"Košický kraj";0;0;0;0;NA;44709;0;2020-06-09;-52591
2020-06-08;"Košický kraj";0;0;0;0;NA;44709;0;2020-06-08;-52591
2020-06-07;"Košický kraj";2;0;0;0;NA;44709;2;2020-06-07;-52591
2020-06-05;"Košický kraj";0;0;0;0;NA;44709;0;2020-06-05;-52593
2020-06-03;"Košický kraj";0;0;0;0;NA;44709;0;2020-06-03;-52593
2020-06-02;"Košický kraj";1;0;0;0;NA;44709;1;2020-06-02;-52593
2020-05-31;"Košický kraj";0;0;0;0;NA;44709;0;2020-05-31;-52594
2020-05-29;"Košický kraj";1;0;0;0;NA;44709;1;2020-05-29;-52594
2020-05-27;"Košický kraj";0;0;0;0;NA;44709;0;2020-05-27;-52595
2020-05-26;"Košický kraj";1;0;0;0;NA;44709;1;2020-05-26;-52595
2020-05-25;"Košický kraj";1;0;0;0;NA;44709;1;2020-05-25;-52596
2020-05-24;"Košický kraj";0;0;0;0;NA;44709;0;2020-05-24;-52597
2020-05-23;"Košický kraj";0;0;0;0;NA;44709;0;2020-05-23;-52597
2020-05-22;"Košický kraj";0;0;0;0;NA;44709;0;2020-05-22;-52597
2020-05-21;"Košický kraj";0;0;0;0;NA;44709;0;2020-05-21;-52597
2020-05-20;"Košický kraj";3;0;0;0;NA;44709;3;2020-05-20;-52597
2020-05-19;"Košický kraj";0;0;0;0;NA;44709;0;2020-05-19;-52600
2020-05-17;"Košický kraj";1;0;0;0;NA;44709;1;2020-05-17;-52600
2020-05-16;"Košický kraj";1;0;0;0;NA;44709;1;2020-05-16;-52601
2020-05-15;"Košický kraj";10;0;0;0;NA;44709;10;2020-05-15;-52602
2020-05-14;"Košický kraj";1;0;0;0;NA;44709;1;2020-05-14;-52612
2020-05-13;"Košický kraj";6;0;0;0;NA;44709;6;2020-05-13;-52613
2020-05-12;"Košický kraj";0;0;0;0;NA;44709;0;2020-05-12;-52619
2020-05-11;"Košický kraj";0;0;0;0;NA;44709;0;2020-05-11;-52619
2020-05-09;"Košický kraj";0;0;0;0;NA;44709;0;2020-05-09;-52619
2020-05-07;"Košický kraj";0;0;0;0;NA;44709;0;2020-05-07;-52619
2020-05-06;"Košický kraj";1;0;0;0;NA;44709;1;2020-05-06;-52619
2020-05-05;"Košický kraj";0;0;0;0;NA;44709;0;2020-05-05;-52620
2020-05-04;"Košický kraj";0;0;0;0;NA;44709;0;2020-05-04;-52620
2020-05-03;"Košický kraj";0;0;0;0;NA;44709;0;2020-05-03;-52620
2020-05-02;"Košický kraj";1;0;0;0;NA;44709;1;2020-05-02;-52620
2020-05-01;"Košický kraj";0;0;0;0;NA;44709;0;2020-05-01;-52621
2020-04-30;"Košický kraj";1;0;0;0;NA;44709;1;2020-04-30;-52621
2020-04-29;"Košický kraj";1;0;0;0;NA;44709;1;2020-04-29;-52622
2020-04-28;"Košický kraj";1;0;0;0;NA;44709;1;2020-04-28;-52623
2020-04-27;"Košický kraj";1;0;0;0;NA;44709;1;2020-04-27;-52624
2020-04-26;"Košický kraj";0;0;0;0;NA;44709;0;2020-04-26;-52625
2020-04-25;"Košický kraj";0;0;0;0;NA;44709;0;2020-04-25;-52625
2020-04-24;"Košický kraj";3;0;0;0;NA;44709;3;2020-04-24;-52625
2020-04-23;"Košický kraj";4;0;0;0;NA;44709;4;2020-04-23;-52628
2020-04-22;"Košický kraj";21;0;0;0;NA;44709;21;2020-04-22;-52632
2020-04-21;"Košický kraj";4;0;0;0;NA;44709;4;2020-04-21;-52653
2020-04-20;"Košický kraj";0;0;0;0;NA;44709;0;2020-04-20;-52657
2020-04-19;"Košický kraj";1;0;0;0;NA;44709;1;2020-04-19;-52657
2020-04-18;"Košický kraj";2;0;0;0;NA;44709;2;2020-04-18;-52658
2020-04-17;"Košický kraj";7;0;0;0;NA;44709;7;2020-04-17;-52660
2020-04-16;"Košický kraj";29;0;0;0;NA;44709;29;2020-04-16;-52667
2020-04-15;"Košický kraj";50;0;0;0;NA;44709;50;2020-04-15;-52696
2020-04-14;"Košický kraj";4;0;0;0;NA;44709;4;2020-04-14;-52746
2020-04-13;"Košický kraj";5;0;0;0;NA;44709;5;2020-04-13;-52750
2020-04-12;"Košický kraj";4;0;0;0;NA;44709;4;2020-04-12;-52755
2020-04-11;"Košický kraj";2;0;0;0;NA;44709;2;2020-04-11;-52759
2020-04-10;"Košický kraj";1;0;0;0;NA;44709;1;2020-04-10;-52761
2020-04-09;"Košický kraj";4;0;0;0;NA;44709;4;2020-04-09;-52762
2020-04-08;"Košický kraj";5;0;0;0;NA;44709;5;2020-04-08;-52766
2020-04-07;"Košický kraj";34;0;0;0;NA;44709;34;2020-04-07;-52771
2020-04-06;"Košický kraj";6;0;0;0;NA;44709;6;2020-04-06;-52805
2020-04-05;"Košický kraj";4;0;0;0;NA;44709;4;2020-04-05;-52811
2020-04-04;"Košický kraj";5;0;0;0;NA;44709;5;2020-04-04;-52815
2020-04-03;"Košický kraj";4;0;0;0;NA;44709;4;2020-04-03;-52820
2020-04-02;"Košický kraj";3;0;0;0;NA;44709;3;2020-04-02;-52824
2020-04-01;"Košický kraj";3;0;0;0;NA;44709;3;2020-04-01;-52827
2020-03-31;"Košický kraj";1;0;0;0;NA;44709;1;2020-03-31;-52830
2020-03-30;"Košický kraj";5;0;0;0;NA;44709;5;2020-03-30;-52831
2020-03-29;"Košický kraj";0;0;0;0;NA;44709;0;2020-03-29;-52836
2020-03-28;"Košický kraj";1;0;0;0;NA;44709;1;2020-03-28;-52836
2020-03-27;"Košický kraj";1;0;0;0;NA;44709;1;2020-03-27;-52837
2020-03-26;"Košický kraj";3;0;0;0;NA;44709;3;2020-03-26;-52838
2020-03-25;"Košický kraj";2;0;0;0;NA;44709;2;2020-03-25;-52841
2020-03-24;"Košický kraj";0;0;0;0;NA;44709;0;2020-03-24;-52843
2020-03-23;"Košický kraj";2;0;0;0;NA;44709;2;2020-03-23;-52843
2020-03-22;"Košický kraj";0;0;0;0;NA;44709;0;2020-03-22;-52845
2020-03-21;"Košický kraj";3;0;0;0;NA;44709;3;2020-03-21;-52845
2020-03-20;"Košický kraj";1;0;0;0;NA;44709;1;2020-03-20;-52848
2020-03-19;"Košický kraj";0;0;0;0;NA;44709;0;2020-03-19;-52849
2020-03-18;"Košický kraj";0;0;0;0;NA;44709;0;2020-03-18;-52849
2020-03-17;"Košický kraj";0;0;0;0;NA;44709;0;2020-03-17;-52849
2020-03-16;"Košický kraj";3;0;0;0;NA;44709;3;2020-03-16;-52849
2020-03-15;"Košický kraj";1;0;0;0;NA;44709;1;2020-03-15;-52852
2020-03-14;"Košický kraj";0;0;0;0;NA;44709;0;2020-03-14;-52853
2020-03-13;"Košický kraj";2;0;0;0;NA;44709;2;2020-03-13;-52853
2020-03-12;"Košický kraj";0;0;0;0;NA;44709;0;2020-03-12;-52855
2020-03-11;"Košický kraj";0;0;0;0;NA;44709;0;2020-03-11;-52855
2020-03-09;"Košický kraj";1;0;0;0;NA;44709;1;2020-03-09;-52855
2020-03-08;"Košický kraj";0;0;0;0;NA;44709;0;2020-03-08;-52856
2020-03-07;"Košický kraj";0;0;0;0;NA;44709;0;2020-03-07;-52856
2020-03-06;"Košický kraj";0;0;0;0;NA;44709;0;2020-03-06;-52856
2021-06-20;"Nitriansky kraj";0;4211;6;4217;0;53389;6;2021-06-20;53389
2021-06-19;"Nitriansky kraj";0;4536;4;4540;NA;53389;4;2021-06-19;53383
2021-06-18;"Nitriansky kraj";4;5853;2;5855;NA;53389;6;2021-06-18;53379
2021-06-17;"Nitriansky kraj";5;3537;1;3538;NA;53389;6;2021-06-17;53373
2021-06-16;"Nitriansky kraj";4;3335;3;3338;NA;53389;7;2021-06-16;53367
2021-06-15;"Nitriansky kraj";1;3789;0;3789;NA;53389;1;2021-06-15;53360
2021-06-14;"Nitriansky kraj";0;5391;3;5394;NA;53389;3;2021-06-14;53359
2021-06-13;"Nitriansky kraj";0;6184;3;6187;NA;53389;3;2021-06-13;53356
2021-06-12;"Nitriansky kraj";1;7723;1;7724;NA;53389;2;2021-06-12;53353
2021-06-11;"Nitriansky kraj";3;6558;4;6562;NA;53389;7;2021-06-11;53351
2021-06-10;"Nitriansky kraj";7;4539;1;4540;NA;53389;8;2021-06-10;53344
2021-06-09;"Nitriansky kraj";2;4656;5;4661;NA;53389;7;2021-06-09;53336
2021-06-08;"Nitriansky kraj";8;4239;3;4242;NA;53389;11;2021-06-08;53329
2021-06-07;"Nitriansky kraj";6;5648;8;5656;NA;53389;14;2021-06-07;53318
2021-06-06;"Nitriansky kraj";0;6981;4;6985;NA;53389;4;2021-06-06;53304
2021-06-05;"Nitriansky kraj";6;8417;9;8426;NA;53389;15;2021-06-05;53300
2021-06-04;"Nitriansky kraj";9;7462;5;7467;NA;53389;14;2021-06-04;53285
2021-06-03;"Nitriansky kraj";2;5062;6;5068;NA;53389;8;2021-06-03;53271
2021-06-02;"Nitriansky kraj";11;4902;11;4913;NA;53389;22;2021-06-02;53263
2021-06-01;"Nitriansky kraj";3;4698;2;4700;NA;53389;5;2021-06-01;53241
2021-05-31;"Nitriansky kraj";8;8708;8;8716;NA;53389;16;2021-05-31;53236
2021-05-30;"Nitriansky kraj";1;9067;8;9075;NA;53389;9;2021-05-30;53220
2021-05-29;"Nitriansky kraj";2;12799;7;12806;NA;53389;9;2021-05-29;53211
2021-05-28;"Nitriansky kraj";10;8575;6;8581;NA;53389;16;2021-05-28;53202
2021-05-27;"Nitriansky kraj";4;6015;5;6020;NA;53389;9;2021-05-27;53186
2021-05-26;"Nitriansky kraj";11;8266;8;8274;NA;53389;19;2021-05-26;53177
2021-05-25;"Nitriansky kraj";15;7437;9;7446;NA;53389;24;2021-05-25;53158
2021-05-24;"Nitriansky kraj";14;9390;16;9406;NA;53389;30;2021-05-24;53134
2021-05-23;"Nitriansky kraj";1;9516;13;9529;NA;53389;14;2021-05-23;53104
2021-05-22;"Nitriansky kraj";7;16714;11;16725;NA;53389;18;2021-05-22;53090
2021-05-21;"Nitriansky kraj";18;10473;15;10488;NA;53389;33;2021-05-21;53072
2021-05-20;"Nitriansky kraj";8;7059;7;7066;NA;53389;15;2021-05-20;53039
2021-05-19;"Nitriansky kraj";20;6640;14;6654;NA;53389;34;2021-05-19;53024
2021-05-18;"Nitriansky kraj";23;7577;18;7595;NA;53389;41;2021-05-18;52990
2021-05-17;"Nitriansky kraj";22;9575;20;9595;NA;53389;42;2021-05-17;52949
2021-05-16;"Nitriansky kraj";4;13830;15;13845;NA;53389;19;2021-05-16;52907
2021-05-15;"Nitriansky kraj";5;25389;23;25412;NA;53389;28;2021-05-15;52888
2021-05-14;"Nitriansky kraj";18;13273;23;13296;NA;53389;41;2021-05-14;52860
2021-05-13;"Nitriansky kraj";24;8049;19;8068;NA;53389;43;2021-05-13;52819
2021-05-12;"Nitriansky kraj";10;7466;26;7492;NA;53389;36;2021-05-12;52776
2021-05-11;"Nitriansky kraj";36;8274;14;8288;NA;53389;50;2021-05-11;52740
2021-05-10;"Nitriansky kraj";16;13294;32;13326;NA;53389;48;2021-05-10;52690
2021-05-09;"Nitriansky kraj";8;21879;35;21914;NA;53389;43;2021-05-09;52642
2021-05-08;"Nitriansky kraj";0;24318;29;24347;NA;53389;29;2021-05-08;52599
2021-05-07;"Nitriansky kraj";32;14657;20;14677;NA;53389;52;2021-05-07;52570
2021-05-06;"Nitriansky kraj";30;9275;20;9295;NA;53389;50;2021-05-06;52518
2021-05-05;"Nitriansky kraj";19;8518;23;8541;NA;53389;42;2021-05-05;52468
2021-05-04;"Nitriansky kraj";46;8954;27;8981;NA;53389;73;2021-05-04;52426
2021-05-03;"Nitriansky kraj";32;14490;44;14534;NA;53389;76;2021-05-03;52353
2021-05-02;"Nitriansky kraj";4;31751;46;31797;NA;53389;50;2021-05-02;52277
2021-05-01;"Nitriansky kraj";23;60318;43;60361;NA;53389;66;2021-05-01;52227
2021-04-30;"Nitriansky kraj";28;31803;53;31856;NA;53389;81;2021-04-30;52161
2021-04-29;"Nitriansky kraj";27;13995;32;14027;NA;53389;59;2021-04-29;52080
2021-04-28;"Nitriansky kraj";36;14678;45;14723;NA;53389;81;2021-04-28;52021
2021-04-27;"Nitriansky kraj";51;13154;35;13189;NA;53389;86;2021-04-27;51940
2021-04-26;"Nitriansky kraj";38;21029;44;21073;NA;53389;82;2021-04-26;51854
2021-04-25;"Nitriansky kraj";7;43494;43;43537;NA;53389;50;2021-04-25;51772
2021-04-24;"Nitriansky kraj";23;92745;71;92816;NA;53389;94;2021-04-24;51722
2021-04-23;"Nitriansky kraj";54;35143;51;35194;NA;53389;105;2021-04-23;51628
2021-04-22;"Nitriansky kraj";32;15435;44;15479;NA;53389;76;2021-04-22;51523
2021-04-21;"Nitriansky kraj";38;14222;45;14267;NA;53389;83;2021-04-21;51447
2021-04-20;"Nitriansky kraj";67;16058;51;16109;NA;53389;118;2021-04-20;51364
2021-04-19;"Nitriansky kraj";35;24816;59;24875;NA;53389;94;2021-04-19;51246
2021-04-18;"Nitriansky kraj";0;39569;27;39596;NA;53389;27;2021-04-18;51152
2021-04-17;"Nitriansky kraj";34;92102;82;92184;NA;53389;116;2021-04-17;51125
2021-04-16;"Nitriansky kraj";46;32348;37;32385;NA;53389;83;2021-04-16;51009
2021-04-15;"Nitriansky kraj";75;16215;52;16267;NA;53389;127;2021-04-15;50926
2021-04-14;"Nitriansky kraj";43;15303;42;15345;NA;53389;85;2021-04-14;50799
2021-04-13;"Nitriansky kraj";110;14947;44;14991;NA;53389;154;2021-04-13;50714
2021-04-12;"Nitriansky kraj";29;22162;50;22212;NA;53389;79;2021-04-12;50560
2021-04-11;"Nitriansky kraj";1;37537;31;37568;NA;53389;32;2021-04-11;50481
2021-04-10;"Nitriansky kraj";35;95524;115;95639;NA;53389;150;2021-04-10;50449
2021-04-09;"Nitriansky kraj";69;30669;58;30727;NA;53389;127;2021-04-09;50299
2021-04-08;"Nitriansky kraj";71;15369;36;15405;NA;53389;107;2021-04-08;50172
2021-04-07;"Nitriansky kraj";64;18541;47;18588;NA;53389;111;2021-04-07;50065
2021-04-06;"Nitriansky kraj";65;33218;112;33330;NA;53389;177;2021-04-06;49954
2021-04-05;"Nitriansky kraj";37;12673;48;12721;NA;53389;85;2021-04-05;49777
2021-04-04;"Nitriansky kraj";5;17887;35;17922;NA;53389;40;2021-04-04;49692
2021-04-03;"Nitriansky kraj";26;85465;153;85618;NA;53389;179;2021-04-03;49652
2021-04-02;"Nitriansky kraj";32;18667;46;18713;NA;53389;78;2021-04-02;49473
2021-04-01;"Nitriansky kraj";63;24610;83;24693;NA;53389;146;2021-04-01;49395
2021-03-31;"Nitriansky kraj";73;21752;94;21846;NA;53389;167;2021-03-31;49249
2021-03-30;"Nitriansky kraj";125;17044;83;17127;NA;53389;208;2021-03-30;49082
2021-03-29;"Nitriansky kraj";81;25139;100;25239;NA;53389;181;2021-03-29;48874
2021-03-28;"Nitriansky kraj";6;45581;106;45687;NA;53389;112;2021-03-28;48693
2021-03-27;"Nitriansky kraj";39;103659;174;103833;NA;53389;213;2021-03-27;48581
2021-03-26;"Nitriansky kraj";90;40444;115;40559;NA;53389;205;2021-03-26;48368
2021-03-25;"Nitriansky kraj";95;19149;94;19243;NA;53389;189;2021-03-25;48163
2021-03-24;"Nitriansky kraj";90;14784;91;14875;NA;53389;181;2021-03-24;47974
2021-03-23;"Nitriansky kraj";167;16753;66;16819;NA;53389;233;2021-03-23;47793
2021-03-22;"Nitriansky kraj";101;23699;124;23823;NA;53389;225;2021-03-22;47560
2021-03-21;"Nitriansky kraj";27;42318;99;42417;NA;53389;126;2021-03-21;47335
2021-03-20;"Nitriansky kraj";36;99816;207;100023;NA;53389;243;2021-03-20;47209
2021-03-19;"Nitriansky kraj";76;37115;101;37216;NA;53389;177;2021-03-19;46966
2021-03-18;"Nitriansky kraj";103;20051;113;20164;NA;53389;216;2021-03-18;46789
2021-03-17;"Nitriansky kraj";87;15832;127;15959;NA;53389;214;2021-03-17;46573
2021-03-16;"Nitriansky kraj";172;18085;121;18206;NA;53389;293;2021-03-16;46359
2021-03-15;"Nitriansky kraj";130;24491;165;24656;NA;53389;295;2021-03-15;46066
2021-03-14;"Nitriansky kraj";3;45758;107;45865;NA;53389;110;2021-03-14;45771
2021-03-13;"Nitriansky kraj";65;112081;241;112322;NA;53389;306;2021-03-13;45661
2021-03-12;"Nitriansky kraj";127;40776;159;40935;NA;53389;286;2021-03-12;45355
2021-03-11;"Nitriansky kraj";131;18685;130;18815;NA;53389;261;2021-03-11;45069
2021-03-10;"Nitriansky kraj";96;17422;143;17565;NA;53389;239;2021-03-10;44808
2021-03-09;"Nitriansky kraj";260;17645;149;17794;NA;53389;409;2021-03-09;44569
2021-03-08;"Nitriansky kraj";145;27214;172;27386;NA;53389;317;2021-03-08;44160
2021-03-07;"Nitriansky kraj";48;46867;185;47052;NA;53389;233;2021-03-07;43843
2021-03-06;"Nitriansky kraj";86;110858;326;111184;NA;53389;412;2021-03-06;43610
2021-03-05;"Nitriansky kraj";133;39068;200;39268;NA;53389;333;2021-03-05;43198
2021-03-04;"Nitriansky kraj";176;18206;173;18379;NA;53389;349;2021-03-04;42865
2021-03-03;"Nitriansky kraj";172;17210;177;17387;NA;53389;349;2021-03-03;42516
2021-03-02;"Nitriansky kraj";274;20999;366;21365;NA;53389;640;2021-03-02;42167
2021-03-01;"Nitriansky kraj";133;27881;279;28160;NA;53389;412;2021-03-01;41527
2021-02-28;"Nitriansky kraj";80;40866;218;41084;NA;53389;298;2021-02-28;41115
2021-02-27;"Nitriansky kraj";101;106352;496;106848;NA;53389;597;2021-02-27;40817
2021-02-26;"Nitriansky kraj";109;36722;306;37028;NA;53389;415;2021-02-26;40220
2021-02-25;"Nitriansky kraj";188;15235;212;15447;NA;53389;400;2021-02-25;39805
2021-02-24;"Nitriansky kraj";125;13833;260;14093;NA;53389;385;2021-02-24;39405
2021-02-23;"Nitriansky kraj";273;15402;273;15675;NA;53389;546;2021-02-23;39020
2021-02-22;"Nitriansky kraj";154;26466;330;26796;NA;53389;484;2021-02-22;38474
2021-02-21;"Nitriansky kraj";22;43657;320;43977;NA;53389;342;2021-02-21;37990
2021-02-20;"Nitriansky kraj";128;108304;584;108888;NA;53389;712;2021-02-20;37648
2021-02-19;"Nitriansky kraj";173;36849;328;37177;NA;53389;501;2021-02-19;36936
2021-02-18;"Nitriansky kraj";202;17051;275;17326;NA;53389;477;2021-02-18;36435
2021-02-17;"Nitriansky kraj";198;12080;310;12390;NA;53389;508;2021-02-17;35958
2021-02-16;"Nitriansky kraj";284;14477;282;14759;NA;53389;566;2021-02-16;35450
2021-02-15;"Nitriansky kraj";122;27620;471;28091;NA;53389;593;2021-02-15;34884
2021-02-14;"Nitriansky kraj";8;50408;318;50726;NA;53389;326;2021-02-14;34291
2021-02-13;"Nitriansky kraj";127;110035;689;110724;NA;53389;816;2021-02-13;33965
2021-02-12;"Nitriansky kraj";162;33400;407;33807;NA;53389;569;2021-02-12;33149
2021-02-11;"Nitriansky kraj";195;12406;270;12676;NA;53389;465;2021-02-11;32580
2021-02-10;"Nitriansky kraj";186;17632;644;18276;NA;53389;830;2021-02-10;32115
2021-02-09;"Nitriansky kraj";260;18523;385;18908;NA;53389;645;2021-02-09;31285
2021-02-08;"Nitriansky kraj";177;37534;569;38103;NA;53389;746;2021-02-08;30640
2021-02-07;"Nitriansky kraj";20;52307;513;52820;NA;53389;533;2021-02-07;29894
2021-02-06;"Nitriansky kraj";129;101942;765;102707;NA;53389;894;2021-02-06;29361
2021-02-05;"Nitriansky kraj";244;26144;491;26635;NA;53389;735;2021-02-05;28467
2021-02-04;"Nitriansky kraj";308;15681;512;16193;NA;53389;820;2021-02-04;27732
2021-02-03;"Nitriansky kraj";191;13468;382;13850;NA;53389;573;2021-02-03;26912
2021-02-02;"Nitriansky kraj";327;17878;382;18260;NA;53389;709;2021-02-02;26339
2021-02-01;"Nitriansky kraj";221;24049;460;24509;NA;53389;681;2021-02-01;25630
2021-01-31;"Nitriansky kraj";9;45339;496;45835;NA;53389;505;2021-01-31;24949
2021-01-30;"Nitriansky kraj";152;98142;1077;99219;NA;53389;1229;2021-01-30;24444
2021-01-29;"Nitriansky kraj";302;22461;477;22938;NA;53389;779;2021-01-29;23215
2021-01-28;"Nitriansky kraj";269;11370;398;11768;NA;53389;667;2021-01-28;22436
2021-01-27;"Nitriansky kraj";235;6760;299;7059;NA;53389;534;2021-01-27;21769
2021-01-26;"Nitriansky kraj";345;16045;454;16499;NA;53389;799;2021-01-26;21235
2021-01-25;"Nitriansky kraj";201;21729;429;22158;NA;53389;630;2021-01-25;20436
2021-01-24;"Nitriansky kraj";12;78775;889;79664;NA;53389;901;2021-01-24;19806
2021-01-23;"Nitriansky kraj";277;97395;1434;98829;NA;53389;1711;2021-01-23;18905
2021-01-22;"Nitriansky kraj";139;35824;619;36443;NA;53389;758;2021-01-22;17194
2021-01-21;"Nitriansky kraj";305;14649;412;15061;NA;53389;717;2021-01-21;16436
2021-01-20;"Nitriansky kraj";326;11991;625;12616;NA;53389;951;2021-01-20;15719
2021-01-19;"Nitriansky kraj";344;11022;633;11655;NA;53389;977;2021-01-19;14768
2021-01-18;"Nitriansky kraj";367;8902;520;9422;NA;53389;887;2021-01-18;13791
2021-01-17;"Nitriansky kraj";97;15061;275;15336;NA;53389;372;2021-01-17;12904
2021-01-16;"Nitriansky kraj";64;36838;679;37517;NA;53389;743;2021-01-16;12532
2021-01-15;"Nitriansky kraj";373;15940;474;16414;NA;53389;847;2021-01-15;11789
2021-01-14;"Nitriansky kraj";627;10577;452;11029;NA;53389;1079;2021-01-14;10942
2021-01-13;"Nitriansky kraj";663;9234;484;9718;NA;53389;1147;2021-01-13;9863
2021-01-12;"Nitriansky kraj";642;9014;557;9571;NA;53389;1199;2021-01-12;8716
2021-01-11;"Nitriansky kraj";422;8625;556;9181;NA;53389;978;2021-01-11;7517
2021-01-10;"Nitriansky kraj";44;19841;730;20571;NA;53389;774;2021-01-10;6539
2021-01-09;"Nitriansky kraj";532;36823;1071;37894;NA;53389;1603;2021-01-09;5765
2021-01-08;"Nitriansky kraj";817;14297;711;15008;NA;53389;1528;2021-01-08;4162
2021-01-07;"Nitriansky kraj";438;10406;822;11228;NA;53389;1260;2021-01-07;2634
2021-01-06;"Nitriansky kraj";259;3192;197;3389;NA;53389;456;2021-01-06;1374
2021-01-05;"Nitriansky kraj";732;8901;1202;10103;NA;53389;1934;2021-01-05;918
2021-01-04;"Nitriansky kraj";362;8692;1329;10021;NA;53389;1691;2021-01-04;-1016
2021-01-03;"Nitriansky kraj";42;84;20;104;NA;53389;62;2021-01-03;-2707
2021-01-02;"Nitriansky kraj";249;1090;26;1116;NA;53389;275;2021-01-02;-2769
2021-01-01;"Nitriansky kraj";119;781;95;876;NA;53389;214;2021-01-01;-3044
2020-12-31;"Nitriansky kraj";786;7646;962;8608;NA;53389;1748;2020-12-31;-3258
2020-12-30;"Nitriansky kraj";1094;9619;1165;10784;NA;53389;2259;2020-12-30;-5006
2020-12-29;"Nitriansky kraj";607;8277;1286;9563;NA;53389;1893;2020-12-29;-7265
2020-12-28;"Nitriansky kraj";83;6981;1271;8252;NA;53389;1354;2020-12-28;-9158
2020-12-27;"Nitriansky kraj";22;60;8;68;NA;53389;30;2020-12-27;-10512
2020-12-26;"Nitriansky kraj";54;297;56;353;NA;53389;110;2020-12-26;-10542
2020-12-25;"Nitriansky kraj";35;60;11;71;NA;53389;46;2020-12-25;-10652
2020-12-24;"Nitriansky kraj";514;1861;176;2037;NA;53389;690;2020-12-24;-10698
2020-12-23;"Nitriansky kraj";349;15295;843;16138;NA;53389;1192;2020-12-23;-11388
2020-12-22;"Nitriansky kraj";673;10989;994;11983;NA;53389;1667;2020-12-22;-12580
2020-12-21;"Nitriansky kraj";128;7953;976;8929;NA;53389;1104;2020-12-21;-14247
2020-12-20;"Nitriansky kraj";77;50;10;60;NA;53389;87;2020-12-20;-15351
2020-12-19;"Nitriansky kraj";262;2259;159;2418;NA;53389;421;2020-12-19;-15438
2020-12-18;"Nitriansky kraj";512;8437;551;8988;NA;53389;1063;2020-12-18;-15859
2020-12-17;"Nitriansky kraj";586;6894;514;7408;NA;53389;1100;2020-12-17;-16922
2020-12-16;"Nitriansky kraj";357;8785;546;9331;NA;53389;903;2020-12-16;-18022
2020-12-15;"Nitriansky kraj";461;9365;769;10134;NA;53389;1230;2020-12-15;-18925
2020-12-14;"Nitriansky kraj";217;8089;827;8916;NA;53389;1044;2020-12-14;-20155
2020-12-13;"Nitriansky kraj";12;69;6;75;NA;53389;18;2020-12-13;-21199
2020-12-12;"Nitriansky kraj";341;1832;125;1957;NA;53389;466;2020-12-12;-21217
2020-12-11;"Nitriansky kraj";409;5430;416;5846;NA;53389;825;2020-12-11;-21683
2020-12-10;"Nitriansky kraj";360;5473;351;5824;NA;53389;711;2020-12-10;-22508
2020-12-09;"Nitriansky kraj";362;5506;529;6035;NA;53389;891;2020-12-09;-23219
2020-12-08;"Nitriansky kraj";340;8168;548;8716;NA;53389;888;2020-12-08;-24110
2020-12-07;"Nitriansky kraj";139;6243;573;6816;NA;53389;712;2020-12-07;-24998
2020-12-06;"Nitriansky kraj";15;89;4;93;NA;53389;19;2020-12-06;-25710
2020-12-05;"Nitriansky kraj";136;1388;19;1407;NA;53389;155;2020-12-05;-25729
2020-12-04;"Nitriansky kraj";232;2884;74;2958;NA;53389;306;2020-12-04;-25884
2020-12-03;"Nitriansky kraj";248;2471;110;2581;NA;53389;358;2020-12-03;-26190
2020-12-02;"Nitriansky kraj";252;3733;163;3896;NA;53389;415;2020-12-02;-26548
2020-12-01;"Nitriansky kraj";331;2891;131;3022;NA;53389;462;2020-12-01;-26963
2020-11-30;"Nitriansky kraj";91;4228;188;4416;NA;53389;279;2020-11-30;-27425
2020-11-29;"Nitriansky kraj";3;634;42;676;NA;53389;45;2020-11-29;-27704
2020-11-28;"Nitriansky kraj";135;892;31;923;NA;53389;166;2020-11-28;-27749
2020-11-27;"Nitriansky kraj";177;2069;73;2142;NA;53389;250;2020-11-27;-27915
2020-11-26;"Nitriansky kraj";191;2813;80;2893;NA;53389;271;2020-11-26;-28165
2020-11-25;"Nitriansky kraj";325;2478;91;2569;NA;53389;416;2020-11-25;-28436
2020-11-24;"Nitriansky kraj";147;1641;64;1705;NA;53389;211;2020-11-24;-28852
2020-11-23;"Nitriansky kraj";102;9891;212;10103;NA;53389;314;2020-11-23;-29063
2020-11-22;"Nitriansky kraj";7;1176;25;1201;NA;53389;32;2020-11-22;-29377
2020-11-21;"Nitriansky kraj";86;1083;38;1121;NA;53389;124;2020-11-21;-29409
2020-11-20;"Nitriansky kraj";264;4180;103;4283;NA;53389;367;2020-11-20;-29533
2020-11-19;"Nitriansky kraj";185;3065;134;3199;NA;53389;319;2020-11-19;-29900
2020-11-18;"Nitriansky kraj";188;2214;79;2293;NA;53389;267;2020-11-18;-30219
2020-11-17;"Nitriansky kraj";178;596;29;625;NA;53389;207;2020-11-17;-30486
2020-11-16;"Nitriansky kraj";139;1877;75;1952;NA;53389;214;2020-11-16;-30693
2020-11-15;"Nitriansky kraj";14;180;5;185;NA;53389;19;2020-11-15;-30907
2020-11-14;"Nitriansky kraj";114;1131;32;1163;NA;53389;146;2020-11-14;-30926
2020-11-13;"Nitriansky kraj";210;936;46;982;NA;53389;256;2020-11-13;-31072
2020-11-12;"Nitriansky kraj";256;1195;35;1230;NA;53389;291;2020-11-12;-31328
2020-11-11;"Nitriansky kraj";279;1247;22;1269;NA;53389;301;2020-11-11;-31619
2020-11-10;"Nitriansky kraj";192;2623;39;2662;NA;53389;231;2020-11-10;-31920
2020-11-09;"Nitriansky kraj";128;3136;43;3179;NA;53389;171;2020-11-09;-32151
2020-11-08;"Nitriansky kraj";43;1462;32;1494;NA;53389;75;2020-11-08;-32322
2020-11-07;"Nitriansky kraj";130;1046;4;1050;NA;53389;134;2020-11-07;-32397
2020-11-06;"Nitriansky kraj";210;2264;32;2296;NA;53389;242;2020-11-06;-32531
2020-11-05;"Nitriansky kraj";178;313;14;327;NA;53389;192;2020-11-05;-32773
2020-11-04;"Nitriansky kraj";211;297;16;313;NA;53389;227;2020-11-04;-32965
2020-11-03;"Nitriansky kraj";216;435;25;460;NA;53389;241;2020-11-03;-33192
2020-11-02;"Nitriansky kraj";171;4208;46;4254;NA;53389;217;2020-11-02;-33433
2020-11-01;"Nitriansky kraj";130;2546;27;2573;NA;53389;157;2020-11-01;-33650
2020-10-31;"Nitriansky kraj";261;10466;134;10600;NA;53389;395;2020-10-31;-33807
2020-10-30;"Nitriansky kraj";204;2593;42;2635;NA;53389;246;2020-10-30;-34202
2020-10-29;"Nitriansky kraj";293;841;39;880;NA;53389;332;2020-10-29;-34448
2020-10-28;"Nitriansky kraj";216;608;59;667;NA;53389;275;2020-10-28;-34780
2020-10-27;"Nitriansky kraj";296;550;47;597;NA;53389;343;2020-10-27;-35055
2020-10-26;"Nitriansky kraj";69;633;56;689;NA;53389;125;2020-10-26;-35398
2020-10-25;"Nitriansky kraj";50;62;8;70;NA;53389;58;2020-10-25;-35523
2020-10-24;"Nitriansky kraj";169;237;11;248;NA;53389;180;2020-10-24;-35581
2020-10-23;"Nitriansky kraj";282;762;41;803;NA;53389;323;2020-10-23;-35761
2020-10-22;"Nitriansky kraj";137;444;39;483;NA;53389;176;2020-10-22;-36084
2020-10-21;"Nitriansky kraj";146;208;3;211;NA;53389;149;2020-10-21;-36260
2020-10-20;"Nitriansky kraj";197;78;6;84;NA;53389;203;2020-10-20;-36409
2020-10-19;"Nitriansky kraj";148;79;1;80;NA;53389;149;2020-10-19;-36612
2020-10-18;"Nitriansky kraj";22;0;0;0;NA;53389;22;2020-10-18;-36761
2020-10-17;"Nitriansky kraj";67;0;0;0;NA;53389;67;2020-10-17;-36783
2020-10-16;"Nitriansky kraj";133;28;3;31;NA;53389;136;2020-10-16;-36850
2020-10-15;"Nitriansky kraj";106;31;2;33;NA;53389;108;2020-10-15;-36986
2020-10-14;"Nitriansky kraj";80;22;4;26;NA;53389;84;2020-10-14;-37094
2020-10-13;"Nitriansky kraj";101;82;2;84;NA;53389;103;2020-10-13;-37178
2020-10-12;"Nitriansky kraj";36;0;0;0;NA;53389;36;2020-10-12;-37281
2020-10-11;"Nitriansky kraj";8;0;0;0;NA;53389;8;2020-10-11;-37317
2020-10-10;"Nitriansky kraj";107;0;0;0;NA;53389;107;2020-10-10;-37325
2020-10-09;"Nitriansky kraj";120;0;0;0;NA;53389;120;2020-10-09;-37432
2020-10-08;"Nitriansky kraj";132;0;0;0;NA;53389;132;2020-10-08;-37552
2020-10-07;"Nitriansky kraj";81;0;0;0;NA;53389;81;2020-10-07;-37684
2020-10-06;"Nitriansky kraj";48;0;0;0;NA;53389;48;2020-10-06;-37765
2020-10-05;"Nitriansky kraj";20;0;0;0;NA;53389;20;2020-10-05;-37813
2020-10-04;"Nitriansky kraj";17;0;0;0;NA;53389;17;2020-10-04;-37833
2020-10-03;"Nitriansky kraj";96;0;0;0;NA;53389;96;2020-10-03;-37850
2020-10-02;"Nitriansky kraj";108;0;0;0;NA;53389;108;2020-10-02;-37946
2020-10-01;"Nitriansky kraj";95;0;0;0;NA;53389;95;2020-10-01;-38054
2020-09-30;"Nitriansky kraj";100;0;0;0;NA;53389;100;2020-09-30;-38149
2020-09-29;"Nitriansky kraj";50;0;0;0;NA;53389;50;2020-09-29;-38249
2020-09-28;"Nitriansky kraj";22;0;0;0;NA;53389;22;2020-09-28;-38299
2020-09-27;"Nitriansky kraj";16;0;0;0;NA;53389;16;2020-09-27;-38321
2020-09-26;"Nitriansky kraj";64;0;0;0;NA;53389;64;2020-09-26;-38337
2020-09-25;"Nitriansky kraj";90;0;0;0;NA;53389;90;2020-09-25;-38401
2020-09-24;"Nitriansky kraj";51;0;0;0;NA;53389;51;2020-09-24;-38491
2020-09-23;"Nitriansky kraj";70;0;0;0;NA;53389;70;2020-09-23;-38542
2020-09-22;"Nitriansky kraj";18;0;0;0;NA;53389;18;2020-09-22;-38612
2020-09-21;"Nitriansky kraj";10;0;0;0;NA;53389;10;2020-09-21;-38630
2020-09-20;"Nitriansky kraj";4;0;0;0;NA;53389;4;2020-09-20;-38640
2020-09-19;"Nitriansky kraj";14;0;0;0;NA;53389;14;2020-09-19;-38644
2020-09-18;"Nitriansky kraj";19;0;0;0;NA;53389;19;2020-09-18;-38658
2020-09-17;"Nitriansky kraj";30;0;0;0;NA;53389;30;2020-09-17;-38677
2020-09-16;"Nitriansky kraj";6;0;0;0;NA;53389;6;2020-09-16;-38707
2020-09-15;"Nitriansky kraj";19;0;0;0;NA;53389;19;2020-09-15;-38713
2020-09-14;"Nitriansky kraj";28;0;0;0;NA;53389;28;2020-09-14;-38732
2020-09-13;"Nitriansky kraj";3;0;0;0;NA;53389;3;2020-09-13;-38760
2020-09-12;"Nitriansky kraj";12;0;0;0;NA;53389;12;2020-09-12;-38763
2020-09-11;"Nitriansky kraj";23;0;0;0;NA;53389;23;2020-09-11;-38775
2020-09-10;"Nitriansky kraj";29;0;0;0;NA;53389;29;2020-09-10;-38798
2020-09-09;"Nitriansky kraj";19;0;0;0;NA;53389;19;2020-09-09;-38827
2020-09-08;"Nitriansky kraj";17;0;0;0;NA;53389;17;2020-09-08;-38846
2020-09-07;"Nitriansky kraj";17;0;0;0;NA;53389;17;2020-09-07;-38863
2020-09-06;"Nitriansky kraj";0;0;0;0;NA;53389;0;2020-09-06;-38880
2020-09-05;"Nitriansky kraj";22;0;0;0;NA;53389;22;2020-09-05;-38880
2020-09-04;"Nitriansky kraj";34;0;0;0;NA;53389;34;2020-09-04;-38902
2020-09-03;"Nitriansky kraj";15;0;0;0;NA;53389;15;2020-09-03;-38936
2020-09-02;"Nitriansky kraj";15;0;0;0;NA;53389;15;2020-09-02;-38951
2020-09-01;"Nitriansky kraj";2;0;0;0;NA;53389;2;2020-09-01;-38966
2020-08-31;"Nitriansky kraj";12;0;0;0;NA;53389;12;2020-08-31;-38968
2020-08-30;"Nitriansky kraj";1;0;0;0;NA;53389;1;2020-08-30;-38980
2020-08-29;"Nitriansky kraj";7;0;0;0;NA;53389;7;2020-08-29;-38981
2020-08-28;"Nitriansky kraj";12;0;0;0;NA;53389;12;2020-08-28;-38988
2020-08-27;"Nitriansky kraj";12;0;0;0;NA;53389;12;2020-08-27;-39000
2020-08-26;"Nitriansky kraj";4;0;0;0;NA;53389;4;2020-08-26;-39012
2020-08-25;"Nitriansky kraj";8;0;0;0;NA;53389;8;2020-08-25;-39016
2020-08-24;"Nitriansky kraj";1;0;0;0;NA;53389;1;2020-08-24;-39024
2020-08-23;"Nitriansky kraj";1;0;0;0;NA;53389;1;2020-08-23;-39025
2020-08-22;"Nitriansky kraj";2;0;0;0;NA;53389;2;2020-08-22;-39026
2020-08-21;"Nitriansky kraj";0;0;0;0;NA;53389;0;2020-08-21;-39028
2020-08-20;"Nitriansky kraj";7;0;0;0;NA;53389;7;2020-08-20;-39028
2020-08-19;"Nitriansky kraj";1;0;0;0;NA;53389;1;2020-08-19;-39035
2020-08-18;"Nitriansky kraj";2;0;0;0;NA;53389;2;2020-08-18;-39036
2020-08-17;"Nitriansky kraj";1;0;0;0;NA;53389;1;2020-08-17;-39038
2020-08-16;"Nitriansky kraj";0;0;0;0;NA;53389;0;2020-08-16;-39039
2020-08-15;"Nitriansky kraj";2;0;0;0;NA;53389;2;2020-08-15;-39039
2020-08-14;"Nitriansky kraj";1;0;0;0;NA;53389;1;2020-08-14;-39041
2020-08-13;"Nitriansky kraj";4;0;0;0;NA;53389;4;2020-08-13;-39042
2020-08-12;"Nitriansky kraj";0;0;0;0;NA;53389;0;2020-08-12;-39046
2020-08-11;"Nitriansky kraj";1;0;0;0;NA;53389;1;2020-08-11;-39046
2020-08-10;"Nitriansky kraj";0;0;0;0;NA;53389;0;2020-08-10;-39047
2020-08-09;"Nitriansky kraj";0;0;0;0;NA;53389;0;2020-08-09;-39047
2020-08-08;"Nitriansky kraj";0;0;0;0;NA;53389;0;2020-08-08;-39047
2020-08-07;"Nitriansky kraj";4;0;0;0;NA;53389;4;2020-08-07;-39047
2020-08-06;"Nitriansky kraj";4;0;0;0;NA;53389;4;2020-08-06;-39051
2020-08-05;"Nitriansky kraj";0;0;0;0;NA;53389;0;2020-08-05;-39055
2020-08-04;"Nitriansky kraj";7;0;0;0;NA;53389;7;2020-08-04;-39055
2020-08-03;"Nitriansky kraj";0;0;0;0;NA;53389;0;2020-08-03;-39062
2020-08-02;"Nitriansky kraj";0;0;0;0;NA;53389;0;2020-08-02;-39062
2020-08-01;"Nitriansky kraj";0;0;0;0;NA;53389;0;2020-08-01;-39062
2020-07-31;"Nitriansky kraj";0;0;0;0;NA;53389;0;2020-07-31;-39062
2020-07-30;"Nitriansky kraj";0;0;0;0;NA;53389;0;2020-07-30;-39062
2020-07-29;"Nitriansky kraj";0;0;0;0;NA;53389;0;2020-07-29;-39062
2020-07-28;"Nitriansky kraj";0;0;0;0;NA;53389;0;2020-07-28;-39062
2020-07-27;"Nitriansky kraj";0;0;0;0;NA;53389;0;2020-07-27;-39062
2020-07-26;"Nitriansky kraj";0;0;0;0;NA;53389;0;2020-07-26;-39062
2020-07-25;"Nitriansky kraj";0;0;0;0;NA;53389;0;2020-07-25;-39062
2020-07-24;"Nitriansky kraj";1;0;0;0;NA;53389;1;2020-07-24;-39062
2020-07-23;"Nitriansky kraj";3;0;0;0;NA;53389;3;2020-07-23;-39063
2020-07-22;"Nitriansky kraj";2;0;0;0;NA;53389;2;2020-07-22;-39066
2020-07-21;"Nitriansky kraj";14;0;0;0;NA;53389;14;2020-07-21;-39068
2020-07-20;"Nitriansky kraj";11;0;0;0;NA;53389;11;2020-07-20;-39082
2020-07-19;"Nitriansky kraj";0;0;0;0;NA;53389;0;2020-07-19;-39093
2020-07-18;"Nitriansky kraj";0;0;0;0;NA;53389;0;2020-07-18;-39093
2020-07-17;"Nitriansky kraj";0;0;0;0;NA;53389;0;2020-07-17;-39093
2020-07-16;"Nitriansky kraj";4;0;0;0;NA;53389;4;2020-07-16;-39093
2020-07-15;"Nitriansky kraj";5;0;0;0;NA;53389;5;2020-07-15;-39097
2020-07-14;"Nitriansky kraj";0;0;0;0;NA;53389;0;2020-07-14;-39102
2020-07-13;"Nitriansky kraj";0;0;0;0;NA;53389;0;2020-07-13;-39102
2020-07-12;"Nitriansky kraj";0;0;0;0;NA;53389;0;2020-07-12;-39102
2020-07-11;"Nitriansky kraj";0;0;0;0;NA;53389;0;2020-07-11;-39102
2020-07-10;"Nitriansky kraj";0;0;0;0;NA;53389;0;2020-07-10;-39102
2020-07-09;"Nitriansky kraj";1;0;0;0;NA;53389;1;2020-07-09;-39102
2020-07-08;"Nitriansky kraj";2;0;0;0;NA;53389;2;2020-07-08;-39103
2020-07-07;"Nitriansky kraj";0;0;0;0;NA;53389;0;2020-07-07;-39105
2020-07-06;"Nitriansky kraj";0;0;0;0;NA;53389;0;2020-07-06;-39105
2020-07-05;"Nitriansky kraj";0;0;0;0;NA;53389;0;2020-07-05;-39105
2020-07-04;"Nitriansky kraj";0;0;0;0;NA;53389;0;2020-07-04;-39105
2020-07-03;"Nitriansky kraj";0;0;0;0;NA;53389;0;2020-07-03;-39105
2020-07-02;"Nitriansky kraj";0;0;0;0;NA;53389;0;2020-07-02;-39105
2020-07-01;"Nitriansky kraj";3;0;0;0;NA;53389;3;2020-07-01;-39105
2020-06-30;"Nitriansky kraj";0;0;0;0;NA;53389;0;2020-06-30;-39108
2020-06-29;"Nitriansky kraj";0;0;0;0;NA;53389;0;2020-06-29;-39108
2020-06-28;"Nitriansky kraj";0;0;0;0;NA;53389;0;2020-06-28;-39108
2020-06-27;"Nitriansky kraj";0;0;0;0;NA;53389;0;2020-06-27;-39108
2020-06-26;"Nitriansky kraj";0;0;0;0;NA;53389;0;2020-06-26;-39108
2020-06-25;"Nitriansky kraj";0;0;0;0;NA;53389;0;2020-06-25;-39108
2020-06-24;"Nitriansky kraj";1;0;0;0;NA;53389;1;2020-06-24;-39108
2020-06-23;"Nitriansky kraj";0;0;0;0;NA;53389;0;2020-06-23;-39109
2020-06-22;"Nitriansky kraj";0;0;0;0;NA;53389;0;2020-06-22;-39109
2020-06-21;"Nitriansky kraj";0;0;0;0;NA;53389;0;2020-06-21;-39109
2020-06-20;"Nitriansky kraj";0;0;0;0;NA;53389;0;2020-06-20;-39109
2020-06-19;"Nitriansky kraj";0;0;0;0;NA;53389;0;2020-06-19;-39109
2020-06-18;"Nitriansky kraj";0;0;0;0;NA;53389;0;2020-06-18;-39109
2020-06-17;"Nitriansky kraj";0;0;0;0;NA;53389;0;2020-06-17;-39109
2020-06-16;"Nitriansky kraj";0;0;0;0;NA;53389;0;2020-06-16;-39109
2020-06-14;"Nitriansky kraj";0;0;0;0;NA;53389;0;2020-06-14;-39109
2020-06-13;"Nitriansky kraj";0;0;0;0;NA;53389;0;2020-06-13;-39109
2020-06-12;"Nitriansky kraj";0;0;0;0;NA;53389;0;2020-06-12;-39109
2020-06-11;"Nitriansky kraj";0;0;0;0;NA;53389;0;2020-06-11;-39109
2020-06-10;"Nitriansky kraj";1;0;0;0;NA;53389;1;2020-06-10;-39109
2020-06-09;"Nitriansky kraj";1;0;0;0;NA;53389;1;2020-06-09;-39110
2020-06-08;"Nitriansky kraj";0;0;0;0;NA;53389;0;2020-06-08;-39111
2020-06-07;"Nitriansky kraj";0;0;0;0;NA;53389;0;2020-06-07;-39111
2020-06-05;"Nitriansky kraj";0;0;0;0;NA;53389;0;2020-06-05;-39111
2020-06-03;"Nitriansky kraj";0;0;0;0;NA;53389;0;2020-06-03;-39111
2020-06-02;"Nitriansky kraj";1;0;0;0;NA;53389;1;2020-06-02;-39111
2020-05-31;"Nitriansky kraj";0;0;0;0;NA;53389;0;2020-05-31;-39112
2020-05-29;"Nitriansky kraj";0;0;0;0;NA;53389;0;2020-05-29;-39112
2020-05-27;"Nitriansky kraj";0;0;0;0;NA;53389;0;2020-05-27;-39112
2020-05-26;"Nitriansky kraj";0;0;0;0;NA;53389;0;2020-05-26;-39112
2020-05-25;"Nitriansky kraj";0;0;0;0;NA;53389;0;2020-05-25;-39112
2020-05-24;"Nitriansky kraj";2;0;0;0;NA;53389;2;2020-05-24;-39112
2020-05-23;"Nitriansky kraj";0;0;0;0;NA;53389;0;2020-05-23;-39114
2020-05-22;"Nitriansky kraj";1;0;0;0;NA;53389;1;2020-05-22;-39114
2020-05-21;"Nitriansky kraj";0;0;0;0;NA;53389;0;2020-05-21;-39115
2020-05-20;"Nitriansky kraj";0;0;0;0;NA;53389;0;2020-05-20;-39115
2020-05-19;"Nitriansky kraj";0;0;0;0;NA;53389;0;2020-05-19;-39115
2020-05-17;"Nitriansky kraj";0;0;0;0;NA;53389;0;2020-05-17;-39115
2020-05-16;"Nitriansky kraj";0;0;0;0;NA;53389;0;2020-05-16;-39115
2020-05-15;"Nitriansky kraj";1;0;0;0;NA;53389;1;2020-05-15;-39115
2020-05-14;"Nitriansky kraj";0;0;0;0;NA;53389;0;2020-05-14;-39116
2020-05-13;"Nitriansky kraj";0;0;0;0;NA;53389;0;2020-05-13;-39116
2020-05-12;"Nitriansky kraj";0;0;0;0;NA;53389;0;2020-05-12;-39116
2020-05-11;"Nitriansky kraj";2;0;0;0;NA;53389;2;2020-05-11;-39116
2020-05-09;"Nitriansky kraj";0;0;0;0;NA;53389;0;2020-05-09;-39118
2020-05-07;"Nitriansky kraj";1;0;0;0;NA;53389;1;2020-05-07;-39118
2020-05-06;"Nitriansky kraj";9;0;0;0;NA;53389;9;2020-05-06;-39119
2020-05-05;"Nitriansky kraj";0;0;0;0;NA;53389;0;2020-05-05;-39128
2020-05-04;"Nitriansky kraj";5;0;0;0;NA;53389;5;2020-05-04;-39128
2020-05-03;"Nitriansky kraj";2;0;0;0;NA;53389;2;2020-05-03;-39133
2020-05-02;"Nitriansky kraj";0;0;0;0;NA;53389;0;2020-05-02;-39135
2020-05-01;"Nitriansky kraj";1;0;0;0;NA;53389;1;2020-05-01;-39135
2020-04-30;"Nitriansky kraj";0;0;0;0;NA;53389;0;2020-04-30;-39136
2020-04-29;"Nitriansky kraj";0;0;0;0;NA;53389;0;2020-04-29;-39136
2020-04-28;"Nitriansky kraj";1;0;0;0;NA;53389;1;2020-04-28;-39136
2020-04-27;"Nitriansky kraj";0;0;0;0;NA;53389;0;2020-04-27;-39137
2020-04-26;"Nitriansky kraj";0;0;0;0;NA;53389;0;2020-04-26;-39137
2020-04-25;"Nitriansky kraj";0;0;0;0;NA;53389;0;2020-04-25;-39137
2020-04-24;"Nitriansky kraj";0;0;0;0;NA;53389;0;2020-04-24;-39137
2020-04-23;"Nitriansky kraj";3;0;0;0;NA;53389;3;2020-04-23;-39137
2020-04-22;"Nitriansky kraj";16;0;0;0;NA;53389;16;2020-04-22;-39140
2020-04-21;"Nitriansky kraj";6;0;0;0;NA;53389;6;2020-04-21;-39156
2020-04-20;"Nitriansky kraj";5;0;0;0;NA;53389;5;2020-04-20;-39162
2020-04-19;"Nitriansky kraj";0;0;0;0;NA;53389;0;2020-04-19;-39167
2020-04-18;"Nitriansky kraj";0;0;0;0;NA;53389;0;2020-04-18;-39167
2020-04-17;"Nitriansky kraj";7;0;0;0;NA;53389;7;2020-04-17;-39167
2020-04-16;"Nitriansky kraj";0;0;0;0;NA;53389;0;2020-04-16;-39174
2020-04-15;"Nitriansky kraj";6;0;0;0;NA;53389;6;2020-04-15;-39174
2020-04-14;"Nitriansky kraj";2;0;0;0;NA;53389;2;2020-04-14;-39180
2020-04-13;"Nitriansky kraj";1;0;0;0;NA;53389;1;2020-04-13;-39182
2020-04-12;"Nitriansky kraj";3;0;0;0;NA;53389;3;2020-04-12;-39183
2020-04-11;"Nitriansky kraj";1;0;0;0;NA;53389;1;2020-04-11;-39186
2020-04-10;"Nitriansky kraj";1;0;0;0;NA;53389;1;2020-04-10;-39187
2020-04-09;"Nitriansky kraj";0;0;0;0;NA;53389;0;2020-04-09;-39188
2020-04-08;"Nitriansky kraj";2;0;0;0;NA;53389;2;2020-04-08;-39188
2020-04-07;"Nitriansky kraj";3;0;0;0;NA;53389;3;2020-04-07;-39190
2020-04-06;"Nitriansky kraj";4;0;0;0;NA;53389;4;2020-04-06;-39193
2020-04-05;"Nitriansky kraj";5;0;0;0;NA;53389;5;2020-04-05;-39197
2020-04-04;"Nitriansky kraj";0;0;0;0;NA;53389;0;2020-04-04;-39202
2020-04-03;"Nitriansky kraj";0;0;0;0;NA;53389;0;2020-04-03;-39202
2020-04-02;"Nitriansky kraj";1;0;0;0;NA;53389;1;2020-04-02;-39202
2020-04-01;"Nitriansky kraj";0;0;0;0;NA;53389;0;2020-04-01;-39203
2020-03-31;"Nitriansky kraj";3;0;0;0;NA;53389;3;2020-03-31;-39203
2020-03-30;"Nitriansky kraj";3;0;0;0;NA;53389;3;2020-03-30;-39206
2020-03-29;"Nitriansky kraj";3;0;0;0;NA;53389;3;2020-03-29;-39209
2020-03-28;"Nitriansky kraj";1;0;0;0;NA;53389;1;2020-03-28;-39212
2020-03-27;"Nitriansky kraj";1;0;0;0;NA;53389;1;2020-03-27;-39213
2020-03-26;"Nitriansky kraj";1;0;0;0;NA;53389;1;2020-03-26;-39214
2020-03-25;"Nitriansky kraj";1;0;0;0;NA;53389;1;2020-03-25;-39215
2020-03-24;"Nitriansky kraj";0;0;0;0;NA;53389;0;2020-03-24;-39216
2020-03-23;"Nitriansky kraj";2;0;0;0;NA;53389;2;2020-03-23;-39216
2020-03-22;"Nitriansky kraj";2;0;0;0;NA;53389;2;2020-03-22;-39218
2020-03-21;"Nitriansky kraj";2;0;0;0;NA;53389;2;2020-03-21;-39220
2020-03-20;"Nitriansky kraj";1;0;0;0;NA;53389;1;2020-03-20;-39222
2020-03-19;"Nitriansky kraj";1;0;0;0;NA;53389;1;2020-03-19;-39223
2020-03-18;"Nitriansky kraj";2;0;0;0;NA;53389;2;2020-03-18;-39224
2020-03-17;"Nitriansky kraj";1;0;0;0;NA;53389;1;2020-03-17;-39226
2020-03-16;"Nitriansky kraj";0;0;0;0;NA;53389;0;2020-03-16;-39227
2020-03-15;"Nitriansky kraj";4;0;0;0;NA;53389;4;2020-03-15;-39227
2020-03-14;"Nitriansky kraj";1;0;0;0;NA;53389;1;2020-03-14;-39231
2020-03-13;"Nitriansky kraj";0;0;0;0;NA;53389;0;2020-03-13;-39232
2020-03-12;"Nitriansky kraj";0;0;0;0;NA;53389;0;2020-03-12;-39232
2020-03-11;"Nitriansky kraj";0;0;0;0;NA;53389;0;2020-03-11;-39232
2020-03-09;"Nitriansky kraj";0;0;0;0;NA;53389;0;2020-03-09;-39232
2020-03-08;"Nitriansky kraj";0;0;0;0;NA;53389;0;2020-03-08;-39232
2020-03-07;"Nitriansky kraj";0;0;0;0;NA;53389;0;2020-03-07;-39232
2020-03-06;"Nitriansky kraj";0;0;0;0;NA;53389;0;2020-03-06;-39232
2021-06-20;"Prešovský kraj";0;3306;2;3308;0;53699;2;2021-06-20;53699
2021-06-19;"Prešovský kraj";1;6220;4;6224;NA;53699;5;2021-06-19;53697
2021-06-18;"Prešovský kraj";9;6977;8;6985;NA;53699;17;2021-06-18;53692
2021-06-17;"Prešovský kraj";9;6392;5;6397;NA;53699;14;2021-06-17;53675
2021-06-16;"Prešovský kraj";6;6073;3;6076;NA;53699;9;2021-06-16;53661
2021-06-15;"Prešovský kraj";2;5577;4;5581;NA;53699;6;2021-06-15;53652
2021-06-14;"Prešovský kraj";5;8181;13;8194;NA;53699;18;2021-06-14;53646
2021-06-13;"Prešovský kraj";1;6183;7;6190;NA;53699;8;2021-06-13;53628
2021-06-12;"Prešovský kraj";3;8501;9;8510;NA;53699;12;2021-06-12;53620
2021-06-11;"Prešovský kraj";21;9485;9;9494;NA;53699;30;2021-06-11;53608
2021-06-10;"Prešovský kraj";11;6294;9;6303;NA;53699;20;2021-06-10;53578
2021-06-09;"Prešovský kraj";16;6161;3;6164;NA;53699;19;2021-06-09;53558
2021-06-08;"Prešovský kraj";31;6291;12;6303;NA;53699;43;2021-06-08;53539
2021-06-07;"Prešovský kraj";11;8891;15;8906;NA;53699;26;2021-06-07;53496
2021-06-06;"Prešovský kraj";0;7702;4;7706;NA;53699;4;2021-06-06;53470
2021-06-05;"Prešovský kraj";17;9970;14;9984;NA;53699;31;2021-06-05;53466
2021-06-04;"Prešovský kraj";26;10021;18;10039;NA;53699;44;2021-06-04;53435
2021-06-03;"Prešovský kraj";14;6446;15;6461;NA;53699;29;2021-06-03;53391
2021-06-02;"Prešovský kraj";47;7368;14;7382;NA;53699;61;2021-06-02;53362
2021-06-01;"Prešovský kraj";15;6781;14;6795;NA;53699;29;2021-06-01;53301
2021-05-31;"Prešovský kraj";27;9620;22;9642;NA;53699;49;2021-05-31;53272
2021-05-30;"Prešovský kraj";2;9429;13;9442;NA;53699;15;2021-05-30;53223
2021-05-29;"Prešovský kraj";23;12398;24;12422;NA;53699;47;2021-05-29;53208
2021-05-28;"Prešovský kraj";30;12098;19;12117;NA;53699;49;2021-05-28;53161
2021-05-27;"Prešovský kraj";16;7606;37;7643;NA;53699;53;2021-05-27;53112
2021-05-26;"Prešovský kraj";32;7979;23;8002;NA;53699;55;2021-05-26;53059
2021-05-25;"Prešovský kraj";38;8409;20;8429;NA;53699;58;2021-05-25;53004
2021-05-24;"Prešovský kraj";17;13297;37;13334;NA;53699;54;2021-05-24;52946
2021-05-23;"Prešovský kraj";3;11593;20;11613;NA;53699;23;2021-05-23;52892
2021-05-22;"Prešovský kraj";11;14263;44;14307;NA;53699;55;2021-05-22;52869
2021-05-21;"Prešovský kraj";44;13279;24;13303;NA;53699;68;2021-05-21;52814
2021-05-20;"Prešovský kraj";13;9076;29;9105;NA;53699;42;2021-05-20;52746
2021-05-19;"Prešovský kraj";60;10395;33;10428;NA;53699;93;2021-05-19;52704
2021-05-18;"Prešovský kraj";44;9058;27;9085;NA;53699;71;2021-05-18;52611
2021-05-17;"Prešovský kraj";60;12592;46;12638;NA;53699;106;2021-05-17;52540
2021-05-16;"Prešovský kraj";20;15945;66;16011;NA;53699;86;2021-05-16;52434
2021-05-15;"Prešovský kraj";20;24280;80;24360;NA;53699;100;2021-05-15;52348
2021-05-14;"Prešovský kraj";49;18019;62;18081;NA;53699;111;2021-05-14;52248
2021-05-13;"Prešovský kraj";54;11164;71;11235;NA;53699;125;2021-05-13;52137
2021-05-12;"Prešovský kraj";59;10822;39;10861;NA;53699;98;2021-05-12;52012
2021-05-11;"Prešovský kraj";61;10728;48;10776;NA;53699;109;2021-05-11;51914
2021-05-10;"Prešovský kraj";79;15450;67;15517;NA;53699;146;2021-05-10;51805
2021-05-09;"Prešovský kraj";54;21448;79;21527;NA;53699;133;2021-05-09;51659
2021-05-08;"Prešovský kraj";39;23012;52;23064;NA;53699;91;2021-05-08;51526
2021-05-07;"Prešovský kraj";81;23356;66;23422;NA;53699;147;2021-05-07;51435
2021-05-06;"Prešovský kraj";107;12833;66;12899;NA;53699;173;2021-05-06;51288
2021-05-05;"Prešovský kraj";60;12808;84;12892;NA;53699;144;2021-05-05;51115
2021-05-04;"Prešovský kraj";203;13463;66;13529;NA;53699;269;2021-05-04;50971
2021-05-03;"Prešovský kraj";68;18435;109;18544;NA;53699;177;2021-05-03;50702
2021-05-02;"Prešovský kraj";29;36175;102;36277;NA;53699;131;2021-05-02;50525
2021-05-01;"Prešovský kraj";70;57143;183;57326;NA;53699;253;2021-05-01;50394
2021-04-30;"Prešovský kraj";135;39333;118;39451;NA;53699;253;2021-04-30;50141
2021-04-29;"Prešovský kraj";110;16585;97;16682;NA;53699;207;2021-04-29;49888
2021-04-28;"Prešovský kraj";122;18671;89;18760;NA;53699;211;2021-04-28;49681
2021-04-27;"Prešovský kraj";154;19984;120;20104;NA;53699;274;2021-04-27;49470
2021-04-26;"Prešovský kraj";99;27120;123;27243;NA;53699;222;2021-04-26;49196
2021-04-25;"Prešovský kraj";9;52257;155;52412;NA;53699;164;2021-04-25;48974
2021-04-24;"Prešovský kraj";61;85301;243;85544;NA;53699;304;2021-04-24;48810
2021-04-23;"Prešovský kraj";171;40362;137;40499;NA;53699;308;2021-04-23;48506
2021-04-22;"Prešovský kraj";86;18104;125;18229;NA;53699;211;2021-04-22;48198
2021-04-21;"Prešovský kraj";144;21549;139;21688;NA;53699;283;2021-04-21;47987
2021-04-20;"Prešovský kraj";115;23345;128;23473;NA;53699;243;2021-04-20;47704
2021-04-19;"Prešovský kraj";106;29131;145;29276;NA;53699;251;2021-04-19;47461
2021-04-18;"Prešovský kraj";4;51540;129;51669;NA;53699;133;2021-04-18;47210
2021-04-17;"Prešovský kraj";119;97970;238;98208;NA;53699;357;2021-04-17;47077
2021-04-16;"Prešovský kraj";135;40983;146;41129;NA;53699;281;2021-04-16;46720
2021-04-15;"Prešovský kraj";112;20179;137;20316;NA;53699;249;2021-04-15;46439
2021-04-14;"Prešovský kraj";199;23331;130;23461;NA;53699;329;2021-04-14;46190
2021-04-13;"Prešovský kraj";180;23907;116;24023;NA;53699;296;2021-04-13;45861
2021-04-12;"Prešovský kraj";172;30152;175;30327;NA;53699;347;2021-04-12;45565
2021-04-11;"Prešovský kraj";11;49807;187;49994;NA;53699;198;2021-04-11;45218
2021-04-10;"Prešovský kraj";94;90181;297;90478;NA;53699;391;2021-04-10;45020
2021-04-09;"Prešovský kraj";255;37163;200;37363;NA;53699;455;2021-04-09;44629
2021-04-08;"Prešovský kraj";192;18891;157;19048;NA;53699;349;2021-04-08;44174
2021-04-07;"Prešovský kraj";314;27797;154;27951;NA;53699;468;2021-04-07;43825
2021-04-06;"Prešovský kraj";231;41702;268;41970;NA;53699;499;2021-04-06;43357
2021-04-05;"Prešovský kraj";54;18454;132;18586;NA;53699;186;2021-04-05;42858
2021-04-04;"Prešovský kraj";31;18569;91;18660;NA;53699;122;2021-04-04;42672
2021-04-03;"Prešovský kraj";104;90608;317;90925;NA;53699;421;2021-04-03;42550
2021-04-02;"Prešovský kraj";194;23381;134;23515;NA;53699;328;2021-04-02;42129
2021-04-01;"Prešovský kraj";256;42824;195;43019;NA;53699;451;2021-04-01;41801
2021-03-31;"Prešovský kraj";311;30160;227;30387;NA;53699;538;2021-03-31;41350
2021-03-30;"Prešovský kraj";374;20747;203;20950;NA;53699;577;2021-03-30;40812
2021-03-29;"Prešovský kraj";219;28188;229;28417;NA;53699;448;2021-03-29;40235
2021-03-28;"Prešovský kraj";26;46811;256;47067;NA;53699;282;2021-03-28;39787
2021-03-27;"Prešovský kraj";181;88413;372;88785;NA;53699;553;2021-03-27;39505
2021-03-26;"Prešovský kraj";310;47751;299;48050;NA;53699;609;2021-03-26;38952
2021-03-25;"Prešovský kraj";248;22279;213;22492;NA;53699;461;2021-03-25;38343
2021-03-24;"Prešovský kraj";381;19588;213;19801;NA;53699;594;2021-03-24;37882
2021-03-23;"Prešovský kraj";241;20329;255;20584;NA;53699;496;2021-03-23;37288
2021-03-22;"Prešovský kraj";299;28490;286;28776;NA;53699;585;2021-03-22;36792
2021-03-21;"Prešovský kraj";32;49439;266;49705;NA;53699;298;2021-03-21;36207
2021-03-20;"Prešovský kraj";180;92531;427;92958;NA;53699;607;2021-03-20;35909
2021-03-19;"Prešovský kraj";373;46196;320;46516;NA;53699;693;2021-03-19;35302
2021-03-18;"Prešovský kraj";251;21721;217;21938;NA;53699;468;2021-03-18;34609
2021-03-17;"Prešovský kraj";331;20887;231;21118;NA;53699;562;2021-03-17;34141
2021-03-16;"Prešovský kraj";461;21094;278;21372;NA;53699;739;2021-03-16;33579
2021-03-15;"Prešovský kraj";370;28789;324;29113;NA;53699;694;2021-03-15;32840
2021-03-14;"Prešovský kraj";52;50410;356;50766;NA;53699;408;2021-03-14;32146
2021-03-13;"Prešovský kraj";200;95300;532;95832;NA;53699;732;2021-03-13;31738
2021-03-12;"Prešovský kraj";425;47691;368;48059;NA;53699;793;2021-03-12;31006
2021-03-11;"Prešovský kraj";463;22059;253;22312;NA;53699;716;2021-03-11;30213
2021-03-10;"Prešovský kraj";325;20821;293;21114;NA;53699;618;2021-03-10;29497
2021-03-09;"Prešovský kraj";505;21489;288;21777;NA;53699;793;2021-03-09;28879
2021-03-08;"Prešovský kraj";314;28903;333;29236;NA;53699;647;2021-03-08;28086
2021-03-07;"Prešovský kraj";19;48024;385;48409;NA;53699;404;2021-03-07;27439
2021-03-06;"Prešovský kraj";193;96985;591;97576;NA;53699;784;2021-03-06;27035
2021-03-05;"Prešovský kraj";497;46044;397;46441;NA;53699;894;2021-03-05;26251
2021-03-04;"Prešovský kraj";372;22670;359;23029;NA;53699;731;2021-03-04;25357
2021-03-03;"Prešovský kraj";397;21621;333;21954;NA;53699;730;2021-03-03;24626
2021-03-02;"Prešovský kraj";421;22679;357;23036;NA;53699;778;2021-03-02;23896
2021-03-01;"Prešovský kraj";303;27716;406;28122;NA;53699;709;2021-03-01;23118
2021-02-28;"Prešovský kraj";75;45000;387;45387;NA;53699;462;2021-02-28;22409
2021-02-27;"Prešovský kraj";273;90231;734;90965;NA;53699;1007;2021-02-27;21947
2021-02-26;"Prešovský kraj";455;41340;438;41778;NA;53699;893;2021-02-26;20940
2021-02-25;"Prešovský kraj";270;19496;337;19833;NA;53699;607;2021-02-25;20047
2021-02-24;"Prešovský kraj";328;19026;377;19403;NA;53699;705;2021-02-24;19440
2021-02-23;"Prešovský kraj";430;21273;345;21618;NA;53699;775;2021-02-23;18735
2021-02-22;"Prešovský kraj";351;27175;356;27531;NA;53699;707;2021-02-22;17960
2021-02-21;"Prešovský kraj";66;31802;302;32104;NA;53699;368;2021-02-21;17253
2021-02-20;"Prešovský kraj";129;71413;517;71930;NA;53699;646;2021-02-20;16885
2021-02-19;"Prešovský kraj";381;38597;425;39022;NA;53699;806;2021-02-19;16239
2021-02-18;"Prešovský kraj";268;16960;322;17282;NA;53699;590;2021-02-18;15433
2021-02-17;"Prešovský kraj";293;17392;246;17638;NA;53699;539;2021-02-17;14843
2021-02-16;"Prešovský kraj";422;18862;265;19127;NA;53699;687;2021-02-16;14304
2021-02-15;"Prešovský kraj";211;31360;303;31663;NA;53699;514;2021-02-15;13617
2021-02-14;"Prešovský kraj";27;39271;318;39589;NA;53699;345;2021-02-14;13103
2021-02-13;"Prešovský kraj";157;74009;392;74401;NA;53699;549;2021-02-13;12758
2021-02-12;"Prešovský kraj";308;38720;362;39082;NA;53699;670;2021-02-12;12209
2021-02-11;"Prešovský kraj";218;16207;238;16445;NA;53699;456;2021-02-11;11539
2021-02-10;"Prešovský kraj";220;18499;279;18778;NA;53699;499;2021-02-10;11083
2021-02-09;"Prešovský kraj";323;21495;370;21865;NA;53699;693;2021-02-09;10584
2021-02-08;"Prešovský kraj";161;36971;261;37232;NA;53699;422;2021-02-08;9891
2021-02-07;"Prešovský kraj";21;34227;209;34436;NA;53699;230;2021-02-07;9469
2021-02-06;"Prešovský kraj";176;69164;360;69524;NA;53699;536;2021-02-06;9239
2021-02-05;"Prešovský kraj";177;31247;261;31508;NA;53699;438;2021-02-05;8703
2021-02-04;"Prešovský kraj";176;13071;237;13308;NA;53699;413;2021-02-04;8265
2021-02-03;"Prešovský kraj";251;8421;236;8657;NA;53699;487;2021-02-03;7852
2021-02-02;"Prešovský kraj";249;11779;264;12043;NA;53699;513;2021-02-02;7365
2021-02-01;"Prešovský kraj";220;16059;316;16375;NA;53699;536;2021-02-01;6852
2021-01-31;"Prešovský kraj";42;10587;107;10694;NA;53699;149;2021-01-31;6316
2021-01-30;"Prešovský kraj";142;23939;215;24154;NA;53699;357;2021-01-30;6167
2021-01-29;"Prešovský kraj";185;17924;326;18250;NA;53699;511;2021-01-29;5810
2021-01-28;"Prešovský kraj";311;7338;150;7488;NA;53699;461;2021-01-28;5299
2021-01-27;"Prešovský kraj";153;9723;147;9870;NA;53699;300;2021-01-27;4838
2021-01-26;"Prešovský kraj";252;16653;151;16804;NA;53699;403;2021-01-26;4538
2021-01-25;"Prešovský kraj";196;29649;251;29900;NA;53699;447;2021-01-25;4135
2021-01-24;"Prešovský kraj";12;45706;304;46010;NA;53699;316;2021-01-24;3688
2021-01-23;"Prešovský kraj";189;96726;487;97213;NA;53699;676;2021-01-23;3372
2021-01-22;"Prešovský kraj";187;35377;261;35638;NA;53699;448;2021-01-22;2696
2021-01-21;"Prešovský kraj";187;20434;212;20646;NA;53699;399;2021-01-21;2248
2021-01-20;"Prešovský kraj";253;14779;195;14974;NA;53699;448;2021-01-20;1849
2021-01-19;"Prešovský kraj";281;12329;305;12634;NA;53699;586;2021-01-19;1401
2021-01-18;"Prešovský kraj";203;10422;336;10758;NA;53699;539;2021-01-18;815
2021-01-17;"Prešovský kraj";107;14391;1008;15399;NA;53699;1115;2021-01-17;276
2021-01-16;"Prešovský kraj";72;1838;81;1919;NA;53699;153;2021-01-16;-839
2021-01-15;"Prešovský kraj";159;7033;257;7290;NA;53699;416;2021-01-15;-992
2021-01-14;"Prešovský kraj";268;5523;252;5775;NA;53699;520;2021-01-14;-1408
2021-01-13;"Prešovský kraj";342;5649;226;5875;NA;53699;568;2021-01-13;-1928
2021-01-12;"Prešovský kraj";455;8487;409;8896;NA;53699;864;2021-01-12;-2496
2021-01-11;"Prešovský kraj";343;8489;479;8968;NA;53699;822;2021-01-11;-3360
2021-01-10;"Prešovský kraj";63;476;23;499;NA;53699;86;2021-01-10;-4182
2021-01-09;"Prešovský kraj";439;2248;125;2373;NA;53699;564;2021-01-09;-4268
2021-01-08;"Prešovský kraj";430;10865;572;11437;NA;53699;1002;2021-01-08;-4832
2021-01-07;"Prešovský kraj";268;7789;648;8437;NA;53699;916;2021-01-07;-5834
2021-01-06;"Prešovský kraj";315;1484;134;1618;NA;53699;449;2021-01-06;-6750
2021-01-05;"Prešovský kraj";655;11591;1003;12594;NA;53699;1658;2021-01-05;-7199
2021-01-04;"Prešovský kraj";371;17192;1812;19004;NA;53699;2183;2021-01-04;-8857
2021-01-03;"Prešovský kraj";89;459;41;500;NA;53699;130;2021-01-03;-11040
2021-01-02;"Prešovský kraj";65;1556;160;1716;NA;53699;225;2021-01-02;-11170
2021-01-01;"Prešovský kraj";174;956;71;1027;NA;53699;245;2021-01-01;-11395
2020-12-31;"Prešovský kraj";640;11959;783;12742;NA;53699;1423;2020-12-31;-11640
2020-12-30;"Prešovský kraj";729;9062;802;9864;NA;53699;1531;2020-12-30;-13063
2020-12-29;"Prešovský kraj";435;9273;949;10222;NA;53699;1384;2020-12-29;-14594
2020-12-28;"Prešovský kraj";393;9046;1079;10125;NA;53699;1472;2020-12-28;-15978
2020-12-27;"Prešovský kraj";40;613;45;658;NA;53699;85;2020-12-27;-17450
2020-12-26;"Prešovský kraj";64;176;12;188;NA;53699;76;2020-12-26;-17535
2020-12-25;"Prešovský kraj";208;274;11;285;NA;53699;219;2020-12-25;-17611
2020-12-24;"Prešovský kraj";452;1214;85;1299;NA;53699;537;2020-12-24;-17830
2020-12-23;"Prešovský kraj";361;11369;635;12004;NA;53699;996;2020-12-23;-18367
2020-12-22;"Prešovský kraj";439;9371;710;10081;NA;53699;1149;2020-12-22;-19363
2020-12-21;"Prešovský kraj";432;9923;880;10803;NA;53699;1312;2020-12-21;-20512
2020-12-20;"Prešovský kraj";184;396;20;416;NA;53699;204;2020-12-20;-21824
2020-12-19;"Prešovský kraj";276;1658;151;1809;NA;53699;427;2020-12-19;-22028
2020-12-18;"Prešovský kraj";396;8845;595;9440;NA;53699;991;2020-12-18;-22455
2020-12-17;"Prešovský kraj";427;10826;891;11717;NA;53699;1318;2020-12-17;-23446
2020-12-16;"Prešovský kraj";466;6017;508;6525;NA;53699;974;2020-12-16;-24764
2020-12-15;"Prešovský kraj";411;5685;584;6269;NA;53699;995;2020-12-15;-25738
2020-12-14;"Prešovský kraj";334;5767;508;6275;NA;53699;842;2020-12-14;-26733
2020-12-13;"Prešovský kraj";89;29;8;37;NA;53699;97;2020-12-13;-27575
2020-12-12;"Prešovský kraj";319;2474;166;2640;NA;53699;485;2020-12-12;-27672
2020-12-11;"Prešovský kraj";560;5602;402;6004;NA;53699;962;2020-12-11;-28157
2020-12-10;"Prešovský kraj";337;5202;443;5645;NA;53699;780;2020-12-10;-29119
2020-12-09;"Prešovský kraj";358;4357;314;4671;NA;53699;672;2020-12-09;-29899
2020-12-08;"Prešovský kraj";350;6629;651;7280;NA;53699;1001;2020-12-08;-30571
2020-12-07;"Prešovský kraj";309;4345;327;4672;NA;53699;636;2020-12-07;-31572
2020-12-06;"Prešovský kraj";59;655;26;681;NA;53699;85;2020-12-06;-32208
2020-12-05;"Prešovský kraj";218;984;87;1071;NA;53699;305;2020-12-05;-32293
2020-12-04;"Prešovský kraj";352;5070;293;5363;NA;53699;645;2020-12-04;-32598
2020-12-03;"Prešovský kraj";284;2456;179;2635;NA;53699;463;2020-12-03;-33243
2020-12-02;"Prešovský kraj";232;2830;225;3055;NA;53699;457;2020-12-02;-33706
2020-12-01;"Prešovský kraj";281;1884;196;2080;NA;53699;477;2020-12-01;-34163
2020-11-30;"Prešovský kraj";196;5333;97;5430;NA;53699;293;2020-11-30;-34640
2020-11-29;"Prešovský kraj";27;379;42;421;NA;53699;69;2020-11-29;-34933
2020-11-28;"Prešovský kraj";199;772;77;849;NA;53699;276;2020-11-28;-35002
2020-11-27;"Prešovský kraj";232;2350;130;2480;NA;53699;362;2020-11-27;-35278
2020-11-26;"Prešovský kraj";263;3014;329;3343;NA;53699;592;2020-11-26;-35640
2020-11-25;"Prešovský kraj";302;2174;103;2277;NA;53699;405;2020-11-25;-36232
2020-11-24;"Prešovský kraj";365;1777;156;1933;NA;53699;521;2020-11-24;-36637
2020-11-23;"Prešovský kraj";164;1099;60;1159;NA;53699;224;2020-11-23;-37158
2020-11-22;"Prešovský kraj";46;44;1;45;NA;53699;47;2020-11-22;-37382
2020-11-21;"Prešovský kraj";205;754;62;816;NA;53699;267;2020-11-21;-37429
2020-11-20;"Prešovský kraj";363;2258;102;2360;NA;53699;465;2020-11-20;-37696
2020-11-19;"Prešovský kraj";359;2096;238;2334;NA;53699;597;2020-11-19;-38161
2020-11-18;"Prešovský kraj";270;488;43;531;NA;53699;313;2020-11-18;-38758
2020-11-17;"Prešovský kraj";347;205;23;228;NA;53699;370;2020-11-17;-39071
2020-11-16;"Prešovský kraj";226;540;58;598;NA;53699;284;2020-11-16;-39441
2020-11-15;"Prešovský kraj";186;39;4;43;NA;53699;190;2020-11-15;-39725
2020-11-14;"Prešovský kraj";261;54;4;58;NA;53699;265;2020-11-14;-39915
2020-11-13;"Prešovský kraj";395;166;8;174;NA;53699;403;2020-11-13;-40180
2020-11-12;"Prešovský kraj";397;229;50;279;NA;53699;447;2020-11-12;-40583
2020-11-11;"Prešovský kraj";516;161;15;176;NA;53699;531;2020-11-11;-41030
2020-11-10;"Prešovský kraj";437;197;9;206;NA;53699;446;2020-11-10;-41561
2020-11-09;"Prešovský kraj";190;4110;945;5055;NA;53699;1135;2020-11-09;-42007
2020-11-08;"Prešovský kraj";97;2817;32;2849;NA;53699;129;2020-11-08;-43142
2020-11-07;"Prešovský kraj";416;8578;81;8659;NA;53699;497;2020-11-07;-43271
2020-11-06;"Prešovský kraj";520;4791;76;4867;NA;53699;596;2020-11-06;-43768
2020-11-05;"Prešovský kraj";397;180;5;185;NA;53699;402;2020-11-05;-44364
2020-11-04;"Prešovský kraj";350;807;8;815;NA;53699;358;2020-11-04;-44766
2020-11-03;"Prešovský kraj";565;98;12;110;NA;53699;577;2020-11-03;-45124
2020-11-02;"Prešovský kraj";203;4158;1004;5162;NA;53699;1207;2020-11-02;-45701
2020-11-01;"Prešovský kraj";386;2906;53;2959;NA;53699;439;2020-11-01;-46908
2020-10-31;"Prešovský kraj";315;10497;170;10667;NA;53699;485;2020-10-31;-47347
2020-10-30;"Prešovský kraj";552;2949;65;3014;NA;53699;617;2020-10-30;-47832
2020-10-29;"Prešovský kraj";594;301;38;339;NA;53699;632;2020-10-29;-48449
2020-10-28;"Prešovský kraj";617;291;46;337;NA;53699;663;2020-10-28;-49081
2020-10-27;"Prešovský kraj";656;268;34;302;NA;53699;690;2020-10-27;-49744
2020-10-26;"Prešovský kraj";137;363;57;420;NA;53699;194;2020-10-26;-50434
2020-10-25;"Prešovský kraj";237;346;11;357;NA;53699;248;2020-10-25;-50628
2020-10-24;"Prešovský kraj";719;200;12;212;NA;53699;731;2020-10-24;-50876
2020-10-23;"Prešovský kraj";750;218;8;226;NA;53699;758;2020-10-23;-51607
2020-10-22;"Prešovský kraj";646;396;30;426;NA;53699;676;2020-10-22;-52365
2020-10-21;"Prešovský kraj";383;58;8;66;NA;53699;391;2020-10-21;-53041
2020-10-20;"Prešovský kraj";493;65;7;72;NA;53699;500;2020-10-20;-53432
2020-10-19;"Prešovský kraj";140;235;15;250;NA;53699;155;2020-10-19;-53932
2020-10-18;"Prešovský kraj";209;0;0;0;NA;53699;209;2020-10-18;-54087
2020-10-17;"Prešovský kraj";342;0;0;0;NA;53699;342;2020-10-17;-54296
2020-10-16;"Prešovský kraj";388;57;3;60;NA;53699;391;2020-10-16;-54638
2020-10-15;"Prešovský kraj";435;85;18;103;NA;53699;453;2020-10-15;-55029
2020-10-14;"Prešovský kraj";451;54;10;64;NA;53699;461;2020-10-14;-55482
2020-10-13;"Prešovský kraj";264;50;6;56;NA;53699;270;2020-10-13;-55943
2020-10-12;"Prešovský kraj";214;334;35;369;NA;53699;249;2020-10-12;-56213
2020-10-11;"Prešovský kraj";127;0;0;0;NA;53699;127;2020-10-11;-56462
2020-10-10;"Prešovský kraj";248;0;0;0;NA;53699;248;2020-10-10;-56589
2020-10-09;"Prešovský kraj";406;0;0;0;NA;53699;406;2020-10-09;-56837
2020-10-08;"Prešovský kraj";245;0;0;0;NA;53699;245;2020-10-08;-57243
2020-10-07;"Prešovský kraj";244;0;0;0;NA;53699;244;2020-10-07;-57488
2020-10-06;"Prešovský kraj";166;0;0;0;NA;53699;166;2020-10-06;-57732
2020-10-05;"Prešovský kraj";84;0;0;0;NA;53699;84;2020-10-05;-57898
2020-10-04;"Prešovský kraj";118;0;0;0;NA;53699;118;2020-10-04;-57982
2020-10-03;"Prešovský kraj";204;0;0;0;NA;53699;204;2020-10-03;-58100
2020-10-02;"Prešovský kraj";149;0;0;0;NA;53699;149;2020-10-02;-58304
2020-10-01;"Prešovský kraj";136;0;0;0;NA;53699;136;2020-10-01;-58453
2020-09-30;"Prešovský kraj";121;0;0;0;NA;53699;121;2020-09-30;-58589
2020-09-29;"Prešovský kraj";156;0;0;0;NA;53699;156;2020-09-29;-58710
2020-09-28;"Prešovský kraj";51;0;0;0;NA;53699;51;2020-09-28;-58866
2020-09-27;"Prešovský kraj";10;0;0;0;NA;53699;10;2020-09-27;-58917
2020-09-26;"Prešovský kraj";72;0;0;0;NA;53699;72;2020-09-26;-58927
2020-09-25;"Prešovský kraj";91;0;0;0;NA;53699;91;2020-09-25;-58999
2020-09-24;"Prešovský kraj";52;0;0;0;NA;53699;52;2020-09-24;-59090
2020-09-23;"Prešovský kraj";55;0;0;0;NA;53699;55;2020-09-23;-59142
2020-09-22;"Prešovský kraj";29;0;0;0;NA;53699;29;2020-09-22;-59197
2020-09-21;"Prešovský kraj";14;0;0;0;NA;53699;14;2020-09-21;-59226
2020-09-20;"Prešovský kraj";5;0;0;0;NA;53699;5;2020-09-20;-59240
2020-09-19;"Prešovský kraj";12;0;0;0;NA;53699;12;2020-09-19;-59245
2020-09-18;"Prešovský kraj";29;0;0;0;NA;53699;29;2020-09-18;-59257
2020-09-17;"Prešovský kraj";25;0;0;0;NA;53699;25;2020-09-17;-59286
2020-09-16;"Prešovský kraj";8;0;0;0;NA;53699;8;2020-09-16;-59311
2020-09-15;"Prešovský kraj";10;0;0;0;NA;53699;10;2020-09-15;-59319
2020-09-14;"Prešovský kraj";47;0;0;0;NA;53699;47;2020-09-14;-59329
2020-09-13;"Prešovský kraj";3;0;0;0;NA;53699;3;2020-09-13;-59376
2020-09-12;"Prešovský kraj";4;0;0;0;NA;53699;4;2020-09-12;-59379
2020-09-11;"Prešovský kraj";15;0;0;0;NA;53699;15;2020-09-11;-59383
2020-09-10;"Prešovský kraj";10;0;0;0;NA;53699;10;2020-09-10;-59398
2020-09-09;"Prešovský kraj";21;0;0;0;NA;53699;21;2020-09-09;-59408
2020-09-08;"Prešovský kraj";23;0;0;0;NA;53699;23;2020-09-08;-59429
2020-09-07;"Prešovský kraj";5;0;0;0;NA;53699;5;2020-09-07;-59452
2020-09-06;"Prešovský kraj";3;0;0;0;NA;53699;3;2020-09-06;-59457
2020-09-05;"Prešovský kraj";7;0;0;0;NA;53699;7;2020-09-05;-59460
2020-09-04;"Prešovský kraj";24;0;0;0;NA;53699;24;2020-09-04;-59467
2020-09-03;"Prešovský kraj";8;0;0;0;NA;53699;8;2020-09-03;-59491
2020-09-02;"Prešovský kraj";9;0;0;0;NA;53699;9;2020-09-02;-59499
2020-09-01;"Prešovský kraj";6;0;0;0;NA;53699;6;2020-09-01;-59508
2020-08-31;"Prešovský kraj";3;0;0;0;NA;53699;3;2020-08-31;-59514
2020-08-30;"Prešovský kraj";6;0;0;0;NA;53699;6;2020-08-30;-59517
2020-08-29;"Prešovský kraj";4;0;0;0;NA;53699;4;2020-08-29;-59523
2020-08-28;"Prešovský kraj";6;0;0;0;NA;53699;6;2020-08-28;-59527
2020-08-27;"Prešovský kraj";7;0;0;0;NA;53699;7;2020-08-27;-59533
2020-08-26;"Prešovský kraj";22;0;0;0;NA;53699;22;2020-08-26;-59540
2020-08-25;"Prešovský kraj";1;0;0;0;NA;53699;1;2020-08-25;-59562
2020-08-24;"Prešovský kraj";5;0;0;0;NA;53699;5;2020-08-24;-59563
2020-08-23;"Prešovský kraj";3;0;0;0;NA;53699;3;2020-08-23;-59568
2020-08-22;"Prešovský kraj";3;0;0;0;NA;53699;3;2020-08-22;-59571
2020-08-21;"Prešovský kraj";11;0;0;0;NA;53699;11;2020-08-21;-59574
2020-08-20;"Prešovský kraj";8;0;0;0;NA;53699;8;2020-08-20;-59585
2020-08-19;"Prešovský kraj";8;0;0;0;NA;53699;8;2020-08-19;-59593
2020-08-18;"Prešovský kraj";6;0;0;0;NA;53699;6;2020-08-18;-59601
2020-08-17;"Prešovský kraj";1;0;0;0;NA;53699;1;2020-08-17;-59607
2020-08-16;"Prešovský kraj";0;0;0;0;NA;53699;0;2020-08-16;-59608
2020-08-15;"Prešovský kraj";8;0;0;0;NA;53699;8;2020-08-15;-59608
2020-08-14;"Prešovský kraj";6;0;0;0;NA;53699;6;2020-08-14;-59616
2020-08-13;"Prešovský kraj";8;0;0;0;NA;53699;8;2020-08-13;-59622
2020-08-12;"Prešovský kraj";19;0;0;0;NA;53699;19;2020-08-12;-59630
2020-08-11;"Prešovský kraj";3;0;0;0;NA;53699;3;2020-08-11;-59649
2020-08-10;"Prešovský kraj";0;0;0;0;NA;53699;0;2020-08-10;-59652
2020-08-09;"Prešovský kraj";0;0;0;0;NA;53699;0;2020-08-09;-59652
2020-08-08;"Prešovský kraj";2;0;0;0;NA;53699;2;2020-08-08;-59652
2020-08-07;"Prešovský kraj";6;0;0;0;NA;53699;6;2020-08-07;-59654
2020-08-06;"Prešovský kraj";2;0;0;0;NA;53699;2;2020-08-06;-59660
2020-08-05;"Prešovský kraj";8;0;0;0;NA;53699;8;2020-08-05;-59662
2020-08-04;"Prešovský kraj";5;0;0;0;NA;53699;5;2020-08-04;-59670
2020-08-03;"Prešovský kraj";4;0;0;0;NA;53699;4;2020-08-03;-59675
2020-08-02;"Prešovský kraj";6;0;0;0;NA;53699;6;2020-08-02;-59679
2020-08-01;"Prešovský kraj";0;0;0;0;NA;53699;0;2020-08-01;-59685
2020-07-31;"Prešovský kraj";2;0;0;0;NA;53699;2;2020-07-31;-59685
2020-07-30;"Prešovský kraj";6;0;0;0;NA;53699;6;2020-07-30;-59687
2020-07-29;"Prešovský kraj";5;0;0;0;NA;53699;5;2020-07-29;-59693
2020-07-28;"Prešovský kraj";0;0;0;0;NA;53699;0;2020-07-28;-59698
2020-07-27;"Prešovský kraj";1;0;0;0;NA;53699;1;2020-07-27;-59698
2020-07-26;"Prešovský kraj";1;0;0;0;NA;53699;1;2020-07-26;-59699
2020-07-25;"Prešovský kraj";21;0;0;0;NA;53699;21;2020-07-25;-59700
2020-07-24;"Prešovský kraj";1;0;0;0;NA;53699;1;2020-07-24;-59721
2020-07-23;"Prešovský kraj";5;0;0;0;NA;53699;5;2020-07-23;-59722
2020-07-22;"Prešovský kraj";1;0;0;0;NA;53699;1;2020-07-22;-59727
2020-07-21;"Prešovský kraj";2;0;0;0;NA;53699;2;2020-07-21;-59728
2020-07-20;"Prešovský kraj";1;0;0;0;NA;53699;1;2020-07-20;-59730
2020-07-19;"Prešovský kraj";0;0;0;0;NA;53699;0;2020-07-19;-59731
2020-07-18;"Prešovský kraj";0;0;0;0;NA;53699;0;2020-07-18;-59731
2020-07-17;"Prešovský kraj";3;0;0;0;NA;53699;3;2020-07-17;-59731
2020-07-16;"Prešovský kraj";1;0;0;0;NA;53699;1;2020-07-16;-59734
2020-07-15;"Prešovský kraj";5;0;0;0;NA;53699;5;2020-07-15;-59735
2020-07-14;"Prešovský kraj";5;0;0;0;NA;53699;5;2020-07-14;-59740
2020-07-13;"Prešovský kraj";1;0;0;0;NA;53699;1;2020-07-13;-59745
2020-07-12;"Prešovský kraj";1;0;0;0;NA;53699;1;2020-07-12;-59746
2020-07-11;"Prešovský kraj";6;0;0;0;NA;53699;6;2020-07-11;-59747
2020-07-10;"Prešovský kraj";5;0;0;0;NA;53699;5;2020-07-10;-59753
2020-07-09;"Prešovský kraj";2;0;0;0;NA;53699;2;2020-07-09;-59758
2020-07-08;"Prešovský kraj";14;0;0;0;NA;53699;14;2020-07-08;-59760
2020-07-07;"Prešovský kraj";2;0;0;0;NA;53699;2;2020-07-07;-59774
2020-07-06;"Prešovský kraj";0;0;0;0;NA;53699;0;2020-07-06;-59776
2020-07-05;"Prešovský kraj";0;0;0;0;NA;53699;0;2020-07-05;-59776
2020-07-04;"Prešovský kraj";1;0;0;0;NA;53699;1;2020-07-04;-59776
2020-07-03;"Prešovský kraj";3;0;0;0;NA;53699;3;2020-07-03;-59777
2020-07-02;"Prešovský kraj";0;0;0;0;NA;53699;0;2020-07-02;-59780
2020-07-01;"Prešovský kraj";0;0;0;0;NA;53699;0;2020-07-01;-59780
2020-06-30;"Prešovský kraj";7;0;0;0;NA;53699;7;2020-06-30;-59780
2020-06-29;"Prešovský kraj";0;0;0;0;NA;53699;0;2020-06-29;-59787
2020-06-28;"Prešovský kraj";0;0;0;0;NA;53699;0;2020-06-28;-59787
2020-06-27;"Prešovský kraj";3;0;0;0;NA;53699;3;2020-06-27;-59787
2020-06-26;"Prešovský kraj";3;0;0;0;NA;53699;3;2020-06-26;-59790
2020-06-25;"Prešovský kraj";0;0;0;0;NA;53699;0;2020-06-25;-59793
2020-06-24;"Prešovský kraj";4;0;0;0;NA;53699;4;2020-06-24;-59793
2020-06-23;"Prešovský kraj";0;0;0;0;NA;53699;0;2020-06-23;-59797
2020-06-22;"Prešovský kraj";0;0;0;0;NA;53699;0;2020-06-22;-59797
2020-06-21;"Prešovský kraj";0;0;0;0;NA;53699;0;2020-06-21;-59797
2020-06-20;"Prešovský kraj";0;0;0;0;NA;53699;0;2020-06-20;-59797
2020-06-19;"Prešovský kraj";1;0;0;0;NA;53699;1;2020-06-19;-59797
2020-06-18;"Prešovský kraj";0;0;0;0;NA;53699;0;2020-06-18;-59798
2020-06-17;"Prešovský kraj";0;0;0;0;NA;53699;0;2020-06-17;-59798
2020-06-16;"Prešovský kraj";6;0;0;0;NA;53699;6;2020-06-16;-59798
2020-06-14;"Prešovský kraj";0;0;0;0;NA;53699;0;2020-06-14;-59804
2020-06-13;"Prešovský kraj";0;0;0;0;NA;53699;0;2020-06-13;-59804
2020-06-12;"Prešovský kraj";1;0;0;0;NA;53699;1;2020-06-12;-59804
2020-06-11;"Prešovský kraj";0;0;0;0;NA;53699;0;2020-06-11;-59805
2020-06-10;"Prešovský kraj";0;0;0;0;NA;53699;0;2020-06-10;-59805
2020-06-09;"Prešovský kraj";0;0;0;0;NA;53699;0;2020-06-09;-59805
2020-06-08;"Prešovský kraj";0;0;0;0;NA;53699;0;2020-06-08;-59805
2020-06-07;"Prešovský kraj";0;0;0;0;NA;53699;0;2020-06-07;-59805
2020-06-05;"Prešovský kraj";0;0;0;0;NA;53699;0;2020-06-05;-59805
2020-06-03;"Prešovský kraj";0;0;0;0;NA;53699;0;2020-06-03;-59805
2020-06-02;"Prešovský kraj";1;0;0;0;NA;53699;1;2020-06-02;-59805
2020-05-31;"Prešovský kraj";1;0;0;0;NA;53699;1;2020-05-31;-59806
2020-05-29;"Prešovský kraj";0;0;0;0;NA;53699;0;2020-05-29;-59807
2020-05-27;"Prešovský kraj";0;0;0;0;NA;53699;0;2020-05-27;-59807
2020-05-26;"Prešovský kraj";0;0;0;0;NA;53699;0;2020-05-26;-59807
2020-05-25;"Prešovský kraj";0;0;0;0;NA;53699;0;2020-05-25;-59807
2020-05-24;"Prešovský kraj";0;0;0;0;NA;53699;0;2020-05-24;-59807
2020-05-23;"Prešovský kraj";0;0;0;0;NA;53699;0;2020-05-23;-59807
2020-05-22;"Prešovský kraj";0;0;0;0;NA;53699;0;2020-05-22;-59807
2020-05-21;"Prešovský kraj";1;0;0;0;NA;53699;1;2020-05-21;-59807
2020-05-20;"Prešovský kraj";0;0;0;0;NA;53699;0;2020-05-20;-59808
2020-05-19;"Prešovský kraj";0;0;0;0;NA;53699;0;2020-05-19;-59808
2020-05-17;"Prešovský kraj";0;0;0;0;NA;53699;0;2020-05-17;-59808
2020-05-16;"Prešovský kraj";0;0;0;0;NA;53699;0;2020-05-16;-59808
2020-05-15;"Prešovský kraj";0;0;0;0;NA;53699;0;2020-05-15;-59808
2020-05-14;"Prešovský kraj";0;0;0;0;NA;53699;0;2020-05-14;-59808
2020-05-13;"Prešovský kraj";1;0;0;0;NA;53699;1;2020-05-13;-59808
2020-05-12;"Prešovský kraj";0;0;0;0;NA;53699;0;2020-05-12;-59809
2020-05-11;"Prešovský kraj";1;0;0;0;NA;53699;1;2020-05-11;-59809
2020-05-09;"Prešovský kraj";0;0;0;0;NA;53699;0;2020-05-09;-59810
2020-05-07;"Prešovský kraj";0;0;0;0;NA;53699;0;2020-05-07;-59810
2020-05-06;"Prešovský kraj";0;0;0;0;NA;53699;0;2020-05-06;-59810
2020-05-05;"Prešovský kraj";1;0;0;0;NA;53699;1;2020-05-05;-59810
2020-05-04;"Prešovský kraj";0;0;0;0;NA;53699;0;2020-05-04;-59811
2020-05-03;"Prešovský kraj";0;0;0;0;NA;53699;0;2020-05-03;-59811
2020-05-02;"Prešovský kraj";0;0;0;0;NA;53699;0;2020-05-02;-59811
2020-05-01;"Prešovský kraj";2;0;0;0;NA;53699;2;2020-05-01;-59811
2020-04-30;"Prešovský kraj";0;0;0;0;NA;53699;0;2020-04-30;-59813
2020-04-29;"Prešovský kraj";1;0;0;0;NA;53699;1;2020-04-29;-59813
2020-04-28;"Prešovský kraj";1;0;0;0;NA;53699;1;2020-04-28;-59814
2020-04-27;"Prešovský kraj";2;0;0;0;NA;53699;2;2020-04-27;-59815
2020-04-26;"Prešovský kraj";0;0;0;0;NA;53699;0;2020-04-26;-59817
2020-04-25;"Prešovský kraj";0;0;0;0;NA;53699;0;2020-04-25;-59817
2020-04-24;"Prešovský kraj";0;0;0;0;NA;53699;0;2020-04-24;-59817
2020-04-23;"Prešovský kraj";2;0;0;0;NA;53699;2;2020-04-23;-59817
2020-04-22;"Prešovský kraj";11;0;0;0;NA;53699;11;2020-04-22;-59819
2020-04-21;"Prešovský kraj";12;0;0;0;NA;53699;12;2020-04-21;-59830
2020-04-20;"Prešovský kraj";2;0;0;0;NA;53699;2;2020-04-20;-59842
2020-04-19;"Prešovský kraj";4;0;0;0;NA;53699;4;2020-04-19;-59844
2020-04-18;"Prešovský kraj";1;0;0;0;NA;53699;1;2020-04-18;-59848
2020-04-17;"Prešovský kraj";4;0;0;0;NA;53699;4;2020-04-17;-59849
2020-04-16;"Prešovský kraj";9;0;0;0;NA;53699;9;2020-04-16;-59853
2020-04-15;"Prešovský kraj";21;0;0;0;NA;53699;21;2020-04-15;-59862
2020-04-14;"Prešovský kraj";1;0;0;0;NA;53699;1;2020-04-14;-59883
2020-04-13;"Prešovský kraj";2;0;0;0;NA;53699;2;2020-04-13;-59884
2020-04-12;"Prešovský kraj";6;0;0;0;NA;53699;6;2020-04-12;-59886
2020-04-11;"Prešovský kraj";4;0;0;0;NA;53699;4;2020-04-11;-59892
2020-04-10;"Prešovský kraj";0;0;0;0;NA;53699;0;2020-04-10;-59896
2020-04-09;"Prešovský kraj";1;0;0;0;NA;53699;1;2020-04-09;-59896
2020-04-08;"Prešovský kraj";0;0;0;0;NA;53699;0;2020-04-08;-59897
2020-04-07;"Prešovský kraj";7;0;0;0;NA;53699;7;2020-04-07;-59897
2020-04-06;"Prešovský kraj";10;0;0;0;NA;53699;10;2020-04-06;-59904
2020-04-05;"Prešovský kraj";13;0;0;0;NA;53699;13;2020-04-05;-59914
2020-04-04;"Prešovský kraj";1;0;0;0;NA;53699;1;2020-04-04;-59927
2020-04-03;"Prešovský kraj";4;0;0;0;NA;53699;4;2020-04-03;-59928
2020-04-02;"Prešovský kraj";6;0;0;0;NA;53699;6;2020-04-02;-59932
2020-04-01;"Prešovský kraj";6;0;0;0;NA;53699;6;2020-04-01;-59938
2020-03-31;"Prešovský kraj";6;0;0;0;NA;53699;6;2020-03-31;-59944
2020-03-30;"Prešovský kraj";2;0;0;0;NA;53699;2;2020-03-30;-59950
2020-03-29;"Prešovský kraj";2;0;0;0;NA;53699;2;2020-03-29;-59952
2020-03-28;"Prešovský kraj";2;0;0;0;NA;53699;2;2020-03-28;-59954
2020-03-27;"Prešovský kraj";1;0;0;0;NA;53699;1;2020-03-27;-59956
2020-03-26;"Prešovský kraj";8;0;0;0;NA;53699;8;2020-03-26;-59957
2020-03-25;"Prešovský kraj";1;0;0;0;NA;53699;1;2020-03-25;-59965
2020-03-24;"Prešovský kraj";4;0;0;0;NA;53699;4;2020-03-24;-59966
2020-03-23;"Prešovský kraj";0;0;0;0;NA;53699;0;2020-03-23;-59970
2020-03-22;"Prešovský kraj";1;0;0;0;NA;53699;1;2020-03-22;-59970
2020-03-21;"Prešovský kraj";2;0;0;0;NA;53699;2;2020-03-21;-59971
2020-03-20;"Prešovský kraj";3;0;0;0;NA;53699;3;2020-03-20;-59973
2020-03-19;"Prešovský kraj";2;0;0;0;NA;53699;2;2020-03-19;-59976
2020-03-18;"Prešovský kraj";1;0;0;0;NA;53699;1;2020-03-18;-59978
2020-03-17;"Prešovský kraj";1;0;0;0;NA;53699;1;2020-03-17;-59979
2020-03-16;"Prešovský kraj";4;0;0;0;NA;53699;4;2020-03-16;-59980
2020-03-15;"Prešovský kraj";0;0;0;0;NA;53699;0;2020-03-15;-59984
2020-03-14;"Prešovský kraj";1;0;0;0;NA;53699;1;2020-03-14;-59984
2020-03-13;"Prešovský kraj";0;0;0;0;NA;53699;0;2020-03-13;-59985
2020-03-12;"Prešovský kraj";0;0;0;0;NA;53699;0;2020-03-12;-59985
2020-03-11;"Prešovský kraj";0;0;0;0;NA;53699;0;2020-03-11;-59985
2020-03-09;"Prešovský kraj";0;0;0;0;NA;53699;0;2020-03-09;-59985
2020-03-08;"Prešovský kraj";0;0;0;0;NA;53699;0;2020-03-08;-59985
2020-03-07;"Prešovský kraj";0;0;0;0;NA;53699;0;2020-03-07;-59985
2020-03-06;"Prešovský kraj";0;0;0;0;NA;53699;0;2020-03-06;-59985
2021-06-20;"Trenčiansky kraj";0;2343;3;2346;0;47242;3;2021-06-20;47242
2021-06-19;"Trenčiansky kraj";5;3245;0;3245;NA;47242;5;2021-06-19;47239
2021-06-18;"Trenčiansky kraj";7;4553;5;4558;NA;47242;12;2021-06-18;47234
2021-06-17;"Trenčiansky kraj";0;2894;5;2899;NA;47242;5;2021-06-17;47222
2021-06-16;"Trenčiansky kraj";4;2687;1;2688;NA;47242;5;2021-06-16;47217
2021-06-15;"Trenčiansky kraj";10;3376;2;3378;NA;47242;12;2021-06-15;47212
2021-06-14;"Trenčiansky kraj";10;4198;14;4212;NA;47242;24;2021-06-14;47200
2021-06-13;"Trenčiansky kraj";0;3950;4;3954;NA;47242;4;2021-06-13;47176
2021-06-12;"Trenčiansky kraj";4;4616;6;4622;NA;47242;10;2021-06-12;47172
2021-06-11;"Trenčiansky kraj";10;6227;11;6238;NA;47242;21;2021-06-11;47162
2021-06-10;"Trenčiansky kraj";5;3315;7;3322;NA;47242;12;2021-06-10;47141
2021-06-09;"Trenčiansky kraj";7;3254;6;3260;NA;47242;13;2021-06-09;47129
2021-06-08;"Trenčiansky kraj";21;3628;7;3635;NA;47242;28;2021-06-08;47116
2021-06-07;"Trenčiansky kraj";13;4944;10;4954;NA;47242;23;2021-06-07;47088
2021-06-06;"Trenčiansky kraj";0;4659;9;4668;NA;47242;9;2021-06-06;47065
2021-06-05;"Trenčiansky kraj";7;5712;4;5716;NA;47242;11;2021-06-05;47056
2021-06-04;"Trenčiansky kraj";16;6800;3;6803;NA;47242;19;2021-06-04;47045
2021-06-03;"Trenčiansky kraj";9;3886;9;3895;NA;47242;18;2021-06-03;47026
2021-06-02;"Trenčiansky kraj";28;4293;8;4301;NA;47242;36;2021-06-02;47008
2021-06-01;"Trenčiansky kraj";22;4426;17;4443;NA;47242;39;2021-06-01;46972
2021-05-31;"Trenčiansky kraj";30;5495;24;5519;NA;47242;54;2021-05-31;46933
2021-05-30;"Trenčiansky kraj";0;7365;15;7380;NA;47242;15;2021-05-30;46879
2021-05-29;"Trenčiansky kraj";13;6900;13;6913;NA;47242;26;2021-05-29;46864
2021-05-28;"Trenčiansky kraj";22;7935;24;7959;NA;47242;46;2021-05-28;46838
2021-05-27;"Trenčiansky kraj";6;5163;12;5175;NA;47242;18;2021-05-27;46792
2021-05-26;"Trenčiansky kraj";26;4413;13;4426;NA;47242;39;2021-05-26;46774
2021-05-25;"Trenčiansky kraj";18;5857;21;5878;NA;47242;39;2021-05-25;46735
2021-05-24;"Trenčiansky kraj";19;9008;36;9044;NA;47242;55;2021-05-24;46696
2021-05-23;"Trenčiansky kraj";0;8161;22;8183;NA;47242;22;2021-05-23;46641
2021-05-22;"Trenčiansky kraj";11;10114;12;10126;NA;47242;23;2021-05-22;46619
2021-05-21;"Trenčiansky kraj";23;10606;24;10630;NA;47242;47;2021-05-21;46596
2021-05-20;"Trenčiansky kraj";23;5487;23;5510;NA;47242;46;2021-05-20;46549
2021-05-19;"Trenčiansky kraj";16;4959;31;4990;NA;47242;47;2021-05-19;46503
2021-05-18;"Trenčiansky kraj";26;7610;26;7636;NA;47242;52;2021-05-18;46456
2021-05-17;"Trenčiansky kraj";37;6771;38;6809;NA;47242;75;2021-05-17;46404
2021-05-16;"Trenčiansky kraj";25;14270;30;14300;NA;47242;55;2021-05-16;46329
2021-05-15;"Trenčiansky kraj";3;19573;26;19599;NA;47242;29;2021-05-15;46274
2021-05-14;"Trenčiansky kraj";41;17047;39;17086;NA;47242;80;2021-05-14;46245
2021-05-13;"Trenčiansky kraj";41;8149;24;8173;NA;47242;65;2021-05-13;46165
2021-05-12;"Trenčiansky kraj";41;7408;31;7439;NA;47242;72;2021-05-12;46100
2021-05-11;"Trenčiansky kraj";66;10205;31;10236;NA;47242;97;2021-05-11;46028
2021-05-10;"Trenčiansky kraj";48;10699;49;10748;NA;47242;97;2021-05-10;45931
2021-05-09;"Trenčiansky kraj";52;15597;32;15629;NA;47242;84;2021-05-09;45834
2021-05-08;"Trenčiansky kraj";3;21121;29;21150;NA;47242;32;2021-05-08;45750
2021-05-07;"Trenčiansky kraj";45;21204;44;21248;NA;47242;89;2021-05-07;45718
2021-05-06;"Trenčiansky kraj";26;10679;44;10723;NA;47242;70;2021-05-06;45629
2021-05-05;"Trenčiansky kraj";73;9092;41;9133;NA;47242;114;2021-05-05;45559
2021-05-04;"Trenčiansky kraj";55;12732;53;12785;NA;47242;108;2021-05-04;45445
2021-05-03;"Trenčiansky kraj";60;15330;51;15381;NA;47242;111;2021-05-03;45337
2021-05-02;"Trenčiansky kraj";0;30768;61;30829;NA;47242;61;2021-05-02;45226
2021-05-01;"Trenčiansky kraj";71;56982;60;57042;NA;47242;131;2021-05-01;45165
2021-04-30;"Trenčiansky kraj";77;29420;61;29481;NA;47242;138;2021-04-30;45034
2021-04-29;"Trenčiansky kraj";49;13183;59;13242;NA;47242;108;2021-04-29;44896
2021-04-28;"Trenčiansky kraj";79;12536;52;12588;NA;47242;131;2021-04-28;44788
2021-04-27;"Trenčiansky kraj";107;15526;40;15566;NA;47242;147;2021-04-27;44657
2021-04-26;"Trenčiansky kraj";52;21066;63;21129;NA;47242;115;2021-04-26;44510
2021-04-25;"Trenčiansky kraj";0;34560;48;34608;NA;47242;48;2021-04-25;44395
2021-04-24;"Trenčiansky kraj";76;72398;100;72498;NA;47242;176;2021-04-24;44347
2021-04-23;"Trenčiansky kraj";143;29958;79;30037;NA;47242;222;2021-04-23;44171
2021-04-22;"Trenčiansky kraj";71;13847;64;13911;NA;47242;135;2021-04-22;43949
2021-04-21;"Trenčiansky kraj";79;12996;67;13063;NA;47242;146;2021-04-21;43814
2021-04-20;"Trenčiansky kraj";142;17739;80;17819;NA;47242;222;2021-04-20;43668
2021-04-19;"Trenčiansky kraj";102;22630;103;22733;NA;47242;205;2021-04-19;43446
2021-04-18;"Trenčiansky kraj";3;40879;97;40976;NA;47242;100;2021-04-18;43241
2021-04-17;"Trenčiansky kraj";77;81498;136;81634;NA;47242;213;2021-04-17;43141
2021-04-16;"Trenčiansky kraj";100;31954;90;32044;NA;47242;190;2021-04-16;42928
2021-04-15;"Trenčiansky kraj";71;14477;69;14546;NA;47242;140;2021-04-15;42738
2021-04-14;"Trenčiansky kraj";135;15549;72;15621;NA;47242;207;2021-04-14;42598
2021-04-13;"Trenčiansky kraj";189;18713;75;18788;NA;47242;264;2021-04-13;42391
2021-04-12;"Trenčiansky kraj";97;23743;91;23834;NA;47242;188;2021-04-12;42127
2021-04-11;"Trenčiansky kraj";1;34735;75;34810;NA;47242;76;2021-04-11;41939
2021-04-10;"Trenčiansky kraj";81;83093;145;83238;NA;47242;226;2021-04-10;41863
2021-04-09;"Trenčiansky kraj";120;28008;91;28099;NA;47242;211;2021-04-09;41637
2021-04-08;"Trenčiansky kraj";112;13282;85;13367;NA;47242;197;2021-04-08;41426
2021-04-07;"Trenčiansky kraj";204;17689;122;17811;NA;47242;326;2021-04-07;41229
2021-04-06;"Trenčiansky kraj";157;28532;178;28710;NA;47242;335;2021-04-06;40903
2021-04-05;"Trenčiansky kraj";15;9227;64;9291;NA;47242;79;2021-04-05;40568
2021-04-04;"Trenčiansky kraj";2;20291;85;20376;NA;47242;87;2021-04-04;40489
2021-04-03;"Trenčiansky kraj";86;80473;221;80694;NA;47242;307;2021-04-03;40402
2021-04-02;"Trenčiansky kraj";126;21620;81;21701;NA;47242;207;2021-04-02;40095
2021-04-01;"Trenčiansky kraj";159;32370;139;32509;NA;47242;298;2021-04-01;39888
2021-03-31;"Trenčiansky kraj";198;20100;130;20230;NA;47242;328;2021-03-31;39590
2021-03-30;"Trenčiansky kraj";272;17304;136;17440;NA;47242;408;2021-03-30;39262
2021-03-29;"Trenčiansky kraj";142;19479;170;19649;NA;47242;312;2021-03-29;38854
2021-03-28;"Trenčiansky kraj";3;34759;116;34875;NA;47242;119;2021-03-28;38542
2021-03-27;"Trenčiansky kraj";130;77314;293;77607;NA;47242;423;2021-03-27;38423
2021-03-26;"Trenčiansky kraj";211;35092;157;35249;NA;47242;368;2021-03-26;38000
2021-03-25;"Trenčiansky kraj";184;16579;176;16755;NA;47242;360;2021-03-25;37632
2021-03-24;"Trenčiansky kraj";259;13099;171;13270;NA;47242;430;2021-03-24;37272
2021-03-23;"Trenčiansky kraj";349;17588;174;17762;NA;47242;523;2021-03-23;36842
2021-03-22;"Trenčiansky kraj";141;21118;213;21331;NA;47242;354;2021-03-22;36319
2021-03-21;"Trenčiansky kraj";85;32711;164;32875;NA;47242;249;2021-03-21;35965
2021-03-20;"Trenčiansky kraj";128;80035;322;80357;NA;47242;450;2021-03-20;35716
2021-03-19;"Trenčiansky kraj";231;34784;232;35016;NA;47242;463;2021-03-19;35266
2021-03-18;"Trenčiansky kraj";262;16105;178;16283;NA;47242;440;2021-03-18;34803
2021-03-17;"Trenčiansky kraj";366;13436;163;13599;NA;47242;529;2021-03-17;34363
2021-03-16;"Trenčiansky kraj";450;15281;241;15522;NA;47242;691;2021-03-16;33834
2021-03-15;"Trenčiansky kraj";162;21235;261;21496;NA;47242;423;2021-03-15;33143
2021-03-14;"Trenčiansky kraj";42;33892;233;34125;NA;47242;275;2021-03-14;32720
2021-03-13;"Trenčiansky kraj";270;79187;453;79640;NA;47242;723;2021-03-13;32445
2021-03-12;"Trenčiansky kraj";366;34787;307;35094;NA;47242;673;2021-03-12;31722
2021-03-11;"Trenčiansky kraj";302;15557;213;15770;NA;47242;515;2021-03-11;31049
2021-03-10;"Trenčiansky kraj";402;13585;237;13822;NA;47242;639;2021-03-10;30534
2021-03-09;"Trenčiansky kraj";586;17982;285;18267;NA;47242;871;2021-03-09;29895
2021-03-08;"Trenčiansky kraj";174;21704;363;22067;NA;47242;537;2021-03-08;29024
2021-03-07;"Trenčiansky kraj";4;33991;318;34309;NA;47242;322;2021-03-07;28487
2021-03-06;"Trenčiansky kraj";260;79661;529;80190;NA;47242;789;2021-03-06;28165
2021-03-05;"Trenčiansky kraj";326;32946;416;33362;NA;47242;742;2021-03-05;27376
2021-03-04;"Trenčiansky kraj";323;16820;315;17135;NA;47242;638;2021-03-04;26634
2021-03-03;"Trenčiansky kraj";413;13953;346;14299;NA;47242;759;2021-03-03;25996
2021-03-02;"Trenčiansky kraj";612;17797;344;18141;NA;47242;956;2021-03-02;25237
2021-03-01;"Trenčiansky kraj";217;21127;445;21572;NA;47242;662;2021-03-01;24281
2021-02-28;"Trenčiansky kraj";45;30238;376;30614;NA;47242;421;2021-02-28;23619
2021-02-27;"Trenčiansky kraj";277;78735;686;79421;NA;47242;963;2021-02-27;23198
2021-02-26;"Trenčiansky kraj";420;32932;435;33367;NA;47242;855;2021-02-26;22235
2021-02-25;"Trenčiansky kraj";424;14029;328;14357;NA;47242;752;2021-02-25;21380
2021-02-24;"Trenčiansky kraj";427;11997;398;12395;NA;47242;825;2021-02-24;20628
2021-02-23;"Trenčiansky kraj";577;14904;390;15294;NA;47242;967;2021-02-23;19803
2021-02-22;"Trenčiansky kraj";160;19969;468;20437;NA;47242;628;2021-02-22;18836
2021-02-21;"Trenčiansky kraj";64;29478;392;29870;NA;47242;456;2021-02-21;18208
2021-02-20;"Trenčiansky kraj";274;77840;745;78585;NA;47242;1019;2021-02-20;17752
2021-02-19;"Trenčiansky kraj";272;30245;520;30765;NA;47242;792;2021-02-19;16733
2021-02-18;"Trenčiansky kraj";355;14378;410;14788;NA;47242;765;2021-02-18;15941
2021-02-17;"Trenčiansky kraj";363;11413;376;11789;NA;47242;739;2021-02-17;15176
2021-02-16;"Trenčiansky kraj";488;17761;406;18167;NA;47242;894;2021-02-16;14437
2021-02-15;"Trenčiansky kraj";151;21846;463;22309;NA;47242;614;2021-02-15;13543
2021-02-14;"Trenčiansky kraj";2;31255;324;31579;NA;47242;326;2021-02-14;12929
2021-02-13;"Trenčiansky kraj";274;63006;522;63528;NA;47242;796;2021-02-13;12603
2021-02-12;"Trenčiansky kraj";276;27966;412;28378;NA;47242;688;2021-02-12;11807
2021-02-11;"Trenčiansky kraj";291;11566;323;11889;NA;47242;614;2021-02-11;11119
2021-02-10;"Trenčiansky kraj";304;11402;317;11719;NA;47242;621;2021-02-10;10505
2021-02-09;"Trenčiansky kraj";514;18401;360;18761;NA;47242;874;2021-02-09;9884
2021-02-08;"Trenčiansky kraj";182;26972;430;27402;NA;47242;612;2021-02-08;9010
2021-02-07;"Trenčiansky kraj";31;36772;341;37113;NA;47242;372;2021-02-07;8398
2021-02-06;"Trenčiansky kraj";216;63931;560;64491;NA;47242;776;2021-02-06;8026
2021-02-05;"Trenčiansky kraj";202;18154;367;18521;NA;47242;569;2021-02-05;7250
2021-02-04;"Trenčiansky kraj";266;7248;311;7559;NA;47242;577;2021-02-04;6681
2021-02-03;"Trenčiansky kraj";162;6718;320;7038;NA;47242;482;2021-02-03;6104
2021-02-02;"Trenčiansky kraj";347;8058;380;8438;NA;47242;727;2021-02-02;5622
2021-02-01;"Trenčiansky kraj";167;8917;311;9228;NA;47242;478;2021-02-01;4895
2021-01-31;"Trenčiansky kraj";7;19103;159;19262;NA;47242;166;2021-01-31;4417
2021-01-30;"Trenčiansky kraj";228;38167;332;38499;NA;47242;560;2021-01-30;4251
2021-01-29;"Trenčiansky kraj";214;7586;235;7821;NA;47242;449;2021-01-29;3691
2021-01-28;"Trenčiansky kraj";307;5442;158;5600;NA;47242;465;2021-01-28;3242
2021-01-27;"Trenčiansky kraj";166;4842;181;5023;NA;47242;347;2021-01-27;2777
2021-01-26;"Trenčiansky kraj";303;14585;250;14835;NA;47242;553;2021-01-26;2430
2021-01-25;"Trenčiansky kraj";160;24302;207;24509;NA;47242;367;2021-01-25;1877
2021-01-24;"Trenčiansky kraj";51;38369;282;38651;NA;47242;333;2021-01-24;1510
2021-01-23;"Trenčiansky kraj";206;114125;749;114874;NA;47242;955;2021-01-23;1177
2021-01-22;"Trenčiansky kraj";148;21833;242;22075;NA;47242;390;2021-01-22;222
2021-01-21;"Trenčiansky kraj";143;8582;166;8748;NA;47242;309;2021-01-21;-168
2021-01-20;"Trenčiansky kraj";181;8186;227;8413;NA;47242;408;2021-01-20;-477
2021-01-19;"Trenčiansky kraj";363;6618;262;6880;NA;47242;625;2021-01-19;-885
2021-01-18;"Trenčiansky kraj";72;4970;321;5291;NA;47242;393;2021-01-18;-1510
2021-01-17;"Trenčiansky kraj";124;156;11;167;NA;47242;135;2021-01-17;-1903
2021-01-16;"Trenčiansky kraj";39;1288;53;1341;NA;47242;92;2021-01-16;-2038
2021-01-15;"Trenčiansky kraj";264;4029;218;4247;NA;47242;482;2021-01-15;-2130
2021-01-14;"Trenčiansky kraj";275;3193;189;3382;NA;47242;464;2021-01-14;-2612
2021-01-13;"Trenčiansky kraj";222;3893;215;4108;NA;47242;437;2021-01-13;-3076
2021-01-12;"Trenčiansky kraj";508;4604;261;4865;NA;47242;769;2021-01-12;-3513
2021-01-11;"Trenčiansky kraj";142;4367;354;4721;NA;47242;496;2021-01-11;-4282
2021-01-10;"Trenčiansky kraj";89;4969;77;5046;NA;47242;166;2021-01-10;-4778
2021-01-09;"Trenčiansky kraj";276;8280;128;8408;NA;47242;404;2021-01-09;-4944
2021-01-08;"Trenčiansky kraj";489;6434;484;6918;NA;47242;973;2021-01-08;-5348
2021-01-07;"Trenčiansky kraj";420;6138;577;6715;NA;47242;997;2021-01-07;-6321
2021-01-06;"Trenčiansky kraj";221;1021;64;1085;NA;47242;285;2021-01-06;-7318
2021-01-05;"Trenčiansky kraj";669;5753;706;6459;NA;47242;1375;2021-01-05;-7603
2021-01-04;"Trenčiansky kraj";337;5248;782;6030;NA;47242;1119;2021-01-04;-8978
2021-01-03;"Trenčiansky kraj";38;114;15;129;NA;47242;53;2021-01-03;-10097
2021-01-02;"Trenčiansky kraj";129;196;23;219;NA;47242;152;2021-01-02;-10150
2021-01-01;"Trenčiansky kraj";329;347;23;370;NA;47242;352;2021-01-01;-10302
2020-12-31;"Trenčiansky kraj";597;4943;557;5500;NA;47242;1154;2020-12-31;-10654
2020-12-30;"Trenčiansky kraj";836;7012;762;7774;NA;47242;1598;2020-12-30;-11808
2020-12-29;"Trenčiansky kraj";459;6191;1018;7209;NA;47242;1477;2020-12-29;-13406
2020-12-28;"Trenčiansky kraj";258;4195;777;4972;NA;47242;1035;2020-12-28;-14883
2020-12-27;"Trenčiansky kraj";5;208;36;244;NA;47242;41;2020-12-27;-15918
2020-12-26;"Trenčiansky kraj";174;74;10;84;NA;47242;184;2020-12-26;-15959
2020-12-25;"Trenčiansky kraj";251;325;47;372;NA;47242;298;2020-12-25;-16143
2020-12-24;"Trenčiansky kraj";552;2194;256;2450;NA;47242;808;2020-12-24;-16441
2020-12-23;"Trenčiansky kraj";421;6552;661;7213;NA;47242;1082;2020-12-23;-17249
2020-12-22;"Trenčiansky kraj";673;5760;694;6454;NA;47242;1367;2020-12-22;-18331
2020-12-21;"Trenčiansky kraj";248;13321;956;14277;NA;47242;1204;2020-12-21;-19698
2020-12-20;"Trenčiansky kraj";238;12504;292;12796;NA;47242;530;2020-12-20;-20902
2020-12-19;"Trenčiansky kraj";341;1611;150;1761;NA;47242;491;2020-12-19;-21432
2020-12-18;"Trenčiansky kraj";521;5199;615;5814;NA;47242;1136;2020-12-18;-21923
2020-12-17;"Trenčiansky kraj";670;3843;524;4367;NA;47242;1194;2020-12-17;-23059
2020-12-16;"Trenčiansky kraj";461;4464;647;5111;NA;47242;1108;2020-12-16;-24253
2020-12-15;"Trenčiansky kraj";595;3805;670;4475;NA;47242;1265;2020-12-15;-25361
2020-12-14;"Trenčiansky kraj";318;3194;613;3807;NA;47242;931;2020-12-14;-26626
2020-12-13;"Trenčiansky kraj";77;49;6;55;NA;47242;83;2020-12-13;-27557
2020-12-12;"Trenčiansky kraj";314;1191;132;1323;NA;47242;446;2020-12-12;-27640
2020-12-11;"Trenčiansky kraj";751;4066;479;4545;NA;47242;1230;2020-12-11;-28086
2020-12-10;"Trenčiansky kraj";271;3354;473;3827;NA;47242;744;2020-12-10;-29316
2020-12-09;"Trenčiansky kraj";508;3788;466;4254;NA;47242;974;2020-12-09;-30060
2020-12-08;"Trenčiansky kraj";546;3440;522;3962;NA;47242;1068;2020-12-08;-31034
2020-12-07;"Trenčiansky kraj";258;3832;468;4300;NA;47242;726;2020-12-07;-32102
2020-12-06;"Trenčiansky kraj";114;179;10;189;NA;47242;124;2020-12-06;-32828
2020-12-05;"Trenčiansky kraj";223;610;56;666;NA;47242;279;2020-12-05;-32952
2020-12-04;"Trenčiansky kraj";253;2943;273;3216;NA;47242;526;2020-12-04;-33231
2020-12-03;"Trenčiansky kraj";503;1714;178;1892;NA;47242;681;2020-12-03;-33757
2020-12-02;"Trenčiansky kraj";418;1844;232;2076;NA;47242;650;2020-12-02;-34438
2020-12-01;"Trenčiansky kraj";321;5642;351;5993;NA;47242;672;2020-12-01;-35088
2020-11-30;"Trenčiansky kraj";167;11514;520;12034;NA;47242;687;2020-11-30;-35760
2020-11-29;"Trenčiansky kraj";29;30;5;35;NA;47242;34;2020-11-29;-36447
2020-11-28;"Trenčiansky kraj";202;1051;93;1144;NA;47242;295;2020-11-28;-36481
2020-11-27;"Trenčiansky kraj";330;1888;186;2074;NA;47242;516;2020-11-27;-36776
2020-11-26;"Trenčiansky kraj";395;1252;122;1374;NA;47242;517;2020-11-26;-37292
2020-11-25;"Trenčiansky kraj";322;1444;160;1604;NA;47242;482;2020-11-25;-37809
2020-11-24;"Trenčiansky kraj";348;2553;308;2861;NA;47242;656;2020-11-24;-38291
2020-11-23;"Trenčiansky kraj";159;1186;122;1308;NA;47242;281;2020-11-23;-38947
2020-11-22;"Trenčiansky kraj";26;30;7;37;NA;47242;33;2020-11-22;-39228
2020-11-21;"Trenčiansky kraj";255;1376;69;1445;NA;47242;324;2020-11-21;-39261
2020-11-20;"Trenčiansky kraj";316;861;93;954;NA;47242;409;2020-11-20;-39585
2020-11-19;"Trenčiansky kraj";316;740;113;853;NA;47242;429;2020-11-19;-39994
2020-11-18;"Trenčiansky kraj";233;379;66;445;NA;47242;299;2020-11-18;-40423
2020-11-17;"Trenčiansky kraj";222;106;15;121;NA;47242;237;2020-11-17;-40722
2020-11-16;"Trenčiansky kraj";245;236;45;281;NA;47242;290;2020-11-16;-40959
2020-11-15;"Trenčiansky kraj";109;29;6;35;NA;47242;115;2020-11-15;-41249
2020-11-14;"Trenčiansky kraj";190;74;11;85;NA;47242;201;2020-11-14;-41364
2020-11-13;"Trenčiansky kraj";308;131;13;144;NA;47242;321;2020-11-13;-41565
2020-11-12;"Trenčiansky kraj";324;124;5;129;NA;47242;329;2020-11-12;-41886
2020-11-11;"Trenčiansky kraj";366;113;10;123;NA;47242;376;2020-11-11;-42215
2020-11-10;"Trenčiansky kraj";277;106;6;112;NA;47242;283;2020-11-10;-42591
2020-11-09;"Trenčiansky kraj";115;1407;48;1455;NA;47242;163;2020-11-09;-42874
2020-11-08;"Trenčiansky kraj";81;1271;8;1279;NA;47242;89;2020-11-08;-43037
2020-11-07;"Trenčiansky kraj";319;3662;59;3721;NA;47242;378;2020-11-07;-43126
2020-11-06;"Trenčiansky kraj";383;6893;84;6977;NA;47242;467;2020-11-06;-43504
2020-11-05;"Trenčiansky kraj";399;98;15;113;NA;47242;414;2020-11-05;-43971
2020-11-04;"Trenčiansky kraj";370;91;9;100;NA;47242;379;2020-11-04;-44385
2020-11-03;"Trenčiansky kraj";575;97;8;105;NA;47242;583;2020-11-03;-44764
2020-11-02;"Trenčiansky kraj";197;1833;68;1901;NA;47242;265;2020-11-02;-45347
2020-11-01;"Trenčiansky kraj";257;808;24;832;NA;47242;281;2020-11-01;-45612
2020-10-31;"Trenčiansky kraj";332;4719;82;4801;NA;47242;414;2020-10-31;-45893
2020-10-30;"Trenčiansky kraj";299;5283;102;5385;NA;47242;401;2020-10-30;-46307
2020-10-29;"Trenčiansky kraj";496;764;68;832;NA;47242;564;2020-10-29;-46708
2020-10-28;"Trenčiansky kraj";269;192;33;225;NA;47242;302;2020-10-28;-47272
2020-10-27;"Trenčiansky kraj";473;127;27;154;NA;47242;500;2020-10-27;-47574
2020-10-26;"Trenčiansky kraj";177;107;36;143;NA;47242;213;2020-10-26;-48074
2020-10-25;"Trenčiansky kraj";138;9;5;14;NA;47242;143;2020-10-25;-48287
2020-10-24;"Trenčiansky kraj";395;128;6;134;NA;47242;401;2020-10-24;-48430
2020-10-23;"Trenčiansky kraj";301;154;8;162;NA;47242;309;2020-10-23;-48831
2020-10-22;"Trenčiansky kraj";273;82;12;94;NA;47242;285;2020-10-22;-49140
2020-10-21;"Trenčiansky kraj";183;53;9;62;NA;47242;192;2020-10-21;-49425
2020-10-20;"Trenčiansky kraj";212;47;6;53;NA;47242;218;2020-10-20;-49617
2020-10-19;"Trenčiansky kraj";41;83;25;108;NA;47242;66;2020-10-19;-49835
2020-10-18;"Trenčiansky kraj";104;0;0;0;NA;47242;104;2020-10-18;-49901
2020-10-17;"Trenčiansky kraj";157;0;0;0;NA;47242;157;2020-10-17;-50005
2020-10-16;"Trenčiansky kraj";225;42;6;48;NA;47242;231;2020-10-16;-50162
2020-10-15;"Trenčiansky kraj";255;39;4;43;NA;47242;259;2020-10-15;-50393
2020-10-14;"Trenčiansky kraj";162;42;7;49;NA;47242;169;2020-10-14;-50652
2020-10-13;"Trenčiansky kraj";124;105;12;117;NA;47242;136;2020-10-13;-50821
2020-10-12;"Trenčiansky kraj";55;0;0;0;NA;47242;55;2020-10-12;-50957
2020-10-11;"Trenčiansky kraj";73;0;0;0;NA;47242;73;2020-10-11;-51012
2020-10-10;"Trenčiansky kraj";180;0;0;0;NA;47242;180;2020-10-10;-51085
2020-10-09;"Trenčiansky kraj";198;0;0;0;NA;47242;198;2020-10-09;-51265
2020-10-08;"Trenčiansky kraj";115;0;0;0;NA;47242;115;2020-10-08;-51463
2020-10-07;"Trenčiansky kraj";75;0;0;0;NA;47242;75;2020-10-07;-51578
2020-10-06;"Trenčiansky kraj";72;0;0;0;NA;47242;72;2020-10-06;-51653
2020-10-05;"Trenčiansky kraj";32;0;0;0;NA;47242;32;2020-10-05;-51725
2020-10-04;"Trenčiansky kraj";37;0;0;0;NA;47242;37;2020-10-04;-51757
2020-10-03;"Trenčiansky kraj";79;0;0;0;NA;47242;79;2020-10-03;-51794
2020-10-02;"Trenčiansky kraj";69;0;0;0;NA;47242;69;2020-10-02;-51873
2020-10-01;"Trenčiansky kraj";58;0;0;0;NA;47242;58;2020-10-01;-51942
2020-09-30;"Trenčiansky kraj";76;0;0;0;NA;47242;76;2020-09-30;-52000
2020-09-29;"Trenčiansky kraj";43;0;0;0;NA;47242;43;2020-09-29;-52076
2020-09-28;"Trenčiansky kraj";7;0;0;0;NA;47242;7;2020-09-28;-52119
2020-09-27;"Trenčiansky kraj";12;0;0;0;NA;47242;12;2020-09-27;-52126
2020-09-26;"Trenčiansky kraj";37;0;0;0;NA;47242;37;2020-09-26;-52138
2020-09-25;"Trenčiansky kraj";72;0;0;0;NA;47242;72;2020-09-25;-52175
2020-09-24;"Trenčiansky kraj";41;0;0;0;NA;47242;41;2020-09-24;-52247
2020-09-23;"Trenčiansky kraj";32;0;0;0;NA;47242;32;2020-09-23;-52288
2020-09-22;"Trenčiansky kraj";26;0;0;0;NA;47242;26;2020-09-22;-52320
2020-09-21;"Trenčiansky kraj";23;0;0;0;NA;47242;23;2020-09-21;-52346
2020-09-20;"Trenčiansky kraj";21;0;0;0;NA;47242;21;2020-09-20;-52369
2020-09-19;"Trenčiansky kraj";20;0;0;0;NA;47242;20;2020-09-19;-52390
2020-09-18;"Trenčiansky kraj";41;0;0;0;NA;47242;41;2020-09-18;-52410
2020-09-17;"Trenčiansky kraj";20;0;0;0;NA;47242;20;2020-09-17;-52451
2020-09-16;"Trenčiansky kraj";14;0;0;0;NA;47242;14;2020-09-16;-52471
2020-09-15;"Trenčiansky kraj";8;0;0;0;NA;47242;8;2020-09-15;-52485
2020-09-14;"Trenčiansky kraj";5;0;0;0;NA;47242;5;2020-09-14;-52493
2020-09-13;"Trenčiansky kraj";12;0;0;0;NA;47242;12;2020-09-13;-52498
2020-09-12;"Trenčiansky kraj";2;0;0;0;NA;47242;2;2020-09-12;-52510
2020-09-11;"Trenčiansky kraj";27;0;0;0;NA;47242;27;2020-09-11;-52512
2020-09-10;"Trenčiansky kraj";15;0;0;0;NA;47242;15;2020-09-10;-52539
2020-09-09;"Trenčiansky kraj";11;0;0;0;NA;47242;11;2020-09-09;-52554
2020-09-08;"Trenčiansky kraj";12;0;0;0;NA;47242;12;2020-09-08;-52565
2020-09-07;"Trenčiansky kraj";6;0;0;0;NA;47242;6;2020-09-07;-52577
2020-09-06;"Trenčiansky kraj";1;0;0;0;NA;47242;1;2020-09-06;-52583
2020-09-05;"Trenčiansky kraj";3;0;0;0;NA;47242;3;2020-09-05;-52584
2020-09-04;"Trenčiansky kraj";9;0;0;0;NA;47242;9;2020-09-04;-52587
2020-09-03;"Trenčiansky kraj";10;0;0;0;NA;47242;10;2020-09-03;-52596
2020-09-02;"Trenčiansky kraj";5;0;0;0;NA;47242;5;2020-09-02;-52606
2020-09-01;"Trenčiansky kraj";1;0;0;0;NA;47242;1;2020-09-01;-52611
2020-08-31;"Trenčiansky kraj";12;0;0;0;NA;47242;12;2020-08-31;-52612
2020-08-30;"Trenčiansky kraj";0;0;0;0;NA;47242;0;2020-08-30;-52624
2020-08-29;"Trenčiansky kraj";1;0;0;0;NA;47242;1;2020-08-29;-52624
2020-08-28;"Trenčiansky kraj";12;0;0;0;NA;47242;12;2020-08-28;-52625
2020-08-27;"Trenčiansky kraj";10;0;0;0;NA;47242;10;2020-08-27;-52637
2020-08-26;"Trenčiansky kraj";15;0;0;0;NA;47242;15;2020-08-26;-52647
2020-08-25;"Trenčiansky kraj";12;0;0;0;NA;47242;12;2020-08-25;-52662
2020-08-24;"Trenčiansky kraj";4;0;0;0;NA;47242;4;2020-08-24;-52674
2020-08-23;"Trenčiansky kraj";5;0;0;0;NA;47242;5;2020-08-23;-52678
2020-08-22;"Trenčiansky kraj";6;0;0;0;NA;47242;6;2020-08-22;-52683
2020-08-21;"Trenčiansky kraj";6;0;0;0;NA;47242;6;2020-08-21;-52689
2020-08-20;"Trenčiansky kraj";20;0;0;0;NA;47242;20;2020-08-20;-52695
2020-08-19;"Trenčiansky kraj";17;0;0;0;NA;47242;17;2020-08-19;-52715
2020-08-18;"Trenčiansky kraj";9;0;0;0;NA;47242;9;2020-08-18;-52732
2020-08-17;"Trenčiansky kraj";4;0;0;0;NA;47242;4;2020-08-17;-52741
2020-08-16;"Trenčiansky kraj";0;0;0;0;NA;47242;0;2020-08-16;-52745
2020-08-15;"Trenčiansky kraj";9;0;0;0;NA;47242;9;2020-08-15;-52745
2020-08-14;"Trenčiansky kraj";15;0;0;0;NA;47242;15;2020-08-14;-52754
2020-08-13;"Trenčiansky kraj";23;0;0;0;NA;47242;23;2020-08-13;-52769
2020-08-12;"Trenčiansky kraj";6;0;0;0;NA;47242;6;2020-08-12;-52792
2020-08-11;"Trenčiansky kraj";7;0;0;0;NA;47242;7;2020-08-11;-52798
2020-08-10;"Trenčiansky kraj";9;0;0;0;NA;47242;9;2020-08-10;-52805
2020-08-09;"Trenčiansky kraj";1;0;0;0;NA;47242;1;2020-08-09;-52814
2020-08-08;"Trenčiansky kraj";4;0;0;0;NA;47242;4;2020-08-08;-52815
2020-08-07;"Trenčiansky kraj";4;0;0;0;NA;47242;4;2020-08-07;-52819
2020-08-06;"Trenčiansky kraj";13;0;0;0;NA;47242;13;2020-08-06;-52823
2020-08-05;"Trenčiansky kraj";39;0;0;0;NA;47242;39;2020-08-05;-52836
2020-08-04;"Trenčiansky kraj";9;0;0;0;NA;47242;9;2020-08-04;-52875
2020-08-03;"Trenčiansky kraj";0;0;0;0;NA;47242;0;2020-08-03;-52884
2020-08-02;"Trenčiansky kraj";2;0;0;0;NA;47242;2;2020-08-02;-52884
2020-08-01;"Trenčiansky kraj";6;0;0;0;NA;47242;6;2020-08-01;-52886
2020-07-31;"Trenčiansky kraj";16;0;0;0;NA;47242;16;2020-07-31;-52892
2020-07-30;"Trenčiansky kraj";4;0;0;0;NA;47242;4;2020-07-30;-52908
2020-07-29;"Trenčiansky kraj";5;0;0;0;NA;47242;5;2020-07-29;-52912
2020-07-28;"Trenčiansky kraj";11;0;0;0;NA;47242;11;2020-07-28;-52917
2020-07-27;"Trenčiansky kraj";4;0;0;0;NA;47242;4;2020-07-27;-52928
2020-07-26;"Trenčiansky kraj";1;0;0;0;NA;47242;1;2020-07-26;-52932
2020-07-25;"Trenčiansky kraj";7;0;0;0;NA;47242;7;2020-07-25;-52933
2020-07-24;"Trenčiansky kraj";5;0;0;0;NA;47242;5;2020-07-24;-52940
2020-07-23;"Trenčiansky kraj";10;0;0;0;NA;47242;10;2020-07-23;-52945
2020-07-22;"Trenčiansky kraj";11;0;0;0;NA;47242;11;2020-07-22;-52955
2020-07-21;"Trenčiansky kraj";6;0;0;0;NA;47242;6;2020-07-21;-52966
2020-07-20;"Trenčiansky kraj";13;0;0;0;NA;47242;13;2020-07-20;-52972
2020-07-19;"Trenčiansky kraj";0;0;0;0;NA;47242;0;2020-07-19;-52985
2020-07-18;"Trenčiansky kraj";0;0;0;0;NA;47242;0;2020-07-18;-52985
2020-07-17;"Trenčiansky kraj";1;0;0;0;NA;47242;1;2020-07-17;-52985
2020-07-16;"Trenčiansky kraj";0;0;0;0;NA;47242;0;2020-07-16;-52986
2020-07-15;"Trenčiansky kraj";2;0;0;0;NA;47242;2;2020-07-15;-52986
2020-07-14;"Trenčiansky kraj";8;0;0;0;NA;47242;8;2020-07-14;-52988
2020-07-13;"Trenčiansky kraj";1;0;0;0;NA;47242;1;2020-07-13;-52996
2020-07-12;"Trenčiansky kraj";0;0;0;0;NA;47242;0;2020-07-12;-52997
2020-07-11;"Trenčiansky kraj";0;0;0;0;NA;47242;0;2020-07-11;-52997
2020-07-10;"Trenčiansky kraj";3;0;0;0;NA;47242;3;2020-07-10;-52997
2020-07-09;"Trenčiansky kraj";2;0;0;0;NA;47242;2;2020-07-09;-53000
2020-07-08;"Trenčiansky kraj";1;0;0;0;NA;47242;1;2020-07-08;-53002
2020-07-07;"Trenčiansky kraj";9;0;0;0;NA;47242;9;2020-07-07;-53003
2020-07-06;"Trenčiansky kraj";1;0;0;0;NA;47242;1;2020-07-06;-53012
2020-07-05;"Trenčiansky kraj";1;0;0;0;NA;47242;1;2020-07-05;-53013
2020-07-04;"Trenčiansky kraj";0;0;0;0;NA;47242;0;2020-07-04;-53014
2020-07-03;"Trenčiansky kraj";2;0;0;0;NA;47242;2;2020-07-03;-53014
2020-07-02;"Trenčiansky kraj";10;0;0;0;NA;47242;10;2020-07-02;-53016
2020-07-01;"Trenčiansky kraj";1;0;0;0;NA;47242;1;2020-07-01;-53026
2020-06-30;"Trenčiansky kraj";6;0;0;0;NA;47242;6;2020-06-30;-53027
2020-06-29;"Trenčiansky kraj";1;0;0;0;NA;47242;1;2020-06-29;-53033
2020-06-28;"Trenčiansky kraj";0;0;0;0;NA;47242;0;2020-06-28;-53034
2020-06-27;"Trenčiansky kraj";0;0;0;0;NA;47242;0;2020-06-27;-53034
2020-06-26;"Trenčiansky kraj";0;0;0;0;NA;47242;0;2020-06-26;-53034
2020-06-25;"Trenčiansky kraj";2;0;0;0;NA;47242;2;2020-06-25;-53034
2020-06-24;"Trenčiansky kraj";1;0;0;0;NA;47242;1;2020-06-24;-53036
2020-06-23;"Trenčiansky kraj";0;0;0;0;NA;47242;0;2020-06-23;-53037
2020-06-22;"Trenčiansky kraj";0;0;0;0;NA;47242;0;2020-06-22;-53037
2020-06-21;"Trenčiansky kraj";0;0;0;0;NA;47242;0;2020-06-21;-53037
2020-06-20;"Trenčiansky kraj";0;0;0;0;NA;47242;0;2020-06-20;-53037
2020-06-19;"Trenčiansky kraj";0;0;0;0;NA;47242;0;2020-06-19;-53037
2020-06-18;"Trenčiansky kraj";0;0;0;0;NA;47242;0;2020-06-18;-53037
2020-06-17;"Trenčiansky kraj";0;0;0;0;NA;47242;0;2020-06-17;-53037
2020-06-16;"Trenčiansky kraj";0;0;0;0;NA;47242;0;2020-06-16;-53037
2020-06-14;"Trenčiansky kraj";0;0;0;0;NA;47242;0;2020-06-14;-53037
2020-06-13;"Trenčiansky kraj";0;0;0;0;NA;47242;0;2020-06-13;-53037
2020-06-12;"Trenčiansky kraj";0;0;0;0;NA;47242;0;2020-06-12;-53037
2020-06-11;"Trenčiansky kraj";0;0;0;0;NA;47242;0;2020-06-11;-53037
2020-06-10;"Trenčiansky kraj";1;0;0;0;NA;47242;1;2020-06-10;-53037
2020-06-09;"Trenčiansky kraj";0;0;0;0;NA;47242;0;2020-06-09;-53038
2020-06-08;"Trenčiansky kraj";0;0;0;0;NA;47242;0;2020-06-08;-53038
2020-06-07;"Trenčiansky kraj";0;0;0;0;NA;47242;0;2020-06-07;-53038
2020-06-05;"Trenčiansky kraj";0;0;0;0;NA;47242;0;2020-06-05;-53038
2020-06-03;"Trenčiansky kraj";0;0;0;0;NA;47242;0;2020-06-03;-53038
2020-06-02;"Trenčiansky kraj";0;0;0;0;NA;47242;0;2020-06-02;-53038
2020-05-31;"Trenčiansky kraj";0;0;0;0;NA;47242;0;2020-05-31;-53038
2020-05-29;"Trenčiansky kraj";0;0;0;0;NA;47242;0;2020-05-29;-53038
2020-05-27;"Trenčiansky kraj";2;0;0;0;NA;47242;2;2020-05-27;-53038
2020-05-26;"Trenčiansky kraj";0;0;0;0;NA;47242;0;2020-05-26;-53040
2020-05-25;"Trenčiansky kraj";0;0;0;0;NA;47242;0;2020-05-25;-53040
2020-05-24;"Trenčiansky kraj";0;0;0;0;NA;47242;0;2020-05-24;-53040
2020-05-23;"Trenčiansky kraj";0;0;0;0;NA;47242;0;2020-05-23;-53040
2020-05-22;"Trenčiansky kraj";0;0;0;0;NA;47242;0;2020-05-22;-53040
2020-05-21;"Trenčiansky kraj";0;0;0;0;NA;47242;0;2020-05-21;-53040
2020-05-20;"Trenčiansky kraj";0;0;0;0;NA;47242;0;2020-05-20;-53040
2020-05-19;"Trenčiansky kraj";0;0;0;0;NA;47242;0;2020-05-19;-53040
2020-05-17;"Trenčiansky kraj";0;0;0;0;NA;47242;0;2020-05-17;-53040
2020-05-16;"Trenčiansky kraj";0;0;0;0;NA;47242;0;2020-05-16;-53040
2020-05-15;"Trenčiansky kraj";1;0;0;0;NA;47242;1;2020-05-15;-53040
2020-05-14;"Trenčiansky kraj";2;0;0;0;NA;47242;2;2020-05-14;-53041
2020-05-13;"Trenčiansky kraj";1;0;0;0;NA;47242;1;2020-05-13;-53043
2020-05-12;"Trenčiansky kraj";1;0;0;0;NA;47242;1;2020-05-12;-53044
2020-05-11;"Trenčiansky kraj";3;0;0;0;NA;47242;3;2020-05-11;-53045
2020-05-09;"Trenčiansky kraj";2;0;0;0;NA;47242;2;2020-05-09;-53048
2020-05-07;"Trenčiansky kraj";6;0;0;0;NA;47242;6;2020-05-07;-53050
2020-05-06;"Trenčiansky kraj";0;0;0;0;NA;47242;0;2020-05-06;-53056
2020-05-05;"Trenčiansky kraj";2;0;0;0;NA;47242;2;2020-05-05;-53056
2020-05-04;"Trenčiansky kraj";0;0;0;0;NA;47242;0;2020-05-04;-53058
2020-05-03;"Trenčiansky kraj";0;0;0;0;NA;47242;0;2020-05-03;-53058
2020-05-02;"Trenčiansky kraj";0;0;0;0;NA;47242;0;2020-05-02;-53058
2020-05-01;"Trenčiansky kraj";0;0;0;0;NA;47242;0;2020-05-01;-53058
2020-04-30;"Trenčiansky kraj";0;0;0;0;NA;47242;0;2020-04-30;-53058
2020-04-29;"Trenčiansky kraj";2;0;0;0;NA;47242;2;2020-04-29;-53058
2020-04-28;"Trenčiansky kraj";1;0;0;0;NA;47242;1;2020-04-28;-53060
2020-04-27;"Trenčiansky kraj";0;0;0;0;NA;47242;0;2020-04-27;-53061
2020-04-26;"Trenčiansky kraj";1;0;0;0;NA;47242;1;2020-04-26;-53061
2020-04-25;"Trenčiansky kraj";0;0;0;0;NA;47242;0;2020-04-25;-53062
2020-04-24;"Trenčiansky kraj";0;0;0;0;NA;47242;0;2020-04-24;-53062
2020-04-23;"Trenčiansky kraj";11;0;0;0;NA;47242;11;2020-04-23;-53062
2020-04-22;"Trenčiansky kraj";1;0;0;0;NA;47242;1;2020-04-22;-53073
2020-04-21;"Trenčiansky kraj";11;0;0;0;NA;47242;11;2020-04-21;-53074
2020-04-20;"Trenčiansky kraj";15;0;0;0;NA;47242;15;2020-04-20;-53085
2020-04-19;"Trenčiansky kraj";2;0;0;0;NA;47242;2;2020-04-19;-53100
2020-04-18;"Trenčiansky kraj";3;0;0;0;NA;47242;3;2020-04-18;-53102
2020-04-17;"Trenčiansky kraj";4;0;0;0;NA;47242;4;2020-04-17;-53105
2020-04-16;"Trenčiansky kraj";10;0;0;0;NA;47242;10;2020-04-16;-53109
2020-04-15;"Trenčiansky kraj";4;0;0;0;NA;47242;4;2020-04-15;-53119
2020-04-14;"Trenčiansky kraj";0;0;0;0;NA;47242;0;2020-04-14;-53123
2020-04-13;"Trenčiansky kraj";1;0;0;0;NA;47242;1;2020-04-13;-53123
2020-04-12;"Trenčiansky kraj";2;0;0;0;NA;47242;2;2020-04-12;-53124
2020-04-11;"Trenčiansky kraj";3;0;0;0;NA;47242;3;2020-04-11;-53126
2020-04-10;"Trenčiansky kraj";0;0;0;0;NA;47242;0;2020-04-10;-53129
2020-04-09;"Trenčiansky kraj";0;0;0;0;NA;47242;0;2020-04-09;-53129
2020-04-08;"Trenčiansky kraj";2;0;0;0;NA;47242;2;2020-04-08;-53129
2020-04-07;"Trenčiansky kraj";18;0;0;0;NA;47242;18;2020-04-07;-53131
2020-04-06;"Trenčiansky kraj";0;0;0;0;NA;47242;0;2020-04-06;-53149
2020-04-05;"Trenčiansky kraj";3;0;0;0;NA;47242;3;2020-04-05;-53149
2020-04-04;"Trenčiansky kraj";5;0;0;0;NA;47242;5;2020-04-04;-53152
2020-04-03;"Trenčiansky kraj";4;0;0;0;NA;47242;4;2020-04-03;-53157
2020-04-02;"Trenčiansky kraj";1;0;0;0;NA;47242;1;2020-04-02;-53161
2020-04-01;"Trenčiansky kraj";3;0;0;0;NA;47242;3;2020-04-01;-53162
2020-03-31;"Trenčiansky kraj";1;0;0;0;NA;47242;1;2020-03-31;-53165
2020-03-30;"Trenčiansky kraj";3;0;0;0;NA;47242;3;2020-03-30;-53166
2020-03-29;"Trenčiansky kraj";6;0;0;0;NA;47242;6;2020-03-29;-53169
2020-03-28;"Trenčiansky kraj";9;0;0;0;NA;47242;9;2020-03-28;-53175
2020-03-27;"Trenčiansky kraj";2;0;0;0;NA;47242;2;2020-03-27;-53184
2020-03-26;"Trenčiansky kraj";6;0;0;0;NA;47242;6;2020-03-26;-53186
2020-03-25;"Trenčiansky kraj";3;0;0;0;NA;47242;3;2020-03-25;-53192
2020-03-24;"Trenčiansky kraj";1;0;0;0;NA;47242;1;2020-03-24;-53195
2020-03-23;"Trenčiansky kraj";0;0;0;0;NA;47242;0;2020-03-23;-53196
2020-03-22;"Trenčiansky kraj";0;0;0;0;NA;47242;0;2020-03-22;-53196
2020-03-21;"Trenčiansky kraj";2;0;0;0;NA;47242;2;2020-03-21;-53196
2020-03-20;"Trenčiansky kraj";2;0;0;0;NA;47242;2;2020-03-20;-53198
2020-03-19;"Trenčiansky kraj";8;0;0;0;NA;47242;8;2020-03-19;-53200
2020-03-18;"Trenčiansky kraj";0;0;0;0;NA;47242;0;2020-03-18;-53208
2020-03-17;"Trenčiansky kraj";0;0;0;0;NA;47242;0;2020-03-17;-53208
2020-03-16;"Trenčiansky kraj";1;0;0;0;NA;47242;1;2020-03-16;-53208
2020-03-15;"Trenčiansky kraj";5;0;0;0;NA;47242;5;2020-03-15;-53209
2020-03-14;"Trenčiansky kraj";0;0;0;0;NA;47242;0;2020-03-14;-53214
2020-03-13;"Trenčiansky kraj";0;0;0;0;NA;47242;0;2020-03-13;-53214
2020-03-12;"Trenčiansky kraj";1;0;0;0;NA;47242;1;2020-03-12;-53214
2020-03-11;"Trenčiansky kraj";0;0;0;0;NA;47242;0;2020-03-11;-53215
2020-03-09;"Trenčiansky kraj";0;0;0;0;NA;47242;0;2020-03-09;-53215
2020-03-08;"Trenčiansky kraj";0;0;0;0;NA;47242;0;2020-03-08;-53215
2020-03-07;"Trenčiansky kraj";0;0;0;0;NA;47242;0;2020-03-07;-53215
2020-03-06;"Trenčiansky kraj";0;0;0;0;NA;47242;0;2020-03-06;-53215
2021-06-20;"Trnavský kraj";0;3013;1;3014;0;44292;1;2021-06-20;44292
2021-06-19;"Trnavský kraj";3;3477;1;3478;NA;44292;4;2021-06-19;44291
2021-06-18;"Trnavský kraj";5;4493;0;4493;NA;44292;5;2021-06-18;44287
2021-06-17;"Trnavský kraj";3;3007;0;3007;NA;44292;3;2021-06-17;44282
2021-06-16;"Trnavský kraj";6;2632;3;2635;NA;44292;9;2021-06-16;44279
2021-06-15;"Trnavský kraj";8;2974;2;2976;NA;44292;10;2021-06-15;44270
2021-06-14;"Trnavský kraj";2;3521;1;3522;NA;44292;3;2021-06-14;44260
2021-06-13;"Trnavský kraj";0;5003;6;5009;NA;44292;6;2021-06-13;44257
2021-06-12;"Trnavský kraj";11;5536;1;5537;NA;44292;12;2021-06-12;44251
2021-06-11;"Trnavský kraj";17;5557;4;5561;NA;44292;21;2021-06-11;44239
2021-06-10;"Trnavský kraj";14;3336;1;3337;NA;44292;15;2021-06-10;44218
2021-06-09;"Trnavský kraj";10;3495;1;3496;NA;44292;11;2021-06-09;44203
2021-06-08;"Trnavský kraj";8;2887;4;2891;NA;44292;12;2021-06-08;44192
2021-06-07;"Trnavský kraj";12;4163;8;4171;NA;44292;20;2021-06-07;44180
2021-06-06;"Trnavský kraj";0;5517;2;5519;NA;44292;2;2021-06-06;44160
2021-06-05;"Trnavský kraj";20;6779;6;6785;NA;44292;26;2021-06-05;44158
2021-06-04;"Trnavský kraj";9;6359;9;6368;NA;44292;18;2021-06-04;44132
2021-06-03;"Trnavský kraj";14;3963;11;3974;NA;44292;25;2021-06-03;44114
2021-06-02;"Trnavský kraj";4;4104;12;4116;NA;44292;16;2021-06-02;44089
2021-06-01;"Trnavský kraj";18;3394;4;3398;NA;44292;22;2021-06-01;44073
2021-05-31;"Trnavský kraj";14;5089;16;5105;NA;44292;30;2021-05-31;44051
2021-05-30;"Trnavský kraj";0;6283;6;6289;NA;44292;6;2021-05-30;44021
2021-05-29;"Trnavský kraj";11;8409;4;8413;NA;44292;15;2021-05-29;44015
2021-05-28;"Trnavský kraj";14;6720;11;6731;NA;44292;25;2021-05-28;44000
2021-05-27;"Trnavský kraj";22;4753;8;4761;NA;44292;30;2021-05-27;43975
2021-05-26;"Trnavský kraj";6;4503;8;4511;NA;44292;14;2021-05-26;43945
2021-05-25;"Trnavský kraj";19;4610;25;4635;NA;44292;44;2021-05-25;43931
2021-05-24;"Trnavský kraj";15;6520;22;6542;NA;44292;37;2021-05-24;43887
2021-05-23;"Trnavský kraj";0;7767;8;7775;NA;44292;8;2021-05-23;43850
2021-05-22;"Trnavský kraj";13;12767;18;12785;NA;44292;31;2021-05-22;43842
2021-05-21;"Trnavský kraj";16;8079;19;8098;NA;44292;35;2021-05-21;43811
2021-05-20;"Trnavský kraj";15;5223;9;5232;NA;44292;24;2021-05-20;43776
2021-05-19;"Trnavský kraj";18;5159;12;5171;NA;44292;30;2021-05-19;43752
2021-05-18;"Trnavský kraj";26;5686;15;5701;NA;44292;41;2021-05-18;43722
2021-05-17;"Trnavský kraj";17;5985;23;6008;NA;44292;40;2021-05-17;43681
2021-05-16;"Trnavský kraj";10;9725;8;9733;NA;44292;18;2021-05-16;43641
2021-05-15;"Trnavský kraj";11;18040;14;18054;NA;44292;25;2021-05-15;43623
2021-05-14;"Trnavský kraj";34;9846;20;9866;NA;44292;54;2021-05-14;43598
2021-05-13;"Trnavský kraj";26;6913;12;6925;NA;44292;38;2021-05-13;43544
2021-05-12;"Trnavský kraj";34;6621;26;6647;NA;44292;60;2021-05-12;43506
2021-05-11;"Trnavský kraj";32;6311;13;6324;NA;44292;45;2021-05-11;43446
2021-05-10;"Trnavský kraj";58;8458;24;8482;NA;44292;82;2021-05-10;43401
2021-05-09;"Trnavský kraj";21;12312;11;12323;NA;44292;32;2021-05-09;43319
2021-05-08;"Trnavský kraj";4;22539;21;22560;NA;44292;25;2021-05-08;43287
2021-05-07;"Trnavský kraj";26;14895;29;14924;NA;44292;55;2021-05-07;43262
2021-05-06;"Trnavský kraj";22;8397;22;8419;NA;44292;44;2021-05-06;43207
2021-05-05;"Trnavský kraj";34;6127;20;6147;NA;44292;54;2021-05-05;43163
2021-05-04;"Trnavský kraj";51;8538;17;8555;NA;44292;68;2021-05-04;43109
2021-05-03;"Trnavský kraj";20;8954;22;8976;NA;44292;42;2021-05-03;43041
2021-05-02;"Trnavský kraj";0;25657;29;25686;NA;44292;29;2021-05-02;42999
2021-05-01;"Trnavský kraj";30;81347;64;81411;NA;44292;94;2021-05-01;42970
2021-04-30;"Trnavský kraj";45;26843;35;26878;NA;44292;80;2021-04-30;42876
2021-04-29;"Trnavský kraj";25;20323;28;20351;NA;44292;53;2021-04-29;42796
2021-04-28;"Trnavský kraj";46;8867;28;8895;NA;44292;74;2021-04-28;42743
2021-04-27;"Trnavský kraj";54;8744;37;8781;NA;44292;91;2021-04-27;42669
2021-04-26;"Trnavský kraj";53;16113;42;16155;NA;44292;95;2021-04-26;42578
2021-04-25;"Trnavský kraj";0;30183;24;30207;NA;44292;24;2021-04-25;42483
2021-04-24;"Trnavský kraj";46;125410;82;125492;NA;44292;128;2021-04-24;42459
2021-04-23;"Trnavský kraj";71;25622;53;25675;NA;44292;124;2021-04-23;42331
2021-04-22;"Trnavský kraj";40;10901;25;10926;NA;44292;65;2021-04-22;42207
2021-04-21;"Trnavský kraj";60;10728;45;10773;NA;44292;105;2021-04-21;42142
2021-04-20;"Trnavský kraj";57;13499;28;13527;NA;44292;85;2021-04-20;42037
2021-04-19;"Trnavský kraj";46;14584;18;14602;NA;44292;64;2021-04-19;41952
2021-04-18;"Trnavský kraj";7;40843;43;40886;NA;44292;50;2021-04-18;41888
2021-04-17;"Trnavský kraj";58;118094;89;118183;NA;44292;147;2021-04-17;41838
2021-04-16;"Trnavský kraj";67;25962;48;26010;NA;44292;115;2021-04-16;41691
2021-04-15;"Trnavský kraj";65;11373;36;11409;NA;44292;101;2021-04-15;41576
2021-04-14;"Trnavský kraj";78;18442;53;18495;NA;44292;131;2021-04-14;41475
2021-04-13;"Trnavský kraj";126;9831;44;9875;NA;44292;170;2021-04-13;41344
2021-04-12;"Trnavský kraj";40;15575;40;15615;NA;44292;80;2021-04-12;41174
2021-04-11;"Trnavský kraj";3;44417;44;44461;NA;44292;47;2021-04-11;41094
2021-04-10;"Trnavský kraj";60;123822;107;123929;NA;44292;167;2021-04-10;41047
2021-04-09;"Trnavský kraj";95;26084;34;26118;NA;44292;129;2021-04-09;40880
2021-04-08;"Trnavský kraj";85;10893;52;10945;NA;44292;137;2021-04-08;40751
2021-04-07;"Trnavský kraj";131;15964;81;16045;NA;44292;212;2021-04-07;40614
2021-04-06;"Trnavský kraj";92;20579;90;20669;NA;44292;182;2021-04-06;40402
2021-04-05;"Trnavský kraj";91;7517;17;7534;NA;44292;108;2021-04-05;40220
2021-04-04;"Trnavský kraj";9;28831;49;28880;NA;44292;58;2021-04-04;40112
2021-04-03;"Trnavský kraj";29;144077;186;144263;NA;44292;215;2021-04-03;40054
2021-04-02;"Trnavský kraj";91;17538;33;17571;NA;44292;124;2021-04-02;39839
2021-04-01;"Trnavský kraj";118;22027;69;22096;NA;44292;187;2021-04-01;39715
2021-03-31;"Trnavský kraj";140;15819;82;15901;NA;44292;222;2021-03-31;39528
2021-03-30;"Trnavský kraj";182;10482;79;10561;NA;44292;261;2021-03-30;39306
2021-03-29;"Trnavský kraj";126;19249;122;19371;NA;44292;248;2021-03-29;39045
2021-03-28;"Trnavský kraj";26;50792;134;50926;NA;44292;160;2021-03-28;38797
2021-03-27;"Trnavský kraj";64;129602;245;129847;NA;44292;309;2021-03-27;38637
2021-03-26;"Trnavský kraj";139;30217;130;30347;NA;44292;269;2021-03-26;38328
2021-03-25;"Trnavský kraj";135;14212;80;14292;NA;44292;215;2021-03-25;38059
2021-03-24;"Trnavský kraj";159;10521;89;10610;NA;44292;248;2021-03-24;37844
2021-03-23;"Trnavský kraj";221;12735;104;12839;NA;44292;325;2021-03-23;37596
2021-03-22;"Trnavský kraj";103;17068;110;17178;NA;44292;213;2021-03-22;37271
2021-03-21;"Trnavský kraj";31;49119;150;49269;NA;44292;181;2021-03-21;37058
2021-03-20;"Trnavský kraj";112;136963;317;137280;NA;44292;429;2021-03-20;36877
2021-03-19;"Trnavský kraj";174;29071;137;29208;NA;44292;311;2021-03-19;36448
2021-03-18;"Trnavský kraj";158;12217;136;12353;NA;44292;294;2021-03-18;36137
2021-03-17;"Trnavský kraj";245;10434;103;10537;NA;44292;348;2021-03-17;35843
2021-03-16;"Trnavský kraj";311;12811;135;12946;NA;44292;446;2021-03-16;35495
2021-03-15;"Trnavský kraj";127;18678;146;18824;NA;44292;273;2021-03-15;35049
2021-03-14;"Trnavský kraj";14;47608;164;47772;NA;44292;178;2021-03-14;34776
2021-03-13;"Trnavský kraj";155;139224;409;139633;NA;44292;564;2021-03-13;34598
2021-03-12;"Trnavský kraj";201;28559;181;28740;NA;44292;382;2021-03-12;34034
2021-03-11;"Trnavský kraj";204;13285;140;13425;NA;44292;344;2021-03-11;33652
2021-03-10;"Trnavský kraj";242;10583;135;10718;NA;44292;377;2021-03-10;33308
2021-03-09;"Trnavský kraj";442;12820;155;12975;NA;44292;597;2021-03-09;32931
2021-03-08;"Trnavský kraj";182;21825;166;21991;NA;44292;348;2021-03-08;32334
2021-03-07;"Trnavský kraj";30;45463;227;45690;NA;44292;257;2021-03-07;31986
2021-03-06;"Trnavský kraj";154;135635;531;136166;NA;44292;685;2021-03-06;31729
2021-03-05;"Trnavský kraj";299;27951;239;28190;NA;44292;538;2021-03-05;31044
2021-03-04;"Trnavský kraj";238;14489;175;14664;NA;44292;413;2021-03-04;30506
2021-03-03;"Trnavský kraj";413;11566;246;11812;NA;44292;659;2021-03-03;30093
2021-03-02;"Trnavský kraj";477;12347;191;12538;NA;44292;668;2021-03-02;29434
2021-03-01;"Trnavský kraj";189;18581;234;18815;NA;44292;423;2021-03-01;28766
2021-02-28;"Trnavský kraj";87;47709;321;48030;NA;44292;408;2021-02-28;28343
2021-02-27;"Trnavský kraj";264;140224;800;141024;NA;44292;1064;2021-02-27;27935
2021-02-26;"Trnavský kraj";362;26815;286;27101;NA;44292;648;2021-02-26;26871
2021-02-25;"Trnavský kraj";433;10490;227;10717;NA;44292;660;2021-02-25;26223
2021-02-24;"Trnavský kraj";407;9110;290;9400;NA;44292;697;2021-02-24;25563
2021-02-23;"Trnavský kraj";469;11322;284;11606;NA;44292;753;2021-02-23;24866
2021-02-22;"Trnavský kraj";206;19896;330;20226;NA;44292;536;2021-02-22;24113
2021-02-21;"Trnavský kraj";38;48221;329;48550;NA;44292;367;2021-02-21;23577
2021-02-20;"Trnavský kraj";273;135835;859;136694;NA;44292;1132;2021-02-20;23210
2021-02-19;"Trnavský kraj";335;26339;347;26686;NA;44292;682;2021-02-19;22078
2021-02-18;"Trnavský kraj";344;11263;348;11611;NA;44292;692;2021-02-18;21396
2021-02-17;"Trnavský kraj";431;8781;416;9197;NA;44292;847;2021-02-17;20704
2021-02-16;"Trnavský kraj";426;11411;295;11706;NA;44292;721;2021-02-16;19857
2021-02-15;"Trnavský kraj";146;18075;291;18366;NA;44292;437;2021-02-15;19136
2021-02-14;"Trnavský kraj";51;57642;495;58137;NA;44292;546;2021-02-14;18699
2021-02-13;"Trnavský kraj";218;137051;994;138045;NA;44292;1212;2021-02-13;18153
2021-02-12;"Trnavský kraj";300;23682;336;24018;NA;44292;636;2021-02-12;16941
2021-02-11;"Trnavský kraj";422;9816;349;10165;NA;44292;771;2021-02-11;16305
2021-02-10;"Trnavský kraj";511;9334;344;9678;NA;44292;855;2021-02-10;15534
2021-02-09;"Trnavský kraj";544;12752;369;13121;NA;44292;913;2021-02-09;14679
2021-02-08;"Trnavský kraj";220;33539;498;34037;NA;44292;718;2021-02-08;13766
2021-02-07;"Trnavský kraj";140;68646;623;69269;NA;44292;763;2021-02-07;13048
2021-02-06;"Trnavský kraj";348;112687;1482;114169;NA;44292;1830;2021-02-06;12285
2021-02-05;"Trnavský kraj";377;16063;373;16436;NA;44292;750;2021-02-05;10455
2021-02-04;"Trnavský kraj";456;7317;456;7773;NA;44292;912;2021-02-04;9705
2021-02-03;"Trnavský kraj";472;6584;434;7018;NA;44292;906;2021-02-03;8793
2021-02-02;"Trnavský kraj";446;14240;424;14664;NA;44292;870;2021-02-02;7887
2021-02-01;"Trnavský kraj";198;38882;679;39561;NA;44292;877;2021-02-01;7017
2021-01-31;"Trnavský kraj";19;64673;817;65490;NA;44292;836;2021-01-31;6140
2021-01-30;"Trnavský kraj";323;111483;1288;112771;NA;44292;1611;2021-01-30;5304
2021-01-29;"Trnavský kraj";421;9690;290;9980;NA;44292;711;2021-01-29;3693
2021-01-28;"Trnavský kraj";389;5815;286;6101;NA;44292;675;2021-01-28;2982
2021-01-27;"Trnavský kraj";433;5300;219;5519;NA;44292;652;2021-01-27;2307
2021-01-26;"Trnavský kraj";565;25392;636;26028;NA;44292;1201;2021-01-26;1655
2021-01-25;"Trnavský kraj";210;41420;607;42027;NA;44292;817;2021-01-25;454
2021-01-24;"Trnavský kraj";91;66399;779;67178;NA;44292;870;2021-01-24;-363
2021-01-23;"Trnavský kraj";372;117640;1349;118989;NA;44292;1721;2021-01-23;-1233
2021-01-22;"Trnavský kraj";217;33122;507;33629;NA;44292;724;2021-01-22;-2954
2021-01-21;"Trnavský kraj";311;13922;378;14300;NA;44292;689;2021-01-21;-3678
2021-01-20;"Trnavský kraj";503;8118;274;8392;NA;44292;777;2021-01-20;-4367
2021-01-19;"Trnavský kraj";415;7013;347;7360;NA;44292;762;2021-01-19;-5144
2021-01-18;"Trnavský kraj";247;6234;484;6718;NA;44292;731;2021-01-18;-5906
2021-01-17;"Trnavský kraj";128;854;215;1069;NA;44292;343;2021-01-17;-6637
2021-01-16;"Trnavský kraj";103;898;24;922;NA;44292;127;2021-01-16;-6980
2021-01-15;"Trnavský kraj";278;5457;335;5792;NA;44292;613;2021-01-15;-7107
2021-01-14;"Trnavský kraj";452;4001;338;4339;NA;44292;790;2021-01-14;-7720
2021-01-13;"Trnavský kraj";457;4751;378;5129;NA;44292;835;2021-01-13;-8510
2021-01-12;"Trnavský kraj";469;7175;483;7658;NA;44292;952;2021-01-12;-9345
2021-01-11;"Trnavský kraj";370;5012;392;5404;NA;44292;762;2021-01-11;-10297
2021-01-10;"Trnavský kraj";71;13;0;13;NA;44292;71;2021-01-10;-11059
2021-01-09;"Trnavský kraj";417;1775;100;1875;NA;44292;517;2021-01-09;-11130
2021-01-08;"Trnavský kraj";381;6554;532;7086;NA;44292;913;2021-01-08;-11647
2021-01-07;"Trnavský kraj";501;4080;390;4470;NA;44292;891;2021-01-07;-12560
2021-01-06;"Trnavský kraj";179;758;132;890;NA;44292;311;2021-01-06;-13451
2021-01-05;"Trnavský kraj";611;5925;636;6561;NA;44292;1247;2021-01-05;-13762
2021-01-04;"Trnavský kraj";302;5239;689;5928;NA;44292;991;2021-01-04;-15009
2021-01-03;"Trnavský kraj";60;53;7;60;NA;44292;67;2021-01-03;-16000
2021-01-02;"Trnavský kraj";282;417;32;449;NA;44292;314;2021-01-02;-16067
2021-01-01;"Trnavský kraj";143;455;76;531;NA;44292;219;2021-01-01;-16381
2020-12-31;"Trnavský kraj";498;8488;858;9346;NA;44292;1356;2020-12-31;-16600
2020-12-30;"Trnavský kraj";785;5318;612;5930;NA;44292;1397;2020-12-30;-17956
2020-12-29;"Trnavský kraj";322;5364;639;6003;NA;44292;961;2020-12-29;-19353
2020-12-28;"Trnavský kraj";213;5334;615;5949;NA;44292;828;2020-12-28;-20314
2020-12-27;"Trnavský kraj";27;20;4;24;NA;44292;31;2020-12-27;-21142
2020-12-26;"Trnavský kraj";148;44;1;45;NA;44292;149;2020-12-26;-21173
2020-12-25;"Trnavský kraj";65;49;5;54;NA;44292;70;2020-12-25;-21322
2020-12-24;"Trnavský kraj";333;1359;117;1476;NA;44292;450;2020-12-24;-21392
2020-12-23;"Trnavský kraj";210;7259;414;7673;NA;44292;624;2020-12-23;-21842
2020-12-22;"Trnavský kraj";311;5590;491;6081;NA;44292;802;2020-12-22;-22466
2020-12-21;"Trnavský kraj";328;4527;399;4926;NA;44292;727;2020-12-21;-23268
2020-12-20;"Trnavský kraj";134;133;12;145;NA;44292;146;2020-12-20;-23995
2020-12-19;"Trnavský kraj";201;1407;103;1510;NA;44292;304;2020-12-19;-24141
2020-12-18;"Trnavský kraj";341;4898;378;5276;NA;44292;719;2020-12-18;-24445
2020-12-17;"Trnavský kraj";375;5271;443;5714;NA;44292;818;2020-12-17;-25164
2020-12-16;"Trnavský kraj";312;5249;405;5654;NA;44292;717;2020-12-16;-25982
2020-12-15;"Trnavský kraj";492;6623;632;7255;NA;44292;1124;2020-12-15;-26699
2020-12-14;"Trnavský kraj";161;3505;292;3797;NA;44292;453;2020-12-14;-27823
2020-12-13;"Trnavský kraj";7;7;0;7;NA;44292;7;2020-12-13;-28276
2020-12-12;"Trnavský kraj";254;1456;114;1570;NA;44292;368;2020-12-12;-28283
2020-12-11;"Trnavský kraj";384;4683;262;4945;NA;44292;646;2020-12-11;-28651
2020-12-10;"Trnavský kraj";183;5194;320;5514;NA;44292;503;2020-12-10;-29297
2020-12-09;"Trnavský kraj";521;4283;321;4604;NA;44292;842;2020-12-09;-29800
2020-12-08;"Trnavský kraj";281;4090;304;4394;NA;44292;585;2020-12-08;-30642
2020-12-07;"Trnavský kraj";178;2895;199;3094;NA;44292;377;2020-12-07;-31227
2020-12-06;"Trnavský kraj";46;0;0;0;NA;44292;46;2020-12-06;-31604
2020-12-05;"Trnavský kraj";129;2218;41;2259;NA;44292;170;2020-12-05;-31650
2020-12-04;"Trnavský kraj";242;3948;158;4106;NA;44292;400;2020-12-04;-31820
2020-12-03;"Trnavský kraj";248;2770;190;2960;NA;44292;438;2020-12-03;-32220
2020-12-02;"Trnavský kraj";284;4516;176;4692;NA;44292;460;2020-12-02;-32658
2020-12-01;"Trnavský kraj";253;3190;205;3395;NA;44292;458;2020-12-01;-33118
2020-11-30;"Trnavský kraj";200;7360;186;7546;NA;44292;386;2020-11-30;-33576
2020-11-29;"Trnavský kraj";17;738;36;774;NA;44292;53;2020-11-29;-33962
2020-11-28;"Trnavský kraj";83;1453;77;1530;NA;44292;160;2020-11-28;-34015
2020-11-27;"Trnavský kraj";148;1779;85;1864;NA;44292;233;2020-11-27;-34175
2020-11-26;"Trnavský kraj";234;1123;68;1191;NA;44292;302;2020-11-26;-34408
2020-11-25;"Trnavský kraj";232;1168;74;1242;NA;44292;306;2020-11-25;-34710
2020-11-24;"Trnavský kraj";295;1909;96;2005;NA;44292;391;2020-11-24;-35016
2020-11-23;"Trnavský kraj";242;7393;129;7522;NA;44292;371;2020-11-23;-35407
2020-11-22;"Trnavský kraj";10;82;9;91;NA;44292;19;2020-11-22;-35778
2020-11-21;"Trnavský kraj";129;1354;36;1390;NA;44292;165;2020-11-21;-35797
2020-11-20;"Trnavský kraj";246;1154;64;1218;NA;44292;310;2020-11-20;-35962
2020-11-19;"Trnavský kraj";157;823;64;887;NA;44292;221;2020-11-19;-36272
2020-11-18;"Trnavský kraj";235;822;82;904;NA;44292;317;2020-11-18;-36493
2020-11-17;"Trnavský kraj";129;705;74;779;NA;44292;203;2020-11-17;-36810
2020-11-16;"Trnavský kraj";187;732;32;764;NA;44292;219;2020-11-16;-37013
2020-11-15;"Trnavský kraj";23;73;4;77;NA;44292;27;2020-11-15;-37232
2020-11-14;"Trnavský kraj";86;397;12;409;NA;44292;98;2020-11-14;-37259
2020-11-13;"Trnavský kraj";219;1312;21;1333;NA;44292;240;2020-11-13;-37357
2020-11-12;"Trnavský kraj";162;420;18;438;NA;44292;180;2020-11-12;-37597
2020-11-11;"Trnavský kraj";257;392;15;407;NA;44292;272;2020-11-11;-37777
2020-11-10;"Trnavský kraj";189;889;30;919;NA;44292;219;2020-11-10;-38049
2020-11-09;"Trnavský kraj";196;369;23;392;NA;44292;219;2020-11-09;-38268
2020-11-08;"Trnavský kraj";55;400;4;404;NA;44292;59;2020-11-08;-38487
2020-11-07;"Trnavský kraj";207;6070;74;6144;NA;44292;281;2020-11-07;-38546
2020-11-06;"Trnavský kraj";260;1531;19;1550;NA;44292;279;2020-11-06;-38827
2020-11-05;"Trnavský kraj";150;220;27;247;NA;44292;177;2020-11-05;-39106
2020-11-04;"Trnavský kraj";188;212;10;222;NA;44292;198;2020-11-04;-39283
2020-11-03;"Trnavský kraj";317;127;8;135;NA;44292;325;2020-11-03;-39481
2020-11-02;"Trnavský kraj";281;1728;31;1759;NA;44292;312;2020-11-02;-39806
2020-11-01;"Trnavský kraj";87;494;27;521;NA;44292;114;2020-11-01;-40118
2020-10-31;"Trnavský kraj";259;5024;41;5065;NA;44292;300;2020-10-31;-40232
2020-10-30;"Trnavský kraj";198;3784;27;3811;NA;44292;225;2020-10-30;-40532
2020-10-29;"Trnavský kraj";273;1461;16;1477;NA;44292;289;2020-10-29;-40757
2020-10-28;"Trnavský kraj";319;117;16;133;NA;44292;335;2020-10-28;-41046
2020-10-27;"Trnavský kraj";199;461;36;497;NA;44292;235;2020-10-27;-41381
2020-10-26;"Trnavský kraj";153;29;2;31;NA;44292;155;2020-10-26;-41616
2020-10-25;"Trnavský kraj";95;19;1;20;NA;44292;96;2020-10-25;-41771
2020-10-24;"Trnavský kraj";158;109;2;111;NA;44292;160;2020-10-24;-41867
2020-10-23;"Trnavský kraj";201;89;4;93;NA;44292;205;2020-10-23;-42027
2020-10-22;"Trnavský kraj";195;55;2;57;NA;44292;197;2020-10-22;-42232
2020-10-21;"Trnavský kraj";134;73;3;76;NA;44292;137;2020-10-21;-42429
2020-10-20;"Trnavský kraj";202;82;3;85;NA;44292;205;2020-10-20;-42566
2020-10-19;"Trnavský kraj";67;55;0;55;NA;44292;67;2020-10-19;-42771
2020-10-18;"Trnavský kraj";84;0;0;0;NA;44292;84;2020-10-18;-42838
2020-10-17;"Trnavský kraj";123;0;0;0;NA;44292;123;2020-10-17;-42922
2020-10-16;"Trnavský kraj";86;45;2;47;NA;44292;88;2020-10-16;-43045
2020-10-15;"Trnavský kraj";155;66;2;68;NA;44292;157;2020-10-15;-43133
2020-10-14;"Trnavský kraj";236;468;3;471;NA;44292;239;2020-10-14;-43290
2020-10-13;"Trnavský kraj";138;16;2;18;NA;44292;140;2020-10-13;-43529
2020-10-12;"Trnavský kraj";33;41;1;42;NA;44292;34;2020-10-12;-43669
2020-10-11;"Trnavský kraj";31;0;0;0;NA;44292;31;2020-10-11;-43703
2020-10-10;"Trnavský kraj";128;0;0;0;NA;44292;128;2020-10-10;-43734
2020-10-09;"Trnavský kraj";156;0;0;0;NA;44292;156;2020-10-09;-43862
2020-10-08;"Trnavský kraj";153;0;0;0;NA;44292;153;2020-10-08;-44018
2020-10-07;"Trnavský kraj";80;0;0;0;NA;44292;80;2020-10-07;-44171
2020-10-06;"Trnavský kraj";112;0;0;0;NA;44292;112;2020-10-06;-44251
2020-10-05;"Trnavský kraj";33;0;0;0;NA;44292;33;2020-10-05;-44363
2020-10-04;"Trnavský kraj";44;0;0;0;NA;44292;44;2020-10-04;-44396
2020-10-03;"Trnavský kraj";60;0;0;0;NA;44292;60;2020-10-03;-44440
2020-10-02;"Trnavský kraj";41;0;0;0;NA;44292;41;2020-10-02;-44500
2020-10-01;"Trnavský kraj";53;0;0;0;NA;44292;53;2020-10-01;-44541
2020-09-30;"Trnavský kraj";91;0;0;0;NA;44292;91;2020-09-30;-44594
2020-09-29;"Trnavský kraj";40;0;0;0;NA;44292;40;2020-09-29;-44685
2020-09-28;"Trnavský kraj";69;0;0;0;NA;44292;69;2020-09-28;-44725
2020-09-27;"Trnavský kraj";30;0;0;0;NA;44292;30;2020-09-27;-44794
2020-09-26;"Trnavský kraj";46;0;0;0;NA;44292;46;2020-09-26;-44824
2020-09-25;"Trnavský kraj";32;0;0;0;NA;44292;32;2020-09-25;-44870
2020-09-24;"Trnavský kraj";42;0;0;0;NA;44292;42;2020-09-24;-44902
2020-09-23;"Trnavský kraj";43;0;0;0;NA;44292;43;2020-09-23;-44944
2020-09-22;"Trnavský kraj";55;0;0;0;NA;44292;55;2020-09-22;-44987
2020-09-21;"Trnavský kraj";41;0;0;0;NA;44292;41;2020-09-21;-45042
2020-09-20;"Trnavský kraj";17;0;0;0;NA;44292;17;2020-09-20;-45083
2020-09-19;"Trnavský kraj";4;0;0;0;NA;44292;4;2020-09-19;-45100
2020-09-18;"Trnavský kraj";33;0;0;0;NA;44292;33;2020-09-18;-45104
2020-09-17;"Trnavský kraj";42;0;0;0;NA;44292;42;2020-09-17;-45137
2020-09-16;"Trnavský kraj";49;0;0;0;NA;44292;49;2020-09-16;-45179
2020-09-15;"Trnavský kraj";5;0;0;0;NA;44292;5;2020-09-15;-45228
2020-09-14;"Trnavský kraj";26;0;0;0;NA;44292;26;2020-09-14;-45233
2020-09-13;"Trnavský kraj";9;0;0;0;NA;44292;9;2020-09-13;-45259
2020-09-12;"Trnavský kraj";12;0;0;0;NA;44292;12;2020-09-12;-45268
2020-09-11;"Trnavský kraj";16;0;0;0;NA;44292;16;2020-09-11;-45280
2020-09-10;"Trnavský kraj";32;0;0;0;NA;44292;32;2020-09-10;-45296
2020-09-09;"Trnavský kraj";14;0;0;0;NA;44292;14;2020-09-09;-45328
2020-09-08;"Trnavský kraj";11;0;0;0;NA;44292;11;2020-09-08;-45342
2020-09-07;"Trnavský kraj";7;0;0;0;NA;44292;7;2020-09-07;-45353
2020-09-06;"Trnavský kraj";5;0;0;0;NA;44292;5;2020-09-06;-45360
2020-09-05;"Trnavský kraj";7;0;0;0;NA;44292;7;2020-09-05;-45365
2020-09-04;"Trnavský kraj";16;0;0;0;NA;44292;16;2020-09-04;-45372
2020-09-03;"Trnavský kraj";8;0;0;0;NA;44292;8;2020-09-03;-45388
2020-09-02;"Trnavský kraj";7;0;0;0;NA;44292;7;2020-09-02;-45396
2020-09-01;"Trnavský kraj";1;0;0;0;NA;44292;1;2020-09-01;-45403
2020-08-31;"Trnavský kraj";6;0;0;0;NA;44292;6;2020-08-31;-45404
2020-08-30;"Trnavský kraj";1;0;0;0;NA;44292;1;2020-08-30;-45410
2020-08-29;"Trnavský kraj";3;0;0;0;NA;44292;3;2020-08-29;-45411
2020-08-28;"Trnavský kraj";14;0;0;0;NA;44292;14;2020-08-28;-45414
2020-08-27;"Trnavský kraj";6;0;0;0;NA;44292;6;2020-08-27;-45428
2020-08-26;"Trnavský kraj";4;0;0;0;NA;44292;4;2020-08-26;-45434
2020-08-25;"Trnavský kraj";7;0;0;0;NA;44292;7;2020-08-25;-45438
2020-08-24;"Trnavský kraj";1;0;0;0;NA;44292;1;2020-08-24;-45445
2020-08-23;"Trnavský kraj";6;0;0;0;NA;44292;6;2020-08-23;-45446
2020-08-22;"Trnavský kraj";3;0;0;0;NA;44292;3;2020-08-22;-45452
2020-08-21;"Trnavský kraj";4;0;0;0;NA;44292;4;2020-08-21;-45455
2020-08-20;"Trnavský kraj";23;0;0;0;NA;44292;23;2020-08-20;-45459
2020-08-19;"Trnavský kraj";13;0;0;0;NA;44292;13;2020-08-19;-45482
2020-08-18;"Trnavský kraj";20;0;0;0;NA;44292;20;2020-08-18;-45495
2020-08-17;"Trnavský kraj";3;0;0;0;NA;44292;3;2020-08-17;-45515
2020-08-16;"Trnavský kraj";0;0;0;0;NA;44292;0;2020-08-16;-45518
2020-08-15;"Trnavský kraj";7;0;0;0;NA;44292;7;2020-08-15;-45518
2020-08-14;"Trnavský kraj";6;0;0;0;NA;44292;6;2020-08-14;-45525
2020-08-13;"Trnavský kraj";10;0;0;0;NA;44292;10;2020-08-13;-45531
2020-08-12;"Trnavský kraj";2;0;0;0;NA;44292;2;2020-08-12;-45541
2020-08-11;"Trnavský kraj";30;0;0;0;NA;44292;30;2020-08-11;-45543
2020-08-10;"Trnavský kraj";0;0;0;0;NA;44292;0;2020-08-10;-45573
2020-08-09;"Trnavský kraj";0;0;0;0;NA;44292;0;2020-08-09;-45573
2020-08-08;"Trnavský kraj";13;0;0;0;NA;44292;13;2020-08-08;-45573
2020-08-07;"Trnavský kraj";4;0;0;0;NA;44292;4;2020-08-07;-45586
2020-08-06;"Trnavský kraj";4;0;0;0;NA;44292;4;2020-08-06;-45590
2020-08-05;"Trnavský kraj";0;0;0;0;NA;44292;0;2020-08-05;-45594
2020-08-04;"Trnavský kraj";1;0;0;0;NA;44292;1;2020-08-04;-45594
2020-08-03;"Trnavský kraj";2;0;0;0;NA;44292;2;2020-08-03;-45595
2020-08-02;"Trnavský kraj";1;0;0;0;NA;44292;1;2020-08-02;-45597
2020-08-01;"Trnavský kraj";0;0;0;0;NA;44292;0;2020-08-01;-45598
2020-07-31;"Trnavský kraj";7;0;0;0;NA;44292;7;2020-07-31;-45598
2020-07-30;"Trnavský kraj";6;0;0;0;NA;44292;6;2020-07-30;-45605
2020-07-29;"Trnavský kraj";0;0;0;0;NA;44292;0;2020-07-29;-45611
2020-07-28;"Trnavský kraj";1;0;0;0;NA;44292;1;2020-07-28;-45611
2020-07-27;"Trnavský kraj";2;0;0;0;NA;44292;2;2020-07-27;-45612
2020-07-26;"Trnavský kraj";0;0;0;0;NA;44292;0;2020-07-26;-45614
2020-07-25;"Trnavský kraj";0;0;0;0;NA;44292;0;2020-07-25;-45614
2020-07-24;"Trnavský kraj";1;0;0;0;NA;44292;1;2020-07-24;-45614
2020-07-23;"Trnavský kraj";2;0;0;0;NA;44292;2;2020-07-23;-45615
2020-07-22;"Trnavský kraj";1;0;0;0;NA;44292;1;2020-07-22;-45617
2020-07-21;"Trnavský kraj";2;0;0;0;NA;44292;2;2020-07-21;-45618
2020-07-20;"Trnavský kraj";0;0;0;0;NA;44292;0;2020-07-20;-45620
2020-07-19;"Trnavský kraj";0;0;0;0;NA;44292;0;2020-07-19;-45620
2020-07-18;"Trnavský kraj";0;0;0;0;NA;44292;0;2020-07-18;-45620
2020-07-17;"Trnavský kraj";0;0;0;0;NA;44292;0;2020-07-17;-45620
2020-07-16;"Trnavský kraj";0;0;0;0;NA;44292;0;2020-07-16;-45620
2020-07-15;"Trnavský kraj";1;0;0;0;NA;44292;1;2020-07-15;-45620
2020-07-14;"Trnavský kraj";0;0;0;0;NA;44292;0;2020-07-14;-45621
2020-07-13;"Trnavský kraj";0;0;0;0;NA;44292;0;2020-07-13;-45621
2020-07-12;"Trnavský kraj";0;0;0;0;NA;44292;0;2020-07-12;-45621
2020-07-11;"Trnavský kraj";0;0;0;0;NA;44292;0;2020-07-11;-45621
2020-07-10;"Trnavský kraj";0;0;0;0;NA;44292;0;2020-07-10;-45621
2020-07-09;"Trnavský kraj";0;0;0;0;NA;44292;0;2020-07-09;-45621
2020-07-08;"Trnavský kraj";3;0;0;0;NA;44292;3;2020-07-08;-45621
2020-07-07;"Trnavský kraj";4;0;0;0;NA;44292;4;2020-07-07;-45624
2020-07-06;"Trnavský kraj";0;0;0;0;NA;44292;0;2020-07-06;-45628
2020-07-05;"Trnavský kraj";0;0;0;0;NA;44292;0;2020-07-05;-45628
2020-07-04;"Trnavský kraj";0;0;0;0;NA;44292;0;2020-07-04;-45628
2020-07-03;"Trnavský kraj";0;0;0;0;NA;44292;0;2020-07-03;-45628
2020-07-02;"Trnavský kraj";3;0;0;0;NA;44292;3;2020-07-02;-45628
2020-07-01;"Trnavský kraj";0;0;0;0;NA;44292;0;2020-07-01;-45631
2020-06-30;"Trnavský kraj";0;0;0;0;NA;44292;0;2020-06-30;-45631
2020-06-29;"Trnavský kraj";0;0;0;0;NA;44292;0;2020-06-29;-45631
2020-06-28;"Trnavský kraj";0;0;0;0;NA;44292;0;2020-06-28;-45631
2020-06-27;"Trnavský kraj";0;0;0;0;NA;44292;0;2020-06-27;-45631
2020-06-26;"Trnavský kraj";0;0;0;0;NA;44292;0;2020-06-26;-45631
2020-06-25;"Trnavský kraj";0;0;0;0;NA;44292;0;2020-06-25;-45631
2020-06-24;"Trnavský kraj";0;0;0;0;NA;44292;0;2020-06-24;-45631
2020-06-23;"Trnavský kraj";0;0;0;0;NA;44292;0;2020-06-23;-45631
2020-06-22;"Trnavský kraj";0;0;0;0;NA;44292;0;2020-06-22;-45631
2020-06-21;"Trnavský kraj";0;0;0;0;NA;44292;0;2020-06-21;-45631
2020-06-20;"Trnavský kraj";0;0;0;0;NA;44292;0;2020-06-20;-45631
2020-06-19;"Trnavský kraj";0;0;0;0;NA;44292;0;2020-06-19;-45631
2020-06-18;"Trnavský kraj";2;0;0;0;NA;44292;2;2020-06-18;-45631
2020-06-17;"Trnavský kraj";0;0;0;0;NA;44292;0;2020-06-17;-45633
2020-06-16;"Trnavský kraj";0;0;0;0;NA;44292;0;2020-06-16;-45633
2020-06-14;"Trnavský kraj";0;0;0;0;NA;44292;0;2020-06-14;-45633
2020-06-13;"Trnavský kraj";0;0;0;0;NA;44292;0;2020-06-13;-45633
2020-06-12;"Trnavský kraj";0;0;0;0;NA;44292;0;2020-06-12;-45633
2020-06-11;"Trnavský kraj";0;0;0;0;NA;44292;0;2020-06-11;-45633
2020-06-10;"Trnavský kraj";0;0;0;0;NA;44292;0;2020-06-10;-45633
2020-06-09;"Trnavský kraj";0;0;0;0;NA;44292;0;2020-06-09;-45633
2020-06-08;"Trnavský kraj";0;0;0;0;NA;44292;0;2020-06-08;-45633
2020-06-07;"Trnavský kraj";0;0;0;0;NA;44292;0;2020-06-07;-45633
2020-06-05;"Trnavský kraj";0;0;0;0;NA;44292;0;2020-06-05;-45633
2020-06-03;"Trnavský kraj";0;0;0;0;NA;44292;0;2020-06-03;-45633
2020-06-02;"Trnavský kraj";0;0;0;0;NA;44292;0;2020-06-02;-45633
2020-05-31;"Trnavský kraj";0;0;0;0;NA;44292;0;2020-05-31;-45633
2020-05-29;"Trnavský kraj";0;0;0;0;NA;44292;0;2020-05-29;-45633
2020-05-27;"Trnavský kraj";0;0;0;0;NA;44292;0;2020-05-27;-45633
2020-05-26;"Trnavský kraj";0;0;0;0;NA;44292;0;2020-05-26;-45633
2020-05-25;"Trnavský kraj";1;0;0;0;NA;44292;1;2020-05-25;-45633
2020-05-24;"Trnavský kraj";0;0;0;0;NA;44292;0;2020-05-24;-45634
2020-05-23;"Trnavský kraj";2;0;0;0;NA;44292;2;2020-05-23;-45634
2020-05-22;"Trnavský kraj";0;0;0;0;NA;44292;0;2020-05-22;-45636
2020-05-21;"Trnavský kraj";0;0;0;0;NA;44292;0;2020-05-21;-45636
2020-05-20;"Trnavský kraj";2;0;0;0;NA;44292;2;2020-05-20;-45636
2020-05-19;"Trnavský kraj";0;0;0;0;NA;44292;0;2020-05-19;-45638
2020-05-17;"Trnavský kraj";0;0;0;0;NA;44292;0;2020-05-17;-45638
2020-05-16;"Trnavský kraj";0;0;0;0;NA;44292;0;2020-05-16;-45638
2020-05-15;"Trnavský kraj";1;0;0;0;NA;44292;1;2020-05-15;-45638
2020-05-14;"Trnavský kraj";0;0;0;0;NA;44292;0;2020-05-14;-45639
2020-05-13;"Trnavský kraj";0;0;0;0;NA;44292;0;2020-05-13;-45639
2020-05-12;"Trnavský kraj";0;0;0;0;NA;44292;0;2020-05-12;-45639
2020-05-11;"Trnavský kraj";2;0;0;0;NA;44292;2;2020-05-11;-45639
2020-05-09;"Trnavský kraj";0;0;0;0;NA;44292;0;2020-05-09;-45641
2020-05-07;"Trnavský kraj";0;0;0;0;NA;44292;0;2020-05-07;-45641
2020-05-06;"Trnavský kraj";0;0;0;0;NA;44292;0;2020-05-06;-45641
2020-05-05;"Trnavský kraj";0;0;0;0;NA;44292;0;2020-05-05;-45641
2020-05-04;"Trnavský kraj";0;0;0;0;NA;44292;0;2020-05-04;-45641
2020-05-03;"Trnavský kraj";0;0;0;0;NA;44292;0;2020-05-03;-45641
2020-05-02;"Trnavský kraj";0;0;0;0;NA;44292;0;2020-05-02;-45641
2020-05-01;"Trnavský kraj";0;0;0;0;NA;44292;0;2020-05-01;-45641
2020-04-30;"Trnavský kraj";0;0;0;0;NA;44292;0;2020-04-30;-45641
2020-04-29;"Trnavský kraj";0;0;0;0;NA;44292;0;2020-04-29;-45641
2020-04-28;"Trnavský kraj";1;0;0;0;NA;44292;1;2020-04-28;-45641
2020-04-27;"Trnavský kraj";0;0;0;0;NA;44292;0;2020-04-27;-45642
2020-04-26;"Trnavský kraj";0;0;0;0;NA;44292;0;2020-04-26;-45642
2020-04-25;"Trnavský kraj";2;0;0;0;NA;44292;2;2020-04-25;-45642
2020-04-24;"Trnavský kraj";4;0;0;0;NA;44292;4;2020-04-24;-45644
2020-04-23;"Trnavský kraj";5;0;0;0;NA;44292;5;2020-04-23;-45648
2020-04-22;"Trnavský kraj";10;0;0;0;NA;44292;10;2020-04-22;-45653
2020-04-21;"Trnavský kraj";5;0;0;0;NA;44292;5;2020-04-21;-45663
2020-04-20;"Trnavský kraj";0;0;0;0;NA;44292;0;2020-04-20;-45668
2020-04-19;"Trnavský kraj";1;0;0;0;NA;44292;1;2020-04-19;-45668
2020-04-18;"Trnavský kraj";4;0;0;0;NA;44292;4;2020-04-18;-45669
2020-04-17;"Trnavský kraj";7;0;0;0;NA;44292;7;2020-04-17;-45673
2020-04-16;"Trnavský kraj";5;0;0;0;NA;44292;5;2020-04-16;-45680
2020-04-15;"Trnavský kraj";5;0;0;0;NA;44292;5;2020-04-15;-45685
2020-04-14;"Trnavský kraj";1;0;0;0;NA;44292;1;2020-04-14;-45690
2020-04-13;"Trnavský kraj";0;0;0;0;NA;44292;0;2020-04-13;-45691
2020-04-12;"Trnavský kraj";0;0;0;0;NA;44292;0;2020-04-12;-45691
2020-04-11;"Trnavský kraj";0;0;0;0;NA;44292;0;2020-04-11;-45691
2020-04-10;"Trnavský kraj";2;0;0;0;NA;44292;2;2020-04-10;-45691
2020-04-09;"Trnavský kraj";3;0;0;0;NA;44292;3;2020-04-09;-45693
2020-04-08;"Trnavský kraj";4;0;0;0;NA;44292;4;2020-04-08;-45696
2020-04-07;"Trnavský kraj";6;0;0;0;NA;44292;6;2020-04-07;-45700
2020-04-06;"Trnavský kraj";6;0;0;0;NA;44292;6;2020-04-06;-45706
2020-04-05;"Trnavský kraj";1;0;0;0;NA;44292;1;2020-04-05;-45712
2020-04-04;"Trnavský kraj";1;0;0;0;NA;44292;1;2020-04-04;-45713
2020-04-03;"Trnavský kraj";3;0;0;0;NA;44292;3;2020-04-03;-45714
2020-04-02;"Trnavský kraj";4;0;0;0;NA;44292;4;2020-04-02;-45717
2020-04-01;"Trnavský kraj";0;0;0;0;NA;44292;0;2020-04-01;-45721
2020-03-31;"Trnavský kraj";3;0;0;0;NA;44292;3;2020-03-31;-45721
2020-03-30;"Trnavský kraj";4;0;0;0;NA;44292;4;2020-03-30;-45724
2020-03-29;"Trnavský kraj";1;0;0;0;NA;44292;1;2020-03-29;-45728
2020-03-28;"Trnavský kraj";3;0;0;0;NA;44292;3;2020-03-28;-45729
2020-03-27;"Trnavský kraj";5;0;0;0;NA;44292;5;2020-03-27;-45732
2020-03-26;"Trnavský kraj";5;0;0;0;NA;44292;5;2020-03-26;-45737
2020-03-25;"Trnavský kraj";1;0;0;0;NA;44292;1;2020-03-25;-45742
2020-03-24;"Trnavský kraj";0;0;0;0;NA;44292;0;2020-03-24;-45743
2020-03-23;"Trnavský kraj";2;0;0;0;NA;44292;2;2020-03-23;-45743
2020-03-22;"Trnavský kraj";1;0;0;0;NA;44292;1;2020-03-22;-45745
2020-03-21;"Trnavský kraj";5;0;0;0;NA;44292;5;2020-03-21;-45746
2020-03-20;"Trnavský kraj";0;0;0;0;NA;44292;0;2020-03-20;-45751
2020-03-19;"Trnavský kraj";0;0;0;0;NA;44292;0;2020-03-19;-45751
2020-03-18;"Trnavský kraj";0;0;0;0;NA;44292;0;2020-03-18;-45751
2020-03-17;"Trnavský kraj";3;0;0;0;NA;44292;3;2020-03-17;-45751
2020-03-16;"Trnavský kraj";1;0;0;0;NA;44292;1;2020-03-16;-45754
2020-03-15;"Trnavský kraj";0;0;0;0;NA;44292;0;2020-03-15;-45755
2020-03-14;"Trnavský kraj";0;0;0;0;NA;44292;0;2020-03-14;-45755
2020-03-13;"Trnavský kraj";1;0;0;0;NA;44292;1;2020-03-13;-45755
2020-03-12;"Trnavský kraj";1;0;0;0;NA;44292;1;2020-03-12;-45756
2020-03-11;"Trnavský kraj";0;0;0;0;NA;44292;0;2020-03-11;-45757
2020-03-09;"Trnavský kraj";0;0;0;0;NA;44292;0;2020-03-09;-45757
2020-03-08;"Trnavský kraj";0;0;0;0;NA;44292;0;2020-03-08;-45757
2020-03-07;"Trnavský kraj";0;0;0;0;NA;44292;0;2020-03-07;-45757
2020-03-06;"Trnavský kraj";0;0;0;0;NA;44292;0;2020-03-06;-45757
2021-06-20;"Žilinský kraj";1;4822;5;4827;0;50548;6;2021-06-20;50548
2021-06-19;"Žilinský kraj";9;6425;2;6427;NA;50548;11;2021-06-19;50542
2021-06-18;"Žilinský kraj";11;8450;7;8457;NA;50548;18;2021-06-18;50531
2021-06-17;"Žilinský kraj";10;5326;11;5337;NA;50548;21;2021-06-17;50513
2021-06-16;"Žilinský kraj";17;5043;10;5053;NA;50548;27;2021-06-16;50492
2021-06-15;"Žilinský kraj";13;5546;12;5558;NA;50548;25;2021-06-15;50465
2021-06-14;"Žilinský kraj";10;6711;16;6727;NA;50548;26;2021-06-14;50440
2021-06-13;"Žilinský kraj";2;6051;7;6058;NA;50548;9;2021-06-13;50414
2021-06-12;"Žilinský kraj";9;7354;8;7362;NA;50548;17;2021-06-12;50405
2021-06-11;"Žilinský kraj";11;10370;12;10382;NA;50548;23;2021-06-11;50388
2021-06-10;"Žilinský kraj";14;6093;10;6103;NA;50548;24;2021-06-10;50365
2021-06-09;"Žilinský kraj";23;5222;10;5232;NA;50548;33;2021-06-09;50341
2021-06-08;"Žilinský kraj";18;6170;15;6185;NA;50548;33;2021-06-08;50308
2021-06-07;"Žilinský kraj";25;7659;21;7680;NA;50548;46;2021-06-07;50275
2021-06-06;"Žilinský kraj";10;7359;24;7383;NA;50548;34;2021-06-06;50229
2021-06-05;"Žilinský kraj";8;8035;9;8044;NA;50548;17;2021-06-05;50195
2021-06-04;"Žilinský kraj";19;11033;26;11059;NA;50548;45;2021-06-04;50178
2021-06-03;"Žilinský kraj";12;6094;30;6124;NA;50548;42;2021-06-03;50133
2021-06-02;"Žilinský kraj";17;6900;28;6928;NA;50548;45;2021-06-02;50091
2021-06-01;"Žilinský kraj";38;7591;39;7630;NA;50548;77;2021-06-01;50046
2021-05-31;"Žilinský kraj";31;8534;55;8589;NA;50548;86;2021-05-31;49969
2021-05-30;"Žilinský kraj";21;8533;30;8563;NA;50548;51;2021-05-30;49883
2021-05-29;"Žilinský kraj";13;9956;18;9974;NA;50548;31;2021-05-29;49832
2021-05-28;"Žilinský kraj";28;12113;30;12143;NA;50548;58;2021-05-28;49801
2021-05-27;"Žilinský kraj";17;8267;39;8306;NA;50548;56;2021-05-27;49743
2021-05-26;"Žilinský kraj";20;7324;21;7345;NA;50548;41;2021-05-26;49687
2021-05-25;"Žilinský kraj";21;9027;36;9063;NA;50548;57;2021-05-25;49646
2021-05-24;"Žilinský kraj";36;11437;57;11494;NA;50548;93;2021-05-24;49589
2021-05-23;"Žilinský kraj";4;10300;52;10352;NA;50548;56;2021-05-23;49496
2021-05-22;"Žilinský kraj";21;10580;26;10606;NA;50548;47;2021-05-22;49440
2021-05-21;"Žilinský kraj";28;14377;46;14423;NA;50548;74;2021-05-21;49393
2021-05-20;"Žilinský kraj";30;8544;30;8574;NA;50548;60;2021-05-20;49319
2021-05-19;"Žilinský kraj";46;8010;40;8050;NA;50548;86;2021-05-19;49259
2021-05-18;"Žilinský kraj";52;10365;43;10408;NA;50548;95;2021-05-18;49173
2021-05-17;"Žilinský kraj";51;11859;77;11936;NA;50548;128;2021-05-17;49078
2021-05-16;"Žilinský kraj";13;13429;37;13466;NA;50548;50;2021-05-16;48950
2021-05-15;"Žilinský kraj";30;16574;32;16606;NA;50548;62;2021-05-15;48900
2021-05-14;"Žilinský kraj";34;19200;72;19272;NA;50548;106;2021-05-14;48838
2021-05-13;"Žilinský kraj";64;11865;51;11916;NA;50548;115;2021-05-13;48732
2021-05-12;"Žilinský kraj";57;10337;51;10388;NA;50548;108;2021-05-12;48617
2021-05-11;"Žilinský kraj";70;11601;48;11649;NA;50548;118;2021-05-11;48509
2021-05-10;"Žilinský kraj";69;14664;70;14734;NA;50548;139;2021-05-10;48391
2021-05-09;"Žilinský kraj";58;19295;72;19367;NA;50548;130;2021-05-09;48252
2021-05-08;"Žilinský kraj";0;22132;58;22190;NA;50548;58;2021-05-08;48122
2021-05-07;"Žilinský kraj";65;23787;78;23865;NA;50548;143;2021-05-07;48064
2021-05-06;"Žilinský kraj";67;16605;72;16677;NA;50548;139;2021-05-06;47921
2021-05-05;"Žilinský kraj";71;12152;71;12223;NA;50548;142;2021-05-05;47782
2021-05-04;"Žilinský kraj";81;16309;79;16388;NA;50548;160;2021-05-04;47640
2021-05-03;"Žilinský kraj";97;19768;110;19878;NA;50548;207;2021-05-03;47480
2021-05-02;"Žilinský kraj";8;28886;64;28950;NA;50548;72;2021-05-02;47273
2021-05-01;"Žilinský kraj";65;54670;103;54773;NA;50548;168;2021-05-01;47201
2021-04-30;"Žilinský kraj";84;43812;117;43929;NA;50548;201;2021-04-30;47033
2021-04-29;"Žilinský kraj";77;24553;101;24654;NA;50548;178;2021-04-29;46832
2021-04-28;"Žilinský kraj";76;19205;91;19296;NA;50548;167;2021-04-28;46654
2021-04-27;"Žilinský kraj";97;21795;110;21905;NA;50548;207;2021-04-27;46487
2021-04-26;"Žilinský kraj";114;27412;136;27548;NA;50548;250;2021-04-26;46280
2021-04-25;"Žilinský kraj";38;35750;82;35832;NA;50548;120;2021-04-25;46030
2021-04-24;"Žilinský kraj";93;78854;157;79011;NA;50548;250;2021-04-24;45910
2021-04-23;"Žilinský kraj";144;49219;153;49372;NA;50548;297;2021-04-23;45660
2021-04-22;"Žilinský kraj";110;25209;132;25341;NA;50548;242;2021-04-22;45363
2021-04-21;"Žilinský kraj";118;20616;145;20761;NA;50548;263;2021-04-21;45121
2021-04-20;"Žilinský kraj";128;23778;136;23914;NA;50548;264;2021-04-20;44858
2021-04-19;"Žilinský kraj";164;32773;210;32983;NA;50548;374;2021-04-19;44594
2021-04-18;"Žilinský kraj";18;36767;91;36858;NA;50548;109;2021-04-18;44220
2021-04-17;"Žilinský kraj";108;89377;156;89533;NA;50548;264;2021-04-17;44111
2021-04-16;"Žilinský kraj";185;46876;207;47083;NA;50548;392;2021-04-16;43847
2021-04-15;"Žilinský kraj";108;24825;130;24955;NA;50548;238;2021-04-15;43455
2021-04-14;"Žilinský kraj";135;23108;145;23253;NA;50548;280;2021-04-14;43217
2021-04-13;"Žilinský kraj";171;25050;135;25185;NA;50548;306;2021-04-13;42937
2021-04-12;"Žilinský kraj";266;30726;189;30915;NA;50548;455;2021-04-12;42631
2021-04-11;"Žilinský kraj";19;37126;107;37233;NA;50548;126;2021-04-11;42176
2021-04-10;"Žilinský kraj";111;86284;237;86521;NA;50548;348;2021-04-10;42050
2021-04-09;"Žilinský kraj";195;41752;205;41957;NA;50548;400;2021-04-09;41702
2021-04-08;"Žilinský kraj";179;24382;141;24523;NA;50548;320;2021-04-08;41302
2021-04-07;"Žilinský kraj";309;28651;174;28825;NA;50548;483;2021-04-07;40982
2021-04-06;"Žilinský kraj";308;38818;294;39112;NA;50548;602;2021-04-06;40499
2021-04-05;"Žilinský kraj";17;14747;140;14887;NA;50548;157;2021-04-05;39897
2021-04-04;"Žilinský kraj";17;16284;69;16353;NA;50548;86;2021-04-04;39740
2021-04-03;"Žilinský kraj";180;100430;401;100831;NA;50548;581;2021-04-03;39654
2021-04-02;"Žilinský kraj";73;22411;83;22494;NA;50548;156;2021-04-02;39073
2021-04-01;"Žilinský kraj";334;43264;240;43504;NA;50548;574;2021-04-01;38917
2021-03-31;"Žilinský kraj";170;31632;247;31879;NA;50548;417;2021-03-31;38343
2021-03-30;"Žilinský kraj";406;26323;243;26566;NA;50548;649;2021-03-30;37926
2021-03-29;"Žilinský kraj";297;28022;268;28290;NA;50548;565;2021-03-29;37277
2021-03-28;"Žilinský kraj";21;36206;239;36445;NA;50548;260;2021-03-28;36712
2021-03-27;"Žilinský kraj";151;89107;353;89460;NA;50548;504;2021-03-27;36452
2021-03-26;"Žilinský kraj";312;51705;330;52035;NA;50548;642;2021-03-26;35948
2021-03-25;"Žilinský kraj";281;27620;214;27834;NA;50548;495;2021-03-25;35306
2021-03-24;"Žilinský kraj";280;21268;260;21528;NA;50548;540;2021-03-24;34811
2021-03-23;"Žilinský kraj";418;23187;278;23465;NA;50548;696;2021-03-23;34271
2021-03-22;"Žilinský kraj";293;29289;314;29603;NA;50548;607;2021-03-22;33575
2021-03-21;"Žilinský kraj";32;33705;227;33932;NA;50548;259;2021-03-21;32968
2021-03-20;"Žilinský kraj";165;93015;497;93512;NA;50548;662;2021-03-20;32709
2021-03-19;"Žilinský kraj";357;51982;413;52395;NA;50548;770;2021-03-19;32047
2021-03-18;"Žilinský kraj";329;28451;294;28745;NA;50548;623;2021-03-18;31277
2021-03-17;"Žilinský kraj";395;21916;269;22185;NA;50548;664;2021-03-17;30654
2021-03-16;"Žilinský kraj";514;24341;317;24658;NA;50548;831;2021-03-16;29990
2021-03-15;"Žilinský kraj";341;29607;419;30026;NA;50548;760;2021-03-15;29159
2021-03-14;"Žilinský kraj";87;34121;267;34388;NA;50548;354;2021-03-14;28399
2021-03-13;"Žilinský kraj";113;93386;581;93967;NA;50548;694;2021-03-13;28045
2021-03-12;"Žilinský kraj";520;52109;411;52520;NA;50548;931;2021-03-12;27351
2021-03-11;"Žilinský kraj";399;28189;302;28491;NA;50548;701;2021-03-11;26420
2021-03-10;"Žilinský kraj";368;22414;378;22792;NA;50548;746;2021-03-10;25719
2021-03-09;"Žilinský kraj";537;24857;316;25173;NA;50548;853;2021-03-09;24973
2021-03-08;"Žilinský kraj";387;30839;458;31297;NA;50548;845;2021-03-08;24120
2021-03-07;"Žilinský kraj";48;33469;290;33759;NA;50548;338;2021-03-07;23275
2021-03-06;"Žilinský kraj";173;92410;589;92999;NA;50548;762;2021-03-06;22937
2021-03-05;"Žilinský kraj";369;51748;483;52231;NA;50548;852;2021-03-05;22175
2021-03-04;"Žilinský kraj";467;30036;377;30413;NA;50548;844;2021-03-04;21323
2021-03-03;"Žilinský kraj";448;26261;394;26655;NA;50548;842;2021-03-03;20479
2021-03-02;"Žilinský kraj";551;25669;378;26047;NA;50548;929;2021-03-02;19637
2021-03-01;"Žilinský kraj";375;30493;441;30934;NA;50548;816;2021-03-01;18708
2021-02-28;"Žilinský kraj";61;34802;327;35129;NA;50548;388;2021-02-28;17892
2021-02-27;"Žilinský kraj";159;83781;639;84420;NA;50548;798;2021-02-27;17504
2021-02-26;"Žilinský kraj";459;47494;508;48002;NA;50548;967;2021-02-26;16706
2021-02-25;"Žilinský kraj";347;30879;393;31272;NA;50548;740;2021-02-25;15739
2021-02-24;"Žilinský kraj";339;18745;395;19140;NA;50548;734;2021-02-24;14999
2021-02-23;"Žilinský kraj";437;22418;418;22836;NA;50548;855;2021-02-23;14265
2021-02-22;"Žilinský kraj";345;29288;438;29726;NA;50548;783;2021-02-22;13410
2021-02-21;"Žilinský kraj";36;28686;322;29008;NA;50548;358;2021-02-21;12627
2021-02-20;"Žilinský kraj";152;89085;669;89754;NA;50548;821;2021-02-20;12269
2021-02-19;"Žilinský kraj";337;44806;415;45221;NA;50548;752;2021-02-19;11448
2021-02-18;"Žilinský kraj";263;24679;339;25018;NA;50548;602;2021-02-18;10696
2021-02-17;"Žilinský kraj";269;17932;355;18287;NA;50548;624;2021-02-17;10094
2021-02-16;"Žilinský kraj";321;24298;325;24623;NA;50548;646;2021-02-16;9470
2021-02-15;"Žilinský kraj";230;30420;311;30731;NA;50548;541;2021-02-15;8824
2021-02-14;"Žilinský kraj";30;28574;231;28805;NA;50548;261;2021-02-14;8283
2021-02-13;"Žilinský kraj";91;69659;454;70113;NA;50548;545;2021-02-13;8022
2021-02-12;"Žilinský kraj";242;42689;335;43024;NA;50548;577;2021-02-12;7477
2021-02-11;"Žilinský kraj";228;23521;300;23821;NA;50548;528;2021-02-11;6900
2021-02-10;"Žilinský kraj";259;17875;267;18142;NA;50548;526;2021-02-10;6372
2021-02-09;"Žilinský kraj";377;24784;274;25058;NA;50548;651;2021-02-09;5846
2021-02-08;"Žilinský kraj";160;41375;390;41765;NA;50548;550;2021-02-08;5195
2021-02-07;"Žilinský kraj";24;46446;252;46698;NA;50548;276;2021-02-07;4645
2021-02-06;"Žilinský kraj";71;72880;367;73247;NA;50548;438;2021-02-06;4369
2021-02-05;"Žilinský kraj";248;31868;323;32191;NA;50548;571;2021-02-05;3931
2021-02-04;"Žilinský kraj";238;13242;258;13500;NA;50548;496;2021-02-04;3360
2021-02-03;"Žilinský kraj";194;9187;255;9442;NA;50548;449;2021-02-03;2864
2021-02-02;"Žilinský kraj";216;9280;272;9552;NA;50548;488;2021-02-02;2415
2021-02-01;"Žilinský kraj";220;19688;370;20058;NA;50548;590;2021-02-01;1927
2021-01-31;"Žilinský kraj";11;2652;27;2679;NA;50548;38;2021-01-31;1337
2021-01-30;"Žilinský kraj";85;18447;187;18634;NA;50548;272;2021-01-30;1299
2021-01-29;"Žilinský kraj";209;22892;304;23196;NA;50548;513;2021-01-29;1027
2021-01-28;"Žilinský kraj";240;5623;174;5797;NA;50548;414;2021-01-28;514
2021-01-27;"Žilinský kraj";256;7065;121;7186;NA;50548;377;2021-01-27;100
2021-01-26;"Žilinský kraj";245;49441;346;49787;NA;50548;591;2021-01-26;-277
2021-01-25;"Žilinský kraj";159;21147;150;21297;NA;50548;309;2021-01-25;-868
2021-01-24;"Žilinský kraj";22;67309;305;67614;NA;50548;327;2021-01-24;-1177
2021-01-23;"Žilinský kraj";91;90991;408;91399;NA;50548;499;2021-01-23;-1504
2021-01-22;"Žilinský kraj";163;31997;239;32236;NA;50548;402;2021-01-22;-2003
2021-01-21;"Žilinský kraj";116;19874;181;20055;NA;50548;297;2021-01-21;-2405
2021-01-20;"Žilinský kraj";236;17089;165;17254;NA;50548;401;2021-01-20;-2702
2021-01-19;"Žilinský kraj";245;15578;283;15861;NA;50548;528;2021-01-19;-3103
2021-01-18;"Žilinský kraj";236;12506;327;12833;NA;50548;563;2021-01-18;-3631
2021-01-17;"Žilinský kraj";95;147;8;155;NA;50548;103;2021-01-17;-4194
2021-01-16;"Žilinský kraj";14;758;35;793;NA;50548;49;2021-01-16;-4297
2021-01-15;"Žilinský kraj";248;7244;205;7449;NA;50548;453;2021-01-15;-4346
2021-01-14;"Žilinský kraj";166;5572;248;5820;NA;50548;414;2021-01-14;-4799
2021-01-13;"Žilinský kraj";247;11316;555;11871;NA;50548;802;2021-01-13;-5213
2021-01-12;"Žilinský kraj";376;8754;413;9167;NA;50548;789;2021-01-12;-6015
2021-01-11;"Žilinský kraj";351;10385;513;10898;NA;50548;864;2021-01-11;-6804
2021-01-10;"Žilinský kraj";38;229;6;235;NA;50548;44;2021-01-10;-7668
2021-01-09;"Žilinský kraj";192;1983;85;2068;NA;50548;277;2021-01-09;-7712
2021-01-08;"Žilinský kraj";413;9245;497;9742;NA;50548;910;2021-01-08;-7989
2021-01-07;"Žilinský kraj";438;23485;1881;25366;NA;50548;2319;2021-01-07;-8899
2021-01-06;"Žilinský kraj";145;1412;96;1508;NA;50548;241;2021-01-06;-11218
2021-01-05;"Žilinský kraj";717;10702;845;11547;NA;50548;1562;2021-01-05;-11459
2021-01-04;"Žilinský kraj";479;9739;1012;10751;NA;50548;1491;2021-01-04;-13021
2021-01-03;"Žilinský kraj";13;1006;107;1113;NA;50548;120;2021-01-03;-14512
2021-01-02;"Žilinský kraj";98;789;91;880;NA;50548;189;2021-01-02;-14632
2021-01-01;"Žilinský kraj";118;615;37;652;NA;50548;155;2021-01-01;-14821
2020-12-31;"Žilinský kraj";395;10008;809;10817;NA;50548;1204;2020-12-31;-14976
2020-12-30;"Žilinský kraj";1038;12030;849;12879;NA;50548;1887;2020-12-30;-16180
2020-12-29;"Žilinský kraj";256;10584;1041;11625;NA;50548;1297;2020-12-29;-18067
2020-12-28;"Žilinský kraj";406;11177;1048;12225;NA;50548;1454;2020-12-28;-19364
2020-12-27;"Žilinský kraj";40;684;94;778;NA;50548;134;2020-12-27;-20818
2020-12-26;"Žilinský kraj";135;593;48;641;NA;50548;183;2020-12-26;-20952
2020-12-25;"Žilinský kraj";66;83;9;92;NA;50548;75;2020-12-25;-21135
2020-12-24;"Žilinský kraj";643;1060;80;1140;NA;50548;723;2020-12-24;-21210
2020-12-23;"Žilinský kraj";228;17281;1031;18312;NA;50548;1259;2020-12-23;-21933
2020-12-22;"Žilinský kraj";519;13746;1031;14777;NA;50548;1550;2020-12-22;-23192
2020-12-21;"Žilinský kraj";444;12608;1096;13704;NA;50548;1540;2020-12-21;-24742
2020-12-20;"Žilinský kraj";36;598;80;678;NA;50548;116;2020-12-20;-26282
2020-12-19;"Žilinský kraj";208;2076;145;2221;NA;50548;353;2020-12-19;-26398
2020-12-18;"Žilinský kraj";333;6925;400;7325;NA;50548;733;2020-12-18;-26751
2020-12-17;"Žilinský kraj";500;4243;279;4522;NA;50548;779;2020-12-17;-27484
2020-12-16;"Žilinský kraj";333;3999;280;4279;NA;50548;613;2020-12-16;-28263
2020-12-15;"Žilinský kraj";528;4139;378;4517;NA;50548;906;2020-12-15;-28876
2020-12-14;"Žilinský kraj";321;4300;355;4655;NA;50548;676;2020-12-14;-29782
2020-12-13;"Žilinský kraj";26;494;66;560;NA;50548;92;2020-12-13;-30458
2020-12-12;"Žilinský kraj";95;1116;61;1177;NA;50548;156;2020-12-12;-30550
2020-12-11;"Žilinský kraj";455;4507;269;4776;NA;50548;724;2020-12-11;-30706
2020-12-10;"Žilinský kraj";166;9341;838;10179;NA;50548;1004;2020-12-10;-31430
2020-12-09;"Žilinský kraj";392;2200;131;2331;NA;50548;523;2020-12-09;-32434
2020-12-08;"Žilinský kraj";331;3248;123;3371;NA;50548;454;2020-12-08;-32957
2020-12-07;"Žilinský kraj";348;2254;127;2381;NA;50548;475;2020-12-07;-33411
2020-12-06;"Žilinský kraj";15;128;6;134;NA;50548;21;2020-12-06;-33886
2020-12-05;"Žilinský kraj";98;1500;53;1553;NA;50548;151;2020-12-05;-33907
2020-12-04;"Žilinský kraj";228;2891;122;3013;NA;50548;350;2020-12-04;-34058
2020-12-03;"Žilinský kraj";237;1424;117;1541;NA;50548;354;2020-12-03;-34408
2020-12-02;"Žilinský kraj";181;1396;69;1465;NA;50548;250;2020-12-02;-34762
2020-12-01;"Žilinský kraj";209;6239;284;6523;NA;50548;493;2020-12-01;-35012
2020-11-30;"Žilinský kraj";203;5326;305;5631;NA;50548;508;2020-11-30;-35505
2020-11-29;"Žilinský kraj";18;81;7;88;NA;50548;25;2020-11-29;-36013
2020-11-28;"Žilinský kraj";99;349;15;364;NA;50548;114;2020-11-28;-36038
2020-11-27;"Žilinský kraj";218;904;46;950;NA;50548;264;2020-11-27;-36152
2020-11-26;"Žilinský kraj";190;1041;54;1095;NA;50548;244;2020-11-26;-36416
2020-11-25;"Žilinský kraj";225;1217;49;1266;NA;50548;274;2020-11-25;-36660
2020-11-24;"Žilinský kraj";213;2139;67;2206;NA;50548;280;2020-11-24;-36934
2020-11-23;"Žilinský kraj";170;759;44;803;NA;50548;214;2020-11-23;-37214
2020-11-22;"Žilinský kraj";11;67;2;69;NA;50548;13;2020-11-22;-37428
2020-11-21;"Žilinský kraj";61;505;20;525;NA;50548;81;2020-11-21;-37441
2020-11-20;"Žilinský kraj";251;1074;45;1119;NA;50548;296;2020-11-20;-37522
2020-11-19;"Žilinský kraj";252;752;61;813;NA;50548;313;2020-11-19;-37818
2020-11-18;"Žilinský kraj";346;348;15;363;NA;50548;361;2020-11-18;-38131
2020-11-17;"Žilinský kraj";123;490;15;505;NA;50548;138;2020-11-17;-38492
2020-11-16;"Žilinský kraj";227;247;15;262;NA;50548;242;2020-11-16;-38630
2020-11-15;"Žilinský kraj";63;13;0;13;NA;50548;63;2020-11-15;-38872
2020-11-14;"Žilinský kraj";189;1038;11;1049;NA;50548;200;2020-11-14;-38935
2020-11-13;"Žilinský kraj";181;125;9;134;NA;50548;190;2020-11-13;-39135
2020-11-12;"Žilinský kraj";334;79;2;81;NA;50548;336;2020-11-12;-39325
2020-11-11;"Žilinský kraj";489;147;10;157;NA;50548;499;2020-11-11;-39661
2020-11-10;"Žilinský kraj";374;519;9;528;NA;50548;383;2020-11-10;-40160
2020-11-09;"Žilinský kraj";143;2335;30;2365;NA;50548;173;2020-11-09;-40543
2020-11-08;"Žilinský kraj";59;2538;37;2575;NA;50548;96;2020-11-08;-40716
2020-11-07;"Žilinský kraj";312;8175;88;8263;NA;50548;400;2020-11-07;-40812
2020-11-06;"Žilinský kraj";503;4090;38;4128;NA;50548;541;2020-11-06;-41212
2020-11-05;"Žilinský kraj";473;64;4;68;NA;50548;477;2020-11-05;-41753
2020-11-04;"Žilinský kraj";423;178;10;188;NA;50548;433;2020-11-04;-42230
2020-11-03;"Žilinský kraj";688;889;16;905;NA;50548;704;2020-11-03;-42663
2020-11-02;"Žilinský kraj";472;1043;39;1082;NA;50548;511;2020-11-02;-43367
2020-11-01;"Žilinský kraj";349;5096;130;5226;NA;50548;479;2020-11-01;-43878
2020-10-31;"Žilinský kraj";661;7963;203;8166;NA;50548;864;2020-10-31;-44357
2020-10-30;"Žilinský kraj";529;2575;61;2636;NA;50548;590;2020-10-30;-45221
2020-10-29;"Žilinský kraj";740;503;17;520;NA;50548;757;2020-10-29;-45811
2020-10-28;"Žilinský kraj";635;105;11;116;NA;50548;646;2020-10-28;-46568
2020-10-27;"Žilinský kraj";355;154;24;178;NA;50548;379;2020-10-27;-47214
2020-10-26;"Žilinský kraj";148;117;28;145;NA;50548;176;2020-10-26;-47593
2020-10-25;"Žilinský kraj";436;0;0;0;NA;50548;436;2020-10-25;-47769
2020-10-24;"Žilinský kraj";803;0;0;0;NA;50548;803;2020-10-24;-48205
2020-10-23;"Žilinský kraj";659;102;13;115;NA;50548;672;2020-10-23;-49008
2020-10-22;"Žilinský kraj";525;33;3;36;NA;50548;528;2020-10-22;-49680
2020-10-21;"Žilinský kraj";478;74;14;88;NA;50548;492;2020-10-21;-50208
2020-10-20;"Žilinský kraj";524;127;8;135;NA;50548;532;2020-10-20;-50700
2020-10-19;"Žilinský kraj";70;80;12;92;NA;50548;82;2020-10-19;-51232
2020-10-18;"Žilinský kraj";159;0;0;0;NA;50548;159;2020-10-18;-51314
2020-10-17;"Žilinský kraj";509;0;0;0;NA;50548;509;2020-10-17;-51473
2020-10-16;"Žilinský kraj";603;51;9;60;NA;50548;612;2020-10-16;-51982
2020-10-15;"Žilinský kraj";679;61;3;64;NA;50548;682;2020-10-15;-52594
2020-10-14;"Žilinský kraj";523;269;6;275;NA;50548;529;2020-10-14;-53276
2020-10-13;"Žilinský kraj";367;458;40;498;NA;50548;407;2020-10-13;-53805
2020-10-12;"Žilinský kraj";62;0;0;0;NA;50548;62;2020-10-12;-54212
2020-10-11;"Žilinský kraj";50;0;0;0;NA;50548;50;2020-10-11;-54274
2020-10-10;"Žilinský kraj";213;0;0;0;NA;50548;213;2020-10-10;-54324
2020-10-09;"Žilinský kraj";543;0;0;0;NA;50548;543;2020-10-09;-54537
2020-10-08;"Žilinský kraj";238;0;0;0;NA;50548;238;2020-10-08;-55080
2020-10-07;"Žilinský kraj";168;0;0;0;NA;50548;168;2020-10-07;-55318
2020-10-06;"Žilinský kraj";233;0;0;0;NA;50548;233;2020-10-06;-55486
2020-10-05;"Žilinský kraj";33;0;0;0;NA;50548;33;2020-10-05;-55719
2020-10-04;"Žilinský kraj";35;0;0;0;NA;50548;35;2020-10-04;-55752
2020-10-03;"Žilinský kraj";155;0;0;0;NA;50548;155;2020-10-03;-55787
2020-10-02;"Žilinský kraj";105;0;0;0;NA;50548;105;2020-10-02;-55942
2020-10-01;"Žilinský kraj";147;0;0;0;NA;50548;147;2020-10-01;-56047
2020-09-30;"Žilinský kraj";163;0;0;0;NA;50548;163;2020-09-30;-56194
2020-09-29;"Žilinský kraj";105;0;0;0;NA;50548;105;2020-09-29;-56357
2020-09-28;"Žilinský kraj";34;0;0;0;NA;50548;34;2020-09-28;-56462
2020-09-27;"Žilinský kraj";108;0;0;0;NA;50548;108;2020-09-27;-56496
2020-09-26;"Žilinský kraj";96;0;0;0;NA;50548;96;2020-09-26;-56604
2020-09-25;"Žilinský kraj";69;0;0;0;NA;50548;69;2020-09-25;-56700
2020-09-24;"Žilinský kraj";100;0;0;0;NA;50548;100;2020-09-24;-56769
2020-09-23;"Žilinský kraj";65;0;0;0;NA;50548;65;2020-09-23;-56869
2020-09-22;"Žilinský kraj";65;0;0;0;NA;50548;65;2020-09-22;-56934
2020-09-21;"Žilinský kraj";47;0;0;0;NA;50548;47;2020-09-21;-56999
2020-09-20;"Žilinský kraj";4;0;0;0;NA;50548;4;2020-09-20;-57046
2020-09-19;"Žilinský kraj";6;0;0;0;NA;50548;6;2020-09-19;-57050
2020-09-18;"Žilinský kraj";82;0;0;0;NA;50548;82;2020-09-18;-57056
2020-09-17;"Žilinský kraj";30;0;0;0;NA;50548;30;2020-09-17;-57138
2020-09-16;"Žilinský kraj";34;0;0;0;NA;50548;34;2020-09-16;-57168
2020-09-15;"Žilinský kraj";12;0;0;0;NA;50548;12;2020-09-15;-57202
2020-09-14;"Žilinský kraj";39;0;0;0;NA;50548;39;2020-09-14;-57214
2020-09-13;"Žilinský kraj";6;0;0;0;NA;50548;6;2020-09-13;-57253
2020-09-12;"Žilinský kraj";4;0;0;0;NA;50548;4;2020-09-12;-57259
2020-09-11;"Žilinský kraj";31;0;0;0;NA;50548;31;2020-09-11;-57263
2020-09-10;"Žilinský kraj";31;0;0;0;NA;50548;31;2020-09-10;-57294
2020-09-09;"Žilinský kraj";23;0;0;0;NA;50548;23;2020-09-09;-57325
2020-09-08;"Žilinský kraj";25;0;0;0;NA;50548;25;2020-09-08;-57348
2020-09-07;"Žilinský kraj";11;0;0;0;NA;50548;11;2020-09-07;-57373
2020-09-06;"Žilinský kraj";0;0;0;0;NA;50548;0;2020-09-06;-57384
2020-09-05;"Žilinský kraj";2;0;0;0;NA;50548;2;2020-09-05;-57384
2020-09-04;"Žilinský kraj";33;0;0;0;NA;50548;33;2020-09-04;-57386
2020-09-03;"Žilinský kraj";18;0;0;0;NA;50548;18;2020-09-03;-57419
2020-09-02;"Žilinský kraj";16;0;0;0;NA;50548;16;2020-09-02;-57437
2020-09-01;"Žilinský kraj";4;0;0;0;NA;50548;4;2020-09-01;-57453
2020-08-31;"Žilinský kraj";5;0;0;0;NA;50548;5;2020-08-31;-57457
2020-08-30;"Žilinský kraj";3;0;0;0;NA;50548;3;2020-08-30;-57462
2020-08-29;"Žilinský kraj";5;0;0;0;NA;50548;5;2020-08-29;-57465
2020-08-28;"Žilinský kraj";13;0;0;0;NA;50548;13;2020-08-28;-57470
2020-08-27;"Žilinský kraj";18;0;0;0;NA;50548;18;2020-08-27;-57483
2020-08-26;"Žilinský kraj";8;0;0;0;NA;50548;8;2020-08-26;-57501
2020-08-25;"Žilinský kraj";2;0;0;0;NA;50548;2;2020-08-25;-57509
2020-08-24;"Žilinský kraj";5;0;0;0;NA;50548;5;2020-08-24;-57511
2020-08-23;"Žilinský kraj";0;0;0;0;NA;50548;0;2020-08-23;-57516
2020-08-22;"Žilinský kraj";0;0;0;0;NA;50548;0;2020-08-22;-57516
2020-08-21;"Žilinský kraj";10;0;0;0;NA;50548;10;2020-08-21;-57516
2020-08-20;"Žilinský kraj";13;0;0;0;NA;50548;13;2020-08-20;-57526
2020-08-19;"Žilinský kraj";7;0;0;0;NA;50548;7;2020-08-19;-57539
2020-08-18;"Žilinský kraj";9;0;0;0;NA;50548;9;2020-08-18;-57546
2020-08-17;"Žilinský kraj";1;0;0;0;NA;50548;1;2020-08-17;-57555
2020-08-16;"Žilinský kraj";0;0;0;0;NA;50548;0;2020-08-16;-57556
2020-08-15;"Žilinský kraj";0;0;0;0;NA;50548;0;2020-08-15;-57556
2020-08-14;"Žilinský kraj";4;0;0;0;NA;50548;4;2020-08-14;-57556
2020-08-13;"Žilinský kraj";2;0;0;0;NA;50548;2;2020-08-13;-57560
2020-08-12;"Žilinský kraj";0;0;0;0;NA;50548;0;2020-08-12;-57562
2020-08-11;"Žilinský kraj";4;0;0;0;NA;50548;4;2020-08-11;-57562
2020-08-10;"Žilinský kraj";1;0;0;0;NA;50548;1;2020-08-10;-57566
2020-08-09;"Žilinský kraj";0;0;0;0;NA;50548;0;2020-08-09;-57567
2020-08-08;"Žilinský kraj";3;0;0;0;NA;50548;3;2020-08-08;-57567
2020-08-07;"Žilinský kraj";8;0;0;0;NA;50548;8;2020-08-07;-57570
2020-08-06;"Žilinský kraj";1;0;0;0;NA;50548;1;2020-08-06;-57578
2020-08-05;"Žilinský kraj";1;0;0;0;NA;50548;1;2020-08-05;-57579
2020-08-04;"Žilinský kraj";2;0;0;0;NA;50548;2;2020-08-04;-57580
2020-08-03;"Žilinský kraj";0;0;0;0;NA;50548;0;2020-08-03;-57582
2020-08-02;"Žilinský kraj";1;0;0;0;NA;50548;1;2020-08-02;-57582
2020-08-01;"Žilinský kraj";0;0;0;0;NA;50548;0;2020-08-01;-57583
2020-07-31;"Žilinský kraj";4;0;0;0;NA;50548;4;2020-07-31;-57583
2020-07-30;"Žilinský kraj";2;0;0;0;NA;50548;2;2020-07-30;-57587
2020-07-29;"Žilinský kraj";2;0;0;0;NA;50548;2;2020-07-29;-57589
2020-07-28;"Žilinský kraj";4;0;0;0;NA;50548;4;2020-07-28;-57591
2020-07-27;"Žilinský kraj";6;0;0;0;NA;50548;6;2020-07-27;-57595
2020-07-26;"Žilinský kraj";0;0;0;0;NA;50548;0;2020-07-26;-57601
2020-07-25;"Žilinský kraj";0;0;0;0;NA;50548;0;2020-07-25;-57601
2020-07-24;"Žilinský kraj";2;0;0;0;NA;50548;2;2020-07-24;-57601
2020-07-23;"Žilinský kraj";0;0;0;0;NA;50548;0;2020-07-23;-57603
2020-07-22;"Žilinský kraj";1;0;0;0;NA;50548;1;2020-07-22;-57603
2020-07-21;"Žilinský kraj";2;0;0;0;NA;50548;2;2020-07-21;-57604
2020-07-20;"Žilinský kraj";3;0;0;0;NA;50548;3;2020-07-20;-57606
2020-07-19;"Žilinský kraj";0;0;0;0;NA;50548;0;2020-07-19;-57609
2020-07-18;"Žilinský kraj";0;0;0;0;NA;50548;0;2020-07-18;-57609
2020-07-17;"Žilinský kraj";2;0;0;0;NA;50548;2;2020-07-17;-57609
2020-07-16;"Žilinský kraj";2;0;0;0;NA;50548;2;2020-07-16;-57611
2020-07-15;"Žilinský kraj";2;0;0;0;NA;50548;2;2020-07-15;-57613
2020-07-14;"Žilinský kraj";1;0;0;0;NA;50548;1;2020-07-14;-57615
2020-07-13;"Žilinský kraj";0;0;0;0;NA;50548;0;2020-07-13;-57616
2020-07-12;"Žilinský kraj";0;0;0;0;NA;50548;0;2020-07-12;-57616
2020-07-11;"Žilinský kraj";2;0;0;0;NA;50548;2;2020-07-11;-57616
2020-07-10;"Žilinský kraj";3;0;0;0;NA;50548;3;2020-07-10;-57618
2020-07-09;"Žilinský kraj";2;0;0;0;NA;50548;2;2020-07-09;-57621
2020-07-08;"Žilinský kraj";10;0;0;0;NA;50548;10;2020-07-08;-57623
2020-07-07;"Žilinský kraj";7;0;0;0;NA;50548;7;2020-07-07;-57633
2020-07-06;"Žilinský kraj";0;0;0;0;NA;50548;0;2020-07-06;-57640
2020-07-05;"Žilinský kraj";0;0;0;0;NA;50548;0;2020-07-05;-57640
2020-07-04;"Žilinský kraj";10;0;0;0;NA;50548;10;2020-07-04;-57640
2020-07-03;"Žilinský kraj";18;0;0;0;NA;50548;18;2020-07-03;-57650
2020-07-02;"Žilinský kraj";7;0;0;0;NA;50548;7;2020-07-02;-57668
2020-07-01;"Žilinský kraj";0;0;0;0;NA;50548;0;2020-07-01;-57675
2020-06-30;"Žilinský kraj";4;0;0;0;NA;50548;4;2020-06-30;-57675
2020-06-29;"Žilinský kraj";0;0;0;0;NA;50548;0;2020-06-29;-57679
2020-06-28;"Žilinský kraj";1;0;0;0;NA;50548;1;2020-06-28;-57679
2020-06-27;"Žilinský kraj";3;0;0;0;NA;50548;3;2020-06-27;-57680
2020-06-26;"Žilinský kraj";5;0;0;0;NA;50548;5;2020-06-26;-57683
2020-06-25;"Žilinský kraj";7;0;0;0;NA;50548;7;2020-06-25;-57688
2020-06-24;"Žilinský kraj";11;0;0;0;NA;50548;11;2020-06-24;-57695
2020-06-23;"Žilinský kraj";9;0;0;0;NA;50548;9;2020-06-23;-57706
2020-06-22;"Žilinský kraj";0;0;0;0;NA;50548;0;2020-06-22;-57715
2020-06-21;"Žilinský kraj";1;0;0;0;NA;50548;1;2020-06-21;-57715
2020-06-20;"Žilinský kraj";1;0;0;0;NA;50548;1;2020-06-20;-57716
2020-06-19;"Žilinský kraj";4;0;0;0;NA;50548;4;2020-06-19;-57717
2020-06-18;"Žilinský kraj";1;0;0;0;NA;50548;1;2020-06-18;-57721
2020-06-17;"Žilinský kraj";0;0;0;0;NA;50548;0;2020-06-17;-57722
2020-06-16;"Žilinský kraj";1;0;0;0;NA;50548;1;2020-06-16;-57722
2020-06-14;"Žilinský kraj";0;0;0;0;NA;50548;0;2020-06-14;-57723
2020-06-13;"Žilinský kraj";0;0;0;0;NA;50548;0;2020-06-13;-57723
2020-06-12;"Žilinský kraj";0;0;0;0;NA;50548;0;2020-06-12;-57723
2020-06-11;"Žilinský kraj";0;0;0;0;NA;50548;0;2020-06-11;-57723
2020-06-10;"Žilinský kraj";0;0;0;0;NA;50548;0;2020-06-10;-57723
2020-06-09;"Žilinský kraj";1;0;0;0;NA;50548;1;2020-06-09;-57723
2020-06-08;"Žilinský kraj";0;0;0;0;NA;50548;0;2020-06-08;-57724
2020-06-07;"Žilinský kraj";0;0;0;0;NA;50548;0;2020-06-07;-57724
2020-06-05;"Žilinský kraj";0;0;0;0;NA;50548;0;2020-06-05;-57724
2020-06-03;"Žilinský kraj";0;0;0;0;NA;50548;0;2020-06-03;-57724
2020-06-02;"Žilinský kraj";0;0;0;0;NA;50548;0;2020-06-02;-57724
2020-05-31;"Žilinský kraj";0;0;0;0;NA;50548;0;2020-05-31;-57724
2020-05-29;"Žilinský kraj";0;0;0;0;NA;50548;0;2020-05-29;-57724
2020-05-27;"Žilinský kraj";1;0;0;0;NA;50548;1;2020-05-27;-57724
2020-05-26;"Žilinský kraj";1;0;0;0;NA;50548;1;2020-05-26;-57725
2020-05-25;"Žilinský kraj";0;0;0;0;NA;50548;0;2020-05-25;-57726
2020-05-24;"Žilinský kraj";0;0;0;0;NA;50548;0;2020-05-24;-57726
2020-05-23;"Žilinský kraj";0;0;0;0;NA;50548;0;2020-05-23;-57726
2020-05-22;"Žilinský kraj";0;0;0;0;NA;50548;0;2020-05-22;-57726
2020-05-21;"Žilinský kraj";0;0;0;0;NA;50548;0;2020-05-21;-57726
2020-05-20;"Žilinský kraj";0;0;0;0;NA;50548;0;2020-05-20;-57726
2020-05-19;"Žilinský kraj";1;0;0;0;NA;50548;1;2020-05-19;-57726
2020-05-17;"Žilinský kraj";0;0;0;0;NA;50548;0;2020-05-17;-57727
2020-05-16;"Žilinský kraj";0;0;0;0;NA;50548;0;2020-05-16;-57727
2020-05-15;"Žilinský kraj";0;0;0;0;NA;50548;0;2020-05-15;-57727
2020-05-14;"Žilinský kraj";0;0;0;0;NA;50548;0;2020-05-14;-57727
2020-05-13;"Žilinský kraj";0;0;0;0;NA;50548;0;2020-05-13;-57727
2020-05-12;"Žilinský kraj";0;0;0;0;NA;50548;0;2020-05-12;-57727
2020-05-11;"Žilinský kraj";0;0;0;0;NA;50548;0;2020-05-11;-57727
2020-05-09;"Žilinský kraj";0;0;0;0;NA;50548;0;2020-05-09;-57727
2020-05-07;"Žilinský kraj";0;0;0;0;NA;50548;0;2020-05-07;-57727
2020-05-06;"Žilinský kraj";2;0;0;0;NA;50548;2;2020-05-06;-57727
2020-05-05;"Žilinský kraj";3;0;0;0;NA;50548;3;2020-05-05;-57729
2020-05-04;"Žilinský kraj";3;0;0;0;NA;50548;3;2020-05-04;-57732
2020-05-03;"Žilinský kraj";1;0;0;0;NA;50548;1;2020-05-03;-57735
2020-05-02;"Žilinský kraj";0;0;0;0;NA;50548;0;2020-05-02;-57736
2020-05-01;"Žilinský kraj";1;0;0;0;NA;50548;1;2020-05-01;-57736
2020-04-30;"Žilinský kraj";0;0;0;0;NA;50548;0;2020-04-30;-57737
2020-04-29;"Žilinský kraj";0;0;0;0;NA;50548;0;2020-04-29;-57737
2020-04-28;"Žilinský kraj";0;0;0;0;NA;50548;0;2020-04-28;-57737
2020-04-27;"Žilinský kraj";0;0;0;0;NA;50548;0;2020-04-27;-57737
2020-04-26;"Žilinský kraj";0;0;0;0;NA;50548;0;2020-04-26;-57737
2020-04-25;"Žilinský kraj";2;0;0;0;NA;50548;2;2020-04-25;-57737
2020-04-24;"Žilinský kraj";1;0;0;0;NA;50548;1;2020-04-24;-57739
2020-04-23;"Žilinský kraj";2;0;0;0;NA;50548;2;2020-04-23;-57740
2020-04-22;"Žilinský kraj";9;0;0;0;NA;50548;9;2020-04-22;-57742
2020-04-21;"Žilinský kraj";1;0;0;0;NA;50548;1;2020-04-21;-57751
2020-04-20;"Žilinský kraj";4;0;0;0;NA;50548;4;2020-04-20;-57752
2020-04-19;"Žilinský kraj";0;0;0;0;NA;50548;0;2020-04-19;-57756
2020-04-18;"Žilinský kraj";49;0;0;0;NA;50548;49;2020-04-18;-57756
2020-04-17;"Žilinský kraj";3;0;0;0;NA;50548;3;2020-04-17;-57805
2020-04-16;"Žilinský kraj";4;0;0;0;NA;50548;4;2020-04-16;-57808
2020-04-15;"Žilinský kraj";7;0;0;0;NA;50548;7;2020-04-15;-57812
2020-04-14;"Žilinský kraj";1;0;0;0;NA;50548;1;2020-04-14;-57819
2020-04-13;"Žilinský kraj";2;0;0;0;NA;50548;2;2020-04-13;-57820
2020-04-12;"Žilinský kraj";5;0;0;0;NA;50548;5;2020-04-12;-57822
2020-04-11;"Žilinský kraj";2;0;0;0;NA;50548;2;2020-04-11;-57827
2020-04-10;"Žilinský kraj";1;0;0;0;NA;50548;1;2020-04-10;-57829
2020-04-09;"Žilinský kraj";1;0;0;0;NA;50548;1;2020-04-09;-57830
2020-04-08;"Žilinský kraj";3;0;0;0;NA;50548;3;2020-04-08;-57831
2020-04-07;"Žilinský kraj";5;0;0;0;NA;50548;5;2020-04-07;-57834
2020-04-06;"Žilinský kraj";6;0;0;0;NA;50548;6;2020-04-06;-57839
2020-04-05;"Žilinský kraj";8;0;0;0;NA;50548;8;2020-04-05;-57845
2020-04-04;"Žilinský kraj";0;0;0;0;NA;50548;0;2020-04-04;-57853
2020-04-03;"Žilinský kraj";3;0;0;0;NA;50548;3;2020-04-03;-57853
2020-04-02;"Žilinský kraj";5;0;0;0;NA;50548;5;2020-04-02;-57856
2020-04-01;"Žilinský kraj";4;0;0;0;NA;50548;4;2020-04-01;-57861
2020-03-31;"Žilinský kraj";1;0;0;0;NA;50548;1;2020-03-31;-57865
2020-03-30;"Žilinský kraj";3;0;0;0;NA;50548;3;2020-03-30;-57866
2020-03-29;"Žilinský kraj";0;0;0;0;NA;50548;0;2020-03-29;-57869
2020-03-28;"Žilinský kraj";1;0;0;0;NA;50548;1;2020-03-28;-57869
2020-03-27;"Žilinský kraj";9;0;0;0;NA;50548;9;2020-03-27;-57870
2020-03-26;"Žilinský kraj";4;0;0;0;NA;50548;4;2020-03-26;-57879
2020-03-25;"Žilinský kraj";1;0;0;0;NA;50548;1;2020-03-25;-57883
2020-03-24;"Žilinský kraj";2;0;0;0;NA;50548;2;2020-03-24;-57884
2020-03-23;"Žilinský kraj";3;0;0;0;NA;50548;3;2020-03-23;-57886
2020-03-22;"Žilinský kraj";1;0;0;0;NA;50548;1;2020-03-22;-57889
2020-03-21;"Žilinský kraj";2;0;0;0;NA;50548;2;2020-03-21;-57890
2020-03-20;"Žilinský kraj";4;0;0;0;NA;50548;4;2020-03-20;-57892
2020-03-19;"Žilinský kraj";2;0;0;0;NA;50548;2;2020-03-19;-57896
2020-03-18;"Žilinský kraj";1;0;0;0;NA;50548;1;2020-03-18;-57898
2020-03-17;"Žilinský kraj";5;0;0;0;NA;50548;5;2020-03-17;-57899
2020-03-16;"Žilinský kraj";1;0;0;0;NA;50548;1;2020-03-16;-57904
2020-03-15;"Žilinský kraj";2;0;0;0;NA;50548;2;2020-03-15;-57905
2020-03-14;"Žilinský kraj";1;0;0;0;NA;50548;1;2020-03-14;-57907
2020-03-13;"Žilinský kraj";5;0;0;0;NA;50548;5;2020-03-13;-57908
2020-03-12;"Žilinský kraj";1;0;0;0;NA;50548;1;2020-03-12;-57913
2020-03-11;"Žilinský kraj";0;0;0;0;NA;50548;0;2020-03-11;-57914
2020-03-09;"Žilinský kraj";1;0;0;0;NA;50548;1;2020-03-09;-57914
2020-03-08;"Žilinský kraj";0;0;0;0;NA;50548;0;2020-03-08;-57915
2020-03-07;"Žilinský kraj";0;0;0;0;NA;50548;0;2020-03-07;-57915
2020-03-06;"Žilinský kraj";0;0;0;0;NA;50548;0;2020-03-06;-57915
