"Datum";"Region";"PCR_Pos";"Ag_Neg";"Ag_Pos";"Total";"Pocet.potvrdenych";"Potvrdenych";"newcases";"date";"positive"
2021-02-23;"Banskobystrický kraj";462;17844;397;18241;28307;57454;859;2021-02-23;57454
2021-02-22;"Banskobystrický kraj";67;22884;482;23366;NA;57454;549;2021-02-22;56595
2021-02-21;"Banskobystrický kraj";68;26361;504;26865;NA;57454;572;2021-02-21;56046
2021-02-20;"Banskobystrický kraj";280;67938;597;68535;NA;57454;877;2021-02-20;55474
2021-02-19;"Banskobystrický kraj";420;38059;493;38552;NA;57454;913;2021-02-19;54597
2021-02-18;"Banskobystrický kraj";241;18810;394;19204;NA;57454;635;2021-02-18;53684
2021-02-17;"Banskobystrický kraj";415;15882;383;16265;NA;57454;798;2021-02-17;53049
2021-02-16;"Banskobystrický kraj";338;20454;374;20828;NA;57454;712;2021-02-16;52251
2021-02-15;"Banskobystrický kraj";118;34749;557;35306;NA;57454;675;2021-02-15;51539
2021-02-14;"Banskobystrický kraj";60;15609;134;15743;NA;57454;194;2021-02-14;50864
2021-02-13;"Banskobystrický kraj";202;44303;399;44702;NA;57454;601;2021-02-13;50670
2021-02-12;"Banskobystrický kraj";312;36286;538;36824;NA;57454;850;2021-02-12;50069
2021-02-11;"Banskobystrický kraj";305;21349;384;21733;NA;57454;689;2021-02-11;49219
2021-02-10;"Banskobystrický kraj";333;13638;320;13958;NA;57454;653;2021-02-10;48530
2021-02-09;"Banskobystrický kraj";329;17738;353;18091;NA;57454;682;2021-02-09;47877
2021-02-08;"Banskobystrický kraj";103;41304;593;41897;NA;57454;696;2021-02-08;47195
2021-02-07;"Banskobystrický kraj";70;24788;152;24940;NA;57454;222;2021-02-07;46499
2021-02-06;"Banskobystrický kraj";178;63027;545;63572;NA;57454;723;2021-02-06;46277
2021-02-05;"Banskobystrický kraj";282;23804;365;24169;NA;57454;647;2021-02-05;45554
2021-02-04;"Banskobystrický kraj";240;13252;419;13671;NA;57454;659;2021-02-04;44907
2021-02-03;"Banskobystrický kraj";350;9151;245;9396;NA;57454;595;2021-02-03;44248
2021-02-02;"Banskobystrický kraj";277;14872;322;15194;NA;57454;599;2021-02-02;43653
2021-02-01;"Banskobystrický kraj";75;19072;379;19451;NA;57454;454;2021-02-01;43054
2021-01-31;"Banskobystrický kraj";34;24292;213;24505;NA;57454;247;2021-01-31;42600
2021-01-30;"Banskobystrický kraj";163;46246;387;46633;NA;57454;550;2021-01-30;42353
2021-01-29;"Banskobystrický kraj";130;15972;252;16224;NA;57454;382;2021-01-29;41803
2021-01-28;"Banskobystrický kraj";218;14214;361;14575;NA;57454;579;2021-01-28;41421
2021-01-27;"Banskobystrický kraj";191;11081;224;11305;NA;57454;415;2021-01-27;40842
2021-01-26;"Banskobystrický kraj";238;20226;309;20535;NA;57454;547;2021-01-26;40427
2021-01-25;"Banskobystrický kraj";82;31581;371;31952;NA;57454;453;2021-01-25;39880
2021-01-24;"Banskobystrický kraj";38;29267;239;29506;NA;57454;277;2021-01-24;39427
2021-01-23;"Banskobystrický kraj";142;83778;506;84284;NA;57454;648;2021-01-23;39150
2021-01-22;"Banskobystrický kraj";175;27493;370;27863;NA;57454;545;2021-01-22;38502
2021-01-21;"Banskobystrický kraj";194;17003;367;17370;NA;57454;561;2021-01-21;37957
2021-01-20;"Banskobystrický kraj";231;9734;215;9949;NA;57454;446;2021-01-20;37396
2021-01-19;"Banskobystrický kraj";213;11569;352;11921;NA;57454;565;2021-01-19;36950
2021-01-18;"Banskobystrický kraj";94;5915;310;6225;NA;57454;404;2021-01-18;36385
2021-01-17;"Banskobystrický kraj";110;8150;77;8227;NA;57454;187;2021-01-17;35981
2021-01-16;"Banskobystrický kraj";58;1873;56;1929;NA;57454;114;2021-01-16;35794
2021-01-15;"Banskobystrický kraj";164;7261;225;7486;NA;57454;389;2021-01-15;35680
2021-01-14;"Banskobystrický kraj";220;6154;343;6497;NA;57454;563;2021-01-14;35291
2021-01-13;"Banskobystrický kraj";235;6159;223;6382;NA;57454;458;2021-01-13;34728
2021-01-12;"Banskobystrický kraj";194;6995;314;7309;NA;57454;508;2021-01-12;34270
2021-01-11;"Banskobystrický kraj";76;7734;444;8178;NA;57454;520;2021-01-11;33762
2021-01-10;"Banskobystrický kraj";110;102;4;106;NA;57454;114;2021-01-10;33242
2021-01-09;"Banskobystrický kraj";297;2728;107;2835;NA;57454;404;2021-01-09;33128
2021-01-08;"Banskobystrický kraj";435;9149;434;9583;NA;57454;869;2021-01-08;32724
2021-01-07;"Banskobystrický kraj";127;4938;305;5243;NA;57454;432;2021-01-07;31855
2021-01-06;"Banskobystrický kraj";305;3369;210;3579;NA;57454;515;2021-01-06;31423
2021-01-05;"Banskobystrický kraj";372;7327;546;7873;NA;57454;918;2021-01-05;30908
2021-01-04;"Banskobystrický kraj";130;6626;664;7290;NA;57454;794;2021-01-04;29990
2021-01-03;"Banskobystrický kraj";199;162;13;175;NA;57454;212;2021-01-03;29196
2021-01-02;"Banskobystrický kraj";123;583;83;666;NA;57454;206;2021-01-02;28984
2021-01-01;"Banskobystrický kraj";220;2015;135;2150;NA;57454;355;2021-01-01;28778
2020-12-31;"Banskobystrický kraj";499;6932;611;7543;NA;57454;1110;2020-12-31;28423
2020-12-30;"Banskobystrický kraj";593;7566;556;8122;NA;57454;1149;2020-12-30;27313
2020-12-29;"Banskobystrický kraj";240;7769;738;8507;NA;57454;978;2020-12-29;26164
2020-12-28;"Banskobystrický kraj";131;5659;703;6362;NA;57454;834;2020-12-28;25186
2020-12-27;"Banskobystrický kraj";116;496;25;521;NA;57454;141;2020-12-27;24352
2020-12-26;"Banskobystrický kraj";61;259;32;291;NA;57454;93;2020-12-26;24211
2020-12-25;"Banskobystrický kraj";65;229;6;235;NA;57454;71;2020-12-25;24118
2020-12-24;"Banskobystrický kraj";452;3674;135;3809;NA;57454;587;2020-12-24;24047
2020-12-23;"Banskobystrický kraj";368;10110;507;10617;NA;57454;875;2020-12-23;23460
2020-12-22;"Banskobystrický kraj";307;8434;624;9058;NA;57454;931;2020-12-22;22585
2020-12-21;"Banskobystrický kraj";286;4898;448;5346;NA;57454;734;2020-12-21;21654
2020-12-20;"Banskobystrický kraj";155;99;14;113;NA;57454;169;2020-12-20;20920
2020-12-19;"Banskobystrický kraj";170;2918;135;3053;NA;57454;305;2020-12-19;20751
2020-12-18;"Banskobystrický kraj";432;6454;414;6868;NA;57454;846;2020-12-18;20446
2020-12-17;"Banskobystrický kraj";468;8474;772;9246;NA;57454;1240;2020-12-17;19600
2020-12-16;"Banskobystrický kraj";379;10080;557;10637;NA;57454;936;2020-12-16;18360
2020-12-15;"Banskobystrický kraj";336;5318;430;5748;NA;57454;766;2020-12-15;17424
2020-12-14;"Banskobystrický kraj";148;3733;259;3992;NA;57454;407;2020-12-14;16658
2020-12-13;"Banskobystrický kraj";122;19;1;20;NA;57454;123;2020-12-13;16251
2020-12-12;"Banskobystrický kraj";137;2594;138;2732;NA;57454;275;2020-12-12;16128
2020-12-11;"Banskobystrický kraj";468;6443;374;6817;NA;57454;842;2020-12-11;15853
2020-12-10;"Banskobystrický kraj";280;5027;351;5378;NA;57454;631;2020-12-10;15011
2020-12-09;"Banskobystrický kraj";323;3707;212;3919;NA;57454;535;2020-12-09;14380
2020-12-08;"Banskobystrický kraj";256;3667;276;3943;NA;57454;532;2020-12-08;13845
2020-12-07;"Banskobystrický kraj";175;2006;140;2146;NA;57454;315;2020-12-07;13313
2020-12-06;"Banskobystrický kraj";121;359;9;368;NA;57454;130;2020-12-06;12998
2020-12-05;"Banskobystrický kraj";109;952;33;985;NA;57454;142;2020-12-05;12868
2020-12-04;"Banskobystrický kraj";339;3723;174;3897;NA;57454;513;2020-12-04;12726
2020-12-03;"Banskobystrický kraj";240;2913;227;3140;NA;57454;467;2020-12-03;12213
2020-12-02;"Banskobystrický kraj";217;4292;186;4478;NA;57454;403;2020-12-02;11746
2020-12-01;"Banskobystrický kraj";215;2619;134;2753;NA;57454;349;2020-12-01;11343
2020-11-30;"Banskobystrický kraj";75;3761;226;3987;NA;57454;301;2020-11-30;10994
2020-11-29;"Banskobystrický kraj";19;80;3;83;NA;57454;22;2020-11-29;10693
2020-11-28;"Banskobystrický kraj";81;1279;48;1327;NA;57454;129;2020-11-28;10671
2020-11-27;"Banskobystrický kraj";219;1930;120;2050;NA;57454;339;2020-11-27;10542
2020-11-26;"Banskobystrický kraj";209;1855;91;1946;NA;57454;300;2020-11-26;10203
2020-11-25;"Banskobystrický kraj";170;1760;84;1844;NA;57454;254;2020-11-25;9903
2020-11-24;"Banskobystrický kraj";166;2262;67;2329;NA;57454;233;2020-11-24;9649
2020-11-23;"Banskobystrický kraj";66;9948;191;10139;NA;57454;257;2020-11-23;9416
2020-11-22;"Banskobystrický kraj";38;72;1;73;NA;57454;39;2020-11-22;9159
2020-11-21;"Banskobystrický kraj";52;885;14;899;NA;57454;66;2020-11-21;9120
2020-11-20;"Banskobystrický kraj";127;1872;105;1977;NA;57454;232;2020-11-20;9054
2020-11-19;"Banskobystrický kraj";170;1112;82;1194;NA;57454;252;2020-11-19;8822
2020-11-18;"Banskobystrický kraj";153;587;62;649;NA;57454;215;2020-11-18;8570
2020-11-17;"Banskobystrický kraj";52;578;35;613;NA;57454;87;2020-11-17;8355
2020-11-16;"Banskobystrický kraj";106;351;22;373;NA;57454;128;2020-11-16;8268
2020-11-15;"Banskobystrický kraj";52;64;2;66;NA;57454;54;2020-11-15;8140
2020-11-14;"Banskobystrický kraj";73;305;2;307;NA;57454;75;2020-11-14;8086
2020-11-13;"Banskobystrický kraj";157;552;11;563;NA;57454;168;2020-11-13;8011
2020-11-12;"Banskobystrický kraj";218;952;44;996;NA;57454;262;2020-11-12;7843
2020-11-11;"Banskobystrický kraj";224;437;9;446;NA;57454;233;2020-11-11;7581
2020-11-10;"Banskobystrický kraj";263;463;18;481;NA;57454;281;2020-11-10;7348
2020-11-09;"Banskobystrický kraj";80;2678;31;2709;NA;57454;111;2020-11-09;7067
2020-11-08;"Banskobystrický kraj";82;783;16;799;NA;57454;98;2020-11-08;6956
2020-11-07;"Banskobystrický kraj";164;8828;94;8922;NA;57454;258;2020-11-07;6858
2020-11-06;"Banskobystrický kraj";227;2496;16;2512;NA;57454;243;2020-11-06;6600
2020-11-05;"Banskobystrický kraj";240;263;33;296;NA;57454;273;2020-11-05;6357
2020-11-04;"Banskobystrický kraj";254;1366;13;1379;NA;57454;267;2020-11-04;6084
2020-11-03;"Banskobystrický kraj";246;1332;4;1336;NA;57454;250;2020-11-03;5817
2020-11-02;"Banskobystrický kraj";90;2247;65;2312;NA;57454;155;2020-11-02;5567
2020-11-01;"Banskobystrický kraj";101;2671;42;2713;NA;57454;143;2020-11-01;5412
2020-10-31;"Banskobystrický kraj";198;13516;116;13632;NA;57454;314;2020-10-31;5269
2020-10-30;"Banskobystrický kraj";254;2829;20;2849;NA;57454;274;2020-10-30;4955
2020-10-29;"Banskobystrický kraj";372;969;42;1011;NA;57454;414;2020-10-29;4681
2020-10-28;"Banskobystrický kraj";285;302;30;332;NA;57454;315;2020-10-28;4267
2020-10-27;"Banskobystrický kraj";266;654;40;694;NA;57454;306;2020-10-27;3952
2020-10-26;"Banskobystrický kraj";38;232;29;261;NA;57454;67;2020-10-26;3646
2020-10-25;"Banskobystrický kraj";50;140;11;151;NA;57454;61;2020-10-25;3579
2020-10-24;"Banskobystrický kraj";315;114;12;126;NA;57454;327;2020-10-24;3518
2020-10-23;"Banskobystrický kraj";231;230;29;259;NA;57454;260;2020-10-23;3191
2020-10-22;"Banskobystrický kraj";264;253;24;277;NA;57454;288;2020-10-22;2931
2020-10-21;"Banskobystrický kraj";209;266;3;269;NA;57454;212;2020-10-21;2643
2020-10-20;"Banskobystrický kraj";210;66;3;69;NA;57454;213;2020-10-20;2431
2020-10-19;"Banskobystrický kraj";27;71;12;83;NA;57454;39;2020-10-19;2218
2020-10-18;"Banskobystrický kraj";49;0;0;0;NA;57454;49;2020-10-18;2179
2020-10-17;"Banskobystrický kraj";91;0;0;0;NA;57454;91;2020-10-17;2130
2020-10-16;"Banskobystrický kraj";224;37;3;40;NA;57454;227;2020-10-16;2039
2020-10-15;"Banskobystrický kraj";133;29;1;30;NA;57454;134;2020-10-15;1812
2020-10-14;"Banskobystrický kraj";139;31;1;32;NA;57454;140;2020-10-14;1678
2020-10-13;"Banskobystrický kraj";151;169;11;180;NA;57454;162;2020-10-13;1538
2020-10-12;"Banskobystrický kraj";11;13;0;13;NA;57454;11;2020-10-12;1376
2020-10-11;"Banskobystrický kraj";14;0;0;0;NA;57454;14;2020-10-11;1365
2020-10-10;"Banskobystrický kraj";53;0;0;0;NA;57454;53;2020-10-10;1351
2020-10-09;"Banskobystrický kraj";128;0;0;0;NA;57454;128;2020-10-09;1298
2020-10-08;"Banskobystrický kraj";99;0;0;0;NA;57454;99;2020-10-08;1170
2020-10-07;"Banskobystrický kraj";124;0;0;0;NA;57454;124;2020-10-07;1071
2020-10-06;"Banskobystrický kraj";68;0;0;0;NA;57454;68;2020-10-06;947
2020-10-05;"Banskobystrický kraj";49;0;0;0;NA;57454;49;2020-10-05;879
2020-10-04;"Banskobystrický kraj";8;0;0;0;NA;57454;8;2020-10-04;830
2020-10-03;"Banskobystrický kraj";37;0;0;0;NA;57454;37;2020-10-03;822
2020-10-02;"Banskobystrický kraj";74;0;0;0;NA;57454;74;2020-10-02;785
2020-10-01;"Banskobystrický kraj";49;0;0;0;NA;57454;49;2020-10-01;711
2020-09-30;"Banskobystrický kraj";60;0;0;0;NA;57454;60;2020-09-30;662
2020-09-29;"Banskobystrický kraj";24;0;0;0;NA;57454;24;2020-09-29;602
2020-09-27;"Banskobystrický kraj";20;0;0;0;NA;57454;20;2020-09-27;578
2020-09-26;"Banskobystrický kraj";24;0;0;0;NA;57454;24;2020-09-26;558
2020-09-25;"Banskobystrický kraj";29;0;0;0;NA;57454;29;2020-09-25;534
2020-09-24;"Banskobystrický kraj";25;0;0;0;NA;57454;25;2020-09-24;505
2020-09-23;"Banskobystrický kraj";17;0;0;0;NA;57454;17;2020-09-23;480
2020-09-22;"Banskobystrický kraj";25;0;0;0;NA;57454;25;2020-09-22;463
2020-09-21;"Banskobystrický kraj";3;0;0;0;NA;57454;3;2020-09-21;438
2020-09-19;"Banskobystrický kraj";3;0;0;0;NA;57454;3;2020-09-19;435
2020-09-18;"Banskobystrický kraj";24;0;0;0;NA;57454;24;2020-09-18;432
2020-09-17;"Banskobystrický kraj";14;0;0;0;NA;57454;14;2020-09-17;408
2020-09-16;"Banskobystrický kraj";6;0;0;0;NA;57454;6;2020-09-16;394
2020-09-15;"Banskobystrický kraj";2;0;0;0;NA;57454;2;2020-09-15;388
2020-09-14;"Banskobystrický kraj";13;0;0;0;NA;57454;13;2020-09-14;386
2020-09-13;"Banskobystrický kraj";1;0;0;0;NA;57454;1;2020-09-13;373
2020-09-12;"Banskobystrický kraj";5;0;0;0;NA;57454;5;2020-09-12;372
2020-09-11;"Banskobystrický kraj";19;0;0;0;NA;57454;19;2020-09-11;367
2020-09-10;"Banskobystrický kraj";11;0;0;0;NA;57454;11;2020-09-10;348
2020-09-09;"Banskobystrický kraj";13;0;0;0;NA;57454;13;2020-09-09;337
2020-09-08;"Banskobystrický kraj";5;0;0;0;NA;57454;5;2020-09-08;324
2020-09-07;"Banskobystrický kraj";2;0;0;0;NA;57454;2;2020-09-07;319
2020-09-04;"Banskobystrický kraj";9;0;0;0;NA;57454;9;2020-09-04;317
2020-09-03;"Banskobystrický kraj";5;0;0;0;NA;57454;5;2020-09-03;308
2021-02-23;"Bratislavský kraj";257;21210;248;21458;36249;67062;505;2021-02-23;67062
2021-02-22;"Bratislavský kraj";353;29179;352;29531;NA;67062;705;2021-02-22;66557
2021-02-21;"Bratislavský kraj";185;34063;277;34340;NA;67062;462;2021-02-21;65852
2021-02-20;"Bratislavský kraj";167;54329;426;54755;NA;67062;593;2021-02-20;65390
2021-02-19;"Bratislavský kraj";280;35603;768;36371;NA;67062;1048;2021-02-19;64797
2021-02-18;"Bratislavský kraj";263;21236;291;21527;NA;67062;554;2021-02-18;63749
2021-02-17;"Bratislavský kraj";264;19147;257;19404;NA;67062;521;2021-02-17;63195
2021-02-16;"Bratislavský kraj";289;22112;259;22371;NA;67062;548;2021-02-16;62674
2021-02-15;"Bratislavský kraj";248;31293;322;31615;NA;67062;570;2021-02-15;62126
2021-02-14;"Bratislavský kraj";153;34542;242;34784;NA;67062;395;2021-02-14;61556
2021-02-13;"Bratislavský kraj";173;53719;423;54142;NA;67062;596;2021-02-13;61161
2021-02-12;"Bratislavský kraj";282;29560;254;29814;NA;67062;536;2021-02-12;60565
2021-02-11;"Bratislavský kraj";337;21645;257;21902;NA;67062;594;2021-02-11;60029
2021-02-10;"Bratislavský kraj";314;19857;311;20168;NA;67062;625;2021-02-10;59435
2021-02-09;"Bratislavský kraj";287;32349;399;32748;NA;67062;686;2021-02-09;58810
2021-02-08;"Bratislavský kraj";484;31148;361;31509;NA;67062;845;2021-02-08;58124
2021-02-07;"Bratislavský kraj";243;46281;383;46664;NA;67062;626;2021-02-07;57279
2021-02-06;"Bratislavský kraj";116;59067;481;59548;NA;67062;597;2021-02-06;56653
2021-02-05;"Bratislavský kraj";327;25578;366;25944;NA;67062;693;2021-02-05;56056
2021-02-04;"Bratislavský kraj";555;15859;349;16208;NA;67062;904;2021-02-04;55363
2021-02-03;"Bratislavský kraj";161;12776;352;13128;NA;67062;513;2021-02-03;54459
2021-02-02;"Bratislavský kraj";397;27550;463;28013;NA;67062;860;2021-02-02;53946
2021-02-01;"Bratislavský kraj";221;36991;442;37433;NA;67062;663;2021-02-01;53086
2021-01-31;"Bratislavský kraj";180;33163;376;33539;NA;67062;556;2021-01-31;52423
2021-01-30;"Bratislavský kraj";310;38206;415;38621;NA;67062;725;2021-01-30;51867
2021-01-29;"Bratislavský kraj";82;14258;311;14569;NA;67062;393;2021-01-29;51142
2021-01-28;"Bratislavský kraj";307;10452;301;10753;NA;67062;608;2021-01-28;50749
2021-01-27;"Bratislavský kraj";336;22701;348;23049;NA;67062;684;2021-01-27;50141
2021-01-26;"Bratislavský kraj";297;21825;279;22104;NA;67062;576;2021-01-26;49457
2021-01-25;"Bratislavský kraj";356;21956;230;22186;NA;67062;586;2021-01-25;48881
2021-01-24;"Bratislavský kraj";175;34280;344;34624;NA;67062;519;2021-01-24;48295
2021-01-23;"Bratislavský kraj";396;74023;643;74666;NA;67062;1039;2021-01-23;47776
2021-01-22;"Bratislavský kraj";199;40516;341;40857;NA;67062;540;2021-01-22;46737
2021-01-21;"Bratislavský kraj";255;104399;1310;105709;NA;67062;1565;2021-01-21;46197
2021-01-20;"Bratislavský kraj";360;27466;463;27929;NA;67062;823;2021-01-20;44632
2021-01-19;"Bratislavský kraj";375;14345;344;14689;NA;67062;719;2021-01-19;43809
2021-01-18;"Bratislavský kraj";357;11645;706;12351;NA;67062;1063;2021-01-18;43090
2021-01-17;"Bratislavský kraj";244;410;26;436;NA;67062;270;2021-01-17;42027
2021-01-16;"Bratislavský kraj";70;2749;156;2905;NA;67062;226;2021-01-16;41757
2021-01-15;"Bratislavský kraj";251;7632;254;7886;NA;67062;505;2021-01-15;41531
2021-01-14;"Bratislavský kraj";363;8078;273;8351;NA;67062;636;2021-01-14;41026
2021-01-13;"Bratislavský kraj";336;7886;328;8214;NA;67062;664;2021-01-13;40390
2021-01-12;"Bratislavský kraj";450;9435;463;9898;NA;67062;913;2021-01-12;39726
2021-01-11;"Bratislavský kraj";397;18956;380;19336;NA;67062;777;2021-01-11;38813
2021-01-10;"Bratislavský kraj";252;1341;79;1420;NA;67062;331;2021-01-10;38036
2021-01-09;"Bratislavský kraj";351;4946;291;5237;NA;67062;642;2021-01-09;37705
2021-01-08;"Bratislavský kraj";556;9319;431;9750;NA;67062;987;2021-01-08;37063
2021-01-07;"Bratislavský kraj";537;7135;426;7561;NA;67062;963;2021-01-07;36076
2021-01-06;"Bratislavský kraj";271;3018;216;3234;NA;67062;487;2021-01-06;35113
2021-01-05;"Bratislavský kraj";619;11567;842;12409;NA;67062;1461;2021-01-05;34626
2021-01-04;"Bratislavský kraj";601;7302;608;7910;NA;67062;1209;2021-01-04;33165
2021-01-03;"Bratislavský kraj";77;389;41;430;NA;67062;118;2021-01-03;31956
2021-01-02;"Bratislavský kraj";185;370;56;426;NA;67062;241;2021-01-02;31838
2021-01-01;"Bratislavský kraj";235;3143;130;3273;NA;67062;365;2021-01-01;31597
2020-12-31;"Bratislavský kraj";925;13824;590;14414;NA;67062;1515;2020-12-31;31232
2020-12-30;"Bratislavský kraj";650;9195;519;9714;NA;67062;1169;2020-12-30;29717
2020-12-29;"Bratislavský kraj";303;10223;774;10997;NA;67062;1077;2020-12-29;28548
2020-12-28;"Bratislavský kraj";255;7608;559;8167;NA;67062;814;2020-12-28;27471
2020-12-27;"Bratislavský kraj";160;646;76;722;NA;67062;236;2020-12-27;26657
2020-12-26;"Bratislavský kraj";75;416;23;439;NA;67062;98;2020-12-26;26421
2020-12-25;"Bratislavský kraj";114;460;38;498;NA;67062;152;2020-12-25;26323
2020-12-24;"Bratislavský kraj";536;3373;102;3475;NA;67062;638;2020-12-24;26171
2020-12-23;"Bratislavský kraj";416;13030;498;13528;NA;67062;914;2020-12-23;25533
2020-12-22;"Bratislavský kraj";327;14940;762;15702;NA;67062;1089;2020-12-22;24619
2020-12-21;"Bratislavský kraj";392;14755;1998;16753;NA;67062;2390;2020-12-21;23530
2020-12-20;"Bratislavský kraj";180;634;54;688;NA;67062;234;2020-12-20;21140
2020-12-19;"Bratislavský kraj";396;3150;129;3279;NA;67062;525;2020-12-19;20906
2020-12-18;"Bratislavský kraj";306;10477;413;10890;NA;67062;719;2020-12-18;20381
2020-12-17;"Bratislavský kraj";502;9964;403;10367;NA;67062;905;2020-12-17;19662
2020-12-16;"Bratislavský kraj";282;10408;456;10864;NA;67062;738;2020-12-16;18757
2020-12-15;"Bratislavský kraj";423;10856;488;11344;NA;67062;911;2020-12-15;18019
2020-12-14;"Bratislavský kraj";279;6628;310;6938;NA;67062;589;2020-12-14;17108
2020-12-13;"Bratislavský kraj";125;108;7;115;NA;67062;132;2020-12-13;16519
2020-12-12;"Bratislavský kraj";361;3734;157;3891;NA;67062;518;2020-12-12;16387
2020-12-11;"Bratislavský kraj";326;7102;302;7404;NA;67062;628;2020-12-11;15869
2020-12-10;"Bratislavský kraj";286;5169;222;5391;NA;67062;508;2020-12-10;15241
2020-12-09;"Bratislavský kraj";382;4778;188;4966;NA;67062;570;2020-12-09;14733
2020-12-08;"Bratislavský kraj";234;5900;213;6113;NA;67062;447;2020-12-08;14163
2020-12-07;"Bratislavský kraj";272;4345;168;4513;NA;67062;440;2020-12-07;13716
2020-12-06;"Bratislavský kraj";61;1584;52;1636;NA;67062;113;2020-12-06;13276
2020-12-05;"Bratislavský kraj";266;2134;40;2174;NA;67062;306;2020-12-05;13163
2020-12-04;"Bratislavský kraj";200;4511;104;4615;NA;67062;304;2020-12-04;12857
2020-12-03;"Bratislavský kraj";213;5036;102;5138;NA;67062;315;2020-12-03;12553
2020-12-02;"Bratislavský kraj";204;2504;83;2587;NA;67062;287;2020-12-02;12238
2020-12-01;"Bratislavský kraj";255;3305;168;3473;NA;67062;423;2020-12-01;11951
2020-11-30;"Bratislavský kraj";152;2061;123;2184;NA;67062;275;2020-11-30;11528
2020-11-29;"Bratislavský kraj";52;41;21;62;NA;67062;73;2020-11-29;11253
2020-11-28;"Bratislavský kraj";232;1983;21;2004;NA;67062;253;2020-11-28;11180
2020-11-27;"Bratislavský kraj";54;1198;29;1227;NA;67062;83;2020-11-27;10927
2020-11-26;"Bratislavský kraj";129;1114;25;1139;NA;67062;154;2020-11-26;10844
2020-11-25;"Bratislavský kraj";140;1133;31;1164;NA;67062;171;2020-11-25;10690
2020-11-24;"Bratislavský kraj";81;2988;67;3055;NA;67062;148;2020-11-24;10519
2020-11-23;"Bratislavský kraj";67;405;13;418;NA;67062;80;2020-11-23;10371
2020-11-22;"Bratislavský kraj";36;81;7;88;NA;67062;43;2020-11-22;10291
2020-11-21;"Bratislavský kraj";109;2126;47;2173;NA;67062;156;2020-11-21;10248
2020-11-20;"Bratislavský kraj";118;2869;48;2917;NA;67062;166;2020-11-20;10092
2020-11-19;"Bratislavský kraj";173;987;29;1016;NA;67062;202;2020-11-19;9926
2020-11-18;"Bratislavský kraj";118;616;75;691;NA;67062;193;2020-11-18;9724
2020-11-17;"Bratislavský kraj";108;928;23;951;NA;67062;131;2020-11-17;9531
2020-11-16;"Bratislavský kraj";82;651;9;660;NA;67062;91;2020-11-16;9400
2020-11-15;"Bratislavský kraj";47;236;0;236;NA;67062;47;2020-11-15;9309
2020-11-14;"Bratislavský kraj";53;1834;15;1849;NA;67062;68;2020-11-14;9262
2020-11-13;"Bratislavský kraj";94;2096;21;2117;NA;67062;115;2020-11-13;9194
2020-11-12;"Bratislavský kraj";141;1727;6;1733;NA;67062;147;2020-11-12;9079
2020-11-11;"Bratislavský kraj";159;1429;12;1441;NA;67062;171;2020-11-11;8932
2020-11-10;"Bratislavský kraj";136;805;14;819;NA;67062;150;2020-11-10;8761
2020-11-09;"Bratislavský kraj";70;466;1;467;NA;67062;71;2020-11-09;8611
2020-11-08;"Bratislavský kraj";82;869;6;875;NA;67062;88;2020-11-08;8540
2020-11-07;"Bratislavský kraj";88;4039;17;4056;NA;67062;105;2020-11-07;8452
2020-11-06;"Bratislavský kraj";281;6441;25;6466;NA;67062;306;2020-11-06;8347
2020-11-05;"Bratislavský kraj";175;476;11;487;NA;67062;186;2020-11-05;8041
2020-11-04;"Bratislavský kraj";65;411;10;421;NA;67062;75;2020-11-04;7855
2020-11-03;"Bratislavský kraj";251;944;5;949;NA;67062;256;2020-11-03;7780
2020-11-02;"Bratislavský kraj";202;3365;22;3387;NA;67062;224;2020-11-02;7524
2020-11-01;"Bratislavský kraj";227;8694;39;8733;NA;67062;266;2020-11-01;7300
2020-10-31;"Bratislavský kraj";173;22407;123;22530;NA;67062;296;2020-10-31;7034
2020-10-30;"Bratislavský kraj";158;17350;138;17488;NA;67062;296;2020-10-30;6738
2020-10-29;"Bratislavský kraj";262;116;4;120;NA;67062;266;2020-10-29;6442
2020-10-28;"Bratislavský kraj";220;260;15;275;NA;67062;235;2020-10-28;6176
2020-10-27;"Bratislavský kraj";256;145;4;149;NA;67062;260;2020-10-27;5941
2020-10-26;"Bratislavský kraj";123;229;11;240;NA;67062;134;2020-10-26;5681
2020-10-25;"Bratislavský kraj";152;33;2;35;NA;67062;154;2020-10-25;5547
2020-10-24;"Bratislavský kraj";170;221;6;227;NA;67062;176;2020-10-24;5393
2020-10-23;"Bratislavský kraj";151;144;8;152;NA;67062;159;2020-10-23;5217
2020-10-22;"Bratislavský kraj";192;204;15;219;NA;67062;207;2020-10-22;5058
2020-10-21;"Bratislavský kraj";66;90;6;96;NA;67062;72;2020-10-21;4851
2020-10-20;"Bratislavský kraj";183;97;4;101;NA;67062;187;2020-10-20;4779
2020-10-19;"Bratislavský kraj";148;80;3;83;NA;67062;151;2020-10-19;4592
2020-10-18;"Bratislavský kraj";75;92;0;92;NA;67062;75;2020-10-18;4441
2020-10-17;"Bratislavský kraj";136;0;0;0;NA;67062;136;2020-10-17;4366
2020-10-16;"Bratislavský kraj";103;14;1;15;NA;67062;104;2020-10-16;4230
2020-10-15;"Bratislavský kraj";135;6;1;7;NA;67062;136;2020-10-15;4126
2020-10-14;"Bratislavský kraj";127;4;0;4;NA;67062;127;2020-10-14;3990
2020-10-13;"Bratislavský kraj";86;108;8;116;NA;67062;94;2020-10-13;3863
2020-10-12;"Bratislavský kraj";46;0;0;0;NA;67062;46;2020-10-12;3769
2020-10-11;"Bratislavský kraj";80;0;0;0;NA;67062;80;2020-10-11;3723
2020-10-10;"Bratislavský kraj";55;0;0;0;NA;67062;55;2020-10-10;3643
2020-10-09;"Bratislavský kraj";148;0;0;0;NA;67062;148;2020-10-09;3588
2020-10-08;"Bratislavský kraj";100;0;0;0;NA;67062;100;2020-10-08;3440
2020-10-07;"Bratislavský kraj";107;0;0;0;NA;67062;107;2020-10-07;3340
2020-10-06;"Bratislavský kraj";108;0;0;0;NA;67062;108;2020-10-06;3233
2020-10-05;"Bratislavský kraj";30;0;0;0;NA;67062;30;2020-10-05;3125
2020-10-04;"Bratislavský kraj";49;0;0;0;NA;67062;49;2020-10-04;3095
2020-10-03;"Bratislavský kraj";82;0;0;0;NA;67062;82;2020-10-03;3046
2020-10-02;"Bratislavský kraj";101;0;0;0;NA;67062;101;2020-10-02;2964
2020-10-01;"Bratislavský kraj";72;0;0;0;NA;67062;72;2020-10-01;2863
2020-09-30;"Bratislavský kraj";91;0;0;0;NA;67062;91;2020-09-30;2791
2020-09-29;"Bratislavský kraj";74;0;0;0;NA;67062;74;2020-09-29;2700
2020-09-28;"Bratislavský kraj";29;0;0;0;NA;67062;29;2020-09-28;2626
2020-09-27;"Bratislavský kraj";48;0;0;0;NA;67062;48;2020-09-27;2597
2020-09-26;"Bratislavský kraj";86;0;0;0;NA;67062;86;2020-09-26;2549
2020-09-25;"Bratislavský kraj";97;0;0;0;NA;67062;97;2020-09-25;2463
2020-09-24;"Bratislavský kraj";73;0;0;0;NA;67062;73;2020-09-24;2366
2020-09-23;"Bratislavský kraj";55;0;0;0;NA;67062;55;2020-09-23;2293
2020-09-22;"Bratislavský kraj";81;0;0;0;NA;67062;81;2020-09-22;2238
2020-09-21;"Bratislavský kraj";32;0;0;0;NA;67062;32;2020-09-21;2157
2020-09-20;"Bratislavský kraj";25;0;0;0;NA;67062;25;2020-09-20;2125
2020-09-19;"Bratislavský kraj";59;0;0;0;NA;67062;59;2020-09-19;2100
2020-09-18;"Bratislavský kraj";42;0;0;0;NA;67062;42;2020-09-18;2041
2020-09-17;"Bratislavský kraj";52;0;0;0;NA;67062;52;2020-09-17;1999
2020-09-16;"Bratislavský kraj";32;0;0;0;NA;67062;32;2020-09-16;1947
2020-09-15;"Bratislavský kraj";26;0;0;0;NA;67062;26;2020-09-15;1915
2020-09-14;"Bratislavský kraj";24;0;0;0;NA;67062;24;2020-09-14;1889
2020-09-13;"Bratislavský kraj";11;0;0;0;NA;67062;11;2020-09-13;1865
2020-09-12;"Bratislavský kraj";24;0;0;0;NA;67062;24;2020-09-12;1854
2020-09-11;"Bratislavský kraj";50;0;0;0;NA;67062;50;2020-09-11;1830
2020-09-10;"Bratislavský kraj";47;0;0;0;NA;67062;47;2020-09-10;1780
2020-09-09;"Bratislavský kraj";40;0;0;0;NA;67062;40;2020-09-09;1733
2020-09-08;"Bratislavský kraj";58;0;0;0;NA;67062;58;2020-09-08;1693
2020-09-07;"Bratislavský kraj";39;0;0;0;NA;67062;39;2020-09-07;1635
2020-09-06;"Bratislavský kraj";11;0;0;0;NA;67062;11;2020-09-06;1596
2020-09-05;"Bratislavský kraj";37;0;0;0;NA;67062;37;2020-09-05;1585
2020-09-04;"Bratislavský kraj";87;0;0;0;NA;67062;87;2020-09-04;1548
2020-09-03;"Bratislavský kraj";51;0;0;0;NA;67062;51;2020-09-03;1461
2021-02-23;"Košický kraj";642;17064;263;17327;39153;67764;905;2021-02-23;67764
2021-02-22;"Košický kraj";362;30526;423;30949;NA;67764;785;2021-02-22;66859
2021-02-21;"Košický kraj";170;40404;381;40785;NA;67764;551;2021-02-21;66074
2021-02-20;"Košický kraj";283;91977;772;92749;NA;67764;1055;2021-02-20;65523
2021-02-19;"Košický kraj";507;41487;582;42069;NA;67764;1089;2021-02-19;64468
2021-02-18;"Košický kraj";397;18196;344;18540;NA;67764;741;2021-02-18;63379
2021-02-17;"Košický kraj";322;18420;385;18805;NA;67764;707;2021-02-17;62638
2021-02-16;"Košický kraj";600;22190;465;22655;NA;67764;1065;2021-02-16;61931
2021-02-15;"Košický kraj";216;24997;371;25368;NA;67764;587;2021-02-15;60866
2021-02-14;"Košický kraj";241;57132;525;57657;NA;67764;766;2021-02-14;60279
2021-02-13;"Košický kraj";206;93267;767;94034;NA;67764;973;2021-02-13;59513
2021-02-12;"Košický kraj";448;50169;611;50780;NA;67764;1059;2021-02-12;58540
2021-02-11;"Košický kraj";435;14660;332;14992;NA;67764;767;2021-02-11;57481
2021-02-10;"Košický kraj";360;19569;436;20005;NA;67764;796;2021-02-10;56714
2021-02-09;"Košický kraj";545;24417;458;24875;NA;67764;1003;2021-02-09;55918
2021-02-08;"Košický kraj";237;27829;420;28249;NA;67764;657;2021-02-08;54915
2021-02-07;"Košický kraj";208;56475;606;57081;NA;67764;814;2021-02-07;54258
2021-02-06;"Košický kraj";318;101420;857;102277;NA;67764;1175;2021-02-06;53444
2021-02-05;"Košický kraj";384;42776;491;43267;NA;67764;875;2021-02-05;52269
2021-02-04;"Košický kraj";391;14560;371;14931;NA;67764;762;2021-02-04;51394
2021-02-03;"Košický kraj";296;32718;1110;33828;NA;67764;1406;2021-02-03;50632
2021-02-02;"Košický kraj";473;23670;444;24114;NA;67764;917;2021-02-02;49226
2021-02-01;"Košický kraj";415;18828;311;19139;NA;67764;726;2021-02-01;48309
2021-01-31;"Košický kraj";142;53674;585;54259;NA;67764;727;2021-01-31;47583
2021-01-30;"Košický kraj";320;76985;673;77658;NA;67764;993;2021-01-30;46856
2021-01-29;"Košický kraj";258;36814;450;37264;NA;67764;708;2021-01-29;45863
2021-01-28;"Košický kraj";540;8833;233;9066;NA;67764;773;2021-01-28;45155
2021-01-27;"Košický kraj";265;7248;195;7443;NA;67764;460;2021-01-27;44382
2021-01-26;"Košický kraj";530;13909;240;14149;NA;67764;770;2021-01-26;43922
2021-01-25;"Košický kraj";226;25885;401;26286;NA;67764;627;2021-01-25;43152
2021-01-24;"Košický kraj";150;44453;592;45045;NA;67764;742;2021-01-24;42525
2021-01-23;"Košický kraj";232;82016;843;82859;NA;67764;1075;2021-01-23;41783
2021-01-22;"Košický kraj";316;19674;262;19936;NA;67764;578;2021-01-22;40708
2021-01-21;"Košický kraj";274;13644;159;13803;NA;67764;433;2021-01-21;40130
2021-01-20;"Košický kraj";374;10522;194;10716;NA;67764;568;2021-01-20;39697
2021-01-19;"Košický kraj";248;9462;174;9636;NA;67764;422;2021-01-19;39129
2021-01-18;"Košický kraj";333;5408;203;5611;NA;67764;536;2021-01-18;38707
2021-01-17;"Košický kraj";155;535;14;549;NA;67764;169;2021-01-17;38171
2021-01-16;"Košický kraj";153;1403;47;1450;NA;67764;200;2021-01-16;38002
2021-01-15;"Košický kraj";308;6271;210;6481;NA;67764;518;2021-01-15;37802
2021-01-14;"Košický kraj";358;5331;213;5544;NA;67764;571;2021-01-14;37284
2021-01-13;"Košický kraj";421;4781;218;4999;NA;67764;639;2021-01-13;36713
2021-01-12;"Košický kraj";482;6555;247;6802;NA;67764;729;2021-01-12;36074
2021-01-11;"Košický kraj";309;7770;295;8065;NA;67764;604;2021-01-11;35345
2021-01-10;"Košický kraj";193;134;6;140;NA;67764;199;2021-01-10;34741
2021-01-09;"Košický kraj";469;1134;45;1179;NA;67764;514;2021-01-09;34542
2021-01-08;"Košický kraj";551;7944;377;8321;NA;67764;928;2021-01-08;34028
2021-01-07;"Košický kraj";251;6136;404;6540;NA;67764;655;2021-01-07;33100
2021-01-06;"Košický kraj";442;429;33;462;NA;67764;475;2021-01-06;32445
2021-01-05;"Košický kraj";584;7821;531;8352;NA;67764;1115;2021-01-05;31970
2021-01-04;"Košický kraj";407;6826;690;7516;NA;67764;1097;2021-01-04;30855
2021-01-03;"Košický kraj";118;661;22;683;NA;67764;140;2021-01-03;29758
2021-01-02;"Košický kraj";88;440;52;492;NA;67764;140;2021-01-02;29618
2021-01-01;"Košický kraj";398;725;49;774;NA;67764;447;2021-01-01;29478
2020-12-31;"Košický kraj";625;7877;461;8338;NA;67764;1086;2020-12-31;29031
2020-12-30;"Košický kraj";590;6477;412;6889;NA;67764;1002;2020-12-30;27945
2020-12-29;"Košický kraj";419;7573;605;8178;NA;67764;1024;2020-12-29;26943
2020-12-28;"Košický kraj";356;8296;804;9100;NA;67764;1160;2020-12-28;25919
2020-12-27;"Košický kraj";159;147;16;163;NA;67764;175;2020-12-27;24759
2020-12-26;"Košický kraj";163;274;23;297;NA;67764;186;2020-12-26;24584
2020-12-25;"Košický kraj";237;140;10;150;NA;67764;247;2020-12-25;24398
2020-12-24;"Košický kraj";564;1470;90;1560;NA;67764;654;2020-12-24;24151
2020-12-23;"Košický kraj";304;7942;354;8296;NA;67764;658;2020-12-23;23497
2020-12-22;"Košický kraj";438;7920;459;8379;NA;67764;897;2020-12-22;22839
2020-12-21;"Košický kraj";405;6984;509;7493;NA;67764;914;2020-12-21;21942
2020-12-20;"Košický kraj";215;48;8;56;NA;67764;223;2020-12-20;21028
2020-12-19;"Košický kraj";207;1148;59;1207;NA;67764;266;2020-12-19;20805
2020-12-18;"Košický kraj";310;8484;326;8810;NA;67764;636;2020-12-18;20539
2020-12-17;"Košický kraj";463;5292;255;5547;NA;67764;718;2020-12-17;19903
2020-12-16;"Košický kraj";455;5898;316;6214;NA;67764;771;2020-12-16;19185
2020-12-15;"Košický kraj";319;5086;338;5424;NA;67764;657;2020-12-15;18414
2020-12-14;"Košický kraj";256;2893;239;3132;NA;67764;495;2020-12-14;17757
2020-12-13;"Košický kraj";47;181;2;183;NA;67764;49;2020-12-13;17262
2020-12-12;"Košický kraj";369;1587;118;1705;NA;67764;487;2020-12-12;17213
2020-12-11;"Košický kraj";355;5461;258;5719;NA;67764;613;2020-12-11;16726
2020-12-10;"Košický kraj";283;4064;176;4240;NA;67764;459;2020-12-10;16113
2020-12-09;"Košický kraj";279;3786;166;3952;NA;67764;445;2020-12-09;15654
2020-12-08;"Košický kraj";226;4105;355;4460;NA;67764;581;2020-12-08;15209
2020-12-07;"Košický kraj";270;2111;103;2214;NA;67764;373;2020-12-07;14628
2020-12-06;"Košický kraj";121;97;20;117;NA;67764;141;2020-12-06;14255
2020-12-05;"Košický kraj";90;1096;48;1144;NA;67764;138;2020-12-05;14114
2020-12-04;"Košický kraj";224;2680;82;2762;NA;67764;306;2020-12-04;13976
2020-12-03;"Košický kraj";211;7717;173;7890;NA;67764;384;2020-12-03;13670
2020-12-02;"Košický kraj";194;3654;124;3778;NA;67764;318;2020-12-02;13286
2020-12-01;"Košický kraj";178;2237;124;2361;NA;67764;302;2020-12-01;12968
2020-11-30;"Košický kraj";171;3754;62;3816;NA;67764;233;2020-11-30;12666
2020-11-29;"Košický kraj";31;287;16;303;NA;67764;47;2020-11-29;12433
2020-11-28;"Košický kraj";69;721;52;773;NA;67764;121;2020-11-28;12386
2020-11-27;"Košický kraj";149;2729;74;2803;NA;67764;223;2020-11-27;12265
2020-11-26;"Košický kraj";239;1090;55;1145;NA;67764;294;2020-11-26;12042
2020-11-25;"Košický kraj";237;1664;122;1786;NA;67764;359;2020-11-25;11748
2020-11-24;"Košický kraj";196;1871;64;1935;NA;67764;260;2020-11-24;11389
2020-11-23;"Košický kraj";51;3737;54;3791;NA;67764;105;2020-11-23;11129
2020-11-22;"Košický kraj";57;28;3;31;NA;67764;60;2020-11-22;11024
2020-11-21;"Košický kraj";87;858;36;894;NA;67764;123;2020-11-21;10964
2020-11-20;"Košický kraj";176;2989;45;3034;NA;67764;221;2020-11-20;10841
2020-11-19;"Košický kraj";206;1648;40;1688;NA;67764;246;2020-11-19;10620
2020-11-18;"Košický kraj";122;443;16;459;NA;67764;138;2020-11-18;10374
2020-11-17;"Košický kraj";152;82;9;91;NA;67764;161;2020-11-17;10236
2020-11-16;"Košický kraj";114;531;24;555;NA;67764;138;2020-11-16;10075
2020-11-15;"Košický kraj";15;338;7;345;NA;67764;22;2020-11-15;9937
2020-11-14;"Košický kraj";234;520;12;532;NA;67764;246;2020-11-14;9915
2020-11-13;"Košický kraj";207;664;29;693;NA;67764;236;2020-11-13;9669
2020-11-12;"Košický kraj";192;736;13;749;NA;67764;205;2020-11-12;9433
2020-11-11;"Košický kraj";301;593;7;600;NA;67764;308;2020-11-11;9228
2020-11-10;"Košický kraj";190;541;11;552;NA;67764;201;2020-11-10;8920
2020-11-09;"Košický kraj";129;380;5;385;NA;67764;134;2020-11-09;8719
2020-11-08;"Košický kraj";78;1298;8;1306;NA;67764;86;2020-11-08;8585
2020-11-07;"Košický kraj";192;3909;22;3931;NA;67764;214;2020-11-07;8499
2020-11-06;"Košický kraj";195;5310;34;5344;NA;67764;229;2020-11-06;8285
2020-11-05;"Košický kraj";342;330;31;361;NA;67764;373;2020-11-05;8056
2020-11-04;"Košický kraj";101;154;6;160;NA;67764;107;2020-11-04;7683
2020-11-03;"Košický kraj";358;1122;13;1135;NA;67764;371;2020-11-03;7576
2020-11-02;"Košický kraj";111;4368;51;4419;NA;67764;162;2020-11-02;7205
2020-11-01;"Košický kraj";346;6522;34;6556;NA;67764;380;2020-11-01;7043
2020-10-31;"Košický kraj";82;13810;105;13915;NA;67764;187;2020-10-31;6663
2020-10-30;"Košický kraj";379;2835;27;2862;NA;67764;406;2020-10-30;6476
2020-10-29;"Košický kraj";333;983;13;996;NA;67764;346;2020-10-29;6070
2020-10-28;"Košický kraj";224;305;13;318;NA;67764;237;2020-10-28;5724
2020-10-27;"Košický kraj";386;439;21;460;NA;67764;407;2020-10-27;5487
2020-10-26;"Košický kraj";56;206;10;216;NA;67764;66;2020-10-26;5080
2020-10-25;"Košický kraj";154;79;2;81;NA;67764;156;2020-10-25;5014
2020-10-24;"Košický kraj";313;113;15;128;NA;67764;328;2020-10-24;4858
2020-10-23;"Košický kraj";315;331;8;339;NA;67764;323;2020-10-23;4530
2020-10-22;"Košický kraj";349;530;16;546;NA;67764;365;2020-10-22;4207
2020-10-21;"Košický kraj";129;84;2;86;NA;67764;131;2020-10-21;3842
2020-10-20;"Košický kraj";181;14;1;15;NA;67764;182;2020-10-20;3711
2020-10-19;"Košický kraj";64;10;0;10;NA;67764;64;2020-10-19;3529
2020-10-18;"Košický kraj";158;0;0;0;NA;67764;158;2020-10-18;3465
2020-10-17;"Košický kraj";142;0;0;0;NA;67764;142;2020-10-17;3307
2020-10-16;"Košický kraj";206;19;0;19;NA;67764;206;2020-10-16;3165
2020-10-15;"Košický kraj";177;19;5;24;NA;67764;182;2020-10-15;2959
2020-10-14;"Košický kraj";211;8;0;8;NA;67764;211;2020-10-14;2777
2020-10-13;"Košický kraj";179;80;3;83;NA;67764;182;2020-10-13;2566
2020-10-12;"Košický kraj";74;0;0;0;NA;67764;74;2020-10-12;2384
2020-10-11;"Košický kraj";121;0;0;0;NA;67764;121;2020-10-11;2310
2020-10-10;"Košický kraj";70;0;0;0;NA;67764;70;2020-10-10;2189
2020-10-09;"Košický kraj";188;0;0;0;NA;67764;188;2020-10-09;2119
2020-10-08;"Košický kraj";102;0;0;0;NA;67764;102;2020-10-08;1931
2020-10-07;"Košický kraj";158;0;0;0;NA;67764;158;2020-10-07;1829
2020-10-06;"Košický kraj";70;0;0;0;NA;67764;70;2020-10-06;1671
2020-10-05;"Košický kraj";39;0;0;0;NA;67764;39;2020-10-05;1601
2020-10-04;"Košický kraj";45;0;0;0;NA;67764;45;2020-10-04;1562
2020-10-03;"Košický kraj";105;0;0;0;NA;67764;105;2020-10-03;1517
2020-10-02;"Košický kraj";57;0;0;0;NA;67764;57;2020-10-02;1412
2020-10-01;"Košický kraj";69;0;0;0;NA;67764;69;2020-10-01;1355
2020-09-30;"Košický kraj";95;0;0;0;NA;67764;95;2020-09-30;1286
2020-09-29;"Košický kraj";75;0;0;0;NA;67764;75;2020-09-29;1191
2020-09-28;"Košický kraj";19;0;0;0;NA;67764;19;2020-09-28;1116
2020-09-27;"Košický kraj";21;0;0;0;NA;67764;21;2020-09-27;1097
2020-09-26;"Košický kraj";53;0;0;0;NA;67764;53;2020-09-26;1076
2020-09-25;"Košický kraj";72;0;0;0;NA;67764;72;2020-09-25;1023
2020-09-24;"Košický kraj";35;0;0;0;NA;67764;35;2020-09-24;951
2020-09-23;"Košický kraj";23;0;0;0;NA;67764;23;2020-09-23;916
2020-09-22;"Košický kraj";39;0;0;0;NA;67764;39;2020-09-22;893
2020-09-21;"Košický kraj";5;0;0;0;NA;67764;5;2020-09-21;854
2020-09-20;"Košický kraj";3;0;0;0;NA;67764;3;2020-09-20;849
2020-09-19;"Košický kraj";13;0;0;0;NA;67764;13;2020-09-19;846
2020-09-18;"Košický kraj";20;0;0;0;NA;67764;20;2020-09-18;833
2020-09-17;"Košický kraj";22;0;0;0;NA;67764;22;2020-09-17;813
2020-09-16;"Košický kraj";12;0;0;0;NA;67764;12;2020-09-16;791
2020-09-15;"Košický kraj";10;0;0;0;NA;67764;10;2020-09-15;779
2020-09-14;"Košický kraj";6;0;0;0;NA;67764;6;2020-09-14;769
2020-09-13;"Košický kraj";3;0;0;0;NA;67764;3;2020-09-13;763
2020-09-12;"Košický kraj";16;0;0;0;NA;67764;16;2020-09-12;760
2020-09-11;"Košický kraj";20;0;0;0;NA;67764;20;2020-09-11;744
2020-09-10;"Košický kraj";11;0;0;0;NA;67764;11;2020-09-10;724
2020-09-09;"Košický kraj";37;0;0;0;NA;67764;37;2020-09-09;713
2020-09-08;"Košický kraj";10;0;0;0;NA;67764;10;2020-09-08;676
2020-09-07;"Košický kraj";4;0;0;0;NA;67764;4;2020-09-07;666
2020-09-06;"Košický kraj";2;0;0;0;NA;67764;2;2020-09-06;662
2020-09-05;"Košický kraj";10;0;0;0;NA;67764;10;2020-09-05;660
2020-09-04;"Košický kraj";14;0;0;0;NA;67764;14;2020-09-04;650
2020-09-03;"Košický kraj";22;0;0;0;NA;67764;22;2020-09-03;636
2021-02-23;"Nitriansky kraj";273;13356;231;13587;33498;76954;504;2021-02-23;76954
2021-02-22;"Nitriansky kraj";154;22893;298;23191;NA;76954;452;2021-02-22;76450
2021-02-21;"Nitriansky kraj";22;33091;217;33308;NA;76954;239;2021-02-21;75998
2021-02-20;"Nitriansky kraj";128;90679;463;91142;NA;76954;591;2021-02-20;75759
2021-02-19;"Nitriansky kraj";173;35389;311;35700;NA;76954;484;2021-02-19;75168
2021-02-18;"Nitriansky kraj";202;16378;263;16641;NA;76954;465;2021-02-18;74684
2021-02-17;"Nitriansky kraj";198;11413;288;11701;NA;76954;486;2021-02-17;74219
2021-02-16;"Nitriansky kraj";284;14342;278;14620;NA;76954;562;2021-02-16;73733
2021-02-15;"Nitriansky kraj";122;24937;449;25386;NA;76954;571;2021-02-15;73171
2021-02-14;"Nitriansky kraj";8;33732;192;33924;NA;76954;200;2021-02-14;72600
2021-02-13;"Nitriansky kraj";127;101740;596;102336;NA;76954;723;2021-02-13;72400
2021-02-12;"Nitriansky kraj";162;32729;397;33126;NA;76954;559;2021-02-12;71677
2021-02-11;"Nitriansky kraj";195;12320;270;12590;NA;76954;465;2021-02-11;71118
2021-02-10;"Nitriansky kraj";186;17589;644;18233;NA;76954;830;2021-02-10;70653
2021-02-09;"Nitriansky kraj";260;18460;380;18840;NA;76954;640;2021-02-09;69823
2021-02-08;"Nitriansky kraj";177;40466;600;41066;NA;76954;777;2021-02-08;69183
2021-02-07;"Nitriansky kraj";20;46664;452;47116;NA;76954;472;2021-02-07;68406
2021-02-06;"Nitriansky kraj";129;95445;830;96275;NA;76954;959;2021-02-06;67934
2021-02-05;"Nitriansky kraj";244;34503;621;35124;NA;76954;865;2021-02-05;66975
2021-02-04;"Nitriansky kraj";308;15849;507;16356;NA;76954;815;2021-02-04;66110
2021-02-03;"Nitriansky kraj";191;10890;340;11230;NA;76954;531;2021-02-03;65295
2021-02-02;"Nitriansky kraj";327;17646;367;18013;NA;76954;694;2021-02-02;64764
2021-02-01;"Nitriansky kraj";221;25279;469;25748;NA;76954;690;2021-02-01;64070
2021-01-31;"Nitriansky kraj";9;22581;240;22821;NA;76954;249;2021-01-31;63380
2021-01-30;"Nitriansky kraj";152;85233;874;86107;NA;76954;1026;2021-01-30;63131
2021-01-29;"Nitriansky kraj";135;23753;486;24239;NA;76954;621;2021-01-29;62105
2021-01-28;"Nitriansky kraj";269;11132;381;11513;NA;76954;650;2021-01-28;61484
2021-01-27;"Nitriansky kraj";235;6759;299;7058;NA;76954;534;2021-01-27;60834
2021-01-26;"Nitriansky kraj";345;15805;445;16250;NA;76954;790;2021-01-26;60300
2021-01-25;"Nitriansky kraj";201;21737;431;22168;NA;76954;632;2021-01-25;59510
2021-01-24;"Nitriansky kraj";12;64769;642;65411;NA;76954;654;2021-01-24;58878
2021-01-23;"Nitriansky kraj";277;96698;1433;98131;NA;76954;1710;2021-01-23;58224
2021-01-22;"Nitriansky kraj";139;35406;614;36020;NA;76954;753;2021-01-22;56514
2021-01-21;"Nitriansky kraj";305;14646;412;15058;NA;76954;717;2021-01-21;55761
2021-01-20;"Nitriansky kraj";326;11841;622;12463;NA;76954;948;2021-01-20;55044
2021-01-19;"Nitriansky kraj";344;11016;633;11649;NA;76954;977;2021-01-19;54096
2021-01-18;"Nitriansky kraj";367;8676;511;9187;NA;76954;878;2021-01-18;53119
2021-01-17;"Nitriansky kraj";97;15061;275;15336;NA;76954;372;2021-01-17;52241
2021-01-16;"Nitriansky kraj";64;36365;654;37019;NA;76954;718;2021-01-16;51869
2021-01-15;"Nitriansky kraj";373;15876;475;16351;NA;76954;848;2021-01-15;51151
2021-01-14;"Nitriansky kraj";627;10453;443;10896;NA;76954;1070;2021-01-14;50303
2021-01-13;"Nitriansky kraj";663;9387;497;9884;NA;76954;1160;2021-01-13;49233
2021-01-12;"Nitriansky kraj";642;9102;574;9676;NA;76954;1216;2021-01-12;48073
2021-01-11;"Nitriansky kraj";422;8383;526;8909;NA;76954;948;2021-01-11;46857
2021-01-10;"Nitriansky kraj";44;19841;730;20571;NA;76954;774;2021-01-10;45909
2021-01-09;"Nitriansky kraj";532;37075;1090;38165;NA;76954;1622;2021-01-09;45135
2021-01-08;"Nitriansky kraj";817;14243;731;14974;NA;76954;1548;2021-01-08;43513
2021-01-07;"Nitriansky kraj";438;10618;784;11402;NA;76954;1222;2021-01-07;41965
2021-01-06;"Nitriansky kraj";259;3347;239;3586;NA;76954;498;2021-01-06;40743
2021-01-05;"Nitriansky kraj";732;8957;1215;10172;NA;76954;1947;2021-01-05;40245
2021-01-04;"Nitriansky kraj";362;8480;1274;9754;NA;76954;1636;2021-01-04;38298
2021-01-03;"Nitriansky kraj";42;84;20;104;NA;76954;62;2021-01-03;36662
2021-01-02;"Nitriansky kraj";249;1090;26;1116;NA;76954;275;2021-01-02;36600
2021-01-01;"Nitriansky kraj";119;671;94;765;NA;76954;213;2021-01-01;36325
2020-12-31;"Nitriansky kraj";786;7646;962;8608;NA;76954;1748;2020-12-31;36112
2020-12-30;"Nitriansky kraj";1094;9620;1165;10785;NA;76954;2259;2020-12-30;34364
2020-12-29;"Nitriansky kraj";607;8277;1286;9563;NA;76954;1893;2020-12-29;32105
2020-12-28;"Nitriansky kraj";83;6981;1271;8252;NA;76954;1354;2020-12-28;30212
2020-12-27;"Nitriansky kraj";22;36;2;38;NA;76954;24;2020-12-27;28858
2020-12-26;"Nitriansky kraj";54;297;56;353;NA;76954;110;2020-12-26;28834
2020-12-25;"Nitriansky kraj";35;47;5;52;NA;76954;40;2020-12-25;28724
2020-12-24;"Nitriansky kraj";514;1861;176;2037;NA;76954;690;2020-12-24;28684
2020-12-23;"Nitriansky kraj";349;15293;843;16136;NA;76954;1192;2020-12-23;27994
2020-12-22;"Nitriansky kraj";673;10987;994;11981;NA;76954;1667;2020-12-22;26802
2020-12-21;"Nitriansky kraj";128;7953;976;8929;NA;76954;1104;2020-12-21;25135
2020-12-20;"Nitriansky kraj";77;50;10;60;NA;76954;87;2020-12-20;24031
2020-12-19;"Nitriansky kraj";262;2259;159;2418;NA;76954;421;2020-12-19;23944
2020-12-18;"Nitriansky kraj";512;8437;551;8988;NA;76954;1063;2020-12-18;23523
2020-12-17;"Nitriansky kraj";586;6894;514;7408;NA;76954;1100;2020-12-17;22460
2020-12-16;"Nitriansky kraj";357;8785;546;9331;NA;76954;903;2020-12-16;21360
2020-12-15;"Nitriansky kraj";461;9365;769;10134;NA;76954;1230;2020-12-15;20457
2020-12-14;"Nitriansky kraj";217;8089;827;8916;NA;76954;1044;2020-12-14;19227
2020-12-13;"Nitriansky kraj";12;9;1;10;NA;76954;13;2020-12-13;18183
2020-12-12;"Nitriansky kraj";341;1832;125;1957;NA;76954;466;2020-12-12;18170
2020-12-11;"Nitriansky kraj";409;6193;465;6658;NA;76954;874;2020-12-11;17704
2020-12-10;"Nitriansky kraj";360;5030;326;5356;NA;76954;686;2020-12-10;16830
2020-12-09;"Nitriansky kraj";362;5726;542;6268;NA;76954;904;2020-12-09;16144
2020-12-08;"Nitriansky kraj";340;8766;611;9377;NA;76954;951;2020-12-08;15240
2020-12-07;"Nitriansky kraj";139;6243;573;6816;NA;76954;712;2020-12-07;14289
2020-12-06;"Nitriansky kraj";15;89;4;93;NA;76954;19;2020-12-06;13577
2020-12-05;"Nitriansky kraj";136;618;14;632;NA;76954;150;2020-12-05;13558
2020-12-04;"Nitriansky kraj";232;3047;86;3133;NA;76954;318;2020-12-04;13408
2020-12-03;"Nitriansky kraj";248;2599;127;2726;NA;76954;375;2020-12-03;13090
2020-12-02;"Nitriansky kraj";252;3733;163;3896;NA;76954;415;2020-12-02;12715
2020-12-01;"Nitriansky kraj";331;2941;133;3074;NA;76954;464;2020-12-01;12300
2020-11-30;"Nitriansky kraj";91;4836;207;5043;NA;76954;298;2020-11-30;11836
2020-11-29;"Nitriansky kraj";3;620;42;662;NA;76954;45;2020-11-29;11538
2020-11-28;"Nitriansky kraj";135;892;31;923;NA;76954;166;2020-11-28;11493
2020-11-27;"Nitriansky kraj";177;1229;43;1272;NA;76954;220;2020-11-27;11327
2020-11-26;"Nitriansky kraj";191;2262;57;2319;NA;76954;248;2020-11-26;11107
2020-11-25;"Nitriansky kraj";325;1993;66;2059;NA;76954;391;2020-11-25;10859
2020-11-24;"Nitriansky kraj";147;1141;50;1191;NA;76954;197;2020-11-24;10468
2020-11-23;"Nitriansky kraj";102;9562;206;9768;NA;76954;308;2020-11-23;10271
2020-11-22;"Nitriansky kraj";7;0;0;0;NA;76954;7;2020-11-22;9963
2020-11-21;"Nitriansky kraj";86;1083;38;1121;NA;76954;124;2020-11-21;9956
2020-11-20;"Nitriansky kraj";264;4020;101;4121;NA;76954;365;2020-11-20;9832
2020-11-19;"Nitriansky kraj";185;2953;133;3086;NA;76954;318;2020-11-19;9467
2020-11-18;"Nitriansky kraj";188;2109;77;2186;NA;76954;265;2020-11-18;9149
2020-11-17;"Nitriansky kraj";178;596;29;625;NA;76954;207;2020-11-17;8884
2020-11-16;"Nitriansky kraj";139;1836;75;1911;NA;76954;214;2020-11-16;8677
2020-11-15;"Nitriansky kraj";14;10;1;11;NA;76954;15;2020-11-15;8463
2020-11-14;"Nitriansky kraj";114;1131;32;1163;NA;76954;146;2020-11-14;8448
2020-11-13;"Nitriansky kraj";210;936;46;982;NA;76954;256;2020-11-13;8302
2020-11-12;"Nitriansky kraj";256;1195;35;1230;NA;76954;291;2020-11-12;8046
2020-11-11;"Nitriansky kraj";279;1247;22;1269;NA;76954;301;2020-11-11;7755
2020-11-10;"Nitriansky kraj";192;2623;39;2662;NA;76954;231;2020-11-10;7454
2020-11-09;"Nitriansky kraj";128;3136;43;3179;NA;76954;171;2020-11-09;7223
2020-11-08;"Nitriansky kraj";43;1462;32;1494;NA;76954;75;2020-11-08;7052
2020-11-07;"Nitriansky kraj";130;1046;4;1050;NA;76954;134;2020-11-07;6977
2020-11-06;"Nitriansky kraj";210;2264;32;2296;NA;76954;242;2020-11-06;6843
2020-11-05;"Nitriansky kraj";178;295;12;307;NA;76954;190;2020-11-05;6601
2020-11-04;"Nitriansky kraj";211;297;16;313;NA;76954;227;2020-11-04;6411
2020-11-03;"Nitriansky kraj";216;435;25;460;NA;76954;241;2020-11-03;6184
2020-11-02;"Nitriansky kraj";171;4208;46;4254;NA;76954;217;2020-11-02;5943
2020-11-01;"Nitriansky kraj";130;2546;27;2573;NA;76954;157;2020-11-01;5726
2020-10-31;"Nitriansky kraj";261;10402;134;10536;NA;76954;395;2020-10-31;5569
2020-10-30;"Nitriansky kraj";204;2380;21;2401;NA;76954;225;2020-10-30;5174
2020-10-29;"Nitriansky kraj";293;841;39;880;NA;76954;332;2020-10-29;4949
2020-10-28;"Nitriansky kraj";216;608;59;667;NA;76954;275;2020-10-28;4617
2020-10-27;"Nitriansky kraj";296;550;47;597;NA;76954;343;2020-10-27;4342
2020-10-26;"Nitriansky kraj";69;633;56;689;NA;76954;125;2020-10-26;3999
2020-10-25;"Nitriansky kraj";50;40;6;46;NA;76954;56;2020-10-25;3874
2020-10-24;"Nitriansky kraj";169;237;11;248;NA;76954;180;2020-10-24;3818
2020-10-23;"Nitriansky kraj";282;762;41;803;NA;76954;323;2020-10-23;3638
2020-10-22;"Nitriansky kraj";137;444;39;483;NA;76954;176;2020-10-22;3315
2020-10-21;"Nitriansky kraj";146;208;3;211;NA;76954;149;2020-10-21;3139
2020-10-20;"Nitriansky kraj";197;78;6;84;NA;76954;203;2020-10-20;2990
2020-10-19;"Nitriansky kraj";148;79;1;80;NA;76954;149;2020-10-19;2787
2020-10-18;"Nitriansky kraj";22;0;0;0;NA;76954;22;2020-10-18;2638
2020-10-17;"Nitriansky kraj";67;0;0;0;NA;76954;67;2020-10-17;2616
2020-10-16;"Nitriansky kraj";133;28;3;31;NA;76954;136;2020-10-16;2549
2020-10-15;"Nitriansky kraj";106;31;2;33;NA;76954;108;2020-10-15;2413
2020-10-14;"Nitriansky kraj";80;22;4;26;NA;76954;84;2020-10-14;2305
2020-10-13;"Nitriansky kraj";101;82;2;84;NA;76954;103;2020-10-13;2221
2020-10-12;"Nitriansky kraj";36;0;0;0;NA;76954;36;2020-10-12;2118
2020-10-11;"Nitriansky kraj";8;0;0;0;NA;76954;8;2020-10-11;2082
2020-10-10;"Nitriansky kraj";107;0;0;0;NA;76954;107;2020-10-10;2074
2020-10-09;"Nitriansky kraj";120;0;0;0;NA;76954;120;2020-10-09;1967
2020-10-08;"Nitriansky kraj";132;0;0;0;NA;76954;132;2020-10-08;1847
2020-10-07;"Nitriansky kraj";81;0;0;0;NA;76954;81;2020-10-07;1715
2020-10-06;"Nitriansky kraj";48;0;0;0;NA;76954;48;2020-10-06;1634
2020-10-05;"Nitriansky kraj";20;0;0;0;NA;76954;20;2020-10-05;1586
2020-10-04;"Nitriansky kraj";17;0;0;0;NA;76954;17;2020-10-04;1566
2020-10-03;"Nitriansky kraj";96;0;0;0;NA;76954;96;2020-10-03;1549
2020-10-02;"Nitriansky kraj";108;0;0;0;NA;76954;108;2020-10-02;1453
2020-10-01;"Nitriansky kraj";95;0;0;0;NA;76954;95;2020-10-01;1345
2020-09-30;"Nitriansky kraj";100;0;0;0;NA;76954;100;2020-09-30;1250
2020-09-29;"Nitriansky kraj";50;0;0;0;NA;76954;50;2020-09-29;1150
2020-09-28;"Nitriansky kraj";22;0;0;0;NA;76954;22;2020-09-28;1100
2020-09-27;"Nitriansky kraj";16;0;0;0;NA;76954;16;2020-09-27;1078
2020-09-26;"Nitriansky kraj";64;0;0;0;NA;76954;64;2020-09-26;1062
2020-09-25;"Nitriansky kraj";90;0;0;0;NA;76954;90;2020-09-25;998
2020-09-24;"Nitriansky kraj";51;0;0;0;NA;76954;51;2020-09-24;908
2020-09-23;"Nitriansky kraj";70;0;0;0;NA;76954;70;2020-09-23;857
2020-09-22;"Nitriansky kraj";18;0;0;0;NA;76954;18;2020-09-22;787
2020-09-21;"Nitriansky kraj";10;0;0;0;NA;76954;10;2020-09-21;769
2020-09-20;"Nitriansky kraj";4;0;0;0;NA;76954;4;2020-09-20;759
2020-09-19;"Nitriansky kraj";14;0;0;0;NA;76954;14;2020-09-19;755
2020-09-18;"Nitriansky kraj";19;0;0;0;NA;76954;19;2020-09-18;741
2020-09-17;"Nitriansky kraj";30;0;0;0;NA;76954;30;2020-09-17;722
2020-09-16;"Nitriansky kraj";6;0;0;0;NA;76954;6;2020-09-16;692
2020-09-15;"Nitriansky kraj";19;0;0;0;NA;76954;19;2020-09-15;686
2020-09-14;"Nitriansky kraj";28;0;0;0;NA;76954;28;2020-09-14;667
2020-09-13;"Nitriansky kraj";3;0;0;0;NA;76954;3;2020-09-13;639
2020-09-12;"Nitriansky kraj";12;0;0;0;NA;76954;12;2020-09-12;636
2020-09-11;"Nitriansky kraj";23;0;0;0;NA;76954;23;2020-09-11;624
2020-09-10;"Nitriansky kraj";29;0;0;0;NA;76954;29;2020-09-10;601
2020-09-09;"Nitriansky kraj";19;0;0;0;NA;76954;19;2020-09-09;572
2020-09-08;"Nitriansky kraj";17;0;0;0;NA;76954;17;2020-09-08;553
2020-09-07;"Nitriansky kraj";17;0;0;0;NA;76954;17;2020-09-07;536
2020-09-05;"Nitriansky kraj";22;0;0;0;NA;76954;22;2020-09-05;519
2020-09-04;"Nitriansky kraj";34;0;0;0;NA;76954;34;2020-09-04;497
2020-09-03;"Nitriansky kraj";15;0;0;0;NA;76954;15;2020-09-03;463
2021-02-23;"Prešovský kraj";430;18009;287;18296;43823;77150;717;2021-02-23;77150
2021-02-22;"Prešovský kraj";351;24311;314;24625;NA;77150;665;2021-02-22;76433
2021-02-21;"Prešovský kraj";66;26763;245;27008;NA;77150;311;2021-02-21;75768
2021-02-20;"Prešovský kraj";129;56326;419;56745;NA;77150;548;2021-02-20;75457
2021-02-19;"Prešovský kraj";381;35315;398;35713;NA;77150;779;2021-02-19;74909
2021-02-18;"Prešovský kraj";268;15649;280;15929;NA;77150;548;2021-02-18;74130
2021-02-17;"Prešovský kraj";293;16609;236;16845;NA;77150;529;2021-02-17;73582
2021-02-16;"Prešovský kraj";422;17536;251;17787;NA;77150;673;2021-02-16;73053
2021-02-15;"Prešovský kraj";211;28832;283;29115;NA;77150;494;2021-02-15;72380
2021-02-14;"Prešovský kraj";27;31859;272;32131;NA;77150;299;2021-02-14;71886
2021-02-13;"Prešovský kraj";157;71806;373;72179;NA;77150;530;2021-02-13;71587
2021-02-12;"Prešovský kraj";308;36967;344;37311;NA;77150;652;2021-02-12;71057
2021-02-11;"Prešovský kraj";218;14282;216;14498;NA;77150;434;2021-02-11;70405
2021-02-10;"Prešovský kraj";220;17130;251;17381;NA;77150;471;2021-02-10;69971
2021-02-09;"Prešovský kraj";323;19624;345;19969;NA;77150;668;2021-02-09;69500
2021-02-08;"Prešovský kraj";161;36559;235;36794;NA;77150;396;2021-02-08;68832
2021-02-07;"Prešovský kraj";21;23291;151;23442;NA;77150;172;2021-02-07;68436
2021-02-06;"Prešovský kraj";176;66798;348;67146;NA;77150;524;2021-02-06;68264
2021-02-05;"Prešovský kraj";177;28174;244;28418;NA;77150;421;2021-02-05;67740
2021-02-04;"Prešovský kraj";176;11799;220;12019;NA;77150;396;2021-02-04;67319
2021-02-03;"Prešovský kraj";251;7679;210;7889;NA;77150;461;2021-02-03;66923
2021-02-02;"Prešovský kraj";249;11884;280;12164;NA;77150;529;2021-02-02;66462
2021-02-01;"Prešovský kraj";220;15313;276;15589;NA;77150;496;2021-02-01;65933
2021-01-31;"Prešovský kraj";42;1623;38;1661;NA;77150;80;2021-01-31;65437
2021-01-30;"Prešovský kraj";142;23939;215;24154;NA;77150;357;2021-01-30;65357
2021-01-29;"Prešovský kraj";88;15782;274;16056;NA;77150;362;2021-01-29;65000
2021-01-28;"Prešovský kraj";311;8356;143;8499;NA;77150;454;2021-01-28;64638
2021-01-27;"Prešovský kraj";153;9554;141;9695;NA;77150;294;2021-01-27;64184
2021-01-26;"Prešovský kraj";252;16281;145;16426;NA;77150;397;2021-01-26;63890
2021-01-25;"Prešovský kraj";196;28063;244;28307;NA;77150;440;2021-01-25;63493
2021-01-24;"Prešovský kraj";12;52958;386;53344;NA;77150;398;2021-01-24;63053
2021-01-23;"Prešovský kraj";189;89846;434;90280;NA;77150;623;2021-01-23;62655
2021-01-22;"Prešovský kraj";187;34075;253;34328;NA;77150;440;2021-01-22;62032
2021-01-21;"Prešovský kraj";187;19529;204;19733;NA;77150;391;2021-01-21;61592
2021-01-20;"Prešovský kraj";253;13935;177;14112;NA;77150;430;2021-01-20;61201
2021-01-19;"Prešovský kraj";281;11977;297;12274;NA;77150;578;2021-01-19;60771
2021-01-18;"Prešovský kraj";203;10147;328;10475;NA;77150;531;2021-01-18;60193
2021-01-17;"Prešovský kraj";107;14393;1008;15401;NA;77150;1115;2021-01-17;59662
2021-01-16;"Prešovský kraj";72;1583;76;1659;NA;77150;148;2021-01-16;58547
2021-01-15;"Prešovský kraj";159;6490;225;6715;NA;77150;384;2021-01-15;58399
2021-01-14;"Prešovský kraj";268;5430;249;5679;NA;77150;517;2021-01-14;58015
2021-01-13;"Prešovský kraj";342;5464;215;5679;NA;77150;557;2021-01-13;57498
2021-01-12;"Prešovský kraj";455;8367;390;8757;NA;77150;845;2021-01-12;56941
2021-01-11;"Prešovský kraj";343;7583;457;8040;NA;77150;800;2021-01-11;56096
2021-01-10;"Prešovský kraj";63;476;23;499;NA;77150;86;2021-01-10;55296
2021-01-09;"Prešovský kraj";439;2248;125;2373;NA;77150;564;2021-01-09;55210
2021-01-08;"Prešovský kraj";430;10554;547;11101;NA;77150;977;2021-01-08;54646
2021-01-07;"Prešovský kraj";268;7688;639;8327;NA;77150;907;2021-01-07;53669
2021-01-06;"Prešovský kraj";315;1259;101;1360;NA;77150;416;2021-01-06;52762
2021-01-05;"Prešovský kraj";655;11429;971;12400;NA;77150;1626;2021-01-05;52346
2021-01-04;"Prešovský kraj";371;16935;1738;18673;NA;77150;2109;2021-01-04;50720
2021-01-03;"Prešovský kraj";89;257;37;294;NA;77150;126;2021-01-03;48611
2021-01-02;"Prešovský kraj";65;1559;160;1719;NA;77150;225;2021-01-02;48485
2021-01-01;"Prešovský kraj";174;914;70;984;NA;77150;244;2021-01-01;48260
2020-12-31;"Prešovský kraj";640;11723;733;12456;NA;77150;1373;2020-12-31;48016
2020-12-30;"Prešovský kraj";729;8791;759;9550;NA;77150;1488;2020-12-30;46643
2020-12-29;"Prešovský kraj";435;8596;890;9486;NA;77150;1325;2020-12-29;45155
2020-12-28;"Prešovský kraj";393;8734;1076;9810;NA;77150;1469;2020-12-28;43830
2020-12-27;"Prešovský kraj";40;571;39;610;NA;77150;79;2020-12-27;42361
2020-12-26;"Prešovský kraj";64;176;12;188;NA;77150;76;2020-12-26;42282
2020-12-25;"Prešovský kraj";208;273;13;286;NA;77150;221;2020-12-25;42206
2020-12-24;"Prešovský kraj";452;1214;85;1299;NA;77150;537;2020-12-24;41985
2020-12-23;"Prešovský kraj";361;11132;603;11735;NA;77150;964;2020-12-23;41448
2020-12-22;"Prešovský kraj";439;9112;685;9797;NA;77150;1124;2020-12-22;40484
2020-12-21;"Prešovský kraj";432;9665;840;10505;NA;77150;1272;2020-12-21;39360
2020-12-20;"Prešovský kraj";184;396;20;416;NA;77150;204;2020-12-20;38088
2020-12-19;"Prešovský kraj";276;1658;151;1809;NA;77150;427;2020-12-19;37884
2020-12-18;"Prešovský kraj";396;8850;599;9449;NA;77150;995;2020-12-18;37457
2020-12-17;"Prešovský kraj";427;10826;891;11717;NA;77150;1318;2020-12-17;36462
2020-12-16;"Prešovský kraj";466;6017;508;6525;NA;77150;974;2020-12-16;35144
2020-12-15;"Prešovský kraj";411;5685;584;6269;NA;77150;995;2020-12-15;34170
2020-12-14;"Prešovský kraj";334;5767;508;6275;NA;77150;842;2020-12-14;33175
2020-12-13;"Prešovský kraj";89;29;8;37;NA;77150;97;2020-12-13;32333
2020-12-12;"Prešovský kraj";319;2474;166;2640;NA;77150;485;2020-12-12;32236
2020-12-11;"Prešovský kraj";560;6042;418;6460;NA;77150;978;2020-12-11;31751
2020-12-10;"Prešovský kraj";337;5180;440;5620;NA;77150;777;2020-12-10;30773
2020-12-09;"Prešovský kraj";358;3646;270;3916;NA;77150;628;2020-12-09;29996
2020-12-08;"Prešovský kraj";350;6436;647;7083;NA;77150;997;2020-12-08;29368
2020-12-07;"Prešovský kraj";309;3700;281;3981;NA;77150;590;2020-12-07;28371
2020-12-06;"Prešovský kraj";59;358;26;384;NA;77150;85;2020-12-06;27781
2020-12-05;"Prešovský kraj";218;984;87;1071;NA;77150;305;2020-12-05;27696
2020-12-04;"Prešovský kraj";352;4471;281;4752;NA;77150;633;2020-12-04;27391
2020-12-03;"Prešovský kraj";284;2900;202;3102;NA;77150;486;2020-12-03;26758
2020-12-02;"Prešovský kraj";232;3251;235;3486;NA;77150;467;2020-12-02;26272
2020-12-01;"Prešovský kraj";281;2341;213;2554;NA;77150;494;2020-12-01;25805
2020-11-30;"Prešovský kraj";196;5821;110;5931;NA;77150;306;2020-11-30;25311
2020-11-29;"Prešovský kraj";27;379;42;421;NA;77150;69;2020-11-29;25005
2020-11-28;"Prešovský kraj";199;682;62;744;NA;77150;261;2020-11-28;24936
2020-11-27;"Prešovský kraj";232;2135;119;2254;NA;77150;351;2020-11-27;24675
2020-11-26;"Prešovský kraj";263;2787;312;3099;NA;77150;575;2020-11-26;24324
2020-11-25;"Prešovský kraj";302;1642;78;1720;NA;77150;380;2020-11-25;23749
2020-11-24;"Prešovský kraj";365;1662;140;1802;NA;77150;505;2020-11-24;23369
2020-11-23;"Prešovský kraj";164;842;42;884;NA;77150;206;2020-11-23;22864
2020-11-22;"Prešovský kraj";46;30;1;31;NA;77150;47;2020-11-22;22658
2020-11-21;"Prešovský kraj";205;689;57;746;NA;77150;262;2020-11-21;22611
2020-11-20;"Prešovský kraj";363;2063;98;2161;NA;77150;461;2020-11-20;22349
2020-11-19;"Prešovský kraj";359;1973;229;2202;NA;77150;588;2020-11-19;21888
2020-11-18;"Prešovský kraj";270;373;32;405;NA;77150;302;2020-11-18;21300
2020-11-17;"Prešovský kraj";347;151;17;168;NA;77150;364;2020-11-17;20998
2020-11-16;"Prešovský kraj";226;382;51;433;NA;77150;277;2020-11-16;20634
2020-11-15;"Prešovský kraj";186;39;4;43;NA;77150;190;2020-11-15;20357
2020-11-14;"Prešovský kraj";261;54;4;58;NA;77150;265;2020-11-14;20167
2020-11-13;"Prešovský kraj";395;166;8;174;NA;77150;403;2020-11-13;19902
2020-11-12;"Prešovský kraj";397;229;50;279;NA;77150;447;2020-11-12;19499
2020-11-11;"Prešovský kraj";516;161;15;176;NA;77150;531;2020-11-11;19052
2020-11-10;"Prešovský kraj";437;197;9;206;NA;77150;446;2020-11-10;18521
2020-11-09;"Prešovský kraj";190;4106;945;5051;NA;77150;1135;2020-11-09;18075
2020-11-08;"Prešovský kraj";97;2817;32;2849;NA;77150;129;2020-11-08;16940
2020-11-07;"Prešovský kraj";416;8578;81;8659;NA;77150;497;2020-11-07;16811
2020-11-06;"Prešovský kraj";520;4791;76;4867;NA;77150;596;2020-11-06;16314
2020-11-05;"Prešovský kraj";397;180;5;185;NA;77150;402;2020-11-05;15718
2020-11-04;"Prešovský kraj";350;807;8;815;NA;77150;358;2020-11-04;15316
2020-11-03;"Prešovský kraj";565;98;12;110;NA;77150;577;2020-11-03;14958
2020-11-02;"Prešovský kraj";203;4158;1004;5162;NA;77150;1207;2020-11-02;14381
2020-11-01;"Prešovský kraj";386;2906;53;2959;NA;77150;439;2020-11-01;13174
2020-10-31;"Prešovský kraj";315;10497;170;10667;NA;77150;485;2020-10-31;12735
2020-10-30;"Prešovský kraj";552;2949;65;3014;NA;77150;617;2020-10-30;12250
2020-10-29;"Prešovský kraj";594;301;38;339;NA;77150;632;2020-10-29;11633
2020-10-28;"Prešovský kraj";617;291;46;337;NA;77150;663;2020-10-28;11001
2020-10-27;"Prešovský kraj";656;268;34;302;NA;77150;690;2020-10-27;10338
2020-10-26;"Prešovský kraj";137;363;57;420;NA;77150;194;2020-10-26;9648
2020-10-25;"Prešovský kraj";237;346;11;357;NA;77150;248;2020-10-25;9454
2020-10-24;"Prešovský kraj";719;200;12;212;NA;77150;731;2020-10-24;9206
2020-10-23;"Prešovský kraj";750;218;8;226;NA;77150;758;2020-10-23;8475
2020-10-22;"Prešovský kraj";646;396;30;426;NA;77150;676;2020-10-22;7717
2020-10-21;"Prešovský kraj";383;58;8;66;NA;77150;391;2020-10-21;7041
2020-10-20;"Prešovský kraj";493;65;7;72;NA;77150;500;2020-10-20;6650
2020-10-19;"Prešovský kraj";140;235;15;250;NA;77150;155;2020-10-19;6150
2020-10-18;"Prešovský kraj";209;0;0;0;NA;77150;209;2020-10-18;5995
2020-10-17;"Prešovský kraj";342;0;0;0;NA;77150;342;2020-10-17;5786
2020-10-16;"Prešovský kraj";388;57;3;60;NA;77150;391;2020-10-16;5444
2020-10-15;"Prešovský kraj";435;85;18;103;NA;77150;453;2020-10-15;5053
2020-10-14;"Prešovský kraj";451;54;10;64;NA;77150;461;2020-10-14;4600
2020-10-13;"Prešovský kraj";264;50;6;56;NA;77150;270;2020-10-13;4139
2020-10-12;"Prešovský kraj";214;334;35;369;NA;77150;249;2020-10-12;3869
2020-10-11;"Prešovský kraj";127;0;0;0;NA;77150;127;2020-10-11;3620
2020-10-10;"Prešovský kraj";248;0;0;0;NA;77150;248;2020-10-10;3493
2020-10-09;"Prešovský kraj";406;0;0;0;NA;77150;406;2020-10-09;3245
2020-10-08;"Prešovský kraj";245;0;0;0;NA;77150;245;2020-10-08;2839
2020-10-07;"Prešovský kraj";244;0;0;0;NA;77150;244;2020-10-07;2594
2020-10-06;"Prešovský kraj";166;0;0;0;NA;77150;166;2020-10-06;2350
2020-10-05;"Prešovský kraj";84;0;0;0;NA;77150;84;2020-10-05;2184
2020-10-04;"Prešovský kraj";118;0;0;0;NA;77150;118;2020-10-04;2100
2020-10-03;"Prešovský kraj";204;0;0;0;NA;77150;204;2020-10-03;1982
2020-10-02;"Prešovský kraj";149;0;0;0;NA;77150;149;2020-10-02;1778
2020-10-01;"Prešovský kraj";136;0;0;0;NA;77150;136;2020-10-01;1629
2020-09-30;"Prešovský kraj";121;0;0;0;NA;77150;121;2020-09-30;1493
2020-09-29;"Prešovský kraj";156;0;0;0;NA;77150;156;2020-09-29;1372
2020-09-28;"Prešovský kraj";51;0;0;0;NA;77150;51;2020-09-28;1216
2020-09-27;"Prešovský kraj";10;0;0;0;NA;77150;10;2020-09-27;1165
2020-09-26;"Prešovský kraj";72;0;0;0;NA;77150;72;2020-09-26;1155
2020-09-25;"Prešovský kraj";91;0;0;0;NA;77150;91;2020-09-25;1083
2020-09-24;"Prešovský kraj";52;0;0;0;NA;77150;52;2020-09-24;992
2020-09-23;"Prešovský kraj";55;0;0;0;NA;77150;55;2020-09-23;940
2020-09-22;"Prešovský kraj";29;0;0;0;NA;77150;29;2020-09-22;885
2020-09-21;"Prešovský kraj";14;0;0;0;NA;77150;14;2020-09-21;856
2020-09-20;"Prešovský kraj";5;0;0;0;NA;77150;5;2020-09-20;842
2020-09-19;"Prešovský kraj";12;0;0;0;NA;77150;12;2020-09-19;837
2020-09-18;"Prešovský kraj";29;0;0;0;NA;77150;29;2020-09-18;825
2020-09-17;"Prešovský kraj";25;0;0;0;NA;77150;25;2020-09-17;796
2020-09-16;"Prešovský kraj";8;0;0;0;NA;77150;8;2020-09-16;771
2020-09-15;"Prešovský kraj";10;0;0;0;NA;77150;10;2020-09-15;763
2020-09-14;"Prešovský kraj";47;0;0;0;NA;77150;47;2020-09-14;753
2020-09-13;"Prešovský kraj";3;0;0;0;NA;77150;3;2020-09-13;706
2020-09-12;"Prešovský kraj";4;0;0;0;NA;77150;4;2020-09-12;703
2020-09-11;"Prešovský kraj";15;0;0;0;NA;77150;15;2020-09-11;699
2020-09-10;"Prešovský kraj";10;0;0;0;NA;77150;10;2020-09-10;684
2020-09-09;"Prešovský kraj";21;0;0;0;NA;77150;21;2020-09-09;674
2020-09-08;"Prešovský kraj";23;0;0;0;NA;77150;23;2020-09-08;653
2020-09-07;"Prešovský kraj";5;0;0;0;NA;77150;5;2020-09-07;630
2020-09-06;"Prešovský kraj";3;0;0;0;NA;77150;3;2020-09-06;625
2020-09-05;"Prešovský kraj";7;0;0;0;NA;77150;7;2020-09-05;622
2020-09-04;"Prešovský kraj";24;0;0;0;NA;77150;24;2020-09-04;615
2020-09-03;"Prešovský kraj";8;0;0;0;NA;77150;8;2020-09-03;591
2021-02-23;"Trenčiansky kraj";577;12258;321;12579;39942;72216;898;2021-02-23;72216
2021-02-22;"Trenčiansky kraj";160;20155;469;20624;NA;72216;629;2021-02-22;71318
2021-02-21;"Trenčiansky kraj";64;26413;359;26772;NA;72216;423;2021-02-21;70689
2021-02-20;"Trenčiansky kraj";274;71765;685;72450;NA;72216;959;2021-02-20;70266
2021-02-19;"Trenčiansky kraj";272;28521;495;29016;NA;72216;767;2021-02-19;69307
2021-02-18;"Trenčiansky kraj";355;12756;361;13117;NA;72216;716;2021-02-18;68540
2021-02-17;"Trenčiansky kraj";363;11474;368;11842;NA;72216;731;2021-02-17;67824
2021-02-16;"Trenčiansky kraj";488;17029;388;17417;NA;72216;876;2021-02-16;67093
2021-02-15;"Trenčiansky kraj";151;21725;456;22181;NA;72216;607;2021-02-15;66217
2021-02-14;"Trenčiansky kraj";2;5310;53;5363;NA;72216;55;2021-02-14;65610
2021-02-13;"Trenčiansky kraj";274;65369;569;65938;NA;72216;843;2021-02-13;65555
2021-02-12;"Trenčiansky kraj";276;26465;401;26866;NA;72216;677;2021-02-12;64712
2021-02-11;"Trenčiansky kraj";291;11017;320;11337;NA;72216;611;2021-02-11;64035
2021-02-10;"Trenčiansky kraj";304;10924;312;11236;NA;72216;616;2021-02-10;63424
2021-02-09;"Trenčiansky kraj";514;20881;372;21253;NA;72216;886;2021-02-09;62808
2021-02-08;"Trenčiansky kraj";182;27598;414;28012;NA;72216;596;2021-02-08;61922
2021-02-07;"Trenčiansky kraj";31;25706;262;25968;NA;72216;293;2021-02-07;61326
2021-02-06;"Trenčiansky kraj";216;63561;580;64141;NA;72216;796;2021-02-06;61033
2021-02-05;"Trenčiansky kraj";202;17571;372;17943;NA;72216;574;2021-02-05;60237
2021-02-04;"Trenčiansky kraj";266;7128;303;7431;NA;72216;569;2021-02-04;59663
2021-02-03;"Trenčiansky kraj";162;9129;350;9479;NA;72216;512;2021-02-03;59094
2021-02-02;"Trenčiansky kraj";347;8151;389;8540;NA;72216;736;2021-02-02;58582
2021-02-01;"Trenčiansky kraj";167;18091;336;18427;NA;72216;503;2021-02-01;57846
2021-01-31;"Trenčiansky kraj";7;15791;135;15926;NA;72216;142;2021-01-31;57343
2021-01-30;"Trenčiansky kraj";228;37334;355;37689;NA;72216;583;2021-01-30;57201
2021-01-29;"Trenčiansky kraj";72;7258;209;7467;NA;72216;281;2021-01-29;56618
2021-01-28;"Trenčiansky kraj";307;5469;167;5636;NA;72216;474;2021-01-28;56337
2021-01-27;"Trenčiansky kraj";166;11801;204;12005;NA;72216;370;2021-01-27;55863
2021-01-26;"Trenčiansky kraj";303;14426;240;14666;NA;72216;543;2021-01-26;55493
2021-01-25;"Trenčiansky kraj";160;34160;368;34528;NA;72216;528;2021-01-25;54950
2021-01-24;"Trenčiansky kraj";51;27365;181;27546;NA;72216;232;2021-01-24;54422
2021-01-23;"Trenčiansky kraj";206;110039;709;110748;NA;72216;915;2021-01-23;54190
2021-01-22;"Trenčiansky kraj";148;14229;176;14405;NA;72216;324;2021-01-22;53275
2021-01-21;"Trenčiansky kraj";143;9172;197;9369;NA;72216;340;2021-01-21;52951
2021-01-20;"Trenčiansky kraj";181;7915;240;8155;NA;72216;421;2021-01-20;52611
2021-01-19;"Trenčiansky kraj";363;6684;275;6959;NA;72216;638;2021-01-19;52190
2021-01-18;"Trenčiansky kraj";72;4690;265;4955;NA;72216;337;2021-01-18;51552
2021-01-17;"Trenčiansky kraj";124;93;11;104;NA;72216;135;2021-01-17;51215
2021-01-16;"Trenčiansky kraj";39;793;62;855;NA;72216;101;2021-01-16;51080
2021-01-15;"Trenčiansky kraj";264;3920;220;4140;NA;72216;484;2021-01-15;50979
2021-01-14;"Trenčiansky kraj";275;3036;163;3199;NA;72216;438;2021-01-14;50495
2021-01-13;"Trenčiansky kraj";222;4092;236;4328;NA;72216;458;2021-01-13;50057
2021-01-12;"Trenčiansky kraj";508;4833;297;5130;NA;72216;805;2021-01-12;49599
2021-01-11;"Trenčiansky kraj";142;3933;295;4228;NA;72216;437;2021-01-11;48794
2021-01-10;"Trenčiansky kraj";89;4939;76;5015;NA;72216;165;2021-01-10;48357
2021-01-09;"Trenčiansky kraj";276;7973;121;8094;NA;72216;397;2021-01-09;48192
2021-01-08;"Trenčiansky kraj";489;6594;478;7072;NA;72216;967;2021-01-08;47795
2021-01-07;"Trenčiansky kraj";420;5834;503;6337;NA;72216;923;2021-01-07;46828
2021-01-06;"Trenčiansky kraj";221;1021;64;1085;NA;72216;285;2021-01-06;45905
2021-01-05;"Trenčiansky kraj";669;6118;800;6918;NA;72216;1469;2021-01-05;45620
2021-01-04;"Trenčiansky kraj";337;4920;704;5624;NA;72216;1041;2021-01-04;44151
2021-01-03;"Trenčiansky kraj";38;60;13;73;NA;72216;51;2021-01-03;43110
2021-01-02;"Trenčiansky kraj";129;140;23;163;NA;72216;152;2021-01-02;43059
2021-01-01;"Trenčiansky kraj";329;347;23;370;NA;72216;352;2021-01-01;42907
2020-12-31;"Trenčiansky kraj";597;4943;557;5500;NA;72216;1154;2020-12-31;42555
2020-12-30;"Trenčiansky kraj";836;7006;762;7768;NA;72216;1598;2020-12-30;41401
2020-12-29;"Trenčiansky kraj";459;6191;1018;7209;NA;72216;1477;2020-12-29;39803
2020-12-28;"Trenčiansky kraj";258;4195;777;4972;NA;72216;1035;2020-12-28;38326
2020-12-27;"Trenčiansky kraj";5;202;36;238;NA;72216;41;2020-12-27;37291
2020-12-26;"Trenčiansky kraj";174;74;10;84;NA;72216;184;2020-12-26;37250
2020-12-25;"Trenčiansky kraj";251;325;47;372;NA;72216;298;2020-12-25;37066
2020-12-24;"Trenčiansky kraj";552;2194;256;2450;NA;72216;808;2020-12-24;36768
2020-12-23;"Trenčiansky kraj";421;6552;661;7213;NA;72216;1082;2020-12-23;35960
2020-12-22;"Trenčiansky kraj";673;5760;694;6454;NA;72216;1367;2020-12-22;34878
2020-12-21;"Trenčiansky kraj";248;13673;996;14669;NA;72216;1244;2020-12-21;33511
2020-12-20;"Trenčiansky kraj";238;12480;291;12771;NA;72216;529;2020-12-20;32267
2020-12-19;"Trenčiansky kraj";341;1611;150;1761;NA;72216;491;2020-12-19;31738
2020-12-18;"Trenčiansky kraj";521;4847;575;5422;NA;72216;1096;2020-12-18;31247
2020-12-17;"Trenčiansky kraj";670;3843;524;4367;NA;72216;1194;2020-12-17;30151
2020-12-16;"Trenčiansky kraj";461;4459;647;5106;NA;72216;1108;2020-12-16;28957
2020-12-15;"Trenčiansky kraj";595;3805;670;4475;NA;72216;1265;2020-12-15;27849
2020-12-14;"Trenčiansky kraj";318;3194;613;3807;NA;72216;931;2020-12-14;26584
2020-12-13;"Trenčiansky kraj";77;24;4;28;NA;72216;81;2020-12-13;25653
2020-12-12;"Trenčiansky kraj";314;1002;120;1122;NA;72216;434;2020-12-12;25572
2020-12-11;"Trenčiansky kraj";750;4066;479;4545;NA;72216;1229;2020-12-11;25138
2020-12-10;"Trenčiansky kraj";271;3371;477;3848;NA;72216;748;2020-12-10;23909
2020-12-09;"Trenčiansky kraj";508;3805;470;4275;NA;72216;978;2020-12-09;23161
2020-12-08;"Trenčiansky kraj";546;3440;522;3962;NA;72216;1068;2020-12-08;22183
2020-12-07;"Trenčiansky kraj";258;3826;466;4292;NA;72216;724;2020-12-07;21115
2020-12-06;"Trenčiansky kraj";114;179;10;189;NA;72216;124;2020-12-06;20391
2020-12-05;"Trenčiansky kraj";223;751;64;815;NA;72216;287;2020-12-05;20267
2020-12-04;"Trenčiansky kraj";253;2519;215;2734;NA;72216;468;2020-12-04;19980
2020-12-03;"Trenčiansky kraj";503;1714;178;1892;NA;72216;681;2020-12-03;19512
2020-12-02;"Trenčiansky kraj";418;1844;232;2076;NA;72216;650;2020-12-02;18831
2020-12-01;"Trenčiansky kraj";321;5642;351;5993;NA;72216;672;2020-12-01;18181
2020-11-30;"Trenčiansky kraj";167;8494;489;8983;NA;72216;656;2020-11-30;17509
2020-11-29;"Trenčiansky kraj";29;18;2;20;NA;72216;31;2020-11-29;16853
2020-11-28;"Trenčiansky kraj";202;1051;93;1144;NA;72216;295;2020-11-28;16822
2020-11-27;"Trenčiansky kraj";330;1398;150;1548;NA;72216;480;2020-11-27;16527
2020-11-26;"Trenčiansky kraj";395;1252;122;1374;NA;72216;517;2020-11-26;16047
2020-11-25;"Trenčiansky kraj";322;1444;160;1604;NA;72216;482;2020-11-25;15530
2020-11-24;"Trenčiansky kraj";348;2553;308;2861;NA;72216;656;2020-11-24;15048
2020-11-23;"Trenčiansky kraj";159;1186;122;1308;NA;72216;281;2020-11-23;14392
2020-11-22;"Trenčiansky kraj";26;11;1;12;NA;72216;27;2020-11-22;14111
2020-11-21;"Trenčiansky kraj";255;1323;62;1385;NA;72216;317;2020-11-21;14084
2020-11-20;"Trenčiansky kraj";316;861;93;954;NA;72216;409;2020-11-20;13767
2020-11-19;"Trenčiansky kraj";316;740;113;853;NA;72216;429;2020-11-19;13358
2020-11-18;"Trenčiansky kraj";233;379;66;445;NA;72216;299;2020-11-18;12929
2020-11-17;"Trenčiansky kraj";222;106;15;121;NA;72216;237;2020-11-17;12630
2020-11-16;"Trenčiansky kraj";245;236;45;281;NA;72216;290;2020-11-16;12393
2020-11-15;"Trenčiansky kraj";109;29;6;35;NA;72216;115;2020-11-15;12103
2020-11-14;"Trenčiansky kraj";190;74;11;85;NA;72216;201;2020-11-14;11988
2020-11-13;"Trenčiansky kraj";308;131;13;144;NA;72216;321;2020-11-13;11787
2020-11-12;"Trenčiansky kraj";324;124;5;129;NA;72216;329;2020-11-12;11466
2020-11-11;"Trenčiansky kraj";366;113;10;123;NA;72216;376;2020-11-11;11137
2020-11-10;"Trenčiansky kraj";277;106;6;112;NA;72216;283;2020-11-10;10761
2020-11-09;"Trenčiansky kraj";115;1407;48;1455;NA;72216;163;2020-11-09;10478
2020-11-08;"Trenčiansky kraj";81;1223;8;1231;NA;72216;89;2020-11-08;10315
2020-11-07;"Trenčiansky kraj";319;3662;59;3721;NA;72216;378;2020-11-07;10226
2020-11-06;"Trenčiansky kraj";383;6893;84;6977;NA;72216;467;2020-11-06;9848
2020-11-05;"Trenčiansky kraj";399;98;15;113;NA;72216;414;2020-11-05;9381
2020-11-04;"Trenčiansky kraj";370;91;9;100;NA;72216;379;2020-11-04;8967
2020-11-03;"Trenčiansky kraj";575;97;8;105;NA;72216;583;2020-11-03;8588
2020-11-02;"Trenčiansky kraj";197;1833;68;1901;NA;72216;265;2020-11-02;8005
2020-11-01;"Trenčiansky kraj";257;804;23;827;NA;72216;280;2020-11-01;7740
2020-10-31;"Trenčiansky kraj";332;4719;82;4801;NA;72216;414;2020-10-31;7460
2020-10-30;"Trenčiansky kraj";299;5283;102;5385;NA;72216;401;2020-10-30;7046
2020-10-29;"Trenčiansky kraj";496;764;68;832;NA;72216;564;2020-10-29;6645
2020-10-28;"Trenčiansky kraj";269;192;33;225;NA;72216;302;2020-10-28;6081
2020-10-27;"Trenčiansky kraj";473;127;27;154;NA;72216;500;2020-10-27;5779
2020-10-26;"Trenčiansky kraj";177;103;31;134;NA;72216;208;2020-10-26;5279
2020-10-25;"Trenčiansky kraj";138;9;5;14;NA;72216;143;2020-10-25;5071
2020-10-24;"Trenčiansky kraj";395;128;6;134;NA;72216;401;2020-10-24;4928
2020-10-23;"Trenčiansky kraj";301;154;8;162;NA;72216;309;2020-10-23;4527
2020-10-22;"Trenčiansky kraj";273;82;12;94;NA;72216;285;2020-10-22;4218
2020-10-21;"Trenčiansky kraj";183;53;9;62;NA;72216;192;2020-10-21;3933
2020-10-20;"Trenčiansky kraj";212;47;6;53;NA;72216;218;2020-10-20;3741
2020-10-19;"Trenčiansky kraj";41;83;25;108;NA;72216;66;2020-10-19;3523
2020-10-18;"Trenčiansky kraj";104;0;0;0;NA;72216;104;2020-10-18;3457
2020-10-17;"Trenčiansky kraj";157;0;0;0;NA;72216;157;2020-10-17;3353
2020-10-16;"Trenčiansky kraj";225;42;6;48;NA;72216;231;2020-10-16;3196
2020-10-15;"Trenčiansky kraj";255;39;4;43;NA;72216;259;2020-10-15;2965
2020-10-14;"Trenčiansky kraj";162;42;7;49;NA;72216;169;2020-10-14;2706
2020-10-13;"Trenčiansky kraj";124;105;12;117;NA;72216;136;2020-10-13;2537
2020-10-12;"Trenčiansky kraj";55;0;0;0;NA;72216;55;2020-10-12;2401
2020-10-11;"Trenčiansky kraj";73;0;0;0;NA;72216;73;2020-10-11;2346
2020-10-10;"Trenčiansky kraj";180;0;0;0;NA;72216;180;2020-10-10;2273
2020-10-09;"Trenčiansky kraj";198;0;0;0;NA;72216;198;2020-10-09;2093
2020-10-08;"Trenčiansky kraj";115;0;0;0;NA;72216;115;2020-10-08;1895
2020-10-07;"Trenčiansky kraj";75;0;0;0;NA;72216;75;2020-10-07;1780
2020-10-06;"Trenčiansky kraj";72;0;0;0;NA;72216;72;2020-10-06;1705
2020-10-05;"Trenčiansky kraj";32;0;0;0;NA;72216;32;2020-10-05;1633
2020-10-04;"Trenčiansky kraj";37;0;0;0;NA;72216;37;2020-10-04;1601
2020-10-03;"Trenčiansky kraj";79;0;0;0;NA;72216;79;2020-10-03;1564
2020-10-02;"Trenčiansky kraj";69;0;0;0;NA;72216;69;2020-10-02;1485
2020-10-01;"Trenčiansky kraj";58;0;0;0;NA;72216;58;2020-10-01;1416
2020-09-30;"Trenčiansky kraj";76;0;0;0;NA;72216;76;2020-09-30;1358
2020-09-29;"Trenčiansky kraj";43;0;0;0;NA;72216;43;2020-09-29;1282
2020-09-28;"Trenčiansky kraj";7;0;0;0;NA;72216;7;2020-09-28;1239
2020-09-27;"Trenčiansky kraj";12;0;0;0;NA;72216;12;2020-09-27;1232
2020-09-26;"Trenčiansky kraj";37;0;0;0;NA;72216;37;2020-09-26;1220
2020-09-25;"Trenčiansky kraj";72;0;0;0;NA;72216;72;2020-09-25;1183
2020-09-24;"Trenčiansky kraj";41;0;0;0;NA;72216;41;2020-09-24;1111
2020-09-23;"Trenčiansky kraj";32;0;0;0;NA;72216;32;2020-09-23;1070
2020-09-22;"Trenčiansky kraj";26;0;0;0;NA;72216;26;2020-09-22;1038
2020-09-21;"Trenčiansky kraj";23;0;0;0;NA;72216;23;2020-09-21;1012
2020-09-20;"Trenčiansky kraj";21;0;0;0;NA;72216;21;2020-09-20;989
2020-09-19;"Trenčiansky kraj";20;0;0;0;NA;72216;20;2020-09-19;968
2020-09-18;"Trenčiansky kraj";41;0;0;0;NA;72216;41;2020-09-18;948
2020-09-17;"Trenčiansky kraj";20;0;0;0;NA;72216;20;2020-09-17;907
2020-09-16;"Trenčiansky kraj";14;0;0;0;NA;72216;14;2020-09-16;887
2020-09-15;"Trenčiansky kraj";8;0;0;0;NA;72216;8;2020-09-15;873
2020-09-14;"Trenčiansky kraj";5;0;0;0;NA;72216;5;2020-09-14;865
2020-09-13;"Trenčiansky kraj";12;0;0;0;NA;72216;12;2020-09-13;860
2020-09-12;"Trenčiansky kraj";2;0;0;0;NA;72216;2;2020-09-12;848
2020-09-11;"Trenčiansky kraj";27;0;0;0;NA;72216;27;2020-09-11;846
2020-09-10;"Trenčiansky kraj";15;0;0;0;NA;72216;15;2020-09-10;819
2020-09-09;"Trenčiansky kraj";11;0;0;0;NA;72216;11;2020-09-09;804
2020-09-08;"Trenčiansky kraj";12;0;0;0;NA;72216;12;2020-09-08;793
2020-09-07;"Trenčiansky kraj";6;0;0;0;NA;72216;6;2020-09-07;781
2020-09-06;"Trenčiansky kraj";1;0;0;0;NA;72216;1;2020-09-06;775
2020-09-05;"Trenčiansky kraj";3;0;0;0;NA;72216;3;2020-09-05;774
2020-09-04;"Trenčiansky kraj";9;0;0;0;NA;72216;9;2020-09-04;771
2020-09-03;"Trenčiansky kraj";10;0;0;0;NA;72216;10;2020-09-03;762
2021-02-23;"Trnavský kraj";469;10617;239;10856;35940;69857;708;2021-02-23;69857
2021-02-22;"Trnavský kraj";206;18559;299;18858;NA;69857;505;2021-02-22;69149
2021-02-21;"Trnavský kraj";38;40569;262;40831;NA;69857;300;2021-02-21;68644
2021-02-20;"Trnavský kraj";273;131066;830;131896;NA;69857;1103;2021-02-20;68344
2021-02-19;"Trnavský kraj";335;25012;301;25313;NA;69857;636;2021-02-19;67241
2021-02-18;"Trnavský kraj";344;10353;310;10663;NA;69857;654;2021-02-18;66605
2021-02-17;"Trnavský kraj";431;7699;370;8069;NA;69857;801;2021-02-17;65951
2021-02-16;"Trnavský kraj";426;11034;277;11311;NA;69857;703;2021-02-16;65150
2021-02-15;"Trnavský kraj";146;16623;236;16859;NA;69857;382;2021-02-15;64447
2021-02-14;"Trnavský kraj";51;44732;342;45074;NA;69857;393;2021-02-14;64065
2021-02-13;"Trnavský kraj";218;134981;967;135948;NA;69857;1185;2021-02-13;63672
2021-02-12;"Trnavský kraj";300;23005;324;23329;NA;69857;624;2021-02-12;62487
2021-02-11;"Trnavský kraj";422;9662;348;10010;NA;69857;770;2021-02-11;61863
2021-02-10;"Trnavský kraj";511;8780;296;9076;NA;69857;807;2021-02-10;61093
2021-02-09;"Trnavský kraj";544;12775;364;13139;NA;69857;908;2021-02-09;60286
2021-02-08;"Trnavský kraj";220;33836;486;34322;NA;69857;706;2021-02-08;59378
2021-02-07;"Trnavský kraj";140;68837;627;69464;NA;69857;767;2021-02-07;58672
2021-02-06;"Trnavský kraj";348;111899;1473;113372;NA;69857;1821;2021-02-06;57905
2021-02-05;"Trnavský kraj";377;15918;354;16272;NA;69857;731;2021-02-05;56084
2021-02-04;"Trnavský kraj";456;10691;551;11242;NA;69857;1007;2021-02-04;55353
2021-02-03;"Trnavský kraj";472;6129;390;6519;NA;69857;862;2021-02-03;54346
2021-02-02;"Trnavský kraj";446;13831;415;14246;NA;69857;861;2021-02-02;53484
2021-02-01;"Trnavský kraj";198;39792;710;40502;NA;69857;908;2021-02-01;52623
2021-01-31;"Trnavský kraj";19;62728;778;63506;NA;69857;797;2021-01-31;51715
2021-01-30;"Trnavský kraj";323;110455;1279;111734;NA;69857;1602;2021-01-30;50918
2021-01-29;"Trnavský kraj";196;9564;285;9849;NA;69857;481;2021-01-29;49316
2021-01-28;"Trnavský kraj";389;5815;286;6101;NA;69857;675;2021-01-28;48835
2021-01-27;"Trnavský kraj";433;5301;219;5520;NA;69857;652;2021-01-27;48160
2021-01-26;"Trnavský kraj";565;25345;650;25995;NA;69857;1215;2021-01-26;47508
2021-01-25;"Trnavský kraj";210;43441;632;44073;NA;69857;842;2021-01-25;46293
2021-01-24;"Trnavský kraj";91;55652;703;56355;NA;69857;794;2021-01-24;45451
2021-01-23;"Trnavský kraj";372;116896;1336;118232;NA;69857;1708;2021-01-23;44657
2021-01-22;"Trnavský kraj";217;32439;500;32939;NA;69857;717;2021-01-22;42949
2021-01-21;"Trnavský kraj";311;13834;378;14212;NA;69857;689;2021-01-21;42232
2021-01-20;"Trnavský kraj";503;8149;274;8423;NA;69857;777;2021-01-20;41543
2021-01-19;"Trnavský kraj";415;7020;347;7367;NA;69857;762;2021-01-19;40766
2021-01-18;"Trnavský kraj";247;6237;484;6721;NA;69857;731;2021-01-18;40004
2021-01-17;"Trnavský kraj";128;854;215;1069;NA;69857;343;2021-01-17;39273
2021-01-16;"Trnavský kraj";103;599;19;618;NA;69857;122;2021-01-16;38930
2021-01-15;"Trnavský kraj";278;5466;336;5802;NA;69857;614;2021-01-15;38808
2021-01-14;"Trnavský kraj";452;3994;337;4331;NA;69857;789;2021-01-14;38194
2021-01-13;"Trnavský kraj";457;4752;378;5130;NA;69857;835;2021-01-13;37405
2021-01-12;"Trnavský kraj";469;7177;483;7660;NA;69857;952;2021-01-12;36570
2021-01-11;"Trnavský kraj";370;4911;376;5287;NA;69857;746;2021-01-11;35618
2021-01-10;"Trnavský kraj";71;8;0;8;NA;69857;71;2021-01-10;34872
2021-01-09;"Trnavský kraj";417;1775;100;1875;NA;69857;517;2021-01-09;34801
2021-01-08;"Trnavský kraj";381;6550;532;7082;NA;69857;913;2021-01-08;34284
2021-01-07;"Trnavský kraj";501;4170;404;4574;NA;69857;905;2021-01-07;33371
2021-01-06;"Trnavský kraj";179;758;132;890;NA;69857;311;2021-01-06;32466
2021-01-05;"Trnavský kraj";611;6372;744;7116;NA;69857;1355;2021-01-05;32155
2021-01-04;"Trnavský kraj";302;5317;719;6036;NA;69857;1021;2021-01-04;30800
2021-01-03;"Trnavský kraj";60;51;7;58;NA;69857;67;2021-01-03;29779
2021-01-02;"Trnavský kraj";282;412;30;442;NA;69857;312;2021-01-02;29712
2021-01-01;"Trnavský kraj";143;449;76;525;NA;69857;219;2021-01-01;29400
2020-12-31;"Trnavský kraj";498;8488;858;9346;NA;69857;1356;2020-12-31;29181
2020-12-30;"Trnavský kraj";785;5321;612;5933;NA;69857;1397;2020-12-30;27825
2020-12-29;"Trnavský kraj";322;4999;593;5592;NA;69857;915;2020-12-29;26428
2020-12-28;"Trnavský kraj";213;5339;615;5954;NA;69857;828;2020-12-28;25513
2020-12-27;"Trnavský kraj";27;13;4;17;NA;69857;31;2020-12-27;24685
2020-12-26;"Trnavský kraj";148;44;1;45;NA;69857;149;2020-12-26;24654
2020-12-25;"Trnavský kraj";65;49;5;54;NA;69857;70;2020-12-25;24505
2020-12-24;"Trnavský kraj";333;1359;117;1476;NA;69857;450;2020-12-24;24435
2020-12-23;"Trnavský kraj";210;6417;375;6792;NA;69857;585;2020-12-23;23985
2020-12-22;"Trnavský kraj";311;5590;491;6081;NA;69857;802;2020-12-22;23400
2020-12-21;"Trnavský kraj";328;4527;399;4926;NA;69857;727;2020-12-21;22598
2020-12-20;"Trnavský kraj";134;110;12;122;NA;69857;146;2020-12-20;21871
2020-12-19;"Trnavský kraj";201;1046;86;1132;NA;69857;287;2020-12-19;21725
2020-12-18;"Trnavský kraj";341;4898;378;5276;NA;69857;719;2020-12-18;21438
2020-12-17;"Trnavský kraj";375;4996;407;5403;NA;69857;782;2020-12-17;20719
2020-12-16;"Trnavský kraj";312;5249;405;5654;NA;69857;717;2020-12-16;19937
2020-12-15;"Trnavský kraj";492;6623;632;7255;NA;69857;1124;2020-12-15;19220
2020-12-14;"Trnavský kraj";161;3505;292;3797;NA;69857;453;2020-12-14;18096
2020-12-13;"Trnavský kraj";7;0;0;0;NA;69857;7;2020-12-13;17643
2020-12-12;"Trnavský kraj";254;1456;114;1570;NA;69857;368;2020-12-12;17636
2020-12-11;"Trnavský kraj";384;4683;262;4945;NA;69857;646;2020-12-11;17268
2020-12-10;"Trnavský kraj";183;5194;320;5514;NA;69857;503;2020-12-10;16622
2020-12-09;"Trnavský kraj";521;4283;321;4604;NA;69857;842;2020-12-09;16119
2020-12-08;"Trnavský kraj";281;4090;304;4394;NA;69857;585;2020-12-08;15277
2020-12-07;"Trnavský kraj";178;2895;199;3094;NA;69857;377;2020-12-07;14692
2020-12-06;"Trnavský kraj";46;0;0;0;NA;69857;46;2020-12-06;14315
2020-12-05;"Trnavský kraj";129;2218;41;2259;NA;69857;170;2020-12-05;14269
2020-12-04;"Trnavský kraj";242;3948;158;4106;NA;69857;400;2020-12-04;14099
2020-12-03;"Trnavský kraj";248;2770;190;2960;NA;69857;438;2020-12-03;13699
2020-12-02;"Trnavský kraj";284;4516;176;4692;NA;69857;460;2020-12-02;13261
2020-12-01;"Trnavský kraj";253;3190;205;3395;NA;69857;458;2020-12-01;12801
2020-11-30;"Trnavský kraj";200;7360;186;7546;NA;69857;386;2020-11-30;12343
2020-11-29;"Trnavský kraj";17;708;34;742;NA;69857;51;2020-11-29;11957
2020-11-28;"Trnavský kraj";83;1453;77;1530;NA;69857;160;2020-11-28;11906
2020-11-27;"Trnavský kraj";148;1591;83;1674;NA;69857;231;2020-11-27;11746
2020-11-26;"Trnavský kraj";234;985;59;1044;NA;69857;293;2020-11-26;11515
2020-11-25;"Trnavský kraj";232;1029;72;1101;NA;69857;304;2020-11-25;11222
2020-11-24;"Trnavský kraj";295;1772;91;1863;NA;69857;386;2020-11-24;10918
2020-11-23;"Trnavský kraj";242;7207;125;7332;NA;69857;367;2020-11-23;10532
2020-11-22;"Trnavský kraj";10;54;3;57;NA;69857;13;2020-11-22;10165
2020-11-21;"Trnavský kraj";129;1214;23;1237;NA;69857;152;2020-11-21;10152
2020-11-20;"Trnavský kraj";246;1027;61;1088;NA;69857;307;2020-11-20;10000
2020-11-19;"Trnavský kraj";157;694;58;752;NA;69857;215;2020-11-19;9693
2020-11-18;"Trnavský kraj";235;716;75;791;NA;69857;310;2020-11-18;9478
2020-11-17;"Trnavský kraj";129;695;72;767;NA;69857;201;2020-11-17;9168
2020-11-16;"Trnavský kraj";187;682;32;714;NA;69857;219;2020-11-16;8967
2020-11-15;"Trnavský kraj";23;73;4;77;NA;69857;27;2020-11-15;8748
2020-11-14;"Trnavský kraj";86;389;10;399;NA;69857;96;2020-11-14;8721
2020-11-13;"Trnavský kraj";219;1312;21;1333;NA;69857;240;2020-11-13;8625
2020-11-12;"Trnavský kraj";162;420;18;438;NA;69857;180;2020-11-12;8385
2020-11-11;"Trnavský kraj";257;392;15;407;NA;69857;272;2020-11-11;8205
2020-11-10;"Trnavský kraj";189;889;30;919;NA;69857;219;2020-11-10;7933
2020-11-09;"Trnavský kraj";196;369;23;392;NA;69857;219;2020-11-09;7714
2020-11-08;"Trnavský kraj";55;306;4;310;NA;69857;59;2020-11-08;7495
2020-11-07;"Trnavský kraj";207;6070;74;6144;NA;69857;281;2020-11-07;7436
2020-11-06;"Trnavský kraj";260;1531;19;1550;NA;69857;279;2020-11-06;7155
2020-11-05;"Trnavský kraj";150;220;27;247;NA;69857;177;2020-11-05;6876
2020-11-04;"Trnavský kraj";188;212;10;222;NA;69857;198;2020-11-04;6699
2020-11-03;"Trnavský kraj";317;127;8;135;NA;69857;325;2020-11-03;6501
2020-11-02;"Trnavský kraj";281;1728;31;1759;NA;69857;312;2020-11-02;6176
2020-11-01;"Trnavský kraj";87;494;27;521;NA;69857;114;2020-11-01;5864
2020-10-31;"Trnavský kraj";259;5024;41;5065;NA;69857;300;2020-10-31;5750
2020-10-30;"Trnavský kraj";198;3784;27;3811;NA;69857;225;2020-10-30;5450
2020-10-29;"Trnavský kraj";273;1461;16;1477;NA;69857;289;2020-10-29;5225
2020-10-28;"Trnavský kraj";319;117;16;133;NA;69857;335;2020-10-28;4936
2020-10-27;"Trnavský kraj";199;461;36;497;NA;69857;235;2020-10-27;4601
2020-10-26;"Trnavský kraj";153;29;2;31;NA;69857;155;2020-10-26;4366
2020-10-25;"Trnavský kraj";95;19;1;20;NA;69857;96;2020-10-25;4211
2020-10-24;"Trnavský kraj";158;109;2;111;NA;69857;160;2020-10-24;4115
2020-10-23;"Trnavský kraj";201;89;4;93;NA;69857;205;2020-10-23;3955
2020-10-22;"Trnavský kraj";195;55;2;57;NA;69857;197;2020-10-22;3750
2020-10-21;"Trnavský kraj";134;73;3;76;NA;69857;137;2020-10-21;3553
2020-10-20;"Trnavský kraj";202;82;3;85;NA;69857;205;2020-10-20;3416
2020-10-19;"Trnavský kraj";67;55;0;55;NA;69857;67;2020-10-19;3211
2020-10-18;"Trnavský kraj";84;0;0;0;NA;69857;84;2020-10-18;3144
2020-10-17;"Trnavský kraj";123;0;0;0;NA;69857;123;2020-10-17;3060
2020-10-16;"Trnavský kraj";86;45;2;47;NA;69857;88;2020-10-16;2937
2020-10-15;"Trnavský kraj";155;66;2;68;NA;69857;157;2020-10-15;2849
2020-10-14;"Trnavský kraj";236;468;3;471;NA;69857;239;2020-10-14;2692
2020-10-13;"Trnavský kraj";138;16;2;18;NA;69857;140;2020-10-13;2453
2020-10-12;"Trnavský kraj";33;41;1;42;NA;69857;34;2020-10-12;2313
2020-10-11;"Trnavský kraj";31;0;0;0;NA;69857;31;2020-10-11;2279
2020-10-10;"Trnavský kraj";128;0;0;0;NA;69857;128;2020-10-10;2248
2020-10-09;"Trnavský kraj";156;0;0;0;NA;69857;156;2020-10-09;2120
2020-10-08;"Trnavský kraj";153;0;0;0;NA;69857;153;2020-10-08;1964
2020-10-07;"Trnavský kraj";80;0;0;0;NA;69857;80;2020-10-07;1811
2020-10-06;"Trnavský kraj";112;0;0;0;NA;69857;112;2020-10-06;1731
2020-10-05;"Trnavský kraj";33;0;0;0;NA;69857;33;2020-10-05;1619
2020-10-04;"Trnavský kraj";44;0;0;0;NA;69857;44;2020-10-04;1586
2020-10-03;"Trnavský kraj";60;0;0;0;NA;69857;60;2020-10-03;1542
2020-10-02;"Trnavský kraj";41;0;0;0;NA;69857;41;2020-10-02;1482
2020-10-01;"Trnavský kraj";53;0;0;0;NA;69857;53;2020-10-01;1441
2020-09-30;"Trnavský kraj";91;0;0;0;NA;69857;91;2020-09-30;1388
2020-09-29;"Trnavský kraj";40;0;0;0;NA;69857;40;2020-09-29;1297
2020-09-28;"Trnavský kraj";69;0;0;0;NA;69857;69;2020-09-28;1257
2020-09-27;"Trnavský kraj";30;0;0;0;NA;69857;30;2020-09-27;1188
2020-09-26;"Trnavský kraj";46;0;0;0;NA;69857;46;2020-09-26;1158
2020-09-25;"Trnavský kraj";32;0;0;0;NA;69857;32;2020-09-25;1112
2020-09-24;"Trnavský kraj";42;0;0;0;NA;69857;42;2020-09-24;1080
2020-09-23;"Trnavský kraj";43;0;0;0;NA;69857;43;2020-09-23;1038
2020-09-22;"Trnavský kraj";55;0;0;0;NA;69857;55;2020-09-22;995
2020-09-21;"Trnavský kraj";41;0;0;0;NA;69857;41;2020-09-21;940
2020-09-20;"Trnavský kraj";17;0;0;0;NA;69857;17;2020-09-20;899
2020-09-19;"Trnavský kraj";4;0;0;0;NA;69857;4;2020-09-19;882
2020-09-18;"Trnavský kraj";33;0;0;0;NA;69857;33;2020-09-18;878
2020-09-17;"Trnavský kraj";42;0;0;0;NA;69857;42;2020-09-17;845
2020-09-16;"Trnavský kraj";49;0;0;0;NA;69857;49;2020-09-16;803
2020-09-15;"Trnavský kraj";5;0;0;0;NA;69857;5;2020-09-15;754
2020-09-14;"Trnavský kraj";26;0;0;0;NA;69857;26;2020-09-14;749
2020-09-13;"Trnavský kraj";9;0;0;0;NA;69857;9;2020-09-13;723
2020-09-12;"Trnavský kraj";12;0;0;0;NA;69857;12;2020-09-12;714
2020-09-11;"Trnavský kraj";16;0;0;0;NA;69857;16;2020-09-11;702
2020-09-10;"Trnavský kraj";32;0;0;0;NA;69857;32;2020-09-10;686
2020-09-09;"Trnavský kraj";14;0;0;0;NA;69857;14;2020-09-09;654
2020-09-08;"Trnavský kraj";11;0;0;0;NA;69857;11;2020-09-08;640
2020-09-07;"Trnavský kraj";7;0;0;0;NA;69857;7;2020-09-07;629
2020-09-06;"Trnavský kraj";5;0;0;0;NA;69857;5;2020-09-06;622
2020-09-05;"Trnavský kraj";7;0;0;0;NA;69857;7;2020-09-05;617
2020-09-04;"Trnavský kraj";16;0;0;0;NA;69857;16;2020-09-04;610
2020-09-03;"Trnavský kraj";8;0;0;0;NA;69857;8;2020-09-03;594
2021-02-23;"Žilinský kraj";437;19639;334;19973;41425;71410;771;2021-02-23;71410
2021-02-22;"Žilinský kraj";345;28124;406;28530;NA;71410;751;2021-02-22;70639
2021-02-21;"Žilinský kraj";36;23745;270;24015;NA;71410;306;2021-02-21;69888
2021-02-20;"Žilinský kraj";152;71616;588;72204;NA;71410;740;2021-02-20;69582
2021-02-19;"Žilinský kraj";337;44057;411;44468;NA;71410;748;2021-02-19;68842
2021-02-18;"Žilinský kraj";263;22374;330;22704;NA;71410;593;2021-02-18;68094
2021-02-17;"Žilinský kraj";269;17324;333;17657;NA;71410;602;2021-02-17;67501
2021-02-16;"Žilinský kraj";321;23330;317;23647;NA;71410;638;2021-02-16;66899
2021-02-15;"Žilinský kraj";230;32214;316;32530;NA;71410;546;2021-02-15;66261
2021-02-14;"Žilinský kraj";30;20329;180;20509;NA;71410;210;2021-02-14;65715
2021-02-13;"Žilinský kraj";91;65340;438;65778;NA;71410;529;2021-02-13;65505
2021-02-12;"Žilinský kraj";242;41184;330;41514;NA;71410;572;2021-02-12;64976
2021-02-11;"Žilinský kraj";228;23462;293;23755;NA;71410;521;2021-02-11;64404
2021-02-10;"Žilinský kraj";259;16779;259;17038;NA;71410;518;2021-02-10;63883
2021-02-09;"Žilinský kraj";377;24921;278;25199;NA;71410;655;2021-02-09;63365
2021-02-08;"Žilinský kraj";160;43415;408;43823;NA;71410;568;2021-02-08;62710
2021-02-07;"Žilinský kraj";24;38440;199;38639;NA;71410;223;2021-02-07;62142
2021-02-06;"Žilinský kraj";71;66696;326;67022;NA;71410;397;2021-02-06;61919
2021-02-05;"Žilinský kraj";248;30539;293;30832;NA;71410;541;2021-02-05;61522
2021-02-04;"Žilinský kraj";238;11307;232;11539;NA;71410;470;2021-02-04;60981
2021-02-03;"Žilinský kraj";194;8750;252;9002;NA;71410;446;2021-02-03;60511
2021-02-02;"Žilinský kraj";216;9807;280;10087;NA;71410;496;2021-02-02;60065
2021-02-01;"Žilinský kraj";220;18627;334;18961;NA;71410;554;2021-02-01;59569
2021-01-31;"Žilinský kraj";11;42;1;43;NA;71410;12;2021-01-31;59015
2021-01-30;"Žilinský kraj";85;15377;156;15533;NA;71410;241;2021-01-30;59003
2021-01-29;"Žilinský kraj";30;17212;214;17426;NA;71410;244;2021-01-29;58762
2021-01-28;"Žilinský kraj";240;5598;174;5772;NA;71410;414;2021-01-28;58518
2021-01-27;"Žilinský kraj";256;6977;123;7100;NA;71410;379;2021-01-27;58104
2021-01-26;"Žilinský kraj";245;49404;342;49746;NA;71410;587;2021-01-26;57725
2021-01-25;"Žilinský kraj";159;18615;131;18746;NA;71410;290;2021-01-25;57138
2021-01-24;"Žilinský kraj";22;32472;138;32610;NA;71410;160;2021-01-24;56848
2021-01-23;"Žilinský kraj";91;88634;395;89029;NA;71410;486;2021-01-23;56688
2021-01-22;"Žilinský kraj";163;28047;228;28275;NA;71410;391;2021-01-22;56202
2021-01-21;"Žilinský kraj";116;19351;178;19529;NA;71410;294;2021-01-21;55811
2021-01-20;"Žilinský kraj";236;16958;165;17123;NA;71410;401;2021-01-20;55517
2021-01-19;"Žilinský kraj";245;17570;405;17975;NA;71410;650;2021-01-19;55116
2021-01-18;"Žilinský kraj";236;12487;334;12821;NA;71410;570;2021-01-18;54466
2021-01-17;"Žilinský kraj";95;113;2;115;NA;71410;97;2021-01-17;53896
2021-01-16;"Žilinský kraj";14;314;8;322;NA;71410;22;2021-01-16;53799
2021-01-15;"Žilinský kraj";248;7149;202;7351;NA;71410;450;2021-01-15;53777
2021-01-14;"Žilinský kraj";166;5637;253;5890;NA;71410;419;2021-01-14;53327
2021-01-13;"Žilinský kraj";247;11341;554;11895;NA;71410;801;2021-01-13;52908
2021-01-12;"Žilinský kraj";376;8924;426;9350;NA;71410;802;2021-01-12;52107
2021-01-11;"Žilinský kraj";351;10485;510;10995;NA;71410;861;2021-01-11;51305
2021-01-10;"Žilinský kraj";38;189;7;196;NA;71410;45;2021-01-10;50444
2021-01-09;"Žilinský kraj";192;1992;85;2077;NA;71410;277;2021-01-09;50399
2021-01-08;"Žilinský kraj";413;9352;511;9863;NA;71410;924;2021-01-08;50122
2021-01-07;"Žilinský kraj";438;23644;1880;25524;NA;71410;2318;2021-01-07;49198
2021-01-06;"Žilinský kraj";145;1338;89;1427;NA;71410;234;2021-01-06;46880
2021-01-05;"Žilinský kraj";717;11310;929;12239;NA;71410;1646;2021-01-05;46646
2021-01-04;"Žilinský kraj";479;9549;949;10498;NA;71410;1428;2021-01-04;45000
2021-01-03;"Žilinský kraj";13;33;4;37;NA;71410;17;2021-01-03;43572
2021-01-02;"Žilinský kraj";98;746;86;832;NA;71410;184;2021-01-02;43555
2021-01-01;"Žilinský kraj";118;552;36;588;NA;71410;154;2021-01-01;43371
2020-12-31;"Žilinský kraj";395;10348;833;11181;NA;71410;1228;2020-12-31;43217
2020-12-30;"Žilinský kraj";1038;12157;860;13017;NA;71410;1898;2020-12-30;41989
2020-12-29;"Žilinský kraj";256;10800;1070;11870;NA;71410;1326;2020-12-29;40091
2020-12-28;"Žilinský kraj";406;10770;1002;11772;NA;71410;1408;2020-12-28;38765
2020-12-27;"Žilinský kraj";40;662;80;742;NA;71410;120;2020-12-27;37357
2020-12-26;"Žilinský kraj";135;124;14;138;NA;71410;149;2020-12-26;37237
2020-12-25;"Žilinský kraj";66;111;10;121;NA;71410;76;2020-12-25;37088
2020-12-24;"Žilinský kraj";643;1018;75;1093;NA;71410;718;2020-12-24;37012
2020-12-23;"Žilinský kraj";228;17258;1012;18270;NA;71410;1240;2020-12-23;36294
2020-12-22;"Žilinský kraj";519;13188;1023;14211;NA;71410;1542;2020-12-22;35054
2020-12-21;"Žilinský kraj";444;12703;1107;13810;NA;71410;1551;2020-12-21;33512
2020-12-20;"Žilinský kraj";36;579;73;652;NA;71410;109;2020-12-20;31961
2020-12-19;"Žilinský kraj";208;2080;144;2224;NA;71410;352;2020-12-19;31852
2020-12-18;"Žilinský kraj";333;7027;402;7429;NA;71410;735;2020-12-18;31500
2020-12-17;"Žilinský kraj";500;4333;281;4614;NA;71410;781;2020-12-17;30765
2020-12-16;"Žilinský kraj";333;4365;305;4670;NA;71410;638;2020-12-16;29984
2020-12-15;"Žilinský kraj";528;4399;387;4786;NA;71410;915;2020-12-15;29346
2020-12-14;"Žilinský kraj";321;4401;358;4759;NA;71410;679;2020-12-14;28431
2020-12-13;"Žilinský kraj";26;515;64;579;NA;71410;90;2020-12-13;27752
2020-12-12;"Žilinský kraj";95;1061;53;1114;NA;71410;148;2020-12-12;27662
2020-12-11;"Žilinský kraj";455;4596;282;4878;NA;71410;737;2020-12-11;27514
2020-12-10;"Žilinský kraj";166;9407;849;10256;NA;71410;1015;2020-12-10;26777
2020-12-09;"Žilinský kraj";392;2559;163;2722;NA;71410;555;2020-12-09;25762
2020-12-08;"Žilinský kraj";331;3915;188;4103;NA;71410;519;2020-12-08;25207
2020-12-07;"Žilinský kraj";348;2274;121;2395;NA;71410;469;2020-12-07;24688
2020-12-06;"Žilinský kraj";15;134;4;138;NA;71410;19;2020-12-06;24219
2020-12-05;"Žilinský kraj";98;1237;45;1282;NA;71410;143;2020-12-05;24200
2020-12-04;"Žilinský kraj";228;2847;120;2967;NA;71410;348;2020-12-04;24057
2020-12-03;"Žilinský kraj";237;1412;119;1531;NA;71410;356;2020-12-03;23709
2020-12-02;"Žilinský kraj";181;1553;82;1635;NA;71410;263;2020-12-02;23353
2020-12-01;"Žilinský kraj";209;6529;309;6838;NA;71410;518;2020-12-01;23090
2020-11-30;"Žilinský kraj";202;5232;291;5523;NA;71410;493;2020-11-30;22572
2020-11-29;"Žilinský kraj";18;81;7;88;NA;71410;25;2020-11-29;22079
2020-11-28;"Žilinský kraj";99;349;15;364;NA;71410;114;2020-11-28;22054
2020-11-27;"Žilinský kraj";218;913;46;959;NA;71410;264;2020-11-27;21940
2020-11-26;"Žilinský kraj";189;1104;57;1161;NA;71410;246;2020-11-26;21676
2020-11-25;"Žilinský kraj";225;1217;49;1266;NA;71410;274;2020-11-25;21430
2020-11-24;"Žilinský kraj";213;2092;67;2159;NA;71410;280;2020-11-24;21156
2020-11-23;"Žilinský kraj";170;759;44;803;NA;71410;214;2020-11-23;20876
2020-11-22;"Žilinský kraj";11;0;0;0;NA;71410;11;2020-11-22;20662
2020-11-21;"Žilinský kraj";61;505;20;525;NA;71410;81;2020-11-21;20651
2020-11-20;"Žilinský kraj";251;1074;45;1119;NA;71410;296;2020-11-20;20570
2020-11-19;"Žilinský kraj";252;752;61;813;NA;71410;313;2020-11-19;20274
2020-11-18;"Žilinský kraj";346;348;15;363;NA;71410;361;2020-11-18;19961
2020-11-17;"Žilinský kraj";123;490;15;505;NA;71410;138;2020-11-17;19600
2020-11-16;"Žilinský kraj";227;206;13;219;NA;71410;240;2020-11-16;19462
2020-11-15;"Žilinský kraj";63;13;0;13;NA;71410;63;2020-11-15;19222
2020-11-14;"Žilinský kraj";189;1038;11;1049;NA;71410;200;2020-11-14;19159
2020-11-13;"Žilinský kraj";181;125;9;134;NA;71410;190;2020-11-13;18959
2020-11-12;"Žilinský kraj";334;79;2;81;NA;71410;336;2020-11-12;18769
2020-11-11;"Žilinský kraj";489;147;10;157;NA;71410;499;2020-11-11;18433
2020-11-10;"Žilinský kraj";374;519;9;528;NA;71410;383;2020-11-10;17934
2020-11-09;"Žilinský kraj";143;2335;30;2365;NA;71410;173;2020-11-09;17551
2020-11-08;"Žilinský kraj";59;2196;35;2231;NA;71410;94;2020-11-08;17378
2020-11-07;"Žilinský kraj";312;8175;88;8263;NA;71410;400;2020-11-07;17284
2020-11-06;"Žilinský kraj";503;4090;38;4128;NA;71410;541;2020-11-06;16884
2020-11-05;"Žilinský kraj";473;64;4;68;NA;71410;477;2020-11-05;16343
2020-11-04;"Žilinský kraj";423;168;10;178;NA;71410;433;2020-11-04;15866
2020-11-03;"Žilinský kraj";688;889;16;905;NA;71410;704;2020-11-03;15433
2020-11-02;"Žilinský kraj";472;1043;39;1082;NA;71410;511;2020-11-02;14729
2020-11-01;"Žilinský kraj";349;5096;130;5226;NA;71410;479;2020-11-01;14218
2020-10-31;"Žilinský kraj";662;7963;203;8166;NA;71410;865;2020-10-31;13739
2020-10-30;"Žilinský kraj";529;2575;61;2636;NA;71410;590;2020-10-30;12874
2020-10-29;"Žilinský kraj";740;503;17;520;NA;71410;757;2020-10-29;12284
2020-10-28;"Žilinský kraj";635;105;11;116;NA;71410;646;2020-10-28;11527
2020-10-27;"Žilinský kraj";355;154;24;178;NA;71410;379;2020-10-27;10881
2020-10-26;"Žilinský kraj";148;117;28;145;NA;71410;176;2020-10-26;10502
2020-10-25;"Žilinský kraj";436;0;0;0;NA;71410;436;2020-10-25;10326
2020-10-24;"Žilinský kraj";803;0;0;0;NA;71410;803;2020-10-24;9890
2020-10-23;"Žilinský kraj";659;102;13;115;NA;71410;672;2020-10-23;9087
2020-10-22;"Žilinský kraj";525;33;3;36;NA;71410;528;2020-10-22;8415
2020-10-21;"Žilinský kraj";478;74;14;88;NA;71410;492;2020-10-21;7887
2020-10-20;"Žilinský kraj";524;127;8;135;NA;71410;532;2020-10-20;7395
2020-10-19;"Žilinský kraj";70;80;12;92;NA;71410;82;2020-10-19;6863
2020-10-18;"Žilinský kraj";159;0;0;0;NA;71410;159;2020-10-18;6781
2020-10-17;"Žilinský kraj";509;0;0;0;NA;71410;509;2020-10-17;6622
2020-10-16;"Žilinský kraj";603;51;9;60;NA;71410;612;2020-10-16;6113
2020-10-15;"Žilinský kraj";679;61;3;64;NA;71410;682;2020-10-15;5501
2020-10-14;"Žilinský kraj";523;269;6;275;NA;71410;529;2020-10-14;4819
2020-10-13;"Žilinský kraj";367;458;40;498;NA;71410;407;2020-10-13;4290
2020-10-12;"Žilinský kraj";62;0;0;0;NA;71410;62;2020-10-12;3883
2020-10-11;"Žilinský kraj";50;0;0;0;NA;71410;50;2020-10-11;3821
2020-10-10;"Žilinský kraj";213;0;0;0;NA;71410;213;2020-10-10;3771
2020-10-09;"Žilinský kraj";543;0;0;0;NA;71410;543;2020-10-09;3558
2020-10-08;"Žilinský kraj";238;0;0;0;NA;71410;238;2020-10-08;3015
2020-10-07;"Žilinský kraj";168;0;0;0;NA;71410;168;2020-10-07;2777
2020-10-06;"Žilinský kraj";233;0;0;0;NA;71410;233;2020-10-06;2609
2020-10-05;"Žilinský kraj";33;0;0;0;NA;71410;33;2020-10-05;2376
2020-10-04;"Žilinský kraj";35;0;0;0;NA;71410;35;2020-10-04;2343
2020-10-03;"Žilinský kraj";155;0;0;0;NA;71410;155;2020-10-03;2308
2020-10-02;"Žilinský kraj";105;0;0;0;NA;71410;105;2020-10-02;2153
2020-10-01;"Žilinský kraj";147;0;0;0;NA;71410;147;2020-10-01;2048
2020-09-30;"Žilinský kraj";163;0;0;0;NA;71410;163;2020-09-30;1901
2020-09-29;"Žilinský kraj";105;0;0;0;NA;71410;105;2020-09-29;1738
2020-09-28;"Žilinský kraj";34;0;0;0;NA;71410;34;2020-09-28;1633
2020-09-27;"Žilinský kraj";108;0;0;0;NA;71410;108;2020-09-27;1599
2020-09-26;"Žilinský kraj";96;0;0;0;NA;71410;96;2020-09-26;1491
2020-09-25;"Žilinský kraj";69;0;0;0;NA;71410;69;2020-09-25;1395
2020-09-24;"Žilinský kraj";100;0;0;0;NA;71410;100;2020-09-24;1326
2020-09-23;"Žilinský kraj";65;0;0;0;NA;71410;65;2020-09-23;1226
2020-09-22;"Žilinský kraj";65;0;0;0;NA;71410;65;2020-09-22;1161
2020-09-21;"Žilinský kraj";47;0;0;0;NA;71410;47;2020-09-21;1096
2020-09-20;"Žilinský kraj";4;0;0;0;NA;71410;4;2020-09-20;1049
2020-09-19;"Žilinský kraj";6;0;0;0;NA;71410;6;2020-09-19;1045
2020-09-18;"Žilinský kraj";82;0;0;0;NA;71410;82;2020-09-18;1039
2020-09-17;"Žilinský kraj";30;0;0;0;NA;71410;30;2020-09-17;957
2020-09-16;"Žilinský kraj";34;0;0;0;NA;71410;34;2020-09-16;927
2020-09-15;"Žilinský kraj";12;0;0;0;NA;71410;12;2020-09-15;893
2020-09-14;"Žilinský kraj";39;0;0;0;NA;71410;39;2020-09-14;881
2020-09-13;"Žilinský kraj";6;0;0;0;NA;71410;6;2020-09-13;842
2020-09-12;"Žilinský kraj";4;0;0;0;NA;71410;4;2020-09-12;836
2020-09-11;"Žilinský kraj";31;0;0;0;NA;71410;31;2020-09-11;832
2020-09-10;"Žilinský kraj";31;0;0;0;NA;71410;31;2020-09-10;801
2020-09-09;"Žilinský kraj";23;0;0;0;NA;71410;23;2020-09-09;770
2020-09-08;"Žilinský kraj";25;0;0;0;NA;71410;25;2020-09-08;747
2020-09-07;"Žilinský kraj";11;0;0;0;NA;71410;11;2020-09-07;722
2020-09-05;"Žilinský kraj";2;0;0;0;NA;71410;2;2020-09-05;711
2020-09-04;"Žilinský kraj";33;0;0;0;NA;71410;33;2020-09-04;709
2020-09-03;"Žilinský kraj";18;0;0;0;NA;71410;18;2020-09-03;676
