"Datum";"Region";"PCR_Pos";"Ag_Neg";"Ag_Pos";"Total";"Pocet.potvrdenych";"Potvrdenych";"newcases";"date";"positive"
2021-05-30;"Banskobystrický kraj";3;7282;19;7301;37911;83429;22;2021-05-30;83429
2021-05-29;"Banskobystrický kraj";11;8430;10;8440;NA;83429;21;2021-05-29;83407
2021-05-28;"Banskobystrický kraj";13;11290;27;11317;NA;83429;40;2021-05-28;83386
2021-05-27;"Banskobystrický kraj";7;8620;12;8632;NA;83429;19;2021-05-27;83346
2021-05-26;"Banskobystrický kraj";18;7906;16;7922;NA;83429;34;2021-05-26;83327
2021-05-25;"Banskobystrický kraj";27;8840;30;8870;NA;83429;57;2021-05-25;83293
2021-05-24;"Banskobystrický kraj";9;12341;44;12385;NA;83429;53;2021-05-24;83236
2021-05-23;"Banskobystrický kraj";0;9798;27;9825;NA;83429;27;2021-05-23;83183
2021-05-22;"Banskobystrický kraj";20;9576;26;9602;NA;83429;46;2021-05-22;83156
2021-05-21;"Banskobystrický kraj";22;12708;25;12733;NA;83429;47;2021-05-21;83110
2021-05-20;"Banskobystrický kraj";14;8707;25;8732;NA;83429;39;2021-05-20;83063
2021-05-19;"Banskobystrický kraj";42;8608;21;8629;NA;83429;63;2021-05-19;83024
2021-05-18;"Banskobystrický kraj";27;9649;25;9674;NA;83429;52;2021-05-18;82961
2021-05-17;"Banskobystrický kraj";11;13251;33;13284;NA;83429;44;2021-05-17;82909
2021-05-16;"Banskobystrický kraj";15;14026;27;14053;NA;83429;42;2021-05-16;82865
2021-05-15;"Banskobystrický kraj";11;15218;27;15245;NA;83429;38;2021-05-15;82823
2021-05-14;"Banskobystrický kraj";35;18452;45;18497;NA;83429;80;2021-05-14;82785
2021-05-13;"Banskobystrický kraj";37;10405;40;10445;NA;83429;77;2021-05-13;82705
2021-05-12;"Banskobystrický kraj";31;10835;45;10880;NA;83429;76;2021-05-12;82628
2021-05-11;"Banskobystrický kraj";42;11636;47;11683;NA;83429;89;2021-05-11;82552
2021-05-10;"Banskobystrický kraj";28;17317;68;17385;NA;83429;96;2021-05-10;82463
2021-05-09;"Banskobystrický kraj";25;21903;67;21970;NA;83429;92;2021-05-09;82367
2021-05-08;"Banskobystrický kraj";11;14048;26;14074;NA;83429;37;2021-05-08;82275
2021-05-07;"Banskobystrický kraj";41;21898;78;21976;NA;83429;119;2021-05-07;82238
2021-05-06;"Banskobystrický kraj";36;12159;70;12229;NA;83429;106;2021-05-06;82119
2021-05-05;"Banskobystrický kraj";34;12592;63;12655;NA;83429;97;2021-05-05;82013
2021-05-04;"Banskobystrický kraj";83;13788;47;13835;NA;83429;130;2021-05-04;81916
2021-05-03;"Banskobystrický kraj";30;20872;80;20952;NA;83429;110;2021-05-03;81786
2021-05-02;"Banskobystrický kraj";6;32623;60;32683;NA;83429;66;2021-05-02;81676
2021-05-01;"Banskobystrický kraj";54;36770;67;36837;NA;83429;121;2021-05-01;81610
2021-04-30;"Banskobystrický kraj";38;34953;86;35039;NA;83429;124;2021-04-30;81489
2021-04-29;"Banskobystrický kraj";55;16799;68;16867;NA;83429;123;2021-04-29;81365
2021-04-28;"Banskobystrický kraj";66;17919;67;17986;NA;83429;133;2021-04-28;81242
2021-04-27;"Banskobystrický kraj";70;18992;73;19065;NA;83429;143;2021-04-27;81109
2021-04-26;"Banskobystrický kraj";34;28514;101;28615;NA;83429;135;2021-04-26;80966
2021-04-25;"Banskobystrický kraj";14;40204;106;40310;NA;83429;120;2021-04-25;80831
2021-04-24;"Banskobystrický kraj";40;51625;98;51723;NA;83429;138;2021-04-24;80711
2021-04-23;"Banskobystrický kraj";78;37724;88;37812;NA;83429;166;2021-04-23;80573
2021-04-22;"Banskobystrický kraj";51;17192;57;17249;NA;83429;108;2021-04-22;80407
2021-04-21;"Banskobystrický kraj";76;19192;94;19286;NA;83429;170;2021-04-21;80299
2021-04-20;"Banskobystrický kraj";116;20973;98;21071;NA;83429;214;2021-04-20;80129
2021-04-19;"Banskobystrický kraj";48;31407;105;31512;NA;83429;153;2021-04-19;79915
2021-04-18;"Banskobystrický kraj";16;42953;90;43043;NA;83429;106;2021-04-18;79762
2021-04-17;"Banskobystrický kraj";42;64939;92;65031;NA;83429;134;2021-04-17;79656
2021-04-16;"Banskobystrický kraj";72;37303;100;37403;NA;83429;172;2021-04-16;79522
2021-04-15;"Banskobystrický kraj";67;20117;83;20200;NA;83429;150;2021-04-15;79350
2021-04-14;"Banskobystrický kraj";69;21257;86;21343;NA;83429;155;2021-04-14;79200
2021-04-13;"Banskobystrický kraj";130;22676;77;22753;NA;83429;207;2021-04-13;79045
2021-04-12;"Banskobystrický kraj";60;32247;130;32377;NA;83429;190;2021-04-12;78838
2021-04-11;"Banskobystrický kraj";0;41367;88;41455;NA;83429;88;2021-04-11;78648
2021-04-10;"Banskobystrický kraj";56;64628;141;64769;NA;83429;197;2021-04-10;78560
2021-04-09;"Banskobystrický kraj";106;31566;118;31684;NA;83429;224;2021-04-09;78363
2021-04-08;"Banskobystrický kraj";132;18406;110;18516;NA;83429;242;2021-04-08;78139
2021-04-07;"Banskobystrický kraj";226;25117;94;25211;NA;83429;320;2021-04-07;77897
2021-04-06;"Banskobystrický kraj";93;42487;187;42674;NA;83429;280;2021-04-06;77577
2021-04-05;"Banskobystrický kraj";15;11797;87;11884;NA;83429;102;2021-04-05;77297
2021-04-04;"Banskobystrický kraj";24;19683;79;19762;NA;83429;103;2021-04-04;77195
2021-04-03;"Banskobystrický kraj";5;72473;211;72684;NA;83429;216;2021-04-03;77092
2021-04-02;"Banskobystrický kraj";71;13455;66;13521;NA;83429;137;2021-04-02;76876
2021-04-01;"Banskobystrický kraj";171;38877;200;39077;NA;83429;371;2021-04-01;76739
2021-03-31;"Banskobystrický kraj";147;25543;161;25704;NA;83429;308;2021-03-31;76368
2021-03-30;"Banskobystrický kraj";167;21439;159;21598;NA;83429;326;2021-03-30;76060
2021-03-29;"Banskobystrický kraj";119;29491;218;29709;NA;83429;337;2021-03-29;75734
2021-03-28;"Banskobystrický kraj";25;40610;189;40799;NA;83429;214;2021-03-28;75397
2021-03-27;"Banskobystrický kraj";85;64652;264;64916;NA;83429;349;2021-03-27;75183
2021-03-26;"Banskobystrický kraj";122;43397;240;43637;NA;83429;362;2021-03-26;74834
2021-03-25;"Banskobystrický kraj";120;21589;240;21829;NA;83429;360;2021-03-25;74472
2021-03-24;"Banskobystrický kraj";200;19319;227;19546;NA;83429;427;2021-03-24;74112
2021-03-23;"Banskobystrický kraj";241;21398;257;21655;NA;83429;498;2021-03-23;73685
2021-03-22;"Banskobystrický kraj";65;30418;274;30692;NA;83429;339;2021-03-22;73187
2021-03-21;"Banskobystrický kraj";31;40039;280;40319;NA;83429;311;2021-03-21;72848
2021-03-20;"Banskobystrický kraj";119;67730;383;68113;NA;83429;502;2021-03-20;72537
2021-03-19;"Banskobystrický kraj";240;44041;307;44348;NA;83429;547;2021-03-19;72035
2021-03-18;"Banskobystrický kraj";160;21727;273;22000;NA;83429;433;2021-03-18;71488
2021-03-17;"Banskobystrický kraj";262;21573;245;21818;NA;83429;507;2021-03-17;71055
2021-03-16;"Banskobystrický kraj";340;23365;224;23589;NA;83429;564;2021-03-16;70548
2021-03-15;"Banskobystrický kraj";95;31133;364;31497;NA;83429;459;2021-03-15;69984
2021-03-14;"Banskobystrický kraj";39;40650;229;40879;NA;83429;268;2021-03-14;69525
2021-03-13;"Banskobystrický kraj";209;67167;391;67558;NA;83429;600;2021-03-13;69257
2021-03-12;"Banskobystrický kraj";206;41485;330;41815;NA;83429;536;2021-03-12;68657
2021-03-11;"Banskobystrický kraj";228;21337;272;21609;NA;83429;500;2021-03-11;68121
2021-03-10;"Banskobystrický kraj";260;20381;238;20619;NA;83429;498;2021-03-10;67621
2021-03-09;"Banskobystrický kraj";352;21790;284;22074;NA;83429;636;2021-03-09;67123
2021-03-08;"Banskobystrický kraj";191;31488;427;31915;NA;83429;618;2021-03-08;66487
2021-03-07;"Banskobystrický kraj";60;39083;295;39378;NA;83429;355;2021-03-07;65869
2021-03-06;"Banskobystrický kraj";164;70562;410;70972;NA;83429;574;2021-03-06;65514
2021-03-05;"Banskobystrický kraj";221;42137;388;42525;NA;83429;609;2021-03-05;64940
2021-03-04;"Banskobystrický kraj";226;21607;334;21941;NA;83429;560;2021-03-04;64331
2021-03-03;"Banskobystrický kraj";317;21949;331;22280;NA;83429;648;2021-03-03;63771
2021-03-02;"Banskobystrický kraj";291;22602;354;22956;NA;83429;645;2021-03-02;63123
2021-03-01;"Banskobystrický kraj";151;31773;434;32207;NA;83429;585;2021-03-01;62478
2021-02-28;"Banskobystrický kraj";45;38313;336;38649;NA;83429;381;2021-02-28;61893
2021-02-27;"Banskobystrický kraj";289;66667;529;67196;NA;83429;818;2021-02-27;61512
2021-02-26;"Banskobystrický kraj";326;39489;468;39957;NA;83429;794;2021-02-26;60694
2021-02-25;"Banskobystrický kraj";375;17731;366;18097;NA;83429;741;2021-02-25;59900
2021-02-24;"Banskobystrický kraj";332;16735;373;17108;NA;83429;705;2021-02-24;59159
2021-02-23;"Banskobystrický kraj";462;19480;439;19919;NA;83429;901;2021-02-23;58454
2021-02-22;"Banskobystrický kraj";67;28643;598;29241;NA;83429;665;2021-02-22;57553
2021-02-21;"Banskobystrický kraj";68;37464;437;37901;NA;83429;505;2021-02-21;56888
2021-02-20;"Banskobystrický kraj";280;68851;598;69449;NA;83429;878;2021-02-20;56383
2021-02-19;"Banskobystrický kraj";420;39632;511;40143;NA;83429;931;2021-02-19;55505
2021-02-18;"Banskobystrický kraj";241;18618;396;19014;NA;83429;637;2021-02-18;54574
2021-02-17;"Banskobystrický kraj";415;16312;389;16701;NA;83429;804;2021-02-17;53937
2021-02-16;"Banskobystrický kraj";338;19933;369;20302;NA;83429;707;2021-02-16;53133
2021-02-15;"Banskobystrický kraj";118;35835;591;36426;NA;83429;709;2021-02-15;52426
2021-02-14;"Banskobystrický kraj";60;31894;386;32280;NA;83429;446;2021-02-14;51717
2021-02-13;"Banskobystrický kraj";202;53889;492;54381;NA;83429;694;2021-02-13;51271
2021-02-12;"Banskobystrický kraj";312;36620;533;37153;NA;83429;845;2021-02-12;50577
2021-02-11;"Banskobystrický kraj";305;20825;386;21211;NA;83429;691;2021-02-11;49732
2021-02-10;"Banskobystrický kraj";333;14790;344;15134;NA;83429;677;2021-02-10;49041
2021-02-09;"Banskobystrický kraj";329;18504;362;18866;NA;83429;691;2021-02-09;48364
2021-02-08;"Banskobystrický kraj";103;46804;672;47476;NA;83429;775;2021-02-08;47673
2021-02-07;"Banskobystrický kraj";70;37363;333;37696;NA;83429;403;2021-02-07;46898
2021-02-06;"Banskobystrický kraj";178;69638;570;70208;NA;83429;748;2021-02-06;46495
2021-02-05;"Banskobystrický kraj";282;24577;363;24940;NA;83429;645;2021-02-05;45747
2021-02-04;"Banskobystrický kraj";240;13842;430;14272;NA;83429;670;2021-02-04;45102
2021-02-03;"Banskobystrický kraj";350;9429;255;9684;NA;83429;605;2021-02-03;44432
2021-02-02;"Banskobystrický kraj";277;15740;334;16074;NA;83429;611;2021-02-02;43827
2021-02-01;"Banskobystrický kraj";75;24723;496;25219;NA;83429;571;2021-02-01;43216
2021-01-31;"Banskobystrický kraj";34;19983;201;20184;NA;83429;235;2021-01-31;42645
2021-01-30;"Banskobystrický kraj";163;64086;525;64611;NA;83429;688;2021-01-30;42410
2021-01-29;"Banskobystrický kraj";196;17360;269;17629;NA;83429;465;2021-01-29;41722
2021-01-28;"Banskobystrický kraj";218;14229;372;14601;NA;83429;590;2021-01-28;41257
2021-01-27;"Banskobystrický kraj";191;8128;200;8328;NA;83429;391;2021-01-27;40667
2021-01-26;"Banskobystrický kraj";238;19798;283;20081;NA;83429;521;2021-01-26;40276
2021-01-25;"Banskobystrický kraj";82;33666;412;34078;NA;83429;494;2021-01-25;39755
2021-01-24;"Banskobystrický kraj";38;35587;278;35865;NA;83429;316;2021-01-24;39261
2021-01-23;"Banskobystrický kraj";142;89295;530;89825;NA;83429;672;2021-01-23;38945
2021-01-22;"Banskobystrický kraj";175;27148;361;27509;NA;83429;536;2021-01-22;38273
2021-01-21;"Banskobystrický kraj";194;17308;285;17593;NA;83429;479;2021-01-21;37737
2021-01-20;"Banskobystrický kraj";231;9150;188;9338;NA;83429;419;2021-01-20;37258
2021-01-19;"Banskobystrický kraj";213;10708;311;11019;NA;83429;524;2021-01-19;36839
2021-01-18;"Banskobystrický kraj";94;7415;402;7817;NA;83429;496;2021-01-18;36315
2021-01-17;"Banskobystrický kraj";110;8154;77;8231;NA;83429;187;2021-01-17;35819
2021-01-16;"Banskobystrický kraj";58;2274;57;2331;NA;83429;115;2021-01-16;35632
2021-01-15;"Banskobystrický kraj";164;7673;217;7890;NA;83429;381;2021-01-15;35517
2021-01-14;"Banskobystrický kraj";220;5760;325;6085;NA;83429;545;2021-01-14;35136
2021-01-13;"Banskobystrický kraj";235;5974;217;6191;NA;83429;452;2021-01-13;34591
2021-01-12;"Banskobystrický kraj";194;6808;299;7107;NA;83429;493;2021-01-12;34139
2021-01-11;"Banskobystrický kraj";76;8231;481;8712;NA;83429;557;2021-01-11;33646
2021-01-10;"Banskobystrický kraj";110;233;4;237;NA;83429;114;2021-01-10;33089
2021-01-09;"Banskobystrický kraj";297;2378;81;2459;NA;83429;378;2021-01-09;32975
2021-01-08;"Banskobystrický kraj";435;9677;443;10120;NA;83429;878;2021-01-08;32597
2021-01-07;"Banskobystrický kraj";127;6322;366;6688;NA;83429;493;2021-01-07;31719
2021-01-06;"Banskobystrický kraj";305;3124;185;3309;NA;83429;490;2021-01-06;31226
2021-01-05;"Banskobystrický kraj";372;7349;533;7882;NA;83429;905;2021-01-05;30736
2021-01-04;"Banskobystrický kraj";130;7083;700;7783;NA;83429;830;2021-01-04;29831
2021-01-03;"Banskobystrický kraj";199;320;19;339;NA;83429;218;2021-01-03;29001
2021-01-02;"Banskobystrický kraj";123;702;85;787;NA;83429;208;2021-01-02;28783
2021-01-01;"Banskobystrický kraj";220;1958;132;2090;NA;83429;352;2021-01-01;28575
2020-12-31;"Banskobystrický kraj";499;7379;633;8012;NA;83429;1132;2020-12-31;28223
2020-12-30;"Banskobystrický kraj";593;7670;557;8227;NA;83429;1150;2020-12-30;27091
2020-12-29;"Banskobystrický kraj";240;7955;664;8619;NA;83429;904;2020-12-29;25941
2020-12-28;"Banskobystrický kraj";131;6098;711;6809;NA;83429;842;2020-12-28;25037
2020-12-27;"Banskobystrický kraj";116;541;25;566;NA;83429;141;2020-12-27;24195
2020-12-26;"Banskobystrický kraj";61;295;35;330;NA;83429;96;2020-12-26;24054
2020-12-25;"Banskobystrický kraj";65;313;10;323;NA;83429;75;2020-12-25;23958
2020-12-24;"Banskobystrický kraj";452;3685;135;3820;NA;83429;587;2020-12-24;23883
2020-12-23;"Banskobystrický kraj";368;10116;507;10623;NA;83429;875;2020-12-23;23296
2020-12-22;"Banskobystrický kraj";307;8449;624;9073;NA;83429;931;2020-12-22;22421
2020-12-21;"Banskobystrický kraj";286;4896;448;5344;NA;83429;734;2020-12-21;21490
2020-12-20;"Banskobystrický kraj";155;249;14;263;NA;83429;169;2020-12-20;20756
2020-12-19;"Banskobystrický kraj";170;3084;138;3222;NA;83429;308;2020-12-19;20587
2020-12-18;"Banskobystrický kraj";432;5965;324;6289;NA;83429;756;2020-12-18;20279
2020-12-17;"Banskobystrický kraj";468;8703;656;9359;NA;83429;1124;2020-12-17;19523
2020-12-16;"Banskobystrický kraj";379;10202;560;10762;NA;83429;939;2020-12-16;18399
2020-12-15;"Banskobystrický kraj";336;5425;433;5858;NA;83429;769;2020-12-15;17460
2020-12-14;"Banskobystrický kraj";148;3897;259;4156;NA;83429;407;2020-12-14;16691
2020-12-13;"Banskobystrický kraj";122;142;1;143;NA;83429;123;2020-12-13;16284
2020-12-12;"Banskobystrický kraj";137;2714;138;2852;NA;83429;275;2020-12-12;16161
2020-12-11;"Banskobystrický kraj";468;6587;374;6961;NA;83429;842;2020-12-11;15886
2020-12-10;"Banskobystrický kraj";280;5204;355;5559;NA;83429;635;2020-12-10;15044
2020-12-09;"Banskobystrický kraj";323;3850;213;4063;NA;83429;536;2020-12-09;14409
2020-12-08;"Banskobystrický kraj";256;3787;276;4063;NA;83429;532;2020-12-08;13873
2020-12-07;"Banskobystrický kraj";175;2380;156;2536;NA;83429;331;2020-12-07;13341
2020-12-06;"Banskobystrický kraj";121;507;11;518;NA;83429;132;2020-12-06;13010
2020-12-05;"Banskobystrický kraj";109;1099;34;1133;NA;83429;143;2020-12-05;12878
2020-12-04;"Banskobystrický kraj";339;3828;174;4002;NA;83429;513;2020-12-04;12735
2020-12-03;"Banskobystrický kraj";240;3193;234;3427;NA;83429;474;2020-12-03;12222
2020-12-02;"Banskobystrický kraj";217;4442;186;4628;NA;83429;403;2020-12-02;11748
2020-12-01;"Banskobystrický kraj";215;2702;134;2836;NA;83429;349;2020-12-01;11345
2020-11-30;"Banskobystrický kraj";74;4559;257;4816;NA;83429;331;2020-11-30;10996
2020-11-29;"Banskobystrický kraj";19;208;7;215;NA;83429;26;2020-11-29;10665
2020-11-28;"Banskobystrický kraj";81;1408;55;1463;NA;83429;136;2020-11-28;10639
2020-11-27;"Banskobystrický kraj";219;2266;123;2389;NA;83429;342;2020-11-27;10503
2020-11-26;"Banskobystrický kraj";208;2124;93;2217;NA;83429;301;2020-11-26;10161
2020-11-25;"Banskobystrický kraj";170;1952;86;2038;NA;83429;256;2020-11-25;9860
2020-11-24;"Banskobystrický kraj";166;2566;69;2635;NA;83429;235;2020-11-24;9604
2020-11-23;"Banskobystrický kraj";66;10240;194;10434;NA;83429;260;2020-11-23;9369
2020-11-22;"Banskobystrický kraj";38;104;1;105;NA;83429;39;2020-11-22;9109
2020-11-21;"Banskobystrický kraj";52;904;14;918;NA;83429;66;2020-11-21;9070
2020-11-20;"Banskobystrický kraj";127;2005;107;2112;NA;83429;234;2020-11-20;9004
2020-11-19;"Banskobystrický kraj";170;1218;82;1300;NA;83429;252;2020-11-19;8770
2020-11-18;"Banskobystrický kraj";153;698;65;763;NA;83429;218;2020-11-18;8518
2020-11-17;"Banskobystrický kraj";52;578;35;613;NA;83429;87;2020-11-17;8300
2020-11-16;"Banskobystrický kraj";106;470;25;495;NA;83429;131;2020-11-16;8213
2020-11-15;"Banskobystrický kraj";52;301;4;305;NA;83429;56;2020-11-15;8082
2020-11-14;"Banskobystrický kraj";73;305;2;307;NA;83429;75;2020-11-14;8026
2020-11-13;"Banskobystrický kraj";157;552;11;563;NA;83429;168;2020-11-13;7951
2020-11-12;"Banskobystrický kraj";218;952;44;996;NA;83429;262;2020-11-12;7783
2020-11-11;"Banskobystrický kraj";224;437;9;446;NA;83429;233;2020-11-11;7521
2020-11-10;"Banskobystrický kraj";263;463;18;481;NA;83429;281;2020-11-10;7288
2020-11-09;"Banskobystrický kraj";80;2678;31;2709;NA;83429;111;2020-11-09;7007
2020-11-08;"Banskobystrický kraj";82;981;16;997;NA;83429;98;2020-11-08;6896
2020-11-07;"Banskobystrický kraj";164;8828;94;8922;NA;83429;258;2020-11-07;6798
2020-11-06;"Banskobystrický kraj";227;2496;16;2512;NA;83429;243;2020-11-06;6540
2020-11-05;"Banskobystrický kraj";240;290;33;323;NA;83429;273;2020-11-05;6297
2020-11-04;"Banskobystrický kraj";254;1366;13;1379;NA;83429;267;2020-11-04;6024
2020-11-03;"Banskobystrický kraj";246;1332;4;1336;NA;83429;250;2020-11-03;5757
2020-11-02;"Banskobystrický kraj";90;2909;65;2974;NA;83429;155;2020-11-02;5507
2020-11-01;"Banskobystrický kraj";101;2671;42;2713;NA;83429;143;2020-11-01;5352
2020-10-31;"Banskobystrický kraj";199;13516;116;13632;NA;83429;315;2020-10-31;5209
2020-10-30;"Banskobystrický kraj";254;2829;20;2849;NA;83429;274;2020-10-30;4894
2020-10-29;"Banskobystrický kraj";372;969;42;1011;NA;83429;414;2020-10-29;4620
2020-10-28;"Banskobystrický kraj";285;302;30;332;NA;83429;315;2020-10-28;4206
2020-10-27;"Banskobystrický kraj";266;654;40;694;NA;83429;306;2020-10-27;3891
2020-10-26;"Banskobystrický kraj";38;234;29;263;NA;83429;67;2020-10-26;3585
2020-10-25;"Banskobystrický kraj";50;140;11;151;NA;83429;61;2020-10-25;3518
2020-10-24;"Banskobystrický kraj";315;114;12;126;NA;83429;327;2020-10-24;3457
2020-10-23;"Banskobystrický kraj";231;230;29;259;NA;83429;260;2020-10-23;3130
2020-10-22;"Banskobystrický kraj";264;253;24;277;NA;83429;288;2020-10-22;2870
2020-10-21;"Banskobystrický kraj";209;266;3;269;NA;83429;212;2020-10-21;2582
2020-10-20;"Banskobystrický kraj";210;66;3;69;NA;83429;213;2020-10-20;2370
2020-10-19;"Banskobystrický kraj";27;73;12;85;NA;83429;39;2020-10-19;2157
2020-10-18;"Banskobystrický kraj";49;0;0;0;NA;83429;49;2020-10-18;2118
2020-10-17;"Banskobystrický kraj";91;0;0;0;NA;83429;91;2020-10-17;2069
2020-10-16;"Banskobystrický kraj";224;37;3;40;NA;83429;227;2020-10-16;1978
2020-10-15;"Banskobystrický kraj";133;29;1;30;NA;83429;134;2020-10-15;1751
2020-10-14;"Banskobystrický kraj";139;31;1;32;NA;83429;140;2020-10-14;1617
2020-10-13;"Banskobystrický kraj";151;169;11;180;NA;83429;162;2020-10-13;1477
2020-10-12;"Banskobystrický kraj";11;110;4;114;NA;83429;15;2020-10-12;1315
2020-10-11;"Banskobystrický kraj";14;0;0;0;NA;83429;14;2020-10-11;1300
2020-10-10;"Banskobystrický kraj";53;0;0;0;NA;83429;53;2020-10-10;1286
2020-10-09;"Banskobystrický kraj";128;0;0;0;NA;83429;128;2020-10-09;1233
2020-10-08;"Banskobystrický kraj";99;0;0;0;NA;83429;99;2020-10-08;1105
2020-10-07;"Banskobystrický kraj";124;0;0;0;NA;83429;124;2020-10-07;1006
2020-10-06;"Banskobystrický kraj";68;0;0;0;NA;83429;68;2020-10-06;882
2020-10-05;"Banskobystrický kraj";49;0;0;0;NA;83429;49;2020-10-05;814
2020-10-04;"Banskobystrický kraj";8;0;0;0;NA;83429;8;2020-10-04;765
2020-10-03;"Banskobystrický kraj";37;0;0;0;NA;83429;37;2020-10-03;757
2020-10-02;"Banskobystrický kraj";74;0;0;0;NA;83429;74;2020-10-02;720
2020-10-01;"Banskobystrický kraj";49;0;0;0;NA;83429;49;2020-10-01;646
2020-09-30;"Banskobystrický kraj";60;0;0;0;NA;83429;60;2020-09-30;597
2020-09-29;"Banskobystrický kraj";24;0;0;0;NA;83429;24;2020-09-29;537
2020-09-28;"Banskobystrický kraj";0;0;0;0;NA;83429;0;2020-09-28;513
2020-09-27;"Banskobystrický kraj";20;0;0;0;NA;83429;20;2020-09-27;513
2020-09-26;"Banskobystrický kraj";24;0;0;0;NA;83429;24;2020-09-26;493
2020-09-25;"Banskobystrický kraj";29;0;0;0;NA;83429;29;2020-09-25;469
2020-09-24;"Banskobystrický kraj";25;0;0;0;NA;83429;25;2020-09-24;440
2020-09-23;"Banskobystrický kraj";17;0;0;0;NA;83429;17;2020-09-23;415
2020-09-22;"Banskobystrický kraj";25;0;0;0;NA;83429;25;2020-09-22;398
2020-09-21;"Banskobystrický kraj";3;0;0;0;NA;83429;3;2020-09-21;373
2020-09-20;"Banskobystrický kraj";0;0;0;0;NA;83429;0;2020-09-20;370
2020-09-19;"Banskobystrický kraj";3;0;0;0;NA;83429;3;2020-09-19;370
2020-09-18;"Banskobystrický kraj";24;0;0;0;NA;83429;24;2020-09-18;367
2020-09-17;"Banskobystrický kraj";14;0;0;0;NA;83429;14;2020-09-17;343
2020-09-16;"Banskobystrický kraj";6;0;0;0;NA;83429;6;2020-09-16;329
2020-09-15;"Banskobystrický kraj";2;0;0;0;NA;83429;2;2020-09-15;323
2020-09-14;"Banskobystrický kraj";13;0;0;0;NA;83429;13;2020-09-14;321
2020-09-13;"Banskobystrický kraj";1;0;0;0;NA;83429;1;2020-09-13;308
2020-09-12;"Banskobystrický kraj";5;0;0;0;NA;83429;5;2020-09-12;307
2020-09-11;"Banskobystrický kraj";19;0;0;0;NA;83429;19;2020-09-11;302
2020-09-10;"Banskobystrický kraj";11;0;0;0;NA;83429;11;2020-09-10;283
2020-09-09;"Banskobystrický kraj";13;0;0;0;NA;83429;13;2020-09-09;272
2020-09-08;"Banskobystrický kraj";5;0;0;0;NA;83429;5;2020-09-08;259
2020-09-07;"Banskobystrický kraj";2;0;0;0;NA;83429;2;2020-09-07;254
2020-09-06;"Banskobystrický kraj";0;0;0;0;NA;83429;0;2020-09-06;252
2020-09-05;"Banskobystrický kraj";0;0;0;0;NA;83429;0;2020-09-05;252
2020-09-04;"Banskobystrický kraj";9;0;0;0;NA;83429;9;2020-09-04;252
2020-09-03;"Banskobystrický kraj";5;0;0;0;NA;83429;5;2020-09-03;243
2020-09-02;"Banskobystrický kraj";6;0;0;0;NA;83429;6;2020-09-02;238
2020-09-01;"Banskobystrický kraj";2;0;0;0;NA;83429;2;2020-09-01;232
2020-08-31;"Banskobystrický kraj";6;0;0;0;NA;83429;6;2020-08-31;230
2020-08-30;"Banskobystrický kraj";0;0;0;0;NA;83429;0;2020-08-30;224
2020-08-29;"Banskobystrický kraj";1;0;0;0;NA;83429;1;2020-08-29;224
2020-08-28;"Banskobystrický kraj";3;0;0;0;NA;83429;3;2020-08-28;223
2020-08-27;"Banskobystrický kraj";1;0;0;0;NA;83429;1;2020-08-27;220
2020-08-26;"Banskobystrický kraj";2;0;0;0;NA;83429;2;2020-08-26;219
2020-08-25;"Banskobystrický kraj";2;0;0;0;NA;83429;2;2020-08-25;217
2020-08-24;"Banskobystrický kraj";0;0;0;0;NA;83429;0;2020-08-24;215
2020-08-23;"Banskobystrický kraj";0;0;0;0;NA;83429;0;2020-08-23;215
2020-08-22;"Banskobystrický kraj";0;0;0;0;NA;83429;0;2020-08-22;215
2020-08-21;"Banskobystrický kraj";4;0;0;0;NA;83429;4;2020-08-21;215
2020-08-20;"Banskobystrický kraj";1;0;0;0;NA;83429;1;2020-08-20;211
2020-08-19;"Banskobystrický kraj";4;0;0;0;NA;83429;4;2020-08-19;210
2020-08-18;"Banskobystrický kraj";0;0;0;0;NA;83429;0;2020-08-18;206
2020-08-17;"Banskobystrický kraj";1;0;0;0;NA;83429;1;2020-08-17;206
2020-08-16;"Banskobystrický kraj";0;0;0;0;NA;83429;0;2020-08-16;205
2020-08-15;"Banskobystrický kraj";0;0;0;0;NA;83429;0;2020-08-15;205
2020-08-14;"Banskobystrický kraj";5;0;0;0;NA;83429;5;2020-08-14;205
2020-08-13;"Banskobystrický kraj";0;0;0;0;NA;83429;0;2020-08-13;200
2020-08-12;"Banskobystrický kraj";0;0;0;0;NA;83429;0;2020-08-12;200
2020-08-11;"Banskobystrický kraj";2;0;0;0;NA;83429;2;2020-08-11;200
2020-08-10;"Banskobystrický kraj";3;0;0;0;NA;83429;3;2020-08-10;198
2020-08-09;"Banskobystrický kraj";0;0;0;0;NA;83429;0;2020-08-09;195
2020-08-08;"Banskobystrický kraj";2;0;0;0;NA;83429;2;2020-08-08;195
2020-08-07;"Banskobystrický kraj";1;0;0;0;NA;83429;1;2020-08-07;193
2020-08-06;"Banskobystrický kraj";1;0;0;0;NA;83429;1;2020-08-06;192
2020-08-05;"Banskobystrický kraj";0;0;0;0;NA;83429;0;2020-08-05;191
2020-08-04;"Banskobystrický kraj";3;0;0;0;NA;83429;3;2020-08-04;191
2020-08-03;"Banskobystrický kraj";0;0;0;0;NA;83429;0;2020-08-03;188
2020-08-02;"Banskobystrický kraj";0;0;0;0;NA;83429;0;2020-08-02;188
2020-08-01;"Banskobystrický kraj";1;0;0;0;NA;83429;1;2020-08-01;188
2020-07-31;"Banskobystrický kraj";2;0;0;0;NA;83429;2;2020-07-31;187
2020-07-30;"Banskobystrický kraj";1;0;0;0;NA;83429;1;2020-07-30;185
2020-07-29;"Banskobystrický kraj";0;0;0;0;NA;83429;0;2020-07-29;184
2020-07-28;"Banskobystrický kraj";2;0;0;0;NA;83429;2;2020-07-28;184
2020-07-27;"Banskobystrický kraj";3;0;0;0;NA;83429;3;2020-07-27;182
2020-07-26;"Banskobystrický kraj";0;0;0;0;NA;83429;0;2020-07-26;179
2020-07-25;"Banskobystrický kraj";0;0;0;0;NA;83429;0;2020-07-25;179
2020-07-24;"Banskobystrický kraj";9;0;0;0;NA;83429;9;2020-07-24;179
2020-07-23;"Banskobystrický kraj";0;0;0;0;NA;83429;0;2020-07-23;170
2020-07-22;"Banskobystrický kraj";3;0;0;0;NA;83429;3;2020-07-22;170
2020-07-21;"Banskobystrický kraj";3;0;0;0;NA;83429;3;2020-07-21;167
2020-07-20;"Banskobystrický kraj";1;0;0;0;NA;83429;1;2020-07-20;164
2020-07-19;"Banskobystrický kraj";1;0;0;0;NA;83429;1;2020-07-19;163
2020-07-18;"Banskobystrický kraj";0;0;0;0;NA;83429;0;2020-07-18;162
2020-07-17;"Banskobystrický kraj";2;0;0;0;NA;83429;2;2020-07-17;162
2020-07-16;"Banskobystrický kraj";1;0;0;0;NA;83429;1;2020-07-16;160
2020-07-15;"Banskobystrický kraj";4;0;0;0;NA;83429;4;2020-07-15;159
2020-07-14;"Banskobystrický kraj";2;0;0;0;NA;83429;2;2020-07-14;155
2020-07-13;"Banskobystrický kraj";1;0;0;0;NA;83429;1;2020-07-13;153
2020-07-12;"Banskobystrický kraj";0;0;0;0;NA;83429;0;2020-07-12;152
2020-07-11;"Banskobystrický kraj";0;0;0;0;NA;83429;0;2020-07-11;152
2020-07-10;"Banskobystrický kraj";3;0;0;0;NA;83429;3;2020-07-10;152
2020-07-09;"Banskobystrický kraj";9;0;0;0;NA;83429;9;2020-07-09;149
2020-07-08;"Banskobystrický kraj";0;0;0;0;NA;83429;0;2020-07-08;140
2020-07-07;"Banskobystrický kraj";4;0;0;0;NA;83429;4;2020-07-07;140
2020-07-06;"Banskobystrický kraj";0;0;0;0;NA;83429;0;2020-07-06;136
2020-07-05;"Banskobystrický kraj";0;0;0;0;NA;83429;0;2020-07-05;136
2020-07-04;"Banskobystrický kraj";1;0;0;0;NA;83429;1;2020-07-04;136
2020-07-03;"Banskobystrický kraj";4;0;0;0;NA;83429;4;2020-07-03;135
2020-07-02;"Banskobystrický kraj";0;0;0;0;NA;83429;0;2020-07-02;131
2020-07-01;"Banskobystrický kraj";1;0;0;0;NA;83429;1;2020-07-01;131
2020-06-30;"Banskobystrický kraj";0;0;0;0;NA;83429;0;2020-06-30;130
2020-06-29;"Banskobystrický kraj";0;0;0;0;NA;83429;0;2020-06-29;130
2020-06-28;"Banskobystrický kraj";0;0;0;0;NA;83429;0;2020-06-28;130
2020-06-27;"Banskobystrický kraj";0;0;0;0;NA;83429;0;2020-06-27;130
2020-06-26;"Banskobystrický kraj";0;0;0;0;NA;83429;0;2020-06-26;130
2020-06-25;"Banskobystrický kraj";1;0;0;0;NA;83429;1;2020-06-25;130
2020-06-24;"Banskobystrický kraj";0;0;0;0;NA;83429;0;2020-06-24;129
2020-06-23;"Banskobystrický kraj";6;0;0;0;NA;83429;6;2020-06-23;129
2020-06-22;"Banskobystrický kraj";0;0;0;0;NA;83429;0;2020-06-22;123
2020-06-21;"Banskobystrický kraj";0;0;0;0;NA;83429;0;2020-06-21;123
2020-06-20;"Banskobystrický kraj";0;0;0;0;NA;83429;0;2020-06-20;123
2020-06-19;"Banskobystrický kraj";2;0;0;0;NA;83429;2;2020-06-19;123
2020-06-18;"Banskobystrický kraj";10;0;0;0;NA;83429;10;2020-06-18;121
2020-06-17;"Banskobystrický kraj";1;0;0;0;NA;83429;1;2020-06-17;111
2020-06-16;"Banskobystrický kraj";0;0;0;0;NA;83429;0;2020-06-16;110
2020-06-14;"Banskobystrický kraj";2;0;0;0;NA;83429;2;2020-06-14;110
2020-06-13;"Banskobystrický kraj";2;0;0;0;NA;83429;2;2020-06-13;108
2020-06-12;"Banskobystrický kraj";0;0;0;0;NA;83429;0;2020-06-12;106
2020-06-11;"Banskobystrický kraj";1;0;0;0;NA;83429;1;2020-06-11;106
2020-06-10;"Banskobystrický kraj";0;0;0;0;NA;83429;0;2020-06-10;105
2020-06-09;"Banskobystrický kraj";0;0;0;0;NA;83429;0;2020-06-09;105
2020-06-08;"Banskobystrický kraj";0;0;0;0;NA;83429;0;2020-06-08;105
2020-06-07;"Banskobystrický kraj";0;0;0;0;NA;83429;0;2020-06-07;105
2020-06-05;"Banskobystrický kraj";2;0;0;0;NA;83429;2;2020-06-05;105
2020-06-03;"Banskobystrický kraj";0;0;0;0;NA;83429;0;2020-06-03;103
2020-06-02;"Banskobystrický kraj";0;0;0;0;NA;83429;0;2020-06-02;103
2020-05-31;"Banskobystrický kraj";0;0;0;0;NA;83429;0;2020-05-31;103
2020-05-29;"Banskobystrický kraj";0;0;0;0;NA;83429;0;2020-05-29;103
2020-05-27;"Banskobystrický kraj";1;0;0;0;NA;83429;1;2020-05-27;103
2020-05-26;"Banskobystrický kraj";0;0;0;0;NA;83429;0;2020-05-26;102
2020-05-25;"Banskobystrický kraj";0;0;0;0;NA;83429;0;2020-05-25;102
2020-05-24;"Banskobystrický kraj";0;0;0;0;NA;83429;0;2020-05-24;102
2020-05-23;"Banskobystrický kraj";1;0;0;0;NA;83429;1;2020-05-23;102
2020-05-22;"Banskobystrický kraj";0;0;0;0;NA;83429;0;2020-05-22;101
2020-05-21;"Banskobystrický kraj";0;0;0;0;NA;83429;0;2020-05-21;101
2020-05-20;"Banskobystrický kraj";1;0;0;0;NA;83429;1;2020-05-20;101
2020-05-19;"Banskobystrický kraj";0;0;0;0;NA;83429;0;2020-05-19;100
2020-05-17;"Banskobystrický kraj";0;0;0;0;NA;83429;0;2020-05-17;100
2020-05-16;"Banskobystrický kraj";0;0;0;0;NA;83429;0;2020-05-16;100
2020-05-15;"Banskobystrický kraj";0;0;0;0;NA;83429;0;2020-05-15;100
2020-05-14;"Banskobystrický kraj";0;0;0;0;NA;83429;0;2020-05-14;100
2020-05-13;"Banskobystrický kraj";0;0;0;0;NA;83429;0;2020-05-13;100
2020-05-12;"Banskobystrický kraj";1;0;0;0;NA;83429;1;2020-05-12;100
2020-05-11;"Banskobystrický kraj";0;0;0;0;NA;83429;0;2020-05-11;99
2020-05-09;"Banskobystrický kraj";0;0;0;0;NA;83429;0;2020-05-09;99
2020-05-07;"Banskobystrický kraj";2;0;0;0;NA;83429;2;2020-05-07;99
2020-05-06;"Banskobystrický kraj";1;0;0;0;NA;83429;1;2020-05-06;97
2020-05-05;"Banskobystrický kraj";2;0;0;0;NA;83429;2;2020-05-05;96
2020-05-04;"Banskobystrický kraj";0;0;0;0;NA;83429;0;2020-05-04;94
2020-05-03;"Banskobystrický kraj";0;0;0;0;NA;83429;0;2020-05-03;94
2020-05-02;"Banskobystrický kraj";0;0;0;0;NA;83429;0;2020-05-02;94
2020-05-01;"Banskobystrický kraj";0;0;0;0;NA;83429;0;2020-05-01;94
2020-04-30;"Banskobystrický kraj";1;0;0;0;NA;83429;1;2020-04-30;94
2020-04-29;"Banskobystrický kraj";1;0;0;0;NA;83429;1;2020-04-29;93
2020-04-28;"Banskobystrický kraj";0;0;0;0;NA;83429;0;2020-04-28;92
2020-04-27;"Banskobystrický kraj";0;0;0;0;NA;83429;0;2020-04-27;92
2020-04-26;"Banskobystrický kraj";0;0;0;0;NA;83429;0;2020-04-26;92
2020-04-25;"Banskobystrický kraj";2;0;0;0;NA;83429;2;2020-04-25;92
2020-04-24;"Banskobystrický kraj";3;0;0;0;NA;83429;3;2020-04-24;90
2020-04-23;"Banskobystrický kraj";2;0;0;0;NA;83429;2;2020-04-23;87
2020-04-22;"Banskobystrický kraj";2;0;0;0;NA;83429;2;2020-04-22;85
2020-04-21;"Banskobystrický kraj";2;0;0;0;NA;83429;2;2020-04-21;83
2020-04-20;"Banskobystrický kraj";0;0;0;0;NA;83429;0;2020-04-20;81
2020-04-19;"Banskobystrický kraj";0;0;0;0;NA;83429;0;2020-04-19;81
2020-04-18;"Banskobystrický kraj";8;0;0;0;NA;83429;8;2020-04-18;81
2020-04-17;"Banskobystrický kraj";2;0;0;0;NA;83429;2;2020-04-17;73
2020-04-16;"Banskobystrický kraj";0;0;0;0;NA;83429;0;2020-04-16;71
2020-04-15;"Banskobystrický kraj";10;0;0;0;NA;83429;10;2020-04-15;71
2020-04-14;"Banskobystrický kraj";0;0;0;0;NA;83429;0;2020-04-14;61
2020-04-13;"Banskobystrický kraj";2;0;0;0;NA;83429;2;2020-04-13;61
2020-04-12;"Banskobystrický kraj";4;0;0;0;NA;83429;4;2020-04-12;59
2020-04-11;"Banskobystrický kraj";1;0;0;0;NA;83429;1;2020-04-11;55
2020-04-10;"Banskobystrický kraj";0;0;0;0;NA;83429;0;2020-04-10;54
2020-04-09;"Banskobystrický kraj";2;0;0;0;NA;83429;2;2020-04-09;54
2020-04-08;"Banskobystrický kraj";0;0;0;0;NA;83429;0;2020-04-08;52
2020-04-07;"Banskobystrický kraj";4;0;0;0;NA;83429;4;2020-04-07;52
2020-04-06;"Banskobystrický kraj";10;0;0;0;NA;83429;10;2020-04-06;48
2020-04-05;"Banskobystrický kraj";9;0;0;0;NA;83429;9;2020-04-05;38
2020-04-04;"Banskobystrický kraj";0;0;0;0;NA;83429;0;2020-04-04;29
2020-04-03;"Banskobystrický kraj";2;0;0;0;NA;83429;2;2020-04-03;29
2020-04-02;"Banskobystrický kraj";2;0;0;0;NA;83429;2;2020-04-02;27
2020-04-01;"Banskobystrický kraj";5;0;0;0;NA;83429;5;2020-04-01;25
2020-03-31;"Banskobystrický kraj";3;0;0;0;NA;83429;3;2020-03-31;20
2020-03-30;"Banskobystrický kraj";1;0;0;0;NA;83429;1;2020-03-30;17
2020-03-29;"Banskobystrický kraj";2;0;0;0;NA;83429;2;2020-03-29;16
2020-03-28;"Banskobystrický kraj";1;0;0;0;NA;83429;1;2020-03-28;14
2020-03-27;"Banskobystrický kraj";1;0;0;0;NA;83429;1;2020-03-27;13
2020-03-26;"Banskobystrický kraj";1;0;0;0;NA;83429;1;2020-03-26;12
2020-03-25;"Banskobystrický kraj";0;0;0;0;NA;83429;0;2020-03-25;11
2020-03-24;"Banskobystrický kraj";1;0;0;0;NA;83429;1;2020-03-24;11
2020-03-23;"Banskobystrický kraj";1;0;0;0;NA;83429;1;2020-03-23;10
2020-03-22;"Banskobystrický kraj";0;0;0;0;NA;83429;0;2020-03-22;9
2020-03-21;"Banskobystrický kraj";3;0;0;0;NA;83429;3;2020-03-21;9
2020-03-20;"Banskobystrický kraj";0;0;0;0;NA;83429;0;2020-03-20;6
2020-03-19;"Banskobystrický kraj";2;0;0;0;NA;83429;2;2020-03-19;6
2020-03-18;"Banskobystrický kraj";1;0;0;0;NA;83429;1;2020-03-18;4
2020-03-17;"Banskobystrický kraj";1;0;0;0;NA;83429;1;2020-03-17;3
2020-03-16;"Banskobystrický kraj";0;0;0;0;NA;83429;0;2020-03-16;2
2020-03-15;"Banskobystrický kraj";1;0;0;0;NA;83429;1;2020-03-15;2
2020-03-14;"Banskobystrický kraj";0;0;0;0;NA;83429;0;2020-03-14;1
2020-03-13;"Banskobystrický kraj";1;0;0;0;NA;83429;1;2020-03-13;1
2020-03-12;"Banskobystrický kraj";0;0;0;0;NA;83429;0;2020-03-12;0
2020-03-11;"Banskobystrický kraj";0;0;0;0;NA;83429;0;2020-03-11;0
2020-03-09;"Banskobystrický kraj";0;0;0;0;NA;83429;0;2020-03-09;0
2020-03-08;"Banskobystrický kraj";0;0;0;0;NA;83429;0;2020-03-08;0
2020-03-07;"Banskobystrický kraj";0;0;0;0;NA;83429;0;2020-03-07;0
2020-03-06;"Banskobystrický kraj";0;0;0;0;NA;83429;0;2020-03-06;0
2021-05-30;"Bratislavský kraj";1;10420;14;10434;44179;90435;15;2021-05-30;90435
2021-05-29;"Bratislavský kraj";4;9223;6;9229;NA;90435;10;2021-05-29;90420
2021-05-28;"Bratislavský kraj";14;12727;22;12749;NA;90435;36;2021-05-28;90410
2021-05-27;"Bratislavský kraj";5;11279;19;11298;NA;90435;24;2021-05-27;90374
2021-05-26;"Bratislavský kraj";20;10674;16;10690;NA;90435;36;2021-05-26;90350
2021-05-25;"Bratislavský kraj";19;11572;31;11603;NA;90435;50;2021-05-25;90314
2021-05-24;"Bratislavský kraj";12;12965;23;12988;NA;90435;35;2021-05-24;90264
2021-05-23;"Bratislavský kraj";7;13074;24;13098;NA;90435;31;2021-05-23;90229
2021-05-22;"Bratislavský kraj";6;13546;21;13567;NA;90435;27;2021-05-22;90198
2021-05-21;"Bratislavský kraj";15;19128;22;19150;NA;90435;37;2021-05-21;90171
2021-05-20;"Bratislavský kraj";15;13925;17;13942;NA;90435;32;2021-05-20;90134
2021-05-19;"Bratislavský kraj";21;11841;24;11865;NA;90435;45;2021-05-19;90102
2021-05-18;"Bratislavský kraj";14;12849;33;12882;NA;90435;47;2021-05-18;90057
2021-05-17;"Bratislavský kraj";15;13786;29;13815;NA;90435;44;2021-05-17;90010
2021-05-16;"Bratislavský kraj";12;19900;32;19932;NA;90435;44;2021-05-16;89966
2021-05-15;"Bratislavský kraj";1;17513;32;17545;NA;90435;33;2021-05-15;89922
2021-05-14;"Bratislavský kraj";15;22603;29;22632;NA;90435;44;2021-05-14;89889
2021-05-13;"Bratislavský kraj";9;15851;17;15868;NA;90435;26;2021-05-13;89845
2021-05-12;"Bratislavský kraj";11;14478;26;14504;NA;90435;37;2021-05-12;89819
2021-05-11;"Bratislavský kraj";29;16095;32;16127;NA;90435;61;2021-05-11;89782
2021-05-10;"Bratislavský kraj";27;19916;63;19979;NA;90435;90;2021-05-10;89721
2021-05-09;"Bratislavský kraj";9;29358;32;29390;NA;90435;41;2021-05-09;89631
2021-05-08;"Bratislavský kraj";5;19575;24;19599;NA;90435;29;2021-05-08;89590
2021-05-07;"Bratislavský kraj";32;27942;66;28008;NA;90435;98;2021-05-07;89561
2021-05-06;"Bratislavský kraj";19;20048;52;20100;NA;90435;71;2021-05-06;89463
2021-05-05;"Bratislavský kraj";29;15367;27;15394;NA;90435;56;2021-05-05;89392
2021-05-04;"Bratislavský kraj";46;18959;57;19016;NA;90435;103;2021-05-04;89336
2021-05-03;"Bratislavský kraj";37;22059;60;22119;NA;90435;97;2021-05-03;89233
2021-05-02;"Bratislavský kraj";38;43064;75;43139;NA;90435;113;2021-05-02;89136
2021-05-01;"Bratislavský kraj";11;40068;41;40109;NA;90435;52;2021-05-01;89023
2021-04-30;"Bratislavský kraj";43;46543;81;46624;NA;90435;124;2021-04-30;88971
2021-04-29;"Bratislavský kraj";48;30015;94;30109;NA;90435;142;2021-04-29;88847
2021-04-28;"Bratislavský kraj";40;28408;76;28484;NA;90435;116;2021-04-28;88705
2021-04-27;"Bratislavský kraj";41;29922;52;29974;NA;90435;93;2021-04-27;88589
2021-04-26;"Bratislavský kraj";59;34289;95;34384;NA;90435;154;2021-04-26;88496
2021-04-25;"Bratislavský kraj";8;57615;74;57689;NA;90435;82;2021-04-25;88342
2021-04-24;"Bratislavský kraj";28;74254;66;74320;NA;90435;94;2021-04-24;88260
2021-04-23;"Bratislavský kraj";70;47937;61;47998;NA;90435;131;2021-04-23;88166
2021-04-22;"Bratislavský kraj";39;30816;72;30888;NA;90435;111;2021-04-22;88035
2021-04-21;"Bratislavský kraj";48;30099;62;30161;NA;90435;110;2021-04-21;87924
2021-04-20;"Bratislavský kraj";58;34760;63;34823;NA;90435;121;2021-04-20;87814
2021-04-19;"Bratislavský kraj";48;39305;80;39385;NA;90435;128;2021-04-19;87693
2021-04-18;"Bratislavský kraj";35;62300;76;62376;NA;90435;111;2021-04-18;87565
2021-04-17;"Bratislavský kraj";13;79656;111;79767;NA;90435;124;2021-04-17;87454
2021-04-16;"Bratislavský kraj";62;46723;80;46803;NA;90435;142;2021-04-16;87330
2021-04-15;"Bratislavský kraj";34;31695;74;31769;NA;90435;108;2021-04-15;87188
2021-04-14;"Bratislavský kraj";65;33494;88;33582;NA;90435;153;2021-04-14;87080
2021-04-13;"Bratislavský kraj";82;35032;82;35114;NA;90435;164;2021-04-13;86927
2021-04-12;"Bratislavský kraj";77;42034;115;42149;NA;90435;192;2021-04-12;86763
2021-04-11;"Bratislavský kraj";42;61151;123;61274;NA;90435;165;2021-04-11;86571
2021-04-10;"Bratislavský kraj";14;77167;167;77334;NA;90435;181;2021-04-10;86406
2021-04-09;"Bratislavský kraj";72;41034;97;41131;NA;90435;169;2021-04-09;86225
2021-04-08;"Bratislavský kraj";71;28475;93;28568;NA;90435;164;2021-04-08;86056
2021-04-07;"Bratislavský kraj";96;37570;101;37671;NA;90435;197;2021-04-07;85892
2021-04-06;"Bratislavský kraj";94;55523;175;55698;NA;90435;269;2021-04-06;85695
2021-04-05;"Bratislavský kraj";85;18380;85;18465;NA;90435;170;2021-04-05;85426
2021-04-04;"Bratislavský kraj";37;29225;75;29300;NA;90435;112;2021-04-04;85256
2021-04-03;"Bratislavský kraj";52;79082;220;79302;NA;90435;272;2021-04-03;85144
2021-04-02;"Bratislavský kraj";33;23790;104;23894;NA;90435;137;2021-04-02;84872
2021-04-01;"Bratislavský kraj";119;56653;158;56811;NA;90435;277;2021-04-01;84735
2021-03-31;"Bratislavský kraj";105;45689;149;45838;NA;90435;254;2021-03-31;84458
2021-03-30;"Bratislavský kraj";100;39010;142;39152;NA;90435;242;2021-03-30;84204
2021-03-29;"Bratislavský kraj";153;40124;178;40302;NA;90435;331;2021-03-29;83962
2021-03-28;"Bratislavský kraj";59;53372;137;53509;NA;90435;196;2021-03-28;83631
2021-03-27;"Bratislavský kraj";53;79160;239;79399;NA;90435;292;2021-03-27;83435
2021-03-26;"Bratislavský kraj";114;55513;190;55703;NA;90435;304;2021-03-26;83143
2021-03-25;"Bratislavský kraj";76;36300;170;36470;NA;90435;246;2021-03-25;82839
2021-03-24;"Bratislavský kraj";120;30184;200;30384;NA;90435;320;2021-03-24;82593
2021-03-23;"Bratislavský kraj";138;36029;189;36218;NA;90435;327;2021-03-23;82273
2021-03-22;"Bratislavský kraj";110;42516;218;42734;NA;90435;328;2021-03-22;81946
2021-03-21;"Bratislavský kraj";54;61299;212;61511;NA;90435;266;2021-03-21;81618
2021-03-20;"Bratislavský kraj";59;72630;228;72858;NA;90435;287;2021-03-20;81352
2021-03-19;"Bratislavský kraj";139;53952;255;54207;NA;90435;394;2021-03-19;81065
2021-03-18;"Bratislavský kraj";142;34057;190;34247;NA;90435;332;2021-03-18;80671
2021-03-17;"Bratislavský kraj";177;30179;215;30394;NA;90435;392;2021-03-17;80339
2021-03-16;"Bratislavský kraj";258;36425;282;36707;NA;90435;540;2021-03-16;79947
2021-03-15;"Bratislavský kraj";180;38247;252;38499;NA;90435;432;2021-03-15;79407
2021-03-14;"Bratislavský kraj";75;52609;275;52884;NA;90435;350;2021-03-14;78975
2021-03-13;"Bratislavský kraj";110;79741;329;80070;NA;90435;439;2021-03-13;78625
2021-03-12;"Bratislavský kraj";152;54534;301;54835;NA;90435;453;2021-03-12;78186
2021-03-11;"Bratislavský kraj";178;34290;281;34571;NA;90435;459;2021-03-11;77733
2021-03-10;"Bratislavský kraj";164;30828;273;31101;NA;90435;437;2021-03-10;77274
2021-03-09;"Bratislavský kraj";242;37798;267;38065;NA;90435;509;2021-03-09;76837
2021-03-08;"Bratislavský kraj";255;40722;343;41065;NA;90435;598;2021-03-08;76328
2021-03-07;"Bratislavský kraj";142;52814;301;53115;NA;90435;443;2021-03-07;75730
2021-03-06;"Bratislavský kraj";79;71410;412;71822;NA;90435;491;2021-03-06;75287
2021-03-05;"Bratislavský kraj";238;50484;292;50776;NA;90435;530;2021-03-05;74796
2021-03-04;"Bratislavský kraj";204;34544;344;34888;NA;90435;548;2021-03-04;74266
2021-03-03;"Bratislavský kraj";250;30525;364;30889;NA;90435;614;2021-03-03;73718
2021-03-02;"Bratislavský kraj";267;39735;388;40123;NA;90435;655;2021-03-02;73104
2021-03-01;"Bratislavský kraj";320;38222;432;38654;NA;90435;752;2021-03-01;72449
2021-02-28;"Bratislavský kraj";184;50323;323;50646;NA;90435;507;2021-02-28;71697
2021-02-27;"Bratislavský kraj";151;76894;465;77359;NA;90435;616;2021-02-27;71190
2021-02-26;"Bratislavský kraj";277;47265;400;47665;NA;90435;677;2021-02-26;70574
2021-02-25;"Bratislavský kraj";277;28769;405;29174;NA;90435;682;2021-02-25;69897
2021-02-24;"Bratislavský kraj";217;27095;412;27507;NA;90435;629;2021-02-24;69215
2021-02-23;"Bratislavský kraj";257;31297;395;31692;NA;90435;652;2021-02-23;68586
2021-02-22;"Bratislavský kraj";353;36454;480;36934;NA;90435;833;2021-02-22;67934
2021-02-21;"Bratislavský kraj";185;54150;396;54546;NA;90435;581;2021-02-21;67101
2021-02-20;"Bratislavský kraj";167;74787;550;75337;NA;90435;717;2021-02-20;66520
2021-02-19;"Bratislavský kraj";280;44871;415;45286;NA;90435;695;2021-02-19;65803
2021-02-18;"Bratislavský kraj";263;26377;371;26748;NA;90435;634;2021-02-18;65108
2021-02-17;"Bratislavský kraj";264;22815;316;23131;NA;90435;580;2021-02-17;64474
2021-02-16;"Bratislavský kraj";289;28265;354;28619;NA;90435;643;2021-02-16;63894
2021-02-15;"Bratislavský kraj";248;36893;396;37289;NA;90435;644;2021-02-15;63251
2021-02-14;"Bratislavský kraj";153;47948;323;48271;NA;90435;476;2021-02-14;62607
2021-02-13;"Bratislavský kraj";173;68589;515;69104;NA;90435;688;2021-02-13;62131
2021-02-12;"Bratislavský kraj";282;35729;327;36056;NA;90435;609;2021-02-12;61443
2021-02-11;"Bratislavský kraj";337;24542;285;24827;NA;90435;622;2021-02-11;60834
2021-02-10;"Bratislavský kraj";314;23120;359;23479;NA;90435;673;2021-02-10;60212
2021-02-09;"Bratislavský kraj";287;36565;454;37019;NA;90435;741;2021-02-09;59539
2021-02-08;"Bratislavský kraj";484;31866;397;32263;NA;90435;881;2021-02-08;58798
2021-02-07;"Bratislavský kraj";243;51290;425;51715;NA;90435;668;2021-02-07;57917
2021-02-06;"Bratislavský kraj";116;62602;508;63110;NA;90435;624;2021-02-06;57249
2021-02-05;"Bratislavský kraj";327;27152;375;27527;NA;90435;702;2021-02-05;56625
2021-02-04;"Bratislavský kraj";555;17252;348;17600;NA;90435;903;2021-02-04;55923
2021-02-03;"Bratislavský kraj";161;13057;351;13408;NA;90435;512;2021-02-03;55020
2021-02-02;"Bratislavský kraj";397;25945;480;26425;NA;90435;877;2021-02-02;54508
2021-02-01;"Bratislavský kraj";221;35536;513;36049;NA;90435;734;2021-02-01;53631
2021-01-31;"Bratislavský kraj";180;35693;425;36118;NA;90435;605;2021-01-31;52897
2021-01-30;"Bratislavský kraj";310;49588;521;50109;NA;90435;831;2021-01-30;52292
2021-01-29;"Bratislavský kraj";344;16568;344;16912;NA;90435;688;2021-01-29;51461
2021-01-28;"Bratislavský kraj";307;10710;297;11007;NA;90435;604;2021-01-28;50773
2021-01-27;"Bratislavský kraj";336;22217;345;22562;NA;90435;681;2021-01-27;50169
2021-01-26;"Bratislavský kraj";297;22218;308;22526;NA;90435;605;2021-01-26;49488
2021-01-25;"Bratislavský kraj";356;23257;249;23506;NA;90435;605;2021-01-25;48883
2021-01-24;"Bratislavský kraj";175;37903;404;38307;NA;90435;579;2021-01-24;48278
2021-01-23;"Bratislavský kraj";396;79447;690;80137;NA;90435;1086;2021-01-23;47699
2021-01-22;"Bratislavský kraj";199;42028;365;42393;NA;90435;564;2021-01-22;46613
2021-01-21;"Bratislavský kraj";255;105732;1317;107049;NA;90435;1572;2021-01-21;46049
2021-01-20;"Bratislavský kraj";360;27258;450;27708;NA;90435;810;2021-01-20;44477
2021-01-19;"Bratislavský kraj";375;15309;346;15655;NA;90435;721;2021-01-19;43667
2021-01-18;"Bratislavský kraj";357;12533;707;13240;NA;90435;1064;2021-01-18;42946
2021-01-17;"Bratislavský kraj";244;482;26;508;NA;90435;270;2021-01-17;41882
2021-01-16;"Bratislavský kraj";70;3016;156;3172;NA;90435;226;2021-01-16;41612
2021-01-15;"Bratislavský kraj";251;7896;256;8152;NA;90435;507;2021-01-15;41386
2021-01-14;"Bratislavský kraj";363;8511;273;8784;NA;90435;636;2021-01-14;40879
2021-01-13;"Bratislavský kraj";336;8540;329;8869;NA;90435;665;2021-01-13;40243
2021-01-12;"Bratislavský kraj";450;10761;464;11225;NA;90435;914;2021-01-12;39578
2021-01-11;"Bratislavský kraj";397;20108;380;20488;NA;90435;777;2021-01-11;38664
2021-01-10;"Bratislavský kraj";252;1507;79;1586;NA;90435;331;2021-01-10;37887
2021-01-09;"Bratislavský kraj";351;5005;291;5296;NA;90435;642;2021-01-09;37556
2021-01-08;"Bratislavský kraj";556;10045;436;10481;NA;90435;992;2021-01-08;36914
2021-01-07;"Bratislavský kraj";537;7725;412;8137;NA;90435;949;2021-01-07;35922
2021-01-06;"Bratislavský kraj";271;3329;216;3545;NA;90435;487;2021-01-06;34973
2021-01-05;"Bratislavský kraj";619;10981;844;11825;NA;90435;1463;2021-01-05;34486
2021-01-04;"Bratislavský kraj";601;8494;606;9100;NA;90435;1207;2021-01-04;33023
2021-01-03;"Bratislavský kraj";77;433;41;474;NA;90435;118;2021-01-03;31816
2021-01-02;"Bratislavský kraj";185;462;57;519;NA;90435;242;2021-01-02;31698
2021-01-01;"Bratislavský kraj";235;3277;131;3408;NA;90435;366;2021-01-01;31456
2020-12-31;"Bratislavský kraj";925;14982;589;15571;NA;90435;1514;2020-12-31;31090
2020-12-30;"Bratislavský kraj";650;9526;528;10054;NA;90435;1178;2020-12-30;29576
2020-12-29;"Bratislavský kraj";303;10887;776;11663;NA;90435;1079;2020-12-29;28398
2020-12-28;"Bratislavský kraj";255;8447;560;9007;NA;90435;815;2020-12-28;27319
2020-12-27;"Bratislavský kraj";160;709;76;785;NA;90435;236;2020-12-27;26504
2020-12-26;"Bratislavský kraj";75;480;27;507;NA;90435;102;2020-12-26;26268
2020-12-25;"Bratislavský kraj";114;503;38;541;NA;90435;152;2020-12-25;26166
2020-12-24;"Bratislavský kraj";536;3461;102;3563;NA;90435;638;2020-12-24;26014
2020-12-23;"Bratislavský kraj";416;13293;500;13793;NA;90435;916;2020-12-23;25376
2020-12-22;"Bratislavský kraj";327;15783;772;16555;NA;90435;1099;2020-12-22;24460
2020-12-21;"Bratislavský kraj";392;15669;2007;17676;NA;90435;2399;2020-12-21;23361
2020-12-20;"Bratislavský kraj";180;775;54;829;NA;90435;234;2020-12-20;20962
2020-12-19;"Bratislavský kraj";396;3314;130;3444;NA;90435;526;2020-12-19;20728
2020-12-18;"Bratislavský kraj";306;10735;401;11136;NA;90435;707;2020-12-18;20202
2020-12-17;"Bratislavský kraj";502;10270;412;10682;NA;90435;914;2020-12-17;19495
2020-12-16;"Bratislavský kraj";282;10772;452;11224;NA;90435;734;2020-12-16;18581
2020-12-15;"Bratislavský kraj";423;10916;479;11395;NA;90435;902;2020-12-15;17847
2020-12-14;"Bratislavský kraj";279;7198;293;7491;NA;90435;572;2020-12-14;16945
2020-12-13;"Bratislavský kraj";125;139;10;149;NA;90435;135;2020-12-13;16373
2020-12-12;"Bratislavský kraj";361;3886;157;4043;NA;90435;518;2020-12-12;16238
2020-12-11;"Bratislavský kraj";326;7344;289;7633;NA;90435;615;2020-12-11;15720
2020-12-10;"Bratislavský kraj";286;5823;209;6032;NA;90435;495;2020-12-10;15105
2020-12-09;"Bratislavský kraj";382;4795;178;4973;NA;90435;560;2020-12-09;14610
2020-12-08;"Bratislavský kraj";234;6243;207;6450;NA;90435;441;2020-12-08;14050
2020-12-07;"Bratislavský kraj";272;4639;152;4791;NA;90435;424;2020-12-07;13609
2020-12-06;"Bratislavský kraj";61;1625;52;1677;NA;90435;113;2020-12-06;13185
2020-12-05;"Bratislavský kraj";266;2221;41;2262;NA;90435;307;2020-12-05;13072
2020-12-04;"Bratislavský kraj";200;4954;99;5053;NA;90435;299;2020-12-04;12765
2020-12-03;"Bratislavský kraj";213;5672;95;5767;NA;90435;308;2020-12-03;12466
2020-12-02;"Bratislavský kraj";205;3462;103;3565;NA;90435;308;2020-12-02;12158
2020-12-01;"Bratislavský kraj";255;3889;172;4061;NA;90435;427;2020-12-01;11850
2020-11-30;"Bratislavský kraj";152;2153;121;2274;NA;90435;273;2020-11-30;11423
2020-11-29;"Bratislavský kraj";52;201;24;225;NA;90435;76;2020-11-29;11150
2020-11-28;"Bratislavský kraj";232;2624;33;2657;NA;90435;265;2020-11-28;11074
2020-11-27;"Bratislavský kraj";54;2540;64;2604;NA;90435;118;2020-11-27;10809
2020-11-26;"Bratislavský kraj";129;1976;60;2036;NA;90435;189;2020-11-26;10691
2020-11-25;"Bratislavský kraj";140;1770;47;1817;NA;90435;187;2020-11-25;10502
2020-11-24;"Bratislavský kraj";81;2988;67;3055;NA;90435;148;2020-11-24;10315
2020-11-23;"Bratislavský kraj";67;7083;58;7141;NA;90435;125;2020-11-23;10167
2020-11-22;"Bratislavský kraj";36;81;7;88;NA;90435;43;2020-11-22;10042
2020-11-21;"Bratislavský kraj";109;2126;47;2173;NA;90435;156;2020-11-21;9999
2020-11-20;"Bratislavský kraj";118;2876;48;2924;NA;90435;166;2020-11-20;9843
2020-11-19;"Bratislavský kraj";173;987;29;1016;NA;90435;202;2020-11-19;9677
2020-11-18;"Bratislavský kraj";118;616;75;691;NA;90435;193;2020-11-18;9475
2020-11-17;"Bratislavský kraj";108;928;23;951;NA;90435;131;2020-11-17;9282
2020-11-16;"Bratislavský kraj";82;651;9;660;NA;90435;91;2020-11-16;9151
2020-11-15;"Bratislavský kraj";47;236;0;236;NA;90435;47;2020-11-15;9060
2020-11-14;"Bratislavský kraj";53;1834;15;1849;NA;90435;68;2020-11-14;9013
2020-11-13;"Bratislavský kraj";94;2096;21;2117;NA;90435;115;2020-11-13;8945
2020-11-12;"Bratislavský kraj";141;1727;6;1733;NA;90435;147;2020-11-12;8830
2020-11-11;"Bratislavský kraj";159;1429;12;1441;NA;90435;171;2020-11-11;8683
2020-11-10;"Bratislavský kraj";136;805;14;819;NA;90435;150;2020-11-10;8512
2020-11-09;"Bratislavský kraj";70;616;8;624;NA;90435;78;2020-11-09;8362
2020-11-08;"Bratislavský kraj";82;869;6;875;NA;90435;88;2020-11-08;8284
2020-11-07;"Bratislavský kraj";88;4039;17;4056;NA;90435;105;2020-11-07;8196
2020-11-06;"Bratislavský kraj";281;6441;25;6466;NA;90435;306;2020-11-06;8091
2020-11-05;"Bratislavský kraj";175;476;11;487;NA;90435;186;2020-11-05;7785
2020-11-04;"Bratislavský kraj";65;411;10;421;NA;90435;75;2020-11-04;7599
2020-11-03;"Bratislavský kraj";251;1085;12;1097;NA;90435;263;2020-11-03;7524
2020-11-02;"Bratislavský kraj";202;3365;22;3387;NA;90435;224;2020-11-02;7261
2020-11-01;"Bratislavský kraj";227;8694;39;8733;NA;90435;266;2020-11-01;7037
2020-10-31;"Bratislavský kraj";173;22407;123;22530;NA;90435;296;2020-10-31;6771
2020-10-30;"Bratislavský kraj";158;17350;138;17488;NA;90435;296;2020-10-30;6475
2020-10-29;"Bratislavský kraj";262;116;4;120;NA;90435;266;2020-10-29;6179
2020-10-28;"Bratislavský kraj";220;260;15;275;NA;90435;235;2020-10-28;5913
2020-10-27;"Bratislavský kraj";256;145;4;149;NA;90435;260;2020-10-27;5678
2020-10-26;"Bratislavský kraj";123;229;11;240;NA;90435;134;2020-10-26;5418
2020-10-25;"Bratislavský kraj";152;33;2;35;NA;90435;154;2020-10-25;5284
2020-10-24;"Bratislavský kraj";170;221;6;227;NA;90435;176;2020-10-24;5130
2020-10-23;"Bratislavský kraj";151;144;8;152;NA;90435;159;2020-10-23;4954
2020-10-22;"Bratislavský kraj";192;204;15;219;NA;90435;207;2020-10-22;4795
2020-10-21;"Bratislavský kraj";66;90;6;96;NA;90435;72;2020-10-21;4588
2020-10-20;"Bratislavský kraj";183;97;4;101;NA;90435;187;2020-10-20;4516
2020-10-19;"Bratislavský kraj";148;80;3;83;NA;90435;151;2020-10-19;4329
2020-10-18;"Bratislavský kraj";75;92;0;92;NA;90435;75;2020-10-18;4178
2020-10-17;"Bratislavský kraj";136;0;0;0;NA;90435;136;2020-10-17;4103
2020-10-16;"Bratislavský kraj";103;14;1;15;NA;90435;104;2020-10-16;3967
2020-10-15;"Bratislavský kraj";135;6;1;7;NA;90435;136;2020-10-15;3863
2020-10-14;"Bratislavský kraj";127;4;0;4;NA;90435;127;2020-10-14;3727
2020-10-13;"Bratislavský kraj";86;108;8;116;NA;90435;94;2020-10-13;3600
2020-10-12;"Bratislavský kraj";46;0;0;0;NA;90435;46;2020-10-12;3506
2020-10-11;"Bratislavský kraj";80;0;0;0;NA;90435;80;2020-10-11;3460
2020-10-10;"Bratislavský kraj";55;0;0;0;NA;90435;55;2020-10-10;3380
2020-10-09;"Bratislavský kraj";148;0;0;0;NA;90435;148;2020-10-09;3325
2020-10-08;"Bratislavský kraj";100;0;0;0;NA;90435;100;2020-10-08;3177
2020-10-07;"Bratislavský kraj";107;0;0;0;NA;90435;107;2020-10-07;3077
2020-10-06;"Bratislavský kraj";108;0;0;0;NA;90435;108;2020-10-06;2970
2020-10-05;"Bratislavský kraj";30;0;0;0;NA;90435;30;2020-10-05;2862
2020-10-04;"Bratislavský kraj";49;0;0;0;NA;90435;49;2020-10-04;2832
2020-10-03;"Bratislavský kraj";82;0;0;0;NA;90435;82;2020-10-03;2783
2020-10-02;"Bratislavský kraj";101;0;0;0;NA;90435;101;2020-10-02;2701
2020-10-01;"Bratislavský kraj";72;0;0;0;NA;90435;72;2020-10-01;2600
2020-09-30;"Bratislavský kraj";91;0;0;0;NA;90435;91;2020-09-30;2528
2020-09-29;"Bratislavský kraj";74;0;0;0;NA;90435;74;2020-09-29;2437
2020-09-28;"Bratislavský kraj";29;0;0;0;NA;90435;29;2020-09-28;2363
2020-09-27;"Bratislavský kraj";48;0;0;0;NA;90435;48;2020-09-27;2334
2020-09-26;"Bratislavský kraj";86;0;0;0;NA;90435;86;2020-09-26;2286
2020-09-25;"Bratislavský kraj";97;0;0;0;NA;90435;97;2020-09-25;2200
2020-09-24;"Bratislavský kraj";73;0;0;0;NA;90435;73;2020-09-24;2103
2020-09-23;"Bratislavský kraj";55;0;0;0;NA;90435;55;2020-09-23;2030
2020-09-22;"Bratislavský kraj";81;0;0;0;NA;90435;81;2020-09-22;1975
2020-09-21;"Bratislavský kraj";32;0;0;0;NA;90435;32;2020-09-21;1894
2020-09-20;"Bratislavský kraj";25;0;0;0;NA;90435;25;2020-09-20;1862
2020-09-19;"Bratislavský kraj";59;0;0;0;NA;90435;59;2020-09-19;1837
2020-09-18;"Bratislavský kraj";42;0;0;0;NA;90435;42;2020-09-18;1778
2020-09-17;"Bratislavský kraj";52;0;0;0;NA;90435;52;2020-09-17;1736
2020-09-16;"Bratislavský kraj";32;0;0;0;NA;90435;32;2020-09-16;1684
2020-09-15;"Bratislavský kraj";26;0;0;0;NA;90435;26;2020-09-15;1652
2020-09-14;"Bratislavský kraj";24;0;0;0;NA;90435;24;2020-09-14;1626
2020-09-13;"Bratislavský kraj";11;0;0;0;NA;90435;11;2020-09-13;1602
2020-09-12;"Bratislavský kraj";24;0;0;0;NA;90435;24;2020-09-12;1591
2020-09-11;"Bratislavský kraj";50;0;0;0;NA;90435;50;2020-09-11;1567
2020-09-10;"Bratislavský kraj";47;0;0;0;NA;90435;47;2020-09-10;1517
2020-09-09;"Bratislavský kraj";40;0;0;0;NA;90435;40;2020-09-09;1470
2020-09-08;"Bratislavský kraj";58;0;0;0;NA;90435;58;2020-09-08;1430
2020-09-07;"Bratislavský kraj";39;0;0;0;NA;90435;39;2020-09-07;1372
2020-09-06;"Bratislavský kraj";11;0;0;0;NA;90435;11;2020-09-06;1333
2020-09-05;"Bratislavský kraj";37;0;0;0;NA;90435;37;2020-09-05;1322
2020-09-04;"Bratislavský kraj";87;0;0;0;NA;90435;87;2020-09-04;1285
2020-09-03;"Bratislavský kraj";51;0;0;0;NA;90435;51;2020-09-03;1198
2020-09-02;"Bratislavský kraj";50;0;0;0;NA;90435;50;2020-09-02;1147
2020-09-01;"Bratislavský kraj";16;0;0;0;NA;90435;16;2020-09-01;1097
2020-08-31;"Bratislavský kraj";19;0;0;0;NA;90435;19;2020-08-31;1081
2020-08-30;"Bratislavský kraj";9;0;0;0;NA;90435;9;2020-08-30;1062
2020-08-29;"Bratislavský kraj";12;0;0;0;NA;90435;12;2020-08-29;1053
2020-08-28;"Bratislavský kraj";35;0;0;0;NA;90435;35;2020-08-28;1041
2020-08-27;"Bratislavský kraj";33;0;0;0;NA;90435;33;2020-08-27;1006
2020-08-26;"Bratislavský kraj";27;0;0;0;NA;90435;27;2020-08-26;973
2020-08-25;"Bratislavský kraj";29;0;0;0;NA;90435;29;2020-08-25;946
2020-08-24;"Bratislavský kraj";6;0;0;0;NA;90435;6;2020-08-24;917
2020-08-23;"Bratislavský kraj";45;0;0;0;NA;90435;45;2020-08-23;911
2020-08-22;"Bratislavský kraj";13;0;0;0;NA;90435;13;2020-08-22;866
2020-08-21;"Bratislavský kraj";46;0;0;0;NA;90435;46;2020-08-21;853
2020-08-20;"Bratislavský kraj";41;0;0;0;NA;90435;41;2020-08-20;807
2020-08-19;"Bratislavský kraj";27;0;0;0;NA;90435;27;2020-08-19;766
2020-08-18;"Bratislavský kraj";47;0;0;0;NA;90435;47;2020-08-18;739
2020-08-17;"Bratislavský kraj";2;0;0;0;NA;90435;2;2020-08-17;692
2020-08-16;"Bratislavský kraj";3;0;0;0;NA;90435;3;2020-08-16;690
2020-08-15;"Bratislavský kraj";18;0;0;0;NA;90435;18;2020-08-15;687
2020-08-14;"Bratislavský kraj";16;0;0;0;NA;90435;16;2020-08-14;669
2020-08-13;"Bratislavský kraj";12;0;0;0;NA;90435;12;2020-08-13;653
2020-08-12;"Bratislavský kraj";10;0;0;0;NA;90435;10;2020-08-12;641
2020-08-11;"Bratislavský kraj";23;0;0;0;NA;90435;23;2020-08-11;631
2020-08-10;"Bratislavský kraj";2;0;0;0;NA;90435;2;2020-08-10;608
2020-08-09;"Bratislavský kraj";2;0;0;0;NA;90435;2;2020-08-09;606
2020-08-08;"Bratislavský kraj";1;0;0;0;NA;90435;1;2020-08-08;604
2020-08-07;"Bratislavský kraj";9;0;0;0;NA;90435;9;2020-08-07;603
2020-08-06;"Bratislavský kraj";15;0;0;0;NA;90435;15;2020-08-06;594
2020-08-05;"Bratislavský kraj";11;0;0;0;NA;90435;11;2020-08-05;579
2020-08-04;"Bratislavský kraj";21;0;0;0;NA;90435;21;2020-08-04;568
2020-08-03;"Bratislavský kraj";7;0;0;0;NA;90435;7;2020-08-03;547
2020-08-02;"Bratislavský kraj";0;0;0;0;NA;90435;0;2020-08-02;540
2020-08-01;"Bratislavský kraj";0;0;0;0;NA;90435;0;2020-08-01;540
2020-07-31;"Bratislavský kraj";14;0;0;0;NA;90435;14;2020-07-31;540
2020-07-30;"Bratislavský kraj";6;0;0;0;NA;90435;6;2020-07-30;526
2020-07-29;"Bratislavský kraj";7;0;0;0;NA;90435;7;2020-07-29;520
2020-07-28;"Bratislavský kraj";14;0;0;0;NA;90435;14;2020-07-28;513
2020-07-27;"Bratislavský kraj";3;0;0;0;NA;90435;3;2020-07-27;499
2020-07-26;"Bratislavský kraj";0;0;0;0;NA;90435;0;2020-07-26;496
2020-07-25;"Bratislavský kraj";8;0;0;0;NA;90435;8;2020-07-25;496
2020-07-24;"Bratislavský kraj";2;0;0;0;NA;90435;2;2020-07-24;488
2020-07-23;"Bratislavský kraj";8;0;0;0;NA;90435;8;2020-07-23;486
2020-07-22;"Bratislavský kraj";11;0;0;0;NA;90435;11;2020-07-22;478
2020-07-21;"Bratislavský kraj";8;0;0;0;NA;90435;8;2020-07-21;467
2020-07-20;"Bratislavský kraj";12;0;0;0;NA;90435;12;2020-07-20;459
2020-07-19;"Bratislavský kraj";0;0;0;0;NA;90435;0;2020-07-19;447
2020-07-18;"Bratislavský kraj";2;0;0;0;NA;90435;2;2020-07-18;447
2020-07-17;"Bratislavský kraj";2;0;0;0;NA;90435;2;2020-07-17;445
2020-07-16;"Bratislavský kraj";6;0;0;0;NA;90435;6;2020-07-16;443
2020-07-15;"Bratislavský kraj";3;0;0;0;NA;90435;3;2020-07-15;437
2020-07-14;"Bratislavský kraj";2;0;0;0;NA;90435;2;2020-07-14;434
2020-07-13;"Bratislavský kraj";2;0;0;0;NA;90435;2;2020-07-13;432
2020-07-12;"Bratislavský kraj";0;0;0;0;NA;90435;0;2020-07-12;430
2020-07-11;"Bratislavský kraj";0;0;0;0;NA;90435;0;2020-07-11;430
2020-07-10;"Bratislavský kraj";8;0;0;0;NA;90435;8;2020-07-10;430
2020-07-09;"Bratislavský kraj";2;0;0;0;NA;90435;2;2020-07-09;422
2020-07-08;"Bratislavský kraj";11;0;0;0;NA;90435;11;2020-07-08;420
2020-07-07;"Bratislavský kraj";5;0;0;0;NA;90435;5;2020-07-07;409
2020-07-06;"Bratislavský kraj";1;0;0;0;NA;90435;1;2020-07-06;404
2020-07-05;"Bratislavský kraj";0;0;0;0;NA;90435;0;2020-07-05;403
2020-07-04;"Bratislavský kraj";3;0;0;0;NA;90435;3;2020-07-04;403
2020-07-03;"Bratislavský kraj";1;0;0;0;NA;90435;1;2020-07-03;400
2020-07-02;"Bratislavský kraj";0;0;0;0;NA;90435;0;2020-07-02;399
2020-07-01;"Bratislavský kraj";7;0;0;0;NA;90435;7;2020-07-01;399
2020-06-30;"Bratislavský kraj";3;0;0;0;NA;90435;3;2020-06-30;392
2020-06-29;"Bratislavský kraj";1;0;0;0;NA;90435;1;2020-06-29;389
2020-06-28;"Bratislavský kraj";0;0;0;0;NA;90435;0;2020-06-28;388
2020-06-27;"Bratislavský kraj";1;0;0;0;NA;90435;1;2020-06-27;388
2020-06-26;"Bratislavský kraj";6;0;0;0;NA;90435;6;2020-06-26;387
2020-06-25;"Bratislavský kraj";0;0;0;0;NA;90435;0;2020-06-25;381
2020-06-24;"Bratislavský kraj";3;0;0;0;NA;90435;3;2020-06-24;381
2020-06-23;"Bratislavský kraj";0;0;0;0;NA;90435;0;2020-06-23;378
2020-06-22;"Bratislavský kraj";1;0;0;0;NA;90435;1;2020-06-22;378
2020-06-21;"Bratislavský kraj";0;0;0;0;NA;90435;0;2020-06-21;377
2020-06-20;"Bratislavský kraj";0;0;0;0;NA;90435;0;2020-06-20;377
2020-06-19;"Bratislavský kraj";3;0;0;0;NA;90435;3;2020-06-19;377
2020-06-18;"Bratislavský kraj";0;0;0;0;NA;90435;0;2020-06-18;374
2020-06-17;"Bratislavský kraj";0;0;0;0;NA;90435;0;2020-06-17;374
2020-06-16;"Bratislavský kraj";0;0;0;0;NA;90435;0;2020-06-16;374
2020-06-14;"Bratislavský kraj";2;0;0;0;NA;90435;2;2020-06-14;374
2020-06-13;"Bratislavský kraj";1;0;0;0;NA;90435;1;2020-06-13;372
2020-06-12;"Bratislavský kraj";2;0;0;0;NA;90435;2;2020-06-12;371
2020-06-11;"Bratislavský kraj";0;0;0;0;NA;90435;0;2020-06-11;369
2020-06-10;"Bratislavský kraj";0;0;0;0;NA;90435;0;2020-06-10;369
2020-06-09;"Bratislavský kraj";0;0;0;0;NA;90435;0;2020-06-09;369
2020-06-08;"Bratislavský kraj";1;0;0;0;NA;90435;1;2020-06-08;369
2020-06-07;"Bratislavský kraj";0;0;0;0;NA;90435;0;2020-06-07;368
2020-06-05;"Bratislavský kraj";0;0;0;0;NA;90435;0;2020-06-05;368
2020-06-03;"Bratislavský kraj";1;0;0;0;NA;90435;1;2020-06-03;368
2020-06-02;"Bratislavský kraj";0;0;0;0;NA;90435;0;2020-06-02;367
2020-05-31;"Bratislavský kraj";0;0;0;0;NA;90435;0;2020-05-31;367
2020-05-29;"Bratislavský kraj";0;0;0;0;NA;90435;0;2020-05-29;367
2020-05-27;"Bratislavský kraj";1;0;0;0;NA;90435;1;2020-05-27;367
2020-05-26;"Bratislavský kraj";0;0;0;0;NA;90435;0;2020-05-26;366
2020-05-25;"Bratislavský kraj";0;0;0;0;NA;90435;0;2020-05-25;366
2020-05-24;"Bratislavský kraj";0;0;0;0;NA;90435;0;2020-05-24;366
2020-05-23;"Bratislavský kraj";2;0;0;0;NA;90435;2;2020-05-23;366
2020-05-22;"Bratislavský kraj";0;0;0;0;NA;90435;0;2020-05-22;364
2020-05-21;"Bratislavský kraj";0;0;0;0;NA;90435;0;2020-05-21;364
2020-05-20;"Bratislavský kraj";0;0;0;0;NA;90435;0;2020-05-20;364
2020-05-19;"Bratislavský kraj";0;0;0;0;NA;90435;0;2020-05-19;364
2020-05-17;"Bratislavský kraj";0;0;0;0;NA;90435;0;2020-05-17;364
2020-05-16;"Bratislavský kraj";0;0;0;0;NA;90435;0;2020-05-16;364
2020-05-15;"Bratislavský kraj";0;0;0;0;NA;90435;0;2020-05-15;364
2020-05-14;"Bratislavský kraj";0;0;0;0;NA;90435;0;2020-05-14;364
2020-05-13;"Bratislavský kraj";0;0;0;0;NA;90435;0;2020-05-13;364
2020-05-12;"Bratislavský kraj";2;0;0;0;NA;90435;2;2020-05-12;364
2020-05-11;"Bratislavský kraj";0;0;0;0;NA;90435;0;2020-05-11;362
2020-05-09;"Bratislavský kraj";0;0;0;0;NA;90435;0;2020-05-09;362
2020-05-07;"Bratislavský kraj";1;0;0;0;NA;90435;1;2020-05-07;362
2020-05-06;"Bratislavský kraj";3;0;0;0;NA;90435;3;2020-05-06;361
2020-05-05;"Bratislavský kraj";0;0;0;0;NA;90435;0;2020-05-05;358
2020-05-04;"Bratislavský kraj";0;0;0;0;NA;90435;0;2020-05-04;358
2020-05-03;"Bratislavský kraj";2;0;0;0;NA;90435;2;2020-05-03;358
2020-05-02;"Bratislavský kraj";0;0;0;0;NA;90435;0;2020-05-02;356
2020-05-01;"Bratislavský kraj";0;0;0;0;NA;90435;0;2020-05-01;356
2020-04-30;"Bratislavský kraj";5;0;0;0;NA;90435;5;2020-04-30;356
2020-04-29;"Bratislavský kraj";0;0;0;0;NA;90435;0;2020-04-29;351
2020-04-28;"Bratislavský kraj";2;0;0;0;NA;90435;2;2020-04-28;351
2020-04-27;"Bratislavský kraj";0;0;0;0;NA;90435;0;2020-04-27;349
2020-04-26;"Bratislavský kraj";1;0;0;0;NA;90435;1;2020-04-26;349
2020-04-25;"Bratislavský kraj";0;0;0;0;NA;90435;0;2020-04-25;348
2020-04-24;"Bratislavský kraj";2;0;0;0;NA;90435;2;2020-04-24;348
2020-04-23;"Bratislavský kraj";6;0;0;0;NA;90435;6;2020-04-23;346
2020-04-22;"Bratislavský kraj";11;0;0;0;NA;90435;11;2020-04-22;340
2020-04-21;"Bratislavský kraj";4;0;0;0;NA;90435;4;2020-04-21;329
2020-04-20;"Bratislavský kraj";0;0;0;0;NA;90435;0;2020-04-20;325
2020-04-19;"Bratislavský kraj";4;0;0;0;NA;90435;4;2020-04-19;325
2020-04-18;"Bratislavský kraj";5;0;0;0;NA;90435;5;2020-04-18;321
2020-04-17;"Bratislavský kraj";6;0;0;0;NA;90435;6;2020-04-17;316
2020-04-16;"Bratislavský kraj";15;0;0;0;NA;90435;15;2020-04-16;310
2020-04-15;"Bratislavský kraj";11;0;0;0;NA;90435;11;2020-04-15;295
2020-04-14;"Bratislavský kraj";19;0;0;0;NA;90435;19;2020-04-14;284
2020-04-13;"Bratislavský kraj";53;0;0;0;NA;90435;53;2020-04-13;265
2020-04-12;"Bratislavský kraj";3;0;0;0;NA;90435;3;2020-04-12;212
2020-04-11;"Bratislavský kraj";1;0;0;0;NA;90435;1;2020-04-11;209
2020-04-10;"Bratislavský kraj";8;0;0;0;NA;90435;8;2020-04-10;208
2020-04-09;"Bratislavský kraj";3;0;0;0;NA;90435;3;2020-04-09;200
2020-04-08;"Bratislavský kraj";3;0;0;0;NA;90435;3;2020-04-08;197
2020-04-07;"Bratislavský kraj";24;0;0;0;NA;90435;24;2020-04-07;194
2020-04-06;"Bratislavský kraj";5;0;0;0;NA;90435;5;2020-04-06;170
2020-04-05;"Bratislavský kraj";6;0;0;0;NA;90435;6;2020-04-05;165
2020-04-04;"Bratislavský kraj";2;0;0;0;NA;90435;2;2020-04-04;159
2020-04-03;"Bratislavský kraj";1;0;0;0;NA;90435;1;2020-04-03;157
2020-04-02;"Bratislavský kraj";2;0;0;0;NA;90435;2;2020-04-02;156
2020-04-01;"Bratislavský kraj";5;0;0;0;NA;90435;5;2020-04-01;154
2020-03-31;"Bratislavský kraj";19;0;0;0;NA;90435;19;2020-03-31;149
2020-03-30;"Bratislavský kraj";6;0;0;0;NA;90435;6;2020-03-30;130
2020-03-29;"Bratislavský kraj";8;0;0;0;NA;90435;8;2020-03-29;124
2020-03-28;"Bratislavský kraj";4;0;0;0;NA;90435;4;2020-03-28;116
2020-03-27;"Bratislavský kraj";3;0;0;0;NA;90435;3;2020-03-27;112
2020-03-26;"Bratislavský kraj";15;0;0;0;NA;90435;15;2020-03-26;109
2020-03-25;"Bratislavský kraj";1;0;0;0;NA;90435;1;2020-03-25;94
2020-03-24;"Bratislavský kraj";4;0;0;0;NA;90435;4;2020-03-24;93
2020-03-23;"Bratislavský kraj";9;0;0;0;NA;90435;9;2020-03-23;89
2020-03-22;"Bratislavský kraj";2;0;0;0;NA;90435;2;2020-03-22;80
2020-03-21;"Bratislavský kraj";22;0;0;0;NA;90435;22;2020-03-21;78
2020-03-20;"Bratislavský kraj";3;0;0;0;NA;90435;3;2020-03-20;56
2020-03-19;"Bratislavský kraj";4;0;0;0;NA;90435;4;2020-03-19;53
2020-03-18;"Bratislavský kraj";3;0;0;0;NA;90435;3;2020-03-18;49
2020-03-17;"Bratislavský kraj";13;0;0;0;NA;90435;13;2020-03-17;46
2020-03-16;"Bratislavský kraj";1;0;0;0;NA;90435;1;2020-03-16;33
2020-03-15;"Bratislavský kraj";4;0;0;0;NA;90435;4;2020-03-15;32
2020-03-14;"Bratislavský kraj";9;0;0;0;NA;90435;9;2020-03-14;28
2020-03-13;"Bratislavský kraj";2;0;0;0;NA;90435;2;2020-03-13;19
2020-03-12;"Bratislavský kraj";8;0;0;0;NA;90435;8;2020-03-12;17
2020-03-11;"Bratislavský kraj";3;0;0;0;NA;90435;3;2020-03-11;9
2020-03-09;"Bratislavský kraj";0;0;0;0;NA;90435;0;2020-03-09;6
2020-03-08;"Bratislavský kraj";2;0;0;0;NA;90435;2;2020-03-08;6
2020-03-07;"Bratislavský kraj";2;0;0;0;NA;90435;2;2020-03-07;4
2020-03-06;"Bratislavský kraj";1;0;0;0;NA;90435;1;2020-03-06;2
2021-05-30;"Košický kraj";3;10224;4;10228;52573;97088;7;2021-05-30;97088
2021-05-29;"Košický kraj";25;9931;22;9953;NA;97088;47;2021-05-29;97081
2021-05-28;"Košický kraj";17;12051;26;12077;NA;97088;43;2021-05-28;97034
2021-05-27;"Košický kraj";19;7425;24;7449;NA;97088;43;2021-05-27;96991
2021-05-26;"Košický kraj";35;7922;27;7949;NA;97088;62;2021-05-26;96948
2021-05-25;"Košický kraj";33;9042;12;9054;NA;97088;45;2021-05-25;96886
2021-05-24;"Košický kraj";10;10613;26;10639;NA;97088;36;2021-05-24;96841
2021-05-23;"Košický kraj";4;12151;15;12166;NA;97088;19;2021-05-23;96805
2021-05-22;"Košický kraj";27;12601;19;12620;NA;97088;46;2021-05-22;96786
2021-05-21;"Košický kraj";24;14910;27;14937;NA;97088;51;2021-05-21;96740
2021-05-20;"Košický kraj";20;9423;27;9450;NA;97088;47;2021-05-20;96689
2021-05-19;"Košický kraj";30;10421;21;10442;NA;97088;51;2021-05-19;96642
2021-05-18;"Košický kraj";34;10080;34;10114;NA;97088;68;2021-05-18;96591
2021-05-17;"Košický kraj";20;12686;38;12724;NA;97088;58;2021-05-17;96523
2021-05-16;"Košický kraj";37;17865;20;17885;NA;97088;57;2021-05-16;96465
2021-05-15;"Košický kraj";22;25602;28;25630;NA;97088;50;2021-05-15;96408
2021-05-14;"Košický kraj";32;21933;42;21975;NA;97088;74;2021-05-14;96358
2021-05-13;"Košický kraj";39;10041;32;10073;NA;97088;71;2021-05-13;96284
2021-05-12;"Košický kraj";85;10866;33;10899;NA;97088;118;2021-05-12;96213
2021-05-11;"Košický kraj";68;11166;32;11198;NA;97088;100;2021-05-11;96095
2021-05-10;"Košický kraj";25;17042;42;17084;NA;97088;67;2021-05-10;95995
2021-05-09;"Košický kraj";84;25594;55;25649;NA;97088;139;2021-05-09;95928
2021-05-08;"Košický kraj";18;23195;23;23218;NA;97088;41;2021-05-08;95789
2021-05-07;"Košický kraj";51;24493;57;24550;NA;97088;108;2021-05-07;95748
2021-05-06;"Košický kraj";55;11907;43;11950;NA;97088;98;2021-05-06;95640
2021-05-05;"Košický kraj";23;12072;35;12107;NA;97088;58;2021-05-05;95542
2021-05-04;"Košický kraj";143;13562;38;13600;NA;97088;181;2021-05-04;95484
2021-05-03;"Košický kraj";37;17041;69;17110;NA;97088;106;2021-05-03;95303
2021-05-02;"Košický kraj";45;36095;56;36151;NA;97088;101;2021-05-02;95197
2021-05-01;"Košický kraj";54;51896;76;51972;NA;97088;130;2021-05-01;95096
2021-04-30;"Košický kraj";59;44602;94;44696;NA;97088;153;2021-04-30;94966
2021-04-29;"Košický kraj";76;16986;53;17039;NA;97088;129;2021-04-29;94813
2021-04-28;"Košický kraj";99;17930;52;17982;NA;97088;151;2021-04-28;94684
2021-04-27;"Košický kraj";108;20670;43;20713;NA;97088;151;2021-04-27;94533
2021-04-26;"Košický kraj";39;25897;96;25993;NA;97088;135;2021-04-26;94382
2021-04-25;"Košický kraj";23;48355;57;48412;NA;97088;80;2021-04-25;94247
2021-04-24;"Košický kraj";68;90123;114;90237;NA;97088;182;2021-04-24;94167
2021-04-23;"Košický kraj";110;41232;72;41304;NA;97088;182;2021-04-23;93985
2021-04-22;"Košický kraj";56;16772;44;16816;NA;97088;100;2021-04-22;93803
2021-04-21;"Košický kraj";114;19519;61;19580;NA;97088;175;2021-04-21;93703
2021-04-20;"Košický kraj";81;25359;63;25422;NA;97088;144;2021-04-20;93528
2021-04-19;"Košický kraj";93;29950;108;30058;NA;97088;201;2021-04-19;93384
2021-04-18;"Košický kraj";10;48913;82;48995;NA;97088;92;2021-04-18;93183
2021-04-17;"Košický kraj";187;83856;103;83959;NA;97088;290;2021-04-17;93091
2021-04-16;"Košický kraj";83;41568;127;41695;NA;97088;210;2021-04-16;92801
2021-04-15;"Košický kraj";104;18522;93;18615;NA;97088;197;2021-04-15;92591
2021-04-14;"Košický kraj";119;20089;64;20153;NA;97088;183;2021-04-14;92394
2021-04-13;"Košický kraj";81;23175;120;23295;NA;97088;201;2021-04-13;92211
2021-04-12;"Košický kraj";129;26573;124;26697;NA;97088;253;2021-04-12;92010
2021-04-11;"Košický kraj";29;46948;79;47027;NA;97088;108;2021-04-11;91757
2021-04-10;"Košický kraj";138;99953;187;100140;NA;97088;325;2021-04-10;91649
2021-04-09;"Košický kraj";168;35206;133;35339;NA;97088;301;2021-04-09;91324
2021-04-08;"Košický kraj";81;18530;90;18620;NA;97088;171;2021-04-08;91023
2021-04-07;"Košický kraj";232;28027;194;28221;NA;97088;426;2021-04-07;90852
2021-04-06;"Košický kraj";121;36495;164;36659;NA;97088;285;2021-04-06;90426
2021-04-05;"Košický kraj";19;14361;66;14427;NA;97088;85;2021-04-05;90141
2021-04-04;"Košický kraj";33;15089;66;15155;NA;97088;99;2021-04-04;90056
2021-04-03;"Košický kraj";138;97664;241;97905;NA;97088;379;2021-04-03;89957
2021-04-02;"Košický kraj";128;24290;76;24366;NA;97088;204;2021-04-02;89578
2021-04-01;"Košický kraj";165;46151;156;46307;NA;97088;321;2021-04-01;89374
2021-03-31;"Košický kraj";160;29659;124;29783;NA;97088;284;2021-03-31;89053
2021-03-30;"Košický kraj";229;24038;163;24201;NA;97088;392;2021-03-30;88769
2021-03-29;"Košický kraj";78;28843;194;29037;NA;97088;272;2021-03-29;88377
2021-03-28;"Košický kraj";39;44263;128;44391;NA;97088;167;2021-03-28;88105
2021-03-27;"Košický kraj";222;96602;265;96867;NA;97088;487;2021-03-27;87938
2021-03-26;"Košický kraj";233;45252;202;45454;NA;97088;435;2021-03-26;87451
2021-03-25;"Košický kraj";133;23804;175;23979;NA;97088;308;2021-03-25;87016
2021-03-24;"Košický kraj";165;20677;155;20832;NA;97088;320;2021-03-24;86708
2021-03-23;"Košický kraj";202;22434;192;22626;NA;97088;394;2021-03-23;86388
2021-03-22;"Košický kraj";169;26890;228;27118;NA;97088;397;2021-03-22;85994
2021-03-21;"Košický kraj";109;46746;167;46913;NA;97088;276;2021-03-21;85597
2021-03-20;"Košický kraj";126;101334;311;101645;NA;97088;437;2021-03-20;85321
2021-03-19;"Košický kraj";205;45632;260;45892;NA;97088;465;2021-03-19;84884
2021-03-18;"Košický kraj";274;23823;212;24035;NA;97088;486;2021-03-18;84419
2021-03-17;"Košický kraj";177;21545;195;21740;NA;97088;372;2021-03-17;83933
2021-03-16;"Košický kraj";386;23431;226;23657;NA;97088;612;2021-03-16;83561
2021-03-15;"Košický kraj";173;27900;297;28197;NA;97088;470;2021-03-15;82949
2021-03-14;"Košický kraj";145;44354;220;44574;NA;97088;365;2021-03-14;82479
2021-03-13;"Košický kraj";146;103790;483;104273;NA;97088;629;2021-03-13;82114
2021-03-12;"Košický kraj";366;47871;321;48192;NA;97088;687;2021-03-12;81485
2021-03-11;"Košický kraj";396;23229;263;23492;NA;97088;659;2021-03-11;80798
2021-03-10;"Košický kraj";121;22191;269;22460;NA;97088;390;2021-03-10;80139
2021-03-09;"Košický kraj";676;24509;300;24809;NA;97088;976;2021-03-09;79749
2021-03-08;"Košický kraj";559;29836;344;30180;NA;97088;903;2021-03-08;78773
2021-03-07;"Košický kraj";45;44230;299;44529;NA;97088;344;2021-03-07;77870
2021-03-06;"Košický kraj";177;105598;532;106130;NA;97088;709;2021-03-06;77526
2021-03-05;"Košický kraj";439;45567;424;45991;NA;97088;863;2021-03-05;76817
2021-03-04;"Košický kraj";417;23862;320;24182;NA;97088;737;2021-03-04;75954
2021-03-03;"Košický kraj";390;23168;298;23466;NA;97088;688;2021-03-03;75217
2021-03-02;"Košický kraj";464;24150;368;24518;NA;97088;832;2021-03-02;74529
2021-03-01;"Košický kraj";389;30013;514;30527;NA;97088;903;2021-03-01;73697
2021-02-28;"Košický kraj";265;43053;334;43387;NA;97088;599;2021-02-28;72794
2021-02-27;"Košický kraj";301;101274;787;102061;NA;97088;1088;2021-02-27;72195
2021-02-26;"Košický kraj";440;45466;492;45958;NA;97088;932;2021-02-26;71107
2021-02-25;"Košický kraj";331;19872;342;20214;NA;97088;673;2021-02-25;70175
2021-02-24;"Košický kraj";263;18815;506;19321;NA;97088;769;2021-02-24;69502
2021-02-23;"Košický kraj";642;21592;341;21933;NA;97088;983;2021-02-23;68733
2021-02-22;"Košický kraj";362;30830;434;31264;NA;97088;796;2021-02-22;67750
2021-02-21;"Košický kraj";170;40464;385;40849;NA;97088;555;2021-02-21;66954
2021-02-20;"Košický kraj";283;92550;770;93320;NA;97088;1053;2021-02-20;66399
2021-02-19;"Košický kraj";507;42016;586;42602;NA;97088;1093;2021-02-19;65346
2021-02-18;"Košický kraj";397;18442;345;18787;NA;97088;742;2021-02-18;64253
2021-02-17;"Košický kraj";322;18080;387;18467;NA;97088;709;2021-02-17;63511
2021-02-16;"Košický kraj";600;22111;463;22574;NA;97088;1063;2021-02-16;62802
2021-02-15;"Košický kraj";216;27633;419;28052;NA;97088;635;2021-02-15;61739
2021-02-14;"Košický kraj";241;56743;524;57267;NA;97088;765;2021-02-14;61104
2021-02-13;"Košický kraj";206;93965;765;94730;NA;97088;971;2021-02-13;60339
2021-02-12;"Košický kraj";448;50184;611;50795;NA;97088;1059;2021-02-12;59368
2021-02-11;"Košický kraj";435;14524;323;14847;NA;97088;758;2021-02-11;58309
2021-02-10;"Košický kraj";360;18475;431;18906;NA;97088;791;2021-02-10;57551
2021-02-09;"Košický kraj";545;24841;463;25304;NA;97088;1008;2021-02-09;56760
2021-02-08;"Košický kraj";237;24836;392;25228;NA;97088;629;2021-02-08;55752
2021-02-07;"Košický kraj";208;56897;612;57509;NA;97088;820;2021-02-07;55123
2021-02-06;"Košický kraj";318;104357;884;105241;NA;97088;1202;2021-02-06;54303
2021-02-05;"Košický kraj";384;43186;494;43680;NA;97088;878;2021-02-05;53101
2021-02-04;"Košický kraj";391;14508;371;14879;NA;97088;762;2021-02-04;52223
2021-02-03;"Košický kraj";296;12599;339;12938;NA;97088;635;2021-02-03;51461
2021-02-02;"Košický kraj";473;43883;1212;45095;NA;97088;1685;2021-02-02;50826
2021-02-01;"Košický kraj";415;21965;362;22327;NA;97088;777;2021-02-01;49141
2021-01-31;"Košický kraj";142;54154;609;54763;NA;97088;751;2021-01-31;48364
2021-01-30;"Košický kraj";320;76925;665;77590;NA;97088;985;2021-01-30;47613
2021-01-29;"Košický kraj";311;37130;466;37596;NA;97088;777;2021-01-29;46628
2021-01-28;"Košický kraj";540;9006;244;9250;NA;97088;784;2021-01-28;45851
2021-01-27;"Košický kraj";265;7575;211;7786;NA;97088;476;2021-01-27;45067
2021-01-26;"Košický kraj";530;14256;246;14502;NA;97088;776;2021-01-26;44591
2021-01-25;"Košický kraj";226;26430;413;26843;NA;97088;639;2021-01-25;43815
2021-01-24;"Košický kraj";150;44419;581;45000;NA;97088;731;2021-01-24;43176
2021-01-23;"Košický kraj";232;82705;857;83562;NA;97088;1089;2021-01-23;42445
2021-01-22;"Košický kraj";316;19997;265;20262;NA;97088;581;2021-01-22;41356
2021-01-21;"Košický kraj";274;14047;158;14205;NA;97088;432;2021-01-21;40775
2021-01-20;"Košický kraj";374;10843;201;11044;NA;97088;575;2021-01-20;40343
2021-01-19;"Košický kraj";248;9717;181;9898;NA;97088;429;2021-01-19;39768
2021-01-18;"Košický kraj";333;7659;262;7921;NA;97088;595;2021-01-18;39339
2021-01-17;"Košický kraj";155;535;14;549;NA;97088;169;2021-01-17;38744
2021-01-16;"Košický kraj";153;1403;47;1450;NA;97088;200;2021-01-16;38575
2021-01-15;"Košický kraj";308;6443;213;6656;NA;97088;521;2021-01-15;38375
2021-01-14;"Košický kraj";358;5471;221;5692;NA;97088;579;2021-01-14;37854
2021-01-13;"Košický kraj";421;4897;226;5123;NA;97088;647;2021-01-13;37275
2021-01-12;"Košický kraj";482;6689;258;6947;NA;97088;740;2021-01-12;36628
2021-01-11;"Košický kraj";309;7945;304;8249;NA;97088;613;2021-01-11;35888
2021-01-10;"Košický kraj";193;136;6;142;NA;97088;199;2021-01-10;35275
2021-01-09;"Košický kraj";469;1134;45;1179;NA;97088;514;2021-01-09;35076
2021-01-08;"Košický kraj";551;8222;388;8610;NA;97088;939;2021-01-08;34562
2021-01-07;"Košický kraj";251;6566;434;7000;NA;97088;685;2021-01-07;33623
2021-01-06;"Košický kraj";442;429;33;462;NA;97088;475;2021-01-06;32938
2021-01-05;"Košický kraj";584;8100;560;8660;NA;97088;1144;2021-01-05;32463
2021-01-04;"Košický kraj";407;7113;737;7850;NA;97088;1144;2021-01-04;31319
2021-01-03;"Košický kraj";118;661;22;683;NA;97088;140;2021-01-03;30175
2021-01-02;"Košický kraj";88;440;52;492;NA;97088;140;2021-01-02;30035
2021-01-01;"Košický kraj";398;725;49;774;NA;97088;447;2021-01-01;29895
2020-12-31;"Košický kraj";625;7877;461;8338;NA;97088;1086;2020-12-31;29448
2020-12-30;"Košický kraj";590;6477;412;6889;NA;97088;1002;2020-12-30;28362
2020-12-29;"Košický kraj";419;7573;605;8178;NA;97088;1024;2020-12-29;27360
2020-12-28;"Košický kraj";356;8296;804;9100;NA;97088;1160;2020-12-28;26336
2020-12-27;"Košický kraj";159;147;16;163;NA;97088;175;2020-12-27;25176
2020-12-26;"Košický kraj";163;274;23;297;NA;97088;186;2020-12-26;25001
2020-12-25;"Košický kraj";237;140;10;150;NA;97088;247;2020-12-25;24815
2020-12-24;"Košický kraj";564;1470;90;1560;NA;97088;654;2020-12-24;24568
2020-12-23;"Košický kraj";304;7942;354;8296;NA;97088;658;2020-12-23;23914
2020-12-22;"Košický kraj";438;7920;459;8379;NA;97088;897;2020-12-22;23256
2020-12-21;"Košický kraj";405;6984;509;7493;NA;97088;914;2020-12-21;22359
2020-12-20;"Košický kraj";215;73;11;84;NA;97088;226;2020-12-20;21445
2020-12-19;"Košický kraj";207;1309;63;1372;NA;97088;270;2020-12-19;21219
2020-12-18;"Košický kraj";310;8484;326;8810;NA;97088;636;2020-12-18;20949
2020-12-17;"Košický kraj";463;5292;255;5547;NA;97088;718;2020-12-17;20313
2020-12-16;"Košický kraj";455;5898;316;6214;NA;97088;771;2020-12-16;19595
2020-12-15;"Košický kraj";319;5086;338;5424;NA;97088;657;2020-12-15;18824
2020-12-14;"Košický kraj";256;3401;264;3665;NA;97088;520;2020-12-14;18167
2020-12-13;"Košický kraj";47;181;2;183;NA;97088;49;2020-12-13;17647
2020-12-12;"Košický kraj";369;1587;118;1705;NA;97088;487;2020-12-12;17598
2020-12-11;"Košický kraj";354;5461;258;5719;NA;97088;612;2020-12-11;17111
2020-12-10;"Košický kraj";283;4064;176;4240;NA;97088;459;2020-12-10;16499
2020-12-09;"Košický kraj";279;3786;166;3952;NA;97088;445;2020-12-09;16040
2020-12-08;"Košický kraj";226;4105;355;4460;NA;97088;581;2020-12-08;15595
2020-12-07;"Košický kraj";270;2383;106;2489;NA;97088;376;2020-12-07;15014
2020-12-06;"Košický kraj";121;97;20;117;NA;97088;141;2020-12-06;14638
2020-12-05;"Košický kraj";90;1096;48;1144;NA;97088;138;2020-12-05;14497
2020-12-04;"Košický kraj";224;2680;82;2762;NA;97088;306;2020-12-04;14359
2020-12-03;"Košický kraj";211;7717;173;7890;NA;97088;384;2020-12-03;14053
2020-12-02;"Košický kraj";193;8132;496;8628;NA;97088;689;2020-12-02;13669
2020-12-01;"Košický kraj";178;2237;124;2361;NA;97088;302;2020-12-01;12980
2020-11-30;"Košický kraj";171;3754;62;3816;NA;97088;233;2020-11-30;12678
2020-11-29;"Košický kraj";31;325;17;342;NA;97088;48;2020-11-29;12445
2020-11-28;"Košický kraj";69;721;52;773;NA;97088;121;2020-11-28;12397
2020-11-27;"Košický kraj";149;2921;78;2999;NA;97088;227;2020-11-27;12276
2020-11-26;"Košický kraj";239;1234;60;1294;NA;97088;299;2020-11-26;12049
2020-11-25;"Košický kraj";237;1785;123;1908;NA;97088;360;2020-11-25;11750
2020-11-24;"Košický kraj";196;1976;67;2043;NA;97088;263;2020-11-24;11390
2020-11-23;"Košický kraj";51;4115;63;4178;NA;97088;114;2020-11-23;11127
2020-11-22;"Košický kraj";57;57;5;62;NA;97088;62;2020-11-22;11013
2020-11-21;"Košický kraj";87;858;36;894;NA;97088;123;2020-11-21;10951
2020-11-20;"Košický kraj";176;3084;49;3133;NA;97088;225;2020-11-20;10828
2020-11-19;"Košický kraj";206;1736;48;1784;NA;97088;254;2020-11-19;10603
2020-11-18;"Košický kraj";122;532;17;549;NA;97088;139;2020-11-18;10349
2020-11-17;"Košický kraj";152;82;9;91;NA;97088;161;2020-11-17;10210
2020-11-16;"Košický kraj";114;596;27;623;NA;97088;141;2020-11-16;10049
2020-11-15;"Košický kraj";15;338;7;345;NA;97088;22;2020-11-15;9908
2020-11-14;"Košický kraj";234;520;12;532;NA;97088;246;2020-11-14;9886
2020-11-13;"Košický kraj";207;664;29;693;NA;97088;236;2020-11-13;9640
2020-11-12;"Košický kraj";192;736;13;749;NA;97088;205;2020-11-12;9404
2020-11-11;"Košický kraj";301;593;7;600;NA;97088;308;2020-11-11;9199
2020-11-10;"Košický kraj";190;541;11;552;NA;97088;201;2020-11-10;8891
2020-11-09;"Košický kraj";129;380;17;397;NA;97088;146;2020-11-09;8690
2020-11-08;"Košický kraj";78;1306;8;1314;NA;97088;86;2020-11-08;8544
2020-11-07;"Košický kraj";192;3909;22;3931;NA;97088;214;2020-11-07;8458
2020-11-06;"Košický kraj";195;5310;34;5344;NA;97088;229;2020-11-06;8244
2020-11-05;"Košický kraj";342;330;31;361;NA;97088;373;2020-11-05;8015
2020-11-04;"Košický kraj";101;154;6;160;NA;97088;107;2020-11-04;7642
2020-11-03;"Košický kraj";358;1122;13;1135;NA;97088;371;2020-11-03;7535
2020-11-02;"Košický kraj";111;6125;56;6181;NA;97088;167;2020-11-02;7164
2020-11-01;"Košický kraj";346;6522;34;6556;NA;97088;380;2020-11-01;6997
2020-10-31;"Košický kraj";82;14035;106;14141;NA;97088;188;2020-10-31;6617
2020-10-30;"Košický kraj";379;2835;27;2862;NA;97088;406;2020-10-30;6429
2020-10-29;"Košický kraj";333;983;13;996;NA;97088;346;2020-10-29;6023
2020-10-28;"Košický kraj";224;305;13;318;NA;97088;237;2020-10-28;5677
2020-10-27;"Košický kraj";386;439;21;460;NA;97088;407;2020-10-27;5440
2020-10-26;"Košický kraj";56;212;12;224;NA;97088;68;2020-10-26;5033
2020-10-25;"Košický kraj";154;79;2;81;NA;97088;156;2020-10-25;4965
2020-10-24;"Košický kraj";313;118;16;134;NA;97088;329;2020-10-24;4809
2020-10-23;"Košický kraj";315;331;8;339;NA;97088;323;2020-10-23;4480
2020-10-22;"Košický kraj";349;530;16;546;NA;97088;365;2020-10-22;4157
2020-10-21;"Košický kraj";129;84;2;86;NA;97088;131;2020-10-21;3792
2020-10-20;"Košický kraj";181;14;1;15;NA;97088;182;2020-10-20;3661
2020-10-19;"Košický kraj";64;38;1;39;NA;97088;65;2020-10-19;3479
2020-10-18;"Košický kraj";158;0;0;0;NA;97088;158;2020-10-18;3414
2020-10-17;"Košický kraj";142;0;0;0;NA;97088;142;2020-10-17;3256
2020-10-16;"Košický kraj";206;19;0;19;NA;97088;206;2020-10-16;3114
2020-10-15;"Košický kraj";177;19;5;24;NA;97088;182;2020-10-15;2908
2020-10-14;"Košický kraj";211;8;0;8;NA;97088;211;2020-10-14;2726
2020-10-13;"Košický kraj";179;80;3;83;NA;97088;182;2020-10-13;2515
2020-10-12;"Košický kraj";74;0;0;0;NA;97088;74;2020-10-12;2333
2020-10-11;"Košický kraj";121;0;0;0;NA;97088;121;2020-10-11;2259
2020-10-10;"Košický kraj";70;0;0;0;NA;97088;70;2020-10-10;2138
2020-10-09;"Košický kraj";188;0;0;0;NA;97088;188;2020-10-09;2068
2020-10-08;"Košický kraj";102;0;0;0;NA;97088;102;2020-10-08;1880
2020-10-07;"Košický kraj";158;0;0;0;NA;97088;158;2020-10-07;1778
2020-10-06;"Košický kraj";70;0;0;0;NA;97088;70;2020-10-06;1620
2020-10-05;"Košický kraj";39;0;0;0;NA;97088;39;2020-10-05;1550
2020-10-04;"Košický kraj";45;0;0;0;NA;97088;45;2020-10-04;1511
2020-10-03;"Košický kraj";105;0;0;0;NA;97088;105;2020-10-03;1466
2020-10-02;"Košický kraj";57;0;0;0;NA;97088;57;2020-10-02;1361
2020-10-01;"Košický kraj";69;0;0;0;NA;97088;69;2020-10-01;1304
2020-09-30;"Košický kraj";95;0;0;0;NA;97088;95;2020-09-30;1235
2020-09-29;"Košický kraj";75;0;0;0;NA;97088;75;2020-09-29;1140
2020-09-28;"Košický kraj";19;0;0;0;NA;97088;19;2020-09-28;1065
2020-09-27;"Košický kraj";21;0;0;0;NA;97088;21;2020-09-27;1046
2020-09-26;"Košický kraj";53;0;0;0;NA;97088;53;2020-09-26;1025
2020-09-25;"Košický kraj";72;0;0;0;NA;97088;72;2020-09-25;972
2020-09-24;"Košický kraj";35;0;0;0;NA;97088;35;2020-09-24;900
2020-09-23;"Košický kraj";23;0;0;0;NA;97088;23;2020-09-23;865
2020-09-22;"Košický kraj";39;0;0;0;NA;97088;39;2020-09-22;842
2020-09-21;"Košický kraj";5;0;0;0;NA;97088;5;2020-09-21;803
2020-09-20;"Košický kraj";3;0;0;0;NA;97088;3;2020-09-20;798
2020-09-19;"Košický kraj";13;0;0;0;NA;97088;13;2020-09-19;795
2020-09-18;"Košický kraj";20;0;0;0;NA;97088;20;2020-09-18;782
2020-09-17;"Košický kraj";22;0;0;0;NA;97088;22;2020-09-17;762
2020-09-16;"Košický kraj";12;0;0;0;NA;97088;12;2020-09-16;740
2020-09-15;"Košický kraj";10;0;0;0;NA;97088;10;2020-09-15;728
2020-09-14;"Košický kraj";6;0;0;0;NA;97088;6;2020-09-14;718
2020-09-13;"Košický kraj";3;0;0;0;NA;97088;3;2020-09-13;712
2020-09-12;"Košický kraj";16;0;0;0;NA;97088;16;2020-09-12;709
2020-09-11;"Košický kraj";20;0;0;0;NA;97088;20;2020-09-11;693
2020-09-10;"Košický kraj";11;0;0;0;NA;97088;11;2020-09-10;673
2020-09-09;"Košický kraj";37;0;0;0;NA;97088;37;2020-09-09;662
2020-09-08;"Košický kraj";10;0;0;0;NA;97088;10;2020-09-08;625
2020-09-07;"Košický kraj";4;0;0;0;NA;97088;4;2020-09-07;615
2020-09-06;"Košický kraj";2;0;0;0;NA;97088;2;2020-09-06;611
2020-09-05;"Košický kraj";10;0;0;0;NA;97088;10;2020-09-05;609
2020-09-04;"Košický kraj";14;0;0;0;NA;97088;14;2020-09-04;599
2020-09-03;"Košický kraj";22;0;0;0;NA;97088;22;2020-09-03;585
2020-09-02;"Košický kraj";13;0;0;0;NA;97088;13;2020-09-02;563
2020-09-01;"Košický kraj";21;0;0;0;NA;97088;21;2020-09-01;550
2020-08-31;"Košický kraj";9;0;0;0;NA;97088;9;2020-08-31;529
2020-08-30;"Košický kraj";21;0;0;0;NA;97088;21;2020-08-30;520
2020-08-29;"Košický kraj";1;0;0;0;NA;97088;1;2020-08-29;499
2020-08-28;"Košický kraj";19;0;0;0;NA;97088;19;2020-08-28;498
2020-08-27;"Košický kraj";15;0;0;0;NA;97088;15;2020-08-27;479
2020-08-26;"Košický kraj";8;0;0;0;NA;97088;8;2020-08-26;464
2020-08-25;"Košický kraj";23;0;0;0;NA;97088;23;2020-08-25;456
2020-08-24;"Košický kraj";6;0;0;0;NA;97088;6;2020-08-24;433
2020-08-23;"Košický kraj";8;0;0;0;NA;97088;8;2020-08-23;427
2020-08-22;"Košický kraj";13;0;0;0;NA;97088;13;2020-08-22;419
2020-08-21;"Košický kraj";10;0;0;0;NA;97088;10;2020-08-21;406
2020-08-20;"Košický kraj";10;0;0;0;NA;97088;10;2020-08-20;396
2020-08-19;"Košický kraj";3;0;0;0;NA;97088;3;2020-08-19;386
2020-08-18;"Košický kraj";7;0;0;0;NA;97088;7;2020-08-18;383
2020-08-17;"Košický kraj";2;0;0;0;NA;97088;2;2020-08-17;376
2020-08-16;"Košický kraj";2;0;0;0;NA;97088;2;2020-08-16;374
2020-08-15;"Košický kraj";3;0;0;0;NA;97088;3;2020-08-15;372
2020-08-14;"Košický kraj";1;0;0;0;NA;97088;1;2020-08-14;369
2020-08-13;"Košický kraj";3;0;0;0;NA;97088;3;2020-08-13;368
2020-08-12;"Košický kraj";12;0;0;0;NA;97088;12;2020-08-12;365
2020-08-11;"Košický kraj";5;0;0;0;NA;97088;5;2020-08-11;353
2020-08-10;"Košický kraj";1;0;0;0;NA;97088;1;2020-08-10;348
2020-08-09;"Košický kraj";0;0;0;0;NA;97088;0;2020-08-09;347
2020-08-08;"Košický kraj";5;0;0;0;NA;97088;5;2020-08-08;347
2020-08-07;"Košický kraj";7;0;0;0;NA;97088;7;2020-08-07;342
2020-08-06;"Košický kraj";3;0;0;0;NA;97088;3;2020-08-06;335
2020-08-05;"Košický kraj";4;0;0;0;NA;97088;4;2020-08-05;332
2020-08-04;"Košický kraj";1;0;0;0;NA;97088;1;2020-08-04;328
2020-08-03;"Košický kraj";1;0;0;0;NA;97088;1;2020-08-03;327
2020-08-02;"Košický kraj";0;0;0;0;NA;97088;0;2020-08-02;326
2020-08-01;"Košický kraj";0;0;0;0;NA;97088;0;2020-08-01;326
2020-07-31;"Košický kraj";0;0;0;0;NA;97088;0;2020-07-31;326
2020-07-30;"Košický kraj";2;0;0;0;NA;97088;2;2020-07-30;326
2020-07-29;"Košický kraj";1;0;0;0;NA;97088;1;2020-07-29;324
2020-07-28;"Košický kraj";9;0;0;0;NA;97088;9;2020-07-28;323
2020-07-27;"Košický kraj";4;0;0;0;NA;97088;4;2020-07-27;314
2020-07-26;"Košický kraj";0;0;0;0;NA;97088;0;2020-07-26;310
2020-07-25;"Košický kraj";2;0;0;0;NA;97088;2;2020-07-25;310
2020-07-24;"Košický kraj";2;0;0;0;NA;97088;2;2020-07-24;308
2020-07-23;"Košický kraj";1;0;0;0;NA;97088;1;2020-07-23;306
2020-07-22;"Košický kraj";1;0;0;0;NA;97088;1;2020-07-22;305
2020-07-21;"Košický kraj";0;0;0;0;NA;97088;0;2020-07-21;304
2020-07-20;"Košický kraj";0;0;0;0;NA;97088;0;2020-07-20;304
2020-07-19;"Košický kraj";0;0;0;0;NA;97088;0;2020-07-19;304
2020-07-18;"Košický kraj";1;0;0;0;NA;97088;1;2020-07-18;304
2020-07-17;"Košický kraj";1;0;0;0;NA;97088;1;2020-07-17;303
2020-07-16;"Košický kraj";0;0;0;0;NA;97088;0;2020-07-16;302
2020-07-15;"Košický kraj";2;0;0;0;NA;97088;2;2020-07-15;302
2020-07-14;"Košický kraj";1;0;0;0;NA;97088;1;2020-07-14;300
2020-07-13;"Košický kraj";1;0;0;0;NA;97088;1;2020-07-13;299
2020-07-12;"Košický kraj";0;0;0;0;NA;97088;0;2020-07-12;298
2020-07-11;"Košický kraj";0;0;0;0;NA;97088;0;2020-07-11;298
2020-07-10;"Košický kraj";1;0;0;0;NA;97088;1;2020-07-10;298
2020-07-09;"Košický kraj";1;0;0;0;NA;97088;1;2020-07-09;297
2020-07-08;"Košický kraj";12;0;0;0;NA;97088;12;2020-07-08;296
2020-07-07;"Košický kraj";0;0;0;0;NA;97088;0;2020-07-07;284
2020-07-06;"Košický kraj";0;0;0;0;NA;97088;0;2020-07-06;284
2020-07-05;"Košický kraj";0;0;0;0;NA;97088;0;2020-07-05;284
2020-07-04;"Košický kraj";0;0;0;0;NA;97088;0;2020-07-04;284
2020-07-03;"Košický kraj";1;0;0;0;NA;97088;1;2020-07-03;284
2020-07-02;"Košický kraj";0;0;0;0;NA;97088;0;2020-07-02;283
2020-07-01;"Košický kraj";1;0;0;0;NA;97088;1;2020-07-01;283
2020-06-30;"Košický kraj";0;0;0;0;NA;97088;0;2020-06-30;282
2020-06-29;"Košický kraj";0;0;0;0;NA;97088;0;2020-06-29;282
2020-06-28;"Košický kraj";0;0;0;0;NA;97088;0;2020-06-28;282
2020-06-27;"Košický kraj";0;0;0;0;NA;97088;0;2020-06-27;282
2020-06-26;"Košický kraj";0;0;0;0;NA;97088;0;2020-06-26;282
2020-06-25;"Košický kraj";3;0;0;0;NA;97088;3;2020-06-25;282
2020-06-24;"Košický kraj";3;0;0;0;NA;97088;3;2020-06-24;279
2020-06-23;"Košický kraj";3;0;0;0;NA;97088;3;2020-06-23;276
2020-06-22;"Košický kraj";0;0;0;0;NA;97088;0;2020-06-22;273
2020-06-21;"Košický kraj";0;0;0;0;NA;97088;0;2020-06-21;273
2020-06-20;"Košický kraj";0;0;0;0;NA;97088;0;2020-06-20;273
2020-06-19;"Košický kraj";0;0;0;0;NA;97088;0;2020-06-19;273
2020-06-18;"Košický kraj";1;0;0;0;NA;97088;1;2020-06-18;273
2020-06-17;"Košický kraj";0;0;0;0;NA;97088;0;2020-06-17;272
2020-06-16;"Košický kraj";2;0;0;0;NA;97088;2;2020-06-16;272
2020-06-14;"Košický kraj";0;0;0;0;NA;97088;0;2020-06-14;270
2020-06-13;"Košický kraj";0;0;0;0;NA;97088;0;2020-06-13;270
2020-06-12;"Košický kraj";0;0;0;0;NA;97088;0;2020-06-12;270
2020-06-11;"Košický kraj";0;0;0;0;NA;97088;0;2020-06-11;270
2020-06-10;"Košický kraj";6;0;0;0;NA;97088;6;2020-06-10;270
2020-06-09;"Košický kraj";0;0;0;0;NA;97088;0;2020-06-09;264
2020-06-08;"Košický kraj";0;0;0;0;NA;97088;0;2020-06-08;264
2020-06-07;"Košický kraj";2;0;0;0;NA;97088;2;2020-06-07;264
2020-06-05;"Košický kraj";0;0;0;0;NA;97088;0;2020-06-05;262
2020-06-03;"Košický kraj";0;0;0;0;NA;97088;0;2020-06-03;262
2020-06-02;"Košický kraj";1;0;0;0;NA;97088;1;2020-06-02;262
2020-05-31;"Košický kraj";0;0;0;0;NA;97088;0;2020-05-31;261
2020-05-29;"Košický kraj";1;0;0;0;NA;97088;1;2020-05-29;261
2020-05-27;"Košický kraj";0;0;0;0;NA;97088;0;2020-05-27;260
2020-05-26;"Košický kraj";1;0;0;0;NA;97088;1;2020-05-26;260
2020-05-25;"Košický kraj";1;0;0;0;NA;97088;1;2020-05-25;259
2020-05-24;"Košický kraj";0;0;0;0;NA;97088;0;2020-05-24;258
2020-05-23;"Košický kraj";0;0;0;0;NA;97088;0;2020-05-23;258
2020-05-22;"Košický kraj";0;0;0;0;NA;97088;0;2020-05-22;258
2020-05-21;"Košický kraj";0;0;0;0;NA;97088;0;2020-05-21;258
2020-05-20;"Košický kraj";3;0;0;0;NA;97088;3;2020-05-20;258
2020-05-19;"Košický kraj";0;0;0;0;NA;97088;0;2020-05-19;255
2020-05-17;"Košický kraj";1;0;0;0;NA;97088;1;2020-05-17;255
2020-05-16;"Košický kraj";1;0;0;0;NA;97088;1;2020-05-16;254
2020-05-15;"Košický kraj";10;0;0;0;NA;97088;10;2020-05-15;253
2020-05-14;"Košický kraj";1;0;0;0;NA;97088;1;2020-05-14;243
2020-05-13;"Košický kraj";6;0;0;0;NA;97088;6;2020-05-13;242
2020-05-12;"Košický kraj";0;0;0;0;NA;97088;0;2020-05-12;236
2020-05-11;"Košický kraj";0;0;0;0;NA;97088;0;2020-05-11;236
2020-05-09;"Košický kraj";0;0;0;0;NA;97088;0;2020-05-09;236
2020-05-07;"Košický kraj";0;0;0;0;NA;97088;0;2020-05-07;236
2020-05-06;"Košický kraj";1;0;0;0;NA;97088;1;2020-05-06;236
2020-05-05;"Košický kraj";0;0;0;0;NA;97088;0;2020-05-05;235
2020-05-04;"Košický kraj";0;0;0;0;NA;97088;0;2020-05-04;235
2020-05-03;"Košický kraj";0;0;0;0;NA;97088;0;2020-05-03;235
2020-05-02;"Košický kraj";1;0;0;0;NA;97088;1;2020-05-02;235
2020-05-01;"Košický kraj";0;0;0;0;NA;97088;0;2020-05-01;234
2020-04-30;"Košický kraj";1;0;0;0;NA;97088;1;2020-04-30;234
2020-04-29;"Košický kraj";1;0;0;0;NA;97088;1;2020-04-29;233
2020-04-28;"Košický kraj";1;0;0;0;NA;97088;1;2020-04-28;232
2020-04-27;"Košický kraj";1;0;0;0;NA;97088;1;2020-04-27;231
2020-04-26;"Košický kraj";0;0;0;0;NA;97088;0;2020-04-26;230
2020-04-25;"Košický kraj";0;0;0;0;NA;97088;0;2020-04-25;230
2020-04-24;"Košický kraj";3;0;0;0;NA;97088;3;2020-04-24;230
2020-04-23;"Košický kraj";4;0;0;0;NA;97088;4;2020-04-23;227
2020-04-22;"Košický kraj";21;0;0;0;NA;97088;21;2020-04-22;223
2020-04-21;"Košický kraj";4;0;0;0;NA;97088;4;2020-04-21;202
2020-04-20;"Košický kraj";0;0;0;0;NA;97088;0;2020-04-20;198
2020-04-19;"Košický kraj";1;0;0;0;NA;97088;1;2020-04-19;198
2020-04-18;"Košický kraj";2;0;0;0;NA;97088;2;2020-04-18;197
2020-04-17;"Košický kraj";7;0;0;0;NA;97088;7;2020-04-17;195
2020-04-16;"Košický kraj";29;0;0;0;NA;97088;29;2020-04-16;188
2020-04-15;"Košický kraj";50;0;0;0;NA;97088;50;2020-04-15;159
2020-04-14;"Košický kraj";4;0;0;0;NA;97088;4;2020-04-14;109
2020-04-13;"Košický kraj";5;0;0;0;NA;97088;5;2020-04-13;105
2020-04-12;"Košický kraj";4;0;0;0;NA;97088;4;2020-04-12;100
2020-04-11;"Košický kraj";2;0;0;0;NA;97088;2;2020-04-11;96
2020-04-10;"Košický kraj";1;0;0;0;NA;97088;1;2020-04-10;94
2020-04-09;"Košický kraj";4;0;0;0;NA;97088;4;2020-04-09;93
2020-04-08;"Košický kraj";5;0;0;0;NA;97088;5;2020-04-08;89
2020-04-07;"Košický kraj";34;0;0;0;NA;97088;34;2020-04-07;84
2020-04-06;"Košický kraj";6;0;0;0;NA;97088;6;2020-04-06;50
2020-04-05;"Košický kraj";4;0;0;0;NA;97088;4;2020-04-05;44
2020-04-04;"Košický kraj";5;0;0;0;NA;97088;5;2020-04-04;40
2020-04-03;"Košický kraj";4;0;0;0;NA;97088;4;2020-04-03;35
2020-04-02;"Košický kraj";3;0;0;0;NA;97088;3;2020-04-02;31
2020-04-01;"Košický kraj";3;0;0;0;NA;97088;3;2020-04-01;28
2020-03-31;"Košický kraj";1;0;0;0;NA;97088;1;2020-03-31;25
2020-03-30;"Košický kraj";5;0;0;0;NA;97088;5;2020-03-30;24
2020-03-29;"Košický kraj";0;0;0;0;NA;97088;0;2020-03-29;19
2020-03-28;"Košický kraj";1;0;0;0;NA;97088;1;2020-03-28;19
2020-03-27;"Košický kraj";1;0;0;0;NA;97088;1;2020-03-27;18
2020-03-26;"Košický kraj";3;0;0;0;NA;97088;3;2020-03-26;17
2020-03-25;"Košický kraj";2;0;0;0;NA;97088;2;2020-03-25;14
2020-03-24;"Košický kraj";0;0;0;0;NA;97088;0;2020-03-24;12
2020-03-23;"Košický kraj";2;0;0;0;NA;97088;2;2020-03-23;12
2020-03-22;"Košický kraj";0;0;0;0;NA;97088;0;2020-03-22;10
2020-03-21;"Košický kraj";3;0;0;0;NA;97088;3;2020-03-21;10
2020-03-20;"Košický kraj";1;0;0;0;NA;97088;1;2020-03-20;7
2020-03-19;"Košický kraj";0;0;0;0;NA;97088;0;2020-03-19;6
2020-03-18;"Košický kraj";0;0;0;0;NA;97088;0;2020-03-18;6
2020-03-17;"Košický kraj";0;0;0;0;NA;97088;0;2020-03-17;6
2020-03-16;"Košický kraj";3;0;0;0;NA;97088;3;2020-03-16;6
2020-03-15;"Košický kraj";1;0;0;0;NA;97088;1;2020-03-15;3
2020-03-14;"Košický kraj";0;0;0;0;NA;97088;0;2020-03-14;2
2020-03-13;"Košický kraj";2;0;0;0;NA;97088;2;2020-03-13;2
2020-03-12;"Košický kraj";0;0;0;0;NA;97088;0;2020-03-12;0
2020-03-11;"Košický kraj";0;0;0;0;NA;97088;0;2020-03-11;0
2020-03-09;"Košický kraj";1;0;0;0;NA;97088;1;2020-03-09;0
2020-03-08;"Košický kraj";0;0;0;0;NA;97088;0;2020-03-08;-1
2020-03-07;"Košický kraj";0;0;0;0;NA;97088;0;2020-03-07;-1
2020-03-06;"Košický kraj";0;0;0;0;NA;97088;0;2020-03-06;-1
2021-05-30;"Nitriansky kraj";1;8179;7;8186;39152;92485;8;2021-05-30;92485
2021-05-29;"Nitriansky kraj";2;10960;7;10967;NA;92485;9;2021-05-29;92477
2021-05-28;"Nitriansky kraj";10;7848;6;7854;NA;92485;16;2021-05-28;92468
2021-05-27;"Nitriansky kraj";4;5866;7;5873;NA;92485;11;2021-05-27;92452
2021-05-26;"Nitriansky kraj";11;8067;6;8073;NA;92485;17;2021-05-26;92441
2021-05-25;"Nitriansky kraj";15;7437;9;7446;NA;92485;24;2021-05-25;92424
2021-05-24;"Nitriansky kraj";14;9390;16;9406;NA;92485;30;2021-05-24;92400
2021-05-23;"Nitriansky kraj";1;9516;13;9529;NA;92485;14;2021-05-23;92370
2021-05-22;"Nitriansky kraj";7;16523;10;16533;NA;92485;17;2021-05-22;92356
2021-05-21;"Nitriansky kraj";18;10214;15;10229;NA;92485;33;2021-05-21;92339
2021-05-20;"Nitriansky kraj";8;7059;7;7066;NA;92485;15;2021-05-20;92306
2021-05-19;"Nitriansky kraj";20;6640;14;6654;NA;92485;34;2021-05-19;92291
2021-05-18;"Nitriansky kraj";23;7577;18;7595;NA;92485;41;2021-05-18;92257
2021-05-17;"Nitriansky kraj";22;9575;20;9595;NA;92485;42;2021-05-17;92216
2021-05-16;"Nitriansky kraj";4;13830;15;13845;NA;92485;19;2021-05-16;92174
2021-05-15;"Nitriansky kraj";5;25389;23;25412;NA;92485;28;2021-05-15;92155
2021-05-14;"Nitriansky kraj";18;13268;23;13291;NA;92485;41;2021-05-14;92127
2021-05-13;"Nitriansky kraj";24;7893;19;7912;NA;92485;43;2021-05-13;92086
2021-05-12;"Nitriansky kraj";10;7466;26;7492;NA;92485;36;2021-05-12;92043
2021-05-11;"Nitriansky kraj";36;8008;13;8021;NA;92485;49;2021-05-11;92007
2021-05-10;"Nitriansky kraj";16;13294;32;13326;NA;92485;48;2021-05-10;91958
2021-05-09;"Nitriansky kraj";8;21879;35;21914;NA;92485;43;2021-05-09;91910
2021-05-08;"Nitriansky kraj";0;24510;29;24539;NA;92485;29;2021-05-08;91867
2021-05-07;"Nitriansky kraj";32;14890;20;14910;NA;92485;52;2021-05-07;91838
2021-05-06;"Nitriansky kraj";30;9275;20;9295;NA;92485;50;2021-05-06;91786
2021-05-05;"Nitriansky kraj";19;8518;23;8541;NA;92485;42;2021-05-05;91736
2021-05-04;"Nitriansky kraj";46;8954;27;8981;NA;92485;73;2021-05-04;91694
2021-05-03;"Nitriansky kraj";32;14490;44;14534;NA;92485;76;2021-05-03;91621
2021-05-02;"Nitriansky kraj";4;31751;46;31797;NA;92485;50;2021-05-02;91545
2021-05-01;"Nitriansky kraj";23;60318;43;60361;NA;92485;66;2021-05-01;91495
2021-04-30;"Nitriansky kraj";28;31803;53;31856;NA;92485;81;2021-04-30;91429
2021-04-29;"Nitriansky kraj";27;13995;32;14027;NA;92485;59;2021-04-29;91348
2021-04-28;"Nitriansky kraj";36;14678;45;14723;NA;92485;81;2021-04-28;91289
2021-04-27;"Nitriansky kraj";51;13154;35;13189;NA;92485;86;2021-04-27;91208
2021-04-26;"Nitriansky kraj";38;21029;44;21073;NA;92485;82;2021-04-26;91122
2021-04-25;"Nitriansky kraj";7;43494;43;43537;NA;92485;50;2021-04-25;91040
2021-04-24;"Nitriansky kraj";23;92745;71;92816;NA;92485;94;2021-04-24;90990
2021-04-23;"Nitriansky kraj";54;35143;51;35194;NA;92485;105;2021-04-23;90896
2021-04-22;"Nitriansky kraj";32;15435;44;15479;NA;92485;76;2021-04-22;90791
2021-04-21;"Nitriansky kraj";38;14222;45;14267;NA;92485;83;2021-04-21;90715
2021-04-20;"Nitriansky kraj";67;16058;51;16109;NA;92485;118;2021-04-20;90632
2021-04-19;"Nitriansky kraj";35;24816;59;24875;NA;92485;94;2021-04-19;90514
2021-04-18;"Nitriansky kraj";0;39569;27;39596;NA;92485;27;2021-04-18;90420
2021-04-17;"Nitriansky kraj";34;92102;82;92184;NA;92485;116;2021-04-17;90393
2021-04-16;"Nitriansky kraj";46;32348;37;32385;NA;92485;83;2021-04-16;90277
2021-04-15;"Nitriansky kraj";75;16215;52;16267;NA;92485;127;2021-04-15;90194
2021-04-14;"Nitriansky kraj";43;14994;42;15036;NA;92485;85;2021-04-14;90067
2021-04-13;"Nitriansky kraj";110;14947;44;14991;NA;92485;154;2021-04-13;89982
2021-04-12;"Nitriansky kraj";29;22162;50;22212;NA;92485;79;2021-04-12;89828
2021-04-11;"Nitriansky kraj";1;37537;31;37568;NA;92485;32;2021-04-11;89749
2021-04-10;"Nitriansky kraj";35;95424;115;95539;NA;92485;150;2021-04-10;89717
2021-04-09;"Nitriansky kraj";69;30669;58;30727;NA;92485;127;2021-04-09;89567
2021-04-08;"Nitriansky kraj";71;15369;36;15405;NA;92485;107;2021-04-08;89440
2021-04-07;"Nitriansky kraj";64;18541;47;18588;NA;92485;111;2021-04-07;89333
2021-04-06;"Nitriansky kraj";65;33218;112;33330;NA;92485;177;2021-04-06;89222
2021-04-05;"Nitriansky kraj";37;12673;48;12721;NA;92485;85;2021-04-05;89045
2021-04-04;"Nitriansky kraj";5;17887;35;17922;NA;92485;40;2021-04-04;88960
2021-04-03;"Nitriansky kraj";26;85465;153;85618;NA;92485;179;2021-04-03;88920
2021-04-02;"Nitriansky kraj";32;18667;46;18713;NA;92485;78;2021-04-02;88741
2021-04-01;"Nitriansky kraj";63;24610;83;24693;NA;92485;146;2021-04-01;88663
2021-03-31;"Nitriansky kraj";73;21752;94;21846;NA;92485;167;2021-03-31;88517
2021-03-30;"Nitriansky kraj";125;17044;83;17127;NA;92485;208;2021-03-30;88350
2021-03-29;"Nitriansky kraj";81;25139;100;25239;NA;92485;181;2021-03-29;88142
2021-03-28;"Nitriansky kraj";6;45581;106;45687;NA;92485;112;2021-03-28;87961
2021-03-27;"Nitriansky kraj";39;103659;174;103833;NA;92485;213;2021-03-27;87849
2021-03-26;"Nitriansky kraj";90;40444;115;40559;NA;92485;205;2021-03-26;87636
2021-03-25;"Nitriansky kraj";95;19149;94;19243;NA;92485;189;2021-03-25;87431
2021-03-24;"Nitriansky kraj";90;14784;91;14875;NA;92485;181;2021-03-24;87242
2021-03-23;"Nitriansky kraj";167;16753;66;16819;NA;92485;233;2021-03-23;87061
2021-03-22;"Nitriansky kraj";101;23699;124;23823;NA;92485;225;2021-03-22;86828
2021-03-21;"Nitriansky kraj";27;42318;99;42417;NA;92485;126;2021-03-21;86603
2021-03-20;"Nitriansky kraj";36;99816;207;100023;NA;92485;243;2021-03-20;86477
2021-03-19;"Nitriansky kraj";76;37115;101;37216;NA;92485;177;2021-03-19;86234
2021-03-18;"Nitriansky kraj";103;20051;113;20164;NA;92485;216;2021-03-18;86057
2021-03-17;"Nitriansky kraj";87;15832;127;15959;NA;92485;214;2021-03-17;85841
2021-03-16;"Nitriansky kraj";172;18085;121;18206;NA;92485;293;2021-03-16;85627
2021-03-15;"Nitriansky kraj";130;24491;165;24656;NA;92485;295;2021-03-15;85334
2021-03-14;"Nitriansky kraj";3;45758;107;45865;NA;92485;110;2021-03-14;85039
2021-03-13;"Nitriansky kraj";65;112081;241;112322;NA;92485;306;2021-03-13;84929
2021-03-12;"Nitriansky kraj";127;40776;159;40935;NA;92485;286;2021-03-12;84623
2021-03-11;"Nitriansky kraj";131;18685;130;18815;NA;92485;261;2021-03-11;84337
2021-03-10;"Nitriansky kraj";96;17422;143;17565;NA;92485;239;2021-03-10;84076
2021-03-09;"Nitriansky kraj";260;17645;149;17794;NA;92485;409;2021-03-09;83837
2021-03-08;"Nitriansky kraj";145;27214;172;27386;NA;92485;317;2021-03-08;83428
2021-03-07;"Nitriansky kraj";48;46867;185;47052;NA;92485;233;2021-03-07;83111
2021-03-06;"Nitriansky kraj";86;110858;326;111184;NA;92485;412;2021-03-06;82878
2021-03-05;"Nitriansky kraj";133;39068;200;39268;NA;92485;333;2021-03-05;82466
2021-03-04;"Nitriansky kraj";176;18206;173;18379;NA;92485;349;2021-03-04;82133
2021-03-03;"Nitriansky kraj";172;17210;177;17387;NA;92485;349;2021-03-03;81784
2021-03-02;"Nitriansky kraj";274;20999;366;21365;NA;92485;640;2021-03-02;81435
2021-03-01;"Nitriansky kraj";133;27881;279;28160;NA;92485;412;2021-03-01;80795
2021-02-28;"Nitriansky kraj";80;40866;218;41084;NA;92485;298;2021-02-28;80383
2021-02-27;"Nitriansky kraj";101;106352;496;106848;NA;92485;597;2021-02-27;80085
2021-02-26;"Nitriansky kraj";109;36722;306;37028;NA;92485;415;2021-02-26;79488
2021-02-25;"Nitriansky kraj";188;15235;212;15447;NA;92485;400;2021-02-25;79073
2021-02-24;"Nitriansky kraj";125;13833;260;14093;NA;92485;385;2021-02-24;78673
2021-02-23;"Nitriansky kraj";273;15402;273;15675;NA;92485;546;2021-02-23;78288
2021-02-22;"Nitriansky kraj";154;26466;330;26796;NA;92485;484;2021-02-22;77742
2021-02-21;"Nitriansky kraj";22;43657;320;43977;NA;92485;342;2021-02-21;77258
2021-02-20;"Nitriansky kraj";128;108304;584;108888;NA;92485;712;2021-02-20;76916
2021-02-19;"Nitriansky kraj";173;36849;328;37177;NA;92485;501;2021-02-19;76204
2021-02-18;"Nitriansky kraj";202;17051;275;17326;NA;92485;477;2021-02-18;75703
2021-02-17;"Nitriansky kraj";198;12080;310;12390;NA;92485;508;2021-02-17;75226
2021-02-16;"Nitriansky kraj";284;14477;282;14759;NA;92485;566;2021-02-16;74718
2021-02-15;"Nitriansky kraj";122;27620;471;28091;NA;92485;593;2021-02-15;74152
2021-02-14;"Nitriansky kraj";8;50408;318;50726;NA;92485;326;2021-02-14;73559
2021-02-13;"Nitriansky kraj";127;110035;689;110724;NA;92485;816;2021-02-13;73233
2021-02-12;"Nitriansky kraj";162;33400;407;33807;NA;92485;569;2021-02-12;72417
2021-02-11;"Nitriansky kraj";195;12406;270;12676;NA;92485;465;2021-02-11;71848
2021-02-10;"Nitriansky kraj";186;17632;644;18276;NA;92485;830;2021-02-10;71383
2021-02-09;"Nitriansky kraj";260;18523;385;18908;NA;92485;645;2021-02-09;70553
2021-02-08;"Nitriansky kraj";177;37534;569;38103;NA;92485;746;2021-02-08;69908
2021-02-07;"Nitriansky kraj";20;52307;513;52820;NA;92485;533;2021-02-07;69162
2021-02-06;"Nitriansky kraj";129;101942;765;102707;NA;92485;894;2021-02-06;68629
2021-02-05;"Nitriansky kraj";244;26144;491;26635;NA;92485;735;2021-02-05;67735
2021-02-04;"Nitriansky kraj";308;15681;512;16193;NA;92485;820;2021-02-04;67000
2021-02-03;"Nitriansky kraj";191;13468;382;13850;NA;92485;573;2021-02-03;66180
2021-02-02;"Nitriansky kraj";327;17878;382;18260;NA;92485;709;2021-02-02;65607
2021-02-01;"Nitriansky kraj";221;24049;460;24509;NA;92485;681;2021-02-01;64898
2021-01-31;"Nitriansky kraj";9;45339;496;45835;NA;92485;505;2021-01-31;64217
2021-01-30;"Nitriansky kraj";152;98142;1077;99219;NA;92485;1229;2021-01-30;63712
2021-01-29;"Nitriansky kraj";302;22461;477;22938;NA;92485;779;2021-01-29;62483
2021-01-28;"Nitriansky kraj";269;11370;398;11768;NA;92485;667;2021-01-28;61704
2021-01-27;"Nitriansky kraj";235;6760;299;7059;NA;92485;534;2021-01-27;61037
2021-01-26;"Nitriansky kraj";345;16045;454;16499;NA;92485;799;2021-01-26;60503
2021-01-25;"Nitriansky kraj";201;21729;429;22158;NA;92485;630;2021-01-25;59704
2021-01-24;"Nitriansky kraj";12;78775;889;79664;NA;92485;901;2021-01-24;59074
2021-01-23;"Nitriansky kraj";277;97395;1434;98829;NA;92485;1711;2021-01-23;58173
2021-01-22;"Nitriansky kraj";139;35826;619;36445;NA;92485;758;2021-01-22;56462
2021-01-21;"Nitriansky kraj";305;14649;412;15061;NA;92485;717;2021-01-21;55704
2021-01-20;"Nitriansky kraj";326;11991;625;12616;NA;92485;951;2021-01-20;54987
2021-01-19;"Nitriansky kraj";344;11022;633;11655;NA;92485;977;2021-01-19;54036
2021-01-18;"Nitriansky kraj";367;8902;520;9422;NA;92485;887;2021-01-18;53059
2021-01-17;"Nitriansky kraj";97;15061;275;15336;NA;92485;372;2021-01-17;52172
2021-01-16;"Nitriansky kraj";64;36838;679;37517;NA;92485;743;2021-01-16;51800
2021-01-15;"Nitriansky kraj";373;15940;474;16414;NA;92485;847;2021-01-15;51057
2021-01-14;"Nitriansky kraj";627;10577;452;11029;NA;92485;1079;2021-01-14;50210
2021-01-13;"Nitriansky kraj";663;9234;484;9718;NA;92485;1147;2021-01-13;49131
2021-01-12;"Nitriansky kraj";642;9014;557;9571;NA;92485;1199;2021-01-12;47984
2021-01-11;"Nitriansky kraj";422;8625;556;9181;NA;92485;978;2021-01-11;46785
2021-01-10;"Nitriansky kraj";44;19841;730;20571;NA;92485;774;2021-01-10;45807
2021-01-09;"Nitriansky kraj";532;36823;1071;37894;NA;92485;1603;2021-01-09;45033
2021-01-08;"Nitriansky kraj";817;14297;711;15008;NA;92485;1528;2021-01-08;43430
2021-01-07;"Nitriansky kraj";438;11046;858;11904;NA;92485;1296;2021-01-07;41902
2021-01-06;"Nitriansky kraj";259;3192;197;3389;NA;92485;456;2021-01-06;40606
2021-01-05;"Nitriansky kraj";732;8901;1202;10103;NA;92485;1934;2021-01-05;40150
2021-01-04;"Nitriansky kraj";362;8692;1329;10021;NA;92485;1691;2021-01-04;38216
2021-01-03;"Nitriansky kraj";42;84;20;104;NA;92485;62;2021-01-03;36525
2021-01-02;"Nitriansky kraj";249;1090;26;1116;NA;92485;275;2021-01-02;36463
2021-01-01;"Nitriansky kraj";119;781;95;876;NA;92485;214;2021-01-01;36188
2020-12-31;"Nitriansky kraj";786;7646;962;8608;NA;92485;1748;2020-12-31;35974
2020-12-30;"Nitriansky kraj";1094;9619;1165;10784;NA;92485;2259;2020-12-30;34226
2020-12-29;"Nitriansky kraj";607;8277;1286;9563;NA;92485;1893;2020-12-29;31967
2020-12-28;"Nitriansky kraj";83;6981;1271;8252;NA;92485;1354;2020-12-28;30074
2020-12-27;"Nitriansky kraj";22;60;8;68;NA;92485;30;2020-12-27;28720
2020-12-26;"Nitriansky kraj";54;297;56;353;NA;92485;110;2020-12-26;28690
2020-12-25;"Nitriansky kraj";35;60;11;71;NA;92485;46;2020-12-25;28580
2020-12-24;"Nitriansky kraj";514;1861;176;2037;NA;92485;690;2020-12-24;28534
2020-12-23;"Nitriansky kraj";349;15295;843;16138;NA;92485;1192;2020-12-23;27844
2020-12-22;"Nitriansky kraj";673;10989;994;11983;NA;92485;1667;2020-12-22;26652
2020-12-21;"Nitriansky kraj";128;7953;976;8929;NA;92485;1104;2020-12-21;24985
2020-12-20;"Nitriansky kraj";77;50;10;60;NA;92485;87;2020-12-20;23881
2020-12-19;"Nitriansky kraj";262;2259;159;2418;NA;92485;421;2020-12-19;23794
2020-12-18;"Nitriansky kraj";512;8437;551;8988;NA;92485;1063;2020-12-18;23373
2020-12-17;"Nitriansky kraj";586;6894;514;7408;NA;92485;1100;2020-12-17;22310
2020-12-16;"Nitriansky kraj";357;8785;546;9331;NA;92485;903;2020-12-16;21210
2020-12-15;"Nitriansky kraj";461;9365;769;10134;NA;92485;1230;2020-12-15;20307
2020-12-14;"Nitriansky kraj";217;8089;827;8916;NA;92485;1044;2020-12-14;19077
2020-12-13;"Nitriansky kraj";12;69;6;75;NA;92485;18;2020-12-13;18033
2020-12-12;"Nitriansky kraj";341;1832;125;1957;NA;92485;466;2020-12-12;18015
2020-12-11;"Nitriansky kraj";409;5431;416;5847;NA;92485;825;2020-12-11;17549
2020-12-10;"Nitriansky kraj";360;5473;351;5824;NA;92485;711;2020-12-10;16724
2020-12-09;"Nitriansky kraj";362;5506;529;6035;NA;92485;891;2020-12-09;16013
2020-12-08;"Nitriansky kraj";340;8168;548;8716;NA;92485;888;2020-12-08;15122
2020-12-07;"Nitriansky kraj";139;6243;573;6816;NA;92485;712;2020-12-07;14234
2020-12-06;"Nitriansky kraj";15;89;4;93;NA;92485;19;2020-12-06;13522
2020-12-05;"Nitriansky kraj";136;1388;19;1407;NA;92485;155;2020-12-05;13503
2020-12-04;"Nitriansky kraj";232;2884;74;2958;NA;92485;306;2020-12-04;13348
2020-12-03;"Nitriansky kraj";248;2471;110;2581;NA;92485;358;2020-12-03;13042
2020-12-02;"Nitriansky kraj";252;3733;163;3896;NA;92485;415;2020-12-02;12684
2020-12-01;"Nitriansky kraj";331;2891;131;3022;NA;92485;462;2020-12-01;12269
2020-11-30;"Nitriansky kraj";91;4228;188;4416;NA;92485;279;2020-11-30;11807
2020-11-29;"Nitriansky kraj";3;634;42;676;NA;92485;45;2020-11-29;11528
2020-11-28;"Nitriansky kraj";135;892;31;923;NA;92485;166;2020-11-28;11483
2020-11-27;"Nitriansky kraj";177;2069;73;2142;NA;92485;250;2020-11-27;11317
2020-11-26;"Nitriansky kraj";191;2813;80;2893;NA;92485;271;2020-11-26;11067
2020-11-25;"Nitriansky kraj";325;2478;91;2569;NA;92485;416;2020-11-25;10796
2020-11-24;"Nitriansky kraj";147;1641;64;1705;NA;92485;211;2020-11-24;10380
2020-11-23;"Nitriansky kraj";102;9891;212;10103;NA;92485;314;2020-11-23;10169
2020-11-22;"Nitriansky kraj";7;1176;25;1201;NA;92485;32;2020-11-22;9855
2020-11-21;"Nitriansky kraj";86;1083;38;1121;NA;92485;124;2020-11-21;9823
2020-11-20;"Nitriansky kraj";264;4180;103;4283;NA;92485;367;2020-11-20;9699
2020-11-19;"Nitriansky kraj";185;3065;134;3199;NA;92485;319;2020-11-19;9332
2020-11-18;"Nitriansky kraj";188;2214;79;2293;NA;92485;267;2020-11-18;9013
2020-11-17;"Nitriansky kraj";178;596;29;625;NA;92485;207;2020-11-17;8746
2020-11-16;"Nitriansky kraj";139;1877;75;1952;NA;92485;214;2020-11-16;8539
2020-11-15;"Nitriansky kraj";14;180;5;185;NA;92485;19;2020-11-15;8325
2020-11-14;"Nitriansky kraj";114;1131;32;1163;NA;92485;146;2020-11-14;8306
2020-11-13;"Nitriansky kraj";210;936;46;982;NA;92485;256;2020-11-13;8160
2020-11-12;"Nitriansky kraj";256;1195;35;1230;NA;92485;291;2020-11-12;7904
2020-11-11;"Nitriansky kraj";279;1247;22;1269;NA;92485;301;2020-11-11;7613
2020-11-10;"Nitriansky kraj";192;2623;39;2662;NA;92485;231;2020-11-10;7312
2020-11-09;"Nitriansky kraj";128;3136;43;3179;NA;92485;171;2020-11-09;7081
2020-11-08;"Nitriansky kraj";43;1462;32;1494;NA;92485;75;2020-11-08;6910
2020-11-07;"Nitriansky kraj";130;1046;4;1050;NA;92485;134;2020-11-07;6835
2020-11-06;"Nitriansky kraj";210;2264;32;2296;NA;92485;242;2020-11-06;6701
2020-11-05;"Nitriansky kraj";178;313;14;327;NA;92485;192;2020-11-05;6459
2020-11-04;"Nitriansky kraj";211;297;16;313;NA;92485;227;2020-11-04;6267
2020-11-03;"Nitriansky kraj";216;435;25;460;NA;92485;241;2020-11-03;6040
2020-11-02;"Nitriansky kraj";171;4208;46;4254;NA;92485;217;2020-11-02;5799
2020-11-01;"Nitriansky kraj";130;2546;27;2573;NA;92485;157;2020-11-01;5582
2020-10-31;"Nitriansky kraj";261;10466;134;10600;NA;92485;395;2020-10-31;5425
2020-10-30;"Nitriansky kraj";204;2593;42;2635;NA;92485;246;2020-10-30;5030
2020-10-29;"Nitriansky kraj";293;841;39;880;NA;92485;332;2020-10-29;4784
2020-10-28;"Nitriansky kraj";216;608;59;667;NA;92485;275;2020-10-28;4452
2020-10-27;"Nitriansky kraj";296;550;47;597;NA;92485;343;2020-10-27;4177
2020-10-26;"Nitriansky kraj";69;633;56;689;NA;92485;125;2020-10-26;3834
2020-10-25;"Nitriansky kraj";50;62;8;70;NA;92485;58;2020-10-25;3709
2020-10-24;"Nitriansky kraj";169;237;11;248;NA;92485;180;2020-10-24;3651
2020-10-23;"Nitriansky kraj";282;762;41;803;NA;92485;323;2020-10-23;3471
2020-10-22;"Nitriansky kraj";137;444;39;483;NA;92485;176;2020-10-22;3148
2020-10-21;"Nitriansky kraj";146;208;3;211;NA;92485;149;2020-10-21;2972
2020-10-20;"Nitriansky kraj";197;78;6;84;NA;92485;203;2020-10-20;2823
2020-10-19;"Nitriansky kraj";148;79;1;80;NA;92485;149;2020-10-19;2620
2020-10-18;"Nitriansky kraj";22;0;0;0;NA;92485;22;2020-10-18;2471
2020-10-17;"Nitriansky kraj";67;0;0;0;NA;92485;67;2020-10-17;2449
2020-10-16;"Nitriansky kraj";133;28;3;31;NA;92485;136;2020-10-16;2382
2020-10-15;"Nitriansky kraj";106;31;2;33;NA;92485;108;2020-10-15;2246
2020-10-14;"Nitriansky kraj";80;22;4;26;NA;92485;84;2020-10-14;2138
2020-10-13;"Nitriansky kraj";101;82;2;84;NA;92485;103;2020-10-13;2054
2020-10-12;"Nitriansky kraj";36;0;0;0;NA;92485;36;2020-10-12;1951
2020-10-11;"Nitriansky kraj";8;0;0;0;NA;92485;8;2020-10-11;1915
2020-10-10;"Nitriansky kraj";107;0;0;0;NA;92485;107;2020-10-10;1907
2020-10-09;"Nitriansky kraj";120;0;0;0;NA;92485;120;2020-10-09;1800
2020-10-08;"Nitriansky kraj";132;0;0;0;NA;92485;132;2020-10-08;1680
2020-10-07;"Nitriansky kraj";81;0;0;0;NA;92485;81;2020-10-07;1548
2020-10-06;"Nitriansky kraj";48;0;0;0;NA;92485;48;2020-10-06;1467
2020-10-05;"Nitriansky kraj";20;0;0;0;NA;92485;20;2020-10-05;1419
2020-10-04;"Nitriansky kraj";17;0;0;0;NA;92485;17;2020-10-04;1399
2020-10-03;"Nitriansky kraj";96;0;0;0;NA;92485;96;2020-10-03;1382
2020-10-02;"Nitriansky kraj";108;0;0;0;NA;92485;108;2020-10-02;1286
2020-10-01;"Nitriansky kraj";95;0;0;0;NA;92485;95;2020-10-01;1178
2020-09-30;"Nitriansky kraj";100;0;0;0;NA;92485;100;2020-09-30;1083
2020-09-29;"Nitriansky kraj";50;0;0;0;NA;92485;50;2020-09-29;983
2020-09-28;"Nitriansky kraj";22;0;0;0;NA;92485;22;2020-09-28;933
2020-09-27;"Nitriansky kraj";16;0;0;0;NA;92485;16;2020-09-27;911
2020-09-26;"Nitriansky kraj";64;0;0;0;NA;92485;64;2020-09-26;895
2020-09-25;"Nitriansky kraj";90;0;0;0;NA;92485;90;2020-09-25;831
2020-09-24;"Nitriansky kraj";51;0;0;0;NA;92485;51;2020-09-24;741
2020-09-23;"Nitriansky kraj";70;0;0;0;NA;92485;70;2020-09-23;690
2020-09-22;"Nitriansky kraj";18;0;0;0;NA;92485;18;2020-09-22;620
2020-09-21;"Nitriansky kraj";10;0;0;0;NA;92485;10;2020-09-21;602
2020-09-20;"Nitriansky kraj";4;0;0;0;NA;92485;4;2020-09-20;592
2020-09-19;"Nitriansky kraj";14;0;0;0;NA;92485;14;2020-09-19;588
2020-09-18;"Nitriansky kraj";19;0;0;0;NA;92485;19;2020-09-18;574
2020-09-17;"Nitriansky kraj";30;0;0;0;NA;92485;30;2020-09-17;555
2020-09-16;"Nitriansky kraj";6;0;0;0;NA;92485;6;2020-09-16;525
2020-09-15;"Nitriansky kraj";19;0;0;0;NA;92485;19;2020-09-15;519
2020-09-14;"Nitriansky kraj";28;0;0;0;NA;92485;28;2020-09-14;500
2020-09-13;"Nitriansky kraj";3;0;0;0;NA;92485;3;2020-09-13;472
2020-09-12;"Nitriansky kraj";12;0;0;0;NA;92485;12;2020-09-12;469
2020-09-11;"Nitriansky kraj";23;0;0;0;NA;92485;23;2020-09-11;457
2020-09-10;"Nitriansky kraj";29;0;0;0;NA;92485;29;2020-09-10;434
2020-09-09;"Nitriansky kraj";19;0;0;0;NA;92485;19;2020-09-09;405
2020-09-08;"Nitriansky kraj";17;0;0;0;NA;92485;17;2020-09-08;386
2020-09-07;"Nitriansky kraj";17;0;0;0;NA;92485;17;2020-09-07;369
2020-09-06;"Nitriansky kraj";0;0;0;0;NA;92485;0;2020-09-06;352
2020-09-05;"Nitriansky kraj";22;0;0;0;NA;92485;22;2020-09-05;352
2020-09-04;"Nitriansky kraj";34;0;0;0;NA;92485;34;2020-09-04;330
2020-09-03;"Nitriansky kraj";15;0;0;0;NA;92485;15;2020-09-03;296
2020-09-02;"Nitriansky kraj";15;0;0;0;NA;92485;15;2020-09-02;281
2020-09-01;"Nitriansky kraj";2;0;0;0;NA;92485;2;2020-09-01;266
2020-08-31;"Nitriansky kraj";12;0;0;0;NA;92485;12;2020-08-31;264
2020-08-30;"Nitriansky kraj";1;0;0;0;NA;92485;1;2020-08-30;252
2020-08-29;"Nitriansky kraj";7;0;0;0;NA;92485;7;2020-08-29;251
2020-08-28;"Nitriansky kraj";12;0;0;0;NA;92485;12;2020-08-28;244
2020-08-27;"Nitriansky kraj";12;0;0;0;NA;92485;12;2020-08-27;232
2020-08-26;"Nitriansky kraj";4;0;0;0;NA;92485;4;2020-08-26;220
2020-08-25;"Nitriansky kraj";8;0;0;0;NA;92485;8;2020-08-25;216
2020-08-24;"Nitriansky kraj";1;0;0;0;NA;92485;1;2020-08-24;208
2020-08-23;"Nitriansky kraj";1;0;0;0;NA;92485;1;2020-08-23;207
2020-08-22;"Nitriansky kraj";2;0;0;0;NA;92485;2;2020-08-22;206
2020-08-21;"Nitriansky kraj";0;0;0;0;NA;92485;0;2020-08-21;204
2020-08-20;"Nitriansky kraj";7;0;0;0;NA;92485;7;2020-08-20;204
2020-08-19;"Nitriansky kraj";1;0;0;0;NA;92485;1;2020-08-19;197
2020-08-18;"Nitriansky kraj";2;0;0;0;NA;92485;2;2020-08-18;196
2020-08-17;"Nitriansky kraj";1;0;0;0;NA;92485;1;2020-08-17;194
2020-08-16;"Nitriansky kraj";0;0;0;0;NA;92485;0;2020-08-16;193
2020-08-15;"Nitriansky kraj";2;0;0;0;NA;92485;2;2020-08-15;193
2020-08-14;"Nitriansky kraj";1;0;0;0;NA;92485;1;2020-08-14;191
2020-08-13;"Nitriansky kraj";4;0;0;0;NA;92485;4;2020-08-13;190
2020-08-12;"Nitriansky kraj";0;0;0;0;NA;92485;0;2020-08-12;186
2020-08-11;"Nitriansky kraj";1;0;0;0;NA;92485;1;2020-08-11;186
2020-08-10;"Nitriansky kraj";0;0;0;0;NA;92485;0;2020-08-10;185
2020-08-09;"Nitriansky kraj";0;0;0;0;NA;92485;0;2020-08-09;185
2020-08-08;"Nitriansky kraj";0;0;0;0;NA;92485;0;2020-08-08;185
2020-08-07;"Nitriansky kraj";4;0;0;0;NA;92485;4;2020-08-07;185
2020-08-06;"Nitriansky kraj";4;0;0;0;NA;92485;4;2020-08-06;181
2020-08-05;"Nitriansky kraj";0;0;0;0;NA;92485;0;2020-08-05;177
2020-08-04;"Nitriansky kraj";7;0;0;0;NA;92485;7;2020-08-04;177
2020-08-03;"Nitriansky kraj";0;0;0;0;NA;92485;0;2020-08-03;170
2020-08-02;"Nitriansky kraj";0;0;0;0;NA;92485;0;2020-08-02;170
2020-08-01;"Nitriansky kraj";0;0;0;0;NA;92485;0;2020-08-01;170
2020-07-31;"Nitriansky kraj";0;0;0;0;NA;92485;0;2020-07-31;170
2020-07-30;"Nitriansky kraj";0;0;0;0;NA;92485;0;2020-07-30;170
2020-07-29;"Nitriansky kraj";0;0;0;0;NA;92485;0;2020-07-29;170
2020-07-28;"Nitriansky kraj";0;0;0;0;NA;92485;0;2020-07-28;170
2020-07-27;"Nitriansky kraj";0;0;0;0;NA;92485;0;2020-07-27;170
2020-07-26;"Nitriansky kraj";0;0;0;0;NA;92485;0;2020-07-26;170
2020-07-25;"Nitriansky kraj";0;0;0;0;NA;92485;0;2020-07-25;170
2020-07-24;"Nitriansky kraj";1;0;0;0;NA;92485;1;2020-07-24;170
2020-07-23;"Nitriansky kraj";3;0;0;0;NA;92485;3;2020-07-23;169
2020-07-22;"Nitriansky kraj";2;0;0;0;NA;92485;2;2020-07-22;166
2020-07-21;"Nitriansky kraj";14;0;0;0;NA;92485;14;2020-07-21;164
2020-07-20;"Nitriansky kraj";11;0;0;0;NA;92485;11;2020-07-20;150
2020-07-19;"Nitriansky kraj";0;0;0;0;NA;92485;0;2020-07-19;139
2020-07-18;"Nitriansky kraj";0;0;0;0;NA;92485;0;2020-07-18;139
2020-07-17;"Nitriansky kraj";0;0;0;0;NA;92485;0;2020-07-17;139
2020-07-16;"Nitriansky kraj";4;0;0;0;NA;92485;4;2020-07-16;139
2020-07-15;"Nitriansky kraj";5;0;0;0;NA;92485;5;2020-07-15;135
2020-07-14;"Nitriansky kraj";0;0;0;0;NA;92485;0;2020-07-14;130
2020-07-13;"Nitriansky kraj";0;0;0;0;NA;92485;0;2020-07-13;130
2020-07-12;"Nitriansky kraj";0;0;0;0;NA;92485;0;2020-07-12;130
2020-07-11;"Nitriansky kraj";0;0;0;0;NA;92485;0;2020-07-11;130
2020-07-10;"Nitriansky kraj";0;0;0;0;NA;92485;0;2020-07-10;130
2020-07-09;"Nitriansky kraj";1;0;0;0;NA;92485;1;2020-07-09;130
2020-07-08;"Nitriansky kraj";2;0;0;0;NA;92485;2;2020-07-08;129
2020-07-07;"Nitriansky kraj";0;0;0;0;NA;92485;0;2020-07-07;127
2020-07-06;"Nitriansky kraj";0;0;0;0;NA;92485;0;2020-07-06;127
2020-07-05;"Nitriansky kraj";0;0;0;0;NA;92485;0;2020-07-05;127
2020-07-04;"Nitriansky kraj";0;0;0;0;NA;92485;0;2020-07-04;127
2020-07-03;"Nitriansky kraj";0;0;0;0;NA;92485;0;2020-07-03;127
2020-07-02;"Nitriansky kraj";0;0;0;0;NA;92485;0;2020-07-02;127
2020-07-01;"Nitriansky kraj";3;0;0;0;NA;92485;3;2020-07-01;127
2020-06-30;"Nitriansky kraj";0;0;0;0;NA;92485;0;2020-06-30;124
2020-06-29;"Nitriansky kraj";0;0;0;0;NA;92485;0;2020-06-29;124
2020-06-28;"Nitriansky kraj";0;0;0;0;NA;92485;0;2020-06-28;124
2020-06-27;"Nitriansky kraj";0;0;0;0;NA;92485;0;2020-06-27;124
2020-06-26;"Nitriansky kraj";0;0;0;0;NA;92485;0;2020-06-26;124
2020-06-25;"Nitriansky kraj";0;0;0;0;NA;92485;0;2020-06-25;124
2020-06-24;"Nitriansky kraj";1;0;0;0;NA;92485;1;2020-06-24;124
2020-06-23;"Nitriansky kraj";0;0;0;0;NA;92485;0;2020-06-23;123
2020-06-22;"Nitriansky kraj";0;0;0;0;NA;92485;0;2020-06-22;123
2020-06-21;"Nitriansky kraj";0;0;0;0;NA;92485;0;2020-06-21;123
2020-06-20;"Nitriansky kraj";0;0;0;0;NA;92485;0;2020-06-20;123
2020-06-19;"Nitriansky kraj";0;0;0;0;NA;92485;0;2020-06-19;123
2020-06-18;"Nitriansky kraj";0;0;0;0;NA;92485;0;2020-06-18;123
2020-06-17;"Nitriansky kraj";0;0;0;0;NA;92485;0;2020-06-17;123
2020-06-16;"Nitriansky kraj";0;0;0;0;NA;92485;0;2020-06-16;123
2020-06-14;"Nitriansky kraj";0;0;0;0;NA;92485;0;2020-06-14;123
2020-06-13;"Nitriansky kraj";0;0;0;0;NA;92485;0;2020-06-13;123
2020-06-12;"Nitriansky kraj";0;0;0;0;NA;92485;0;2020-06-12;123
2020-06-11;"Nitriansky kraj";0;0;0;0;NA;92485;0;2020-06-11;123
2020-06-10;"Nitriansky kraj";1;0;0;0;NA;92485;1;2020-06-10;123
2020-06-09;"Nitriansky kraj";1;0;0;0;NA;92485;1;2020-06-09;122
2020-06-08;"Nitriansky kraj";0;0;0;0;NA;92485;0;2020-06-08;121
2020-06-07;"Nitriansky kraj";0;0;0;0;NA;92485;0;2020-06-07;121
2020-06-05;"Nitriansky kraj";0;0;0;0;NA;92485;0;2020-06-05;121
2020-06-03;"Nitriansky kraj";0;0;0;0;NA;92485;0;2020-06-03;121
2020-06-02;"Nitriansky kraj";1;0;0;0;NA;92485;1;2020-06-02;121
2020-05-31;"Nitriansky kraj";0;0;0;0;NA;92485;0;2020-05-31;120
2020-05-29;"Nitriansky kraj";0;0;0;0;NA;92485;0;2020-05-29;120
2020-05-27;"Nitriansky kraj";0;0;0;0;NA;92485;0;2020-05-27;120
2020-05-26;"Nitriansky kraj";0;0;0;0;NA;92485;0;2020-05-26;120
2020-05-25;"Nitriansky kraj";0;0;0;0;NA;92485;0;2020-05-25;120
2020-05-24;"Nitriansky kraj";2;0;0;0;NA;92485;2;2020-05-24;120
2020-05-23;"Nitriansky kraj";0;0;0;0;NA;92485;0;2020-05-23;118
2020-05-22;"Nitriansky kraj";1;0;0;0;NA;92485;1;2020-05-22;118
2020-05-21;"Nitriansky kraj";0;0;0;0;NA;92485;0;2020-05-21;117
2020-05-20;"Nitriansky kraj";0;0;0;0;NA;92485;0;2020-05-20;117
2020-05-19;"Nitriansky kraj";0;0;0;0;NA;92485;0;2020-05-19;117
2020-05-17;"Nitriansky kraj";0;0;0;0;NA;92485;0;2020-05-17;117
2020-05-16;"Nitriansky kraj";0;0;0;0;NA;92485;0;2020-05-16;117
2020-05-15;"Nitriansky kraj";1;0;0;0;NA;92485;1;2020-05-15;117
2020-05-14;"Nitriansky kraj";0;0;0;0;NA;92485;0;2020-05-14;116
2020-05-13;"Nitriansky kraj";0;0;0;0;NA;92485;0;2020-05-13;116
2020-05-12;"Nitriansky kraj";0;0;0;0;NA;92485;0;2020-05-12;116
2020-05-11;"Nitriansky kraj";2;0;0;0;NA;92485;2;2020-05-11;116
2020-05-09;"Nitriansky kraj";0;0;0;0;NA;92485;0;2020-05-09;114
2020-05-07;"Nitriansky kraj";1;0;0;0;NA;92485;1;2020-05-07;114
2020-05-06;"Nitriansky kraj";9;0;0;0;NA;92485;9;2020-05-06;113
2020-05-05;"Nitriansky kraj";0;0;0;0;NA;92485;0;2020-05-05;104
2020-05-04;"Nitriansky kraj";5;0;0;0;NA;92485;5;2020-05-04;104
2020-05-03;"Nitriansky kraj";2;0;0;0;NA;92485;2;2020-05-03;99
2020-05-02;"Nitriansky kraj";0;0;0;0;NA;92485;0;2020-05-02;97
2020-05-01;"Nitriansky kraj";1;0;0;0;NA;92485;1;2020-05-01;97
2020-04-30;"Nitriansky kraj";0;0;0;0;NA;92485;0;2020-04-30;96
2020-04-29;"Nitriansky kraj";0;0;0;0;NA;92485;0;2020-04-29;96
2020-04-28;"Nitriansky kraj";1;0;0;0;NA;92485;1;2020-04-28;96
2020-04-27;"Nitriansky kraj";0;0;0;0;NA;92485;0;2020-04-27;95
2020-04-26;"Nitriansky kraj";0;0;0;0;NA;92485;0;2020-04-26;95
2020-04-25;"Nitriansky kraj";0;0;0;0;NA;92485;0;2020-04-25;95
2020-04-24;"Nitriansky kraj";0;0;0;0;NA;92485;0;2020-04-24;95
2020-04-23;"Nitriansky kraj";3;0;0;0;NA;92485;3;2020-04-23;95
2020-04-22;"Nitriansky kraj";16;0;0;0;NA;92485;16;2020-04-22;92
2020-04-21;"Nitriansky kraj";6;0;0;0;NA;92485;6;2020-04-21;76
2020-04-20;"Nitriansky kraj";5;0;0;0;NA;92485;5;2020-04-20;70
2020-04-19;"Nitriansky kraj";0;0;0;0;NA;92485;0;2020-04-19;65
2020-04-18;"Nitriansky kraj";0;0;0;0;NA;92485;0;2020-04-18;65
2020-04-17;"Nitriansky kraj";7;0;0;0;NA;92485;7;2020-04-17;65
2020-04-16;"Nitriansky kraj";0;0;0;0;NA;92485;0;2020-04-16;58
2020-04-15;"Nitriansky kraj";6;0;0;0;NA;92485;6;2020-04-15;58
2020-04-14;"Nitriansky kraj";2;0;0;0;NA;92485;2;2020-04-14;52
2020-04-13;"Nitriansky kraj";1;0;0;0;NA;92485;1;2020-04-13;50
2020-04-12;"Nitriansky kraj";3;0;0;0;NA;92485;3;2020-04-12;49
2020-04-11;"Nitriansky kraj";1;0;0;0;NA;92485;1;2020-04-11;46
2020-04-10;"Nitriansky kraj";1;0;0;0;NA;92485;1;2020-04-10;45
2020-04-09;"Nitriansky kraj";0;0;0;0;NA;92485;0;2020-04-09;44
2020-04-08;"Nitriansky kraj";2;0;0;0;NA;92485;2;2020-04-08;44
2020-04-07;"Nitriansky kraj";3;0;0;0;NA;92485;3;2020-04-07;42
2020-04-06;"Nitriansky kraj";4;0;0;0;NA;92485;4;2020-04-06;39
2020-04-05;"Nitriansky kraj";5;0;0;0;NA;92485;5;2020-04-05;35
2020-04-04;"Nitriansky kraj";0;0;0;0;NA;92485;0;2020-04-04;30
2020-04-03;"Nitriansky kraj";0;0;0;0;NA;92485;0;2020-04-03;30
2020-04-02;"Nitriansky kraj";1;0;0;0;NA;92485;1;2020-04-02;30
2020-04-01;"Nitriansky kraj";0;0;0;0;NA;92485;0;2020-04-01;29
2020-03-31;"Nitriansky kraj";3;0;0;0;NA;92485;3;2020-03-31;29
2020-03-30;"Nitriansky kraj";3;0;0;0;NA;92485;3;2020-03-30;26
2020-03-29;"Nitriansky kraj";3;0;0;0;NA;92485;3;2020-03-29;23
2020-03-28;"Nitriansky kraj";1;0;0;0;NA;92485;1;2020-03-28;20
2020-03-27;"Nitriansky kraj";1;0;0;0;NA;92485;1;2020-03-27;19
2020-03-26;"Nitriansky kraj";1;0;0;0;NA;92485;1;2020-03-26;18
2020-03-25;"Nitriansky kraj";1;0;0;0;NA;92485;1;2020-03-25;17
2020-03-24;"Nitriansky kraj";0;0;0;0;NA;92485;0;2020-03-24;16
2020-03-23;"Nitriansky kraj";2;0;0;0;NA;92485;2;2020-03-23;16
2020-03-22;"Nitriansky kraj";2;0;0;0;NA;92485;2;2020-03-22;14
2020-03-21;"Nitriansky kraj";2;0;0;0;NA;92485;2;2020-03-21;12
2020-03-20;"Nitriansky kraj";1;0;0;0;NA;92485;1;2020-03-20;10
2020-03-19;"Nitriansky kraj";1;0;0;0;NA;92485;1;2020-03-19;9
2020-03-18;"Nitriansky kraj";2;0;0;0;NA;92485;2;2020-03-18;8
2020-03-17;"Nitriansky kraj";1;0;0;0;NA;92485;1;2020-03-17;6
2020-03-16;"Nitriansky kraj";0;0;0;0;NA;92485;0;2020-03-16;5
2020-03-15;"Nitriansky kraj";4;0;0;0;NA;92485;4;2020-03-15;5
2020-03-14;"Nitriansky kraj";1;0;0;0;NA;92485;1;2020-03-14;1
2020-03-13;"Nitriansky kraj";0;0;0;0;NA;92485;0;2020-03-13;0
2020-03-12;"Nitriansky kraj";0;0;0;0;NA;92485;0;2020-03-12;0
2020-03-11;"Nitriansky kraj";0;0;0;0;NA;92485;0;2020-03-11;0
2020-03-09;"Nitriansky kraj";0;0;0;0;NA;92485;0;2020-03-09;0
2020-03-08;"Nitriansky kraj";0;0;0;0;NA;92485;0;2020-03-08;0
2020-03-07;"Nitriansky kraj";0;0;0;0;NA;92485;0;2020-03-07;0
2020-03-06;"Nitriansky kraj";0;0;0;0;NA;92485;0;2020-03-06;0
2021-05-30;"Prešovský kraj";2;8938;12;8950;59713;113219;14;2021-05-30;113219
2021-05-29;"Prešovský kraj";23;12234;24;12258;NA;113219;47;2021-05-29;113205
2021-05-28;"Prešovský kraj";30;11833;16;11849;NA;113219;46;2021-05-28;113158
2021-05-27;"Prešovský kraj";16;7601;37;7638;NA;113219;53;2021-05-27;113112
2021-05-26;"Prešovský kraj";32;8138;23;8161;NA;113219;55;2021-05-26;113059
2021-05-25;"Prešovský kraj";38;8688;20;8708;NA;113219;58;2021-05-25;113004
2021-05-24;"Prešovský kraj";17;13297;37;13334;NA;113219;54;2021-05-24;112946
2021-05-23;"Prešovský kraj";3;11933;20;11953;NA;113219;23;2021-05-23;112892
2021-05-22;"Prešovský kraj";11;14300;44;14344;NA;113219;55;2021-05-22;112869
2021-05-21;"Prešovský kraj";44;13890;24;13914;NA;113219;68;2021-05-21;112814
2021-05-20;"Prešovský kraj";13;9378;29;9407;NA;113219;42;2021-05-20;112746
2021-05-19;"Prešovský kraj";60;10722;36;10758;NA;113219;96;2021-05-19;112704
2021-05-18;"Prešovský kraj";44;9058;27;9085;NA;113219;71;2021-05-18;112608
2021-05-17;"Prešovský kraj";60;12842;47;12889;NA;113219;107;2021-05-17;112537
2021-05-16;"Prešovský kraj";20;16128;66;16194;NA;113219;86;2021-05-16;112430
2021-05-15;"Prešovský kraj";20;24876;83;24959;NA;113219;103;2021-05-15;112344
2021-05-14;"Prešovský kraj";49;18548;68;18616;NA;113219;117;2021-05-14;112241
2021-05-13;"Prešovský kraj";54;10988;71;11059;NA;113219;125;2021-05-13;112124
2021-05-12;"Prešovský kraj";59;10917;40;10957;NA;113219;99;2021-05-12;111999
2021-05-11;"Prešovský kraj";61;10632;47;10679;NA;113219;108;2021-05-11;111900
2021-05-10;"Prešovský kraj";79;16190;69;16259;NA;113219;148;2021-05-10;111792
2021-05-09;"Prešovský kraj";54;21105;82;21187;NA;113219;136;2021-05-09;111644
2021-05-08;"Prešovský kraj";39;22886;51;22937;NA;113219;90;2021-05-08;111508
2021-05-07;"Prešovský kraj";81;23540;66;23606;NA;113219;147;2021-05-07;111418
2021-05-06;"Prešovský kraj";107;12833;66;12899;NA;113219;173;2021-05-06;111271
2021-05-05;"Prešovský kraj";60;12808;79;12887;NA;113219;139;2021-05-05;111098
2021-05-04;"Prešovský kraj";203;13191;67;13258;NA;113219;270;2021-05-04;110959
2021-05-03;"Prešovský kraj";68;18435;109;18544;NA;113219;177;2021-05-03;110689
2021-05-02;"Prešovský kraj";29;36175;102;36277;NA;113219;131;2021-05-02;110512
2021-05-01;"Prešovský kraj";70;56652;183;56835;NA;113219;253;2021-05-01;110381
2021-04-30;"Prešovský kraj";135;39710;118;39828;NA;113219;253;2021-04-30;110128
2021-04-29;"Prešovský kraj";110;16585;97;16682;NA;113219;207;2021-04-29;109875
2021-04-28;"Prešovský kraj";122;18671;89;18760;NA;113219;211;2021-04-28;109668
2021-04-27;"Prešovský kraj";154;19984;120;20104;NA;113219;274;2021-04-27;109457
2021-04-26;"Prešovský kraj";99;27120;123;27243;NA;113219;222;2021-04-26;109183
2021-04-25;"Prešovský kraj";9;52257;155;52412;NA;113219;164;2021-04-25;108961
2021-04-24;"Prešovský kraj";61;85301;243;85544;NA;113219;304;2021-04-24;108797
2021-04-23;"Prešovský kraj";171;40362;137;40499;NA;113219;308;2021-04-23;108493
2021-04-22;"Prešovský kraj";86;18104;125;18229;NA;113219;211;2021-04-22;108185
2021-04-21;"Prešovský kraj";144;21548;139;21687;NA;113219;283;2021-04-21;107974
2021-04-20;"Prešovský kraj";115;23345;127;23472;NA;113219;242;2021-04-20;107691
2021-04-19;"Prešovský kraj";106;29131;145;29276;NA;113219;251;2021-04-19;107449
2021-04-18;"Prešovský kraj";4;51540;129;51669;NA;113219;133;2021-04-18;107198
2021-04-17;"Prešovský kraj";119;97970;238;98208;NA;113219;357;2021-04-17;107065
2021-04-16;"Prešovský kraj";135;40983;146;41129;NA;113219;281;2021-04-16;106708
2021-04-15;"Prešovský kraj";112;20178;136;20314;NA;113219;248;2021-04-15;106427
2021-04-14;"Prešovský kraj";199;23331;130;23461;NA;113219;329;2021-04-14;106179
2021-04-13;"Prešovský kraj";180;23907;116;24023;NA;113219;296;2021-04-13;105850
2021-04-12;"Prešovský kraj";172;30152;175;30327;NA;113219;347;2021-04-12;105554
2021-04-11;"Prešovský kraj";11;49807;187;49994;NA;113219;198;2021-04-11;105207
2021-04-10;"Prešovský kraj";94;90181;297;90478;NA;113219;391;2021-04-10;105009
2021-04-09;"Prešovský kraj";255;37163;200;37363;NA;113219;455;2021-04-09;104618
2021-04-08;"Prešovský kraj";192;18891;157;19048;NA;113219;349;2021-04-08;104163
2021-04-07;"Prešovský kraj";314;27797;154;27951;NA;113219;468;2021-04-07;103814
2021-04-06;"Prešovský kraj";231;41702;268;41970;NA;113219;499;2021-04-06;103346
2021-04-05;"Prešovský kraj";54;18454;132;18586;NA;113219;186;2021-04-05;102847
2021-04-04;"Prešovský kraj";31;18569;91;18660;NA;113219;122;2021-04-04;102661
2021-04-03;"Prešovský kraj";104;90608;317;90925;NA;113219;421;2021-04-03;102539
2021-04-02;"Prešovský kraj";194;23381;134;23515;NA;113219;328;2021-04-02;102118
2021-04-01;"Prešovský kraj";256;42824;195;43019;NA;113219;451;2021-04-01;101790
2021-03-31;"Prešovský kraj";311;30160;227;30387;NA;113219;538;2021-03-31;101339
2021-03-30;"Prešovský kraj";374;20747;203;20950;NA;113219;577;2021-03-30;100801
2021-03-29;"Prešovský kraj";219;28188;229;28417;NA;113219;448;2021-03-29;100224
2021-03-28;"Prešovský kraj";26;46811;256;47067;NA;113219;282;2021-03-28;99776
2021-03-27;"Prešovský kraj";181;88639;373;89012;NA;113219;554;2021-03-27;99494
2021-03-26;"Prešovský kraj";310;47751;299;48050;NA;113219;609;2021-03-26;98940
2021-03-25;"Prešovský kraj";248;22279;213;22492;NA;113219;461;2021-03-25;98331
2021-03-24;"Prešovský kraj";381;19588;213;19801;NA;113219;594;2021-03-24;97870
2021-03-23;"Prešovský kraj";241;20329;255;20584;NA;113219;496;2021-03-23;97276
2021-03-22;"Prešovský kraj";299;28490;286;28776;NA;113219;585;2021-03-22;96780
2021-03-21;"Prešovský kraj";32;49439;266;49705;NA;113219;298;2021-03-21;96195
2021-03-20;"Prešovský kraj";180;92531;427;92958;NA;113219;607;2021-03-20;95897
2021-03-19;"Prešovský kraj";373;46196;320;46516;NA;113219;693;2021-03-19;95290
2021-03-18;"Prešovský kraj";251;21721;217;21938;NA;113219;468;2021-03-18;94597
2021-03-17;"Prešovský kraj";331;20887;231;21118;NA;113219;562;2021-03-17;94129
2021-03-16;"Prešovský kraj";461;21094;277;21371;NA;113219;738;2021-03-16;93567
2021-03-15;"Prešovský kraj";370;28789;324;29113;NA;113219;694;2021-03-15;92829
2021-03-14;"Prešovský kraj";52;50410;356;50766;NA;113219;408;2021-03-14;92135
2021-03-13;"Prešovský kraj";200;95300;532;95832;NA;113219;732;2021-03-13;91727
2021-03-12;"Prešovský kraj";425;47691;368;48059;NA;113219;793;2021-03-12;90995
2021-03-11;"Prešovský kraj";463;22059;253;22312;NA;113219;716;2021-03-11;90202
2021-03-10;"Prešovský kraj";325;20821;293;21114;NA;113219;618;2021-03-10;89486
2021-03-09;"Prešovský kraj";505;21489;288;21777;NA;113219;793;2021-03-09;88868
2021-03-08;"Prešovský kraj";314;28902;333;29235;NA;113219;647;2021-03-08;88075
2021-03-07;"Prešovský kraj";19;48024;385;48409;NA;113219;404;2021-03-07;87428
2021-03-06;"Prešovský kraj";193;96985;591;97576;NA;113219;784;2021-03-06;87024
2021-03-05;"Prešovský kraj";497;46044;397;46441;NA;113219;894;2021-03-05;86240
2021-03-04;"Prešovský kraj";372;22670;359;23029;NA;113219;731;2021-03-04;85346
2021-03-03;"Prešovský kraj";397;21621;333;21954;NA;113219;730;2021-03-03;84615
2021-03-02;"Prešovský kraj";421;22679;357;23036;NA;113219;778;2021-03-02;83885
2021-03-01;"Prešovský kraj";303;27716;406;28122;NA;113219;709;2021-03-01;83107
2021-02-28;"Prešovský kraj";75;45000;387;45387;NA;113219;462;2021-02-28;82398
2021-02-27;"Prešovský kraj";273;90231;734;90965;NA;113219;1007;2021-02-27;81936
2021-02-26;"Prešovský kraj";455;41700;439;42139;NA;113219;894;2021-02-26;80929
2021-02-25;"Prešovský kraj";270;19496;337;19833;NA;113219;607;2021-02-25;80035
2021-02-24;"Prešovský kraj";328;19026;377;19403;NA;113219;705;2021-02-24;79428
2021-02-23;"Prešovský kraj";430;21273;345;21618;NA;113219;775;2021-02-23;78723
2021-02-22;"Prešovský kraj";351;27175;356;27531;NA;113219;707;2021-02-22;77948
2021-02-21;"Prešovský kraj";66;31802;302;32104;NA;113219;368;2021-02-21;77241
2021-02-20;"Prešovský kraj";129;71413;517;71930;NA;113219;646;2021-02-20;76873
2021-02-19;"Prešovský kraj";381;38597;425;39022;NA;113219;806;2021-02-19;76227
2021-02-18;"Prešovský kraj";268;16960;322;17282;NA;113219;590;2021-02-18;75421
2021-02-17;"Prešovský kraj";293;17392;246;17638;NA;113219;539;2021-02-17;74831
2021-02-16;"Prešovský kraj";422;18862;265;19127;NA;113219;687;2021-02-16;74292
2021-02-15;"Prešovský kraj";211;31360;303;31663;NA;113219;514;2021-02-15;73605
2021-02-14;"Prešovský kraj";27;39271;318;39589;NA;113219;345;2021-02-14;73091
2021-02-13;"Prešovský kraj";157;74009;392;74401;NA;113219;549;2021-02-13;72746
2021-02-12;"Prešovský kraj";308;38720;362;39082;NA;113219;670;2021-02-12;72197
2021-02-11;"Prešovský kraj";218;16207;238;16445;NA;113219;456;2021-02-11;71527
2021-02-10;"Prešovský kraj";220;18499;279;18778;NA;113219;499;2021-02-10;71071
2021-02-09;"Prešovský kraj";323;21495;370;21865;NA;113219;693;2021-02-09;70572
2021-02-08;"Prešovský kraj";161;36971;261;37232;NA;113219;422;2021-02-08;69879
2021-02-07;"Prešovský kraj";21;34227;209;34436;NA;113219;230;2021-02-07;69457
2021-02-06;"Prešovský kraj";176;69164;360;69524;NA;113219;536;2021-02-06;69227
2021-02-05;"Prešovský kraj";177;31247;261;31508;NA;113219;438;2021-02-05;68691
2021-02-04;"Prešovský kraj";176;13073;237;13310;NA;113219;413;2021-02-04;68253
2021-02-03;"Prešovský kraj";251;8421;236;8657;NA;113219;487;2021-02-03;67840
2021-02-02;"Prešovský kraj";249;11779;264;12043;NA;113219;513;2021-02-02;67353
2021-02-01;"Prešovský kraj";220;16059;316;16375;NA;113219;536;2021-02-01;66840
2021-01-31;"Prešovský kraj";42;10587;107;10694;NA;113219;149;2021-01-31;66304
2021-01-30;"Prešovský kraj";142;23939;215;24154;NA;113219;357;2021-01-30;66155
2021-01-29;"Prešovský kraj";185;17924;326;18250;NA;113219;511;2021-01-29;65798
2021-01-28;"Prešovský kraj";311;7338;150;7488;NA;113219;461;2021-01-28;65287
2021-01-27;"Prešovský kraj";153;9886;150;10036;NA;113219;303;2021-01-27;64826
2021-01-26;"Prešovský kraj";252;16648;151;16799;NA;113219;403;2021-01-26;64523
2021-01-25;"Prešovský kraj";196;29649;251;29900;NA;113219;447;2021-01-25;64120
2021-01-24;"Prešovský kraj";12;45706;304;46010;NA;113219;316;2021-01-24;63673
2021-01-23;"Prešovský kraj";189;96726;487;97213;NA;113219;676;2021-01-23;63357
2021-01-22;"Prešovský kraj";187;35377;261;35638;NA;113219;448;2021-01-22;62681
2021-01-21;"Prešovský kraj";187;20434;212;20646;NA;113219;399;2021-01-21;62233
2021-01-20;"Prešovský kraj";253;14779;195;14974;NA;113219;448;2021-01-20;61834
2021-01-19;"Prešovský kraj";281;12329;305;12634;NA;113219;586;2021-01-19;61386
2021-01-18;"Prešovský kraj";203;10422;336;10758;NA;113219;539;2021-01-18;60800
2021-01-17;"Prešovský kraj";107;14391;1008;15399;NA;113219;1115;2021-01-17;60261
2021-01-16;"Prešovský kraj";72;1838;81;1919;NA;113219;153;2021-01-16;59146
2021-01-15;"Prešovský kraj";159;7033;257;7290;NA;113219;416;2021-01-15;58993
2021-01-14;"Prešovský kraj";268;5523;252;5775;NA;113219;520;2021-01-14;58577
2021-01-13;"Prešovský kraj";342;5649;226;5875;NA;113219;568;2021-01-13;58057
2021-01-12;"Prešovský kraj";455;8487;409;8896;NA;113219;864;2021-01-12;57489
2021-01-11;"Prešovský kraj";343;8489;479;8968;NA;113219;822;2021-01-11;56625
2021-01-10;"Prešovský kraj";63;476;23;499;NA;113219;86;2021-01-10;55803
2021-01-09;"Prešovský kraj";439;2248;125;2373;NA;113219;564;2021-01-09;55717
2021-01-08;"Prešovský kraj";430;10865;572;11437;NA;113219;1002;2021-01-08;55153
2021-01-07;"Prešovský kraj";268;7789;648;8437;NA;113219;916;2021-01-07;54151
2021-01-06;"Prešovský kraj";315;1484;134;1618;NA;113219;449;2021-01-06;53235
2021-01-05;"Prešovský kraj";655;11591;1003;12594;NA;113219;1658;2021-01-05;52786
2021-01-04;"Prešovský kraj";371;17192;1812;19004;NA;113219;2183;2021-01-04;51128
2021-01-03;"Prešovský kraj";89;459;41;500;NA;113219;130;2021-01-03;48945
2021-01-02;"Prešovský kraj";65;1556;160;1716;NA;113219;225;2021-01-02;48815
2021-01-01;"Prešovský kraj";174;956;71;1027;NA;113219;245;2021-01-01;48590
2020-12-31;"Prešovský kraj";640;11959;783;12742;NA;113219;1423;2020-12-31;48345
2020-12-30;"Prešovský kraj";729;9065;802;9867;NA;113219;1531;2020-12-30;46922
2020-12-29;"Prešovský kraj";435;9273;949;10222;NA;113219;1384;2020-12-29;45391
2020-12-28;"Prešovský kraj";393;9046;1079;10125;NA;113219;1472;2020-12-28;44007
2020-12-27;"Prešovský kraj";40;613;45;658;NA;113219;85;2020-12-27;42535
2020-12-26;"Prešovský kraj";64;176;12;188;NA;113219;76;2020-12-26;42450
2020-12-25;"Prešovský kraj";208;274;11;285;NA;113219;219;2020-12-25;42374
2020-12-24;"Prešovský kraj";452;1214;85;1299;NA;113219;537;2020-12-24;42155
2020-12-23;"Prešovský kraj";361;11369;635;12004;NA;113219;996;2020-12-23;41618
2020-12-22;"Prešovský kraj";439;9371;710;10081;NA;113219;1149;2020-12-22;40622
2020-12-21;"Prešovský kraj";432;9923;880;10803;NA;113219;1312;2020-12-21;39473
2020-12-20;"Prešovský kraj";184;396;20;416;NA;113219;204;2020-12-20;38161
2020-12-19;"Prešovský kraj";276;1658;151;1809;NA;113219;427;2020-12-19;37957
2020-12-18;"Prešovský kraj";396;8845;595;9440;NA;113219;991;2020-12-18;37530
2020-12-17;"Prešovský kraj";427;10826;891;11717;NA;113219;1318;2020-12-17;36539
2020-12-16;"Prešovský kraj";466;6017;508;6525;NA;113219;974;2020-12-16;35221
2020-12-15;"Prešovský kraj";411;5685;584;6269;NA;113219;995;2020-12-15;34247
2020-12-14;"Prešovský kraj";334;5767;508;6275;NA;113219;842;2020-12-14;33252
2020-12-13;"Prešovský kraj";89;29;8;37;NA;113219;97;2020-12-13;32410
2020-12-12;"Prešovský kraj";319;2474;166;2640;NA;113219;485;2020-12-12;32313
2020-12-11;"Prešovský kraj";560;5602;402;6004;NA;113219;962;2020-12-11;31828
2020-12-10;"Prešovský kraj";337;5202;443;5645;NA;113219;780;2020-12-10;30866
2020-12-09;"Prešovský kraj";358;4357;314;4671;NA;113219;672;2020-12-09;30086
2020-12-08;"Prešovský kraj";350;6629;651;7280;NA;113219;1001;2020-12-08;29414
2020-12-07;"Prešovský kraj";309;4345;327;4672;NA;113219;636;2020-12-07;28413
2020-12-06;"Prešovský kraj";59;655;26;681;NA;113219;85;2020-12-06;27777
2020-12-05;"Prešovský kraj";218;984;87;1071;NA;113219;305;2020-12-05;27692
2020-12-04;"Prešovský kraj";352;5070;293;5363;NA;113219;645;2020-12-04;27387
2020-12-03;"Prešovský kraj";284;2456;179;2635;NA;113219;463;2020-12-03;26742
2020-12-02;"Prešovský kraj";232;2830;225;3055;NA;113219;457;2020-12-02;26279
2020-12-01;"Prešovský kraj";281;1884;196;2080;NA;113219;477;2020-12-01;25822
2020-11-30;"Prešovský kraj";196;5333;97;5430;NA;113219;293;2020-11-30;25345
2020-11-29;"Prešovský kraj";27;379;42;421;NA;113219;69;2020-11-29;25052
2020-11-28;"Prešovský kraj";199;772;77;849;NA;113219;276;2020-11-28;24983
2020-11-27;"Prešovský kraj";232;2350;130;2480;NA;113219;362;2020-11-27;24707
2020-11-26;"Prešovský kraj";263;3014;329;3343;NA;113219;592;2020-11-26;24345
2020-11-25;"Prešovský kraj";302;2174;103;2277;NA;113219;405;2020-11-25;23753
2020-11-24;"Prešovský kraj";365;1777;156;1933;NA;113219;521;2020-11-24;23348
2020-11-23;"Prešovský kraj";164;1099;60;1159;NA;113219;224;2020-11-23;22827
2020-11-22;"Prešovský kraj";46;44;1;45;NA;113219;47;2020-11-22;22603
2020-11-21;"Prešovský kraj";205;754;62;816;NA;113219;267;2020-11-21;22556
2020-11-20;"Prešovský kraj";363;2258;102;2360;NA;113219;465;2020-11-20;22289
2020-11-19;"Prešovský kraj";359;2096;238;2334;NA;113219;597;2020-11-19;21824
2020-11-18;"Prešovský kraj";270;488;43;531;NA;113219;313;2020-11-18;21227
2020-11-17;"Prešovský kraj";347;205;23;228;NA;113219;370;2020-11-17;20914
2020-11-16;"Prešovský kraj";226;540;58;598;NA;113219;284;2020-11-16;20544
2020-11-15;"Prešovský kraj";186;39;4;43;NA;113219;190;2020-11-15;20260
2020-11-14;"Prešovský kraj";261;54;4;58;NA;113219;265;2020-11-14;20070
2020-11-13;"Prešovský kraj";395;166;8;174;NA;113219;403;2020-11-13;19805
2020-11-12;"Prešovský kraj";397;229;50;279;NA;113219;447;2020-11-12;19402
2020-11-11;"Prešovský kraj";516;161;15;176;NA;113219;531;2020-11-11;18955
2020-11-10;"Prešovský kraj";437;197;9;206;NA;113219;446;2020-11-10;18424
2020-11-09;"Prešovský kraj";190;4110;945;5055;NA;113219;1135;2020-11-09;17978
2020-11-08;"Prešovský kraj";97;2817;32;2849;NA;113219;129;2020-11-08;16843
2020-11-07;"Prešovský kraj";416;8578;81;8659;NA;113219;497;2020-11-07;16714
2020-11-06;"Prešovský kraj";520;4791;76;4867;NA;113219;596;2020-11-06;16217
2020-11-05;"Prešovský kraj";397;180;5;185;NA;113219;402;2020-11-05;15621
2020-11-04;"Prešovský kraj";350;807;8;815;NA;113219;358;2020-11-04;15219
2020-11-03;"Prešovský kraj";565;98;12;110;NA;113219;577;2020-11-03;14861
2020-11-02;"Prešovský kraj";203;4158;1004;5162;NA;113219;1207;2020-11-02;14284
2020-11-01;"Prešovský kraj";386;2906;53;2959;NA;113219;439;2020-11-01;13077
2020-10-31;"Prešovský kraj";315;10497;170;10667;NA;113219;485;2020-10-31;12638
2020-10-30;"Prešovský kraj";552;2949;65;3014;NA;113219;617;2020-10-30;12153
2020-10-29;"Prešovský kraj";594;301;38;339;NA;113219;632;2020-10-29;11536
2020-10-28;"Prešovský kraj";617;291;46;337;NA;113219;663;2020-10-28;10904
2020-10-27;"Prešovský kraj";656;268;34;302;NA;113219;690;2020-10-27;10241
2020-10-26;"Prešovský kraj";137;363;57;420;NA;113219;194;2020-10-26;9551
2020-10-25;"Prešovský kraj";237;346;11;357;NA;113219;248;2020-10-25;9357
2020-10-24;"Prešovský kraj";719;200;12;212;NA;113219;731;2020-10-24;9109
2020-10-23;"Prešovský kraj";750;218;8;226;NA;113219;758;2020-10-23;8378
2020-10-22;"Prešovský kraj";646;396;30;426;NA;113219;676;2020-10-22;7620
2020-10-21;"Prešovský kraj";383;58;8;66;NA;113219;391;2020-10-21;6944
2020-10-20;"Prešovský kraj";493;65;7;72;NA;113219;500;2020-10-20;6553
2020-10-19;"Prešovský kraj";140;235;15;250;NA;113219;155;2020-10-19;6053
2020-10-18;"Prešovský kraj";209;0;0;0;NA;113219;209;2020-10-18;5898
2020-10-17;"Prešovský kraj";342;0;0;0;NA;113219;342;2020-10-17;5689
2020-10-16;"Prešovský kraj";388;57;3;60;NA;113219;391;2020-10-16;5347
2020-10-15;"Prešovský kraj";435;85;18;103;NA;113219;453;2020-10-15;4956
2020-10-14;"Prešovský kraj";451;54;10;64;NA;113219;461;2020-10-14;4503
2020-10-13;"Prešovský kraj";264;50;6;56;NA;113219;270;2020-10-13;4042
2020-10-12;"Prešovský kraj";214;334;35;369;NA;113219;249;2020-10-12;3772
2020-10-11;"Prešovský kraj";127;0;0;0;NA;113219;127;2020-10-11;3523
2020-10-10;"Prešovský kraj";248;0;0;0;NA;113219;248;2020-10-10;3396
2020-10-09;"Prešovský kraj";406;0;0;0;NA;113219;406;2020-10-09;3148
2020-10-08;"Prešovský kraj";245;0;0;0;NA;113219;245;2020-10-08;2742
2020-10-07;"Prešovský kraj";244;0;0;0;NA;113219;244;2020-10-07;2497
2020-10-06;"Prešovský kraj";166;0;0;0;NA;113219;166;2020-10-06;2253
2020-10-05;"Prešovský kraj";84;0;0;0;NA;113219;84;2020-10-05;2087
2020-10-04;"Prešovský kraj";118;0;0;0;NA;113219;118;2020-10-04;2003
2020-10-03;"Prešovský kraj";204;0;0;0;NA;113219;204;2020-10-03;1885
2020-10-02;"Prešovský kraj";149;0;0;0;NA;113219;149;2020-10-02;1681
2020-10-01;"Prešovský kraj";136;0;0;0;NA;113219;136;2020-10-01;1532
2020-09-30;"Prešovský kraj";121;0;0;0;NA;113219;121;2020-09-30;1396
2020-09-29;"Prešovský kraj";156;0;0;0;NA;113219;156;2020-09-29;1275
2020-09-28;"Prešovský kraj";51;0;0;0;NA;113219;51;2020-09-28;1119
2020-09-27;"Prešovský kraj";10;0;0;0;NA;113219;10;2020-09-27;1068
2020-09-26;"Prešovský kraj";72;0;0;0;NA;113219;72;2020-09-26;1058
2020-09-25;"Prešovský kraj";91;0;0;0;NA;113219;91;2020-09-25;986
2020-09-24;"Prešovský kraj";52;0;0;0;NA;113219;52;2020-09-24;895
2020-09-23;"Prešovský kraj";55;0;0;0;NA;113219;55;2020-09-23;843
2020-09-22;"Prešovský kraj";29;0;0;0;NA;113219;29;2020-09-22;788
2020-09-21;"Prešovský kraj";14;0;0;0;NA;113219;14;2020-09-21;759
2020-09-20;"Prešovský kraj";5;0;0;0;NA;113219;5;2020-09-20;745
2020-09-19;"Prešovský kraj";12;0;0;0;NA;113219;12;2020-09-19;740
2020-09-18;"Prešovský kraj";29;0;0;0;NA;113219;29;2020-09-18;728
2020-09-17;"Prešovský kraj";25;0;0;0;NA;113219;25;2020-09-17;699
2020-09-16;"Prešovský kraj";8;0;0;0;NA;113219;8;2020-09-16;674
2020-09-15;"Prešovský kraj";10;0;0;0;NA;113219;10;2020-09-15;666
2020-09-14;"Prešovský kraj";47;0;0;0;NA;113219;47;2020-09-14;656
2020-09-13;"Prešovský kraj";3;0;0;0;NA;113219;3;2020-09-13;609
2020-09-12;"Prešovský kraj";4;0;0;0;NA;113219;4;2020-09-12;606
2020-09-11;"Prešovský kraj";15;0;0;0;NA;113219;15;2020-09-11;602
2020-09-10;"Prešovský kraj";10;0;0;0;NA;113219;10;2020-09-10;587
2020-09-09;"Prešovský kraj";21;0;0;0;NA;113219;21;2020-09-09;577
2020-09-08;"Prešovský kraj";23;0;0;0;NA;113219;23;2020-09-08;556
2020-09-07;"Prešovský kraj";5;0;0;0;NA;113219;5;2020-09-07;533
2020-09-06;"Prešovský kraj";3;0;0;0;NA;113219;3;2020-09-06;528
2020-09-05;"Prešovský kraj";7;0;0;0;NA;113219;7;2020-09-05;525
2020-09-04;"Prešovský kraj";24;0;0;0;NA;113219;24;2020-09-04;518
2020-09-03;"Prešovský kraj";8;0;0;0;NA;113219;8;2020-09-03;494
2020-09-02;"Prešovský kraj";9;0;0;0;NA;113219;9;2020-09-02;486
2020-09-01;"Prešovský kraj";6;0;0;0;NA;113219;6;2020-09-01;477
2020-08-31;"Prešovský kraj";3;0;0;0;NA;113219;3;2020-08-31;471
2020-08-30;"Prešovský kraj";6;0;0;0;NA;113219;6;2020-08-30;468
2020-08-29;"Prešovský kraj";4;0;0;0;NA;113219;4;2020-08-29;462
2020-08-28;"Prešovský kraj";6;0;0;0;NA;113219;6;2020-08-28;458
2020-08-27;"Prešovský kraj";7;0;0;0;NA;113219;7;2020-08-27;452
2020-08-26;"Prešovský kraj";22;0;0;0;NA;113219;22;2020-08-26;445
2020-08-25;"Prešovský kraj";1;0;0;0;NA;113219;1;2020-08-25;423
2020-08-24;"Prešovský kraj";5;0;0;0;NA;113219;5;2020-08-24;422
2020-08-23;"Prešovský kraj";3;0;0;0;NA;113219;3;2020-08-23;417
2020-08-22;"Prešovský kraj";3;0;0;0;NA;113219;3;2020-08-22;414
2020-08-21;"Prešovský kraj";11;0;0;0;NA;113219;11;2020-08-21;411
2020-08-20;"Prešovský kraj";8;0;0;0;NA;113219;8;2020-08-20;400
2020-08-19;"Prešovský kraj";8;0;0;0;NA;113219;8;2020-08-19;392
2020-08-18;"Prešovský kraj";6;0;0;0;NA;113219;6;2020-08-18;384
2020-08-17;"Prešovský kraj";1;0;0;0;NA;113219;1;2020-08-17;378
2020-08-16;"Prešovský kraj";0;0;0;0;NA;113219;0;2020-08-16;377
2020-08-15;"Prešovský kraj";8;0;0;0;NA;113219;8;2020-08-15;377
2020-08-14;"Prešovský kraj";6;0;0;0;NA;113219;6;2020-08-14;369
2020-08-13;"Prešovský kraj";8;0;0;0;NA;113219;8;2020-08-13;363
2020-08-12;"Prešovský kraj";19;0;0;0;NA;113219;19;2020-08-12;355
2020-08-11;"Prešovský kraj";3;0;0;0;NA;113219;3;2020-08-11;336
2020-08-10;"Prešovský kraj";0;0;0;0;NA;113219;0;2020-08-10;333
2020-08-09;"Prešovský kraj";0;0;0;0;NA;113219;0;2020-08-09;333
2020-08-08;"Prešovský kraj";2;0;0;0;NA;113219;2;2020-08-08;333
2020-08-07;"Prešovský kraj";6;0;0;0;NA;113219;6;2020-08-07;331
2020-08-06;"Prešovský kraj";2;0;0;0;NA;113219;2;2020-08-06;325
2020-08-05;"Prešovský kraj";8;0;0;0;NA;113219;8;2020-08-05;323
2020-08-04;"Prešovský kraj";5;0;0;0;NA;113219;5;2020-08-04;315
2020-08-03;"Prešovský kraj";4;0;0;0;NA;113219;4;2020-08-03;310
2020-08-02;"Prešovský kraj";6;0;0;0;NA;113219;6;2020-08-02;306
2020-08-01;"Prešovský kraj";0;0;0;0;NA;113219;0;2020-08-01;300
2020-07-31;"Prešovský kraj";2;0;0;0;NA;113219;2;2020-07-31;300
2020-07-30;"Prešovský kraj";6;0;0;0;NA;113219;6;2020-07-30;298
2020-07-29;"Prešovský kraj";5;0;0;0;NA;113219;5;2020-07-29;292
2020-07-28;"Prešovský kraj";0;0;0;0;NA;113219;0;2020-07-28;287
2020-07-27;"Prešovský kraj";1;0;0;0;NA;113219;1;2020-07-27;287
2020-07-26;"Prešovský kraj";1;0;0;0;NA;113219;1;2020-07-26;286
2020-07-25;"Prešovský kraj";21;0;0;0;NA;113219;21;2020-07-25;285
2020-07-24;"Prešovský kraj";1;0;0;0;NA;113219;1;2020-07-24;264
2020-07-23;"Prešovský kraj";5;0;0;0;NA;113219;5;2020-07-23;263
2020-07-22;"Prešovský kraj";1;0;0;0;NA;113219;1;2020-07-22;258
2020-07-21;"Prešovský kraj";2;0;0;0;NA;113219;2;2020-07-21;257
2020-07-20;"Prešovský kraj";1;0;0;0;NA;113219;1;2020-07-20;255
2020-07-19;"Prešovský kraj";0;0;0;0;NA;113219;0;2020-07-19;254
2020-07-18;"Prešovský kraj";0;0;0;0;NA;113219;0;2020-07-18;254
2020-07-17;"Prešovský kraj";3;0;0;0;NA;113219;3;2020-07-17;254
2020-07-16;"Prešovský kraj";1;0;0;0;NA;113219;1;2020-07-16;251
2020-07-15;"Prešovský kraj";5;0;0;0;NA;113219;5;2020-07-15;250
2020-07-14;"Prešovský kraj";5;0;0;0;NA;113219;5;2020-07-14;245
2020-07-13;"Prešovský kraj";1;0;0;0;NA;113219;1;2020-07-13;240
2020-07-12;"Prešovský kraj";1;0;0;0;NA;113219;1;2020-07-12;239
2020-07-11;"Prešovský kraj";6;0;0;0;NA;113219;6;2020-07-11;238
2020-07-10;"Prešovský kraj";5;0;0;0;NA;113219;5;2020-07-10;232
2020-07-09;"Prešovský kraj";2;0;0;0;NA;113219;2;2020-07-09;227
2020-07-08;"Prešovský kraj";14;0;0;0;NA;113219;14;2020-07-08;225
2020-07-07;"Prešovský kraj";2;0;0;0;NA;113219;2;2020-07-07;211
2020-07-06;"Prešovský kraj";0;0;0;0;NA;113219;0;2020-07-06;209
2020-07-05;"Prešovský kraj";0;0;0;0;NA;113219;0;2020-07-05;209
2020-07-04;"Prešovský kraj";1;0;0;0;NA;113219;1;2020-07-04;209
2020-07-03;"Prešovský kraj";3;0;0;0;NA;113219;3;2020-07-03;208
2020-07-02;"Prešovský kraj";0;0;0;0;NA;113219;0;2020-07-02;205
2020-07-01;"Prešovský kraj";0;0;0;0;NA;113219;0;2020-07-01;205
2020-06-30;"Prešovský kraj";7;0;0;0;NA;113219;7;2020-06-30;205
2020-06-29;"Prešovský kraj";0;0;0;0;NA;113219;0;2020-06-29;198
2020-06-28;"Prešovský kraj";0;0;0;0;NA;113219;0;2020-06-28;198
2020-06-27;"Prešovský kraj";3;0;0;0;NA;113219;3;2020-06-27;198
2020-06-26;"Prešovský kraj";3;0;0;0;NA;113219;3;2020-06-26;195
2020-06-25;"Prešovský kraj";0;0;0;0;NA;113219;0;2020-06-25;192
2020-06-24;"Prešovský kraj";4;0;0;0;NA;113219;4;2020-06-24;192
2020-06-23;"Prešovský kraj";0;0;0;0;NA;113219;0;2020-06-23;188
2020-06-22;"Prešovský kraj";0;0;0;0;NA;113219;0;2020-06-22;188
2020-06-21;"Prešovský kraj";0;0;0;0;NA;113219;0;2020-06-21;188
2020-06-20;"Prešovský kraj";0;0;0;0;NA;113219;0;2020-06-20;188
2020-06-19;"Prešovský kraj";1;0;0;0;NA;113219;1;2020-06-19;188
2020-06-18;"Prešovský kraj";0;0;0;0;NA;113219;0;2020-06-18;187
2020-06-17;"Prešovský kraj";0;0;0;0;NA;113219;0;2020-06-17;187
2020-06-16;"Prešovský kraj";6;0;0;0;NA;113219;6;2020-06-16;187
2020-06-14;"Prešovský kraj";0;0;0;0;NA;113219;0;2020-06-14;181
2020-06-13;"Prešovský kraj";0;0;0;0;NA;113219;0;2020-06-13;181
2020-06-12;"Prešovský kraj";1;0;0;0;NA;113219;1;2020-06-12;181
2020-06-11;"Prešovský kraj";0;0;0;0;NA;113219;0;2020-06-11;180
2020-06-10;"Prešovský kraj";0;0;0;0;NA;113219;0;2020-06-10;180
2020-06-09;"Prešovský kraj";0;0;0;0;NA;113219;0;2020-06-09;180
2020-06-08;"Prešovský kraj";0;0;0;0;NA;113219;0;2020-06-08;180
2020-06-07;"Prešovský kraj";0;0;0;0;NA;113219;0;2020-06-07;180
2020-06-05;"Prešovský kraj";0;0;0;0;NA;113219;0;2020-06-05;180
2020-06-03;"Prešovský kraj";0;0;0;0;NA;113219;0;2020-06-03;180
2020-06-02;"Prešovský kraj";1;0;0;0;NA;113219;1;2020-06-02;180
2020-05-31;"Prešovský kraj";1;0;0;0;NA;113219;1;2020-05-31;179
2020-05-29;"Prešovský kraj";0;0;0;0;NA;113219;0;2020-05-29;178
2020-05-27;"Prešovský kraj";0;0;0;0;NA;113219;0;2020-05-27;178
2020-05-26;"Prešovský kraj";0;0;0;0;NA;113219;0;2020-05-26;178
2020-05-25;"Prešovský kraj";0;0;0;0;NA;113219;0;2020-05-25;178
2020-05-24;"Prešovský kraj";0;0;0;0;NA;113219;0;2020-05-24;178
2020-05-23;"Prešovský kraj";0;0;0;0;NA;113219;0;2020-05-23;178
2020-05-22;"Prešovský kraj";0;0;0;0;NA;113219;0;2020-05-22;178
2020-05-21;"Prešovský kraj";1;0;0;0;NA;113219;1;2020-05-21;178
2020-05-20;"Prešovský kraj";0;0;0;0;NA;113219;0;2020-05-20;177
2020-05-19;"Prešovský kraj";0;0;0;0;NA;113219;0;2020-05-19;177
2020-05-17;"Prešovský kraj";0;0;0;0;NA;113219;0;2020-05-17;177
2020-05-16;"Prešovský kraj";0;0;0;0;NA;113219;0;2020-05-16;177
2020-05-15;"Prešovský kraj";0;0;0;0;NA;113219;0;2020-05-15;177
2020-05-14;"Prešovský kraj";0;0;0;0;NA;113219;0;2020-05-14;177
2020-05-13;"Prešovský kraj";1;0;0;0;NA;113219;1;2020-05-13;177
2020-05-12;"Prešovský kraj";0;0;0;0;NA;113219;0;2020-05-12;176
2020-05-11;"Prešovský kraj";1;0;0;0;NA;113219;1;2020-05-11;176
2020-05-09;"Prešovský kraj";0;0;0;0;NA;113219;0;2020-05-09;175
2020-05-07;"Prešovský kraj";0;0;0;0;NA;113219;0;2020-05-07;175
2020-05-06;"Prešovský kraj";0;0;0;0;NA;113219;0;2020-05-06;175
2020-05-05;"Prešovský kraj";1;0;0;0;NA;113219;1;2020-05-05;175
2020-05-04;"Prešovský kraj";0;0;0;0;NA;113219;0;2020-05-04;174
2020-05-03;"Prešovský kraj";0;0;0;0;NA;113219;0;2020-05-03;174
2020-05-02;"Prešovský kraj";0;0;0;0;NA;113219;0;2020-05-02;174
2020-05-01;"Prešovský kraj";2;0;0;0;NA;113219;2;2020-05-01;174
2020-04-30;"Prešovský kraj";0;0;0;0;NA;113219;0;2020-04-30;172
2020-04-29;"Prešovský kraj";1;0;0;0;NA;113219;1;2020-04-29;172
2020-04-28;"Prešovský kraj";1;0;0;0;NA;113219;1;2020-04-28;171
2020-04-27;"Prešovský kraj";2;0;0;0;NA;113219;2;2020-04-27;170
2020-04-26;"Prešovský kraj";0;0;0;0;NA;113219;0;2020-04-26;168
2020-04-25;"Prešovský kraj";0;0;0;0;NA;113219;0;2020-04-25;168
2020-04-24;"Prešovský kraj";0;0;0;0;NA;113219;0;2020-04-24;168
2020-04-23;"Prešovský kraj";2;0;0;0;NA;113219;2;2020-04-23;168
2020-04-22;"Prešovský kraj";11;0;0;0;NA;113219;11;2020-04-22;166
2020-04-21;"Prešovský kraj";12;0;0;0;NA;113219;12;2020-04-21;155
2020-04-20;"Prešovský kraj";2;0;0;0;NA;113219;2;2020-04-20;143
2020-04-19;"Prešovský kraj";4;0;0;0;NA;113219;4;2020-04-19;141
2020-04-18;"Prešovský kraj";1;0;0;0;NA;113219;1;2020-04-18;137
2020-04-17;"Prešovský kraj";4;0;0;0;NA;113219;4;2020-04-17;136
2020-04-16;"Prešovský kraj";9;0;0;0;NA;113219;9;2020-04-16;132
2020-04-15;"Prešovský kraj";21;0;0;0;NA;113219;21;2020-04-15;123
2020-04-14;"Prešovský kraj";1;0;0;0;NA;113219;1;2020-04-14;102
2020-04-13;"Prešovský kraj";2;0;0;0;NA;113219;2;2020-04-13;101
2020-04-12;"Prešovský kraj";6;0;0;0;NA;113219;6;2020-04-12;99
2020-04-11;"Prešovský kraj";4;0;0;0;NA;113219;4;2020-04-11;93
2020-04-10;"Prešovský kraj";0;0;0;0;NA;113219;0;2020-04-10;89
2020-04-09;"Prešovský kraj";1;0;0;0;NA;113219;1;2020-04-09;89
2020-04-08;"Prešovský kraj";0;0;0;0;NA;113219;0;2020-04-08;88
2020-04-07;"Prešovský kraj";7;0;0;0;NA;113219;7;2020-04-07;88
2020-04-06;"Prešovský kraj";10;0;0;0;NA;113219;10;2020-04-06;81
2020-04-05;"Prešovský kraj";13;0;0;0;NA;113219;13;2020-04-05;71
2020-04-04;"Prešovský kraj";1;0;0;0;NA;113219;1;2020-04-04;58
2020-04-03;"Prešovský kraj";4;0;0;0;NA;113219;4;2020-04-03;57
2020-04-02;"Prešovský kraj";6;0;0;0;NA;113219;6;2020-04-02;53
2020-04-01;"Prešovský kraj";6;0;0;0;NA;113219;6;2020-04-01;47
2020-03-31;"Prešovský kraj";6;0;0;0;NA;113219;6;2020-03-31;41
2020-03-30;"Prešovský kraj";2;0;0;0;NA;113219;2;2020-03-30;35
2020-03-29;"Prešovský kraj";2;0;0;0;NA;113219;2;2020-03-29;33
2020-03-28;"Prešovský kraj";2;0;0;0;NA;113219;2;2020-03-28;31
2020-03-27;"Prešovský kraj";1;0;0;0;NA;113219;1;2020-03-27;29
2020-03-26;"Prešovský kraj";8;0;0;0;NA;113219;8;2020-03-26;28
2020-03-25;"Prešovský kraj";1;0;0;0;NA;113219;1;2020-03-25;20
2020-03-24;"Prešovský kraj";4;0;0;0;NA;113219;4;2020-03-24;19
2020-03-23;"Prešovský kraj";0;0;0;0;NA;113219;0;2020-03-23;15
2020-03-22;"Prešovský kraj";1;0;0;0;NA;113219;1;2020-03-22;15
2020-03-21;"Prešovský kraj";2;0;0;0;NA;113219;2;2020-03-21;14
2020-03-20;"Prešovský kraj";3;0;0;0;NA;113219;3;2020-03-20;12
2020-03-19;"Prešovský kraj";2;0;0;0;NA;113219;2;2020-03-19;9
2020-03-18;"Prešovský kraj";1;0;0;0;NA;113219;1;2020-03-18;7
2020-03-17;"Prešovský kraj";1;0;0;0;NA;113219;1;2020-03-17;6
2020-03-16;"Prešovský kraj";4;0;0;0;NA;113219;4;2020-03-16;5
2020-03-15;"Prešovský kraj";0;0;0;0;NA;113219;0;2020-03-15;1
2020-03-14;"Prešovský kraj";1;0;0;0;NA;113219;1;2020-03-14;1
2020-03-13;"Prešovský kraj";0;0;0;0;NA;113219;0;2020-03-13;0
2020-03-12;"Prešovský kraj";0;0;0;0;NA;113219;0;2020-03-12;0
2020-03-11;"Prešovský kraj";0;0;0;0;NA;113219;0;2020-03-11;0
2020-03-09;"Prešovský kraj";0;0;0;0;NA;113219;0;2020-03-09;0
2020-03-08;"Prešovský kraj";0;0;0;0;NA;113219;0;2020-03-08;0
2020-03-07;"Prešovský kraj";0;0;0;0;NA;113219;0;2020-03-07;0
2020-03-06;"Prešovský kraj";0;0;0;0;NA;113219;0;2020-03-06;0
2021-05-30;"Trenčiansky kraj";0;7213;16;7229;53007;100123;16;2021-05-30;100123
2021-05-29;"Trenčiansky kraj";13;7636;14;7650;NA;100123;27;2021-05-29;100107
2021-05-28;"Trenčiansky kraj";22;8759;23;8782;NA;100123;45;2021-05-28;100080
2021-05-27;"Trenčiansky kraj";6;5204;12;5216;NA;100123;18;2021-05-27;100035
2021-05-26;"Trenčiansky kraj";26;5067;15;5082;NA;100123;41;2021-05-26;100017
2021-05-25;"Trenčiansky kraj";18;6348;25;6373;NA;100123;43;2021-05-25;99976
2021-05-24;"Trenčiansky kraj";19;9107;36;9143;NA;100123;55;2021-05-24;99933
2021-05-23;"Trenčiansky kraj";0;9082;26;9108;NA;100123;26;2021-05-23;99878
2021-05-22;"Trenčiansky kraj";11;11314;21;11335;NA;100123;32;2021-05-22;99852
2021-05-21;"Trenčiansky kraj";23;11571;26;11597;NA;100123;49;2021-05-21;99820
2021-05-20;"Trenčiansky kraj";23;6319;25;6344;NA;100123;48;2021-05-20;99771
2021-05-19;"Trenčiansky kraj";16;5693;32;5725;NA;100123;48;2021-05-19;99723
2021-05-18;"Trenčiansky kraj";26;7753;28;7781;NA;100123;54;2021-05-18;99675
2021-05-17;"Trenčiansky kraj";37;7669;43;7712;NA;100123;80;2021-05-17;99621
2021-05-16;"Trenčiansky kraj";25;15615;41;15656;NA;100123;66;2021-05-16;99541
2021-05-15;"Trenčiansky kraj";3;21237;32;21269;NA;100123;35;2021-05-15;99475
2021-05-14;"Trenčiansky kraj";41;18666;42;18708;NA;100123;83;2021-05-14;99440
2021-05-13;"Trenčiansky kraj";41;8194;24;8218;NA;100123;65;2021-05-13;99357
2021-05-12;"Trenčiansky kraj";41;7899;34;7933;NA;100123;75;2021-05-12;99292
2021-05-11;"Trenčiansky kraj";66;10006;29;10035;NA;100123;95;2021-05-11;99217
2021-05-10;"Trenčiansky kraj";48;13974;58;14032;NA;100123;106;2021-05-10;99122
2021-05-09;"Trenčiansky kraj";52;17737;39;17776;NA;100123;91;2021-05-09;99016
2021-05-08;"Trenčiansky kraj";3;24000;33;24033;NA;100123;36;2021-05-08;98925
2021-05-07;"Trenčiansky kraj";45;23538;56;23594;NA;100123;101;2021-05-07;98889
2021-05-06;"Trenčiansky kraj";26;10777;44;10821;NA;100123;70;2021-05-06;98788
2021-05-05;"Trenčiansky kraj";73;9374;41;9415;NA;100123;114;2021-05-05;98718
2021-05-04;"Trenčiansky kraj";55;12732;53;12785;NA;100123;108;2021-05-04;98604
2021-05-03;"Trenčiansky kraj";60;15330;51;15381;NA;100123;111;2021-05-03;98496
2021-05-02;"Trenčiansky kraj";0;31152;65;31217;NA;100123;65;2021-05-02;98385
2021-05-01;"Trenčiansky kraj";71;56982;60;57042;NA;100123;131;2021-05-01;98320
2021-04-30;"Trenčiansky kraj";77;29420;61;29481;NA;100123;138;2021-04-30;98189
2021-04-29;"Trenčiansky kraj";49;13183;59;13242;NA;100123;108;2021-04-29;98051
2021-04-28;"Trenčiansky kraj";79;12536;52;12588;NA;100123;131;2021-04-28;97943
2021-04-27;"Trenčiansky kraj";107;15526;40;15566;NA;100123;147;2021-04-27;97812
2021-04-26;"Trenčiansky kraj";52;21066;63;21129;NA;100123;115;2021-04-26;97665
2021-04-25;"Trenčiansky kraj";0;34560;48;34608;NA;100123;48;2021-04-25;97550
2021-04-24;"Trenčiansky kraj";76;72398;100;72498;NA;100123;176;2021-04-24;97502
2021-04-23;"Trenčiansky kraj";143;29958;79;30037;NA;100123;222;2021-04-23;97326
2021-04-22;"Trenčiansky kraj";71;13847;64;13911;NA;100123;135;2021-04-22;97104
2021-04-21;"Trenčiansky kraj";79;12996;67;13063;NA;100123;146;2021-04-21;96969
2021-04-20;"Trenčiansky kraj";142;17739;80;17819;NA;100123;222;2021-04-20;96823
2021-04-19;"Trenčiansky kraj";102;22630;103;22733;NA;100123;205;2021-04-19;96601
2021-04-18;"Trenčiansky kraj";3;40879;97;40976;NA;100123;100;2021-04-18;96396
2021-04-17;"Trenčiansky kraj";77;81498;136;81634;NA;100123;213;2021-04-17;96296
2021-04-16;"Trenčiansky kraj";100;31954;90;32044;NA;100123;190;2021-04-16;96083
2021-04-15;"Trenčiansky kraj";71;14477;69;14546;NA;100123;140;2021-04-15;95893
2021-04-14;"Trenčiansky kraj";135;15549;72;15621;NA;100123;207;2021-04-14;95753
2021-04-13;"Trenčiansky kraj";189;18713;75;18788;NA;100123;264;2021-04-13;95546
2021-04-12;"Trenčiansky kraj";97;23743;91;23834;NA;100123;188;2021-04-12;95282
2021-04-11;"Trenčiansky kraj";1;34735;75;34810;NA;100123;76;2021-04-11;95094
2021-04-10;"Trenčiansky kraj";81;83093;145;83238;NA;100123;226;2021-04-10;95018
2021-04-09;"Trenčiansky kraj";120;28008;91;28099;NA;100123;211;2021-04-09;94792
2021-04-08;"Trenčiansky kraj";112;13282;85;13367;NA;100123;197;2021-04-08;94581
2021-04-07;"Trenčiansky kraj";204;17689;122;17811;NA;100123;326;2021-04-07;94384
2021-04-06;"Trenčiansky kraj";157;28532;178;28710;NA;100123;335;2021-04-06;94058
2021-04-05;"Trenčiansky kraj";15;9227;64;9291;NA;100123;79;2021-04-05;93723
2021-04-04;"Trenčiansky kraj";2;20291;85;20376;NA;100123;87;2021-04-04;93644
2021-04-03;"Trenčiansky kraj";86;80473;221;80694;NA;100123;307;2021-04-03;93557
2021-04-02;"Trenčiansky kraj";126;21620;81;21701;NA;100123;207;2021-04-02;93250
2021-04-01;"Trenčiansky kraj";159;32370;139;32509;NA;100123;298;2021-04-01;93043
2021-03-31;"Trenčiansky kraj";198;20100;130;20230;NA;100123;328;2021-03-31;92745
2021-03-30;"Trenčiansky kraj";272;17304;136;17440;NA;100123;408;2021-03-30;92417
2021-03-29;"Trenčiansky kraj";142;19479;170;19649;NA;100123;312;2021-03-29;92009
2021-03-28;"Trenčiansky kraj";3;34759;116;34875;NA;100123;119;2021-03-28;91697
2021-03-27;"Trenčiansky kraj";130;77314;293;77607;NA;100123;423;2021-03-27;91578
2021-03-26;"Trenčiansky kraj";211;35092;157;35249;NA;100123;368;2021-03-26;91155
2021-03-25;"Trenčiansky kraj";184;16579;176;16755;NA;100123;360;2021-03-25;90787
2021-03-24;"Trenčiansky kraj";259;13099;171;13270;NA;100123;430;2021-03-24;90427
2021-03-23;"Trenčiansky kraj";349;17588;174;17762;NA;100123;523;2021-03-23;89997
2021-03-22;"Trenčiansky kraj";141;21118;213;21331;NA;100123;354;2021-03-22;89474
2021-03-21;"Trenčiansky kraj";85;32711;164;32875;NA;100123;249;2021-03-21;89120
2021-03-20;"Trenčiansky kraj";128;80035;322;80357;NA;100123;450;2021-03-20;88871
2021-03-19;"Trenčiansky kraj";231;34784;232;35016;NA;100123;463;2021-03-19;88421
2021-03-18;"Trenčiansky kraj";262;16105;178;16283;NA;100123;440;2021-03-18;87958
2021-03-17;"Trenčiansky kraj";366;13436;163;13599;NA;100123;529;2021-03-17;87518
2021-03-16;"Trenčiansky kraj";450;15281;241;15522;NA;100123;691;2021-03-16;86989
2021-03-15;"Trenčiansky kraj";162;21235;261;21496;NA;100123;423;2021-03-15;86298
2021-03-14;"Trenčiansky kraj";42;33892;233;34125;NA;100123;275;2021-03-14;85875
2021-03-13;"Trenčiansky kraj";270;79187;453;79640;NA;100123;723;2021-03-13;85600
2021-03-12;"Trenčiansky kraj";366;34787;307;35094;NA;100123;673;2021-03-12;84877
2021-03-11;"Trenčiansky kraj";302;15557;213;15770;NA;100123;515;2021-03-11;84204
2021-03-10;"Trenčiansky kraj";402;13585;237;13822;NA;100123;639;2021-03-10;83689
2021-03-09;"Trenčiansky kraj";586;17982;285;18267;NA;100123;871;2021-03-09;83050
2021-03-08;"Trenčiansky kraj";174;21704;363;22067;NA;100123;537;2021-03-08;82179
2021-03-07;"Trenčiansky kraj";4;33991;318;34309;NA;100123;322;2021-03-07;81642
2021-03-06;"Trenčiansky kraj";260;79661;529;80190;NA;100123;789;2021-03-06;81320
2021-03-05;"Trenčiansky kraj";326;32946;416;33362;NA;100123;742;2021-03-05;80531
2021-03-04;"Trenčiansky kraj";323;16820;315;17135;NA;100123;638;2021-03-04;79789
2021-03-03;"Trenčiansky kraj";413;13953;346;14299;NA;100123;759;2021-03-03;79151
2021-03-02;"Trenčiansky kraj";612;17797;344;18141;NA;100123;956;2021-03-02;78392
2021-03-01;"Trenčiansky kraj";217;21127;445;21572;NA;100123;662;2021-03-01;77436
2021-02-28;"Trenčiansky kraj";45;30238;376;30614;NA;100123;421;2021-02-28;76774
2021-02-27;"Trenčiansky kraj";277;78735;686;79421;NA;100123;963;2021-02-27;76353
2021-02-26;"Trenčiansky kraj";420;32932;435;33367;NA;100123;855;2021-02-26;75390
2021-02-25;"Trenčiansky kraj";424;14029;328;14357;NA;100123;752;2021-02-25;74535
2021-02-24;"Trenčiansky kraj";427;12003;399;12402;NA;100123;826;2021-02-24;73783
2021-02-23;"Trenčiansky kraj";577;14904;390;15294;NA;100123;967;2021-02-23;72957
2021-02-22;"Trenčiansky kraj";160;19969;468;20437;NA;100123;628;2021-02-22;71990
2021-02-21;"Trenčiansky kraj";64;29478;392;29870;NA;100123;456;2021-02-21;71362
2021-02-20;"Trenčiansky kraj";274;77840;745;78585;NA;100123;1019;2021-02-20;70906
2021-02-19;"Trenčiansky kraj";272;30245;520;30765;NA;100123;792;2021-02-19;69887
2021-02-18;"Trenčiansky kraj";355;14378;410;14788;NA;100123;765;2021-02-18;69095
2021-02-17;"Trenčiansky kraj";363;11413;376;11789;NA;100123;739;2021-02-17;68330
2021-02-16;"Trenčiansky kraj";488;17761;406;18167;NA;100123;894;2021-02-16;67591
2021-02-15;"Trenčiansky kraj";151;21846;463;22309;NA;100123;614;2021-02-15;66697
2021-02-14;"Trenčiansky kraj";2;31255;324;31579;NA;100123;326;2021-02-14;66083
2021-02-13;"Trenčiansky kraj";274;63006;522;63528;NA;100123;796;2021-02-13;65757
2021-02-12;"Trenčiansky kraj";276;27966;412;28378;NA;100123;688;2021-02-12;64961
2021-02-11;"Trenčiansky kraj";291;11566;323;11889;NA;100123;614;2021-02-11;64273
2021-02-10;"Trenčiansky kraj";304;11402;317;11719;NA;100123;621;2021-02-10;63659
2021-02-09;"Trenčiansky kraj";514;18401;360;18761;NA;100123;874;2021-02-09;63038
2021-02-08;"Trenčiansky kraj";182;26972;430;27402;NA;100123;612;2021-02-08;62164
2021-02-07;"Trenčiansky kraj";31;36772;341;37113;NA;100123;372;2021-02-07;61552
2021-02-06;"Trenčiansky kraj";216;63931;560;64491;NA;100123;776;2021-02-06;61180
2021-02-05;"Trenčiansky kraj";202;18154;367;18521;NA;100123;569;2021-02-05;60404
2021-02-04;"Trenčiansky kraj";266;7248;311;7559;NA;100123;577;2021-02-04;59835
2021-02-03;"Trenčiansky kraj";162;6677;320;6997;NA;100123;482;2021-02-03;59258
2021-02-02;"Trenčiansky kraj";347;8058;380;8438;NA;100123;727;2021-02-02;58776
2021-02-01;"Trenčiansky kraj";167;8917;311;9228;NA;100123;478;2021-02-01;58049
2021-01-31;"Trenčiansky kraj";7;19103;159;19262;NA;100123;166;2021-01-31;57571
2021-01-30;"Trenčiansky kraj";228;38167;332;38499;NA;100123;560;2021-01-30;57405
2021-01-29;"Trenčiansky kraj";214;7586;235;7821;NA;100123;449;2021-01-29;56845
2021-01-28;"Trenčiansky kraj";307;5442;158;5600;NA;100123;465;2021-01-28;56396
2021-01-27;"Trenčiansky kraj";166;4842;181;5023;NA;100123;347;2021-01-27;55931
2021-01-26;"Trenčiansky kraj";303;14585;250;14835;NA;100123;553;2021-01-26;55584
2021-01-25;"Trenčiansky kraj";160;24302;207;24509;NA;100123;367;2021-01-25;55031
2021-01-24;"Trenčiansky kraj";51;38369;282;38651;NA;100123;333;2021-01-24;54664
2021-01-23;"Trenčiansky kraj";206;114125;749;114874;NA;100123;955;2021-01-23;54331
2021-01-22;"Trenčiansky kraj";148;21833;242;22075;NA;100123;390;2021-01-22;53376
2021-01-21;"Trenčiansky kraj";143;8582;166;8748;NA;100123;309;2021-01-21;52986
2021-01-20;"Trenčiansky kraj";181;8189;227;8416;NA;100123;408;2021-01-20;52677
2021-01-19;"Trenčiansky kraj";363;6618;262;6880;NA;100123;625;2021-01-19;52269
2021-01-18;"Trenčiansky kraj";72;4970;321;5291;NA;100123;393;2021-01-18;51644
2021-01-17;"Trenčiansky kraj";124;156;11;167;NA;100123;135;2021-01-17;51251
2021-01-16;"Trenčiansky kraj";39;1288;53;1341;NA;100123;92;2021-01-16;51116
2021-01-15;"Trenčiansky kraj";264;4029;218;4247;NA;100123;482;2021-01-15;51024
2021-01-14;"Trenčiansky kraj";275;3193;189;3382;NA;100123;464;2021-01-14;50542
2021-01-13;"Trenčiansky kraj";222;3893;215;4108;NA;100123;437;2021-01-13;50078
2021-01-12;"Trenčiansky kraj";508;4604;261;4865;NA;100123;769;2021-01-12;49641
2021-01-11;"Trenčiansky kraj";142;4367;354;4721;NA;100123;496;2021-01-11;48872
2021-01-10;"Trenčiansky kraj";89;4969;77;5046;NA;100123;166;2021-01-10;48376
2021-01-09;"Trenčiansky kraj";276;8280;128;8408;NA;100123;404;2021-01-09;48210
2021-01-08;"Trenčiansky kraj";489;6434;484;6918;NA;100123;973;2021-01-08;47806
2021-01-07;"Trenčiansky kraj";420;6138;577;6715;NA;100123;997;2021-01-07;46833
2021-01-06;"Trenčiansky kraj";221;1021;64;1085;NA;100123;285;2021-01-06;45836
2021-01-05;"Trenčiansky kraj";669;5753;706;6459;NA;100123;1375;2021-01-05;45551
2021-01-04;"Trenčiansky kraj";337;5248;782;6030;NA;100123;1119;2021-01-04;44176
2021-01-03;"Trenčiansky kraj";38;114;15;129;NA;100123;53;2021-01-03;43057
2021-01-02;"Trenčiansky kraj";129;196;23;219;NA;100123;152;2021-01-02;43004
2021-01-01;"Trenčiansky kraj";329;347;23;370;NA;100123;352;2021-01-01;42852
2020-12-31;"Trenčiansky kraj";597;4943;557;5500;NA;100123;1154;2020-12-31;42500
2020-12-30;"Trenčiansky kraj";836;7012;762;7774;NA;100123;1598;2020-12-30;41346
2020-12-29;"Trenčiansky kraj";459;6191;1018;7209;NA;100123;1477;2020-12-29;39748
2020-12-28;"Trenčiansky kraj";258;4195;777;4972;NA;100123;1035;2020-12-28;38271
2020-12-27;"Trenčiansky kraj";5;208;36;244;NA;100123;41;2020-12-27;37236
2020-12-26;"Trenčiansky kraj";174;74;10;84;NA;100123;184;2020-12-26;37195
2020-12-25;"Trenčiansky kraj";251;325;47;372;NA;100123;298;2020-12-25;37011
2020-12-24;"Trenčiansky kraj";552;2194;256;2450;NA;100123;808;2020-12-24;36713
2020-12-23;"Trenčiansky kraj";421;6552;661;7213;NA;100123;1082;2020-12-23;35905
2020-12-22;"Trenčiansky kraj";673;5760;694;6454;NA;100123;1367;2020-12-22;34823
2020-12-21;"Trenčiansky kraj";248;13321;956;14277;NA;100123;1204;2020-12-21;33456
2020-12-20;"Trenčiansky kraj";238;12504;292;12796;NA;100123;530;2020-12-20;32252
2020-12-19;"Trenčiansky kraj";341;1611;150;1761;NA;100123;491;2020-12-19;31722
2020-12-18;"Trenčiansky kraj";521;5199;615;5814;NA;100123;1136;2020-12-18;31231
2020-12-17;"Trenčiansky kraj";670;3843;524;4367;NA;100123;1194;2020-12-17;30095
2020-12-16;"Trenčiansky kraj";461;4464;647;5111;NA;100123;1108;2020-12-16;28901
2020-12-15;"Trenčiansky kraj";595;3805;670;4475;NA;100123;1265;2020-12-15;27793
2020-12-14;"Trenčiansky kraj";318;3194;613;3807;NA;100123;931;2020-12-14;26528
2020-12-13;"Trenčiansky kraj";77;49;6;55;NA;100123;83;2020-12-13;25597
2020-12-12;"Trenčiansky kraj";314;1191;132;1323;NA;100123;446;2020-12-12;25514
2020-12-11;"Trenčiansky kraj";751;4066;479;4545;NA;100123;1230;2020-12-11;25068
2020-12-10;"Trenčiansky kraj";271;3354;473;3827;NA;100123;744;2020-12-10;23838
2020-12-09;"Trenčiansky kraj";508;3788;466;4254;NA;100123;974;2020-12-09;23094
2020-12-08;"Trenčiansky kraj";546;3440;522;3962;NA;100123;1068;2020-12-08;22120
2020-12-07;"Trenčiansky kraj";258;3832;468;4300;NA;100123;726;2020-12-07;21052
2020-12-06;"Trenčiansky kraj";114;187;11;198;NA;100123;125;2020-12-06;20326
2020-12-05;"Trenčiansky kraj";223;616;56;672;NA;100123;279;2020-12-05;20201
2020-12-04;"Trenčiansky kraj";253;2989;273;3262;NA;100123;526;2020-12-04;19922
2020-12-03;"Trenčiansky kraj";503;1739;179;1918;NA;100123;682;2020-12-03;19396
2020-12-02;"Trenčiansky kraj";418;1887;232;2119;NA;100123;650;2020-12-02;18714
2020-12-01;"Trenčiansky kraj";321;5633;317;5950;NA;100123;638;2020-12-01;18064
2020-11-30;"Trenčiansky kraj";167;11424;491;11915;NA;100123;658;2020-11-30;17426
2020-11-29;"Trenčiansky kraj";29;30;5;35;NA;100123;34;2020-11-29;16768
2020-11-28;"Trenčiansky kraj";202;1051;93;1144;NA;100123;295;2020-11-28;16734
2020-11-27;"Trenčiansky kraj";330;1888;186;2074;NA;100123;516;2020-11-27;16439
2020-11-26;"Trenčiansky kraj";395;1252;122;1374;NA;100123;517;2020-11-26;15923
2020-11-25;"Trenčiansky kraj";322;1444;160;1604;NA;100123;482;2020-11-25;15406
2020-11-24;"Trenčiansky kraj";348;2553;308;2861;NA;100123;656;2020-11-24;14924
2020-11-23;"Trenčiansky kraj";159;1186;122;1308;NA;100123;281;2020-11-23;14268
2020-11-22;"Trenčiansky kraj";26;30;7;37;NA;100123;33;2020-11-22;13987
2020-11-21;"Trenčiansky kraj";255;1376;69;1445;NA;100123;324;2020-11-21;13954
2020-11-20;"Trenčiansky kraj";316;861;93;954;NA;100123;409;2020-11-20;13630
2020-11-19;"Trenčiansky kraj";316;740;113;853;NA;100123;429;2020-11-19;13221
2020-11-18;"Trenčiansky kraj";233;379;66;445;NA;100123;299;2020-11-18;12792
2020-11-17;"Trenčiansky kraj";222;106;15;121;NA;100123;237;2020-11-17;12493
2020-11-16;"Trenčiansky kraj";245;236;45;281;NA;100123;290;2020-11-16;12256
2020-11-15;"Trenčiansky kraj";109;29;6;35;NA;100123;115;2020-11-15;11966
2020-11-14;"Trenčiansky kraj";190;74;11;85;NA;100123;201;2020-11-14;11851
2020-11-13;"Trenčiansky kraj";308;131;13;144;NA;100123;321;2020-11-13;11650
2020-11-12;"Trenčiansky kraj";324;124;5;129;NA;100123;329;2020-11-12;11329
2020-11-11;"Trenčiansky kraj";366;113;10;123;NA;100123;376;2020-11-11;11000
2020-11-10;"Trenčiansky kraj";277;106;6;112;NA;100123;283;2020-11-10;10624
2020-11-09;"Trenčiansky kraj";115;1407;48;1455;NA;100123;163;2020-11-09;10341
2020-11-08;"Trenčiansky kraj";81;1271;8;1279;NA;100123;89;2020-11-08;10178
2020-11-07;"Trenčiansky kraj";319;3662;59;3721;NA;100123;378;2020-11-07;10089
2020-11-06;"Trenčiansky kraj";383;6893;84;6977;NA;100123;467;2020-11-06;9711
2020-11-05;"Trenčiansky kraj";399;98;15;113;NA;100123;414;2020-11-05;9244
2020-11-04;"Trenčiansky kraj";370;91;9;100;NA;100123;379;2020-11-04;8830
2020-11-03;"Trenčiansky kraj";575;97;8;105;NA;100123;583;2020-11-03;8451
2020-11-02;"Trenčiansky kraj";197;1833;68;1901;NA;100123;265;2020-11-02;7868
2020-11-01;"Trenčiansky kraj";257;808;24;832;NA;100123;281;2020-11-01;7603
2020-10-31;"Trenčiansky kraj";332;4719;82;4801;NA;100123;414;2020-10-31;7322
2020-10-30;"Trenčiansky kraj";299;5283;102;5385;NA;100123;401;2020-10-30;6908
2020-10-29;"Trenčiansky kraj";496;764;68;832;NA;100123;564;2020-10-29;6507
2020-10-28;"Trenčiansky kraj";269;192;33;225;NA;100123;302;2020-10-28;5943
2020-10-27;"Trenčiansky kraj";473;127;27;154;NA;100123;500;2020-10-27;5641
2020-10-26;"Trenčiansky kraj";177;107;36;143;NA;100123;213;2020-10-26;5141
2020-10-25;"Trenčiansky kraj";138;9;5;14;NA;100123;143;2020-10-25;4928
2020-10-24;"Trenčiansky kraj";395;128;6;134;NA;100123;401;2020-10-24;4785
2020-10-23;"Trenčiansky kraj";301;154;8;162;NA;100123;309;2020-10-23;4384
2020-10-22;"Trenčiansky kraj";273;82;12;94;NA;100123;285;2020-10-22;4075
2020-10-21;"Trenčiansky kraj";183;53;9;62;NA;100123;192;2020-10-21;3790
2020-10-20;"Trenčiansky kraj";212;47;6;53;NA;100123;218;2020-10-20;3598
2020-10-19;"Trenčiansky kraj";41;83;25;108;NA;100123;66;2020-10-19;3380
2020-10-18;"Trenčiansky kraj";104;0;0;0;NA;100123;104;2020-10-18;3314
2020-10-17;"Trenčiansky kraj";157;0;0;0;NA;100123;157;2020-10-17;3210
2020-10-16;"Trenčiansky kraj";225;42;6;48;NA;100123;231;2020-10-16;3053
2020-10-15;"Trenčiansky kraj";255;39;4;43;NA;100123;259;2020-10-15;2822
2020-10-14;"Trenčiansky kraj";162;42;7;49;NA;100123;169;2020-10-14;2563
2020-10-13;"Trenčiansky kraj";124;105;12;117;NA;100123;136;2020-10-13;2394
2020-10-12;"Trenčiansky kraj";55;0;0;0;NA;100123;55;2020-10-12;2258
2020-10-11;"Trenčiansky kraj";73;0;0;0;NA;100123;73;2020-10-11;2203
2020-10-10;"Trenčiansky kraj";180;0;0;0;NA;100123;180;2020-10-10;2130
2020-10-09;"Trenčiansky kraj";198;0;0;0;NA;100123;198;2020-10-09;1950
2020-10-08;"Trenčiansky kraj";115;0;0;0;NA;100123;115;2020-10-08;1752
2020-10-07;"Trenčiansky kraj";75;0;0;0;NA;100123;75;2020-10-07;1637
2020-10-06;"Trenčiansky kraj";72;0;0;0;NA;100123;72;2020-10-06;1562
2020-10-05;"Trenčiansky kraj";32;0;0;0;NA;100123;32;2020-10-05;1490
2020-10-04;"Trenčiansky kraj";37;0;0;0;NA;100123;37;2020-10-04;1458
2020-10-03;"Trenčiansky kraj";79;0;0;0;NA;100123;79;2020-10-03;1421
2020-10-02;"Trenčiansky kraj";69;0;0;0;NA;100123;69;2020-10-02;1342
2020-10-01;"Trenčiansky kraj";58;0;0;0;NA;100123;58;2020-10-01;1273
2020-09-30;"Trenčiansky kraj";76;0;0;0;NA;100123;76;2020-09-30;1215
2020-09-29;"Trenčiansky kraj";43;0;0;0;NA;100123;43;2020-09-29;1139
2020-09-28;"Trenčiansky kraj";7;0;0;0;NA;100123;7;2020-09-28;1096
2020-09-27;"Trenčiansky kraj";12;0;0;0;NA;100123;12;2020-09-27;1089
2020-09-26;"Trenčiansky kraj";37;0;0;0;NA;100123;37;2020-09-26;1077
2020-09-25;"Trenčiansky kraj";72;0;0;0;NA;100123;72;2020-09-25;1040
2020-09-24;"Trenčiansky kraj";41;0;0;0;NA;100123;41;2020-09-24;968
2020-09-23;"Trenčiansky kraj";32;0;0;0;NA;100123;32;2020-09-23;927
2020-09-22;"Trenčiansky kraj";26;0;0;0;NA;100123;26;2020-09-22;895
2020-09-21;"Trenčiansky kraj";23;0;0;0;NA;100123;23;2020-09-21;869
2020-09-20;"Trenčiansky kraj";21;0;0;0;NA;100123;21;2020-09-20;846
2020-09-19;"Trenčiansky kraj";20;0;0;0;NA;100123;20;2020-09-19;825
2020-09-18;"Trenčiansky kraj";41;0;0;0;NA;100123;41;2020-09-18;805
2020-09-17;"Trenčiansky kraj";20;0;0;0;NA;100123;20;2020-09-17;764
2020-09-16;"Trenčiansky kraj";14;0;0;0;NA;100123;14;2020-09-16;744
2020-09-15;"Trenčiansky kraj";8;0;0;0;NA;100123;8;2020-09-15;730
2020-09-14;"Trenčiansky kraj";5;0;0;0;NA;100123;5;2020-09-14;722
2020-09-13;"Trenčiansky kraj";12;0;0;0;NA;100123;12;2020-09-13;717
2020-09-12;"Trenčiansky kraj";2;0;0;0;NA;100123;2;2020-09-12;705
2020-09-11;"Trenčiansky kraj";27;0;0;0;NA;100123;27;2020-09-11;703
2020-09-10;"Trenčiansky kraj";15;0;0;0;NA;100123;15;2020-09-10;676
2020-09-09;"Trenčiansky kraj";11;0;0;0;NA;100123;11;2020-09-09;661
2020-09-08;"Trenčiansky kraj";12;0;0;0;NA;100123;12;2020-09-08;650
2020-09-07;"Trenčiansky kraj";6;0;0;0;NA;100123;6;2020-09-07;638
2020-09-06;"Trenčiansky kraj";1;0;0;0;NA;100123;1;2020-09-06;632
2020-09-05;"Trenčiansky kraj";3;0;0;0;NA;100123;3;2020-09-05;631
2020-09-04;"Trenčiansky kraj";9;0;0;0;NA;100123;9;2020-09-04;628
2020-09-03;"Trenčiansky kraj";10;0;0;0;NA;100123;10;2020-09-03;619
2020-09-02;"Trenčiansky kraj";5;0;0;0;NA;100123;5;2020-09-02;609
2020-09-01;"Trenčiansky kraj";1;0;0;0;NA;100123;1;2020-09-01;604
2020-08-31;"Trenčiansky kraj";12;0;0;0;NA;100123;12;2020-08-31;603
2020-08-30;"Trenčiansky kraj";0;0;0;0;NA;100123;0;2020-08-30;591
2020-08-29;"Trenčiansky kraj";1;0;0;0;NA;100123;1;2020-08-29;591
2020-08-28;"Trenčiansky kraj";12;0;0;0;NA;100123;12;2020-08-28;590
2020-08-27;"Trenčiansky kraj";10;0;0;0;NA;100123;10;2020-08-27;578
2020-08-26;"Trenčiansky kraj";15;0;0;0;NA;100123;15;2020-08-26;568
2020-08-25;"Trenčiansky kraj";12;0;0;0;NA;100123;12;2020-08-25;553
2020-08-24;"Trenčiansky kraj";4;0;0;0;NA;100123;4;2020-08-24;541
2020-08-23;"Trenčiansky kraj";5;0;0;0;NA;100123;5;2020-08-23;537
2020-08-22;"Trenčiansky kraj";6;0;0;0;NA;100123;6;2020-08-22;532
2020-08-21;"Trenčiansky kraj";6;0;0;0;NA;100123;6;2020-08-21;526
2020-08-20;"Trenčiansky kraj";20;0;0;0;NA;100123;20;2020-08-20;520
2020-08-19;"Trenčiansky kraj";17;0;0;0;NA;100123;17;2020-08-19;500
2020-08-18;"Trenčiansky kraj";9;0;0;0;NA;100123;9;2020-08-18;483
2020-08-17;"Trenčiansky kraj";4;0;0;0;NA;100123;4;2020-08-17;474
2020-08-16;"Trenčiansky kraj";0;0;0;0;NA;100123;0;2020-08-16;470
2020-08-15;"Trenčiansky kraj";9;0;0;0;NA;100123;9;2020-08-15;470
2020-08-14;"Trenčiansky kraj";15;0;0;0;NA;100123;15;2020-08-14;461
2020-08-13;"Trenčiansky kraj";23;0;0;0;NA;100123;23;2020-08-13;446
2020-08-12;"Trenčiansky kraj";6;0;0;0;NA;100123;6;2020-08-12;423
2020-08-11;"Trenčiansky kraj";7;0;0;0;NA;100123;7;2020-08-11;417
2020-08-10;"Trenčiansky kraj";9;0;0;0;NA;100123;9;2020-08-10;410
2020-08-09;"Trenčiansky kraj";1;0;0;0;NA;100123;1;2020-08-09;401
2020-08-08;"Trenčiansky kraj";4;0;0;0;NA;100123;4;2020-08-08;400
2020-08-07;"Trenčiansky kraj";4;0;0;0;NA;100123;4;2020-08-07;396
2020-08-06;"Trenčiansky kraj";13;0;0;0;NA;100123;13;2020-08-06;392
2020-08-05;"Trenčiansky kraj";39;0;0;0;NA;100123;39;2020-08-05;379
2020-08-04;"Trenčiansky kraj";9;0;0;0;NA;100123;9;2020-08-04;340
2020-08-03;"Trenčiansky kraj";0;0;0;0;NA;100123;0;2020-08-03;331
2020-08-02;"Trenčiansky kraj";2;0;0;0;NA;100123;2;2020-08-02;331
2020-08-01;"Trenčiansky kraj";6;0;0;0;NA;100123;6;2020-08-01;329
2020-07-31;"Trenčiansky kraj";16;0;0;0;NA;100123;16;2020-07-31;323
2020-07-30;"Trenčiansky kraj";4;0;0;0;NA;100123;4;2020-07-30;307
2020-07-29;"Trenčiansky kraj";5;0;0;0;NA;100123;5;2020-07-29;303
2020-07-28;"Trenčiansky kraj";11;0;0;0;NA;100123;11;2020-07-28;298
2020-07-27;"Trenčiansky kraj";4;0;0;0;NA;100123;4;2020-07-27;287
2020-07-26;"Trenčiansky kraj";1;0;0;0;NA;100123;1;2020-07-26;283
2020-07-25;"Trenčiansky kraj";7;0;0;0;NA;100123;7;2020-07-25;282
2020-07-24;"Trenčiansky kraj";5;0;0;0;NA;100123;5;2020-07-24;275
2020-07-23;"Trenčiansky kraj";10;0;0;0;NA;100123;10;2020-07-23;270
2020-07-22;"Trenčiansky kraj";11;0;0;0;NA;100123;11;2020-07-22;260
2020-07-21;"Trenčiansky kraj";6;0;0;0;NA;100123;6;2020-07-21;249
2020-07-20;"Trenčiansky kraj";13;0;0;0;NA;100123;13;2020-07-20;243
2020-07-19;"Trenčiansky kraj";0;0;0;0;NA;100123;0;2020-07-19;230
2020-07-18;"Trenčiansky kraj";0;0;0;0;NA;100123;0;2020-07-18;230
2020-07-17;"Trenčiansky kraj";1;0;0;0;NA;100123;1;2020-07-17;230
2020-07-16;"Trenčiansky kraj";0;0;0;0;NA;100123;0;2020-07-16;229
2020-07-15;"Trenčiansky kraj";2;0;0;0;NA;100123;2;2020-07-15;229
2020-07-14;"Trenčiansky kraj";8;0;0;0;NA;100123;8;2020-07-14;227
2020-07-13;"Trenčiansky kraj";1;0;0;0;NA;100123;1;2020-07-13;219
2020-07-12;"Trenčiansky kraj";0;0;0;0;NA;100123;0;2020-07-12;218
2020-07-11;"Trenčiansky kraj";0;0;0;0;NA;100123;0;2020-07-11;218
2020-07-10;"Trenčiansky kraj";3;0;0;0;NA;100123;3;2020-07-10;218
2020-07-09;"Trenčiansky kraj";2;0;0;0;NA;100123;2;2020-07-09;215
2020-07-08;"Trenčiansky kraj";1;0;0;0;NA;100123;1;2020-07-08;213
2020-07-07;"Trenčiansky kraj";9;0;0;0;NA;100123;9;2020-07-07;212
2020-07-06;"Trenčiansky kraj";1;0;0;0;NA;100123;1;2020-07-06;203
2020-07-05;"Trenčiansky kraj";1;0;0;0;NA;100123;1;2020-07-05;202
2020-07-04;"Trenčiansky kraj";0;0;0;0;NA;100123;0;2020-07-04;201
2020-07-03;"Trenčiansky kraj";2;0;0;0;NA;100123;2;2020-07-03;201
2020-07-02;"Trenčiansky kraj";10;0;0;0;NA;100123;10;2020-07-02;199
2020-07-01;"Trenčiansky kraj";1;0;0;0;NA;100123;1;2020-07-01;189
2020-06-30;"Trenčiansky kraj";6;0;0;0;NA;100123;6;2020-06-30;188
2020-06-29;"Trenčiansky kraj";1;0;0;0;NA;100123;1;2020-06-29;182
2020-06-28;"Trenčiansky kraj";0;0;0;0;NA;100123;0;2020-06-28;181
2020-06-27;"Trenčiansky kraj";0;0;0;0;NA;100123;0;2020-06-27;181
2020-06-26;"Trenčiansky kraj";0;0;0;0;NA;100123;0;2020-06-26;181
2020-06-25;"Trenčiansky kraj";2;0;0;0;NA;100123;2;2020-06-25;181
2020-06-24;"Trenčiansky kraj";1;0;0;0;NA;100123;1;2020-06-24;179
2020-06-23;"Trenčiansky kraj";0;0;0;0;NA;100123;0;2020-06-23;178
2020-06-22;"Trenčiansky kraj";0;0;0;0;NA;100123;0;2020-06-22;178
2020-06-21;"Trenčiansky kraj";0;0;0;0;NA;100123;0;2020-06-21;178
2020-06-20;"Trenčiansky kraj";0;0;0;0;NA;100123;0;2020-06-20;178
2020-06-19;"Trenčiansky kraj";0;0;0;0;NA;100123;0;2020-06-19;178
2020-06-18;"Trenčiansky kraj";0;0;0;0;NA;100123;0;2020-06-18;178
2020-06-17;"Trenčiansky kraj";0;0;0;0;NA;100123;0;2020-06-17;178
2020-06-16;"Trenčiansky kraj";0;0;0;0;NA;100123;0;2020-06-16;178
2020-06-14;"Trenčiansky kraj";0;0;0;0;NA;100123;0;2020-06-14;178
2020-06-13;"Trenčiansky kraj";0;0;0;0;NA;100123;0;2020-06-13;178
2020-06-12;"Trenčiansky kraj";0;0;0;0;NA;100123;0;2020-06-12;178
2020-06-11;"Trenčiansky kraj";0;0;0;0;NA;100123;0;2020-06-11;178
2020-06-10;"Trenčiansky kraj";1;0;0;0;NA;100123;1;2020-06-10;178
2020-06-09;"Trenčiansky kraj";0;0;0;0;NA;100123;0;2020-06-09;177
2020-06-08;"Trenčiansky kraj";0;0;0;0;NA;100123;0;2020-06-08;177
2020-06-07;"Trenčiansky kraj";0;0;0;0;NA;100123;0;2020-06-07;177
2020-06-05;"Trenčiansky kraj";0;0;0;0;NA;100123;0;2020-06-05;177
2020-06-03;"Trenčiansky kraj";0;0;0;0;NA;100123;0;2020-06-03;177
2020-06-02;"Trenčiansky kraj";0;0;0;0;NA;100123;0;2020-06-02;177
2020-05-31;"Trenčiansky kraj";0;0;0;0;NA;100123;0;2020-05-31;177
2020-05-29;"Trenčiansky kraj";0;0;0;0;NA;100123;0;2020-05-29;177
2020-05-27;"Trenčiansky kraj";2;0;0;0;NA;100123;2;2020-05-27;177
2020-05-26;"Trenčiansky kraj";0;0;0;0;NA;100123;0;2020-05-26;175
2020-05-25;"Trenčiansky kraj";0;0;0;0;NA;100123;0;2020-05-25;175
2020-05-24;"Trenčiansky kraj";0;0;0;0;NA;100123;0;2020-05-24;175
2020-05-23;"Trenčiansky kraj";0;0;0;0;NA;100123;0;2020-05-23;175
2020-05-22;"Trenčiansky kraj";0;0;0;0;NA;100123;0;2020-05-22;175
2020-05-21;"Trenčiansky kraj";0;0;0;0;NA;100123;0;2020-05-21;175
2020-05-20;"Trenčiansky kraj";0;0;0;0;NA;100123;0;2020-05-20;175
2020-05-19;"Trenčiansky kraj";0;0;0;0;NA;100123;0;2020-05-19;175
2020-05-17;"Trenčiansky kraj";0;0;0;0;NA;100123;0;2020-05-17;175
2020-05-16;"Trenčiansky kraj";0;0;0;0;NA;100123;0;2020-05-16;175
2020-05-15;"Trenčiansky kraj";1;0;0;0;NA;100123;1;2020-05-15;175
2020-05-14;"Trenčiansky kraj";2;0;0;0;NA;100123;2;2020-05-14;174
2020-05-13;"Trenčiansky kraj";1;0;0;0;NA;100123;1;2020-05-13;172
2020-05-12;"Trenčiansky kraj";1;0;0;0;NA;100123;1;2020-05-12;171
2020-05-11;"Trenčiansky kraj";3;0;0;0;NA;100123;3;2020-05-11;170
2020-05-09;"Trenčiansky kraj";2;0;0;0;NA;100123;2;2020-05-09;167
2020-05-07;"Trenčiansky kraj";6;0;0;0;NA;100123;6;2020-05-07;165
2020-05-06;"Trenčiansky kraj";0;0;0;0;NA;100123;0;2020-05-06;159
2020-05-05;"Trenčiansky kraj";2;0;0;0;NA;100123;2;2020-05-05;159
2020-05-04;"Trenčiansky kraj";0;0;0;0;NA;100123;0;2020-05-04;157
2020-05-03;"Trenčiansky kraj";0;0;0;0;NA;100123;0;2020-05-03;157
2020-05-02;"Trenčiansky kraj";0;0;0;0;NA;100123;0;2020-05-02;157
2020-05-01;"Trenčiansky kraj";0;0;0;0;NA;100123;0;2020-05-01;157
2020-04-30;"Trenčiansky kraj";0;0;0;0;NA;100123;0;2020-04-30;157
2020-04-29;"Trenčiansky kraj";2;0;0;0;NA;100123;2;2020-04-29;157
2020-04-28;"Trenčiansky kraj";1;0;0;0;NA;100123;1;2020-04-28;155
2020-04-27;"Trenčiansky kraj";0;0;0;0;NA;100123;0;2020-04-27;154
2020-04-26;"Trenčiansky kraj";1;0;0;0;NA;100123;1;2020-04-26;154
2020-04-25;"Trenčiansky kraj";0;0;0;0;NA;100123;0;2020-04-25;153
2020-04-24;"Trenčiansky kraj";0;0;0;0;NA;100123;0;2020-04-24;153
2020-04-23;"Trenčiansky kraj";11;0;0;0;NA;100123;11;2020-04-23;153
2020-04-22;"Trenčiansky kraj";1;0;0;0;NA;100123;1;2020-04-22;142
2020-04-21;"Trenčiansky kraj";11;0;0;0;NA;100123;11;2020-04-21;141
2020-04-20;"Trenčiansky kraj";15;0;0;0;NA;100123;15;2020-04-20;130
2020-04-19;"Trenčiansky kraj";2;0;0;0;NA;100123;2;2020-04-19;115
2020-04-18;"Trenčiansky kraj";3;0;0;0;NA;100123;3;2020-04-18;113
2020-04-17;"Trenčiansky kraj";4;0;0;0;NA;100123;4;2020-04-17;110
2020-04-16;"Trenčiansky kraj";10;0;0;0;NA;100123;10;2020-04-16;106
2020-04-15;"Trenčiansky kraj";4;0;0;0;NA;100123;4;2020-04-15;96
2020-04-14;"Trenčiansky kraj";0;0;0;0;NA;100123;0;2020-04-14;92
2020-04-13;"Trenčiansky kraj";1;0;0;0;NA;100123;1;2020-04-13;92
2020-04-12;"Trenčiansky kraj";2;0;0;0;NA;100123;2;2020-04-12;91
2020-04-11;"Trenčiansky kraj";3;0;0;0;NA;100123;3;2020-04-11;89
2020-04-10;"Trenčiansky kraj";0;0;0;0;NA;100123;0;2020-04-10;86
2020-04-09;"Trenčiansky kraj";0;0;0;0;NA;100123;0;2020-04-09;86
2020-04-08;"Trenčiansky kraj";2;0;0;0;NA;100123;2;2020-04-08;86
2020-04-07;"Trenčiansky kraj";18;0;0;0;NA;100123;18;2020-04-07;84
2020-04-06;"Trenčiansky kraj";0;0;0;0;NA;100123;0;2020-04-06;66
2020-04-05;"Trenčiansky kraj";3;0;0;0;NA;100123;3;2020-04-05;66
2020-04-04;"Trenčiansky kraj";5;0;0;0;NA;100123;5;2020-04-04;63
2020-04-03;"Trenčiansky kraj";4;0;0;0;NA;100123;4;2020-04-03;58
2020-04-02;"Trenčiansky kraj";1;0;0;0;NA;100123;1;2020-04-02;54
2020-04-01;"Trenčiansky kraj";3;0;0;0;NA;100123;3;2020-04-01;53
2020-03-31;"Trenčiansky kraj";1;0;0;0;NA;100123;1;2020-03-31;50
2020-03-30;"Trenčiansky kraj";3;0;0;0;NA;100123;3;2020-03-30;49
2020-03-29;"Trenčiansky kraj";6;0;0;0;NA;100123;6;2020-03-29;46
2020-03-28;"Trenčiansky kraj";9;0;0;0;NA;100123;9;2020-03-28;40
2020-03-27;"Trenčiansky kraj";2;0;0;0;NA;100123;2;2020-03-27;31
2020-03-26;"Trenčiansky kraj";6;0;0;0;NA;100123;6;2020-03-26;29
2020-03-25;"Trenčiansky kraj";3;0;0;0;NA;100123;3;2020-03-25;23
2020-03-24;"Trenčiansky kraj";1;0;0;0;NA;100123;1;2020-03-24;20
2020-03-23;"Trenčiansky kraj";0;0;0;0;NA;100123;0;2020-03-23;19
2020-03-22;"Trenčiansky kraj";0;0;0;0;NA;100123;0;2020-03-22;19
2020-03-21;"Trenčiansky kraj";2;0;0;0;NA;100123;2;2020-03-21;19
2020-03-20;"Trenčiansky kraj";2;0;0;0;NA;100123;2;2020-03-20;17
2020-03-19;"Trenčiansky kraj";8;0;0;0;NA;100123;8;2020-03-19;15
2020-03-18;"Trenčiansky kraj";0;0;0;0;NA;100123;0;2020-03-18;7
2020-03-17;"Trenčiansky kraj";0;0;0;0;NA;100123;0;2020-03-17;7
2020-03-16;"Trenčiansky kraj";1;0;0;0;NA;100123;1;2020-03-16;7
2020-03-15;"Trenčiansky kraj";5;0;0;0;NA;100123;5;2020-03-15;6
2020-03-14;"Trenčiansky kraj";0;0;0;0;NA;100123;0;2020-03-14;1
2020-03-13;"Trenčiansky kraj";0;0;0;0;NA;100123;0;2020-03-13;1
2020-03-12;"Trenčiansky kraj";1;0;0;0;NA;100123;1;2020-03-12;1
2020-03-11;"Trenčiansky kraj";0;0;0;0;NA;100123;0;2020-03-11;0
2020-03-09;"Trenčiansky kraj";0;0;0;0;NA;100123;0;2020-03-09;0
2020-03-08;"Trenčiansky kraj";0;0;0;0;NA;100123;0;2020-03-08;0
2020-03-07;"Trenčiansky kraj";0;0;0;0;NA;100123;0;2020-03-07;0
2020-03-06;"Trenčiansky kraj";0;0;0;0;NA;100123;0;2020-03-06;0
2021-05-30;"Trnavský kraj";0;5160;6;5166;45579;89812;6;2021-05-30;89812
2021-05-29;"Trnavský kraj";11;7497;4;7501;NA;89812;15;2021-05-29;89806
2021-05-28;"Trnavský kraj";14;6491;11;6502;NA;89812;25;2021-05-28;89791
2021-05-27;"Trnavský kraj";22;4478;8;4486;NA;89812;30;2021-05-27;89766
2021-05-26;"Trnavský kraj";6;4869;8;4877;NA;89812;14;2021-05-26;89736
2021-05-25;"Trnavský kraj";19;5022;27;5049;NA;89812;46;2021-05-25;89722
2021-05-24;"Trnavský kraj";15;6520;22;6542;NA;89812;37;2021-05-24;89676
2021-05-23;"Trnavský kraj";0;7920;8;7928;NA;89812;8;2021-05-23;89639
2021-05-22;"Trnavský kraj";13;13098;21;13119;NA;89812;34;2021-05-22;89631
2021-05-21;"Trnavský kraj";16;8520;19;8539;NA;89812;35;2021-05-21;89597
2021-05-20;"Trnavský kraj";15;5509;11;5520;NA;89812;26;2021-05-20;89562
2021-05-19;"Trnavský kraj";18;5430;13;5443;NA;89812;31;2021-05-19;89536
2021-05-18;"Trnavský kraj";26;5768;15;5783;NA;89812;41;2021-05-18;89505
2021-05-17;"Trnavský kraj";17;6259;24;6283;NA;89812;41;2021-05-17;89464
2021-05-16;"Trnavský kraj";10;9984;8;9992;NA;89812;18;2021-05-16;89423
2021-05-15;"Trnavský kraj";11;18525;14;18539;NA;89812;25;2021-05-15;89405
2021-05-14;"Trnavský kraj";34;10279;21;10300;NA;89812;55;2021-05-14;89380
2021-05-13;"Trnavský kraj";26;6913;12;6925;NA;89812;38;2021-05-13;89325
2021-05-12;"Trnavský kraj";34;6621;26;6647;NA;89812;60;2021-05-12;89287
2021-05-11;"Trnavský kraj";32;6393;13;6406;NA;89812;45;2021-05-11;89227
2021-05-10;"Trnavský kraj";58;9135;24;9159;NA;89812;82;2021-05-10;89182
2021-05-09;"Trnavský kraj";21;12571;12;12583;NA;89812;33;2021-05-09;89100
2021-05-08;"Trnavský kraj";4;23028;22;23050;NA;89812;26;2021-05-08;89067
2021-05-07;"Trnavský kraj";26;15397;30;15427;NA;89812;56;2021-05-07;89041
2021-05-06;"Trnavský kraj";22;8397;22;8419;NA;89812;44;2021-05-06;88985
2021-05-05;"Trnavský kraj";34;6273;22;6295;NA;89812;56;2021-05-05;88941
2021-05-04;"Trnavský kraj";51;8539;17;8556;NA;89812;68;2021-05-04;88885
2021-05-03;"Trnavský kraj";20;8954;22;8976;NA;89812;42;2021-05-03;88817
2021-05-02;"Trnavský kraj";0;25657;29;25686;NA;89812;29;2021-05-02;88775
2021-05-01;"Trnavský kraj";30;81347;64;81411;NA;89812;94;2021-05-01;88746
2021-04-30;"Trnavský kraj";45;26843;35;26878;NA;89812;80;2021-04-30;88652
2021-04-29;"Trnavský kraj";25;20323;28;20351;NA;89812;53;2021-04-29;88572
2021-04-28;"Trnavský kraj";46;8867;28;8895;NA;89812;74;2021-04-28;88519
2021-04-27;"Trnavský kraj";54;8744;37;8781;NA;89812;91;2021-04-27;88445
2021-04-26;"Trnavský kraj";53;16113;42;16155;NA;89812;95;2021-04-26;88354
2021-04-25;"Trnavský kraj";0;30183;24;30207;NA;89812;24;2021-04-25;88259
2021-04-24;"Trnavský kraj";46;125410;82;125492;NA;89812;128;2021-04-24;88235
2021-04-23;"Trnavský kraj";71;25622;53;25675;NA;89812;124;2021-04-23;88107
2021-04-22;"Trnavský kraj";40;10901;25;10926;NA;89812;65;2021-04-22;87983
2021-04-21;"Trnavský kraj";60;10728;45;10773;NA;89812;105;2021-04-21;87918
2021-04-20;"Trnavský kraj";57;13499;28;13527;NA;89812;85;2021-04-20;87813
2021-04-19;"Trnavský kraj";46;14584;18;14602;NA;89812;64;2021-04-19;87728
2021-04-18;"Trnavský kraj";7;40843;43;40886;NA;89812;50;2021-04-18;87664
2021-04-17;"Trnavský kraj";58;118094;89;118183;NA;89812;147;2021-04-17;87614
2021-04-16;"Trnavský kraj";67;25962;48;26010;NA;89812;115;2021-04-16;87467
2021-04-15;"Trnavský kraj";65;11373;36;11409;NA;89812;101;2021-04-15;87352
2021-04-14;"Trnavský kraj";78;18442;53;18495;NA;89812;131;2021-04-14;87251
2021-04-13;"Trnavský kraj";126;9831;44;9875;NA;89812;170;2021-04-13;87120
2021-04-12;"Trnavský kraj";40;15575;40;15615;NA;89812;80;2021-04-12;86950
2021-04-11;"Trnavský kraj";3;44417;44;44461;NA;89812;47;2021-04-11;86870
2021-04-10;"Trnavský kraj";60;123822;107;123929;NA;89812;167;2021-04-10;86823
2021-04-09;"Trnavský kraj";95;26084;34;26118;NA;89812;129;2021-04-09;86656
2021-04-08;"Trnavský kraj";85;10893;52;10945;NA;89812;137;2021-04-08;86527
2021-04-07;"Trnavský kraj";131;15964;81;16045;NA;89812;212;2021-04-07;86390
2021-04-06;"Trnavský kraj";92;20579;90;20669;NA;89812;182;2021-04-06;86178
2021-04-05;"Trnavský kraj";91;7517;17;7534;NA;89812;108;2021-04-05;85996
2021-04-04;"Trnavský kraj";9;28831;49;28880;NA;89812;58;2021-04-04;85888
2021-04-03;"Trnavský kraj";29;144077;186;144263;NA;89812;215;2021-04-03;85830
2021-04-02;"Trnavský kraj";91;17538;33;17571;NA;89812;124;2021-04-02;85615
2021-04-01;"Trnavský kraj";118;22027;69;22096;NA;89812;187;2021-04-01;85491
2021-03-31;"Trnavský kraj";140;15819;82;15901;NA;89812;222;2021-03-31;85304
2021-03-30;"Trnavský kraj";182;10482;79;10561;NA;89812;261;2021-03-30;85082
2021-03-29;"Trnavský kraj";126;19249;122;19371;NA;89812;248;2021-03-29;84821
2021-03-28;"Trnavský kraj";26;50792;134;50926;NA;89812;160;2021-03-28;84573
2021-03-27;"Trnavský kraj";64;129602;245;129847;NA;89812;309;2021-03-27;84413
2021-03-26;"Trnavský kraj";139;30217;130;30347;NA;89812;269;2021-03-26;84104
2021-03-25;"Trnavský kraj";135;14212;80;14292;NA;89812;215;2021-03-25;83835
2021-03-24;"Trnavský kraj";159;10521;89;10610;NA;89812;248;2021-03-24;83620
2021-03-23;"Trnavský kraj";221;12735;104;12839;NA;89812;325;2021-03-23;83372
2021-03-22;"Trnavský kraj";103;17068;110;17178;NA;89812;213;2021-03-22;83047
2021-03-21;"Trnavský kraj";31;49119;150;49269;NA;89812;181;2021-03-21;82834
2021-03-20;"Trnavský kraj";112;136963;317;137280;NA;89812;429;2021-03-20;82653
2021-03-19;"Trnavský kraj";174;29071;137;29208;NA;89812;311;2021-03-19;82224
2021-03-18;"Trnavský kraj";158;12217;136;12353;NA;89812;294;2021-03-18;81913
2021-03-17;"Trnavský kraj";245;10434;103;10537;NA;89812;348;2021-03-17;81619
2021-03-16;"Trnavský kraj";311;12811;135;12946;NA;89812;446;2021-03-16;81271
2021-03-15;"Trnavský kraj";127;18678;146;18824;NA;89812;273;2021-03-15;80825
2021-03-14;"Trnavský kraj";14;47608;164;47772;NA;89812;178;2021-03-14;80552
2021-03-13;"Trnavský kraj";155;139224;409;139633;NA;89812;564;2021-03-13;80374
2021-03-12;"Trnavský kraj";201;28559;181;28740;NA;89812;382;2021-03-12;79810
2021-03-11;"Trnavský kraj";204;13285;140;13425;NA;89812;344;2021-03-11;79428
2021-03-10;"Trnavský kraj";242;10583;135;10718;NA;89812;377;2021-03-10;79084
2021-03-09;"Trnavský kraj";442;12820;155;12975;NA;89812;597;2021-03-09;78707
2021-03-08;"Trnavský kraj";182;21825;166;21991;NA;89812;348;2021-03-08;78110
2021-03-07;"Trnavský kraj";30;45463;227;45690;NA;89812;257;2021-03-07;77762
2021-03-06;"Trnavský kraj";154;135635;531;136166;NA;89812;685;2021-03-06;77505
2021-03-05;"Trnavský kraj";299;28620;243;28863;NA;89812;542;2021-03-05;76820
2021-03-04;"Trnavský kraj";238;14489;175;14664;NA;89812;413;2021-03-04;76278
2021-03-03;"Trnavský kraj";413;11566;246;11812;NA;89812;659;2021-03-03;75865
2021-03-02;"Trnavský kraj";477;12347;191;12538;NA;89812;668;2021-03-02;75206
2021-03-01;"Trnavský kraj";189;18587;234;18821;NA;89812;423;2021-03-01;74538
2021-02-28;"Trnavský kraj";87;47709;321;48030;NA;89812;408;2021-02-28;74115
2021-02-27;"Trnavský kraj";264;140725;804;141529;NA;89812;1068;2021-02-27;73707
2021-02-26;"Trnavský kraj";362;26815;286;27101;NA;89812;648;2021-02-26;72639
2021-02-25;"Trnavský kraj";433;10490;227;10717;NA;89812;660;2021-02-25;71991
2021-02-24;"Trnavský kraj";407;9110;290;9400;NA;89812;697;2021-02-24;71331
2021-02-23;"Trnavský kraj";469;11322;284;11606;NA;89812;753;2021-02-23;70634
2021-02-22;"Trnavský kraj";206;19896;330;20226;NA;89812;536;2021-02-22;69881
2021-02-21;"Trnavský kraj";38;48221;329;48550;NA;89812;367;2021-02-21;69345
2021-02-20;"Trnavský kraj";273;135835;859;136694;NA;89812;1132;2021-02-20;68978
2021-02-19;"Trnavský kraj";335;26982;347;27329;NA;89812;682;2021-02-19;67846
2021-02-18;"Trnavský kraj";344;11263;348;11611;NA;89812;692;2021-02-18;67164
2021-02-17;"Trnavský kraj";431;8781;416;9197;NA;89812;847;2021-02-17;66472
2021-02-16;"Trnavský kraj";426;11413;295;11708;NA;89812;721;2021-02-16;65625
2021-02-15;"Trnavský kraj";146;18075;291;18366;NA;89812;437;2021-02-15;64904
2021-02-14;"Trnavský kraj";51;57642;495;58137;NA;89812;546;2021-02-14;64467
2021-02-13;"Trnavský kraj";218;137051;994;138045;NA;89812;1212;2021-02-13;63921
2021-02-12;"Trnavský kraj";300;23682;336;24018;NA;89812;636;2021-02-12;62709
2021-02-11;"Trnavský kraj";422;9911;360;10271;NA;89812;782;2021-02-11;62073
2021-02-10;"Trnavský kraj";511;9334;344;9678;NA;89812;855;2021-02-10;61291
2021-02-09;"Trnavský kraj";544;12752;369;13121;NA;89812;913;2021-02-09;60436
2021-02-08;"Trnavský kraj";220;33539;498;34037;NA;89812;718;2021-02-08;59523
2021-02-07;"Trnavský kraj";140;68646;623;69269;NA;89812;763;2021-02-07;58805
2021-02-06;"Trnavský kraj";348;112687;1482;114169;NA;89812;1830;2021-02-06;58042
2021-02-05;"Trnavský kraj";377;16063;373;16436;NA;89812;750;2021-02-05;56212
2021-02-04;"Trnavský kraj";456;7317;456;7773;NA;89812;912;2021-02-04;55462
2021-02-03;"Trnavský kraj";472;6584;434;7018;NA;89812;906;2021-02-03;54550
2021-02-02;"Trnavský kraj";446;14240;424;14664;NA;89812;870;2021-02-02;53644
2021-02-01;"Trnavský kraj";198;38882;679;39561;NA;89812;877;2021-02-01;52774
2021-01-31;"Trnavský kraj";19;64673;817;65490;NA;89812;836;2021-01-31;51897
2021-01-30;"Trnavský kraj";323;111483;1288;112771;NA;89812;1611;2021-01-30;51061
2021-01-29;"Trnavský kraj";421;9690;290;9980;NA;89812;711;2021-01-29;49450
2021-01-28;"Trnavský kraj";389;5815;286;6101;NA;89812;675;2021-01-28;48739
2021-01-27;"Trnavský kraj";433;5300;219;5519;NA;89812;652;2021-01-27;48064
2021-01-26;"Trnavský kraj";565;25392;636;26028;NA;89812;1201;2021-01-26;47412
2021-01-25;"Trnavský kraj";210;41420;607;42027;NA;89812;817;2021-01-25;46211
2021-01-24;"Trnavský kraj";91;66399;779;67178;NA;89812;870;2021-01-24;45394
2021-01-23;"Trnavský kraj";372;117933;1349;119282;NA;89812;1721;2021-01-23;44524
2021-01-22;"Trnavský kraj";217;33122;507;33629;NA;89812;724;2021-01-22;42803
2021-01-21;"Trnavský kraj";311;13922;378;14300;NA;89812;689;2021-01-21;42079
2021-01-20;"Trnavský kraj";503;8118;274;8392;NA;89812;777;2021-01-20;41390
2021-01-19;"Trnavský kraj";415;7013;347;7360;NA;89812;762;2021-01-19;40613
2021-01-18;"Trnavský kraj";247;6234;484;6718;NA;89812;731;2021-01-18;39851
2021-01-17;"Trnavský kraj";128;854;215;1069;NA;89812;343;2021-01-17;39120
2021-01-16;"Trnavský kraj";103;898;24;922;NA;89812;127;2021-01-16;38777
2021-01-15;"Trnavský kraj";278;5457;335;5792;NA;89812;613;2021-01-15;38650
2021-01-14;"Trnavský kraj";452;4001;338;4339;NA;89812;790;2021-01-14;38037
2021-01-13;"Trnavský kraj";457;4751;378;5129;NA;89812;835;2021-01-13;37247
2021-01-12;"Trnavský kraj";469;7175;483;7658;NA;89812;952;2021-01-12;36412
2021-01-11;"Trnavský kraj";370;5012;392;5404;NA;89812;762;2021-01-11;35460
2021-01-10;"Trnavský kraj";71;13;0;13;NA;89812;71;2021-01-10;34698
2021-01-09;"Trnavský kraj";417;1775;100;1875;NA;89812;517;2021-01-09;34627
2021-01-08;"Trnavský kraj";381;6554;532;7086;NA;89812;913;2021-01-08;34110
2021-01-07;"Trnavský kraj";501;4080;390;4470;NA;89812;891;2021-01-07;33197
2021-01-06;"Trnavský kraj";179;758;132;890;NA;89812;311;2021-01-06;32306
2021-01-05;"Trnavský kraj";611;5925;636;6561;NA;89812;1247;2021-01-05;31995
2021-01-04;"Trnavský kraj";302;5239;689;5928;NA;89812;991;2021-01-04;30748
2021-01-03;"Trnavský kraj";60;53;7;60;NA;89812;67;2021-01-03;29757
2021-01-02;"Trnavský kraj";282;417;32;449;NA;89812;314;2021-01-02;29690
2021-01-01;"Trnavský kraj";143;455;76;531;NA;89812;219;2021-01-01;29376
2020-12-31;"Trnavský kraj";498;8488;858;9346;NA;89812;1356;2020-12-31;29157
2020-12-30;"Trnavský kraj";785;5318;612;5930;NA;89812;1397;2020-12-30;27801
2020-12-29;"Trnavský kraj";322;5364;639;6003;NA;89812;961;2020-12-29;26404
2020-12-28;"Trnavský kraj";213;5334;615;5949;NA;89812;828;2020-12-28;25443
2020-12-27;"Trnavský kraj";27;20;4;24;NA;89812;31;2020-12-27;24615
2020-12-26;"Trnavský kraj";148;44;1;45;NA;89812;149;2020-12-26;24584
2020-12-25;"Trnavský kraj";65;49;5;54;NA;89812;70;2020-12-25;24435
2020-12-24;"Trnavský kraj";333;1359;117;1476;NA;89812;450;2020-12-24;24365
2020-12-23;"Trnavský kraj";210;7259;414;7673;NA;89812;624;2020-12-23;23915
2020-12-22;"Trnavský kraj";311;5590;491;6081;NA;89812;802;2020-12-22;23291
2020-12-21;"Trnavský kraj";328;4527;399;4926;NA;89812;727;2020-12-21;22489
2020-12-20;"Trnavský kraj";134;133;12;145;NA;89812;146;2020-12-20;21762
2020-12-19;"Trnavský kraj";201;1407;103;1510;NA;89812;304;2020-12-19;21616
2020-12-18;"Trnavský kraj";341;4898;378;5276;NA;89812;719;2020-12-18;21312
2020-12-17;"Trnavský kraj";375;5271;443;5714;NA;89812;818;2020-12-17;20593
2020-12-16;"Trnavský kraj";312;5249;405;5654;NA;89812;717;2020-12-16;19775
2020-12-15;"Trnavský kraj";492;6623;632;7255;NA;89812;1124;2020-12-15;19058
2020-12-14;"Trnavský kraj";161;3505;292;3797;NA;89812;453;2020-12-14;17934
2020-12-13;"Trnavský kraj";7;7;0;7;NA;89812;7;2020-12-13;17481
2020-12-12;"Trnavský kraj";254;1456;114;1570;NA;89812;368;2020-12-12;17474
2020-12-11;"Trnavský kraj";384;4683;262;4945;NA;89812;646;2020-12-11;17106
2020-12-10;"Trnavský kraj";183;5194;320;5514;NA;89812;503;2020-12-10;16460
2020-12-09;"Trnavský kraj";521;4283;321;4604;NA;89812;842;2020-12-09;15957
2020-12-08;"Trnavský kraj";281;4090;304;4394;NA;89812;585;2020-12-08;15115
2020-12-07;"Trnavský kraj";178;2895;199;3094;NA;89812;377;2020-12-07;14530
2020-12-06;"Trnavský kraj";46;0;0;0;NA;89812;46;2020-12-06;14153
2020-12-05;"Trnavský kraj";129;2218;41;2259;NA;89812;170;2020-12-05;14107
2020-12-04;"Trnavský kraj";242;3948;158;4106;NA;89812;400;2020-12-04;13937
2020-12-03;"Trnavský kraj";248;2770;190;2960;NA;89812;438;2020-12-03;13537
2020-12-02;"Trnavský kraj";284;4516;176;4692;NA;89812;460;2020-12-02;13099
2020-12-01;"Trnavský kraj";253;3190;205;3395;NA;89812;458;2020-12-01;12639
2020-11-30;"Trnavský kraj";200;7360;186;7546;NA;89812;386;2020-11-30;12181
2020-11-29;"Trnavský kraj";17;738;36;774;NA;89812;53;2020-11-29;11795
2020-11-28;"Trnavský kraj";83;1453;77;1530;NA;89812;160;2020-11-28;11742
2020-11-27;"Trnavský kraj";148;1779;85;1864;NA;89812;233;2020-11-27;11582
2020-11-26;"Trnavský kraj";234;1123;68;1191;NA;89812;302;2020-11-26;11349
2020-11-25;"Trnavský kraj";232;1168;74;1242;NA;89812;306;2020-11-25;11047
2020-11-24;"Trnavský kraj";295;1909;96;2005;NA;89812;391;2020-11-24;10741
2020-11-23;"Trnavský kraj";242;7393;129;7522;NA;89812;371;2020-11-23;10350
2020-11-22;"Trnavský kraj";10;82;9;91;NA;89812;19;2020-11-22;9979
2020-11-21;"Trnavský kraj";129;1354;36;1390;NA;89812;165;2020-11-21;9960
2020-11-20;"Trnavský kraj";246;1154;64;1218;NA;89812;310;2020-11-20;9795
2020-11-19;"Trnavský kraj";157;823;64;887;NA;89812;221;2020-11-19;9485
2020-11-18;"Trnavský kraj";235;822;82;904;NA;89812;317;2020-11-18;9264
2020-11-17;"Trnavský kraj";129;705;74;779;NA;89812;203;2020-11-17;8947
2020-11-16;"Trnavský kraj";187;732;32;764;NA;89812;219;2020-11-16;8744
2020-11-15;"Trnavský kraj";23;73;4;77;NA;89812;27;2020-11-15;8525
2020-11-14;"Trnavský kraj";86;397;12;409;NA;89812;98;2020-11-14;8498
2020-11-13;"Trnavský kraj";219;1312;21;1333;NA;89812;240;2020-11-13;8400
2020-11-12;"Trnavský kraj";162;420;18;438;NA;89812;180;2020-11-12;8160
2020-11-11;"Trnavský kraj";257;392;15;407;NA;89812;272;2020-11-11;7980
2020-11-10;"Trnavský kraj";189;889;30;919;NA;89812;219;2020-11-10;7708
2020-11-09;"Trnavský kraj";196;369;23;392;NA;89812;219;2020-11-09;7489
2020-11-08;"Trnavský kraj";55;400;4;404;NA;89812;59;2020-11-08;7270
2020-11-07;"Trnavský kraj";207;6070;74;6144;NA;89812;281;2020-11-07;7211
2020-11-06;"Trnavský kraj";260;1531;19;1550;NA;89812;279;2020-11-06;6930
2020-11-05;"Trnavský kraj";150;220;27;247;NA;89812;177;2020-11-05;6651
2020-11-04;"Trnavský kraj";188;212;10;222;NA;89812;198;2020-11-04;6474
2020-11-03;"Trnavský kraj";317;127;8;135;NA;89812;325;2020-11-03;6276
2020-11-02;"Trnavský kraj";281;1728;31;1759;NA;89812;312;2020-11-02;5951
2020-11-01;"Trnavský kraj";87;494;27;521;NA;89812;114;2020-11-01;5639
2020-10-31;"Trnavský kraj";259;5024;41;5065;NA;89812;300;2020-10-31;5525
2020-10-30;"Trnavský kraj";198;3784;27;3811;NA;89812;225;2020-10-30;5225
2020-10-29;"Trnavský kraj";273;1461;16;1477;NA;89812;289;2020-10-29;5000
2020-10-28;"Trnavský kraj";319;117;16;133;NA;89812;335;2020-10-28;4711
2020-10-27;"Trnavský kraj";199;461;36;497;NA;89812;235;2020-10-27;4376
2020-10-26;"Trnavský kraj";153;29;2;31;NA;89812;155;2020-10-26;4141
2020-10-25;"Trnavský kraj";95;19;1;20;NA;89812;96;2020-10-25;3986
2020-10-24;"Trnavský kraj";158;109;2;111;NA;89812;160;2020-10-24;3890
2020-10-23;"Trnavský kraj";201;89;4;93;NA;89812;205;2020-10-23;3730
2020-10-22;"Trnavský kraj";195;55;2;57;NA;89812;197;2020-10-22;3525
2020-10-21;"Trnavský kraj";134;73;3;76;NA;89812;137;2020-10-21;3328
2020-10-20;"Trnavský kraj";202;82;3;85;NA;89812;205;2020-10-20;3191
2020-10-19;"Trnavský kraj";67;55;0;55;NA;89812;67;2020-10-19;2986
2020-10-18;"Trnavský kraj";84;0;0;0;NA;89812;84;2020-10-18;2919
2020-10-17;"Trnavský kraj";123;0;0;0;NA;89812;123;2020-10-17;2835
2020-10-16;"Trnavský kraj";86;45;2;47;NA;89812;88;2020-10-16;2712
2020-10-15;"Trnavský kraj";155;66;2;68;NA;89812;157;2020-10-15;2624
2020-10-14;"Trnavský kraj";236;468;3;471;NA;89812;239;2020-10-14;2467
2020-10-13;"Trnavský kraj";138;16;2;18;NA;89812;140;2020-10-13;2228
2020-10-12;"Trnavský kraj";33;41;1;42;NA;89812;34;2020-10-12;2088
2020-10-11;"Trnavský kraj";31;0;0;0;NA;89812;31;2020-10-11;2054
2020-10-10;"Trnavský kraj";128;0;0;0;NA;89812;128;2020-10-10;2023
2020-10-09;"Trnavský kraj";156;0;0;0;NA;89812;156;2020-10-09;1895
2020-10-08;"Trnavský kraj";153;0;0;0;NA;89812;153;2020-10-08;1739
2020-10-07;"Trnavský kraj";80;0;0;0;NA;89812;80;2020-10-07;1586
2020-10-06;"Trnavský kraj";112;0;0;0;NA;89812;112;2020-10-06;1506
2020-10-05;"Trnavský kraj";33;0;0;0;NA;89812;33;2020-10-05;1394
2020-10-04;"Trnavský kraj";44;0;0;0;NA;89812;44;2020-10-04;1361
2020-10-03;"Trnavský kraj";60;0;0;0;NA;89812;60;2020-10-03;1317
2020-10-02;"Trnavský kraj";41;0;0;0;NA;89812;41;2020-10-02;1257
2020-10-01;"Trnavský kraj";53;0;0;0;NA;89812;53;2020-10-01;1216
2020-09-30;"Trnavský kraj";91;0;0;0;NA;89812;91;2020-09-30;1163
2020-09-29;"Trnavský kraj";40;0;0;0;NA;89812;40;2020-09-29;1072
2020-09-28;"Trnavský kraj";69;0;0;0;NA;89812;69;2020-09-28;1032
2020-09-27;"Trnavský kraj";30;0;0;0;NA;89812;30;2020-09-27;963
2020-09-26;"Trnavský kraj";46;0;0;0;NA;89812;46;2020-09-26;933
2020-09-25;"Trnavský kraj";32;0;0;0;NA;89812;32;2020-09-25;887
2020-09-24;"Trnavský kraj";42;0;0;0;NA;89812;42;2020-09-24;855
2020-09-23;"Trnavský kraj";43;0;0;0;NA;89812;43;2020-09-23;813
2020-09-22;"Trnavský kraj";55;0;0;0;NA;89812;55;2020-09-22;770
2020-09-21;"Trnavský kraj";41;0;0;0;NA;89812;41;2020-09-21;715
2020-09-20;"Trnavský kraj";17;0;0;0;NA;89812;17;2020-09-20;674
2020-09-19;"Trnavský kraj";4;0;0;0;NA;89812;4;2020-09-19;657
2020-09-18;"Trnavský kraj";33;0;0;0;NA;89812;33;2020-09-18;653
2020-09-17;"Trnavský kraj";42;0;0;0;NA;89812;42;2020-09-17;620
2020-09-16;"Trnavský kraj";49;0;0;0;NA;89812;49;2020-09-16;578
2020-09-15;"Trnavský kraj";5;0;0;0;NA;89812;5;2020-09-15;529
2020-09-14;"Trnavský kraj";26;0;0;0;NA;89812;26;2020-09-14;524
2020-09-13;"Trnavský kraj";9;0;0;0;NA;89812;9;2020-09-13;498
2020-09-12;"Trnavský kraj";12;0;0;0;NA;89812;12;2020-09-12;489
2020-09-11;"Trnavský kraj";16;0;0;0;NA;89812;16;2020-09-11;477
2020-09-10;"Trnavský kraj";32;0;0;0;NA;89812;32;2020-09-10;461
2020-09-09;"Trnavský kraj";14;0;0;0;NA;89812;14;2020-09-09;429
2020-09-08;"Trnavský kraj";11;0;0;0;NA;89812;11;2020-09-08;415
2020-09-07;"Trnavský kraj";7;0;0;0;NA;89812;7;2020-09-07;404
2020-09-06;"Trnavský kraj";5;0;0;0;NA;89812;5;2020-09-06;397
2020-09-05;"Trnavský kraj";7;0;0;0;NA;89812;7;2020-09-05;392
2020-09-04;"Trnavský kraj";16;0;0;0;NA;89812;16;2020-09-04;385
2020-09-03;"Trnavský kraj";8;0;0;0;NA;89812;8;2020-09-03;369
2020-09-02;"Trnavský kraj";7;0;0;0;NA;89812;7;2020-09-02;361
2020-09-01;"Trnavský kraj";1;0;0;0;NA;89812;1;2020-09-01;354
2020-08-31;"Trnavský kraj";6;0;0;0;NA;89812;6;2020-08-31;353
2020-08-30;"Trnavský kraj";1;0;0;0;NA;89812;1;2020-08-30;347
2020-08-29;"Trnavský kraj";3;0;0;0;NA;89812;3;2020-08-29;346
2020-08-28;"Trnavský kraj";14;0;0;0;NA;89812;14;2020-08-28;343
2020-08-27;"Trnavský kraj";6;0;0;0;NA;89812;6;2020-08-27;329
2020-08-26;"Trnavský kraj";4;0;0;0;NA;89812;4;2020-08-26;323
2020-08-25;"Trnavský kraj";7;0;0;0;NA;89812;7;2020-08-25;319
2020-08-24;"Trnavský kraj";1;0;0;0;NA;89812;1;2020-08-24;312
2020-08-23;"Trnavský kraj";6;0;0;0;NA;89812;6;2020-08-23;311
2020-08-22;"Trnavský kraj";3;0;0;0;NA;89812;3;2020-08-22;305
2020-08-21;"Trnavský kraj";4;0;0;0;NA;89812;4;2020-08-21;302
2020-08-20;"Trnavský kraj";23;0;0;0;NA;89812;23;2020-08-20;298
2020-08-19;"Trnavský kraj";13;0;0;0;NA;89812;13;2020-08-19;275
2020-08-18;"Trnavský kraj";20;0;0;0;NA;89812;20;2020-08-18;262
2020-08-17;"Trnavský kraj";3;0;0;0;NA;89812;3;2020-08-17;242
2020-08-16;"Trnavský kraj";0;0;0;0;NA;89812;0;2020-08-16;239
2020-08-15;"Trnavský kraj";7;0;0;0;NA;89812;7;2020-08-15;239
2020-08-14;"Trnavský kraj";6;0;0;0;NA;89812;6;2020-08-14;232
2020-08-13;"Trnavský kraj";10;0;0;0;NA;89812;10;2020-08-13;226
2020-08-12;"Trnavský kraj";2;0;0;0;NA;89812;2;2020-08-12;216
2020-08-11;"Trnavský kraj";30;0;0;0;NA;89812;30;2020-08-11;214
2020-08-10;"Trnavský kraj";0;0;0;0;NA;89812;0;2020-08-10;184
2020-08-09;"Trnavský kraj";0;0;0;0;NA;89812;0;2020-08-09;184
2020-08-08;"Trnavský kraj";13;0;0;0;NA;89812;13;2020-08-08;184
2020-08-07;"Trnavský kraj";4;0;0;0;NA;89812;4;2020-08-07;171
2020-08-06;"Trnavský kraj";4;0;0;0;NA;89812;4;2020-08-06;167
2020-08-05;"Trnavský kraj";0;0;0;0;NA;89812;0;2020-08-05;163
2020-08-04;"Trnavský kraj";1;0;0;0;NA;89812;1;2020-08-04;163
2020-08-03;"Trnavský kraj";2;0;0;0;NA;89812;2;2020-08-03;162
2020-08-02;"Trnavský kraj";1;0;0;0;NA;89812;1;2020-08-02;160
2020-08-01;"Trnavský kraj";0;0;0;0;NA;89812;0;2020-08-01;159
2020-07-31;"Trnavský kraj";7;0;0;0;NA;89812;7;2020-07-31;159
2020-07-30;"Trnavský kraj";6;0;0;0;NA;89812;6;2020-07-30;152
2020-07-29;"Trnavský kraj";0;0;0;0;NA;89812;0;2020-07-29;146
2020-07-28;"Trnavský kraj";1;0;0;0;NA;89812;1;2020-07-28;146
2020-07-27;"Trnavský kraj";2;0;0;0;NA;89812;2;2020-07-27;145
2020-07-26;"Trnavský kraj";0;0;0;0;NA;89812;0;2020-07-26;143
2020-07-25;"Trnavský kraj";0;0;0;0;NA;89812;0;2020-07-25;143
2020-07-24;"Trnavský kraj";1;0;0;0;NA;89812;1;2020-07-24;143
2020-07-23;"Trnavský kraj";2;0;0;0;NA;89812;2;2020-07-23;142
2020-07-22;"Trnavský kraj";1;0;0;0;NA;89812;1;2020-07-22;140
2020-07-21;"Trnavský kraj";2;0;0;0;NA;89812;2;2020-07-21;139
2020-07-20;"Trnavský kraj";0;0;0;0;NA;89812;0;2020-07-20;137
2020-07-19;"Trnavský kraj";0;0;0;0;NA;89812;0;2020-07-19;137
2020-07-18;"Trnavský kraj";0;0;0;0;NA;89812;0;2020-07-18;137
2020-07-17;"Trnavský kraj";0;0;0;0;NA;89812;0;2020-07-17;137
2020-07-16;"Trnavský kraj";0;0;0;0;NA;89812;0;2020-07-16;137
2020-07-15;"Trnavský kraj";1;0;0;0;NA;89812;1;2020-07-15;137
2020-07-14;"Trnavský kraj";0;0;0;0;NA;89812;0;2020-07-14;136
2020-07-13;"Trnavský kraj";0;0;0;0;NA;89812;0;2020-07-13;136
2020-07-12;"Trnavský kraj";0;0;0;0;NA;89812;0;2020-07-12;136
2020-07-11;"Trnavský kraj";0;0;0;0;NA;89812;0;2020-07-11;136
2020-07-10;"Trnavský kraj";0;0;0;0;NA;89812;0;2020-07-10;136
2020-07-09;"Trnavský kraj";0;0;0;0;NA;89812;0;2020-07-09;136
2020-07-08;"Trnavský kraj";3;0;0;0;NA;89812;3;2020-07-08;136
2020-07-07;"Trnavský kraj";4;0;0;0;NA;89812;4;2020-07-07;133
2020-07-06;"Trnavský kraj";0;0;0;0;NA;89812;0;2020-07-06;129
2020-07-05;"Trnavský kraj";0;0;0;0;NA;89812;0;2020-07-05;129
2020-07-04;"Trnavský kraj";0;0;0;0;NA;89812;0;2020-07-04;129
2020-07-03;"Trnavský kraj";0;0;0;0;NA;89812;0;2020-07-03;129
2020-07-02;"Trnavský kraj";3;0;0;0;NA;89812;3;2020-07-02;129
2020-07-01;"Trnavský kraj";0;0;0;0;NA;89812;0;2020-07-01;126
2020-06-30;"Trnavský kraj";0;0;0;0;NA;89812;0;2020-06-30;126
2020-06-29;"Trnavský kraj";0;0;0;0;NA;89812;0;2020-06-29;126
2020-06-28;"Trnavský kraj";0;0;0;0;NA;89812;0;2020-06-28;126
2020-06-27;"Trnavský kraj";0;0;0;0;NA;89812;0;2020-06-27;126
2020-06-26;"Trnavský kraj";0;0;0;0;NA;89812;0;2020-06-26;126
2020-06-25;"Trnavský kraj";0;0;0;0;NA;89812;0;2020-06-25;126
2020-06-24;"Trnavský kraj";0;0;0;0;NA;89812;0;2020-06-24;126
2020-06-23;"Trnavský kraj";0;0;0;0;NA;89812;0;2020-06-23;126
2020-06-22;"Trnavský kraj";0;0;0;0;NA;89812;0;2020-06-22;126
2020-06-21;"Trnavský kraj";0;0;0;0;NA;89812;0;2020-06-21;126
2020-06-20;"Trnavský kraj";0;0;0;0;NA;89812;0;2020-06-20;126
2020-06-19;"Trnavský kraj";0;0;0;0;NA;89812;0;2020-06-19;126
2020-06-18;"Trnavský kraj";2;0;0;0;NA;89812;2;2020-06-18;126
2020-06-17;"Trnavský kraj";0;0;0;0;NA;89812;0;2020-06-17;124
2020-06-16;"Trnavský kraj";0;0;0;0;NA;89812;0;2020-06-16;124
2020-06-14;"Trnavský kraj";0;0;0;0;NA;89812;0;2020-06-14;124
2020-06-13;"Trnavský kraj";0;0;0;0;NA;89812;0;2020-06-13;124
2020-06-12;"Trnavský kraj";0;0;0;0;NA;89812;0;2020-06-12;124
2020-06-11;"Trnavský kraj";0;0;0;0;NA;89812;0;2020-06-11;124
2020-06-10;"Trnavský kraj";0;0;0;0;NA;89812;0;2020-06-10;124
2020-06-09;"Trnavský kraj";0;0;0;0;NA;89812;0;2020-06-09;124
2020-06-08;"Trnavský kraj";0;0;0;0;NA;89812;0;2020-06-08;124
2020-06-07;"Trnavský kraj";0;0;0;0;NA;89812;0;2020-06-07;124
2020-06-05;"Trnavský kraj";0;0;0;0;NA;89812;0;2020-06-05;124
2020-06-03;"Trnavský kraj";0;0;0;0;NA;89812;0;2020-06-03;124
2020-06-02;"Trnavský kraj";0;0;0;0;NA;89812;0;2020-06-02;124
2020-05-31;"Trnavský kraj";0;0;0;0;NA;89812;0;2020-05-31;124
2020-05-29;"Trnavský kraj";0;0;0;0;NA;89812;0;2020-05-29;124
2020-05-27;"Trnavský kraj";0;0;0;0;NA;89812;0;2020-05-27;124
2020-05-26;"Trnavský kraj";0;0;0;0;NA;89812;0;2020-05-26;124
2020-05-25;"Trnavský kraj";1;0;0;0;NA;89812;1;2020-05-25;124
2020-05-24;"Trnavský kraj";0;0;0;0;NA;89812;0;2020-05-24;123
2020-05-23;"Trnavský kraj";2;0;0;0;NA;89812;2;2020-05-23;123
2020-05-22;"Trnavský kraj";0;0;0;0;NA;89812;0;2020-05-22;121
2020-05-21;"Trnavský kraj";0;0;0;0;NA;89812;0;2020-05-21;121
2020-05-20;"Trnavský kraj";2;0;0;0;NA;89812;2;2020-05-20;121
2020-05-19;"Trnavský kraj";0;0;0;0;NA;89812;0;2020-05-19;119
2020-05-17;"Trnavský kraj";0;0;0;0;NA;89812;0;2020-05-17;119
2020-05-16;"Trnavský kraj";0;0;0;0;NA;89812;0;2020-05-16;119
2020-05-15;"Trnavský kraj";1;0;0;0;NA;89812;1;2020-05-15;119
2020-05-14;"Trnavský kraj";0;0;0;0;NA;89812;0;2020-05-14;118
2020-05-13;"Trnavský kraj";0;0;0;0;NA;89812;0;2020-05-13;118
2020-05-12;"Trnavský kraj";0;0;0;0;NA;89812;0;2020-05-12;118
2020-05-11;"Trnavský kraj";2;0;0;0;NA;89812;2;2020-05-11;118
2020-05-09;"Trnavský kraj";0;0;0;0;NA;89812;0;2020-05-09;116
2020-05-07;"Trnavský kraj";0;0;0;0;NA;89812;0;2020-05-07;116
2020-05-06;"Trnavský kraj";0;0;0;0;NA;89812;0;2020-05-06;116
2020-05-05;"Trnavský kraj";0;0;0;0;NA;89812;0;2020-05-05;116
2020-05-04;"Trnavský kraj";0;0;0;0;NA;89812;0;2020-05-04;116
2020-05-03;"Trnavský kraj";0;0;0;0;NA;89812;0;2020-05-03;116
2020-05-02;"Trnavský kraj";0;0;0;0;NA;89812;0;2020-05-02;116
2020-05-01;"Trnavský kraj";0;0;0;0;NA;89812;0;2020-05-01;116
2020-04-30;"Trnavský kraj";0;0;0;0;NA;89812;0;2020-04-30;116
2020-04-29;"Trnavský kraj";0;0;0;0;NA;89812;0;2020-04-29;116
2020-04-28;"Trnavský kraj";1;0;0;0;NA;89812;1;2020-04-28;116
2020-04-27;"Trnavský kraj";0;0;0;0;NA;89812;0;2020-04-27;115
2020-04-26;"Trnavský kraj";0;0;0;0;NA;89812;0;2020-04-26;115
2020-04-25;"Trnavský kraj";2;0;0;0;NA;89812;2;2020-04-25;115
2020-04-24;"Trnavský kraj";4;0;0;0;NA;89812;4;2020-04-24;113
2020-04-23;"Trnavský kraj";5;0;0;0;NA;89812;5;2020-04-23;109
2020-04-22;"Trnavský kraj";10;0;0;0;NA;89812;10;2020-04-22;104
2020-04-21;"Trnavský kraj";5;0;0;0;NA;89812;5;2020-04-21;94
2020-04-20;"Trnavský kraj";0;0;0;0;NA;89812;0;2020-04-20;89
2020-04-19;"Trnavský kraj";1;0;0;0;NA;89812;1;2020-04-19;89
2020-04-18;"Trnavský kraj";4;0;0;0;NA;89812;4;2020-04-18;88
2020-04-17;"Trnavský kraj";7;0;0;0;NA;89812;7;2020-04-17;84
2020-04-16;"Trnavský kraj";5;0;0;0;NA;89812;5;2020-04-16;77
2020-04-15;"Trnavský kraj";5;0;0;0;NA;89812;5;2020-04-15;72
2020-04-14;"Trnavský kraj";1;0;0;0;NA;89812;1;2020-04-14;67
2020-04-13;"Trnavský kraj";0;0;0;0;NA;89812;0;2020-04-13;66
2020-04-12;"Trnavský kraj";0;0;0;0;NA;89812;0;2020-04-12;66
2020-04-11;"Trnavský kraj";0;0;0;0;NA;89812;0;2020-04-11;66
2020-04-10;"Trnavský kraj";2;0;0;0;NA;89812;2;2020-04-10;66
2020-04-09;"Trnavský kraj";3;0;0;0;NA;89812;3;2020-04-09;64
2020-04-08;"Trnavský kraj";4;0;0;0;NA;89812;4;2020-04-08;61
2020-04-07;"Trnavský kraj";6;0;0;0;NA;89812;6;2020-04-07;57
2020-04-06;"Trnavský kraj";6;0;0;0;NA;89812;6;2020-04-06;51
2020-04-05;"Trnavský kraj";1;0;0;0;NA;89812;1;2020-04-05;45
2020-04-04;"Trnavský kraj";1;0;0;0;NA;89812;1;2020-04-04;44
2020-04-03;"Trnavský kraj";3;0;0;0;NA;89812;3;2020-04-03;43
2020-04-02;"Trnavský kraj";4;0;0;0;NA;89812;4;2020-04-02;40
2020-04-01;"Trnavský kraj";0;0;0;0;NA;89812;0;2020-04-01;36
2020-03-31;"Trnavský kraj";3;0;0;0;NA;89812;3;2020-03-31;36
2020-03-30;"Trnavský kraj";4;0;0;0;NA;89812;4;2020-03-30;33
2020-03-29;"Trnavský kraj";1;0;0;0;NA;89812;1;2020-03-29;29
2020-03-28;"Trnavský kraj";3;0;0;0;NA;89812;3;2020-03-28;28
2020-03-27;"Trnavský kraj";5;0;0;0;NA;89812;5;2020-03-27;25
2020-03-26;"Trnavský kraj";5;0;0;0;NA;89812;5;2020-03-26;20
2020-03-25;"Trnavský kraj";1;0;0;0;NA;89812;1;2020-03-25;15
2020-03-24;"Trnavský kraj";0;0;0;0;NA;89812;0;2020-03-24;14
2020-03-23;"Trnavský kraj";2;0;0;0;NA;89812;2;2020-03-23;14
2020-03-22;"Trnavský kraj";1;0;0;0;NA;89812;1;2020-03-22;12
2020-03-21;"Trnavský kraj";5;0;0;0;NA;89812;5;2020-03-21;11
2020-03-20;"Trnavský kraj";0;0;0;0;NA;89812;0;2020-03-20;6
2020-03-19;"Trnavský kraj";0;0;0;0;NA;89812;0;2020-03-19;6
2020-03-18;"Trnavský kraj";0;0;0;0;NA;89812;0;2020-03-18;6
2020-03-17;"Trnavský kraj";3;0;0;0;NA;89812;3;2020-03-17;6
2020-03-16;"Trnavský kraj";1;0;0;0;NA;89812;1;2020-03-16;3
2020-03-15;"Trnavský kraj";0;0;0;0;NA;89812;0;2020-03-15;2
2020-03-14;"Trnavský kraj";0;0;0;0;NA;89812;0;2020-03-14;2
2020-03-13;"Trnavský kraj";1;0;0;0;NA;89812;1;2020-03-13;2
2020-03-12;"Trnavský kraj";1;0;0;0;NA;89812;1;2020-03-12;1
2020-03-11;"Trnavský kraj";0;0;0;0;NA;89812;0;2020-03-11;0
2020-03-09;"Trnavský kraj";0;0;0;0;NA;89812;0;2020-03-09;0
2020-03-08;"Trnavský kraj";0;0;0;0;NA;89812;0;2020-03-08;0
2020-03-07;"Trnavský kraj";0;0;0;0;NA;89812;0;2020-03-07;0
2020-03-06;"Trnavský kraj";0;0;0;0;NA;89812;0;2020-03-06;0
2021-05-30;"Žilinský kraj";21;7704;33;7737;57607;107872;54;2021-05-30;107872
2021-05-29;"Žilinský kraj";13;10403;18;10421;NA;107872;31;2021-05-29;107818
2021-05-28;"Žilinský kraj";28;11956;30;11986;NA;107872;58;2021-05-28;107787
2021-05-27;"Žilinský kraj";17;8195;39;8234;NA;107872;56;2021-05-27;107729
2021-05-26;"Žilinský kraj";20;8301;25;8326;NA;107872;45;2021-05-26;107673
2021-05-25;"Žilinský kraj";21;9872;38;9910;NA;107872;59;2021-05-25;107628
2021-05-24;"Žilinský kraj";36;11727;57;11784;NA;107872;93;2021-05-24;107569
2021-05-23;"Žilinský kraj";4;10632;56;10688;NA;107872;60;2021-05-23;107476
2021-05-22;"Žilinský kraj";21;12018;28;12046;NA;107872;49;2021-05-22;107416
2021-05-21;"Žilinský kraj";28;15371;50;15421;NA;107872;78;2021-05-21;107367
2021-05-20;"Žilinský kraj";30;9476;30;9506;NA;107872;60;2021-05-20;107289
2021-05-19;"Žilinský kraj";46;8627;41;8668;NA;107872;87;2021-05-19;107229
2021-05-18;"Žilinský kraj";52;10461;44;10505;NA;107872;96;2021-05-18;107142
2021-05-17;"Žilinský kraj";51;12627;84;12711;NA;107872;135;2021-05-17;107046
2021-05-16;"Žilinský kraj";13;13851;42;13893;NA;107872;55;2021-05-16;106911
2021-05-15;"Žilinský kraj";30;18216;35;18251;NA;107872;65;2021-05-15;106856
2021-05-14;"Žilinský kraj";34;20945;82;21027;NA;107872;116;2021-05-14;106791
2021-05-13;"Žilinský kraj";64;11838;51;11889;NA;107872;115;2021-05-13;106675
2021-05-12;"Žilinský kraj";57;10198;50;10248;NA;107872;107;2021-05-12;106560
2021-05-11;"Žilinský kraj";70;11840;51;11891;NA;107872;121;2021-05-11;106453
2021-05-10;"Žilinský kraj";69;15899;72;15971;NA;107872;141;2021-05-10;106332
2021-05-09;"Žilinský kraj";58;20308;77;20385;NA;107872;135;2021-05-09;106191
2021-05-08;"Žilinský kraj";0;23997;63;24060;NA;107872;63;2021-05-08;106056
2021-05-07;"Žilinský kraj";65;26190;87;26277;NA;107872;152;2021-05-07;105993
2021-05-06;"Žilinský kraj";67;16529;72;16601;NA;107872;139;2021-05-06;105841
2021-05-05;"Žilinský kraj";71;13032;73;13105;NA;107872;144;2021-05-05;105702
2021-05-04;"Žilinský kraj";81;16615;80;16695;NA;107872;161;2021-05-04;105558
2021-05-03;"Žilinský kraj";97;20275;109;20384;NA;107872;206;2021-05-03;105397
2021-05-02;"Žilinský kraj";8;29127;66;29193;NA;107872;74;2021-05-02;105191
2021-05-01;"Žilinský kraj";65;54649;103;54752;NA;107872;168;2021-05-01;105117
2021-04-30;"Žilinský kraj";84;43812;117;43929;NA;107872;201;2021-04-30;104949
2021-04-29;"Žilinský kraj";77;24553;101;24654;NA;107872;178;2021-04-29;104748
2021-04-28;"Žilinský kraj";76;19205;91;19296;NA;107872;167;2021-04-28;104570
2021-04-27;"Žilinský kraj";97;21795;110;21905;NA;107872;207;2021-04-27;104403
2021-04-26;"Žilinský kraj";114;27412;136;27548;NA;107872;250;2021-04-26;104196
2021-04-25;"Žilinský kraj";38;35209;82;35291;NA;107872;120;2021-04-25;103946
2021-04-24;"Žilinský kraj";93;78854;157;79011;NA;107872;250;2021-04-24;103826
2021-04-23;"Žilinský kraj";144;49219;153;49372;NA;107872;297;2021-04-23;103576
2021-04-22;"Žilinský kraj";110;25209;132;25341;NA;107872;242;2021-04-22;103279
2021-04-21;"Žilinský kraj";118;20616;145;20761;NA;107872;263;2021-04-21;103037
2021-04-20;"Žilinský kraj";128;23778;136;23914;NA;107872;264;2021-04-20;102774
2021-04-19;"Žilinský kraj";164;32773;210;32983;NA;107872;374;2021-04-19;102510
2021-04-18;"Žilinský kraj";18;36767;91;36858;NA;107872;109;2021-04-18;102136
2021-04-17;"Žilinský kraj";108;89377;156;89533;NA;107872;264;2021-04-17;102027
2021-04-16;"Žilinský kraj";185;46876;207;47083;NA;107872;392;2021-04-16;101763
2021-04-15;"Žilinský kraj";108;24825;130;24955;NA;107872;238;2021-04-15;101371
2021-04-14;"Žilinský kraj";135;23108;145;23253;NA;107872;280;2021-04-14;101133
2021-04-13;"Žilinský kraj";171;25050;135;25185;NA;107872;306;2021-04-13;100853
2021-04-12;"Žilinský kraj";266;30726;189;30915;NA;107872;455;2021-04-12;100547
2021-04-11;"Žilinský kraj";19;37126;107;37233;NA;107872;126;2021-04-11;100092
2021-04-10;"Žilinský kraj";111;86173;234;86407;NA;107872;345;2021-04-10;99966
2021-04-09;"Žilinský kraj";195;41752;205;41957;NA;107872;400;2021-04-09;99621
2021-04-08;"Žilinský kraj";179;24348;140;24488;NA;107872;319;2021-04-08;99221
2021-04-07;"Žilinský kraj";309;28651;174;28825;NA;107872;483;2021-04-07;98902
2021-04-06;"Žilinský kraj";308;38721;292;39013;NA;107872;600;2021-04-06;98419
2021-04-05;"Žilinský kraj";17;14747;140;14887;NA;107872;157;2021-04-05;97819
2021-04-04;"Žilinský kraj";17;16284;69;16353;NA;107872;86;2021-04-04;97662
2021-04-03;"Žilinský kraj";180;100430;401;100831;NA;107872;581;2021-04-03;97576
2021-04-02;"Žilinský kraj";73;22411;83;22494;NA;107872;156;2021-04-02;96995
2021-04-01;"Žilinský kraj";334;43264;240;43504;NA;107872;574;2021-04-01;96839
2021-03-31;"Žilinský kraj";170;31632;247;31879;NA;107872;417;2021-03-31;96265
2021-03-30;"Žilinský kraj";406;26323;243;26566;NA;107872;649;2021-03-30;95848
2021-03-29;"Žilinský kraj";297;28022;268;28290;NA;107872;565;2021-03-29;95199
2021-03-28;"Žilinský kraj";21;36206;239;36445;NA;107872;260;2021-03-28;94634
2021-03-27;"Žilinský kraj";151;89107;353;89460;NA;107872;504;2021-03-27;94374
2021-03-26;"Žilinský kraj";312;52263;333;52596;NA;107872;645;2021-03-26;93870
2021-03-25;"Žilinský kraj";281;27620;214;27834;NA;107872;495;2021-03-25;93225
2021-03-24;"Žilinský kraj";280;21268;260;21528;NA;107872;540;2021-03-24;92730
2021-03-23;"Žilinský kraj";418;23187;278;23465;NA;107872;696;2021-03-23;92190
2021-03-22;"Žilinský kraj";293;29289;314;29603;NA;107872;607;2021-03-22;91494
2021-03-21;"Žilinský kraj";32;33705;227;33932;NA;107872;259;2021-03-21;90887
2021-03-20;"Žilinský kraj";165;93015;497;93512;NA;107872;662;2021-03-20;90628
2021-03-19;"Žilinský kraj";357;51982;413;52395;NA;107872;770;2021-03-19;89966
2021-03-18;"Žilinský kraj";329;28451;294;28745;NA;107872;623;2021-03-18;89196
2021-03-17;"Žilinský kraj";395;21916;269;22185;NA;107872;664;2021-03-17;88573
2021-03-16;"Žilinský kraj";514;24341;317;24658;NA;107872;831;2021-03-16;87909
2021-03-15;"Žilinský kraj";341;29607;419;30026;NA;107872;760;2021-03-15;87078
2021-03-14;"Žilinský kraj";87;34121;267;34388;NA;107872;354;2021-03-14;86318
2021-03-13;"Žilinský kraj";113;93756;584;94340;NA;107872;697;2021-03-13;85964
2021-03-12;"Žilinský kraj";520;52109;411;52520;NA;107872;931;2021-03-12;85267
2021-03-11;"Žilinský kraj";399;28189;302;28491;NA;107872;701;2021-03-11;84336
2021-03-10;"Žilinský kraj";368;22414;378;22792;NA;107872;746;2021-03-10;83635
2021-03-09;"Žilinský kraj";537;24857;316;25173;NA;107872;853;2021-03-09;82889
2021-03-08;"Žilinský kraj";387;30839;458;31297;NA;107872;845;2021-03-08;82036
2021-03-07;"Žilinský kraj";48;33469;290;33759;NA;107872;338;2021-03-07;81191
2021-03-06;"Žilinský kraj";173;92410;589;92999;NA;107872;762;2021-03-06;80853
2021-03-05;"Žilinský kraj";369;51748;483;52231;NA;107872;852;2021-03-05;80091
2021-03-04;"Žilinský kraj";467;30036;377;30413;NA;107872;844;2021-03-04;79239
2021-03-03;"Žilinský kraj";448;26261;394;26655;NA;107872;842;2021-03-03;78395
2021-03-02;"Žilinský kraj";551;25669;378;26047;NA;107872;929;2021-03-02;77553
2021-03-01;"Žilinský kraj";375;30493;441;30934;NA;107872;816;2021-03-01;76624
2021-02-28;"Žilinský kraj";61;34802;327;35129;NA;107872;388;2021-02-28;75808
2021-02-27;"Žilinský kraj";159;83781;639;84420;NA;107872;798;2021-02-27;75420
2021-02-26;"Žilinský kraj";459;47494;508;48002;NA;107872;967;2021-02-26;74622
2021-02-25;"Žilinský kraj";347;30879;393;31272;NA;107872;740;2021-02-25;73655
2021-02-24;"Žilinský kraj";339;18745;395;19140;NA;107872;734;2021-02-24;72915
2021-02-23;"Žilinský kraj";437;22418;418;22836;NA;107872;855;2021-02-23;72181
2021-02-22;"Žilinský kraj";345;29288;438;29726;NA;107872;783;2021-02-22;71326
2021-02-21;"Žilinský kraj";36;28686;322;29008;NA;107872;358;2021-02-21;70543
2021-02-20;"Žilinský kraj";152;88723;667;89390;NA;107872;819;2021-02-20;70185
2021-02-19;"Žilinský kraj";337;44806;415;45221;NA;107872;752;2021-02-19;69366
2021-02-18;"Žilinský kraj";263;24679;339;25018;NA;107872;602;2021-02-18;68614
2021-02-17;"Žilinský kraj";269;17932;355;18287;NA;107872;624;2021-02-17;68012
2021-02-16;"Žilinský kraj";321;24298;325;24623;NA;107872;646;2021-02-16;67388
2021-02-15;"Žilinský kraj";230;30420;311;30731;NA;107872;541;2021-02-15;66742
2021-02-14;"Žilinský kraj";30;28574;231;28805;NA;107872;261;2021-02-14;66201
2021-02-13;"Žilinský kraj";91;69659;454;70113;NA;107872;545;2021-02-13;65940
2021-02-12;"Žilinský kraj";242;42689;335;43024;NA;107872;577;2021-02-12;65395
2021-02-11;"Žilinský kraj";228;23521;300;23821;NA;107872;528;2021-02-11;64818
2021-02-10;"Žilinský kraj";259;17875;267;18142;NA;107872;526;2021-02-10;64290
2021-02-09;"Žilinský kraj";377;24784;274;25058;NA;107872;651;2021-02-09;63764
2021-02-08;"Žilinský kraj";160;41375;390;41765;NA;107872;550;2021-02-08;63113
2021-02-07;"Žilinský kraj";24;46446;252;46698;NA;107872;276;2021-02-07;62563
2021-02-06;"Žilinský kraj";71;72880;367;73247;NA;107872;438;2021-02-06;62287
2021-02-05;"Žilinský kraj";248;31868;323;32191;NA;107872;571;2021-02-05;61849
2021-02-04;"Žilinský kraj";238;13242;258;13500;NA;107872;496;2021-02-04;61278
2021-02-03;"Žilinský kraj";194;9187;255;9442;NA;107872;449;2021-02-03;60782
2021-02-02;"Žilinský kraj";216;9280;272;9552;NA;107872;488;2021-02-02;60333
2021-02-01;"Žilinský kraj";220;19688;370;20058;NA;107872;590;2021-02-01;59845
2021-01-31;"Žilinský kraj";11;2652;27;2679;NA;107872;38;2021-01-31;59255
2021-01-30;"Žilinský kraj";85;18447;187;18634;NA;107872;272;2021-01-30;59217
2021-01-29;"Žilinský kraj";209;22892;304;23196;NA;107872;513;2021-01-29;58945
2021-01-28;"Žilinský kraj";240;5623;174;5797;NA;107872;414;2021-01-28;58432
2021-01-27;"Žilinský kraj";256;7065;121;7186;NA;107872;377;2021-01-27;58018
2021-01-26;"Žilinský kraj";245;49639;346;49985;NA;107872;591;2021-01-26;57641
2021-01-25;"Žilinský kraj";159;21147;150;21297;NA;107872;309;2021-01-25;57050
2021-01-24;"Žilinský kraj";22;67309;305;67614;NA;107872;327;2021-01-24;56741
2021-01-23;"Žilinský kraj";91;91232;408;91640;NA;107872;499;2021-01-23;56414
2021-01-22;"Žilinský kraj";163;31997;239;32236;NA;107872;402;2021-01-22;55915
2021-01-21;"Žilinský kraj";116;19874;181;20055;NA;107872;297;2021-01-21;55513
2021-01-20;"Žilinský kraj";236;17501;168;17669;NA;107872;404;2021-01-20;55216
2021-01-19;"Žilinský kraj";245;15578;283;15861;NA;107872;528;2021-01-19;54812
2021-01-18;"Žilinský kraj";236;12506;327;12833;NA;107872;563;2021-01-18;54284
2021-01-17;"Žilinský kraj";95;147;8;155;NA;107872;103;2021-01-17;53721
2021-01-16;"Žilinský kraj";14;758;35;793;NA;107872;49;2021-01-16;53618
2021-01-15;"Žilinský kraj";248;7244;205;7449;NA;107872;453;2021-01-15;53569
2021-01-14;"Žilinský kraj";166;5572;248;5820;NA;107872;414;2021-01-14;53116
2021-01-13;"Žilinský kraj";247;11316;555;11871;NA;107872;802;2021-01-13;52702
2021-01-12;"Žilinský kraj";376;8754;413;9167;NA;107872;789;2021-01-12;51900
2021-01-11;"Žilinský kraj";351;10385;513;10898;NA;107872;864;2021-01-11;51111
2021-01-10;"Žilinský kraj";38;229;6;235;NA;107872;44;2021-01-10;50247
2021-01-09;"Žilinský kraj";192;1983;85;2068;NA;107872;277;2021-01-09;50203
2021-01-08;"Žilinský kraj";413;9245;497;9742;NA;107872;910;2021-01-08;49926
2021-01-07;"Žilinský kraj";438;23485;1881;25366;NA;107872;2319;2021-01-07;49016
2021-01-06;"Žilinský kraj";145;1412;96;1508;NA;107872;241;2021-01-06;46697
2021-01-05;"Žilinský kraj";717;10702;845;11547;NA;107872;1562;2021-01-05;46456
2021-01-04;"Žilinský kraj";479;9739;1012;10751;NA;107872;1491;2021-01-04;44894
2021-01-03;"Žilinský kraj";13;1006;107;1113;NA;107872;120;2021-01-03;43403
2021-01-02;"Žilinský kraj";98;789;91;880;NA;107872;189;2021-01-02;43283
2021-01-01;"Žilinský kraj";118;615;37;652;NA;107872;155;2021-01-01;43094
2020-12-31;"Žilinský kraj";395;10008;809;10817;NA;107872;1204;2020-12-31;42939
2020-12-30;"Žilinský kraj";1038;12030;849;12879;NA;107872;1887;2020-12-30;41735
2020-12-29;"Žilinský kraj";256;10584;1041;11625;NA;107872;1297;2020-12-29;39848
2020-12-28;"Žilinský kraj";406;11177;1048;12225;NA;107872;1454;2020-12-28;38551
2020-12-27;"Žilinský kraj";40;684;94;778;NA;107872;134;2020-12-27;37097
2020-12-26;"Žilinský kraj";135;593;48;641;NA;107872;183;2020-12-26;36963
2020-12-25;"Žilinský kraj";66;83;9;92;NA;107872;75;2020-12-25;36780
2020-12-24;"Žilinský kraj";643;1060;80;1140;NA;107872;723;2020-12-24;36705
2020-12-23;"Žilinský kraj";228;17281;1031;18312;NA;107872;1259;2020-12-23;35982
2020-12-22;"Žilinský kraj";519;13746;1031;14777;NA;107872;1550;2020-12-22;34723
2020-12-21;"Žilinský kraj";444;12608;1096;13704;NA;107872;1540;2020-12-21;33173
2020-12-20;"Žilinský kraj";36;598;80;678;NA;107872;116;2020-12-20;31633
2020-12-19;"Žilinský kraj";208;2076;145;2221;NA;107872;353;2020-12-19;31517
2020-12-18;"Žilinský kraj";333;6925;400;7325;NA;107872;733;2020-12-18;31164
2020-12-17;"Žilinský kraj";500;4243;279;4522;NA;107872;779;2020-12-17;30431
2020-12-16;"Žilinský kraj";333;3999;280;4279;NA;107872;613;2020-12-16;29652
2020-12-15;"Žilinský kraj";528;4139;378;4517;NA;107872;906;2020-12-15;29039
2020-12-14;"Žilinský kraj";321;4300;355;4655;NA;107872;676;2020-12-14;28133
2020-12-13;"Žilinský kraj";26;494;66;560;NA;107872;92;2020-12-13;27457
2020-12-12;"Žilinský kraj";95;1116;61;1177;NA;107872;156;2020-12-12;27365
2020-12-11;"Žilinský kraj";455;4507;269;4776;NA;107872;724;2020-12-11;27209
2020-12-10;"Žilinský kraj";166;9341;838;10179;NA;107872;1004;2020-12-10;26485
2020-12-09;"Žilinský kraj";392;2200;131;2331;NA;107872;523;2020-12-09;25481
2020-12-08;"Žilinský kraj";331;3248;123;3371;NA;107872;454;2020-12-08;24958
2020-12-07;"Žilinský kraj";348;2254;127;2381;NA;107872;475;2020-12-07;24504
2020-12-06;"Žilinský kraj";15;128;6;134;NA;107872;21;2020-12-06;24029
2020-12-05;"Žilinský kraj";98;1500;53;1553;NA;107872;151;2020-12-05;24008
2020-12-04;"Žilinský kraj";228;2891;122;3013;NA;107872;350;2020-12-04;23857
2020-12-03;"Žilinský kraj";237;1424;117;1541;NA;107872;354;2020-12-03;23507
2020-12-02;"Žilinský kraj";181;1396;69;1465;NA;107872;250;2020-12-02;23153
2020-12-01;"Žilinský kraj";209;6239;284;6523;NA;107872;493;2020-12-01;22903
2020-11-30;"Žilinský kraj";203;5326;305;5631;NA;107872;508;2020-11-30;22410
2020-11-29;"Žilinský kraj";18;81;7;88;NA;107872;25;2020-11-29;21902
2020-11-28;"Žilinský kraj";99;349;15;364;NA;107872;114;2020-11-28;21877
2020-11-27;"Žilinský kraj";218;904;46;950;NA;107872;264;2020-11-27;21763
2020-11-26;"Žilinský kraj";190;1041;54;1095;NA;107872;244;2020-11-26;21499
2020-11-25;"Žilinský kraj";225;1217;49;1266;NA;107872;274;2020-11-25;21255
2020-11-24;"Žilinský kraj";213;2139;67;2206;NA;107872;280;2020-11-24;20981
2020-11-23;"Žilinský kraj";170;759;44;803;NA;107872;214;2020-11-23;20701
2020-11-22;"Žilinský kraj";11;67;2;69;NA;107872;13;2020-11-22;20487
2020-11-21;"Žilinský kraj";61;505;20;525;NA;107872;81;2020-11-21;20474
2020-11-20;"Žilinský kraj";251;1074;45;1119;NA;107872;296;2020-11-20;20393
2020-11-19;"Žilinský kraj";252;752;61;813;NA;107872;313;2020-11-19;20097
2020-11-18;"Žilinský kraj";346;348;15;363;NA;107872;361;2020-11-18;19784
2020-11-17;"Žilinský kraj";123;490;15;505;NA;107872;138;2020-11-17;19423
2020-11-16;"Žilinský kraj";227;247;15;262;NA;107872;242;2020-11-16;19285
2020-11-15;"Žilinský kraj";63;13;0;13;NA;107872;63;2020-11-15;19043
2020-11-14;"Žilinský kraj";189;1038;11;1049;NA;107872;200;2020-11-14;18980
2020-11-13;"Žilinský kraj";181;125;9;134;NA;107872;190;2020-11-13;18780
2020-11-12;"Žilinský kraj";334;79;2;81;NA;107872;336;2020-11-12;18590
2020-11-11;"Žilinský kraj";489;147;10;157;NA;107872;499;2020-11-11;18254
2020-11-10;"Žilinský kraj";374;519;9;528;NA;107872;383;2020-11-10;17755
2020-11-09;"Žilinský kraj";143;2335;30;2365;NA;107872;173;2020-11-09;17372
2020-11-08;"Žilinský kraj";59;2538;37;2575;NA;107872;96;2020-11-08;17199
2020-11-07;"Žilinský kraj";312;8175;88;8263;NA;107872;400;2020-11-07;17103
2020-11-06;"Žilinský kraj";503;4090;38;4128;NA;107872;541;2020-11-06;16703
2020-11-05;"Žilinský kraj";473;64;4;68;NA;107872;477;2020-11-05;16162
2020-11-04;"Žilinský kraj";423;178;10;188;NA;107872;433;2020-11-04;15685
2020-11-03;"Žilinský kraj";688;889;16;905;NA;107872;704;2020-11-03;15252
2020-11-02;"Žilinský kraj";472;1043;39;1082;NA;107872;511;2020-11-02;14548
2020-11-01;"Žilinský kraj";349;5096;130;5226;NA;107872;479;2020-11-01;14037
2020-10-31;"Žilinský kraj";661;7963;203;8166;NA;107872;864;2020-10-31;13558
2020-10-30;"Žilinský kraj";529;2575;61;2636;NA;107872;590;2020-10-30;12694
2020-10-29;"Žilinský kraj";740;503;17;520;NA;107872;757;2020-10-29;12104
2020-10-28;"Žilinský kraj";635;105;11;116;NA;107872;646;2020-10-28;11347
2020-10-27;"Žilinský kraj";355;154;24;178;NA;107872;379;2020-10-27;10701
2020-10-26;"Žilinský kraj";148;117;28;145;NA;107872;176;2020-10-26;10322
2020-10-25;"Žilinský kraj";436;0;0;0;NA;107872;436;2020-10-25;10146
2020-10-24;"Žilinský kraj";803;0;0;0;NA;107872;803;2020-10-24;9710
2020-10-23;"Žilinský kraj";659;102;13;115;NA;107872;672;2020-10-23;8907
2020-10-22;"Žilinský kraj";525;33;3;36;NA;107872;528;2020-10-22;8235
2020-10-21;"Žilinský kraj";478;74;14;88;NA;107872;492;2020-10-21;7707
2020-10-20;"Žilinský kraj";524;127;8;135;NA;107872;532;2020-10-20;7215
2020-10-19;"Žilinský kraj";70;80;12;92;NA;107872;82;2020-10-19;6683
2020-10-18;"Žilinský kraj";159;0;0;0;NA;107872;159;2020-10-18;6601
2020-10-17;"Žilinský kraj";509;0;0;0;NA;107872;509;2020-10-17;6442
2020-10-16;"Žilinský kraj";603;51;9;60;NA;107872;612;2020-10-16;5933
2020-10-15;"Žilinský kraj";679;61;3;64;NA;107872;682;2020-10-15;5321
2020-10-14;"Žilinský kraj";523;269;6;275;NA;107872;529;2020-10-14;4639
2020-10-13;"Žilinský kraj";367;458;40;498;NA;107872;407;2020-10-13;4110
2020-10-12;"Žilinský kraj";62;0;0;0;NA;107872;62;2020-10-12;3703
2020-10-11;"Žilinský kraj";50;0;0;0;NA;107872;50;2020-10-11;3641
2020-10-10;"Žilinský kraj";213;0;0;0;NA;107872;213;2020-10-10;3591
2020-10-09;"Žilinský kraj";543;0;0;0;NA;107872;543;2020-10-09;3378
2020-10-08;"Žilinský kraj";238;0;0;0;NA;107872;238;2020-10-08;2835
2020-10-07;"Žilinský kraj";168;0;0;0;NA;107872;168;2020-10-07;2597
2020-10-06;"Žilinský kraj";233;0;0;0;NA;107872;233;2020-10-06;2429
2020-10-05;"Žilinský kraj";33;0;0;0;NA;107872;33;2020-10-05;2196
2020-10-04;"Žilinský kraj";35;0;0;0;NA;107872;35;2020-10-04;2163
2020-10-03;"Žilinský kraj";155;0;0;0;NA;107872;155;2020-10-03;2128
2020-10-02;"Žilinský kraj";105;0;0;0;NA;107872;105;2020-10-02;1973
2020-10-01;"Žilinský kraj";147;0;0;0;NA;107872;147;2020-10-01;1868
2020-09-30;"Žilinský kraj";163;0;0;0;NA;107872;163;2020-09-30;1721
2020-09-29;"Žilinský kraj";105;0;0;0;NA;107872;105;2020-09-29;1558
2020-09-28;"Žilinský kraj";34;0;0;0;NA;107872;34;2020-09-28;1453
2020-09-27;"Žilinský kraj";108;0;0;0;NA;107872;108;2020-09-27;1419
2020-09-26;"Žilinský kraj";96;0;0;0;NA;107872;96;2020-09-26;1311
2020-09-25;"Žilinský kraj";69;0;0;0;NA;107872;69;2020-09-25;1215
2020-09-24;"Žilinský kraj";100;0;0;0;NA;107872;100;2020-09-24;1146
2020-09-23;"Žilinský kraj";65;0;0;0;NA;107872;65;2020-09-23;1046
2020-09-22;"Žilinský kraj";65;0;0;0;NA;107872;65;2020-09-22;981
2020-09-21;"Žilinský kraj";47;0;0;0;NA;107872;47;2020-09-21;916
2020-09-20;"Žilinský kraj";4;0;0;0;NA;107872;4;2020-09-20;869
2020-09-19;"Žilinský kraj";6;0;0;0;NA;107872;6;2020-09-19;865
2020-09-18;"Žilinský kraj";82;0;0;0;NA;107872;82;2020-09-18;859
2020-09-17;"Žilinský kraj";30;0;0;0;NA;107872;30;2020-09-17;777
2020-09-16;"Žilinský kraj";34;0;0;0;NA;107872;34;2020-09-16;747
2020-09-15;"Žilinský kraj";12;0;0;0;NA;107872;12;2020-09-15;713
2020-09-14;"Žilinský kraj";39;0;0;0;NA;107872;39;2020-09-14;701
2020-09-13;"Žilinský kraj";6;0;0;0;NA;107872;6;2020-09-13;662
2020-09-12;"Žilinský kraj";4;0;0;0;NA;107872;4;2020-09-12;656
2020-09-11;"Žilinský kraj";31;0;0;0;NA;107872;31;2020-09-11;652
2020-09-10;"Žilinský kraj";31;0;0;0;NA;107872;31;2020-09-10;621
2020-09-09;"Žilinský kraj";23;0;0;0;NA;107872;23;2020-09-09;590
2020-09-08;"Žilinský kraj";25;0;0;0;NA;107872;25;2020-09-08;567
2020-09-07;"Žilinský kraj";11;0;0;0;NA;107872;11;2020-09-07;542
2020-09-06;"Žilinský kraj";0;0;0;0;NA;107872;0;2020-09-06;531
2020-09-05;"Žilinský kraj";2;0;0;0;NA;107872;2;2020-09-05;531
2020-09-04;"Žilinský kraj";33;0;0;0;NA;107872;33;2020-09-04;529
2020-09-03;"Žilinský kraj";18;0;0;0;NA;107872;18;2020-09-03;496
2020-09-02;"Žilinský kraj";16;0;0;0;NA;107872;16;2020-09-02;478
2020-09-01;"Žilinský kraj";4;0;0;0;NA;107872;4;2020-09-01;462
2020-08-31;"Žilinský kraj";5;0;0;0;NA;107872;5;2020-08-31;458
2020-08-30;"Žilinský kraj";3;0;0;0;NA;107872;3;2020-08-30;453
2020-08-29;"Žilinský kraj";5;0;0;0;NA;107872;5;2020-08-29;450
2020-08-28;"Žilinský kraj";13;0;0;0;NA;107872;13;2020-08-28;445
2020-08-27;"Žilinský kraj";18;0;0;0;NA;107872;18;2020-08-27;432
2020-08-26;"Žilinský kraj";8;0;0;0;NA;107872;8;2020-08-26;414
2020-08-25;"Žilinský kraj";2;0;0;0;NA;107872;2;2020-08-25;406
2020-08-24;"Žilinský kraj";5;0;0;0;NA;107872;5;2020-08-24;404
2020-08-23;"Žilinský kraj";0;0;0;0;NA;107872;0;2020-08-23;399
2020-08-22;"Žilinský kraj";0;0;0;0;NA;107872;0;2020-08-22;399
2020-08-21;"Žilinský kraj";10;0;0;0;NA;107872;10;2020-08-21;399
2020-08-20;"Žilinský kraj";13;0;0;0;NA;107872;13;2020-08-20;389
2020-08-19;"Žilinský kraj";7;0;0;0;NA;107872;7;2020-08-19;376
2020-08-18;"Žilinský kraj";9;0;0;0;NA;107872;9;2020-08-18;369
2020-08-17;"Žilinský kraj";1;0;0;0;NA;107872;1;2020-08-17;360
2020-08-16;"Žilinský kraj";0;0;0;0;NA;107872;0;2020-08-16;359
2020-08-15;"Žilinský kraj";0;0;0;0;NA;107872;0;2020-08-15;359
2020-08-14;"Žilinský kraj";4;0;0;0;NA;107872;4;2020-08-14;359
2020-08-13;"Žilinský kraj";2;0;0;0;NA;107872;2;2020-08-13;355
2020-08-12;"Žilinský kraj";0;0;0;0;NA;107872;0;2020-08-12;353
2020-08-11;"Žilinský kraj";4;0;0;0;NA;107872;4;2020-08-11;353
2020-08-10;"Žilinský kraj";1;0;0;0;NA;107872;1;2020-08-10;349
2020-08-09;"Žilinský kraj";0;0;0;0;NA;107872;0;2020-08-09;348
2020-08-08;"Žilinský kraj";3;0;0;0;NA;107872;3;2020-08-08;348
2020-08-07;"Žilinský kraj";8;0;0;0;NA;107872;8;2020-08-07;345
2020-08-06;"Žilinský kraj";1;0;0;0;NA;107872;1;2020-08-06;337
2020-08-05;"Žilinský kraj";1;0;0;0;NA;107872;1;2020-08-05;336
2020-08-04;"Žilinský kraj";2;0;0;0;NA;107872;2;2020-08-04;335
2020-08-03;"Žilinský kraj";0;0;0;0;NA;107872;0;2020-08-03;333
2020-08-02;"Žilinský kraj";1;0;0;0;NA;107872;1;2020-08-02;333
2020-08-01;"Žilinský kraj";0;0;0;0;NA;107872;0;2020-08-01;332
2020-07-31;"Žilinský kraj";4;0;0;0;NA;107872;4;2020-07-31;332
2020-07-30;"Žilinský kraj";2;0;0;0;NA;107872;2;2020-07-30;328
2020-07-29;"Žilinský kraj";2;0;0;0;NA;107872;2;2020-07-29;326
2020-07-28;"Žilinský kraj";4;0;0;0;NA;107872;4;2020-07-28;324
2020-07-27;"Žilinský kraj";6;0;0;0;NA;107872;6;2020-07-27;320
2020-07-26;"Žilinský kraj";0;0;0;0;NA;107872;0;2020-07-26;314
2020-07-25;"Žilinský kraj";0;0;0;0;NA;107872;0;2020-07-25;314
2020-07-24;"Žilinský kraj";2;0;0;0;NA;107872;2;2020-07-24;314
2020-07-23;"Žilinský kraj";0;0;0;0;NA;107872;0;2020-07-23;312
2020-07-22;"Žilinský kraj";1;0;0;0;NA;107872;1;2020-07-22;312
2020-07-21;"Žilinský kraj";2;0;0;0;NA;107872;2;2020-07-21;311
2020-07-20;"Žilinský kraj";3;0;0;0;NA;107872;3;2020-07-20;309
2020-07-19;"Žilinský kraj";0;0;0;0;NA;107872;0;2020-07-19;306
2020-07-18;"Žilinský kraj";0;0;0;0;NA;107872;0;2020-07-18;306
2020-07-17;"Žilinský kraj";2;0;0;0;NA;107872;2;2020-07-17;306
2020-07-16;"Žilinský kraj";2;0;0;0;NA;107872;2;2020-07-16;304
2020-07-15;"Žilinský kraj";2;0;0;0;NA;107872;2;2020-07-15;302
2020-07-14;"Žilinský kraj";1;0;0;0;NA;107872;1;2020-07-14;300
2020-07-13;"Žilinský kraj";0;0;0;0;NA;107872;0;2020-07-13;299
2020-07-12;"Žilinský kraj";0;0;0;0;NA;107872;0;2020-07-12;299
2020-07-11;"Žilinský kraj";2;0;0;0;NA;107872;2;2020-07-11;299
2020-07-10;"Žilinský kraj";3;0;0;0;NA;107872;3;2020-07-10;297
2020-07-09;"Žilinský kraj";2;0;0;0;NA;107872;2;2020-07-09;294
2020-07-08;"Žilinský kraj";10;0;0;0;NA;107872;10;2020-07-08;292
2020-07-07;"Žilinský kraj";7;0;0;0;NA;107872;7;2020-07-07;282
2020-07-06;"Žilinský kraj";0;0;0;0;NA;107872;0;2020-07-06;275
2020-07-05;"Žilinský kraj";0;0;0;0;NA;107872;0;2020-07-05;275
2020-07-04;"Žilinský kraj";10;0;0;0;NA;107872;10;2020-07-04;275
2020-07-03;"Žilinský kraj";18;0;0;0;NA;107872;18;2020-07-03;265
2020-07-02;"Žilinský kraj";7;0;0;0;NA;107872;7;2020-07-02;247
2020-07-01;"Žilinský kraj";0;0;0;0;NA;107872;0;2020-07-01;240
2020-06-30;"Žilinský kraj";4;0;0;0;NA;107872;4;2020-06-30;240
2020-06-29;"Žilinský kraj";0;0;0;0;NA;107872;0;2020-06-29;236
2020-06-28;"Žilinský kraj";1;0;0;0;NA;107872;1;2020-06-28;236
2020-06-27;"Žilinský kraj";3;0;0;0;NA;107872;3;2020-06-27;235
2020-06-26;"Žilinský kraj";5;0;0;0;NA;107872;5;2020-06-26;232
2020-06-25;"Žilinský kraj";7;0;0;0;NA;107872;7;2020-06-25;227
2020-06-24;"Žilinský kraj";11;0;0;0;NA;107872;11;2020-06-24;220
2020-06-23;"Žilinský kraj";9;0;0;0;NA;107872;9;2020-06-23;209
2020-06-22;"Žilinský kraj";0;0;0;0;NA;107872;0;2020-06-22;200
2020-06-21;"Žilinský kraj";1;0;0;0;NA;107872;1;2020-06-21;200
2020-06-20;"Žilinský kraj";1;0;0;0;NA;107872;1;2020-06-20;199
2020-06-19;"Žilinský kraj";4;0;0;0;NA;107872;4;2020-06-19;198
2020-06-18;"Žilinský kraj";1;0;0;0;NA;107872;1;2020-06-18;194
2020-06-17;"Žilinský kraj";0;0;0;0;NA;107872;0;2020-06-17;193
2020-06-16;"Žilinský kraj";1;0;0;0;NA;107872;1;2020-06-16;193
2020-06-14;"Žilinský kraj";0;0;0;0;NA;107872;0;2020-06-14;192
2020-06-13;"Žilinský kraj";0;0;0;0;NA;107872;0;2020-06-13;192
2020-06-12;"Žilinský kraj";0;0;0;0;NA;107872;0;2020-06-12;192
2020-06-11;"Žilinský kraj";0;0;0;0;NA;107872;0;2020-06-11;192
2020-06-10;"Žilinský kraj";0;0;0;0;NA;107872;0;2020-06-10;192
2020-06-09;"Žilinský kraj";1;0;0;0;NA;107872;1;2020-06-09;192
2020-06-08;"Žilinský kraj";0;0;0;0;NA;107872;0;2020-06-08;191
2020-06-07;"Žilinský kraj";0;0;0;0;NA;107872;0;2020-06-07;191
2020-06-05;"Žilinský kraj";0;0;0;0;NA;107872;0;2020-06-05;191
2020-06-03;"Žilinský kraj";0;0;0;0;NA;107872;0;2020-06-03;191
2020-06-02;"Žilinský kraj";0;0;0;0;NA;107872;0;2020-06-02;191
2020-05-31;"Žilinský kraj";0;0;0;0;NA;107872;0;2020-05-31;191
2020-05-29;"Žilinský kraj";0;0;0;0;NA;107872;0;2020-05-29;191
2020-05-27;"Žilinský kraj";1;0;0;0;NA;107872;1;2020-05-27;191
2020-05-26;"Žilinský kraj";1;0;0;0;NA;107872;1;2020-05-26;190
2020-05-25;"Žilinský kraj";0;0;0;0;NA;107872;0;2020-05-25;189
2020-05-24;"Žilinský kraj";0;0;0;0;NA;107872;0;2020-05-24;189
2020-05-23;"Žilinský kraj";0;0;0;0;NA;107872;0;2020-05-23;189
2020-05-22;"Žilinský kraj";0;0;0;0;NA;107872;0;2020-05-22;189
2020-05-21;"Žilinský kraj";0;0;0;0;NA;107872;0;2020-05-21;189
2020-05-20;"Žilinský kraj";0;0;0;0;NA;107872;0;2020-05-20;189
2020-05-19;"Žilinský kraj";1;0;0;0;NA;107872;1;2020-05-19;189
2020-05-17;"Žilinský kraj";0;0;0;0;NA;107872;0;2020-05-17;188
2020-05-16;"Žilinský kraj";0;0;0;0;NA;107872;0;2020-05-16;188
2020-05-15;"Žilinský kraj";0;0;0;0;NA;107872;0;2020-05-15;188
2020-05-14;"Žilinský kraj";0;0;0;0;NA;107872;0;2020-05-14;188
2020-05-13;"Žilinský kraj";0;0;0;0;NA;107872;0;2020-05-13;188
2020-05-12;"Žilinský kraj";0;0;0;0;NA;107872;0;2020-05-12;188
2020-05-11;"Žilinský kraj";0;0;0;0;NA;107872;0;2020-05-11;188
2020-05-09;"Žilinský kraj";0;0;0;0;NA;107872;0;2020-05-09;188
2020-05-07;"Žilinský kraj";0;0;0;0;NA;107872;0;2020-05-07;188
2020-05-06;"Žilinský kraj";2;0;0;0;NA;107872;2;2020-05-06;188
2020-05-05;"Žilinský kraj";3;0;0;0;NA;107872;3;2020-05-05;186
2020-05-04;"Žilinský kraj";3;0;0;0;NA;107872;3;2020-05-04;183
2020-05-03;"Žilinský kraj";1;0;0;0;NA;107872;1;2020-05-03;180
2020-05-02;"Žilinský kraj";0;0;0;0;NA;107872;0;2020-05-02;179
2020-05-01;"Žilinský kraj";1;0;0;0;NA;107872;1;2020-05-01;179
2020-04-30;"Žilinský kraj";0;0;0;0;NA;107872;0;2020-04-30;178
2020-04-29;"Žilinský kraj";0;0;0;0;NA;107872;0;2020-04-29;178
2020-04-28;"Žilinský kraj";0;0;0;0;NA;107872;0;2020-04-28;178
2020-04-27;"Žilinský kraj";0;0;0;0;NA;107872;0;2020-04-27;178
2020-04-26;"Žilinský kraj";0;0;0;0;NA;107872;0;2020-04-26;178
2020-04-25;"Žilinský kraj";2;0;0;0;NA;107872;2;2020-04-25;178
2020-04-24;"Žilinský kraj";1;0;0;0;NA;107872;1;2020-04-24;176
2020-04-23;"Žilinský kraj";2;0;0;0;NA;107872;2;2020-04-23;175
2020-04-22;"Žilinský kraj";9;0;0;0;NA;107872;9;2020-04-22;173
2020-04-21;"Žilinský kraj";1;0;0;0;NA;107872;1;2020-04-21;164
2020-04-20;"Žilinský kraj";4;0;0;0;NA;107872;4;2020-04-20;163
2020-04-19;"Žilinský kraj";0;0;0;0;NA;107872;0;2020-04-19;159
2020-04-18;"Žilinský kraj";49;0;0;0;NA;107872;49;2020-04-18;159
2020-04-17;"Žilinský kraj";3;0;0;0;NA;107872;3;2020-04-17;110
2020-04-16;"Žilinský kraj";4;0;0;0;NA;107872;4;2020-04-16;107
2020-04-15;"Žilinský kraj";7;0;0;0;NA;107872;7;2020-04-15;103
2020-04-14;"Žilinský kraj";1;0;0;0;NA;107872;1;2020-04-14;96
2020-04-13;"Žilinský kraj";2;0;0;0;NA;107872;2;2020-04-13;95
2020-04-12;"Žilinský kraj";5;0;0;0;NA;107872;5;2020-04-12;93
2020-04-11;"Žilinský kraj";2;0;0;0;NA;107872;2;2020-04-11;88
2020-04-10;"Žilinský kraj";1;0;0;0;NA;107872;1;2020-04-10;86
2020-04-09;"Žilinský kraj";1;0;0;0;NA;107872;1;2020-04-09;85
2020-04-08;"Žilinský kraj";3;0;0;0;NA;107872;3;2020-04-08;84
2020-04-07;"Žilinský kraj";5;0;0;0;NA;107872;5;2020-04-07;81
2020-04-06;"Žilinský kraj";6;0;0;0;NA;107872;6;2020-04-06;76
2020-04-05;"Žilinský kraj";8;0;0;0;NA;107872;8;2020-04-05;70
2020-04-04;"Žilinský kraj";0;0;0;0;NA;107872;0;2020-04-04;62
2020-04-03;"Žilinský kraj";3;0;0;0;NA;107872;3;2020-04-03;62
2020-04-02;"Žilinský kraj";5;0;0;0;NA;107872;5;2020-04-02;59
2020-04-01;"Žilinský kraj";4;0;0;0;NA;107872;4;2020-04-01;54
2020-03-31;"Žilinský kraj";1;0;0;0;NA;107872;1;2020-03-31;50
2020-03-30;"Žilinský kraj";3;0;0;0;NA;107872;3;2020-03-30;49
2020-03-29;"Žilinský kraj";0;0;0;0;NA;107872;0;2020-03-29;46
2020-03-28;"Žilinský kraj";1;0;0;0;NA;107872;1;2020-03-28;46
2020-03-27;"Žilinský kraj";9;0;0;0;NA;107872;9;2020-03-27;45
2020-03-26;"Žilinský kraj";4;0;0;0;NA;107872;4;2020-03-26;36
2020-03-25;"Žilinský kraj";1;0;0;0;NA;107872;1;2020-03-25;32
2020-03-24;"Žilinský kraj";2;0;0;0;NA;107872;2;2020-03-24;31
2020-03-23;"Žilinský kraj";3;0;0;0;NA;107872;3;2020-03-23;29
2020-03-22;"Žilinský kraj";1;0;0;0;NA;107872;1;2020-03-22;26
2020-03-21;"Žilinský kraj";2;0;0;0;NA;107872;2;2020-03-21;25
2020-03-20;"Žilinský kraj";4;0;0;0;NA;107872;4;2020-03-20;23
2020-03-19;"Žilinský kraj";2;0;0;0;NA;107872;2;2020-03-19;19
2020-03-18;"Žilinský kraj";1;0;0;0;NA;107872;1;2020-03-18;17
2020-03-17;"Žilinský kraj";5;0;0;0;NA;107872;5;2020-03-17;16
2020-03-16;"Žilinský kraj";1;0;0;0;NA;107872;1;2020-03-16;11
2020-03-15;"Žilinský kraj";2;0;0;0;NA;107872;2;2020-03-15;10
2020-03-14;"Žilinský kraj";1;0;0;0;NA;107872;1;2020-03-14;8
2020-03-13;"Žilinský kraj";5;0;0;0;NA;107872;5;2020-03-13;7
2020-03-12;"Žilinský kraj";1;0;0;0;NA;107872;1;2020-03-12;2
2020-03-11;"Žilinský kraj";0;0;0;0;NA;107872;0;2020-03-11;1
2020-03-09;"Žilinský kraj";1;0;0;0;NA;107872;1;2020-03-09;1
2020-03-08;"Žilinský kraj";0;0;0;0;NA;107872;0;2020-03-08;0
2020-03-07;"Žilinský kraj";0;0;0;0;NA;107872;0;2020-03-07;0
2020-03-06;"Žilinský kraj";0;0;0;0;NA;107872;0;2020-03-06;0
