"Datum";"Region";"PCR_Pos";"Ag_Neg";"Ag_Pos";"Total";"Pocet.potvrdenych";"Potvrdenych";"newcases";"date";"positive"
2021-05-09;"Banskobystrický kraj";25;16472;59;16531;37463;82415;84;2021-05-09;82415
2021-05-08;"Banskobystrický kraj";11;12293;27;12320;NA;82415;38;2021-05-08;82331
2021-05-07;"Banskobystrický kraj";41;20318;242;20560;NA;82415;283;2021-05-07;82293
2021-05-06;"Banskobystrický kraj";36;12084;69;12153;NA;82415;105;2021-05-06;82010
2021-05-05;"Banskobystrický kraj";34;12305;61;12366;NA;82415;95;2021-05-05;81905
2021-05-04;"Banskobystrický kraj";83;13788;47;13835;NA;82415;130;2021-05-04;81810
2021-05-03;"Banskobystrický kraj";30;20836;80;20916;NA;82415;110;2021-05-03;81680
2021-05-02;"Banskobystrický kraj";6;32598;60;32658;NA;82415;66;2021-05-02;81570
2021-05-01;"Banskobystrický kraj";54;36754;67;36821;NA;82415;121;2021-05-01;81504
2021-04-30;"Banskobystrický kraj";38;34755;85;34840;NA;82415;123;2021-04-30;81383
2021-04-29;"Banskobystrický kraj";55;16561;68;16629;NA;82415;123;2021-04-29;81260
2021-04-28;"Banskobystrický kraj";66;17529;67;17596;NA;82415;133;2021-04-28;81137
2021-04-27;"Banskobystrický kraj";70;18992;73;19065;NA;82415;143;2021-04-27;81004
2021-04-26;"Banskobystrický kraj";34;28464;101;28565;NA;82415;135;2021-04-26;80861
2021-04-25;"Banskobystrický kraj";14;40204;106;40310;NA;82415;120;2021-04-25;80726
2021-04-24;"Banskobystrický kraj";40;51625;98;51723;NA;82415;138;2021-04-24;80606
2021-04-23;"Banskobystrický kraj";78;37701;88;37789;NA;82415;166;2021-04-23;80468
2021-04-22;"Banskobystrický kraj";51;17285;57;17342;NA;82415;108;2021-04-22;80302
2021-04-21;"Banskobystrický kraj";76;19192;94;19286;NA;82415;170;2021-04-21;80194
2021-04-20;"Banskobystrický kraj";116;20973;98;21071;NA;82415;214;2021-04-20;80024
2021-04-19;"Banskobystrický kraj";48;31418;105;31523;NA;82415;153;2021-04-19;79810
2021-04-18;"Banskobystrický kraj";16;42953;90;43043;NA;82415;106;2021-04-18;79657
2021-04-17;"Banskobystrický kraj";42;64939;92;65031;NA;82415;134;2021-04-17;79551
2021-04-16;"Banskobystrický kraj";72;37303;100;37403;NA;82415;172;2021-04-16;79417
2021-04-15;"Banskobystrický kraj";67;20117;83;20200;NA;82415;150;2021-04-15;79245
2021-04-14;"Banskobystrický kraj";69;21257;86;21343;NA;82415;155;2021-04-14;79095
2021-04-13;"Banskobystrický kraj";130;22646;76;22722;NA;82415;206;2021-04-13;78940
2021-04-12;"Banskobystrický kraj";60;32247;130;32377;NA;82415;190;2021-04-12;78734
2021-04-11;"Banskobystrický kraj";0;41367;88;41455;NA;82415;88;2021-04-11;78544
2021-04-10;"Banskobystrický kraj";56;64862;142;65004;NA;82415;198;2021-04-10;78456
2021-04-09;"Banskobystrický kraj";106;31566;118;31684;NA;82415;224;2021-04-09;78258
2021-04-08;"Banskobystrický kraj";132;18406;110;18516;NA;82415;242;2021-04-08;78034
2021-04-07;"Banskobystrický kraj";226;25214;95;25309;NA;82415;321;2021-04-07;77792
2021-04-06;"Banskobystrický kraj";93;42487;187;42674;NA;82415;280;2021-04-06;77471
2021-04-05;"Banskobystrický kraj";15;11837;87;11924;NA;82415;102;2021-04-05;77191
2021-04-04;"Banskobystrický kraj";24;19683;79;19762;NA;82415;103;2021-04-04;77089
2021-04-03;"Banskobystrický kraj";5;72481;211;72692;NA;82415;216;2021-04-03;76986
2021-04-02;"Banskobystrický kraj";71;13455;66;13521;NA;82415;137;2021-04-02;76770
2021-04-01;"Banskobystrický kraj";171;38835;200;39035;NA;82415;371;2021-04-01;76633
2021-03-31;"Banskobystrický kraj";147;25543;161;25704;NA;82415;308;2021-03-31;76262
2021-03-30;"Banskobystrický kraj";167;21439;159;21598;NA;82415;326;2021-03-30;75954
2021-03-29;"Banskobystrický kraj";119;29551;218;29769;NA;82415;337;2021-03-29;75628
2021-03-28;"Banskobystrický kraj";25;40610;189;40799;NA;82415;214;2021-03-28;75291
2021-03-27;"Banskobystrický kraj";85;64121;260;64381;NA;82415;345;2021-03-27;75077
2021-03-26;"Banskobystrický kraj";122;43397;240;43637;NA;82415;362;2021-03-26;74732
2021-03-25;"Banskobystrický kraj";120;21589;240;21829;NA;82415;360;2021-03-25;74370
2021-03-24;"Banskobystrický kraj";200;19319;227;19546;NA;82415;427;2021-03-24;74010
2021-03-23;"Banskobystrický kraj";241;21398;257;21655;NA;82415;498;2021-03-23;73583
2021-03-22;"Banskobystrický kraj";65;30418;274;30692;NA;82415;339;2021-03-22;73085
2021-03-21;"Banskobystrický kraj";31;40039;280;40319;NA;82415;311;2021-03-21;72746
2021-03-20;"Banskobystrický kraj";119;67730;383;68113;NA;82415;502;2021-03-20;72435
2021-03-19;"Banskobystrický kraj";240;44041;307;44348;NA;82415;547;2021-03-19;71933
2021-03-18;"Banskobystrický kraj";160;21727;273;22000;NA;82415;433;2021-03-18;71386
2021-03-17;"Banskobystrický kraj";262;21573;245;21818;NA;82415;507;2021-03-17;70953
2021-03-16;"Banskobystrický kraj";340;23365;224;23589;NA;82415;564;2021-03-16;70446
2021-03-15;"Banskobystrický kraj";95;31133;364;31497;NA;82415;459;2021-03-15;69882
2021-03-14;"Banskobystrický kraj";39;40650;229;40879;NA;82415;268;2021-03-14;69423
2021-03-13;"Banskobystrický kraj";209;67167;391;67558;NA;82415;600;2021-03-13;69155
2021-03-12;"Banskobystrický kraj";206;41485;330;41815;NA;82415;536;2021-03-12;68555
2021-03-11;"Banskobystrický kraj";228;21337;272;21609;NA;82415;500;2021-03-11;68019
2021-03-10;"Banskobystrický kraj";260;20381;238;20619;NA;82415;498;2021-03-10;67519
2021-03-09;"Banskobystrický kraj";352;21790;284;22074;NA;82415;636;2021-03-09;67021
2021-03-08;"Banskobystrický kraj";191;31488;427;31915;NA;82415;618;2021-03-08;66385
2021-03-07;"Banskobystrický kraj";60;39083;295;39378;NA;82415;355;2021-03-07;65767
2021-03-06;"Banskobystrický kraj";164;70562;410;70972;NA;82415;574;2021-03-06;65412
2021-03-05;"Banskobystrický kraj";221;42137;388;42525;NA;82415;609;2021-03-05;64838
2021-03-04;"Banskobystrický kraj";226;21607;334;21941;NA;82415;560;2021-03-04;64229
2021-03-03;"Banskobystrický kraj";317;21949;331;22280;NA;82415;648;2021-03-03;63669
2021-03-02;"Banskobystrický kraj";291;22602;354;22956;NA;82415;645;2021-03-02;63021
2021-03-01;"Banskobystrický kraj";151;31773;434;32207;NA;82415;585;2021-03-01;62376
2021-02-28;"Banskobystrický kraj";45;38313;336;38649;NA;82415;381;2021-02-28;61791
2021-02-27;"Banskobystrický kraj";289;66667;529;67196;NA;82415;818;2021-02-27;61410
2021-02-26;"Banskobystrický kraj";326;39489;468;39957;NA;82415;794;2021-02-26;60592
2021-02-25;"Banskobystrický kraj";375;17731;366;18097;NA;82415;741;2021-02-25;59798
2021-02-24;"Banskobystrický kraj";332;16735;373;17108;NA;82415;705;2021-02-24;59057
2021-02-23;"Banskobystrický kraj";462;19480;439;19919;NA;82415;901;2021-02-23;58352
2021-02-22;"Banskobystrický kraj";67;28643;598;29241;NA;82415;665;2021-02-22;57451
2021-02-21;"Banskobystrický kraj";68;37464;437;37901;NA;82415;505;2021-02-21;56786
2021-02-20;"Banskobystrický kraj";280;68851;598;69449;NA;82415;878;2021-02-20;56281
2021-02-19;"Banskobystrický kraj";420;39632;511;40143;NA;82415;931;2021-02-19;55403
2021-02-18;"Banskobystrický kraj";241;18618;396;19014;NA;82415;637;2021-02-18;54472
2021-02-17;"Banskobystrický kraj";415;16312;389;16701;NA;82415;804;2021-02-17;53835
2021-02-16;"Banskobystrický kraj";338;19933;369;20302;NA;82415;707;2021-02-16;53031
2021-02-15;"Banskobystrický kraj";118;35835;591;36426;NA;82415;709;2021-02-15;52324
2021-02-14;"Banskobystrický kraj";60;31894;386;32280;NA;82415;446;2021-02-14;51615
2021-02-13;"Banskobystrický kraj";202;53889;492;54381;NA;82415;694;2021-02-13;51169
2021-02-12;"Banskobystrický kraj";312;36620;533;37153;NA;82415;845;2021-02-12;50475
2021-02-11;"Banskobystrický kraj";305;20743;384;21127;NA;82415;689;2021-02-11;49630
2021-02-10;"Banskobystrický kraj";333;14790;344;15134;NA;82415;677;2021-02-10;48941
2021-02-09;"Banskobystrický kraj";329;18504;362;18866;NA;82415;691;2021-02-09;48264
2021-02-08;"Banskobystrický kraj";103;46675;671;47346;NA;82415;774;2021-02-08;47573
2021-02-07;"Banskobystrický kraj";70;37239;333;37572;NA;82415;403;2021-02-07;46799
2021-02-06;"Banskobystrický kraj";178;69638;570;70208;NA;82415;748;2021-02-06;46396
2021-02-05;"Banskobystrický kraj";282;24252;360;24612;NA;82415;642;2021-02-05;45648
2021-02-04;"Banskobystrický kraj";240;13384;429;13813;NA;82415;669;2021-02-04;45006
2021-02-03;"Banskobystrický kraj";350;9289;253;9542;NA;82415;603;2021-02-03;44337
2021-02-02;"Banskobystrický kraj";277;15572;332;15904;NA;82415;609;2021-02-02;43734
2021-02-01;"Banskobystrický kraj";75;24723;496;25219;NA;82415;571;2021-02-01;43125
2021-01-31;"Banskobystrický kraj";34;19983;201;20184;NA;82415;235;2021-01-31;42554
2021-01-30;"Banskobystrický kraj";163;64086;525;64611;NA;82415;688;2021-01-30;42319
2021-01-29;"Banskobystrický kraj";196;17174;267;17441;NA;82415;463;2021-01-29;41631
2021-01-28;"Banskobystrický kraj";218;14033;368;14401;NA;82415;586;2021-01-28;41168
2021-01-27;"Banskobystrický kraj";191;8010;200;8210;NA;82415;391;2021-01-27;40582
2021-01-26;"Banskobystrický kraj";238;19616;283;19899;NA;82415;521;2021-01-26;40191
2021-01-25;"Banskobystrický kraj";82;33456;412;33868;NA;82415;494;2021-01-25;39670
2021-01-24;"Banskobystrický kraj";38;35586;277;35863;NA;82415;315;2021-01-24;39176
2021-01-23;"Banskobystrický kraj";142;88520;525;89045;NA;82415;667;2021-01-23;38861
2021-01-22;"Banskobystrický kraj";175;26917;359;27276;NA;82415;534;2021-01-22;38194
2021-01-21;"Banskobystrický kraj";194;16851;285;17136;NA;82415;479;2021-01-21;37660
2021-01-20;"Banskobystrický kraj";231;9148;188;9336;NA;82415;419;2021-01-20;37181
2021-01-19;"Banskobystrický kraj";213;10493;308;10801;NA;82415;521;2021-01-19;36762
2021-01-18;"Banskobystrický kraj";94;5870;349;6219;NA;82415;443;2021-01-18;36241
2021-01-17;"Banskobystrický kraj";110;8154;77;8231;NA;82415;187;2021-01-17;35798
2021-01-16;"Banskobystrický kraj";58;2274;57;2331;NA;82415;115;2021-01-16;35611
2021-01-15;"Banskobystrický kraj";164;7673;217;7890;NA;82415;381;2021-01-15;35496
2021-01-14;"Banskobystrický kraj";220;5760;325;6085;NA;82415;545;2021-01-14;35115
2021-01-13;"Banskobystrický kraj";235;5974;217;6191;NA;82415;452;2021-01-13;34570
2021-01-12;"Banskobystrický kraj";194;6808;299;7107;NA;82415;493;2021-01-12;34118
2021-01-11;"Banskobystrický kraj";76;8231;481;8712;NA;82415;557;2021-01-11;33625
2021-01-10;"Banskobystrický kraj";110;233;4;237;NA;82415;114;2021-01-10;33068
2021-01-09;"Banskobystrický kraj";297;2378;81;2459;NA;82415;378;2021-01-09;32954
2021-01-08;"Banskobystrický kraj";435;9677;443;10120;NA;82415;878;2021-01-08;32576
2021-01-07;"Banskobystrický kraj";127;6322;366;6688;NA;82415;493;2021-01-07;31698
2021-01-06;"Banskobystrický kraj";305;3124;185;3309;NA;82415;490;2021-01-06;31205
2021-01-05;"Banskobystrický kraj";372;7349;533;7882;NA;82415;905;2021-01-05;30715
2021-01-04;"Banskobystrický kraj";130;7083;700;7783;NA;82415;830;2021-01-04;29810
2021-01-03;"Banskobystrický kraj";199;320;19;339;NA;82415;218;2021-01-03;28980
2021-01-02;"Banskobystrický kraj";123;702;85;787;NA;82415;208;2021-01-02;28762
2021-01-01;"Banskobystrický kraj";220;1958;132;2090;NA;82415;352;2021-01-01;28554
2020-12-31;"Banskobystrický kraj";499;7379;633;8012;NA;82415;1132;2020-12-31;28202
2020-12-30;"Banskobystrický kraj";593;7670;557;8227;NA;82415;1150;2020-12-30;27070
2020-12-29;"Banskobystrický kraj";240;7955;664;8619;NA;82415;904;2020-12-29;25920
2020-12-28;"Banskobystrický kraj";131;6098;711;6809;NA;82415;842;2020-12-28;25016
2020-12-27;"Banskobystrický kraj";116;541;25;566;NA;82415;141;2020-12-27;24174
2020-12-26;"Banskobystrický kraj";61;295;35;330;NA;82415;96;2020-12-26;24033
2020-12-25;"Banskobystrický kraj";65;313;10;323;NA;82415;75;2020-12-25;23937
2020-12-24;"Banskobystrický kraj";452;3685;135;3820;NA;82415;587;2020-12-24;23862
2020-12-23;"Banskobystrický kraj";368;10116;507;10623;NA;82415;875;2020-12-23;23275
2020-12-22;"Banskobystrický kraj";307;8449;624;9073;NA;82415;931;2020-12-22;22400
2020-12-21;"Banskobystrický kraj";286;4896;448;5344;NA;82415;734;2020-12-21;21469
2020-12-20;"Banskobystrický kraj";155;249;14;263;NA;82415;169;2020-12-20;20735
2020-12-19;"Banskobystrický kraj";170;3084;138;3222;NA;82415;308;2020-12-19;20566
2020-12-18;"Banskobystrický kraj";432;5965;324;6289;NA;82415;756;2020-12-18;20258
2020-12-17;"Banskobystrický kraj";468;8703;656;9359;NA;82415;1124;2020-12-17;19502
2020-12-16;"Banskobystrický kraj";379;10202;560;10762;NA;82415;939;2020-12-16;18378
2020-12-15;"Banskobystrický kraj";336;5425;433;5858;NA;82415;769;2020-12-15;17439
2020-12-14;"Banskobystrický kraj";148;3897;259;4156;NA;82415;407;2020-12-14;16670
2020-12-13;"Banskobystrický kraj";122;142;1;143;NA;82415;123;2020-12-13;16263
2020-12-12;"Banskobystrický kraj";137;2714;138;2852;NA;82415;275;2020-12-12;16140
2020-12-11;"Banskobystrický kraj";468;6587;374;6961;NA;82415;842;2020-12-11;15865
2020-12-10;"Banskobystrický kraj";280;5204;355;5559;NA;82415;635;2020-12-10;15023
2020-12-09;"Banskobystrický kraj";323;3850;213;4063;NA;82415;536;2020-12-09;14388
2020-12-08;"Banskobystrický kraj";256;3787;276;4063;NA;82415;532;2020-12-08;13852
2020-12-07;"Banskobystrický kraj";175;2380;156;2536;NA;82415;331;2020-12-07;13320
2020-12-06;"Banskobystrický kraj";121;507;11;518;NA;82415;132;2020-12-06;12989
2020-12-05;"Banskobystrický kraj";109;1099;34;1133;NA;82415;143;2020-12-05;12857
2020-12-04;"Banskobystrický kraj";339;3828;174;4002;NA;82415;513;2020-12-04;12714
2020-12-03;"Banskobystrický kraj";240;3193;234;3427;NA;82415;474;2020-12-03;12201
2020-12-02;"Banskobystrický kraj";217;4442;186;4628;NA;82415;403;2020-12-02;11727
2020-12-01;"Banskobystrický kraj";215;2702;134;2836;NA;82415;349;2020-12-01;11324
2020-11-30;"Banskobystrický kraj";74;4559;257;4816;NA;82415;331;2020-11-30;10975
2020-11-29;"Banskobystrický kraj";19;208;7;215;NA;82415;26;2020-11-29;10644
2020-11-28;"Banskobystrický kraj";81;1408;55;1463;NA;82415;136;2020-11-28;10618
2020-11-27;"Banskobystrický kraj";219;2266;123;2389;NA;82415;342;2020-11-27;10482
2020-11-26;"Banskobystrický kraj";208;2124;93;2217;NA;82415;301;2020-11-26;10140
2020-11-25;"Banskobystrický kraj";170;1952;86;2038;NA;82415;256;2020-11-25;9839
2020-11-24;"Banskobystrický kraj";166;2566;69;2635;NA;82415;235;2020-11-24;9583
2020-11-23;"Banskobystrický kraj";66;10240;194;10434;NA;82415;260;2020-11-23;9348
2020-11-22;"Banskobystrický kraj";38;104;1;105;NA;82415;39;2020-11-22;9088
2020-11-21;"Banskobystrický kraj";52;904;14;918;NA;82415;66;2020-11-21;9049
2020-11-20;"Banskobystrický kraj";127;2005;107;2112;NA;82415;234;2020-11-20;8983
2020-11-19;"Banskobystrický kraj";170;1218;82;1300;NA;82415;252;2020-11-19;8749
2020-11-18;"Banskobystrický kraj";153;698;65;763;NA;82415;218;2020-11-18;8497
2020-11-17;"Banskobystrický kraj";52;578;35;613;NA;82415;87;2020-11-17;8279
2020-11-16;"Banskobystrický kraj";106;470;25;495;NA;82415;131;2020-11-16;8192
2020-11-15;"Banskobystrický kraj";52;301;4;305;NA;82415;56;2020-11-15;8061
2020-11-14;"Banskobystrický kraj";73;305;2;307;NA;82415;75;2020-11-14;8005
2020-11-13;"Banskobystrický kraj";157;552;11;563;NA;82415;168;2020-11-13;7930
2020-11-12;"Banskobystrický kraj";218;952;44;996;NA;82415;262;2020-11-12;7762
2020-11-11;"Banskobystrický kraj";224;437;9;446;NA;82415;233;2020-11-11;7500
2020-11-10;"Banskobystrický kraj";263;463;18;481;NA;82415;281;2020-11-10;7267
2020-11-09;"Banskobystrický kraj";80;2678;31;2709;NA;82415;111;2020-11-09;6986
2020-11-08;"Banskobystrický kraj";82;981;16;997;NA;82415;98;2020-11-08;6875
2020-11-07;"Banskobystrický kraj";164;8828;94;8922;NA;82415;258;2020-11-07;6777
2020-11-06;"Banskobystrický kraj";227;2496;16;2512;NA;82415;243;2020-11-06;6519
2020-11-05;"Banskobystrický kraj";240;290;33;323;NA;82415;273;2020-11-05;6276
2020-11-04;"Banskobystrický kraj";254;1366;13;1379;NA;82415;267;2020-11-04;6003
2020-11-03;"Banskobystrický kraj";246;1332;4;1336;NA;82415;250;2020-11-03;5736
2020-11-02;"Banskobystrický kraj";90;2909;65;2974;NA;82415;155;2020-11-02;5486
2020-11-01;"Banskobystrický kraj";101;2671;42;2713;NA;82415;143;2020-11-01;5331
2020-10-31;"Banskobystrický kraj";199;13516;116;13632;NA;82415;315;2020-10-31;5188
2020-10-30;"Banskobystrický kraj";254;2829;20;2849;NA;82415;274;2020-10-30;4873
2020-10-29;"Banskobystrický kraj";372;969;42;1011;NA;82415;414;2020-10-29;4599
2020-10-28;"Banskobystrický kraj";285;302;30;332;NA;82415;315;2020-10-28;4185
2020-10-27;"Banskobystrický kraj";266;654;40;694;NA;82415;306;2020-10-27;3870
2020-10-26;"Banskobystrický kraj";38;234;29;263;NA;82415;67;2020-10-26;3564
2020-10-25;"Banskobystrický kraj";50;140;11;151;NA;82415;61;2020-10-25;3497
2020-10-24;"Banskobystrický kraj";315;114;12;126;NA;82415;327;2020-10-24;3436
2020-10-23;"Banskobystrický kraj";231;230;29;259;NA;82415;260;2020-10-23;3109
2020-10-22;"Banskobystrický kraj";264;253;24;277;NA;82415;288;2020-10-22;2849
2020-10-21;"Banskobystrický kraj";209;266;3;269;NA;82415;212;2020-10-21;2561
2020-10-20;"Banskobystrický kraj";210;66;3;69;NA;82415;213;2020-10-20;2349
2020-10-19;"Banskobystrický kraj";27;73;12;85;NA;82415;39;2020-10-19;2136
2020-10-18;"Banskobystrický kraj";49;0;0;0;NA;82415;49;2020-10-18;2097
2020-10-17;"Banskobystrický kraj";91;0;0;0;NA;82415;91;2020-10-17;2048
2020-10-16;"Banskobystrický kraj";224;37;3;40;NA;82415;227;2020-10-16;1957
2020-10-15;"Banskobystrický kraj";133;29;1;30;NA;82415;134;2020-10-15;1730
2020-10-14;"Banskobystrický kraj";139;31;1;32;NA;82415;140;2020-10-14;1596
2020-10-13;"Banskobystrický kraj";151;169;11;180;NA;82415;162;2020-10-13;1456
2020-10-12;"Banskobystrický kraj";11;110;4;114;NA;82415;15;2020-10-12;1294
2020-10-11;"Banskobystrický kraj";14;0;0;0;NA;82415;14;2020-10-11;1279
2020-10-10;"Banskobystrický kraj";53;0;0;0;NA;82415;53;2020-10-10;1265
2020-10-09;"Banskobystrický kraj";128;0;0;0;NA;82415;128;2020-10-09;1212
2020-10-08;"Banskobystrický kraj";99;0;0;0;NA;82415;99;2020-10-08;1084
2020-10-07;"Banskobystrický kraj";124;0;0;0;NA;82415;124;2020-10-07;985
2020-10-06;"Banskobystrický kraj";68;0;0;0;NA;82415;68;2020-10-06;861
2020-10-05;"Banskobystrický kraj";49;0;0;0;NA;82415;49;2020-10-05;793
2020-10-04;"Banskobystrický kraj";8;0;0;0;NA;82415;8;2020-10-04;744
2020-10-03;"Banskobystrický kraj";37;0;0;0;NA;82415;37;2020-10-03;736
2020-10-02;"Banskobystrický kraj";74;0;0;0;NA;82415;74;2020-10-02;699
2020-10-01;"Banskobystrický kraj";49;0;0;0;NA;82415;49;2020-10-01;625
2020-09-30;"Banskobystrický kraj";60;0;0;0;NA;82415;60;2020-09-30;576
2020-09-29;"Banskobystrický kraj";24;0;0;0;NA;82415;24;2020-09-29;516
2020-09-28;"Banskobystrický kraj";0;0;0;0;NA;82415;0;2020-09-28;492
2020-09-27;"Banskobystrický kraj";20;0;0;0;NA;82415;20;2020-09-27;492
2020-09-26;"Banskobystrický kraj";24;0;0;0;NA;82415;24;2020-09-26;472
2020-09-25;"Banskobystrický kraj";29;0;0;0;NA;82415;29;2020-09-25;448
2020-09-24;"Banskobystrický kraj";25;0;0;0;NA;82415;25;2020-09-24;419
2020-09-23;"Banskobystrický kraj";17;0;0;0;NA;82415;17;2020-09-23;394
2020-09-22;"Banskobystrický kraj";25;0;0;0;NA;82415;25;2020-09-22;377
2020-09-21;"Banskobystrický kraj";3;0;0;0;NA;82415;3;2020-09-21;352
2020-09-20;"Banskobystrický kraj";0;0;0;0;NA;82415;0;2020-09-20;349
2020-09-19;"Banskobystrický kraj";3;0;0;0;NA;82415;3;2020-09-19;349
2020-09-18;"Banskobystrický kraj";24;0;0;0;NA;82415;24;2020-09-18;346
2020-09-17;"Banskobystrický kraj";14;0;0;0;NA;82415;14;2020-09-17;322
2020-09-16;"Banskobystrický kraj";6;0;0;0;NA;82415;6;2020-09-16;308
2020-09-15;"Banskobystrický kraj";2;0;0;0;NA;82415;2;2020-09-15;302
2020-09-14;"Banskobystrický kraj";13;0;0;0;NA;82415;13;2020-09-14;300
2020-09-13;"Banskobystrický kraj";1;0;0;0;NA;82415;1;2020-09-13;287
2020-09-12;"Banskobystrický kraj";5;0;0;0;NA;82415;5;2020-09-12;286
2020-09-11;"Banskobystrický kraj";19;0;0;0;NA;82415;19;2020-09-11;281
2020-09-10;"Banskobystrický kraj";11;0;0;0;NA;82415;11;2020-09-10;262
2020-09-09;"Banskobystrický kraj";13;0;0;0;NA;82415;13;2020-09-09;251
2020-09-08;"Banskobystrický kraj";5;0;0;0;NA;82415;5;2020-09-08;238
2020-09-07;"Banskobystrický kraj";2;0;0;0;NA;82415;2;2020-09-07;233
2020-09-06;"Banskobystrický kraj";0;0;0;0;NA;82415;0;2020-09-06;231
2020-09-05;"Banskobystrický kraj";0;0;0;0;NA;82415;0;2020-09-05;231
2020-09-04;"Banskobystrický kraj";9;0;0;0;NA;82415;9;2020-09-04;231
2020-09-03;"Banskobystrický kraj";5;0;0;0;NA;82415;5;2020-09-03;222
2020-09-02;"Banskobystrický kraj";6;0;0;0;NA;82415;6;2020-09-02;217
2020-09-01;"Banskobystrický kraj";2;0;0;0;NA;82415;2;2020-09-01;211
2020-08-31;"Banskobystrický kraj";6;0;0;0;NA;82415;6;2020-08-31;209
2020-08-30;"Banskobystrický kraj";0;0;0;0;NA;82415;0;2020-08-30;203
2020-08-29;"Banskobystrický kraj";1;0;0;0;NA;82415;1;2020-08-29;203
2020-08-28;"Banskobystrický kraj";3;0;0;0;NA;82415;3;2020-08-28;202
2020-08-27;"Banskobystrický kraj";1;0;0;0;NA;82415;1;2020-08-27;199
2020-08-26;"Banskobystrický kraj";2;0;0;0;NA;82415;2;2020-08-26;198
2020-08-25;"Banskobystrický kraj";2;0;0;0;NA;82415;2;2020-08-25;196
2020-08-24;"Banskobystrický kraj";0;0;0;0;NA;82415;0;2020-08-24;194
2020-08-23;"Banskobystrický kraj";0;0;0;0;NA;82415;0;2020-08-23;194
2020-08-22;"Banskobystrický kraj";0;0;0;0;NA;82415;0;2020-08-22;194
2020-08-21;"Banskobystrický kraj";4;0;0;0;NA;82415;4;2020-08-21;194
2020-08-20;"Banskobystrický kraj";1;0;0;0;NA;82415;1;2020-08-20;190
2020-08-19;"Banskobystrický kraj";4;0;0;0;NA;82415;4;2020-08-19;189
2020-08-18;"Banskobystrický kraj";0;0;0;0;NA;82415;0;2020-08-18;185
2020-08-17;"Banskobystrický kraj";1;0;0;0;NA;82415;1;2020-08-17;185
2020-08-16;"Banskobystrický kraj";0;0;0;0;NA;82415;0;2020-08-16;184
2020-08-15;"Banskobystrický kraj";0;0;0;0;NA;82415;0;2020-08-15;184
2020-08-14;"Banskobystrický kraj";5;0;0;0;NA;82415;5;2020-08-14;184
2020-08-13;"Banskobystrický kraj";0;0;0;0;NA;82415;0;2020-08-13;179
2020-08-12;"Banskobystrický kraj";0;0;0;0;NA;82415;0;2020-08-12;179
2020-08-11;"Banskobystrický kraj";2;0;0;0;NA;82415;2;2020-08-11;179
2020-08-10;"Banskobystrický kraj";3;0;0;0;NA;82415;3;2020-08-10;177
2020-08-09;"Banskobystrický kraj";0;0;0;0;NA;82415;0;2020-08-09;174
2020-08-08;"Banskobystrický kraj";2;0;0;0;NA;82415;2;2020-08-08;174
2020-08-07;"Banskobystrický kraj";1;0;0;0;NA;82415;1;2020-08-07;172
2020-08-06;"Banskobystrický kraj";1;0;0;0;NA;82415;1;2020-08-06;171
2020-08-05;"Banskobystrický kraj";0;0;0;0;NA;82415;0;2020-08-05;170
2020-08-04;"Banskobystrický kraj";3;0;0;0;NA;82415;3;2020-08-04;170
2020-08-03;"Banskobystrický kraj";0;0;0;0;NA;82415;0;2020-08-03;167
2020-08-02;"Banskobystrický kraj";0;0;0;0;NA;82415;0;2020-08-02;167
2020-08-01;"Banskobystrický kraj";1;0;0;0;NA;82415;1;2020-08-01;167
2020-07-31;"Banskobystrický kraj";2;0;0;0;NA;82415;2;2020-07-31;166
2020-07-30;"Banskobystrický kraj";1;0;0;0;NA;82415;1;2020-07-30;164
2020-07-29;"Banskobystrický kraj";0;0;0;0;NA;82415;0;2020-07-29;163
2020-07-28;"Banskobystrický kraj";2;0;0;0;NA;82415;2;2020-07-28;163
2020-07-27;"Banskobystrický kraj";3;0;0;0;NA;82415;3;2020-07-27;161
2020-07-26;"Banskobystrický kraj";0;0;0;0;NA;82415;0;2020-07-26;158
2020-07-25;"Banskobystrický kraj";0;0;0;0;NA;82415;0;2020-07-25;158
2020-07-24;"Banskobystrický kraj";9;0;0;0;NA;82415;9;2020-07-24;158
2020-07-23;"Banskobystrický kraj";0;0;0;0;NA;82415;0;2020-07-23;149
2020-07-22;"Banskobystrický kraj";3;0;0;0;NA;82415;3;2020-07-22;149
2020-07-21;"Banskobystrický kraj";3;0;0;0;NA;82415;3;2020-07-21;146
2020-07-20;"Banskobystrický kraj";1;0;0;0;NA;82415;1;2020-07-20;143
2020-07-19;"Banskobystrický kraj";1;0;0;0;NA;82415;1;2020-07-19;142
2020-07-18;"Banskobystrický kraj";0;0;0;0;NA;82415;0;2020-07-18;141
2020-07-17;"Banskobystrický kraj";2;0;0;0;NA;82415;2;2020-07-17;141
2020-07-16;"Banskobystrický kraj";1;0;0;0;NA;82415;1;2020-07-16;139
2020-07-15;"Banskobystrický kraj";4;0;0;0;NA;82415;4;2020-07-15;138
2020-07-14;"Banskobystrický kraj";2;0;0;0;NA;82415;2;2020-07-14;134
2020-07-13;"Banskobystrický kraj";1;0;0;0;NA;82415;1;2020-07-13;132
2020-07-12;"Banskobystrický kraj";0;0;0;0;NA;82415;0;2020-07-12;131
2020-07-11;"Banskobystrický kraj";0;0;0;0;NA;82415;0;2020-07-11;131
2020-07-10;"Banskobystrický kraj";3;0;0;0;NA;82415;3;2020-07-10;131
2020-07-09;"Banskobystrický kraj";9;0;0;0;NA;82415;9;2020-07-09;128
2020-07-08;"Banskobystrický kraj";0;0;0;0;NA;82415;0;2020-07-08;119
2020-07-07;"Banskobystrický kraj";4;0;0;0;NA;82415;4;2020-07-07;119
2020-07-06;"Banskobystrický kraj";0;0;0;0;NA;82415;0;2020-07-06;115
2020-07-05;"Banskobystrický kraj";0;0;0;0;NA;82415;0;2020-07-05;115
2020-07-04;"Banskobystrický kraj";1;0;0;0;NA;82415;1;2020-07-04;115
2020-07-03;"Banskobystrický kraj";4;0;0;0;NA;82415;4;2020-07-03;114
2020-07-02;"Banskobystrický kraj";0;0;0;0;NA;82415;0;2020-07-02;110
2020-07-01;"Banskobystrický kraj";1;0;0;0;NA;82415;1;2020-07-01;110
2020-06-30;"Banskobystrický kraj";0;0;0;0;NA;82415;0;2020-06-30;109
2020-06-29;"Banskobystrický kraj";0;0;0;0;NA;82415;0;2020-06-29;109
2020-06-28;"Banskobystrický kraj";0;0;0;0;NA;82415;0;2020-06-28;109
2020-06-27;"Banskobystrický kraj";0;0;0;0;NA;82415;0;2020-06-27;109
2020-06-26;"Banskobystrický kraj";0;0;0;0;NA;82415;0;2020-06-26;109
2020-06-25;"Banskobystrický kraj";1;0;0;0;NA;82415;1;2020-06-25;109
2020-06-24;"Banskobystrický kraj";0;0;0;0;NA;82415;0;2020-06-24;108
2020-06-23;"Banskobystrický kraj";6;0;0;0;NA;82415;6;2020-06-23;108
2020-06-22;"Banskobystrický kraj";0;0;0;0;NA;82415;0;2020-06-22;102
2020-06-21;"Banskobystrický kraj";0;0;0;0;NA;82415;0;2020-06-21;102
2020-06-20;"Banskobystrický kraj";0;0;0;0;NA;82415;0;2020-06-20;102
2020-06-19;"Banskobystrický kraj";2;0;0;0;NA;82415;2;2020-06-19;102
2020-06-18;"Banskobystrický kraj";10;0;0;0;NA;82415;10;2020-06-18;100
2020-06-17;"Banskobystrický kraj";1;0;0;0;NA;82415;1;2020-06-17;90
2020-06-16;"Banskobystrický kraj";0;0;0;0;NA;82415;0;2020-06-16;89
2020-06-14;"Banskobystrický kraj";2;0;0;0;NA;82415;2;2020-06-14;89
2020-06-13;"Banskobystrický kraj";2;0;0;0;NA;82415;2;2020-06-13;87
2020-06-12;"Banskobystrický kraj";0;0;0;0;NA;82415;0;2020-06-12;85
2020-06-11;"Banskobystrický kraj";1;0;0;0;NA;82415;1;2020-06-11;85
2020-06-10;"Banskobystrický kraj";0;0;0;0;NA;82415;0;2020-06-10;84
2020-06-09;"Banskobystrický kraj";0;0;0;0;NA;82415;0;2020-06-09;84
2020-06-08;"Banskobystrický kraj";0;0;0;0;NA;82415;0;2020-06-08;84
2020-06-07;"Banskobystrický kraj";0;0;0;0;NA;82415;0;2020-06-07;84
2020-06-05;"Banskobystrický kraj";2;0;0;0;NA;82415;2;2020-06-05;84
2020-06-03;"Banskobystrický kraj";0;0;0;0;NA;82415;0;2020-06-03;82
2020-06-02;"Banskobystrický kraj";0;0;0;0;NA;82415;0;2020-06-02;82
2020-05-31;"Banskobystrický kraj";0;0;0;0;NA;82415;0;2020-05-31;82
2020-05-29;"Banskobystrický kraj";0;0;0;0;NA;82415;0;2020-05-29;82
2020-05-27;"Banskobystrický kraj";1;0;0;0;NA;82415;1;2020-05-27;82
2020-05-26;"Banskobystrický kraj";0;0;0;0;NA;82415;0;2020-05-26;81
2020-05-25;"Banskobystrický kraj";0;0;0;0;NA;82415;0;2020-05-25;81
2020-05-24;"Banskobystrický kraj";0;0;0;0;NA;82415;0;2020-05-24;81
2020-05-23;"Banskobystrický kraj";1;0;0;0;NA;82415;1;2020-05-23;81
2020-05-22;"Banskobystrický kraj";0;0;0;0;NA;82415;0;2020-05-22;80
2020-05-21;"Banskobystrický kraj";0;0;0;0;NA;82415;0;2020-05-21;80
2020-05-20;"Banskobystrický kraj";1;0;0;0;NA;82415;1;2020-05-20;80
2020-05-19;"Banskobystrický kraj";0;0;0;0;NA;82415;0;2020-05-19;79
2020-05-17;"Banskobystrický kraj";0;0;0;0;NA;82415;0;2020-05-17;79
2020-05-16;"Banskobystrický kraj";0;0;0;0;NA;82415;0;2020-05-16;79
2020-05-15;"Banskobystrický kraj";0;0;0;0;NA;82415;0;2020-05-15;79
2020-05-14;"Banskobystrický kraj";0;0;0;0;NA;82415;0;2020-05-14;79
2020-05-13;"Banskobystrický kraj";0;0;0;0;NA;82415;0;2020-05-13;79
2020-05-12;"Banskobystrický kraj";1;0;0;0;NA;82415;1;2020-05-12;79
2020-05-11;"Banskobystrický kraj";0;0;0;0;NA;82415;0;2020-05-11;78
2020-05-09;"Banskobystrický kraj";0;0;0;0;NA;82415;0;2020-05-09;78
2020-05-07;"Banskobystrický kraj";2;0;0;0;NA;82415;2;2020-05-07;78
2020-05-06;"Banskobystrický kraj";1;0;0;0;NA;82415;1;2020-05-06;76
2020-05-05;"Banskobystrický kraj";2;0;0;0;NA;82415;2;2020-05-05;75
2020-05-04;"Banskobystrický kraj";0;0;0;0;NA;82415;0;2020-05-04;73
2020-05-03;"Banskobystrický kraj";0;0;0;0;NA;82415;0;2020-05-03;73
2020-05-02;"Banskobystrický kraj";0;0;0;0;NA;82415;0;2020-05-02;73
2020-05-01;"Banskobystrický kraj";0;0;0;0;NA;82415;0;2020-05-01;73
2020-04-30;"Banskobystrický kraj";1;0;0;0;NA;82415;1;2020-04-30;73
2020-04-29;"Banskobystrický kraj";1;0;0;0;NA;82415;1;2020-04-29;72
2020-04-28;"Banskobystrický kraj";0;0;0;0;NA;82415;0;2020-04-28;71
2020-04-27;"Banskobystrický kraj";0;0;0;0;NA;82415;0;2020-04-27;71
2020-04-26;"Banskobystrický kraj";0;0;0;0;NA;82415;0;2020-04-26;71
2020-04-25;"Banskobystrický kraj";2;0;0;0;NA;82415;2;2020-04-25;71
2020-04-24;"Banskobystrický kraj";3;0;0;0;NA;82415;3;2020-04-24;69
2020-04-23;"Banskobystrický kraj";2;0;0;0;NA;82415;2;2020-04-23;66
2020-04-22;"Banskobystrický kraj";2;0;0;0;NA;82415;2;2020-04-22;64
2020-04-21;"Banskobystrický kraj";2;0;0;0;NA;82415;2;2020-04-21;62
2020-04-20;"Banskobystrický kraj";0;0;0;0;NA;82415;0;2020-04-20;60
2020-04-19;"Banskobystrický kraj";0;0;0;0;NA;82415;0;2020-04-19;60
2020-04-18;"Banskobystrický kraj";8;0;0;0;NA;82415;8;2020-04-18;60
2020-04-17;"Banskobystrický kraj";2;0;0;0;NA;82415;2;2020-04-17;52
2020-04-16;"Banskobystrický kraj";0;0;0;0;NA;82415;0;2020-04-16;50
2020-04-15;"Banskobystrický kraj";10;0;0;0;NA;82415;10;2020-04-15;50
2020-04-14;"Banskobystrický kraj";0;0;0;0;NA;82415;0;2020-04-14;40
2020-04-13;"Banskobystrický kraj";2;0;0;0;NA;82415;2;2020-04-13;40
2020-04-12;"Banskobystrický kraj";4;0;0;0;NA;82415;4;2020-04-12;38
2020-04-11;"Banskobystrický kraj";1;0;0;0;NA;82415;1;2020-04-11;34
2020-04-10;"Banskobystrický kraj";0;0;0;0;NA;82415;0;2020-04-10;33
2020-04-09;"Banskobystrický kraj";2;0;0;0;NA;82415;2;2020-04-09;33
2020-04-08;"Banskobystrický kraj";0;0;0;0;NA;82415;0;2020-04-08;31
2020-04-07;"Banskobystrický kraj";4;0;0;0;NA;82415;4;2020-04-07;31
2020-04-06;"Banskobystrický kraj";10;0;0;0;NA;82415;10;2020-04-06;27
2020-04-05;"Banskobystrický kraj";9;0;0;0;NA;82415;9;2020-04-05;17
2020-04-04;"Banskobystrický kraj";0;0;0;0;NA;82415;0;2020-04-04;8
2020-04-03;"Banskobystrický kraj";2;0;0;0;NA;82415;2;2020-04-03;8
2020-04-02;"Banskobystrický kraj";2;0;0;0;NA;82415;2;2020-04-02;6
2020-04-01;"Banskobystrický kraj";5;0;0;0;NA;82415;5;2020-04-01;4
2020-03-31;"Banskobystrický kraj";3;0;0;0;NA;82415;3;2020-03-31;-1
2020-03-30;"Banskobystrický kraj";1;0;0;0;NA;82415;1;2020-03-30;-4
2020-03-29;"Banskobystrický kraj";2;0;0;0;NA;82415;2;2020-03-29;-5
2020-03-28;"Banskobystrický kraj";1;0;0;0;NA;82415;1;2020-03-28;-7
2020-03-27;"Banskobystrický kraj";1;531;4;535;NA;82415;5;2020-03-27;-8
2020-03-26;"Banskobystrický kraj";1;0;0;0;NA;82415;1;2020-03-26;-13
2020-03-25;"Banskobystrický kraj";0;0;0;0;NA;82415;0;2020-03-25;-14
2020-03-24;"Banskobystrický kraj";1;0;0;0;NA;82415;1;2020-03-24;-14
2020-03-23;"Banskobystrický kraj";1;0;0;0;NA;82415;1;2020-03-23;-15
2020-03-22;"Banskobystrický kraj";0;0;0;0;NA;82415;0;2020-03-22;-16
2020-03-21;"Banskobystrický kraj";3;0;0;0;NA;82415;3;2020-03-21;-16
2020-03-20;"Banskobystrický kraj";0;0;0;0;NA;82415;0;2020-03-20;-19
2020-03-19;"Banskobystrický kraj";2;0;0;0;NA;82415;2;2020-03-19;-19
2020-03-18;"Banskobystrický kraj";1;0;0;0;NA;82415;1;2020-03-18;-21
2020-03-17;"Banskobystrický kraj";1;0;0;0;NA;82415;1;2020-03-17;-22
2020-03-16;"Banskobystrický kraj";0;0;0;0;NA;82415;0;2020-03-16;-23
2020-03-15;"Banskobystrický kraj";1;0;0;0;NA;82415;1;2020-03-15;-23
2020-03-14;"Banskobystrický kraj";0;0;0;0;NA;82415;0;2020-03-14;-24
2020-03-13;"Banskobystrický kraj";1;0;0;0;NA;82415;1;2020-03-13;-24
2020-03-12;"Banskobystrický kraj";0;0;0;0;NA;82415;0;2020-03-12;-25
2020-03-11;"Banskobystrický kraj";0;0;0;0;NA;82415;0;2020-03-11;-25
2020-03-09;"Banskobystrický kraj";0;0;0;0;NA;82415;0;2020-03-09;-25
2020-03-08;"Banskobystrický kraj";0;0;0;0;NA;82415;0;2020-03-08;-25
2020-03-07;"Banskobystrický kraj";0;0;0;0;NA;82415;0;2020-03-07;-25
2020-03-06;"Banskobystrický kraj";0;0;0;0;NA;82415;0;2020-03-06;-25
2021-05-09;"Bratislavský kraj";9;18561;10;18571;43898;89468;19;2021-05-09;89468
2021-05-08;"Bratislavský kraj";5;17167;21;17188;NA;89468;26;2021-05-08;89449
2021-05-07;"Bratislavský kraj";32;21649;49;21698;NA;89468;81;2021-05-07;89423
2021-05-06;"Bratislavský kraj";19;18728;48;18776;NA;89468;67;2021-05-06;89342
2021-05-05;"Bratislavský kraj";29;14484;27;14511;NA;89468;56;2021-05-05;89275
2021-05-04;"Bratislavský kraj";46;17823;56;17879;NA;89468;102;2021-05-04;89219
2021-05-03;"Bratislavský kraj";37;21345;59;21404;NA;89468;96;2021-05-03;89117
2021-05-02;"Bratislavský kraj";38;34684;61;34745;NA;89468;99;2021-05-02;89021
2021-05-01;"Bratislavský kraj";11;39670;40;39710;NA;89468;51;2021-05-01;88922
2021-04-30;"Bratislavský kraj";43;43607;77;43684;NA;89468;120;2021-04-30;88871
2021-04-29;"Bratislavský kraj";48;28102;89;28191;NA;89468;137;2021-04-29;88751
2021-04-28;"Bratislavský kraj";40;26621;69;26690;NA;89468;109;2021-04-28;88614
2021-04-27;"Bratislavský kraj";41;28198;45;28243;NA;89468;86;2021-04-27;88505
2021-04-26;"Bratislavský kraj";59;32108;90;32198;NA;89468;149;2021-04-26;88419
2021-04-25;"Bratislavský kraj";8;47498;61;47559;NA;89468;69;2021-04-25;88270
2021-04-24;"Bratislavský kraj";28;66786;59;66845;NA;89468;87;2021-04-24;88201
2021-04-23;"Bratislavský kraj";70;46888;63;46951;NA;89468;133;2021-04-23;88114
2021-04-22;"Bratislavský kraj";39;28951;66;29017;NA;89468;105;2021-04-22;87981
2021-04-21;"Bratislavský kraj";48;29717;62;29779;NA;89468;110;2021-04-21;87876
2021-04-20;"Bratislavský kraj";58;34555;62;34617;NA;89468;120;2021-04-20;87766
2021-04-19;"Bratislavský kraj";48;39177;80;39257;NA;89468;128;2021-04-19;87646
2021-04-18;"Bratislavský kraj";35;61935;76;62011;NA;89468;111;2021-04-18;87518
2021-04-17;"Bratislavský kraj";13;78620;111;78731;NA;89468;124;2021-04-17;87407
2021-04-16;"Bratislavský kraj";62;46670;80;46750;NA;89468;142;2021-04-16;87283
2021-04-15;"Bratislavský kraj";34;31599;74;31673;NA;89468;108;2021-04-15;87141
2021-04-14;"Bratislavský kraj";65;33094;88;33182;NA;89468;153;2021-04-14;87033
2021-04-13;"Bratislavský kraj";82;34999;82;35081;NA;89468;164;2021-04-13;86880
2021-04-12;"Bratislavský kraj";77;43408;115;43523;NA;89468;192;2021-04-12;86716
2021-04-11;"Bratislavský kraj";42;59463;123;59586;NA;89468;165;2021-04-11;86524
2021-04-10;"Bratislavský kraj";14;76300;167;76467;NA;89468;181;2021-04-10;86359
2021-04-09;"Bratislavský kraj";72;41759;97;41856;NA;89468;169;2021-04-09;86178
2021-04-08;"Bratislavský kraj";71;29886;94;29980;NA;89468;165;2021-04-08;86009
2021-04-07;"Bratislavský kraj";96;37441;102;37543;NA;89468;198;2021-04-07;85844
2021-04-06;"Bratislavský kraj";94;54995;177;55172;NA;89468;271;2021-04-06;85646
2021-04-05;"Bratislavský kraj";85;18532;87;18619;NA;89468;172;2021-04-05;85375
2021-04-04;"Bratislavský kraj";37;27478;73;27551;NA;89468;110;2021-04-04;85203
2021-04-03;"Bratislavský kraj";52;79544;231;79775;NA;89468;283;2021-04-03;85093
2021-04-02;"Bratislavský kraj";33;23954;104;24058;NA;89468;137;2021-04-02;84810
2021-04-01;"Bratislavský kraj";119;56830;159;56989;NA;89468;278;2021-04-01;84673
2021-03-31;"Bratislavský kraj";105;44966;149;45115;NA;89468;254;2021-03-31;84395
2021-03-30;"Bratislavský kraj";100;38586;142;38728;NA;89468;242;2021-03-30;84141
2021-03-29;"Bratislavský kraj";153;39951;176;40127;NA;89468;329;2021-03-29;83899
2021-03-28;"Bratislavský kraj";59;53341;137;53478;NA;89468;196;2021-03-28;83570
2021-03-27;"Bratislavský kraj";53;78388;238;78626;NA;89468;291;2021-03-27;83374
2021-03-26;"Bratislavský kraj";114;55460;190;55650;NA;89468;304;2021-03-26;83083
2021-03-25;"Bratislavský kraj";76;36175;170;36345;NA;89468;246;2021-03-25;82779
2021-03-24;"Bratislavský kraj";120;30072;200;30272;NA;89468;320;2021-03-24;82533
2021-03-23;"Bratislavský kraj";138;35616;189;35805;NA;89468;327;2021-03-23;82213
2021-03-22;"Bratislavský kraj";110;42188;218;42406;NA;89468;328;2021-03-22;81886
2021-03-21;"Bratislavský kraj";54;61297;212;61509;NA;89468;266;2021-03-21;81558
2021-03-20;"Bratislavský kraj";59;71927;227;72154;NA;89468;286;2021-03-20;81292
2021-03-19;"Bratislavský kraj";139;53826;255;54081;NA;89468;394;2021-03-19;81006
2021-03-18;"Bratislavský kraj";142;33803;190;33993;NA;89468;332;2021-03-18;80612
2021-03-17;"Bratislavský kraj";177;30071;215;30286;NA;89468;392;2021-03-17;80280
2021-03-16;"Bratislavský kraj";258;36306;282;36588;NA;89468;540;2021-03-16;79888
2021-03-15;"Bratislavský kraj";180;37436;251;37687;NA;89468;431;2021-03-15;79348
2021-03-14;"Bratislavský kraj";75;51470;270;51740;NA;89468;345;2021-03-14;78917
2021-03-13;"Bratislavský kraj";110;79609;329;79938;NA;89468;439;2021-03-13;78572
2021-03-12;"Bratislavský kraj";152;54397;301;54698;NA;89468;453;2021-03-12;78133
2021-03-11;"Bratislavský kraj";178;34189;281;34470;NA;89468;459;2021-03-11;77680
2021-03-10;"Bratislavský kraj";164;30634;273;30907;NA;89468;437;2021-03-10;77221
2021-03-09;"Bratislavský kraj";242;37590;267;37857;NA;89468;509;2021-03-09;76784
2021-03-08;"Bratislavský kraj";255;40440;343;40783;NA;89468;598;2021-03-08;76275
2021-03-07;"Bratislavský kraj";142;51537;290;51827;NA;89468;432;2021-03-07;75677
2021-03-06;"Bratislavský kraj";79;71387;412;71799;NA;89468;491;2021-03-06;75245
2021-03-05;"Bratislavský kraj";238;50431;292;50723;NA;89468;530;2021-03-05;74754
2021-03-04;"Bratislavský kraj";204;34503;344;34847;NA;89468;548;2021-03-04;74224
2021-03-03;"Bratislavský kraj";250;30406;364;30770;NA;89468;614;2021-03-03;73676
2021-03-02;"Bratislavský kraj";267;39505;388;39893;NA;89468;655;2021-03-02;73062
2021-03-01;"Bratislavský kraj";320;37797;432;38229;NA;89468;752;2021-03-01;72407
2021-02-28;"Bratislavský kraj";184;49969;323;50292;NA;89468;507;2021-02-28;71655
2021-02-27;"Bratislavský kraj";151;76807;465;77272;NA;89468;616;2021-02-27;71148
2021-02-26;"Bratislavský kraj";277;47198;400;47598;NA;89468;677;2021-02-26;70532
2021-02-25;"Bratislavský kraj";277;28425;405;28830;NA;89468;682;2021-02-25;69855
2021-02-24;"Bratislavský kraj";217;26917;412;27329;NA;89468;629;2021-02-24;69173
2021-02-23;"Bratislavský kraj";257;30781;395;31176;NA;89468;652;2021-02-23;68544
2021-02-22;"Bratislavský kraj";353;36250;480;36730;NA;89468;833;2021-02-22;67892
2021-02-21;"Bratislavský kraj";185;50102;379;50481;NA;89468;564;2021-02-21;67059
2021-02-20;"Bratislavský kraj";167;74750;550;75300;NA;89468;717;2021-02-20;66495
2021-02-19;"Bratislavský kraj";280;44679;415;45094;NA;89468;695;2021-02-19;65778
2021-02-18;"Bratislavský kraj";263;26277;371;26648;NA;89468;634;2021-02-18;65083
2021-02-17;"Bratislavský kraj";264;22231;316;22547;NA;89468;580;2021-02-17;64449
2021-02-16;"Bratislavský kraj";289;27745;354;28099;NA;89468;643;2021-02-16;63869
2021-02-15;"Bratislavský kraj";248;36734;396;37130;NA;89468;644;2021-02-15;63226
2021-02-14;"Bratislavský kraj";153;43274;308;43582;NA;89468;461;2021-02-14;62582
2021-02-13;"Bratislavský kraj";173;68529;515;69044;NA;89468;688;2021-02-13;62121
2021-02-12;"Bratislavský kraj";282;35610;327;35937;NA;89468;609;2021-02-12;61433
2021-02-11;"Bratislavský kraj";337;24183;290;24473;NA;89468;627;2021-02-11;60824
2021-02-10;"Bratislavský kraj";314;22817;359;23176;NA;89468;673;2021-02-10;60197
2021-02-09;"Bratislavský kraj";287;36195;454;36649;NA;89468;741;2021-02-09;59524
2021-02-08;"Bratislavský kraj";484;31697;397;32094;NA;89468;881;2021-02-08;58783
2021-02-07;"Bratislavský kraj";243;46239;398;46637;NA;89468;641;2021-02-07;57902
2021-02-06;"Bratislavský kraj";116;62560;508;63068;NA;89468;624;2021-02-06;57261
2021-02-05;"Bratislavský kraj";327;27071;375;27446;NA;89468;702;2021-02-05;56637
2021-02-04;"Bratislavský kraj";555;16434;348;16782;NA;89468;903;2021-02-04;55935
2021-02-03;"Bratislavský kraj";161;12853;351;13204;NA;89468;512;2021-02-03;55032
2021-02-02;"Bratislavský kraj";397;25627;480;26107;NA;89468;877;2021-02-02;54520
2021-02-01;"Bratislavský kraj";221;35186;513;35699;NA;89468;734;2021-02-01;53643
2021-01-31;"Bratislavský kraj";180;35623;425;36048;NA;89468;605;2021-01-31;52909
2021-01-30;"Bratislavský kraj";310;49564;521;50085;NA;89468;831;2021-01-30;52304
2021-01-29;"Bratislavský kraj";344;16200;341;16541;NA;89468;685;2021-01-29;51473
2021-01-28;"Bratislavský kraj";307;10679;297;10976;NA;89468;604;2021-01-28;50788
2021-01-27;"Bratislavský kraj";336;22093;345;22438;NA;89468;681;2021-01-27;50184
2021-01-26;"Bratislavský kraj";297;22078;308;22386;NA;89468;605;2021-01-26;49503
2021-01-25;"Bratislavský kraj";356;22405;248;22653;NA;89468;604;2021-01-25;48898
2021-01-24;"Bratislavský kraj";175;37754;391;38145;NA;89468;566;2021-01-24;48294
2021-01-23;"Bratislavský kraj";396;79317;703;80020;NA;89468;1099;2021-01-23;47728
2021-01-22;"Bratislavský kraj";199;41863;365;42228;NA;89468;564;2021-01-22;46629
2021-01-21;"Bratislavský kraj";255;105639;1317;106956;NA;89468;1572;2021-01-21;46065
2021-01-20;"Bratislavský kraj";360;26667;450;27117;NA;89468;810;2021-01-20;44493
2021-01-19;"Bratislavský kraj";375;14163;346;14509;NA;89468;721;2021-01-19;43683
2021-01-18;"Bratislavský kraj";357;11977;707;12684;NA;89468;1064;2021-01-18;42962
2021-01-17;"Bratislavský kraj";244;426;26;452;NA;89468;270;2021-01-17;41898
2021-01-16;"Bratislavský kraj";70;2908;156;3064;NA;89468;226;2021-01-16;41628
2021-01-15;"Bratislavský kraj";251;7744;256;8000;NA;89468;507;2021-01-15;41402
2021-01-14;"Bratislavský kraj";363;8316;273;8589;NA;89468;636;2021-01-14;40895
2021-01-13;"Bratislavský kraj";336;8040;329;8369;NA;89468;665;2021-01-13;40259
2021-01-12;"Bratislavský kraj";450;9568;464;10032;NA;89468;914;2021-01-12;39594
2021-01-11;"Bratislavský kraj";397;19291;380;19671;NA;89468;777;2021-01-11;38680
2021-01-10;"Bratislavský kraj";252;1350;79;1429;NA;89468;331;2021-01-10;37903
2021-01-09;"Bratislavský kraj";351;4946;291;5237;NA;89468;642;2021-01-09;37572
2021-01-08;"Bratislavský kraj";556;9882;436;10318;NA;89468;992;2021-01-08;36930
2021-01-07;"Bratislavský kraj";537;7161;412;7573;NA;89468;949;2021-01-07;35938
2021-01-06;"Bratislavský kraj";271;3075;216;3291;NA;89468;487;2021-01-06;34989
2021-01-05;"Bratislavský kraj";619;10730;844;11574;NA;89468;1463;2021-01-05;34502
2021-01-04;"Bratislavský kraj";601;7381;606;7987;NA;89468;1207;2021-01-04;33039
2021-01-03;"Bratislavský kraj";77;394;41;435;NA;89468;118;2021-01-03;31832
2021-01-02;"Bratislavský kraj";185;384;57;441;NA;89468;242;2021-01-02;31714
2021-01-01;"Bratislavský kraj";235;3210;131;3341;NA;89468;366;2021-01-01;31472
2020-12-31;"Bratislavský kraj";925;14633;589;15222;NA;89468;1514;2020-12-31;31106
2020-12-30;"Bratislavský kraj";650;9332;528;9860;NA;89468;1178;2020-12-30;29592
2020-12-29;"Bratislavský kraj";303;10365;776;11141;NA;89468;1079;2020-12-29;28414
2020-12-28;"Bratislavský kraj";255;7687;560;8247;NA;89468;815;2020-12-28;27335
2020-12-27;"Bratislavský kraj";160;659;76;735;NA;89468;236;2020-12-27;26520
2020-12-26;"Bratislavský kraj";75;426;27;453;NA;89468;102;2020-12-26;26284
2020-12-25;"Bratislavský kraj";114;460;38;498;NA;89468;152;2020-12-25;26182
2020-12-24;"Bratislavský kraj";536;3381;102;3483;NA;89468;638;2020-12-24;26030
2020-12-23;"Bratislavský kraj";416;13159;500;13659;NA;89468;916;2020-12-23;25392
2020-12-22;"Bratislavský kraj";327;15248;772;16020;NA;89468;1099;2020-12-22;24476
2020-12-21;"Bratislavský kraj";392;14970;2007;16977;NA;89468;2399;2020-12-21;23377
2020-12-20;"Bratislavský kraj";180;643;54;697;NA;89468;234;2020-12-20;20978
2020-12-19;"Bratislavský kraj";396;3164;130;3294;NA;89468;526;2020-12-19;20744
2020-12-18;"Bratislavský kraj";306;10672;401;11073;NA;89468;707;2020-12-18;20218
2020-12-17;"Bratislavský kraj";502;10217;412;10629;NA;89468;914;2020-12-17;19511
2020-12-16;"Bratislavský kraj";282;10546;452;10998;NA;89468;734;2020-12-16;18597
2020-12-15;"Bratislavský kraj";423;10741;479;11220;NA;89468;902;2020-12-15;17863
2020-12-14;"Bratislavský kraj";279;6526;293;6819;NA;89468;572;2020-12-14;16961
2020-12-13;"Bratislavský kraj";125;123;10;133;NA;89468;135;2020-12-13;16389
2020-12-12;"Bratislavský kraj";361;3863;157;4020;NA;89468;518;2020-12-12;16254
2020-12-11;"Bratislavský kraj";326;7203;289;7492;NA;89468;615;2020-12-11;15736
2020-12-10;"Bratislavský kraj";286;5104;209;5313;NA;89468;495;2020-12-10;15121
2020-12-09;"Bratislavský kraj";382;4712;178;4890;NA;89468;560;2020-12-09;14626
2020-12-08;"Bratislavský kraj";234;5793;207;6000;NA;89468;441;2020-12-08;14066
2020-12-07;"Bratislavský kraj";272;4078;152;4230;NA;89468;424;2020-12-07;13625
2020-12-06;"Bratislavský kraj";61;1586;52;1638;NA;89468;113;2020-12-06;13201
2020-12-05;"Bratislavský kraj";266;2148;41;2189;NA;89468;307;2020-12-05;13088
2020-12-04;"Bratislavský kraj";200;4789;99;4888;NA;89468;299;2020-12-04;12781
2020-12-03;"Bratislavský kraj";213;5071;95;5166;NA;89468;308;2020-12-03;12482
2020-12-02;"Bratislavský kraj";205;2831;95;2926;NA;89468;300;2020-12-02;12174
2020-12-01;"Bratislavský kraj";255;3943;204;4147;NA;89468;459;2020-12-01;11874
2020-11-30;"Bratislavský kraj";152;2153;121;2274;NA;89468;273;2020-11-30;11415
2020-11-29;"Bratislavský kraj";52;201;24;225;NA;89468;76;2020-11-29;11142
2020-11-28;"Bratislavský kraj";232;2624;33;2657;NA;89468;265;2020-11-28;11066
2020-11-27;"Bratislavský kraj";54;2540;64;2604;NA;89468;118;2020-11-27;10801
2020-11-26;"Bratislavský kraj";129;1976;60;2036;NA;89468;189;2020-11-26;10683
2020-11-25;"Bratislavský kraj";140;1770;47;1817;NA;89468;187;2020-11-25;10494
2020-11-24;"Bratislavský kraj";81;2988;67;3055;NA;89468;148;2020-11-24;10307
2020-11-23;"Bratislavský kraj";67;7083;58;7141;NA;89468;125;2020-11-23;10159
2020-11-22;"Bratislavský kraj";36;81;7;88;NA;89468;43;2020-11-22;10034
2020-11-21;"Bratislavský kraj";109;2126;47;2173;NA;89468;156;2020-11-21;9991
2020-11-20;"Bratislavský kraj";118;2876;48;2924;NA;89468;166;2020-11-20;9835
2020-11-19;"Bratislavský kraj";173;987;29;1016;NA;89468;202;2020-11-19;9669
2020-11-18;"Bratislavský kraj";118;616;75;691;NA;89468;193;2020-11-18;9467
2020-11-17;"Bratislavský kraj";108;928;23;951;NA;89468;131;2020-11-17;9274
2020-11-16;"Bratislavský kraj";82;651;9;660;NA;89468;91;2020-11-16;9143
2020-11-15;"Bratislavský kraj";47;236;0;236;NA;89468;47;2020-11-15;9052
2020-11-14;"Bratislavský kraj";53;1834;15;1849;NA;89468;68;2020-11-14;9005
2020-11-13;"Bratislavský kraj";94;2096;21;2117;NA;89468;115;2020-11-13;8937
2020-11-12;"Bratislavský kraj";141;1727;6;1733;NA;89468;147;2020-11-12;8822
2020-11-11;"Bratislavský kraj";159;1429;12;1441;NA;89468;171;2020-11-11;8675
2020-11-10;"Bratislavský kraj";136;805;14;819;NA;89468;150;2020-11-10;8504
2020-11-09;"Bratislavský kraj";70;616;8;624;NA;89468;78;2020-11-09;8354
2020-11-08;"Bratislavský kraj";82;869;6;875;NA;89468;88;2020-11-08;8276
2020-11-07;"Bratislavský kraj";88;4039;17;4056;NA;89468;105;2020-11-07;8188
2020-11-06;"Bratislavský kraj";281;6441;25;6466;NA;89468;306;2020-11-06;8083
2020-11-05;"Bratislavský kraj";175;476;11;487;NA;89468;186;2020-11-05;7777
2020-11-04;"Bratislavský kraj";65;411;10;421;NA;89468;75;2020-11-04;7591
2020-11-03;"Bratislavský kraj";251;1085;12;1097;NA;89468;263;2020-11-03;7516
2020-11-02;"Bratislavský kraj";202;3365;22;3387;NA;89468;224;2020-11-02;7253
2020-11-01;"Bratislavský kraj";227;8694;39;8733;NA;89468;266;2020-11-01;7029
2020-10-31;"Bratislavský kraj";173;22407;123;22530;NA;89468;296;2020-10-31;6763
2020-10-30;"Bratislavský kraj";158;17350;138;17488;NA;89468;296;2020-10-30;6467
2020-10-29;"Bratislavský kraj";262;116;4;120;NA;89468;266;2020-10-29;6171
2020-10-28;"Bratislavský kraj";220;260;15;275;NA;89468;235;2020-10-28;5905
2020-10-27;"Bratislavský kraj";256;145;4;149;NA;89468;260;2020-10-27;5670
2020-10-26;"Bratislavský kraj";123;229;11;240;NA;89468;134;2020-10-26;5410
2020-10-25;"Bratislavský kraj";152;33;2;35;NA;89468;154;2020-10-25;5276
2020-10-24;"Bratislavský kraj";170;221;6;227;NA;89468;176;2020-10-24;5122
2020-10-23;"Bratislavský kraj";151;144;8;152;NA;89468;159;2020-10-23;4946
2020-10-22;"Bratislavský kraj";192;204;15;219;NA;89468;207;2020-10-22;4787
2020-10-21;"Bratislavský kraj";66;90;6;96;NA;89468;72;2020-10-21;4580
2020-10-20;"Bratislavský kraj";183;97;4;101;NA;89468;187;2020-10-20;4508
2020-10-19;"Bratislavský kraj";148;168;4;172;NA;89468;152;2020-10-19;4321
2020-10-18;"Bratislavský kraj";75;92;0;92;NA;89468;75;2020-10-18;4169
2020-10-17;"Bratislavský kraj";136;0;0;0;NA;89468;136;2020-10-17;4094
2020-10-16;"Bratislavský kraj";103;14;1;15;NA;89468;104;2020-10-16;3958
2020-10-15;"Bratislavský kraj";135;6;1;7;NA;89468;136;2020-10-15;3854
2020-10-14;"Bratislavský kraj";127;4;0;4;NA;89468;127;2020-10-14;3718
2020-10-13;"Bratislavský kraj";86;108;8;116;NA;89468;94;2020-10-13;3591
2020-10-12;"Bratislavský kraj";46;0;0;0;NA;89468;46;2020-10-12;3497
2020-10-11;"Bratislavský kraj";80;0;0;0;NA;89468;80;2020-10-11;3451
2020-10-10;"Bratislavský kraj";55;0;0;0;NA;89468;55;2020-10-10;3371
2020-10-09;"Bratislavský kraj";148;0;0;0;NA;89468;148;2020-10-09;3316
2020-10-08;"Bratislavský kraj";100;0;0;0;NA;89468;100;2020-10-08;3168
2020-10-07;"Bratislavský kraj";107;0;0;0;NA;89468;107;2020-10-07;3068
2020-10-06;"Bratislavský kraj";108;0;0;0;NA;89468;108;2020-10-06;2961
2020-10-05;"Bratislavský kraj";30;0;0;0;NA;89468;30;2020-10-05;2853
2020-10-04;"Bratislavský kraj";49;0;0;0;NA;89468;49;2020-10-04;2823
2020-10-03;"Bratislavský kraj";82;0;0;0;NA;89468;82;2020-10-03;2774
2020-10-02;"Bratislavský kraj";101;0;0;0;NA;89468;101;2020-10-02;2692
2020-10-01;"Bratislavský kraj";72;0;0;0;NA;89468;72;2020-10-01;2591
2020-09-30;"Bratislavský kraj";91;0;0;0;NA;89468;91;2020-09-30;2519
2020-09-29;"Bratislavský kraj";74;0;0;0;NA;89468;74;2020-09-29;2428
2020-09-28;"Bratislavský kraj";29;0;0;0;NA;89468;29;2020-09-28;2354
2020-09-27;"Bratislavský kraj";48;0;0;0;NA;89468;48;2020-09-27;2325
2020-09-26;"Bratislavský kraj";86;0;0;0;NA;89468;86;2020-09-26;2277
2020-09-25;"Bratislavský kraj";97;0;0;0;NA;89468;97;2020-09-25;2191
2020-09-24;"Bratislavský kraj";73;0;0;0;NA;89468;73;2020-09-24;2094
2020-09-23;"Bratislavský kraj";55;0;0;0;NA;89468;55;2020-09-23;2021
2020-09-22;"Bratislavský kraj";81;0;0;0;NA;89468;81;2020-09-22;1966
2020-09-21;"Bratislavský kraj";32;0;0;0;NA;89468;32;2020-09-21;1885
2020-09-20;"Bratislavský kraj";25;0;0;0;NA;89468;25;2020-09-20;1853
2020-09-19;"Bratislavský kraj";59;0;0;0;NA;89468;59;2020-09-19;1828
2020-09-18;"Bratislavský kraj";42;0;0;0;NA;89468;42;2020-09-18;1769
2020-09-17;"Bratislavský kraj";52;0;0;0;NA;89468;52;2020-09-17;1727
2020-09-16;"Bratislavský kraj";32;0;0;0;NA;89468;32;2020-09-16;1675
2020-09-15;"Bratislavský kraj";26;0;0;0;NA;89468;26;2020-09-15;1643
2020-09-14;"Bratislavský kraj";24;0;0;0;NA;89468;24;2020-09-14;1617
2020-09-13;"Bratislavský kraj";11;0;0;0;NA;89468;11;2020-09-13;1593
2020-09-12;"Bratislavský kraj";24;0;0;0;NA;89468;24;2020-09-12;1582
2020-09-11;"Bratislavský kraj";50;0;0;0;NA;89468;50;2020-09-11;1558
2020-09-10;"Bratislavský kraj";47;0;0;0;NA;89468;47;2020-09-10;1508
2020-09-09;"Bratislavský kraj";40;0;0;0;NA;89468;40;2020-09-09;1461
2020-09-08;"Bratislavský kraj";58;0;0;0;NA;89468;58;2020-09-08;1421
2020-09-07;"Bratislavský kraj";39;0;0;0;NA;89468;39;2020-09-07;1363
2020-09-06;"Bratislavský kraj";11;0;0;0;NA;89468;11;2020-09-06;1324
2020-09-05;"Bratislavský kraj";37;0;0;0;NA;89468;37;2020-09-05;1313
2020-09-04;"Bratislavský kraj";87;0;0;0;NA;89468;87;2020-09-04;1276
2020-09-03;"Bratislavský kraj";51;0;0;0;NA;89468;51;2020-09-03;1189
2020-09-02;"Bratislavský kraj";50;0;0;0;NA;89468;50;2020-09-02;1138
2020-09-01;"Bratislavský kraj";16;0;0;0;NA;89468;16;2020-09-01;1088
2020-08-31;"Bratislavský kraj";19;0;0;0;NA;89468;19;2020-08-31;1072
2020-08-30;"Bratislavský kraj";9;0;0;0;NA;89468;9;2020-08-30;1053
2020-08-29;"Bratislavský kraj";12;0;0;0;NA;89468;12;2020-08-29;1044
2020-08-28;"Bratislavský kraj";35;0;0;0;NA;89468;35;2020-08-28;1032
2020-08-27;"Bratislavský kraj";33;0;0;0;NA;89468;33;2020-08-27;997
2020-08-26;"Bratislavský kraj";27;0;0;0;NA;89468;27;2020-08-26;964
2020-08-25;"Bratislavský kraj";29;0;0;0;NA;89468;29;2020-08-25;937
2020-08-24;"Bratislavský kraj";6;0;0;0;NA;89468;6;2020-08-24;908
2020-08-23;"Bratislavský kraj";45;0;0;0;NA;89468;45;2020-08-23;902
2020-08-22;"Bratislavský kraj";13;0;0;0;NA;89468;13;2020-08-22;857
2020-08-21;"Bratislavský kraj";46;0;0;0;NA;89468;46;2020-08-21;844
2020-08-20;"Bratislavský kraj";41;0;0;0;NA;89468;41;2020-08-20;798
2020-08-19;"Bratislavský kraj";27;0;0;0;NA;89468;27;2020-08-19;757
2020-08-18;"Bratislavský kraj";47;0;0;0;NA;89468;47;2020-08-18;730
2020-08-17;"Bratislavský kraj";2;0;0;0;NA;89468;2;2020-08-17;683
2020-08-16;"Bratislavský kraj";3;0;0;0;NA;89468;3;2020-08-16;681
2020-08-15;"Bratislavský kraj";18;0;0;0;NA;89468;18;2020-08-15;678
2020-08-14;"Bratislavský kraj";16;0;0;0;NA;89468;16;2020-08-14;660
2020-08-13;"Bratislavský kraj";12;0;0;0;NA;89468;12;2020-08-13;644
2020-08-12;"Bratislavský kraj";10;0;0;0;NA;89468;10;2020-08-12;632
2020-08-11;"Bratislavský kraj";23;0;0;0;NA;89468;23;2020-08-11;622
2020-08-10;"Bratislavský kraj";2;0;0;0;NA;89468;2;2020-08-10;599
2020-08-09;"Bratislavský kraj";2;0;0;0;NA;89468;2;2020-08-09;597
2020-08-08;"Bratislavský kraj";1;0;0;0;NA;89468;1;2020-08-08;595
2020-08-07;"Bratislavský kraj";9;0;0;0;NA;89468;9;2020-08-07;594
2020-08-06;"Bratislavský kraj";15;0;0;0;NA;89468;15;2020-08-06;585
2020-08-05;"Bratislavský kraj";11;0;0;0;NA;89468;11;2020-08-05;570
2020-08-04;"Bratislavský kraj";21;0;0;0;NA;89468;21;2020-08-04;559
2020-08-03;"Bratislavský kraj";7;0;0;0;NA;89468;7;2020-08-03;538
2020-08-02;"Bratislavský kraj";0;0;0;0;NA;89468;0;2020-08-02;531
2020-08-01;"Bratislavský kraj";0;0;0;0;NA;89468;0;2020-08-01;531
2020-07-31;"Bratislavský kraj";14;0;0;0;NA;89468;14;2020-07-31;531
2020-07-30;"Bratislavský kraj";6;0;0;0;NA;89468;6;2020-07-30;517
2020-07-29;"Bratislavský kraj";7;0;0;0;NA;89468;7;2020-07-29;511
2020-07-28;"Bratislavský kraj";14;0;0;0;NA;89468;14;2020-07-28;504
2020-07-27;"Bratislavský kraj";3;0;0;0;NA;89468;3;2020-07-27;490
2020-07-26;"Bratislavský kraj";0;0;0;0;NA;89468;0;2020-07-26;487
2020-07-25;"Bratislavský kraj";8;0;0;0;NA;89468;8;2020-07-25;487
2020-07-24;"Bratislavský kraj";2;0;0;0;NA;89468;2;2020-07-24;479
2020-07-23;"Bratislavský kraj";8;0;0;0;NA;89468;8;2020-07-23;477
2020-07-22;"Bratislavský kraj";11;0;0;0;NA;89468;11;2020-07-22;469
2020-07-21;"Bratislavský kraj";8;0;0;0;NA;89468;8;2020-07-21;458
2020-07-20;"Bratislavský kraj";12;0;0;0;NA;89468;12;2020-07-20;450
2020-07-19;"Bratislavský kraj";0;0;0;0;NA;89468;0;2020-07-19;438
2020-07-18;"Bratislavský kraj";2;0;0;0;NA;89468;2;2020-07-18;438
2020-07-17;"Bratislavský kraj";2;0;0;0;NA;89468;2;2020-07-17;436
2020-07-16;"Bratislavský kraj";6;0;0;0;NA;89468;6;2020-07-16;434
2020-07-15;"Bratislavský kraj";3;0;0;0;NA;89468;3;2020-07-15;428
2020-07-14;"Bratislavský kraj";2;0;0;0;NA;89468;2;2020-07-14;425
2020-07-13;"Bratislavský kraj";2;0;0;0;NA;89468;2;2020-07-13;423
2020-07-12;"Bratislavský kraj";0;0;0;0;NA;89468;0;2020-07-12;421
2020-07-11;"Bratislavský kraj";0;0;0;0;NA;89468;0;2020-07-11;421
2020-07-10;"Bratislavský kraj";8;0;0;0;NA;89468;8;2020-07-10;421
2020-07-09;"Bratislavský kraj";2;0;0;0;NA;89468;2;2020-07-09;413
2020-07-08;"Bratislavský kraj";11;0;0;0;NA;89468;11;2020-07-08;411
2020-07-07;"Bratislavský kraj";5;0;0;0;NA;89468;5;2020-07-07;400
2020-07-06;"Bratislavský kraj";1;0;0;0;NA;89468;1;2020-07-06;395
2020-07-05;"Bratislavský kraj";0;0;0;0;NA;89468;0;2020-07-05;394
2020-07-04;"Bratislavský kraj";3;0;0;0;NA;89468;3;2020-07-04;394
2020-07-03;"Bratislavský kraj";1;0;0;0;NA;89468;1;2020-07-03;391
2020-07-02;"Bratislavský kraj";0;0;0;0;NA;89468;0;2020-07-02;390
2020-07-01;"Bratislavský kraj";7;0;0;0;NA;89468;7;2020-07-01;390
2020-06-30;"Bratislavský kraj";3;0;0;0;NA;89468;3;2020-06-30;383
2020-06-29;"Bratislavský kraj";1;0;0;0;NA;89468;1;2020-06-29;380
2020-06-28;"Bratislavský kraj";0;0;0;0;NA;89468;0;2020-06-28;379
2020-06-27;"Bratislavský kraj";1;0;0;0;NA;89468;1;2020-06-27;379
2020-06-26;"Bratislavský kraj";6;0;0;0;NA;89468;6;2020-06-26;378
2020-06-25;"Bratislavský kraj";0;0;0;0;NA;89468;0;2020-06-25;372
2020-06-24;"Bratislavský kraj";3;0;0;0;NA;89468;3;2020-06-24;372
2020-06-23;"Bratislavský kraj";0;0;0;0;NA;89468;0;2020-06-23;369
2020-06-22;"Bratislavský kraj";1;0;0;0;NA;89468;1;2020-06-22;369
2020-06-21;"Bratislavský kraj";0;0;0;0;NA;89468;0;2020-06-21;368
2020-06-20;"Bratislavský kraj";0;0;0;0;NA;89468;0;2020-06-20;368
2020-06-19;"Bratislavský kraj";3;0;0;0;NA;89468;3;2020-06-19;368
2020-06-18;"Bratislavský kraj";0;0;0;0;NA;89468;0;2020-06-18;365
2020-06-17;"Bratislavský kraj";0;0;0;0;NA;89468;0;2020-06-17;365
2020-06-16;"Bratislavský kraj";0;0;0;0;NA;89468;0;2020-06-16;365
2020-06-14;"Bratislavský kraj";2;0;0;0;NA;89468;2;2020-06-14;365
2020-06-13;"Bratislavský kraj";1;0;0;0;NA;89468;1;2020-06-13;363
2020-06-12;"Bratislavský kraj";2;0;0;0;NA;89468;2;2020-06-12;362
2020-06-11;"Bratislavský kraj";0;0;0;0;NA;89468;0;2020-06-11;360
2020-06-10;"Bratislavský kraj";0;0;0;0;NA;89468;0;2020-06-10;360
2020-06-09;"Bratislavský kraj";0;0;0;0;NA;89468;0;2020-06-09;360
2020-06-08;"Bratislavský kraj";1;0;0;0;NA;89468;1;2020-06-08;360
2020-06-07;"Bratislavský kraj";0;0;0;0;NA;89468;0;2020-06-07;359
2020-06-05;"Bratislavský kraj";0;0;0;0;NA;89468;0;2020-06-05;359
2020-06-03;"Bratislavský kraj";1;0;0;0;NA;89468;1;2020-06-03;359
2020-06-02;"Bratislavský kraj";0;0;0;0;NA;89468;0;2020-06-02;358
2020-05-31;"Bratislavský kraj";0;0;0;0;NA;89468;0;2020-05-31;358
2020-05-29;"Bratislavský kraj";0;0;0;0;NA;89468;0;2020-05-29;358
2020-05-27;"Bratislavský kraj";1;0;0;0;NA;89468;1;2020-05-27;358
2020-05-26;"Bratislavský kraj";0;0;0;0;NA;89468;0;2020-05-26;357
2020-05-25;"Bratislavský kraj";0;0;0;0;NA;89468;0;2020-05-25;357
2020-05-24;"Bratislavský kraj";0;0;0;0;NA;89468;0;2020-05-24;357
2020-05-23;"Bratislavský kraj";2;0;0;0;NA;89468;2;2020-05-23;357
2020-05-22;"Bratislavský kraj";0;0;0;0;NA;89468;0;2020-05-22;355
2020-05-21;"Bratislavský kraj";0;0;0;0;NA;89468;0;2020-05-21;355
2020-05-20;"Bratislavský kraj";0;0;0;0;NA;89468;0;2020-05-20;355
2020-05-19;"Bratislavský kraj";0;0;0;0;NA;89468;0;2020-05-19;355
2020-05-17;"Bratislavský kraj";0;0;0;0;NA;89468;0;2020-05-17;355
2020-05-16;"Bratislavský kraj";0;0;0;0;NA;89468;0;2020-05-16;355
2020-05-15;"Bratislavský kraj";0;0;0;0;NA;89468;0;2020-05-15;355
2020-05-14;"Bratislavský kraj";0;0;0;0;NA;89468;0;2020-05-14;355
2020-05-13;"Bratislavský kraj";0;0;0;0;NA;89468;0;2020-05-13;355
2020-05-12;"Bratislavský kraj";2;0;0;0;NA;89468;2;2020-05-12;355
2020-05-11;"Bratislavský kraj";0;0;0;0;NA;89468;0;2020-05-11;353
2020-05-09;"Bratislavský kraj";0;0;0;0;NA;89468;0;2020-05-09;353
2020-05-07;"Bratislavský kraj";1;0;0;0;NA;89468;1;2020-05-07;353
2020-05-06;"Bratislavský kraj";3;0;0;0;NA;89468;3;2020-05-06;352
2020-05-05;"Bratislavský kraj";0;0;0;0;NA;89468;0;2020-05-05;349
2020-05-04;"Bratislavský kraj";0;0;0;0;NA;89468;0;2020-05-04;349
2020-05-03;"Bratislavský kraj";2;0;0;0;NA;89468;2;2020-05-03;349
2020-05-02;"Bratislavský kraj";0;0;0;0;NA;89468;0;2020-05-02;347
2020-05-01;"Bratislavský kraj";0;0;0;0;NA;89468;0;2020-05-01;347
2020-04-30;"Bratislavský kraj";5;0;0;0;NA;89468;5;2020-04-30;347
2020-04-29;"Bratislavský kraj";0;0;0;0;NA;89468;0;2020-04-29;342
2020-04-28;"Bratislavský kraj";2;0;0;0;NA;89468;2;2020-04-28;342
2020-04-27;"Bratislavský kraj";0;0;0;0;NA;89468;0;2020-04-27;340
2020-04-26;"Bratislavský kraj";1;0;0;0;NA;89468;1;2020-04-26;340
2020-04-25;"Bratislavský kraj";0;0;0;0;NA;89468;0;2020-04-25;339
2020-04-24;"Bratislavský kraj";2;0;0;0;NA;89468;2;2020-04-24;339
2020-04-23;"Bratislavský kraj";6;0;0;0;NA;89468;6;2020-04-23;337
2020-04-22;"Bratislavský kraj";11;0;0;0;NA;89468;11;2020-04-22;331
2020-04-21;"Bratislavský kraj";4;0;0;0;NA;89468;4;2020-04-21;320
2020-04-20;"Bratislavský kraj";0;0;0;0;NA;89468;0;2020-04-20;316
2020-04-19;"Bratislavský kraj";4;0;0;0;NA;89468;4;2020-04-19;316
2020-04-18;"Bratislavský kraj";5;0;0;0;NA;89468;5;2020-04-18;312
2020-04-17;"Bratislavský kraj";6;0;0;0;NA;89468;6;2020-04-17;307
2020-04-16;"Bratislavský kraj";15;0;0;0;NA;89468;15;2020-04-16;301
2020-04-15;"Bratislavský kraj";11;0;0;0;NA;89468;11;2020-04-15;286
2020-04-14;"Bratislavský kraj";19;0;0;0;NA;89468;19;2020-04-14;275
2020-04-13;"Bratislavský kraj";53;0;0;0;NA;89468;53;2020-04-13;256
2020-04-12;"Bratislavský kraj";3;0;0;0;NA;89468;3;2020-04-12;203
2020-04-11;"Bratislavský kraj";1;0;0;0;NA;89468;1;2020-04-11;200
2020-04-10;"Bratislavský kraj";8;0;0;0;NA;89468;8;2020-04-10;199
2020-04-09;"Bratislavský kraj";3;0;0;0;NA;89468;3;2020-04-09;191
2020-04-08;"Bratislavský kraj";3;0;0;0;NA;89468;3;2020-04-08;188
2020-04-07;"Bratislavský kraj";24;0;0;0;NA;89468;24;2020-04-07;185
2020-04-06;"Bratislavský kraj";5;0;0;0;NA;89468;5;2020-04-06;161
2020-04-05;"Bratislavský kraj";6;0;0;0;NA;89468;6;2020-04-05;156
2020-04-04;"Bratislavský kraj";2;0;0;0;NA;89468;2;2020-04-04;150
2020-04-03;"Bratislavský kraj";1;0;0;0;NA;89468;1;2020-04-03;148
2020-04-02;"Bratislavský kraj";2;0;0;0;NA;89468;2;2020-04-02;147
2020-04-01;"Bratislavský kraj";5;0;0;0;NA;89468;5;2020-04-01;145
2020-03-31;"Bratislavský kraj";19;0;0;0;NA;89468;19;2020-03-31;140
2020-03-30;"Bratislavský kraj";6;0;0;0;NA;89468;6;2020-03-30;121
2020-03-29;"Bratislavský kraj";8;0;0;0;NA;89468;8;2020-03-29;115
2020-03-28;"Bratislavský kraj";4;0;0;0;NA;89468;4;2020-03-28;107
2020-03-27;"Bratislavský kraj";3;0;0;0;NA;89468;3;2020-03-27;103
2020-03-26;"Bratislavský kraj";15;0;0;0;NA;89468;15;2020-03-26;100
2020-03-25;"Bratislavský kraj";1;0;0;0;NA;89468;1;2020-03-25;85
2020-03-24;"Bratislavský kraj";4;0;0;0;NA;89468;4;2020-03-24;84
2020-03-23;"Bratislavský kraj";9;0;0;0;NA;89468;9;2020-03-23;80
2020-03-22;"Bratislavský kraj";2;0;0;0;NA;89468;2;2020-03-22;71
2020-03-21;"Bratislavský kraj";22;0;0;0;NA;89468;22;2020-03-21;69
2020-03-20;"Bratislavský kraj";3;0;0;0;NA;89468;3;2020-03-20;47
2020-03-19;"Bratislavský kraj";4;0;0;0;NA;89468;4;2020-03-19;44
2020-03-18;"Bratislavský kraj";3;0;0;0;NA;89468;3;2020-03-18;40
2020-03-17;"Bratislavský kraj";13;0;0;0;NA;89468;13;2020-03-17;37
2020-03-16;"Bratislavský kraj";1;0;0;0;NA;89468;1;2020-03-16;24
2020-03-15;"Bratislavský kraj";4;0;0;0;NA;89468;4;2020-03-15;23
2020-03-14;"Bratislavský kraj";9;0;0;0;NA;89468;9;2020-03-14;19
2020-03-13;"Bratislavský kraj";2;0;0;0;NA;89468;2;2020-03-13;10
2020-03-12;"Bratislavský kraj";8;0;0;0;NA;89468;8;2020-03-12;8
2020-03-11;"Bratislavský kraj";3;0;0;0;NA;89468;3;2020-03-11;0
2020-03-09;"Bratislavský kraj";0;0;0;0;NA;89468;0;2020-03-09;-3
2020-03-08;"Bratislavský kraj";2;0;0;0;NA;89468;2;2020-03-08;-3
2020-03-07;"Bratislavský kraj";2;0;0;0;NA;89468;2;2020-03-07;-5
2020-03-06;"Bratislavský kraj";1;0;0;0;NA;89468;1;2020-03-06;-7
2021-05-09;"Košický kraj";84;22469;34;22503;51880;95829;118;2021-05-09;95829
2021-05-08;"Košický kraj";18;20597;23;20620;NA;95829;41;2021-05-08;95711
2021-05-07;"Košický kraj";51;22135;51;22186;NA;95829;102;2021-05-07;95670
2021-05-06;"Košický kraj";55;11632;42;11674;NA;95829;97;2021-05-06;95568
2021-05-05;"Košický kraj";23;11838;34;11872;NA;95829;57;2021-05-05;95471
2021-05-04;"Košický kraj";143;13284;38;13322;NA;95829;181;2021-05-04;95414
2021-05-03;"Košický kraj";37;16944;68;17012;NA;95829;105;2021-05-03;95233
2021-05-02;"Košický kraj";45;36095;56;36151;NA;95829;101;2021-05-02;95128
2021-05-01;"Košický kraj";54;51764;76;51840;NA;95829;130;2021-05-01;95027
2021-04-30;"Košický kraj";59;43832;87;43919;NA;95829;146;2021-04-30;94897
2021-04-29;"Košický kraj";76;16970;53;17023;NA;95829;129;2021-04-29;94751
2021-04-28;"Košický kraj";99;18007;52;18059;NA;95829;151;2021-04-28;94622
2021-04-27;"Košický kraj";108;20730;44;20774;NA;95829;152;2021-04-27;94471
2021-04-26;"Košický kraj";39;26016;96;26112;NA;95829;135;2021-04-26;94319
2021-04-25;"Košický kraj";23;48358;57;48415;NA;95829;80;2021-04-25;94184
2021-04-24;"Košický kraj";68;90343;114;90457;NA;95829;182;2021-04-24;94104
2021-04-23;"Košický kraj";110;41129;73;41202;NA;95829;183;2021-04-23;93922
2021-04-22;"Košický kraj";56;16849;45;16894;NA;95829;101;2021-04-22;93739
2021-04-21;"Košický kraj";114;19607;62;19669;NA;95829;176;2021-04-21;93638
2021-04-20;"Košický kraj";81;25524;64;25588;NA;95829;145;2021-04-20;93462
2021-04-19;"Košický kraj";93;29954;108;30062;NA;95829;201;2021-04-19;93317
2021-04-18;"Košický kraj";10;48982;77;49059;NA;95829;87;2021-04-18;93116
2021-04-17;"Košický kraj";187;83968;103;84071;NA;95829;290;2021-04-17;93029
2021-04-16;"Košický kraj";83;41662;128;41790;NA;95829;211;2021-04-16;92739
2021-04-15;"Košický kraj";104;18631;94;18725;NA;95829;198;2021-04-15;92528
2021-04-14;"Košický kraj";119;20190;65;20255;NA;95829;184;2021-04-14;92330
2021-04-13;"Košický kraj";81;23349;121;23470;NA;95829;202;2021-04-13;92146
2021-04-12;"Košický kraj";129;26573;124;26697;NA;95829;253;2021-04-12;91944
2021-04-11;"Košický kraj";29;47016;79;47095;NA;95829;108;2021-04-11;91691
2021-04-10;"Košický kraj";138;99954;187;100141;NA;95829;325;2021-04-10;91583
2021-04-09;"Košický kraj";168;35288;132;35420;NA;95829;300;2021-04-09;91258
2021-04-08;"Košický kraj";81;18708;91;18799;NA;95829;172;2021-04-08;90958
2021-04-07;"Košický kraj";232;28327;197;28524;NA;95829;429;2021-04-07;90786
2021-04-06;"Košický kraj";121;36654;164;36818;NA;95829;285;2021-04-06;90357
2021-04-05;"Košický kraj";19;14409;66;14475;NA;95829;85;2021-04-05;90072
2021-04-04;"Košický kraj";33;15200;68;15268;NA;95829;101;2021-04-04;89987
2021-04-03;"Košický kraj";138;96577;241;96818;NA;95829;379;2021-04-03;89886
2021-04-02;"Košický kraj";128;24457;86;24543;NA;95829;214;2021-04-02;89507
2021-04-01;"Košický kraj";165;46212;156;46368;NA;95829;321;2021-04-01;89293
2021-03-31;"Košický kraj";160;29693;126;29819;NA;95829;286;2021-03-31;88972
2021-03-30;"Košický kraj";229;24108;163;24271;NA;95829;392;2021-03-30;88686
2021-03-29;"Košický kraj";78;28729;192;28921;NA;95829;270;2021-03-29;88294
2021-03-28;"Košický kraj";39;44263;128;44391;NA;95829;167;2021-03-28;88024
2021-03-27;"Košický kraj";222;96635;267;96902;NA;95829;489;2021-03-27;87857
2021-03-26;"Košický kraj";233;45262;202;45464;NA;95829;435;2021-03-26;87368
2021-03-25;"Košický kraj";133;23789;174;23963;NA;95829;307;2021-03-25;86933
2021-03-24;"Košický kraj";165;20685;157;20842;NA;95829;322;2021-03-24;86626
2021-03-23;"Košický kraj";202;22480;190;22670;NA;95829;392;2021-03-23;86304
2021-03-22;"Košický kraj";169;26742;227;26969;NA;95829;396;2021-03-22;85912
2021-03-21;"Košický kraj";109;46792;167;46959;NA;95829;276;2021-03-21;85516
2021-03-20;"Košický kraj";126;101376;315;101691;NA;95829;441;2021-03-20;85240
2021-03-19;"Košický kraj";205;45598;257;45855;NA;95829;462;2021-03-19;84799
2021-03-18;"Košický kraj";274;23831;211;24042;NA;95829;485;2021-03-18;84337
2021-03-17;"Košický kraj";177;21559;197;21756;NA;95829;374;2021-03-17;83852
2021-03-16;"Košický kraj";386;23431;226;23657;NA;95829;612;2021-03-16;83478
2021-03-15;"Košický kraj";173;27796;294;28090;NA;95829;467;2021-03-15;82866
2021-03-14;"Košický kraj";145;44419;226;44645;NA;95829;371;2021-03-14;82399
2021-03-13;"Košický kraj";146;103822;480;104302;NA;95829;626;2021-03-13;82028
2021-03-12;"Košický kraj";366;47839;322;48161;NA;95829;688;2021-03-12;81402
2021-03-11;"Košický kraj";396;23225;261;23486;NA;95829;657;2021-03-11;80714
2021-03-10;"Košický kraj";121;22199;268;22467;NA;95829;389;2021-03-10;80057
2021-03-09;"Košický kraj";676;24524;301;24825;NA;95829;977;2021-03-09;79668
2021-03-08;"Košický kraj";559;29679;342;30021;NA;95829;901;2021-03-08;78691
2021-03-07;"Košický kraj";45;44273;299;44572;NA;95829;344;2021-03-07;77790
2021-03-06;"Košický kraj";177;105659;536;106195;NA;95829;713;2021-03-06;77446
2021-03-05;"Košický kraj";439;45564;422;45986;NA;95829;861;2021-03-05;76733
2021-03-04;"Košický kraj";417;23862;321;24183;NA;95829;738;2021-03-04;75872
2021-03-03;"Košický kraj";390;23141;297;23438;NA;95829;687;2021-03-03;75134
2021-03-02;"Košický kraj";464;24158;372;24530;NA;95829;836;2021-03-02;74447
2021-03-01;"Košický kraj";389;29980;512;30492;NA;95829;901;2021-03-01;73611
2021-02-28;"Košický kraj";265;43053;334;43387;NA;95829;599;2021-02-28;72710
2021-02-27;"Košický kraj";301;101274;787;102061;NA;95829;1088;2021-02-27;72111
2021-02-26;"Košický kraj";440;45466;492;45958;NA;95829;932;2021-02-26;71023
2021-02-25;"Košický kraj";331;19872;342;20214;NA;95829;673;2021-02-25;70091
2021-02-24;"Košický kraj";263;18815;506;19321;NA;95829;769;2021-02-24;69418
2021-02-23;"Košický kraj";642;21592;341;21933;NA;95829;983;2021-02-23;68649
2021-02-22;"Košický kraj";362;30830;434;31264;NA;95829;796;2021-02-22;67666
2021-02-21;"Košický kraj";170;40464;385;40849;NA;95829;555;2021-02-21;66870
2021-02-20;"Košický kraj";283;92550;770;93320;NA;95829;1053;2021-02-20;66315
2021-02-19;"Košický kraj";507;42016;586;42602;NA;95829;1093;2021-02-19;65262
2021-02-18;"Košický kraj";397;18442;345;18787;NA;95829;742;2021-02-18;64169
2021-02-17;"Košický kraj";322;18080;387;18467;NA;95829;709;2021-02-17;63427
2021-02-16;"Košický kraj";600;22111;463;22574;NA;95829;1063;2021-02-16;62718
2021-02-15;"Košický kraj";216;27633;419;28052;NA;95829;635;2021-02-15;61655
2021-02-14;"Košický kraj";241;56743;524;57267;NA;95829;765;2021-02-14;61020
2021-02-13;"Košický kraj";206;93779;765;94544;NA;95829;971;2021-02-13;60255
2021-02-12;"Košický kraj";448;50184;611;50795;NA;95829;1059;2021-02-12;59284
2021-02-11;"Košický kraj";435;14524;323;14847;NA;95829;758;2021-02-11;58225
2021-02-10;"Košický kraj";360;18475;431;18906;NA;95829;791;2021-02-10;57467
2021-02-09;"Košický kraj";545;24841;463;25304;NA;95829;1008;2021-02-09;56676
2021-02-08;"Košický kraj";237;24836;392;25228;NA;95829;629;2021-02-08;55668
2021-02-07;"Košický kraj";208;56897;612;57509;NA;95829;820;2021-02-07;55039
2021-02-06;"Košický kraj";318;104357;884;105241;NA;95829;1202;2021-02-06;54219
2021-02-05;"Košický kraj";384;43186;494;43680;NA;95829;878;2021-02-05;53017
2021-02-04;"Košický kraj";391;14508;371;14879;NA;95829;762;2021-02-04;52139
2021-02-03;"Košický kraj";296;12599;339;12938;NA;95829;635;2021-02-03;51377
2021-02-02;"Košický kraj";473;43883;1212;45095;NA;95829;1685;2021-02-02;50742
2021-02-01;"Košický kraj";415;21965;362;22327;NA;95829;777;2021-02-01;49057
2021-01-31;"Košický kraj";142;54154;609;54763;NA;95829;751;2021-01-31;48280
2021-01-30;"Košický kraj";320;76925;665;77590;NA;95829;985;2021-01-30;47529
2021-01-29;"Košický kraj";311;37130;466;37596;NA;95829;777;2021-01-29;46544
2021-01-28;"Košický kraj";540;9006;244;9250;NA;95829;784;2021-01-28;45767
2021-01-27;"Košický kraj";265;7575;211;7786;NA;95829;476;2021-01-27;44983
2021-01-26;"Košický kraj";530;14256;246;14502;NA;95829;776;2021-01-26;44507
2021-01-25;"Košický kraj";226;26430;413;26843;NA;95829;639;2021-01-25;43731
2021-01-24;"Košický kraj";150;44419;581;45000;NA;95829;731;2021-01-24;43092
2021-01-23;"Košický kraj";232;82705;857;83562;NA;95829;1089;2021-01-23;42361
2021-01-22;"Košický kraj";316;19993;265;20258;NA;95829;581;2021-01-22;41272
2021-01-21;"Košický kraj";274;14047;158;14205;NA;95829;432;2021-01-21;40691
2021-01-20;"Košický kraj";374;10843;201;11044;NA;95829;575;2021-01-20;40259
2021-01-19;"Košický kraj";248;9717;181;9898;NA;95829;429;2021-01-19;39684
2021-01-18;"Košický kraj";333;7659;262;7921;NA;95829;595;2021-01-18;39255
2021-01-17;"Košický kraj";155;535;14;549;NA;95829;169;2021-01-17;38660
2021-01-16;"Košický kraj";153;1403;47;1450;NA;95829;200;2021-01-16;38491
2021-01-15;"Košický kraj";308;6443;213;6656;NA;95829;521;2021-01-15;38291
2021-01-14;"Košický kraj";358;5471;221;5692;NA;95829;579;2021-01-14;37770
2021-01-13;"Košický kraj";421;4897;226;5123;NA;95829;647;2021-01-13;37191
2021-01-12;"Košický kraj";482;6689;258;6947;NA;95829;740;2021-01-12;36544
2021-01-11;"Košický kraj";309;7945;304;8249;NA;95829;613;2021-01-11;35804
2021-01-10;"Košický kraj";193;136;6;142;NA;95829;199;2021-01-10;35191
2021-01-09;"Košický kraj";469;1134;45;1179;NA;95829;514;2021-01-09;34992
2021-01-08;"Košický kraj";551;8222;388;8610;NA;95829;939;2021-01-08;34478
2021-01-07;"Košický kraj";251;6566;434;7000;NA;95829;685;2021-01-07;33539
2021-01-06;"Košický kraj";442;429;33;462;NA;95829;475;2021-01-06;32854
2021-01-05;"Košický kraj";584;8100;560;8660;NA;95829;1144;2021-01-05;32379
2021-01-04;"Košický kraj";407;7113;737;7850;NA;95829;1144;2021-01-04;31235
2021-01-03;"Košický kraj";118;661;22;683;NA;95829;140;2021-01-03;30091
2021-01-02;"Košický kraj";88;440;52;492;NA;95829;140;2021-01-02;29951
2021-01-01;"Košický kraj";398;725;49;774;NA;95829;447;2021-01-01;29811
2020-12-31;"Košický kraj";625;7877;461;8338;NA;95829;1086;2020-12-31;29364
2020-12-30;"Košický kraj";590;6477;412;6889;NA;95829;1002;2020-12-30;28278
2020-12-29;"Košický kraj";419;7573;605;8178;NA;95829;1024;2020-12-29;27276
2020-12-28;"Košický kraj";356;8296;804;9100;NA;95829;1160;2020-12-28;26252
2020-12-27;"Košický kraj";159;147;16;163;NA;95829;175;2020-12-27;25092
2020-12-26;"Košický kraj";163;274;23;297;NA;95829;186;2020-12-26;24917
2020-12-25;"Košický kraj";237;140;10;150;NA;95829;247;2020-12-25;24731
2020-12-24;"Košický kraj";564;1470;90;1560;NA;95829;654;2020-12-24;24484
2020-12-23;"Košický kraj";304;7942;354;8296;NA;95829;658;2020-12-23;23830
2020-12-22;"Košický kraj";438;7920;459;8379;NA;95829;897;2020-12-22;23172
2020-12-21;"Košický kraj";405;6984;509;7493;NA;95829;914;2020-12-21;22275
2020-12-20;"Košický kraj";215;73;11;84;NA;95829;226;2020-12-20;21361
2020-12-19;"Košický kraj";207;1309;63;1372;NA;95829;270;2020-12-19;21135
2020-12-18;"Košický kraj";310;8484;326;8810;NA;95829;636;2020-12-18;20865
2020-12-17;"Košický kraj";463;5292;255;5547;NA;95829;718;2020-12-17;20229
2020-12-16;"Košický kraj";455;5898;316;6214;NA;95829;771;2020-12-16;19511
2020-12-15;"Košický kraj";319;5086;338;5424;NA;95829;657;2020-12-15;18740
2020-12-14;"Košický kraj";256;3401;264;3665;NA;95829;520;2020-12-14;18083
2020-12-13;"Košický kraj";47;181;2;183;NA;95829;49;2020-12-13;17563
2020-12-12;"Košický kraj";369;1587;118;1705;NA;95829;487;2020-12-12;17514
2020-12-11;"Košický kraj";354;5461;258;5719;NA;95829;612;2020-12-11;17027
2020-12-10;"Košický kraj";283;4064;176;4240;NA;95829;459;2020-12-10;16415
2020-12-09;"Košický kraj";279;3786;166;3952;NA;95829;445;2020-12-09;15956
2020-12-08;"Košický kraj";226;4105;355;4460;NA;95829;581;2020-12-08;15511
2020-12-07;"Košický kraj";270;2383;106;2489;NA;95829;376;2020-12-07;14930
2020-12-06;"Košický kraj";121;97;20;117;NA;95829;141;2020-12-06;14554
2020-12-05;"Košický kraj";90;1096;48;1144;NA;95829;138;2020-12-05;14413
2020-12-04;"Košický kraj";224;2680;82;2762;NA;95829;306;2020-12-04;14275
2020-12-03;"Košický kraj";211;7717;173;7890;NA;95829;384;2020-12-03;13969
2020-12-02;"Košický kraj";193;8132;496;8628;NA;95829;689;2020-12-02;13585
2020-12-01;"Košický kraj";178;2237;124;2361;NA;95829;302;2020-12-01;12896
2020-11-30;"Košický kraj";171;3754;62;3816;NA;95829;233;2020-11-30;12594
2020-11-29;"Košický kraj";31;325;17;342;NA;95829;48;2020-11-29;12361
2020-11-28;"Košický kraj";69;721;52;773;NA;95829;121;2020-11-28;12313
2020-11-27;"Košický kraj";149;2921;78;2999;NA;95829;227;2020-11-27;12192
2020-11-26;"Košický kraj";239;1234;60;1294;NA;95829;299;2020-11-26;11965
2020-11-25;"Košický kraj";237;1785;123;1908;NA;95829;360;2020-11-25;11666
2020-11-24;"Košický kraj";196;1976;67;2043;NA;95829;263;2020-11-24;11306
2020-11-23;"Košický kraj";51;4115;63;4178;NA;95829;114;2020-11-23;11043
2020-11-22;"Košický kraj";57;57;5;62;NA;95829;62;2020-11-22;10929
2020-11-21;"Košický kraj";87;858;36;894;NA;95829;123;2020-11-21;10867
2020-11-20;"Košický kraj";176;3084;49;3133;NA;95829;225;2020-11-20;10744
2020-11-19;"Košický kraj";206;1736;48;1784;NA;95829;254;2020-11-19;10519
2020-11-18;"Košický kraj";122;532;17;549;NA;95829;139;2020-11-18;10265
2020-11-17;"Košický kraj";152;82;9;91;NA;95829;161;2020-11-17;10126
2020-11-16;"Košický kraj";114;596;27;623;NA;95829;141;2020-11-16;9965
2020-11-15;"Košický kraj";15;338;7;345;NA;95829;22;2020-11-15;9824
2020-11-14;"Košický kraj";234;520;12;532;NA;95829;246;2020-11-14;9802
2020-11-13;"Košický kraj";207;664;29;693;NA;95829;236;2020-11-13;9556
2020-11-12;"Košický kraj";192;736;13;749;NA;95829;205;2020-11-12;9320
2020-11-11;"Košický kraj";301;593;7;600;NA;95829;308;2020-11-11;9115
2020-11-10;"Košický kraj";190;541;11;552;NA;95829;201;2020-11-10;8807
2020-11-09;"Košický kraj";129;380;17;397;NA;95829;146;2020-11-09;8606
2020-11-08;"Košický kraj";78;1306;8;1314;NA;95829;86;2020-11-08;8460
2020-11-07;"Košický kraj";192;3909;22;3931;NA;95829;214;2020-11-07;8374
2020-11-06;"Košický kraj";195;5310;34;5344;NA;95829;229;2020-11-06;8160
2020-11-05;"Košický kraj";342;330;31;361;NA;95829;373;2020-11-05;7931
2020-11-04;"Košický kraj";101;154;6;160;NA;95829;107;2020-11-04;7558
2020-11-03;"Košický kraj";358;1122;13;1135;NA;95829;371;2020-11-03;7451
2020-11-02;"Košický kraj";111;6125;56;6181;NA;95829;167;2020-11-02;7080
2020-11-01;"Košický kraj";346;6522;34;6556;NA;95829;380;2020-11-01;6913
2020-10-31;"Košický kraj";82;14035;106;14141;NA;95829;188;2020-10-31;6533
2020-10-30;"Košický kraj";379;2835;27;2862;NA;95829;406;2020-10-30;6345
2020-10-29;"Košický kraj";333;983;13;996;NA;95829;346;2020-10-29;5939
2020-10-28;"Košický kraj";224;305;13;318;NA;95829;237;2020-10-28;5593
2020-10-27;"Košický kraj";386;439;21;460;NA;95829;407;2020-10-27;5356
2020-10-26;"Košický kraj";56;227;12;239;NA;95829;68;2020-10-26;4949
2020-10-25;"Košický kraj";154;79;2;81;NA;95829;156;2020-10-25;4881
2020-10-24;"Košický kraj";313;118;16;134;NA;95829;329;2020-10-24;4725
2020-10-23;"Košický kraj";315;331;8;339;NA;95829;323;2020-10-23;4396
2020-10-22;"Košický kraj";349;530;16;546;NA;95829;365;2020-10-22;4073
2020-10-21;"Košický kraj";129;84;2;86;NA;95829;131;2020-10-21;3708
2020-10-20;"Košický kraj";181;14;1;15;NA;95829;182;2020-10-20;3577
2020-10-19;"Košický kraj";64;38;1;39;NA;95829;65;2020-10-19;3395
2020-10-18;"Košický kraj";158;0;0;0;NA;95829;158;2020-10-18;3330
2020-10-17;"Košický kraj";142;0;0;0;NA;95829;142;2020-10-17;3172
2020-10-16;"Košický kraj";206;19;0;19;NA;95829;206;2020-10-16;3030
2020-10-15;"Košický kraj";177;19;5;24;NA;95829;182;2020-10-15;2824
2020-10-14;"Košický kraj";211;8;0;8;NA;95829;211;2020-10-14;2642
2020-10-13;"Košický kraj";179;80;3;83;NA;95829;182;2020-10-13;2431
2020-10-12;"Košický kraj";74;0;0;0;NA;95829;74;2020-10-12;2249
2020-10-11;"Košický kraj";121;0;0;0;NA;95829;121;2020-10-11;2175
2020-10-10;"Košický kraj";70;0;0;0;NA;95829;70;2020-10-10;2054
2020-10-09;"Košický kraj";188;0;0;0;NA;95829;188;2020-10-09;1984
2020-10-08;"Košický kraj";102;0;0;0;NA;95829;102;2020-10-08;1796
2020-10-07;"Košický kraj";158;0;0;0;NA;95829;158;2020-10-07;1694
2020-10-06;"Košický kraj";70;0;0;0;NA;95829;70;2020-10-06;1536
2020-10-05;"Košický kraj";39;0;0;0;NA;95829;39;2020-10-05;1466
2020-10-04;"Košický kraj";45;0;0;0;NA;95829;45;2020-10-04;1427
2020-10-03;"Košický kraj";105;0;0;0;NA;95829;105;2020-10-03;1382
2020-10-02;"Košický kraj";57;0;0;0;NA;95829;57;2020-10-02;1277
2020-10-01;"Košický kraj";69;0;0;0;NA;95829;69;2020-10-01;1220
2020-09-30;"Košický kraj";95;0;0;0;NA;95829;95;2020-09-30;1151
2020-09-29;"Košický kraj";75;0;0;0;NA;95829;75;2020-09-29;1056
2020-09-28;"Košický kraj";19;0;0;0;NA;95829;19;2020-09-28;981
2020-09-27;"Košický kraj";21;0;0;0;NA;95829;21;2020-09-27;962
2020-09-26;"Košický kraj";53;0;0;0;NA;95829;53;2020-09-26;941
2020-09-25;"Košický kraj";72;0;0;0;NA;95829;72;2020-09-25;888
2020-09-24;"Košický kraj";35;0;0;0;NA;95829;35;2020-09-24;816
2020-09-23;"Košický kraj";23;0;0;0;NA;95829;23;2020-09-23;781
2020-09-22;"Košický kraj";39;0;0;0;NA;95829;39;2020-09-22;758
2020-09-21;"Košický kraj";5;0;0;0;NA;95829;5;2020-09-21;719
2020-09-20;"Košický kraj";3;0;0;0;NA;95829;3;2020-09-20;714
2020-09-19;"Košický kraj";13;0;0;0;NA;95829;13;2020-09-19;711
2020-09-18;"Košický kraj";20;0;0;0;NA;95829;20;2020-09-18;698
2020-09-17;"Košický kraj";22;0;0;0;NA;95829;22;2020-09-17;678
2020-09-16;"Košický kraj";12;0;0;0;NA;95829;12;2020-09-16;656
2020-09-15;"Košický kraj";10;0;0;0;NA;95829;10;2020-09-15;644
2020-09-14;"Košický kraj";6;0;0;0;NA;95829;6;2020-09-14;634
2020-09-13;"Košický kraj";3;0;0;0;NA;95829;3;2020-09-13;628
2020-09-12;"Košický kraj";16;0;0;0;NA;95829;16;2020-09-12;625
2020-09-11;"Košický kraj";20;0;0;0;NA;95829;20;2020-09-11;609
2020-09-10;"Košický kraj";11;0;0;0;NA;95829;11;2020-09-10;589
2020-09-09;"Košický kraj";37;0;0;0;NA;95829;37;2020-09-09;578
2020-09-08;"Košický kraj";10;0;0;0;NA;95829;10;2020-09-08;541
2020-09-07;"Košický kraj";4;0;0;0;NA;95829;4;2020-09-07;531
2020-09-06;"Košický kraj";2;0;0;0;NA;95829;2;2020-09-06;527
2020-09-05;"Košický kraj";10;0;0;0;NA;95829;10;2020-09-05;525
2020-09-04;"Košický kraj";14;0;0;0;NA;95829;14;2020-09-04;515
2020-09-03;"Košický kraj";22;0;0;0;NA;95829;22;2020-09-03;501
2020-09-02;"Košický kraj";13;0;0;0;NA;95829;13;2020-09-02;479
2020-09-01;"Košický kraj";21;0;0;0;NA;95829;21;2020-09-01;466
2020-08-31;"Košický kraj";9;0;0;0;NA;95829;9;2020-08-31;445
2020-08-30;"Košický kraj";21;0;0;0;NA;95829;21;2020-08-30;436
2020-08-29;"Košický kraj";1;0;0;0;NA;95829;1;2020-08-29;415
2020-08-28;"Košický kraj";19;0;0;0;NA;95829;19;2020-08-28;414
2020-08-27;"Košický kraj";15;0;0;0;NA;95829;15;2020-08-27;395
2020-08-26;"Košický kraj";8;0;0;0;NA;95829;8;2020-08-26;380
2020-08-25;"Košický kraj";23;0;0;0;NA;95829;23;2020-08-25;372
2020-08-24;"Košický kraj";6;0;0;0;NA;95829;6;2020-08-24;349
2020-08-23;"Košický kraj";8;0;0;0;NA;95829;8;2020-08-23;343
2020-08-22;"Košický kraj";13;0;0;0;NA;95829;13;2020-08-22;335
2020-08-21;"Košický kraj";10;0;0;0;NA;95829;10;2020-08-21;322
2020-08-20;"Košický kraj";10;0;0;0;NA;95829;10;2020-08-20;312
2020-08-19;"Košický kraj";3;0;0;0;NA;95829;3;2020-08-19;302
2020-08-18;"Košický kraj";7;0;0;0;NA;95829;7;2020-08-18;299
2020-08-17;"Košický kraj";2;0;0;0;NA;95829;2;2020-08-17;292
2020-08-16;"Košický kraj";2;0;0;0;NA;95829;2;2020-08-16;290
2020-08-15;"Košický kraj";3;0;0;0;NA;95829;3;2020-08-15;288
2020-08-14;"Košický kraj";1;0;0;0;NA;95829;1;2020-08-14;285
2020-08-13;"Košický kraj";3;0;0;0;NA;95829;3;2020-08-13;284
2020-08-12;"Košický kraj";12;0;0;0;NA;95829;12;2020-08-12;281
2020-08-11;"Košický kraj";5;0;0;0;NA;95829;5;2020-08-11;269
2020-08-10;"Košický kraj";1;0;0;0;NA;95829;1;2020-08-10;264
2020-08-09;"Košický kraj";0;0;0;0;NA;95829;0;2020-08-09;263
2020-08-08;"Košický kraj";5;0;0;0;NA;95829;5;2020-08-08;263
2020-08-07;"Košický kraj";7;0;0;0;NA;95829;7;2020-08-07;258
2020-08-06;"Košický kraj";3;0;0;0;NA;95829;3;2020-08-06;251
2020-08-05;"Košický kraj";4;0;0;0;NA;95829;4;2020-08-05;248
2020-08-04;"Košický kraj";1;0;0;0;NA;95829;1;2020-08-04;244
2020-08-03;"Košický kraj";1;0;0;0;NA;95829;1;2020-08-03;243
2020-08-02;"Košický kraj";0;0;0;0;NA;95829;0;2020-08-02;242
2020-08-01;"Košický kraj";0;0;0;0;NA;95829;0;2020-08-01;242
2020-07-31;"Košický kraj";0;0;0;0;NA;95829;0;2020-07-31;242
2020-07-30;"Košický kraj";2;0;0;0;NA;95829;2;2020-07-30;242
2020-07-29;"Košický kraj";1;0;0;0;NA;95829;1;2020-07-29;240
2020-07-28;"Košický kraj";9;0;0;0;NA;95829;9;2020-07-28;239
2020-07-27;"Košický kraj";4;0;0;0;NA;95829;4;2020-07-27;230
2020-07-26;"Košický kraj";0;0;0;0;NA;95829;0;2020-07-26;226
2020-07-25;"Košický kraj";2;0;0;0;NA;95829;2;2020-07-25;226
2020-07-24;"Košický kraj";2;0;0;0;NA;95829;2;2020-07-24;224
2020-07-23;"Košický kraj";1;0;0;0;NA;95829;1;2020-07-23;222
2020-07-22;"Košický kraj";1;0;0;0;NA;95829;1;2020-07-22;221
2020-07-21;"Košický kraj";0;0;0;0;NA;95829;0;2020-07-21;220
2020-07-20;"Košický kraj";0;0;0;0;NA;95829;0;2020-07-20;220
2020-07-19;"Košický kraj";0;0;0;0;NA;95829;0;2020-07-19;220
2020-07-18;"Košický kraj";1;0;0;0;NA;95829;1;2020-07-18;220
2020-07-17;"Košický kraj";1;0;0;0;NA;95829;1;2020-07-17;219
2020-07-16;"Košický kraj";0;0;0;0;NA;95829;0;2020-07-16;218
2020-07-15;"Košický kraj";2;0;0;0;NA;95829;2;2020-07-15;218
2020-07-14;"Košický kraj";1;0;0;0;NA;95829;1;2020-07-14;216
2020-07-13;"Košický kraj";1;0;0;0;NA;95829;1;2020-07-13;215
2020-07-12;"Košický kraj";0;0;0;0;NA;95829;0;2020-07-12;214
2020-07-11;"Košický kraj";0;0;0;0;NA;95829;0;2020-07-11;214
2020-07-10;"Košický kraj";1;0;0;0;NA;95829;1;2020-07-10;214
2020-07-09;"Košický kraj";1;0;0;0;NA;95829;1;2020-07-09;213
2020-07-08;"Košický kraj";12;0;0;0;NA;95829;12;2020-07-08;212
2020-07-07;"Košický kraj";0;0;0;0;NA;95829;0;2020-07-07;200
2020-07-06;"Košický kraj";0;0;0;0;NA;95829;0;2020-07-06;200
2020-07-05;"Košický kraj";0;0;0;0;NA;95829;0;2020-07-05;200
2020-07-04;"Košický kraj";0;0;0;0;NA;95829;0;2020-07-04;200
2020-07-03;"Košický kraj";1;0;0;0;NA;95829;1;2020-07-03;200
2020-07-02;"Košický kraj";0;0;0;0;NA;95829;0;2020-07-02;199
2020-07-01;"Košický kraj";1;0;0;0;NA;95829;1;2020-07-01;199
2020-06-30;"Košický kraj";0;0;0;0;NA;95829;0;2020-06-30;198
2020-06-29;"Košický kraj";0;0;0;0;NA;95829;0;2020-06-29;198
2020-06-28;"Košický kraj";0;0;0;0;NA;95829;0;2020-06-28;198
2020-06-27;"Košický kraj";0;0;0;0;NA;95829;0;2020-06-27;198
2020-06-26;"Košický kraj";0;0;0;0;NA;95829;0;2020-06-26;198
2020-06-25;"Košický kraj";3;0;0;0;NA;95829;3;2020-06-25;198
2020-06-24;"Košický kraj";3;0;0;0;NA;95829;3;2020-06-24;195
2020-06-23;"Košický kraj";3;0;0;0;NA;95829;3;2020-06-23;192
2020-06-22;"Košický kraj";0;0;0;0;NA;95829;0;2020-06-22;189
2020-06-21;"Košický kraj";0;0;0;0;NA;95829;0;2020-06-21;189
2020-06-20;"Košický kraj";0;0;0;0;NA;95829;0;2020-06-20;189
2020-06-19;"Košický kraj";0;0;0;0;NA;95829;0;2020-06-19;189
2020-06-18;"Košický kraj";1;0;0;0;NA;95829;1;2020-06-18;189
2020-06-17;"Košický kraj";0;0;0;0;NA;95829;0;2020-06-17;188
2020-06-16;"Košický kraj";2;0;0;0;NA;95829;2;2020-06-16;188
2020-06-14;"Košický kraj";0;0;0;0;NA;95829;0;2020-06-14;186
2020-06-13;"Košický kraj";0;0;0;0;NA;95829;0;2020-06-13;186
2020-06-12;"Košický kraj";0;0;0;0;NA;95829;0;2020-06-12;186
2020-06-11;"Košický kraj";0;0;0;0;NA;95829;0;2020-06-11;186
2020-06-10;"Košický kraj";6;0;0;0;NA;95829;6;2020-06-10;186
2020-06-09;"Košický kraj";0;0;0;0;NA;95829;0;2020-06-09;180
2020-06-08;"Košický kraj";0;0;0;0;NA;95829;0;2020-06-08;180
2020-06-07;"Košický kraj";2;0;0;0;NA;95829;2;2020-06-07;180
2020-06-05;"Košický kraj";0;0;0;0;NA;95829;0;2020-06-05;178
2020-06-03;"Košický kraj";0;0;0;0;NA;95829;0;2020-06-03;178
2020-06-02;"Košický kraj";1;0;0;0;NA;95829;1;2020-06-02;178
2020-05-31;"Košický kraj";0;0;0;0;NA;95829;0;2020-05-31;177
2020-05-29;"Košický kraj";1;0;0;0;NA;95829;1;2020-05-29;177
2020-05-27;"Košický kraj";0;0;0;0;NA;95829;0;2020-05-27;176
2020-05-26;"Košický kraj";1;0;0;0;NA;95829;1;2020-05-26;176
2020-05-25;"Košický kraj";1;0;0;0;NA;95829;1;2020-05-25;175
2020-05-24;"Košický kraj";0;0;0;0;NA;95829;0;2020-05-24;174
2020-05-23;"Košický kraj";0;0;0;0;NA;95829;0;2020-05-23;174
2020-05-22;"Košický kraj";0;0;0;0;NA;95829;0;2020-05-22;174
2020-05-21;"Košický kraj";0;0;0;0;NA;95829;0;2020-05-21;174
2020-05-20;"Košický kraj";3;0;0;0;NA;95829;3;2020-05-20;174
2020-05-19;"Košický kraj";0;0;0;0;NA;95829;0;2020-05-19;171
2020-05-17;"Košický kraj";1;0;0;0;NA;95829;1;2020-05-17;171
2020-05-16;"Košický kraj";1;0;0;0;NA;95829;1;2020-05-16;170
2020-05-15;"Košický kraj";10;0;0;0;NA;95829;10;2020-05-15;169
2020-05-14;"Košický kraj";1;0;0;0;NA;95829;1;2020-05-14;159
2020-05-13;"Košický kraj";6;0;0;0;NA;95829;6;2020-05-13;158
2020-05-12;"Košický kraj";0;0;0;0;NA;95829;0;2020-05-12;152
2020-05-11;"Košický kraj";0;0;0;0;NA;95829;0;2020-05-11;152
2020-05-09;"Košický kraj";0;0;0;0;NA;95829;0;2020-05-09;152
2020-05-07;"Košický kraj";0;0;0;0;NA;95829;0;2020-05-07;152
2020-05-06;"Košický kraj";1;0;0;0;NA;95829;1;2020-05-06;152
2020-05-05;"Košický kraj";0;0;0;0;NA;95829;0;2020-05-05;151
2020-05-04;"Košický kraj";0;0;0;0;NA;95829;0;2020-05-04;151
2020-05-03;"Košický kraj";0;0;0;0;NA;95829;0;2020-05-03;151
2020-05-02;"Košický kraj";1;0;0;0;NA;95829;1;2020-05-02;151
2020-05-01;"Košický kraj";0;0;0;0;NA;95829;0;2020-05-01;150
2020-04-30;"Košický kraj";1;0;0;0;NA;95829;1;2020-04-30;150
2020-04-29;"Košický kraj";1;0;0;0;NA;95829;1;2020-04-29;149
2020-04-28;"Košický kraj";1;0;0;0;NA;95829;1;2020-04-28;148
2020-04-27;"Košický kraj";1;0;0;0;NA;95829;1;2020-04-27;147
2020-04-26;"Košický kraj";0;0;0;0;NA;95829;0;2020-04-26;146
2020-04-25;"Košický kraj";0;0;0;0;NA;95829;0;2020-04-25;146
2020-04-24;"Košický kraj";3;0;0;0;NA;95829;3;2020-04-24;146
2020-04-23;"Košický kraj";4;0;0;0;NA;95829;4;2020-04-23;143
2020-04-22;"Košický kraj";21;0;0;0;NA;95829;21;2020-04-22;139
2020-04-21;"Košický kraj";4;0;0;0;NA;95829;4;2020-04-21;118
2020-04-20;"Košický kraj";0;0;0;0;NA;95829;0;2020-04-20;114
2020-04-19;"Košický kraj";1;0;0;0;NA;95829;1;2020-04-19;114
2020-04-18;"Košický kraj";2;0;0;0;NA;95829;2;2020-04-18;113
2020-04-17;"Košický kraj";7;0;0;0;NA;95829;7;2020-04-17;111
2020-04-16;"Košický kraj";29;0;0;0;NA;95829;29;2020-04-16;104
2020-04-15;"Košický kraj";50;0;0;0;NA;95829;50;2020-04-15;75
2020-04-14;"Košický kraj";4;0;0;0;NA;95829;4;2020-04-14;25
2020-04-13;"Košický kraj";5;0;0;0;NA;95829;5;2020-04-13;21
2020-04-12;"Košický kraj";4;0;0;0;NA;95829;4;2020-04-12;16
2020-04-11;"Košický kraj";2;0;0;0;NA;95829;2;2020-04-11;12
2020-04-10;"Košický kraj";1;0;0;0;NA;95829;1;2020-04-10;10
2020-04-09;"Košický kraj";4;0;0;0;NA;95829;4;2020-04-09;9
2020-04-08;"Košický kraj";5;2;0;2;NA;95829;5;2020-04-08;5
2020-04-07;"Košický kraj";34;0;0;0;NA;95829;34;2020-04-07;0
2020-04-06;"Košický kraj";6;0;0;0;NA;95829;6;2020-04-06;-34
2020-04-05;"Košický kraj";4;0;0;0;NA;95829;4;2020-04-05;-40
2020-04-04;"Košický kraj";5;0;0;0;NA;95829;5;2020-04-04;-44
2020-04-03;"Košický kraj";4;0;0;0;NA;95829;4;2020-04-03;-49
2020-04-02;"Košický kraj";3;0;0;0;NA;95829;3;2020-04-02;-53
2020-04-01;"Košický kraj";3;0;0;0;NA;95829;3;2020-04-01;-56
2020-03-31;"Košický kraj";1;0;0;0;NA;95829;1;2020-03-31;-59
2020-03-30;"Košický kraj";5;0;0;0;NA;95829;5;2020-03-30;-60
2020-03-29;"Košický kraj";0;0;0;0;NA;95829;0;2020-03-29;-65
2020-03-28;"Košický kraj";1;0;0;0;NA;95829;1;2020-03-28;-65
2020-03-27;"Košický kraj";1;0;0;0;NA;95829;1;2020-03-27;-66
2020-03-26;"Košický kraj";3;0;0;0;NA;95829;3;2020-03-26;-67
2020-03-25;"Košický kraj";2;0;0;0;NA;95829;2;2020-03-25;-70
2020-03-24;"Košický kraj";0;0;0;0;NA;95829;0;2020-03-24;-72
2020-03-23;"Košický kraj";2;0;0;0;NA;95829;2;2020-03-23;-72
2020-03-22;"Košický kraj";0;0;0;0;NA;95829;0;2020-03-22;-74
2020-03-21;"Košický kraj";3;0;0;0;NA;95829;3;2020-03-21;-74
2020-03-20;"Košický kraj";1;0;0;0;NA;95829;1;2020-03-20;-77
2020-03-19;"Košický kraj";0;0;0;0;NA;95829;0;2020-03-19;-78
2020-03-18;"Košický kraj";0;0;0;0;NA;95829;0;2020-03-18;-78
2020-03-17;"Košický kraj";0;0;0;0;NA;95829;0;2020-03-17;-78
2020-03-16;"Košický kraj";3;0;0;0;NA;95829;3;2020-03-16;-78
2020-03-15;"Košický kraj";1;0;0;0;NA;95829;1;2020-03-15;-81
2020-03-14;"Košický kraj";0;0;0;0;NA;95829;0;2020-03-14;-82
2020-03-13;"Košický kraj";2;0;0;0;NA;95829;2;2020-03-13;-82
2020-03-12;"Košický kraj";0;0;0;0;NA;95829;0;2020-03-12;-84
2020-03-11;"Košický kraj";0;0;0;0;NA;95829;0;2020-03-11;-84
2020-03-09;"Košický kraj";1;0;0;0;NA;95829;1;2020-03-09;-84
2020-03-08;"Košický kraj";0;0;0;0;NA;95829;0;2020-03-08;-85
2020-03-07;"Košický kraj";0;0;0;0;NA;95829;0;2020-03-07;-85
2020-03-06;"Košický kraj";0;0;0;0;NA;95829;0;2020-03-06;-85
2021-05-09;"Nitriansky kraj";8;17560;24;17584;38875;91826;32;2021-05-09;91826
2021-05-08;"Nitriansky kraj";0;19531;26;19557;NA;91826;26;2021-05-08;91794
2021-05-07;"Nitriansky kraj";32;13948;20;13968;NA;91826;52;2021-05-07;91768
2021-05-06;"Nitriansky kraj";30;9087;20;9107;NA;91826;50;2021-05-06;91716
2021-05-05;"Nitriansky kraj";19;8518;23;8541;NA;91826;42;2021-05-05;91666
2021-05-04;"Nitriansky kraj";46;8954;27;8981;NA;91826;73;2021-05-04;91624
2021-05-03;"Nitriansky kraj";32;14225;44;14269;NA;91826;76;2021-05-03;91551
2021-05-02;"Nitriansky kraj";4;31237;46;31283;NA;91826;50;2021-05-02;91475
2021-05-01;"Nitriansky kraj";23;55773;42;55815;NA;91826;65;2021-05-01;91425
2021-04-30;"Nitriansky kraj";28;31554;53;31607;NA;91826;81;2021-04-30;91360
2021-04-29;"Nitriansky kraj";27;13952;32;13984;NA;91826;59;2021-04-29;91279
2021-04-28;"Nitriansky kraj";36;14678;45;14723;NA;91826;81;2021-04-28;91220
2021-04-27;"Nitriansky kraj";51;13149;35;13184;NA;91826;86;2021-04-27;91139
2021-04-26;"Nitriansky kraj";38;20915;44;20959;NA;91826;82;2021-04-26;91053
2021-04-25;"Nitriansky kraj";7;43832;43;43875;NA;91826;50;2021-04-25;90971
2021-04-24;"Nitriansky kraj";23;87636;70;87706;NA;91826;93;2021-04-24;90921
2021-04-23;"Nitriansky kraj";54;34760;51;34811;NA;91826;105;2021-04-23;90828
2021-04-22;"Nitriansky kraj";32;15435;44;15479;NA;91826;76;2021-04-22;90723
2021-04-21;"Nitriansky kraj";38;14089;45;14134;NA;91826;83;2021-04-21;90647
2021-04-20;"Nitriansky kraj";67;16053;51;16104;NA;91826;118;2021-04-20;90564
2021-04-19;"Nitriansky kraj";35;24816;59;24875;NA;91826;94;2021-04-19;90446
2021-04-18;"Nitriansky kraj";0;39307;27;39334;NA;91826;27;2021-04-18;90352
2021-04-17;"Nitriansky kraj";34;89024;79;89103;NA;91826;113;2021-04-17;90325
2021-04-16;"Nitriansky kraj";46;32348;37;32385;NA;91826;83;2021-04-16;90212
2021-04-15;"Nitriansky kraj";75;16550;53;16603;NA;91826;128;2021-04-15;90129
2021-04-14;"Nitriansky kraj";43;14994;42;15036;NA;91826;85;2021-04-14;90001
2021-04-13;"Nitriansky kraj";110;15460;45;15505;NA;91826;155;2021-04-13;89916
2021-04-12;"Nitriansky kraj";29;21846;49;21895;NA;91826;78;2021-04-12;89761
2021-04-11;"Nitriansky kraj";1;37537;31;37568;NA;91826;32;2021-04-11;89683
2021-04-10;"Nitriansky kraj";35;90904;106;91010;NA;91826;141;2021-04-10;89651
2021-04-09;"Nitriansky kraj";69;30669;58;30727;NA;91826;127;2021-04-09;89510
2021-04-08;"Nitriansky kraj";71;15455;39;15494;NA;91826;110;2021-04-08;89383
2021-04-07;"Nitriansky kraj";64;18533;43;18576;NA;91826;107;2021-04-07;89273
2021-04-06;"Nitriansky kraj";65;32994;112;33106;NA;91826;177;2021-04-06;89166
2021-04-05;"Nitriansky kraj";37;12673;48;12721;NA;91826;85;2021-04-05;88989
2021-04-04;"Nitriansky kraj";5;17887;35;17922;NA;91826;40;2021-04-04;88904
2021-04-03;"Nitriansky kraj";26;85188;153;85341;NA;91826;179;2021-04-03;88864
2021-04-02;"Nitriansky kraj";32;18591;46;18637;NA;91826;78;2021-04-02;88685
2021-04-01;"Nitriansky kraj";63;24610;83;24693;NA;91826;146;2021-04-01;88607
2021-03-31;"Nitriansky kraj";73;21752;94;21846;NA;91826;167;2021-03-31;88461
2021-03-30;"Nitriansky kraj";125;17044;83;17127;NA;91826;208;2021-03-30;88294
2021-03-29;"Nitriansky kraj";81;25139;99;25238;NA;91826;180;2021-03-29;88086
2021-03-28;"Nitriansky kraj";6;45581;106;45687;NA;91826;112;2021-03-28;87906
2021-03-27;"Nitriansky kraj";39;103659;174;103833;NA;91826;213;2021-03-27;87794
2021-03-26;"Nitriansky kraj";90;40444;115;40559;NA;91826;205;2021-03-26;87581
2021-03-25;"Nitriansky kraj";95;19149;94;19243;NA;91826;189;2021-03-25;87376
2021-03-24;"Nitriansky kraj";90;14784;91;14875;NA;91826;181;2021-03-24;87187
2021-03-23;"Nitriansky kraj";167;16753;66;16819;NA;91826;233;2021-03-23;87006
2021-03-22;"Nitriansky kraj";101;23699;124;23823;NA;91826;225;2021-03-22;86773
2021-03-21;"Nitriansky kraj";27;42318;99;42417;NA;91826;126;2021-03-21;86548
2021-03-20;"Nitriansky kraj";36;99816;207;100023;NA;91826;243;2021-03-20;86422
2021-03-19;"Nitriansky kraj";76;37115;101;37216;NA;91826;177;2021-03-19;86179
2021-03-18;"Nitriansky kraj";103;20051;113;20164;NA;91826;216;2021-03-18;86002
2021-03-17;"Nitriansky kraj";87;15832;127;15959;NA;91826;214;2021-03-17;85786
2021-03-16;"Nitriansky kraj";172;18085;121;18206;NA;91826;293;2021-03-16;85572
2021-03-15;"Nitriansky kraj";130;24491;165;24656;NA;91826;295;2021-03-15;85279
2021-03-14;"Nitriansky kraj";3;45758;107;45865;NA;91826;110;2021-03-14;84984
2021-03-13;"Nitriansky kraj";65;112081;241;112322;NA;91826;306;2021-03-13;84874
2021-03-12;"Nitriansky kraj";127;40776;159;40935;NA;91826;286;2021-03-12;84568
2021-03-11;"Nitriansky kraj";131;18685;130;18815;NA;91826;261;2021-03-11;84282
2021-03-10;"Nitriansky kraj";96;17422;143;17565;NA;91826;239;2021-03-10;84021
2021-03-09;"Nitriansky kraj";260;17645;149;17794;NA;91826;409;2021-03-09;83782
2021-03-08;"Nitriansky kraj";145;27214;172;27386;NA;91826;317;2021-03-08;83373
2021-03-07;"Nitriansky kraj";48;46867;185;47052;NA;91826;233;2021-03-07;83056
2021-03-06;"Nitriansky kraj";86;110858;326;111184;NA;91826;412;2021-03-06;82823
2021-03-05;"Nitriansky kraj";133;39068;200;39268;NA;91826;333;2021-03-05;82411
2021-03-04;"Nitriansky kraj";176;18206;173;18379;NA;91826;349;2021-03-04;82078
2021-03-03;"Nitriansky kraj";172;17210;177;17387;NA;91826;349;2021-03-03;81729
2021-03-02;"Nitriansky kraj";274;20999;366;21365;NA;91826;640;2021-03-02;81380
2021-03-01;"Nitriansky kraj";133;27881;279;28160;NA;91826;412;2021-03-01;80740
2021-02-28;"Nitriansky kraj";80;40866;218;41084;NA;91826;298;2021-02-28;80328
2021-02-27;"Nitriansky kraj";101;106352;496;106848;NA;91826;597;2021-02-27;80030
2021-02-26;"Nitriansky kraj";109;36722;306;37028;NA;91826;415;2021-02-26;79433
2021-02-25;"Nitriansky kraj";188;15235;212;15447;NA;91826;400;2021-02-25;79018
2021-02-24;"Nitriansky kraj";125;13833;260;14093;NA;91826;385;2021-02-24;78618
2021-02-23;"Nitriansky kraj";273;15296;271;15567;NA;91826;544;2021-02-23;78233
2021-02-22;"Nitriansky kraj";154;26466;330;26796;NA;91826;484;2021-02-22;77689
2021-02-21;"Nitriansky kraj";22;43657;320;43977;NA;91826;342;2021-02-21;77205
2021-02-20;"Nitriansky kraj";128;108304;584;108888;NA;91826;712;2021-02-20;76863
2021-02-19;"Nitriansky kraj";173;36849;328;37177;NA;91826;501;2021-02-19;76151
2021-02-18;"Nitriansky kraj";202;17051;275;17326;NA;91826;477;2021-02-18;75650
2021-02-17;"Nitriansky kraj";198;12080;310;12390;NA;91826;508;2021-02-17;75173
2021-02-16;"Nitriansky kraj";284;14477;282;14759;NA;91826;566;2021-02-16;74665
2021-02-15;"Nitriansky kraj";122;27620;471;28091;NA;91826;593;2021-02-15;74099
2021-02-14;"Nitriansky kraj";8;50408;318;50726;NA;91826;326;2021-02-14;73506
2021-02-13;"Nitriansky kraj";127;110035;689;110724;NA;91826;816;2021-02-13;73180
2021-02-12;"Nitriansky kraj";162;33400;407;33807;NA;91826;569;2021-02-12;72364
2021-02-11;"Nitriansky kraj";195;12406;270;12676;NA;91826;465;2021-02-11;71795
2021-02-10;"Nitriansky kraj";186;17632;644;18276;NA;91826;830;2021-02-10;71330
2021-02-09;"Nitriansky kraj";260;18523;385;18908;NA;91826;645;2021-02-09;70500
2021-02-08;"Nitriansky kraj";177;37534;569;38103;NA;91826;746;2021-02-08;69855
2021-02-07;"Nitriansky kraj";20;52307;513;52820;NA;91826;533;2021-02-07;69109
2021-02-06;"Nitriansky kraj";129;101942;765;102707;NA;91826;894;2021-02-06;68576
2021-02-05;"Nitriansky kraj";244;26144;491;26635;NA;91826;735;2021-02-05;67682
2021-02-04;"Nitriansky kraj";308;15681;512;16193;NA;91826;820;2021-02-04;66947
2021-02-03;"Nitriansky kraj";191;13372;372;13744;NA;91826;563;2021-02-03;66127
2021-02-02;"Nitriansky kraj";327;17878;382;18260;NA;91826;709;2021-02-02;65564
2021-02-01;"Nitriansky kraj";221;24049;460;24509;NA;91826;681;2021-02-01;64855
2021-01-31;"Nitriansky kraj";9;45339;496;45835;NA;91826;505;2021-01-31;64174
2021-01-30;"Nitriansky kraj";152;98142;1077;99219;NA;91826;1229;2021-01-30;63669
2021-01-29;"Nitriansky kraj";302;22461;477;22938;NA;91826;779;2021-01-29;62440
2021-01-28;"Nitriansky kraj";269;11370;398;11768;NA;91826;667;2021-01-28;61661
2021-01-27;"Nitriansky kraj";235;6760;299;7059;NA;91826;534;2021-01-27;60994
2021-01-26;"Nitriansky kraj";345;16036;454;16490;NA;91826;799;2021-01-26;60460
2021-01-25;"Nitriansky kraj";201;21729;429;22158;NA;91826;630;2021-01-25;59661
2021-01-24;"Nitriansky kraj";12;78775;889;79664;NA;91826;901;2021-01-24;59031
2021-01-23;"Nitriansky kraj";277;97395;1434;98829;NA;91826;1711;2021-01-23;58130
2021-01-22;"Nitriansky kraj";139;35826;619;36445;NA;91826;758;2021-01-22;56419
2021-01-21;"Nitriansky kraj";305;14649;412;15061;NA;91826;717;2021-01-21;55661
2021-01-20;"Nitriansky kraj";326;11991;625;12616;NA;91826;951;2021-01-20;54944
2021-01-19;"Nitriansky kraj";344;11022;633;11655;NA;91826;977;2021-01-19;53993
2021-01-18;"Nitriansky kraj";367;8902;520;9422;NA;91826;887;2021-01-18;53016
2021-01-17;"Nitriansky kraj";97;15061;275;15336;NA;91826;372;2021-01-17;52129
2021-01-16;"Nitriansky kraj";64;36838;679;37517;NA;91826;743;2021-01-16;51757
2021-01-15;"Nitriansky kraj";373;15940;474;16414;NA;91826;847;2021-01-15;51014
2021-01-14;"Nitriansky kraj";627;10577;452;11029;NA;91826;1079;2021-01-14;50167
2021-01-13;"Nitriansky kraj";663;9234;484;9718;NA;91826;1147;2021-01-13;49088
2021-01-12;"Nitriansky kraj";642;9014;557;9571;NA;91826;1199;2021-01-12;47941
2021-01-11;"Nitriansky kraj";422;8625;556;9181;NA;91826;978;2021-01-11;46742
2021-01-10;"Nitriansky kraj";44;19841;730;20571;NA;91826;774;2021-01-10;45764
2021-01-09;"Nitriansky kraj";532;36823;1071;37894;NA;91826;1603;2021-01-09;44990
2021-01-08;"Nitriansky kraj";817;14297;711;15008;NA;91826;1528;2021-01-08;43387
2021-01-07;"Nitriansky kraj";438;10820;823;11643;NA;91826;1261;2021-01-07;41859
2021-01-06;"Nitriansky kraj";259;3192;197;3389;NA;91826;456;2021-01-06;40598
2021-01-05;"Nitriansky kraj";732;8901;1202;10103;NA;91826;1934;2021-01-05;40142
2021-01-04;"Nitriansky kraj";362;8692;1329;10021;NA;91826;1691;2021-01-04;38208
2021-01-03;"Nitriansky kraj";42;84;20;104;NA;91826;62;2021-01-03;36517
2021-01-02;"Nitriansky kraj";249;1090;26;1116;NA;91826;275;2021-01-02;36455
2021-01-01;"Nitriansky kraj";119;781;95;876;NA;91826;214;2021-01-01;36180
2020-12-31;"Nitriansky kraj";786;7646;962;8608;NA;91826;1748;2020-12-31;35966
2020-12-30;"Nitriansky kraj";1094;9619;1165;10784;NA;91826;2259;2020-12-30;34218
2020-12-29;"Nitriansky kraj";607;8277;1286;9563;NA;91826;1893;2020-12-29;31959
2020-12-28;"Nitriansky kraj";83;6981;1271;8252;NA;91826;1354;2020-12-28;30066
2020-12-27;"Nitriansky kraj";22;60;8;68;NA;91826;30;2020-12-27;28712
2020-12-26;"Nitriansky kraj";54;297;56;353;NA;91826;110;2020-12-26;28682
2020-12-25;"Nitriansky kraj";35;60;11;71;NA;91826;46;2020-12-25;28572
2020-12-24;"Nitriansky kraj";514;1861;176;2037;NA;91826;690;2020-12-24;28526
2020-12-23;"Nitriansky kraj";349;15295;843;16138;NA;91826;1192;2020-12-23;27836
2020-12-22;"Nitriansky kraj";673;10987;994;11981;NA;91826;1667;2020-12-22;26644
2020-12-21;"Nitriansky kraj";128;7953;976;8929;NA;91826;1104;2020-12-21;24977
2020-12-20;"Nitriansky kraj";77;50;10;60;NA;91826;87;2020-12-20;23873
2020-12-19;"Nitriansky kraj";262;2259;159;2418;NA;91826;421;2020-12-19;23786
2020-12-18;"Nitriansky kraj";512;8437;551;8988;NA;91826;1063;2020-12-18;23365
2020-12-17;"Nitriansky kraj";586;6894;514;7408;NA;91826;1100;2020-12-17;22302
2020-12-16;"Nitriansky kraj";357;8785;546;9331;NA;91826;903;2020-12-16;21202
2020-12-15;"Nitriansky kraj";461;9365;769;10134;NA;91826;1230;2020-12-15;20299
2020-12-14;"Nitriansky kraj";217;8089;827;8916;NA;91826;1044;2020-12-14;19069
2020-12-13;"Nitriansky kraj";12;69;6;75;NA;91826;18;2020-12-13;18025
2020-12-12;"Nitriansky kraj";341;1832;125;1957;NA;91826;466;2020-12-12;18007
2020-12-11;"Nitriansky kraj";409;5431;416;5847;NA;91826;825;2020-12-11;17541
2020-12-10;"Nitriansky kraj";360;5473;351;5824;NA;91826;711;2020-12-10;16716
2020-12-09;"Nitriansky kraj";362;5506;529;6035;NA;91826;891;2020-12-09;16005
2020-12-08;"Nitriansky kraj";340;8100;546;8646;NA;91826;886;2020-12-08;15114
2020-12-07;"Nitriansky kraj";139;6243;573;6816;NA;91826;712;2020-12-07;14228
2020-12-06;"Nitriansky kraj";15;89;4;93;NA;91826;19;2020-12-06;13516
2020-12-05;"Nitriansky kraj";136;1388;19;1407;NA;91826;155;2020-12-05;13497
2020-12-04;"Nitriansky kraj";232;2884;74;2958;NA;91826;306;2020-12-04;13342
2020-12-03;"Nitriansky kraj";248;2471;110;2581;NA;91826;358;2020-12-03;13036
2020-12-02;"Nitriansky kraj";252;3733;163;3896;NA;91826;415;2020-12-02;12678
2020-12-01;"Nitriansky kraj";331;2891;131;3022;NA;91826;462;2020-12-01;12263
2020-11-30;"Nitriansky kraj";91;4228;188;4416;NA;91826;279;2020-11-30;11801
2020-11-29;"Nitriansky kraj";3;634;42;676;NA;91826;45;2020-11-29;11522
2020-11-28;"Nitriansky kraj";135;892;31;923;NA;91826;166;2020-11-28;11477
2020-11-27;"Nitriansky kraj";177;2069;73;2142;NA;91826;250;2020-11-27;11311
2020-11-26;"Nitriansky kraj";191;2813;80;2893;NA;91826;271;2020-11-26;11061
2020-11-25;"Nitriansky kraj";325;2478;91;2569;NA;91826;416;2020-11-25;10790
2020-11-24;"Nitriansky kraj";147;1641;64;1705;NA;91826;211;2020-11-24;10374
2020-11-23;"Nitriansky kraj";102;9891;212;10103;NA;91826;314;2020-11-23;10163
2020-11-22;"Nitriansky kraj";7;1176;25;1201;NA;91826;32;2020-11-22;9849
2020-11-21;"Nitriansky kraj";86;1083;38;1121;NA;91826;124;2020-11-21;9817
2020-11-20;"Nitriansky kraj";264;4180;103;4283;NA;91826;367;2020-11-20;9693
2020-11-19;"Nitriansky kraj";185;3065;134;3199;NA;91826;319;2020-11-19;9326
2020-11-18;"Nitriansky kraj";188;2214;79;2293;NA;91826;267;2020-11-18;9007
2020-11-17;"Nitriansky kraj";178;596;29;625;NA;91826;207;2020-11-17;8740
2020-11-16;"Nitriansky kraj";139;1877;75;1952;NA;91826;214;2020-11-16;8533
2020-11-15;"Nitriansky kraj";14;180;5;185;NA;91826;19;2020-11-15;8319
2020-11-14;"Nitriansky kraj";114;1131;32;1163;NA;91826;146;2020-11-14;8300
2020-11-13;"Nitriansky kraj";210;936;46;982;NA;91826;256;2020-11-13;8154
2020-11-12;"Nitriansky kraj";256;1195;35;1230;NA;91826;291;2020-11-12;7898
2020-11-11;"Nitriansky kraj";279;1247;22;1269;NA;91826;301;2020-11-11;7607
2020-11-10;"Nitriansky kraj";192;2623;39;2662;NA;91826;231;2020-11-10;7306
2020-11-09;"Nitriansky kraj";128;3136;43;3179;NA;91826;171;2020-11-09;7075
2020-11-08;"Nitriansky kraj";43;1462;32;1494;NA;91826;75;2020-11-08;6904
2020-11-07;"Nitriansky kraj";130;1046;4;1050;NA;91826;134;2020-11-07;6829
2020-11-06;"Nitriansky kraj";210;2264;32;2296;NA;91826;242;2020-11-06;6695
2020-11-05;"Nitriansky kraj";178;313;14;327;NA;91826;192;2020-11-05;6453
2020-11-04;"Nitriansky kraj";211;297;16;313;NA;91826;227;2020-11-04;6261
2020-11-03;"Nitriansky kraj";216;435;25;460;NA;91826;241;2020-11-03;6034
2020-11-02;"Nitriansky kraj";171;4208;46;4254;NA;91826;217;2020-11-02;5793
2020-11-01;"Nitriansky kraj";130;2546;27;2573;NA;91826;157;2020-11-01;5576
2020-10-31;"Nitriansky kraj";261;10572;134;10706;NA;91826;395;2020-10-31;5419
2020-10-30;"Nitriansky kraj";204;2661;44;2705;NA;91826;248;2020-10-30;5024
2020-10-29;"Nitriansky kraj";293;841;39;880;NA;91826;332;2020-10-29;4776
2020-10-28;"Nitriansky kraj";216;608;59;667;NA;91826;275;2020-10-28;4444
2020-10-27;"Nitriansky kraj";296;550;47;597;NA;91826;343;2020-10-27;4169
2020-10-26;"Nitriansky kraj";69;633;56;689;NA;91826;125;2020-10-26;3826
2020-10-25;"Nitriansky kraj";50;62;8;70;NA;91826;58;2020-10-25;3701
2020-10-24;"Nitriansky kraj";169;237;11;248;NA;91826;180;2020-10-24;3643
2020-10-23;"Nitriansky kraj";282;762;41;803;NA;91826;323;2020-10-23;3463
2020-10-22;"Nitriansky kraj";137;444;39;483;NA;91826;176;2020-10-22;3140
2020-10-21;"Nitriansky kraj";146;208;3;211;NA;91826;149;2020-10-21;2964
2020-10-20;"Nitriansky kraj";197;78;6;84;NA;91826;203;2020-10-20;2815
2020-10-19;"Nitriansky kraj";148;79;1;80;NA;91826;149;2020-10-19;2612
2020-10-18;"Nitriansky kraj";22;0;0;0;NA;91826;22;2020-10-18;2463
2020-10-17;"Nitriansky kraj";67;0;0;0;NA;91826;67;2020-10-17;2441
2020-10-16;"Nitriansky kraj";133;28;3;31;NA;91826;136;2020-10-16;2374
2020-10-15;"Nitriansky kraj";106;31;2;33;NA;91826;108;2020-10-15;2238
2020-10-14;"Nitriansky kraj";80;22;4;26;NA;91826;84;2020-10-14;2130
2020-10-13;"Nitriansky kraj";101;82;2;84;NA;91826;103;2020-10-13;2046
2020-10-12;"Nitriansky kraj";36;0;0;0;NA;91826;36;2020-10-12;1943
2020-10-11;"Nitriansky kraj";8;0;0;0;NA;91826;8;2020-10-11;1907
2020-10-10;"Nitriansky kraj";107;0;0;0;NA;91826;107;2020-10-10;1899
2020-10-09;"Nitriansky kraj";120;0;0;0;NA;91826;120;2020-10-09;1792
2020-10-08;"Nitriansky kraj";132;0;0;0;NA;91826;132;2020-10-08;1672
2020-10-07;"Nitriansky kraj";81;0;0;0;NA;91826;81;2020-10-07;1540
2020-10-06;"Nitriansky kraj";48;0;0;0;NA;91826;48;2020-10-06;1459
2020-10-05;"Nitriansky kraj";20;0;0;0;NA;91826;20;2020-10-05;1411
2020-10-04;"Nitriansky kraj";17;0;0;0;NA;91826;17;2020-10-04;1391
2020-10-03;"Nitriansky kraj";96;0;0;0;NA;91826;96;2020-10-03;1374
2020-10-02;"Nitriansky kraj";108;0;0;0;NA;91826;108;2020-10-02;1278
2020-10-01;"Nitriansky kraj";95;0;0;0;NA;91826;95;2020-10-01;1170
2020-09-30;"Nitriansky kraj";100;0;0;0;NA;91826;100;2020-09-30;1075
2020-09-29;"Nitriansky kraj";50;0;0;0;NA;91826;50;2020-09-29;975
2020-09-28;"Nitriansky kraj";22;0;0;0;NA;91826;22;2020-09-28;925
2020-09-27;"Nitriansky kraj";16;0;0;0;NA;91826;16;2020-09-27;903
2020-09-26;"Nitriansky kraj";64;0;0;0;NA;91826;64;2020-09-26;887
2020-09-25;"Nitriansky kraj";90;0;0;0;NA;91826;90;2020-09-25;823
2020-09-24;"Nitriansky kraj";51;0;0;0;NA;91826;51;2020-09-24;733
2020-09-23;"Nitriansky kraj";70;0;0;0;NA;91826;70;2020-09-23;682
2020-09-22;"Nitriansky kraj";18;0;0;0;NA;91826;18;2020-09-22;612
2020-09-21;"Nitriansky kraj";10;0;0;0;NA;91826;10;2020-09-21;594
2020-09-20;"Nitriansky kraj";4;0;0;0;NA;91826;4;2020-09-20;584
2020-09-19;"Nitriansky kraj";14;0;0;0;NA;91826;14;2020-09-19;580
2020-09-18;"Nitriansky kraj";19;0;0;0;NA;91826;19;2020-09-18;566
2020-09-17;"Nitriansky kraj";30;0;0;0;NA;91826;30;2020-09-17;547
2020-09-16;"Nitriansky kraj";6;0;0;0;NA;91826;6;2020-09-16;517
2020-09-15;"Nitriansky kraj";19;0;0;0;NA;91826;19;2020-09-15;511
2020-09-14;"Nitriansky kraj";28;0;0;0;NA;91826;28;2020-09-14;492
2020-09-13;"Nitriansky kraj";3;0;0;0;NA;91826;3;2020-09-13;464
2020-09-12;"Nitriansky kraj";12;0;0;0;NA;91826;12;2020-09-12;461
2020-09-11;"Nitriansky kraj";23;0;0;0;NA;91826;23;2020-09-11;449
2020-09-10;"Nitriansky kraj";29;0;0;0;NA;91826;29;2020-09-10;426
2020-09-09;"Nitriansky kraj";19;0;0;0;NA;91826;19;2020-09-09;397
2020-09-08;"Nitriansky kraj";17;0;0;0;NA;91826;17;2020-09-08;378
2020-09-07;"Nitriansky kraj";17;0;0;0;NA;91826;17;2020-09-07;361
2020-09-06;"Nitriansky kraj";0;0;0;0;NA;91826;0;2020-09-06;344
2020-09-05;"Nitriansky kraj";22;0;0;0;NA;91826;22;2020-09-05;344
2020-09-04;"Nitriansky kraj";34;0;0;0;NA;91826;34;2020-09-04;322
2020-09-03;"Nitriansky kraj";15;0;0;0;NA;91826;15;2020-09-03;288
2020-09-02;"Nitriansky kraj";15;0;0;0;NA;91826;15;2020-09-02;273
2020-09-01;"Nitriansky kraj";2;0;0;0;NA;91826;2;2020-09-01;258
2020-08-31;"Nitriansky kraj";12;0;0;0;NA;91826;12;2020-08-31;256
2020-08-30;"Nitriansky kraj";1;0;0;0;NA;91826;1;2020-08-30;244
2020-08-29;"Nitriansky kraj";7;0;0;0;NA;91826;7;2020-08-29;243
2020-08-28;"Nitriansky kraj";12;0;0;0;NA;91826;12;2020-08-28;236
2020-08-27;"Nitriansky kraj";12;0;0;0;NA;91826;12;2020-08-27;224
2020-08-26;"Nitriansky kraj";4;0;0;0;NA;91826;4;2020-08-26;212
2020-08-25;"Nitriansky kraj";8;0;0;0;NA;91826;8;2020-08-25;208
2020-08-24;"Nitriansky kraj";1;0;0;0;NA;91826;1;2020-08-24;200
2020-08-23;"Nitriansky kraj";1;0;0;0;NA;91826;1;2020-08-23;199
2020-08-22;"Nitriansky kraj";2;0;0;0;NA;91826;2;2020-08-22;198
2020-08-21;"Nitriansky kraj";0;0;0;0;NA;91826;0;2020-08-21;196
2020-08-20;"Nitriansky kraj";7;0;0;0;NA;91826;7;2020-08-20;196
2020-08-19;"Nitriansky kraj";1;0;0;0;NA;91826;1;2020-08-19;189
2020-08-18;"Nitriansky kraj";2;0;0;0;NA;91826;2;2020-08-18;188
2020-08-17;"Nitriansky kraj";1;0;0;0;NA;91826;1;2020-08-17;186
2020-08-16;"Nitriansky kraj";0;0;0;0;NA;91826;0;2020-08-16;185
2020-08-15;"Nitriansky kraj";2;0;0;0;NA;91826;2;2020-08-15;185
2020-08-14;"Nitriansky kraj";1;0;0;0;NA;91826;1;2020-08-14;183
2020-08-13;"Nitriansky kraj";4;0;0;0;NA;91826;4;2020-08-13;182
2020-08-12;"Nitriansky kraj";0;0;0;0;NA;91826;0;2020-08-12;178
2020-08-11;"Nitriansky kraj";1;0;0;0;NA;91826;1;2020-08-11;178
2020-08-10;"Nitriansky kraj";0;0;0;0;NA;91826;0;2020-08-10;177
2020-08-09;"Nitriansky kraj";0;0;0;0;NA;91826;0;2020-08-09;177
2020-08-08;"Nitriansky kraj";0;0;0;0;NA;91826;0;2020-08-08;177
2020-08-07;"Nitriansky kraj";4;0;0;0;NA;91826;4;2020-08-07;177
2020-08-06;"Nitriansky kraj";4;0;0;0;NA;91826;4;2020-08-06;173
2020-08-05;"Nitriansky kraj";0;0;0;0;NA;91826;0;2020-08-05;169
2020-08-04;"Nitriansky kraj";7;0;0;0;NA;91826;7;2020-08-04;169
2020-08-03;"Nitriansky kraj";0;0;0;0;NA;91826;0;2020-08-03;162
2020-08-02;"Nitriansky kraj";0;0;0;0;NA;91826;0;2020-08-02;162
2020-08-01;"Nitriansky kraj";0;0;0;0;NA;91826;0;2020-08-01;162
2020-07-31;"Nitriansky kraj";0;0;0;0;NA;91826;0;2020-07-31;162
2020-07-30;"Nitriansky kraj";0;0;0;0;NA;91826;0;2020-07-30;162
2020-07-29;"Nitriansky kraj";0;0;0;0;NA;91826;0;2020-07-29;162
2020-07-28;"Nitriansky kraj";0;0;0;0;NA;91826;0;2020-07-28;162
2020-07-27;"Nitriansky kraj";0;0;0;0;NA;91826;0;2020-07-27;162
2020-07-26;"Nitriansky kraj";0;0;0;0;NA;91826;0;2020-07-26;162
2020-07-25;"Nitriansky kraj";0;0;0;0;NA;91826;0;2020-07-25;162
2020-07-24;"Nitriansky kraj";1;0;0;0;NA;91826;1;2020-07-24;162
2020-07-23;"Nitriansky kraj";3;0;0;0;NA;91826;3;2020-07-23;161
2020-07-22;"Nitriansky kraj";2;0;0;0;NA;91826;2;2020-07-22;158
2020-07-21;"Nitriansky kraj";14;0;0;0;NA;91826;14;2020-07-21;156
2020-07-20;"Nitriansky kraj";11;0;0;0;NA;91826;11;2020-07-20;142
2020-07-19;"Nitriansky kraj";0;0;0;0;NA;91826;0;2020-07-19;131
2020-07-18;"Nitriansky kraj";0;0;0;0;NA;91826;0;2020-07-18;131
2020-07-17;"Nitriansky kraj";0;0;0;0;NA;91826;0;2020-07-17;131
2020-07-16;"Nitriansky kraj";4;0;0;0;NA;91826;4;2020-07-16;131
2020-07-15;"Nitriansky kraj";5;0;0;0;NA;91826;5;2020-07-15;127
2020-07-14;"Nitriansky kraj";0;0;0;0;NA;91826;0;2020-07-14;122
2020-07-13;"Nitriansky kraj";0;0;0;0;NA;91826;0;2020-07-13;122
2020-07-12;"Nitriansky kraj";0;0;0;0;NA;91826;0;2020-07-12;122
2020-07-11;"Nitriansky kraj";0;0;0;0;NA;91826;0;2020-07-11;122
2020-07-10;"Nitriansky kraj";0;0;0;0;NA;91826;0;2020-07-10;122
2020-07-09;"Nitriansky kraj";1;0;0;0;NA;91826;1;2020-07-09;122
2020-07-08;"Nitriansky kraj";2;0;0;0;NA;91826;2;2020-07-08;121
2020-07-07;"Nitriansky kraj";0;0;0;0;NA;91826;0;2020-07-07;119
2020-07-06;"Nitriansky kraj";0;0;0;0;NA;91826;0;2020-07-06;119
2020-07-05;"Nitriansky kraj";0;0;0;0;NA;91826;0;2020-07-05;119
2020-07-04;"Nitriansky kraj";0;0;0;0;NA;91826;0;2020-07-04;119
2020-07-03;"Nitriansky kraj";0;0;0;0;NA;91826;0;2020-07-03;119
2020-07-02;"Nitriansky kraj";0;0;0;0;NA;91826;0;2020-07-02;119
2020-07-01;"Nitriansky kraj";3;0;0;0;NA;91826;3;2020-07-01;119
2020-06-30;"Nitriansky kraj";0;0;0;0;NA;91826;0;2020-06-30;116
2020-06-29;"Nitriansky kraj";0;0;0;0;NA;91826;0;2020-06-29;116
2020-06-28;"Nitriansky kraj";0;0;0;0;NA;91826;0;2020-06-28;116
2020-06-27;"Nitriansky kraj";0;0;0;0;NA;91826;0;2020-06-27;116
2020-06-26;"Nitriansky kraj";0;0;0;0;NA;91826;0;2020-06-26;116
2020-06-25;"Nitriansky kraj";0;0;0;0;NA;91826;0;2020-06-25;116
2020-06-24;"Nitriansky kraj";1;0;0;0;NA;91826;1;2020-06-24;116
2020-06-23;"Nitriansky kraj";0;0;0;0;NA;91826;0;2020-06-23;115
2020-06-22;"Nitriansky kraj";0;0;0;0;NA;91826;0;2020-06-22;115
2020-06-21;"Nitriansky kraj";0;0;0;0;NA;91826;0;2020-06-21;115
2020-06-20;"Nitriansky kraj";0;0;0;0;NA;91826;0;2020-06-20;115
2020-06-19;"Nitriansky kraj";0;0;0;0;NA;91826;0;2020-06-19;115
2020-06-18;"Nitriansky kraj";0;0;0;0;NA;91826;0;2020-06-18;115
2020-06-17;"Nitriansky kraj";0;0;0;0;NA;91826;0;2020-06-17;115
2020-06-16;"Nitriansky kraj";0;0;0;0;NA;91826;0;2020-06-16;115
2020-06-14;"Nitriansky kraj";0;0;0;0;NA;91826;0;2020-06-14;115
2020-06-13;"Nitriansky kraj";0;0;0;0;NA;91826;0;2020-06-13;115
2020-06-12;"Nitriansky kraj";0;0;0;0;NA;91826;0;2020-06-12;115
2020-06-11;"Nitriansky kraj";0;0;0;0;NA;91826;0;2020-06-11;115
2020-06-10;"Nitriansky kraj";1;0;0;0;NA;91826;1;2020-06-10;115
2020-06-09;"Nitriansky kraj";1;0;0;0;NA;91826;1;2020-06-09;114
2020-06-08;"Nitriansky kraj";0;0;0;0;NA;91826;0;2020-06-08;113
2020-06-07;"Nitriansky kraj";0;0;0;0;NA;91826;0;2020-06-07;113
2020-06-05;"Nitriansky kraj";0;0;0;0;NA;91826;0;2020-06-05;113
2020-06-03;"Nitriansky kraj";0;0;0;0;NA;91826;0;2020-06-03;113
2020-06-02;"Nitriansky kraj";1;0;0;0;NA;91826;1;2020-06-02;113
2020-05-31;"Nitriansky kraj";0;0;0;0;NA;91826;0;2020-05-31;112
2020-05-29;"Nitriansky kraj";0;0;0;0;NA;91826;0;2020-05-29;112
2020-05-27;"Nitriansky kraj";0;0;0;0;NA;91826;0;2020-05-27;112
2020-05-26;"Nitriansky kraj";0;0;0;0;NA;91826;0;2020-05-26;112
2020-05-25;"Nitriansky kraj";0;0;0;0;NA;91826;0;2020-05-25;112
2020-05-24;"Nitriansky kraj";2;0;0;0;NA;91826;2;2020-05-24;112
2020-05-23;"Nitriansky kraj";0;0;0;0;NA;91826;0;2020-05-23;110
2020-05-22;"Nitriansky kraj";1;0;0;0;NA;91826;1;2020-05-22;110
2020-05-21;"Nitriansky kraj";0;0;0;0;NA;91826;0;2020-05-21;109
2020-05-20;"Nitriansky kraj";0;0;0;0;NA;91826;0;2020-05-20;109
2020-05-19;"Nitriansky kraj";0;0;0;0;NA;91826;0;2020-05-19;109
2020-05-17;"Nitriansky kraj";0;0;0;0;NA;91826;0;2020-05-17;109
2020-05-16;"Nitriansky kraj";0;0;0;0;NA;91826;0;2020-05-16;109
2020-05-15;"Nitriansky kraj";1;0;0;0;NA;91826;1;2020-05-15;109
2020-05-14;"Nitriansky kraj";0;0;0;0;NA;91826;0;2020-05-14;108
2020-05-13;"Nitriansky kraj";0;0;0;0;NA;91826;0;2020-05-13;108
2020-05-12;"Nitriansky kraj";0;0;0;0;NA;91826;0;2020-05-12;108
2020-05-11;"Nitriansky kraj";2;0;0;0;NA;91826;2;2020-05-11;108
2020-05-09;"Nitriansky kraj";0;0;0;0;NA;91826;0;2020-05-09;106
2020-05-07;"Nitriansky kraj";1;0;0;0;NA;91826;1;2020-05-07;106
2020-05-06;"Nitriansky kraj";9;0;0;0;NA;91826;9;2020-05-06;105
2020-05-05;"Nitriansky kraj";0;0;0;0;NA;91826;0;2020-05-05;96
2020-05-04;"Nitriansky kraj";5;0;0;0;NA;91826;5;2020-05-04;96
2020-05-03;"Nitriansky kraj";2;0;0;0;NA;91826;2;2020-05-03;91
2020-05-02;"Nitriansky kraj";0;0;0;0;NA;91826;0;2020-05-02;89
2020-05-01;"Nitriansky kraj";1;0;0;0;NA;91826;1;2020-05-01;89
2020-04-30;"Nitriansky kraj";0;0;0;0;NA;91826;0;2020-04-30;88
2020-04-29;"Nitriansky kraj";0;0;0;0;NA;91826;0;2020-04-29;88
2020-04-28;"Nitriansky kraj";1;0;0;0;NA;91826;1;2020-04-28;88
2020-04-27;"Nitriansky kraj";0;0;0;0;NA;91826;0;2020-04-27;87
2020-04-26;"Nitriansky kraj";0;0;0;0;NA;91826;0;2020-04-26;87
2020-04-25;"Nitriansky kraj";0;0;0;0;NA;91826;0;2020-04-25;87
2020-04-24;"Nitriansky kraj";0;0;0;0;NA;91826;0;2020-04-24;87
2020-04-23;"Nitriansky kraj";3;0;0;0;NA;91826;3;2020-04-23;87
2020-04-22;"Nitriansky kraj";16;0;0;0;NA;91826;16;2020-04-22;84
2020-04-21;"Nitriansky kraj";6;0;0;0;NA;91826;6;2020-04-21;68
2020-04-20;"Nitriansky kraj";5;0;0;0;NA;91826;5;2020-04-20;62
2020-04-19;"Nitriansky kraj";0;0;0;0;NA;91826;0;2020-04-19;57
2020-04-18;"Nitriansky kraj";0;0;0;0;NA;91826;0;2020-04-18;57
2020-04-17;"Nitriansky kraj";7;0;0;0;NA;91826;7;2020-04-17;57
2020-04-16;"Nitriansky kraj";0;0;0;0;NA;91826;0;2020-04-16;50
2020-04-15;"Nitriansky kraj";6;0;0;0;NA;91826;6;2020-04-15;50
2020-04-14;"Nitriansky kraj";2;0;0;0;NA;91826;2;2020-04-14;44
2020-04-13;"Nitriansky kraj";1;0;0;0;NA;91826;1;2020-04-13;42
2020-04-12;"Nitriansky kraj";3;0;0;0;NA;91826;3;2020-04-12;41
2020-04-11;"Nitriansky kraj";1;0;0;0;NA;91826;1;2020-04-11;38
2020-04-10;"Nitriansky kraj";1;0;0;0;NA;91826;1;2020-04-10;37
2020-04-09;"Nitriansky kraj";0;0;0;0;NA;91826;0;2020-04-09;36
2020-04-08;"Nitriansky kraj";2;0;0;0;NA;91826;2;2020-04-08;36
2020-04-07;"Nitriansky kraj";3;0;0;0;NA;91826;3;2020-04-07;34
2020-04-06;"Nitriansky kraj";4;0;0;0;NA;91826;4;2020-04-06;31
2020-04-05;"Nitriansky kraj";5;0;0;0;NA;91826;5;2020-04-05;27
2020-04-04;"Nitriansky kraj";0;0;0;0;NA;91826;0;2020-04-04;22
2020-04-03;"Nitriansky kraj";0;0;0;0;NA;91826;0;2020-04-03;22
2020-04-02;"Nitriansky kraj";1;0;0;0;NA;91826;1;2020-04-02;22
2020-04-01;"Nitriansky kraj";0;0;0;0;NA;91826;0;2020-04-01;21
2020-03-31;"Nitriansky kraj";3;0;0;0;NA;91826;3;2020-03-31;21
2020-03-30;"Nitriansky kraj";3;0;0;0;NA;91826;3;2020-03-30;18
2020-03-29;"Nitriansky kraj";3;0;0;0;NA;91826;3;2020-03-29;15
2020-03-28;"Nitriansky kraj";1;0;0;0;NA;91826;1;2020-03-28;12
2020-03-27;"Nitriansky kraj";1;0;0;0;NA;91826;1;2020-03-27;11
2020-03-26;"Nitriansky kraj";1;0;0;0;NA;91826;1;2020-03-26;10
2020-03-25;"Nitriansky kraj";1;0;0;0;NA;91826;1;2020-03-25;9
2020-03-24;"Nitriansky kraj";0;0;0;0;NA;91826;0;2020-03-24;8
2020-03-23;"Nitriansky kraj";2;0;0;0;NA;91826;2;2020-03-23;8
2020-03-22;"Nitriansky kraj";2;0;0;0;NA;91826;2;2020-03-22;6
2020-03-21;"Nitriansky kraj";2;0;0;0;NA;91826;2;2020-03-21;4
2020-03-20;"Nitriansky kraj";1;0;0;0;NA;91826;1;2020-03-20;2
2020-03-19;"Nitriansky kraj";1;0;0;0;NA;91826;1;2020-03-19;1
2020-03-18;"Nitriansky kraj";2;0;0;0;NA;91826;2;2020-03-18;0
2020-03-17;"Nitriansky kraj";1;0;0;0;NA;91826;1;2020-03-17;-2
2020-03-16;"Nitriansky kraj";0;0;0;0;NA;91826;0;2020-03-16;-3
2020-03-15;"Nitriansky kraj";4;0;0;0;NA;91826;4;2020-03-15;-3
2020-03-14;"Nitriansky kraj";1;0;0;0;NA;91826;1;2020-03-14;-7
2020-03-13;"Nitriansky kraj";0;0;0;0;NA;91826;0;2020-03-13;-8
2020-03-12;"Nitriansky kraj";0;0;0;0;NA;91826;0;2020-03-12;-8
2020-03-11;"Nitriansky kraj";0;0;0;0;NA;91826;0;2020-03-11;-8
2020-03-09;"Nitriansky kraj";0;0;0;0;NA;91826;0;2020-03-09;-8
2020-03-08;"Nitriansky kraj";0;0;0;0;NA;91826;0;2020-03-08;-8
2020-03-07;"Nitriansky kraj";0;0;0;0;NA;91826;0;2020-03-07;-8
2020-03-06;"Nitriansky kraj";0;0;0;0;NA;91826;0;2020-03-06;-8
2021-05-09;"Prešovský kraj";54;18017;55;18072;58924;111551;109;2021-05-09;111551
2021-05-08;"Prešovský kraj";39;21685;47;21732;NA;111551;86;2021-05-08;111442
2021-05-07;"Prešovský kraj";81;22091;74;22165;NA;111551;155;2021-05-07;111356
2021-05-06;"Prešovský kraj";107;12837;66;12903;NA;111551;173;2021-05-06;111201
2021-05-05;"Prešovský kraj";60;12806;79;12885;NA;111551;139;2021-05-05;111028
2021-05-04;"Prešovský kraj";203;13096;67;13163;NA;111551;270;2021-05-04;110889
2021-05-03;"Prešovský kraj";68;18634;109;18743;NA;111551;177;2021-05-03;110619
2021-05-02;"Prešovský kraj";29;36175;102;36277;NA;111551;131;2021-05-02;110442
2021-05-01;"Prešovský kraj";70;56598;177;56775;NA;111551;247;2021-05-01;110311
2021-04-30;"Prešovský kraj";135;39269;118;39387;NA;111551;253;2021-04-30;110064
2021-04-29;"Prešovský kraj";110;16566;97;16663;NA;111551;207;2021-04-29;109811
2021-04-28;"Prešovský kraj";122;18578;88;18666;NA;111551;210;2021-04-28;109604
2021-04-27;"Prešovský kraj";154;19984;120;20104;NA;111551;274;2021-04-27;109394
2021-04-26;"Prešovský kraj";99;27398;123;27521;NA;111551;222;2021-04-26;109120
2021-04-25;"Prešovský kraj";9;52153;155;52308;NA;111551;164;2021-04-25;108898
2021-04-24;"Prešovský kraj";61;85871;247;86118;NA;111551;308;2021-04-24;108734
2021-04-23;"Prešovský kraj";171;39547;133;39680;NA;111551;304;2021-04-23;108426
2021-04-22;"Prešovský kraj";86;18109;125;18234;NA;111551;211;2021-04-22;108122
2021-04-21;"Prešovský kraj";144;21530;139;21669;NA;111551;283;2021-04-21;107911
2021-04-20;"Prešovský kraj";115;23345;127;23472;NA;111551;242;2021-04-20;107628
2021-04-19;"Prešovský kraj";106;29131;145;29276;NA;111551;251;2021-04-19;107386
2021-04-18;"Prešovský kraj";4;51540;129;51669;NA;111551;133;2021-04-18;107135
2021-04-17;"Prešovský kraj";119;97118;236;97354;NA;111551;355;2021-04-17;107002
2021-04-16;"Prešovský kraj";135;40982;146;41128;NA;111551;281;2021-04-16;106647
2021-04-15;"Prešovský kraj";112;20111;136;20247;NA;111551;248;2021-04-15;106366
2021-04-14;"Prešovský kraj";199;23327;130;23457;NA;111551;329;2021-04-14;106118
2021-04-13;"Prešovský kraj";180;23730;116;23846;NA;111551;296;2021-04-13;105789
2021-04-12;"Prešovský kraj";172;30152;175;30327;NA;111551;347;2021-04-12;105493
2021-04-11;"Prešovský kraj";11;49998;187;50185;NA;111551;198;2021-04-11;105146
2021-04-10;"Prešovský kraj";94;90181;297;90478;NA;111551;391;2021-04-10;104948
2021-04-09;"Prešovský kraj";255;37130;200;37330;NA;111551;455;2021-04-09;104557
2021-04-08;"Prešovský kraj";192;18891;157;19048;NA;111551;349;2021-04-08;104102
2021-04-07;"Prešovský kraj";314;27827;154;27981;NA;111551;468;2021-04-07;103753
2021-04-06;"Prešovský kraj";231;41672;268;41940;NA;111551;499;2021-04-06;103285
2021-04-05;"Prešovský kraj";54;18454;132;18586;NA;111551;186;2021-04-05;102786
2021-04-04;"Prešovský kraj";31;18702;91;18793;NA;111551;122;2021-04-04;102600
2021-04-03;"Prešovský kraj";104;90240;316;90556;NA;111551;420;2021-04-03;102478
2021-04-02;"Prešovský kraj";194;23520;134;23654;NA;111551;328;2021-04-02;102058
2021-04-01;"Prešovský kraj";256;42688;195;42883;NA;111551;451;2021-04-01;101730
2021-03-31;"Prešovský kraj";311;30144;227;30371;NA;111551;538;2021-03-31;101279
2021-03-30;"Prešovský kraj";374;20747;203;20950;NA;111551;577;2021-03-30;100741
2021-03-29;"Prešovský kraj";219;28188;229;28417;NA;111551;448;2021-03-29;100164
2021-03-28;"Prešovský kraj";26;46811;256;47067;NA;111551;282;2021-03-28;99716
2021-03-27;"Prešovský kraj";181;88639;373;89012;NA;111551;554;2021-03-27;99434
2021-03-26;"Prešovský kraj";310;47751;299;48050;NA;111551;609;2021-03-26;98880
2021-03-25;"Prešovský kraj";248;22279;213;22492;NA;111551;461;2021-03-25;98271
2021-03-24;"Prešovský kraj";381;19588;213;19801;NA;111551;594;2021-03-24;97810
2021-03-23;"Prešovský kraj";241;20315;255;20570;NA;111551;496;2021-03-23;97216
2021-03-22;"Prešovský kraj";299;28490;286;28776;NA;111551;585;2021-03-22;96720
2021-03-21;"Prešovský kraj";32;49439;266;49705;NA;111551;298;2021-03-21;96135
2021-03-20;"Prešovský kraj";180;92531;427;92958;NA;111551;607;2021-03-20;95837
2021-03-19;"Prešovský kraj";373;46196;320;46516;NA;111551;693;2021-03-19;95230
2021-03-18;"Prešovský kraj";251;21721;217;21938;NA;111551;468;2021-03-18;94537
2021-03-17;"Prešovský kraj";331;20887;231;21118;NA;111551;562;2021-03-17;94069
2021-03-16;"Prešovský kraj";461;21094;277;21371;NA;111551;738;2021-03-16;93507
2021-03-15;"Prešovský kraj";370;28789;324;29113;NA;111551;694;2021-03-15;92769
2021-03-14;"Prešovský kraj";52;50410;356;50766;NA;111551;408;2021-03-14;92075
2021-03-13;"Prešovský kraj";200;95300;532;95832;NA;111551;732;2021-03-13;91667
2021-03-12;"Prešovský kraj";425;47691;368;48059;NA;111551;793;2021-03-12;90935
2021-03-11;"Prešovský kraj";463;22059;253;22312;NA;111551;716;2021-03-11;90142
2021-03-10;"Prešovský kraj";325;20821;293;21114;NA;111551;618;2021-03-10;89426
2021-03-09;"Prešovský kraj";505;21489;288;21777;NA;111551;793;2021-03-09;88808
2021-03-08;"Prešovský kraj";314;28902;333;29235;NA;111551;647;2021-03-08;88015
2021-03-07;"Prešovský kraj";19;48024;385;48409;NA;111551;404;2021-03-07;87368
2021-03-06;"Prešovský kraj";193;96985;591;97576;NA;111551;784;2021-03-06;86964
2021-03-05;"Prešovský kraj";497;46044;397;46441;NA;111551;894;2021-03-05;86180
2021-03-04;"Prešovský kraj";372;22670;359;23029;NA;111551;731;2021-03-04;85286
2021-03-03;"Prešovský kraj";397;21424;330;21754;NA;111551;727;2021-03-03;84555
2021-03-02;"Prešovský kraj";421;22679;357;23036;NA;111551;778;2021-03-02;83828
2021-03-01;"Prešovský kraj";303;27716;406;28122;NA;111551;709;2021-03-01;83050
2021-02-28;"Prešovský kraj";75;45000;387;45387;NA;111551;462;2021-02-28;82341
2021-02-27;"Prešovský kraj";273;90231;734;90965;NA;111551;1007;2021-02-27;81879
2021-02-26;"Prešovský kraj";455;41700;439;42139;NA;111551;894;2021-02-26;80872
2021-02-25;"Prešovský kraj";270;19496;337;19833;NA;111551;607;2021-02-25;79978
2021-02-24;"Prešovský kraj";328;19026;377;19403;NA;111551;705;2021-02-24;79371
2021-02-23;"Prešovský kraj";430;21273;345;21618;NA;111551;775;2021-02-23;78666
2021-02-22;"Prešovský kraj";351;27175;356;27531;NA;111551;707;2021-02-22;77891
2021-02-21;"Prešovský kraj";66;31802;302;32104;NA;111551;368;2021-02-21;77184
2021-02-20;"Prešovský kraj";129;71413;517;71930;NA;111551;646;2021-02-20;76816
2021-02-19;"Prešovský kraj";381;38597;425;39022;NA;111551;806;2021-02-19;76170
2021-02-18;"Prešovský kraj";268;16960;322;17282;NA;111551;590;2021-02-18;75364
2021-02-17;"Prešovský kraj";293;17392;246;17638;NA;111551;539;2021-02-17;74774
2021-02-16;"Prešovský kraj";422;18862;265;19127;NA;111551;687;2021-02-16;74235
2021-02-15;"Prešovský kraj";211;31360;303;31663;NA;111551;514;2021-02-15;73548
2021-02-14;"Prešovský kraj";27;39271;318;39589;NA;111551;345;2021-02-14;73034
2021-02-13;"Prešovský kraj";157;73937;392;74329;NA;111551;549;2021-02-13;72689
2021-02-12;"Prešovský kraj";308;38720;362;39082;NA;111551;670;2021-02-12;72140
2021-02-11;"Prešovský kraj";218;16207;238;16445;NA;111551;456;2021-02-11;71470
2021-02-10;"Prešovský kraj";220;18499;279;18778;NA;111551;499;2021-02-10;71014
2021-02-09;"Prešovský kraj";323;21495;370;21865;NA;111551;693;2021-02-09;70515
2021-02-08;"Prešovský kraj";161;36971;261;37232;NA;111551;422;2021-02-08;69822
2021-02-07;"Prešovský kraj";21;34227;209;34436;NA;111551;230;2021-02-07;69400
2021-02-06;"Prešovský kraj";176;69164;360;69524;NA;111551;536;2021-02-06;69170
2021-02-05;"Prešovský kraj";177;31247;261;31508;NA;111551;438;2021-02-05;68634
2021-02-04;"Prešovský kraj";176;13073;237;13310;NA;111551;413;2021-02-04;68196
2021-02-03;"Prešovský kraj";251;8421;236;8657;NA;111551;487;2021-02-03;67783
2021-02-02;"Prešovský kraj";249;11779;264;12043;NA;111551;513;2021-02-02;67296
2021-02-01;"Prešovský kraj";220;16059;316;16375;NA;111551;536;2021-02-01;66783
2021-01-31;"Prešovský kraj";42;10587;107;10694;NA;111551;149;2021-01-31;66247
2021-01-30;"Prešovský kraj";142;23939;215;24154;NA;111551;357;2021-01-30;66098
2021-01-29;"Prešovský kraj";185;17924;326;18250;NA;111551;511;2021-01-29;65741
2021-01-28;"Prešovský kraj";311;7338;150;7488;NA;111551;461;2021-01-28;65230
2021-01-27;"Prešovský kraj";153;9886;150;10036;NA;111551;303;2021-01-27;64769
2021-01-26;"Prešovský kraj";252;16648;151;16799;NA;111551;403;2021-01-26;64466
2021-01-25;"Prešovský kraj";196;29649;251;29900;NA;111551;447;2021-01-25;64063
2021-01-24;"Prešovský kraj";12;45706;304;46010;NA;111551;316;2021-01-24;63616
2021-01-23;"Prešovský kraj";189;96726;487;97213;NA;111551;676;2021-01-23;63300
2021-01-22;"Prešovský kraj";187;35377;261;35638;NA;111551;448;2021-01-22;62624
2021-01-21;"Prešovský kraj";187;20434;212;20646;NA;111551;399;2021-01-21;62176
2021-01-20;"Prešovský kraj";253;14579;195;14774;NA;111551;448;2021-01-20;61777
2021-01-19;"Prešovský kraj";281;12329;305;12634;NA;111551;586;2021-01-19;61329
2021-01-18;"Prešovský kraj";203;10422;336;10758;NA;111551;539;2021-01-18;60743
2021-01-17;"Prešovský kraj";107;14391;1008;15399;NA;111551;1115;2021-01-17;60204
2021-01-16;"Prešovský kraj";72;1838;81;1919;NA;111551;153;2021-01-16;59089
2021-01-15;"Prešovský kraj";159;7033;257;7290;NA;111551;416;2021-01-15;58936
2021-01-14;"Prešovský kraj";268;5523;252;5775;NA;111551;520;2021-01-14;58520
2021-01-13;"Prešovský kraj";342;5649;226;5875;NA;111551;568;2021-01-13;58000
2021-01-12;"Prešovský kraj";455;8487;409;8896;NA;111551;864;2021-01-12;57432
2021-01-11;"Prešovský kraj";343;8489;479;8968;NA;111551;822;2021-01-11;56568
2021-01-10;"Prešovský kraj";63;476;23;499;NA;111551;86;2021-01-10;55746
2021-01-09;"Prešovský kraj";439;2248;125;2373;NA;111551;564;2021-01-09;55660
2021-01-08;"Prešovský kraj";430;10865;572;11437;NA;111551;1002;2021-01-08;55096
2021-01-07;"Prešovský kraj";268;7789;648;8437;NA;111551;916;2021-01-07;54094
2021-01-06;"Prešovský kraj";315;1484;134;1618;NA;111551;449;2021-01-06;53178
2021-01-05;"Prešovský kraj";655;11591;1003;12594;NA;111551;1658;2021-01-05;52729
2021-01-04;"Prešovský kraj";371;17192;1812;19004;NA;111551;2183;2021-01-04;51071
2021-01-03;"Prešovský kraj";89;459;41;500;NA;111551;130;2021-01-03;48888
2021-01-02;"Prešovský kraj";65;1556;160;1716;NA;111551;225;2021-01-02;48758
2021-01-01;"Prešovský kraj";174;956;71;1027;NA;111551;245;2021-01-01;48533
2020-12-31;"Prešovský kraj";640;11959;783;12742;NA;111551;1423;2020-12-31;48288
2020-12-30;"Prešovský kraj";729;9065;802;9867;NA;111551;1531;2020-12-30;46865
2020-12-29;"Prešovský kraj";435;9273;949;10222;NA;111551;1384;2020-12-29;45334
2020-12-28;"Prešovský kraj";393;9046;1079;10125;NA;111551;1472;2020-12-28;43950
2020-12-27;"Prešovský kraj";40;613;45;658;NA;111551;85;2020-12-27;42478
2020-12-26;"Prešovský kraj";64;176;12;188;NA;111551;76;2020-12-26;42393
2020-12-25;"Prešovský kraj";208;274;11;285;NA;111551;219;2020-12-25;42317
2020-12-24;"Prešovský kraj";452;1214;85;1299;NA;111551;537;2020-12-24;42098
2020-12-23;"Prešovský kraj";361;11369;635;12004;NA;111551;996;2020-12-23;41561
2020-12-22;"Prešovský kraj";439;9371;710;10081;NA;111551;1149;2020-12-22;40565
2020-12-21;"Prešovský kraj";432;9923;880;10803;NA;111551;1312;2020-12-21;39416
2020-12-20;"Prešovský kraj";184;396;20;416;NA;111551;204;2020-12-20;38104
2020-12-19;"Prešovský kraj";276;1658;151;1809;NA;111551;427;2020-12-19;37900
2020-12-18;"Prešovský kraj";396;8845;595;9440;NA;111551;991;2020-12-18;37473
2020-12-17;"Prešovský kraj";427;10826;891;11717;NA;111551;1318;2020-12-17;36482
2020-12-16;"Prešovský kraj";466;6017;508;6525;NA;111551;974;2020-12-16;35164
2020-12-15;"Prešovský kraj";411;5685;584;6269;NA;111551;995;2020-12-15;34190
2020-12-14;"Prešovský kraj";334;5767;508;6275;NA;111551;842;2020-12-14;33195
2020-12-13;"Prešovský kraj";89;29;8;37;NA;111551;97;2020-12-13;32353
2020-12-12;"Prešovský kraj";319;2474;166;2640;NA;111551;485;2020-12-12;32256
2020-12-11;"Prešovský kraj";560;5602;402;6004;NA;111551;962;2020-12-11;31771
2020-12-10;"Prešovský kraj";337;5180;440;5620;NA;111551;777;2020-12-10;30809
2020-12-09;"Prešovský kraj";358;4357;314;4671;NA;111551;672;2020-12-09;30032
2020-12-08;"Prešovský kraj";350;6629;651;7280;NA;111551;1001;2020-12-08;29360
2020-12-07;"Prešovský kraj";309;4345;327;4672;NA;111551;636;2020-12-07;28359
2020-12-06;"Prešovský kraj";59;655;26;681;NA;111551;85;2020-12-06;27723
2020-12-05;"Prešovský kraj";218;984;87;1071;NA;111551;305;2020-12-05;27638
2020-12-04;"Prešovský kraj";352;5070;293;5363;NA;111551;645;2020-12-04;27333
2020-12-03;"Prešovský kraj";284;2456;179;2635;NA;111551;463;2020-12-03;26688
2020-12-02;"Prešovský kraj";232;2830;225;3055;NA;111551;457;2020-12-02;26225
2020-12-01;"Prešovský kraj";281;1884;196;2080;NA;111551;477;2020-12-01;25768
2020-11-30;"Prešovský kraj";196;5333;97;5430;NA;111551;293;2020-11-30;25291
2020-11-29;"Prešovský kraj";27;379;42;421;NA;111551;69;2020-11-29;24998
2020-11-28;"Prešovský kraj";199;772;77;849;NA;111551;276;2020-11-28;24929
2020-11-27;"Prešovský kraj";232;2350;130;2480;NA;111551;362;2020-11-27;24653
2020-11-26;"Prešovský kraj";263;3014;329;3343;NA;111551;592;2020-11-26;24291
2020-11-25;"Prešovský kraj";302;2174;103;2277;NA;111551;405;2020-11-25;23699
2020-11-24;"Prešovský kraj";365;1777;156;1933;NA;111551;521;2020-11-24;23294
2020-11-23;"Prešovský kraj";164;1099;60;1159;NA;111551;224;2020-11-23;22773
2020-11-22;"Prešovský kraj";46;44;1;45;NA;111551;47;2020-11-22;22549
2020-11-21;"Prešovský kraj";205;754;62;816;NA;111551;267;2020-11-21;22502
2020-11-20;"Prešovský kraj";363;2258;102;2360;NA;111551;465;2020-11-20;22235
2020-11-19;"Prešovský kraj";359;2096;238;2334;NA;111551;597;2020-11-19;21770
2020-11-18;"Prešovský kraj";270;488;43;531;NA;111551;313;2020-11-18;21173
2020-11-17;"Prešovský kraj";347;205;23;228;NA;111551;370;2020-11-17;20860
2020-11-16;"Prešovský kraj";226;540;58;598;NA;111551;284;2020-11-16;20490
2020-11-15;"Prešovský kraj";186;39;4;43;NA;111551;190;2020-11-15;20206
2020-11-14;"Prešovský kraj";261;54;4;58;NA;111551;265;2020-11-14;20016
2020-11-13;"Prešovský kraj";395;166;8;174;NA;111551;403;2020-11-13;19751
2020-11-12;"Prešovský kraj";397;229;50;279;NA;111551;447;2020-11-12;19348
2020-11-11;"Prešovský kraj";516;161;15;176;NA;111551;531;2020-11-11;18901
2020-11-10;"Prešovský kraj";437;197;9;206;NA;111551;446;2020-11-10;18370
2020-11-09;"Prešovský kraj";190;4112;945;5057;NA;111551;1135;2020-11-09;17924
2020-11-08;"Prešovský kraj";97;2817;32;2849;NA;111551;129;2020-11-08;16789
2020-11-07;"Prešovský kraj";416;8578;81;8659;NA;111551;497;2020-11-07;16660
2020-11-06;"Prešovský kraj";520;4791;76;4867;NA;111551;596;2020-11-06;16163
2020-11-05;"Prešovský kraj";397;180;5;185;NA;111551;402;2020-11-05;15567
2020-11-04;"Prešovský kraj";350;807;8;815;NA;111551;358;2020-11-04;15165
2020-11-03;"Prešovský kraj";565;98;12;110;NA;111551;577;2020-11-03;14807
2020-11-02;"Prešovský kraj";203;4158;1004;5162;NA;111551;1207;2020-11-02;14230
2020-11-01;"Prešovský kraj";386;2906;53;2959;NA;111551;439;2020-11-01;13023
2020-10-31;"Prešovský kraj";315;10497;170;10667;NA;111551;485;2020-10-31;12584
2020-10-30;"Prešovský kraj";552;2949;65;3014;NA;111551;617;2020-10-30;12099
2020-10-29;"Prešovský kraj";594;301;38;339;NA;111551;632;2020-10-29;11482
2020-10-28;"Prešovský kraj";617;291;46;337;NA;111551;663;2020-10-28;10850
2020-10-27;"Prešovský kraj";656;268;34;302;NA;111551;690;2020-10-27;10187
2020-10-26;"Prešovský kraj";137;363;57;420;NA;111551;194;2020-10-26;9497
2020-10-25;"Prešovský kraj";237;346;11;357;NA;111551;248;2020-10-25;9303
2020-10-24;"Prešovský kraj";719;200;12;212;NA;111551;731;2020-10-24;9055
2020-10-23;"Prešovský kraj";750;218;8;226;NA;111551;758;2020-10-23;8324
2020-10-22;"Prešovský kraj";646;396;30;426;NA;111551;676;2020-10-22;7566
2020-10-21;"Prešovský kraj";383;58;8;66;NA;111551;391;2020-10-21;6890
2020-10-20;"Prešovský kraj";493;65;7;72;NA;111551;500;2020-10-20;6499
2020-10-19;"Prešovský kraj";140;235;15;250;NA;111551;155;2020-10-19;5999
2020-10-18;"Prešovský kraj";209;0;0;0;NA;111551;209;2020-10-18;5844
2020-10-17;"Prešovský kraj";342;0;0;0;NA;111551;342;2020-10-17;5635
2020-10-16;"Prešovský kraj";388;57;3;60;NA;111551;391;2020-10-16;5293
2020-10-15;"Prešovský kraj";435;85;18;103;NA;111551;453;2020-10-15;4902
2020-10-14;"Prešovský kraj";451;54;10;64;NA;111551;461;2020-10-14;4449
2020-10-13;"Prešovský kraj";264;50;6;56;NA;111551;270;2020-10-13;3988
2020-10-12;"Prešovský kraj";214;334;35;369;NA;111551;249;2020-10-12;3718
2020-10-11;"Prešovský kraj";127;0;0;0;NA;111551;127;2020-10-11;3469
2020-10-10;"Prešovský kraj";248;0;0;0;NA;111551;248;2020-10-10;3342
2020-10-09;"Prešovský kraj";406;0;0;0;NA;111551;406;2020-10-09;3094
2020-10-08;"Prešovský kraj";245;0;0;0;NA;111551;245;2020-10-08;2688
2020-10-07;"Prešovský kraj";244;0;0;0;NA;111551;244;2020-10-07;2443
2020-10-06;"Prešovský kraj";166;0;0;0;NA;111551;166;2020-10-06;2199
2020-10-05;"Prešovský kraj";84;0;0;0;NA;111551;84;2020-10-05;2033
2020-10-04;"Prešovský kraj";118;0;0;0;NA;111551;118;2020-10-04;1949
2020-10-03;"Prešovský kraj";204;0;0;0;NA;111551;204;2020-10-03;1831
2020-10-02;"Prešovský kraj";149;0;0;0;NA;111551;149;2020-10-02;1627
2020-10-01;"Prešovský kraj";136;0;0;0;NA;111551;136;2020-10-01;1478
2020-09-30;"Prešovský kraj";121;0;0;0;NA;111551;121;2020-09-30;1342
2020-09-29;"Prešovský kraj";156;0;0;0;NA;111551;156;2020-09-29;1221
2020-09-28;"Prešovský kraj";51;0;0;0;NA;111551;51;2020-09-28;1065
2020-09-27;"Prešovský kraj";10;0;0;0;NA;111551;10;2020-09-27;1014
2020-09-26;"Prešovský kraj";72;0;0;0;NA;111551;72;2020-09-26;1004
2020-09-25;"Prešovský kraj";91;0;0;0;NA;111551;91;2020-09-25;932
2020-09-24;"Prešovský kraj";52;0;0;0;NA;111551;52;2020-09-24;841
2020-09-23;"Prešovský kraj";55;0;0;0;NA;111551;55;2020-09-23;789
2020-09-22;"Prešovský kraj";29;0;0;0;NA;111551;29;2020-09-22;734
2020-09-21;"Prešovský kraj";14;0;0;0;NA;111551;14;2020-09-21;705
2020-09-20;"Prešovský kraj";5;0;0;0;NA;111551;5;2020-09-20;691
2020-09-19;"Prešovský kraj";12;0;0;0;NA;111551;12;2020-09-19;686
2020-09-18;"Prešovský kraj";29;0;0;0;NA;111551;29;2020-09-18;674
2020-09-17;"Prešovský kraj";25;0;0;0;NA;111551;25;2020-09-17;645
2020-09-16;"Prešovský kraj";8;0;0;0;NA;111551;8;2020-09-16;620
2020-09-15;"Prešovský kraj";10;0;0;0;NA;111551;10;2020-09-15;612
2020-09-14;"Prešovský kraj";47;0;0;0;NA;111551;47;2020-09-14;602
2020-09-13;"Prešovský kraj";3;0;0;0;NA;111551;3;2020-09-13;555
2020-09-12;"Prešovský kraj";4;0;0;0;NA;111551;4;2020-09-12;552
2020-09-11;"Prešovský kraj";15;0;0;0;NA;111551;15;2020-09-11;548
2020-09-10;"Prešovský kraj";10;0;0;0;NA;111551;10;2020-09-10;533
2020-09-09;"Prešovský kraj";21;0;0;0;NA;111551;21;2020-09-09;523
2020-09-08;"Prešovský kraj";23;0;0;0;NA;111551;23;2020-09-08;502
2020-09-07;"Prešovský kraj";5;0;0;0;NA;111551;5;2020-09-07;479
2020-09-06;"Prešovský kraj";3;0;0;0;NA;111551;3;2020-09-06;474
2020-09-05;"Prešovský kraj";7;0;0;0;NA;111551;7;2020-09-05;471
2020-09-04;"Prešovský kraj";24;0;0;0;NA;111551;24;2020-09-04;464
2020-09-03;"Prešovský kraj";8;0;0;0;NA;111551;8;2020-09-03;440
2020-09-02;"Prešovský kraj";9;0;0;0;NA;111551;9;2020-09-02;432
2020-09-01;"Prešovský kraj";6;0;0;0;NA;111551;6;2020-09-01;423
2020-08-31;"Prešovský kraj";3;0;0;0;NA;111551;3;2020-08-31;417
2020-08-30;"Prešovský kraj";6;0;0;0;NA;111551;6;2020-08-30;414
2020-08-29;"Prešovský kraj";4;0;0;0;NA;111551;4;2020-08-29;408
2020-08-28;"Prešovský kraj";6;0;0;0;NA;111551;6;2020-08-28;404
2020-08-27;"Prešovský kraj";7;0;0;0;NA;111551;7;2020-08-27;398
2020-08-26;"Prešovský kraj";22;0;0;0;NA;111551;22;2020-08-26;391
2020-08-25;"Prešovský kraj";1;0;0;0;NA;111551;1;2020-08-25;369
2020-08-24;"Prešovský kraj";5;0;0;0;NA;111551;5;2020-08-24;368
2020-08-23;"Prešovský kraj";3;0;0;0;NA;111551;3;2020-08-23;363
2020-08-22;"Prešovský kraj";3;0;0;0;NA;111551;3;2020-08-22;360
2020-08-21;"Prešovský kraj";11;0;0;0;NA;111551;11;2020-08-21;357
2020-08-20;"Prešovský kraj";8;0;0;0;NA;111551;8;2020-08-20;346
2020-08-19;"Prešovský kraj";8;0;0;0;NA;111551;8;2020-08-19;338
2020-08-18;"Prešovský kraj";6;0;0;0;NA;111551;6;2020-08-18;330
2020-08-17;"Prešovský kraj";1;0;0;0;NA;111551;1;2020-08-17;324
2020-08-16;"Prešovský kraj";0;0;0;0;NA;111551;0;2020-08-16;323
2020-08-15;"Prešovský kraj";8;0;0;0;NA;111551;8;2020-08-15;323
2020-08-14;"Prešovský kraj";6;0;0;0;NA;111551;6;2020-08-14;315
2020-08-13;"Prešovský kraj";8;0;0;0;NA;111551;8;2020-08-13;309
2020-08-12;"Prešovský kraj";19;0;0;0;NA;111551;19;2020-08-12;301
2020-08-11;"Prešovský kraj";3;0;0;0;NA;111551;3;2020-08-11;282
2020-08-10;"Prešovský kraj";0;0;0;0;NA;111551;0;2020-08-10;279
2020-08-09;"Prešovský kraj";0;0;0;0;NA;111551;0;2020-08-09;279
2020-08-08;"Prešovský kraj";2;0;0;0;NA;111551;2;2020-08-08;279
2020-08-07;"Prešovský kraj";6;0;0;0;NA;111551;6;2020-08-07;277
2020-08-06;"Prešovský kraj";2;0;0;0;NA;111551;2;2020-08-06;271
2020-08-05;"Prešovský kraj";8;0;0;0;NA;111551;8;2020-08-05;269
2020-08-04;"Prešovský kraj";5;0;0;0;NA;111551;5;2020-08-04;261
2020-08-03;"Prešovský kraj";4;0;0;0;NA;111551;4;2020-08-03;256
2020-08-02;"Prešovský kraj";6;0;0;0;NA;111551;6;2020-08-02;252
2020-08-01;"Prešovský kraj";0;0;0;0;NA;111551;0;2020-08-01;246
2020-07-31;"Prešovský kraj";2;0;0;0;NA;111551;2;2020-07-31;246
2020-07-30;"Prešovský kraj";6;0;0;0;NA;111551;6;2020-07-30;244
2020-07-29;"Prešovský kraj";5;0;0;0;NA;111551;5;2020-07-29;238
2020-07-28;"Prešovský kraj";0;0;0;0;NA;111551;0;2020-07-28;233
2020-07-27;"Prešovský kraj";1;0;0;0;NA;111551;1;2020-07-27;233
2020-07-26;"Prešovský kraj";1;0;0;0;NA;111551;1;2020-07-26;232
2020-07-25;"Prešovský kraj";21;0;0;0;NA;111551;21;2020-07-25;231
2020-07-24;"Prešovský kraj";1;0;0;0;NA;111551;1;2020-07-24;210
2020-07-23;"Prešovský kraj";5;0;0;0;NA;111551;5;2020-07-23;209
2020-07-22;"Prešovský kraj";1;0;0;0;NA;111551;1;2020-07-22;204
2020-07-21;"Prešovský kraj";2;0;0;0;NA;111551;2;2020-07-21;203
2020-07-20;"Prešovský kraj";1;0;0;0;NA;111551;1;2020-07-20;201
2020-07-19;"Prešovský kraj";0;0;0;0;NA;111551;0;2020-07-19;200
2020-07-18;"Prešovský kraj";0;0;0;0;NA;111551;0;2020-07-18;200
2020-07-17;"Prešovský kraj";3;0;0;0;NA;111551;3;2020-07-17;200
2020-07-16;"Prešovský kraj";1;0;0;0;NA;111551;1;2020-07-16;197
2020-07-15;"Prešovský kraj";5;0;0;0;NA;111551;5;2020-07-15;196
2020-07-14;"Prešovský kraj";5;0;0;0;NA;111551;5;2020-07-14;191
2020-07-13;"Prešovský kraj";1;0;0;0;NA;111551;1;2020-07-13;186
2020-07-12;"Prešovský kraj";1;0;0;0;NA;111551;1;2020-07-12;185
2020-07-11;"Prešovský kraj";6;0;0;0;NA;111551;6;2020-07-11;184
2020-07-10;"Prešovský kraj";5;0;0;0;NA;111551;5;2020-07-10;178
2020-07-09;"Prešovský kraj";2;0;0;0;NA;111551;2;2020-07-09;173
2020-07-08;"Prešovský kraj";14;0;0;0;NA;111551;14;2020-07-08;171
2020-07-07;"Prešovský kraj";2;0;0;0;NA;111551;2;2020-07-07;157
2020-07-06;"Prešovský kraj";0;0;0;0;NA;111551;0;2020-07-06;155
2020-07-05;"Prešovský kraj";0;0;0;0;NA;111551;0;2020-07-05;155
2020-07-04;"Prešovský kraj";1;0;0;0;NA;111551;1;2020-07-04;155
2020-07-03;"Prešovský kraj";3;0;0;0;NA;111551;3;2020-07-03;154
2020-07-02;"Prešovský kraj";0;0;0;0;NA;111551;0;2020-07-02;151
2020-07-01;"Prešovský kraj";0;0;0;0;NA;111551;0;2020-07-01;151
2020-06-30;"Prešovský kraj";7;0;0;0;NA;111551;7;2020-06-30;151
2020-06-29;"Prešovský kraj";0;0;0;0;NA;111551;0;2020-06-29;144
2020-06-28;"Prešovský kraj";0;0;0;0;NA;111551;0;2020-06-28;144
2020-06-27;"Prešovský kraj";3;0;0;0;NA;111551;3;2020-06-27;144
2020-06-26;"Prešovský kraj";3;0;0;0;NA;111551;3;2020-06-26;141
2020-06-25;"Prešovský kraj";0;0;0;0;NA;111551;0;2020-06-25;138
2020-06-24;"Prešovský kraj";4;0;0;0;NA;111551;4;2020-06-24;138
2020-06-23;"Prešovský kraj";0;0;0;0;NA;111551;0;2020-06-23;134
2020-06-22;"Prešovský kraj";0;0;0;0;NA;111551;0;2020-06-22;134
2020-06-21;"Prešovský kraj";0;0;0;0;NA;111551;0;2020-06-21;134
2020-06-20;"Prešovský kraj";0;0;0;0;NA;111551;0;2020-06-20;134
2020-06-19;"Prešovský kraj";1;0;0;0;NA;111551;1;2020-06-19;134
2020-06-18;"Prešovský kraj";0;0;0;0;NA;111551;0;2020-06-18;133
2020-06-17;"Prešovský kraj";0;0;0;0;NA;111551;0;2020-06-17;133
2020-06-16;"Prešovský kraj";6;0;0;0;NA;111551;6;2020-06-16;133
2020-06-14;"Prešovský kraj";0;0;0;0;NA;111551;0;2020-06-14;127
2020-06-13;"Prešovský kraj";0;0;0;0;NA;111551;0;2020-06-13;127
2020-06-12;"Prešovský kraj";1;0;0;0;NA;111551;1;2020-06-12;127
2020-06-11;"Prešovský kraj";0;0;0;0;NA;111551;0;2020-06-11;126
2020-06-10;"Prešovský kraj";0;0;0;0;NA;111551;0;2020-06-10;126
2020-06-09;"Prešovský kraj";0;0;0;0;NA;111551;0;2020-06-09;126
2020-06-08;"Prešovský kraj";0;0;0;0;NA;111551;0;2020-06-08;126
2020-06-07;"Prešovský kraj";0;0;0;0;NA;111551;0;2020-06-07;126
2020-06-05;"Prešovský kraj";0;0;0;0;NA;111551;0;2020-06-05;126
2020-06-03;"Prešovský kraj";0;0;0;0;NA;111551;0;2020-06-03;126
2020-06-02;"Prešovský kraj";1;0;0;0;NA;111551;1;2020-06-02;126
2020-05-31;"Prešovský kraj";1;0;0;0;NA;111551;1;2020-05-31;125
2020-05-29;"Prešovský kraj";0;0;0;0;NA;111551;0;2020-05-29;124
2020-05-27;"Prešovský kraj";0;0;0;0;NA;111551;0;2020-05-27;124
2020-05-26;"Prešovský kraj";0;0;0;0;NA;111551;0;2020-05-26;124
2020-05-25;"Prešovský kraj";0;0;0;0;NA;111551;0;2020-05-25;124
2020-05-24;"Prešovský kraj";0;0;0;0;NA;111551;0;2020-05-24;124
2020-05-23;"Prešovský kraj";0;0;0;0;NA;111551;0;2020-05-23;124
2020-05-22;"Prešovský kraj";0;0;0;0;NA;111551;0;2020-05-22;124
2020-05-21;"Prešovský kraj";1;0;0;0;NA;111551;1;2020-05-21;124
2020-05-20;"Prešovský kraj";0;0;0;0;NA;111551;0;2020-05-20;123
2020-05-19;"Prešovský kraj";0;0;0;0;NA;111551;0;2020-05-19;123
2020-05-17;"Prešovský kraj";0;0;0;0;NA;111551;0;2020-05-17;123
2020-05-16;"Prešovský kraj";0;0;0;0;NA;111551;0;2020-05-16;123
2020-05-15;"Prešovský kraj";0;0;0;0;NA;111551;0;2020-05-15;123
2020-05-14;"Prešovský kraj";0;0;0;0;NA;111551;0;2020-05-14;123
2020-05-13;"Prešovský kraj";1;0;0;0;NA;111551;1;2020-05-13;123
2020-05-12;"Prešovský kraj";0;0;0;0;NA;111551;0;2020-05-12;122
2020-05-11;"Prešovský kraj";1;0;0;0;NA;111551;1;2020-05-11;122
2020-05-09;"Prešovský kraj";0;0;0;0;NA;111551;0;2020-05-09;121
2020-05-07;"Prešovský kraj";0;0;0;0;NA;111551;0;2020-05-07;121
2020-05-06;"Prešovský kraj";0;0;0;0;NA;111551;0;2020-05-06;121
2020-05-05;"Prešovský kraj";1;0;0;0;NA;111551;1;2020-05-05;121
2020-05-04;"Prešovský kraj";0;0;0;0;NA;111551;0;2020-05-04;120
2020-05-03;"Prešovský kraj";0;0;0;0;NA;111551;0;2020-05-03;120
2020-05-02;"Prešovský kraj";0;0;0;0;NA;111551;0;2020-05-02;120
2020-05-01;"Prešovský kraj";2;0;0;0;NA;111551;2;2020-05-01;120
2020-04-30;"Prešovský kraj";0;0;0;0;NA;111551;0;2020-04-30;118
2020-04-29;"Prešovský kraj";1;0;0;0;NA;111551;1;2020-04-29;118
2020-04-28;"Prešovský kraj";1;0;0;0;NA;111551;1;2020-04-28;117
2020-04-27;"Prešovský kraj";2;0;0;0;NA;111551;2;2020-04-27;116
2020-04-26;"Prešovský kraj";0;0;0;0;NA;111551;0;2020-04-26;114
2020-04-25;"Prešovský kraj";0;0;0;0;NA;111551;0;2020-04-25;114
2020-04-24;"Prešovský kraj";0;0;0;0;NA;111551;0;2020-04-24;114
2020-04-23;"Prešovský kraj";2;0;0;0;NA;111551;2;2020-04-23;114
2020-04-22;"Prešovský kraj";11;0;0;0;NA;111551;11;2020-04-22;112
2020-04-21;"Prešovský kraj";12;0;0;0;NA;111551;12;2020-04-21;101
2020-04-20;"Prešovský kraj";2;0;0;0;NA;111551;2;2020-04-20;89
2020-04-19;"Prešovský kraj";4;0;0;0;NA;111551;4;2020-04-19;87
2020-04-18;"Prešovský kraj";1;0;0;0;NA;111551;1;2020-04-18;83
2020-04-17;"Prešovský kraj";4;0;0;0;NA;111551;4;2020-04-17;82
2020-04-16;"Prešovský kraj";9;0;0;0;NA;111551;9;2020-04-16;78
2020-04-15;"Prešovský kraj";21;0;0;0;NA;111551;21;2020-04-15;69
2020-04-14;"Prešovský kraj";1;0;0;0;NA;111551;1;2020-04-14;48
2020-04-13;"Prešovský kraj";2;0;0;0;NA;111551;2;2020-04-13;47
2020-04-12;"Prešovský kraj";6;0;0;0;NA;111551;6;2020-04-12;45
2020-04-11;"Prešovský kraj";4;0;0;0;NA;111551;4;2020-04-11;39
2020-04-10;"Prešovský kraj";0;0;0;0;NA;111551;0;2020-04-10;35
2020-04-09;"Prešovský kraj";1;0;0;0;NA;111551;1;2020-04-09;35
2020-04-08;"Prešovský kraj";0;0;0;0;NA;111551;0;2020-04-08;34
2020-04-07;"Prešovský kraj";7;0;0;0;NA;111551;7;2020-04-07;34
2020-04-06;"Prešovský kraj";10;0;0;0;NA;111551;10;2020-04-06;27
2020-04-05;"Prešovský kraj";13;0;0;0;NA;111551;13;2020-04-05;17
2020-04-04;"Prešovský kraj";1;0;0;0;NA;111551;1;2020-04-04;4
2020-04-03;"Prešovský kraj";4;0;0;0;NA;111551;4;2020-04-03;3
2020-04-02;"Prešovský kraj";6;0;0;0;NA;111551;6;2020-04-02;-1
2020-04-01;"Prešovský kraj";6;0;0;0;NA;111551;6;2020-04-01;-7
2020-03-31;"Prešovský kraj";6;0;0;0;NA;111551;6;2020-03-31;-13
2020-03-30;"Prešovský kraj";2;0;0;0;NA;111551;2;2020-03-30;-19
2020-03-29;"Prešovský kraj";2;0;0;0;NA;111551;2;2020-03-29;-21
2020-03-28;"Prešovský kraj";2;0;0;0;NA;111551;2;2020-03-28;-23
2020-03-27;"Prešovský kraj";1;0;0;0;NA;111551;1;2020-03-27;-25
2020-03-26;"Prešovský kraj";8;0;0;0;NA;111551;8;2020-03-26;-26
2020-03-25;"Prešovský kraj";1;0;0;0;NA;111551;1;2020-03-25;-34
2020-03-24;"Prešovský kraj";4;0;0;0;NA;111551;4;2020-03-24;-35
2020-03-23;"Prešovský kraj";0;0;0;0;NA;111551;0;2020-03-23;-39
2020-03-22;"Prešovský kraj";1;0;0;0;NA;111551;1;2020-03-22;-39
2020-03-21;"Prešovský kraj";2;0;0;0;NA;111551;2;2020-03-21;-40
2020-03-20;"Prešovský kraj";3;0;0;0;NA;111551;3;2020-03-20;-42
2020-03-19;"Prešovský kraj";2;0;0;0;NA;111551;2;2020-03-19;-45
2020-03-18;"Prešovský kraj";1;0;0;0;NA;111551;1;2020-03-18;-47
2020-03-17;"Prešovský kraj";1;0;0;0;NA;111551;1;2020-03-17;-48
2020-03-16;"Prešovský kraj";4;0;0;0;NA;111551;4;2020-03-16;-49
2020-03-15;"Prešovský kraj";0;0;0;0;NA;111551;0;2020-03-15;-53
2020-03-14;"Prešovský kraj";1;0;0;0;NA;111551;1;2020-03-14;-53
2020-03-13;"Prešovský kraj";0;0;0;0;NA;111551;0;2020-03-13;-54
2020-03-12;"Prešovský kraj";0;0;0;0;NA;111551;0;2020-03-12;-54
2020-03-11;"Prešovský kraj";0;0;0;0;NA;111551;0;2020-03-11;-54
2020-03-09;"Prešovský kraj";0;0;0;0;NA;111551;0;2020-03-09;-54
2020-03-08;"Prešovský kraj";0;0;0;0;NA;111551;0;2020-03-08;-54
2020-03-07;"Prešovský kraj";0;0;0;0;NA;111551;0;2020-03-07;-54
2020-03-06;"Prešovský kraj";0;0;0;0;NA;111551;0;2020-03-06;-54
2021-05-09;"Trenčiansky kraj";52;13966;29;13995;52450;98973;81;2021-05-09;98973
2021-05-08;"Trenčiansky kraj";3;22706;32;22738;NA;98973;35;2021-05-08;98892
2021-05-07;"Trenčiansky kraj";45;21605;51;21656;NA;98973;96;2021-05-07;98857
2021-05-06;"Trenčiansky kraj";26;10061;42;10103;NA;98973;68;2021-05-06;98761
2021-05-05;"Trenčiansky kraj";73;9482;39;9521;NA;98973;112;2021-05-05;98693
2021-05-04;"Trenčiansky kraj";55;12065;52;12117;NA;98973;107;2021-05-04;98581
2021-05-03;"Trenčiansky kraj";60;14264;51;14315;NA;98973;111;2021-05-03;98474
2021-05-02;"Trenčiansky kraj";0;30207;65;30272;NA;98973;65;2021-05-02;98363
2021-05-01;"Trenčiansky kraj";71;56303;61;56364;NA;98973;132;2021-05-01;98298
2021-04-30;"Trenčiansky kraj";77;29601;62;29663;NA;98973;139;2021-04-30;98166
2021-04-29;"Trenčiansky kraj";49;12966;58;13024;NA;98973;107;2021-04-29;98027
2021-04-28;"Trenčiansky kraj";79;12536;52;12588;NA;98973;131;2021-04-28;97920
2021-04-27;"Trenčiansky kraj";107;15524;40;15564;NA;98973;147;2021-04-27;97789
2021-04-26;"Trenčiansky kraj";52;21472;66;21538;NA;98973;118;2021-04-26;97642
2021-04-25;"Trenčiansky kraj";0;34992;49;35041;NA;98973;49;2021-04-25;97524
2021-04-24;"Trenčiansky kraj";76;72312;97;72409;NA;98973;173;2021-04-24;97475
2021-04-23;"Trenčiansky kraj";143;29423;79;29502;NA;98973;222;2021-04-23;97302
2021-04-22;"Trenčiansky kraj";71;13847;64;13911;NA;98973;135;2021-04-22;97080
2021-04-21;"Trenčiansky kraj";79;12996;67;13063;NA;98973;146;2021-04-21;96945
2021-04-20;"Trenčiansky kraj";142;17652;80;17732;NA;98973;222;2021-04-20;96799
2021-04-19;"Trenčiansky kraj";102;22630;103;22733;NA;98973;205;2021-04-19;96577
2021-04-18;"Trenčiansky kraj";3;40879;97;40976;NA;98973;100;2021-04-18;96372
2021-04-17;"Trenčiansky kraj";77;81498;136;81634;NA;98973;213;2021-04-17;96272
2021-04-16;"Trenčiansky kraj";100;31408;90;31498;NA;98973;190;2021-04-16;96059
2021-04-15;"Trenčiansky kraj";71;14477;69;14546;NA;98973;140;2021-04-15;95869
2021-04-14;"Trenčiansky kraj";135;15550;72;15622;NA;98973;207;2021-04-14;95729
2021-04-13;"Trenčiansky kraj";189;18713;75;18788;NA;98973;264;2021-04-13;95522
2021-04-12;"Trenčiansky kraj";97;23743;91;23834;NA;98973;188;2021-04-12;95258
2021-04-11;"Trenčiansky kraj";1;34738;72;34810;NA;98973;73;2021-04-11;95070
2021-04-10;"Trenčiansky kraj";81;83093;145;83238;NA;98973;226;2021-04-10;94997
2021-04-09;"Trenčiansky kraj";120;28008;91;28099;NA;98973;211;2021-04-09;94771
2021-04-08;"Trenčiansky kraj";112;13282;85;13367;NA;98973;197;2021-04-08;94560
2021-04-07;"Trenčiansky kraj";204;17689;122;17811;NA;98973;326;2021-04-07;94363
2021-04-06;"Trenčiansky kraj";157;28532;178;28710;NA;98973;335;2021-04-06;94037
2021-04-05;"Trenčiansky kraj";15;9227;64;9291;NA;98973;79;2021-04-05;93702
2021-04-04;"Trenčiansky kraj";2;20291;85;20376;NA;98973;87;2021-04-04;93623
2021-04-03;"Trenčiansky kraj";86;80473;221;80694;NA;98973;307;2021-04-03;93536
2021-04-02;"Trenčiansky kraj";126;21620;81;21701;NA;98973;207;2021-04-02;93229
2021-04-01;"Trenčiansky kraj";159;32375;139;32514;NA;98973;298;2021-04-01;93022
2021-03-31;"Trenčiansky kraj";198;20100;130;20230;NA;98973;328;2021-03-31;92724
2021-03-30;"Trenčiansky kraj";272;17304;136;17440;NA;98973;408;2021-03-30;92396
2021-03-29;"Trenčiansky kraj";142;19478;170;19648;NA;98973;312;2021-03-29;91988
2021-03-28;"Trenčiansky kraj";3;34756;116;34872;NA;98973;119;2021-03-28;91676
2021-03-27;"Trenčiansky kraj";130;77314;293;77607;NA;98973;423;2021-03-27;91557
2021-03-26;"Trenčiansky kraj";211;35092;157;35249;NA;98973;368;2021-03-26;91134
2021-03-25;"Trenčiansky kraj";184;16579;176;16755;NA;98973;360;2021-03-25;90766
2021-03-24;"Trenčiansky kraj";259;13099;171;13270;NA;98973;430;2021-03-24;90406
2021-03-23;"Trenčiansky kraj";349;17588;174;17762;NA;98973;523;2021-03-23;89976
2021-03-22;"Trenčiansky kraj";141;21118;213;21331;NA;98973;354;2021-03-22;89453
2021-03-21;"Trenčiansky kraj";85;32709;164;32873;NA;98973;249;2021-03-21;89099
2021-03-20;"Trenčiansky kraj";128;80035;322;80357;NA;98973;450;2021-03-20;88850
2021-03-19;"Trenčiansky kraj";231;34784;232;35016;NA;98973;463;2021-03-19;88400
2021-03-18;"Trenčiansky kraj";262;16105;178;16283;NA;98973;440;2021-03-18;87937
2021-03-17;"Trenčiansky kraj";366;13436;163;13599;NA;98973;529;2021-03-17;87497
2021-03-16;"Trenčiansky kraj";450;15281;241;15522;NA;98973;691;2021-03-16;86968
2021-03-15;"Trenčiansky kraj";162;21235;261;21496;NA;98973;423;2021-03-15;86277
2021-03-14;"Trenčiansky kraj";42;33890;233;34123;NA;98973;275;2021-03-14;85854
2021-03-13;"Trenčiansky kraj";270;79187;453;79640;NA;98973;723;2021-03-13;85579
2021-03-12;"Trenčiansky kraj";366;34783;307;35090;NA;98973;673;2021-03-12;84856
2021-03-11;"Trenčiansky kraj";302;15557;213;15770;NA;98973;515;2021-03-11;84183
2021-03-10;"Trenčiansky kraj";402;13585;237;13822;NA;98973;639;2021-03-10;83668
2021-03-09;"Trenčiansky kraj";586;17982;285;18267;NA;98973;871;2021-03-09;83029
2021-03-08;"Trenčiansky kraj";174;21704;363;22067;NA;98973;537;2021-03-08;82158
2021-03-07;"Trenčiansky kraj";4;33991;318;34309;NA;98973;322;2021-03-07;81621
2021-03-06;"Trenčiansky kraj";260;79134;527;79661;NA;98973;787;2021-03-06;81299
2021-03-05;"Trenčiansky kraj";326;32946;416;33362;NA;98973;742;2021-03-05;80512
2021-03-04;"Trenčiansky kraj";323;16820;315;17135;NA;98973;638;2021-03-04;79770
2021-03-03;"Trenčiansky kraj";413;13953;346;14299;NA;98973;759;2021-03-03;79132
2021-03-02;"Trenčiansky kraj";612;17797;344;18141;NA;98973;956;2021-03-02;78373
2021-03-01;"Trenčiansky kraj";217;21127;445;21572;NA;98973;662;2021-03-01;77417
2021-02-28;"Trenčiansky kraj";45;30238;376;30614;NA;98973;421;2021-02-28;76755
2021-02-27;"Trenčiansky kraj";277;78732;686;79418;NA;98973;963;2021-02-27;76334
2021-02-26;"Trenčiansky kraj";420;32932;435;33367;NA;98973;855;2021-02-26;75371
2021-02-25;"Trenčiansky kraj";424;14029;328;14357;NA;98973;752;2021-02-25;74516
2021-02-24;"Trenčiansky kraj";427;12002;399;12401;NA;98973;826;2021-02-24;73764
2021-02-23;"Trenčiansky kraj";577;14904;390;15294;NA;98973;967;2021-02-23;72938
2021-02-22;"Trenčiansky kraj";160;19969;468;20437;NA;98973;628;2021-02-22;71971
2021-02-21;"Trenčiansky kraj";64;29478;392;29870;NA;98973;456;2021-02-21;71343
2021-02-20;"Trenčiansky kraj";274;77840;745;78585;NA;98973;1019;2021-02-20;70887
2021-02-19;"Trenčiansky kraj";272;30245;520;30765;NA;98973;792;2021-02-19;69868
2021-02-18;"Trenčiansky kraj";355;14378;410;14788;NA;98973;765;2021-02-18;69076
2021-02-17;"Trenčiansky kraj";363;11399;376;11775;NA;98973;739;2021-02-17;68311
2021-02-16;"Trenčiansky kraj";488;17761;406;18167;NA;98973;894;2021-02-16;67572
2021-02-15;"Trenčiansky kraj";151;21846;463;22309;NA;98973;614;2021-02-15;66678
2021-02-14;"Trenčiansky kraj";2;31255;324;31579;NA;98973;326;2021-02-14;66064
2021-02-13;"Trenčiansky kraj";274;63006;522;63528;NA;98973;796;2021-02-13;65738
2021-02-12;"Trenčiansky kraj";276;27966;412;28378;NA;98973;688;2021-02-12;64942
2021-02-11;"Trenčiansky kraj";291;11566;323;11889;NA;98973;614;2021-02-11;64254
2021-02-10;"Trenčiansky kraj";304;11402;317;11719;NA;98973;621;2021-02-10;63640
2021-02-09;"Trenčiansky kraj";514;18401;360;18761;NA;98973;874;2021-02-09;63019
2021-02-08;"Trenčiansky kraj";182;26972;430;27402;NA;98973;612;2021-02-08;62145
2021-02-07;"Trenčiansky kraj";31;36772;341;37113;NA;98973;372;2021-02-07;61533
2021-02-06;"Trenčiansky kraj";216;63931;560;64491;NA;98973;776;2021-02-06;61161
2021-02-05;"Trenčiansky kraj";202;18154;367;18521;NA;98973;569;2021-02-05;60385
2021-02-04;"Trenčiansky kraj";266;7013;279;7292;NA;98973;545;2021-02-04;59816
2021-02-03;"Trenčiansky kraj";162;6677;320;6997;NA;98973;482;2021-02-03;59271
2021-02-02;"Trenčiansky kraj";347;8058;380;8438;NA;98973;727;2021-02-02;58789
2021-02-01;"Trenčiansky kraj";167;8917;311;9228;NA;98973;478;2021-02-01;58062
2021-01-31;"Trenčiansky kraj";7;19103;159;19262;NA;98973;166;2021-01-31;57584
2021-01-30;"Trenčiansky kraj";228;38167;332;38499;NA;98973;560;2021-01-30;57418
2021-01-29;"Trenčiansky kraj";214;7586;235;7821;NA;98973;449;2021-01-29;56858
2021-01-28;"Trenčiansky kraj";307;5442;158;5600;NA;98973;465;2021-01-28;56409
2021-01-27;"Trenčiansky kraj";166;4842;181;5023;NA;98973;347;2021-01-27;55944
2021-01-26;"Trenčiansky kraj";303;14585;250;14835;NA;98973;553;2021-01-26;55597
2021-01-25;"Trenčiansky kraj";160;24302;207;24509;NA;98973;367;2021-01-25;55044
2021-01-24;"Trenčiansky kraj";51;38369;282;38651;NA;98973;333;2021-01-24;54677
2021-01-23;"Trenčiansky kraj";206;114125;749;114874;NA;98973;955;2021-01-23;54344
2021-01-22;"Trenčiansky kraj";148;21833;242;22075;NA;98973;390;2021-01-22;53389
2021-01-21;"Trenčiansky kraj";143;8582;166;8748;NA;98973;309;2021-01-21;52999
2021-01-20;"Trenčiansky kraj";181;8189;227;8416;NA;98973;408;2021-01-20;52690
2021-01-19;"Trenčiansky kraj";363;6618;262;6880;NA;98973;625;2021-01-19;52282
2021-01-18;"Trenčiansky kraj";72;4970;321;5291;NA;98973;393;2021-01-18;51657
2021-01-17;"Trenčiansky kraj";124;156;11;167;NA;98973;135;2021-01-17;51264
2021-01-16;"Trenčiansky kraj";39;1288;53;1341;NA;98973;92;2021-01-16;51129
2021-01-15;"Trenčiansky kraj";264;4029;218;4247;NA;98973;482;2021-01-15;51037
2021-01-14;"Trenčiansky kraj";275;3193;189;3382;NA;98973;464;2021-01-14;50555
2021-01-13;"Trenčiansky kraj";222;3893;215;4108;NA;98973;437;2021-01-13;50091
2021-01-12;"Trenčiansky kraj";508;4604;261;4865;NA;98973;769;2021-01-12;49654
2021-01-11;"Trenčiansky kraj";142;4367;354;4721;NA;98973;496;2021-01-11;48885
2021-01-10;"Trenčiansky kraj";89;4969;77;5046;NA;98973;166;2021-01-10;48389
2021-01-09;"Trenčiansky kraj";276;8280;128;8408;NA;98973;404;2021-01-09;48223
2021-01-08;"Trenčiansky kraj";489;6434;484;6918;NA;98973;973;2021-01-08;47819
2021-01-07;"Trenčiansky kraj";420;6138;577;6715;NA;98973;997;2021-01-07;46846
2021-01-06;"Trenčiansky kraj";221;1021;64;1085;NA;98973;285;2021-01-06;45849
2021-01-05;"Trenčiansky kraj";669;5753;706;6459;NA;98973;1375;2021-01-05;45564
2021-01-04;"Trenčiansky kraj";337;5248;782;6030;NA;98973;1119;2021-01-04;44189
2021-01-03;"Trenčiansky kraj";38;114;15;129;NA;98973;53;2021-01-03;43070
2021-01-02;"Trenčiansky kraj";129;196;23;219;NA;98973;152;2021-01-02;43017
2021-01-01;"Trenčiansky kraj";329;347;23;370;NA;98973;352;2021-01-01;42865
2020-12-31;"Trenčiansky kraj";597;4943;557;5500;NA;98973;1154;2020-12-31;42513
2020-12-30;"Trenčiansky kraj";836;7012;762;7774;NA;98973;1598;2020-12-30;41359
2020-12-29;"Trenčiansky kraj";459;6191;1018;7209;NA;98973;1477;2020-12-29;39761
2020-12-28;"Trenčiansky kraj";258;4195;777;4972;NA;98973;1035;2020-12-28;38284
2020-12-27;"Trenčiansky kraj";5;208;36;244;NA;98973;41;2020-12-27;37249
2020-12-26;"Trenčiansky kraj";174;74;10;84;NA;98973;184;2020-12-26;37208
2020-12-25;"Trenčiansky kraj";251;325;47;372;NA;98973;298;2020-12-25;37024
2020-12-24;"Trenčiansky kraj";552;2194;256;2450;NA;98973;808;2020-12-24;36726
2020-12-23;"Trenčiansky kraj";421;6552;661;7213;NA;98973;1082;2020-12-23;35918
2020-12-22;"Trenčiansky kraj";673;5760;694;6454;NA;98973;1367;2020-12-22;34836
2020-12-21;"Trenčiansky kraj";248;13321;956;14277;NA;98973;1204;2020-12-21;33469
2020-12-20;"Trenčiansky kraj";238;12504;292;12796;NA;98973;530;2020-12-20;32265
2020-12-19;"Trenčiansky kraj";341;1611;150;1761;NA;98973;491;2020-12-19;31735
2020-12-18;"Trenčiansky kraj";521;5199;615;5814;NA;98973;1136;2020-12-18;31244
2020-12-17;"Trenčiansky kraj";670;3843;524;4367;NA;98973;1194;2020-12-17;30108
2020-12-16;"Trenčiansky kraj";461;4464;647;5111;NA;98973;1108;2020-12-16;28914
2020-12-15;"Trenčiansky kraj";595;3805;670;4475;NA;98973;1265;2020-12-15;27806
2020-12-14;"Trenčiansky kraj";318;3194;613;3807;NA;98973;931;2020-12-14;26541
2020-12-13;"Trenčiansky kraj";77;49;6;55;NA;98973;83;2020-12-13;25610
2020-12-12;"Trenčiansky kraj";314;1191;132;1323;NA;98973;446;2020-12-12;25527
2020-12-11;"Trenčiansky kraj";751;4066;479;4545;NA;98973;1230;2020-12-11;25081
2020-12-10;"Trenčiansky kraj";271;3354;473;3827;NA;98973;744;2020-12-10;23851
2020-12-09;"Trenčiansky kraj";508;3788;466;4254;NA;98973;974;2020-12-09;23107
2020-12-08;"Trenčiansky kraj";546;3440;522;3962;NA;98973;1068;2020-12-08;22133
2020-12-07;"Trenčiansky kraj";258;3832;468;4300;NA;98973;726;2020-12-07;21065
2020-12-06;"Trenčiansky kraj";114;187;11;198;NA;98973;125;2020-12-06;20339
2020-12-05;"Trenčiansky kraj";223;616;56;672;NA;98973;279;2020-12-05;20214
2020-12-04;"Trenčiansky kraj";253;2989;273;3262;NA;98973;526;2020-12-04;19935
2020-12-03;"Trenčiansky kraj";503;1739;179;1918;NA;98973;682;2020-12-03;19409
2020-12-02;"Trenčiansky kraj";418;1887;232;2119;NA;98973;650;2020-12-02;18727
2020-12-01;"Trenčiansky kraj";321;5705;353;6058;NA;98973;674;2020-12-01;18077
2020-11-30;"Trenčiansky kraj";167;11514;520;12034;NA;98973;687;2020-11-30;17403
2020-11-29;"Trenčiansky kraj";29;30;5;35;NA;98973;34;2020-11-29;16716
2020-11-28;"Trenčiansky kraj";202;1051;93;1144;NA;98973;295;2020-11-28;16682
2020-11-27;"Trenčiansky kraj";330;1888;186;2074;NA;98973;516;2020-11-27;16387
2020-11-26;"Trenčiansky kraj";395;1252;122;1374;NA;98973;517;2020-11-26;15871
2020-11-25;"Trenčiansky kraj";322;1444;160;1604;NA;98973;482;2020-11-25;15354
2020-11-24;"Trenčiansky kraj";348;2553;308;2861;NA;98973;656;2020-11-24;14872
2020-11-23;"Trenčiansky kraj";159;1186;122;1308;NA;98973;281;2020-11-23;14216
2020-11-22;"Trenčiansky kraj";26;30;7;37;NA;98973;33;2020-11-22;13935
2020-11-21;"Trenčiansky kraj";255;1376;69;1445;NA;98973;324;2020-11-21;13902
2020-11-20;"Trenčiansky kraj";316;861;93;954;NA;98973;409;2020-11-20;13578
2020-11-19;"Trenčiansky kraj";316;740;113;853;NA;98973;429;2020-11-19;13169
2020-11-18;"Trenčiansky kraj";233;379;66;445;NA;98973;299;2020-11-18;12740
2020-11-17;"Trenčiansky kraj";222;106;15;121;NA;98973;237;2020-11-17;12441
2020-11-16;"Trenčiansky kraj";245;236;45;281;NA;98973;290;2020-11-16;12204
2020-11-15;"Trenčiansky kraj";109;29;6;35;NA;98973;115;2020-11-15;11914
2020-11-14;"Trenčiansky kraj";190;74;11;85;NA;98973;201;2020-11-14;11799
2020-11-13;"Trenčiansky kraj";308;131;13;144;NA;98973;321;2020-11-13;11598
2020-11-12;"Trenčiansky kraj";324;124;5;129;NA;98973;329;2020-11-12;11277
2020-11-11;"Trenčiansky kraj";366;113;10;123;NA;98973;376;2020-11-11;10948
2020-11-10;"Trenčiansky kraj";277;106;6;112;NA;98973;283;2020-11-10;10572
2020-11-09;"Trenčiansky kraj";115;1407;48;1455;NA;98973;163;2020-11-09;10289
2020-11-08;"Trenčiansky kraj";81;1271;8;1279;NA;98973;89;2020-11-08;10126
2020-11-07;"Trenčiansky kraj";319;3662;59;3721;NA;98973;378;2020-11-07;10037
2020-11-06;"Trenčiansky kraj";383;6893;84;6977;NA;98973;467;2020-11-06;9659
2020-11-05;"Trenčiansky kraj";399;98;15;113;NA;98973;414;2020-11-05;9192
2020-11-04;"Trenčiansky kraj";370;91;9;100;NA;98973;379;2020-11-04;8778
2020-11-03;"Trenčiansky kraj";575;97;8;105;NA;98973;583;2020-11-03;8399
2020-11-02;"Trenčiansky kraj";197;1833;68;1901;NA;98973;265;2020-11-02;7816
2020-11-01;"Trenčiansky kraj";257;808;24;832;NA;98973;281;2020-11-01;7551
2020-10-31;"Trenčiansky kraj";332;4719;82;4801;NA;98973;414;2020-10-31;7270
2020-10-30;"Trenčiansky kraj";299;5283;102;5385;NA;98973;401;2020-10-30;6856
2020-10-29;"Trenčiansky kraj";496;764;68;832;NA;98973;564;2020-10-29;6455
2020-10-28;"Trenčiansky kraj";269;192;33;225;NA;98973;302;2020-10-28;5891
2020-10-27;"Trenčiansky kraj";473;127;27;154;NA;98973;500;2020-10-27;5589
2020-10-26;"Trenčiansky kraj";177;107;36;143;NA;98973;213;2020-10-26;5089
2020-10-25;"Trenčiansky kraj";138;9;5;14;NA;98973;143;2020-10-25;4876
2020-10-24;"Trenčiansky kraj";395;128;6;134;NA;98973;401;2020-10-24;4733
2020-10-23;"Trenčiansky kraj";301;154;8;162;NA;98973;309;2020-10-23;4332
2020-10-22;"Trenčiansky kraj";273;82;12;94;NA;98973;285;2020-10-22;4023
2020-10-21;"Trenčiansky kraj";183;53;9;62;NA;98973;192;2020-10-21;3738
2020-10-20;"Trenčiansky kraj";212;47;6;53;NA;98973;218;2020-10-20;3546
2020-10-19;"Trenčiansky kraj";41;83;25;108;NA;98973;66;2020-10-19;3328
2020-10-18;"Trenčiansky kraj";104;0;0;0;NA;98973;104;2020-10-18;3262
2020-10-17;"Trenčiansky kraj";157;0;0;0;NA;98973;157;2020-10-17;3158
2020-10-16;"Trenčiansky kraj";225;42;6;48;NA;98973;231;2020-10-16;3001
2020-10-15;"Trenčiansky kraj";255;39;4;43;NA;98973;259;2020-10-15;2770
2020-10-14;"Trenčiansky kraj";162;42;7;49;NA;98973;169;2020-10-14;2511
2020-10-13;"Trenčiansky kraj";124;105;12;117;NA;98973;136;2020-10-13;2342
2020-10-12;"Trenčiansky kraj";55;0;0;0;NA;98973;55;2020-10-12;2206
2020-10-11;"Trenčiansky kraj";73;0;0;0;NA;98973;73;2020-10-11;2151
2020-10-10;"Trenčiansky kraj";180;0;0;0;NA;98973;180;2020-10-10;2078
2020-10-09;"Trenčiansky kraj";198;0;0;0;NA;98973;198;2020-10-09;1898
2020-10-08;"Trenčiansky kraj";115;0;0;0;NA;98973;115;2020-10-08;1700
2020-10-07;"Trenčiansky kraj";75;0;0;0;NA;98973;75;2020-10-07;1585
2020-10-06;"Trenčiansky kraj";72;0;0;0;NA;98973;72;2020-10-06;1510
2020-10-05;"Trenčiansky kraj";32;0;0;0;NA;98973;32;2020-10-05;1438
2020-10-04;"Trenčiansky kraj";37;0;0;0;NA;98973;37;2020-10-04;1406
2020-10-03;"Trenčiansky kraj";79;0;0;0;NA;98973;79;2020-10-03;1369
2020-10-02;"Trenčiansky kraj";69;0;0;0;NA;98973;69;2020-10-02;1290
2020-10-01;"Trenčiansky kraj";58;0;0;0;NA;98973;58;2020-10-01;1221
2020-09-30;"Trenčiansky kraj";76;0;0;0;NA;98973;76;2020-09-30;1163
2020-09-29;"Trenčiansky kraj";43;0;0;0;NA;98973;43;2020-09-29;1087
2020-09-28;"Trenčiansky kraj";7;0;0;0;NA;98973;7;2020-09-28;1044
2020-09-27;"Trenčiansky kraj";12;0;0;0;NA;98973;12;2020-09-27;1037
2020-09-26;"Trenčiansky kraj";37;0;0;0;NA;98973;37;2020-09-26;1025
2020-09-25;"Trenčiansky kraj";72;0;0;0;NA;98973;72;2020-09-25;988
2020-09-24;"Trenčiansky kraj";41;0;0;0;NA;98973;41;2020-09-24;916
2020-09-23;"Trenčiansky kraj";32;0;0;0;NA;98973;32;2020-09-23;875
2020-09-22;"Trenčiansky kraj";26;0;0;0;NA;98973;26;2020-09-22;843
2020-09-21;"Trenčiansky kraj";23;0;0;0;NA;98973;23;2020-09-21;817
2020-09-20;"Trenčiansky kraj";21;0;0;0;NA;98973;21;2020-09-20;794
2020-09-19;"Trenčiansky kraj";20;0;0;0;NA;98973;20;2020-09-19;773
2020-09-18;"Trenčiansky kraj";41;0;0;0;NA;98973;41;2020-09-18;753
2020-09-17;"Trenčiansky kraj";20;0;0;0;NA;98973;20;2020-09-17;712
2020-09-16;"Trenčiansky kraj";14;0;0;0;NA;98973;14;2020-09-16;692
2020-09-15;"Trenčiansky kraj";8;0;0;0;NA;98973;8;2020-09-15;678
2020-09-14;"Trenčiansky kraj";5;0;0;0;NA;98973;5;2020-09-14;670
2020-09-13;"Trenčiansky kraj";12;0;0;0;NA;98973;12;2020-09-13;665
2020-09-12;"Trenčiansky kraj";2;0;0;0;NA;98973;2;2020-09-12;653
2020-09-11;"Trenčiansky kraj";27;0;0;0;NA;98973;27;2020-09-11;651
2020-09-10;"Trenčiansky kraj";15;0;0;0;NA;98973;15;2020-09-10;624
2020-09-09;"Trenčiansky kraj";11;0;0;0;NA;98973;11;2020-09-09;609
2020-09-08;"Trenčiansky kraj";12;0;0;0;NA;98973;12;2020-09-08;598
2020-09-07;"Trenčiansky kraj";6;0;0;0;NA;98973;6;2020-09-07;586
2020-09-06;"Trenčiansky kraj";1;0;0;0;NA;98973;1;2020-09-06;580
2020-09-05;"Trenčiansky kraj";3;0;0;0;NA;98973;3;2020-09-05;579
2020-09-04;"Trenčiansky kraj";9;0;0;0;NA;98973;9;2020-09-04;576
2020-09-03;"Trenčiansky kraj";10;0;0;0;NA;98973;10;2020-09-03;567
2020-09-02;"Trenčiansky kraj";5;0;0;0;NA;98973;5;2020-09-02;557
2020-09-01;"Trenčiansky kraj";1;0;0;0;NA;98973;1;2020-09-01;552
2020-08-31;"Trenčiansky kraj";12;0;0;0;NA;98973;12;2020-08-31;551
2020-08-30;"Trenčiansky kraj";0;0;0;0;NA;98973;0;2020-08-30;539
2020-08-29;"Trenčiansky kraj";1;0;0;0;NA;98973;1;2020-08-29;539
2020-08-28;"Trenčiansky kraj";12;0;0;0;NA;98973;12;2020-08-28;538
2020-08-27;"Trenčiansky kraj";10;0;0;0;NA;98973;10;2020-08-27;526
2020-08-26;"Trenčiansky kraj";15;0;0;0;NA;98973;15;2020-08-26;516
2020-08-25;"Trenčiansky kraj";12;0;0;0;NA;98973;12;2020-08-25;501
2020-08-24;"Trenčiansky kraj";4;0;0;0;NA;98973;4;2020-08-24;489
2020-08-23;"Trenčiansky kraj";5;0;0;0;NA;98973;5;2020-08-23;485
2020-08-22;"Trenčiansky kraj";6;0;0;0;NA;98973;6;2020-08-22;480
2020-08-21;"Trenčiansky kraj";6;0;0;0;NA;98973;6;2020-08-21;474
2020-08-20;"Trenčiansky kraj";20;0;0;0;NA;98973;20;2020-08-20;468
2020-08-19;"Trenčiansky kraj";17;0;0;0;NA;98973;17;2020-08-19;448
2020-08-18;"Trenčiansky kraj";9;0;0;0;NA;98973;9;2020-08-18;431
2020-08-17;"Trenčiansky kraj";4;0;0;0;NA;98973;4;2020-08-17;422
2020-08-16;"Trenčiansky kraj";0;0;0;0;NA;98973;0;2020-08-16;418
2020-08-15;"Trenčiansky kraj";9;0;0;0;NA;98973;9;2020-08-15;418
2020-08-14;"Trenčiansky kraj";15;0;0;0;NA;98973;15;2020-08-14;409
2020-08-13;"Trenčiansky kraj";23;0;0;0;NA;98973;23;2020-08-13;394
2020-08-12;"Trenčiansky kraj";6;0;0;0;NA;98973;6;2020-08-12;371
2020-08-11;"Trenčiansky kraj";7;0;0;0;NA;98973;7;2020-08-11;365
2020-08-10;"Trenčiansky kraj";9;0;0;0;NA;98973;9;2020-08-10;358
2020-08-09;"Trenčiansky kraj";1;0;0;0;NA;98973;1;2020-08-09;349
2020-08-08;"Trenčiansky kraj";4;0;0;0;NA;98973;4;2020-08-08;348
2020-08-07;"Trenčiansky kraj";4;0;0;0;NA;98973;4;2020-08-07;344
2020-08-06;"Trenčiansky kraj";13;0;0;0;NA;98973;13;2020-08-06;340
2020-08-05;"Trenčiansky kraj";39;0;0;0;NA;98973;39;2020-08-05;327
2020-08-04;"Trenčiansky kraj";9;0;0;0;NA;98973;9;2020-08-04;288
2020-08-03;"Trenčiansky kraj";0;0;0;0;NA;98973;0;2020-08-03;279
2020-08-02;"Trenčiansky kraj";2;0;0;0;NA;98973;2;2020-08-02;279
2020-08-01;"Trenčiansky kraj";6;0;0;0;NA;98973;6;2020-08-01;277
2020-07-31;"Trenčiansky kraj";16;0;0;0;NA;98973;16;2020-07-31;271
2020-07-30;"Trenčiansky kraj";4;0;0;0;NA;98973;4;2020-07-30;255
2020-07-29;"Trenčiansky kraj";5;0;0;0;NA;98973;5;2020-07-29;251
2020-07-28;"Trenčiansky kraj";11;0;0;0;NA;98973;11;2020-07-28;246
2020-07-27;"Trenčiansky kraj";4;0;0;0;NA;98973;4;2020-07-27;235
2020-07-26;"Trenčiansky kraj";1;0;0;0;NA;98973;1;2020-07-26;231
2020-07-25;"Trenčiansky kraj";7;0;0;0;NA;98973;7;2020-07-25;230
2020-07-24;"Trenčiansky kraj";5;0;0;0;NA;98973;5;2020-07-24;223
2020-07-23;"Trenčiansky kraj";10;0;0;0;NA;98973;10;2020-07-23;218
2020-07-22;"Trenčiansky kraj";11;0;0;0;NA;98973;11;2020-07-22;208
2020-07-21;"Trenčiansky kraj";6;0;0;0;NA;98973;6;2020-07-21;197
2020-07-20;"Trenčiansky kraj";13;0;0;0;NA;98973;13;2020-07-20;191
2020-07-19;"Trenčiansky kraj";0;0;0;0;NA;98973;0;2020-07-19;178
2020-07-18;"Trenčiansky kraj";0;0;0;0;NA;98973;0;2020-07-18;178
2020-07-17;"Trenčiansky kraj";1;0;0;0;NA;98973;1;2020-07-17;178
2020-07-16;"Trenčiansky kraj";0;0;0;0;NA;98973;0;2020-07-16;177
2020-07-15;"Trenčiansky kraj";2;0;0;0;NA;98973;2;2020-07-15;177
2020-07-14;"Trenčiansky kraj";8;0;0;0;NA;98973;8;2020-07-14;175
2020-07-13;"Trenčiansky kraj";1;0;0;0;NA;98973;1;2020-07-13;167
2020-07-12;"Trenčiansky kraj";0;0;0;0;NA;98973;0;2020-07-12;166
2020-07-11;"Trenčiansky kraj";0;0;0;0;NA;98973;0;2020-07-11;166
2020-07-10;"Trenčiansky kraj";3;0;0;0;NA;98973;3;2020-07-10;166
2020-07-09;"Trenčiansky kraj";2;0;0;0;NA;98973;2;2020-07-09;163
2020-07-08;"Trenčiansky kraj";1;0;0;0;NA;98973;1;2020-07-08;161
2020-07-07;"Trenčiansky kraj";9;0;0;0;NA;98973;9;2020-07-07;160
2020-07-06;"Trenčiansky kraj";1;0;0;0;NA;98973;1;2020-07-06;151
2020-07-05;"Trenčiansky kraj";1;0;0;0;NA;98973;1;2020-07-05;150
2020-07-04;"Trenčiansky kraj";0;0;0;0;NA;98973;0;2020-07-04;149
2020-07-03;"Trenčiansky kraj";2;0;0;0;NA;98973;2;2020-07-03;149
2020-07-02;"Trenčiansky kraj";10;0;0;0;NA;98973;10;2020-07-02;147
2020-07-01;"Trenčiansky kraj";1;0;0;0;NA;98973;1;2020-07-01;137
2020-06-30;"Trenčiansky kraj";6;0;0;0;NA;98973;6;2020-06-30;136
2020-06-29;"Trenčiansky kraj";1;0;0;0;NA;98973;1;2020-06-29;130
2020-06-28;"Trenčiansky kraj";0;0;0;0;NA;98973;0;2020-06-28;129
2020-06-27;"Trenčiansky kraj";0;0;0;0;NA;98973;0;2020-06-27;129
2020-06-26;"Trenčiansky kraj";0;0;0;0;NA;98973;0;2020-06-26;129
2020-06-25;"Trenčiansky kraj";2;0;0;0;NA;98973;2;2020-06-25;129
2020-06-24;"Trenčiansky kraj";1;0;0;0;NA;98973;1;2020-06-24;127
2020-06-23;"Trenčiansky kraj";0;0;0;0;NA;98973;0;2020-06-23;126
2020-06-22;"Trenčiansky kraj";0;0;0;0;NA;98973;0;2020-06-22;126
2020-06-21;"Trenčiansky kraj";0;0;0;0;NA;98973;0;2020-06-21;126
2020-06-20;"Trenčiansky kraj";0;0;0;0;NA;98973;0;2020-06-20;126
2020-06-19;"Trenčiansky kraj";0;0;0;0;NA;98973;0;2020-06-19;126
2020-06-18;"Trenčiansky kraj";0;0;0;0;NA;98973;0;2020-06-18;126
2020-06-17;"Trenčiansky kraj";0;0;0;0;NA;98973;0;2020-06-17;126
2020-06-16;"Trenčiansky kraj";0;0;0;0;NA;98973;0;2020-06-16;126
2020-06-14;"Trenčiansky kraj";0;0;0;0;NA;98973;0;2020-06-14;126
2020-06-13;"Trenčiansky kraj";0;0;0;0;NA;98973;0;2020-06-13;126
2020-06-12;"Trenčiansky kraj";0;0;0;0;NA;98973;0;2020-06-12;126
2020-06-11;"Trenčiansky kraj";0;0;0;0;NA;98973;0;2020-06-11;126
2020-06-10;"Trenčiansky kraj";1;0;0;0;NA;98973;1;2020-06-10;126
2020-06-09;"Trenčiansky kraj";0;0;0;0;NA;98973;0;2020-06-09;125
2020-06-08;"Trenčiansky kraj";0;0;0;0;NA;98973;0;2020-06-08;125
2020-06-07;"Trenčiansky kraj";0;0;0;0;NA;98973;0;2020-06-07;125
2020-06-05;"Trenčiansky kraj";0;0;0;0;NA;98973;0;2020-06-05;125
2020-06-03;"Trenčiansky kraj";0;0;0;0;NA;98973;0;2020-06-03;125
2020-06-02;"Trenčiansky kraj";0;0;0;0;NA;98973;0;2020-06-02;125
2020-05-31;"Trenčiansky kraj";0;0;0;0;NA;98973;0;2020-05-31;125
2020-05-29;"Trenčiansky kraj";0;0;0;0;NA;98973;0;2020-05-29;125
2020-05-27;"Trenčiansky kraj";2;0;0;0;NA;98973;2;2020-05-27;125
2020-05-26;"Trenčiansky kraj";0;0;0;0;NA;98973;0;2020-05-26;123
2020-05-25;"Trenčiansky kraj";0;0;0;0;NA;98973;0;2020-05-25;123
2020-05-24;"Trenčiansky kraj";0;0;0;0;NA;98973;0;2020-05-24;123
2020-05-23;"Trenčiansky kraj";0;0;0;0;NA;98973;0;2020-05-23;123
2020-05-22;"Trenčiansky kraj";0;0;0;0;NA;98973;0;2020-05-22;123
2020-05-21;"Trenčiansky kraj";0;0;0;0;NA;98973;0;2020-05-21;123
2020-05-20;"Trenčiansky kraj";0;0;0;0;NA;98973;0;2020-05-20;123
2020-05-19;"Trenčiansky kraj";0;0;0;0;NA;98973;0;2020-05-19;123
2020-05-17;"Trenčiansky kraj";0;0;0;0;NA;98973;0;2020-05-17;123
2020-05-16;"Trenčiansky kraj";0;0;0;0;NA;98973;0;2020-05-16;123
2020-05-15;"Trenčiansky kraj";1;0;0;0;NA;98973;1;2020-05-15;123
2020-05-14;"Trenčiansky kraj";2;0;0;0;NA;98973;2;2020-05-14;122
2020-05-13;"Trenčiansky kraj";1;0;0;0;NA;98973;1;2020-05-13;120
2020-05-12;"Trenčiansky kraj";1;0;0;0;NA;98973;1;2020-05-12;119
2020-05-11;"Trenčiansky kraj";3;0;0;0;NA;98973;3;2020-05-11;118
2020-05-09;"Trenčiansky kraj";2;0;0;0;NA;98973;2;2020-05-09;115
2020-05-07;"Trenčiansky kraj";6;0;0;0;NA;98973;6;2020-05-07;113
2020-05-06;"Trenčiansky kraj";0;0;0;0;NA;98973;0;2020-05-06;107
2020-05-05;"Trenčiansky kraj";2;0;0;0;NA;98973;2;2020-05-05;107
2020-05-04;"Trenčiansky kraj";0;0;0;0;NA;98973;0;2020-05-04;105
2020-05-03;"Trenčiansky kraj";0;0;0;0;NA;98973;0;2020-05-03;105
2020-05-02;"Trenčiansky kraj";0;0;0;0;NA;98973;0;2020-05-02;105
2020-05-01;"Trenčiansky kraj";0;0;0;0;NA;98973;0;2020-05-01;105
2020-04-30;"Trenčiansky kraj";0;0;0;0;NA;98973;0;2020-04-30;105
2020-04-29;"Trenčiansky kraj";2;0;0;0;NA;98973;2;2020-04-29;105
2020-04-28;"Trenčiansky kraj";1;0;0;0;NA;98973;1;2020-04-28;103
2020-04-27;"Trenčiansky kraj";0;0;0;0;NA;98973;0;2020-04-27;102
2020-04-26;"Trenčiansky kraj";1;0;0;0;NA;98973;1;2020-04-26;102
2020-04-25;"Trenčiansky kraj";0;0;0;0;NA;98973;0;2020-04-25;101
2020-04-24;"Trenčiansky kraj";0;0;0;0;NA;98973;0;2020-04-24;101
2020-04-23;"Trenčiansky kraj";11;0;0;0;NA;98973;11;2020-04-23;101
2020-04-22;"Trenčiansky kraj";1;0;0;0;NA;98973;1;2020-04-22;90
2020-04-21;"Trenčiansky kraj";11;0;0;0;NA;98973;11;2020-04-21;89
2020-04-20;"Trenčiansky kraj";15;0;0;0;NA;98973;15;2020-04-20;78
2020-04-19;"Trenčiansky kraj";2;0;0;0;NA;98973;2;2020-04-19;63
2020-04-18;"Trenčiansky kraj";3;0;0;0;NA;98973;3;2020-04-18;61
2020-04-17;"Trenčiansky kraj";4;0;0;0;NA;98973;4;2020-04-17;58
2020-04-16;"Trenčiansky kraj";10;0;0;0;NA;98973;10;2020-04-16;54
2020-04-15;"Trenčiansky kraj";4;0;0;0;NA;98973;4;2020-04-15;44
2020-04-14;"Trenčiansky kraj";0;0;0;0;NA;98973;0;2020-04-14;40
2020-04-13;"Trenčiansky kraj";1;0;0;0;NA;98973;1;2020-04-13;40
2020-04-12;"Trenčiansky kraj";2;0;0;0;NA;98973;2;2020-04-12;39
2020-04-11;"Trenčiansky kraj";3;0;0;0;NA;98973;3;2020-04-11;37
2020-04-10;"Trenčiansky kraj";0;0;0;0;NA;98973;0;2020-04-10;34
2020-04-09;"Trenčiansky kraj";0;0;0;0;NA;98973;0;2020-04-09;34
2020-04-08;"Trenčiansky kraj";2;0;0;0;NA;98973;2;2020-04-08;34
2020-04-07;"Trenčiansky kraj";18;0;0;0;NA;98973;18;2020-04-07;32
2020-04-06;"Trenčiansky kraj";0;0;0;0;NA;98973;0;2020-04-06;14
2020-04-05;"Trenčiansky kraj";3;0;0;0;NA;98973;3;2020-04-05;14
2020-04-04;"Trenčiansky kraj";5;0;0;0;NA;98973;5;2020-04-04;11
2020-04-03;"Trenčiansky kraj";4;0;0;0;NA;98973;4;2020-04-03;6
2020-04-02;"Trenčiansky kraj";1;0;0;0;NA;98973;1;2020-04-02;2
2020-04-01;"Trenčiansky kraj";3;0;0;0;NA;98973;3;2020-04-01;1
2020-03-31;"Trenčiansky kraj";1;0;0;0;NA;98973;1;2020-03-31;-2
2020-03-30;"Trenčiansky kraj";3;0;0;0;NA;98973;3;2020-03-30;-3
2020-03-29;"Trenčiansky kraj";6;0;0;0;NA;98973;6;2020-03-29;-6
2020-03-28;"Trenčiansky kraj";9;0;0;0;NA;98973;9;2020-03-28;-12
2020-03-27;"Trenčiansky kraj";2;0;0;0;NA;98973;2;2020-03-27;-21
2020-03-26;"Trenčiansky kraj";6;0;0;0;NA;98973;6;2020-03-26;-23
2020-03-25;"Trenčiansky kraj";3;0;0;0;NA;98973;3;2020-03-25;-29
2020-03-24;"Trenčiansky kraj";1;0;0;0;NA;98973;1;2020-03-24;-32
2020-03-23;"Trenčiansky kraj";0;0;0;0;NA;98973;0;2020-03-23;-33
2020-03-22;"Trenčiansky kraj";0;0;0;0;NA;98973;0;2020-03-22;-33
2020-03-21;"Trenčiansky kraj";2;0;0;0;NA;98973;2;2020-03-21;-33
2020-03-20;"Trenčiansky kraj";2;0;0;0;NA;98973;2;2020-03-20;-35
2020-03-19;"Trenčiansky kraj";8;0;0;0;NA;98973;8;2020-03-19;-37
2020-03-18;"Trenčiansky kraj";0;0;0;0;NA;98973;0;2020-03-18;-45
2020-03-17;"Trenčiansky kraj";0;0;0;0;NA;98973;0;2020-03-17;-45
2020-03-16;"Trenčiansky kraj";1;0;0;0;NA;98973;1;2020-03-16;-45
2020-03-15;"Trenčiansky kraj";5;0;0;0;NA;98973;5;2020-03-15;-46
2020-03-14;"Trenčiansky kraj";0;0;0;0;NA;98973;0;2020-03-14;-51
2020-03-13;"Trenčiansky kraj";0;0;0;0;NA;98973;0;2020-03-13;-51
2020-03-12;"Trenčiansky kraj";1;0;0;0;NA;98973;1;2020-03-12;-51
2020-03-11;"Trenčiansky kraj";0;0;0;0;NA;98973;0;2020-03-11;-52
2020-03-09;"Trenčiansky kraj";0;0;0;0;NA;98973;0;2020-03-09;-52
2020-03-08;"Trenčiansky kraj";0;0;0;0;NA;98973;0;2020-03-08;-52
2020-03-07;"Trenčiansky kraj";0;0;0;0;NA;98973;0;2020-03-07;-52
2020-03-06;"Trenčiansky kraj";0;0;0;0;NA;98973;0;2020-03-06;-52
2021-05-09;"Trnavský kraj";21;11014;10;11024;45161;89053;31;2021-05-09;89053
2021-05-08;"Trnavský kraj";4;17778;19;17797;NA;89053;23;2021-05-08;89022
2021-05-07;"Trnavský kraj";26;14257;26;14283;NA;89053;52;2021-05-07;88999
2021-05-06;"Trnavský kraj";22;8378;17;8395;NA;89053;39;2021-05-06;88947
2021-05-05;"Trnavský kraj";34;6218;22;6240;NA;89053;56;2021-05-05;88908
2021-05-04;"Trnavský kraj";51;8539;17;8556;NA;89053;68;2021-05-04;88852
2021-05-03;"Trnavský kraj";20;9439;22;9461;NA;89053;42;2021-05-03;88784
2021-05-02;"Trnavský kraj";0;24874;29;24903;NA;89053;29;2021-05-02;88742
2021-05-01;"Trnavský kraj";30;80256;63;80319;NA;89053;93;2021-05-01;88713
2021-04-30;"Trnavský kraj";45;26502;35;26537;NA;89053;80;2021-04-30;88620
2021-04-29;"Trnavský kraj";25;20151;27;20178;NA;89053;52;2021-04-29;88540
2021-04-28;"Trnavský kraj";46;8952;28;8980;NA;89053;74;2021-04-28;88488
2021-04-27;"Trnavský kraj";54;8574;33;8607;NA;89053;87;2021-04-27;88414
2021-04-26;"Trnavský kraj";53;15859;42;15901;NA;89053;95;2021-04-26;88327
2021-04-25;"Trnavský kraj";0;29711;24;29735;NA;89053;24;2021-04-25;88232
2021-04-24;"Trnavský kraj";46;124180;81;124261;NA;89053;127;2021-04-24;88208
2021-04-23;"Trnavský kraj";71;25289;52;25341;NA;89053;123;2021-04-23;88081
2021-04-22;"Trnavský kraj";40;10741;25;10766;NA;89053;65;2021-04-22;87958
2021-04-21;"Trnavský kraj";60;10553;45;10598;NA;89053;105;2021-04-21;87893
2021-04-20;"Trnavský kraj";57;13322;27;13349;NA;89053;84;2021-04-20;87788
2021-04-19;"Trnavský kraj";46;14320;18;14338;NA;89053;64;2021-04-19;87704
2021-04-18;"Trnavský kraj";7;40399;43;40442;NA;89053;50;2021-04-18;87640
2021-04-17;"Trnavský kraj";58;117519;89;117608;NA;89053;147;2021-04-17;87590
2021-04-16;"Trnavský kraj";67;25642;48;25690;NA;89053;115;2021-04-16;87443
2021-04-15;"Trnavský kraj";65;11211;36;11247;NA;89053;101;2021-04-15;87328
2021-04-14;"Trnavský kraj";78;18232;53;18285;NA;89053;131;2021-04-14;87227
2021-04-13;"Trnavský kraj";126;9689;44;9733;NA;89053;170;2021-04-13;87096
2021-04-12;"Trnavský kraj";40;15313;39;15352;NA;89053;79;2021-04-12;86926
2021-04-11;"Trnavský kraj";3;44034;43;44077;NA;89053;46;2021-04-11;86847
2021-04-10;"Trnavský kraj";60;123919;107;124026;NA;89053;167;2021-04-10;86801
2021-04-09;"Trnavský kraj";95;26196;34;26230;NA;89053;129;2021-04-09;86634
2021-04-08;"Trnavský kraj";85;11004;50;11054;NA;89053;135;2021-04-08;86505
2021-04-07;"Trnavský kraj";131;15924;79;16003;NA;89053;210;2021-04-07;86370
2021-04-06;"Trnavský kraj";92;20691;89;20780;NA;89053;181;2021-04-06;86160
2021-04-05;"Trnavský kraj";91;7502;17;7519;NA;89053;108;2021-04-05;85979
2021-04-04;"Trnavský kraj";9;28588;49;28637;NA;89053;58;2021-04-04;85871
2021-04-03;"Trnavský kraj";29;144073;189;144262;NA;89053;218;2021-04-03;85813
2021-04-02;"Trnavský kraj";91;17664;33;17697;NA;89053;124;2021-04-02;85595
2021-04-01;"Trnavský kraj";118;22156;70;22226;NA;89053;188;2021-04-01;85471
2021-03-31;"Trnavský kraj";140;15819;82;15901;NA;89053;222;2021-03-31;85283
2021-03-30;"Trnavský kraj";182;10482;79;10561;NA;89053;261;2021-03-30;85061
2021-03-29;"Trnavský kraj";126;19249;122;19371;NA;89053;248;2021-03-29;84800
2021-03-28;"Trnavský kraj";26;50792;134;50926;NA;89053;160;2021-03-28;84552
2021-03-27;"Trnavský kraj";64;129557;245;129802;NA;89053;309;2021-03-27;84392
2021-03-26;"Trnavský kraj";139;30217;130;30347;NA;89053;269;2021-03-26;84083
2021-03-25;"Trnavský kraj";135;14212;80;14292;NA;89053;215;2021-03-25;83814
2021-03-24;"Trnavský kraj";159;10521;89;10610;NA;89053;248;2021-03-24;83599
2021-03-23;"Trnavský kraj";221;12735;104;12839;NA;89053;325;2021-03-23;83351
2021-03-22;"Trnavský kraj";103;17068;110;17178;NA;89053;213;2021-03-22;83026
2021-03-21;"Trnavský kraj";31;49119;150;49269;NA;89053;181;2021-03-21;82813
2021-03-20;"Trnavský kraj";112;136522;317;136839;NA;89053;429;2021-03-20;82632
2021-03-19;"Trnavský kraj";174;29071;137;29208;NA;89053;311;2021-03-19;82203
2021-03-18;"Trnavský kraj";158;12217;136;12353;NA;89053;294;2021-03-18;81892
2021-03-17;"Trnavský kraj";245;10434;103;10537;NA;89053;348;2021-03-17;81598
2021-03-16;"Trnavský kraj";311;12811;135;12946;NA;89053;446;2021-03-16;81250
2021-03-15;"Trnavský kraj";127;18678;146;18824;NA;89053;273;2021-03-15;80804
2021-03-14;"Trnavský kraj";14;47608;164;47772;NA;89053;178;2021-03-14;80531
2021-03-13;"Trnavský kraj";155;139190;409;139599;NA;89053;564;2021-03-13;80353
2021-03-12;"Trnavský kraj";201;28559;181;28740;NA;89053;382;2021-03-12;79789
2021-03-11;"Trnavský kraj";204;13285;140;13425;NA;89053;344;2021-03-11;79407
2021-03-10;"Trnavský kraj";242;10583;135;10718;NA;89053;377;2021-03-10;79063
2021-03-09;"Trnavský kraj";442;12820;155;12975;NA;89053;597;2021-03-09;78686
2021-03-08;"Trnavský kraj";182;21825;166;21991;NA;89053;348;2021-03-08;78089
2021-03-07;"Trnavský kraj";30;45463;227;45690;NA;89053;257;2021-03-07;77741
2021-03-06;"Trnavský kraj";154;135630;531;136161;NA;89053;685;2021-03-06;77484
2021-03-05;"Trnavský kraj";299;28620;243;28863;NA;89053;542;2021-03-05;76799
2021-03-04;"Trnavský kraj";238;14489;175;14664;NA;89053;413;2021-03-04;76257
2021-03-03;"Trnavský kraj";413;11566;246;11812;NA;89053;659;2021-03-03;75844
2021-03-02;"Trnavský kraj";477;12347;191;12538;NA;89053;668;2021-03-02;75185
2021-03-01;"Trnavský kraj";189;18587;234;18821;NA;89053;423;2021-03-01;74517
2021-02-28;"Trnavský kraj";87;47709;321;48030;NA;89053;408;2021-02-28;74094
2021-02-27;"Trnavský kraj";264;140725;804;141529;NA;89053;1068;2021-02-27;73686
2021-02-26;"Trnavský kraj";362;26815;286;27101;NA;89053;648;2021-02-26;72618
2021-02-25;"Trnavský kraj";433;10490;227;10717;NA;89053;660;2021-02-25;71970
2021-02-24;"Trnavský kraj";407;9110;290;9400;NA;89053;697;2021-02-24;71310
2021-02-23;"Trnavský kraj";469;11322;284;11606;NA;89053;753;2021-02-23;70613
2021-02-22;"Trnavský kraj";206;19896;330;20226;NA;89053;536;2021-02-22;69860
2021-02-21;"Trnavský kraj";38;48221;329;48550;NA;89053;367;2021-02-21;69324
2021-02-20;"Trnavský kraj";273;135825;859;136684;NA;89053;1132;2021-02-20;68957
2021-02-19;"Trnavský kraj";335;26982;347;27329;NA;89053;682;2021-02-19;67825
2021-02-18;"Trnavský kraj";344;11263;348;11611;NA;89053;692;2021-02-18;67143
2021-02-17;"Trnavský kraj";431;8781;416;9197;NA;89053;847;2021-02-17;66451
2021-02-16;"Trnavský kraj";426;11413;295;11708;NA;89053;721;2021-02-16;65604
2021-02-15;"Trnavský kraj";146;18075;291;18366;NA;89053;437;2021-02-15;64883
2021-02-14;"Trnavský kraj";51;57642;495;58137;NA;89053;546;2021-02-14;64446
2021-02-13;"Trnavský kraj";218;137051;994;138045;NA;89053;1212;2021-02-13;63900
2021-02-12;"Trnavský kraj";300;23682;336;24018;NA;89053;636;2021-02-12;62688
2021-02-11;"Trnavský kraj";422;9901;360;10261;NA;89053;782;2021-02-11;62052
2021-02-10;"Trnavský kraj";511;9334;344;9678;NA;89053;855;2021-02-10;61270
2021-02-09;"Trnavský kraj";544;12752;369;13121;NA;89053;913;2021-02-09;60415
2021-02-08;"Trnavský kraj";220;33539;498;34037;NA;89053;718;2021-02-08;59502
2021-02-07;"Trnavský kraj";140;68646;623;69269;NA;89053;763;2021-02-07;58784
2021-02-06;"Trnavský kraj";348;112687;1482;114169;NA;89053;1830;2021-02-06;58021
2021-02-05;"Trnavský kraj";377;16063;373;16436;NA;89053;750;2021-02-05;56191
2021-02-04;"Trnavský kraj";456;7317;456;7773;NA;89053;912;2021-02-04;55441
2021-02-03;"Trnavský kraj";472;6584;434;7018;NA;89053;906;2021-02-03;54529
2021-02-02;"Trnavský kraj";446;14240;424;14664;NA;89053;870;2021-02-02;53623
2021-02-01;"Trnavský kraj";198;38882;679;39561;NA;89053;877;2021-02-01;52753
2021-01-31;"Trnavský kraj";19;64671;817;65488;NA;89053;836;2021-01-31;51876
2021-01-30;"Trnavský kraj";323;111483;1288;112771;NA;89053;1611;2021-01-30;51040
2021-01-29;"Trnavský kraj";421;9690;290;9980;NA;89053;711;2021-01-29;49429
2021-01-28;"Trnavský kraj";389;5815;286;6101;NA;89053;675;2021-01-28;48718
2021-01-27;"Trnavský kraj";433;5300;219;5519;NA;89053;652;2021-01-27;48043
2021-01-26;"Trnavský kraj";565;25392;636;26028;NA;89053;1201;2021-01-26;47391
2021-01-25;"Trnavský kraj";210;41420;607;42027;NA;89053;817;2021-01-25;46190
2021-01-24;"Trnavský kraj";91;66399;779;67178;NA;89053;870;2021-01-24;45373
2021-01-23;"Trnavský kraj";372;117933;1349;119282;NA;89053;1721;2021-01-23;44503
2021-01-22;"Trnavský kraj";217;33122;507;33629;NA;89053;724;2021-01-22;42782
2021-01-21;"Trnavský kraj";311;13922;378;14300;NA;89053;689;2021-01-21;42058
2021-01-20;"Trnavský kraj";503;8118;274;8392;NA;89053;777;2021-01-20;41369
2021-01-19;"Trnavský kraj";415;7013;347;7360;NA;89053;762;2021-01-19;40592
2021-01-18;"Trnavský kraj";247;6234;484;6718;NA;89053;731;2021-01-18;39830
2021-01-17;"Trnavský kraj";128;854;215;1069;NA;89053;343;2021-01-17;39099
2021-01-16;"Trnavský kraj";103;898;24;922;NA;89053;127;2021-01-16;38756
2021-01-15;"Trnavský kraj";278;5457;335;5792;NA;89053;613;2021-01-15;38629
2021-01-14;"Trnavský kraj";452;4001;338;4339;NA;89053;790;2021-01-14;38016
2021-01-13;"Trnavský kraj";457;4751;378;5129;NA;89053;835;2021-01-13;37226
2021-01-12;"Trnavský kraj";469;7175;483;7658;NA;89053;952;2021-01-12;36391
2021-01-11;"Trnavský kraj";370;5012;392;5404;NA;89053;762;2021-01-11;35439
2021-01-10;"Trnavský kraj";71;13;0;13;NA;89053;71;2021-01-10;34677
2021-01-09;"Trnavský kraj";417;1775;100;1875;NA;89053;517;2021-01-09;34606
2021-01-08;"Trnavský kraj";381;6554;532;7086;NA;89053;913;2021-01-08;34089
2021-01-07;"Trnavský kraj";501;4080;390;4470;NA;89053;891;2021-01-07;33176
2021-01-06;"Trnavský kraj";179;758;132;890;NA;89053;311;2021-01-06;32285
2021-01-05;"Trnavský kraj";611;5925;636;6561;NA;89053;1247;2021-01-05;31974
2021-01-04;"Trnavský kraj";302;5239;689;5928;NA;89053;991;2021-01-04;30727
2021-01-03;"Trnavský kraj";60;53;7;60;NA;89053;67;2021-01-03;29736
2021-01-02;"Trnavský kraj";282;417;32;449;NA;89053;314;2021-01-02;29669
2021-01-01;"Trnavský kraj";143;455;76;531;NA;89053;219;2021-01-01;29355
2020-12-31;"Trnavský kraj";498;8488;858;9346;NA;89053;1356;2020-12-31;29136
2020-12-30;"Trnavský kraj";785;5318;612;5930;NA;89053;1397;2020-12-30;27780
2020-12-29;"Trnavský kraj";322;5364;639;6003;NA;89053;961;2020-12-29;26383
2020-12-28;"Trnavský kraj";213;5334;615;5949;NA;89053;828;2020-12-28;25422
2020-12-27;"Trnavský kraj";27;20;4;24;NA;89053;31;2020-12-27;24594
2020-12-26;"Trnavský kraj";148;44;1;45;NA;89053;149;2020-12-26;24563
2020-12-25;"Trnavský kraj";65;49;5;54;NA;89053;70;2020-12-25;24414
2020-12-24;"Trnavský kraj";333;1359;117;1476;NA;89053;450;2020-12-24;24344
2020-12-23;"Trnavský kraj";210;7259;414;7673;NA;89053;624;2020-12-23;23894
2020-12-22;"Trnavský kraj";311;5590;491;6081;NA;89053;802;2020-12-22;23270
2020-12-21;"Trnavský kraj";328;4527;399;4926;NA;89053;727;2020-12-21;22468
2020-12-20;"Trnavský kraj";134;133;12;145;NA;89053;146;2020-12-20;21741
2020-12-19;"Trnavský kraj";201;1407;103;1510;NA;89053;304;2020-12-19;21595
2020-12-18;"Trnavský kraj";341;4898;378;5276;NA;89053;719;2020-12-18;21291
2020-12-17;"Trnavský kraj";375;5271;443;5714;NA;89053;818;2020-12-17;20572
2020-12-16;"Trnavský kraj";312;5249;405;5654;NA;89053;717;2020-12-16;19754
2020-12-15;"Trnavský kraj";492;6623;632;7255;NA;89053;1124;2020-12-15;19037
2020-12-14;"Trnavský kraj";161;3505;292;3797;NA;89053;453;2020-12-14;17913
2020-12-13;"Trnavský kraj";7;7;0;7;NA;89053;7;2020-12-13;17460
2020-12-12;"Trnavský kraj";254;1456;114;1570;NA;89053;368;2020-12-12;17453
2020-12-11;"Trnavský kraj";384;4683;262;4945;NA;89053;646;2020-12-11;17085
2020-12-10;"Trnavský kraj";183;5194;320;5514;NA;89053;503;2020-12-10;16439
2020-12-09;"Trnavský kraj";521;4283;321;4604;NA;89053;842;2020-12-09;15936
2020-12-08;"Trnavský kraj";281;4090;304;4394;NA;89053;585;2020-12-08;15094
2020-12-07;"Trnavský kraj";178;2895;199;3094;NA;89053;377;2020-12-07;14509
2020-12-06;"Trnavský kraj";46;0;0;0;NA;89053;46;2020-12-06;14132
2020-12-05;"Trnavský kraj";129;2218;41;2259;NA;89053;170;2020-12-05;14086
2020-12-04;"Trnavský kraj";242;3948;158;4106;NA;89053;400;2020-12-04;13916
2020-12-03;"Trnavský kraj";248;2770;190;2960;NA;89053;438;2020-12-03;13516
2020-12-02;"Trnavský kraj";284;4516;176;4692;NA;89053;460;2020-12-02;13078
2020-12-01;"Trnavský kraj";253;3190;205;3395;NA;89053;458;2020-12-01;12618
2020-11-30;"Trnavský kraj";200;7360;186;7546;NA;89053;386;2020-11-30;12160
2020-11-29;"Trnavský kraj";17;738;36;774;NA;89053;53;2020-11-29;11774
2020-11-28;"Trnavský kraj";83;1453;77;1530;NA;89053;160;2020-11-28;11721
2020-11-27;"Trnavský kraj";148;1779;85;1864;NA;89053;233;2020-11-27;11561
2020-11-26;"Trnavský kraj";234;1123;68;1191;NA;89053;302;2020-11-26;11328
2020-11-25;"Trnavský kraj";232;1168;74;1242;NA;89053;306;2020-11-25;11026
2020-11-24;"Trnavský kraj";295;1909;96;2005;NA;89053;391;2020-11-24;10720
2020-11-23;"Trnavský kraj";242;7393;129;7522;NA;89053;371;2020-11-23;10329
2020-11-22;"Trnavský kraj";10;82;9;91;NA;89053;19;2020-11-22;9958
2020-11-21;"Trnavský kraj";129;1354;36;1390;NA;89053;165;2020-11-21;9939
2020-11-20;"Trnavský kraj";246;1154;64;1218;NA;89053;310;2020-11-20;9774
2020-11-19;"Trnavský kraj";157;823;64;887;NA;89053;221;2020-11-19;9464
2020-11-18;"Trnavský kraj";235;822;82;904;NA;89053;317;2020-11-18;9243
2020-11-17;"Trnavský kraj";129;705;74;779;NA;89053;203;2020-11-17;8926
2020-11-16;"Trnavský kraj";187;732;32;764;NA;89053;219;2020-11-16;8723
2020-11-15;"Trnavský kraj";23;73;4;77;NA;89053;27;2020-11-15;8504
2020-11-14;"Trnavský kraj";86;397;12;409;NA;89053;98;2020-11-14;8477
2020-11-13;"Trnavský kraj";219;1312;21;1333;NA;89053;240;2020-11-13;8379
2020-11-12;"Trnavský kraj";162;420;18;438;NA;89053;180;2020-11-12;8139
2020-11-11;"Trnavský kraj";257;392;15;407;NA;89053;272;2020-11-11;7959
2020-11-10;"Trnavský kraj";189;889;30;919;NA;89053;219;2020-11-10;7687
2020-11-09;"Trnavský kraj";196;369;23;392;NA;89053;219;2020-11-09;7468
2020-11-08;"Trnavský kraj";55;400;4;404;NA;89053;59;2020-11-08;7249
2020-11-07;"Trnavský kraj";207;6070;74;6144;NA;89053;281;2020-11-07;7190
2020-11-06;"Trnavský kraj";260;1531;19;1550;NA;89053;279;2020-11-06;6909
2020-11-05;"Trnavský kraj";150;220;27;247;NA;89053;177;2020-11-05;6630
2020-11-04;"Trnavský kraj";188;212;10;222;NA;89053;198;2020-11-04;6453
2020-11-03;"Trnavský kraj";317;127;8;135;NA;89053;325;2020-11-03;6255
2020-11-02;"Trnavský kraj";281;1728;31;1759;NA;89053;312;2020-11-02;5930
2020-11-01;"Trnavský kraj";87;494;27;521;NA;89053;114;2020-11-01;5618
2020-10-31;"Trnavský kraj";259;5024;41;5065;NA;89053;300;2020-10-31;5504
2020-10-30;"Trnavský kraj";198;3784;27;3811;NA;89053;225;2020-10-30;5204
2020-10-29;"Trnavský kraj";273;1461;16;1477;NA;89053;289;2020-10-29;4979
2020-10-28;"Trnavský kraj";319;117;16;133;NA;89053;335;2020-10-28;4690
2020-10-27;"Trnavský kraj";199;461;36;497;NA;89053;235;2020-10-27;4355
2020-10-26;"Trnavský kraj";153;29;2;31;NA;89053;155;2020-10-26;4120
2020-10-25;"Trnavský kraj";95;19;1;20;NA;89053;96;2020-10-25;3965
2020-10-24;"Trnavský kraj";158;109;2;111;NA;89053;160;2020-10-24;3869
2020-10-23;"Trnavský kraj";201;89;4;93;NA;89053;205;2020-10-23;3709
2020-10-22;"Trnavský kraj";195;55;2;57;NA;89053;197;2020-10-22;3504
2020-10-21;"Trnavský kraj";134;73;3;76;NA;89053;137;2020-10-21;3307
2020-10-20;"Trnavský kraj";202;82;3;85;NA;89053;205;2020-10-20;3170
2020-10-19;"Trnavský kraj";67;55;0;55;NA;89053;67;2020-10-19;2965
2020-10-18;"Trnavský kraj";84;0;0;0;NA;89053;84;2020-10-18;2898
2020-10-17;"Trnavský kraj";123;0;0;0;NA;89053;123;2020-10-17;2814
2020-10-16;"Trnavský kraj";86;45;2;47;NA;89053;88;2020-10-16;2691
2020-10-15;"Trnavský kraj";155;66;2;68;NA;89053;157;2020-10-15;2603
2020-10-14;"Trnavský kraj";236;468;3;471;NA;89053;239;2020-10-14;2446
2020-10-13;"Trnavský kraj";138;16;2;18;NA;89053;140;2020-10-13;2207
2020-10-12;"Trnavský kraj";33;41;1;42;NA;89053;34;2020-10-12;2067
2020-10-11;"Trnavský kraj";31;0;0;0;NA;89053;31;2020-10-11;2033
2020-10-10;"Trnavský kraj";128;0;0;0;NA;89053;128;2020-10-10;2002
2020-10-09;"Trnavský kraj";156;0;0;0;NA;89053;156;2020-10-09;1874
2020-10-08;"Trnavský kraj";153;0;0;0;NA;89053;153;2020-10-08;1718
2020-10-07;"Trnavský kraj";80;0;0;0;NA;89053;80;2020-10-07;1565
2020-10-06;"Trnavský kraj";112;0;0;0;NA;89053;112;2020-10-06;1485
2020-10-05;"Trnavský kraj";33;0;0;0;NA;89053;33;2020-10-05;1373
2020-10-04;"Trnavský kraj";44;0;0;0;NA;89053;44;2020-10-04;1340
2020-10-03;"Trnavský kraj";60;0;0;0;NA;89053;60;2020-10-03;1296
2020-10-02;"Trnavský kraj";41;0;0;0;NA;89053;41;2020-10-02;1236
2020-10-01;"Trnavský kraj";53;0;0;0;NA;89053;53;2020-10-01;1195
2020-09-30;"Trnavský kraj";91;0;0;0;NA;89053;91;2020-09-30;1142
2020-09-29;"Trnavský kraj";40;0;0;0;NA;89053;40;2020-09-29;1051
2020-09-28;"Trnavský kraj";69;0;0;0;NA;89053;69;2020-09-28;1011
2020-09-27;"Trnavský kraj";30;0;0;0;NA;89053;30;2020-09-27;942
2020-09-26;"Trnavský kraj";46;0;0;0;NA;89053;46;2020-09-26;912
2020-09-25;"Trnavský kraj";32;0;0;0;NA;89053;32;2020-09-25;866
2020-09-24;"Trnavský kraj";42;0;0;0;NA;89053;42;2020-09-24;834
2020-09-23;"Trnavský kraj";43;0;0;0;NA;89053;43;2020-09-23;792
2020-09-22;"Trnavský kraj";55;0;0;0;NA;89053;55;2020-09-22;749
2020-09-21;"Trnavský kraj";41;0;0;0;NA;89053;41;2020-09-21;694
2020-09-20;"Trnavský kraj";17;0;0;0;NA;89053;17;2020-09-20;653
2020-09-19;"Trnavský kraj";4;0;0;0;NA;89053;4;2020-09-19;636
2020-09-18;"Trnavský kraj";33;0;0;0;NA;89053;33;2020-09-18;632
2020-09-17;"Trnavský kraj";42;0;0;0;NA;89053;42;2020-09-17;599
2020-09-16;"Trnavský kraj";49;0;0;0;NA;89053;49;2020-09-16;557
2020-09-15;"Trnavský kraj";5;0;0;0;NA;89053;5;2020-09-15;508
2020-09-14;"Trnavský kraj";26;0;0;0;NA;89053;26;2020-09-14;503
2020-09-13;"Trnavský kraj";9;0;0;0;NA;89053;9;2020-09-13;477
2020-09-12;"Trnavský kraj";12;0;0;0;NA;89053;12;2020-09-12;468
2020-09-11;"Trnavský kraj";16;0;0;0;NA;89053;16;2020-09-11;456
2020-09-10;"Trnavský kraj";32;0;0;0;NA;89053;32;2020-09-10;440
2020-09-09;"Trnavský kraj";14;0;0;0;NA;89053;14;2020-09-09;408
2020-09-08;"Trnavský kraj";11;0;0;0;NA;89053;11;2020-09-08;394
2020-09-07;"Trnavský kraj";7;0;0;0;NA;89053;7;2020-09-07;383
2020-09-06;"Trnavský kraj";5;0;0;0;NA;89053;5;2020-09-06;376
2020-09-05;"Trnavský kraj";7;0;0;0;NA;89053;7;2020-09-05;371
2020-09-04;"Trnavský kraj";16;0;0;0;NA;89053;16;2020-09-04;364
2020-09-03;"Trnavský kraj";8;0;0;0;NA;89053;8;2020-09-03;348
2020-09-02;"Trnavský kraj";7;0;0;0;NA;89053;7;2020-09-02;340
2020-09-01;"Trnavský kraj";1;0;0;0;NA;89053;1;2020-09-01;333
2020-08-31;"Trnavský kraj";6;0;0;0;NA;89053;6;2020-08-31;332
2020-08-30;"Trnavský kraj";1;0;0;0;NA;89053;1;2020-08-30;326
2020-08-29;"Trnavský kraj";3;0;0;0;NA;89053;3;2020-08-29;325
2020-08-28;"Trnavský kraj";14;0;0;0;NA;89053;14;2020-08-28;322
2020-08-27;"Trnavský kraj";6;0;0;0;NA;89053;6;2020-08-27;308
2020-08-26;"Trnavský kraj";4;0;0;0;NA;89053;4;2020-08-26;302
2020-08-25;"Trnavský kraj";7;0;0;0;NA;89053;7;2020-08-25;298
2020-08-24;"Trnavský kraj";1;0;0;0;NA;89053;1;2020-08-24;291
2020-08-23;"Trnavský kraj";6;0;0;0;NA;89053;6;2020-08-23;290
2020-08-22;"Trnavský kraj";3;0;0;0;NA;89053;3;2020-08-22;284
2020-08-21;"Trnavský kraj";4;0;0;0;NA;89053;4;2020-08-21;281
2020-08-20;"Trnavský kraj";23;0;0;0;NA;89053;23;2020-08-20;277
2020-08-19;"Trnavský kraj";13;0;0;0;NA;89053;13;2020-08-19;254
2020-08-18;"Trnavský kraj";20;0;0;0;NA;89053;20;2020-08-18;241
2020-08-17;"Trnavský kraj";3;0;0;0;NA;89053;3;2020-08-17;221
2020-08-16;"Trnavský kraj";0;0;0;0;NA;89053;0;2020-08-16;218
2020-08-15;"Trnavský kraj";7;0;0;0;NA;89053;7;2020-08-15;218
2020-08-14;"Trnavský kraj";6;0;0;0;NA;89053;6;2020-08-14;211
2020-08-13;"Trnavský kraj";10;0;0;0;NA;89053;10;2020-08-13;205
2020-08-12;"Trnavský kraj";2;0;0;0;NA;89053;2;2020-08-12;195
2020-08-11;"Trnavský kraj";30;0;0;0;NA;89053;30;2020-08-11;193
2020-08-10;"Trnavský kraj";0;0;0;0;NA;89053;0;2020-08-10;163
2020-08-09;"Trnavský kraj";0;0;0;0;NA;89053;0;2020-08-09;163
2020-08-08;"Trnavský kraj";13;0;0;0;NA;89053;13;2020-08-08;163
2020-08-07;"Trnavský kraj";4;0;0;0;NA;89053;4;2020-08-07;150
2020-08-06;"Trnavský kraj";4;0;0;0;NA;89053;4;2020-08-06;146
2020-08-05;"Trnavský kraj";0;0;0;0;NA;89053;0;2020-08-05;142
2020-08-04;"Trnavský kraj";1;0;0;0;NA;89053;1;2020-08-04;142
2020-08-03;"Trnavský kraj";2;0;0;0;NA;89053;2;2020-08-03;141
2020-08-02;"Trnavský kraj";1;0;0;0;NA;89053;1;2020-08-02;139
2020-08-01;"Trnavský kraj";0;0;0;0;NA;89053;0;2020-08-01;138
2020-07-31;"Trnavský kraj";7;0;0;0;NA;89053;7;2020-07-31;138
2020-07-30;"Trnavský kraj";6;0;0;0;NA;89053;6;2020-07-30;131
2020-07-29;"Trnavský kraj";0;0;0;0;NA;89053;0;2020-07-29;125
2020-07-28;"Trnavský kraj";1;0;0;0;NA;89053;1;2020-07-28;125
2020-07-27;"Trnavský kraj";2;0;0;0;NA;89053;2;2020-07-27;124
2020-07-26;"Trnavský kraj";0;0;0;0;NA;89053;0;2020-07-26;122
2020-07-25;"Trnavský kraj";0;0;0;0;NA;89053;0;2020-07-25;122
2020-07-24;"Trnavský kraj";1;0;0;0;NA;89053;1;2020-07-24;122
2020-07-23;"Trnavský kraj";2;0;0;0;NA;89053;2;2020-07-23;121
2020-07-22;"Trnavský kraj";1;0;0;0;NA;89053;1;2020-07-22;119
2020-07-21;"Trnavský kraj";2;0;0;0;NA;89053;2;2020-07-21;118
2020-07-20;"Trnavský kraj";0;0;0;0;NA;89053;0;2020-07-20;116
2020-07-19;"Trnavský kraj";0;0;0;0;NA;89053;0;2020-07-19;116
2020-07-18;"Trnavský kraj";0;0;0;0;NA;89053;0;2020-07-18;116
2020-07-17;"Trnavský kraj";0;0;0;0;NA;89053;0;2020-07-17;116
2020-07-16;"Trnavský kraj";0;0;0;0;NA;89053;0;2020-07-16;116
2020-07-15;"Trnavský kraj";1;0;0;0;NA;89053;1;2020-07-15;116
2020-07-14;"Trnavský kraj";0;0;0;0;NA;89053;0;2020-07-14;115
2020-07-13;"Trnavský kraj";0;0;0;0;NA;89053;0;2020-07-13;115
2020-07-12;"Trnavský kraj";0;0;0;0;NA;89053;0;2020-07-12;115
2020-07-11;"Trnavský kraj";0;0;0;0;NA;89053;0;2020-07-11;115
2020-07-10;"Trnavský kraj";0;0;0;0;NA;89053;0;2020-07-10;115
2020-07-09;"Trnavský kraj";0;0;0;0;NA;89053;0;2020-07-09;115
2020-07-08;"Trnavský kraj";3;0;0;0;NA;89053;3;2020-07-08;115
2020-07-07;"Trnavský kraj";4;0;0;0;NA;89053;4;2020-07-07;112
2020-07-06;"Trnavský kraj";0;0;0;0;NA;89053;0;2020-07-06;108
2020-07-05;"Trnavský kraj";0;0;0;0;NA;89053;0;2020-07-05;108
2020-07-04;"Trnavský kraj";0;0;0;0;NA;89053;0;2020-07-04;108
2020-07-03;"Trnavský kraj";0;0;0;0;NA;89053;0;2020-07-03;108
2020-07-02;"Trnavský kraj";3;0;0;0;NA;89053;3;2020-07-02;108
2020-07-01;"Trnavský kraj";0;0;0;0;NA;89053;0;2020-07-01;105
2020-06-30;"Trnavský kraj";0;0;0;0;NA;89053;0;2020-06-30;105
2020-06-29;"Trnavský kraj";0;0;0;0;NA;89053;0;2020-06-29;105
2020-06-28;"Trnavský kraj";0;0;0;0;NA;89053;0;2020-06-28;105
2020-06-27;"Trnavský kraj";0;0;0;0;NA;89053;0;2020-06-27;105
2020-06-26;"Trnavský kraj";0;0;0;0;NA;89053;0;2020-06-26;105
2020-06-25;"Trnavský kraj";0;0;0;0;NA;89053;0;2020-06-25;105
2020-06-24;"Trnavský kraj";0;0;0;0;NA;89053;0;2020-06-24;105
2020-06-23;"Trnavský kraj";0;0;0;0;NA;89053;0;2020-06-23;105
2020-06-22;"Trnavský kraj";0;0;0;0;NA;89053;0;2020-06-22;105
2020-06-21;"Trnavský kraj";0;0;0;0;NA;89053;0;2020-06-21;105
2020-06-20;"Trnavský kraj";0;0;0;0;NA;89053;0;2020-06-20;105
2020-06-19;"Trnavský kraj";0;0;0;0;NA;89053;0;2020-06-19;105
2020-06-18;"Trnavský kraj";2;0;0;0;NA;89053;2;2020-06-18;105
2020-06-17;"Trnavský kraj";0;0;0;0;NA;89053;0;2020-06-17;103
2020-06-16;"Trnavský kraj";0;0;0;0;NA;89053;0;2020-06-16;103
2020-06-14;"Trnavský kraj";0;0;0;0;NA;89053;0;2020-06-14;103
2020-06-13;"Trnavský kraj";0;0;0;0;NA;89053;0;2020-06-13;103
2020-06-12;"Trnavský kraj";0;0;0;0;NA;89053;0;2020-06-12;103
2020-06-11;"Trnavský kraj";0;0;0;0;NA;89053;0;2020-06-11;103
2020-06-10;"Trnavský kraj";0;0;0;0;NA;89053;0;2020-06-10;103
2020-06-09;"Trnavský kraj";0;0;0;0;NA;89053;0;2020-06-09;103
2020-06-08;"Trnavský kraj";0;0;0;0;NA;89053;0;2020-06-08;103
2020-06-07;"Trnavský kraj";0;0;0;0;NA;89053;0;2020-06-07;103
2020-06-05;"Trnavský kraj";0;0;0;0;NA;89053;0;2020-06-05;103
2020-06-03;"Trnavský kraj";0;0;0;0;NA;89053;0;2020-06-03;103
2020-06-02;"Trnavský kraj";0;0;0;0;NA;89053;0;2020-06-02;103
2020-05-31;"Trnavský kraj";0;0;0;0;NA;89053;0;2020-05-31;103
2020-05-29;"Trnavský kraj";0;0;0;0;NA;89053;0;2020-05-29;103
2020-05-27;"Trnavský kraj";0;0;0;0;NA;89053;0;2020-05-27;103
2020-05-26;"Trnavský kraj";0;0;0;0;NA;89053;0;2020-05-26;103
2020-05-25;"Trnavský kraj";1;0;0;0;NA;89053;1;2020-05-25;103
2020-05-24;"Trnavský kraj";0;0;0;0;NA;89053;0;2020-05-24;102
2020-05-23;"Trnavský kraj";2;0;0;0;NA;89053;2;2020-05-23;102
2020-05-22;"Trnavský kraj";0;0;0;0;NA;89053;0;2020-05-22;100
2020-05-21;"Trnavský kraj";0;0;0;0;NA;89053;0;2020-05-21;100
2020-05-20;"Trnavský kraj";2;0;0;0;NA;89053;2;2020-05-20;100
2020-05-19;"Trnavský kraj";0;0;0;0;NA;89053;0;2020-05-19;98
2020-05-17;"Trnavský kraj";0;0;0;0;NA;89053;0;2020-05-17;98
2020-05-16;"Trnavský kraj";0;0;0;0;NA;89053;0;2020-05-16;98
2020-05-15;"Trnavský kraj";1;0;0;0;NA;89053;1;2020-05-15;98
2020-05-14;"Trnavský kraj";0;0;0;0;NA;89053;0;2020-05-14;97
2020-05-13;"Trnavský kraj";0;0;0;0;NA;89053;0;2020-05-13;97
2020-05-12;"Trnavský kraj";0;0;0;0;NA;89053;0;2020-05-12;97
2020-05-11;"Trnavský kraj";2;0;0;0;NA;89053;2;2020-05-11;97
2020-05-09;"Trnavský kraj";0;0;0;0;NA;89053;0;2020-05-09;95
2020-05-07;"Trnavský kraj";0;0;0;0;NA;89053;0;2020-05-07;95
2020-05-06;"Trnavský kraj";0;0;0;0;NA;89053;0;2020-05-06;95
2020-05-05;"Trnavský kraj";0;0;0;0;NA;89053;0;2020-05-05;95
2020-05-04;"Trnavský kraj";0;0;0;0;NA;89053;0;2020-05-04;95
2020-05-03;"Trnavský kraj";0;0;0;0;NA;89053;0;2020-05-03;95
2020-05-02;"Trnavský kraj";0;0;0;0;NA;89053;0;2020-05-02;95
2020-05-01;"Trnavský kraj";0;0;0;0;NA;89053;0;2020-05-01;95
2020-04-30;"Trnavský kraj";0;0;0;0;NA;89053;0;2020-04-30;95
2020-04-29;"Trnavský kraj";0;0;0;0;NA;89053;0;2020-04-29;95
2020-04-28;"Trnavský kraj";1;0;0;0;NA;89053;1;2020-04-28;95
2020-04-27;"Trnavský kraj";0;0;0;0;NA;89053;0;2020-04-27;94
2020-04-26;"Trnavský kraj";0;0;0;0;NA;89053;0;2020-04-26;94
2020-04-25;"Trnavský kraj";2;0;0;0;NA;89053;2;2020-04-25;94
2020-04-24;"Trnavský kraj";4;0;0;0;NA;89053;4;2020-04-24;92
2020-04-23;"Trnavský kraj";5;0;0;0;NA;89053;5;2020-04-23;88
2020-04-22;"Trnavský kraj";10;0;0;0;NA;89053;10;2020-04-22;83
2020-04-21;"Trnavský kraj";5;0;0;0;NA;89053;5;2020-04-21;73
2020-04-20;"Trnavský kraj";0;0;0;0;NA;89053;0;2020-04-20;68
2020-04-19;"Trnavský kraj";1;0;0;0;NA;89053;1;2020-04-19;68
2020-04-18;"Trnavský kraj";4;0;0;0;NA;89053;4;2020-04-18;67
2020-04-17;"Trnavský kraj";7;0;0;0;NA;89053;7;2020-04-17;63
2020-04-16;"Trnavský kraj";5;0;0;0;NA;89053;5;2020-04-16;56
2020-04-15;"Trnavský kraj";5;0;0;0;NA;89053;5;2020-04-15;51
2020-04-14;"Trnavský kraj";1;0;0;0;NA;89053;1;2020-04-14;46
2020-04-13;"Trnavský kraj";0;0;0;0;NA;89053;0;2020-04-13;45
2020-04-12;"Trnavský kraj";0;0;0;0;NA;89053;0;2020-04-12;45
2020-04-11;"Trnavský kraj";0;0;0;0;NA;89053;0;2020-04-11;45
2020-04-10;"Trnavský kraj";2;0;0;0;NA;89053;2;2020-04-10;45
2020-04-09;"Trnavský kraj";3;0;0;0;NA;89053;3;2020-04-09;43
2020-04-08;"Trnavský kraj";4;0;0;0;NA;89053;4;2020-04-08;40
2020-04-07;"Trnavský kraj";6;0;0;0;NA;89053;6;2020-04-07;36
2020-04-06;"Trnavský kraj";6;0;0;0;NA;89053;6;2020-04-06;30
2020-04-05;"Trnavský kraj";1;0;0;0;NA;89053;1;2020-04-05;24
2020-04-04;"Trnavský kraj";1;0;0;0;NA;89053;1;2020-04-04;23
2020-04-03;"Trnavský kraj";3;0;0;0;NA;89053;3;2020-04-03;22
2020-04-02;"Trnavský kraj";4;0;0;0;NA;89053;4;2020-04-02;19
2020-04-01;"Trnavský kraj";0;0;0;0;NA;89053;0;2020-04-01;15
2020-03-31;"Trnavský kraj";3;0;0;0;NA;89053;3;2020-03-31;15
2020-03-30;"Trnavský kraj";4;0;0;0;NA;89053;4;2020-03-30;12
2020-03-29;"Trnavský kraj";1;0;0;0;NA;89053;1;2020-03-29;8
2020-03-28;"Trnavský kraj";3;0;0;0;NA;89053;3;2020-03-28;7
2020-03-27;"Trnavský kraj";5;0;0;0;NA;89053;5;2020-03-27;4
2020-03-26;"Trnavský kraj";5;0;0;0;NA;89053;5;2020-03-26;-1
2020-03-25;"Trnavský kraj";1;0;0;0;NA;89053;1;2020-03-25;-6
2020-03-24;"Trnavský kraj";0;0;0;0;NA;89053;0;2020-03-24;-7
2020-03-23;"Trnavský kraj";2;0;0;0;NA;89053;2;2020-03-23;-7
2020-03-22;"Trnavský kraj";1;0;0;0;NA;89053;1;2020-03-22;-9
2020-03-21;"Trnavský kraj";5;0;0;0;NA;89053;5;2020-03-21;-10
2020-03-20;"Trnavský kraj";0;0;0;0;NA;89053;0;2020-03-20;-15
2020-03-19;"Trnavský kraj";0;0;0;0;NA;89053;0;2020-03-19;-15
2020-03-18;"Trnavský kraj";0;0;0;0;NA;89053;0;2020-03-18;-15
2020-03-17;"Trnavský kraj";3;0;0;0;NA;89053;3;2020-03-17;-15
2020-03-16;"Trnavský kraj";1;0;0;0;NA;89053;1;2020-03-16;-18
2020-03-15;"Trnavský kraj";0;0;0;0;NA;89053;0;2020-03-15;-19
2020-03-14;"Trnavský kraj";0;0;0;0;NA;89053;0;2020-03-14;-19
2020-03-13;"Trnavský kraj";1;0;0;0;NA;89053;1;2020-03-13;-19
2020-03-12;"Trnavský kraj";1;0;0;0;NA;89053;1;2020-03-12;-20
2020-03-11;"Trnavský kraj";0;0;0;0;NA;89053;0;2020-03-11;-21
2020-03-09;"Trnavský kraj";0;0;0;0;NA;89053;0;2020-03-09;-21
2020-03-08;"Trnavský kraj";0;0;0;0;NA;89053;0;2020-03-08;-21
2020-03-07;"Trnavský kraj";0;0;0;0;NA;89053;0;2020-03-07;-21
2020-03-06;"Trnavský kraj";0;0;0;0;NA;89053;0;2020-03-06;-21
2021-05-09;"Žilinský kraj";58;16980;67;17047;56824;106091;125;2021-05-09;106091
2021-05-08;"Žilinský kraj";0;20946;54;21000;NA;106091;54;2021-05-08;105966
2021-05-07;"Žilinský kraj";65;23642;72;23714;NA;106091;137;2021-05-07;105912
2021-05-06;"Žilinský kraj";67;16028;70;16098;NA;106091;137;2021-05-06;105775
2021-05-05;"Žilinský kraj";71;13022;73;13095;NA;106091;144;2021-05-05;105638
2021-05-04;"Žilinský kraj";81;16610;80;16690;NA;106091;161;2021-05-04;105494
2021-05-03;"Žilinský kraj";97;20275;109;20384;NA;106091;206;2021-05-03;105333
2021-05-02;"Žilinský kraj";8;28649;66;28715;NA;106091;74;2021-05-02;105127
2021-05-01;"Žilinský kraj";65;54345;101;54446;NA;106091;166;2021-05-01;105053
2021-04-30;"Žilinský kraj";84;43720;117;43837;NA;106091;201;2021-04-30;104887
2021-04-29;"Žilinský kraj";77;24578;101;24679;NA;106091;178;2021-04-29;104686
2021-04-28;"Žilinský kraj";76;19205;91;19296;NA;106091;167;2021-04-28;104508
2021-04-27;"Žilinský kraj";97;21812;110;21922;NA;106091;207;2021-04-27;104341
2021-04-26;"Žilinský kraj";114;27433;136;27569;NA;106091;250;2021-04-26;104134
2021-04-25;"Žilinský kraj";38;35209;82;35291;NA;106091;120;2021-04-25;103884
2021-04-24;"Žilinský kraj";93;79083;157;79240;NA;106091;250;2021-04-24;103764
2021-04-23;"Žilinský kraj";144;49437;154;49591;NA;106091;298;2021-04-23;103514
2021-04-22;"Žilinský kraj";110;24989;131;25120;NA;106091;241;2021-04-22;103216
2021-04-21;"Žilinský kraj";118;20576;145;20721;NA;106091;263;2021-04-21;102975
2021-04-20;"Žilinský kraj";128;23735;136;23871;NA;106091;264;2021-04-20;102712
2021-04-19;"Žilinský kraj";164;32727;210;32937;NA;106091;374;2021-04-19;102448
2021-04-18;"Žilinský kraj";18;36809;91;36900;NA;106091;109;2021-04-18;102074
2021-04-17;"Žilinský kraj";108;89316;156;89472;NA;106091;264;2021-04-17;101965
2021-04-16;"Žilinský kraj";185;46805;207;47012;NA;106091;392;2021-04-16;101701
2021-04-15;"Žilinský kraj";108;24749;130;24879;NA;106091;238;2021-04-15;101309
2021-04-14;"Žilinský kraj";135;23513;146;23659;NA;106091;281;2021-04-14;101071
2021-04-13;"Žilinský kraj";171;24624;134;24758;NA;106091;305;2021-04-13;100790
2021-04-12;"Žilinský kraj";266;30711;189;30900;NA;106091;455;2021-04-12;100485
2021-04-11;"Žilinský kraj";19;37044;107;37151;NA;106091;126;2021-04-11;100030
2021-04-10;"Žilinský kraj";111;86347;237;86584;NA;106091;348;2021-04-10;99904
2021-04-09;"Žilinský kraj";195;41804;205;42009;NA;106091;400;2021-04-09;99556
2021-04-08;"Žilinský kraj";179;24363;141;24504;NA;106091;320;2021-04-08;99156
2021-04-07;"Žilinský kraj";309;28515;174;28689;NA;106091;483;2021-04-07;98836
2021-04-06;"Žilinský kraj";308;38685;292;38977;NA;106091;600;2021-04-06;98353
2021-04-05;"Žilinský kraj";17;14747;140;14887;NA;106091;157;2021-04-05;97753
2021-04-04;"Žilinský kraj";17;16284;69;16353;NA;106091;86;2021-04-04;97596
2021-04-03;"Žilinský kraj";180;100258;396;100654;NA;106091;576;2021-04-03;97510
2021-04-02;"Žilinský kraj";73;22278;83;22361;NA;106091;156;2021-04-02;96934
2021-04-01;"Žilinský kraj";334;43178;240;43418;NA;106091;574;2021-04-01;96778
2021-03-31;"Žilinský kraj";170;31632;247;31879;NA;106091;417;2021-03-31;96204
2021-03-30;"Žilinský kraj";406;26323;243;26566;NA;106091;649;2021-03-30;95787
2021-03-29;"Žilinský kraj";297;28022;268;28290;NA;106091;565;2021-03-29;95138
2021-03-28;"Žilinský kraj";21;36206;239;36445;NA;106091;260;2021-03-28;94573
2021-03-27;"Žilinský kraj";151;89102;353;89455;NA;106091;504;2021-03-27;94313
2021-03-26;"Žilinský kraj";312;52263;333;52596;NA;106091;645;2021-03-26;93809
2021-03-25;"Žilinský kraj";281;27620;214;27834;NA;106091;495;2021-03-25;93164
2021-03-24;"Žilinský kraj";280;21268;260;21528;NA;106091;540;2021-03-24;92669
2021-03-23;"Žilinský kraj";418;23176;278;23454;NA;106091;696;2021-03-23;92129
2021-03-22;"Žilinský kraj";293;29289;314;29603;NA;106091;607;2021-03-22;91433
2021-03-21;"Žilinský kraj";32;33705;227;33932;NA;106091;259;2021-03-21;90826
2021-03-20;"Žilinský kraj";165;93015;497;93512;NA;106091;662;2021-03-20;90567
2021-03-19;"Žilinský kraj";357;51763;413;52176;NA;106091;770;2021-03-19;89905
2021-03-18;"Žilinský kraj";329;28451;294;28745;NA;106091;623;2021-03-18;89135
2021-03-17;"Žilinský kraj";395;21916;269;22185;NA;106091;664;2021-03-17;88512
2021-03-16;"Žilinský kraj";514;24341;317;24658;NA;106091;831;2021-03-16;87848
2021-03-15;"Žilinský kraj";341;29607;419;30026;NA;106091;760;2021-03-15;87017
2021-03-14;"Žilinský kraj";87;34121;267;34388;NA;106091;354;2021-03-14;86257
2021-03-13;"Žilinský kraj";113;93756;584;94340;NA;106091;697;2021-03-13;85903
2021-03-12;"Žilinský kraj";520;52109;411;52520;NA;106091;931;2021-03-12;85206
2021-03-11;"Žilinský kraj";399;28189;302;28491;NA;106091;701;2021-03-11;84275
2021-03-10;"Žilinský kraj";368;22414;378;22792;NA;106091;746;2021-03-10;83574
2021-03-09;"Žilinský kraj";537;24857;316;25173;NA;106091;853;2021-03-09;82828
2021-03-08;"Žilinský kraj";387;30839;458;31297;NA;106091;845;2021-03-08;81975
2021-03-07;"Žilinský kraj";48;33469;290;33759;NA;106091;338;2021-03-07;81130
2021-03-06;"Žilinský kraj";173;92410;589;92999;NA;106091;762;2021-03-06;80792
2021-03-05;"Žilinský kraj";369;51748;483;52231;NA;106091;852;2021-03-05;80030
2021-03-04;"Žilinský kraj";467;30036;377;30413;NA;106091;844;2021-03-04;79178
2021-03-03;"Žilinský kraj";448;26261;394;26655;NA;106091;842;2021-03-03;78334
2021-03-02;"Žilinský kraj";551;25669;378;26047;NA;106091;929;2021-03-02;77492
2021-03-01;"Žilinský kraj";375;30493;441;30934;NA;106091;816;2021-03-01;76563
2021-02-28;"Žilinský kraj";61;34802;327;35129;NA;106091;388;2021-02-28;75747
2021-02-27;"Žilinský kraj";159;83781;639;84420;NA;106091;798;2021-02-27;75359
2021-02-26;"Žilinský kraj";459;47494;508;48002;NA;106091;967;2021-02-26;74561
2021-02-25;"Žilinský kraj";347;30879;393;31272;NA;106091;740;2021-02-25;73594
2021-02-24;"Žilinský kraj";339;18745;395;19140;NA;106091;734;2021-02-24;72854
2021-02-23;"Žilinský kraj";437;22418;418;22836;NA;106091;855;2021-02-23;72120
2021-02-22;"Žilinský kraj";345;29268;438;29706;NA;106091;783;2021-02-22;71265
2021-02-21;"Žilinský kraj";36;28686;322;29008;NA;106091;358;2021-02-21;70482
2021-02-20;"Žilinský kraj";152;88723;667;89390;NA;106091;819;2021-02-20;70124
2021-02-19;"Žilinský kraj";337;44806;415;45221;NA;106091;752;2021-02-19;69305
2021-02-18;"Žilinský kraj";263;24679;339;25018;NA;106091;602;2021-02-18;68553
2021-02-17;"Žilinský kraj";269;17932;355;18287;NA;106091;624;2021-02-17;67951
2021-02-16;"Žilinský kraj";321;24298;325;24623;NA;106091;646;2021-02-16;67327
2021-02-15;"Žilinský kraj";230;30420;311;30731;NA;106091;541;2021-02-15;66681
2021-02-14;"Žilinský kraj";30;28574;231;28805;NA;106091;261;2021-02-14;66140
2021-02-13;"Žilinský kraj";91;69659;454;70113;NA;106091;545;2021-02-13;65879
2021-02-12;"Žilinský kraj";242;42686;335;43021;NA;106091;577;2021-02-12;65334
2021-02-11;"Žilinský kraj";228;23521;300;23821;NA;106091;528;2021-02-11;64757
2021-02-10;"Žilinský kraj";259;17438;261;17699;NA;106091;520;2021-02-10;64229
2021-02-09;"Žilinský kraj";377;24784;274;25058;NA;106091;651;2021-02-09;63709
2021-02-08;"Žilinský kraj";160;41375;390;41765;NA;106091;550;2021-02-08;63058
2021-02-07;"Žilinský kraj";24;46446;252;46698;NA;106091;276;2021-02-07;62508
2021-02-06;"Žilinský kraj";71;72880;367;73247;NA;106091;438;2021-02-06;62232
2021-02-05;"Žilinský kraj";248;31868;323;32191;NA;106091;571;2021-02-05;61794
2021-02-04;"Žilinský kraj";238;13242;258;13500;NA;106091;496;2021-02-04;61223
2021-02-03;"Žilinský kraj";194;9187;255;9442;NA;106091;449;2021-02-03;60727
2021-02-02;"Žilinský kraj";216;9280;272;9552;NA;106091;488;2021-02-02;60278
2021-02-01;"Žilinský kraj";220;19688;370;20058;NA;106091;590;2021-02-01;59790
2021-01-31;"Žilinský kraj";11;2652;27;2679;NA;106091;38;2021-01-31;59200
2021-01-30;"Žilinský kraj";85;18447;187;18634;NA;106091;272;2021-01-30;59162
2021-01-29;"Žilinský kraj";209;22892;304;23196;NA;106091;513;2021-01-29;58890
2021-01-28;"Žilinský kraj";240;5623;174;5797;NA;106091;414;2021-01-28;58377
2021-01-27;"Žilinský kraj";256;7065;121;7186;NA;106091;377;2021-01-27;57963
2021-01-26;"Žilinský kraj";245;49639;346;49985;NA;106091;591;2021-01-26;57586
2021-01-25;"Žilinský kraj";159;21143;150;21293;NA;106091;309;2021-01-25;56995
2021-01-24;"Žilinský kraj";22;67309;305;67614;NA;106091;327;2021-01-24;56686
2021-01-23;"Žilinský kraj";91;91232;408;91640;NA;106091;499;2021-01-23;56359
2021-01-22;"Žilinský kraj";163;31997;239;32236;NA;106091;402;2021-01-22;55860
2021-01-21;"Žilinský kraj";116;19874;181;20055;NA;106091;297;2021-01-21;55458
2021-01-20;"Žilinský kraj";236;17501;168;17669;NA;106091;404;2021-01-20;55161
2021-01-19;"Žilinský kraj";245;15578;283;15861;NA;106091;528;2021-01-19;54757
2021-01-18;"Žilinský kraj";236;12506;327;12833;NA;106091;563;2021-01-18;54229
2021-01-17;"Žilinský kraj";95;147;8;155;NA;106091;103;2021-01-17;53666
2021-01-16;"Žilinský kraj";14;758;35;793;NA;106091;49;2021-01-16;53563
2021-01-15;"Žilinský kraj";248;7244;205;7449;NA;106091;453;2021-01-15;53514
2021-01-14;"Žilinský kraj";166;5572;248;5820;NA;106091;414;2021-01-14;53061
2021-01-13;"Žilinský kraj";247;11316;555;11871;NA;106091;802;2021-01-13;52647
2021-01-12;"Žilinský kraj";376;8754;413;9167;NA;106091;789;2021-01-12;51845
2021-01-11;"Žilinský kraj";351;10385;513;10898;NA;106091;864;2021-01-11;51056
2021-01-10;"Žilinský kraj";38;229;6;235;NA;106091;44;2021-01-10;50192
2021-01-09;"Žilinský kraj";192;1983;85;2068;NA;106091;277;2021-01-09;50148
2021-01-08;"Žilinský kraj";413;9245;497;9742;NA;106091;910;2021-01-08;49871
2021-01-07;"Žilinský kraj";438;23485;1881;25366;NA;106091;2319;2021-01-07;48961
2021-01-06;"Žilinský kraj";145;1412;96;1508;NA;106091;241;2021-01-06;46642
2021-01-05;"Žilinský kraj";717;10702;845;11547;NA;106091;1562;2021-01-05;46401
2021-01-04;"Žilinský kraj";479;9739;1012;10751;NA;106091;1491;2021-01-04;44839
2021-01-03;"Žilinský kraj";13;1006;107;1113;NA;106091;120;2021-01-03;43348
2021-01-02;"Žilinský kraj";98;789;91;880;NA;106091;189;2021-01-02;43228
2021-01-01;"Žilinský kraj";118;615;37;652;NA;106091;155;2021-01-01;43039
2020-12-31;"Žilinský kraj";395;10008;809;10817;NA;106091;1204;2020-12-31;42884
2020-12-30;"Žilinský kraj";1038;12030;849;12879;NA;106091;1887;2020-12-30;41680
2020-12-29;"Žilinský kraj";256;10584;1041;11625;NA;106091;1297;2020-12-29;39793
2020-12-28;"Žilinský kraj";406;11177;1048;12225;NA;106091;1454;2020-12-28;38496
2020-12-27;"Žilinský kraj";40;684;94;778;NA;106091;134;2020-12-27;37042
2020-12-26;"Žilinský kraj";135;593;48;641;NA;106091;183;2020-12-26;36908
2020-12-25;"Žilinský kraj";66;83;9;92;NA;106091;75;2020-12-25;36725
2020-12-24;"Žilinský kraj";643;1060;80;1140;NA;106091;723;2020-12-24;36650
2020-12-23;"Žilinský kraj";228;17281;1031;18312;NA;106091;1259;2020-12-23;35927
2020-12-22;"Žilinský kraj";519;13746;1031;14777;NA;106091;1550;2020-12-22;34668
2020-12-21;"Žilinský kraj";444;12608;1096;13704;NA;106091;1540;2020-12-21;33118
2020-12-20;"Žilinský kraj";36;598;80;678;NA;106091;116;2020-12-20;31578
2020-12-19;"Žilinský kraj";208;2076;145;2221;NA;106091;353;2020-12-19;31462
2020-12-18;"Žilinský kraj";333;6925;400;7325;NA;106091;733;2020-12-18;31109
2020-12-17;"Žilinský kraj";500;4243;279;4522;NA;106091;779;2020-12-17;30376
2020-12-16;"Žilinský kraj";333;3999;280;4279;NA;106091;613;2020-12-16;29597
2020-12-15;"Žilinský kraj";528;4139;378;4517;NA;106091;906;2020-12-15;28984
2020-12-14;"Žilinský kraj";321;4300;355;4655;NA;106091;676;2020-12-14;28078
2020-12-13;"Žilinský kraj";26;494;66;560;NA;106091;92;2020-12-13;27402
2020-12-12;"Žilinský kraj";95;1116;61;1177;NA;106091;156;2020-12-12;27310
2020-12-11;"Žilinský kraj";455;4507;269;4776;NA;106091;724;2020-12-11;27154
2020-12-10;"Žilinský kraj";166;9341;838;10179;NA;106091;1004;2020-12-10;26430
2020-12-09;"Žilinský kraj";392;2200;131;2331;NA;106091;523;2020-12-09;25426
2020-12-08;"Žilinský kraj";331;3248;123;3371;NA;106091;454;2020-12-08;24903
2020-12-07;"Žilinský kraj";348;2254;127;2381;NA;106091;475;2020-12-07;24449
2020-12-06;"Žilinský kraj";15;128;6;134;NA;106091;21;2020-12-06;23974
2020-12-05;"Žilinský kraj";98;1500;53;1553;NA;106091;151;2020-12-05;23953
2020-12-04;"Žilinský kraj";228;2891;122;3013;NA;106091;350;2020-12-04;23802
2020-12-03;"Žilinský kraj";237;1424;117;1541;NA;106091;354;2020-12-03;23452
2020-12-02;"Žilinský kraj";181;1396;69;1465;NA;106091;250;2020-12-02;23098
2020-12-01;"Žilinský kraj";209;6239;284;6523;NA;106091;493;2020-12-01;22848
2020-11-30;"Žilinský kraj";203;5326;305;5631;NA;106091;508;2020-11-30;22355
2020-11-29;"Žilinský kraj";18;81;7;88;NA;106091;25;2020-11-29;21847
2020-11-28;"Žilinský kraj";99;349;15;364;NA;106091;114;2020-11-28;21822
2020-11-27;"Žilinský kraj";218;914;46;960;NA;106091;264;2020-11-27;21708
2020-11-26;"Žilinský kraj";190;1105;57;1162;NA;106091;247;2020-11-26;21444
2020-11-25;"Žilinský kraj";225;1217;49;1266;NA;106091;274;2020-11-25;21197
2020-11-24;"Žilinský kraj";213;2139;67;2206;NA;106091;280;2020-11-24;20923
2020-11-23;"Žilinský kraj";170;759;44;803;NA;106091;214;2020-11-23;20643
2020-11-22;"Žilinský kraj";11;67;2;69;NA;106091;13;2020-11-22;20429
2020-11-21;"Žilinský kraj";61;505;20;525;NA;106091;81;2020-11-21;20416
2020-11-20;"Žilinský kraj";251;1074;45;1119;NA;106091;296;2020-11-20;20335
2020-11-19;"Žilinský kraj";252;752;61;813;NA;106091;313;2020-11-19;20039
2020-11-18;"Žilinský kraj";346;348;15;363;NA;106091;361;2020-11-18;19726
2020-11-17;"Žilinský kraj";123;490;15;505;NA;106091;138;2020-11-17;19365
2020-11-16;"Žilinský kraj";227;247;15;262;NA;106091;242;2020-11-16;19227
2020-11-15;"Žilinský kraj";63;13;0;13;NA;106091;63;2020-11-15;18985
2020-11-14;"Žilinský kraj";189;1038;11;1049;NA;106091;200;2020-11-14;18922
2020-11-13;"Žilinský kraj";181;125;9;134;NA;106091;190;2020-11-13;18722
2020-11-12;"Žilinský kraj";334;79;2;81;NA;106091;336;2020-11-12;18532
2020-11-11;"Žilinský kraj";489;147;10;157;NA;106091;499;2020-11-11;18196
2020-11-10;"Žilinský kraj";374;519;9;528;NA;106091;383;2020-11-10;17697
2020-11-09;"Žilinský kraj";143;2335;30;2365;NA;106091;173;2020-11-09;17314
2020-11-08;"Žilinský kraj";59;2538;37;2575;NA;106091;96;2020-11-08;17141
2020-11-07;"Žilinský kraj";312;8175;88;8263;NA;106091;400;2020-11-07;17045
2020-11-06;"Žilinský kraj";503;4090;38;4128;NA;106091;541;2020-11-06;16645
2020-11-05;"Žilinský kraj";473;64;4;68;NA;106091;477;2020-11-05;16104
2020-11-04;"Žilinský kraj";423;178;10;188;NA;106091;433;2020-11-04;15627
2020-11-03;"Žilinský kraj";688;889;16;905;NA;106091;704;2020-11-03;15194
2020-11-02;"Žilinský kraj";472;1043;39;1082;NA;106091;511;2020-11-02;14490
2020-11-01;"Žilinský kraj";349;5096;130;5226;NA;106091;479;2020-11-01;13979
2020-10-31;"Žilinský kraj";661;7963;203;8166;NA;106091;864;2020-10-31;13500
2020-10-30;"Žilinský kraj";529;2575;61;2636;NA;106091;590;2020-10-30;12636
2020-10-29;"Žilinský kraj";740;503;17;520;NA;106091;757;2020-10-29;12046
2020-10-28;"Žilinský kraj";635;105;11;116;NA;106091;646;2020-10-28;11289
2020-10-27;"Žilinský kraj";355;154;24;178;NA;106091;379;2020-10-27;10643
2020-10-26;"Žilinský kraj";148;117;28;145;NA;106091;176;2020-10-26;10264
2020-10-25;"Žilinský kraj";436;0;0;0;NA;106091;436;2020-10-25;10088
2020-10-24;"Žilinský kraj";803;0;0;0;NA;106091;803;2020-10-24;9652
2020-10-23;"Žilinský kraj";659;102;13;115;NA;106091;672;2020-10-23;8849
2020-10-22;"Žilinský kraj";525;33;3;36;NA;106091;528;2020-10-22;8177
2020-10-21;"Žilinský kraj";478;74;14;88;NA;106091;492;2020-10-21;7649
2020-10-20;"Žilinský kraj";524;127;8;135;NA;106091;532;2020-10-20;7157
2020-10-19;"Žilinský kraj";70;80;12;92;NA;106091;82;2020-10-19;6625
2020-10-18;"Žilinský kraj";159;0;0;0;NA;106091;159;2020-10-18;6543
2020-10-17;"Žilinský kraj";509;0;0;0;NA;106091;509;2020-10-17;6384
2020-10-16;"Žilinský kraj";603;51;9;60;NA;106091;612;2020-10-16;5875
2020-10-15;"Žilinský kraj";679;61;3;64;NA;106091;682;2020-10-15;5263
2020-10-14;"Žilinský kraj";523;269;6;275;NA;106091;529;2020-10-14;4581
2020-10-13;"Žilinský kraj";367;458;40;498;NA;106091;407;2020-10-13;4052
2020-10-12;"Žilinský kraj";62;0;0;0;NA;106091;62;2020-10-12;3645
2020-10-11;"Žilinský kraj";50;0;0;0;NA;106091;50;2020-10-11;3583
2020-10-10;"Žilinský kraj";213;0;0;0;NA;106091;213;2020-10-10;3533
2020-10-09;"Žilinský kraj";543;0;0;0;NA;106091;543;2020-10-09;3320
2020-10-08;"Žilinský kraj";238;0;0;0;NA;106091;238;2020-10-08;2777
2020-10-07;"Žilinský kraj";168;0;0;0;NA;106091;168;2020-10-07;2539
2020-10-06;"Žilinský kraj";233;0;0;0;NA;106091;233;2020-10-06;2371
2020-10-05;"Žilinský kraj";33;0;0;0;NA;106091;33;2020-10-05;2138
2020-10-04;"Žilinský kraj";35;0;0;0;NA;106091;35;2020-10-04;2105
2020-10-03;"Žilinský kraj";155;0;0;0;NA;106091;155;2020-10-03;2070
2020-10-02;"Žilinský kraj";105;0;0;0;NA;106091;105;2020-10-02;1915
2020-10-01;"Žilinský kraj";147;0;0;0;NA;106091;147;2020-10-01;1810
2020-09-30;"Žilinský kraj";163;0;0;0;NA;106091;163;2020-09-30;1663
2020-09-29;"Žilinský kraj";105;0;0;0;NA;106091;105;2020-09-29;1500
2020-09-28;"Žilinský kraj";34;0;0;0;NA;106091;34;2020-09-28;1395
2020-09-27;"Žilinský kraj";108;0;0;0;NA;106091;108;2020-09-27;1361
2020-09-26;"Žilinský kraj";96;0;0;0;NA;106091;96;2020-09-26;1253
2020-09-25;"Žilinský kraj";69;0;0;0;NA;106091;69;2020-09-25;1157
2020-09-24;"Žilinský kraj";100;0;0;0;NA;106091;100;2020-09-24;1088
2020-09-23;"Žilinský kraj";65;0;0;0;NA;106091;65;2020-09-23;988
2020-09-22;"Žilinský kraj";65;0;0;0;NA;106091;65;2020-09-22;923
2020-09-21;"Žilinský kraj";47;0;0;0;NA;106091;47;2020-09-21;858
2020-09-20;"Žilinský kraj";4;0;0;0;NA;106091;4;2020-09-20;811
2020-09-19;"Žilinský kraj";6;0;0;0;NA;106091;6;2020-09-19;807
2020-09-18;"Žilinský kraj";82;0;0;0;NA;106091;82;2020-09-18;801
2020-09-17;"Žilinský kraj";30;0;0;0;NA;106091;30;2020-09-17;719
2020-09-16;"Žilinský kraj";34;0;0;0;NA;106091;34;2020-09-16;689
2020-09-15;"Žilinský kraj";12;0;0;0;NA;106091;12;2020-09-15;655
2020-09-14;"Žilinský kraj";39;0;0;0;NA;106091;39;2020-09-14;643
2020-09-13;"Žilinský kraj";6;0;0;0;NA;106091;6;2020-09-13;604
2020-09-12;"Žilinský kraj";4;0;0;0;NA;106091;4;2020-09-12;598
2020-09-11;"Žilinský kraj";31;0;0;0;NA;106091;31;2020-09-11;594
2020-09-10;"Žilinský kraj";31;0;0;0;NA;106091;31;2020-09-10;563
2020-09-09;"Žilinský kraj";23;0;0;0;NA;106091;23;2020-09-09;532
2020-09-08;"Žilinský kraj";25;0;0;0;NA;106091;25;2020-09-08;509
2020-09-07;"Žilinský kraj";11;0;0;0;NA;106091;11;2020-09-07;484
2020-09-06;"Žilinský kraj";0;0;0;0;NA;106091;0;2020-09-06;473
2020-09-05;"Žilinský kraj";2;0;0;0;NA;106091;2;2020-09-05;473
2020-09-04;"Žilinský kraj";33;0;0;0;NA;106091;33;2020-09-04;471
2020-09-03;"Žilinský kraj";18;0;0;0;NA;106091;18;2020-09-03;438
2020-09-02;"Žilinský kraj";16;0;0;0;NA;106091;16;2020-09-02;420
2020-09-01;"Žilinský kraj";4;0;0;0;NA;106091;4;2020-09-01;404
2020-08-31;"Žilinský kraj";5;0;0;0;NA;106091;5;2020-08-31;400
2020-08-30;"Žilinský kraj";3;0;0;0;NA;106091;3;2020-08-30;395
2020-08-29;"Žilinský kraj";5;0;0;0;NA;106091;5;2020-08-29;392
2020-08-28;"Žilinský kraj";13;0;0;0;NA;106091;13;2020-08-28;387
2020-08-27;"Žilinský kraj";18;0;0;0;NA;106091;18;2020-08-27;374
2020-08-26;"Žilinský kraj";8;0;0;0;NA;106091;8;2020-08-26;356
2020-08-25;"Žilinský kraj";2;0;0;0;NA;106091;2;2020-08-25;348
2020-08-24;"Žilinský kraj";5;0;0;0;NA;106091;5;2020-08-24;346
2020-08-23;"Žilinský kraj";0;0;0;0;NA;106091;0;2020-08-23;341
2020-08-22;"Žilinský kraj";0;0;0;0;NA;106091;0;2020-08-22;341
2020-08-21;"Žilinský kraj";10;0;0;0;NA;106091;10;2020-08-21;341
2020-08-20;"Žilinský kraj";13;0;0;0;NA;106091;13;2020-08-20;331
2020-08-19;"Žilinský kraj";7;0;0;0;NA;106091;7;2020-08-19;318
2020-08-18;"Žilinský kraj";9;0;0;0;NA;106091;9;2020-08-18;311
2020-08-17;"Žilinský kraj";1;0;0;0;NA;106091;1;2020-08-17;302
2020-08-16;"Žilinský kraj";0;0;0;0;NA;106091;0;2020-08-16;301
2020-08-15;"Žilinský kraj";0;0;0;0;NA;106091;0;2020-08-15;301
2020-08-14;"Žilinský kraj";4;0;0;0;NA;106091;4;2020-08-14;301
2020-08-13;"Žilinský kraj";2;0;0;0;NA;106091;2;2020-08-13;297
2020-08-12;"Žilinský kraj";0;0;0;0;NA;106091;0;2020-08-12;295
2020-08-11;"Žilinský kraj";4;0;0;0;NA;106091;4;2020-08-11;295
2020-08-10;"Žilinský kraj";1;0;0;0;NA;106091;1;2020-08-10;291
2020-08-09;"Žilinský kraj";0;0;0;0;NA;106091;0;2020-08-09;290
2020-08-08;"Žilinský kraj";3;0;0;0;NA;106091;3;2020-08-08;290
2020-08-07;"Žilinský kraj";8;0;0;0;NA;106091;8;2020-08-07;287
2020-08-06;"Žilinský kraj";1;0;0;0;NA;106091;1;2020-08-06;279
2020-08-05;"Žilinský kraj";1;0;0;0;NA;106091;1;2020-08-05;278
2020-08-04;"Žilinský kraj";2;0;0;0;NA;106091;2;2020-08-04;277
2020-08-03;"Žilinský kraj";0;0;0;0;NA;106091;0;2020-08-03;275
2020-08-02;"Žilinský kraj";1;0;0;0;NA;106091;1;2020-08-02;275
2020-08-01;"Žilinský kraj";0;0;0;0;NA;106091;0;2020-08-01;274
2020-07-31;"Žilinský kraj";4;0;0;0;NA;106091;4;2020-07-31;274
2020-07-30;"Žilinský kraj";2;0;0;0;NA;106091;2;2020-07-30;270
2020-07-29;"Žilinský kraj";2;0;0;0;NA;106091;2;2020-07-29;268
2020-07-28;"Žilinský kraj";4;0;0;0;NA;106091;4;2020-07-28;266
2020-07-27;"Žilinský kraj";6;0;0;0;NA;106091;6;2020-07-27;262
2020-07-26;"Žilinský kraj";0;0;0;0;NA;106091;0;2020-07-26;256
2020-07-25;"Žilinský kraj";0;0;0;0;NA;106091;0;2020-07-25;256
2020-07-24;"Žilinský kraj";2;0;0;0;NA;106091;2;2020-07-24;256
2020-07-23;"Žilinský kraj";0;0;0;0;NA;106091;0;2020-07-23;254
2020-07-22;"Žilinský kraj";1;0;0;0;NA;106091;1;2020-07-22;254
2020-07-21;"Žilinský kraj";2;0;0;0;NA;106091;2;2020-07-21;253
2020-07-20;"Žilinský kraj";3;0;0;0;NA;106091;3;2020-07-20;251
2020-07-19;"Žilinský kraj";0;0;0;0;NA;106091;0;2020-07-19;248
2020-07-18;"Žilinský kraj";0;0;0;0;NA;106091;0;2020-07-18;248
2020-07-17;"Žilinský kraj";2;0;0;0;NA;106091;2;2020-07-17;248
2020-07-16;"Žilinský kraj";2;0;0;0;NA;106091;2;2020-07-16;246
2020-07-15;"Žilinský kraj";2;0;0;0;NA;106091;2;2020-07-15;244
2020-07-14;"Žilinský kraj";1;0;0;0;NA;106091;1;2020-07-14;242
2020-07-13;"Žilinský kraj";0;0;0;0;NA;106091;0;2020-07-13;241
2020-07-12;"Žilinský kraj";0;0;0;0;NA;106091;0;2020-07-12;241
2020-07-11;"Žilinský kraj";2;0;0;0;NA;106091;2;2020-07-11;241
2020-07-10;"Žilinský kraj";3;0;0;0;NA;106091;3;2020-07-10;239
2020-07-09;"Žilinský kraj";2;0;0;0;NA;106091;2;2020-07-09;236
2020-07-08;"Žilinský kraj";10;0;0;0;NA;106091;10;2020-07-08;234
2020-07-07;"Žilinský kraj";7;0;0;0;NA;106091;7;2020-07-07;224
2020-07-06;"Žilinský kraj";0;0;0;0;NA;106091;0;2020-07-06;217
2020-07-05;"Žilinský kraj";0;0;0;0;NA;106091;0;2020-07-05;217
2020-07-04;"Žilinský kraj";10;0;0;0;NA;106091;10;2020-07-04;217
2020-07-03;"Žilinský kraj";18;0;0;0;NA;106091;18;2020-07-03;207
2020-07-02;"Žilinský kraj";7;0;0;0;NA;106091;7;2020-07-02;189
2020-07-01;"Žilinský kraj";0;0;0;0;NA;106091;0;2020-07-01;182
2020-06-30;"Žilinský kraj";4;0;0;0;NA;106091;4;2020-06-30;182
2020-06-29;"Žilinský kraj";0;0;0;0;NA;106091;0;2020-06-29;178
2020-06-28;"Žilinský kraj";1;0;0;0;NA;106091;1;2020-06-28;178
2020-06-27;"Žilinský kraj";3;0;0;0;NA;106091;3;2020-06-27;177
2020-06-26;"Žilinský kraj";5;0;0;0;NA;106091;5;2020-06-26;174
2020-06-25;"Žilinský kraj";7;0;0;0;NA;106091;7;2020-06-25;169
2020-06-24;"Žilinský kraj";11;0;0;0;NA;106091;11;2020-06-24;162
2020-06-23;"Žilinský kraj";9;0;0;0;NA;106091;9;2020-06-23;151
2020-06-22;"Žilinský kraj";0;0;0;0;NA;106091;0;2020-06-22;142
2020-06-21;"Žilinský kraj";1;0;0;0;NA;106091;1;2020-06-21;142
2020-06-20;"Žilinský kraj";1;0;0;0;NA;106091;1;2020-06-20;141
2020-06-19;"Žilinský kraj";4;0;0;0;NA;106091;4;2020-06-19;140
2020-06-18;"Žilinský kraj";1;0;0;0;NA;106091;1;2020-06-18;136
2020-06-17;"Žilinský kraj";0;0;0;0;NA;106091;0;2020-06-17;135
2020-06-16;"Žilinský kraj";1;0;0;0;NA;106091;1;2020-06-16;135
2020-06-14;"Žilinský kraj";0;0;0;0;NA;106091;0;2020-06-14;134
2020-06-13;"Žilinský kraj";0;0;0;0;NA;106091;0;2020-06-13;134
2020-06-12;"Žilinský kraj";0;0;0;0;NA;106091;0;2020-06-12;134
2020-06-11;"Žilinský kraj";0;0;0;0;NA;106091;0;2020-06-11;134
2020-06-10;"Žilinský kraj";0;0;0;0;NA;106091;0;2020-06-10;134
2020-06-09;"Žilinský kraj";1;0;0;0;NA;106091;1;2020-06-09;134
2020-06-08;"Žilinský kraj";0;0;0;0;NA;106091;0;2020-06-08;133
2020-06-07;"Žilinský kraj";0;0;0;0;NA;106091;0;2020-06-07;133
2020-06-05;"Žilinský kraj";0;0;0;0;NA;106091;0;2020-06-05;133
2020-06-03;"Žilinský kraj";0;0;0;0;NA;106091;0;2020-06-03;133
2020-06-02;"Žilinský kraj";0;0;0;0;NA;106091;0;2020-06-02;133
2020-05-31;"Žilinský kraj";0;0;0;0;NA;106091;0;2020-05-31;133
2020-05-29;"Žilinský kraj";0;0;0;0;NA;106091;0;2020-05-29;133
2020-05-27;"Žilinský kraj";1;0;0;0;NA;106091;1;2020-05-27;133
2020-05-26;"Žilinský kraj";1;0;0;0;NA;106091;1;2020-05-26;132
2020-05-25;"Žilinský kraj";0;0;0;0;NA;106091;0;2020-05-25;131
2020-05-24;"Žilinský kraj";0;0;0;0;NA;106091;0;2020-05-24;131
2020-05-23;"Žilinský kraj";0;0;0;0;NA;106091;0;2020-05-23;131
2020-05-22;"Žilinský kraj";0;0;0;0;NA;106091;0;2020-05-22;131
2020-05-21;"Žilinský kraj";0;0;0;0;NA;106091;0;2020-05-21;131
2020-05-20;"Žilinský kraj";0;0;0;0;NA;106091;0;2020-05-20;131
2020-05-19;"Žilinský kraj";1;0;0;0;NA;106091;1;2020-05-19;131
2020-05-17;"Žilinský kraj";0;0;0;0;NA;106091;0;2020-05-17;130
2020-05-16;"Žilinský kraj";0;0;0;0;NA;106091;0;2020-05-16;130
2020-05-15;"Žilinský kraj";0;0;0;0;NA;106091;0;2020-05-15;130
2020-05-14;"Žilinský kraj";0;0;0;0;NA;106091;0;2020-05-14;130
2020-05-13;"Žilinský kraj";0;0;0;0;NA;106091;0;2020-05-13;130
2020-05-12;"Žilinský kraj";0;0;0;0;NA;106091;0;2020-05-12;130
2020-05-11;"Žilinský kraj";0;0;0;0;NA;106091;0;2020-05-11;130
2020-05-09;"Žilinský kraj";0;0;0;0;NA;106091;0;2020-05-09;130
2020-05-07;"Žilinský kraj";0;0;0;0;NA;106091;0;2020-05-07;130
2020-05-06;"Žilinský kraj";2;0;0;0;NA;106091;2;2020-05-06;130
2020-05-05;"Žilinský kraj";3;0;0;0;NA;106091;3;2020-05-05;128
2020-05-04;"Žilinský kraj";3;0;0;0;NA;106091;3;2020-05-04;125
2020-05-03;"Žilinský kraj";1;0;0;0;NA;106091;1;2020-05-03;122
2020-05-02;"Žilinský kraj";0;0;0;0;NA;106091;0;2020-05-02;121
2020-05-01;"Žilinský kraj";1;0;0;0;NA;106091;1;2020-05-01;121
2020-04-30;"Žilinský kraj";0;0;0;0;NA;106091;0;2020-04-30;120
2020-04-29;"Žilinský kraj";0;0;0;0;NA;106091;0;2020-04-29;120
2020-04-28;"Žilinský kraj";0;0;0;0;NA;106091;0;2020-04-28;120
2020-04-27;"Žilinský kraj";0;0;0;0;NA;106091;0;2020-04-27;120
2020-04-26;"Žilinský kraj";0;0;0;0;NA;106091;0;2020-04-26;120
2020-04-25;"Žilinský kraj";2;0;0;0;NA;106091;2;2020-04-25;120
2020-04-24;"Žilinský kraj";1;0;0;0;NA;106091;1;2020-04-24;118
2020-04-23;"Žilinský kraj";2;0;0;0;NA;106091;2;2020-04-23;117
2020-04-22;"Žilinský kraj";9;0;0;0;NA;106091;9;2020-04-22;115
2020-04-21;"Žilinský kraj";1;0;0;0;NA;106091;1;2020-04-21;106
2020-04-20;"Žilinský kraj";4;0;0;0;NA;106091;4;2020-04-20;105
2020-04-19;"Žilinský kraj";0;0;0;0;NA;106091;0;2020-04-19;101
2020-04-18;"Žilinský kraj";49;0;0;0;NA;106091;49;2020-04-18;101
2020-04-17;"Žilinský kraj";3;0;0;0;NA;106091;3;2020-04-17;52
2020-04-16;"Žilinský kraj";4;0;0;0;NA;106091;4;2020-04-16;49
2020-04-15;"Žilinský kraj";7;0;0;0;NA;106091;7;2020-04-15;45
2020-04-14;"Žilinský kraj";1;0;0;0;NA;106091;1;2020-04-14;38
2020-04-13;"Žilinský kraj";2;0;0;0;NA;106091;2;2020-04-13;37
2020-04-12;"Žilinský kraj";5;0;0;0;NA;106091;5;2020-04-12;35
2020-04-11;"Žilinský kraj";2;0;0;0;NA;106091;2;2020-04-11;30
2020-04-10;"Žilinský kraj";1;0;0;0;NA;106091;1;2020-04-10;28
2020-04-09;"Žilinský kraj";1;0;0;0;NA;106091;1;2020-04-09;27
2020-04-08;"Žilinský kraj";3;0;0;0;NA;106091;3;2020-04-08;26
2020-04-07;"Žilinský kraj";5;0;0;0;NA;106091;5;2020-04-07;23
2020-04-06;"Žilinský kraj";6;0;0;0;NA;106091;6;2020-04-06;18
2020-04-05;"Žilinský kraj";8;0;0;0;NA;106091;8;2020-04-05;12
2020-04-04;"Žilinský kraj";0;0;0;0;NA;106091;0;2020-04-04;4
2020-04-03;"Žilinský kraj";3;0;0;0;NA;106091;3;2020-04-03;4
2020-04-02;"Žilinský kraj";5;0;0;0;NA;106091;5;2020-04-02;1
2020-04-01;"Žilinský kraj";4;0;0;0;NA;106091;4;2020-04-01;-4
2020-03-31;"Žilinský kraj";1;0;0;0;NA;106091;1;2020-03-31;-8
2020-03-30;"Žilinský kraj";3;0;0;0;NA;106091;3;2020-03-30;-9
2020-03-29;"Žilinský kraj";0;0;0;0;NA;106091;0;2020-03-29;-12
2020-03-28;"Žilinský kraj";1;0;0;0;NA;106091;1;2020-03-28;-12
2020-03-27;"Žilinský kraj";9;0;0;0;NA;106091;9;2020-03-27;-13
2020-03-26;"Žilinský kraj";4;0;0;0;NA;106091;4;2020-03-26;-22
2020-03-25;"Žilinský kraj";1;0;0;0;NA;106091;1;2020-03-25;-26
2020-03-24;"Žilinský kraj";2;0;0;0;NA;106091;2;2020-03-24;-27
2020-03-23;"Žilinský kraj";3;0;0;0;NA;106091;3;2020-03-23;-29
2020-03-22;"Žilinský kraj";1;0;0;0;NA;106091;1;2020-03-22;-32
2020-03-21;"Žilinský kraj";2;0;0;0;NA;106091;2;2020-03-21;-33
2020-03-20;"Žilinský kraj";4;0;0;0;NA;106091;4;2020-03-20;-35
2020-03-19;"Žilinský kraj";2;219;0;219;NA;106091;2;2020-03-19;-39
2020-03-18;"Žilinský kraj";1;0;0;0;NA;106091;1;2020-03-18;-41
2020-03-17;"Žilinský kraj";5;0;0;0;NA;106091;5;2020-03-17;-42
2020-03-16;"Žilinský kraj";1;0;0;0;NA;106091;1;2020-03-16;-47
2020-03-15;"Žilinský kraj";2;0;0;0;NA;106091;2;2020-03-15;-48
2020-03-14;"Žilinský kraj";1;0;0;0;NA;106091;1;2020-03-14;-50
2020-03-13;"Žilinský kraj";5;0;0;0;NA;106091;5;2020-03-13;-51
2020-03-12;"Žilinský kraj";1;0;0;0;NA;106091;1;2020-03-12;-56
2020-03-11;"Žilinský kraj";0;0;0;0;NA;106091;0;2020-03-11;-57
2020-03-09;"Žilinský kraj";1;0;0;0;NA;106091;1;2020-03-09;-57
2020-03-08;"Žilinský kraj";0;0;0;0;NA;106091;0;2020-03-08;-58
2020-03-07;"Žilinský kraj";0;0;0;0;NA;106091;0;2020-03-07;-58
2020-03-06;"Žilinský kraj";0;0;0;0;NA;106091;0;2020-03-06;-58
