"Datum";"Region";"PCR_Pos";"Ag_Neg";"Ag_Pos";"Total";"Pocet.potvrdenych";"Potvrdenych";"newcases";"date";"positive"
2021-03-16;"Banskobystrický kraj";340;20055;194;20249;33024;68461;534;2021-03-16;68461
2021-03-15;"Banskobystrický kraj";95;29160;323;29483;NA;68461;418;2021-03-15;67927
2021-03-14;"Banskobystrický kraj";39;15312;67;15379;NA;68461;106;2021-03-14;67509
2021-03-13;"Banskobystrický kraj";209;65799;384;66183;NA;68461;593;2021-03-13;67403
2021-03-12;"Banskobystrický kraj";206;41859;337;42196;NA;68461;543;2021-03-12;66810
2021-03-11;"Banskobystrický kraj";228;19919;249;20168;NA;68461;477;2021-03-11;66267
2021-03-10;"Banskobystrický kraj";260;20038;236;20274;NA;68461;496;2021-03-10;65790
2021-03-09;"Banskobystrický kraj";352;22008;288;22296;NA;68461;640;2021-03-09;65294
2021-03-08;"Banskobystrický kraj";191;31290;421;31711;NA;68461;612;2021-03-08;64654
2021-03-07;"Banskobystrický kraj";60;34334;240;34574;NA;68461;300;2021-03-07;64042
2021-03-06;"Banskobystrický kraj";164;58592;309;58901;NA;68461;473;2021-03-06;63742
2021-03-05;"Banskobystrický kraj";221;41979;385;42364;NA;68461;606;2021-03-05;63269
2021-03-04;"Banskobystrický kraj";226;21651;338;21989;NA;68461;564;2021-03-04;62663
2021-03-03;"Banskobystrický kraj";317;22091;335;22426;NA;68461;652;2021-03-03;62099
2021-03-02;"Banskobystrický kraj";291;22250;347;22597;NA;68461;638;2021-03-02;61447
2021-03-01;"Banskobystrický kraj";151;32355;439;32794;NA;68461;590;2021-03-01;60809
2021-02-28;"Banskobystrický kraj";45;17798;140;17938;NA;68461;185;2021-02-28;60219
2021-02-27;"Banskobystrický kraj";289;65774;522;66296;NA;68461;811;2021-02-27;60034
2021-02-26;"Banskobystrický kraj";326;40089;476;40565;NA;68461;802;2021-02-26;59223
2021-02-25;"Banskobystrický kraj";375;17768;367;18135;NA;68461;742;2021-02-25;58421
2021-02-24;"Banskobystrický kraj";332;16760;374;17134;NA;68461;706;2021-02-24;57679
2021-02-23;"Banskobystrický kraj";462;19704;444;20148;NA;68461;906;2021-02-23;56973
2021-02-22;"Banskobystrický kraj";67;23297;490;23787;NA;68461;557;2021-02-22;56067
2021-02-21;"Banskobystrický kraj";68;27076;290;27366;NA;68461;358;2021-02-21;55510
2021-02-20;"Banskobystrický kraj";280;68607;598;69205;NA;68461;878;2021-02-20;55152
2021-02-19;"Banskobystrický kraj";420;39089;500;39589;NA;68461;920;2021-02-19;54274
2021-02-18;"Banskobystrický kraj";241;19026;404;19430;NA;68461;645;2021-02-18;53354
2021-02-17;"Banskobystrický kraj";415;16063;386;16449;NA;68461;801;2021-02-17;52709
2021-02-16;"Banskobystrický kraj";338;20422;368;20790;NA;68461;706;2021-02-16;51908
2021-02-15;"Banskobystrický kraj";118;35005;570;35575;NA;68461;688;2021-02-15;51202
2021-02-14;"Banskobystrický kraj";60;15609;134;15743;NA;68461;194;2021-02-14;50514
2021-02-13;"Banskobystrický kraj";202;45128;408;45536;NA;68461;610;2021-02-13;50320
2021-02-12;"Banskobystrický kraj";312;36834;536;37370;NA;68461;848;2021-02-12;49710
2021-02-11;"Banskobystrický kraj";305;21488;395;21883;NA;68461;700;2021-02-11;48862
2021-02-10;"Banskobystrický kraj";333;14390;338;14728;NA;68461;671;2021-02-10;48162
2021-02-09;"Banskobystrický kraj";329;17900;353;18253;NA;68461;682;2021-02-09;47491
2021-02-08;"Banskobystrický kraj";103;41946;601;42547;NA;68461;704;2021-02-08;46809
2021-02-07;"Banskobystrický kraj";70;24469;148;24617;NA;68461;218;2021-02-07;46105
2021-02-06;"Banskobystrický kraj";178;63194;553;63747;NA;68461;731;2021-02-06;45887
2021-02-05;"Banskobystrický kraj";282;24123;354;24477;NA;68461;636;2021-02-05;45156
2021-02-04;"Banskobystrický kraj";240;13546;439;13985;NA;68461;679;2021-02-04;44520
2021-02-03;"Banskobystrický kraj";350;9150;245;9395;NA;68461;595;2021-02-03;43841
2021-02-02;"Banskobystrický kraj";277;14758;323;15081;NA;68461;600;2021-02-02;43246
2021-02-01;"Banskobystrický kraj";75;19064;382;19446;NA;68461;457;2021-02-01;42646
2021-01-31;"Banskobystrický kraj";34;24292;213;24505;NA;68461;247;2021-01-31;42189
2021-01-30;"Banskobystrický kraj";163;46244;387;46631;NA;68461;550;2021-01-30;41942
2021-01-29;"Banskobystrický kraj";196;16709;265;16974;NA;68461;461;2021-01-29;41392
2021-01-28;"Banskobystrický kraj";218;14011;362;14373;NA;68461;580;2021-01-28;40931
2021-01-27;"Banskobystrický kraj";191;10775;203;10978;NA;68461;394;2021-01-27;40351
2021-01-26;"Banskobystrický kraj";238;19616;283;19899;NA;68461;521;2021-01-26;39957
2021-01-25;"Banskobystrický kraj";82;31517;381;31898;NA;68461;463;2021-01-25;39436
2021-01-24;"Banskobystrický kraj";38;29266;238;29504;NA;68461;276;2021-01-24;38973
2021-01-23;"Banskobystrický kraj";142;84220;506;84726;NA;68461;648;2021-01-23;38697
2021-01-22;"Banskobystrický kraj";175;27181;359;27540;NA;68461;534;2021-01-22;38049
2021-01-21;"Banskobystrický kraj";194;16592;285;16877;NA;68461;479;2021-01-21;37515
2021-01-20;"Banskobystrický kraj";231;8540;183;8723;NA;68461;414;2021-01-20;37036
2021-01-19;"Banskobystrický kraj";213;10493;308;10801;NA;68461;521;2021-01-19;36622
2021-01-18;"Banskobystrický kraj";94;5625;340;5965;NA;68461;434;2021-01-18;36101
2021-01-17;"Banskobystrický kraj";110;8150;77;8227;NA;68461;187;2021-01-17;35667
2021-01-16;"Banskobystrický kraj";58;1403;35;1438;NA;68461;93;2021-01-16;35480
2021-01-15;"Banskobystrický kraj";164;6931;209;7140;NA;68461;373;2021-01-15;35387
2021-01-14;"Banskobystrický kraj";220;5760;325;6085;NA;68461;545;2021-01-14;35014
2021-01-13;"Banskobystrický kraj";235;5734;203;5937;NA;68461;438;2021-01-13;34469
2021-01-12;"Banskobystrický kraj";194;6667;298;6965;NA;68461;492;2021-01-12;34031
2021-01-11;"Banskobystrický kraj";76;8128;481;8609;NA;68461;557;2021-01-11;33539
2021-01-10;"Banskobystrický kraj";110;102;4;106;NA;68461;114;2021-01-10;32982
2021-01-09;"Banskobystrický kraj";297;2260;83;2343;NA;68461;380;2021-01-09;32868
2021-01-08;"Banskobystrický kraj";435;9295;430;9725;NA;68461;865;2021-01-08;32488
2021-01-07;"Banskobystrický kraj";127;5260;333;5593;NA;68461;460;2021-01-07;31623
2021-01-06;"Banskobystrický kraj";305;3072;185;3257;NA;68461;490;2021-01-06;31163
2021-01-05;"Banskobystrický kraj";372;7259;533;7792;NA;68461;905;2021-01-05;30673
2021-01-04;"Banskobystrický kraj";130;6992;701;7693;NA;68461;831;2021-01-04;29768
2021-01-03;"Banskobystrický kraj";199;162;13;175;NA;68461;212;2021-01-03;28937
2021-01-02;"Banskobystrický kraj";123;583;83;666;NA;68461;206;2021-01-02;28725
2021-01-01;"Banskobystrický kraj";220;1668;115;1783;NA;68461;335;2021-01-01;28519
2020-12-31;"Banskobystrický kraj";499;7279;632;7911;NA;68461;1131;2020-12-31;28184
2020-12-30;"Banskobystrický kraj";593;7568;556;8124;NA;68461;1149;2020-12-30;27053
2020-12-29;"Banskobystrický kraj";240;7844;663;8507;NA;68461;903;2020-12-29;25904
2020-12-28;"Banskobystrický kraj";131;5661;703;6364;NA;68461;834;2020-12-28;25001
2020-12-27;"Banskobystrický kraj";116;496;25;521;NA;68461;141;2020-12-27;24167
2020-12-26;"Banskobystrický kraj";61;259;32;291;NA;68461;93;2020-12-26;24026
2020-12-25;"Banskobystrický kraj";65;229;6;235;NA;68461;71;2020-12-25;23933
2020-12-24;"Banskobystrický kraj";452;3675;135;3810;NA;68461;587;2020-12-24;23862
2020-12-23;"Banskobystrický kraj";368;10104;507;10611;NA;68461;875;2020-12-23;23275
2020-12-22;"Banskobystrický kraj";307;8434;624;9058;NA;68461;931;2020-12-22;22400
2020-12-21;"Banskobystrický kraj";286;4898;448;5346;NA;68461;734;2020-12-21;21469
2020-12-20;"Banskobystrický kraj";155;99;14;113;NA;68461;169;2020-12-20;20735
2020-12-19;"Banskobystrický kraj";170;2918;135;3053;NA;68461;305;2020-12-19;20566
2020-12-18;"Banskobystrický kraj";432;6454;414;6868;NA;68461;846;2020-12-18;20261
2020-12-17;"Banskobystrický kraj";468;8593;653;9246;NA;68461;1121;2020-12-17;19415
2020-12-16;"Banskobystrický kraj";379;10080;557;10637;NA;68461;936;2020-12-16;18294
2020-12-15;"Banskobystrický kraj";336;5318;430;5748;NA;68461;766;2020-12-15;17358
2020-12-14;"Banskobystrický kraj";148;3733;259;3992;NA;68461;407;2020-12-14;16592
2020-12-13;"Banskobystrický kraj";122;19;1;20;NA;68461;123;2020-12-13;16185
2020-12-12;"Banskobystrický kraj";137;2594;138;2732;NA;68461;275;2020-12-12;16062
2020-12-11;"Banskobystrický kraj";468;6443;374;6817;NA;68461;842;2020-12-11;15787
2020-12-10;"Banskobystrický kraj";280;5027;351;5378;NA;68461;631;2020-12-10;14945
2020-12-09;"Banskobystrický kraj";323;3707;212;3919;NA;68461;535;2020-12-09;14314
2020-12-08;"Banskobystrický kraj";256;3667;276;3943;NA;68461;532;2020-12-08;13779
2020-12-07;"Banskobystrický kraj";175;2006;140;2146;NA;68461;315;2020-12-07;13247
2020-12-06;"Banskobystrický kraj";121;359;9;368;NA;68461;130;2020-12-06;12932
2020-12-05;"Banskobystrický kraj";109;952;33;985;NA;68461;142;2020-12-05;12802
2020-12-04;"Banskobystrický kraj";339;3723;174;3897;NA;68461;513;2020-12-04;12660
2020-12-03;"Banskobystrický kraj";240;2913;227;3140;NA;68461;467;2020-12-03;12147
2020-12-02;"Banskobystrický kraj";217;4292;186;4478;NA;68461;403;2020-12-02;11680
2020-12-01;"Banskobystrický kraj";215;2619;134;2753;NA;68461;349;2020-12-01;11277
2020-11-30;"Banskobystrický kraj";74;3761;226;3987;NA;68461;300;2020-11-30;10928
2020-11-29;"Banskobystrický kraj";19;80;3;83;NA;68461;22;2020-11-29;10628
2020-11-28;"Banskobystrický kraj";81;1279;48;1327;NA;68461;129;2020-11-28;10606
2020-11-27;"Banskobystrický kraj";219;1930;120;2050;NA;68461;339;2020-11-27;10477
2020-11-26;"Banskobystrický kraj";208;1855;91;1946;NA;68461;299;2020-11-26;10138
2020-11-25;"Banskobystrický kraj";170;1760;84;1844;NA;68461;254;2020-11-25;9839
2020-11-24;"Banskobystrický kraj";166;2262;67;2329;NA;68461;233;2020-11-24;9585
2020-11-23;"Banskobystrický kraj";66;9948;191;10139;NA;68461;257;2020-11-23;9352
2020-11-22;"Banskobystrický kraj";38;72;1;73;NA;68461;39;2020-11-22;9095
2020-11-21;"Banskobystrický kraj";52;885;14;899;NA;68461;66;2020-11-21;9056
2020-11-20;"Banskobystrický kraj";127;1872;105;1977;NA;68461;232;2020-11-20;8990
2020-11-19;"Banskobystrický kraj";170;1112;82;1194;NA;68461;252;2020-11-19;8758
2020-11-18;"Banskobystrický kraj";153;587;62;649;NA;68461;215;2020-11-18;8506
2020-11-17;"Banskobystrický kraj";52;578;35;613;NA;68461;87;2020-11-17;8291
2020-11-16;"Banskobystrický kraj";106;351;22;373;NA;68461;128;2020-11-16;8204
2020-11-15;"Banskobystrický kraj";52;64;2;66;NA;68461;54;2020-11-15;8076
2020-11-14;"Banskobystrický kraj";73;305;2;307;NA;68461;75;2020-11-14;8022
2020-11-13;"Banskobystrický kraj";157;552;11;563;NA;68461;168;2020-11-13;7947
2020-11-12;"Banskobystrický kraj";218;952;44;996;NA;68461;262;2020-11-12;7779
2020-11-11;"Banskobystrický kraj";224;437;9;446;NA;68461;233;2020-11-11;7517
2020-11-10;"Banskobystrický kraj";263;463;18;481;NA;68461;281;2020-11-10;7284
2020-11-09;"Banskobystrický kraj";80;2678;31;2709;NA;68461;111;2020-11-09;7003
2020-11-08;"Banskobystrický kraj";82;783;16;799;NA;68461;98;2020-11-08;6892
2020-11-07;"Banskobystrický kraj";164;8828;94;8922;NA;68461;258;2020-11-07;6794
2020-11-06;"Banskobystrický kraj";227;2496;16;2512;NA;68461;243;2020-11-06;6536
2020-11-05;"Banskobystrický kraj";240;263;33;296;NA;68461;273;2020-11-05;6293
2020-11-04;"Banskobystrický kraj";254;1366;13;1379;NA;68461;267;2020-11-04;6020
2020-11-03;"Banskobystrický kraj";246;1332;4;1336;NA;68461;250;2020-11-03;5753
2020-11-02;"Banskobystrický kraj";90;2247;65;2312;NA;68461;155;2020-11-02;5503
2020-11-01;"Banskobystrický kraj";101;2671;42;2713;NA;68461;143;2020-11-01;5348
2020-10-31;"Banskobystrický kraj";199;13516;116;13632;NA;68461;315;2020-10-31;5205
2020-10-30;"Banskobystrický kraj";254;2829;20;2849;NA;68461;274;2020-10-30;4890
2020-10-29;"Banskobystrický kraj";372;969;42;1011;NA;68461;414;2020-10-29;4616
2020-10-28;"Banskobystrický kraj";285;302;30;332;NA;68461;315;2020-10-28;4202
2020-10-27;"Banskobystrický kraj";266;654;40;694;NA;68461;306;2020-10-27;3887
2020-10-26;"Banskobystrický kraj";38;232;29;261;NA;68461;67;2020-10-26;3581
2020-10-25;"Banskobystrický kraj";50;140;11;151;NA;68461;61;2020-10-25;3514
2020-10-24;"Banskobystrický kraj";315;114;12;126;NA;68461;327;2020-10-24;3453
2020-10-23;"Banskobystrický kraj";231;230;29;259;NA;68461;260;2020-10-23;3126
2020-10-22;"Banskobystrický kraj";264;253;24;277;NA;68461;288;2020-10-22;2866
2020-10-21;"Banskobystrický kraj";209;266;3;269;NA;68461;212;2020-10-21;2578
2020-10-20;"Banskobystrický kraj";210;66;3;69;NA;68461;213;2020-10-20;2366
2020-10-19;"Banskobystrický kraj";27;71;12;83;NA;68461;39;2020-10-19;2153
2020-10-18;"Banskobystrický kraj";49;0;0;0;NA;68461;49;2020-10-18;2114
2020-10-17;"Banskobystrický kraj";91;0;0;0;NA;68461;91;2020-10-17;2065
2020-10-16;"Banskobystrický kraj";224;37;3;40;NA;68461;227;2020-10-16;1974
2020-10-15;"Banskobystrický kraj";133;29;1;30;NA;68461;134;2020-10-15;1747
2020-10-14;"Banskobystrický kraj";139;31;1;32;NA;68461;140;2020-10-14;1613
2020-10-13;"Banskobystrický kraj";151;169;11;180;NA;68461;162;2020-10-13;1473
2020-10-12;"Banskobystrický kraj";11;13;0;13;NA;68461;11;2020-10-12;1311
2020-10-11;"Banskobystrický kraj";14;0;0;0;NA;68461;14;2020-10-11;1300
2020-10-10;"Banskobystrický kraj";53;0;0;0;NA;68461;53;2020-10-10;1286
2020-10-09;"Banskobystrický kraj";128;0;0;0;NA;68461;128;2020-10-09;1233
2020-10-08;"Banskobystrický kraj";99;0;0;0;NA;68461;99;2020-10-08;1105
2020-10-07;"Banskobystrický kraj";124;0;0;0;NA;68461;124;2020-10-07;1006
2020-10-06;"Banskobystrický kraj";68;0;0;0;NA;68461;68;2020-10-06;882
2020-10-05;"Banskobystrický kraj";49;0;0;0;NA;68461;49;2020-10-05;814
2020-10-04;"Banskobystrický kraj";8;0;0;0;NA;68461;8;2020-10-04;765
2020-10-03;"Banskobystrický kraj";37;0;0;0;NA;68461;37;2020-10-03;757
2020-10-02;"Banskobystrický kraj";74;0;0;0;NA;68461;74;2020-10-02;720
2020-10-01;"Banskobystrický kraj";49;0;0;0;NA;68461;49;2020-10-01;646
2020-09-30;"Banskobystrický kraj";60;0;0;0;NA;68461;60;2020-09-30;597
2020-09-29;"Banskobystrický kraj";24;0;0;0;NA;68461;24;2020-09-29;537
2020-09-27;"Banskobystrický kraj";20;0;0;0;NA;68461;20;2020-09-27;513
2020-09-26;"Banskobystrický kraj";24;0;0;0;NA;68461;24;2020-09-26;493
2020-09-25;"Banskobystrický kraj";29;0;0;0;NA;68461;29;2020-09-25;469
2020-09-24;"Banskobystrický kraj";25;0;0;0;NA;68461;25;2020-09-24;440
2020-09-23;"Banskobystrický kraj";17;0;0;0;NA;68461;17;2020-09-23;415
2020-09-22;"Banskobystrický kraj";25;0;0;0;NA;68461;25;2020-09-22;398
2020-09-21;"Banskobystrický kraj";3;0;0;0;NA;68461;3;2020-09-21;373
2020-09-19;"Banskobystrický kraj";3;0;0;0;NA;68461;3;2020-09-19;370
2020-09-18;"Banskobystrický kraj";24;0;0;0;NA;68461;24;2020-09-18;367
2020-09-17;"Banskobystrický kraj";14;0;0;0;NA;68461;14;2020-09-17;343
2020-09-16;"Banskobystrický kraj";6;0;0;0;NA;68461;6;2020-09-16;329
2020-09-15;"Banskobystrický kraj";2;0;0;0;NA;68461;2;2020-09-15;323
2020-09-14;"Banskobystrický kraj";13;0;0;0;NA;68461;13;2020-09-14;321
2020-09-13;"Banskobystrický kraj";1;0;0;0;NA;68461;1;2020-09-13;308
2020-09-12;"Banskobystrický kraj";5;0;0;0;NA;68461;5;2020-09-12;307
2020-09-11;"Banskobystrický kraj";19;0;0;0;NA;68461;19;2020-09-11;302
2020-09-10;"Banskobystrický kraj";11;0;0;0;NA;68461;11;2020-09-10;283
2020-09-09;"Banskobystrický kraj";13;0;0;0;NA;68461;13;2020-09-09;272
2020-09-08;"Banskobystrický kraj";5;0;0;0;NA;68461;5;2020-09-08;259
2020-09-07;"Banskobystrický kraj";2;0;0;0;NA;68461;2;2020-09-07;254
2020-09-04;"Banskobystrický kraj";9;0;0;0;NA;68461;9;2020-09-04;252
2020-09-03;"Banskobystrický kraj";5;0;0;0;NA;68461;5;2020-09-03;243
2020-09-02;"Banskobystrický kraj";6;0;0;0;NA;68461;6;2020-09-02;238
2020-09-01;"Banskobystrický kraj";2;0;0;0;NA;68461;2;2020-09-01;232
2020-08-31;"Banskobystrický kraj";6;0;0;0;NA;68461;6;2020-08-31;230
2020-08-29;"Banskobystrický kraj";1;0;0;0;NA;68461;1;2020-08-29;224
2020-08-28;"Banskobystrický kraj";3;0;0;0;NA;68461;3;2020-08-28;223
2020-08-27;"Banskobystrický kraj";1;0;0;0;NA;68461;1;2020-08-27;220
2020-08-26;"Banskobystrický kraj";2;0;0;0;NA;68461;2;2020-08-26;219
2020-08-25;"Banskobystrický kraj";2;0;0;0;NA;68461;2;2020-08-25;217
2020-08-21;"Banskobystrický kraj";4;0;0;0;NA;68461;4;2020-08-21;215
2020-08-20;"Banskobystrický kraj";1;0;0;0;NA;68461;1;2020-08-20;211
2020-08-19;"Banskobystrický kraj";4;0;0;0;NA;68461;4;2020-08-19;210
2020-08-17;"Banskobystrický kraj";1;0;0;0;NA;68461;1;2020-08-17;206
2020-08-14;"Banskobystrický kraj";5;0;0;0;NA;68461;5;2020-08-14;205
2020-08-11;"Banskobystrický kraj";2;0;0;0;NA;68461;2;2020-08-11;200
2020-08-10;"Banskobystrický kraj";3;0;0;0;NA;68461;3;2020-08-10;198
2020-08-08;"Banskobystrický kraj";2;0;0;0;NA;68461;2;2020-08-08;195
2020-08-07;"Banskobystrický kraj";1;0;0;0;NA;68461;1;2020-08-07;193
2020-08-06;"Banskobystrický kraj";1;0;0;0;NA;68461;1;2020-08-06;192
2020-08-04;"Banskobystrický kraj";3;0;0;0;NA;68461;3;2020-08-04;191
2020-08-01;"Banskobystrický kraj";1;0;0;0;NA;68461;1;2020-08-01;188
2020-07-31;"Banskobystrický kraj";2;0;0;0;NA;68461;2;2020-07-31;187
2020-07-30;"Banskobystrický kraj";1;0;0;0;NA;68461;1;2020-07-30;185
2020-07-28;"Banskobystrický kraj";2;0;0;0;NA;68461;2;2020-07-28;184
2020-07-27;"Banskobystrický kraj";3;0;0;0;NA;68461;3;2020-07-27;182
2020-07-24;"Banskobystrický kraj";9;0;0;0;NA;68461;9;2020-07-24;179
2020-07-22;"Banskobystrický kraj";3;0;0;0;NA;68461;3;2020-07-22;170
2020-07-21;"Banskobystrický kraj";3;0;0;0;NA;68461;3;2020-07-21;167
2020-07-20;"Banskobystrický kraj";1;0;0;0;NA;68461;1;2020-07-20;164
2020-07-19;"Banskobystrický kraj";1;0;0;0;NA;68461;1;2020-07-19;163
2020-07-17;"Banskobystrický kraj";2;0;0;0;NA;68461;2;2020-07-17;162
2020-07-16;"Banskobystrický kraj";1;0;0;0;NA;68461;1;2020-07-16;160
2020-07-15;"Banskobystrický kraj";4;0;0;0;NA;68461;4;2020-07-15;159
2020-07-14;"Banskobystrický kraj";2;0;0;0;NA;68461;2;2020-07-14;155
2020-07-13;"Banskobystrický kraj";1;0;0;0;NA;68461;1;2020-07-13;153
2020-07-10;"Banskobystrický kraj";3;0;0;0;NA;68461;3;2020-07-10;152
2020-07-09;"Banskobystrický kraj";9;0;0;0;NA;68461;9;2020-07-09;149
2020-07-07;"Banskobystrický kraj";4;0;0;0;NA;68461;4;2020-07-07;140
2020-07-04;"Banskobystrický kraj";1;0;0;0;NA;68461;1;2020-07-04;136
2020-07-03;"Banskobystrický kraj";4;0;0;0;NA;68461;4;2020-07-03;135
2020-07-01;"Banskobystrický kraj";1;0;0;0;NA;68461;1;2020-07-01;131
2020-06-25;"Banskobystrický kraj";1;0;0;0;NA;68461;1;2020-06-25;130
2020-06-23;"Banskobystrický kraj";6;0;0;0;NA;68461;6;2020-06-23;129
2020-06-19;"Banskobystrický kraj";2;0;0;0;NA;68461;2;2020-06-19;123
2020-06-18;"Banskobystrický kraj";10;0;0;0;NA;68461;10;2020-06-18;121
2020-06-17;"Banskobystrický kraj";1;0;0;0;NA;68461;1;2020-06-17;111
2020-06-14;"Banskobystrický kraj";2;0;0;0;NA;68461;2;2020-06-14;110
2020-06-13;"Banskobystrický kraj";2;0;0;0;NA;68461;2;2020-06-13;108
2020-06-11;"Banskobystrický kraj";1;0;0;0;NA;68461;1;2020-06-11;106
2020-06-05;"Banskobystrický kraj";2;0;0;0;NA;68461;2;2020-06-05;105
2020-05-27;"Banskobystrický kraj";1;0;0;0;NA;68461;1;2020-05-27;103
2020-05-23;"Banskobystrický kraj";1;0;0;0;NA;68461;1;2020-05-23;102
2020-05-20;"Banskobystrický kraj";1;0;0;0;NA;68461;1;2020-05-20;101
2020-05-12;"Banskobystrický kraj";1;0;0;0;NA;68461;1;2020-05-12;100
2020-05-07;"Banskobystrický kraj";2;0;0;0;NA;68461;2;2020-05-07;99
2020-05-06;"Banskobystrický kraj";1;0;0;0;NA;68461;1;2020-05-06;97
2020-05-05;"Banskobystrický kraj";2;0;0;0;NA;68461;2;2020-05-05;96
2020-04-30;"Banskobystrický kraj";1;0;0;0;NA;68461;1;2020-04-30;94
2020-04-29;"Banskobystrický kraj";1;0;0;0;NA;68461;1;2020-04-29;93
2020-04-25;"Banskobystrický kraj";2;0;0;0;NA;68461;2;2020-04-25;92
2020-04-24;"Banskobystrický kraj";3;0;0;0;NA;68461;3;2020-04-24;90
2020-04-23;"Banskobystrický kraj";2;0;0;0;NA;68461;2;2020-04-23;87
2020-04-22;"Banskobystrický kraj";2;0;0;0;NA;68461;2;2020-04-22;85
2020-04-21;"Banskobystrický kraj";2;0;0;0;NA;68461;2;2020-04-21;83
2020-04-18;"Banskobystrický kraj";8;0;0;0;NA;68461;8;2020-04-18;81
2020-04-17;"Banskobystrický kraj";2;0;0;0;NA;68461;2;2020-04-17;73
2020-04-15;"Banskobystrický kraj";10;0;0;0;NA;68461;10;2020-04-15;71
2020-04-13;"Banskobystrický kraj";2;0;0;0;NA;68461;2;2020-04-13;61
2020-04-12;"Banskobystrický kraj";4;0;0;0;NA;68461;4;2020-04-12;59
2020-04-11;"Banskobystrický kraj";1;0;0;0;NA;68461;1;2020-04-11;55
2020-04-09;"Banskobystrický kraj";2;0;0;0;NA;68461;2;2020-04-09;54
2020-04-07;"Banskobystrický kraj";4;0;0;0;NA;68461;4;2020-04-07;52
2020-04-06;"Banskobystrický kraj";10;0;0;0;NA;68461;10;2020-04-06;48
2020-04-05;"Banskobystrický kraj";9;0;0;0;NA;68461;9;2020-04-05;38
2020-04-03;"Banskobystrický kraj";2;0;0;0;NA;68461;2;2020-04-03;29
2020-04-02;"Banskobystrický kraj";2;0;0;0;NA;68461;2;2020-04-02;27
2020-04-01;"Banskobystrický kraj";5;0;0;0;NA;68461;5;2020-04-01;25
2020-03-31;"Banskobystrický kraj";3;0;0;0;NA;68461;3;2020-03-31;20
2020-03-30;"Banskobystrický kraj";1;0;0;0;NA;68461;1;2020-03-30;17
2020-03-29;"Banskobystrický kraj";2;0;0;0;NA;68461;2;2020-03-29;16
2020-03-28;"Banskobystrický kraj";1;0;0;0;NA;68461;1;2020-03-28;14
2020-03-27;"Banskobystrický kraj";1;0;0;0;NA;68461;1;2020-03-27;13
2020-03-26;"Banskobystrický kraj";1;0;0;0;NA;68461;1;2020-03-26;12
2020-03-24;"Banskobystrický kraj";1;0;0;0;NA;68461;1;2020-03-24;11
2020-03-23;"Banskobystrický kraj";1;0;0;0;NA;68461;1;2020-03-23;10
2020-03-21;"Banskobystrický kraj";3;0;0;0;NA;68461;3;2020-03-21;9
2020-03-19;"Banskobystrický kraj";2;0;0;0;NA;68461;2;2020-03-19;6
2020-03-18;"Banskobystrický kraj";1;0;0;0;NA;68461;1;2020-03-18;4
2020-03-17;"Banskobystrický kraj";1;0;0;0;NA;68461;1;2020-03-17;3
2020-03-15;"Banskobystrický kraj";1;0;0;0;NA;68461;1;2020-03-15;2
2020-03-13;"Banskobystrický kraj";1;0;0;0;NA;68461;1;2020-03-13;1
2021-03-16;"Bratislavský kraj";258;27054;176;27230;40469;78960;434;2021-03-16;78960
2021-03-15;"Bratislavský kraj";180;36130;227;36357;NA;78960;407;2021-03-15;78526
2021-03-14;"Bratislavský kraj";75;50171;267;50438;NA;78960;342;2021-03-14;78119
2021-03-13;"Bratislavský kraj";110;70312;280;70592;NA;78960;390;2021-03-13;77777
2021-03-12;"Bratislavský kraj";152;48338;263;48601;NA;78960;415;2021-03-12;77387
2021-03-11;"Bratislavský kraj";178;32123;254;32377;NA;78960;432;2021-03-11;76972
2021-03-10;"Bratislavský kraj";164;29601;252;29853;NA;78960;416;2021-03-10;76540
2021-03-09;"Bratislavský kraj";242;38273;246;38519;NA;78960;488;2021-03-09;76124
2021-03-08;"Bratislavský kraj";255;39634;318;39952;NA;78960;573;2021-03-08;75636
2021-03-07;"Bratislavský kraj";142;48896;259;49155;NA;78960;401;2021-03-07;75063
2021-03-06;"Bratislavský kraj";79;65276;371;65647;NA;78960;450;2021-03-06;74662
2021-03-05;"Bratislavský kraj";238;48822;295;49117;NA;78960;533;2021-03-05;74212
2021-03-04;"Bratislavský kraj";204;31827;301;32128;NA;78960;505;2021-03-04;73679
2021-03-03;"Bratislavský kraj";250;29481;344;29825;NA;78960;594;2021-03-03;73174
2021-03-02;"Bratislavský kraj";267;39011;381;39392;NA;78960;648;2021-03-02;72580
2021-03-01;"Bratislavský kraj";320;37604;421;38025;NA;78960;741;2021-03-01;71932
2021-02-28;"Bratislavský kraj";184;48751;318;49069;NA;78960;502;2021-02-28;71191
2021-02-27;"Bratislavský kraj";151;74899;440;75339;NA;78960;591;2021-02-27;70689
2021-02-26;"Bratislavský kraj";277;47533;409;47942;NA;78960;686;2021-02-26;70098
2021-02-25;"Bratislavský kraj";277;27923;404;28327;NA;78960;681;2021-02-25;69412
2021-02-24;"Bratislavský kraj";217;27174;427;27601;NA;78960;644;2021-02-24;68731
2021-02-23;"Bratislavský kraj";257;30556;383;30939;NA;78960;640;2021-02-23;68087
2021-02-22;"Bratislavský kraj";353;36291;491;36782;NA;78960;844;2021-02-22;67447
2021-02-21;"Bratislavský kraj";185;47878;363;48241;NA;78960;548;2021-02-21;66603
2021-02-20;"Bratislavský kraj";167;72636;522;73158;NA;78960;689;2021-02-20;66055
2021-02-19;"Bratislavský kraj";280;44769;412;45181;NA;78960;692;2021-02-19;65366
2021-02-18;"Bratislavský kraj";263;26487;379;26866;NA;78960;642;2021-02-18;64674
2021-02-17;"Bratislavský kraj";264;22525;322;22847;NA;78960;586;2021-02-17;64032
2021-02-16;"Bratislavský kraj";289;27327;349;27676;NA;78960;638;2021-02-16;63446
2021-02-15;"Bratislavský kraj";248;36202;387;36589;NA;78960;635;2021-02-15;62808
2021-02-14;"Bratislavský kraj";153;42940;310;43250;NA;78960;463;2021-02-14;62173
2021-02-13;"Bratislavský kraj";173;65625;497;66122;NA;78960;670;2021-02-13;61710
2021-02-12;"Bratislavský kraj";282;35402;320;35722;NA;78960;602;2021-02-12;61040
2021-02-11;"Bratislavský kraj";337;24124;289;24413;NA;78960;626;2021-02-11;60438
2021-02-10;"Bratislavský kraj";314;22750;353;23103;NA;78960;667;2021-02-10;59812
2021-02-09;"Bratislavský kraj";287;37115;483;37598;NA;78960;770;2021-02-09;59145
2021-02-08;"Bratislavský kraj";484;33464;396;33860;NA;78960;880;2021-02-08;58375
2021-02-07;"Bratislavský kraj";243;48889;418;49307;NA;78960;661;2021-02-07;57495
2021-02-06;"Bratislavský kraj";116;63336;516;63852;NA;78960;632;2021-02-06;56834
2021-02-05;"Bratislavský kraj";327;27355;376;27731;NA;78960;703;2021-02-05;56202
2021-02-04;"Bratislavský kraj";555;16331;350;16681;NA;78960;905;2021-02-04;55499
2021-02-03;"Bratislavský kraj";161;12936;370;13306;NA;78960;531;2021-02-03;54594
2021-02-02;"Bratislavský kraj";397;27022;478;27500;NA;78960;875;2021-02-02;54063
2021-02-01;"Bratislavský kraj";221;37117;481;37598;NA;78960;702;2021-02-01;53188
2021-01-31;"Bratislavský kraj";180;32582;369;32951;NA;78960;549;2021-01-31;52486
2021-01-30;"Bratislavský kraj";310;40445;431;40876;NA;78960;741;2021-01-30;51937
2021-01-29;"Bratislavský kraj";344;14862;316;15178;NA;78960;660;2021-01-29;51196
2021-01-28;"Bratislavský kraj";307;10452;301;10753;NA;78960;608;2021-01-28;50536
2021-01-27;"Bratislavský kraj";336;21991;341;22332;NA;78960;677;2021-01-27;49928
2021-01-26;"Bratislavský kraj";297;21825;279;22104;NA;78960;576;2021-01-26;49251
2021-01-25;"Bratislavský kraj";356;21956;230;22186;NA;78960;586;2021-01-25;48675
2021-01-24;"Bratislavský kraj";175;34649;350;34999;NA;78960;525;2021-01-24;48089
2021-01-23;"Bratislavský kraj";396;75111;655;75766;NA;78960;1051;2021-01-23;47564
2021-01-22;"Bratislavský kraj";199;41403;353;41756;NA;78960;552;2021-01-22;46513
2021-01-21;"Bratislavský kraj";255;105126;1304;106430;NA;78960;1559;2021-01-21;45961
2021-01-20;"Bratislavský kraj";360;26822;453;27275;NA;78960;813;2021-01-20;44402
2021-01-19;"Bratislavský kraj";375;13616;338;13954;NA;78960;713;2021-01-19;43589
2021-01-18;"Bratislavský kraj";357;11645;706;12351;NA;78960;1063;2021-01-18;42876
2021-01-17;"Bratislavský kraj";244;410;26;436;NA;78960;270;2021-01-17;41813
2021-01-16;"Bratislavský kraj";70;2908;156;3064;NA;78960;226;2021-01-16;41543
2021-01-15;"Bratislavský kraj";251;7632;254;7886;NA;78960;505;2021-01-15;41317
2021-01-14;"Bratislavský kraj";363;8078;273;8351;NA;78960;636;2021-01-14;40812
2021-01-13;"Bratislavský kraj";336;7886;328;8214;NA;78960;664;2021-01-13;40176
2021-01-12;"Bratislavský kraj";450;9435;463;9898;NA;78960;913;2021-01-12;39512
2021-01-11;"Bratislavský kraj";397;18956;380;19336;NA;78960;777;2021-01-11;38599
2021-01-10;"Bratislavský kraj";252;1341;79;1420;NA;78960;331;2021-01-10;37822
2021-01-09;"Bratislavský kraj";351;4946;291;5237;NA;78960;642;2021-01-09;37491
2021-01-08;"Bratislavský kraj";556;9716;433;10149;NA;78960;989;2021-01-08;36849
2021-01-07;"Bratislavský kraj";537;6995;412;7407;NA;78960;949;2021-01-07;35860
2021-01-06;"Bratislavský kraj";271;3018;216;3234;NA;78960;487;2021-01-06;34911
2021-01-05;"Bratislavský kraj";619;12126;843;12969;NA;78960;1462;2021-01-05;34424
2021-01-04;"Bratislavský kraj";601;7222;603;7825;NA;78960;1204;2021-01-04;32962
2021-01-03;"Bratislavský kraj";77;389;41;430;NA;78960;118;2021-01-03;31758
2021-01-02;"Bratislavský kraj";185;370;56;426;NA;78960;241;2021-01-02;31640
2021-01-01;"Bratislavský kraj";235;3143;130;3273;NA;78960;365;2021-01-01;31399
2020-12-31;"Bratislavský kraj";925;13824;590;14414;NA;78960;1515;2020-12-31;31034
2020-12-30;"Bratislavský kraj";650;9195;519;9714;NA;78960;1169;2020-12-30;29519
2020-12-29;"Bratislavský kraj";303;10223;774;10997;NA;78960;1077;2020-12-29;28350
2020-12-28;"Bratislavský kraj";255;7608;559;8167;NA;78960;814;2020-12-28;27273
2020-12-27;"Bratislavský kraj";160;646;76;722;NA;78960;236;2020-12-27;26459
2020-12-26;"Bratislavský kraj";75;416;23;439;NA;78960;98;2020-12-26;26223
2020-12-25;"Bratislavský kraj";114;460;38;498;NA;78960;152;2020-12-25;26125
2020-12-24;"Bratislavský kraj";536;3373;102;3475;NA;78960;638;2020-12-24;25973
2020-12-23;"Bratislavský kraj";416;13030;498;13528;NA;78960;914;2020-12-23;25335
2020-12-22;"Bratislavský kraj";327;15107;770;15877;NA;78960;1097;2020-12-22;24421
2020-12-21;"Bratislavský kraj";392;14930;2002;16932;NA;78960;2394;2020-12-21;23324
2020-12-20;"Bratislavský kraj";180;633;54;687;NA;78960;234;2020-12-20;20930
2020-12-19;"Bratislavský kraj";396;3150;129;3279;NA;78960;525;2020-12-19;20696
2020-12-18;"Bratislavský kraj";306;10477;413;10890;NA;78960;719;2020-12-18;20171
2020-12-17;"Bratislavský kraj";502;10153;410;10563;NA;78960;912;2020-12-17;19452
2020-12-16;"Bratislavský kraj";282;10566;456;11022;NA;78960;738;2020-12-16;18540
2020-12-15;"Bratislavský kraj";423;10856;488;11344;NA;78960;911;2020-12-15;17802
2020-12-14;"Bratislavský kraj";279;6628;310;6938;NA;78960;589;2020-12-14;16891
2020-12-13;"Bratislavský kraj";125;108;7;115;NA;78960;132;2020-12-13;16302
2020-12-12;"Bratislavský kraj";361;3734;157;3891;NA;78960;518;2020-12-12;16170
2020-12-11;"Bratislavský kraj";326;7102;302;7404;NA;78960;628;2020-12-11;15652
2020-12-10;"Bratislavský kraj";286;5169;222;5391;NA;78960;508;2020-12-10;15024
2020-12-09;"Bratislavský kraj";382;4778;188;4966;NA;78960;570;2020-12-09;14516
2020-12-08;"Bratislavský kraj";234;5900;213;6113;NA;78960;447;2020-12-08;13946
2020-12-07;"Bratislavský kraj";272;4345;168;4513;NA;78960;440;2020-12-07;13499
2020-12-06;"Bratislavský kraj";61;1584;52;1636;NA;78960;113;2020-12-06;13059
2020-12-05;"Bratislavský kraj";266;2134;40;2174;NA;78960;306;2020-12-05;12946
2020-12-04;"Bratislavský kraj";200;4511;104;4615;NA;78960;304;2020-12-04;12640
2020-12-03;"Bratislavský kraj";213;5036;102;5138;NA;78960;315;2020-12-03;12336
2020-12-02;"Bratislavský kraj";205;2669;94;2763;NA;78960;299;2020-12-02;12021
2020-12-01;"Bratislavský kraj";255;3776;202;3978;NA;78960;457;2020-12-01;11722
2020-11-30;"Bratislavský kraj";152;2061;123;2184;NA;78960;275;2020-11-30;11265
2020-11-29;"Bratislavský kraj";52;41;21;62;NA;78960;73;2020-11-29;10990
2020-11-28;"Bratislavský kraj";232;1983;21;2004;NA;78960;253;2020-11-28;10917
2020-11-27;"Bratislavský kraj";54;1198;29;1227;NA;78960;83;2020-11-27;10664
2020-11-26;"Bratislavský kraj";129;1114;25;1139;NA;78960;154;2020-11-26;10581
2020-11-25;"Bratislavský kraj";140;1133;31;1164;NA;78960;171;2020-11-25;10427
2020-11-24;"Bratislavský kraj";81;2988;67;3055;NA;78960;148;2020-11-24;10256
2020-11-23;"Bratislavský kraj";67;405;13;418;NA;78960;80;2020-11-23;10108
2020-11-22;"Bratislavský kraj";36;81;7;88;NA;78960;43;2020-11-22;10028
2020-11-21;"Bratislavský kraj";109;2126;47;2173;NA;78960;156;2020-11-21;9985
2020-11-20;"Bratislavský kraj";118;2869;48;2917;NA;78960;166;2020-11-20;9829
2020-11-19;"Bratislavský kraj";173;987;29;1016;NA;78960;202;2020-11-19;9663
2020-11-18;"Bratislavský kraj";118;616;75;691;NA;78960;193;2020-11-18;9461
2020-11-17;"Bratislavský kraj";108;928;23;951;NA;78960;131;2020-11-17;9268
2020-11-16;"Bratislavský kraj";82;651;9;660;NA;78960;91;2020-11-16;9137
2020-11-15;"Bratislavský kraj";47;236;0;236;NA;78960;47;2020-11-15;9046
2020-11-14;"Bratislavský kraj";53;1834;15;1849;NA;78960;68;2020-11-14;8999
2020-11-13;"Bratislavský kraj";94;2096;21;2117;NA;78960;115;2020-11-13;8931
2020-11-12;"Bratislavský kraj";141;1727;6;1733;NA;78960;147;2020-11-12;8816
2020-11-11;"Bratislavský kraj";159;1429;12;1441;NA;78960;171;2020-11-11;8669
2020-11-10;"Bratislavský kraj";136;805;14;819;NA;78960;150;2020-11-10;8498
2020-11-09;"Bratislavský kraj";70;466;1;467;NA;78960;71;2020-11-09;8348
2020-11-08;"Bratislavský kraj";82;869;6;875;NA;78960;88;2020-11-08;8277
2020-11-07;"Bratislavský kraj";88;4039;17;4056;NA;78960;105;2020-11-07;8189
2020-11-06;"Bratislavský kraj";281;6441;25;6466;NA;78960;306;2020-11-06;8084
2020-11-05;"Bratislavský kraj";175;476;11;487;NA;78960;186;2020-11-05;7778
2020-11-04;"Bratislavský kraj";65;411;10;421;NA;78960;75;2020-11-04;7592
2020-11-03;"Bratislavský kraj";251;944;5;949;NA;78960;256;2020-11-03;7517
2020-11-02;"Bratislavský kraj";202;3365;22;3387;NA;78960;224;2020-11-02;7261
2020-11-01;"Bratislavský kraj";227;8694;39;8733;NA;78960;266;2020-11-01;7037
2020-10-31;"Bratislavský kraj";173;22407;123;22530;NA;78960;296;2020-10-31;6771
2020-10-30;"Bratislavský kraj";158;17350;138;17488;NA;78960;296;2020-10-30;6475
2020-10-29;"Bratislavský kraj";262;116;4;120;NA;78960;266;2020-10-29;6179
2020-10-28;"Bratislavský kraj";220;260;15;275;NA;78960;235;2020-10-28;5913
2020-10-27;"Bratislavský kraj";256;145;4;149;NA;78960;260;2020-10-27;5678
2020-10-26;"Bratislavský kraj";123;229;11;240;NA;78960;134;2020-10-26;5418
2020-10-25;"Bratislavský kraj";152;33;2;35;NA;78960;154;2020-10-25;5284
2020-10-24;"Bratislavský kraj";170;221;6;227;NA;78960;176;2020-10-24;5130
2020-10-23;"Bratislavský kraj";151;144;8;152;NA;78960;159;2020-10-23;4954
2020-10-22;"Bratislavský kraj";192;204;15;219;NA;78960;207;2020-10-22;4795
2020-10-21;"Bratislavský kraj";66;90;6;96;NA;78960;72;2020-10-21;4588
2020-10-20;"Bratislavský kraj";183;97;4;101;NA;78960;187;2020-10-20;4516
2020-10-19;"Bratislavský kraj";148;80;3;83;NA;78960;151;2020-10-19;4329
2020-10-18;"Bratislavský kraj";75;92;0;92;NA;78960;75;2020-10-18;4178
2020-10-17;"Bratislavský kraj";136;0;0;0;NA;78960;136;2020-10-17;4103
2020-10-16;"Bratislavský kraj";103;14;1;15;NA;78960;104;2020-10-16;3967
2020-10-15;"Bratislavský kraj";135;6;1;7;NA;78960;136;2020-10-15;3863
2020-10-14;"Bratislavský kraj";127;4;0;4;NA;78960;127;2020-10-14;3727
2020-10-13;"Bratislavský kraj";86;108;8;116;NA;78960;94;2020-10-13;3600
2020-10-12;"Bratislavský kraj";46;0;0;0;NA;78960;46;2020-10-12;3506
2020-10-11;"Bratislavský kraj";80;0;0;0;NA;78960;80;2020-10-11;3460
2020-10-10;"Bratislavský kraj";55;0;0;0;NA;78960;55;2020-10-10;3380
2020-10-09;"Bratislavský kraj";148;0;0;0;NA;78960;148;2020-10-09;3325
2020-10-08;"Bratislavský kraj";100;0;0;0;NA;78960;100;2020-10-08;3177
2020-10-07;"Bratislavský kraj";107;0;0;0;NA;78960;107;2020-10-07;3077
2020-10-06;"Bratislavský kraj";108;0;0;0;NA;78960;108;2020-10-06;2970
2020-10-05;"Bratislavský kraj";30;0;0;0;NA;78960;30;2020-10-05;2862
2020-10-04;"Bratislavský kraj";49;0;0;0;NA;78960;49;2020-10-04;2832
2020-10-03;"Bratislavský kraj";82;0;0;0;NA;78960;82;2020-10-03;2783
2020-10-02;"Bratislavský kraj";101;0;0;0;NA;78960;101;2020-10-02;2701
2020-10-01;"Bratislavský kraj";72;0;0;0;NA;78960;72;2020-10-01;2600
2020-09-30;"Bratislavský kraj";91;0;0;0;NA;78960;91;2020-09-30;2528
2020-09-29;"Bratislavský kraj";74;0;0;0;NA;78960;74;2020-09-29;2437
2020-09-28;"Bratislavský kraj";29;0;0;0;NA;78960;29;2020-09-28;2363
2020-09-27;"Bratislavský kraj";48;0;0;0;NA;78960;48;2020-09-27;2334
2020-09-26;"Bratislavský kraj";86;0;0;0;NA;78960;86;2020-09-26;2286
2020-09-25;"Bratislavský kraj";97;0;0;0;NA;78960;97;2020-09-25;2200
2020-09-24;"Bratislavský kraj";73;0;0;0;NA;78960;73;2020-09-24;2103
2020-09-23;"Bratislavský kraj";55;0;0;0;NA;78960;55;2020-09-23;2030
2020-09-22;"Bratislavský kraj";81;0;0;0;NA;78960;81;2020-09-22;1975
2020-09-21;"Bratislavský kraj";32;0;0;0;NA;78960;32;2020-09-21;1894
2020-09-20;"Bratislavský kraj";25;0;0;0;NA;78960;25;2020-09-20;1862
2020-09-19;"Bratislavský kraj";59;0;0;0;NA;78960;59;2020-09-19;1837
2020-09-18;"Bratislavský kraj";42;0;0;0;NA;78960;42;2020-09-18;1778
2020-09-17;"Bratislavský kraj";52;0;0;0;NA;78960;52;2020-09-17;1736
2020-09-16;"Bratislavský kraj";32;0;0;0;NA;78960;32;2020-09-16;1684
2020-09-15;"Bratislavský kraj";26;0;0;0;NA;78960;26;2020-09-15;1652
2020-09-14;"Bratislavský kraj";24;0;0;0;NA;78960;24;2020-09-14;1626
2020-09-13;"Bratislavský kraj";11;0;0;0;NA;78960;11;2020-09-13;1602
2020-09-12;"Bratislavský kraj";24;0;0;0;NA;78960;24;2020-09-12;1591
2020-09-11;"Bratislavský kraj";50;0;0;0;NA;78960;50;2020-09-11;1567
2020-09-10;"Bratislavský kraj";47;0;0;0;NA;78960;47;2020-09-10;1517
2020-09-09;"Bratislavský kraj";40;0;0;0;NA;78960;40;2020-09-09;1470
2020-09-08;"Bratislavský kraj";58;0;0;0;NA;78960;58;2020-09-08;1430
2020-09-07;"Bratislavský kraj";39;0;0;0;NA;78960;39;2020-09-07;1372
2020-09-06;"Bratislavský kraj";11;0;0;0;NA;78960;11;2020-09-06;1333
2020-09-05;"Bratislavský kraj";37;0;0;0;NA;78960;37;2020-09-05;1322
2020-09-04;"Bratislavský kraj";87;0;0;0;NA;78960;87;2020-09-04;1285
2020-09-03;"Bratislavský kraj";51;0;0;0;NA;78960;51;2020-09-03;1198
2020-09-02;"Bratislavský kraj";50;0;0;0;NA;78960;50;2020-09-02;1147
2020-09-01;"Bratislavský kraj";16;0;0;0;NA;78960;16;2020-09-01;1097
2020-08-31;"Bratislavský kraj";19;0;0;0;NA;78960;19;2020-08-31;1081
2020-08-30;"Bratislavský kraj";9;0;0;0;NA;78960;9;2020-08-30;1062
2020-08-29;"Bratislavský kraj";12;0;0;0;NA;78960;12;2020-08-29;1053
2020-08-28;"Bratislavský kraj";35;0;0;0;NA;78960;35;2020-08-28;1041
2020-08-27;"Bratislavský kraj";33;0;0;0;NA;78960;33;2020-08-27;1006
2020-08-26;"Bratislavský kraj";27;0;0;0;NA;78960;27;2020-08-26;973
2020-08-25;"Bratislavský kraj";29;0;0;0;NA;78960;29;2020-08-25;946
2020-08-24;"Bratislavský kraj";6;0;0;0;NA;78960;6;2020-08-24;917
2020-08-23;"Bratislavský kraj";45;0;0;0;NA;78960;45;2020-08-23;911
2020-08-22;"Bratislavský kraj";13;0;0;0;NA;78960;13;2020-08-22;866
2020-08-21;"Bratislavský kraj";46;0;0;0;NA;78960;46;2020-08-21;853
2020-08-20;"Bratislavský kraj";41;0;0;0;NA;78960;41;2020-08-20;807
2020-08-19;"Bratislavský kraj";27;0;0;0;NA;78960;27;2020-08-19;766
2020-08-18;"Bratislavský kraj";47;0;0;0;NA;78960;47;2020-08-18;739
2020-08-17;"Bratislavský kraj";2;0;0;0;NA;78960;2;2020-08-17;692
2020-08-16;"Bratislavský kraj";3;0;0;0;NA;78960;3;2020-08-16;690
2020-08-15;"Bratislavský kraj";18;0;0;0;NA;78960;18;2020-08-15;687
2020-08-14;"Bratislavský kraj";16;0;0;0;NA;78960;16;2020-08-14;669
2020-08-13;"Bratislavský kraj";12;0;0;0;NA;78960;12;2020-08-13;653
2020-08-12;"Bratislavský kraj";10;0;0;0;NA;78960;10;2020-08-12;641
2020-08-11;"Bratislavský kraj";23;0;0;0;NA;78960;23;2020-08-11;631
2020-08-10;"Bratislavský kraj";2;0;0;0;NA;78960;2;2020-08-10;608
2020-08-09;"Bratislavský kraj";2;0;0;0;NA;78960;2;2020-08-09;606
2020-08-08;"Bratislavský kraj";1;0;0;0;NA;78960;1;2020-08-08;604
2020-08-07;"Bratislavský kraj";9;0;0;0;NA;78960;9;2020-08-07;603
2020-08-06;"Bratislavský kraj";15;0;0;0;NA;78960;15;2020-08-06;594
2020-08-05;"Bratislavský kraj";11;0;0;0;NA;78960;11;2020-08-05;579
2020-08-04;"Bratislavský kraj";21;0;0;0;NA;78960;21;2020-08-04;568
2020-08-03;"Bratislavský kraj";7;0;0;0;NA;78960;7;2020-08-03;547
2020-07-31;"Bratislavský kraj";14;0;0;0;NA;78960;14;2020-07-31;540
2020-07-30;"Bratislavský kraj";6;0;0;0;NA;78960;6;2020-07-30;526
2020-07-29;"Bratislavský kraj";7;0;0;0;NA;78960;7;2020-07-29;520
2020-07-28;"Bratislavský kraj";14;0;0;0;NA;78960;14;2020-07-28;513
2020-07-27;"Bratislavský kraj";3;0;0;0;NA;78960;3;2020-07-27;499
2020-07-25;"Bratislavský kraj";8;0;0;0;NA;78960;8;2020-07-25;496
2020-07-24;"Bratislavský kraj";2;0;0;0;NA;78960;2;2020-07-24;488
2020-07-23;"Bratislavský kraj";8;0;0;0;NA;78960;8;2020-07-23;486
2020-07-22;"Bratislavský kraj";11;0;0;0;NA;78960;11;2020-07-22;478
2020-07-21;"Bratislavský kraj";8;0;0;0;NA;78960;8;2020-07-21;467
2020-07-20;"Bratislavský kraj";12;0;0;0;NA;78960;12;2020-07-20;459
2020-07-18;"Bratislavský kraj";2;0;0;0;NA;78960;2;2020-07-18;447
2020-07-17;"Bratislavský kraj";2;0;0;0;NA;78960;2;2020-07-17;445
2020-07-16;"Bratislavský kraj";6;0;0;0;NA;78960;6;2020-07-16;443
2020-07-15;"Bratislavský kraj";3;0;0;0;NA;78960;3;2020-07-15;437
2020-07-14;"Bratislavský kraj";2;0;0;0;NA;78960;2;2020-07-14;434
2020-07-13;"Bratislavský kraj";2;0;0;0;NA;78960;2;2020-07-13;432
2020-07-10;"Bratislavský kraj";8;0;0;0;NA;78960;8;2020-07-10;430
2020-07-09;"Bratislavský kraj";2;0;0;0;NA;78960;2;2020-07-09;422
2020-07-08;"Bratislavský kraj";11;0;0;0;NA;78960;11;2020-07-08;420
2020-07-07;"Bratislavský kraj";5;0;0;0;NA;78960;5;2020-07-07;409
2020-07-06;"Bratislavský kraj";1;0;0;0;NA;78960;1;2020-07-06;404
2020-07-04;"Bratislavský kraj";3;0;0;0;NA;78960;3;2020-07-04;403
2020-07-03;"Bratislavský kraj";1;0;0;0;NA;78960;1;2020-07-03;400
2020-07-01;"Bratislavský kraj";7;0;0;0;NA;78960;7;2020-07-01;399
2020-06-30;"Bratislavský kraj";3;0;0;0;NA;78960;3;2020-06-30;392
2020-06-29;"Bratislavský kraj";1;0;0;0;NA;78960;1;2020-06-29;389
2020-06-27;"Bratislavský kraj";1;0;0;0;NA;78960;1;2020-06-27;388
2020-06-26;"Bratislavský kraj";6;0;0;0;NA;78960;6;2020-06-26;387
2020-06-24;"Bratislavský kraj";3;0;0;0;NA;78960;3;2020-06-24;381
2020-06-22;"Bratislavský kraj";1;0;0;0;NA;78960;1;2020-06-22;378
2020-06-19;"Bratislavský kraj";3;0;0;0;NA;78960;3;2020-06-19;377
2020-06-14;"Bratislavský kraj";2;0;0;0;NA;78960;2;2020-06-14;374
2020-06-13;"Bratislavský kraj";1;0;0;0;NA;78960;1;2020-06-13;372
2020-06-12;"Bratislavský kraj";2;0;0;0;NA;78960;2;2020-06-12;371
2020-06-08;"Bratislavský kraj";1;0;0;0;NA;78960;1;2020-06-08;369
2020-06-03;"Bratislavský kraj";1;0;0;0;NA;78960;1;2020-06-03;368
2020-05-27;"Bratislavský kraj";1;0;0;0;NA;78960;1;2020-05-27;367
2020-05-23;"Bratislavský kraj";2;0;0;0;NA;78960;2;2020-05-23;366
2020-05-12;"Bratislavský kraj";2;0;0;0;NA;78960;2;2020-05-12;364
2020-05-07;"Bratislavský kraj";1;0;0;0;NA;78960;1;2020-05-07;362
2020-05-06;"Bratislavský kraj";3;0;0;0;NA;78960;3;2020-05-06;361
2020-05-03;"Bratislavský kraj";2;0;0;0;NA;78960;2;2020-05-03;358
2020-04-30;"Bratislavský kraj";5;0;0;0;NA;78960;5;2020-04-30;356
2020-04-28;"Bratislavský kraj";2;0;0;0;NA;78960;2;2020-04-28;351
2020-04-26;"Bratislavský kraj";1;0;0;0;NA;78960;1;2020-04-26;349
2020-04-24;"Bratislavský kraj";2;0;0;0;NA;78960;2;2020-04-24;348
2020-04-23;"Bratislavský kraj";6;0;0;0;NA;78960;6;2020-04-23;346
2020-04-22;"Bratislavský kraj";11;0;0;0;NA;78960;11;2020-04-22;340
2020-04-21;"Bratislavský kraj";4;0;0;0;NA;78960;4;2020-04-21;329
2020-04-19;"Bratislavský kraj";4;0;0;0;NA;78960;4;2020-04-19;325
2020-04-18;"Bratislavský kraj";5;0;0;0;NA;78960;5;2020-04-18;321
2020-04-17;"Bratislavský kraj";6;0;0;0;NA;78960;6;2020-04-17;316
2020-04-16;"Bratislavský kraj";15;0;0;0;NA;78960;15;2020-04-16;310
2020-04-15;"Bratislavský kraj";11;0;0;0;NA;78960;11;2020-04-15;295
2020-04-14;"Bratislavský kraj";19;0;0;0;NA;78960;19;2020-04-14;284
2020-04-13;"Bratislavský kraj";53;0;0;0;NA;78960;53;2020-04-13;265
2020-04-12;"Bratislavský kraj";3;0;0;0;NA;78960;3;2020-04-12;212
2020-04-11;"Bratislavský kraj";1;0;0;0;NA;78960;1;2020-04-11;209
2020-04-10;"Bratislavský kraj";8;0;0;0;NA;78960;8;2020-04-10;208
2020-04-09;"Bratislavský kraj";3;0;0;0;NA;78960;3;2020-04-09;200
2020-04-08;"Bratislavský kraj";3;0;0;0;NA;78960;3;2020-04-08;197
2020-04-07;"Bratislavský kraj";24;0;0;0;NA;78960;24;2020-04-07;194
2020-04-06;"Bratislavský kraj";5;0;0;0;NA;78960;5;2020-04-06;170
2020-04-05;"Bratislavský kraj";6;0;0;0;NA;78960;6;2020-04-05;165
2020-04-04;"Bratislavský kraj";2;0;0;0;NA;78960;2;2020-04-04;159
2020-04-03;"Bratislavský kraj";1;0;0;0;NA;78960;1;2020-04-03;157
2020-04-02;"Bratislavský kraj";2;0;0;0;NA;78960;2;2020-04-02;156
2020-04-01;"Bratislavský kraj";5;0;0;0;NA;78960;5;2020-04-01;154
2020-03-31;"Bratislavský kraj";19;0;0;0;NA;78960;19;2020-03-31;149
2020-03-30;"Bratislavský kraj";6;0;0;0;NA;78960;6;2020-03-30;130
2020-03-29;"Bratislavský kraj";8;0;0;0;NA;78960;8;2020-03-29;124
2020-03-28;"Bratislavský kraj";4;0;0;0;NA;78960;4;2020-03-28;116
2020-03-27;"Bratislavský kraj";3;0;0;0;NA;78960;3;2020-03-27;112
2020-03-26;"Bratislavský kraj";15;0;0;0;NA;78960;15;2020-03-26;109
2020-03-25;"Bratislavský kraj";1;0;0;0;NA;78960;1;2020-03-25;94
2020-03-24;"Bratislavský kraj";4;0;0;0;NA;78960;4;2020-03-24;93
2020-03-23;"Bratislavský kraj";9;0;0;0;NA;78960;9;2020-03-23;89
2020-03-22;"Bratislavský kraj";2;0;0;0;NA;78960;2;2020-03-22;80
2020-03-21;"Bratislavský kraj";22;0;0;0;NA;78960;22;2020-03-21;78
2020-03-20;"Bratislavský kraj";3;0;0;0;NA;78960;3;2020-03-20;56
2020-03-19;"Bratislavský kraj";4;0;0;0;NA;78960;4;2020-03-19;53
2020-03-18;"Bratislavský kraj";3;0;0;0;NA;78960;3;2020-03-18;49
2020-03-17;"Bratislavský kraj";13;0;0;0;NA;78960;13;2020-03-17;46
2020-03-16;"Bratislavský kraj";1;0;0;0;NA;78960;1;2020-03-16;33
2020-03-15;"Bratislavský kraj";4;0;0;0;NA;78960;4;2020-03-15;32
2020-03-14;"Bratislavský kraj";9;0;0;0;NA;78960;9;2020-03-14;28
2020-03-13;"Bratislavský kraj";2;0;0;0;NA;78960;2;2020-03-13;19
2020-03-12;"Bratislavský kraj";8;0;0;0;NA;78960;8;2020-03-12;17
2020-03-11;"Bratislavský kraj";3;0;0;0;NA;78960;3;2020-03-11;9
2020-03-08;"Bratislavský kraj";2;0;0;0;NA;78960;2;2020-03-08;6
2020-03-07;"Bratislavský kraj";2;0;0;0;NA;78960;2;2020-03-07;4
2020-03-06;"Bratislavský kraj";1;0;0;0;NA;78960;1;2020-03-06;2
2021-03-16;"Košický kraj";386;21353;204;21557;46042;83094;590;2021-03-16;83094
2021-03-15;"Košický kraj";173;24064;264;24328;NA;83094;437;2021-03-15;82504
2021-03-14;"Košický kraj";145;44001;225;44226;NA;83094;370;2021-03-14;82067
2021-03-13;"Košický kraj";146;102176;475;102651;NA;83094;621;2021-03-13;81697
2021-03-12;"Košický kraj";366;47235;313;47548;NA;83094;679;2021-03-12;81076
2021-03-11;"Košický kraj";396;23145;258;23403;NA;83094;654;2021-03-11;80397
2021-03-10;"Košický kraj";121;22098;267;22365;NA;83094;388;2021-03-10;79743
2021-03-09;"Košický kraj";676;24459;298;24757;NA;83094;974;2021-03-09;79355
2021-03-08;"Košický kraj";559;29572;342;29914;NA;83094;901;2021-03-08;78381
2021-03-07;"Košický kraj";45;35061;229;35290;NA;83094;274;2021-03-07;77480
2021-03-06;"Košický kraj";177;105857;536;106393;NA;83094;713;2021-03-06;77206
2021-03-05;"Košický kraj";439;45437;422;45859;NA;83094;861;2021-03-05;76493
2021-03-04;"Košický kraj";417;23789;320;24109;NA;83094;737;2021-03-04;75632
2021-03-03;"Košický kraj";390;23048;295;23343;NA;83094;685;2021-03-03;74895
2021-03-02;"Košický kraj";464;24076;370;24446;NA;83094;834;2021-03-02;74210
2021-03-01;"Košický kraj";389;29883;508;30391;NA;83094;897;2021-03-01;73376
2021-02-28;"Košický kraj";265;37636;288;37924;NA;83094;553;2021-02-28;72479
2021-02-27;"Košický kraj";301;101312;789;102101;NA;83094;1090;2021-02-27;71926
2021-02-26;"Košický kraj";440;45403;486;45889;NA;83094;926;2021-02-26;70836
2021-02-25;"Košický kraj";331;19844;342;20186;NA;83094;673;2021-02-25;69910
2021-02-24;"Košický kraj";263;18789;510;19299;NA;83094;773;2021-02-24;69237
2021-02-23;"Košický kraj";642;21703;346;22049;NA;83094;988;2021-02-23;68464
2021-02-22;"Košický kraj";362;31538;439;31977;NA;83094;801;2021-02-22;67476
2021-02-21;"Košický kraj";170;40104;380;40484;NA;83094;550;2021-02-21;66675
2021-02-20;"Košický kraj";283;92598;773;93371;NA;83094;1056;2021-02-20;66125
2021-02-19;"Košický kraj";507;41747;583;42330;NA;83094;1090;2021-02-19;65069
2021-02-18;"Košický kraj";397;18445;346;18791;NA;83094;743;2021-02-18;63979
2021-02-17;"Košický kraj";322;18433;385;18818;NA;83094;707;2021-02-17;63236
2021-02-16;"Košický kraj";600;22361;464;22825;NA;83094;1064;2021-02-16;62529
2021-02-15;"Košický kraj";216;25141;371;25512;NA;83094;587;2021-02-15;61465
2021-02-14;"Košický kraj";241;56663;524;57187;NA;83094;765;2021-02-14;60878
2021-02-13;"Košický kraj";206;93191;765;93956;NA;83094;971;2021-02-13;60113
2021-02-12;"Košický kraj";448;50169;611;50780;NA;83094;1059;2021-02-12;59142
2021-02-11;"Košický kraj";435;14524;323;14847;NA;83094;758;2021-02-11;58083
2021-02-10;"Košický kraj";360;18475;431;18906;NA;83094;791;2021-02-10;57325
2021-02-09;"Košický kraj";545;24915;464;25379;NA;83094;1009;2021-02-09;56534
2021-02-08;"Košický kraj";237;27339;413;27752;NA;83094;650;2021-02-08;55525
2021-02-07;"Košický kraj";208;56897;612;57509;NA;83094;820;2021-02-07;54875
2021-02-06;"Košický kraj";318;101420;857;102277;NA;83094;1175;2021-02-06;54055
2021-02-05;"Košický kraj";384;43346;499;43845;NA;83094;883;2021-02-05;52880
2021-02-04;"Košický kraj";391;14733;370;15103;NA;83094;761;2021-02-04;51997
2021-02-03;"Košický kraj";296;32746;1111;33857;NA;83094;1407;2021-02-03;51236
2021-02-02;"Košický kraj";473;23465;438;23903;NA;83094;911;2021-02-02;49829
2021-02-01;"Košický kraj";415;19335;321;19656;NA;83094;736;2021-02-01;48918
2021-01-31;"Košický kraj";142;53674;585;54259;NA;83094;727;2021-01-31;48182
2021-01-30;"Košický kraj";320;76985;673;77658;NA;83094;993;2021-01-30;47455
2021-01-29;"Košický kraj";311;37131;456;37587;NA;83094;767;2021-01-29;46462
2021-01-28;"Košický kraj";540;9025;247;9272;NA;83094;787;2021-01-28;45695
2021-01-27;"Košický kraj";265;7484;207;7691;NA;83094;472;2021-01-27;44908
2021-01-26;"Košický kraj";530;14210;245;14455;NA;83094;775;2021-01-26;44436
2021-01-25;"Košický kraj";226;26161;409;26570;NA;83094;635;2021-01-25;43661
2021-01-24;"Košický kraj";150;44908;595;45503;NA;83094;745;2021-01-24;43026
2021-01-23;"Košický kraj";232;82016;843;82859;NA;83094;1075;2021-01-23;42281
2021-01-22;"Košický kraj";316;19999;265;20264;NA;83094;581;2021-01-22;41206
2021-01-21;"Košický kraj";274;14047;161;14208;NA;83094;435;2021-01-21;40625
2021-01-20;"Košický kraj";374;10845;201;11046;NA;83094;575;2021-01-20;40190
2021-01-19;"Košický kraj";248;9855;182;10037;NA;83094;430;2021-01-19;39615
2021-01-18;"Košický kraj";333;5778;212;5990;NA;83094;545;2021-01-18;39185
2021-01-17;"Košický kraj";155;535;14;549;NA;83094;169;2021-01-17;38640
2021-01-16;"Košický kraj";153;1403;47;1450;NA;83094;200;2021-01-16;38471
2021-01-15;"Košický kraj";308;6443;213;6656;NA;83094;521;2021-01-15;38271
2021-01-14;"Košický kraj";358;5471;221;5692;NA;83094;579;2021-01-14;37750
2021-01-13;"Košický kraj";421;4897;226;5123;NA;83094;647;2021-01-13;37171
2021-01-12;"Košický kraj";482;6689;258;6947;NA;83094;740;2021-01-12;36524
2021-01-11;"Košický kraj";309;7945;304;8249;NA;83094;613;2021-01-11;35784
2021-01-10;"Košický kraj";193;134;6;140;NA;83094;199;2021-01-10;35171
2021-01-09;"Košický kraj";469;1134;45;1179;NA;83094;514;2021-01-09;34972
2021-01-08;"Košický kraj";551;8222;388;8610;NA;83094;939;2021-01-08;34458
2021-01-07;"Košický kraj";251;6403;428;6831;NA;83094;679;2021-01-07;33519
2021-01-06;"Košický kraj";442;429;33;462;NA;83094;475;2021-01-06;32840
2021-01-05;"Košický kraj";584;8100;560;8660;NA;83094;1144;2021-01-05;32365
2021-01-04;"Košický kraj";407;7113;737;7850;NA;83094;1144;2021-01-04;31221
2021-01-03;"Košický kraj";118;661;22;683;NA;83094;140;2021-01-03;30077
2021-01-02;"Košický kraj";88;440;52;492;NA;83094;140;2021-01-02;29937
2021-01-01;"Košický kraj";398;725;49;774;NA;83094;447;2021-01-01;29797
2020-12-31;"Košický kraj";625;7877;461;8338;NA;83094;1086;2020-12-31;29350
2020-12-30;"Košický kraj";590;6477;412;6889;NA;83094;1002;2020-12-30;28264
2020-12-29;"Košický kraj";419;7573;605;8178;NA;83094;1024;2020-12-29;27262
2020-12-28;"Košický kraj";356;8296;804;9100;NA;83094;1160;2020-12-28;26238
2020-12-27;"Košický kraj";159;147;16;163;NA;83094;175;2020-12-27;25078
2020-12-26;"Košický kraj";163;274;23;297;NA;83094;186;2020-12-26;24903
2020-12-25;"Košický kraj";237;140;10;150;NA;83094;247;2020-12-25;24717
2020-12-24;"Košický kraj";564;1470;90;1560;NA;83094;654;2020-12-24;24470
2020-12-23;"Košický kraj";304;7942;354;8296;NA;83094;658;2020-12-23;23816
2020-12-22;"Košický kraj";438;7920;459;8379;NA;83094;897;2020-12-22;23158
2020-12-21;"Košický kraj";405;6984;509;7493;NA;83094;914;2020-12-21;22261
2020-12-20;"Košický kraj";215;48;8;56;NA;83094;223;2020-12-20;21347
2020-12-19;"Košický kraj";207;1148;59;1207;NA;83094;266;2020-12-19;21124
2020-12-18;"Košický kraj";310;8484;326;8810;NA;83094;636;2020-12-18;20858
2020-12-17;"Košický kraj";463;5292;255;5547;NA;83094;718;2020-12-17;20222
2020-12-16;"Košický kraj";455;5898;316;6214;NA;83094;771;2020-12-16;19504
2020-12-15;"Košický kraj";319;5086;338;5424;NA;83094;657;2020-12-15;18733
2020-12-14;"Košický kraj";256;2893;239;3132;NA;83094;495;2020-12-14;18076
2020-12-13;"Košický kraj";47;181;2;183;NA;83094;49;2020-12-13;17581
2020-12-12;"Košický kraj";369;1587;118;1705;NA;83094;487;2020-12-12;17532
2020-12-11;"Košický kraj";354;5461;258;5719;NA;83094;612;2020-12-11;17045
2020-12-10;"Košický kraj";283;4064;176;4240;NA;83094;459;2020-12-10;16433
2020-12-09;"Košický kraj";279;3786;166;3952;NA;83094;445;2020-12-09;15974
2020-12-08;"Košický kraj";226;4105;355;4460;NA;83094;581;2020-12-08;15529
2020-12-07;"Košický kraj";270;2111;103;2214;NA;83094;373;2020-12-07;14948
2020-12-06;"Košický kraj";121;97;20;117;NA;83094;141;2020-12-06;14575
2020-12-05;"Košický kraj";90;1096;48;1144;NA;83094;138;2020-12-05;14434
2020-12-04;"Košický kraj";224;2680;82;2762;NA;83094;306;2020-12-04;14296
2020-12-03;"Košický kraj";211;7717;173;7890;NA;83094;384;2020-12-03;13990
2020-12-02;"Košický kraj";193;8132;496;8628;NA;83094;689;2020-12-02;13606
2020-12-01;"Košický kraj";178;2237;124;2361;NA;83094;302;2020-12-01;12917
2020-11-30;"Košický kraj";171;3754;62;3816;NA;83094;233;2020-11-30;12615
2020-11-29;"Košický kraj";31;287;16;303;NA;83094;47;2020-11-29;12382
2020-11-28;"Košický kraj";69;721;52;773;NA;83094;121;2020-11-28;12335
2020-11-27;"Košický kraj";149;2729;74;2803;NA;83094;223;2020-11-27;12214
2020-11-26;"Košický kraj";239;1090;55;1145;NA;83094;294;2020-11-26;11991
2020-11-25;"Košický kraj";237;1664;122;1786;NA;83094;359;2020-11-25;11697
2020-11-24;"Košický kraj";196;1871;64;1935;NA;83094;260;2020-11-24;11338
2020-11-23;"Košický kraj";51;3737;54;3791;NA;83094;105;2020-11-23;11078
2020-11-22;"Košický kraj";57;28;3;31;NA;83094;60;2020-11-22;10973
2020-11-21;"Košický kraj";87;858;36;894;NA;83094;123;2020-11-21;10913
2020-11-20;"Košický kraj";176;2989;45;3034;NA;83094;221;2020-11-20;10790
2020-11-19;"Košický kraj";206;1648;40;1688;NA;83094;246;2020-11-19;10569
2020-11-18;"Košický kraj";122;443;16;459;NA;83094;138;2020-11-18;10323
2020-11-17;"Košický kraj";152;82;9;91;NA;83094;161;2020-11-17;10185
2020-11-16;"Košický kraj";114;531;24;555;NA;83094;138;2020-11-16;10024
2020-11-15;"Košický kraj";15;338;7;345;NA;83094;22;2020-11-15;9886
2020-11-14;"Košický kraj";234;520;12;532;NA;83094;246;2020-11-14;9864
2020-11-13;"Košický kraj";207;664;29;693;NA;83094;236;2020-11-13;9618
2020-11-12;"Košický kraj";192;736;13;749;NA;83094;205;2020-11-12;9382
2020-11-11;"Košický kraj";301;593;7;600;NA;83094;308;2020-11-11;9177
2020-11-10;"Košický kraj";190;541;11;552;NA;83094;201;2020-11-10;8869
2020-11-09;"Košický kraj";129;380;5;385;NA;83094;134;2020-11-09;8668
2020-11-08;"Košický kraj";78;1298;8;1306;NA;83094;86;2020-11-08;8534
2020-11-07;"Košický kraj";192;3909;22;3931;NA;83094;214;2020-11-07;8448
2020-11-06;"Košický kraj";195;5310;34;5344;NA;83094;229;2020-11-06;8234
2020-11-05;"Košický kraj";342;330;31;361;NA;83094;373;2020-11-05;8005
2020-11-04;"Košický kraj";101;154;6;160;NA;83094;107;2020-11-04;7632
2020-11-03;"Košický kraj";358;1122;13;1135;NA;83094;371;2020-11-03;7525
2020-11-02;"Košický kraj";111;4368;51;4419;NA;83094;162;2020-11-02;7154
2020-11-01;"Košický kraj";346;6522;34;6556;NA;83094;380;2020-11-01;6992
2020-10-31;"Košický kraj";82;13810;105;13915;NA;83094;187;2020-10-31;6612
2020-10-30;"Košický kraj";379;2835;27;2862;NA;83094;406;2020-10-30;6425
2020-10-29;"Košický kraj";333;983;13;996;NA;83094;346;2020-10-29;6019
2020-10-28;"Košický kraj";224;305;13;318;NA;83094;237;2020-10-28;5673
2020-10-27;"Košický kraj";386;439;21;460;NA;83094;407;2020-10-27;5436
2020-10-26;"Košický kraj";56;206;10;216;NA;83094;66;2020-10-26;5029
2020-10-25;"Košický kraj";154;79;2;81;NA;83094;156;2020-10-25;4963
2020-10-24;"Košický kraj";313;113;15;128;NA;83094;328;2020-10-24;4807
2020-10-23;"Košický kraj";315;331;8;339;NA;83094;323;2020-10-23;4479
2020-10-22;"Košický kraj";349;530;16;546;NA;83094;365;2020-10-22;4156
2020-10-21;"Košický kraj";129;84;2;86;NA;83094;131;2020-10-21;3791
2020-10-20;"Košický kraj";181;14;1;15;NA;83094;182;2020-10-20;3660
2020-10-19;"Košický kraj";64;10;0;10;NA;83094;64;2020-10-19;3478
2020-10-18;"Košický kraj";158;0;0;0;NA;83094;158;2020-10-18;3414
2020-10-17;"Košický kraj";142;0;0;0;NA;83094;142;2020-10-17;3256
2020-10-16;"Košický kraj";206;19;0;19;NA;83094;206;2020-10-16;3114
2020-10-15;"Košický kraj";177;19;5;24;NA;83094;182;2020-10-15;2908
2020-10-14;"Košický kraj";211;8;0;8;NA;83094;211;2020-10-14;2726
2020-10-13;"Košický kraj";179;80;3;83;NA;83094;182;2020-10-13;2515
2020-10-12;"Košický kraj";74;0;0;0;NA;83094;74;2020-10-12;2333
2020-10-11;"Košický kraj";121;0;0;0;NA;83094;121;2020-10-11;2259
2020-10-10;"Košický kraj";70;0;0;0;NA;83094;70;2020-10-10;2138
2020-10-09;"Košický kraj";188;0;0;0;NA;83094;188;2020-10-09;2068
2020-10-08;"Košický kraj";102;0;0;0;NA;83094;102;2020-10-08;1880
2020-10-07;"Košický kraj";158;0;0;0;NA;83094;158;2020-10-07;1778
2020-10-06;"Košický kraj";70;0;0;0;NA;83094;70;2020-10-06;1620
2020-10-05;"Košický kraj";39;0;0;0;NA;83094;39;2020-10-05;1550
2020-10-04;"Košický kraj";45;0;0;0;NA;83094;45;2020-10-04;1511
2020-10-03;"Košický kraj";105;0;0;0;NA;83094;105;2020-10-03;1466
2020-10-02;"Košický kraj";57;0;0;0;NA;83094;57;2020-10-02;1361
2020-10-01;"Košický kraj";69;0;0;0;NA;83094;69;2020-10-01;1304
2020-09-30;"Košický kraj";95;0;0;0;NA;83094;95;2020-09-30;1235
2020-09-29;"Košický kraj";75;0;0;0;NA;83094;75;2020-09-29;1140
2020-09-28;"Košický kraj";19;0;0;0;NA;83094;19;2020-09-28;1065
2020-09-27;"Košický kraj";21;0;0;0;NA;83094;21;2020-09-27;1046
2020-09-26;"Košický kraj";53;0;0;0;NA;83094;53;2020-09-26;1025
2020-09-25;"Košický kraj";72;0;0;0;NA;83094;72;2020-09-25;972
2020-09-24;"Košický kraj";35;0;0;0;NA;83094;35;2020-09-24;900
2020-09-23;"Košický kraj";23;0;0;0;NA;83094;23;2020-09-23;865
2020-09-22;"Košický kraj";39;0;0;0;NA;83094;39;2020-09-22;842
2020-09-21;"Košický kraj";5;0;0;0;NA;83094;5;2020-09-21;803
2020-09-20;"Košický kraj";3;0;0;0;NA;83094;3;2020-09-20;798
2020-09-19;"Košický kraj";13;0;0;0;NA;83094;13;2020-09-19;795
2020-09-18;"Košický kraj";20;0;0;0;NA;83094;20;2020-09-18;782
2020-09-17;"Košický kraj";22;0;0;0;NA;83094;22;2020-09-17;762
2020-09-16;"Košický kraj";12;0;0;0;NA;83094;12;2020-09-16;740
2020-09-15;"Košický kraj";10;0;0;0;NA;83094;10;2020-09-15;728
2020-09-14;"Košický kraj";6;0;0;0;NA;83094;6;2020-09-14;718
2020-09-13;"Košický kraj";3;0;0;0;NA;83094;3;2020-09-13;712
2020-09-12;"Košický kraj";16;0;0;0;NA;83094;16;2020-09-12;709
2020-09-11;"Košický kraj";20;0;0;0;NA;83094;20;2020-09-11;693
2020-09-10;"Košický kraj";11;0;0;0;NA;83094;11;2020-09-10;673
2020-09-09;"Košický kraj";37;0;0;0;NA;83094;37;2020-09-09;662
2020-09-08;"Košický kraj";10;0;0;0;NA;83094;10;2020-09-08;625
2020-09-07;"Košický kraj";4;0;0;0;NA;83094;4;2020-09-07;615
2020-09-06;"Košický kraj";2;0;0;0;NA;83094;2;2020-09-06;611
2020-09-05;"Košický kraj";10;0;0;0;NA;83094;10;2020-09-05;609
2020-09-04;"Košický kraj";14;0;0;0;NA;83094;14;2020-09-04;599
2020-09-03;"Košický kraj";22;0;0;0;NA;83094;22;2020-09-03;585
2020-09-02;"Košický kraj";13;0;0;0;NA;83094;13;2020-09-02;563
2020-09-01;"Košický kraj";21;0;0;0;NA;83094;21;2020-09-01;550
2020-08-31;"Košický kraj";9;0;0;0;NA;83094;9;2020-08-31;529
2020-08-30;"Košický kraj";21;0;0;0;NA;83094;21;2020-08-30;520
2020-08-29;"Košický kraj";1;0;0;0;NA;83094;1;2020-08-29;499
2020-08-28;"Košický kraj";19;0;0;0;NA;83094;19;2020-08-28;498
2020-08-27;"Košický kraj";15;0;0;0;NA;83094;15;2020-08-27;479
2020-08-26;"Košický kraj";8;0;0;0;NA;83094;8;2020-08-26;464
2020-08-25;"Košický kraj";23;0;0;0;NA;83094;23;2020-08-25;456
2020-08-24;"Košický kraj";6;0;0;0;NA;83094;6;2020-08-24;433
2020-08-23;"Košický kraj";8;0;0;0;NA;83094;8;2020-08-23;427
2020-08-22;"Košický kraj";13;0;0;0;NA;83094;13;2020-08-22;419
2020-08-21;"Košický kraj";10;0;0;0;NA;83094;10;2020-08-21;406
2020-08-20;"Košický kraj";10;0;0;0;NA;83094;10;2020-08-20;396
2020-08-19;"Košický kraj";3;0;0;0;NA;83094;3;2020-08-19;386
2020-08-18;"Košický kraj";7;0;0;0;NA;83094;7;2020-08-18;383
2020-08-17;"Košický kraj";2;0;0;0;NA;83094;2;2020-08-17;376
2020-08-16;"Košický kraj";2;0;0;0;NA;83094;2;2020-08-16;374
2020-08-15;"Košický kraj";3;0;0;0;NA;83094;3;2020-08-15;372
2020-08-14;"Košický kraj";1;0;0;0;NA;83094;1;2020-08-14;369
2020-08-13;"Košický kraj";3;0;0;0;NA;83094;3;2020-08-13;368
2020-08-12;"Košický kraj";12;0;0;0;NA;83094;12;2020-08-12;365
2020-08-11;"Košický kraj";5;0;0;0;NA;83094;5;2020-08-11;353
2020-08-10;"Košický kraj";1;0;0;0;NA;83094;1;2020-08-10;348
2020-08-08;"Košický kraj";5;0;0;0;NA;83094;5;2020-08-08;347
2020-08-07;"Košický kraj";7;0;0;0;NA;83094;7;2020-08-07;342
2020-08-06;"Košický kraj";3;0;0;0;NA;83094;3;2020-08-06;335
2020-08-05;"Košický kraj";4;0;0;0;NA;83094;4;2020-08-05;332
2020-08-04;"Košický kraj";1;0;0;0;NA;83094;1;2020-08-04;328
2020-08-03;"Košický kraj";1;0;0;0;NA;83094;1;2020-08-03;327
2020-07-30;"Košický kraj";2;0;0;0;NA;83094;2;2020-07-30;326
2020-07-29;"Košický kraj";1;0;0;0;NA;83094;1;2020-07-29;324
2020-07-28;"Košický kraj";9;0;0;0;NA;83094;9;2020-07-28;323
2020-07-27;"Košický kraj";4;0;0;0;NA;83094;4;2020-07-27;314
2020-07-25;"Košický kraj";2;0;0;0;NA;83094;2;2020-07-25;310
2020-07-24;"Košický kraj";2;0;0;0;NA;83094;2;2020-07-24;308
2020-07-23;"Košický kraj";1;0;0;0;NA;83094;1;2020-07-23;306
2020-07-22;"Košický kraj";1;0;0;0;NA;83094;1;2020-07-22;305
2020-07-18;"Košický kraj";1;0;0;0;NA;83094;1;2020-07-18;304
2020-07-17;"Košický kraj";1;0;0;0;NA;83094;1;2020-07-17;303
2020-07-15;"Košický kraj";2;0;0;0;NA;83094;2;2020-07-15;302
2020-07-14;"Košický kraj";1;0;0;0;NA;83094;1;2020-07-14;300
2020-07-13;"Košický kraj";1;0;0;0;NA;83094;1;2020-07-13;299
2020-07-10;"Košický kraj";1;0;0;0;NA;83094;1;2020-07-10;298
2020-07-09;"Košický kraj";1;0;0;0;NA;83094;1;2020-07-09;297
2020-07-08;"Košický kraj";12;0;0;0;NA;83094;12;2020-07-08;296
2020-07-03;"Košický kraj";1;0;0;0;NA;83094;1;2020-07-03;284
2020-07-01;"Košický kraj";1;0;0;0;NA;83094;1;2020-07-01;283
2020-06-25;"Košický kraj";3;0;0;0;NA;83094;3;2020-06-25;282
2020-06-24;"Košický kraj";3;0;0;0;NA;83094;3;2020-06-24;279
2020-06-23;"Košický kraj";3;0;0;0;NA;83094;3;2020-06-23;276
2020-06-18;"Košický kraj";1;0;0;0;NA;83094;1;2020-06-18;273
2020-06-16;"Košický kraj";2;0;0;0;NA;83094;2;2020-06-16;272
2020-06-10;"Košický kraj";6;0;0;0;NA;83094;6;2020-06-10;270
2020-06-07;"Košický kraj";2;0;0;0;NA;83094;2;2020-06-07;264
2020-06-02;"Košický kraj";1;0;0;0;NA;83094;1;2020-06-02;262
2020-05-29;"Košický kraj";1;0;0;0;NA;83094;1;2020-05-29;261
2020-05-26;"Košický kraj";1;0;0;0;NA;83094;1;2020-05-26;260
2020-05-25;"Košický kraj";1;0;0;0;NA;83094;1;2020-05-25;259
2020-05-20;"Košický kraj";3;0;0;0;NA;83094;3;2020-05-20;258
2020-05-17;"Košický kraj";1;0;0;0;NA;83094;1;2020-05-17;255
2020-05-16;"Košický kraj";1;0;0;0;NA;83094;1;2020-05-16;254
2020-05-15;"Košický kraj";10;0;0;0;NA;83094;10;2020-05-15;253
2020-05-14;"Košický kraj";1;0;0;0;NA;83094;1;2020-05-14;243
2020-05-13;"Košický kraj";6;0;0;0;NA;83094;6;2020-05-13;242
2020-05-06;"Košický kraj";1;0;0;0;NA;83094;1;2020-05-06;236
2020-05-02;"Košický kraj";1;0;0;0;NA;83094;1;2020-05-02;235
2020-04-30;"Košický kraj";1;0;0;0;NA;83094;1;2020-04-30;234
2020-04-29;"Košický kraj";1;0;0;0;NA;83094;1;2020-04-29;233
2020-04-28;"Košický kraj";1;0;0;0;NA;83094;1;2020-04-28;232
2020-04-27;"Košický kraj";1;0;0;0;NA;83094;1;2020-04-27;231
2020-04-24;"Košický kraj";3;0;0;0;NA;83094;3;2020-04-24;230
2020-04-23;"Košický kraj";4;0;0;0;NA;83094;4;2020-04-23;227
2020-04-22;"Košický kraj";21;0;0;0;NA;83094;21;2020-04-22;223
2020-04-21;"Košický kraj";4;0;0;0;NA;83094;4;2020-04-21;202
2020-04-19;"Košický kraj";1;0;0;0;NA;83094;1;2020-04-19;198
2020-04-18;"Košický kraj";2;0;0;0;NA;83094;2;2020-04-18;197
2020-04-17;"Košický kraj";7;0;0;0;NA;83094;7;2020-04-17;195
2020-04-16;"Košický kraj";29;0;0;0;NA;83094;29;2020-04-16;188
2020-04-15;"Košický kraj";50;0;0;0;NA;83094;50;2020-04-15;159
2020-04-14;"Košický kraj";4;0;0;0;NA;83094;4;2020-04-14;109
2020-04-13;"Košický kraj";5;0;0;0;NA;83094;5;2020-04-13;105
2020-04-12;"Košický kraj";4;0;0;0;NA;83094;4;2020-04-12;100
2020-04-11;"Košický kraj";2;0;0;0;NA;83094;2;2020-04-11;96
2020-04-10;"Košický kraj";1;0;0;0;NA;83094;1;2020-04-10;94
2020-04-09;"Košický kraj";4;0;0;0;NA;83094;4;2020-04-09;93
2020-04-08;"Košický kraj";5;0;0;0;NA;83094;5;2020-04-08;89
2020-04-07;"Košický kraj";34;0;0;0;NA;83094;34;2020-04-07;84
2020-04-06;"Košický kraj";6;0;0;0;NA;83094;6;2020-04-06;50
2020-04-05;"Košický kraj";4;0;0;0;NA;83094;4;2020-04-05;44
2020-04-04;"Košický kraj";5;0;0;0;NA;83094;5;2020-04-04;40
2020-04-03;"Košický kraj";4;0;0;0;NA;83094;4;2020-04-03;35
2020-04-02;"Košický kraj";3;0;0;0;NA;83094;3;2020-04-02;31
2020-04-01;"Košický kraj";3;0;0;0;NA;83094;3;2020-04-01;28
2020-03-31;"Košický kraj";1;0;0;0;NA;83094;1;2020-03-31;25
2020-03-30;"Košický kraj";5;0;0;0;NA;83094;5;2020-03-30;24
2020-03-28;"Košický kraj";1;0;0;0;NA;83094;1;2020-03-28;19
2020-03-27;"Košický kraj";1;0;0;0;NA;83094;1;2020-03-27;18
2020-03-26;"Košický kraj";3;0;0;0;NA;83094;3;2020-03-26;17
2020-03-25;"Košický kraj";2;0;0;0;NA;83094;2;2020-03-25;14
2020-03-23;"Košický kraj";2;0;0;0;NA;83094;2;2020-03-23;12
2020-03-21;"Košický kraj";3;0;0;0;NA;83094;3;2020-03-21;10
2020-03-20;"Košický kraj";1;0;0;0;NA;83094;1;2020-03-20;7
2020-03-16;"Košický kraj";3;0;0;0;NA;83094;3;2020-03-16;6
2020-03-15;"Košický kraj";1;0;0;0;NA;83094;1;2020-03-15;3
2020-03-13;"Košický kraj";2;0;0;0;NA;83094;2;2020-03-13;2
2020-03-09;"Košický kraj";1;0;0;0;NA;83094;1;2020-03-09;0
2021-03-16;"Nitriansky kraj";172;14300;88;14388;36252;84569;260;2021-03-16;84569
2021-03-15;"Nitriansky kraj";130;23156;162;23318;NA;84569;292;2021-03-15;84309
2021-03-14;"Nitriansky kraj";3;11913;26;11939;NA;84569;29;2021-03-14;84017
2021-03-13;"Nitriansky kraj";65;101208;223;101431;NA;84569;288;2021-03-13;83988
2021-03-12;"Nitriansky kraj";127;39917;142;40059;NA;84569;269;2021-03-12;83700
2021-03-11;"Nitriansky kraj";131;18572;129;18701;NA;84569;260;2021-03-11;83431
2021-03-10;"Nitriansky kraj";96;16960;143;17103;NA;84569;239;2021-03-10;83171
2021-03-09;"Nitriansky kraj";260;17438;146;17584;NA;84569;406;2021-03-09;82932
2021-03-08;"Nitriansky kraj";145;27401;172;27573;NA;84569;317;2021-03-08;82526
2021-03-07;"Nitriansky kraj";48;37382;136;37518;NA;84569;184;2021-03-07;82209
2021-03-06;"Nitriansky kraj";86;105193;306;105499;NA;84569;392;2021-03-06;82025
2021-03-05;"Nitriansky kraj";133;38819;198;39017;NA;84569;331;2021-03-05;81633
2021-03-04;"Nitriansky kraj";176;17692;172;17864;NA;84569;348;2021-03-04;81302
2021-03-03;"Nitriansky kraj";172;16726;173;16899;NA;84569;345;2021-03-03;80954
2021-03-02;"Nitriansky kraj";274;21325;367;21692;NA;84569;641;2021-03-02;80609
2021-03-01;"Nitriansky kraj";133;27554;272;27826;NA;84569;405;2021-03-01;79968
2021-02-28;"Nitriansky kraj";80;40866;218;41084;NA;84569;298;2021-02-28;79563
2021-02-27;"Nitriansky kraj";101;98476;485;98961;NA;84569;586;2021-02-27;79265
2021-02-26;"Nitriansky kraj";109;36677;310;36987;NA;84569;419;2021-02-26;78679
2021-02-25;"Nitriansky kraj";188;15257;208;15465;NA;84569;396;2021-02-25;78260
2021-02-24;"Nitriansky kraj";125;13844;260;14104;NA;84569;385;2021-02-24;77864
2021-02-23;"Nitriansky kraj";273;15165;271;15436;NA;84569;544;2021-02-23;77479
2021-02-22;"Nitriansky kraj";154;24892;324;25216;NA;84569;478;2021-02-22;76935
2021-02-21;"Nitriansky kraj";22;38123;281;38404;NA;84569;303;2021-02-21;76457
2021-02-20;"Nitriansky kraj";128;108505;586;109091;NA;84569;714;2021-02-20;76154
2021-02-19;"Nitriansky kraj";173;36684;323;37007;NA;84569;496;2021-02-19;75440
2021-02-18;"Nitriansky kraj";202;16938;285;17223;NA;84569;487;2021-02-18;74944
2021-02-17;"Nitriansky kraj";198;11548;290;11838;NA;84569;488;2021-02-17;74457
2021-02-16;"Nitriansky kraj";284;14523;281;14804;NA;84569;565;2021-02-16;73969
2021-02-15;"Nitriansky kraj";122;26177;460;26637;NA;84569;582;2021-02-15;73404
2021-02-14;"Nitriansky kraj";8;34690;198;34888;NA;84569;206;2021-02-14;72822
2021-02-13;"Nitriansky kraj";127;110035;689;110724;NA;84569;816;2021-02-13;72616
2021-02-12;"Nitriansky kraj";162;33407;407;33814;NA;84569;569;2021-02-12;71800
2021-02-11;"Nitriansky kraj";195;12410;270;12680;NA;84569;465;2021-02-11;71231
2021-02-10;"Nitriansky kraj";186;17633;644;18277;NA;84569;830;2021-02-10;70766
2021-02-09;"Nitriansky kraj";260;18485;385;18870;NA;84569;645;2021-02-09;69936
2021-02-08;"Nitriansky kraj";177;39580;592;40172;NA;84569;769;2021-02-08;69291
2021-02-07;"Nitriansky kraj";20;49686;502;50188;NA;84569;522;2021-02-07;68522
2021-02-06;"Nitriansky kraj";129;101903;778;102681;NA;84569;907;2021-02-06;68000
2021-02-05;"Nitriansky kraj";244;32379;613;32992;NA;84569;857;2021-02-05;67093
2021-02-04;"Nitriansky kraj";308;16057;530;16587;NA;84569;838;2021-02-04;66236
2021-02-03;"Nitriansky kraj";191;11121;344;11465;NA;84569;535;2021-02-03;65398
2021-02-02;"Nitriansky kraj";327;17769;371;18140;NA;84569;698;2021-02-02;64863
2021-02-01;"Nitriansky kraj";221;24048;459;24507;NA;84569;680;2021-02-01;64165
2021-01-31;"Nitriansky kraj";9;22797;242;23039;NA;84569;251;2021-01-31;63485
2021-01-30;"Nitriansky kraj";152;90558;935;91493;NA;84569;1087;2021-01-30;63234
2021-01-29;"Nitriansky kraj";302;23753;486;24239;NA;84569;788;2021-01-29;62147
2021-01-28;"Nitriansky kraj";269;11437;398;11835;NA;84569;667;2021-01-28;61359
2021-01-27;"Nitriansky kraj";235;6759;299;7058;NA;84569;534;2021-01-27;60692
2021-01-26;"Nitriansky kraj";345;16041;454;16495;NA;84569;799;2021-01-26;60158
2021-01-25;"Nitriansky kraj";201;21739;431;22170;NA;84569;632;2021-01-25;59359
2021-01-24;"Nitriansky kraj";12;64769;642;65411;NA;84569;654;2021-01-24;58727
2021-01-23;"Nitriansky kraj";277;96698;1433;98131;NA;84569;1710;2021-01-23;58073
2021-01-22;"Nitriansky kraj";139;35406;614;36020;NA;84569;753;2021-01-22;56363
2021-01-21;"Nitriansky kraj";305;14646;412;15058;NA;84569;717;2021-01-21;55610
2021-01-20;"Nitriansky kraj";326;12185;638;12823;NA;84569;964;2021-01-20;54893
2021-01-19;"Nitriansky kraj";344;11016;633;11649;NA;84569;977;2021-01-19;53929
2021-01-18;"Nitriansky kraj";367;8672;511;9183;NA;84569;878;2021-01-18;52952
2021-01-17;"Nitriansky kraj";97;15061;275;15336;NA;84569;372;2021-01-17;52074
2021-01-16;"Nitriansky kraj";64;36174;646;36820;NA;84569;710;2021-01-16;51702
2021-01-15;"Nitriansky kraj";373;15942;474;16416;NA;84569;847;2021-01-15;50992
2021-01-14;"Nitriansky kraj";627;10578;452;11030;NA;84569;1079;2021-01-14;50145
2021-01-13;"Nitriansky kraj";663;9234;484;9718;NA;84569;1147;2021-01-13;49066
2021-01-12;"Nitriansky kraj";642;9014;557;9571;NA;84569;1199;2021-01-12;47919
2021-01-11;"Nitriansky kraj";422;8624;556;9180;NA;84569;978;2021-01-11;46720
2021-01-10;"Nitriansky kraj";44;19841;730;20571;NA;84569;774;2021-01-10;45742
2021-01-09;"Nitriansky kraj";532;36823;1071;37894;NA;84569;1603;2021-01-09;44968
2021-01-08;"Nitriansky kraj";817;14293;711;15004;NA;84569;1528;2021-01-08;43365
2021-01-07;"Nitriansky kraj";438;10820;823;11643;NA;84569;1261;2021-01-07;41837
2021-01-06;"Nitriansky kraj";259;3192;197;3389;NA;84569;456;2021-01-06;40576
2021-01-05;"Nitriansky kraj";732;8901;1202;10103;NA;84569;1934;2021-01-05;40120
2021-01-04;"Nitriansky kraj";362;8692;1329;10021;NA;84569;1691;2021-01-04;38186
2021-01-03;"Nitriansky kraj";42;84;20;104;NA;84569;62;2021-01-03;36495
2021-01-02;"Nitriansky kraj";249;1090;26;1116;NA;84569;275;2021-01-02;36433
2021-01-01;"Nitriansky kraj";119;671;94;765;NA;84569;213;2021-01-01;36158
2020-12-31;"Nitriansky kraj";786;7646;962;8608;NA;84569;1748;2020-12-31;35945
2020-12-30;"Nitriansky kraj";1094;9619;1165;10784;NA;84569;2259;2020-12-30;34197
2020-12-29;"Nitriansky kraj";607;8277;1286;9563;NA;84569;1893;2020-12-29;31938
2020-12-28;"Nitriansky kraj";83;6981;1271;8252;NA;84569;1354;2020-12-28;30045
2020-12-27;"Nitriansky kraj";22;36;2;38;NA;84569;24;2020-12-27;28691
2020-12-26;"Nitriansky kraj";54;297;56;353;NA;84569;110;2020-12-26;28667
2020-12-25;"Nitriansky kraj";35;47;5;52;NA;84569;40;2020-12-25;28557
2020-12-24;"Nitriansky kraj";514;1861;176;2037;NA;84569;690;2020-12-24;28517
2020-12-23;"Nitriansky kraj";349;15295;843;16138;NA;84569;1192;2020-12-23;27827
2020-12-22;"Nitriansky kraj";673;10987;994;11981;NA;84569;1667;2020-12-22;26635
2020-12-21;"Nitriansky kraj";128;7953;976;8929;NA;84569;1104;2020-12-21;24968
2020-12-20;"Nitriansky kraj";77;50;10;60;NA;84569;87;2020-12-20;23864
2020-12-19;"Nitriansky kraj";262;2259;159;2418;NA;84569;421;2020-12-19;23777
2020-12-18;"Nitriansky kraj";512;8437;551;8988;NA;84569;1063;2020-12-18;23356
2020-12-17;"Nitriansky kraj";586;6894;514;7408;NA;84569;1100;2020-12-17;22293
2020-12-16;"Nitriansky kraj";357;8785;546;9331;NA;84569;903;2020-12-16;21193
2020-12-15;"Nitriansky kraj";461;9365;769;10134;NA;84569;1230;2020-12-15;20290
2020-12-14;"Nitriansky kraj";217;8089;827;8916;NA;84569;1044;2020-12-14;19060
2020-12-13;"Nitriansky kraj";12;9;1;10;NA;84569;13;2020-12-13;18016
2020-12-12;"Nitriansky kraj";341;1832;125;1957;NA;84569;466;2020-12-12;18003
2020-12-11;"Nitriansky kraj";409;6193;465;6658;NA;84569;874;2020-12-11;17537
2020-12-10;"Nitriansky kraj";360;5030;326;5356;NA;84569;686;2020-12-10;16663
2020-12-09;"Nitriansky kraj";362;5726;542;6268;NA;84569;904;2020-12-09;15977
2020-12-08;"Nitriansky kraj";340;8766;611;9377;NA;84569;951;2020-12-08;15073
2020-12-07;"Nitriansky kraj";139;6243;573;6816;NA;84569;712;2020-12-07;14122
2020-12-06;"Nitriansky kraj";15;89;4;93;NA;84569;19;2020-12-06;13410
2020-12-05;"Nitriansky kraj";136;618;14;632;NA;84569;150;2020-12-05;13391
2020-12-04;"Nitriansky kraj";232;3047;86;3133;NA;84569;318;2020-12-04;13241
2020-12-03;"Nitriansky kraj";248;2599;127;2726;NA;84569;375;2020-12-03;12923
2020-12-02;"Nitriansky kraj";252;3733;163;3896;NA;84569;415;2020-12-02;12548
2020-12-01;"Nitriansky kraj";331;2941;133;3074;NA;84569;464;2020-12-01;12133
2020-11-30;"Nitriansky kraj";91;4836;207;5043;NA;84569;298;2020-11-30;11669
2020-11-29;"Nitriansky kraj";3;620;42;662;NA;84569;45;2020-11-29;11371
2020-11-28;"Nitriansky kraj";135;892;31;923;NA;84569;166;2020-11-28;11326
2020-11-27;"Nitriansky kraj";177;1229;43;1272;NA;84569;220;2020-11-27;11160
2020-11-26;"Nitriansky kraj";191;2262;57;2319;NA;84569;248;2020-11-26;10940
2020-11-25;"Nitriansky kraj";325;1993;66;2059;NA;84569;391;2020-11-25;10692
2020-11-24;"Nitriansky kraj";147;1141;50;1191;NA;84569;197;2020-11-24;10301
2020-11-23;"Nitriansky kraj";102;9562;206;9768;NA;84569;308;2020-11-23;10104
2020-11-22;"Nitriansky kraj";7;0;0;0;NA;84569;7;2020-11-22;9796
2020-11-21;"Nitriansky kraj";86;1083;38;1121;NA;84569;124;2020-11-21;9789
2020-11-20;"Nitriansky kraj";264;4020;101;4121;NA;84569;365;2020-11-20;9665
2020-11-19;"Nitriansky kraj";185;2953;133;3086;NA;84569;318;2020-11-19;9300
2020-11-18;"Nitriansky kraj";188;2109;77;2186;NA;84569;265;2020-11-18;8982
2020-11-17;"Nitriansky kraj";178;596;29;625;NA;84569;207;2020-11-17;8717
2020-11-16;"Nitriansky kraj";139;1836;75;1911;NA;84569;214;2020-11-16;8510
2020-11-15;"Nitriansky kraj";14;10;1;11;NA;84569;15;2020-11-15;8296
2020-11-14;"Nitriansky kraj";114;1131;32;1163;NA;84569;146;2020-11-14;8281
2020-11-13;"Nitriansky kraj";210;936;46;982;NA;84569;256;2020-11-13;8135
2020-11-12;"Nitriansky kraj";256;1195;35;1230;NA;84569;291;2020-11-12;7879
2020-11-11;"Nitriansky kraj";279;1247;22;1269;NA;84569;301;2020-11-11;7588
2020-11-10;"Nitriansky kraj";192;2623;39;2662;NA;84569;231;2020-11-10;7287
2020-11-09;"Nitriansky kraj";128;3136;43;3179;NA;84569;171;2020-11-09;7056
2020-11-08;"Nitriansky kraj";43;1462;32;1494;NA;84569;75;2020-11-08;6885
2020-11-07;"Nitriansky kraj";130;1046;4;1050;NA;84569;134;2020-11-07;6810
2020-11-06;"Nitriansky kraj";210;2264;32;2296;NA;84569;242;2020-11-06;6676
2020-11-05;"Nitriansky kraj";178;295;12;307;NA;84569;190;2020-11-05;6434
2020-11-04;"Nitriansky kraj";211;297;16;313;NA;84569;227;2020-11-04;6244
2020-11-03;"Nitriansky kraj";216;435;25;460;NA;84569;241;2020-11-03;6017
2020-11-02;"Nitriansky kraj";171;4208;46;4254;NA;84569;217;2020-11-02;5776
2020-11-01;"Nitriansky kraj";130;2546;27;2573;NA;84569;157;2020-11-01;5559
2020-10-31;"Nitriansky kraj";261;10402;134;10536;NA;84569;395;2020-10-31;5402
2020-10-30;"Nitriansky kraj";204;2380;21;2401;NA;84569;225;2020-10-30;5007
2020-10-29;"Nitriansky kraj";293;841;39;880;NA;84569;332;2020-10-29;4782
2020-10-28;"Nitriansky kraj";216;608;59;667;NA;84569;275;2020-10-28;4450
2020-10-27;"Nitriansky kraj";296;550;47;597;NA;84569;343;2020-10-27;4175
2020-10-26;"Nitriansky kraj";69;633;56;689;NA;84569;125;2020-10-26;3832
2020-10-25;"Nitriansky kraj";50;40;6;46;NA;84569;56;2020-10-25;3707
2020-10-24;"Nitriansky kraj";169;237;11;248;NA;84569;180;2020-10-24;3651
2020-10-23;"Nitriansky kraj";282;762;41;803;NA;84569;323;2020-10-23;3471
2020-10-22;"Nitriansky kraj";137;444;39;483;NA;84569;176;2020-10-22;3148
2020-10-21;"Nitriansky kraj";146;208;3;211;NA;84569;149;2020-10-21;2972
2020-10-20;"Nitriansky kraj";197;78;6;84;NA;84569;203;2020-10-20;2823
2020-10-19;"Nitriansky kraj";148;79;1;80;NA;84569;149;2020-10-19;2620
2020-10-18;"Nitriansky kraj";22;0;0;0;NA;84569;22;2020-10-18;2471
2020-10-17;"Nitriansky kraj";67;0;0;0;NA;84569;67;2020-10-17;2449
2020-10-16;"Nitriansky kraj";133;28;3;31;NA;84569;136;2020-10-16;2382
2020-10-15;"Nitriansky kraj";106;31;2;33;NA;84569;108;2020-10-15;2246
2020-10-14;"Nitriansky kraj";80;22;4;26;NA;84569;84;2020-10-14;2138
2020-10-13;"Nitriansky kraj";101;82;2;84;NA;84569;103;2020-10-13;2054
2020-10-12;"Nitriansky kraj";36;0;0;0;NA;84569;36;2020-10-12;1951
2020-10-11;"Nitriansky kraj";8;0;0;0;NA;84569;8;2020-10-11;1915
2020-10-10;"Nitriansky kraj";107;0;0;0;NA;84569;107;2020-10-10;1907
2020-10-09;"Nitriansky kraj";120;0;0;0;NA;84569;120;2020-10-09;1800
2020-10-08;"Nitriansky kraj";132;0;0;0;NA;84569;132;2020-10-08;1680
2020-10-07;"Nitriansky kraj";81;0;0;0;NA;84569;81;2020-10-07;1548
2020-10-06;"Nitriansky kraj";48;0;0;0;NA;84569;48;2020-10-06;1467
2020-10-05;"Nitriansky kraj";20;0;0;0;NA;84569;20;2020-10-05;1419
2020-10-04;"Nitriansky kraj";17;0;0;0;NA;84569;17;2020-10-04;1399
2020-10-03;"Nitriansky kraj";96;0;0;0;NA;84569;96;2020-10-03;1382
2020-10-02;"Nitriansky kraj";108;0;0;0;NA;84569;108;2020-10-02;1286
2020-10-01;"Nitriansky kraj";95;0;0;0;NA;84569;95;2020-10-01;1178
2020-09-30;"Nitriansky kraj";100;0;0;0;NA;84569;100;2020-09-30;1083
2020-09-29;"Nitriansky kraj";50;0;0;0;NA;84569;50;2020-09-29;983
2020-09-28;"Nitriansky kraj";22;0;0;0;NA;84569;22;2020-09-28;933
2020-09-27;"Nitriansky kraj";16;0;0;0;NA;84569;16;2020-09-27;911
2020-09-26;"Nitriansky kraj";64;0;0;0;NA;84569;64;2020-09-26;895
2020-09-25;"Nitriansky kraj";90;0;0;0;NA;84569;90;2020-09-25;831
2020-09-24;"Nitriansky kraj";51;0;0;0;NA;84569;51;2020-09-24;741
2020-09-23;"Nitriansky kraj";70;0;0;0;NA;84569;70;2020-09-23;690
2020-09-22;"Nitriansky kraj";18;0;0;0;NA;84569;18;2020-09-22;620
2020-09-21;"Nitriansky kraj";10;0;0;0;NA;84569;10;2020-09-21;602
2020-09-20;"Nitriansky kraj";4;0;0;0;NA;84569;4;2020-09-20;592
2020-09-19;"Nitriansky kraj";14;0;0;0;NA;84569;14;2020-09-19;588
2020-09-18;"Nitriansky kraj";19;0;0;0;NA;84569;19;2020-09-18;574
2020-09-17;"Nitriansky kraj";30;0;0;0;NA;84569;30;2020-09-17;555
2020-09-16;"Nitriansky kraj";6;0;0;0;NA;84569;6;2020-09-16;525
2020-09-15;"Nitriansky kraj";19;0;0;0;NA;84569;19;2020-09-15;519
2020-09-14;"Nitriansky kraj";28;0;0;0;NA;84569;28;2020-09-14;500
2020-09-13;"Nitriansky kraj";3;0;0;0;NA;84569;3;2020-09-13;472
2020-09-12;"Nitriansky kraj";12;0;0;0;NA;84569;12;2020-09-12;469
2020-09-11;"Nitriansky kraj";23;0;0;0;NA;84569;23;2020-09-11;457
2020-09-10;"Nitriansky kraj";29;0;0;0;NA;84569;29;2020-09-10;434
2020-09-09;"Nitriansky kraj";19;0;0;0;NA;84569;19;2020-09-09;405
2020-09-08;"Nitriansky kraj";17;0;0;0;NA;84569;17;2020-09-08;386
2020-09-07;"Nitriansky kraj";17;0;0;0;NA;84569;17;2020-09-07;369
2020-09-05;"Nitriansky kraj";22;0;0;0;NA;84569;22;2020-09-05;352
2020-09-04;"Nitriansky kraj";34;0;0;0;NA;84569;34;2020-09-04;330
2020-09-03;"Nitriansky kraj";15;0;0;0;NA;84569;15;2020-09-03;296
2020-09-02;"Nitriansky kraj";15;0;0;0;NA;84569;15;2020-09-02;281
2020-09-01;"Nitriansky kraj";2;0;0;0;NA;84569;2;2020-09-01;266
2020-08-31;"Nitriansky kraj";12;0;0;0;NA;84569;12;2020-08-31;264
2020-08-30;"Nitriansky kraj";1;0;0;0;NA;84569;1;2020-08-30;252
2020-08-29;"Nitriansky kraj";7;0;0;0;NA;84569;7;2020-08-29;251
2020-08-28;"Nitriansky kraj";12;0;0;0;NA;84569;12;2020-08-28;244
2020-08-27;"Nitriansky kraj";12;0;0;0;NA;84569;12;2020-08-27;232
2020-08-26;"Nitriansky kraj";4;0;0;0;NA;84569;4;2020-08-26;220
2020-08-25;"Nitriansky kraj";8;0;0;0;NA;84569;8;2020-08-25;216
2020-08-24;"Nitriansky kraj";1;0;0;0;NA;84569;1;2020-08-24;208
2020-08-23;"Nitriansky kraj";1;0;0;0;NA;84569;1;2020-08-23;207
2020-08-22;"Nitriansky kraj";2;0;0;0;NA;84569;2;2020-08-22;206
2020-08-20;"Nitriansky kraj";7;0;0;0;NA;84569;7;2020-08-20;204
2020-08-19;"Nitriansky kraj";1;0;0;0;NA;84569;1;2020-08-19;197
2020-08-18;"Nitriansky kraj";2;0;0;0;NA;84569;2;2020-08-18;196
2020-08-17;"Nitriansky kraj";1;0;0;0;NA;84569;1;2020-08-17;194
2020-08-15;"Nitriansky kraj";2;0;0;0;NA;84569;2;2020-08-15;193
2020-08-14;"Nitriansky kraj";1;0;0;0;NA;84569;1;2020-08-14;191
2020-08-13;"Nitriansky kraj";4;0;0;0;NA;84569;4;2020-08-13;190
2020-08-11;"Nitriansky kraj";1;0;0;0;NA;84569;1;2020-08-11;186
2020-08-07;"Nitriansky kraj";4;0;0;0;NA;84569;4;2020-08-07;185
2020-08-06;"Nitriansky kraj";4;0;0;0;NA;84569;4;2020-08-06;181
2020-08-04;"Nitriansky kraj";7;0;0;0;NA;84569;7;2020-08-04;177
2020-07-24;"Nitriansky kraj";1;0;0;0;NA;84569;1;2020-07-24;170
2020-07-23;"Nitriansky kraj";3;0;0;0;NA;84569;3;2020-07-23;169
2020-07-22;"Nitriansky kraj";2;0;0;0;NA;84569;2;2020-07-22;166
2020-07-21;"Nitriansky kraj";14;0;0;0;NA;84569;14;2020-07-21;164
2020-07-20;"Nitriansky kraj";11;0;0;0;NA;84569;11;2020-07-20;150
2020-07-16;"Nitriansky kraj";4;0;0;0;NA;84569;4;2020-07-16;139
2020-07-15;"Nitriansky kraj";5;0;0;0;NA;84569;5;2020-07-15;135
2020-07-09;"Nitriansky kraj";1;0;0;0;NA;84569;1;2020-07-09;130
2020-07-08;"Nitriansky kraj";2;0;0;0;NA;84569;2;2020-07-08;129
2020-07-01;"Nitriansky kraj";3;0;0;0;NA;84569;3;2020-07-01;127
2020-06-24;"Nitriansky kraj";1;0;0;0;NA;84569;1;2020-06-24;124
2020-06-10;"Nitriansky kraj";1;0;0;0;NA;84569;1;2020-06-10;123
2020-06-09;"Nitriansky kraj";1;0;0;0;NA;84569;1;2020-06-09;122
2020-06-02;"Nitriansky kraj";1;0;0;0;NA;84569;1;2020-06-02;121
2020-05-24;"Nitriansky kraj";2;0;0;0;NA;84569;2;2020-05-24;120
2020-05-22;"Nitriansky kraj";1;0;0;0;NA;84569;1;2020-05-22;118
2020-05-15;"Nitriansky kraj";1;0;0;0;NA;84569;1;2020-05-15;117
2020-05-11;"Nitriansky kraj";2;0;0;0;NA;84569;2;2020-05-11;116
2020-05-07;"Nitriansky kraj";1;0;0;0;NA;84569;1;2020-05-07;114
2020-05-06;"Nitriansky kraj";9;0;0;0;NA;84569;9;2020-05-06;113
2020-05-04;"Nitriansky kraj";5;0;0;0;NA;84569;5;2020-05-04;104
2020-05-03;"Nitriansky kraj";2;0;0;0;NA;84569;2;2020-05-03;99
2020-05-01;"Nitriansky kraj";1;0;0;0;NA;84569;1;2020-05-01;97
2020-04-28;"Nitriansky kraj";1;0;0;0;NA;84569;1;2020-04-28;96
2020-04-23;"Nitriansky kraj";3;0;0;0;NA;84569;3;2020-04-23;95
2020-04-22;"Nitriansky kraj";16;0;0;0;NA;84569;16;2020-04-22;92
2020-04-21;"Nitriansky kraj";6;0;0;0;NA;84569;6;2020-04-21;76
2020-04-20;"Nitriansky kraj";5;0;0;0;NA;84569;5;2020-04-20;70
2020-04-17;"Nitriansky kraj";7;0;0;0;NA;84569;7;2020-04-17;65
2020-04-15;"Nitriansky kraj";6;0;0;0;NA;84569;6;2020-04-15;58
2020-04-14;"Nitriansky kraj";2;0;0;0;NA;84569;2;2020-04-14;52
2020-04-13;"Nitriansky kraj";1;0;0;0;NA;84569;1;2020-04-13;50
2020-04-12;"Nitriansky kraj";3;0;0;0;NA;84569;3;2020-04-12;49
2020-04-11;"Nitriansky kraj";1;0;0;0;NA;84569;1;2020-04-11;46
2020-04-10;"Nitriansky kraj";1;0;0;0;NA;84569;1;2020-04-10;45
2020-04-08;"Nitriansky kraj";2;0;0;0;NA;84569;2;2020-04-08;44
2020-04-07;"Nitriansky kraj";3;0;0;0;NA;84569;3;2020-04-07;42
2020-04-06;"Nitriansky kraj";4;0;0;0;NA;84569;4;2020-04-06;39
2020-04-05;"Nitriansky kraj";5;0;0;0;NA;84569;5;2020-04-05;35
2020-04-02;"Nitriansky kraj";1;0;0;0;NA;84569;1;2020-04-02;30
2020-03-31;"Nitriansky kraj";3;0;0;0;NA;84569;3;2020-03-31;29
2020-03-30;"Nitriansky kraj";3;0;0;0;NA;84569;3;2020-03-30;26
2020-03-29;"Nitriansky kraj";3;0;0;0;NA;84569;3;2020-03-29;23
2020-03-28;"Nitriansky kraj";1;0;0;0;NA;84569;1;2020-03-28;20
2020-03-27;"Nitriansky kraj";1;0;0;0;NA;84569;1;2020-03-27;19
2020-03-26;"Nitriansky kraj";1;0;0;0;NA;84569;1;2020-03-26;18
2020-03-25;"Nitriansky kraj";1;0;0;0;NA;84569;1;2020-03-25;17
2020-03-23;"Nitriansky kraj";2;0;0;0;NA;84569;2;2020-03-23;16
2020-03-22;"Nitriansky kraj";2;0;0;0;NA;84569;2;2020-03-22;14
2020-03-21;"Nitriansky kraj";2;0;0;0;NA;84569;2;2020-03-21;12
2020-03-20;"Nitriansky kraj";1;0;0;0;NA;84569;1;2020-03-20;10
2020-03-19;"Nitriansky kraj";1;0;0;0;NA;84569;1;2020-03-19;9
2020-03-18;"Nitriansky kraj";2;0;0;0;NA;84569;2;2020-03-18;8
2020-03-17;"Nitriansky kraj";1;0;0;0;NA;84569;1;2020-03-17;6
2020-03-15;"Nitriansky kraj";4;0;0;0;NA;84569;4;2020-03-15;5
2020-03-14;"Nitriansky kraj";1;0;0;0;NA;84569;1;2020-03-14;1
2021-03-16;"Prešovský kraj";461;19070;260;19330;50541;92433;721;2021-03-16;92433
2021-03-15;"Prešovský kraj";370;27425;303;27728;NA;92433;673;2021-03-15;91712
2021-03-14;"Prešovský kraj";52;37614;274;37888;NA;92433;326;2021-03-14;91039
2021-03-13;"Prešovský kraj";200;88867;519;89386;NA;92433;719;2021-03-13;90713
2021-03-12;"Prešovský kraj";425;46542;364;46906;NA;92433;789;2021-03-12;89994
2021-03-11;"Prešovský kraj";463;21770;253;22023;NA;92433;716;2021-03-11;89205
2021-03-10;"Prešovský kraj";325;20811;291;21102;NA;92433;616;2021-03-10;88489
2021-03-09;"Prešovský kraj";505;21627;290;21917;NA;92433;795;2021-03-09;87873
2021-03-08;"Prešovský kraj";314;28286;330;28616;NA;92433;644;2021-03-08;87078
2021-03-07;"Prešovský kraj";19;21803;191;21994;NA;92433;210;2021-03-07;86434
2021-03-06;"Prešovský kraj";193;94935;584;95519;NA;92433;777;2021-03-06;86224
2021-03-05;"Prešovský kraj";497;44628;375;45003;NA;92433;872;2021-03-05;85447
2021-03-04;"Prešovský kraj";372;22246;357;22603;NA;92433;729;2021-03-04;84575
2021-03-03;"Prešovský kraj";397;21428;326;21754;NA;92433;723;2021-03-03;83846
2021-03-02;"Prešovský kraj";421;22315;355;22670;NA;92433;776;2021-03-02;83123
2021-03-01;"Prešovský kraj";303;27238;399;27637;NA;92433;702;2021-03-01;82347
2021-02-28;"Prešovský kraj";75;35933;283;36216;NA;92433;358;2021-02-28;81645
2021-02-27;"Prešovský kraj";273;87041;718;87759;NA;92433;991;2021-02-27;81287
2021-02-26;"Prešovský kraj";455;41221;441;41662;NA;92433;896;2021-02-26;80296
2021-02-25;"Prešovský kraj";270;19153;335;19488;NA;92433;605;2021-02-25;79400
2021-02-24;"Prešovský kraj";328;18420;369;18789;NA;92433;697;2021-02-24;78795
2021-02-23;"Prešovský kraj";430;20982;338;21320;NA;92433;768;2021-02-23;78098
2021-02-22;"Prešovský kraj";351;26801;351;27152;NA;92433;702;2021-02-22;77330
2021-02-21;"Prešovský kraj";66;28658;269;28927;NA;92433;335;2021-02-21;76628
2021-02-20;"Prešovský kraj";129;58800;431;59231;NA;92433;560;2021-02-20;76293
2021-02-19;"Prešovský kraj";381;37416;409;37825;NA;92433;790;2021-02-19;75733
2021-02-18;"Prešovský kraj";268;16510;306;16816;NA;92433;574;2021-02-18;74943
2021-02-17;"Prešovský kraj";293;17414;249;17663;NA;92433;542;2021-02-17;74369
2021-02-16;"Prešovský kraj";422;18406;257;18663;NA;92433;679;2021-02-16;73827
2021-02-15;"Prešovský kraj";211;30475;297;30772;NA;92433;508;2021-02-15;73148
2021-02-14;"Prešovský kraj";27;32274;273;32547;NA;92433;300;2021-02-14;72640
2021-02-13;"Prešovský kraj";157;73743;389;74132;NA;92433;546;2021-02-13;72340
2021-02-12;"Prešovský kraj";308;38455;361;38816;NA;92433;669;2021-02-12;71794
2021-02-11;"Prešovský kraj";218;14874;219;15093;NA;92433;437;2021-02-11;71125
2021-02-10;"Prešovský kraj";220;18288;283;18571;NA;92433;503;2021-02-10;70688
2021-02-09;"Prešovský kraj";323;21432;377;21809;NA;92433;700;2021-02-09;70185
2021-02-08;"Prešovský kraj";161;36423;251;36674;NA;92433;412;2021-02-08;69485
2021-02-07;"Prešovský kraj";21;24174;157;24331;NA;92433;178;2021-02-07;69073
2021-02-06;"Prešovský kraj";176;67260;349;67609;NA;92433;525;2021-02-06;68895
2021-02-05;"Prešovský kraj";177;29666;254;29920;NA;92433;431;2021-02-05;68370
2021-02-04;"Prešovský kraj";176;12420;238;12658;NA;92433;414;2021-02-04;67939
2021-02-03;"Prešovský kraj";251;8047;225;8272;NA;92433;476;2021-02-03;67525
2021-02-02;"Prešovský kraj";249;11877;285;12162;NA;92433;534;2021-02-02;67049
2021-02-01;"Prešovský kraj";220;15584;292;15876;NA;92433;512;2021-02-01;66515
2021-01-31;"Prešovský kraj";42;1623;38;1661;NA;92433;80;2021-01-31;66003
2021-01-30;"Prešovský kraj";142;23939;215;24154;NA;92433;357;2021-01-30;65923
2021-01-29;"Prešovský kraj";185;17924;326;18250;NA;92433;511;2021-01-29;65566
2021-01-28;"Prešovský kraj";311;8536;157;8693;NA;92433;468;2021-01-28;65055
2021-01-27;"Prešovský kraj";153;9742;144;9886;NA;92433;297;2021-01-27;64587
2021-01-26;"Prešovský kraj";252;16648;151;16799;NA;92433;403;2021-01-26;64290
2021-01-25;"Prešovský kraj";196;28381;248;28629;NA;92433;444;2021-01-25;63887
2021-01-24;"Prešovský kraj";12;52610;386;52996;NA;92433;398;2021-01-24;63443
2021-01-23;"Prešovský kraj";189;89996;436;90432;NA;92433;625;2021-01-23;63045
2021-01-22;"Prešovský kraj";187;34883;260;35143;NA;92433;447;2021-01-22;62420
2021-01-21;"Prešovský kraj";187;20017;209;20226;NA;92433;396;2021-01-21;61973
2021-01-20;"Prešovský kraj";253;14480;195;14675;NA;92433;448;2021-01-20;61577
2021-01-19;"Prešovský kraj";281;12347;305;12652;NA;92433;586;2021-01-19;61129
2021-01-18;"Prešovský kraj";203;10422;336;10758;NA;92433;539;2021-01-18;60543
2021-01-17;"Prešovský kraj";107;14391;1008;15399;NA;92433;1115;2021-01-17;60004
2021-01-16;"Prešovský kraj";72;1583;76;1659;NA;92433;148;2021-01-16;58889
2021-01-15;"Prešovský kraj";159;6664;232;6896;NA;92433;391;2021-01-15;58741
2021-01-14;"Prešovský kraj";268;5530;252;5782;NA;92433;520;2021-01-14;58350
2021-01-13;"Prešovský kraj";342;5547;218;5765;NA;92433;560;2021-01-13;57830
2021-01-12;"Prešovský kraj";455;8489;409;8898;NA;92433;864;2021-01-12;57270
2021-01-11;"Prešovský kraj";343;8355;479;8834;NA;92433;822;2021-01-11;56406
2021-01-10;"Prešovský kraj";63;476;23;499;NA;92433;86;2021-01-10;55584
2021-01-09;"Prešovský kraj";439;2248;125;2373;NA;92433;564;2021-01-09;55498
2021-01-08;"Prešovský kraj";430;10866;572;11438;NA;92433;1002;2021-01-08;54934
2021-01-07;"Prešovský kraj";268;7688;639;8327;NA;92433;907;2021-01-07;53932
2021-01-06;"Prešovský kraj";315;1484;134;1618;NA;92433;449;2021-01-06;53025
2021-01-05;"Prešovský kraj";655;11591;1003;12594;NA;92433;1658;2021-01-05;52576
2021-01-04;"Prešovský kraj";371;17185;1812;18997;NA;92433;2183;2021-01-04;50918
2021-01-03;"Prešovský kraj";89;257;37;294;NA;92433;126;2021-01-03;48735
2021-01-02;"Prešovský kraj";65;1559;160;1719;NA;92433;225;2021-01-02;48609
2021-01-01;"Prešovský kraj";174;914;70;984;NA;92433;244;2021-01-01;48384
2020-12-31;"Prešovský kraj";640;11959;783;12742;NA;92433;1423;2020-12-31;48140
2020-12-30;"Prešovský kraj";729;9065;802;9867;NA;92433;1531;2020-12-30;46717
2020-12-29;"Prešovský kraj";435;8781;904;9685;NA;92433;1339;2020-12-29;45186
2020-12-28;"Prešovský kraj";393;9046;1080;10126;NA;92433;1473;2020-12-28;43847
2020-12-27;"Prešovský kraj";40;571;39;610;NA;92433;79;2020-12-27;42374
2020-12-26;"Prešovský kraj";64;176;12;188;NA;92433;76;2020-12-26;42295
2020-12-25;"Prešovský kraj";208;273;13;286;NA;92433;221;2020-12-25;42219
2020-12-24;"Prešovský kraj";452;1214;85;1299;NA;92433;537;2020-12-24;41998
2020-12-23;"Prešovský kraj";361;11369;635;12004;NA;92433;996;2020-12-23;41461
2020-12-22;"Prešovský kraj";439;9375;711;10086;NA;92433;1150;2020-12-22;40465
2020-12-21;"Prešovský kraj";432;9919;880;10799;NA;92433;1312;2020-12-21;39315
2020-12-20;"Prešovský kraj";184;396;20;416;NA;92433;204;2020-12-20;38003
2020-12-19;"Prešovský kraj";276;1658;151;1809;NA;92433;427;2020-12-19;37799
2020-12-18;"Prešovský kraj";396;8936;602;9538;NA;92433;998;2020-12-18;37372
2020-12-17;"Prešovský kraj";427;10826;891;11717;NA;92433;1318;2020-12-17;36374
2020-12-16;"Prešovský kraj";466;6017;508;6525;NA;92433;974;2020-12-16;35056
2020-12-15;"Prešovský kraj";411;5685;584;6269;NA;92433;995;2020-12-15;34082
2020-12-14;"Prešovský kraj";334;5767;508;6275;NA;92433;842;2020-12-14;33087
2020-12-13;"Prešovský kraj";89;29;8;37;NA;92433;97;2020-12-13;32245
2020-12-12;"Prešovský kraj";319;2474;166;2640;NA;92433;485;2020-12-12;32148
2020-12-11;"Prešovský kraj";560;6042;418;6460;NA;92433;978;2020-12-11;31663
2020-12-10;"Prešovský kraj";337;5180;440;5620;NA;92433;777;2020-12-10;30685
2020-12-09;"Prešovský kraj";358;3764;271;4035;NA;92433;629;2020-12-09;29908
2020-12-08;"Prešovský kraj";350;6629;651;7280;NA;92433;1001;2020-12-08;29279
2020-12-07;"Prešovský kraj";309;3809;285;4094;NA;92433;594;2020-12-07;28278
2020-12-06;"Prešovský kraj";59;358;26;384;NA;92433;85;2020-12-06;27684
2020-12-05;"Prešovský kraj";218;984;87;1071;NA;92433;305;2020-12-05;27599
2020-12-04;"Prešovský kraj";352;4471;281;4752;NA;92433;633;2020-12-04;27294
2020-12-03;"Prešovský kraj";284;2900;202;3102;NA;92433;486;2020-12-03;26661
2020-12-02;"Prešovský kraj";232;3251;235;3486;NA;92433;467;2020-12-02;26175
2020-12-01;"Prešovský kraj";281;2341;213;2554;NA;92433;494;2020-12-01;25708
2020-11-30;"Prešovský kraj";196;5821;110;5931;NA;92433;306;2020-11-30;25214
2020-11-29;"Prešovský kraj";27;379;42;421;NA;92433;69;2020-11-29;24908
2020-11-28;"Prešovský kraj";199;682;62;744;NA;92433;261;2020-11-28;24839
2020-11-27;"Prešovský kraj";232;2135;119;2254;NA;92433;351;2020-11-27;24578
2020-11-26;"Prešovský kraj";263;2787;312;3099;NA;92433;575;2020-11-26;24227
2020-11-25;"Prešovský kraj";302;1642;78;1720;NA;92433;380;2020-11-25;23652
2020-11-24;"Prešovský kraj";365;1662;140;1802;NA;92433;505;2020-11-24;23272
2020-11-23;"Prešovský kraj";164;842;42;884;NA;92433;206;2020-11-23;22767
2020-11-22;"Prešovský kraj";46;30;1;31;NA;92433;47;2020-11-22;22561
2020-11-21;"Prešovský kraj";205;689;57;746;NA;92433;262;2020-11-21;22514
2020-11-20;"Prešovský kraj";363;2063;98;2161;NA;92433;461;2020-11-20;22252
2020-11-19;"Prešovský kraj";359;1973;229;2202;NA;92433;588;2020-11-19;21791
2020-11-18;"Prešovský kraj";270;373;32;405;NA;92433;302;2020-11-18;21203
2020-11-17;"Prešovský kraj";347;151;17;168;NA;92433;364;2020-11-17;20901
2020-11-16;"Prešovský kraj";226;382;51;433;NA;92433;277;2020-11-16;20537
2020-11-15;"Prešovský kraj";186;39;4;43;NA;92433;190;2020-11-15;20260
2020-11-14;"Prešovský kraj";261;54;4;58;NA;92433;265;2020-11-14;20070
2020-11-13;"Prešovský kraj";395;166;8;174;NA;92433;403;2020-11-13;19805
2020-11-12;"Prešovský kraj";397;229;50;279;NA;92433;447;2020-11-12;19402
2020-11-11;"Prešovský kraj";516;161;15;176;NA;92433;531;2020-11-11;18955
2020-11-10;"Prešovský kraj";437;197;9;206;NA;92433;446;2020-11-10;18424
2020-11-09;"Prešovský kraj";190;4106;945;5051;NA;92433;1135;2020-11-09;17978
2020-11-08;"Prešovský kraj";97;2817;32;2849;NA;92433;129;2020-11-08;16843
2020-11-07;"Prešovský kraj";416;8578;81;8659;NA;92433;497;2020-11-07;16714
2020-11-06;"Prešovský kraj";520;4791;76;4867;NA;92433;596;2020-11-06;16217
2020-11-05;"Prešovský kraj";397;180;5;185;NA;92433;402;2020-11-05;15621
2020-11-04;"Prešovský kraj";350;807;8;815;NA;92433;358;2020-11-04;15219
2020-11-03;"Prešovský kraj";565;98;12;110;NA;92433;577;2020-11-03;14861
2020-11-02;"Prešovský kraj";203;4158;1004;5162;NA;92433;1207;2020-11-02;14284
2020-11-01;"Prešovský kraj";386;2906;53;2959;NA;92433;439;2020-11-01;13077
2020-10-31;"Prešovský kraj";315;10497;170;10667;NA;92433;485;2020-10-31;12638
2020-10-30;"Prešovský kraj";552;2949;65;3014;NA;92433;617;2020-10-30;12153
2020-10-29;"Prešovský kraj";594;301;38;339;NA;92433;632;2020-10-29;11536
2020-10-28;"Prešovský kraj";617;291;46;337;NA;92433;663;2020-10-28;10904
2020-10-27;"Prešovský kraj";656;268;34;302;NA;92433;690;2020-10-27;10241
2020-10-26;"Prešovský kraj";137;363;57;420;NA;92433;194;2020-10-26;9551
2020-10-25;"Prešovský kraj";237;346;11;357;NA;92433;248;2020-10-25;9357
2020-10-24;"Prešovský kraj";719;200;12;212;NA;92433;731;2020-10-24;9109
2020-10-23;"Prešovský kraj";750;218;8;226;NA;92433;758;2020-10-23;8378
2020-10-22;"Prešovský kraj";646;396;30;426;NA;92433;676;2020-10-22;7620
2020-10-21;"Prešovský kraj";383;58;8;66;NA;92433;391;2020-10-21;6944
2020-10-20;"Prešovský kraj";493;65;7;72;NA;92433;500;2020-10-20;6553
2020-10-19;"Prešovský kraj";140;235;15;250;NA;92433;155;2020-10-19;6053
2020-10-18;"Prešovský kraj";209;0;0;0;NA;92433;209;2020-10-18;5898
2020-10-17;"Prešovský kraj";342;0;0;0;NA;92433;342;2020-10-17;5689
2020-10-16;"Prešovský kraj";388;57;3;60;NA;92433;391;2020-10-16;5347
2020-10-15;"Prešovský kraj";435;85;18;103;NA;92433;453;2020-10-15;4956
2020-10-14;"Prešovský kraj";451;54;10;64;NA;92433;461;2020-10-14;4503
2020-10-13;"Prešovský kraj";264;50;6;56;NA;92433;270;2020-10-13;4042
2020-10-12;"Prešovský kraj";214;334;35;369;NA;92433;249;2020-10-12;3772
2020-10-11;"Prešovský kraj";127;0;0;0;NA;92433;127;2020-10-11;3523
2020-10-10;"Prešovský kraj";248;0;0;0;NA;92433;248;2020-10-10;3396
2020-10-09;"Prešovský kraj";406;0;0;0;NA;92433;406;2020-10-09;3148
2020-10-08;"Prešovský kraj";245;0;0;0;NA;92433;245;2020-10-08;2742
2020-10-07;"Prešovský kraj";244;0;0;0;NA;92433;244;2020-10-07;2497
2020-10-06;"Prešovský kraj";166;0;0;0;NA;92433;166;2020-10-06;2253
2020-10-05;"Prešovský kraj";84;0;0;0;NA;92433;84;2020-10-05;2087
2020-10-04;"Prešovský kraj";118;0;0;0;NA;92433;118;2020-10-04;2003
2020-10-03;"Prešovský kraj";204;0;0;0;NA;92433;204;2020-10-03;1885
2020-10-02;"Prešovský kraj";149;0;0;0;NA;92433;149;2020-10-02;1681
2020-10-01;"Prešovský kraj";136;0;0;0;NA;92433;136;2020-10-01;1532
2020-09-30;"Prešovský kraj";121;0;0;0;NA;92433;121;2020-09-30;1396
2020-09-29;"Prešovský kraj";156;0;0;0;NA;92433;156;2020-09-29;1275
2020-09-28;"Prešovský kraj";51;0;0;0;NA;92433;51;2020-09-28;1119
2020-09-27;"Prešovský kraj";10;0;0;0;NA;92433;10;2020-09-27;1068
2020-09-26;"Prešovský kraj";72;0;0;0;NA;92433;72;2020-09-26;1058
2020-09-25;"Prešovský kraj";91;0;0;0;NA;92433;91;2020-09-25;986
2020-09-24;"Prešovský kraj";52;0;0;0;NA;92433;52;2020-09-24;895
2020-09-23;"Prešovský kraj";55;0;0;0;NA;92433;55;2020-09-23;843
2020-09-22;"Prešovský kraj";29;0;0;0;NA;92433;29;2020-09-22;788
2020-09-21;"Prešovský kraj";14;0;0;0;NA;92433;14;2020-09-21;759
2020-09-20;"Prešovský kraj";5;0;0;0;NA;92433;5;2020-09-20;745
2020-09-19;"Prešovský kraj";12;0;0;0;NA;92433;12;2020-09-19;740
2020-09-18;"Prešovský kraj";29;0;0;0;NA;92433;29;2020-09-18;728
2020-09-17;"Prešovský kraj";25;0;0;0;NA;92433;25;2020-09-17;699
2020-09-16;"Prešovský kraj";8;0;0;0;NA;92433;8;2020-09-16;674
2020-09-15;"Prešovský kraj";10;0;0;0;NA;92433;10;2020-09-15;666
2020-09-14;"Prešovský kraj";47;0;0;0;NA;92433;47;2020-09-14;656
2020-09-13;"Prešovský kraj";3;0;0;0;NA;92433;3;2020-09-13;609
2020-09-12;"Prešovský kraj";4;0;0;0;NA;92433;4;2020-09-12;606
2020-09-11;"Prešovský kraj";15;0;0;0;NA;92433;15;2020-09-11;602
2020-09-10;"Prešovský kraj";10;0;0;0;NA;92433;10;2020-09-10;587
2020-09-09;"Prešovský kraj";21;0;0;0;NA;92433;21;2020-09-09;577
2020-09-08;"Prešovský kraj";23;0;0;0;NA;92433;23;2020-09-08;556
2020-09-07;"Prešovský kraj";5;0;0;0;NA;92433;5;2020-09-07;533
2020-09-06;"Prešovský kraj";3;0;0;0;NA;92433;3;2020-09-06;528
2020-09-05;"Prešovský kraj";7;0;0;0;NA;92433;7;2020-09-05;525
2020-09-04;"Prešovský kraj";24;0;0;0;NA;92433;24;2020-09-04;518
2020-09-03;"Prešovský kraj";8;0;0;0;NA;92433;8;2020-09-03;494
2020-09-02;"Prešovský kraj";9;0;0;0;NA;92433;9;2020-09-02;486
2020-09-01;"Prešovský kraj";6;0;0;0;NA;92433;6;2020-09-01;477
2020-08-31;"Prešovský kraj";3;0;0;0;NA;92433;3;2020-08-31;471
2020-08-30;"Prešovský kraj";6;0;0;0;NA;92433;6;2020-08-30;468
2020-08-29;"Prešovský kraj";4;0;0;0;NA;92433;4;2020-08-29;462
2020-08-28;"Prešovský kraj";6;0;0;0;NA;92433;6;2020-08-28;458
2020-08-27;"Prešovský kraj";7;0;0;0;NA;92433;7;2020-08-27;452
2020-08-26;"Prešovský kraj";22;0;0;0;NA;92433;22;2020-08-26;445
2020-08-25;"Prešovský kraj";1;0;0;0;NA;92433;1;2020-08-25;423
2020-08-24;"Prešovský kraj";5;0;0;0;NA;92433;5;2020-08-24;422
2020-08-23;"Prešovský kraj";3;0;0;0;NA;92433;3;2020-08-23;417
2020-08-22;"Prešovský kraj";3;0;0;0;NA;92433;3;2020-08-22;414
2020-08-21;"Prešovský kraj";11;0;0;0;NA;92433;11;2020-08-21;411
2020-08-20;"Prešovský kraj";8;0;0;0;NA;92433;8;2020-08-20;400
2020-08-19;"Prešovský kraj";8;0;0;0;NA;92433;8;2020-08-19;392
2020-08-18;"Prešovský kraj";6;0;0;0;NA;92433;6;2020-08-18;384
2020-08-17;"Prešovský kraj";1;0;0;0;NA;92433;1;2020-08-17;378
2020-08-15;"Prešovský kraj";8;0;0;0;NA;92433;8;2020-08-15;377
2020-08-14;"Prešovský kraj";6;0;0;0;NA;92433;6;2020-08-14;369
2020-08-13;"Prešovský kraj";8;0;0;0;NA;92433;8;2020-08-13;363
2020-08-12;"Prešovský kraj";19;0;0;0;NA;92433;19;2020-08-12;355
2020-08-11;"Prešovský kraj";3;0;0;0;NA;92433;3;2020-08-11;336
2020-08-08;"Prešovský kraj";2;0;0;0;NA;92433;2;2020-08-08;333
2020-08-07;"Prešovský kraj";6;0;0;0;NA;92433;6;2020-08-07;331
2020-08-06;"Prešovský kraj";2;0;0;0;NA;92433;2;2020-08-06;325
2020-08-05;"Prešovský kraj";8;0;0;0;NA;92433;8;2020-08-05;323
2020-08-04;"Prešovský kraj";5;0;0;0;NA;92433;5;2020-08-04;315
2020-08-03;"Prešovský kraj";4;0;0;0;NA;92433;4;2020-08-03;310
2020-08-02;"Prešovský kraj";6;0;0;0;NA;92433;6;2020-08-02;306
2020-07-31;"Prešovský kraj";2;0;0;0;NA;92433;2;2020-07-31;300
2020-07-30;"Prešovský kraj";6;0;0;0;NA;92433;6;2020-07-30;298
2020-07-29;"Prešovský kraj";5;0;0;0;NA;92433;5;2020-07-29;292
2020-07-27;"Prešovský kraj";1;0;0;0;NA;92433;1;2020-07-27;287
2020-07-26;"Prešovský kraj";1;0;0;0;NA;92433;1;2020-07-26;286
2020-07-25;"Prešovský kraj";21;0;0;0;NA;92433;21;2020-07-25;285
2020-07-24;"Prešovský kraj";1;0;0;0;NA;92433;1;2020-07-24;264
2020-07-23;"Prešovský kraj";5;0;0;0;NA;92433;5;2020-07-23;263
2020-07-22;"Prešovský kraj";1;0;0;0;NA;92433;1;2020-07-22;258
2020-07-21;"Prešovský kraj";2;0;0;0;NA;92433;2;2020-07-21;257
2020-07-20;"Prešovský kraj";1;0;0;0;NA;92433;1;2020-07-20;255
2020-07-17;"Prešovský kraj";3;0;0;0;NA;92433;3;2020-07-17;254
2020-07-16;"Prešovský kraj";1;0;0;0;NA;92433;1;2020-07-16;251
2020-07-15;"Prešovský kraj";5;0;0;0;NA;92433;5;2020-07-15;250
2020-07-14;"Prešovský kraj";5;0;0;0;NA;92433;5;2020-07-14;245
2020-07-13;"Prešovský kraj";1;0;0;0;NA;92433;1;2020-07-13;240
2020-07-12;"Prešovský kraj";1;0;0;0;NA;92433;1;2020-07-12;239
2020-07-11;"Prešovský kraj";6;0;0;0;NA;92433;6;2020-07-11;238
2020-07-10;"Prešovský kraj";5;0;0;0;NA;92433;5;2020-07-10;232
2020-07-09;"Prešovský kraj";2;0;0;0;NA;92433;2;2020-07-09;227
2020-07-08;"Prešovský kraj";14;0;0;0;NA;92433;14;2020-07-08;225
2020-07-07;"Prešovský kraj";2;0;0;0;NA;92433;2;2020-07-07;211
2020-07-04;"Prešovský kraj";1;0;0;0;NA;92433;1;2020-07-04;209
2020-07-03;"Prešovský kraj";3;0;0;0;NA;92433;3;2020-07-03;208
2020-06-30;"Prešovský kraj";7;0;0;0;NA;92433;7;2020-06-30;205
2020-06-27;"Prešovský kraj";3;0;0;0;NA;92433;3;2020-06-27;198
2020-06-26;"Prešovský kraj";3;0;0;0;NA;92433;3;2020-06-26;195
2020-06-24;"Prešovský kraj";4;0;0;0;NA;92433;4;2020-06-24;192
2020-06-19;"Prešovský kraj";1;0;0;0;NA;92433;1;2020-06-19;188
2020-06-16;"Prešovský kraj";6;0;0;0;NA;92433;6;2020-06-16;187
2020-06-12;"Prešovský kraj";1;0;0;0;NA;92433;1;2020-06-12;181
2020-06-02;"Prešovský kraj";1;0;0;0;NA;92433;1;2020-06-02;180
2020-05-31;"Prešovský kraj";1;0;0;0;NA;92433;1;2020-05-31;179
2020-05-21;"Prešovský kraj";1;0;0;0;NA;92433;1;2020-05-21;178
2020-05-13;"Prešovský kraj";1;0;0;0;NA;92433;1;2020-05-13;177
2020-05-11;"Prešovský kraj";1;0;0;0;NA;92433;1;2020-05-11;176
2020-05-05;"Prešovský kraj";1;0;0;0;NA;92433;1;2020-05-05;175
2020-05-01;"Prešovský kraj";2;0;0;0;NA;92433;2;2020-05-01;174
2020-04-29;"Prešovský kraj";1;0;0;0;NA;92433;1;2020-04-29;172
2020-04-28;"Prešovský kraj";1;0;0;0;NA;92433;1;2020-04-28;171
2020-04-27;"Prešovský kraj";2;0;0;0;NA;92433;2;2020-04-27;170
2020-04-23;"Prešovský kraj";2;0;0;0;NA;92433;2;2020-04-23;168
2020-04-22;"Prešovský kraj";11;0;0;0;NA;92433;11;2020-04-22;166
2020-04-21;"Prešovský kraj";12;0;0;0;NA;92433;12;2020-04-21;155
2020-04-20;"Prešovský kraj";2;0;0;0;NA;92433;2;2020-04-20;143
2020-04-19;"Prešovský kraj";4;0;0;0;NA;92433;4;2020-04-19;141
2020-04-18;"Prešovský kraj";1;0;0;0;NA;92433;1;2020-04-18;137
2020-04-17;"Prešovský kraj";4;0;0;0;NA;92433;4;2020-04-17;136
2020-04-16;"Prešovský kraj";9;0;0;0;NA;92433;9;2020-04-16;132
2020-04-15;"Prešovský kraj";21;0;0;0;NA;92433;21;2020-04-15;123
2020-04-14;"Prešovský kraj";1;0;0;0;NA;92433;1;2020-04-14;102
2020-04-13;"Prešovský kraj";2;0;0;0;NA;92433;2;2020-04-13;101
2020-04-12;"Prešovský kraj";6;0;0;0;NA;92433;6;2020-04-12;99
2020-04-11;"Prešovský kraj";4;0;0;0;NA;92433;4;2020-04-11;93
2020-04-09;"Prešovský kraj";1;0;0;0;NA;92433;1;2020-04-09;89
2020-04-07;"Prešovský kraj";7;0;0;0;NA;92433;7;2020-04-07;88
2020-04-06;"Prešovský kraj";10;0;0;0;NA;92433;10;2020-04-06;81
2020-04-05;"Prešovský kraj";13;0;0;0;NA;92433;13;2020-04-05;71
2020-04-04;"Prešovský kraj";1;0;0;0;NA;92433;1;2020-04-04;58
2020-04-03;"Prešovský kraj";4;0;0;0;NA;92433;4;2020-04-03;57
2020-04-02;"Prešovský kraj";6;0;0;0;NA;92433;6;2020-04-02;53
2020-04-01;"Prešovský kraj";6;0;0;0;NA;92433;6;2020-04-01;47
2020-03-31;"Prešovský kraj";6;0;0;0;NA;92433;6;2020-03-31;41
2020-03-30;"Prešovský kraj";2;0;0;0;NA;92433;2;2020-03-30;35
2020-03-29;"Prešovský kraj";2;0;0;0;NA;92433;2;2020-03-29;33
2020-03-28;"Prešovský kraj";2;0;0;0;NA;92433;2;2020-03-28;31
2020-03-27;"Prešovský kraj";1;0;0;0;NA;92433;1;2020-03-27;29
2020-03-26;"Prešovský kraj";8;0;0;0;NA;92433;8;2020-03-26;28
2020-03-25;"Prešovský kraj";1;0;0;0;NA;92433;1;2020-03-25;20
2020-03-24;"Prešovský kraj";4;0;0;0;NA;92433;4;2020-03-24;19
2020-03-22;"Prešovský kraj";1;0;0;0;NA;92433;1;2020-03-22;15
2020-03-21;"Prešovský kraj";2;0;0;0;NA;92433;2;2020-03-21;14
2020-03-20;"Prešovský kraj";3;0;0;0;NA;92433;3;2020-03-20;12
2020-03-19;"Prešovský kraj";2;0;0;0;NA;92433;2;2020-03-19;9
2020-03-18;"Prešovský kraj";1;0;0;0;NA;92433;1;2020-03-18;7
2020-03-17;"Prešovský kraj";1;0;0;0;NA;92433;1;2020-03-17;6
2020-03-16;"Prešovský kraj";4;0;0;0;NA;92433;4;2020-03-16;5
2020-03-14;"Prešovský kraj";1;0;0;0;NA;92433;1;2020-03-14;1
2021-03-16;"Trenčiansky kraj";450;13399;221;13620;46444;85870;671;2021-03-16;85870
2021-03-15;"Trenčiansky kraj";162;20378;251;20629;NA;85870;413;2021-03-15;85199
2021-03-14;"Trenčiansky kraj";42;24376;168;24544;NA;85870;210;2021-03-14;84786
2021-03-13;"Trenčiansky kraj";270;74904;434;75338;NA;85870;704;2021-03-13;84576
2021-03-12;"Trenčiansky kraj";366;34534;302;34836;NA;85870;668;2021-03-12;83872
2021-03-11;"Trenčiansky kraj";302;15455;211;15666;NA;85870;513;2021-03-11;83204
2021-03-10;"Trenčiansky kraj";402;13351;234;13585;NA;85870;636;2021-03-10;82691
2021-03-09;"Trenčiansky kraj";586;17544;283;17827;NA;85870;869;2021-03-09;82055
2021-03-08;"Trenčiansky kraj";174;20785;359;21144;NA;85870;533;2021-03-08;81186
2021-03-07;"Trenčiansky kraj";4;15504;126;15630;NA;85870;130;2021-03-07;80653
2021-03-06;"Trenčiansky kraj";260;80040;531;80571;NA;85870;791;2021-03-06;80523
2021-03-05;"Trenčiansky kraj";326;32149;405;32554;NA;85870;731;2021-03-05;79732
2021-03-04;"Trenčiansky kraj";323;16406;311;16717;NA;85870;634;2021-03-04;79001
2021-03-03;"Trenčiansky kraj";413;13972;342;14314;NA;85870;755;2021-03-03;78367
2021-03-02;"Trenčiansky kraj";612;17904;354;18258;NA;85870;966;2021-03-02;77612
2021-03-01;"Trenčiansky kraj";217;20460;429;20889;NA;85870;646;2021-03-01;76646
2021-02-28;"Trenčiansky kraj";45;28672;358;29030;NA;85870;403;2021-02-28;76000
2021-02-27;"Trenčiansky kraj";277;78496;685;79181;NA;85870;962;2021-02-27;75597
2021-02-26;"Trenčiansky kraj";420;32758;432;33190;NA;85870;852;2021-02-26;74635
2021-02-25;"Trenčiansky kraj";424;13898;327;14225;NA;85870;751;2021-02-25;73783
2021-02-24;"Trenčiansky kraj";427;12002;399;12401;NA;85870;826;2021-02-24;73032
2021-02-23;"Trenčiansky kraj";577;14901;389;15290;NA;85870;966;2021-02-23;72206
2021-02-22;"Trenčiansky kraj";160;20193;475;20668;NA;85870;635;2021-02-22;71240
2021-02-21;"Trenčiansky kraj";64;27318;373;27691;NA;85870;437;2021-02-21;70605
2021-02-20;"Trenčiansky kraj";274;77513;738;78251;NA;85870;1012;2021-02-20;70168
2021-02-19;"Trenčiansky kraj";272;30058;522;30580;NA;85870;794;2021-02-19;69156
2021-02-18;"Trenčiansky kraj";355;13901;404;14305;NA;85870;759;2021-02-18;68362
2021-02-17;"Trenčiansky kraj";363;11138;368;11506;NA;85870;731;2021-02-17;67603
2021-02-16;"Trenčiansky kraj";488;17590;399;17989;NA;85870;887;2021-02-16;66872
2021-02-15;"Trenčiansky kraj";151;21665;459;22124;NA;85870;610;2021-02-15;65985
2021-02-14;"Trenčiansky kraj";2;5241;51;5292;NA;85870;53;2021-02-14;65375
2021-02-13;"Trenčiansky kraj";274;60942;526;61468;NA;85870;800;2021-02-13;65322
2021-02-12;"Trenčiansky kraj";276;27502;394;27896;NA;85870;670;2021-02-12;64522
2021-02-11;"Trenčiansky kraj";291;10952;302;11254;NA;85870;593;2021-02-11;63852
2021-02-10;"Trenčiansky kraj";304;11095;280;11375;NA;85870;584;2021-02-10;63259
2021-02-09;"Trenčiansky kraj";514;18213;347;18560;NA;85870;861;2021-02-09;62675
2021-02-08;"Trenčiansky kraj";182;27531;422;27953;NA;85870;604;2021-02-08;61814
2021-02-07;"Trenčiansky kraj";31;28383;277;28660;NA;85870;308;2021-02-07;61210
2021-02-06;"Trenčiansky kraj";216;63430;558;63988;NA;85870;774;2021-02-06;60902
2021-02-05;"Trenčiansky kraj";202;17983;352;18335;NA;85870;554;2021-02-05;60128
2021-02-04;"Trenčiansky kraj";266;7423;323;7746;NA;85870;589;2021-02-04;59574
2021-02-03;"Trenčiansky kraj";162;6073;334;6407;NA;85870;496;2021-02-03;58985
2021-02-02;"Trenčiansky kraj";347;7863;378;8241;NA;85870;725;2021-02-02;58489
2021-02-01;"Trenčiansky kraj";167;9147;303;9450;NA;85870;470;2021-02-01;57764
2021-01-31;"Trenčiansky kraj";7;15791;135;15926;NA;85870;142;2021-01-31;57294
2021-01-30;"Trenčiansky kraj";228;36931;321;37252;NA;85870;549;2021-01-30;57152
2021-01-29;"Trenčiansky kraj";214;7534;227;7761;NA;85870;441;2021-01-29;56603
2021-01-28;"Trenčiansky kraj";307;5443;158;5601;NA;85870;465;2021-01-28;56162
2021-01-27;"Trenčiansky kraj";166;11910;217;12127;NA;85870;383;2021-01-27;55697
2021-01-26;"Trenčiansky kraj";303;14586;251;14837;NA;85870;554;2021-01-26;55314
2021-01-25;"Trenčiansky kraj";160;24609;212;24821;NA;85870;372;2021-01-25;54760
2021-01-24;"Trenčiansky kraj";51;27365;181;27546;NA;85870;232;2021-01-24;54388
2021-01-23;"Trenčiansky kraj";206;113508;742;114250;NA;85870;948;2021-01-23;54156
2021-01-22;"Trenčiansky kraj";148;14679;204;14883;NA;85870;352;2021-01-22;53208
2021-01-21;"Trenčiansky kraj";143;8580;166;8746;NA;85870;309;2021-01-21;52856
2021-01-20;"Trenčiansky kraj";181;8188;227;8415;NA;85870;408;2021-01-20;52547
2021-01-19;"Trenčiansky kraj";363;6618;262;6880;NA;85870;625;2021-01-19;52139
2021-01-18;"Trenčiansky kraj";72;5056;323;5379;NA;85870;395;2021-01-18;51514
2021-01-17;"Trenčiansky kraj";124;93;11;104;NA;85870;135;2021-01-17;51119
2021-01-16;"Trenčiansky kraj";39;457;28;485;NA;85870;67;2021-01-16;50984
2021-01-15;"Trenčiansky kraj";264;4030;218;4248;NA;85870;482;2021-01-15;50917
2021-01-14;"Trenčiansky kraj";275;3195;189;3384;NA;85870;464;2021-01-14;50435
2021-01-13;"Trenčiansky kraj";222;4054;241;4295;NA;85870;463;2021-01-13;49971
2021-01-12;"Trenčiansky kraj";508;4604;261;4865;NA;85870;769;2021-01-12;49508
2021-01-11;"Trenčiansky kraj";142;4367;354;4721;NA;85870;496;2021-01-11;48739
2021-01-10;"Trenčiansky kraj";89;4939;76;5015;NA;85870;165;2021-01-10;48243
2021-01-09;"Trenčiansky kraj";276;7974;121;8095;NA;85870;397;2021-01-09;48078
2021-01-08;"Trenčiansky kraj";489;6434;484;6918;NA;85870;973;2021-01-08;47681
2021-01-07;"Trenčiansky kraj";420;6138;577;6715;NA;85870;997;2021-01-07;46708
2021-01-06;"Trenčiansky kraj";221;1021;64;1085;NA;85870;285;2021-01-06;45711
2021-01-05;"Trenčiansky kraj";669;5515;670;6185;NA;85870;1339;2021-01-05;45426
2021-01-04;"Trenčiansky kraj";337;5243;782;6025;NA;85870;1119;2021-01-04;44087
2021-01-03;"Trenčiansky kraj";38;60;13;73;NA;85870;51;2021-01-03;42968
2021-01-02;"Trenčiansky kraj";129;140;23;163;NA;85870;152;2021-01-02;42917
2021-01-01;"Trenčiansky kraj";329;347;23;370;NA;85870;352;2021-01-01;42765
2020-12-31;"Trenčiansky kraj";597;4943;557;5500;NA;85870;1154;2020-12-31;42413
2020-12-30;"Trenčiansky kraj";836;7006;762;7768;NA;85870;1598;2020-12-30;41259
2020-12-29;"Trenčiansky kraj";459;6191;1018;7209;NA;85870;1477;2020-12-29;39661
2020-12-28;"Trenčiansky kraj";258;4195;777;4972;NA;85870;1035;2020-12-28;38184
2020-12-27;"Trenčiansky kraj";5;202;36;238;NA;85870;41;2020-12-27;37149
2020-12-26;"Trenčiansky kraj";174;74;10;84;NA;85870;184;2020-12-26;37108
2020-12-25;"Trenčiansky kraj";251;325;47;372;NA;85870;298;2020-12-25;36924
2020-12-24;"Trenčiansky kraj";552;2194;256;2450;NA;85870;808;2020-12-24;36626
2020-12-23;"Trenčiansky kraj";421;6552;661;7213;NA;85870;1082;2020-12-23;35818
2020-12-22;"Trenčiansky kraj";673;5760;694;6454;NA;85870;1367;2020-12-22;34736
2020-12-21;"Trenčiansky kraj";248;13673;996;14669;NA;85870;1244;2020-12-21;33369
2020-12-20;"Trenčiansky kraj";238;12480;291;12771;NA;85870;529;2020-12-20;32125
2020-12-19;"Trenčiansky kraj";341;1611;150;1761;NA;85870;491;2020-12-19;31596
2020-12-18;"Trenčiansky kraj";521;4847;575;5422;NA;85870;1096;2020-12-18;31105
2020-12-17;"Trenčiansky kraj";670;3843;524;4367;NA;85870;1194;2020-12-17;30009
2020-12-16;"Trenčiansky kraj";461;4459;647;5106;NA;85870;1108;2020-12-16;28815
2020-12-15;"Trenčiansky kraj";595;3805;670;4475;NA;85870;1265;2020-12-15;27707
2020-12-14;"Trenčiansky kraj";318;3194;613;3807;NA;85870;931;2020-12-14;26442
2020-12-13;"Trenčiansky kraj";77;24;4;28;NA;85870;81;2020-12-13;25511
2020-12-12;"Trenčiansky kraj";314;1002;120;1122;NA;85870;434;2020-12-12;25430
2020-12-11;"Trenčiansky kraj";751;4066;479;4545;NA;85870;1230;2020-12-11;24996
2020-12-10;"Trenčiansky kraj";271;3371;477;3848;NA;85870;748;2020-12-10;23766
2020-12-09;"Trenčiansky kraj";508;3805;470;4275;NA;85870;978;2020-12-09;23018
2020-12-08;"Trenčiansky kraj";546;3440;522;3962;NA;85870;1068;2020-12-08;22040
2020-12-07;"Trenčiansky kraj";258;3826;466;4292;NA;85870;724;2020-12-07;20972
2020-12-06;"Trenčiansky kraj";114;179;10;189;NA;85870;124;2020-12-06;20248
2020-12-05;"Trenčiansky kraj";223;751;64;815;NA;85870;287;2020-12-05;20124
2020-12-04;"Trenčiansky kraj";253;2519;215;2734;NA;85870;468;2020-12-04;19837
2020-12-03;"Trenčiansky kraj";503;1714;178;1892;NA;85870;681;2020-12-03;19369
2020-12-02;"Trenčiansky kraj";418;1844;232;2076;NA;85870;650;2020-12-02;18688
2020-12-01;"Trenčiansky kraj";321;5642;351;5993;NA;85870;672;2020-12-01;18038
2020-11-30;"Trenčiansky kraj";167;8494;489;8983;NA;85870;656;2020-11-30;17366
2020-11-29;"Trenčiansky kraj";29;18;2;20;NA;85870;31;2020-11-29;16710
2020-11-28;"Trenčiansky kraj";202;1051;93;1144;NA;85870;295;2020-11-28;16679
2020-11-27;"Trenčiansky kraj";330;1398;150;1548;NA;85870;480;2020-11-27;16384
2020-11-26;"Trenčiansky kraj";395;1252;122;1374;NA;85870;517;2020-11-26;15904
2020-11-25;"Trenčiansky kraj";322;1444;160;1604;NA;85870;482;2020-11-25;15387
2020-11-24;"Trenčiansky kraj";348;2553;308;2861;NA;85870;656;2020-11-24;14905
2020-11-23;"Trenčiansky kraj";159;1186;122;1308;NA;85870;281;2020-11-23;14249
2020-11-22;"Trenčiansky kraj";26;11;1;12;NA;85870;27;2020-11-22;13968
2020-11-21;"Trenčiansky kraj";255;1323;62;1385;NA;85870;317;2020-11-21;13941
2020-11-20;"Trenčiansky kraj";316;861;93;954;NA;85870;409;2020-11-20;13624
2020-11-19;"Trenčiansky kraj";316;740;113;853;NA;85870;429;2020-11-19;13215
2020-11-18;"Trenčiansky kraj";233;379;66;445;NA;85870;299;2020-11-18;12786
2020-11-17;"Trenčiansky kraj";222;106;15;121;NA;85870;237;2020-11-17;12487
2020-11-16;"Trenčiansky kraj";245;236;45;281;NA;85870;290;2020-11-16;12250
2020-11-15;"Trenčiansky kraj";109;29;6;35;NA;85870;115;2020-11-15;11960
2020-11-14;"Trenčiansky kraj";190;74;11;85;NA;85870;201;2020-11-14;11845
2020-11-13;"Trenčiansky kraj";308;131;13;144;NA;85870;321;2020-11-13;11644
2020-11-12;"Trenčiansky kraj";324;124;5;129;NA;85870;329;2020-11-12;11323
2020-11-11;"Trenčiansky kraj";366;113;10;123;NA;85870;376;2020-11-11;10994
2020-11-10;"Trenčiansky kraj";277;106;6;112;NA;85870;283;2020-11-10;10618
2020-11-09;"Trenčiansky kraj";115;1407;48;1455;NA;85870;163;2020-11-09;10335
2020-11-08;"Trenčiansky kraj";81;1223;8;1231;NA;85870;89;2020-11-08;10172
2020-11-07;"Trenčiansky kraj";319;3662;59;3721;NA;85870;378;2020-11-07;10083
2020-11-06;"Trenčiansky kraj";383;6893;84;6977;NA;85870;467;2020-11-06;9705
2020-11-05;"Trenčiansky kraj";399;98;15;113;NA;85870;414;2020-11-05;9238
2020-11-04;"Trenčiansky kraj";370;91;9;100;NA;85870;379;2020-11-04;8824
2020-11-03;"Trenčiansky kraj";575;97;8;105;NA;85870;583;2020-11-03;8445
2020-11-02;"Trenčiansky kraj";197;1833;68;1901;NA;85870;265;2020-11-02;7862
2020-11-01;"Trenčiansky kraj";257;804;23;827;NA;85870;280;2020-11-01;7597
2020-10-31;"Trenčiansky kraj";332;4719;82;4801;NA;85870;414;2020-10-31;7317
2020-10-30;"Trenčiansky kraj";299;5283;102;5385;NA;85870;401;2020-10-30;6903
2020-10-29;"Trenčiansky kraj";496;764;68;832;NA;85870;564;2020-10-29;6502
2020-10-28;"Trenčiansky kraj";269;192;33;225;NA;85870;302;2020-10-28;5938
2020-10-27;"Trenčiansky kraj";473;127;27;154;NA;85870;500;2020-10-27;5636
2020-10-26;"Trenčiansky kraj";177;103;31;134;NA;85870;208;2020-10-26;5136
2020-10-25;"Trenčiansky kraj";138;9;5;14;NA;85870;143;2020-10-25;4928
2020-10-24;"Trenčiansky kraj";395;128;6;134;NA;85870;401;2020-10-24;4785
2020-10-23;"Trenčiansky kraj";301;154;8;162;NA;85870;309;2020-10-23;4384
2020-10-22;"Trenčiansky kraj";273;82;12;94;NA;85870;285;2020-10-22;4075
2020-10-21;"Trenčiansky kraj";183;53;9;62;NA;85870;192;2020-10-21;3790
2020-10-20;"Trenčiansky kraj";212;47;6;53;NA;85870;218;2020-10-20;3598
2020-10-19;"Trenčiansky kraj";41;83;25;108;NA;85870;66;2020-10-19;3380
2020-10-18;"Trenčiansky kraj";104;0;0;0;NA;85870;104;2020-10-18;3314
2020-10-17;"Trenčiansky kraj";157;0;0;0;NA;85870;157;2020-10-17;3210
2020-10-16;"Trenčiansky kraj";225;42;6;48;NA;85870;231;2020-10-16;3053
2020-10-15;"Trenčiansky kraj";255;39;4;43;NA;85870;259;2020-10-15;2822
2020-10-14;"Trenčiansky kraj";162;42;7;49;NA;85870;169;2020-10-14;2563
2020-10-13;"Trenčiansky kraj";124;105;12;117;NA;85870;136;2020-10-13;2394
2020-10-12;"Trenčiansky kraj";55;0;0;0;NA;85870;55;2020-10-12;2258
2020-10-11;"Trenčiansky kraj";73;0;0;0;NA;85870;73;2020-10-11;2203
2020-10-10;"Trenčiansky kraj";180;0;0;0;NA;85870;180;2020-10-10;2130
2020-10-09;"Trenčiansky kraj";198;0;0;0;NA;85870;198;2020-10-09;1950
2020-10-08;"Trenčiansky kraj";115;0;0;0;NA;85870;115;2020-10-08;1752
2020-10-07;"Trenčiansky kraj";75;0;0;0;NA;85870;75;2020-10-07;1637
2020-10-06;"Trenčiansky kraj";72;0;0;0;NA;85870;72;2020-10-06;1562
2020-10-05;"Trenčiansky kraj";32;0;0;0;NA;85870;32;2020-10-05;1490
2020-10-04;"Trenčiansky kraj";37;0;0;0;NA;85870;37;2020-10-04;1458
2020-10-03;"Trenčiansky kraj";79;0;0;0;NA;85870;79;2020-10-03;1421
2020-10-02;"Trenčiansky kraj";69;0;0;0;NA;85870;69;2020-10-02;1342
2020-10-01;"Trenčiansky kraj";58;0;0;0;NA;85870;58;2020-10-01;1273
2020-09-30;"Trenčiansky kraj";76;0;0;0;NA;85870;76;2020-09-30;1215
2020-09-29;"Trenčiansky kraj";43;0;0;0;NA;85870;43;2020-09-29;1139
2020-09-28;"Trenčiansky kraj";7;0;0;0;NA;85870;7;2020-09-28;1096
2020-09-27;"Trenčiansky kraj";12;0;0;0;NA;85870;12;2020-09-27;1089
2020-09-26;"Trenčiansky kraj";37;0;0;0;NA;85870;37;2020-09-26;1077
2020-09-25;"Trenčiansky kraj";72;0;0;0;NA;85870;72;2020-09-25;1040
2020-09-24;"Trenčiansky kraj";41;0;0;0;NA;85870;41;2020-09-24;968
2020-09-23;"Trenčiansky kraj";32;0;0;0;NA;85870;32;2020-09-23;927
2020-09-22;"Trenčiansky kraj";26;0;0;0;NA;85870;26;2020-09-22;895
2020-09-21;"Trenčiansky kraj";23;0;0;0;NA;85870;23;2020-09-21;869
2020-09-20;"Trenčiansky kraj";21;0;0;0;NA;85870;21;2020-09-20;846
2020-09-19;"Trenčiansky kraj";20;0;0;0;NA;85870;20;2020-09-19;825
2020-09-18;"Trenčiansky kraj";41;0;0;0;NA;85870;41;2020-09-18;805
2020-09-17;"Trenčiansky kraj";20;0;0;0;NA;85870;20;2020-09-17;764
2020-09-16;"Trenčiansky kraj";14;0;0;0;NA;85870;14;2020-09-16;744
2020-09-15;"Trenčiansky kraj";8;0;0;0;NA;85870;8;2020-09-15;730
2020-09-14;"Trenčiansky kraj";5;0;0;0;NA;85870;5;2020-09-14;722
2020-09-13;"Trenčiansky kraj";12;0;0;0;NA;85870;12;2020-09-13;717
2020-09-12;"Trenčiansky kraj";2;0;0;0;NA;85870;2;2020-09-12;705
2020-09-11;"Trenčiansky kraj";27;0;0;0;NA;85870;27;2020-09-11;703
2020-09-10;"Trenčiansky kraj";15;0;0;0;NA;85870;15;2020-09-10;676
2020-09-09;"Trenčiansky kraj";11;0;0;0;NA;85870;11;2020-09-09;661
2020-09-08;"Trenčiansky kraj";12;0;0;0;NA;85870;12;2020-09-08;650
2020-09-07;"Trenčiansky kraj";6;0;0;0;NA;85870;6;2020-09-07;638
2020-09-06;"Trenčiansky kraj";1;0;0;0;NA;85870;1;2020-09-06;632
2020-09-05;"Trenčiansky kraj";3;0;0;0;NA;85870;3;2020-09-05;631
2020-09-04;"Trenčiansky kraj";9;0;0;0;NA;85870;9;2020-09-04;628
2020-09-03;"Trenčiansky kraj";10;0;0;0;NA;85870;10;2020-09-03;619
2020-09-02;"Trenčiansky kraj";5;0;0;0;NA;85870;5;2020-09-02;609
2020-09-01;"Trenčiansky kraj";1;0;0;0;NA;85870;1;2020-09-01;604
2020-08-31;"Trenčiansky kraj";12;0;0;0;NA;85870;12;2020-08-31;603
2020-08-29;"Trenčiansky kraj";1;0;0;0;NA;85870;1;2020-08-29;591
2020-08-28;"Trenčiansky kraj";12;0;0;0;NA;85870;12;2020-08-28;590
2020-08-27;"Trenčiansky kraj";10;0;0;0;NA;85870;10;2020-08-27;578
2020-08-26;"Trenčiansky kraj";15;0;0;0;NA;85870;15;2020-08-26;568
2020-08-25;"Trenčiansky kraj";12;0;0;0;NA;85870;12;2020-08-25;553
2020-08-24;"Trenčiansky kraj";4;0;0;0;NA;85870;4;2020-08-24;541
2020-08-23;"Trenčiansky kraj";5;0;0;0;NA;85870;5;2020-08-23;537
2020-08-22;"Trenčiansky kraj";6;0;0;0;NA;85870;6;2020-08-22;532
2020-08-21;"Trenčiansky kraj";6;0;0;0;NA;85870;6;2020-08-21;526
2020-08-20;"Trenčiansky kraj";20;0;0;0;NA;85870;20;2020-08-20;520
2020-08-19;"Trenčiansky kraj";17;0;0;0;NA;85870;17;2020-08-19;500
2020-08-18;"Trenčiansky kraj";9;0;0;0;NA;85870;9;2020-08-18;483
2020-08-17;"Trenčiansky kraj";4;0;0;0;NA;85870;4;2020-08-17;474
2020-08-15;"Trenčiansky kraj";9;0;0;0;NA;85870;9;2020-08-15;470
2020-08-14;"Trenčiansky kraj";15;0;0;0;NA;85870;15;2020-08-14;461
2020-08-13;"Trenčiansky kraj";23;0;0;0;NA;85870;23;2020-08-13;446
2020-08-12;"Trenčiansky kraj";6;0;0;0;NA;85870;6;2020-08-12;423
2020-08-11;"Trenčiansky kraj";7;0;0;0;NA;85870;7;2020-08-11;417
2020-08-10;"Trenčiansky kraj";9;0;0;0;NA;85870;9;2020-08-10;410
2020-08-09;"Trenčiansky kraj";1;0;0;0;NA;85870;1;2020-08-09;401
2020-08-08;"Trenčiansky kraj";4;0;0;0;NA;85870;4;2020-08-08;400
2020-08-07;"Trenčiansky kraj";4;0;0;0;NA;85870;4;2020-08-07;396
2020-08-06;"Trenčiansky kraj";13;0;0;0;NA;85870;13;2020-08-06;392
2020-08-05;"Trenčiansky kraj";39;0;0;0;NA;85870;39;2020-08-05;379
2020-08-04;"Trenčiansky kraj";9;0;0;0;NA;85870;9;2020-08-04;340
2020-08-02;"Trenčiansky kraj";2;0;0;0;NA;85870;2;2020-08-02;331
2020-08-01;"Trenčiansky kraj";6;0;0;0;NA;85870;6;2020-08-01;329
2020-07-31;"Trenčiansky kraj";16;0;0;0;NA;85870;16;2020-07-31;323
2020-07-30;"Trenčiansky kraj";4;0;0;0;NA;85870;4;2020-07-30;307
2020-07-29;"Trenčiansky kraj";5;0;0;0;NA;85870;5;2020-07-29;303
2020-07-28;"Trenčiansky kraj";11;0;0;0;NA;85870;11;2020-07-28;298
2020-07-27;"Trenčiansky kraj";4;0;0;0;NA;85870;4;2020-07-27;287
2020-07-26;"Trenčiansky kraj";1;0;0;0;NA;85870;1;2020-07-26;283
2020-07-25;"Trenčiansky kraj";7;0;0;0;NA;85870;7;2020-07-25;282
2020-07-24;"Trenčiansky kraj";5;0;0;0;NA;85870;5;2020-07-24;275
2020-07-23;"Trenčiansky kraj";10;0;0;0;NA;85870;10;2020-07-23;270
2020-07-22;"Trenčiansky kraj";11;0;0;0;NA;85870;11;2020-07-22;260
2020-07-21;"Trenčiansky kraj";6;0;0;0;NA;85870;6;2020-07-21;249
2020-07-20;"Trenčiansky kraj";13;0;0;0;NA;85870;13;2020-07-20;243
2020-07-17;"Trenčiansky kraj";1;0;0;0;NA;85870;1;2020-07-17;230
2020-07-15;"Trenčiansky kraj";2;0;0;0;NA;85870;2;2020-07-15;229
2020-07-14;"Trenčiansky kraj";8;0;0;0;NA;85870;8;2020-07-14;227
2020-07-13;"Trenčiansky kraj";1;0;0;0;NA;85870;1;2020-07-13;219
2020-07-10;"Trenčiansky kraj";3;0;0;0;NA;85870;3;2020-07-10;218
2020-07-09;"Trenčiansky kraj";2;0;0;0;NA;85870;2;2020-07-09;215
2020-07-08;"Trenčiansky kraj";1;0;0;0;NA;85870;1;2020-07-08;213
2020-07-07;"Trenčiansky kraj";9;0;0;0;NA;85870;9;2020-07-07;212
2020-07-06;"Trenčiansky kraj";1;0;0;0;NA;85870;1;2020-07-06;203
2020-07-05;"Trenčiansky kraj";1;0;0;0;NA;85870;1;2020-07-05;202
2020-07-03;"Trenčiansky kraj";2;0;0;0;NA;85870;2;2020-07-03;201
2020-07-02;"Trenčiansky kraj";10;0;0;0;NA;85870;10;2020-07-02;199
2020-07-01;"Trenčiansky kraj";1;0;0;0;NA;85870;1;2020-07-01;189
2020-06-30;"Trenčiansky kraj";6;0;0;0;NA;85870;6;2020-06-30;188
2020-06-29;"Trenčiansky kraj";1;0;0;0;NA;85870;1;2020-06-29;182
2020-06-25;"Trenčiansky kraj";2;0;0;0;NA;85870;2;2020-06-25;181
2020-06-24;"Trenčiansky kraj";1;0;0;0;NA;85870;1;2020-06-24;179
2020-06-10;"Trenčiansky kraj";1;0;0;0;NA;85870;1;2020-06-10;178
2020-05-27;"Trenčiansky kraj";2;0;0;0;NA;85870;2;2020-05-27;177
2020-05-15;"Trenčiansky kraj";1;0;0;0;NA;85870;1;2020-05-15;175
2020-05-14;"Trenčiansky kraj";2;0;0;0;NA;85870;2;2020-05-14;174
2020-05-13;"Trenčiansky kraj";1;0;0;0;NA;85870;1;2020-05-13;172
2020-05-12;"Trenčiansky kraj";1;0;0;0;NA;85870;1;2020-05-12;171
2020-05-11;"Trenčiansky kraj";3;0;0;0;NA;85870;3;2020-05-11;170
2020-05-09;"Trenčiansky kraj";2;0;0;0;NA;85870;2;2020-05-09;167
2020-05-07;"Trenčiansky kraj";6;0;0;0;NA;85870;6;2020-05-07;165
2020-05-05;"Trenčiansky kraj";2;0;0;0;NA;85870;2;2020-05-05;159
2020-04-29;"Trenčiansky kraj";2;0;0;0;NA;85870;2;2020-04-29;157
2020-04-28;"Trenčiansky kraj";1;0;0;0;NA;85870;1;2020-04-28;155
2020-04-26;"Trenčiansky kraj";1;0;0;0;NA;85870;1;2020-04-26;154
2020-04-23;"Trenčiansky kraj";11;0;0;0;NA;85870;11;2020-04-23;153
2020-04-22;"Trenčiansky kraj";1;0;0;0;NA;85870;1;2020-04-22;142
2020-04-21;"Trenčiansky kraj";11;0;0;0;NA;85870;11;2020-04-21;141
2020-04-20;"Trenčiansky kraj";15;0;0;0;NA;85870;15;2020-04-20;130
2020-04-19;"Trenčiansky kraj";2;0;0;0;NA;85870;2;2020-04-19;115
2020-04-18;"Trenčiansky kraj";3;0;0;0;NA;85870;3;2020-04-18;113
2020-04-17;"Trenčiansky kraj";4;0;0;0;NA;85870;4;2020-04-17;110
2020-04-16;"Trenčiansky kraj";10;0;0;0;NA;85870;10;2020-04-16;106
2020-04-15;"Trenčiansky kraj";4;0;0;0;NA;85870;4;2020-04-15;96
2020-04-13;"Trenčiansky kraj";1;0;0;0;NA;85870;1;2020-04-13;92
2020-04-12;"Trenčiansky kraj";2;0;0;0;NA;85870;2;2020-04-12;91
2020-04-11;"Trenčiansky kraj";3;0;0;0;NA;85870;3;2020-04-11;89
2020-04-08;"Trenčiansky kraj";2;0;0;0;NA;85870;2;2020-04-08;86
2020-04-07;"Trenčiansky kraj";18;0;0;0;NA;85870;18;2020-04-07;84
2020-04-05;"Trenčiansky kraj";3;0;0;0;NA;85870;3;2020-04-05;66
2020-04-04;"Trenčiansky kraj";5;0;0;0;NA;85870;5;2020-04-04;63
2020-04-03;"Trenčiansky kraj";4;0;0;0;NA;85870;4;2020-04-03;58
2020-04-02;"Trenčiansky kraj";1;0;0;0;NA;85870;1;2020-04-02;54
2020-04-01;"Trenčiansky kraj";3;0;0;0;NA;85870;3;2020-04-01;53
2020-03-31;"Trenčiansky kraj";1;0;0;0;NA;85870;1;2020-03-31;50
2020-03-30;"Trenčiansky kraj";3;0;0;0;NA;85870;3;2020-03-30;49
2020-03-29;"Trenčiansky kraj";6;0;0;0;NA;85870;6;2020-03-29;46
2020-03-28;"Trenčiansky kraj";9;0;0;0;NA;85870;9;2020-03-28;40
2020-03-27;"Trenčiansky kraj";2;0;0;0;NA;85870;2;2020-03-27;31
2020-03-26;"Trenčiansky kraj";6;0;0;0;NA;85870;6;2020-03-26;29
2020-03-25;"Trenčiansky kraj";3;0;0;0;NA;85870;3;2020-03-25;23
2020-03-24;"Trenčiansky kraj";1;0;0;0;NA;85870;1;2020-03-24;20
2020-03-21;"Trenčiansky kraj";2;0;0;0;NA;85870;2;2020-03-21;19
2020-03-20;"Trenčiansky kraj";2;0;0;0;NA;85870;2;2020-03-20;17
2020-03-19;"Trenčiansky kraj";8;0;0;0;NA;85870;8;2020-03-19;15
2020-03-16;"Trenčiansky kraj";1;0;0;0;NA;85870;1;2020-03-16;7
2020-03-15;"Trenčiansky kraj";5;0;0;0;NA;85870;5;2020-03-15;6
2020-03-12;"Trenčiansky kraj";1;0;0;0;NA;85870;1;2020-03-12;1
2021-03-16;"Trnavský kraj";311;11048;120;11168;41171;80620;431;2021-03-16;80620
2021-03-15;"Trnavský kraj";127;17902;133;18035;NA;80620;260;2021-03-15;80189
2021-03-14;"Trnavský kraj";14;36628;125;36753;NA;80620;139;2021-03-14;79929
2021-03-13;"Trnavský kraj";155;128331;383;128714;NA;80620;538;2021-03-13;79790
2021-03-12;"Trnavský kraj";201;27720;173;27893;NA;80620;374;2021-03-12;79252
2021-03-11;"Trnavský kraj";204;12897;135;13032;NA;80620;339;2021-03-11;78878
2021-03-10;"Trnavský kraj";242;10060;130;10190;NA;80620;372;2021-03-10;78539
2021-03-09;"Trnavský kraj";442;12414;147;12561;NA;80620;589;2021-03-09;78167
2021-03-08;"Trnavský kraj";182;21285;158;21443;NA;80620;340;2021-03-08;77578
2021-03-07;"Trnavský kraj";30;45900;227;46127;NA;80620;257;2021-03-07;77238
2021-03-06;"Trnavský kraj";154;135156;526;135682;NA;80620;680;2021-03-06;76981
2021-03-05;"Trnavský kraj";299;28514;241;28755;NA;80620;540;2021-03-05;76301
2021-03-04;"Trnavský kraj";238;13903;174;14077;NA;80620;412;2021-03-04;75761
2021-03-03;"Trnavský kraj";413;11390;239;11629;NA;80620;652;2021-03-03;75349
2021-03-02;"Trnavský kraj";477;12352;196;12548;NA;80620;673;2021-03-02;74697
2021-03-01;"Trnavský kraj";189;18223;230;18453;NA;80620;419;2021-03-01;74024
2021-02-28;"Trnavský kraj";87;42516;295;42811;NA;80620;382;2021-02-28;73605
2021-02-27;"Trnavský kraj";264;140259;804;141063;NA;80620;1068;2021-02-27;73223
2021-02-26;"Trnavský kraj";362;27016;288;27304;NA;80620;650;2021-02-26;72155
2021-02-25;"Trnavský kraj";433;10490;227;10717;NA;80620;660;2021-02-25;71505
2021-02-24;"Trnavský kraj";407;9110;290;9400;NA;80620;697;2021-02-24;70845
2021-02-23;"Trnavský kraj";469;11506;298;11804;NA;80620;767;2021-02-23;70148
2021-02-22;"Trnavský kraj";206;20118;330;20448;NA;80620;536;2021-02-22;69381
2021-02-21;"Trnavský kraj";38;40845;264;41109;NA;80620;302;2021-02-21;68845
2021-02-20;"Trnavský kraj";273;135621;855;136476;NA;80620;1128;2021-02-20;68543
2021-02-19;"Trnavský kraj";335;26982;347;27329;NA;80620;682;2021-02-19;67415
2021-02-18;"Trnavský kraj";344;11261;348;11609;NA;80620;692;2021-02-18;66733
2021-02-17;"Trnavský kraj";431;8780;416;9196;NA;80620;847;2021-02-17;66041
2021-02-16;"Trnavský kraj";426;11412;295;11707;NA;80620;721;2021-02-16;65194
2021-02-15;"Trnavský kraj";146;18054;291;18345;NA;80620;437;2021-02-15;64473
2021-02-14;"Trnavský kraj";51;44752;337;45089;NA;80620;388;2021-02-14;64036
2021-02-13;"Trnavský kraj";218;137050;994;138044;NA;80620;1212;2021-02-13;63648
2021-02-12;"Trnavský kraj";300;23682;336;24018;NA;80620;636;2021-02-12;62436
2021-02-11;"Trnavský kraj";422;9898;360;10258;NA;80620;782;2021-02-11;61800
2021-02-10;"Trnavský kraj";511;9295;344;9639;NA;80620;855;2021-02-10;61018
2021-02-09;"Trnavský kraj";544;12752;369;13121;NA;80620;913;2021-02-09;60163
2021-02-08;"Trnavský kraj";220;34323;507;34830;NA;80620;727;2021-02-08;59250
2021-02-07;"Trnavský kraj";140;68837;627;69464;NA;80620;767;2021-02-07;58523
2021-02-06;"Trnavský kraj";348;111903;1473;113376;NA;80620;1821;2021-02-06;57756
2021-02-05;"Trnavský kraj";377;16448;400;16848;NA;80620;777;2021-02-05;55935
2021-02-04;"Trnavský kraj";456;7315;454;7769;NA;80620;910;2021-02-04;55158
2021-02-03;"Trnavský kraj";472;6585;434;7019;NA;80620;906;2021-02-03;54248
2021-02-02;"Trnavský kraj";446;14219;424;14643;NA;80620;870;2021-02-02;53342
2021-02-01;"Trnavský kraj";198;40083;690;40773;NA;80620;888;2021-02-01;52472
2021-01-31;"Trnavský kraj";19;62815;778;63593;NA;80620;797;2021-01-31;51584
2021-01-30;"Trnavský kraj";323;110582;1280;111862;NA;80620;1603;2021-01-30;50787
2021-01-29;"Trnavský kraj";421;9643;285;9928;NA;80620;706;2021-01-29;49184
2021-01-28;"Trnavský kraj";389;5815;286;6101;NA;80620;675;2021-01-28;48478
2021-01-27;"Trnavský kraj";433;5301;219;5520;NA;80620;652;2021-01-27;47803
2021-01-26;"Trnavský kraj";565;25387;636;26023;NA;80620;1201;2021-01-26;47151
2021-01-25;"Trnavský kraj";210;41962;609;42571;NA;80620;819;2021-01-25;45950
2021-01-24;"Trnavský kraj";91;55823;710;56533;NA;80620;801;2021-01-24;45131
2021-01-23;"Trnavský kraj";372;117178;1347;118525;NA;80620;1719;2021-01-23;44330
2021-01-22;"Trnavský kraj";217;32439;500;32939;NA;80620;717;2021-01-22;42611
2021-01-21;"Trnavský kraj";311;13834;378;14212;NA;80620;689;2021-01-21;41894
2021-01-20;"Trnavský kraj";503;8149;274;8423;NA;80620;777;2021-01-20;41205
2021-01-19;"Trnavský kraj";415;7020;347;7367;NA;80620;762;2021-01-19;40428
2021-01-18;"Trnavský kraj";247;6237;484;6721;NA;80620;731;2021-01-18;39666
2021-01-17;"Trnavský kraj";128;854;215;1069;NA;80620;343;2021-01-17;38935
2021-01-16;"Trnavský kraj";103;599;19;618;NA;80620;122;2021-01-16;38592
2021-01-15;"Trnavský kraj";278;5676;351;6027;NA;80620;629;2021-01-15;38470
2021-01-14;"Trnavský kraj";452;4000;338;4338;NA;80620;790;2021-01-14;37841
2021-01-13;"Trnavský kraj";457;4752;378;5130;NA;80620;835;2021-01-13;37051
2021-01-12;"Trnavský kraj";469;7177;483;7660;NA;80620;952;2021-01-12;36216
2021-01-11;"Trnavský kraj";370;5103;392;5495;NA;80620;762;2021-01-11;35264
2021-01-10;"Trnavský kraj";71;8;0;8;NA;80620;71;2021-01-10;34502
2021-01-09;"Trnavský kraj";417;1775;100;1875;NA;80620;517;2021-01-09;34431
2021-01-08;"Trnavský kraj";381;6550;532;7082;NA;80620;913;2021-01-08;33914
2021-01-07;"Trnavský kraj";501;4074;397;4471;NA;80620;898;2021-01-07;33001
2021-01-06;"Trnavský kraj";179;758;132;890;NA;80620;311;2021-01-06;32103
2021-01-05;"Trnavský kraj";611;5922;636;6558;NA;80620;1247;2021-01-05;31792
2021-01-04;"Trnavský kraj";302;5235;689;5924;NA;80620;991;2021-01-04;30545
2021-01-03;"Trnavský kraj";60;53;7;60;NA;80620;67;2021-01-03;29554
2021-01-02;"Trnavský kraj";282;412;30;442;NA;80620;312;2021-01-02;29487
2021-01-01;"Trnavský kraj";143;449;76;525;NA;80620;219;2021-01-01;29175
2020-12-31;"Trnavský kraj";498;8488;858;9346;NA;80620;1356;2020-12-31;28956
2020-12-30;"Trnavský kraj";785;5318;612;5930;NA;80620;1397;2020-12-30;27600
2020-12-29;"Trnavský kraj";322;4999;593;5592;NA;80620;915;2020-12-29;26203
2020-12-28;"Trnavský kraj";213;5339;615;5954;NA;80620;828;2020-12-28;25288
2020-12-27;"Trnavský kraj";27;13;4;17;NA;80620;31;2020-12-27;24460
2020-12-26;"Trnavský kraj";148;44;1;45;NA;80620;149;2020-12-26;24429
2020-12-25;"Trnavský kraj";65;49;5;54;NA;80620;70;2020-12-25;24280
2020-12-24;"Trnavský kraj";333;1359;117;1476;NA;80620;450;2020-12-24;24210
2020-12-23;"Trnavský kraj";210;6417;375;6792;NA;80620;585;2020-12-23;23760
2020-12-22;"Trnavský kraj";311;5590;491;6081;NA;80620;802;2020-12-22;23175
2020-12-21;"Trnavský kraj";328;4527;399;4926;NA;80620;727;2020-12-21;22373
2020-12-20;"Trnavský kraj";134;110;12;122;NA;80620;146;2020-12-20;21646
2020-12-19;"Trnavský kraj";201;1046;86;1132;NA;80620;287;2020-12-19;21500
2020-12-18;"Trnavský kraj";341;4898;378;5276;NA;80620;719;2020-12-18;21213
2020-12-17;"Trnavský kraj";375;4996;407;5403;NA;80620;782;2020-12-17;20494
2020-12-16;"Trnavský kraj";312;5249;405;5654;NA;80620;717;2020-12-16;19712
2020-12-15;"Trnavský kraj";492;6623;632;7255;NA;80620;1124;2020-12-15;18995
2020-12-14;"Trnavský kraj";161;3505;292;3797;NA;80620;453;2020-12-14;17871
2020-12-13;"Trnavský kraj";7;0;0;0;NA;80620;7;2020-12-13;17418
2020-12-12;"Trnavský kraj";254;1456;114;1570;NA;80620;368;2020-12-12;17411
2020-12-11;"Trnavský kraj";384;4683;262;4945;NA;80620;646;2020-12-11;17043
2020-12-10;"Trnavský kraj";183;5194;320;5514;NA;80620;503;2020-12-10;16397
2020-12-09;"Trnavský kraj";521;4283;321;4604;NA;80620;842;2020-12-09;15894
2020-12-08;"Trnavský kraj";281;4090;304;4394;NA;80620;585;2020-12-08;15052
2020-12-07;"Trnavský kraj";178;2895;199;3094;NA;80620;377;2020-12-07;14467
2020-12-06;"Trnavský kraj";46;0;0;0;NA;80620;46;2020-12-06;14090
2020-12-05;"Trnavský kraj";129;2218;41;2259;NA;80620;170;2020-12-05;14044
2020-12-04;"Trnavský kraj";242;3948;158;4106;NA;80620;400;2020-12-04;13874
2020-12-03;"Trnavský kraj";248;2770;190;2960;NA;80620;438;2020-12-03;13474
2020-12-02;"Trnavský kraj";284;4516;176;4692;NA;80620;460;2020-12-02;13036
2020-12-01;"Trnavský kraj";253;3190;205;3395;NA;80620;458;2020-12-01;12576
2020-11-30;"Trnavský kraj";200;7360;186;7546;NA;80620;386;2020-11-30;12118
2020-11-29;"Trnavský kraj";17;708;34;742;NA;80620;51;2020-11-29;11732
2020-11-28;"Trnavský kraj";83;1453;77;1530;NA;80620;160;2020-11-28;11681
2020-11-27;"Trnavský kraj";148;1591;83;1674;NA;80620;231;2020-11-27;11521
2020-11-26;"Trnavský kraj";234;985;59;1044;NA;80620;293;2020-11-26;11290
2020-11-25;"Trnavský kraj";232;1029;72;1101;NA;80620;304;2020-11-25;10997
2020-11-24;"Trnavský kraj";295;1772;91;1863;NA;80620;386;2020-11-24;10693
2020-11-23;"Trnavský kraj";242;7207;125;7332;NA;80620;367;2020-11-23;10307
2020-11-22;"Trnavský kraj";10;54;3;57;NA;80620;13;2020-11-22;9940
2020-11-21;"Trnavský kraj";129;1214;23;1237;NA;80620;152;2020-11-21;9927
2020-11-20;"Trnavský kraj";246;1027;61;1088;NA;80620;307;2020-11-20;9775
2020-11-19;"Trnavský kraj";157;694;58;752;NA;80620;215;2020-11-19;9468
2020-11-18;"Trnavský kraj";235;716;75;791;NA;80620;310;2020-11-18;9253
2020-11-17;"Trnavský kraj";129;695;72;767;NA;80620;201;2020-11-17;8943
2020-11-16;"Trnavský kraj";187;682;32;714;NA;80620;219;2020-11-16;8742
2020-11-15;"Trnavský kraj";23;73;4;77;NA;80620;27;2020-11-15;8523
2020-11-14;"Trnavský kraj";86;389;10;399;NA;80620;96;2020-11-14;8496
2020-11-13;"Trnavský kraj";219;1312;21;1333;NA;80620;240;2020-11-13;8400
2020-11-12;"Trnavský kraj";162;420;18;438;NA;80620;180;2020-11-12;8160
2020-11-11;"Trnavský kraj";257;392;15;407;NA;80620;272;2020-11-11;7980
2020-11-10;"Trnavský kraj";189;889;30;919;NA;80620;219;2020-11-10;7708
2020-11-09;"Trnavský kraj";196;369;23;392;NA;80620;219;2020-11-09;7489
2020-11-08;"Trnavský kraj";55;306;4;310;NA;80620;59;2020-11-08;7270
2020-11-07;"Trnavský kraj";207;6070;74;6144;NA;80620;281;2020-11-07;7211
2020-11-06;"Trnavský kraj";260;1531;19;1550;NA;80620;279;2020-11-06;6930
2020-11-05;"Trnavský kraj";150;220;27;247;NA;80620;177;2020-11-05;6651
2020-11-04;"Trnavský kraj";188;212;10;222;NA;80620;198;2020-11-04;6474
2020-11-03;"Trnavský kraj";317;127;8;135;NA;80620;325;2020-11-03;6276
2020-11-02;"Trnavský kraj";281;1728;31;1759;NA;80620;312;2020-11-02;5951
2020-11-01;"Trnavský kraj";87;494;27;521;NA;80620;114;2020-11-01;5639
2020-10-31;"Trnavský kraj";259;5024;41;5065;NA;80620;300;2020-10-31;5525
2020-10-30;"Trnavský kraj";198;3784;27;3811;NA;80620;225;2020-10-30;5225
2020-10-29;"Trnavský kraj";273;1461;16;1477;NA;80620;289;2020-10-29;5000
2020-10-28;"Trnavský kraj";319;117;16;133;NA;80620;335;2020-10-28;4711
2020-10-27;"Trnavský kraj";199;461;36;497;NA;80620;235;2020-10-27;4376
2020-10-26;"Trnavský kraj";153;29;2;31;NA;80620;155;2020-10-26;4141
2020-10-25;"Trnavský kraj";95;19;1;20;NA;80620;96;2020-10-25;3986
2020-10-24;"Trnavský kraj";158;109;2;111;NA;80620;160;2020-10-24;3890
2020-10-23;"Trnavský kraj";201;89;4;93;NA;80620;205;2020-10-23;3730
2020-10-22;"Trnavský kraj";195;55;2;57;NA;80620;197;2020-10-22;3525
2020-10-21;"Trnavský kraj";134;73;3;76;NA;80620;137;2020-10-21;3328
2020-10-20;"Trnavský kraj";202;82;3;85;NA;80620;205;2020-10-20;3191
2020-10-19;"Trnavský kraj";67;55;0;55;NA;80620;67;2020-10-19;2986
2020-10-18;"Trnavský kraj";84;0;0;0;NA;80620;84;2020-10-18;2919
2020-10-17;"Trnavský kraj";123;0;0;0;NA;80620;123;2020-10-17;2835
2020-10-16;"Trnavský kraj";86;45;2;47;NA;80620;88;2020-10-16;2712
2020-10-15;"Trnavský kraj";155;66;2;68;NA;80620;157;2020-10-15;2624
2020-10-14;"Trnavský kraj";236;468;3;471;NA;80620;239;2020-10-14;2467
2020-10-13;"Trnavský kraj";138;16;2;18;NA;80620;140;2020-10-13;2228
2020-10-12;"Trnavský kraj";33;41;1;42;NA;80620;34;2020-10-12;2088
2020-10-11;"Trnavský kraj";31;0;0;0;NA;80620;31;2020-10-11;2054
2020-10-10;"Trnavský kraj";128;0;0;0;NA;80620;128;2020-10-10;2023
2020-10-09;"Trnavský kraj";156;0;0;0;NA;80620;156;2020-10-09;1895
2020-10-08;"Trnavský kraj";153;0;0;0;NA;80620;153;2020-10-08;1739
2020-10-07;"Trnavský kraj";80;0;0;0;NA;80620;80;2020-10-07;1586
2020-10-06;"Trnavský kraj";112;0;0;0;NA;80620;112;2020-10-06;1506
2020-10-05;"Trnavský kraj";33;0;0;0;NA;80620;33;2020-10-05;1394
2020-10-04;"Trnavský kraj";44;0;0;0;NA;80620;44;2020-10-04;1361
2020-10-03;"Trnavský kraj";60;0;0;0;NA;80620;60;2020-10-03;1317
2020-10-02;"Trnavský kraj";41;0;0;0;NA;80620;41;2020-10-02;1257
2020-10-01;"Trnavský kraj";53;0;0;0;NA;80620;53;2020-10-01;1216
2020-09-30;"Trnavský kraj";91;0;0;0;NA;80620;91;2020-09-30;1163
2020-09-29;"Trnavský kraj";40;0;0;0;NA;80620;40;2020-09-29;1072
2020-09-28;"Trnavský kraj";69;0;0;0;NA;80620;69;2020-09-28;1032
2020-09-27;"Trnavský kraj";30;0;0;0;NA;80620;30;2020-09-27;963
2020-09-26;"Trnavský kraj";46;0;0;0;NA;80620;46;2020-09-26;933
2020-09-25;"Trnavský kraj";32;0;0;0;NA;80620;32;2020-09-25;887
2020-09-24;"Trnavský kraj";42;0;0;0;NA;80620;42;2020-09-24;855
2020-09-23;"Trnavský kraj";43;0;0;0;NA;80620;43;2020-09-23;813
2020-09-22;"Trnavský kraj";55;0;0;0;NA;80620;55;2020-09-22;770
2020-09-21;"Trnavský kraj";41;0;0;0;NA;80620;41;2020-09-21;715
2020-09-20;"Trnavský kraj";17;0;0;0;NA;80620;17;2020-09-20;674
2020-09-19;"Trnavský kraj";4;0;0;0;NA;80620;4;2020-09-19;657
2020-09-18;"Trnavský kraj";33;0;0;0;NA;80620;33;2020-09-18;653
2020-09-17;"Trnavský kraj";42;0;0;0;NA;80620;42;2020-09-17;620
2020-09-16;"Trnavský kraj";49;0;0;0;NA;80620;49;2020-09-16;578
2020-09-15;"Trnavský kraj";5;0;0;0;NA;80620;5;2020-09-15;529
2020-09-14;"Trnavský kraj";26;0;0;0;NA;80620;26;2020-09-14;524
2020-09-13;"Trnavský kraj";9;0;0;0;NA;80620;9;2020-09-13;498
2020-09-12;"Trnavský kraj";12;0;0;0;NA;80620;12;2020-09-12;489
2020-09-11;"Trnavský kraj";16;0;0;0;NA;80620;16;2020-09-11;477
2020-09-10;"Trnavský kraj";32;0;0;0;NA;80620;32;2020-09-10;461
2020-09-09;"Trnavský kraj";14;0;0;0;NA;80620;14;2020-09-09;429
2020-09-08;"Trnavský kraj";11;0;0;0;NA;80620;11;2020-09-08;415
2020-09-07;"Trnavský kraj";7;0;0;0;NA;80620;7;2020-09-07;404
2020-09-06;"Trnavský kraj";5;0;0;0;NA;80620;5;2020-09-06;397
2020-09-05;"Trnavský kraj";7;0;0;0;NA;80620;7;2020-09-05;392
2020-09-04;"Trnavský kraj";16;0;0;0;NA;80620;16;2020-09-04;385
2020-09-03;"Trnavský kraj";8;0;0;0;NA;80620;8;2020-09-03;369
2020-09-02;"Trnavský kraj";7;0;0;0;NA;80620;7;2020-09-02;361
2020-09-01;"Trnavský kraj";1;0;0;0;NA;80620;1;2020-09-01;354
2020-08-31;"Trnavský kraj";6;0;0;0;NA;80620;6;2020-08-31;353
2020-08-30;"Trnavský kraj";1;0;0;0;NA;80620;1;2020-08-30;347
2020-08-29;"Trnavský kraj";3;0;0;0;NA;80620;3;2020-08-29;346
2020-08-28;"Trnavský kraj";14;0;0;0;NA;80620;14;2020-08-28;343
2020-08-27;"Trnavský kraj";6;0;0;0;NA;80620;6;2020-08-27;329
2020-08-26;"Trnavský kraj";4;0;0;0;NA;80620;4;2020-08-26;323
2020-08-25;"Trnavský kraj";7;0;0;0;NA;80620;7;2020-08-25;319
2020-08-24;"Trnavský kraj";1;0;0;0;NA;80620;1;2020-08-24;312
2020-08-23;"Trnavský kraj";6;0;0;0;NA;80620;6;2020-08-23;311
2020-08-22;"Trnavský kraj";3;0;0;0;NA;80620;3;2020-08-22;305
2020-08-21;"Trnavský kraj";4;0;0;0;NA;80620;4;2020-08-21;302
2020-08-20;"Trnavský kraj";23;0;0;0;NA;80620;23;2020-08-20;298
2020-08-19;"Trnavský kraj";13;0;0;0;NA;80620;13;2020-08-19;275
2020-08-18;"Trnavský kraj";20;0;0;0;NA;80620;20;2020-08-18;262
2020-08-17;"Trnavský kraj";3;0;0;0;NA;80620;3;2020-08-17;242
2020-08-15;"Trnavský kraj";7;0;0;0;NA;80620;7;2020-08-15;239
2020-08-14;"Trnavský kraj";6;0;0;0;NA;80620;6;2020-08-14;232
2020-08-13;"Trnavský kraj";10;0;0;0;NA;80620;10;2020-08-13;226
2020-08-12;"Trnavský kraj";2;0;0;0;NA;80620;2;2020-08-12;216
2020-08-11;"Trnavský kraj";30;0;0;0;NA;80620;30;2020-08-11;214
2020-08-08;"Trnavský kraj";13;0;0;0;NA;80620;13;2020-08-08;184
2020-08-07;"Trnavský kraj";4;0;0;0;NA;80620;4;2020-08-07;171
2020-08-06;"Trnavský kraj";4;0;0;0;NA;80620;4;2020-08-06;167
2020-08-04;"Trnavský kraj";1;0;0;0;NA;80620;1;2020-08-04;163
2020-08-03;"Trnavský kraj";2;0;0;0;NA;80620;2;2020-08-03;162
2020-08-02;"Trnavský kraj";1;0;0;0;NA;80620;1;2020-08-02;160
2020-07-31;"Trnavský kraj";7;0;0;0;NA;80620;7;2020-07-31;159
2020-07-30;"Trnavský kraj";6;0;0;0;NA;80620;6;2020-07-30;152
2020-07-28;"Trnavský kraj";1;0;0;0;NA;80620;1;2020-07-28;146
2020-07-27;"Trnavský kraj";2;0;0;0;NA;80620;2;2020-07-27;145
2020-07-24;"Trnavský kraj";1;0;0;0;NA;80620;1;2020-07-24;143
2020-07-23;"Trnavský kraj";2;0;0;0;NA;80620;2;2020-07-23;142
2020-07-22;"Trnavský kraj";1;0;0;0;NA;80620;1;2020-07-22;140
2020-07-21;"Trnavský kraj";2;0;0;0;NA;80620;2;2020-07-21;139
2020-07-15;"Trnavský kraj";1;0;0;0;NA;80620;1;2020-07-15;137
2020-07-08;"Trnavský kraj";3;0;0;0;NA;80620;3;2020-07-08;136
2020-07-07;"Trnavský kraj";4;0;0;0;NA;80620;4;2020-07-07;133
2020-07-02;"Trnavský kraj";3;0;0;0;NA;80620;3;2020-07-02;129
2020-06-18;"Trnavský kraj";2;0;0;0;NA;80620;2;2020-06-18;126
2020-05-25;"Trnavský kraj";1;0;0;0;NA;80620;1;2020-05-25;124
2020-05-23;"Trnavský kraj";2;0;0;0;NA;80620;2;2020-05-23;123
2020-05-20;"Trnavský kraj";2;0;0;0;NA;80620;2;2020-05-20;121
2020-05-15;"Trnavský kraj";1;0;0;0;NA;80620;1;2020-05-15;119
2020-05-11;"Trnavský kraj";2;0;0;0;NA;80620;2;2020-05-11;118
2020-04-28;"Trnavský kraj";1;0;0;0;NA;80620;1;2020-04-28;116
2020-04-25;"Trnavský kraj";2;0;0;0;NA;80620;2;2020-04-25;115
2020-04-24;"Trnavský kraj";4;0;0;0;NA;80620;4;2020-04-24;113
2020-04-23;"Trnavský kraj";5;0;0;0;NA;80620;5;2020-04-23;109
2020-04-22;"Trnavský kraj";10;0;0;0;NA;80620;10;2020-04-22;104
2020-04-21;"Trnavský kraj";5;0;0;0;NA;80620;5;2020-04-21;94
2020-04-19;"Trnavský kraj";1;0;0;0;NA;80620;1;2020-04-19;89
2020-04-18;"Trnavský kraj";4;0;0;0;NA;80620;4;2020-04-18;88
2020-04-17;"Trnavský kraj";7;0;0;0;NA;80620;7;2020-04-17;84
2020-04-16;"Trnavský kraj";5;0;0;0;NA;80620;5;2020-04-16;77
2020-04-15;"Trnavský kraj";5;0;0;0;NA;80620;5;2020-04-15;72
2020-04-14;"Trnavský kraj";1;0;0;0;NA;80620;1;2020-04-14;67
2020-04-10;"Trnavský kraj";2;0;0;0;NA;80620;2;2020-04-10;66
2020-04-09;"Trnavský kraj";3;0;0;0;NA;80620;3;2020-04-09;64
2020-04-08;"Trnavský kraj";4;0;0;0;NA;80620;4;2020-04-08;61
2020-04-07;"Trnavský kraj";6;0;0;0;NA;80620;6;2020-04-07;57
2020-04-06;"Trnavský kraj";6;0;0;0;NA;80620;6;2020-04-06;51
2020-04-05;"Trnavský kraj";1;0;0;0;NA;80620;1;2020-04-05;45
2020-04-04;"Trnavský kraj";1;0;0;0;NA;80620;1;2020-04-04;44
2020-04-03;"Trnavský kraj";3;0;0;0;NA;80620;3;2020-04-03;43
2020-04-02;"Trnavský kraj";4;0;0;0;NA;80620;4;2020-04-02;40
2020-03-31;"Trnavský kraj";3;0;0;0;NA;80620;3;2020-03-31;36
2020-03-30;"Trnavský kraj";4;0;0;0;NA;80620;4;2020-03-30;33
2020-03-29;"Trnavský kraj";1;0;0;0;NA;80620;1;2020-03-29;29
2020-03-28;"Trnavský kraj";3;0;0;0;NA;80620;3;2020-03-28;28
2020-03-27;"Trnavský kraj";5;0;0;0;NA;80620;5;2020-03-27;25
2020-03-26;"Trnavský kraj";5;0;0;0;NA;80620;5;2020-03-26;20
2020-03-25;"Trnavský kraj";1;0;0;0;NA;80620;1;2020-03-25;15
2020-03-23;"Trnavský kraj";2;0;0;0;NA;80620;2;2020-03-23;14
2020-03-22;"Trnavský kraj";1;0;0;0;NA;80620;1;2020-03-22;12
2020-03-21;"Trnavský kraj";5;0;0;0;NA;80620;5;2020-03-21;11
2020-03-17;"Trnavský kraj";3;0;0;0;NA;80620;3;2020-03-17;6
2020-03-16;"Trnavský kraj";1;0;0;0;NA;80620;1;2020-03-16;3
2020-03-13;"Trnavský kraj";1;0;0;0;NA;80620;1;2020-03-13;2
2020-03-12;"Trnavský kraj";1;0;0;0;NA;80620;1;2020-03-12;1
2021-03-16;"Žilinský kraj";514;21177;222;21399;48487;86549;736;2021-03-16;86549
2021-03-15;"Žilinský kraj";341;29383;413;29796;NA;86549;754;2021-03-15;85813
2021-03-14;"Žilinský kraj";87;31106;247;31353;NA;86549;334;2021-03-14;85059
2021-03-13;"Žilinský kraj";113;80812;502;81314;NA;86549;615;2021-03-13;84725
2021-03-12;"Žilinský kraj";520;50217;401;50618;NA;86549;921;2021-03-12;84110
2021-03-11;"Žilinský kraj";399;28039;306;28345;NA;86549;705;2021-03-11;83189
2021-03-10;"Žilinský kraj";368;22347;370;22717;NA;86549;738;2021-03-10;82484
2021-03-09;"Žilinský kraj";537;24850;316;25166;NA;86549;853;2021-03-09;81746
2021-03-08;"Žilinský kraj";387;31037;459;31496;NA;86549;846;2021-03-08;80893
2021-03-07;"Žilinský kraj";48;27903;228;28131;NA;86549;276;2021-03-07;80047
2021-03-06;"Žilinský kraj";173;84792;556;85348;NA;86549;729;2021-03-06;79771
2021-03-05;"Žilinský kraj";369;51742;483;52225;NA;86549;852;2021-03-05;79042
2021-03-04;"Žilinský kraj";467;29667;371;30038;NA;86549;838;2021-03-04;78190
2021-03-03;"Žilinský kraj";448;26278;395;26673;NA;86549;843;2021-03-03;77352
2021-03-02;"Žilinský kraj";551;25478;378;25856;NA;86549;929;2021-03-02;76509
2021-03-01;"Žilinský kraj";375;30600;441;31041;NA;86549;816;2021-03-01;75580
2021-02-28;"Žilinský kraj";61;26038;240;26278;NA;86549;301;2021-02-28;74764
2021-02-27;"Žilinský kraj";159;69790;541;70331;NA;86549;700;2021-02-27;74463
2021-02-26;"Žilinský kraj";459;46702;496;47198;NA;86549;955;2021-02-26;73763
2021-02-25;"Žilinský kraj";347;30274;389;30663;NA;86549;736;2021-02-25;72808
2021-02-24;"Žilinský kraj";339;18994;396;19390;NA;86549;735;2021-02-24;72072
2021-02-23;"Žilinský kraj";437;22292;416;22708;NA;86549;853;2021-02-23;71337
2021-02-22;"Žilinský kraj";345;29268;438;29706;NA;86549;783;2021-02-22;70484
2021-02-21;"Žilinský kraj";36;23523;270;23793;NA;86549;306;2021-02-21;69701
2021-02-20;"Žilinský kraj";152;73102;602;73704;NA;86549;754;2021-02-20;69395
2021-02-19;"Žilinský kraj";337;44806;415;45221;NA;86549;752;2021-02-19;68641
2021-02-18;"Žilinský kraj";263;22728;335;23063;NA;86549;598;2021-02-18;67889
2021-02-17;"Žilinský kraj";269;17559;347;17906;NA;86549;616;2021-02-17;67291
2021-02-16;"Žilinský kraj";321;23533;321;23854;NA;86549;642;2021-02-16;66675
2021-02-15;"Žilinský kraj";230;29921;306;30227;NA;86549;536;2021-02-15;66033
2021-02-14;"Žilinský kraj";30;20568;182;20750;NA;86549;212;2021-02-14;65497
2021-02-13;"Žilinský kraj";91;66071;422;66493;NA;86549;513;2021-02-13;65285
2021-02-12;"Žilinský kraj";242;42686;335;43021;NA;86549;577;2021-02-12;64772
2021-02-11;"Žilinský kraj";228;23525;300;23825;NA;86549;528;2021-02-11;64195
2021-02-10;"Žilinský kraj";259;17434;261;17695;NA;86549;520;2021-02-10;63667
2021-02-09;"Žilinský kraj";377;25112;278;25390;NA;86549;655;2021-02-09;63147
2021-02-08;"Žilinský kraj";160;40993;386;41379;NA;86549;546;2021-02-08;62492
2021-02-07;"Žilinský kraj";24;39137;207;39344;NA;86549;231;2021-02-07;61946
2021-02-06;"Žilinský kraj";71;67159;328;67487;NA;86549;399;2021-02-06;61715
2021-02-05;"Žilinský kraj";248;31472;316;31788;NA;86549;564;2021-02-05;61316
2021-02-04;"Žilinský kraj";238;11839;241;12080;NA;86549;479;2021-02-04;60752
2021-02-03;"Žilinský kraj";194;8904;256;9160;NA;86549;450;2021-02-03;60273
2021-02-02;"Žilinský kraj";216;9774;283;10057;NA;86549;499;2021-02-02;59823
2021-02-01;"Žilinský kraj";220;19113;355;19468;NA;86549;575;2021-02-01;59324
2021-01-31;"Žilinský kraj";11;42;1;43;NA;86549;12;2021-01-31;58749
2021-01-30;"Žilinský kraj";85;15492;158;15650;NA;86549;243;2021-01-30;58737
2021-01-29;"Žilinský kraj";209;22890;304;23194;NA;86549;513;2021-01-29;58494
2021-01-28;"Žilinský kraj";240;5625;175;5800;NA;86549;415;2021-01-28;57981
2021-01-27;"Žilinský kraj";256;7136;123;7259;NA;86549;379;2021-01-27;57566
2021-01-26;"Žilinský kraj";245;49569;343;49912;NA;86549;588;2021-01-26;57187
2021-01-25;"Žilinský kraj";159;18637;131;18768;NA;86549;290;2021-01-25;56599
2021-01-24;"Žilinský kraj";22;31984;138;32122;NA;86549;160;2021-01-24;56309
2021-01-23;"Žilinský kraj";91;88667;395;89062;NA;86549;486;2021-01-23;56149
2021-01-22;"Žilinský kraj";163;27946;229;28175;NA;86549;392;2021-01-22;55663
2021-01-21;"Žilinský kraj";116;18697;172;18869;NA;86549;288;2021-01-21;55271
2021-01-20;"Žilinský kraj";236;17484;171;17655;NA;86549;407;2021-01-20;54983
2021-01-19;"Žilinský kraj";245;17805;405;18210;NA;86549;650;2021-01-19;54576
2021-01-18;"Žilinský kraj";236;12422;330;12752;NA;86549;566;2021-01-18;53926
2021-01-17;"Žilinský kraj";95;113;2;115;NA;86549;97;2021-01-17;53360
2021-01-16;"Žilinský kraj";14;314;8;322;NA;86549;22;2021-01-16;53263
2021-01-15;"Žilinský kraj";248;7309;202;7511;NA;86549;450;2021-01-15;53241
2021-01-14;"Žilinský kraj";166;5553;249;5802;NA;86549;415;2021-01-14;52791
2021-01-13;"Žilinský kraj";247;11239;553;11792;NA;86549;800;2021-01-13;52376
2021-01-12;"Žilinský kraj";376;8740;417;9157;NA;86549;793;2021-01-12;51576
2021-01-11;"Žilinský kraj";351;10286;506;10792;NA;86549;857;2021-01-11;50783
2021-01-10;"Žilinský kraj";38;189;7;196;NA;86549;45;2021-01-10;49926
2021-01-09;"Žilinský kraj";192;1992;85;2077;NA;86549;277;2021-01-09;49881
2021-01-08;"Žilinský kraj";413;9138;495;9633;NA;86549;908;2021-01-08;49604
2021-01-07;"Žilinský kraj";438;23455;1875;25330;NA;86549;2313;2021-01-07;48696
2021-01-06;"Žilinský kraj";145;1338;89;1427;NA;86549;234;2021-01-06;46383
2021-01-05;"Žilinský kraj";717;11067;911;11978;NA;86549;1628;2021-01-05;46149
2021-01-04;"Žilinský kraj";479;9295;945;10240;NA;86549;1424;2021-01-04;44521
2021-01-03;"Žilinský kraj";13;33;4;37;NA;86549;17;2021-01-03;43097
2021-01-02;"Žilinský kraj";98;746;86;832;NA;86549;184;2021-01-02;43080
2021-01-01;"Žilinský kraj";118;552;36;588;NA;86549;154;2021-01-01;42896
2020-12-31;"Žilinský kraj";395;10040;814;10854;NA;86549;1209;2020-12-31;42742
2020-12-30;"Žilinský kraj";1038;11884;839;12723;NA;86549;1877;2020-12-30;41533
2020-12-29;"Žilinský kraj";256;10468;1037;11505;NA;86549;1293;2020-12-29;39656
2020-12-28;"Žilinský kraj";406;10370;988;11358;NA;86549;1394;2020-12-28;38363
2020-12-27;"Žilinský kraj";40;662;80;742;NA;86549;120;2020-12-27;36969
2020-12-26;"Žilinský kraj";135;124;14;138;NA;86549;149;2020-12-26;36849
2020-12-25;"Žilinský kraj";66;111;10;121;NA;86549;76;2020-12-25;36700
2020-12-24;"Žilinský kraj";643;1018;75;1093;NA;86549;718;2020-12-24;36624
2020-12-23;"Žilinský kraj";228;16916;996;17912;NA;86549;1224;2020-12-23;35906
2020-12-22;"Žilinský kraj";519;12916;996;13912;NA;86549;1515;2020-12-22;34682
2020-12-21;"Žilinský kraj";444;12480;1095;13575;NA;86549;1539;2020-12-21;33167
2020-12-20;"Žilinský kraj";36;579;73;652;NA;86549;109;2020-12-20;31628
2020-12-19;"Žilinský kraj";208;2080;144;2224;NA;86549;352;2020-12-19;31519
2020-12-18;"Žilinský kraj";333;6813;395;7208;NA;86549;728;2020-12-18;31167
2020-12-17;"Žilinský kraj";500;4186;278;4464;NA;86549;778;2020-12-17;30439
2020-12-16;"Žilinský kraj";333;4248;298;4546;NA;86549;631;2020-12-16;29661
2020-12-15;"Žilinský kraj";528;4154;377;4531;NA;86549;905;2020-12-15;29030
2020-12-14;"Žilinský kraj";321;4236;350;4586;NA;86549;671;2020-12-14;28125
2020-12-13;"Žilinský kraj";26;515;64;579;NA;86549;90;2020-12-13;27454
2020-12-12;"Žilinský kraj";95;1061;53;1114;NA;86549;148;2020-12-12;27364
2020-12-11;"Žilinský kraj";455;4469;272;4741;NA;86549;727;2020-12-11;27216
2020-12-10;"Žilinský kraj";166;9301;839;10140;NA;86549;1005;2020-12-10;26489
2020-12-09;"Žilinský kraj";392;2218;128;2346;NA;86549;520;2020-12-09;25484
2020-12-08;"Žilinský kraj";331;3209;127;3336;NA;86549;458;2020-12-08;24964
2020-12-07;"Žilinský kraj";348;2274;121;2395;NA;86549;469;2020-12-07;24506
2020-12-06;"Žilinský kraj";15;134;4;138;NA;86549;19;2020-12-06;24037
2020-12-05;"Žilinský kraj";98;1237;45;1282;NA;86549;143;2020-12-05;24018
2020-12-04;"Žilinský kraj";228;2847;120;2967;NA;86549;348;2020-12-04;23875
2020-12-03;"Žilinský kraj";237;1412;119;1531;NA;86549;356;2020-12-03;23527
2020-12-02;"Žilinský kraj";181;1553;82;1635;NA;86549;263;2020-12-02;23171
2020-12-01;"Žilinský kraj";209;6529;309;6838;NA;86549;518;2020-12-01;22908
2020-11-30;"Žilinský kraj";203;5232;291;5523;NA;86549;494;2020-11-30;22390
2020-11-29;"Žilinský kraj";18;81;7;88;NA;86549;25;2020-11-29;21896
2020-11-28;"Žilinský kraj";99;349;15;364;NA;86549;114;2020-11-28;21871
2020-11-27;"Žilinský kraj";218;913;46;959;NA;86549;264;2020-11-27;21757
2020-11-26;"Žilinský kraj";190;1104;57;1161;NA;86549;247;2020-11-26;21493
2020-11-25;"Žilinský kraj";225;1217;49;1266;NA;86549;274;2020-11-25;21246
2020-11-24;"Žilinský kraj";213;2092;67;2159;NA;86549;280;2020-11-24;20972
2020-11-23;"Žilinský kraj";170;759;44;803;NA;86549;214;2020-11-23;20692
2020-11-22;"Žilinský kraj";11;0;0;0;NA;86549;11;2020-11-22;20478
2020-11-21;"Žilinský kraj";61;505;20;525;NA;86549;81;2020-11-21;20467
2020-11-20;"Žilinský kraj";251;1074;45;1119;NA;86549;296;2020-11-20;20386
2020-11-19;"Žilinský kraj";252;752;61;813;NA;86549;313;2020-11-19;20090
2020-11-18;"Žilinský kraj";346;348;15;363;NA;86549;361;2020-11-18;19777
2020-11-17;"Žilinský kraj";123;490;15;505;NA;86549;138;2020-11-17;19416
2020-11-16;"Žilinský kraj";227;206;13;219;NA;86549;240;2020-11-16;19278
2020-11-15;"Žilinský kraj";63;13;0;13;NA;86549;63;2020-11-15;19038
2020-11-14;"Žilinský kraj";189;1038;11;1049;NA;86549;200;2020-11-14;18975
2020-11-13;"Žilinský kraj";181;125;9;134;NA;86549;190;2020-11-13;18775
2020-11-12;"Žilinský kraj";334;79;2;81;NA;86549;336;2020-11-12;18585
2020-11-11;"Žilinský kraj";489;147;10;157;NA;86549;499;2020-11-11;18249
2020-11-10;"Žilinský kraj";374;519;9;528;NA;86549;383;2020-11-10;17750
2020-11-09;"Žilinský kraj";143;2335;30;2365;NA;86549;173;2020-11-09;17367
2020-11-08;"Žilinský kraj";59;2196;35;2231;NA;86549;94;2020-11-08;17194
2020-11-07;"Žilinský kraj";312;8175;88;8263;NA;86549;400;2020-11-07;17100
2020-11-06;"Žilinský kraj";503;4090;38;4128;NA;86549;541;2020-11-06;16700
2020-11-05;"Žilinský kraj";473;64;4;68;NA;86549;477;2020-11-05;16159
2020-11-04;"Žilinský kraj";423;76;7;83;NA;86549;430;2020-11-04;15682
2020-11-03;"Žilinský kraj";688;889;16;905;NA;86549;704;2020-11-03;15252
2020-11-02;"Žilinský kraj";472;1043;39;1082;NA;86549;511;2020-11-02;14548
2020-11-01;"Žilinský kraj";349;5096;130;5226;NA;86549;479;2020-11-01;14037
2020-10-31;"Žilinský kraj";661;7963;203;8166;NA;86549;864;2020-10-31;13558
2020-10-30;"Žilinský kraj";529;2575;61;2636;NA;86549;590;2020-10-30;12694
2020-10-29;"Žilinský kraj";740;503;17;520;NA;86549;757;2020-10-29;12104
2020-10-28;"Žilinský kraj";635;105;11;116;NA;86549;646;2020-10-28;11347
2020-10-27;"Žilinský kraj";355;154;24;178;NA;86549;379;2020-10-27;10701
2020-10-26;"Žilinský kraj";148;117;28;145;NA;86549;176;2020-10-26;10322
2020-10-25;"Žilinský kraj";436;0;0;0;NA;86549;436;2020-10-25;10146
2020-10-24;"Žilinský kraj";803;0;0;0;NA;86549;803;2020-10-24;9710
2020-10-23;"Žilinský kraj";659;102;13;115;NA;86549;672;2020-10-23;8907
2020-10-22;"Žilinský kraj";525;33;3;36;NA;86549;528;2020-10-22;8235
2020-10-21;"Žilinský kraj";478;74;14;88;NA;86549;492;2020-10-21;7707
2020-10-20;"Žilinský kraj";524;127;8;135;NA;86549;532;2020-10-20;7215
2020-10-19;"Žilinský kraj";70;80;12;92;NA;86549;82;2020-10-19;6683
2020-10-18;"Žilinský kraj";159;0;0;0;NA;86549;159;2020-10-18;6601
2020-10-17;"Žilinský kraj";509;0;0;0;NA;86549;509;2020-10-17;6442
2020-10-16;"Žilinský kraj";603;51;9;60;NA;86549;612;2020-10-16;5933
2020-10-15;"Žilinský kraj";679;61;3;64;NA;86549;682;2020-10-15;5321
2020-10-14;"Žilinský kraj";523;269;6;275;NA;86549;529;2020-10-14;4639
2020-10-13;"Žilinský kraj";367;458;40;498;NA;86549;407;2020-10-13;4110
2020-10-12;"Žilinský kraj";62;0;0;0;NA;86549;62;2020-10-12;3703
2020-10-11;"Žilinský kraj";50;0;0;0;NA;86549;50;2020-10-11;3641
2020-10-10;"Žilinský kraj";213;0;0;0;NA;86549;213;2020-10-10;3591
2020-10-09;"Žilinský kraj";543;0;0;0;NA;86549;543;2020-10-09;3378
2020-10-08;"Žilinský kraj";238;0;0;0;NA;86549;238;2020-10-08;2835
2020-10-07;"Žilinský kraj";168;0;0;0;NA;86549;168;2020-10-07;2597
2020-10-06;"Žilinský kraj";233;0;0;0;NA;86549;233;2020-10-06;2429
2020-10-05;"Žilinský kraj";33;0;0;0;NA;86549;33;2020-10-05;2196
2020-10-04;"Žilinský kraj";35;0;0;0;NA;86549;35;2020-10-04;2163
2020-10-03;"Žilinský kraj";155;0;0;0;NA;86549;155;2020-10-03;2128
2020-10-02;"Žilinský kraj";105;0;0;0;NA;86549;105;2020-10-02;1973
2020-10-01;"Žilinský kraj";147;0;0;0;NA;86549;147;2020-10-01;1868
2020-09-30;"Žilinský kraj";163;0;0;0;NA;86549;163;2020-09-30;1721
2020-09-29;"Žilinský kraj";105;0;0;0;NA;86549;105;2020-09-29;1558
2020-09-28;"Žilinský kraj";34;0;0;0;NA;86549;34;2020-09-28;1453
2020-09-27;"Žilinský kraj";108;0;0;0;NA;86549;108;2020-09-27;1419
2020-09-26;"Žilinský kraj";96;0;0;0;NA;86549;96;2020-09-26;1311
2020-09-25;"Žilinský kraj";69;0;0;0;NA;86549;69;2020-09-25;1215
2020-09-24;"Žilinský kraj";100;0;0;0;NA;86549;100;2020-09-24;1146
2020-09-23;"Žilinský kraj";65;0;0;0;NA;86549;65;2020-09-23;1046
2020-09-22;"Žilinský kraj";65;0;0;0;NA;86549;65;2020-09-22;981
2020-09-21;"Žilinský kraj";47;0;0;0;NA;86549;47;2020-09-21;916
2020-09-20;"Žilinský kraj";4;0;0;0;NA;86549;4;2020-09-20;869
2020-09-19;"Žilinský kraj";6;0;0;0;NA;86549;6;2020-09-19;865
2020-09-18;"Žilinský kraj";82;0;0;0;NA;86549;82;2020-09-18;859
2020-09-17;"Žilinský kraj";30;0;0;0;NA;86549;30;2020-09-17;777
2020-09-16;"Žilinský kraj";34;0;0;0;NA;86549;34;2020-09-16;747
2020-09-15;"Žilinský kraj";12;0;0;0;NA;86549;12;2020-09-15;713
2020-09-14;"Žilinský kraj";39;0;0;0;NA;86549;39;2020-09-14;701
2020-09-13;"Žilinský kraj";6;0;0;0;NA;86549;6;2020-09-13;662
2020-09-12;"Žilinský kraj";4;0;0;0;NA;86549;4;2020-09-12;656
2020-09-11;"Žilinský kraj";31;0;0;0;NA;86549;31;2020-09-11;652
2020-09-10;"Žilinský kraj";31;0;0;0;NA;86549;31;2020-09-10;621
2020-09-09;"Žilinský kraj";23;0;0;0;NA;86549;23;2020-09-09;590
2020-09-08;"Žilinský kraj";25;0;0;0;NA;86549;25;2020-09-08;567
2020-09-07;"Žilinský kraj";11;0;0;0;NA;86549;11;2020-09-07;542
2020-09-05;"Žilinský kraj";2;0;0;0;NA;86549;2;2020-09-05;531
2020-09-04;"Žilinský kraj";33;0;0;0;NA;86549;33;2020-09-04;529
2020-09-03;"Žilinský kraj";18;0;0;0;NA;86549;18;2020-09-03;496
2020-09-02;"Žilinský kraj";16;0;0;0;NA;86549;16;2020-09-02;478
2020-09-01;"Žilinský kraj";4;0;0;0;NA;86549;4;2020-09-01;462
2020-08-31;"Žilinský kraj";5;0;0;0;NA;86549;5;2020-08-31;458
2020-08-30;"Žilinský kraj";3;0;0;0;NA;86549;3;2020-08-30;453
2020-08-29;"Žilinský kraj";5;0;0;0;NA;86549;5;2020-08-29;450
2020-08-28;"Žilinský kraj";13;0;0;0;NA;86549;13;2020-08-28;445
2020-08-27;"Žilinský kraj";18;0;0;0;NA;86549;18;2020-08-27;432
2020-08-26;"Žilinský kraj";8;0;0;0;NA;86549;8;2020-08-26;414
2020-08-25;"Žilinský kraj";2;0;0;0;NA;86549;2;2020-08-25;406
2020-08-24;"Žilinský kraj";5;0;0;0;NA;86549;5;2020-08-24;404
2020-08-21;"Žilinský kraj";10;0;0;0;NA;86549;10;2020-08-21;399
2020-08-20;"Žilinský kraj";13;0;0;0;NA;86549;13;2020-08-20;389
2020-08-19;"Žilinský kraj";7;0;0;0;NA;86549;7;2020-08-19;376
2020-08-18;"Žilinský kraj";9;0;0;0;NA;86549;9;2020-08-18;369
2020-08-17;"Žilinský kraj";1;0;0;0;NA;86549;1;2020-08-17;360
2020-08-14;"Žilinský kraj";4;0;0;0;NA;86549;4;2020-08-14;359
2020-08-13;"Žilinský kraj";2;0;0;0;NA;86549;2;2020-08-13;355
2020-08-11;"Žilinský kraj";4;0;0;0;NA;86549;4;2020-08-11;353
2020-08-10;"Žilinský kraj";1;0;0;0;NA;86549;1;2020-08-10;349
2020-08-08;"Žilinský kraj";3;0;0;0;NA;86549;3;2020-08-08;348
2020-08-07;"Žilinský kraj";8;0;0;0;NA;86549;8;2020-08-07;345
2020-08-06;"Žilinský kraj";1;0;0;0;NA;86549;1;2020-08-06;337
2020-08-05;"Žilinský kraj";1;0;0;0;NA;86549;1;2020-08-05;336
2020-08-04;"Žilinský kraj";2;0;0;0;NA;86549;2;2020-08-04;335
2020-08-02;"Žilinský kraj";1;0;0;0;NA;86549;1;2020-08-02;333
2020-07-31;"Žilinský kraj";4;0;0;0;NA;86549;4;2020-07-31;332
2020-07-30;"Žilinský kraj";2;0;0;0;NA;86549;2;2020-07-30;328
2020-07-29;"Žilinský kraj";2;0;0;0;NA;86549;2;2020-07-29;326
2020-07-28;"Žilinský kraj";4;0;0;0;NA;86549;4;2020-07-28;324
2020-07-27;"Žilinský kraj";6;0;0;0;NA;86549;6;2020-07-27;320
2020-07-24;"Žilinský kraj";2;0;0;0;NA;86549;2;2020-07-24;314
2020-07-22;"Žilinský kraj";1;0;0;0;NA;86549;1;2020-07-22;312
2020-07-21;"Žilinský kraj";2;0;0;0;NA;86549;2;2020-07-21;311
2020-07-20;"Žilinský kraj";3;0;0;0;NA;86549;3;2020-07-20;309
2020-07-17;"Žilinský kraj";2;0;0;0;NA;86549;2;2020-07-17;306
2020-07-16;"Žilinský kraj";2;0;0;0;NA;86549;2;2020-07-16;304
2020-07-15;"Žilinský kraj";2;0;0;0;NA;86549;2;2020-07-15;302
2020-07-14;"Žilinský kraj";1;0;0;0;NA;86549;1;2020-07-14;300
2020-07-11;"Žilinský kraj";2;0;0;0;NA;86549;2;2020-07-11;299
2020-07-10;"Žilinský kraj";3;0;0;0;NA;86549;3;2020-07-10;297
2020-07-09;"Žilinský kraj";2;0;0;0;NA;86549;2;2020-07-09;294
2020-07-08;"Žilinský kraj";10;0;0;0;NA;86549;10;2020-07-08;292
2020-07-07;"Žilinský kraj";7;0;0;0;NA;86549;7;2020-07-07;282
2020-07-04;"Žilinský kraj";10;0;0;0;NA;86549;10;2020-07-04;275
2020-07-03;"Žilinský kraj";18;0;0;0;NA;86549;18;2020-07-03;265
2020-07-02;"Žilinský kraj";7;0;0;0;NA;86549;7;2020-07-02;247
2020-06-30;"Žilinský kraj";4;0;0;0;NA;86549;4;2020-06-30;240
2020-06-28;"Žilinský kraj";1;0;0;0;NA;86549;1;2020-06-28;236
2020-06-27;"Žilinský kraj";3;0;0;0;NA;86549;3;2020-06-27;235
2020-06-26;"Žilinský kraj";5;0;0;0;NA;86549;5;2020-06-26;232
2020-06-25;"Žilinský kraj";7;0;0;0;NA;86549;7;2020-06-25;227
2020-06-24;"Žilinský kraj";11;0;0;0;NA;86549;11;2020-06-24;220
2020-06-23;"Žilinský kraj";9;0;0;0;NA;86549;9;2020-06-23;209
2020-06-21;"Žilinský kraj";1;0;0;0;NA;86549;1;2020-06-21;200
2020-06-20;"Žilinský kraj";1;0;0;0;NA;86549;1;2020-06-20;199
2020-06-19;"Žilinský kraj";4;0;0;0;NA;86549;4;2020-06-19;198
2020-06-18;"Žilinský kraj";1;0;0;0;NA;86549;1;2020-06-18;194
2020-06-16;"Žilinský kraj";1;0;0;0;NA;86549;1;2020-06-16;193
2020-06-09;"Žilinský kraj";1;0;0;0;NA;86549;1;2020-06-09;192
2020-05-27;"Žilinský kraj";1;0;0;0;NA;86549;1;2020-05-27;191
2020-05-26;"Žilinský kraj";1;0;0;0;NA;86549;1;2020-05-26;190
2020-05-19;"Žilinský kraj";1;0;0;0;NA;86549;1;2020-05-19;189
2020-05-06;"Žilinský kraj";2;0;0;0;NA;86549;2;2020-05-06;188
2020-05-05;"Žilinský kraj";3;0;0;0;NA;86549;3;2020-05-05;186
2020-05-04;"Žilinský kraj";3;0;0;0;NA;86549;3;2020-05-04;183
2020-05-03;"Žilinský kraj";1;0;0;0;NA;86549;1;2020-05-03;180
2020-05-01;"Žilinský kraj";1;0;0;0;NA;86549;1;2020-05-01;179
2020-04-25;"Žilinský kraj";2;0;0;0;NA;86549;2;2020-04-25;178
2020-04-24;"Žilinský kraj";1;0;0;0;NA;86549;1;2020-04-24;176
2020-04-23;"Žilinský kraj";2;0;0;0;NA;86549;2;2020-04-23;175
2020-04-22;"Žilinský kraj";9;0;0;0;NA;86549;9;2020-04-22;173
2020-04-21;"Žilinský kraj";1;0;0;0;NA;86549;1;2020-04-21;164
2020-04-20;"Žilinský kraj";4;0;0;0;NA;86549;4;2020-04-20;163
2020-04-18;"Žilinský kraj";49;0;0;0;NA;86549;49;2020-04-18;159
2020-04-17;"Žilinský kraj";3;0;0;0;NA;86549;3;2020-04-17;110
2020-04-16;"Žilinský kraj";4;0;0;0;NA;86549;4;2020-04-16;107
2020-04-15;"Žilinský kraj";7;0;0;0;NA;86549;7;2020-04-15;103
2020-04-14;"Žilinský kraj";1;0;0;0;NA;86549;1;2020-04-14;96
2020-04-13;"Žilinský kraj";2;0;0;0;NA;86549;2;2020-04-13;95
2020-04-12;"Žilinský kraj";5;0;0;0;NA;86549;5;2020-04-12;93
2020-04-11;"Žilinský kraj";2;0;0;0;NA;86549;2;2020-04-11;88
2020-04-10;"Žilinský kraj";1;0;0;0;NA;86549;1;2020-04-10;86
2020-04-09;"Žilinský kraj";1;0;0;0;NA;86549;1;2020-04-09;85
2020-04-08;"Žilinský kraj";3;0;0;0;NA;86549;3;2020-04-08;84
2020-04-07;"Žilinský kraj";5;0;0;0;NA;86549;5;2020-04-07;81
2020-04-06;"Žilinský kraj";6;0;0;0;NA;86549;6;2020-04-06;76
2020-04-05;"Žilinský kraj";8;0;0;0;NA;86549;8;2020-04-05;70
2020-04-03;"Žilinský kraj";3;0;0;0;NA;86549;3;2020-04-03;62
2020-04-02;"Žilinský kraj";5;0;0;0;NA;86549;5;2020-04-02;59
2020-04-01;"Žilinský kraj";4;0;0;0;NA;86549;4;2020-04-01;54
2020-03-31;"Žilinský kraj";1;0;0;0;NA;86549;1;2020-03-31;50
2020-03-30;"Žilinský kraj";3;0;0;0;NA;86549;3;2020-03-30;49
2020-03-28;"Žilinský kraj";1;0;0;0;NA;86549;1;2020-03-28;46
2020-03-27;"Žilinský kraj";9;0;0;0;NA;86549;9;2020-03-27;45
2020-03-26;"Žilinský kraj";4;0;0;0;NA;86549;4;2020-03-26;36
2020-03-25;"Žilinský kraj";1;0;0;0;NA;86549;1;2020-03-25;32
2020-03-24;"Žilinský kraj";2;0;0;0;NA;86549;2;2020-03-24;31
2020-03-23;"Žilinský kraj";3;0;0;0;NA;86549;3;2020-03-23;29
2020-03-22;"Žilinský kraj";1;0;0;0;NA;86549;1;2020-03-22;26
2020-03-21;"Žilinský kraj";2;0;0;0;NA;86549;2;2020-03-21;25
2020-03-20;"Žilinský kraj";4;0;0;0;NA;86549;4;2020-03-20;23
2020-03-19;"Žilinský kraj";2;0;0;0;NA;86549;2;2020-03-19;19
2020-03-18;"Žilinský kraj";1;0;0;0;NA;86549;1;2020-03-18;17
2020-03-17;"Žilinský kraj";5;0;0;0;NA;86549;5;2020-03-17;16
2020-03-16;"Žilinský kraj";1;0;0;0;NA;86549;1;2020-03-16;11
2020-03-15;"Žilinský kraj";2;0;0;0;NA;86549;2;2020-03-15;10
2020-03-14;"Žilinský kraj";1;0;0;0;NA;86549;1;2020-03-14;8
2020-03-13;"Žilinský kraj";5;0;0;0;NA;86549;5;2020-03-13;7
2020-03-12;"Žilinský kraj";1;0;0;0;NA;86549;1;2020-03-12;2
2020-03-09;"Žilinský kraj";1;0;0;0;NA;86549;1;2020-03-09;1
