"Datum";"Region";"PCR_Pos";"Ag_Neg";"Ag_Pos";"Total";"Pocet.potvrdenych";"Potvrdenych";"newcases";"date";"positive"
2021-04-28;"Banskobystrický kraj";66;14610;178;14788;37075;81282;244;2021-04-28;81282
2021-04-27;"Banskobystrický kraj";57;18992;73;19065;NA;81282;130;2021-04-27;81038
2021-04-26;"Banskobystrický kraj";21;28464;101;28565;NA;81282;122;2021-04-26;80908
2021-04-25;"Banskobystrický kraj";14;39844;106;39950;NA;81282;120;2021-04-25;80786
2021-04-24;"Banskobystrický kraj";39;51623;98;51721;NA;81282;137;2021-04-24;80666
2021-04-23;"Banskobystrický kraj";60;38231;88;38319;NA;81282;148;2021-04-23;80529
2021-04-22;"Banskobystrický kraj";36;17287;57;17344;NA;81282;93;2021-04-22;80381
2021-04-21;"Banskobystrický kraj";58;19188;94;19282;NA;81282;152;2021-04-21;80288
2021-04-20;"Banskobystrický kraj";87;20973;98;21071;NA;81282;185;2021-04-20;80136
2021-04-19;"Banskobystrický kraj";18;31418;105;31523;NA;81282;123;2021-04-19;79951
2021-04-18;"Banskobystrický kraj";15;42910;90;43000;NA;81282;105;2021-04-18;79828
2021-04-17;"Banskobystrický kraj";40;64939;92;65031;NA;81282;132;2021-04-17;79723
2021-04-16;"Banskobystrický kraj";50;37286;100;37386;NA;81282;150;2021-04-16;79591
2021-04-15;"Banskobystrický kraj";43;20117;83;20200;NA;81282;126;2021-04-15;79441
2021-04-14;"Banskobystrický kraj";43;21257;86;21343;NA;81282;129;2021-04-14;79315
2021-04-13;"Banskobystrický kraj";90;22644;76;22720;NA;81282;166;2021-04-13;79186
2021-04-12;"Banskobystrický kraj";26;32245;130;32375;NA;81282;156;2021-04-12;79020
2021-04-11;"Banskobystrický kraj";0;41367;88;41455;NA;81282;88;2021-04-11;78864
2021-04-10;"Banskobystrický kraj";56;65145;143;65288;NA;81282;199;2021-04-10;78776
2021-04-09;"Banskobystrický kraj";64;31462;118;31580;NA;81282;182;2021-04-09;78577
2021-04-08;"Banskobystrický kraj";74;18409;107;18516;NA;81282;181;2021-04-08;78395
2021-04-07;"Banskobystrický kraj";143;25211;95;25306;NA;81282;238;2021-04-07;78214
2021-04-06;"Banskobystrický kraj";57;42484;187;42671;NA;81282;244;2021-04-06;77976
2021-04-05;"Banskobystrický kraj";13;11837;87;11924;NA;81282;100;2021-04-05;77732
2021-04-04;"Banskobystrický kraj";24;19683;79;19762;NA;81282;103;2021-04-04;77632
2021-04-03;"Banskobystrický kraj";5;72391;211;72602;NA;81282;216;2021-04-03;77529
2021-04-02;"Banskobystrický kraj";70;13455;66;13521;NA;81282;136;2021-04-02;77313
2021-04-01;"Banskobystrický kraj";104;38827;200;39027;NA;81282;304;2021-04-01;77177
2021-03-31;"Banskobystrický kraj";91;25543;161;25704;NA;81282;252;2021-03-31;76873
2021-03-30;"Banskobystrický kraj";127;21439;159;21598;NA;81282;286;2021-03-30;76621
2021-03-29;"Banskobystrický kraj";58;29551;218;29769;NA;81282;276;2021-03-29;76335
2021-03-28;"Banskobystrický kraj";24;40610;189;40799;NA;81282;213;2021-03-28;76059
2021-03-27;"Banskobystrický kraj";85;64121;260;64381;NA;81282;345;2021-03-27;75846
2021-03-26;"Banskobystrický kraj";79;43397;240;43637;NA;81282;319;2021-03-26;75501
2021-03-25;"Banskobystrický kraj";91;21589;240;21829;NA;81282;331;2021-03-25;75182
2021-03-24;"Banskobystrický kraj";146;19319;227;19546;NA;81282;373;2021-03-24;74851
2021-03-23;"Banskobystrický kraj";185;21398;257;21655;NA;81282;442;2021-03-23;74478
2021-03-22;"Banskobystrický kraj";46;30418;274;30692;NA;81282;320;2021-03-22;74036
2021-03-21;"Banskobystrický kraj";30;40039;280;40319;NA;81282;310;2021-03-21;73716
2021-03-20;"Banskobystrický kraj";113;67730;383;68113;NA;81282;496;2021-03-20;73406
2021-03-19;"Banskobystrický kraj";179;44041;307;44348;NA;81282;486;2021-03-19;72910
2021-03-18;"Banskobystrický kraj";111;21727;273;22000;NA;81282;384;2021-03-18;72424
2021-03-17;"Banskobystrický kraj";196;21573;245;21818;NA;81282;441;2021-03-17;72040
2021-03-16;"Banskobystrický kraj";243;23595;224;23819;NA;81282;467;2021-03-16;71599
2021-03-15;"Banskobystrický kraj";75;31133;364;31497;NA;81282;439;2021-03-15;71132
2021-03-14;"Banskobystrický kraj";39;40650;229;40879;NA;81282;268;2021-03-14;70693
2021-03-13;"Banskobystrický kraj";203;67167;391;67558;NA;81282;594;2021-03-13;70425
2021-03-12;"Banskobystrický kraj";147;41485;330;41815;NA;81282;477;2021-03-12;69831
2021-03-11;"Banskobystrický kraj";176;21337;272;21609;NA;81282;448;2021-03-11;69354
2021-03-10;"Banskobystrický kraj";181;20381;238;20619;NA;81282;419;2021-03-10;68906
2021-03-09;"Banskobystrický kraj";310;21790;284;22074;NA;81282;594;2021-03-09;68487
2021-03-08;"Banskobystrický kraj";151;31488;427;31915;NA;81282;578;2021-03-08;67893
2021-03-07;"Banskobystrický kraj";49;39083;295;39378;NA;81282;344;2021-03-07;67315
2021-03-06;"Banskobystrický kraj";164;70562;410;70972;NA;81282;574;2021-03-06;66971
2021-03-05;"Banskobystrický kraj";195;42137;388;42525;NA;81282;583;2021-03-05;66397
2021-03-04;"Banskobystrický kraj";178;21607;334;21941;NA;81282;512;2021-03-04;65814
2021-03-03;"Banskobystrický kraj";239;21949;331;22280;NA;81282;570;2021-03-03;65302
2021-03-02;"Banskobystrický kraj";254;22602;354;22956;NA;81282;608;2021-03-02;64732
2021-03-01;"Banskobystrický kraj";93;31773;434;32207;NA;81282;527;2021-03-01;64124
2021-02-28;"Banskobystrický kraj";43;38313;336;38649;NA;81282;379;2021-02-28;63597
2021-02-27;"Banskobystrický kraj";283;66713;529;67242;NA;81282;812;2021-02-27;63218
2021-02-26;"Banskobystrický kraj";274;39553;468;40021;NA;81282;742;2021-02-26;62406
2021-02-25;"Banskobystrický kraj";330;17767;368;18135;NA;81282;698;2021-02-25;61664
2021-02-24;"Banskobystrický kraj";264;16760;374;17134;NA;81282;638;2021-02-24;60966
2021-02-23;"Banskobystrický kraj";397;19528;439;19967;NA;81282;836;2021-02-23;60328
2021-02-22;"Banskobystrický kraj";53;28684;601;29285;NA;81282;654;2021-02-22;59492
2021-02-21;"Banskobystrický kraj";66;37464;437;37901;NA;81282;503;2021-02-21;58838
2021-02-20;"Banskobystrický kraj";277;68890;599;69489;NA;81282;876;2021-02-20;58335
2021-02-19;"Banskobystrický kraj";347;39674;513;40187;NA;81282;860;2021-02-19;57459
2021-02-18;"Banskobystrický kraj";200;18661;398;19059;NA;81282;598;2021-02-18;56599
2021-02-17;"Banskobystrický kraj";337;16338;389;16727;NA;81282;726;2021-02-17;56001
2021-02-16;"Banskobystrický kraj";324;19955;369;20324;NA;81282;693;2021-02-16;55275
2021-02-15;"Banskobystrický kraj";92;35843;591;36434;NA;81282;683;2021-02-15;54582
2021-02-14;"Banskobystrický kraj";60;31894;386;32280;NA;81282;446;2021-02-14;53899
2021-02-13;"Banskobystrický kraj";202;53889;492;54381;NA;81282;694;2021-02-13;53453
2021-02-12;"Banskobystrický kraj";275;36620;533;37153;NA;81282;808;2021-02-12;52759
2021-02-11;"Banskobystrický kraj";280;20743;384;21127;NA;81282;664;2021-02-11;51951
2021-02-10;"Banskobystrický kraj";290;14790;344;15134;NA;81282;634;2021-02-10;51287
2021-02-09;"Banskobystrický kraj";310;18560;362;18922;NA;81282;672;2021-02-09;50653
2021-02-08;"Banskobystrický kraj";92;46675;671;47346;NA;81282;763;2021-02-08;49981
2021-02-07;"Banskobystrický kraj";67;37239;333;37572;NA;81282;400;2021-02-07;49218
2021-02-06;"Banskobystrický kraj";173;69655;570;70225;NA;81282;743;2021-02-06;48818
2021-02-05;"Banskobystrický kraj";255;24252;360;24612;NA;81282;615;2021-02-05;48075
2021-02-04;"Banskobystrický kraj";219;13384;429;13813;NA;81282;648;2021-02-04;47460
2021-02-03;"Banskobystrický kraj";301;9299;253;9552;NA;81282;554;2021-02-03;46812
2021-02-02;"Banskobystrický kraj";252;15572;332;15904;NA;81282;584;2021-02-02;46258
2021-02-01;"Banskobystrický kraj";69;24723;496;25219;NA;81282;565;2021-02-01;45674
2021-01-31;"Banskobystrický kraj";33;19983;201;20184;NA;81282;234;2021-01-31;45109
2021-01-30;"Banskobystrický kraj";162;64086;525;64611;NA;81282;687;2021-01-30;44875
2021-01-29;"Banskobystrický kraj";174;17174;267;17441;NA;81282;441;2021-01-29;44188
2021-01-28;"Banskobystrický kraj";194;14033;368;14401;NA;81282;562;2021-01-28;43747
2021-01-27;"Banskobystrický kraj";185;8010;200;8210;NA;81282;385;2021-01-27;43185
2021-01-26;"Banskobystrický kraj";221;19616;283;19899;NA;81282;504;2021-01-26;42800
2021-01-25;"Banskobystrický kraj";67;33456;412;33868;NA;81282;479;2021-01-25;42296
2021-01-24;"Banskobystrický kraj";35;35586;277;35863;NA;81282;312;2021-01-24;41817
2021-01-23;"Banskobystrický kraj";133;88520;525;89045;NA;81282;658;2021-01-23;41505
2021-01-22;"Banskobystrický kraj";154;26917;359;27276;NA;81282;513;2021-01-22;40847
2021-01-21;"Banskobystrický kraj";171;16851;285;17136;NA;81282;456;2021-01-21;40334
2021-01-20;"Banskobystrický kraj";181;9148;188;9336;NA;81282;369;2021-01-20;39878
2021-01-19;"Banskobystrický kraj";177;10493;308;10801;NA;81282;485;2021-01-19;39509
2021-01-18;"Banskobystrický kraj";88;5870;349;6219;NA;81282;437;2021-01-18;39024
2021-01-17;"Banskobystrický kraj";101;8154;77;8231;NA;81282;178;2021-01-17;38587
2021-01-16;"Banskobystrický kraj";58;2274;57;2331;NA;81282;115;2021-01-16;38409
2021-01-15;"Banskobystrický kraj";163;7673;217;7890;NA;81282;380;2021-01-15;38294
2021-01-14;"Banskobystrický kraj";166;5760;325;6085;NA;81282;491;2021-01-14;37914
2021-01-13;"Banskobystrický kraj";215;5974;217;6191;NA;81282;432;2021-01-13;37423
2021-01-12;"Banskobystrický kraj";153;6808;299;7107;NA;81282;452;2021-01-12;36991
2021-01-11;"Banskobystrický kraj";70;8231;481;8712;NA;81282;551;2021-01-11;36539
2021-01-10;"Banskobystrický kraj";100;233;4;237;NA;81282;104;2021-01-10;35988
2021-01-09;"Banskobystrický kraj";292;2378;81;2459;NA;81282;373;2021-01-09;35884
2021-01-08;"Banskobystrický kraj";342;9677;443;10120;NA;81282;785;2021-01-08;35511
2021-01-07;"Banskobystrický kraj";126;6322;366;6688;NA;81282;492;2021-01-07;34726
2021-01-06;"Banskobystrický kraj";286;3124;185;3309;NA;81282;471;2021-01-06;34234
2021-01-05;"Banskobystrický kraj";321;7349;533;7882;NA;81282;854;2021-01-05;33763
2021-01-04;"Banskobystrický kraj";103;7083;700;7783;NA;81282;803;2021-01-04;32909
2021-01-03;"Banskobystrický kraj";193;320;19;339;NA;81282;212;2021-01-03;32106
2021-01-02;"Banskobystrický kraj";120;702;85;787;NA;81282;205;2021-01-02;31894
2021-01-01;"Banskobystrický kraj";219;1958;132;2090;NA;81282;351;2021-01-01;31689
2020-12-31;"Banskobystrický kraj";429;7379;633;8012;NA;81282;1062;2020-12-31;31338
2020-12-30;"Banskobystrický kraj";499;7670;557;8227;NA;81282;1056;2020-12-30;30276
2020-12-29;"Banskobystrický kraj";192;7955;664;8619;NA;81282;856;2020-12-29;29220
2020-12-28;"Banskobystrický kraj";106;6098;711;6809;NA;81282;817;2020-12-28;28364
2020-12-27;"Banskobystrický kraj";113;541;25;566;NA;81282;138;2020-12-27;27547
2020-12-26;"Banskobystrický kraj";61;295;35;330;NA;81282;96;2020-12-26;27409
2020-12-25;"Banskobystrický kraj";64;313;10;323;NA;81282;74;2020-12-25;27313
2020-12-24;"Banskobystrický kraj";410;3685;135;3820;NA;81282;545;2020-12-24;27239
2020-12-23;"Banskobystrický kraj";289;10116;507;10623;NA;81282;796;2020-12-23;26694
2020-12-22;"Banskobystrický kraj";254;8449;624;9073;NA;81282;878;2020-12-22;25898
2020-12-21;"Banskobystrický kraj";215;4896;448;5344;NA;81282;663;2020-12-21;25020
2020-12-20;"Banskobystrický kraj";151;249;14;263;NA;81282;165;2020-12-20;24357
2020-12-19;"Banskobystrický kraj";168;3059;138;3197;NA;81282;306;2020-12-19;24192
2020-12-18;"Banskobystrický kraj";358;5965;324;6289;NA;81282;682;2020-12-18;23886
2020-12-17;"Banskobystrický kraj";325;8716;656;9372;NA;81282;981;2020-12-17;23204
2020-12-16;"Banskobystrický kraj";288;10202;560;10762;NA;81282;848;2020-12-16;22223
2020-12-15;"Banskobystrický kraj";226;5425;433;5858;NA;81282;659;2020-12-15;21375
2020-12-14;"Banskobystrický kraj";95;3897;259;4156;NA;81282;354;2020-12-14;20716
2020-12-13;"Banskobystrický kraj";118;142;1;143;NA;81282;119;2020-12-13;20362
2020-12-12;"Banskobystrický kraj";135;2714;138;2852;NA;81282;273;2020-12-12;20243
2020-12-11;"Banskobystrický kraj";407;6587;374;6961;NA;81282;781;2020-12-11;19970
2020-12-10;"Banskobystrický kraj";228;5204;355;5559;NA;81282;583;2020-12-10;19189
2020-12-09;"Banskobystrický kraj";258;3850;213;4063;NA;81282;471;2020-12-09;18606
2020-12-08;"Banskobystrický kraj";221;3787;276;4063;NA;81282;497;2020-12-08;18135
2020-12-07;"Banskobystrický kraj";117;2380;156;2536;NA;81282;273;2020-12-07;17638
2020-12-06;"Banskobystrický kraj";120;507;11;518;NA;81282;131;2020-12-06;17365
2020-12-05;"Banskobystrický kraj";103;1099;34;1133;NA;81282;137;2020-12-05;17234
2020-12-04;"Banskobystrický kraj";299;3828;174;4002;NA;81282;473;2020-12-04;17097
2020-12-03;"Banskobystrický kraj";204;3193;234;3427;NA;81282;438;2020-12-03;16624
2020-12-02;"Banskobystrický kraj";175;4442;186;4628;NA;81282;361;2020-12-02;16186
2020-12-01;"Banskobystrický kraj";151;2702;134;2836;NA;81282;285;2020-12-01;15825
2020-11-30;"Banskobystrický kraj";62;4484;257;4741;NA;81282;319;2020-11-30;15540
2020-11-29;"Banskobystrický kraj";18;208;7;215;NA;81282;25;2020-11-29;15221
2020-11-28;"Banskobystrický kraj";74;1408;55;1463;NA;81282;129;2020-11-28;15196
2020-11-27;"Banskobystrický kraj";190;2266;123;2389;NA;81282;313;2020-11-27;15067
2020-11-26;"Banskobystrický kraj";166;2124;93;2217;NA;81282;259;2020-11-26;14754
2020-11-25;"Banskobystrický kraj";101;1952;86;2038;NA;81282;187;2020-11-25;14495
2020-11-24;"Banskobystrický kraj";148;2566;69;2635;NA;81282;217;2020-11-24;14308
2020-11-23;"Banskobystrický kraj";64;10240;194;10434;NA;81282;258;2020-11-23;14091
2020-11-22;"Banskobystrický kraj";33;104;1;105;NA;81282;34;2020-11-22;13833
2020-11-21;"Banskobystrický kraj";51;904;14;918;NA;81282;65;2020-11-21;13799
2020-11-20;"Banskobystrický kraj";106;2005;107;2112;NA;81282;213;2020-11-20;13734
2020-11-19;"Banskobystrický kraj";150;1218;82;1300;NA;81282;232;2020-11-19;13521
2020-11-18;"Banskobystrický kraj";135;698;65;763;NA;81282;200;2020-11-18;13289
2020-11-17;"Banskobystrický kraj";50;578;35;613;NA;81282;85;2020-11-17;13089
2020-11-16;"Banskobystrický kraj";88;470;25;495;NA;81282;113;2020-11-16;13004
2020-11-15;"Banskobystrický kraj";52;301;4;305;NA;81282;56;2020-11-15;12891
2020-11-14;"Banskobystrický kraj";72;305;2;307;NA;81282;74;2020-11-14;12835
2020-11-13;"Banskobystrický kraj";142;552;11;563;NA;81282;153;2020-11-13;12761
2020-11-12;"Banskobystrický kraj";202;952;44;996;NA;81282;246;2020-11-12;12608
2020-11-11;"Banskobystrický kraj";193;437;9;446;NA;81282;202;2020-11-11;12362
2020-11-10;"Banskobystrický kraj";233;463;18;481;NA;81282;251;2020-11-10;12160
2020-11-09;"Banskobystrický kraj";67;2678;31;2709;NA;81282;98;2020-11-09;11909
2020-11-08;"Banskobystrický kraj";81;981;16;997;NA;81282;97;2020-11-08;11811
2020-11-07;"Banskobystrický kraj";158;8828;94;8922;NA;81282;252;2020-11-07;11714
2020-11-06;"Banskobystrický kraj";211;2496;16;2512;NA;81282;227;2020-11-06;11462
2020-11-05;"Banskobystrický kraj";229;290;33;323;NA;81282;262;2020-11-05;11235
2020-11-04;"Banskobystrický kraj";245;1366;13;1379;NA;81282;258;2020-11-04;10973
2020-11-03;"Banskobystrický kraj";220;1332;4;1336;NA;81282;224;2020-11-03;10715
2020-11-02;"Banskobystrický kraj";85;2909;65;2974;NA;81282;150;2020-11-02;10491
2020-11-01;"Banskobystrický kraj";99;2671;42;2713;NA;81282;141;2020-11-01;10341
2020-10-31;"Banskobystrický kraj";163;13516;116;13632;NA;81282;279;2020-10-31;10200
2020-10-30;"Banskobystrický kraj";221;2829;20;2849;NA;81282;241;2020-10-30;9921
2020-10-29;"Banskobystrický kraj";345;969;42;1011;NA;81282;387;2020-10-29;9680
2020-10-28;"Banskobystrický kraj";248;302;30;332;NA;81282;278;2020-10-28;9293
2020-10-27;"Banskobystrický kraj";185;654;40;694;NA;81282;225;2020-10-27;9015
2020-10-26;"Banskobystrický kraj";35;234;29;263;NA;81282;64;2020-10-26;8790
2020-10-25;"Banskobystrický kraj";48;140;11;151;NA;81282;59;2020-10-25;8726
2020-10-24;"Banskobystrický kraj";218;114;12;126;NA;81282;230;2020-10-24;8667
2020-10-23;"Banskobystrický kraj";217;230;29;259;NA;81282;246;2020-10-23;8437
2020-10-22;"Banskobystrický kraj";175;253;24;277;NA;81282;199;2020-10-22;8191
2020-10-21;"Banskobystrický kraj";144;266;3;269;NA;81282;147;2020-10-21;7992
2020-10-20;"Banskobystrický kraj";166;66;3;69;NA;81282;169;2020-10-20;7845
2020-10-19;"Banskobystrický kraj";26;73;12;85;NA;81282;38;2020-10-19;7676
2020-10-18;"Banskobystrický kraj";48;0;0;0;NA;81282;48;2020-10-18;7638
2020-10-17;"Banskobystrický kraj";59;0;0;0;NA;81282;59;2020-10-17;7590
2020-10-16;"Banskobystrický kraj";183;37;3;40;NA;81282;186;2020-10-16;7531
2020-10-15;"Banskobystrický kraj";97;29;1;30;NA;81282;98;2020-10-15;7345
2020-10-14;"Banskobystrický kraj";115;31;1;32;NA;81282;116;2020-10-14;7247
2020-10-13;"Banskobystrický kraj";117;169;11;180;NA;81282;128;2020-10-13;7131
2020-10-12;"Banskobystrický kraj";10;110;4;114;NA;81282;14;2020-10-12;7003
2020-10-11;"Banskobystrický kraj";13;0;0;0;NA;81282;13;2020-10-11;6989
2020-10-10;"Banskobystrický kraj";46;0;0;0;NA;81282;46;2020-10-10;6976
2020-10-09;"Banskobystrický kraj";92;0;0;0;NA;81282;92;2020-10-09;6930
2020-10-08;"Banskobystrický kraj";84;0;0;0;NA;81282;84;2020-10-08;6838
2020-10-07;"Banskobystrický kraj";71;0;0;0;NA;81282;71;2020-10-07;6754
2020-10-06;"Banskobystrický kraj";58;0;0;0;NA;81282;58;2020-10-06;6683
2020-10-05;"Banskobystrický kraj";47;0;0;0;NA;81282;47;2020-10-05;6625
2020-10-04;"Banskobystrický kraj";8;0;0;0;NA;81282;8;2020-10-04;6578
2020-10-03;"Banskobystrický kraj";29;0;0;0;NA;81282;29;2020-10-03;6570
2020-10-02;"Banskobystrický kraj";55;0;0;0;NA;81282;55;2020-10-02;6541
2020-10-01;"Banskobystrický kraj";39;0;0;0;NA;81282;39;2020-10-01;6486
2020-09-30;"Banskobystrický kraj";47;0;0;0;NA;81282;47;2020-09-30;6447
2020-09-29;"Banskobystrický kraj";23;0;0;0;NA;81282;23;2020-09-29;6400
2020-09-28;"Banskobystrický kraj";0;0;0;0;NA;81282;0;2020-09-28;6377
2020-09-27;"Banskobystrický kraj";17;0;0;0;NA;81282;17;2020-09-27;6377
2020-09-26;"Banskobystrický kraj";24;0;0;0;NA;81282;24;2020-09-26;6360
2020-09-25;"Banskobystrický kraj";24;0;0;0;NA;81282;24;2020-09-25;6336
2020-09-24;"Banskobystrický kraj";23;0;0;0;NA;81282;23;2020-09-24;6312
2020-09-23;"Banskobystrický kraj";12;0;0;0;NA;81282;12;2020-09-23;6289
2020-09-22;"Banskobystrický kraj";21;0;0;0;NA;81282;21;2020-09-22;6277
2020-09-21;"Banskobystrický kraj";3;0;0;0;NA;81282;3;2020-09-21;6256
2020-09-20;"Banskobystrický kraj";0;0;0;0;NA;81282;0;2020-09-20;6253
2020-09-19;"Banskobystrický kraj";3;0;0;0;NA;81282;3;2020-09-19;6253
2020-09-18;"Banskobystrický kraj";15;0;0;0;NA;81282;15;2020-09-18;6250
2020-09-17;"Banskobystrický kraj";12;0;0;0;NA;81282;12;2020-09-17;6235
2020-09-16;"Banskobystrický kraj";5;0;0;0;NA;81282;5;2020-09-16;6223
2020-09-15;"Banskobystrický kraj";2;0;0;0;NA;81282;2;2020-09-15;6218
2020-09-14;"Banskobystrický kraj";8;0;0;0;NA;81282;8;2020-09-14;6216
2020-09-13;"Banskobystrický kraj";1;0;0;0;NA;81282;1;2020-09-13;6208
2020-09-12;"Banskobystrický kraj";4;0;0;0;NA;81282;4;2020-09-12;6207
2020-09-11;"Banskobystrický kraj";8;0;0;0;NA;81282;8;2020-09-11;6203
2020-09-10;"Banskobystrický kraj";8;0;0;0;NA;81282;8;2020-09-10;6195
2020-09-09;"Banskobystrický kraj";1;0;0;0;NA;81282;1;2020-09-09;6187
2020-09-08;"Banskobystrický kraj";4;0;0;0;NA;81282;4;2020-09-08;6186
2020-09-07;"Banskobystrický kraj";2;0;0;0;NA;81282;2;2020-09-07;6182
2020-09-06;"Banskobystrický kraj";0;0;0;0;NA;81282;0;2020-09-06;6180
2020-09-05;"Banskobystrický kraj";0;0;0;0;NA;81282;0;2020-09-05;6180
2020-09-04;"Banskobystrický kraj";4;0;0;0;NA;81282;4;2020-09-04;6180
2020-09-03;"Banskobystrický kraj";5;0;0;0;NA;81282;5;2020-09-03;6176
2020-09-02;"Banskobystrický kraj";6;0;0;0;NA;81282;6;2020-09-02;6171
2020-09-01;"Banskobystrický kraj";2;0;0;0;NA;81282;2;2020-09-01;6165
2020-08-31;"Banskobystrický kraj";5;0;0;0;NA;81282;5;2020-08-31;6163
2020-08-30;"Banskobystrický kraj";0;0;0;0;NA;81282;0;2020-08-30;6158
2020-08-29;"Banskobystrický kraj";1;0;0;0;NA;81282;1;2020-08-29;6158
2020-08-28;"Banskobystrický kraj";2;0;0;0;NA;81282;2;2020-08-28;6157
2020-08-27;"Banskobystrický kraj";1;0;0;0;NA;81282;1;2020-08-27;6155
2020-08-26;"Banskobystrický kraj";2;0;0;0;NA;81282;2;2020-08-26;6154
2020-08-25;"Banskobystrický kraj";2;0;0;0;NA;81282;2;2020-08-25;6152
2020-08-24;"Banskobystrický kraj";0;0;0;0;NA;81282;0;2020-08-24;6150
2020-08-23;"Banskobystrický kraj";0;0;0;0;NA;81282;0;2020-08-23;6150
2020-08-22;"Banskobystrický kraj";0;0;0;0;NA;81282;0;2020-08-22;6150
2020-08-21;"Banskobystrický kraj";4;0;0;0;NA;81282;4;2020-08-21;6150
2020-08-20;"Banskobystrický kraj";1;0;0;0;NA;81282;1;2020-08-20;6146
2020-08-19;"Banskobystrický kraj";3;0;0;0;NA;81282;3;2020-08-19;6145
2020-08-18;"Banskobystrický kraj";0;0;0;0;NA;81282;0;2020-08-18;6142
2020-08-17;"Banskobystrický kraj";1;0;0;0;NA;81282;1;2020-08-17;6142
2020-08-16;"Banskobystrický kraj";0;0;0;0;NA;81282;0;2020-08-16;6141
2020-08-15;"Banskobystrický kraj";0;0;0;0;NA;81282;0;2020-08-15;6141
2020-08-14;"Banskobystrický kraj";5;0;0;0;NA;81282;5;2020-08-14;6141
2020-08-13;"Banskobystrický kraj";0;0;0;0;NA;81282;0;2020-08-13;6136
2020-08-12;"Banskobystrický kraj";0;0;0;0;NA;81282;0;2020-08-12;6136
2020-08-11;"Banskobystrický kraj";2;0;0;0;NA;81282;2;2020-08-11;6136
2020-08-10;"Banskobystrický kraj";3;0;0;0;NA;81282;3;2020-08-10;6134
2020-08-09;"Banskobystrický kraj";0;0;0;0;NA;81282;0;2020-08-09;6131
2020-08-08;"Banskobystrický kraj";1;0;0;0;NA;81282;1;2020-08-08;6131
2020-08-07;"Banskobystrický kraj";1;0;0;0;NA;81282;1;2020-08-07;6130
2020-08-06;"Banskobystrický kraj";1;0;0;0;NA;81282;1;2020-08-06;6129
2020-08-05;"Banskobystrický kraj";0;0;0;0;NA;81282;0;2020-08-05;6128
2020-08-04;"Banskobystrický kraj";3;0;0;0;NA;81282;3;2020-08-04;6128
2020-08-03;"Banskobystrický kraj";0;0;0;0;NA;81282;0;2020-08-03;6125
2020-08-02;"Banskobystrický kraj";0;0;0;0;NA;81282;0;2020-08-02;6125
2020-08-01;"Banskobystrický kraj";1;0;0;0;NA;81282;1;2020-08-01;6125
2020-07-31;"Banskobystrický kraj";2;0;0;0;NA;81282;2;2020-07-31;6124
2020-07-30;"Banskobystrický kraj";1;0;0;0;NA;81282;1;2020-07-30;6122
2020-07-29;"Banskobystrický kraj";0;0;0;0;NA;81282;0;2020-07-29;6121
2020-07-28;"Banskobystrický kraj";0;0;0;0;NA;81282;0;2020-07-28;6121
2020-07-27;"Banskobystrický kraj";3;0;0;0;NA;81282;3;2020-07-27;6121
2020-07-26;"Banskobystrický kraj";0;0;0;0;NA;81282;0;2020-07-26;6118
2020-07-25;"Banskobystrický kraj";0;0;0;0;NA;81282;0;2020-07-25;6118
2020-07-24;"Banskobystrický kraj";9;0;0;0;NA;81282;9;2020-07-24;6118
2020-07-23;"Banskobystrický kraj";0;0;0;0;NA;81282;0;2020-07-23;6109
2020-07-22;"Banskobystrický kraj";3;0;0;0;NA;81282;3;2020-07-22;6109
2020-07-21;"Banskobystrický kraj";3;0;0;0;NA;81282;3;2020-07-21;6106
2020-07-20;"Banskobystrický kraj";1;0;0;0;NA;81282;1;2020-07-20;6103
2020-07-19;"Banskobystrický kraj";1;0;0;0;NA;81282;1;2020-07-19;6102
2020-07-18;"Banskobystrický kraj";0;0;0;0;NA;81282;0;2020-07-18;6101
2020-07-17;"Banskobystrický kraj";2;0;0;0;NA;81282;2;2020-07-17;6101
2020-07-16;"Banskobystrický kraj";1;0;0;0;NA;81282;1;2020-07-16;6099
2020-07-15;"Banskobystrický kraj";2;0;0;0;NA;81282;2;2020-07-15;6098
2020-07-14;"Banskobystrický kraj";2;0;0;0;NA;81282;2;2020-07-14;6096
2020-07-13;"Banskobystrický kraj";1;0;0;0;NA;81282;1;2020-07-13;6094
2020-07-12;"Banskobystrický kraj";0;0;0;0;NA;81282;0;2020-07-12;6093
2020-07-11;"Banskobystrický kraj";0;0;0;0;NA;81282;0;2020-07-11;6093
2020-07-10;"Banskobystrický kraj";3;0;0;0;NA;81282;3;2020-07-10;6093
2020-07-09;"Banskobystrický kraj";9;0;0;0;NA;81282;9;2020-07-09;6090
2020-07-08;"Banskobystrický kraj";0;0;0;0;NA;81282;0;2020-07-08;6081
2020-07-07;"Banskobystrický kraj";3;0;0;0;NA;81282;3;2020-07-07;6081
2020-07-06;"Banskobystrický kraj";0;0;0;0;NA;81282;0;2020-07-06;6078
2020-07-05;"Banskobystrický kraj";0;0;0;0;NA;81282;0;2020-07-05;6078
2020-07-04;"Banskobystrický kraj";1;0;0;0;NA;81282;1;2020-07-04;6078
2020-07-03;"Banskobystrický kraj";4;0;0;0;NA;81282;4;2020-07-03;6077
2020-07-02;"Banskobystrický kraj";0;0;0;0;NA;81282;0;2020-07-02;6073
2020-07-01;"Banskobystrický kraj";1;0;0;0;NA;81282;1;2020-07-01;6073
2020-06-30;"Banskobystrický kraj";0;0;0;0;NA;81282;0;2020-06-30;6072
2020-06-29;"Banskobystrický kraj";0;0;0;0;NA;81282;0;2020-06-29;6072
2020-06-28;"Banskobystrický kraj";0;0;0;0;NA;81282;0;2020-06-28;6072
2020-06-27;"Banskobystrický kraj";0;0;0;0;NA;81282;0;2020-06-27;6072
2020-06-26;"Banskobystrický kraj";0;0;0;0;NA;81282;0;2020-06-26;6072
2020-06-25;"Banskobystrický kraj";1;0;0;0;NA;81282;1;2020-06-25;6072
2020-06-24;"Banskobystrický kraj";0;0;0;0;NA;81282;0;2020-06-24;6071
2020-06-23;"Banskobystrický kraj";6;0;0;0;NA;81282;6;2020-06-23;6071
2020-06-22;"Banskobystrický kraj";0;0;0;0;NA;81282;0;2020-06-22;6065
2020-06-21;"Banskobystrický kraj";0;0;0;0;NA;81282;0;2020-06-21;6065
2020-06-20;"Banskobystrický kraj";0;0;0;0;NA;81282;0;2020-06-20;6065
2020-06-19;"Banskobystrický kraj";2;0;0;0;NA;81282;2;2020-06-19;6065
2020-06-18;"Banskobystrický kraj";10;0;0;0;NA;81282;10;2020-06-18;6063
2020-06-17;"Banskobystrický kraj";1;0;0;0;NA;81282;1;2020-06-17;6053
2020-06-16;"Banskobystrický kraj";0;0;0;0;NA;81282;0;2020-06-16;6052
2020-06-14;"Banskobystrický kraj";2;0;0;0;NA;81282;2;2020-06-14;6052
2020-06-13;"Banskobystrický kraj";2;0;0;0;NA;81282;2;2020-06-13;6050
2020-06-12;"Banskobystrický kraj";0;0;0;0;NA;81282;0;2020-06-12;6048
2020-06-11;"Banskobystrický kraj";1;0;0;0;NA;81282;1;2020-06-11;6048
2020-06-10;"Banskobystrický kraj";0;0;0;0;NA;81282;0;2020-06-10;6047
2020-06-09;"Banskobystrický kraj";0;0;0;0;NA;81282;0;2020-06-09;6047
2020-06-08;"Banskobystrický kraj";0;0;0;0;NA;81282;0;2020-06-08;6047
2020-06-07;"Banskobystrický kraj";0;0;0;0;NA;81282;0;2020-06-07;6047
2020-06-05;"Banskobystrický kraj";2;0;0;0;NA;81282;2;2020-06-05;6047
2020-06-03;"Banskobystrický kraj";0;0;0;0;NA;81282;0;2020-06-03;6045
2020-06-02;"Banskobystrický kraj";0;0;0;0;NA;81282;0;2020-06-02;6045
2020-05-31;"Banskobystrický kraj";0;0;0;0;NA;81282;0;2020-05-31;6045
2020-05-29;"Banskobystrický kraj";0;0;0;0;NA;81282;0;2020-05-29;6045
2020-05-27;"Banskobystrický kraj";0;0;0;0;NA;81282;0;2020-05-27;6045
2020-05-26;"Banskobystrický kraj";0;0;0;0;NA;81282;0;2020-05-26;6045
2020-05-25;"Banskobystrický kraj";0;0;0;0;NA;81282;0;2020-05-25;6045
2020-05-24;"Banskobystrický kraj";0;0;0;0;NA;81282;0;2020-05-24;6045
2020-05-23;"Banskobystrický kraj";1;0;0;0;NA;81282;1;2020-05-23;6045
2020-05-22;"Banskobystrický kraj";0;0;0;0;NA;81282;0;2020-05-22;6044
2020-05-21;"Banskobystrický kraj";0;0;0;0;NA;81282;0;2020-05-21;6044
2020-05-20;"Banskobystrický kraj";1;0;0;0;NA;81282;1;2020-05-20;6044
2020-05-19;"Banskobystrický kraj";0;0;0;0;NA;81282;0;2020-05-19;6043
2020-05-17;"Banskobystrický kraj";0;0;0;0;NA;81282;0;2020-05-17;6043
2020-05-16;"Banskobystrický kraj";0;0;0;0;NA;81282;0;2020-05-16;6043
2020-05-15;"Banskobystrický kraj";0;0;0;0;NA;81282;0;2020-05-15;6043
2020-05-14;"Banskobystrický kraj";0;0;0;0;NA;81282;0;2020-05-14;6043
2020-05-13;"Banskobystrický kraj";0;0;0;0;NA;81282;0;2020-05-13;6043
2020-05-12;"Banskobystrický kraj";1;0;0;0;NA;81282;1;2020-05-12;6043
2020-05-11;"Banskobystrický kraj";0;0;0;0;NA;81282;0;2020-05-11;6042
2020-05-09;"Banskobystrický kraj";0;0;0;0;NA;81282;0;2020-05-09;6042
2020-05-07;"Banskobystrický kraj";2;0;0;0;NA;81282;2;2020-05-07;6042
2020-05-06;"Banskobystrický kraj";1;0;0;0;NA;81282;1;2020-05-06;6040
2020-05-05;"Banskobystrický kraj";2;0;0;0;NA;81282;2;2020-05-05;6039
2020-05-04;"Banskobystrický kraj";0;0;0;0;NA;81282;0;2020-05-04;6037
2020-05-03;"Banskobystrický kraj";0;0;0;0;NA;81282;0;2020-05-03;6037
2020-05-02;"Banskobystrický kraj";0;0;0;0;NA;81282;0;2020-05-02;6037
2020-05-01;"Banskobystrický kraj";0;0;0;0;NA;81282;0;2020-05-01;6037
2020-04-30;"Banskobystrický kraj";1;0;0;0;NA;81282;1;2020-04-30;6037
2020-04-29;"Banskobystrický kraj";1;0;0;0;NA;81282;1;2020-04-29;6036
2020-04-28;"Banskobystrický kraj";0;0;0;0;NA;81282;0;2020-04-28;6035
2020-04-27;"Banskobystrický kraj";0;0;0;0;NA;81282;0;2020-04-27;6035
2020-04-26;"Banskobystrický kraj";0;0;0;0;NA;81282;0;2020-04-26;6035
2020-04-25;"Banskobystrický kraj";0;0;0;0;NA;81282;0;2020-04-25;6035
2020-04-24;"Banskobystrický kraj";3;0;0;0;NA;81282;3;2020-04-24;6035
2020-04-23;"Banskobystrický kraj";0;0;0;0;NA;81282;0;2020-04-23;6032
2020-04-22;"Banskobystrický kraj";2;0;0;0;NA;81282;2;2020-04-22;6032
2020-04-21;"Banskobystrický kraj";2;0;0;0;NA;81282;2;2020-04-21;6030
2020-04-20;"Banskobystrický kraj";0;0;0;0;NA;81282;0;2020-04-20;6028
2020-04-19;"Banskobystrický kraj";0;0;0;0;NA;81282;0;2020-04-19;6028
2020-04-18;"Banskobystrický kraj";8;0;0;0;NA;81282;8;2020-04-18;6028
2020-04-17;"Banskobystrický kraj";2;0;0;0;NA;81282;2;2020-04-17;6020
2020-04-16;"Banskobystrický kraj";0;0;0;0;NA;81282;0;2020-04-16;6018
2020-04-15;"Banskobystrický kraj";10;0;0;0;NA;81282;10;2020-04-15;6018
2020-04-14;"Banskobystrický kraj";0;0;0;0;NA;81282;0;2020-04-14;6008
2020-04-13;"Banskobystrický kraj";2;0;0;0;NA;81282;2;2020-04-13;6008
2020-04-12;"Banskobystrický kraj";4;0;0;0;NA;81282;4;2020-04-12;6006
2020-04-11;"Banskobystrický kraj";1;0;0;0;NA;81282;1;2020-04-11;6002
2020-04-10;"Banskobystrický kraj";0;0;0;0;NA;81282;0;2020-04-10;6001
2020-04-09;"Banskobystrický kraj";1;0;0;0;NA;81282;1;2020-04-09;6001
2020-04-08;"Banskobystrický kraj";0;0;0;0;NA;81282;0;2020-04-08;6000
2020-04-07;"Banskobystrický kraj";2;0;0;0;NA;81282;2;2020-04-07;6000
2020-04-06;"Banskobystrický kraj";10;0;0;0;NA;81282;10;2020-04-06;5998
2020-04-05;"Banskobystrický kraj";9;0;0;0;NA;81282;9;2020-04-05;5988
2020-04-04;"Banskobystrický kraj";0;0;0;0;NA;81282;0;2020-04-04;5979
2020-04-03;"Banskobystrický kraj";2;0;0;0;NA;81282;2;2020-04-03;5979
2020-04-02;"Banskobystrický kraj";2;0;0;0;NA;81282;2;2020-04-02;5977
2020-04-01;"Banskobystrický kraj";5;0;0;0;NA;81282;5;2020-04-01;5975
2020-03-31;"Banskobystrický kraj";3;0;0;0;NA;81282;3;2020-03-31;5970
2020-03-30;"Banskobystrický kraj";1;0;0;0;NA;81282;1;2020-03-30;5967
2020-03-29;"Banskobystrický kraj";2;0;0;0;NA;81282;2;2020-03-29;5966
2020-03-28;"Banskobystrický kraj";1;0;0;0;NA;81282;1;2020-03-28;5964
2020-03-27;"Banskobystrický kraj";1;531;4;535;NA;81282;5;2020-03-27;5963
2020-03-26;"Banskobystrický kraj";1;0;0;0;NA;81282;1;2020-03-26;5958
2020-03-25;"Banskobystrický kraj";0;0;0;0;NA;81282;0;2020-03-25;5957
2020-03-24;"Banskobystrický kraj";0;0;0;0;NA;81282;0;2020-03-24;5957
2020-03-23;"Banskobystrický kraj";1;0;0;0;NA;81282;1;2020-03-23;5957
2020-03-22;"Banskobystrický kraj";0;0;0;0;NA;81282;0;2020-03-22;5956
2020-03-21;"Banskobystrický kraj";1;0;0;0;NA;81282;1;2020-03-21;5956
2020-03-20;"Banskobystrický kraj";0;0;0;0;NA;81282;0;2020-03-20;5955
2020-03-19;"Banskobystrický kraj";2;0;0;0;NA;81282;2;2020-03-19;5955
2020-03-18;"Banskobystrický kraj";1;0;0;0;NA;81282;1;2020-03-18;5953
2020-03-17;"Banskobystrický kraj";1;0;0;0;NA;81282;1;2020-03-17;5952
2020-03-16;"Banskobystrický kraj";0;0;0;0;NA;81282;0;2020-03-16;5951
2020-03-15;"Banskobystrický kraj";1;0;0;0;NA;81282;1;2020-03-15;5951
2020-03-14;"Banskobystrický kraj";0;0;0;0;NA;81282;0;2020-03-14;5950
2020-03-13;"Banskobystrický kraj";1;0;0;0;NA;81282;1;2020-03-13;5950
2020-03-12;"Banskobystrický kraj";0;0;0;0;NA;81282;0;2020-03-12;5949
2020-03-11;"Banskobystrický kraj";0;0;0;0;NA;81282;0;2020-03-11;5949
2020-03-09;"Banskobystrický kraj";0;0;0;0;NA;81282;0;2020-03-09;5949
2020-03-08;"Banskobystrický kraj";0;0;0;0;NA;81282;0;2020-03-08;5949
2020-03-07;"Banskobystrický kraj";0;0;0;0;NA;81282;0;2020-03-07;5949
2020-03-06;"Banskobystrický kraj";0;0;0;0;NA;81282;0;2020-03-06;5949
2021-04-28;"Bratislavský kraj";40;19456;47;19503;43590;88620;87;2021-04-28;88620
2021-04-27;"Bratislavský kraj";41;27636;45;27681;NA;88620;86;2021-04-27;88533
2021-04-26;"Bratislavský kraj";59;32023;90;32113;NA;88620;149;2021-04-26;88447
2021-04-25;"Bratislavský kraj";8;47498;61;47559;NA;88620;69;2021-04-25;88298
2021-04-24;"Bratislavský kraj";28;65806;59;65865;NA;88620;87;2021-04-24;88229
2021-04-23;"Bratislavský kraj";70;46657;63;46720;NA;88620;133;2021-04-23;88142
2021-04-22;"Bratislavský kraj";39;28951;66;29017;NA;88620;105;2021-04-22;88009
2021-04-21;"Bratislavský kraj";48;29717;62;29779;NA;88620;110;2021-04-21;87904
2021-04-20;"Bratislavský kraj";58;34555;62;34617;NA;88620;120;2021-04-20;87794
2021-04-19;"Bratislavský kraj";48;39177;80;39257;NA;88620;128;2021-04-19;87674
2021-04-18;"Bratislavský kraj";35;61935;76;62011;NA;88620;111;2021-04-18;87546
2021-04-17;"Bratislavský kraj";13;78591;111;78702;NA;88620;124;2021-04-17;87435
2021-04-16;"Bratislavský kraj";62;46378;80;46458;NA;88620;142;2021-04-16;87311
2021-04-15;"Bratislavský kraj";34;31599;74;31673;NA;88620;108;2021-04-15;87169
2021-04-14;"Bratislavský kraj";65;33094;88;33182;NA;88620;153;2021-04-14;87061
2021-04-13;"Bratislavský kraj";82;34999;82;35081;NA;88620;164;2021-04-13;86908
2021-04-12;"Bratislavský kraj";77;43408;115;43523;NA;88620;192;2021-04-12;86744
2021-04-11;"Bratislavský kraj";42;59463;123;59586;NA;88620;165;2021-04-11;86552
2021-04-10;"Bratislavský kraj";14;76300;167;76467;NA;88620;181;2021-04-10;86387
2021-04-09;"Bratislavský kraj";72;41759;97;41856;NA;88620;169;2021-04-09;86206
2021-04-08;"Bratislavský kraj";71;29886;94;29980;NA;88620;165;2021-04-08;86037
2021-04-07;"Bratislavský kraj";96;37439;102;37541;NA;88620;198;2021-04-07;85872
2021-04-06;"Bratislavský kraj";94;54956;177;55133;NA;88620;271;2021-04-06;85674
2021-04-05;"Bratislavský kraj";85;18532;87;18619;NA;88620;172;2021-04-05;85403
2021-04-04;"Bratislavský kraj";37;27478;73;27551;NA;88620;110;2021-04-04;85231
2021-04-03;"Bratislavský kraj";52;79544;231;79775;NA;88620;283;2021-04-03;85121
2021-04-02;"Bratislavský kraj";33;23954;104;24058;NA;88620;137;2021-04-02;84838
2021-04-01;"Bratislavský kraj";119;56830;159;56989;NA;88620;278;2021-04-01;84701
2021-03-31;"Bratislavský kraj";105;44966;149;45115;NA;88620;254;2021-03-31;84423
2021-03-30;"Bratislavský kraj";100;38586;142;38728;NA;88620;242;2021-03-30;84169
2021-03-29;"Bratislavský kraj";153;39951;176;40127;NA;88620;329;2021-03-29;83927
2021-03-28;"Bratislavský kraj";59;53341;137;53478;NA;88620;196;2021-03-28;83598
2021-03-27;"Bratislavský kraj";53;78388;238;78626;NA;88620;291;2021-03-27;83402
2021-03-26;"Bratislavský kraj";114;55460;190;55650;NA;88620;304;2021-03-26;83111
2021-03-25;"Bratislavský kraj";76;36175;170;36345;NA;88620;246;2021-03-25;82807
2021-03-24;"Bratislavský kraj";120;30072;200;30272;NA;88620;320;2021-03-24;82561
2021-03-23;"Bratislavský kraj";138;36071;189;36260;NA;88620;327;2021-03-23;82241
2021-03-22;"Bratislavský kraj";110;42188;218;42406;NA;88620;328;2021-03-22;81914
2021-03-21;"Bratislavský kraj";54;61297;212;61509;NA;88620;266;2021-03-21;81586
2021-03-20;"Bratislavský kraj";59;71927;227;72154;NA;88620;286;2021-03-20;81320
2021-03-19;"Bratislavský kraj";139;54135;256;54391;NA;88620;395;2021-03-19;81034
2021-03-18;"Bratislavský kraj";142;34249;197;34446;NA;88620;339;2021-03-18;80639
2021-03-17;"Bratislavský kraj";177;30071;215;30286;NA;88620;392;2021-03-17;80300
2021-03-16;"Bratislavský kraj";258;36306;282;36588;NA;88620;540;2021-03-16;79908
2021-03-15;"Bratislavský kraj";180;37436;251;37687;NA;88620;431;2021-03-15;79368
2021-03-14;"Bratislavský kraj";75;51470;270;51740;NA;88620;345;2021-03-14;78937
2021-03-13;"Bratislavský kraj";110;79609;329;79938;NA;88620;439;2021-03-13;78592
2021-03-12;"Bratislavský kraj";152;54519;301;54820;NA;88620;453;2021-03-12;78153
2021-03-11;"Bratislavský kraj";178;34637;282;34919;NA;88620;460;2021-03-11;77700
2021-03-10;"Bratislavský kraj";164;30815;273;31088;NA;88620;437;2021-03-10;77240
2021-03-09;"Bratislavský kraj";242;37590;267;37857;NA;88620;509;2021-03-09;76803
2021-03-08;"Bratislavský kraj";255;40686;343;41029;NA;88620;598;2021-03-08;76294
2021-03-07;"Bratislavský kraj";142;51537;290;51827;NA;88620;432;2021-03-07;75696
2021-03-06;"Bratislavský kraj";79;71706;413;72119;NA;88620;492;2021-03-06;75264
2021-03-05;"Bratislavský kraj";238;50431;292;50723;NA;88620;530;2021-03-05;74772
2021-03-04;"Bratislavský kraj";204;34642;344;34986;NA;88620;548;2021-03-04;74242
2021-03-03;"Bratislavský kraj";250;30406;364;30770;NA;88620;614;2021-03-03;73694
2021-03-02;"Bratislavský kraj";267;39691;388;40079;NA;88620;655;2021-03-02;73080
2021-03-01;"Bratislavský kraj";320;37978;434;38412;NA;88620;754;2021-03-01;72425
2021-02-28;"Bratislavský kraj";184;49969;323;50292;NA;88620;507;2021-02-28;71671
2021-02-27;"Bratislavský kraj";151;76807;465;77272;NA;88620;616;2021-02-27;71164
2021-02-26;"Bratislavský kraj";277;47198;400;47598;NA;88620;677;2021-02-26;70548
2021-02-25;"Bratislavský kraj";277;28425;405;28830;NA;88620;682;2021-02-25;69871
2021-02-24;"Bratislavský kraj";217;26917;412;27329;NA;88620;629;2021-02-24;69189
2021-02-23;"Bratislavský kraj";257;30781;395;31176;NA;88620;652;2021-02-23;68560
2021-02-22;"Bratislavský kraj";353;36250;480;36730;NA;88620;833;2021-02-22;67908
2021-02-21;"Bratislavský kraj";185;50102;379;50481;NA;88620;564;2021-02-21;67075
2021-02-20;"Bratislavský kraj";167;74750;550;75300;NA;88620;717;2021-02-20;66511
2021-02-19;"Bratislavský kraj";280;44679;415;45094;NA;88620;695;2021-02-19;65794
2021-02-18;"Bratislavský kraj";263;26494;373;26867;NA;88620;636;2021-02-18;65099
2021-02-17;"Bratislavský kraj";264;22231;316;22547;NA;88620;580;2021-02-17;64463
2021-02-16;"Bratislavský kraj";289;27745;354;28099;NA;88620;643;2021-02-16;63883
2021-02-15;"Bratislavský kraj";248;36734;396;37130;NA;88620;644;2021-02-15;63240
2021-02-14;"Bratislavský kraj";153;43274;308;43582;NA;88620;461;2021-02-14;62596
2021-02-13;"Bratislavský kraj";173;68529;515;69044;NA;88620;688;2021-02-13;62135
2021-02-12;"Bratislavský kraj";282;35610;327;35937;NA;88620;609;2021-02-12;61447
2021-02-11;"Bratislavský kraj";337;24183;290;24473;NA;88620;627;2021-02-11;60838
2021-02-10;"Bratislavský kraj";314;22817;359;23176;NA;88620;673;2021-02-10;60211
2021-02-09;"Bratislavský kraj";287;36195;454;36649;NA;88620;741;2021-02-09;59538
2021-02-08;"Bratislavský kraj";484;32153;402;32555;NA;88620;886;2021-02-08;58797
2021-02-07;"Bratislavský kraj";243;46239;398;46637;NA;88620;641;2021-02-07;57911
2021-02-06;"Bratislavský kraj";116;62560;508;63068;NA;88620;624;2021-02-06;57270
2021-02-05;"Bratislavský kraj";327;27071;375;27446;NA;88620;702;2021-02-05;56646
2021-02-04;"Bratislavský kraj";555;16434;348;16782;NA;88620;903;2021-02-04;55944
2021-02-03;"Bratislavský kraj";161;12853;351;13204;NA;88620;512;2021-02-03;55041
2021-02-02;"Bratislavský kraj";397;25627;480;26107;NA;88620;877;2021-02-02;54529
2021-02-01;"Bratislavský kraj";221;35187;513;35700;NA;88620;734;2021-02-01;53652
2021-01-31;"Bratislavský kraj";180;35623;425;36048;NA;88620;605;2021-01-31;52918
2021-01-30;"Bratislavský kraj";310;49564;521;50085;NA;88620;831;2021-01-30;52313
2021-01-29;"Bratislavský kraj";344;16200;341;16541;NA;88620;685;2021-01-29;51482
2021-01-28;"Bratislavský kraj";307;10679;297;10976;NA;88620;604;2021-01-28;50797
2021-01-27;"Bratislavský kraj";336;22093;345;22438;NA;88620;681;2021-01-27;50193
2021-01-26;"Bratislavský kraj";297;22078;308;22386;NA;88620;605;2021-01-26;49512
2021-01-25;"Bratislavský kraj";356;22405;248;22653;NA;88620;604;2021-01-25;48907
2021-01-24;"Bratislavský kraj";175;37754;391;38145;NA;88620;566;2021-01-24;48303
2021-01-23;"Bratislavský kraj";396;79317;703;80020;NA;88620;1099;2021-01-23;47737
2021-01-22;"Bratislavský kraj";199;41866;365;42231;NA;88620;564;2021-01-22;46638
2021-01-21;"Bratislavský kraj";255;105639;1317;106956;NA;88620;1572;2021-01-21;46074
2021-01-20;"Bratislavský kraj";360;26667;450;27117;NA;88620;810;2021-01-20;44502
2021-01-19;"Bratislavský kraj";375;14163;346;14509;NA;88620;721;2021-01-19;43692
2021-01-18;"Bratislavský kraj";357;11977;707;12684;NA;88620;1064;2021-01-18;42971
2021-01-17;"Bratislavský kraj";244;426;26;452;NA;88620;270;2021-01-17;41907
2021-01-16;"Bratislavský kraj";70;2908;156;3064;NA;88620;226;2021-01-16;41637
2021-01-15;"Bratislavský kraj";251;7744;256;8000;NA;88620;507;2021-01-15;41411
2021-01-14;"Bratislavský kraj";363;8316;273;8589;NA;88620;636;2021-01-14;40904
2021-01-13;"Bratislavský kraj";336;8040;329;8369;NA;88620;665;2021-01-13;40268
2021-01-12;"Bratislavský kraj";450;9568;464;10032;NA;88620;914;2021-01-12;39603
2021-01-11;"Bratislavský kraj";397;19291;380;19671;NA;88620;777;2021-01-11;38689
2021-01-10;"Bratislavský kraj";252;1350;79;1429;NA;88620;331;2021-01-10;37912
2021-01-09;"Bratislavský kraj";351;4946;291;5237;NA;88620;642;2021-01-09;37581
2021-01-08;"Bratislavský kraj";556;9882;436;10318;NA;88620;992;2021-01-08;36939
2021-01-07;"Bratislavský kraj";537;7161;412;7573;NA;88620;949;2021-01-07;35947
2021-01-06;"Bratislavský kraj";271;3075;216;3291;NA;88620;487;2021-01-06;34998
2021-01-05;"Bratislavský kraj";619;10730;844;11574;NA;88620;1463;2021-01-05;34511
2021-01-04;"Bratislavský kraj";601;7381;606;7987;NA;88620;1207;2021-01-04;33048
2021-01-03;"Bratislavský kraj";77;394;41;435;NA;88620;118;2021-01-03;31841
2021-01-02;"Bratislavský kraj";185;384;57;441;NA;88620;242;2021-01-02;31723
2021-01-01;"Bratislavský kraj";235;3210;131;3341;NA;88620;366;2021-01-01;31481
2020-12-31;"Bratislavský kraj";925;14633;589;15222;NA;88620;1514;2020-12-31;31115
2020-12-30;"Bratislavský kraj";650;9332;528;9860;NA;88620;1178;2020-12-30;29601
2020-12-29;"Bratislavský kraj";303;10365;776;11141;NA;88620;1079;2020-12-29;28423
2020-12-28;"Bratislavský kraj";255;7687;560;8247;NA;88620;815;2020-12-28;27344
2020-12-27;"Bratislavský kraj";160;659;76;735;NA;88620;236;2020-12-27;26529
2020-12-26;"Bratislavský kraj";75;426;27;453;NA;88620;102;2020-12-26;26293
2020-12-25;"Bratislavský kraj";114;460;38;498;NA;88620;152;2020-12-25;26191
2020-12-24;"Bratislavský kraj";536;3381;102;3483;NA;88620;638;2020-12-24;26039
2020-12-23;"Bratislavský kraj";416;13159;500;13659;NA;88620;916;2020-12-23;25401
2020-12-22;"Bratislavský kraj";327;15248;772;16020;NA;88620;1099;2020-12-22;24485
2020-12-21;"Bratislavský kraj";392;14970;2007;16977;NA;88620;2399;2020-12-21;23386
2020-12-20;"Bratislavský kraj";180;643;54;697;NA;88620;234;2020-12-20;20987
2020-12-19;"Bratislavský kraj";396;3164;130;3294;NA;88620;526;2020-12-19;20753
2020-12-18;"Bratislavský kraj";306;10672;401;11073;NA;88620;707;2020-12-18;20227
2020-12-17;"Bratislavský kraj";502;10217;412;10629;NA;88620;914;2020-12-17;19520
2020-12-16;"Bratislavský kraj";282;10546;452;10998;NA;88620;734;2020-12-16;18606
2020-12-15;"Bratislavský kraj";423;10741;479;11220;NA;88620;902;2020-12-15;17872
2020-12-14;"Bratislavský kraj";279;6526;293;6819;NA;88620;572;2020-12-14;16970
2020-12-13;"Bratislavský kraj";125;123;10;133;NA;88620;135;2020-12-13;16398
2020-12-12;"Bratislavský kraj";361;3863;157;4020;NA;88620;518;2020-12-12;16263
2020-12-11;"Bratislavský kraj";326;7203;289;7492;NA;88620;615;2020-12-11;15745
2020-12-10;"Bratislavský kraj";286;5104;209;5313;NA;88620;495;2020-12-10;15130
2020-12-09;"Bratislavský kraj";382;4712;178;4890;NA;88620;560;2020-12-09;14635
2020-12-08;"Bratislavský kraj";234;5793;207;6000;NA;88620;441;2020-12-08;14075
2020-12-07;"Bratislavský kraj";272;4078;152;4230;NA;88620;424;2020-12-07;13634
2020-12-06;"Bratislavský kraj";61;1586;52;1638;NA;88620;113;2020-12-06;13210
2020-12-05;"Bratislavský kraj";266;2148;41;2189;NA;88620;307;2020-12-05;13097
2020-12-04;"Bratislavský kraj";200;4789;99;4888;NA;88620;299;2020-12-04;12790
2020-12-03;"Bratislavský kraj";213;5071;95;5166;NA;88620;308;2020-12-03;12491
2020-12-02;"Bratislavský kraj";205;2831;95;2926;NA;88620;300;2020-12-02;12183
2020-12-01;"Bratislavský kraj";255;3943;204;4147;NA;88620;459;2020-12-01;11883
2020-11-30;"Bratislavský kraj";152;2153;121;2274;NA;88620;273;2020-11-30;11424
2020-11-29;"Bratislavský kraj";52;201;24;225;NA;88620;76;2020-11-29;11151
2020-11-28;"Bratislavský kraj";232;2624;33;2657;NA;88620;265;2020-11-28;11075
2020-11-27;"Bratislavský kraj";54;2540;64;2604;NA;88620;118;2020-11-27;10810
2020-11-26;"Bratislavský kraj";129;1976;60;2036;NA;88620;189;2020-11-26;10692
2020-11-25;"Bratislavský kraj";140;1770;47;1817;NA;88620;187;2020-11-25;10503
2020-11-24;"Bratislavský kraj";81;2988;67;3055;NA;88620;148;2020-11-24;10316
2020-11-23;"Bratislavský kraj";67;7083;58;7141;NA;88620;125;2020-11-23;10168
2020-11-22;"Bratislavský kraj";36;81;7;88;NA;88620;43;2020-11-22;10043
2020-11-21;"Bratislavský kraj";109;2126;47;2173;NA;88620;156;2020-11-21;10000
2020-11-20;"Bratislavský kraj";118;2876;48;2924;NA;88620;166;2020-11-20;9844
2020-11-19;"Bratislavský kraj";173;987;29;1016;NA;88620;202;2020-11-19;9678
2020-11-18;"Bratislavský kraj";118;616;75;691;NA;88620;193;2020-11-18;9476
2020-11-17;"Bratislavský kraj";108;928;23;951;NA;88620;131;2020-11-17;9283
2020-11-16;"Bratislavský kraj";82;651;9;660;NA;88620;91;2020-11-16;9152
2020-11-15;"Bratislavský kraj";47;236;0;236;NA;88620;47;2020-11-15;9061
2020-11-14;"Bratislavský kraj";53;1834;15;1849;NA;88620;68;2020-11-14;9014
2020-11-13;"Bratislavský kraj";94;2096;21;2117;NA;88620;115;2020-11-13;8946
2020-11-12;"Bratislavský kraj";141;1727;6;1733;NA;88620;147;2020-11-12;8831
2020-11-11;"Bratislavský kraj";159;1429;12;1441;NA;88620;171;2020-11-11;8684
2020-11-10;"Bratislavský kraj";136;805;14;819;NA;88620;150;2020-11-10;8513
2020-11-09;"Bratislavský kraj";70;616;8;624;NA;88620;78;2020-11-09;8363
2020-11-08;"Bratislavský kraj";82;869;6;875;NA;88620;88;2020-11-08;8285
2020-11-07;"Bratislavský kraj";88;4039;17;4056;NA;88620;105;2020-11-07;8197
2020-11-06;"Bratislavský kraj";281;6441;25;6466;NA;88620;306;2020-11-06;8092
2020-11-05;"Bratislavský kraj";175;476;11;487;NA;88620;186;2020-11-05;7786
2020-11-04;"Bratislavský kraj";65;411;10;421;NA;88620;75;2020-11-04;7600
2020-11-03;"Bratislavský kraj";251;1085;12;1097;NA;88620;263;2020-11-03;7525
2020-11-02;"Bratislavský kraj";202;3365;22;3387;NA;88620;224;2020-11-02;7262
2020-11-01;"Bratislavský kraj";227;8694;39;8733;NA;88620;266;2020-11-01;7038
2020-10-31;"Bratislavský kraj";173;22407;123;22530;NA;88620;296;2020-10-31;6772
2020-10-30;"Bratislavský kraj";158;17350;138;17488;NA;88620;296;2020-10-30;6476
2020-10-29;"Bratislavský kraj";262;116;4;120;NA;88620;266;2020-10-29;6180
2020-10-28;"Bratislavský kraj";220;260;15;275;NA;88620;235;2020-10-28;5914
2020-10-27;"Bratislavský kraj";256;145;4;149;NA;88620;260;2020-10-27;5679
2020-10-26;"Bratislavský kraj";123;229;11;240;NA;88620;134;2020-10-26;5419
2020-10-25;"Bratislavský kraj";152;33;2;35;NA;88620;154;2020-10-25;5285
2020-10-24;"Bratislavský kraj";170;221;6;227;NA;88620;176;2020-10-24;5131
2020-10-23;"Bratislavský kraj";151;144;8;152;NA;88620;159;2020-10-23;4955
2020-10-22;"Bratislavský kraj";192;204;15;219;NA;88620;207;2020-10-22;4796
2020-10-21;"Bratislavský kraj";66;90;6;96;NA;88620;72;2020-10-21;4589
2020-10-20;"Bratislavský kraj";183;97;4;101;NA;88620;187;2020-10-20;4517
2020-10-19;"Bratislavský kraj";148;168;4;172;NA;88620;152;2020-10-19;4330
2020-10-18;"Bratislavský kraj";75;92;0;92;NA;88620;75;2020-10-18;4178
2020-10-17;"Bratislavský kraj";136;0;0;0;NA;88620;136;2020-10-17;4103
2020-10-16;"Bratislavský kraj";103;14;1;15;NA;88620;104;2020-10-16;3967
2020-10-15;"Bratislavský kraj";135;6;1;7;NA;88620;136;2020-10-15;3863
2020-10-14;"Bratislavský kraj";127;4;0;4;NA;88620;127;2020-10-14;3727
2020-10-13;"Bratislavský kraj";86;108;8;116;NA;88620;94;2020-10-13;3600
2020-10-12;"Bratislavský kraj";46;0;0;0;NA;88620;46;2020-10-12;3506
2020-10-11;"Bratislavský kraj";80;0;0;0;NA;88620;80;2020-10-11;3460
2020-10-10;"Bratislavský kraj";55;0;0;0;NA;88620;55;2020-10-10;3380
2020-10-09;"Bratislavský kraj";148;0;0;0;NA;88620;148;2020-10-09;3325
2020-10-08;"Bratislavský kraj";100;0;0;0;NA;88620;100;2020-10-08;3177
2020-10-07;"Bratislavský kraj";107;0;0;0;NA;88620;107;2020-10-07;3077
2020-10-06;"Bratislavský kraj";108;0;0;0;NA;88620;108;2020-10-06;2970
2020-10-05;"Bratislavský kraj";30;0;0;0;NA;88620;30;2020-10-05;2862
2020-10-04;"Bratislavský kraj";49;0;0;0;NA;88620;49;2020-10-04;2832
2020-10-03;"Bratislavský kraj";82;0;0;0;NA;88620;82;2020-10-03;2783
2020-10-02;"Bratislavský kraj";101;0;0;0;NA;88620;101;2020-10-02;2701
2020-10-01;"Bratislavský kraj";72;0;0;0;NA;88620;72;2020-10-01;2600
2020-09-30;"Bratislavský kraj";91;0;0;0;NA;88620;91;2020-09-30;2528
2020-09-29;"Bratislavský kraj";74;0;0;0;NA;88620;74;2020-09-29;2437
2020-09-28;"Bratislavský kraj";29;0;0;0;NA;88620;29;2020-09-28;2363
2020-09-27;"Bratislavský kraj";48;0;0;0;NA;88620;48;2020-09-27;2334
2020-09-26;"Bratislavský kraj";86;0;0;0;NA;88620;86;2020-09-26;2286
2020-09-25;"Bratislavský kraj";97;0;0;0;NA;88620;97;2020-09-25;2200
2020-09-24;"Bratislavský kraj";73;0;0;0;NA;88620;73;2020-09-24;2103
2020-09-23;"Bratislavský kraj";55;0;0;0;NA;88620;55;2020-09-23;2030
2020-09-22;"Bratislavský kraj";81;0;0;0;NA;88620;81;2020-09-22;1975
2020-09-21;"Bratislavský kraj";32;0;0;0;NA;88620;32;2020-09-21;1894
2020-09-20;"Bratislavský kraj";25;0;0;0;NA;88620;25;2020-09-20;1862
2020-09-19;"Bratislavský kraj";59;0;0;0;NA;88620;59;2020-09-19;1837
2020-09-18;"Bratislavský kraj";42;0;0;0;NA;88620;42;2020-09-18;1778
2020-09-17;"Bratislavský kraj";52;0;0;0;NA;88620;52;2020-09-17;1736
2020-09-16;"Bratislavský kraj";32;0;0;0;NA;88620;32;2020-09-16;1684
2020-09-15;"Bratislavský kraj";26;0;0;0;NA;88620;26;2020-09-15;1652
2020-09-14;"Bratislavský kraj";24;0;0;0;NA;88620;24;2020-09-14;1626
2020-09-13;"Bratislavský kraj";11;0;0;0;NA;88620;11;2020-09-13;1602
2020-09-12;"Bratislavský kraj";24;0;0;0;NA;88620;24;2020-09-12;1591
2020-09-11;"Bratislavský kraj";50;0;0;0;NA;88620;50;2020-09-11;1567
2020-09-10;"Bratislavský kraj";47;0;0;0;NA;88620;47;2020-09-10;1517
2020-09-09;"Bratislavský kraj";40;0;0;0;NA;88620;40;2020-09-09;1470
2020-09-08;"Bratislavský kraj";58;0;0;0;NA;88620;58;2020-09-08;1430
2020-09-07;"Bratislavský kraj";39;0;0;0;NA;88620;39;2020-09-07;1372
2020-09-06;"Bratislavský kraj";11;0;0;0;NA;88620;11;2020-09-06;1333
2020-09-05;"Bratislavský kraj";37;0;0;0;NA;88620;37;2020-09-05;1322
2020-09-04;"Bratislavský kraj";87;0;0;0;NA;88620;87;2020-09-04;1285
2020-09-03;"Bratislavský kraj";51;0;0;0;NA;88620;51;2020-09-03;1198
2020-09-02;"Bratislavský kraj";50;0;0;0;NA;88620;50;2020-09-02;1147
2020-09-01;"Bratislavský kraj";16;0;0;0;NA;88620;16;2020-09-01;1097
2020-08-31;"Bratislavský kraj";19;0;0;0;NA;88620;19;2020-08-31;1081
2020-08-30;"Bratislavský kraj";9;0;0;0;NA;88620;9;2020-08-30;1062
2020-08-29;"Bratislavský kraj";12;0;0;0;NA;88620;12;2020-08-29;1053
2020-08-28;"Bratislavský kraj";35;0;0;0;NA;88620;35;2020-08-28;1041
2020-08-27;"Bratislavský kraj";33;0;0;0;NA;88620;33;2020-08-27;1006
2020-08-26;"Bratislavský kraj";27;0;0;0;NA;88620;27;2020-08-26;973
2020-08-25;"Bratislavský kraj";29;0;0;0;NA;88620;29;2020-08-25;946
2020-08-24;"Bratislavský kraj";6;0;0;0;NA;88620;6;2020-08-24;917
2020-08-23;"Bratislavský kraj";45;0;0;0;NA;88620;45;2020-08-23;911
2020-08-22;"Bratislavský kraj";13;0;0;0;NA;88620;13;2020-08-22;866
2020-08-21;"Bratislavský kraj";46;0;0;0;NA;88620;46;2020-08-21;853
2020-08-20;"Bratislavský kraj";41;0;0;0;NA;88620;41;2020-08-20;807
2020-08-19;"Bratislavský kraj";27;0;0;0;NA;88620;27;2020-08-19;766
2020-08-18;"Bratislavský kraj";47;0;0;0;NA;88620;47;2020-08-18;739
2020-08-17;"Bratislavský kraj";2;0;0;0;NA;88620;2;2020-08-17;692
2020-08-16;"Bratislavský kraj";3;0;0;0;NA;88620;3;2020-08-16;690
2020-08-15;"Bratislavský kraj";18;0;0;0;NA;88620;18;2020-08-15;687
2020-08-14;"Bratislavský kraj";16;0;0;0;NA;88620;16;2020-08-14;669
2020-08-13;"Bratislavský kraj";12;0;0;0;NA;88620;12;2020-08-13;653
2020-08-12;"Bratislavský kraj";10;0;0;0;NA;88620;10;2020-08-12;641
2020-08-11;"Bratislavský kraj";23;0;0;0;NA;88620;23;2020-08-11;631
2020-08-10;"Bratislavský kraj";2;0;0;0;NA;88620;2;2020-08-10;608
2020-08-09;"Bratislavský kraj";2;0;0;0;NA;88620;2;2020-08-09;606
2020-08-08;"Bratislavský kraj";1;0;0;0;NA;88620;1;2020-08-08;604
2020-08-07;"Bratislavský kraj";9;0;0;0;NA;88620;9;2020-08-07;603
2020-08-06;"Bratislavský kraj";15;0;0;0;NA;88620;15;2020-08-06;594
2020-08-05;"Bratislavský kraj";11;0;0;0;NA;88620;11;2020-08-05;579
2020-08-04;"Bratislavský kraj";21;0;0;0;NA;88620;21;2020-08-04;568
2020-08-03;"Bratislavský kraj";7;0;0;0;NA;88620;7;2020-08-03;547
2020-08-02;"Bratislavský kraj";0;0;0;0;NA;88620;0;2020-08-02;540
2020-08-01;"Bratislavský kraj";0;0;0;0;NA;88620;0;2020-08-01;540
2020-07-31;"Bratislavský kraj";14;0;0;0;NA;88620;14;2020-07-31;540
2020-07-30;"Bratislavský kraj";6;0;0;0;NA;88620;6;2020-07-30;526
2020-07-29;"Bratislavský kraj";7;0;0;0;NA;88620;7;2020-07-29;520
2020-07-28;"Bratislavský kraj";14;0;0;0;NA;88620;14;2020-07-28;513
2020-07-27;"Bratislavský kraj";3;0;0;0;NA;88620;3;2020-07-27;499
2020-07-26;"Bratislavský kraj";0;0;0;0;NA;88620;0;2020-07-26;496
2020-07-25;"Bratislavský kraj";8;0;0;0;NA;88620;8;2020-07-25;496
2020-07-24;"Bratislavský kraj";2;0;0;0;NA;88620;2;2020-07-24;488
2020-07-23;"Bratislavský kraj";8;0;0;0;NA;88620;8;2020-07-23;486
2020-07-22;"Bratislavský kraj";11;0;0;0;NA;88620;11;2020-07-22;478
2020-07-21;"Bratislavský kraj";8;0;0;0;NA;88620;8;2020-07-21;467
2020-07-20;"Bratislavský kraj";12;0;0;0;NA;88620;12;2020-07-20;459
2020-07-19;"Bratislavský kraj";0;0;0;0;NA;88620;0;2020-07-19;447
2020-07-18;"Bratislavský kraj";2;0;0;0;NA;88620;2;2020-07-18;447
2020-07-17;"Bratislavský kraj";2;0;0;0;NA;88620;2;2020-07-17;445
2020-07-16;"Bratislavský kraj";6;0;0;0;NA;88620;6;2020-07-16;443
2020-07-15;"Bratislavský kraj";3;0;0;0;NA;88620;3;2020-07-15;437
2020-07-14;"Bratislavský kraj";2;0;0;0;NA;88620;2;2020-07-14;434
2020-07-13;"Bratislavský kraj";2;0;0;0;NA;88620;2;2020-07-13;432
2020-07-12;"Bratislavský kraj";0;0;0;0;NA;88620;0;2020-07-12;430
2020-07-11;"Bratislavský kraj";0;0;0;0;NA;88620;0;2020-07-11;430
2020-07-10;"Bratislavský kraj";8;0;0;0;NA;88620;8;2020-07-10;430
2020-07-09;"Bratislavský kraj";2;0;0;0;NA;88620;2;2020-07-09;422
2020-07-08;"Bratislavský kraj";11;0;0;0;NA;88620;11;2020-07-08;420
2020-07-07;"Bratislavský kraj";5;0;0;0;NA;88620;5;2020-07-07;409
2020-07-06;"Bratislavský kraj";1;0;0;0;NA;88620;1;2020-07-06;404
2020-07-05;"Bratislavský kraj";0;0;0;0;NA;88620;0;2020-07-05;403
2020-07-04;"Bratislavský kraj";3;0;0;0;NA;88620;3;2020-07-04;403
2020-07-03;"Bratislavský kraj";1;0;0;0;NA;88620;1;2020-07-03;400
2020-07-02;"Bratislavský kraj";0;0;0;0;NA;88620;0;2020-07-02;399
2020-07-01;"Bratislavský kraj";7;0;0;0;NA;88620;7;2020-07-01;399
2020-06-30;"Bratislavský kraj";3;0;0;0;NA;88620;3;2020-06-30;392
2020-06-29;"Bratislavský kraj";1;0;0;0;NA;88620;1;2020-06-29;389
2020-06-28;"Bratislavský kraj";0;0;0;0;NA;88620;0;2020-06-28;388
2020-06-27;"Bratislavský kraj";1;0;0;0;NA;88620;1;2020-06-27;388
2020-06-26;"Bratislavský kraj";6;0;0;0;NA;88620;6;2020-06-26;387
2020-06-25;"Bratislavský kraj";0;0;0;0;NA;88620;0;2020-06-25;381
2020-06-24;"Bratislavský kraj";3;0;0;0;NA;88620;3;2020-06-24;381
2020-06-23;"Bratislavský kraj";0;0;0;0;NA;88620;0;2020-06-23;378
2020-06-22;"Bratislavský kraj";1;0;0;0;NA;88620;1;2020-06-22;378
2020-06-21;"Bratislavský kraj";0;0;0;0;NA;88620;0;2020-06-21;377
2020-06-20;"Bratislavský kraj";0;0;0;0;NA;88620;0;2020-06-20;377
2020-06-19;"Bratislavský kraj";3;0;0;0;NA;88620;3;2020-06-19;377
2020-06-18;"Bratislavský kraj";0;0;0;0;NA;88620;0;2020-06-18;374
2020-06-17;"Bratislavský kraj";0;0;0;0;NA;88620;0;2020-06-17;374
2020-06-16;"Bratislavský kraj";0;0;0;0;NA;88620;0;2020-06-16;374
2020-06-14;"Bratislavský kraj";2;0;0;0;NA;88620;2;2020-06-14;374
2020-06-13;"Bratislavský kraj";1;0;0;0;NA;88620;1;2020-06-13;372
2020-06-12;"Bratislavský kraj";2;0;0;0;NA;88620;2;2020-06-12;371
2020-06-11;"Bratislavský kraj";0;0;0;0;NA;88620;0;2020-06-11;369
2020-06-10;"Bratislavský kraj";0;0;0;0;NA;88620;0;2020-06-10;369
2020-06-09;"Bratislavský kraj";0;0;0;0;NA;88620;0;2020-06-09;369
2020-06-08;"Bratislavský kraj";1;0;0;0;NA;88620;1;2020-06-08;369
2020-06-07;"Bratislavský kraj";0;0;0;0;NA;88620;0;2020-06-07;368
2020-06-05;"Bratislavský kraj";0;0;0;0;NA;88620;0;2020-06-05;368
2020-06-03;"Bratislavský kraj";1;0;0;0;NA;88620;1;2020-06-03;368
2020-06-02;"Bratislavský kraj";0;0;0;0;NA;88620;0;2020-06-02;367
2020-05-31;"Bratislavský kraj";0;0;0;0;NA;88620;0;2020-05-31;367
2020-05-29;"Bratislavský kraj";0;0;0;0;NA;88620;0;2020-05-29;367
2020-05-27;"Bratislavský kraj";1;0;0;0;NA;88620;1;2020-05-27;367
2020-05-26;"Bratislavský kraj";0;0;0;0;NA;88620;0;2020-05-26;366
2020-05-25;"Bratislavský kraj";0;0;0;0;NA;88620;0;2020-05-25;366
2020-05-24;"Bratislavský kraj";0;0;0;0;NA;88620;0;2020-05-24;366
2020-05-23;"Bratislavský kraj";2;0;0;0;NA;88620;2;2020-05-23;366
2020-05-22;"Bratislavský kraj";0;0;0;0;NA;88620;0;2020-05-22;364
2020-05-21;"Bratislavský kraj";0;0;0;0;NA;88620;0;2020-05-21;364
2020-05-20;"Bratislavský kraj";0;0;0;0;NA;88620;0;2020-05-20;364
2020-05-19;"Bratislavský kraj";0;0;0;0;NA;88620;0;2020-05-19;364
2020-05-17;"Bratislavský kraj";0;0;0;0;NA;88620;0;2020-05-17;364
2020-05-16;"Bratislavský kraj";0;0;0;0;NA;88620;0;2020-05-16;364
2020-05-15;"Bratislavský kraj";0;0;0;0;NA;88620;0;2020-05-15;364
2020-05-14;"Bratislavský kraj";0;0;0;0;NA;88620;0;2020-05-14;364
2020-05-13;"Bratislavský kraj";0;0;0;0;NA;88620;0;2020-05-13;364
2020-05-12;"Bratislavský kraj";2;0;0;0;NA;88620;2;2020-05-12;364
2020-05-11;"Bratislavský kraj";0;0;0;0;NA;88620;0;2020-05-11;362
2020-05-09;"Bratislavský kraj";0;0;0;0;NA;88620;0;2020-05-09;362
2020-05-07;"Bratislavský kraj";1;0;0;0;NA;88620;1;2020-05-07;362
2020-05-06;"Bratislavský kraj";3;0;0;0;NA;88620;3;2020-05-06;361
2020-05-05;"Bratislavský kraj";0;0;0;0;NA;88620;0;2020-05-05;358
2020-05-04;"Bratislavský kraj";0;0;0;0;NA;88620;0;2020-05-04;358
2020-05-03;"Bratislavský kraj";2;0;0;0;NA;88620;2;2020-05-03;358
2020-05-02;"Bratislavský kraj";0;0;0;0;NA;88620;0;2020-05-02;356
2020-05-01;"Bratislavský kraj";0;0;0;0;NA;88620;0;2020-05-01;356
2020-04-30;"Bratislavský kraj";5;0;0;0;NA;88620;5;2020-04-30;356
2020-04-29;"Bratislavský kraj";0;0;0;0;NA;88620;0;2020-04-29;351
2020-04-28;"Bratislavský kraj";2;0;0;0;NA;88620;2;2020-04-28;351
2020-04-27;"Bratislavský kraj";0;0;0;0;NA;88620;0;2020-04-27;349
2020-04-26;"Bratislavský kraj";1;0;0;0;NA;88620;1;2020-04-26;349
2020-04-25;"Bratislavský kraj";0;0;0;0;NA;88620;0;2020-04-25;348
2020-04-24;"Bratislavský kraj";2;0;0;0;NA;88620;2;2020-04-24;348
2020-04-23;"Bratislavský kraj";6;0;0;0;NA;88620;6;2020-04-23;346
2020-04-22;"Bratislavský kraj";11;0;0;0;NA;88620;11;2020-04-22;340
2020-04-21;"Bratislavský kraj";4;0;0;0;NA;88620;4;2020-04-21;329
2020-04-20;"Bratislavský kraj";0;0;0;0;NA;88620;0;2020-04-20;325
2020-04-19;"Bratislavský kraj";4;0;0;0;NA;88620;4;2020-04-19;325
2020-04-18;"Bratislavský kraj";5;0;0;0;NA;88620;5;2020-04-18;321
2020-04-17;"Bratislavský kraj";6;0;0;0;NA;88620;6;2020-04-17;316
2020-04-16;"Bratislavský kraj";15;0;0;0;NA;88620;15;2020-04-16;310
2020-04-15;"Bratislavský kraj";11;0;0;0;NA;88620;11;2020-04-15;295
2020-04-14;"Bratislavský kraj";19;0;0;0;NA;88620;19;2020-04-14;284
2020-04-13;"Bratislavský kraj";53;0;0;0;NA;88620;53;2020-04-13;265
2020-04-12;"Bratislavský kraj";3;0;0;0;NA;88620;3;2020-04-12;212
2020-04-11;"Bratislavský kraj";1;0;0;0;NA;88620;1;2020-04-11;209
2020-04-10;"Bratislavský kraj";8;0;0;0;NA;88620;8;2020-04-10;208
2020-04-09;"Bratislavský kraj";3;0;0;0;NA;88620;3;2020-04-09;200
2020-04-08;"Bratislavský kraj";3;0;0;0;NA;88620;3;2020-04-08;197
2020-04-07;"Bratislavský kraj";24;0;0;0;NA;88620;24;2020-04-07;194
2020-04-06;"Bratislavský kraj";5;0;0;0;NA;88620;5;2020-04-06;170
2020-04-05;"Bratislavský kraj";6;0;0;0;NA;88620;6;2020-04-05;165
2020-04-04;"Bratislavský kraj";2;0;0;0;NA;88620;2;2020-04-04;159
2020-04-03;"Bratislavský kraj";1;0;0;0;NA;88620;1;2020-04-03;157
2020-04-02;"Bratislavský kraj";2;0;0;0;NA;88620;2;2020-04-02;156
2020-04-01;"Bratislavský kraj";5;0;0;0;NA;88620;5;2020-04-01;154
2020-03-31;"Bratislavský kraj";19;0;0;0;NA;88620;19;2020-03-31;149
2020-03-30;"Bratislavský kraj";6;0;0;0;NA;88620;6;2020-03-30;130
2020-03-29;"Bratislavský kraj";8;0;0;0;NA;88620;8;2020-03-29;124
2020-03-28;"Bratislavský kraj";4;0;0;0;NA;88620;4;2020-03-28;116
2020-03-27;"Bratislavský kraj";3;0;0;0;NA;88620;3;2020-03-27;112
2020-03-26;"Bratislavský kraj";15;0;0;0;NA;88620;15;2020-03-26;109
2020-03-25;"Bratislavský kraj";1;0;0;0;NA;88620;1;2020-03-25;94
2020-03-24;"Bratislavský kraj";4;0;0;0;NA;88620;4;2020-03-24;93
2020-03-23;"Bratislavský kraj";9;0;0;0;NA;88620;9;2020-03-23;89
2020-03-22;"Bratislavský kraj";2;0;0;0;NA;88620;2;2020-03-22;80
2020-03-21;"Bratislavský kraj";22;0;0;0;NA;88620;22;2020-03-21;78
2020-03-20;"Bratislavský kraj";3;0;0;0;NA;88620;3;2020-03-20;56
2020-03-19;"Bratislavský kraj";4;0;0;0;NA;88620;4;2020-03-19;53
2020-03-18;"Bratislavský kraj";3;0;0;0;NA;88620;3;2020-03-18;49
2020-03-17;"Bratislavský kraj";13;0;0;0;NA;88620;13;2020-03-17;46
2020-03-16;"Bratislavský kraj";1;0;0;0;NA;88620;1;2020-03-16;33
2020-03-15;"Bratislavský kraj";4;0;0;0;NA;88620;4;2020-03-15;32
2020-03-14;"Bratislavský kraj";9;0;0;0;NA;88620;9;2020-03-14;28
2020-03-13;"Bratislavský kraj";2;0;0;0;NA;88620;2;2020-03-13;19
2020-03-12;"Bratislavský kraj";8;0;0;0;NA;88620;8;2020-03-12;17
2020-03-11;"Bratislavský kraj";3;0;0;0;NA;88620;3;2020-03-11;9
2020-03-09;"Bratislavský kraj";0;0;0;0;NA;88620;0;2020-03-09;6
2020-03-08;"Bratislavský kraj";2;0;0;0;NA;88620;2;2020-03-08;6
2020-03-07;"Bratislavský kraj";2;0;0;0;NA;88620;2;2020-03-07;4
2020-03-06;"Bratislavský kraj";1;0;0;0;NA;88620;1;2020-03-06;2
2021-04-28;"Košický kraj";99;14703;41;14744;51319;94656;140;2021-04-28;94656
2021-04-27;"Košický kraj";98;19853;42;19895;NA;94656;140;2021-04-27;94516
2021-04-26;"Košický kraj";39;25474;89;25563;NA;94656;128;2021-04-26;94376
2021-04-25;"Košický kraj";23;48357;57;48414;NA;94656;80;2021-04-25;94248
2021-04-24;"Košický kraj";66;89281;114;89395;NA;94656;180;2021-04-24;94168
2021-04-23;"Košický kraj";103;41290;75;41365;NA;94656;178;2021-04-23;93988
2021-04-22;"Košický kraj";53;16166;42;16208;NA;94656;95;2021-04-22;93810
2021-04-21;"Košický kraj";109;19533;61;19594;NA;94656;170;2021-04-21;93715
2021-04-20;"Košický kraj";74;25523;63;25586;NA;94656;137;2021-04-20;93545
2021-04-19;"Košický kraj";93;29789;107;29896;NA;94656;200;2021-04-19;93408
2021-04-18;"Košický kraj";9;48982;77;49059;NA;94656;86;2021-04-18;93208
2021-04-17;"Košický kraj";183;83867;103;83970;NA;94656;286;2021-04-17;93122
2021-04-16;"Košický kraj";81;41494;128;41622;NA;94656;209;2021-04-16;92836
2021-04-15;"Košický kraj";100;18537;93;18630;NA;94656;193;2021-04-15;92627
2021-04-14;"Košický kraj";113;20081;64;20145;NA;94656;177;2021-04-14;92434
2021-04-13;"Košický kraj";74;23248;120;23368;NA;94656;194;2021-04-13;92257
2021-04-12;"Košický kraj";128;26399;123;26522;NA;94656;251;2021-04-12;92063
2021-04-11;"Košický kraj";27;46916;79;46995;NA;94656;106;2021-04-11;91812
2021-04-10;"Košický kraj";135;99886;187;100073;NA;94656;322;2021-04-10;91706
2021-04-09;"Košický kraj";165;35305;130;35435;NA;94656;295;2021-04-09;91384
2021-04-08;"Košický kraj";77;18518;90;18608;NA;94656;167;2021-04-08;91089
2021-04-07;"Košický kraj";207;28031;195;28226;NA;94656;402;2021-04-07;90922
2021-04-06;"Košický kraj";121;36474;163;36637;NA;94656;284;2021-04-06;90520
2021-04-05;"Košický kraj";19;14347;65;14412;NA;94656;84;2021-04-05;90236
2021-04-04;"Košický kraj";33;15171;68;15239;NA;94656;101;2021-04-04;90152
2021-04-03;"Košický kraj";138;96413;238;96651;NA;94656;376;2021-04-03;90051
2021-04-02;"Košický kraj";113;24389;86;24475;NA;94656;199;2021-04-02;89675
2021-04-01;"Košický kraj";159;46076;146;46222;NA;94656;305;2021-04-01;89476
2021-03-31;"Košický kraj";144;29808;127;29935;NA;94656;271;2021-03-31;89171
2021-03-30;"Košický kraj";216;24108;163;24271;NA;94656;379;2021-03-30;88900
2021-03-29;"Košický kraj";78;28727;192;28919;NA;94656;270;2021-03-29;88521
2021-03-28;"Košický kraj";39;44263;128;44391;NA;94656;167;2021-03-28;88251
2021-03-27;"Košický kraj";207;96635;267;96902;NA;94656;474;2021-03-27;88084
2021-03-26;"Košický kraj";225;45262;202;45464;NA;94656;427;2021-03-26;87610
2021-03-25;"Košický kraj";120;23789;174;23963;NA;94656;294;2021-03-25;87183
2021-03-24;"Košický kraj";149;20685;157;20842;NA;94656;306;2021-03-24;86889
2021-03-23;"Košický kraj";180;22480;190;22670;NA;94656;370;2021-03-23;86583
2021-03-22;"Košický kraj";169;26742;227;26969;NA;94656;396;2021-03-22;86213
2021-03-21;"Košický kraj";96;46792;167;46959;NA;94656;263;2021-03-21;85817
2021-03-20;"Košický kraj";122;101376;315;101691;NA;94656;437;2021-03-20;85554
2021-03-19;"Košický kraj";198;45707;258;45965;NA;94656;456;2021-03-19;85117
2021-03-18;"Košický kraj";261;23831;211;24042;NA;94656;472;2021-03-18;84661
2021-03-17;"Košický kraj";165;21559;197;21756;NA;94656;362;2021-03-17;84189
2021-03-16;"Košický kraj";356;23431;226;23657;NA;94656;582;2021-03-16;83827
2021-03-15;"Košický kraj";173;27794;294;28088;NA;94656;467;2021-03-15;83245
2021-03-14;"Košický kraj";143;44419;226;44645;NA;94656;369;2021-03-14;82778
2021-03-13;"Košický kraj";135;103822;480;104302;NA;94656;615;2021-03-13;82409
2021-03-12;"Košický kraj";335;47839;322;48161;NA;94656;657;2021-03-12;81794
2021-03-11;"Košický kraj";386;23225;261;23486;NA;94656;647;2021-03-11;81137
2021-03-10;"Košický kraj";106;22199;268;22467;NA;94656;374;2021-03-10;80490
2021-03-09;"Košický kraj";644;24524;301;24825;NA;94656;945;2021-03-09;80116
2021-03-08;"Košický kraj";556;29679;342;30021;NA;94656;898;2021-03-08;79171
2021-03-07;"Košický kraj";45;44273;299;44572;NA;94656;344;2021-03-07;78273
2021-03-06;"Košický kraj";156;105659;536;106195;NA;94656;692;2021-03-06;77929
2021-03-05;"Košický kraj";422;45564;422;45986;NA;94656;844;2021-03-05;77237
2021-03-04;"Košický kraj";390;23862;321;24183;NA;94656;711;2021-03-04;76393
2021-03-03;"Košický kraj";345;23141;297;23438;NA;94656;642;2021-03-03;75682
2021-03-02;"Košický kraj";419;24158;372;24530;NA;94656;791;2021-03-02;75040
2021-03-01;"Košický kraj";388;29980;512;30492;NA;94656;900;2021-03-01;74249
2021-02-28;"Košický kraj";264;43053;334;43387;NA;94656;598;2021-02-28;73349
2021-02-27;"Košický kraj";277;101274;787;102061;NA;94656;1064;2021-02-27;72751
2021-02-26;"Košický kraj";417;45466;492;45958;NA;94656;909;2021-02-26;71687
2021-02-25;"Košický kraj";314;19872;342;20214;NA;94656;656;2021-02-25;70778
2021-02-24;"Košický kraj";235;18815;506;19321;NA;94656;741;2021-02-24;70122
2021-02-23;"Košický kraj";605;21592;341;21933;NA;94656;946;2021-02-23;69381
2021-02-22;"Košický kraj";361;30830;434;31264;NA;94656;795;2021-02-22;68435
2021-02-21;"Košický kraj";169;40464;385;40849;NA;94656;554;2021-02-21;67640
2021-02-20;"Košický kraj";256;92550;770;93320;NA;94656;1026;2021-02-20;67086
2021-02-19;"Košický kraj";482;42016;586;42602;NA;94656;1068;2021-02-19;66060
2021-02-18;"Košický kraj";376;18442;345;18787;NA;94656;721;2021-02-18;64992
2021-02-17;"Košický kraj";285;18080;387;18467;NA;94656;672;2021-02-17;64271
2021-02-16;"Košický kraj";525;22137;463;22600;NA;94656;988;2021-02-16;63599
2021-02-15;"Košický kraj";216;27633;419;28052;NA;94656;635;2021-02-15;62611
2021-02-14;"Košický kraj";240;56743;524;57267;NA;94656;764;2021-02-14;61976
2021-02-13;"Košický kraj";186;93779;765;94544;NA;94656;951;2021-02-13;61212
2021-02-12;"Košický kraj";420;50184;611;50795;NA;94656;1031;2021-02-12;60261
2021-02-11;"Košický kraj";391;14524;323;14847;NA;94656;714;2021-02-11;59230
2021-02-10;"Košický kraj";315;18475;431;18906;NA;94656;746;2021-02-10;58516
2021-02-09;"Košický kraj";492;24841;463;25304;NA;94656;955;2021-02-09;57770
2021-02-08;"Košický kraj";236;24836;392;25228;NA;94656;628;2021-02-08;56815
2021-02-07;"Košický kraj";206;56897;612;57509;NA;94656;818;2021-02-07;56187
2021-02-06;"Košický kraj";279;104357;884;105241;NA;94656;1163;2021-02-06;55369
2021-02-05;"Košický kraj";319;43186;494;43680;NA;94656;813;2021-02-05;54206
2021-02-04;"Košický kraj";365;14508;371;14879;NA;94656;736;2021-02-04;53393
2021-02-03;"Košický kraj";268;12599;339;12938;NA;94656;607;2021-02-03;52657
2021-02-02;"Košický kraj";421;43883;1212;45095;NA;94656;1633;2021-02-02;52050
2021-02-01;"Košický kraj";415;21965;362;22327;NA;94656;777;2021-02-01;50417
2021-01-31;"Košický kraj";141;54154;609;54763;NA;94656;750;2021-01-31;49640
2021-01-30;"Košický kraj";290;76925;665;77590;NA;94656;955;2021-01-30;48890
2021-01-29;"Košický kraj";278;37130;466;37596;NA;94656;744;2021-01-29;47935
2021-01-28;"Košický kraj";524;9006;244;9250;NA;94656;768;2021-01-28;47191
2021-01-27;"Košický kraj";258;7575;211;7786;NA;94656;469;2021-01-27;46423
2021-01-26;"Košický kraj";501;14256;246;14502;NA;94656;747;2021-01-26;45954
2021-01-25;"Košický kraj";225;26430;413;26843;NA;94656;638;2021-01-25;45207
2021-01-24;"Košický kraj";148;44419;581;45000;NA;94656;729;2021-01-24;44569
2021-01-23;"Košický kraj";217;82705;857;83562;NA;94656;1074;2021-01-23;43840
2021-01-22;"Košický kraj";282;19993;265;20258;NA;94656;547;2021-01-22;42766
2021-01-21;"Košický kraj";258;14047;158;14205;NA;94656;416;2021-01-21;42219
2021-01-20;"Košický kraj";355;10843;201;11044;NA;94656;556;2021-01-20;41803
2021-01-19;"Košický kraj";231;9717;181;9898;NA;94656;412;2021-01-19;41247
2021-01-18;"Košický kraj";333;7659;262;7921;NA;94656;595;2021-01-18;40835
2021-01-17;"Košický kraj";154;535;14;549;NA;94656;168;2021-01-17;40240
2021-01-16;"Košický kraj";136;1403;47;1450;NA;94656;183;2021-01-16;40072
2021-01-15;"Košický kraj";299;6443;213;6656;NA;94656;512;2021-01-15;39889
2021-01-14;"Košický kraj";351;5471;221;5692;NA;94656;572;2021-01-14;39377
2021-01-13;"Košický kraj";408;4897;226;5123;NA;94656;634;2021-01-13;38805
2021-01-12;"Košický kraj";465;6689;258;6947;NA;94656;723;2021-01-12;38171
2021-01-11;"Košický kraj";308;7945;304;8249;NA;94656;612;2021-01-11;37448
2021-01-10;"Košický kraj";192;136;6;142;NA;94656;198;2021-01-10;36836
2021-01-09;"Košický kraj";455;1134;45;1179;NA;94656;500;2021-01-09;36638
2021-01-08;"Košický kraj";531;8222;388;8610;NA;94656;919;2021-01-08;36138
2021-01-07;"Košický kraj";239;6566;434;7000;NA;94656;673;2021-01-07;35219
2021-01-06;"Košický kraj";439;429;33;462;NA;94656;472;2021-01-06;34546
2021-01-05;"Košický kraj";557;8100;560;8660;NA;94656;1117;2021-01-05;34074
2021-01-04;"Košický kraj";405;7113;737;7850;NA;94656;1142;2021-01-04;32957
2021-01-03;"Košický kraj";118;661;22;683;NA;94656;140;2021-01-03;31815
2021-01-02;"Košický kraj";87;440;52;492;NA;94656;139;2021-01-02;31675
2021-01-01;"Košický kraj";373;725;49;774;NA;94656;422;2021-01-01;31536
2020-12-31;"Košický kraj";608;7877;461;8338;NA;94656;1069;2020-12-31;31114
2020-12-30;"Košický kraj";561;6477;412;6889;NA;94656;973;2020-12-30;30045
2020-12-29;"Košický kraj";397;7573;605;8178;NA;94656;1002;2020-12-29;29072
2020-12-28;"Košický kraj";350;8296;804;9100;NA;94656;1154;2020-12-28;28070
2020-12-27;"Košický kraj";135;147;16;163;NA;94656;151;2020-12-27;26916
2020-12-26;"Košický kraj";162;274;23;297;NA;94656;185;2020-12-26;26765
2020-12-25;"Košický kraj";233;140;10;150;NA;94656;243;2020-12-25;26580
2020-12-24;"Košický kraj";523;1470;90;1560;NA;94656;613;2020-12-24;26337
2020-12-23;"Košický kraj";299;7942;354;8296;NA;94656;653;2020-12-23;25724
2020-12-22;"Košický kraj";426;7920;459;8379;NA;94656;885;2020-12-22;25071
2020-12-21;"Košický kraj";400;6984;509;7493;NA;94656;909;2020-12-21;24186
2020-12-20;"Košický kraj";209;73;11;84;NA;94656;220;2020-12-20;23277
2020-12-19;"Košický kraj";194;1309;63;1372;NA;94656;257;2020-12-19;23057
2020-12-18;"Košický kraj";308;8484;326;8810;NA;94656;634;2020-12-18;22800
2020-12-17;"Košický kraj";442;5292;255;5547;NA;94656;697;2020-12-17;22166
2020-12-16;"Košický kraj";426;5898;316;6214;NA;94656;742;2020-12-16;21469
2020-12-15;"Košický kraj";288;5086;338;5424;NA;94656;626;2020-12-15;20727
2020-12-14;"Košický kraj";256;3401;264;3665;NA;94656;520;2020-12-14;20101
2020-12-13;"Košický kraj";47;181;2;183;NA;94656;49;2020-12-13;19581
2020-12-12;"Košický kraj";350;1587;118;1705;NA;94656;468;2020-12-12;19532
2020-12-11;"Košický kraj";338;5461;258;5719;NA;94656;596;2020-12-11;19064
2020-12-10;"Košický kraj";276;4064;176;4240;NA;94656;452;2020-12-10;18468
2020-12-09;"Košický kraj";271;3786;166;3952;NA;94656;437;2020-12-09;18016
2020-12-08;"Košický kraj";214;4105;355;4460;NA;94656;569;2020-12-08;17579
2020-12-07;"Košický kraj";270;2383;106;2489;NA;94656;376;2020-12-07;17010
2020-12-06;"Košický kraj";120;97;20;117;NA;94656;140;2020-12-06;16634
2020-12-05;"Košický kraj";85;1096;48;1144;NA;94656;133;2020-12-05;16494
2020-12-04;"Košický kraj";219;2680;82;2762;NA;94656;301;2020-12-04;16361
2020-12-03;"Košický kraj";201;7717;173;7890;NA;94656;374;2020-12-03;16060
2020-12-02;"Košický kraj";182;8132;496;8628;NA;94656;678;2020-12-02;15686
2020-12-01;"Košický kraj";170;2237;124;2361;NA;94656;294;2020-12-01;15008
2020-11-30;"Košický kraj";170;3645;58;3703;NA;94656;228;2020-11-30;14714
2020-11-29;"Košický kraj";31;325;17;342;NA;94656;48;2020-11-29;14486
2020-11-28;"Košický kraj";65;721;52;773;NA;94656;117;2020-11-28;14438
2020-11-27;"Košický kraj";148;2921;78;2999;NA;94656;226;2020-11-27;14321
2020-11-26;"Košický kraj";234;1234;60;1294;NA;94656;294;2020-11-26;14095
2020-11-25;"Košický kraj";233;1785;123;1908;NA;94656;356;2020-11-25;13801
2020-11-24;"Košický kraj";190;1976;67;2043;NA;94656;257;2020-11-24;13445
2020-11-23;"Košický kraj";51;4115;63;4178;NA;94656;114;2020-11-23;13188
2020-11-22;"Košický kraj";56;57;5;62;NA;94656;61;2020-11-22;13074
2020-11-21;"Košický kraj";84;858;36;894;NA;94656;120;2020-11-21;13013
2020-11-20;"Košický kraj";173;3084;49;3133;NA;94656;222;2020-11-20;12893
2020-11-19;"Košický kraj";201;1736;48;1784;NA;94656;249;2020-11-19;12671
2020-11-18;"Košický kraj";122;532;17;549;NA;94656;139;2020-11-18;12422
2020-11-17;"Košický kraj";147;82;9;91;NA;94656;156;2020-11-17;12283
2020-11-16;"Košický kraj";112;596;27;623;NA;94656;139;2020-11-16;12127
2020-11-15;"Košický kraj";15;338;7;345;NA;94656;22;2020-11-15;11988
2020-11-14;"Košický kraj";220;520;12;532;NA;94656;232;2020-11-14;11966
2020-11-13;"Košický kraj";201;664;29;693;NA;94656;230;2020-11-13;11734
2020-11-12;"Košický kraj";165;736;13;749;NA;94656;178;2020-11-12;11504
2020-11-11;"Košický kraj";288;593;7;600;NA;94656;295;2020-11-11;11326
2020-11-10;"Košický kraj";182;541;11;552;NA;94656;193;2020-11-10;11031
2020-11-09;"Košický kraj";129;380;17;397;NA;94656;146;2020-11-09;10838
2020-11-08;"Košický kraj";78;1306;8;1314;NA;94656;86;2020-11-08;10692
2020-11-07;"Košický kraj";182;3909;22;3931;NA;94656;204;2020-11-07;10606
2020-11-06;"Košický kraj";193;5310;34;5344;NA;94656;227;2020-11-06;10402
2020-11-05;"Košický kraj";334;330;31;361;NA;94656;365;2020-11-05;10175
2020-11-04;"Košický kraj";95;154;6;160;NA;94656;101;2020-11-04;9810
2020-11-03;"Košický kraj";342;1122;13;1135;NA;94656;355;2020-11-03;9709
2020-11-02;"Košický kraj";111;6125;56;6181;NA;94656;167;2020-11-02;9354
2020-11-01;"Košický kraj";342;6522;34;6556;NA;94656;376;2020-11-01;9187
2020-10-31;"Košický kraj";82;14035;106;14141;NA;94656;188;2020-10-31;8811
2020-10-30;"Košický kraj";375;2835;27;2862;NA;94656;402;2020-10-30;8623
2020-10-29;"Košický kraj";321;983;13;996;NA;94656;334;2020-10-29;8221
2020-10-28;"Košický kraj";215;305;13;318;NA;94656;228;2020-10-28;7887
2020-10-27;"Košický kraj";385;439;21;460;NA;94656;406;2020-10-27;7659
2020-10-26;"Košický kraj";56;227;12;239;NA;94656;68;2020-10-26;7253
2020-10-25;"Košický kraj";152;79;2;81;NA;94656;154;2020-10-25;7185
2020-10-24;"Košický kraj";313;118;16;134;NA;94656;329;2020-10-24;7031
2020-10-23;"Košický kraj";300;331;8;339;NA;94656;308;2020-10-23;6702
2020-10-22;"Košický kraj";342;530;16;546;NA;94656;358;2020-10-22;6394
2020-10-21;"Košický kraj";128;84;2;86;NA;94656;130;2020-10-21;6036
2020-10-20;"Košický kraj";178;14;1;15;NA;94656;179;2020-10-20;5906
2020-10-19;"Košický kraj";63;38;1;39;NA;94656;64;2020-10-19;5727
2020-10-18;"Košický kraj";153;0;0;0;NA;94656;153;2020-10-18;5663
2020-10-17;"Košický kraj";142;0;0;0;NA;94656;142;2020-10-17;5510
2020-10-16;"Košický kraj";196;19;0;19;NA;94656;196;2020-10-16;5368
2020-10-15;"Košický kraj";172;19;5;24;NA;94656;177;2020-10-15;5172
2020-10-14;"Košický kraj";205;8;0;8;NA;94656;205;2020-10-14;4995
2020-10-13;"Košický kraj";173;80;3;83;NA;94656;176;2020-10-13;4790
2020-10-12;"Košický kraj";74;0;0;0;NA;94656;74;2020-10-12;4614
2020-10-11;"Košický kraj";120;0;0;0;NA;94656;120;2020-10-11;4540
2020-10-10;"Košický kraj";69;0;0;0;NA;94656;69;2020-10-10;4420
2020-10-09;"Košický kraj";185;0;0;0;NA;94656;185;2020-10-09;4351
2020-10-08;"Košický kraj";102;0;0;0;NA;94656;102;2020-10-08;4166
2020-10-07;"Košický kraj";156;0;0;0;NA;94656;156;2020-10-07;4064
2020-10-06;"Košický kraj";68;0;0;0;NA;94656;68;2020-10-06;3908
2020-10-05;"Košický kraj";39;0;0;0;NA;94656;39;2020-10-05;3840
2020-10-04;"Košický kraj";44;0;0;0;NA;94656;44;2020-10-04;3801
2020-10-03;"Košický kraj";105;0;0;0;NA;94656;105;2020-10-03;3757
2020-10-02;"Košický kraj";57;0;0;0;NA;94656;57;2020-10-02;3652
2020-10-01;"Košický kraj";69;0;0;0;NA;94656;69;2020-10-01;3595
2020-09-30;"Košický kraj";94;0;0;0;NA;94656;94;2020-09-30;3526
2020-09-29;"Košický kraj";75;0;0;0;NA;94656;75;2020-09-29;3432
2020-09-28;"Košický kraj";19;0;0;0;NA;94656;19;2020-09-28;3357
2020-09-27;"Košický kraj";21;0;0;0;NA;94656;21;2020-09-27;3338
2020-09-26;"Košický kraj";52;0;0;0;NA;94656;52;2020-09-26;3317
2020-09-25;"Košický kraj";69;0;0;0;NA;94656;69;2020-09-25;3265
2020-09-24;"Košický kraj";35;0;0;0;NA;94656;35;2020-09-24;3196
2020-09-23;"Košický kraj";22;0;0;0;NA;94656;22;2020-09-23;3161
2020-09-22;"Košický kraj";38;0;0;0;NA;94656;38;2020-09-22;3139
2020-09-21;"Košický kraj";5;0;0;0;NA;94656;5;2020-09-21;3101
2020-09-20;"Košický kraj";3;0;0;0;NA;94656;3;2020-09-20;3096
2020-09-19;"Košický kraj";13;0;0;0;NA;94656;13;2020-09-19;3093
2020-09-18;"Košický kraj";20;0;0;0;NA;94656;20;2020-09-18;3080
2020-09-17;"Košický kraj";22;0;0;0;NA;94656;22;2020-09-17;3060
2020-09-16;"Košický kraj";12;0;0;0;NA;94656;12;2020-09-16;3038
2020-09-15;"Košický kraj";10;0;0;0;NA;94656;10;2020-09-15;3026
2020-09-14;"Košický kraj";6;0;0;0;NA;94656;6;2020-09-14;3016
2020-09-13;"Košický kraj";3;0;0;0;NA;94656;3;2020-09-13;3010
2020-09-12;"Košický kraj";16;0;0;0;NA;94656;16;2020-09-12;3007
2020-09-11;"Košický kraj";20;0;0;0;NA;94656;20;2020-09-11;2991
2020-09-10;"Košický kraj";11;0;0;0;NA;94656;11;2020-09-10;2971
2020-09-09;"Košický kraj";37;0;0;0;NA;94656;37;2020-09-09;2960
2020-09-08;"Košický kraj";10;0;0;0;NA;94656;10;2020-09-08;2923
2020-09-07;"Košický kraj";4;0;0;0;NA;94656;4;2020-09-07;2913
2020-09-06;"Košický kraj";2;0;0;0;NA;94656;2;2020-09-06;2909
2020-09-05;"Košický kraj";10;0;0;0;NA;94656;10;2020-09-05;2907
2020-09-04;"Košický kraj";14;0;0;0;NA;94656;14;2020-09-04;2897
2020-09-03;"Košický kraj";21;0;0;0;NA;94656;21;2020-09-03;2883
2020-09-02;"Košický kraj";11;0;0;0;NA;94656;11;2020-09-02;2862
2020-09-01;"Košický kraj";21;0;0;0;NA;94656;21;2020-09-01;2851
2020-08-31;"Košický kraj";9;0;0;0;NA;94656;9;2020-08-31;2830
2020-08-30;"Košický kraj";20;0;0;0;NA;94656;20;2020-08-30;2821
2020-08-29;"Košický kraj";1;0;0;0;NA;94656;1;2020-08-29;2801
2020-08-28;"Košický kraj";19;0;0;0;NA;94656;19;2020-08-28;2800
2020-08-27;"Košický kraj";10;0;0;0;NA;94656;10;2020-08-27;2781
2020-08-26;"Košický kraj";8;0;0;0;NA;94656;8;2020-08-26;2771
2020-08-25;"Košický kraj";22;0;0;0;NA;94656;22;2020-08-25;2763
2020-08-24;"Košický kraj";6;0;0;0;NA;94656;6;2020-08-24;2741
2020-08-23;"Košický kraj";8;0;0;0;NA;94656;8;2020-08-23;2735
2020-08-22;"Košický kraj";13;0;0;0;NA;94656;13;2020-08-22;2727
2020-08-21;"Košický kraj";10;0;0;0;NA;94656;10;2020-08-21;2714
2020-08-20;"Košický kraj";10;0;0;0;NA;94656;10;2020-08-20;2704
2020-08-19;"Košický kraj";3;0;0;0;NA;94656;3;2020-08-19;2694
2020-08-18;"Košický kraj";7;0;0;0;NA;94656;7;2020-08-18;2691
2020-08-17;"Košický kraj";2;0;0;0;NA;94656;2;2020-08-17;2684
2020-08-16;"Košický kraj";2;0;0;0;NA;94656;2;2020-08-16;2682
2020-08-15;"Košický kraj";3;0;0;0;NA;94656;3;2020-08-15;2680
2020-08-14;"Košický kraj";1;0;0;0;NA;94656;1;2020-08-14;2677
2020-08-13;"Košický kraj";3;0;0;0;NA;94656;3;2020-08-13;2676
2020-08-12;"Košický kraj";12;0;0;0;NA;94656;12;2020-08-12;2673
2020-08-11;"Košický kraj";4;0;0;0;NA;94656;4;2020-08-11;2661
2020-08-10;"Košický kraj";1;0;0;0;NA;94656;1;2020-08-10;2657
2020-08-09;"Košický kraj";0;0;0;0;NA;94656;0;2020-08-09;2656
2020-08-08;"Košický kraj";5;0;0;0;NA;94656;5;2020-08-08;2656
2020-08-07;"Košický kraj";7;0;0;0;NA;94656;7;2020-08-07;2651
2020-08-06;"Košický kraj";3;0;0;0;NA;94656;3;2020-08-06;2644
2020-08-05;"Košický kraj";3;0;0;0;NA;94656;3;2020-08-05;2641
2020-08-04;"Košický kraj";1;0;0;0;NA;94656;1;2020-08-04;2638
2020-08-03;"Košický kraj";1;0;0;0;NA;94656;1;2020-08-03;2637
2020-08-02;"Košický kraj";0;0;0;0;NA;94656;0;2020-08-02;2636
2020-08-01;"Košický kraj";0;0;0;0;NA;94656;0;2020-08-01;2636
2020-07-31;"Košický kraj";0;0;0;0;NA;94656;0;2020-07-31;2636
2020-07-30;"Košický kraj";2;0;0;0;NA;94656;2;2020-07-30;2636
2020-07-29;"Košický kraj";1;0;0;0;NA;94656;1;2020-07-29;2634
2020-07-28;"Košický kraj";9;0;0;0;NA;94656;9;2020-07-28;2633
2020-07-27;"Košický kraj";4;0;0;0;NA;94656;4;2020-07-27;2624
2020-07-26;"Košický kraj";0;0;0;0;NA;94656;0;2020-07-26;2620
2020-07-25;"Košický kraj";2;0;0;0;NA;94656;2;2020-07-25;2620
2020-07-24;"Košický kraj";2;0;0;0;NA;94656;2;2020-07-24;2618
2020-07-23;"Košický kraj";1;0;0;0;NA;94656;1;2020-07-23;2616
2020-07-22;"Košický kraj";1;0;0;0;NA;94656;1;2020-07-22;2615
2020-07-21;"Košický kraj";0;0;0;0;NA;94656;0;2020-07-21;2614
2020-07-20;"Košický kraj";0;0;0;0;NA;94656;0;2020-07-20;2614
2020-07-19;"Košický kraj";0;0;0;0;NA;94656;0;2020-07-19;2614
2020-07-18;"Košický kraj";1;0;0;0;NA;94656;1;2020-07-18;2614
2020-07-17;"Košický kraj";1;0;0;0;NA;94656;1;2020-07-17;2613
2020-07-16;"Košický kraj";0;0;0;0;NA;94656;0;2020-07-16;2612
2020-07-15;"Košický kraj";2;0;0;0;NA;94656;2;2020-07-15;2612
2020-07-14;"Košický kraj";1;0;0;0;NA;94656;1;2020-07-14;2610
2020-07-13;"Košický kraj";1;0;0;0;NA;94656;1;2020-07-13;2609
2020-07-12;"Košický kraj";0;0;0;0;NA;94656;0;2020-07-12;2608
2020-07-11;"Košický kraj";0;0;0;0;NA;94656;0;2020-07-11;2608
2020-07-10;"Košický kraj";1;0;0;0;NA;94656;1;2020-07-10;2608
2020-07-09;"Košický kraj";1;0;0;0;NA;94656;1;2020-07-09;2607
2020-07-08;"Košický kraj";12;0;0;0;NA;94656;12;2020-07-08;2606
2020-07-07;"Košický kraj";0;0;0;0;NA;94656;0;2020-07-07;2594
2020-07-06;"Košický kraj";0;0;0;0;NA;94656;0;2020-07-06;2594
2020-07-05;"Košický kraj";0;0;0;0;NA;94656;0;2020-07-05;2594
2020-07-04;"Košický kraj";0;0;0;0;NA;94656;0;2020-07-04;2594
2020-07-03;"Košický kraj";1;0;0;0;NA;94656;1;2020-07-03;2594
2020-07-02;"Košický kraj";0;0;0;0;NA;94656;0;2020-07-02;2593
2020-07-01;"Košický kraj";1;0;0;0;NA;94656;1;2020-07-01;2593
2020-06-30;"Košický kraj";0;0;0;0;NA;94656;0;2020-06-30;2592
2020-06-29;"Košický kraj";0;0;0;0;NA;94656;0;2020-06-29;2592
2020-06-28;"Košický kraj";0;0;0;0;NA;94656;0;2020-06-28;2592
2020-06-27;"Košický kraj";0;0;0;0;NA;94656;0;2020-06-27;2592
2020-06-26;"Košický kraj";0;0;0;0;NA;94656;0;2020-06-26;2592
2020-06-25;"Košický kraj";3;0;0;0;NA;94656;3;2020-06-25;2592
2020-06-24;"Košický kraj";3;0;0;0;NA;94656;3;2020-06-24;2589
2020-06-23;"Košický kraj";3;0;0;0;NA;94656;3;2020-06-23;2586
2020-06-22;"Košický kraj";0;0;0;0;NA;94656;0;2020-06-22;2583
2020-06-21;"Košický kraj";0;0;0;0;NA;94656;0;2020-06-21;2583
2020-06-20;"Košický kraj";0;0;0;0;NA;94656;0;2020-06-20;2583
2020-06-19;"Košický kraj";0;0;0;0;NA;94656;0;2020-06-19;2583
2020-06-18;"Košický kraj";1;0;0;0;NA;94656;1;2020-06-18;2583
2020-06-17;"Košický kraj";0;0;0;0;NA;94656;0;2020-06-17;2582
2020-06-16;"Košický kraj";2;0;0;0;NA;94656;2;2020-06-16;2582
2020-06-14;"Košický kraj";0;0;0;0;NA;94656;0;2020-06-14;2580
2020-06-13;"Košický kraj";0;0;0;0;NA;94656;0;2020-06-13;2580
2020-06-12;"Košický kraj";0;0;0;0;NA;94656;0;2020-06-12;2580
2020-06-11;"Košický kraj";0;0;0;0;NA;94656;0;2020-06-11;2580
2020-06-10;"Košický kraj";0;0;0;0;NA;94656;0;2020-06-10;2580
2020-06-09;"Košický kraj";0;0;0;0;NA;94656;0;2020-06-09;2580
2020-06-08;"Košický kraj";0;0;0;0;NA;94656;0;2020-06-08;2580
2020-06-07;"Košický kraj";1;0;0;0;NA;94656;1;2020-06-07;2580
2020-06-05;"Košický kraj";0;0;0;0;NA;94656;0;2020-06-05;2579
2020-06-03;"Košický kraj";0;0;0;0;NA;94656;0;2020-06-03;2579
2020-06-02;"Košický kraj";1;0;0;0;NA;94656;1;2020-06-02;2579
2020-05-31;"Košický kraj";0;0;0;0;NA;94656;0;2020-05-31;2578
2020-05-29;"Košický kraj";1;0;0;0;NA;94656;1;2020-05-29;2578
2020-05-27;"Košický kraj";0;0;0;0;NA;94656;0;2020-05-27;2577
2020-05-26;"Košický kraj";1;0;0;0;NA;94656;1;2020-05-26;2577
2020-05-25;"Košický kraj";1;0;0;0;NA;94656;1;2020-05-25;2576
2020-05-24;"Košický kraj";0;0;0;0;NA;94656;0;2020-05-24;2575
2020-05-23;"Košický kraj";0;0;0;0;NA;94656;0;2020-05-23;2575
2020-05-22;"Košický kraj";0;0;0;0;NA;94656;0;2020-05-22;2575
2020-05-21;"Košický kraj";0;0;0;0;NA;94656;0;2020-05-21;2575
2020-05-20;"Košický kraj";0;0;0;0;NA;94656;0;2020-05-20;2575
2020-05-19;"Košický kraj";0;0;0;0;NA;94656;0;2020-05-19;2575
2020-05-17;"Košický kraj";1;0;0;0;NA;94656;1;2020-05-17;2575
2020-05-16;"Košický kraj";1;0;0;0;NA;94656;1;2020-05-16;2574
2020-05-15;"Košický kraj";10;0;0;0;NA;94656;10;2020-05-15;2573
2020-05-14;"Košický kraj";1;0;0;0;NA;94656;1;2020-05-14;2563
2020-05-13;"Košický kraj";6;0;0;0;NA;94656;6;2020-05-13;2562
2020-05-12;"Košický kraj";0;0;0;0;NA;94656;0;2020-05-12;2556
2020-05-11;"Košický kraj";0;0;0;0;NA;94656;0;2020-05-11;2556
2020-05-09;"Košický kraj";0;0;0;0;NA;94656;0;2020-05-09;2556
2020-05-07;"Košický kraj";0;0;0;0;NA;94656;0;2020-05-07;2556
2020-05-06;"Košický kraj";1;0;0;0;NA;94656;1;2020-05-06;2556
2020-05-05;"Košický kraj";0;0;0;0;NA;94656;0;2020-05-05;2555
2020-05-04;"Košický kraj";0;0;0;0;NA;94656;0;2020-05-04;2555
2020-05-03;"Košický kraj";0;0;0;0;NA;94656;0;2020-05-03;2555
2020-05-02;"Košický kraj";1;0;0;0;NA;94656;1;2020-05-02;2555
2020-05-01;"Košický kraj";0;0;0;0;NA;94656;0;2020-05-01;2554
2020-04-30;"Košický kraj";1;0;0;0;NA;94656;1;2020-04-30;2554
2020-04-29;"Košický kraj";1;0;0;0;NA;94656;1;2020-04-29;2553
2020-04-28;"Košický kraj";1;0;0;0;NA;94656;1;2020-04-28;2552
2020-04-27;"Košický kraj";1;0;0;0;NA;94656;1;2020-04-27;2551
2020-04-26;"Košický kraj";0;0;0;0;NA;94656;0;2020-04-26;2550
2020-04-25;"Košický kraj";0;0;0;0;NA;94656;0;2020-04-25;2550
2020-04-24;"Košický kraj";3;0;0;0;NA;94656;3;2020-04-24;2550
2020-04-23;"Košický kraj";4;0;0;0;NA;94656;4;2020-04-23;2547
2020-04-22;"Košický kraj";21;0;0;0;NA;94656;21;2020-04-22;2543
2020-04-21;"Košický kraj";3;0;0;0;NA;94656;3;2020-04-21;2522
2020-04-20;"Košický kraj";0;0;0;0;NA;94656;0;2020-04-20;2519
2020-04-19;"Košický kraj";1;0;0;0;NA;94656;1;2020-04-19;2519
2020-04-18;"Košický kraj";2;0;0;0;NA;94656;2;2020-04-18;2518
2020-04-17;"Košický kraj";7;0;0;0;NA;94656;7;2020-04-17;2516
2020-04-16;"Košický kraj";23;0;0;0;NA;94656;23;2020-04-16;2509
2020-04-15;"Košický kraj";50;0;0;0;NA;94656;50;2020-04-15;2486
2020-04-14;"Košický kraj";3;0;0;0;NA;94656;3;2020-04-14;2436
2020-04-13;"Košický kraj";5;0;0;0;NA;94656;5;2020-04-13;2433
2020-04-12;"Košický kraj";4;0;0;0;NA;94656;4;2020-04-12;2428
2020-04-11;"Košický kraj";2;0;0;0;NA;94656;2;2020-04-11;2424
2020-04-10;"Košický kraj";1;0;0;0;NA;94656;1;2020-04-10;2422
2020-04-09;"Košický kraj";4;0;0;0;NA;94656;4;2020-04-09;2421
2020-04-08;"Košický kraj";5;2;0;2;NA;94656;5;2020-04-08;2417
2020-04-07;"Košický kraj";33;0;0;0;NA;94656;33;2020-04-07;2412
2020-04-06;"Košický kraj";6;0;0;0;NA;94656;6;2020-04-06;2379
2020-04-05;"Košický kraj";4;0;0;0;NA;94656;4;2020-04-05;2373
2020-04-04;"Košický kraj";5;0;0;0;NA;94656;5;2020-04-04;2369
2020-04-03;"Košický kraj";4;0;0;0;NA;94656;4;2020-04-03;2364
2020-04-02;"Košický kraj";3;0;0;0;NA;94656;3;2020-04-02;2360
2020-04-01;"Košický kraj";3;0;0;0;NA;94656;3;2020-04-01;2357
2020-03-31;"Košický kraj";1;0;0;0;NA;94656;1;2020-03-31;2354
2020-03-30;"Košický kraj";3;0;0;0;NA;94656;3;2020-03-30;2353
2020-03-29;"Košický kraj";0;0;0;0;NA;94656;0;2020-03-29;2350
2020-03-28;"Košický kraj";1;0;0;0;NA;94656;1;2020-03-28;2350
2020-03-27;"Košický kraj";1;0;0;0;NA;94656;1;2020-03-27;2349
2020-03-26;"Košický kraj";3;0;0;0;NA;94656;3;2020-03-26;2348
2020-03-25;"Košický kraj";2;0;0;0;NA;94656;2;2020-03-25;2345
2020-03-24;"Košický kraj";0;0;0;0;NA;94656;0;2020-03-24;2343
2020-03-23;"Košický kraj";2;0;0;0;NA;94656;2;2020-03-23;2343
2020-03-22;"Košický kraj";0;0;0;0;NA;94656;0;2020-03-22;2341
2020-03-21;"Košický kraj";3;0;0;0;NA;94656;3;2020-03-21;2341
2020-03-20;"Košický kraj";1;0;0;0;NA;94656;1;2020-03-20;2338
2020-03-19;"Košický kraj";0;0;0;0;NA;94656;0;2020-03-19;2337
2020-03-18;"Košický kraj";0;0;0;0;NA;94656;0;2020-03-18;2337
2020-03-17;"Košický kraj";0;0;0;0;NA;94656;0;2020-03-17;2337
2020-03-16;"Košický kraj";2;0;0;0;NA;94656;2;2020-03-16;2337
2020-03-15;"Košický kraj";1;0;0;0;NA;94656;1;2020-03-15;2335
2020-03-14;"Košický kraj";0;0;0;0;NA;94656;0;2020-03-14;2334
2020-03-13;"Košický kraj";2;0;0;0;NA;94656;2;2020-03-13;2334
2020-03-12;"Košický kraj";0;0;0;0;NA;94656;0;2020-03-12;2332
2020-03-11;"Košický kraj";0;0;0;0;NA;94656;0;2020-03-11;2332
2020-03-09;"Košický kraj";1;0;0;0;NA;94656;1;2020-03-09;2332
2020-03-08;"Košický kraj";0;0;0;0;NA;94656;0;2020-03-08;2331
2020-03-07;"Košický kraj";0;0;0;0;NA;94656;0;2020-03-07;2331
2020-03-06;"Košický kraj";0;0;0;0;NA;94656;0;2020-03-06;2331
2021-04-28;"Nitriansky kraj";36;13161;39;13200;38634;91262;75;2021-04-28;91262
2021-04-27;"Nitriansky kraj";47;12678;35;12713;NA;91262;82;2021-04-27;91187
2021-04-26;"Nitriansky kraj";36;20392;43;20435;NA;91262;79;2021-04-26;91105
2021-04-25;"Nitriansky kraj";6;41189;40;41229;NA;91262;46;2021-04-25;91026
2021-04-24;"Nitriansky kraj";20;85030;70;85100;NA;91262;90;2021-04-24;90980
2021-04-23;"Nitriansky kraj";48;34760;51;34811;NA;91262;99;2021-04-23;90890
2021-04-22;"Nitriansky kraj";27;15433;44;15477;NA;91262;71;2021-04-22;90791
2021-04-21;"Nitriansky kraj";30;14089;45;14134;NA;91262;75;2021-04-21;90720
2021-04-20;"Nitriansky kraj";64;16053;51;16104;NA;91262;115;2021-04-20;90645
2021-04-19;"Nitriansky kraj";28;24796;59;24855;NA;91262;87;2021-04-19;90530
2021-04-18;"Nitriansky kraj";0;39307;27;39334;NA;91262;27;2021-04-18;90443
2021-04-17;"Nitriansky kraj";29;89024;79;89103;NA;91262;108;2021-04-17;90416
2021-04-16;"Nitriansky kraj";37;32253;37;32290;NA;91262;74;2021-04-16;90308
2021-04-15;"Nitriansky kraj";69;16550;53;16603;NA;91262;122;2021-04-15;90234
2021-04-14;"Nitriansky kraj";38;14994;42;15036;NA;91262;80;2021-04-14;90112
2021-04-13;"Nitriansky kraj";92;15460;45;15505;NA;91262;137;2021-04-13;90032
2021-04-12;"Nitriansky kraj";22;21846;49;21895;NA;91262;71;2021-04-12;89895
2021-04-11;"Nitriansky kraj";1;37537;31;37568;NA;91262;32;2021-04-11;89824
2021-04-10;"Nitriansky kraj";33;90504;106;90610;NA;91262;139;2021-04-10;89792
2021-04-09;"Nitriansky kraj";50;30669;58;30727;NA;91262;108;2021-04-09;89653
2021-04-08;"Nitriansky kraj";62;15455;39;15494;NA;91262;101;2021-04-08;89545
2021-04-07;"Nitriansky kraj";59;18533;43;18576;NA;91262;102;2021-04-07;89444
2021-04-06;"Nitriansky kraj";50;32994;112;33106;NA;91262;162;2021-04-06;89342
2021-04-05;"Nitriansky kraj";31;12673;48;12721;NA;91262;79;2021-04-05;89180
2021-04-04;"Nitriansky kraj";5;17887;35;17922;NA;91262;40;2021-04-04;89101
2021-04-03;"Nitriansky kraj";23;85188;153;85341;NA;91262;176;2021-04-03;89061
2021-04-02;"Nitriansky kraj";28;18591;46;18637;NA;91262;74;2021-04-02;88885
2021-04-01;"Nitriansky kraj";50;24610;83;24693;NA;91262;133;2021-04-01;88811
2021-03-31;"Nitriansky kraj";64;21752;94;21846;NA;91262;158;2021-03-31;88678
2021-03-30;"Nitriansky kraj";105;17044;83;17127;NA;91262;188;2021-03-30;88520
2021-03-29;"Nitriansky kraj";59;25139;99;25238;NA;91262;158;2021-03-29;88332
2021-03-28;"Nitriansky kraj";6;45581;106;45687;NA;91262;112;2021-03-28;88174
2021-03-27;"Nitriansky kraj";30;103659;174;103833;NA;91262;204;2021-03-27;88062
2021-03-26;"Nitriansky kraj";70;40444;115;40559;NA;91262;185;2021-03-26;87858
2021-03-25;"Nitriansky kraj";74;19149;94;19243;NA;91262;168;2021-03-25;87673
2021-03-24;"Nitriansky kraj";79;14784;91;14875;NA;91262;170;2021-03-24;87505
2021-03-23;"Nitriansky kraj";144;16753;66;16819;NA;91262;210;2021-03-23;87335
2021-03-22;"Nitriansky kraj";77;23699;124;23823;NA;91262;201;2021-03-22;87125
2021-03-21;"Nitriansky kraj";26;42318;99;42417;NA;91262;125;2021-03-21;86924
2021-03-20;"Nitriansky kraj";30;99816;207;100023;NA;91262;237;2021-03-20;86799
2021-03-19;"Nitriansky kraj";56;37115;101;37216;NA;91262;157;2021-03-19;86562
2021-03-18;"Nitriansky kraj";76;20051;113;20164;NA;91262;189;2021-03-18;86405
2021-03-17;"Nitriansky kraj";67;15832;127;15959;NA;91262;194;2021-03-17;86216
2021-03-16;"Nitriansky kraj";144;18277;123;18400;NA;91262;267;2021-03-16;86022
2021-03-15;"Nitriansky kraj";113;24491;165;24656;NA;91262;278;2021-03-15;85755
2021-03-14;"Nitriansky kraj";1;45758;107;45865;NA;91262;108;2021-03-14;85477
2021-03-13;"Nitriansky kraj";43;112255;242;112497;NA;91262;285;2021-03-13;85369
2021-03-12;"Nitriansky kraj";109;40776;159;40935;NA;91262;268;2021-03-12;85084
2021-03-11;"Nitriansky kraj";101;18950;132;19082;NA;91262;233;2021-03-11;84816
2021-03-10;"Nitriansky kraj";72;17422;143;17565;NA;91262;215;2021-03-10;84583
2021-03-09;"Nitriansky kraj";200;17645;149;17794;NA;91262;349;2021-03-09;84368
2021-03-08;"Nitriansky kraj";95;27214;172;27386;NA;91262;267;2021-03-08;84019
2021-03-07;"Nitriansky kraj";47;46867;185;47052;NA;91262;232;2021-03-07;83752
2021-03-06;"Nitriansky kraj";68;110858;326;111184;NA;91262;394;2021-03-06;83520
2021-03-05;"Nitriansky kraj";114;39068;200;39268;NA;91262;314;2021-03-05;83126
2021-03-04;"Nitriansky kraj";146;18206;173;18379;NA;91262;319;2021-03-04;82812
2021-03-03;"Nitriansky kraj";140;17210;177;17387;NA;91262;317;2021-03-03;82493
2021-03-02;"Nitriansky kraj";205;20999;366;21365;NA;91262;571;2021-03-02;82176
2021-03-01;"Nitriansky kraj";125;27881;279;28160;NA;91262;404;2021-03-01;81605
2021-02-28;"Nitriansky kraj";59;40866;218;41084;NA;91262;277;2021-02-28;81201
2021-02-27;"Nitriansky kraj";76;106352;496;106848;NA;91262;572;2021-02-27;80924
2021-02-26;"Nitriansky kraj";82;36679;310;36989;NA;91262;392;2021-02-26;80352
2021-02-25;"Nitriansky kraj";159;15228;208;15436;NA;91262;367;2021-02-25;79960
2021-02-24;"Nitriansky kraj";90;13844;260;14104;NA;91262;350;2021-02-24;79593
2021-02-23;"Nitriansky kraj";204;15343;271;15614;NA;91262;475;2021-02-23;79243
2021-02-22;"Nitriansky kraj";113;26466;330;26796;NA;91262;443;2021-02-22;78768
2021-02-21;"Nitriansky kraj";21;43657;320;43977;NA;91262;341;2021-02-21;78325
2021-02-20;"Nitriansky kraj";91;108304;584;108888;NA;91262;675;2021-02-20;77984
2021-02-19;"Nitriansky kraj";135;36885;325;37210;NA;91262;460;2021-02-19;77309
2021-02-18;"Nitriansky kraj";155;16938;285;17223;NA;91262;440;2021-02-18;76849
2021-02-17;"Nitriansky kraj";120;12079;300;12379;NA;91262;420;2021-02-17;76409
2021-02-16;"Nitriansky kraj";190;14490;281;14771;NA;91262;471;2021-02-16;75989
2021-02-15;"Nitriansky kraj";86;27620;471;28091;NA;91262;557;2021-02-15;75518
2021-02-14;"Nitriansky kraj";6;50408;318;50726;NA;91262;324;2021-02-14;74961
2021-02-13;"Nitriansky kraj";96;110035;689;110724;NA;91262;785;2021-02-13;74637
2021-02-12;"Nitriansky kraj";136;33400;407;33807;NA;91262;543;2021-02-12;73852
2021-02-11;"Nitriansky kraj";129;12406;270;12676;NA;91262;399;2021-02-11;73309
2021-02-10;"Nitriansky kraj";144;17632;644;18276;NA;91262;788;2021-02-10;72910
2021-02-09;"Nitriansky kraj";182;18523;385;18908;NA;91262;567;2021-02-09;72122
2021-02-08;"Nitriansky kraj";140;37534;569;38103;NA;91262;709;2021-02-08;71555
2021-02-07;"Nitriansky kraj";17;52307;513;52820;NA;91262;530;2021-02-07;70846
2021-02-06;"Nitriansky kraj";58;101942;765;102707;NA;91262;823;2021-02-06;70316
2021-02-05;"Nitriansky kraj";197;26144;491;26635;NA;91262;688;2021-02-05;69493
2021-02-04;"Nitriansky kraj";227;15681;512;16193;NA;91262;739;2021-02-04;68805
2021-02-03;"Nitriansky kraj";143;13372;372;13744;NA;91262;515;2021-02-03;68066
2021-02-02;"Nitriansky kraj";258;17878;382;18260;NA;91262;640;2021-02-02;67551
2021-02-01;"Nitriansky kraj";173;24049;460;24509;NA;91262;633;2021-02-01;66911
2021-01-31;"Nitriansky kraj";4;45339;496;45835;NA;91262;500;2021-01-31;66278
2021-01-30;"Nitriansky kraj";130;98142;1077;99219;NA;91262;1207;2021-01-30;65778
2021-01-29;"Nitriansky kraj";224;22461;477;22938;NA;91262;701;2021-01-29;64571
2021-01-28;"Nitriansky kraj";211;11370;398;11768;NA;91262;609;2021-01-28;63870
2021-01-27;"Nitriansky kraj";167;6760;299;7059;NA;91262;466;2021-01-27;63261
2021-01-26;"Nitriansky kraj";260;16036;454;16490;NA;91262;714;2021-01-26;62795
2021-01-25;"Nitriansky kraj";181;21729;429;22158;NA;91262;610;2021-01-25;62081
2021-01-24;"Nitriansky kraj";9;78775;889;79664;NA;91262;898;2021-01-24;61471
2021-01-23;"Nitriansky kraj";188;97395;1434;98829;NA;91262;1622;2021-01-23;60573
2021-01-22;"Nitriansky kraj";115;35826;619;36445;NA;91262;734;2021-01-22;58951
2021-01-21;"Nitriansky kraj";284;14649;412;15061;NA;91262;696;2021-01-21;58217
2021-01-20;"Nitriansky kraj";254;11991;625;12616;NA;91262;879;2021-01-20;57521
2021-01-19;"Nitriansky kraj";257;11022;633;11655;NA;91262;890;2021-01-19;56642
2021-01-18;"Nitriansky kraj";328;8902;520;9422;NA;91262;848;2021-01-18;55752
2021-01-17;"Nitriansky kraj";89;15061;275;15336;NA;91262;364;2021-01-17;54904
2021-01-16;"Nitriansky kraj";34;36838;679;37517;NA;91262;713;2021-01-16;54540
2021-01-15;"Nitriansky kraj";308;15940;474;16414;NA;91262;782;2021-01-15;53827
2021-01-14;"Nitriansky kraj";564;10577;452;11029;NA;91262;1016;2021-01-14;53045
2021-01-13;"Nitriansky kraj";509;9234;484;9718;NA;91262;993;2021-01-13;52029
2021-01-12;"Nitriansky kraj";506;9014;557;9571;NA;91262;1063;2021-01-12;51036
2021-01-11;"Nitriansky kraj";376;8625;556;9181;NA;91262;932;2021-01-11;49973
2021-01-10;"Nitriansky kraj";39;19841;730;20571;NA;91262;769;2021-01-10;49041
2021-01-09;"Nitriansky kraj";441;36823;1071;37894;NA;91262;1512;2021-01-09;48272
2021-01-08;"Nitriansky kraj";714;14297;711;15008;NA;91262;1425;2021-01-08;46760
2021-01-07;"Nitriansky kraj";383;10820;823;11643;NA;91262;1206;2021-01-07;45335
2021-01-06;"Nitriansky kraj";206;3192;197;3389;NA;91262;403;2021-01-06;44129
2021-01-05;"Nitriansky kraj";645;8901;1202;10103;NA;91262;1847;2021-01-05;43726
2021-01-04;"Nitriansky kraj";330;8692;1329;10021;NA;91262;1659;2021-01-04;41879
2021-01-03;"Nitriansky kraj";33;84;20;104;NA;91262;53;2021-01-03;40220
2021-01-02;"Nitriansky kraj";209;1090;26;1116;NA;91262;235;2021-01-02;40167
2021-01-01;"Nitriansky kraj";83;781;95;876;NA;91262;178;2021-01-01;39932
2020-12-31;"Nitriansky kraj";732;7646;962;8608;NA;91262;1694;2020-12-31;39754
2020-12-30;"Nitriansky kraj";873;9619;1165;10784;NA;91262;2038;2020-12-30;38060
2020-12-29;"Nitriansky kraj";582;8277;1286;9563;NA;91262;1868;2020-12-29;36022
2020-12-28;"Nitriansky kraj";65;6981;1271;8252;NA;91262;1336;2020-12-28;34154
2020-12-27;"Nitriansky kraj";19;60;8;68;NA;91262;27;2020-12-27;32818
2020-12-26;"Nitriansky kraj";44;297;56;353;NA;91262;100;2020-12-26;32791
2020-12-25;"Nitriansky kraj";27;60;11;71;NA;91262;38;2020-12-25;32691
2020-12-24;"Nitriansky kraj";454;1861;176;2037;NA;91262;630;2020-12-24;32653
2020-12-23;"Nitriansky kraj";325;15295;843;16138;NA;91262;1168;2020-12-23;32023
2020-12-22;"Nitriansky kraj";639;10987;994;11981;NA;91262;1633;2020-12-22;30855
2020-12-21;"Nitriansky kraj";102;7953;976;8929;NA;91262;1078;2020-12-21;29222
2020-12-20;"Nitriansky kraj";60;50;10;60;NA;91262;70;2020-12-20;28144
2020-12-19;"Nitriansky kraj";238;2259;159;2418;NA;91262;397;2020-12-19;28074
2020-12-18;"Nitriansky kraj";460;8437;551;8988;NA;91262;1011;2020-12-18;27677
2020-12-17;"Nitriansky kraj";555;6894;514;7408;NA;91262;1069;2020-12-17;26666
2020-12-16;"Nitriansky kraj";316;8785;546;9331;NA;91262;862;2020-12-16;25597
2020-12-15;"Nitriansky kraj";406;9365;769;10134;NA;91262;1175;2020-12-15;24735
2020-12-14;"Nitriansky kraj";184;8089;827;8916;NA;91262;1011;2020-12-14;23560
2020-12-13;"Nitriansky kraj";9;69;6;75;NA;91262;15;2020-12-13;22549
2020-12-12;"Nitriansky kraj";298;1832;125;1957;NA;91262;423;2020-12-12;22534
2020-12-11;"Nitriansky kraj";352;5431;416;5847;NA;91262;768;2020-12-11;22111
2020-12-10;"Nitriansky kraj";326;5473;351;5824;NA;91262;677;2020-12-10;21343
2020-12-09;"Nitriansky kraj";296;5506;529;6035;NA;91262;825;2020-12-09;20666
2020-12-08;"Nitriansky kraj";286;8611;589;9200;NA;91262;875;2020-12-08;19841
2020-12-07;"Nitriansky kraj";115;6243;573;6816;NA;91262;688;2020-12-07;18966
2020-12-06;"Nitriansky kraj";14;89;4;93;NA;91262;18;2020-12-06;18278
2020-12-05;"Nitriansky kraj";120;1388;19;1407;NA;91262;139;2020-12-05;18260
2020-12-04;"Nitriansky kraj";191;2884;74;2958;NA;91262;265;2020-12-04;18121
2020-12-03;"Nitriansky kraj";229;2471;110;2581;NA;91262;339;2020-12-03;17856
2020-12-02;"Nitriansky kraj";215;3733;163;3896;NA;91262;378;2020-12-02;17517
2020-12-01;"Nitriansky kraj";275;2891;131;3022;NA;91262;406;2020-12-01;17139
2020-11-30;"Nitriansky kraj";75;4228;188;4416;NA;91262;263;2020-11-30;16733
2020-11-29;"Nitriansky kraj";3;634;42;676;NA;91262;45;2020-11-29;16470
2020-11-28;"Nitriansky kraj";127;892;31;923;NA;91262;158;2020-11-28;16425
2020-11-27;"Nitriansky kraj";147;2069;73;2142;NA;91262;220;2020-11-27;16267
2020-11-26;"Nitriansky kraj";155;2813;80;2893;NA;91262;235;2020-11-26;16047
2020-11-25;"Nitriansky kraj";250;2478;91;2569;NA;91262;341;2020-11-25;15812
2020-11-24;"Nitriansky kraj";129;1641;64;1705;NA;91262;193;2020-11-24;15471
2020-11-23;"Nitriansky kraj";75;9891;212;10103;NA;91262;287;2020-11-23;15278
2020-11-22;"Nitriansky kraj";7;1176;25;1201;NA;91262;32;2020-11-22;14991
2020-11-21;"Nitriansky kraj";78;1083;38;1121;NA;91262;116;2020-11-21;14959
2020-11-20;"Nitriansky kraj";202;4180;103;4283;NA;91262;305;2020-11-20;14843
2020-11-19;"Nitriansky kraj";119;3065;134;3199;NA;91262;253;2020-11-19;14538
2020-11-18;"Nitriansky kraj";152;2214;79;2293;NA;91262;231;2020-11-18;14285
2020-11-17;"Nitriansky kraj";165;596;29;625;NA;91262;194;2020-11-17;14054
2020-11-16;"Nitriansky kraj";102;1877;75;1952;NA;91262;177;2020-11-16;13860
2020-11-15;"Nitriansky kraj";11;180;5;185;NA;91262;16;2020-11-15;13683
2020-11-14;"Nitriansky kraj";95;1131;32;1163;NA;91262;127;2020-11-14;13667
2020-11-13;"Nitriansky kraj";179;936;46;982;NA;91262;225;2020-11-13;13540
2020-11-12;"Nitriansky kraj";219;1195;35;1230;NA;91262;254;2020-11-12;13315
2020-11-11;"Nitriansky kraj";233;1247;22;1269;NA;91262;255;2020-11-11;13061
2020-11-10;"Nitriansky kraj";159;2623;39;2662;NA;91262;198;2020-11-10;12806
2020-11-09;"Nitriansky kraj";98;3136;43;3179;NA;91262;141;2020-11-09;12608
2020-11-08;"Nitriansky kraj";20;1462;32;1494;NA;91262;52;2020-11-08;12467
2020-11-07;"Nitriansky kraj";113;1046;4;1050;NA;91262;117;2020-11-07;12415
2020-11-06;"Nitriansky kraj";153;2264;32;2296;NA;91262;185;2020-11-06;12298
2020-11-05;"Nitriansky kraj";134;313;14;327;NA;91262;148;2020-11-05;12113
2020-11-04;"Nitriansky kraj";176;297;16;313;NA;91262;192;2020-11-04;11965
2020-11-03;"Nitriansky kraj";143;435;25;460;NA;91262;168;2020-11-03;11773
2020-11-02;"Nitriansky kraj";112;4208;46;4254;NA;91262;158;2020-11-02;11605
2020-11-01;"Nitriansky kraj";65;2546;27;2573;NA;91262;92;2020-11-01;11447
2020-10-31;"Nitriansky kraj";172;10572;134;10706;NA;91262;306;2020-10-31;11355
2020-10-30;"Nitriansky kraj";180;2661;44;2705;NA;91262;224;2020-10-30;11049
2020-10-29;"Nitriansky kraj";223;841;39;880;NA;91262;262;2020-10-29;10825
2020-10-28;"Nitriansky kraj";171;608;59;667;NA;91262;230;2020-10-28;10563
2020-10-27;"Nitriansky kraj";253;550;47;597;NA;91262;300;2020-10-27;10333
2020-10-26;"Nitriansky kraj";29;633;56;689;NA;91262;85;2020-10-26;10033
2020-10-25;"Nitriansky kraj";31;62;8;70;NA;91262;39;2020-10-25;9948
2020-10-24;"Nitriansky kraj";139;237;11;248;NA;91262;150;2020-10-24;9909
2020-10-23;"Nitriansky kraj";232;762;41;803;NA;91262;273;2020-10-23;9759
2020-10-22;"Nitriansky kraj";95;444;39;483;NA;91262;134;2020-10-22;9486
2020-10-21;"Nitriansky kraj";112;208;3;211;NA;91262;115;2020-10-21;9352
2020-10-20;"Nitriansky kraj";178;78;6;84;NA;91262;184;2020-10-20;9237
2020-10-19;"Nitriansky kraj";132;79;1;80;NA;91262;133;2020-10-19;9053
2020-10-18;"Nitriansky kraj";16;0;0;0;NA;91262;16;2020-10-18;8920
2020-10-17;"Nitriansky kraj";40;0;0;0;NA;91262;40;2020-10-17;8904
2020-10-16;"Nitriansky kraj";114;28;3;31;NA;91262;117;2020-10-16;8864
2020-10-15;"Nitriansky kraj";88;31;2;33;NA;91262;90;2020-10-15;8747
2020-10-14;"Nitriansky kraj";62;22;4;26;NA;91262;66;2020-10-14;8657
2020-10-13;"Nitriansky kraj";78;82;2;84;NA;91262;80;2020-10-13;8591
2020-10-12;"Nitriansky kraj";32;0;0;0;NA;91262;32;2020-10-12;8511
2020-10-11;"Nitriansky kraj";7;0;0;0;NA;91262;7;2020-10-11;8479
2020-10-10;"Nitriansky kraj";80;0;0;0;NA;91262;80;2020-10-10;8472
2020-10-09;"Nitriansky kraj";108;0;0;0;NA;91262;108;2020-10-09;8392
2020-10-08;"Nitriansky kraj";91;0;0;0;NA;91262;91;2020-10-08;8284
2020-10-07;"Nitriansky kraj";75;0;0;0;NA;91262;75;2020-10-07;8193
2020-10-06;"Nitriansky kraj";39;0;0;0;NA;91262;39;2020-10-06;8118
2020-10-05;"Nitriansky kraj";17;0;0;0;NA;91262;17;2020-10-05;8079
2020-10-04;"Nitriansky kraj";16;0;0;0;NA;91262;16;2020-10-04;8062
2020-10-03;"Nitriansky kraj";85;0;0;0;NA;91262;85;2020-10-03;8046
2020-10-02;"Nitriansky kraj";104;0;0;0;NA;91262;104;2020-10-02;7961
2020-10-01;"Nitriansky kraj";73;0;0;0;NA;91262;73;2020-10-01;7857
2020-09-30;"Nitriansky kraj";90;0;0;0;NA;91262;90;2020-09-30;7784
2020-09-29;"Nitriansky kraj";43;0;0;0;NA;91262;43;2020-09-29;7694
2020-09-28;"Nitriansky kraj";21;0;0;0;NA;91262;21;2020-09-28;7651
2020-09-27;"Nitriansky kraj";16;0;0;0;NA;91262;16;2020-09-27;7630
2020-09-26;"Nitriansky kraj";44;0;0;0;NA;91262;44;2020-09-26;7614
2020-09-25;"Nitriansky kraj";82;0;0;0;NA;91262;82;2020-09-25;7570
2020-09-24;"Nitriansky kraj";39;0;0;0;NA;91262;39;2020-09-24;7488
2020-09-23;"Nitriansky kraj";66;0;0;0;NA;91262;66;2020-09-23;7449
2020-09-22;"Nitriansky kraj";16;0;0;0;NA;91262;16;2020-09-22;7383
2020-09-21;"Nitriansky kraj";7;0;0;0;NA;91262;7;2020-09-21;7367
2020-09-20;"Nitriansky kraj";1;0;0;0;NA;91262;1;2020-09-20;7360
2020-09-19;"Nitriansky kraj";13;0;0;0;NA;91262;13;2020-09-19;7359
2020-09-18;"Nitriansky kraj";15;0;0;0;NA;91262;15;2020-09-18;7346
2020-09-17;"Nitriansky kraj";22;0;0;0;NA;91262;22;2020-09-17;7331
2020-09-16;"Nitriansky kraj";5;0;0;0;NA;91262;5;2020-09-16;7309
2020-09-15;"Nitriansky kraj";15;0;0;0;NA;91262;15;2020-09-15;7304
2020-09-14;"Nitriansky kraj";25;0;0;0;NA;91262;25;2020-09-14;7289
2020-09-13;"Nitriansky kraj";3;0;0;0;NA;91262;3;2020-09-13;7264
2020-09-12;"Nitriansky kraj";11;0;0;0;NA;91262;11;2020-09-12;7261
2020-09-11;"Nitriansky kraj";15;0;0;0;NA;91262;15;2020-09-11;7250
2020-09-10;"Nitriansky kraj";25;0;0;0;NA;91262;25;2020-09-10;7235
2020-09-09;"Nitriansky kraj";17;0;0;0;NA;91262;17;2020-09-09;7210
2020-09-08;"Nitriansky kraj";15;0;0;0;NA;91262;15;2020-09-08;7193
2020-09-07;"Nitriansky kraj";14;0;0;0;NA;91262;14;2020-09-07;7178
2020-09-06;"Nitriansky kraj";0;0;0;0;NA;91262;0;2020-09-06;7164
2020-09-05;"Nitriansky kraj";22;0;0;0;NA;91262;22;2020-09-05;7164
2020-09-04;"Nitriansky kraj";29;0;0;0;NA;91262;29;2020-09-04;7142
2020-09-03;"Nitriansky kraj";14;0;0;0;NA;91262;14;2020-09-03;7113
2020-09-02;"Nitriansky kraj";15;0;0;0;NA;91262;15;2020-09-02;7099
2020-09-01;"Nitriansky kraj";2;0;0;0;NA;91262;2;2020-09-01;7084
2020-08-31;"Nitriansky kraj";12;0;0;0;NA;91262;12;2020-08-31;7082
2020-08-30;"Nitriansky kraj";0;0;0;0;NA;91262;0;2020-08-30;7070
2020-08-29;"Nitriansky kraj";7;0;0;0;NA;91262;7;2020-08-29;7070
2020-08-28;"Nitriansky kraj";9;0;0;0;NA;91262;9;2020-08-28;7063
2020-08-27;"Nitriansky kraj";10;0;0;0;NA;91262;10;2020-08-27;7054
2020-08-26;"Nitriansky kraj";3;0;0;0;NA;91262;3;2020-08-26;7044
2020-08-25;"Nitriansky kraj";8;0;0;0;NA;91262;8;2020-08-25;7041
2020-08-24;"Nitriansky kraj";0;0;0;0;NA;91262;0;2020-08-24;7033
2020-08-23;"Nitriansky kraj";1;0;0;0;NA;91262;1;2020-08-23;7033
2020-08-22;"Nitriansky kraj";2;0;0;0;NA;91262;2;2020-08-22;7032
2020-08-21;"Nitriansky kraj";0;0;0;0;NA;91262;0;2020-08-21;7030
2020-08-20;"Nitriansky kraj";6;0;0;0;NA;91262;6;2020-08-20;7030
2020-08-19;"Nitriansky kraj";1;0;0;0;NA;91262;1;2020-08-19;7024
2020-08-18;"Nitriansky kraj";2;0;0;0;NA;91262;2;2020-08-18;7023
2020-08-17;"Nitriansky kraj";1;0;0;0;NA;91262;1;2020-08-17;7021
2020-08-16;"Nitriansky kraj";0;0;0;0;NA;91262;0;2020-08-16;7020
2020-08-15;"Nitriansky kraj";2;0;0;0;NA;91262;2;2020-08-15;7020
2020-08-14;"Nitriansky kraj";1;0;0;0;NA;91262;1;2020-08-14;7018
2020-08-13;"Nitriansky kraj";3;0;0;0;NA;91262;3;2020-08-13;7017
2020-08-12;"Nitriansky kraj";0;0;0;0;NA;91262;0;2020-08-12;7014
2020-08-11;"Nitriansky kraj";1;0;0;0;NA;91262;1;2020-08-11;7014
2020-08-10;"Nitriansky kraj";0;0;0;0;NA;91262;0;2020-08-10;7013
2020-08-09;"Nitriansky kraj";0;0;0;0;NA;91262;0;2020-08-09;7013
2020-08-08;"Nitriansky kraj";0;0;0;0;NA;91262;0;2020-08-08;7013
2020-08-07;"Nitriansky kraj";4;0;0;0;NA;91262;4;2020-08-07;7013
2020-08-06;"Nitriansky kraj";3;0;0;0;NA;91262;3;2020-08-06;7009
2020-08-05;"Nitriansky kraj";0;0;0;0;NA;91262;0;2020-08-05;7006
2020-08-04;"Nitriansky kraj";6;0;0;0;NA;91262;6;2020-08-04;7006
2020-08-03;"Nitriansky kraj";0;0;0;0;NA;91262;0;2020-08-03;7000
2020-08-02;"Nitriansky kraj";0;0;0;0;NA;91262;0;2020-08-02;7000
2020-08-01;"Nitriansky kraj";0;0;0;0;NA;91262;0;2020-08-01;7000
2020-07-31;"Nitriansky kraj";0;0;0;0;NA;91262;0;2020-07-31;7000
2020-07-30;"Nitriansky kraj";0;0;0;0;NA;91262;0;2020-07-30;7000
2020-07-29;"Nitriansky kraj";0;0;0;0;NA;91262;0;2020-07-29;7000
2020-07-28;"Nitriansky kraj";0;0;0;0;NA;91262;0;2020-07-28;7000
2020-07-27;"Nitriansky kraj";0;0;0;0;NA;91262;0;2020-07-27;7000
2020-07-26;"Nitriansky kraj";0;0;0;0;NA;91262;0;2020-07-26;7000
2020-07-25;"Nitriansky kraj";0;0;0;0;NA;91262;0;2020-07-25;7000
2020-07-24;"Nitriansky kraj";1;0;0;0;NA;91262;1;2020-07-24;7000
2020-07-23;"Nitriansky kraj";3;0;0;0;NA;91262;3;2020-07-23;6999
2020-07-22;"Nitriansky kraj";2;0;0;0;NA;91262;2;2020-07-22;6996
2020-07-21;"Nitriansky kraj";14;0;0;0;NA;91262;14;2020-07-21;6994
2020-07-20;"Nitriansky kraj";11;0;0;0;NA;91262;11;2020-07-20;6980
2020-07-19;"Nitriansky kraj";0;0;0;0;NA;91262;0;2020-07-19;6969
2020-07-18;"Nitriansky kraj";0;0;0;0;NA;91262;0;2020-07-18;6969
2020-07-17;"Nitriansky kraj";0;0;0;0;NA;91262;0;2020-07-17;6969
2020-07-16;"Nitriansky kraj";4;0;0;0;NA;91262;4;2020-07-16;6969
2020-07-15;"Nitriansky kraj";3;0;0;0;NA;91262;3;2020-07-15;6965
2020-07-14;"Nitriansky kraj";0;0;0;0;NA;91262;0;2020-07-14;6962
2020-07-13;"Nitriansky kraj";0;0;0;0;NA;91262;0;2020-07-13;6962
2020-07-12;"Nitriansky kraj";0;0;0;0;NA;91262;0;2020-07-12;6962
2020-07-11;"Nitriansky kraj";0;0;0;0;NA;91262;0;2020-07-11;6962
2020-07-10;"Nitriansky kraj";0;0;0;0;NA;91262;0;2020-07-10;6962
2020-07-09;"Nitriansky kraj";1;0;0;0;NA;91262;1;2020-07-09;6962
2020-07-08;"Nitriansky kraj";1;0;0;0;NA;91262;1;2020-07-08;6961
2020-07-07;"Nitriansky kraj";0;0;0;0;NA;91262;0;2020-07-07;6960
2020-07-06;"Nitriansky kraj";0;0;0;0;NA;91262;0;2020-07-06;6960
2020-07-05;"Nitriansky kraj";0;0;0;0;NA;91262;0;2020-07-05;6960
2020-07-04;"Nitriansky kraj";0;0;0;0;NA;91262;0;2020-07-04;6960
2020-07-03;"Nitriansky kraj";0;0;0;0;NA;91262;0;2020-07-03;6960
2020-07-02;"Nitriansky kraj";0;0;0;0;NA;91262;0;2020-07-02;6960
2020-07-01;"Nitriansky kraj";3;0;0;0;NA;91262;3;2020-07-01;6960
2020-06-30;"Nitriansky kraj";0;0;0;0;NA;91262;0;2020-06-30;6957
2020-06-29;"Nitriansky kraj";0;0;0;0;NA;91262;0;2020-06-29;6957
2020-06-28;"Nitriansky kraj";0;0;0;0;NA;91262;0;2020-06-28;6957
2020-06-27;"Nitriansky kraj";0;0;0;0;NA;91262;0;2020-06-27;6957
2020-06-26;"Nitriansky kraj";0;0;0;0;NA;91262;0;2020-06-26;6957
2020-06-25;"Nitriansky kraj";0;0;0;0;NA;91262;0;2020-06-25;6957
2020-06-24;"Nitriansky kraj";0;0;0;0;NA;91262;0;2020-06-24;6957
2020-06-23;"Nitriansky kraj";0;0;0;0;NA;91262;0;2020-06-23;6957
2020-06-22;"Nitriansky kraj";0;0;0;0;NA;91262;0;2020-06-22;6957
2020-06-21;"Nitriansky kraj";0;0;0;0;NA;91262;0;2020-06-21;6957
2020-06-20;"Nitriansky kraj";0;0;0;0;NA;91262;0;2020-06-20;6957
2020-06-19;"Nitriansky kraj";0;0;0;0;NA;91262;0;2020-06-19;6957
2020-06-18;"Nitriansky kraj";0;0;0;0;NA;91262;0;2020-06-18;6957
2020-06-17;"Nitriansky kraj";0;0;0;0;NA;91262;0;2020-06-17;6957
2020-06-16;"Nitriansky kraj";0;0;0;0;NA;91262;0;2020-06-16;6957
2020-06-14;"Nitriansky kraj";0;0;0;0;NA;91262;0;2020-06-14;6957
2020-06-13;"Nitriansky kraj";0;0;0;0;NA;91262;0;2020-06-13;6957
2020-06-12;"Nitriansky kraj";0;0;0;0;NA;91262;0;2020-06-12;6957
2020-06-11;"Nitriansky kraj";0;0;0;0;NA;91262;0;2020-06-11;6957
2020-06-10;"Nitriansky kraj";1;0;0;0;NA;91262;1;2020-06-10;6957
2020-06-09;"Nitriansky kraj";1;0;0;0;NA;91262;1;2020-06-09;6956
2020-06-08;"Nitriansky kraj";0;0;0;0;NA;91262;0;2020-06-08;6955
2020-06-07;"Nitriansky kraj";0;0;0;0;NA;91262;0;2020-06-07;6955
2020-06-05;"Nitriansky kraj";0;0;0;0;NA;91262;0;2020-06-05;6955
2020-06-03;"Nitriansky kraj";0;0;0;0;NA;91262;0;2020-06-03;6955
2020-06-02;"Nitriansky kraj";0;0;0;0;NA;91262;0;2020-06-02;6955
2020-05-31;"Nitriansky kraj";0;0;0;0;NA;91262;0;2020-05-31;6955
2020-05-29;"Nitriansky kraj";0;0;0;0;NA;91262;0;2020-05-29;6955
2020-05-27;"Nitriansky kraj";0;0;0;0;NA;91262;0;2020-05-27;6955
2020-05-26;"Nitriansky kraj";0;0;0;0;NA;91262;0;2020-05-26;6955
2020-05-25;"Nitriansky kraj";0;0;0;0;NA;91262;0;2020-05-25;6955
2020-05-24;"Nitriansky kraj";2;0;0;0;NA;91262;2;2020-05-24;6955
2020-05-23;"Nitriansky kraj";0;0;0;0;NA;91262;0;2020-05-23;6953
2020-05-22;"Nitriansky kraj";1;0;0;0;NA;91262;1;2020-05-22;6953
2020-05-21;"Nitriansky kraj";0;0;0;0;NA;91262;0;2020-05-21;6952
2020-05-20;"Nitriansky kraj";0;0;0;0;NA;91262;0;2020-05-20;6952
2020-05-19;"Nitriansky kraj";0;0;0;0;NA;91262;0;2020-05-19;6952
2020-05-17;"Nitriansky kraj";0;0;0;0;NA;91262;0;2020-05-17;6952
2020-05-16;"Nitriansky kraj";0;0;0;0;NA;91262;0;2020-05-16;6952
2020-05-15;"Nitriansky kraj";1;0;0;0;NA;91262;1;2020-05-15;6952
2020-05-14;"Nitriansky kraj";0;0;0;0;NA;91262;0;2020-05-14;6951
2020-05-13;"Nitriansky kraj";0;0;0;0;NA;91262;0;2020-05-13;6951
2020-05-12;"Nitriansky kraj";0;0;0;0;NA;91262;0;2020-05-12;6951
2020-05-11;"Nitriansky kraj";2;0;0;0;NA;91262;2;2020-05-11;6951
2020-05-09;"Nitriansky kraj";0;0;0;0;NA;91262;0;2020-05-09;6949
2020-05-07;"Nitriansky kraj";1;0;0;0;NA;91262;1;2020-05-07;6949
2020-05-06;"Nitriansky kraj";8;0;0;0;NA;91262;8;2020-05-06;6948
2020-05-05;"Nitriansky kraj";0;0;0;0;NA;91262;0;2020-05-05;6940
2020-05-04;"Nitriansky kraj";5;0;0;0;NA;91262;5;2020-05-04;6940
2020-05-03;"Nitriansky kraj";1;0;0;0;NA;91262;1;2020-05-03;6935
2020-05-02;"Nitriansky kraj";0;0;0;0;NA;91262;0;2020-05-02;6934
2020-05-01;"Nitriansky kraj";1;0;0;0;NA;91262;1;2020-05-01;6934
2020-04-30;"Nitriansky kraj";0;0;0;0;NA;91262;0;2020-04-30;6933
2020-04-29;"Nitriansky kraj";0;0;0;0;NA;91262;0;2020-04-29;6933
2020-04-28;"Nitriansky kraj";1;0;0;0;NA;91262;1;2020-04-28;6933
2020-04-27;"Nitriansky kraj";0;0;0;0;NA;91262;0;2020-04-27;6932
2020-04-26;"Nitriansky kraj";0;0;0;0;NA;91262;0;2020-04-26;6932
2020-04-25;"Nitriansky kraj";0;0;0;0;NA;91262;0;2020-04-25;6932
2020-04-24;"Nitriansky kraj";0;0;0;0;NA;91262;0;2020-04-24;6932
2020-04-23;"Nitriansky kraj";3;0;0;0;NA;91262;3;2020-04-23;6932
2020-04-22;"Nitriansky kraj";15;0;0;0;NA;91262;15;2020-04-22;6929
2020-04-21;"Nitriansky kraj";6;0;0;0;NA;91262;6;2020-04-21;6914
2020-04-20;"Nitriansky kraj";1;0;0;0;NA;91262;1;2020-04-20;6908
2020-04-19;"Nitriansky kraj";0;0;0;0;NA;91262;0;2020-04-19;6907
2020-04-18;"Nitriansky kraj";0;0;0;0;NA;91262;0;2020-04-18;6907
2020-04-17;"Nitriansky kraj";7;0;0;0;NA;91262;7;2020-04-17;6907
2020-04-16;"Nitriansky kraj";0;0;0;0;NA;91262;0;2020-04-16;6900
2020-04-15;"Nitriansky kraj";6;0;0;0;NA;91262;6;2020-04-15;6900
2020-04-14;"Nitriansky kraj";2;0;0;0;NA;91262;2;2020-04-14;6894
2020-04-13;"Nitriansky kraj";1;0;0;0;NA;91262;1;2020-04-13;6892
2020-04-12;"Nitriansky kraj";3;0;0;0;NA;91262;3;2020-04-12;6891
2020-04-11;"Nitriansky kraj";1;0;0;0;NA;91262;1;2020-04-11;6888
2020-04-10;"Nitriansky kraj";1;0;0;0;NA;91262;1;2020-04-10;6887
2020-04-09;"Nitriansky kraj";0;0;0;0;NA;91262;0;2020-04-09;6886
2020-04-08;"Nitriansky kraj";2;0;0;0;NA;91262;2;2020-04-08;6886
2020-04-07;"Nitriansky kraj";2;0;0;0;NA;91262;2;2020-04-07;6884
2020-04-06;"Nitriansky kraj";3;0;0;0;NA;91262;3;2020-04-06;6882
2020-04-05;"Nitriansky kraj";5;0;0;0;NA;91262;5;2020-04-05;6879
2020-04-04;"Nitriansky kraj";0;0;0;0;NA;91262;0;2020-04-04;6874
2020-04-03;"Nitriansky kraj";0;0;0;0;NA;91262;0;2020-04-03;6874
2020-04-02;"Nitriansky kraj";1;0;0;0;NA;91262;1;2020-04-02;6874
2020-04-01;"Nitriansky kraj";0;0;0;0;NA;91262;0;2020-04-01;6873
2020-03-31;"Nitriansky kraj";3;0;0;0;NA;91262;3;2020-03-31;6873
2020-03-30;"Nitriansky kraj";3;0;0;0;NA;91262;3;2020-03-30;6870
2020-03-29;"Nitriansky kraj";2;0;0;0;NA;91262;2;2020-03-29;6867
2020-03-28;"Nitriansky kraj";1;0;0;0;NA;91262;1;2020-03-28;6865
2020-03-27;"Nitriansky kraj";1;0;0;0;NA;91262;1;2020-03-27;6864
2020-03-26;"Nitriansky kraj";1;0;0;0;NA;91262;1;2020-03-26;6863
2020-03-25;"Nitriansky kraj";1;0;0;0;NA;91262;1;2020-03-25;6862
2020-03-24;"Nitriansky kraj";0;0;0;0;NA;91262;0;2020-03-24;6861
2020-03-23;"Nitriansky kraj";1;0;0;0;NA;91262;1;2020-03-23;6861
2020-03-22;"Nitriansky kraj";2;0;0;0;NA;91262;2;2020-03-22;6860
2020-03-21;"Nitriansky kraj";2;0;0;0;NA;91262;2;2020-03-21;6858
2020-03-20;"Nitriansky kraj";1;0;0;0;NA;91262;1;2020-03-20;6856
2020-03-19;"Nitriansky kraj";1;0;0;0;NA;91262;1;2020-03-19;6855
2020-03-18;"Nitriansky kraj";2;0;0;0;NA;91262;2;2020-03-18;6854
2020-03-17;"Nitriansky kraj";1;0;0;0;NA;91262;1;2020-03-17;6852
2020-03-16;"Nitriansky kraj";0;0;0;0;NA;91262;0;2020-03-16;6851
2020-03-15;"Nitriansky kraj";3;0;0;0;NA;91262;3;2020-03-15;6851
2020-03-14;"Nitriansky kraj";1;0;0;0;NA;91262;1;2020-03-14;6848
2020-03-13;"Nitriansky kraj";0;0;0;0;NA;91262;0;2020-03-13;6847
2020-03-12;"Nitriansky kraj";0;0;0;0;NA;91262;0;2020-03-12;6847
2020-03-11;"Nitriansky kraj";0;0;0;0;NA;91262;0;2020-03-11;6847
2020-03-09;"Nitriansky kraj";0;0;0;0;NA;91262;0;2020-03-09;6847
2020-03-08;"Nitriansky kraj";0;0;0;0;NA;91262;0;2020-03-08;6847
2020-03-07;"Nitriansky kraj";0;0;0;0;NA;91262;0;2020-03-07;6847
2020-03-06;"Nitriansky kraj";0;0;0;0;NA;91262;0;2020-03-06;6847
2021-04-28;"Prešovský kraj";122;15417;72;15489;58022;109633;194;2021-04-28;109633
2021-04-27;"Prešovský kraj";109;19795;118;19913;NA;109633;227;2021-04-27;109439
2021-04-26;"Prešovský kraj";74;27471;124;27595;NA;109633;198;2021-04-26;109212
2021-04-25;"Prešovský kraj";7;48384;140;48524;NA;109633;147;2021-04-25;109014
2021-04-24;"Prešovský kraj";50;85482;246;85728;NA;109633;296;2021-04-24;108867
2021-04-23;"Prešovský kraj";119;39782;133;39915;NA;109633;252;2021-04-23;108571
2021-04-22;"Prešovský kraj";65;17735;122;17857;NA;109633;187;2021-04-22;108319
2021-04-21;"Prešovský kraj";101;21530;139;21669;NA;109633;240;2021-04-21;108132
2021-04-20;"Prešovský kraj";83;23345;127;23472;NA;109633;210;2021-04-20;107892
2021-04-19;"Prešovský kraj";90;29131;145;29276;NA;109633;235;2021-04-19;107682
2021-04-18;"Prešovský kraj";4;51540;129;51669;NA;109633;133;2021-04-18;107447
2021-04-17;"Prešovský kraj";88;97174;238;97412;NA;109633;326;2021-04-17;107314
2021-04-16;"Prešovský kraj";95;41248;149;41397;NA;109633;244;2021-04-16;106988
2021-04-15;"Prešovský kraj";68;19872;133;20005;NA;109633;201;2021-04-15;106744
2021-04-14;"Prešovský kraj";153;23327;130;23457;NA;109633;283;2021-04-14;106543
2021-04-13;"Prešovský kraj";157;23730;116;23846;NA;109633;273;2021-04-13;106260
2021-04-12;"Prešovský kraj";102;30152;175;30327;NA;109633;277;2021-04-12;105987
2021-04-11;"Prešovský kraj";10;49998;187;50185;NA;109633;197;2021-04-11;105710
2021-04-10;"Prešovský kraj";73;90032;295;90327;NA;109633;368;2021-04-10;105513
2021-04-09;"Prešovský kraj";207;37130;200;37330;NA;109633;407;2021-04-09;105145
2021-04-08;"Prešovský kraj";157;18891;157;19048;NA;109633;314;2021-04-08;104738
2021-04-07;"Prešovský kraj";223;27700;154;27854;NA;109633;377;2021-04-07;104424
2021-04-06;"Prešovský kraj";163;41672;268;41940;NA;109633;431;2021-04-06;104047
2021-04-05;"Prešovský kraj";44;18454;132;18586;NA;109633;176;2021-04-05;103616
2021-04-04;"Prešovský kraj";30;18546;91;18637;NA;109633;121;2021-04-04;103440
2021-04-03;"Prešovský kraj";72;89627;316;89943;NA;109633;388;2021-04-03;103319
2021-04-02;"Prešovský kraj";156;23775;134;23909;NA;109633;290;2021-04-02;102931
2021-04-01;"Prešovský kraj";159;42433;195;42628;NA;109633;354;2021-04-01;102641
2021-03-31;"Prešovský kraj";226;30144;227;30371;NA;109633;453;2021-03-31;102287
2021-03-30;"Prešovský kraj";261;20747;203;20950;NA;109633;464;2021-03-30;101834
2021-03-29;"Prešovský kraj";192;28178;229;28407;NA;109633;421;2021-03-29;101370
2021-03-28;"Prešovský kraj";23;46811;256;47067;NA;109633;279;2021-03-28;100949
2021-03-27;"Prešovský kraj";141;88639;373;89012;NA;109633;514;2021-03-27;100670
2021-03-26;"Prešovský kraj";227;47751;299;48050;NA;109633;526;2021-03-26;100156
2021-03-25;"Prešovský kraj";176;22279;213;22492;NA;109633;389;2021-03-25;99630
2021-03-24;"Prešovský kraj";270;19588;213;19801;NA;109633;483;2021-03-24;99241
2021-03-23;"Prešovský kraj";179;20329;255;20584;NA;109633;434;2021-03-23;98758
2021-03-22;"Prešovský kraj";243;28490;286;28776;NA;109633;529;2021-03-22;98324
2021-03-21;"Prešovský kraj";26;49439;266;49705;NA;109633;292;2021-03-21;97795
2021-03-20;"Prešovský kraj";155;92531;427;92958;NA;109633;582;2021-03-20;97503
2021-03-19;"Prešovský kraj";231;46196;320;46516;NA;109633;551;2021-03-19;96921
2021-03-18;"Prešovský kraj";215;21721;217;21938;NA;109633;432;2021-03-18;96370
2021-03-17;"Prešovský kraj";306;20887;231;21118;NA;109633;537;2021-03-17;95938
2021-03-16;"Prešovský kraj";304;21094;277;21371;NA;109633;581;2021-03-16;95401
2021-03-15;"Prešovský kraj";341;28789;324;29113;NA;109633;665;2021-03-15;94820
2021-03-14;"Prešovský kraj";39;50410;356;50766;NA;109633;395;2021-03-14;94155
2021-03-13;"Prešovský kraj";160;95300;532;95832;NA;109633;692;2021-03-13;93760
2021-03-12;"Prešovský kraj";304;47691;368;48059;NA;109633;672;2021-03-12;93068
2021-03-11;"Prešovský kraj";333;22059;253;22312;NA;109633;586;2021-03-11;92396
2021-03-10;"Prešovský kraj";260;20821;293;21114;NA;109633;553;2021-03-10;91810
2021-03-09;"Prešovský kraj";366;21489;288;21777;NA;109633;654;2021-03-09;91257
2021-03-08;"Prešovský kraj";285;28902;333;29235;NA;109633;618;2021-03-08;90603
2021-03-07;"Prešovský kraj";17;48024;385;48409;NA;109633;402;2021-03-07;89985
2021-03-06;"Prešovský kraj";152;96985;591;97576;NA;109633;743;2021-03-06;89583
2021-03-05;"Prešovský kraj";360;46044;397;46441;NA;109633;757;2021-03-05;88840
2021-03-04;"Prešovský kraj";272;22814;359;23173;NA;109633;631;2021-03-04;88083
2021-03-03;"Prešovský kraj";304;21424;330;21754;NA;109633;634;2021-03-03;87452
2021-03-02;"Prešovský kraj";332;22679;357;23036;NA;109633;689;2021-03-02;86818
2021-03-01;"Prešovský kraj";260;27716;406;28122;NA;109633;666;2021-03-01;86129
2021-02-28;"Prešovský kraj";65;45000;387;45387;NA;109633;452;2021-02-28;85463
2021-02-27;"Prešovský kraj";189;90231;734;90965;NA;109633;923;2021-02-27;85011
2021-02-26;"Prešovský kraj";315;41700;439;42139;NA;109633;754;2021-02-26;84088
2021-02-25;"Prešovský kraj";223;19496;337;19833;NA;109633;560;2021-02-25;83334
2021-02-24;"Prešovský kraj";270;19026;377;19403;NA;109633;647;2021-02-24;82774
2021-02-23;"Prešovský kraj";322;21273;345;21618;NA;109633;667;2021-02-23;82127
2021-02-22;"Prešovský kraj";273;27175;356;27531;NA;109633;629;2021-02-22;81460
2021-02-21;"Prešovský kraj";54;31802;302;32104;NA;109633;356;2021-02-21;80831
2021-02-20;"Prešovský kraj";113;71413;517;71930;NA;109633;630;2021-02-20;80475
2021-02-19;"Prešovský kraj";258;38597;425;39022;NA;109633;683;2021-02-19;79845
2021-02-18;"Prešovský kraj";216;16960;322;17282;NA;109633;538;2021-02-18;79162
2021-02-17;"Prešovský kraj";187;17392;246;17638;NA;109633;433;2021-02-17;78624
2021-02-16;"Prešovský kraj";251;18862;265;19127;NA;109633;516;2021-02-16;78191
2021-02-15;"Prešovský kraj";176;31360;303;31663;NA;109633;479;2021-02-15;77675
2021-02-14;"Prešovský kraj";23;39271;318;39589;NA;109633;341;2021-02-14;77196
2021-02-13;"Prešovský kraj";113;73937;392;74329;NA;109633;505;2021-02-13;76855
2021-02-12;"Prešovský kraj";223;38720;362;39082;NA;109633;585;2021-02-12;76350
2021-02-11;"Prešovský kraj";177;16207;238;16445;NA;109633;415;2021-02-11;75765
2021-02-10;"Prešovský kraj";172;18499;279;18778;NA;109633;451;2021-02-10;75350
2021-02-09;"Prešovský kraj";267;21495;370;21865;NA;109633;637;2021-02-09;74899
2021-02-08;"Prešovský kraj";143;36971;261;37232;NA;109633;404;2021-02-08;74262
2021-02-07;"Prešovský kraj";15;34227;209;34436;NA;109633;224;2021-02-07;73858
2021-02-06;"Prešovský kraj";137;69164;360;69524;NA;109633;497;2021-02-06;73634
2021-02-05;"Prešovský kraj";159;31247;261;31508;NA;109633;420;2021-02-05;73137
2021-02-04;"Prešovský kraj";124;13073;237;13310;NA;109633;361;2021-02-04;72717
2021-02-03;"Prešovský kraj";205;8421;236;8657;NA;109633;441;2021-02-03;72356
2021-02-02;"Prešovský kraj";180;11976;275;12251;NA;109633;455;2021-02-02;71915
2021-02-01;"Prešovský kraj";187;16059;316;16375;NA;109633;503;2021-02-01;71460
2021-01-31;"Prešovský kraj";32;10587;107;10694;NA;109633;139;2021-01-31;70957
2021-01-30;"Prešovský kraj";109;23939;215;24154;NA;109633;324;2021-01-30;70818
2021-01-29;"Prešovský kraj";158;17924;326;18250;NA;109633;484;2021-01-29;70494
2021-01-28;"Prešovský kraj";237;7338;150;7488;NA;109633;387;2021-01-28;70010
2021-01-27;"Prešovský kraj";123;9886;150;10036;NA;109633;273;2021-01-27;69623
2021-01-26;"Prešovský kraj";200;16648;151;16799;NA;109633;351;2021-01-26;69350
2021-01-25;"Prešovský kraj";175;29649;251;29900;NA;109633;426;2021-01-25;68999
2021-01-24;"Prešovský kraj";11;45706;304;46010;NA;109633;315;2021-01-24;68573
2021-01-23;"Prešovský kraj";153;96726;487;97213;NA;109633;640;2021-01-23;68258
2021-01-22;"Prešovský kraj";138;35377;261;35638;NA;109633;399;2021-01-22;67618
2021-01-21;"Prešovský kraj";163;20434;212;20646;NA;109633;375;2021-01-21;67219
2021-01-20;"Prešovský kraj";184;14579;195;14774;NA;109633;379;2021-01-20;66844
2021-01-19;"Prešovský kraj";258;12329;305;12634;NA;109633;563;2021-01-19;66465
2021-01-18;"Prešovský kraj";149;10422;336;10758;NA;109633;485;2021-01-18;65902
2021-01-17;"Prešovský kraj";75;14391;1008;15399;NA;109633;1083;2021-01-17;65417
2021-01-16;"Prešovský kraj";45;1838;81;1919;NA;109633;126;2021-01-16;64334
2021-01-15;"Prešovský kraj";129;7033;257;7290;NA;109633;386;2021-01-15;64208
2021-01-14;"Prešovský kraj";200;5523;252;5775;NA;109633;452;2021-01-14;63822
2021-01-13;"Prešovský kraj";260;5649;226;5875;NA;109633;486;2021-01-13;63370
2021-01-12;"Prešovský kraj";336;8487;409;8896;NA;109633;745;2021-01-12;62884
2021-01-11;"Prešovský kraj";292;8489;479;8968;NA;109633;771;2021-01-11;62139
2021-01-10;"Prešovský kraj";53;476;23;499;NA;109633;76;2021-01-10;61368
2021-01-09;"Prešovský kraj";301;2248;125;2373;NA;109633;426;2021-01-09;61292
2021-01-08;"Prešovský kraj";356;10865;572;11437;NA;109633;928;2021-01-08;60866
2021-01-07;"Prešovský kraj";218;7789;648;8437;NA;109633;866;2021-01-07;59938
2021-01-06;"Prešovský kraj";218;1484;134;1618;NA;109633;352;2021-01-06;59072
2021-01-05;"Prešovský kraj";464;11591;1003;12594;NA;109633;1467;2021-01-05;58720
2021-01-04;"Prešovský kraj";342;17192;1812;19004;NA;109633;2154;2021-01-04;57253
2021-01-03;"Prešovský kraj";83;459;41;500;NA;109633;124;2021-01-03;55099
2021-01-02;"Prešovský kraj";45;1556;160;1716;NA;109633;205;2021-01-02;54975
2021-01-01;"Prešovský kraj";132;956;71;1027;NA;109633;203;2021-01-01;54770
2020-12-31;"Prešovský kraj";501;11959;783;12742;NA;109633;1284;2020-12-31;54567
2020-12-30;"Prešovský kraj";561;9065;802;9867;NA;109633;1363;2020-12-30;53283
2020-12-29;"Prešovský kraj";338;9273;949;10222;NA;109633;1287;2020-12-29;51920
2020-12-28;"Prešovský kraj";336;9046;1079;10125;NA;109633;1415;2020-12-28;50633
2020-12-27;"Prešovský kraj";29;613;45;658;NA;109633;74;2020-12-27;49218
2020-12-26;"Prešovský kraj";45;176;12;188;NA;109633;57;2020-12-26;49144
2020-12-25;"Prešovský kraj";154;274;11;285;NA;109633;165;2020-12-25;49087
2020-12-24;"Prešovský kraj";328;1214;85;1299;NA;109633;413;2020-12-24;48922
2020-12-23;"Prešovský kraj";282;11369;635;12004;NA;109633;917;2020-12-23;48509
2020-12-22;"Prešovský kraj";378;9371;710;10081;NA;109633;1088;2020-12-22;47592
2020-12-21;"Prešovský kraj";341;9923;880;10803;NA;109633;1221;2020-12-21;46504
2020-12-20;"Prešovský kraj";134;396;20;416;NA;109633;154;2020-12-20;45283
2020-12-19;"Prešovský kraj";236;1658;151;1809;NA;109633;387;2020-12-19;45129
2020-12-18;"Prešovský kraj";299;8845;595;9440;NA;109633;894;2020-12-18;44742
2020-12-17;"Prešovský kraj";355;10826;891;11717;NA;109633;1246;2020-12-17;43848
2020-12-16;"Prešovský kraj";327;6017;508;6525;NA;109633;835;2020-12-16;42602
2020-12-15;"Prešovský kraj";306;5685;584;6269;NA;109633;890;2020-12-15;41767
2020-12-14;"Prešovský kraj";278;5767;508;6275;NA;109633;786;2020-12-14;40877
2020-12-13;"Prešovský kraj";73;29;8;37;NA;109633;81;2020-12-13;40091
2020-12-12;"Prešovský kraj";243;2474;166;2640;NA;109633;409;2020-12-12;40010
2020-12-11;"Prešovský kraj";464;5602;402;6004;NA;109633;866;2020-12-11;39601
2020-12-10;"Prešovský kraj";250;5180;440;5620;NA;109633;690;2020-12-10;38735
2020-12-09;"Prešovský kraj";289;4357;314;4671;NA;109633;603;2020-12-09;38045
2020-12-08;"Prešovský kraj";279;6629;651;7280;NA;109633;930;2020-12-08;37442
2020-12-07;"Prešovský kraj";245;4345;327;4672;NA;109633;572;2020-12-07;36512
2020-12-06;"Prešovský kraj";44;655;26;681;NA;109633;70;2020-12-06;35940
2020-12-05;"Prešovský kraj";123;984;87;1071;NA;109633;210;2020-12-05;35870
2020-12-04;"Prešovský kraj";273;5070;293;5363;NA;109633;566;2020-12-04;35660
2020-12-03;"Prešovský kraj";212;2456;179;2635;NA;109633;391;2020-12-03;35094
2020-12-02;"Prešovský kraj";179;2830;225;3055;NA;109633;404;2020-12-02;34703
2020-12-01;"Prešovský kraj";223;1884;196;2080;NA;109633;419;2020-12-01;34299
2020-11-30;"Prešovský kraj";160;5333;97;5430;NA;109633;257;2020-11-30;33880
2020-11-29;"Prešovský kraj";19;379;42;421;NA;109633;61;2020-11-29;33623
2020-11-28;"Prešovský kraj";147;772;77;849;NA;109633;224;2020-11-28;33562
2020-11-27;"Prešovský kraj";180;2350;130;2480;NA;109633;310;2020-11-27;33338
2020-11-26;"Prešovský kraj";169;3014;329;3343;NA;109633;498;2020-11-26;33028
2020-11-25;"Prešovský kraj";178;2174;103;2277;NA;109633;281;2020-11-25;32530
2020-11-24;"Prešovský kraj";296;1777;156;1933;NA;109633;452;2020-11-24;32249
2020-11-23;"Prešovský kraj";140;1099;60;1159;NA;109633;200;2020-11-23;31797
2020-11-22;"Prešovský kraj";24;44;1;45;NA;109633;25;2020-11-22;31597
2020-11-21;"Prešovský kraj";146;754;62;816;NA;109633;208;2020-11-21;31572
2020-11-20;"Prešovský kraj";259;2258;102;2360;NA;109633;361;2020-11-20;31364
2020-11-19;"Prešovský kraj";270;2096;238;2334;NA;109633;508;2020-11-19;31003
2020-11-18;"Prešovský kraj";221;488;43;531;NA;109633;264;2020-11-18;30495
2020-11-17;"Prešovský kraj";299;205;23;228;NA;109633;322;2020-11-17;30231
2020-11-16;"Prešovský kraj";196;540;58;598;NA;109633;254;2020-11-16;29909
2020-11-15;"Prešovský kraj";46;39;4;43;NA;109633;50;2020-11-15;29655
2020-11-14;"Prešovský kraj";179;54;4;58;NA;109633;183;2020-11-14;29605
2020-11-13;"Prešovský kraj";324;166;8;174;NA;109633;332;2020-11-13;29422
2020-11-12;"Prešovský kraj";261;229;50;279;NA;109633;311;2020-11-12;29090
2020-11-11;"Prešovský kraj";388;161;15;176;NA;109633;403;2020-11-11;28779
2020-11-10;"Prešovský kraj";361;197;9;206;NA;109633;370;2020-11-10;28376
2020-11-09;"Prešovský kraj";174;4112;945;5057;NA;109633;1119;2020-11-09;28006
2020-11-08;"Prešovský kraj";54;2817;32;2849;NA;109633;86;2020-11-08;26887
2020-11-07;"Prešovský kraj";312;8578;81;8659;NA;109633;393;2020-11-07;26801
2020-11-06;"Prešovský kraj";447;4791;76;4867;NA;109633;523;2020-11-06;26408
2020-11-05;"Prešovský kraj";337;180;5;185;NA;109633;342;2020-11-05;25885
2020-11-04;"Prešovský kraj";287;807;8;815;NA;109633;295;2020-11-04;25543
2020-11-03;"Prešovský kraj";450;98;12;110;NA;109633;462;2020-11-03;25248
2020-11-02;"Prešovský kraj";146;4158;1004;5162;NA;109633;1150;2020-11-02;24786
2020-11-01;"Prešovský kraj";277;2906;53;2959;NA;109633;330;2020-11-01;23636
2020-10-31;"Prešovský kraj";288;10497;170;10667;NA;109633;458;2020-10-31;23306
2020-10-30;"Prešovský kraj";473;2949;65;3014;NA;109633;538;2020-10-30;22848
2020-10-29;"Prešovský kraj";485;301;38;339;NA;109633;523;2020-10-29;22310
2020-10-28;"Prešovský kraj";534;291;46;337;NA;109633;580;2020-10-28;21787
2020-10-27;"Prešovský kraj";558;268;34;302;NA;109633;592;2020-10-27;21207
2020-10-26;"Prešovský kraj";128;363;57;420;NA;109633;185;2020-10-26;20615
2020-10-25;"Prešovský kraj";195;346;11;357;NA;109633;206;2020-10-25;20430
2020-10-24;"Prešovský kraj";527;200;12;212;NA;109633;539;2020-10-24;20224
2020-10-23;"Prešovský kraj";665;218;8;226;NA;109633;673;2020-10-23;19685
2020-10-22;"Prešovský kraj";563;396;30;426;NA;109633;593;2020-10-22;19012
2020-10-21;"Prešovský kraj";319;58;8;66;NA;109633;327;2020-10-21;18419
2020-10-20;"Prešovský kraj";415;65;7;72;NA;109633;422;2020-10-20;18092
2020-10-19;"Prešovský kraj";136;235;15;250;NA;109633;151;2020-10-19;17670
2020-10-18;"Prešovský kraj";153;0;0;0;NA;109633;153;2020-10-18;17519
2020-10-17;"Prešovský kraj";311;0;0;0;NA;109633;311;2020-10-17;17366
2020-10-16;"Prešovský kraj";347;57;3;60;NA;109633;350;2020-10-16;17055
2020-10-15;"Prešovský kraj";387;85;18;103;NA;109633;405;2020-10-15;16705
2020-10-14;"Prešovský kraj";412;54;10;64;NA;109633;422;2020-10-14;16300
2020-10-13;"Prešovský kraj";235;50;6;56;NA;109633;241;2020-10-13;15878
2020-10-12;"Prešovský kraj";176;334;35;369;NA;109633;211;2020-10-12;15637
2020-10-11;"Prešovský kraj";123;0;0;0;NA;109633;123;2020-10-11;15426
2020-10-10;"Prešovský kraj";211;0;0;0;NA;109633;211;2020-10-10;15303
2020-10-09;"Prešovský kraj";374;0;0;0;NA;109633;374;2020-10-09;15092
2020-10-08;"Prešovský kraj";216;0;0;0;NA;109633;216;2020-10-08;14718
2020-10-07;"Prešovský kraj";227;0;0;0;NA;109633;227;2020-10-07;14502
2020-10-06;"Prešovský kraj";143;0;0;0;NA;109633;143;2020-10-06;14275
2020-10-05;"Prešovský kraj";67;0;0;0;NA;109633;67;2020-10-05;14132
2020-10-04;"Prešovský kraj";92;0;0;0;NA;109633;92;2020-10-04;14065
2020-10-03;"Prešovský kraj";170;0;0;0;NA;109633;170;2020-10-03;13973
2020-10-02;"Prešovský kraj";120;0;0;0;NA;109633;120;2020-10-02;13803
2020-10-01;"Prešovský kraj";127;0;0;0;NA;109633;127;2020-10-01;13683
2020-09-30;"Prešovský kraj";99;0;0;0;NA;109633;99;2020-09-30;13556
2020-09-29;"Prešovský kraj";145;0;0;0;NA;109633;145;2020-09-29;13457
2020-09-28;"Prešovský kraj";49;0;0;0;NA;109633;49;2020-09-28;13312
2020-09-27;"Prešovský kraj";10;0;0;0;NA;109633;10;2020-09-27;13263
2020-09-26;"Prešovský kraj";61;0;0;0;NA;109633;61;2020-09-26;13253
2020-09-25;"Prešovský kraj";75;0;0;0;NA;109633;75;2020-09-25;13192
2020-09-24;"Prešovský kraj";42;0;0;0;NA;109633;42;2020-09-24;13117
2020-09-23;"Prešovský kraj";42;0;0;0;NA;109633;42;2020-09-23;13075
2020-09-22;"Prešovský kraj";21;0;0;0;NA;109633;21;2020-09-22;13033
2020-09-21;"Prešovský kraj";13;0;0;0;NA;109633;13;2020-09-21;13012
2020-09-20;"Prešovský kraj";3;0;0;0;NA;109633;3;2020-09-20;12999
2020-09-19;"Prešovský kraj";9;0;0;0;NA;109633;9;2020-09-19;12996
2020-09-18;"Prešovský kraj";20;0;0;0;NA;109633;20;2020-09-18;12987
2020-09-17;"Prešovský kraj";20;0;0;0;NA;109633;20;2020-09-17;12967
2020-09-16;"Prešovský kraj";6;0;0;0;NA;109633;6;2020-09-16;12947
2020-09-15;"Prešovský kraj";8;0;0;0;NA;109633;8;2020-09-15;12941
2020-09-14;"Prešovský kraj";46;0;0;0;NA;109633;46;2020-09-14;12933
2020-09-13;"Prešovský kraj";3;0;0;0;NA;109633;3;2020-09-13;12887
2020-09-12;"Prešovský kraj";2;0;0;0;NA;109633;2;2020-09-12;12884
2020-09-11;"Prešovský kraj";13;0;0;0;NA;109633;13;2020-09-11;12882
2020-09-10;"Prešovský kraj";7;0;0;0;NA;109633;7;2020-09-10;12869
2020-09-09;"Prešovský kraj";8;0;0;0;NA;109633;8;2020-09-09;12862
2020-09-08;"Prešovský kraj";16;0;0;0;NA;109633;16;2020-09-08;12854
2020-09-07;"Prešovský kraj";4;0;0;0;NA;109633;4;2020-09-07;12838
2020-09-06;"Prešovský kraj";3;0;0;0;NA;109633;3;2020-09-06;12834
2020-09-05;"Prešovský kraj";2;0;0;0;NA;109633;2;2020-09-05;12831
2020-09-04;"Prešovský kraj";16;0;0;0;NA;109633;16;2020-09-04;12829
2020-09-03;"Prešovský kraj";4;0;0;0;NA;109633;4;2020-09-03;12813
2020-09-02;"Prešovský kraj";9;0;0;0;NA;109633;9;2020-09-02;12809
2020-09-01;"Prešovský kraj";5;0;0;0;NA;109633;5;2020-09-01;12800
2020-08-31;"Prešovský kraj";3;0;0;0;NA;109633;3;2020-08-31;12795
2020-08-30;"Prešovský kraj";6;0;0;0;NA;109633;6;2020-08-30;12792
2020-08-29;"Prešovský kraj";4;0;0;0;NA;109633;4;2020-08-29;12786
2020-08-28;"Prešovský kraj";4;0;0;0;NA;109633;4;2020-08-28;12782
2020-08-27;"Prešovský kraj";5;0;0;0;NA;109633;5;2020-08-27;12778
2020-08-26;"Prešovský kraj";15;0;0;0;NA;109633;15;2020-08-26;12773
2020-08-25;"Prešovský kraj";0;0;0;0;NA;109633;0;2020-08-25;12758
2020-08-24;"Prešovský kraj";5;0;0;0;NA;109633;5;2020-08-24;12758
2020-08-23;"Prešovský kraj";3;0;0;0;NA;109633;3;2020-08-23;12753
2020-08-22;"Prešovský kraj";2;0;0;0;NA;109633;2;2020-08-22;12750
2020-08-21;"Prešovský kraj";6;0;0;0;NA;109633;6;2020-08-21;12748
2020-08-20;"Prešovský kraj";5;0;0;0;NA;109633;5;2020-08-20;12742
2020-08-19;"Prešovský kraj";6;0;0;0;NA;109633;6;2020-08-19;12737
2020-08-18;"Prešovský kraj";6;0;0;0;NA;109633;6;2020-08-18;12731
2020-08-17;"Prešovský kraj";1;0;0;0;NA;109633;1;2020-08-17;12725
2020-08-16;"Prešovský kraj";0;0;0;0;NA;109633;0;2020-08-16;12724
2020-08-15;"Prešovský kraj";7;0;0;0;NA;109633;7;2020-08-15;12724
2020-08-14;"Prešovský kraj";4;0;0;0;NA;109633;4;2020-08-14;12717
2020-08-13;"Prešovský kraj";5;0;0;0;NA;109633;5;2020-08-13;12713
2020-08-12;"Prešovský kraj";9;0;0;0;NA;109633;9;2020-08-12;12708
2020-08-11;"Prešovský kraj";2;0;0;0;NA;109633;2;2020-08-11;12699
2020-08-10;"Prešovský kraj";0;0;0;0;NA;109633;0;2020-08-10;12697
2020-08-09;"Prešovský kraj";0;0;0;0;NA;109633;0;2020-08-09;12697
2020-08-08;"Prešovský kraj";2;0;0;0;NA;109633;2;2020-08-08;12697
2020-08-07;"Prešovský kraj";2;0;0;0;NA;109633;2;2020-08-07;12695
2020-08-06;"Prešovský kraj";1;0;0;0;NA;109633;1;2020-08-06;12693
2020-08-05;"Prešovský kraj";3;0;0;0;NA;109633;3;2020-08-05;12692
2020-08-04;"Prešovský kraj";5;0;0;0;NA;109633;5;2020-08-04;12689
2020-08-03;"Prešovský kraj";2;0;0;0;NA;109633;2;2020-08-03;12684
2020-08-02;"Prešovský kraj";6;0;0;0;NA;109633;6;2020-08-02;12682
2020-08-01;"Prešovský kraj";0;0;0;0;NA;109633;0;2020-08-01;12676
2020-07-31;"Prešovský kraj";2;0;0;0;NA;109633;2;2020-07-31;12676
2020-07-30;"Prešovský kraj";6;0;0;0;NA;109633;6;2020-07-30;12674
2020-07-29;"Prešovský kraj";5;0;0;0;NA;109633;5;2020-07-29;12668
2020-07-28;"Prešovský kraj";0;0;0;0;NA;109633;0;2020-07-28;12663
2020-07-27;"Prešovský kraj";1;0;0;0;NA;109633;1;2020-07-27;12663
2020-07-26;"Prešovský kraj";1;0;0;0;NA;109633;1;2020-07-26;12662
2020-07-25;"Prešovský kraj";20;0;0;0;NA;109633;20;2020-07-25;12661
2020-07-24;"Prešovský kraj";1;0;0;0;NA;109633;1;2020-07-24;12641
2020-07-23;"Prešovský kraj";5;0;0;0;NA;109633;5;2020-07-23;12640
2020-07-22;"Prešovský kraj";1;0;0;0;NA;109633;1;2020-07-22;12635
2020-07-21;"Prešovský kraj";2;0;0;0;NA;109633;2;2020-07-21;12634
2020-07-20;"Prešovský kraj";1;0;0;0;NA;109633;1;2020-07-20;12632
2020-07-19;"Prešovský kraj";0;0;0;0;NA;109633;0;2020-07-19;12631
2020-07-18;"Prešovský kraj";0;0;0;0;NA;109633;0;2020-07-18;12631
2020-07-17;"Prešovský kraj";3;0;0;0;NA;109633;3;2020-07-17;12631
2020-07-16;"Prešovský kraj";1;0;0;0;NA;109633;1;2020-07-16;12628
2020-07-15;"Prešovský kraj";2;0;0;0;NA;109633;2;2020-07-15;12627
2020-07-14;"Prešovský kraj";5;0;0;0;NA;109633;5;2020-07-14;12625
2020-07-13;"Prešovský kraj";1;0;0;0;NA;109633;1;2020-07-13;12620
2020-07-12;"Prešovský kraj";1;0;0;0;NA;109633;1;2020-07-12;12619
2020-07-11;"Prešovský kraj";6;0;0;0;NA;109633;6;2020-07-11;12618
2020-07-10;"Prešovský kraj";5;0;0;0;NA;109633;5;2020-07-10;12612
2020-07-09;"Prešovský kraj";2;0;0;0;NA;109633;2;2020-07-09;12607
2020-07-08;"Prešovský kraj";14;0;0;0;NA;109633;14;2020-07-08;12605
2020-07-07;"Prešovský kraj";2;0;0;0;NA;109633;2;2020-07-07;12591
2020-07-06;"Prešovský kraj";0;0;0;0;NA;109633;0;2020-07-06;12589
2020-07-05;"Prešovský kraj";0;0;0;0;NA;109633;0;2020-07-05;12589
2020-07-04;"Prešovský kraj";1;0;0;0;NA;109633;1;2020-07-04;12589
2020-07-03;"Prešovský kraj";1;0;0;0;NA;109633;1;2020-07-03;12588
2020-07-02;"Prešovský kraj";0;0;0;0;NA;109633;0;2020-07-02;12587
2020-07-01;"Prešovský kraj";0;0;0;0;NA;109633;0;2020-07-01;12587
2020-06-30;"Prešovský kraj";6;0;0;0;NA;109633;6;2020-06-30;12587
2020-06-29;"Prešovský kraj";0;0;0;0;NA;109633;0;2020-06-29;12581
2020-06-28;"Prešovský kraj";0;0;0;0;NA;109633;0;2020-06-28;12581
2020-06-27;"Prešovský kraj";0;0;0;0;NA;109633;0;2020-06-27;12581
2020-06-26;"Prešovský kraj";0;0;0;0;NA;109633;0;2020-06-26;12581
2020-06-25;"Prešovský kraj";0;0;0;0;NA;109633;0;2020-06-25;12581
2020-06-24;"Prešovský kraj";4;0;0;0;NA;109633;4;2020-06-24;12581
2020-06-23;"Prešovský kraj";0;0;0;0;NA;109633;0;2020-06-23;12577
2020-06-22;"Prešovský kraj";0;0;0;0;NA;109633;0;2020-06-22;12577
2020-06-21;"Prešovský kraj";0;0;0;0;NA;109633;0;2020-06-21;12577
2020-06-20;"Prešovský kraj";0;0;0;0;NA;109633;0;2020-06-20;12577
2020-06-19;"Prešovský kraj";0;0;0;0;NA;109633;0;2020-06-19;12577
2020-06-18;"Prešovský kraj";0;0;0;0;NA;109633;0;2020-06-18;12577
2020-06-17;"Prešovský kraj";0;0;0;0;NA;109633;0;2020-06-17;12577
2020-06-16;"Prešovský kraj";2;0;0;0;NA;109633;2;2020-06-16;12577
2020-06-14;"Prešovský kraj";0;0;0;0;NA;109633;0;2020-06-14;12575
2020-06-13;"Prešovský kraj";0;0;0;0;NA;109633;0;2020-06-13;12575
2020-06-12;"Prešovský kraj";1;0;0;0;NA;109633;1;2020-06-12;12575
2020-06-11;"Prešovský kraj";0;0;0;0;NA;109633;0;2020-06-11;12574
2020-06-10;"Prešovský kraj";0;0;0;0;NA;109633;0;2020-06-10;12574
2020-06-09;"Prešovský kraj";0;0;0;0;NA;109633;0;2020-06-09;12574
2020-06-08;"Prešovský kraj";0;0;0;0;NA;109633;0;2020-06-08;12574
2020-06-07;"Prešovský kraj";0;0;0;0;NA;109633;0;2020-06-07;12574
2020-06-05;"Prešovský kraj";0;0;0;0;NA;109633;0;2020-06-05;12574
2020-06-03;"Prešovský kraj";0;0;0;0;NA;109633;0;2020-06-03;12574
2020-06-02;"Prešovský kraj";1;0;0;0;NA;109633;1;2020-06-02;12574
2020-05-31;"Prešovský kraj";1;0;0;0;NA;109633;1;2020-05-31;12573
2020-05-29;"Prešovský kraj";0;0;0;0;NA;109633;0;2020-05-29;12572
2020-05-27;"Prešovský kraj";0;0;0;0;NA;109633;0;2020-05-27;12572
2020-05-26;"Prešovský kraj";0;0;0;0;NA;109633;0;2020-05-26;12572
2020-05-25;"Prešovský kraj";0;0;0;0;NA;109633;0;2020-05-25;12572
2020-05-24;"Prešovský kraj";0;0;0;0;NA;109633;0;2020-05-24;12572
2020-05-23;"Prešovský kraj";0;0;0;0;NA;109633;0;2020-05-23;12572
2020-05-22;"Prešovský kraj";0;0;0;0;NA;109633;0;2020-05-22;12572
2020-05-21;"Prešovský kraj";1;0;0;0;NA;109633;1;2020-05-21;12572
2020-05-20;"Prešovský kraj";0;0;0;0;NA;109633;0;2020-05-20;12571
2020-05-19;"Prešovský kraj";0;0;0;0;NA;109633;0;2020-05-19;12571
2020-05-17;"Prešovský kraj";0;0;0;0;NA;109633;0;2020-05-17;12571
2020-05-16;"Prešovský kraj";0;0;0;0;NA;109633;0;2020-05-16;12571
2020-05-15;"Prešovský kraj";0;0;0;0;NA;109633;0;2020-05-15;12571
2020-05-14;"Prešovský kraj";0;0;0;0;NA;109633;0;2020-05-14;12571
2020-05-13;"Prešovský kraj";1;0;0;0;NA;109633;1;2020-05-13;12571
2020-05-12;"Prešovský kraj";0;0;0;0;NA;109633;0;2020-05-12;12570
2020-05-11;"Prešovský kraj";1;0;0;0;NA;109633;1;2020-05-11;12570
2020-05-09;"Prešovský kraj";0;0;0;0;NA;109633;0;2020-05-09;12569
2020-05-07;"Prešovský kraj";0;0;0;0;NA;109633;0;2020-05-07;12569
2020-05-06;"Prešovský kraj";0;0;0;0;NA;109633;0;2020-05-06;12569
2020-05-05;"Prešovský kraj";0;0;0;0;NA;109633;0;2020-05-05;12569
2020-05-04;"Prešovský kraj";0;0;0;0;NA;109633;0;2020-05-04;12569
2020-05-03;"Prešovský kraj";0;0;0;0;NA;109633;0;2020-05-03;12569
2020-05-02;"Prešovský kraj";0;0;0;0;NA;109633;0;2020-05-02;12569
2020-05-01;"Prešovský kraj";2;0;0;0;NA;109633;2;2020-05-01;12569
2020-04-30;"Prešovský kraj";0;0;0;0;NA;109633;0;2020-04-30;12567
2020-04-29;"Prešovský kraj";1;0;0;0;NA;109633;1;2020-04-29;12567
2020-04-28;"Prešovský kraj";1;0;0;0;NA;109633;1;2020-04-28;12566
2020-04-27;"Prešovský kraj";2;0;0;0;NA;109633;2;2020-04-27;12565
2020-04-26;"Prešovský kraj";0;0;0;0;NA;109633;0;2020-04-26;12563
2020-04-25;"Prešovský kraj";0;0;0;0;NA;109633;0;2020-04-25;12563
2020-04-24;"Prešovský kraj";0;0;0;0;NA;109633;0;2020-04-24;12563
2020-04-23;"Prešovský kraj";1;0;0;0;NA;109633;1;2020-04-23;12563
2020-04-22;"Prešovský kraj";6;0;0;0;NA;109633;6;2020-04-22;12562
2020-04-21;"Prešovský kraj";12;0;0;0;NA;109633;12;2020-04-21;12556
2020-04-20;"Prešovský kraj";1;0;0;0;NA;109633;1;2020-04-20;12544
2020-04-19;"Prešovský kraj";3;0;0;0;NA;109633;3;2020-04-19;12543
2020-04-18;"Prešovský kraj";0;0;0;0;NA;109633;0;2020-04-18;12540
2020-04-17;"Prešovský kraj";1;0;0;0;NA;109633;1;2020-04-17;12540
2020-04-16;"Prešovský kraj";5;0;0;0;NA;109633;5;2020-04-16;12539
2020-04-15;"Prešovský kraj";14;0;0;0;NA;109633;14;2020-04-15;12534
2020-04-14;"Prešovský kraj";0;0;0;0;NA;109633;0;2020-04-14;12520
2020-04-13;"Prešovský kraj";2;0;0;0;NA;109633;2;2020-04-13;12520
2020-04-12;"Prešovský kraj";5;0;0;0;NA;109633;5;2020-04-12;12518
2020-04-11;"Prešovský kraj";0;0;0;0;NA;109633;0;2020-04-11;12513
2020-04-10;"Prešovský kraj";0;0;0;0;NA;109633;0;2020-04-10;12513
2020-04-09;"Prešovský kraj";1;0;0;0;NA;109633;1;2020-04-09;12513
2020-04-08;"Prešovský kraj";0;0;0;0;NA;109633;0;2020-04-08;12512
2020-04-07;"Prešovský kraj";4;0;0;0;NA;109633;4;2020-04-07;12512
2020-04-06;"Prešovský kraj";9;0;0;0;NA;109633;9;2020-04-06;12508
2020-04-05;"Prešovský kraj";11;0;0;0;NA;109633;11;2020-04-05;12499
2020-04-04;"Prešovský kraj";0;0;0;0;NA;109633;0;2020-04-04;12488
2020-04-03;"Prešovský kraj";4;0;0;0;NA;109633;4;2020-04-03;12488
2020-04-02;"Prešovský kraj";6;0;0;0;NA;109633;6;2020-04-02;12484
2020-04-01;"Prešovský kraj";6;0;0;0;NA;109633;6;2020-04-01;12478
2020-03-31;"Prešovský kraj";6;0;0;0;NA;109633;6;2020-03-31;12472
2020-03-30;"Prešovský kraj";2;0;0;0;NA;109633;2;2020-03-30;12466
2020-03-29;"Prešovský kraj";0;0;0;0;NA;109633;0;2020-03-29;12464
2020-03-28;"Prešovský kraj";2;0;0;0;NA;109633;2;2020-03-28;12464
2020-03-27;"Prešovský kraj";1;0;0;0;NA;109633;1;2020-03-27;12462
2020-03-26;"Prešovský kraj";7;0;0;0;NA;109633;7;2020-03-26;12461
2020-03-25;"Prešovský kraj";1;0;0;0;NA;109633;1;2020-03-25;12454
2020-03-24;"Prešovský kraj";2;0;0;0;NA;109633;2;2020-03-24;12453
2020-03-23;"Prešovský kraj";0;0;0;0;NA;109633;0;2020-03-23;12451
2020-03-22;"Prešovský kraj";1;0;0;0;NA;109633;1;2020-03-22;12451
2020-03-21;"Prešovský kraj";1;0;0;0;NA;109633;1;2020-03-21;12450
2020-03-20;"Prešovský kraj";3;0;0;0;NA;109633;3;2020-03-20;12449
2020-03-19;"Prešovský kraj";2;0;0;0;NA;109633;2;2020-03-19;12446
2020-03-18;"Prešovský kraj";1;0;0;0;NA;109633;1;2020-03-18;12444
2020-03-17;"Prešovský kraj";0;0;0;0;NA;109633;0;2020-03-17;12443
2020-03-16;"Prešovský kraj";4;0;0;0;NA;109633;4;2020-03-16;12443
2020-03-15;"Prešovský kraj";0;0;0;0;NA;109633;0;2020-03-15;12439
2020-03-14;"Prešovský kraj";1;0;0;0;NA;109633;1;2020-03-14;12439
2020-03-13;"Prešovský kraj";0;0;0;0;NA;109633;0;2020-03-13;12438
2020-03-12;"Prešovský kraj";0;0;0;0;NA;109633;0;2020-03-12;12438
2020-03-11;"Prešovský kraj";0;0;0;0;NA;109633;0;2020-03-11;12438
2020-03-09;"Prešovský kraj";0;0;0;0;NA;109633;0;2020-03-09;12438
2020-03-08;"Prešovský kraj";0;0;0;0;NA;109633;0;2020-03-08;12438
2020-03-07;"Prešovský kraj";0;0;0;0;NA;109633;0;2020-03-07;12438
2020-03-06;"Prešovský kraj";0;0;0;0;NA;109633;0;2020-03-06;12438
2021-04-28;"Trenčiansky kraj";79;12003;49;12052;0;45966;128;2021-04-28;45966
2021-04-27;"Trenčiansky kraj";80;15524;40;15564;NA;45966;120;2021-04-27;45838
2021-04-26;"Trenčiansky kraj";44;20951;63;21014;NA;45966;107;2021-04-26;45718
2021-04-25;"Trenčiansky kraj";0;34992;49;35041;NA;45966;49;2021-04-25;45611
2021-04-24;"Trenčiansky kraj";45;67766;94;67860;NA;45966;139;2021-04-24;45562
2021-04-23;"Trenčiansky kraj";115;29143;79;29222;NA;45966;194;2021-04-23;45423
2021-04-22;"Trenčiansky kraj";42;13847;64;13911;NA;45966;106;2021-04-22;45229
2021-04-21;"Trenčiansky kraj";56;12996;67;13063;NA;45966;123;2021-04-21;45123
2021-04-20;"Trenčiansky kraj";114;17652;80;17732;NA;45966;194;2021-04-20;45000
2021-04-19;"Trenčiansky kraj";85;22630;103;22733;NA;45966;188;2021-04-19;44806
2021-04-18;"Trenčiansky kraj";3;40879;97;40976;NA;45966;100;2021-04-18;44618
2021-04-17;"Trenčiansky kraj";54;81498;136;81634;NA;45966;190;2021-04-17;44518
2021-04-16;"Trenčiansky kraj";86;31361;90;31451;NA;45966;176;2021-04-16;44328
2021-04-15;"Trenčiansky kraj";51;14477;69;14546;NA;45966;120;2021-04-15;44152
2021-04-14;"Trenčiansky kraj";104;15550;72;15622;NA;45966;176;2021-04-14;44032
2021-04-13;"Trenčiansky kraj";150;18713;75;18788;NA;45966;225;2021-04-13;43856
2021-04-12;"Trenčiansky kraj";81;23744;91;23835;NA;45966;172;2021-04-12;43631
2021-04-11;"Trenčiansky kraj";1;34738;72;34810;NA;45966;73;2021-04-11;43459
2021-04-10;"Trenčiansky kraj";63;83093;145;83238;NA;45966;208;2021-04-10;43386
2021-04-09;"Trenčiansky kraj";93;27993;91;28084;NA;45966;184;2021-04-09;43178
2021-04-08;"Trenčiansky kraj";82;13282;85;13367;NA;45966;167;2021-04-08;42994
2021-04-07;"Trenčiansky kraj";180;17689;122;17811;NA;45966;302;2021-04-07;42827
2021-04-06;"Trenčiansky kraj";130;28622;178;28800;NA;45966;308;2021-04-06;42525
2021-04-05;"Trenčiansky kraj";13;9227;64;9291;NA;45966;77;2021-04-05;42217
2021-04-04;"Trenčiansky kraj";2;20384;85;20469;NA;45966;87;2021-04-04;42140
2021-04-03;"Trenčiansky kraj";47;80473;221;80694;NA;45966;268;2021-04-03;42053
2021-04-02;"Trenčiansky kraj";101;21531;80;21611;NA;45966;181;2021-04-02;41785
2021-04-01;"Trenčiansky kraj";118;32375;139;32514;NA;45966;257;2021-04-01;41604
2021-03-31;"Trenčiansky kraj";164;20100;130;20230;NA;45966;294;2021-03-31;41347
2021-03-30;"Trenčiansky kraj";226;17304;136;17440;NA;45966;362;2021-03-30;41053
2021-03-29;"Trenčiansky kraj";133;19478;170;19648;NA;45966;303;2021-03-29;40691
2021-03-28;"Trenčiansky kraj";2;34756;116;34872;NA;45966;118;2021-03-28;40388
2021-03-27;"Trenčiansky kraj";95;77314;293;77607;NA;45966;388;2021-03-27;40270
2021-03-26;"Trenčiansky kraj";158;35052;157;35209;NA;45966;315;2021-03-26;39882
2021-03-25;"Trenčiansky kraj";171;16579;176;16755;NA;45966;347;2021-03-25;39567
2021-03-24;"Trenčiansky kraj";209;13099;171;13270;NA;45966;380;2021-03-24;39220
2021-03-23;"Trenčiansky kraj";274;17588;174;17762;NA;45966;448;2021-03-23;38840
2021-03-22;"Trenčiansky kraj";120;21118;213;21331;NA;45966;333;2021-03-22;38392
2021-03-21;"Trenčiansky kraj";60;32709;164;32873;NA;45966;224;2021-03-21;38059
2021-03-20;"Trenčiansky kraj";80;80035;322;80357;NA;45966;402;2021-03-20;37835
2021-03-19;"Trenčiansky kraj";191;34784;232;35016;NA;45966;423;2021-03-19;37433
2021-03-18;"Trenčiansky kraj";205;16105;178;16283;NA;45966;383;2021-03-18;37010
2021-03-17;"Trenčiansky kraj";314;13436;163;13599;NA;45966;477;2021-03-17;36627
2021-03-16;"Trenčiansky kraj";362;15281;241;15522;NA;45966;603;2021-03-16;36150
2021-03-15;"Trenčiansky kraj";139;21235;261;21496;NA;45966;400;2021-03-15;35547
2021-03-14;"Trenčiansky kraj";8;33890;233;34123;NA;45966;241;2021-03-14;35147
2021-03-13;"Trenčiansky kraj";214;79187;453;79640;NA;45966;667;2021-03-13;34906
2021-03-12;"Trenčiansky kraj";265;34783;307;35090;NA;45966;572;2021-03-12;34239
2021-03-11;"Trenčiansky kraj";234;15557;213;15770;NA;45966;447;2021-03-11;33667
2021-03-10;"Trenčiansky kraj";323;13585;237;13822;NA;45966;560;2021-03-10;33220
2021-03-09;"Trenčiansky kraj";452;17982;285;18267;NA;45966;737;2021-03-09;32660
2021-03-08;"Trenčiansky kraj";110;21431;358;21789;NA;45966;468;2021-03-08;31923
2021-03-07;"Trenčiansky kraj";2;33991;318;34309;NA;45966;320;2021-03-07;31455
2021-03-06;"Trenčiansky kraj";212;79134;527;79661;NA;45966;739;2021-03-06;31135
2021-03-05;"Trenčiansky kraj";256;32946;416;33362;NA;45966;672;2021-03-05;30396
2021-03-04;"Trenčiansky kraj";254;16820;315;17135;NA;45966;569;2021-03-04;29724
2021-03-03;"Trenčiansky kraj";273;13953;346;14299;NA;45966;619;2021-03-03;29155
2021-03-02;"Trenčiansky kraj";444;17797;344;18141;NA;45966;788;2021-03-02;28536
2021-03-01;"Trenčiansky kraj";162;21127;445;21572;NA;45966;607;2021-03-01;27748
2021-02-28;"Trenčiansky kraj";43;30238;376;30614;NA;45966;419;2021-02-28;27141
2021-02-27;"Trenčiansky kraj";192;78732;686;79418;NA;45966;878;2021-02-27;26722
2021-02-26;"Trenčiansky kraj";327;32932;435;33367;NA;45966;762;2021-02-26;25844
2021-02-25;"Trenčiansky kraj";316;14029;328;14357;NA;45966;644;2021-02-25;25082
2021-02-24;"Trenčiansky kraj";306;12002;399;12401;NA;45966;705;2021-02-24;24438
2021-02-23;"Trenčiansky kraj";463;14904;390;15294;NA;45966;853;2021-02-23;23733
2021-02-22;"Trenčiansky kraj";125;19969;468;20437;NA;45966;593;2021-02-22;22880
2021-02-21;"Trenčiansky kraj";30;29478;392;29870;NA;45966;422;2021-02-21;22287
2021-02-20;"Trenčiansky kraj";210;77840;745;78585;NA;45966;955;2021-02-20;21865
2021-02-19;"Trenčiansky kraj";216;30245;520;30765;NA;45966;736;2021-02-19;20910
2021-02-18;"Trenčiansky kraj";275;14378;410;14788;NA;45966;685;2021-02-18;20174
2021-02-17;"Trenčiansky kraj";269;11399;376;11775;NA;45966;645;2021-02-17;19489
2021-02-16;"Trenčiansky kraj";403;17761;406;18167;NA;45966;809;2021-02-16;18844
2021-02-15;"Trenčiansky kraj";126;21846;463;22309;NA;45966;589;2021-02-15;18035
2021-02-14;"Trenčiansky kraj";0;31255;324;31579;NA;45966;324;2021-02-14;17446
2021-02-13;"Trenčiansky kraj";198;63006;522;63528;NA;45966;720;2021-02-13;17122
2021-02-12;"Trenčiansky kraj";205;27966;412;28378;NA;45966;617;2021-02-12;16402
2021-02-11;"Trenčiansky kraj";232;11566;323;11889;NA;45966;555;2021-02-11;15785
2021-02-10;"Trenčiansky kraj";224;11402;317;11719;NA;45966;541;2021-02-10;15230
2021-02-09;"Trenčiansky kraj";426;18401;360;18761;NA;45966;786;2021-02-09;14689
2021-02-08;"Trenčiansky kraj";163;26972;430;27402;NA;45966;593;2021-02-08;13903
2021-02-07;"Trenčiansky kraj";18;36772;341;37113;NA;45966;359;2021-02-07;13310
2021-02-06;"Trenčiansky kraj";176;63931;560;64491;NA;45966;736;2021-02-06;12951
2021-02-05;"Trenčiansky kraj";174;18154;367;18521;NA;45966;541;2021-02-05;12215
2021-02-04;"Trenčiansky kraj";224;7013;279;7292;NA;45966;503;2021-02-04;11674
2021-02-03;"Trenčiansky kraj";130;6677;320;6997;NA;45966;450;2021-02-03;11171
2021-02-02;"Trenčiansky kraj";304;8058;380;8438;NA;45966;684;2021-02-02;10721
2021-02-01;"Trenčiansky kraj";148;8917;311;9228;NA;45966;459;2021-02-01;10037
2021-01-31;"Trenčiansky kraj";6;19103;159;19262;NA;45966;165;2021-01-31;9578
2021-01-30;"Trenčiansky kraj";178;38167;332;38499;NA;45966;510;2021-01-30;9413
2021-01-29;"Trenčiansky kraj";187;7586;235;7821;NA;45966;422;2021-01-29;8903
2021-01-28;"Trenčiansky kraj";261;5442;158;5600;NA;45966;419;2021-01-28;8481
2021-01-27;"Trenčiansky kraj";142;4842;181;5023;NA;45966;323;2021-01-27;8062
2021-01-26;"Trenčiansky kraj";238;14585;250;14835;NA;45966;488;2021-01-26;7739
2021-01-25;"Trenčiansky kraj";104;24302;207;24509;NA;45966;311;2021-01-25;7251
2021-01-24;"Trenčiansky kraj";20;38369;282;38651;NA;45966;302;2021-01-24;6940
2021-01-23;"Trenčiansky kraj";170;114125;749;114874;NA;45966;919;2021-01-23;6638
2021-01-22;"Trenčiansky kraj";125;21833;242;22075;NA;45966;367;2021-01-22;5719
2021-01-21;"Trenčiansky kraj";115;8582;166;8748;NA;45966;281;2021-01-21;5352
2021-01-20;"Trenčiansky kraj";137;8189;227;8416;NA;45966;364;2021-01-20;5071
2021-01-19;"Trenčiansky kraj";303;6618;262;6880;NA;45966;565;2021-01-19;4707
2021-01-18;"Trenčiansky kraj";55;4970;321;5291;NA;45966;376;2021-01-18;4142
2021-01-17;"Trenčiansky kraj";78;156;11;167;NA;45966;89;2021-01-17;3766
2021-01-16;"Trenčiansky kraj";37;1288;53;1341;NA;45966;90;2021-01-16;3677
2021-01-15;"Trenčiansky kraj";212;4029;218;4247;NA;45966;430;2021-01-15;3587
2021-01-14;"Trenčiansky kraj";228;3193;189;3382;NA;45966;417;2021-01-14;3157
2021-01-13;"Trenčiansky kraj";172;3893;215;4108;NA;45966;387;2021-01-13;2740
2021-01-12;"Trenčiansky kraj";428;4604;261;4865;NA;45966;689;2021-01-12;2353
2021-01-11;"Trenčiansky kraj";97;4367;354;4721;NA;45966;451;2021-01-11;1664
2021-01-10;"Trenčiansky kraj";29;4969;77;5046;NA;45966;106;2021-01-10;1213
2021-01-09;"Trenčiansky kraj";226;8280;128;8408;NA;45966;354;2021-01-09;1107
2021-01-08;"Trenčiansky kraj";329;6434;484;6918;NA;45966;813;2021-01-08;753
2021-01-07;"Trenčiansky kraj";305;6138;577;6715;NA;45966;882;2021-01-07;-60
2021-01-06;"Trenčiansky kraj";168;1021;64;1085;NA;45966;232;2021-01-06;-942
2021-01-05;"Trenčiansky kraj";489;5753;706;6459;NA;45966;1195;2021-01-05;-1174
2021-01-04;"Trenčiansky kraj";189;5248;782;6030;NA;45966;971;2021-01-04;-2369
2021-01-03;"Trenčiansky kraj";17;114;15;129;NA;45966;32;2021-01-03;-3340
2021-01-02;"Trenčiansky kraj";112;196;23;219;NA;45966;135;2021-01-02;-3372
2021-01-01;"Trenčiansky kraj";168;347;23;370;NA;45966;191;2021-01-01;-3507
2020-12-31;"Trenčiansky kraj";475;4943;557;5500;NA;45966;1032;2020-12-31;-3698
2020-12-30;"Trenčiansky kraj";653;7012;762;7774;NA;45966;1415;2020-12-30;-4730
2020-12-29;"Trenčiansky kraj";392;6191;1018;7209;NA;45966;1410;2020-12-29;-6145
2020-12-28;"Trenčiansky kraj";151;4195;777;4972;NA;45966;928;2020-12-28;-7555
2020-12-27;"Trenčiansky kraj";4;208;36;244;NA;45966;40;2020-12-27;-8483
2020-12-26;"Trenčiansky kraj";105;74;10;84;NA;45966;115;2020-12-26;-8523
2020-12-25;"Trenčiansky kraj";158;325;47;372;NA;45966;205;2020-12-25;-8638
2020-12-24;"Trenčiansky kraj";459;2194;256;2450;NA;45966;715;2020-12-24;-8843
2020-12-23;"Trenčiansky kraj";205;6552;661;7213;NA;45966;866;2020-12-23;-9558
2020-12-22;"Trenčiansky kraj";588;5760;694;6454;NA;45966;1282;2020-12-22;-10424
2020-12-21;"Trenčiansky kraj";174;13321;956;14277;NA;45966;1130;2020-12-21;-11706
2020-12-20;"Trenčiansky kraj";119;12504;292;12796;NA;45966;411;2020-12-20;-12836
2020-12-19;"Trenčiansky kraj";243;1611;150;1761;NA;45966;393;2020-12-19;-13247
2020-12-18;"Trenčiansky kraj";411;5199;615;5814;NA;45966;1026;2020-12-18;-13640
2020-12-17;"Trenčiansky kraj";479;3843;524;4367;NA;45966;1003;2020-12-17;-14666
2020-12-16;"Trenčiansky kraj";365;4464;647;5111;NA;45966;1012;2020-12-16;-15669
2020-12-15;"Trenčiansky kraj";426;3805;670;4475;NA;45966;1096;2020-12-15;-16681
2020-12-14;"Trenčiansky kraj";208;3194;613;3807;NA;45966;821;2020-12-14;-17777
2020-12-13;"Trenčiansky kraj";24;49;6;55;NA;45966;30;2020-12-13;-18598
2020-12-12;"Trenčiansky kraj";260;1191;132;1323;NA;45966;392;2020-12-12;-18628
2020-12-11;"Trenčiansky kraj";595;4066;479;4545;NA;45966;1074;2020-12-11;-19020
2020-12-10;"Trenčiansky kraj";150;3354;473;3827;NA;45966;623;2020-12-10;-20094
2020-12-09;"Trenčiansky kraj";377;3788;466;4254;NA;45966;843;2020-12-09;-20717
2020-12-08;"Trenčiansky kraj";414;3440;522;3962;NA;45966;936;2020-12-08;-21560
2020-12-07;"Trenčiansky kraj";129;3832;468;4300;NA;45966;597;2020-12-07;-22496
2020-12-06;"Trenčiansky kraj";80;187;11;198;NA;45966;91;2020-12-06;-23093
2020-12-05;"Trenčiansky kraj";164;616;56;672;NA;45966;220;2020-12-05;-23184
2020-12-04;"Trenčiansky kraj";155;2989;273;3262;NA;45966;428;2020-12-04;-23404
2020-12-03;"Trenčiansky kraj";399;1739;179;1918;NA;45966;578;2020-12-03;-23832
2020-12-02;"Trenčiansky kraj";281;1887;232;2119;NA;45966;513;2020-12-02;-24410
2020-12-01;"Trenčiansky kraj";252;5705;353;6058;NA;45966;605;2020-12-01;-24923
2020-11-30;"Trenčiansky kraj";128;11514;520;12034;NA;45966;648;2020-11-30;-25528
2020-11-29;"Trenčiansky kraj";11;30;5;35;NA;45966;16;2020-11-29;-26176
2020-11-28;"Trenčiansky kraj";141;1051;93;1144;NA;45966;234;2020-11-28;-26192
2020-11-27;"Trenčiansky kraj";255;1888;186;2074;NA;45966;441;2020-11-27;-26426
2020-11-26;"Trenčiansky kraj";322;1252;122;1374;NA;45966;444;2020-11-26;-26867
2020-11-25;"Trenčiansky kraj";237;1444;160;1604;NA;45966;397;2020-11-25;-27311
2020-11-24;"Trenčiansky kraj";290;2553;308;2861;NA;45966;598;2020-11-24;-27708
2020-11-23;"Trenčiansky kraj";121;1186;122;1308;NA;45966;243;2020-11-23;-28306
2020-11-22;"Trenčiansky kraj";12;30;7;37;NA;45966;19;2020-11-22;-28549
2020-11-21;"Trenčiansky kraj";218;1376;69;1445;NA;45966;287;2020-11-21;-28568
2020-11-20;"Trenčiansky kraj";249;861;93;954;NA;45966;342;2020-11-20;-28855
2020-11-19;"Trenčiansky kraj";256;740;113;853;NA;45966;369;2020-11-19;-29197
2020-11-18;"Trenčiansky kraj";158;379;66;445;NA;45966;224;2020-11-18;-29566
2020-11-17;"Trenčiansky kraj";165;106;15;121;NA;45966;180;2020-11-17;-29790
2020-11-16;"Trenčiansky kraj";196;236;45;281;NA;45966;241;2020-11-16;-29970
2020-11-15;"Trenčiansky kraj";66;29;6;35;NA;45966;72;2020-11-15;-30211
2020-11-14;"Trenčiansky kraj";180;74;11;85;NA;45966;191;2020-11-14;-30283
2020-11-13;"Trenčiansky kraj";239;131;13;144;NA;45966;252;2020-11-13;-30474
2020-11-12;"Trenčiansky kraj";260;124;5;129;NA;45966;265;2020-11-12;-30726
2020-11-11;"Trenčiansky kraj";305;113;10;123;NA;45966;315;2020-11-11;-30991
2020-11-10;"Trenčiansky kraj";235;106;6;112;NA;45966;241;2020-11-10;-31306
2020-11-09;"Trenčiansky kraj";63;1407;48;1455;NA;45966;111;2020-11-09;-31547
2020-11-08;"Trenčiansky kraj";55;1271;8;1279;NA;45966;63;2020-11-08;-31658
2020-11-07;"Trenčiansky kraj";242;3662;59;3721;NA;45966;301;2020-11-07;-31721
2020-11-06;"Trenčiansky kraj";278;6893;84;6977;NA;45966;362;2020-11-06;-32022
2020-11-05;"Trenčiansky kraj";327;98;15;113;NA;45966;342;2020-11-05;-32384
2020-11-04;"Trenčiansky kraj";302;91;9;100;NA;45966;311;2020-11-04;-32726
2020-11-03;"Trenčiansky kraj";463;97;8;105;NA;45966;471;2020-11-03;-33037
2020-11-02;"Trenčiansky kraj";161;1833;68;1901;NA;45966;229;2020-11-02;-33508
2020-11-01;"Trenčiansky kraj";192;808;24;832;NA;45966;216;2020-11-01;-33737
2020-10-31;"Trenčiansky kraj";286;4719;82;4801;NA;45966;368;2020-10-31;-33953
2020-10-30;"Trenčiansky kraj";250;5283;102;5385;NA;45966;352;2020-10-30;-34321
2020-10-29;"Trenčiansky kraj";417;764;68;832;NA;45966;485;2020-10-29;-34673
2020-10-28;"Trenčiansky kraj";228;192;33;225;NA;45966;261;2020-10-28;-35158
2020-10-27;"Trenčiansky kraj";398;127;27;154;NA;45966;425;2020-10-27;-35419
2020-10-26;"Trenčiansky kraj";122;107;36;143;NA;45966;158;2020-10-26;-35844
2020-10-25;"Trenčiansky kraj";115;9;5;14;NA;45966;120;2020-10-25;-36002
2020-10-24;"Trenčiansky kraj";328;128;6;134;NA;45966;334;2020-10-24;-36122
2020-10-23;"Trenčiansky kraj";234;154;8;162;NA;45966;242;2020-10-23;-36456
2020-10-22;"Trenčiansky kraj";235;82;12;94;NA;45966;247;2020-10-22;-36698
2020-10-21;"Trenčiansky kraj";150;53;9;62;NA;45966;159;2020-10-21;-36945
2020-10-20;"Trenčiansky kraj";179;47;6;53;NA;45966;185;2020-10-20;-37104
2020-10-19;"Trenčiansky kraj";20;83;25;108;NA;45966;45;2020-10-19;-37289
2020-10-18;"Trenčiansky kraj";77;0;0;0;NA;45966;77;2020-10-18;-37334
2020-10-17;"Trenčiansky kraj";134;0;0;0;NA;45966;134;2020-10-17;-37411
2020-10-16;"Trenčiansky kraj";193;42;6;48;NA;45966;199;2020-10-16;-37545
2020-10-15;"Trenčiansky kraj";203;39;4;43;NA;45966;207;2020-10-15;-37744
2020-10-14;"Trenčiansky kraj";132;42;7;49;NA;45966;139;2020-10-14;-37951
2020-10-13;"Trenčiansky kraj";100;105;12;117;NA;45966;112;2020-10-13;-38090
2020-10-12;"Trenčiansky kraj";29;0;0;0;NA;45966;29;2020-10-12;-38202
2020-10-11;"Trenčiansky kraj";47;0;0;0;NA;45966;47;2020-10-11;-38231
2020-10-10;"Trenčiansky kraj";164;0;0;0;NA;45966;164;2020-10-10;-38278
2020-10-09;"Trenčiansky kraj";164;0;0;0;NA;45966;164;2020-10-09;-38442
2020-10-08;"Trenčiansky kraj";102;0;0;0;NA;45966;102;2020-10-08;-38606
2020-10-07;"Trenčiansky kraj";67;0;0;0;NA;45966;67;2020-10-07;-38708
2020-10-06;"Trenčiansky kraj";44;0;0;0;NA;45966;44;2020-10-06;-38775
2020-10-05;"Trenčiansky kraj";15;0;0;0;NA;45966;15;2020-10-05;-38819
2020-10-04;"Trenčiansky kraj";26;0;0;0;NA;45966;26;2020-10-04;-38834
2020-10-03;"Trenčiansky kraj";65;0;0;0;NA;45966;65;2020-10-03;-38860
2020-10-02;"Trenčiansky kraj";66;0;0;0;NA;45966;66;2020-10-02;-38925
2020-10-01;"Trenčiansky kraj";52;0;0;0;NA;45966;52;2020-10-01;-38991
2020-09-30;"Trenčiansky kraj";66;0;0;0;NA;45966;66;2020-09-30;-39043
2020-09-29;"Trenčiansky kraj";41;0;0;0;NA;45966;41;2020-09-29;-39109
2020-09-28;"Trenčiansky kraj";1;0;0;0;NA;45966;1;2020-09-28;-39150
2020-09-27;"Trenčiansky kraj";7;0;0;0;NA;45966;7;2020-09-27;-39151
2020-09-26;"Trenčiansky kraj";36;0;0;0;NA;45966;36;2020-09-26;-39158
2020-09-25;"Trenčiansky kraj";63;0;0;0;NA;45966;63;2020-09-25;-39194
2020-09-24;"Trenčiansky kraj";31;0;0;0;NA;45966;31;2020-09-24;-39257
2020-09-23;"Trenčiansky kraj";22;0;0;0;NA;45966;22;2020-09-23;-39288
2020-09-22;"Trenčiansky kraj";15;0;0;0;NA;45966;15;2020-09-22;-39310
2020-09-21;"Trenčiansky kraj";8;0;0;0;NA;45966;8;2020-09-21;-39325
2020-09-20;"Trenčiansky kraj";11;0;0;0;NA;45966;11;2020-09-20;-39333
2020-09-19;"Trenčiansky kraj";16;0;0;0;NA;45966;16;2020-09-19;-39344
2020-09-18;"Trenčiansky kraj";28;0;0;0;NA;45966;28;2020-09-18;-39360
2020-09-17;"Trenčiansky kraj";14;0;0;0;NA;45966;14;2020-09-17;-39388
2020-09-16;"Trenčiansky kraj";9;0;0;0;NA;45966;9;2020-09-16;-39402
2020-09-15;"Trenčiansky kraj";7;0;0;0;NA;45966;7;2020-09-15;-39411
2020-09-14;"Trenčiansky kraj";4;0;0;0;NA;45966;4;2020-09-14;-39418
2020-09-13;"Trenčiansky kraj";11;0;0;0;NA;45966;11;2020-09-13;-39422
2020-09-12;"Trenčiansky kraj";2;0;0;0;NA;45966;2;2020-09-12;-39433
2020-09-11;"Trenčiansky kraj";18;0;0;0;NA;45966;18;2020-09-11;-39435
2020-09-10;"Trenčiansky kraj";9;0;0;0;NA;45966;9;2020-09-10;-39453
2020-09-09;"Trenčiansky kraj";9;0;0;0;NA;45966;9;2020-09-09;-39462
2020-09-08;"Trenčiansky kraj";7;0;0;0;NA;45966;7;2020-09-08;-39471
2020-09-07;"Trenčiansky kraj";6;0;0;0;NA;45966;6;2020-09-07;-39478
2020-09-06;"Trenčiansky kraj";1;0;0;0;NA;45966;1;2020-09-06;-39484
2020-09-05;"Trenčiansky kraj";2;0;0;0;NA;45966;2;2020-09-05;-39485
2020-09-04;"Trenčiansky kraj";5;0;0;0;NA;45966;5;2020-09-04;-39487
2020-09-03;"Trenčiansky kraj";6;0;0;0;NA;45966;6;2020-09-03;-39492
2020-09-02;"Trenčiansky kraj";2;0;0;0;NA;45966;2;2020-09-02;-39498
2020-09-01;"Trenčiansky kraj";0;0;0;0;NA;45966;0;2020-09-01;-39500
2020-08-31;"Trenčiansky kraj";7;0;0;0;NA;45966;7;2020-08-31;-39500
2020-08-30;"Trenčiansky kraj";0;0;0;0;NA;45966;0;2020-08-30;-39507
2020-08-29;"Trenčiansky kraj";1;0;0;0;NA;45966;1;2020-08-29;-39507
2020-08-28;"Trenčiansky kraj";10;0;0;0;NA;45966;10;2020-08-28;-39508
2020-08-27;"Trenčiansky kraj";4;0;0;0;NA;45966;4;2020-08-27;-39518
2020-08-26;"Trenčiansky kraj";10;0;0;0;NA;45966;10;2020-08-26;-39522
2020-08-25;"Trenčiansky kraj";4;0;0;0;NA;45966;4;2020-08-25;-39532
2020-08-24;"Trenčiansky kraj";2;0;0;0;NA;45966;2;2020-08-24;-39536
2020-08-23;"Trenčiansky kraj";4;0;0;0;NA;45966;4;2020-08-23;-39538
2020-08-22;"Trenčiansky kraj";2;0;0;0;NA;45966;2;2020-08-22;-39542
2020-08-21;"Trenčiansky kraj";4;0;0;0;NA;45966;4;2020-08-21;-39544
2020-08-20;"Trenčiansky kraj";7;0;0;0;NA;45966;7;2020-08-20;-39548
2020-08-19;"Trenčiansky kraj";13;0;0;0;NA;45966;13;2020-08-19;-39555
2020-08-18;"Trenčiansky kraj";3;0;0;0;NA;45966;3;2020-08-18;-39568
2020-08-17;"Trenčiansky kraj";0;0;0;0;NA;45966;0;2020-08-17;-39571
2020-08-16;"Trenčiansky kraj";0;0;0;0;NA;45966;0;2020-08-16;-39571
2020-08-15;"Trenčiansky kraj";5;0;0;0;NA;45966;5;2020-08-15;-39571
2020-08-14;"Trenčiansky kraj";6;0;0;0;NA;45966;6;2020-08-14;-39576
2020-08-13;"Trenčiansky kraj";12;0;0;0;NA;45966;12;2020-08-13;-39582
2020-08-12;"Trenčiansky kraj";3;0;0;0;NA;45966;3;2020-08-12;-39594
2020-08-11;"Trenčiansky kraj";6;0;0;0;NA;45966;6;2020-08-11;-39597
2020-08-10;"Trenčiansky kraj";9;0;0;0;NA;45966;9;2020-08-10;-39603
2020-08-09;"Trenčiansky kraj";0;0;0;0;NA;45966;0;2020-08-09;-39612
2020-08-08;"Trenčiansky kraj";4;0;0;0;NA;45966;4;2020-08-08;-39612
2020-08-07;"Trenčiansky kraj";4;0;0;0;NA;45966;4;2020-08-07;-39616
2020-08-06;"Trenčiansky kraj";13;0;0;0;NA;45966;13;2020-08-06;-39620
2020-08-05;"Trenčiansky kraj";24;0;0;0;NA;45966;24;2020-08-05;-39633
2020-08-04;"Trenčiansky kraj";6;0;0;0;NA;45966;6;2020-08-04;-39657
2020-08-03;"Trenčiansky kraj";0;0;0;0;NA;45966;0;2020-08-03;-39663
2020-08-02;"Trenčiansky kraj";2;0;0;0;NA;45966;2;2020-08-02;-39663
2020-08-01;"Trenčiansky kraj";6;0;0;0;NA;45966;6;2020-08-01;-39665
2020-07-31;"Trenčiansky kraj";13;0;0;0;NA;45966;13;2020-07-31;-39671
2020-07-30;"Trenčiansky kraj";4;0;0;0;NA;45966;4;2020-07-30;-39684
2020-07-29;"Trenčiansky kraj";3;0;0;0;NA;45966;3;2020-07-29;-39688
2020-07-28;"Trenčiansky kraj";10;0;0;0;NA;45966;10;2020-07-28;-39691
2020-07-27;"Trenčiansky kraj";4;0;0;0;NA;45966;4;2020-07-27;-39701
2020-07-26;"Trenčiansky kraj";1;0;0;0;NA;45966;1;2020-07-26;-39705
2020-07-25;"Trenčiansky kraj";7;0;0;0;NA;45966;7;2020-07-25;-39706
2020-07-24;"Trenčiansky kraj";5;0;0;0;NA;45966;5;2020-07-24;-39713
2020-07-23;"Trenčiansky kraj";10;0;0;0;NA;45966;10;2020-07-23;-39718
2020-07-22;"Trenčiansky kraj";8;0;0;0;NA;45966;8;2020-07-22;-39728
2020-07-21;"Trenčiansky kraj";5;0;0;0;NA;45966;5;2020-07-21;-39736
2020-07-20;"Trenčiansky kraj";13;0;0;0;NA;45966;13;2020-07-20;-39741
2020-07-19;"Trenčiansky kraj";0;0;0;0;NA;45966;0;2020-07-19;-39754
2020-07-18;"Trenčiansky kraj";0;0;0;0;NA;45966;0;2020-07-18;-39754
2020-07-17;"Trenčiansky kraj";1;0;0;0;NA;45966;1;2020-07-17;-39754
2020-07-16;"Trenčiansky kraj";0;0;0;0;NA;45966;0;2020-07-16;-39755
2020-07-15;"Trenčiansky kraj";1;0;0;0;NA;45966;1;2020-07-15;-39755
2020-07-14;"Trenčiansky kraj";7;0;0;0;NA;45966;7;2020-07-14;-39756
2020-07-13;"Trenčiansky kraj";1;0;0;0;NA;45966;1;2020-07-13;-39763
2020-07-12;"Trenčiansky kraj";0;0;0;0;NA;45966;0;2020-07-12;-39764
2020-07-11;"Trenčiansky kraj";0;0;0;0;NA;45966;0;2020-07-11;-39764
2020-07-10;"Trenčiansky kraj";3;0;0;0;NA;45966;3;2020-07-10;-39764
2020-07-09;"Trenčiansky kraj";2;0;0;0;NA;45966;2;2020-07-09;-39767
2020-07-08;"Trenčiansky kraj";1;0;0;0;NA;45966;1;2020-07-08;-39769
2020-07-07;"Trenčiansky kraj";6;0;0;0;NA;45966;6;2020-07-07;-39770
2020-07-06;"Trenčiansky kraj";1;0;0;0;NA;45966;1;2020-07-06;-39776
2020-07-05;"Trenčiansky kraj";1;0;0;0;NA;45966;1;2020-07-05;-39777
2020-07-04;"Trenčiansky kraj";0;0;0;0;NA;45966;0;2020-07-04;-39778
2020-07-03;"Trenčiansky kraj";2;0;0;0;NA;45966;2;2020-07-03;-39778
2020-07-02;"Trenčiansky kraj";10;0;0;0;NA;45966;10;2020-07-02;-39780
2020-07-01;"Trenčiansky kraj";1;0;0;0;NA;45966;1;2020-07-01;-39790
2020-06-30;"Trenčiansky kraj";6;0;0;0;NA;45966;6;2020-06-30;-39791
2020-06-29;"Trenčiansky kraj";1;0;0;0;NA;45966;1;2020-06-29;-39797
2020-06-28;"Trenčiansky kraj";0;0;0;0;NA;45966;0;2020-06-28;-39798
2020-06-27;"Trenčiansky kraj";0;0;0;0;NA;45966;0;2020-06-27;-39798
2020-06-26;"Trenčiansky kraj";0;0;0;0;NA;45966;0;2020-06-26;-39798
2020-06-25;"Trenčiansky kraj";2;0;0;0;NA;45966;2;2020-06-25;-39798
2020-06-24;"Trenčiansky kraj";1;0;0;0;NA;45966;1;2020-06-24;-39800
2020-06-23;"Trenčiansky kraj";0;0;0;0;NA;45966;0;2020-06-23;-39801
2020-06-22;"Trenčiansky kraj";0;0;0;0;NA;45966;0;2020-06-22;-39801
2020-06-21;"Trenčiansky kraj";0;0;0;0;NA;45966;0;2020-06-21;-39801
2020-06-20;"Trenčiansky kraj";0;0;0;0;NA;45966;0;2020-06-20;-39801
2020-06-19;"Trenčiansky kraj";0;0;0;0;NA;45966;0;2020-06-19;-39801
2020-06-18;"Trenčiansky kraj";0;0;0;0;NA;45966;0;2020-06-18;-39801
2020-06-17;"Trenčiansky kraj";0;0;0;0;NA;45966;0;2020-06-17;-39801
2020-06-16;"Trenčiansky kraj";0;0;0;0;NA;45966;0;2020-06-16;-39801
2020-06-14;"Trenčiansky kraj";0;0;0;0;NA;45966;0;2020-06-14;-39801
2020-06-13;"Trenčiansky kraj";0;0;0;0;NA;45966;0;2020-06-13;-39801
2020-06-12;"Trenčiansky kraj";0;0;0;0;NA;45966;0;2020-06-12;-39801
2020-06-11;"Trenčiansky kraj";0;0;0;0;NA;45966;0;2020-06-11;-39801
2020-06-10;"Trenčiansky kraj";0;0;0;0;NA;45966;0;2020-06-10;-39801
2020-06-09;"Trenčiansky kraj";0;0;0;0;NA;45966;0;2020-06-09;-39801
2020-06-08;"Trenčiansky kraj";0;0;0;0;NA;45966;0;2020-06-08;-39801
2020-06-07;"Trenčiansky kraj";0;0;0;0;NA;45966;0;2020-06-07;-39801
2020-06-05;"Trenčiansky kraj";0;0;0;0;NA;45966;0;2020-06-05;-39801
2020-06-03;"Trenčiansky kraj";0;0;0;0;NA;45966;0;2020-06-03;-39801
2020-06-02;"Trenčiansky kraj";0;0;0;0;NA;45966;0;2020-06-02;-39801
2020-05-31;"Trenčiansky kraj";0;0;0;0;NA;45966;0;2020-05-31;-39801
2020-05-29;"Trenčiansky kraj";0;0;0;0;NA;45966;0;2020-05-29;-39801
2020-05-27;"Trenčiansky kraj";2;0;0;0;NA;45966;2;2020-05-27;-39801
2020-05-26;"Trenčiansky kraj";0;0;0;0;NA;45966;0;2020-05-26;-39803
2020-05-25;"Trenčiansky kraj";0;0;0;0;NA;45966;0;2020-05-25;-39803
2020-05-24;"Trenčiansky kraj";0;0;0;0;NA;45966;0;2020-05-24;-39803
2020-05-23;"Trenčiansky kraj";0;0;0;0;NA;45966;0;2020-05-23;-39803
2020-05-22;"Trenčiansky kraj";0;0;0;0;NA;45966;0;2020-05-22;-39803
2020-05-21;"Trenčiansky kraj";0;0;0;0;NA;45966;0;2020-05-21;-39803
2020-05-20;"Trenčiansky kraj";0;0;0;0;NA;45966;0;2020-05-20;-39803
2020-05-19;"Trenčiansky kraj";0;0;0;0;NA;45966;0;2020-05-19;-39803
2020-05-17;"Trenčiansky kraj";0;0;0;0;NA;45966;0;2020-05-17;-39803
2020-05-16;"Trenčiansky kraj";0;0;0;0;NA;45966;0;2020-05-16;-39803
2020-05-15;"Trenčiansky kraj";1;0;0;0;NA;45966;1;2020-05-15;-39803
2020-05-14;"Trenčiansky kraj";2;0;0;0;NA;45966;2;2020-05-14;-39804
2020-05-13;"Trenčiansky kraj";0;0;0;0;NA;45966;0;2020-05-13;-39806
2020-05-12;"Trenčiansky kraj";1;0;0;0;NA;45966;1;2020-05-12;-39806
2020-05-11;"Trenčiansky kraj";3;0;0;0;NA;45966;3;2020-05-11;-39807
2020-05-09;"Trenčiansky kraj";2;0;0;0;NA;45966;2;2020-05-09;-39810
2020-05-07;"Trenčiansky kraj";6;0;0;0;NA;45966;6;2020-05-07;-39812
2020-05-06;"Trenčiansky kraj";0;0;0;0;NA;45966;0;2020-05-06;-39818
2020-05-05;"Trenčiansky kraj";1;0;0;0;NA;45966;1;2020-05-05;-39818
2020-05-04;"Trenčiansky kraj";0;0;0;0;NA;45966;0;2020-05-04;-39819
2020-05-03;"Trenčiansky kraj";0;0;0;0;NA;45966;0;2020-05-03;-39819
2020-05-02;"Trenčiansky kraj";0;0;0;0;NA;45966;0;2020-05-02;-39819
2020-05-01;"Trenčiansky kraj";0;0;0;0;NA;45966;0;2020-05-01;-39819
2020-04-30;"Trenčiansky kraj";0;0;0;0;NA;45966;0;2020-04-30;-39819
2020-04-29;"Trenčiansky kraj";2;0;0;0;NA;45966;2;2020-04-29;-39819
2020-04-28;"Trenčiansky kraj";1;0;0;0;NA;45966;1;2020-04-28;-39821
2020-04-27;"Trenčiansky kraj";0;0;0;0;NA;45966;0;2020-04-27;-39822
2020-04-26;"Trenčiansky kraj";1;0;0;0;NA;45966;1;2020-04-26;-39822
2020-04-25;"Trenčiansky kraj";0;0;0;0;NA;45966;0;2020-04-25;-39823
2020-04-24;"Trenčiansky kraj";0;0;0;0;NA;45966;0;2020-04-24;-39823
2020-04-23;"Trenčiansky kraj";10;0;0;0;NA;45966;10;2020-04-23;-39823
2020-04-22;"Trenčiansky kraj";1;0;0;0;NA;45966;1;2020-04-22;-39833
2020-04-21;"Trenčiansky kraj";11;0;0;0;NA;45966;11;2020-04-21;-39834
2020-04-20;"Trenčiansky kraj";15;0;0;0;NA;45966;15;2020-04-20;-39845
2020-04-19;"Trenčiansky kraj";2;0;0;0;NA;45966;2;2020-04-19;-39860
2020-04-18;"Trenčiansky kraj";3;0;0;0;NA;45966;3;2020-04-18;-39862
2020-04-17;"Trenčiansky kraj";4;0;0;0;NA;45966;4;2020-04-17;-39865
2020-04-16;"Trenčiansky kraj";10;0;0;0;NA;45966;10;2020-04-16;-39869
2020-04-15;"Trenčiansky kraj";3;0;0;0;NA;45966;3;2020-04-15;-39879
2020-04-14;"Trenčiansky kraj";0;0;0;0;NA;45966;0;2020-04-14;-39882
2020-04-13;"Trenčiansky kraj";1;0;0;0;NA;45966;1;2020-04-13;-39882
2020-04-12;"Trenčiansky kraj";2;0;0;0;NA;45966;2;2020-04-12;-39883
2020-04-11;"Trenčiansky kraj";3;0;0;0;NA;45966;3;2020-04-11;-39885
2020-04-10;"Trenčiansky kraj";0;0;0;0;NA;45966;0;2020-04-10;-39888
2020-04-09;"Trenčiansky kraj";0;0;0;0;NA;45966;0;2020-04-09;-39888
2020-04-08;"Trenčiansky kraj";1;0;0;0;NA;45966;1;2020-04-08;-39888
2020-04-07;"Trenčiansky kraj";13;0;0;0;NA;45966;13;2020-04-07;-39889
2020-04-06;"Trenčiansky kraj";0;0;0;0;NA;45966;0;2020-04-06;-39902
2020-04-05;"Trenčiansky kraj";2;0;0;0;NA;45966;2;2020-04-05;-39902
2020-04-04;"Trenčiansky kraj";2;0;0;0;NA;45966;2;2020-04-04;-39904
2020-04-03;"Trenčiansky kraj";2;0;0;0;NA;45966;2;2020-04-03;-39906
2020-04-02;"Trenčiansky kraj";1;0;0;0;NA;45966;1;2020-04-02;-39908
2020-04-01;"Trenčiansky kraj";3;0;0;0;NA;45966;3;2020-04-01;-39909
2020-03-31;"Trenčiansky kraj";1;0;0;0;NA;45966;1;2020-03-31;-39912
2020-03-30;"Trenčiansky kraj";2;0;0;0;NA;45966;2;2020-03-30;-39913
2020-03-29;"Trenčiansky kraj";2;0;0;0;NA;45966;2;2020-03-29;-39915
2020-03-28;"Trenčiansky kraj";9;0;0;0;NA;45966;9;2020-03-28;-39917
2020-03-27;"Trenčiansky kraj";2;0;0;0;NA;45966;2;2020-03-27;-39926
2020-03-26;"Trenčiansky kraj";6;0;0;0;NA;45966;6;2020-03-26;-39928
2020-03-25;"Trenčiansky kraj";3;0;0;0;NA;45966;3;2020-03-25;-39934
2020-03-24;"Trenčiansky kraj";1;0;0;0;NA;45966;1;2020-03-24;-39937
2020-03-23;"Trenčiansky kraj";0;0;0;0;NA;45966;0;2020-03-23;-39938
2020-03-22;"Trenčiansky kraj";0;0;0;0;NA;45966;0;2020-03-22;-39938
2020-03-21;"Trenčiansky kraj";1;0;0;0;NA;45966;1;2020-03-21;-39938
2020-03-20;"Trenčiansky kraj";2;0;0;0;NA;45966;2;2020-03-20;-39939
2020-03-19;"Trenčiansky kraj";5;0;0;0;NA;45966;5;2020-03-19;-39941
2020-03-18;"Trenčiansky kraj";0;0;0;0;NA;45966;0;2020-03-18;-39946
2020-03-17;"Trenčiansky kraj";0;0;0;0;NA;45966;0;2020-03-17;-39946
2020-03-16;"Trenčiansky kraj";1;0;0;0;NA;45966;1;2020-03-16;-39946
2020-03-15;"Trenčiansky kraj";4;0;0;0;NA;45966;4;2020-03-15;-39947
2020-03-14;"Trenčiansky kraj";0;0;0;0;NA;45966;0;2020-03-14;-39951
2020-03-13;"Trenčiansky kraj";0;0;0;0;NA;45966;0;2020-03-13;-39951
2020-03-12;"Trenčiansky kraj";1;0;0;0;NA;45966;1;2020-03-12;-39951
2020-03-11;"Trenčiansky kraj";0;0;0;0;NA;45966;0;2020-03-11;-39952
2020-03-09;"Trenčiansky kraj";0;0;0;0;NA;45966;0;2020-03-09;-39952
2020-03-08;"Trenčiansky kraj";0;0;0;0;NA;45966;0;2020-03-08;-39952
2020-03-07;"Trenčiansky kraj";0;0;0;0;NA;45966;0;2020-03-07;-39952
2020-03-06;"Trenčiansky kraj";0;0;0;0;NA;45966;0;2020-03-06;-39952
2021-04-28;"Trnavský kraj";46;7727;16;7743;44904;88534;62;2021-04-28;88534
2021-04-27;"Trnavský kraj";52;8739;37;8776;NA;88534;89;2021-04-27;88472
2021-04-26;"Trnavský kraj";40;16110;41;16151;NA;88534;81;2021-04-26;88383
2021-04-25;"Trnavský kraj";0;30166;24;30190;NA;88534;24;2021-04-25;88302
2021-04-24;"Trnavský kraj";46;116253;77;116330;NA;88534;123;2021-04-24;88278
2021-04-23;"Trnavský kraj";60;25562;53;25615;NA;88534;113;2021-04-23;88155
2021-04-22;"Trnavský kraj";32;10901;25;10926;NA;88534;57;2021-04-22;88042
2021-04-21;"Trnavský kraj";56;10728;45;10773;NA;88534;101;2021-04-21;87985
2021-04-20;"Trnavský kraj";51;13499;28;13527;NA;88534;79;2021-04-20;87884
2021-04-19;"Trnavský kraj";41;14580;18;14598;NA;88534;59;2021-04-19;87805
2021-04-18;"Trnavský kraj";7;30979;35;31014;NA;88534;42;2021-04-18;87746
2021-04-17;"Trnavský kraj";58;117950;89;118039;NA;88534;147;2021-04-17;87704
2021-04-16;"Trnavský kraj";54;25609;48;25657;NA;88534;102;2021-04-16;87557
2021-04-15;"Trnavský kraj";62;11211;36;11247;NA;88534;98;2021-04-15;87455
2021-04-14;"Trnavský kraj";60;18442;53;18495;NA;88534;113;2021-04-14;87357
2021-04-13;"Trnavský kraj";116;9831;44;9875;NA;88534;160;2021-04-13;87244
2021-04-12;"Trnavský kraj";30;15570;40;15610;NA;88534;70;2021-04-12;87084
2021-04-11;"Trnavský kraj";3;44417;44;44461;NA;88534;47;2021-04-11;87014
2021-04-10;"Trnavský kraj";58;124197;107;124304;NA;88534;165;2021-04-10;86967
2021-04-09;"Trnavský kraj";77;26509;34;26543;NA;88534;111;2021-04-09;86802
2021-04-08;"Trnavský kraj";75;11157;52;11209;NA;88534;127;2021-04-08;86691
2021-04-07;"Trnavský kraj";127;16130;81;16211;NA;88534;208;2021-04-07;86564
2021-04-06;"Trnavský kraj";59;20969;92;21061;NA;88534;151;2021-04-06;86356
2021-04-05;"Trnavský kraj";90;7627;17;7644;NA;88534;107;2021-04-05;86205
2021-04-04;"Trnavský kraj";7;28831;49;28880;NA;88534;56;2021-04-04;86098
2021-04-03;"Trnavský kraj";26;144686;189;144875;NA;88534;215;2021-04-03;86042
2021-04-02;"Trnavský kraj";91;17537;33;17570;NA;88534;124;2021-04-02;85827
2021-04-01;"Trnavský kraj";93;22547;70;22617;NA;88534;163;2021-04-01;85703
2021-03-31;"Trnavský kraj";126;15819;82;15901;NA;88534;208;2021-03-31;85540
2021-03-30;"Trnavský kraj";164;10482;79;10561;NA;88534;243;2021-03-30;85332
2021-03-29;"Trnavský kraj";100;19249;122;19371;NA;88534;222;2021-03-29;85089
2021-03-28;"Trnavský kraj";25;50792;134;50926;NA;88534;159;2021-03-28;84867
2021-03-27;"Trnavský kraj";64;129557;245;129802;NA;88534;309;2021-03-27;84708
2021-03-26;"Trnavský kraj";123;30217;130;30347;NA;88534;253;2021-03-26;84399
2021-03-25;"Trnavský kraj";98;14212;80;14292;NA;88534;178;2021-03-25;84146
2021-03-24;"Trnavský kraj";149;10521;89;10610;NA;88534;238;2021-03-24;83968
2021-03-23;"Trnavský kraj";202;12735;104;12839;NA;88534;306;2021-03-23;83730
2021-03-22;"Trnavský kraj";82;17067;110;17177;NA;88534;192;2021-03-22;83424
2021-03-21;"Trnavský kraj";31;49119;150;49269;NA;88534;181;2021-03-21;83232
2021-03-20;"Trnavský kraj";111;136522;317;136839;NA;88534;428;2021-03-20;83051
2021-03-19;"Trnavský kraj";157;29071;137;29208;NA;88534;294;2021-03-19;82623
2021-03-18;"Trnavský kraj";137;12217;136;12353;NA;88534;273;2021-03-18;82329
2021-03-17;"Trnavský kraj";204;10434;103;10537;NA;88534;307;2021-03-17;82056
2021-03-16;"Trnavský kraj";250;12810;135;12945;NA;88534;385;2021-03-16;81749
2021-03-15;"Trnavský kraj";98;18678;146;18824;NA;88534;244;2021-03-15;81364
2021-03-14;"Trnavský kraj";13;47608;164;47772;NA;88534;177;2021-03-14;81120
2021-03-13;"Trnavský kraj";152;139190;409;139599;NA;88534;561;2021-03-13;80943
2021-03-12;"Trnavský kraj";177;28559;181;28740;NA;88534;358;2021-03-12;80382
2021-03-11;"Trnavský kraj";171;13285;140;13425;NA;88534;311;2021-03-11;80024
2021-03-10;"Trnavský kraj";211;10583;135;10718;NA;88534;346;2021-03-10;79713
2021-03-09;"Trnavský kraj";373;12820;155;12975;NA;88534;528;2021-03-09;79367
2021-03-08;"Trnavský kraj";153;21825;166;21991;NA;88534;319;2021-03-08;78839
2021-03-07;"Trnavský kraj";29;45463;227;45690;NA;88534;256;2021-03-07;78520
2021-03-06;"Trnavský kraj";128;135630;531;136161;NA;88534;659;2021-03-06;78264
2021-03-05;"Trnavský kraj";272;28620;243;28863;NA;88534;515;2021-03-05;77605
2021-03-04;"Trnavský kraj";179;14489;175;14664;NA;88534;354;2021-03-04;77090
2021-03-03;"Trnavský kraj";362;11566;246;11812;NA;88534;608;2021-03-03;76736
2021-03-02;"Trnavský kraj";423;12347;191;12538;NA;88534;614;2021-03-02;76128
2021-03-01;"Trnavský kraj";148;18587;234;18821;NA;88534;382;2021-03-01;75514
2021-02-28;"Trnavský kraj";80;47709;321;48030;NA;88534;401;2021-02-28;75132
2021-02-27;"Trnavský kraj";258;140725;804;141529;NA;88534;1062;2021-02-27;74731
2021-02-26;"Trnavský kraj";310;26951;287;27238;NA;88534;597;2021-02-26;73669
2021-02-25;"Trnavský kraj";358;10490;227;10717;NA;88534;585;2021-02-25;73072
2021-02-24;"Trnavský kraj";353;9110;290;9400;NA;88534;643;2021-02-24;72487
2021-02-23;"Trnavský kraj";400;11322;284;11606;NA;88534;684;2021-02-23;71844
2021-02-22;"Trnavský kraj";174;19896;330;20226;NA;88534;504;2021-02-22;71160
2021-02-21;"Trnavský kraj";36;48221;329;48550;NA;88534;365;2021-02-21;70656
2021-02-20;"Trnavský kraj";249;135825;859;136684;NA;88534;1108;2021-02-20;70291
2021-02-19;"Trnavský kraj";301;26982;347;27329;NA;88534;648;2021-02-19;69183
2021-02-18;"Trnavský kraj";274;11263;348;11611;NA;88534;622;2021-02-18;68535
2021-02-17;"Trnavský kraj";405;8781;416;9197;NA;88534;821;2021-02-17;67913
2021-02-16;"Trnavský kraj";365;11413;295;11708;NA;88534;660;2021-02-16;67092
2021-02-15;"Trnavský kraj";117;18075;291;18366;NA;88534;408;2021-02-15;66432
2021-02-14;"Trnavský kraj";50;57642;495;58137;NA;88534;545;2021-02-14;66024
2021-02-13;"Trnavský kraj";211;137051;994;138045;NA;88534;1205;2021-02-13;65479
2021-02-12;"Trnavský kraj";269;23682;336;24018;NA;88534;605;2021-02-12;64274
2021-02-11;"Trnavský kraj";378;9901;360;10261;NA;88534;738;2021-02-11;63669
2021-02-10;"Trnavský kraj";461;9334;344;9678;NA;88534;805;2021-02-10;62931
2021-02-09;"Trnavský kraj";469;12752;369;13121;NA;88534;838;2021-02-09;62126
2021-02-08;"Trnavský kraj";177;33539;498;34037;NA;88534;675;2021-02-08;61288
2021-02-07;"Trnavský kraj";137;68646;623;69269;NA;88534;760;2021-02-07;60613
2021-02-06;"Trnavský kraj";329;112687;1482;114169;NA;88534;1811;2021-02-06;59853
2021-02-05;"Trnavský kraj";351;16446;400;16846;NA;88534;751;2021-02-05;58042
2021-02-04;"Trnavský kraj";414;7317;456;7773;NA;88534;870;2021-02-04;57291
2021-02-03;"Trnavský kraj";449;6584;434;7018;NA;88534;883;2021-02-03;56421
2021-02-02;"Trnavský kraj";402;14220;424;14644;NA;88534;826;2021-02-02;55538
2021-02-01;"Trnavský kraj";178;38882;679;39561;NA;88534;857;2021-02-01;54712
2021-01-31;"Trnavský kraj";19;64671;817;65488;NA;88534;836;2021-01-31;53855
2021-01-30;"Trnavský kraj";313;111483;1288;112771;NA;88534;1601;2021-01-30;53019
2021-01-29;"Trnavský kraj";392;9690;290;9980;NA;88534;682;2021-01-29;51418
2021-01-28;"Trnavský kraj";351;5815;286;6101;NA;88534;637;2021-01-28;50736
2021-01-27;"Trnavský kraj";403;5300;219;5519;NA;88534;622;2021-01-27;50099
2021-01-26;"Trnavský kraj";516;25392;636;26028;NA;88534;1152;2021-01-26;49477
2021-01-25;"Trnavský kraj";172;41420;607;42027;NA;88534;779;2021-01-25;48325
2021-01-24;"Trnavský kraj";90;66827;789;67616;NA;88534;879;2021-01-24;47546
2021-01-23;"Trnavský kraj";369;117933;1349;119282;NA;88534;1718;2021-01-23;46667
2021-01-22;"Trnavský kraj";168;33122;507;33629;NA;88534;675;2021-01-22;44949
2021-01-21;"Trnavský kraj";295;13922;378;14300;NA;88534;673;2021-01-21;44274
2021-01-20;"Trnavský kraj";472;8118;274;8392;NA;88534;746;2021-01-20;43601
2021-01-19;"Trnavský kraj";366;7013;347;7360;NA;88534;713;2021-01-19;42855
2021-01-18;"Trnavský kraj";220;6234;484;6718;NA;88534;704;2021-01-18;42142
2021-01-17;"Trnavský kraj";124;854;215;1069;NA;88534;339;2021-01-17;41438
2021-01-16;"Trnavský kraj";100;898;24;922;NA;88534;124;2021-01-16;41099
2021-01-15;"Trnavský kraj";252;5457;335;5792;NA;88534;587;2021-01-15;40975
2021-01-14;"Trnavský kraj";342;4001;338;4339;NA;88534;680;2021-01-14;40388
2021-01-13;"Trnavský kraj";413;4751;378;5129;NA;88534;791;2021-01-13;39708
2021-01-12;"Trnavský kraj";380;7175;483;7658;NA;88534;863;2021-01-12;38917
2021-01-11;"Trnavský kraj";341;5012;392;5404;NA;88534;733;2021-01-11;38054
2021-01-10;"Trnavský kraj";67;13;0;13;NA;88534;67;2021-01-10;37321
2021-01-09;"Trnavský kraj";374;1775;100;1875;NA;88534;474;2021-01-09;37254
2021-01-08;"Trnavský kraj";319;6554;532;7086;NA;88534;851;2021-01-08;36780
2021-01-07;"Trnavský kraj";428;4080;390;4470;NA;88534;818;2021-01-07;35929
2021-01-06;"Trnavský kraj";177;758;132;890;NA;88534;309;2021-01-06;35111
2021-01-05;"Trnavský kraj";507;5925;636;6561;NA;88534;1143;2021-01-05;34802
2021-01-04;"Trnavský kraj";268;5239;689;5928;NA;88534;957;2021-01-04;33659
2021-01-03;"Trnavský kraj";53;53;7;60;NA;88534;60;2021-01-03;32702
2021-01-02;"Trnavský kraj";268;417;32;449;NA;88534;300;2021-01-02;32642
2021-01-01;"Trnavský kraj";122;455;76;531;NA;88534;198;2021-01-01;32342
2020-12-31;"Trnavský kraj";433;8488;858;9346;NA;88534;1291;2020-12-31;32144
2020-12-30;"Trnavský kraj";694;5318;612;5930;NA;88534;1306;2020-12-30;30853
2020-12-29;"Trnavský kraj";279;5364;639;6003;NA;88534;918;2020-12-29;29547
2020-12-28;"Trnavský kraj";170;5334;615;5949;NA;88534;785;2020-12-28;28629
2020-12-27;"Trnavský kraj";26;20;4;24;NA;88534;30;2020-12-27;27844
2020-12-26;"Trnavský kraj";138;44;1;45;NA;88534;139;2020-12-26;27814
2020-12-25;"Trnavský kraj";55;49;5;54;NA;88534;60;2020-12-25;27675
2020-12-24;"Trnavský kraj";288;1359;117;1476;NA;88534;405;2020-12-24;27615
2020-12-23;"Trnavský kraj";195;7259;414;7673;NA;88534;609;2020-12-23;27210
2020-12-22;"Trnavský kraj";270;5590;491;6081;NA;88534;761;2020-12-22;26601
2020-12-21;"Trnavský kraj";280;4527;399;4926;NA;88534;679;2020-12-21;25840
2020-12-20;"Trnavský kraj";126;133;12;145;NA;88534;138;2020-12-20;25161
2020-12-19;"Trnavský kraj";177;1407;103;1510;NA;88534;280;2020-12-19;25023
2020-12-18;"Trnavský kraj";307;4898;378;5276;NA;88534;685;2020-12-18;24743
2020-12-17;"Trnavský kraj";307;5271;443;5714;NA;88534;750;2020-12-17;24058
2020-12-16;"Trnavský kraj";278;5249;405;5654;NA;88534;683;2020-12-16;23308
2020-12-15;"Trnavský kraj";452;6623;632;7255;NA;88534;1084;2020-12-15;22625
2020-12-14;"Trnavský kraj";126;3505;292;3797;NA;88534;418;2020-12-14;21541
2020-12-13;"Trnavský kraj";7;7;0;7;NA;88534;7;2020-12-13;21123
2020-12-12;"Trnavský kraj";241;1456;114;1570;NA;88534;355;2020-12-12;21116
2020-12-11;"Trnavský kraj";352;4683;262;4945;NA;88534;614;2020-12-11;20761
2020-12-10;"Trnavský kraj";168;5194;320;5514;NA;88534;488;2020-12-10;20147
2020-12-09;"Trnavský kraj";445;4283;321;4604;NA;88534;766;2020-12-09;19659
2020-12-08;"Trnavský kraj";270;4090;304;4394;NA;88534;574;2020-12-08;18893
2020-12-07;"Trnavský kraj";146;2895;199;3094;NA;88534;345;2020-12-07;18319
2020-12-06;"Trnavský kraj";43;0;0;0;NA;88534;43;2020-12-06;17974
2020-12-05;"Trnavský kraj";126;2218;41;2259;NA;88534;167;2020-12-05;17931
2020-12-04;"Trnavský kraj";213;3948;158;4106;NA;88534;371;2020-12-04;17764
2020-12-03;"Trnavský kraj";220;2770;190;2960;NA;88534;410;2020-12-03;17393
2020-12-02;"Trnavský kraj";264;4516;176;4692;NA;88534;440;2020-12-02;16983
2020-12-01;"Trnavský kraj";231;3190;205;3395;NA;88534;436;2020-12-01;16543
2020-11-30;"Trnavský kraj";171;7256;183;7439;NA;88534;354;2020-11-30;16107
2020-11-29;"Trnavský kraj";17;738;36;774;NA;88534;53;2020-11-29;15753
2020-11-28;"Trnavský kraj";77;1453;77;1530;NA;88534;154;2020-11-28;15700
2020-11-27;"Trnavský kraj";132;1779;85;1864;NA;88534;217;2020-11-27;15546
2020-11-26;"Trnavský kraj";224;1123;68;1191;NA;88534;292;2020-11-26;15329
2020-11-25;"Trnavský kraj";219;1168;74;1242;NA;88534;293;2020-11-25;15037
2020-11-24;"Trnavský kraj";277;1909;96;2005;NA;88534;373;2020-11-24;14744
2020-11-23;"Trnavský kraj";216;7393;129;7522;NA;88534;345;2020-11-23;14371
2020-11-22;"Trnavský kraj";10;82;9;91;NA;88534;19;2020-11-22;14026
2020-11-21;"Trnavský kraj";125;1354;36;1390;NA;88534;161;2020-11-21;14007
2020-11-20;"Trnavský kraj";222;1154;64;1218;NA;88534;286;2020-11-20;13846
2020-11-19;"Trnavský kraj";148;823;64;887;NA;88534;212;2020-11-19;13560
2020-11-18;"Trnavský kraj";205;822;82;904;NA;88534;287;2020-11-18;13348
2020-11-17;"Trnavský kraj";127;705;74;779;NA;88534;201;2020-11-17;13061
2020-11-16;"Trnavský kraj";170;732;32;764;NA;88534;202;2020-11-16;12860
2020-11-15;"Trnavský kraj";21;73;4;77;NA;88534;25;2020-11-15;12658
2020-11-14;"Trnavský kraj";83;397;12;409;NA;88534;95;2020-11-14;12633
2020-11-13;"Trnavský kraj";194;1312;21;1333;NA;88534;215;2020-11-13;12538
2020-11-12;"Trnavský kraj";141;420;18;438;NA;88534;159;2020-11-12;12323
2020-11-11;"Trnavský kraj";224;392;15;407;NA;88534;239;2020-11-11;12164
2020-11-10;"Trnavský kraj";158;889;30;919;NA;88534;188;2020-11-10;11925
2020-11-09;"Trnavský kraj";168;369;23;392;NA;88534;191;2020-11-09;11737
2020-11-08;"Trnavský kraj";54;400;4;404;NA;88534;58;2020-11-08;11546
2020-11-07;"Trnavský kraj";201;6070;74;6144;NA;88534;275;2020-11-07;11488
2020-11-06;"Trnavský kraj";241;1531;19;1550;NA;88534;260;2020-11-06;11213
2020-11-05;"Trnavský kraj";138;220;27;247;NA;88534;165;2020-11-05;10953
2020-11-04;"Trnavský kraj";178;212;10;222;NA;88534;188;2020-11-04;10788
2020-11-03;"Trnavský kraj";285;127;8;135;NA;88534;293;2020-11-03;10600
2020-11-02;"Trnavský kraj";256;1728;31;1759;NA;88534;287;2020-11-02;10307
2020-11-01;"Trnavský kraj";78;494;27;521;NA;88534;105;2020-11-01;10020
2020-10-31;"Trnavský kraj";240;5024;41;5065;NA;88534;281;2020-10-31;9915
2020-10-30;"Trnavský kraj";170;3784;27;3811;NA;88534;197;2020-10-30;9634
2020-10-29;"Trnavský kraj";259;1461;16;1477;NA;88534;275;2020-10-29;9437
2020-10-28;"Trnavský kraj";296;117;16;133;NA;88534;312;2020-10-28;9162
2020-10-27;"Trnavský kraj";169;461;36;497;NA;88534;205;2020-10-27;8850
2020-10-26;"Trnavský kraj";134;29;2;31;NA;88534;136;2020-10-26;8645
2020-10-25;"Trnavský kraj";92;19;1;20;NA;88534;93;2020-10-25;8509
2020-10-24;"Trnavský kraj";155;109;2;111;NA;88534;157;2020-10-24;8416
2020-10-23;"Trnavský kraj";181;89;4;93;NA;88534;185;2020-10-23;8259
2020-10-22;"Trnavský kraj";176;55;2;57;NA;88534;178;2020-10-22;8074
2020-10-21;"Trnavský kraj";123;73;3;76;NA;88534;126;2020-10-21;7896
2020-10-20;"Trnavský kraj";189;82;3;85;NA;88534;192;2020-10-20;7770
2020-10-19;"Trnavský kraj";61;55;0;55;NA;88534;61;2020-10-19;7578
2020-10-18;"Trnavský kraj";75;0;0;0;NA;88534;75;2020-10-18;7517
2020-10-17;"Trnavský kraj";123;0;0;0;NA;88534;123;2020-10-17;7442
2020-10-16;"Trnavský kraj";73;45;2;47;NA;88534;75;2020-10-16;7319
2020-10-15;"Trnavský kraj";149;66;2;68;NA;88534;151;2020-10-15;7244
2020-10-14;"Trnavský kraj";226;468;3;471;NA;88534;229;2020-10-14;7093
2020-10-13;"Trnavský kraj";128;16;2;18;NA;88534;130;2020-10-13;6864
2020-10-12;"Trnavský kraj";25;41;1;42;NA;88534;26;2020-10-12;6734
2020-10-11;"Trnavský kraj";29;0;0;0;NA;88534;29;2020-10-11;6708
2020-10-10;"Trnavský kraj";120;0;0;0;NA;88534;120;2020-10-10;6679
2020-10-09;"Trnavský kraj";150;0;0;0;NA;88534;150;2020-10-09;6559
2020-10-08;"Trnavský kraj";144;0;0;0;NA;88534;144;2020-10-08;6409
2020-10-07;"Trnavský kraj";78;0;0;0;NA;88534;78;2020-10-07;6265
2020-10-06;"Trnavský kraj";93;0;0;0;NA;88534;93;2020-10-06;6187
2020-10-05;"Trnavský kraj";29;0;0;0;NA;88534;29;2020-10-05;6094
2020-10-04;"Trnavský kraj";43;0;0;0;NA;88534;43;2020-10-04;6065
2020-10-03;"Trnavský kraj";57;0;0;0;NA;88534;57;2020-10-03;6022
2020-10-02;"Trnavský kraj";38;0;0;0;NA;88534;38;2020-10-02;5965
2020-10-01;"Trnavský kraj";47;0;0;0;NA;88534;47;2020-10-01;5927
2020-09-30;"Trnavský kraj";88;0;0;0;NA;88534;88;2020-09-30;5880
2020-09-29;"Trnavský kraj";38;0;0;0;NA;88534;38;2020-09-29;5792
2020-09-28;"Trnavský kraj";66;0;0;0;NA;88534;66;2020-09-28;5754
2020-09-27;"Trnavský kraj";30;0;0;0;NA;88534;30;2020-09-27;5688
2020-09-26;"Trnavský kraj";46;0;0;0;NA;88534;46;2020-09-26;5658
2020-09-25;"Trnavský kraj";30;0;0;0;NA;88534;30;2020-09-25;5612
2020-09-24;"Trnavský kraj";42;0;0;0;NA;88534;42;2020-09-24;5582
2020-09-23;"Trnavský kraj";39;0;0;0;NA;88534;39;2020-09-23;5540
2020-09-22;"Trnavský kraj";54;0;0;0;NA;88534;54;2020-09-22;5501
2020-09-21;"Trnavský kraj";39;0;0;0;NA;88534;39;2020-09-21;5447
2020-09-20;"Trnavský kraj";17;0;0;0;NA;88534;17;2020-09-20;5408
2020-09-19;"Trnavský kraj";3;0;0;0;NA;88534;3;2020-09-19;5391
2020-09-18;"Trnavský kraj";32;0;0;0;NA;88534;32;2020-09-18;5388
2020-09-17;"Trnavský kraj";37;0;0;0;NA;88534;37;2020-09-17;5356
2020-09-16;"Trnavský kraj";48;0;0;0;NA;88534;48;2020-09-16;5319
2020-09-15;"Trnavský kraj";3;0;0;0;NA;88534;3;2020-09-15;5271
2020-09-14;"Trnavský kraj";25;0;0;0;NA;88534;25;2020-09-14;5268
2020-09-13;"Trnavský kraj";9;0;0;0;NA;88534;9;2020-09-13;5243
2020-09-12;"Trnavský kraj";12;0;0;0;NA;88534;12;2020-09-12;5234
2020-09-11;"Trnavský kraj";16;0;0;0;NA;88534;16;2020-09-11;5222
2020-09-10;"Trnavský kraj";32;0;0;0;NA;88534;32;2020-09-10;5206
2020-09-09;"Trnavský kraj";13;0;0;0;NA;88534;13;2020-09-09;5174
2020-09-08;"Trnavský kraj";11;0;0;0;NA;88534;11;2020-09-08;5161
2020-09-07;"Trnavský kraj";7;0;0;0;NA;88534;7;2020-09-07;5150
2020-09-06;"Trnavský kraj";5;0;0;0;NA;88534;5;2020-09-06;5143
2020-09-05;"Trnavský kraj";6;0;0;0;NA;88534;6;2020-09-05;5138
2020-09-04;"Trnavský kraj";16;0;0;0;NA;88534;16;2020-09-04;5132
2020-09-03;"Trnavský kraj";7;0;0;0;NA;88534;7;2020-09-03;5116
2020-09-02;"Trnavský kraj";6;0;0;0;NA;88534;6;2020-09-02;5109
2020-09-01;"Trnavský kraj";1;0;0;0;NA;88534;1;2020-09-01;5103
2020-08-31;"Trnavský kraj";5;0;0;0;NA;88534;5;2020-08-31;5102
2020-08-30;"Trnavský kraj";1;0;0;0;NA;88534;1;2020-08-30;5097
2020-08-29;"Trnavský kraj";3;0;0;0;NA;88534;3;2020-08-29;5096
2020-08-28;"Trnavský kraj";12;0;0;0;NA;88534;12;2020-08-28;5093
2020-08-27;"Trnavský kraj";5;0;0;0;NA;88534;5;2020-08-27;5081
2020-08-26;"Trnavský kraj";4;0;0;0;NA;88534;4;2020-08-26;5076
2020-08-25;"Trnavský kraj";7;0;0;0;NA;88534;7;2020-08-25;5072
2020-08-24;"Trnavský kraj";1;0;0;0;NA;88534;1;2020-08-24;5065
2020-08-23;"Trnavský kraj";4;0;0;0;NA;88534;4;2020-08-23;5064
2020-08-22;"Trnavský kraj";1;0;0;0;NA;88534;1;2020-08-22;5060
2020-08-21;"Trnavský kraj";4;0;0;0;NA;88534;4;2020-08-21;5059
2020-08-20;"Trnavský kraj";23;0;0;0;NA;88534;23;2020-08-20;5055
2020-08-19;"Trnavský kraj";12;0;0;0;NA;88534;12;2020-08-19;5032
2020-08-18;"Trnavský kraj";20;0;0;0;NA;88534;20;2020-08-18;5020
2020-08-17;"Trnavský kraj";3;0;0;0;NA;88534;3;2020-08-17;5000
2020-08-16;"Trnavský kraj";0;0;0;0;NA;88534;0;2020-08-16;4997
2020-08-15;"Trnavský kraj";7;0;0;0;NA;88534;7;2020-08-15;4997
2020-08-14;"Trnavský kraj";6;0;0;0;NA;88534;6;2020-08-14;4990
2020-08-13;"Trnavský kraj";10;0;0;0;NA;88534;10;2020-08-13;4984
2020-08-12;"Trnavský kraj";2;0;0;0;NA;88534;2;2020-08-12;4974
2020-08-11;"Trnavský kraj";30;0;0;0;NA;88534;30;2020-08-11;4972
2020-08-10;"Trnavský kraj";0;0;0;0;NA;88534;0;2020-08-10;4942
2020-08-09;"Trnavský kraj";0;0;0;0;NA;88534;0;2020-08-09;4942
2020-08-08;"Trnavský kraj";13;0;0;0;NA;88534;13;2020-08-08;4942
2020-08-07;"Trnavský kraj";4;0;0;0;NA;88534;4;2020-08-07;4929
2020-08-06;"Trnavský kraj";4;0;0;0;NA;88534;4;2020-08-06;4925
2020-08-05;"Trnavský kraj";0;0;0;0;NA;88534;0;2020-08-05;4921
2020-08-04;"Trnavský kraj";1;0;0;0;NA;88534;1;2020-08-04;4921
2020-08-03;"Trnavský kraj";2;0;0;0;NA;88534;2;2020-08-03;4920
2020-08-02;"Trnavský kraj";1;0;0;0;NA;88534;1;2020-08-02;4918
2020-08-01;"Trnavský kraj";0;0;0;0;NA;88534;0;2020-08-01;4917
2020-07-31;"Trnavský kraj";7;0;0;0;NA;88534;7;2020-07-31;4917
2020-07-30;"Trnavský kraj";6;0;0;0;NA;88534;6;2020-07-30;4910
2020-07-29;"Trnavský kraj";0;0;0;0;NA;88534;0;2020-07-29;4904
2020-07-28;"Trnavský kraj";1;0;0;0;NA;88534;1;2020-07-28;4904
2020-07-27;"Trnavský kraj";0;0;0;0;NA;88534;0;2020-07-27;4903
2020-07-26;"Trnavský kraj";0;0;0;0;NA;88534;0;2020-07-26;4903
2020-07-25;"Trnavský kraj";0;0;0;0;NA;88534;0;2020-07-25;4903
2020-07-24;"Trnavský kraj";1;0;0;0;NA;88534;1;2020-07-24;4903
2020-07-23;"Trnavský kraj";2;0;0;0;NA;88534;2;2020-07-23;4902
2020-07-22;"Trnavský kraj";1;0;0;0;NA;88534;1;2020-07-22;4900
2020-07-21;"Trnavský kraj";2;0;0;0;NA;88534;2;2020-07-21;4899
2020-07-20;"Trnavský kraj";0;0;0;0;NA;88534;0;2020-07-20;4897
2020-07-19;"Trnavský kraj";0;0;0;0;NA;88534;0;2020-07-19;4897
2020-07-18;"Trnavský kraj";0;0;0;0;NA;88534;0;2020-07-18;4897
2020-07-17;"Trnavský kraj";0;0;0;0;NA;88534;0;2020-07-17;4897
2020-07-16;"Trnavský kraj";0;0;0;0;NA;88534;0;2020-07-16;4897
2020-07-15;"Trnavský kraj";1;0;0;0;NA;88534;1;2020-07-15;4897
2020-07-14;"Trnavský kraj";0;0;0;0;NA;88534;0;2020-07-14;4896
2020-07-13;"Trnavský kraj";0;0;0;0;NA;88534;0;2020-07-13;4896
2020-07-12;"Trnavský kraj";0;0;0;0;NA;88534;0;2020-07-12;4896
2020-07-11;"Trnavský kraj";0;0;0;0;NA;88534;0;2020-07-11;4896
2020-07-10;"Trnavský kraj";0;0;0;0;NA;88534;0;2020-07-10;4896
2020-07-09;"Trnavský kraj";0;0;0;0;NA;88534;0;2020-07-09;4896
2020-07-08;"Trnavský kraj";1;0;0;0;NA;88534;1;2020-07-08;4896
2020-07-07;"Trnavský kraj";4;0;0;0;NA;88534;4;2020-07-07;4895
2020-07-06;"Trnavský kraj";0;0;0;0;NA;88534;0;2020-07-06;4891
2020-07-05;"Trnavský kraj";0;0;0;0;NA;88534;0;2020-07-05;4891
2020-07-04;"Trnavský kraj";0;0;0;0;NA;88534;0;2020-07-04;4891
2020-07-03;"Trnavský kraj";0;0;0;0;NA;88534;0;2020-07-03;4891
2020-07-02;"Trnavský kraj";3;0;0;0;NA;88534;3;2020-07-02;4891
2020-07-01;"Trnavský kraj";0;0;0;0;NA;88534;0;2020-07-01;4888
2020-06-30;"Trnavský kraj";0;0;0;0;NA;88534;0;2020-06-30;4888
2020-06-29;"Trnavský kraj";0;0;0;0;NA;88534;0;2020-06-29;4888
2020-06-28;"Trnavský kraj";0;0;0;0;NA;88534;0;2020-06-28;4888
2020-06-27;"Trnavský kraj";0;0;0;0;NA;88534;0;2020-06-27;4888
2020-06-26;"Trnavský kraj";0;0;0;0;NA;88534;0;2020-06-26;4888
2020-06-25;"Trnavský kraj";0;0;0;0;NA;88534;0;2020-06-25;4888
2020-06-24;"Trnavský kraj";0;0;0;0;NA;88534;0;2020-06-24;4888
2020-06-23;"Trnavský kraj";0;0;0;0;NA;88534;0;2020-06-23;4888
2020-06-22;"Trnavský kraj";0;0;0;0;NA;88534;0;2020-06-22;4888
2020-06-21;"Trnavský kraj";0;0;0;0;NA;88534;0;2020-06-21;4888
2020-06-20;"Trnavský kraj";0;0;0;0;NA;88534;0;2020-06-20;4888
2020-06-19;"Trnavský kraj";0;0;0;0;NA;88534;0;2020-06-19;4888
2020-06-18;"Trnavský kraj";2;0;0;0;NA;88534;2;2020-06-18;4888
2020-06-17;"Trnavský kraj";0;0;0;0;NA;88534;0;2020-06-17;4886
2020-06-16;"Trnavský kraj";0;0;0;0;NA;88534;0;2020-06-16;4886
2020-06-14;"Trnavský kraj";0;0;0;0;NA;88534;0;2020-06-14;4886
2020-06-13;"Trnavský kraj";0;0;0;0;NA;88534;0;2020-06-13;4886
2020-06-12;"Trnavský kraj";0;0;0;0;NA;88534;0;2020-06-12;4886
2020-06-11;"Trnavský kraj";0;0;0;0;NA;88534;0;2020-06-11;4886
2020-06-10;"Trnavský kraj";0;0;0;0;NA;88534;0;2020-06-10;4886
2020-06-09;"Trnavský kraj";0;0;0;0;NA;88534;0;2020-06-09;4886
2020-06-08;"Trnavský kraj";0;0;0;0;NA;88534;0;2020-06-08;4886
2020-06-07;"Trnavský kraj";0;0;0;0;NA;88534;0;2020-06-07;4886
2020-06-05;"Trnavský kraj";0;0;0;0;NA;88534;0;2020-06-05;4886
2020-06-03;"Trnavský kraj";0;0;0;0;NA;88534;0;2020-06-03;4886
2020-06-02;"Trnavský kraj";0;0;0;0;NA;88534;0;2020-06-02;4886
2020-05-31;"Trnavský kraj";0;0;0;0;NA;88534;0;2020-05-31;4886
2020-05-29;"Trnavský kraj";0;0;0;0;NA;88534;0;2020-05-29;4886
2020-05-27;"Trnavský kraj";0;0;0;0;NA;88534;0;2020-05-27;4886
2020-05-26;"Trnavský kraj";0;0;0;0;NA;88534;0;2020-05-26;4886
2020-05-25;"Trnavský kraj";1;0;0;0;NA;88534;1;2020-05-25;4886
2020-05-24;"Trnavský kraj";0;0;0;0;NA;88534;0;2020-05-24;4885
2020-05-23;"Trnavský kraj";2;0;0;0;NA;88534;2;2020-05-23;4885
2020-05-22;"Trnavský kraj";0;0;0;0;NA;88534;0;2020-05-22;4883
2020-05-21;"Trnavský kraj";0;0;0;0;NA;88534;0;2020-05-21;4883
2020-05-20;"Trnavský kraj";2;0;0;0;NA;88534;2;2020-05-20;4883
2020-05-19;"Trnavský kraj";0;0;0;0;NA;88534;0;2020-05-19;4881
2020-05-17;"Trnavský kraj";0;0;0;0;NA;88534;0;2020-05-17;4881
2020-05-16;"Trnavský kraj";0;0;0;0;NA;88534;0;2020-05-16;4881
2020-05-15;"Trnavský kraj";1;0;0;0;NA;88534;1;2020-05-15;4881
2020-05-14;"Trnavský kraj";0;0;0;0;NA;88534;0;2020-05-14;4880
2020-05-13;"Trnavský kraj";0;0;0;0;NA;88534;0;2020-05-13;4880
2020-05-12;"Trnavský kraj";0;0;0;0;NA;88534;0;2020-05-12;4880
2020-05-11;"Trnavský kraj";2;0;0;0;NA;88534;2;2020-05-11;4880
2020-05-09;"Trnavský kraj";0;0;0;0;NA;88534;0;2020-05-09;4878
2020-05-07;"Trnavský kraj";0;0;0;0;NA;88534;0;2020-05-07;4878
2020-05-06;"Trnavský kraj";0;0;0;0;NA;88534;0;2020-05-06;4878
2020-05-05;"Trnavský kraj";0;0;0;0;NA;88534;0;2020-05-05;4878
2020-05-04;"Trnavský kraj";0;0;0;0;NA;88534;0;2020-05-04;4878
2020-05-03;"Trnavský kraj";0;0;0;0;NA;88534;0;2020-05-03;4878
2020-05-02;"Trnavský kraj";0;0;0;0;NA;88534;0;2020-05-02;4878
2020-05-01;"Trnavský kraj";0;0;0;0;NA;88534;0;2020-05-01;4878
2020-04-30;"Trnavský kraj";0;0;0;0;NA;88534;0;2020-04-30;4878
2020-04-29;"Trnavský kraj";0;0;0;0;NA;88534;0;2020-04-29;4878
2020-04-28;"Trnavský kraj";1;0;0;0;NA;88534;1;2020-04-28;4878
2020-04-27;"Trnavský kraj";0;0;0;0;NA;88534;0;2020-04-27;4877
2020-04-26;"Trnavský kraj";0;0;0;0;NA;88534;0;2020-04-26;4877
2020-04-25;"Trnavský kraj";2;0;0;0;NA;88534;2;2020-04-25;4877
2020-04-24;"Trnavský kraj";4;0;0;0;NA;88534;4;2020-04-24;4875
2020-04-23;"Trnavský kraj";5;0;0;0;NA;88534;5;2020-04-23;4871
2020-04-22;"Trnavský kraj";10;0;0;0;NA;88534;10;2020-04-22;4866
2020-04-21;"Trnavský kraj";5;0;0;0;NA;88534;5;2020-04-21;4856
2020-04-20;"Trnavský kraj";0;0;0;0;NA;88534;0;2020-04-20;4851
2020-04-19;"Trnavský kraj";1;0;0;0;NA;88534;1;2020-04-19;4851
2020-04-18;"Trnavský kraj";4;0;0;0;NA;88534;4;2020-04-18;4850
2020-04-17;"Trnavský kraj";6;0;0;0;NA;88534;6;2020-04-17;4846
2020-04-16;"Trnavský kraj";5;0;0;0;NA;88534;5;2020-04-16;4840
2020-04-15;"Trnavský kraj";5;0;0;0;NA;88534;5;2020-04-15;4835
2020-04-14;"Trnavský kraj";1;0;0;0;NA;88534;1;2020-04-14;4830
2020-04-13;"Trnavský kraj";0;0;0;0;NA;88534;0;2020-04-13;4829
2020-04-12;"Trnavský kraj";0;0;0;0;NA;88534;0;2020-04-12;4829
2020-04-11;"Trnavský kraj";0;0;0;0;NA;88534;0;2020-04-11;4829
2020-04-10;"Trnavský kraj";2;0;0;0;NA;88534;2;2020-04-10;4829
2020-04-09;"Trnavský kraj";2;0;0;0;NA;88534;2;2020-04-09;4827
2020-04-08;"Trnavský kraj";4;0;0;0;NA;88534;4;2020-04-08;4825
2020-04-07;"Trnavský kraj";5;0;0;0;NA;88534;5;2020-04-07;4821
2020-04-06;"Trnavský kraj";3;0;0;0;NA;88534;3;2020-04-06;4816
2020-04-05;"Trnavský kraj";0;0;0;0;NA;88534;0;2020-04-05;4813
2020-04-04;"Trnavský kraj";1;0;0;0;NA;88534;1;2020-04-04;4813
2020-04-03;"Trnavský kraj";3;0;0;0;NA;88534;3;2020-04-03;4812
2020-04-02;"Trnavský kraj";2;0;0;0;NA;88534;2;2020-04-02;4809
2020-04-01;"Trnavský kraj";0;0;0;0;NA;88534;0;2020-04-01;4807
2020-03-31;"Trnavský kraj";1;0;0;0;NA;88534;1;2020-03-31;4807
2020-03-30;"Trnavský kraj";4;0;0;0;NA;88534;4;2020-03-30;4806
2020-03-29;"Trnavský kraj";1;0;0;0;NA;88534;1;2020-03-29;4802
2020-03-28;"Trnavský kraj";3;0;0;0;NA;88534;3;2020-03-28;4801
2020-03-27;"Trnavský kraj";4;0;0;0;NA;88534;4;2020-03-27;4798
2020-03-26;"Trnavský kraj";3;0;0;0;NA;88534;3;2020-03-26;4794
2020-03-25;"Trnavský kraj";1;0;0;0;NA;88534;1;2020-03-25;4791
2020-03-24;"Trnavský kraj";0;0;0;0;NA;88534;0;2020-03-24;4790
2020-03-23;"Trnavský kraj";2;0;0;0;NA;88534;2;2020-03-23;4790
2020-03-22;"Trnavský kraj";1;0;0;0;NA;88534;1;2020-03-22;4788
2020-03-21;"Trnavský kraj";5;0;0;0;NA;88534;5;2020-03-21;4787
2020-03-20;"Trnavský kraj";0;0;0;0;NA;88534;0;2020-03-20;4782
2020-03-19;"Trnavský kraj";0;0;0;0;NA;88534;0;2020-03-19;4782
2020-03-18;"Trnavský kraj";0;0;0;0;NA;88534;0;2020-03-18;4782
2020-03-17;"Trnavský kraj";3;0;0;0;NA;88534;3;2020-03-17;4782
2020-03-16;"Trnavský kraj";1;0;0;0;NA;88534;1;2020-03-16;4779
2020-03-15;"Trnavský kraj";0;0;0;0;NA;88534;0;2020-03-15;4778
2020-03-14;"Trnavský kraj";0;0;0;0;NA;88534;0;2020-03-14;4778
2020-03-13;"Trnavský kraj";1;0;0;0;NA;88534;1;2020-03-13;4778
2020-03-12;"Trnavský kraj";1;0;0;0;NA;88534;1;2020-03-12;4777
2020-03-11;"Trnavský kraj";0;0;0;0;NA;88534;0;2020-03-11;4776
2020-03-09;"Trnavský kraj";0;0;0;0;NA;88534;0;2020-03-09;4776
2020-03-08;"Trnavský kraj";0;0;0;0;NA;88534;0;2020-03-08;4776
2020-03-07;"Trnavský kraj";0;0;0;0;NA;88534;0;2020-03-07;4776
2020-03-06;"Trnavský kraj";0;0;0;0;NA;88534;0;2020-03-06;4776
2021-04-28;"Žilinský kraj";76;17225;82;17307;56209;104547;158;2021-04-28;104547
2021-04-27;"Žilinský kraj";75;21694;109;21803;NA;104547;184;2021-04-27;104389
2021-04-26;"Žilinský kraj";104;27949;138;28087;NA;104547;242;2021-04-26;104205
2021-04-25;"Žilinský kraj";35;34567;79;34646;NA;104547;114;2021-04-25;103963
2021-04-24;"Žilinský kraj";77;78909;155;79064;NA;104547;232;2021-04-24;103849
2021-04-23;"Žilinský kraj";123;49313;155;49468;NA;104547;278;2021-04-23;103617
2021-04-22;"Žilinský kraj";95;24871;130;25001;NA;104547;225;2021-04-22;103339
2021-04-21;"Žilinský kraj";90;20463;145;20608;NA;104547;235;2021-04-21;103114
2021-04-20;"Žilinský kraj";104;23494;136;23630;NA;104547;240;2021-04-20;102879
2021-04-19;"Žilinský kraj";120;32611;207;32818;NA;104547;327;2021-04-19;102639
2021-04-18;"Žilinský kraj";18;36727;91;36818;NA;104547;109;2021-04-18;102312
2021-04-17;"Žilinský kraj";71;89202;156;89358;NA;104547;227;2021-04-17;102203
2021-04-16;"Žilinský kraj";161;47229;209;47438;NA;104547;370;2021-04-16;101976
2021-04-15;"Žilinský kraj";94;24625;129;24754;NA;104547;223;2021-04-15;101606
2021-04-14;"Žilinský kraj";99;23341;144;23485;NA;104547;243;2021-04-14;101383
2021-04-13;"Žilinský kraj";144;24786;137;24923;NA;104547;281;2021-04-13;101140
2021-04-12;"Žilinský kraj";235;29888;183;30071;NA;104547;418;2021-04-12;100859
2021-04-11;"Žilinský kraj";18;37044;107;37151;NA;104547;125;2021-04-11;100441
2021-04-10;"Žilinský kraj";71;86173;234;86407;NA;104547;305;2021-04-10;100316
2021-04-09;"Žilinský kraj";165;41671;205;41876;NA;104547;370;2021-04-09;100011
2021-04-08;"Žilinský kraj";146;24149;137;24286;NA;104547;283;2021-04-08;99641
2021-04-07;"Žilinský kraj";239;29183;178;29361;NA;104547;417;2021-04-07;99358
2021-04-06;"Žilinský kraj";258;38918;294;39212;NA;104547;552;2021-04-06;98941
2021-04-05;"Žilinský kraj";17;14747;140;14887;NA;104547;157;2021-04-05;98389
2021-04-04;"Žilinský kraj";17;16284;69;16353;NA;104547;86;2021-04-04;98232
2021-04-03;"Žilinský kraj";138;100913;401;101314;NA;104547;539;2021-04-03;98146
2021-04-02;"Žilinský kraj";51;22481;84;22565;NA;104547;135;2021-04-02;97607
2021-04-01;"Žilinský kraj";253;42522;240;42762;NA;104547;493;2021-04-01;97472
2021-03-31;"Žilinský kraj";150;31632;247;31879;NA;104547;397;2021-03-31;96979
2021-03-30;"Žilinský kraj";292;26379;243;26622;NA;104547;535;2021-03-30;96582
2021-03-29;"Žilinský kraj";278;28022;268;28290;NA;104547;546;2021-03-29;96047
2021-03-28;"Žilinský kraj";20;36206;239;36445;NA;104547;259;2021-03-28;95501
2021-03-27;"Žilinský kraj";133;89102;353;89455;NA;104547;486;2021-03-27;95242
2021-03-26;"Žilinský kraj";254;52263;333;52596;NA;104547;587;2021-03-26;94756
2021-03-25;"Žilinský kraj";230;27620;214;27834;NA;104547;444;2021-03-25;94169
2021-03-24;"Žilinský kraj";219;21425;261;21686;NA;104547;480;2021-03-24;93725
2021-03-23;"Žilinský kraj";296;23176;278;23454;NA;104547;574;2021-03-23;93245
2021-03-22;"Žilinský kraj";271;29289;314;29603;NA;104547;585;2021-03-22;92671
2021-03-21;"Žilinský kraj";28;33705;227;33932;NA;104547;255;2021-03-21;92086
2021-03-20;"Žilinský kraj";109;93422;497;93919;NA;104547;606;2021-03-20;91831
2021-03-19;"Žilinský kraj";310;51763;413;52176;NA;104547;723;2021-03-19;91225
2021-03-18;"Žilinský kraj";268;28451;294;28745;NA;104547;562;2021-03-18;90502
2021-03-17;"Žilinský kraj";312;21916;269;22185;NA;104547;581;2021-03-17;89940
2021-03-16;"Žilinský kraj";411;24341;317;24658;NA;104547;728;2021-03-16;89359
2021-03-15;"Žilinský kraj";277;29607;419;30026;NA;104547;696;2021-03-15;88631
2021-03-14;"Žilinský kraj";86;34121;267;34388;NA;104547;353;2021-03-14;87935
2021-03-13;"Žilinský kraj";93;93756;584;94340;NA;104547;677;2021-03-13;87582
2021-03-12;"Žilinský kraj";433;52109;411;52520;NA;104547;844;2021-03-12;86905
2021-03-11;"Žilinský kraj";297;28477;308;28785;NA;104547;605;2021-03-11;86061
2021-03-10;"Žilinský kraj";299;22366;370;22736;NA;104547;669;2021-03-10;85456
2021-03-09;"Žilinský kraj";463;24857;316;25173;NA;104547;779;2021-03-09;84787
2021-03-08;"Žilinský kraj";325;30839;458;31297;NA;104547;783;2021-03-08;84008
2021-03-07;"Žilinský kraj";47;33469;290;33759;NA;104547;337;2021-03-07;83225
2021-03-06;"Žilinský kraj";129;92398;586;92984;NA;104547;715;2021-03-06;82888
2021-03-05;"Žilinský kraj";346;51748;483;52231;NA;104547;829;2021-03-05;82173
2021-03-04;"Žilinský kraj";342;30036;377;30413;NA;104547;719;2021-03-04;81344
2021-03-03;"Žilinský kraj";365;26261;394;26655;NA;104547;759;2021-03-03;80625
2021-03-02;"Žilinský kraj";420;25669;378;26047;NA;104547;798;2021-03-02;79866
2021-03-01;"Žilinský kraj";330;30493;441;30934;NA;104547;771;2021-03-01;79068
2021-02-28;"Žilinský kraj";60;34802;327;35129;NA;104547;387;2021-02-28;78297
2021-02-27;"Žilinský kraj";139;83781;639;84420;NA;104547;778;2021-02-27;77910
2021-02-26;"Žilinský kraj";346;47494;508;48002;NA;104547;854;2021-02-26;77132
2021-02-25;"Žilinský kraj";275;30879;393;31272;NA;104547;668;2021-02-25;76278
2021-02-24;"Žilinský kraj";282;18745;395;19140;NA;104547;677;2021-02-24;75610
2021-02-23;"Žilinský kraj";331;22418;418;22836;NA;104547;749;2021-02-23;74933
2021-02-22;"Žilinský kraj";319;29268;438;29706;NA;104547;757;2021-02-22;74184
2021-02-21;"Žilinský kraj";35;28686;322;29008;NA;104547;357;2021-02-21;73427
2021-02-20;"Žilinský kraj";106;88723;667;89390;NA;104547;773;2021-02-20;73070
2021-02-19;"Žilinský kraj";289;44806;415;45221;NA;104547;704;2021-02-19;72297
2021-02-18;"Žilinský kraj";190;24679;339;25018;NA;104547;529;2021-02-18;71593
2021-02-17;"Žilinský kraj";222;17932;355;18287;NA;104547;577;2021-02-17;71064
2021-02-16;"Žilinský kraj";259;24298;325;24623;NA;104547;584;2021-02-16;70487
2021-02-15;"Žilinský kraj";201;30420;311;30731;NA;104547;512;2021-02-15;69903
2021-02-14;"Žilinský kraj";30;28574;231;28805;NA;104547;261;2021-02-14;69391
2021-02-13;"Žilinský kraj";63;69659;454;70113;NA;104547;517;2021-02-13;69130
2021-02-12;"Žilinský kraj";229;42686;335;43021;NA;104547;564;2021-02-12;68613
2021-02-11;"Žilinský kraj";195;23521;300;23821;NA;104547;495;2021-02-11;68049
2021-02-10;"Žilinský kraj";203;17438;261;17699;NA;104547;464;2021-02-10;67554
2021-02-09;"Žilinský kraj";324;24921;276;25197;NA;104547;600;2021-02-09;67090
2021-02-08;"Žilinský kraj";149;41238;388;41626;NA;104547;537;2021-02-08;66490
2021-02-07;"Žilinský kraj";23;46446;252;46698;NA;104547;275;2021-02-07;65953
2021-02-06;"Žilinský kraj";61;72880;367;73247;NA;104547;428;2021-02-06;65678
2021-02-05;"Žilinský kraj";218;31982;323;32305;NA;104547;541;2021-02-05;65250
2021-02-04;"Žilinský kraj";168;13128;258;13386;NA;104547;426;2021-02-04;64709
2021-02-03;"Žilinský kraj";136;9187;255;9442;NA;104547;391;2021-02-03;64283
2021-02-02;"Žilinský kraj";177;9446;279;9725;NA;104547;456;2021-02-02;63892
2021-02-01;"Žilinský kraj";187;19507;363;19870;NA;104547;550;2021-02-01;63436
2021-01-31;"Žilinský kraj";11;2652;27;2679;NA;104547;38;2021-01-31;62886
2021-01-30;"Žilinský kraj";81;18447;187;18634;NA;104547;268;2021-01-30;62848
2021-01-29;"Žilinský kraj";176;22892;304;23196;NA;104547;480;2021-01-29;62580
2021-01-28;"Žilinský kraj";207;5623;174;5797;NA;104547;381;2021-01-28;62100
2021-01-27;"Žilinský kraj";193;7142;124;7266;NA;104547;317;2021-01-27;61719
2021-01-26;"Žilinský kraj";203;49562;343;49905;NA;104547;546;2021-01-26;61402
2021-01-25;"Žilinský kraj";136;21143;150;21293;NA;104547;286;2021-01-25;60856
2021-01-24;"Žilinský kraj";16;67338;306;67644;NA;104547;322;2021-01-24;60570
2021-01-23;"Žilinský kraj";81;91262;408;91670;NA;104547;489;2021-01-23;60248
2021-01-22;"Žilinský kraj";146;32018;238;32256;NA;104547;384;2021-01-22;59759
2021-01-21;"Žilinský kraj";103;19841;183;20024;NA;104547;286;2021-01-21;59375
2021-01-20;"Žilinský kraj";200;17484;171;17655;NA;104547;371;2021-01-20;59089
2021-01-19;"Žilinský kraj";206;15619;279;15898;NA;104547;485;2021-01-19;58718
2021-01-18;"Žilinský kraj";219;12537;334;12871;NA;104547;553;2021-01-18;58233
2021-01-17;"Žilinský kraj";86;117;2;119;NA;104547;88;2021-01-17;57680
2021-01-16;"Žilinský kraj";1;758;37;795;NA;104547;38;2021-01-16;57592
2021-01-15;"Žilinský kraj";209;7256;203;7459;NA;104547;412;2021-01-15;57554
2021-01-14;"Žilinský kraj";133;5610;249;5859;NA;104547;382;2021-01-14;57142
2021-01-13;"Žilinský kraj";215;11307;553;11860;NA;104547;768;2021-01-13;56760
2021-01-12;"Žilinský kraj";301;8798;418;9216;NA;104547;719;2021-01-12;55992
2021-01-11;"Žilinský kraj";309;10348;510;10858;NA;104547;819;2021-01-11;55273
2021-01-10;"Žilinský kraj";36;189;7;196;NA;104547;43;2021-01-10;54454
2021-01-09;"Žilinský kraj";156;1992;85;2077;NA;104547;241;2021-01-09;54411
2021-01-08;"Žilinský kraj";376;9234;500;9734;NA;104547;876;2021-01-08;54170
2021-01-07;"Žilinský kraj";350;23513;1881;25394;NA;104547;2231;2021-01-07;53294
2021-01-06;"Žilinský kraj";84;1338;89;1427;NA;104547;173;2021-01-06;51063
2021-01-05;"Žilinský kraj";576;10760;851;11611;NA;104547;1427;2021-01-05;50890
2021-01-04;"Žilinský kraj";416;9763;1023;10786;NA;104547;1439;2021-01-04;49463
2021-01-03;"Žilinský kraj";12;1030;98;1128;NA;104547;110;2021-01-03;48024
2021-01-02;"Žilinský kraj";82;746;86;832;NA;104547;168;2021-01-02;47914
2021-01-01;"Žilinský kraj";51;552;36;588;NA;104547;87;2021-01-01;47746
2020-12-31;"Žilinský kraj";259;10040;814;10854;NA;104547;1073;2020-12-31;47659
2020-12-30;"Žilinský kraj";941;12026;846;12872;NA;104547;1787;2020-12-30;46586
2020-12-29;"Žilinský kraj";224;10593;1044;11637;NA;104547;1268;2020-12-29;44799
2020-12-28;"Žilinský kraj";323;11231;1061;12292;NA;104547;1384;2020-12-28;43531
2020-12-27;"Žilinský kraj";39;672;80;752;NA;104547;119;2020-12-27;42147
2020-12-26;"Žilinský kraj";117;518;48;566;NA;104547;165;2020-12-26;42028
2020-12-25;"Žilinský kraj";61;111;10;121;NA;104547;71;2020-12-25;41863
2020-12-24;"Žilinský kraj";510;1018;75;1093;NA;104547;585;2020-12-24;41792
2020-12-23;"Žilinský kraj";116;17323;1035;18358;NA;104547;1151;2020-12-23;41207
2020-12-22;"Žilinský kraj";491;13749;1032;14781;NA;104547;1523;2020-12-22;40056
2020-12-21;"Žilinský kraj";353;12622;1100;13722;NA;104547;1453;2020-12-21;38533
2020-12-20;"Žilinský kraj";32;579;73;652;NA;104547;105;2020-12-20;37080
2020-12-19;"Žilinský kraj";156;2080;144;2224;NA;104547;300;2020-12-19;36975
2020-12-18;"Žilinský kraj";297;6899;402;7301;NA;104547;699;2020-12-18;36675
2020-12-17;"Žilinský kraj";390;4248;280;4528;NA;104547;670;2020-12-17;35976
2020-12-16;"Žilinský kraj";270;4000;285;4285;NA;104547;555;2020-12-16;35306
2020-12-15;"Žilinský kraj";441;4182;377;4559;NA;104547;818;2020-12-15;34751
2020-12-14;"Žilinský kraj";260;4273;355;4628;NA;104547;615;2020-12-14;33933
2020-12-13;"Žilinský kraj";25;529;67;596;NA;104547;92;2020-12-13;33318
2020-12-12;"Žilinský kraj";84;1061;53;1114;NA;104547;137;2020-12-12;33226
2020-12-11;"Žilinský kraj";360;4513;274;4787;NA;104547;634;2020-12-11;33089
2020-12-10;"Žilinský kraj";116;9293;830;10123;NA;104547;946;2020-12-10;32455
2020-12-09;"Žilinský kraj";324;2200;131;2331;NA;104547;455;2020-12-09;31509
2020-12-08;"Žilinský kraj";277;3248;123;3371;NA;104547;400;2020-12-08;31054
2020-12-07;"Žilinský kraj";287;2254;127;2381;NA;104547;414;2020-12-07;30654
2020-12-06;"Žilinský kraj";12;128;6;134;NA;104547;18;2020-12-06;30240
2020-12-05;"Žilinský kraj";54;1500;53;1553;NA;104547;107;2020-12-05;30222
2020-12-04;"Žilinský kraj";197;2891;122;3013;NA;104547;319;2020-12-04;30115
2020-12-03;"Žilinský kraj";184;1424;117;1541;NA;104547;301;2020-12-03;29796
2020-12-02;"Žilinský kraj";141;1396;69;1465;NA;104547;210;2020-12-02;29495
2020-12-01;"Žilinský kraj";154;6239;284;6523;NA;104547;438;2020-12-01;29285
2020-11-30;"Žilinský kraj";165;5326;305;5631;NA;104547;470;2020-11-30;28847
2020-11-29;"Žilinský kraj";17;81;7;88;NA;104547;24;2020-11-29;28377
2020-11-28;"Žilinský kraj";46;349;15;364;NA;104547;61;2020-11-28;28353
2020-11-27;"Žilinský kraj";197;914;46;960;NA;104547;243;2020-11-27;28292
2020-11-26;"Žilinský kraj";141;1105;57;1162;NA;104547;198;2020-11-26;28049
2020-11-25;"Žilinský kraj";206;1217;49;1266;NA;104547;255;2020-11-25;27851
2020-11-24;"Žilinský kraj";162;2139;67;2206;NA;104547;229;2020-11-24;27596
2020-11-23;"Žilinský kraj";150;759;44;803;NA;104547;194;2020-11-23;27367
2020-11-22;"Žilinský kraj";10;67;2;69;NA;104547;12;2020-11-22;27173
2020-11-21;"Žilinský kraj";51;505;20;525;NA;104547;71;2020-11-21;27161
2020-11-20;"Žilinský kraj";187;1074;45;1119;NA;104547;232;2020-11-20;27090
2020-11-19;"Žilinský kraj";205;752;61;813;NA;104547;266;2020-11-19;26858
2020-11-18;"Žilinský kraj";287;348;15;363;NA;104547;302;2020-11-18;26592
2020-11-17;"Žilinský kraj";61;490;15;505;NA;104547;76;2020-11-17;26290
2020-11-16;"Žilinský kraj";200;247;15;262;NA;104547;215;2020-11-16;26214
2020-11-15;"Žilinský kraj";32;13;0;13;NA;104547;32;2020-11-15;25999
2020-11-14;"Žilinský kraj";156;1038;11;1049;NA;104547;167;2020-11-14;25967
2020-11-13;"Žilinský kraj";136;125;9;134;NA;104547;145;2020-11-13;25800
2020-11-12;"Žilinský kraj";231;79;2;81;NA;104547;233;2020-11-12;25655
2020-11-11;"Žilinský kraj";351;147;10;157;NA;104547;361;2020-11-11;25422
2020-11-10;"Žilinský kraj";276;519;9;528;NA;104547;285;2020-11-10;25061
2020-11-09;"Žilinský kraj";120;2335;30;2365;NA;104547;150;2020-11-09;24776
2020-11-08;"Žilinský kraj";24;2538;37;2575;NA;104547;61;2020-11-08;24626
2020-11-07;"Žilinský kraj";220;8175;88;8263;NA;104547;308;2020-11-07;24565
2020-11-06;"Žilinský kraj";329;4090;38;4128;NA;104547;367;2020-11-06;24257
2020-11-05;"Žilinský kraj";351;64;4;68;NA;104547;355;2020-11-05;23890
2020-11-04;"Žilinský kraj";351;178;10;188;NA;104547;361;2020-11-04;23535
2020-11-03;"Žilinský kraj";465;889;16;905;NA;104547;481;2020-11-03;23174
2020-11-02;"Žilinský kraj";317;1043;39;1082;NA;104547;356;2020-11-02;22693
2020-11-01;"Žilinský kraj";225;5096;130;5226;NA;104547;355;2020-11-01;22337
2020-10-31;"Žilinský kraj";561;7963;203;8166;NA;104547;764;2020-10-31;21982
2020-10-30;"Žilinský kraj";432;2575;61;2636;NA;104547;493;2020-10-30;21218
2020-10-29;"Žilinský kraj";623;503;17;520;NA;104547;640;2020-10-29;20725
2020-10-28;"Žilinský kraj";582;105;11;116;NA;104547;593;2020-10-28;20085
2020-10-27;"Žilinský kraj";302;154;24;178;NA;104547;326;2020-10-27;19492
2020-10-26;"Žilinský kraj";104;117;28;145;NA;104547;132;2020-10-26;19166
2020-10-25;"Žilinský kraj";336;0;0;0;NA;104547;336;2020-10-25;19034
2020-10-24;"Žilinský kraj";616;0;0;0;NA;104547;616;2020-10-24;18698
2020-10-23;"Žilinský kraj";602;102;13;115;NA;104547;615;2020-10-23;18082
2020-10-22;"Žilinský kraj";488;33;3;36;NA;104547;491;2020-10-22;17467
2020-10-21;"Žilinský kraj";418;74;14;88;NA;104547;432;2020-10-21;16976
2020-10-20;"Žilinský kraj";469;127;8;135;NA;104547;477;2020-10-20;16544
2020-10-19;"Žilinský kraj";66;80;12;92;NA;104547;78;2020-10-19;16067
2020-10-18;"Žilinský kraj";103;0;0;0;NA;104547;103;2020-10-18;15989
2020-10-17;"Žilinský kraj";453;0;0;0;NA;104547;453;2020-10-17;15886
2020-10-16;"Žilinský kraj";521;51;9;60;NA;104547;530;2020-10-16;15433
2020-10-15;"Žilinský kraj";553;61;3;64;NA;104547;556;2020-10-15;14903
2020-10-14;"Žilinský kraj";479;269;6;275;NA;104547;485;2020-10-14;14347
2020-10-13;"Žilinský kraj";334;458;40;498;NA;104547;374;2020-10-13;13862
2020-10-12;"Žilinský kraj";44;0;0;0;NA;104547;44;2020-10-12;13488
2020-10-11;"Žilinský kraj";49;0;0;0;NA;104547;49;2020-10-11;13444
2020-10-10;"Žilinský kraj";197;0;0;0;NA;104547;197;2020-10-10;13395
2020-10-09;"Žilinský kraj";458;0;0;0;NA;104547;458;2020-10-09;13198
2020-10-08;"Žilinský kraj";214;0;0;0;NA;104547;214;2020-10-08;12740
2020-10-07;"Žilinský kraj";164;0;0;0;NA;104547;164;2020-10-07;12526
2020-10-06;"Žilinský kraj";210;0;0;0;NA;104547;210;2020-10-06;12362
2020-10-05;"Žilinský kraj";31;0;0;0;NA;104547;31;2020-10-05;12152
2020-10-04;"Žilinský kraj";30;0;0;0;NA;104547;30;2020-10-04;12121
2020-10-03;"Žilinský kraj";150;0;0;0;NA;104547;150;2020-10-03;12091
2020-10-02;"Žilinský kraj";103;0;0;0;NA;104547;103;2020-10-02;11941
2020-10-01;"Žilinský kraj";138;0;0;0;NA;104547;138;2020-10-01;11838
2020-09-30;"Žilinský kraj";159;0;0;0;NA;104547;159;2020-09-30;11700
2020-09-29;"Žilinský kraj";99;0;0;0;NA;104547;99;2020-09-29;11541
2020-09-28;"Žilinský kraj";34;0;0;0;NA;104547;34;2020-09-28;11442
2020-09-27;"Žilinský kraj";107;0;0;0;NA;104547;107;2020-09-27;11408
2020-09-26;"Žilinský kraj";92;0;0;0;NA;104547;92;2020-09-26;11301
2020-09-25;"Žilinský kraj";67;0;0;0;NA;104547;67;2020-09-25;11209
2020-09-24;"Žilinský kraj";96;0;0;0;NA;104547;96;2020-09-24;11142
2020-09-23;"Žilinský kraj";63;0;0;0;NA;104547;63;2020-09-23;11046
2020-09-22;"Žilinský kraj";62;0;0;0;NA;104547;62;2020-09-22;10983
2020-09-21;"Žilinský kraj";46;0;0;0;NA;104547;46;2020-09-21;10921
2020-09-20;"Žilinský kraj";3;0;0;0;NA;104547;3;2020-09-20;10875
2020-09-19;"Žilinský kraj";6;0;0;0;NA;104547;6;2020-09-19;10872
2020-09-18;"Žilinský kraj";77;0;0;0;NA;104547;77;2020-09-18;10866
2020-09-17;"Žilinský kraj";28;0;0;0;NA;104547;28;2020-09-17;10789
2020-09-16;"Žilinský kraj";32;0;0;0;NA;104547;32;2020-09-16;10761
2020-09-15;"Žilinský kraj";10;0;0;0;NA;104547;10;2020-09-15;10729
2020-09-14;"Žilinský kraj";39;0;0;0;NA;104547;39;2020-09-14;10719
2020-09-13;"Žilinský kraj";5;0;0;0;NA;104547;5;2020-09-13;10680
2020-09-12;"Žilinský kraj";4;0;0;0;NA;104547;4;2020-09-12;10675
2020-09-11;"Žilinský kraj";29;0;0;0;NA;104547;29;2020-09-11;10671
2020-09-10;"Žilinský kraj";29;0;0;0;NA;104547;29;2020-09-10;10642
2020-09-09;"Žilinský kraj";22;0;0;0;NA;104547;22;2020-09-09;10613
2020-09-08;"Žilinský kraj";25;0;0;0;NA;104547;25;2020-09-08;10591
2020-09-07;"Žilinský kraj";11;0;0;0;NA;104547;11;2020-09-07;10566
2020-09-06;"Žilinský kraj";0;0;0;0;NA;104547;0;2020-09-06;10555
2020-09-05;"Žilinský kraj";2;0;0;0;NA;104547;2;2020-09-05;10555
2020-09-04;"Žilinský kraj";31;0;0;0;NA;104547;31;2020-09-04;10553
2020-09-03;"Žilinský kraj";17;0;0;0;NA;104547;17;2020-09-03;10522
2020-09-02;"Žilinský kraj";15;0;0;0;NA;104547;15;2020-09-02;10505
2020-09-01;"Žilinský kraj";3;0;0;0;NA;104547;3;2020-09-01;10490
2020-08-31;"Žilinský kraj";5;0;0;0;NA;104547;5;2020-08-31;10487
2020-08-30;"Žilinský kraj";3;0;0;0;NA;104547;3;2020-08-30;10482
2020-08-29;"Žilinský kraj";5;0;0;0;NA;104547;5;2020-08-29;10479
2020-08-28;"Žilinský kraj";12;0;0;0;NA;104547;12;2020-08-28;10474
2020-08-27;"Žilinský kraj";16;0;0;0;NA;104547;16;2020-08-27;10462
2020-08-26;"Žilinský kraj";7;0;0;0;NA;104547;7;2020-08-26;10446
2020-08-25;"Žilinský kraj";2;0;0;0;NA;104547;2;2020-08-25;10439
2020-08-24;"Žilinský kraj";5;0;0;0;NA;104547;5;2020-08-24;10437
2020-08-23;"Žilinský kraj";0;0;0;0;NA;104547;0;2020-08-23;10432
2020-08-22;"Žilinský kraj";0;0;0;0;NA;104547;0;2020-08-22;10432
2020-08-21;"Žilinský kraj";10;0;0;0;NA;104547;10;2020-08-21;10432
2020-08-20;"Žilinský kraj";10;0;0;0;NA;104547;10;2020-08-20;10422
2020-08-19;"Žilinský kraj";7;0;0;0;NA;104547;7;2020-08-19;10412
2020-08-18;"Žilinský kraj";7;0;0;0;NA;104547;7;2020-08-18;10405
2020-08-17;"Žilinský kraj";1;0;0;0;NA;104547;1;2020-08-17;10398
2020-08-16;"Žilinský kraj";0;0;0;0;NA;104547;0;2020-08-16;10397
2020-08-15;"Žilinský kraj";0;0;0;0;NA;104547;0;2020-08-15;10397
2020-08-14;"Žilinský kraj";2;0;0;0;NA;104547;2;2020-08-14;10397
2020-08-13;"Žilinský kraj";2;0;0;0;NA;104547;2;2020-08-13;10395
2020-08-12;"Žilinský kraj";0;0;0;0;NA;104547;0;2020-08-12;10393
2020-08-11;"Žilinský kraj";4;0;0;0;NA;104547;4;2020-08-11;10393
2020-08-10;"Žilinský kraj";1;0;0;0;NA;104547;1;2020-08-10;10389
2020-08-09;"Žilinský kraj";0;0;0;0;NA;104547;0;2020-08-09;10388
2020-08-08;"Žilinský kraj";2;0;0;0;NA;104547;2;2020-08-08;10388
2020-08-07;"Žilinský kraj";8;0;0;0;NA;104547;8;2020-08-07;10386
2020-08-06;"Žilinský kraj";1;0;0;0;NA;104547;1;2020-08-06;10378
2020-08-05;"Žilinský kraj";0;0;0;0;NA;104547;0;2020-08-05;10377
2020-08-04;"Žilinský kraj";1;0;0;0;NA;104547;1;2020-08-04;10377
2020-08-03;"Žilinský kraj";0;0;0;0;NA;104547;0;2020-08-03;10376
2020-08-02;"Žilinský kraj";1;0;0;0;NA;104547;1;2020-08-02;10376
2020-08-01;"Žilinský kraj";0;0;0;0;NA;104547;0;2020-08-01;10375
2020-07-31;"Žilinský kraj";4;0;0;0;NA;104547;4;2020-07-31;10375
2020-07-30;"Žilinský kraj";1;0;0;0;NA;104547;1;2020-07-30;10371
2020-07-29;"Žilinský kraj";2;0;0;0;NA;104547;2;2020-07-29;10370
2020-07-28;"Žilinský kraj";4;0;0;0;NA;104547;4;2020-07-28;10368
2020-07-27;"Žilinský kraj";4;0;0;0;NA;104547;4;2020-07-27;10364
2020-07-26;"Žilinský kraj";0;0;0;0;NA;104547;0;2020-07-26;10360
2020-07-25;"Žilinský kraj";0;0;0;0;NA;104547;0;2020-07-25;10360
2020-07-24;"Žilinský kraj";2;0;0;0;NA;104547;2;2020-07-24;10360
2020-07-23;"Žilinský kraj";0;0;0;0;NA;104547;0;2020-07-23;10358
2020-07-22;"Žilinský kraj";1;0;0;0;NA;104547;1;2020-07-22;10358
2020-07-21;"Žilinský kraj";2;0;0;0;NA;104547;2;2020-07-21;10357
2020-07-20;"Žilinský kraj";3;0;0;0;NA;104547;3;2020-07-20;10355
2020-07-19;"Žilinský kraj";0;0;0;0;NA;104547;0;2020-07-19;10352
2020-07-18;"Žilinský kraj";0;0;0;0;NA;104547;0;2020-07-18;10352
2020-07-17;"Žilinský kraj";1;0;0;0;NA;104547;1;2020-07-17;10352
2020-07-16;"Žilinský kraj";2;0;0;0;NA;104547;2;2020-07-16;10351
2020-07-15;"Žilinský kraj";0;0;0;0;NA;104547;0;2020-07-15;10349
2020-07-14;"Žilinský kraj";1;0;0;0;NA;104547;1;2020-07-14;10349
2020-07-13;"Žilinský kraj";0;0;0;0;NA;104547;0;2020-07-13;10348
2020-07-12;"Žilinský kraj";0;0;0;0;NA;104547;0;2020-07-12;10348
2020-07-11;"Žilinský kraj";0;0;0;0;NA;104547;0;2020-07-11;10348
2020-07-10;"Žilinský kraj";3;0;0;0;NA;104547;3;2020-07-10;10348
2020-07-09;"Žilinský kraj";2;0;0;0;NA;104547;2;2020-07-09;10345
2020-07-08;"Žilinský kraj";1;0;0;0;NA;104547;1;2020-07-08;10343
2020-07-07;"Žilinský kraj";7;0;0;0;NA;104547;7;2020-07-07;10342
2020-07-06;"Žilinský kraj";0;0;0;0;NA;104547;0;2020-07-06;10335
2020-07-05;"Žilinský kraj";0;0;0;0;NA;104547;0;2020-07-05;10335
2020-07-04;"Žilinský kraj";5;0;0;0;NA;104547;5;2020-07-04;10335
2020-07-03;"Žilinský kraj";17;0;0;0;NA;104547;17;2020-07-03;10330
2020-07-02;"Žilinský kraj";1;0;0;0;NA;104547;1;2020-07-02;10313
2020-07-01;"Žilinský kraj";0;0;0;0;NA;104547;0;2020-07-01;10312
2020-06-30;"Žilinský kraj";1;0;0;0;NA;104547;1;2020-06-30;10312
2020-06-29;"Žilinský kraj";0;0;0;0;NA;104547;0;2020-06-29;10311
2020-06-28;"Žilinský kraj";1;0;0;0;NA;104547;1;2020-06-28;10311
2020-06-27;"Žilinský kraj";2;0;0;0;NA;104547;2;2020-06-27;10310
2020-06-26;"Žilinský kraj";0;0;0;0;NA;104547;0;2020-06-26;10308
2020-06-25;"Žilinský kraj";0;0;0;0;NA;104547;0;2020-06-25;10308
2020-06-24;"Žilinský kraj";0;0;0;0;NA;104547;0;2020-06-24;10308
2020-06-23;"Žilinský kraj";2;0;0;0;NA;104547;2;2020-06-23;10308
2020-06-22;"Žilinský kraj";0;0;0;0;NA;104547;0;2020-06-22;10306
2020-06-21;"Žilinský kraj";1;0;0;0;NA;104547;1;2020-06-21;10306
2020-06-20;"Žilinský kraj";0;0;0;0;NA;104547;0;2020-06-20;10305
2020-06-19;"Žilinský kraj";0;0;0;0;NA;104547;0;2020-06-19;10305
2020-06-18;"Žilinský kraj";1;0;0;0;NA;104547;1;2020-06-18;10305
2020-06-17;"Žilinský kraj";0;0;0;0;NA;104547;0;2020-06-17;10304
2020-06-16;"Žilinský kraj";1;0;0;0;NA;104547;1;2020-06-16;10304
2020-06-14;"Žilinský kraj";0;0;0;0;NA;104547;0;2020-06-14;10303
2020-06-13;"Žilinský kraj";0;0;0;0;NA;104547;0;2020-06-13;10303
2020-06-12;"Žilinský kraj";0;0;0;0;NA;104547;0;2020-06-12;10303
2020-06-11;"Žilinský kraj";0;0;0;0;NA;104547;0;2020-06-11;10303
2020-06-10;"Žilinský kraj";0;0;0;0;NA;104547;0;2020-06-10;10303
2020-06-09;"Žilinský kraj";1;0;0;0;NA;104547;1;2020-06-09;10303
2020-06-08;"Žilinský kraj";0;0;0;0;NA;104547;0;2020-06-08;10302
2020-06-07;"Žilinský kraj";0;0;0;0;NA;104547;0;2020-06-07;10302
2020-06-05;"Žilinský kraj";0;0;0;0;NA;104547;0;2020-06-05;10302
2020-06-03;"Žilinský kraj";0;0;0;0;NA;104547;0;2020-06-03;10302
2020-06-02;"Žilinský kraj";0;0;0;0;NA;104547;0;2020-06-02;10302
2020-05-31;"Žilinský kraj";0;0;0;0;NA;104547;0;2020-05-31;10302
2020-05-29;"Žilinský kraj";0;0;0;0;NA;104547;0;2020-05-29;10302
2020-05-27;"Žilinský kraj";0;0;0;0;NA;104547;0;2020-05-27;10302
2020-05-26;"Žilinský kraj";1;0;0;0;NA;104547;1;2020-05-26;10302
2020-05-25;"Žilinský kraj";0;0;0;0;NA;104547;0;2020-05-25;10301
2020-05-24;"Žilinský kraj";0;0;0;0;NA;104547;0;2020-05-24;10301
2020-05-23;"Žilinský kraj";0;0;0;0;NA;104547;0;2020-05-23;10301
2020-05-22;"Žilinský kraj";0;0;0;0;NA;104547;0;2020-05-22;10301
2020-05-21;"Žilinský kraj";0;0;0;0;NA;104547;0;2020-05-21;10301
2020-05-20;"Žilinský kraj";0;0;0;0;NA;104547;0;2020-05-20;10301
2020-05-19;"Žilinský kraj";1;0;0;0;NA;104547;1;2020-05-19;10301
2020-05-17;"Žilinský kraj";0;0;0;0;NA;104547;0;2020-05-17;10300
2020-05-16;"Žilinský kraj";0;0;0;0;NA;104547;0;2020-05-16;10300
2020-05-15;"Žilinský kraj";0;0;0;0;NA;104547;0;2020-05-15;10300
2020-05-14;"Žilinský kraj";0;0;0;0;NA;104547;0;2020-05-14;10300
2020-05-13;"Žilinský kraj";0;0;0;0;NA;104547;0;2020-05-13;10300
2020-05-12;"Žilinský kraj";0;0;0;0;NA;104547;0;2020-05-12;10300
2020-05-11;"Žilinský kraj";0;0;0;0;NA;104547;0;2020-05-11;10300
2020-05-09;"Žilinský kraj";0;0;0;0;NA;104547;0;2020-05-09;10300
2020-05-07;"Žilinský kraj";0;0;0;0;NA;104547;0;2020-05-07;10300
2020-05-06;"Žilinský kraj";2;0;0;0;NA;104547;2;2020-05-06;10300
2020-05-05;"Žilinský kraj";3;0;0;0;NA;104547;3;2020-05-05;10298
2020-05-04;"Žilinský kraj";3;0;0;0;NA;104547;3;2020-05-04;10295
2020-05-03;"Žilinský kraj";1;0;0;0;NA;104547;1;2020-05-03;10292
2020-05-02;"Žilinský kraj";0;0;0;0;NA;104547;0;2020-05-02;10291
2020-05-01;"Žilinský kraj";0;0;0;0;NA;104547;0;2020-05-01;10291
2020-04-30;"Žilinský kraj";0;0;0;0;NA;104547;0;2020-04-30;10291
2020-04-29;"Žilinský kraj";0;0;0;0;NA;104547;0;2020-04-29;10291
2020-04-28;"Žilinský kraj";0;0;0;0;NA;104547;0;2020-04-28;10291
2020-04-27;"Žilinský kraj";0;0;0;0;NA;104547;0;2020-04-27;10291
2020-04-26;"Žilinský kraj";0;0;0;0;NA;104547;0;2020-04-26;10291
2020-04-25;"Žilinský kraj";2;0;0;0;NA;104547;2;2020-04-25;10291
2020-04-24;"Žilinský kraj";1;0;0;0;NA;104547;1;2020-04-24;10289
2020-04-23;"Žilinský kraj";1;0;0;0;NA;104547;1;2020-04-23;10288
2020-04-22;"Žilinský kraj";7;0;0;0;NA;104547;7;2020-04-22;10287
2020-04-21;"Žilinský kraj";0;0;0;0;NA;104547;0;2020-04-21;10280
2020-04-20;"Žilinský kraj";4;0;0;0;NA;104547;4;2020-04-20;10280
2020-04-19;"Žilinský kraj";0;0;0;0;NA;104547;0;2020-04-19;10276
2020-04-18;"Žilinský kraj";47;0;0;0;NA;104547;47;2020-04-18;10276
2020-04-17;"Žilinský kraj";3;0;0;0;NA;104547;3;2020-04-17;10229
2020-04-16;"Žilinský kraj";2;0;0;0;NA;104547;2;2020-04-16;10226
2020-04-15;"Žilinský kraj";6;0;0;0;NA;104547;6;2020-04-15;10224
2020-04-14;"Žilinský kraj";1;0;0;0;NA;104547;1;2020-04-14;10218
2020-04-13;"Žilinský kraj";2;0;0;0;NA;104547;2;2020-04-13;10217
2020-04-12;"Žilinský kraj";3;0;0;0;NA;104547;3;2020-04-12;10215
2020-04-11;"Žilinský kraj";2;0;0;0;NA;104547;2;2020-04-11;10212
2020-04-10;"Žilinský kraj";1;0;0;0;NA;104547;1;2020-04-10;10210
2020-04-09;"Žilinský kraj";1;0;0;0;NA;104547;1;2020-04-09;10209
2020-04-08;"Žilinský kraj";3;0;0;0;NA;104547;3;2020-04-08;10208
2020-04-07;"Žilinský kraj";3;0;0;0;NA;104547;3;2020-04-07;10205
2020-04-06;"Žilinský kraj";4;0;0;0;NA;104547;4;2020-04-06;10202
2020-04-05;"Žilinský kraj";6;0;0;0;NA;104547;6;2020-04-05;10198
2020-04-04;"Žilinský kraj";0;0;0;0;NA;104547;0;2020-04-04;10192
2020-04-03;"Žilinský kraj";3;0;0;0;NA;104547;3;2020-04-03;10192
2020-04-02;"Žilinský kraj";4;0;0;0;NA;104547;4;2020-04-02;10189
2020-04-01;"Žilinský kraj";4;0;0;0;NA;104547;4;2020-04-01;10185
2020-03-31;"Žilinský kraj";1;0;0;0;NA;104547;1;2020-03-31;10181
2020-03-30;"Žilinský kraj";2;0;0;0;NA;104547;2;2020-03-30;10180
2020-03-29;"Žilinský kraj";0;0;0;0;NA;104547;0;2020-03-29;10178
2020-03-28;"Žilinský kraj";1;0;0;0;NA;104547;1;2020-03-28;10178
2020-03-27;"Žilinský kraj";5;0;0;0;NA;104547;5;2020-03-27;10177
2020-03-26;"Žilinský kraj";4;0;0;0;NA;104547;4;2020-03-26;10172
2020-03-25;"Žilinský kraj";1;0;0;0;NA;104547;1;2020-03-25;10168
2020-03-24;"Žilinský kraj";2;0;0;0;NA;104547;2;2020-03-24;10167
2020-03-23;"Žilinský kraj";1;0;0;0;NA;104547;1;2020-03-23;10165
2020-03-22;"Žilinský kraj";1;0;0;0;NA;104547;1;2020-03-22;10164
2020-03-21;"Žilinský kraj";2;0;0;0;NA;104547;2;2020-03-21;10163
2020-03-20;"Žilinský kraj";4;0;0;0;NA;104547;4;2020-03-20;10161
2020-03-19;"Žilinský kraj";2;219;0;219;NA;104547;2;2020-03-19;10157
2020-03-18;"Žilinský kraj";1;0;0;0;NA;104547;1;2020-03-18;10155
2020-03-17;"Žilinský kraj";5;0;0;0;NA;104547;5;2020-03-17;10154
2020-03-16;"Žilinský kraj";1;0;0;0;NA;104547;1;2020-03-16;10149
2020-03-15;"Žilinský kraj";2;0;0;0;NA;104547;2;2020-03-15;10148
2020-03-14;"Žilinský kraj";0;0;0;0;NA;104547;0;2020-03-14;10146
2020-03-13;"Žilinský kraj";5;0;0;0;NA;104547;5;2020-03-13;10146
2020-03-12;"Žilinský kraj";0;0;0;0;NA;104547;0;2020-03-12;10141
2020-03-11;"Žilinský kraj";0;0;0;0;NA;104547;0;2020-03-11;10141
2020-03-09;"Žilinský kraj";1;0;0;0;NA;104547;1;2020-03-09;10141
2020-03-08;"Žilinský kraj";0;0;0;0;NA;104547;0;2020-03-08;10140
2020-03-07;"Žilinský kraj";0;0;0;0;NA;104547;0;2020-03-07;10140
2020-03-06;"Žilinský kraj";0;0;0;0;NA;104547;0;2020-03-06;10140
2021-04-28;NA;0;0;0;0;NA;0;0;2021-04-28;0
2021-04-27;NA;123;0;0;0;NA;0;123;2021-04-27;0
2021-04-26;NA;71;0;0;0;NA;0;71;2021-04-26;-123
2021-04-25;NA;6;0;0;0;NA;0;6;2021-04-25;-194
2021-04-24;NA;64;0;0;0;NA;0;64;2021-04-24;-200
2021-04-23;NA;143;0;0;0;NA;0;143;2021-04-23;-264
2021-04-22;NA;96;0;0;0;NA;0;96;2021-04-22;-407
2021-04-21;NA;129;0;0;0;NA;0;129;2021-04-21;-503
2021-04-20;NA;129;0;0;0;NA;0;129;2021-04-20;-632
2021-04-19;NA;119;0;0;0;NA;0;119;2021-04-19;-761
2021-04-18;NA;2;0;0;0;NA;0;2;2021-04-18;-880
2021-04-17;NA;102;0;0;0;NA;0;102;2021-04-17;-882
2021-04-16;NA;124;0;0;0;NA;0;124;2021-04-16;-984
2021-04-15;NA;115;0;0;0;NA;0;115;2021-04-15;-1108
2021-04-14;NA;168;0;0;0;NA;0;168;2021-04-14;-1223
2021-04-13;NA;164;0;0;0;NA;0;164;2021-04-13;-1391
2021-04-12;NA;169;0;0;0;NA;0;169;2021-04-12;-1555
2021-04-11;NA;4;0;0;0;NA;0;4;2021-04-11;-1724
2021-04-10;NA;86;0;0;0;NA;0;86;2021-04-10;-1728
2021-04-09;NA;187;0;0;0;NA;0;187;2021-04-09;-1814
2021-04-08;NA;179;0;0;0;NA;0;179;2021-04-08;-2001
2021-04-07;NA;302;0;0;0;NA;0;302;2021-04-07;-2180
2021-04-06;NA;229;0;0;0;NA;0;229;2021-04-06;-2482
2021-04-05;NA;21;0;0;0;NA;0;21;2021-04-05;-2711
2021-04-04;NA;3;0;0;0;NA;0;3;2021-04-04;-2732
2021-04-03;NA;119;0;0;0;NA;0;119;2021-04-03;-2735
2021-04-02;NA;105;0;0;0;NA;0;105;2021-04-02;-2854
2021-04-01;NA;330;0;0;0;NA;0;330;2021-04-01;-2959
2021-03-31;NA;234;0;0;0;NA;0;234;2021-03-31;-3289
2021-03-30;NA;364;0;0;0;NA;0;364;2021-03-30;-3523
2021-03-29;NA;164;0;0;0;NA;0;164;2021-03-29;-3887
2021-03-28;NA;7;0;0;0;NA;0;7;2021-03-28;-4051
2021-03-27;NA;117;0;0;0;NA;0;117;2021-03-27;-4058
2021-03-26;NA;281;0;0;0;NA;0;281;2021-03-26;-4175
2021-03-25;NA;236;0;0;0;NA;0;236;2021-03-25;-4456
2021-03-24;NA;313;0;0;0;NA;0;313;2021-03-24;-4692
2021-03-23;NA;379;0;0;0;NA;0;379;2021-03-23;-5005
2021-03-22;NA;163;0;0;0;NA;0;163;2021-03-22;-5384
2021-03-21;NA;50;0;0;0;NA;0;50;2021-03-21;-5547
2021-03-20;NA;146;0;0;0;NA;0;146;2021-03-20;-5597
2021-03-19;NA;334;0;0;0;NA;0;334;2021-03-19;-5743
2021-03-18;NA;264;0;0;0;NA;0;264;2021-03-18;-6077
2021-03-17;NA;299;0;0;0;NA;0;299;2021-03-17;-6341
2021-03-16;NA;564;0;0;0;NA;0;564;2021-03-16;-6640
2021-03-15;NA;182;0;0;0;NA;0;182;2021-03-15;-7204
2021-03-14;NA;53;0;0;0;NA;0;53;2021-03-14;-7386
2021-03-13;NA;158;0;0;0;NA;0;158;2021-03-13;-7439
2021-03-12;NA;441;0;0;0;NA;0;441;2021-03-12;-7597
2021-03-11;NA;425;0;0;0;NA;0;425;2021-03-11;-8038
2021-03-10;NA;362;0;0;0;NA;0;362;2021-03-10;-8463
2021-03-09;NA;550;0;0;0;NA;0;550;2021-03-09;-8825
2021-03-08;NA;277;0;0;0;NA;0;277;2021-03-08;-9375
2021-03-07;NA;18;0;0;0;NA;0;18;2021-03-07;-9652
2021-03-06;NA;198;0;0;0;NA;0;198;2021-03-06;-9670
2021-03-05;NA;319;0;0;0;NA;0;319;2021-03-05;-9868
2021-03-04;NA;458;0;0;0;NA;0;458;2021-03-04;-10187
2021-03-03;NA;522;0;0;0;NA;0;522;2021-03-03;-10645
2021-03-02;NA;593;0;0;0;NA;0;593;2021-03-02;-11167
2021-03-01;NA;251;0;0;0;NA;0;251;2021-03-01;-11760
2021-02-28;NA;44;0;0;0;NA;0;44;2021-02-28;-12011
2021-02-27;NA;250;0;0;0;NA;0;250;2021-02-27;-12055
2021-02-26;NA;500;0;0;0;NA;0;500;2021-02-26;-12305
2021-02-25;NA;393;0;0;0;NA;0;393;2021-02-25;-12805
2021-02-24;NA;421;0;0;0;NA;0;421;2021-02-24;-13198
2021-02-23;NA;568;0;0;0;NA;0;568;2021-02-23;-13619
2021-02-22;NA;227;0;0;0;NA;0;227;2021-02-22;-14187
2021-02-21;NA;53;0;0;0;NA;0;53;2021-02-21;-14414
2021-02-20;NA;217;0;0;0;NA;0;217;2021-02-20;-14467
2021-02-19;NA;397;0;0;0;NA;0;397;2021-02-19;-14684
2021-02-18;NA;384;0;0;0;NA;0;384;2021-02-18;-15081
2021-02-17;NA;466;0;0;0;NA;0;466;2021-02-17;-15465
2021-02-16;NA;562;0;0;0;NA;0;562;2021-02-16;-15931
2021-02-15;NA;180;0;0;0;NA;0;180;2021-02-15;-16493
2021-02-14;NA;10;0;0;0;NA;0;10;2021-02-14;-16673
2021-02-13;NA;206;0;0;0;NA;0;206;2021-02-13;-16683
2021-02-12;NA;291;0;0;0;NA;0;291;2021-02-12;-16889
2021-02-11;NA;312;0;0;0;NA;0;312;2021-02-11;-17180
2021-02-10;NA;364;0;0;0;NA;0;364;2021-02-10;-17492
2021-02-09;NA;422;0;0;0;NA;0;422;2021-02-09;-17856
2021-02-08;NA;140;0;0;0;NA;0;140;2021-02-08;-18278
2021-02-07;NA;31;0;0;0;NA;0;31;2021-02-07;-18418
2021-02-06;NA;223;0;0;0;NA;0;223;2021-02-06;-18449
2021-02-05;NA;241;0;0;0;NA;0;241;2021-02-05;-18672
2021-02-04;NA;334;0;0;0;NA;0;334;2021-02-04;-18913
2021-02-03;NA;284;0;0;0;NA;0;284;2021-02-03;-19247
2021-02-02;NA;341;0;0;0;NA;0;341;2021-02-02;-19531
2021-02-01;NA;159;0;0;0;NA;0;159;2021-02-01;-19872
2021-01-31;NA;18;0;0;0;NA;0;18;2021-01-31;-20031
2021-01-30;NA;150;0;0;0;NA;0;150;2021-01-30;-20049
2021-01-29;NA;249;0;0;0;NA;0;249;2021-01-29;-20199
2021-01-28;NA;289;0;0;0;NA;0;289;2021-01-28;-20448
2021-01-27;NA;228;0;0;0;NA;0;228;2021-01-27;-20737
2021-01-26;NA;339;0;0;0;NA;0;339;2021-01-26;-20965
2021-01-25;NA;174;0;0;0;NA;0;174;2021-01-25;-21304
2021-01-24;NA;47;0;0;0;NA;0;47;2021-01-24;-21478
2021-01-23;NA;198;0;0;0;NA;0;198;2021-01-23;-21525
2021-01-22;NA;217;0;0;0;NA;0;217;2021-01-22;-21723
2021-01-21;NA;141;0;0;0;NA;0;141;2021-01-21;-21940
2021-01-20;NA;321;0;0;0;NA;0;321;2021-01-20;-22081
2021-01-19;NA;311;0;0;0;NA;0;311;2021-01-19;-22402
2021-01-18;NA;160;0;0;0;NA;0;160;2021-01-18;-22713
2021-01-17;NA;109;0;0;0;NA;0;109;2021-01-17;-22873
2021-01-16;NA;92;0;0;0;NA;0;92;2021-01-16;-22982
2021-01-15;NA;222;0;0;0;NA;0;222;2021-01-15;-23074
2021-01-14;NA;382;0;0;0;NA;0;382;2021-01-14;-23296
2021-01-13;NA;395;0;0;0;NA;0;395;2021-01-13;-23678
2021-01-12;NA;557;0;0;0;NA;0;557;2021-01-12;-24073
2021-01-11;NA;220;0;0;0;NA;0;220;2021-01-11;-24630
2021-01-10;NA;92;0;0;0;NA;0;92;2021-01-10;-24850
2021-01-09;NA;377;0;0;0;NA;0;377;2021-01-09;-24942
2021-01-08;NA;549;0;0;0;NA;0;549;2021-01-08;-25319
2021-01-07;NA;394;0;0;0;NA;0;394;2021-01-07;-25868
2021-01-06;NA;288;0;0;0;NA;0;288;2021-01-06;-26262
2021-01-05;NA;781;0;0;0;NA;0;781;2021-01-05;-26550
2021-01-04;NA;335;0;0;0;NA;0;335;2021-01-04;-27331
2021-01-03;NA;50;0;0;0;NA;0;50;2021-01-03;-27666
2021-01-02;NA;111;0;0;0;NA;0;111;2021-01-02;-27716
2021-01-01;NA;353;0;0;0;NA;0;353;2021-01-01;-27827
2020-12-31;NA;603;0;0;0;NA;0;603;2020-12-31;-28180
2020-12-30;NA;883;0;0;0;NA;0;883;2020-12-30;-28783
2020-12-29;NA;334;0;0;0;NA;0;334;2020-12-29;-29666
2020-12-28;NA;339;0;0;0;NA;0;339;2020-12-28;-30000
2020-12-27;NA;44;0;0;0;NA;0;44;2020-12-27;-30339
2020-12-26;NA;127;0;0;0;NA;0;127;2020-12-26;-30383
2020-12-25;NA;175;0;0;0;NA;0;175;2020-12-25;-30510
2020-12-24;NA;538;0;0;0;NA;0;538;2020-12-24;-30685
2020-12-23;NA;530;0;0;0;NA;0;530;2020-12-23;-31223
2020-12-22;NA;314;0;0;0;NA;0;314;2020-12-22;-31753
2020-12-21;NA;406;0;0;0;NA;0;406;2020-12-21;-32067
2020-12-20;NA;208;0;0;0;NA;0;208;2020-12-20;-32473
2020-12-19;NA;253;0;0;0;NA;0;253;2020-12-19;-32681
2020-12-18;NA;405;0;0;0;NA;0;405;2020-12-18;-32934
2020-12-17;NA;636;0;0;0;NA;0;636;2020-12-17;-33339
2020-12-16;NA;493;0;0;0;NA;0;493;2020-12-16;-33975
2020-12-15;NA;597;0;0;0;NA;0;597;2020-12-15;-34468
2020-12-14;NA;348;0;0;0;NA;0;348;2020-12-14;-35065
2020-12-13;NA;77;0;0;0;NA;0;77;2020-12-13;-35413
2020-12-12;NA;218;0;0;0;NA;0;218;2020-12-12;-35490
2020-12-11;NA;513;0;0;0;NA;0;513;2020-12-11;-35708
2020-12-10;NA;366;0;0;0;NA;0;366;2020-12-10;-36221
2020-12-09;NA;483;0;0;0;NA;0;483;2020-12-09;-36587
2020-12-08;NA;369;0;0;0;NA;0;369;2020-12-08;-37070
2020-12-07;NA;368;0;0;0;NA;0;368;2020-12-07;-37439
2020-12-06;NA;58;0;0;0;NA;0;58;2020-12-06;-37807
2020-12-05;NA;228;0;0;0;NA;0;228;2020-12-05;-37865
2020-12-04;NA;323;0;0;0;NA;0;323;2020-12-04;-38093
2020-12-03;NA;322;0;0;0;NA;0;322;2020-12-03;-38416
2020-12-02;NA;340;0;0;0;NA;0;340;2020-12-02;-38738
2020-12-01;NA;332;0;0;0;NA;0;332;2020-12-01;-39078
2020-11-30;NA;171;0;0;0;NA;0;171;2020-11-30;-39410
2020-11-29;NA;28;0;0;0;NA;0;28;2020-11-29;-39581
2020-11-28;NA;191;0;0;0;NA;0;191;2020-11-28;-39609
2020-11-27;NA;224;0;0;0;NA;0;224;2020-11-27;-39800
2020-11-26;NA;309;0;0;0;NA;0;309;2020-11-26;-40024
2020-11-25;NA;389;0;0;0;NA;0;389;2020-11-25;-40333
2020-11-24;NA;238;0;0;0;NA;0;238;2020-11-24;-40722
2020-11-23;NA;137;0;0;0;NA;0;137;2020-11-23;-40960
2020-11-22;NA;43;0;0;0;NA;0;43;2020-11-22;-41097
2020-11-21;NA;122;0;0;0;NA;0;122;2020-11-21;-41140
2020-11-20;NA;345;0;0;0;NA;0;345;2020-11-20;-41262
2020-11-19;NA;296;0;0;0;NA;0;296;2020-11-19;-41607
2020-11-18;NA;267;0;0;0;NA;0;267;2020-11-18;-41903
2020-11-17;NA;189;0;0;0;NA;0;189;2020-11-17;-42170
2020-11-16;NA;180;0;0;0;NA;0;180;2020-11-16;-42359
2020-11-15;NA;219;0;0;0;NA;0;219;2020-11-15;-42539
2020-11-14;NA;162;0;0;0;NA;0;162;2020-11-14;-42758
2020-11-13;NA;262;0;0;0;NA;0;262;2020-11-13;-42920
2020-11-12;NA;404;0;0;0;NA;0;404;2020-11-12;-43182
2020-11-11;NA;450;0;0;0;NA;0;450;2020-11-11;-43586
2020-11-10;NA;318;0;0;0;NA;0;318;2020-11-10;-44036
2020-11-09;NA;162;0;0;0;NA;0;162;2020-11-09;-44354
2020-11-08;NA;129;0;0;0;NA;0;129;2020-11-08;-44516
2020-11-07;NA;312;0;0;0;NA;0;312;2020-11-07;-44645
2020-11-06;NA;446;0;0;0;NA;0;446;2020-11-06;-44957
2020-11-05;NA;329;0;0;0;NA;0;329;2020-11-05;-45403
2020-11-04;NA;263;0;0;0;NA;0;263;2020-11-04;-45732
2020-11-03;NA;597;0;0;0;NA;0;597;2020-11-03;-45995
2020-11-02;NA;337;0;0;0;NA;0;337;2020-11-02;-46592
2020-11-01;NA;378;0;0;0;NA;0;378;2020-11-01;-46929
2020-10-31;NA;317;0;0;0;NA;0;317;2020-10-31;-47307
2020-10-30;NA;314;0;0;0;NA;0;314;2020-10-30;-47624
2020-10-29;NA;428;0;0;0;NA;0;428;2020-10-29;-47938
2020-10-28;NA;291;0;0;0;NA;0;291;2020-10-28;-48366
2020-10-27;NA;381;0;0;0;NA;0;381;2020-10-27;-48657
2020-10-26;NA;170;0;0;0;NA;0;170;2020-10-26;-49038
2020-10-25;NA;191;0;0;0;NA;0;191;2020-10-25;-49208
2020-10-24;NA;576;0;0;0;NA;0;576;2020-10-24;-49399
2020-10-23;NA;308;0;0;0;NA;0;308;2020-10-23;-49975
2020-10-22;NA;315;0;0;0;NA;0;315;2020-10-22;-50283
2020-10-21;NA;268;0;0;0;NA;0;268;2020-10-21;-50598
2020-10-20;NA;245;0;0;0;NA;0;245;2020-10-20;-50866
2020-10-19;NA;53;0;0;0;NA;0;53;2020-10-19;-51111
2020-10-18;NA;160;0;0;0;NA;0;160;2020-10-18;-51164
2020-10-17;NA;169;0;0;0;NA;0;169;2020-10-17;-51324
2020-10-16;NA;238;0;0;0;NA;0;238;2020-10-16;-51493
2020-10-15;NA;291;0;0;0;NA;0;291;2020-10-15;-51731
2020-10-14;NA;171;0;0;0;NA;0;171;2020-10-14;-52022
2020-10-13;NA;159;0;0;0;NA;0;159;2020-10-13;-52193
2020-10-12;NA;95;0;0;0;NA;0;95;2020-10-12;-52352
2020-10-11;NA;36;0;0;0;NA;0;36;2020-10-11;-52447
2020-10-10;NA;112;0;0;0;NA;0;112;2020-10-10;-52483
2020-10-09;NA;208;0;0;0;NA;0;208;2020-10-09;-52595
2020-10-08;NA;131;0;0;0;NA;0;131;2020-10-08;-52803
2020-10-07;NA;92;0;0;0;NA;0;92;2020-10-07;-52934
2020-10-06;NA;114;0;0;0;NA;0;114;2020-10-06;-53026
2020-10-05;NA;45;0;0;0;NA;0;45;2020-10-05;-53140
2020-10-04;NA;45;0;0;0;NA;0;45;2020-10-04;-53185
2020-10-03;NA;75;0;0;0;NA;0;75;2020-10-03;-53230
2020-10-02;NA;60;0;0;0;NA;0;60;2020-10-02;-53305
2020-10-01;NA;62;0;0;0;NA;0;62;2020-10-01;-53365
2020-09-30;NA;63;0;0;0;NA;0;63;2020-09-30;-53427
2020-09-29;NA;29;0;0;0;NA;0;29;2020-09-29;-53490
2020-09-28;NA;12;0;0;0;NA;0;12;2020-09-28;-53519
2020-09-27;NA;9;0;0;0;NA;0;9;2020-09-27;-53531
2020-09-26;NA;37;0;0;0;NA;0;37;2020-09-26;-53540
2020-09-25;NA;45;0;0;0;NA;0;45;2020-09-25;-53577
2020-09-24;NA;38;0;0;0;NA;0;38;2020-09-24;-53622
2020-09-23;NA;39;0;0;0;NA;0;39;2020-09-23;-53660
2020-09-22;NA;30;0;0;0;NA;0;30;2020-09-22;-53699
2020-09-21;NA;22;0;0;0;NA;0;22;2020-09-21;-53729
2020-09-20;NA;16;0;0;0;NA;0;16;2020-09-20;-53751
2020-09-19;NA;9;0;0;0;NA;0;9;2020-09-19;-53767
2020-09-18;NA;41;0;0;0;NA;0;41;2020-09-18;-53776
2020-09-17;NA;28;0;0;0;NA;0;28;2020-09-17;-53817
2020-09-16;NA;12;0;0;0;NA;0;12;2020-09-16;-53845
2020-09-15;NA;11;0;0;0;NA;0;11;2020-09-15;-53857
2020-09-14;NA;11;0;0;0;NA;0;11;2020-09-14;-53868
2020-09-13;NA;2;0;0;0;NA;0;2;2020-09-13;-53879
2020-09-12;NA;4;0;0;0;NA;0;4;2020-09-12;-53881
2020-09-11;NA;32;0;0;0;NA;0;32;2020-09-11;-53885
2020-09-10;NA;18;0;0;0;NA;0;18;2020-09-10;-53917
2020-09-09;NA;31;0;0;0;NA;0;31;2020-09-09;-53935
2020-09-08;NA;15;0;0;0;NA;0;15;2020-09-08;-53966
2020-09-07;NA;4;0;0;0;NA;0;4;2020-09-07;-53981
2020-09-06;NA;0;0;0;0;NA;0;0;2020-09-06;-53985
2020-09-05;NA;7;0;0;0;NA;0;7;2020-09-05;-53985
2020-09-04;NA;24;0;0;0;NA;0;24;2020-09-04;-53992
2020-09-03;NA;12;0;0;0;NA;0;12;2020-09-03;-54016
2020-09-02;NA;7;0;0;0;NA;0;7;2020-09-02;-54028
2020-09-01;NA;3;0;0;0;NA;0;3;2020-09-01;-54035
2020-08-31;NA;7;0;0;0;NA;0;7;2020-08-31;-54038
2020-08-30;NA;2;0;0;0;NA;0;2;2020-08-30;-54045
2020-08-29;NA;0;0;0;0;NA;0;0;2020-08-29;-54047
2020-08-28;NA;11;0;0;0;NA;0;11;2020-08-28;-54047
2020-08-27;NA;18;0;0;0;NA;0;18;2020-08-27;-54058
2020-08-26;NA;14;0;0;0;NA;0;14;2020-08-26;-54076
2020-08-25;NA;10;0;0;0;NA;0;10;2020-08-25;-54090
2020-08-24;NA;3;0;0;0;NA;0;3;2020-08-24;-54100
2020-08-23;NA;3;0;0;0;NA;0;3;2020-08-23;-54103
2020-08-22;NA;7;0;0;0;NA;0;7;2020-08-22;-54106
2020-08-21;NA;7;0;0;0;NA;0;7;2020-08-21;-54113
2020-08-20;NA;20;0;0;0;NA;0;20;2020-08-20;-54120
2020-08-19;NA;8;0;0;0;NA;0;8;2020-08-19;-54140
2020-08-18;NA;8;0;0;0;NA;0;8;2020-08-18;-54148
2020-08-17;NA;4;0;0;0;NA;0;4;2020-08-17;-54156
2020-08-16;NA;0;0;0;0;NA;0;0;2020-08-16;-54160
2020-08-15;NA;5;0;0;0;NA;0;5;2020-08-15;-54160
2020-08-14;NA;13;0;0;0;NA;0;13;2020-08-14;-54165
2020-08-13;NA;15;0;0;0;NA;0;15;2020-08-13;-54178
2020-08-12;NA;13;0;0;0;NA;0;13;2020-08-12;-54193
2020-08-11;NA;3;0;0;0;NA;0;3;2020-08-11;-54206
2020-08-10;NA;0;0;0;0;NA;0;0;2020-08-10;-54209
2020-08-09;NA;1;0;0;0;NA;0;1;2020-08-09;-54209
2020-08-08;NA;2;0;0;0;NA;0;2;2020-08-08;-54210
2020-08-07;NA;4;0;0;0;NA;0;4;2020-08-07;-54212
2020-08-06;NA;2;0;0;0;NA;0;2;2020-08-06;-54216
2020-08-05;NA;22;0;0;0;NA;0;22;2020-08-05;-54218
2020-08-04;NA;5;0;0;0;NA;0;5;2020-08-04;-54240
2020-08-03;NA;2;0;0;0;NA;0;2;2020-08-03;-54245
2020-08-02;NA;0;0;0;0;NA;0;0;2020-08-02;-54247
2020-08-01;NA;0;0;0;0;NA;0;0;2020-08-01;-54247
2020-07-31;NA;3;0;0;0;NA;0;3;2020-07-31;-54247
2020-07-30;NA;1;0;0;0;NA;0;1;2020-07-30;-54250
2020-07-29;NA;2;0;0;0;NA;0;2;2020-07-29;-54251
2020-07-28;NA;3;0;0;0;NA;0;3;2020-07-28;-54253
2020-07-27;NA;4;0;0;0;NA;0;4;2020-07-27;-54256
2020-07-26;NA;0;0;0;0;NA;0;0;2020-07-26;-54260
2020-07-25;NA;1;0;0;0;NA;0;1;2020-07-25;-54260
2020-07-24;NA;0;0;0;0;NA;0;0;2020-07-24;-54261
2020-07-23;NA;0;0;0;0;NA;0;0;2020-07-23;-54261
2020-07-22;NA;3;0;0;0;NA;0;3;2020-07-22;-54261
2020-07-21;NA;1;0;0;0;NA;0;1;2020-07-21;-54264
2020-07-20;NA;0;0;0;0;NA;0;0;2020-07-20;-54265
2020-07-19;NA;0;0;0;0;NA;0;0;2020-07-19;-54265
2020-07-18;NA;0;0;0;0;NA;0;0;2020-07-18;-54265
2020-07-17;NA;1;0;0;0;NA;0;1;2020-07-17;-54265
2020-07-16;NA;0;0;0;0;NA;0;0;2020-07-16;-54266
2020-07-15;NA;10;0;0;0;NA;0;10;2020-07-15;-54266
2020-07-14;NA;1;0;0;0;NA;0;1;2020-07-14;-54276
2020-07-13;NA;0;0;0;0;NA;0;0;2020-07-13;-54277
2020-07-12;NA;0;0;0;0;NA;0;0;2020-07-12;-54277
2020-07-11;NA;2;0;0;0;NA;0;2;2020-07-11;-54277
2020-07-10;NA;0;0;0;0;NA;0;0;2020-07-10;-54279
2020-07-09;NA;0;0;0;0;NA;0;0;2020-07-09;-54279
2020-07-08;NA;12;0;0;0;NA;0;12;2020-07-08;-54279
2020-07-07;NA;4;0;0;0;NA;0;4;2020-07-07;-54291
2020-07-06;NA;0;0;0;0;NA;0;0;2020-07-06;-54295
2020-07-05;NA;0;0;0;0;NA;0;0;2020-07-05;-54295
2020-07-04;NA;5;0;0;0;NA;0;5;2020-07-04;-54295
2020-07-03;NA;3;0;0;0;NA;0;3;2020-07-03;-54300
2020-07-02;NA;6;0;0;0;NA;0;6;2020-07-02;-54303
2020-07-01;NA;0;0;0;0;NA;0;0;2020-07-01;-54309
2020-06-30;NA;4;0;0;0;NA;0;4;2020-06-30;-54309
2020-06-29;NA;0;0;0;0;NA;0;0;2020-06-29;-54313
2020-06-28;NA;0;0;0;0;NA;0;0;2020-06-28;-54313
2020-06-27;NA;4;0;0;0;NA;0;4;2020-06-27;-54313
2020-06-26;NA;8;0;0;0;NA;0;8;2020-06-26;-54317
2020-06-25;NA;7;0;0;0;NA;0;7;2020-06-25;-54325
2020-06-24;NA;12;0;0;0;NA;0;12;2020-06-24;-54332
2020-06-23;NA;7;0;0;0;NA;0;7;2020-06-23;-54344
2020-06-22;NA;0;0;0;0;NA;0;0;2020-06-22;-54351
2020-06-21;NA;0;0;0;0;NA;0;0;2020-06-21;-54351
2020-06-20;NA;1;0;0;0;NA;0;1;2020-06-20;-54351
2020-06-19;NA;5;0;0;0;NA;0;5;2020-06-19;-54352
2020-06-18;NA;0;0;0;0;NA;0;0;2020-06-18;-54357
2020-06-17;NA;0;0;0;0;NA;0;0;2020-06-17;-54357
2020-06-16;NA;4;0;0;0;NA;0;4;2020-06-16;-54357
2020-06-14;NA;0;0;0;0;NA;0;0;2020-06-14;-54361
2020-06-13;NA;0;0;0;0;NA;0;0;2020-06-13;-54361
2020-06-12;NA;0;0;0;0;NA;0;0;2020-06-12;-54361
2020-06-11;NA;0;0;0;0;NA;0;0;2020-06-11;-54361
2020-06-10;NA;7;0;0;0;NA;0;7;2020-06-10;-54361
2020-06-09;NA;0;0;0;0;NA;0;0;2020-06-09;-54368
2020-06-08;NA;0;0;0;0;NA;0;0;2020-06-08;-54368
2020-06-07;NA;1;0;0;0;NA;0;1;2020-06-07;-54368
2020-06-05;NA;0;0;0;0;NA;0;0;2020-06-05;-54369
2020-06-03;NA;0;0;0;0;NA;0;0;2020-06-03;-54369
2020-06-02;NA;1;0;0;0;NA;0;1;2020-06-02;-54369
2020-05-31;NA;0;0;0;0;NA;0;0;2020-05-31;-54370
2020-05-29;NA;0;0;0;0;NA;0;0;2020-05-29;-54370
2020-05-27;NA;2;0;0;0;NA;0;2;2020-05-27;-54370
2020-05-26;NA;0;0;0;0;NA;0;0;2020-05-26;-54372
2020-05-25;NA;0;0;0;0;NA;0;0;2020-05-25;-54372
2020-05-24;NA;0;0;0;0;NA;0;0;2020-05-24;-54372
2020-05-23;NA;0;0;0;0;NA;0;0;2020-05-23;-54372
2020-05-22;NA;0;0;0;0;NA;0;0;2020-05-22;-54372
2020-05-21;NA;0;0;0;0;NA;0;0;2020-05-21;-54372
2020-05-20;NA;3;0;0;0;NA;0;3;2020-05-20;-54372
2020-05-19;NA;0;0;0;0;NA;0;0;2020-05-19;-54375
2020-05-17;NA;0;0;0;0;NA;0;0;2020-05-17;-54375
2020-05-16;NA;0;0;0;0;NA;0;0;2020-05-16;-54375
2020-05-15;NA;0;0;0;0;NA;0;0;2020-05-15;-54375
2020-05-14;NA;0;0;0;0;NA;0;0;2020-05-14;-54375
2020-05-13;NA;1;0;0;0;NA;0;1;2020-05-13;-54375
2020-05-12;NA;0;0;0;0;NA;0;0;2020-05-12;-54376
2020-05-11;NA;0;0;0;0;NA;0;0;2020-05-11;-54376
2020-05-09;NA;0;0;0;0;NA;0;0;2020-05-09;-54376
2020-05-07;NA;0;0;0;0;NA;0;0;2020-05-07;-54376
2020-05-06;NA;1;0;0;0;NA;0;1;2020-05-06;-54376
2020-05-05;NA;2;0;0;0;NA;0;2;2020-05-05;-54377
2020-05-04;NA;0;0;0;0;NA;0;0;2020-05-04;-54379
2020-05-03;NA;1;0;0;0;NA;0;1;2020-05-03;-54379
2020-05-02;NA;0;0;0;0;NA;0;0;2020-05-02;-54380
2020-05-01;NA;1;0;0;0;NA;0;1;2020-05-01;-54380
2020-04-30;NA;0;0;0;0;NA;0;0;2020-04-30;-54381
2020-04-29;NA;0;0;0;0;NA;0;0;2020-04-29;-54381
2020-04-28;NA;0;0;0;0;NA;0;0;2020-04-28;-54381
2020-04-27;NA;0;0;0;0;NA;0;0;2020-04-27;-54381
2020-04-26;NA;0;0;0;0;NA;0;0;2020-04-26;-54381
2020-04-25;NA;2;0;0;0;NA;0;2;2020-04-25;-54381
2020-04-24;NA;0;0;0;0;NA;0;0;2020-04-24;-54383
2020-04-23;NA;5;0;0;0;NA;0;5;2020-04-23;-54383
2020-04-22;NA;8;0;0;0;NA;0;8;2020-04-22;-54388
2020-04-21;NA;2;0;0;0;NA;0;2;2020-04-21;-54396
2020-04-20;NA;5;0;0;0;NA;0;5;2020-04-20;-54398
2020-04-19;NA;1;0;0;0;NA;0;1;2020-04-19;-54403
2020-04-18;NA;3;0;0;0;NA;0;3;2020-04-18;-54404
2020-04-17;NA;4;0;0;0;NA;0;4;2020-04-17;-54407
2020-04-16;NA;12;0;0;0;NA;0;12;2020-04-16;-54411
2020-04-15;NA;9;0;0;0;NA;0;9;2020-04-15;-54423
2020-04-14;NA;2;0;0;0;NA;0;2;2020-04-14;-54432
2020-04-13;NA;0;0;0;0;NA;0;0;2020-04-13;-54434
2020-04-12;NA;3;0;0;0;NA;0;3;2020-04-12;-54434
2020-04-11;NA;4;0;0;0;NA;0;4;2020-04-11;-54437
2020-04-10;NA;0;0;0;0;NA;0;0;2020-04-10;-54441
2020-04-09;NA;2;0;0;0;NA;0;2;2020-04-09;-54441
2020-04-08;NA;1;0;0;0;NA;0;1;2020-04-08;-54443
2020-04-07;NA;15;0;0;0;NA;0;15;2020-04-07;-54444
2020-04-06;NA;7;0;0;0;NA;0;7;2020-04-06;-54459
2020-04-05;NA;6;0;0;0;NA;0;6;2020-04-05;-54466
2020-04-04;NA;4;0;0;0;NA;0;4;2020-04-04;-54472
2020-04-03;NA;2;0;0;0;NA;0;2;2020-04-03;-54476
2020-04-02;NA;3;0;0;0;NA;0;3;2020-04-02;-54478
2020-04-01;NA;0;0;0;0;NA;0;0;2020-04-01;-54481
2020-03-31;NA;2;0;0;0;NA;0;2;2020-03-31;-54481
2020-03-30;NA;4;0;0;0;NA;0;4;2020-03-30;-54483
2020-03-29;NA;7;0;0;0;NA;0;7;2020-03-29;-54487
2020-03-28;NA;0;0;0;0;NA;0;0;2020-03-28;-54494
2020-03-27;NA;5;0;0;0;NA;0;5;2020-03-27;-54494
2020-03-26;NA;3;0;0;0;NA;0;3;2020-03-26;-54499
2020-03-25;NA;0;0;0;0;NA;0;0;2020-03-25;-54502
2020-03-24;NA;3;0;0;0;NA;0;3;2020-03-24;-54502
2020-03-23;NA;3;0;0;0;NA;0;3;2020-03-23;-54505
2020-03-22;NA;0;0;0;0;NA;0;0;2020-03-22;-54508
2020-03-21;NA;4;0;0;0;NA;0;4;2020-03-21;-54508
2020-03-20;NA;0;0;0;0;NA;0;0;2020-03-20;-54512
2020-03-19;NA;3;0;0;0;NA;0;3;2020-03-19;-54512
2020-03-18;NA;0;0;0;0;NA;0;0;2020-03-18;-54515
2020-03-17;NA;1;0;0;0;NA;0;1;2020-03-17;-54515
2020-03-16;NA;1;0;0;0;NA;0;1;2020-03-16;-54516
2020-03-15;NA;2;0;0;0;NA;0;2;2020-03-15;-54517
2020-03-14;NA;1;0;0;0;NA;0;1;2020-03-14;-54519
2020-03-13;NA;0;0;0;0;NA;0;0;2020-03-13;-54520
2020-03-12;NA;1;0;0;0;NA;0;1;2020-03-12;-54520
2020-03-11;NA;0;0;0;0;NA;0;0;2020-03-11;-54521
2020-03-09;NA;0;0;0;0;NA;0;0;2020-03-09;-54521
2020-03-08;NA;0;0;0;0;NA;0;0;2020-03-08;-54521
2020-03-07;NA;0;0;0;0;NA;0;0;2020-03-07;-54521
2020-03-06;NA;0;0;0;0;NA;0;0;2020-03-06;-54521
