"Datum";"Region";"PCR_Pos";"Ag_Neg";"Ag_Pos";"Total";"Pocet.potvrdenych";"Potvrdenych";"newcases";"date";"positive"
2021-06-21;"Banskobystrický kraj";6;4168;5;4173;38039;83712;11;2021-06-21;83712
2021-06-20;"Banskobystrický kraj";0;4198;6;4204;NA;83712;6;2021-06-20;83701
2021-06-19;"Banskobystrický kraj";0;5041;4;5045;NA;83712;4;2021-06-19;83695
2021-06-18;"Banskobystrický kraj";4;7393;1;7394;NA;83712;5;2021-06-18;83691
2021-06-17;"Banskobystrický kraj";2;5067;3;5070;NA;83712;5;2021-06-17;83686
2021-06-16;"Banskobystrický kraj";10;5769;5;5774;NA;83712;15;2021-06-16;83681
2021-06-15;"Banskobystrický kraj";9;5550;6;5556;NA;83712;15;2021-06-15;83666
2021-06-14;"Banskobystrický kraj";8;6805;7;6812;NA;83712;15;2021-06-14;83651
2021-06-13;"Banskobystrický kraj";0;6181;7;6188;NA;83712;7;2021-06-13;83636
2021-06-12;"Banskobystrický kraj";3;6168;5;6173;NA;83712;8;2021-06-12;83629
2021-06-11;"Banskobystrický kraj";5;9399;13;9412;NA;83712;18;2021-06-11;83621
2021-06-10;"Banskobystrický kraj";10;5545;7;5552;NA;83712;17;2021-06-10;83603
2021-06-09;"Banskobystrický kraj";9;5536;2;5538;NA;83712;11;2021-06-09;83586
2021-06-08;"Banskobystrický kraj";15;5594;10;5604;NA;83712;25;2021-06-08;83575
2021-06-07;"Banskobystrický kraj";4;7367;19;7386;NA;83712;23;2021-06-07;83550
2021-06-06;"Banskobystrický kraj";1;7246;11;7257;NA;83712;12;2021-06-06;83527
2021-06-05;"Banskobystrický kraj";15;7290;8;7298;NA;83712;23;2021-06-05;83515
2021-06-04;"Banskobystrický kraj";2;8707;12;8719;NA;83712;14;2021-06-04;83492
2021-06-03;"Banskobystrický kraj";8;6293;21;6314;NA;83712;29;2021-06-03;83478
2021-06-02;"Banskobystrický kraj";7;6597;5;6602;NA;83712;12;2021-06-02;83449
2021-06-01;"Banskobystrický kraj";12;7081;14;7095;NA;83712;26;2021-06-01;83437
2021-05-31;"Banskobystrický kraj";4;9298;28;9326;NA;83712;32;2021-05-31;83411
2021-05-30;"Banskobystrický kraj";3;8698;18;8716;NA;83712;21;2021-05-30;83379
2021-05-29;"Banskobystrický kraj";11;9209;13;9222;NA;83712;24;2021-05-29;83358
2021-05-28;"Banskobystrický kraj";13;11510;23;11533;NA;83712;36;2021-05-28;83334
2021-05-27;"Banskobystrický kraj";7;8760;12;8772;NA;83712;19;2021-05-27;83298
2021-05-26;"Banskobystrický kraj";18;7623;16;7639;NA;83712;34;2021-05-26;83279
2021-05-25;"Banskobystrický kraj";27;8883;30;8913;NA;83712;57;2021-05-25;83245
2021-05-24;"Banskobystrický kraj";9;12469;44;12513;NA;83712;53;2021-05-24;83188
2021-05-23;"Banskobystrický kraj";0;9522;25;9547;NA;83712;25;2021-05-23;83135
2021-05-22;"Banskobystrický kraj";20;9368;26;9394;NA;83712;46;2021-05-22;83110
2021-05-21;"Banskobystrický kraj";22;12364;21;12385;NA;83712;43;2021-05-21;83064
2021-05-20;"Banskobystrický kraj";14;8561;24;8585;NA;83712;38;2021-05-20;83021
2021-05-19;"Banskobystrický kraj";42;8344;18;8362;NA;83712;60;2021-05-19;82983
2021-05-18;"Banskobystrický kraj";27;9341;25;9366;NA;83712;52;2021-05-18;82923
2021-05-17;"Banskobystrický kraj";11;13179;29;13208;NA;83712;40;2021-05-17;82871
2021-05-16;"Banskobystrický kraj";15;13730;24;13754;NA;83712;39;2021-05-16;82831
2021-05-15;"Banskobystrický kraj";11;15020;29;15049;NA;83712;40;2021-05-15;82792
2021-05-14;"Banskobystrický kraj";35;18116;43;18159;NA;83712;78;2021-05-14;82752
2021-05-13;"Banskobystrický kraj";37;10605;40;10645;NA;83712;77;2021-05-13;82674
2021-05-12;"Banskobystrický kraj";31;10835;45;10880;NA;83712;76;2021-05-12;82597
2021-05-11;"Banskobystrický kraj";42;11227;48;11275;NA;83712;90;2021-05-11;82521
2021-05-10;"Banskobystrický kraj";28;17297;63;17360;NA;83712;91;2021-05-10;82431
2021-05-09;"Banskobystrický kraj";25;21333;66;21399;NA;83712;91;2021-05-09;82340
2021-05-08;"Banskobystrický kraj";11;13686;23;13709;NA;83712;34;2021-05-08;82249
2021-05-07;"Banskobystrický kraj";41;21278;74;21352;NA;83712;115;2021-05-07;82215
2021-05-06;"Banskobystrický kraj";36;12251;70;12321;NA;83712;106;2021-05-06;82100
2021-05-05;"Banskobystrický kraj";34;12592;63;12655;NA;83712;97;2021-05-05;81994
2021-05-04;"Banskobystrický kraj";83;13888;47;13935;NA;83712;130;2021-05-04;81897
2021-05-03;"Banskobystrický kraj";30;20872;80;20952;NA;83712;110;2021-05-03;81767
2021-05-02;"Banskobystrický kraj";6;32623;60;32683;NA;83712;66;2021-05-02;81657
2021-05-01;"Banskobystrický kraj";54;36770;67;36837;NA;83712;121;2021-05-01;81591
2021-04-30;"Banskobystrický kraj";38;34953;86;35039;NA;83712;124;2021-04-30;81470
2021-04-29;"Banskobystrický kraj";55;16839;68;16907;NA;83712;123;2021-04-29;81346
2021-04-28;"Banskobystrický kraj";66;17959;67;18026;NA;83712;133;2021-04-28;81223
2021-04-27;"Banskobystrický kraj";70;19152;73;19225;NA;83712;143;2021-04-27;81090
2021-04-26;"Banskobystrický kraj";34;28514;101;28615;NA;83712;135;2021-04-26;80947
2021-04-25;"Banskobystrický kraj";14;40204;106;40310;NA;83712;120;2021-04-25;80812
2021-04-24;"Banskobystrický kraj";40;51625;98;51723;NA;83712;138;2021-04-24;80692
2021-04-23;"Banskobystrický kraj";78;37724;88;37812;NA;83712;166;2021-04-23;80554
2021-04-22;"Banskobystrický kraj";51;17412;57;17469;NA;83712;108;2021-04-22;80388
2021-04-21;"Banskobystrický kraj";76;19192;94;19286;NA;83712;170;2021-04-21;80280
2021-04-20;"Banskobystrický kraj";116;21233;98;21331;NA;83712;214;2021-04-20;80110
2021-04-19;"Banskobystrický kraj";48;31407;105;31512;NA;83712;153;2021-04-19;79896
2021-04-18;"Banskobystrický kraj";16;42953;90;43043;NA;83712;106;2021-04-18;79743
2021-04-17;"Banskobystrický kraj";42;64939;92;65031;NA;83712;134;2021-04-17;79637
2021-04-16;"Banskobystrický kraj";72;37303;100;37403;NA;83712;172;2021-04-16;79503
2021-04-15;"Banskobystrický kraj";67;20117;83;20200;NA;83712;150;2021-04-15;79331
2021-04-14;"Banskobystrický kraj";69;21257;86;21343;NA;83712;155;2021-04-14;79181
2021-04-13;"Banskobystrický kraj";130;23076;77;23153;NA;83712;207;2021-04-13;79026
2021-04-12;"Banskobystrický kraj";60;32247;130;32377;NA;83712;190;2021-04-12;78819
2021-04-11;"Banskobystrický kraj";0;41367;88;41455;NA;83712;88;2021-04-11;78629
2021-04-10;"Banskobystrický kraj";56;64628;141;64769;NA;83712;197;2021-04-10;78541
2021-04-09;"Banskobystrický kraj";106;31566;118;31684;NA;83712;224;2021-04-09;78344
2021-04-08;"Banskobystrický kraj";132;18406;110;18516;NA;83712;242;2021-04-08;78120
2021-04-07;"Banskobystrický kraj";226;25117;94;25211;NA;83712;320;2021-04-07;77878
2021-04-06;"Banskobystrický kraj";93;42487;187;42674;NA;83712;280;2021-04-06;77558
2021-04-05;"Banskobystrický kraj";15;11797;87;11884;NA;83712;102;2021-04-05;77278
2021-04-04;"Banskobystrický kraj";24;19683;79;19762;NA;83712;103;2021-04-04;77176
2021-04-03;"Banskobystrický kraj";5;72553;211;72764;NA;83712;216;2021-04-03;77073
2021-04-02;"Banskobystrický kraj";71;13455;66;13521;NA;83712;137;2021-04-02;76857
2021-04-01;"Banskobystrický kraj";171;38877;200;39077;NA;83712;371;2021-04-01;76720
2021-03-31;"Banskobystrický kraj";147;25543;161;25704;NA;83712;308;2021-03-31;76349
2021-03-30;"Banskobystrický kraj";167;21439;159;21598;NA;83712;326;2021-03-30;76041
2021-03-29;"Banskobystrický kraj";119;29491;218;29709;NA;83712;337;2021-03-29;75715
2021-03-28;"Banskobystrický kraj";25;40610;189;40799;NA;83712;214;2021-03-28;75378
2021-03-27;"Banskobystrický kraj";85;64324;260;64584;NA;83712;345;2021-03-27;75164
2021-03-26;"Banskobystrický kraj";122;43657;240;43897;NA;83712;362;2021-03-26;74819
2021-03-25;"Banskobystrický kraj";120;21589;240;21829;NA;83712;360;2021-03-25;74457
2021-03-24;"Banskobystrický kraj";200;19319;227;19546;NA;83712;427;2021-03-24;74097
2021-03-23;"Banskobystrický kraj";241;21538;257;21795;NA;83712;498;2021-03-23;73670
2021-03-22;"Banskobystrický kraj";65;30478;274;30752;NA;83712;339;2021-03-22;73172
2021-03-21;"Banskobystrický kraj";31;40039;280;40319;NA;83712;311;2021-03-21;72833
2021-03-20;"Banskobystrický kraj";119;67926;383;68309;NA;83712;502;2021-03-20;72522
2021-03-19;"Banskobystrický kraj";240;44041;307;44348;NA;83712;547;2021-03-19;72020
2021-03-18;"Banskobystrický kraj";160;22467;273;22740;NA;83712;433;2021-03-18;71473
2021-03-17;"Banskobystrický kraj";262;21573;245;21818;NA;83712;507;2021-03-17;71040
2021-03-16;"Banskobystrický kraj";340;23365;224;23589;NA;83712;564;2021-03-16;70533
2021-03-15;"Banskobystrický kraj";95;31293;364;31657;NA;83712;459;2021-03-15;69969
2021-03-14;"Banskobystrický kraj";39;40650;229;40879;NA;83712;268;2021-03-14;69510
2021-03-13;"Banskobystrický kraj";209;67167;391;67558;NA;83712;600;2021-03-13;69242
2021-03-12;"Banskobystrický kraj";206;41439;330;41769;NA;83712;536;2021-03-12;68642
2021-03-11;"Banskobystrický kraj";228;21337;272;21609;NA;83712;500;2021-03-11;68106
2021-03-10;"Banskobystrický kraj";260;20381;238;20619;NA;83712;498;2021-03-10;67606
2021-03-09;"Banskobystrický kraj";352;21790;284;22074;NA;83712;636;2021-03-09;67108
2021-03-08;"Banskobystrický kraj";191;31488;427;31915;NA;83712;618;2021-03-08;66472
2021-03-07;"Banskobystrický kraj";60;39083;295;39378;NA;83712;355;2021-03-07;65854
2021-03-06;"Banskobystrický kraj";164;70562;410;70972;NA;83712;574;2021-03-06;65499
2021-03-05;"Banskobystrický kraj";221;42137;388;42525;NA;83712;609;2021-03-05;64925
2021-03-04;"Banskobystrický kraj";226;22007;334;22341;NA;83712;560;2021-03-04;64316
2021-03-03;"Banskobystrický kraj";317;21949;331;22280;NA;83712;648;2021-03-03;63756
2021-03-02;"Banskobystrický kraj";291;23152;354;23506;NA;83712;645;2021-03-02;63108
2021-03-01;"Banskobystrický kraj";151;31773;434;32207;NA;83712;585;2021-03-01;62463
2021-02-28;"Banskobystrický kraj";45;38663;336;38999;NA;83712;381;2021-02-28;61878
2021-02-27;"Banskobystrický kraj";289;66667;529;67196;NA;83712;818;2021-02-27;61497
2021-02-26;"Banskobystrický kraj";326;39489;468;39957;NA;83712;794;2021-02-26;60679
2021-02-25;"Banskobystrický kraj";375;18081;366;18447;NA;83712;741;2021-02-25;59885
2021-02-24;"Banskobystrický kraj";332;16735;373;17108;NA;83712;705;2021-02-24;59144
2021-02-23;"Banskobystrický kraj";462;19930;439;20369;NA;83712;901;2021-02-23;58439
2021-02-22;"Banskobystrický kraj";67;28643;598;29241;NA;83712;665;2021-02-22;57538
2021-02-21;"Banskobystrický kraj";68;37464;437;37901;NA;83712;505;2021-02-21;56873
2021-02-20;"Banskobystrický kraj";280;68851;598;69449;NA;83712;878;2021-02-20;56368
2021-02-19;"Banskobystrický kraj";420;39882;511;40393;NA;83712;931;2021-02-19;55490
2021-02-18;"Banskobystrický kraj";241;18618;396;19014;NA;83712;637;2021-02-18;54559
2021-02-17;"Banskobystrický kraj";415;16737;389;17126;NA;83712;804;2021-02-17;53922
2021-02-16;"Banskobystrický kraj";338;19727;368;20095;NA;83712;706;2021-02-16;53118
2021-02-15;"Banskobystrický kraj";118;35835;591;36426;NA;83712;709;2021-02-15;52412
2021-02-14;"Banskobystrický kraj";60;31894;386;32280;NA;83712;446;2021-02-14;51703
2021-02-13;"Banskobystrický kraj";202;53889;492;54381;NA;83712;694;2021-02-13;51257
2021-02-12;"Banskobystrický kraj";312;37270;533;37803;NA;83712;845;2021-02-12;50563
2021-02-11;"Banskobystrický kraj";305;21200;386;21586;NA;83712;691;2021-02-11;49718
2021-02-10;"Banskobystrický kraj";333;14790;344;15134;NA;83712;677;2021-02-10;49027
2021-02-09;"Banskobystrický kraj";329;18504;362;18866;NA;83712;691;2021-02-09;48350
2021-02-08;"Banskobystrický kraj";103;47054;672;47726;NA;83712;775;2021-02-08;47659
2021-02-07;"Banskobystrický kraj";70;37363;333;37696;NA;83712;403;2021-02-07;46884
2021-02-06;"Banskobystrický kraj";178;69388;570;69958;NA;83712;748;2021-02-06;46481
2021-02-05;"Banskobystrický kraj";282;24577;363;24940;NA;83712;645;2021-02-05;45733
2021-02-04;"Banskobystrický kraj";240;14367;430;14797;NA;83712;670;2021-02-04;45088
2021-02-03;"Banskobystrický kraj";350;9429;255;9684;NA;83712;605;2021-02-03;44418
2021-02-02;"Banskobystrický kraj";277;15740;334;16074;NA;83712;611;2021-02-02;43813
2021-02-01;"Banskobystrický kraj";75;24723;496;25219;NA;83712;571;2021-02-01;43202
2021-01-31;"Banskobystrický kraj";34;19983;201;20184;NA;83712;235;2021-01-31;42631
2021-01-30;"Banskobystrický kraj";163;63896;525;64421;NA;83712;688;2021-01-30;42396
2021-01-29;"Banskobystrický kraj";196;17360;269;17629;NA;83712;465;2021-01-29;41708
2021-01-28;"Banskobystrický kraj";218;14229;372;14601;NA;83712;590;2021-01-28;41243
2021-01-27;"Banskobystrický kraj";191;8128;200;8328;NA;83712;391;2021-01-27;40653
2021-01-26;"Banskobystrický kraj";238;19798;283;20081;NA;83712;521;2021-01-26;40262
2021-01-25;"Banskobystrický kraj";82;33666;412;34078;NA;83712;494;2021-01-25;39741
2021-01-24;"Banskobystrický kraj";38;35587;278;35865;NA;83712;316;2021-01-24;39247
2021-01-23;"Banskobystrický kraj";142;89033;524;89557;NA;83712;666;2021-01-23;38931
2021-01-22;"Banskobystrický kraj";175;26393;359;26752;NA;83712;534;2021-01-22;38265
2021-01-21;"Banskobystrický kraj";194;17308;285;17593;NA;83712;479;2021-01-21;37731
2021-01-20;"Banskobystrický kraj";231;9150;188;9338;NA;83712;419;2021-01-20;37252
2021-01-19;"Banskobystrický kraj";213;10708;311;11019;NA;83712;524;2021-01-19;36833
2021-01-18;"Banskobystrický kraj";94;7415;402;7817;NA;83712;496;2021-01-18;36309
2021-01-17;"Banskobystrický kraj";110;8154;77;8231;NA;83712;187;2021-01-17;35813
2021-01-16;"Banskobystrický kraj";58;2274;57;2331;NA;83712;115;2021-01-16;35626
2021-01-15;"Banskobystrický kraj";164;7673;217;7890;NA;83712;381;2021-01-15;35511
2021-01-14;"Banskobystrický kraj";220;5760;325;6085;NA;83712;545;2021-01-14;35130
2021-01-13;"Banskobystrický kraj";235;5974;217;6191;NA;83712;452;2021-01-13;34585
2021-01-12;"Banskobystrický kraj";194;6808;299;7107;NA;83712;493;2021-01-12;34133
2021-01-11;"Banskobystrický kraj";76;8231;481;8712;NA;83712;557;2021-01-11;33640
2021-01-10;"Banskobystrický kraj";110;433;4;437;NA;83712;114;2021-01-10;33083
2021-01-09;"Banskobystrický kraj";297;2378;81;2459;NA;83712;378;2021-01-09;32969
2021-01-08;"Banskobystrický kraj";435;9802;443;10245;NA;83712;878;2021-01-08;32591
2021-01-07;"Banskobystrický kraj";127;6322;366;6688;NA;83712;493;2021-01-07;31713
2021-01-06;"Banskobystrický kraj";305;3374;185;3559;NA;83712;490;2021-01-06;31220
2021-01-05;"Banskobystrický kraj";372;7349;533;7882;NA;83712;905;2021-01-05;30730
2021-01-04;"Banskobystrický kraj";130;7083;700;7783;NA;83712;830;2021-01-04;29825
2021-01-03;"Banskobystrický kraj";199;320;19;339;NA;83712;218;2021-01-03;28995
2021-01-02;"Banskobystrický kraj";123;702;85;787;NA;83712;208;2021-01-02;28777
2021-01-01;"Banskobystrický kraj";220;1958;132;2090;NA;83712;352;2021-01-01;28569
2020-12-31;"Banskobystrický kraj";499;7379;633;8012;NA;83712;1132;2020-12-31;28217
2020-12-30;"Banskobystrický kraj";593;7670;557;8227;NA;83712;1150;2020-12-30;27085
2020-12-29;"Banskobystrický kraj";240;7955;664;8619;NA;83712;904;2020-12-29;25935
2020-12-28;"Banskobystrický kraj";131;6098;711;6809;NA;83712;842;2020-12-28;25031
2020-12-27;"Banskobystrický kraj";116;541;25;566;NA;83712;141;2020-12-27;24189
2020-12-26;"Banskobystrický kraj";61;295;35;330;NA;83712;96;2020-12-26;24048
2020-12-25;"Banskobystrický kraj";65;313;10;323;NA;83712;75;2020-12-25;23952
2020-12-24;"Banskobystrický kraj";452;3685;135;3820;NA;83712;587;2020-12-24;23877
2020-12-23;"Banskobystrický kraj";368;10116;507;10623;NA;83712;875;2020-12-23;23290
2020-12-22;"Banskobystrický kraj";307;8449;624;9073;NA;83712;931;2020-12-22;22415
2020-12-21;"Banskobystrický kraj";286;4896;448;5344;NA;83712;734;2020-12-21;21484
2020-12-20;"Banskobystrický kraj";155;249;14;263;NA;83712;169;2020-12-20;20750
2020-12-19;"Banskobystrický kraj";170;3084;138;3222;NA;83712;308;2020-12-19;20581
2020-12-18;"Banskobystrický kraj";432;5965;324;6289;NA;83712;756;2020-12-18;20273
2020-12-17;"Banskobystrický kraj";468;8703;656;9359;NA;83712;1124;2020-12-17;19517
2020-12-16;"Banskobystrický kraj";379;10202;560;10762;NA;83712;939;2020-12-16;18393
2020-12-15;"Banskobystrický kraj";336;5425;433;5858;NA;83712;769;2020-12-15;17454
2020-12-14;"Banskobystrický kraj";148;3897;259;4156;NA;83712;407;2020-12-14;16685
2020-12-13;"Banskobystrický kraj";122;142;1;143;NA;83712;123;2020-12-13;16278
2020-12-12;"Banskobystrický kraj";137;2714;138;2852;NA;83712;275;2020-12-12;16155
2020-12-11;"Banskobystrický kraj";468;6587;374;6961;NA;83712;842;2020-12-11;15880
2020-12-10;"Banskobystrický kraj";280;5204;355;5559;NA;83712;635;2020-12-10;15038
2020-12-09;"Banskobystrický kraj";323;3850;213;4063;NA;83712;536;2020-12-09;14403
2020-12-08;"Banskobystrický kraj";256;3787;276;4063;NA;83712;532;2020-12-08;13867
2020-12-07;"Banskobystrický kraj";175;2380;156;2536;NA;83712;331;2020-12-07;13335
2020-12-06;"Banskobystrický kraj";121;507;11;518;NA;83712;132;2020-12-06;13004
2020-12-05;"Banskobystrický kraj";109;1099;34;1133;NA;83712;143;2020-12-05;12872
2020-12-04;"Banskobystrický kraj";339;3828;174;4002;NA;83712;513;2020-12-04;12729
2020-12-03;"Banskobystrický kraj";240;3193;234;3427;NA;83712;474;2020-12-03;12216
2020-12-02;"Banskobystrický kraj";217;4442;186;4628;NA;83712;403;2020-12-02;11742
2020-12-01;"Banskobystrický kraj";215;2702;134;2836;NA;83712;349;2020-12-01;11339
2020-11-30;"Banskobystrický kraj";74;4559;257;4816;NA;83712;331;2020-11-30;10990
2020-11-29;"Banskobystrický kraj";19;208;7;215;NA;83712;26;2020-11-29;10659
2020-11-28;"Banskobystrický kraj";81;1408;55;1463;NA;83712;136;2020-11-28;10633
2020-11-27;"Banskobystrický kraj";219;2266;123;2389;NA;83712;342;2020-11-27;10497
2020-11-26;"Banskobystrický kraj";208;2124;93;2217;NA;83712;301;2020-11-26;10155
2020-11-25;"Banskobystrický kraj";170;1952;86;2038;NA;83712;256;2020-11-25;9854
2020-11-24;"Banskobystrický kraj";166;2566;69;2635;NA;83712;235;2020-11-24;9598
2020-11-23;"Banskobystrický kraj";66;10240;194;10434;NA;83712;260;2020-11-23;9363
2020-11-22;"Banskobystrický kraj";38;104;1;105;NA;83712;39;2020-11-22;9103
2020-11-21;"Banskobystrický kraj";52;904;14;918;NA;83712;66;2020-11-21;9064
2020-11-20;"Banskobystrický kraj";127;2005;107;2112;NA;83712;234;2020-11-20;8998
2020-11-19;"Banskobystrický kraj";170;1218;82;1300;NA;83712;252;2020-11-19;8764
2020-11-18;"Banskobystrický kraj";153;698;65;763;NA;83712;218;2020-11-18;8512
2020-11-17;"Banskobystrický kraj";52;578;35;613;NA;83712;87;2020-11-17;8294
2020-11-16;"Banskobystrický kraj";106;470;25;495;NA;83712;131;2020-11-16;8207
2020-11-15;"Banskobystrický kraj";52;301;4;305;NA;83712;56;2020-11-15;8076
2020-11-14;"Banskobystrický kraj";73;305;2;307;NA;83712;75;2020-11-14;8020
2020-11-13;"Banskobystrický kraj";157;552;11;563;NA;83712;168;2020-11-13;7945
2020-11-12;"Banskobystrický kraj";218;952;44;996;NA;83712;262;2020-11-12;7777
2020-11-11;"Banskobystrický kraj";224;437;9;446;NA;83712;233;2020-11-11;7515
2020-11-10;"Banskobystrický kraj";263;463;18;481;NA;83712;281;2020-11-10;7282
2020-11-09;"Banskobystrický kraj";80;2678;31;2709;NA;83712;111;2020-11-09;7001
2020-11-08;"Banskobystrický kraj";82;981;16;997;NA;83712;98;2020-11-08;6890
2020-11-07;"Banskobystrický kraj";164;8828;94;8922;NA;83712;258;2020-11-07;6792
2020-11-06;"Banskobystrický kraj";227;2496;16;2512;NA;83712;243;2020-11-06;6534
2020-11-05;"Banskobystrický kraj";240;290;33;323;NA;83712;273;2020-11-05;6291
2020-11-04;"Banskobystrický kraj";254;1366;13;1379;NA;83712;267;2020-11-04;6018
2020-11-03;"Banskobystrický kraj";246;1332;4;1336;NA;83712;250;2020-11-03;5751
2020-11-02;"Banskobystrický kraj";90;2909;65;2974;NA;83712;155;2020-11-02;5501
2020-11-01;"Banskobystrický kraj";101;2671;42;2713;NA;83712;143;2020-11-01;5346
2020-10-31;"Banskobystrický kraj";199;13516;116;13632;NA;83712;315;2020-10-31;5203
2020-10-30;"Banskobystrický kraj";254;2829;20;2849;NA;83712;274;2020-10-30;4888
2020-10-29;"Banskobystrický kraj";372;969;42;1011;NA;83712;414;2020-10-29;4614
2020-10-28;"Banskobystrický kraj";285;302;30;332;NA;83712;315;2020-10-28;4200
2020-10-27;"Banskobystrický kraj";266;654;40;694;NA;83712;306;2020-10-27;3885
2020-10-26;"Banskobystrický kraj";38;234;29;263;NA;83712;67;2020-10-26;3579
2020-10-25;"Banskobystrický kraj";50;140;11;151;NA;83712;61;2020-10-25;3512
2020-10-24;"Banskobystrický kraj";315;114;12;126;NA;83712;327;2020-10-24;3451
2020-10-23;"Banskobystrický kraj";231;230;29;259;NA;83712;260;2020-10-23;3124
2020-10-22;"Banskobystrický kraj";264;253;24;277;NA;83712;288;2020-10-22;2864
2020-10-21;"Banskobystrický kraj";209;266;3;269;NA;83712;212;2020-10-21;2576
2020-10-20;"Banskobystrický kraj";210;66;3;69;NA;83712;213;2020-10-20;2364
2020-10-19;"Banskobystrický kraj";27;73;12;85;NA;83712;39;2020-10-19;2151
2020-10-18;"Banskobystrický kraj";49;0;0;0;NA;83712;49;2020-10-18;2112
2020-10-17;"Banskobystrický kraj";91;0;0;0;NA;83712;91;2020-10-17;2063
2020-10-16;"Banskobystrický kraj";224;37;3;40;NA;83712;227;2020-10-16;1972
2020-10-15;"Banskobystrický kraj";133;29;1;30;NA;83712;134;2020-10-15;1745
2020-10-14;"Banskobystrický kraj";139;31;1;32;NA;83712;140;2020-10-14;1611
2020-10-13;"Banskobystrický kraj";151;169;11;180;NA;83712;162;2020-10-13;1471
2020-10-12;"Banskobystrický kraj";11;110;4;114;NA;83712;15;2020-10-12;1309
2020-10-11;"Banskobystrický kraj";14;0;0;0;NA;83712;14;2020-10-11;1294
2020-10-10;"Banskobystrický kraj";53;0;0;0;NA;83712;53;2020-10-10;1280
2020-10-09;"Banskobystrický kraj";128;0;0;0;NA;83712;128;2020-10-09;1227
2020-10-08;"Banskobystrický kraj";99;0;0;0;NA;83712;99;2020-10-08;1099
2020-10-07;"Banskobystrický kraj";124;0;0;0;NA;83712;124;2020-10-07;1000
2020-10-06;"Banskobystrický kraj";68;0;0;0;NA;83712;68;2020-10-06;876
2020-10-05;"Banskobystrický kraj";49;0;0;0;NA;83712;49;2020-10-05;808
2020-10-04;"Banskobystrický kraj";8;0;0;0;NA;83712;8;2020-10-04;759
2020-10-03;"Banskobystrický kraj";37;0;0;0;NA;83712;37;2020-10-03;751
2020-10-02;"Banskobystrický kraj";74;0;0;0;NA;83712;74;2020-10-02;714
2020-10-01;"Banskobystrický kraj";49;0;0;0;NA;83712;49;2020-10-01;640
2020-09-30;"Banskobystrický kraj";60;0;0;0;NA;83712;60;2020-09-30;591
2020-09-29;"Banskobystrický kraj";24;0;0;0;NA;83712;24;2020-09-29;531
2020-09-28;"Banskobystrický kraj";0;0;0;0;NA;83712;0;2020-09-28;507
2020-09-27;"Banskobystrický kraj";20;0;0;0;NA;83712;20;2020-09-27;507
2020-09-26;"Banskobystrický kraj";24;0;0;0;NA;83712;24;2020-09-26;487
2020-09-25;"Banskobystrický kraj";29;0;0;0;NA;83712;29;2020-09-25;463
2020-09-24;"Banskobystrický kraj";25;0;0;0;NA;83712;25;2020-09-24;434
2020-09-23;"Banskobystrický kraj";17;0;0;0;NA;83712;17;2020-09-23;409
2020-09-22;"Banskobystrický kraj";25;0;0;0;NA;83712;25;2020-09-22;392
2020-09-21;"Banskobystrický kraj";3;0;0;0;NA;83712;3;2020-09-21;367
2020-09-20;"Banskobystrický kraj";0;0;0;0;NA;83712;0;2020-09-20;364
2020-09-19;"Banskobystrický kraj";3;0;0;0;NA;83712;3;2020-09-19;364
2020-09-18;"Banskobystrický kraj";24;0;0;0;NA;83712;24;2020-09-18;361
2020-09-17;"Banskobystrický kraj";14;0;0;0;NA;83712;14;2020-09-17;337
2020-09-16;"Banskobystrický kraj";6;0;0;0;NA;83712;6;2020-09-16;323
2020-09-15;"Banskobystrický kraj";2;0;0;0;NA;83712;2;2020-09-15;317
2020-09-14;"Banskobystrický kraj";13;0;0;0;NA;83712;13;2020-09-14;315
2020-09-13;"Banskobystrický kraj";1;0;0;0;NA;83712;1;2020-09-13;302
2020-09-12;"Banskobystrický kraj";5;0;0;0;NA;83712;5;2020-09-12;301
2020-09-11;"Banskobystrický kraj";19;0;0;0;NA;83712;19;2020-09-11;296
2020-09-10;"Banskobystrický kraj";11;0;0;0;NA;83712;11;2020-09-10;277
2020-09-09;"Banskobystrický kraj";13;0;0;0;NA;83712;13;2020-09-09;266
2020-09-08;"Banskobystrický kraj";5;0;0;0;NA;83712;5;2020-09-08;253
2020-09-07;"Banskobystrický kraj";2;0;0;0;NA;83712;2;2020-09-07;248
2020-09-06;"Banskobystrický kraj";0;0;0;0;NA;83712;0;2020-09-06;246
2020-09-05;"Banskobystrický kraj";0;0;0;0;NA;83712;0;2020-09-05;246
2020-09-04;"Banskobystrický kraj";9;0;0;0;NA;83712;9;2020-09-04;246
2020-09-03;"Banskobystrický kraj";5;0;0;0;NA;83712;5;2020-09-03;237
2020-09-02;"Banskobystrický kraj";6;0;0;0;NA;83712;6;2020-09-02;232
2020-09-01;"Banskobystrický kraj";2;0;0;0;NA;83712;2;2020-09-01;226
2020-08-31;"Banskobystrický kraj";6;0;0;0;NA;83712;6;2020-08-31;224
2020-08-30;"Banskobystrický kraj";0;0;0;0;NA;83712;0;2020-08-30;218
2020-08-29;"Banskobystrický kraj";1;0;0;0;NA;83712;1;2020-08-29;218
2020-08-28;"Banskobystrický kraj";3;0;0;0;NA;83712;3;2020-08-28;217
2020-08-27;"Banskobystrický kraj";1;0;0;0;NA;83712;1;2020-08-27;214
2020-08-26;"Banskobystrický kraj";2;0;0;0;NA;83712;2;2020-08-26;213
2020-08-25;"Banskobystrický kraj";2;0;0;0;NA;83712;2;2020-08-25;211
2020-08-24;"Banskobystrický kraj";0;0;0;0;NA;83712;0;2020-08-24;209
2020-08-23;"Banskobystrický kraj";0;0;0;0;NA;83712;0;2020-08-23;209
2020-08-22;"Banskobystrický kraj";0;0;0;0;NA;83712;0;2020-08-22;209
2020-08-21;"Banskobystrický kraj";4;0;0;0;NA;83712;4;2020-08-21;209
2020-08-20;"Banskobystrický kraj";1;0;0;0;NA;83712;1;2020-08-20;205
2020-08-19;"Banskobystrický kraj";4;0;0;0;NA;83712;4;2020-08-19;204
2020-08-18;"Banskobystrický kraj";0;0;0;0;NA;83712;0;2020-08-18;200
2020-08-17;"Banskobystrický kraj";1;0;0;0;NA;83712;1;2020-08-17;200
2020-08-16;"Banskobystrický kraj";0;0;0;0;NA;83712;0;2020-08-16;199
2020-08-15;"Banskobystrický kraj";0;0;0;0;NA;83712;0;2020-08-15;199
2020-08-14;"Banskobystrický kraj";5;0;0;0;NA;83712;5;2020-08-14;199
2020-08-13;"Banskobystrický kraj";0;0;0;0;NA;83712;0;2020-08-13;194
2020-08-12;"Banskobystrický kraj";0;0;0;0;NA;83712;0;2020-08-12;194
2020-08-11;"Banskobystrický kraj";2;0;0;0;NA;83712;2;2020-08-11;194
2020-08-10;"Banskobystrický kraj";3;0;0;0;NA;83712;3;2020-08-10;192
2020-08-09;"Banskobystrický kraj";0;0;0;0;NA;83712;0;2020-08-09;189
2020-08-08;"Banskobystrický kraj";2;0;0;0;NA;83712;2;2020-08-08;189
2020-08-07;"Banskobystrický kraj";1;0;0;0;NA;83712;1;2020-08-07;187
2020-08-06;"Banskobystrický kraj";1;0;0;0;NA;83712;1;2020-08-06;186
2020-08-05;"Banskobystrický kraj";0;0;0;0;NA;83712;0;2020-08-05;185
2020-08-04;"Banskobystrický kraj";3;0;0;0;NA;83712;3;2020-08-04;185
2020-08-03;"Banskobystrický kraj";0;0;0;0;NA;83712;0;2020-08-03;182
2020-08-02;"Banskobystrický kraj";0;0;0;0;NA;83712;0;2020-08-02;182
2020-08-01;"Banskobystrický kraj";1;0;0;0;NA;83712;1;2020-08-01;182
2020-07-31;"Banskobystrický kraj";2;0;0;0;NA;83712;2;2020-07-31;181
2020-07-30;"Banskobystrický kraj";1;0;0;0;NA;83712;1;2020-07-30;179
2020-07-29;"Banskobystrický kraj";0;0;0;0;NA;83712;0;2020-07-29;178
2020-07-28;"Banskobystrický kraj";2;0;0;0;NA;83712;2;2020-07-28;178
2020-07-27;"Banskobystrický kraj";3;0;0;0;NA;83712;3;2020-07-27;176
2020-07-26;"Banskobystrický kraj";0;0;0;0;NA;83712;0;2020-07-26;173
2020-07-25;"Banskobystrický kraj";0;0;0;0;NA;83712;0;2020-07-25;173
2020-07-24;"Banskobystrický kraj";9;0;0;0;NA;83712;9;2020-07-24;173
2020-07-23;"Banskobystrický kraj";0;0;0;0;NA;83712;0;2020-07-23;164
2020-07-22;"Banskobystrický kraj";3;0;0;0;NA;83712;3;2020-07-22;164
2020-07-21;"Banskobystrický kraj";3;0;0;0;NA;83712;3;2020-07-21;161
2020-07-20;"Banskobystrický kraj";1;0;0;0;NA;83712;1;2020-07-20;158
2020-07-19;"Banskobystrický kraj";1;0;0;0;NA;83712;1;2020-07-19;157
2020-07-18;"Banskobystrický kraj";0;0;0;0;NA;83712;0;2020-07-18;156
2020-07-17;"Banskobystrický kraj";2;0;0;0;NA;83712;2;2020-07-17;156
2020-07-16;"Banskobystrický kraj";1;0;0;0;NA;83712;1;2020-07-16;154
2020-07-15;"Banskobystrický kraj";4;0;0;0;NA;83712;4;2020-07-15;153
2020-07-14;"Banskobystrický kraj";2;0;0;0;NA;83712;2;2020-07-14;149
2020-07-13;"Banskobystrický kraj";1;0;0;0;NA;83712;1;2020-07-13;147
2020-07-12;"Banskobystrický kraj";0;0;0;0;NA;83712;0;2020-07-12;146
2020-07-11;"Banskobystrický kraj";0;0;0;0;NA;83712;0;2020-07-11;146
2020-07-10;"Banskobystrický kraj";3;0;0;0;NA;83712;3;2020-07-10;146
2020-07-09;"Banskobystrický kraj";9;0;0;0;NA;83712;9;2020-07-09;143
2020-07-08;"Banskobystrický kraj";0;0;0;0;NA;83712;0;2020-07-08;134
2020-07-07;"Banskobystrický kraj";4;0;0;0;NA;83712;4;2020-07-07;134
2020-07-06;"Banskobystrický kraj";0;0;0;0;NA;83712;0;2020-07-06;130
2020-07-05;"Banskobystrický kraj";0;0;0;0;NA;83712;0;2020-07-05;130
2020-07-04;"Banskobystrický kraj";1;0;0;0;NA;83712;1;2020-07-04;130
2020-07-03;"Banskobystrický kraj";4;0;0;0;NA;83712;4;2020-07-03;129
2020-07-02;"Banskobystrický kraj";0;0;0;0;NA;83712;0;2020-07-02;125
2020-07-01;"Banskobystrický kraj";1;0;0;0;NA;83712;1;2020-07-01;125
2020-06-30;"Banskobystrický kraj";0;0;0;0;NA;83712;0;2020-06-30;124
2020-06-29;"Banskobystrický kraj";0;0;0;0;NA;83712;0;2020-06-29;124
2020-06-28;"Banskobystrický kraj";0;0;0;0;NA;83712;0;2020-06-28;124
2020-06-27;"Banskobystrický kraj";0;0;0;0;NA;83712;0;2020-06-27;124
2020-06-26;"Banskobystrický kraj";0;0;0;0;NA;83712;0;2020-06-26;124
2020-06-25;"Banskobystrický kraj";1;0;0;0;NA;83712;1;2020-06-25;124
2020-06-24;"Banskobystrický kraj";0;0;0;0;NA;83712;0;2020-06-24;123
2020-06-23;"Banskobystrický kraj";6;0;0;0;NA;83712;6;2020-06-23;123
2020-06-22;"Banskobystrický kraj";0;0;0;0;NA;83712;0;2020-06-22;117
2020-06-21;"Banskobystrický kraj";0;0;0;0;NA;83712;0;2020-06-21;117
2020-06-20;"Banskobystrický kraj";0;0;0;0;NA;83712;0;2020-06-20;117
2020-06-19;"Banskobystrický kraj";2;0;0;0;NA;83712;2;2020-06-19;117
2020-06-18;"Banskobystrický kraj";10;0;0;0;NA;83712;10;2020-06-18;115
2020-06-17;"Banskobystrický kraj";1;0;0;0;NA;83712;1;2020-06-17;105
2020-06-16;"Banskobystrický kraj";0;0;0;0;NA;83712;0;2020-06-16;104
2020-06-14;"Banskobystrický kraj";2;0;0;0;NA;83712;2;2020-06-14;104
2020-06-13;"Banskobystrický kraj";2;0;0;0;NA;83712;2;2020-06-13;102
2020-06-12;"Banskobystrický kraj";0;0;0;0;NA;83712;0;2020-06-12;100
2020-06-11;"Banskobystrický kraj";1;0;0;0;NA;83712;1;2020-06-11;100
2020-06-10;"Banskobystrický kraj";0;0;0;0;NA;83712;0;2020-06-10;99
2020-06-09;"Banskobystrický kraj";0;0;0;0;NA;83712;0;2020-06-09;99
2020-06-08;"Banskobystrický kraj";0;0;0;0;NA;83712;0;2020-06-08;99
2020-06-07;"Banskobystrický kraj";0;0;0;0;NA;83712;0;2020-06-07;99
2020-06-05;"Banskobystrický kraj";2;0;0;0;NA;83712;2;2020-06-05;99
2020-06-03;"Banskobystrický kraj";0;0;0;0;NA;83712;0;2020-06-03;97
2020-06-02;"Banskobystrický kraj";0;0;0;0;NA;83712;0;2020-06-02;97
2020-05-31;"Banskobystrický kraj";0;0;0;0;NA;83712;0;2020-05-31;97
2020-05-29;"Banskobystrický kraj";0;0;0;0;NA;83712;0;2020-05-29;97
2020-05-27;"Banskobystrický kraj";1;0;0;0;NA;83712;1;2020-05-27;97
2020-05-26;"Banskobystrický kraj";0;0;0;0;NA;83712;0;2020-05-26;96
2020-05-25;"Banskobystrický kraj";0;0;0;0;NA;83712;0;2020-05-25;96
2020-05-24;"Banskobystrický kraj";0;0;0;0;NA;83712;0;2020-05-24;96
2020-05-23;"Banskobystrický kraj";1;0;0;0;NA;83712;1;2020-05-23;96
2020-05-22;"Banskobystrický kraj";0;0;0;0;NA;83712;0;2020-05-22;95
2020-05-21;"Banskobystrický kraj";0;0;0;0;NA;83712;0;2020-05-21;95
2020-05-20;"Banskobystrický kraj";1;0;0;0;NA;83712;1;2020-05-20;95
2020-05-19;"Banskobystrický kraj";0;0;0;0;NA;83712;0;2020-05-19;94
2020-05-17;"Banskobystrický kraj";0;0;0;0;NA;83712;0;2020-05-17;94
2020-05-16;"Banskobystrický kraj";0;0;0;0;NA;83712;0;2020-05-16;94
2020-05-15;"Banskobystrický kraj";0;0;0;0;NA;83712;0;2020-05-15;94
2020-05-14;"Banskobystrický kraj";0;0;0;0;NA;83712;0;2020-05-14;94
2020-05-13;"Banskobystrický kraj";0;0;0;0;NA;83712;0;2020-05-13;94
2020-05-12;"Banskobystrický kraj";1;0;0;0;NA;83712;1;2020-05-12;94
2020-05-11;"Banskobystrický kraj";0;0;0;0;NA;83712;0;2020-05-11;93
2020-05-09;"Banskobystrický kraj";0;0;0;0;NA;83712;0;2020-05-09;93
2020-05-07;"Banskobystrický kraj";2;0;0;0;NA;83712;2;2020-05-07;93
2020-05-06;"Banskobystrický kraj";1;0;0;0;NA;83712;1;2020-05-06;91
2020-05-05;"Banskobystrický kraj";2;0;0;0;NA;83712;2;2020-05-05;90
2020-05-04;"Banskobystrický kraj";0;0;0;0;NA;83712;0;2020-05-04;88
2020-05-03;"Banskobystrický kraj";0;0;0;0;NA;83712;0;2020-05-03;88
2020-05-02;"Banskobystrický kraj";0;0;0;0;NA;83712;0;2020-05-02;88
2020-05-01;"Banskobystrický kraj";0;0;0;0;NA;83712;0;2020-05-01;88
2020-04-30;"Banskobystrický kraj";1;0;0;0;NA;83712;1;2020-04-30;88
2020-04-29;"Banskobystrický kraj";1;0;0;0;NA;83712;1;2020-04-29;87
2020-04-28;"Banskobystrický kraj";0;0;0;0;NA;83712;0;2020-04-28;86
2020-04-27;"Banskobystrický kraj";0;0;0;0;NA;83712;0;2020-04-27;86
2020-04-26;"Banskobystrický kraj";0;0;0;0;NA;83712;0;2020-04-26;86
2020-04-25;"Banskobystrický kraj";2;0;0;0;NA;83712;2;2020-04-25;86
2020-04-24;"Banskobystrický kraj";3;0;0;0;NA;83712;3;2020-04-24;84
2020-04-23;"Banskobystrický kraj";2;0;0;0;NA;83712;2;2020-04-23;81
2020-04-22;"Banskobystrický kraj";2;0;0;0;NA;83712;2;2020-04-22;79
2020-04-21;"Banskobystrický kraj";2;0;0;0;NA;83712;2;2020-04-21;77
2020-04-20;"Banskobystrický kraj";0;0;0;0;NA;83712;0;2020-04-20;75
2020-04-19;"Banskobystrický kraj";0;0;0;0;NA;83712;0;2020-04-19;75
2020-04-18;"Banskobystrický kraj";8;0;0;0;NA;83712;8;2020-04-18;75
2020-04-17;"Banskobystrický kraj";2;0;0;0;NA;83712;2;2020-04-17;67
2020-04-16;"Banskobystrický kraj";0;0;0;0;NA;83712;0;2020-04-16;65
2020-04-15;"Banskobystrický kraj";10;0;0;0;NA;83712;10;2020-04-15;65
2020-04-14;"Banskobystrický kraj";0;0;0;0;NA;83712;0;2020-04-14;55
2020-04-13;"Banskobystrický kraj";2;0;0;0;NA;83712;2;2020-04-13;55
2020-04-12;"Banskobystrický kraj";4;0;0;0;NA;83712;4;2020-04-12;53
2020-04-11;"Banskobystrický kraj";1;0;0;0;NA;83712;1;2020-04-11;49
2020-04-10;"Banskobystrický kraj";0;0;0;0;NA;83712;0;2020-04-10;48
2020-04-09;"Banskobystrický kraj";2;0;0;0;NA;83712;2;2020-04-09;48
2020-04-08;"Banskobystrický kraj";0;0;0;0;NA;83712;0;2020-04-08;46
2020-04-07;"Banskobystrický kraj";4;0;0;0;NA;83712;4;2020-04-07;46
2020-04-06;"Banskobystrický kraj";10;0;0;0;NA;83712;10;2020-04-06;42
2020-04-05;"Banskobystrický kraj";9;0;0;0;NA;83712;9;2020-04-05;32
2020-04-04;"Banskobystrický kraj";0;0;0;0;NA;83712;0;2020-04-04;23
2020-04-03;"Banskobystrický kraj";2;0;0;0;NA;83712;2;2020-04-03;23
2020-04-02;"Banskobystrický kraj";2;0;0;0;NA;83712;2;2020-04-02;21
2020-04-01;"Banskobystrický kraj";5;0;0;0;NA;83712;5;2020-04-01;19
2020-03-31;"Banskobystrický kraj";3;0;0;0;NA;83712;3;2020-03-31;14
2020-03-30;"Banskobystrický kraj";1;0;0;0;NA;83712;1;2020-03-30;11
2020-03-29;"Banskobystrický kraj";2;0;0;0;NA;83712;2;2020-03-29;10
2020-03-28;"Banskobystrický kraj";1;0;0;0;NA;83712;1;2020-03-28;8
2020-03-27;"Banskobystrický kraj";1;0;0;0;NA;83712;1;2020-03-27;7
2020-03-26;"Banskobystrický kraj";1;0;0;0;NA;83712;1;2020-03-26;6
2020-03-25;"Banskobystrický kraj";0;0;0;0;NA;83712;0;2020-03-25;5
2020-03-24;"Banskobystrický kraj";1;0;0;0;NA;83712;1;2020-03-24;5
2020-03-23;"Banskobystrický kraj";1;0;0;0;NA;83712;1;2020-03-23;4
2020-03-22;"Banskobystrický kraj";0;0;0;0;NA;83712;0;2020-03-22;3
2020-03-21;"Banskobystrický kraj";3;0;0;0;NA;83712;3;2020-03-21;3
2020-03-20;"Banskobystrický kraj";0;0;0;0;NA;83712;0;2020-03-20;0
2020-03-19;"Banskobystrický kraj";2;0;0;0;NA;83712;2;2020-03-19;0
2020-03-18;"Banskobystrický kraj";1;0;0;0;NA;83712;1;2020-03-18;-2
2020-03-17;"Banskobystrický kraj";1;0;0;0;NA;83712;1;2020-03-17;-3
2020-03-16;"Banskobystrický kraj";0;0;0;0;NA;83712;0;2020-03-16;-4
2020-03-15;"Banskobystrický kraj";1;0;0;0;NA;83712;1;2020-03-15;-4
2020-03-14;"Banskobystrický kraj";0;0;0;0;NA;83712;0;2020-03-14;-5
2020-03-13;"Banskobystrický kraj";1;0;0;0;NA;83712;1;2020-03-13;-5
2020-03-12;"Banskobystrický kraj";0;0;0;0;NA;83712;0;2020-03-12;-6
2020-03-11;"Banskobystrický kraj";0;0;0;0;NA;83712;0;2020-03-11;-6
2020-03-09;"Banskobystrický kraj";0;0;0;0;NA;83712;0;2020-03-09;-6
2020-03-08;"Banskobystrický kraj";0;0;0;0;NA;83712;0;2020-03-08;-6
2020-03-07;"Banskobystrický kraj";0;0;0;0;NA;83712;0;2020-03-07;-6
2020-03-06;"Banskobystrický kraj";0;0;0;0;NA;83712;0;2020-03-06;-6
2021-06-21;"Bratislavský kraj";5;5280;9;5289;44327;90927;14;2021-06-21;90927
2021-06-20;"Bratislavský kraj";0;7336;6;7342;NA;90927;6;2021-06-20;90913
2021-06-19;"Bratislavský kraj";3;8186;4;8190;NA;90927;7;2021-06-19;90907
2021-06-18;"Bratislavský kraj";5;12360;9;12369;NA;90927;14;2021-06-18;90900
2021-06-17;"Bratislavský kraj";3;8373;13;8386;NA;90927;16;2021-06-17;90886
2021-06-16;"Bratislavský kraj";3;7054;4;7058;NA;90927;7;2021-06-16;90870
2021-06-15;"Bratislavský kraj";7;7198;16;7214;NA;90927;23;2021-06-15;90863
2021-06-14;"Bratislavský kraj";4;8132;9;8141;NA;90927;13;2021-06-14;90840
2021-06-13;"Bratislavský kraj";2;8677;10;8687;NA;90927;12;2021-06-13;90827
2021-06-12;"Bratislavský kraj";4;10609;11;10620;NA;90927;15;2021-06-12;90815
2021-06-11;"Bratislavský kraj";9;13336;21;13357;NA;90927;30;2021-06-11;90800
2021-06-10;"Bratislavský kraj";12;8511;15;8526;NA;90927;27;2021-06-10;90770
2021-06-09;"Bratislavský kraj";12;7575;12;7587;NA;90927;24;2021-06-09;90743
2021-06-08;"Bratislavský kraj";13;7616;29;7645;NA;90927;42;2021-06-08;90719
2021-06-07;"Bratislavský kraj";13;9101;43;9144;NA;90927;56;2021-06-07;90677
2021-06-06;"Bratislavský kraj";3;10213;20;10233;NA;90927;23;2021-06-06;90621
2021-06-05;"Bratislavský kraj";2;11993;15;12008;NA;90927;17;2021-06-05;90598
2021-06-04;"Bratislavský kraj";10;13556;31;13587;NA;90927;41;2021-06-04;90581
2021-06-03;"Bratislavský kraj";12;9451;19;9470;NA;90927;31;2021-06-03;90540
2021-06-02;"Bratislavský kraj";10;8684;17;8701;NA;90927;27;2021-06-02;90509
2021-06-01;"Bratislavský kraj";3;8540;25;8565;NA;90927;28;2021-06-01;90482
2021-05-31;"Bratislavský kraj";18;11120;32;11152;NA;90927;50;2021-05-31;90454
2021-05-30;"Bratislavský kraj";1;11608;16;11624;NA;90927;17;2021-05-30;90404
2021-05-29;"Bratislavský kraj";4;11742;8;11750;NA;90927;12;2021-05-29;90387
2021-05-28;"Bratislavský kraj";14;15585;22;15607;NA;90927;36;2021-05-28;90375
2021-05-27;"Bratislavský kraj";5;11196;18;11214;NA;90927;23;2021-05-27;90339
2021-05-26;"Bratislavský kraj";20;10653;17;10670;NA;90927;37;2021-05-26;90316
2021-05-25;"Bratislavský kraj";19;11338;31;11369;NA;90927;50;2021-05-25;90279
2021-05-24;"Bratislavský kraj";12;12965;23;12988;NA;90927;35;2021-05-24;90229
2021-05-23;"Bratislavský kraj";7;12858;24;12882;NA;90927;31;2021-05-23;90194
2021-05-22;"Bratislavský kraj";6;13522;21;13543;NA;90927;27;2021-05-22;90163
2021-05-21;"Bratislavský kraj";15;18645;22;18667;NA;90927;37;2021-05-21;90136
2021-05-20;"Bratislavský kraj";15;13718;17;13735;NA;90927;32;2021-05-20;90099
2021-05-19;"Bratislavský kraj";21;11760;24;11784;NA;90927;45;2021-05-19;90067
2021-05-18;"Bratislavský kraj";14;12748;32;12780;NA;90927;46;2021-05-18;90022
2021-05-17;"Bratislavský kraj";15;13750;29;13779;NA;90927;44;2021-05-17;89976
2021-05-16;"Bratislavský kraj";12;19549;32;19581;NA;90927;44;2021-05-16;89932
2021-05-15;"Bratislavský kraj";1;17469;30;17499;NA;90927;31;2021-05-15;89888
2021-05-14;"Bratislavský kraj";15;21841;30;21871;NA;90927;45;2021-05-14;89857
2021-05-13;"Bratislavský kraj";9;15952;17;15969;NA;90927;26;2021-05-13;89812
2021-05-12;"Bratislavský kraj";11;14413;28;14441;NA;90927;39;2021-05-12;89786
2021-05-11;"Bratislavský kraj";29;16490;31;16521;NA;90927;60;2021-05-11;89747
2021-05-10;"Bratislavský kraj";27;19747;64;19811;NA;90927;91;2021-05-10;89687
2021-05-09;"Bratislavský kraj";9;29162;32;29194;NA;90927;41;2021-05-09;89596
2021-05-08;"Bratislavský kraj";5;19014;24;19038;NA;90927;29;2021-05-08;89555
2021-05-07;"Bratislavský kraj";32;27516;64;27580;NA;90927;96;2021-05-07;89526
2021-05-06;"Bratislavský kraj";19;20079;52;20131;NA;90927;71;2021-05-06;89430
2021-05-05;"Bratislavský kraj";29;15368;29;15397;NA;90927;58;2021-05-05;89359
2021-05-04;"Bratislavský kraj";46;18910;53;18963;NA;90927;99;2021-05-04;89301
2021-05-03;"Bratislavský kraj";37;22180;64;22244;NA;90927;101;2021-05-03;89202
2021-05-02;"Bratislavský kraj";38;43064;75;43139;NA;90927;113;2021-05-02;89101
2021-05-01;"Bratislavský kraj";11;39905;40;39945;NA;90927;51;2021-05-01;88988
2021-04-30;"Bratislavský kraj";43;46706;82;46788;NA;90927;125;2021-04-30;88937
2021-04-29;"Bratislavský kraj";48;30015;94;30109;NA;90927;142;2021-04-29;88812
2021-04-28;"Bratislavský kraj";40;28408;76;28484;NA;90927;116;2021-04-28;88670
2021-04-27;"Bratislavský kraj";41;29922;52;29974;NA;90927;93;2021-04-27;88554
2021-04-26;"Bratislavský kraj";59;34519;96;34615;NA;90927;155;2021-04-26;88461
2021-04-25;"Bratislavský kraj";8;57615;74;57689;NA;90927;82;2021-04-25;88306
2021-04-24;"Bratislavský kraj";28;74254;66;74320;NA;90927;94;2021-04-24;88224
2021-04-23;"Bratislavský kraj";70;47937;61;47998;NA;90927;131;2021-04-23;88130
2021-04-22;"Bratislavský kraj";39;30816;72;30888;NA;90927;111;2021-04-22;87999
2021-04-21;"Bratislavský kraj";48;30099;62;30161;NA;90927;110;2021-04-21;87888
2021-04-20;"Bratislavský kraj";58;34760;63;34823;NA;90927;121;2021-04-20;87778
2021-04-19;"Bratislavský kraj";48;39305;80;39385;NA;90927;128;2021-04-19;87657
2021-04-18;"Bratislavský kraj";35;62300;76;62376;NA;90927;111;2021-04-18;87529
2021-04-17;"Bratislavský kraj";13;79656;111;79767;NA;90927;124;2021-04-17;87418
2021-04-16;"Bratislavský kraj";62;46723;80;46803;NA;90927;142;2021-04-16;87294
2021-04-15;"Bratislavský kraj";34;31695;74;31769;NA;90927;108;2021-04-15;87152
2021-04-14;"Bratislavský kraj";65;33494;88;33582;NA;90927;153;2021-04-14;87044
2021-04-13;"Bratislavský kraj";82;35032;82;35114;NA;90927;164;2021-04-13;86891
2021-04-12;"Bratislavský kraj";77;42034;115;42149;NA;90927;192;2021-04-12;86727
2021-04-11;"Bratislavský kraj";42;61151;123;61274;NA;90927;165;2021-04-11;86535
2021-04-10;"Bratislavský kraj";14;77167;167;77334;NA;90927;181;2021-04-10;86370
2021-04-09;"Bratislavský kraj";72;41034;97;41131;NA;90927;169;2021-04-09;86189
2021-04-08;"Bratislavský kraj";71;28475;93;28568;NA;90927;164;2021-04-08;86020
2021-04-07;"Bratislavský kraj";96;37570;101;37671;NA;90927;197;2021-04-07;85856
2021-04-06;"Bratislavský kraj";94;55523;175;55698;NA;90927;269;2021-04-06;85659
2021-04-05;"Bratislavský kraj";85;18380;85;18465;NA;90927;170;2021-04-05;85390
2021-04-04;"Bratislavský kraj";37;29225;75;29300;NA;90927;112;2021-04-04;85220
2021-04-03;"Bratislavský kraj";52;79082;220;79302;NA;90927;272;2021-04-03;85108
2021-04-02;"Bratislavský kraj";33;23790;104;23894;NA;90927;137;2021-04-02;84836
2021-04-01;"Bratislavský kraj";119;56653;158;56811;NA;90927;277;2021-04-01;84699
2021-03-31;"Bratislavský kraj";105;45689;149;45838;NA;90927;254;2021-03-31;84422
2021-03-30;"Bratislavský kraj";100;39010;142;39152;NA;90927;242;2021-03-30;84168
2021-03-29;"Bratislavský kraj";153;40124;178;40302;NA;90927;331;2021-03-29;83926
2021-03-28;"Bratislavský kraj";59;53372;137;53509;NA;90927;196;2021-03-28;83595
2021-03-27;"Bratislavský kraj";53;79160;239;79399;NA;90927;292;2021-03-27;83399
2021-03-26;"Bratislavský kraj";114;55513;190;55703;NA;90927;304;2021-03-26;83107
2021-03-25;"Bratislavský kraj";76;36300;170;36470;NA;90927;246;2021-03-25;82803
2021-03-24;"Bratislavský kraj";120;30184;200;30384;NA;90927;320;2021-03-24;82557
2021-03-23;"Bratislavský kraj";138;36029;189;36218;NA;90927;327;2021-03-23;82237
2021-03-22;"Bratislavský kraj";110;42516;218;42734;NA;90927;328;2021-03-22;81910
2021-03-21;"Bratislavský kraj";54;61299;212;61511;NA;90927;266;2021-03-21;81582
2021-03-20;"Bratislavský kraj";59;72630;228;72858;NA;90927;287;2021-03-20;81316
2021-03-19;"Bratislavský kraj";139;53952;255;54207;NA;90927;394;2021-03-19;81029
2021-03-18;"Bratislavský kraj";142;34057;190;34247;NA;90927;332;2021-03-18;80635
2021-03-17;"Bratislavský kraj";177;30179;215;30394;NA;90927;392;2021-03-17;80303
2021-03-16;"Bratislavský kraj";258;36425;282;36707;NA;90927;540;2021-03-16;79911
2021-03-15;"Bratislavský kraj";180;38089;252;38341;NA;90927;432;2021-03-15;79371
2021-03-14;"Bratislavský kraj";75;52609;275;52884;NA;90927;350;2021-03-14;78939
2021-03-13;"Bratislavský kraj";110;79741;329;80070;NA;90927;439;2021-03-13;78589
2021-03-12;"Bratislavský kraj";152;54534;301;54835;NA;90927;453;2021-03-12;78150
2021-03-11;"Bratislavský kraj";178;34290;281;34571;NA;90927;459;2021-03-11;77697
2021-03-10;"Bratislavský kraj";164;30828;273;31101;NA;90927;437;2021-03-10;77238
2021-03-09;"Bratislavský kraj";242;37798;267;38065;NA;90927;509;2021-03-09;76801
2021-03-08;"Bratislavský kraj";255;40722;343;41065;NA;90927;598;2021-03-08;76292
2021-03-07;"Bratislavský kraj";142;52812;301;53113;NA;90927;443;2021-03-07;75694
2021-03-06;"Bratislavský kraj";79;71410;412;71822;NA;90927;491;2021-03-06;75251
2021-03-05;"Bratislavský kraj";238;50484;292;50776;NA;90927;530;2021-03-05;74760
2021-03-04;"Bratislavský kraj";204;34544;344;34888;NA;90927;548;2021-03-04;74230
2021-03-03;"Bratislavský kraj";250;30525;364;30889;NA;90927;614;2021-03-03;73682
2021-03-02;"Bratislavský kraj";267;39735;388;40123;NA;90927;655;2021-03-02;73068
2021-03-01;"Bratislavský kraj";320;38222;432;38654;NA;90927;752;2021-03-01;72413
2021-02-28;"Bratislavský kraj";184;50323;323;50646;NA;90927;507;2021-02-28;71661
2021-02-27;"Bratislavský kraj";151;76580;464;77044;NA;90927;615;2021-02-27;71154
2021-02-26;"Bratislavský kraj";277;47265;400;47665;NA;90927;677;2021-02-26;70539
2021-02-25;"Bratislavský kraj";277;28769;405;29174;NA;90927;682;2021-02-25;69862
2021-02-24;"Bratislavský kraj";217;27095;412;27507;NA;90927;629;2021-02-24;69180
2021-02-23;"Bratislavský kraj";257;31297;395;31692;NA;90927;652;2021-02-23;68551
2021-02-22;"Bratislavský kraj";353;36454;480;36934;NA;90927;833;2021-02-22;67899
2021-02-21;"Bratislavský kraj";185;54150;396;54546;NA;90927;581;2021-02-21;67066
2021-02-20;"Bratislavský kraj";167;74787;550;75337;NA;90927;717;2021-02-20;66485
2021-02-19;"Bratislavský kraj";280;44871;415;45286;NA;90927;695;2021-02-19;65768
2021-02-18;"Bratislavský kraj";263;26377;371;26748;NA;90927;634;2021-02-18;65073
2021-02-17;"Bratislavský kraj";264;22815;316;23131;NA;90927;580;2021-02-17;64439
2021-02-16;"Bratislavský kraj";289;28265;354;28619;NA;90927;643;2021-02-16;63859
2021-02-15;"Bratislavský kraj";248;36893;396;37289;NA;90927;644;2021-02-15;63216
2021-02-14;"Bratislavský kraj";153;47948;323;48271;NA;90927;476;2021-02-14;62572
2021-02-13;"Bratislavský kraj";173;68589;515;69104;NA;90927;688;2021-02-13;62096
2021-02-12;"Bratislavský kraj";282;35729;327;36056;NA;90927;609;2021-02-12;61408
2021-02-11;"Bratislavský kraj";337;24542;285;24827;NA;90927;622;2021-02-11;60799
2021-02-10;"Bratislavský kraj";314;23120;359;23479;NA;90927;673;2021-02-10;60177
2021-02-09;"Bratislavský kraj";288;36565;454;37019;NA;90927;742;2021-02-09;59504
2021-02-08;"Bratislavský kraj";484;31866;397;32263;NA;90927;881;2021-02-08;58762
2021-02-07;"Bratislavský kraj";243;51290;425;51715;NA;90927;668;2021-02-07;57881
2021-02-06;"Bratislavský kraj";116;62602;508;63110;NA;90927;624;2021-02-06;57213
2021-02-05;"Bratislavský kraj";327;27033;375;27408;NA;90927;702;2021-02-05;56589
2021-02-04;"Bratislavský kraj";555;17260;348;17608;NA;90927;903;2021-02-04;55887
2021-02-03;"Bratislavský kraj";161;13057;351;13408;NA;90927;512;2021-02-03;54984
2021-02-02;"Bratislavský kraj";397;25945;480;26425;NA;90927;877;2021-02-02;54472
2021-02-01;"Bratislavský kraj";221;35536;513;36049;NA;90927;734;2021-02-01;53595
2021-01-31;"Bratislavský kraj";180;35693;425;36118;NA;90927;605;2021-01-31;52861
2021-01-30;"Bratislavský kraj";310;49588;521;50109;NA;90927;831;2021-01-30;52256
2021-01-29;"Bratislavský kraj";344;16568;344;16912;NA;90927;688;2021-01-29;51425
2021-01-28;"Bratislavský kraj";307;10710;297;11007;NA;90927;604;2021-01-28;50737
2021-01-27;"Bratislavský kraj";336;22052;340;22392;NA;90927;676;2021-01-27;50133
2021-01-26;"Bratislavský kraj";297;21550;292;21842;NA;90927;589;2021-01-26;49457
2021-01-25;"Bratislavský kraj";356;23023;243;23266;NA;90927;599;2021-01-25;48868
2021-01-24;"Bratislavský kraj";175;37903;404;38307;NA;90927;579;2021-01-24;48269
2021-01-23;"Bratislavský kraj";396;79447;690;80137;NA;90927;1086;2021-01-23;47690
2021-01-22;"Bratislavský kraj";199;42028;365;42393;NA;90927;564;2021-01-22;46604
2021-01-21;"Bratislavský kraj";255;105732;1317;107049;NA;90927;1572;2021-01-21;46040
2021-01-20;"Bratislavský kraj";360;27252;450;27702;NA;90927;810;2021-01-20;44468
2021-01-19;"Bratislavský kraj";375;15309;346;15655;NA;90927;721;2021-01-19;43658
2021-01-18;"Bratislavský kraj";357;12533;707;13240;NA;90927;1064;2021-01-18;42937
2021-01-17;"Bratislavský kraj";244;482;26;508;NA;90927;270;2021-01-17;41873
2021-01-16;"Bratislavský kraj";70;3016;156;3172;NA;90927;226;2021-01-16;41603
2021-01-15;"Bratislavský kraj";251;7896;256;8152;NA;90927;507;2021-01-15;41377
2021-01-14;"Bratislavský kraj";363;8511;273;8784;NA;90927;636;2021-01-14;40870
2021-01-13;"Bratislavský kraj";336;8490;327;8817;NA;90927;663;2021-01-13;40234
2021-01-12;"Bratislavský kraj";450;10729;463;11192;NA;90927;913;2021-01-12;39571
2021-01-11;"Bratislavský kraj";397;20140;381;20521;NA;90927;778;2021-01-11;38658
2021-01-10;"Bratislavský kraj";252;1507;79;1586;NA;90927;331;2021-01-10;37880
2021-01-09;"Bratislavský kraj";351;5005;291;5296;NA;90927;642;2021-01-09;37549
2021-01-08;"Bratislavský kraj";556;10045;436;10481;NA;90927;992;2021-01-08;36907
2021-01-07;"Bratislavský kraj";537;7532;409;7941;NA;90927;946;2021-01-07;35915
2021-01-06;"Bratislavský kraj";271;3329;216;3545;NA;90927;487;2021-01-06;34969
2021-01-05;"Bratislavský kraj";619;11035;846;11881;NA;90927;1465;2021-01-05;34482
2021-01-04;"Bratislavský kraj";601;8634;606;9240;NA;90927;1207;2021-01-04;33017
2021-01-03;"Bratislavský kraj";77;433;41;474;NA;90927;118;2021-01-03;31810
2021-01-02;"Bratislavský kraj";185;462;57;519;NA;90927;242;2021-01-02;31692
2021-01-01;"Bratislavský kraj";235;3277;131;3408;NA;90927;366;2021-01-01;31450
2020-12-31;"Bratislavský kraj";925;14685;563;15248;NA;90927;1488;2020-12-31;31084
2020-12-30;"Bratislavský kraj";650;9823;554;10377;NA;90927;1204;2020-12-30;29596
2020-12-29;"Bratislavský kraj";303;10887;776;11663;NA;90927;1079;2020-12-29;28392
2020-12-28;"Bratislavský kraj";255;8447;560;9007;NA;90927;815;2020-12-28;27313
2020-12-27;"Bratislavský kraj";160;709;76;785;NA;90927;236;2020-12-27;26498
2020-12-26;"Bratislavský kraj";75;480;27;507;NA;90927;102;2020-12-26;26262
2020-12-25;"Bratislavský kraj";114;503;38;541;NA;90927;152;2020-12-25;26160
2020-12-24;"Bratislavský kraj";536;3461;102;3563;NA;90927;638;2020-12-24;26008
2020-12-23;"Bratislavský kraj";416;13293;500;13793;NA;90927;916;2020-12-23;25370
2020-12-22;"Bratislavský kraj";327;15783;772;16555;NA;90927;1099;2020-12-22;24454
2020-12-21;"Bratislavský kraj";392;15669;2007;17676;NA;90927;2399;2020-12-21;23355
2020-12-20;"Bratislavský kraj";180;775;54;829;NA;90927;234;2020-12-20;20956
2020-12-19;"Bratislavský kraj";396;3314;130;3444;NA;90927;526;2020-12-19;20722
2020-12-18;"Bratislavský kraj";306;10735;401;11136;NA;90927;707;2020-12-18;20196
2020-12-17;"Bratislavský kraj";502;10270;412;10682;NA;90927;914;2020-12-17;19489
2020-12-16;"Bratislavský kraj";282;10772;452;11224;NA;90927;734;2020-12-16;18575
2020-12-15;"Bratislavský kraj";423;10916;479;11395;NA;90927;902;2020-12-15;17841
2020-12-14;"Bratislavský kraj";279;7198;293;7491;NA;90927;572;2020-12-14;16939
2020-12-13;"Bratislavský kraj";125;139;10;149;NA;90927;135;2020-12-13;16367
2020-12-12;"Bratislavský kraj";361;3886;157;4043;NA;90927;518;2020-12-12;16232
2020-12-11;"Bratislavský kraj";326;7344;289;7633;NA;90927;615;2020-12-11;15714
2020-12-10;"Bratislavský kraj";286;5823;209;6032;NA;90927;495;2020-12-10;15099
2020-12-09;"Bratislavský kraj";382;4795;178;4973;NA;90927;560;2020-12-09;14604
2020-12-08;"Bratislavský kraj";234;6243;207;6450;NA;90927;441;2020-12-08;14044
2020-12-07;"Bratislavský kraj";272;4639;152;4791;NA;90927;424;2020-12-07;13603
2020-12-06;"Bratislavský kraj";61;1625;52;1677;NA;90927;113;2020-12-06;13179
2020-12-05;"Bratislavský kraj";266;2221;41;2262;NA;90927;307;2020-12-05;13066
2020-12-04;"Bratislavský kraj";200;4954;99;5053;NA;90927;299;2020-12-04;12759
2020-12-03;"Bratislavský kraj";213;5672;95;5767;NA;90927;308;2020-12-03;12460
2020-12-02;"Bratislavský kraj";205;3462;103;3565;NA;90927;308;2020-12-02;12152
2020-12-01;"Bratislavský kraj";255;3889;172;4061;NA;90927;427;2020-12-01;11844
2020-11-30;"Bratislavský kraj";152;2153;121;2274;NA;90927;273;2020-11-30;11417
2020-11-29;"Bratislavský kraj";52;201;24;225;NA;90927;76;2020-11-29;11144
2020-11-28;"Bratislavský kraj";232;2624;33;2657;NA;90927;265;2020-11-28;11068
2020-11-27;"Bratislavský kraj";54;2540;64;2604;NA;90927;118;2020-11-27;10803
2020-11-26;"Bratislavský kraj";129;1976;60;2036;NA;90927;189;2020-11-26;10685
2020-11-25;"Bratislavský kraj";140;1770;47;1817;NA;90927;187;2020-11-25;10496
2020-11-24;"Bratislavský kraj";81;2988;67;3055;NA;90927;148;2020-11-24;10309
2020-11-23;"Bratislavský kraj";67;7083;58;7141;NA;90927;125;2020-11-23;10161
2020-11-22;"Bratislavský kraj";36;81;7;88;NA;90927;43;2020-11-22;10036
2020-11-21;"Bratislavský kraj";109;2126;47;2173;NA;90927;156;2020-11-21;9993
2020-11-20;"Bratislavský kraj";118;2876;48;2924;NA;90927;166;2020-11-20;9837
2020-11-19;"Bratislavský kraj";173;987;29;1016;NA;90927;202;2020-11-19;9671
2020-11-18;"Bratislavský kraj";118;616;75;691;NA;90927;193;2020-11-18;9469
2020-11-17;"Bratislavský kraj";108;928;23;951;NA;90927;131;2020-11-17;9276
2020-11-16;"Bratislavský kraj";82;651;9;660;NA;90927;91;2020-11-16;9145
2020-11-15;"Bratislavský kraj";47;236;0;236;NA;90927;47;2020-11-15;9054
2020-11-14;"Bratislavský kraj";53;1834;15;1849;NA;90927;68;2020-11-14;9007
2020-11-13;"Bratislavský kraj";94;2096;21;2117;NA;90927;115;2020-11-13;8939
2020-11-12;"Bratislavský kraj";141;1727;6;1733;NA;90927;147;2020-11-12;8824
2020-11-11;"Bratislavský kraj";159;1429;12;1441;NA;90927;171;2020-11-11;8677
2020-11-10;"Bratislavský kraj";136;805;14;819;NA;90927;150;2020-11-10;8506
2020-11-09;"Bratislavský kraj";70;616;8;624;NA;90927;78;2020-11-09;8356
2020-11-08;"Bratislavský kraj";82;869;6;875;NA;90927;88;2020-11-08;8278
2020-11-07;"Bratislavský kraj";88;4039;17;4056;NA;90927;105;2020-11-07;8190
2020-11-06;"Bratislavský kraj";281;6441;25;6466;NA;90927;306;2020-11-06;8085
2020-11-05;"Bratislavský kraj";175;476;11;487;NA;90927;186;2020-11-05;7779
2020-11-04;"Bratislavský kraj";65;411;10;421;NA;90927;75;2020-11-04;7593
2020-11-03;"Bratislavský kraj";251;1085;12;1097;NA;90927;263;2020-11-03;7518
2020-11-02;"Bratislavský kraj";202;3365;22;3387;NA;90927;224;2020-11-02;7255
2020-11-01;"Bratislavský kraj";227;8694;39;8733;NA;90927;266;2020-11-01;7031
2020-10-31;"Bratislavský kraj";173;22407;123;22530;NA;90927;296;2020-10-31;6765
2020-10-30;"Bratislavský kraj";158;17350;138;17488;NA;90927;296;2020-10-30;6469
2020-10-29;"Bratislavský kraj";262;116;4;120;NA;90927;266;2020-10-29;6173
2020-10-28;"Bratislavský kraj";220;260;15;275;NA;90927;235;2020-10-28;5907
2020-10-27;"Bratislavský kraj";256;145;4;149;NA;90927;260;2020-10-27;5672
2020-10-26;"Bratislavský kraj";123;229;11;240;NA;90927;134;2020-10-26;5412
2020-10-25;"Bratislavský kraj";152;33;2;35;NA;90927;154;2020-10-25;5278
2020-10-24;"Bratislavský kraj";170;221;6;227;NA;90927;176;2020-10-24;5124
2020-10-23;"Bratislavský kraj";151;144;8;152;NA;90927;159;2020-10-23;4948
2020-10-22;"Bratislavský kraj";192;204;15;219;NA;90927;207;2020-10-22;4789
2020-10-21;"Bratislavský kraj";66;90;6;96;NA;90927;72;2020-10-21;4582
2020-10-20;"Bratislavský kraj";183;97;4;101;NA;90927;187;2020-10-20;4510
2020-10-19;"Bratislavský kraj";148;80;3;83;NA;90927;151;2020-10-19;4323
2020-10-18;"Bratislavský kraj";75;92;0;92;NA;90927;75;2020-10-18;4172
2020-10-17;"Bratislavský kraj";136;0;0;0;NA;90927;136;2020-10-17;4097
2020-10-16;"Bratislavský kraj";103;14;1;15;NA;90927;104;2020-10-16;3961
2020-10-15;"Bratislavský kraj";135;6;1;7;NA;90927;136;2020-10-15;3857
2020-10-14;"Bratislavský kraj";127;4;0;4;NA;90927;127;2020-10-14;3721
2020-10-13;"Bratislavský kraj";86;108;8;116;NA;90927;94;2020-10-13;3594
2020-10-12;"Bratislavský kraj";46;0;0;0;NA;90927;46;2020-10-12;3500
2020-10-11;"Bratislavský kraj";80;0;0;0;NA;90927;80;2020-10-11;3454
2020-10-10;"Bratislavský kraj";55;0;0;0;NA;90927;55;2020-10-10;3374
2020-10-09;"Bratislavský kraj";148;0;0;0;NA;90927;148;2020-10-09;3319
2020-10-08;"Bratislavský kraj";100;0;0;0;NA;90927;100;2020-10-08;3171
2020-10-07;"Bratislavský kraj";107;0;0;0;NA;90927;107;2020-10-07;3071
2020-10-06;"Bratislavský kraj";108;0;0;0;NA;90927;108;2020-10-06;2964
2020-10-05;"Bratislavský kraj";30;0;0;0;NA;90927;30;2020-10-05;2856
2020-10-04;"Bratislavský kraj";49;0;0;0;NA;90927;49;2020-10-04;2826
2020-10-03;"Bratislavský kraj";82;0;0;0;NA;90927;82;2020-10-03;2777
2020-10-02;"Bratislavský kraj";101;0;0;0;NA;90927;101;2020-10-02;2695
2020-10-01;"Bratislavský kraj";72;0;0;0;NA;90927;72;2020-10-01;2594
2020-09-30;"Bratislavský kraj";91;0;0;0;NA;90927;91;2020-09-30;2522
2020-09-29;"Bratislavský kraj";74;0;0;0;NA;90927;74;2020-09-29;2431
2020-09-28;"Bratislavský kraj";29;0;0;0;NA;90927;29;2020-09-28;2357
2020-09-27;"Bratislavský kraj";48;0;0;0;NA;90927;48;2020-09-27;2328
2020-09-26;"Bratislavský kraj";86;0;0;0;NA;90927;86;2020-09-26;2280
2020-09-25;"Bratislavský kraj";97;0;0;0;NA;90927;97;2020-09-25;2194
2020-09-24;"Bratislavský kraj";73;0;0;0;NA;90927;73;2020-09-24;2097
2020-09-23;"Bratislavský kraj";55;0;0;0;NA;90927;55;2020-09-23;2024
2020-09-22;"Bratislavský kraj";81;0;0;0;NA;90927;81;2020-09-22;1969
2020-09-21;"Bratislavský kraj";32;0;0;0;NA;90927;32;2020-09-21;1888
2020-09-20;"Bratislavský kraj";25;0;0;0;NA;90927;25;2020-09-20;1856
2020-09-19;"Bratislavský kraj";59;0;0;0;NA;90927;59;2020-09-19;1831
2020-09-18;"Bratislavský kraj";42;0;0;0;NA;90927;42;2020-09-18;1772
2020-09-17;"Bratislavský kraj";52;0;0;0;NA;90927;52;2020-09-17;1730
2020-09-16;"Bratislavský kraj";32;0;0;0;NA;90927;32;2020-09-16;1678
2020-09-15;"Bratislavský kraj";26;0;0;0;NA;90927;26;2020-09-15;1646
2020-09-14;"Bratislavský kraj";24;0;0;0;NA;90927;24;2020-09-14;1620
2020-09-13;"Bratislavský kraj";11;0;0;0;NA;90927;11;2020-09-13;1596
2020-09-12;"Bratislavský kraj";24;0;0;0;NA;90927;24;2020-09-12;1585
2020-09-11;"Bratislavský kraj";50;0;0;0;NA;90927;50;2020-09-11;1561
2020-09-10;"Bratislavský kraj";47;0;0;0;NA;90927;47;2020-09-10;1511
2020-09-09;"Bratislavský kraj";40;0;0;0;NA;90927;40;2020-09-09;1464
2020-09-08;"Bratislavský kraj";58;0;0;0;NA;90927;58;2020-09-08;1424
2020-09-07;"Bratislavský kraj";39;0;0;0;NA;90927;39;2020-09-07;1366
2020-09-06;"Bratislavský kraj";11;0;0;0;NA;90927;11;2020-09-06;1327
2020-09-05;"Bratislavský kraj";37;0;0;0;NA;90927;37;2020-09-05;1316
2020-09-04;"Bratislavský kraj";87;0;0;0;NA;90927;87;2020-09-04;1279
2020-09-03;"Bratislavský kraj";51;0;0;0;NA;90927;51;2020-09-03;1192
2020-09-02;"Bratislavský kraj";50;0;0;0;NA;90927;50;2020-09-02;1141
2020-09-01;"Bratislavský kraj";16;0;0;0;NA;90927;16;2020-09-01;1091
2020-08-31;"Bratislavský kraj";19;0;0;0;NA;90927;19;2020-08-31;1075
2020-08-30;"Bratislavský kraj";9;0;0;0;NA;90927;9;2020-08-30;1056
2020-08-29;"Bratislavský kraj";12;0;0;0;NA;90927;12;2020-08-29;1047
2020-08-28;"Bratislavský kraj";35;0;0;0;NA;90927;35;2020-08-28;1035
2020-08-27;"Bratislavský kraj";33;0;0;0;NA;90927;33;2020-08-27;1000
2020-08-26;"Bratislavský kraj";27;0;0;0;NA;90927;27;2020-08-26;967
2020-08-25;"Bratislavský kraj";29;0;0;0;NA;90927;29;2020-08-25;940
2020-08-24;"Bratislavský kraj";6;0;0;0;NA;90927;6;2020-08-24;911
2020-08-23;"Bratislavský kraj";45;0;0;0;NA;90927;45;2020-08-23;905
2020-08-22;"Bratislavský kraj";13;0;0;0;NA;90927;13;2020-08-22;860
2020-08-21;"Bratislavský kraj";46;0;0;0;NA;90927;46;2020-08-21;847
2020-08-20;"Bratislavský kraj";41;0;0;0;NA;90927;41;2020-08-20;801
2020-08-19;"Bratislavský kraj";27;0;0;0;NA;90927;27;2020-08-19;760
2020-08-18;"Bratislavský kraj";47;0;0;0;NA;90927;47;2020-08-18;733
2020-08-17;"Bratislavský kraj";2;0;0;0;NA;90927;2;2020-08-17;686
2020-08-16;"Bratislavský kraj";3;0;0;0;NA;90927;3;2020-08-16;684
2020-08-15;"Bratislavský kraj";18;0;0;0;NA;90927;18;2020-08-15;681
2020-08-14;"Bratislavský kraj";16;0;0;0;NA;90927;16;2020-08-14;663
2020-08-13;"Bratislavský kraj";12;0;0;0;NA;90927;12;2020-08-13;647
2020-08-12;"Bratislavský kraj";10;0;0;0;NA;90927;10;2020-08-12;635
2020-08-11;"Bratislavský kraj";23;0;0;0;NA;90927;23;2020-08-11;625
2020-08-10;"Bratislavský kraj";2;0;0;0;NA;90927;2;2020-08-10;602
2020-08-09;"Bratislavský kraj";2;0;0;0;NA;90927;2;2020-08-09;600
2020-08-08;"Bratislavský kraj";1;0;0;0;NA;90927;1;2020-08-08;598
2020-08-07;"Bratislavský kraj";9;0;0;0;NA;90927;9;2020-08-07;597
2020-08-06;"Bratislavský kraj";15;0;0;0;NA;90927;15;2020-08-06;588
2020-08-05;"Bratislavský kraj";11;0;0;0;NA;90927;11;2020-08-05;573
2020-08-04;"Bratislavský kraj";21;0;0;0;NA;90927;21;2020-08-04;562
2020-08-03;"Bratislavský kraj";7;0;0;0;NA;90927;7;2020-08-03;541
2020-08-02;"Bratislavský kraj";0;0;0;0;NA;90927;0;2020-08-02;534
2020-08-01;"Bratislavský kraj";0;0;0;0;NA;90927;0;2020-08-01;534
2020-07-31;"Bratislavský kraj";14;0;0;0;NA;90927;14;2020-07-31;534
2020-07-30;"Bratislavský kraj";6;0;0;0;NA;90927;6;2020-07-30;520
2020-07-29;"Bratislavský kraj";7;0;0;0;NA;90927;7;2020-07-29;514
2020-07-28;"Bratislavský kraj";14;0;0;0;NA;90927;14;2020-07-28;507
2020-07-27;"Bratislavský kraj";3;0;0;0;NA;90927;3;2020-07-27;493
2020-07-26;"Bratislavský kraj";0;0;0;0;NA;90927;0;2020-07-26;490
2020-07-25;"Bratislavský kraj";8;0;0;0;NA;90927;8;2020-07-25;490
2020-07-24;"Bratislavský kraj";2;0;0;0;NA;90927;2;2020-07-24;482
2020-07-23;"Bratislavský kraj";8;0;0;0;NA;90927;8;2020-07-23;480
2020-07-22;"Bratislavský kraj";11;0;0;0;NA;90927;11;2020-07-22;472
2020-07-21;"Bratislavský kraj";8;0;0;0;NA;90927;8;2020-07-21;461
2020-07-20;"Bratislavský kraj";12;0;0;0;NA;90927;12;2020-07-20;453
2020-07-19;"Bratislavský kraj";0;0;0;0;NA;90927;0;2020-07-19;441
2020-07-18;"Bratislavský kraj";2;0;0;0;NA;90927;2;2020-07-18;441
2020-07-17;"Bratislavský kraj";2;0;0;0;NA;90927;2;2020-07-17;439
2020-07-16;"Bratislavský kraj";6;0;0;0;NA;90927;6;2020-07-16;437
2020-07-15;"Bratislavský kraj";3;0;0;0;NA;90927;3;2020-07-15;431
2020-07-14;"Bratislavský kraj";2;0;0;0;NA;90927;2;2020-07-14;428
2020-07-13;"Bratislavský kraj";2;0;0;0;NA;90927;2;2020-07-13;426
2020-07-12;"Bratislavský kraj";0;0;0;0;NA;90927;0;2020-07-12;424
2020-07-11;"Bratislavský kraj";0;0;0;0;NA;90927;0;2020-07-11;424
2020-07-10;"Bratislavský kraj";8;0;0;0;NA;90927;8;2020-07-10;424
2020-07-09;"Bratislavský kraj";2;0;0;0;NA;90927;2;2020-07-09;416
2020-07-08;"Bratislavský kraj";11;0;0;0;NA;90927;11;2020-07-08;414
2020-07-07;"Bratislavský kraj";5;0;0;0;NA;90927;5;2020-07-07;403
2020-07-06;"Bratislavský kraj";1;0;0;0;NA;90927;1;2020-07-06;398
2020-07-05;"Bratislavský kraj";0;0;0;0;NA;90927;0;2020-07-05;397
2020-07-04;"Bratislavský kraj";3;0;0;0;NA;90927;3;2020-07-04;397
2020-07-03;"Bratislavský kraj";1;0;0;0;NA;90927;1;2020-07-03;394
2020-07-02;"Bratislavský kraj";0;0;0;0;NA;90927;0;2020-07-02;393
2020-07-01;"Bratislavský kraj";7;0;0;0;NA;90927;7;2020-07-01;393
2020-06-30;"Bratislavský kraj";3;0;0;0;NA;90927;3;2020-06-30;386
2020-06-29;"Bratislavský kraj";1;0;0;0;NA;90927;1;2020-06-29;383
2020-06-28;"Bratislavský kraj";0;0;0;0;NA;90927;0;2020-06-28;382
2020-06-27;"Bratislavský kraj";1;0;0;0;NA;90927;1;2020-06-27;382
2020-06-26;"Bratislavský kraj";6;0;0;0;NA;90927;6;2020-06-26;381
2020-06-25;"Bratislavský kraj";0;0;0;0;NA;90927;0;2020-06-25;375
2020-06-24;"Bratislavský kraj";3;0;0;0;NA;90927;3;2020-06-24;375
2020-06-23;"Bratislavský kraj";0;0;0;0;NA;90927;0;2020-06-23;372
2020-06-22;"Bratislavský kraj";1;0;0;0;NA;90927;1;2020-06-22;372
2020-06-21;"Bratislavský kraj";0;0;0;0;NA;90927;0;2020-06-21;371
2020-06-20;"Bratislavský kraj";0;0;0;0;NA;90927;0;2020-06-20;371
2020-06-19;"Bratislavský kraj";3;0;0;0;NA;90927;3;2020-06-19;371
2020-06-18;"Bratislavský kraj";0;0;0;0;NA;90927;0;2020-06-18;368
2020-06-17;"Bratislavský kraj";0;0;0;0;NA;90927;0;2020-06-17;368
2020-06-16;"Bratislavský kraj";0;0;0;0;NA;90927;0;2020-06-16;368
2020-06-14;"Bratislavský kraj";2;0;0;0;NA;90927;2;2020-06-14;368
2020-06-13;"Bratislavský kraj";1;0;0;0;NA;90927;1;2020-06-13;366
2020-06-12;"Bratislavský kraj";2;0;0;0;NA;90927;2;2020-06-12;365
2020-06-11;"Bratislavský kraj";0;0;0;0;NA;90927;0;2020-06-11;363
2020-06-10;"Bratislavský kraj";0;0;0;0;NA;90927;0;2020-06-10;363
2020-06-09;"Bratislavský kraj";0;0;0;0;NA;90927;0;2020-06-09;363
2020-06-08;"Bratislavský kraj";1;0;0;0;NA;90927;1;2020-06-08;363
2020-06-07;"Bratislavský kraj";0;0;0;0;NA;90927;0;2020-06-07;362
2020-06-05;"Bratislavský kraj";0;0;0;0;NA;90927;0;2020-06-05;362
2020-06-03;"Bratislavský kraj";1;0;0;0;NA;90927;1;2020-06-03;362
2020-06-02;"Bratislavský kraj";0;0;0;0;NA;90927;0;2020-06-02;361
2020-05-31;"Bratislavský kraj";0;0;0;0;NA;90927;0;2020-05-31;361
2020-05-29;"Bratislavský kraj";0;0;0;0;NA;90927;0;2020-05-29;361
2020-05-27;"Bratislavský kraj";1;0;0;0;NA;90927;1;2020-05-27;361
2020-05-26;"Bratislavský kraj";0;0;0;0;NA;90927;0;2020-05-26;360
2020-05-25;"Bratislavský kraj";0;0;0;0;NA;90927;0;2020-05-25;360
2020-05-24;"Bratislavský kraj";0;0;0;0;NA;90927;0;2020-05-24;360
2020-05-23;"Bratislavský kraj";2;0;0;0;NA;90927;2;2020-05-23;360
2020-05-22;"Bratislavský kraj";0;0;0;0;NA;90927;0;2020-05-22;358
2020-05-21;"Bratislavský kraj";0;0;0;0;NA;90927;0;2020-05-21;358
2020-05-20;"Bratislavský kraj";0;0;0;0;NA;90927;0;2020-05-20;358
2020-05-19;"Bratislavský kraj";0;0;0;0;NA;90927;0;2020-05-19;358
2020-05-17;"Bratislavský kraj";0;0;0;0;NA;90927;0;2020-05-17;358
2020-05-16;"Bratislavský kraj";0;0;0;0;NA;90927;0;2020-05-16;358
2020-05-15;"Bratislavský kraj";0;0;0;0;NA;90927;0;2020-05-15;358
2020-05-14;"Bratislavský kraj";0;0;0;0;NA;90927;0;2020-05-14;358
2020-05-13;"Bratislavský kraj";0;0;0;0;NA;90927;0;2020-05-13;358
2020-05-12;"Bratislavský kraj";2;0;0;0;NA;90927;2;2020-05-12;358
2020-05-11;"Bratislavský kraj";0;0;0;0;NA;90927;0;2020-05-11;356
2020-05-09;"Bratislavský kraj";0;0;0;0;NA;90927;0;2020-05-09;356
2020-05-07;"Bratislavský kraj";1;0;0;0;NA;90927;1;2020-05-07;356
2020-05-06;"Bratislavský kraj";3;0;0;0;NA;90927;3;2020-05-06;355
2020-05-05;"Bratislavský kraj";0;0;0;0;NA;90927;0;2020-05-05;352
2020-05-04;"Bratislavský kraj";0;0;0;0;NA;90927;0;2020-05-04;352
2020-05-03;"Bratislavský kraj";2;0;0;0;NA;90927;2;2020-05-03;352
2020-05-02;"Bratislavský kraj";0;0;0;0;NA;90927;0;2020-05-02;350
2020-05-01;"Bratislavský kraj";0;0;0;0;NA;90927;0;2020-05-01;350
2020-04-30;"Bratislavský kraj";5;0;0;0;NA;90927;5;2020-04-30;350
2020-04-29;"Bratislavský kraj";0;0;0;0;NA;90927;0;2020-04-29;345
2020-04-28;"Bratislavský kraj";2;0;0;0;NA;90927;2;2020-04-28;345
2020-04-27;"Bratislavský kraj";0;0;0;0;NA;90927;0;2020-04-27;343
2020-04-26;"Bratislavský kraj";1;0;0;0;NA;90927;1;2020-04-26;343
2020-04-25;"Bratislavský kraj";0;0;0;0;NA;90927;0;2020-04-25;342
2020-04-24;"Bratislavský kraj";2;0;0;0;NA;90927;2;2020-04-24;342
2020-04-23;"Bratislavský kraj";6;0;0;0;NA;90927;6;2020-04-23;340
2020-04-22;"Bratislavský kraj";11;0;0;0;NA;90927;11;2020-04-22;334
2020-04-21;"Bratislavský kraj";4;0;0;0;NA;90927;4;2020-04-21;323
2020-04-20;"Bratislavský kraj";0;0;0;0;NA;90927;0;2020-04-20;319
2020-04-19;"Bratislavský kraj";4;0;0;0;NA;90927;4;2020-04-19;319
2020-04-18;"Bratislavský kraj";5;0;0;0;NA;90927;5;2020-04-18;315
2020-04-17;"Bratislavský kraj";6;0;0;0;NA;90927;6;2020-04-17;310
2020-04-16;"Bratislavský kraj";15;0;0;0;NA;90927;15;2020-04-16;304
2020-04-15;"Bratislavský kraj";11;0;0;0;NA;90927;11;2020-04-15;289
2020-04-14;"Bratislavský kraj";19;0;0;0;NA;90927;19;2020-04-14;278
2020-04-13;"Bratislavský kraj";53;0;0;0;NA;90927;53;2020-04-13;259
2020-04-12;"Bratislavský kraj";3;0;0;0;NA;90927;3;2020-04-12;206
2020-04-11;"Bratislavský kraj";1;0;0;0;NA;90927;1;2020-04-11;203
2020-04-10;"Bratislavský kraj";8;0;0;0;NA;90927;8;2020-04-10;202
2020-04-09;"Bratislavský kraj";3;0;0;0;NA;90927;3;2020-04-09;194
2020-04-08;"Bratislavský kraj";3;0;0;0;NA;90927;3;2020-04-08;191
2020-04-07;"Bratislavský kraj";24;0;0;0;NA;90927;24;2020-04-07;188
2020-04-06;"Bratislavský kraj";5;0;0;0;NA;90927;5;2020-04-06;164
2020-04-05;"Bratislavský kraj";6;0;0;0;NA;90927;6;2020-04-05;159
2020-04-04;"Bratislavský kraj";2;0;0;0;NA;90927;2;2020-04-04;153
2020-04-03;"Bratislavský kraj";1;0;0;0;NA;90927;1;2020-04-03;151
2020-04-02;"Bratislavský kraj";2;0;0;0;NA;90927;2;2020-04-02;150
2020-04-01;"Bratislavský kraj";5;0;0;0;NA;90927;5;2020-04-01;148
2020-03-31;"Bratislavský kraj";19;0;0;0;NA;90927;19;2020-03-31;143
2020-03-30;"Bratislavský kraj";6;0;0;0;NA;90927;6;2020-03-30;124
2020-03-29;"Bratislavský kraj";8;0;0;0;NA;90927;8;2020-03-29;118
2020-03-28;"Bratislavský kraj";4;0;0;0;NA;90927;4;2020-03-28;110
2020-03-27;"Bratislavský kraj";3;0;0;0;NA;90927;3;2020-03-27;106
2020-03-26;"Bratislavský kraj";15;0;0;0;NA;90927;15;2020-03-26;103
2020-03-25;"Bratislavský kraj";1;0;0;0;NA;90927;1;2020-03-25;88
2020-03-24;"Bratislavský kraj";4;0;0;0;NA;90927;4;2020-03-24;87
2020-03-23;"Bratislavský kraj";9;0;0;0;NA;90927;9;2020-03-23;83
2020-03-22;"Bratislavský kraj";2;0;0;0;NA;90927;2;2020-03-22;74
2020-03-21;"Bratislavský kraj";22;0;0;0;NA;90927;22;2020-03-21;72
2020-03-20;"Bratislavský kraj";3;0;0;0;NA;90927;3;2020-03-20;50
2020-03-19;"Bratislavský kraj";4;0;0;0;NA;90927;4;2020-03-19;47
2020-03-18;"Bratislavský kraj";3;0;0;0;NA;90927;3;2020-03-18;43
2020-03-17;"Bratislavský kraj";13;0;0;0;NA;90927;13;2020-03-17;40
2020-03-16;"Bratislavský kraj";1;0;0;0;NA;90927;1;2020-03-16;27
2020-03-15;"Bratislavský kraj";4;0;0;0;NA;90927;4;2020-03-15;26
2020-03-14;"Bratislavský kraj";9;0;0;0;NA;90927;9;2020-03-14;22
2020-03-13;"Bratislavský kraj";2;0;0;0;NA;90927;2;2020-03-13;13
2020-03-12;"Bratislavský kraj";8;0;0;0;NA;90927;8;2020-03-12;11
2020-03-11;"Bratislavský kraj";3;0;0;0;NA;90927;3;2020-03-11;3
2020-03-09;"Bratislavský kraj";0;0;0;0;NA;90927;0;2020-03-09;0
2020-03-08;"Bratislavský kraj";2;0;0;0;NA;90927;2;2020-03-08;0
2020-03-07;"Bratislavský kraj";2;0;0;0;NA;90927;2;2020-03-07;-2
2020-03-06;"Bratislavský kraj";1;0;0;0;NA;90927;1;2020-03-06;-4
2021-06-21;"Košický kraj";5;5729;10;5739;52856;97575;15;2021-06-21;97575
2021-06-20;"Košický kraj";0;4583;5;4588;NA;97575;5;2021-06-20;97560
2021-06-19;"Košický kraj";7;5986;1;5987;NA;97575;8;2021-06-19;97555
2021-06-18;"Košický kraj";4;7305;7;7312;NA;97575;11;2021-06-18;97547
2021-06-17;"Košický kraj";6;5786;3;5789;NA;97575;9;2021-06-17;97536
2021-06-16;"Košický kraj";11;5734;7;5741;NA;97575;18;2021-06-16;97527
2021-06-15;"Košický kraj";12;6255;2;6257;NA;97575;14;2021-06-15;97509
2021-06-14;"Košický kraj";10;6771;9;6780;NA;97575;19;2021-06-14;97495
2021-06-13;"Košický kraj";7;6916;8;6924;NA;97575;15;2021-06-13;97476
2021-06-12;"Košický kraj";7;7373;9;7382;NA;97575;16;2021-06-12;97461
2021-06-11;"Košický kraj";15;8774;5;8779;NA;97575;20;2021-06-11;97445
2021-06-10;"Košický kraj";11;6540;16;6556;NA;97575;27;2021-06-10;97425
2021-06-09;"Košický kraj";37;5995;7;6002;NA;97575;44;2021-06-09;97398
2021-06-08;"Košický kraj";33;6954;13;6967;NA;97575;46;2021-06-08;97354
2021-06-07;"Košický kraj";11;7735;22;7757;NA;97575;33;2021-06-07;97308
2021-06-06;"Košický kraj";1;7803;7;7810;NA;97575;8;2021-06-06;97275
2021-06-05;"Košický kraj";21;9221;3;9224;NA;97575;24;2021-06-05;97267
2021-06-04;"Košický kraj";26;11262;20;11282;NA;97575;46;2021-06-04;97243
2021-06-03;"Košický kraj";23;6343;14;6357;NA;97575;37;2021-06-03;97197
2021-06-02;"Košický kraj";15;7114;24;7138;NA;97575;39;2021-06-02;97160
2021-06-01;"Košický kraj";13;7541;10;7551;NA;97575;23;2021-06-01;97121
2021-05-31;"Košický kraj";13;9224;17;9241;NA;97575;30;2021-05-31;97098
2021-05-30;"Košický kraj";3;11154;10;11164;NA;97575;13;2021-05-30;97068
2021-05-29;"Košický kraj";25;10863;21;10884;NA;97575;46;2021-05-29;97055
2021-05-28;"Košický kraj";17;12959;29;12988;NA;97575;46;2021-05-28;97009
2021-05-27;"Košický kraj";19;7810;24;7834;NA;97575;43;2021-05-27;96963
2021-05-26;"Košický kraj";35;8039;26;8065;NA;97575;61;2021-05-26;96920
2021-05-25;"Košický kraj";33;9148;12;9160;NA;97575;45;2021-05-25;96859
2021-05-24;"Košický kraj";10;10855;27;10882;NA;97575;37;2021-05-24;96814
2021-05-23;"Košický kraj";4;12084;15;12099;NA;97575;19;2021-05-23;96777
2021-05-22;"Košický kraj";27;12472;18;12490;NA;97575;45;2021-05-22;96758
2021-05-21;"Košický kraj";24;14753;27;14780;NA;97575;51;2021-05-21;96713
2021-05-20;"Košický kraj";20;9320;27;9347;NA;97575;47;2021-05-20;96662
2021-05-19;"Košický kraj";30;10346;19;10365;NA;97575;49;2021-05-19;96615
2021-05-18;"Košický kraj";34;10254;36;10290;NA;97575;70;2021-05-18;96566
2021-05-17;"Košický kraj";20;12628;38;12666;NA;97575;58;2021-05-17;96496
2021-05-16;"Košický kraj";37;17686;19;17705;NA;97575;56;2021-05-16;96438
2021-05-15;"Košický kraj";22;25399;27;25426;NA;97575;49;2021-05-15;96382
2021-05-14;"Košický kraj";32;21537;42;21579;NA;97575;74;2021-05-14;96333
2021-05-13;"Košický kraj";39;10172;32;10204;NA;97575;71;2021-05-13;96259
2021-05-12;"Košický kraj";85;10868;33;10901;NA;97575;118;2021-05-12;96188
2021-05-11;"Košický kraj";68;11166;32;11198;NA;97575;100;2021-05-11;96070
2021-05-10;"Košický kraj";25;16886;41;16927;NA;97575;66;2021-05-10;95970
2021-05-09;"Košický kraj";84;25262;53;25315;NA;97575;137;2021-05-09;95904
2021-05-08;"Košický kraj";18;22917;21;22938;NA;97575;39;2021-05-08;95767
2021-05-07;"Košický kraj";51;24097;55;24152;NA;97575;106;2021-05-07;95728
2021-05-06;"Košický kraj";55;11847;43;11890;NA;97575;98;2021-05-06;95622
2021-05-05;"Košický kraj";23;12004;35;12039;NA;97575;58;2021-05-05;95524
2021-05-04;"Košický kraj";143;13562;38;13600;NA;97575;181;2021-05-04;95466
2021-05-03;"Košický kraj";37;16944;68;17012;NA;97575;105;2021-05-03;95285
2021-05-02;"Košický kraj";45;36096;56;36152;NA;97575;101;2021-05-02;95180
2021-05-01;"Košický kraj";54;51809;76;51885;NA;97575;130;2021-05-01;95079
2021-04-30;"Košický kraj";59;44602;94;44696;NA;97575;153;2021-04-30;94949
2021-04-29;"Košický kraj";76;16986;53;17039;NA;97575;129;2021-04-29;94796
2021-04-28;"Košický kraj";99;17930;52;17982;NA;97575;151;2021-04-28;94667
2021-04-27;"Košický kraj";108;20670;43;20713;NA;97575;151;2021-04-27;94516
2021-04-26;"Košický kraj";39;25897;96;25993;NA;97575;135;2021-04-26;94365
2021-04-25;"Košický kraj";23;48355;57;48412;NA;97575;80;2021-04-25;94230
2021-04-24;"Košický kraj";68;90124;114;90238;NA;97575;182;2021-04-24;94150
2021-04-23;"Košický kraj";110;41232;72;41304;NA;97575;182;2021-04-23;93968
2021-04-22;"Košický kraj";56;16772;44;16816;NA;97575;100;2021-04-22;93786
2021-04-21;"Košický kraj";114;19519;61;19580;NA;97575;175;2021-04-21;93686
2021-04-20;"Košický kraj";81;25359;63;25422;NA;97575;144;2021-04-20;93511
2021-04-19;"Košický kraj";93;29950;108;30058;NA;97575;201;2021-04-19;93367
2021-04-18;"Košický kraj";10;48913;82;48995;NA;97575;92;2021-04-18;93166
2021-04-17;"Košický kraj";187;83856;103;83959;NA;97575;290;2021-04-17;93074
2021-04-16;"Košický kraj";83;41568;127;41695;NA;97575;210;2021-04-16;92784
2021-04-15;"Košický kraj";104;18522;93;18615;NA;97575;197;2021-04-15;92574
2021-04-14;"Košický kraj";119;20089;64;20153;NA;97575;183;2021-04-14;92377
2021-04-13;"Košický kraj";81;23175;120;23295;NA;97575;201;2021-04-13;92194
2021-04-12;"Košický kraj";129;26573;124;26697;NA;97575;253;2021-04-12;91993
2021-04-11;"Košický kraj";29;46948;79;47027;NA;97575;108;2021-04-11;91740
2021-04-10;"Košický kraj";138;99836;183;100019;NA;97575;321;2021-04-10;91632
2021-04-09;"Košický kraj";168;35206;133;35339;NA;97575;301;2021-04-09;91311
2021-04-08;"Košický kraj";81;18530;90;18620;NA;97575;171;2021-04-08;91010
2021-04-07;"Košický kraj";232;28027;194;28221;NA;97575;426;2021-04-07;90839
2021-04-06;"Košický kraj";121;36495;164;36659;NA;97575;285;2021-04-06;90413
2021-04-05;"Košický kraj";19;14361;66;14427;NA;97575;85;2021-04-05;90128
2021-04-04;"Košický kraj";33;15089;66;15155;NA;97575;99;2021-04-04;90043
2021-04-03;"Košický kraj";138;97664;241;97905;NA;97575;379;2021-04-03;89944
2021-04-02;"Košický kraj";128;24290;76;24366;NA;97575;204;2021-04-02;89565
2021-04-01;"Košický kraj";165;46151;156;46307;NA;97575;321;2021-04-01;89361
2021-03-31;"Košický kraj";160;29659;124;29783;NA;97575;284;2021-03-31;89040
2021-03-30;"Košický kraj";229;24038;163;24201;NA;97575;392;2021-03-30;88756
2021-03-29;"Košický kraj";78;28843;194;29037;NA;97575;272;2021-03-29;88364
2021-03-28;"Košický kraj";39;44263;128;44391;NA;97575;167;2021-03-28;88092
2021-03-27;"Košický kraj";222;96602;265;96867;NA;97575;487;2021-03-27;87925
2021-03-26;"Košický kraj";233;45252;202;45454;NA;97575;435;2021-03-26;87438
2021-03-25;"Košický kraj";133;23804;175;23979;NA;97575;308;2021-03-25;87003
2021-03-24;"Košický kraj";165;20677;155;20832;NA;97575;320;2021-03-24;86695
2021-03-23;"Košický kraj";202;22434;192;22626;NA;97575;394;2021-03-23;86375
2021-03-22;"Košický kraj";169;26890;228;27118;NA;97575;397;2021-03-22;85981
2021-03-21;"Košický kraj";109;46746;167;46913;NA;97575;276;2021-03-21;85584
2021-03-20;"Košický kraj";126;101334;311;101645;NA;97575;437;2021-03-20;85308
2021-03-19;"Košický kraj";205;45632;260;45892;NA;97575;465;2021-03-19;84871
2021-03-18;"Košický kraj";274;23823;212;24035;NA;97575;486;2021-03-18;84406
2021-03-17;"Košický kraj";177;21545;195;21740;NA;97575;372;2021-03-17;83920
2021-03-16;"Košický kraj";386;23431;226;23657;NA;97575;612;2021-03-16;83548
2021-03-15;"Košický kraj";173;27900;297;28197;NA;97575;470;2021-03-15;82936
2021-03-14;"Košický kraj";145;44354;220;44574;NA;97575;365;2021-03-14;82466
2021-03-13;"Košický kraj";146;103790;483;104273;NA;97575;629;2021-03-13;82101
2021-03-12;"Košický kraj";366;47871;321;48192;NA;97575;687;2021-03-12;81472
2021-03-11;"Košický kraj";396;23229;263;23492;NA;97575;659;2021-03-11;80785
2021-03-10;"Košický kraj";121;22191;269;22460;NA;97575;390;2021-03-10;80126
2021-03-09;"Košický kraj";676;24509;300;24809;NA;97575;976;2021-03-09;79736
2021-03-08;"Košický kraj";559;29836;344;30180;NA;97575;903;2021-03-08;78760
2021-03-07;"Košický kraj";45;44230;299;44529;NA;97575;344;2021-03-07;77857
2021-03-06;"Košický kraj";177;105598;532;106130;NA;97575;709;2021-03-06;77513
2021-03-05;"Košický kraj";439;45567;424;45991;NA;97575;863;2021-03-05;76804
2021-03-04;"Košický kraj";417;23862;320;24182;NA;97575;737;2021-03-04;75941
2021-03-03;"Košický kraj";390;23168;298;23466;NA;97575;688;2021-03-03;75204
2021-03-02;"Košický kraj";464;24150;368;24518;NA;97575;832;2021-03-02;74516
2021-03-01;"Košický kraj";389;30013;514;30527;NA;97575;903;2021-03-01;73684
2021-02-28;"Košický kraj";265;43053;334;43387;NA;97575;599;2021-02-28;72781
2021-02-27;"Košický kraj";301;100559;784;101343;NA;97575;1085;2021-02-27;72182
2021-02-26;"Košický kraj";440;45466;492;45958;NA;97575;932;2021-02-26;71097
2021-02-25;"Košický kraj";331;19872;342;20214;NA;97575;673;2021-02-25;70165
2021-02-24;"Košický kraj";263;18815;506;19321;NA;97575;769;2021-02-24;69492
2021-02-23;"Košický kraj";642;21592;341;21933;NA;97575;983;2021-02-23;68723
2021-02-22;"Košický kraj";362;30830;434;31264;NA;97575;796;2021-02-22;67740
2021-02-21;"Košický kraj";170;40464;385;40849;NA;97575;555;2021-02-21;66944
2021-02-20;"Košický kraj";283;92550;770;93320;NA;97575;1053;2021-02-20;66389
2021-02-19;"Košický kraj";507;42016;586;42602;NA;97575;1093;2021-02-19;65336
2021-02-18;"Košický kraj";397;18442;345;18787;NA;97575;742;2021-02-18;64243
2021-02-17;"Košický kraj";322;18080;387;18467;NA;97575;709;2021-02-17;63501
2021-02-16;"Košický kraj";600;22111;463;22574;NA;97575;1063;2021-02-16;62792
2021-02-15;"Košický kraj";216;27633;419;28052;NA;97575;635;2021-02-15;61729
2021-02-14;"Košický kraj";241;56743;524;57267;NA;97575;765;2021-02-14;61094
2021-02-13;"Košický kraj";206;93965;765;94730;NA;97575;971;2021-02-13;60329
2021-02-12;"Košický kraj";448;50184;611;50795;NA;97575;1059;2021-02-12;59358
2021-02-11;"Košický kraj";435;14524;323;14847;NA;97575;758;2021-02-11;58299
2021-02-10;"Košický kraj";360;18475;431;18906;NA;97575;791;2021-02-10;57541
2021-02-09;"Košický kraj";544;24841;463;25304;NA;97575;1007;2021-02-09;56750
2021-02-08;"Košický kraj";237;24836;392;25228;NA;97575;629;2021-02-08;55743
2021-02-07;"Košický kraj";208;56897;612;57509;NA;97575;820;2021-02-07;55114
2021-02-06;"Košický kraj";318;104357;884;105241;NA;97575;1202;2021-02-06;54294
2021-02-05;"Košický kraj";384;43186;494;43680;NA;97575;878;2021-02-05;53092
2021-02-04;"Košický kraj";391;14508;371;14879;NA;97575;762;2021-02-04;52214
2021-02-03;"Košický kraj";296;12599;339;12938;NA;97575;635;2021-02-03;51452
2021-02-02;"Košický kraj";473;43883;1212;45095;NA;97575;1685;2021-02-02;50817
2021-02-01;"Košický kraj";415;21965;362;22327;NA;97575;777;2021-02-01;49132
2021-01-31;"Košický kraj";142;54154;609;54763;NA;97575;751;2021-01-31;48355
2021-01-30;"Košický kraj";320;76722;661;77383;NA;97575;981;2021-01-30;47604
2021-01-29;"Košický kraj";311;37130;466;37596;NA;97575;777;2021-01-29;46623
2021-01-28;"Košický kraj";540;9006;244;9250;NA;97575;784;2021-01-28;45846
2021-01-27;"Košický kraj";265;7575;211;7786;NA;97575;476;2021-01-27;45062
2021-01-26;"Košický kraj";530;14210;245;14455;NA;97575;775;2021-01-26;44586
2021-01-25;"Košický kraj";226;26430;413;26843;NA;97575;639;2021-01-25;43811
2021-01-24;"Košický kraj";150;44419;581;45000;NA;97575;731;2021-01-24;43172
2021-01-23;"Košický kraj";232;82705;857;83562;NA;97575;1089;2021-01-23;42441
2021-01-22;"Košický kraj";316;19997;265;20262;NA;97575;581;2021-01-22;41352
2021-01-21;"Košický kraj";274;14047;158;14205;NA;97575;432;2021-01-21;40771
2021-01-20;"Košický kraj";374;10843;201;11044;NA;97575;575;2021-01-20;40339
2021-01-19;"Košický kraj";248;9717;181;9898;NA;97575;429;2021-01-19;39764
2021-01-18;"Košický kraj";333;7659;262;7921;NA;97575;595;2021-01-18;39335
2021-01-17;"Košický kraj";155;535;14;549;NA;97575;169;2021-01-17;38740
2021-01-16;"Košický kraj";153;1403;47;1450;NA;97575;200;2021-01-16;38571
2021-01-15;"Košický kraj";308;6443;213;6656;NA;97575;521;2021-01-15;38371
2021-01-14;"Košický kraj";358;5471;221;5692;NA;97575;579;2021-01-14;37850
2021-01-13;"Košický kraj";421;4897;226;5123;NA;97575;647;2021-01-13;37271
2021-01-12;"Košický kraj";482;6689;258;6947;NA;97575;740;2021-01-12;36624
2021-01-11;"Košický kraj";309;7945;304;8249;NA;97575;613;2021-01-11;35884
2021-01-10;"Košický kraj";193;136;6;142;NA;97575;199;2021-01-10;35271
2021-01-09;"Košický kraj";469;1134;45;1179;NA;97575;514;2021-01-09;35072
2021-01-08;"Košický kraj";551;8222;388;8610;NA;97575;939;2021-01-08;34558
2021-01-07;"Košický kraj";251;6566;434;7000;NA;97575;685;2021-01-07;33619
2021-01-06;"Košický kraj";442;429;33;462;NA;97575;475;2021-01-06;32934
2021-01-05;"Košický kraj";584;8100;560;8660;NA;97575;1144;2021-01-05;32459
2021-01-04;"Košický kraj";407;7113;737;7850;NA;97575;1144;2021-01-04;31315
2021-01-03;"Košický kraj";118;661;22;683;NA;97575;140;2021-01-03;30171
2021-01-02;"Košický kraj";88;440;52;492;NA;97575;140;2021-01-02;30031
2021-01-01;"Košický kraj";398;725;49;774;NA;97575;447;2021-01-01;29891
2020-12-31;"Košický kraj";625;7877;461;8338;NA;97575;1086;2020-12-31;29444
2020-12-30;"Košický kraj";590;6477;412;6889;NA;97575;1002;2020-12-30;28358
2020-12-29;"Košický kraj";419;7573;605;8178;NA;97575;1024;2020-12-29;27356
2020-12-28;"Košický kraj";356;8296;804;9100;NA;97575;1160;2020-12-28;26332
2020-12-27;"Košický kraj";159;147;16;163;NA;97575;175;2020-12-27;25172
2020-12-26;"Košický kraj";163;274;23;297;NA;97575;186;2020-12-26;24997
2020-12-25;"Košický kraj";237;140;10;150;NA;97575;247;2020-12-25;24811
2020-12-24;"Košický kraj";564;1470;90;1560;NA;97575;654;2020-12-24;24564
2020-12-23;"Košický kraj";304;7942;354;8296;NA;97575;658;2020-12-23;23910
2020-12-22;"Košický kraj";438;7920;459;8379;NA;97575;897;2020-12-22;23252
2020-12-21;"Košický kraj";405;6984;509;7493;NA;97575;914;2020-12-21;22355
2020-12-20;"Košický kraj";215;73;11;84;NA;97575;226;2020-12-20;21441
2020-12-19;"Košický kraj";207;1309;63;1372;NA;97575;270;2020-12-19;21215
2020-12-18;"Košický kraj";310;8484;326;8810;NA;97575;636;2020-12-18;20945
2020-12-17;"Košický kraj";463;5292;255;5547;NA;97575;718;2020-12-17;20309
2020-12-16;"Košický kraj";455;5898;316;6214;NA;97575;771;2020-12-16;19591
2020-12-15;"Košický kraj";319;5086;338;5424;NA;97575;657;2020-12-15;18820
2020-12-14;"Košický kraj";256;3401;264;3665;NA;97575;520;2020-12-14;18163
2020-12-13;"Košický kraj";47;181;2;183;NA;97575;49;2020-12-13;17643
2020-12-12;"Košický kraj";369;1587;118;1705;NA;97575;487;2020-12-12;17594
2020-12-11;"Košický kraj";354;5461;258;5719;NA;97575;612;2020-12-11;17107
2020-12-10;"Košický kraj";283;4064;176;4240;NA;97575;459;2020-12-10;16495
2020-12-09;"Košický kraj";279;3786;166;3952;NA;97575;445;2020-12-09;16036
2020-12-08;"Košický kraj";226;4105;355;4460;NA;97575;581;2020-12-08;15591
2020-12-07;"Košický kraj";270;2383;106;2489;NA;97575;376;2020-12-07;15010
2020-12-06;"Košický kraj";121;97;20;117;NA;97575;141;2020-12-06;14634
2020-12-05;"Košický kraj";90;1096;48;1144;NA;97575;138;2020-12-05;14493
2020-12-04;"Košický kraj";224;2680;82;2762;NA;97575;306;2020-12-04;14355
2020-12-03;"Košický kraj";211;7717;173;7890;NA;97575;384;2020-12-03;14049
2020-12-02;"Košický kraj";193;8132;496;8628;NA;97575;689;2020-12-02;13665
2020-12-01;"Košický kraj";178;2237;124;2361;NA;97575;302;2020-12-01;12976
2020-11-30;"Košický kraj";171;3754;62;3816;NA;97575;233;2020-11-30;12674
2020-11-29;"Košický kraj";31;325;17;342;NA;97575;48;2020-11-29;12441
2020-11-28;"Košický kraj";69;721;52;773;NA;97575;121;2020-11-28;12393
2020-11-27;"Košický kraj";149;2921;78;2999;NA;97575;227;2020-11-27;12272
2020-11-26;"Košický kraj";239;1234;60;1294;NA;97575;299;2020-11-26;12045
2020-11-25;"Košický kraj";237;1785;123;1908;NA;97575;360;2020-11-25;11746
2020-11-24;"Košický kraj";196;1976;67;2043;NA;97575;263;2020-11-24;11386
2020-11-23;"Košický kraj";51;4115;63;4178;NA;97575;114;2020-11-23;11123
2020-11-22;"Košický kraj";57;57;5;62;NA;97575;62;2020-11-22;11009
2020-11-21;"Košický kraj";87;858;36;894;NA;97575;123;2020-11-21;10947
2020-11-20;"Košický kraj";176;3084;49;3133;NA;97575;225;2020-11-20;10824
2020-11-19;"Košický kraj";206;1736;48;1784;NA;97575;254;2020-11-19;10599
2020-11-18;"Košický kraj";122;532;17;549;NA;97575;139;2020-11-18;10345
2020-11-17;"Košický kraj";152;82;9;91;NA;97575;161;2020-11-17;10206
2020-11-16;"Košický kraj";114;596;27;623;NA;97575;141;2020-11-16;10045
2020-11-15;"Košický kraj";15;338;7;345;NA;97575;22;2020-11-15;9904
2020-11-14;"Košický kraj";234;520;12;532;NA;97575;246;2020-11-14;9882
2020-11-13;"Košický kraj";207;664;29;693;NA;97575;236;2020-11-13;9636
2020-11-12;"Košický kraj";192;736;13;749;NA;97575;205;2020-11-12;9400
2020-11-11;"Košický kraj";301;593;7;600;NA;97575;308;2020-11-11;9195
2020-11-10;"Košický kraj";190;541;11;552;NA;97575;201;2020-11-10;8887
2020-11-09;"Košický kraj";129;380;17;397;NA;97575;146;2020-11-09;8686
2020-11-08;"Košický kraj";78;1306;8;1314;NA;97575;86;2020-11-08;8540
2020-11-07;"Košický kraj";192;3909;22;3931;NA;97575;214;2020-11-07;8454
2020-11-06;"Košický kraj";195;5310;34;5344;NA;97575;229;2020-11-06;8240
2020-11-05;"Košický kraj";342;330;31;361;NA;97575;373;2020-11-05;8011
2020-11-04;"Košický kraj";101;154;6;160;NA;97575;107;2020-11-04;7638
2020-11-03;"Košický kraj";358;1122;13;1135;NA;97575;371;2020-11-03;7531
2020-11-02;"Košický kraj";111;6125;56;6181;NA;97575;167;2020-11-02;7160
2020-11-01;"Košický kraj";346;6522;34;6556;NA;97575;380;2020-11-01;6993
2020-10-31;"Košický kraj";82;14035;106;14141;NA;97575;188;2020-10-31;6613
2020-10-30;"Košický kraj";379;2835;27;2862;NA;97575;406;2020-10-30;6425
2020-10-29;"Košický kraj";333;983;13;996;NA;97575;346;2020-10-29;6019
2020-10-28;"Košický kraj";224;305;13;318;NA;97575;237;2020-10-28;5673
2020-10-27;"Košický kraj";386;439;21;460;NA;97575;407;2020-10-27;5436
2020-10-26;"Košický kraj";56;212;12;224;NA;97575;68;2020-10-26;5029
2020-10-25;"Košický kraj";154;79;2;81;NA;97575;156;2020-10-25;4961
2020-10-24;"Košický kraj";313;118;16;134;NA;97575;329;2020-10-24;4805
2020-10-23;"Košický kraj";315;331;8;339;NA;97575;323;2020-10-23;4476
2020-10-22;"Košický kraj";349;530;16;546;NA;97575;365;2020-10-22;4153
2020-10-21;"Košický kraj";129;84;2;86;NA;97575;131;2020-10-21;3788
2020-10-20;"Košický kraj";181;14;1;15;NA;97575;182;2020-10-20;3657
2020-10-19;"Košický kraj";64;38;1;39;NA;97575;65;2020-10-19;3475
2020-10-18;"Košický kraj";158;0;0;0;NA;97575;158;2020-10-18;3410
2020-10-17;"Košický kraj";142;0;0;0;NA;97575;142;2020-10-17;3252
2020-10-16;"Košický kraj";206;19;0;19;NA;97575;206;2020-10-16;3110
2020-10-15;"Košický kraj";177;19;5;24;NA;97575;182;2020-10-15;2904
2020-10-14;"Košický kraj";211;8;0;8;NA;97575;211;2020-10-14;2722
2020-10-13;"Košický kraj";179;80;3;83;NA;97575;182;2020-10-13;2511
2020-10-12;"Košický kraj";74;0;0;0;NA;97575;74;2020-10-12;2329
2020-10-11;"Košický kraj";121;0;0;0;NA;97575;121;2020-10-11;2255
2020-10-10;"Košický kraj";70;0;0;0;NA;97575;70;2020-10-10;2134
2020-10-09;"Košický kraj";188;0;0;0;NA;97575;188;2020-10-09;2064
2020-10-08;"Košický kraj";102;0;0;0;NA;97575;102;2020-10-08;1876
2020-10-07;"Košický kraj";158;0;0;0;NA;97575;158;2020-10-07;1774
2020-10-06;"Košický kraj";70;0;0;0;NA;97575;70;2020-10-06;1616
2020-10-05;"Košický kraj";39;0;0;0;NA;97575;39;2020-10-05;1546
2020-10-04;"Košický kraj";45;0;0;0;NA;97575;45;2020-10-04;1507
2020-10-03;"Košický kraj";105;0;0;0;NA;97575;105;2020-10-03;1462
2020-10-02;"Košický kraj";57;0;0;0;NA;97575;57;2020-10-02;1357
2020-10-01;"Košický kraj";69;0;0;0;NA;97575;69;2020-10-01;1300
2020-09-30;"Košický kraj";95;0;0;0;NA;97575;95;2020-09-30;1231
2020-09-29;"Košický kraj";75;0;0;0;NA;97575;75;2020-09-29;1136
2020-09-28;"Košický kraj";19;0;0;0;NA;97575;19;2020-09-28;1061
2020-09-27;"Košický kraj";21;0;0;0;NA;97575;21;2020-09-27;1042
2020-09-26;"Košický kraj";53;0;0;0;NA;97575;53;2020-09-26;1021
2020-09-25;"Košický kraj";72;0;0;0;NA;97575;72;2020-09-25;968
2020-09-24;"Košický kraj";35;0;0;0;NA;97575;35;2020-09-24;896
2020-09-23;"Košický kraj";23;0;0;0;NA;97575;23;2020-09-23;861
2020-09-22;"Košický kraj";39;0;0;0;NA;97575;39;2020-09-22;838
2020-09-21;"Košický kraj";5;0;0;0;NA;97575;5;2020-09-21;799
2020-09-20;"Košický kraj";3;0;0;0;NA;97575;3;2020-09-20;794
2020-09-19;"Košický kraj";13;0;0;0;NA;97575;13;2020-09-19;791
2020-09-18;"Košický kraj";20;0;0;0;NA;97575;20;2020-09-18;778
2020-09-17;"Košický kraj";22;0;0;0;NA;97575;22;2020-09-17;758
2020-09-16;"Košický kraj";12;0;0;0;NA;97575;12;2020-09-16;736
2020-09-15;"Košický kraj";10;0;0;0;NA;97575;10;2020-09-15;724
2020-09-14;"Košický kraj";6;0;0;0;NA;97575;6;2020-09-14;714
2020-09-13;"Košický kraj";3;0;0;0;NA;97575;3;2020-09-13;708
2020-09-12;"Košický kraj";16;0;0;0;NA;97575;16;2020-09-12;705
2020-09-11;"Košický kraj";20;0;0;0;NA;97575;20;2020-09-11;689
2020-09-10;"Košický kraj";11;0;0;0;NA;97575;11;2020-09-10;669
2020-09-09;"Košický kraj";37;0;0;0;NA;97575;37;2020-09-09;658
2020-09-08;"Košický kraj";10;0;0;0;NA;97575;10;2020-09-08;621
2020-09-07;"Košický kraj";4;0;0;0;NA;97575;4;2020-09-07;611
2020-09-06;"Košický kraj";2;0;0;0;NA;97575;2;2020-09-06;607
2020-09-05;"Košický kraj";10;0;0;0;NA;97575;10;2020-09-05;605
2020-09-04;"Košický kraj";14;0;0;0;NA;97575;14;2020-09-04;595
2020-09-03;"Košický kraj";22;0;0;0;NA;97575;22;2020-09-03;581
2020-09-02;"Košický kraj";13;0;0;0;NA;97575;13;2020-09-02;559
2020-09-01;"Košický kraj";21;0;0;0;NA;97575;21;2020-09-01;546
2020-08-31;"Košický kraj";9;0;0;0;NA;97575;9;2020-08-31;525
2020-08-30;"Košický kraj";21;0;0;0;NA;97575;21;2020-08-30;516
2020-08-29;"Košický kraj";1;0;0;0;NA;97575;1;2020-08-29;495
2020-08-28;"Košický kraj";19;0;0;0;NA;97575;19;2020-08-28;494
2020-08-27;"Košický kraj";15;0;0;0;NA;97575;15;2020-08-27;475
2020-08-26;"Košický kraj";8;0;0;0;NA;97575;8;2020-08-26;460
2020-08-25;"Košický kraj";23;0;0;0;NA;97575;23;2020-08-25;452
2020-08-24;"Košický kraj";6;0;0;0;NA;97575;6;2020-08-24;429
2020-08-23;"Košický kraj";8;0;0;0;NA;97575;8;2020-08-23;423
2020-08-22;"Košický kraj";13;0;0;0;NA;97575;13;2020-08-22;415
2020-08-21;"Košický kraj";10;0;0;0;NA;97575;10;2020-08-21;402
2020-08-20;"Košický kraj";10;0;0;0;NA;97575;10;2020-08-20;392
2020-08-19;"Košický kraj";3;0;0;0;NA;97575;3;2020-08-19;382
2020-08-18;"Košický kraj";7;0;0;0;NA;97575;7;2020-08-18;379
2020-08-17;"Košický kraj";2;0;0;0;NA;97575;2;2020-08-17;372
2020-08-16;"Košický kraj";2;0;0;0;NA;97575;2;2020-08-16;370
2020-08-15;"Košický kraj";3;0;0;0;NA;97575;3;2020-08-15;368
2020-08-14;"Košický kraj";1;0;0;0;NA;97575;1;2020-08-14;365
2020-08-13;"Košický kraj";3;0;0;0;NA;97575;3;2020-08-13;364
2020-08-12;"Košický kraj";12;0;0;0;NA;97575;12;2020-08-12;361
2020-08-11;"Košický kraj";5;0;0;0;NA;97575;5;2020-08-11;349
2020-08-10;"Košický kraj";1;0;0;0;NA;97575;1;2020-08-10;344
2020-08-09;"Košický kraj";0;0;0;0;NA;97575;0;2020-08-09;343
2020-08-08;"Košický kraj";5;0;0;0;NA;97575;5;2020-08-08;343
2020-08-07;"Košický kraj";7;0;0;0;NA;97575;7;2020-08-07;338
2020-08-06;"Košický kraj";3;0;0;0;NA;97575;3;2020-08-06;331
2020-08-05;"Košický kraj";4;0;0;0;NA;97575;4;2020-08-05;328
2020-08-04;"Košický kraj";1;0;0;0;NA;97575;1;2020-08-04;324
2020-08-03;"Košický kraj";1;0;0;0;NA;97575;1;2020-08-03;323
2020-08-02;"Košický kraj";0;0;0;0;NA;97575;0;2020-08-02;322
2020-08-01;"Košický kraj";0;0;0;0;NA;97575;0;2020-08-01;322
2020-07-31;"Košický kraj";0;0;0;0;NA;97575;0;2020-07-31;322
2020-07-30;"Košický kraj";2;0;0;0;NA;97575;2;2020-07-30;322
2020-07-29;"Košický kraj";1;0;0;0;NA;97575;1;2020-07-29;320
2020-07-28;"Košický kraj";9;0;0;0;NA;97575;9;2020-07-28;319
2020-07-27;"Košický kraj";4;0;0;0;NA;97575;4;2020-07-27;310
2020-07-26;"Košický kraj";0;0;0;0;NA;97575;0;2020-07-26;306
2020-07-25;"Košický kraj";2;0;0;0;NA;97575;2;2020-07-25;306
2020-07-24;"Košický kraj";2;0;0;0;NA;97575;2;2020-07-24;304
2020-07-23;"Košický kraj";1;0;0;0;NA;97575;1;2020-07-23;302
2020-07-22;"Košický kraj";1;0;0;0;NA;97575;1;2020-07-22;301
2020-07-21;"Košický kraj";0;0;0;0;NA;97575;0;2020-07-21;300
2020-07-20;"Košický kraj";0;0;0;0;NA;97575;0;2020-07-20;300
2020-07-19;"Košický kraj";0;0;0;0;NA;97575;0;2020-07-19;300
2020-07-18;"Košický kraj";1;0;0;0;NA;97575;1;2020-07-18;300
2020-07-17;"Košický kraj";1;0;0;0;NA;97575;1;2020-07-17;299
2020-07-16;"Košický kraj";0;0;0;0;NA;97575;0;2020-07-16;298
2020-07-15;"Košický kraj";2;0;0;0;NA;97575;2;2020-07-15;298
2020-07-14;"Košický kraj";1;0;0;0;NA;97575;1;2020-07-14;296
2020-07-13;"Košický kraj";1;0;0;0;NA;97575;1;2020-07-13;295
2020-07-12;"Košický kraj";0;0;0;0;NA;97575;0;2020-07-12;294
2020-07-11;"Košický kraj";0;0;0;0;NA;97575;0;2020-07-11;294
2020-07-10;"Košický kraj";1;0;0;0;NA;97575;1;2020-07-10;294
2020-07-09;"Košický kraj";1;0;0;0;NA;97575;1;2020-07-09;293
2020-07-08;"Košický kraj";12;0;0;0;NA;97575;12;2020-07-08;292
2020-07-07;"Košický kraj";0;0;0;0;NA;97575;0;2020-07-07;280
2020-07-06;"Košický kraj";0;0;0;0;NA;97575;0;2020-07-06;280
2020-07-05;"Košický kraj";0;0;0;0;NA;97575;0;2020-07-05;280
2020-07-04;"Košický kraj";0;0;0;0;NA;97575;0;2020-07-04;280
2020-07-03;"Košický kraj";1;0;0;0;NA;97575;1;2020-07-03;280
2020-07-02;"Košický kraj";0;0;0;0;NA;97575;0;2020-07-02;279
2020-07-01;"Košický kraj";1;0;0;0;NA;97575;1;2020-07-01;279
2020-06-30;"Košický kraj";0;0;0;0;NA;97575;0;2020-06-30;278
2020-06-29;"Košický kraj";0;0;0;0;NA;97575;0;2020-06-29;278
2020-06-28;"Košický kraj";0;0;0;0;NA;97575;0;2020-06-28;278
2020-06-27;"Košický kraj";0;0;0;0;NA;97575;0;2020-06-27;278
2020-06-26;"Košický kraj";0;0;0;0;NA;97575;0;2020-06-26;278
2020-06-25;"Košický kraj";3;0;0;0;NA;97575;3;2020-06-25;278
2020-06-24;"Košický kraj";3;0;0;0;NA;97575;3;2020-06-24;275
2020-06-23;"Košický kraj";3;0;0;0;NA;97575;3;2020-06-23;272
2020-06-22;"Košický kraj";0;0;0;0;NA;97575;0;2020-06-22;269
2020-06-21;"Košický kraj";0;0;0;0;NA;97575;0;2020-06-21;269
2020-06-20;"Košický kraj";0;0;0;0;NA;97575;0;2020-06-20;269
2020-06-19;"Košický kraj";0;0;0;0;NA;97575;0;2020-06-19;269
2020-06-18;"Košický kraj";1;0;0;0;NA;97575;1;2020-06-18;269
2020-06-17;"Košický kraj";0;0;0;0;NA;97575;0;2020-06-17;268
2020-06-16;"Košický kraj";2;0;0;0;NA;97575;2;2020-06-16;268
2020-06-14;"Košický kraj";0;0;0;0;NA;97575;0;2020-06-14;266
2020-06-13;"Košický kraj";0;0;0;0;NA;97575;0;2020-06-13;266
2020-06-12;"Košický kraj";0;0;0;0;NA;97575;0;2020-06-12;266
2020-06-11;"Košický kraj";0;0;0;0;NA;97575;0;2020-06-11;266
2020-06-10;"Košický kraj";6;0;0;0;NA;97575;6;2020-06-10;266
2020-06-09;"Košický kraj";0;0;0;0;NA;97575;0;2020-06-09;260
2020-06-08;"Košický kraj";0;0;0;0;NA;97575;0;2020-06-08;260
2020-06-07;"Košický kraj";2;0;0;0;NA;97575;2;2020-06-07;260
2020-06-05;"Košický kraj";0;0;0;0;NA;97575;0;2020-06-05;258
2020-06-03;"Košický kraj";0;0;0;0;NA;97575;0;2020-06-03;258
2020-06-02;"Košický kraj";1;0;0;0;NA;97575;1;2020-06-02;258
2020-05-31;"Košický kraj";0;0;0;0;NA;97575;0;2020-05-31;257
2020-05-29;"Košický kraj";1;0;0;0;NA;97575;1;2020-05-29;257
2020-05-27;"Košický kraj";0;0;0;0;NA;97575;0;2020-05-27;256
2020-05-26;"Košický kraj";1;0;0;0;NA;97575;1;2020-05-26;256
2020-05-25;"Košický kraj";1;0;0;0;NA;97575;1;2020-05-25;255
2020-05-24;"Košický kraj";0;0;0;0;NA;97575;0;2020-05-24;254
2020-05-23;"Košický kraj";0;0;0;0;NA;97575;0;2020-05-23;254
2020-05-22;"Košický kraj";0;0;0;0;NA;97575;0;2020-05-22;254
2020-05-21;"Košický kraj";0;0;0;0;NA;97575;0;2020-05-21;254
2020-05-20;"Košický kraj";3;0;0;0;NA;97575;3;2020-05-20;254
2020-05-19;"Košický kraj";0;0;0;0;NA;97575;0;2020-05-19;251
2020-05-17;"Košický kraj";1;0;0;0;NA;97575;1;2020-05-17;251
2020-05-16;"Košický kraj";1;0;0;0;NA;97575;1;2020-05-16;250
2020-05-15;"Košický kraj";10;0;0;0;NA;97575;10;2020-05-15;249
2020-05-14;"Košický kraj";1;0;0;0;NA;97575;1;2020-05-14;239
2020-05-13;"Košický kraj";6;0;0;0;NA;97575;6;2020-05-13;238
2020-05-12;"Košický kraj";0;0;0;0;NA;97575;0;2020-05-12;232
2020-05-11;"Košický kraj";0;0;0;0;NA;97575;0;2020-05-11;232
2020-05-09;"Košický kraj";0;0;0;0;NA;97575;0;2020-05-09;232
2020-05-07;"Košický kraj";0;0;0;0;NA;97575;0;2020-05-07;232
2020-05-06;"Košický kraj";1;0;0;0;NA;97575;1;2020-05-06;232
2020-05-05;"Košický kraj";0;0;0;0;NA;97575;0;2020-05-05;231
2020-05-04;"Košický kraj";0;0;0;0;NA;97575;0;2020-05-04;231
2020-05-03;"Košický kraj";0;0;0;0;NA;97575;0;2020-05-03;231
2020-05-02;"Košický kraj";1;0;0;0;NA;97575;1;2020-05-02;231
2020-05-01;"Košický kraj";0;0;0;0;NA;97575;0;2020-05-01;230
2020-04-30;"Košický kraj";1;0;0;0;NA;97575;1;2020-04-30;230
2020-04-29;"Košický kraj";1;0;0;0;NA;97575;1;2020-04-29;229
2020-04-28;"Košický kraj";1;0;0;0;NA;97575;1;2020-04-28;228
2020-04-27;"Košický kraj";1;0;0;0;NA;97575;1;2020-04-27;227
2020-04-26;"Košický kraj";0;0;0;0;NA;97575;0;2020-04-26;226
2020-04-25;"Košický kraj";0;0;0;0;NA;97575;0;2020-04-25;226
2020-04-24;"Košický kraj";3;0;0;0;NA;97575;3;2020-04-24;226
2020-04-23;"Košický kraj";4;0;0;0;NA;97575;4;2020-04-23;223
2020-04-22;"Košický kraj";21;0;0;0;NA;97575;21;2020-04-22;219
2020-04-21;"Košický kraj";4;0;0;0;NA;97575;4;2020-04-21;198
2020-04-20;"Košický kraj";0;0;0;0;NA;97575;0;2020-04-20;194
2020-04-19;"Košický kraj";1;0;0;0;NA;97575;1;2020-04-19;194
2020-04-18;"Košický kraj";2;0;0;0;NA;97575;2;2020-04-18;193
2020-04-17;"Košický kraj";7;0;0;0;NA;97575;7;2020-04-17;191
2020-04-16;"Košický kraj";29;0;0;0;NA;97575;29;2020-04-16;184
2020-04-15;"Košický kraj";50;0;0;0;NA;97575;50;2020-04-15;155
2020-04-14;"Košický kraj";4;0;0;0;NA;97575;4;2020-04-14;105
2020-04-13;"Košický kraj";5;0;0;0;NA;97575;5;2020-04-13;101
2020-04-12;"Košický kraj";4;0;0;0;NA;97575;4;2020-04-12;96
2020-04-11;"Košický kraj";2;0;0;0;NA;97575;2;2020-04-11;92
2020-04-10;"Košický kraj";1;0;0;0;NA;97575;1;2020-04-10;90
2020-04-09;"Košický kraj";4;0;0;0;NA;97575;4;2020-04-09;89
2020-04-08;"Košický kraj";5;0;0;0;NA;97575;5;2020-04-08;85
2020-04-07;"Košický kraj";34;0;0;0;NA;97575;34;2020-04-07;80
2020-04-06;"Košický kraj";6;0;0;0;NA;97575;6;2020-04-06;46
2020-04-05;"Košický kraj";4;0;0;0;NA;97575;4;2020-04-05;40
2020-04-04;"Košický kraj";5;0;0;0;NA;97575;5;2020-04-04;36
2020-04-03;"Košický kraj";4;0;0;0;NA;97575;4;2020-04-03;31
2020-04-02;"Košický kraj";3;0;0;0;NA;97575;3;2020-04-02;27
2020-04-01;"Košický kraj";3;0;0;0;NA;97575;3;2020-04-01;24
2020-03-31;"Košický kraj";1;0;0;0;NA;97575;1;2020-03-31;21
2020-03-30;"Košický kraj";5;0;0;0;NA;97575;5;2020-03-30;20
2020-03-29;"Košický kraj";0;0;0;0;NA;97575;0;2020-03-29;15
2020-03-28;"Košický kraj";1;0;0;0;NA;97575;1;2020-03-28;15
2020-03-27;"Košický kraj";1;0;0;0;NA;97575;1;2020-03-27;14
2020-03-26;"Košický kraj";3;0;0;0;NA;97575;3;2020-03-26;13
2020-03-25;"Košický kraj";2;0;0;0;NA;97575;2;2020-03-25;10
2020-03-24;"Košický kraj";0;0;0;0;NA;97575;0;2020-03-24;8
2020-03-23;"Košický kraj";2;0;0;0;NA;97575;2;2020-03-23;8
2020-03-22;"Košický kraj";0;0;0;0;NA;97575;0;2020-03-22;6
2020-03-21;"Košický kraj";3;0;0;0;NA;97575;3;2020-03-21;6
2020-03-20;"Košický kraj";1;0;0;0;NA;97575;1;2020-03-20;3
2020-03-19;"Košický kraj";0;0;0;0;NA;97575;0;2020-03-19;2
2020-03-18;"Košický kraj";0;0;0;0;NA;97575;0;2020-03-18;2
2020-03-17;"Košický kraj";0;0;0;0;NA;97575;0;2020-03-17;2
2020-03-16;"Košický kraj";3;0;0;0;NA;97575;3;2020-03-16;2
2020-03-15;"Košický kraj";1;0;0;0;NA;97575;1;2020-03-15;-1
2020-03-14;"Košický kraj";0;0;0;0;NA;97575;0;2020-03-14;-2
2020-03-13;"Košický kraj";2;0;0;0;NA;97575;2;2020-03-13;-2
2020-03-12;"Košický kraj";0;0;0;0;NA;97575;0;2020-03-12;-4
2020-03-11;"Košický kraj";0;0;0;0;NA;97575;0;2020-03-11;-4
2020-03-09;"Košický kraj";1;0;0;0;NA;97575;1;2020-03-09;-4
2020-03-08;"Košický kraj";0;0;0;0;NA;97575;0;2020-03-08;-5
2020-03-07;"Košický kraj";0;0;0;0;NA;97575;0;2020-03-07;-5
2020-03-06;"Košický kraj";0;0;0;0;NA;97575;0;2020-03-06;-5
2021-06-21;"Nitriansky kraj";8;4278;4;4282;39232;92626;12;2021-06-21;92626
2021-06-20;"Nitriansky kraj";0;4500;6;4506;NA;92626;6;2021-06-20;92614
2021-06-19;"Nitriansky kraj";0;5478;4;5482;NA;92626;4;2021-06-19;92608
2021-06-18;"Nitriansky kraj";4;6453;3;6456;NA;92626;7;2021-06-18;92604
2021-06-17;"Nitriansky kraj";5;3731;1;3732;NA;92626;6;2021-06-17;92597
2021-06-16;"Nitriansky kraj";4;3694;3;3697;NA;92626;7;2021-06-16;92591
2021-06-15;"Nitriansky kraj";1;3849;0;3849;NA;92626;1;2021-06-15;92584
2021-06-14;"Nitriansky kraj";0;5590;3;5593;NA;92626;3;2021-06-14;92583
2021-06-13;"Nitriansky kraj";0;6184;3;6187;NA;92626;3;2021-06-13;92580
2021-06-12;"Nitriansky kraj";1;7723;1;7724;NA;92626;2;2021-06-12;92577
2021-06-11;"Nitriansky kraj";3;6558;4;6562;NA;92626;7;2021-06-11;92575
2021-06-10;"Nitriansky kraj";7;4539;1;4540;NA;92626;8;2021-06-10;92568
2021-06-09;"Nitriansky kraj";2;4656;5;4661;NA;92626;7;2021-06-09;92560
2021-06-08;"Nitriansky kraj";8;4239;3;4242;NA;92626;11;2021-06-08;92553
2021-06-07;"Nitriansky kraj";6;5648;8;5656;NA;92626;14;2021-06-07;92542
2021-06-06;"Nitriansky kraj";0;6981;4;6985;NA;92626;4;2021-06-06;92528
2021-06-05;"Nitriansky kraj";6;8417;9;8426;NA;92626;15;2021-06-05;92524
2021-06-04;"Nitriansky kraj";9;7462;5;7467;NA;92626;14;2021-06-04;92509
2021-06-03;"Nitriansky kraj";2;5062;6;5068;NA;92626;8;2021-06-03;92495
2021-06-02;"Nitriansky kraj";11;4902;11;4913;NA;92626;22;2021-06-02;92487
2021-06-01;"Nitriansky kraj";3;4698;2;4700;NA;92626;5;2021-06-01;92465
2021-05-31;"Nitriansky kraj";8;8708;8;8716;NA;92626;16;2021-05-31;92460
2021-05-30;"Nitriansky kraj";1;9067;8;9075;NA;92626;9;2021-05-30;92444
2021-05-29;"Nitriansky kraj";2;12799;7;12806;NA;92626;9;2021-05-29;92435
2021-05-28;"Nitriansky kraj";10;8575;6;8581;NA;92626;16;2021-05-28;92426
2021-05-27;"Nitriansky kraj";4;6015;5;6020;NA;92626;9;2021-05-27;92410
2021-05-26;"Nitriansky kraj";11;8266;8;8274;NA;92626;19;2021-05-26;92401
2021-05-25;"Nitriansky kraj";15;7437;9;7446;NA;92626;24;2021-05-25;92382
2021-05-24;"Nitriansky kraj";14;9390;16;9406;NA;92626;30;2021-05-24;92358
2021-05-23;"Nitriansky kraj";1;9516;13;9529;NA;92626;14;2021-05-23;92328
2021-05-22;"Nitriansky kraj";7;16714;11;16725;NA;92626;18;2021-05-22;92314
2021-05-21;"Nitriansky kraj";18;10473;15;10488;NA;92626;33;2021-05-21;92296
2021-05-20;"Nitriansky kraj";8;7059;7;7066;NA;92626;15;2021-05-20;92263
2021-05-19;"Nitriansky kraj";20;6640;14;6654;NA;92626;34;2021-05-19;92248
2021-05-18;"Nitriansky kraj";23;7577;18;7595;NA;92626;41;2021-05-18;92214
2021-05-17;"Nitriansky kraj";22;9575;20;9595;NA;92626;42;2021-05-17;92173
2021-05-16;"Nitriansky kraj";4;13830;15;13845;NA;92626;19;2021-05-16;92131
2021-05-15;"Nitriansky kraj";5;25389;23;25412;NA;92626;28;2021-05-15;92112
2021-05-14;"Nitriansky kraj";18;13273;23;13296;NA;92626;41;2021-05-14;92084
2021-05-13;"Nitriansky kraj";24;8049;19;8068;NA;92626;43;2021-05-13;92043
2021-05-12;"Nitriansky kraj";10;7466;26;7492;NA;92626;36;2021-05-12;92000
2021-05-11;"Nitriansky kraj";36;7978;13;7991;NA;92626;49;2021-05-11;91964
2021-05-10;"Nitriansky kraj";16;13590;33;13623;NA;92626;49;2021-05-10;91915
2021-05-09;"Nitriansky kraj";8;21879;35;21914;NA;92626;43;2021-05-09;91866
2021-05-08;"Nitriansky kraj";0;24318;29;24347;NA;92626;29;2021-05-08;91823
2021-05-07;"Nitriansky kraj";32;14657;20;14677;NA;92626;52;2021-05-07;91794
2021-05-06;"Nitriansky kraj";30;9275;20;9295;NA;92626;50;2021-05-06;91742
2021-05-05;"Nitriansky kraj";19;8518;23;8541;NA;92626;42;2021-05-05;91692
2021-05-04;"Nitriansky kraj";46;8954;27;8981;NA;92626;73;2021-05-04;91650
2021-05-03;"Nitriansky kraj";32;14490;44;14534;NA;92626;76;2021-05-03;91577
2021-05-02;"Nitriansky kraj";4;31751;46;31797;NA;92626;50;2021-05-02;91501
2021-05-01;"Nitriansky kraj";23;60609;43;60652;NA;92626;66;2021-05-01;91451
2021-04-30;"Nitriansky kraj";28;31803;53;31856;NA;92626;81;2021-04-30;91385
2021-04-29;"Nitriansky kraj";27;13995;32;14027;NA;92626;59;2021-04-29;91304
2021-04-28;"Nitriansky kraj";36;14678;45;14723;NA;92626;81;2021-04-28;91245
2021-04-27;"Nitriansky kraj";51;13154;35;13189;NA;92626;86;2021-04-27;91164
2021-04-26;"Nitriansky kraj";38;21029;44;21073;NA;92626;82;2021-04-26;91078
2021-04-25;"Nitriansky kraj";7;43494;43;43537;NA;92626;50;2021-04-25;90996
2021-04-24;"Nitriansky kraj";23;92745;71;92816;NA;92626;94;2021-04-24;90946
2021-04-23;"Nitriansky kraj";54;35143;51;35194;NA;92626;105;2021-04-23;90852
2021-04-22;"Nitriansky kraj";32;15435;44;15479;NA;92626;76;2021-04-22;90747
2021-04-21;"Nitriansky kraj";38;14222;45;14267;NA;92626;83;2021-04-21;90671
2021-04-20;"Nitriansky kraj";67;16058;51;16109;NA;92626;118;2021-04-20;90588
2021-04-19;"Nitriansky kraj";35;24816;59;24875;NA;92626;94;2021-04-19;90470
2021-04-18;"Nitriansky kraj";0;39569;27;39596;NA;92626;27;2021-04-18;90376
2021-04-17;"Nitriansky kraj";34;92102;82;92184;NA;92626;116;2021-04-17;90349
2021-04-16;"Nitriansky kraj";46;32348;37;32385;NA;92626;83;2021-04-16;90233
2021-04-15;"Nitriansky kraj";75;16215;52;16267;NA;92626;127;2021-04-15;90150
2021-04-14;"Nitriansky kraj";43;15303;42;15345;NA;92626;85;2021-04-14;90023
2021-04-13;"Nitriansky kraj";110;14947;44;14991;NA;92626;154;2021-04-13;89938
2021-04-12;"Nitriansky kraj";29;22162;50;22212;NA;92626;79;2021-04-12;89784
2021-04-11;"Nitriansky kraj";1;37537;31;37568;NA;92626;32;2021-04-11;89705
2021-04-10;"Nitriansky kraj";35;95524;115;95639;NA;92626;150;2021-04-10;89673
2021-04-09;"Nitriansky kraj";69;30669;58;30727;NA;92626;127;2021-04-09;89523
2021-04-08;"Nitriansky kraj";71;15369;36;15405;NA;92626;107;2021-04-08;89396
2021-04-07;"Nitriansky kraj";64;18541;47;18588;NA;92626;111;2021-04-07;89289
2021-04-06;"Nitriansky kraj";65;33218;112;33330;NA;92626;177;2021-04-06;89178
2021-04-05;"Nitriansky kraj";37;12673;48;12721;NA;92626;85;2021-04-05;89001
2021-04-04;"Nitriansky kraj";5;17887;35;17922;NA;92626;40;2021-04-04;88916
2021-04-03;"Nitriansky kraj";26;85465;153;85618;NA;92626;179;2021-04-03;88876
2021-04-02;"Nitriansky kraj";32;18667;46;18713;NA;92626;78;2021-04-02;88697
2021-04-01;"Nitriansky kraj";63;24610;83;24693;NA;92626;146;2021-04-01;88619
2021-03-31;"Nitriansky kraj";73;21752;94;21846;NA;92626;167;2021-03-31;88473
2021-03-30;"Nitriansky kraj";125;17044;83;17127;NA;92626;208;2021-03-30;88306
2021-03-29;"Nitriansky kraj";81;25139;100;25239;NA;92626;181;2021-03-29;88098
2021-03-28;"Nitriansky kraj";6;45581;106;45687;NA;92626;112;2021-03-28;87917
2021-03-27;"Nitriansky kraj";39;103659;174;103833;NA;92626;213;2021-03-27;87805
2021-03-26;"Nitriansky kraj";90;40444;115;40559;NA;92626;205;2021-03-26;87592
2021-03-25;"Nitriansky kraj";95;19149;94;19243;NA;92626;189;2021-03-25;87387
2021-03-24;"Nitriansky kraj";90;14784;91;14875;NA;92626;181;2021-03-24;87198
2021-03-23;"Nitriansky kraj";167;16753;66;16819;NA;92626;233;2021-03-23;87017
2021-03-22;"Nitriansky kraj";101;23699;124;23823;NA;92626;225;2021-03-22;86784
2021-03-21;"Nitriansky kraj";27;42318;99;42417;NA;92626;126;2021-03-21;86559
2021-03-20;"Nitriansky kraj";36;99816;207;100023;NA;92626;243;2021-03-20;86433
2021-03-19;"Nitriansky kraj";76;37115;101;37216;NA;92626;177;2021-03-19;86190
2021-03-18;"Nitriansky kraj";103;20051;113;20164;NA;92626;216;2021-03-18;86013
2021-03-17;"Nitriansky kraj";87;15832;127;15959;NA;92626;214;2021-03-17;85797
2021-03-16;"Nitriansky kraj";172;18085;121;18206;NA;92626;293;2021-03-16;85583
2021-03-15;"Nitriansky kraj";130;24491;165;24656;NA;92626;295;2021-03-15;85290
2021-03-14;"Nitriansky kraj";3;45758;107;45865;NA;92626;110;2021-03-14;84995
2021-03-13;"Nitriansky kraj";65;112081;241;112322;NA;92626;306;2021-03-13;84885
2021-03-12;"Nitriansky kraj";127;40776;159;40935;NA;92626;286;2021-03-12;84579
2021-03-11;"Nitriansky kraj";131;18685;130;18815;NA;92626;261;2021-03-11;84293
2021-03-10;"Nitriansky kraj";96;17422;143;17565;NA;92626;239;2021-03-10;84032
2021-03-09;"Nitriansky kraj";260;17645;149;17794;NA;92626;409;2021-03-09;83793
2021-03-08;"Nitriansky kraj";145;27214;172;27386;NA;92626;317;2021-03-08;83384
2021-03-07;"Nitriansky kraj";48;46867;185;47052;NA;92626;233;2021-03-07;83067
2021-03-06;"Nitriansky kraj";86;110858;326;111184;NA;92626;412;2021-03-06;82834
2021-03-05;"Nitriansky kraj";133;39068;200;39268;NA;92626;333;2021-03-05;82422
2021-03-04;"Nitriansky kraj";176;18206;173;18379;NA;92626;349;2021-03-04;82089
2021-03-03;"Nitriansky kraj";172;17210;177;17387;NA;92626;349;2021-03-03;81740
2021-03-02;"Nitriansky kraj";274;20999;366;21365;NA;92626;640;2021-03-02;81391
2021-03-01;"Nitriansky kraj";133;27881;279;28160;NA;92626;412;2021-03-01;80751
2021-02-28;"Nitriansky kraj";80;40866;218;41084;NA;92626;298;2021-02-28;80339
2021-02-27;"Nitriansky kraj";101;106352;496;106848;NA;92626;597;2021-02-27;80041
2021-02-26;"Nitriansky kraj";109;36722;306;37028;NA;92626;415;2021-02-26;79444
2021-02-25;"Nitriansky kraj";188;15235;212;15447;NA;92626;400;2021-02-25;79029
2021-02-24;"Nitriansky kraj";125;13833;260;14093;NA;92626;385;2021-02-24;78629
2021-02-23;"Nitriansky kraj";273;15402;273;15675;NA;92626;546;2021-02-23;78244
2021-02-22;"Nitriansky kraj";154;26466;330;26796;NA;92626;484;2021-02-22;77698
2021-02-21;"Nitriansky kraj";22;43657;320;43977;NA;92626;342;2021-02-21;77214
2021-02-20;"Nitriansky kraj";128;108304;584;108888;NA;92626;712;2021-02-20;76872
2021-02-19;"Nitriansky kraj";173;36849;328;37177;NA;92626;501;2021-02-19;76160
2021-02-18;"Nitriansky kraj";202;17051;275;17326;NA;92626;477;2021-02-18;75659
2021-02-17;"Nitriansky kraj";198;12080;310;12390;NA;92626;508;2021-02-17;75182
2021-02-16;"Nitriansky kraj";284;14477;282;14759;NA;92626;566;2021-02-16;74674
2021-02-15;"Nitriansky kraj";122;27620;471;28091;NA;92626;593;2021-02-15;74108
2021-02-14;"Nitriansky kraj";8;50408;318;50726;NA;92626;326;2021-02-14;73515
2021-02-13;"Nitriansky kraj";127;110035;689;110724;NA;92626;816;2021-02-13;73189
2021-02-12;"Nitriansky kraj";162;33400;407;33807;NA;92626;569;2021-02-12;72373
2021-02-11;"Nitriansky kraj";195;12406;270;12676;NA;92626;465;2021-02-11;71804
2021-02-10;"Nitriansky kraj";186;17632;644;18276;NA;92626;830;2021-02-10;71339
2021-02-09;"Nitriansky kraj";260;18523;385;18908;NA;92626;645;2021-02-09;70509
2021-02-08;"Nitriansky kraj";177;37534;569;38103;NA;92626;746;2021-02-08;69864
2021-02-07;"Nitriansky kraj";20;52307;513;52820;NA;92626;533;2021-02-07;69118
2021-02-06;"Nitriansky kraj";129;101942;765;102707;NA;92626;894;2021-02-06;68585
2021-02-05;"Nitriansky kraj";244;26144;491;26635;NA;92626;735;2021-02-05;67691
2021-02-04;"Nitriansky kraj";308;15681;512;16193;NA;92626;820;2021-02-04;66956
2021-02-03;"Nitriansky kraj";191;13468;382;13850;NA;92626;573;2021-02-03;66136
2021-02-02;"Nitriansky kraj";327;17878;382;18260;NA;92626;709;2021-02-02;65563
2021-02-01;"Nitriansky kraj";221;24049;460;24509;NA;92626;681;2021-02-01;64854
2021-01-31;"Nitriansky kraj";9;45339;496;45835;NA;92626;505;2021-01-31;64173
2021-01-30;"Nitriansky kraj";152;98142;1077;99219;NA;92626;1229;2021-01-30;63668
2021-01-29;"Nitriansky kraj";302;22461;477;22938;NA;92626;779;2021-01-29;62439
2021-01-28;"Nitriansky kraj";269;11370;398;11768;NA;92626;667;2021-01-28;61660
2021-01-27;"Nitriansky kraj";235;6760;299;7059;NA;92626;534;2021-01-27;60993
2021-01-26;"Nitriansky kraj";345;16045;454;16499;NA;92626;799;2021-01-26;60459
2021-01-25;"Nitriansky kraj";201;21729;429;22158;NA;92626;630;2021-01-25;59660
2021-01-24;"Nitriansky kraj";12;78775;889;79664;NA;92626;901;2021-01-24;59030
2021-01-23;"Nitriansky kraj";277;97395;1434;98829;NA;92626;1711;2021-01-23;58129
2021-01-22;"Nitriansky kraj";139;35824;619;36443;NA;92626;758;2021-01-22;56418
2021-01-21;"Nitriansky kraj";305;14649;412;15061;NA;92626;717;2021-01-21;55660
2021-01-20;"Nitriansky kraj";326;11991;625;12616;NA;92626;951;2021-01-20;54943
2021-01-19;"Nitriansky kraj";344;11022;633;11655;NA;92626;977;2021-01-19;53992
2021-01-18;"Nitriansky kraj";367;8902;520;9422;NA;92626;887;2021-01-18;53015
2021-01-17;"Nitriansky kraj";97;15061;275;15336;NA;92626;372;2021-01-17;52128
2021-01-16;"Nitriansky kraj";64;36838;679;37517;NA;92626;743;2021-01-16;51756
2021-01-15;"Nitriansky kraj";373;15940;474;16414;NA;92626;847;2021-01-15;51013
2021-01-14;"Nitriansky kraj";627;10577;452;11029;NA;92626;1079;2021-01-14;50166
2021-01-13;"Nitriansky kraj";663;9234;484;9718;NA;92626;1147;2021-01-13;49087
2021-01-12;"Nitriansky kraj";642;9014;557;9571;NA;92626;1199;2021-01-12;47940
2021-01-11;"Nitriansky kraj";422;8625;556;9181;NA;92626;978;2021-01-11;46741
2021-01-10;"Nitriansky kraj";44;19841;730;20571;NA;92626;774;2021-01-10;45763
2021-01-09;"Nitriansky kraj";532;36823;1071;37894;NA;92626;1603;2021-01-09;44989
2021-01-08;"Nitriansky kraj";817;14297;711;15008;NA;92626;1528;2021-01-08;43386
2021-01-07;"Nitriansky kraj";438;10406;822;11228;NA;92626;1260;2021-01-07;41858
2021-01-06;"Nitriansky kraj";259;3192;197;3389;NA;92626;456;2021-01-06;40598
2021-01-05;"Nitriansky kraj";732;8901;1202;10103;NA;92626;1934;2021-01-05;40142
2021-01-04;"Nitriansky kraj";362;8692;1329;10021;NA;92626;1691;2021-01-04;38208
2021-01-03;"Nitriansky kraj";42;84;20;104;NA;92626;62;2021-01-03;36517
2021-01-02;"Nitriansky kraj";249;1090;26;1116;NA;92626;275;2021-01-02;36455
2021-01-01;"Nitriansky kraj";119;781;95;876;NA;92626;214;2021-01-01;36180
2020-12-31;"Nitriansky kraj";786;7646;962;8608;NA;92626;1748;2020-12-31;35966
2020-12-30;"Nitriansky kraj";1094;9619;1165;10784;NA;92626;2259;2020-12-30;34218
2020-12-29;"Nitriansky kraj";607;8277;1286;9563;NA;92626;1893;2020-12-29;31959
2020-12-28;"Nitriansky kraj";83;6981;1271;8252;NA;92626;1354;2020-12-28;30066
2020-12-27;"Nitriansky kraj";22;60;8;68;NA;92626;30;2020-12-27;28712
2020-12-26;"Nitriansky kraj";54;297;56;353;NA;92626;110;2020-12-26;28682
2020-12-25;"Nitriansky kraj";35;60;11;71;NA;92626;46;2020-12-25;28572
2020-12-24;"Nitriansky kraj";514;1861;176;2037;NA;92626;690;2020-12-24;28526
2020-12-23;"Nitriansky kraj";349;15295;843;16138;NA;92626;1192;2020-12-23;27836
2020-12-22;"Nitriansky kraj";673;10989;994;11983;NA;92626;1667;2020-12-22;26644
2020-12-21;"Nitriansky kraj";128;7953;976;8929;NA;92626;1104;2020-12-21;24977
2020-12-20;"Nitriansky kraj";77;50;10;60;NA;92626;87;2020-12-20;23873
2020-12-19;"Nitriansky kraj";262;2259;159;2418;NA;92626;421;2020-12-19;23786
2020-12-18;"Nitriansky kraj";512;8437;551;8988;NA;92626;1063;2020-12-18;23365
2020-12-17;"Nitriansky kraj";586;6894;514;7408;NA;92626;1100;2020-12-17;22302
2020-12-16;"Nitriansky kraj";357;8785;546;9331;NA;92626;903;2020-12-16;21202
2020-12-15;"Nitriansky kraj";461;9365;769;10134;NA;92626;1230;2020-12-15;20299
2020-12-14;"Nitriansky kraj";217;8089;827;8916;NA;92626;1044;2020-12-14;19069
2020-12-13;"Nitriansky kraj";12;69;6;75;NA;92626;18;2020-12-13;18025
2020-12-12;"Nitriansky kraj";341;1832;125;1957;NA;92626;466;2020-12-12;18007
2020-12-11;"Nitriansky kraj";409;5430;416;5846;NA;92626;825;2020-12-11;17541
2020-12-10;"Nitriansky kraj";360;5473;351;5824;NA;92626;711;2020-12-10;16716
2020-12-09;"Nitriansky kraj";362;5506;529;6035;NA;92626;891;2020-12-09;16005
2020-12-08;"Nitriansky kraj";340;8168;548;8716;NA;92626;888;2020-12-08;15114
2020-12-07;"Nitriansky kraj";139;6243;573;6816;NA;92626;712;2020-12-07;14226
2020-12-06;"Nitriansky kraj";15;89;4;93;NA;92626;19;2020-12-06;13514
2020-12-05;"Nitriansky kraj";136;1388;19;1407;NA;92626;155;2020-12-05;13495
2020-12-04;"Nitriansky kraj";232;2884;74;2958;NA;92626;306;2020-12-04;13340
2020-12-03;"Nitriansky kraj";248;2471;110;2581;NA;92626;358;2020-12-03;13034
2020-12-02;"Nitriansky kraj";252;3733;163;3896;NA;92626;415;2020-12-02;12676
2020-12-01;"Nitriansky kraj";331;2891;131;3022;NA;92626;462;2020-12-01;12261
2020-11-30;"Nitriansky kraj";91;4228;188;4416;NA;92626;279;2020-11-30;11799
2020-11-29;"Nitriansky kraj";3;634;42;676;NA;92626;45;2020-11-29;11520
2020-11-28;"Nitriansky kraj";135;892;31;923;NA;92626;166;2020-11-28;11475
2020-11-27;"Nitriansky kraj";177;2069;73;2142;NA;92626;250;2020-11-27;11309
2020-11-26;"Nitriansky kraj";191;2813;80;2893;NA;92626;271;2020-11-26;11059
2020-11-25;"Nitriansky kraj";325;2478;91;2569;NA;92626;416;2020-11-25;10788
2020-11-24;"Nitriansky kraj";147;1641;64;1705;NA;92626;211;2020-11-24;10372
2020-11-23;"Nitriansky kraj";102;9891;212;10103;NA;92626;314;2020-11-23;10161
2020-11-22;"Nitriansky kraj";7;1176;25;1201;NA;92626;32;2020-11-22;9847
2020-11-21;"Nitriansky kraj";86;1083;38;1121;NA;92626;124;2020-11-21;9815
2020-11-20;"Nitriansky kraj";264;4180;103;4283;NA;92626;367;2020-11-20;9691
2020-11-19;"Nitriansky kraj";185;3065;134;3199;NA;92626;319;2020-11-19;9324
2020-11-18;"Nitriansky kraj";188;2214;79;2293;NA;92626;267;2020-11-18;9005
2020-11-17;"Nitriansky kraj";178;596;29;625;NA;92626;207;2020-11-17;8738
2020-11-16;"Nitriansky kraj";139;1877;75;1952;NA;92626;214;2020-11-16;8531
2020-11-15;"Nitriansky kraj";14;180;5;185;NA;92626;19;2020-11-15;8317
2020-11-14;"Nitriansky kraj";114;1131;32;1163;NA;92626;146;2020-11-14;8298
2020-11-13;"Nitriansky kraj";210;936;46;982;NA;92626;256;2020-11-13;8152
2020-11-12;"Nitriansky kraj";256;1195;35;1230;NA;92626;291;2020-11-12;7896
2020-11-11;"Nitriansky kraj";279;1247;22;1269;NA;92626;301;2020-11-11;7605
2020-11-10;"Nitriansky kraj";192;2623;39;2662;NA;92626;231;2020-11-10;7304
2020-11-09;"Nitriansky kraj";128;3136;43;3179;NA;92626;171;2020-11-09;7073
2020-11-08;"Nitriansky kraj";43;1462;32;1494;NA;92626;75;2020-11-08;6902
2020-11-07;"Nitriansky kraj";130;1046;4;1050;NA;92626;134;2020-11-07;6827
2020-11-06;"Nitriansky kraj";210;2264;32;2296;NA;92626;242;2020-11-06;6693
2020-11-05;"Nitriansky kraj";178;313;14;327;NA;92626;192;2020-11-05;6451
2020-11-04;"Nitriansky kraj";211;297;16;313;NA;92626;227;2020-11-04;6259
2020-11-03;"Nitriansky kraj";216;435;25;460;NA;92626;241;2020-11-03;6032
2020-11-02;"Nitriansky kraj";171;4208;46;4254;NA;92626;217;2020-11-02;5791
2020-11-01;"Nitriansky kraj";130;2546;27;2573;NA;92626;157;2020-11-01;5574
2020-10-31;"Nitriansky kraj";261;10466;134;10600;NA;92626;395;2020-10-31;5417
2020-10-30;"Nitriansky kraj";204;2593;42;2635;NA;92626;246;2020-10-30;5022
2020-10-29;"Nitriansky kraj";293;841;39;880;NA;92626;332;2020-10-29;4776
2020-10-28;"Nitriansky kraj";216;608;59;667;NA;92626;275;2020-10-28;4444
2020-10-27;"Nitriansky kraj";296;550;47;597;NA;92626;343;2020-10-27;4169
2020-10-26;"Nitriansky kraj";69;633;56;689;NA;92626;125;2020-10-26;3826
2020-10-25;"Nitriansky kraj";50;62;8;70;NA;92626;58;2020-10-25;3701
2020-10-24;"Nitriansky kraj";169;237;11;248;NA;92626;180;2020-10-24;3643
2020-10-23;"Nitriansky kraj";282;762;41;803;NA;92626;323;2020-10-23;3463
2020-10-22;"Nitriansky kraj";137;444;39;483;NA;92626;176;2020-10-22;3140
2020-10-21;"Nitriansky kraj";146;208;3;211;NA;92626;149;2020-10-21;2964
2020-10-20;"Nitriansky kraj";197;78;6;84;NA;92626;203;2020-10-20;2815
2020-10-19;"Nitriansky kraj";148;79;1;80;NA;92626;149;2020-10-19;2612
2020-10-18;"Nitriansky kraj";22;0;0;0;NA;92626;22;2020-10-18;2463
2020-10-17;"Nitriansky kraj";67;0;0;0;NA;92626;67;2020-10-17;2441
2020-10-16;"Nitriansky kraj";133;28;3;31;NA;92626;136;2020-10-16;2374
2020-10-15;"Nitriansky kraj";106;31;2;33;NA;92626;108;2020-10-15;2238
2020-10-14;"Nitriansky kraj";80;22;4;26;NA;92626;84;2020-10-14;2130
2020-10-13;"Nitriansky kraj";101;82;2;84;NA;92626;103;2020-10-13;2046
2020-10-12;"Nitriansky kraj";36;0;0;0;NA;92626;36;2020-10-12;1943
2020-10-11;"Nitriansky kraj";8;0;0;0;NA;92626;8;2020-10-11;1907
2020-10-10;"Nitriansky kraj";107;0;0;0;NA;92626;107;2020-10-10;1899
2020-10-09;"Nitriansky kraj";120;0;0;0;NA;92626;120;2020-10-09;1792
2020-10-08;"Nitriansky kraj";132;0;0;0;NA;92626;132;2020-10-08;1672
2020-10-07;"Nitriansky kraj";81;0;0;0;NA;92626;81;2020-10-07;1540
2020-10-06;"Nitriansky kraj";48;0;0;0;NA;92626;48;2020-10-06;1459
2020-10-05;"Nitriansky kraj";20;0;0;0;NA;92626;20;2020-10-05;1411
2020-10-04;"Nitriansky kraj";17;0;0;0;NA;92626;17;2020-10-04;1391
2020-10-03;"Nitriansky kraj";96;0;0;0;NA;92626;96;2020-10-03;1374
2020-10-02;"Nitriansky kraj";108;0;0;0;NA;92626;108;2020-10-02;1278
2020-10-01;"Nitriansky kraj";95;0;0;0;NA;92626;95;2020-10-01;1170
2020-09-30;"Nitriansky kraj";100;0;0;0;NA;92626;100;2020-09-30;1075
2020-09-29;"Nitriansky kraj";50;0;0;0;NA;92626;50;2020-09-29;975
2020-09-28;"Nitriansky kraj";22;0;0;0;NA;92626;22;2020-09-28;925
2020-09-27;"Nitriansky kraj";16;0;0;0;NA;92626;16;2020-09-27;903
2020-09-26;"Nitriansky kraj";64;0;0;0;NA;92626;64;2020-09-26;887
2020-09-25;"Nitriansky kraj";90;0;0;0;NA;92626;90;2020-09-25;823
2020-09-24;"Nitriansky kraj";51;0;0;0;NA;92626;51;2020-09-24;733
2020-09-23;"Nitriansky kraj";70;0;0;0;NA;92626;70;2020-09-23;682
2020-09-22;"Nitriansky kraj";18;0;0;0;NA;92626;18;2020-09-22;612
2020-09-21;"Nitriansky kraj";10;0;0;0;NA;92626;10;2020-09-21;594
2020-09-20;"Nitriansky kraj";4;0;0;0;NA;92626;4;2020-09-20;584
2020-09-19;"Nitriansky kraj";14;0;0;0;NA;92626;14;2020-09-19;580
2020-09-18;"Nitriansky kraj";19;0;0;0;NA;92626;19;2020-09-18;566
2020-09-17;"Nitriansky kraj";30;0;0;0;NA;92626;30;2020-09-17;547
2020-09-16;"Nitriansky kraj";6;0;0;0;NA;92626;6;2020-09-16;517
2020-09-15;"Nitriansky kraj";19;0;0;0;NA;92626;19;2020-09-15;511
2020-09-14;"Nitriansky kraj";28;0;0;0;NA;92626;28;2020-09-14;492
2020-09-13;"Nitriansky kraj";3;0;0;0;NA;92626;3;2020-09-13;464
2020-09-12;"Nitriansky kraj";12;0;0;0;NA;92626;12;2020-09-12;461
2020-09-11;"Nitriansky kraj";23;0;0;0;NA;92626;23;2020-09-11;449
2020-09-10;"Nitriansky kraj";29;0;0;0;NA;92626;29;2020-09-10;426
2020-09-09;"Nitriansky kraj";19;0;0;0;NA;92626;19;2020-09-09;397
2020-09-08;"Nitriansky kraj";17;0;0;0;NA;92626;17;2020-09-08;378
2020-09-07;"Nitriansky kraj";17;0;0;0;NA;92626;17;2020-09-07;361
2020-09-06;"Nitriansky kraj";0;0;0;0;NA;92626;0;2020-09-06;344
2020-09-05;"Nitriansky kraj";22;0;0;0;NA;92626;22;2020-09-05;344
2020-09-04;"Nitriansky kraj";34;0;0;0;NA;92626;34;2020-09-04;322
2020-09-03;"Nitriansky kraj";15;0;0;0;NA;92626;15;2020-09-03;288
2020-09-02;"Nitriansky kraj";15;0;0;0;NA;92626;15;2020-09-02;273
2020-09-01;"Nitriansky kraj";2;0;0;0;NA;92626;2;2020-09-01;258
2020-08-31;"Nitriansky kraj";12;0;0;0;NA;92626;12;2020-08-31;256
2020-08-30;"Nitriansky kraj";1;0;0;0;NA;92626;1;2020-08-30;244
2020-08-29;"Nitriansky kraj";7;0;0;0;NA;92626;7;2020-08-29;243
2020-08-28;"Nitriansky kraj";12;0;0;0;NA;92626;12;2020-08-28;236
2020-08-27;"Nitriansky kraj";12;0;0;0;NA;92626;12;2020-08-27;224
2020-08-26;"Nitriansky kraj";4;0;0;0;NA;92626;4;2020-08-26;212
2020-08-25;"Nitriansky kraj";8;0;0;0;NA;92626;8;2020-08-25;208
2020-08-24;"Nitriansky kraj";1;0;0;0;NA;92626;1;2020-08-24;200
2020-08-23;"Nitriansky kraj";1;0;0;0;NA;92626;1;2020-08-23;199
2020-08-22;"Nitriansky kraj";2;0;0;0;NA;92626;2;2020-08-22;198
2020-08-21;"Nitriansky kraj";0;0;0;0;NA;92626;0;2020-08-21;196
2020-08-20;"Nitriansky kraj";7;0;0;0;NA;92626;7;2020-08-20;196
2020-08-19;"Nitriansky kraj";1;0;0;0;NA;92626;1;2020-08-19;189
2020-08-18;"Nitriansky kraj";2;0;0;0;NA;92626;2;2020-08-18;188
2020-08-17;"Nitriansky kraj";1;0;0;0;NA;92626;1;2020-08-17;186
2020-08-16;"Nitriansky kraj";0;0;0;0;NA;92626;0;2020-08-16;185
2020-08-15;"Nitriansky kraj";2;0;0;0;NA;92626;2;2020-08-15;185
2020-08-14;"Nitriansky kraj";1;0;0;0;NA;92626;1;2020-08-14;183
2020-08-13;"Nitriansky kraj";4;0;0;0;NA;92626;4;2020-08-13;182
2020-08-12;"Nitriansky kraj";0;0;0;0;NA;92626;0;2020-08-12;178
2020-08-11;"Nitriansky kraj";1;0;0;0;NA;92626;1;2020-08-11;178
2020-08-10;"Nitriansky kraj";0;0;0;0;NA;92626;0;2020-08-10;177
2020-08-09;"Nitriansky kraj";0;0;0;0;NA;92626;0;2020-08-09;177
2020-08-08;"Nitriansky kraj";0;0;0;0;NA;92626;0;2020-08-08;177
2020-08-07;"Nitriansky kraj";4;0;0;0;NA;92626;4;2020-08-07;177
2020-08-06;"Nitriansky kraj";4;0;0;0;NA;92626;4;2020-08-06;173
2020-08-05;"Nitriansky kraj";0;0;0;0;NA;92626;0;2020-08-05;169
2020-08-04;"Nitriansky kraj";7;0;0;0;NA;92626;7;2020-08-04;169
2020-08-03;"Nitriansky kraj";0;0;0;0;NA;92626;0;2020-08-03;162
2020-08-02;"Nitriansky kraj";0;0;0;0;NA;92626;0;2020-08-02;162
2020-08-01;"Nitriansky kraj";0;0;0;0;NA;92626;0;2020-08-01;162
2020-07-31;"Nitriansky kraj";0;0;0;0;NA;92626;0;2020-07-31;162
2020-07-30;"Nitriansky kraj";0;0;0;0;NA;92626;0;2020-07-30;162
2020-07-29;"Nitriansky kraj";0;0;0;0;NA;92626;0;2020-07-29;162
2020-07-28;"Nitriansky kraj";0;0;0;0;NA;92626;0;2020-07-28;162
2020-07-27;"Nitriansky kraj";0;0;0;0;NA;92626;0;2020-07-27;162
2020-07-26;"Nitriansky kraj";0;0;0;0;NA;92626;0;2020-07-26;162
2020-07-25;"Nitriansky kraj";0;0;0;0;NA;92626;0;2020-07-25;162
2020-07-24;"Nitriansky kraj";1;0;0;0;NA;92626;1;2020-07-24;162
2020-07-23;"Nitriansky kraj";3;0;0;0;NA;92626;3;2020-07-23;161
2020-07-22;"Nitriansky kraj";2;0;0;0;NA;92626;2;2020-07-22;158
2020-07-21;"Nitriansky kraj";14;0;0;0;NA;92626;14;2020-07-21;156
2020-07-20;"Nitriansky kraj";11;0;0;0;NA;92626;11;2020-07-20;142
2020-07-19;"Nitriansky kraj";0;0;0;0;NA;92626;0;2020-07-19;131
2020-07-18;"Nitriansky kraj";0;0;0;0;NA;92626;0;2020-07-18;131
2020-07-17;"Nitriansky kraj";0;0;0;0;NA;92626;0;2020-07-17;131
2020-07-16;"Nitriansky kraj";4;0;0;0;NA;92626;4;2020-07-16;131
2020-07-15;"Nitriansky kraj";5;0;0;0;NA;92626;5;2020-07-15;127
2020-07-14;"Nitriansky kraj";0;0;0;0;NA;92626;0;2020-07-14;122
2020-07-13;"Nitriansky kraj";0;0;0;0;NA;92626;0;2020-07-13;122
2020-07-12;"Nitriansky kraj";0;0;0;0;NA;92626;0;2020-07-12;122
2020-07-11;"Nitriansky kraj";0;0;0;0;NA;92626;0;2020-07-11;122
2020-07-10;"Nitriansky kraj";0;0;0;0;NA;92626;0;2020-07-10;122
2020-07-09;"Nitriansky kraj";1;0;0;0;NA;92626;1;2020-07-09;122
2020-07-08;"Nitriansky kraj";2;0;0;0;NA;92626;2;2020-07-08;121
2020-07-07;"Nitriansky kraj";0;0;0;0;NA;92626;0;2020-07-07;119
2020-07-06;"Nitriansky kraj";0;0;0;0;NA;92626;0;2020-07-06;119
2020-07-05;"Nitriansky kraj";0;0;0;0;NA;92626;0;2020-07-05;119
2020-07-04;"Nitriansky kraj";0;0;0;0;NA;92626;0;2020-07-04;119
2020-07-03;"Nitriansky kraj";0;0;0;0;NA;92626;0;2020-07-03;119
2020-07-02;"Nitriansky kraj";0;0;0;0;NA;92626;0;2020-07-02;119
2020-07-01;"Nitriansky kraj";3;0;0;0;NA;92626;3;2020-07-01;119
2020-06-30;"Nitriansky kraj";0;0;0;0;NA;92626;0;2020-06-30;116
2020-06-29;"Nitriansky kraj";0;0;0;0;NA;92626;0;2020-06-29;116
2020-06-28;"Nitriansky kraj";0;0;0;0;NA;92626;0;2020-06-28;116
2020-06-27;"Nitriansky kraj";0;0;0;0;NA;92626;0;2020-06-27;116
2020-06-26;"Nitriansky kraj";0;0;0;0;NA;92626;0;2020-06-26;116
2020-06-25;"Nitriansky kraj";0;0;0;0;NA;92626;0;2020-06-25;116
2020-06-24;"Nitriansky kraj";1;0;0;0;NA;92626;1;2020-06-24;116
2020-06-23;"Nitriansky kraj";0;0;0;0;NA;92626;0;2020-06-23;115
2020-06-22;"Nitriansky kraj";0;0;0;0;NA;92626;0;2020-06-22;115
2020-06-21;"Nitriansky kraj";0;0;0;0;NA;92626;0;2020-06-21;115
2020-06-20;"Nitriansky kraj";0;0;0;0;NA;92626;0;2020-06-20;115
2020-06-19;"Nitriansky kraj";0;0;0;0;NA;92626;0;2020-06-19;115
2020-06-18;"Nitriansky kraj";0;0;0;0;NA;92626;0;2020-06-18;115
2020-06-17;"Nitriansky kraj";0;0;0;0;NA;92626;0;2020-06-17;115
2020-06-16;"Nitriansky kraj";0;0;0;0;NA;92626;0;2020-06-16;115
2020-06-14;"Nitriansky kraj";0;0;0;0;NA;92626;0;2020-06-14;115
2020-06-13;"Nitriansky kraj";0;0;0;0;NA;92626;0;2020-06-13;115
2020-06-12;"Nitriansky kraj";0;0;0;0;NA;92626;0;2020-06-12;115
2020-06-11;"Nitriansky kraj";0;0;0;0;NA;92626;0;2020-06-11;115
2020-06-10;"Nitriansky kraj";1;0;0;0;NA;92626;1;2020-06-10;115
2020-06-09;"Nitriansky kraj";1;0;0;0;NA;92626;1;2020-06-09;114
2020-06-08;"Nitriansky kraj";0;0;0;0;NA;92626;0;2020-06-08;113
2020-06-07;"Nitriansky kraj";0;0;0;0;NA;92626;0;2020-06-07;113
2020-06-05;"Nitriansky kraj";0;0;0;0;NA;92626;0;2020-06-05;113
2020-06-03;"Nitriansky kraj";0;0;0;0;NA;92626;0;2020-06-03;113
2020-06-02;"Nitriansky kraj";1;0;0;0;NA;92626;1;2020-06-02;113
2020-05-31;"Nitriansky kraj";0;0;0;0;NA;92626;0;2020-05-31;112
2020-05-29;"Nitriansky kraj";0;0;0;0;NA;92626;0;2020-05-29;112
2020-05-27;"Nitriansky kraj";0;0;0;0;NA;92626;0;2020-05-27;112
2020-05-26;"Nitriansky kraj";0;0;0;0;NA;92626;0;2020-05-26;112
2020-05-25;"Nitriansky kraj";0;0;0;0;NA;92626;0;2020-05-25;112
2020-05-24;"Nitriansky kraj";2;0;0;0;NA;92626;2;2020-05-24;112
2020-05-23;"Nitriansky kraj";0;0;0;0;NA;92626;0;2020-05-23;110
2020-05-22;"Nitriansky kraj";1;0;0;0;NA;92626;1;2020-05-22;110
2020-05-21;"Nitriansky kraj";0;0;0;0;NA;92626;0;2020-05-21;109
2020-05-20;"Nitriansky kraj";0;0;0;0;NA;92626;0;2020-05-20;109
2020-05-19;"Nitriansky kraj";0;0;0;0;NA;92626;0;2020-05-19;109
2020-05-17;"Nitriansky kraj";0;0;0;0;NA;92626;0;2020-05-17;109
2020-05-16;"Nitriansky kraj";0;0;0;0;NA;92626;0;2020-05-16;109
2020-05-15;"Nitriansky kraj";1;0;0;0;NA;92626;1;2020-05-15;109
2020-05-14;"Nitriansky kraj";0;0;0;0;NA;92626;0;2020-05-14;108
2020-05-13;"Nitriansky kraj";0;0;0;0;NA;92626;0;2020-05-13;108
2020-05-12;"Nitriansky kraj";0;0;0;0;NA;92626;0;2020-05-12;108
2020-05-11;"Nitriansky kraj";2;0;0;0;NA;92626;2;2020-05-11;108
2020-05-09;"Nitriansky kraj";0;0;0;0;NA;92626;0;2020-05-09;106
2020-05-07;"Nitriansky kraj";1;0;0;0;NA;92626;1;2020-05-07;106
2020-05-06;"Nitriansky kraj";9;0;0;0;NA;92626;9;2020-05-06;105
2020-05-05;"Nitriansky kraj";0;0;0;0;NA;92626;0;2020-05-05;96
2020-05-04;"Nitriansky kraj";5;0;0;0;NA;92626;5;2020-05-04;96
2020-05-03;"Nitriansky kraj";2;0;0;0;NA;92626;2;2020-05-03;91
2020-05-02;"Nitriansky kraj";0;0;0;0;NA;92626;0;2020-05-02;89
2020-05-01;"Nitriansky kraj";1;0;0;0;NA;92626;1;2020-05-01;89
2020-04-30;"Nitriansky kraj";0;0;0;0;NA;92626;0;2020-04-30;88
2020-04-29;"Nitriansky kraj";0;0;0;0;NA;92626;0;2020-04-29;88
2020-04-28;"Nitriansky kraj";1;0;0;0;NA;92626;1;2020-04-28;88
2020-04-27;"Nitriansky kraj";0;0;0;0;NA;92626;0;2020-04-27;87
2020-04-26;"Nitriansky kraj";0;0;0;0;NA;92626;0;2020-04-26;87
2020-04-25;"Nitriansky kraj";0;0;0;0;NA;92626;0;2020-04-25;87
2020-04-24;"Nitriansky kraj";0;0;0;0;NA;92626;0;2020-04-24;87
2020-04-23;"Nitriansky kraj";3;0;0;0;NA;92626;3;2020-04-23;87
2020-04-22;"Nitriansky kraj";16;0;0;0;NA;92626;16;2020-04-22;84
2020-04-21;"Nitriansky kraj";6;0;0;0;NA;92626;6;2020-04-21;68
2020-04-20;"Nitriansky kraj";5;0;0;0;NA;92626;5;2020-04-20;62
2020-04-19;"Nitriansky kraj";0;0;0;0;NA;92626;0;2020-04-19;57
2020-04-18;"Nitriansky kraj";0;0;0;0;NA;92626;0;2020-04-18;57
2020-04-17;"Nitriansky kraj";7;0;0;0;NA;92626;7;2020-04-17;57
2020-04-16;"Nitriansky kraj";0;0;0;0;NA;92626;0;2020-04-16;50
2020-04-15;"Nitriansky kraj";6;0;0;0;NA;92626;6;2020-04-15;50
2020-04-14;"Nitriansky kraj";2;0;0;0;NA;92626;2;2020-04-14;44
2020-04-13;"Nitriansky kraj";1;0;0;0;NA;92626;1;2020-04-13;42
2020-04-12;"Nitriansky kraj";3;0;0;0;NA;92626;3;2020-04-12;41
2020-04-11;"Nitriansky kraj";1;0;0;0;NA;92626;1;2020-04-11;38
2020-04-10;"Nitriansky kraj";1;0;0;0;NA;92626;1;2020-04-10;37
2020-04-09;"Nitriansky kraj";0;0;0;0;NA;92626;0;2020-04-09;36
2020-04-08;"Nitriansky kraj";2;0;0;0;NA;92626;2;2020-04-08;36
2020-04-07;"Nitriansky kraj";3;0;0;0;NA;92626;3;2020-04-07;34
2020-04-06;"Nitriansky kraj";4;0;0;0;NA;92626;4;2020-04-06;31
2020-04-05;"Nitriansky kraj";5;0;0;0;NA;92626;5;2020-04-05;27
2020-04-04;"Nitriansky kraj";0;0;0;0;NA;92626;0;2020-04-04;22
2020-04-03;"Nitriansky kraj";0;0;0;0;NA;92626;0;2020-04-03;22
2020-04-02;"Nitriansky kraj";1;0;0;0;NA;92626;1;2020-04-02;22
2020-04-01;"Nitriansky kraj";0;0;0;0;NA;92626;0;2020-04-01;21
2020-03-31;"Nitriansky kraj";3;0;0;0;NA;92626;3;2020-03-31;21
2020-03-30;"Nitriansky kraj";3;0;0;0;NA;92626;3;2020-03-30;18
2020-03-29;"Nitriansky kraj";3;0;0;0;NA;92626;3;2020-03-29;15
2020-03-28;"Nitriansky kraj";1;0;0;0;NA;92626;1;2020-03-28;12
2020-03-27;"Nitriansky kraj";1;0;0;0;NA;92626;1;2020-03-27;11
2020-03-26;"Nitriansky kraj";1;0;0;0;NA;92626;1;2020-03-26;10
2020-03-25;"Nitriansky kraj";1;0;0;0;NA;92626;1;2020-03-25;9
2020-03-24;"Nitriansky kraj";0;0;0;0;NA;92626;0;2020-03-24;8
2020-03-23;"Nitriansky kraj";2;0;0;0;NA;92626;2;2020-03-23;8
2020-03-22;"Nitriansky kraj";2;0;0;0;NA;92626;2;2020-03-22;6
2020-03-21;"Nitriansky kraj";2;0;0;0;NA;92626;2;2020-03-21;4
2020-03-20;"Nitriansky kraj";1;0;0;0;NA;92626;1;2020-03-20;2
2020-03-19;"Nitriansky kraj";1;0;0;0;NA;92626;1;2020-03-19;1
2020-03-18;"Nitriansky kraj";2;0;0;0;NA;92626;2;2020-03-18;0
2020-03-17;"Nitriansky kraj";1;0;0;0;NA;92626;1;2020-03-17;-2
2020-03-16;"Nitriansky kraj";0;0;0;0;NA;92626;0;2020-03-16;-3
2020-03-15;"Nitriansky kraj";4;0;0;0;NA;92626;4;2020-03-15;-3
2020-03-14;"Nitriansky kraj";1;0;0;0;NA;92626;1;2020-03-14;-7
2020-03-13;"Nitriansky kraj";0;0;0;0;NA;92626;0;2020-03-13;-8
2020-03-12;"Nitriansky kraj";0;0;0;0;NA;92626;0;2020-03-12;-8
2020-03-11;"Nitriansky kraj";0;0;0;0;NA;92626;0;2020-03-11;-8
2020-03-09;"Nitriansky kraj";0;0;0;0;NA;92626;0;2020-03-09;-8
2020-03-08;"Nitriansky kraj";0;0;0;0;NA;92626;0;2020-03-08;-8
2020-03-07;"Nitriansky kraj";0;0;0;0;NA;92626;0;2020-03-07;-8
2020-03-06;"Nitriansky kraj";0;0;0;0;NA;92626;0;2020-03-06;-8
2021-06-21;"Prešovský kraj";13;6495;7;6502;59985;113692;20;2021-06-21;113692
2021-06-20;"Prešovský kraj";0;4671;3;4674;NA;113692;3;2021-06-20;113672
2021-06-19;"Prešovský kraj";1;6473;4;6477;NA;113692;5;2021-06-19;113669
2021-06-18;"Prešovský kraj";9;7864;8;7872;NA;113692;17;2021-06-18;113664
2021-06-17;"Prešovský kraj";9;6392;5;6397;NA;113692;14;2021-06-17;113647
2021-06-16;"Prešovský kraj";6;6073;3;6076;NA;113692;9;2021-06-16;113633
2021-06-15;"Prešovský kraj";2;5577;4;5581;NA;113692;6;2021-06-15;113624
2021-06-14;"Prešovský kraj";5;8181;13;8194;NA;113692;18;2021-06-14;113618
2021-06-13;"Prešovský kraj";1;6559;7;6566;NA;113692;8;2021-06-13;113600
2021-06-12;"Prešovský kraj";3;8501;9;8510;NA;113692;12;2021-06-12;113592
2021-06-11;"Prešovský kraj";21;9485;9;9494;NA;113692;30;2021-06-11;113580
2021-06-10;"Prešovský kraj";11;6294;9;6303;NA;113692;20;2021-06-10;113550
2021-06-09;"Prešovský kraj";16;6161;3;6164;NA;113692;19;2021-06-09;113530
2021-06-08;"Prešovský kraj";31;6291;12;6303;NA;113692;43;2021-06-08;113511
2021-06-07;"Prešovský kraj";11;8891;15;8906;NA;113692;26;2021-06-07;113468
2021-06-06;"Prešovský kraj";0;7702;4;7706;NA;113692;4;2021-06-06;113442
2021-06-05;"Prešovský kraj";17;9970;14;9984;NA;113692;31;2021-06-05;113438
2021-06-04;"Prešovský kraj";26;10021;18;10039;NA;113692;44;2021-06-04;113407
2021-06-03;"Prešovský kraj";14;6446;15;6461;NA;113692;29;2021-06-03;113363
2021-06-02;"Prešovský kraj";47;7368;14;7382;NA;113692;61;2021-06-02;113334
2021-06-01;"Prešovský kraj";15;6781;14;6795;NA;113692;29;2021-06-01;113273
2021-05-31;"Prešovský kraj";27;9620;22;9642;NA;113692;49;2021-05-31;113244
2021-05-30;"Prešovský kraj";2;9429;13;9442;NA;113692;15;2021-05-30;113195
2021-05-29;"Prešovský kraj";23;12398;24;12422;NA;113692;47;2021-05-29;113180
2021-05-28;"Prešovský kraj";30;11974;19;11993;NA;113692;49;2021-05-28;113133
2021-05-27;"Prešovský kraj";16;7606;37;7643;NA;113692;53;2021-05-27;113084
2021-05-26;"Prešovský kraj";32;7979;23;8002;NA;113692;55;2021-05-26;113031
2021-05-25;"Prešovský kraj";38;8409;20;8429;NA;113692;58;2021-05-25;112976
2021-05-24;"Prešovský kraj";17;13297;37;13334;NA;113692;54;2021-05-24;112918
2021-05-23;"Prešovský kraj";3;11593;20;11613;NA;113692;23;2021-05-23;112864
2021-05-22;"Prešovský kraj";11;14263;44;14307;NA;113692;55;2021-05-22;112841
2021-05-21;"Prešovský kraj";44;13279;24;13303;NA;113692;68;2021-05-21;112786
2021-05-20;"Prešovský kraj";13;9076;29;9105;NA;113692;42;2021-05-20;112718
2021-05-19;"Prešovský kraj";60;10395;33;10428;NA;113692;93;2021-05-19;112676
2021-05-18;"Prešovský kraj";44;9058;27;9085;NA;113692;71;2021-05-18;112583
2021-05-17;"Prešovský kraj";60;12592;46;12638;NA;113692;106;2021-05-17;112512
2021-05-16;"Prešovský kraj";20;15945;66;16011;NA;113692;86;2021-05-16;112406
2021-05-15;"Prešovský kraj";20;24280;80;24360;NA;113692;100;2021-05-15;112320
2021-05-14;"Prešovský kraj";49;18019;62;18081;NA;113692;111;2021-05-14;112220
2021-05-13;"Prešovský kraj";54;11164;71;11235;NA;113692;125;2021-05-13;112109
2021-05-12;"Prešovský kraj";59;10822;39;10861;NA;113692;98;2021-05-12;111984
2021-05-11;"Prešovský kraj";61;10728;48;10776;NA;113692;109;2021-05-11;111886
2021-05-10;"Prešovský kraj";79;15450;67;15517;NA;113692;146;2021-05-10;111777
2021-05-09;"Prešovský kraj";54;21448;79;21527;NA;113692;133;2021-05-09;111631
2021-05-08;"Prešovský kraj";39;23012;52;23064;NA;113692;91;2021-05-08;111498
2021-05-07;"Prešovský kraj";81;23356;66;23422;NA;113692;147;2021-05-07;111407
2021-05-06;"Prešovský kraj";107;12833;66;12899;NA;113692;173;2021-05-06;111260
2021-05-05;"Prešovský kraj";60;12808;84;12892;NA;113692;144;2021-05-05;111087
2021-05-04;"Prešovský kraj";203;13463;66;13529;NA;113692;269;2021-05-04;110943
2021-05-03;"Prešovský kraj";68;18435;109;18544;NA;113692;177;2021-05-03;110674
2021-05-02;"Prešovský kraj";29;36175;102;36277;NA;113692;131;2021-05-02;110497
2021-05-01;"Prešovský kraj";70;57153;183;57336;NA;113692;253;2021-05-01;110366
2021-04-30;"Prešovský kraj";135;39333;118;39451;NA;113692;253;2021-04-30;110113
2021-04-29;"Prešovský kraj";110;16585;97;16682;NA;113692;207;2021-04-29;109860
2021-04-28;"Prešovský kraj";122;18671;89;18760;NA;113692;211;2021-04-28;109653
2021-04-27;"Prešovský kraj";154;19984;120;20104;NA;113692;274;2021-04-27;109442
2021-04-26;"Prešovský kraj";99;27120;123;27243;NA;113692;222;2021-04-26;109168
2021-04-25;"Prešovský kraj";9;52257;155;52412;NA;113692;164;2021-04-25;108946
2021-04-24;"Prešovský kraj";61;85301;243;85544;NA;113692;304;2021-04-24;108782
2021-04-23;"Prešovský kraj";171;40362;137;40499;NA;113692;308;2021-04-23;108478
2021-04-22;"Prešovský kraj";86;18104;125;18229;NA;113692;211;2021-04-22;108170
2021-04-21;"Prešovský kraj";144;21549;139;21688;NA;113692;283;2021-04-21;107959
2021-04-20;"Prešovský kraj";115;23345;128;23473;NA;113692;243;2021-04-20;107676
2021-04-19;"Prešovský kraj";106;29131;145;29276;NA;113692;251;2021-04-19;107433
2021-04-18;"Prešovský kraj";4;51540;129;51669;NA;113692;133;2021-04-18;107182
2021-04-17;"Prešovský kraj";119;97970;238;98208;NA;113692;357;2021-04-17;107049
2021-04-16;"Prešovský kraj";135;40983;146;41129;NA;113692;281;2021-04-16;106692
2021-04-15;"Prešovský kraj";112;20179;137;20316;NA;113692;249;2021-04-15;106411
2021-04-14;"Prešovský kraj";199;23331;130;23461;NA;113692;329;2021-04-14;106162
2021-04-13;"Prešovský kraj";180;23907;116;24023;NA;113692;296;2021-04-13;105833
2021-04-12;"Prešovský kraj";172;30152;175;30327;NA;113692;347;2021-04-12;105537
2021-04-11;"Prešovský kraj";11;49807;187;49994;NA;113692;198;2021-04-11;105190
2021-04-10;"Prešovský kraj";94;90181;297;90478;NA;113692;391;2021-04-10;104992
2021-04-09;"Prešovský kraj";255;37163;200;37363;NA;113692;455;2021-04-09;104601
2021-04-08;"Prešovský kraj";192;18891;157;19048;NA;113692;349;2021-04-08;104146
2021-04-07;"Prešovský kraj";314;27797;154;27951;NA;113692;468;2021-04-07;103797
2021-04-06;"Prešovský kraj";231;41702;268;41970;NA;113692;499;2021-04-06;103329
2021-04-05;"Prešovský kraj";54;18454;132;18586;NA;113692;186;2021-04-05;102830
2021-04-04;"Prešovský kraj";31;18569;91;18660;NA;113692;122;2021-04-04;102644
2021-04-03;"Prešovský kraj";104;90608;317;90925;NA;113692;421;2021-04-03;102522
2021-04-02;"Prešovský kraj";194;23381;134;23515;NA;113692;328;2021-04-02;102101
2021-04-01;"Prešovský kraj";256;42824;195;43019;NA;113692;451;2021-04-01;101773
2021-03-31;"Prešovský kraj";311;30160;227;30387;NA;113692;538;2021-03-31;101322
2021-03-30;"Prešovský kraj";374;20747;203;20950;NA;113692;577;2021-03-30;100784
2021-03-29;"Prešovský kraj";219;28188;229;28417;NA;113692;448;2021-03-29;100207
2021-03-28;"Prešovský kraj";26;46811;256;47067;NA;113692;282;2021-03-28;99759
2021-03-27;"Prešovský kraj";181;88413;372;88785;NA;113692;553;2021-03-27;99477
2021-03-26;"Prešovský kraj";310;47751;299;48050;NA;113692;609;2021-03-26;98924
2021-03-25;"Prešovský kraj";248;22279;213;22492;NA;113692;461;2021-03-25;98315
2021-03-24;"Prešovský kraj";381;19588;213;19801;NA;113692;594;2021-03-24;97854
2021-03-23;"Prešovský kraj";241;20329;255;20584;NA;113692;496;2021-03-23;97260
2021-03-22;"Prešovský kraj";299;28490;286;28776;NA;113692;585;2021-03-22;96764
2021-03-21;"Prešovský kraj";32;49439;266;49705;NA;113692;298;2021-03-21;96179
2021-03-20;"Prešovský kraj";180;92531;427;92958;NA;113692;607;2021-03-20;95881
2021-03-19;"Prešovský kraj";373;46196;320;46516;NA;113692;693;2021-03-19;95274
2021-03-18;"Prešovský kraj";251;21721;217;21938;NA;113692;468;2021-03-18;94581
2021-03-17;"Prešovský kraj";331;20887;231;21118;NA;113692;562;2021-03-17;94113
2021-03-16;"Prešovský kraj";461;21094;278;21372;NA;113692;739;2021-03-16;93551
2021-03-15;"Prešovský kraj";370;28789;324;29113;NA;113692;694;2021-03-15;92812
2021-03-14;"Prešovský kraj";52;50410;356;50766;NA;113692;408;2021-03-14;92118
2021-03-13;"Prešovský kraj";200;95300;532;95832;NA;113692;732;2021-03-13;91710
2021-03-12;"Prešovský kraj";425;47691;368;48059;NA;113692;793;2021-03-12;90978
2021-03-11;"Prešovský kraj";463;22059;253;22312;NA;113692;716;2021-03-11;90185
2021-03-10;"Prešovský kraj";325;20821;293;21114;NA;113692;618;2021-03-10;89469
2021-03-09;"Prešovský kraj";505;21489;288;21777;NA;113692;793;2021-03-09;88851
2021-03-08;"Prešovský kraj";314;28903;333;29236;NA;113692;647;2021-03-08;88058
2021-03-07;"Prešovský kraj";19;48024;385;48409;NA;113692;404;2021-03-07;87411
2021-03-06;"Prešovský kraj";193;96985;591;97576;NA;113692;784;2021-03-06;87007
2021-03-05;"Prešovský kraj";497;46044;397;46441;NA;113692;894;2021-03-05;86223
2021-03-04;"Prešovský kraj";372;22670;359;23029;NA;113692;731;2021-03-04;85329
2021-03-03;"Prešovský kraj";397;21621;333;21954;NA;113692;730;2021-03-03;84598
2021-03-02;"Prešovský kraj";421;22679;357;23036;NA;113692;778;2021-03-02;83868
2021-03-01;"Prešovský kraj";303;27716;406;28122;NA;113692;709;2021-03-01;83090
2021-02-28;"Prešovský kraj";75;45000;387;45387;NA;113692;462;2021-02-28;82381
2021-02-27;"Prešovský kraj";273;90231;734;90965;NA;113692;1007;2021-02-27;81919
2021-02-26;"Prešovský kraj";455;41340;438;41778;NA;113692;893;2021-02-26;80912
2021-02-25;"Prešovský kraj";270;19496;337;19833;NA;113692;607;2021-02-25;80019
2021-02-24;"Prešovský kraj";328;19026;377;19403;NA;113692;705;2021-02-24;79412
2021-02-23;"Prešovský kraj";430;21273;345;21618;NA;113692;775;2021-02-23;78707
2021-02-22;"Prešovský kraj";351;27175;356;27531;NA;113692;707;2021-02-22;77932
2021-02-21;"Prešovský kraj";66;31802;302;32104;NA;113692;368;2021-02-21;77225
2021-02-20;"Prešovský kraj";129;71413;517;71930;NA;113692;646;2021-02-20;76857
2021-02-19;"Prešovský kraj";381;38597;425;39022;NA;113692;806;2021-02-19;76211
2021-02-18;"Prešovský kraj";268;16960;322;17282;NA;113692;590;2021-02-18;75405
2021-02-17;"Prešovský kraj";293;17392;246;17638;NA;113692;539;2021-02-17;74815
2021-02-16;"Prešovský kraj";422;18862;265;19127;NA;113692;687;2021-02-16;74276
2021-02-15;"Prešovský kraj";211;31360;303;31663;NA;113692;514;2021-02-15;73589
2021-02-14;"Prešovský kraj";27;39271;318;39589;NA;113692;345;2021-02-14;73075
2021-02-13;"Prešovský kraj";157;74009;392;74401;NA;113692;549;2021-02-13;72730
2021-02-12;"Prešovský kraj";308;38720;362;39082;NA;113692;670;2021-02-12;72181
2021-02-11;"Prešovský kraj";218;16207;238;16445;NA;113692;456;2021-02-11;71511
2021-02-10;"Prešovský kraj";220;18499;279;18778;NA;113692;499;2021-02-10;71055
2021-02-09;"Prešovský kraj";323;21495;370;21865;NA;113692;693;2021-02-09;70556
2021-02-08;"Prešovský kraj";161;36971;261;37232;NA;113692;422;2021-02-08;69863
2021-02-07;"Prešovský kraj";21;34227;209;34436;NA;113692;230;2021-02-07;69441
2021-02-06;"Prešovský kraj";176;69164;360;69524;NA;113692;536;2021-02-06;69211
2021-02-05;"Prešovský kraj";177;31247;261;31508;NA;113692;438;2021-02-05;68675
2021-02-04;"Prešovský kraj";176;13071;237;13308;NA;113692;413;2021-02-04;68237
2021-02-03;"Prešovský kraj";251;8421;236;8657;NA;113692;487;2021-02-03;67824
2021-02-02;"Prešovský kraj";249;11779;264;12043;NA;113692;513;2021-02-02;67337
2021-02-01;"Prešovský kraj";220;16059;316;16375;NA;113692;536;2021-02-01;66824
2021-01-31;"Prešovský kraj";42;10587;107;10694;NA;113692;149;2021-01-31;66288
2021-01-30;"Prešovský kraj";142;23939;215;24154;NA;113692;357;2021-01-30;66139
2021-01-29;"Prešovský kraj";185;17924;326;18250;NA;113692;511;2021-01-29;65782
2021-01-28;"Prešovský kraj";311;7338;150;7488;NA;113692;461;2021-01-28;65271
2021-01-27;"Prešovský kraj";153;9723;147;9870;NA;113692;300;2021-01-27;64810
2021-01-26;"Prešovský kraj";252;16653;151;16804;NA;113692;403;2021-01-26;64510
2021-01-25;"Prešovský kraj";196;29649;251;29900;NA;113692;447;2021-01-25;64107
2021-01-24;"Prešovský kraj";12;45706;304;46010;NA;113692;316;2021-01-24;63660
2021-01-23;"Prešovský kraj";189;96726;487;97213;NA;113692;676;2021-01-23;63344
2021-01-22;"Prešovský kraj";187;35377;261;35638;NA;113692;448;2021-01-22;62668
2021-01-21;"Prešovský kraj";187;20434;212;20646;NA;113692;399;2021-01-21;62220
2021-01-20;"Prešovský kraj";253;14779;195;14974;NA;113692;448;2021-01-20;61821
2021-01-19;"Prešovský kraj";281;12329;305;12634;NA;113692;586;2021-01-19;61373
2021-01-18;"Prešovský kraj";203;10422;336;10758;NA;113692;539;2021-01-18;60787
2021-01-17;"Prešovský kraj";107;14391;1008;15399;NA;113692;1115;2021-01-17;60248
2021-01-16;"Prešovský kraj";72;1838;81;1919;NA;113692;153;2021-01-16;59133
2021-01-15;"Prešovský kraj";159;7033;257;7290;NA;113692;416;2021-01-15;58980
2021-01-14;"Prešovský kraj";268;5523;252;5775;NA;113692;520;2021-01-14;58564
2021-01-13;"Prešovský kraj";342;5649;226;5875;NA;113692;568;2021-01-13;58044
2021-01-12;"Prešovský kraj";455;8487;409;8896;NA;113692;864;2021-01-12;57476
2021-01-11;"Prešovský kraj";343;8489;479;8968;NA;113692;822;2021-01-11;56612
2021-01-10;"Prešovský kraj";63;476;23;499;NA;113692;86;2021-01-10;55790
2021-01-09;"Prešovský kraj";439;2248;125;2373;NA;113692;564;2021-01-09;55704
2021-01-08;"Prešovský kraj";430;10865;572;11437;NA;113692;1002;2021-01-08;55140
2021-01-07;"Prešovský kraj";268;7789;648;8437;NA;113692;916;2021-01-07;54138
2021-01-06;"Prešovský kraj";315;1484;134;1618;NA;113692;449;2021-01-06;53222
2021-01-05;"Prešovský kraj";655;11591;1003;12594;NA;113692;1658;2021-01-05;52773
2021-01-04;"Prešovský kraj";371;17192;1812;19004;NA;113692;2183;2021-01-04;51115
2021-01-03;"Prešovský kraj";89;459;41;500;NA;113692;130;2021-01-03;48932
2021-01-02;"Prešovský kraj";65;1556;160;1716;NA;113692;225;2021-01-02;48802
2021-01-01;"Prešovský kraj";174;956;71;1027;NA;113692;245;2021-01-01;48577
2020-12-31;"Prešovský kraj";640;11959;783;12742;NA;113692;1423;2020-12-31;48332
2020-12-30;"Prešovský kraj";729;9062;802;9864;NA;113692;1531;2020-12-30;46909
2020-12-29;"Prešovský kraj";435;9273;949;10222;NA;113692;1384;2020-12-29;45378
2020-12-28;"Prešovský kraj";393;9046;1079;10125;NA;113692;1472;2020-12-28;43994
2020-12-27;"Prešovský kraj";40;613;45;658;NA;113692;85;2020-12-27;42522
2020-12-26;"Prešovský kraj";64;176;12;188;NA;113692;76;2020-12-26;42437
2020-12-25;"Prešovský kraj";208;274;11;285;NA;113692;219;2020-12-25;42361
2020-12-24;"Prešovský kraj";452;1214;85;1299;NA;113692;537;2020-12-24;42142
2020-12-23;"Prešovský kraj";361;11369;635;12004;NA;113692;996;2020-12-23;41605
2020-12-22;"Prešovský kraj";439;9371;710;10081;NA;113692;1149;2020-12-22;40609
2020-12-21;"Prešovský kraj";432;9923;880;10803;NA;113692;1312;2020-12-21;39460
2020-12-20;"Prešovský kraj";184;396;20;416;NA;113692;204;2020-12-20;38148
2020-12-19;"Prešovský kraj";276;1658;151;1809;NA;113692;427;2020-12-19;37944
2020-12-18;"Prešovský kraj";396;8845;595;9440;NA;113692;991;2020-12-18;37517
2020-12-17;"Prešovský kraj";427;10826;891;11717;NA;113692;1318;2020-12-17;36526
2020-12-16;"Prešovský kraj";466;6017;508;6525;NA;113692;974;2020-12-16;35208
2020-12-15;"Prešovský kraj";411;5685;584;6269;NA;113692;995;2020-12-15;34234
2020-12-14;"Prešovský kraj";334;5767;508;6275;NA;113692;842;2020-12-14;33239
2020-12-13;"Prešovský kraj";89;29;8;37;NA;113692;97;2020-12-13;32397
2020-12-12;"Prešovský kraj";319;2474;166;2640;NA;113692;485;2020-12-12;32300
2020-12-11;"Prešovský kraj";560;5602;402;6004;NA;113692;962;2020-12-11;31815
2020-12-10;"Prešovský kraj";337;5202;443;5645;NA;113692;780;2020-12-10;30853
2020-12-09;"Prešovský kraj";358;4357;314;4671;NA;113692;672;2020-12-09;30073
2020-12-08;"Prešovský kraj";350;6629;651;7280;NA;113692;1001;2020-12-08;29401
2020-12-07;"Prešovský kraj";309;4345;327;4672;NA;113692;636;2020-12-07;28400
2020-12-06;"Prešovský kraj";59;655;26;681;NA;113692;85;2020-12-06;27764
2020-12-05;"Prešovský kraj";218;984;87;1071;NA;113692;305;2020-12-05;27679
2020-12-04;"Prešovský kraj";352;5070;293;5363;NA;113692;645;2020-12-04;27374
2020-12-03;"Prešovský kraj";284;2456;179;2635;NA;113692;463;2020-12-03;26729
2020-12-02;"Prešovský kraj";232;2830;225;3055;NA;113692;457;2020-12-02;26266
2020-12-01;"Prešovský kraj";281;1884;196;2080;NA;113692;477;2020-12-01;25809
2020-11-30;"Prešovský kraj";196;5333;97;5430;NA;113692;293;2020-11-30;25332
2020-11-29;"Prešovský kraj";27;379;42;421;NA;113692;69;2020-11-29;25039
2020-11-28;"Prešovský kraj";199;772;77;849;NA;113692;276;2020-11-28;24970
2020-11-27;"Prešovský kraj";232;2350;130;2480;NA;113692;362;2020-11-27;24694
2020-11-26;"Prešovský kraj";263;3014;329;3343;NA;113692;592;2020-11-26;24332
2020-11-25;"Prešovský kraj";302;2174;103;2277;NA;113692;405;2020-11-25;23740
2020-11-24;"Prešovský kraj";365;1777;156;1933;NA;113692;521;2020-11-24;23335
2020-11-23;"Prešovský kraj";164;1099;60;1159;NA;113692;224;2020-11-23;22814
2020-11-22;"Prešovský kraj";46;44;1;45;NA;113692;47;2020-11-22;22590
2020-11-21;"Prešovský kraj";205;754;62;816;NA;113692;267;2020-11-21;22543
2020-11-20;"Prešovský kraj";363;2258;102;2360;NA;113692;465;2020-11-20;22276
2020-11-19;"Prešovský kraj";359;2096;238;2334;NA;113692;597;2020-11-19;21811
2020-11-18;"Prešovský kraj";270;488;43;531;NA;113692;313;2020-11-18;21214
2020-11-17;"Prešovský kraj";347;205;23;228;NA;113692;370;2020-11-17;20901
2020-11-16;"Prešovský kraj";226;540;58;598;NA;113692;284;2020-11-16;20531
2020-11-15;"Prešovský kraj";186;39;4;43;NA;113692;190;2020-11-15;20247
2020-11-14;"Prešovský kraj";261;54;4;58;NA;113692;265;2020-11-14;20057
2020-11-13;"Prešovský kraj";395;166;8;174;NA;113692;403;2020-11-13;19792
2020-11-12;"Prešovský kraj";397;229;50;279;NA;113692;447;2020-11-12;19389
2020-11-11;"Prešovský kraj";516;161;15;176;NA;113692;531;2020-11-11;18942
2020-11-10;"Prešovský kraj";437;197;9;206;NA;113692;446;2020-11-10;18411
2020-11-09;"Prešovský kraj";190;4110;945;5055;NA;113692;1135;2020-11-09;17965
2020-11-08;"Prešovský kraj";97;2817;32;2849;NA;113692;129;2020-11-08;16830
2020-11-07;"Prešovský kraj";416;8578;81;8659;NA;113692;497;2020-11-07;16701
2020-11-06;"Prešovský kraj";520;4791;76;4867;NA;113692;596;2020-11-06;16204
2020-11-05;"Prešovský kraj";397;180;5;185;NA;113692;402;2020-11-05;15608
2020-11-04;"Prešovský kraj";350;807;8;815;NA;113692;358;2020-11-04;15206
2020-11-03;"Prešovský kraj";565;98;12;110;NA;113692;577;2020-11-03;14848
2020-11-02;"Prešovský kraj";203;4158;1004;5162;NA;113692;1207;2020-11-02;14271
2020-11-01;"Prešovský kraj";386;2906;53;2959;NA;113692;439;2020-11-01;13064
2020-10-31;"Prešovský kraj";315;10497;170;10667;NA;113692;485;2020-10-31;12625
2020-10-30;"Prešovský kraj";552;2949;65;3014;NA;113692;617;2020-10-30;12140
2020-10-29;"Prešovský kraj";594;301;38;339;NA;113692;632;2020-10-29;11523
2020-10-28;"Prešovský kraj";617;291;46;337;NA;113692;663;2020-10-28;10891
2020-10-27;"Prešovský kraj";656;268;34;302;NA;113692;690;2020-10-27;10228
2020-10-26;"Prešovský kraj";137;363;57;420;NA;113692;194;2020-10-26;9538
2020-10-25;"Prešovský kraj";237;346;11;357;NA;113692;248;2020-10-25;9344
2020-10-24;"Prešovský kraj";719;200;12;212;NA;113692;731;2020-10-24;9096
2020-10-23;"Prešovský kraj";750;218;8;226;NA;113692;758;2020-10-23;8365
2020-10-22;"Prešovský kraj";646;396;30;426;NA;113692;676;2020-10-22;7607
2020-10-21;"Prešovský kraj";383;58;8;66;NA;113692;391;2020-10-21;6931
2020-10-20;"Prešovský kraj";493;65;7;72;NA;113692;500;2020-10-20;6540
2020-10-19;"Prešovský kraj";140;235;15;250;NA;113692;155;2020-10-19;6040
2020-10-18;"Prešovský kraj";209;0;0;0;NA;113692;209;2020-10-18;5885
2020-10-17;"Prešovský kraj";342;0;0;0;NA;113692;342;2020-10-17;5676
2020-10-16;"Prešovský kraj";388;57;3;60;NA;113692;391;2020-10-16;5334
2020-10-15;"Prešovský kraj";435;85;18;103;NA;113692;453;2020-10-15;4943
2020-10-14;"Prešovský kraj";451;54;10;64;NA;113692;461;2020-10-14;4490
2020-10-13;"Prešovský kraj";264;50;6;56;NA;113692;270;2020-10-13;4029
2020-10-12;"Prešovský kraj";214;334;35;369;NA;113692;249;2020-10-12;3759
2020-10-11;"Prešovský kraj";127;0;0;0;NA;113692;127;2020-10-11;3510
2020-10-10;"Prešovský kraj";248;0;0;0;NA;113692;248;2020-10-10;3383
2020-10-09;"Prešovský kraj";406;0;0;0;NA;113692;406;2020-10-09;3135
2020-10-08;"Prešovský kraj";245;0;0;0;NA;113692;245;2020-10-08;2729
2020-10-07;"Prešovský kraj";244;0;0;0;NA;113692;244;2020-10-07;2484
2020-10-06;"Prešovský kraj";166;0;0;0;NA;113692;166;2020-10-06;2240
2020-10-05;"Prešovský kraj";84;0;0;0;NA;113692;84;2020-10-05;2074
2020-10-04;"Prešovský kraj";118;0;0;0;NA;113692;118;2020-10-04;1990
2020-10-03;"Prešovský kraj";204;0;0;0;NA;113692;204;2020-10-03;1872
2020-10-02;"Prešovský kraj";149;0;0;0;NA;113692;149;2020-10-02;1668
2020-10-01;"Prešovský kraj";136;0;0;0;NA;113692;136;2020-10-01;1519
2020-09-30;"Prešovský kraj";121;0;0;0;NA;113692;121;2020-09-30;1383
2020-09-29;"Prešovský kraj";156;0;0;0;NA;113692;156;2020-09-29;1262
2020-09-28;"Prešovský kraj";51;0;0;0;NA;113692;51;2020-09-28;1106
2020-09-27;"Prešovský kraj";10;0;0;0;NA;113692;10;2020-09-27;1055
2020-09-26;"Prešovský kraj";72;0;0;0;NA;113692;72;2020-09-26;1045
2020-09-25;"Prešovský kraj";91;0;0;0;NA;113692;91;2020-09-25;973
2020-09-24;"Prešovský kraj";52;0;0;0;NA;113692;52;2020-09-24;882
2020-09-23;"Prešovský kraj";55;0;0;0;NA;113692;55;2020-09-23;830
2020-09-22;"Prešovský kraj";29;0;0;0;NA;113692;29;2020-09-22;775
2020-09-21;"Prešovský kraj";14;0;0;0;NA;113692;14;2020-09-21;746
2020-09-20;"Prešovský kraj";5;0;0;0;NA;113692;5;2020-09-20;732
2020-09-19;"Prešovský kraj";12;0;0;0;NA;113692;12;2020-09-19;727
2020-09-18;"Prešovský kraj";29;0;0;0;NA;113692;29;2020-09-18;715
2020-09-17;"Prešovský kraj";25;0;0;0;NA;113692;25;2020-09-17;686
2020-09-16;"Prešovský kraj";8;0;0;0;NA;113692;8;2020-09-16;661
2020-09-15;"Prešovský kraj";10;0;0;0;NA;113692;10;2020-09-15;653
2020-09-14;"Prešovský kraj";47;0;0;0;NA;113692;47;2020-09-14;643
2020-09-13;"Prešovský kraj";3;0;0;0;NA;113692;3;2020-09-13;596
2020-09-12;"Prešovský kraj";4;0;0;0;NA;113692;4;2020-09-12;593
2020-09-11;"Prešovský kraj";15;0;0;0;NA;113692;15;2020-09-11;589
2020-09-10;"Prešovský kraj";10;0;0;0;NA;113692;10;2020-09-10;574
2020-09-09;"Prešovský kraj";21;0;0;0;NA;113692;21;2020-09-09;564
2020-09-08;"Prešovský kraj";23;0;0;0;NA;113692;23;2020-09-08;543
2020-09-07;"Prešovský kraj";5;0;0;0;NA;113692;5;2020-09-07;520
2020-09-06;"Prešovský kraj";3;0;0;0;NA;113692;3;2020-09-06;515
2020-09-05;"Prešovský kraj";7;0;0;0;NA;113692;7;2020-09-05;512
2020-09-04;"Prešovský kraj";24;0;0;0;NA;113692;24;2020-09-04;505
2020-09-03;"Prešovský kraj";8;0;0;0;NA;113692;8;2020-09-03;481
2020-09-02;"Prešovský kraj";9;0;0;0;NA;113692;9;2020-09-02;473
2020-09-01;"Prešovský kraj";6;0;0;0;NA;113692;6;2020-09-01;464
2020-08-31;"Prešovský kraj";3;0;0;0;NA;113692;3;2020-08-31;458
2020-08-30;"Prešovský kraj";6;0;0;0;NA;113692;6;2020-08-30;455
2020-08-29;"Prešovský kraj";4;0;0;0;NA;113692;4;2020-08-29;449
2020-08-28;"Prešovský kraj";6;0;0;0;NA;113692;6;2020-08-28;445
2020-08-27;"Prešovský kraj";7;0;0;0;NA;113692;7;2020-08-27;439
2020-08-26;"Prešovský kraj";22;0;0;0;NA;113692;22;2020-08-26;432
2020-08-25;"Prešovský kraj";1;0;0;0;NA;113692;1;2020-08-25;410
2020-08-24;"Prešovský kraj";5;0;0;0;NA;113692;5;2020-08-24;409
2020-08-23;"Prešovský kraj";3;0;0;0;NA;113692;3;2020-08-23;404
2020-08-22;"Prešovský kraj";3;0;0;0;NA;113692;3;2020-08-22;401
2020-08-21;"Prešovský kraj";11;0;0;0;NA;113692;11;2020-08-21;398
2020-08-20;"Prešovský kraj";8;0;0;0;NA;113692;8;2020-08-20;387
2020-08-19;"Prešovský kraj";8;0;0;0;NA;113692;8;2020-08-19;379
2020-08-18;"Prešovský kraj";6;0;0;0;NA;113692;6;2020-08-18;371
2020-08-17;"Prešovský kraj";1;0;0;0;NA;113692;1;2020-08-17;365
2020-08-16;"Prešovský kraj";0;0;0;0;NA;113692;0;2020-08-16;364
2020-08-15;"Prešovský kraj";8;0;0;0;NA;113692;8;2020-08-15;364
2020-08-14;"Prešovský kraj";6;0;0;0;NA;113692;6;2020-08-14;356
2020-08-13;"Prešovský kraj";8;0;0;0;NA;113692;8;2020-08-13;350
2020-08-12;"Prešovský kraj";19;0;0;0;NA;113692;19;2020-08-12;342
2020-08-11;"Prešovský kraj";3;0;0;0;NA;113692;3;2020-08-11;323
2020-08-10;"Prešovský kraj";0;0;0;0;NA;113692;0;2020-08-10;320
2020-08-09;"Prešovský kraj";0;0;0;0;NA;113692;0;2020-08-09;320
2020-08-08;"Prešovský kraj";2;0;0;0;NA;113692;2;2020-08-08;320
2020-08-07;"Prešovský kraj";6;0;0;0;NA;113692;6;2020-08-07;318
2020-08-06;"Prešovský kraj";2;0;0;0;NA;113692;2;2020-08-06;312
2020-08-05;"Prešovský kraj";8;0;0;0;NA;113692;8;2020-08-05;310
2020-08-04;"Prešovský kraj";5;0;0;0;NA;113692;5;2020-08-04;302
2020-08-03;"Prešovský kraj";4;0;0;0;NA;113692;4;2020-08-03;297
2020-08-02;"Prešovský kraj";6;0;0;0;NA;113692;6;2020-08-02;293
2020-08-01;"Prešovský kraj";0;0;0;0;NA;113692;0;2020-08-01;287
2020-07-31;"Prešovský kraj";2;0;0;0;NA;113692;2;2020-07-31;287
2020-07-30;"Prešovský kraj";6;0;0;0;NA;113692;6;2020-07-30;285
2020-07-29;"Prešovský kraj";5;0;0;0;NA;113692;5;2020-07-29;279
2020-07-28;"Prešovský kraj";0;0;0;0;NA;113692;0;2020-07-28;274
2020-07-27;"Prešovský kraj";1;0;0;0;NA;113692;1;2020-07-27;274
2020-07-26;"Prešovský kraj";1;0;0;0;NA;113692;1;2020-07-26;273
2020-07-25;"Prešovský kraj";21;0;0;0;NA;113692;21;2020-07-25;272
2020-07-24;"Prešovský kraj";1;0;0;0;NA;113692;1;2020-07-24;251
2020-07-23;"Prešovský kraj";5;0;0;0;NA;113692;5;2020-07-23;250
2020-07-22;"Prešovský kraj";1;0;0;0;NA;113692;1;2020-07-22;245
2020-07-21;"Prešovský kraj";2;0;0;0;NA;113692;2;2020-07-21;244
2020-07-20;"Prešovský kraj";1;0;0;0;NA;113692;1;2020-07-20;242
2020-07-19;"Prešovský kraj";0;0;0;0;NA;113692;0;2020-07-19;241
2020-07-18;"Prešovský kraj";0;0;0;0;NA;113692;0;2020-07-18;241
2020-07-17;"Prešovský kraj";3;0;0;0;NA;113692;3;2020-07-17;241
2020-07-16;"Prešovský kraj";1;0;0;0;NA;113692;1;2020-07-16;238
2020-07-15;"Prešovský kraj";5;0;0;0;NA;113692;5;2020-07-15;237
2020-07-14;"Prešovský kraj";5;0;0;0;NA;113692;5;2020-07-14;232
2020-07-13;"Prešovský kraj";1;0;0;0;NA;113692;1;2020-07-13;227
2020-07-12;"Prešovský kraj";1;0;0;0;NA;113692;1;2020-07-12;226
2020-07-11;"Prešovský kraj";6;0;0;0;NA;113692;6;2020-07-11;225
2020-07-10;"Prešovský kraj";5;0;0;0;NA;113692;5;2020-07-10;219
2020-07-09;"Prešovský kraj";2;0;0;0;NA;113692;2;2020-07-09;214
2020-07-08;"Prešovský kraj";14;0;0;0;NA;113692;14;2020-07-08;212
2020-07-07;"Prešovský kraj";2;0;0;0;NA;113692;2;2020-07-07;198
2020-07-06;"Prešovský kraj";0;0;0;0;NA;113692;0;2020-07-06;196
2020-07-05;"Prešovský kraj";0;0;0;0;NA;113692;0;2020-07-05;196
2020-07-04;"Prešovský kraj";1;0;0;0;NA;113692;1;2020-07-04;196
2020-07-03;"Prešovský kraj";3;0;0;0;NA;113692;3;2020-07-03;195
2020-07-02;"Prešovský kraj";0;0;0;0;NA;113692;0;2020-07-02;192
2020-07-01;"Prešovský kraj";0;0;0;0;NA;113692;0;2020-07-01;192
2020-06-30;"Prešovský kraj";7;0;0;0;NA;113692;7;2020-06-30;192
2020-06-29;"Prešovský kraj";0;0;0;0;NA;113692;0;2020-06-29;185
2020-06-28;"Prešovský kraj";0;0;0;0;NA;113692;0;2020-06-28;185
2020-06-27;"Prešovský kraj";3;0;0;0;NA;113692;3;2020-06-27;185
2020-06-26;"Prešovský kraj";3;0;0;0;NA;113692;3;2020-06-26;182
2020-06-25;"Prešovský kraj";0;0;0;0;NA;113692;0;2020-06-25;179
2020-06-24;"Prešovský kraj";4;0;0;0;NA;113692;4;2020-06-24;179
2020-06-23;"Prešovský kraj";0;0;0;0;NA;113692;0;2020-06-23;175
2020-06-22;"Prešovský kraj";0;0;0;0;NA;113692;0;2020-06-22;175
2020-06-21;"Prešovský kraj";0;0;0;0;NA;113692;0;2020-06-21;175
2020-06-20;"Prešovský kraj";0;0;0;0;NA;113692;0;2020-06-20;175
2020-06-19;"Prešovský kraj";1;0;0;0;NA;113692;1;2020-06-19;175
2020-06-18;"Prešovský kraj";0;0;0;0;NA;113692;0;2020-06-18;174
2020-06-17;"Prešovský kraj";0;0;0;0;NA;113692;0;2020-06-17;174
2020-06-16;"Prešovský kraj";6;0;0;0;NA;113692;6;2020-06-16;174
2020-06-14;"Prešovský kraj";0;0;0;0;NA;113692;0;2020-06-14;168
2020-06-13;"Prešovský kraj";0;0;0;0;NA;113692;0;2020-06-13;168
2020-06-12;"Prešovský kraj";1;0;0;0;NA;113692;1;2020-06-12;168
2020-06-11;"Prešovský kraj";0;0;0;0;NA;113692;0;2020-06-11;167
2020-06-10;"Prešovský kraj";0;0;0;0;NA;113692;0;2020-06-10;167
2020-06-09;"Prešovský kraj";0;0;0;0;NA;113692;0;2020-06-09;167
2020-06-08;"Prešovský kraj";0;0;0;0;NA;113692;0;2020-06-08;167
2020-06-07;"Prešovský kraj";0;0;0;0;NA;113692;0;2020-06-07;167
2020-06-05;"Prešovský kraj";0;0;0;0;NA;113692;0;2020-06-05;167
2020-06-03;"Prešovský kraj";0;0;0;0;NA;113692;0;2020-06-03;167
2020-06-02;"Prešovský kraj";1;0;0;0;NA;113692;1;2020-06-02;167
2020-05-31;"Prešovský kraj";1;0;0;0;NA;113692;1;2020-05-31;166
2020-05-29;"Prešovský kraj";0;0;0;0;NA;113692;0;2020-05-29;165
2020-05-27;"Prešovský kraj";0;0;0;0;NA;113692;0;2020-05-27;165
2020-05-26;"Prešovský kraj";0;0;0;0;NA;113692;0;2020-05-26;165
2020-05-25;"Prešovský kraj";0;0;0;0;NA;113692;0;2020-05-25;165
2020-05-24;"Prešovský kraj";0;0;0;0;NA;113692;0;2020-05-24;165
2020-05-23;"Prešovský kraj";0;0;0;0;NA;113692;0;2020-05-23;165
2020-05-22;"Prešovský kraj";0;0;0;0;NA;113692;0;2020-05-22;165
2020-05-21;"Prešovský kraj";1;0;0;0;NA;113692;1;2020-05-21;165
2020-05-20;"Prešovský kraj";0;0;0;0;NA;113692;0;2020-05-20;164
2020-05-19;"Prešovský kraj";0;0;0;0;NA;113692;0;2020-05-19;164
2020-05-17;"Prešovský kraj";0;0;0;0;NA;113692;0;2020-05-17;164
2020-05-16;"Prešovský kraj";0;0;0;0;NA;113692;0;2020-05-16;164
2020-05-15;"Prešovský kraj";0;0;0;0;NA;113692;0;2020-05-15;164
2020-05-14;"Prešovský kraj";0;0;0;0;NA;113692;0;2020-05-14;164
2020-05-13;"Prešovský kraj";1;0;0;0;NA;113692;1;2020-05-13;164
2020-05-12;"Prešovský kraj";0;0;0;0;NA;113692;0;2020-05-12;163
2020-05-11;"Prešovský kraj";1;0;0;0;NA;113692;1;2020-05-11;163
2020-05-09;"Prešovský kraj";0;0;0;0;NA;113692;0;2020-05-09;162
2020-05-07;"Prešovský kraj";0;0;0;0;NA;113692;0;2020-05-07;162
2020-05-06;"Prešovský kraj";0;0;0;0;NA;113692;0;2020-05-06;162
2020-05-05;"Prešovský kraj";1;0;0;0;NA;113692;1;2020-05-05;162
2020-05-04;"Prešovský kraj";0;0;0;0;NA;113692;0;2020-05-04;161
2020-05-03;"Prešovský kraj";0;0;0;0;NA;113692;0;2020-05-03;161
2020-05-02;"Prešovský kraj";0;0;0;0;NA;113692;0;2020-05-02;161
2020-05-01;"Prešovský kraj";2;0;0;0;NA;113692;2;2020-05-01;161
2020-04-30;"Prešovský kraj";0;0;0;0;NA;113692;0;2020-04-30;159
2020-04-29;"Prešovský kraj";1;0;0;0;NA;113692;1;2020-04-29;159
2020-04-28;"Prešovský kraj";1;0;0;0;NA;113692;1;2020-04-28;158
2020-04-27;"Prešovský kraj";2;0;0;0;NA;113692;2;2020-04-27;157
2020-04-26;"Prešovský kraj";0;0;0;0;NA;113692;0;2020-04-26;155
2020-04-25;"Prešovský kraj";0;0;0;0;NA;113692;0;2020-04-25;155
2020-04-24;"Prešovský kraj";0;0;0;0;NA;113692;0;2020-04-24;155
2020-04-23;"Prešovský kraj";2;0;0;0;NA;113692;2;2020-04-23;155
2020-04-22;"Prešovský kraj";11;0;0;0;NA;113692;11;2020-04-22;153
2020-04-21;"Prešovský kraj";12;0;0;0;NA;113692;12;2020-04-21;142
2020-04-20;"Prešovský kraj";2;0;0;0;NA;113692;2;2020-04-20;130
2020-04-19;"Prešovský kraj";4;0;0;0;NA;113692;4;2020-04-19;128
2020-04-18;"Prešovský kraj";1;0;0;0;NA;113692;1;2020-04-18;124
2020-04-17;"Prešovský kraj";4;0;0;0;NA;113692;4;2020-04-17;123
2020-04-16;"Prešovský kraj";9;0;0;0;NA;113692;9;2020-04-16;119
2020-04-15;"Prešovský kraj";21;0;0;0;NA;113692;21;2020-04-15;110
2020-04-14;"Prešovský kraj";1;0;0;0;NA;113692;1;2020-04-14;89
2020-04-13;"Prešovský kraj";2;0;0;0;NA;113692;2;2020-04-13;88
2020-04-12;"Prešovský kraj";6;0;0;0;NA;113692;6;2020-04-12;86
2020-04-11;"Prešovský kraj";4;0;0;0;NA;113692;4;2020-04-11;80
2020-04-10;"Prešovský kraj";0;0;0;0;NA;113692;0;2020-04-10;76
2020-04-09;"Prešovský kraj";1;0;0;0;NA;113692;1;2020-04-09;76
2020-04-08;"Prešovský kraj";0;0;0;0;NA;113692;0;2020-04-08;75
2020-04-07;"Prešovský kraj";7;0;0;0;NA;113692;7;2020-04-07;75
2020-04-06;"Prešovský kraj";10;0;0;0;NA;113692;10;2020-04-06;68
2020-04-05;"Prešovský kraj";13;0;0;0;NA;113692;13;2020-04-05;58
2020-04-04;"Prešovský kraj";1;0;0;0;NA;113692;1;2020-04-04;45
2020-04-03;"Prešovský kraj";4;0;0;0;NA;113692;4;2020-04-03;44
2020-04-02;"Prešovský kraj";6;0;0;0;NA;113692;6;2020-04-02;40
2020-04-01;"Prešovský kraj";6;0;0;0;NA;113692;6;2020-04-01;34
2020-03-31;"Prešovský kraj";6;0;0;0;NA;113692;6;2020-03-31;28
2020-03-30;"Prešovský kraj";2;0;0;0;NA;113692;2;2020-03-30;22
2020-03-29;"Prešovský kraj";2;0;0;0;NA;113692;2;2020-03-29;20
2020-03-28;"Prešovský kraj";2;0;0;0;NA;113692;2;2020-03-28;18
2020-03-27;"Prešovský kraj";1;0;0;0;NA;113692;1;2020-03-27;16
2020-03-26;"Prešovský kraj";8;0;0;0;NA;113692;8;2020-03-26;15
2020-03-25;"Prešovský kraj";1;0;0;0;NA;113692;1;2020-03-25;7
2020-03-24;"Prešovský kraj";4;0;0;0;NA;113692;4;2020-03-24;6
2020-03-23;"Prešovský kraj";0;0;0;0;NA;113692;0;2020-03-23;2
2020-03-22;"Prešovský kraj";1;0;0;0;NA;113692;1;2020-03-22;2
2020-03-21;"Prešovský kraj";2;0;0;0;NA;113692;2;2020-03-21;1
2020-03-20;"Prešovský kraj";3;0;0;0;NA;113692;3;2020-03-20;-1
2020-03-19;"Prešovský kraj";2;0;0;0;NA;113692;2;2020-03-19;-4
2020-03-18;"Prešovský kraj";1;0;0;0;NA;113692;1;2020-03-18;-6
2020-03-17;"Prešovský kraj";1;0;0;0;NA;113692;1;2020-03-17;-7
2020-03-16;"Prešovský kraj";4;0;0;0;NA;113692;4;2020-03-16;-8
2020-03-15;"Prešovský kraj";0;0;0;0;NA;113692;0;2020-03-15;-12
2020-03-14;"Prešovský kraj";1;0;0;0;NA;113692;1;2020-03-14;-12
2020-03-13;"Prešovský kraj";0;0;0;0;NA;113692;0;2020-03-13;-13
2020-03-12;"Prešovský kraj";0;0;0;0;NA;113692;0;2020-03-12;-13
2020-03-11;"Prešovský kraj";0;0;0;0;NA;113692;0;2020-03-11;-13
2020-03-09;"Prešovský kraj";0;0;0;0;NA;113692;0;2020-03-09;-13
2020-03-08;"Prešovský kraj";0;0;0;0;NA;113692;0;2020-03-08;-13
2020-03-07;"Prešovský kraj";0;0;0;0;NA;113692;0;2020-03-07;-13
2020-03-06;"Prešovský kraj";0;0;0;0;NA;113692;0;2020-03-06;-13
2021-06-21;"Trenčiansky kraj";10;4065;3;4068;53215;100465;13;2021-06-21;100465
2021-06-20;"Trenčiansky kraj";0;2706;4;2710;NA;100465;4;2021-06-20;100452
2021-06-19;"Trenčiansky kraj";5;3654;0;3654;NA;100465;5;2021-06-19;100448
2021-06-18;"Trenčiansky kraj";7;5221;6;5227;NA;100465;13;2021-06-18;100443
2021-06-17;"Trenčiansky kraj";0;2974;5;2979;NA;100465;5;2021-06-17;100430
2021-06-16;"Trenčiansky kraj";4;2687;1;2688;NA;100465;5;2021-06-16;100425
2021-06-15;"Trenčiansky kraj";10;3376;2;3378;NA;100465;12;2021-06-15;100420
2021-06-14;"Trenčiansky kraj";10;4198;14;4212;NA;100465;24;2021-06-14;100408
2021-06-13;"Trenčiansky kraj";0;3950;4;3954;NA;100465;4;2021-06-13;100384
2021-06-12;"Trenčiansky kraj";4;4616;6;4622;NA;100465;10;2021-06-12;100380
2021-06-11;"Trenčiansky kraj";10;6227;11;6238;NA;100465;21;2021-06-11;100370
2021-06-10;"Trenčiansky kraj";5;3315;7;3322;NA;100465;12;2021-06-10;100349
2021-06-09;"Trenčiansky kraj";7;3254;6;3260;NA;100465;13;2021-06-09;100337
2021-06-08;"Trenčiansky kraj";21;3628;7;3635;NA;100465;28;2021-06-08;100324
2021-06-07;"Trenčiansky kraj";13;4944;10;4954;NA;100465;23;2021-06-07;100296
2021-06-06;"Trenčiansky kraj";0;4659;9;4668;NA;100465;9;2021-06-06;100273
2021-06-05;"Trenčiansky kraj";7;5712;4;5716;NA;100465;11;2021-06-05;100264
2021-06-04;"Trenčiansky kraj";16;6800;3;6803;NA;100465;19;2021-06-04;100253
2021-06-03;"Trenčiansky kraj";9;3886;9;3895;NA;100465;18;2021-06-03;100234
2021-06-02;"Trenčiansky kraj";28;4293;8;4301;NA;100465;36;2021-06-02;100216
2021-06-01;"Trenčiansky kraj";22;4426;17;4443;NA;100465;39;2021-06-01;100180
2021-05-31;"Trenčiansky kraj";30;5495;24;5519;NA;100465;54;2021-05-31;100141
2021-05-30;"Trenčiansky kraj";0;7365;15;7380;NA;100465;15;2021-05-30;100087
2021-05-29;"Trenčiansky kraj";13;6900;13;6913;NA;100465;26;2021-05-29;100072
2021-05-28;"Trenčiansky kraj";22;7935;24;7959;NA;100465;46;2021-05-28;100046
2021-05-27;"Trenčiansky kraj";6;5163;12;5175;NA;100465;18;2021-05-27;1e+05
2021-05-26;"Trenčiansky kraj";26;4413;13;4426;NA;100465;39;2021-05-26;99982
2021-05-25;"Trenčiansky kraj";18;5857;21;5878;NA;100465;39;2021-05-25;99943
2021-05-24;"Trenčiansky kraj";19;9008;36;9044;NA;100465;55;2021-05-24;99904
2021-05-23;"Trenčiansky kraj";0;8161;22;8183;NA;100465;22;2021-05-23;99849
2021-05-22;"Trenčiansky kraj";11;10114;12;10126;NA;100465;23;2021-05-22;99827
2021-05-21;"Trenčiansky kraj";23;10606;24;10630;NA;100465;47;2021-05-21;99804
2021-05-20;"Trenčiansky kraj";23;5487;23;5510;NA;100465;46;2021-05-20;99757
2021-05-19;"Trenčiansky kraj";16;4959;31;4990;NA;100465;47;2021-05-19;99711
2021-05-18;"Trenčiansky kraj";26;7610;26;7636;NA;100465;52;2021-05-18;99664
2021-05-17;"Trenčiansky kraj";37;6771;38;6809;NA;100465;75;2021-05-17;99612
2021-05-16;"Trenčiansky kraj";25;14270;30;14300;NA;100465;55;2021-05-16;99537
2021-05-15;"Trenčiansky kraj";3;19573;26;19599;NA;100465;29;2021-05-15;99482
2021-05-14;"Trenčiansky kraj";41;17047;39;17086;NA;100465;80;2021-05-14;99453
2021-05-13;"Trenčiansky kraj";41;8149;24;8173;NA;100465;65;2021-05-13;99373
2021-05-12;"Trenčiansky kraj";41;7408;31;7439;NA;100465;72;2021-05-12;99308
2021-05-11;"Trenčiansky kraj";66;10205;31;10236;NA;100465;97;2021-05-11;99236
2021-05-10;"Trenčiansky kraj";48;11688;52;11740;NA;100465;100;2021-05-10;99139
2021-05-09;"Trenčiansky kraj";52;15597;32;15629;NA;100465;84;2021-05-09;99039
2021-05-08;"Trenčiansky kraj";3;21544;29;21573;NA;100465;32;2021-05-08;98955
2021-05-07;"Trenčiansky kraj";45;21204;44;21248;NA;100465;89;2021-05-07;98923
2021-05-06;"Trenčiansky kraj";26;10679;44;10723;NA;100465;70;2021-05-06;98834
2021-05-05;"Trenčiansky kraj";73;9092;41;9133;NA;100465;114;2021-05-05;98764
2021-05-04;"Trenčiansky kraj";55;12732;53;12785;NA;100465;108;2021-05-04;98650
2021-05-03;"Trenčiansky kraj";60;15330;51;15381;NA;100465;111;2021-05-03;98542
2021-05-02;"Trenčiansky kraj";0;30768;61;30829;NA;100465;61;2021-05-02;98431
2021-05-01;"Trenčiansky kraj";71;56982;60;57042;NA;100465;131;2021-05-01;98370
2021-04-30;"Trenčiansky kraj";77;29420;61;29481;NA;100465;138;2021-04-30;98239
2021-04-29;"Trenčiansky kraj";49;13183;59;13242;NA;100465;108;2021-04-29;98101
2021-04-28;"Trenčiansky kraj";79;12536;52;12588;NA;100465;131;2021-04-28;97993
2021-04-27;"Trenčiansky kraj";107;15526;40;15566;NA;100465;147;2021-04-27;97862
2021-04-26;"Trenčiansky kraj";52;21066;63;21129;NA;100465;115;2021-04-26;97715
2021-04-25;"Trenčiansky kraj";0;34560;48;34608;NA;100465;48;2021-04-25;97600
2021-04-24;"Trenčiansky kraj";76;72398;100;72498;NA;100465;176;2021-04-24;97552
2021-04-23;"Trenčiansky kraj";143;29958;79;30037;NA;100465;222;2021-04-23;97376
2021-04-22;"Trenčiansky kraj";71;13847;64;13911;NA;100465;135;2021-04-22;97154
2021-04-21;"Trenčiansky kraj";79;12996;67;13063;NA;100465;146;2021-04-21;97019
2021-04-20;"Trenčiansky kraj";142;17739;80;17819;NA;100465;222;2021-04-20;96873
2021-04-19;"Trenčiansky kraj";102;22630;103;22733;NA;100465;205;2021-04-19;96651
2021-04-18;"Trenčiansky kraj";3;40879;97;40976;NA;100465;100;2021-04-18;96446
2021-04-17;"Trenčiansky kraj";77;81498;136;81634;NA;100465;213;2021-04-17;96346
2021-04-16;"Trenčiansky kraj";100;31954;90;32044;NA;100465;190;2021-04-16;96133
2021-04-15;"Trenčiansky kraj";71;14477;69;14546;NA;100465;140;2021-04-15;95943
2021-04-14;"Trenčiansky kraj";135;15549;72;15621;NA;100465;207;2021-04-14;95803
2021-04-13;"Trenčiansky kraj";189;18713;75;18788;NA;100465;264;2021-04-13;95596
2021-04-12;"Trenčiansky kraj";97;23743;91;23834;NA;100465;188;2021-04-12;95332
2021-04-11;"Trenčiansky kraj";1;34735;75;34810;NA;100465;76;2021-04-11;95144
2021-04-10;"Trenčiansky kraj";81;83093;145;83238;NA;100465;226;2021-04-10;95068
2021-04-09;"Trenčiansky kraj";120;28008;91;28099;NA;100465;211;2021-04-09;94842
2021-04-08;"Trenčiansky kraj";112;13282;85;13367;NA;100465;197;2021-04-08;94631
2021-04-07;"Trenčiansky kraj";204;17689;122;17811;NA;100465;326;2021-04-07;94434
2021-04-06;"Trenčiansky kraj";157;28532;178;28710;NA;100465;335;2021-04-06;94108
2021-04-05;"Trenčiansky kraj";15;9227;64;9291;NA;100465;79;2021-04-05;93773
2021-04-04;"Trenčiansky kraj";2;20291;85;20376;NA;100465;87;2021-04-04;93694
2021-04-03;"Trenčiansky kraj";86;80473;221;80694;NA;100465;307;2021-04-03;93607
2021-04-02;"Trenčiansky kraj";126;21620;81;21701;NA;100465;207;2021-04-02;93300
2021-04-01;"Trenčiansky kraj";159;32370;139;32509;NA;100465;298;2021-04-01;93093
2021-03-31;"Trenčiansky kraj";198;20100;130;20230;NA;100465;328;2021-03-31;92795
2021-03-30;"Trenčiansky kraj";272;17304;136;17440;NA;100465;408;2021-03-30;92467
2021-03-29;"Trenčiansky kraj";142;19479;170;19649;NA;100465;312;2021-03-29;92059
2021-03-28;"Trenčiansky kraj";3;34759;116;34875;NA;100465;119;2021-03-28;91747
2021-03-27;"Trenčiansky kraj";130;77314;293;77607;NA;100465;423;2021-03-27;91628
2021-03-26;"Trenčiansky kraj";211;35092;157;35249;NA;100465;368;2021-03-26;91205
2021-03-25;"Trenčiansky kraj";184;16579;176;16755;NA;100465;360;2021-03-25;90837
2021-03-24;"Trenčiansky kraj";259;13099;171;13270;NA;100465;430;2021-03-24;90477
2021-03-23;"Trenčiansky kraj";349;17588;174;17762;NA;100465;523;2021-03-23;90047
2021-03-22;"Trenčiansky kraj";141;21118;213;21331;NA;100465;354;2021-03-22;89524
2021-03-21;"Trenčiansky kraj";85;32711;164;32875;NA;100465;249;2021-03-21;89170
2021-03-20;"Trenčiansky kraj";128;80035;322;80357;NA;100465;450;2021-03-20;88921
2021-03-19;"Trenčiansky kraj";231;34784;232;35016;NA;100465;463;2021-03-19;88471
2021-03-18;"Trenčiansky kraj";262;16105;178;16283;NA;100465;440;2021-03-18;88008
2021-03-17;"Trenčiansky kraj";366;13436;163;13599;NA;100465;529;2021-03-17;87568
2021-03-16;"Trenčiansky kraj";450;15281;241;15522;NA;100465;691;2021-03-16;87039
2021-03-15;"Trenčiansky kraj";162;21235;261;21496;NA;100465;423;2021-03-15;86348
2021-03-14;"Trenčiansky kraj";42;33892;233;34125;NA;100465;275;2021-03-14;85925
2021-03-13;"Trenčiansky kraj";270;79187;453;79640;NA;100465;723;2021-03-13;85650
2021-03-12;"Trenčiansky kraj";366;34787;307;35094;NA;100465;673;2021-03-12;84927
2021-03-11;"Trenčiansky kraj";302;15557;213;15770;NA;100465;515;2021-03-11;84254
2021-03-10;"Trenčiansky kraj";402;13585;237;13822;NA;100465;639;2021-03-10;83739
2021-03-09;"Trenčiansky kraj";586;17982;285;18267;NA;100465;871;2021-03-09;83100
2021-03-08;"Trenčiansky kraj";174;21704;363;22067;NA;100465;537;2021-03-08;82229
2021-03-07;"Trenčiansky kraj";4;33991;318;34309;NA;100465;322;2021-03-07;81692
2021-03-06;"Trenčiansky kraj";260;79661;529;80190;NA;100465;789;2021-03-06;81370
2021-03-05;"Trenčiansky kraj";326;32946;416;33362;NA;100465;742;2021-03-05;80581
2021-03-04;"Trenčiansky kraj";323;16820;315;17135;NA;100465;638;2021-03-04;79839
2021-03-03;"Trenčiansky kraj";413;13953;346;14299;NA;100465;759;2021-03-03;79201
2021-03-02;"Trenčiansky kraj";612;17797;344;18141;NA;100465;956;2021-03-02;78442
2021-03-01;"Trenčiansky kraj";217;21127;445;21572;NA;100465;662;2021-03-01;77486
2021-02-28;"Trenčiansky kraj";45;30238;376;30614;NA;100465;421;2021-02-28;76824
2021-02-27;"Trenčiansky kraj";277;78735;686;79421;NA;100465;963;2021-02-27;76403
2021-02-26;"Trenčiansky kraj";420;32932;435;33367;NA;100465;855;2021-02-26;75440
2021-02-25;"Trenčiansky kraj";424;14029;328;14357;NA;100465;752;2021-02-25;74585
2021-02-24;"Trenčiansky kraj";427;11997;398;12395;NA;100465;825;2021-02-24;73833
2021-02-23;"Trenčiansky kraj";577;14904;390;15294;NA;100465;967;2021-02-23;73008
2021-02-22;"Trenčiansky kraj";160;19969;468;20437;NA;100465;628;2021-02-22;72041
2021-02-21;"Trenčiansky kraj";64;29478;392;29870;NA;100465;456;2021-02-21;71413
2021-02-20;"Trenčiansky kraj";274;77840;745;78585;NA;100465;1019;2021-02-20;70957
2021-02-19;"Trenčiansky kraj";272;30245;520;30765;NA;100465;792;2021-02-19;69938
2021-02-18;"Trenčiansky kraj";355;14378;410;14788;NA;100465;765;2021-02-18;69146
2021-02-17;"Trenčiansky kraj";363;11413;376;11789;NA;100465;739;2021-02-17;68381
2021-02-16;"Trenčiansky kraj";488;17761;406;18167;NA;100465;894;2021-02-16;67642
2021-02-15;"Trenčiansky kraj";151;21846;463;22309;NA;100465;614;2021-02-15;66748
2021-02-14;"Trenčiansky kraj";2;31255;324;31579;NA;100465;326;2021-02-14;66134
2021-02-13;"Trenčiansky kraj";274;63006;522;63528;NA;100465;796;2021-02-13;65808
2021-02-12;"Trenčiansky kraj";276;27966;412;28378;NA;100465;688;2021-02-12;65012
2021-02-11;"Trenčiansky kraj";291;11566;323;11889;NA;100465;614;2021-02-11;64324
2021-02-10;"Trenčiansky kraj";304;11402;317;11719;NA;100465;621;2021-02-10;63710
2021-02-09;"Trenčiansky kraj";514;18401;360;18761;NA;100465;874;2021-02-09;63089
2021-02-08;"Trenčiansky kraj";182;26972;430;27402;NA;100465;612;2021-02-08;62215
2021-02-07;"Trenčiansky kraj";31;36772;341;37113;NA;100465;372;2021-02-07;61603
2021-02-06;"Trenčiansky kraj";216;63931;560;64491;NA;100465;776;2021-02-06;61231
2021-02-05;"Trenčiansky kraj";202;18154;367;18521;NA;100465;569;2021-02-05;60455
2021-02-04;"Trenčiansky kraj";266;7248;311;7559;NA;100465;577;2021-02-04;59886
2021-02-03;"Trenčiansky kraj";162;6718;320;7038;NA;100465;482;2021-02-03;59309
2021-02-02;"Trenčiansky kraj";347;8058;380;8438;NA;100465;727;2021-02-02;58827
2021-02-01;"Trenčiansky kraj";167;8917;311;9228;NA;100465;478;2021-02-01;58100
2021-01-31;"Trenčiansky kraj";7;19103;159;19262;NA;100465;166;2021-01-31;57622
2021-01-30;"Trenčiansky kraj";228;38167;332;38499;NA;100465;560;2021-01-30;57456
2021-01-29;"Trenčiansky kraj";214;7586;235;7821;NA;100465;449;2021-01-29;56896
2021-01-28;"Trenčiansky kraj";307;5442;158;5600;NA;100465;465;2021-01-28;56447
2021-01-27;"Trenčiansky kraj";166;4842;181;5023;NA;100465;347;2021-01-27;55982
2021-01-26;"Trenčiansky kraj";303;14585;250;14835;NA;100465;553;2021-01-26;55635
2021-01-25;"Trenčiansky kraj";160;24302;207;24509;NA;100465;367;2021-01-25;55082
2021-01-24;"Trenčiansky kraj";51;38369;282;38651;NA;100465;333;2021-01-24;54715
2021-01-23;"Trenčiansky kraj";206;114125;749;114874;NA;100465;955;2021-01-23;54382
2021-01-22;"Trenčiansky kraj";148;21833;242;22075;NA;100465;390;2021-01-22;53427
2021-01-21;"Trenčiansky kraj";143;8582;166;8748;NA;100465;309;2021-01-21;53037
2021-01-20;"Trenčiansky kraj";181;8186;227;8413;NA;100465;408;2021-01-20;52728
2021-01-19;"Trenčiansky kraj";363;6618;262;6880;NA;100465;625;2021-01-19;52320
2021-01-18;"Trenčiansky kraj";72;4970;321;5291;NA;100465;393;2021-01-18;51695
2021-01-17;"Trenčiansky kraj";124;156;11;167;NA;100465;135;2021-01-17;51302
2021-01-16;"Trenčiansky kraj";39;1288;53;1341;NA;100465;92;2021-01-16;51167
2021-01-15;"Trenčiansky kraj";264;4029;218;4247;NA;100465;482;2021-01-15;51075
2021-01-14;"Trenčiansky kraj";275;3193;189;3382;NA;100465;464;2021-01-14;50593
2021-01-13;"Trenčiansky kraj";222;3893;215;4108;NA;100465;437;2021-01-13;50129
2021-01-12;"Trenčiansky kraj";508;4604;261;4865;NA;100465;769;2021-01-12;49692
2021-01-11;"Trenčiansky kraj";142;4367;354;4721;NA;100465;496;2021-01-11;48923
2021-01-10;"Trenčiansky kraj";89;4969;77;5046;NA;100465;166;2021-01-10;48427
2021-01-09;"Trenčiansky kraj";276;8280;128;8408;NA;100465;404;2021-01-09;48261
2021-01-08;"Trenčiansky kraj";489;6434;484;6918;NA;100465;973;2021-01-08;47857
2021-01-07;"Trenčiansky kraj";420;6138;577;6715;NA;100465;997;2021-01-07;46884
2021-01-06;"Trenčiansky kraj";221;1021;64;1085;NA;100465;285;2021-01-06;45887
2021-01-05;"Trenčiansky kraj";669;5753;706;6459;NA;100465;1375;2021-01-05;45602
2021-01-04;"Trenčiansky kraj";337;5248;782;6030;NA;100465;1119;2021-01-04;44227
2021-01-03;"Trenčiansky kraj";38;114;15;129;NA;100465;53;2021-01-03;43108
2021-01-02;"Trenčiansky kraj";129;196;23;219;NA;100465;152;2021-01-02;43055
2021-01-01;"Trenčiansky kraj";329;347;23;370;NA;100465;352;2021-01-01;42903
2020-12-31;"Trenčiansky kraj";597;4943;557;5500;NA;100465;1154;2020-12-31;42551
2020-12-30;"Trenčiansky kraj";836;7012;762;7774;NA;100465;1598;2020-12-30;41397
2020-12-29;"Trenčiansky kraj";459;6191;1018;7209;NA;100465;1477;2020-12-29;39799
2020-12-28;"Trenčiansky kraj";258;4195;777;4972;NA;100465;1035;2020-12-28;38322
2020-12-27;"Trenčiansky kraj";5;208;36;244;NA;100465;41;2020-12-27;37287
2020-12-26;"Trenčiansky kraj";174;74;10;84;NA;100465;184;2020-12-26;37246
2020-12-25;"Trenčiansky kraj";251;325;47;372;NA;100465;298;2020-12-25;37062
2020-12-24;"Trenčiansky kraj";552;2194;256;2450;NA;100465;808;2020-12-24;36764
2020-12-23;"Trenčiansky kraj";421;6552;661;7213;NA;100465;1082;2020-12-23;35956
2020-12-22;"Trenčiansky kraj";673;5760;694;6454;NA;100465;1367;2020-12-22;34874
2020-12-21;"Trenčiansky kraj";248;13321;956;14277;NA;100465;1204;2020-12-21;33507
2020-12-20;"Trenčiansky kraj";238;12504;292;12796;NA;100465;530;2020-12-20;32303
2020-12-19;"Trenčiansky kraj";341;1611;150;1761;NA;100465;491;2020-12-19;31773
2020-12-18;"Trenčiansky kraj";521;5199;615;5814;NA;100465;1136;2020-12-18;31282
2020-12-17;"Trenčiansky kraj";670;3843;524;4367;NA;100465;1194;2020-12-17;30146
2020-12-16;"Trenčiansky kraj";461;4464;647;5111;NA;100465;1108;2020-12-16;28952
2020-12-15;"Trenčiansky kraj";595;3805;670;4475;NA;100465;1265;2020-12-15;27844
2020-12-14;"Trenčiansky kraj";318;3194;613;3807;NA;100465;931;2020-12-14;26579
2020-12-13;"Trenčiansky kraj";77;49;6;55;NA;100465;83;2020-12-13;25648
2020-12-12;"Trenčiansky kraj";314;1191;132;1323;NA;100465;446;2020-12-12;25565
2020-12-11;"Trenčiansky kraj";751;4066;479;4545;NA;100465;1230;2020-12-11;25119
2020-12-10;"Trenčiansky kraj";271;3354;473;3827;NA;100465;744;2020-12-10;23889
2020-12-09;"Trenčiansky kraj";508;3788;466;4254;NA;100465;974;2020-12-09;23145
2020-12-08;"Trenčiansky kraj";546;3440;522;3962;NA;100465;1068;2020-12-08;22171
2020-12-07;"Trenčiansky kraj";258;3832;468;4300;NA;100465;726;2020-12-07;21103
2020-12-06;"Trenčiansky kraj";114;179;10;189;NA;100465;124;2020-12-06;20377
2020-12-05;"Trenčiansky kraj";223;610;56;666;NA;100465;279;2020-12-05;20253
2020-12-04;"Trenčiansky kraj";253;2943;273;3216;NA;100465;526;2020-12-04;19974
2020-12-03;"Trenčiansky kraj";503;1714;178;1892;NA;100465;681;2020-12-03;19448
2020-12-02;"Trenčiansky kraj";418;1844;232;2076;NA;100465;650;2020-12-02;18767
2020-12-01;"Trenčiansky kraj";321;5642;351;5993;NA;100465;672;2020-12-01;18117
2020-11-30;"Trenčiansky kraj";167;11514;520;12034;NA;100465;687;2020-11-30;17445
2020-11-29;"Trenčiansky kraj";29;30;5;35;NA;100465;34;2020-11-29;16758
2020-11-28;"Trenčiansky kraj";202;1051;93;1144;NA;100465;295;2020-11-28;16724
2020-11-27;"Trenčiansky kraj";330;1888;186;2074;NA;100465;516;2020-11-27;16429
2020-11-26;"Trenčiansky kraj";395;1252;122;1374;NA;100465;517;2020-11-26;15913
2020-11-25;"Trenčiansky kraj";322;1444;160;1604;NA;100465;482;2020-11-25;15396
2020-11-24;"Trenčiansky kraj";348;2553;308;2861;NA;100465;656;2020-11-24;14914
2020-11-23;"Trenčiansky kraj";159;1186;122;1308;NA;100465;281;2020-11-23;14258
2020-11-22;"Trenčiansky kraj";26;30;7;37;NA;100465;33;2020-11-22;13977
2020-11-21;"Trenčiansky kraj";255;1376;69;1445;NA;100465;324;2020-11-21;13944
2020-11-20;"Trenčiansky kraj";316;861;93;954;NA;100465;409;2020-11-20;13620
2020-11-19;"Trenčiansky kraj";316;740;113;853;NA;100465;429;2020-11-19;13211
2020-11-18;"Trenčiansky kraj";233;379;66;445;NA;100465;299;2020-11-18;12782
2020-11-17;"Trenčiansky kraj";222;106;15;121;NA;100465;237;2020-11-17;12483
2020-11-16;"Trenčiansky kraj";245;236;45;281;NA;100465;290;2020-11-16;12246
2020-11-15;"Trenčiansky kraj";109;29;6;35;NA;100465;115;2020-11-15;11956
2020-11-14;"Trenčiansky kraj";190;74;11;85;NA;100465;201;2020-11-14;11841
2020-11-13;"Trenčiansky kraj";308;131;13;144;NA;100465;321;2020-11-13;11640
2020-11-12;"Trenčiansky kraj";324;124;5;129;NA;100465;329;2020-11-12;11319
2020-11-11;"Trenčiansky kraj";366;113;10;123;NA;100465;376;2020-11-11;10990
2020-11-10;"Trenčiansky kraj";277;106;6;112;NA;100465;283;2020-11-10;10614
2020-11-09;"Trenčiansky kraj";115;1407;48;1455;NA;100465;163;2020-11-09;10331
2020-11-08;"Trenčiansky kraj";81;1271;8;1279;NA;100465;89;2020-11-08;10168
2020-11-07;"Trenčiansky kraj";319;3662;59;3721;NA;100465;378;2020-11-07;10079
2020-11-06;"Trenčiansky kraj";383;6893;84;6977;NA;100465;467;2020-11-06;9701
2020-11-05;"Trenčiansky kraj";399;98;15;113;NA;100465;414;2020-11-05;9234
2020-11-04;"Trenčiansky kraj";370;91;9;100;NA;100465;379;2020-11-04;8820
2020-11-03;"Trenčiansky kraj";575;97;8;105;NA;100465;583;2020-11-03;8441
2020-11-02;"Trenčiansky kraj";197;1833;68;1901;NA;100465;265;2020-11-02;7858
2020-11-01;"Trenčiansky kraj";257;808;24;832;NA;100465;281;2020-11-01;7593
2020-10-31;"Trenčiansky kraj";332;4719;82;4801;NA;100465;414;2020-10-31;7312
2020-10-30;"Trenčiansky kraj";299;5283;102;5385;NA;100465;401;2020-10-30;6898
2020-10-29;"Trenčiansky kraj";496;764;68;832;NA;100465;564;2020-10-29;6497
2020-10-28;"Trenčiansky kraj";269;192;33;225;NA;100465;302;2020-10-28;5933
2020-10-27;"Trenčiansky kraj";473;127;27;154;NA;100465;500;2020-10-27;5631
2020-10-26;"Trenčiansky kraj";177;107;36;143;NA;100465;213;2020-10-26;5131
2020-10-25;"Trenčiansky kraj";138;9;5;14;NA;100465;143;2020-10-25;4918
2020-10-24;"Trenčiansky kraj";395;128;6;134;NA;100465;401;2020-10-24;4775
2020-10-23;"Trenčiansky kraj";301;154;8;162;NA;100465;309;2020-10-23;4374
2020-10-22;"Trenčiansky kraj";273;82;12;94;NA;100465;285;2020-10-22;4065
2020-10-21;"Trenčiansky kraj";183;53;9;62;NA;100465;192;2020-10-21;3780
2020-10-20;"Trenčiansky kraj";212;47;6;53;NA;100465;218;2020-10-20;3588
2020-10-19;"Trenčiansky kraj";41;83;25;108;NA;100465;66;2020-10-19;3370
2020-10-18;"Trenčiansky kraj";104;0;0;0;NA;100465;104;2020-10-18;3304
2020-10-17;"Trenčiansky kraj";157;0;0;0;NA;100465;157;2020-10-17;3200
2020-10-16;"Trenčiansky kraj";225;42;6;48;NA;100465;231;2020-10-16;3043
2020-10-15;"Trenčiansky kraj";255;39;4;43;NA;100465;259;2020-10-15;2812
2020-10-14;"Trenčiansky kraj";162;42;7;49;NA;100465;169;2020-10-14;2553
2020-10-13;"Trenčiansky kraj";124;105;12;117;NA;100465;136;2020-10-13;2384
2020-10-12;"Trenčiansky kraj";55;0;0;0;NA;100465;55;2020-10-12;2248
2020-10-11;"Trenčiansky kraj";73;0;0;0;NA;100465;73;2020-10-11;2193
2020-10-10;"Trenčiansky kraj";180;0;0;0;NA;100465;180;2020-10-10;2120
2020-10-09;"Trenčiansky kraj";198;0;0;0;NA;100465;198;2020-10-09;1940
2020-10-08;"Trenčiansky kraj";115;0;0;0;NA;100465;115;2020-10-08;1742
2020-10-07;"Trenčiansky kraj";75;0;0;0;NA;100465;75;2020-10-07;1627
2020-10-06;"Trenčiansky kraj";72;0;0;0;NA;100465;72;2020-10-06;1552
2020-10-05;"Trenčiansky kraj";32;0;0;0;NA;100465;32;2020-10-05;1480
2020-10-04;"Trenčiansky kraj";37;0;0;0;NA;100465;37;2020-10-04;1448
2020-10-03;"Trenčiansky kraj";79;0;0;0;NA;100465;79;2020-10-03;1411
2020-10-02;"Trenčiansky kraj";69;0;0;0;NA;100465;69;2020-10-02;1332
2020-10-01;"Trenčiansky kraj";58;0;0;0;NA;100465;58;2020-10-01;1263
2020-09-30;"Trenčiansky kraj";76;0;0;0;NA;100465;76;2020-09-30;1205
2020-09-29;"Trenčiansky kraj";43;0;0;0;NA;100465;43;2020-09-29;1129
2020-09-28;"Trenčiansky kraj";7;0;0;0;NA;100465;7;2020-09-28;1086
2020-09-27;"Trenčiansky kraj";12;0;0;0;NA;100465;12;2020-09-27;1079
2020-09-26;"Trenčiansky kraj";37;0;0;0;NA;100465;37;2020-09-26;1067
2020-09-25;"Trenčiansky kraj";72;0;0;0;NA;100465;72;2020-09-25;1030
2020-09-24;"Trenčiansky kraj";41;0;0;0;NA;100465;41;2020-09-24;958
2020-09-23;"Trenčiansky kraj";32;0;0;0;NA;100465;32;2020-09-23;917
2020-09-22;"Trenčiansky kraj";26;0;0;0;NA;100465;26;2020-09-22;885
2020-09-21;"Trenčiansky kraj";23;0;0;0;NA;100465;23;2020-09-21;859
2020-09-20;"Trenčiansky kraj";21;0;0;0;NA;100465;21;2020-09-20;836
2020-09-19;"Trenčiansky kraj";20;0;0;0;NA;100465;20;2020-09-19;815
2020-09-18;"Trenčiansky kraj";41;0;0;0;NA;100465;41;2020-09-18;795
2020-09-17;"Trenčiansky kraj";20;0;0;0;NA;100465;20;2020-09-17;754
2020-09-16;"Trenčiansky kraj";14;0;0;0;NA;100465;14;2020-09-16;734
2020-09-15;"Trenčiansky kraj";8;0;0;0;NA;100465;8;2020-09-15;720
2020-09-14;"Trenčiansky kraj";5;0;0;0;NA;100465;5;2020-09-14;712
2020-09-13;"Trenčiansky kraj";12;0;0;0;NA;100465;12;2020-09-13;707
2020-09-12;"Trenčiansky kraj";2;0;0;0;NA;100465;2;2020-09-12;695
2020-09-11;"Trenčiansky kraj";27;0;0;0;NA;100465;27;2020-09-11;693
2020-09-10;"Trenčiansky kraj";15;0;0;0;NA;100465;15;2020-09-10;666
2020-09-09;"Trenčiansky kraj";11;0;0;0;NA;100465;11;2020-09-09;651
2020-09-08;"Trenčiansky kraj";12;0;0;0;NA;100465;12;2020-09-08;640
2020-09-07;"Trenčiansky kraj";6;0;0;0;NA;100465;6;2020-09-07;628
2020-09-06;"Trenčiansky kraj";1;0;0;0;NA;100465;1;2020-09-06;622
2020-09-05;"Trenčiansky kraj";3;0;0;0;NA;100465;3;2020-09-05;621
2020-09-04;"Trenčiansky kraj";9;0;0;0;NA;100465;9;2020-09-04;618
2020-09-03;"Trenčiansky kraj";10;0;0;0;NA;100465;10;2020-09-03;609
2020-09-02;"Trenčiansky kraj";5;0;0;0;NA;100465;5;2020-09-02;599
2020-09-01;"Trenčiansky kraj";1;0;0;0;NA;100465;1;2020-09-01;594
2020-08-31;"Trenčiansky kraj";12;0;0;0;NA;100465;12;2020-08-31;593
2020-08-30;"Trenčiansky kraj";0;0;0;0;NA;100465;0;2020-08-30;581
2020-08-29;"Trenčiansky kraj";1;0;0;0;NA;100465;1;2020-08-29;581
2020-08-28;"Trenčiansky kraj";12;0;0;0;NA;100465;12;2020-08-28;580
2020-08-27;"Trenčiansky kraj";10;0;0;0;NA;100465;10;2020-08-27;568
2020-08-26;"Trenčiansky kraj";15;0;0;0;NA;100465;15;2020-08-26;558
2020-08-25;"Trenčiansky kraj";12;0;0;0;NA;100465;12;2020-08-25;543
2020-08-24;"Trenčiansky kraj";4;0;0;0;NA;100465;4;2020-08-24;531
2020-08-23;"Trenčiansky kraj";5;0;0;0;NA;100465;5;2020-08-23;527
2020-08-22;"Trenčiansky kraj";6;0;0;0;NA;100465;6;2020-08-22;522
2020-08-21;"Trenčiansky kraj";6;0;0;0;NA;100465;6;2020-08-21;516
2020-08-20;"Trenčiansky kraj";20;0;0;0;NA;100465;20;2020-08-20;510
2020-08-19;"Trenčiansky kraj";17;0;0;0;NA;100465;17;2020-08-19;490
2020-08-18;"Trenčiansky kraj";9;0;0;0;NA;100465;9;2020-08-18;473
2020-08-17;"Trenčiansky kraj";4;0;0;0;NA;100465;4;2020-08-17;464
2020-08-16;"Trenčiansky kraj";0;0;0;0;NA;100465;0;2020-08-16;460
2020-08-15;"Trenčiansky kraj";9;0;0;0;NA;100465;9;2020-08-15;460
2020-08-14;"Trenčiansky kraj";15;0;0;0;NA;100465;15;2020-08-14;451
2020-08-13;"Trenčiansky kraj";23;0;0;0;NA;100465;23;2020-08-13;436
2020-08-12;"Trenčiansky kraj";6;0;0;0;NA;100465;6;2020-08-12;413
2020-08-11;"Trenčiansky kraj";7;0;0;0;NA;100465;7;2020-08-11;407
2020-08-10;"Trenčiansky kraj";9;0;0;0;NA;100465;9;2020-08-10;400
2020-08-09;"Trenčiansky kraj";1;0;0;0;NA;100465;1;2020-08-09;391
2020-08-08;"Trenčiansky kraj";4;0;0;0;NA;100465;4;2020-08-08;390
2020-08-07;"Trenčiansky kraj";4;0;0;0;NA;100465;4;2020-08-07;386
2020-08-06;"Trenčiansky kraj";13;0;0;0;NA;100465;13;2020-08-06;382
2020-08-05;"Trenčiansky kraj";39;0;0;0;NA;100465;39;2020-08-05;369
2020-08-04;"Trenčiansky kraj";9;0;0;0;NA;100465;9;2020-08-04;330
2020-08-03;"Trenčiansky kraj";0;0;0;0;NA;100465;0;2020-08-03;321
2020-08-02;"Trenčiansky kraj";2;0;0;0;NA;100465;2;2020-08-02;321
2020-08-01;"Trenčiansky kraj";6;0;0;0;NA;100465;6;2020-08-01;319
2020-07-31;"Trenčiansky kraj";16;0;0;0;NA;100465;16;2020-07-31;313
2020-07-30;"Trenčiansky kraj";4;0;0;0;NA;100465;4;2020-07-30;297
2020-07-29;"Trenčiansky kraj";5;0;0;0;NA;100465;5;2020-07-29;293
2020-07-28;"Trenčiansky kraj";11;0;0;0;NA;100465;11;2020-07-28;288
2020-07-27;"Trenčiansky kraj";4;0;0;0;NA;100465;4;2020-07-27;277
2020-07-26;"Trenčiansky kraj";1;0;0;0;NA;100465;1;2020-07-26;273
2020-07-25;"Trenčiansky kraj";7;0;0;0;NA;100465;7;2020-07-25;272
2020-07-24;"Trenčiansky kraj";5;0;0;0;NA;100465;5;2020-07-24;265
2020-07-23;"Trenčiansky kraj";10;0;0;0;NA;100465;10;2020-07-23;260
2020-07-22;"Trenčiansky kraj";11;0;0;0;NA;100465;11;2020-07-22;250
2020-07-21;"Trenčiansky kraj";6;0;0;0;NA;100465;6;2020-07-21;239
2020-07-20;"Trenčiansky kraj";13;0;0;0;NA;100465;13;2020-07-20;233
2020-07-19;"Trenčiansky kraj";0;0;0;0;NA;100465;0;2020-07-19;220
2020-07-18;"Trenčiansky kraj";0;0;0;0;NA;100465;0;2020-07-18;220
2020-07-17;"Trenčiansky kraj";1;0;0;0;NA;100465;1;2020-07-17;220
2020-07-16;"Trenčiansky kraj";0;0;0;0;NA;100465;0;2020-07-16;219
2020-07-15;"Trenčiansky kraj";2;0;0;0;NA;100465;2;2020-07-15;219
2020-07-14;"Trenčiansky kraj";8;0;0;0;NA;100465;8;2020-07-14;217
2020-07-13;"Trenčiansky kraj";1;0;0;0;NA;100465;1;2020-07-13;209
2020-07-12;"Trenčiansky kraj";0;0;0;0;NA;100465;0;2020-07-12;208
2020-07-11;"Trenčiansky kraj";0;0;0;0;NA;100465;0;2020-07-11;208
2020-07-10;"Trenčiansky kraj";3;0;0;0;NA;100465;3;2020-07-10;208
2020-07-09;"Trenčiansky kraj";2;0;0;0;NA;100465;2;2020-07-09;205
2020-07-08;"Trenčiansky kraj";1;0;0;0;NA;100465;1;2020-07-08;203
2020-07-07;"Trenčiansky kraj";9;0;0;0;NA;100465;9;2020-07-07;202
2020-07-06;"Trenčiansky kraj";1;0;0;0;NA;100465;1;2020-07-06;193
2020-07-05;"Trenčiansky kraj";1;0;0;0;NA;100465;1;2020-07-05;192
2020-07-04;"Trenčiansky kraj";0;0;0;0;NA;100465;0;2020-07-04;191
2020-07-03;"Trenčiansky kraj";2;0;0;0;NA;100465;2;2020-07-03;191
2020-07-02;"Trenčiansky kraj";10;0;0;0;NA;100465;10;2020-07-02;189
2020-07-01;"Trenčiansky kraj";1;0;0;0;NA;100465;1;2020-07-01;179
2020-06-30;"Trenčiansky kraj";6;0;0;0;NA;100465;6;2020-06-30;178
2020-06-29;"Trenčiansky kraj";1;0;0;0;NA;100465;1;2020-06-29;172
2020-06-28;"Trenčiansky kraj";0;0;0;0;NA;100465;0;2020-06-28;171
2020-06-27;"Trenčiansky kraj";0;0;0;0;NA;100465;0;2020-06-27;171
2020-06-26;"Trenčiansky kraj";0;0;0;0;NA;100465;0;2020-06-26;171
2020-06-25;"Trenčiansky kraj";2;0;0;0;NA;100465;2;2020-06-25;171
2020-06-24;"Trenčiansky kraj";1;0;0;0;NA;100465;1;2020-06-24;169
2020-06-23;"Trenčiansky kraj";0;0;0;0;NA;100465;0;2020-06-23;168
2020-06-22;"Trenčiansky kraj";0;0;0;0;NA;100465;0;2020-06-22;168
2020-06-21;"Trenčiansky kraj";0;0;0;0;NA;100465;0;2020-06-21;168
2020-06-20;"Trenčiansky kraj";0;0;0;0;NA;100465;0;2020-06-20;168
2020-06-19;"Trenčiansky kraj";0;0;0;0;NA;100465;0;2020-06-19;168
2020-06-18;"Trenčiansky kraj";0;0;0;0;NA;100465;0;2020-06-18;168
2020-06-17;"Trenčiansky kraj";0;0;0;0;NA;100465;0;2020-06-17;168
2020-06-16;"Trenčiansky kraj";0;0;0;0;NA;100465;0;2020-06-16;168
2020-06-14;"Trenčiansky kraj";0;0;0;0;NA;100465;0;2020-06-14;168
2020-06-13;"Trenčiansky kraj";0;0;0;0;NA;100465;0;2020-06-13;168
2020-06-12;"Trenčiansky kraj";0;0;0;0;NA;100465;0;2020-06-12;168
2020-06-11;"Trenčiansky kraj";0;0;0;0;NA;100465;0;2020-06-11;168
2020-06-10;"Trenčiansky kraj";1;0;0;0;NA;100465;1;2020-06-10;168
2020-06-09;"Trenčiansky kraj";0;0;0;0;NA;100465;0;2020-06-09;167
2020-06-08;"Trenčiansky kraj";0;0;0;0;NA;100465;0;2020-06-08;167
2020-06-07;"Trenčiansky kraj";0;0;0;0;NA;100465;0;2020-06-07;167
2020-06-05;"Trenčiansky kraj";0;0;0;0;NA;100465;0;2020-06-05;167
2020-06-03;"Trenčiansky kraj";0;0;0;0;NA;100465;0;2020-06-03;167
2020-06-02;"Trenčiansky kraj";0;0;0;0;NA;100465;0;2020-06-02;167
2020-05-31;"Trenčiansky kraj";0;0;0;0;NA;100465;0;2020-05-31;167
2020-05-29;"Trenčiansky kraj";0;0;0;0;NA;100465;0;2020-05-29;167
2020-05-27;"Trenčiansky kraj";2;0;0;0;NA;100465;2;2020-05-27;167
2020-05-26;"Trenčiansky kraj";0;0;0;0;NA;100465;0;2020-05-26;165
2020-05-25;"Trenčiansky kraj";0;0;0;0;NA;100465;0;2020-05-25;165
2020-05-24;"Trenčiansky kraj";0;0;0;0;NA;100465;0;2020-05-24;165
2020-05-23;"Trenčiansky kraj";0;0;0;0;NA;100465;0;2020-05-23;165
2020-05-22;"Trenčiansky kraj";0;0;0;0;NA;100465;0;2020-05-22;165
2020-05-21;"Trenčiansky kraj";0;0;0;0;NA;100465;0;2020-05-21;165
2020-05-20;"Trenčiansky kraj";0;0;0;0;NA;100465;0;2020-05-20;165
2020-05-19;"Trenčiansky kraj";0;0;0;0;NA;100465;0;2020-05-19;165
2020-05-17;"Trenčiansky kraj";0;0;0;0;NA;100465;0;2020-05-17;165
2020-05-16;"Trenčiansky kraj";0;0;0;0;NA;100465;0;2020-05-16;165
2020-05-15;"Trenčiansky kraj";1;0;0;0;NA;100465;1;2020-05-15;165
2020-05-14;"Trenčiansky kraj";2;0;0;0;NA;100465;2;2020-05-14;164
2020-05-13;"Trenčiansky kraj";1;0;0;0;NA;100465;1;2020-05-13;162
2020-05-12;"Trenčiansky kraj";1;0;0;0;NA;100465;1;2020-05-12;161
2020-05-11;"Trenčiansky kraj";3;0;0;0;NA;100465;3;2020-05-11;160
2020-05-09;"Trenčiansky kraj";2;0;0;0;NA;100465;2;2020-05-09;157
2020-05-07;"Trenčiansky kraj";6;0;0;0;NA;100465;6;2020-05-07;155
2020-05-06;"Trenčiansky kraj";0;0;0;0;NA;100465;0;2020-05-06;149
2020-05-05;"Trenčiansky kraj";2;0;0;0;NA;100465;2;2020-05-05;149
2020-05-04;"Trenčiansky kraj";0;0;0;0;NA;100465;0;2020-05-04;147
2020-05-03;"Trenčiansky kraj";0;0;0;0;NA;100465;0;2020-05-03;147
2020-05-02;"Trenčiansky kraj";0;0;0;0;NA;100465;0;2020-05-02;147
2020-05-01;"Trenčiansky kraj";0;0;0;0;NA;100465;0;2020-05-01;147
2020-04-30;"Trenčiansky kraj";0;0;0;0;NA;100465;0;2020-04-30;147
2020-04-29;"Trenčiansky kraj";2;0;0;0;NA;100465;2;2020-04-29;147
2020-04-28;"Trenčiansky kraj";1;0;0;0;NA;100465;1;2020-04-28;145
2020-04-27;"Trenčiansky kraj";0;0;0;0;NA;100465;0;2020-04-27;144
2020-04-26;"Trenčiansky kraj";1;0;0;0;NA;100465;1;2020-04-26;144
2020-04-25;"Trenčiansky kraj";0;0;0;0;NA;100465;0;2020-04-25;143
2020-04-24;"Trenčiansky kraj";0;0;0;0;NA;100465;0;2020-04-24;143
2020-04-23;"Trenčiansky kraj";11;0;0;0;NA;100465;11;2020-04-23;143
2020-04-22;"Trenčiansky kraj";1;0;0;0;NA;100465;1;2020-04-22;132
2020-04-21;"Trenčiansky kraj";11;0;0;0;NA;100465;11;2020-04-21;131
2020-04-20;"Trenčiansky kraj";15;0;0;0;NA;100465;15;2020-04-20;120
2020-04-19;"Trenčiansky kraj";2;0;0;0;NA;100465;2;2020-04-19;105
2020-04-18;"Trenčiansky kraj";3;0;0;0;NA;100465;3;2020-04-18;103
2020-04-17;"Trenčiansky kraj";4;0;0;0;NA;100465;4;2020-04-17;100
2020-04-16;"Trenčiansky kraj";10;0;0;0;NA;100465;10;2020-04-16;96
2020-04-15;"Trenčiansky kraj";4;0;0;0;NA;100465;4;2020-04-15;86
2020-04-14;"Trenčiansky kraj";0;0;0;0;NA;100465;0;2020-04-14;82
2020-04-13;"Trenčiansky kraj";1;0;0;0;NA;100465;1;2020-04-13;82
2020-04-12;"Trenčiansky kraj";2;0;0;0;NA;100465;2;2020-04-12;81
2020-04-11;"Trenčiansky kraj";3;0;0;0;NA;100465;3;2020-04-11;79
2020-04-10;"Trenčiansky kraj";0;0;0;0;NA;100465;0;2020-04-10;76
2020-04-09;"Trenčiansky kraj";0;0;0;0;NA;100465;0;2020-04-09;76
2020-04-08;"Trenčiansky kraj";2;0;0;0;NA;100465;2;2020-04-08;76
2020-04-07;"Trenčiansky kraj";18;0;0;0;NA;100465;18;2020-04-07;74
2020-04-06;"Trenčiansky kraj";0;0;0;0;NA;100465;0;2020-04-06;56
2020-04-05;"Trenčiansky kraj";3;0;0;0;NA;100465;3;2020-04-05;56
2020-04-04;"Trenčiansky kraj";5;0;0;0;NA;100465;5;2020-04-04;53
2020-04-03;"Trenčiansky kraj";4;0;0;0;NA;100465;4;2020-04-03;48
2020-04-02;"Trenčiansky kraj";1;0;0;0;NA;100465;1;2020-04-02;44
2020-04-01;"Trenčiansky kraj";3;0;0;0;NA;100465;3;2020-04-01;43
2020-03-31;"Trenčiansky kraj";1;0;0;0;NA;100465;1;2020-03-31;40
2020-03-30;"Trenčiansky kraj";3;0;0;0;NA;100465;3;2020-03-30;39
2020-03-29;"Trenčiansky kraj";6;0;0;0;NA;100465;6;2020-03-29;36
2020-03-28;"Trenčiansky kraj";9;0;0;0;NA;100465;9;2020-03-28;30
2020-03-27;"Trenčiansky kraj";2;0;0;0;NA;100465;2;2020-03-27;21
2020-03-26;"Trenčiansky kraj";6;0;0;0;NA;100465;6;2020-03-26;19
2020-03-25;"Trenčiansky kraj";3;0;0;0;NA;100465;3;2020-03-25;13
2020-03-24;"Trenčiansky kraj";1;0;0;0;NA;100465;1;2020-03-24;10
2020-03-23;"Trenčiansky kraj";0;0;0;0;NA;100465;0;2020-03-23;9
2020-03-22;"Trenčiansky kraj";0;0;0;0;NA;100465;0;2020-03-22;9
2020-03-21;"Trenčiansky kraj";2;0;0;0;NA;100465;2;2020-03-21;9
2020-03-20;"Trenčiansky kraj";2;0;0;0;NA;100465;2;2020-03-20;7
2020-03-19;"Trenčiansky kraj";8;0;0;0;NA;100465;8;2020-03-19;5
2020-03-18;"Trenčiansky kraj";0;0;0;0;NA;100465;0;2020-03-18;-3
2020-03-17;"Trenčiansky kraj";0;0;0;0;NA;100465;0;2020-03-17;-3
2020-03-16;"Trenčiansky kraj";1;0;0;0;NA;100465;1;2020-03-16;-3
2020-03-15;"Trenčiansky kraj";5;0;0;0;NA;100465;5;2020-03-15;-4
2020-03-14;"Trenčiansky kraj";0;0;0;0;NA;100465;0;2020-03-14;-9
2020-03-13;"Trenčiansky kraj";0;0;0;0;NA;100465;0;2020-03-13;-9
2020-03-12;"Trenčiansky kraj";1;0;0;0;NA;100465;1;2020-03-12;-9
2020-03-11;"Trenčiansky kraj";0;0;0;0;NA;100465;0;2020-03-11;-10
2020-03-09;"Trenčiansky kraj";0;0;0;0;NA;100465;0;2020-03-09;-10
2020-03-08;"Trenčiansky kraj";0;0;0;0;NA;100465;0;2020-03-08;-10
2020-03-07;"Trenčiansky kraj";0;0;0;0;NA;100465;0;2020-03-07;-10
2020-03-06;"Trenčiansky kraj";0;0;0;0;NA;100465;0;2020-03-06;-10
2021-06-21;"Trnavský kraj";6;1537;0;1537;45757;90049;6;2021-06-21;90049
2021-06-20;"Trnavský kraj";0;3457;1;3458;NA;90049;1;2021-06-20;90043
2021-06-19;"Trnavský kraj";3;3563;1;3564;NA;90049;4;2021-06-19;90042
2021-06-18;"Trnavský kraj";5;4844;0;4844;NA;90049;5;2021-06-18;90038
2021-06-17;"Trnavský kraj";3;3007;0;3007;NA;90049;3;2021-06-17;90033
2021-06-16;"Trnavský kraj";6;2632;3;2635;NA;90049;9;2021-06-16;90030
2021-06-15;"Trnavský kraj";8;2974;2;2976;NA;90049;10;2021-06-15;90021
2021-06-14;"Trnavský kraj";2;3521;1;3522;NA;90049;3;2021-06-14;90011
2021-06-13;"Trnavský kraj";0;5003;6;5009;NA;90049;6;2021-06-13;90008
2021-06-12;"Trnavský kraj";11;5536;1;5537;NA;90049;12;2021-06-12;90002
2021-06-11;"Trnavský kraj";17;5557;4;5561;NA;90049;21;2021-06-11;89990
2021-06-10;"Trnavský kraj";14;3336;1;3337;NA;90049;15;2021-06-10;89969
2021-06-09;"Trnavský kraj";10;3495;1;3496;NA;90049;11;2021-06-09;89954
2021-06-08;"Trnavský kraj";8;2887;4;2891;NA;90049;12;2021-06-08;89943
2021-06-07;"Trnavský kraj";12;4163;8;4171;NA;90049;20;2021-06-07;89931
2021-06-06;"Trnavský kraj";0;5517;2;5519;NA;90049;2;2021-06-06;89911
2021-06-05;"Trnavský kraj";20;6779;6;6785;NA;90049;26;2021-06-05;89909
2021-06-04;"Trnavský kraj";9;6359;9;6368;NA;90049;18;2021-06-04;89883
2021-06-03;"Trnavský kraj";14;3963;11;3974;NA;90049;25;2021-06-03;89865
2021-06-02;"Trnavský kraj";4;4104;12;4116;NA;90049;16;2021-06-02;89840
2021-06-01;"Trnavský kraj";18;3394;4;3398;NA;90049;22;2021-06-01;89824
2021-05-31;"Trnavský kraj";14;5089;16;5105;NA;90049;30;2021-05-31;89802
2021-05-30;"Trnavský kraj";0;6283;6;6289;NA;90049;6;2021-05-30;89772
2021-05-29;"Trnavský kraj";11;8409;4;8413;NA;90049;15;2021-05-29;89766
2021-05-28;"Trnavský kraj";14;6720;11;6731;NA;90049;25;2021-05-28;89751
2021-05-27;"Trnavský kraj";22;4753;8;4761;NA;90049;30;2021-05-27;89726
2021-05-26;"Trnavský kraj";6;4503;8;4511;NA;90049;14;2021-05-26;89696
2021-05-25;"Trnavský kraj";19;4610;25;4635;NA;90049;44;2021-05-25;89682
2021-05-24;"Trnavský kraj";15;6520;22;6542;NA;90049;37;2021-05-24;89638
2021-05-23;"Trnavský kraj";0;7767;8;7775;NA;90049;8;2021-05-23;89601
2021-05-22;"Trnavský kraj";13;12767;18;12785;NA;90049;31;2021-05-22;89593
2021-05-21;"Trnavský kraj";16;8079;19;8098;NA;90049;35;2021-05-21;89562
2021-05-20;"Trnavský kraj";15;5223;9;5232;NA;90049;24;2021-05-20;89527
2021-05-19;"Trnavský kraj";18;5159;12;5171;NA;90049;30;2021-05-19;89503
2021-05-18;"Trnavský kraj";26;5686;15;5701;NA;90049;41;2021-05-18;89473
2021-05-17;"Trnavský kraj";17;5985;23;6008;NA;90049;40;2021-05-17;89432
2021-05-16;"Trnavský kraj";10;9725;8;9733;NA;90049;18;2021-05-16;89392
2021-05-15;"Trnavský kraj";11;18040;14;18054;NA;90049;25;2021-05-15;89374
2021-05-14;"Trnavský kraj";34;9846;20;9866;NA;90049;54;2021-05-14;89349
2021-05-13;"Trnavský kraj";26;6913;12;6925;NA;90049;38;2021-05-13;89295
2021-05-12;"Trnavský kraj";34;6621;26;6647;NA;90049;60;2021-05-12;89257
2021-05-11;"Trnavský kraj";32;6311;13;6324;NA;90049;45;2021-05-11;89197
2021-05-10;"Trnavský kraj";58;8458;24;8482;NA;90049;82;2021-05-10;89152
2021-05-09;"Trnavský kraj";21;12312;11;12323;NA;90049;32;2021-05-09;89070
2021-05-08;"Trnavský kraj";4;22539;21;22560;NA;90049;25;2021-05-08;89038
2021-05-07;"Trnavský kraj";26;14895;29;14924;NA;90049;55;2021-05-07;89013
2021-05-06;"Trnavský kraj";22;8397;22;8419;NA;90049;44;2021-05-06;88958
2021-05-05;"Trnavský kraj";34;6127;20;6147;NA;90049;54;2021-05-05;88914
2021-05-04;"Trnavský kraj";51;8538;17;8555;NA;90049;68;2021-05-04;88860
2021-05-03;"Trnavský kraj";20;8954;22;8976;NA;90049;42;2021-05-03;88792
2021-05-02;"Trnavský kraj";0;25657;29;25686;NA;90049;29;2021-05-02;88750
2021-05-01;"Trnavský kraj";30;81347;64;81411;NA;90049;94;2021-05-01;88721
2021-04-30;"Trnavský kraj";45;26843;35;26878;NA;90049;80;2021-04-30;88627
2021-04-29;"Trnavský kraj";25;20323;28;20351;NA;90049;53;2021-04-29;88547
2021-04-28;"Trnavský kraj";46;8867;28;8895;NA;90049;74;2021-04-28;88494
2021-04-27;"Trnavský kraj";54;8744;37;8781;NA;90049;91;2021-04-27;88420
2021-04-26;"Trnavský kraj";53;16113;42;16155;NA;90049;95;2021-04-26;88329
2021-04-25;"Trnavský kraj";0;30183;24;30207;NA;90049;24;2021-04-25;88234
2021-04-24;"Trnavský kraj";46;125410;82;125492;NA;90049;128;2021-04-24;88210
2021-04-23;"Trnavský kraj";71;25622;53;25675;NA;90049;124;2021-04-23;88082
2021-04-22;"Trnavský kraj";40;10901;25;10926;NA;90049;65;2021-04-22;87958
2021-04-21;"Trnavský kraj";60;10728;45;10773;NA;90049;105;2021-04-21;87893
2021-04-20;"Trnavský kraj";57;13499;28;13527;NA;90049;85;2021-04-20;87788
2021-04-19;"Trnavský kraj";46;14584;18;14602;NA;90049;64;2021-04-19;87703
2021-04-18;"Trnavský kraj";7;40843;43;40886;NA;90049;50;2021-04-18;87639
2021-04-17;"Trnavský kraj";58;118094;89;118183;NA;90049;147;2021-04-17;87589
2021-04-16;"Trnavský kraj";67;25962;48;26010;NA;90049;115;2021-04-16;87442
2021-04-15;"Trnavský kraj";65;11373;36;11409;NA;90049;101;2021-04-15;87327
2021-04-14;"Trnavský kraj";78;18442;53;18495;NA;90049;131;2021-04-14;87226
2021-04-13;"Trnavský kraj";126;9831;44;9875;NA;90049;170;2021-04-13;87095
2021-04-12;"Trnavský kraj";40;15575;40;15615;NA;90049;80;2021-04-12;86925
2021-04-11;"Trnavský kraj";3;44417;44;44461;NA;90049;47;2021-04-11;86845
2021-04-10;"Trnavský kraj";60;123822;107;123929;NA;90049;167;2021-04-10;86798
2021-04-09;"Trnavský kraj";95;26084;34;26118;NA;90049;129;2021-04-09;86631
2021-04-08;"Trnavský kraj";85;10893;52;10945;NA;90049;137;2021-04-08;86502
2021-04-07;"Trnavský kraj";131;15964;81;16045;NA;90049;212;2021-04-07;86365
2021-04-06;"Trnavský kraj";92;20579;90;20669;NA;90049;182;2021-04-06;86153
2021-04-05;"Trnavský kraj";91;7517;17;7534;NA;90049;108;2021-04-05;85971
2021-04-04;"Trnavský kraj";9;28831;49;28880;NA;90049;58;2021-04-04;85863
2021-04-03;"Trnavský kraj";29;144077;186;144263;NA;90049;215;2021-04-03;85805
2021-04-02;"Trnavský kraj";91;17538;33;17571;NA;90049;124;2021-04-02;85590
2021-04-01;"Trnavský kraj";118;22027;69;22096;NA;90049;187;2021-04-01;85466
2021-03-31;"Trnavský kraj";140;15819;82;15901;NA;90049;222;2021-03-31;85279
2021-03-30;"Trnavský kraj";182;10482;79;10561;NA;90049;261;2021-03-30;85057
2021-03-29;"Trnavský kraj";126;19249;122;19371;NA;90049;248;2021-03-29;84796
2021-03-28;"Trnavský kraj";26;50792;134;50926;NA;90049;160;2021-03-28;84548
2021-03-27;"Trnavský kraj";64;129602;245;129847;NA;90049;309;2021-03-27;84388
2021-03-26;"Trnavský kraj";139;30217;130;30347;NA;90049;269;2021-03-26;84079
2021-03-25;"Trnavský kraj";135;14212;80;14292;NA;90049;215;2021-03-25;83810
2021-03-24;"Trnavský kraj";159;10521;89;10610;NA;90049;248;2021-03-24;83595
2021-03-23;"Trnavský kraj";221;12735;104;12839;NA;90049;325;2021-03-23;83347
2021-03-22;"Trnavský kraj";103;17068;110;17178;NA;90049;213;2021-03-22;83022
2021-03-21;"Trnavský kraj";31;49119;150;49269;NA;90049;181;2021-03-21;82809
2021-03-20;"Trnavský kraj";112;136963;317;137280;NA;90049;429;2021-03-20;82628
2021-03-19;"Trnavský kraj";174;29071;137;29208;NA;90049;311;2021-03-19;82199
2021-03-18;"Trnavský kraj";158;12217;136;12353;NA;90049;294;2021-03-18;81888
2021-03-17;"Trnavský kraj";245;10434;103;10537;NA;90049;348;2021-03-17;81594
2021-03-16;"Trnavský kraj";311;12811;135;12946;NA;90049;446;2021-03-16;81246
2021-03-15;"Trnavský kraj";127;18678;146;18824;NA;90049;273;2021-03-15;80800
2021-03-14;"Trnavský kraj";14;47608;164;47772;NA;90049;178;2021-03-14;80527
2021-03-13;"Trnavský kraj";155;139224;409;139633;NA;90049;564;2021-03-13;80349
2021-03-12;"Trnavský kraj";201;28559;181;28740;NA;90049;382;2021-03-12;79785
2021-03-11;"Trnavský kraj";204;13285;140;13425;NA;90049;344;2021-03-11;79403
2021-03-10;"Trnavský kraj";242;10583;135;10718;NA;90049;377;2021-03-10;79059
2021-03-09;"Trnavský kraj";442;12820;155;12975;NA;90049;597;2021-03-09;78682
2021-03-08;"Trnavský kraj";182;21825;166;21991;NA;90049;348;2021-03-08;78085
2021-03-07;"Trnavský kraj";30;45463;227;45690;NA;90049;257;2021-03-07;77737
2021-03-06;"Trnavský kraj";154;135635;531;136166;NA;90049;685;2021-03-06;77480
2021-03-05;"Trnavský kraj";299;27951;239;28190;NA;90049;538;2021-03-05;76795
2021-03-04;"Trnavský kraj";238;14489;175;14664;NA;90049;413;2021-03-04;76257
2021-03-03;"Trnavský kraj";413;11566;246;11812;NA;90049;659;2021-03-03;75844
2021-03-02;"Trnavský kraj";477;12347;191;12538;NA;90049;668;2021-03-02;75185
2021-03-01;"Trnavský kraj";189;18581;234;18815;NA;90049;423;2021-03-01;74517
2021-02-28;"Trnavský kraj";87;47709;321;48030;NA;90049;408;2021-02-28;74094
2021-02-27;"Trnavský kraj";264;140224;800;141024;NA;90049;1064;2021-02-27;73686
2021-02-26;"Trnavský kraj";362;26815;286;27101;NA;90049;648;2021-02-26;72622
2021-02-25;"Trnavský kraj";433;10490;227;10717;NA;90049;660;2021-02-25;71974
2021-02-24;"Trnavský kraj";407;9110;290;9400;NA;90049;697;2021-02-24;71314
2021-02-23;"Trnavský kraj";469;11322;284;11606;NA;90049;753;2021-02-23;70617
2021-02-22;"Trnavský kraj";206;19896;330;20226;NA;90049;536;2021-02-22;69864
2021-02-21;"Trnavský kraj";38;48221;329;48550;NA;90049;367;2021-02-21;69328
2021-02-20;"Trnavský kraj";273;135835;859;136694;NA;90049;1132;2021-02-20;68961
2021-02-19;"Trnavský kraj";335;26339;347;26686;NA;90049;682;2021-02-19;67829
2021-02-18;"Trnavský kraj";344;11263;348;11611;NA;90049;692;2021-02-18;67147
2021-02-17;"Trnavský kraj";431;8781;416;9197;NA;90049;847;2021-02-17;66455
2021-02-16;"Trnavský kraj";426;11411;295;11706;NA;90049;721;2021-02-16;65608
2021-02-15;"Trnavský kraj";146;18075;291;18366;NA;90049;437;2021-02-15;64887
2021-02-14;"Trnavský kraj";51;57642;495;58137;NA;90049;546;2021-02-14;64450
2021-02-13;"Trnavský kraj";218;137051;994;138045;NA;90049;1212;2021-02-13;63904
2021-02-12;"Trnavský kraj";300;23682;336;24018;NA;90049;636;2021-02-12;62692
2021-02-11;"Trnavský kraj";422;9816;349;10165;NA;90049;771;2021-02-11;62056
2021-02-10;"Trnavský kraj";511;9334;344;9678;NA;90049;855;2021-02-10;61285
2021-02-09;"Trnavský kraj";544;12752;369;13121;NA;90049;913;2021-02-09;60430
2021-02-08;"Trnavský kraj";220;33539;498;34037;NA;90049;718;2021-02-08;59517
2021-02-07;"Trnavský kraj";140;68646;623;69269;NA;90049;763;2021-02-07;58799
2021-02-06;"Trnavský kraj";348;112687;1482;114169;NA;90049;1830;2021-02-06;58036
2021-02-05;"Trnavský kraj";377;16063;373;16436;NA;90049;750;2021-02-05;56206
2021-02-04;"Trnavský kraj";456;7317;456;7773;NA;90049;912;2021-02-04;55456
2021-02-03;"Trnavský kraj";472;6584;434;7018;NA;90049;906;2021-02-03;54544
2021-02-02;"Trnavský kraj";446;14240;424;14664;NA;90049;870;2021-02-02;53638
2021-02-01;"Trnavský kraj";198;38882;679;39561;NA;90049;877;2021-02-01;52768
2021-01-31;"Trnavský kraj";19;64673;817;65490;NA;90049;836;2021-01-31;51891
2021-01-30;"Trnavský kraj";323;111483;1288;112771;NA;90049;1611;2021-01-30;51055
2021-01-29;"Trnavský kraj";421;9690;290;9980;NA;90049;711;2021-01-29;49444
2021-01-28;"Trnavský kraj";389;5815;286;6101;NA;90049;675;2021-01-28;48733
2021-01-27;"Trnavský kraj";433;5300;219;5519;NA;90049;652;2021-01-27;48058
2021-01-26;"Trnavský kraj";565;25392;636;26028;NA;90049;1201;2021-01-26;47406
2021-01-25;"Trnavský kraj";210;41420;607;42027;NA;90049;817;2021-01-25;46205
2021-01-24;"Trnavský kraj";91;66399;779;67178;NA;90049;870;2021-01-24;45388
2021-01-23;"Trnavský kraj";372;117640;1349;118989;NA;90049;1721;2021-01-23;44518
2021-01-22;"Trnavský kraj";217;33122;507;33629;NA;90049;724;2021-01-22;42797
2021-01-21;"Trnavský kraj";311;13922;378;14300;NA;90049;689;2021-01-21;42073
2021-01-20;"Trnavský kraj";503;8118;274;8392;NA;90049;777;2021-01-20;41384
2021-01-19;"Trnavský kraj";415;7013;347;7360;NA;90049;762;2021-01-19;40607
2021-01-18;"Trnavský kraj";247;6234;484;6718;NA;90049;731;2021-01-18;39845
2021-01-17;"Trnavský kraj";128;854;215;1069;NA;90049;343;2021-01-17;39114
2021-01-16;"Trnavský kraj";103;898;24;922;NA;90049;127;2021-01-16;38771
2021-01-15;"Trnavský kraj";278;5457;335;5792;NA;90049;613;2021-01-15;38644
2021-01-14;"Trnavský kraj";452;4001;338;4339;NA;90049;790;2021-01-14;38031
2021-01-13;"Trnavský kraj";457;4751;378;5129;NA;90049;835;2021-01-13;37241
2021-01-12;"Trnavský kraj";469;7175;483;7658;NA;90049;952;2021-01-12;36406
2021-01-11;"Trnavský kraj";370;5012;392;5404;NA;90049;762;2021-01-11;35454
2021-01-10;"Trnavský kraj";71;13;0;13;NA;90049;71;2021-01-10;34692
2021-01-09;"Trnavský kraj";417;1775;100;1875;NA;90049;517;2021-01-09;34621
2021-01-08;"Trnavský kraj";381;6554;532;7086;NA;90049;913;2021-01-08;34104
2021-01-07;"Trnavský kraj";501;4080;390;4470;NA;90049;891;2021-01-07;33191
2021-01-06;"Trnavský kraj";179;758;132;890;NA;90049;311;2021-01-06;32300
2021-01-05;"Trnavský kraj";611;5925;636;6561;NA;90049;1247;2021-01-05;31989
2021-01-04;"Trnavský kraj";302;5239;689;5928;NA;90049;991;2021-01-04;30742
2021-01-03;"Trnavský kraj";60;53;7;60;NA;90049;67;2021-01-03;29751
2021-01-02;"Trnavský kraj";282;417;32;449;NA;90049;314;2021-01-02;29684
2021-01-01;"Trnavský kraj";143;455;76;531;NA;90049;219;2021-01-01;29370
2020-12-31;"Trnavský kraj";498;8488;858;9346;NA;90049;1356;2020-12-31;29151
2020-12-30;"Trnavský kraj";785;5318;612;5930;NA;90049;1397;2020-12-30;27795
2020-12-29;"Trnavský kraj";322;5364;639;6003;NA;90049;961;2020-12-29;26398
2020-12-28;"Trnavský kraj";213;5334;615;5949;NA;90049;828;2020-12-28;25437
2020-12-27;"Trnavský kraj";27;20;4;24;NA;90049;31;2020-12-27;24609
2020-12-26;"Trnavský kraj";148;44;1;45;NA;90049;149;2020-12-26;24578
2020-12-25;"Trnavský kraj";65;49;5;54;NA;90049;70;2020-12-25;24429
2020-12-24;"Trnavský kraj";333;1359;117;1476;NA;90049;450;2020-12-24;24359
2020-12-23;"Trnavský kraj";210;7259;414;7673;NA;90049;624;2020-12-23;23909
2020-12-22;"Trnavský kraj";311;5590;491;6081;NA;90049;802;2020-12-22;23285
2020-12-21;"Trnavský kraj";328;4527;399;4926;NA;90049;727;2020-12-21;22483
2020-12-20;"Trnavský kraj";134;133;12;145;NA;90049;146;2020-12-20;21756
2020-12-19;"Trnavský kraj";201;1407;103;1510;NA;90049;304;2020-12-19;21610
2020-12-18;"Trnavský kraj";341;4898;378;5276;NA;90049;719;2020-12-18;21306
2020-12-17;"Trnavský kraj";375;5271;443;5714;NA;90049;818;2020-12-17;20587
2020-12-16;"Trnavský kraj";312;5249;405;5654;NA;90049;717;2020-12-16;19769
2020-12-15;"Trnavský kraj";492;6623;632;7255;NA;90049;1124;2020-12-15;19052
2020-12-14;"Trnavský kraj";161;3505;292;3797;NA;90049;453;2020-12-14;17928
2020-12-13;"Trnavský kraj";7;7;0;7;NA;90049;7;2020-12-13;17475
2020-12-12;"Trnavský kraj";254;1456;114;1570;NA;90049;368;2020-12-12;17468
2020-12-11;"Trnavský kraj";384;4683;262;4945;NA;90049;646;2020-12-11;17100
2020-12-10;"Trnavský kraj";183;5194;320;5514;NA;90049;503;2020-12-10;16454
2020-12-09;"Trnavský kraj";521;4283;321;4604;NA;90049;842;2020-12-09;15951
2020-12-08;"Trnavský kraj";281;4090;304;4394;NA;90049;585;2020-12-08;15109
2020-12-07;"Trnavský kraj";178;2895;199;3094;NA;90049;377;2020-12-07;14524
2020-12-06;"Trnavský kraj";46;0;0;0;NA;90049;46;2020-12-06;14147
2020-12-05;"Trnavský kraj";129;2218;41;2259;NA;90049;170;2020-12-05;14101
2020-12-04;"Trnavský kraj";242;3948;158;4106;NA;90049;400;2020-12-04;13931
2020-12-03;"Trnavský kraj";248;2770;190;2960;NA;90049;438;2020-12-03;13531
2020-12-02;"Trnavský kraj";284;4516;176;4692;NA;90049;460;2020-12-02;13093
2020-12-01;"Trnavský kraj";253;3190;205;3395;NA;90049;458;2020-12-01;12633
2020-11-30;"Trnavský kraj";200;7360;186;7546;NA;90049;386;2020-11-30;12175
2020-11-29;"Trnavský kraj";17;738;36;774;NA;90049;53;2020-11-29;11789
2020-11-28;"Trnavský kraj";83;1453;77;1530;NA;90049;160;2020-11-28;11736
2020-11-27;"Trnavský kraj";148;1779;85;1864;NA;90049;233;2020-11-27;11576
2020-11-26;"Trnavský kraj";234;1123;68;1191;NA;90049;302;2020-11-26;11343
2020-11-25;"Trnavský kraj";232;1168;74;1242;NA;90049;306;2020-11-25;11041
2020-11-24;"Trnavský kraj";295;1909;96;2005;NA;90049;391;2020-11-24;10735
2020-11-23;"Trnavský kraj";242;7393;129;7522;NA;90049;371;2020-11-23;10344
2020-11-22;"Trnavský kraj";10;82;9;91;NA;90049;19;2020-11-22;9973
2020-11-21;"Trnavský kraj";129;1354;36;1390;NA;90049;165;2020-11-21;9954
2020-11-20;"Trnavský kraj";246;1154;64;1218;NA;90049;310;2020-11-20;9789
2020-11-19;"Trnavský kraj";157;823;64;887;NA;90049;221;2020-11-19;9479
2020-11-18;"Trnavský kraj";235;822;82;904;NA;90049;317;2020-11-18;9258
2020-11-17;"Trnavský kraj";129;705;74;779;NA;90049;203;2020-11-17;8941
2020-11-16;"Trnavský kraj";187;732;32;764;NA;90049;219;2020-11-16;8738
2020-11-15;"Trnavský kraj";23;73;4;77;NA;90049;27;2020-11-15;8519
2020-11-14;"Trnavský kraj";86;397;12;409;NA;90049;98;2020-11-14;8492
2020-11-13;"Trnavský kraj";219;1312;21;1333;NA;90049;240;2020-11-13;8394
2020-11-12;"Trnavský kraj";162;420;18;438;NA;90049;180;2020-11-12;8154
2020-11-11;"Trnavský kraj";257;392;15;407;NA;90049;272;2020-11-11;7974
2020-11-10;"Trnavský kraj";189;889;30;919;NA;90049;219;2020-11-10;7702
2020-11-09;"Trnavský kraj";196;369;23;392;NA;90049;219;2020-11-09;7483
2020-11-08;"Trnavský kraj";55;400;4;404;NA;90049;59;2020-11-08;7264
2020-11-07;"Trnavský kraj";207;6070;74;6144;NA;90049;281;2020-11-07;7205
2020-11-06;"Trnavský kraj";260;1531;19;1550;NA;90049;279;2020-11-06;6924
2020-11-05;"Trnavský kraj";150;220;27;247;NA;90049;177;2020-11-05;6645
2020-11-04;"Trnavský kraj";188;212;10;222;NA;90049;198;2020-11-04;6468
2020-11-03;"Trnavský kraj";317;127;8;135;NA;90049;325;2020-11-03;6270
2020-11-02;"Trnavský kraj";281;1728;31;1759;NA;90049;312;2020-11-02;5945
2020-11-01;"Trnavský kraj";87;494;27;521;NA;90049;114;2020-11-01;5633
2020-10-31;"Trnavský kraj";259;5024;41;5065;NA;90049;300;2020-10-31;5519
2020-10-30;"Trnavský kraj";198;3784;27;3811;NA;90049;225;2020-10-30;5219
2020-10-29;"Trnavský kraj";273;1461;16;1477;NA;90049;289;2020-10-29;4994
2020-10-28;"Trnavský kraj";319;117;16;133;NA;90049;335;2020-10-28;4705
2020-10-27;"Trnavský kraj";199;461;36;497;NA;90049;235;2020-10-27;4370
2020-10-26;"Trnavský kraj";153;29;2;31;NA;90049;155;2020-10-26;4135
2020-10-25;"Trnavský kraj";95;19;1;20;NA;90049;96;2020-10-25;3980
2020-10-24;"Trnavský kraj";158;109;2;111;NA;90049;160;2020-10-24;3884
2020-10-23;"Trnavský kraj";201;89;4;93;NA;90049;205;2020-10-23;3724
2020-10-22;"Trnavský kraj";195;55;2;57;NA;90049;197;2020-10-22;3519
2020-10-21;"Trnavský kraj";134;73;3;76;NA;90049;137;2020-10-21;3322
2020-10-20;"Trnavský kraj";202;82;3;85;NA;90049;205;2020-10-20;3185
2020-10-19;"Trnavský kraj";67;55;0;55;NA;90049;67;2020-10-19;2980
2020-10-18;"Trnavský kraj";84;0;0;0;NA;90049;84;2020-10-18;2913
2020-10-17;"Trnavský kraj";123;0;0;0;NA;90049;123;2020-10-17;2829
2020-10-16;"Trnavský kraj";86;45;2;47;NA;90049;88;2020-10-16;2706
2020-10-15;"Trnavský kraj";155;66;2;68;NA;90049;157;2020-10-15;2618
2020-10-14;"Trnavský kraj";236;468;3;471;NA;90049;239;2020-10-14;2461
2020-10-13;"Trnavský kraj";138;16;2;18;NA;90049;140;2020-10-13;2222
2020-10-12;"Trnavský kraj";33;41;1;42;NA;90049;34;2020-10-12;2082
2020-10-11;"Trnavský kraj";31;0;0;0;NA;90049;31;2020-10-11;2048
2020-10-10;"Trnavský kraj";128;0;0;0;NA;90049;128;2020-10-10;2017
2020-10-09;"Trnavský kraj";156;0;0;0;NA;90049;156;2020-10-09;1889
2020-10-08;"Trnavský kraj";153;0;0;0;NA;90049;153;2020-10-08;1733
2020-10-07;"Trnavský kraj";80;0;0;0;NA;90049;80;2020-10-07;1580
2020-10-06;"Trnavský kraj";112;0;0;0;NA;90049;112;2020-10-06;1500
2020-10-05;"Trnavský kraj";33;0;0;0;NA;90049;33;2020-10-05;1388
2020-10-04;"Trnavský kraj";44;0;0;0;NA;90049;44;2020-10-04;1355
2020-10-03;"Trnavský kraj";60;0;0;0;NA;90049;60;2020-10-03;1311
2020-10-02;"Trnavský kraj";41;0;0;0;NA;90049;41;2020-10-02;1251
2020-10-01;"Trnavský kraj";53;0;0;0;NA;90049;53;2020-10-01;1210
2020-09-30;"Trnavský kraj";91;0;0;0;NA;90049;91;2020-09-30;1157
2020-09-29;"Trnavský kraj";40;0;0;0;NA;90049;40;2020-09-29;1066
2020-09-28;"Trnavský kraj";69;0;0;0;NA;90049;69;2020-09-28;1026
2020-09-27;"Trnavský kraj";30;0;0;0;NA;90049;30;2020-09-27;957
2020-09-26;"Trnavský kraj";46;0;0;0;NA;90049;46;2020-09-26;927
2020-09-25;"Trnavský kraj";32;0;0;0;NA;90049;32;2020-09-25;881
2020-09-24;"Trnavský kraj";42;0;0;0;NA;90049;42;2020-09-24;849
2020-09-23;"Trnavský kraj";43;0;0;0;NA;90049;43;2020-09-23;807
2020-09-22;"Trnavský kraj";55;0;0;0;NA;90049;55;2020-09-22;764
2020-09-21;"Trnavský kraj";41;0;0;0;NA;90049;41;2020-09-21;709
2020-09-20;"Trnavský kraj";17;0;0;0;NA;90049;17;2020-09-20;668
2020-09-19;"Trnavský kraj";4;0;0;0;NA;90049;4;2020-09-19;651
2020-09-18;"Trnavský kraj";33;0;0;0;NA;90049;33;2020-09-18;647
2020-09-17;"Trnavský kraj";42;0;0;0;NA;90049;42;2020-09-17;614
2020-09-16;"Trnavský kraj";49;0;0;0;NA;90049;49;2020-09-16;572
2020-09-15;"Trnavský kraj";5;0;0;0;NA;90049;5;2020-09-15;523
2020-09-14;"Trnavský kraj";26;0;0;0;NA;90049;26;2020-09-14;518
2020-09-13;"Trnavský kraj";9;0;0;0;NA;90049;9;2020-09-13;492
2020-09-12;"Trnavský kraj";12;0;0;0;NA;90049;12;2020-09-12;483
2020-09-11;"Trnavský kraj";16;0;0;0;NA;90049;16;2020-09-11;471
2020-09-10;"Trnavský kraj";32;0;0;0;NA;90049;32;2020-09-10;455
2020-09-09;"Trnavský kraj";14;0;0;0;NA;90049;14;2020-09-09;423
2020-09-08;"Trnavský kraj";11;0;0;0;NA;90049;11;2020-09-08;409
2020-09-07;"Trnavský kraj";7;0;0;0;NA;90049;7;2020-09-07;398
2020-09-06;"Trnavský kraj";5;0;0;0;NA;90049;5;2020-09-06;391
2020-09-05;"Trnavský kraj";7;0;0;0;NA;90049;7;2020-09-05;386
2020-09-04;"Trnavský kraj";16;0;0;0;NA;90049;16;2020-09-04;379
2020-09-03;"Trnavský kraj";8;0;0;0;NA;90049;8;2020-09-03;363
2020-09-02;"Trnavský kraj";7;0;0;0;NA;90049;7;2020-09-02;355
2020-09-01;"Trnavský kraj";1;0;0;0;NA;90049;1;2020-09-01;348
2020-08-31;"Trnavský kraj";6;0;0;0;NA;90049;6;2020-08-31;347
2020-08-30;"Trnavský kraj";1;0;0;0;NA;90049;1;2020-08-30;341
2020-08-29;"Trnavský kraj";3;0;0;0;NA;90049;3;2020-08-29;340
2020-08-28;"Trnavský kraj";14;0;0;0;NA;90049;14;2020-08-28;337
2020-08-27;"Trnavský kraj";6;0;0;0;NA;90049;6;2020-08-27;323
2020-08-26;"Trnavský kraj";4;0;0;0;NA;90049;4;2020-08-26;317
2020-08-25;"Trnavský kraj";7;0;0;0;NA;90049;7;2020-08-25;313
2020-08-24;"Trnavský kraj";1;0;0;0;NA;90049;1;2020-08-24;306
2020-08-23;"Trnavský kraj";6;0;0;0;NA;90049;6;2020-08-23;305
2020-08-22;"Trnavský kraj";3;0;0;0;NA;90049;3;2020-08-22;299
2020-08-21;"Trnavský kraj";4;0;0;0;NA;90049;4;2020-08-21;296
2020-08-20;"Trnavský kraj";23;0;0;0;NA;90049;23;2020-08-20;292
2020-08-19;"Trnavský kraj";13;0;0;0;NA;90049;13;2020-08-19;269
2020-08-18;"Trnavský kraj";20;0;0;0;NA;90049;20;2020-08-18;256
2020-08-17;"Trnavský kraj";3;0;0;0;NA;90049;3;2020-08-17;236
2020-08-16;"Trnavský kraj";0;0;0;0;NA;90049;0;2020-08-16;233
2020-08-15;"Trnavský kraj";7;0;0;0;NA;90049;7;2020-08-15;233
2020-08-14;"Trnavský kraj";6;0;0;0;NA;90049;6;2020-08-14;226
2020-08-13;"Trnavský kraj";10;0;0;0;NA;90049;10;2020-08-13;220
2020-08-12;"Trnavský kraj";2;0;0;0;NA;90049;2;2020-08-12;210
2020-08-11;"Trnavský kraj";30;0;0;0;NA;90049;30;2020-08-11;208
2020-08-10;"Trnavský kraj";0;0;0;0;NA;90049;0;2020-08-10;178
2020-08-09;"Trnavský kraj";0;0;0;0;NA;90049;0;2020-08-09;178
2020-08-08;"Trnavský kraj";13;0;0;0;NA;90049;13;2020-08-08;178
2020-08-07;"Trnavský kraj";4;0;0;0;NA;90049;4;2020-08-07;165
2020-08-06;"Trnavský kraj";4;0;0;0;NA;90049;4;2020-08-06;161
2020-08-05;"Trnavský kraj";0;0;0;0;NA;90049;0;2020-08-05;157
2020-08-04;"Trnavský kraj";1;0;0;0;NA;90049;1;2020-08-04;157
2020-08-03;"Trnavský kraj";2;0;0;0;NA;90049;2;2020-08-03;156
2020-08-02;"Trnavský kraj";1;0;0;0;NA;90049;1;2020-08-02;154
2020-08-01;"Trnavský kraj";0;0;0;0;NA;90049;0;2020-08-01;153
2020-07-31;"Trnavský kraj";7;0;0;0;NA;90049;7;2020-07-31;153
2020-07-30;"Trnavský kraj";6;0;0;0;NA;90049;6;2020-07-30;146
2020-07-29;"Trnavský kraj";0;0;0;0;NA;90049;0;2020-07-29;140
2020-07-28;"Trnavský kraj";1;0;0;0;NA;90049;1;2020-07-28;140
2020-07-27;"Trnavský kraj";2;0;0;0;NA;90049;2;2020-07-27;139
2020-07-26;"Trnavský kraj";0;0;0;0;NA;90049;0;2020-07-26;137
2020-07-25;"Trnavský kraj";0;0;0;0;NA;90049;0;2020-07-25;137
2020-07-24;"Trnavský kraj";1;0;0;0;NA;90049;1;2020-07-24;137
2020-07-23;"Trnavský kraj";2;0;0;0;NA;90049;2;2020-07-23;136
2020-07-22;"Trnavský kraj";1;0;0;0;NA;90049;1;2020-07-22;134
2020-07-21;"Trnavský kraj";2;0;0;0;NA;90049;2;2020-07-21;133
2020-07-20;"Trnavský kraj";0;0;0;0;NA;90049;0;2020-07-20;131
2020-07-19;"Trnavský kraj";0;0;0;0;NA;90049;0;2020-07-19;131
2020-07-18;"Trnavský kraj";0;0;0;0;NA;90049;0;2020-07-18;131
2020-07-17;"Trnavský kraj";0;0;0;0;NA;90049;0;2020-07-17;131
2020-07-16;"Trnavský kraj";0;0;0;0;NA;90049;0;2020-07-16;131
2020-07-15;"Trnavský kraj";1;0;0;0;NA;90049;1;2020-07-15;131
2020-07-14;"Trnavský kraj";0;0;0;0;NA;90049;0;2020-07-14;130
2020-07-13;"Trnavský kraj";0;0;0;0;NA;90049;0;2020-07-13;130
2020-07-12;"Trnavský kraj";0;0;0;0;NA;90049;0;2020-07-12;130
2020-07-11;"Trnavský kraj";0;0;0;0;NA;90049;0;2020-07-11;130
2020-07-10;"Trnavský kraj";0;0;0;0;NA;90049;0;2020-07-10;130
2020-07-09;"Trnavský kraj";0;0;0;0;NA;90049;0;2020-07-09;130
2020-07-08;"Trnavský kraj";3;0;0;0;NA;90049;3;2020-07-08;130
2020-07-07;"Trnavský kraj";4;0;0;0;NA;90049;4;2020-07-07;127
2020-07-06;"Trnavský kraj";0;0;0;0;NA;90049;0;2020-07-06;123
2020-07-05;"Trnavský kraj";0;0;0;0;NA;90049;0;2020-07-05;123
2020-07-04;"Trnavský kraj";0;0;0;0;NA;90049;0;2020-07-04;123
2020-07-03;"Trnavský kraj";0;0;0;0;NA;90049;0;2020-07-03;123
2020-07-02;"Trnavský kraj";3;0;0;0;NA;90049;3;2020-07-02;123
2020-07-01;"Trnavský kraj";0;0;0;0;NA;90049;0;2020-07-01;120
2020-06-30;"Trnavský kraj";0;0;0;0;NA;90049;0;2020-06-30;120
2020-06-29;"Trnavský kraj";0;0;0;0;NA;90049;0;2020-06-29;120
2020-06-28;"Trnavský kraj";0;0;0;0;NA;90049;0;2020-06-28;120
2020-06-27;"Trnavský kraj";0;0;0;0;NA;90049;0;2020-06-27;120
2020-06-26;"Trnavský kraj";0;0;0;0;NA;90049;0;2020-06-26;120
2020-06-25;"Trnavský kraj";0;0;0;0;NA;90049;0;2020-06-25;120
2020-06-24;"Trnavský kraj";0;0;0;0;NA;90049;0;2020-06-24;120
2020-06-23;"Trnavský kraj";0;0;0;0;NA;90049;0;2020-06-23;120
2020-06-22;"Trnavský kraj";0;0;0;0;NA;90049;0;2020-06-22;120
2020-06-21;"Trnavský kraj";0;0;0;0;NA;90049;0;2020-06-21;120
2020-06-20;"Trnavský kraj";0;0;0;0;NA;90049;0;2020-06-20;120
2020-06-19;"Trnavský kraj";0;0;0;0;NA;90049;0;2020-06-19;120
2020-06-18;"Trnavský kraj";2;0;0;0;NA;90049;2;2020-06-18;120
2020-06-17;"Trnavský kraj";0;0;0;0;NA;90049;0;2020-06-17;118
2020-06-16;"Trnavský kraj";0;0;0;0;NA;90049;0;2020-06-16;118
2020-06-14;"Trnavský kraj";0;0;0;0;NA;90049;0;2020-06-14;118
2020-06-13;"Trnavský kraj";0;0;0;0;NA;90049;0;2020-06-13;118
2020-06-12;"Trnavský kraj";0;0;0;0;NA;90049;0;2020-06-12;118
2020-06-11;"Trnavský kraj";0;0;0;0;NA;90049;0;2020-06-11;118
2020-06-10;"Trnavský kraj";0;0;0;0;NA;90049;0;2020-06-10;118
2020-06-09;"Trnavský kraj";0;0;0;0;NA;90049;0;2020-06-09;118
2020-06-08;"Trnavský kraj";0;0;0;0;NA;90049;0;2020-06-08;118
2020-06-07;"Trnavský kraj";0;0;0;0;NA;90049;0;2020-06-07;118
2020-06-05;"Trnavský kraj";0;0;0;0;NA;90049;0;2020-06-05;118
2020-06-03;"Trnavský kraj";0;0;0;0;NA;90049;0;2020-06-03;118
2020-06-02;"Trnavský kraj";0;0;0;0;NA;90049;0;2020-06-02;118
2020-05-31;"Trnavský kraj";0;0;0;0;NA;90049;0;2020-05-31;118
2020-05-29;"Trnavský kraj";0;0;0;0;NA;90049;0;2020-05-29;118
2020-05-27;"Trnavský kraj";0;0;0;0;NA;90049;0;2020-05-27;118
2020-05-26;"Trnavský kraj";0;0;0;0;NA;90049;0;2020-05-26;118
2020-05-25;"Trnavský kraj";1;0;0;0;NA;90049;1;2020-05-25;118
2020-05-24;"Trnavský kraj";0;0;0;0;NA;90049;0;2020-05-24;117
2020-05-23;"Trnavský kraj";2;0;0;0;NA;90049;2;2020-05-23;117
2020-05-22;"Trnavský kraj";0;0;0;0;NA;90049;0;2020-05-22;115
2020-05-21;"Trnavský kraj";0;0;0;0;NA;90049;0;2020-05-21;115
2020-05-20;"Trnavský kraj";2;0;0;0;NA;90049;2;2020-05-20;115
2020-05-19;"Trnavský kraj";0;0;0;0;NA;90049;0;2020-05-19;113
2020-05-17;"Trnavský kraj";0;0;0;0;NA;90049;0;2020-05-17;113
2020-05-16;"Trnavský kraj";0;0;0;0;NA;90049;0;2020-05-16;113
2020-05-15;"Trnavský kraj";1;0;0;0;NA;90049;1;2020-05-15;113
2020-05-14;"Trnavský kraj";0;0;0;0;NA;90049;0;2020-05-14;112
2020-05-13;"Trnavský kraj";0;0;0;0;NA;90049;0;2020-05-13;112
2020-05-12;"Trnavský kraj";0;0;0;0;NA;90049;0;2020-05-12;112
2020-05-11;"Trnavský kraj";2;0;0;0;NA;90049;2;2020-05-11;112
2020-05-09;"Trnavský kraj";0;0;0;0;NA;90049;0;2020-05-09;110
2020-05-07;"Trnavský kraj";0;0;0;0;NA;90049;0;2020-05-07;110
2020-05-06;"Trnavský kraj";0;0;0;0;NA;90049;0;2020-05-06;110
2020-05-05;"Trnavský kraj";0;0;0;0;NA;90049;0;2020-05-05;110
2020-05-04;"Trnavský kraj";0;0;0;0;NA;90049;0;2020-05-04;110
2020-05-03;"Trnavský kraj";0;0;0;0;NA;90049;0;2020-05-03;110
2020-05-02;"Trnavský kraj";0;0;0;0;NA;90049;0;2020-05-02;110
2020-05-01;"Trnavský kraj";0;0;0;0;NA;90049;0;2020-05-01;110
2020-04-30;"Trnavský kraj";0;0;0;0;NA;90049;0;2020-04-30;110
2020-04-29;"Trnavský kraj";0;0;0;0;NA;90049;0;2020-04-29;110
2020-04-28;"Trnavský kraj";1;0;0;0;NA;90049;1;2020-04-28;110
2020-04-27;"Trnavský kraj";0;0;0;0;NA;90049;0;2020-04-27;109
2020-04-26;"Trnavský kraj";0;0;0;0;NA;90049;0;2020-04-26;109
2020-04-25;"Trnavský kraj";2;0;0;0;NA;90049;2;2020-04-25;109
2020-04-24;"Trnavský kraj";4;0;0;0;NA;90049;4;2020-04-24;107
2020-04-23;"Trnavský kraj";5;0;0;0;NA;90049;5;2020-04-23;103
2020-04-22;"Trnavský kraj";10;0;0;0;NA;90049;10;2020-04-22;98
2020-04-21;"Trnavský kraj";5;0;0;0;NA;90049;5;2020-04-21;88
2020-04-20;"Trnavský kraj";0;0;0;0;NA;90049;0;2020-04-20;83
2020-04-19;"Trnavský kraj";1;0;0;0;NA;90049;1;2020-04-19;83
2020-04-18;"Trnavský kraj";4;0;0;0;NA;90049;4;2020-04-18;82
2020-04-17;"Trnavský kraj";7;0;0;0;NA;90049;7;2020-04-17;78
2020-04-16;"Trnavský kraj";5;0;0;0;NA;90049;5;2020-04-16;71
2020-04-15;"Trnavský kraj";5;0;0;0;NA;90049;5;2020-04-15;66
2020-04-14;"Trnavský kraj";1;0;0;0;NA;90049;1;2020-04-14;61
2020-04-13;"Trnavský kraj";0;0;0;0;NA;90049;0;2020-04-13;60
2020-04-12;"Trnavský kraj";0;0;0;0;NA;90049;0;2020-04-12;60
2020-04-11;"Trnavský kraj";0;0;0;0;NA;90049;0;2020-04-11;60
2020-04-10;"Trnavský kraj";2;0;0;0;NA;90049;2;2020-04-10;60
2020-04-09;"Trnavský kraj";3;0;0;0;NA;90049;3;2020-04-09;58
2020-04-08;"Trnavský kraj";4;0;0;0;NA;90049;4;2020-04-08;55
2020-04-07;"Trnavský kraj";6;0;0;0;NA;90049;6;2020-04-07;51
2020-04-06;"Trnavský kraj";6;0;0;0;NA;90049;6;2020-04-06;45
2020-04-05;"Trnavský kraj";1;0;0;0;NA;90049;1;2020-04-05;39
2020-04-04;"Trnavský kraj";1;0;0;0;NA;90049;1;2020-04-04;38
2020-04-03;"Trnavský kraj";3;0;0;0;NA;90049;3;2020-04-03;37
2020-04-02;"Trnavský kraj";4;0;0;0;NA;90049;4;2020-04-02;34
2020-04-01;"Trnavský kraj";0;0;0;0;NA;90049;0;2020-04-01;30
2020-03-31;"Trnavský kraj";3;0;0;0;NA;90049;3;2020-03-31;30
2020-03-30;"Trnavský kraj";4;0;0;0;NA;90049;4;2020-03-30;27
2020-03-29;"Trnavský kraj";1;0;0;0;NA;90049;1;2020-03-29;23
2020-03-28;"Trnavský kraj";3;0;0;0;NA;90049;3;2020-03-28;22
2020-03-27;"Trnavský kraj";5;0;0;0;NA;90049;5;2020-03-27;19
2020-03-26;"Trnavský kraj";5;0;0;0;NA;90049;5;2020-03-26;14
2020-03-25;"Trnavský kraj";1;0;0;0;NA;90049;1;2020-03-25;9
2020-03-24;"Trnavský kraj";0;0;0;0;NA;90049;0;2020-03-24;8
2020-03-23;"Trnavský kraj";2;0;0;0;NA;90049;2;2020-03-23;8
2020-03-22;"Trnavský kraj";1;0;0;0;NA;90049;1;2020-03-22;6
2020-03-21;"Trnavský kraj";5;0;0;0;NA;90049;5;2020-03-21;5
2020-03-20;"Trnavský kraj";0;0;0;0;NA;90049;0;2020-03-20;0
2020-03-19;"Trnavský kraj";0;0;0;0;NA;90049;0;2020-03-19;0
2020-03-18;"Trnavský kraj";0;0;0;0;NA;90049;0;2020-03-18;0
2020-03-17;"Trnavský kraj";3;0;0;0;NA;90049;3;2020-03-17;0
2020-03-16;"Trnavský kraj";1;0;0;0;NA;90049;1;2020-03-16;-3
2020-03-15;"Trnavský kraj";0;0;0;0;NA;90049;0;2020-03-15;-4
2020-03-14;"Trnavský kraj";0;0;0;0;NA;90049;0;2020-03-14;-4
2020-03-13;"Trnavský kraj";1;0;0;0;NA;90049;1;2020-03-13;-4
2020-03-12;"Trnavský kraj";1;0;0;0;NA;90049;1;2020-03-12;-5
2020-03-11;"Trnavský kraj";0;0;0;0;NA;90049;0;2020-03-11;-6
2020-03-09;"Trnavský kraj";0;0;0;0;NA;90049;0;2020-03-09;-6
2020-03-08;"Trnavský kraj";0;0;0;0;NA;90049;0;2020-03-08;-6
2020-03-07;"Trnavský kraj";0;0;0;0;NA;90049;0;2020-03-07;-6
2020-03-06;"Trnavský kraj";0;0;0;0;NA;90049;0;2020-03-06;-6
2021-06-21;"Žilinský kraj";6;4264;7;4271;57915;108473;13;2021-06-21;108473
2021-06-20;"Žilinský kraj";1;5305;5;5310;NA;108473;6;2021-06-20;108460
2021-06-19;"Žilinský kraj";9;7183;2;7185;NA;108473;11;2021-06-19;108454
2021-06-18;"Žilinský kraj";11;9274;10;9284;NA;108473;21;2021-06-18;108443
2021-06-17;"Žilinský kraj";10;5326;11;5337;NA;108473;21;2021-06-17;108422
2021-06-16;"Žilinský kraj";17;5043;10;5053;NA;108473;27;2021-06-16;108401
2021-06-15;"Žilinský kraj";13;5546;12;5558;NA;108473;25;2021-06-15;108374
2021-06-14;"Žilinský kraj";10;6711;16;6727;NA;108473;26;2021-06-14;108349
2021-06-13;"Žilinský kraj";2;6051;7;6058;NA;108473;9;2021-06-13;108323
2021-06-12;"Žilinský kraj";9;7469;8;7477;NA;108473;17;2021-06-12;108314
2021-06-11;"Žilinský kraj";11;10370;12;10382;NA;108473;23;2021-06-11;108297
2021-06-10;"Žilinský kraj";14;6093;10;6103;NA;108473;24;2021-06-10;108274
2021-06-09;"Žilinský kraj";23;5222;10;5232;NA;108473;33;2021-06-09;108250
2021-06-08;"Žilinský kraj";18;6170;15;6185;NA;108473;33;2021-06-08;108217
2021-06-07;"Žilinský kraj";25;7659;21;7680;NA;108473;46;2021-06-07;108184
2021-06-06;"Žilinský kraj";10;7359;24;7383;NA;108473;34;2021-06-06;108138
2021-06-05;"Žilinský kraj";8;8035;9;8044;NA;108473;17;2021-06-05;108104
2021-06-04;"Žilinský kraj";19;11033;26;11059;NA;108473;45;2021-06-04;108087
2021-06-03;"Žilinský kraj";12;6094;30;6124;NA;108473;42;2021-06-03;108042
2021-06-02;"Žilinský kraj";17;6900;28;6928;NA;108473;45;2021-06-02;108000
2021-06-01;"Žilinský kraj";38;7591;39;7630;NA;108473;77;2021-06-01;107955
2021-05-31;"Žilinský kraj";31;8534;55;8589;NA;108473;86;2021-05-31;107878
2021-05-30;"Žilinský kraj";21;8533;30;8563;NA;108473;51;2021-05-30;107792
2021-05-29;"Žilinský kraj";13;9956;18;9974;NA;108473;31;2021-05-29;107741
2021-05-28;"Žilinský kraj";28;12113;30;12143;NA;108473;58;2021-05-28;107710
2021-05-27;"Žilinský kraj";17;8267;39;8306;NA;108473;56;2021-05-27;107652
2021-05-26;"Žilinský kraj";20;7324;21;7345;NA;108473;41;2021-05-26;107596
2021-05-25;"Žilinský kraj";21;9027;36;9063;NA;108473;57;2021-05-25;107555
2021-05-24;"Žilinský kraj";36;11437;57;11494;NA;108473;93;2021-05-24;107498
2021-05-23;"Žilinský kraj";4;10300;52;10352;NA;108473;56;2021-05-23;107405
2021-05-22;"Žilinský kraj";21;10580;26;10606;NA;108473;47;2021-05-22;107349
2021-05-21;"Žilinský kraj";28;14377;46;14423;NA;108473;74;2021-05-21;107302
2021-05-20;"Žilinský kraj";30;8544;30;8574;NA;108473;60;2021-05-20;107228
2021-05-19;"Žilinský kraj";46;8010;40;8050;NA;108473;86;2021-05-19;107168
2021-05-18;"Žilinský kraj";52;10365;43;10408;NA;108473;95;2021-05-18;107082
2021-05-17;"Žilinský kraj";51;11859;77;11936;NA;108473;128;2021-05-17;106987
2021-05-16;"Žilinský kraj";13;13429;37;13466;NA;108473;50;2021-05-16;106859
2021-05-15;"Žilinský kraj";30;16574;32;16606;NA;108473;62;2021-05-15;106809
2021-05-14;"Žilinský kraj";34;19200;72;19272;NA;108473;106;2021-05-14;106747
2021-05-13;"Žilinský kraj";64;11865;51;11916;NA;108473;115;2021-05-13;106641
2021-05-12;"Žilinský kraj";57;10337;51;10388;NA;108473;108;2021-05-12;106526
2021-05-11;"Žilinský kraj";70;11601;48;11649;NA;108473;118;2021-05-11;106418
2021-05-10;"Žilinský kraj";69;14664;70;14734;NA;108473;139;2021-05-10;106300
2021-05-09;"Žilinský kraj";58;19295;72;19367;NA;108473;130;2021-05-09;106161
2021-05-08;"Žilinský kraj";0;22132;58;22190;NA;108473;58;2021-05-08;106031
2021-05-07;"Žilinský kraj";65;23787;78;23865;NA;108473;143;2021-05-07;105973
2021-05-06;"Žilinský kraj";67;16605;72;16677;NA;108473;139;2021-05-06;105830
2021-05-05;"Žilinský kraj";71;12152;71;12223;NA;108473;142;2021-05-05;105691
2021-05-04;"Žilinský kraj";81;16309;79;16388;NA;108473;160;2021-05-04;105549
2021-05-03;"Žilinský kraj";97;19768;110;19878;NA;108473;207;2021-05-03;105389
2021-05-02;"Žilinský kraj";8;28886;64;28950;NA;108473;72;2021-05-02;105182
2021-05-01;"Žilinský kraj";65;54670;103;54773;NA;108473;168;2021-05-01;105110
2021-04-30;"Žilinský kraj";84;43812;117;43929;NA;108473;201;2021-04-30;104942
2021-04-29;"Žilinský kraj";77;24553;101;24654;NA;108473;178;2021-04-29;104741
2021-04-28;"Žilinský kraj";76;19205;91;19296;NA;108473;167;2021-04-28;104563
2021-04-27;"Žilinský kraj";97;21795;110;21905;NA;108473;207;2021-04-27;104396
2021-04-26;"Žilinský kraj";114;27412;136;27548;NA;108473;250;2021-04-26;104189
2021-04-25;"Žilinský kraj";38;35750;82;35832;NA;108473;120;2021-04-25;103939
2021-04-24;"Žilinský kraj";93;78854;157;79011;NA;108473;250;2021-04-24;103819
2021-04-23;"Žilinský kraj";144;49219;153;49372;NA;108473;297;2021-04-23;103569
2021-04-22;"Žilinský kraj";110;25209;132;25341;NA;108473;242;2021-04-22;103272
2021-04-21;"Žilinský kraj";118;20616;145;20761;NA;108473;263;2021-04-21;103030
2021-04-20;"Žilinský kraj";128;23778;136;23914;NA;108473;264;2021-04-20;102767
2021-04-19;"Žilinský kraj";164;32773;210;32983;NA;108473;374;2021-04-19;102503
2021-04-18;"Žilinský kraj";18;36767;91;36858;NA;108473;109;2021-04-18;102129
2021-04-17;"Žilinský kraj";108;89377;156;89533;NA;108473;264;2021-04-17;102020
2021-04-16;"Žilinský kraj";185;46876;207;47083;NA;108473;392;2021-04-16;101756
2021-04-15;"Žilinský kraj";108;24825;130;24955;NA;108473;238;2021-04-15;101364
2021-04-14;"Žilinský kraj";135;23108;145;23253;NA;108473;280;2021-04-14;101126
2021-04-13;"Žilinský kraj";171;25050;135;25185;NA;108473;306;2021-04-13;100846
2021-04-12;"Žilinský kraj";266;30726;189;30915;NA;108473;455;2021-04-12;100540
2021-04-11;"Žilinský kraj";19;37126;107;37233;NA;108473;126;2021-04-11;100085
2021-04-10;"Žilinský kraj";111;86284;237;86521;NA;108473;348;2021-04-10;99959
2021-04-09;"Žilinský kraj";195;41752;205;41957;NA;108473;400;2021-04-09;99611
2021-04-08;"Žilinský kraj";179;24382;141;24523;NA;108473;320;2021-04-08;99211
2021-04-07;"Žilinský kraj";309;28651;174;28825;NA;108473;483;2021-04-07;98891
2021-04-06;"Žilinský kraj";308;38818;294;39112;NA;108473;602;2021-04-06;98408
2021-04-05;"Žilinský kraj";17;14747;140;14887;NA;108473;157;2021-04-05;97806
2021-04-04;"Žilinský kraj";17;16284;69;16353;NA;108473;86;2021-04-04;97649
2021-04-03;"Žilinský kraj";180;100430;401;100831;NA;108473;581;2021-04-03;97563
2021-04-02;"Žilinský kraj";73;22411;83;22494;NA;108473;156;2021-04-02;96982
2021-04-01;"Žilinský kraj";334;43264;240;43504;NA;108473;574;2021-04-01;96826
2021-03-31;"Žilinský kraj";170;31632;247;31879;NA;108473;417;2021-03-31;96252
2021-03-30;"Žilinský kraj";406;26323;243;26566;NA;108473;649;2021-03-30;95835
2021-03-29;"Žilinský kraj";297;28022;268;28290;NA;108473;565;2021-03-29;95186
2021-03-28;"Žilinský kraj";21;36206;239;36445;NA;108473;260;2021-03-28;94621
2021-03-27;"Žilinský kraj";151;89107;353;89460;NA;108473;504;2021-03-27;94361
2021-03-26;"Žilinský kraj";312;51705;330;52035;NA;108473;642;2021-03-26;93857
2021-03-25;"Žilinský kraj";281;27620;214;27834;NA;108473;495;2021-03-25;93215
2021-03-24;"Žilinský kraj";280;21268;260;21528;NA;108473;540;2021-03-24;92720
2021-03-23;"Žilinský kraj";418;23187;278;23465;NA;108473;696;2021-03-23;92180
2021-03-22;"Žilinský kraj";293;29289;314;29603;NA;108473;607;2021-03-22;91484
2021-03-21;"Žilinský kraj";32;33705;227;33932;NA;108473;259;2021-03-21;90877
2021-03-20;"Žilinský kraj";165;93015;497;93512;NA;108473;662;2021-03-20;90618
2021-03-19;"Žilinský kraj";357;51982;413;52395;NA;108473;770;2021-03-19;89956
2021-03-18;"Žilinský kraj";329;28451;294;28745;NA;108473;623;2021-03-18;89186
2021-03-17;"Žilinský kraj";395;21916;269;22185;NA;108473;664;2021-03-17;88563
2021-03-16;"Žilinský kraj";514;24341;317;24658;NA;108473;831;2021-03-16;87899
2021-03-15;"Žilinský kraj";341;29607;419;30026;NA;108473;760;2021-03-15;87068
2021-03-14;"Žilinský kraj";87;34121;267;34388;NA;108473;354;2021-03-14;86308
2021-03-13;"Žilinský kraj";113;93386;581;93967;NA;108473;694;2021-03-13;85954
2021-03-12;"Žilinský kraj";520;52109;411;52520;NA;108473;931;2021-03-12;85260
2021-03-11;"Žilinský kraj";399;28189;302;28491;NA;108473;701;2021-03-11;84329
2021-03-10;"Žilinský kraj";368;22414;378;22792;NA;108473;746;2021-03-10;83628
2021-03-09;"Žilinský kraj";537;24857;316;25173;NA;108473;853;2021-03-09;82882
2021-03-08;"Žilinský kraj";387;30839;458;31297;NA;108473;845;2021-03-08;82029
2021-03-07;"Žilinský kraj";48;33469;290;33759;NA;108473;338;2021-03-07;81184
2021-03-06;"Žilinský kraj";173;92410;589;92999;NA;108473;762;2021-03-06;80846
2021-03-05;"Žilinský kraj";369;51748;483;52231;NA;108473;852;2021-03-05;80084
2021-03-04;"Žilinský kraj";467;30036;377;30413;NA;108473;844;2021-03-04;79232
2021-03-03;"Žilinský kraj";448;26261;394;26655;NA;108473;842;2021-03-03;78388
2021-03-02;"Žilinský kraj";551;25669;378;26047;NA;108473;929;2021-03-02;77546
2021-03-01;"Žilinský kraj";375;30493;441;30934;NA;108473;816;2021-03-01;76617
2021-02-28;"Žilinský kraj";61;34802;327;35129;NA;108473;388;2021-02-28;75801
2021-02-27;"Žilinský kraj";159;83781;639;84420;NA;108473;798;2021-02-27;75413
2021-02-26;"Žilinský kraj";459;47494;508;48002;NA;108473;967;2021-02-26;74615
2021-02-25;"Žilinský kraj";347;30879;393;31272;NA;108473;740;2021-02-25;73648
2021-02-24;"Žilinský kraj";339;18745;395;19140;NA;108473;734;2021-02-24;72908
2021-02-23;"Žilinský kraj";437;22418;418;22836;NA;108473;855;2021-02-23;72174
2021-02-22;"Žilinský kraj";345;29288;438;29726;NA;108473;783;2021-02-22;71319
2021-02-21;"Žilinský kraj";36;28686;322;29008;NA;108473;358;2021-02-21;70536
2021-02-20;"Žilinský kraj";152;89085;669;89754;NA;108473;821;2021-02-20;70178
2021-02-19;"Žilinský kraj";337;44806;415;45221;NA;108473;752;2021-02-19;69357
2021-02-18;"Žilinský kraj";263;24679;339;25018;NA;108473;602;2021-02-18;68605
2021-02-17;"Žilinský kraj";269;17932;355;18287;NA;108473;624;2021-02-17;68003
2021-02-16;"Žilinský kraj";321;24298;325;24623;NA;108473;646;2021-02-16;67379
2021-02-15;"Žilinský kraj";230;30420;311;30731;NA;108473;541;2021-02-15;66733
2021-02-14;"Žilinský kraj";30;28574;231;28805;NA;108473;261;2021-02-14;66192
2021-02-13;"Žilinský kraj";91;69659;454;70113;NA;108473;545;2021-02-13;65931
2021-02-12;"Žilinský kraj";242;42689;335;43024;NA;108473;577;2021-02-12;65386
2021-02-11;"Žilinský kraj";228;23521;300;23821;NA;108473;528;2021-02-11;64809
2021-02-10;"Žilinský kraj";259;17875;267;18142;NA;108473;526;2021-02-10;64281
2021-02-09;"Žilinský kraj";377;24784;274;25058;NA;108473;651;2021-02-09;63755
2021-02-08;"Žilinský kraj";160;41375;390;41765;NA;108473;550;2021-02-08;63104
2021-02-07;"Žilinský kraj";24;46446;252;46698;NA;108473;276;2021-02-07;62554
2021-02-06;"Žilinský kraj";71;72880;367;73247;NA;108473;438;2021-02-06;62278
2021-02-05;"Žilinský kraj";248;31868;323;32191;NA;108473;571;2021-02-05;61840
2021-02-04;"Žilinský kraj";238;13242;258;13500;NA;108473;496;2021-02-04;61269
2021-02-03;"Žilinský kraj";194;9187;255;9442;NA;108473;449;2021-02-03;60773
2021-02-02;"Žilinský kraj";216;9280;272;9552;NA;108473;488;2021-02-02;60324
2021-02-01;"Žilinský kraj";220;19688;370;20058;NA;108473;590;2021-02-01;59836
2021-01-31;"Žilinský kraj";11;2652;27;2679;NA;108473;38;2021-01-31;59246
2021-01-30;"Žilinský kraj";85;18447;187;18634;NA;108473;272;2021-01-30;59208
2021-01-29;"Žilinský kraj";209;22892;304;23196;NA;108473;513;2021-01-29;58936
2021-01-28;"Žilinský kraj";240;5623;174;5797;NA;108473;414;2021-01-28;58423
2021-01-27;"Žilinský kraj";256;7065;121;7186;NA;108473;377;2021-01-27;58009
2021-01-26;"Žilinský kraj";245;49441;346;49787;NA;108473;591;2021-01-26;57632
2021-01-25;"Žilinský kraj";159;21147;150;21297;NA;108473;309;2021-01-25;57041
2021-01-24;"Žilinský kraj";22;67309;305;67614;NA;108473;327;2021-01-24;56732
2021-01-23;"Žilinský kraj";91;90991;408;91399;NA;108473;499;2021-01-23;56405
2021-01-22;"Žilinský kraj";163;31997;239;32236;NA;108473;402;2021-01-22;55906
2021-01-21;"Žilinský kraj";116;19874;181;20055;NA;108473;297;2021-01-21;55504
2021-01-20;"Žilinský kraj";236;17089;165;17254;NA;108473;401;2021-01-20;55207
2021-01-19;"Žilinský kraj";245;15578;283;15861;NA;108473;528;2021-01-19;54806
2021-01-18;"Žilinský kraj";236;12506;327;12833;NA;108473;563;2021-01-18;54278
2021-01-17;"Žilinský kraj";95;147;8;155;NA;108473;103;2021-01-17;53715
2021-01-16;"Žilinský kraj";14;758;35;793;NA;108473;49;2021-01-16;53612
2021-01-15;"Žilinský kraj";248;7244;205;7449;NA;108473;453;2021-01-15;53563
2021-01-14;"Žilinský kraj";166;5572;248;5820;NA;108473;414;2021-01-14;53110
2021-01-13;"Žilinský kraj";247;11316;555;11871;NA;108473;802;2021-01-13;52696
2021-01-12;"Žilinský kraj";376;8754;413;9167;NA;108473;789;2021-01-12;51894
2021-01-11;"Žilinský kraj";351;10385;513;10898;NA;108473;864;2021-01-11;51105
2021-01-10;"Žilinský kraj";38;229;6;235;NA;108473;44;2021-01-10;50241
2021-01-09;"Žilinský kraj";192;1983;85;2068;NA;108473;277;2021-01-09;50197
2021-01-08;"Žilinský kraj";413;9245;497;9742;NA;108473;910;2021-01-08;49920
2021-01-07;"Žilinský kraj";438;23485;1881;25366;NA;108473;2319;2021-01-07;49010
2021-01-06;"Žilinský kraj";145;1412;96;1508;NA;108473;241;2021-01-06;46691
2021-01-05;"Žilinský kraj";717;10702;845;11547;NA;108473;1562;2021-01-05;46450
2021-01-04;"Žilinský kraj";479;9739;1012;10751;NA;108473;1491;2021-01-04;44888
2021-01-03;"Žilinský kraj";13;1006;107;1113;NA;108473;120;2021-01-03;43397
2021-01-02;"Žilinský kraj";98;789;91;880;NA;108473;189;2021-01-02;43277
2021-01-01;"Žilinský kraj";118;615;37;652;NA;108473;155;2021-01-01;43088
2020-12-31;"Žilinský kraj";395;10008;809;10817;NA;108473;1204;2020-12-31;42933
2020-12-30;"Žilinský kraj";1038;12030;849;12879;NA;108473;1887;2020-12-30;41729
2020-12-29;"Žilinský kraj";256;10584;1041;11625;NA;108473;1297;2020-12-29;39842
2020-12-28;"Žilinský kraj";406;11177;1048;12225;NA;108473;1454;2020-12-28;38545
2020-12-27;"Žilinský kraj";40;684;94;778;NA;108473;134;2020-12-27;37091
2020-12-26;"Žilinský kraj";135;593;48;641;NA;108473;183;2020-12-26;36957
2020-12-25;"Žilinský kraj";66;83;9;92;NA;108473;75;2020-12-25;36774
2020-12-24;"Žilinský kraj";643;1060;80;1140;NA;108473;723;2020-12-24;36699
2020-12-23;"Žilinský kraj";228;17281;1031;18312;NA;108473;1259;2020-12-23;35976
2020-12-22;"Žilinský kraj";519;13746;1031;14777;NA;108473;1550;2020-12-22;34717
2020-12-21;"Žilinský kraj";444;12608;1096;13704;NA;108473;1540;2020-12-21;33167
2020-12-20;"Žilinský kraj";36;598;80;678;NA;108473;116;2020-12-20;31627
2020-12-19;"Žilinský kraj";208;2076;145;2221;NA;108473;353;2020-12-19;31511
2020-12-18;"Žilinský kraj";333;6925;400;7325;NA;108473;733;2020-12-18;31158
2020-12-17;"Žilinský kraj";500;4243;279;4522;NA;108473;779;2020-12-17;30425
2020-12-16;"Žilinský kraj";333;3999;280;4279;NA;108473;613;2020-12-16;29646
2020-12-15;"Žilinský kraj";528;4139;378;4517;NA;108473;906;2020-12-15;29033
2020-12-14;"Žilinský kraj";321;4300;355;4655;NA;108473;676;2020-12-14;28127
2020-12-13;"Žilinský kraj";26;494;66;560;NA;108473;92;2020-12-13;27451
2020-12-12;"Žilinský kraj";95;1116;61;1177;NA;108473;156;2020-12-12;27359
2020-12-11;"Žilinský kraj";455;4507;269;4776;NA;108473;724;2020-12-11;27203
2020-12-10;"Žilinský kraj";166;9341;838;10179;NA;108473;1004;2020-12-10;26479
2020-12-09;"Žilinský kraj";392;2200;131;2331;NA;108473;523;2020-12-09;25475
2020-12-08;"Žilinský kraj";331;3248;123;3371;NA;108473;454;2020-12-08;24952
2020-12-07;"Žilinský kraj";348;2254;127;2381;NA;108473;475;2020-12-07;24498
2020-12-06;"Žilinský kraj";15;128;6;134;NA;108473;21;2020-12-06;24023
2020-12-05;"Žilinský kraj";98;1500;53;1553;NA;108473;151;2020-12-05;24002
2020-12-04;"Žilinský kraj";228;2891;122;3013;NA;108473;350;2020-12-04;23851
2020-12-03;"Žilinský kraj";237;1424;117;1541;NA;108473;354;2020-12-03;23501
2020-12-02;"Žilinský kraj";181;1396;69;1465;NA;108473;250;2020-12-02;23147
2020-12-01;"Žilinský kraj";209;6239;284;6523;NA;108473;493;2020-12-01;22897
2020-11-30;"Žilinský kraj";203;5326;305;5631;NA;108473;508;2020-11-30;22404
2020-11-29;"Žilinský kraj";18;81;7;88;NA;108473;25;2020-11-29;21896
2020-11-28;"Žilinský kraj";99;349;15;364;NA;108473;114;2020-11-28;21871
2020-11-27;"Žilinský kraj";218;904;46;950;NA;108473;264;2020-11-27;21757
2020-11-26;"Žilinský kraj";190;1041;54;1095;NA;108473;244;2020-11-26;21493
2020-11-25;"Žilinský kraj";225;1217;49;1266;NA;108473;274;2020-11-25;21249
2020-11-24;"Žilinský kraj";213;2139;67;2206;NA;108473;280;2020-11-24;20975
2020-11-23;"Žilinský kraj";170;759;44;803;NA;108473;214;2020-11-23;20695
2020-11-22;"Žilinský kraj";11;67;2;69;NA;108473;13;2020-11-22;20481
2020-11-21;"Žilinský kraj";61;505;20;525;NA;108473;81;2020-11-21;20468
2020-11-20;"Žilinský kraj";251;1074;45;1119;NA;108473;296;2020-11-20;20387
2020-11-19;"Žilinský kraj";252;752;61;813;NA;108473;313;2020-11-19;20091
2020-11-18;"Žilinský kraj";346;348;15;363;NA;108473;361;2020-11-18;19778
2020-11-17;"Žilinský kraj";123;490;15;505;NA;108473;138;2020-11-17;19417
2020-11-16;"Žilinský kraj";227;247;15;262;NA;108473;242;2020-11-16;19279
2020-11-15;"Žilinský kraj";63;13;0;13;NA;108473;63;2020-11-15;19037
2020-11-14;"Žilinský kraj";189;1038;11;1049;NA;108473;200;2020-11-14;18974
2020-11-13;"Žilinský kraj";181;125;9;134;NA;108473;190;2020-11-13;18774
2020-11-12;"Žilinský kraj";334;79;2;81;NA;108473;336;2020-11-12;18584
2020-11-11;"Žilinský kraj";489;147;10;157;NA;108473;499;2020-11-11;18248
2020-11-10;"Žilinský kraj";374;519;9;528;NA;108473;383;2020-11-10;17749
2020-11-09;"Žilinský kraj";143;2335;30;2365;NA;108473;173;2020-11-09;17366
2020-11-08;"Žilinský kraj";59;2538;37;2575;NA;108473;96;2020-11-08;17193
2020-11-07;"Žilinský kraj";312;8175;88;8263;NA;108473;400;2020-11-07;17097
2020-11-06;"Žilinský kraj";503;4090;38;4128;NA;108473;541;2020-11-06;16697
2020-11-05;"Žilinský kraj";473;64;4;68;NA;108473;477;2020-11-05;16156
2020-11-04;"Žilinský kraj";423;178;10;188;NA;108473;433;2020-11-04;15679
2020-11-03;"Žilinský kraj";688;889;16;905;NA;108473;704;2020-11-03;15246
2020-11-02;"Žilinský kraj";472;1043;39;1082;NA;108473;511;2020-11-02;14542
2020-11-01;"Žilinský kraj";349;5096;130;5226;NA;108473;479;2020-11-01;14031
2020-10-31;"Žilinský kraj";661;7963;203;8166;NA;108473;864;2020-10-31;13552
2020-10-30;"Žilinský kraj";529;2575;61;2636;NA;108473;590;2020-10-30;12688
2020-10-29;"Žilinský kraj";740;503;17;520;NA;108473;757;2020-10-29;12098
2020-10-28;"Žilinský kraj";635;105;11;116;NA;108473;646;2020-10-28;11341
2020-10-27;"Žilinský kraj";355;154;24;178;NA;108473;379;2020-10-27;10695
2020-10-26;"Žilinský kraj";148;117;28;145;NA;108473;176;2020-10-26;10316
2020-10-25;"Žilinský kraj";436;0;0;0;NA;108473;436;2020-10-25;10140
2020-10-24;"Žilinský kraj";803;0;0;0;NA;108473;803;2020-10-24;9704
2020-10-23;"Žilinský kraj";659;102;13;115;NA;108473;672;2020-10-23;8901
2020-10-22;"Žilinský kraj";525;33;3;36;NA;108473;528;2020-10-22;8229
2020-10-21;"Žilinský kraj";478;74;14;88;NA;108473;492;2020-10-21;7701
2020-10-20;"Žilinský kraj";524;127;8;135;NA;108473;532;2020-10-20;7209
2020-10-19;"Žilinský kraj";70;80;12;92;NA;108473;82;2020-10-19;6677
2020-10-18;"Žilinský kraj";159;0;0;0;NA;108473;159;2020-10-18;6595
2020-10-17;"Žilinský kraj";509;0;0;0;NA;108473;509;2020-10-17;6436
2020-10-16;"Žilinský kraj";603;51;9;60;NA;108473;612;2020-10-16;5927
2020-10-15;"Žilinský kraj";679;61;3;64;NA;108473;682;2020-10-15;5315
2020-10-14;"Žilinský kraj";523;269;6;275;NA;108473;529;2020-10-14;4633
2020-10-13;"Žilinský kraj";367;458;40;498;NA;108473;407;2020-10-13;4104
2020-10-12;"Žilinský kraj";62;0;0;0;NA;108473;62;2020-10-12;3697
2020-10-11;"Žilinský kraj";50;0;0;0;NA;108473;50;2020-10-11;3635
2020-10-10;"Žilinský kraj";213;0;0;0;NA;108473;213;2020-10-10;3585
2020-10-09;"Žilinský kraj";543;0;0;0;NA;108473;543;2020-10-09;3372
2020-10-08;"Žilinský kraj";238;0;0;0;NA;108473;238;2020-10-08;2829
2020-10-07;"Žilinský kraj";168;0;0;0;NA;108473;168;2020-10-07;2591
2020-10-06;"Žilinský kraj";233;0;0;0;NA;108473;233;2020-10-06;2423
2020-10-05;"Žilinský kraj";33;0;0;0;NA;108473;33;2020-10-05;2190
2020-10-04;"Žilinský kraj";35;0;0;0;NA;108473;35;2020-10-04;2157
2020-10-03;"Žilinský kraj";155;0;0;0;NA;108473;155;2020-10-03;2122
2020-10-02;"Žilinský kraj";105;0;0;0;NA;108473;105;2020-10-02;1967
2020-10-01;"Žilinský kraj";147;0;0;0;NA;108473;147;2020-10-01;1862
2020-09-30;"Žilinský kraj";163;0;0;0;NA;108473;163;2020-09-30;1715
2020-09-29;"Žilinský kraj";105;0;0;0;NA;108473;105;2020-09-29;1552
2020-09-28;"Žilinský kraj";34;0;0;0;NA;108473;34;2020-09-28;1447
2020-09-27;"Žilinský kraj";108;0;0;0;NA;108473;108;2020-09-27;1413
2020-09-26;"Žilinský kraj";96;0;0;0;NA;108473;96;2020-09-26;1305
2020-09-25;"Žilinský kraj";69;0;0;0;NA;108473;69;2020-09-25;1209
2020-09-24;"Žilinský kraj";100;0;0;0;NA;108473;100;2020-09-24;1140
2020-09-23;"Žilinský kraj";65;0;0;0;NA;108473;65;2020-09-23;1040
2020-09-22;"Žilinský kraj";65;0;0;0;NA;108473;65;2020-09-22;975
2020-09-21;"Žilinský kraj";47;0;0;0;NA;108473;47;2020-09-21;910
2020-09-20;"Žilinský kraj";4;0;0;0;NA;108473;4;2020-09-20;863
2020-09-19;"Žilinský kraj";6;0;0;0;NA;108473;6;2020-09-19;859
2020-09-18;"Žilinský kraj";82;0;0;0;NA;108473;82;2020-09-18;853
2020-09-17;"Žilinský kraj";30;0;0;0;NA;108473;30;2020-09-17;771
2020-09-16;"Žilinský kraj";34;0;0;0;NA;108473;34;2020-09-16;741
2020-09-15;"Žilinský kraj";12;0;0;0;NA;108473;12;2020-09-15;707
2020-09-14;"Žilinský kraj";39;0;0;0;NA;108473;39;2020-09-14;695
2020-09-13;"Žilinský kraj";6;0;0;0;NA;108473;6;2020-09-13;656
2020-09-12;"Žilinský kraj";4;0;0;0;NA;108473;4;2020-09-12;650
2020-09-11;"Žilinský kraj";31;0;0;0;NA;108473;31;2020-09-11;646
2020-09-10;"Žilinský kraj";31;0;0;0;NA;108473;31;2020-09-10;615
2020-09-09;"Žilinský kraj";23;0;0;0;NA;108473;23;2020-09-09;584
2020-09-08;"Žilinský kraj";25;0;0;0;NA;108473;25;2020-09-08;561
2020-09-07;"Žilinský kraj";11;0;0;0;NA;108473;11;2020-09-07;536
2020-09-06;"Žilinský kraj";0;0;0;0;NA;108473;0;2020-09-06;525
2020-09-05;"Žilinský kraj";2;0;0;0;NA;108473;2;2020-09-05;525
2020-09-04;"Žilinský kraj";33;0;0;0;NA;108473;33;2020-09-04;523
2020-09-03;"Žilinský kraj";18;0;0;0;NA;108473;18;2020-09-03;490
2020-09-02;"Žilinský kraj";16;0;0;0;NA;108473;16;2020-09-02;472
2020-09-01;"Žilinský kraj";4;0;0;0;NA;108473;4;2020-09-01;456
2020-08-31;"Žilinský kraj";5;0;0;0;NA;108473;5;2020-08-31;452
2020-08-30;"Žilinský kraj";3;0;0;0;NA;108473;3;2020-08-30;447
2020-08-29;"Žilinský kraj";5;0;0;0;NA;108473;5;2020-08-29;444
2020-08-28;"Žilinský kraj";13;0;0;0;NA;108473;13;2020-08-28;439
2020-08-27;"Žilinský kraj";18;0;0;0;NA;108473;18;2020-08-27;426
2020-08-26;"Žilinský kraj";8;0;0;0;NA;108473;8;2020-08-26;408
2020-08-25;"Žilinský kraj";2;0;0;0;NA;108473;2;2020-08-25;400
2020-08-24;"Žilinský kraj";5;0;0;0;NA;108473;5;2020-08-24;398
2020-08-23;"Žilinský kraj";0;0;0;0;NA;108473;0;2020-08-23;393
2020-08-22;"Žilinský kraj";0;0;0;0;NA;108473;0;2020-08-22;393
2020-08-21;"Žilinský kraj";10;0;0;0;NA;108473;10;2020-08-21;393
2020-08-20;"Žilinský kraj";13;0;0;0;NA;108473;13;2020-08-20;383
2020-08-19;"Žilinský kraj";7;0;0;0;NA;108473;7;2020-08-19;370
2020-08-18;"Žilinský kraj";9;0;0;0;NA;108473;9;2020-08-18;363
2020-08-17;"Žilinský kraj";1;0;0;0;NA;108473;1;2020-08-17;354
2020-08-16;"Žilinský kraj";0;0;0;0;NA;108473;0;2020-08-16;353
2020-08-15;"Žilinský kraj";0;0;0;0;NA;108473;0;2020-08-15;353
2020-08-14;"Žilinský kraj";4;0;0;0;NA;108473;4;2020-08-14;353
2020-08-13;"Žilinský kraj";2;0;0;0;NA;108473;2;2020-08-13;349
2020-08-12;"Žilinský kraj";0;0;0;0;NA;108473;0;2020-08-12;347
2020-08-11;"Žilinský kraj";4;0;0;0;NA;108473;4;2020-08-11;347
2020-08-10;"Žilinský kraj";1;0;0;0;NA;108473;1;2020-08-10;343
2020-08-09;"Žilinský kraj";0;0;0;0;NA;108473;0;2020-08-09;342
2020-08-08;"Žilinský kraj";3;0;0;0;NA;108473;3;2020-08-08;342
2020-08-07;"Žilinský kraj";8;0;0;0;NA;108473;8;2020-08-07;339
2020-08-06;"Žilinský kraj";1;0;0;0;NA;108473;1;2020-08-06;331
2020-08-05;"Žilinský kraj";1;0;0;0;NA;108473;1;2020-08-05;330
2020-08-04;"Žilinský kraj";2;0;0;0;NA;108473;2;2020-08-04;329
2020-08-03;"Žilinský kraj";0;0;0;0;NA;108473;0;2020-08-03;327
2020-08-02;"Žilinský kraj";1;0;0;0;NA;108473;1;2020-08-02;327
2020-08-01;"Žilinský kraj";0;0;0;0;NA;108473;0;2020-08-01;326
2020-07-31;"Žilinský kraj";4;0;0;0;NA;108473;4;2020-07-31;326
2020-07-30;"Žilinský kraj";2;0;0;0;NA;108473;2;2020-07-30;322
2020-07-29;"Žilinský kraj";2;0;0;0;NA;108473;2;2020-07-29;320
2020-07-28;"Žilinský kraj";4;0;0;0;NA;108473;4;2020-07-28;318
2020-07-27;"Žilinský kraj";6;0;0;0;NA;108473;6;2020-07-27;314
2020-07-26;"Žilinský kraj";0;0;0;0;NA;108473;0;2020-07-26;308
2020-07-25;"Žilinský kraj";0;0;0;0;NA;108473;0;2020-07-25;308
2020-07-24;"Žilinský kraj";2;0;0;0;NA;108473;2;2020-07-24;308
2020-07-23;"Žilinský kraj";0;0;0;0;NA;108473;0;2020-07-23;306
2020-07-22;"Žilinský kraj";1;0;0;0;NA;108473;1;2020-07-22;306
2020-07-21;"Žilinský kraj";2;0;0;0;NA;108473;2;2020-07-21;305
2020-07-20;"Žilinský kraj";3;0;0;0;NA;108473;3;2020-07-20;303
2020-07-19;"Žilinský kraj";0;0;0;0;NA;108473;0;2020-07-19;300
2020-07-18;"Žilinský kraj";0;0;0;0;NA;108473;0;2020-07-18;300
2020-07-17;"Žilinský kraj";2;0;0;0;NA;108473;2;2020-07-17;300
2020-07-16;"Žilinský kraj";2;0;0;0;NA;108473;2;2020-07-16;298
2020-07-15;"Žilinský kraj";2;0;0;0;NA;108473;2;2020-07-15;296
2020-07-14;"Žilinský kraj";1;0;0;0;NA;108473;1;2020-07-14;294
2020-07-13;"Žilinský kraj";0;0;0;0;NA;108473;0;2020-07-13;293
2020-07-12;"Žilinský kraj";0;0;0;0;NA;108473;0;2020-07-12;293
2020-07-11;"Žilinský kraj";2;0;0;0;NA;108473;2;2020-07-11;293
2020-07-10;"Žilinský kraj";3;0;0;0;NA;108473;3;2020-07-10;291
2020-07-09;"Žilinský kraj";2;0;0;0;NA;108473;2;2020-07-09;288
2020-07-08;"Žilinský kraj";10;0;0;0;NA;108473;10;2020-07-08;286
2020-07-07;"Žilinský kraj";7;0;0;0;NA;108473;7;2020-07-07;276
2020-07-06;"Žilinský kraj";0;0;0;0;NA;108473;0;2020-07-06;269
2020-07-05;"Žilinský kraj";0;0;0;0;NA;108473;0;2020-07-05;269
2020-07-04;"Žilinský kraj";10;0;0;0;NA;108473;10;2020-07-04;269
2020-07-03;"Žilinský kraj";18;0;0;0;NA;108473;18;2020-07-03;259
2020-07-02;"Žilinský kraj";7;0;0;0;NA;108473;7;2020-07-02;241
2020-07-01;"Žilinský kraj";0;0;0;0;NA;108473;0;2020-07-01;234
2020-06-30;"Žilinský kraj";4;0;0;0;NA;108473;4;2020-06-30;234
2020-06-29;"Žilinský kraj";0;0;0;0;NA;108473;0;2020-06-29;230
2020-06-28;"Žilinský kraj";1;0;0;0;NA;108473;1;2020-06-28;230
2020-06-27;"Žilinský kraj";3;0;0;0;NA;108473;3;2020-06-27;229
2020-06-26;"Žilinský kraj";5;0;0;0;NA;108473;5;2020-06-26;226
2020-06-25;"Žilinský kraj";7;0;0;0;NA;108473;7;2020-06-25;221
2020-06-24;"Žilinský kraj";11;0;0;0;NA;108473;11;2020-06-24;214
2020-06-23;"Žilinský kraj";9;0;0;0;NA;108473;9;2020-06-23;203
2020-06-22;"Žilinský kraj";0;0;0;0;NA;108473;0;2020-06-22;194
2020-06-21;"Žilinský kraj";1;0;0;0;NA;108473;1;2020-06-21;194
2020-06-20;"Žilinský kraj";1;0;0;0;NA;108473;1;2020-06-20;193
2020-06-19;"Žilinský kraj";4;0;0;0;NA;108473;4;2020-06-19;192
2020-06-18;"Žilinský kraj";1;0;0;0;NA;108473;1;2020-06-18;188
2020-06-17;"Žilinský kraj";0;0;0;0;NA;108473;0;2020-06-17;187
2020-06-16;"Žilinský kraj";1;0;0;0;NA;108473;1;2020-06-16;187
2020-06-14;"Žilinský kraj";0;0;0;0;NA;108473;0;2020-06-14;186
2020-06-13;"Žilinský kraj";0;0;0;0;NA;108473;0;2020-06-13;186
2020-06-12;"Žilinský kraj";0;0;0;0;NA;108473;0;2020-06-12;186
2020-06-11;"Žilinský kraj";0;0;0;0;NA;108473;0;2020-06-11;186
2020-06-10;"Žilinský kraj";0;0;0;0;NA;108473;0;2020-06-10;186
2020-06-09;"Žilinský kraj";1;0;0;0;NA;108473;1;2020-06-09;186
2020-06-08;"Žilinský kraj";0;0;0;0;NA;108473;0;2020-06-08;185
2020-06-07;"Žilinský kraj";0;0;0;0;NA;108473;0;2020-06-07;185
2020-06-05;"Žilinský kraj";0;0;0;0;NA;108473;0;2020-06-05;185
2020-06-03;"Žilinský kraj";0;0;0;0;NA;108473;0;2020-06-03;185
2020-06-02;"Žilinský kraj";0;0;0;0;NA;108473;0;2020-06-02;185
2020-05-31;"Žilinský kraj";0;0;0;0;NA;108473;0;2020-05-31;185
2020-05-29;"Žilinský kraj";0;0;0;0;NA;108473;0;2020-05-29;185
2020-05-27;"Žilinský kraj";1;0;0;0;NA;108473;1;2020-05-27;185
2020-05-26;"Žilinský kraj";1;0;0;0;NA;108473;1;2020-05-26;184
2020-05-25;"Žilinský kraj";0;0;0;0;NA;108473;0;2020-05-25;183
2020-05-24;"Žilinský kraj";0;0;0;0;NA;108473;0;2020-05-24;183
2020-05-23;"Žilinský kraj";0;0;0;0;NA;108473;0;2020-05-23;183
2020-05-22;"Žilinský kraj";0;0;0;0;NA;108473;0;2020-05-22;183
2020-05-21;"Žilinský kraj";0;0;0;0;NA;108473;0;2020-05-21;183
2020-05-20;"Žilinský kraj";0;0;0;0;NA;108473;0;2020-05-20;183
2020-05-19;"Žilinský kraj";1;0;0;0;NA;108473;1;2020-05-19;183
2020-05-17;"Žilinský kraj";0;0;0;0;NA;108473;0;2020-05-17;182
2020-05-16;"Žilinský kraj";0;0;0;0;NA;108473;0;2020-05-16;182
2020-05-15;"Žilinský kraj";0;0;0;0;NA;108473;0;2020-05-15;182
2020-05-14;"Žilinský kraj";0;0;0;0;NA;108473;0;2020-05-14;182
2020-05-13;"Žilinský kraj";0;0;0;0;NA;108473;0;2020-05-13;182
2020-05-12;"Žilinský kraj";0;0;0;0;NA;108473;0;2020-05-12;182
2020-05-11;"Žilinský kraj";0;0;0;0;NA;108473;0;2020-05-11;182
2020-05-09;"Žilinský kraj";0;0;0;0;NA;108473;0;2020-05-09;182
2020-05-07;"Žilinský kraj";0;0;0;0;NA;108473;0;2020-05-07;182
2020-05-06;"Žilinský kraj";2;0;0;0;NA;108473;2;2020-05-06;182
2020-05-05;"Žilinský kraj";3;0;0;0;NA;108473;3;2020-05-05;180
2020-05-04;"Žilinský kraj";3;0;0;0;NA;108473;3;2020-05-04;177
2020-05-03;"Žilinský kraj";1;0;0;0;NA;108473;1;2020-05-03;174
2020-05-02;"Žilinský kraj";0;0;0;0;NA;108473;0;2020-05-02;173
2020-05-01;"Žilinský kraj";1;0;0;0;NA;108473;1;2020-05-01;173
2020-04-30;"Žilinský kraj";0;0;0;0;NA;108473;0;2020-04-30;172
2020-04-29;"Žilinský kraj";0;0;0;0;NA;108473;0;2020-04-29;172
2020-04-28;"Žilinský kraj";0;0;0;0;NA;108473;0;2020-04-28;172
2020-04-27;"Žilinský kraj";0;0;0;0;NA;108473;0;2020-04-27;172
2020-04-26;"Žilinský kraj";0;0;0;0;NA;108473;0;2020-04-26;172
2020-04-25;"Žilinský kraj";2;0;0;0;NA;108473;2;2020-04-25;172
2020-04-24;"Žilinský kraj";1;0;0;0;NA;108473;1;2020-04-24;170
2020-04-23;"Žilinský kraj";2;0;0;0;NA;108473;2;2020-04-23;169
2020-04-22;"Žilinský kraj";9;0;0;0;NA;108473;9;2020-04-22;167
2020-04-21;"Žilinský kraj";1;0;0;0;NA;108473;1;2020-04-21;158
2020-04-20;"Žilinský kraj";4;0;0;0;NA;108473;4;2020-04-20;157
2020-04-19;"Žilinský kraj";0;0;0;0;NA;108473;0;2020-04-19;153
2020-04-18;"Žilinský kraj";49;0;0;0;NA;108473;49;2020-04-18;153
2020-04-17;"Žilinský kraj";3;0;0;0;NA;108473;3;2020-04-17;104
2020-04-16;"Žilinský kraj";4;0;0;0;NA;108473;4;2020-04-16;101
2020-04-15;"Žilinský kraj";7;0;0;0;NA;108473;7;2020-04-15;97
2020-04-14;"Žilinský kraj";1;0;0;0;NA;108473;1;2020-04-14;90
2020-04-13;"Žilinský kraj";2;0;0;0;NA;108473;2;2020-04-13;89
2020-04-12;"Žilinský kraj";5;0;0;0;NA;108473;5;2020-04-12;87
2020-04-11;"Žilinský kraj";2;0;0;0;NA;108473;2;2020-04-11;82
2020-04-10;"Žilinský kraj";1;0;0;0;NA;108473;1;2020-04-10;80
2020-04-09;"Žilinský kraj";1;0;0;0;NA;108473;1;2020-04-09;79
2020-04-08;"Žilinský kraj";3;0;0;0;NA;108473;3;2020-04-08;78
2020-04-07;"Žilinský kraj";5;0;0;0;NA;108473;5;2020-04-07;75
2020-04-06;"Žilinský kraj";6;0;0;0;NA;108473;6;2020-04-06;70
2020-04-05;"Žilinský kraj";8;0;0;0;NA;108473;8;2020-04-05;64
2020-04-04;"Žilinský kraj";0;0;0;0;NA;108473;0;2020-04-04;56
2020-04-03;"Žilinský kraj";3;0;0;0;NA;108473;3;2020-04-03;56
2020-04-02;"Žilinský kraj";5;0;0;0;NA;108473;5;2020-04-02;53
2020-04-01;"Žilinský kraj";4;0;0;0;NA;108473;4;2020-04-01;48
2020-03-31;"Žilinský kraj";1;0;0;0;NA;108473;1;2020-03-31;44
2020-03-30;"Žilinský kraj";3;0;0;0;NA;108473;3;2020-03-30;43
2020-03-29;"Žilinský kraj";0;0;0;0;NA;108473;0;2020-03-29;40
2020-03-28;"Žilinský kraj";1;0;0;0;NA;108473;1;2020-03-28;40
2020-03-27;"Žilinský kraj";9;0;0;0;NA;108473;9;2020-03-27;39
2020-03-26;"Žilinský kraj";4;0;0;0;NA;108473;4;2020-03-26;30
2020-03-25;"Žilinský kraj";1;0;0;0;NA;108473;1;2020-03-25;26
2020-03-24;"Žilinský kraj";2;0;0;0;NA;108473;2;2020-03-24;25
2020-03-23;"Žilinský kraj";3;0;0;0;NA;108473;3;2020-03-23;23
2020-03-22;"Žilinský kraj";1;0;0;0;NA;108473;1;2020-03-22;20
2020-03-21;"Žilinský kraj";2;0;0;0;NA;108473;2;2020-03-21;19
2020-03-20;"Žilinský kraj";4;0;0;0;NA;108473;4;2020-03-20;17
2020-03-19;"Žilinský kraj";2;0;0;0;NA;108473;2;2020-03-19;13
2020-03-18;"Žilinský kraj";1;0;0;0;NA;108473;1;2020-03-18;11
2020-03-17;"Žilinský kraj";5;0;0;0;NA;108473;5;2020-03-17;10
2020-03-16;"Žilinský kraj";1;0;0;0;NA;108473;1;2020-03-16;5
2020-03-15;"Žilinský kraj";2;0;0;0;NA;108473;2;2020-03-15;4
2020-03-14;"Žilinský kraj";1;0;0;0;NA;108473;1;2020-03-14;2
2020-03-13;"Žilinský kraj";5;0;0;0;NA;108473;5;2020-03-13;1
2020-03-12;"Žilinský kraj";1;0;0;0;NA;108473;1;2020-03-12;-4
2020-03-11;"Žilinský kraj";0;0;0;0;NA;108473;0;2020-03-11;-5
2020-03-09;"Žilinský kraj";1;0;0;0;NA;108473;1;2020-03-09;-5
2020-03-08;"Žilinský kraj";0;0;0;0;NA;108473;0;2020-03-08;-6
2020-03-07;"Žilinský kraj";0;0;0;0;NA;108473;0;2020-03-07;-6
2020-03-06;"Žilinský kraj";0;0;0;0;NA;108473;0;2020-03-06;-6
