"Datum";"Region";"PCR_Pos";"Ag_Neg";"Ag_Pos";"Total";"Pocet.potvrdenych";"Potvrdenych";"newcases";"date";"positive"
2021-02-12;"Banskobystrický kraj";312;32317;474;32791;NA;23715;786;2021-02-12;23715
2021-02-11;"Banskobystrický kraj";305;20822;365;21187;NA;23715;670;2021-02-11;22929
2021-02-10;"Banskobystrický kraj";333;12366;295;12661;NA;23715;628;2021-02-10;22259
2021-02-09;"Banskobystrický kraj";329;17291;326;17617;NA;23715;655;2021-02-09;21631
2021-02-08;"Banskobystrický kraj";103;40940;589;41529;NA;23715;692;2021-02-08;20976
2021-02-07;"Banskobystrický kraj";70;23173;137;23310;NA;23715;207;2021-02-07;20284
2021-02-06;"Banskobystrický kraj";178;62777;545;63322;NA;23715;723;2021-02-06;20077
2021-02-05;"Banskobystrický kraj";282;23552;358;23910;NA;23715;640;2021-02-05;19354
2021-02-04;"Banskobystrický kraj";240;13170;413;13583;NA;23715;653;2021-02-04;18714
2021-02-03;"Banskobystrický kraj";350;9060;243;9303;NA;23715;593;2021-02-03;18061
2021-02-02;"Banskobystrický kraj";277;14663;319;14982;NA;23715;596;2021-02-02;17468
2021-02-01;"Banskobystrický kraj";75;19039;379;19418;NA;23715;454;2021-02-01;16872
2021-01-31;"Banskobystrický kraj";34;24501;219;24720;NA;23715;253;2021-01-31;16418
2021-01-30;"Banskobystrický kraj";163;45964;379;46343;NA;23715;542;2021-01-30;16165
2021-01-29;"Banskobystrický kraj";130;15194;237;15431;NA;23715;367;2021-01-29;15623
2021-01-28;"Banskobystrický kraj";218;13804;342;14146;NA;23715;560;2021-01-28;15256
2021-01-27;"Banskobystrický kraj";191;10631;197;10828;NA;23715;388;2021-01-27;14696
2021-01-26;"Banskobystrický kraj";238;19673;288;19961;NA;23715;526;2021-01-26;14308
2021-01-25;"Banskobystrický kraj";82;31377;369;31746;NA;23715;451;2021-01-25;13782
2021-01-24;"Banskobystrický kraj";38;29267;239;29506;NA;23715;277;2021-01-24;13331
2021-01-23;"Banskobystrický kraj";142;83491;503;83994;NA;23715;645;2021-01-23;13054
2021-01-22;"Banskobystrický kraj";175;26799;341;27140;NA;23715;516;2021-01-22;12409
2021-01-21;"Banskobystrický kraj";194;16009;351;16360;NA;23715;545;2021-01-21;11893
2021-01-20;"Banskobystrický kraj";231;8860;186;9046;NA;23715;417;2021-01-20;11348
2021-01-19;"Banskobystrický kraj";213;10646;321;10967;NA;23715;534;2021-01-19;10931
2021-01-18;"Banskobystrický kraj";94;5171;277;5448;NA;23715;371;2021-01-18;10397
2021-01-17;"Banskobystrický kraj";110;8150;77;8227;NA;23715;187;2021-01-17;10026
2021-01-16;"Banskobystrický kraj";58;1873;56;1929;NA;23715;114;2021-01-16;9839
2021-01-15;"Banskobystrický kraj";164;6312;203;6515;NA;23715;367;2021-01-15;9725
2021-01-14;"Banskobystrický kraj";220;5443;320;5763;NA;23715;540;2021-01-14;9358
2021-01-13;"Banskobystrický kraj";235;5560;191;5751;NA;23715;426;2021-01-13;8818
2021-01-12;"Banskobystrický kraj";194;6298;287;6585;NA;23715;481;2021-01-12;8392
2021-01-11;"Banskobystrický kraj";76;7034;411;7445;NA;23715;487;2021-01-11;7911
2021-01-10;"Banskobystrický kraj";110;102;4;106;NA;23715;114;2021-01-10;7424
2021-01-09;"Banskobystrický kraj";297;2728;107;2835;NA;23715;404;2021-01-09;7310
2021-01-08;"Banskobystrický kraj";435;8076;383;8459;NA;23715;818;2021-01-08;6906
2021-01-07;"Banskobystrický kraj";127;4037;260;4297;NA;23715;387;2021-01-07;6088
2021-01-06;"Banskobystrický kraj";305;3369;210;3579;NA;23715;515;2021-01-06;5701
2021-01-05;"Banskobystrický kraj";372;6380;480;6860;NA;23715;852;2021-01-05;5186
2021-01-04;"Banskobystrický kraj";130;5762;571;6333;NA;23715;701;2021-01-04;4334
2021-01-03;"Banskobystrický kraj";199;162;13;175;NA;23715;212;2021-01-03;3633
2021-01-02;"Banskobystrický kraj";123;583;83;666;NA;23715;206;2021-01-02;3421
2021-01-01;"Banskobystrický kraj";220;2015;135;2150;NA;23715;355;2021-01-01;3215
2020-12-31;"Banskobystrický kraj";499;6743;719;7462;NA;23715;1218;2020-12-31;2860
2020-12-30;"Banskobystrický kraj";593;7409;550;7959;NA;23715;1143;2020-12-30;1642
2020-12-29;"Banskobystrický kraj";240;7590;738;8328;NA;23715;978;2020-12-29;499
2020-12-28;"Banskobystrický kraj";131;5575;674;6249;NA;23715;805;2020-12-28;-479
2020-12-27;"Banskobystrický kraj";116;496;25;521;NA;23715;141;2020-12-27;-1284
2020-12-26;"Banskobystrický kraj";61;259;32;291;NA;23715;93;2020-12-26;-1425
2020-12-25;"Banskobystrický kraj";65;229;6;235;NA;23715;71;2020-12-25;-1518
2020-12-24;"Banskobystrický kraj";452;3674;135;3809;NA;23715;587;2020-12-24;-1589
2020-12-23;"Banskobystrický kraj";368;9849;507;10356;NA;23715;875;2020-12-23;-2176
2020-12-22;"Banskobystrický kraj";307;8300;624;8924;NA;23715;931;2020-12-22;-3051
2020-12-21;"Banskobystrický kraj";286;4898;448;5346;NA;23715;734;2020-12-21;-3982
2020-12-20;"Banskobystrický kraj";155;99;14;113;NA;23715;169;2020-12-20;-4716
2020-12-19;"Banskobystrický kraj";170;2918;135;3053;NA;23715;305;2020-12-19;-4885
2020-12-18;"Banskobystrický kraj";432;6454;414;6868;NA;23715;846;2020-12-18;-5190
2020-12-17;"Banskobystrický kraj";468;8474;772;9246;NA;23715;1240;2020-12-17;-6036
2020-12-16;"Banskobystrický kraj";379;10080;557;10637;NA;23715;936;2020-12-16;-7276
2020-12-15;"Banskobystrický kraj";336;5318;430;5748;NA;23715;766;2020-12-15;-8212
2020-12-14;"Banskobystrický kraj";148;3733;259;3992;NA;23715;407;2020-12-14;-8978
2020-12-13;"Banskobystrický kraj";122;19;1;20;NA;23715;123;2020-12-13;-9385
2020-12-12;"Banskobystrický kraj";137;2594;138;2732;NA;23715;275;2020-12-12;-9508
2020-12-11;"Banskobystrický kraj";468;6443;374;6817;NA;23715;842;2020-12-11;-9783
2020-12-10;"Banskobystrický kraj";280;5027;351;5378;NA;23715;631;2020-12-10;-10625
2020-12-09;"Banskobystrický kraj";323;3707;212;3919;NA;23715;535;2020-12-09;-11256
2020-12-08;"Banskobystrický kraj";256;3667;276;3943;NA;23715;532;2020-12-08;-11791
2020-12-07;"Banskobystrický kraj";175;2006;140;2146;NA;23715;315;2020-12-07;-12323
2020-12-06;"Banskobystrický kraj";121;359;9;368;NA;23715;130;2020-12-06;-12638
2020-12-05;"Banskobystrický kraj";109;952;33;985;NA;23715;142;2020-12-05;-12768
2020-12-04;"Banskobystrický kraj";339;3723;174;3897;NA;23715;513;2020-12-04;-12910
2020-12-03;"Banskobystrický kraj";240;2913;227;3140;NA;23715;467;2020-12-03;-13423
2020-12-02;"Banskobystrický kraj";217;4292;186;4478;NA;23715;403;2020-12-02;-13890
2020-12-01;"Banskobystrický kraj";215;2619;134;2753;NA;23715;349;2020-12-01;-14293
2020-11-30;"Banskobystrický kraj";75;3761;226;3987;NA;23715;301;2020-11-30;-14642
2020-11-29;"Banskobystrický kraj";19;80;3;83;NA;23715;22;2020-11-29;-14943
2020-11-28;"Banskobystrický kraj";81;1279;48;1327;NA;23715;129;2020-11-28;-14965
2020-11-27;"Banskobystrický kraj";219;1930;120;2050;NA;23715;339;2020-11-27;-15094
2020-11-26;"Banskobystrický kraj";209;1855;91;1946;NA;23715;300;2020-11-26;-15433
2020-11-25;"Banskobystrický kraj";170;1760;84;1844;NA;23715;254;2020-11-25;-15733
2020-11-24;"Banskobystrický kraj";166;2262;67;2329;NA;23715;233;2020-11-24;-15987
2020-11-23;"Banskobystrický kraj";66;9948;191;10139;NA;23715;257;2020-11-23;-16220
2020-11-22;"Banskobystrický kraj";38;72;1;73;NA;23715;39;2020-11-22;-16477
2020-11-21;"Banskobystrický kraj";52;885;14;899;NA;23715;66;2020-11-21;-16516
2020-11-20;"Banskobystrický kraj";127;1872;105;1977;NA;23715;232;2020-11-20;-16582
2020-11-19;"Banskobystrický kraj";170;1112;82;1194;NA;23715;252;2020-11-19;-16814
2020-11-18;"Banskobystrický kraj";153;587;62;649;NA;23715;215;2020-11-18;-17066
2020-11-17;"Banskobystrický kraj";52;578;35;613;NA;23715;87;2020-11-17;-17281
2020-11-16;"Banskobystrický kraj";106;351;22;373;NA;23715;128;2020-11-16;-17368
2020-11-15;"Banskobystrický kraj";52;64;2;66;NA;23715;54;2020-11-15;-17496
2020-11-14;"Banskobystrický kraj";73;305;2;307;NA;23715;75;2020-11-14;-17550
2020-11-13;"Banskobystrický kraj";157;552;11;563;NA;23715;168;2020-11-13;-17625
2020-11-12;"Banskobystrický kraj";218;952;44;996;NA;23715;262;2020-11-12;-17793
2020-11-11;"Banskobystrický kraj";224;437;9;446;NA;23715;233;2020-11-11;-18055
2020-11-10;"Banskobystrický kraj";263;463;18;481;NA;23715;281;2020-11-10;-18288
2020-11-09;"Banskobystrický kraj";80;2678;31;2709;NA;23715;111;2020-11-09;-18569
2020-11-08;"Banskobystrický kraj";82;783;16;799;NA;23715;98;2020-11-08;-18680
2020-11-07;"Banskobystrický kraj";164;8828;94;8922;NA;23715;258;2020-11-07;-18778
2020-11-06;"Banskobystrický kraj";227;2496;16;2512;NA;23715;243;2020-11-06;-19036
2020-11-05;"Banskobystrický kraj";240;263;33;296;NA;23715;273;2020-11-05;-19279
2020-11-04;"Banskobystrický kraj";254;1366;13;1379;NA;23715;267;2020-11-04;-19552
2020-11-03;"Banskobystrický kraj";246;1332;4;1336;NA;23715;250;2020-11-03;-19819
2020-11-02;"Banskobystrický kraj";90;2247;65;2312;NA;23715;155;2020-11-02;-20069
2020-11-01;"Banskobystrický kraj";101;2671;42;2713;NA;23715;143;2020-11-01;-20224
2020-10-31;"Banskobystrický kraj";198;13516;116;13632;NA;23715;314;2020-10-31;-20367
2020-10-30;"Banskobystrický kraj";254;2829;20;2849;NA;23715;274;2020-10-30;-20681
2020-10-29;"Banskobystrický kraj";372;969;42;1011;NA;23715;414;2020-10-29;-20955
2020-10-28;"Banskobystrický kraj";285;302;30;332;NA;23715;315;2020-10-28;-21369
2020-10-27;"Banskobystrický kraj";266;654;40;694;NA;23715;306;2020-10-27;-21684
2020-10-26;"Banskobystrický kraj";38;232;29;261;NA;23715;67;2020-10-26;-21990
2020-10-25;"Banskobystrický kraj";50;140;11;151;NA;23715;61;2020-10-25;-22057
2020-10-24;"Banskobystrický kraj";315;114;12;126;NA;23715;327;2020-10-24;-22118
2020-10-23;"Banskobystrický kraj";231;230;29;259;NA;23715;260;2020-10-23;-22445
2020-10-22;"Banskobystrický kraj";264;253;24;277;NA;23715;288;2020-10-22;-22705
2020-10-21;"Banskobystrický kraj";209;266;3;269;NA;23715;212;2020-10-21;-22993
2020-10-20;"Banskobystrický kraj";210;66;3;69;NA;23715;213;2020-10-20;-23205
2020-10-19;"Banskobystrický kraj";27;71;12;83;NA;23715;39;2020-10-19;-23418
2020-10-18;"Banskobystrický kraj";49;0;0;0;NA;23715;49;2020-10-18;-23457
2020-10-17;"Banskobystrický kraj";91;0;0;0;NA;23715;91;2020-10-17;-23506
2020-10-16;"Banskobystrický kraj";224;37;3;40;NA;23715;227;2020-10-16;-23597
2020-10-15;"Banskobystrický kraj";133;29;1;30;NA;23715;134;2020-10-15;-23824
2020-10-14;"Banskobystrický kraj";139;31;1;32;NA;23715;140;2020-10-14;-23958
2020-10-13;"Banskobystrický kraj";151;169;11;180;NA;23715;162;2020-10-13;-24098
2020-10-12;"Banskobystrický kraj";11;13;0;13;NA;23715;11;2020-10-12;-24260
2020-10-11;"Banskobystrický kraj";14;0;0;0;NA;23715;14;2020-10-11;-24271
2020-10-10;"Banskobystrický kraj";53;0;0;0;NA;23715;53;2020-10-10;-24285
2020-10-09;"Banskobystrický kraj";128;0;0;0;NA;23715;128;2020-10-09;-24338
2020-10-08;"Banskobystrický kraj";99;0;0;0;NA;23715;99;2020-10-08;-24466
2020-10-07;"Banskobystrický kraj";124;0;0;0;NA;23715;124;2020-10-07;-24565
2020-10-06;"Banskobystrický kraj";68;0;0;0;NA;23715;68;2020-10-06;-24689
2020-10-05;"Banskobystrický kraj";49;0;0;0;NA;23715;49;2020-10-05;-24757
2020-10-04;"Banskobystrický kraj";8;0;0;0;NA;23715;8;2020-10-04;-24806
2020-10-03;"Banskobystrický kraj";37;0;0;0;NA;23715;37;2020-10-03;-24814
2020-10-02;"Banskobystrický kraj";74;0;0;0;NA;23715;74;2020-10-02;-24851
2020-10-01;"Banskobystrický kraj";49;0;0;0;NA;23715;49;2020-10-01;-24925
2020-09-30;"Banskobystrický kraj";60;0;0;0;NA;23715;60;2020-09-30;-24974
2020-09-29;"Banskobystrický kraj";24;0;0;0;NA;23715;24;2020-09-29;-25034
2020-09-27;"Banskobystrický kraj";20;0;0;0;NA;23715;20;2020-09-27;-25058
2020-09-26;"Banskobystrický kraj";24;0;0;0;NA;23715;24;2020-09-26;-25078
2020-09-25;"Banskobystrický kraj";29;0;0;0;NA;23715;29;2020-09-25;-25102
2020-09-24;"Banskobystrický kraj";25;0;0;0;NA;23715;25;2020-09-24;-25131
2020-09-23;"Banskobystrický kraj";17;0;0;0;NA;23715;17;2020-09-23;-25156
2020-09-22;"Banskobystrický kraj";25;0;0;0;NA;23715;25;2020-09-22;-25173
2020-09-21;"Banskobystrický kraj";3;0;0;0;NA;23715;3;2020-09-21;-25198
2020-09-19;"Banskobystrický kraj";3;0;0;0;NA;23715;3;2020-09-19;-25201
2020-09-18;"Banskobystrický kraj";24;0;0;0;NA;23715;24;2020-09-18;-25204
2020-09-17;"Banskobystrický kraj";14;0;0;0;NA;23715;14;2020-09-17;-25228
2020-09-16;"Banskobystrický kraj";6;0;0;0;NA;23715;6;2020-09-16;-25242
2020-09-15;"Banskobystrický kraj";2;0;0;0;NA;23715;2;2020-09-15;-25248
2020-09-14;"Banskobystrický kraj";13;0;0;0;NA;23715;13;2020-09-14;-25250
2020-09-13;"Banskobystrický kraj";1;0;0;0;NA;23715;1;2020-09-13;-25263
2020-09-12;"Banskobystrický kraj";5;0;0;0;NA;23715;5;2020-09-12;-25264
2020-09-11;"Banskobystrický kraj";19;0;0;0;NA;23715;19;2020-09-11;-25269
2020-09-10;"Banskobystrický kraj";11;0;0;0;NA;23715;11;2020-09-10;-25288
2020-09-09;"Banskobystrický kraj";13;0;0;0;NA;23715;13;2020-09-09;-25299
2020-09-08;"Banskobystrický kraj";5;0;0;0;NA;23715;5;2020-09-08;-25312
2020-09-07;"Banskobystrický kraj";2;0;0;0;NA;23715;2;2020-09-07;-25317
2020-09-04;"Banskobystrický kraj";9;0;0;0;NA;23715;9;2020-09-04;-25319
2020-09-03;"Banskobystrický kraj";5;0;0;0;NA;23715;5;2020-09-03;-25328
2021-02-12;"Bratislavský kraj";282;23150;207;23357;NA;26548;489;2021-02-12;26548
2021-02-11;"Bratislavský kraj";337;19997;326;20323;NA;26548;663;2021-02-11;26059
2021-02-10;"Bratislavský kraj";314;18681;293;18974;NA;26548;607;2021-02-10;25396
2021-02-09;"Bratislavský kraj";287;30484;367;30851;NA;26548;654;2021-02-09;24789
2021-02-08;"Bratislavský kraj";484;32293;365;32658;NA;26548;849;2021-02-08;24135
2021-02-07;"Bratislavský kraj";243;45172;375;45547;NA;26548;618;2021-02-07;23286
2021-02-06;"Bratislavský kraj";116;55088;452;55540;NA;26548;568;2021-02-06;22668
2021-02-05;"Bratislavský kraj";327;22688;315;23003;NA;26548;642;2021-02-05;22100
2021-02-04;"Bratislavský kraj";555;13936;308;14244;NA;26548;863;2021-02-04;21458
2021-02-03;"Bratislavský kraj";161;11210;284;11494;NA;26548;445;2021-02-03;20595
2021-02-02;"Bratislavský kraj";397;26016;382;26398;NA;26548;779;2021-02-02;20150
2021-02-01;"Bratislavský kraj";221;37524;473;37997;NA;26548;694;2021-02-01;19371
2021-01-31;"Bratislavský kraj";180;32363;373;32736;NA;26548;553;2021-01-31;18677
2021-01-30;"Bratislavský kraj";310;35327;376;35703;NA;26548;686;2021-01-30;18124
2021-01-29;"Bratislavský kraj";82;14562;323;14885;NA;26548;405;2021-01-29;17438
2021-01-28;"Bratislavský kraj";307;10148;289;10437;NA;26548;596;2021-01-28;17033
2021-01-27;"Bratislavský kraj";336;22701;348;23049;NA;26548;684;2021-01-27;16437
2021-01-26;"Bratislavský kraj";297;22244;294;22538;NA;26548;591;2021-01-26;15753
2021-01-25;"Bratislavský kraj";356;24117;270;24387;NA;26548;626;2021-01-25;15162
2021-01-24;"Bratislavský kraj";175;33003;325;33328;NA;26548;500;2021-01-24;14536
2021-01-23;"Bratislavský kraj";396;70462;599;71061;NA;26548;995;2021-01-23;14036
2021-01-22;"Bratislavský kraj";199;39241;341;39582;NA;26548;540;2021-01-22;13041
2021-01-21;"Bratislavský kraj";255;103730;1292;105022;NA;26548;1547;2021-01-21;12501
2021-01-20;"Bratislavský kraj";360;26722;453;27175;NA;26548;813;2021-01-20;10954
2021-01-19;"Bratislavský kraj";375;13352;328;13680;NA;26548;703;2021-01-19;10141
2021-01-18;"Bratislavský kraj";357;11645;706;12351;NA;26548;1063;2021-01-18;9438
2021-01-17;"Bratislavský kraj";244;286;26;312;NA;26548;270;2021-01-17;8375
2021-01-16;"Bratislavský kraj";70;2749;156;2905;NA;26548;226;2021-01-16;8105
2021-01-15;"Bratislavský kraj";251;7632;254;7886;NA;26548;505;2021-01-15;7879
2021-01-14;"Bratislavský kraj";363;8078;273;8351;NA;26548;636;2021-01-14;7374
2021-01-13;"Bratislavský kraj";336;7886;328;8214;NA;26548;664;2021-01-13;6738
2021-01-12;"Bratislavský kraj";450;9435;463;9898;NA;26548;913;2021-01-12;6074
2021-01-11;"Bratislavský kraj";397;18828;376;19204;NA;26548;773;2021-01-11;5161
2021-01-10;"Bratislavský kraj";252;1341;79;1420;NA;26548;331;2021-01-10;4388
2021-01-09;"Bratislavský kraj";351;4946;291;5237;NA;26548;642;2021-01-09;4057
2021-01-08;"Bratislavský kraj";556;8833;425;9258;NA;26548;981;2021-01-08;3415
2021-01-07;"Bratislavský kraj";537;6855;398;7253;NA;26548;935;2021-01-07;2434
2021-01-06;"Bratislavský kraj";271;3018;216;3234;NA;26548;487;2021-01-06;1499
2021-01-05;"Bratislavský kraj";619;11367;832;12199;NA;26548;1451;2021-01-05;1012
2021-01-04;"Bratislavský kraj";601;7142;598;7740;NA;26548;1199;2021-01-04;-439
2021-01-03;"Bratislavský kraj";77;389;41;430;NA;26548;118;2021-01-03;-1638
2021-01-02;"Bratislavský kraj";185;370;56;426;NA;26548;241;2021-01-02;-1756
2021-01-01;"Bratislavský kraj";235;3143;130;3273;NA;26548;365;2021-01-01;-1997
2020-12-31;"Bratislavský kraj";925;13824;590;14414;NA;26548;1515;2020-12-31;-2362
2020-12-30;"Bratislavský kraj";650;9195;519;9714;NA;26548;1169;2020-12-30;-3877
2020-12-29;"Bratislavský kraj";303;10109;772;10881;NA;26548;1075;2020-12-29;-5046
2020-12-28;"Bratislavský kraj";255;7608;559;8167;NA;26548;814;2020-12-28;-6121
2020-12-27;"Bratislavský kraj";160;646;76;722;NA;26548;236;2020-12-27;-6935
2020-12-26;"Bratislavský kraj";75;416;23;439;NA;26548;98;2020-12-26;-7171
2020-12-25;"Bratislavský kraj";114;460;38;498;NA;26548;152;2020-12-25;-7269
2020-12-24;"Bratislavský kraj";536;3373;102;3475;NA;26548;638;2020-12-24;-7421
2020-12-23;"Bratislavský kraj";416;12814;491;13305;NA;26548;907;2020-12-23;-8059
2020-12-22;"Bratislavský kraj";327;14940;762;15702;NA;26548;1089;2020-12-22;-8966
2020-12-21;"Bratislavský kraj";392;14755;1998;16753;NA;26548;2390;2020-12-21;-10055
2020-12-20;"Bratislavský kraj";180;634;54;688;NA;26548;234;2020-12-20;-12445
2020-12-19;"Bratislavský kraj";396;3150;129;3279;NA;26548;525;2020-12-19;-12679
2020-12-18;"Bratislavský kraj";306;10477;413;10890;NA;26548;719;2020-12-18;-13204
2020-12-17;"Bratislavský kraj";502;9964;403;10367;NA;26548;905;2020-12-17;-13923
2020-12-16;"Bratislavský kraj";282;10408;456;10864;NA;26548;738;2020-12-16;-14828
2020-12-15;"Bratislavský kraj";423;10682;488;11170;NA;26548;911;2020-12-15;-15566
2020-12-14;"Bratislavský kraj";279;6549;306;6855;NA;26548;585;2020-12-14;-16477
2020-12-13;"Bratislavský kraj";125;108;7;115;NA;26548;132;2020-12-13;-17062
2020-12-12;"Bratislavský kraj";361;3734;157;3891;NA;26548;518;2020-12-12;-17194
2020-12-11;"Bratislavský kraj";326;6967;302;7269;NA;26548;628;2020-12-11;-17712
2020-12-10;"Bratislavský kraj";286;5088;222;5310;NA;26548;508;2020-12-10;-18340
2020-12-09;"Bratislavský kraj";382;4778;188;4966;NA;26548;570;2020-12-09;-18848
2020-12-08;"Bratislavský kraj";234;5427;197;5624;NA;26548;431;2020-12-08;-19418
2020-12-07;"Bratislavský kraj";272;4345;168;4513;NA;26548;440;2020-12-07;-19849
2020-12-06;"Bratislavský kraj";61;1584;52;1636;NA;26548;113;2020-12-06;-20289
2020-12-05;"Bratislavský kraj";266;2134;40;2174;NA;26548;306;2020-12-05;-20402
2020-12-04;"Bratislavský kraj";200;4511;104;4615;NA;26548;304;2020-12-04;-20708
2020-12-03;"Bratislavský kraj";213;5036;102;5138;NA;26548;315;2020-12-03;-21012
2020-12-02;"Bratislavský kraj";204;2452;135;2587;NA;26548;339;2020-12-02;-21327
2020-12-01;"Bratislavský kraj";255;3305;168;3473;NA;26548;423;2020-12-01;-21666
2020-11-30;"Bratislavský kraj";152;2061;123;2184;NA;26548;275;2020-11-30;-22089
2020-11-29;"Bratislavský kraj";52;41;21;62;NA;26548;73;2020-11-29;-22364
2020-11-28;"Bratislavský kraj";232;1983;21;2004;NA;26548;253;2020-11-28;-22437
2020-11-27;"Bratislavský kraj";54;1198;29;1227;NA;26548;83;2020-11-27;-22690
2020-11-26;"Bratislavský kraj";129;1114;25;1139;NA;26548;154;2020-11-26;-22773
2020-11-25;"Bratislavský kraj";140;1133;31;1164;NA;26548;171;2020-11-25;-22927
2020-11-24;"Bratislavský kraj";81;2988;67;3055;NA;26548;148;2020-11-24;-23098
2020-11-23;"Bratislavský kraj";67;405;13;418;NA;26548;80;2020-11-23;-23246
2020-11-22;"Bratislavský kraj";36;81;7;88;NA;26548;43;2020-11-22;-23326
2020-11-21;"Bratislavský kraj";109;2126;47;2173;NA;26548;156;2020-11-21;-23369
2020-11-20;"Bratislavský kraj";118;2869;48;2917;NA;26548;166;2020-11-20;-23525
2020-11-19;"Bratislavský kraj";173;987;29;1016;NA;26548;202;2020-11-19;-23691
2020-11-18;"Bratislavský kraj";118;616;75;691;NA;26548;193;2020-11-18;-23893
2020-11-17;"Bratislavský kraj";108;928;23;951;NA;26548;131;2020-11-17;-24086
2020-11-16;"Bratislavský kraj";82;651;9;660;NA;26548;91;2020-11-16;-24217
2020-11-15;"Bratislavský kraj";47;236;0;236;NA;26548;47;2020-11-15;-24308
2020-11-14;"Bratislavský kraj";53;1834;15;1849;NA;26548;68;2020-11-14;-24355
2020-11-13;"Bratislavský kraj";94;2096;21;2117;NA;26548;115;2020-11-13;-24423
2020-11-12;"Bratislavský kraj";141;1727;6;1733;NA;26548;147;2020-11-12;-24538
2020-11-11;"Bratislavský kraj";159;1429;12;1441;NA;26548;171;2020-11-11;-24685
2020-11-10;"Bratislavský kraj";136;805;14;819;NA;26548;150;2020-11-10;-24856
2020-11-09;"Bratislavský kraj";70;466;1;467;NA;26548;71;2020-11-09;-25006
2020-11-08;"Bratislavský kraj";82;869;6;875;NA;26548;88;2020-11-08;-25077
2020-11-07;"Bratislavský kraj";88;4039;17;4056;NA;26548;105;2020-11-07;-25165
2020-11-06;"Bratislavský kraj";281;6441;25;6466;NA;26548;306;2020-11-06;-25270
2020-11-05;"Bratislavský kraj";175;476;11;487;NA;26548;186;2020-11-05;-25576
2020-11-04;"Bratislavský kraj";65;411;10;421;NA;26548;75;2020-11-04;-25762
2020-11-03;"Bratislavský kraj";251;944;5;949;NA;26548;256;2020-11-03;-25837
2020-11-02;"Bratislavský kraj";202;3365;22;3387;NA;26548;224;2020-11-02;-26093
2020-11-01;"Bratislavský kraj";227;8694;39;8733;NA;26548;266;2020-11-01;-26317
2020-10-31;"Bratislavský kraj";173;22407;123;22530;NA;26548;296;2020-10-31;-26583
2020-10-30;"Bratislavský kraj";158;17350;138;17488;NA;26548;296;2020-10-30;-26879
2020-10-29;"Bratislavský kraj";262;116;4;120;NA;26548;266;2020-10-29;-27175
2020-10-28;"Bratislavský kraj";220;260;15;275;NA;26548;235;2020-10-28;-27441
2020-10-27;"Bratislavský kraj";256;145;4;149;NA;26548;260;2020-10-27;-27676
2020-10-26;"Bratislavský kraj";123;229;11;240;NA;26548;134;2020-10-26;-27936
2020-10-25;"Bratislavský kraj";152;33;2;35;NA;26548;154;2020-10-25;-28070
2020-10-24;"Bratislavský kraj";170;221;6;227;NA;26548;176;2020-10-24;-28224
2020-10-23;"Bratislavský kraj";151;144;8;152;NA;26548;159;2020-10-23;-28400
2020-10-22;"Bratislavský kraj";192;204;15;219;NA;26548;207;2020-10-22;-28559
2020-10-21;"Bratislavský kraj";66;90;6;96;NA;26548;72;2020-10-21;-28766
2020-10-20;"Bratislavský kraj";183;97;4;101;NA;26548;187;2020-10-20;-28838
2020-10-19;"Bratislavský kraj";148;80;3;83;NA;26548;151;2020-10-19;-29025
2020-10-18;"Bratislavský kraj";75;92;0;92;NA;26548;75;2020-10-18;-29176
2020-10-17;"Bratislavský kraj";136;0;0;0;NA;26548;136;2020-10-17;-29251
2020-10-16;"Bratislavský kraj";103;14;1;15;NA;26548;104;2020-10-16;-29387
2020-10-15;"Bratislavský kraj";135;6;1;7;NA;26548;136;2020-10-15;-29491
2020-10-14;"Bratislavský kraj";127;4;0;4;NA;26548;127;2020-10-14;-29627
2020-10-13;"Bratislavský kraj";86;108;8;116;NA;26548;94;2020-10-13;-29754
2020-10-12;"Bratislavský kraj";46;0;0;0;NA;26548;46;2020-10-12;-29848
2020-10-11;"Bratislavský kraj";80;0;0;0;NA;26548;80;2020-10-11;-29894
2020-10-10;"Bratislavský kraj";55;0;0;0;NA;26548;55;2020-10-10;-29974
2020-10-09;"Bratislavský kraj";148;0;0;0;NA;26548;148;2020-10-09;-30029
2020-10-08;"Bratislavský kraj";100;0;0;0;NA;26548;100;2020-10-08;-30177
2020-10-07;"Bratislavský kraj";107;0;0;0;NA;26548;107;2020-10-07;-30277
2020-10-06;"Bratislavský kraj";108;0;0;0;NA;26548;108;2020-10-06;-30384
2020-10-05;"Bratislavský kraj";30;0;0;0;NA;26548;30;2020-10-05;-30492
2020-10-04;"Bratislavský kraj";49;0;0;0;NA;26548;49;2020-10-04;-30522
2020-10-03;"Bratislavský kraj";82;0;0;0;NA;26548;82;2020-10-03;-30571
2020-10-02;"Bratislavský kraj";101;0;0;0;NA;26548;101;2020-10-02;-30653
2020-10-01;"Bratislavský kraj";72;0;0;0;NA;26548;72;2020-10-01;-30754
2020-09-30;"Bratislavský kraj";91;0;0;0;NA;26548;91;2020-09-30;-30826
2020-09-29;"Bratislavský kraj";74;0;0;0;NA;26548;74;2020-09-29;-30917
2020-09-28;"Bratislavský kraj";29;0;0;0;NA;26548;29;2020-09-28;-30991
2020-09-27;"Bratislavský kraj";48;0;0;0;NA;26548;48;2020-09-27;-31020
2020-09-26;"Bratislavský kraj";86;0;0;0;NA;26548;86;2020-09-26;-31068
2020-09-25;"Bratislavský kraj";97;0;0;0;NA;26548;97;2020-09-25;-31154
2020-09-24;"Bratislavský kraj";73;0;0;0;NA;26548;73;2020-09-24;-31251
2020-09-23;"Bratislavský kraj";55;0;0;0;NA;26548;55;2020-09-23;-31324
2020-09-22;"Bratislavský kraj";81;0;0;0;NA;26548;81;2020-09-22;-31379
2020-09-21;"Bratislavský kraj";32;0;0;0;NA;26548;32;2020-09-21;-31460
2020-09-20;"Bratislavský kraj";25;0;0;0;NA;26548;25;2020-09-20;-31492
2020-09-19;"Bratislavský kraj";59;0;0;0;NA;26548;59;2020-09-19;-31517
2020-09-18;"Bratislavský kraj";42;0;0;0;NA;26548;42;2020-09-18;-31576
2020-09-17;"Bratislavský kraj";52;0;0;0;NA;26548;52;2020-09-17;-31618
2020-09-16;"Bratislavský kraj";32;0;0;0;NA;26548;32;2020-09-16;-31670
2020-09-15;"Bratislavský kraj";26;0;0;0;NA;26548;26;2020-09-15;-31702
2020-09-14;"Bratislavský kraj";24;0;0;0;NA;26548;24;2020-09-14;-31728
2020-09-13;"Bratislavský kraj";11;0;0;0;NA;26548;11;2020-09-13;-31752
2020-09-12;"Bratislavský kraj";24;0;0;0;NA;26548;24;2020-09-12;-31763
2020-09-11;"Bratislavský kraj";50;0;0;0;NA;26548;50;2020-09-11;-31787
2020-09-10;"Bratislavský kraj";47;0;0;0;NA;26548;47;2020-09-10;-31837
2020-09-09;"Bratislavský kraj";40;0;0;0;NA;26548;40;2020-09-09;-31884
2020-09-08;"Bratislavský kraj";58;0;0;0;NA;26548;58;2020-09-08;-31924
2020-09-07;"Bratislavský kraj";39;0;0;0;NA;26548;39;2020-09-07;-31982
2020-09-06;"Bratislavský kraj";11;0;0;0;NA;26548;11;2020-09-06;-32021
2020-09-05;"Bratislavský kraj";37;0;0;0;NA;26548;37;2020-09-05;-32032
2020-09-04;"Bratislavský kraj";87;0;0;0;NA;26548;87;2020-09-04;-32069
2020-09-03;"Bratislavský kraj";51;0;0;0;NA;26548;51;2020-09-03;-32156
2021-02-12;"Košický kraj";448;47234;577;47811;NA;23318;1025;2021-02-12;23318
2021-02-11;"Košický kraj";435;13444;307;13751;NA;23318;742;2021-02-11;22293
2021-02-10;"Košický kraj";360;18719;403;19122;NA;23318;763;2021-02-10;21551
2021-02-09;"Košický kraj";545;38361;704;39065;NA;23318;1249;2021-02-09;20788
2021-02-08;"Košický kraj";237;25619;372;25991;NA;23318;609;2021-02-08;19539
2021-02-07;"Košický kraj";208;52895;510;53405;NA;23318;718;2021-02-07;18930
2021-02-06;"Košický kraj";318;95993;768;96761;NA;23318;1086;2021-02-06;18212
2021-02-05;"Košický kraj";384;40506;459;40965;NA;23318;843;2021-02-05;17126
2021-02-04;"Košický kraj";391;13619;332;13951;NA;23318;723;2021-02-04;16283
2021-02-03;"Košický kraj";296;31981;1080;33061;NA;23318;1376;2021-02-03;15560
2021-02-02;"Košický kraj";473;24822;461;25283;NA;23318;934;2021-02-02;14184
2021-02-01;"Košický kraj";415;18409;304;18713;NA;23318;719;2021-02-01;13250
2021-01-31;"Košický kraj";142;50193;461;50654;NA;23318;603;2021-01-31;12531
2021-01-30;"Košický kraj";320;72816;607;73423;NA;23318;927;2021-01-30;11928
2021-01-29;"Košický kraj";258;35887;398;36285;NA;23318;656;2021-01-29;11001
2021-01-28;"Košický kraj";540;8689;217;8906;NA;23318;757;2021-01-28;10345
2021-01-27;"Košický kraj";265;7144;189;7333;NA;23318;454;2021-01-27;9588
2021-01-26;"Košický kraj";530;13909;240;14149;NA;23318;770;2021-01-26;9134
2021-01-25;"Košický kraj";226;26799;400;27199;NA;23318;626;2021-01-25;8364
2021-01-24;"Košický kraj";150;42381;561;42942;NA;23318;711;2021-01-24;7738
2021-01-23;"Košický kraj";232;78949;801;79750;NA;23318;1033;2021-01-23;7027
2021-01-22;"Košický kraj";316;19935;242;20177;NA;23318;558;2021-01-22;5994
2021-01-21;"Košický kraj";274;13322;158;13480;NA;23318;432;2021-01-21;5436
2021-01-20;"Košický kraj";374;10566;194;10760;NA;23318;568;2021-01-20;5004
2021-01-19;"Košický kraj";248;9364;177;9541;NA;23318;425;2021-01-19;4436
2021-01-18;"Košický kraj";333;12413;730;13143;NA;23318;1063;2021-01-18;4011
2021-01-17;"Košický kraj";155;535;14;549;NA;23318;169;2021-01-17;2948
2021-01-16;"Košický kraj";153;1551;51;1602;NA;23318;204;2021-01-16;2779
2021-01-15;"Košický kraj";308;6252;212;6464;NA;23318;520;2021-01-15;2575
2021-01-14;"Košický kraj";358;5326;211;5537;NA;23318;569;2021-01-14;2055
2021-01-13;"Košický kraj";421;4753;218;4971;NA;23318;639;2021-01-13;1486
2021-01-12;"Košický kraj";482;6574;247;6821;NA;23318;729;2021-01-12;847
2021-01-11;"Košický kraj";309;7655;291;7946;NA;23318;600;2021-01-11;118
2021-01-10;"Košický kraj";193;134;6;140;NA;23318;199;2021-01-10;-482
2021-01-09;"Košický kraj";469;1428;66;1494;NA;23318;535;2021-01-09;-681
2021-01-08;"Košický kraj";551;7861;375;8236;NA;23318;926;2021-01-08;-1216
2021-01-07;"Košický kraj";251;5925;385;6310;NA;23318;636;2021-01-07;-2142
2021-01-06;"Košický kraj";442;595;50;645;NA;23318;492;2021-01-06;-2778
2021-01-05;"Košický kraj";584;7680;521;8201;NA;23318;1105;2021-01-05;-3270
2021-01-04;"Košický kraj";407;6567;667;7234;NA;23318;1074;2021-01-04;-4375
2021-01-03;"Košický kraj";118;661;22;683;NA;23318;140;2021-01-03;-5449
2021-01-02;"Košický kraj";88;440;52;492;NA;23318;140;2021-01-02;-5589
2021-01-01;"Košický kraj";398;725;49;774;NA;23318;447;2021-01-01;-5729
2020-12-31;"Košický kraj";625;7877;461;8338;NA;23318;1086;2020-12-31;-6176
2020-12-30;"Košický kraj";590;6477;412;6889;NA;23318;1002;2020-12-30;-7262
2020-12-29;"Košický kraj";419;7573;605;8178;NA;23318;1024;2020-12-29;-8264
2020-12-28;"Košický kraj";356;8296;804;9100;NA;23318;1160;2020-12-28;-9288
2020-12-27;"Košický kraj";159;147;16;163;NA;23318;175;2020-12-27;-10448
2020-12-26;"Košický kraj";163;274;23;297;NA;23318;186;2020-12-26;-10623
2020-12-25;"Košický kraj";237;140;10;150;NA;23318;247;2020-12-25;-10809
2020-12-24;"Košický kraj";564;1470;90;1560;NA;23318;654;2020-12-24;-11056
2020-12-23;"Košický kraj";304;7942;354;8296;NA;23318;658;2020-12-23;-11710
2020-12-22;"Košický kraj";438;7920;459;8379;NA;23318;897;2020-12-22;-12368
2020-12-21;"Košický kraj";405;6984;509;7493;NA;23318;914;2020-12-21;-13265
2020-12-20;"Košický kraj";215;48;8;56;NA;23318;223;2020-12-20;-14179
2020-12-19;"Košický kraj";207;1148;59;1207;NA;23318;266;2020-12-19;-14402
2020-12-18;"Košický kraj";310;8484;326;8810;NA;23318;636;2020-12-18;-14668
2020-12-17;"Košický kraj";463;5292;255;5547;NA;23318;718;2020-12-17;-15304
2020-12-16;"Košický kraj";455;5898;316;6214;NA;23318;771;2020-12-16;-16022
2020-12-15;"Košický kraj";319;5086;338;5424;NA;23318;657;2020-12-15;-16793
2020-12-14;"Košický kraj";256;2893;239;3132;NA;23318;495;2020-12-14;-17450
2020-12-13;"Košický kraj";47;181;2;183;NA;23318;49;2020-12-13;-17945
2020-12-12;"Košický kraj";369;1587;118;1705;NA;23318;487;2020-12-12;-17994
2020-12-11;"Košický kraj";355;5461;258;5719;NA;23318;613;2020-12-11;-18481
2020-12-10;"Košický kraj";283;4064;176;4240;NA;23318;459;2020-12-10;-19094
2020-12-09;"Košický kraj";279;3786;166;3952;NA;23318;445;2020-12-09;-19553
2020-12-08;"Košický kraj";226;4105;355;4460;NA;23318;581;2020-12-08;-19998
2020-12-07;"Košický kraj";270;2111;103;2214;NA;23318;373;2020-12-07;-20579
2020-12-06;"Košický kraj";121;97;20;117;NA;23318;141;2020-12-06;-20952
2020-12-05;"Košický kraj";90;1096;48;1144;NA;23318;138;2020-12-05;-21093
2020-12-04;"Košický kraj";224;2680;82;2762;NA;23318;306;2020-12-04;-21231
2020-12-03;"Košický kraj";211;7717;173;7890;NA;23318;384;2020-12-03;-21537
2020-12-02;"Košický kraj";194;3654;124;3778;NA;23318;318;2020-12-02;-21921
2020-12-01;"Košický kraj";178;2237;124;2361;NA;23318;302;2020-12-01;-22239
2020-11-30;"Košický kraj";171;3754;62;3816;NA;23318;233;2020-11-30;-22541
2020-11-29;"Košický kraj";31;287;16;303;NA;23318;47;2020-11-29;-22774
2020-11-28;"Košický kraj";69;721;52;773;NA;23318;121;2020-11-28;-22821
2020-11-27;"Košický kraj";149;2729;74;2803;NA;23318;223;2020-11-27;-22942
2020-11-26;"Košický kraj";239;1090;55;1145;NA;23318;294;2020-11-26;-23165
2020-11-25;"Košický kraj";237;1664;122;1786;NA;23318;359;2020-11-25;-23459
2020-11-24;"Košický kraj";196;1871;64;1935;NA;23318;260;2020-11-24;-23818
2020-11-23;"Košický kraj";51;3737;54;3791;NA;23318;105;2020-11-23;-24078
2020-11-22;"Košický kraj";57;28;3;31;NA;23318;60;2020-11-22;-24183
2020-11-21;"Košický kraj";87;858;36;894;NA;23318;123;2020-11-21;-24243
2020-11-20;"Košický kraj";176;2989;45;3034;NA;23318;221;2020-11-20;-24366
2020-11-19;"Košický kraj";206;1648;40;1688;NA;23318;246;2020-11-19;-24587
2020-11-18;"Košický kraj";122;443;16;459;NA;23318;138;2020-11-18;-24833
2020-11-17;"Košický kraj";152;82;9;91;NA;23318;161;2020-11-17;-24971
2020-11-16;"Košický kraj";114;531;24;555;NA;23318;138;2020-11-16;-25132
2020-11-15;"Košický kraj";15;338;7;345;NA;23318;22;2020-11-15;-25270
2020-11-14;"Košický kraj";234;520;12;532;NA;23318;246;2020-11-14;-25292
2020-11-13;"Košický kraj";207;664;29;693;NA;23318;236;2020-11-13;-25538
2020-11-12;"Košický kraj";192;736;13;749;NA;23318;205;2020-11-12;-25774
2020-11-11;"Košický kraj";301;593;7;600;NA;23318;308;2020-11-11;-25979
2020-11-10;"Košický kraj";190;541;11;552;NA;23318;201;2020-11-10;-26287
2020-11-09;"Košický kraj";129;380;5;385;NA;23318;134;2020-11-09;-26488
2020-11-08;"Košický kraj";78;1298;8;1306;NA;23318;86;2020-11-08;-26622
2020-11-07;"Košický kraj";192;3909;22;3931;NA;23318;214;2020-11-07;-26708
2020-11-06;"Košický kraj";195;5310;34;5344;NA;23318;229;2020-11-06;-26922
2020-11-05;"Košický kraj";342;330;31;361;NA;23318;373;2020-11-05;-27151
2020-11-04;"Košický kraj";101;154;6;160;NA;23318;107;2020-11-04;-27524
2020-11-03;"Košický kraj";358;1122;13;1135;NA;23318;371;2020-11-03;-27631
2020-11-02;"Košický kraj";111;4368;51;4419;NA;23318;162;2020-11-02;-28002
2020-11-01;"Košický kraj";346;6522;34;6556;NA;23318;380;2020-11-01;-28164
2020-10-31;"Košický kraj";82;13810;105;13915;NA;23318;187;2020-10-31;-28544
2020-10-30;"Košický kraj";379;2835;27;2862;NA;23318;406;2020-10-30;-28731
2020-10-29;"Košický kraj";333;983;13;996;NA;23318;346;2020-10-29;-29137
2020-10-28;"Košický kraj";224;305;13;318;NA;23318;237;2020-10-28;-29483
2020-10-27;"Košický kraj";386;439;21;460;NA;23318;407;2020-10-27;-29720
2020-10-26;"Košický kraj";56;206;10;216;NA;23318;66;2020-10-26;-30127
2020-10-25;"Košický kraj";154;79;2;81;NA;23318;156;2020-10-25;-30193
2020-10-24;"Košický kraj";313;113;15;128;NA;23318;328;2020-10-24;-30349
2020-10-23;"Košický kraj";315;331;8;339;NA;23318;323;2020-10-23;-30677
2020-10-22;"Košický kraj";349;530;16;546;NA;23318;365;2020-10-22;-31000
2020-10-21;"Košický kraj";129;84;2;86;NA;23318;131;2020-10-21;-31365
2020-10-20;"Košický kraj";181;14;1;15;NA;23318;182;2020-10-20;-31496
2020-10-19;"Košický kraj";64;10;0;10;NA;23318;64;2020-10-19;-31678
2020-10-18;"Košický kraj";158;0;0;0;NA;23318;158;2020-10-18;-31742
2020-10-17;"Košický kraj";142;0;0;0;NA;23318;142;2020-10-17;-31900
2020-10-16;"Košický kraj";206;19;0;19;NA;23318;206;2020-10-16;-32042
2020-10-15;"Košický kraj";177;19;5;24;NA;23318;182;2020-10-15;-32248
2020-10-14;"Košický kraj";211;8;0;8;NA;23318;211;2020-10-14;-32430
2020-10-13;"Košický kraj";179;80;3;83;NA;23318;182;2020-10-13;-32641
2020-10-12;"Košický kraj";74;0;0;0;NA;23318;74;2020-10-12;-32823
2020-10-11;"Košický kraj";121;0;0;0;NA;23318;121;2020-10-11;-32897
2020-10-10;"Košický kraj";70;0;0;0;NA;23318;70;2020-10-10;-33018
2020-10-09;"Košický kraj";188;0;0;0;NA;23318;188;2020-10-09;-33088
2020-10-08;"Košický kraj";102;0;0;0;NA;23318;102;2020-10-08;-33276
2020-10-07;"Košický kraj";158;0;0;0;NA;23318;158;2020-10-07;-33378
2020-10-06;"Košický kraj";70;0;0;0;NA;23318;70;2020-10-06;-33536
2020-10-05;"Košický kraj";39;0;0;0;NA;23318;39;2020-10-05;-33606
2020-10-04;"Košický kraj";45;0;0;0;NA;23318;45;2020-10-04;-33645
2020-10-03;"Košický kraj";105;0;0;0;NA;23318;105;2020-10-03;-33690
2020-10-02;"Košický kraj";57;0;0;0;NA;23318;57;2020-10-02;-33795
2020-10-01;"Košický kraj";69;0;0;0;NA;23318;69;2020-10-01;-33852
2020-09-30;"Košický kraj";95;0;0;0;NA;23318;95;2020-09-30;-33921
2020-09-29;"Košický kraj";75;0;0;0;NA;23318;75;2020-09-29;-34016
2020-09-28;"Košický kraj";19;0;0;0;NA;23318;19;2020-09-28;-34091
2020-09-27;"Košický kraj";21;0;0;0;NA;23318;21;2020-09-27;-34110
2020-09-26;"Košický kraj";53;0;0;0;NA;23318;53;2020-09-26;-34131
2020-09-25;"Košický kraj";72;0;0;0;NA;23318;72;2020-09-25;-34184
2020-09-24;"Košický kraj";35;0;0;0;NA;23318;35;2020-09-24;-34256
2020-09-23;"Košický kraj";23;0;0;0;NA;23318;23;2020-09-23;-34291
2020-09-22;"Košický kraj";39;0;0;0;NA;23318;39;2020-09-22;-34314
2020-09-21;"Košický kraj";5;0;0;0;NA;23318;5;2020-09-21;-34353
2020-09-20;"Košický kraj";3;0;0;0;NA;23318;3;2020-09-20;-34358
2020-09-19;"Košický kraj";13;0;0;0;NA;23318;13;2020-09-19;-34361
2020-09-18;"Košický kraj";20;0;0;0;NA;23318;20;2020-09-18;-34374
2020-09-17;"Košický kraj";22;0;0;0;NA;23318;22;2020-09-17;-34394
2020-09-16;"Košický kraj";12;0;0;0;NA;23318;12;2020-09-16;-34416
2020-09-15;"Košický kraj";10;0;0;0;NA;23318;10;2020-09-15;-34428
2020-09-14;"Košický kraj";6;0;0;0;NA;23318;6;2020-09-14;-34438
2020-09-13;"Košický kraj";3;0;0;0;NA;23318;3;2020-09-13;-34444
2020-09-12;"Košický kraj";16;0;0;0;NA;23318;16;2020-09-12;-34447
2020-09-11;"Košický kraj";20;0;0;0;NA;23318;20;2020-09-11;-34463
2020-09-10;"Košický kraj";11;0;0;0;NA;23318;11;2020-09-10;-34483
2020-09-09;"Košický kraj";37;0;0;0;NA;23318;37;2020-09-09;-34494
2020-09-08;"Košický kraj";10;0;0;0;NA;23318;10;2020-09-08;-34531
2020-09-07;"Košický kraj";4;0;0;0;NA;23318;4;2020-09-07;-34541
2020-09-06;"Košický kraj";2;0;0;0;NA;23318;2;2020-09-06;-34545
2020-09-05;"Košický kraj";10;0;0;0;NA;23318;10;2020-09-05;-34547
2020-09-04;"Košický kraj";14;0;0;0;NA;23318;14;2020-09-04;-34557
2020-09-03;"Košický kraj";22;0;0;0;NA;23318;22;2020-09-03;-34571
2021-02-12;"Nitriansky kraj";162;30771;568;31339;NA;39787;730;2021-02-12;39787
2021-02-11;"Nitriansky kraj";195;11730;253;11983;NA;39787;448;2021-02-11;39057
2021-02-10;"Nitriansky kraj";186;17145;629;17774;NA;39787;815;2021-02-10;38609
2021-02-09;"Nitriansky kraj";260;18849;389;19238;NA;39787;649;2021-02-09;37794
2021-02-08;"Nitriansky kraj";177;43715;668;44383;NA;39787;845;2021-02-08;37145
2021-02-07;"Nitriansky kraj";20;46699;442;47141;NA;39787;462;2021-02-07;36300
2021-02-06;"Nitriansky kraj";129;89507;802;90309;NA;39787;931;2021-02-06;35838
2021-02-05;"Nitriansky kraj";244;36189;662;36851;NA;39787;906;2021-02-05;34907
2021-02-04;"Nitriansky kraj";308;15512;491;16003;NA;39787;799;2021-02-04;34001
2021-02-03;"Nitriansky kraj";191;10635;330;10965;NA;39787;521;2021-02-03;33202
2021-02-02;"Nitriansky kraj";327;17021;360;17381;NA;39787;687;2021-02-02;32681
2021-02-01;"Nitriansky kraj";221;24117;444;24561;NA;39787;665;2021-02-01;31994
2021-01-31;"Nitriansky kraj";9;19780;203;19983;NA;39787;212;2021-01-31;31329
2021-01-30;"Nitriansky kraj";152;73721;710;74431;NA;39787;862;2021-01-30;31117
2021-01-29;"Nitriansky kraj";135;23358;469;23827;NA;39787;604;2021-01-29;30255
2021-01-28;"Nitriansky kraj";269;10881;368;11249;NA;39787;637;2021-01-28;29651
2021-01-27;"Nitriansky kraj";235;13256;377;13633;NA;39787;612;2021-01-27;29014
2021-01-26;"Nitriansky kraj";345;17005;453;17458;NA;39787;798;2021-01-26;28402
2021-01-25;"Nitriansky kraj";201;23502;442;23944;NA;39787;643;2021-01-25;27604
2021-01-24;"Nitriansky kraj";12;62386;593;62979;NA;39787;605;2021-01-24;26961
2021-01-23;"Nitriansky kraj";277;101008;1522;102530;NA;39787;1799;2021-01-23;26356
2021-01-22;"Nitriansky kraj";139;34343;585;34928;NA;39787;724;2021-01-22;24557
2021-01-21;"Nitriansky kraj";305;14309;406;14715;NA;39787;711;2021-01-21;23833
2021-01-20;"Nitriansky kraj";326;11510;612;12122;NA;39787;938;2021-01-20;23122
2021-01-19;"Nitriansky kraj";344;10778;623;11401;NA;39787;967;2021-01-19;22184
2021-01-18;"Nitriansky kraj";367;8479;494;8973;NA;39787;861;2021-01-18;21217
2021-01-17;"Nitriansky kraj";97;15061;275;15336;NA;39787;372;2021-01-17;20356
2021-01-16;"Nitriansky kraj";64;35485;645;36130;NA;39787;709;2021-01-16;19984
2021-01-15;"Nitriansky kraj";373;15947;479;16426;NA;39787;852;2021-01-15;19275
2021-01-14;"Nitriansky kraj";627;10268;440;10708;NA;39787;1067;2021-01-14;18423
2021-01-13;"Nitriansky kraj";663;9167;497;9664;NA;39787;1160;2021-01-13;17356
2021-01-12;"Nitriansky kraj";642;8992;574;9566;NA;39787;1216;2021-01-12;16196
2021-01-11;"Nitriansky kraj";422;8175;515;8690;NA;39787;937;2021-01-11;14980
2021-01-10;"Nitriansky kraj";44;18767;703;19470;NA;39787;747;2021-01-10;14043
2021-01-09;"Nitriansky kraj";532;37075;1090;38165;NA;39787;1622;2021-01-09;13296
2021-01-08;"Nitriansky kraj";817;14004;719;14723;NA;39787;1536;2021-01-08;11674
2021-01-07;"Nitriansky kraj";438;10465;784;11249;NA;39787;1222;2021-01-07;10138
2021-01-06;"Nitriansky kraj";259;3347;239;3586;NA;39787;498;2021-01-06;8916
2021-01-05;"Nitriansky kraj";732;8815;1204;10019;NA;39787;1936;2021-01-05;8418
2021-01-04;"Nitriansky kraj";362;8247;1270;9517;NA;39787;1632;2021-01-04;6482
2021-01-03;"Nitriansky kraj";42;84;20;104;NA;39787;62;2021-01-03;4850
2021-01-02;"Nitriansky kraj";249;1090;26;1116;NA;39787;275;2021-01-02;4788
2021-01-01;"Nitriansky kraj";119;671;94;765;NA;39787;213;2021-01-01;4513
2020-12-31;"Nitriansky kraj";786;7646;962;8608;NA;39787;1748;2020-12-31;4300
2020-12-30;"Nitriansky kraj";1094;9430;1160;10590;NA;39787;2254;2020-12-30;2552
2020-12-29;"Nitriansky kraj";607;8175;1286;9461;NA;39787;1893;2020-12-29;298
2020-12-28;"Nitriansky kraj";83;6881;1271;8152;NA;39787;1354;2020-12-28;-1595
2020-12-27;"Nitriansky kraj";22;36;2;38;NA;39787;24;2020-12-27;-2949
2020-12-26;"Nitriansky kraj";54;297;56;353;NA;39787;110;2020-12-26;-2973
2020-12-25;"Nitriansky kraj";35;47;5;52;NA;39787;40;2020-12-25;-3083
2020-12-24;"Nitriansky kraj";514;1861;176;2037;NA;39787;690;2020-12-24;-3123
2020-12-23;"Nitriansky kraj";349;15214;843;16057;NA;39787;1192;2020-12-23;-3813
2020-12-22;"Nitriansky kraj";673;10915;994;11909;NA;39787;1667;2020-12-22;-5005
2020-12-21;"Nitriansky kraj";128;7719;976;8695;NA;39787;1104;2020-12-21;-6672
2020-12-20;"Nitriansky kraj";77;50;10;60;NA;39787;87;2020-12-20;-7776
2020-12-19;"Nitriansky kraj";262;2259;159;2418;NA;39787;421;2020-12-19;-7863
2020-12-18;"Nitriansky kraj";512;8320;551;8871;NA;39787;1063;2020-12-18;-8284
2020-12-17;"Nitriansky kraj";586;6705;514;7219;NA;39787;1100;2020-12-17;-9347
2020-12-16;"Nitriansky kraj";357;8670;546;9216;NA;39787;903;2020-12-16;-10447
2020-12-15;"Nitriansky kraj";461;9365;769;10134;NA;39787;1230;2020-12-15;-11350
2020-12-14;"Nitriansky kraj";217;8089;827;8916;NA;39787;1044;2020-12-14;-12580
2020-12-13;"Nitriansky kraj";12;9;1;10;NA;39787;13;2020-12-13;-13624
2020-12-12;"Nitriansky kraj";341;1832;125;1957;NA;39787;466;2020-12-12;-13637
2020-12-11;"Nitriansky kraj";409;6193;465;6658;NA;39787;874;2020-12-11;-14103
2020-12-10;"Nitriansky kraj";360;5030;326;5356;NA;39787;686;2020-12-10;-14977
2020-12-09;"Nitriansky kraj";362;5726;542;6268;NA;39787;904;2020-12-09;-15663
2020-12-08;"Nitriansky kraj";340;8766;611;9377;NA;39787;951;2020-12-08;-16567
2020-12-07;"Nitriansky kraj";139;6243;573;6816;NA;39787;712;2020-12-07;-17518
2020-12-06;"Nitriansky kraj";15;89;4;93;NA;39787;19;2020-12-06;-18230
2020-12-05;"Nitriansky kraj";136;618;14;632;NA;39787;150;2020-12-05;-18249
2020-12-04;"Nitriansky kraj";232;3047;86;3133;NA;39787;318;2020-12-04;-18399
2020-12-03;"Nitriansky kraj";248;2599;127;2726;NA;39787;375;2020-12-03;-18717
2020-12-02;"Nitriansky kraj";252;3733;163;3896;NA;39787;415;2020-12-02;-19092
2020-12-01;"Nitriansky kraj";331;2941;133;3074;NA;39787;464;2020-12-01;-19507
2020-11-30;"Nitriansky kraj";91;4836;207;5043;NA;39787;298;2020-11-30;-19971
2020-11-29;"Nitriansky kraj";3;620;42;662;NA;39787;45;2020-11-29;-20269
2020-11-28;"Nitriansky kraj";135;892;31;923;NA;39787;166;2020-11-28;-20314
2020-11-27;"Nitriansky kraj";177;1229;43;1272;NA;39787;220;2020-11-27;-20480
2020-11-26;"Nitriansky kraj";191;2262;57;2319;NA;39787;248;2020-11-26;-20700
2020-11-25;"Nitriansky kraj";325;1993;66;2059;NA;39787;391;2020-11-25;-20948
2020-11-24;"Nitriansky kraj";147;1141;50;1191;NA;39787;197;2020-11-24;-21339
2020-11-23;"Nitriansky kraj";102;9562;206;9768;NA;39787;308;2020-11-23;-21536
2020-11-22;"Nitriansky kraj";7;0;0;0;NA;39787;7;2020-11-22;-21844
2020-11-21;"Nitriansky kraj";86;1083;38;1121;NA;39787;124;2020-11-21;-21851
2020-11-20;"Nitriansky kraj";264;4020;101;4121;NA;39787;365;2020-11-20;-21975
2020-11-19;"Nitriansky kraj";185;2953;133;3086;NA;39787;318;2020-11-19;-22340
2020-11-18;"Nitriansky kraj";188;2109;77;2186;NA;39787;265;2020-11-18;-22658
2020-11-17;"Nitriansky kraj";178;596;29;625;NA;39787;207;2020-11-17;-22923
2020-11-16;"Nitriansky kraj";139;1836;75;1911;NA;39787;214;2020-11-16;-23130
2020-11-15;"Nitriansky kraj";14;10;1;11;NA;39787;15;2020-11-15;-23344
2020-11-14;"Nitriansky kraj";114;1131;32;1163;NA;39787;146;2020-11-14;-23359
2020-11-13;"Nitriansky kraj";210;936;46;982;NA;39787;256;2020-11-13;-23505
2020-11-12;"Nitriansky kraj";256;1195;35;1230;NA;39787;291;2020-11-12;-23761
2020-11-11;"Nitriansky kraj";279;1247;22;1269;NA;39787;301;2020-11-11;-24052
2020-11-10;"Nitriansky kraj";192;2623;39;2662;NA;39787;231;2020-11-10;-24353
2020-11-09;"Nitriansky kraj";128;3136;43;3179;NA;39787;171;2020-11-09;-24584
2020-11-08;"Nitriansky kraj";43;1462;32;1494;NA;39787;75;2020-11-08;-24755
2020-11-07;"Nitriansky kraj";130;1046;4;1050;NA;39787;134;2020-11-07;-24830
2020-11-06;"Nitriansky kraj";210;2264;32;2296;NA;39787;242;2020-11-06;-24964
2020-11-05;"Nitriansky kraj";178;295;12;307;NA;39787;190;2020-11-05;-25206
2020-11-04;"Nitriansky kraj";211;297;16;313;NA;39787;227;2020-11-04;-25396
2020-11-03;"Nitriansky kraj";216;435;25;460;NA;39787;241;2020-11-03;-25623
2020-11-02;"Nitriansky kraj";171;4208;46;4254;NA;39787;217;2020-11-02;-25864
2020-11-01;"Nitriansky kraj";130;2546;27;2573;NA;39787;157;2020-11-01;-26081
2020-10-31;"Nitriansky kraj";261;10466;134;10600;NA;39787;395;2020-10-31;-26238
2020-10-30;"Nitriansky kraj";204;2380;21;2401;NA;39787;225;2020-10-30;-26633
2020-10-29;"Nitriansky kraj";293;841;39;880;NA;39787;332;2020-10-29;-26858
2020-10-28;"Nitriansky kraj";216;608;59;667;NA;39787;275;2020-10-28;-27190
2020-10-27;"Nitriansky kraj";296;550;47;597;NA;39787;343;2020-10-27;-27465
2020-10-26;"Nitriansky kraj";69;633;56;689;NA;39787;125;2020-10-26;-27808
2020-10-25;"Nitriansky kraj";50;40;6;46;NA;39787;56;2020-10-25;-27933
2020-10-24;"Nitriansky kraj";169;237;11;248;NA;39787;180;2020-10-24;-27989
2020-10-23;"Nitriansky kraj";282;762;41;803;NA;39787;323;2020-10-23;-28169
2020-10-22;"Nitriansky kraj";137;444;39;483;NA;39787;176;2020-10-22;-28492
2020-10-21;"Nitriansky kraj";146;208;3;211;NA;39787;149;2020-10-21;-28668
2020-10-20;"Nitriansky kraj";197;78;6;84;NA;39787;203;2020-10-20;-28817
2020-10-19;"Nitriansky kraj";148;79;1;80;NA;39787;149;2020-10-19;-29020
2020-10-18;"Nitriansky kraj";22;0;0;0;NA;39787;22;2020-10-18;-29169
2020-10-17;"Nitriansky kraj";67;0;0;0;NA;39787;67;2020-10-17;-29191
2020-10-16;"Nitriansky kraj";133;28;3;31;NA;39787;136;2020-10-16;-29258
2020-10-15;"Nitriansky kraj";106;31;2;33;NA;39787;108;2020-10-15;-29394
2020-10-14;"Nitriansky kraj";80;22;4;26;NA;39787;84;2020-10-14;-29502
2020-10-13;"Nitriansky kraj";101;82;2;84;NA;39787;103;2020-10-13;-29586
2020-10-12;"Nitriansky kraj";36;0;0;0;NA;39787;36;2020-10-12;-29689
2020-10-11;"Nitriansky kraj";8;0;0;0;NA;39787;8;2020-10-11;-29725
2020-10-10;"Nitriansky kraj";107;0;0;0;NA;39787;107;2020-10-10;-29733
2020-10-09;"Nitriansky kraj";120;0;0;0;NA;39787;120;2020-10-09;-29840
2020-10-08;"Nitriansky kraj";132;0;0;0;NA;39787;132;2020-10-08;-29960
2020-10-07;"Nitriansky kraj";81;0;0;0;NA;39787;81;2020-10-07;-30092
2020-10-06;"Nitriansky kraj";48;0;0;0;NA;39787;48;2020-10-06;-30173
2020-10-05;"Nitriansky kraj";20;0;0;0;NA;39787;20;2020-10-05;-30221
2020-10-04;"Nitriansky kraj";17;0;0;0;NA;39787;17;2020-10-04;-30241
2020-10-03;"Nitriansky kraj";96;0;0;0;NA;39787;96;2020-10-03;-30258
2020-10-02;"Nitriansky kraj";108;0;0;0;NA;39787;108;2020-10-02;-30354
2020-10-01;"Nitriansky kraj";95;0;0;0;NA;39787;95;2020-10-01;-30462
2020-09-30;"Nitriansky kraj";100;0;0;0;NA;39787;100;2020-09-30;-30557
2020-09-29;"Nitriansky kraj";50;0;0;0;NA;39787;50;2020-09-29;-30657
2020-09-28;"Nitriansky kraj";22;0;0;0;NA;39787;22;2020-09-28;-30707
2020-09-27;"Nitriansky kraj";16;0;0;0;NA;39787;16;2020-09-27;-30729
2020-09-26;"Nitriansky kraj";64;0;0;0;NA;39787;64;2020-09-26;-30745
2020-09-25;"Nitriansky kraj";90;0;0;0;NA;39787;90;2020-09-25;-30809
2020-09-24;"Nitriansky kraj";51;0;0;0;NA;39787;51;2020-09-24;-30899
2020-09-23;"Nitriansky kraj";70;0;0;0;NA;39787;70;2020-09-23;-30950
2020-09-22;"Nitriansky kraj";18;0;0;0;NA;39787;18;2020-09-22;-31020
2020-09-21;"Nitriansky kraj";10;0;0;0;NA;39787;10;2020-09-21;-31038
2020-09-20;"Nitriansky kraj";4;0;0;0;NA;39787;4;2020-09-20;-31048
2020-09-19;"Nitriansky kraj";14;0;0;0;NA;39787;14;2020-09-19;-31052
2020-09-18;"Nitriansky kraj";19;0;0;0;NA;39787;19;2020-09-18;-31066
2020-09-17;"Nitriansky kraj";30;0;0;0;NA;39787;30;2020-09-17;-31085
2020-09-16;"Nitriansky kraj";6;0;0;0;NA;39787;6;2020-09-16;-31115
2020-09-15;"Nitriansky kraj";19;0;0;0;NA;39787;19;2020-09-15;-31121
2020-09-14;"Nitriansky kraj";28;0;0;0;NA;39787;28;2020-09-14;-31140
2020-09-13;"Nitriansky kraj";3;0;0;0;NA;39787;3;2020-09-13;-31168
2020-09-12;"Nitriansky kraj";12;0;0;0;NA;39787;12;2020-09-12;-31171
2020-09-11;"Nitriansky kraj";23;0;0;0;NA;39787;23;2020-09-11;-31183
2020-09-10;"Nitriansky kraj";29;0;0;0;NA;39787;29;2020-09-10;-31206
2020-09-09;"Nitriansky kraj";19;0;0;0;NA;39787;19;2020-09-09;-31235
2020-09-08;"Nitriansky kraj";17;0;0;0;NA;39787;17;2020-09-08;-31254
2020-09-07;"Nitriansky kraj";17;0;0;0;NA;39787;17;2020-09-07;-31271
2020-09-05;"Nitriansky kraj";22;0;0;0;NA;39787;22;2020-09-05;-31288
2020-09-04;"Nitriansky kraj";34;0;0;0;NA;39787;34;2020-09-04;-31310
2020-09-03;"Nitriansky kraj";15;0;0;0;NA;39787;15;2020-09-03;-31344
2021-02-12;"Prešovský kraj";308;33586;324;33910;NA;29273;632;2021-02-12;29273
2021-02-11;"Prešovský kraj";218;13119;201;13320;NA;29273;419;2021-02-11;28641
2021-02-10;"Prešovský kraj";220;15871;234;16105;NA;29273;454;2021-02-10;28222
2021-02-09;"Prešovský kraj";323;18696;320;19016;NA;29273;643;2021-02-09;27768
2021-02-08;"Prešovský kraj";161;35825;225;36050;NA;29273;386;2021-02-08;27125
2021-02-07;"Prešovský kraj";21;21981;150;22131;NA;29273;171;2021-02-07;26739
2021-02-06;"Prešovský kraj";176;64681;344;65025;NA;29273;520;2021-02-06;26568
2021-02-05;"Prešovský kraj";177;26335;221;26556;NA;29273;398;2021-02-05;26048
2021-02-04;"Prešovský kraj";176;11398;208;11606;NA;29273;384;2021-02-04;25650
2021-02-03;"Prešovský kraj";251;7172;191;7363;NA;29273;442;2021-02-03;25266
2021-02-02;"Prešovský kraj";249;11274;269;11543;NA;29273;518;2021-02-02;24824
2021-02-01;"Prešovský kraj";220;15195;271;15466;NA;29273;491;2021-02-01;24306
2021-01-31;"Prešovský kraj";42;1457;27;1484;NA;29273;69;2021-01-31;23815
2021-01-30;"Prešovský kraj";142;23523;209;23732;NA;29273;351;2021-01-30;23746
2021-01-29;"Prešovský kraj";88;15366;258;15624;NA;29273;346;2021-01-29;23395
2021-01-28;"Prešovský kraj";311;8126;135;8261;NA;29273;446;2021-01-28;23049
2021-01-27;"Prešovský kraj";153;9025;130;9155;NA;29273;283;2021-01-27;22603
2021-01-26;"Prešovský kraj";252;15960;141;16101;NA;29273;393;2021-01-26;22320
2021-01-25;"Prešovský kraj";196;27624;236;27860;NA;29273;432;2021-01-25;21927
2021-01-24;"Prešovský kraj";12;52958;386;53344;NA;29273;398;2021-01-24;21495
2021-01-23;"Prešovský kraj";189;88846;431;89277;NA;29273;620;2021-01-23;21097
2021-01-22;"Prešovský kraj";187;32850;246;33096;NA;29273;433;2021-01-22;20477
2021-01-21;"Prešovský kraj";187;18662;193;18855;NA;29273;380;2021-01-21;20044
2021-01-20;"Prešovský kraj";253;13019;169;13188;NA;29273;422;2021-01-20;19664
2021-01-19;"Prešovský kraj";281;10992;290;11282;NA;29273;571;2021-01-19;19242
2021-01-18;"Prešovský kraj";203;9455;309;9764;NA;29273;512;2021-01-18;18671
2021-01-17;"Prešovský kraj";107;14393;1008;15401;NA;29273;1115;2021-01-17;18159
2021-01-16;"Prešovský kraj";72;1583;76;1659;NA;29273;148;2021-01-16;17044
2021-01-15;"Prešovský kraj";159;6322;209;6531;NA;29273;368;2021-01-15;16896
2021-01-14;"Prešovský kraj";268;5250;238;5488;NA;29273;506;2021-01-14;16528
2021-01-13;"Prešovský kraj";342;5294;208;5502;NA;29273;550;2021-01-13;16022
2021-01-12;"Prešovský kraj";455;8099;370;8469;NA;29273;825;2021-01-12;15472
2021-01-11;"Prešovský kraj";343;7208;435;7643;NA;29273;778;2021-01-11;14647
2021-01-10;"Prešovský kraj";63;476;23;499;NA;29273;86;2021-01-10;13869
2021-01-09;"Prešovský kraj";439;2248;125;2373;NA;29273;564;2021-01-09;13783
2021-01-08;"Prešovský kraj";430;10074;517;10591;NA;29273;947;2021-01-08;13219
2021-01-07;"Prešovský kraj";268;7387;621;8008;NA;29273;889;2021-01-07;12272
2021-01-06;"Prešovský kraj";315;1259;101;1360;NA;29273;416;2021-01-06;11383
2021-01-05;"Prešovský kraj";655;11094;947;12041;NA;29273;1602;2021-01-05;10967
2021-01-04;"Prešovský kraj";371;16400;1688;18088;NA;29273;2059;2021-01-04;9365
2021-01-03;"Prešovský kraj";89;257;37;294;NA;29273;126;2021-01-03;7306
2021-01-02;"Prešovský kraj";65;1559;160;1719;NA;29273;225;2021-01-02;7180
2021-01-01;"Prešovský kraj";174;914;70;984;NA;29273;244;2021-01-01;6955
2020-12-31;"Prešovský kraj";640;11485;709;12194;NA;29273;1349;2020-12-31;6711
2020-12-30;"Prešovský kraj";729;8300;715;9015;NA;29273;1444;2020-12-30;5362
2020-12-29;"Prešovský kraj";435;8286;863;9149;NA;29273;1298;2020-12-29;3918
2020-12-28;"Prešovský kraj";393;8292;1020;9312;NA;29273;1413;2020-12-28;2620
2020-12-27;"Prešovský kraj";40;571;39;610;NA;29273;79;2020-12-27;1207
2020-12-26;"Prešovský kraj";64;176;12;188;NA;29273;76;2020-12-26;1128
2020-12-25;"Prešovský kraj";208;273;13;286;NA;29273;221;2020-12-25;1052
2020-12-24;"Prešovský kraj";452;1214;85;1299;NA;29273;537;2020-12-24;831
2020-12-23;"Prešovský kraj";361;10434;576;11010;NA;29273;937;2020-12-23;294
2020-12-22;"Prešovský kraj";439;8805;666;9471;NA;29273;1105;2020-12-22;-643
2020-12-21;"Prešovský kraj";432;9396;820;10216;NA;29273;1252;2020-12-21;-1748
2020-12-20;"Prešovský kraj";184;396;20;416;NA;29273;204;2020-12-20;-3000
2020-12-19;"Prešovský kraj";276;1658;151;1809;NA;29273;427;2020-12-19;-3204
2020-12-18;"Prešovský kraj";396;8850;599;9449;NA;29273;995;2020-12-18;-3631
2020-12-17;"Prešovský kraj";427;10826;891;11717;NA;29273;1318;2020-12-17;-4626
2020-12-16;"Prešovský kraj";466;6017;508;6525;NA;29273;974;2020-12-16;-5944
2020-12-15;"Prešovský kraj";411;5685;584;6269;NA;29273;995;2020-12-15;-6918
2020-12-14;"Prešovský kraj";334;5767;508;6275;NA;29273;842;2020-12-14;-7913
2020-12-13;"Prešovský kraj";89;29;8;37;NA;29273;97;2020-12-13;-8755
2020-12-12;"Prešovský kraj";319;2474;166;2640;NA;29273;485;2020-12-12;-8852
2020-12-11;"Prešovský kraj";560;6042;418;6460;NA;29273;978;2020-12-11;-9337
2020-12-10;"Prešovský kraj";337;5180;440;5620;NA;29273;777;2020-12-10;-10315
2020-12-09;"Prešovský kraj";358;3646;270;3916;NA;29273;628;2020-12-09;-11092
2020-12-08;"Prešovský kraj";350;6436;647;7083;NA;29273;997;2020-12-08;-11720
2020-12-07;"Prešovský kraj";309;3700;281;3981;NA;29273;590;2020-12-07;-12717
2020-12-06;"Prešovský kraj";59;358;26;384;NA;29273;85;2020-12-06;-13307
2020-12-05;"Prešovský kraj";218;984;87;1071;NA;29273;305;2020-12-05;-13392
2020-12-04;"Prešovský kraj";352;4471;281;4752;NA;29273;633;2020-12-04;-13697
2020-12-03;"Prešovský kraj";284;2900;202;3102;NA;29273;486;2020-12-03;-14330
2020-12-02;"Prešovský kraj";232;3251;235;3486;NA;29273;467;2020-12-02;-14816
2020-12-01;"Prešovský kraj";281;2341;213;2554;NA;29273;494;2020-12-01;-15283
2020-11-30;"Prešovský kraj";196;5821;110;5931;NA;29273;306;2020-11-30;-15777
2020-11-29;"Prešovský kraj";27;379;42;421;NA;29273;69;2020-11-29;-16083
2020-11-28;"Prešovský kraj";199;682;62;744;NA;29273;261;2020-11-28;-16152
2020-11-27;"Prešovský kraj";232;2135;119;2254;NA;29273;351;2020-11-27;-16413
2020-11-26;"Prešovský kraj";263;2787;312;3099;NA;29273;575;2020-11-26;-16764
2020-11-25;"Prešovský kraj";302;1642;78;1720;NA;29273;380;2020-11-25;-17339
2020-11-24;"Prešovský kraj";365;1662;140;1802;NA;29273;505;2020-11-24;-17719
2020-11-23;"Prešovský kraj";164;842;42;884;NA;29273;206;2020-11-23;-18224
2020-11-22;"Prešovský kraj";46;30;1;31;NA;29273;47;2020-11-22;-18430
2020-11-21;"Prešovský kraj";205;689;57;746;NA;29273;262;2020-11-21;-18477
2020-11-20;"Prešovský kraj";363;2063;98;2161;NA;29273;461;2020-11-20;-18739
2020-11-19;"Prešovský kraj";359;1973;229;2202;NA;29273;588;2020-11-19;-19200
2020-11-18;"Prešovský kraj";270;373;32;405;NA;29273;302;2020-11-18;-19788
2020-11-17;"Prešovský kraj";347;151;17;168;NA;29273;364;2020-11-17;-20090
2020-11-16;"Prešovský kraj";226;382;51;433;NA;29273;277;2020-11-16;-20454
2020-11-15;"Prešovský kraj";186;39;4;43;NA;29273;190;2020-11-15;-20731
2020-11-14;"Prešovský kraj";261;54;4;58;NA;29273;265;2020-11-14;-20921
2020-11-13;"Prešovský kraj";395;166;8;174;NA;29273;403;2020-11-13;-21186
2020-11-12;"Prešovský kraj";397;229;50;279;NA;29273;447;2020-11-12;-21589
2020-11-11;"Prešovský kraj";516;161;15;176;NA;29273;531;2020-11-11;-22036
2020-11-10;"Prešovský kraj";437;197;9;206;NA;29273;446;2020-11-10;-22567
2020-11-09;"Prešovský kraj";190;4106;945;5051;NA;29273;1135;2020-11-09;-23013
2020-11-08;"Prešovský kraj";97;2817;32;2849;NA;29273;129;2020-11-08;-24148
2020-11-07;"Prešovský kraj";416;8578;81;8659;NA;29273;497;2020-11-07;-24277
2020-11-06;"Prešovský kraj";520;4791;76;4867;NA;29273;596;2020-11-06;-24774
2020-11-05;"Prešovský kraj";397;180;5;185;NA;29273;402;2020-11-05;-25370
2020-11-04;"Prešovský kraj";350;807;8;815;NA;29273;358;2020-11-04;-25772
2020-11-03;"Prešovský kraj";565;98;12;110;NA;29273;577;2020-11-03;-26130
2020-11-02;"Prešovský kraj";203;4158;1004;5162;NA;29273;1207;2020-11-02;-26707
2020-11-01;"Prešovský kraj";386;2906;53;2959;NA;29273;439;2020-11-01;-27914
2020-10-31;"Prešovský kraj";315;10497;170;10667;NA;29273;485;2020-10-31;-28353
2020-10-30;"Prešovský kraj";552;2949;65;3014;NA;29273;617;2020-10-30;-28838
2020-10-29;"Prešovský kraj";594;301;38;339;NA;29273;632;2020-10-29;-29455
2020-10-28;"Prešovský kraj";617;291;46;337;NA;29273;663;2020-10-28;-30087
2020-10-27;"Prešovský kraj";656;268;34;302;NA;29273;690;2020-10-27;-30750
2020-10-26;"Prešovský kraj";137;363;57;420;NA;29273;194;2020-10-26;-31440
2020-10-25;"Prešovský kraj";237;346;11;357;NA;29273;248;2020-10-25;-31634
2020-10-24;"Prešovský kraj";719;200;12;212;NA;29273;731;2020-10-24;-31882
2020-10-23;"Prešovský kraj";750;218;8;226;NA;29273;758;2020-10-23;-32613
2020-10-22;"Prešovský kraj";646;396;30;426;NA;29273;676;2020-10-22;-33371
2020-10-21;"Prešovský kraj";383;58;8;66;NA;29273;391;2020-10-21;-34047
2020-10-20;"Prešovský kraj";493;65;7;72;NA;29273;500;2020-10-20;-34438
2020-10-19;"Prešovský kraj";140;235;15;250;NA;29273;155;2020-10-19;-34938
2020-10-18;"Prešovský kraj";209;0;0;0;NA;29273;209;2020-10-18;-35093
2020-10-17;"Prešovský kraj";342;0;0;0;NA;29273;342;2020-10-17;-35302
2020-10-16;"Prešovský kraj";388;57;3;60;NA;29273;391;2020-10-16;-35644
2020-10-15;"Prešovský kraj";435;85;18;103;NA;29273;453;2020-10-15;-36035
2020-10-14;"Prešovský kraj";451;54;10;64;NA;29273;461;2020-10-14;-36488
2020-10-13;"Prešovský kraj";264;50;6;56;NA;29273;270;2020-10-13;-36949
2020-10-12;"Prešovský kraj";214;334;35;369;NA;29273;249;2020-10-12;-37219
2020-10-11;"Prešovský kraj";127;0;0;0;NA;29273;127;2020-10-11;-37468
2020-10-10;"Prešovský kraj";248;0;0;0;NA;29273;248;2020-10-10;-37595
2020-10-09;"Prešovský kraj";406;0;0;0;NA;29273;406;2020-10-09;-37843
2020-10-08;"Prešovský kraj";245;0;0;0;NA;29273;245;2020-10-08;-38249
2020-10-07;"Prešovský kraj";244;0;0;0;NA;29273;244;2020-10-07;-38494
2020-10-06;"Prešovský kraj";166;0;0;0;NA;29273;166;2020-10-06;-38738
2020-10-05;"Prešovský kraj";84;0;0;0;NA;29273;84;2020-10-05;-38904
2020-10-04;"Prešovský kraj";118;0;0;0;NA;29273;118;2020-10-04;-38988
2020-10-03;"Prešovský kraj";204;0;0;0;NA;29273;204;2020-10-03;-39106
2020-10-02;"Prešovský kraj";149;0;0;0;NA;29273;149;2020-10-02;-39310
2020-10-01;"Prešovský kraj";136;0;0;0;NA;29273;136;2020-10-01;-39459
2020-09-30;"Prešovský kraj";121;0;0;0;NA;29273;121;2020-09-30;-39595
2020-09-29;"Prešovský kraj";156;0;0;0;NA;29273;156;2020-09-29;-39716
2020-09-28;"Prešovský kraj";51;0;0;0;NA;29273;51;2020-09-28;-39872
2020-09-27;"Prešovský kraj";10;0;0;0;NA;29273;10;2020-09-27;-39923
2020-09-26;"Prešovský kraj";72;0;0;0;NA;29273;72;2020-09-26;-39933
2020-09-25;"Prešovský kraj";91;0;0;0;NA;29273;91;2020-09-25;-40005
2020-09-24;"Prešovský kraj";52;0;0;0;NA;29273;52;2020-09-24;-40096
2020-09-23;"Prešovský kraj";55;0;0;0;NA;29273;55;2020-09-23;-40148
2020-09-22;"Prešovský kraj";29;0;0;0;NA;29273;29;2020-09-22;-40203
2020-09-21;"Prešovský kraj";14;0;0;0;NA;29273;14;2020-09-21;-40232
2020-09-20;"Prešovský kraj";5;0;0;0;NA;29273;5;2020-09-20;-40246
2020-09-19;"Prešovský kraj";12;0;0;0;NA;29273;12;2020-09-19;-40251
2020-09-18;"Prešovský kraj";29;0;0;0;NA;29273;29;2020-09-18;-40263
2020-09-17;"Prešovský kraj";25;0;0;0;NA;29273;25;2020-09-17;-40292
2020-09-16;"Prešovský kraj";8;0;0;0;NA;29273;8;2020-09-16;-40317
2020-09-15;"Prešovský kraj";10;0;0;0;NA;29273;10;2020-09-15;-40325
2020-09-14;"Prešovský kraj";47;0;0;0;NA;29273;47;2020-09-14;-40335
2020-09-13;"Prešovský kraj";3;0;0;0;NA;29273;3;2020-09-13;-40382
2020-09-12;"Prešovský kraj";4;0;0;0;NA;29273;4;2020-09-12;-40385
2020-09-11;"Prešovský kraj";15;0;0;0;NA;29273;15;2020-09-11;-40389
2020-09-10;"Prešovský kraj";10;0;0;0;NA;29273;10;2020-09-10;-40404
2020-09-09;"Prešovský kraj";21;0;0;0;NA;29273;21;2020-09-09;-40414
2020-09-08;"Prešovský kraj";23;0;0;0;NA;29273;23;2020-09-08;-40435
2020-09-07;"Prešovský kraj";5;0;0;0;NA;29273;5;2020-09-07;-40458
2020-09-06;"Prešovský kraj";3;0;0;0;NA;29273;3;2020-09-06;-40463
2020-09-05;"Prešovský kraj";7;0;0;0;NA;29273;7;2020-09-05;-40466
2020-09-04;"Prešovský kraj";24;0;0;0;NA;29273;24;2020-09-04;-40473
2020-09-03;"Prešovský kraj";8;0;0;0;NA;29273;8;2020-09-03;-40497
2021-02-12;"Trenčiansky kraj";276;24651;379;25030;NA;27461;655;2021-02-12;27461
2021-02-11;"Trenčiansky kraj";291;10510;309;10819;NA;27461;600;2021-02-11;26806
2021-02-10;"Trenčiansky kraj";304;10676;305;10981;NA;27461;609;2021-02-10;26206
2021-02-09;"Trenčiansky kraj";514;21505;379;21884;NA;27461;893;2021-02-09;25597
2021-02-08;"Trenčiansky kraj";182;27250;403;27653;NA;27461;585;2021-02-08;24704
2021-02-07;"Trenčiansky kraj";31;25356;259;25615;NA;27461;290;2021-02-07;24119
2021-02-06;"Trenčiansky kraj";216;63275;580;63855;NA;27461;796;2021-02-06;23829
2021-02-05;"Trenčiansky kraj";202;17322;369;17691;NA;27461;571;2021-02-05;23033
2021-02-04;"Trenčiansky kraj";266;6891;293;7184;NA;27461;559;2021-02-04;22462
2021-02-03;"Trenčiansky kraj";162;8981;345;9326;NA;27461;507;2021-02-03;21903
2021-02-02;"Trenčiansky kraj";347;7758;379;8137;NA;27461;726;2021-02-02;21396
2021-02-01;"Trenčiansky kraj";167;18226;318;18544;NA;27461;485;2021-02-01;20670
2021-01-31;"Trenčiansky kraj";7;15791;135;15926;NA;27461;142;2021-01-31;20185
2021-01-30;"Trenčiansky kraj";228;37045;355;37400;NA;27461;583;2021-01-30;20043
2021-01-29;"Trenčiansky kraj";72;7686;207;7893;NA;27461;279;2021-01-29;19460
2021-01-28;"Trenčiansky kraj";307;5431;161;5592;NA;27461;468;2021-01-28;19181
2021-01-27;"Trenčiansky kraj";166;11735;203;11938;NA;27461;369;2021-01-27;18713
2021-01-26;"Trenčiansky kraj";303;14287;237;14524;NA;27461;540;2021-01-26;18344
2021-01-25;"Trenčiansky kraj";160;34063;366;34429;NA;27461;526;2021-01-25;17804
2021-01-24;"Trenčiansky kraj";51;27365;181;27546;NA;27461;232;2021-01-24;17278
2021-01-23;"Trenčiansky kraj";206;110039;709;110748;NA;27461;915;2021-01-23;17046
2021-01-22;"Trenčiansky kraj";148;13511;166;13677;NA;27461;314;2021-01-22;16131
2021-01-21;"Trenčiansky kraj";143;8296;187;8483;NA;27461;330;2021-01-21;15817
2021-01-20;"Trenčiansky kraj";181;7684;236;7920;NA;27461;417;2021-01-20;15487
2021-01-19;"Trenčiansky kraj";363;6462;275;6737;NA;27461;638;2021-01-19;15070
2021-01-18;"Trenčiansky kraj";72;4488;257;4745;NA;27461;329;2021-01-18;14432
2021-01-17;"Trenčiansky kraj";124;93;11;104;NA;27461;135;2021-01-17;14103
2021-01-16;"Trenčiansky kraj";39;793;62;855;NA;27461;101;2021-01-16;13968
2021-01-15;"Trenčiansky kraj";264;3777;217;3994;NA;27461;481;2021-01-15;13867
2021-01-14;"Trenčiansky kraj";275;2991;153;3144;NA;27461;428;2021-01-14;13386
2021-01-13;"Trenčiansky kraj";222;4064;236;4300;NA;27461;458;2021-01-13;12958
2021-01-12;"Trenčiansky kraj";508;4790;293;5083;NA;27461;801;2021-01-12;12500
2021-01-11;"Trenčiansky kraj";142;3885;294;4179;NA;27461;436;2021-01-11;11699
2021-01-10;"Trenčiansky kraj";89;4939;76;5015;NA;27461;165;2021-01-10;11263
2021-01-09;"Trenčiansky kraj";276;7973;121;8094;NA;27461;397;2021-01-09;11098
2021-01-08;"Trenčiansky kraj";489;6411;467;6878;NA;27461;956;2021-01-08;10701
2021-01-07;"Trenčiansky kraj";420;5719;503;6222;NA;27461;923;2021-01-07;9745
2021-01-06;"Trenčiansky kraj";221;1021;64;1085;NA;27461;285;2021-01-06;8822
2021-01-05;"Trenčiansky kraj";669;5985;800;6785;NA;27461;1469;2021-01-05;8537
2021-01-04;"Trenčiansky kraj";337;4697;704;5401;NA;27461;1041;2021-01-04;7068
2021-01-03;"Trenčiansky kraj";38;60;13;73;NA;27461;51;2021-01-03;6027
2021-01-02;"Trenčiansky kraj";129;140;23;163;NA;27461;152;2021-01-02;5976
2021-01-01;"Trenčiansky kraj";329;347;23;370;NA;27461;352;2021-01-01;5824
2020-12-31;"Trenčiansky kraj";597;4943;557;5500;NA;27461;1154;2020-12-31;5472
2020-12-30;"Trenčiansky kraj";836;6782;762;7544;NA;27461;1598;2020-12-30;4318
2020-12-29;"Trenčiansky kraj";459;5979;1018;6997;NA;27461;1477;2020-12-29;2720
2020-12-28;"Trenčiansky kraj";258;3923;777;4700;NA;27461;1035;2020-12-28;1243
2020-12-27;"Trenčiansky kraj";5;202;36;238;NA;27461;41;2020-12-27;208
2020-12-26;"Trenčiansky kraj";174;74;10;84;NA;27461;184;2020-12-26;167
2020-12-25;"Trenčiansky kraj";251;325;47;372;NA;27461;298;2020-12-25;-17
2020-12-24;"Trenčiansky kraj";552;2194;256;2450;NA;27461;808;2020-12-24;-315
2020-12-23;"Trenčiansky kraj";421;6318;630;6948;NA;27461;1051;2020-12-23;-1123
2020-12-22;"Trenčiansky kraj";673;5597;694;6291;NA;27461;1367;2020-12-22;-2174
2020-12-21;"Trenčiansky kraj";248;13562;998;14560;NA;27461;1246;2020-12-21;-3541
2020-12-20;"Trenčiansky kraj";238;12480;291;12771;NA;27461;529;2020-12-20;-4787
2020-12-19;"Trenčiansky kraj";341;1611;150;1761;NA;27461;491;2020-12-19;-5316
2020-12-18;"Trenčiansky kraj";521;4670;543;5213;NA;27461;1064;2020-12-18;-5807
2020-12-17;"Trenčiansky kraj";670;3690;503;4193;NA;27461;1173;2020-12-17;-6871
2020-12-16;"Trenčiansky kraj";461;4325;622;4947;NA;27461;1083;2020-12-16;-8044
2020-12-15;"Trenčiansky kraj";595;3643;656;4299;NA;27461;1251;2020-12-15;-9127
2020-12-14;"Trenčiansky kraj";318;2960;613;3573;NA;27461;931;2020-12-14;-10378
2020-12-13;"Trenčiansky kraj";77;24;4;28;NA;27461;81;2020-12-13;-11309
2020-12-12;"Trenčiansky kraj";314;985;118;1103;NA;27461;432;2020-12-12;-11390
2020-12-11;"Trenčiansky kraj";750;3919;481;4400;NA;27461;1231;2020-12-11;-11822
2020-12-10;"Trenčiansky kraj";271;3371;477;3848;NA;27461;748;2020-12-10;-13053
2020-12-09;"Trenčiansky kraj";508;3805;470;4275;NA;27461;978;2020-12-09;-13801
2020-12-08;"Trenčiansky kraj";546;3440;522;3962;NA;27461;1068;2020-12-08;-14779
2020-12-07;"Trenčiansky kraj";258;3826;466;4292;NA;27461;724;2020-12-07;-15847
2020-12-06;"Trenčiansky kraj";114;179;10;189;NA;27461;124;2020-12-06;-16571
2020-12-05;"Trenčiansky kraj";223;751;64;815;NA;27461;287;2020-12-05;-16695
2020-12-04;"Trenčiansky kraj";253;2519;215;2734;NA;27461;468;2020-12-04;-16982
2020-12-03;"Trenčiansky kraj";503;1714;178;1892;NA;27461;681;2020-12-03;-17450
2020-12-02;"Trenčiansky kraj";418;1844;232;2076;NA;27461;650;2020-12-02;-18131
2020-12-01;"Trenčiansky kraj";321;5642;351;5993;NA;27461;672;2020-12-01;-18781
2020-11-30;"Trenčiansky kraj";167;8494;489;8983;NA;27461;656;2020-11-30;-19453
2020-11-29;"Trenčiansky kraj";29;18;2;20;NA;27461;31;2020-11-29;-20109
2020-11-28;"Trenčiansky kraj";202;1051;93;1144;NA;27461;295;2020-11-28;-20140
2020-11-27;"Trenčiansky kraj";330;1398;150;1548;NA;27461;480;2020-11-27;-20435
2020-11-26;"Trenčiansky kraj";395;1252;122;1374;NA;27461;517;2020-11-26;-20915
2020-11-25;"Trenčiansky kraj";322;1444;160;1604;NA;27461;482;2020-11-25;-21432
2020-11-24;"Trenčiansky kraj";348;2553;308;2861;NA;27461;656;2020-11-24;-21914
2020-11-23;"Trenčiansky kraj";159;1186;122;1308;NA;27461;281;2020-11-23;-22570
2020-11-22;"Trenčiansky kraj";26;11;1;12;NA;27461;27;2020-11-22;-22851
2020-11-21;"Trenčiansky kraj";255;1323;62;1385;NA;27461;317;2020-11-21;-22878
2020-11-20;"Trenčiansky kraj";316;861;93;954;NA;27461;409;2020-11-20;-23195
2020-11-19;"Trenčiansky kraj";316;740;113;853;NA;27461;429;2020-11-19;-23604
2020-11-18;"Trenčiansky kraj";233;379;66;445;NA;27461;299;2020-11-18;-24033
2020-11-17;"Trenčiansky kraj";222;106;15;121;NA;27461;237;2020-11-17;-24332
2020-11-16;"Trenčiansky kraj";245;236;45;281;NA;27461;290;2020-11-16;-24569
2020-11-15;"Trenčiansky kraj";109;29;6;35;NA;27461;115;2020-11-15;-24859
2020-11-14;"Trenčiansky kraj";190;74;11;85;NA;27461;201;2020-11-14;-24974
2020-11-13;"Trenčiansky kraj";308;131;13;144;NA;27461;321;2020-11-13;-25175
2020-11-12;"Trenčiansky kraj";324;124;5;129;NA;27461;329;2020-11-12;-25496
2020-11-11;"Trenčiansky kraj";366;113;10;123;NA;27461;376;2020-11-11;-25825
2020-11-10;"Trenčiansky kraj";277;106;6;112;NA;27461;283;2020-11-10;-26201
2020-11-09;"Trenčiansky kraj";115;1407;48;1455;NA;27461;163;2020-11-09;-26484
2020-11-08;"Trenčiansky kraj";81;1223;8;1231;NA;27461;89;2020-11-08;-26647
2020-11-07;"Trenčiansky kraj";319;3662;59;3721;NA;27461;378;2020-11-07;-26736
2020-11-06;"Trenčiansky kraj";383;6893;84;6977;NA;27461;467;2020-11-06;-27114
2020-11-05;"Trenčiansky kraj";399;98;15;113;NA;27461;414;2020-11-05;-27581
2020-11-04;"Trenčiansky kraj";370;91;9;100;NA;27461;379;2020-11-04;-27995
2020-11-03;"Trenčiansky kraj";575;97;8;105;NA;27461;583;2020-11-03;-28374
2020-11-02;"Trenčiansky kraj";197;1833;68;1901;NA;27461;265;2020-11-02;-28957
2020-11-01;"Trenčiansky kraj";257;804;23;827;NA;27461;280;2020-11-01;-29222
2020-10-31;"Trenčiansky kraj";332;4719;82;4801;NA;27461;414;2020-10-31;-29502
2020-10-30;"Trenčiansky kraj";299;5283;102;5385;NA;27461;401;2020-10-30;-29916
2020-10-29;"Trenčiansky kraj";496;764;68;832;NA;27461;564;2020-10-29;-30317
2020-10-28;"Trenčiansky kraj";269;192;33;225;NA;27461;302;2020-10-28;-30881
2020-10-27;"Trenčiansky kraj";473;127;27;154;NA;27461;500;2020-10-27;-31183
2020-10-26;"Trenčiansky kraj";177;103;31;134;NA;27461;208;2020-10-26;-31683
2020-10-25;"Trenčiansky kraj";138;9;5;14;NA;27461;143;2020-10-25;-31891
2020-10-24;"Trenčiansky kraj";395;128;6;134;NA;27461;401;2020-10-24;-32034
2020-10-23;"Trenčiansky kraj";301;154;8;162;NA;27461;309;2020-10-23;-32435
2020-10-22;"Trenčiansky kraj";273;82;12;94;NA;27461;285;2020-10-22;-32744
2020-10-21;"Trenčiansky kraj";183;53;9;62;NA;27461;192;2020-10-21;-33029
2020-10-20;"Trenčiansky kraj";212;47;6;53;NA;27461;218;2020-10-20;-33221
2020-10-19;"Trenčiansky kraj";41;83;25;108;NA;27461;66;2020-10-19;-33439
2020-10-18;"Trenčiansky kraj";104;0;0;0;NA;27461;104;2020-10-18;-33505
2020-10-17;"Trenčiansky kraj";157;0;0;0;NA;27461;157;2020-10-17;-33609
2020-10-16;"Trenčiansky kraj";225;42;6;48;NA;27461;231;2020-10-16;-33766
2020-10-15;"Trenčiansky kraj";255;39;4;43;NA;27461;259;2020-10-15;-33997
2020-10-14;"Trenčiansky kraj";162;42;7;49;NA;27461;169;2020-10-14;-34256
2020-10-13;"Trenčiansky kraj";124;105;12;117;NA;27461;136;2020-10-13;-34425
2020-10-12;"Trenčiansky kraj";55;0;0;0;NA;27461;55;2020-10-12;-34561
2020-10-11;"Trenčiansky kraj";73;0;0;0;NA;27461;73;2020-10-11;-34616
2020-10-10;"Trenčiansky kraj";180;0;0;0;NA;27461;180;2020-10-10;-34689
2020-10-09;"Trenčiansky kraj";198;0;0;0;NA;27461;198;2020-10-09;-34869
2020-10-08;"Trenčiansky kraj";115;0;0;0;NA;27461;115;2020-10-08;-35067
2020-10-07;"Trenčiansky kraj";75;0;0;0;NA;27461;75;2020-10-07;-35182
2020-10-06;"Trenčiansky kraj";72;0;0;0;NA;27461;72;2020-10-06;-35257
2020-10-05;"Trenčiansky kraj";32;0;0;0;NA;27461;32;2020-10-05;-35329
2020-10-04;"Trenčiansky kraj";37;0;0;0;NA;27461;37;2020-10-04;-35361
2020-10-03;"Trenčiansky kraj";79;0;0;0;NA;27461;79;2020-10-03;-35398
2020-10-02;"Trenčiansky kraj";69;0;0;0;NA;27461;69;2020-10-02;-35477
2020-10-01;"Trenčiansky kraj";58;0;0;0;NA;27461;58;2020-10-01;-35546
2020-09-30;"Trenčiansky kraj";76;0;0;0;NA;27461;76;2020-09-30;-35604
2020-09-29;"Trenčiansky kraj";43;0;0;0;NA;27461;43;2020-09-29;-35680
2020-09-28;"Trenčiansky kraj";7;0;0;0;NA;27461;7;2020-09-28;-35723
2020-09-27;"Trenčiansky kraj";12;0;0;0;NA;27461;12;2020-09-27;-35730
2020-09-26;"Trenčiansky kraj";37;0;0;0;NA;27461;37;2020-09-26;-35742
2020-09-25;"Trenčiansky kraj";72;0;0;0;NA;27461;72;2020-09-25;-35779
2020-09-24;"Trenčiansky kraj";41;0;0;0;NA;27461;41;2020-09-24;-35851
2020-09-23;"Trenčiansky kraj";32;0;0;0;NA;27461;32;2020-09-23;-35892
2020-09-22;"Trenčiansky kraj";26;0;0;0;NA;27461;26;2020-09-22;-35924
2020-09-21;"Trenčiansky kraj";23;0;0;0;NA;27461;23;2020-09-21;-35950
2020-09-20;"Trenčiansky kraj";21;0;0;0;NA;27461;21;2020-09-20;-35973
2020-09-19;"Trenčiansky kraj";20;0;0;0;NA;27461;20;2020-09-19;-35994
2020-09-18;"Trenčiansky kraj";41;0;0;0;NA;27461;41;2020-09-18;-36014
2020-09-17;"Trenčiansky kraj";20;0;0;0;NA;27461;20;2020-09-17;-36055
2020-09-16;"Trenčiansky kraj";14;0;0;0;NA;27461;14;2020-09-16;-36075
2020-09-15;"Trenčiansky kraj";8;0;0;0;NA;27461;8;2020-09-15;-36089
2020-09-14;"Trenčiansky kraj";5;0;0;0;NA;27461;5;2020-09-14;-36097
2020-09-13;"Trenčiansky kraj";12;0;0;0;NA;27461;12;2020-09-13;-36102
2020-09-12;"Trenčiansky kraj";2;0;0;0;NA;27461;2;2020-09-12;-36114
2020-09-11;"Trenčiansky kraj";27;0;0;0;NA;27461;27;2020-09-11;-36116
2020-09-10;"Trenčiansky kraj";15;0;0;0;NA;27461;15;2020-09-10;-36143
2020-09-09;"Trenčiansky kraj";11;0;0;0;NA;27461;11;2020-09-09;-36158
2020-09-08;"Trenčiansky kraj";12;0;0;0;NA;27461;12;2020-09-08;-36169
2020-09-07;"Trenčiansky kraj";6;0;0;0;NA;27461;6;2020-09-07;-36181
2020-09-06;"Trenčiansky kraj";1;0;0;0;NA;27461;1;2020-09-06;-36187
2020-09-05;"Trenčiansky kraj";3;0;0;0;NA;27461;3;2020-09-05;-36188
2020-09-04;"Trenčiansky kraj";9;0;0;0;NA;27461;9;2020-09-04;-36191
2020-09-03;"Trenčiansky kraj";10;0;0;0;NA;27461;10;2020-09-03;-36200
2021-02-12;"Trnavský kraj";300;21638;282;21920;NA;29326;582;2021-02-12;29326
2021-02-11;"Trnavský kraj";422;9600;343;9943;NA;29326;765;2021-02-11;28744
2021-02-10;"Trnavský kraj";511;8830;300;9130;NA;29326;811;2021-02-10;27979
2021-02-09;"Trnavský kraj";544;12726;366;13092;NA;29326;910;2021-02-09;27168
2021-02-08;"Trnavský kraj";220;33833;487;34320;NA;29326;707;2021-02-08;26258
2021-02-07;"Trnavský kraj";140;68837;627;69464;NA;29326;767;2021-02-07;25551
2021-02-06;"Trnavský kraj";348;111674;1473;113147;NA;29326;1821;2021-02-06;24784
2021-02-05;"Trnavský kraj";377;15918;354;16272;NA;29326;731;2021-02-05;22963
2021-02-04;"Trnavský kraj";456;10692;551;11243;NA;29326;1007;2021-02-04;22232
2021-02-03;"Trnavský kraj";472;6126;391;6517;NA;29326;863;2021-02-03;21225
2021-02-02;"Trnavský kraj";446;13821;414;14235;NA;29326;860;2021-02-02;20362
2021-02-01;"Trnavský kraj";198;39792;710;40502;NA;29326;908;2021-02-01;19502
2021-01-31;"Trnavský kraj";19;62728;778;63506;NA;29326;797;2021-01-31;18594
2021-01-30;"Trnavský kraj";323;110157;1268;111425;NA;29326;1591;2021-01-30;17797
2021-01-29;"Trnavský kraj";196;9563;284;9847;NA;29326;480;2021-01-29;16206
2021-01-28;"Trnavský kraj";389;5815;286;6101;NA;29326;675;2021-01-28;15726
2021-01-27;"Trnavský kraj";433;5301;219;5520;NA;29326;652;2021-01-27;15051
2021-01-26;"Trnavský kraj";565;25345;650;25995;NA;29326;1215;2021-01-26;14399
2021-01-25;"Trnavský kraj";210;43441;632;44073;NA;29326;842;2021-01-25;13184
2021-01-24;"Trnavský kraj";91;55652;703;56355;NA;29326;794;2021-01-24;12342
2021-01-23;"Trnavský kraj";372;116896;1336;118232;NA;29326;1708;2021-01-23;11548
2021-01-22;"Trnavský kraj";217;32439;500;32939;NA;29326;717;2021-01-22;9840
2021-01-21;"Trnavský kraj";311;13834;378;14212;NA;29326;689;2021-01-21;9123
2021-01-20;"Trnavský kraj";503;8149;274;8423;NA;29326;777;2021-01-20;8434
2021-01-19;"Trnavský kraj";415;7020;347;7367;NA;29326;762;2021-01-19;7657
2021-01-18;"Trnavský kraj";247;6237;484;6721;NA;29326;731;2021-01-18;6895
2021-01-17;"Trnavský kraj";128;854;215;1069;NA;29326;343;2021-01-17;6164
2021-01-16;"Trnavský kraj";103;599;19;618;NA;29326;122;2021-01-16;5821
2021-01-15;"Trnavský kraj";278;5466;336;5802;NA;29326;614;2021-01-15;5699
2021-01-14;"Trnavský kraj";452;3994;337;4331;NA;29326;789;2021-01-14;5085
2021-01-13;"Trnavský kraj";457;4752;378;5130;NA;29326;835;2021-01-13;4296
2021-01-12;"Trnavský kraj";469;7177;483;7660;NA;29326;952;2021-01-12;3461
2021-01-11;"Trnavský kraj";370;4911;376;5287;NA;29326;746;2021-01-11;2509
2021-01-10;"Trnavský kraj";71;8;0;8;NA;29326;71;2021-01-10;1763
2021-01-09;"Trnavský kraj";417;1775;100;1875;NA;29326;517;2021-01-09;1692
2021-01-08;"Trnavský kraj";381;6349;502;6851;NA;29326;883;2021-01-08;1175
2021-01-07;"Trnavský kraj";501;4074;397;4471;NA;29326;898;2021-01-07;292
2021-01-06;"Trnavský kraj";179;758;132;890;NA;29326;311;2021-01-06;-606
2021-01-05;"Trnavský kraj";611;6188;705;6893;NA;29326;1316;2021-01-05;-917
2021-01-04;"Trnavský kraj";302;5235;689;5924;NA;29326;991;2021-01-04;-2233
2021-01-03;"Trnavský kraj";60;51;7;58;NA;29326;67;2021-01-03;-3224
2021-01-02;"Trnavský kraj";282;412;30;442;NA;29326;312;2021-01-02;-3291
2021-01-01;"Trnavský kraj";143;449;76;525;NA;29326;219;2021-01-01;-3603
2020-12-31;"Trnavský kraj";498;8488;858;9346;NA;29326;1356;2020-12-31;-3822
2020-12-30;"Trnavský kraj";785;5321;612;5933;NA;29326;1397;2020-12-30;-5178
2020-12-29;"Trnavský kraj";322;4999;593;5592;NA;29326;915;2020-12-29;-6575
2020-12-28;"Trnavský kraj";213;5339;615;5954;NA;29326;828;2020-12-28;-7490
2020-12-27;"Trnavský kraj";27;13;4;17;NA;29326;31;2020-12-27;-8318
2020-12-26;"Trnavský kraj";148;44;1;45;NA;29326;149;2020-12-26;-8349
2020-12-25;"Trnavský kraj";65;49;5;54;NA;29326;70;2020-12-25;-8498
2020-12-24;"Trnavský kraj";333;1359;117;1476;NA;29326;450;2020-12-24;-8568
2020-12-23;"Trnavský kraj";210;6417;375;6792;NA;29326;585;2020-12-23;-9018
2020-12-22;"Trnavský kraj";311;5590;491;6081;NA;29326;802;2020-12-22;-9603
2020-12-21;"Trnavský kraj";328;4527;399;4926;NA;29326;727;2020-12-21;-10405
2020-12-20;"Trnavský kraj";134;110;12;122;NA;29326;146;2020-12-20;-11132
2020-12-19;"Trnavský kraj";201;1046;86;1132;NA;29326;287;2020-12-19;-11278
2020-12-18;"Trnavský kraj";341;4898;378;5276;NA;29326;719;2020-12-18;-11565
2020-12-17;"Trnavský kraj";375;4996;407;5403;NA;29326;782;2020-12-17;-12284
2020-12-16;"Trnavský kraj";312;5249;405;5654;NA;29326;717;2020-12-16;-13066
2020-12-15;"Trnavský kraj";492;6622;632;7254;NA;29326;1124;2020-12-15;-13783
2020-12-14;"Trnavský kraj";161;3505;292;3797;NA;29326;453;2020-12-14;-14907
2020-12-13;"Trnavský kraj";7;0;0;0;NA;29326;7;2020-12-13;-15360
2020-12-12;"Trnavský kraj";254;1456;114;1570;NA;29326;368;2020-12-12;-15367
2020-12-11;"Trnavský kraj";384;4683;262;4945;NA;29326;646;2020-12-11;-15735
2020-12-10;"Trnavský kraj";183;5194;320;5514;NA;29326;503;2020-12-10;-16381
2020-12-09;"Trnavský kraj";521;4283;321;4604;NA;29326;842;2020-12-09;-16884
2020-12-08;"Trnavský kraj";281;4090;304;4394;NA;29326;585;2020-12-08;-17726
2020-12-07;"Trnavský kraj";178;2895;199;3094;NA;29326;377;2020-12-07;-18311
2020-12-06;"Trnavský kraj";46;0;0;0;NA;29326;46;2020-12-06;-18688
2020-12-05;"Trnavský kraj";129;2218;41;2259;NA;29326;170;2020-12-05;-18734
2020-12-04;"Trnavský kraj";242;3948;158;4106;NA;29326;400;2020-12-04;-18904
2020-12-03;"Trnavský kraj";248;2770;190;2960;NA;29326;438;2020-12-03;-19304
2020-12-02;"Trnavský kraj";284;4516;176;4692;NA;29326;460;2020-12-02;-19742
2020-12-01;"Trnavský kraj";253;3190;205;3395;NA;29326;458;2020-12-01;-20202
2020-11-30;"Trnavský kraj";200;7360;186;7546;NA;29326;386;2020-11-30;-20660
2020-11-29;"Trnavský kraj";17;708;34;742;NA;29326;51;2020-11-29;-21046
2020-11-28;"Trnavský kraj";83;1453;77;1530;NA;29326;160;2020-11-28;-21097
2020-11-27;"Trnavský kraj";148;1591;83;1674;NA;29326;231;2020-11-27;-21257
2020-11-26;"Trnavský kraj";234;985;59;1044;NA;29326;293;2020-11-26;-21488
2020-11-25;"Trnavský kraj";232;1029;72;1101;NA;29326;304;2020-11-25;-21781
2020-11-24;"Trnavský kraj";295;1772;91;1863;NA;29326;386;2020-11-24;-22085
2020-11-23;"Trnavský kraj";242;7207;125;7332;NA;29326;367;2020-11-23;-22471
2020-11-22;"Trnavský kraj";10;54;3;57;NA;29326;13;2020-11-22;-22838
2020-11-21;"Trnavský kraj";129;1214;23;1237;NA;29326;152;2020-11-21;-22851
2020-11-20;"Trnavský kraj";246;1027;61;1088;NA;29326;307;2020-11-20;-23003
2020-11-19;"Trnavský kraj";157;694;58;752;NA;29326;215;2020-11-19;-23310
2020-11-18;"Trnavský kraj";235;716;75;791;NA;29326;310;2020-11-18;-23525
2020-11-17;"Trnavský kraj";129;695;72;767;NA;29326;201;2020-11-17;-23835
2020-11-16;"Trnavský kraj";187;682;32;714;NA;29326;219;2020-11-16;-24036
2020-11-15;"Trnavský kraj";23;73;4;77;NA;29326;27;2020-11-15;-24255
2020-11-14;"Trnavský kraj";86;389;10;399;NA;29326;96;2020-11-14;-24282
2020-11-13;"Trnavský kraj";219;1312;21;1333;NA;29326;240;2020-11-13;-24378
2020-11-12;"Trnavský kraj";162;420;18;438;NA;29326;180;2020-11-12;-24618
2020-11-11;"Trnavský kraj";257;392;15;407;NA;29326;272;2020-11-11;-24798
2020-11-10;"Trnavský kraj";189;889;30;919;NA;29326;219;2020-11-10;-25070
2020-11-09;"Trnavský kraj";196;369;23;392;NA;29326;219;2020-11-09;-25289
2020-11-08;"Trnavský kraj";55;306;4;310;NA;29326;59;2020-11-08;-25508
2020-11-07;"Trnavský kraj";207;6070;74;6144;NA;29326;281;2020-11-07;-25567
2020-11-06;"Trnavský kraj";260;1531;19;1550;NA;29326;279;2020-11-06;-25848
2020-11-05;"Trnavský kraj";150;220;27;247;NA;29326;177;2020-11-05;-26127
2020-11-04;"Trnavský kraj";188;212;10;222;NA;29326;198;2020-11-04;-26304
2020-11-03;"Trnavský kraj";317;127;8;135;NA;29326;325;2020-11-03;-26502
2020-11-02;"Trnavský kraj";281;1728;31;1759;NA;29326;312;2020-11-02;-26827
2020-11-01;"Trnavský kraj";87;494;27;521;NA;29326;114;2020-11-01;-27139
2020-10-31;"Trnavský kraj";259;5024;41;5065;NA;29326;300;2020-10-31;-27253
2020-10-30;"Trnavský kraj";198;3784;27;3811;NA;29326;225;2020-10-30;-27553
2020-10-29;"Trnavský kraj";273;1461;16;1477;NA;29326;289;2020-10-29;-27778
2020-10-28;"Trnavský kraj";319;117;16;133;NA;29326;335;2020-10-28;-28067
2020-10-27;"Trnavský kraj";199;461;36;497;NA;29326;235;2020-10-27;-28402
2020-10-26;"Trnavský kraj";153;29;2;31;NA;29326;155;2020-10-26;-28637
2020-10-25;"Trnavský kraj";95;19;1;20;NA;29326;96;2020-10-25;-28792
2020-10-24;"Trnavský kraj";158;109;2;111;NA;29326;160;2020-10-24;-28888
2020-10-23;"Trnavský kraj";201;89;4;93;NA;29326;205;2020-10-23;-29048
2020-10-22;"Trnavský kraj";195;55;2;57;NA;29326;197;2020-10-22;-29253
2020-10-21;"Trnavský kraj";134;73;3;76;NA;29326;137;2020-10-21;-29450
2020-10-20;"Trnavský kraj";202;82;3;85;NA;29326;205;2020-10-20;-29587
2020-10-19;"Trnavský kraj";67;55;0;55;NA;29326;67;2020-10-19;-29792
2020-10-18;"Trnavský kraj";84;0;0;0;NA;29326;84;2020-10-18;-29859
2020-10-17;"Trnavský kraj";123;0;0;0;NA;29326;123;2020-10-17;-29943
2020-10-16;"Trnavský kraj";86;45;2;47;NA;29326;88;2020-10-16;-30066
2020-10-15;"Trnavský kraj";155;66;2;68;NA;29326;157;2020-10-15;-30154
2020-10-14;"Trnavský kraj";236;468;3;471;NA;29326;239;2020-10-14;-30311
2020-10-13;"Trnavský kraj";138;16;2;18;NA;29326;140;2020-10-13;-30550
2020-10-12;"Trnavský kraj";33;41;1;42;NA;29326;34;2020-10-12;-30690
2020-10-11;"Trnavský kraj";31;0;0;0;NA;29326;31;2020-10-11;-30724
2020-10-10;"Trnavský kraj";128;0;0;0;NA;29326;128;2020-10-10;-30755
2020-10-09;"Trnavský kraj";156;0;0;0;NA;29326;156;2020-10-09;-30883
2020-10-08;"Trnavský kraj";153;0;0;0;NA;29326;153;2020-10-08;-31039
2020-10-07;"Trnavský kraj";80;0;0;0;NA;29326;80;2020-10-07;-31192
2020-10-06;"Trnavský kraj";112;0;0;0;NA;29326;112;2020-10-06;-31272
2020-10-05;"Trnavský kraj";33;0;0;0;NA;29326;33;2020-10-05;-31384
2020-10-04;"Trnavský kraj";44;0;0;0;NA;29326;44;2020-10-04;-31417
2020-10-03;"Trnavský kraj";60;0;0;0;NA;29326;60;2020-10-03;-31461
2020-10-02;"Trnavský kraj";41;0;0;0;NA;29326;41;2020-10-02;-31521
2020-10-01;"Trnavský kraj";53;0;0;0;NA;29326;53;2020-10-01;-31562
2020-09-30;"Trnavský kraj";91;0;0;0;NA;29326;91;2020-09-30;-31615
2020-09-29;"Trnavský kraj";40;0;0;0;NA;29326;40;2020-09-29;-31706
2020-09-28;"Trnavský kraj";69;0;0;0;NA;29326;69;2020-09-28;-31746
2020-09-27;"Trnavský kraj";30;0;0;0;NA;29326;30;2020-09-27;-31815
2020-09-26;"Trnavský kraj";46;0;0;0;NA;29326;46;2020-09-26;-31845
2020-09-25;"Trnavský kraj";32;0;0;0;NA;29326;32;2020-09-25;-31891
2020-09-24;"Trnavský kraj";42;0;0;0;NA;29326;42;2020-09-24;-31923
2020-09-23;"Trnavský kraj";43;0;0;0;NA;29326;43;2020-09-23;-31965
2020-09-22;"Trnavský kraj";55;0;0;0;NA;29326;55;2020-09-22;-32008
2020-09-21;"Trnavský kraj";41;0;0;0;NA;29326;41;2020-09-21;-32063
2020-09-20;"Trnavský kraj";17;0;0;0;NA;29326;17;2020-09-20;-32104
2020-09-19;"Trnavský kraj";4;0;0;0;NA;29326;4;2020-09-19;-32121
2020-09-18;"Trnavský kraj";33;0;0;0;NA;29326;33;2020-09-18;-32125
2020-09-17;"Trnavský kraj";42;0;0;0;NA;29326;42;2020-09-17;-32158
2020-09-16;"Trnavský kraj";49;0;0;0;NA;29326;49;2020-09-16;-32200
2020-09-15;"Trnavský kraj";5;0;0;0;NA;29326;5;2020-09-15;-32249
2020-09-14;"Trnavský kraj";26;0;0;0;NA;29326;26;2020-09-14;-32254
2020-09-13;"Trnavský kraj";9;0;0;0;NA;29326;9;2020-09-13;-32280
2020-09-12;"Trnavský kraj";12;0;0;0;NA;29326;12;2020-09-12;-32289
2020-09-11;"Trnavský kraj";16;0;0;0;NA;29326;16;2020-09-11;-32301
2020-09-10;"Trnavský kraj";32;0;0;0;NA;29326;32;2020-09-10;-32317
2020-09-09;"Trnavský kraj";14;0;0;0;NA;29326;14;2020-09-09;-32349
2020-09-08;"Trnavský kraj";11;0;0;0;NA;29326;11;2020-09-08;-32363
2020-09-07;"Trnavský kraj";7;0;0;0;NA;29326;7;2020-09-07;-32374
2020-09-06;"Trnavský kraj";5;0;0;0;NA;29326;5;2020-09-06;-32381
2020-09-05;"Trnavský kraj";7;0;0;0;NA;29326;7;2020-09-05;-32386
2020-09-04;"Trnavský kraj";16;0;0;0;NA;29326;16;2020-09-04;-32393
2020-09-03;"Trnavský kraj";8;0;0;0;NA;29326;8;2020-09-03;-32409
2021-02-12;"Žilinský kraj";242;34119;276;34395;NA;25959;518;2021-02-12;25959
2021-02-11;"Žilinský kraj";228;19897;276;20173;NA;25959;504;2021-02-11;25441
2021-02-10;"Žilinský kraj";259;16547;257;16804;NA;25959;516;2021-02-10;24937
2021-02-09;"Žilinský kraj";377;23657;271;23928;NA;25959;648;2021-02-09;24421
2021-02-08;"Žilinský kraj";160;43789;407;44196;NA;25959;567;2021-02-08;23773
2021-02-07;"Žilinský kraj";24;38440;199;38639;NA;25959;223;2021-02-07;23206
2021-02-06;"Žilinský kraj";71;65600;322;65922;NA;25959;393;2021-02-06;22983
2021-02-05;"Žilinský kraj";248;30326;293;30619;NA;25959;541;2021-02-05;22590
2021-02-04;"Žilinský kraj";238;11087;226;11313;NA;25959;464;2021-02-04;22049
2021-02-03;"Žilinský kraj";194;8666;246;8912;NA;25959;440;2021-02-03;21585
2021-02-02;"Žilinský kraj";216;9769;276;10045;NA;25959;492;2021-02-02;21145
2021-02-01;"Žilinský kraj";220;18605;332;18937;NA;25959;552;2021-02-01;20653
2021-01-31;"Žilinský kraj";11;42;1;43;NA;25959;12;2021-01-31;20101
2021-01-30;"Žilinský kraj";85;15377;156;15533;NA;25959;241;2021-01-30;20089
2021-01-29;"Žilinský kraj";30;17212;214;17426;NA;25959;244;2021-01-29;19848
2021-01-28;"Žilinský kraj";240;5598;174;5772;NA;25959;414;2021-01-28;19604
2021-01-27;"Žilinský kraj";256;6977;123;7100;NA;25959;379;2021-01-27;19190
2021-01-26;"Žilinský kraj";245;49404;342;49746;NA;25959;587;2021-01-26;18811
2021-01-25;"Žilinský kraj";159;18615;131;18746;NA;25959;290;2021-01-25;18224
2021-01-24;"Žilinský kraj";22;32472;138;32610;NA;25959;160;2021-01-24;17934
2021-01-23;"Žilinský kraj";91;88106;395;88501;NA;25959;486;2021-01-23;17774
2021-01-22;"Žilinský kraj";163;28047;228;28275;NA;25959;391;2021-01-22;17288
2021-01-21;"Žilinský kraj";116;19351;178;19529;NA;25959;294;2021-01-21;16897
2021-01-20;"Žilinský kraj";236;16958;165;17123;NA;25959;401;2021-01-20;16603
2021-01-19;"Žilinský kraj";245;17570;405;17975;NA;25959;650;2021-01-19;16202
2021-01-18;"Žilinský kraj";236;12487;334;12821;NA;25959;570;2021-01-18;15552
2021-01-17;"Žilinský kraj";95;113;2;115;NA;25959;97;2021-01-17;14982
2021-01-16;"Žilinský kraj";14;314;8;322;NA;25959;22;2021-01-16;14885
2021-01-15;"Žilinský kraj";248;7149;202;7351;NA;25959;450;2021-01-15;14863
2021-01-14;"Žilinský kraj";166;5637;253;5890;NA;25959;419;2021-01-14;14413
2021-01-13;"Žilinský kraj";247;11341;554;11895;NA;25959;801;2021-01-13;13994
2021-01-12;"Žilinský kraj";376;8924;426;9350;NA;25959;802;2021-01-12;13193
2021-01-11;"Žilinský kraj";351;10485;510;10995;NA;25959;861;2021-01-11;12391
2021-01-10;"Žilinský kraj";38;189;7;196;NA;25959;45;2021-01-10;11530
2021-01-09;"Žilinský kraj";192;1992;85;2077;NA;25959;277;2021-01-09;11485
2021-01-08;"Žilinský kraj";413;9352;511;9863;NA;25959;924;2021-01-08;11208
2021-01-07;"Žilinský kraj";438;23644;1880;25524;NA;25959;2318;2021-01-07;10284
2021-01-06;"Žilinský kraj";145;1338;89;1427;NA;25959;234;2021-01-06;7966
2021-01-05;"Žilinský kraj";717;11310;929;12239;NA;25959;1646;2021-01-05;7732
2021-01-04;"Žilinský kraj";479;9549;949;10498;NA;25959;1428;2021-01-04;6086
2021-01-03;"Žilinský kraj";13;33;4;37;NA;25959;17;2021-01-03;4658
2021-01-02;"Žilinský kraj";98;746;86;832;NA;25959;184;2021-01-02;4641
2021-01-01;"Žilinský kraj";118;552;36;588;NA;25959;154;2021-01-01;4457
2020-12-31;"Žilinský kraj";395;10348;833;11181;NA;25959;1228;2020-12-31;4303
2020-12-30;"Žilinský kraj";1038;12157;860;13017;NA;25959;1898;2020-12-30;3075
2020-12-29;"Žilinský kraj";256;10800;1070;11870;NA;25959;1326;2020-12-29;1177
2020-12-28;"Žilinský kraj";406;10770;1002;11772;NA;25959;1408;2020-12-28;-149
2020-12-27;"Žilinský kraj";40;662;80;742;NA;25959;120;2020-12-27;-1557
2020-12-26;"Žilinský kraj";135;124;14;138;NA;25959;149;2020-12-26;-1677
2020-12-25;"Žilinský kraj";66;111;10;121;NA;25959;76;2020-12-25;-1826
2020-12-24;"Žilinský kraj";643;1018;75;1093;NA;25959;718;2020-12-24;-1902
2020-12-23;"Žilinský kraj";228;17258;1012;18270;NA;25959;1240;2020-12-23;-2620
2020-12-22;"Žilinský kraj";519;13188;1023;14211;NA;25959;1542;2020-12-22;-3860
2020-12-21;"Žilinský kraj";444;12703;1107;13810;NA;25959;1551;2020-12-21;-5402
2020-12-20;"Žilinský kraj";36;579;73;652;NA;25959;109;2020-12-20;-6953
2020-12-19;"Žilinský kraj";208;2080;144;2224;NA;25959;352;2020-12-19;-7062
2020-12-18;"Žilinský kraj";333;7027;402;7429;NA;25959;735;2020-12-18;-7414
2020-12-17;"Žilinský kraj";500;4333;281;4614;NA;25959;781;2020-12-17;-8149
2020-12-16;"Žilinský kraj";333;4365;305;4670;NA;25959;638;2020-12-16;-8930
2020-12-15;"Žilinský kraj";528;4399;387;4786;NA;25959;915;2020-12-15;-9568
2020-12-14;"Žilinský kraj";321;4401;358;4759;NA;25959;679;2020-12-14;-10483
2020-12-13;"Žilinský kraj";26;515;64;579;NA;25959;90;2020-12-13;-11162
2020-12-12;"Žilinský kraj";95;1061;53;1114;NA;25959;148;2020-12-12;-11252
2020-12-11;"Žilinský kraj";455;4596;282;4878;NA;25959;737;2020-12-11;-11400
2020-12-10;"Žilinský kraj";166;9407;849;10256;NA;25959;1015;2020-12-10;-12137
2020-12-09;"Žilinský kraj";392;2559;163;2722;NA;25959;555;2020-12-09;-13152
2020-12-08;"Žilinský kraj";331;3915;188;4103;NA;25959;519;2020-12-08;-13707
2020-12-07;"Žilinský kraj";348;2274;121;2395;NA;25959;469;2020-12-07;-14226
2020-12-06;"Žilinský kraj";15;134;4;138;NA;25959;19;2020-12-06;-14695
2020-12-05;"Žilinský kraj";98;1237;45;1282;NA;25959;143;2020-12-05;-14714
2020-12-04;"Žilinský kraj";228;2847;120;2967;NA;25959;348;2020-12-04;-14857
2020-12-03;"Žilinský kraj";237;1412;119;1531;NA;25959;356;2020-12-03;-15205
2020-12-02;"Žilinský kraj";181;1553;82;1635;NA;25959;263;2020-12-02;-15561
2020-12-01;"Žilinský kraj";209;6529;309;6838;NA;25959;518;2020-12-01;-15824
2020-11-30;"Žilinský kraj";202;5232;291;5523;NA;25959;493;2020-11-30;-16342
2020-11-29;"Žilinský kraj";18;81;7;88;NA;25959;25;2020-11-29;-16835
2020-11-28;"Žilinský kraj";99;349;15;364;NA;25959;114;2020-11-28;-16860
2020-11-27;"Žilinský kraj";218;913;46;959;NA;25959;264;2020-11-27;-16974
2020-11-26;"Žilinský kraj";189;1104;57;1161;NA;25959;246;2020-11-26;-17238
2020-11-25;"Žilinský kraj";225;1217;49;1266;NA;25959;274;2020-11-25;-17484
2020-11-24;"Žilinský kraj";213;2092;67;2159;NA;25959;280;2020-11-24;-17758
2020-11-23;"Žilinský kraj";170;759;44;803;NA;25959;214;2020-11-23;-18038
2020-11-22;"Žilinský kraj";11;0;0;0;NA;25959;11;2020-11-22;-18252
2020-11-21;"Žilinský kraj";61;505;20;525;NA;25959;81;2020-11-21;-18263
2020-11-20;"Žilinský kraj";251;1074;45;1119;NA;25959;296;2020-11-20;-18344
2020-11-19;"Žilinský kraj";252;752;61;813;NA;25959;313;2020-11-19;-18640
2020-11-18;"Žilinský kraj";346;348;15;363;NA;25959;361;2020-11-18;-18953
2020-11-17;"Žilinský kraj";123;490;15;505;NA;25959;138;2020-11-17;-19314
2020-11-16;"Žilinský kraj";227;206;13;219;NA;25959;240;2020-11-16;-19452
2020-11-15;"Žilinský kraj";63;13;0;13;NA;25959;63;2020-11-15;-19692
2020-11-14;"Žilinský kraj";189;1038;11;1049;NA;25959;200;2020-11-14;-19755
2020-11-13;"Žilinský kraj";181;125;9;134;NA;25959;190;2020-11-13;-19955
2020-11-12;"Žilinský kraj";334;79;2;81;NA;25959;336;2020-11-12;-20145
2020-11-11;"Žilinský kraj";489;147;10;157;NA;25959;499;2020-11-11;-20481
2020-11-10;"Žilinský kraj";374;519;9;528;NA;25959;383;2020-11-10;-20980
2020-11-09;"Žilinský kraj";143;2335;30;2365;NA;25959;173;2020-11-09;-21363
2020-11-08;"Žilinský kraj";59;2196;35;2231;NA;25959;94;2020-11-08;-21536
2020-11-07;"Žilinský kraj";312;8175;88;8263;NA;25959;400;2020-11-07;-21630
2020-11-06;"Žilinský kraj";503;4090;38;4128;NA;25959;541;2020-11-06;-22030
2020-11-05;"Žilinský kraj";473;64;4;68;NA;25959;477;2020-11-05;-22571
2020-11-04;"Žilinský kraj";423;168;10;178;NA;25959;433;2020-11-04;-23048
2020-11-03;"Žilinský kraj";688;889;16;905;NA;25959;704;2020-11-03;-23481
2020-11-02;"Žilinský kraj";472;1043;39;1082;NA;25959;511;2020-11-02;-24185
2020-11-01;"Žilinský kraj";349;5096;130;5226;NA;25959;479;2020-11-01;-24696
2020-10-31;"Žilinský kraj";662;7963;203;8166;NA;25959;865;2020-10-31;-25175
2020-10-30;"Žilinský kraj";529;2575;61;2636;NA;25959;590;2020-10-30;-26040
2020-10-29;"Žilinský kraj";740;503;17;520;NA;25959;757;2020-10-29;-26630
2020-10-28;"Žilinský kraj";635;105;11;116;NA;25959;646;2020-10-28;-27387
2020-10-27;"Žilinský kraj";355;154;24;178;NA;25959;379;2020-10-27;-28033
2020-10-26;"Žilinský kraj";148;117;28;145;NA;25959;176;2020-10-26;-28412
2020-10-25;"Žilinský kraj";436;0;0;0;NA;25959;436;2020-10-25;-28588
2020-10-24;"Žilinský kraj";803;0;0;0;NA;25959;803;2020-10-24;-29024
2020-10-23;"Žilinský kraj";659;102;13;115;NA;25959;672;2020-10-23;-29827
2020-10-22;"Žilinský kraj";525;33;3;36;NA;25959;528;2020-10-22;-30499
2020-10-21;"Žilinský kraj";478;74;14;88;NA;25959;492;2020-10-21;-31027
2020-10-20;"Žilinský kraj";524;127;8;135;NA;25959;532;2020-10-20;-31519
2020-10-19;"Žilinský kraj";70;80;12;92;NA;25959;82;2020-10-19;-32051
2020-10-18;"Žilinský kraj";159;0;0;0;NA;25959;159;2020-10-18;-32133
2020-10-17;"Žilinský kraj";509;0;0;0;NA;25959;509;2020-10-17;-32292
2020-10-16;"Žilinský kraj";603;51;9;60;NA;25959;612;2020-10-16;-32801
2020-10-15;"Žilinský kraj";679;61;3;64;NA;25959;682;2020-10-15;-33413
2020-10-14;"Žilinský kraj";523;269;6;275;NA;25959;529;2020-10-14;-34095
2020-10-13;"Žilinský kraj";367;458;40;498;NA;25959;407;2020-10-13;-34624
2020-10-12;"Žilinský kraj";62;0;0;0;NA;25959;62;2020-10-12;-35031
2020-10-11;"Žilinský kraj";50;0;0;0;NA;25959;50;2020-10-11;-35093
2020-10-10;"Žilinský kraj";213;0;0;0;NA;25959;213;2020-10-10;-35143
2020-10-09;"Žilinský kraj";543;0;0;0;NA;25959;543;2020-10-09;-35356
2020-10-08;"Žilinský kraj";238;0;0;0;NA;25959;238;2020-10-08;-35899
2020-10-07;"Žilinský kraj";168;0;0;0;NA;25959;168;2020-10-07;-36137
2020-10-06;"Žilinský kraj";233;0;0;0;NA;25959;233;2020-10-06;-36305
2020-10-05;"Žilinský kraj";33;0;0;0;NA;25959;33;2020-10-05;-36538
2020-10-04;"Žilinský kraj";35;0;0;0;NA;25959;35;2020-10-04;-36571
2020-10-03;"Žilinský kraj";155;0;0;0;NA;25959;155;2020-10-03;-36606
2020-10-02;"Žilinský kraj";105;0;0;0;NA;25959;105;2020-10-02;-36761
2020-10-01;"Žilinský kraj";147;0;0;0;NA;25959;147;2020-10-01;-36866
2020-09-30;"Žilinský kraj";163;0;0;0;NA;25959;163;2020-09-30;-37013
2020-09-29;"Žilinský kraj";105;0;0;0;NA;25959;105;2020-09-29;-37176
2020-09-28;"Žilinský kraj";34;0;0;0;NA;25959;34;2020-09-28;-37281
2020-09-27;"Žilinský kraj";108;0;0;0;NA;25959;108;2020-09-27;-37315
2020-09-26;"Žilinský kraj";96;0;0;0;NA;25959;96;2020-09-26;-37423
2020-09-25;"Žilinský kraj";69;0;0;0;NA;25959;69;2020-09-25;-37519
2020-09-24;"Žilinský kraj";100;0;0;0;NA;25959;100;2020-09-24;-37588
2020-09-23;"Žilinský kraj";65;0;0;0;NA;25959;65;2020-09-23;-37688
2020-09-22;"Žilinský kraj";65;0;0;0;NA;25959;65;2020-09-22;-37753
2020-09-21;"Žilinský kraj";47;0;0;0;NA;25959;47;2020-09-21;-37818
2020-09-20;"Žilinský kraj";4;0;0;0;NA;25959;4;2020-09-20;-37865
2020-09-19;"Žilinský kraj";6;0;0;0;NA;25959;6;2020-09-19;-37869
2020-09-18;"Žilinský kraj";82;0;0;0;NA;25959;82;2020-09-18;-37875
2020-09-17;"Žilinský kraj";30;0;0;0;NA;25959;30;2020-09-17;-37957
2020-09-16;"Žilinský kraj";34;0;0;0;NA;25959;34;2020-09-16;-37987
2020-09-15;"Žilinský kraj";12;0;0;0;NA;25959;12;2020-09-15;-38021
2020-09-14;"Žilinský kraj";39;0;0;0;NA;25959;39;2020-09-14;-38033
2020-09-13;"Žilinský kraj";6;0;0;0;NA;25959;6;2020-09-13;-38072
2020-09-12;"Žilinský kraj";4;0;0;0;NA;25959;4;2020-09-12;-38078
2020-09-11;"Žilinský kraj";31;0;0;0;NA;25959;31;2020-09-11;-38082
2020-09-10;"Žilinský kraj";31;0;0;0;NA;25959;31;2020-09-10;-38113
2020-09-09;"Žilinský kraj";23;0;0;0;NA;25959;23;2020-09-09;-38144
2020-09-08;"Žilinský kraj";25;0;0;0;NA;25959;25;2020-09-08;-38167
2020-09-07;"Žilinský kraj";11;0;0;0;NA;25959;11;2020-09-07;-38192
2020-09-05;"Žilinský kraj";2;0;0;0;NA;25959;2;2020-09-05;-38203
2020-09-04;"Žilinský kraj";33;0;0;0;NA;25959;33;2020-09-04;-38205
2020-09-03;"Žilinský kraj";18;0;0;0;NA;25959;18;2020-09-03;-38238
