"Datum";"Region";"PCR_Pos";"Ag_Neg";"Ag_Pos";"Total";"Pocet.potvrdenych";"Potvrdenych";"newcases";"date";"positive"
2021-02-08;"Banskobystrický kraj";103;37870;553;38423;24357;46948;656;2021-02-08;46948
2021-02-07;"Banskobystrický kraj";70;22909;137;23046;NA;46948;207;2021-02-07;46292
2021-02-06;"Banskobystrický kraj";178;57160;504;57664;NA;46948;682;2021-02-06;46085
2021-02-05;"Banskobystrický kraj";282;23045;363;23408;NA;46948;645;2021-02-05;45403
2021-02-04;"Banskobystrický kraj";240;13628;414;14042;NA;46948;654;2021-02-04;44758
2021-02-03;"Banskobystrický kraj";350;9200;245;9445;NA;46948;595;2021-02-03;44104
2021-02-02;"Banskobystrický kraj";277;14561;319;14880;NA;46948;596;2021-02-02;43509
2021-02-01;"Banskobystrický kraj";75;18905;378;19283;NA;46948;453;2021-02-01;42913
2021-01-31;"Banskobystrický kraj";34;23254;216;23470;NA;46948;250;2021-01-31;42460
2021-01-30;"Banskobystrický kraj";163;42490;362;42852;NA;46948;525;2021-01-30;42210
2021-01-29;"Banskobystrický kraj";130;14547;237;14784;NA;46948;367;2021-01-29;41685
2021-01-28;"Banskobystrický kraj";218;14000;346;14346;NA;46948;564;2021-01-28;41318
2021-01-27;"Banskobystrický kraj";191;10749;197;10946;NA;46948;388;2021-01-27;40754
2021-01-26;"Banskobystrický kraj";238;19759;287;20046;NA;46948;525;2021-01-26;40366
2021-01-25;"Banskobystrický kraj";82;31470;368;31838;NA;46948;450;2021-01-25;39841
2021-01-24;"Banskobystrický kraj";38;28492;234;28726;NA;46948;272;2021-01-24;39391
2021-01-23;"Banskobystrický kraj";142;79960;494;80454;NA;46948;636;2021-01-23;39119
2021-01-22;"Banskobystrický kraj";175;26591;339;26930;NA;46948;514;2021-01-22;38483
2021-01-21;"Banskobystrický kraj";194;16466;351;16817;NA;46948;545;2021-01-21;37969
2021-01-20;"Banskobystrický kraj";231;8860;186;9046;NA;46948;417;2021-01-20;37424
2021-01-19;"Banskobystrický kraj";213;10861;324;11185;NA;46948;537;2021-01-19;37007
2021-01-18;"Banskobystrický kraj";94;6716;330;7046;NA;46948;424;2021-01-18;36470
2021-01-17;"Banskobystrický kraj";110;8150;77;8227;NA;46948;187;2021-01-17;36046
2021-01-16;"Banskobystrický kraj";58;1873;56;1929;NA;46948;114;2021-01-16;35859
2021-01-15;"Banskobystrický kraj";164;6312;203;6515;NA;46948;367;2021-01-15;35745
2021-01-14;"Banskobystrický kraj";220;5443;320;5763;NA;46948;540;2021-01-14;35378
2021-01-13;"Banskobystrický kraj";235;5560;191;5751;NA;46948;426;2021-01-13;34838
2021-01-12;"Banskobystrický kraj";194;6298;287;6585;NA;46948;481;2021-01-12;34412
2021-01-11;"Banskobystrický kraj";76;7034;411;7445;NA;46948;487;2021-01-11;33931
2021-01-10;"Banskobystrický kraj";110;102;4;106;NA;46948;114;2021-01-10;33444
2021-01-09;"Banskobystrický kraj";297;2728;107;2835;NA;46948;404;2021-01-09;33330
2021-01-08;"Banskobystrický kraj";435;8076;383;8459;NA;46948;818;2021-01-08;32926
2021-01-07;"Banskobystrický kraj";127;4037;260;4297;NA;46948;387;2021-01-07;32108
2021-01-06;"Banskobystrický kraj";305;3369;210;3579;NA;46948;515;2021-01-06;31721
2021-01-05;"Banskobystrický kraj";372;6380;480;6860;NA;46948;852;2021-01-05;31206
2021-01-04;"Banskobystrický kraj";130;5762;571;6333;NA;46948;701;2021-01-04;30354
2021-01-03;"Banskobystrický kraj";199;162;13;175;NA;46948;212;2021-01-03;29653
2021-01-02;"Banskobystrický kraj";123;583;83;666;NA;46948;206;2021-01-02;29441
2021-01-01;"Banskobystrický kraj";220;2015;135;2150;NA;46948;355;2021-01-01;29235
2020-12-31;"Banskobystrický kraj";499;6796;724;7520;NA;46948;1223;2020-12-31;28880
2020-12-30;"Banskobystrický kraj";593;7101;536;7637;NA;46948;1129;2020-12-30;27657
2020-12-29;"Banskobystrický kraj";240;7590;738;8328;NA;46948;978;2020-12-29;26528
2020-12-28;"Banskobystrický kraj";131;5575;674;6249;NA;46948;805;2020-12-28;25550
2020-12-27;"Banskobystrický kraj";116;496;25;521;NA;46948;141;2020-12-27;24745
2020-12-26;"Banskobystrický kraj";61;259;32;291;NA;46948;93;2020-12-26;24604
2020-12-25;"Banskobystrický kraj";65;229;6;235;NA;46948;71;2020-12-25;24511
2020-12-24;"Banskobystrický kraj";452;3674;135;3809;NA;46948;587;2020-12-24;24440
2020-12-23;"Banskobystrický kraj";368;9388;470;9858;NA;46948;838;2020-12-23;23853
2020-12-22;"Banskobystrický kraj";307;8300;624;8924;NA;46948;931;2020-12-22;23015
2020-12-21;"Banskobystrický kraj";286;4898;448;5346;NA;46948;734;2020-12-21;22084
2020-12-20;"Banskobystrický kraj";155;99;14;113;NA;46948;169;2020-12-20;21350
2020-12-19;"Banskobystrický kraj";170;2488;565;3053;NA;46948;735;2020-12-19;21181
2020-12-18;"Banskobystrický kraj";432;6454;414;6868;NA;46948;846;2020-12-18;20446
2020-12-17;"Banskobystrický kraj";468;8474;772;9246;NA;46948;1240;2020-12-17;19600
2020-12-16;"Banskobystrický kraj";379;10080;557;10637;NA;46948;936;2020-12-16;18360
2020-12-15;"Banskobystrický kraj";336;5318;430;5748;NA;46948;766;2020-12-15;17424
2020-12-14;"Banskobystrický kraj";148;3733;259;3992;NA;46948;407;2020-12-14;16658
2020-12-13;"Banskobystrický kraj";122;19;1;20;NA;46948;123;2020-12-13;16251
2020-12-12;"Banskobystrický kraj";137;2594;138;2732;NA;46948;275;2020-12-12;16128
2020-12-11;"Banskobystrický kraj";468;6443;374;6817;NA;46948;842;2020-12-11;15853
2020-12-10;"Banskobystrický kraj";280;5027;351;5378;NA;46948;631;2020-12-10;15011
2020-12-09;"Banskobystrický kraj";323;3707;212;3919;NA;46948;535;2020-12-09;14380
2020-12-08;"Banskobystrický kraj";256;3667;276;3943;NA;46948;532;2020-12-08;13845
2020-12-07;"Banskobystrický kraj";175;2006;140;2146;NA;46948;315;2020-12-07;13313
2020-12-06;"Banskobystrický kraj";121;359;9;368;NA;46948;130;2020-12-06;12998
2020-12-05;"Banskobystrický kraj";109;952;33;985;NA;46948;142;2020-12-05;12868
2020-12-04;"Banskobystrický kraj";339;3723;174;3897;NA;46948;513;2020-12-04;12726
2020-12-03;"Banskobystrický kraj";240;2913;227;3140;NA;46948;467;2020-12-03;12213
2020-12-02;"Banskobystrický kraj";217;4292;186;4478;NA;46948;403;2020-12-02;11746
2020-12-01;"Banskobystrický kraj";215;2619;134;2753;NA;46948;349;2020-12-01;11343
2020-11-30;"Banskobystrický kraj";75;3761;226;3987;NA;46948;301;2020-11-30;10994
2020-11-29;"Banskobystrický kraj";19;80;3;83;NA;46948;22;2020-11-29;10693
2020-11-28;"Banskobystrický kraj";81;1279;48;1327;NA;46948;129;2020-11-28;10671
2020-11-27;"Banskobystrický kraj";219;1930;120;2050;NA;46948;339;2020-11-27;10542
2020-11-26;"Banskobystrický kraj";209;1855;91;1946;NA;46948;300;2020-11-26;10203
2020-11-25;"Banskobystrický kraj";170;1760;84;1844;NA;46948;254;2020-11-25;9903
2020-11-24;"Banskobystrický kraj";166;2262;67;2329;NA;46948;233;2020-11-24;9649
2020-11-23;"Banskobystrický kraj";66;9948;191;10139;NA;46948;257;2020-11-23;9416
2020-11-22;"Banskobystrický kraj";38;72;1;73;NA;46948;39;2020-11-22;9159
2020-11-21;"Banskobystrický kraj";52;885;14;899;NA;46948;66;2020-11-21;9120
2020-11-20;"Banskobystrický kraj";127;1872;105;1977;NA;46948;232;2020-11-20;9054
2020-11-19;"Banskobystrický kraj";170;1112;82;1194;NA;46948;252;2020-11-19;8822
2020-11-18;"Banskobystrický kraj";153;587;62;649;NA;46948;215;2020-11-18;8570
2020-11-17;"Banskobystrický kraj";52;578;35;613;NA;46948;87;2020-11-17;8355
2020-11-16;"Banskobystrický kraj";106;351;22;373;NA;46948;128;2020-11-16;8268
2020-11-15;"Banskobystrický kraj";52;64;2;66;NA;46948;54;2020-11-15;8140
2020-11-14;"Banskobystrický kraj";73;305;2;307;NA;46948;75;2020-11-14;8086
2020-11-13;"Banskobystrický kraj";157;552;11;563;NA;46948;168;2020-11-13;8011
2020-11-12;"Banskobystrický kraj";218;952;44;996;NA;46948;262;2020-11-12;7843
2020-11-11;"Banskobystrický kraj";224;437;9;446;NA;46948;233;2020-11-11;7581
2020-11-10;"Banskobystrický kraj";263;463;18;481;NA;46948;281;2020-11-10;7348
2020-11-09;"Banskobystrický kraj";80;2678;31;2709;NA;46948;111;2020-11-09;7067
2020-11-08;"Banskobystrický kraj";82;783;16;799;NA;46948;98;2020-11-08;6956
2020-11-07;"Banskobystrický kraj";164;8828;94;8922;NA;46948;258;2020-11-07;6858
2020-11-06;"Banskobystrický kraj";227;2496;16;2512;NA;46948;243;2020-11-06;6600
2020-11-05;"Banskobystrický kraj";240;263;33;296;NA;46948;273;2020-11-05;6357
2020-11-04;"Banskobystrický kraj";254;1366;13;1379;NA;46948;267;2020-11-04;6084
2020-11-03;"Banskobystrický kraj";246;1332;4;1336;NA;46948;250;2020-11-03;5817
2020-11-02;"Banskobystrický kraj";90;2247;65;2312;NA;46948;155;2020-11-02;5567
2020-11-01;"Banskobystrický kraj";101;2671;42;2713;NA;46948;143;2020-11-01;5412
2020-10-31;"Banskobystrický kraj";198;13516;116;13632;NA;46948;314;2020-10-31;5269
2020-10-30;"Banskobystrický kraj";254;2829;20;2849;NA;46948;274;2020-10-30;4955
2020-10-29;"Banskobystrický kraj";372;969;42;1011;NA;46948;414;2020-10-29;4681
2020-10-28;"Banskobystrický kraj";285;302;30;332;NA;46948;315;2020-10-28;4267
2020-10-27;"Banskobystrický kraj";266;654;40;694;NA;46948;306;2020-10-27;3952
2020-10-26;"Banskobystrický kraj";38;232;29;261;NA;46948;67;2020-10-26;3646
2020-10-25;"Banskobystrický kraj";50;140;11;151;NA;46948;61;2020-10-25;3579
2020-10-24;"Banskobystrický kraj";315;114;12;126;NA;46948;327;2020-10-24;3518
2020-10-23;"Banskobystrický kraj";231;230;29;259;NA;46948;260;2020-10-23;3191
2020-10-22;"Banskobystrický kraj";264;253;24;277;NA;46948;288;2020-10-22;2931
2020-10-21;"Banskobystrický kraj";209;266;3;269;NA;46948;212;2020-10-21;2643
2020-10-20;"Banskobystrický kraj";210;66;3;69;NA;46948;213;2020-10-20;2431
2020-10-19;"Banskobystrický kraj";27;71;12;83;NA;46948;39;2020-10-19;2218
2020-10-18;"Banskobystrický kraj";49;0;0;0;NA;46948;49;2020-10-18;2179
2020-10-17;"Banskobystrický kraj";91;0;0;0;NA;46948;91;2020-10-17;2130
2020-10-16;"Banskobystrický kraj";224;37;3;40;NA;46948;227;2020-10-16;2039
2020-10-15;"Banskobystrický kraj";133;29;1;30;NA;46948;134;2020-10-15;1812
2020-10-14;"Banskobystrický kraj";139;31;1;32;NA;46948;140;2020-10-14;1678
2020-10-13;"Banskobystrický kraj";151;169;11;180;NA;46948;162;2020-10-13;1538
2020-10-12;"Banskobystrický kraj";11;13;0;13;NA;46948;11;2020-10-12;1376
2020-10-11;"Banskobystrický kraj";14;0;0;0;NA;46948;14;2020-10-11;1365
2020-10-10;"Banskobystrický kraj";53;0;0;0;NA;46948;53;2020-10-10;1351
2020-10-09;"Banskobystrický kraj";128;0;0;0;NA;46948;128;2020-10-09;1298
2020-10-08;"Banskobystrický kraj";99;0;0;0;NA;46948;99;2020-10-08;1170
2020-10-07;"Banskobystrický kraj";124;0;0;0;NA;46948;124;2020-10-07;1071
2020-10-06;"Banskobystrický kraj";68;0;0;0;NA;46948;68;2020-10-06;947
2020-10-05;"Banskobystrický kraj";49;0;0;0;NA;46948;49;2020-10-05;879
2020-10-04;"Banskobystrický kraj";8;0;0;0;NA;46948;8;2020-10-04;830
2020-10-03;"Banskobystrický kraj";37;0;0;0;NA;46948;37;2020-10-03;822
2020-10-02;"Banskobystrický kraj";74;0;0;0;NA;46948;74;2020-10-02;785
2020-10-01;"Banskobystrický kraj";49;0;0;0;NA;46948;49;2020-10-01;711
2020-09-30;"Banskobystrický kraj";60;0;0;0;NA;46948;60;2020-09-30;662
2020-09-29;"Banskobystrický kraj";24;0;0;0;NA;46948;24;2020-09-29;602
2020-09-27;"Banskobystrický kraj";20;0;0;0;NA;46948;20;2020-09-27;578
2020-09-26;"Banskobystrický kraj";24;0;0;0;NA;46948;24;2020-09-26;558
2020-09-25;"Banskobystrický kraj";29;0;0;0;NA;46948;29;2020-09-25;534
2020-09-24;"Banskobystrický kraj";25;0;0;0;NA;46948;25;2020-09-24;505
2020-09-23;"Banskobystrický kraj";17;0;0;0;NA;46948;17;2020-09-23;480
2020-09-22;"Banskobystrický kraj";25;0;0;0;NA;46948;25;2020-09-22;463
2020-09-21;"Banskobystrický kraj";3;0;0;0;NA;46948;3;2020-09-21;438
2020-09-19;"Banskobystrický kraj";3;0;0;0;NA;46948;3;2020-09-19;435
2020-09-18;"Banskobystrický kraj";24;0;0;0;NA;46948;24;2020-09-18;432
2020-09-17;"Banskobystrický kraj";14;0;0;0;NA;46948;14;2020-09-17;408
2020-09-16;"Banskobystrický kraj";6;0;0;0;NA;46948;6;2020-09-16;394
2020-09-15;"Banskobystrický kraj";2;0;0;0;NA;46948;2;2020-09-15;388
2020-09-14;"Banskobystrický kraj";13;0;0;0;NA;46948;13;2020-09-14;386
2020-09-13;"Banskobystrický kraj";1;0;0;0;NA;46948;1;2020-09-13;373
2020-09-12;"Banskobystrický kraj";5;0;0;0;NA;46948;5;2020-09-12;372
2020-09-11;"Banskobystrický kraj";19;0;0;0;NA;46948;19;2020-09-11;367
2020-09-10;"Banskobystrický kraj";11;0;0;0;NA;46948;11;2020-09-10;348
2020-09-09;"Banskobystrický kraj";13;0;0;0;NA;46948;13;2020-09-09;337
2020-09-08;"Banskobystrický kraj";5;0;0;0;NA;46948;5;2020-09-08;324
2020-09-07;"Banskobystrický kraj";2;0;0;0;NA;46948;2;2020-09-07;319
2020-09-04;"Banskobystrický kraj";9;0;0;0;NA;46948;9;2020-09-04;317
2020-09-03;"Banskobystrický kraj";5;0;0;0;NA;46948;5;2020-09-03;308
2021-02-08;"Bratislavský kraj";484;96387;1420;97807;32396;57857;1904;2021-02-08;57857
2021-02-07;"Bratislavský kraj";243;39792;321;40113;NA;57857;564;2021-02-07;55953
2021-02-06;"Bratislavský kraj";116;35846;322;36168;NA;57857;438;2021-02-06;55389
2021-02-05;"Bratislavský kraj";327;21694;310;22004;NA;57857;637;2021-02-05;54951
2021-02-04;"Bratislavský kraj";555;13916;311;14227;NA;57857;866;2021-02-04;54314
2021-02-03;"Bratislavský kraj";161;11204;284;11488;NA;57857;445;2021-02-03;53448
2021-02-02;"Bratislavský kraj";397;26016;382;26398;NA;57857;779;2021-02-02;53003
2021-02-01;"Bratislavský kraj";221;42566;537;43103;NA;57857;758;2021-02-01;52224
2021-01-31;"Bratislavský kraj";180;32363;373;32736;NA;57857;553;2021-01-31;51466
2021-01-30;"Bratislavský kraj";310;35327;376;35703;NA;57857;686;2021-01-30;50913
2021-01-29;"Bratislavský kraj";82;14562;323;14885;NA;57857;405;2021-01-29;50227
2021-01-28;"Bratislavský kraj";307;10135;289;10424;NA;57857;596;2021-01-28;49822
2021-01-27;"Bratislavský kraj";336;22701;348;23049;NA;57857;684;2021-01-27;49226
2021-01-26;"Bratislavský kraj";297;22233;294;22527;NA;57857;591;2021-01-26;48542
2021-01-25;"Bratislavský kraj";356;24117;270;24387;NA;57857;626;2021-01-25;47951
2021-01-24;"Bratislavský kraj";175;33096;332;33428;NA;57857;507;2021-01-24;47325
2021-01-23;"Bratislavský kraj";396;70362;599;70961;NA;57857;995;2021-01-23;46818
2021-01-22;"Bratislavský kraj";199;39236;341;39577;NA;57857;540;2021-01-22;45823
2021-01-21;"Bratislavský kraj";255;41328;422;41750;NA;57857;677;2021-01-21;45283
2021-01-20;"Bratislavský kraj";360;27647;465;28112;NA;57857;825;2021-01-20;44606
2021-01-19;"Bratislavský kraj";375;13357;322;13679;NA;57857;697;2021-01-19;43781
2021-01-18;"Bratislavský kraj";357;10651;700;11351;NA;57857;1057;2021-01-18;43084
2021-01-17;"Bratislavský kraj";244;286;26;312;NA;57857;270;2021-01-17;42027
2021-01-16;"Bratislavský kraj";70;2705;148;2853;NA;57857;218;2021-01-16;41757
2021-01-15;"Bratislavský kraj";251;7061;236;7297;NA;57857;487;2021-01-15;41539
2021-01-14;"Bratislavský kraj";363;8078;273;8351;NA;57857;636;2021-01-14;41052
2021-01-13;"Bratislavský kraj";336;17791;413;18204;NA;57857;749;2021-01-13;40416
2021-01-12;"Bratislavský kraj";450;9435;463;9898;NA;57857;913;2021-01-12;39667
2021-01-11;"Bratislavský kraj";397;8902;312;9214;NA;57857;709;2021-01-11;38754
2021-01-10;"Bratislavský kraj";252;1341;79;1420;NA;57857;331;2021-01-10;38045
2021-01-09;"Bratislavský kraj";351;4944;291;5235;NA;57857;642;2021-01-09;37714
2021-01-08;"Bratislavský kraj";556;8817;441;9258;NA;57857;997;2021-01-08;37072
2021-01-07;"Bratislavský kraj";537;6895;424;7319;NA;57857;961;2021-01-07;36075
2021-01-06;"Bratislavský kraj";271;2968;210;3178;NA;57857;481;2021-01-06;35114
2021-01-05;"Bratislavský kraj";619;11345;854;12199;NA;57857;1473;2021-01-05;34633
2021-01-04;"Bratislavský kraj";601;7114;626;7740;NA;57857;1227;2021-01-04;33160
2021-01-03;"Bratislavský kraj";77;596;79;675;NA;57857;156;2021-01-03;31933
2021-01-02;"Bratislavský kraj";185;165;18;183;NA;57857;203;2021-01-02;31777
2021-01-01;"Bratislavský kraj";235;3143;130;3273;NA;57857;365;2021-01-01;31574
2020-12-31;"Bratislavský kraj";925;13251;562;13813;NA;57857;1487;2020-12-31;31209
2020-12-30;"Bratislavský kraj";650;9196;518;9714;NA;57857;1168;2020-12-30;29722
2020-12-29;"Bratislavský kraj";303;10407;770;11177;NA;57857;1073;2020-12-29;28554
2020-12-28;"Bratislavský kraj";255;7608;559;8167;NA;57857;814;2020-12-28;27481
2020-12-27;"Bratislavský kraj";160;549;67;616;NA;57857;227;2020-12-27;26667
2020-12-26;"Bratislavský kraj";75;416;23;439;NA;57857;98;2020-12-26;26440
2020-12-25;"Bratislavský kraj";114;460;38;498;NA;57857;152;2020-12-25;26342
2020-12-24;"Bratislavský kraj";536;4112;122;4234;NA;57857;658;2020-12-24;26190
2020-12-23;"Bratislavský kraj";416;12067;482;12549;NA;57857;898;2020-12-23;25532
2020-12-22;"Bratislavský kraj";327;14938;764;15702;NA;57857;1091;2020-12-22;24634
2020-12-21;"Bratislavský kraj";392;14725;1998;16723;NA;57857;2390;2020-12-21;23543
2020-12-20;"Bratislavský kraj";180;558;52;610;NA;57857;232;2020-12-20;21153
2020-12-19;"Bratislavský kraj";396;3150;129;3279;NA;57857;525;2020-12-19;20921
2020-12-18;"Bratislavský kraj";306;11002;420;11422;NA;57857;726;2020-12-18;20396
2020-12-17;"Bratislavský kraj";502;8783;377;9160;NA;57857;879;2020-12-17;19670
2020-12-16;"Bratislavský kraj";282;9893;428;10321;NA;57857;710;2020-12-16;18791
2020-12-15;"Bratislavský kraj";423;10277;471;10748;NA;57857;894;2020-12-15;18081
2020-12-14;"Bratislavský kraj";279;6208;295;6503;NA;57857;574;2020-12-14;17187
2020-12-13;"Bratislavský kraj";125;108;7;115;NA;57857;132;2020-12-13;16613
2020-12-12;"Bratislavský kraj";361;3734;157;3891;NA;57857;518;2020-12-12;16481
2020-12-11;"Bratislavský kraj";326;7059;305;7364;NA;57857;631;2020-12-11;15963
2020-12-10;"Bratislavský kraj";286;4996;219;5215;NA;57857;505;2020-12-10;15332
2020-12-09;"Bratislavský kraj";382;5249;207;5456;NA;57857;589;2020-12-09;14827
2020-12-08;"Bratislavský kraj";234;5427;197;5624;NA;57857;431;2020-12-08;14238
2020-12-07;"Bratislavský kraj";272;4345;168;4513;NA;57857;440;2020-12-07;13807
2020-12-06;"Bratislavský kraj";61;1584;52;1636;NA;57857;113;2020-12-06;13367
2020-12-05;"Bratislavský kraj";266;2144;41;2185;NA;57857;307;2020-12-05;13254
2020-12-04;"Bratislavský kraj";200;4511;104;4615;NA;57857;304;2020-12-04;12947
2020-12-03;"Bratislavský kraj";213;5036;102;5138;NA;57857;315;2020-12-03;12643
2020-12-02;"Bratislavský kraj";204;2452;135;2587;NA;57857;339;2020-12-02;12328
2020-12-01;"Bratislavský kraj";255;3305;168;3473;NA;57857;423;2020-12-01;11989
2020-11-30;"Bratislavský kraj";152;1727;103;1830;NA;57857;255;2020-11-30;11566
2020-11-29;"Bratislavský kraj";52;41;21;62;NA;57857;73;2020-11-29;11311
2020-11-28;"Bratislavský kraj";232;1983;21;2004;NA;57857;253;2020-11-28;11238
2020-11-27;"Bratislavský kraj";54;1198;29;1227;NA;57857;83;2020-11-27;10985
2020-11-26;"Bratislavský kraj";129;1114;25;1139;NA;57857;154;2020-11-26;10902
2020-11-25;"Bratislavský kraj";140;1133;31;1164;NA;57857;171;2020-11-25;10748
2020-11-24;"Bratislavský kraj";81;2988;67;3055;NA;57857;148;2020-11-24;10577
2020-11-23;"Bratislavský kraj";67;7077;58;7135;NA;57857;125;2020-11-23;10429
2020-11-22;"Bratislavský kraj";36;81;7;88;NA;57857;43;2020-11-22;10304
2020-11-21;"Bratislavský kraj";109;2126;47;2173;NA;57857;156;2020-11-21;10261
2020-11-20;"Bratislavský kraj";118;2869;48;2917;NA;57857;166;2020-11-20;10105
2020-11-19;"Bratislavský kraj";173;987;29;1016;NA;57857;202;2020-11-19;9939
2020-11-18;"Bratislavský kraj";118;616;75;691;NA;57857;193;2020-11-18;9737
2020-11-17;"Bratislavský kraj";108;928;23;951;NA;57857;131;2020-11-17;9544
2020-11-16;"Bratislavský kraj";82;651;9;660;NA;57857;91;2020-11-16;9413
2020-11-15;"Bratislavský kraj";47;236;0;236;NA;57857;47;2020-11-15;9322
2020-11-14;"Bratislavský kraj";53;1834;15;1849;NA;57857;68;2020-11-14;9275
2020-11-13;"Bratislavský kraj";94;2096;21;2117;NA;57857;115;2020-11-13;9207
2020-11-12;"Bratislavský kraj";141;1727;6;1733;NA;57857;147;2020-11-12;9092
2020-11-11;"Bratislavský kraj";159;1429;12;1441;NA;57857;171;2020-11-11;8945
2020-11-10;"Bratislavský kraj";136;805;14;819;NA;57857;150;2020-11-10;8774
2020-11-09;"Bratislavský kraj";70;609;8;617;NA;57857;78;2020-11-09;8624
2020-11-08;"Bratislavský kraj";82;869;6;875;NA;57857;88;2020-11-08;8546
2020-11-07;"Bratislavský kraj";88;4039;17;4056;NA;57857;105;2020-11-07;8458
2020-11-06;"Bratislavský kraj";281;6441;25;6466;NA;57857;306;2020-11-06;8353
2020-11-05;"Bratislavský kraj";175;476;11;487;NA;57857;186;2020-11-05;8047
2020-11-04;"Bratislavský kraj";65;411;10;421;NA;57857;75;2020-11-04;7861
2020-11-03;"Bratislavský kraj";251;1081;12;1093;NA;57857;263;2020-11-03;7786
2020-11-02;"Bratislavský kraj";202;3365;22;3387;NA;57857;224;2020-11-02;7523
2020-11-01;"Bratislavský kraj";227;8694;39;8733;NA;57857;266;2020-11-01;7299
2020-10-31;"Bratislavský kraj";173;22407;123;22530;NA;57857;296;2020-10-31;7033
2020-10-30;"Bratislavský kraj";158;17350;138;17488;NA;57857;296;2020-10-30;6737
2020-10-29;"Bratislavský kraj";262;116;4;120;NA;57857;266;2020-10-29;6441
2020-10-28;"Bratislavský kraj";220;260;15;275;NA;57857;235;2020-10-28;6175
2020-10-27;"Bratislavský kraj";256;145;4;149;NA;57857;260;2020-10-27;5940
2020-10-26;"Bratislavský kraj";123;229;11;240;NA;57857;134;2020-10-26;5680
2020-10-25;"Bratislavský kraj";152;33;2;35;NA;57857;154;2020-10-25;5546
2020-10-24;"Bratislavský kraj";170;221;6;227;NA;57857;176;2020-10-24;5392
2020-10-23;"Bratislavský kraj";151;144;8;152;NA;57857;159;2020-10-23;5216
2020-10-22;"Bratislavský kraj";192;204;15;219;NA;57857;207;2020-10-22;5057
2020-10-21;"Bratislavský kraj";66;90;6;96;NA;57857;72;2020-10-21;4850
2020-10-20;"Bratislavský kraj";183;97;4;101;NA;57857;187;2020-10-20;4778
2020-10-19;"Bratislavský kraj";148;80;3;83;NA;57857;151;2020-10-19;4591
2020-10-18;"Bratislavský kraj";75;92;0;92;NA;57857;75;2020-10-18;4440
2020-10-17;"Bratislavský kraj";136;0;0;0;NA;57857;136;2020-10-17;4365
2020-10-16;"Bratislavský kraj";103;14;1;15;NA;57857;104;2020-10-16;4229
2020-10-15;"Bratislavský kraj";135;6;1;7;NA;57857;136;2020-10-15;4125
2020-10-14;"Bratislavský kraj";127;4;0;4;NA;57857;127;2020-10-14;3989
2020-10-13;"Bratislavský kraj";86;108;8;116;NA;57857;94;2020-10-13;3862
2020-10-12;"Bratislavský kraj";46;0;0;0;NA;57857;46;2020-10-12;3768
2020-10-11;"Bratislavský kraj";80;0;0;0;NA;57857;80;2020-10-11;3722
2020-10-10;"Bratislavský kraj";55;0;0;0;NA;57857;55;2020-10-10;3642
2020-10-09;"Bratislavský kraj";148;0;0;0;NA;57857;148;2020-10-09;3587
2020-10-08;"Bratislavský kraj";100;0;0;0;NA;57857;100;2020-10-08;3439
2020-10-07;"Bratislavský kraj";107;0;0;0;NA;57857;107;2020-10-07;3339
2020-10-06;"Bratislavský kraj";108;0;0;0;NA;57857;108;2020-10-06;3232
2020-10-05;"Bratislavský kraj";30;0;0;0;NA;57857;30;2020-10-05;3124
2020-10-04;"Bratislavský kraj";49;0;0;0;NA;57857;49;2020-10-04;3094
2020-10-03;"Bratislavský kraj";82;0;0;0;NA;57857;82;2020-10-03;3045
2020-10-02;"Bratislavský kraj";101;0;0;0;NA;57857;101;2020-10-02;2963
2020-10-01;"Bratislavský kraj";72;0;0;0;NA;57857;72;2020-10-01;2862
2020-09-30;"Bratislavský kraj";91;0;0;0;NA;57857;91;2020-09-30;2790
2020-09-29;"Bratislavský kraj";74;0;0;0;NA;57857;74;2020-09-29;2699
2020-09-28;"Bratislavský kraj";29;0;0;0;NA;57857;29;2020-09-28;2625
2020-09-27;"Bratislavský kraj";48;0;0;0;NA;57857;48;2020-09-27;2596
2020-09-26;"Bratislavský kraj";86;0;0;0;NA;57857;86;2020-09-26;2548
2020-09-25;"Bratislavský kraj";97;0;0;0;NA;57857;97;2020-09-25;2462
2020-09-24;"Bratislavský kraj";73;0;0;0;NA;57857;73;2020-09-24;2365
2020-09-23;"Bratislavský kraj";55;0;0;0;NA;57857;55;2020-09-23;2292
2020-09-22;"Bratislavský kraj";81;0;0;0;NA;57857;81;2020-09-22;2237
2020-09-21;"Bratislavský kraj";32;0;0;0;NA;57857;32;2020-09-21;2156
2020-09-20;"Bratislavský kraj";25;0;0;0;NA;57857;25;2020-09-20;2124
2020-09-19;"Bratislavský kraj";59;0;0;0;NA;57857;59;2020-09-19;2099
2020-09-18;"Bratislavský kraj";42;0;0;0;NA;57857;42;2020-09-18;2040
2020-09-17;"Bratislavský kraj";52;0;0;0;NA;57857;52;2020-09-17;1998
2020-09-16;"Bratislavský kraj";32;0;0;0;NA;57857;32;2020-09-16;1946
2020-09-15;"Bratislavský kraj";26;0;0;0;NA;57857;26;2020-09-15;1914
2020-09-14;"Bratislavský kraj";24;0;0;0;NA;57857;24;2020-09-14;1888
2020-09-13;"Bratislavský kraj";11;0;0;0;NA;57857;11;2020-09-13;1864
2020-09-12;"Bratislavský kraj";24;0;0;0;NA;57857;24;2020-09-12;1853
2020-09-11;"Bratislavský kraj";50;0;0;0;NA;57857;50;2020-09-11;1829
2020-09-10;"Bratislavský kraj";47;0;0;0;NA;57857;47;2020-09-10;1779
2020-09-09;"Bratislavský kraj";40;0;0;0;NA;57857;40;2020-09-09;1732
2020-09-08;"Bratislavský kraj";58;0;0;0;NA;57857;58;2020-09-08;1692
2020-09-07;"Bratislavský kraj";39;0;0;0;NA;57857;39;2020-09-07;1634
2020-09-06;"Bratislavský kraj";11;0;0;0;NA;57857;11;2020-09-06;1595
2020-09-05;"Bratislavský kraj";37;0;0;0;NA;57857;37;2020-09-05;1584
2020-09-04;"Bratislavský kraj";87;0;0;0;NA;57857;87;2020-09-04;1547
2020-09-03;"Bratislavský kraj";51;0;0;0;NA;57857;51;2020-09-03;1460
2021-02-08;"Košický kraj";237;26121;410;26531;33420;55170;647;2021-02-08;55170
2021-02-07;"Košický kraj";208;51324;509;51833;NA;55170;717;2021-02-07;54523
2021-02-06;"Košický kraj";318;87943;729;88672;NA;55170;1047;2021-02-06;53806
2021-02-05;"Košický kraj";384;40566;478;41044;NA;55170;862;2021-02-05;52759
2021-02-04;"Košický kraj";391;14314;359;14673;NA;55170;750;2021-02-04;51897
2021-02-03;"Košický kraj";296;32427;1103;33530;NA;55170;1399;2021-02-03;51147
2021-02-02;"Košický kraj";473;25221;486;25707;NA;55170;959;2021-02-02;49748
2021-02-01;"Košický kraj";415;18442;305;18747;NA;55170;720;2021-02-01;48789
2021-01-31;"Košický kraj";142;51037;557;51594;NA;55170;699;2021-01-31;48069
2021-01-30;"Košický kraj";320;71133;592;71725;NA;55170;912;2021-01-30;47370
2021-01-29;"Košický kraj";258;36222;412;36634;NA;55170;670;2021-01-29;46458
2021-01-28;"Košický kraj";540;8833;233;9066;NA;55170;773;2021-01-28;45788
2021-01-27;"Košický kraj";265;7245;195;7440;NA;55170;460;2021-01-27;45015
2021-01-26;"Košický kraj";530;13909;240;14149;NA;55170;770;2021-01-26;44555
2021-01-25;"Košický kraj";226;26799;400;27199;NA;55170;626;2021-01-25;43785
2021-01-24;"Košický kraj";150;42381;561;42942;NA;55170;711;2021-01-24;43159
2021-01-23;"Košický kraj";232;76780;777;77557;NA;55170;1009;2021-01-23;42448
2021-01-22;"Košický kraj";316;19899;241;20140;NA;55170;557;2021-01-22;41439
2021-01-21;"Košický kraj";274;13322;158;13480;NA;55170;432;2021-01-21;40882
2021-01-20;"Košický kraj";374;10566;194;10760;NA;55170;568;2021-01-20;40450
2021-01-19;"Košický kraj";248;9364;177;9541;NA;55170;425;2021-01-19;39882
2021-01-18;"Košický kraj";333;12413;730;13143;NA;55170;1063;2021-01-18;39457
2021-01-17;"Košický kraj";155;535;14;549;NA;55170;169;2021-01-17;38394
2021-01-16;"Košický kraj";153;1551;51;1602;NA;55170;204;2021-01-16;38225
2021-01-15;"Košický kraj";308;6252;212;6464;NA;55170;520;2021-01-15;38021
2021-01-14;"Košický kraj";358;5326;211;5537;NA;55170;569;2021-01-14;37501
2021-01-13;"Košický kraj";421;4753;218;4971;NA;55170;639;2021-01-13;36932
2021-01-12;"Košický kraj";482;6574;247;6821;NA;55170;729;2021-01-12;36293
2021-01-11;"Košický kraj";309;7655;291;7946;NA;55170;600;2021-01-11;35564
2021-01-10;"Košický kraj";193;134;6;140;NA;55170;199;2021-01-10;34964
2021-01-09;"Košický kraj";469;1428;66;1494;NA;55170;535;2021-01-09;34765
2021-01-08;"Košický kraj";551;7861;375;8236;NA;55170;926;2021-01-08;34230
2021-01-07;"Košický kraj";251;5925;385;6310;NA;55170;636;2021-01-07;33304
2021-01-06;"Košický kraj";442;595;50;645;NA;55170;492;2021-01-06;32668
2021-01-05;"Košický kraj";584;7680;521;8201;NA;55170;1105;2021-01-05;32176
2021-01-04;"Košický kraj";407;6567;667;7234;NA;55170;1074;2021-01-04;31071
2021-01-03;"Košický kraj";118;661;22;683;NA;55170;140;2021-01-03;29997
2021-01-02;"Košický kraj";88;440;52;492;NA;55170;140;2021-01-02;29857
2021-01-01;"Košický kraj";398;725;49;774;NA;55170;447;2021-01-01;29717
2020-12-31;"Košický kraj";625;7411;443;7854;NA;55170;1068;2020-12-31;29270
2020-12-30;"Košický kraj";590;6351;402;6753;NA;55170;992;2020-12-30;28202
2020-12-29;"Košický kraj";419;7573;605;8178;NA;55170;1024;2020-12-29;27210
2020-12-28;"Košický kraj";356;8296;804;9100;NA;55170;1160;2020-12-28;26186
2020-12-27;"Košický kraj";159;147;16;163;NA;55170;175;2020-12-27;25026
2020-12-26;"Košický kraj";163;274;23;297;NA;55170;186;2020-12-26;24851
2020-12-25;"Košický kraj";237;140;10;150;NA;55170;247;2020-12-25;24665
2020-12-24;"Košický kraj";564;1470;90;1560;NA;55170;654;2020-12-24;24418
2020-12-23;"Košický kraj";304;7942;354;8296;NA;55170;658;2020-12-23;23764
2020-12-22;"Košický kraj";438;7920;459;8379;NA;55170;897;2020-12-22;23106
2020-12-21;"Košický kraj";405;6984;509;7493;NA;55170;914;2020-12-21;22209
2020-12-20;"Košický kraj";215;48;8;56;NA;55170;223;2020-12-20;21295
2020-12-19;"Košický kraj";207;1148;59;1207;NA;55170;266;2020-12-19;21072
2020-12-18;"Košický kraj";310;8484;326;8810;NA;55170;636;2020-12-18;20806
2020-12-17;"Košický kraj";463;5292;255;5547;NA;55170;718;2020-12-17;20170
2020-12-16;"Košický kraj";455;5632;582;6214;NA;55170;1037;2020-12-16;19452
2020-12-15;"Košický kraj";319;5086;338;5424;NA;55170;657;2020-12-15;18415
2020-12-14;"Košický kraj";256;2893;239;3132;NA;55170;495;2020-12-14;17758
2020-12-13;"Košický kraj";47;181;2;183;NA;55170;49;2020-12-13;17263
2020-12-12;"Košický kraj";369;1587;118;1705;NA;55170;487;2020-12-12;17214
2020-12-11;"Košický kraj";355;5461;258;5719;NA;55170;613;2020-12-11;16727
2020-12-10;"Košický kraj";283;4064;176;4240;NA;55170;459;2020-12-10;16114
2020-12-09;"Košický kraj";279;3786;166;3952;NA;55170;445;2020-12-09;15655
2020-12-08;"Košický kraj";226;4105;355;4460;NA;55170;581;2020-12-08;15210
2020-12-07;"Košický kraj";270;2111;103;2214;NA;55170;373;2020-12-07;14629
2020-12-06;"Košický kraj";121;97;20;117;NA;55170;141;2020-12-06;14256
2020-12-05;"Košický kraj";90;1096;48;1144;NA;55170;138;2020-12-05;14115
2020-12-04;"Košický kraj";224;2680;82;2762;NA;55170;306;2020-12-04;13977
2020-12-03;"Košický kraj";211;7717;173;7890;NA;55170;384;2020-12-03;13671
2020-12-02;"Košický kraj";194;3654;124;3778;NA;55170;318;2020-12-02;13287
2020-12-01;"Košický kraj";178;2237;124;2361;NA;55170;302;2020-12-01;12969
2020-11-30;"Košický kraj";171;3754;62;3816;NA;55170;233;2020-11-30;12667
2020-11-29;"Košický kraj";31;287;16;303;NA;55170;47;2020-11-29;12434
2020-11-28;"Košický kraj";69;721;52;773;NA;55170;121;2020-11-28;12387
2020-11-27;"Košický kraj";149;2729;74;2803;NA;55170;223;2020-11-27;12266
2020-11-26;"Košický kraj";239;1090;55;1145;NA;55170;294;2020-11-26;12043
2020-11-25;"Košický kraj";237;1664;122;1786;NA;55170;359;2020-11-25;11749
2020-11-24;"Košický kraj";196;1871;64;1935;NA;55170;260;2020-11-24;11390
2020-11-23;"Košický kraj";51;3737;54;3791;NA;55170;105;2020-11-23;11130
2020-11-22;"Košický kraj";57;28;3;31;NA;55170;60;2020-11-22;11025
2020-11-21;"Košický kraj";87;858;36;894;NA;55170;123;2020-11-21;10965
2020-11-20;"Košický kraj";176;2989;45;3034;NA;55170;221;2020-11-20;10842
2020-11-19;"Košický kraj";206;1648;40;1688;NA;55170;246;2020-11-19;10621
2020-11-18;"Košický kraj";122;443;16;459;NA;55170;138;2020-11-18;10375
2020-11-17;"Košický kraj";152;82;9;91;NA;55170;161;2020-11-17;10237
2020-11-16;"Košický kraj";114;531;24;555;NA;55170;138;2020-11-16;10076
2020-11-15;"Košický kraj";15;338;7;345;NA;55170;22;2020-11-15;9938
2020-11-14;"Košický kraj";234;520;12;532;NA;55170;246;2020-11-14;9916
2020-11-13;"Košický kraj";207;664;29;693;NA;55170;236;2020-11-13;9670
2020-11-12;"Košický kraj";192;736;13;749;NA;55170;205;2020-11-12;9434
2020-11-11;"Košický kraj";301;593;7;600;NA;55170;308;2020-11-11;9229
2020-11-10;"Košický kraj";190;541;11;552;NA;55170;201;2020-11-10;8921
2020-11-09;"Košický kraj";129;380;5;385;NA;55170;134;2020-11-09;8720
2020-11-08;"Košický kraj";78;1298;8;1306;NA;55170;86;2020-11-08;8586
2020-11-07;"Košický kraj";192;3909;22;3931;NA;55170;214;2020-11-07;8500
2020-11-06;"Košický kraj";195;5310;34;5344;NA;55170;229;2020-11-06;8286
2020-11-05;"Košický kraj";342;330;31;361;NA;55170;373;2020-11-05;8057
2020-11-04;"Košický kraj";101;154;6;160;NA;55170;107;2020-11-04;7684
2020-11-03;"Košický kraj";358;1122;13;1135;NA;55170;371;2020-11-03;7577
2020-11-02;"Košický kraj";111;4368;51;4419;NA;55170;162;2020-11-02;7206
2020-11-01;"Košický kraj";346;6522;34;6556;NA;55170;380;2020-11-01;7044
2020-10-31;"Košický kraj";82;13810;105;13915;NA;55170;187;2020-10-31;6664
2020-10-30;"Košický kraj";379;2835;27;2862;NA;55170;406;2020-10-30;6477
2020-10-29;"Košický kraj";333;983;13;996;NA;55170;346;2020-10-29;6071
2020-10-28;"Košický kraj";224;305;13;318;NA;55170;237;2020-10-28;5725
2020-10-27;"Košický kraj";386;439;21;460;NA;55170;407;2020-10-27;5488
2020-10-26;"Košický kraj";56;206;10;216;NA;55170;66;2020-10-26;5081
2020-10-25;"Košický kraj";154;79;2;81;NA;55170;156;2020-10-25;5015
2020-10-24;"Košický kraj";313;113;15;128;NA;55170;328;2020-10-24;4859
2020-10-23;"Košický kraj";315;331;8;339;NA;55170;323;2020-10-23;4531
2020-10-22;"Košický kraj";349;530;16;546;NA;55170;365;2020-10-22;4208
2020-10-21;"Košický kraj";129;84;2;86;NA;55170;131;2020-10-21;3843
2020-10-20;"Košický kraj";181;14;1;15;NA;55170;182;2020-10-20;3712
2020-10-19;"Košický kraj";64;10;0;10;NA;55170;64;2020-10-19;3530
2020-10-18;"Košický kraj";158;0;0;0;NA;55170;158;2020-10-18;3466
2020-10-17;"Košický kraj";142;0;0;0;NA;55170;142;2020-10-17;3308
2020-10-16;"Košický kraj";206;19;0;19;NA;55170;206;2020-10-16;3166
2020-10-15;"Košický kraj";177;19;5;24;NA;55170;182;2020-10-15;2960
2020-10-14;"Košický kraj";211;8;0;8;NA;55170;211;2020-10-14;2778
2020-10-13;"Košický kraj";179;80;3;83;NA;55170;182;2020-10-13;2567
2020-10-12;"Košický kraj";74;0;0;0;NA;55170;74;2020-10-12;2385
2020-10-11;"Košický kraj";121;0;0;0;NA;55170;121;2020-10-11;2311
2020-10-10;"Košický kraj";70;0;0;0;NA;55170;70;2020-10-10;2190
2020-10-09;"Košický kraj";188;0;0;0;NA;55170;188;2020-10-09;2120
2020-10-08;"Košický kraj";102;0;0;0;NA;55170;102;2020-10-08;1932
2020-10-07;"Košický kraj";158;0;0;0;NA;55170;158;2020-10-07;1830
2020-10-06;"Košický kraj";70;0;0;0;NA;55170;70;2020-10-06;1672
2020-10-05;"Košický kraj";39;0;0;0;NA;55170;39;2020-10-05;1602
2020-10-04;"Košický kraj";45;0;0;0;NA;55170;45;2020-10-04;1563
2020-10-03;"Košický kraj";105;0;0;0;NA;55170;105;2020-10-03;1518
2020-10-02;"Košický kraj";57;0;0;0;NA;55170;57;2020-10-02;1413
2020-10-01;"Košický kraj";69;0;0;0;NA;55170;69;2020-10-01;1356
2020-09-30;"Košický kraj";95;0;0;0;NA;55170;95;2020-09-30;1287
2020-09-29;"Košický kraj";75;0;0;0;NA;55170;75;2020-09-29;1192
2020-09-28;"Košický kraj";19;0;0;0;NA;55170;19;2020-09-28;1117
2020-09-27;"Košický kraj";21;0;0;0;NA;55170;21;2020-09-27;1098
2020-09-26;"Košický kraj";53;0;0;0;NA;55170;53;2020-09-26;1077
2020-09-25;"Košický kraj";72;0;0;0;NA;55170;72;2020-09-25;1024
2020-09-24;"Košický kraj";35;0;0;0;NA;55170;35;2020-09-24;952
2020-09-23;"Košický kraj";23;0;0;0;NA;55170;23;2020-09-23;917
2020-09-22;"Košický kraj";39;0;0;0;NA;55170;39;2020-09-22;894
2020-09-21;"Košický kraj";5;0;0;0;NA;55170;5;2020-09-21;855
2020-09-20;"Košický kraj";3;0;0;0;NA;55170;3;2020-09-20;850
2020-09-19;"Košický kraj";13;0;0;0;NA;55170;13;2020-09-19;847
2020-09-18;"Košický kraj";20;0;0;0;NA;55170;20;2020-09-18;834
2020-09-17;"Košický kraj";22;0;0;0;NA;55170;22;2020-09-17;814
2020-09-16;"Košický kraj";12;0;0;0;NA;55170;12;2020-09-16;792
2020-09-15;"Košický kraj";10;0;0;0;NA;55170;10;2020-09-15;780
2020-09-14;"Košický kraj";6;0;0;0;NA;55170;6;2020-09-14;770
2020-09-13;"Košický kraj";3;0;0;0;NA;55170;3;2020-09-13;764
2020-09-12;"Košický kraj";16;0;0;0;NA;55170;16;2020-09-12;761
2020-09-11;"Košický kraj";20;0;0;0;NA;55170;20;2020-09-11;745
2020-09-10;"Košický kraj";11;0;0;0;NA;55170;11;2020-09-10;725
2020-09-09;"Košický kraj";37;0;0;0;NA;55170;37;2020-09-09;714
2020-09-08;"Košický kraj";10;0;0;0;NA;55170;10;2020-09-08;677
2020-09-07;"Košický kraj";4;0;0;0;NA;55170;4;2020-09-07;667
2020-09-06;"Košický kraj";2;0;0;0;NA;55170;2;2020-09-06;663
2020-09-05;"Košický kraj";10;0;0;0;NA;55170;10;2020-09-05;661
2020-09-04;"Košický kraj";14;0;0;0;NA;55170;14;2020-09-04;651
2020-09-03;"Košický kraj";22;0;0;0;NA;55170;22;2020-09-03;637
2021-02-08;"Nitriansky kraj";177;36864;508;37372;31004;68129;685;2021-02-08;68129
2021-02-07;"Nitriansky kraj";20;40153;351;40504;NA;68129;371;2021-02-07;67444
2021-02-06;"Nitriansky kraj";129;86593;785;87378;NA;68129;914;2021-02-06;67073
2021-02-05;"Nitriansky kraj";244;35745;1106;36851;NA;68129;1350;2021-02-05;66159
2021-02-04;"Nitriansky kraj";308;15512;491;16003;NA;68129;799;2021-02-04;64809
2021-02-03;"Nitriansky kraj";191;10635;330;10965;NA;68129;521;2021-02-03;64010
2021-02-02;"Nitriansky kraj";327;17021;360;17381;NA;68129;687;2021-02-02;63489
2021-02-01;"Nitriansky kraj";221;23539;442;23981;NA;68129;663;2021-02-01;62802
2021-01-31;"Nitriansky kraj";9;19045;199;19244;NA;68129;208;2021-01-31;62139
2021-01-30;"Nitriansky kraj";152;71863;683;72546;NA;68129;835;2021-01-30;61931
2021-01-29;"Nitriansky kraj";135;23358;469;23827;NA;68129;604;2021-01-29;61096
2021-01-28;"Nitriansky kraj";269;10881;368;11249;NA;68129;637;2021-01-28;60492
2021-01-27;"Nitriansky kraj";235;6575;293;6868;NA;68129;528;2021-01-27;59855
2021-01-26;"Nitriansky kraj";345;14773;426;15199;NA;68129;771;2021-01-26;59327
2021-01-25;"Nitriansky kraj";201;20383;412;20795;NA;68129;613;2021-01-25;58556
2021-01-24;"Nitriansky kraj";12;61563;583;62146;NA;68129;595;2021-01-24;57943
2021-01-23;"Nitriansky kraj";277;80123;1187;81310;NA;68129;1464;2021-01-23;57348
2021-01-22;"Nitriansky kraj";139;34065;584;34649;NA;68129;723;2021-01-22;55884
2021-01-21;"Nitriansky kraj";305;14309;406;14715;NA;68129;711;2021-01-21;55161
2021-01-20;"Nitriansky kraj";326;11510;610;12120;NA;68129;936;2021-01-20;54450
2021-01-19;"Nitriansky kraj";344;10778;623;11401;NA;68129;967;2021-01-19;53514
2021-01-18;"Nitriansky kraj";367;8479;494;8973;NA;68129;861;2021-01-18;52547
2021-01-17;"Nitriansky kraj";97;15061;275;15336;NA;68129;372;2021-01-17;51686
2021-01-16;"Nitriansky kraj";64;35485;645;36130;NA;68129;709;2021-01-16;51314
2021-01-15;"Nitriansky kraj";373;15947;479;16426;NA;68129;852;2021-01-15;50605
2021-01-14;"Nitriansky kraj";627;10268;440;10708;NA;68129;1067;2021-01-14;49753
2021-01-13;"Nitriansky kraj";663;9167;497;9664;NA;68129;1160;2021-01-13;48686
2021-01-12;"Nitriansky kraj";642;8992;574;9566;NA;68129;1216;2021-01-12;47526
2021-01-11;"Nitriansky kraj";422;8175;515;8690;NA;68129;937;2021-01-11;46310
2021-01-10;"Nitriansky kraj";44;18767;703;19470;NA;68129;747;2021-01-10;45373
2021-01-09;"Nitriansky kraj";532;37075;1090;38165;NA;68129;1622;2021-01-09;44626
2021-01-08;"Nitriansky kraj";817;14004;719;14723;NA;68129;1536;2021-01-08;43004
2021-01-07;"Nitriansky kraj";438;10465;784;11249;NA;68129;1222;2021-01-07;41468
2021-01-06;"Nitriansky kraj";259;3347;239;3586;NA;68129;498;2021-01-06;40246
2021-01-05;"Nitriansky kraj";732;8815;1204;10019;NA;68129;1936;2021-01-05;39748
2021-01-04;"Nitriansky kraj";362;8247;1270;9517;NA;68129;1632;2021-01-04;37812
2021-01-03;"Nitriansky kraj";42;84;20;104;NA;68129;62;2021-01-03;36180
2021-01-02;"Nitriansky kraj";249;1090;26;1116;NA;68129;275;2021-01-02;36118
2021-01-01;"Nitriansky kraj";119;671;94;765;NA;68129;213;2021-01-01;35843
2020-12-31;"Nitriansky kraj";786;6079;693;6772;NA;68129;1479;2020-12-31;35630
2020-12-30;"Nitriansky kraj";1094;8641;1098;9739;NA;68129;2192;2020-12-30;34151
2020-12-29;"Nitriansky kraj";607;7870;1245;9115;NA;68129;1852;2020-12-29;31959
2020-12-28;"Nitriansky kraj";83;6881;1271;8152;NA;68129;1354;2020-12-28;30107
2020-12-27;"Nitriansky kraj";22;36;2;38;NA;68129;24;2020-12-27;28753
2020-12-26;"Nitriansky kraj";54;297;56;353;NA;68129;110;2020-12-26;28729
2020-12-25;"Nitriansky kraj";35;47;5;52;NA;68129;40;2020-12-25;28619
2020-12-24;"Nitriansky kraj";514;1861;176;2037;NA;68129;690;2020-12-24;28579
2020-12-23;"Nitriansky kraj";349;15214;843;16057;NA;68129;1192;2020-12-23;27889
2020-12-22;"Nitriansky kraj";673;10915;994;11909;NA;68129;1667;2020-12-22;26697
2020-12-21;"Nitriansky kraj";128;7719;976;8695;NA;68129;1104;2020-12-21;25030
2020-12-20;"Nitriansky kraj";77;50;10;60;NA;68129;87;2020-12-20;23926
2020-12-19;"Nitriansky kraj";262;2449;169;2618;NA;68129;431;2020-12-19;23839
2020-12-18;"Nitriansky kraj";512;8130;541;8671;NA;68129;1053;2020-12-18;23408
2020-12-17;"Nitriansky kraj";586;6705;514;7219;NA;68129;1100;2020-12-17;22355
2020-12-16;"Nitriansky kraj";357;8265;513;8778;NA;68129;870;2020-12-16;21255
2020-12-15;"Nitriansky kraj";461;9365;769;10134;NA;68129;1230;2020-12-15;20385
2020-12-14;"Nitriansky kraj";217;8089;827;8916;NA;68129;1044;2020-12-14;19155
2020-12-13;"Nitriansky kraj";12;9;1;10;NA;68129;13;2020-12-13;18111
2020-12-12;"Nitriansky kraj";341;1832;125;1957;NA;68129;466;2020-12-12;18098
2020-12-11;"Nitriansky kraj";409;5976;454;6430;NA;68129;863;2020-12-11;17632
2020-12-10;"Nitriansky kraj";360;5030;326;5356;NA;68129;686;2020-12-10;16769
2020-12-09;"Nitriansky kraj";362;5726;542;6268;NA;68129;904;2020-12-09;16083
2020-12-08;"Nitriansky kraj";340;8766;611;9377;NA;68129;951;2020-12-08;15179
2020-12-07;"Nitriansky kraj";139;6243;573;6816;NA;68129;712;2020-12-07;14228
2020-12-06;"Nitriansky kraj";15;89;4;93;NA;68129;19;2020-12-06;13516
2020-12-05;"Nitriansky kraj";136;618;14;632;NA;68129;150;2020-12-05;13497
2020-12-04;"Nitriansky kraj";232;3047;86;3133;NA;68129;318;2020-12-04;13347
2020-12-03;"Nitriansky kraj";248;2599;127;2726;NA;68129;375;2020-12-03;13029
2020-12-02;"Nitriansky kraj";252;3733;163;3896;NA;68129;415;2020-12-02;12654
2020-12-01;"Nitriansky kraj";331;2940;134;3074;NA;68129;465;2020-12-01;12239
2020-11-30;"Nitriansky kraj";91;4232;143;4375;NA;68129;234;2020-11-30;11774
2020-11-29;"Nitriansky kraj";3;620;42;662;NA;68129;45;2020-11-29;11540
2020-11-28;"Nitriansky kraj";135;892;31;923;NA;68129;166;2020-11-28;11495
2020-11-27;"Nitriansky kraj";177;1229;43;1272;NA;68129;220;2020-11-27;11329
2020-11-26;"Nitriansky kraj";191;2262;57;2319;NA;68129;248;2020-11-26;11109
2020-11-25;"Nitriansky kraj";325;1993;66;2059;NA;68129;391;2020-11-25;10861
2020-11-24;"Nitriansky kraj";147;1141;50;1191;NA;68129;197;2020-11-24;10470
2020-11-23;"Nitriansky kraj";102;9562;206;9768;NA;68129;308;2020-11-23;10273
2020-11-22;"Nitriansky kraj";7;0;0;0;NA;68129;7;2020-11-22;9965
2020-11-21;"Nitriansky kraj";86;1083;38;1121;NA;68129;124;2020-11-21;9958
2020-11-20;"Nitriansky kraj";264;4020;101;4121;NA;68129;365;2020-11-20;9834
2020-11-19;"Nitriansky kraj";185;2953;133;3086;NA;68129;318;2020-11-19;9469
2020-11-18;"Nitriansky kraj";188;2109;77;2186;NA;68129;265;2020-11-18;9151
2020-11-17;"Nitriansky kraj";178;596;29;625;NA;68129;207;2020-11-17;8886
2020-11-16;"Nitriansky kraj";139;1836;75;1911;NA;68129;214;2020-11-16;8679
2020-11-15;"Nitriansky kraj";14;10;1;11;NA;68129;15;2020-11-15;8465
2020-11-14;"Nitriansky kraj";114;1131;32;1163;NA;68129;146;2020-11-14;8450
2020-11-13;"Nitriansky kraj";210;936;46;982;NA;68129;256;2020-11-13;8304
2020-11-12;"Nitriansky kraj";256;1195;35;1230;NA;68129;291;2020-11-12;8048
2020-11-11;"Nitriansky kraj";279;1247;22;1269;NA;68129;301;2020-11-11;7757
2020-11-10;"Nitriansky kraj";192;2623;39;2662;NA;68129;231;2020-11-10;7456
2020-11-09;"Nitriansky kraj";128;3136;43;3179;NA;68129;171;2020-11-09;7225
2020-11-08;"Nitriansky kraj";43;1462;32;1494;NA;68129;75;2020-11-08;7054
2020-11-07;"Nitriansky kraj";130;1046;4;1050;NA;68129;134;2020-11-07;6979
2020-11-06;"Nitriansky kraj";210;2264;32;2296;NA;68129;242;2020-11-06;6845
2020-11-05;"Nitriansky kraj";178;312;14;326;NA;68129;192;2020-11-05;6603
2020-11-04;"Nitriansky kraj";211;297;16;313;NA;68129;227;2020-11-04;6411
2020-11-03;"Nitriansky kraj";216;435;25;460;NA;68129;241;2020-11-03;6184
2020-11-02;"Nitriansky kraj";171;4208;46;4254;NA;68129;217;2020-11-02;5943
2020-11-01;"Nitriansky kraj";130;2546;27;2573;NA;68129;157;2020-11-01;5726
2020-10-31;"Nitriansky kraj";261;10466;134;10600;NA;68129;395;2020-10-31;5569
2020-10-30;"Nitriansky kraj";204;2380;21;2401;NA;68129;225;2020-10-30;5174
2020-10-29;"Nitriansky kraj";293;841;39;880;NA;68129;332;2020-10-29;4949
2020-10-28;"Nitriansky kraj";216;608;59;667;NA;68129;275;2020-10-28;4617
2020-10-27;"Nitriansky kraj";296;550;47;597;NA;68129;343;2020-10-27;4342
2020-10-26;"Nitriansky kraj";69;633;56;689;NA;68129;125;2020-10-26;3999
2020-10-25;"Nitriansky kraj";50;40;6;46;NA;68129;56;2020-10-25;3874
2020-10-24;"Nitriansky kraj";169;237;11;248;NA;68129;180;2020-10-24;3818
2020-10-23;"Nitriansky kraj";282;762;41;803;NA;68129;323;2020-10-23;3638
2020-10-22;"Nitriansky kraj";137;444;39;483;NA;68129;176;2020-10-22;3315
2020-10-21;"Nitriansky kraj";146;208;3;211;NA;68129;149;2020-10-21;3139
2020-10-20;"Nitriansky kraj";197;78;6;84;NA;68129;203;2020-10-20;2990
2020-10-19;"Nitriansky kraj";148;79;1;80;NA;68129;149;2020-10-19;2787
2020-10-18;"Nitriansky kraj";22;0;0;0;NA;68129;22;2020-10-18;2638
2020-10-17;"Nitriansky kraj";67;0;0;0;NA;68129;67;2020-10-17;2616
2020-10-16;"Nitriansky kraj";133;28;3;31;NA;68129;136;2020-10-16;2549
2020-10-15;"Nitriansky kraj";106;31;2;33;NA;68129;108;2020-10-15;2413
2020-10-14;"Nitriansky kraj";80;22;4;26;NA;68129;84;2020-10-14;2305
2020-10-13;"Nitriansky kraj";101;82;2;84;NA;68129;103;2020-10-13;2221
2020-10-12;"Nitriansky kraj";36;0;0;0;NA;68129;36;2020-10-12;2118
2020-10-11;"Nitriansky kraj";8;0;0;0;NA;68129;8;2020-10-11;2082
2020-10-10;"Nitriansky kraj";107;0;0;0;NA;68129;107;2020-10-10;2074
2020-10-09;"Nitriansky kraj";120;0;0;0;NA;68129;120;2020-10-09;1967
2020-10-08;"Nitriansky kraj";132;0;0;0;NA;68129;132;2020-10-08;1847
2020-10-07;"Nitriansky kraj";81;0;0;0;NA;68129;81;2020-10-07;1715
2020-10-06;"Nitriansky kraj";48;0;0;0;NA;68129;48;2020-10-06;1634
2020-10-05;"Nitriansky kraj";20;0;0;0;NA;68129;20;2020-10-05;1586
2020-10-04;"Nitriansky kraj";17;0;0;0;NA;68129;17;2020-10-04;1566
2020-10-03;"Nitriansky kraj";96;0;0;0;NA;68129;96;2020-10-03;1549
2020-10-02;"Nitriansky kraj";108;0;0;0;NA;68129;108;2020-10-02;1453
2020-10-01;"Nitriansky kraj";95;0;0;0;NA;68129;95;2020-10-01;1345
2020-09-30;"Nitriansky kraj";100;0;0;0;NA;68129;100;2020-09-30;1250
2020-09-29;"Nitriansky kraj";50;0;0;0;NA;68129;50;2020-09-29;1150
2020-09-28;"Nitriansky kraj";22;0;0;0;NA;68129;22;2020-09-28;1100
2020-09-27;"Nitriansky kraj";16;0;0;0;NA;68129;16;2020-09-27;1078
2020-09-26;"Nitriansky kraj";64;0;0;0;NA;68129;64;2020-09-26;1062
2020-09-25;"Nitriansky kraj";90;0;0;0;NA;68129;90;2020-09-25;998
2020-09-24;"Nitriansky kraj";51;0;0;0;NA;68129;51;2020-09-24;908
2020-09-23;"Nitriansky kraj";70;0;0;0;NA;68129;70;2020-09-23;857
2020-09-22;"Nitriansky kraj";18;0;0;0;NA;68129;18;2020-09-22;787
2020-09-21;"Nitriansky kraj";10;0;0;0;NA;68129;10;2020-09-21;769
2020-09-20;"Nitriansky kraj";4;0;0;0;NA;68129;4;2020-09-20;759
2020-09-19;"Nitriansky kraj";14;0;0;0;NA;68129;14;2020-09-19;755
2020-09-18;"Nitriansky kraj";19;0;0;0;NA;68129;19;2020-09-18;741
2020-09-17;"Nitriansky kraj";30;0;0;0;NA;68129;30;2020-09-17;722
2020-09-16;"Nitriansky kraj";6;0;0;0;NA;68129;6;2020-09-16;692
2020-09-15;"Nitriansky kraj";19;0;0;0;NA;68129;19;2020-09-15;686
2020-09-14;"Nitriansky kraj";28;0;0;0;NA;68129;28;2020-09-14;667
2020-09-13;"Nitriansky kraj";3;0;0;0;NA;68129;3;2020-09-13;639
2020-09-12;"Nitriansky kraj";12;0;0;0;NA;68129;12;2020-09-12;636
2020-09-11;"Nitriansky kraj";23;0;0;0;NA;68129;23;2020-09-11;624
2020-09-10;"Nitriansky kraj";29;0;0;0;NA;68129;29;2020-09-10;601
2020-09-09;"Nitriansky kraj";19;0;0;0;NA;68129;19;2020-09-09;572
2020-09-08;"Nitriansky kraj";17;0;0;0;NA;68129;17;2020-09-08;553
2020-09-07;"Nitriansky kraj";17;0;0;0;NA;68129;17;2020-09-07;536
2020-09-05;"Nitriansky kraj";22;0;0;0;NA;68129;22;2020-09-05;519
2020-09-04;"Nitriansky kraj";34;0;0;0;NA;68129;34;2020-09-04;497
2020-09-03;"Nitriansky kraj";15;0;0;0;NA;68129;15;2020-09-03;463
2021-02-08;"Prešovský kraj";161;39147;240;39387;40019;68496;401;2021-02-08;68496
2021-02-07;"Prešovský kraj";21;20912;145;21057;NA;68496;166;2021-02-07;68095
2021-02-06;"Prešovský kraj";176;63601;315;63916;NA;68496;491;2021-02-06;67929
2021-02-05;"Prešovský kraj";177;25766;232;25998;NA;68496;409;2021-02-05;67438
2021-02-04;"Prešovský kraj";176;11770;217;11987;NA;68496;393;2021-02-04;67029
2021-02-03;"Prešovský kraj";251;7399;200;7599;NA;68496;451;2021-02-03;66636
2021-02-02;"Prešovský kraj";249;11388;269;11657;NA;68496;518;2021-02-02;66185
2021-02-01;"Prešovský kraj";220;15195;271;15466;NA;68496;491;2021-02-01;65667
2021-01-31;"Prešovský kraj";42;1464;33;1497;NA;68496;75;2021-01-31;65176
2021-01-30;"Prešovský kraj";142;23865;213;24078;NA;68496;355;2021-01-30;65101
2021-01-29;"Prešovský kraj";88;15464;266;15730;NA;68496;354;2021-01-29;64746
2021-01-28;"Prešovský kraj";311;8165;137;8302;NA;68496;448;2021-01-28;64392
2021-01-27;"Prešovský kraj";153;9098;134;9232;NA;68496;287;2021-01-27;63944
2021-01-26;"Prešovský kraj";252;15920;141;16061;NA;68496;393;2021-01-26;63657
2021-01-25;"Prešovský kraj";196;27743;237;27980;NA;68496;433;2021-01-25;63264
2021-01-24;"Prešovský kraj";12;52958;386;53344;NA;68496;398;2021-01-24;62831
2021-01-23;"Prešovský kraj";189;88335;430;88765;NA;68496;619;2021-01-23;62433
2021-01-22;"Prešovský kraj";187;32850;246;33096;NA;68496;433;2021-01-22;61814
2021-01-21;"Prešovský kraj";187;18674;195;18869;NA;68496;382;2021-01-21;61381
2021-01-20;"Prešovský kraj";253;13028;169;13197;NA;68496;422;2021-01-20;60999
2021-01-19;"Prešovský kraj";281;11001;290;11291;NA;68496;571;2021-01-19;60577
2021-01-18;"Prešovský kraj";203;9455;309;9764;NA;68496;512;2021-01-18;60006
2021-01-17;"Prešovský kraj";107;14393;1008;15401;NA;68496;1115;2021-01-17;59494
2021-01-16;"Prešovský kraj";72;1583;76;1659;NA;68496;148;2021-01-16;58379
2021-01-15;"Prešovský kraj";159;6322;209;6531;NA;68496;368;2021-01-15;58231
2021-01-14;"Prešovský kraj";268;5250;238;5488;NA;68496;506;2021-01-14;57863
2021-01-13;"Prešovský kraj";342;5294;208;5502;NA;68496;550;2021-01-13;57357
2021-01-12;"Prešovský kraj";455;8098;370;8468;NA;68496;825;2021-01-12;56807
2021-01-11;"Prešovský kraj";343;7208;435;7643;NA;68496;778;2021-01-11;55982
2021-01-10;"Prešovský kraj";63;476;23;499;NA;68496;86;2021-01-10;55204
2021-01-09;"Prešovský kraj";439;2248;125;2373;NA;68496;564;2021-01-09;55118
2021-01-08;"Prešovský kraj";430;10059;517;10576;NA;68496;947;2021-01-08;54554
2021-01-07;"Prešovský kraj";268;7387;621;8008;NA;68496;889;2021-01-07;53607
2021-01-06;"Prešovský kraj";315;1259;101;1360;NA;68496;416;2021-01-06;52718
2021-01-05;"Prešovský kraj";655;11094;947;12041;NA;68496;1602;2021-01-05;52302
2021-01-04;"Prešovský kraj";371;16400;1688;18088;NA;68496;2059;2021-01-04;50700
2021-01-03;"Prešovský kraj";89;257;37;294;NA;68496;126;2021-01-03;48641
2021-01-02;"Prešovský kraj";65;1559;160;1719;NA;68496;225;2021-01-02;48515
2021-01-01;"Prešovský kraj";174;914;70;984;NA;68496;244;2021-01-01;48290
2020-12-31;"Prešovský kraj";640;11208;695;11903;NA;68496;1335;2020-12-31;48046
2020-12-30;"Prešovský kraj";729;8300;715;9015;NA;68496;1444;2020-12-30;46711
2020-12-29;"Prešovský kraj";435;8286;863;9149;NA;68496;1298;2020-12-29;45267
2020-12-28;"Prešovský kraj";393;8292;1020;9312;NA;68496;1413;2020-12-28;43969
2020-12-27;"Prešovský kraj";40;571;39;610;NA;68496;79;2020-12-27;42556
2020-12-26;"Prešovský kraj";64;176;12;188;NA;68496;76;2020-12-26;42477
2020-12-25;"Prešovský kraj";208;273;13;286;NA;68496;221;2020-12-25;42401
2020-12-24;"Prešovský kraj";452;1214;85;1299;NA;68496;537;2020-12-24;42180
2020-12-23;"Prešovský kraj";361;10229;781;11010;NA;68496;1142;2020-12-23;41643
2020-12-22;"Prešovský kraj";439;8805;666;9471;NA;68496;1105;2020-12-22;40501
2020-12-21;"Prešovský kraj";432;9396;820;10216;NA;68496;1252;2020-12-21;39396
2020-12-20;"Prešovský kraj";184;396;20;416;NA;68496;204;2020-12-20;38144
2020-12-19;"Prešovský kraj";276;1658;151;1809;NA;68496;427;2020-12-19;37940
2020-12-18;"Prešovský kraj";396;8850;599;9449;NA;68496;995;2020-12-18;37513
2020-12-17;"Prešovský kraj";427;10826;891;11717;NA;68496;1318;2020-12-17;36518
2020-12-16;"Prešovský kraj";466;6017;508;6525;NA;68496;974;2020-12-16;35200
2020-12-15;"Prešovský kraj";411;5685;584;6269;NA;68496;995;2020-12-15;34226
2020-12-14;"Prešovský kraj";334;5767;508;6275;NA;68496;842;2020-12-14;33231
2020-12-13;"Prešovský kraj";89;29;8;37;NA;68496;97;2020-12-13;32389
2020-12-12;"Prešovský kraj";319;2474;166;2640;NA;68496;485;2020-12-12;32292
2020-12-11;"Prešovský kraj";560;6042;418;6460;NA;68496;978;2020-12-11;31807
2020-12-10;"Prešovský kraj";337;5180;440;5620;NA;68496;777;2020-12-10;30829
2020-12-09;"Prešovský kraj";358;3646;270;3916;NA;68496;628;2020-12-09;30052
2020-12-08;"Prešovský kraj";350;6436;647;7083;NA;68496;997;2020-12-08;29424
2020-12-07;"Prešovský kraj";309;3644;337;3981;NA;68496;646;2020-12-07;28427
2020-12-06;"Prešovský kraj";59;358;26;384;NA;68496;85;2020-12-06;27781
2020-12-05;"Prešovský kraj";218;984;87;1071;NA;68496;305;2020-12-05;27696
2020-12-04;"Prešovský kraj";352;4471;281;4752;NA;68496;633;2020-12-04;27391
2020-12-03;"Prešovský kraj";284;2900;202;3102;NA;68496;486;2020-12-03;26758
2020-12-02;"Prešovský kraj";232;3361;235;3596;NA;68496;467;2020-12-02;26272
2020-12-01;"Prešovský kraj";281;2341;213;2554;NA;68496;494;2020-12-01;25805
2020-11-30;"Prešovský kraj";196;5821;110;5931;NA;68496;306;2020-11-30;25311
2020-11-29;"Prešovský kraj";27;379;42;421;NA;68496;69;2020-11-29;25005
2020-11-28;"Prešovský kraj";199;682;62;744;NA;68496;261;2020-11-28;24936
2020-11-27;"Prešovský kraj";232;2135;119;2254;NA;68496;351;2020-11-27;24675
2020-11-26;"Prešovský kraj";263;2787;312;3099;NA;68496;575;2020-11-26;24324
2020-11-25;"Prešovský kraj";302;1642;78;1720;NA;68496;380;2020-11-25;23749
2020-11-24;"Prešovský kraj";365;1662;140;1802;NA;68496;505;2020-11-24;23369
2020-11-23;"Prešovský kraj";164;842;42;884;NA;68496;206;2020-11-23;22864
2020-11-22;"Prešovský kraj";46;30;1;31;NA;68496;47;2020-11-22;22658
2020-11-21;"Prešovský kraj";205;689;57;746;NA;68496;262;2020-11-21;22611
2020-11-20;"Prešovský kraj";363;2063;98;2161;NA;68496;461;2020-11-20;22349
2020-11-19;"Prešovský kraj";359;1973;229;2202;NA;68496;588;2020-11-19;21888
2020-11-18;"Prešovský kraj";270;373;32;405;NA;68496;302;2020-11-18;21300
2020-11-17;"Prešovský kraj";347;151;17;168;NA;68496;364;2020-11-17;20998
2020-11-16;"Prešovský kraj";226;382;51;433;NA;68496;277;2020-11-16;20634
2020-11-15;"Prešovský kraj";186;39;4;43;NA;68496;190;2020-11-15;20357
2020-11-14;"Prešovský kraj";261;54;4;58;NA;68496;265;2020-11-14;20167
2020-11-13;"Prešovský kraj";395;166;8;174;NA;68496;403;2020-11-13;19902
2020-11-12;"Prešovský kraj";397;229;50;279;NA;68496;447;2020-11-12;19499
2020-11-11;"Prešovský kraj";516;161;15;176;NA;68496;531;2020-11-11;19052
2020-11-10;"Prešovský kraj";437;197;9;206;NA;68496;446;2020-11-10;18521
2020-11-09;"Prešovský kraj";190;4106;945;5051;NA;68496;1135;2020-11-09;18075
2020-11-08;"Prešovský kraj";97;2817;32;2849;NA;68496;129;2020-11-08;16940
2020-11-07;"Prešovský kraj";416;8578;81;8659;NA;68496;497;2020-11-07;16811
2020-11-06;"Prešovský kraj";520;4791;76;4867;NA;68496;596;2020-11-06;16314
2020-11-05;"Prešovský kraj";397;180;5;185;NA;68496;402;2020-11-05;15718
2020-11-04;"Prešovský kraj";350;807;8;815;NA;68496;358;2020-11-04;15316
2020-11-03;"Prešovský kraj";565;98;12;110;NA;68496;577;2020-11-03;14958
2020-11-02;"Prešovský kraj";203;4158;1004;5162;NA;68496;1207;2020-11-02;14381
2020-11-01;"Prešovský kraj";386;2906;53;2959;NA;68496;439;2020-11-01;13174
2020-10-31;"Prešovský kraj";315;10497;170;10667;NA;68496;485;2020-10-31;12735
2020-10-30;"Prešovský kraj";552;2949;65;3014;NA;68496;617;2020-10-30;12250
2020-10-29;"Prešovský kraj";594;301;38;339;NA;68496;632;2020-10-29;11633
2020-10-28;"Prešovský kraj";617;291;46;337;NA;68496;663;2020-10-28;11001
2020-10-27;"Prešovský kraj";656;268;34;302;NA;68496;690;2020-10-27;10338
2020-10-26;"Prešovský kraj";137;363;57;420;NA;68496;194;2020-10-26;9648
2020-10-25;"Prešovský kraj";237;346;11;357;NA;68496;248;2020-10-25;9454
2020-10-24;"Prešovský kraj";719;200;12;212;NA;68496;731;2020-10-24;9206
2020-10-23;"Prešovský kraj";750;218;8;226;NA;68496;758;2020-10-23;8475
2020-10-22;"Prešovský kraj";646;396;30;426;NA;68496;676;2020-10-22;7717
2020-10-21;"Prešovský kraj";383;58;8;66;NA;68496;391;2020-10-21;7041
2020-10-20;"Prešovský kraj";493;65;7;72;NA;68496;500;2020-10-20;6650
2020-10-19;"Prešovský kraj";140;235;15;250;NA;68496;155;2020-10-19;6150
2020-10-18;"Prešovský kraj";209;0;0;0;NA;68496;209;2020-10-18;5995
2020-10-17;"Prešovský kraj";342;0;0;0;NA;68496;342;2020-10-17;5786
2020-10-16;"Prešovský kraj";388;57;3;60;NA;68496;391;2020-10-16;5444
2020-10-15;"Prešovský kraj";435;85;18;103;NA;68496;453;2020-10-15;5053
2020-10-14;"Prešovský kraj";451;54;10;64;NA;68496;461;2020-10-14;4600
2020-10-13;"Prešovský kraj";264;50;6;56;NA;68496;270;2020-10-13;4139
2020-10-12;"Prešovský kraj";214;334;35;369;NA;68496;249;2020-10-12;3869
2020-10-11;"Prešovský kraj";127;0;0;0;NA;68496;127;2020-10-11;3620
2020-10-10;"Prešovský kraj";248;0;0;0;NA;68496;248;2020-10-10;3493
2020-10-09;"Prešovský kraj";406;0;0;0;NA;68496;406;2020-10-09;3245
2020-10-08;"Prešovský kraj";245;0;0;0;NA;68496;245;2020-10-08;2839
2020-10-07;"Prešovský kraj";244;0;0;0;NA;68496;244;2020-10-07;2594
2020-10-06;"Prešovský kraj";166;0;0;0;NA;68496;166;2020-10-06;2350
2020-10-05;"Prešovský kraj";84;0;0;0;NA;68496;84;2020-10-05;2184
2020-10-04;"Prešovský kraj";118;0;0;0;NA;68496;118;2020-10-04;2100
2020-10-03;"Prešovský kraj";204;0;0;0;NA;68496;204;2020-10-03;1982
2020-10-02;"Prešovský kraj";149;0;0;0;NA;68496;149;2020-10-02;1778
2020-10-01;"Prešovský kraj";136;0;0;0;NA;68496;136;2020-10-01;1629
2020-09-30;"Prešovský kraj";121;0;0;0;NA;68496;121;2020-09-30;1493
2020-09-29;"Prešovský kraj";156;0;0;0;NA;68496;156;2020-09-29;1372
2020-09-28;"Prešovský kraj";51;0;0;0;NA;68496;51;2020-09-28;1216
2020-09-27;"Prešovský kraj";10;0;0;0;NA;68496;10;2020-09-27;1165
2020-09-26;"Prešovský kraj";72;0;0;0;NA;68496;72;2020-09-26;1155
2020-09-25;"Prešovský kraj";91;0;0;0;NA;68496;91;2020-09-25;1083
2020-09-24;"Prešovský kraj";52;0;0;0;NA;68496;52;2020-09-24;992
2020-09-23;"Prešovský kraj";55;0;0;0;NA;68496;55;2020-09-23;940
2020-09-22;"Prešovský kraj";29;0;0;0;NA;68496;29;2020-09-22;885
2020-09-21;"Prešovský kraj";14;0;0;0;NA;68496;14;2020-09-21;856
2020-09-20;"Prešovský kraj";5;0;0;0;NA;68496;5;2020-09-20;842
2020-09-19;"Prešovský kraj";12;0;0;0;NA;68496;12;2020-09-19;837
2020-09-18;"Prešovský kraj";29;0;0;0;NA;68496;29;2020-09-18;825
2020-09-17;"Prešovský kraj";25;0;0;0;NA;68496;25;2020-09-17;796
2020-09-16;"Prešovský kraj";8;0;0;0;NA;68496;8;2020-09-16;771
2020-09-15;"Prešovský kraj";10;0;0;0;NA;68496;10;2020-09-15;763
2020-09-14;"Prešovský kraj";47;0;0;0;NA;68496;47;2020-09-14;753
2020-09-13;"Prešovský kraj";3;0;0;0;NA;68496;3;2020-09-13;706
2020-09-12;"Prešovský kraj";4;0;0;0;NA;68496;4;2020-09-12;703
2020-09-11;"Prešovský kraj";15;0;0;0;NA;68496;15;2020-09-11;699
2020-09-10;"Prešovský kraj";10;0;0;0;NA;68496;10;2020-09-10;684
2020-09-09;"Prešovský kraj";21;0;0;0;NA;68496;21;2020-09-09;674
2020-09-08;"Prešovský kraj";23;0;0;0;NA;68496;23;2020-09-08;653
2020-09-07;"Prešovský kraj";5;0;0;0;NA;68496;5;2020-09-07;630
2020-09-06;"Prešovský kraj";3;0;0;0;NA;68496;3;2020-09-06;625
2020-09-05;"Prešovský kraj";7;0;0;0;NA;68496;7;2020-09-05;622
2020-09-04;"Prešovský kraj";24;0;0;0;NA;68496;24;2020-09-04;615
2020-09-03;"Prešovský kraj";8;0;0;0;NA;68496;8;2020-09-03;591
2021-02-08;"Trenčiansky kraj";182;24848;387;25235;35577;61549;569;2021-02-08;61549
2021-02-07;"Trenčiansky kraj";31;22419;226;22645;NA;61549;257;2021-02-07;60980
2021-02-06;"Trenčiansky kraj";216;62260;578;62838;NA;61549;794;2021-02-06;60723
2021-02-05;"Trenčiansky kraj";202;16769;365;17134;NA;61549;567;2021-02-05;59929
2021-02-04;"Trenčiansky kraj";266;6888;290;7178;NA;61549;556;2021-02-04;59362
2021-02-03;"Trenčiansky kraj";162;8979;345;9324;NA;61549;507;2021-02-03;58806
2021-02-02;"Trenčiansky kraj";347;7756;379;8135;NA;61549;726;2021-02-02;58299
2021-02-01;"Trenčiansky kraj";167;18227;318;18545;NA;61549;485;2021-02-01;57573
2021-01-31;"Trenčiansky kraj";7;15791;135;15926;NA;61549;142;2021-01-31;57088
2021-01-30;"Trenčiansky kraj";228;37034;355;37389;NA;61549;583;2021-01-30;56946
2021-01-29;"Trenčiansky kraj";72;7686;207;7893;NA;61549;279;2021-01-29;56363
2021-01-28;"Trenčiansky kraj";307;5431;161;5592;NA;61549;468;2021-01-28;56084
2021-01-27;"Trenčiansky kraj";166;11735;203;11938;NA;61549;369;2021-01-27;55616
2021-01-26;"Trenčiansky kraj";303;14287;237;14524;NA;61549;540;2021-01-26;55247
2021-01-25;"Trenčiansky kraj";160;34063;366;34429;NA;61549;526;2021-01-25;54707
2021-01-24;"Trenčiansky kraj";51;27365;181;27546;NA;61549;232;2021-01-24;54181
2021-01-23;"Trenčiansky kraj";206;110039;709;110748;NA;61549;915;2021-01-23;53949
2021-01-22;"Trenčiansky kraj";148;13948;174;14122;NA;61549;322;2021-01-22;53034
2021-01-21;"Trenčiansky kraj";143;8296;187;8483;NA;61549;330;2021-01-21;52712
2021-01-20;"Trenčiansky kraj";181;7684;236;7920;NA;61549;417;2021-01-20;52382
2021-01-19;"Trenčiansky kraj";363;6462;275;6737;NA;61549;638;2021-01-19;51965
2021-01-18;"Trenčiansky kraj";72;4488;257;4745;NA;61549;329;2021-01-18;51327
2021-01-17;"Trenčiansky kraj";124;93;11;104;NA;61549;135;2021-01-17;50998
2021-01-16;"Trenčiansky kraj";39;793;62;855;NA;61549;101;2021-01-16;50863
2021-01-15;"Trenčiansky kraj";264;3777;217;3994;NA;61549;481;2021-01-15;50762
2021-01-14;"Trenčiansky kraj";275;2991;153;3144;NA;61549;428;2021-01-14;50281
2021-01-13;"Trenčiansky kraj";222;4064;236;4300;NA;61549;458;2021-01-13;49853
2021-01-12;"Trenčiansky kraj";508;4790;293;5083;NA;61549;801;2021-01-12;49395
2021-01-11;"Trenčiansky kraj";142;3885;294;4179;NA;61549;436;2021-01-11;48594
2021-01-10;"Trenčiansky kraj";89;4939;76;5015;NA;61549;165;2021-01-10;48158
2021-01-09;"Trenčiansky kraj";276;7973;121;8094;NA;61549;397;2021-01-09;47993
2021-01-08;"Trenčiansky kraj";489;6411;467;6878;NA;61549;956;2021-01-08;47596
2021-01-07;"Trenčiansky kraj";420;5719;503;6222;NA;61549;923;2021-01-07;46640
2021-01-06;"Trenčiansky kraj";221;1021;64;1085;NA;61549;285;2021-01-06;45717
2021-01-05;"Trenčiansky kraj";669;5985;800;6785;NA;61549;1469;2021-01-05;45432
2021-01-04;"Trenčiansky kraj";337;4697;704;5401;NA;61549;1041;2021-01-04;43963
2021-01-03;"Trenčiansky kraj";38;60;13;73;NA;61549;51;2021-01-03;42922
2021-01-02;"Trenčiansky kraj";129;140;23;163;NA;61549;152;2021-01-02;42871
2021-01-01;"Trenčiansky kraj";329;347;23;370;NA;61549;352;2021-01-01;42719
2020-12-31;"Trenčiansky kraj";597;4943;557;5500;NA;61549;1154;2020-12-31;42367
2020-12-30;"Trenčiansky kraj";836;6782;762;7544;NA;61549;1598;2020-12-30;41213
2020-12-29;"Trenčiansky kraj";459;5979;1018;6997;NA;61549;1477;2020-12-29;39615
2020-12-28;"Trenčiansky kraj";258;3923;777;4700;NA;61549;1035;2020-12-28;38138
2020-12-27;"Trenčiansky kraj";5;202;36;238;NA;61549;41;2020-12-27;37103
2020-12-26;"Trenčiansky kraj";174;74;10;84;NA;61549;184;2020-12-26;37062
2020-12-25;"Trenčiansky kraj";251;325;47;372;NA;61549;298;2020-12-25;36878
2020-12-24;"Trenčiansky kraj";552;2194;256;2450;NA;61549;808;2020-12-24;36580
2020-12-23;"Trenčiansky kraj";421;6305;630;6935;NA;61549;1051;2020-12-23;35772
2020-12-22;"Trenčiansky kraj";673;5610;694;6304;NA;61549;1367;2020-12-22;34721
2020-12-21;"Trenčiansky kraj";248;13562;998;14560;NA;61549;1246;2020-12-21;33354
2020-12-20;"Trenčiansky kraj";238;12480;291;12771;NA;61549;529;2020-12-20;32108
2020-12-19;"Trenčiansky kraj";341;1611;150;1761;NA;61549;491;2020-12-19;31579
2020-12-18;"Trenčiansky kraj";521;4670;543;5213;NA;61549;1064;2020-12-18;31088
2020-12-17;"Trenčiansky kraj";670;3690;503;4193;NA;61549;1173;2020-12-17;30024
2020-12-16;"Trenčiansky kraj";461;4325;622;4947;NA;61549;1083;2020-12-16;28851
2020-12-15;"Trenčiansky kraj";595;3342;629;3971;NA;61549;1224;2020-12-15;27768
2020-12-14;"Trenčiansky kraj";318;2627;598;3225;NA;61549;916;2020-12-14;26544
2020-12-13;"Trenčiansky kraj";77;24;4;28;NA;61549;81;2020-12-13;25628
2020-12-12;"Trenčiansky kraj";314;985;118;1103;NA;61549;432;2020-12-12;25547
2020-12-11;"Trenčiansky kraj";750;3643;456;4099;NA;61549;1206;2020-12-11;25115
2020-12-10;"Trenčiansky kraj";271;3371;477;3848;NA;61549;748;2020-12-10;23909
2020-12-09;"Trenčiansky kraj";508;3805;470;4275;NA;61549;978;2020-12-09;23161
2020-12-08;"Trenčiansky kraj";546;3440;522;3962;NA;61549;1068;2020-12-08;22183
2020-12-07;"Trenčiansky kraj";258;3820;466;4286;NA;61549;724;2020-12-07;21115
2020-12-06;"Trenčiansky kraj";114;179;10;189;NA;61549;124;2020-12-06;20391
2020-12-05;"Trenčiansky kraj";223;757;64;821;NA;61549;287;2020-12-05;20267
2020-12-04;"Trenčiansky kraj";253;2519;215;2734;NA;61549;468;2020-12-04;19980
2020-12-03;"Trenčiansky kraj";503;1714;178;1892;NA;61549;681;2020-12-03;19512
2020-12-02;"Trenčiansky kraj";418;1844;232;2076;NA;61549;650;2020-12-02;18831
2020-12-01;"Trenčiansky kraj";321;5642;351;5993;NA;61549;672;2020-12-01;18181
2020-11-30;"Trenčiansky kraj";167;8494;489;8983;NA;61549;656;2020-11-30;17509
2020-11-29;"Trenčiansky kraj";29;18;2;20;NA;61549;31;2020-11-29;16853
2020-11-28;"Trenčiansky kraj";202;1051;93;1144;NA;61549;295;2020-11-28;16822
2020-11-27;"Trenčiansky kraj";330;1398;150;1548;NA;61549;480;2020-11-27;16527
2020-11-26;"Trenčiansky kraj";395;1252;122;1374;NA;61549;517;2020-11-26;16047
2020-11-25;"Trenčiansky kraj";322;1444;160;1604;NA;61549;482;2020-11-25;15530
2020-11-24;"Trenčiansky kraj";348;2553;308;2861;NA;61549;656;2020-11-24;15048
2020-11-23;"Trenčiansky kraj";159;1186;122;1308;NA;61549;281;2020-11-23;14392
2020-11-22;"Trenčiansky kraj";26;11;1;12;NA;61549;27;2020-11-22;14111
2020-11-21;"Trenčiansky kraj";255;1323;62;1385;NA;61549;317;2020-11-21;14084
2020-11-20;"Trenčiansky kraj";316;861;93;954;NA;61549;409;2020-11-20;13767
2020-11-19;"Trenčiansky kraj";316;740;113;853;NA;61549;429;2020-11-19;13358
2020-11-18;"Trenčiansky kraj";233;379;66;445;NA;61549;299;2020-11-18;12929
2020-11-17;"Trenčiansky kraj";222;106;15;121;NA;61549;237;2020-11-17;12630
2020-11-16;"Trenčiansky kraj";245;236;45;281;NA;61549;290;2020-11-16;12393
2020-11-15;"Trenčiansky kraj";109;29;6;35;NA;61549;115;2020-11-15;12103
2020-11-14;"Trenčiansky kraj";190;74;11;85;NA;61549;201;2020-11-14;11988
2020-11-13;"Trenčiansky kraj";308;131;13;144;NA;61549;321;2020-11-13;11787
2020-11-12;"Trenčiansky kraj";324;124;5;129;NA;61549;329;2020-11-12;11466
2020-11-11;"Trenčiansky kraj";366;113;10;123;NA;61549;376;2020-11-11;11137
2020-11-10;"Trenčiansky kraj";277;106;6;112;NA;61549;283;2020-11-10;10761
2020-11-09;"Trenčiansky kraj";115;1407;48;1455;NA;61549;163;2020-11-09;10478
2020-11-08;"Trenčiansky kraj";81;1223;8;1231;NA;61549;89;2020-11-08;10315
2020-11-07;"Trenčiansky kraj";319;3662;59;3721;NA;61549;378;2020-11-07;10226
2020-11-06;"Trenčiansky kraj";383;6893;84;6977;NA;61549;467;2020-11-06;9848
2020-11-05;"Trenčiansky kraj";399;98;15;113;NA;61549;414;2020-11-05;9381
2020-11-04;"Trenčiansky kraj";370;91;9;100;NA;61549;379;2020-11-04;8967
2020-11-03;"Trenčiansky kraj";575;97;8;105;NA;61549;583;2020-11-03;8588
2020-11-02;"Trenčiansky kraj";197;1833;68;1901;NA;61549;265;2020-11-02;8005
2020-11-01;"Trenčiansky kraj";257;804;23;827;NA;61549;280;2020-11-01;7740
2020-10-31;"Trenčiansky kraj";332;4719;82;4801;NA;61549;414;2020-10-31;7460
2020-10-30;"Trenčiansky kraj";299;5283;102;5385;NA;61549;401;2020-10-30;7046
2020-10-29;"Trenčiansky kraj";496;764;68;832;NA;61549;564;2020-10-29;6645
2020-10-28;"Trenčiansky kraj";269;192;33;225;NA;61549;302;2020-10-28;6081
2020-10-27;"Trenčiansky kraj";473;127;27;154;NA;61549;500;2020-10-27;5779
2020-10-26;"Trenčiansky kraj";177;103;31;134;NA;61549;208;2020-10-26;5279
2020-10-25;"Trenčiansky kraj";138;9;5;14;NA;61549;143;2020-10-25;5071
2020-10-24;"Trenčiansky kraj";395;128;6;134;NA;61549;401;2020-10-24;4928
2020-10-23;"Trenčiansky kraj";301;154;8;162;NA;61549;309;2020-10-23;4527
2020-10-22;"Trenčiansky kraj";273;82;12;94;NA;61549;285;2020-10-22;4218
2020-10-21;"Trenčiansky kraj";183;53;9;62;NA;61549;192;2020-10-21;3933
2020-10-20;"Trenčiansky kraj";212;47;6;53;NA;61549;218;2020-10-20;3741
2020-10-19;"Trenčiansky kraj";41;83;25;108;NA;61549;66;2020-10-19;3523
2020-10-18;"Trenčiansky kraj";104;0;0;0;NA;61549;104;2020-10-18;3457
2020-10-17;"Trenčiansky kraj";157;0;0;0;NA;61549;157;2020-10-17;3353
2020-10-16;"Trenčiansky kraj";225;42;6;48;NA;61549;231;2020-10-16;3196
2020-10-15;"Trenčiansky kraj";255;39;4;43;NA;61549;259;2020-10-15;2965
2020-10-14;"Trenčiansky kraj";162;42;7;49;NA;61549;169;2020-10-14;2706
2020-10-13;"Trenčiansky kraj";124;105;12;117;NA;61549;136;2020-10-13;2537
2020-10-12;"Trenčiansky kraj";55;0;0;0;NA;61549;55;2020-10-12;2401
2020-10-11;"Trenčiansky kraj";73;0;0;0;NA;61549;73;2020-10-11;2346
2020-10-10;"Trenčiansky kraj";180;0;0;0;NA;61549;180;2020-10-10;2273
2020-10-09;"Trenčiansky kraj";198;0;0;0;NA;61549;198;2020-10-09;2093
2020-10-08;"Trenčiansky kraj";115;0;0;0;NA;61549;115;2020-10-08;1895
2020-10-07;"Trenčiansky kraj";75;0;0;0;NA;61549;75;2020-10-07;1780
2020-10-06;"Trenčiansky kraj";72;0;0;0;NA;61549;72;2020-10-06;1705
2020-10-05;"Trenčiansky kraj";32;0;0;0;NA;61549;32;2020-10-05;1633
2020-10-04;"Trenčiansky kraj";37;0;0;0;NA;61549;37;2020-10-04;1601
2020-10-03;"Trenčiansky kraj";79;0;0;0;NA;61549;79;2020-10-03;1564
2020-10-02;"Trenčiansky kraj";69;0;0;0;NA;61549;69;2020-10-02;1485
2020-10-01;"Trenčiansky kraj";58;0;0;0;NA;61549;58;2020-10-01;1416
2020-09-30;"Trenčiansky kraj";76;0;0;0;NA;61549;76;2020-09-30;1358
2020-09-29;"Trenčiansky kraj";43;0;0;0;NA;61549;43;2020-09-29;1282
2020-09-28;"Trenčiansky kraj";7;0;0;0;NA;61549;7;2020-09-28;1239
2020-09-27;"Trenčiansky kraj";12;0;0;0;NA;61549;12;2020-09-27;1232
2020-09-26;"Trenčiansky kraj";37;0;0;0;NA;61549;37;2020-09-26;1220
2020-09-25;"Trenčiansky kraj";72;0;0;0;NA;61549;72;2020-09-25;1183
2020-09-24;"Trenčiansky kraj";41;0;0;0;NA;61549;41;2020-09-24;1111
2020-09-23;"Trenčiansky kraj";32;0;0;0;NA;61549;32;2020-09-23;1070
2020-09-22;"Trenčiansky kraj";26;0;0;0;NA;61549;26;2020-09-22;1038
2020-09-21;"Trenčiansky kraj";23;0;0;0;NA;61549;23;2020-09-21;1012
2020-09-20;"Trenčiansky kraj";21;0;0;0;NA;61549;21;2020-09-20;989
2020-09-19;"Trenčiansky kraj";20;0;0;0;NA;61549;20;2020-09-19;968
2020-09-18;"Trenčiansky kraj";41;0;0;0;NA;61549;41;2020-09-18;948
2020-09-17;"Trenčiansky kraj";20;0;0;0;NA;61549;20;2020-09-17;907
2020-09-16;"Trenčiansky kraj";14;0;0;0;NA;61549;14;2020-09-16;887
2020-09-15;"Trenčiansky kraj";8;0;0;0;NA;61549;8;2020-09-15;873
2020-09-14;"Trenčiansky kraj";5;0;0;0;NA;61549;5;2020-09-14;865
2020-09-13;"Trenčiansky kraj";12;0;0;0;NA;61549;12;2020-09-13;860
2020-09-12;"Trenčiansky kraj";2;0;0;0;NA;61549;2;2020-09-12;848
2020-09-11;"Trenčiansky kraj";27;0;0;0;NA;61549;27;2020-09-11;846
2020-09-10;"Trenčiansky kraj";15;0;0;0;NA;61549;15;2020-09-10;819
2020-09-09;"Trenčiansky kraj";11;0;0;0;NA;61549;11;2020-09-09;804
2020-09-08;"Trenčiansky kraj";12;0;0;0;NA;61549;12;2020-09-08;793
2020-09-07;"Trenčiansky kraj";6;0;0;0;NA;61549;6;2020-09-07;781
2020-09-06;"Trenčiansky kraj";1;0;0;0;NA;61549;1;2020-09-06;775
2020-09-05;"Trenčiansky kraj";3;0;0;0;NA;61549;3;2020-09-05;774
2020-09-04;"Trenčiansky kraj";9;0;0;0;NA;61549;9;2020-09-04;771
2020-09-03;"Trenčiansky kraj";10;0;0;0;NA;61549;10;2020-09-03;762
2021-02-08;"Trnavský kraj";220;35800;485;36285;31226;58458;705;2021-02-08;58458
2021-02-07;"Trnavský kraj";140;53445;476;53921;NA;58458;616;2021-02-07;57753
2021-02-06;"Trnavský kraj";348;94342;779;95121;NA;58458;1127;2021-02-06;57137
2021-02-05;"Trnavský kraj";377;16393;356;16749;NA;58458;733;2021-02-05;56010
2021-02-04;"Trnavský kraj";456;10689;551;11240;NA;58458;1007;2021-02-04;55277
2021-02-03;"Trnavský kraj";472;6123;391;6514;NA;58458;863;2021-02-03;54270
2021-02-02;"Trnavský kraj";446;13880;414;14294;NA;58458;860;2021-02-02;53407
2021-02-01;"Trnavský kraj";198;40101;711;40812;NA;58458;909;2021-02-01;52547
2021-01-31;"Trnavský kraj";19;63832;786;64618;NA;58458;805;2021-01-31;51638
2021-01-30;"Trnavský kraj";323;110678;1283;111961;NA;58458;1606;2021-01-30;50833
2021-01-29;"Trnavský kraj";196;9561;284;9845;NA;58458;480;2021-01-29;49227
2021-01-28;"Trnavský kraj";389;5815;286;6101;NA;58458;675;2021-01-28;48747
2021-01-27;"Trnavský kraj";433;5301;219;5520;NA;58458;652;2021-01-27;48072
2021-01-26;"Trnavský kraj";565;25345;650;25995;NA;58458;1215;2021-01-26;47420
2021-01-25;"Trnavský kraj";210;43777;652;44429;NA;58458;862;2021-01-25;46205
2021-01-24;"Trnavský kraj";91;55652;700;56352;NA;58458;791;2021-01-24;45343
2021-01-23;"Trnavský kraj";372;118483;1343;119826;NA;58458;1715;2021-01-23;44552
2021-01-22;"Trnavský kraj";217;32432;500;32932;NA;58458;717;2021-01-22;42837
2021-01-21;"Trnavský kraj";311;13834;378;14212;NA;58458;689;2021-01-21;42120
2021-01-20;"Trnavský kraj";503;8149;274;8423;NA;58458;777;2021-01-20;41431
2021-01-19;"Trnavský kraj";415;7019;346;7365;NA;58458;761;2021-01-19;40654
2021-01-18;"Trnavský kraj";247;6237;484;6721;NA;58458;731;2021-01-18;39893
2021-01-17;"Trnavský kraj";128;854;215;1069;NA;58458;343;2021-01-17;39162
2021-01-16;"Trnavský kraj";103;599;19;618;NA;58458;122;2021-01-16;38819
2021-01-15;"Trnavský kraj";278;5466;336;5802;NA;58458;614;2021-01-15;38697
2021-01-14;"Trnavský kraj";452;3994;337;4331;NA;58458;789;2021-01-14;38083
2021-01-13;"Trnavský kraj";457;4752;378;5130;NA;58458;835;2021-01-13;37294
2021-01-12;"Trnavský kraj";469;7177;483;7660;NA;58458;952;2021-01-12;36459
2021-01-11;"Trnavský kraj";370;4911;376;5287;NA;58458;746;2021-01-11;35507
2021-01-10;"Trnavský kraj";71;8;0;8;NA;58458;71;2021-01-10;34761
2021-01-09;"Trnavský kraj";417;1775;100;1875;NA;58458;517;2021-01-09;34690
2021-01-08;"Trnavský kraj";381;6349;502;6851;NA;58458;883;2021-01-08;34173
2021-01-07;"Trnavský kraj";501;4074;397;4471;NA;58458;898;2021-01-07;33290
2021-01-06;"Trnavský kraj";179;758;132;890;NA;58458;311;2021-01-06;32392
2021-01-05;"Trnavský kraj";611;6188;705;6893;NA;58458;1316;2021-01-05;32081
2021-01-04;"Trnavský kraj";302;5235;689;5924;NA;58458;991;2021-01-04;30765
2021-01-03;"Trnavský kraj";60;51;7;58;NA;58458;67;2021-01-03;29774
2021-01-02;"Trnavský kraj";282;412;30;442;NA;58458;312;2021-01-02;29707
2021-01-01;"Trnavský kraj";143;449;76;525;NA;58458;219;2021-01-01;29395
2020-12-31;"Trnavský kraj";498;8474;856;9330;NA;58458;1354;2020-12-31;29176
2020-12-30;"Trnavský kraj";785;5319;610;5929;NA;58458;1395;2020-12-30;27822
2020-12-29;"Trnavský kraj";322;5003;593;5596;NA;58458;915;2020-12-29;26427
2020-12-28;"Trnavský kraj";213;5339;615;5954;NA;58458;828;2020-12-28;25512
2020-12-27;"Trnavský kraj";27;13;4;17;NA;58458;31;2020-12-27;24684
2020-12-26;"Trnavský kraj";148;44;1;45;NA;58458;149;2020-12-26;24653
2020-12-25;"Trnavský kraj";65;49;5;54;NA;58458;70;2020-12-25;24504
2020-12-24;"Trnavský kraj";333;1359;117;1476;NA;58458;450;2020-12-24;24434
2020-12-23;"Trnavský kraj";210;6417;375;6792;NA;58458;585;2020-12-23;23984
2020-12-22;"Trnavský kraj";311;5590;491;6081;NA;58458;802;2020-12-22;23399
2020-12-21;"Trnavský kraj";328;4527;399;4926;NA;58458;727;2020-12-21;22597
2020-12-20;"Trnavský kraj";134;110;12;122;NA;58458;146;2020-12-20;21870
2020-12-19;"Trnavský kraj";201;1046;86;1132;NA;58458;287;2020-12-19;21724
2020-12-18;"Trnavský kraj";341;4898;378;5276;NA;58458;719;2020-12-18;21437
2020-12-17;"Trnavský kraj";375;4996;407;5403;NA;58458;782;2020-12-17;20718
2020-12-16;"Trnavský kraj";312;5249;405;5654;NA;58458;717;2020-12-16;19936
2020-12-15;"Trnavský kraj";492;6622;632;7254;NA;58458;1124;2020-12-15;19219
2020-12-14;"Trnavský kraj";161;3505;292;3797;NA;58458;453;2020-12-14;18095
2020-12-13;"Trnavský kraj";7;0;0;0;NA;58458;7;2020-12-13;17642
2020-12-12;"Trnavský kraj";254;1456;114;1570;NA;58458;368;2020-12-12;17635
2020-12-11;"Trnavský kraj";384;4683;262;4945;NA;58458;646;2020-12-11;17267
2020-12-10;"Trnavský kraj";183;5194;320;5514;NA;58458;503;2020-12-10;16621
2020-12-09;"Trnavský kraj";521;4272;320;4592;NA;58458;841;2020-12-09;16118
2020-12-08;"Trnavský kraj";281;4090;304;4394;NA;58458;585;2020-12-08;15277
2020-12-07;"Trnavský kraj";178;2895;199;3094;NA;58458;377;2020-12-07;14692
2020-12-06;"Trnavský kraj";46;0;0;0;NA;58458;46;2020-12-06;14315
2020-12-05;"Trnavský kraj";129;2218;41;2259;NA;58458;170;2020-12-05;14269
2020-12-04;"Trnavský kraj";242;3948;158;4106;NA;58458;400;2020-12-04;14099
2020-12-03;"Trnavský kraj";248;2770;190;2960;NA;58458;438;2020-12-03;13699
2020-12-02;"Trnavský kraj";284;4516;176;4692;NA;58458;460;2020-12-02;13261
2020-12-01;"Trnavský kraj";253;3190;205;3395;NA;58458;458;2020-12-01;12801
2020-11-30;"Trnavský kraj";200;7360;186;7546;NA;58458;386;2020-11-30;12343
2020-11-29;"Trnavský kraj";17;708;34;742;NA;58458;51;2020-11-29;11957
2020-11-28;"Trnavský kraj";83;1453;77;1530;NA;58458;160;2020-11-28;11906
2020-11-27;"Trnavský kraj";148;1591;83;1674;NA;58458;231;2020-11-27;11746
2020-11-26;"Trnavský kraj";234;985;59;1044;NA;58458;293;2020-11-26;11515
2020-11-25;"Trnavský kraj";232;1029;72;1101;NA;58458;304;2020-11-25;11222
2020-11-24;"Trnavský kraj";295;1772;91;1863;NA;58458;386;2020-11-24;10918
2020-11-23;"Trnavský kraj";242;7207;125;7332;NA;58458;367;2020-11-23;10532
2020-11-22;"Trnavský kraj";10;54;3;57;NA;58458;13;2020-11-22;10165
2020-11-21;"Trnavský kraj";129;1214;23;1237;NA;58458;152;2020-11-21;10152
2020-11-20;"Trnavský kraj";246;1027;61;1088;NA;58458;307;2020-11-20;10000
2020-11-19;"Trnavský kraj";157;694;58;752;NA;58458;215;2020-11-19;9693
2020-11-18;"Trnavský kraj";235;716;75;791;NA;58458;310;2020-11-18;9478
2020-11-17;"Trnavský kraj";129;695;72;767;NA;58458;201;2020-11-17;9168
2020-11-16;"Trnavský kraj";187;682;32;714;NA;58458;219;2020-11-16;8967
2020-11-15;"Trnavský kraj";23;73;4;77;NA;58458;27;2020-11-15;8748
2020-11-14;"Trnavský kraj";86;389;10;399;NA;58458;96;2020-11-14;8721
2020-11-13;"Trnavský kraj";219;1312;21;1333;NA;58458;240;2020-11-13;8625
2020-11-12;"Trnavský kraj";162;420;18;438;NA;58458;180;2020-11-12;8385
2020-11-11;"Trnavský kraj";257;392;15;407;NA;58458;272;2020-11-11;8205
2020-11-10;"Trnavský kraj";189;889;30;919;NA;58458;219;2020-11-10;7933
2020-11-09;"Trnavský kraj";196;369;23;392;NA;58458;219;2020-11-09;7714
2020-11-08;"Trnavský kraj";55;306;4;310;NA;58458;59;2020-11-08;7495
2020-11-07;"Trnavský kraj";207;6070;74;6144;NA;58458;281;2020-11-07;7436
2020-11-06;"Trnavský kraj";260;1531;19;1550;NA;58458;279;2020-11-06;7155
2020-11-05;"Trnavský kraj";150;220;27;247;NA;58458;177;2020-11-05;6876
2020-11-04;"Trnavský kraj";188;212;10;222;NA;58458;198;2020-11-04;6699
2020-11-03;"Trnavský kraj";317;127;8;135;NA;58458;325;2020-11-03;6501
2020-11-02;"Trnavský kraj";281;1728;31;1759;NA;58458;312;2020-11-02;6176
2020-11-01;"Trnavský kraj";87;494;27;521;NA;58458;114;2020-11-01;5864
2020-10-31;"Trnavský kraj";259;5024;41;5065;NA;58458;300;2020-10-31;5750
2020-10-30;"Trnavský kraj";198;3784;27;3811;NA;58458;225;2020-10-30;5450
2020-10-29;"Trnavský kraj";273;1461;16;1477;NA;58458;289;2020-10-29;5225
2020-10-28;"Trnavský kraj";319;117;16;133;NA;58458;335;2020-10-28;4936
2020-10-27;"Trnavský kraj";199;461;36;497;NA;58458;235;2020-10-27;4601
2020-10-26;"Trnavský kraj";153;29;2;31;NA;58458;155;2020-10-26;4366
2020-10-25;"Trnavský kraj";95;19;1;20;NA;58458;96;2020-10-25;4211
2020-10-24;"Trnavský kraj";158;109;2;111;NA;58458;160;2020-10-24;4115
2020-10-23;"Trnavský kraj";201;89;4;93;NA;58458;205;2020-10-23;3955
2020-10-22;"Trnavský kraj";195;55;2;57;NA;58458;197;2020-10-22;3750
2020-10-21;"Trnavský kraj";134;73;3;76;NA;58458;137;2020-10-21;3553
2020-10-20;"Trnavský kraj";202;82;3;85;NA;58458;205;2020-10-20;3416
2020-10-19;"Trnavský kraj";67;55;0;55;NA;58458;67;2020-10-19;3211
2020-10-18;"Trnavský kraj";84;0;0;0;NA;58458;84;2020-10-18;3144
2020-10-17;"Trnavský kraj";123;0;0;0;NA;58458;123;2020-10-17;3060
2020-10-16;"Trnavský kraj";86;45;2;47;NA;58458;88;2020-10-16;2937
2020-10-15;"Trnavský kraj";155;66;2;68;NA;58458;157;2020-10-15;2849
2020-10-14;"Trnavský kraj";236;468;3;471;NA;58458;239;2020-10-14;2692
2020-10-13;"Trnavský kraj";138;16;2;18;NA;58458;140;2020-10-13;2453
2020-10-12;"Trnavský kraj";33;41;1;42;NA;58458;34;2020-10-12;2313
2020-10-11;"Trnavský kraj";31;0;0;0;NA;58458;31;2020-10-11;2279
2020-10-10;"Trnavský kraj";128;0;0;0;NA;58458;128;2020-10-10;2248
2020-10-09;"Trnavský kraj";156;0;0;0;NA;58458;156;2020-10-09;2120
2020-10-08;"Trnavský kraj";153;0;0;0;NA;58458;153;2020-10-08;1964
2020-10-07;"Trnavský kraj";80;0;0;0;NA;58458;80;2020-10-07;1811
2020-10-06;"Trnavský kraj";112;0;0;0;NA;58458;112;2020-10-06;1731
2020-10-05;"Trnavský kraj";33;0;0;0;NA;58458;33;2020-10-05;1619
2020-10-04;"Trnavský kraj";44;0;0;0;NA;58458;44;2020-10-04;1586
2020-10-03;"Trnavský kraj";60;0;0;0;NA;58458;60;2020-10-03;1542
2020-10-02;"Trnavský kraj";41;0;0;0;NA;58458;41;2020-10-02;1482
2020-10-01;"Trnavský kraj";53;0;0;0;NA;58458;53;2020-10-01;1441
2020-09-30;"Trnavský kraj";91;0;0;0;NA;58458;91;2020-09-30;1388
2020-09-29;"Trnavský kraj";40;0;0;0;NA;58458;40;2020-09-29;1297
2020-09-28;"Trnavský kraj";69;0;0;0;NA;58458;69;2020-09-28;1257
2020-09-27;"Trnavský kraj";30;0;0;0;NA;58458;30;2020-09-27;1188
2020-09-26;"Trnavský kraj";46;0;0;0;NA;58458;46;2020-09-26;1158
2020-09-25;"Trnavský kraj";32;0;0;0;NA;58458;32;2020-09-25;1112
2020-09-24;"Trnavský kraj";42;0;0;0;NA;58458;42;2020-09-24;1080
2020-09-23;"Trnavský kraj";43;0;0;0;NA;58458;43;2020-09-23;1038
2020-09-22;"Trnavský kraj";55;0;0;0;NA;58458;55;2020-09-22;995
2020-09-21;"Trnavský kraj";41;0;0;0;NA;58458;41;2020-09-21;940
2020-09-20;"Trnavský kraj";17;0;0;0;NA;58458;17;2020-09-20;899
2020-09-19;"Trnavský kraj";4;0;0;0;NA;58458;4;2020-09-19;882
2020-09-18;"Trnavský kraj";33;0;0;0;NA;58458;33;2020-09-18;878
2020-09-17;"Trnavský kraj";42;0;0;0;NA;58458;42;2020-09-17;845
2020-09-16;"Trnavský kraj";49;0;0;0;NA;58458;49;2020-09-16;803
2020-09-15;"Trnavský kraj";5;0;0;0;NA;58458;5;2020-09-15;754
2020-09-14;"Trnavský kraj";26;0;0;0;NA;58458;26;2020-09-14;749
2020-09-13;"Trnavský kraj";9;0;0;0;NA;58458;9;2020-09-13;723
2020-09-12;"Trnavský kraj";12;0;0;0;NA;58458;12;2020-09-12;714
2020-09-11;"Trnavský kraj";16;0;0;0;NA;58458;16;2020-09-11;702
2020-09-10;"Trnavský kraj";32;0;0;0;NA;58458;32;2020-09-10;686
2020-09-09;"Trnavský kraj";14;0;0;0;NA;58458;14;2020-09-09;654
2020-09-08;"Trnavský kraj";11;0;0;0;NA;58458;11;2020-09-08;640
2020-09-07;"Trnavský kraj";7;0;0;0;NA;58458;7;2020-09-07;629
2020-09-06;"Trnavský kraj";5;0;0;0;NA;58458;5;2020-09-06;622
2020-09-05;"Trnavský kraj";7;0;0;0;NA;58458;7;2020-09-05;617
2020-09-04;"Trnavský kraj";16;0;0;0;NA;58458;16;2020-09-04;610
2020-09-03;"Trnavský kraj";8;0;0;0;NA;58458;8;2020-09-03;594
2021-02-08;"Žilinský kraj";160;63615;395;64010;37808;63179;555;2021-02-08;63179
2021-02-07;"Žilinský kraj";24;13361;113;13474;NA;63179;137;2021-02-07;62624
2021-02-06;"Žilinský kraj";71;61658;302;61960;NA;63179;373;2021-02-06;62487
2021-02-05;"Žilinský kraj";248;30772;548;31320;NA;63179;796;2021-02-05;62114
2021-02-04;"Žilinský kraj";238;11307;232;11539;NA;63179;470;2021-02-04;61318
2021-02-03;"Žilinský kraj";194;8750;252;9002;NA;63179;446;2021-02-03;60848
2021-02-02;"Žilinský kraj";216;9807;280;10087;NA;63179;496;2021-02-02;60402
2021-02-01;"Žilinský kraj";220;18627;334;18961;NA;63179;554;2021-02-01;59906
2021-01-31;"Žilinský kraj";11;42;1;43;NA;63179;12;2021-01-31;59352
2021-01-30;"Žilinský kraj";85;14744;143;14887;NA;63179;228;2021-01-30;59340
2021-01-29;"Žilinský kraj";30;16591;207;16798;NA;63179;237;2021-01-29;59112
2021-01-28;"Žilinský kraj";240;5518;168;5686;NA;63179;408;2021-01-28;58875
2021-01-27;"Žilinský kraj";256;6977;123;7100;NA;63179;379;2021-01-27;58467
2021-01-26;"Žilinský kraj";245;49404;342;49746;NA;63179;587;2021-01-26;58088
2021-01-25;"Žilinský kraj";159;18615;131;18746;NA;63179;290;2021-01-25;57501
2021-01-24;"Žilinský kraj";22;32268;137;32405;NA;63179;159;2021-01-24;57211
2021-01-23;"Žilinský kraj";91;86933;387;87320;NA;63179;478;2021-01-23;57052
2021-01-22;"Žilinský kraj";163;27785;228;28013;NA;63179;391;2021-01-22;56574
2021-01-21;"Žilinský kraj";116;18745;175;18920;NA;63179;291;2021-01-21;56183
2021-01-20;"Žilinský kraj";236;16681;165;16846;NA;63179;401;2021-01-20;55892
2021-01-19;"Žilinský kraj";245;17565;405;17970;NA;63179;650;2021-01-19;55491
2021-01-18;"Žilinský kraj";236;12487;334;12821;NA;63179;570;2021-01-18;54841
2021-01-17;"Žilinský kraj";95;113;2;115;NA;63179;97;2021-01-17;54271
2021-01-16;"Žilinský kraj";14;314;8;322;NA;63179;22;2021-01-16;54174
2021-01-15;"Žilinský kraj";248;7149;202;7351;NA;63179;450;2021-01-15;54152
2021-01-14;"Žilinský kraj";166;5585;253;5838;NA;63179;419;2021-01-14;53702
2021-01-13;"Žilinský kraj";247;11341;554;11895;NA;63179;801;2021-01-13;53283
2021-01-12;"Žilinský kraj";376;8924;426;9350;NA;63179;802;2021-01-12;52482
2021-01-11;"Žilinský kraj";351;10465;510;10975;NA;63179;861;2021-01-11;51680
2021-01-10;"Žilinský kraj";38;189;7;196;NA;63179;45;2021-01-10;50819
2021-01-09;"Žilinský kraj";192;1992;85;2077;NA;63179;277;2021-01-09;50774
2021-01-08;"Žilinský kraj";413;9059;499;9558;NA;63179;912;2021-01-08;50497
2021-01-07;"Žilinský kraj";438;23644;1880;25524;NA;63179;2318;2021-01-07;49585
2021-01-06;"Žilinský kraj";145;1338;89;1427;NA;63179;234;2021-01-06;47267
2021-01-05;"Žilinský kraj";717;11310;929;12239;NA;63179;1646;2021-01-05;47033
2021-01-04;"Žilinský kraj";479;9265;949;10214;NA;63179;1428;2021-01-04;45387
2021-01-03;"Žilinský kraj";13;33;4;37;NA;63179;17;2021-01-03;43959
2021-01-02;"Žilinský kraj";98;746;86;832;NA;63179;184;2021-01-02;43942
2021-01-01;"Žilinský kraj";118;552;36;588;NA;63179;154;2021-01-01;43758
2020-12-31;"Žilinský kraj";395;10587;835;11422;NA;63179;1230;2020-12-31;43604
2020-12-30;"Žilinský kraj";1038;12450;914;13364;NA;63179;1952;2020-12-30;42374
2020-12-29;"Žilinský kraj";256;11104;1111;12215;NA;63179;1367;2020-12-29;40422
2020-12-28;"Žilinský kraj";406;10770;1002;11772;NA;63179;1408;2020-12-28;39055
2020-12-27;"Žilinský kraj";40;662;80;742;NA;63179;120;2020-12-27;37647
2020-12-26;"Žilinský kraj";135;124;14;138;NA;63179;149;2020-12-26;37527
2020-12-25;"Žilinský kraj";66;111;10;121;NA;63179;76;2020-12-25;37378
2020-12-24;"Žilinský kraj";643;1018;75;1093;NA;63179;718;2020-12-24;37302
2020-12-23;"Žilinský kraj";228;17718;1049;18767;NA;63179;1277;2020-12-23;36584
2020-12-22;"Žilinský kraj";519;13188;1023;14211;NA;63179;1542;2020-12-22;35307
2020-12-21;"Žilinský kraj";444;12703;1107;13810;NA;63179;1551;2020-12-21;33765
2020-12-20;"Žilinský kraj";36;579;73;652;NA;63179;109;2020-12-20;32214
2020-12-19;"Žilinský kraj";208;2080;144;2224;NA;63179;352;2020-12-19;32105
2020-12-18;"Žilinský kraj";333;7027;402;7429;NA;63179;735;2020-12-18;31753
2020-12-17;"Žilinský kraj";500;4333;281;4614;NA;63179;781;2020-12-17;31018
2020-12-16;"Žilinský kraj";333;4365;305;4670;NA;63179;638;2020-12-16;30237
2020-12-15;"Žilinský kraj";528;4700;414;5114;NA;63179;942;2020-12-15;29599
2020-12-14;"Žilinský kraj";321;4688;419;5107;NA;63179;740;2020-12-14;28657
2020-12-13;"Žilinský kraj";26;515;64;579;NA;63179;90;2020-12-13;27917
2020-12-12;"Žilinský kraj";95;1061;53;1114;NA;63179;148;2020-12-12;27827
2020-12-11;"Žilinský kraj";455;5089;318;5407;NA;63179;773;2020-12-11;27679
2020-12-10;"Žilinský kraj";166;9279;977;10256;NA;63179;1143;2020-12-10;26906
2020-12-09;"Žilinský kraj";392;2570;164;2734;NA;63179;556;2020-12-09;25763
2020-12-08;"Žilinský kraj";331;3915;188;4103;NA;63179;519;2020-12-08;25207
2020-12-07;"Žilinský kraj";348;2274;121;2395;NA;63179;469;2020-12-07;24688
2020-12-06;"Žilinský kraj";15;134;4;138;NA;63179;19;2020-12-06;24219
2020-12-05;"Žilinský kraj";98;1237;45;1282;NA;63179;143;2020-12-05;24200
2020-12-04;"Žilinský kraj";228;2847;120;2967;NA;63179;348;2020-12-04;24057
2020-12-03;"Žilinský kraj";237;1412;119;1531;NA;63179;356;2020-12-03;23709
2020-12-02;"Žilinský kraj";181;1553;82;1635;NA;63179;263;2020-12-02;23353
2020-12-01;"Žilinský kraj";209;6529;309;6838;NA;63179;518;2020-12-01;23090
2020-11-30;"Žilinský kraj";202;5232;291;5523;NA;63179;493;2020-11-30;22572
2020-11-29;"Žilinský kraj";18;81;7;88;NA;63179;25;2020-11-29;22079
2020-11-28;"Žilinský kraj";99;349;15;364;NA;63179;114;2020-11-28;22054
2020-11-27;"Žilinský kraj";218;913;46;959;NA;63179;264;2020-11-27;21940
2020-11-26;"Žilinský kraj";189;1104;57;1161;NA;63179;246;2020-11-26;21676
2020-11-25;"Žilinský kraj";225;1217;49;1266;NA;63179;274;2020-11-25;21430
2020-11-24;"Žilinský kraj";213;2092;67;2159;NA;63179;280;2020-11-24;21156
2020-11-23;"Žilinský kraj";170;759;44;803;NA;63179;214;2020-11-23;20876
2020-11-22;"Žilinský kraj";11;0;0;0;NA;63179;11;2020-11-22;20662
2020-11-21;"Žilinský kraj";61;505;20;525;NA;63179;81;2020-11-21;20651
2020-11-20;"Žilinský kraj";251;1074;45;1119;NA;63179;296;2020-11-20;20570
2020-11-19;"Žilinský kraj";252;752;61;813;NA;63179;313;2020-11-19;20274
2020-11-18;"Žilinský kraj";346;348;15;363;NA;63179;361;2020-11-18;19961
2020-11-17;"Žilinský kraj";123;490;15;505;NA;63179;138;2020-11-17;19600
2020-11-16;"Žilinský kraj";227;206;13;219;NA;63179;240;2020-11-16;19462
2020-11-15;"Žilinský kraj";63;13;0;13;NA;63179;63;2020-11-15;19222
2020-11-14;"Žilinský kraj";189;1038;11;1049;NA;63179;200;2020-11-14;19159
2020-11-13;"Žilinský kraj";181;125;9;134;NA;63179;190;2020-11-13;18959
2020-11-12;"Žilinský kraj";334;79;2;81;NA;63179;336;2020-11-12;18769
2020-11-11;"Žilinský kraj";489;147;10;157;NA;63179;499;2020-11-11;18433
2020-11-10;"Žilinský kraj";374;519;9;528;NA;63179;383;2020-11-10;17934
2020-11-09;"Žilinský kraj";143;2335;30;2365;NA;63179;173;2020-11-09;17551
2020-11-08;"Žilinský kraj";59;2196;35;2231;NA;63179;94;2020-11-08;17378
2020-11-07;"Žilinský kraj";312;8175;88;8263;NA;63179;400;2020-11-07;17284
2020-11-06;"Žilinský kraj";503;4090;38;4128;NA;63179;541;2020-11-06;16884
2020-11-05;"Žilinský kraj";473;64;4;68;NA;63179;477;2020-11-05;16343
2020-11-04;"Žilinský kraj";423;168;10;178;NA;63179;433;2020-11-04;15866
2020-11-03;"Žilinský kraj";688;889;16;905;NA;63179;704;2020-11-03;15433
2020-11-02;"Žilinský kraj";472;1043;39;1082;NA;63179;511;2020-11-02;14729
2020-11-01;"Žilinský kraj";349;5096;130;5226;NA;63179;479;2020-11-01;14218
2020-10-31;"Žilinský kraj";662;7963;203;8166;NA;63179;865;2020-10-31;13739
2020-10-30;"Žilinský kraj";529;2575;61;2636;NA;63179;590;2020-10-30;12874
2020-10-29;"Žilinský kraj";740;503;17;520;NA;63179;757;2020-10-29;12284
2020-10-28;"Žilinský kraj";635;105;11;116;NA;63179;646;2020-10-28;11527
2020-10-27;"Žilinský kraj";355;154;24;178;NA;63179;379;2020-10-27;10881
2020-10-26;"Žilinský kraj";148;117;28;145;NA;63179;176;2020-10-26;10502
2020-10-25;"Žilinský kraj";436;0;0;0;NA;63179;436;2020-10-25;10326
2020-10-24;"Žilinský kraj";803;0;0;0;NA;63179;803;2020-10-24;9890
2020-10-23;"Žilinský kraj";659;102;13;115;NA;63179;672;2020-10-23;9087
2020-10-22;"Žilinský kraj";525;33;3;36;NA;63179;528;2020-10-22;8415
2020-10-21;"Žilinský kraj";478;74;14;88;NA;63179;492;2020-10-21;7887
2020-10-20;"Žilinský kraj";524;127;8;135;NA;63179;532;2020-10-20;7395
2020-10-19;"Žilinský kraj";70;80;12;92;NA;63179;82;2020-10-19;6863
2020-10-18;"Žilinský kraj";159;0;0;0;NA;63179;159;2020-10-18;6781
2020-10-17;"Žilinský kraj";509;0;0;0;NA;63179;509;2020-10-17;6622
2020-10-16;"Žilinský kraj";603;51;9;60;NA;63179;612;2020-10-16;6113
2020-10-15;"Žilinský kraj";679;61;3;64;NA;63179;682;2020-10-15;5501
2020-10-14;"Žilinský kraj";523;269;6;275;NA;63179;529;2020-10-14;4819
2020-10-13;"Žilinský kraj";367;458;40;498;NA;63179;407;2020-10-13;4290
2020-10-12;"Žilinský kraj";62;0;0;0;NA;63179;62;2020-10-12;3883
2020-10-11;"Žilinský kraj";50;0;0;0;NA;63179;50;2020-10-11;3821
2020-10-10;"Žilinský kraj";213;0;0;0;NA;63179;213;2020-10-10;3771
2020-10-09;"Žilinský kraj";543;0;0;0;NA;63179;543;2020-10-09;3558
2020-10-08;"Žilinský kraj";238;0;0;0;NA;63179;238;2020-10-08;3015
2020-10-07;"Žilinský kraj";168;0;0;0;NA;63179;168;2020-10-07;2777
2020-10-06;"Žilinský kraj";233;0;0;0;NA;63179;233;2020-10-06;2609
2020-10-05;"Žilinský kraj";33;0;0;0;NA;63179;33;2020-10-05;2376
2020-10-04;"Žilinský kraj";35;0;0;0;NA;63179;35;2020-10-04;2343
2020-10-03;"Žilinský kraj";155;0;0;0;NA;63179;155;2020-10-03;2308
2020-10-02;"Žilinský kraj";105;0;0;0;NA;63179;105;2020-10-02;2153
2020-10-01;"Žilinský kraj";147;0;0;0;NA;63179;147;2020-10-01;2048
2020-09-30;"Žilinský kraj";163;0;0;0;NA;63179;163;2020-09-30;1901
2020-09-29;"Žilinský kraj";105;0;0;0;NA;63179;105;2020-09-29;1738
2020-09-28;"Žilinský kraj";34;0;0;0;NA;63179;34;2020-09-28;1633
2020-09-27;"Žilinský kraj";108;0;0;0;NA;63179;108;2020-09-27;1599
2020-09-26;"Žilinský kraj";96;0;0;0;NA;63179;96;2020-09-26;1491
2020-09-25;"Žilinský kraj";69;0;0;0;NA;63179;69;2020-09-25;1395
2020-09-24;"Žilinský kraj";100;0;0;0;NA;63179;100;2020-09-24;1326
2020-09-23;"Žilinský kraj";65;0;0;0;NA;63179;65;2020-09-23;1226
2020-09-22;"Žilinský kraj";65;0;0;0;NA;63179;65;2020-09-22;1161
2020-09-21;"Žilinský kraj";47;0;0;0;NA;63179;47;2020-09-21;1096
2020-09-20;"Žilinský kraj";4;0;0;0;NA;63179;4;2020-09-20;1049
2020-09-19;"Žilinský kraj";6;0;0;0;NA;63179;6;2020-09-19;1045
2020-09-18;"Žilinský kraj";82;0;0;0;NA;63179;82;2020-09-18;1039
2020-09-17;"Žilinský kraj";30;0;0;0;NA;63179;30;2020-09-17;957
2020-09-16;"Žilinský kraj";34;0;0;0;NA;63179;34;2020-09-16;927
2020-09-15;"Žilinský kraj";12;0;0;0;NA;63179;12;2020-09-15;893
2020-09-14;"Žilinský kraj";39;0;0;0;NA;63179;39;2020-09-14;881
2020-09-13;"Žilinský kraj";6;0;0;0;NA;63179;6;2020-09-13;842
2020-09-12;"Žilinský kraj";4;0;0;0;NA;63179;4;2020-09-12;836
2020-09-11;"Žilinský kraj";31;0;0;0;NA;63179;31;2020-09-11;832
2020-09-10;"Žilinský kraj";31;0;0;0;NA;63179;31;2020-09-10;801
2020-09-09;"Žilinský kraj";23;0;0;0;NA;63179;23;2020-09-09;770
2020-09-08;"Žilinský kraj";25;0;0;0;NA;63179;25;2020-09-08;747
2020-09-07;"Žilinský kraj";11;0;0;0;NA;63179;11;2020-09-07;722
2020-09-05;"Žilinský kraj";2;0;0;0;NA;63179;2;2020-09-05;711
2020-09-04;"Žilinský kraj";33;0;0;0;NA;63179;33;2020-09-04;709
2020-09-03;"Žilinský kraj";18;0;0;0;NA;63179;18;2020-09-03;676
