"Datum";"Region";"PCR_Pos";"Ag_Neg";"Ag_Pos";"Total";"Pocet.potvrdenych";"Potvrdenych";"newcases";"date";"positive"
2021-05-16;"Banskobystrický kraj";15;13646;26;13672;37687;82862;41;2021-05-16;82862
2021-05-15;"Banskobystrický kraj";11;15132;28;15160;NA;82862;39;2021-05-15;82821
2021-05-14;"Banskobystrický kraj";35;18276;44;18320;NA;82862;79;2021-05-14;82782
2021-05-13;"Banskobystrický kraj";37;10344;40;10384;NA;82862;77;2021-05-13;82703
2021-05-12;"Banskobystrický kraj";31;10797;45;10842;NA;82862;76;2021-05-12;82626
2021-05-11;"Banskobystrický kraj";42;11616;47;11663;NA;82862;89;2021-05-11;82550
2021-05-10;"Banskobystrický kraj";28;17294;68;17362;NA;82862;96;2021-05-10;82461
2021-05-09;"Banskobystrický kraj";25;21903;67;21970;NA;82862;92;2021-05-09;82365
2021-05-08;"Banskobystrický kraj";11;13967;26;13993;NA;82862;37;2021-05-08;82273
2021-05-07;"Banskobystrický kraj";41;21537;78;21615;NA;82862;119;2021-05-07;82236
2021-05-06;"Banskobystrický kraj";36;12268;70;12338;NA;82862;106;2021-05-06;82117
2021-05-05;"Banskobystrický kraj";34;12483;63;12546;NA;82862;97;2021-05-05;82011
2021-05-04;"Banskobystrický kraj";83;13788;47;13835;NA;82862;130;2021-05-04;81914
2021-05-03;"Banskobystrický kraj";30;20836;80;20916;NA;82862;110;2021-05-03;81784
2021-05-02;"Banskobystrický kraj";6;32598;60;32658;NA;82862;66;2021-05-02;81674
2021-05-01;"Banskobystrický kraj";54;36770;67;36837;NA;82862;121;2021-05-01;81608
2021-04-30;"Banskobystrický kraj";38;34941;86;35027;NA;82862;124;2021-04-30;81487
2021-04-29;"Banskobystrický kraj";55;16799;68;16867;NA;82862;123;2021-04-29;81363
2021-04-28;"Banskobystrický kraj";66;17919;67;17986;NA;82862;133;2021-04-28;81240
2021-04-27;"Banskobystrický kraj";70;18992;73;19065;NA;82862;143;2021-04-27;81107
2021-04-26;"Banskobystrický kraj";34;28464;101;28565;NA;82862;135;2021-04-26;80964
2021-04-25;"Banskobystrický kraj";14;40204;106;40310;NA;82862;120;2021-04-25;80829
2021-04-24;"Banskobystrický kraj";40;51625;98;51723;NA;82862;138;2021-04-24;80709
2021-04-23;"Banskobystrický kraj";78;37701;88;37789;NA;82862;166;2021-04-23;80571
2021-04-22;"Banskobystrický kraj";51;17192;57;17249;NA;82862;108;2021-04-22;80405
2021-04-21;"Banskobystrický kraj";76;19192;94;19286;NA;82862;170;2021-04-21;80297
2021-04-20;"Banskobystrický kraj";116;20973;98;21071;NA;82862;214;2021-04-20;80127
2021-04-19;"Banskobystrický kraj";48;31407;105;31512;NA;82862;153;2021-04-19;79913
2021-04-18;"Banskobystrický kraj";16;42953;90;43043;NA;82862;106;2021-04-18;79760
2021-04-17;"Banskobystrický kraj";42;64939;92;65031;NA;82862;134;2021-04-17;79654
2021-04-16;"Banskobystrický kraj";72;37303;100;37403;NA;82862;172;2021-04-16;79520
2021-04-15;"Banskobystrický kraj";67;20117;83;20200;NA;82862;150;2021-04-15;79348
2021-04-14;"Banskobystrický kraj";69;21257;86;21343;NA;82862;155;2021-04-14;79198
2021-04-13;"Banskobystrický kraj";130;22676;77;22753;NA;82862;207;2021-04-13;79043
2021-04-12;"Banskobystrický kraj";60;32247;130;32377;NA;82862;190;2021-04-12;78836
2021-04-11;"Banskobystrický kraj";0;41367;88;41455;NA;82862;88;2021-04-11;78646
2021-04-10;"Banskobystrický kraj";56;64628;141;64769;NA;82862;197;2021-04-10;78558
2021-04-09;"Banskobystrický kraj";106;31566;118;31684;NA;82862;224;2021-04-09;78361
2021-04-08;"Banskobystrický kraj";132;18406;110;18516;NA;82862;242;2021-04-08;78137
2021-04-07;"Banskobystrický kraj";226;25117;94;25211;NA;82862;320;2021-04-07;77895
2021-04-06;"Banskobystrický kraj";93;42487;187;42674;NA;82862;280;2021-04-06;77575
2021-04-05;"Banskobystrický kraj";15;11797;87;11884;NA;82862;102;2021-04-05;77295
2021-04-04;"Banskobystrický kraj";24;19683;79;19762;NA;82862;103;2021-04-04;77193
2021-04-03;"Banskobystrický kraj";5;72473;211;72684;NA;82862;216;2021-04-03;77090
2021-04-02;"Banskobystrický kraj";71;13455;66;13521;NA;82862;137;2021-04-02;76874
2021-04-01;"Banskobystrický kraj";171;38877;200;39077;NA;82862;371;2021-04-01;76737
2021-03-31;"Banskobystrický kraj";147;25543;161;25704;NA;82862;308;2021-03-31;76366
2021-03-30;"Banskobystrický kraj";167;21439;159;21598;NA;82862;326;2021-03-30;76058
2021-03-29;"Banskobystrický kraj";119;29551;218;29769;NA;82862;337;2021-03-29;75732
2021-03-28;"Banskobystrický kraj";25;40610;189;40799;NA;82862;214;2021-03-28;75395
2021-03-27;"Banskobystrický kraj";85;64121;260;64381;NA;82862;345;2021-03-27;75181
2021-03-26;"Banskobystrický kraj";122;43397;240;43637;NA;82862;362;2021-03-26;74836
2021-03-25;"Banskobystrický kraj";120;21589;240;21829;NA;82862;360;2021-03-25;74474
2021-03-24;"Banskobystrický kraj";200;19319;227;19546;NA;82862;427;2021-03-24;74114
2021-03-23;"Banskobystrický kraj";241;21398;257;21655;NA;82862;498;2021-03-23;73687
2021-03-22;"Banskobystrický kraj";65;30418;274;30692;NA;82862;339;2021-03-22;73189
2021-03-21;"Banskobystrický kraj";31;40039;280;40319;NA;82862;311;2021-03-21;72850
2021-03-20;"Banskobystrický kraj";119;67730;383;68113;NA;82862;502;2021-03-20;72539
2021-03-19;"Banskobystrický kraj";240;44041;307;44348;NA;82862;547;2021-03-19;72037
2021-03-18;"Banskobystrický kraj";160;21727;273;22000;NA;82862;433;2021-03-18;71490
2021-03-17;"Banskobystrický kraj";262;21573;245;21818;NA;82862;507;2021-03-17;71057
2021-03-16;"Banskobystrický kraj";340;23365;224;23589;NA;82862;564;2021-03-16;70550
2021-03-15;"Banskobystrický kraj";95;31133;364;31497;NA;82862;459;2021-03-15;69986
2021-03-14;"Banskobystrický kraj";39;40650;229;40879;NA;82862;268;2021-03-14;69527
2021-03-13;"Banskobystrický kraj";209;67167;391;67558;NA;82862;600;2021-03-13;69259
2021-03-12;"Banskobystrický kraj";206;41485;330;41815;NA;82862;536;2021-03-12;68659
2021-03-11;"Banskobystrický kraj";228;21337;272;21609;NA;82862;500;2021-03-11;68123
2021-03-10;"Banskobystrický kraj";260;20381;238;20619;NA;82862;498;2021-03-10;67623
2021-03-09;"Banskobystrický kraj";352;21790;284;22074;NA;82862;636;2021-03-09;67125
2021-03-08;"Banskobystrický kraj";191;31488;427;31915;NA;82862;618;2021-03-08;66489
2021-03-07;"Banskobystrický kraj";60;39083;295;39378;NA;82862;355;2021-03-07;65871
2021-03-06;"Banskobystrický kraj";164;70562;410;70972;NA;82862;574;2021-03-06;65516
2021-03-05;"Banskobystrický kraj";221;42137;388;42525;NA;82862;609;2021-03-05;64942
2021-03-04;"Banskobystrický kraj";226;21607;334;21941;NA;82862;560;2021-03-04;64333
2021-03-03;"Banskobystrický kraj";317;21949;331;22280;NA;82862;648;2021-03-03;63773
2021-03-02;"Banskobystrický kraj";291;22602;354;22956;NA;82862;645;2021-03-02;63125
2021-03-01;"Banskobystrický kraj";151;31773;434;32207;NA;82862;585;2021-03-01;62480
2021-02-28;"Banskobystrický kraj";45;38313;336;38649;NA;82862;381;2021-02-28;61895
2021-02-27;"Banskobystrický kraj";289;66667;529;67196;NA;82862;818;2021-02-27;61514
2021-02-26;"Banskobystrický kraj";326;39489;468;39957;NA;82862;794;2021-02-26;60696
2021-02-25;"Banskobystrický kraj";375;17731;366;18097;NA;82862;741;2021-02-25;59902
2021-02-24;"Banskobystrický kraj";332;16735;373;17108;NA;82862;705;2021-02-24;59161
2021-02-23;"Banskobystrický kraj";462;19480;439;19919;NA;82862;901;2021-02-23;58456
2021-02-22;"Banskobystrický kraj";67;28643;598;29241;NA;82862;665;2021-02-22;57555
2021-02-21;"Banskobystrický kraj";68;37464;437;37901;NA;82862;505;2021-02-21;56890
2021-02-20;"Banskobystrický kraj";280;68851;598;69449;NA;82862;878;2021-02-20;56385
2021-02-19;"Banskobystrický kraj";420;39632;511;40143;NA;82862;931;2021-02-19;55507
2021-02-18;"Banskobystrický kraj";241;18618;396;19014;NA;82862;637;2021-02-18;54576
2021-02-17;"Banskobystrický kraj";415;16312;389;16701;NA;82862;804;2021-02-17;53939
2021-02-16;"Banskobystrický kraj";338;19933;369;20302;NA;82862;707;2021-02-16;53135
2021-02-15;"Banskobystrický kraj";118;35835;591;36426;NA;82862;709;2021-02-15;52428
2021-02-14;"Banskobystrický kraj";60;31894;386;32280;NA;82862;446;2021-02-14;51719
2021-02-13;"Banskobystrický kraj";202;53889;492;54381;NA;82862;694;2021-02-13;51273
2021-02-12;"Banskobystrický kraj";312;36620;533;37153;NA;82862;845;2021-02-12;50579
2021-02-11;"Banskobystrický kraj";305;20743;384;21127;NA;82862;689;2021-02-11;49734
2021-02-10;"Banskobystrický kraj";333;14790;344;15134;NA;82862;677;2021-02-10;49045
2021-02-09;"Banskobystrický kraj";329;18504;362;18866;NA;82862;691;2021-02-09;48368
2021-02-08;"Banskobystrický kraj";103;46804;672;47476;NA;82862;775;2021-02-08;47677
2021-02-07;"Banskobystrický kraj";70;37363;333;37696;NA;82862;403;2021-02-07;46902
2021-02-06;"Banskobystrický kraj";178;69638;570;70208;NA;82862;748;2021-02-06;46499
2021-02-05;"Banskobystrický kraj";282;24577;363;24940;NA;82862;645;2021-02-05;45751
2021-02-04;"Banskobystrický kraj";240;13842;430;14272;NA;82862;670;2021-02-04;45106
2021-02-03;"Banskobystrický kraj";350;9429;255;9684;NA;82862;605;2021-02-03;44436
2021-02-02;"Banskobystrický kraj";277;15740;334;16074;NA;82862;611;2021-02-02;43831
2021-02-01;"Banskobystrický kraj";75;24723;496;25219;NA;82862;571;2021-02-01;43220
2021-01-31;"Banskobystrický kraj";34;19983;201;20184;NA;82862;235;2021-01-31;42649
2021-01-30;"Banskobystrický kraj";163;64086;525;64611;NA;82862;688;2021-01-30;42414
2021-01-29;"Banskobystrický kraj";196;17360;269;17629;NA;82862;465;2021-01-29;41726
2021-01-28;"Banskobystrický kraj";218;14229;372;14601;NA;82862;590;2021-01-28;41261
2021-01-27;"Banskobystrický kraj";191;8128;200;8328;NA;82862;391;2021-01-27;40671
2021-01-26;"Banskobystrický kraj";238;19798;283;20081;NA;82862;521;2021-01-26;40280
2021-01-25;"Banskobystrický kraj";82;33666;412;34078;NA;82862;494;2021-01-25;39759
2021-01-24;"Banskobystrický kraj";38;35587;278;35865;NA;82862;316;2021-01-24;39265
2021-01-23;"Banskobystrický kraj";142;89295;530;89825;NA;82862;672;2021-01-23;38949
2021-01-22;"Banskobystrický kraj";175;27148;361;27509;NA;82862;536;2021-01-22;38277
2021-01-21;"Banskobystrický kraj";194;17308;285;17593;NA;82862;479;2021-01-21;37741
2021-01-20;"Banskobystrický kraj";231;9150;188;9338;NA;82862;419;2021-01-20;37262
2021-01-19;"Banskobystrický kraj";213;10708;311;11019;NA;82862;524;2021-01-19;36843
2021-01-18;"Banskobystrický kraj";94;7415;402;7817;NA;82862;496;2021-01-18;36319
2021-01-17;"Banskobystrický kraj";110;8154;77;8231;NA;82862;187;2021-01-17;35823
2021-01-16;"Banskobystrický kraj";58;2274;57;2331;NA;82862;115;2021-01-16;35636
2021-01-15;"Banskobystrický kraj";164;7673;217;7890;NA;82862;381;2021-01-15;35521
2021-01-14;"Banskobystrický kraj";220;5760;325;6085;NA;82862;545;2021-01-14;35140
2021-01-13;"Banskobystrický kraj";235;5974;217;6191;NA;82862;452;2021-01-13;34595
2021-01-12;"Banskobystrický kraj";194;6808;299;7107;NA;82862;493;2021-01-12;34143
2021-01-11;"Banskobystrický kraj";76;8231;481;8712;NA;82862;557;2021-01-11;33650
2021-01-10;"Banskobystrický kraj";110;233;4;237;NA;82862;114;2021-01-10;33093
2021-01-09;"Banskobystrický kraj";297;2378;81;2459;NA;82862;378;2021-01-09;32979
2021-01-08;"Banskobystrický kraj";435;9677;443;10120;NA;82862;878;2021-01-08;32601
2021-01-07;"Banskobystrický kraj";127;6322;366;6688;NA;82862;493;2021-01-07;31723
2021-01-06;"Banskobystrický kraj";305;3124;185;3309;NA;82862;490;2021-01-06;31230
2021-01-05;"Banskobystrický kraj";372;7349;533;7882;NA;82862;905;2021-01-05;30740
2021-01-04;"Banskobystrický kraj";130;7083;700;7783;NA;82862;830;2021-01-04;29835
2021-01-03;"Banskobystrický kraj";199;320;19;339;NA;82862;218;2021-01-03;29005
2021-01-02;"Banskobystrický kraj";123;702;85;787;NA;82862;208;2021-01-02;28787
2021-01-01;"Banskobystrický kraj";220;1958;132;2090;NA;82862;352;2021-01-01;28579
2020-12-31;"Banskobystrický kraj";499;7379;633;8012;NA;82862;1132;2020-12-31;28227
2020-12-30;"Banskobystrický kraj";593;7670;557;8227;NA;82862;1150;2020-12-30;27095
2020-12-29;"Banskobystrický kraj";240;7955;664;8619;NA;82862;904;2020-12-29;25945
2020-12-28;"Banskobystrický kraj";131;6098;711;6809;NA;82862;842;2020-12-28;25041
2020-12-27;"Banskobystrický kraj";116;541;25;566;NA;82862;141;2020-12-27;24199
2020-12-26;"Banskobystrický kraj";61;295;35;330;NA;82862;96;2020-12-26;24058
2020-12-25;"Banskobystrický kraj";65;313;10;323;NA;82862;75;2020-12-25;23962
2020-12-24;"Banskobystrický kraj";452;3685;135;3820;NA;82862;587;2020-12-24;23887
2020-12-23;"Banskobystrický kraj";368;10116;507;10623;NA;82862;875;2020-12-23;23300
2020-12-22;"Banskobystrický kraj";307;8449;624;9073;NA;82862;931;2020-12-22;22425
2020-12-21;"Banskobystrický kraj";286;4896;448;5344;NA;82862;734;2020-12-21;21494
2020-12-20;"Banskobystrický kraj";155;249;14;263;NA;82862;169;2020-12-20;20760
2020-12-19;"Banskobystrický kraj";170;3084;138;3222;NA;82862;308;2020-12-19;20591
2020-12-18;"Banskobystrický kraj";432;5965;324;6289;NA;82862;756;2020-12-18;20283
2020-12-17;"Banskobystrický kraj";468;8703;656;9359;NA;82862;1124;2020-12-17;19527
2020-12-16;"Banskobystrický kraj";379;10202;560;10762;NA;82862;939;2020-12-16;18403
2020-12-15;"Banskobystrický kraj";336;5425;433;5858;NA;82862;769;2020-12-15;17464
2020-12-14;"Banskobystrický kraj";148;3897;259;4156;NA;82862;407;2020-12-14;16695
2020-12-13;"Banskobystrický kraj";122;142;1;143;NA;82862;123;2020-12-13;16288
2020-12-12;"Banskobystrický kraj";137;2714;138;2852;NA;82862;275;2020-12-12;16165
2020-12-11;"Banskobystrický kraj";468;6587;374;6961;NA;82862;842;2020-12-11;15890
2020-12-10;"Banskobystrický kraj";280;5204;355;5559;NA;82862;635;2020-12-10;15048
2020-12-09;"Banskobystrický kraj";323;3850;213;4063;NA;82862;536;2020-12-09;14413
2020-12-08;"Banskobystrický kraj";256;3787;276;4063;NA;82862;532;2020-12-08;13877
2020-12-07;"Banskobystrický kraj";175;2380;156;2536;NA;82862;331;2020-12-07;13345
2020-12-06;"Banskobystrický kraj";121;507;11;518;NA;82862;132;2020-12-06;13014
2020-12-05;"Banskobystrický kraj";109;1099;34;1133;NA;82862;143;2020-12-05;12882
2020-12-04;"Banskobystrický kraj";339;3828;174;4002;NA;82862;513;2020-12-04;12739
2020-12-03;"Banskobystrický kraj";240;3193;234;3427;NA;82862;474;2020-12-03;12226
2020-12-02;"Banskobystrický kraj";217;4442;186;4628;NA;82862;403;2020-12-02;11752
2020-12-01;"Banskobystrický kraj";215;2702;134;2836;NA;82862;349;2020-12-01;11349
2020-11-30;"Banskobystrický kraj";74;4559;257;4816;NA;82862;331;2020-11-30;11000
2020-11-29;"Banskobystrický kraj";19;208;7;215;NA;82862;26;2020-11-29;10669
2020-11-28;"Banskobystrický kraj";81;1408;55;1463;NA;82862;136;2020-11-28;10643
2020-11-27;"Banskobystrický kraj";219;2266;123;2389;NA;82862;342;2020-11-27;10507
2020-11-26;"Banskobystrický kraj";208;2124;93;2217;NA;82862;301;2020-11-26;10165
2020-11-25;"Banskobystrický kraj";170;1952;86;2038;NA;82862;256;2020-11-25;9864
2020-11-24;"Banskobystrický kraj";166;2566;69;2635;NA;82862;235;2020-11-24;9608
2020-11-23;"Banskobystrický kraj";66;10240;194;10434;NA;82862;260;2020-11-23;9373
2020-11-22;"Banskobystrický kraj";38;104;1;105;NA;82862;39;2020-11-22;9113
2020-11-21;"Banskobystrický kraj";52;904;14;918;NA;82862;66;2020-11-21;9074
2020-11-20;"Banskobystrický kraj";127;2005;107;2112;NA;82862;234;2020-11-20;9008
2020-11-19;"Banskobystrický kraj";170;1218;82;1300;NA;82862;252;2020-11-19;8774
2020-11-18;"Banskobystrický kraj";153;698;65;763;NA;82862;218;2020-11-18;8522
2020-11-17;"Banskobystrický kraj";52;578;35;613;NA;82862;87;2020-11-17;8304
2020-11-16;"Banskobystrický kraj";106;470;25;495;NA;82862;131;2020-11-16;8217
2020-11-15;"Banskobystrický kraj";52;301;4;305;NA;82862;56;2020-11-15;8086
2020-11-14;"Banskobystrický kraj";73;305;2;307;NA;82862;75;2020-11-14;8030
2020-11-13;"Banskobystrický kraj";157;552;11;563;NA;82862;168;2020-11-13;7955
2020-11-12;"Banskobystrický kraj";218;952;44;996;NA;82862;262;2020-11-12;7787
2020-11-11;"Banskobystrický kraj";224;437;9;446;NA;82862;233;2020-11-11;7525
2020-11-10;"Banskobystrický kraj";263;463;18;481;NA;82862;281;2020-11-10;7292
2020-11-09;"Banskobystrický kraj";80;2678;31;2709;NA;82862;111;2020-11-09;7011
2020-11-08;"Banskobystrický kraj";82;981;16;997;NA;82862;98;2020-11-08;6900
2020-11-07;"Banskobystrický kraj";164;8828;94;8922;NA;82862;258;2020-11-07;6802
2020-11-06;"Banskobystrický kraj";227;2496;16;2512;NA;82862;243;2020-11-06;6544
2020-11-05;"Banskobystrický kraj";240;290;33;323;NA;82862;273;2020-11-05;6301
2020-11-04;"Banskobystrický kraj";254;1366;13;1379;NA;82862;267;2020-11-04;6028
2020-11-03;"Banskobystrický kraj";246;1332;4;1336;NA;82862;250;2020-11-03;5761
2020-11-02;"Banskobystrický kraj";90;2909;65;2974;NA;82862;155;2020-11-02;5511
2020-11-01;"Banskobystrický kraj";101;2671;42;2713;NA;82862;143;2020-11-01;5356
2020-10-31;"Banskobystrický kraj";199;13516;116;13632;NA;82862;315;2020-10-31;5213
2020-10-30;"Banskobystrický kraj";254;2829;20;2849;NA;82862;274;2020-10-30;4898
2020-10-29;"Banskobystrický kraj";372;969;42;1011;NA;82862;414;2020-10-29;4624
2020-10-28;"Banskobystrický kraj";285;302;30;332;NA;82862;315;2020-10-28;4210
2020-10-27;"Banskobystrický kraj";266;654;40;694;NA;82862;306;2020-10-27;3895
2020-10-26;"Banskobystrický kraj";38;234;29;263;NA;82862;67;2020-10-26;3589
2020-10-25;"Banskobystrický kraj";50;140;11;151;NA;82862;61;2020-10-25;3522
2020-10-24;"Banskobystrický kraj";315;114;12;126;NA;82862;327;2020-10-24;3461
2020-10-23;"Banskobystrický kraj";231;230;29;259;NA;82862;260;2020-10-23;3134
2020-10-22;"Banskobystrický kraj";264;253;24;277;NA;82862;288;2020-10-22;2874
2020-10-21;"Banskobystrický kraj";209;266;3;269;NA;82862;212;2020-10-21;2586
2020-10-20;"Banskobystrický kraj";210;66;3;69;NA;82862;213;2020-10-20;2374
2020-10-19;"Banskobystrický kraj";27;73;12;85;NA;82862;39;2020-10-19;2161
2020-10-18;"Banskobystrický kraj";49;0;0;0;NA;82862;49;2020-10-18;2122
2020-10-17;"Banskobystrický kraj";91;0;0;0;NA;82862;91;2020-10-17;2073
2020-10-16;"Banskobystrický kraj";224;37;3;40;NA;82862;227;2020-10-16;1982
2020-10-15;"Banskobystrický kraj";133;29;1;30;NA;82862;134;2020-10-15;1755
2020-10-14;"Banskobystrický kraj";139;31;1;32;NA;82862;140;2020-10-14;1621
2020-10-13;"Banskobystrický kraj";151;169;11;180;NA;82862;162;2020-10-13;1481
2020-10-12;"Banskobystrický kraj";11;110;4;114;NA;82862;15;2020-10-12;1319
2020-10-11;"Banskobystrický kraj";14;0;0;0;NA;82862;14;2020-10-11;1304
2020-10-10;"Banskobystrický kraj";53;0;0;0;NA;82862;53;2020-10-10;1290
2020-10-09;"Banskobystrický kraj";128;0;0;0;NA;82862;128;2020-10-09;1237
2020-10-08;"Banskobystrický kraj";99;0;0;0;NA;82862;99;2020-10-08;1109
2020-10-07;"Banskobystrický kraj";124;0;0;0;NA;82862;124;2020-10-07;1010
2020-10-06;"Banskobystrický kraj";68;0;0;0;NA;82862;68;2020-10-06;886
2020-10-05;"Banskobystrický kraj";49;0;0;0;NA;82862;49;2020-10-05;818
2020-10-04;"Banskobystrický kraj";8;0;0;0;NA;82862;8;2020-10-04;769
2020-10-03;"Banskobystrický kraj";37;0;0;0;NA;82862;37;2020-10-03;761
2020-10-02;"Banskobystrický kraj";74;0;0;0;NA;82862;74;2020-10-02;724
2020-10-01;"Banskobystrický kraj";49;0;0;0;NA;82862;49;2020-10-01;650
2020-09-30;"Banskobystrický kraj";60;0;0;0;NA;82862;60;2020-09-30;601
2020-09-29;"Banskobystrický kraj";24;0;0;0;NA;82862;24;2020-09-29;541
2020-09-28;"Banskobystrický kraj";0;0;0;0;NA;82862;0;2020-09-28;517
2020-09-27;"Banskobystrický kraj";20;0;0;0;NA;82862;20;2020-09-27;517
2020-09-26;"Banskobystrický kraj";24;0;0;0;NA;82862;24;2020-09-26;497
2020-09-25;"Banskobystrický kraj";29;0;0;0;NA;82862;29;2020-09-25;473
2020-09-24;"Banskobystrický kraj";25;0;0;0;NA;82862;25;2020-09-24;444
2020-09-23;"Banskobystrický kraj";17;0;0;0;NA;82862;17;2020-09-23;419
2020-09-22;"Banskobystrický kraj";25;0;0;0;NA;82862;25;2020-09-22;402
2020-09-21;"Banskobystrický kraj";3;0;0;0;NA;82862;3;2020-09-21;377
2020-09-20;"Banskobystrický kraj";0;0;0;0;NA;82862;0;2020-09-20;374
2020-09-19;"Banskobystrický kraj";3;0;0;0;NA;82862;3;2020-09-19;374
2020-09-18;"Banskobystrický kraj";24;0;0;0;NA;82862;24;2020-09-18;371
2020-09-17;"Banskobystrický kraj";14;0;0;0;NA;82862;14;2020-09-17;347
2020-09-16;"Banskobystrický kraj";6;0;0;0;NA;82862;6;2020-09-16;333
2020-09-15;"Banskobystrický kraj";2;0;0;0;NA;82862;2;2020-09-15;327
2020-09-14;"Banskobystrický kraj";13;0;0;0;NA;82862;13;2020-09-14;325
2020-09-13;"Banskobystrický kraj";1;0;0;0;NA;82862;1;2020-09-13;312
2020-09-12;"Banskobystrický kraj";5;0;0;0;NA;82862;5;2020-09-12;311
2020-09-11;"Banskobystrický kraj";19;0;0;0;NA;82862;19;2020-09-11;306
2020-09-10;"Banskobystrický kraj";11;0;0;0;NA;82862;11;2020-09-10;287
2020-09-09;"Banskobystrický kraj";13;0;0;0;NA;82862;13;2020-09-09;276
2020-09-08;"Banskobystrický kraj";5;0;0;0;NA;82862;5;2020-09-08;263
2020-09-07;"Banskobystrický kraj";2;0;0;0;NA;82862;2;2020-09-07;258
2020-09-06;"Banskobystrický kraj";0;0;0;0;NA;82862;0;2020-09-06;256
2020-09-05;"Banskobystrický kraj";0;0;0;0;NA;82862;0;2020-09-05;256
2020-09-04;"Banskobystrický kraj";9;0;0;0;NA;82862;9;2020-09-04;256
2020-09-03;"Banskobystrický kraj";5;0;0;0;NA;82862;5;2020-09-03;247
2020-09-02;"Banskobystrický kraj";6;0;0;0;NA;82862;6;2020-09-02;242
2020-09-01;"Banskobystrický kraj";2;0;0;0;NA;82862;2;2020-09-01;236
2020-08-31;"Banskobystrický kraj";6;0;0;0;NA;82862;6;2020-08-31;234
2020-08-30;"Banskobystrický kraj";0;0;0;0;NA;82862;0;2020-08-30;228
2020-08-29;"Banskobystrický kraj";1;0;0;0;NA;82862;1;2020-08-29;228
2020-08-28;"Banskobystrický kraj";3;0;0;0;NA;82862;3;2020-08-28;227
2020-08-27;"Banskobystrický kraj";1;0;0;0;NA;82862;1;2020-08-27;224
2020-08-26;"Banskobystrický kraj";2;0;0;0;NA;82862;2;2020-08-26;223
2020-08-25;"Banskobystrický kraj";2;0;0;0;NA;82862;2;2020-08-25;221
2020-08-24;"Banskobystrický kraj";0;0;0;0;NA;82862;0;2020-08-24;219
2020-08-23;"Banskobystrický kraj";0;0;0;0;NA;82862;0;2020-08-23;219
2020-08-22;"Banskobystrický kraj";0;0;0;0;NA;82862;0;2020-08-22;219
2020-08-21;"Banskobystrický kraj";4;0;0;0;NA;82862;4;2020-08-21;219
2020-08-20;"Banskobystrický kraj";1;0;0;0;NA;82862;1;2020-08-20;215
2020-08-19;"Banskobystrický kraj";4;0;0;0;NA;82862;4;2020-08-19;214
2020-08-18;"Banskobystrický kraj";0;0;0;0;NA;82862;0;2020-08-18;210
2020-08-17;"Banskobystrický kraj";1;0;0;0;NA;82862;1;2020-08-17;210
2020-08-16;"Banskobystrický kraj";0;0;0;0;NA;82862;0;2020-08-16;209
2020-08-15;"Banskobystrický kraj";0;0;0;0;NA;82862;0;2020-08-15;209
2020-08-14;"Banskobystrický kraj";5;0;0;0;NA;82862;5;2020-08-14;209
2020-08-13;"Banskobystrický kraj";0;0;0;0;NA;82862;0;2020-08-13;204
2020-08-12;"Banskobystrický kraj";0;0;0;0;NA;82862;0;2020-08-12;204
2020-08-11;"Banskobystrický kraj";2;0;0;0;NA;82862;2;2020-08-11;204
2020-08-10;"Banskobystrický kraj";3;0;0;0;NA;82862;3;2020-08-10;202
2020-08-09;"Banskobystrický kraj";0;0;0;0;NA;82862;0;2020-08-09;199
2020-08-08;"Banskobystrický kraj";2;0;0;0;NA;82862;2;2020-08-08;199
2020-08-07;"Banskobystrický kraj";1;0;0;0;NA;82862;1;2020-08-07;197
2020-08-06;"Banskobystrický kraj";1;0;0;0;NA;82862;1;2020-08-06;196
2020-08-05;"Banskobystrický kraj";0;0;0;0;NA;82862;0;2020-08-05;195
2020-08-04;"Banskobystrický kraj";3;0;0;0;NA;82862;3;2020-08-04;195
2020-08-03;"Banskobystrický kraj";0;0;0;0;NA;82862;0;2020-08-03;192
2020-08-02;"Banskobystrický kraj";0;0;0;0;NA;82862;0;2020-08-02;192
2020-08-01;"Banskobystrický kraj";1;0;0;0;NA;82862;1;2020-08-01;192
2020-07-31;"Banskobystrický kraj";2;0;0;0;NA;82862;2;2020-07-31;191
2020-07-30;"Banskobystrický kraj";1;0;0;0;NA;82862;1;2020-07-30;189
2020-07-29;"Banskobystrický kraj";0;0;0;0;NA;82862;0;2020-07-29;188
2020-07-28;"Banskobystrický kraj";2;0;0;0;NA;82862;2;2020-07-28;188
2020-07-27;"Banskobystrický kraj";3;0;0;0;NA;82862;3;2020-07-27;186
2020-07-26;"Banskobystrický kraj";0;0;0;0;NA;82862;0;2020-07-26;183
2020-07-25;"Banskobystrický kraj";0;0;0;0;NA;82862;0;2020-07-25;183
2020-07-24;"Banskobystrický kraj";9;0;0;0;NA;82862;9;2020-07-24;183
2020-07-23;"Banskobystrický kraj";0;0;0;0;NA;82862;0;2020-07-23;174
2020-07-22;"Banskobystrický kraj";3;0;0;0;NA;82862;3;2020-07-22;174
2020-07-21;"Banskobystrický kraj";3;0;0;0;NA;82862;3;2020-07-21;171
2020-07-20;"Banskobystrický kraj";1;0;0;0;NA;82862;1;2020-07-20;168
2020-07-19;"Banskobystrický kraj";1;0;0;0;NA;82862;1;2020-07-19;167
2020-07-18;"Banskobystrický kraj";0;0;0;0;NA;82862;0;2020-07-18;166
2020-07-17;"Banskobystrický kraj";2;0;0;0;NA;82862;2;2020-07-17;166
2020-07-16;"Banskobystrický kraj";1;0;0;0;NA;82862;1;2020-07-16;164
2020-07-15;"Banskobystrický kraj";4;0;0;0;NA;82862;4;2020-07-15;163
2020-07-14;"Banskobystrický kraj";2;0;0;0;NA;82862;2;2020-07-14;159
2020-07-13;"Banskobystrický kraj";1;0;0;0;NA;82862;1;2020-07-13;157
2020-07-12;"Banskobystrický kraj";0;0;0;0;NA;82862;0;2020-07-12;156
2020-07-11;"Banskobystrický kraj";0;0;0;0;NA;82862;0;2020-07-11;156
2020-07-10;"Banskobystrický kraj";3;0;0;0;NA;82862;3;2020-07-10;156
2020-07-09;"Banskobystrický kraj";9;0;0;0;NA;82862;9;2020-07-09;153
2020-07-08;"Banskobystrický kraj";0;0;0;0;NA;82862;0;2020-07-08;144
2020-07-07;"Banskobystrický kraj";4;0;0;0;NA;82862;4;2020-07-07;144
2020-07-06;"Banskobystrický kraj";0;0;0;0;NA;82862;0;2020-07-06;140
2020-07-05;"Banskobystrický kraj";0;0;0;0;NA;82862;0;2020-07-05;140
2020-07-04;"Banskobystrický kraj";1;0;0;0;NA;82862;1;2020-07-04;140
2020-07-03;"Banskobystrický kraj";4;0;0;0;NA;82862;4;2020-07-03;139
2020-07-02;"Banskobystrický kraj";0;0;0;0;NA;82862;0;2020-07-02;135
2020-07-01;"Banskobystrický kraj";1;0;0;0;NA;82862;1;2020-07-01;135
2020-06-30;"Banskobystrický kraj";0;0;0;0;NA;82862;0;2020-06-30;134
2020-06-29;"Banskobystrický kraj";0;0;0;0;NA;82862;0;2020-06-29;134
2020-06-28;"Banskobystrický kraj";0;0;0;0;NA;82862;0;2020-06-28;134
2020-06-27;"Banskobystrický kraj";0;0;0;0;NA;82862;0;2020-06-27;134
2020-06-26;"Banskobystrický kraj";0;0;0;0;NA;82862;0;2020-06-26;134
2020-06-25;"Banskobystrický kraj";1;0;0;0;NA;82862;1;2020-06-25;134
2020-06-24;"Banskobystrický kraj";0;0;0;0;NA;82862;0;2020-06-24;133
2020-06-23;"Banskobystrický kraj";6;0;0;0;NA;82862;6;2020-06-23;133
2020-06-22;"Banskobystrický kraj";0;0;0;0;NA;82862;0;2020-06-22;127
2020-06-21;"Banskobystrický kraj";0;0;0;0;NA;82862;0;2020-06-21;127
2020-06-20;"Banskobystrický kraj";0;0;0;0;NA;82862;0;2020-06-20;127
2020-06-19;"Banskobystrický kraj";2;0;0;0;NA;82862;2;2020-06-19;127
2020-06-18;"Banskobystrický kraj";10;0;0;0;NA;82862;10;2020-06-18;125
2020-06-17;"Banskobystrický kraj";1;0;0;0;NA;82862;1;2020-06-17;115
2020-06-16;"Banskobystrický kraj";0;0;0;0;NA;82862;0;2020-06-16;114
2020-06-14;"Banskobystrický kraj";2;0;0;0;NA;82862;2;2020-06-14;114
2020-06-13;"Banskobystrický kraj";2;0;0;0;NA;82862;2;2020-06-13;112
2020-06-12;"Banskobystrický kraj";0;0;0;0;NA;82862;0;2020-06-12;110
2020-06-11;"Banskobystrický kraj";1;0;0;0;NA;82862;1;2020-06-11;110
2020-06-10;"Banskobystrický kraj";0;0;0;0;NA;82862;0;2020-06-10;109
2020-06-09;"Banskobystrický kraj";0;0;0;0;NA;82862;0;2020-06-09;109
2020-06-08;"Banskobystrický kraj";0;0;0;0;NA;82862;0;2020-06-08;109
2020-06-07;"Banskobystrický kraj";0;0;0;0;NA;82862;0;2020-06-07;109
2020-06-05;"Banskobystrický kraj";2;0;0;0;NA;82862;2;2020-06-05;109
2020-06-03;"Banskobystrický kraj";0;0;0;0;NA;82862;0;2020-06-03;107
2020-06-02;"Banskobystrický kraj";0;0;0;0;NA;82862;0;2020-06-02;107
2020-05-31;"Banskobystrický kraj";0;0;0;0;NA;82862;0;2020-05-31;107
2020-05-29;"Banskobystrický kraj";0;0;0;0;NA;82862;0;2020-05-29;107
2020-05-27;"Banskobystrický kraj";1;0;0;0;NA;82862;1;2020-05-27;107
2020-05-26;"Banskobystrický kraj";0;0;0;0;NA;82862;0;2020-05-26;106
2020-05-25;"Banskobystrický kraj";0;0;0;0;NA;82862;0;2020-05-25;106
2020-05-24;"Banskobystrický kraj";0;0;0;0;NA;82862;0;2020-05-24;106
2020-05-23;"Banskobystrický kraj";1;0;0;0;NA;82862;1;2020-05-23;106
2020-05-22;"Banskobystrický kraj";0;0;0;0;NA;82862;0;2020-05-22;105
2020-05-21;"Banskobystrický kraj";0;0;0;0;NA;82862;0;2020-05-21;105
2020-05-20;"Banskobystrický kraj";1;0;0;0;NA;82862;1;2020-05-20;105
2020-05-19;"Banskobystrický kraj";0;0;0;0;NA;82862;0;2020-05-19;104
2020-05-17;"Banskobystrický kraj";0;0;0;0;NA;82862;0;2020-05-17;104
2020-05-16;"Banskobystrický kraj";0;0;0;0;NA;82862;0;2020-05-16;104
2020-05-15;"Banskobystrický kraj";0;0;0;0;NA;82862;0;2020-05-15;104
2020-05-14;"Banskobystrický kraj";0;0;0;0;NA;82862;0;2020-05-14;104
2020-05-13;"Banskobystrický kraj";0;0;0;0;NA;82862;0;2020-05-13;104
2020-05-12;"Banskobystrický kraj";1;0;0;0;NA;82862;1;2020-05-12;104
2020-05-11;"Banskobystrický kraj";0;0;0;0;NA;82862;0;2020-05-11;103
2020-05-09;"Banskobystrický kraj";0;0;0;0;NA;82862;0;2020-05-09;103
2020-05-07;"Banskobystrický kraj";2;0;0;0;NA;82862;2;2020-05-07;103
2020-05-06;"Banskobystrický kraj";1;0;0;0;NA;82862;1;2020-05-06;101
2020-05-05;"Banskobystrický kraj";2;0;0;0;NA;82862;2;2020-05-05;100
2020-05-04;"Banskobystrický kraj";0;0;0;0;NA;82862;0;2020-05-04;98
2020-05-03;"Banskobystrický kraj";0;0;0;0;NA;82862;0;2020-05-03;98
2020-05-02;"Banskobystrický kraj";0;0;0;0;NA;82862;0;2020-05-02;98
2020-05-01;"Banskobystrický kraj";0;0;0;0;NA;82862;0;2020-05-01;98
2020-04-30;"Banskobystrický kraj";1;0;0;0;NA;82862;1;2020-04-30;98
2020-04-29;"Banskobystrický kraj";1;0;0;0;NA;82862;1;2020-04-29;97
2020-04-28;"Banskobystrický kraj";0;0;0;0;NA;82862;0;2020-04-28;96
2020-04-27;"Banskobystrický kraj";0;0;0;0;NA;82862;0;2020-04-27;96
2020-04-26;"Banskobystrický kraj";0;0;0;0;NA;82862;0;2020-04-26;96
2020-04-25;"Banskobystrický kraj";2;0;0;0;NA;82862;2;2020-04-25;96
2020-04-24;"Banskobystrický kraj";3;0;0;0;NA;82862;3;2020-04-24;94
2020-04-23;"Banskobystrický kraj";2;0;0;0;NA;82862;2;2020-04-23;91
2020-04-22;"Banskobystrický kraj";2;0;0;0;NA;82862;2;2020-04-22;89
2020-04-21;"Banskobystrický kraj";2;0;0;0;NA;82862;2;2020-04-21;87
2020-04-20;"Banskobystrický kraj";0;0;0;0;NA;82862;0;2020-04-20;85
2020-04-19;"Banskobystrický kraj";0;0;0;0;NA;82862;0;2020-04-19;85
2020-04-18;"Banskobystrický kraj";8;0;0;0;NA;82862;8;2020-04-18;85
2020-04-17;"Banskobystrický kraj";2;0;0;0;NA;82862;2;2020-04-17;77
2020-04-16;"Banskobystrický kraj";0;0;0;0;NA;82862;0;2020-04-16;75
2020-04-15;"Banskobystrický kraj";10;0;0;0;NA;82862;10;2020-04-15;75
2020-04-14;"Banskobystrický kraj";0;0;0;0;NA;82862;0;2020-04-14;65
2020-04-13;"Banskobystrický kraj";2;0;0;0;NA;82862;2;2020-04-13;65
2020-04-12;"Banskobystrický kraj";4;0;0;0;NA;82862;4;2020-04-12;63
2020-04-11;"Banskobystrický kraj";1;0;0;0;NA;82862;1;2020-04-11;59
2020-04-10;"Banskobystrický kraj";0;0;0;0;NA;82862;0;2020-04-10;58
2020-04-09;"Banskobystrický kraj";2;0;0;0;NA;82862;2;2020-04-09;58
2020-04-08;"Banskobystrický kraj";0;0;0;0;NA;82862;0;2020-04-08;56
2020-04-07;"Banskobystrický kraj";4;0;0;0;NA;82862;4;2020-04-07;56
2020-04-06;"Banskobystrický kraj";10;0;0;0;NA;82862;10;2020-04-06;52
2020-04-05;"Banskobystrický kraj";9;0;0;0;NA;82862;9;2020-04-05;42
2020-04-04;"Banskobystrický kraj";0;0;0;0;NA;82862;0;2020-04-04;33
2020-04-03;"Banskobystrický kraj";2;0;0;0;NA;82862;2;2020-04-03;33
2020-04-02;"Banskobystrický kraj";2;0;0;0;NA;82862;2;2020-04-02;31
2020-04-01;"Banskobystrický kraj";5;0;0;0;NA;82862;5;2020-04-01;29
2020-03-31;"Banskobystrický kraj";3;0;0;0;NA;82862;3;2020-03-31;24
2020-03-30;"Banskobystrický kraj";1;0;0;0;NA;82862;1;2020-03-30;21
2020-03-29;"Banskobystrický kraj";2;0;0;0;NA;82862;2;2020-03-29;20
2020-03-28;"Banskobystrický kraj";1;0;0;0;NA;82862;1;2020-03-28;18
2020-03-27;"Banskobystrický kraj";1;531;4;535;NA;82862;5;2020-03-27;17
2020-03-26;"Banskobystrický kraj";1;0;0;0;NA;82862;1;2020-03-26;12
2020-03-25;"Banskobystrický kraj";0;0;0;0;NA;82862;0;2020-03-25;11
2020-03-24;"Banskobystrický kraj";1;0;0;0;NA;82862;1;2020-03-24;11
2020-03-23;"Banskobystrický kraj";1;0;0;0;NA;82862;1;2020-03-23;10
2020-03-22;"Banskobystrický kraj";0;0;0;0;NA;82862;0;2020-03-22;9
2020-03-21;"Banskobystrický kraj";3;0;0;0;NA;82862;3;2020-03-21;9
2020-03-20;"Banskobystrický kraj";0;0;0;0;NA;82862;0;2020-03-20;6
2020-03-19;"Banskobystrický kraj";2;0;0;0;NA;82862;2;2020-03-19;6
2020-03-18;"Banskobystrický kraj";1;0;0;0;NA;82862;1;2020-03-18;4
2020-03-17;"Banskobystrický kraj";1;0;0;0;NA;82862;1;2020-03-17;3
2020-03-16;"Banskobystrický kraj";0;0;0;0;NA;82862;0;2020-03-16;2
2020-03-15;"Banskobystrický kraj";1;0;0;0;NA;82862;1;2020-03-15;2
2020-03-14;"Banskobystrický kraj";0;0;0;0;NA;82862;0;2020-03-14;1
2020-03-13;"Banskobystrický kraj";1;0;0;0;NA;82862;1;2020-03-13;1
2020-03-12;"Banskobystrický kraj";0;0;0;0;NA;82862;0;2020-03-12;0
2020-03-11;"Banskobystrický kraj";0;0;0;0;NA;82862;0;2020-03-11;0
2020-03-09;"Banskobystrický kraj";0;0;0;0;NA;82862;0;2020-03-09;0
2020-03-08;"Banskobystrický kraj";0;0;0;0;NA;82862;0;2020-03-08;0
2020-03-07;"Banskobystrický kraj";0;0;0;0;NA;82862;0;2020-03-07;0
2020-03-06;"Banskobystrický kraj";0;0;0;0;NA;82862;0;2020-03-06;0
2021-05-16;"Bratislavský kraj";12;15962;30;15992;44011;89960;42;2021-05-16;89960
2021-05-15;"Bratislavský kraj";1;16309;32;16341;NA;89960;33;2021-05-15;89918
2021-05-14;"Bratislavský kraj";15;21151;28;21179;NA;89960;43;2021-05-14;89885
2021-05-13;"Bratislavský kraj";9;15841;17;15858;NA;89960;26;2021-05-13;89842
2021-05-12;"Bratislavský kraj";11;14719;26;14745;NA;89960;37;2021-05-12;89816
2021-05-11;"Bratislavský kraj";29;15965;32;15997;NA;89960;61;2021-05-11;89779
2021-05-10;"Bratislavský kraj";27;19957;63;20020;NA;89960;90;2021-05-10;89718
2021-05-09;"Bratislavský kraj";9;28739;32;28771;NA;89960;41;2021-05-09;89628
2021-05-08;"Bratislavský kraj";5;19380;24;19404;NA;89960;29;2021-05-08;89587
2021-05-07;"Bratislavský kraj";32;27880;66;27946;NA;89960;98;2021-05-07;89558
2021-05-06;"Bratislavský kraj";19;19912;52;19964;NA;89960;71;2021-05-06;89460
2021-05-05;"Bratislavský kraj";29;15367;27;15394;NA;89960;56;2021-05-05;89389
2021-05-04;"Bratislavský kraj";46;18959;57;19016;NA;89960;103;2021-05-04;89333
2021-05-03;"Bratislavský kraj";37;22711;61;22772;NA;89960;98;2021-05-03;89230
2021-05-02;"Bratislavský kraj";38;43064;75;43139;NA;89960;113;2021-05-02;89132
2021-05-01;"Bratislavský kraj";11;39670;40;39710;NA;89960;51;2021-05-01;89019
2021-04-30;"Bratislavský kraj";43;46221;81;46302;NA;89960;124;2021-04-30;88968
2021-04-29;"Bratislavský kraj";48;29982;94;30076;NA;89960;142;2021-04-29;88844
2021-04-28;"Bratislavský kraj";40;28408;76;28484;NA;89960;116;2021-04-28;88702
2021-04-27;"Bratislavský kraj";41;29932;52;29984;NA;89960;93;2021-04-27;88586
2021-04-26;"Bratislavský kraj";59;34284;95;34379;NA;89960;154;2021-04-26;88493
2021-04-25;"Bratislavský kraj";8;56268;73;56341;NA;89960;81;2021-04-25;88339
2021-04-24;"Bratislavský kraj";28;74219;66;74285;NA;89960;94;2021-04-24;88258
2021-04-23;"Bratislavský kraj";70;47755;61;47816;NA;89960;131;2021-04-23;88164
2021-04-22;"Bratislavský kraj";39;30752;72;30824;NA;89960;111;2021-04-22;88033
2021-04-21;"Bratislavský kraj";48;30070;62;30132;NA;89960;110;2021-04-21;87922
2021-04-20;"Bratislavský kraj";58;34648;63;34711;NA;89960;121;2021-04-20;87812
2021-04-19;"Bratislavský kraj";48;39184;80;39264;NA;89960;128;2021-04-19;87691
2021-04-18;"Bratislavský kraj";35;61943;76;62019;NA;89960;111;2021-04-18;87563
2021-04-17;"Bratislavský kraj";13;79931;111;80042;NA;89960;124;2021-04-17;87452
2021-04-16;"Bratislavský kraj";62;46672;80;46752;NA;89960;142;2021-04-16;87328
2021-04-15;"Bratislavský kraj";34;31609;74;31683;NA;89960;108;2021-04-15;87186
2021-04-14;"Bratislavský kraj";65;33354;88;33442;NA;89960;153;2021-04-14;87078
2021-04-13;"Bratislavský kraj";82;34952;82;35034;NA;89960;164;2021-04-13;86925
2021-04-12;"Bratislavský kraj";77;43408;115;43523;NA;89960;192;2021-04-12;86761
2021-04-11;"Bratislavský kraj";42;59472;123;59595;NA;89960;165;2021-04-11;86569
2021-04-10;"Bratislavský kraj";14;77153;167;77320;NA;89960;181;2021-04-10;86404
2021-04-09;"Bratislavský kraj";72;40977;97;41074;NA;89960;169;2021-04-09;86223
2021-04-08;"Bratislavský kraj";71;29760;94;29854;NA;89960;165;2021-04-08;86054
2021-04-07;"Bratislavský kraj";96;37282;101;37383;NA;89960;197;2021-04-07;85889
2021-04-06;"Bratislavský kraj";94;55177;175;55352;NA;89960;269;2021-04-06;85692
2021-04-05;"Bratislavský kraj";85;18369;85;18454;NA;89960;170;2021-04-05;85423
2021-04-04;"Bratislavský kraj";37;27545;73;27618;NA;89960;110;2021-04-04;85253
2021-04-03;"Bratislavský kraj";52;79240;228;79468;NA;89960;280;2021-04-03;85143
2021-04-02;"Bratislavský kraj";33;23780;104;23884;NA;89960;137;2021-04-02;84863
2021-04-01;"Bratislavský kraj";119;56601;158;56759;NA;89960;277;2021-04-01;84726
2021-03-31;"Bratislavský kraj";105;45027;149;45176;NA;89960;254;2021-03-31;84449
2021-03-30;"Bratislavský kraj";100;38598;142;38740;NA;89960;242;2021-03-30;84195
2021-03-29;"Bratislavský kraj";153;39951;176;40127;NA;89960;329;2021-03-29;83953
2021-03-28;"Bratislavský kraj";59;53370;137;53507;NA;89960;196;2021-03-28;83624
2021-03-27;"Bratislavský kraj";53;79155;239;79394;NA;89960;292;2021-03-27;83428
2021-03-26;"Bratislavský kraj";114;55463;190;55653;NA;89960;304;2021-03-26;83136
2021-03-25;"Bratislavský kraj";76;36178;170;36348;NA;89960;246;2021-03-25;82832
2021-03-24;"Bratislavský kraj";120;30081;200;30281;NA;89960;320;2021-03-24;82586
2021-03-23;"Bratislavský kraj";138;35816;189;36005;NA;89960;327;2021-03-23;82266
2021-03-22;"Bratislavský kraj";110;42205;218;42423;NA;89960;328;2021-03-22;81939
2021-03-21;"Bratislavský kraj";54;61297;212;61509;NA;89960;266;2021-03-21;81611
2021-03-20;"Bratislavský kraj";59;72625;228;72853;NA;89960;287;2021-03-20;81345
2021-03-19;"Bratislavský kraj";139;53835;255;54090;NA;89960;394;2021-03-19;81058
2021-03-18;"Bratislavský kraj";142;33813;190;34003;NA;89960;332;2021-03-18;80664
2021-03-17;"Bratislavský kraj";177;30082;215;30297;NA;89960;392;2021-03-17;80332
2021-03-16;"Bratislavský kraj";258;36318;282;36600;NA;89960;540;2021-03-16;79940
2021-03-15;"Bratislavský kraj";180;37803;251;38054;NA;89960;431;2021-03-15;79400
2021-03-14;"Bratislavský kraj";75;52602;275;52877;NA;89960;350;2021-03-14;78969
2021-03-13;"Bratislavský kraj";110;79740;329;80069;NA;89960;439;2021-03-13;78619
2021-03-12;"Bratislavský kraj";152;54418;301;54719;NA;89960;453;2021-03-12;78180
2021-03-11;"Bratislavský kraj";178;34191;281;34472;NA;89960;459;2021-03-11;77727
2021-03-10;"Bratislavský kraj";164;30738;273;31011;NA;89960;437;2021-03-10;77268
2021-03-09;"Bratislavský kraj";242;37730;267;37997;NA;89960;509;2021-03-09;76831
2021-03-08;"Bratislavský kraj";255;40478;343;40821;NA;89960;598;2021-03-08;76322
2021-03-07;"Bratislavský kraj";142;52722;301;53023;NA;89960;443;2021-03-07;75724
2021-03-06;"Bratislavský kraj";79;71391;412;71803;NA;89960;491;2021-03-06;75281
2021-03-05;"Bratislavský kraj";238;50438;292;50730;NA;89960;530;2021-03-05;74790
2021-03-04;"Bratislavský kraj";204;34512;344;34856;NA;89960;548;2021-03-04;74260
2021-03-03;"Bratislavský kraj";250;30429;364;30793;NA;89960;614;2021-03-03;73712
2021-03-02;"Bratislavský kraj";267;39515;388;39903;NA;89960;655;2021-03-02;73098
2021-03-01;"Bratislavský kraj";320;37806;432;38238;NA;89960;752;2021-03-01;72443
2021-02-28;"Bratislavský kraj";184;50271;323;50594;NA;89960;507;2021-02-28;71691
2021-02-27;"Bratislavský kraj";151;76813;465;77278;NA;89960;616;2021-02-27;71184
2021-02-26;"Bratislavský kraj";277;47217;400;47617;NA;89960;677;2021-02-26;70568
2021-02-25;"Bratislavský kraj";277;28650;405;29055;NA;89960;682;2021-02-25;69891
2021-02-24;"Bratislavský kraj";217;26940;412;27352;NA;89960;629;2021-02-24;69209
2021-02-23;"Bratislavský kraj";257;31014;395;31409;NA;89960;652;2021-02-23;68580
2021-02-22;"Bratislavský kraj";353;36323;480;36803;NA;89960;833;2021-02-22;67928
2021-02-21;"Bratislavský kraj";185;54109;396;54505;NA;89960;581;2021-02-21;67095
2021-02-20;"Bratislavský kraj";167;74750;550;75300;NA;89960;717;2021-02-20;66514
2021-02-19;"Bratislavský kraj";280;44805;415;45220;NA;89960;695;2021-02-19;65797
2021-02-18;"Bratislavský kraj";263;26285;371;26656;NA;89960;634;2021-02-18;65102
2021-02-17;"Bratislavský kraj";264;22393;316;22709;NA;89960;580;2021-02-17;64468
2021-02-16;"Bratislavský kraj";289;28142;354;28496;NA;89960;643;2021-02-16;63888
2021-02-15;"Bratislavský kraj";248;36744;396;37140;NA;89960;644;2021-02-15;63245
2021-02-14;"Bratislavský kraj";153;47917;323;48240;NA;89960;476;2021-02-14;62601
2021-02-13;"Bratislavský kraj";173;68561;515;69076;NA;89960;688;2021-02-13;62125
2021-02-12;"Bratislavský kraj";282;35692;327;36019;NA;89960;609;2021-02-12;61437
2021-02-11;"Bratislavský kraj";337;24414;289;24703;NA;89960;626;2021-02-11;60828
2021-02-10;"Bratislavský kraj";314;23020;359;23379;NA;89960;673;2021-02-10;60202
2021-02-09;"Bratislavský kraj";287;36478;454;36932;NA;89960;741;2021-02-09;59529
2021-02-08;"Bratislavský kraj";484;31705;397;32102;NA;89960;881;2021-02-08;58788
2021-02-07;"Bratislavský kraj";243;51235;425;51660;NA;89960;668;2021-02-07;57907
2021-02-06;"Bratislavský kraj";116;62565;508;63073;NA;89960;624;2021-02-06;57239
2021-02-05;"Bratislavský kraj";327;27078;375;27453;NA;89960;702;2021-02-05;56615
2021-02-04;"Bratislavský kraj";555;16438;348;16786;NA;89960;903;2021-02-04;55913
2021-02-03;"Bratislavský kraj";161;12857;351;13208;NA;89960;512;2021-02-03;55010
2021-02-02;"Bratislavský kraj";397;25627;480;26107;NA;89960;877;2021-02-02;54498
2021-02-01;"Bratislavský kraj";221;35309;513;35822;NA;89960;734;2021-02-01;53621
2021-01-31;"Bratislavský kraj";180;35658;425;36083;NA;89960;605;2021-01-31;52887
2021-01-30;"Bratislavský kraj";310;49564;521;50085;NA;89960;831;2021-01-30;52282
2021-01-29;"Bratislavský kraj";344;16206;341;16547;NA;89960;685;2021-01-29;51451
2021-01-28;"Bratislavský kraj";307;10679;297;10976;NA;89960;604;2021-01-28;50766
2021-01-27;"Bratislavský kraj";336;22093;345;22438;NA;89960;681;2021-01-27;50162
2021-01-26;"Bratislavský kraj";297;22124;308;22432;NA;89960;605;2021-01-26;49481
2021-01-25;"Bratislavský kraj";356;23017;249;23266;NA;89960;605;2021-01-25;48876
2021-01-24;"Bratislavský kraj";175;37850;404;38254;NA;89960;579;2021-01-24;48271
2021-01-23;"Bratislavský kraj";396;79409;690;80099;NA;89960;1086;2021-01-23;47692
2021-01-22;"Bratislavský kraj";199;41918;365;42283;NA;89960;564;2021-01-22;46606
2021-01-21;"Bratislavský kraj";255;105673;1317;106990;NA;89960;1572;2021-01-21;46042
2021-01-20;"Bratislavský kraj";360;26947;450;27397;NA;89960;810;2021-01-20;44470
2021-01-19;"Bratislavský kraj";375;14609;346;14955;NA;89960;721;2021-01-19;43660
2021-01-18;"Bratislavský kraj";357;11981;707;12688;NA;89960;1064;2021-01-18;42939
2021-01-17;"Bratislavský kraj";244;465;26;491;NA;89960;270;2021-01-17;41875
2021-01-16;"Bratislavský kraj";70;2924;156;3080;NA;89960;226;2021-01-16;41605
2021-01-15;"Bratislavský kraj";251;7751;256;8007;NA;89960;507;2021-01-15;41379
2021-01-14;"Bratislavský kraj";363;8370;273;8643;NA;89960;636;2021-01-14;40872
2021-01-13;"Bratislavský kraj";336;8082;329;8411;NA;89960;665;2021-01-13;40236
2021-01-12;"Bratislavský kraj";450;9742;464;10206;NA;89960;914;2021-01-12;39571
2021-01-11;"Bratislavský kraj";397;19934;380;20314;NA;89960;777;2021-01-11;38657
2021-01-10;"Bratislavský kraj";252;1387;79;1466;NA;89960;331;2021-01-10;37880
2021-01-09;"Bratislavský kraj";351;4974;291;5265;NA;89960;642;2021-01-09;37549
2021-01-08;"Bratislavský kraj";556;9890;436;10326;NA;89960;992;2021-01-08;36907
2021-01-07;"Bratislavský kraj";537;7171;412;7583;NA;89960;949;2021-01-07;35915
2021-01-06;"Bratislavský kraj";271;3238;216;3454;NA;89960;487;2021-01-06;34966
2021-01-05;"Bratislavský kraj";619;10730;844;11574;NA;89960;1463;2021-01-05;34479
2021-01-04;"Bratislavský kraj";601;7711;606;8317;NA;89960;1207;2021-01-04;33016
2021-01-03;"Bratislavský kraj";77;425;41;466;NA;89960;118;2021-01-03;31809
2021-01-02;"Bratislavský kraj";185;408;57;465;NA;89960;242;2021-01-02;31691
2021-01-01;"Bratislavský kraj";235;3229;131;3360;NA;89960;366;2021-01-01;31449
2020-12-31;"Bratislavský kraj";925;14635;589;15224;NA;89960;1514;2020-12-31;31083
2020-12-30;"Bratislavský kraj";650;9494;528;10022;NA;89960;1178;2020-12-30;29569
2020-12-29;"Bratislavský kraj";303;10761;776;11537;NA;89960;1079;2020-12-29;28391
2020-12-28;"Bratislavský kraj";255;7698;560;8258;NA;89960;815;2020-12-28;27312
2020-12-27;"Bratislavský kraj";160;690;76;766;NA;89960;236;2020-12-27;26497
2020-12-26;"Bratislavský kraj";75;453;27;480;NA;89960;102;2020-12-26;26261
2020-12-25;"Bratislavský kraj";114;476;38;514;NA;89960;152;2020-12-25;26159
2020-12-24;"Bratislavský kraj";536;3417;102;3519;NA;89960;638;2020-12-24;26007
2020-12-23;"Bratislavský kraj";416;13267;500;13767;NA;89960;916;2020-12-23;25369
2020-12-22;"Bratislavský kraj";327;15613;772;16385;NA;89960;1099;2020-12-22;24453
2020-12-21;"Bratislavský kraj";392;14970;2007;16977;NA;89960;2399;2020-12-21;23354
2020-12-20;"Bratislavský kraj";180;670;54;724;NA;89960;234;2020-12-20;20955
2020-12-19;"Bratislavský kraj";396;3186;130;3316;NA;89960;526;2020-12-19;20721
2020-12-18;"Bratislavský kraj";306;10680;401;11081;NA;89960;707;2020-12-18;20195
2020-12-17;"Bratislavský kraj";502;10224;412;10636;NA;89960;914;2020-12-17;19488
2020-12-16;"Bratislavský kraj";282;10546;452;10998;NA;89960;734;2020-12-16;18574
2020-12-15;"Bratislavský kraj";423;10777;479;11256;NA;89960;902;2020-12-15;17840
2020-12-14;"Bratislavský kraj";279;6797;293;7090;NA;89960;572;2020-12-14;16938
2020-12-13;"Bratislavský kraj";125;127;10;137;NA;89960;135;2020-12-13;16366
2020-12-12;"Bratislavský kraj";361;3863;157;4020;NA;89960;518;2020-12-12;16231
2020-12-11;"Bratislavský kraj";326;7209;289;7498;NA;89960;615;2020-12-11;15713
2020-12-10;"Bratislavský kraj";286;5107;209;5316;NA;89960;495;2020-12-10;15098
2020-12-09;"Bratislavský kraj";382;4722;178;4900;NA;89960;560;2020-12-09;14603
2020-12-08;"Bratislavský kraj";234;5793;207;6000;NA;89960;441;2020-12-08;14043
2020-12-07;"Bratislavský kraj";272;4185;152;4337;NA;89960;424;2020-12-07;13602
2020-12-06;"Bratislavský kraj";61;1591;52;1643;NA;89960;113;2020-12-06;13178
2020-12-05;"Bratislavský kraj";266;2169;41;2210;NA;89960;307;2020-12-05;13065
2020-12-04;"Bratislavský kraj";200;4804;99;4903;NA;89960;299;2020-12-04;12758
2020-12-03;"Bratislavský kraj";213;5101;95;5196;NA;89960;308;2020-12-03;12459
2020-12-02;"Bratislavský kraj";205;2994;95;3089;NA;89960;300;2020-12-02;12151
2020-12-01;"Bratislavský kraj";255;3559;172;3731;NA;89960;427;2020-12-01;11851
2020-11-30;"Bratislavský kraj";152;2153;121;2274;NA;89960;273;2020-11-30;11424
2020-11-29;"Bratislavský kraj";52;201;24;225;NA;89960;76;2020-11-29;11151
2020-11-28;"Bratislavský kraj";232;2624;33;2657;NA;89960;265;2020-11-28;11075
2020-11-27;"Bratislavský kraj";54;2540;64;2604;NA;89960;118;2020-11-27;10810
2020-11-26;"Bratislavský kraj";129;1976;60;2036;NA;89960;189;2020-11-26;10692
2020-11-25;"Bratislavský kraj";140;1770;47;1817;NA;89960;187;2020-11-25;10503
2020-11-24;"Bratislavský kraj";81;2988;67;3055;NA;89960;148;2020-11-24;10316
2020-11-23;"Bratislavský kraj";67;7083;58;7141;NA;89960;125;2020-11-23;10168
2020-11-22;"Bratislavský kraj";36;81;7;88;NA;89960;43;2020-11-22;10043
2020-11-21;"Bratislavský kraj";109;2126;47;2173;NA;89960;156;2020-11-21;10000
2020-11-20;"Bratislavský kraj";118;2876;48;2924;NA;89960;166;2020-11-20;9844
2020-11-19;"Bratislavský kraj";173;987;29;1016;NA;89960;202;2020-11-19;9678
2020-11-18;"Bratislavský kraj";118;616;75;691;NA;89960;193;2020-11-18;9476
2020-11-17;"Bratislavský kraj";108;928;23;951;NA;89960;131;2020-11-17;9283
2020-11-16;"Bratislavský kraj";82;651;9;660;NA;89960;91;2020-11-16;9152
2020-11-15;"Bratislavský kraj";47;236;0;236;NA;89960;47;2020-11-15;9061
2020-11-14;"Bratislavský kraj";53;1834;15;1849;NA;89960;68;2020-11-14;9014
2020-11-13;"Bratislavský kraj";94;2096;21;2117;NA;89960;115;2020-11-13;8946
2020-11-12;"Bratislavský kraj";141;1727;6;1733;NA;89960;147;2020-11-12;8831
2020-11-11;"Bratislavský kraj";159;1429;12;1441;NA;89960;171;2020-11-11;8684
2020-11-10;"Bratislavský kraj";136;805;14;819;NA;89960;150;2020-11-10;8513
2020-11-09;"Bratislavský kraj";70;616;8;624;NA;89960;78;2020-11-09;8363
2020-11-08;"Bratislavský kraj";82;869;6;875;NA;89960;88;2020-11-08;8285
2020-11-07;"Bratislavský kraj";88;4039;17;4056;NA;89960;105;2020-11-07;8197
2020-11-06;"Bratislavský kraj";281;6441;25;6466;NA;89960;306;2020-11-06;8092
2020-11-05;"Bratislavský kraj";175;476;11;487;NA;89960;186;2020-11-05;7786
2020-11-04;"Bratislavský kraj";65;411;10;421;NA;89960;75;2020-11-04;7600
2020-11-03;"Bratislavský kraj";251;1085;12;1097;NA;89960;263;2020-11-03;7525
2020-11-02;"Bratislavský kraj";202;3365;22;3387;NA;89960;224;2020-11-02;7262
2020-11-01;"Bratislavský kraj";227;8694;39;8733;NA;89960;266;2020-11-01;7038
2020-10-31;"Bratislavský kraj";173;22407;123;22530;NA;89960;296;2020-10-31;6772
2020-10-30;"Bratislavský kraj";158;17350;138;17488;NA;89960;296;2020-10-30;6476
2020-10-29;"Bratislavský kraj";262;116;4;120;NA;89960;266;2020-10-29;6180
2020-10-28;"Bratislavský kraj";220;260;15;275;NA;89960;235;2020-10-28;5914
2020-10-27;"Bratislavský kraj";256;145;4;149;NA;89960;260;2020-10-27;5679
2020-10-26;"Bratislavský kraj";123;229;11;240;NA;89960;134;2020-10-26;5419
2020-10-25;"Bratislavský kraj";152;33;2;35;NA;89960;154;2020-10-25;5285
2020-10-24;"Bratislavský kraj";170;221;6;227;NA;89960;176;2020-10-24;5131
2020-10-23;"Bratislavský kraj";151;144;8;152;NA;89960;159;2020-10-23;4955
2020-10-22;"Bratislavský kraj";192;204;15;219;NA;89960;207;2020-10-22;4796
2020-10-21;"Bratislavský kraj";66;90;6;96;NA;89960;72;2020-10-21;4589
2020-10-20;"Bratislavský kraj";183;97;4;101;NA;89960;187;2020-10-20;4517
2020-10-19;"Bratislavský kraj";148;168;4;172;NA;89960;152;2020-10-19;4330
2020-10-18;"Bratislavský kraj";75;92;0;92;NA;89960;75;2020-10-18;4178
2020-10-17;"Bratislavský kraj";136;0;0;0;NA;89960;136;2020-10-17;4103
2020-10-16;"Bratislavský kraj";103;14;1;15;NA;89960;104;2020-10-16;3967
2020-10-15;"Bratislavský kraj";135;6;1;7;NA;89960;136;2020-10-15;3863
2020-10-14;"Bratislavský kraj";127;4;0;4;NA;89960;127;2020-10-14;3727
2020-10-13;"Bratislavský kraj";86;108;8;116;NA;89960;94;2020-10-13;3600
2020-10-12;"Bratislavský kraj";46;0;0;0;NA;89960;46;2020-10-12;3506
2020-10-11;"Bratislavský kraj";80;0;0;0;NA;89960;80;2020-10-11;3460
2020-10-10;"Bratislavský kraj";55;0;0;0;NA;89960;55;2020-10-10;3380
2020-10-09;"Bratislavský kraj";148;0;0;0;NA;89960;148;2020-10-09;3325
2020-10-08;"Bratislavský kraj";100;0;0;0;NA;89960;100;2020-10-08;3177
2020-10-07;"Bratislavský kraj";107;0;0;0;NA;89960;107;2020-10-07;3077
2020-10-06;"Bratislavský kraj";108;0;0;0;NA;89960;108;2020-10-06;2970
2020-10-05;"Bratislavský kraj";30;0;0;0;NA;89960;30;2020-10-05;2862
2020-10-04;"Bratislavský kraj";49;0;0;0;NA;89960;49;2020-10-04;2832
2020-10-03;"Bratislavský kraj";82;0;0;0;NA;89960;82;2020-10-03;2783
2020-10-02;"Bratislavský kraj";101;0;0;0;NA;89960;101;2020-10-02;2701
2020-10-01;"Bratislavský kraj";72;0;0;0;NA;89960;72;2020-10-01;2600
2020-09-30;"Bratislavský kraj";91;0;0;0;NA;89960;91;2020-09-30;2528
2020-09-29;"Bratislavský kraj";74;0;0;0;NA;89960;74;2020-09-29;2437
2020-09-28;"Bratislavský kraj";29;0;0;0;NA;89960;29;2020-09-28;2363
2020-09-27;"Bratislavský kraj";48;0;0;0;NA;89960;48;2020-09-27;2334
2020-09-26;"Bratislavský kraj";86;0;0;0;NA;89960;86;2020-09-26;2286
2020-09-25;"Bratislavský kraj";97;0;0;0;NA;89960;97;2020-09-25;2200
2020-09-24;"Bratislavský kraj";73;0;0;0;NA;89960;73;2020-09-24;2103
2020-09-23;"Bratislavský kraj";55;0;0;0;NA;89960;55;2020-09-23;2030
2020-09-22;"Bratislavský kraj";81;0;0;0;NA;89960;81;2020-09-22;1975
2020-09-21;"Bratislavský kraj";32;0;0;0;NA;89960;32;2020-09-21;1894
2020-09-20;"Bratislavský kraj";25;0;0;0;NA;89960;25;2020-09-20;1862
2020-09-19;"Bratislavský kraj";59;0;0;0;NA;89960;59;2020-09-19;1837
2020-09-18;"Bratislavský kraj";42;0;0;0;NA;89960;42;2020-09-18;1778
2020-09-17;"Bratislavský kraj";52;0;0;0;NA;89960;52;2020-09-17;1736
2020-09-16;"Bratislavský kraj";32;0;0;0;NA;89960;32;2020-09-16;1684
2020-09-15;"Bratislavský kraj";26;0;0;0;NA;89960;26;2020-09-15;1652
2020-09-14;"Bratislavský kraj";24;0;0;0;NA;89960;24;2020-09-14;1626
2020-09-13;"Bratislavský kraj";11;0;0;0;NA;89960;11;2020-09-13;1602
2020-09-12;"Bratislavský kraj";24;0;0;0;NA;89960;24;2020-09-12;1591
2020-09-11;"Bratislavský kraj";50;0;0;0;NA;89960;50;2020-09-11;1567
2020-09-10;"Bratislavský kraj";47;0;0;0;NA;89960;47;2020-09-10;1517
2020-09-09;"Bratislavský kraj";40;0;0;0;NA;89960;40;2020-09-09;1470
2020-09-08;"Bratislavský kraj";58;0;0;0;NA;89960;58;2020-09-08;1430
2020-09-07;"Bratislavský kraj";39;0;0;0;NA;89960;39;2020-09-07;1372
2020-09-06;"Bratislavský kraj";11;0;0;0;NA;89960;11;2020-09-06;1333
2020-09-05;"Bratislavský kraj";37;0;0;0;NA;89960;37;2020-09-05;1322
2020-09-04;"Bratislavský kraj";87;0;0;0;NA;89960;87;2020-09-04;1285
2020-09-03;"Bratislavský kraj";51;0;0;0;NA;89960;51;2020-09-03;1198
2020-09-02;"Bratislavský kraj";50;0;0;0;NA;89960;50;2020-09-02;1147
2020-09-01;"Bratislavský kraj";16;0;0;0;NA;89960;16;2020-09-01;1097
2020-08-31;"Bratislavský kraj";19;0;0;0;NA;89960;19;2020-08-31;1081
2020-08-30;"Bratislavský kraj";9;0;0;0;NA;89960;9;2020-08-30;1062
2020-08-29;"Bratislavský kraj";12;0;0;0;NA;89960;12;2020-08-29;1053
2020-08-28;"Bratislavský kraj";35;0;0;0;NA;89960;35;2020-08-28;1041
2020-08-27;"Bratislavský kraj";33;0;0;0;NA;89960;33;2020-08-27;1006
2020-08-26;"Bratislavský kraj";27;0;0;0;NA;89960;27;2020-08-26;973
2020-08-25;"Bratislavský kraj";29;0;0;0;NA;89960;29;2020-08-25;946
2020-08-24;"Bratislavský kraj";6;0;0;0;NA;89960;6;2020-08-24;917
2020-08-23;"Bratislavský kraj";45;0;0;0;NA;89960;45;2020-08-23;911
2020-08-22;"Bratislavský kraj";13;0;0;0;NA;89960;13;2020-08-22;866
2020-08-21;"Bratislavský kraj";46;0;0;0;NA;89960;46;2020-08-21;853
2020-08-20;"Bratislavský kraj";41;0;0;0;NA;89960;41;2020-08-20;807
2020-08-19;"Bratislavský kraj";27;0;0;0;NA;89960;27;2020-08-19;766
2020-08-18;"Bratislavský kraj";47;0;0;0;NA;89960;47;2020-08-18;739
2020-08-17;"Bratislavský kraj";2;0;0;0;NA;89960;2;2020-08-17;692
2020-08-16;"Bratislavský kraj";3;0;0;0;NA;89960;3;2020-08-16;690
2020-08-15;"Bratislavský kraj";18;0;0;0;NA;89960;18;2020-08-15;687
2020-08-14;"Bratislavský kraj";16;0;0;0;NA;89960;16;2020-08-14;669
2020-08-13;"Bratislavský kraj";12;0;0;0;NA;89960;12;2020-08-13;653
2020-08-12;"Bratislavský kraj";10;0;0;0;NA;89960;10;2020-08-12;641
2020-08-11;"Bratislavský kraj";23;0;0;0;NA;89960;23;2020-08-11;631
2020-08-10;"Bratislavský kraj";2;0;0;0;NA;89960;2;2020-08-10;608
2020-08-09;"Bratislavský kraj";2;0;0;0;NA;89960;2;2020-08-09;606
2020-08-08;"Bratislavský kraj";1;0;0;0;NA;89960;1;2020-08-08;604
2020-08-07;"Bratislavský kraj";9;0;0;0;NA;89960;9;2020-08-07;603
2020-08-06;"Bratislavský kraj";15;0;0;0;NA;89960;15;2020-08-06;594
2020-08-05;"Bratislavský kraj";11;0;0;0;NA;89960;11;2020-08-05;579
2020-08-04;"Bratislavský kraj";21;0;0;0;NA;89960;21;2020-08-04;568
2020-08-03;"Bratislavský kraj";7;0;0;0;NA;89960;7;2020-08-03;547
2020-08-02;"Bratislavský kraj";0;0;0;0;NA;89960;0;2020-08-02;540
2020-08-01;"Bratislavský kraj";0;0;0;0;NA;89960;0;2020-08-01;540
2020-07-31;"Bratislavský kraj";14;0;0;0;NA;89960;14;2020-07-31;540
2020-07-30;"Bratislavský kraj";6;0;0;0;NA;89960;6;2020-07-30;526
2020-07-29;"Bratislavský kraj";7;0;0;0;NA;89960;7;2020-07-29;520
2020-07-28;"Bratislavský kraj";14;0;0;0;NA;89960;14;2020-07-28;513
2020-07-27;"Bratislavský kraj";3;0;0;0;NA;89960;3;2020-07-27;499
2020-07-26;"Bratislavský kraj";0;0;0;0;NA;89960;0;2020-07-26;496
2020-07-25;"Bratislavský kraj";8;0;0;0;NA;89960;8;2020-07-25;496
2020-07-24;"Bratislavský kraj";2;0;0;0;NA;89960;2;2020-07-24;488
2020-07-23;"Bratislavský kraj";8;0;0;0;NA;89960;8;2020-07-23;486
2020-07-22;"Bratislavský kraj";11;0;0;0;NA;89960;11;2020-07-22;478
2020-07-21;"Bratislavský kraj";8;0;0;0;NA;89960;8;2020-07-21;467
2020-07-20;"Bratislavský kraj";12;0;0;0;NA;89960;12;2020-07-20;459
2020-07-19;"Bratislavský kraj";0;0;0;0;NA;89960;0;2020-07-19;447
2020-07-18;"Bratislavský kraj";2;0;0;0;NA;89960;2;2020-07-18;447
2020-07-17;"Bratislavský kraj";2;0;0;0;NA;89960;2;2020-07-17;445
2020-07-16;"Bratislavský kraj";6;0;0;0;NA;89960;6;2020-07-16;443
2020-07-15;"Bratislavský kraj";3;0;0;0;NA;89960;3;2020-07-15;437
2020-07-14;"Bratislavský kraj";2;0;0;0;NA;89960;2;2020-07-14;434
2020-07-13;"Bratislavský kraj";2;0;0;0;NA;89960;2;2020-07-13;432
2020-07-12;"Bratislavský kraj";0;0;0;0;NA;89960;0;2020-07-12;430
2020-07-11;"Bratislavský kraj";0;0;0;0;NA;89960;0;2020-07-11;430
2020-07-10;"Bratislavský kraj";8;0;0;0;NA;89960;8;2020-07-10;430
2020-07-09;"Bratislavský kraj";2;0;0;0;NA;89960;2;2020-07-09;422
2020-07-08;"Bratislavský kraj";11;0;0;0;NA;89960;11;2020-07-08;420
2020-07-07;"Bratislavský kraj";5;0;0;0;NA;89960;5;2020-07-07;409
2020-07-06;"Bratislavský kraj";1;0;0;0;NA;89960;1;2020-07-06;404
2020-07-05;"Bratislavský kraj";0;0;0;0;NA;89960;0;2020-07-05;403
2020-07-04;"Bratislavský kraj";3;0;0;0;NA;89960;3;2020-07-04;403
2020-07-03;"Bratislavský kraj";1;0;0;0;NA;89960;1;2020-07-03;400
2020-07-02;"Bratislavský kraj";0;0;0;0;NA;89960;0;2020-07-02;399
2020-07-01;"Bratislavský kraj";7;0;0;0;NA;89960;7;2020-07-01;399
2020-06-30;"Bratislavský kraj";3;0;0;0;NA;89960;3;2020-06-30;392
2020-06-29;"Bratislavský kraj";1;0;0;0;NA;89960;1;2020-06-29;389
2020-06-28;"Bratislavský kraj";0;0;0;0;NA;89960;0;2020-06-28;388
2020-06-27;"Bratislavský kraj";1;0;0;0;NA;89960;1;2020-06-27;388
2020-06-26;"Bratislavský kraj";6;0;0;0;NA;89960;6;2020-06-26;387
2020-06-25;"Bratislavský kraj";0;0;0;0;NA;89960;0;2020-06-25;381
2020-06-24;"Bratislavský kraj";3;0;0;0;NA;89960;3;2020-06-24;381
2020-06-23;"Bratislavský kraj";0;0;0;0;NA;89960;0;2020-06-23;378
2020-06-22;"Bratislavský kraj";1;0;0;0;NA;89960;1;2020-06-22;378
2020-06-21;"Bratislavský kraj";0;0;0;0;NA;89960;0;2020-06-21;377
2020-06-20;"Bratislavský kraj";0;0;0;0;NA;89960;0;2020-06-20;377
2020-06-19;"Bratislavský kraj";3;0;0;0;NA;89960;3;2020-06-19;377
2020-06-18;"Bratislavský kraj";0;0;0;0;NA;89960;0;2020-06-18;374
2020-06-17;"Bratislavský kraj";0;0;0;0;NA;89960;0;2020-06-17;374
2020-06-16;"Bratislavský kraj";0;0;0;0;NA;89960;0;2020-06-16;374
2020-06-14;"Bratislavský kraj";2;0;0;0;NA;89960;2;2020-06-14;374
2020-06-13;"Bratislavský kraj";1;0;0;0;NA;89960;1;2020-06-13;372
2020-06-12;"Bratislavský kraj";2;0;0;0;NA;89960;2;2020-06-12;371
2020-06-11;"Bratislavský kraj";0;0;0;0;NA;89960;0;2020-06-11;369
2020-06-10;"Bratislavský kraj";0;0;0;0;NA;89960;0;2020-06-10;369
2020-06-09;"Bratislavský kraj";0;0;0;0;NA;89960;0;2020-06-09;369
2020-06-08;"Bratislavský kraj";1;0;0;0;NA;89960;1;2020-06-08;369
2020-06-07;"Bratislavský kraj";0;0;0;0;NA;89960;0;2020-06-07;368
2020-06-05;"Bratislavský kraj";0;0;0;0;NA;89960;0;2020-06-05;368
2020-06-03;"Bratislavský kraj";1;0;0;0;NA;89960;1;2020-06-03;368
2020-06-02;"Bratislavský kraj";0;0;0;0;NA;89960;0;2020-06-02;367
2020-05-31;"Bratislavský kraj";0;0;0;0;NA;89960;0;2020-05-31;367
2020-05-29;"Bratislavský kraj";0;0;0;0;NA;89960;0;2020-05-29;367
2020-05-27;"Bratislavský kraj";1;0;0;0;NA;89960;1;2020-05-27;367
2020-05-26;"Bratislavský kraj";0;0;0;0;NA;89960;0;2020-05-26;366
2020-05-25;"Bratislavský kraj";0;0;0;0;NA;89960;0;2020-05-25;366
2020-05-24;"Bratislavský kraj";0;0;0;0;NA;89960;0;2020-05-24;366
2020-05-23;"Bratislavský kraj";2;0;0;0;NA;89960;2;2020-05-23;366
2020-05-22;"Bratislavský kraj";0;0;0;0;NA;89960;0;2020-05-22;364
2020-05-21;"Bratislavský kraj";0;0;0;0;NA;89960;0;2020-05-21;364
2020-05-20;"Bratislavský kraj";0;0;0;0;NA;89960;0;2020-05-20;364
2020-05-19;"Bratislavský kraj";0;0;0;0;NA;89960;0;2020-05-19;364
2020-05-17;"Bratislavský kraj";0;0;0;0;NA;89960;0;2020-05-17;364
2020-05-16;"Bratislavský kraj";0;0;0;0;NA;89960;0;2020-05-16;364
2020-05-15;"Bratislavský kraj";0;0;0;0;NA;89960;0;2020-05-15;364
2020-05-14;"Bratislavský kraj";0;0;0;0;NA;89960;0;2020-05-14;364
2020-05-13;"Bratislavský kraj";0;0;0;0;NA;89960;0;2020-05-13;364
2020-05-12;"Bratislavský kraj";2;0;0;0;NA;89960;2;2020-05-12;364
2020-05-11;"Bratislavský kraj";0;0;0;0;NA;89960;0;2020-05-11;362
2020-05-09;"Bratislavský kraj";0;0;0;0;NA;89960;0;2020-05-09;362
2020-05-07;"Bratislavský kraj";1;0;0;0;NA;89960;1;2020-05-07;362
2020-05-06;"Bratislavský kraj";3;0;0;0;NA;89960;3;2020-05-06;361
2020-05-05;"Bratislavský kraj";0;0;0;0;NA;89960;0;2020-05-05;358
2020-05-04;"Bratislavský kraj";0;0;0;0;NA;89960;0;2020-05-04;358
2020-05-03;"Bratislavský kraj";2;0;0;0;NA;89960;2;2020-05-03;358
2020-05-02;"Bratislavský kraj";0;0;0;0;NA;89960;0;2020-05-02;356
2020-05-01;"Bratislavský kraj";0;0;0;0;NA;89960;0;2020-05-01;356
2020-04-30;"Bratislavský kraj";5;0;0;0;NA;89960;5;2020-04-30;356
2020-04-29;"Bratislavský kraj";0;0;0;0;NA;89960;0;2020-04-29;351
2020-04-28;"Bratislavský kraj";2;0;0;0;NA;89960;2;2020-04-28;351
2020-04-27;"Bratislavský kraj";0;0;0;0;NA;89960;0;2020-04-27;349
2020-04-26;"Bratislavský kraj";1;0;0;0;NA;89960;1;2020-04-26;349
2020-04-25;"Bratislavský kraj";0;0;0;0;NA;89960;0;2020-04-25;348
2020-04-24;"Bratislavský kraj";2;0;0;0;NA;89960;2;2020-04-24;348
2020-04-23;"Bratislavský kraj";6;0;0;0;NA;89960;6;2020-04-23;346
2020-04-22;"Bratislavský kraj";11;0;0;0;NA;89960;11;2020-04-22;340
2020-04-21;"Bratislavský kraj";4;0;0;0;NA;89960;4;2020-04-21;329
2020-04-20;"Bratislavský kraj";0;0;0;0;NA;89960;0;2020-04-20;325
2020-04-19;"Bratislavský kraj";4;0;0;0;NA;89960;4;2020-04-19;325
2020-04-18;"Bratislavský kraj";5;0;0;0;NA;89960;5;2020-04-18;321
2020-04-17;"Bratislavský kraj";6;0;0;0;NA;89960;6;2020-04-17;316
2020-04-16;"Bratislavský kraj";15;0;0;0;NA;89960;15;2020-04-16;310
2020-04-15;"Bratislavský kraj";11;0;0;0;NA;89960;11;2020-04-15;295
2020-04-14;"Bratislavský kraj";19;0;0;0;NA;89960;19;2020-04-14;284
2020-04-13;"Bratislavský kraj";53;0;0;0;NA;89960;53;2020-04-13;265
2020-04-12;"Bratislavský kraj";3;0;0;0;NA;89960;3;2020-04-12;212
2020-04-11;"Bratislavský kraj";1;0;0;0;NA;89960;1;2020-04-11;209
2020-04-10;"Bratislavský kraj";8;0;0;0;NA;89960;8;2020-04-10;208
2020-04-09;"Bratislavský kraj";3;0;0;0;NA;89960;3;2020-04-09;200
2020-04-08;"Bratislavský kraj";3;0;0;0;NA;89960;3;2020-04-08;197
2020-04-07;"Bratislavský kraj";24;0;0;0;NA;89960;24;2020-04-07;194
2020-04-06;"Bratislavský kraj";5;0;0;0;NA;89960;5;2020-04-06;170
2020-04-05;"Bratislavský kraj";6;0;0;0;NA;89960;6;2020-04-05;165
2020-04-04;"Bratislavský kraj";2;0;0;0;NA;89960;2;2020-04-04;159
2020-04-03;"Bratislavský kraj";1;0;0;0;NA;89960;1;2020-04-03;157
2020-04-02;"Bratislavský kraj";2;0;0;0;NA;89960;2;2020-04-02;156
2020-04-01;"Bratislavský kraj";5;0;0;0;NA;89960;5;2020-04-01;154
2020-03-31;"Bratislavský kraj";19;0;0;0;NA;89960;19;2020-03-31;149
2020-03-30;"Bratislavský kraj";6;0;0;0;NA;89960;6;2020-03-30;130
2020-03-29;"Bratislavský kraj";8;0;0;0;NA;89960;8;2020-03-29;124
2020-03-28;"Bratislavský kraj";4;0;0;0;NA;89960;4;2020-03-28;116
2020-03-27;"Bratislavský kraj";3;0;0;0;NA;89960;3;2020-03-27;112
2020-03-26;"Bratislavský kraj";15;0;0;0;NA;89960;15;2020-03-26;109
2020-03-25;"Bratislavský kraj";1;0;0;0;NA;89960;1;2020-03-25;94
2020-03-24;"Bratislavský kraj";4;0;0;0;NA;89960;4;2020-03-24;93
2020-03-23;"Bratislavský kraj";9;0;0;0;NA;89960;9;2020-03-23;89
2020-03-22;"Bratislavský kraj";2;0;0;0;NA;89960;2;2020-03-22;80
2020-03-21;"Bratislavský kraj";22;0;0;0;NA;89960;22;2020-03-21;78
2020-03-20;"Bratislavský kraj";3;0;0;0;NA;89960;3;2020-03-20;56
2020-03-19;"Bratislavský kraj";4;0;0;0;NA;89960;4;2020-03-19;53
2020-03-18;"Bratislavský kraj";3;0;0;0;NA;89960;3;2020-03-18;49
2020-03-17;"Bratislavský kraj";13;0;0;0;NA;89960;13;2020-03-17;46
2020-03-16;"Bratislavský kraj";1;0;0;0;NA;89960;1;2020-03-16;33
2020-03-15;"Bratislavský kraj";4;0;0;0;NA;89960;4;2020-03-15;32
2020-03-14;"Bratislavský kraj";9;0;0;0;NA;89960;9;2020-03-14;28
2020-03-13;"Bratislavský kraj";2;0;0;0;NA;89960;2;2020-03-13;19
2020-03-12;"Bratislavský kraj";8;0;0;0;NA;89960;8;2020-03-12;17
2020-03-11;"Bratislavský kraj";3;0;0;0;NA;89960;3;2020-03-11;9
2020-03-09;"Bratislavský kraj";0;0;0;0;NA;89960;0;2020-03-09;6
2020-03-08;"Bratislavský kraj";2;0;0;0;NA;89960;2;2020-03-08;6
2020-03-07;"Bratislavský kraj";2;0;0;0;NA;89960;2;2020-03-07;4
2020-03-06;"Bratislavský kraj";1;0;0;0;NA;89960;1;2020-03-06;2
2021-05-16;"Košický kraj";37;17354;19;17373;52272;96480;56;2021-05-16;96480
2021-05-15;"Košický kraj";22;24744;27;24771;NA;96480;49;2021-05-15;96424
2021-05-14;"Košický kraj";32;20957;39;20996;NA;96480;71;2021-05-14;96375
2021-05-13;"Košický kraj";39;9632;29;9661;NA;96480;68;2021-05-13;96304
2021-05-12;"Košický kraj";85;10492;33;10525;NA;96480;118;2021-05-12;96236
2021-05-11;"Košický kraj";68;11441;30;11471;NA;96480;98;2021-05-11;96118
2021-05-10;"Košický kraj";25;17042;42;17084;NA;96480;67;2021-05-10;96020
2021-05-09;"Košický kraj";84;25594;55;25649;NA;96480;139;2021-05-09;95953
2021-05-08;"Košický kraj";18;22688;23;22711;NA;96480;41;2021-05-08;95814
2021-05-07;"Košický kraj";51;24454;57;24511;NA;96480;108;2021-05-07;95773
2021-05-06;"Košický kraj";55;11907;43;11950;NA;96480;98;2021-05-06;95665
2021-05-05;"Košický kraj";23;12072;35;12107;NA;96480;58;2021-05-05;95567
2021-05-04;"Košický kraj";143;13562;38;13600;NA;96480;181;2021-05-04;95509
2021-05-03;"Košický kraj";37;17041;69;17110;NA;96480;106;2021-05-03;95328
2021-05-02;"Košický kraj";45;36095;56;36151;NA;96480;101;2021-05-02;95222
2021-05-01;"Košický kraj";54;51851;76;51927;NA;96480;130;2021-05-01;95121
2021-04-30;"Košický kraj";59;44634;94;44728;NA;96480;153;2021-04-30;94991
2021-04-29;"Košický kraj";76;17054;53;17107;NA;96480;129;2021-04-29;94838
2021-04-28;"Košický kraj";99;18004;52;18056;NA;96480;151;2021-04-28;94709
2021-04-27;"Košický kraj";108;20727;44;20771;NA;96480;152;2021-04-27;94558
2021-04-26;"Košický kraj";39;26010;98;26108;NA;96480;137;2021-04-26;94406
2021-04-25;"Košický kraj";23;48355;57;48412;NA;96480;80;2021-04-25;94269
2021-04-24;"Košický kraj";68;90343;114;90457;NA;96480;182;2021-04-24;94189
2021-04-23;"Košický kraj";110;41125;73;41198;NA;96480;183;2021-04-23;94007
2021-04-22;"Košický kraj";56;16846;45;16891;NA;96480;101;2021-04-22;93824
2021-04-21;"Košický kraj";114;19607;62;19669;NA;96480;176;2021-04-21;93723
2021-04-20;"Košický kraj";81;25524;64;25588;NA;96480;145;2021-04-20;93547
2021-04-19;"Košický kraj";93;29955;108;30063;NA;96480;201;2021-04-19;93402
2021-04-18;"Košický kraj";10;48984;77;49061;NA;96480;87;2021-04-18;93201
2021-04-17;"Košický kraj";187;83968;103;84071;NA;96480;290;2021-04-17;93114
2021-04-16;"Košický kraj";83;41662;128;41790;NA;96480;211;2021-04-16;92824
2021-04-15;"Košický kraj";104;18631;94;18725;NA;96480;198;2021-04-15;92613
2021-04-14;"Košický kraj";119;20190;65;20255;NA;96480;184;2021-04-14;92415
2021-04-13;"Košický kraj";81;23349;121;23470;NA;96480;202;2021-04-13;92231
2021-04-12;"Košický kraj";129;26573;124;26697;NA;96480;253;2021-04-12;92029
2021-04-11;"Košický kraj";29;47016;79;47095;NA;96480;108;2021-04-11;91776
2021-04-10;"Košický kraj";138;99953;187;100140;NA;96480;325;2021-04-10;91668
2021-04-09;"Košický kraj";168;35287;133;35420;NA;96480;301;2021-04-09;91343
2021-04-08;"Košický kraj";81;18710;91;18801;NA;96480;172;2021-04-08;91042
2021-04-07;"Košický kraj";232;28327;197;28524;NA;96480;429;2021-04-07;90870
2021-04-06;"Košický kraj";121;36495;164;36659;NA;96480;285;2021-04-06;90441
2021-04-05;"Košický kraj";19;14409;66;14475;NA;96480;85;2021-04-05;90156
2021-04-04;"Košický kraj";33;15200;68;15268;NA;96480;101;2021-04-04;90071
2021-04-03;"Košický kraj";138;97701;241;97942;NA;96480;379;2021-04-03;89970
2021-04-02;"Košický kraj";128;24457;86;24543;NA;96480;214;2021-04-02;89591
2021-04-01;"Košický kraj";165;46212;156;46368;NA;96480;321;2021-04-01;89377
2021-03-31;"Košický kraj";160;29693;126;29819;NA;96480;286;2021-03-31;89056
2021-03-30;"Košický kraj";229;24108;163;24271;NA;96480;392;2021-03-30;88770
2021-03-29;"Košický kraj";78;28729;192;28921;NA;96480;270;2021-03-29;88378
2021-03-28;"Košický kraj";39;44263;128;44391;NA;96480;167;2021-03-28;88108
2021-03-27;"Košický kraj";222;96635;267;96902;NA;96480;489;2021-03-27;87941
2021-03-26;"Košický kraj";233;45262;202;45464;NA;96480;435;2021-03-26;87452
2021-03-25;"Košický kraj";133;23789;174;23963;NA;96480;307;2021-03-25;87017
2021-03-24;"Košický kraj";165;20685;157;20842;NA;96480;322;2021-03-24;86710
2021-03-23;"Košický kraj";202;22480;190;22670;NA;96480;392;2021-03-23;86388
2021-03-22;"Košický kraj";169;26742;227;26969;NA;96480;396;2021-03-22;85996
2021-03-21;"Košický kraj";109;46792;167;46959;NA;96480;276;2021-03-21;85600
2021-03-20;"Košický kraj";126;101376;315;101691;NA;96480;441;2021-03-20;85324
2021-03-19;"Košický kraj";205;45598;257;45855;NA;96480;462;2021-03-19;84883
2021-03-18;"Košický kraj";274;23831;211;24042;NA;96480;485;2021-03-18;84421
2021-03-17;"Košický kraj";177;21559;197;21756;NA;96480;374;2021-03-17;83936
2021-03-16;"Košický kraj";386;23431;226;23657;NA;96480;612;2021-03-16;83562
2021-03-15;"Košický kraj";173;27796;294;28090;NA;96480;467;2021-03-15;82950
2021-03-14;"Košický kraj";145;44419;226;44645;NA;96480;371;2021-03-14;82483
2021-03-13;"Košický kraj";146;103822;480;104302;NA;96480;626;2021-03-13;82112
2021-03-12;"Košický kraj";366;47839;322;48161;NA;96480;688;2021-03-12;81486
2021-03-11;"Košický kraj";396;23225;261;23486;NA;96480;657;2021-03-11;80798
2021-03-10;"Košický kraj";121;22199;268;22467;NA;96480;389;2021-03-10;80141
2021-03-09;"Košický kraj";676;24524;301;24825;NA;96480;977;2021-03-09;79752
2021-03-08;"Košický kraj";559;29679;342;30021;NA;96480;901;2021-03-08;78775
2021-03-07;"Košický kraj";45;44273;299;44572;NA;96480;344;2021-03-07;77874
2021-03-06;"Košický kraj";177;105659;536;106195;NA;96480;713;2021-03-06;77530
2021-03-05;"Košický kraj";439;45564;422;45986;NA;96480;861;2021-03-05;76817
2021-03-04;"Košický kraj";417;23862;321;24183;NA;96480;738;2021-03-04;75956
2021-03-03;"Košický kraj";390;23141;297;23438;NA;96480;687;2021-03-03;75218
2021-03-02;"Košický kraj";464;24158;372;24530;NA;96480;836;2021-03-02;74531
2021-03-01;"Košický kraj";389;29980;512;30492;NA;96480;901;2021-03-01;73695
2021-02-28;"Košický kraj";265;43053;334;43387;NA;96480;599;2021-02-28;72794
2021-02-27;"Košický kraj";301;101274;787;102061;NA;96480;1088;2021-02-27;72195
2021-02-26;"Košický kraj";440;45466;492;45958;NA;96480;932;2021-02-26;71107
2021-02-25;"Košický kraj";331;19872;342;20214;NA;96480;673;2021-02-25;70175
2021-02-24;"Košický kraj";263;18815;506;19321;NA;96480;769;2021-02-24;69502
2021-02-23;"Košický kraj";642;21592;341;21933;NA;96480;983;2021-02-23;68733
2021-02-22;"Košický kraj";362;30830;434;31264;NA;96480;796;2021-02-22;67750
2021-02-21;"Košický kraj";170;40464;385;40849;NA;96480;555;2021-02-21;66954
2021-02-20;"Košický kraj";283;92550;770;93320;NA;96480;1053;2021-02-20;66399
2021-02-19;"Košický kraj";507;42016;586;42602;NA;96480;1093;2021-02-19;65346
2021-02-18;"Košický kraj";397;18442;345;18787;NA;96480;742;2021-02-18;64253
2021-02-17;"Košický kraj";322;18080;387;18467;NA;96480;709;2021-02-17;63511
2021-02-16;"Košický kraj";600;22111;463;22574;NA;96480;1063;2021-02-16;62802
2021-02-15;"Košický kraj";216;27633;419;28052;NA;96480;635;2021-02-15;61739
2021-02-14;"Košický kraj";241;56743;524;57267;NA;96480;765;2021-02-14;61104
2021-02-13;"Košický kraj";206;93779;765;94544;NA;96480;971;2021-02-13;60339
2021-02-12;"Košický kraj";448;50184;611;50795;NA;96480;1059;2021-02-12;59368
2021-02-11;"Košický kraj";435;14524;323;14847;NA;96480;758;2021-02-11;58309
2021-02-10;"Košický kraj";360;18475;431;18906;NA;96480;791;2021-02-10;57551
2021-02-09;"Košický kraj";545;24841;463;25304;NA;96480;1008;2021-02-09;56760
2021-02-08;"Košický kraj";237;24836;392;25228;NA;96480;629;2021-02-08;55752
2021-02-07;"Košický kraj";208;56897;612;57509;NA;96480;820;2021-02-07;55123
2021-02-06;"Košický kraj";318;104357;884;105241;NA;96480;1202;2021-02-06;54303
2021-02-05;"Košický kraj";384;43186;494;43680;NA;96480;878;2021-02-05;53101
2021-02-04;"Košický kraj";391;14508;371;14879;NA;96480;762;2021-02-04;52223
2021-02-03;"Košický kraj";296;12599;339;12938;NA;96480;635;2021-02-03;51461
2021-02-02;"Košický kraj";473;43883;1212;45095;NA;96480;1685;2021-02-02;50826
2021-02-01;"Košický kraj";415;21965;362;22327;NA;96480;777;2021-02-01;49141
2021-01-31;"Košický kraj";142;54154;609;54763;NA;96480;751;2021-01-31;48364
2021-01-30;"Košický kraj";320;76925;665;77590;NA;96480;985;2021-01-30;47613
2021-01-29;"Košický kraj";311;37130;466;37596;NA;96480;777;2021-01-29;46628
2021-01-28;"Košický kraj";540;9006;244;9250;NA;96480;784;2021-01-28;45851
2021-01-27;"Košický kraj";265;7575;211;7786;NA;96480;476;2021-01-27;45067
2021-01-26;"Košický kraj";530;14256;246;14502;NA;96480;776;2021-01-26;44591
2021-01-25;"Košický kraj";226;26430;413;26843;NA;96480;639;2021-01-25;43815
2021-01-24;"Košický kraj";150;44419;581;45000;NA;96480;731;2021-01-24;43176
2021-01-23;"Košický kraj";232;82705;857;83562;NA;96480;1089;2021-01-23;42445
2021-01-22;"Košický kraj";316;19997;265;20262;NA;96480;581;2021-01-22;41356
2021-01-21;"Košický kraj";274;14047;158;14205;NA;96480;432;2021-01-21;40775
2021-01-20;"Košický kraj";374;10843;201;11044;NA;96480;575;2021-01-20;40343
2021-01-19;"Košický kraj";248;9717;181;9898;NA;96480;429;2021-01-19;39768
2021-01-18;"Košický kraj";333;7659;262;7921;NA;96480;595;2021-01-18;39339
2021-01-17;"Košický kraj";155;535;14;549;NA;96480;169;2021-01-17;38744
2021-01-16;"Košický kraj";153;1403;47;1450;NA;96480;200;2021-01-16;38575
2021-01-15;"Košický kraj";308;6443;213;6656;NA;96480;521;2021-01-15;38375
2021-01-14;"Košický kraj";358;5471;221;5692;NA;96480;579;2021-01-14;37854
2021-01-13;"Košický kraj";421;4897;226;5123;NA;96480;647;2021-01-13;37275
2021-01-12;"Košický kraj";482;6689;258;6947;NA;96480;740;2021-01-12;36628
2021-01-11;"Košický kraj";309;7945;304;8249;NA;96480;613;2021-01-11;35888
2021-01-10;"Košický kraj";193;136;6;142;NA;96480;199;2021-01-10;35275
2021-01-09;"Košický kraj";469;1134;45;1179;NA;96480;514;2021-01-09;35076
2021-01-08;"Košický kraj";551;8222;388;8610;NA;96480;939;2021-01-08;34562
2021-01-07;"Košický kraj";251;6566;434;7000;NA;96480;685;2021-01-07;33623
2021-01-06;"Košický kraj";442;429;33;462;NA;96480;475;2021-01-06;32938
2021-01-05;"Košický kraj";584;8100;560;8660;NA;96480;1144;2021-01-05;32463
2021-01-04;"Košický kraj";407;7113;737;7850;NA;96480;1144;2021-01-04;31319
2021-01-03;"Košický kraj";118;661;22;683;NA;96480;140;2021-01-03;30175
2021-01-02;"Košický kraj";88;440;52;492;NA;96480;140;2021-01-02;30035
2021-01-01;"Košický kraj";398;725;49;774;NA;96480;447;2021-01-01;29895
2020-12-31;"Košický kraj";625;7877;461;8338;NA;96480;1086;2020-12-31;29448
2020-12-30;"Košický kraj";590;6477;412;6889;NA;96480;1002;2020-12-30;28362
2020-12-29;"Košický kraj";419;7573;605;8178;NA;96480;1024;2020-12-29;27360
2020-12-28;"Košický kraj";356;8296;804;9100;NA;96480;1160;2020-12-28;26336
2020-12-27;"Košický kraj";159;147;16;163;NA;96480;175;2020-12-27;25176
2020-12-26;"Košický kraj";163;274;23;297;NA;96480;186;2020-12-26;25001
2020-12-25;"Košický kraj";237;140;10;150;NA;96480;247;2020-12-25;24815
2020-12-24;"Košický kraj";564;1470;90;1560;NA;96480;654;2020-12-24;24568
2020-12-23;"Košický kraj";304;7942;354;8296;NA;96480;658;2020-12-23;23914
2020-12-22;"Košický kraj";438;7920;459;8379;NA;96480;897;2020-12-22;23256
2020-12-21;"Košický kraj";405;6984;509;7493;NA;96480;914;2020-12-21;22359
2020-12-20;"Košický kraj";215;73;11;84;NA;96480;226;2020-12-20;21445
2020-12-19;"Košický kraj";207;1309;63;1372;NA;96480;270;2020-12-19;21219
2020-12-18;"Košický kraj";310;8484;326;8810;NA;96480;636;2020-12-18;20949
2020-12-17;"Košický kraj";463;5292;255;5547;NA;96480;718;2020-12-17;20313
2020-12-16;"Košický kraj";455;5898;316;6214;NA;96480;771;2020-12-16;19595
2020-12-15;"Košický kraj";319;5086;338;5424;NA;96480;657;2020-12-15;18824
2020-12-14;"Košický kraj";256;3401;264;3665;NA;96480;520;2020-12-14;18167
2020-12-13;"Košický kraj";47;181;2;183;NA;96480;49;2020-12-13;17647
2020-12-12;"Košický kraj";369;1587;118;1705;NA;96480;487;2020-12-12;17598
2020-12-11;"Košický kraj";354;5461;258;5719;NA;96480;612;2020-12-11;17111
2020-12-10;"Košický kraj";283;4064;176;4240;NA;96480;459;2020-12-10;16499
2020-12-09;"Košický kraj";279;3786;166;3952;NA;96480;445;2020-12-09;16040
2020-12-08;"Košický kraj";226;4105;355;4460;NA;96480;581;2020-12-08;15595
2020-12-07;"Košický kraj";270;2383;106;2489;NA;96480;376;2020-12-07;15014
2020-12-06;"Košický kraj";121;97;20;117;NA;96480;141;2020-12-06;14638
2020-12-05;"Košický kraj";90;1096;48;1144;NA;96480;138;2020-12-05;14497
2020-12-04;"Košický kraj";224;2680;82;2762;NA;96480;306;2020-12-04;14359
2020-12-03;"Košický kraj";211;7717;173;7890;NA;96480;384;2020-12-03;14053
2020-12-02;"Košický kraj";193;8132;496;8628;NA;96480;689;2020-12-02;13669
2020-12-01;"Košický kraj";178;2237;124;2361;NA;96480;302;2020-12-01;12980
2020-11-30;"Košický kraj";171;3754;62;3816;NA;96480;233;2020-11-30;12678
2020-11-29;"Košický kraj";31;325;17;342;NA;96480;48;2020-11-29;12445
2020-11-28;"Košický kraj";69;721;52;773;NA;96480;121;2020-11-28;12397
2020-11-27;"Košický kraj";149;2921;78;2999;NA;96480;227;2020-11-27;12276
2020-11-26;"Košický kraj";239;1234;60;1294;NA;96480;299;2020-11-26;12049
2020-11-25;"Košický kraj";237;1785;123;1908;NA;96480;360;2020-11-25;11750
2020-11-24;"Košický kraj";196;1976;67;2043;NA;96480;263;2020-11-24;11390
2020-11-23;"Košický kraj";51;4115;63;4178;NA;96480;114;2020-11-23;11127
2020-11-22;"Košický kraj";57;57;5;62;NA;96480;62;2020-11-22;11013
2020-11-21;"Košický kraj";87;858;36;894;NA;96480;123;2020-11-21;10951
2020-11-20;"Košický kraj";176;3084;49;3133;NA;96480;225;2020-11-20;10828
2020-11-19;"Košický kraj";206;1736;48;1784;NA;96480;254;2020-11-19;10603
2020-11-18;"Košický kraj";122;532;17;549;NA;96480;139;2020-11-18;10349
2020-11-17;"Košický kraj";152;82;9;91;NA;96480;161;2020-11-17;10210
2020-11-16;"Košický kraj";114;596;27;623;NA;96480;141;2020-11-16;10049
2020-11-15;"Košický kraj";15;338;7;345;NA;96480;22;2020-11-15;9908
2020-11-14;"Košický kraj";234;520;12;532;NA;96480;246;2020-11-14;9886
2020-11-13;"Košický kraj";207;664;29;693;NA;96480;236;2020-11-13;9640
2020-11-12;"Košický kraj";192;736;13;749;NA;96480;205;2020-11-12;9404
2020-11-11;"Košický kraj";301;593;7;600;NA;96480;308;2020-11-11;9199
2020-11-10;"Košický kraj";190;541;11;552;NA;96480;201;2020-11-10;8891
2020-11-09;"Košický kraj";129;380;17;397;NA;96480;146;2020-11-09;8690
2020-11-08;"Košický kraj";78;1306;8;1314;NA;96480;86;2020-11-08;8544
2020-11-07;"Košický kraj";192;3909;22;3931;NA;96480;214;2020-11-07;8458
2020-11-06;"Košický kraj";195;5310;34;5344;NA;96480;229;2020-11-06;8244
2020-11-05;"Košický kraj";342;330;31;361;NA;96480;373;2020-11-05;8015
2020-11-04;"Košický kraj";101;154;6;160;NA;96480;107;2020-11-04;7642
2020-11-03;"Košický kraj";358;1122;13;1135;NA;96480;371;2020-11-03;7535
2020-11-02;"Košický kraj";111;6125;56;6181;NA;96480;167;2020-11-02;7164
2020-11-01;"Košický kraj";346;6522;34;6556;NA;96480;380;2020-11-01;6997
2020-10-31;"Košický kraj";82;14035;106;14141;NA;96480;188;2020-10-31;6617
2020-10-30;"Košický kraj";379;2835;27;2862;NA;96480;406;2020-10-30;6429
2020-10-29;"Košický kraj";333;983;13;996;NA;96480;346;2020-10-29;6023
2020-10-28;"Košický kraj";224;305;13;318;NA;96480;237;2020-10-28;5677
2020-10-27;"Košický kraj";386;439;21;460;NA;96480;407;2020-10-27;5440
2020-10-26;"Košický kraj";56;227;12;239;NA;96480;68;2020-10-26;5033
2020-10-25;"Košický kraj";154;79;2;81;NA;96480;156;2020-10-25;4965
2020-10-24;"Košický kraj";313;118;16;134;NA;96480;329;2020-10-24;4809
2020-10-23;"Košický kraj";315;331;8;339;NA;96480;323;2020-10-23;4480
2020-10-22;"Košický kraj";349;530;16;546;NA;96480;365;2020-10-22;4157
2020-10-21;"Košický kraj";129;84;2;86;NA;96480;131;2020-10-21;3792
2020-10-20;"Košický kraj";181;14;1;15;NA;96480;182;2020-10-20;3661
2020-10-19;"Košický kraj";64;38;1;39;NA;96480;65;2020-10-19;3479
2020-10-18;"Košický kraj";158;0;0;0;NA;96480;158;2020-10-18;3414
2020-10-17;"Košický kraj";142;0;0;0;NA;96480;142;2020-10-17;3256
2020-10-16;"Košický kraj";206;19;0;19;NA;96480;206;2020-10-16;3114
2020-10-15;"Košický kraj";177;19;5;24;NA;96480;182;2020-10-15;2908
2020-10-14;"Košický kraj";211;8;0;8;NA;96480;211;2020-10-14;2726
2020-10-13;"Košický kraj";179;80;3;83;NA;96480;182;2020-10-13;2515
2020-10-12;"Košický kraj";74;0;0;0;NA;96480;74;2020-10-12;2333
2020-10-11;"Košický kraj";121;0;0;0;NA;96480;121;2020-10-11;2259
2020-10-10;"Košický kraj";70;0;0;0;NA;96480;70;2020-10-10;2138
2020-10-09;"Košický kraj";188;0;0;0;NA;96480;188;2020-10-09;2068
2020-10-08;"Košický kraj";102;0;0;0;NA;96480;102;2020-10-08;1880
2020-10-07;"Košický kraj";158;0;0;0;NA;96480;158;2020-10-07;1778
2020-10-06;"Košický kraj";70;0;0;0;NA;96480;70;2020-10-06;1620
2020-10-05;"Košický kraj";39;0;0;0;NA;96480;39;2020-10-05;1550
2020-10-04;"Košický kraj";45;0;0;0;NA;96480;45;2020-10-04;1511
2020-10-03;"Košický kraj";105;0;0;0;NA;96480;105;2020-10-03;1466
2020-10-02;"Košický kraj";57;0;0;0;NA;96480;57;2020-10-02;1361
2020-10-01;"Košický kraj";69;0;0;0;NA;96480;69;2020-10-01;1304
2020-09-30;"Košický kraj";95;0;0;0;NA;96480;95;2020-09-30;1235
2020-09-29;"Košický kraj";75;0;0;0;NA;96480;75;2020-09-29;1140
2020-09-28;"Košický kraj";19;0;0;0;NA;96480;19;2020-09-28;1065
2020-09-27;"Košický kraj";21;0;0;0;NA;96480;21;2020-09-27;1046
2020-09-26;"Košický kraj";53;0;0;0;NA;96480;53;2020-09-26;1025
2020-09-25;"Košický kraj";72;0;0;0;NA;96480;72;2020-09-25;972
2020-09-24;"Košický kraj";35;0;0;0;NA;96480;35;2020-09-24;900
2020-09-23;"Košický kraj";23;0;0;0;NA;96480;23;2020-09-23;865
2020-09-22;"Košický kraj";39;0;0;0;NA;96480;39;2020-09-22;842
2020-09-21;"Košický kraj";5;0;0;0;NA;96480;5;2020-09-21;803
2020-09-20;"Košický kraj";3;0;0;0;NA;96480;3;2020-09-20;798
2020-09-19;"Košický kraj";13;0;0;0;NA;96480;13;2020-09-19;795
2020-09-18;"Košický kraj";20;0;0;0;NA;96480;20;2020-09-18;782
2020-09-17;"Košický kraj";22;0;0;0;NA;96480;22;2020-09-17;762
2020-09-16;"Košický kraj";12;0;0;0;NA;96480;12;2020-09-16;740
2020-09-15;"Košický kraj";10;0;0;0;NA;96480;10;2020-09-15;728
2020-09-14;"Košický kraj";6;0;0;0;NA;96480;6;2020-09-14;718
2020-09-13;"Košický kraj";3;0;0;0;NA;96480;3;2020-09-13;712
2020-09-12;"Košický kraj";16;0;0;0;NA;96480;16;2020-09-12;709
2020-09-11;"Košický kraj";20;0;0;0;NA;96480;20;2020-09-11;693
2020-09-10;"Košický kraj";11;0;0;0;NA;96480;11;2020-09-10;673
2020-09-09;"Košický kraj";37;0;0;0;NA;96480;37;2020-09-09;662
2020-09-08;"Košický kraj";10;0;0;0;NA;96480;10;2020-09-08;625
2020-09-07;"Košický kraj";4;0;0;0;NA;96480;4;2020-09-07;615
2020-09-06;"Košický kraj";2;0;0;0;NA;96480;2;2020-09-06;611
2020-09-05;"Košický kraj";10;0;0;0;NA;96480;10;2020-09-05;609
2020-09-04;"Košický kraj";14;0;0;0;NA;96480;14;2020-09-04;599
2020-09-03;"Košický kraj";22;0;0;0;NA;96480;22;2020-09-03;585
2020-09-02;"Košický kraj";13;0;0;0;NA;96480;13;2020-09-02;563
2020-09-01;"Košický kraj";21;0;0;0;NA;96480;21;2020-09-01;550
2020-08-31;"Košický kraj";9;0;0;0;NA;96480;9;2020-08-31;529
2020-08-30;"Košický kraj";21;0;0;0;NA;96480;21;2020-08-30;520
2020-08-29;"Košický kraj";1;0;0;0;NA;96480;1;2020-08-29;499
2020-08-28;"Košický kraj";19;0;0;0;NA;96480;19;2020-08-28;498
2020-08-27;"Košický kraj";15;0;0;0;NA;96480;15;2020-08-27;479
2020-08-26;"Košický kraj";8;0;0;0;NA;96480;8;2020-08-26;464
2020-08-25;"Košický kraj";23;0;0;0;NA;96480;23;2020-08-25;456
2020-08-24;"Košický kraj";6;0;0;0;NA;96480;6;2020-08-24;433
2020-08-23;"Košický kraj";8;0;0;0;NA;96480;8;2020-08-23;427
2020-08-22;"Košický kraj";13;0;0;0;NA;96480;13;2020-08-22;419
2020-08-21;"Košický kraj";10;0;0;0;NA;96480;10;2020-08-21;406
2020-08-20;"Košický kraj";10;0;0;0;NA;96480;10;2020-08-20;396
2020-08-19;"Košický kraj";3;0;0;0;NA;96480;3;2020-08-19;386
2020-08-18;"Košický kraj";7;0;0;0;NA;96480;7;2020-08-18;383
2020-08-17;"Košický kraj";2;0;0;0;NA;96480;2;2020-08-17;376
2020-08-16;"Košický kraj";2;0;0;0;NA;96480;2;2020-08-16;374
2020-08-15;"Košický kraj";3;0;0;0;NA;96480;3;2020-08-15;372
2020-08-14;"Košický kraj";1;0;0;0;NA;96480;1;2020-08-14;369
2020-08-13;"Košický kraj";3;0;0;0;NA;96480;3;2020-08-13;368
2020-08-12;"Košický kraj";12;0;0;0;NA;96480;12;2020-08-12;365
2020-08-11;"Košický kraj";5;0;0;0;NA;96480;5;2020-08-11;353
2020-08-10;"Košický kraj";1;0;0;0;NA;96480;1;2020-08-10;348
2020-08-09;"Košický kraj";0;0;0;0;NA;96480;0;2020-08-09;347
2020-08-08;"Košický kraj";5;0;0;0;NA;96480;5;2020-08-08;347
2020-08-07;"Košický kraj";7;0;0;0;NA;96480;7;2020-08-07;342
2020-08-06;"Košický kraj";3;0;0;0;NA;96480;3;2020-08-06;335
2020-08-05;"Košický kraj";4;0;0;0;NA;96480;4;2020-08-05;332
2020-08-04;"Košický kraj";1;0;0;0;NA;96480;1;2020-08-04;328
2020-08-03;"Košický kraj";1;0;0;0;NA;96480;1;2020-08-03;327
2020-08-02;"Košický kraj";0;0;0;0;NA;96480;0;2020-08-02;326
2020-08-01;"Košický kraj";0;0;0;0;NA;96480;0;2020-08-01;326
2020-07-31;"Košický kraj";0;0;0;0;NA;96480;0;2020-07-31;326
2020-07-30;"Košický kraj";2;0;0;0;NA;96480;2;2020-07-30;326
2020-07-29;"Košický kraj";1;0;0;0;NA;96480;1;2020-07-29;324
2020-07-28;"Košický kraj";9;0;0;0;NA;96480;9;2020-07-28;323
2020-07-27;"Košický kraj";4;0;0;0;NA;96480;4;2020-07-27;314
2020-07-26;"Košický kraj";0;0;0;0;NA;96480;0;2020-07-26;310
2020-07-25;"Košický kraj";2;0;0;0;NA;96480;2;2020-07-25;310
2020-07-24;"Košický kraj";2;0;0;0;NA;96480;2;2020-07-24;308
2020-07-23;"Košický kraj";1;0;0;0;NA;96480;1;2020-07-23;306
2020-07-22;"Košický kraj";1;0;0;0;NA;96480;1;2020-07-22;305
2020-07-21;"Košický kraj";0;0;0;0;NA;96480;0;2020-07-21;304
2020-07-20;"Košický kraj";0;0;0;0;NA;96480;0;2020-07-20;304
2020-07-19;"Košický kraj";0;0;0;0;NA;96480;0;2020-07-19;304
2020-07-18;"Košický kraj";1;0;0;0;NA;96480;1;2020-07-18;304
2020-07-17;"Košický kraj";1;0;0;0;NA;96480;1;2020-07-17;303
2020-07-16;"Košický kraj";0;0;0;0;NA;96480;0;2020-07-16;302
2020-07-15;"Košický kraj";2;0;0;0;NA;96480;2;2020-07-15;302
2020-07-14;"Košický kraj";1;0;0;0;NA;96480;1;2020-07-14;300
2020-07-13;"Košický kraj";1;0;0;0;NA;96480;1;2020-07-13;299
2020-07-12;"Košický kraj";0;0;0;0;NA;96480;0;2020-07-12;298
2020-07-11;"Košický kraj";0;0;0;0;NA;96480;0;2020-07-11;298
2020-07-10;"Košický kraj";1;0;0;0;NA;96480;1;2020-07-10;298
2020-07-09;"Košický kraj";1;0;0;0;NA;96480;1;2020-07-09;297
2020-07-08;"Košický kraj";12;0;0;0;NA;96480;12;2020-07-08;296
2020-07-07;"Košický kraj";0;0;0;0;NA;96480;0;2020-07-07;284
2020-07-06;"Košický kraj";0;0;0;0;NA;96480;0;2020-07-06;284
2020-07-05;"Košický kraj";0;0;0;0;NA;96480;0;2020-07-05;284
2020-07-04;"Košický kraj";0;0;0;0;NA;96480;0;2020-07-04;284
2020-07-03;"Košický kraj";1;0;0;0;NA;96480;1;2020-07-03;284
2020-07-02;"Košický kraj";0;0;0;0;NA;96480;0;2020-07-02;283
2020-07-01;"Košický kraj";1;0;0;0;NA;96480;1;2020-07-01;283
2020-06-30;"Košický kraj";0;0;0;0;NA;96480;0;2020-06-30;282
2020-06-29;"Košický kraj";0;0;0;0;NA;96480;0;2020-06-29;282
2020-06-28;"Košický kraj";0;0;0;0;NA;96480;0;2020-06-28;282
2020-06-27;"Košický kraj";0;0;0;0;NA;96480;0;2020-06-27;282
2020-06-26;"Košický kraj";0;0;0;0;NA;96480;0;2020-06-26;282
2020-06-25;"Košický kraj";3;0;0;0;NA;96480;3;2020-06-25;282
2020-06-24;"Košický kraj";3;0;0;0;NA;96480;3;2020-06-24;279
2020-06-23;"Košický kraj";3;0;0;0;NA;96480;3;2020-06-23;276
2020-06-22;"Košický kraj";0;0;0;0;NA;96480;0;2020-06-22;273
2020-06-21;"Košický kraj";0;0;0;0;NA;96480;0;2020-06-21;273
2020-06-20;"Košický kraj";0;0;0;0;NA;96480;0;2020-06-20;273
2020-06-19;"Košický kraj";0;0;0;0;NA;96480;0;2020-06-19;273
2020-06-18;"Košický kraj";1;0;0;0;NA;96480;1;2020-06-18;273
2020-06-17;"Košický kraj";0;0;0;0;NA;96480;0;2020-06-17;272
2020-06-16;"Košický kraj";2;0;0;0;NA;96480;2;2020-06-16;272
2020-06-14;"Košický kraj";0;0;0;0;NA;96480;0;2020-06-14;270
2020-06-13;"Košický kraj";0;0;0;0;NA;96480;0;2020-06-13;270
2020-06-12;"Košický kraj";0;0;0;0;NA;96480;0;2020-06-12;270
2020-06-11;"Košický kraj";0;0;0;0;NA;96480;0;2020-06-11;270
2020-06-10;"Košický kraj";6;0;0;0;NA;96480;6;2020-06-10;270
2020-06-09;"Košický kraj";0;0;0;0;NA;96480;0;2020-06-09;264
2020-06-08;"Košický kraj";0;0;0;0;NA;96480;0;2020-06-08;264
2020-06-07;"Košický kraj";2;0;0;0;NA;96480;2;2020-06-07;264
2020-06-05;"Košický kraj";0;0;0;0;NA;96480;0;2020-06-05;262
2020-06-03;"Košický kraj";0;0;0;0;NA;96480;0;2020-06-03;262
2020-06-02;"Košický kraj";1;0;0;0;NA;96480;1;2020-06-02;262
2020-05-31;"Košický kraj";0;0;0;0;NA;96480;0;2020-05-31;261
2020-05-29;"Košický kraj";1;0;0;0;NA;96480;1;2020-05-29;261
2020-05-27;"Košický kraj";0;0;0;0;NA;96480;0;2020-05-27;260
2020-05-26;"Košický kraj";1;0;0;0;NA;96480;1;2020-05-26;260
2020-05-25;"Košický kraj";1;0;0;0;NA;96480;1;2020-05-25;259
2020-05-24;"Košický kraj";0;0;0;0;NA;96480;0;2020-05-24;258
2020-05-23;"Košický kraj";0;0;0;0;NA;96480;0;2020-05-23;258
2020-05-22;"Košický kraj";0;0;0;0;NA;96480;0;2020-05-22;258
2020-05-21;"Košický kraj";0;0;0;0;NA;96480;0;2020-05-21;258
2020-05-20;"Košický kraj";3;0;0;0;NA;96480;3;2020-05-20;258
2020-05-19;"Košický kraj";0;0;0;0;NA;96480;0;2020-05-19;255
2020-05-17;"Košický kraj";1;0;0;0;NA;96480;1;2020-05-17;255
2020-05-16;"Košický kraj";1;0;0;0;NA;96480;1;2020-05-16;254
2020-05-15;"Košický kraj";10;0;0;0;NA;96480;10;2020-05-15;253
2020-05-14;"Košický kraj";1;0;0;0;NA;96480;1;2020-05-14;243
2020-05-13;"Košický kraj";6;0;0;0;NA;96480;6;2020-05-13;242
2020-05-12;"Košický kraj";0;0;0;0;NA;96480;0;2020-05-12;236
2020-05-11;"Košický kraj";0;0;0;0;NA;96480;0;2020-05-11;236
2020-05-09;"Košický kraj";0;0;0;0;NA;96480;0;2020-05-09;236
2020-05-07;"Košický kraj";0;0;0;0;NA;96480;0;2020-05-07;236
2020-05-06;"Košický kraj";1;0;0;0;NA;96480;1;2020-05-06;236
2020-05-05;"Košický kraj";0;0;0;0;NA;96480;0;2020-05-05;235
2020-05-04;"Košický kraj";0;0;0;0;NA;96480;0;2020-05-04;235
2020-05-03;"Košický kraj";0;0;0;0;NA;96480;0;2020-05-03;235
2020-05-02;"Košický kraj";1;0;0;0;NA;96480;1;2020-05-02;235
2020-05-01;"Košický kraj";0;0;0;0;NA;96480;0;2020-05-01;234
2020-04-30;"Košický kraj";1;0;0;0;NA;96480;1;2020-04-30;234
2020-04-29;"Košický kraj";1;0;0;0;NA;96480;1;2020-04-29;233
2020-04-28;"Košický kraj";1;0;0;0;NA;96480;1;2020-04-28;232
2020-04-27;"Košický kraj";1;0;0;0;NA;96480;1;2020-04-27;231
2020-04-26;"Košický kraj";0;0;0;0;NA;96480;0;2020-04-26;230
2020-04-25;"Košický kraj";0;0;0;0;NA;96480;0;2020-04-25;230
2020-04-24;"Košický kraj";3;0;0;0;NA;96480;3;2020-04-24;230
2020-04-23;"Košický kraj";4;0;0;0;NA;96480;4;2020-04-23;227
2020-04-22;"Košický kraj";21;0;0;0;NA;96480;21;2020-04-22;223
2020-04-21;"Košický kraj";4;0;0;0;NA;96480;4;2020-04-21;202
2020-04-20;"Košický kraj";0;0;0;0;NA;96480;0;2020-04-20;198
2020-04-19;"Košický kraj";1;0;0;0;NA;96480;1;2020-04-19;198
2020-04-18;"Košický kraj";2;0;0;0;NA;96480;2;2020-04-18;197
2020-04-17;"Košický kraj";7;0;0;0;NA;96480;7;2020-04-17;195
2020-04-16;"Košický kraj";29;0;0;0;NA;96480;29;2020-04-16;188
2020-04-15;"Košický kraj";50;0;0;0;NA;96480;50;2020-04-15;159
2020-04-14;"Košický kraj";4;0;0;0;NA;96480;4;2020-04-14;109
2020-04-13;"Košický kraj";5;0;0;0;NA;96480;5;2020-04-13;105
2020-04-12;"Košický kraj";4;0;0;0;NA;96480;4;2020-04-12;100
2020-04-11;"Košický kraj";2;0;0;0;NA;96480;2;2020-04-11;96
2020-04-10;"Košický kraj";1;0;0;0;NA;96480;1;2020-04-10;94
2020-04-09;"Košický kraj";4;0;0;0;NA;96480;4;2020-04-09;93
2020-04-08;"Košický kraj";5;2;0;2;NA;96480;5;2020-04-08;89
2020-04-07;"Košický kraj";34;0;0;0;NA;96480;34;2020-04-07;84
2020-04-06;"Košický kraj";6;0;0;0;NA;96480;6;2020-04-06;50
2020-04-05;"Košický kraj";4;0;0;0;NA;96480;4;2020-04-05;44
2020-04-04;"Košický kraj";5;0;0;0;NA;96480;5;2020-04-04;40
2020-04-03;"Košický kraj";4;0;0;0;NA;96480;4;2020-04-03;35
2020-04-02;"Košický kraj";3;0;0;0;NA;96480;3;2020-04-02;31
2020-04-01;"Košický kraj";3;0;0;0;NA;96480;3;2020-04-01;28
2020-03-31;"Košický kraj";1;0;0;0;NA;96480;1;2020-03-31;25
2020-03-30;"Košický kraj";5;0;0;0;NA;96480;5;2020-03-30;24
2020-03-29;"Košický kraj";0;0;0;0;NA;96480;0;2020-03-29;19
2020-03-28;"Košický kraj";1;0;0;0;NA;96480;1;2020-03-28;19
2020-03-27;"Košický kraj";1;0;0;0;NA;96480;1;2020-03-27;18
2020-03-26;"Košický kraj";3;0;0;0;NA;96480;3;2020-03-26;17
2020-03-25;"Košický kraj";2;0;0;0;NA;96480;2;2020-03-25;14
2020-03-24;"Košický kraj";0;0;0;0;NA;96480;0;2020-03-24;12
2020-03-23;"Košický kraj";2;0;0;0;NA;96480;2;2020-03-23;12
2020-03-22;"Košický kraj";0;0;0;0;NA;96480;0;2020-03-22;10
2020-03-21;"Košický kraj";3;0;0;0;NA;96480;3;2020-03-21;10
2020-03-20;"Košický kraj";1;0;0;0;NA;96480;1;2020-03-20;7
2020-03-19;"Košický kraj";0;0;0;0;NA;96480;0;2020-03-19;6
2020-03-18;"Košický kraj";0;0;0;0;NA;96480;0;2020-03-18;6
2020-03-17;"Košický kraj";0;0;0;0;NA;96480;0;2020-03-17;6
2020-03-16;"Košický kraj";3;0;0;0;NA;96480;3;2020-03-16;6
2020-03-15;"Košický kraj";1;0;0;0;NA;96480;1;2020-03-15;3
2020-03-14;"Košický kraj";0;0;0;0;NA;96480;0;2020-03-14;2
2020-03-13;"Košický kraj";2;0;0;0;NA;96480;2;2020-03-13;2
2020-03-12;"Košický kraj";0;0;0;0;NA;96480;0;2020-03-12;0
2020-03-11;"Košický kraj";0;0;0;0;NA;96480;0;2020-03-11;0
2020-03-09;"Košický kraj";1;0;0;0;NA;96480;1;2020-03-09;0
2020-03-08;"Košický kraj";0;0;0;0;NA;96480;0;2020-03-08;-1
2020-03-07;"Košický kraj";0;0;0;0;NA;96480;0;2020-03-07;-1
2020-03-06;"Košický kraj";0;0;0;0;NA;96480;0;2020-03-06;-1
2021-05-16;"Nitriansky kraj";4;13830;15;13845;38996;92107;19;2021-05-16;92107
2021-05-15;"Nitriansky kraj";5;24491;23;24514;NA;92107;28;2021-05-15;92088
2021-05-14;"Nitriansky kraj";18;12817;23;12840;NA;92107;41;2021-05-14;92060
2021-05-13;"Nitriansky kraj";24;7806;19;7825;NA;92107;43;2021-05-13;92019
2021-05-12;"Nitriansky kraj";10;7466;26;7492;NA;92107;36;2021-05-12;91976
2021-05-11;"Nitriansky kraj";36;7883;13;7896;NA;92107;49;2021-05-11;91940
2021-05-10;"Nitriansky kraj";16;13294;32;13326;NA;92107;48;2021-05-10;91891
2021-05-09;"Nitriansky kraj";8;21879;35;21914;NA;92107;43;2021-05-09;91843
2021-05-08;"Nitriansky kraj";0;23089;29;23118;NA;92107;29;2021-05-08;91800
2021-05-07;"Nitriansky kraj";32;14652;20;14672;NA;92107;52;2021-05-07;91771
2021-05-06;"Nitriansky kraj";30;9275;20;9295;NA;92107;50;2021-05-06;91719
2021-05-05;"Nitriansky kraj";19;8518;23;8541;NA;92107;42;2021-05-05;91669
2021-05-04;"Nitriansky kraj";46;8954;27;8981;NA;92107;73;2021-05-04;91627
2021-05-03;"Nitriansky kraj";32;14225;44;14269;NA;92107;76;2021-05-03;91554
2021-05-02;"Nitriansky kraj";4;31237;46;31283;NA;92107;50;2021-05-02;91478
2021-05-01;"Nitriansky kraj";23;57557;43;57600;NA;92107;66;2021-05-01;91428
2021-04-30;"Nitriansky kraj";28;31803;53;31856;NA;92107;81;2021-04-30;91362
2021-04-29;"Nitriansky kraj";27;13952;32;13984;NA;92107;59;2021-04-29;91281
2021-04-28;"Nitriansky kraj";36;14678;45;14723;NA;92107;81;2021-04-28;91222
2021-04-27;"Nitriansky kraj";51;13154;35;13189;NA;92107;86;2021-04-27;91141
2021-04-26;"Nitriansky kraj";38;21029;44;21073;NA;92107;82;2021-04-26;91055
2021-04-25;"Nitriansky kraj";7;43494;43;43537;NA;92107;50;2021-04-25;90973
2021-04-24;"Nitriansky kraj";23;90729;70;90799;NA;92107;93;2021-04-24;90923
2021-04-23;"Nitriansky kraj";54;34760;51;34811;NA;92107;105;2021-04-23;90830
2021-04-22;"Nitriansky kraj";32;15435;44;15479;NA;92107;76;2021-04-22;90725
2021-04-21;"Nitriansky kraj";38;14222;45;14267;NA;92107;83;2021-04-21;90649
2021-04-20;"Nitriansky kraj";67;16058;51;16109;NA;92107;118;2021-04-20;90566
2021-04-19;"Nitriansky kraj";35;24816;59;24875;NA;92107;94;2021-04-19;90448
2021-04-18;"Nitriansky kraj";0;39569;27;39596;NA;92107;27;2021-04-18;90354
2021-04-17;"Nitriansky kraj";34;90222;79;90301;NA;92107;113;2021-04-17;90327
2021-04-16;"Nitriansky kraj";46;32348;37;32385;NA;92107;83;2021-04-16;90214
2021-04-15;"Nitriansky kraj";75;15973;47;16020;NA;92107;122;2021-04-15;90131
2021-04-14;"Nitriansky kraj";43;14994;42;15036;NA;92107;85;2021-04-14;90009
2021-04-13;"Nitriansky kraj";110;14628;40;14668;NA;92107;150;2021-04-13;89924
2021-04-12;"Nitriansky kraj";29;21846;49;21895;NA;92107;78;2021-04-12;89774
2021-04-11;"Nitriansky kraj";1;37537;31;37568;NA;92107;32;2021-04-11;89696
2021-04-10;"Nitriansky kraj";35;93504;111;93615;NA;92107;146;2021-04-10;89664
2021-04-09;"Nitriansky kraj";69;30669;58;30727;NA;92107;127;2021-04-09;89518
2021-04-08;"Nitriansky kraj";71;15455;39;15494;NA;92107;110;2021-04-08;89391
2021-04-07;"Nitriansky kraj";64;18757;43;18800;NA;92107;107;2021-04-07;89281
2021-04-06;"Nitriansky kraj";65;32994;112;33106;NA;92107;177;2021-04-06;89174
2021-04-05;"Nitriansky kraj";37;12673;48;12721;NA;92107;85;2021-04-05;88997
2021-04-04;"Nitriansky kraj";5;17887;35;17922;NA;92107;40;2021-04-04;88912
2021-04-03;"Nitriansky kraj";26;85465;153;85618;NA;92107;179;2021-04-03;88872
2021-04-02;"Nitriansky kraj";32;18591;46;18637;NA;92107;78;2021-04-02;88693
2021-04-01;"Nitriansky kraj";63;24610;83;24693;NA;92107;146;2021-04-01;88615
2021-03-31;"Nitriansky kraj";73;21752;94;21846;NA;92107;167;2021-03-31;88469
2021-03-30;"Nitriansky kraj";125;17044;83;17127;NA;92107;208;2021-03-30;88302
2021-03-29;"Nitriansky kraj";81;25139;99;25238;NA;92107;180;2021-03-29;88094
2021-03-28;"Nitriansky kraj";6;45581;106;45687;NA;92107;112;2021-03-28;87914
2021-03-27;"Nitriansky kraj";39;103659;174;103833;NA;92107;213;2021-03-27;87802
2021-03-26;"Nitriansky kraj";90;40444;115;40559;NA;92107;205;2021-03-26;87589
2021-03-25;"Nitriansky kraj";95;19149;94;19243;NA;92107;189;2021-03-25;87384
2021-03-24;"Nitriansky kraj";90;14784;91;14875;NA;92107;181;2021-03-24;87195
2021-03-23;"Nitriansky kraj";167;16753;66;16819;NA;92107;233;2021-03-23;87014
2021-03-22;"Nitriansky kraj";101;23699;124;23823;NA;92107;225;2021-03-22;86781
2021-03-21;"Nitriansky kraj";27;42318;99;42417;NA;92107;126;2021-03-21;86556
2021-03-20;"Nitriansky kraj";36;99816;207;100023;NA;92107;243;2021-03-20;86430
2021-03-19;"Nitriansky kraj";76;37115;101;37216;NA;92107;177;2021-03-19;86187
2021-03-18;"Nitriansky kraj";103;20051;113;20164;NA;92107;216;2021-03-18;86010
2021-03-17;"Nitriansky kraj";87;15832;127;15959;NA;92107;214;2021-03-17;85794
2021-03-16;"Nitriansky kraj";172;18085;121;18206;NA;92107;293;2021-03-16;85580
2021-03-15;"Nitriansky kraj";130;24491;165;24656;NA;92107;295;2021-03-15;85287
2021-03-14;"Nitriansky kraj";3;45758;107;45865;NA;92107;110;2021-03-14;84992
2021-03-13;"Nitriansky kraj";65;112081;241;112322;NA;92107;306;2021-03-13;84882
2021-03-12;"Nitriansky kraj";127;40776;159;40935;NA;92107;286;2021-03-12;84576
2021-03-11;"Nitriansky kraj";131;18685;130;18815;NA;92107;261;2021-03-11;84290
2021-03-10;"Nitriansky kraj";96;17422;143;17565;NA;92107;239;2021-03-10;84029
2021-03-09;"Nitriansky kraj";260;17645;149;17794;NA;92107;409;2021-03-09;83790
2021-03-08;"Nitriansky kraj";145;27214;172;27386;NA;92107;317;2021-03-08;83381
2021-03-07;"Nitriansky kraj";48;46867;185;47052;NA;92107;233;2021-03-07;83064
2021-03-06;"Nitriansky kraj";86;110858;326;111184;NA;92107;412;2021-03-06;82831
2021-03-05;"Nitriansky kraj";133;39068;200;39268;NA;92107;333;2021-03-05;82419
2021-03-04;"Nitriansky kraj";176;18206;173;18379;NA;92107;349;2021-03-04;82086
2021-03-03;"Nitriansky kraj";172;17210;177;17387;NA;92107;349;2021-03-03;81737
2021-03-02;"Nitriansky kraj";274;20999;366;21365;NA;92107;640;2021-03-02;81388
2021-03-01;"Nitriansky kraj";133;27881;279;28160;NA;92107;412;2021-03-01;80748
2021-02-28;"Nitriansky kraj";80;40866;218;41084;NA;92107;298;2021-02-28;80336
2021-02-27;"Nitriansky kraj";101;106352;496;106848;NA;92107;597;2021-02-27;80038
2021-02-26;"Nitriansky kraj";109;36722;306;37028;NA;92107;415;2021-02-26;79441
2021-02-25;"Nitriansky kraj";188;15235;212;15447;NA;92107;400;2021-02-25;79026
2021-02-24;"Nitriansky kraj";125;13833;260;14093;NA;92107;385;2021-02-24;78626
2021-02-23;"Nitriansky kraj";273;15296;271;15567;NA;92107;544;2021-02-23;78241
2021-02-22;"Nitriansky kraj";154;26466;330;26796;NA;92107;484;2021-02-22;77697
2021-02-21;"Nitriansky kraj";22;43657;320;43977;NA;92107;342;2021-02-21;77213
2021-02-20;"Nitriansky kraj";128;108304;584;108888;NA;92107;712;2021-02-20;76871
2021-02-19;"Nitriansky kraj";173;36849;328;37177;NA;92107;501;2021-02-19;76159
2021-02-18;"Nitriansky kraj";202;17051;275;17326;NA;92107;477;2021-02-18;75658
2021-02-17;"Nitriansky kraj";198;12080;310;12390;NA;92107;508;2021-02-17;75181
2021-02-16;"Nitriansky kraj";284;14477;282;14759;NA;92107;566;2021-02-16;74673
2021-02-15;"Nitriansky kraj";122;27620;471;28091;NA;92107;593;2021-02-15;74107
2021-02-14;"Nitriansky kraj";8;50408;318;50726;NA;92107;326;2021-02-14;73514
2021-02-13;"Nitriansky kraj";127;110035;689;110724;NA;92107;816;2021-02-13;73188
2021-02-12;"Nitriansky kraj";162;33400;407;33807;NA;92107;569;2021-02-12;72372
2021-02-11;"Nitriansky kraj";195;12406;270;12676;NA;92107;465;2021-02-11;71803
2021-02-10;"Nitriansky kraj";186;17632;644;18276;NA;92107;830;2021-02-10;71338
2021-02-09;"Nitriansky kraj";260;18523;385;18908;NA;92107;645;2021-02-09;70508
2021-02-08;"Nitriansky kraj";177;37534;569;38103;NA;92107;746;2021-02-08;69863
2021-02-07;"Nitriansky kraj";20;52307;513;52820;NA;92107;533;2021-02-07;69117
2021-02-06;"Nitriansky kraj";129;101942;765;102707;NA;92107;894;2021-02-06;68584
2021-02-05;"Nitriansky kraj";244;26144;491;26635;NA;92107;735;2021-02-05;67690
2021-02-04;"Nitriansky kraj";308;15681;512;16193;NA;92107;820;2021-02-04;66955
2021-02-03;"Nitriansky kraj";191;13372;372;13744;NA;92107;563;2021-02-03;66135
2021-02-02;"Nitriansky kraj";327;17878;382;18260;NA;92107;709;2021-02-02;65572
2021-02-01;"Nitriansky kraj";221;24049;460;24509;NA;92107;681;2021-02-01;64863
2021-01-31;"Nitriansky kraj";9;45339;496;45835;NA;92107;505;2021-01-31;64182
2021-01-30;"Nitriansky kraj";152;98142;1077;99219;NA;92107;1229;2021-01-30;63677
2021-01-29;"Nitriansky kraj";302;22461;477;22938;NA;92107;779;2021-01-29;62448
2021-01-28;"Nitriansky kraj";269;11370;398;11768;NA;92107;667;2021-01-28;61669
2021-01-27;"Nitriansky kraj";235;6760;299;7059;NA;92107;534;2021-01-27;61002
2021-01-26;"Nitriansky kraj";345;16045;454;16499;NA;92107;799;2021-01-26;60468
2021-01-25;"Nitriansky kraj";201;21729;429;22158;NA;92107;630;2021-01-25;59669
2021-01-24;"Nitriansky kraj";12;78775;889;79664;NA;92107;901;2021-01-24;59039
2021-01-23;"Nitriansky kraj";277;97395;1434;98829;NA;92107;1711;2021-01-23;58138
2021-01-22;"Nitriansky kraj";139;35826;619;36445;NA;92107;758;2021-01-22;56427
2021-01-21;"Nitriansky kraj";305;14649;412;15061;NA;92107;717;2021-01-21;55669
2021-01-20;"Nitriansky kraj";326;11991;625;12616;NA;92107;951;2021-01-20;54952
2021-01-19;"Nitriansky kraj";344;11022;633;11655;NA;92107;977;2021-01-19;54001
2021-01-18;"Nitriansky kraj";367;8902;520;9422;NA;92107;887;2021-01-18;53024
2021-01-17;"Nitriansky kraj";97;15061;275;15336;NA;92107;372;2021-01-17;52137
2021-01-16;"Nitriansky kraj";64;36838;679;37517;NA;92107;743;2021-01-16;51765
2021-01-15;"Nitriansky kraj";373;15940;474;16414;NA;92107;847;2021-01-15;51022
2021-01-14;"Nitriansky kraj";627;10577;452;11029;NA;92107;1079;2021-01-14;50175
2021-01-13;"Nitriansky kraj";663;9234;484;9718;NA;92107;1147;2021-01-13;49096
2021-01-12;"Nitriansky kraj";642;9014;557;9571;NA;92107;1199;2021-01-12;47949
2021-01-11;"Nitriansky kraj";422;8625;556;9181;NA;92107;978;2021-01-11;46750
2021-01-10;"Nitriansky kraj";44;19841;730;20571;NA;92107;774;2021-01-10;45772
2021-01-09;"Nitriansky kraj";532;36823;1071;37894;NA;92107;1603;2021-01-09;44998
2021-01-08;"Nitriansky kraj";817;14297;711;15008;NA;92107;1528;2021-01-08;43395
2021-01-07;"Nitriansky kraj";438;10820;823;11643;NA;92107;1261;2021-01-07;41867
2021-01-06;"Nitriansky kraj";259;3192;197;3389;NA;92107;456;2021-01-06;40606
2021-01-05;"Nitriansky kraj";732;8901;1202;10103;NA;92107;1934;2021-01-05;40150
2021-01-04;"Nitriansky kraj";362;8692;1329;10021;NA;92107;1691;2021-01-04;38216
2021-01-03;"Nitriansky kraj";42;84;20;104;NA;92107;62;2021-01-03;36525
2021-01-02;"Nitriansky kraj";249;1090;26;1116;NA;92107;275;2021-01-02;36463
2021-01-01;"Nitriansky kraj";119;781;95;876;NA;92107;214;2021-01-01;36188
2020-12-31;"Nitriansky kraj";786;7646;962;8608;NA;92107;1748;2020-12-31;35974
2020-12-30;"Nitriansky kraj";1094;9619;1165;10784;NA;92107;2259;2020-12-30;34226
2020-12-29;"Nitriansky kraj";607;8277;1286;9563;NA;92107;1893;2020-12-29;31967
2020-12-28;"Nitriansky kraj";83;6981;1271;8252;NA;92107;1354;2020-12-28;30074
2020-12-27;"Nitriansky kraj";22;60;8;68;NA;92107;30;2020-12-27;28720
2020-12-26;"Nitriansky kraj";54;297;56;353;NA;92107;110;2020-12-26;28690
2020-12-25;"Nitriansky kraj";35;60;11;71;NA;92107;46;2020-12-25;28580
2020-12-24;"Nitriansky kraj";514;1861;176;2037;NA;92107;690;2020-12-24;28534
2020-12-23;"Nitriansky kraj";349;15295;843;16138;NA;92107;1192;2020-12-23;27844
2020-12-22;"Nitriansky kraj";673;10989;994;11983;NA;92107;1667;2020-12-22;26652
2020-12-21;"Nitriansky kraj";128;7953;976;8929;NA;92107;1104;2020-12-21;24985
2020-12-20;"Nitriansky kraj";77;50;10;60;NA;92107;87;2020-12-20;23881
2020-12-19;"Nitriansky kraj";262;2259;159;2418;NA;92107;421;2020-12-19;23794
2020-12-18;"Nitriansky kraj";512;8437;551;8988;NA;92107;1063;2020-12-18;23373
2020-12-17;"Nitriansky kraj";586;6894;514;7408;NA;92107;1100;2020-12-17;22310
2020-12-16;"Nitriansky kraj";357;8785;546;9331;NA;92107;903;2020-12-16;21210
2020-12-15;"Nitriansky kraj";461;9365;769;10134;NA;92107;1230;2020-12-15;20307
2020-12-14;"Nitriansky kraj";217;8089;827;8916;NA;92107;1044;2020-12-14;19077
2020-12-13;"Nitriansky kraj";12;69;6;75;NA;92107;18;2020-12-13;18033
2020-12-12;"Nitriansky kraj";341;1832;125;1957;NA;92107;466;2020-12-12;18015
2020-12-11;"Nitriansky kraj";409;5431;416;5847;NA;92107;825;2020-12-11;17549
2020-12-10;"Nitriansky kraj";360;5473;351;5824;NA;92107;711;2020-12-10;16724
2020-12-09;"Nitriansky kraj";362;5506;529;6035;NA;92107;891;2020-12-09;16013
2020-12-08;"Nitriansky kraj";340;8100;546;8646;NA;92107;886;2020-12-08;15122
2020-12-07;"Nitriansky kraj";139;6243;573;6816;NA;92107;712;2020-12-07;14236
2020-12-06;"Nitriansky kraj";15;89;4;93;NA;92107;19;2020-12-06;13524
2020-12-05;"Nitriansky kraj";136;1388;19;1407;NA;92107;155;2020-12-05;13505
2020-12-04;"Nitriansky kraj";232;2884;74;2958;NA;92107;306;2020-12-04;13350
2020-12-03;"Nitriansky kraj";248;2471;110;2581;NA;92107;358;2020-12-03;13044
2020-12-02;"Nitriansky kraj";252;3733;163;3896;NA;92107;415;2020-12-02;12686
2020-12-01;"Nitriansky kraj";331;2891;131;3022;NA;92107;462;2020-12-01;12271
2020-11-30;"Nitriansky kraj";91;4228;188;4416;NA;92107;279;2020-11-30;11809
2020-11-29;"Nitriansky kraj";3;634;42;676;NA;92107;45;2020-11-29;11530
2020-11-28;"Nitriansky kraj";135;892;31;923;NA;92107;166;2020-11-28;11485
2020-11-27;"Nitriansky kraj";177;2069;73;2142;NA;92107;250;2020-11-27;11319
2020-11-26;"Nitriansky kraj";191;2813;80;2893;NA;92107;271;2020-11-26;11069
2020-11-25;"Nitriansky kraj";325;2478;91;2569;NA;92107;416;2020-11-25;10798
2020-11-24;"Nitriansky kraj";147;1641;64;1705;NA;92107;211;2020-11-24;10382
2020-11-23;"Nitriansky kraj";102;9891;212;10103;NA;92107;314;2020-11-23;10171
2020-11-22;"Nitriansky kraj";7;1176;25;1201;NA;92107;32;2020-11-22;9857
2020-11-21;"Nitriansky kraj";86;1083;38;1121;NA;92107;124;2020-11-21;9825
2020-11-20;"Nitriansky kraj";264;4180;103;4283;NA;92107;367;2020-11-20;9701
2020-11-19;"Nitriansky kraj";185;3065;134;3199;NA;92107;319;2020-11-19;9334
2020-11-18;"Nitriansky kraj";188;2214;79;2293;NA;92107;267;2020-11-18;9015
2020-11-17;"Nitriansky kraj";178;596;29;625;NA;92107;207;2020-11-17;8748
2020-11-16;"Nitriansky kraj";139;1877;75;1952;NA;92107;214;2020-11-16;8541
2020-11-15;"Nitriansky kraj";14;180;5;185;NA;92107;19;2020-11-15;8327
2020-11-14;"Nitriansky kraj";114;1131;32;1163;NA;92107;146;2020-11-14;8308
2020-11-13;"Nitriansky kraj";210;936;46;982;NA;92107;256;2020-11-13;8162
2020-11-12;"Nitriansky kraj";256;1195;35;1230;NA;92107;291;2020-11-12;7906
2020-11-11;"Nitriansky kraj";279;1247;22;1269;NA;92107;301;2020-11-11;7615
2020-11-10;"Nitriansky kraj";192;2623;39;2662;NA;92107;231;2020-11-10;7314
2020-11-09;"Nitriansky kraj";128;3136;43;3179;NA;92107;171;2020-11-09;7083
2020-11-08;"Nitriansky kraj";43;1462;32;1494;NA;92107;75;2020-11-08;6912
2020-11-07;"Nitriansky kraj";130;1046;4;1050;NA;92107;134;2020-11-07;6837
2020-11-06;"Nitriansky kraj";210;2264;32;2296;NA;92107;242;2020-11-06;6703
2020-11-05;"Nitriansky kraj";178;313;14;327;NA;92107;192;2020-11-05;6461
2020-11-04;"Nitriansky kraj";211;297;16;313;NA;92107;227;2020-11-04;6269
2020-11-03;"Nitriansky kraj";216;435;25;460;NA;92107;241;2020-11-03;6042
2020-11-02;"Nitriansky kraj";171;4208;46;4254;NA;92107;217;2020-11-02;5801
2020-11-01;"Nitriansky kraj";130;2546;27;2573;NA;92107;157;2020-11-01;5584
2020-10-31;"Nitriansky kraj";261;10572;134;10706;NA;92107;395;2020-10-31;5427
2020-10-30;"Nitriansky kraj";204;2661;44;2705;NA;92107;248;2020-10-30;5032
2020-10-29;"Nitriansky kraj";293;841;39;880;NA;92107;332;2020-10-29;4784
2020-10-28;"Nitriansky kraj";216;608;59;667;NA;92107;275;2020-10-28;4452
2020-10-27;"Nitriansky kraj";296;550;47;597;NA;92107;343;2020-10-27;4177
2020-10-26;"Nitriansky kraj";69;633;56;689;NA;92107;125;2020-10-26;3834
2020-10-25;"Nitriansky kraj";50;62;8;70;NA;92107;58;2020-10-25;3709
2020-10-24;"Nitriansky kraj";169;237;11;248;NA;92107;180;2020-10-24;3651
2020-10-23;"Nitriansky kraj";282;762;41;803;NA;92107;323;2020-10-23;3471
2020-10-22;"Nitriansky kraj";137;444;39;483;NA;92107;176;2020-10-22;3148
2020-10-21;"Nitriansky kraj";146;208;3;211;NA;92107;149;2020-10-21;2972
2020-10-20;"Nitriansky kraj";197;78;6;84;NA;92107;203;2020-10-20;2823
2020-10-19;"Nitriansky kraj";148;79;1;80;NA;92107;149;2020-10-19;2620
2020-10-18;"Nitriansky kraj";22;0;0;0;NA;92107;22;2020-10-18;2471
2020-10-17;"Nitriansky kraj";67;0;0;0;NA;92107;67;2020-10-17;2449
2020-10-16;"Nitriansky kraj";133;28;3;31;NA;92107;136;2020-10-16;2382
2020-10-15;"Nitriansky kraj";106;31;2;33;NA;92107;108;2020-10-15;2246
2020-10-14;"Nitriansky kraj";80;22;4;26;NA;92107;84;2020-10-14;2138
2020-10-13;"Nitriansky kraj";101;82;2;84;NA;92107;103;2020-10-13;2054
2020-10-12;"Nitriansky kraj";36;0;0;0;NA;92107;36;2020-10-12;1951
2020-10-11;"Nitriansky kraj";8;0;0;0;NA;92107;8;2020-10-11;1915
2020-10-10;"Nitriansky kraj";107;0;0;0;NA;92107;107;2020-10-10;1907
2020-10-09;"Nitriansky kraj";120;0;0;0;NA;92107;120;2020-10-09;1800
2020-10-08;"Nitriansky kraj";132;0;0;0;NA;92107;132;2020-10-08;1680
2020-10-07;"Nitriansky kraj";81;0;0;0;NA;92107;81;2020-10-07;1548
2020-10-06;"Nitriansky kraj";48;0;0;0;NA;92107;48;2020-10-06;1467
2020-10-05;"Nitriansky kraj";20;0;0;0;NA;92107;20;2020-10-05;1419
2020-10-04;"Nitriansky kraj";17;0;0;0;NA;92107;17;2020-10-04;1399
2020-10-03;"Nitriansky kraj";96;0;0;0;NA;92107;96;2020-10-03;1382
2020-10-02;"Nitriansky kraj";108;0;0;0;NA;92107;108;2020-10-02;1286
2020-10-01;"Nitriansky kraj";95;0;0;0;NA;92107;95;2020-10-01;1178
2020-09-30;"Nitriansky kraj";100;0;0;0;NA;92107;100;2020-09-30;1083
2020-09-29;"Nitriansky kraj";50;0;0;0;NA;92107;50;2020-09-29;983
2020-09-28;"Nitriansky kraj";22;0;0;0;NA;92107;22;2020-09-28;933
2020-09-27;"Nitriansky kraj";16;0;0;0;NA;92107;16;2020-09-27;911
2020-09-26;"Nitriansky kraj";64;0;0;0;NA;92107;64;2020-09-26;895
2020-09-25;"Nitriansky kraj";90;0;0;0;NA;92107;90;2020-09-25;831
2020-09-24;"Nitriansky kraj";51;0;0;0;NA;92107;51;2020-09-24;741
2020-09-23;"Nitriansky kraj";70;0;0;0;NA;92107;70;2020-09-23;690
2020-09-22;"Nitriansky kraj";18;0;0;0;NA;92107;18;2020-09-22;620
2020-09-21;"Nitriansky kraj";10;0;0;0;NA;92107;10;2020-09-21;602
2020-09-20;"Nitriansky kraj";4;0;0;0;NA;92107;4;2020-09-20;592
2020-09-19;"Nitriansky kraj";14;0;0;0;NA;92107;14;2020-09-19;588
2020-09-18;"Nitriansky kraj";19;0;0;0;NA;92107;19;2020-09-18;574
2020-09-17;"Nitriansky kraj";30;0;0;0;NA;92107;30;2020-09-17;555
2020-09-16;"Nitriansky kraj";6;0;0;0;NA;92107;6;2020-09-16;525
2020-09-15;"Nitriansky kraj";19;0;0;0;NA;92107;19;2020-09-15;519
2020-09-14;"Nitriansky kraj";28;0;0;0;NA;92107;28;2020-09-14;500
2020-09-13;"Nitriansky kraj";3;0;0;0;NA;92107;3;2020-09-13;472
2020-09-12;"Nitriansky kraj";12;0;0;0;NA;92107;12;2020-09-12;469
2020-09-11;"Nitriansky kraj";23;0;0;0;NA;92107;23;2020-09-11;457
2020-09-10;"Nitriansky kraj";29;0;0;0;NA;92107;29;2020-09-10;434
2020-09-09;"Nitriansky kraj";19;0;0;0;NA;92107;19;2020-09-09;405
2020-09-08;"Nitriansky kraj";17;0;0;0;NA;92107;17;2020-09-08;386
2020-09-07;"Nitriansky kraj";17;0;0;0;NA;92107;17;2020-09-07;369
2020-09-06;"Nitriansky kraj";0;0;0;0;NA;92107;0;2020-09-06;352
2020-09-05;"Nitriansky kraj";22;0;0;0;NA;92107;22;2020-09-05;352
2020-09-04;"Nitriansky kraj";34;0;0;0;NA;92107;34;2020-09-04;330
2020-09-03;"Nitriansky kraj";15;0;0;0;NA;92107;15;2020-09-03;296
2020-09-02;"Nitriansky kraj";15;0;0;0;NA;92107;15;2020-09-02;281
2020-09-01;"Nitriansky kraj";2;0;0;0;NA;92107;2;2020-09-01;266
2020-08-31;"Nitriansky kraj";12;0;0;0;NA;92107;12;2020-08-31;264
2020-08-30;"Nitriansky kraj";1;0;0;0;NA;92107;1;2020-08-30;252
2020-08-29;"Nitriansky kraj";7;0;0;0;NA;92107;7;2020-08-29;251
2020-08-28;"Nitriansky kraj";12;0;0;0;NA;92107;12;2020-08-28;244
2020-08-27;"Nitriansky kraj";12;0;0;0;NA;92107;12;2020-08-27;232
2020-08-26;"Nitriansky kraj";4;0;0;0;NA;92107;4;2020-08-26;220
2020-08-25;"Nitriansky kraj";8;0;0;0;NA;92107;8;2020-08-25;216
2020-08-24;"Nitriansky kraj";1;0;0;0;NA;92107;1;2020-08-24;208
2020-08-23;"Nitriansky kraj";1;0;0;0;NA;92107;1;2020-08-23;207
2020-08-22;"Nitriansky kraj";2;0;0;0;NA;92107;2;2020-08-22;206
2020-08-21;"Nitriansky kraj";0;0;0;0;NA;92107;0;2020-08-21;204
2020-08-20;"Nitriansky kraj";7;0;0;0;NA;92107;7;2020-08-20;204
2020-08-19;"Nitriansky kraj";1;0;0;0;NA;92107;1;2020-08-19;197
2020-08-18;"Nitriansky kraj";2;0;0;0;NA;92107;2;2020-08-18;196
2020-08-17;"Nitriansky kraj";1;0;0;0;NA;92107;1;2020-08-17;194
2020-08-16;"Nitriansky kraj";0;0;0;0;NA;92107;0;2020-08-16;193
2020-08-15;"Nitriansky kraj";2;0;0;0;NA;92107;2;2020-08-15;193
2020-08-14;"Nitriansky kraj";1;0;0;0;NA;92107;1;2020-08-14;191
2020-08-13;"Nitriansky kraj";4;0;0;0;NA;92107;4;2020-08-13;190
2020-08-12;"Nitriansky kraj";0;0;0;0;NA;92107;0;2020-08-12;186
2020-08-11;"Nitriansky kraj";1;0;0;0;NA;92107;1;2020-08-11;186
2020-08-10;"Nitriansky kraj";0;0;0;0;NA;92107;0;2020-08-10;185
2020-08-09;"Nitriansky kraj";0;0;0;0;NA;92107;0;2020-08-09;185
2020-08-08;"Nitriansky kraj";0;0;0;0;NA;92107;0;2020-08-08;185
2020-08-07;"Nitriansky kraj";4;0;0;0;NA;92107;4;2020-08-07;185
2020-08-06;"Nitriansky kraj";4;0;0;0;NA;92107;4;2020-08-06;181
2020-08-05;"Nitriansky kraj";0;0;0;0;NA;92107;0;2020-08-05;177
2020-08-04;"Nitriansky kraj";7;0;0;0;NA;92107;7;2020-08-04;177
2020-08-03;"Nitriansky kraj";0;0;0;0;NA;92107;0;2020-08-03;170
2020-08-02;"Nitriansky kraj";0;0;0;0;NA;92107;0;2020-08-02;170
2020-08-01;"Nitriansky kraj";0;0;0;0;NA;92107;0;2020-08-01;170
2020-07-31;"Nitriansky kraj";0;0;0;0;NA;92107;0;2020-07-31;170
2020-07-30;"Nitriansky kraj";0;0;0;0;NA;92107;0;2020-07-30;170
2020-07-29;"Nitriansky kraj";0;0;0;0;NA;92107;0;2020-07-29;170
2020-07-28;"Nitriansky kraj";0;0;0;0;NA;92107;0;2020-07-28;170
2020-07-27;"Nitriansky kraj";0;0;0;0;NA;92107;0;2020-07-27;170
2020-07-26;"Nitriansky kraj";0;0;0;0;NA;92107;0;2020-07-26;170
2020-07-25;"Nitriansky kraj";0;0;0;0;NA;92107;0;2020-07-25;170
2020-07-24;"Nitriansky kraj";1;0;0;0;NA;92107;1;2020-07-24;170
2020-07-23;"Nitriansky kraj";3;0;0;0;NA;92107;3;2020-07-23;169
2020-07-22;"Nitriansky kraj";2;0;0;0;NA;92107;2;2020-07-22;166
2020-07-21;"Nitriansky kraj";14;0;0;0;NA;92107;14;2020-07-21;164
2020-07-20;"Nitriansky kraj";11;0;0;0;NA;92107;11;2020-07-20;150
2020-07-19;"Nitriansky kraj";0;0;0;0;NA;92107;0;2020-07-19;139
2020-07-18;"Nitriansky kraj";0;0;0;0;NA;92107;0;2020-07-18;139
2020-07-17;"Nitriansky kraj";0;0;0;0;NA;92107;0;2020-07-17;139
2020-07-16;"Nitriansky kraj";4;0;0;0;NA;92107;4;2020-07-16;139
2020-07-15;"Nitriansky kraj";5;0;0;0;NA;92107;5;2020-07-15;135
2020-07-14;"Nitriansky kraj";0;0;0;0;NA;92107;0;2020-07-14;130
2020-07-13;"Nitriansky kraj";0;0;0;0;NA;92107;0;2020-07-13;130
2020-07-12;"Nitriansky kraj";0;0;0;0;NA;92107;0;2020-07-12;130
2020-07-11;"Nitriansky kraj";0;0;0;0;NA;92107;0;2020-07-11;130
2020-07-10;"Nitriansky kraj";0;0;0;0;NA;92107;0;2020-07-10;130
2020-07-09;"Nitriansky kraj";1;0;0;0;NA;92107;1;2020-07-09;130
2020-07-08;"Nitriansky kraj";2;0;0;0;NA;92107;2;2020-07-08;129
2020-07-07;"Nitriansky kraj";0;0;0;0;NA;92107;0;2020-07-07;127
2020-07-06;"Nitriansky kraj";0;0;0;0;NA;92107;0;2020-07-06;127
2020-07-05;"Nitriansky kraj";0;0;0;0;NA;92107;0;2020-07-05;127
2020-07-04;"Nitriansky kraj";0;0;0;0;NA;92107;0;2020-07-04;127
2020-07-03;"Nitriansky kraj";0;0;0;0;NA;92107;0;2020-07-03;127
2020-07-02;"Nitriansky kraj";0;0;0;0;NA;92107;0;2020-07-02;127
2020-07-01;"Nitriansky kraj";3;0;0;0;NA;92107;3;2020-07-01;127
2020-06-30;"Nitriansky kraj";0;0;0;0;NA;92107;0;2020-06-30;124
2020-06-29;"Nitriansky kraj";0;0;0;0;NA;92107;0;2020-06-29;124
2020-06-28;"Nitriansky kraj";0;0;0;0;NA;92107;0;2020-06-28;124
2020-06-27;"Nitriansky kraj";0;0;0;0;NA;92107;0;2020-06-27;124
2020-06-26;"Nitriansky kraj";0;0;0;0;NA;92107;0;2020-06-26;124
2020-06-25;"Nitriansky kraj";0;0;0;0;NA;92107;0;2020-06-25;124
2020-06-24;"Nitriansky kraj";1;0;0;0;NA;92107;1;2020-06-24;124
2020-06-23;"Nitriansky kraj";0;0;0;0;NA;92107;0;2020-06-23;123
2020-06-22;"Nitriansky kraj";0;0;0;0;NA;92107;0;2020-06-22;123
2020-06-21;"Nitriansky kraj";0;0;0;0;NA;92107;0;2020-06-21;123
2020-06-20;"Nitriansky kraj";0;0;0;0;NA;92107;0;2020-06-20;123
2020-06-19;"Nitriansky kraj";0;0;0;0;NA;92107;0;2020-06-19;123
2020-06-18;"Nitriansky kraj";0;0;0;0;NA;92107;0;2020-06-18;123
2020-06-17;"Nitriansky kraj";0;0;0;0;NA;92107;0;2020-06-17;123
2020-06-16;"Nitriansky kraj";0;0;0;0;NA;92107;0;2020-06-16;123
2020-06-14;"Nitriansky kraj";0;0;0;0;NA;92107;0;2020-06-14;123
2020-06-13;"Nitriansky kraj";0;0;0;0;NA;92107;0;2020-06-13;123
2020-06-12;"Nitriansky kraj";0;0;0;0;NA;92107;0;2020-06-12;123
2020-06-11;"Nitriansky kraj";0;0;0;0;NA;92107;0;2020-06-11;123
2020-06-10;"Nitriansky kraj";1;0;0;0;NA;92107;1;2020-06-10;123
2020-06-09;"Nitriansky kraj";1;0;0;0;NA;92107;1;2020-06-09;122
2020-06-08;"Nitriansky kraj";0;0;0;0;NA;92107;0;2020-06-08;121
2020-06-07;"Nitriansky kraj";0;0;0;0;NA;92107;0;2020-06-07;121
2020-06-05;"Nitriansky kraj";0;0;0;0;NA;92107;0;2020-06-05;121
2020-06-03;"Nitriansky kraj";0;0;0;0;NA;92107;0;2020-06-03;121
2020-06-02;"Nitriansky kraj";1;0;0;0;NA;92107;1;2020-06-02;121
2020-05-31;"Nitriansky kraj";0;0;0;0;NA;92107;0;2020-05-31;120
2020-05-29;"Nitriansky kraj";0;0;0;0;NA;92107;0;2020-05-29;120
2020-05-27;"Nitriansky kraj";0;0;0;0;NA;92107;0;2020-05-27;120
2020-05-26;"Nitriansky kraj";0;0;0;0;NA;92107;0;2020-05-26;120
2020-05-25;"Nitriansky kraj";0;0;0;0;NA;92107;0;2020-05-25;120
2020-05-24;"Nitriansky kraj";2;0;0;0;NA;92107;2;2020-05-24;120
2020-05-23;"Nitriansky kraj";0;0;0;0;NA;92107;0;2020-05-23;118
2020-05-22;"Nitriansky kraj";1;0;0;0;NA;92107;1;2020-05-22;118
2020-05-21;"Nitriansky kraj";0;0;0;0;NA;92107;0;2020-05-21;117
2020-05-20;"Nitriansky kraj";0;0;0;0;NA;92107;0;2020-05-20;117
2020-05-19;"Nitriansky kraj";0;0;0;0;NA;92107;0;2020-05-19;117
2020-05-17;"Nitriansky kraj";0;0;0;0;NA;92107;0;2020-05-17;117
2020-05-16;"Nitriansky kraj";0;0;0;0;NA;92107;0;2020-05-16;117
2020-05-15;"Nitriansky kraj";1;0;0;0;NA;92107;1;2020-05-15;117
2020-05-14;"Nitriansky kraj";0;0;0;0;NA;92107;0;2020-05-14;116
2020-05-13;"Nitriansky kraj";0;0;0;0;NA;92107;0;2020-05-13;116
2020-05-12;"Nitriansky kraj";0;0;0;0;NA;92107;0;2020-05-12;116
2020-05-11;"Nitriansky kraj";2;0;0;0;NA;92107;2;2020-05-11;116
2020-05-09;"Nitriansky kraj";0;0;0;0;NA;92107;0;2020-05-09;114
2020-05-07;"Nitriansky kraj";1;0;0;0;NA;92107;1;2020-05-07;114
2020-05-06;"Nitriansky kraj";9;0;0;0;NA;92107;9;2020-05-06;113
2020-05-05;"Nitriansky kraj";0;0;0;0;NA;92107;0;2020-05-05;104
2020-05-04;"Nitriansky kraj";5;0;0;0;NA;92107;5;2020-05-04;104
2020-05-03;"Nitriansky kraj";2;0;0;0;NA;92107;2;2020-05-03;99
2020-05-02;"Nitriansky kraj";0;0;0;0;NA;92107;0;2020-05-02;97
2020-05-01;"Nitriansky kraj";1;0;0;0;NA;92107;1;2020-05-01;97
2020-04-30;"Nitriansky kraj";0;0;0;0;NA;92107;0;2020-04-30;96
2020-04-29;"Nitriansky kraj";0;0;0;0;NA;92107;0;2020-04-29;96
2020-04-28;"Nitriansky kraj";1;0;0;0;NA;92107;1;2020-04-28;96
2020-04-27;"Nitriansky kraj";0;0;0;0;NA;92107;0;2020-04-27;95
2020-04-26;"Nitriansky kraj";0;0;0;0;NA;92107;0;2020-04-26;95
2020-04-25;"Nitriansky kraj";0;0;0;0;NA;92107;0;2020-04-25;95
2020-04-24;"Nitriansky kraj";0;0;0;0;NA;92107;0;2020-04-24;95
2020-04-23;"Nitriansky kraj";3;0;0;0;NA;92107;3;2020-04-23;95
2020-04-22;"Nitriansky kraj";16;0;0;0;NA;92107;16;2020-04-22;92
2020-04-21;"Nitriansky kraj";6;0;0;0;NA;92107;6;2020-04-21;76
2020-04-20;"Nitriansky kraj";5;0;0;0;NA;92107;5;2020-04-20;70
2020-04-19;"Nitriansky kraj";0;0;0;0;NA;92107;0;2020-04-19;65
2020-04-18;"Nitriansky kraj";0;0;0;0;NA;92107;0;2020-04-18;65
2020-04-17;"Nitriansky kraj";7;0;0;0;NA;92107;7;2020-04-17;65
2020-04-16;"Nitriansky kraj";0;0;0;0;NA;92107;0;2020-04-16;58
2020-04-15;"Nitriansky kraj";6;0;0;0;NA;92107;6;2020-04-15;58
2020-04-14;"Nitriansky kraj";2;0;0;0;NA;92107;2;2020-04-14;52
2020-04-13;"Nitriansky kraj";1;0;0;0;NA;92107;1;2020-04-13;50
2020-04-12;"Nitriansky kraj";3;0;0;0;NA;92107;3;2020-04-12;49
2020-04-11;"Nitriansky kraj";1;0;0;0;NA;92107;1;2020-04-11;46
2020-04-10;"Nitriansky kraj";1;0;0;0;NA;92107;1;2020-04-10;45
2020-04-09;"Nitriansky kraj";0;0;0;0;NA;92107;0;2020-04-09;44
2020-04-08;"Nitriansky kraj";2;0;0;0;NA;92107;2;2020-04-08;44
2020-04-07;"Nitriansky kraj";3;0;0;0;NA;92107;3;2020-04-07;42
2020-04-06;"Nitriansky kraj";4;0;0;0;NA;92107;4;2020-04-06;39
2020-04-05;"Nitriansky kraj";5;0;0;0;NA;92107;5;2020-04-05;35
2020-04-04;"Nitriansky kraj";0;0;0;0;NA;92107;0;2020-04-04;30
2020-04-03;"Nitriansky kraj";0;0;0;0;NA;92107;0;2020-04-03;30
2020-04-02;"Nitriansky kraj";1;0;0;0;NA;92107;1;2020-04-02;30
2020-04-01;"Nitriansky kraj";0;0;0;0;NA;92107;0;2020-04-01;29
2020-03-31;"Nitriansky kraj";3;0;0;0;NA;92107;3;2020-03-31;29
2020-03-30;"Nitriansky kraj";3;0;0;0;NA;92107;3;2020-03-30;26
2020-03-29;"Nitriansky kraj";3;0;0;0;NA;92107;3;2020-03-29;23
2020-03-28;"Nitriansky kraj";1;0;0;0;NA;92107;1;2020-03-28;20
2020-03-27;"Nitriansky kraj";1;0;0;0;NA;92107;1;2020-03-27;19
2020-03-26;"Nitriansky kraj";1;0;0;0;NA;92107;1;2020-03-26;18
2020-03-25;"Nitriansky kraj";1;0;0;0;NA;92107;1;2020-03-25;17
2020-03-24;"Nitriansky kraj";0;0;0;0;NA;92107;0;2020-03-24;16
2020-03-23;"Nitriansky kraj";2;0;0;0;NA;92107;2;2020-03-23;16
2020-03-22;"Nitriansky kraj";2;0;0;0;NA;92107;2;2020-03-22;14
2020-03-21;"Nitriansky kraj";2;0;0;0;NA;92107;2;2020-03-21;12
2020-03-20;"Nitriansky kraj";1;0;0;0;NA;92107;1;2020-03-20;10
2020-03-19;"Nitriansky kraj";1;0;0;0;NA;92107;1;2020-03-19;9
2020-03-18;"Nitriansky kraj";2;0;0;0;NA;92107;2;2020-03-18;8
2020-03-17;"Nitriansky kraj";1;0;0;0;NA;92107;1;2020-03-17;6
2020-03-16;"Nitriansky kraj";0;0;0;0;NA;92107;0;2020-03-16;5
2020-03-15;"Nitriansky kraj";4;0;0;0;NA;92107;4;2020-03-15;5
2020-03-14;"Nitriansky kraj";1;0;0;0;NA;92107;1;2020-03-14;1
2020-03-13;"Nitriansky kraj";0;0;0;0;NA;92107;0;2020-03-13;0
2020-03-12;"Nitriansky kraj";0;0;0;0;NA;92107;0;2020-03-12;0
2020-03-11;"Nitriansky kraj";0;0;0;0;NA;92107;0;2020-03-11;0
2020-03-09;"Nitriansky kraj";0;0;0;0;NA;92107;0;2020-03-09;0
2020-03-08;"Nitriansky kraj";0;0;0;0;NA;92107;0;2020-03-08;0
2020-03-07;"Nitriansky kraj";0;0;0;0;NA;92107;0;2020-03-07;0
2020-03-06;"Nitriansky kraj";0;0;0;0;NA;92107;0;2020-03-06;0
2021-05-16;"Prešovský kraj";20;15304;62;15366;59320;112414;82;2021-05-16;112414
2021-05-15;"Prešovský kraj";20;24351;82;24433;NA;112414;102;2021-05-15;112332
2021-05-14;"Prešovský kraj";49;17732;65;17797;NA;112414;114;2021-05-14;112230
2021-05-13;"Prešovský kraj";54;10988;71;11059;NA;112414;125;2021-05-13;112116
2021-05-12;"Prešovský kraj";59;10917;40;10957;NA;112414;99;2021-05-12;111991
2021-05-11;"Prešovský kraj";61;10632;47;10679;NA;112414;108;2021-05-11;111892
2021-05-10;"Prešovský kraj";79;16190;69;16259;NA;112414;148;2021-05-10;111784
2021-05-09;"Prešovský kraj";54;21105;82;21187;NA;112414;136;2021-05-09;111636
2021-05-08;"Prešovský kraj";39;22886;51;22937;NA;112414;90;2021-05-08;111500
2021-05-07;"Prešovský kraj";81;23488;66;23554;NA;112414;147;2021-05-07;111410
2021-05-06;"Prešovský kraj";107;12888;66;12954;NA;112414;173;2021-05-06;111263
2021-05-05;"Prešovský kraj";60;12806;79;12885;NA;112414;139;2021-05-05;111090
2021-05-04;"Prešovský kraj";203;13191;67;13258;NA;112414;270;2021-05-04;110951
2021-05-03;"Prešovský kraj";68;18434;109;18543;NA;112414;177;2021-05-03;110681
2021-05-02;"Prešovský kraj";29;36175;102;36277;NA;112414;131;2021-05-02;110504
2021-05-01;"Prešovský kraj";70;57029;183;57212;NA;112414;253;2021-05-01;110373
2021-04-30;"Prešovský kraj";135;39269;118;39387;NA;112414;253;2021-04-30;110120
2021-04-29;"Prešovský kraj";110;16566;97;16663;NA;112414;207;2021-04-29;109867
2021-04-28;"Prešovský kraj";122;18596;88;18684;NA;112414;210;2021-04-28;109660
2021-04-27;"Prešovský kraj";154;19984;120;20104;NA;112414;274;2021-04-27;109450
2021-04-26;"Prešovský kraj";99;27120;123;27243;NA;112414;222;2021-04-26;109176
2021-04-25;"Prešovský kraj";9;52431;155;52586;NA;112414;164;2021-04-25;108954
2021-04-24;"Prešovský kraj";61;85870;247;86117;NA;112414;308;2021-04-24;108790
2021-04-23;"Prešovský kraj";171;39547;133;39680;NA;112414;304;2021-04-23;108482
2021-04-22;"Prešovský kraj";86;18104;125;18229;NA;112414;211;2021-04-22;108178
2021-04-21;"Prešovský kraj";144;21530;139;21669;NA;112414;283;2021-04-21;107967
2021-04-20;"Prešovský kraj";115;23345;127;23472;NA;112414;242;2021-04-20;107684
2021-04-19;"Prešovský kraj";106;29131;145;29276;NA;112414;251;2021-04-19;107442
2021-04-18;"Prešovský kraj";4;51540;129;51669;NA;112414;133;2021-04-18;107191
2021-04-17;"Prešovský kraj";119;97579;237;97816;NA;112414;356;2021-04-17;107058
2021-04-16;"Prešovský kraj";135;40983;146;41129;NA;112414;281;2021-04-16;106702
2021-04-15;"Prešovský kraj";112;20178;136;20314;NA;112414;248;2021-04-15;106421
2021-04-14;"Prešovský kraj";199;23332;130;23462;NA;112414;329;2021-04-14;106173
2021-04-13;"Prešovský kraj";180;23907;116;24023;NA;112414;296;2021-04-13;105844
2021-04-12;"Prešovský kraj";172;30152;175;30327;NA;112414;347;2021-04-12;105548
2021-04-11;"Prešovský kraj";11;49998;187;50185;NA;112414;198;2021-04-11;105201
2021-04-10;"Prešovský kraj";94;90181;297;90478;NA;112414;391;2021-04-10;105003
2021-04-09;"Prešovský kraj";255;37152;200;37352;NA;112414;455;2021-04-09;104612
2021-04-08;"Prešovský kraj";192;18891;157;19048;NA;112414;349;2021-04-08;104157
2021-04-07;"Prešovský kraj";314;27827;154;27981;NA;112414;468;2021-04-07;103808
2021-04-06;"Prešovský kraj";231;41672;268;41940;NA;112414;499;2021-04-06;103340
2021-04-05;"Prešovský kraj";54;18454;132;18586;NA;112414;186;2021-04-05;102841
2021-04-04;"Prešovský kraj";31;18702;91;18793;NA;112414;122;2021-04-04;102655
2021-04-03;"Prešovský kraj";104;90695;317;91012;NA;112414;421;2021-04-03;102533
2021-04-02;"Prešovský kraj";194;23381;134;23515;NA;112414;328;2021-04-02;102112
2021-04-01;"Prešovský kraj";256;42827;195;43022;NA;112414;451;2021-04-01;101784
2021-03-31;"Prešovský kraj";311;30144;227;30371;NA;112414;538;2021-03-31;101333
2021-03-30;"Prešovský kraj";374;20747;203;20950;NA;112414;577;2021-03-30;100795
2021-03-29;"Prešovský kraj";219;28188;229;28417;NA;112414;448;2021-03-29;100218
2021-03-28;"Prešovský kraj";26;46811;256;47067;NA;112414;282;2021-03-28;99770
2021-03-27;"Prešovský kraj";181;88639;373;89012;NA;112414;554;2021-03-27;99488
2021-03-26;"Prešovský kraj";310;47751;299;48050;NA;112414;609;2021-03-26;98934
2021-03-25;"Prešovský kraj";248;22279;213;22492;NA;112414;461;2021-03-25;98325
2021-03-24;"Prešovský kraj";381;19588;213;19801;NA;112414;594;2021-03-24;97864
2021-03-23;"Prešovský kraj";241;20329;255;20584;NA;112414;496;2021-03-23;97270
2021-03-22;"Prešovský kraj";299;28490;286;28776;NA;112414;585;2021-03-22;96774
2021-03-21;"Prešovský kraj";32;49439;266;49705;NA;112414;298;2021-03-21;96189
2021-03-20;"Prešovský kraj";180;92531;427;92958;NA;112414;607;2021-03-20;95891
2021-03-19;"Prešovský kraj";373;46196;320;46516;NA;112414;693;2021-03-19;95284
2021-03-18;"Prešovský kraj";251;21721;217;21938;NA;112414;468;2021-03-18;94591
2021-03-17;"Prešovský kraj";331;20887;231;21118;NA;112414;562;2021-03-17;94123
2021-03-16;"Prešovský kraj";461;21094;277;21371;NA;112414;738;2021-03-16;93561
2021-03-15;"Prešovský kraj";370;28789;324;29113;NA;112414;694;2021-03-15;92823
2021-03-14;"Prešovský kraj";52;50410;356;50766;NA;112414;408;2021-03-14;92129
2021-03-13;"Prešovský kraj";200;95300;532;95832;NA;112414;732;2021-03-13;91721
2021-03-12;"Prešovský kraj";425;47691;368;48059;NA;112414;793;2021-03-12;90989
2021-03-11;"Prešovský kraj";463;22059;253;22312;NA;112414;716;2021-03-11;90196
2021-03-10;"Prešovský kraj";325;20821;293;21114;NA;112414;618;2021-03-10;89480
2021-03-09;"Prešovský kraj";505;21489;288;21777;NA;112414;793;2021-03-09;88862
2021-03-08;"Prešovský kraj";314;28902;333;29235;NA;112414;647;2021-03-08;88069
2021-03-07;"Prešovský kraj";19;48024;385;48409;NA;112414;404;2021-03-07;87422
2021-03-06;"Prešovský kraj";193;96985;591;97576;NA;112414;784;2021-03-06;87018
2021-03-05;"Prešovský kraj";497;46044;397;46441;NA;112414;894;2021-03-05;86234
2021-03-04;"Prešovský kraj";372;22670;359;23029;NA;112414;731;2021-03-04;85340
2021-03-03;"Prešovský kraj";397;21424;330;21754;NA;112414;727;2021-03-03;84609
2021-03-02;"Prešovský kraj";421;22679;357;23036;NA;112414;778;2021-03-02;83882
2021-03-01;"Prešovský kraj";303;27716;406;28122;NA;112414;709;2021-03-01;83104
2021-02-28;"Prešovský kraj";75;45000;387;45387;NA;112414;462;2021-02-28;82395
2021-02-27;"Prešovský kraj";273;90231;734;90965;NA;112414;1007;2021-02-27;81933
2021-02-26;"Prešovský kraj";455;41700;439;42139;NA;112414;894;2021-02-26;80926
2021-02-25;"Prešovský kraj";270;19496;337;19833;NA;112414;607;2021-02-25;80032
2021-02-24;"Prešovský kraj";328;19026;377;19403;NA;112414;705;2021-02-24;79425
2021-02-23;"Prešovský kraj";430;21273;345;21618;NA;112414;775;2021-02-23;78720
2021-02-22;"Prešovský kraj";351;27175;356;27531;NA;112414;707;2021-02-22;77945
2021-02-21;"Prešovský kraj";66;31802;302;32104;NA;112414;368;2021-02-21;77238
2021-02-20;"Prešovský kraj";129;71413;517;71930;NA;112414;646;2021-02-20;76870
2021-02-19;"Prešovský kraj";381;38597;425;39022;NA;112414;806;2021-02-19;76224
2021-02-18;"Prešovský kraj";268;16960;322;17282;NA;112414;590;2021-02-18;75418
2021-02-17;"Prešovský kraj";293;17392;246;17638;NA;112414;539;2021-02-17;74828
2021-02-16;"Prešovský kraj";422;18862;265;19127;NA;112414;687;2021-02-16;74289
2021-02-15;"Prešovský kraj";211;31360;303;31663;NA;112414;514;2021-02-15;73602
2021-02-14;"Prešovský kraj";27;39271;318;39589;NA;112414;345;2021-02-14;73088
2021-02-13;"Prešovský kraj";157;73937;392;74329;NA;112414;549;2021-02-13;72743
2021-02-12;"Prešovský kraj";308;38720;362;39082;NA;112414;670;2021-02-12;72194
2021-02-11;"Prešovský kraj";218;16207;238;16445;NA;112414;456;2021-02-11;71524
2021-02-10;"Prešovský kraj";220;18499;279;18778;NA;112414;499;2021-02-10;71068
2021-02-09;"Prešovský kraj";323;21495;370;21865;NA;112414;693;2021-02-09;70569
2021-02-08;"Prešovský kraj";161;36971;261;37232;NA;112414;422;2021-02-08;69876
2021-02-07;"Prešovský kraj";21;34227;209;34436;NA;112414;230;2021-02-07;69454
2021-02-06;"Prešovský kraj";176;69164;360;69524;NA;112414;536;2021-02-06;69224
2021-02-05;"Prešovský kraj";177;31247;261;31508;NA;112414;438;2021-02-05;68688
2021-02-04;"Prešovský kraj";176;13073;237;13310;NA;112414;413;2021-02-04;68250
2021-02-03;"Prešovský kraj";251;8421;236;8657;NA;112414;487;2021-02-03;67837
2021-02-02;"Prešovský kraj";249;11779;264;12043;NA;112414;513;2021-02-02;67350
2021-02-01;"Prešovský kraj";220;16059;316;16375;NA;112414;536;2021-02-01;66837
2021-01-31;"Prešovský kraj";42;10587;107;10694;NA;112414;149;2021-01-31;66301
2021-01-30;"Prešovský kraj";142;23939;215;24154;NA;112414;357;2021-01-30;66152
2021-01-29;"Prešovský kraj";185;17924;326;18250;NA;112414;511;2021-01-29;65795
2021-01-28;"Prešovský kraj";311;7338;150;7488;NA;112414;461;2021-01-28;65284
2021-01-27;"Prešovský kraj";153;9886;150;10036;NA;112414;303;2021-01-27;64823
2021-01-26;"Prešovský kraj";252;16648;151;16799;NA;112414;403;2021-01-26;64520
2021-01-25;"Prešovský kraj";196;29649;251;29900;NA;112414;447;2021-01-25;64117
2021-01-24;"Prešovský kraj";12;45706;304;46010;NA;112414;316;2021-01-24;63670
2021-01-23;"Prešovský kraj";189;96726;487;97213;NA;112414;676;2021-01-23;63354
2021-01-22;"Prešovský kraj";187;35377;261;35638;NA;112414;448;2021-01-22;62678
2021-01-21;"Prešovský kraj";187;20434;212;20646;NA;112414;399;2021-01-21;62230
2021-01-20;"Prešovský kraj";253;14579;195;14774;NA;112414;448;2021-01-20;61831
2021-01-19;"Prešovský kraj";281;12329;305;12634;NA;112414;586;2021-01-19;61383
2021-01-18;"Prešovský kraj";203;10422;336;10758;NA;112414;539;2021-01-18;60797
2021-01-17;"Prešovský kraj";107;14391;1008;15399;NA;112414;1115;2021-01-17;60258
2021-01-16;"Prešovský kraj";72;1838;81;1919;NA;112414;153;2021-01-16;59143
2021-01-15;"Prešovský kraj";159;7033;257;7290;NA;112414;416;2021-01-15;58990
2021-01-14;"Prešovský kraj";268;5523;252;5775;NA;112414;520;2021-01-14;58574
2021-01-13;"Prešovský kraj";342;5649;226;5875;NA;112414;568;2021-01-13;58054
2021-01-12;"Prešovský kraj";455;8487;409;8896;NA;112414;864;2021-01-12;57486
2021-01-11;"Prešovský kraj";343;8489;479;8968;NA;112414;822;2021-01-11;56622
2021-01-10;"Prešovský kraj";63;476;23;499;NA;112414;86;2021-01-10;55800
2021-01-09;"Prešovský kraj";439;2248;125;2373;NA;112414;564;2021-01-09;55714
2021-01-08;"Prešovský kraj";430;10865;572;11437;NA;112414;1002;2021-01-08;55150
2021-01-07;"Prešovský kraj";268;7789;648;8437;NA;112414;916;2021-01-07;54148
2021-01-06;"Prešovský kraj";315;1484;134;1618;NA;112414;449;2021-01-06;53232
2021-01-05;"Prešovský kraj";655;11591;1003;12594;NA;112414;1658;2021-01-05;52783
2021-01-04;"Prešovský kraj";371;17192;1812;19004;NA;112414;2183;2021-01-04;51125
2021-01-03;"Prešovský kraj";89;459;41;500;NA;112414;130;2021-01-03;48942
2021-01-02;"Prešovský kraj";65;1556;160;1716;NA;112414;225;2021-01-02;48812
2021-01-01;"Prešovský kraj";174;956;71;1027;NA;112414;245;2021-01-01;48587
2020-12-31;"Prešovský kraj";640;11959;783;12742;NA;112414;1423;2020-12-31;48342
2020-12-30;"Prešovský kraj";729;9065;802;9867;NA;112414;1531;2020-12-30;46919
2020-12-29;"Prešovský kraj";435;9273;949;10222;NA;112414;1384;2020-12-29;45388
2020-12-28;"Prešovský kraj";393;9046;1079;10125;NA;112414;1472;2020-12-28;44004
2020-12-27;"Prešovský kraj";40;613;45;658;NA;112414;85;2020-12-27;42532
2020-12-26;"Prešovský kraj";64;176;12;188;NA;112414;76;2020-12-26;42447
2020-12-25;"Prešovský kraj";208;274;11;285;NA;112414;219;2020-12-25;42371
2020-12-24;"Prešovský kraj";452;1214;85;1299;NA;112414;537;2020-12-24;42152
2020-12-23;"Prešovský kraj";361;11369;635;12004;NA;112414;996;2020-12-23;41615
2020-12-22;"Prešovský kraj";439;9371;710;10081;NA;112414;1149;2020-12-22;40619
2020-12-21;"Prešovský kraj";432;9923;880;10803;NA;112414;1312;2020-12-21;39470
2020-12-20;"Prešovský kraj";184;396;20;416;NA;112414;204;2020-12-20;38158
2020-12-19;"Prešovský kraj";276;1658;151;1809;NA;112414;427;2020-12-19;37954
2020-12-18;"Prešovský kraj";396;8845;595;9440;NA;112414;991;2020-12-18;37527
2020-12-17;"Prešovský kraj";427;10826;891;11717;NA;112414;1318;2020-12-17;36536
2020-12-16;"Prešovský kraj";466;6017;508;6525;NA;112414;974;2020-12-16;35218
2020-12-15;"Prešovský kraj";411;5685;584;6269;NA;112414;995;2020-12-15;34244
2020-12-14;"Prešovský kraj";334;5767;508;6275;NA;112414;842;2020-12-14;33249
2020-12-13;"Prešovský kraj";89;29;8;37;NA;112414;97;2020-12-13;32407
2020-12-12;"Prešovský kraj";319;2474;166;2640;NA;112414;485;2020-12-12;32310
2020-12-11;"Prešovský kraj";560;5602;402;6004;NA;112414;962;2020-12-11;31825
2020-12-10;"Prešovský kraj";337;5180;440;5620;NA;112414;777;2020-12-10;30863
2020-12-09;"Prešovský kraj";358;4357;314;4671;NA;112414;672;2020-12-09;30086
2020-12-08;"Prešovský kraj";350;6629;651;7280;NA;112414;1001;2020-12-08;29414
2020-12-07;"Prešovský kraj";309;4345;327;4672;NA;112414;636;2020-12-07;28413
2020-12-06;"Prešovský kraj";59;655;26;681;NA;112414;85;2020-12-06;27777
2020-12-05;"Prešovský kraj";218;984;87;1071;NA;112414;305;2020-12-05;27692
2020-12-04;"Prešovský kraj";352;5070;293;5363;NA;112414;645;2020-12-04;27387
2020-12-03;"Prešovský kraj";284;2456;179;2635;NA;112414;463;2020-12-03;26742
2020-12-02;"Prešovský kraj";232;2830;225;3055;NA;112414;457;2020-12-02;26279
2020-12-01;"Prešovský kraj";281;1884;196;2080;NA;112414;477;2020-12-01;25822
2020-11-30;"Prešovský kraj";196;5333;97;5430;NA;112414;293;2020-11-30;25345
2020-11-29;"Prešovský kraj";27;379;42;421;NA;112414;69;2020-11-29;25052
2020-11-28;"Prešovský kraj";199;772;77;849;NA;112414;276;2020-11-28;24983
2020-11-27;"Prešovský kraj";232;2350;130;2480;NA;112414;362;2020-11-27;24707
2020-11-26;"Prešovský kraj";263;3014;329;3343;NA;112414;592;2020-11-26;24345
2020-11-25;"Prešovský kraj";302;2174;103;2277;NA;112414;405;2020-11-25;23753
2020-11-24;"Prešovský kraj";365;1777;156;1933;NA;112414;521;2020-11-24;23348
2020-11-23;"Prešovský kraj";164;1099;60;1159;NA;112414;224;2020-11-23;22827
2020-11-22;"Prešovský kraj";46;44;1;45;NA;112414;47;2020-11-22;22603
2020-11-21;"Prešovský kraj";205;754;62;816;NA;112414;267;2020-11-21;22556
2020-11-20;"Prešovský kraj";363;2258;102;2360;NA;112414;465;2020-11-20;22289
2020-11-19;"Prešovský kraj";359;2096;238;2334;NA;112414;597;2020-11-19;21824
2020-11-18;"Prešovský kraj";270;488;43;531;NA;112414;313;2020-11-18;21227
2020-11-17;"Prešovský kraj";347;205;23;228;NA;112414;370;2020-11-17;20914
2020-11-16;"Prešovský kraj";226;540;58;598;NA;112414;284;2020-11-16;20544
2020-11-15;"Prešovský kraj";186;39;4;43;NA;112414;190;2020-11-15;20260
2020-11-14;"Prešovský kraj";261;54;4;58;NA;112414;265;2020-11-14;20070
2020-11-13;"Prešovský kraj";395;166;8;174;NA;112414;403;2020-11-13;19805
2020-11-12;"Prešovský kraj";397;229;50;279;NA;112414;447;2020-11-12;19402
2020-11-11;"Prešovský kraj";516;161;15;176;NA;112414;531;2020-11-11;18955
2020-11-10;"Prešovský kraj";437;197;9;206;NA;112414;446;2020-11-10;18424
2020-11-09;"Prešovský kraj";190;4112;945;5057;NA;112414;1135;2020-11-09;17978
2020-11-08;"Prešovský kraj";97;2817;32;2849;NA;112414;129;2020-11-08;16843
2020-11-07;"Prešovský kraj";416;8578;81;8659;NA;112414;497;2020-11-07;16714
2020-11-06;"Prešovský kraj";520;4791;76;4867;NA;112414;596;2020-11-06;16217
2020-11-05;"Prešovský kraj";397;180;5;185;NA;112414;402;2020-11-05;15621
2020-11-04;"Prešovský kraj";350;807;8;815;NA;112414;358;2020-11-04;15219
2020-11-03;"Prešovský kraj";565;98;12;110;NA;112414;577;2020-11-03;14861
2020-11-02;"Prešovský kraj";203;4158;1004;5162;NA;112414;1207;2020-11-02;14284
2020-11-01;"Prešovský kraj";386;2906;53;2959;NA;112414;439;2020-11-01;13077
2020-10-31;"Prešovský kraj";315;10497;170;10667;NA;112414;485;2020-10-31;12638
2020-10-30;"Prešovský kraj";552;2949;65;3014;NA;112414;617;2020-10-30;12153
2020-10-29;"Prešovský kraj";594;301;38;339;NA;112414;632;2020-10-29;11536
2020-10-28;"Prešovský kraj";617;291;46;337;NA;112414;663;2020-10-28;10904
2020-10-27;"Prešovský kraj";656;268;34;302;NA;112414;690;2020-10-27;10241
2020-10-26;"Prešovský kraj";137;363;57;420;NA;112414;194;2020-10-26;9551
2020-10-25;"Prešovský kraj";237;346;11;357;NA;112414;248;2020-10-25;9357
2020-10-24;"Prešovský kraj";719;200;12;212;NA;112414;731;2020-10-24;9109
2020-10-23;"Prešovský kraj";750;218;8;226;NA;112414;758;2020-10-23;8378
2020-10-22;"Prešovský kraj";646;396;30;426;NA;112414;676;2020-10-22;7620
2020-10-21;"Prešovský kraj";383;58;8;66;NA;112414;391;2020-10-21;6944
2020-10-20;"Prešovský kraj";493;65;7;72;NA;112414;500;2020-10-20;6553
2020-10-19;"Prešovský kraj";140;235;15;250;NA;112414;155;2020-10-19;6053
2020-10-18;"Prešovský kraj";209;0;0;0;NA;112414;209;2020-10-18;5898
2020-10-17;"Prešovský kraj";342;0;0;0;NA;112414;342;2020-10-17;5689
2020-10-16;"Prešovský kraj";388;57;3;60;NA;112414;391;2020-10-16;5347
2020-10-15;"Prešovský kraj";435;85;18;103;NA;112414;453;2020-10-15;4956
2020-10-14;"Prešovský kraj";451;54;10;64;NA;112414;461;2020-10-14;4503
2020-10-13;"Prešovský kraj";264;50;6;56;NA;112414;270;2020-10-13;4042
2020-10-12;"Prešovský kraj";214;334;35;369;NA;112414;249;2020-10-12;3772
2020-10-11;"Prešovský kraj";127;0;0;0;NA;112414;127;2020-10-11;3523
2020-10-10;"Prešovský kraj";248;0;0;0;NA;112414;248;2020-10-10;3396
2020-10-09;"Prešovský kraj";406;0;0;0;NA;112414;406;2020-10-09;3148
2020-10-08;"Prešovský kraj";245;0;0;0;NA;112414;245;2020-10-08;2742
2020-10-07;"Prešovský kraj";244;0;0;0;NA;112414;244;2020-10-07;2497
2020-10-06;"Prešovský kraj";166;0;0;0;NA;112414;166;2020-10-06;2253
2020-10-05;"Prešovský kraj";84;0;0;0;NA;112414;84;2020-10-05;2087
2020-10-04;"Prešovský kraj";118;0;0;0;NA;112414;118;2020-10-04;2003
2020-10-03;"Prešovský kraj";204;0;0;0;NA;112414;204;2020-10-03;1885
2020-10-02;"Prešovský kraj";149;0;0;0;NA;112414;149;2020-10-02;1681
2020-10-01;"Prešovský kraj";136;0;0;0;NA;112414;136;2020-10-01;1532
2020-09-30;"Prešovský kraj";121;0;0;0;NA;112414;121;2020-09-30;1396
2020-09-29;"Prešovský kraj";156;0;0;0;NA;112414;156;2020-09-29;1275
2020-09-28;"Prešovský kraj";51;0;0;0;NA;112414;51;2020-09-28;1119
2020-09-27;"Prešovský kraj";10;0;0;0;NA;112414;10;2020-09-27;1068
2020-09-26;"Prešovský kraj";72;0;0;0;NA;112414;72;2020-09-26;1058
2020-09-25;"Prešovský kraj";91;0;0;0;NA;112414;91;2020-09-25;986
2020-09-24;"Prešovský kraj";52;0;0;0;NA;112414;52;2020-09-24;895
2020-09-23;"Prešovský kraj";55;0;0;0;NA;112414;55;2020-09-23;843
2020-09-22;"Prešovský kraj";29;0;0;0;NA;112414;29;2020-09-22;788
2020-09-21;"Prešovský kraj";14;0;0;0;NA;112414;14;2020-09-21;759
2020-09-20;"Prešovský kraj";5;0;0;0;NA;112414;5;2020-09-20;745
2020-09-19;"Prešovský kraj";12;0;0;0;NA;112414;12;2020-09-19;740
2020-09-18;"Prešovský kraj";29;0;0;0;NA;112414;29;2020-09-18;728
2020-09-17;"Prešovský kraj";25;0;0;0;NA;112414;25;2020-09-17;699
2020-09-16;"Prešovský kraj";8;0;0;0;NA;112414;8;2020-09-16;674
2020-09-15;"Prešovský kraj";10;0;0;0;NA;112414;10;2020-09-15;666
2020-09-14;"Prešovský kraj";47;0;0;0;NA;112414;47;2020-09-14;656
2020-09-13;"Prešovský kraj";3;0;0;0;NA;112414;3;2020-09-13;609
2020-09-12;"Prešovský kraj";4;0;0;0;NA;112414;4;2020-09-12;606
2020-09-11;"Prešovský kraj";15;0;0;0;NA;112414;15;2020-09-11;602
2020-09-10;"Prešovský kraj";10;0;0;0;NA;112414;10;2020-09-10;587
2020-09-09;"Prešovský kraj";21;0;0;0;NA;112414;21;2020-09-09;577
2020-09-08;"Prešovský kraj";23;0;0;0;NA;112414;23;2020-09-08;556
2020-09-07;"Prešovský kraj";5;0;0;0;NA;112414;5;2020-09-07;533
2020-09-06;"Prešovský kraj";3;0;0;0;NA;112414;3;2020-09-06;528
2020-09-05;"Prešovský kraj";7;0;0;0;NA;112414;7;2020-09-05;525
2020-09-04;"Prešovský kraj";24;0;0;0;NA;112414;24;2020-09-04;518
2020-09-03;"Prešovský kraj";8;0;0;0;NA;112414;8;2020-09-03;494
2020-09-02;"Prešovský kraj";9;0;0;0;NA;112414;9;2020-09-02;486
2020-09-01;"Prešovský kraj";6;0;0;0;NA;112414;6;2020-09-01;477
2020-08-31;"Prešovský kraj";3;0;0;0;NA;112414;3;2020-08-31;471
2020-08-30;"Prešovský kraj";6;0;0;0;NA;112414;6;2020-08-30;468
2020-08-29;"Prešovský kraj";4;0;0;0;NA;112414;4;2020-08-29;462
2020-08-28;"Prešovský kraj";6;0;0;0;NA;112414;6;2020-08-28;458
2020-08-27;"Prešovský kraj";7;0;0;0;NA;112414;7;2020-08-27;452
2020-08-26;"Prešovský kraj";22;0;0;0;NA;112414;22;2020-08-26;445
2020-08-25;"Prešovský kraj";1;0;0;0;NA;112414;1;2020-08-25;423
2020-08-24;"Prešovský kraj";5;0;0;0;NA;112414;5;2020-08-24;422
2020-08-23;"Prešovský kraj";3;0;0;0;NA;112414;3;2020-08-23;417
2020-08-22;"Prešovský kraj";3;0;0;0;NA;112414;3;2020-08-22;414
2020-08-21;"Prešovský kraj";11;0;0;0;NA;112414;11;2020-08-21;411
2020-08-20;"Prešovský kraj";8;0;0;0;NA;112414;8;2020-08-20;400
2020-08-19;"Prešovský kraj";8;0;0;0;NA;112414;8;2020-08-19;392
2020-08-18;"Prešovský kraj";6;0;0;0;NA;112414;6;2020-08-18;384
2020-08-17;"Prešovský kraj";1;0;0;0;NA;112414;1;2020-08-17;378
2020-08-16;"Prešovský kraj";0;0;0;0;NA;112414;0;2020-08-16;377
2020-08-15;"Prešovský kraj";8;0;0;0;NA;112414;8;2020-08-15;377
2020-08-14;"Prešovský kraj";6;0;0;0;NA;112414;6;2020-08-14;369
2020-08-13;"Prešovský kraj";8;0;0;0;NA;112414;8;2020-08-13;363
2020-08-12;"Prešovský kraj";19;0;0;0;NA;112414;19;2020-08-12;355
2020-08-11;"Prešovský kraj";3;0;0;0;NA;112414;3;2020-08-11;336
2020-08-10;"Prešovský kraj";0;0;0;0;NA;112414;0;2020-08-10;333
2020-08-09;"Prešovský kraj";0;0;0;0;NA;112414;0;2020-08-09;333
2020-08-08;"Prešovský kraj";2;0;0;0;NA;112414;2;2020-08-08;333
2020-08-07;"Prešovský kraj";6;0;0;0;NA;112414;6;2020-08-07;331
2020-08-06;"Prešovský kraj";2;0;0;0;NA;112414;2;2020-08-06;325
2020-08-05;"Prešovský kraj";8;0;0;0;NA;112414;8;2020-08-05;323
2020-08-04;"Prešovský kraj";5;0;0;0;NA;112414;5;2020-08-04;315
2020-08-03;"Prešovský kraj";4;0;0;0;NA;112414;4;2020-08-03;310
2020-08-02;"Prešovský kraj";6;0;0;0;NA;112414;6;2020-08-02;306
2020-08-01;"Prešovský kraj";0;0;0;0;NA;112414;0;2020-08-01;300
2020-07-31;"Prešovský kraj";2;0;0;0;NA;112414;2;2020-07-31;300
2020-07-30;"Prešovský kraj";6;0;0;0;NA;112414;6;2020-07-30;298
2020-07-29;"Prešovský kraj";5;0;0;0;NA;112414;5;2020-07-29;292
2020-07-28;"Prešovský kraj";0;0;0;0;NA;112414;0;2020-07-28;287
2020-07-27;"Prešovský kraj";1;0;0;0;NA;112414;1;2020-07-27;287
2020-07-26;"Prešovský kraj";1;0;0;0;NA;112414;1;2020-07-26;286
2020-07-25;"Prešovský kraj";21;0;0;0;NA;112414;21;2020-07-25;285
2020-07-24;"Prešovský kraj";1;0;0;0;NA;112414;1;2020-07-24;264
2020-07-23;"Prešovský kraj";5;0;0;0;NA;112414;5;2020-07-23;263
2020-07-22;"Prešovský kraj";1;0;0;0;NA;112414;1;2020-07-22;258
2020-07-21;"Prešovský kraj";2;0;0;0;NA;112414;2;2020-07-21;257
2020-07-20;"Prešovský kraj";1;0;0;0;NA;112414;1;2020-07-20;255
2020-07-19;"Prešovský kraj";0;0;0;0;NA;112414;0;2020-07-19;254
2020-07-18;"Prešovský kraj";0;0;0;0;NA;112414;0;2020-07-18;254
2020-07-17;"Prešovský kraj";3;0;0;0;NA;112414;3;2020-07-17;254
2020-07-16;"Prešovský kraj";1;0;0;0;NA;112414;1;2020-07-16;251
2020-07-15;"Prešovský kraj";5;0;0;0;NA;112414;5;2020-07-15;250
2020-07-14;"Prešovský kraj";5;0;0;0;NA;112414;5;2020-07-14;245
2020-07-13;"Prešovský kraj";1;0;0;0;NA;112414;1;2020-07-13;240
2020-07-12;"Prešovský kraj";1;0;0;0;NA;112414;1;2020-07-12;239
2020-07-11;"Prešovský kraj";6;0;0;0;NA;112414;6;2020-07-11;238
2020-07-10;"Prešovský kraj";5;0;0;0;NA;112414;5;2020-07-10;232
2020-07-09;"Prešovský kraj";2;0;0;0;NA;112414;2;2020-07-09;227
2020-07-08;"Prešovský kraj";14;0;0;0;NA;112414;14;2020-07-08;225
2020-07-07;"Prešovský kraj";2;0;0;0;NA;112414;2;2020-07-07;211
2020-07-06;"Prešovský kraj";0;0;0;0;NA;112414;0;2020-07-06;209
2020-07-05;"Prešovský kraj";0;0;0;0;NA;112414;0;2020-07-05;209
2020-07-04;"Prešovský kraj";1;0;0;0;NA;112414;1;2020-07-04;209
2020-07-03;"Prešovský kraj";3;0;0;0;NA;112414;3;2020-07-03;208
2020-07-02;"Prešovský kraj";0;0;0;0;NA;112414;0;2020-07-02;205
2020-07-01;"Prešovský kraj";0;0;0;0;NA;112414;0;2020-07-01;205
2020-06-30;"Prešovský kraj";7;0;0;0;NA;112414;7;2020-06-30;205
2020-06-29;"Prešovský kraj";0;0;0;0;NA;112414;0;2020-06-29;198
2020-06-28;"Prešovský kraj";0;0;0;0;NA;112414;0;2020-06-28;198
2020-06-27;"Prešovský kraj";3;0;0;0;NA;112414;3;2020-06-27;198
2020-06-26;"Prešovský kraj";3;0;0;0;NA;112414;3;2020-06-26;195
2020-06-25;"Prešovský kraj";0;0;0;0;NA;112414;0;2020-06-25;192
2020-06-24;"Prešovský kraj";4;0;0;0;NA;112414;4;2020-06-24;192
2020-06-23;"Prešovský kraj";0;0;0;0;NA;112414;0;2020-06-23;188
2020-06-22;"Prešovský kraj";0;0;0;0;NA;112414;0;2020-06-22;188
2020-06-21;"Prešovský kraj";0;0;0;0;NA;112414;0;2020-06-21;188
2020-06-20;"Prešovský kraj";0;0;0;0;NA;112414;0;2020-06-20;188
2020-06-19;"Prešovský kraj";1;0;0;0;NA;112414;1;2020-06-19;188
2020-06-18;"Prešovský kraj";0;0;0;0;NA;112414;0;2020-06-18;187
2020-06-17;"Prešovský kraj";0;0;0;0;NA;112414;0;2020-06-17;187
2020-06-16;"Prešovský kraj";6;0;0;0;NA;112414;6;2020-06-16;187
2020-06-14;"Prešovský kraj";0;0;0;0;NA;112414;0;2020-06-14;181
2020-06-13;"Prešovský kraj";0;0;0;0;NA;112414;0;2020-06-13;181
2020-06-12;"Prešovský kraj";1;0;0;0;NA;112414;1;2020-06-12;181
2020-06-11;"Prešovský kraj";0;0;0;0;NA;112414;0;2020-06-11;180
2020-06-10;"Prešovský kraj";0;0;0;0;NA;112414;0;2020-06-10;180
2020-06-09;"Prešovský kraj";0;0;0;0;NA;112414;0;2020-06-09;180
2020-06-08;"Prešovský kraj";0;0;0;0;NA;112414;0;2020-06-08;180
2020-06-07;"Prešovský kraj";0;0;0;0;NA;112414;0;2020-06-07;180
2020-06-05;"Prešovský kraj";0;0;0;0;NA;112414;0;2020-06-05;180
2020-06-03;"Prešovský kraj";0;0;0;0;NA;112414;0;2020-06-03;180
2020-06-02;"Prešovský kraj";1;0;0;0;NA;112414;1;2020-06-02;180
2020-05-31;"Prešovský kraj";1;0;0;0;NA;112414;1;2020-05-31;179
2020-05-29;"Prešovský kraj";0;0;0;0;NA;112414;0;2020-05-29;178
2020-05-27;"Prešovský kraj";0;0;0;0;NA;112414;0;2020-05-27;178
2020-05-26;"Prešovský kraj";0;0;0;0;NA;112414;0;2020-05-26;178
2020-05-25;"Prešovský kraj";0;0;0;0;NA;112414;0;2020-05-25;178
2020-05-24;"Prešovský kraj";0;0;0;0;NA;112414;0;2020-05-24;178
2020-05-23;"Prešovský kraj";0;0;0;0;NA;112414;0;2020-05-23;178
2020-05-22;"Prešovský kraj";0;0;0;0;NA;112414;0;2020-05-22;178
2020-05-21;"Prešovský kraj";1;0;0;0;NA;112414;1;2020-05-21;178
2020-05-20;"Prešovský kraj";0;0;0;0;NA;112414;0;2020-05-20;177
2020-05-19;"Prešovský kraj";0;0;0;0;NA;112414;0;2020-05-19;177
2020-05-17;"Prešovský kraj";0;0;0;0;NA;112414;0;2020-05-17;177
2020-05-16;"Prešovský kraj";0;0;0;0;NA;112414;0;2020-05-16;177
2020-05-15;"Prešovský kraj";0;0;0;0;NA;112414;0;2020-05-15;177
2020-05-14;"Prešovský kraj";0;0;0;0;NA;112414;0;2020-05-14;177
2020-05-13;"Prešovský kraj";1;0;0;0;NA;112414;1;2020-05-13;177
2020-05-12;"Prešovský kraj";0;0;0;0;NA;112414;0;2020-05-12;176
2020-05-11;"Prešovský kraj";1;0;0;0;NA;112414;1;2020-05-11;176
2020-05-09;"Prešovský kraj";0;0;0;0;NA;112414;0;2020-05-09;175
2020-05-07;"Prešovský kraj";0;0;0;0;NA;112414;0;2020-05-07;175
2020-05-06;"Prešovský kraj";0;0;0;0;NA;112414;0;2020-05-06;175
2020-05-05;"Prešovský kraj";1;0;0;0;NA;112414;1;2020-05-05;175
2020-05-04;"Prešovský kraj";0;0;0;0;NA;112414;0;2020-05-04;174
2020-05-03;"Prešovský kraj";0;0;0;0;NA;112414;0;2020-05-03;174
2020-05-02;"Prešovský kraj";0;0;0;0;NA;112414;0;2020-05-02;174
2020-05-01;"Prešovský kraj";2;0;0;0;NA;112414;2;2020-05-01;174
2020-04-30;"Prešovský kraj";0;0;0;0;NA;112414;0;2020-04-30;172
2020-04-29;"Prešovský kraj";1;0;0;0;NA;112414;1;2020-04-29;172
2020-04-28;"Prešovský kraj";1;0;0;0;NA;112414;1;2020-04-28;171
2020-04-27;"Prešovský kraj";2;0;0;0;NA;112414;2;2020-04-27;170
2020-04-26;"Prešovský kraj";0;0;0;0;NA;112414;0;2020-04-26;168
2020-04-25;"Prešovský kraj";0;0;0;0;NA;112414;0;2020-04-25;168
2020-04-24;"Prešovský kraj";0;0;0;0;NA;112414;0;2020-04-24;168
2020-04-23;"Prešovský kraj";2;0;0;0;NA;112414;2;2020-04-23;168
2020-04-22;"Prešovský kraj";11;0;0;0;NA;112414;11;2020-04-22;166
2020-04-21;"Prešovský kraj";12;0;0;0;NA;112414;12;2020-04-21;155
2020-04-20;"Prešovský kraj";2;0;0;0;NA;112414;2;2020-04-20;143
2020-04-19;"Prešovský kraj";4;0;0;0;NA;112414;4;2020-04-19;141
2020-04-18;"Prešovský kraj";1;0;0;0;NA;112414;1;2020-04-18;137
2020-04-17;"Prešovský kraj";4;0;0;0;NA;112414;4;2020-04-17;136
2020-04-16;"Prešovský kraj";9;0;0;0;NA;112414;9;2020-04-16;132
2020-04-15;"Prešovský kraj";21;0;0;0;NA;112414;21;2020-04-15;123
2020-04-14;"Prešovský kraj";1;0;0;0;NA;112414;1;2020-04-14;102
2020-04-13;"Prešovský kraj";2;0;0;0;NA;112414;2;2020-04-13;101
2020-04-12;"Prešovský kraj";6;0;0;0;NA;112414;6;2020-04-12;99
2020-04-11;"Prešovský kraj";4;0;0;0;NA;112414;4;2020-04-11;93
2020-04-10;"Prešovský kraj";0;0;0;0;NA;112414;0;2020-04-10;89
2020-04-09;"Prešovský kraj";1;0;0;0;NA;112414;1;2020-04-09;89
2020-04-08;"Prešovský kraj";0;0;0;0;NA;112414;0;2020-04-08;88
2020-04-07;"Prešovský kraj";7;0;0;0;NA;112414;7;2020-04-07;88
2020-04-06;"Prešovský kraj";10;0;0;0;NA;112414;10;2020-04-06;81
2020-04-05;"Prešovský kraj";13;0;0;0;NA;112414;13;2020-04-05;71
2020-04-04;"Prešovský kraj";1;0;0;0;NA;112414;1;2020-04-04;58
2020-04-03;"Prešovský kraj";4;0;0;0;NA;112414;4;2020-04-03;57
2020-04-02;"Prešovský kraj";6;0;0;0;NA;112414;6;2020-04-02;53
2020-04-01;"Prešovský kraj";6;0;0;0;NA;112414;6;2020-04-01;47
2020-03-31;"Prešovský kraj";6;0;0;0;NA;112414;6;2020-03-31;41
2020-03-30;"Prešovský kraj";2;0;0;0;NA;112414;2;2020-03-30;35
2020-03-29;"Prešovský kraj";2;0;0;0;NA;112414;2;2020-03-29;33
2020-03-28;"Prešovský kraj";2;0;0;0;NA;112414;2;2020-03-28;31
2020-03-27;"Prešovský kraj";1;0;0;0;NA;112414;1;2020-03-27;29
2020-03-26;"Prešovský kraj";8;0;0;0;NA;112414;8;2020-03-26;28
2020-03-25;"Prešovský kraj";1;0;0;0;NA;112414;1;2020-03-25;20
2020-03-24;"Prešovský kraj";4;0;0;0;NA;112414;4;2020-03-24;19
2020-03-23;"Prešovský kraj";0;0;0;0;NA;112414;0;2020-03-23;15
2020-03-22;"Prešovský kraj";1;0;0;0;NA;112414;1;2020-03-22;15
2020-03-21;"Prešovský kraj";2;0;0;0;NA;112414;2;2020-03-21;14
2020-03-20;"Prešovský kraj";3;0;0;0;NA;112414;3;2020-03-20;12
2020-03-19;"Prešovský kraj";2;0;0;0;NA;112414;2;2020-03-19;9
2020-03-18;"Prešovský kraj";1;0;0;0;NA;112414;1;2020-03-18;7
2020-03-17;"Prešovský kraj";1;0;0;0;NA;112414;1;2020-03-17;6
2020-03-16;"Prešovský kraj";4;0;0;0;NA;112414;4;2020-03-16;5
2020-03-15;"Prešovský kraj";0;0;0;0;NA;112414;0;2020-03-15;1
2020-03-14;"Prešovský kraj";1;0;0;0;NA;112414;1;2020-03-14;1
2020-03-13;"Prešovský kraj";0;0;0;0;NA;112414;0;2020-03-13;0
2020-03-12;"Prešovský kraj";0;0;0;0;NA;112414;0;2020-03-12;0
2020-03-11;"Prešovský kraj";0;0;0;0;NA;112414;0;2020-03-11;0
2020-03-09;"Prešovský kraj";0;0;0;0;NA;112414;0;2020-03-09;0
2020-03-08;"Prešovský kraj";0;0;0;0;NA;112414;0;2020-03-08;0
2020-03-07;"Prešovský kraj";0;0;0;0;NA;112414;0;2020-03-07;0
2020-03-06;"Prešovský kraj";0;0;0;0;NA;112414;0;2020-03-06;0
2021-05-16;"Trenčiansky kraj";25;15614;41;15655;52767;99597;66;2021-05-16;99597
2021-05-15;"Trenčiansky kraj";3;21237;32;21269;NA;99597;35;2021-05-15;99531
2021-05-14;"Trenčiansky kraj";41;18640;42;18682;NA;99597;83;2021-05-14;99496
2021-05-13;"Trenčiansky kraj";41;8194;24;8218;NA;99597;65;2021-05-13;99413
2021-05-12;"Trenčiansky kraj";41;8047;34;8081;NA;99597;75;2021-05-12;99348
2021-05-11;"Trenčiansky kraj";66;9856;29;9885;NA;99597;95;2021-05-11;99273
2021-05-10;"Trenčiansky kraj";48;13974;58;14032;NA;99597;106;2021-05-10;99178
2021-05-09;"Trenčiansky kraj";52;17736;39;17775;NA;99597;91;2021-05-09;99072
2021-05-08;"Trenčiansky kraj";3;23575;33;23608;NA;99597;36;2021-05-08;98981
2021-05-07;"Trenčiansky kraj";45;23512;56;23568;NA;99597;101;2021-05-07;98945
2021-05-06;"Trenčiansky kraj";26;10585;44;10629;NA;99597;70;2021-05-06;98844
2021-05-05;"Trenčiansky kraj";73;9936;41;9977;NA;99597;114;2021-05-05;98774
2021-05-04;"Trenčiansky kraj";55;12730;53;12783;NA;99597;108;2021-05-04;98660
2021-05-03;"Trenčiansky kraj";60;15329;51;15380;NA;99597;111;2021-05-03;98552
2021-05-02;"Trenčiansky kraj";0;30207;65;30272;NA;99597;65;2021-05-02;98441
2021-05-01;"Trenčiansky kraj";71;56303;61;56364;NA;99597;132;2021-05-01;98376
2021-04-30;"Trenčiansky kraj";77;29035;61;29096;NA;99597;138;2021-04-30;98244
2021-04-29;"Trenčiansky kraj";49;12748;58;12806;NA;99597;107;2021-04-29;98106
2021-04-28;"Trenčiansky kraj";79;12144;51;12195;NA;99597;130;2021-04-28;97999
2021-04-27;"Trenčiansky kraj";107;15227;40;15267;NA;99597;147;2021-04-27;97869
2021-04-26;"Trenčiansky kraj";52;21242;66;21308;NA;99597;118;2021-04-26;97722
2021-04-25;"Trenčiansky kraj";0;34305;49;34354;NA;99597;49;2021-04-25;97604
2021-04-24;"Trenčiansky kraj";76;71188;99;71287;NA;99597;175;2021-04-24;97555
2021-04-23;"Trenčiansky kraj";143;29359;78;29437;NA;99597;221;2021-04-23;97380
2021-04-22;"Trenčiansky kraj";71;13531;64;13595;NA;99597;135;2021-04-22;97159
2021-04-21;"Trenčiansky kraj";79;12593;67;12660;NA;99597;146;2021-04-21;97024
2021-04-20;"Trenčiansky kraj";142;17414;78;17492;NA;99597;220;2021-04-20;96878
2021-04-19;"Trenčiansky kraj";102;22300;102;22402;NA;99597;204;2021-04-19;96658
2021-04-18;"Trenčiansky kraj";3;40202;95;40297;NA;99597;98;2021-04-18;96454
2021-04-17;"Trenčiansky kraj";77;80867;136;81003;NA;99597;213;2021-04-17;96356
2021-04-16;"Trenčiansky kraj";100;31352;90;31442;NA;99597;190;2021-04-16;96143
2021-04-15;"Trenčiansky kraj";71;14107;69;14176;NA;99597;140;2021-04-15;95953
2021-04-14;"Trenčiansky kraj";135;15019;72;15091;NA;99597;207;2021-04-14;95813
2021-04-13;"Trenčiansky kraj";189;18300;73;18373;NA;99597;262;2021-04-13;95606
2021-04-12;"Trenčiansky kraj";97;23248;91;23339;NA;99597;188;2021-04-12;95344
2021-04-11;"Trenčiansky kraj";1;34151;75;34226;NA;99597;76;2021-04-11;95156
2021-04-10;"Trenčiansky kraj";81;82474;145;82619;NA;99597;226;2021-04-10;95080
2021-04-09;"Trenčiansky kraj";120;27547;88;27635;NA;99597;208;2021-04-09;94854
2021-04-08;"Trenčiansky kraj";112;12937;85;13022;NA;99597;197;2021-04-08;94646
2021-04-07;"Trenčiansky kraj";204;17689;122;17811;NA;99597;326;2021-04-07;94449
2021-04-06;"Trenčiansky kraj";157;28532;178;28710;NA;99597;335;2021-04-06;94123
2021-04-05;"Trenčiansky kraj";15;9227;64;9291;NA;99597;79;2021-04-05;93788
2021-04-04;"Trenčiansky kraj";2;20291;85;20376;NA;99597;87;2021-04-04;93709
2021-04-03;"Trenčiansky kraj";86;80473;221;80694;NA;99597;307;2021-04-03;93622
2021-04-02;"Trenčiansky kraj";126;21620;81;21701;NA;99597;207;2021-04-02;93315
2021-04-01;"Trenčiansky kraj";159;32370;139;32509;NA;99597;298;2021-04-01;93108
2021-03-31;"Trenčiansky kraj";198;20100;130;20230;NA;99597;328;2021-03-31;92810
2021-03-30;"Trenčiansky kraj";272;17304;136;17440;NA;99597;408;2021-03-30;92482
2021-03-29;"Trenčiansky kraj";142;19479;170;19649;NA;99597;312;2021-03-29;92074
2021-03-28;"Trenčiansky kraj";3;34756;116;34872;NA;99597;119;2021-03-28;91762
2021-03-27;"Trenčiansky kraj";130;77314;293;77607;NA;99597;423;2021-03-27;91643
2021-03-26;"Trenčiansky kraj";211;35092;157;35249;NA;99597;368;2021-03-26;91220
2021-03-25;"Trenčiansky kraj";184;16579;176;16755;NA;99597;360;2021-03-25;90852
2021-03-24;"Trenčiansky kraj";259;13099;171;13270;NA;99597;430;2021-03-24;90492
2021-03-23;"Trenčiansky kraj";349;17588;174;17762;NA;99597;523;2021-03-23;90062
2021-03-22;"Trenčiansky kraj";141;21118;213;21331;NA;99597;354;2021-03-22;89539
2021-03-21;"Trenčiansky kraj";85;32709;164;32873;NA;99597;249;2021-03-21;89185
2021-03-20;"Trenčiansky kraj";128;80035;322;80357;NA;99597;450;2021-03-20;88936
2021-03-19;"Trenčiansky kraj";231;34784;232;35016;NA;99597;463;2021-03-19;88486
2021-03-18;"Trenčiansky kraj";262;16105;178;16283;NA;99597;440;2021-03-18;88023
2021-03-17;"Trenčiansky kraj";366;13436;163;13599;NA;99597;529;2021-03-17;87583
2021-03-16;"Trenčiansky kraj";450;15281;241;15522;NA;99597;691;2021-03-16;87054
2021-03-15;"Trenčiansky kraj";162;21235;261;21496;NA;99597;423;2021-03-15;86363
2021-03-14;"Trenčiansky kraj";42;33890;233;34123;NA;99597;275;2021-03-14;85940
2021-03-13;"Trenčiansky kraj";270;79187;453;79640;NA;99597;723;2021-03-13;85665
2021-03-12;"Trenčiansky kraj";366;34787;307;35094;NA;99597;673;2021-03-12;84942
2021-03-11;"Trenčiansky kraj";302;15557;213;15770;NA;99597;515;2021-03-11;84269
2021-03-10;"Trenčiansky kraj";402;13585;237;13822;NA;99597;639;2021-03-10;83754
2021-03-09;"Trenčiansky kraj";586;17982;285;18267;NA;99597;871;2021-03-09;83115
2021-03-08;"Trenčiansky kraj";174;21704;363;22067;NA;99597;537;2021-03-08;82244
2021-03-07;"Trenčiansky kraj";4;33991;318;34309;NA;99597;322;2021-03-07;81707
2021-03-06;"Trenčiansky kraj";260;79658;529;80187;NA;99597;789;2021-03-06;81385
2021-03-05;"Trenčiansky kraj";326;32946;416;33362;NA;99597;742;2021-03-05;80596
2021-03-04;"Trenčiansky kraj";323;16820;315;17135;NA;99597;638;2021-03-04;79854
2021-03-03;"Trenčiansky kraj";413;13953;346;14299;NA;99597;759;2021-03-03;79216
2021-03-02;"Trenčiansky kraj";612;17797;344;18141;NA;99597;956;2021-03-02;78457
2021-03-01;"Trenčiansky kraj";217;21127;445;21572;NA;99597;662;2021-03-01;77501
2021-02-28;"Trenčiansky kraj";45;30238;376;30614;NA;99597;421;2021-02-28;76839
2021-02-27;"Trenčiansky kraj";277;78732;686;79418;NA;99597;963;2021-02-27;76418
2021-02-26;"Trenčiansky kraj";420;32932;435;33367;NA;99597;855;2021-02-26;75455
2021-02-25;"Trenčiansky kraj";424;14029;328;14357;NA;99597;752;2021-02-25;74600
2021-02-24;"Trenčiansky kraj";427;12003;399;12402;NA;99597;826;2021-02-24;73848
2021-02-23;"Trenčiansky kraj";577;14904;390;15294;NA;99597;967;2021-02-23;73022
2021-02-22;"Trenčiansky kraj";160;19969;468;20437;NA;99597;628;2021-02-22;72055
2021-02-21;"Trenčiansky kraj";64;29478;392;29870;NA;99597;456;2021-02-21;71427
2021-02-20;"Trenčiansky kraj";274;77840;745;78585;NA;99597;1019;2021-02-20;70971
2021-02-19;"Trenčiansky kraj";272;30245;520;30765;NA;99597;792;2021-02-19;69952
2021-02-18;"Trenčiansky kraj";355;14378;410;14788;NA;99597;765;2021-02-18;69160
2021-02-17;"Trenčiansky kraj";363;11399;376;11775;NA;99597;739;2021-02-17;68395
2021-02-16;"Trenčiansky kraj";488;17761;406;18167;NA;99597;894;2021-02-16;67656
2021-02-15;"Trenčiansky kraj";151;21846;463;22309;NA;99597;614;2021-02-15;66762
2021-02-14;"Trenčiansky kraj";2;31255;324;31579;NA;99597;326;2021-02-14;66148
2021-02-13;"Trenčiansky kraj";274;63006;522;63528;NA;99597;796;2021-02-13;65822
2021-02-12;"Trenčiansky kraj";276;27966;412;28378;NA;99597;688;2021-02-12;65026
2021-02-11;"Trenčiansky kraj";291;11566;323;11889;NA;99597;614;2021-02-11;64338
2021-02-10;"Trenčiansky kraj";304;11402;317;11719;NA;99597;621;2021-02-10;63724
2021-02-09;"Trenčiansky kraj";514;18401;360;18761;NA;99597;874;2021-02-09;63103
2021-02-08;"Trenčiansky kraj";182;26972;430;27402;NA;99597;612;2021-02-08;62229
2021-02-07;"Trenčiansky kraj";31;36772;341;37113;NA;99597;372;2021-02-07;61617
2021-02-06;"Trenčiansky kraj";216;63931;560;64491;NA;99597;776;2021-02-06;61245
2021-02-05;"Trenčiansky kraj";202;18154;367;18521;NA;99597;569;2021-02-05;60469
2021-02-04;"Trenčiansky kraj";266;7248;311;7559;NA;99597;577;2021-02-04;59900
2021-02-03;"Trenčiansky kraj";162;6677;320;6997;NA;99597;482;2021-02-03;59323
2021-02-02;"Trenčiansky kraj";347;8058;380;8438;NA;99597;727;2021-02-02;58841
2021-02-01;"Trenčiansky kraj";167;8917;311;9228;NA;99597;478;2021-02-01;58114
2021-01-31;"Trenčiansky kraj";7;19103;159;19262;NA;99597;166;2021-01-31;57636
2021-01-30;"Trenčiansky kraj";228;38167;332;38499;NA;99597;560;2021-01-30;57470
2021-01-29;"Trenčiansky kraj";214;7586;235;7821;NA;99597;449;2021-01-29;56910
2021-01-28;"Trenčiansky kraj";307;5442;158;5600;NA;99597;465;2021-01-28;56461
2021-01-27;"Trenčiansky kraj";166;4842;181;5023;NA;99597;347;2021-01-27;55996
2021-01-26;"Trenčiansky kraj";303;14585;250;14835;NA;99597;553;2021-01-26;55649
2021-01-25;"Trenčiansky kraj";160;24302;207;24509;NA;99597;367;2021-01-25;55096
2021-01-24;"Trenčiansky kraj";51;38369;282;38651;NA;99597;333;2021-01-24;54729
2021-01-23;"Trenčiansky kraj";206;114125;749;114874;NA;99597;955;2021-01-23;54396
2021-01-22;"Trenčiansky kraj";148;21833;242;22075;NA;99597;390;2021-01-22;53441
2021-01-21;"Trenčiansky kraj";143;8582;166;8748;NA;99597;309;2021-01-21;53051
2021-01-20;"Trenčiansky kraj";181;8189;227;8416;NA;99597;408;2021-01-20;52742
2021-01-19;"Trenčiansky kraj";363;6618;262;6880;NA;99597;625;2021-01-19;52334
2021-01-18;"Trenčiansky kraj";72;4970;321;5291;NA;99597;393;2021-01-18;51709
2021-01-17;"Trenčiansky kraj";124;156;11;167;NA;99597;135;2021-01-17;51316
2021-01-16;"Trenčiansky kraj";39;1288;53;1341;NA;99597;92;2021-01-16;51181
2021-01-15;"Trenčiansky kraj";264;4029;218;4247;NA;99597;482;2021-01-15;51089
2021-01-14;"Trenčiansky kraj";275;3193;189;3382;NA;99597;464;2021-01-14;50607
2021-01-13;"Trenčiansky kraj";222;3893;215;4108;NA;99597;437;2021-01-13;50143
2021-01-12;"Trenčiansky kraj";508;4604;261;4865;NA;99597;769;2021-01-12;49706
2021-01-11;"Trenčiansky kraj";142;4367;354;4721;NA;99597;496;2021-01-11;48937
2021-01-10;"Trenčiansky kraj";89;4969;77;5046;NA;99597;166;2021-01-10;48441
2021-01-09;"Trenčiansky kraj";276;8280;128;8408;NA;99597;404;2021-01-09;48275
2021-01-08;"Trenčiansky kraj";489;6434;484;6918;NA;99597;973;2021-01-08;47871
2021-01-07;"Trenčiansky kraj";420;6138;577;6715;NA;99597;997;2021-01-07;46898
2021-01-06;"Trenčiansky kraj";221;1021;64;1085;NA;99597;285;2021-01-06;45901
2021-01-05;"Trenčiansky kraj";669;5753;706;6459;NA;99597;1375;2021-01-05;45616
2021-01-04;"Trenčiansky kraj";337;5248;782;6030;NA;99597;1119;2021-01-04;44241
2021-01-03;"Trenčiansky kraj";38;114;15;129;NA;99597;53;2021-01-03;43122
2021-01-02;"Trenčiansky kraj";129;196;23;219;NA;99597;152;2021-01-02;43069
2021-01-01;"Trenčiansky kraj";329;347;23;370;NA;99597;352;2021-01-01;42917
2020-12-31;"Trenčiansky kraj";597;4943;557;5500;NA;99597;1154;2020-12-31;42565
2020-12-30;"Trenčiansky kraj";836;7012;762;7774;NA;99597;1598;2020-12-30;41411
2020-12-29;"Trenčiansky kraj";459;6191;1018;7209;NA;99597;1477;2020-12-29;39813
2020-12-28;"Trenčiansky kraj";258;4195;777;4972;NA;99597;1035;2020-12-28;38336
2020-12-27;"Trenčiansky kraj";5;208;36;244;NA;99597;41;2020-12-27;37301
2020-12-26;"Trenčiansky kraj";174;74;10;84;NA;99597;184;2020-12-26;37260
2020-12-25;"Trenčiansky kraj";251;325;47;372;NA;99597;298;2020-12-25;37076
2020-12-24;"Trenčiansky kraj";552;2194;256;2450;NA;99597;808;2020-12-24;36778
2020-12-23;"Trenčiansky kraj";421;6552;661;7213;NA;99597;1082;2020-12-23;35970
2020-12-22;"Trenčiansky kraj";673;5760;694;6454;NA;99597;1367;2020-12-22;34888
2020-12-21;"Trenčiansky kraj";248;13321;956;14277;NA;99597;1204;2020-12-21;33521
2020-12-20;"Trenčiansky kraj";238;12504;292;12796;NA;99597;530;2020-12-20;32317
2020-12-19;"Trenčiansky kraj";341;1611;150;1761;NA;99597;491;2020-12-19;31787
2020-12-18;"Trenčiansky kraj";521;5199;615;5814;NA;99597;1136;2020-12-18;31296
2020-12-17;"Trenčiansky kraj";670;3843;524;4367;NA;99597;1194;2020-12-17;30160
2020-12-16;"Trenčiansky kraj";461;4464;647;5111;NA;99597;1108;2020-12-16;28966
2020-12-15;"Trenčiansky kraj";595;3805;670;4475;NA;99597;1265;2020-12-15;27858
2020-12-14;"Trenčiansky kraj";318;3194;613;3807;NA;99597;931;2020-12-14;26593
2020-12-13;"Trenčiansky kraj";77;49;6;55;NA;99597;83;2020-12-13;25662
2020-12-12;"Trenčiansky kraj";314;1191;132;1323;NA;99597;446;2020-12-12;25579
2020-12-11;"Trenčiansky kraj";751;4066;479;4545;NA;99597;1230;2020-12-11;25133
2020-12-10;"Trenčiansky kraj";271;3354;473;3827;NA;99597;744;2020-12-10;23903
2020-12-09;"Trenčiansky kraj";508;3788;466;4254;NA;99597;974;2020-12-09;23159
2020-12-08;"Trenčiansky kraj";546;3440;522;3962;NA;99597;1068;2020-12-08;22185
2020-12-07;"Trenčiansky kraj";258;3832;468;4300;NA;99597;726;2020-12-07;21117
2020-12-06;"Trenčiansky kraj";114;187;11;198;NA;99597;125;2020-12-06;20391
2020-12-05;"Trenčiansky kraj";223;616;56;672;NA;99597;279;2020-12-05;20266
2020-12-04;"Trenčiansky kraj";253;2989;273;3262;NA;99597;526;2020-12-04;19987
2020-12-03;"Trenčiansky kraj";503;1739;179;1918;NA;99597;682;2020-12-03;19461
2020-12-02;"Trenčiansky kraj";418;1887;232;2119;NA;99597;650;2020-12-02;18779
2020-12-01;"Trenčiansky kraj";321;5705;353;6058;NA;99597;674;2020-12-01;18129
2020-11-30;"Trenčiansky kraj";167;11514;520;12034;NA;99597;687;2020-11-30;17455
2020-11-29;"Trenčiansky kraj";29;30;5;35;NA;99597;34;2020-11-29;16768
2020-11-28;"Trenčiansky kraj";202;1051;93;1144;NA;99597;295;2020-11-28;16734
2020-11-27;"Trenčiansky kraj";330;1888;186;2074;NA;99597;516;2020-11-27;16439
2020-11-26;"Trenčiansky kraj";395;1252;122;1374;NA;99597;517;2020-11-26;15923
2020-11-25;"Trenčiansky kraj";322;1444;160;1604;NA;99597;482;2020-11-25;15406
2020-11-24;"Trenčiansky kraj";348;2553;308;2861;NA;99597;656;2020-11-24;14924
2020-11-23;"Trenčiansky kraj";159;1186;122;1308;NA;99597;281;2020-11-23;14268
2020-11-22;"Trenčiansky kraj";26;30;7;37;NA;99597;33;2020-11-22;13987
2020-11-21;"Trenčiansky kraj";255;1376;69;1445;NA;99597;324;2020-11-21;13954
2020-11-20;"Trenčiansky kraj";316;861;93;954;NA;99597;409;2020-11-20;13630
2020-11-19;"Trenčiansky kraj";316;740;113;853;NA;99597;429;2020-11-19;13221
2020-11-18;"Trenčiansky kraj";233;379;66;445;NA;99597;299;2020-11-18;12792
2020-11-17;"Trenčiansky kraj";222;106;15;121;NA;99597;237;2020-11-17;12493
2020-11-16;"Trenčiansky kraj";245;236;45;281;NA;99597;290;2020-11-16;12256
2020-11-15;"Trenčiansky kraj";109;29;6;35;NA;99597;115;2020-11-15;11966
2020-11-14;"Trenčiansky kraj";190;74;11;85;NA;99597;201;2020-11-14;11851
2020-11-13;"Trenčiansky kraj";308;131;13;144;NA;99597;321;2020-11-13;11650
2020-11-12;"Trenčiansky kraj";324;124;5;129;NA;99597;329;2020-11-12;11329
2020-11-11;"Trenčiansky kraj";366;113;10;123;NA;99597;376;2020-11-11;11000
2020-11-10;"Trenčiansky kraj";277;106;6;112;NA;99597;283;2020-11-10;10624
2020-11-09;"Trenčiansky kraj";115;1407;48;1455;NA;99597;163;2020-11-09;10341
2020-11-08;"Trenčiansky kraj";81;1271;8;1279;NA;99597;89;2020-11-08;10178
2020-11-07;"Trenčiansky kraj";319;3662;59;3721;NA;99597;378;2020-11-07;10089
2020-11-06;"Trenčiansky kraj";383;6893;84;6977;NA;99597;467;2020-11-06;9711
2020-11-05;"Trenčiansky kraj";399;98;15;113;NA;99597;414;2020-11-05;9244
2020-11-04;"Trenčiansky kraj";370;91;9;100;NA;99597;379;2020-11-04;8830
2020-11-03;"Trenčiansky kraj";575;97;8;105;NA;99597;583;2020-11-03;8451
2020-11-02;"Trenčiansky kraj";197;1833;68;1901;NA;99597;265;2020-11-02;7868
2020-11-01;"Trenčiansky kraj";257;808;24;832;NA;99597;281;2020-11-01;7603
2020-10-31;"Trenčiansky kraj";332;4719;82;4801;NA;99597;414;2020-10-31;7322
2020-10-30;"Trenčiansky kraj";299;5283;102;5385;NA;99597;401;2020-10-30;6908
2020-10-29;"Trenčiansky kraj";496;764;68;832;NA;99597;564;2020-10-29;6507
2020-10-28;"Trenčiansky kraj";269;192;33;225;NA;99597;302;2020-10-28;5943
2020-10-27;"Trenčiansky kraj";473;127;27;154;NA;99597;500;2020-10-27;5641
2020-10-26;"Trenčiansky kraj";177;107;36;143;NA;99597;213;2020-10-26;5141
2020-10-25;"Trenčiansky kraj";138;9;5;14;NA;99597;143;2020-10-25;4928
2020-10-24;"Trenčiansky kraj";395;128;6;134;NA;99597;401;2020-10-24;4785
2020-10-23;"Trenčiansky kraj";301;154;8;162;NA;99597;309;2020-10-23;4384
2020-10-22;"Trenčiansky kraj";273;82;12;94;NA;99597;285;2020-10-22;4075
2020-10-21;"Trenčiansky kraj";183;53;9;62;NA;99597;192;2020-10-21;3790
2020-10-20;"Trenčiansky kraj";212;47;6;53;NA;99597;218;2020-10-20;3598
2020-10-19;"Trenčiansky kraj";41;83;25;108;NA;99597;66;2020-10-19;3380
2020-10-18;"Trenčiansky kraj";104;0;0;0;NA;99597;104;2020-10-18;3314
2020-10-17;"Trenčiansky kraj";157;0;0;0;NA;99597;157;2020-10-17;3210
2020-10-16;"Trenčiansky kraj";225;42;6;48;NA;99597;231;2020-10-16;3053
2020-10-15;"Trenčiansky kraj";255;39;4;43;NA;99597;259;2020-10-15;2822
2020-10-14;"Trenčiansky kraj";162;42;7;49;NA;99597;169;2020-10-14;2563
2020-10-13;"Trenčiansky kraj";124;105;12;117;NA;99597;136;2020-10-13;2394
2020-10-12;"Trenčiansky kraj";55;0;0;0;NA;99597;55;2020-10-12;2258
2020-10-11;"Trenčiansky kraj";73;0;0;0;NA;99597;73;2020-10-11;2203
2020-10-10;"Trenčiansky kraj";180;0;0;0;NA;99597;180;2020-10-10;2130
2020-10-09;"Trenčiansky kraj";198;0;0;0;NA;99597;198;2020-10-09;1950
2020-10-08;"Trenčiansky kraj";115;0;0;0;NA;99597;115;2020-10-08;1752
2020-10-07;"Trenčiansky kraj";75;0;0;0;NA;99597;75;2020-10-07;1637
2020-10-06;"Trenčiansky kraj";72;0;0;0;NA;99597;72;2020-10-06;1562
2020-10-05;"Trenčiansky kraj";32;0;0;0;NA;99597;32;2020-10-05;1490
2020-10-04;"Trenčiansky kraj";37;0;0;0;NA;99597;37;2020-10-04;1458
2020-10-03;"Trenčiansky kraj";79;0;0;0;NA;99597;79;2020-10-03;1421
2020-10-02;"Trenčiansky kraj";69;0;0;0;NA;99597;69;2020-10-02;1342
2020-10-01;"Trenčiansky kraj";58;0;0;0;NA;99597;58;2020-10-01;1273
2020-09-30;"Trenčiansky kraj";76;0;0;0;NA;99597;76;2020-09-30;1215
2020-09-29;"Trenčiansky kraj";43;0;0;0;NA;99597;43;2020-09-29;1139
2020-09-28;"Trenčiansky kraj";7;0;0;0;NA;99597;7;2020-09-28;1096
2020-09-27;"Trenčiansky kraj";12;0;0;0;NA;99597;12;2020-09-27;1089
2020-09-26;"Trenčiansky kraj";37;0;0;0;NA;99597;37;2020-09-26;1077
2020-09-25;"Trenčiansky kraj";72;0;0;0;NA;99597;72;2020-09-25;1040
2020-09-24;"Trenčiansky kraj";41;0;0;0;NA;99597;41;2020-09-24;968
2020-09-23;"Trenčiansky kraj";32;0;0;0;NA;99597;32;2020-09-23;927
2020-09-22;"Trenčiansky kraj";26;0;0;0;NA;99597;26;2020-09-22;895
2020-09-21;"Trenčiansky kraj";23;0;0;0;NA;99597;23;2020-09-21;869
2020-09-20;"Trenčiansky kraj";21;0;0;0;NA;99597;21;2020-09-20;846
2020-09-19;"Trenčiansky kraj";20;0;0;0;NA;99597;20;2020-09-19;825
2020-09-18;"Trenčiansky kraj";41;0;0;0;NA;99597;41;2020-09-18;805
2020-09-17;"Trenčiansky kraj";20;0;0;0;NA;99597;20;2020-09-17;764
2020-09-16;"Trenčiansky kraj";14;0;0;0;NA;99597;14;2020-09-16;744
2020-09-15;"Trenčiansky kraj";8;0;0;0;NA;99597;8;2020-09-15;730
2020-09-14;"Trenčiansky kraj";5;0;0;0;NA;99597;5;2020-09-14;722
2020-09-13;"Trenčiansky kraj";12;0;0;0;NA;99597;12;2020-09-13;717
2020-09-12;"Trenčiansky kraj";2;0;0;0;NA;99597;2;2020-09-12;705
2020-09-11;"Trenčiansky kraj";27;0;0;0;NA;99597;27;2020-09-11;703
2020-09-10;"Trenčiansky kraj";15;0;0;0;NA;99597;15;2020-09-10;676
2020-09-09;"Trenčiansky kraj";11;0;0;0;NA;99597;11;2020-09-09;661
2020-09-08;"Trenčiansky kraj";12;0;0;0;NA;99597;12;2020-09-08;650
2020-09-07;"Trenčiansky kraj";6;0;0;0;NA;99597;6;2020-09-07;638
2020-09-06;"Trenčiansky kraj";1;0;0;0;NA;99597;1;2020-09-06;632
2020-09-05;"Trenčiansky kraj";3;0;0;0;NA;99597;3;2020-09-05;631
2020-09-04;"Trenčiansky kraj";9;0;0;0;NA;99597;9;2020-09-04;628
2020-09-03;"Trenčiansky kraj";10;0;0;0;NA;99597;10;2020-09-03;619
2020-09-02;"Trenčiansky kraj";5;0;0;0;NA;99597;5;2020-09-02;609
2020-09-01;"Trenčiansky kraj";1;0;0;0;NA;99597;1;2020-09-01;604
2020-08-31;"Trenčiansky kraj";12;0;0;0;NA;99597;12;2020-08-31;603
2020-08-30;"Trenčiansky kraj";0;0;0;0;NA;99597;0;2020-08-30;591
2020-08-29;"Trenčiansky kraj";1;0;0;0;NA;99597;1;2020-08-29;591
2020-08-28;"Trenčiansky kraj";12;0;0;0;NA;99597;12;2020-08-28;590
2020-08-27;"Trenčiansky kraj";10;0;0;0;NA;99597;10;2020-08-27;578
2020-08-26;"Trenčiansky kraj";15;0;0;0;NA;99597;15;2020-08-26;568
2020-08-25;"Trenčiansky kraj";12;0;0;0;NA;99597;12;2020-08-25;553
2020-08-24;"Trenčiansky kraj";4;0;0;0;NA;99597;4;2020-08-24;541
2020-08-23;"Trenčiansky kraj";5;0;0;0;NA;99597;5;2020-08-23;537
2020-08-22;"Trenčiansky kraj";6;0;0;0;NA;99597;6;2020-08-22;532
2020-08-21;"Trenčiansky kraj";6;0;0;0;NA;99597;6;2020-08-21;526
2020-08-20;"Trenčiansky kraj";20;0;0;0;NA;99597;20;2020-08-20;520
2020-08-19;"Trenčiansky kraj";17;0;0;0;NA;99597;17;2020-08-19;500
2020-08-18;"Trenčiansky kraj";9;0;0;0;NA;99597;9;2020-08-18;483
2020-08-17;"Trenčiansky kraj";4;0;0;0;NA;99597;4;2020-08-17;474
2020-08-16;"Trenčiansky kraj";0;0;0;0;NA;99597;0;2020-08-16;470
2020-08-15;"Trenčiansky kraj";9;0;0;0;NA;99597;9;2020-08-15;470
2020-08-14;"Trenčiansky kraj";15;0;0;0;NA;99597;15;2020-08-14;461
2020-08-13;"Trenčiansky kraj";23;0;0;0;NA;99597;23;2020-08-13;446
2020-08-12;"Trenčiansky kraj";6;0;0;0;NA;99597;6;2020-08-12;423
2020-08-11;"Trenčiansky kraj";7;0;0;0;NA;99597;7;2020-08-11;417
2020-08-10;"Trenčiansky kraj";9;0;0;0;NA;99597;9;2020-08-10;410
2020-08-09;"Trenčiansky kraj";1;0;0;0;NA;99597;1;2020-08-09;401
2020-08-08;"Trenčiansky kraj";4;0;0;0;NA;99597;4;2020-08-08;400
2020-08-07;"Trenčiansky kraj";4;0;0;0;NA;99597;4;2020-08-07;396
2020-08-06;"Trenčiansky kraj";13;0;0;0;NA;99597;13;2020-08-06;392
2020-08-05;"Trenčiansky kraj";39;0;0;0;NA;99597;39;2020-08-05;379
2020-08-04;"Trenčiansky kraj";9;0;0;0;NA;99597;9;2020-08-04;340
2020-08-03;"Trenčiansky kraj";0;0;0;0;NA;99597;0;2020-08-03;331
2020-08-02;"Trenčiansky kraj";2;0;0;0;NA;99597;2;2020-08-02;331
2020-08-01;"Trenčiansky kraj";6;0;0;0;NA;99597;6;2020-08-01;329
2020-07-31;"Trenčiansky kraj";16;0;0;0;NA;99597;16;2020-07-31;323
2020-07-30;"Trenčiansky kraj";4;0;0;0;NA;99597;4;2020-07-30;307
2020-07-29;"Trenčiansky kraj";5;0;0;0;NA;99597;5;2020-07-29;303
2020-07-28;"Trenčiansky kraj";11;0;0;0;NA;99597;11;2020-07-28;298
2020-07-27;"Trenčiansky kraj";4;0;0;0;NA;99597;4;2020-07-27;287
2020-07-26;"Trenčiansky kraj";1;0;0;0;NA;99597;1;2020-07-26;283
2020-07-25;"Trenčiansky kraj";7;0;0;0;NA;99597;7;2020-07-25;282
2020-07-24;"Trenčiansky kraj";5;0;0;0;NA;99597;5;2020-07-24;275
2020-07-23;"Trenčiansky kraj";10;0;0;0;NA;99597;10;2020-07-23;270
2020-07-22;"Trenčiansky kraj";11;0;0;0;NA;99597;11;2020-07-22;260
2020-07-21;"Trenčiansky kraj";6;0;0;0;NA;99597;6;2020-07-21;249
2020-07-20;"Trenčiansky kraj";13;0;0;0;NA;99597;13;2020-07-20;243
2020-07-19;"Trenčiansky kraj";0;0;0;0;NA;99597;0;2020-07-19;230
2020-07-18;"Trenčiansky kraj";0;0;0;0;NA;99597;0;2020-07-18;230
2020-07-17;"Trenčiansky kraj";1;0;0;0;NA;99597;1;2020-07-17;230
2020-07-16;"Trenčiansky kraj";0;0;0;0;NA;99597;0;2020-07-16;229
2020-07-15;"Trenčiansky kraj";2;0;0;0;NA;99597;2;2020-07-15;229
2020-07-14;"Trenčiansky kraj";8;0;0;0;NA;99597;8;2020-07-14;227
2020-07-13;"Trenčiansky kraj";1;0;0;0;NA;99597;1;2020-07-13;219
2020-07-12;"Trenčiansky kraj";0;0;0;0;NA;99597;0;2020-07-12;218
2020-07-11;"Trenčiansky kraj";0;0;0;0;NA;99597;0;2020-07-11;218
2020-07-10;"Trenčiansky kraj";3;0;0;0;NA;99597;3;2020-07-10;218
2020-07-09;"Trenčiansky kraj";2;0;0;0;NA;99597;2;2020-07-09;215
2020-07-08;"Trenčiansky kraj";1;0;0;0;NA;99597;1;2020-07-08;213
2020-07-07;"Trenčiansky kraj";9;0;0;0;NA;99597;9;2020-07-07;212
2020-07-06;"Trenčiansky kraj";1;0;0;0;NA;99597;1;2020-07-06;203
2020-07-05;"Trenčiansky kraj";1;0;0;0;NA;99597;1;2020-07-05;202
2020-07-04;"Trenčiansky kraj";0;0;0;0;NA;99597;0;2020-07-04;201
2020-07-03;"Trenčiansky kraj";2;0;0;0;NA;99597;2;2020-07-03;201
2020-07-02;"Trenčiansky kraj";10;0;0;0;NA;99597;10;2020-07-02;199
2020-07-01;"Trenčiansky kraj";1;0;0;0;NA;99597;1;2020-07-01;189
2020-06-30;"Trenčiansky kraj";6;0;0;0;NA;99597;6;2020-06-30;188
2020-06-29;"Trenčiansky kraj";1;0;0;0;NA;99597;1;2020-06-29;182
2020-06-28;"Trenčiansky kraj";0;0;0;0;NA;99597;0;2020-06-28;181
2020-06-27;"Trenčiansky kraj";0;0;0;0;NA;99597;0;2020-06-27;181
2020-06-26;"Trenčiansky kraj";0;0;0;0;NA;99597;0;2020-06-26;181
2020-06-25;"Trenčiansky kraj";2;0;0;0;NA;99597;2;2020-06-25;181
2020-06-24;"Trenčiansky kraj";1;0;0;0;NA;99597;1;2020-06-24;179
2020-06-23;"Trenčiansky kraj";0;0;0;0;NA;99597;0;2020-06-23;178
2020-06-22;"Trenčiansky kraj";0;0;0;0;NA;99597;0;2020-06-22;178
2020-06-21;"Trenčiansky kraj";0;0;0;0;NA;99597;0;2020-06-21;178
2020-06-20;"Trenčiansky kraj";0;0;0;0;NA;99597;0;2020-06-20;178
2020-06-19;"Trenčiansky kraj";0;0;0;0;NA;99597;0;2020-06-19;178
2020-06-18;"Trenčiansky kraj";0;0;0;0;NA;99597;0;2020-06-18;178
2020-06-17;"Trenčiansky kraj";0;0;0;0;NA;99597;0;2020-06-17;178
2020-06-16;"Trenčiansky kraj";0;0;0;0;NA;99597;0;2020-06-16;178
2020-06-14;"Trenčiansky kraj";0;0;0;0;NA;99597;0;2020-06-14;178
2020-06-13;"Trenčiansky kraj";0;0;0;0;NA;99597;0;2020-06-13;178
2020-06-12;"Trenčiansky kraj";0;0;0;0;NA;99597;0;2020-06-12;178
2020-06-11;"Trenčiansky kraj";0;0;0;0;NA;99597;0;2020-06-11;178
2020-06-10;"Trenčiansky kraj";1;0;0;0;NA;99597;1;2020-06-10;178
2020-06-09;"Trenčiansky kraj";0;0;0;0;NA;99597;0;2020-06-09;177
2020-06-08;"Trenčiansky kraj";0;0;0;0;NA;99597;0;2020-06-08;177
2020-06-07;"Trenčiansky kraj";0;0;0;0;NA;99597;0;2020-06-07;177
2020-06-05;"Trenčiansky kraj";0;0;0;0;NA;99597;0;2020-06-05;177
2020-06-03;"Trenčiansky kraj";0;0;0;0;NA;99597;0;2020-06-03;177
2020-06-02;"Trenčiansky kraj";0;0;0;0;NA;99597;0;2020-06-02;177
2020-05-31;"Trenčiansky kraj";0;0;0;0;NA;99597;0;2020-05-31;177
2020-05-29;"Trenčiansky kraj";0;0;0;0;NA;99597;0;2020-05-29;177
2020-05-27;"Trenčiansky kraj";2;0;0;0;NA;99597;2;2020-05-27;177
2020-05-26;"Trenčiansky kraj";0;0;0;0;NA;99597;0;2020-05-26;175
2020-05-25;"Trenčiansky kraj";0;0;0;0;NA;99597;0;2020-05-25;175
2020-05-24;"Trenčiansky kraj";0;0;0;0;NA;99597;0;2020-05-24;175
2020-05-23;"Trenčiansky kraj";0;0;0;0;NA;99597;0;2020-05-23;175
2020-05-22;"Trenčiansky kraj";0;0;0;0;NA;99597;0;2020-05-22;175
2020-05-21;"Trenčiansky kraj";0;0;0;0;NA;99597;0;2020-05-21;175
2020-05-20;"Trenčiansky kraj";0;0;0;0;NA;99597;0;2020-05-20;175
2020-05-19;"Trenčiansky kraj";0;0;0;0;NA;99597;0;2020-05-19;175
2020-05-17;"Trenčiansky kraj";0;0;0;0;NA;99597;0;2020-05-17;175
2020-05-16;"Trenčiansky kraj";0;0;0;0;NA;99597;0;2020-05-16;175
2020-05-15;"Trenčiansky kraj";1;0;0;0;NA;99597;1;2020-05-15;175
2020-05-14;"Trenčiansky kraj";2;0;0;0;NA;99597;2;2020-05-14;174
2020-05-13;"Trenčiansky kraj";1;0;0;0;NA;99597;1;2020-05-13;172
2020-05-12;"Trenčiansky kraj";1;0;0;0;NA;99597;1;2020-05-12;171
2020-05-11;"Trenčiansky kraj";3;0;0;0;NA;99597;3;2020-05-11;170
2020-05-09;"Trenčiansky kraj";2;0;0;0;NA;99597;2;2020-05-09;167
2020-05-07;"Trenčiansky kraj";6;0;0;0;NA;99597;6;2020-05-07;165
2020-05-06;"Trenčiansky kraj";0;0;0;0;NA;99597;0;2020-05-06;159
2020-05-05;"Trenčiansky kraj";2;0;0;0;NA;99597;2;2020-05-05;159
2020-05-04;"Trenčiansky kraj";0;0;0;0;NA;99597;0;2020-05-04;157
2020-05-03;"Trenčiansky kraj";0;0;0;0;NA;99597;0;2020-05-03;157
2020-05-02;"Trenčiansky kraj";0;0;0;0;NA;99597;0;2020-05-02;157
2020-05-01;"Trenčiansky kraj";0;0;0;0;NA;99597;0;2020-05-01;157
2020-04-30;"Trenčiansky kraj";0;0;0;0;NA;99597;0;2020-04-30;157
2020-04-29;"Trenčiansky kraj";2;0;0;0;NA;99597;2;2020-04-29;157
2020-04-28;"Trenčiansky kraj";1;0;0;0;NA;99597;1;2020-04-28;155
2020-04-27;"Trenčiansky kraj";0;0;0;0;NA;99597;0;2020-04-27;154
2020-04-26;"Trenčiansky kraj";1;0;0;0;NA;99597;1;2020-04-26;154
2020-04-25;"Trenčiansky kraj";0;0;0;0;NA;99597;0;2020-04-25;153
2020-04-24;"Trenčiansky kraj";0;0;0;0;NA;99597;0;2020-04-24;153
2020-04-23;"Trenčiansky kraj";11;0;0;0;NA;99597;11;2020-04-23;153
2020-04-22;"Trenčiansky kraj";1;0;0;0;NA;99597;1;2020-04-22;142
2020-04-21;"Trenčiansky kraj";11;0;0;0;NA;99597;11;2020-04-21;141
2020-04-20;"Trenčiansky kraj";15;0;0;0;NA;99597;15;2020-04-20;130
2020-04-19;"Trenčiansky kraj";2;0;0;0;NA;99597;2;2020-04-19;115
2020-04-18;"Trenčiansky kraj";3;0;0;0;NA;99597;3;2020-04-18;113
2020-04-17;"Trenčiansky kraj";4;0;0;0;NA;99597;4;2020-04-17;110
2020-04-16;"Trenčiansky kraj";10;0;0;0;NA;99597;10;2020-04-16;106
2020-04-15;"Trenčiansky kraj";4;0;0;0;NA;99597;4;2020-04-15;96
2020-04-14;"Trenčiansky kraj";0;0;0;0;NA;99597;0;2020-04-14;92
2020-04-13;"Trenčiansky kraj";1;0;0;0;NA;99597;1;2020-04-13;92
2020-04-12;"Trenčiansky kraj";2;0;0;0;NA;99597;2;2020-04-12;91
2020-04-11;"Trenčiansky kraj";3;0;0;0;NA;99597;3;2020-04-11;89
2020-04-10;"Trenčiansky kraj";0;0;0;0;NA;99597;0;2020-04-10;86
2020-04-09;"Trenčiansky kraj";0;0;0;0;NA;99597;0;2020-04-09;86
2020-04-08;"Trenčiansky kraj";2;0;0;0;NA;99597;2;2020-04-08;86
2020-04-07;"Trenčiansky kraj";18;0;0;0;NA;99597;18;2020-04-07;84
2020-04-06;"Trenčiansky kraj";0;0;0;0;NA;99597;0;2020-04-06;66
2020-04-05;"Trenčiansky kraj";3;0;0;0;NA;99597;3;2020-04-05;66
2020-04-04;"Trenčiansky kraj";5;0;0;0;NA;99597;5;2020-04-04;63
2020-04-03;"Trenčiansky kraj";4;0;0;0;NA;99597;4;2020-04-03;58
2020-04-02;"Trenčiansky kraj";1;0;0;0;NA;99597;1;2020-04-02;54
2020-04-01;"Trenčiansky kraj";3;0;0;0;NA;99597;3;2020-04-01;53
2020-03-31;"Trenčiansky kraj";1;0;0;0;NA;99597;1;2020-03-31;50
2020-03-30;"Trenčiansky kraj";3;0;0;0;NA;99597;3;2020-03-30;49
2020-03-29;"Trenčiansky kraj";6;0;0;0;NA;99597;6;2020-03-29;46
2020-03-28;"Trenčiansky kraj";9;0;0;0;NA;99597;9;2020-03-28;40
2020-03-27;"Trenčiansky kraj";2;0;0;0;NA;99597;2;2020-03-27;31
2020-03-26;"Trenčiansky kraj";6;0;0;0;NA;99597;6;2020-03-26;29
2020-03-25;"Trenčiansky kraj";3;0;0;0;NA;99597;3;2020-03-25;23
2020-03-24;"Trenčiansky kraj";1;0;0;0;NA;99597;1;2020-03-24;20
2020-03-23;"Trenčiansky kraj";0;0;0;0;NA;99597;0;2020-03-23;19
2020-03-22;"Trenčiansky kraj";0;0;0;0;NA;99597;0;2020-03-22;19
2020-03-21;"Trenčiansky kraj";2;0;0;0;NA;99597;2;2020-03-21;19
2020-03-20;"Trenčiansky kraj";2;0;0;0;NA;99597;2;2020-03-20;17
2020-03-19;"Trenčiansky kraj";8;0;0;0;NA;99597;8;2020-03-19;15
2020-03-18;"Trenčiansky kraj";0;0;0;0;NA;99597;0;2020-03-18;7
2020-03-17;"Trenčiansky kraj";0;0;0;0;NA;99597;0;2020-03-17;7
2020-03-16;"Trenčiansky kraj";1;0;0;0;NA;99597;1;2020-03-16;7
2020-03-15;"Trenčiansky kraj";5;0;0;0;NA;99597;5;2020-03-15;6
2020-03-14;"Trenčiansky kraj";0;0;0;0;NA;99597;0;2020-03-14;1
2020-03-13;"Trenčiansky kraj";0;0;0;0;NA;99597;0;2020-03-13;1
2020-03-12;"Trenčiansky kraj";1;0;0;0;NA;99597;1;2020-03-12;1
2020-03-11;"Trenčiansky kraj";0;0;0;0;NA;99597;0;2020-03-11;0
2020-03-09;"Trenčiansky kraj";0;0;0;0;NA;99597;0;2020-03-09;0
2020-03-08;"Trenčiansky kraj";0;0;0;0;NA;99597;0;2020-03-08;0
2020-03-07;"Trenčiansky kraj";0;0;0;0;NA;99597;0;2020-03-07;0
2020-03-06;"Trenčiansky kraj";0;0;0;0;NA;99597;0;2020-03-06;0
2021-05-16;"Trnavský kraj";10;9016;8;9024;45387;89420;18;2021-05-16;89420
2021-05-15;"Trnavský kraj";11;18510;14;18524;NA;89420;25;2021-05-15;89402
2021-05-14;"Trnavský kraj";34;10279;21;10300;NA;89420;55;2021-05-14;89377
2021-05-13;"Trnavský kraj";26;6911;12;6923;NA;89420;38;2021-05-13;89322
2021-05-12;"Trnavský kraj";34;6621;26;6647;NA;89420;60;2021-05-12;89284
2021-05-11;"Trnavský kraj";32;6393;13;6406;NA;89420;45;2021-05-11;89224
2021-05-10;"Trnavský kraj";58;9135;24;9159;NA;89420;82;2021-05-10;89179
2021-05-09;"Trnavský kraj";21;12557;12;12569;NA;89420;33;2021-05-09;89097
2021-05-08;"Trnavský kraj";4;23027;22;23049;NA;89420;26;2021-05-08;89064
2021-05-07;"Trnavský kraj";26;15172;30;15202;NA;89420;56;2021-05-07;89038
2021-05-06;"Trnavský kraj";22;8397;22;8419;NA;89420;44;2021-05-06;88982
2021-05-05;"Trnavský kraj";34;6218;22;6240;NA;89420;56;2021-05-05;88938
2021-05-04;"Trnavský kraj";51;8539;17;8556;NA;89420;68;2021-05-04;88882
2021-05-03;"Trnavský kraj";20;9439;22;9461;NA;89420;42;2021-05-03;88814
2021-05-02;"Trnavský kraj";0;24874;29;24903;NA;89420;29;2021-05-02;88772
2021-05-01;"Trnavský kraj";30;80256;63;80319;NA;89420;93;2021-05-01;88743
2021-04-30;"Trnavský kraj";45;26843;35;26878;NA;89420;80;2021-04-30;88650
2021-04-29;"Trnavský kraj";25;20323;28;20351;NA;89420;53;2021-04-29;88570
2021-04-28;"Trnavský kraj";46;8972;28;9000;NA;89420;74;2021-04-28;88517
2021-04-27;"Trnavský kraj";54;8639;37;8676;NA;89420;91;2021-04-27;88443
2021-04-26;"Trnavský kraj";53;15839;39;15878;NA;89420;92;2021-04-26;88352
2021-04-25;"Trnavský kraj";0;30166;24;30190;NA;89420;24;2021-04-25;88260
2021-04-24;"Trnavský kraj";46;124479;81;124560;NA;89420;127;2021-04-24;88236
2021-04-23;"Trnavský kraj";71;25622;53;25675;NA;89420;124;2021-04-23;88109
2021-04-22;"Trnavský kraj";40;10901;25;10926;NA;89420;65;2021-04-22;87985
2021-04-21;"Trnavský kraj";60;10728;45;10773;NA;89420;105;2021-04-21;87920
2021-04-20;"Trnavský kraj";57;13499;28;13527;NA;89420;85;2021-04-20;87815
2021-04-19;"Trnavský kraj";46;14584;18;14602;NA;89420;64;2021-04-19;87730
2021-04-18;"Trnavský kraj";7;40843;43;40886;NA;89420;50;2021-04-18;87666
2021-04-17;"Trnavský kraj";58;117871;89;117960;NA;89420;147;2021-04-17;87616
2021-04-16;"Trnavský kraj";67;25962;48;26010;NA;89420;115;2021-04-16;87469
2021-04-15;"Trnavský kraj";65;11373;36;11409;NA;89420;101;2021-04-15;87354
2021-04-14;"Trnavský kraj";78;18442;53;18495;NA;89420;131;2021-04-14;87253
2021-04-13;"Trnavský kraj";126;9831;44;9875;NA;89420;170;2021-04-13;87122
2021-04-12;"Trnavský kraj";40;15575;40;15615;NA;89420;80;2021-04-12;86952
2021-04-11;"Trnavský kraj";3;44417;44;44461;NA;89420;47;2021-04-11;86872
2021-04-10;"Trnavský kraj";60;124030;107;124137;NA;89420;167;2021-04-10;86825
2021-04-09;"Trnavský kraj";95;26280;34;26314;NA;89420;129;2021-04-09;86658
2021-04-08;"Trnavský kraj";85;10983;52;11035;NA;89420;137;2021-04-08;86529
2021-04-07;"Trnavský kraj";131;16040;81;16121;NA;89420;212;2021-04-07;86392
2021-04-06;"Trnavský kraj";92;20775;90;20865;NA;89420;182;2021-04-06;86180
2021-04-05;"Trnavský kraj";91;7571;17;7588;NA;89420;108;2021-04-05;85998
2021-04-04;"Trnavský kraj";9;28831;49;28880;NA;89420;58;2021-04-04;85890
2021-04-03;"Trnavský kraj";29;144245;187;144432;NA;89420;216;2021-04-03;85832
2021-04-02;"Trnavský kraj";91;17696;33;17729;NA;89420;124;2021-04-02;85616
2021-04-01;"Trnavský kraj";118;22272;70;22342;NA;89420;188;2021-04-01;85492
2021-03-31;"Trnavský kraj";140;15819;82;15901;NA;89420;222;2021-03-31;85304
2021-03-30;"Trnavský kraj";182;10482;79;10561;NA;89420;261;2021-03-30;85082
2021-03-29;"Trnavský kraj";126;19249;122;19371;NA;89420;248;2021-03-29;84821
2021-03-28;"Trnavský kraj";26;50792;134;50926;NA;89420;160;2021-03-28;84573
2021-03-27;"Trnavský kraj";64;129602;245;129847;NA;89420;309;2021-03-27;84413
2021-03-26;"Trnavský kraj";139;30217;130;30347;NA;89420;269;2021-03-26;84104
2021-03-25;"Trnavský kraj";135;14212;80;14292;NA;89420;215;2021-03-25;83835
2021-03-24;"Trnavský kraj";159;10521;89;10610;NA;89420;248;2021-03-24;83620
2021-03-23;"Trnavský kraj";221;12735;104;12839;NA;89420;325;2021-03-23;83372
2021-03-22;"Trnavský kraj";103;17068;110;17178;NA;89420;213;2021-03-22;83047
2021-03-21;"Trnavský kraj";31;49119;150;49269;NA;89420;181;2021-03-21;82834
2021-03-20;"Trnavský kraj";112;136567;317;136884;NA;89420;429;2021-03-20;82653
2021-03-19;"Trnavský kraj";174;29071;137;29208;NA;89420;311;2021-03-19;82224
2021-03-18;"Trnavský kraj";158;12217;136;12353;NA;89420;294;2021-03-18;81913
2021-03-17;"Trnavský kraj";245;10434;103;10537;NA;89420;348;2021-03-17;81619
2021-03-16;"Trnavský kraj";311;12811;135;12946;NA;89420;446;2021-03-16;81271
2021-03-15;"Trnavský kraj";127;18678;146;18824;NA;89420;273;2021-03-15;80825
2021-03-14;"Trnavský kraj";14;47608;164;47772;NA;89420;178;2021-03-14;80552
2021-03-13;"Trnavský kraj";155;139224;409;139633;NA;89420;564;2021-03-13;80374
2021-03-12;"Trnavský kraj";201;28559;181;28740;NA;89420;382;2021-03-12;79810
2021-03-11;"Trnavský kraj";204;13285;140;13425;NA;89420;344;2021-03-11;79428
2021-03-10;"Trnavský kraj";242;10583;135;10718;NA;89420;377;2021-03-10;79084
2021-03-09;"Trnavský kraj";442;12820;155;12975;NA;89420;597;2021-03-09;78707
2021-03-08;"Trnavský kraj";182;21825;166;21991;NA;89420;348;2021-03-08;78110
2021-03-07;"Trnavský kraj";30;45463;227;45690;NA;89420;257;2021-03-07;77762
2021-03-06;"Trnavský kraj";154;135635;531;136166;NA;89420;685;2021-03-06;77505
2021-03-05;"Trnavský kraj";299;28620;243;28863;NA;89420;542;2021-03-05;76820
2021-03-04;"Trnavský kraj";238;14489;175;14664;NA;89420;413;2021-03-04;76278
2021-03-03;"Trnavský kraj";413;11566;246;11812;NA;89420;659;2021-03-03;75865
2021-03-02;"Trnavský kraj";477;12347;191;12538;NA;89420;668;2021-03-02;75206
2021-03-01;"Trnavský kraj";189;18587;234;18821;NA;89420;423;2021-03-01;74538
2021-02-28;"Trnavský kraj";87;47709;321;48030;NA;89420;408;2021-02-28;74115
2021-02-27;"Trnavský kraj";264;140725;804;141529;NA;89420;1068;2021-02-27;73707
2021-02-26;"Trnavský kraj";362;26815;286;27101;NA;89420;648;2021-02-26;72639
2021-02-25;"Trnavský kraj";433;10490;227;10717;NA;89420;660;2021-02-25;71991
2021-02-24;"Trnavský kraj";407;9110;290;9400;NA;89420;697;2021-02-24;71331
2021-02-23;"Trnavský kraj";469;11322;284;11606;NA;89420;753;2021-02-23;70634
2021-02-22;"Trnavský kraj";206;19896;330;20226;NA;89420;536;2021-02-22;69881
2021-02-21;"Trnavský kraj";38;48221;329;48550;NA;89420;367;2021-02-21;69345
2021-02-20;"Trnavský kraj";273;135835;859;136694;NA;89420;1132;2021-02-20;68978
2021-02-19;"Trnavský kraj";335;26982;347;27329;NA;89420;682;2021-02-19;67846
2021-02-18;"Trnavský kraj";344;11263;348;11611;NA;89420;692;2021-02-18;67164
2021-02-17;"Trnavský kraj";431;8781;416;9197;NA;89420;847;2021-02-17;66472
2021-02-16;"Trnavský kraj";426;11413;295;11708;NA;89420;721;2021-02-16;65625
2021-02-15;"Trnavský kraj";146;18075;291;18366;NA;89420;437;2021-02-15;64904
2021-02-14;"Trnavský kraj";51;57642;495;58137;NA;89420;546;2021-02-14;64467
2021-02-13;"Trnavský kraj";218;137051;994;138045;NA;89420;1212;2021-02-13;63921
2021-02-12;"Trnavský kraj";300;23682;336;24018;NA;89420;636;2021-02-12;62709
2021-02-11;"Trnavský kraj";422;9911;360;10271;NA;89420;782;2021-02-11;62073
2021-02-10;"Trnavský kraj";511;9334;344;9678;NA;89420;855;2021-02-10;61291
2021-02-09;"Trnavský kraj";544;12752;369;13121;NA;89420;913;2021-02-09;60436
2021-02-08;"Trnavský kraj";220;33539;498;34037;NA;89420;718;2021-02-08;59523
2021-02-07;"Trnavský kraj";140;68646;623;69269;NA;89420;763;2021-02-07;58805
2021-02-06;"Trnavský kraj";348;112687;1482;114169;NA;89420;1830;2021-02-06;58042
2021-02-05;"Trnavský kraj";377;16063;373;16436;NA;89420;750;2021-02-05;56212
2021-02-04;"Trnavský kraj";456;7317;456;7773;NA;89420;912;2021-02-04;55462
2021-02-03;"Trnavský kraj";472;6584;434;7018;NA;89420;906;2021-02-03;54550
2021-02-02;"Trnavský kraj";446;14240;424;14664;NA;89420;870;2021-02-02;53644
2021-02-01;"Trnavský kraj";198;38882;679;39561;NA;89420;877;2021-02-01;52774
2021-01-31;"Trnavský kraj";19;64671;817;65488;NA;89420;836;2021-01-31;51897
2021-01-30;"Trnavský kraj";323;111483;1288;112771;NA;89420;1611;2021-01-30;51061
2021-01-29;"Trnavský kraj";421;9690;290;9980;NA;89420;711;2021-01-29;49450
2021-01-28;"Trnavský kraj";389;5815;286;6101;NA;89420;675;2021-01-28;48739
2021-01-27;"Trnavský kraj";433;5300;219;5519;NA;89420;652;2021-01-27;48064
2021-01-26;"Trnavský kraj";565;25392;636;26028;NA;89420;1201;2021-01-26;47412
2021-01-25;"Trnavský kraj";210;41420;607;42027;NA;89420;817;2021-01-25;46211
2021-01-24;"Trnavský kraj";91;66399;779;67178;NA;89420;870;2021-01-24;45394
2021-01-23;"Trnavský kraj";372;117933;1349;119282;NA;89420;1721;2021-01-23;44524
2021-01-22;"Trnavský kraj";217;33122;507;33629;NA;89420;724;2021-01-22;42803
2021-01-21;"Trnavský kraj";311;13922;378;14300;NA;89420;689;2021-01-21;42079
2021-01-20;"Trnavský kraj";503;8118;274;8392;NA;89420;777;2021-01-20;41390
2021-01-19;"Trnavský kraj";415;7013;347;7360;NA;89420;762;2021-01-19;40613
2021-01-18;"Trnavský kraj";247;6234;484;6718;NA;89420;731;2021-01-18;39851
2021-01-17;"Trnavský kraj";128;854;215;1069;NA;89420;343;2021-01-17;39120
2021-01-16;"Trnavský kraj";103;898;24;922;NA;89420;127;2021-01-16;38777
2021-01-15;"Trnavský kraj";278;5457;335;5792;NA;89420;613;2021-01-15;38650
2021-01-14;"Trnavský kraj";452;4001;338;4339;NA;89420;790;2021-01-14;38037
2021-01-13;"Trnavský kraj";457;4751;378;5129;NA;89420;835;2021-01-13;37247
2021-01-12;"Trnavský kraj";469;7175;483;7658;NA;89420;952;2021-01-12;36412
2021-01-11;"Trnavský kraj";370;5012;392;5404;NA;89420;762;2021-01-11;35460
2021-01-10;"Trnavský kraj";71;13;0;13;NA;89420;71;2021-01-10;34698
2021-01-09;"Trnavský kraj";417;1775;100;1875;NA;89420;517;2021-01-09;34627
2021-01-08;"Trnavský kraj";381;6554;532;7086;NA;89420;913;2021-01-08;34110
2021-01-07;"Trnavský kraj";501;4080;390;4470;NA;89420;891;2021-01-07;33197
2021-01-06;"Trnavský kraj";179;758;132;890;NA;89420;311;2021-01-06;32306
2021-01-05;"Trnavský kraj";611;5925;636;6561;NA;89420;1247;2021-01-05;31995
2021-01-04;"Trnavský kraj";302;5239;689;5928;NA;89420;991;2021-01-04;30748
2021-01-03;"Trnavský kraj";60;53;7;60;NA;89420;67;2021-01-03;29757
2021-01-02;"Trnavský kraj";282;417;32;449;NA;89420;314;2021-01-02;29690
2021-01-01;"Trnavský kraj";143;455;76;531;NA;89420;219;2021-01-01;29376
2020-12-31;"Trnavský kraj";498;8488;858;9346;NA;89420;1356;2020-12-31;29157
2020-12-30;"Trnavský kraj";785;5318;612;5930;NA;89420;1397;2020-12-30;27801
2020-12-29;"Trnavský kraj";322;5364;639;6003;NA;89420;961;2020-12-29;26404
2020-12-28;"Trnavský kraj";213;5334;615;5949;NA;89420;828;2020-12-28;25443
2020-12-27;"Trnavský kraj";27;20;4;24;NA;89420;31;2020-12-27;24615
2020-12-26;"Trnavský kraj";148;44;1;45;NA;89420;149;2020-12-26;24584
2020-12-25;"Trnavský kraj";65;49;5;54;NA;89420;70;2020-12-25;24435
2020-12-24;"Trnavský kraj";333;1359;117;1476;NA;89420;450;2020-12-24;24365
2020-12-23;"Trnavský kraj";210;7259;414;7673;NA;89420;624;2020-12-23;23915
2020-12-22;"Trnavský kraj";311;5590;491;6081;NA;89420;802;2020-12-22;23291
2020-12-21;"Trnavský kraj";328;4527;399;4926;NA;89420;727;2020-12-21;22489
2020-12-20;"Trnavský kraj";134;133;12;145;NA;89420;146;2020-12-20;21762
2020-12-19;"Trnavský kraj";201;1407;103;1510;NA;89420;304;2020-12-19;21616
2020-12-18;"Trnavský kraj";341;4898;378;5276;NA;89420;719;2020-12-18;21312
2020-12-17;"Trnavský kraj";375;5271;443;5714;NA;89420;818;2020-12-17;20593
2020-12-16;"Trnavský kraj";312;5249;405;5654;NA;89420;717;2020-12-16;19775
2020-12-15;"Trnavský kraj";492;6623;632;7255;NA;89420;1124;2020-12-15;19058
2020-12-14;"Trnavský kraj";161;3505;292;3797;NA;89420;453;2020-12-14;17934
2020-12-13;"Trnavský kraj";7;7;0;7;NA;89420;7;2020-12-13;17481
2020-12-12;"Trnavský kraj";254;1456;114;1570;NA;89420;368;2020-12-12;17474
2020-12-11;"Trnavský kraj";384;4683;262;4945;NA;89420;646;2020-12-11;17106
2020-12-10;"Trnavský kraj";183;5194;320;5514;NA;89420;503;2020-12-10;16460
2020-12-09;"Trnavský kraj";521;4283;321;4604;NA;89420;842;2020-12-09;15957
2020-12-08;"Trnavský kraj";281;4090;304;4394;NA;89420;585;2020-12-08;15115
2020-12-07;"Trnavský kraj";178;2895;199;3094;NA;89420;377;2020-12-07;14530
2020-12-06;"Trnavský kraj";46;0;0;0;NA;89420;46;2020-12-06;14153
2020-12-05;"Trnavský kraj";129;2218;41;2259;NA;89420;170;2020-12-05;14107
2020-12-04;"Trnavský kraj";242;3948;158;4106;NA;89420;400;2020-12-04;13937
2020-12-03;"Trnavský kraj";248;2770;190;2960;NA;89420;438;2020-12-03;13537
2020-12-02;"Trnavský kraj";284;4516;176;4692;NA;89420;460;2020-12-02;13099
2020-12-01;"Trnavský kraj";253;3190;205;3395;NA;89420;458;2020-12-01;12639
2020-11-30;"Trnavský kraj";200;7360;186;7546;NA;89420;386;2020-11-30;12181
2020-11-29;"Trnavský kraj";17;738;36;774;NA;89420;53;2020-11-29;11795
2020-11-28;"Trnavský kraj";83;1453;77;1530;NA;89420;160;2020-11-28;11742
2020-11-27;"Trnavský kraj";148;1779;85;1864;NA;89420;233;2020-11-27;11582
2020-11-26;"Trnavský kraj";234;1123;68;1191;NA;89420;302;2020-11-26;11349
2020-11-25;"Trnavský kraj";232;1168;74;1242;NA;89420;306;2020-11-25;11047
2020-11-24;"Trnavský kraj";295;1909;96;2005;NA;89420;391;2020-11-24;10741
2020-11-23;"Trnavský kraj";242;7393;129;7522;NA;89420;371;2020-11-23;10350
2020-11-22;"Trnavský kraj";10;82;9;91;NA;89420;19;2020-11-22;9979
2020-11-21;"Trnavský kraj";129;1354;36;1390;NA;89420;165;2020-11-21;9960
2020-11-20;"Trnavský kraj";246;1154;64;1218;NA;89420;310;2020-11-20;9795
2020-11-19;"Trnavský kraj";157;823;64;887;NA;89420;221;2020-11-19;9485
2020-11-18;"Trnavský kraj";235;822;82;904;NA;89420;317;2020-11-18;9264
2020-11-17;"Trnavský kraj";129;705;74;779;NA;89420;203;2020-11-17;8947
2020-11-16;"Trnavský kraj";187;732;32;764;NA;89420;219;2020-11-16;8744
2020-11-15;"Trnavský kraj";23;73;4;77;NA;89420;27;2020-11-15;8525
2020-11-14;"Trnavský kraj";86;397;12;409;NA;89420;98;2020-11-14;8498
2020-11-13;"Trnavský kraj";219;1312;21;1333;NA;89420;240;2020-11-13;8400
2020-11-12;"Trnavský kraj";162;420;18;438;NA;89420;180;2020-11-12;8160
2020-11-11;"Trnavský kraj";257;392;15;407;NA;89420;272;2020-11-11;7980
2020-11-10;"Trnavský kraj";189;889;30;919;NA;89420;219;2020-11-10;7708
2020-11-09;"Trnavský kraj";196;369;23;392;NA;89420;219;2020-11-09;7489
2020-11-08;"Trnavský kraj";55;400;4;404;NA;89420;59;2020-11-08;7270
2020-11-07;"Trnavský kraj";207;6070;74;6144;NA;89420;281;2020-11-07;7211
2020-11-06;"Trnavský kraj";260;1531;19;1550;NA;89420;279;2020-11-06;6930
2020-11-05;"Trnavský kraj";150;220;27;247;NA;89420;177;2020-11-05;6651
2020-11-04;"Trnavský kraj";188;212;10;222;NA;89420;198;2020-11-04;6474
2020-11-03;"Trnavský kraj";317;127;8;135;NA;89420;325;2020-11-03;6276
2020-11-02;"Trnavský kraj";281;1728;31;1759;NA;89420;312;2020-11-02;5951
2020-11-01;"Trnavský kraj";87;494;27;521;NA;89420;114;2020-11-01;5639
2020-10-31;"Trnavský kraj";259;5024;41;5065;NA;89420;300;2020-10-31;5525
2020-10-30;"Trnavský kraj";198;3784;27;3811;NA;89420;225;2020-10-30;5225
2020-10-29;"Trnavský kraj";273;1461;16;1477;NA;89420;289;2020-10-29;5000
2020-10-28;"Trnavský kraj";319;117;16;133;NA;89420;335;2020-10-28;4711
2020-10-27;"Trnavský kraj";199;461;36;497;NA;89420;235;2020-10-27;4376
2020-10-26;"Trnavský kraj";153;29;2;31;NA;89420;155;2020-10-26;4141
2020-10-25;"Trnavský kraj";95;19;1;20;NA;89420;96;2020-10-25;3986
2020-10-24;"Trnavský kraj";158;109;2;111;NA;89420;160;2020-10-24;3890
2020-10-23;"Trnavský kraj";201;89;4;93;NA;89420;205;2020-10-23;3730
2020-10-22;"Trnavský kraj";195;55;2;57;NA;89420;197;2020-10-22;3525
2020-10-21;"Trnavský kraj";134;73;3;76;NA;89420;137;2020-10-21;3328
2020-10-20;"Trnavský kraj";202;82;3;85;NA;89420;205;2020-10-20;3191
2020-10-19;"Trnavský kraj";67;55;0;55;NA;89420;67;2020-10-19;2986
2020-10-18;"Trnavský kraj";84;0;0;0;NA;89420;84;2020-10-18;2919
2020-10-17;"Trnavský kraj";123;0;0;0;NA;89420;123;2020-10-17;2835
2020-10-16;"Trnavský kraj";86;45;2;47;NA;89420;88;2020-10-16;2712
2020-10-15;"Trnavský kraj";155;66;2;68;NA;89420;157;2020-10-15;2624
2020-10-14;"Trnavský kraj";236;468;3;471;NA;89420;239;2020-10-14;2467
2020-10-13;"Trnavský kraj";138;16;2;18;NA;89420;140;2020-10-13;2228
2020-10-12;"Trnavský kraj";33;41;1;42;NA;89420;34;2020-10-12;2088
2020-10-11;"Trnavský kraj";31;0;0;0;NA;89420;31;2020-10-11;2054
2020-10-10;"Trnavský kraj";128;0;0;0;NA;89420;128;2020-10-10;2023
2020-10-09;"Trnavský kraj";156;0;0;0;NA;89420;156;2020-10-09;1895
2020-10-08;"Trnavský kraj";153;0;0;0;NA;89420;153;2020-10-08;1739
2020-10-07;"Trnavský kraj";80;0;0;0;NA;89420;80;2020-10-07;1586
2020-10-06;"Trnavský kraj";112;0;0;0;NA;89420;112;2020-10-06;1506
2020-10-05;"Trnavský kraj";33;0;0;0;NA;89420;33;2020-10-05;1394
2020-10-04;"Trnavský kraj";44;0;0;0;NA;89420;44;2020-10-04;1361
2020-10-03;"Trnavský kraj";60;0;0;0;NA;89420;60;2020-10-03;1317
2020-10-02;"Trnavský kraj";41;0;0;0;NA;89420;41;2020-10-02;1257
2020-10-01;"Trnavský kraj";53;0;0;0;NA;89420;53;2020-10-01;1216
2020-09-30;"Trnavský kraj";91;0;0;0;NA;89420;91;2020-09-30;1163
2020-09-29;"Trnavský kraj";40;0;0;0;NA;89420;40;2020-09-29;1072
2020-09-28;"Trnavský kraj";69;0;0;0;NA;89420;69;2020-09-28;1032
2020-09-27;"Trnavský kraj";30;0;0;0;NA;89420;30;2020-09-27;963
2020-09-26;"Trnavský kraj";46;0;0;0;NA;89420;46;2020-09-26;933
2020-09-25;"Trnavský kraj";32;0;0;0;NA;89420;32;2020-09-25;887
2020-09-24;"Trnavský kraj";42;0;0;0;NA;89420;42;2020-09-24;855
2020-09-23;"Trnavský kraj";43;0;0;0;NA;89420;43;2020-09-23;813
2020-09-22;"Trnavský kraj";55;0;0;0;NA;89420;55;2020-09-22;770
2020-09-21;"Trnavský kraj";41;0;0;0;NA;89420;41;2020-09-21;715
2020-09-20;"Trnavský kraj";17;0;0;0;NA;89420;17;2020-09-20;674
2020-09-19;"Trnavský kraj";4;0;0;0;NA;89420;4;2020-09-19;657
2020-09-18;"Trnavský kraj";33;0;0;0;NA;89420;33;2020-09-18;653
2020-09-17;"Trnavský kraj";42;0;0;0;NA;89420;42;2020-09-17;620
2020-09-16;"Trnavský kraj";49;0;0;0;NA;89420;49;2020-09-16;578
2020-09-15;"Trnavský kraj";5;0;0;0;NA;89420;5;2020-09-15;529
2020-09-14;"Trnavský kraj";26;0;0;0;NA;89420;26;2020-09-14;524
2020-09-13;"Trnavský kraj";9;0;0;0;NA;89420;9;2020-09-13;498
2020-09-12;"Trnavský kraj";12;0;0;0;NA;89420;12;2020-09-12;489
2020-09-11;"Trnavský kraj";16;0;0;0;NA;89420;16;2020-09-11;477
2020-09-10;"Trnavský kraj";32;0;0;0;NA;89420;32;2020-09-10;461
2020-09-09;"Trnavský kraj";14;0;0;0;NA;89420;14;2020-09-09;429
2020-09-08;"Trnavský kraj";11;0;0;0;NA;89420;11;2020-09-08;415
2020-09-07;"Trnavský kraj";7;0;0;0;NA;89420;7;2020-09-07;404
2020-09-06;"Trnavský kraj";5;0;0;0;NA;89420;5;2020-09-06;397
2020-09-05;"Trnavský kraj";7;0;0;0;NA;89420;7;2020-09-05;392
2020-09-04;"Trnavský kraj";16;0;0;0;NA;89420;16;2020-09-04;385
2020-09-03;"Trnavský kraj";8;0;0;0;NA;89420;8;2020-09-03;369
2020-09-02;"Trnavský kraj";7;0;0;0;NA;89420;7;2020-09-02;361
2020-09-01;"Trnavský kraj";1;0;0;0;NA;89420;1;2020-09-01;354
2020-08-31;"Trnavský kraj";6;0;0;0;NA;89420;6;2020-08-31;353
2020-08-30;"Trnavský kraj";1;0;0;0;NA;89420;1;2020-08-30;347
2020-08-29;"Trnavský kraj";3;0;0;0;NA;89420;3;2020-08-29;346
2020-08-28;"Trnavský kraj";14;0;0;0;NA;89420;14;2020-08-28;343
2020-08-27;"Trnavský kraj";6;0;0;0;NA;89420;6;2020-08-27;329
2020-08-26;"Trnavský kraj";4;0;0;0;NA;89420;4;2020-08-26;323
2020-08-25;"Trnavský kraj";7;0;0;0;NA;89420;7;2020-08-25;319
2020-08-24;"Trnavský kraj";1;0;0;0;NA;89420;1;2020-08-24;312
2020-08-23;"Trnavský kraj";6;0;0;0;NA;89420;6;2020-08-23;311
2020-08-22;"Trnavský kraj";3;0;0;0;NA;89420;3;2020-08-22;305
2020-08-21;"Trnavský kraj";4;0;0;0;NA;89420;4;2020-08-21;302
2020-08-20;"Trnavský kraj";23;0;0;0;NA;89420;23;2020-08-20;298
2020-08-19;"Trnavský kraj";13;0;0;0;NA;89420;13;2020-08-19;275
2020-08-18;"Trnavský kraj";20;0;0;0;NA;89420;20;2020-08-18;262
2020-08-17;"Trnavský kraj";3;0;0;0;NA;89420;3;2020-08-17;242
2020-08-16;"Trnavský kraj";0;0;0;0;NA;89420;0;2020-08-16;239
2020-08-15;"Trnavský kraj";7;0;0;0;NA;89420;7;2020-08-15;239
2020-08-14;"Trnavský kraj";6;0;0;0;NA;89420;6;2020-08-14;232
2020-08-13;"Trnavský kraj";10;0;0;0;NA;89420;10;2020-08-13;226
2020-08-12;"Trnavský kraj";2;0;0;0;NA;89420;2;2020-08-12;216
2020-08-11;"Trnavský kraj";30;0;0;0;NA;89420;30;2020-08-11;214
2020-08-10;"Trnavský kraj";0;0;0;0;NA;89420;0;2020-08-10;184
2020-08-09;"Trnavský kraj";0;0;0;0;NA;89420;0;2020-08-09;184
2020-08-08;"Trnavský kraj";13;0;0;0;NA;89420;13;2020-08-08;184
2020-08-07;"Trnavský kraj";4;0;0;0;NA;89420;4;2020-08-07;171
2020-08-06;"Trnavský kraj";4;0;0;0;NA;89420;4;2020-08-06;167
2020-08-05;"Trnavský kraj";0;0;0;0;NA;89420;0;2020-08-05;163
2020-08-04;"Trnavský kraj";1;0;0;0;NA;89420;1;2020-08-04;163
2020-08-03;"Trnavský kraj";2;0;0;0;NA;89420;2;2020-08-03;162
2020-08-02;"Trnavský kraj";1;0;0;0;NA;89420;1;2020-08-02;160
2020-08-01;"Trnavský kraj";0;0;0;0;NA;89420;0;2020-08-01;159
2020-07-31;"Trnavský kraj";7;0;0;0;NA;89420;7;2020-07-31;159
2020-07-30;"Trnavský kraj";6;0;0;0;NA;89420;6;2020-07-30;152
2020-07-29;"Trnavský kraj";0;0;0;0;NA;89420;0;2020-07-29;146
2020-07-28;"Trnavský kraj";1;0;0;0;NA;89420;1;2020-07-28;146
2020-07-27;"Trnavský kraj";2;0;0;0;NA;89420;2;2020-07-27;145
2020-07-26;"Trnavský kraj";0;0;0;0;NA;89420;0;2020-07-26;143
2020-07-25;"Trnavský kraj";0;0;0;0;NA;89420;0;2020-07-25;143
2020-07-24;"Trnavský kraj";1;0;0;0;NA;89420;1;2020-07-24;143
2020-07-23;"Trnavský kraj";2;0;0;0;NA;89420;2;2020-07-23;142
2020-07-22;"Trnavský kraj";1;0;0;0;NA;89420;1;2020-07-22;140
2020-07-21;"Trnavský kraj";2;0;0;0;NA;89420;2;2020-07-21;139
2020-07-20;"Trnavský kraj";0;0;0;0;NA;89420;0;2020-07-20;137
2020-07-19;"Trnavský kraj";0;0;0;0;NA;89420;0;2020-07-19;137
2020-07-18;"Trnavský kraj";0;0;0;0;NA;89420;0;2020-07-18;137
2020-07-17;"Trnavský kraj";0;0;0;0;NA;89420;0;2020-07-17;137
2020-07-16;"Trnavský kraj";0;0;0;0;NA;89420;0;2020-07-16;137
2020-07-15;"Trnavský kraj";1;0;0;0;NA;89420;1;2020-07-15;137
2020-07-14;"Trnavský kraj";0;0;0;0;NA;89420;0;2020-07-14;136
2020-07-13;"Trnavský kraj";0;0;0;0;NA;89420;0;2020-07-13;136
2020-07-12;"Trnavský kraj";0;0;0;0;NA;89420;0;2020-07-12;136
2020-07-11;"Trnavský kraj";0;0;0;0;NA;89420;0;2020-07-11;136
2020-07-10;"Trnavský kraj";0;0;0;0;NA;89420;0;2020-07-10;136
2020-07-09;"Trnavský kraj";0;0;0;0;NA;89420;0;2020-07-09;136
2020-07-08;"Trnavský kraj";3;0;0;0;NA;89420;3;2020-07-08;136
2020-07-07;"Trnavský kraj";4;0;0;0;NA;89420;4;2020-07-07;133
2020-07-06;"Trnavský kraj";0;0;0;0;NA;89420;0;2020-07-06;129
2020-07-05;"Trnavský kraj";0;0;0;0;NA;89420;0;2020-07-05;129
2020-07-04;"Trnavský kraj";0;0;0;0;NA;89420;0;2020-07-04;129
2020-07-03;"Trnavský kraj";0;0;0;0;NA;89420;0;2020-07-03;129
2020-07-02;"Trnavský kraj";3;0;0;0;NA;89420;3;2020-07-02;129
2020-07-01;"Trnavský kraj";0;0;0;0;NA;89420;0;2020-07-01;126
2020-06-30;"Trnavský kraj";0;0;0;0;NA;89420;0;2020-06-30;126
2020-06-29;"Trnavský kraj";0;0;0;0;NA;89420;0;2020-06-29;126
2020-06-28;"Trnavský kraj";0;0;0;0;NA;89420;0;2020-06-28;126
2020-06-27;"Trnavský kraj";0;0;0;0;NA;89420;0;2020-06-27;126
2020-06-26;"Trnavský kraj";0;0;0;0;NA;89420;0;2020-06-26;126
2020-06-25;"Trnavský kraj";0;0;0;0;NA;89420;0;2020-06-25;126
2020-06-24;"Trnavský kraj";0;0;0;0;NA;89420;0;2020-06-24;126
2020-06-23;"Trnavský kraj";0;0;0;0;NA;89420;0;2020-06-23;126
2020-06-22;"Trnavský kraj";0;0;0;0;NA;89420;0;2020-06-22;126
2020-06-21;"Trnavský kraj";0;0;0;0;NA;89420;0;2020-06-21;126
2020-06-20;"Trnavský kraj";0;0;0;0;NA;89420;0;2020-06-20;126
2020-06-19;"Trnavský kraj";0;0;0;0;NA;89420;0;2020-06-19;126
2020-06-18;"Trnavský kraj";2;0;0;0;NA;89420;2;2020-06-18;126
2020-06-17;"Trnavský kraj";0;0;0;0;NA;89420;0;2020-06-17;124
2020-06-16;"Trnavský kraj";0;0;0;0;NA;89420;0;2020-06-16;124
2020-06-14;"Trnavský kraj";0;0;0;0;NA;89420;0;2020-06-14;124
2020-06-13;"Trnavský kraj";0;0;0;0;NA;89420;0;2020-06-13;124
2020-06-12;"Trnavský kraj";0;0;0;0;NA;89420;0;2020-06-12;124
2020-06-11;"Trnavský kraj";0;0;0;0;NA;89420;0;2020-06-11;124
2020-06-10;"Trnavský kraj";0;0;0;0;NA;89420;0;2020-06-10;124
2020-06-09;"Trnavský kraj";0;0;0;0;NA;89420;0;2020-06-09;124
2020-06-08;"Trnavský kraj";0;0;0;0;NA;89420;0;2020-06-08;124
2020-06-07;"Trnavský kraj";0;0;0;0;NA;89420;0;2020-06-07;124
2020-06-05;"Trnavský kraj";0;0;0;0;NA;89420;0;2020-06-05;124
2020-06-03;"Trnavský kraj";0;0;0;0;NA;89420;0;2020-06-03;124
2020-06-02;"Trnavský kraj";0;0;0;0;NA;89420;0;2020-06-02;124
2020-05-31;"Trnavský kraj";0;0;0;0;NA;89420;0;2020-05-31;124
2020-05-29;"Trnavský kraj";0;0;0;0;NA;89420;0;2020-05-29;124
2020-05-27;"Trnavský kraj";0;0;0;0;NA;89420;0;2020-05-27;124
2020-05-26;"Trnavský kraj";0;0;0;0;NA;89420;0;2020-05-26;124
2020-05-25;"Trnavský kraj";1;0;0;0;NA;89420;1;2020-05-25;124
2020-05-24;"Trnavský kraj";0;0;0;0;NA;89420;0;2020-05-24;123
2020-05-23;"Trnavský kraj";2;0;0;0;NA;89420;2;2020-05-23;123
2020-05-22;"Trnavský kraj";0;0;0;0;NA;89420;0;2020-05-22;121
2020-05-21;"Trnavský kraj";0;0;0;0;NA;89420;0;2020-05-21;121
2020-05-20;"Trnavský kraj";2;0;0;0;NA;89420;2;2020-05-20;121
2020-05-19;"Trnavský kraj";0;0;0;0;NA;89420;0;2020-05-19;119
2020-05-17;"Trnavský kraj";0;0;0;0;NA;89420;0;2020-05-17;119
2020-05-16;"Trnavský kraj";0;0;0;0;NA;89420;0;2020-05-16;119
2020-05-15;"Trnavský kraj";1;0;0;0;NA;89420;1;2020-05-15;119
2020-05-14;"Trnavský kraj";0;0;0;0;NA;89420;0;2020-05-14;118
2020-05-13;"Trnavský kraj";0;0;0;0;NA;89420;0;2020-05-13;118
2020-05-12;"Trnavský kraj";0;0;0;0;NA;89420;0;2020-05-12;118
2020-05-11;"Trnavský kraj";2;0;0;0;NA;89420;2;2020-05-11;118
2020-05-09;"Trnavský kraj";0;0;0;0;NA;89420;0;2020-05-09;116
2020-05-07;"Trnavský kraj";0;0;0;0;NA;89420;0;2020-05-07;116
2020-05-06;"Trnavský kraj";0;0;0;0;NA;89420;0;2020-05-06;116
2020-05-05;"Trnavský kraj";0;0;0;0;NA;89420;0;2020-05-05;116
2020-05-04;"Trnavský kraj";0;0;0;0;NA;89420;0;2020-05-04;116
2020-05-03;"Trnavský kraj";0;0;0;0;NA;89420;0;2020-05-03;116
2020-05-02;"Trnavský kraj";0;0;0;0;NA;89420;0;2020-05-02;116
2020-05-01;"Trnavský kraj";0;0;0;0;NA;89420;0;2020-05-01;116
2020-04-30;"Trnavský kraj";0;0;0;0;NA;89420;0;2020-04-30;116
2020-04-29;"Trnavský kraj";0;0;0;0;NA;89420;0;2020-04-29;116
2020-04-28;"Trnavský kraj";1;0;0;0;NA;89420;1;2020-04-28;116
2020-04-27;"Trnavský kraj";0;0;0;0;NA;89420;0;2020-04-27;115
2020-04-26;"Trnavský kraj";0;0;0;0;NA;89420;0;2020-04-26;115
2020-04-25;"Trnavský kraj";2;0;0;0;NA;89420;2;2020-04-25;115
2020-04-24;"Trnavský kraj";4;0;0;0;NA;89420;4;2020-04-24;113
2020-04-23;"Trnavský kraj";5;0;0;0;NA;89420;5;2020-04-23;109
2020-04-22;"Trnavský kraj";10;0;0;0;NA;89420;10;2020-04-22;104
2020-04-21;"Trnavský kraj";5;0;0;0;NA;89420;5;2020-04-21;94
2020-04-20;"Trnavský kraj";0;0;0;0;NA;89420;0;2020-04-20;89
2020-04-19;"Trnavský kraj";1;0;0;0;NA;89420;1;2020-04-19;89
2020-04-18;"Trnavský kraj";4;0;0;0;NA;89420;4;2020-04-18;88
2020-04-17;"Trnavský kraj";7;0;0;0;NA;89420;7;2020-04-17;84
2020-04-16;"Trnavský kraj";5;0;0;0;NA;89420;5;2020-04-16;77
2020-04-15;"Trnavský kraj";5;0;0;0;NA;89420;5;2020-04-15;72
2020-04-14;"Trnavský kraj";1;0;0;0;NA;89420;1;2020-04-14;67
2020-04-13;"Trnavský kraj";0;0;0;0;NA;89420;0;2020-04-13;66
2020-04-12;"Trnavský kraj";0;0;0;0;NA;89420;0;2020-04-12;66
2020-04-11;"Trnavský kraj";0;0;0;0;NA;89420;0;2020-04-11;66
2020-04-10;"Trnavský kraj";2;0;0;0;NA;89420;2;2020-04-10;66
2020-04-09;"Trnavský kraj";3;0;0;0;NA;89420;3;2020-04-09;64
2020-04-08;"Trnavský kraj";4;0;0;0;NA;89420;4;2020-04-08;61
2020-04-07;"Trnavský kraj";6;0;0;0;NA;89420;6;2020-04-07;57
2020-04-06;"Trnavský kraj";6;0;0;0;NA;89420;6;2020-04-06;51
2020-04-05;"Trnavský kraj";1;0;0;0;NA;89420;1;2020-04-05;45
2020-04-04;"Trnavský kraj";1;0;0;0;NA;89420;1;2020-04-04;44
2020-04-03;"Trnavský kraj";3;0;0;0;NA;89420;3;2020-04-03;43
2020-04-02;"Trnavský kraj";4;0;0;0;NA;89420;4;2020-04-02;40
2020-04-01;"Trnavský kraj";0;0;0;0;NA;89420;0;2020-04-01;36
2020-03-31;"Trnavský kraj";3;0;0;0;NA;89420;3;2020-03-31;36
2020-03-30;"Trnavský kraj";4;0;0;0;NA;89420;4;2020-03-30;33
2020-03-29;"Trnavský kraj";1;0;0;0;NA;89420;1;2020-03-29;29
2020-03-28;"Trnavský kraj";3;0;0;0;NA;89420;3;2020-03-28;28
2020-03-27;"Trnavský kraj";5;0;0;0;NA;89420;5;2020-03-27;25
2020-03-26;"Trnavský kraj";5;0;0;0;NA;89420;5;2020-03-26;20
2020-03-25;"Trnavský kraj";1;0;0;0;NA;89420;1;2020-03-25;15
2020-03-24;"Trnavský kraj";0;0;0;0;NA;89420;0;2020-03-24;14
2020-03-23;"Trnavský kraj";2;0;0;0;NA;89420;2;2020-03-23;14
2020-03-22;"Trnavský kraj";1;0;0;0;NA;89420;1;2020-03-22;12
2020-03-21;"Trnavský kraj";5;0;0;0;NA;89420;5;2020-03-21;11
2020-03-20;"Trnavský kraj";0;0;0;0;NA;89420;0;2020-03-20;6
2020-03-19;"Trnavský kraj";0;0;0;0;NA;89420;0;2020-03-19;6
2020-03-18;"Trnavský kraj";0;0;0;0;NA;89420;0;2020-03-18;6
2020-03-17;"Trnavský kraj";3;0;0;0;NA;89420;3;2020-03-17;6
2020-03-16;"Trnavský kraj";1;0;0;0;NA;89420;1;2020-03-16;3
2020-03-15;"Trnavský kraj";0;0;0;0;NA;89420;0;2020-03-15;2
2020-03-14;"Trnavský kraj";0;0;0;0;NA;89420;0;2020-03-14;2
2020-03-13;"Trnavský kraj";1;0;0;0;NA;89420;1;2020-03-13;2
2020-03-12;"Trnavský kraj";1;0;0;0;NA;89420;1;2020-03-12;1
2020-03-11;"Trnavský kraj";0;0;0;0;NA;89420;0;2020-03-11;0
2020-03-09;"Trnavský kraj";0;0;0;0;NA;89420;0;2020-03-09;0
2020-03-08;"Trnavský kraj";0;0;0;0;NA;89420;0;2020-03-08;0
2020-03-07;"Trnavský kraj";0;0;0;0;NA;89420;0;2020-03-07;0
2020-03-06;"Trnavský kraj";0;0;0;0;NA;89420;0;2020-03-06;0
2021-05-16;"Žilinský kraj";13;13851;42;13893;57219;106919;55;2021-05-16;106919
2021-05-15;"Žilinský kraj";30;18215;35;18250;NA;106919;65;2021-05-15;106864
2021-05-14;"Žilinský kraj";34;20931;82;21013;NA;106919;116;2021-05-14;106799
2021-05-13;"Žilinský kraj";64;11835;54;11889;NA;106919;118;2021-05-13;106683
2021-05-12;"Žilinský kraj";57;10198;50;10248;NA;106919;107;2021-05-12;106565
2021-05-11;"Žilinský kraj";70;11840;51;11891;NA;106919;121;2021-05-11;106458
2021-05-10;"Žilinský kraj";69;15899;72;15971;NA;106919;141;2021-05-10;106337
2021-05-09;"Žilinský kraj";58;20308;77;20385;NA;106919;135;2021-05-09;106196
2021-05-08;"Žilinský kraj";0;23980;63;24043;NA;106919;63;2021-05-08;106061
2021-05-07;"Žilinský kraj";65;26068;87;26155;NA;106919;152;2021-05-07;105998
2021-05-06;"Žilinský kraj";67;16494;72;16566;NA;106919;139;2021-05-06;105846
2021-05-05;"Žilinský kraj";71;13022;73;13095;NA;106919;144;2021-05-05;105707
2021-05-04;"Žilinský kraj";81;16615;80;16695;NA;106919;161;2021-05-04;105563
2021-05-03;"Žilinský kraj";97;20275;109;20384;NA;106919;206;2021-05-03;105402
2021-05-02;"Žilinský kraj";8;29127;66;29193;NA;106919;74;2021-05-02;105196
2021-05-01;"Žilinský kraj";65;54625;103;54728;NA;106919;168;2021-05-01;105122
2021-04-30;"Žilinský kraj";84;43728;117;43845;NA;106919;201;2021-04-30;104954
2021-04-29;"Žilinský kraj";77;24578;101;24679;NA;106919;178;2021-04-29;104753
2021-04-28;"Žilinský kraj";76;19205;91;19296;NA;106919;167;2021-04-28;104575
2021-04-27;"Žilinský kraj";97;21812;110;21922;NA;106919;207;2021-04-27;104408
2021-04-26;"Žilinský kraj";114;27449;136;27585;NA;106919;250;2021-04-26;104201
2021-04-25;"Žilinský kraj";38;35209;82;35291;NA;106919;120;2021-04-25;103951
2021-04-24;"Žilinský kraj";93;79083;157;79240;NA;106919;250;2021-04-24;103831
2021-04-23;"Žilinský kraj";144;49141;153;49294;NA;106919;297;2021-04-23;103581
2021-04-22;"Žilinský kraj";110;25290;132;25422;NA;106919;242;2021-04-22;103284
2021-04-21;"Žilinský kraj";118;20576;145;20721;NA;106919;263;2021-04-21;103042
2021-04-20;"Žilinský kraj";128;23735;136;23871;NA;106919;264;2021-04-20;102779
2021-04-19;"Žilinský kraj";164;32727;210;32937;NA;106919;374;2021-04-19;102515
2021-04-18;"Žilinský kraj";18;36809;91;36900;NA;106919;109;2021-04-18;102141
2021-04-17;"Žilinský kraj";108;89316;156;89472;NA;106919;264;2021-04-17;102032
2021-04-16;"Žilinský kraj";185;46805;207;47012;NA;106919;392;2021-04-16;101768
2021-04-15;"Žilinský kraj";108;24745;130;24875;NA;106919;238;2021-04-15;101376
2021-04-14;"Žilinský kraj";135;23131;145;23276;NA;106919;280;2021-04-14;101138
2021-04-13;"Žilinský kraj";171;25006;135;25141;NA;106919;306;2021-04-13;100858
2021-04-12;"Žilinský kraj";266;30711;189;30900;NA;106919;455;2021-04-12;100552
2021-04-11;"Žilinský kraj";19;37044;107;37151;NA;106919;126;2021-04-11;100097
2021-04-10;"Žilinský kraj";111;86347;237;86584;NA;106919;348;2021-04-10;99971
2021-04-09;"Žilinský kraj";195;41804;205;42009;NA;106919;400;2021-04-09;99623
2021-04-08;"Žilinský kraj";179;24583;143;24726;NA;106919;322;2021-04-08;99223
2021-04-07;"Žilinský kraj";309;29321;174;29495;NA;106919;483;2021-04-07;98901
2021-04-06;"Žilinský kraj";308;38918;294;39212;NA;106919;602;2021-04-06;98418
2021-04-05;"Žilinský kraj";17;14747;140;14887;NA;106919;157;2021-04-05;97816
2021-04-04;"Žilinský kraj";17;16284;69;16353;NA;106919;86;2021-04-04;97659
2021-04-03;"Žilinský kraj";180;100516;401;100917;NA;106919;581;2021-04-03;97573
2021-04-02;"Žilinský kraj";73;22481;83;22564;NA;106919;156;2021-04-02;96992
2021-04-01;"Žilinský kraj";334;43400;240;43640;NA;106919;574;2021-04-01;96836
2021-03-31;"Žilinský kraj";170;31632;247;31879;NA;106919;417;2021-03-31;96262
2021-03-30;"Žilinský kraj";406;26323;243;26566;NA;106919;649;2021-03-30;95845
2021-03-29;"Žilinský kraj";297;28022;268;28290;NA;106919;565;2021-03-29;95196
2021-03-28;"Žilinský kraj";21;36206;239;36445;NA;106919;260;2021-03-28;94631
2021-03-27;"Žilinský kraj";151;89107;353;89460;NA;106919;504;2021-03-27;94371
2021-03-26;"Žilinský kraj";312;52263;333;52596;NA;106919;645;2021-03-26;93867
2021-03-25;"Žilinský kraj";281;27620;214;27834;NA;106919;495;2021-03-25;93222
2021-03-24;"Žilinský kraj";280;21268;260;21528;NA;106919;540;2021-03-24;92727
2021-03-23;"Žilinský kraj";418;23176;278;23454;NA;106919;696;2021-03-23;92187
2021-03-22;"Žilinský kraj";293;29289;314;29603;NA;106919;607;2021-03-22;91491
2021-03-21;"Žilinský kraj";32;33705;227;33932;NA;106919;259;2021-03-21;90884
2021-03-20;"Žilinský kraj";165;93015;497;93512;NA;106919;662;2021-03-20;90625
2021-03-19;"Žilinský kraj";357;51763;413;52176;NA;106919;770;2021-03-19;89963
2021-03-18;"Žilinský kraj";329;28451;294;28745;NA;106919;623;2021-03-18;89193
2021-03-17;"Žilinský kraj";395;21916;269;22185;NA;106919;664;2021-03-17;88570
2021-03-16;"Žilinský kraj";514;24341;317;24658;NA;106919;831;2021-03-16;87906
2021-03-15;"Žilinský kraj";341;29607;419;30026;NA;106919;760;2021-03-15;87075
2021-03-14;"Žilinský kraj";87;34121;267;34388;NA;106919;354;2021-03-14;86315
2021-03-13;"Žilinský kraj";113;93756;584;94340;NA;106919;697;2021-03-13;85961
2021-03-12;"Žilinský kraj";520;52109;411;52520;NA;106919;931;2021-03-12;85264
2021-03-11;"Žilinský kraj";399;28189;302;28491;NA;106919;701;2021-03-11;84333
2021-03-10;"Žilinský kraj";368;22414;378;22792;NA;106919;746;2021-03-10;83632
2021-03-09;"Žilinský kraj";537;24857;316;25173;NA;106919;853;2021-03-09;82886
2021-03-08;"Žilinský kraj";387;30839;458;31297;NA;106919;845;2021-03-08;82033
2021-03-07;"Žilinský kraj";48;33469;290;33759;NA;106919;338;2021-03-07;81188
2021-03-06;"Žilinský kraj";173;92410;589;92999;NA;106919;762;2021-03-06;80850
2021-03-05;"Žilinský kraj";369;51748;483;52231;NA;106919;852;2021-03-05;80088
2021-03-04;"Žilinský kraj";467;30036;377;30413;NA;106919;844;2021-03-04;79236
2021-03-03;"Žilinský kraj";448;26261;394;26655;NA;106919;842;2021-03-03;78392
2021-03-02;"Žilinský kraj";551;25669;378;26047;NA;106919;929;2021-03-02;77550
2021-03-01;"Žilinský kraj";375;30493;441;30934;NA;106919;816;2021-03-01;76621
2021-02-28;"Žilinský kraj";61;34802;327;35129;NA;106919;388;2021-02-28;75805
2021-02-27;"Žilinský kraj";159;83781;639;84420;NA;106919;798;2021-02-27;75417
2021-02-26;"Žilinský kraj";459;47494;508;48002;NA;106919;967;2021-02-26;74619
2021-02-25;"Žilinský kraj";347;30879;393;31272;NA;106919;740;2021-02-25;73652
2021-02-24;"Žilinský kraj";339;18745;395;19140;NA;106919;734;2021-02-24;72912
2021-02-23;"Žilinský kraj";437;22418;418;22836;NA;106919;855;2021-02-23;72178
2021-02-22;"Žilinský kraj";345;29268;438;29706;NA;106919;783;2021-02-22;71323
2021-02-21;"Žilinský kraj";36;28686;322;29008;NA;106919;358;2021-02-21;70540
2021-02-20;"Žilinský kraj";152;88723;667;89390;NA;106919;819;2021-02-20;70182
2021-02-19;"Žilinský kraj";337;44806;415;45221;NA;106919;752;2021-02-19;69363
2021-02-18;"Žilinský kraj";263;24679;339;25018;NA;106919;602;2021-02-18;68611
2021-02-17;"Žilinský kraj";269;17932;355;18287;NA;106919;624;2021-02-17;68009
2021-02-16;"Žilinský kraj";321;24298;325;24623;NA;106919;646;2021-02-16;67385
2021-02-15;"Žilinský kraj";230;30420;311;30731;NA;106919;541;2021-02-15;66739
2021-02-14;"Žilinský kraj";30;28574;231;28805;NA;106919;261;2021-02-14;66198
2021-02-13;"Žilinský kraj";91;69659;454;70113;NA;106919;545;2021-02-13;65937
2021-02-12;"Žilinský kraj";242;42689;335;43024;NA;106919;577;2021-02-12;65392
2021-02-11;"Žilinský kraj";228;23521;300;23821;NA;106919;528;2021-02-11;64815
2021-02-10;"Žilinský kraj";259;17438;261;17699;NA;106919;520;2021-02-10;64287
2021-02-09;"Žilinský kraj";377;24784;274;25058;NA;106919;651;2021-02-09;63767
2021-02-08;"Žilinský kraj";160;41375;390;41765;NA;106919;550;2021-02-08;63116
2021-02-07;"Žilinský kraj";24;46446;252;46698;NA;106919;276;2021-02-07;62566
2021-02-06;"Žilinský kraj";71;72880;367;73247;NA;106919;438;2021-02-06;62290
2021-02-05;"Žilinský kraj";248;31868;323;32191;NA;106919;571;2021-02-05;61852
2021-02-04;"Žilinský kraj";238;13242;258;13500;NA;106919;496;2021-02-04;61281
2021-02-03;"Žilinský kraj";194;9187;255;9442;NA;106919;449;2021-02-03;60785
2021-02-02;"Žilinský kraj";216;9280;272;9552;NA;106919;488;2021-02-02;60336
2021-02-01;"Žilinský kraj";220;19688;370;20058;NA;106919;590;2021-02-01;59848
2021-01-31;"Žilinský kraj";11;2652;27;2679;NA;106919;38;2021-01-31;59258
2021-01-30;"Žilinský kraj";85;18447;187;18634;NA;106919;272;2021-01-30;59220
2021-01-29;"Žilinský kraj";209;22892;304;23196;NA;106919;513;2021-01-29;58948
2021-01-28;"Žilinský kraj";240;5623;174;5797;NA;106919;414;2021-01-28;58435
2021-01-27;"Žilinský kraj";256;7065;121;7186;NA;106919;377;2021-01-27;58021
2021-01-26;"Žilinský kraj";245;49639;346;49985;NA;106919;591;2021-01-26;57644
2021-01-25;"Žilinský kraj";159;21147;150;21297;NA;106919;309;2021-01-25;57053
2021-01-24;"Žilinský kraj";22;67309;305;67614;NA;106919;327;2021-01-24;56744
2021-01-23;"Žilinský kraj";91;91232;408;91640;NA;106919;499;2021-01-23;56417
2021-01-22;"Žilinský kraj";163;31997;239;32236;NA;106919;402;2021-01-22;55918
2021-01-21;"Žilinský kraj";116;19874;181;20055;NA;106919;297;2021-01-21;55516
2021-01-20;"Žilinský kraj";236;17501;168;17669;NA;106919;404;2021-01-20;55219
2021-01-19;"Žilinský kraj";245;15578;283;15861;NA;106919;528;2021-01-19;54815
2021-01-18;"Žilinský kraj";236;12506;327;12833;NA;106919;563;2021-01-18;54287
2021-01-17;"Žilinský kraj";95;147;8;155;NA;106919;103;2021-01-17;53724
2021-01-16;"Žilinský kraj";14;758;35;793;NA;106919;49;2021-01-16;53621
2021-01-15;"Žilinský kraj";248;7244;205;7449;NA;106919;453;2021-01-15;53572
2021-01-14;"Žilinský kraj";166;5572;248;5820;NA;106919;414;2021-01-14;53119
2021-01-13;"Žilinský kraj";247;11316;555;11871;NA;106919;802;2021-01-13;52705
2021-01-12;"Žilinský kraj";376;8754;413;9167;NA;106919;789;2021-01-12;51903
2021-01-11;"Žilinský kraj";351;10385;513;10898;NA;106919;864;2021-01-11;51114
2021-01-10;"Žilinský kraj";38;229;6;235;NA;106919;44;2021-01-10;50250
2021-01-09;"Žilinský kraj";192;1983;85;2068;NA;106919;277;2021-01-09;50206
2021-01-08;"Žilinský kraj";413;9245;497;9742;NA;106919;910;2021-01-08;49929
2021-01-07;"Žilinský kraj";438;23485;1881;25366;NA;106919;2319;2021-01-07;49019
2021-01-06;"Žilinský kraj";145;1412;96;1508;NA;106919;241;2021-01-06;46700
2021-01-05;"Žilinský kraj";717;10702;845;11547;NA;106919;1562;2021-01-05;46459
2021-01-04;"Žilinský kraj";479;9739;1012;10751;NA;106919;1491;2021-01-04;44897
2021-01-03;"Žilinský kraj";13;1006;107;1113;NA;106919;120;2021-01-03;43406
2021-01-02;"Žilinský kraj";98;789;91;880;NA;106919;189;2021-01-02;43286
2021-01-01;"Žilinský kraj";118;615;37;652;NA;106919;155;2021-01-01;43097
2020-12-31;"Žilinský kraj";395;10008;809;10817;NA;106919;1204;2020-12-31;42942
2020-12-30;"Žilinský kraj";1038;12030;849;12879;NA;106919;1887;2020-12-30;41738
2020-12-29;"Žilinský kraj";256;10584;1041;11625;NA;106919;1297;2020-12-29;39851
2020-12-28;"Žilinský kraj";406;11177;1048;12225;NA;106919;1454;2020-12-28;38554
2020-12-27;"Žilinský kraj";40;684;94;778;NA;106919;134;2020-12-27;37100
2020-12-26;"Žilinský kraj";135;593;48;641;NA;106919;183;2020-12-26;36966
2020-12-25;"Žilinský kraj";66;83;9;92;NA;106919;75;2020-12-25;36783
2020-12-24;"Žilinský kraj";643;1060;80;1140;NA;106919;723;2020-12-24;36708
2020-12-23;"Žilinský kraj";228;17281;1031;18312;NA;106919;1259;2020-12-23;35985
2020-12-22;"Žilinský kraj";519;13746;1031;14777;NA;106919;1550;2020-12-22;34726
2020-12-21;"Žilinský kraj";444;12608;1096;13704;NA;106919;1540;2020-12-21;33176
2020-12-20;"Žilinský kraj";36;598;80;678;NA;106919;116;2020-12-20;31636
2020-12-19;"Žilinský kraj";208;2076;145;2221;NA;106919;353;2020-12-19;31520
2020-12-18;"Žilinský kraj";333;6925;400;7325;NA;106919;733;2020-12-18;31167
2020-12-17;"Žilinský kraj";500;4243;279;4522;NA;106919;779;2020-12-17;30434
2020-12-16;"Žilinský kraj";333;3999;280;4279;NA;106919;613;2020-12-16;29655
2020-12-15;"Žilinský kraj";528;4139;378;4517;NA;106919;906;2020-12-15;29042
2020-12-14;"Žilinský kraj";321;4300;355;4655;NA;106919;676;2020-12-14;28136
2020-12-13;"Žilinský kraj";26;494;66;560;NA;106919;92;2020-12-13;27460
2020-12-12;"Žilinský kraj";95;1116;61;1177;NA;106919;156;2020-12-12;27368
2020-12-11;"Žilinský kraj";455;4507;269;4776;NA;106919;724;2020-12-11;27212
2020-12-10;"Žilinský kraj";166;9341;838;10179;NA;106919;1004;2020-12-10;26488
2020-12-09;"Žilinský kraj";392;2200;131;2331;NA;106919;523;2020-12-09;25484
2020-12-08;"Žilinský kraj";331;3248;123;3371;NA;106919;454;2020-12-08;24961
2020-12-07;"Žilinský kraj";348;2254;127;2381;NA;106919;475;2020-12-07;24507
2020-12-06;"Žilinský kraj";15;128;6;134;NA;106919;21;2020-12-06;24032
2020-12-05;"Žilinský kraj";98;1500;53;1553;NA;106919;151;2020-12-05;24011
2020-12-04;"Žilinský kraj";228;2891;122;3013;NA;106919;350;2020-12-04;23860
2020-12-03;"Žilinský kraj";237;1424;117;1541;NA;106919;354;2020-12-03;23510
2020-12-02;"Žilinský kraj";181;1396;69;1465;NA;106919;250;2020-12-02;23156
2020-12-01;"Žilinský kraj";209;6239;284;6523;NA;106919;493;2020-12-01;22906
2020-11-30;"Žilinský kraj";203;5326;305;5631;NA;106919;508;2020-11-30;22413
2020-11-29;"Žilinský kraj";18;81;7;88;NA;106919;25;2020-11-29;21905
2020-11-28;"Žilinský kraj";99;349;15;364;NA;106919;114;2020-11-28;21880
2020-11-27;"Žilinský kraj";218;914;46;960;NA;106919;264;2020-11-27;21766
2020-11-26;"Žilinský kraj";190;1105;57;1162;NA;106919;247;2020-11-26;21502
2020-11-25;"Žilinský kraj";225;1217;49;1266;NA;106919;274;2020-11-25;21255
2020-11-24;"Žilinský kraj";213;2139;67;2206;NA;106919;280;2020-11-24;20981
2020-11-23;"Žilinský kraj";170;759;44;803;NA;106919;214;2020-11-23;20701
2020-11-22;"Žilinský kraj";11;67;2;69;NA;106919;13;2020-11-22;20487
2020-11-21;"Žilinský kraj";61;505;20;525;NA;106919;81;2020-11-21;20474
2020-11-20;"Žilinský kraj";251;1074;45;1119;NA;106919;296;2020-11-20;20393
2020-11-19;"Žilinský kraj";252;752;61;813;NA;106919;313;2020-11-19;20097
2020-11-18;"Žilinský kraj";346;348;15;363;NA;106919;361;2020-11-18;19784
2020-11-17;"Žilinský kraj";123;490;15;505;NA;106919;138;2020-11-17;19423
2020-11-16;"Žilinský kraj";227;247;15;262;NA;106919;242;2020-11-16;19285
2020-11-15;"Žilinský kraj";63;13;0;13;NA;106919;63;2020-11-15;19043
2020-11-14;"Žilinský kraj";189;1038;11;1049;NA;106919;200;2020-11-14;18980
2020-11-13;"Žilinský kraj";181;125;9;134;NA;106919;190;2020-11-13;18780
2020-11-12;"Žilinský kraj";334;79;2;81;NA;106919;336;2020-11-12;18590
2020-11-11;"Žilinský kraj";489;147;10;157;NA;106919;499;2020-11-11;18254
2020-11-10;"Žilinský kraj";374;519;9;528;NA;106919;383;2020-11-10;17755
2020-11-09;"Žilinský kraj";143;2335;30;2365;NA;106919;173;2020-11-09;17372
2020-11-08;"Žilinský kraj";59;2538;37;2575;NA;106919;96;2020-11-08;17199
2020-11-07;"Žilinský kraj";312;8175;88;8263;NA;106919;400;2020-11-07;17103
2020-11-06;"Žilinský kraj";503;4090;38;4128;NA;106919;541;2020-11-06;16703
2020-11-05;"Žilinský kraj";473;64;4;68;NA;106919;477;2020-11-05;16162
2020-11-04;"Žilinský kraj";423;178;10;188;NA;106919;433;2020-11-04;15685
2020-11-03;"Žilinský kraj";688;889;16;905;NA;106919;704;2020-11-03;15252
2020-11-02;"Žilinský kraj";472;1043;39;1082;NA;106919;511;2020-11-02;14548
2020-11-01;"Žilinský kraj";349;5096;130;5226;NA;106919;479;2020-11-01;14037
2020-10-31;"Žilinský kraj";661;7963;203;8166;NA;106919;864;2020-10-31;13558
2020-10-30;"Žilinský kraj";529;2575;61;2636;NA;106919;590;2020-10-30;12694
2020-10-29;"Žilinský kraj";740;503;17;520;NA;106919;757;2020-10-29;12104
2020-10-28;"Žilinský kraj";635;105;11;116;NA;106919;646;2020-10-28;11347
2020-10-27;"Žilinský kraj";355;154;24;178;NA;106919;379;2020-10-27;10701
2020-10-26;"Žilinský kraj";148;117;28;145;NA;106919;176;2020-10-26;10322
2020-10-25;"Žilinský kraj";436;0;0;0;NA;106919;436;2020-10-25;10146
2020-10-24;"Žilinský kraj";803;0;0;0;NA;106919;803;2020-10-24;9710
2020-10-23;"Žilinský kraj";659;102;13;115;NA;106919;672;2020-10-23;8907
2020-10-22;"Žilinský kraj";525;33;3;36;NA;106919;528;2020-10-22;8235
2020-10-21;"Žilinský kraj";478;74;14;88;NA;106919;492;2020-10-21;7707
2020-10-20;"Žilinský kraj";524;127;8;135;NA;106919;532;2020-10-20;7215
2020-10-19;"Žilinský kraj";70;80;12;92;NA;106919;82;2020-10-19;6683
2020-10-18;"Žilinský kraj";159;0;0;0;NA;106919;159;2020-10-18;6601
2020-10-17;"Žilinský kraj";509;0;0;0;NA;106919;509;2020-10-17;6442
2020-10-16;"Žilinský kraj";603;51;9;60;NA;106919;612;2020-10-16;5933
2020-10-15;"Žilinský kraj";679;61;3;64;NA;106919;682;2020-10-15;5321
2020-10-14;"Žilinský kraj";523;269;6;275;NA;106919;529;2020-10-14;4639
2020-10-13;"Žilinský kraj";367;458;40;498;NA;106919;407;2020-10-13;4110
2020-10-12;"Žilinský kraj";62;0;0;0;NA;106919;62;2020-10-12;3703
2020-10-11;"Žilinský kraj";50;0;0;0;NA;106919;50;2020-10-11;3641
2020-10-10;"Žilinský kraj";213;0;0;0;NA;106919;213;2020-10-10;3591
2020-10-09;"Žilinský kraj";543;0;0;0;NA;106919;543;2020-10-09;3378
2020-10-08;"Žilinský kraj";238;0;0;0;NA;106919;238;2020-10-08;2835
2020-10-07;"Žilinský kraj";168;0;0;0;NA;106919;168;2020-10-07;2597
2020-10-06;"Žilinský kraj";233;0;0;0;NA;106919;233;2020-10-06;2429
2020-10-05;"Žilinský kraj";33;0;0;0;NA;106919;33;2020-10-05;2196
2020-10-04;"Žilinský kraj";35;0;0;0;NA;106919;35;2020-10-04;2163
2020-10-03;"Žilinský kraj";155;0;0;0;NA;106919;155;2020-10-03;2128
2020-10-02;"Žilinský kraj";105;0;0;0;NA;106919;105;2020-10-02;1973
2020-10-01;"Žilinský kraj";147;0;0;0;NA;106919;147;2020-10-01;1868
2020-09-30;"Žilinský kraj";163;0;0;0;NA;106919;163;2020-09-30;1721
2020-09-29;"Žilinský kraj";105;0;0;0;NA;106919;105;2020-09-29;1558
2020-09-28;"Žilinský kraj";34;0;0;0;NA;106919;34;2020-09-28;1453
2020-09-27;"Žilinský kraj";108;0;0;0;NA;106919;108;2020-09-27;1419
2020-09-26;"Žilinský kraj";96;0;0;0;NA;106919;96;2020-09-26;1311
2020-09-25;"Žilinský kraj";69;0;0;0;NA;106919;69;2020-09-25;1215
2020-09-24;"Žilinský kraj";100;0;0;0;NA;106919;100;2020-09-24;1146
2020-09-23;"Žilinský kraj";65;0;0;0;NA;106919;65;2020-09-23;1046
2020-09-22;"Žilinský kraj";65;0;0;0;NA;106919;65;2020-09-22;981
2020-09-21;"Žilinský kraj";47;0;0;0;NA;106919;47;2020-09-21;916
2020-09-20;"Žilinský kraj";4;0;0;0;NA;106919;4;2020-09-20;869
2020-09-19;"Žilinský kraj";6;0;0;0;NA;106919;6;2020-09-19;865
2020-09-18;"Žilinský kraj";82;0;0;0;NA;106919;82;2020-09-18;859
2020-09-17;"Žilinský kraj";30;0;0;0;NA;106919;30;2020-09-17;777
2020-09-16;"Žilinský kraj";34;0;0;0;NA;106919;34;2020-09-16;747
2020-09-15;"Žilinský kraj";12;0;0;0;NA;106919;12;2020-09-15;713
2020-09-14;"Žilinský kraj";39;0;0;0;NA;106919;39;2020-09-14;701
2020-09-13;"Žilinský kraj";6;0;0;0;NA;106919;6;2020-09-13;662
2020-09-12;"Žilinský kraj";4;0;0;0;NA;106919;4;2020-09-12;656
2020-09-11;"Žilinský kraj";31;0;0;0;NA;106919;31;2020-09-11;652
2020-09-10;"Žilinský kraj";31;0;0;0;NA;106919;31;2020-09-10;621
2020-09-09;"Žilinský kraj";23;0;0;0;NA;106919;23;2020-09-09;590
2020-09-08;"Žilinský kraj";25;0;0;0;NA;106919;25;2020-09-08;567
2020-09-07;"Žilinský kraj";11;0;0;0;NA;106919;11;2020-09-07;542
2020-09-06;"Žilinský kraj";0;0;0;0;NA;106919;0;2020-09-06;531
2020-09-05;"Žilinský kraj";2;0;0;0;NA;106919;2;2020-09-05;531
2020-09-04;"Žilinský kraj";33;0;0;0;NA;106919;33;2020-09-04;529
2020-09-03;"Žilinský kraj";18;0;0;0;NA;106919;18;2020-09-03;496
2020-09-02;"Žilinský kraj";16;0;0;0;NA;106919;16;2020-09-02;478
2020-09-01;"Žilinský kraj";4;0;0;0;NA;106919;4;2020-09-01;462
2020-08-31;"Žilinský kraj";5;0;0;0;NA;106919;5;2020-08-31;458
2020-08-30;"Žilinský kraj";3;0;0;0;NA;106919;3;2020-08-30;453
2020-08-29;"Žilinský kraj";5;0;0;0;NA;106919;5;2020-08-29;450
2020-08-28;"Žilinský kraj";13;0;0;0;NA;106919;13;2020-08-28;445
2020-08-27;"Žilinský kraj";18;0;0;0;NA;106919;18;2020-08-27;432
2020-08-26;"Žilinský kraj";8;0;0;0;NA;106919;8;2020-08-26;414
2020-08-25;"Žilinský kraj";2;0;0;0;NA;106919;2;2020-08-25;406
2020-08-24;"Žilinský kraj";5;0;0;0;NA;106919;5;2020-08-24;404
2020-08-23;"Žilinský kraj";0;0;0;0;NA;106919;0;2020-08-23;399
2020-08-22;"Žilinský kraj";0;0;0;0;NA;106919;0;2020-08-22;399
2020-08-21;"Žilinský kraj";10;0;0;0;NA;106919;10;2020-08-21;399
2020-08-20;"Žilinský kraj";13;0;0;0;NA;106919;13;2020-08-20;389
2020-08-19;"Žilinský kraj";7;0;0;0;NA;106919;7;2020-08-19;376
2020-08-18;"Žilinský kraj";9;0;0;0;NA;106919;9;2020-08-18;369
2020-08-17;"Žilinský kraj";1;0;0;0;NA;106919;1;2020-08-17;360
2020-08-16;"Žilinský kraj";0;0;0;0;NA;106919;0;2020-08-16;359
2020-08-15;"Žilinský kraj";0;0;0;0;NA;106919;0;2020-08-15;359
2020-08-14;"Žilinský kraj";4;0;0;0;NA;106919;4;2020-08-14;359
2020-08-13;"Žilinský kraj";2;0;0;0;NA;106919;2;2020-08-13;355
2020-08-12;"Žilinský kraj";0;0;0;0;NA;106919;0;2020-08-12;353
2020-08-11;"Žilinský kraj";4;0;0;0;NA;106919;4;2020-08-11;353
2020-08-10;"Žilinský kraj";1;0;0;0;NA;106919;1;2020-08-10;349
2020-08-09;"Žilinský kraj";0;0;0;0;NA;106919;0;2020-08-09;348
2020-08-08;"Žilinský kraj";3;0;0;0;NA;106919;3;2020-08-08;348
2020-08-07;"Žilinský kraj";8;0;0;0;NA;106919;8;2020-08-07;345
2020-08-06;"Žilinský kraj";1;0;0;0;NA;106919;1;2020-08-06;337
2020-08-05;"Žilinský kraj";1;0;0;0;NA;106919;1;2020-08-05;336
2020-08-04;"Žilinský kraj";2;0;0;0;NA;106919;2;2020-08-04;335
2020-08-03;"Žilinský kraj";0;0;0;0;NA;106919;0;2020-08-03;333
2020-08-02;"Žilinský kraj";1;0;0;0;NA;106919;1;2020-08-02;333
2020-08-01;"Žilinský kraj";0;0;0;0;NA;106919;0;2020-08-01;332
2020-07-31;"Žilinský kraj";4;0;0;0;NA;106919;4;2020-07-31;332
2020-07-30;"Žilinský kraj";2;0;0;0;NA;106919;2;2020-07-30;328
2020-07-29;"Žilinský kraj";2;0;0;0;NA;106919;2;2020-07-29;326
2020-07-28;"Žilinský kraj";4;0;0;0;NA;106919;4;2020-07-28;324
2020-07-27;"Žilinský kraj";6;0;0;0;NA;106919;6;2020-07-27;320
2020-07-26;"Žilinský kraj";0;0;0;0;NA;106919;0;2020-07-26;314
2020-07-25;"Žilinský kraj";0;0;0;0;NA;106919;0;2020-07-25;314
2020-07-24;"Žilinský kraj";2;0;0;0;NA;106919;2;2020-07-24;314
2020-07-23;"Žilinský kraj";0;0;0;0;NA;106919;0;2020-07-23;312
2020-07-22;"Žilinský kraj";1;0;0;0;NA;106919;1;2020-07-22;312
2020-07-21;"Žilinský kraj";2;0;0;0;NA;106919;2;2020-07-21;311
2020-07-20;"Žilinský kraj";3;0;0;0;NA;106919;3;2020-07-20;309
2020-07-19;"Žilinský kraj";0;0;0;0;NA;106919;0;2020-07-19;306
2020-07-18;"Žilinský kraj";0;0;0;0;NA;106919;0;2020-07-18;306
2020-07-17;"Žilinský kraj";2;0;0;0;NA;106919;2;2020-07-17;306
2020-07-16;"Žilinský kraj";2;0;0;0;NA;106919;2;2020-07-16;304
2020-07-15;"Žilinský kraj";2;0;0;0;NA;106919;2;2020-07-15;302
2020-07-14;"Žilinský kraj";1;0;0;0;NA;106919;1;2020-07-14;300
2020-07-13;"Žilinský kraj";0;0;0;0;NA;106919;0;2020-07-13;299
2020-07-12;"Žilinský kraj";0;0;0;0;NA;106919;0;2020-07-12;299
2020-07-11;"Žilinský kraj";2;0;0;0;NA;106919;2;2020-07-11;299
2020-07-10;"Žilinský kraj";3;0;0;0;NA;106919;3;2020-07-10;297
2020-07-09;"Žilinský kraj";2;0;0;0;NA;106919;2;2020-07-09;294
2020-07-08;"Žilinský kraj";10;0;0;0;NA;106919;10;2020-07-08;292
2020-07-07;"Žilinský kraj";7;0;0;0;NA;106919;7;2020-07-07;282
2020-07-06;"Žilinský kraj";0;0;0;0;NA;106919;0;2020-07-06;275
2020-07-05;"Žilinský kraj";0;0;0;0;NA;106919;0;2020-07-05;275
2020-07-04;"Žilinský kraj";10;0;0;0;NA;106919;10;2020-07-04;275
2020-07-03;"Žilinský kraj";18;0;0;0;NA;106919;18;2020-07-03;265
2020-07-02;"Žilinský kraj";7;0;0;0;NA;106919;7;2020-07-02;247
2020-07-01;"Žilinský kraj";0;0;0;0;NA;106919;0;2020-07-01;240
2020-06-30;"Žilinský kraj";4;0;0;0;NA;106919;4;2020-06-30;240
2020-06-29;"Žilinský kraj";0;0;0;0;NA;106919;0;2020-06-29;236
2020-06-28;"Žilinský kraj";1;0;0;0;NA;106919;1;2020-06-28;236
2020-06-27;"Žilinský kraj";3;0;0;0;NA;106919;3;2020-06-27;235
2020-06-26;"Žilinský kraj";5;0;0;0;NA;106919;5;2020-06-26;232
2020-06-25;"Žilinský kraj";7;0;0;0;NA;106919;7;2020-06-25;227
2020-06-24;"Žilinský kraj";11;0;0;0;NA;106919;11;2020-06-24;220
2020-06-23;"Žilinský kraj";9;0;0;0;NA;106919;9;2020-06-23;209
2020-06-22;"Žilinský kraj";0;0;0;0;NA;106919;0;2020-06-22;200
2020-06-21;"Žilinský kraj";1;0;0;0;NA;106919;1;2020-06-21;200
2020-06-20;"Žilinský kraj";1;0;0;0;NA;106919;1;2020-06-20;199
2020-06-19;"Žilinský kraj";4;0;0;0;NA;106919;4;2020-06-19;198
2020-06-18;"Žilinský kraj";1;0;0;0;NA;106919;1;2020-06-18;194
2020-06-17;"Žilinský kraj";0;0;0;0;NA;106919;0;2020-06-17;193
2020-06-16;"Žilinský kraj";1;0;0;0;NA;106919;1;2020-06-16;193
2020-06-14;"Žilinský kraj";0;0;0;0;NA;106919;0;2020-06-14;192
2020-06-13;"Žilinský kraj";0;0;0;0;NA;106919;0;2020-06-13;192
2020-06-12;"Žilinský kraj";0;0;0;0;NA;106919;0;2020-06-12;192
2020-06-11;"Žilinský kraj";0;0;0;0;NA;106919;0;2020-06-11;192
2020-06-10;"Žilinský kraj";0;0;0;0;NA;106919;0;2020-06-10;192
2020-06-09;"Žilinský kraj";1;0;0;0;NA;106919;1;2020-06-09;192
2020-06-08;"Žilinský kraj";0;0;0;0;NA;106919;0;2020-06-08;191
2020-06-07;"Žilinský kraj";0;0;0;0;NA;106919;0;2020-06-07;191
2020-06-05;"Žilinský kraj";0;0;0;0;NA;106919;0;2020-06-05;191
2020-06-03;"Žilinský kraj";0;0;0;0;NA;106919;0;2020-06-03;191
2020-06-02;"Žilinský kraj";0;0;0;0;NA;106919;0;2020-06-02;191
2020-05-31;"Žilinský kraj";0;0;0;0;NA;106919;0;2020-05-31;191
2020-05-29;"Žilinský kraj";0;0;0;0;NA;106919;0;2020-05-29;191
2020-05-27;"Žilinský kraj";1;0;0;0;NA;106919;1;2020-05-27;191
2020-05-26;"Žilinský kraj";1;0;0;0;NA;106919;1;2020-05-26;190
2020-05-25;"Žilinský kraj";0;0;0;0;NA;106919;0;2020-05-25;189
2020-05-24;"Žilinský kraj";0;0;0;0;NA;106919;0;2020-05-24;189
2020-05-23;"Žilinský kraj";0;0;0;0;NA;106919;0;2020-05-23;189
2020-05-22;"Žilinský kraj";0;0;0;0;NA;106919;0;2020-05-22;189
2020-05-21;"Žilinský kraj";0;0;0;0;NA;106919;0;2020-05-21;189
2020-05-20;"Žilinský kraj";0;0;0;0;NA;106919;0;2020-05-20;189
2020-05-19;"Žilinský kraj";1;0;0;0;NA;106919;1;2020-05-19;189
2020-05-17;"Žilinský kraj";0;0;0;0;NA;106919;0;2020-05-17;188
2020-05-16;"Žilinský kraj";0;0;0;0;NA;106919;0;2020-05-16;188
2020-05-15;"Žilinský kraj";0;0;0;0;NA;106919;0;2020-05-15;188
2020-05-14;"Žilinský kraj";0;0;0;0;NA;106919;0;2020-05-14;188
2020-05-13;"Žilinský kraj";0;0;0;0;NA;106919;0;2020-05-13;188
2020-05-12;"Žilinský kraj";0;0;0;0;NA;106919;0;2020-05-12;188
2020-05-11;"Žilinský kraj";0;0;0;0;NA;106919;0;2020-05-11;188
2020-05-09;"Žilinský kraj";0;0;0;0;NA;106919;0;2020-05-09;188
2020-05-07;"Žilinský kraj";0;0;0;0;NA;106919;0;2020-05-07;188
2020-05-06;"Žilinský kraj";2;0;0;0;NA;106919;2;2020-05-06;188
2020-05-05;"Žilinský kraj";3;0;0;0;NA;106919;3;2020-05-05;186
2020-05-04;"Žilinský kraj";3;0;0;0;NA;106919;3;2020-05-04;183
2020-05-03;"Žilinský kraj";1;0;0;0;NA;106919;1;2020-05-03;180
2020-05-02;"Žilinský kraj";0;0;0;0;NA;106919;0;2020-05-02;179
2020-05-01;"Žilinský kraj";1;0;0;0;NA;106919;1;2020-05-01;179
2020-04-30;"Žilinský kraj";0;0;0;0;NA;106919;0;2020-04-30;178
2020-04-29;"Žilinský kraj";0;0;0;0;NA;106919;0;2020-04-29;178
2020-04-28;"Žilinský kraj";0;0;0;0;NA;106919;0;2020-04-28;178
2020-04-27;"Žilinský kraj";0;0;0;0;NA;106919;0;2020-04-27;178
2020-04-26;"Žilinský kraj";0;0;0;0;NA;106919;0;2020-04-26;178
2020-04-25;"Žilinský kraj";2;0;0;0;NA;106919;2;2020-04-25;178
2020-04-24;"Žilinský kraj";1;0;0;0;NA;106919;1;2020-04-24;176
2020-04-23;"Žilinský kraj";2;0;0;0;NA;106919;2;2020-04-23;175
2020-04-22;"Žilinský kraj";9;0;0;0;NA;106919;9;2020-04-22;173
2020-04-21;"Žilinský kraj";1;0;0;0;NA;106919;1;2020-04-21;164
2020-04-20;"Žilinský kraj";4;0;0;0;NA;106919;4;2020-04-20;163
2020-04-19;"Žilinský kraj";0;0;0;0;NA;106919;0;2020-04-19;159
2020-04-18;"Žilinský kraj";49;0;0;0;NA;106919;49;2020-04-18;159
2020-04-17;"Žilinský kraj";3;0;0;0;NA;106919;3;2020-04-17;110
2020-04-16;"Žilinský kraj";4;0;0;0;NA;106919;4;2020-04-16;107
2020-04-15;"Žilinský kraj";7;0;0;0;NA;106919;7;2020-04-15;103
2020-04-14;"Žilinský kraj";1;0;0;0;NA;106919;1;2020-04-14;96
2020-04-13;"Žilinský kraj";2;0;0;0;NA;106919;2;2020-04-13;95
2020-04-12;"Žilinský kraj";5;0;0;0;NA;106919;5;2020-04-12;93
2020-04-11;"Žilinský kraj";2;0;0;0;NA;106919;2;2020-04-11;88
2020-04-10;"Žilinský kraj";1;0;0;0;NA;106919;1;2020-04-10;86
2020-04-09;"Žilinský kraj";1;0;0;0;NA;106919;1;2020-04-09;85
2020-04-08;"Žilinský kraj";3;0;0;0;NA;106919;3;2020-04-08;84
2020-04-07;"Žilinský kraj";5;0;0;0;NA;106919;5;2020-04-07;81
2020-04-06;"Žilinský kraj";6;0;0;0;NA;106919;6;2020-04-06;76
2020-04-05;"Žilinský kraj";8;0;0;0;NA;106919;8;2020-04-05;70
2020-04-04;"Žilinský kraj";0;0;0;0;NA;106919;0;2020-04-04;62
2020-04-03;"Žilinský kraj";3;0;0;0;NA;106919;3;2020-04-03;62
2020-04-02;"Žilinský kraj";5;0;0;0;NA;106919;5;2020-04-02;59
2020-04-01;"Žilinský kraj";4;0;0;0;NA;106919;4;2020-04-01;54
2020-03-31;"Žilinský kraj";1;0;0;0;NA;106919;1;2020-03-31;50
2020-03-30;"Žilinský kraj";3;0;0;0;NA;106919;3;2020-03-30;49
2020-03-29;"Žilinský kraj";0;0;0;0;NA;106919;0;2020-03-29;46
2020-03-28;"Žilinský kraj";1;0;0;0;NA;106919;1;2020-03-28;46
2020-03-27;"Žilinský kraj";9;0;0;0;NA;106919;9;2020-03-27;45
2020-03-26;"Žilinský kraj";4;0;0;0;NA;106919;4;2020-03-26;36
2020-03-25;"Žilinský kraj";1;0;0;0;NA;106919;1;2020-03-25;32
2020-03-24;"Žilinský kraj";2;0;0;0;NA;106919;2;2020-03-24;31
2020-03-23;"Žilinský kraj";3;0;0;0;NA;106919;3;2020-03-23;29
2020-03-22;"Žilinský kraj";1;0;0;0;NA;106919;1;2020-03-22;26
2020-03-21;"Žilinský kraj";2;0;0;0;NA;106919;2;2020-03-21;25
2020-03-20;"Žilinský kraj";4;0;0;0;NA;106919;4;2020-03-20;23
2020-03-19;"Žilinský kraj";2;219;0;219;NA;106919;2;2020-03-19;19
2020-03-18;"Žilinský kraj";1;0;0;0;NA;106919;1;2020-03-18;17
2020-03-17;"Žilinský kraj";5;0;0;0;NA;106919;5;2020-03-17;16
2020-03-16;"Žilinský kraj";1;0;0;0;NA;106919;1;2020-03-16;11
2020-03-15;"Žilinský kraj";2;0;0;0;NA;106919;2;2020-03-15;10
2020-03-14;"Žilinský kraj";1;0;0;0;NA;106919;1;2020-03-14;8
2020-03-13;"Žilinský kraj";5;0;0;0;NA;106919;5;2020-03-13;7
2020-03-12;"Žilinský kraj";1;0;0;0;NA;106919;1;2020-03-12;2
2020-03-11;"Žilinský kraj";0;0;0;0;NA;106919;0;2020-03-11;1
2020-03-09;"Žilinský kraj";1;0;0;0;NA;106919;1;2020-03-09;1
2020-03-08;"Žilinský kraj";0;0;0;0;NA;106919;0;2020-03-08;0
2020-03-07;"Žilinský kraj";0;0;0;0;NA;106919;0;2020-03-07;0
2020-03-06;"Žilinský kraj";0;0;0;0;NA;106919;0;2020-03-06;0
