"Datum";"Region";"PCR_Pos";"Ag_Neg";"Ag_Pos";"Total";"Pocet.potvrdenych";"Potvrdenych";"newcases";"date";"positive"
2021-03-07;"Banskobystrický kraj";60;33879;237;34116;31104;64440;297;2021-03-07;64440
2021-03-06;"Banskobystrický kraj";164;57489;300;57789;NA;64440;464;2021-03-06;64143
2021-03-05;"Banskobystrický kraj";221;41927;385;42312;NA;64440;606;2021-03-05;63679
2021-03-04;"Banskobystrický kraj";226;22190;393;22583;NA;64440;619;2021-03-04;63073
2021-03-03;"Banskobystrický kraj";317;21691;330;22021;NA;64440;647;2021-03-03;62454
2021-03-02;"Banskobystrický kraj";291;22168;334;22502;NA;64440;625;2021-03-02;61807
2021-03-01;"Banskobystrický kraj";151;32244;439;32683;NA;64440;590;2021-03-01;61182
2021-02-28;"Banskobystrický kraj";45;17316;139;17455;NA;64440;184;2021-02-28;60592
2021-02-27;"Banskobystrický kraj";289;65549;522;66071;NA;64440;811;2021-02-27;60408
2021-02-26;"Banskobystrický kraj";326;40089;476;40565;NA;64440;802;2021-02-26;59597
2021-02-25;"Banskobystrický kraj";375;17768;367;18135;NA;64440;742;2021-02-25;58795
2021-02-24;"Banskobystrický kraj";332;16760;374;17134;NA;64440;706;2021-02-24;58053
2021-02-23;"Banskobystrický kraj";462;19652;444;20096;NA;64440;906;2021-02-23;57347
2021-02-22;"Banskobystrický kraj";67;23292;490;23782;NA;64440;557;2021-02-22;56441
2021-02-21;"Banskobystrický kraj";68;26585;283;26868;NA;64440;351;2021-02-21;55884
2021-02-20;"Banskobystrický kraj";280;68607;598;69205;NA;64440;878;2021-02-20;55533
2021-02-19;"Banskobystrický kraj";420;39347;505;39852;NA;64440;925;2021-02-19;54655
2021-02-18;"Banskobystrický kraj";241;19021;404;19425;NA;64440;645;2021-02-18;53730
2021-02-17;"Banskobystrický kraj";415;16063;386;16449;NA;64440;801;2021-02-17;53085
2021-02-16;"Banskobystrický kraj";338;20286;368;20654;NA;64440;706;2021-02-16;52284
2021-02-15;"Banskobystrický kraj";118;34997;570;35567;NA;64440;688;2021-02-15;51578
2021-02-14;"Banskobystrický kraj";60;15609;134;15743;NA;64440;194;2021-02-14;50890
2021-02-13;"Banskobystrický kraj";202;44544;401;44945;NA;64440;603;2021-02-13;50696
2021-02-12;"Banskobystrický kraj";312;36915;538;37453;NA;64440;850;2021-02-12;50093
2021-02-11;"Banskobystrický kraj";305;21496;395;21891;NA;64440;700;2021-02-11;49243
2021-02-10;"Banskobystrický kraj";333;14367;338;14705;NA;64440;671;2021-02-10;48543
2021-02-09;"Banskobystrický kraj";329;17742;353;18095;NA;64440;682;2021-02-09;47872
2021-02-08;"Banskobystrický kraj";103;41733;595;42328;NA;64440;698;2021-02-08;47190
2021-02-07;"Banskobystrický kraj";70;24469;148;24617;NA;64440;218;2021-02-07;46492
2021-02-06;"Banskobystrický kraj";178;63194;553;63747;NA;64440;731;2021-02-06;46274
2021-02-05;"Banskobystrický kraj";282;24121;354;24475;NA;64440;636;2021-02-05;45543
2021-02-04;"Banskobystrický kraj";240;13516;439;13955;NA;64440;679;2021-02-04;44907
2021-02-03;"Banskobystrický kraj";350;9151;245;9396;NA;64440;595;2021-02-03;44228
2021-02-02;"Banskobystrický kraj";277;14758;323;15081;NA;64440;600;2021-02-02;43633
2021-02-01;"Banskobystrický kraj";75;19069;382;19451;NA;64440;457;2021-02-01;43033
2021-01-31;"Banskobystrický kraj";34;24292;213;24505;NA;64440;247;2021-01-31;42576
2021-01-30;"Banskobystrický kraj";163;46244;387;46631;NA;64440;550;2021-01-30;42329
2021-01-29;"Banskobystrický kraj";196;16842;271;17113;NA;64440;467;2021-01-29;41779
2021-01-28;"Banskobystrický kraj";218;14374;377;14751;NA;64440;595;2021-01-28;41312
2021-01-27;"Banskobystrický kraj";191;11081;224;11305;NA;64440;415;2021-01-27;40717
2021-01-26;"Banskobystrický kraj";238;20086;297;20383;NA;64440;535;2021-01-26;40302
2021-01-25;"Banskobystrický kraj";82;31721;383;32104;NA;64440;465;2021-01-25;39767
2021-01-24;"Banskobystrický kraj";38;29267;239;29506;NA;64440;277;2021-01-24;39302
2021-01-23;"Banskobystrický kraj";142;84220;506;84726;NA;64440;648;2021-01-23;39025
2021-01-22;"Banskobystrický kraj";175;27493;370;27863;NA;64440;545;2021-01-22;38377
2021-01-21;"Banskobystrický kraj";194;16995;289;17284;NA;64440;483;2021-01-21;37832
2021-01-20;"Banskobystrický kraj";231;9710;218;9928;NA;64440;449;2021-01-20;37349
2021-01-19;"Banskobystrický kraj";213;11639;328;11967;NA;64440;541;2021-01-19;36900
2021-01-18;"Banskobystrický kraj";94;6206;349;6555;NA;64440;443;2021-01-18;36359
2021-01-17;"Banskobystrický kraj";110;8150;77;8227;NA;64440;187;2021-01-17;35916
2021-01-16;"Banskobystrický kraj";58;1403;35;1438;NA;64440;93;2021-01-16;35729
2021-01-15;"Banskobystrický kraj";164;7474;230;7704;NA;64440;394;2021-01-15;35636
2021-01-14;"Banskobystrický kraj";220;6118;340;6458;NA;64440;560;2021-01-14;35242
2021-01-13;"Banskobystrický kraj";235;6153;227;6380;NA;64440;462;2021-01-13;34682
2021-01-12;"Banskobystrický kraj";194;6827;302;7129;NA;64440;496;2021-01-12;34220
2021-01-11;"Banskobystrický kraj";76;8196;472;8668;NA;64440;548;2021-01-11;33724
2021-01-10;"Banskobystrický kraj";110;102;4;106;NA;64440;114;2021-01-10;33176
2021-01-09;"Banskobystrický kraj";297;2260;83;2343;NA;64440;380;2021-01-09;33062
2021-01-08;"Banskobystrický kraj";435;9295;430;9725;NA;64440;865;2021-01-08;32682
2021-01-07;"Banskobystrický kraj";127;5260;333;5593;NA;64440;460;2021-01-07;31817
2021-01-06;"Banskobystrický kraj";305;3072;185;3257;NA;64440;490;2021-01-06;31357
2021-01-05;"Banskobystrický kraj";372;7259;533;7792;NA;64440;905;2021-01-05;30867
2021-01-04;"Banskobystrický kraj";130;6992;701;7693;NA;64440;831;2021-01-04;29962
2021-01-03;"Banskobystrický kraj";199;162;13;175;NA;64440;212;2021-01-03;29131
2021-01-02;"Banskobystrický kraj";123;583;83;666;NA;64440;206;2021-01-02;28919
2021-01-01;"Banskobystrický kraj";220;1668;115;1783;NA;64440;335;2021-01-01;28713
2020-12-31;"Banskobystrický kraj";499;7279;632;7911;NA;64440;1131;2020-12-31;28378
2020-12-30;"Banskobystrický kraj";593;7566;556;8122;NA;64440;1149;2020-12-30;27247
2020-12-29;"Banskobystrický kraj";240;7769;738;8507;NA;64440;978;2020-12-29;26098
2020-12-28;"Banskobystrický kraj";131;5659;703;6362;NA;64440;834;2020-12-28;25120
2020-12-27;"Banskobystrický kraj";116;496;25;521;NA;64440;141;2020-12-27;24286
2020-12-26;"Banskobystrický kraj";61;259;32;291;NA;64440;93;2020-12-26;24145
2020-12-25;"Banskobystrický kraj";65;229;6;235;NA;64440;71;2020-12-25;24052
2020-12-24;"Banskobystrický kraj";452;3674;135;3809;NA;64440;587;2020-12-24;23981
2020-12-23;"Banskobystrický kraj";368;10110;507;10617;NA;64440;875;2020-12-23;23394
2020-12-22;"Banskobystrický kraj";307;8434;624;9058;NA;64440;931;2020-12-22;22519
2020-12-21;"Banskobystrický kraj";286;4898;448;5346;NA;64440;734;2020-12-21;21588
2020-12-20;"Banskobystrický kraj";155;99;14;113;NA;64440;169;2020-12-20;20854
2020-12-19;"Banskobystrický kraj";170;2918;135;3053;NA;64440;305;2020-12-19;20685
2020-12-18;"Banskobystrický kraj";432;6454;414;6868;NA;64440;846;2020-12-18;20380
2020-12-17;"Banskobystrický kraj";468;8474;772;9246;NA;64440;1240;2020-12-17;19534
2020-12-16;"Banskobystrický kraj";379;10080;557;10637;NA;64440;936;2020-12-16;18294
2020-12-15;"Banskobystrický kraj";336;5318;430;5748;NA;64440;766;2020-12-15;17358
2020-12-14;"Banskobystrický kraj";148;3733;259;3992;NA;64440;407;2020-12-14;16592
2020-12-13;"Banskobystrický kraj";122;19;1;20;NA;64440;123;2020-12-13;16185
2020-12-12;"Banskobystrický kraj";137;2594;138;2732;NA;64440;275;2020-12-12;16062
2020-12-11;"Banskobystrický kraj";468;6443;374;6817;NA;64440;842;2020-12-11;15787
2020-12-10;"Banskobystrický kraj";280;5027;351;5378;NA;64440;631;2020-12-10;14945
2020-12-09;"Banskobystrický kraj";323;3707;212;3919;NA;64440;535;2020-12-09;14314
2020-12-08;"Banskobystrický kraj";256;3667;276;3943;NA;64440;532;2020-12-08;13779
2020-12-07;"Banskobystrický kraj";175;2006;140;2146;NA;64440;315;2020-12-07;13247
2020-12-06;"Banskobystrický kraj";121;359;9;368;NA;64440;130;2020-12-06;12932
2020-12-05;"Banskobystrický kraj";109;952;33;985;NA;64440;142;2020-12-05;12802
2020-12-04;"Banskobystrický kraj";339;3723;174;3897;NA;64440;513;2020-12-04;12660
2020-12-03;"Banskobystrický kraj";240;2913;227;3140;NA;64440;467;2020-12-03;12147
2020-12-02;"Banskobystrický kraj";217;4292;186;4478;NA;64440;403;2020-12-02;11680
2020-12-01;"Banskobystrický kraj";215;2619;134;2753;NA;64440;349;2020-12-01;11277
2020-11-30;"Banskobystrický kraj";74;3761;226;3987;NA;64440;300;2020-11-30;10928
2020-11-29;"Banskobystrický kraj";19;80;3;83;NA;64440;22;2020-11-29;10628
2020-11-28;"Banskobystrický kraj";81;1279;48;1327;NA;64440;129;2020-11-28;10606
2020-11-27;"Banskobystrický kraj";219;1930;120;2050;NA;64440;339;2020-11-27;10477
2020-11-26;"Banskobystrický kraj";208;1855;91;1946;NA;64440;299;2020-11-26;10138
2020-11-25;"Banskobystrický kraj";170;1760;84;1844;NA;64440;254;2020-11-25;9839
2020-11-24;"Banskobystrický kraj";166;2262;67;2329;NA;64440;233;2020-11-24;9585
2020-11-23;"Banskobystrický kraj";66;9948;191;10139;NA;64440;257;2020-11-23;9352
2020-11-22;"Banskobystrický kraj";38;72;1;73;NA;64440;39;2020-11-22;9095
2020-11-21;"Banskobystrický kraj";52;885;14;899;NA;64440;66;2020-11-21;9056
2020-11-20;"Banskobystrický kraj";127;1872;105;1977;NA;64440;232;2020-11-20;8990
2020-11-19;"Banskobystrický kraj";170;1112;82;1194;NA;64440;252;2020-11-19;8758
2020-11-18;"Banskobystrický kraj";153;587;62;649;NA;64440;215;2020-11-18;8506
2020-11-17;"Banskobystrický kraj";52;578;35;613;NA;64440;87;2020-11-17;8291
2020-11-16;"Banskobystrický kraj";106;351;22;373;NA;64440;128;2020-11-16;8204
2020-11-15;"Banskobystrický kraj";52;64;2;66;NA;64440;54;2020-11-15;8076
2020-11-14;"Banskobystrický kraj";73;305;2;307;NA;64440;75;2020-11-14;8022
2020-11-13;"Banskobystrický kraj";157;552;11;563;NA;64440;168;2020-11-13;7947
2020-11-12;"Banskobystrický kraj";218;952;44;996;NA;64440;262;2020-11-12;7779
2020-11-11;"Banskobystrický kraj";224;437;9;446;NA;64440;233;2020-11-11;7517
2020-11-10;"Banskobystrický kraj";263;463;18;481;NA;64440;281;2020-11-10;7284
2020-11-09;"Banskobystrický kraj";80;2678;31;2709;NA;64440;111;2020-11-09;7003
2020-11-08;"Banskobystrický kraj";82;783;16;799;NA;64440;98;2020-11-08;6892
2020-11-07;"Banskobystrický kraj";164;8828;94;8922;NA;64440;258;2020-11-07;6794
2020-11-06;"Banskobystrický kraj";227;2496;16;2512;NA;64440;243;2020-11-06;6536
2020-11-05;"Banskobystrický kraj";240;263;33;296;NA;64440;273;2020-11-05;6293
2020-11-04;"Banskobystrický kraj";254;1366;13;1379;NA;64440;267;2020-11-04;6020
2020-11-03;"Banskobystrický kraj";246;1332;4;1336;NA;64440;250;2020-11-03;5753
2020-11-02;"Banskobystrický kraj";90;2247;65;2312;NA;64440;155;2020-11-02;5503
2020-11-01;"Banskobystrický kraj";101;2671;42;2713;NA;64440;143;2020-11-01;5348
2020-10-31;"Banskobystrický kraj";199;13516;116;13632;NA;64440;315;2020-10-31;5205
2020-10-30;"Banskobystrický kraj";254;2829;20;2849;NA;64440;274;2020-10-30;4890
2020-10-29;"Banskobystrický kraj";372;969;42;1011;NA;64440;414;2020-10-29;4616
2020-10-28;"Banskobystrický kraj";285;302;30;332;NA;64440;315;2020-10-28;4202
2020-10-27;"Banskobystrický kraj";266;654;40;694;NA;64440;306;2020-10-27;3887
2020-10-26;"Banskobystrický kraj";38;232;29;261;NA;64440;67;2020-10-26;3581
2020-10-25;"Banskobystrický kraj";50;140;11;151;NA;64440;61;2020-10-25;3514
2020-10-24;"Banskobystrický kraj";315;114;12;126;NA;64440;327;2020-10-24;3453
2020-10-23;"Banskobystrický kraj";231;230;29;259;NA;64440;260;2020-10-23;3126
2020-10-22;"Banskobystrický kraj";264;253;24;277;NA;64440;288;2020-10-22;2866
2020-10-21;"Banskobystrický kraj";209;266;3;269;NA;64440;212;2020-10-21;2578
2020-10-20;"Banskobystrický kraj";210;66;3;69;NA;64440;213;2020-10-20;2366
2020-10-19;"Banskobystrický kraj";27;71;12;83;NA;64440;39;2020-10-19;2153
2020-10-18;"Banskobystrický kraj";49;0;0;0;NA;64440;49;2020-10-18;2114
2020-10-17;"Banskobystrický kraj";91;0;0;0;NA;64440;91;2020-10-17;2065
2020-10-16;"Banskobystrický kraj";224;37;3;40;NA;64440;227;2020-10-16;1974
2020-10-15;"Banskobystrický kraj";133;29;1;30;NA;64440;134;2020-10-15;1747
2020-10-14;"Banskobystrický kraj";139;31;1;32;NA;64440;140;2020-10-14;1613
2020-10-13;"Banskobystrický kraj";151;169;11;180;NA;64440;162;2020-10-13;1473
2020-10-12;"Banskobystrický kraj";11;13;0;13;NA;64440;11;2020-10-12;1311
2020-10-11;"Banskobystrický kraj";14;0;0;0;NA;64440;14;2020-10-11;1300
2020-10-10;"Banskobystrický kraj";53;0;0;0;NA;64440;53;2020-10-10;1286
2020-10-09;"Banskobystrický kraj";128;0;0;0;NA;64440;128;2020-10-09;1233
2020-10-08;"Banskobystrický kraj";99;0;0;0;NA;64440;99;2020-10-08;1105
2020-10-07;"Banskobystrický kraj";124;0;0;0;NA;64440;124;2020-10-07;1006
2020-10-06;"Banskobystrický kraj";68;0;0;0;NA;64440;68;2020-10-06;882
2020-10-05;"Banskobystrický kraj";49;0;0;0;NA;64440;49;2020-10-05;814
2020-10-04;"Banskobystrický kraj";8;0;0;0;NA;64440;8;2020-10-04;765
2020-10-03;"Banskobystrický kraj";37;0;0;0;NA;64440;37;2020-10-03;757
2020-10-02;"Banskobystrický kraj";74;0;0;0;NA;64440;74;2020-10-02;720
2020-10-01;"Banskobystrický kraj";49;0;0;0;NA;64440;49;2020-10-01;646
2020-09-30;"Banskobystrický kraj";60;0;0;0;NA;64440;60;2020-09-30;597
2020-09-29;"Banskobystrický kraj";24;0;0;0;NA;64440;24;2020-09-29;537
2020-09-27;"Banskobystrický kraj";20;0;0;0;NA;64440;20;2020-09-27;513
2020-09-26;"Banskobystrický kraj";24;0;0;0;NA;64440;24;2020-09-26;493
2020-09-25;"Banskobystrický kraj";29;0;0;0;NA;64440;29;2020-09-25;469
2020-09-24;"Banskobystrický kraj";25;0;0;0;NA;64440;25;2020-09-24;440
2020-09-23;"Banskobystrický kraj";17;0;0;0;NA;64440;17;2020-09-23;415
2020-09-22;"Banskobystrický kraj";25;0;0;0;NA;64440;25;2020-09-22;398
2020-09-21;"Banskobystrický kraj";3;0;0;0;NA;64440;3;2020-09-21;373
2020-09-19;"Banskobystrický kraj";3;0;0;0;NA;64440;3;2020-09-19;370
2020-09-18;"Banskobystrický kraj";24;0;0;0;NA;64440;24;2020-09-18;367
2020-09-17;"Banskobystrický kraj";14;0;0;0;NA;64440;14;2020-09-17;343
2020-09-16;"Banskobystrický kraj";6;0;0;0;NA;64440;6;2020-09-16;329
2020-09-15;"Banskobystrický kraj";2;0;0;0;NA;64440;2;2020-09-15;323
2020-09-14;"Banskobystrický kraj";13;0;0;0;NA;64440;13;2020-09-14;321
2020-09-13;"Banskobystrický kraj";1;0;0;0;NA;64440;1;2020-09-13;308
2020-09-12;"Banskobystrický kraj";5;0;0;0;NA;64440;5;2020-09-12;307
2020-09-11;"Banskobystrický kraj";19;0;0;0;NA;64440;19;2020-09-11;302
2020-09-10;"Banskobystrický kraj";11;0;0;0;NA;64440;11;2020-09-10;283
2020-09-09;"Banskobystrický kraj";13;0;0;0;NA;64440;13;2020-09-09;272
2020-09-08;"Banskobystrický kraj";5;0;0;0;NA;64440;5;2020-09-08;259
2020-09-07;"Banskobystrický kraj";2;0;0;0;NA;64440;2;2020-09-07;254
2020-09-04;"Banskobystrický kraj";9;0;0;0;NA;64440;9;2020-09-04;252
2020-09-03;"Banskobystrický kraj";5;0;0;0;NA;64440;5;2020-09-03;243
2020-09-02;"Banskobystrický kraj";6;0;0;0;NA;64440;6;2020-09-02;238
2020-09-01;"Banskobystrický kraj";2;0;0;0;NA;64440;2;2020-09-01;232
2020-08-31;"Banskobystrický kraj";6;0;0;0;NA;64440;6;2020-08-31;230
2020-08-29;"Banskobystrický kraj";1;0;0;0;NA;64440;1;2020-08-29;224
2020-08-28;"Banskobystrický kraj";3;0;0;0;NA;64440;3;2020-08-28;223
2020-08-27;"Banskobystrický kraj";1;0;0;0;NA;64440;1;2020-08-27;220
2020-08-26;"Banskobystrický kraj";2;0;0;0;NA;64440;2;2020-08-26;219
2020-08-25;"Banskobystrický kraj";2;0;0;0;NA;64440;2;2020-08-25;217
2020-08-21;"Banskobystrický kraj";4;0;0;0;NA;64440;4;2020-08-21;215
2020-08-20;"Banskobystrický kraj";1;0;0;0;NA;64440;1;2020-08-20;211
2020-08-19;"Banskobystrický kraj";4;0;0;0;NA;64440;4;2020-08-19;210
2020-08-17;"Banskobystrický kraj";1;0;0;0;NA;64440;1;2020-08-17;206
2020-08-14;"Banskobystrický kraj";5;0;0;0;NA;64440;5;2020-08-14;205
2020-08-11;"Banskobystrický kraj";2;0;0;0;NA;64440;2;2020-08-11;200
2020-08-10;"Banskobystrický kraj";3;0;0;0;NA;64440;3;2020-08-10;198
2020-08-08;"Banskobystrický kraj";2;0;0;0;NA;64440;2;2020-08-08;195
2020-08-07;"Banskobystrický kraj";1;0;0;0;NA;64440;1;2020-08-07;193
2020-08-06;"Banskobystrický kraj";1;0;0;0;NA;64440;1;2020-08-06;192
2020-08-04;"Banskobystrický kraj";3;0;0;0;NA;64440;3;2020-08-04;191
2020-08-01;"Banskobystrický kraj";1;0;0;0;NA;64440;1;2020-08-01;188
2020-07-31;"Banskobystrický kraj";2;0;0;0;NA;64440;2;2020-07-31;187
2020-07-30;"Banskobystrický kraj";1;0;0;0;NA;64440;1;2020-07-30;185
2020-07-28;"Banskobystrický kraj";2;0;0;0;NA;64440;2;2020-07-28;184
2020-07-27;"Banskobystrický kraj";3;0;0;0;NA;64440;3;2020-07-27;182
2020-07-24;"Banskobystrický kraj";9;0;0;0;NA;64440;9;2020-07-24;179
2020-07-22;"Banskobystrický kraj";3;0;0;0;NA;64440;3;2020-07-22;170
2020-07-21;"Banskobystrický kraj";3;0;0;0;NA;64440;3;2020-07-21;167
2020-07-20;"Banskobystrický kraj";1;0;0;0;NA;64440;1;2020-07-20;164
2020-07-19;"Banskobystrický kraj";1;0;0;0;NA;64440;1;2020-07-19;163
2020-07-17;"Banskobystrický kraj";2;0;0;0;NA;64440;2;2020-07-17;162
2020-07-16;"Banskobystrický kraj";1;0;0;0;NA;64440;1;2020-07-16;160
2020-07-15;"Banskobystrický kraj";4;0;0;0;NA;64440;4;2020-07-15;159
2020-07-14;"Banskobystrický kraj";2;0;0;0;NA;64440;2;2020-07-14;155
2020-07-13;"Banskobystrický kraj";1;0;0;0;NA;64440;1;2020-07-13;153
2020-07-10;"Banskobystrický kraj";3;0;0;0;NA;64440;3;2020-07-10;152
2020-07-09;"Banskobystrický kraj";9;0;0;0;NA;64440;9;2020-07-09;149
2020-07-07;"Banskobystrický kraj";4;0;0;0;NA;64440;4;2020-07-07;140
2020-07-04;"Banskobystrický kraj";1;0;0;0;NA;64440;1;2020-07-04;136
2020-07-03;"Banskobystrický kraj";4;0;0;0;NA;64440;4;2020-07-03;135
2020-07-01;"Banskobystrický kraj";1;0;0;0;NA;64440;1;2020-07-01;131
2020-06-25;"Banskobystrický kraj";1;0;0;0;NA;64440;1;2020-06-25;130
2020-06-23;"Banskobystrický kraj";6;0;0;0;NA;64440;6;2020-06-23;129
2020-06-19;"Banskobystrický kraj";2;0;0;0;NA;64440;2;2020-06-19;123
2020-06-18;"Banskobystrický kraj";10;0;0;0;NA;64440;10;2020-06-18;121
2020-06-17;"Banskobystrický kraj";1;0;0;0;NA;64440;1;2020-06-17;111
2020-06-14;"Banskobystrický kraj";2;0;0;0;NA;64440;2;2020-06-14;110
2020-06-13;"Banskobystrický kraj";2;0;0;0;NA;64440;2;2020-06-13;108
2020-06-11;"Banskobystrický kraj";1;0;0;0;NA;64440;1;2020-06-11;106
2020-06-05;"Banskobystrický kraj";2;0;0;0;NA;64440;2;2020-06-05;105
2020-05-27;"Banskobystrický kraj";1;0;0;0;NA;64440;1;2020-05-27;103
2020-05-23;"Banskobystrický kraj";1;0;0;0;NA;64440;1;2020-05-23;102
2020-05-20;"Banskobystrický kraj";1;0;0;0;NA;64440;1;2020-05-20;101
2020-05-12;"Banskobystrický kraj";1;0;0;0;NA;64440;1;2020-05-12;100
2020-05-07;"Banskobystrický kraj";2;0;0;0;NA;64440;2;2020-05-07;99
2020-05-06;"Banskobystrický kraj";1;0;0;0;NA;64440;1;2020-05-06;97
2020-05-05;"Banskobystrický kraj";2;0;0;0;NA;64440;2;2020-05-05;96
2020-04-30;"Banskobystrický kraj";1;0;0;0;NA;64440;1;2020-04-30;94
2020-04-29;"Banskobystrický kraj";1;0;0;0;NA;64440;1;2020-04-29;93
2020-04-25;"Banskobystrický kraj";2;0;0;0;NA;64440;2;2020-04-25;92
2020-04-24;"Banskobystrický kraj";3;0;0;0;NA;64440;3;2020-04-24;90
2020-04-23;"Banskobystrický kraj";2;0;0;0;NA;64440;2;2020-04-23;87
2020-04-22;"Banskobystrický kraj";2;0;0;0;NA;64440;2;2020-04-22;85
2020-04-21;"Banskobystrický kraj";2;0;0;0;NA;64440;2;2020-04-21;83
2020-04-18;"Banskobystrický kraj";8;0;0;0;NA;64440;8;2020-04-18;81
2020-04-17;"Banskobystrický kraj";2;0;0;0;NA;64440;2;2020-04-17;73
2020-04-15;"Banskobystrický kraj";10;0;0;0;NA;64440;10;2020-04-15;71
2020-04-13;"Banskobystrický kraj";2;0;0;0;NA;64440;2;2020-04-13;61
2020-04-12;"Banskobystrický kraj";4;0;0;0;NA;64440;4;2020-04-12;59
2020-04-11;"Banskobystrický kraj";1;0;0;0;NA;64440;1;2020-04-11;55
2020-04-09;"Banskobystrický kraj";2;0;0;0;NA;64440;2;2020-04-09;54
2020-04-07;"Banskobystrický kraj";4;0;0;0;NA;64440;4;2020-04-07;52
2020-04-06;"Banskobystrický kraj";10;0;0;0;NA;64440;10;2020-04-06;48
2020-04-05;"Banskobystrický kraj";9;0;0;0;NA;64440;9;2020-04-05;38
2020-04-03;"Banskobystrický kraj";2;0;0;0;NA;64440;2;2020-04-03;29
2020-04-02;"Banskobystrický kraj";2;0;0;0;NA;64440;2;2020-04-02;27
2020-04-01;"Banskobystrický kraj";5;0;0;0;NA;64440;5;2020-04-01;25
2020-03-31;"Banskobystrický kraj";3;0;0;0;NA;64440;3;2020-03-31;20
2020-03-30;"Banskobystrický kraj";1;0;0;0;NA;64440;1;2020-03-30;17
2020-03-29;"Banskobystrický kraj";2;0;0;0;NA;64440;2;2020-03-29;16
2020-03-28;"Banskobystrický kraj";1;0;0;0;NA;64440;1;2020-03-28;14
2020-03-27;"Banskobystrický kraj";1;0;0;0;NA;64440;1;2020-03-27;13
2020-03-26;"Banskobystrický kraj";1;0;0;0;NA;64440;1;2020-03-26;12
2020-03-24;"Banskobystrický kraj";1;0;0;0;NA;64440;1;2020-03-24;11
2020-03-23;"Banskobystrický kraj";1;0;0;0;NA;64440;1;2020-03-23;10
2020-03-21;"Banskobystrický kraj";3;0;0;0;NA;64440;3;2020-03-21;9
2020-03-19;"Banskobystrický kraj";2;0;0;0;NA;64440;2;2020-03-19;6
2020-03-18;"Banskobystrický kraj";1;0;0;0;NA;64440;1;2020-03-18;4
2020-03-17;"Banskobystrický kraj";1;0;0;0;NA;64440;1;2020-03-17;3
2020-03-15;"Banskobystrický kraj";1;0;0;0;NA;64440;1;2020-03-15;2
2020-03-13;"Banskobystrický kraj";1;0;0;0;NA;64440;1;2020-03-13;1
2021-03-07;"Bratislavský kraj";142;45672;236;45908;38855;74932;378;2021-03-07;74932
2021-03-06;"Bratislavský kraj";79;58346;316;58662;NA;74932;395;2021-03-06;74554
2021-03-05;"Bratislavský kraj";238;45776;275;46051;NA;74932;513;2021-03-05;74159
2021-03-04;"Bratislavský kraj";204;31758;299;32057;NA;74932;503;2021-03-04;73646
2021-03-03;"Bratislavský kraj";250;29362;340;29702;NA;74932;590;2021-03-03;73143
2021-03-02;"Bratislavský kraj";267;39054;381;39435;NA;74932;648;2021-03-02;72553
2021-03-01;"Bratislavský kraj";320;37353;420;37773;NA;74932;740;2021-03-01;71905
2021-02-28;"Bratislavský kraj";184;48747;316;49063;NA;74932;500;2021-02-28;71165
2021-02-27;"Bratislavský kraj";151;73162;426;73588;NA;74932;577;2021-02-27;70665
2021-02-26;"Bratislavský kraj";277;47227;408;47635;NA;74932;685;2021-02-26;70088
2021-02-25;"Bratislavský kraj";277;27914;406;28320;NA;74932;683;2021-02-25;69403
2021-02-24;"Bratislavský kraj";217;27484;428;27912;NA;74932;645;2021-02-24;68720
2021-02-23;"Bratislavský kraj";257;30741;384;31125;NA;74932;641;2021-02-23;68075
2021-02-22;"Bratislavský kraj";353;36066;491;36557;NA;74932;844;2021-02-22;67434
2021-02-21;"Bratislavský kraj";185;43911;333;44244;NA;74932;518;2021-02-21;66590
2021-02-20;"Bratislavský kraj";167;71069;519;71588;NA;74932;686;2021-02-20;66072
2021-02-19;"Bratislavský kraj";280;44375;404;44779;NA;74932;684;2021-02-19;65386
2021-02-18;"Bratislavský kraj";263;26518;379;26897;NA;74932;642;2021-02-18;64702
2021-02-17;"Bratislavský kraj";264;22340;505;22845;NA;74932;769;2021-02-17;64060
2021-02-16;"Bratislavský kraj";289;27229;347;27576;NA;74932;636;2021-02-16;63291
2021-02-15;"Bratislavský kraj";248;35797;383;36180;NA;74932;631;2021-02-15;62655
2021-02-14;"Bratislavský kraj";153;42204;311;42515;NA;74932;464;2021-02-14;62024
2021-02-13;"Bratislavský kraj";173;64194;490;64684;NA;74932;663;2021-02-13;61560
2021-02-12;"Bratislavský kraj";282;35057;317;35374;NA;74932;599;2021-02-12;60897
2021-02-11;"Bratislavský kraj";337;25669;302;25971;NA;74932;639;2021-02-11;60298
2021-02-10;"Bratislavský kraj";314;22868;362;23230;NA;74932;676;2021-02-10;59659
2021-02-09;"Bratislavský kraj";287;36670;488;37158;NA;74932;775;2021-02-09;58983
2021-02-08;"Bratislavský kraj";484;33737;394;34131;NA;74932;878;2021-02-08;58208
2021-02-07;"Bratislavský kraj";243;44823;365;45188;NA;74932;608;2021-02-07;57330
2021-02-06;"Bratislavský kraj";116;60624;491;61115;NA;74932;607;2021-02-06;56722
2021-02-05;"Bratislavský kraj";327;27349;381;27730;NA;74932;708;2021-02-05;56115
2021-02-04;"Bratislavský kraj";555;16323;353;16676;NA;74932;908;2021-02-04;55407
2021-02-03;"Bratislavský kraj";161;13401;357;13758;NA;74932;518;2021-02-03;54499
2021-02-02;"Bratislavský kraj";397;26262;448;26710;NA;74932;845;2021-02-02;53981
2021-02-01;"Bratislavský kraj";221;36935;458;37393;NA;74932;679;2021-02-01;53136
2021-01-31;"Bratislavský kraj";180;33163;376;33539;NA;74932;556;2021-01-31;52457
2021-01-30;"Bratislavský kraj";310;38739;420;39159;NA;74932;730;2021-01-30;51901
2021-01-29;"Bratislavský kraj";344;14331;312;14643;NA;74932;656;2021-01-29;51171
2021-01-28;"Bratislavský kraj";307;10452;301;10753;NA;74932;608;2021-01-28;50515
2021-01-27;"Bratislavský kraj";336;22701;348;23049;NA;74932;684;2021-01-27;49907
2021-01-26;"Bratislavský kraj";297;21825;279;22104;NA;74932;576;2021-01-26;49223
2021-01-25;"Bratislavský kraj";356;21956;230;22186;NA;74932;586;2021-01-25;48647
2021-01-24;"Bratislavský kraj";175;34397;349;34746;NA;74932;524;2021-01-24;48061
2021-01-23;"Bratislavský kraj";396;74247;644;74891;NA;74932;1040;2021-01-23;47537
2021-01-22;"Bratislavský kraj";199;40516;341;40857;NA;74932;540;2021-01-22;46497
2021-01-21;"Bratislavský kraj";255;104917;1313;106230;NA;74932;1568;2021-01-21;45957
2021-01-20;"Bratislavský kraj";360;27466;463;27929;NA;74932;823;2021-01-20;44389
2021-01-19;"Bratislavský kraj";375;14345;344;14689;NA;74932;719;2021-01-19;43566
2021-01-18;"Bratislavský kraj";357;11645;706;12351;NA;74932;1063;2021-01-18;42847
2021-01-17;"Bratislavský kraj";244;410;26;436;NA;74932;270;2021-01-17;41784
2021-01-16;"Bratislavský kraj";70;2749;156;2905;NA;74932;226;2021-01-16;41514
2021-01-15;"Bratislavský kraj";251;7632;254;7886;NA;74932;505;2021-01-15;41288
2021-01-14;"Bratislavský kraj";363;8078;273;8351;NA;74932;636;2021-01-14;40783
2021-01-13;"Bratislavský kraj";336;7886;328;8214;NA;74932;664;2021-01-13;40147
2021-01-12;"Bratislavský kraj";450;9435;463;9898;NA;74932;913;2021-01-12;39483
2021-01-11;"Bratislavský kraj";397;18956;380;19336;NA;74932;777;2021-01-11;38570
2021-01-10;"Bratislavský kraj";252;1341;79;1420;NA;74932;331;2021-01-10;37793
2021-01-09;"Bratislavský kraj";351;4946;291;5237;NA;74932;642;2021-01-09;37462
2021-01-08;"Bratislavský kraj";556;9319;431;9750;NA;74932;987;2021-01-08;36820
2021-01-07;"Bratislavský kraj";537;7135;426;7561;NA;74932;963;2021-01-07;35833
2021-01-06;"Bratislavský kraj";271;3018;216;3234;NA;74932;487;2021-01-06;34870
2021-01-05;"Bratislavský kraj";619;11567;842;12409;NA;74932;1461;2021-01-05;34383
2021-01-04;"Bratislavský kraj";601;7302;608;7910;NA;74932;1209;2021-01-04;32922
2021-01-03;"Bratislavský kraj";77;389;41;430;NA;74932;118;2021-01-03;31713
2021-01-02;"Bratislavský kraj";185;370;56;426;NA;74932;241;2021-01-02;31595
2021-01-01;"Bratislavský kraj";235;3143;130;3273;NA;74932;365;2021-01-01;31354
2020-12-31;"Bratislavský kraj";925;13824;590;14414;NA;74932;1515;2020-12-31;30989
2020-12-30;"Bratislavský kraj";650;9195;519;9714;NA;74932;1169;2020-12-30;29474
2020-12-29;"Bratislavský kraj";303;10223;774;10997;NA;74932;1077;2020-12-29;28305
2020-12-28;"Bratislavský kraj";255;7608;559;8167;NA;74932;814;2020-12-28;27228
2020-12-27;"Bratislavský kraj";160;646;76;722;NA;74932;236;2020-12-27;26414
2020-12-26;"Bratislavský kraj";75;416;23;439;NA;74932;98;2020-12-26;26178
2020-12-25;"Bratislavský kraj";114;460;38;498;NA;74932;152;2020-12-25;26080
2020-12-24;"Bratislavský kraj";536;3373;102;3475;NA;74932;638;2020-12-24;25928
2020-12-23;"Bratislavský kraj";416;13030;498;13528;NA;74932;914;2020-12-23;25290
2020-12-22;"Bratislavský kraj";327;15107;770;15877;NA;74932;1097;2020-12-22;24376
2020-12-21;"Bratislavský kraj";392;14930;2002;16932;NA;74932;2394;2020-12-21;23279
2020-12-20;"Bratislavský kraj";180;633;54;687;NA;74932;234;2020-12-20;20885
2020-12-19;"Bratislavský kraj";396;3150;129;3279;NA;74932;525;2020-12-19;20651
2020-12-18;"Bratislavský kraj";306;10477;413;10890;NA;74932;719;2020-12-18;20126
2020-12-17;"Bratislavský kraj";502;10153;410;10563;NA;74932;912;2020-12-17;19407
2020-12-16;"Bratislavský kraj";282;10566;456;11022;NA;74932;738;2020-12-16;18495
2020-12-15;"Bratislavský kraj";423;10856;488;11344;NA;74932;911;2020-12-15;17757
2020-12-14;"Bratislavský kraj";279;6628;310;6938;NA;74932;589;2020-12-14;16846
2020-12-13;"Bratislavský kraj";125;108;7;115;NA;74932;132;2020-12-13;16257
2020-12-12;"Bratislavský kraj";361;3734;157;3891;NA;74932;518;2020-12-12;16125
2020-12-11;"Bratislavský kraj";326;7102;302;7404;NA;74932;628;2020-12-11;15607
2020-12-10;"Bratislavský kraj";286;5169;222;5391;NA;74932;508;2020-12-10;14979
2020-12-09;"Bratislavský kraj";382;4778;188;4966;NA;74932;570;2020-12-09;14471
2020-12-08;"Bratislavský kraj";234;5900;213;6113;NA;74932;447;2020-12-08;13901
2020-12-07;"Bratislavský kraj";272;4345;168;4513;NA;74932;440;2020-12-07;13454
2020-12-06;"Bratislavský kraj";61;1584;52;1636;NA;74932;113;2020-12-06;13014
2020-12-05;"Bratislavský kraj";266;2134;40;2174;NA;74932;306;2020-12-05;12901
2020-12-04;"Bratislavský kraj";200;4511;104;4615;NA;74932;304;2020-12-04;12595
2020-12-03;"Bratislavský kraj";213;5036;102;5138;NA;74932;315;2020-12-03;12291
2020-12-02;"Bratislavský kraj";205;2504;83;2587;NA;74932;288;2020-12-02;11976
2020-12-01;"Bratislavský kraj";255;3305;168;3473;NA;74932;423;2020-12-01;11688
2020-11-30;"Bratislavský kraj";152;2061;123;2184;NA;74932;275;2020-11-30;11265
2020-11-29;"Bratislavský kraj";52;41;21;62;NA;74932;73;2020-11-29;10990
2020-11-28;"Bratislavský kraj";232;1983;21;2004;NA;74932;253;2020-11-28;10917
2020-11-27;"Bratislavský kraj";54;1198;29;1227;NA;74932;83;2020-11-27;10664
2020-11-26;"Bratislavský kraj";129;1114;25;1139;NA;74932;154;2020-11-26;10581
2020-11-25;"Bratislavský kraj";140;1133;31;1164;NA;74932;171;2020-11-25;10427
2020-11-24;"Bratislavský kraj";81;2988;67;3055;NA;74932;148;2020-11-24;10256
2020-11-23;"Bratislavský kraj";67;405;13;418;NA;74932;80;2020-11-23;10108
2020-11-22;"Bratislavský kraj";36;81;7;88;NA;74932;43;2020-11-22;10028
2020-11-21;"Bratislavský kraj";109;2126;47;2173;NA;74932;156;2020-11-21;9985
2020-11-20;"Bratislavský kraj";118;2869;48;2917;NA;74932;166;2020-11-20;9829
2020-11-19;"Bratislavský kraj";173;987;29;1016;NA;74932;202;2020-11-19;9663
2020-11-18;"Bratislavský kraj";118;616;75;691;NA;74932;193;2020-11-18;9461
2020-11-17;"Bratislavský kraj";108;928;23;951;NA;74932;131;2020-11-17;9268
2020-11-16;"Bratislavský kraj";82;651;9;660;NA;74932;91;2020-11-16;9137
2020-11-15;"Bratislavský kraj";47;236;0;236;NA;74932;47;2020-11-15;9046
2020-11-14;"Bratislavský kraj";53;1834;15;1849;NA;74932;68;2020-11-14;8999
2020-11-13;"Bratislavský kraj";94;2096;21;2117;NA;74932;115;2020-11-13;8931
2020-11-12;"Bratislavský kraj";141;1727;6;1733;NA;74932;147;2020-11-12;8816
2020-11-11;"Bratislavský kraj";159;1429;12;1441;NA;74932;171;2020-11-11;8669
2020-11-10;"Bratislavský kraj";136;805;14;819;NA;74932;150;2020-11-10;8498
2020-11-09;"Bratislavský kraj";70;466;1;467;NA;74932;71;2020-11-09;8348
2020-11-08;"Bratislavský kraj";82;869;6;875;NA;74932;88;2020-11-08;8277
2020-11-07;"Bratislavský kraj";88;4039;17;4056;NA;74932;105;2020-11-07;8189
2020-11-06;"Bratislavský kraj";281;6441;25;6466;NA;74932;306;2020-11-06;8084
2020-11-05;"Bratislavský kraj";175;476;11;487;NA;74932;186;2020-11-05;7778
2020-11-04;"Bratislavský kraj";65;411;10;421;NA;74932;75;2020-11-04;7592
2020-11-03;"Bratislavský kraj";251;944;5;949;NA;74932;256;2020-11-03;7517
2020-11-02;"Bratislavský kraj";202;3365;22;3387;NA;74932;224;2020-11-02;7261
2020-11-01;"Bratislavský kraj";227;8694;39;8733;NA;74932;266;2020-11-01;7037
2020-10-31;"Bratislavský kraj";173;22407;123;22530;NA;74932;296;2020-10-31;6771
2020-10-30;"Bratislavský kraj";158;17350;138;17488;NA;74932;296;2020-10-30;6475
2020-10-29;"Bratislavský kraj";262;116;4;120;NA;74932;266;2020-10-29;6179
2020-10-28;"Bratislavský kraj";220;260;15;275;NA;74932;235;2020-10-28;5913
2020-10-27;"Bratislavský kraj";256;145;4;149;NA;74932;260;2020-10-27;5678
2020-10-26;"Bratislavský kraj";123;229;11;240;NA;74932;134;2020-10-26;5418
2020-10-25;"Bratislavský kraj";152;33;2;35;NA;74932;154;2020-10-25;5284
2020-10-24;"Bratislavský kraj";170;221;6;227;NA;74932;176;2020-10-24;5130
2020-10-23;"Bratislavský kraj";151;144;8;152;NA;74932;159;2020-10-23;4954
2020-10-22;"Bratislavský kraj";192;204;15;219;NA;74932;207;2020-10-22;4795
2020-10-21;"Bratislavský kraj";66;90;6;96;NA;74932;72;2020-10-21;4588
2020-10-20;"Bratislavský kraj";183;97;4;101;NA;74932;187;2020-10-20;4516
2020-10-19;"Bratislavský kraj";148;80;3;83;NA;74932;151;2020-10-19;4329
2020-10-18;"Bratislavský kraj";75;92;0;92;NA;74932;75;2020-10-18;4178
2020-10-17;"Bratislavský kraj";136;0;0;0;NA;74932;136;2020-10-17;4103
2020-10-16;"Bratislavský kraj";103;14;1;15;NA;74932;104;2020-10-16;3967
2020-10-15;"Bratislavský kraj";135;6;1;7;NA;74932;136;2020-10-15;3863
2020-10-14;"Bratislavský kraj";127;4;0;4;NA;74932;127;2020-10-14;3727
2020-10-13;"Bratislavský kraj";86;108;8;116;NA;74932;94;2020-10-13;3600
2020-10-12;"Bratislavský kraj";46;0;0;0;NA;74932;46;2020-10-12;3506
2020-10-11;"Bratislavský kraj";80;0;0;0;NA;74932;80;2020-10-11;3460
2020-10-10;"Bratislavský kraj";55;0;0;0;NA;74932;55;2020-10-10;3380
2020-10-09;"Bratislavský kraj";148;0;0;0;NA;74932;148;2020-10-09;3325
2020-10-08;"Bratislavský kraj";100;0;0;0;NA;74932;100;2020-10-08;3177
2020-10-07;"Bratislavský kraj";107;0;0;0;NA;74932;107;2020-10-07;3077
2020-10-06;"Bratislavský kraj";108;0;0;0;NA;74932;108;2020-10-06;2970
2020-10-05;"Bratislavský kraj";30;0;0;0;NA;74932;30;2020-10-05;2862
2020-10-04;"Bratislavský kraj";49;0;0;0;NA;74932;49;2020-10-04;2832
2020-10-03;"Bratislavský kraj";82;0;0;0;NA;74932;82;2020-10-03;2783
2020-10-02;"Bratislavský kraj";101;0;0;0;NA;74932;101;2020-10-02;2701
2020-10-01;"Bratislavský kraj";72;0;0;0;NA;74932;72;2020-10-01;2600
2020-09-30;"Bratislavský kraj";91;0;0;0;NA;74932;91;2020-09-30;2528
2020-09-29;"Bratislavský kraj";74;0;0;0;NA;74932;74;2020-09-29;2437
2020-09-28;"Bratislavský kraj";29;0;0;0;NA;74932;29;2020-09-28;2363
2020-09-27;"Bratislavský kraj";48;0;0;0;NA;74932;48;2020-09-27;2334
2020-09-26;"Bratislavský kraj";86;0;0;0;NA;74932;86;2020-09-26;2286
2020-09-25;"Bratislavský kraj";97;0;0;0;NA;74932;97;2020-09-25;2200
2020-09-24;"Bratislavský kraj";73;0;0;0;NA;74932;73;2020-09-24;2103
2020-09-23;"Bratislavský kraj";55;0;0;0;NA;74932;55;2020-09-23;2030
2020-09-22;"Bratislavský kraj";81;0;0;0;NA;74932;81;2020-09-22;1975
2020-09-21;"Bratislavský kraj";32;0;0;0;NA;74932;32;2020-09-21;1894
2020-09-20;"Bratislavský kraj";25;0;0;0;NA;74932;25;2020-09-20;1862
2020-09-19;"Bratislavský kraj";59;0;0;0;NA;74932;59;2020-09-19;1837
2020-09-18;"Bratislavský kraj";42;0;0;0;NA;74932;42;2020-09-18;1778
2020-09-17;"Bratislavský kraj";52;0;0;0;NA;74932;52;2020-09-17;1736
2020-09-16;"Bratislavský kraj";32;0;0;0;NA;74932;32;2020-09-16;1684
2020-09-15;"Bratislavský kraj";26;0;0;0;NA;74932;26;2020-09-15;1652
2020-09-14;"Bratislavský kraj";24;0;0;0;NA;74932;24;2020-09-14;1626
2020-09-13;"Bratislavský kraj";11;0;0;0;NA;74932;11;2020-09-13;1602
2020-09-12;"Bratislavský kraj";24;0;0;0;NA;74932;24;2020-09-12;1591
2020-09-11;"Bratislavský kraj";50;0;0;0;NA;74932;50;2020-09-11;1567
2020-09-10;"Bratislavský kraj";47;0;0;0;NA;74932;47;2020-09-10;1517
2020-09-09;"Bratislavský kraj";40;0;0;0;NA;74932;40;2020-09-09;1470
2020-09-08;"Bratislavský kraj";58;0;0;0;NA;74932;58;2020-09-08;1430
2020-09-07;"Bratislavský kraj";39;0;0;0;NA;74932;39;2020-09-07;1372
2020-09-06;"Bratislavský kraj";11;0;0;0;NA;74932;11;2020-09-06;1333
2020-09-05;"Bratislavský kraj";37;0;0;0;NA;74932;37;2020-09-05;1322
2020-09-04;"Bratislavský kraj";87;0;0;0;NA;74932;87;2020-09-04;1285
2020-09-03;"Bratislavský kraj";51;0;0;0;NA;74932;51;2020-09-03;1198
2020-09-02;"Bratislavský kraj";50;0;0;0;NA;74932;50;2020-09-02;1147
2020-09-01;"Bratislavský kraj";16;0;0;0;NA;74932;16;2020-09-01;1097
2020-08-31;"Bratislavský kraj";19;0;0;0;NA;74932;19;2020-08-31;1081
2020-08-30;"Bratislavský kraj";9;0;0;0;NA;74932;9;2020-08-30;1062
2020-08-29;"Bratislavský kraj";12;0;0;0;NA;74932;12;2020-08-29;1053
2020-08-28;"Bratislavský kraj";35;0;0;0;NA;74932;35;2020-08-28;1041
2020-08-27;"Bratislavský kraj";33;0;0;0;NA;74932;33;2020-08-27;1006
2020-08-26;"Bratislavský kraj";27;0;0;0;NA;74932;27;2020-08-26;973
2020-08-25;"Bratislavský kraj";29;0;0;0;NA;74932;29;2020-08-25;946
2020-08-24;"Bratislavský kraj";6;0;0;0;NA;74932;6;2020-08-24;917
2020-08-23;"Bratislavský kraj";45;0;0;0;NA;74932;45;2020-08-23;911
2020-08-22;"Bratislavský kraj";13;0;0;0;NA;74932;13;2020-08-22;866
2020-08-21;"Bratislavský kraj";46;0;0;0;NA;74932;46;2020-08-21;853
2020-08-20;"Bratislavský kraj";41;0;0;0;NA;74932;41;2020-08-20;807
2020-08-19;"Bratislavský kraj";27;0;0;0;NA;74932;27;2020-08-19;766
2020-08-18;"Bratislavský kraj";47;0;0;0;NA;74932;47;2020-08-18;739
2020-08-17;"Bratislavský kraj";2;0;0;0;NA;74932;2;2020-08-17;692
2020-08-16;"Bratislavský kraj";3;0;0;0;NA;74932;3;2020-08-16;690
2020-08-15;"Bratislavský kraj";18;0;0;0;NA;74932;18;2020-08-15;687
2020-08-14;"Bratislavský kraj";16;0;0;0;NA;74932;16;2020-08-14;669
2020-08-13;"Bratislavský kraj";12;0;0;0;NA;74932;12;2020-08-13;653
2020-08-12;"Bratislavský kraj";10;0;0;0;NA;74932;10;2020-08-12;641
2020-08-11;"Bratislavský kraj";23;0;0;0;NA;74932;23;2020-08-11;631
2020-08-10;"Bratislavský kraj";2;0;0;0;NA;74932;2;2020-08-10;608
2020-08-09;"Bratislavský kraj";2;0;0;0;NA;74932;2;2020-08-09;606
2020-08-08;"Bratislavský kraj";1;0;0;0;NA;74932;1;2020-08-08;604
2020-08-07;"Bratislavský kraj";9;0;0;0;NA;74932;9;2020-08-07;603
2020-08-06;"Bratislavský kraj";15;0;0;0;NA;74932;15;2020-08-06;594
2020-08-05;"Bratislavský kraj";11;0;0;0;NA;74932;11;2020-08-05;579
2020-08-04;"Bratislavský kraj";21;0;0;0;NA;74932;21;2020-08-04;568
2020-08-03;"Bratislavský kraj";7;0;0;0;NA;74932;7;2020-08-03;547
2020-07-31;"Bratislavský kraj";14;0;0;0;NA;74932;14;2020-07-31;540
2020-07-30;"Bratislavský kraj";6;0;0;0;NA;74932;6;2020-07-30;526
2020-07-29;"Bratislavský kraj";7;0;0;0;NA;74932;7;2020-07-29;520
2020-07-28;"Bratislavský kraj";14;0;0;0;NA;74932;14;2020-07-28;513
2020-07-27;"Bratislavský kraj";3;0;0;0;NA;74932;3;2020-07-27;499
2020-07-25;"Bratislavský kraj";8;0;0;0;NA;74932;8;2020-07-25;496
2020-07-24;"Bratislavský kraj";2;0;0;0;NA;74932;2;2020-07-24;488
2020-07-23;"Bratislavský kraj";8;0;0;0;NA;74932;8;2020-07-23;486
2020-07-22;"Bratislavský kraj";11;0;0;0;NA;74932;11;2020-07-22;478
2020-07-21;"Bratislavský kraj";8;0;0;0;NA;74932;8;2020-07-21;467
2020-07-20;"Bratislavský kraj";12;0;0;0;NA;74932;12;2020-07-20;459
2020-07-18;"Bratislavský kraj";2;0;0;0;NA;74932;2;2020-07-18;447
2020-07-17;"Bratislavský kraj";2;0;0;0;NA;74932;2;2020-07-17;445
2020-07-16;"Bratislavský kraj";6;0;0;0;NA;74932;6;2020-07-16;443
2020-07-15;"Bratislavský kraj";3;0;0;0;NA;74932;3;2020-07-15;437
2020-07-14;"Bratislavský kraj";2;0;0;0;NA;74932;2;2020-07-14;434
2020-07-13;"Bratislavský kraj";2;0;0;0;NA;74932;2;2020-07-13;432
2020-07-10;"Bratislavský kraj";8;0;0;0;NA;74932;8;2020-07-10;430
2020-07-09;"Bratislavský kraj";2;0;0;0;NA;74932;2;2020-07-09;422
2020-07-08;"Bratislavský kraj";11;0;0;0;NA;74932;11;2020-07-08;420
2020-07-07;"Bratislavský kraj";5;0;0;0;NA;74932;5;2020-07-07;409
2020-07-06;"Bratislavský kraj";1;0;0;0;NA;74932;1;2020-07-06;404
2020-07-04;"Bratislavský kraj";3;0;0;0;NA;74932;3;2020-07-04;403
2020-07-03;"Bratislavský kraj";1;0;0;0;NA;74932;1;2020-07-03;400
2020-07-01;"Bratislavský kraj";7;0;0;0;NA;74932;7;2020-07-01;399
2020-06-30;"Bratislavský kraj";3;0;0;0;NA;74932;3;2020-06-30;392
2020-06-29;"Bratislavský kraj";1;0;0;0;NA;74932;1;2020-06-29;389
2020-06-27;"Bratislavský kraj";1;0;0;0;NA;74932;1;2020-06-27;388
2020-06-26;"Bratislavský kraj";6;0;0;0;NA;74932;6;2020-06-26;387
2020-06-24;"Bratislavský kraj";3;0;0;0;NA;74932;3;2020-06-24;381
2020-06-22;"Bratislavský kraj";1;0;0;0;NA;74932;1;2020-06-22;378
2020-06-19;"Bratislavský kraj";3;0;0;0;NA;74932;3;2020-06-19;377
2020-06-14;"Bratislavský kraj";2;0;0;0;NA;74932;2;2020-06-14;374
2020-06-13;"Bratislavský kraj";1;0;0;0;NA;74932;1;2020-06-13;372
2020-06-12;"Bratislavský kraj";2;0;0;0;NA;74932;2;2020-06-12;371
2020-06-08;"Bratislavský kraj";1;0;0;0;NA;74932;1;2020-06-08;369
2020-06-03;"Bratislavský kraj";1;0;0;0;NA;74932;1;2020-06-03;368
2020-05-27;"Bratislavský kraj";1;0;0;0;NA;74932;1;2020-05-27;367
2020-05-23;"Bratislavský kraj";2;0;0;0;NA;74932;2;2020-05-23;366
2020-05-12;"Bratislavský kraj";2;0;0;0;NA;74932;2;2020-05-12;364
2020-05-07;"Bratislavský kraj";1;0;0;0;NA;74932;1;2020-05-07;362
2020-05-06;"Bratislavský kraj";3;0;0;0;NA;74932;3;2020-05-06;361
2020-05-03;"Bratislavský kraj";2;0;0;0;NA;74932;2;2020-05-03;358
2020-04-30;"Bratislavský kraj";5;0;0;0;NA;74932;5;2020-04-30;356
2020-04-28;"Bratislavský kraj";2;0;0;0;NA;74932;2;2020-04-28;351
2020-04-26;"Bratislavský kraj";1;0;0;0;NA;74932;1;2020-04-26;349
2020-04-24;"Bratislavský kraj";2;0;0;0;NA;74932;2;2020-04-24;348
2020-04-23;"Bratislavský kraj";6;0;0;0;NA;74932;6;2020-04-23;346
2020-04-22;"Bratislavský kraj";11;0;0;0;NA;74932;11;2020-04-22;340
2020-04-21;"Bratislavský kraj";4;0;0;0;NA;74932;4;2020-04-21;329
2020-04-19;"Bratislavský kraj";4;0;0;0;NA;74932;4;2020-04-19;325
2020-04-18;"Bratislavský kraj";5;0;0;0;NA;74932;5;2020-04-18;321
2020-04-17;"Bratislavský kraj";6;0;0;0;NA;74932;6;2020-04-17;316
2020-04-16;"Bratislavský kraj";15;0;0;0;NA;74932;15;2020-04-16;310
2020-04-15;"Bratislavský kraj";11;0;0;0;NA;74932;11;2020-04-15;295
2020-04-14;"Bratislavský kraj";19;0;0;0;NA;74932;19;2020-04-14;284
2020-04-13;"Bratislavský kraj";53;0;0;0;NA;74932;53;2020-04-13;265
2020-04-12;"Bratislavský kraj";3;0;0;0;NA;74932;3;2020-04-12;212
2020-04-11;"Bratislavský kraj";1;0;0;0;NA;74932;1;2020-04-11;209
2020-04-10;"Bratislavský kraj";8;0;0;0;NA;74932;8;2020-04-10;208
2020-04-09;"Bratislavský kraj";3;0;0;0;NA;74932;3;2020-04-09;200
2020-04-08;"Bratislavský kraj";3;0;0;0;NA;74932;3;2020-04-08;197
2020-04-07;"Bratislavský kraj";24;0;0;0;NA;74932;24;2020-04-07;194
2020-04-06;"Bratislavský kraj";5;0;0;0;NA;74932;5;2020-04-06;170
2020-04-05;"Bratislavský kraj";6;0;0;0;NA;74932;6;2020-04-05;165
2020-04-04;"Bratislavský kraj";2;0;0;0;NA;74932;2;2020-04-04;159
2020-04-03;"Bratislavský kraj";1;0;0;0;NA;74932;1;2020-04-03;157
2020-04-02;"Bratislavský kraj";2;0;0;0;NA;74932;2;2020-04-02;156
2020-04-01;"Bratislavský kraj";5;0;0;0;NA;74932;5;2020-04-01;154
2020-03-31;"Bratislavský kraj";19;0;0;0;NA;74932;19;2020-03-31;149
2020-03-30;"Bratislavský kraj";6;0;0;0;NA;74932;6;2020-03-30;130
2020-03-29;"Bratislavský kraj";8;0;0;0;NA;74932;8;2020-03-29;124
2020-03-28;"Bratislavský kraj";4;0;0;0;NA;74932;4;2020-03-28;116
2020-03-27;"Bratislavský kraj";3;0;0;0;NA;74932;3;2020-03-27;112
2020-03-26;"Bratislavský kraj";15;0;0;0;NA;74932;15;2020-03-26;109
2020-03-25;"Bratislavský kraj";1;0;0;0;NA;74932;1;2020-03-25;94
2020-03-24;"Bratislavský kraj";4;0;0;0;NA;74932;4;2020-03-24;93
2020-03-23;"Bratislavský kraj";9;0;0;0;NA;74932;9;2020-03-23;89
2020-03-22;"Bratislavský kraj";2;0;0;0;NA;74932;2;2020-03-22;80
2020-03-21;"Bratislavský kraj";22;0;0;0;NA;74932;22;2020-03-21;78
2020-03-20;"Bratislavský kraj";3;0;0;0;NA;74932;3;2020-03-20;56
2020-03-19;"Bratislavský kraj";4;0;0;0;NA;74932;4;2020-03-19;53
2020-03-18;"Bratislavský kraj";3;0;0;0;NA;74932;3;2020-03-18;49
2020-03-17;"Bratislavský kraj";13;0;0;0;NA;74932;13;2020-03-17;46
2020-03-16;"Bratislavský kraj";1;0;0;0;NA;74932;1;2020-03-16;33
2020-03-15;"Bratislavský kraj";4;0;0;0;NA;74932;4;2020-03-15;32
2020-03-14;"Bratislavský kraj";9;0;0;0;NA;74932;9;2020-03-14;28
2020-03-13;"Bratislavský kraj";2;0;0;0;NA;74932;2;2020-03-13;19
2020-03-12;"Bratislavský kraj";8;0;0;0;NA;74932;8;2020-03-12;17
2020-03-11;"Bratislavský kraj";3;0;0;0;NA;74932;3;2020-03-11;9
2020-03-08;"Bratislavský kraj";2;0;0;0;NA;74932;2;2020-03-08;6
2020-03-07;"Bratislavský kraj";2;0;0;0;NA;74932;2;2020-03-07;4
2020-03-06;"Bratislavský kraj";1;0;0;0;NA;74932;1;2020-03-06;2
2021-03-07;"Košický kraj";45;34776;227;35003;43074;77337;272;2021-03-07;77337
2021-03-06;"Košický kraj";177;100610;477;101087;NA;77337;654;2021-03-06;77065
2021-03-05;"Košický kraj";439;43310;405;43715;NA;77337;844;2021-03-05;76411
2021-03-04;"Košický kraj";417;23097;311;23408;NA;77337;728;2021-03-04;75567
2021-03-03;"Košický kraj";390;22387;286;22673;NA;77337;676;2021-03-03;74839
2021-03-02;"Košický kraj";464;23356;367;23723;NA;77337;831;2021-03-02;74163
2021-03-01;"Košický kraj";389;28989;495;29484;NA;77337;884;2021-03-01;73332
2021-02-28;"Košický kraj";265;37459;288;37747;NA;77337;553;2021-02-28;72448
2021-02-27;"Košický kraj";301;99330;756;100086;NA;77337;1057;2021-02-27;71895
2021-02-26;"Košický kraj";440;45181;486;45667;NA;77337;926;2021-02-26;70838
2021-02-25;"Košický kraj";331;19844;342;20186;NA;77337;673;2021-02-25;69912
2021-02-24;"Košický kraj";263;18789;510;19299;NA;77337;773;2021-02-24;69239
2021-02-23;"Košický kraj";642;21703;346;22049;NA;77337;988;2021-02-23;68466
2021-02-22;"Košický kraj";362;31538;439;31977;NA;77337;801;2021-02-22;67478
2021-02-21;"Košický kraj";170;40104;380;40484;NA;77337;550;2021-02-21;66677
2021-02-20;"Košický kraj";283;92341;770;93111;NA;77337;1053;2021-02-20;66127
2021-02-19;"Košický kraj";507;41747;583;42330;NA;77337;1090;2021-02-19;65074
2021-02-18;"Košický kraj";397;18445;346;18791;NA;77337;743;2021-02-18;63984
2021-02-17;"Košický kraj";322;18433;385;18818;NA;77337;707;2021-02-17;63241
2021-02-16;"Košický kraj";600;22153;463;22616;NA;77337;1063;2021-02-16;62534
2021-02-15;"Košický kraj";216;24998;369;25367;NA;77337;585;2021-02-15;61471
2021-02-14;"Košický kraj";241;56663;524;57187;NA;77337;765;2021-02-14;60886
2021-02-13;"Košický kraj";206;93129;764;93893;NA;77337;970;2021-02-13;60121
2021-02-12;"Košický kraj";448;50169;611;50780;NA;77337;1059;2021-02-12;59151
2021-02-11;"Košický kraj";435;14524;323;14847;NA;77337;758;2021-02-11;58092
2021-02-10;"Košický kraj";360;19372;440;19812;NA;77337;800;2021-02-10;57334
2021-02-09;"Košický kraj";545;24897;464;25361;NA;77337;1009;2021-02-09;56534
2021-02-08;"Košický kraj";237;27339;413;27752;NA;77337;650;2021-02-08;55525
2021-02-07;"Košický kraj";208;56897;612;57509;NA;77337;820;2021-02-07;54875
2021-02-06;"Košický kraj";318;101420;857;102277;NA;77337;1175;2021-02-06;54055
2021-02-05;"Košický kraj";384;43346;499;43845;NA;77337;883;2021-02-05;52880
2021-02-04;"Košický kraj";391;14733;370;15103;NA;77337;761;2021-02-04;51997
2021-02-03;"Košický kraj";296;32746;1111;33857;NA;77337;1407;2021-02-03;51236
2021-02-02;"Košický kraj";473;23465;438;23903;NA;77337;911;2021-02-02;49829
2021-02-01;"Košický kraj";415;19335;321;19656;NA;77337;736;2021-02-01;48918
2021-01-31;"Košický kraj";142;53674;585;54259;NA;77337;727;2021-01-31;48182
2021-01-30;"Košický kraj";320;76985;673;77658;NA;77337;993;2021-01-30;47455
2021-01-29;"Košický kraj";311;37131;456;37587;NA;77337;767;2021-01-29;46462
2021-01-28;"Košický kraj";540;9025;247;9272;NA;77337;787;2021-01-28;45695
2021-01-27;"Košický kraj";265;7484;207;7691;NA;77337;472;2021-01-27;44908
2021-01-26;"Košický kraj";530;14210;245;14455;NA;77337;775;2021-01-26;44436
2021-01-25;"Košický kraj";226;26161;409;26570;NA;77337;635;2021-01-25;43661
2021-01-24;"Košický kraj";150;44908;595;45503;NA;77337;745;2021-01-24;43026
2021-01-23;"Košický kraj";232;82016;843;82859;NA;77337;1075;2021-01-23;42281
2021-01-22;"Košický kraj";316;19997;265;20262;NA;77337;581;2021-01-22;41206
2021-01-21;"Košický kraj";274;14047;161;14208;NA;77337;435;2021-01-21;40625
2021-01-20;"Košický kraj";374;10845;201;11046;NA;77337;575;2021-01-20;40190
2021-01-19;"Košický kraj";248;9855;182;10037;NA;77337;430;2021-01-19;39615
2021-01-18;"Košický kraj";333;5778;212;5990;NA;77337;545;2021-01-18;39185
2021-01-17;"Košický kraj";155;535;14;549;NA;77337;169;2021-01-17;38640
2021-01-16;"Košický kraj";153;1403;47;1450;NA;77337;200;2021-01-16;38471
2021-01-15;"Košický kraj";308;6443;213;6656;NA;77337;521;2021-01-15;38271
2021-01-14;"Košický kraj";358;5471;221;5692;NA;77337;579;2021-01-14;37750
2021-01-13;"Košický kraj";421;4897;226;5123;NA;77337;647;2021-01-13;37171
2021-01-12;"Košický kraj";482;6689;258;6947;NA;77337;740;2021-01-12;36524
2021-01-11;"Košický kraj";309;7945;304;8249;NA;77337;613;2021-01-11;35784
2021-01-10;"Košický kraj";193;134;6;140;NA;77337;199;2021-01-10;35171
2021-01-09;"Košický kraj";469;1134;45;1179;NA;77337;514;2021-01-09;34972
2021-01-08;"Košický kraj";551;8222;388;8610;NA;77337;939;2021-01-08;34458
2021-01-07;"Košický kraj";251;6403;428;6831;NA;77337;679;2021-01-07;33519
2021-01-06;"Košický kraj";442;429;33;462;NA;77337;475;2021-01-06;32840
2021-01-05;"Košický kraj";584;8100;560;8660;NA;77337;1144;2021-01-05;32365
2021-01-04;"Košický kraj";407;7113;737;7850;NA;77337;1144;2021-01-04;31221
2021-01-03;"Košický kraj";118;661;22;683;NA;77337;140;2021-01-03;30077
2021-01-02;"Košický kraj";88;440;52;492;NA;77337;140;2021-01-02;29937
2021-01-01;"Košický kraj";398;725;49;774;NA;77337;447;2021-01-01;29797
2020-12-31;"Košický kraj";625;7877;461;8338;NA;77337;1086;2020-12-31;29350
2020-12-30;"Košický kraj";590;6477;412;6889;NA;77337;1002;2020-12-30;28264
2020-12-29;"Košický kraj";419;7573;605;8178;NA;77337;1024;2020-12-29;27262
2020-12-28;"Košický kraj";356;8296;804;9100;NA;77337;1160;2020-12-28;26238
2020-12-27;"Košický kraj";159;147;16;163;NA;77337;175;2020-12-27;25078
2020-12-26;"Košický kraj";163;274;23;297;NA;77337;186;2020-12-26;24903
2020-12-25;"Košický kraj";237;140;10;150;NA;77337;247;2020-12-25;24717
2020-12-24;"Košický kraj";564;1470;90;1560;NA;77337;654;2020-12-24;24470
2020-12-23;"Košický kraj";304;7942;354;8296;NA;77337;658;2020-12-23;23816
2020-12-22;"Košický kraj";438;7920;459;8379;NA;77337;897;2020-12-22;23158
2020-12-21;"Košický kraj";405;6984;509;7493;NA;77337;914;2020-12-21;22261
2020-12-20;"Košický kraj";215;48;8;56;NA;77337;223;2020-12-20;21347
2020-12-19;"Košický kraj";207;1148;59;1207;NA;77337;266;2020-12-19;21124
2020-12-18;"Košický kraj";310;8484;326;8810;NA;77337;636;2020-12-18;20858
2020-12-17;"Košický kraj";463;5292;255;5547;NA;77337;718;2020-12-17;20222
2020-12-16;"Košický kraj";455;5898;316;6214;NA;77337;771;2020-12-16;19504
2020-12-15;"Košický kraj";319;5086;338;5424;NA;77337;657;2020-12-15;18733
2020-12-14;"Košický kraj";256;2893;239;3132;NA;77337;495;2020-12-14;18076
2020-12-13;"Košický kraj";47;181;2;183;NA;77337;49;2020-12-13;17581
2020-12-12;"Košický kraj";369;1587;118;1705;NA;77337;487;2020-12-12;17532
2020-12-11;"Košický kraj";354;5461;258;5719;NA;77337;612;2020-12-11;17045
2020-12-10;"Košický kraj";283;4064;176;4240;NA;77337;459;2020-12-10;16433
2020-12-09;"Košický kraj";279;3786;166;3952;NA;77337;445;2020-12-09;15974
2020-12-08;"Košický kraj";226;4105;355;4460;NA;77337;581;2020-12-08;15529
2020-12-07;"Košický kraj";270;2111;103;2214;NA;77337;373;2020-12-07;14948
2020-12-06;"Košický kraj";121;97;20;117;NA;77337;141;2020-12-06;14575
2020-12-05;"Košický kraj";90;1096;48;1144;NA;77337;138;2020-12-05;14434
2020-12-04;"Košický kraj";224;2680;82;2762;NA;77337;306;2020-12-04;14296
2020-12-03;"Košický kraj";211;7717;173;7890;NA;77337;384;2020-12-03;13990
2020-12-02;"Košický kraj";193;8132;496;8628;NA;77337;689;2020-12-02;13606
2020-12-01;"Košický kraj";178;2237;124;2361;NA;77337;302;2020-12-01;12917
2020-11-30;"Košický kraj";171;3754;62;3816;NA;77337;233;2020-11-30;12615
2020-11-29;"Košický kraj";31;287;16;303;NA;77337;47;2020-11-29;12382
2020-11-28;"Košický kraj";69;721;52;773;NA;77337;121;2020-11-28;12335
2020-11-27;"Košický kraj";149;2729;74;2803;NA;77337;223;2020-11-27;12214
2020-11-26;"Košický kraj";239;1090;55;1145;NA;77337;294;2020-11-26;11991
2020-11-25;"Košický kraj";237;1664;122;1786;NA;77337;359;2020-11-25;11697
2020-11-24;"Košický kraj";196;1871;64;1935;NA;77337;260;2020-11-24;11338
2020-11-23;"Košický kraj";51;3737;54;3791;NA;77337;105;2020-11-23;11078
2020-11-22;"Košický kraj";57;28;3;31;NA;77337;60;2020-11-22;10973
2020-11-21;"Košický kraj";87;858;36;894;NA;77337;123;2020-11-21;10913
2020-11-20;"Košický kraj";176;2989;45;3034;NA;77337;221;2020-11-20;10790
2020-11-19;"Košický kraj";206;1648;40;1688;NA;77337;246;2020-11-19;10569
2020-11-18;"Košický kraj";122;443;16;459;NA;77337;138;2020-11-18;10323
2020-11-17;"Košický kraj";152;82;9;91;NA;77337;161;2020-11-17;10185
2020-11-16;"Košický kraj";114;531;24;555;NA;77337;138;2020-11-16;10024
2020-11-15;"Košický kraj";15;338;7;345;NA;77337;22;2020-11-15;9886
2020-11-14;"Košický kraj";234;520;12;532;NA;77337;246;2020-11-14;9864
2020-11-13;"Košický kraj";207;664;29;693;NA;77337;236;2020-11-13;9618
2020-11-12;"Košický kraj";192;736;13;749;NA;77337;205;2020-11-12;9382
2020-11-11;"Košický kraj";301;593;7;600;NA;77337;308;2020-11-11;9177
2020-11-10;"Košický kraj";190;541;11;552;NA;77337;201;2020-11-10;8869
2020-11-09;"Košický kraj";129;380;5;385;NA;77337;134;2020-11-09;8668
2020-11-08;"Košický kraj";78;1298;8;1306;NA;77337;86;2020-11-08;8534
2020-11-07;"Košický kraj";192;3909;22;3931;NA;77337;214;2020-11-07;8448
2020-11-06;"Košický kraj";195;5310;34;5344;NA;77337;229;2020-11-06;8234
2020-11-05;"Košický kraj";342;330;31;361;NA;77337;373;2020-11-05;8005
2020-11-04;"Košický kraj";101;154;6;160;NA;77337;107;2020-11-04;7632
2020-11-03;"Košický kraj";358;1122;13;1135;NA;77337;371;2020-11-03;7525
2020-11-02;"Košický kraj";111;4368;51;4419;NA;77337;162;2020-11-02;7154
2020-11-01;"Košický kraj";346;6522;34;6556;NA;77337;380;2020-11-01;6992
2020-10-31;"Košický kraj";82;13810;105;13915;NA;77337;187;2020-10-31;6612
2020-10-30;"Košický kraj";379;2835;27;2862;NA;77337;406;2020-10-30;6425
2020-10-29;"Košický kraj";333;983;13;996;NA;77337;346;2020-10-29;6019
2020-10-28;"Košický kraj";224;305;13;318;NA;77337;237;2020-10-28;5673
2020-10-27;"Košický kraj";386;439;21;460;NA;77337;407;2020-10-27;5436
2020-10-26;"Košický kraj";56;206;10;216;NA;77337;66;2020-10-26;5029
2020-10-25;"Košický kraj";154;79;2;81;NA;77337;156;2020-10-25;4963
2020-10-24;"Košický kraj";313;113;15;128;NA;77337;328;2020-10-24;4807
2020-10-23;"Košický kraj";315;331;8;339;NA;77337;323;2020-10-23;4479
2020-10-22;"Košický kraj";349;530;16;546;NA;77337;365;2020-10-22;4156
2020-10-21;"Košický kraj";129;84;2;86;NA;77337;131;2020-10-21;3791
2020-10-20;"Košický kraj";181;14;1;15;NA;77337;182;2020-10-20;3660
2020-10-19;"Košický kraj";64;10;0;10;NA;77337;64;2020-10-19;3478
2020-10-18;"Košický kraj";158;0;0;0;NA;77337;158;2020-10-18;3414
2020-10-17;"Košický kraj";142;0;0;0;NA;77337;142;2020-10-17;3256
2020-10-16;"Košický kraj";206;19;0;19;NA;77337;206;2020-10-16;3114
2020-10-15;"Košický kraj";177;19;5;24;NA;77337;182;2020-10-15;2908
2020-10-14;"Košický kraj";211;8;0;8;NA;77337;211;2020-10-14;2726
2020-10-13;"Košický kraj";179;80;3;83;NA;77337;182;2020-10-13;2515
2020-10-12;"Košický kraj";74;0;0;0;NA;77337;74;2020-10-12;2333
2020-10-11;"Košický kraj";121;0;0;0;NA;77337;121;2020-10-11;2259
2020-10-10;"Košický kraj";70;0;0;0;NA;77337;70;2020-10-10;2138
2020-10-09;"Košický kraj";188;0;0;0;NA;77337;188;2020-10-09;2068
2020-10-08;"Košický kraj";102;0;0;0;NA;77337;102;2020-10-08;1880
2020-10-07;"Košický kraj";158;0;0;0;NA;77337;158;2020-10-07;1778
2020-10-06;"Košický kraj";70;0;0;0;NA;77337;70;2020-10-06;1620
2020-10-05;"Košický kraj";39;0;0;0;NA;77337;39;2020-10-05;1550
2020-10-04;"Košický kraj";45;0;0;0;NA;77337;45;2020-10-04;1511
2020-10-03;"Košický kraj";105;0;0;0;NA;77337;105;2020-10-03;1466
2020-10-02;"Košický kraj";57;0;0;0;NA;77337;57;2020-10-02;1361
2020-10-01;"Košický kraj";69;0;0;0;NA;77337;69;2020-10-01;1304
2020-09-30;"Košický kraj";95;0;0;0;NA;77337;95;2020-09-30;1235
2020-09-29;"Košický kraj";75;0;0;0;NA;77337;75;2020-09-29;1140
2020-09-28;"Košický kraj";19;0;0;0;NA;77337;19;2020-09-28;1065
2020-09-27;"Košický kraj";21;0;0;0;NA;77337;21;2020-09-27;1046
2020-09-26;"Košický kraj";53;0;0;0;NA;77337;53;2020-09-26;1025
2020-09-25;"Košický kraj";72;0;0;0;NA;77337;72;2020-09-25;972
2020-09-24;"Košický kraj";35;0;0;0;NA;77337;35;2020-09-24;900
2020-09-23;"Košický kraj";23;0;0;0;NA;77337;23;2020-09-23;865
2020-09-22;"Košický kraj";39;0;0;0;NA;77337;39;2020-09-22;842
2020-09-21;"Košický kraj";5;0;0;0;NA;77337;5;2020-09-21;803
2020-09-20;"Košický kraj";3;0;0;0;NA;77337;3;2020-09-20;798
2020-09-19;"Košický kraj";13;0;0;0;NA;77337;13;2020-09-19;795
2020-09-18;"Košický kraj";20;0;0;0;NA;77337;20;2020-09-18;782
2020-09-17;"Košický kraj";22;0;0;0;NA;77337;22;2020-09-17;762
2020-09-16;"Košický kraj";12;0;0;0;NA;77337;12;2020-09-16;740
2020-09-15;"Košický kraj";10;0;0;0;NA;77337;10;2020-09-15;728
2020-09-14;"Košický kraj";6;0;0;0;NA;77337;6;2020-09-14;718
2020-09-13;"Košický kraj";3;0;0;0;NA;77337;3;2020-09-13;712
2020-09-12;"Košický kraj";16;0;0;0;NA;77337;16;2020-09-12;709
2020-09-11;"Košický kraj";20;0;0;0;NA;77337;20;2020-09-11;693
2020-09-10;"Košický kraj";11;0;0;0;NA;77337;11;2020-09-10;673
2020-09-09;"Košický kraj";37;0;0;0;NA;77337;37;2020-09-09;662
2020-09-08;"Košický kraj";10;0;0;0;NA;77337;10;2020-09-08;625
2020-09-07;"Košický kraj";4;0;0;0;NA;77337;4;2020-09-07;615
2020-09-06;"Košický kraj";2;0;0;0;NA;77337;2;2020-09-06;611
2020-09-05;"Košický kraj";10;0;0;0;NA;77337;10;2020-09-05;609
2020-09-04;"Košický kraj";14;0;0;0;NA;77337;14;2020-09-04;599
2020-09-03;"Košický kraj";22;0;0;0;NA;77337;22;2020-09-03;585
2020-09-02;"Košický kraj";13;0;0;0;NA;77337;13;2020-09-02;563
2020-09-01;"Košický kraj";21;0;0;0;NA;77337;21;2020-09-01;550
2020-08-31;"Košický kraj";9;0;0;0;NA;77337;9;2020-08-31;529
2020-08-30;"Košický kraj";21;0;0;0;NA;77337;21;2020-08-30;520
2020-08-29;"Košický kraj";1;0;0;0;NA;77337;1;2020-08-29;499
2020-08-28;"Košický kraj";19;0;0;0;NA;77337;19;2020-08-28;498
2020-08-27;"Košický kraj";15;0;0;0;NA;77337;15;2020-08-27;479
2020-08-26;"Košický kraj";8;0;0;0;NA;77337;8;2020-08-26;464
2020-08-25;"Košický kraj";23;0;0;0;NA;77337;23;2020-08-25;456
2020-08-24;"Košický kraj";6;0;0;0;NA;77337;6;2020-08-24;433
2020-08-23;"Košický kraj";8;0;0;0;NA;77337;8;2020-08-23;427
2020-08-22;"Košický kraj";13;0;0;0;NA;77337;13;2020-08-22;419
2020-08-21;"Košický kraj";10;0;0;0;NA;77337;10;2020-08-21;406
2020-08-20;"Košický kraj";10;0;0;0;NA;77337;10;2020-08-20;396
2020-08-19;"Košický kraj";3;0;0;0;NA;77337;3;2020-08-19;386
2020-08-18;"Košický kraj";7;0;0;0;NA;77337;7;2020-08-18;383
2020-08-17;"Košický kraj";2;0;0;0;NA;77337;2;2020-08-17;376
2020-08-16;"Košický kraj";2;0;0;0;NA;77337;2;2020-08-16;374
2020-08-15;"Košický kraj";3;0;0;0;NA;77337;3;2020-08-15;372
2020-08-14;"Košický kraj";1;0;0;0;NA;77337;1;2020-08-14;369
2020-08-13;"Košický kraj";3;0;0;0;NA;77337;3;2020-08-13;368
2020-08-12;"Košický kraj";12;0;0;0;NA;77337;12;2020-08-12;365
2020-08-11;"Košický kraj";5;0;0;0;NA;77337;5;2020-08-11;353
2020-08-10;"Košický kraj";1;0;0;0;NA;77337;1;2020-08-10;348
2020-08-08;"Košický kraj";5;0;0;0;NA;77337;5;2020-08-08;347
2020-08-07;"Košický kraj";7;0;0;0;NA;77337;7;2020-08-07;342
2020-08-06;"Košický kraj";3;0;0;0;NA;77337;3;2020-08-06;335
2020-08-05;"Košický kraj";4;0;0;0;NA;77337;4;2020-08-05;332
2020-08-04;"Košický kraj";1;0;0;0;NA;77337;1;2020-08-04;328
2020-08-03;"Košický kraj";1;0;0;0;NA;77337;1;2020-08-03;327
2020-07-30;"Košický kraj";2;0;0;0;NA;77337;2;2020-07-30;326
2020-07-29;"Košický kraj";1;0;0;0;NA;77337;1;2020-07-29;324
2020-07-28;"Košický kraj";9;0;0;0;NA;77337;9;2020-07-28;323
2020-07-27;"Košický kraj";4;0;0;0;NA;77337;4;2020-07-27;314
2020-07-25;"Košický kraj";2;0;0;0;NA;77337;2;2020-07-25;310
2020-07-24;"Košický kraj";2;0;0;0;NA;77337;2;2020-07-24;308
2020-07-23;"Košický kraj";1;0;0;0;NA;77337;1;2020-07-23;306
2020-07-22;"Košický kraj";1;0;0;0;NA;77337;1;2020-07-22;305
2020-07-18;"Košický kraj";1;0;0;0;NA;77337;1;2020-07-18;304
2020-07-17;"Košický kraj";1;0;0;0;NA;77337;1;2020-07-17;303
2020-07-15;"Košický kraj";2;0;0;0;NA;77337;2;2020-07-15;302
2020-07-14;"Košický kraj";1;0;0;0;NA;77337;1;2020-07-14;300
2020-07-13;"Košický kraj";1;0;0;0;NA;77337;1;2020-07-13;299
2020-07-10;"Košický kraj";1;0;0;0;NA;77337;1;2020-07-10;298
2020-07-09;"Košický kraj";1;0;0;0;NA;77337;1;2020-07-09;297
2020-07-08;"Košický kraj";12;0;0;0;NA;77337;12;2020-07-08;296
2020-07-03;"Košický kraj";1;0;0;0;NA;77337;1;2020-07-03;284
2020-07-01;"Košický kraj";1;0;0;0;NA;77337;1;2020-07-01;283
2020-06-25;"Košický kraj";3;0;0;0;NA;77337;3;2020-06-25;282
2020-06-24;"Košický kraj";3;0;0;0;NA;77337;3;2020-06-24;279
2020-06-23;"Košický kraj";3;0;0;0;NA;77337;3;2020-06-23;276
2020-06-18;"Košický kraj";1;0;0;0;NA;77337;1;2020-06-18;273
2020-06-16;"Košický kraj";2;0;0;0;NA;77337;2;2020-06-16;272
2020-06-10;"Košický kraj";6;0;0;0;NA;77337;6;2020-06-10;270
2020-06-07;"Košický kraj";2;0;0;0;NA;77337;2;2020-06-07;264
2020-06-02;"Košický kraj";1;0;0;0;NA;77337;1;2020-06-02;262
2020-05-29;"Košický kraj";1;0;0;0;NA;77337;1;2020-05-29;261
2020-05-26;"Košický kraj";1;0;0;0;NA;77337;1;2020-05-26;260
2020-05-25;"Košický kraj";1;0;0;0;NA;77337;1;2020-05-25;259
2020-05-20;"Košický kraj";3;0;0;0;NA;77337;3;2020-05-20;258
2020-05-17;"Košický kraj";1;0;0;0;NA;77337;1;2020-05-17;255
2020-05-16;"Košický kraj";1;0;0;0;NA;77337;1;2020-05-16;254
2020-05-15;"Košický kraj";10;0;0;0;NA;77337;10;2020-05-15;253
2020-05-14;"Košický kraj";1;0;0;0;NA;77337;1;2020-05-14;243
2020-05-13;"Košický kraj";6;0;0;0;NA;77337;6;2020-05-13;242
2020-05-06;"Košický kraj";1;0;0;0;NA;77337;1;2020-05-06;236
2020-05-02;"Košický kraj";1;0;0;0;NA;77337;1;2020-05-02;235
2020-04-30;"Košický kraj";1;0;0;0;NA;77337;1;2020-04-30;234
2020-04-29;"Košický kraj";1;0;0;0;NA;77337;1;2020-04-29;233
2020-04-28;"Košický kraj";1;0;0;0;NA;77337;1;2020-04-28;232
2020-04-27;"Košický kraj";1;0;0;0;NA;77337;1;2020-04-27;231
2020-04-24;"Košický kraj";3;0;0;0;NA;77337;3;2020-04-24;230
2020-04-23;"Košický kraj";4;0;0;0;NA;77337;4;2020-04-23;227
2020-04-22;"Košický kraj";21;0;0;0;NA;77337;21;2020-04-22;223
2020-04-21;"Košický kraj";4;0;0;0;NA;77337;4;2020-04-21;202
2020-04-19;"Košický kraj";1;0;0;0;NA;77337;1;2020-04-19;198
2020-04-18;"Košický kraj";2;0;0;0;NA;77337;2;2020-04-18;197
2020-04-17;"Košický kraj";7;0;0;0;NA;77337;7;2020-04-17;195
2020-04-16;"Košický kraj";29;0;0;0;NA;77337;29;2020-04-16;188
2020-04-15;"Košický kraj";50;0;0;0;NA;77337;50;2020-04-15;159
2020-04-14;"Košický kraj";4;0;0;0;NA;77337;4;2020-04-14;109
2020-04-13;"Košický kraj";5;0;0;0;NA;77337;5;2020-04-13;105
2020-04-12;"Košický kraj";4;0;0;0;NA;77337;4;2020-04-12;100
2020-04-11;"Košický kraj";2;0;0;0;NA;77337;2;2020-04-11;96
2020-04-10;"Košický kraj";1;0;0;0;NA;77337;1;2020-04-10;94
2020-04-09;"Košický kraj";4;0;0;0;NA;77337;4;2020-04-09;93
2020-04-08;"Košický kraj";5;0;0;0;NA;77337;5;2020-04-08;89
2020-04-07;"Košický kraj";34;0;0;0;NA;77337;34;2020-04-07;84
2020-04-06;"Košický kraj";6;0;0;0;NA;77337;6;2020-04-06;50
2020-04-05;"Košický kraj";4;0;0;0;NA;77337;4;2020-04-05;44
2020-04-04;"Košický kraj";5;0;0;0;NA;77337;5;2020-04-04;40
2020-04-03;"Košický kraj";4;0;0;0;NA;77337;4;2020-04-03;35
2020-04-02;"Košický kraj";3;0;0;0;NA;77337;3;2020-04-02;31
2020-04-01;"Košický kraj";3;0;0;0;NA;77337;3;2020-04-01;28
2020-03-31;"Košický kraj";1;0;0;0;NA;77337;1;2020-03-31;25
2020-03-30;"Košický kraj";5;0;0;0;NA;77337;5;2020-03-30;24
2020-03-28;"Košický kraj";1;0;0;0;NA;77337;1;2020-03-28;19
2020-03-27;"Košický kraj";1;0;0;0;NA;77337;1;2020-03-27;18
2020-03-26;"Košický kraj";3;0;0;0;NA;77337;3;2020-03-26;17
2020-03-25;"Košický kraj";2;0;0;0;NA;77337;2;2020-03-25;14
2020-03-23;"Košický kraj";2;0;0;0;NA;77337;2;2020-03-23;12
2020-03-21;"Košický kraj";3;0;0;0;NA;77337;3;2020-03-21;10
2020-03-20;"Košický kraj";1;0;0;0;NA;77337;1;2020-03-20;7
2020-03-16;"Košický kraj";3;0;0;0;NA;77337;3;2020-03-16;6
2020-03-15;"Košický kraj";1;0;0;0;NA;77337;1;2020-03-15;3
2020-03-13;"Košický kraj";2;0;0;0;NA;77337;2;2020-03-13;2
2020-03-09;"Košický kraj";1;0;0;0;NA;77337;1;2020-03-09;0
2021-03-07;"Nitriansky kraj";48;34356;129;34485;35123;82089;177;2021-03-07;82089
2021-03-06;"Nitriansky kraj";86;98345;291;98636;NA;82089;377;2021-03-06;81912
2021-03-05;"Nitriansky kraj";133;38343;194;38537;NA;82089;327;2021-03-05;81535
2021-03-04;"Nitriansky kraj";176;17692;172;17864;NA;82089;348;2021-03-04;81208
2021-03-03;"Nitriansky kraj";172;16726;173;16899;NA;82089;345;2021-03-03;80860
2021-03-02;"Nitriansky kraj";274;21315;365;21680;NA;82089;639;2021-03-02;80515
2021-03-01;"Nitriansky kraj";133;27554;272;27826;NA;82089;405;2021-03-01;79876
2021-02-28;"Nitriansky kraj";80;41232;218;41450;NA;82089;298;2021-02-28;79471
2021-02-27;"Nitriansky kraj";101;97523;484;98007;NA;82089;585;2021-02-27;79173
2021-02-26;"Nitriansky kraj";109;36677;310;36987;NA;82089;419;2021-02-26;78588
2021-02-25;"Nitriansky kraj";188;15501;209;15710;NA;82089;397;2021-02-25;78169
2021-02-24;"Nitriansky kraj";125;13844;260;14104;NA;82089;385;2021-02-24;77772
2021-02-23;"Nitriansky kraj";273;15163;271;15434;NA;82089;544;2021-02-23;77387
2021-02-22;"Nitriansky kraj";154;24892;324;25216;NA;82089;478;2021-02-22;76843
2021-02-21;"Nitriansky kraj";22;37995;279;38274;NA;82089;301;2021-02-21;76365
2021-02-20;"Nitriansky kraj";128;107972;585;108557;NA;82089;713;2021-02-20;76064
2021-02-19;"Nitriansky kraj";173;36784;326;37110;NA;82089;499;2021-02-19;75351
2021-02-18;"Nitriansky kraj";202;16898;282;17180;NA;82089;484;2021-02-18;74852
2021-02-17;"Nitriansky kraj";198;11548;290;11838;NA;82089;488;2021-02-17;74368
2021-02-16;"Nitriansky kraj";284;14511;281;14792;NA;82089;565;2021-02-16;73880
2021-02-15;"Nitriansky kraj";122;26177;460;26637;NA;82089;582;2021-02-15;73315
2021-02-14;"Nitriansky kraj";8;34294;194;34488;NA;82089;202;2021-02-14;72733
2021-02-13;"Nitriansky kraj";127;110196;691;110887;NA;82089;818;2021-02-13;72531
2021-02-12;"Nitriansky kraj";162;33246;405;33651;NA;82089;567;2021-02-12;71713
2021-02-11;"Nitriansky kraj";195;12410;270;12680;NA;82089;465;2021-02-11;71146
2021-02-10;"Nitriansky kraj";186;17627;644;18271;NA;82089;830;2021-02-10;70681
2021-02-09;"Nitriansky kraj";260;18469;382;18851;NA;82089;642;2021-02-09;69851
2021-02-08;"Nitriansky kraj";177;41184;602;41786;NA;82089;779;2021-02-08;69209
2021-02-07;"Nitriansky kraj";20;49720;503;50223;NA;82089;523;2021-02-07;68430
2021-02-06;"Nitriansky kraj";129;100372;784;101156;NA;82089;913;2021-02-06;67907
2021-02-05;"Nitriansky kraj";244;32299;612;32911;NA;82089;856;2021-02-05;66994
2021-02-04;"Nitriansky kraj";308;16019;527;16546;NA;82089;835;2021-02-04;66138
2021-02-03;"Nitriansky kraj";191;11181;351;11532;NA;82089;542;2021-02-03;65303
2021-02-02;"Nitriansky kraj";327;17820;368;18188;NA;82089;695;2021-02-02;64761
2021-02-01;"Nitriansky kraj";221;23904;455;24359;NA;82089;676;2021-02-01;64066
2021-01-31;"Nitriansky kraj";9;22581;240;22821;NA;82089;249;2021-01-31;63390
2021-01-30;"Nitriansky kraj";152;85731;889;86620;NA;82089;1041;2021-01-30;63141
2021-01-29;"Nitriansky kraj";302;23699;486;24185;NA;82089;788;2021-01-29;62100
2021-01-28;"Nitriansky kraj";269;11411;394;11805;NA;82089;663;2021-01-28;61312
2021-01-27;"Nitriansky kraj";235;6725;299;7024;NA;82089;534;2021-01-27;60649
2021-01-26;"Nitriansky kraj";345;16041;454;16495;NA;82089;799;2021-01-26;60115
2021-01-25;"Nitriansky kraj";201;21737;431;22168;NA;82089;632;2021-01-25;59316
2021-01-24;"Nitriansky kraj";12;64769;642;65411;NA;82089;654;2021-01-24;58684
2021-01-23;"Nitriansky kraj";277;96698;1433;98131;NA;82089;1710;2021-01-23;58030
2021-01-22;"Nitriansky kraj";139;35406;614;36020;NA;82089;753;2021-01-22;56320
2021-01-21;"Nitriansky kraj";305;14646;412;15058;NA;82089;717;2021-01-21;55567
2021-01-20;"Nitriansky kraj";326;12165;637;12802;NA;82089;963;2021-01-20;54850
2021-01-19;"Nitriansky kraj";344;11016;633;11649;NA;82089;977;2021-01-19;53887
2021-01-18;"Nitriansky kraj";367;8645;507;9152;NA;82089;874;2021-01-18;52910
2021-01-17;"Nitriansky kraj";97;15061;275;15336;NA;82089;372;2021-01-17;52036
2021-01-16;"Nitriansky kraj";64;36365;654;37019;NA;82089;718;2021-01-16;51664
2021-01-15;"Nitriansky kraj";373;15876;475;16351;NA;82089;848;2021-01-15;50946
2021-01-14;"Nitriansky kraj";627;10412;437;10849;NA;82089;1064;2021-01-14;50098
2021-01-13;"Nitriansky kraj";663;9387;497;9884;NA;82089;1160;2021-01-13;49034
2021-01-12;"Nitriansky kraj";642;9055;573;9628;NA;82089;1215;2021-01-12;47874
2021-01-11;"Nitriansky kraj";422;8354;525;8879;NA;82089;947;2021-01-11;46659
2021-01-10;"Nitriansky kraj";44;19841;730;20571;NA;82089;774;2021-01-10;45712
2021-01-09;"Nitriansky kraj";532;37075;1090;38165;NA;82089;1622;2021-01-09;44938
2021-01-08;"Nitriansky kraj";817;14243;731;14974;NA;82089;1548;2021-01-08;43316
2021-01-07;"Nitriansky kraj";438;10618;784;11402;NA;82089;1222;2021-01-07;41768
2021-01-06;"Nitriansky kraj";259;3347;239;3586;NA;82089;498;2021-01-06;40546
2021-01-05;"Nitriansky kraj";732;8897;1200;10097;NA;82089;1932;2021-01-05;40048
2021-01-04;"Nitriansky kraj";362;8376;1259;9635;NA;82089;1621;2021-01-04;38116
2021-01-03;"Nitriansky kraj";42;84;20;104;NA;82089;62;2021-01-03;36495
2021-01-02;"Nitriansky kraj";249;1090;26;1116;NA;82089;275;2021-01-02;36433
2021-01-01;"Nitriansky kraj";119;671;94;765;NA;82089;213;2021-01-01;36158
2020-12-31;"Nitriansky kraj";786;7646;962;8608;NA;82089;1748;2020-12-31;35945
2020-12-30;"Nitriansky kraj";1094;9620;1165;10785;NA;82089;2259;2020-12-30;34197
2020-12-29;"Nitriansky kraj";607;8277;1286;9563;NA;82089;1893;2020-12-29;31938
2020-12-28;"Nitriansky kraj";83;6981;1271;8252;NA;82089;1354;2020-12-28;30045
2020-12-27;"Nitriansky kraj";22;36;2;38;NA;82089;24;2020-12-27;28691
2020-12-26;"Nitriansky kraj";54;297;56;353;NA;82089;110;2020-12-26;28667
2020-12-25;"Nitriansky kraj";35;47;5;52;NA;82089;40;2020-12-25;28557
2020-12-24;"Nitriansky kraj";514;1861;176;2037;NA;82089;690;2020-12-24;28517
2020-12-23;"Nitriansky kraj";349;15293;843;16136;NA;82089;1192;2020-12-23;27827
2020-12-22;"Nitriansky kraj";673;10987;994;11981;NA;82089;1667;2020-12-22;26635
2020-12-21;"Nitriansky kraj";128;7953;976;8929;NA;82089;1104;2020-12-21;24968
2020-12-20;"Nitriansky kraj";77;50;10;60;NA;82089;87;2020-12-20;23864
2020-12-19;"Nitriansky kraj";262;2259;159;2418;NA;82089;421;2020-12-19;23777
2020-12-18;"Nitriansky kraj";512;8437;551;8988;NA;82089;1063;2020-12-18;23356
2020-12-17;"Nitriansky kraj";586;6894;514;7408;NA;82089;1100;2020-12-17;22293
2020-12-16;"Nitriansky kraj";357;8785;546;9331;NA;82089;903;2020-12-16;21193
2020-12-15;"Nitriansky kraj";461;9365;769;10134;NA;82089;1230;2020-12-15;20290
2020-12-14;"Nitriansky kraj";217;8089;827;8916;NA;82089;1044;2020-12-14;19060
2020-12-13;"Nitriansky kraj";12;9;1;10;NA;82089;13;2020-12-13;18016
2020-12-12;"Nitriansky kraj";341;1832;125;1957;NA;82089;466;2020-12-12;18003
2020-12-11;"Nitriansky kraj";409;6193;465;6658;NA;82089;874;2020-12-11;17537
2020-12-10;"Nitriansky kraj";360;5030;326;5356;NA;82089;686;2020-12-10;16663
2020-12-09;"Nitriansky kraj";362;5726;542;6268;NA;82089;904;2020-12-09;15977
2020-12-08;"Nitriansky kraj";340;8766;611;9377;NA;82089;951;2020-12-08;15073
2020-12-07;"Nitriansky kraj";139;6243;573;6816;NA;82089;712;2020-12-07;14122
2020-12-06;"Nitriansky kraj";15;89;4;93;NA;82089;19;2020-12-06;13410
2020-12-05;"Nitriansky kraj";136;618;14;632;NA;82089;150;2020-12-05;13391
2020-12-04;"Nitriansky kraj";232;3047;86;3133;NA;82089;318;2020-12-04;13241
2020-12-03;"Nitriansky kraj";248;2599;127;2726;NA;82089;375;2020-12-03;12923
2020-12-02;"Nitriansky kraj";252;3733;163;3896;NA;82089;415;2020-12-02;12548
2020-12-01;"Nitriansky kraj";331;2941;133;3074;NA;82089;464;2020-12-01;12133
2020-11-30;"Nitriansky kraj";91;4836;207;5043;NA;82089;298;2020-11-30;11669
2020-11-29;"Nitriansky kraj";3;620;42;662;NA;82089;45;2020-11-29;11371
2020-11-28;"Nitriansky kraj";135;892;31;923;NA;82089;166;2020-11-28;11326
2020-11-27;"Nitriansky kraj";177;1229;43;1272;NA;82089;220;2020-11-27;11160
2020-11-26;"Nitriansky kraj";191;2262;57;2319;NA;82089;248;2020-11-26;10940
2020-11-25;"Nitriansky kraj";325;1993;66;2059;NA;82089;391;2020-11-25;10692
2020-11-24;"Nitriansky kraj";147;1141;50;1191;NA;82089;197;2020-11-24;10301
2020-11-23;"Nitriansky kraj";102;9562;206;9768;NA;82089;308;2020-11-23;10104
2020-11-22;"Nitriansky kraj";7;0;0;0;NA;82089;7;2020-11-22;9796
2020-11-21;"Nitriansky kraj";86;1083;38;1121;NA;82089;124;2020-11-21;9789
2020-11-20;"Nitriansky kraj";264;4020;101;4121;NA;82089;365;2020-11-20;9665
2020-11-19;"Nitriansky kraj";185;2953;133;3086;NA;82089;318;2020-11-19;9300
2020-11-18;"Nitriansky kraj";188;2109;77;2186;NA;82089;265;2020-11-18;8982
2020-11-17;"Nitriansky kraj";178;596;29;625;NA;82089;207;2020-11-17;8717
2020-11-16;"Nitriansky kraj";139;1836;75;1911;NA;82089;214;2020-11-16;8510
2020-11-15;"Nitriansky kraj";14;10;1;11;NA;82089;15;2020-11-15;8296
2020-11-14;"Nitriansky kraj";114;1131;32;1163;NA;82089;146;2020-11-14;8281
2020-11-13;"Nitriansky kraj";210;936;46;982;NA;82089;256;2020-11-13;8135
2020-11-12;"Nitriansky kraj";256;1195;35;1230;NA;82089;291;2020-11-12;7879
2020-11-11;"Nitriansky kraj";279;1247;22;1269;NA;82089;301;2020-11-11;7588
2020-11-10;"Nitriansky kraj";192;2623;39;2662;NA;82089;231;2020-11-10;7287
2020-11-09;"Nitriansky kraj";128;3136;43;3179;NA;82089;171;2020-11-09;7056
2020-11-08;"Nitriansky kraj";43;1462;32;1494;NA;82089;75;2020-11-08;6885
2020-11-07;"Nitriansky kraj";130;1046;4;1050;NA;82089;134;2020-11-07;6810
2020-11-06;"Nitriansky kraj";210;2264;32;2296;NA;82089;242;2020-11-06;6676
2020-11-05;"Nitriansky kraj";178;295;12;307;NA;82089;190;2020-11-05;6434
2020-11-04;"Nitriansky kraj";211;297;16;313;NA;82089;227;2020-11-04;6244
2020-11-03;"Nitriansky kraj";216;435;25;460;NA;82089;241;2020-11-03;6017
2020-11-02;"Nitriansky kraj";171;4208;46;4254;NA;82089;217;2020-11-02;5776
2020-11-01;"Nitriansky kraj";130;2546;27;2573;NA;82089;157;2020-11-01;5559
2020-10-31;"Nitriansky kraj";261;10402;134;10536;NA;82089;395;2020-10-31;5402
2020-10-30;"Nitriansky kraj";204;2380;21;2401;NA;82089;225;2020-10-30;5007
2020-10-29;"Nitriansky kraj";293;841;39;880;NA;82089;332;2020-10-29;4782
2020-10-28;"Nitriansky kraj";216;608;59;667;NA;82089;275;2020-10-28;4450
2020-10-27;"Nitriansky kraj";296;550;47;597;NA;82089;343;2020-10-27;4175
2020-10-26;"Nitriansky kraj";69;633;56;689;NA;82089;125;2020-10-26;3832
2020-10-25;"Nitriansky kraj";50;40;6;46;NA;82089;56;2020-10-25;3707
2020-10-24;"Nitriansky kraj";169;237;11;248;NA;82089;180;2020-10-24;3651
2020-10-23;"Nitriansky kraj";282;762;41;803;NA;82089;323;2020-10-23;3471
2020-10-22;"Nitriansky kraj";137;444;39;483;NA;82089;176;2020-10-22;3148
2020-10-21;"Nitriansky kraj";146;208;3;211;NA;82089;149;2020-10-21;2972
2020-10-20;"Nitriansky kraj";197;78;6;84;NA;82089;203;2020-10-20;2823
2020-10-19;"Nitriansky kraj";148;79;1;80;NA;82089;149;2020-10-19;2620
2020-10-18;"Nitriansky kraj";22;0;0;0;NA;82089;22;2020-10-18;2471
2020-10-17;"Nitriansky kraj";67;0;0;0;NA;82089;67;2020-10-17;2449
2020-10-16;"Nitriansky kraj";133;28;3;31;NA;82089;136;2020-10-16;2382
2020-10-15;"Nitriansky kraj";106;31;2;33;NA;82089;108;2020-10-15;2246
2020-10-14;"Nitriansky kraj";80;22;4;26;NA;82089;84;2020-10-14;2138
2020-10-13;"Nitriansky kraj";101;82;2;84;NA;82089;103;2020-10-13;2054
2020-10-12;"Nitriansky kraj";36;0;0;0;NA;82089;36;2020-10-12;1951
2020-10-11;"Nitriansky kraj";8;0;0;0;NA;82089;8;2020-10-11;1915
2020-10-10;"Nitriansky kraj";107;0;0;0;NA;82089;107;2020-10-10;1907
2020-10-09;"Nitriansky kraj";120;0;0;0;NA;82089;120;2020-10-09;1800
2020-10-08;"Nitriansky kraj";132;0;0;0;NA;82089;132;2020-10-08;1680
2020-10-07;"Nitriansky kraj";81;0;0;0;NA;82089;81;2020-10-07;1548
2020-10-06;"Nitriansky kraj";48;0;0;0;NA;82089;48;2020-10-06;1467
2020-10-05;"Nitriansky kraj";20;0;0;0;NA;82089;20;2020-10-05;1419
2020-10-04;"Nitriansky kraj";17;0;0;0;NA;82089;17;2020-10-04;1399
2020-10-03;"Nitriansky kraj";96;0;0;0;NA;82089;96;2020-10-03;1382
2020-10-02;"Nitriansky kraj";108;0;0;0;NA;82089;108;2020-10-02;1286
2020-10-01;"Nitriansky kraj";95;0;0;0;NA;82089;95;2020-10-01;1178
2020-09-30;"Nitriansky kraj";100;0;0;0;NA;82089;100;2020-09-30;1083
2020-09-29;"Nitriansky kraj";50;0;0;0;NA;82089;50;2020-09-29;983
2020-09-28;"Nitriansky kraj";22;0;0;0;NA;82089;22;2020-09-28;933
2020-09-27;"Nitriansky kraj";16;0;0;0;NA;82089;16;2020-09-27;911
2020-09-26;"Nitriansky kraj";64;0;0;0;NA;82089;64;2020-09-26;895
2020-09-25;"Nitriansky kraj";90;0;0;0;NA;82089;90;2020-09-25;831
2020-09-24;"Nitriansky kraj";51;0;0;0;NA;82089;51;2020-09-24;741
2020-09-23;"Nitriansky kraj";70;0;0;0;NA;82089;70;2020-09-23;690
2020-09-22;"Nitriansky kraj";18;0;0;0;NA;82089;18;2020-09-22;620
2020-09-21;"Nitriansky kraj";10;0;0;0;NA;82089;10;2020-09-21;602
2020-09-20;"Nitriansky kraj";4;0;0;0;NA;82089;4;2020-09-20;592
2020-09-19;"Nitriansky kraj";14;0;0;0;NA;82089;14;2020-09-19;588
2020-09-18;"Nitriansky kraj";19;0;0;0;NA;82089;19;2020-09-18;574
2020-09-17;"Nitriansky kraj";30;0;0;0;NA;82089;30;2020-09-17;555
2020-09-16;"Nitriansky kraj";6;0;0;0;NA;82089;6;2020-09-16;525
2020-09-15;"Nitriansky kraj";19;0;0;0;NA;82089;19;2020-09-15;519
2020-09-14;"Nitriansky kraj";28;0;0;0;NA;82089;28;2020-09-14;500
2020-09-13;"Nitriansky kraj";3;0;0;0;NA;82089;3;2020-09-13;472
2020-09-12;"Nitriansky kraj";12;0;0;0;NA;82089;12;2020-09-12;469
2020-09-11;"Nitriansky kraj";23;0;0;0;NA;82089;23;2020-09-11;457
2020-09-10;"Nitriansky kraj";29;0;0;0;NA;82089;29;2020-09-10;434
2020-09-09;"Nitriansky kraj";19;0;0;0;NA;82089;19;2020-09-09;405
2020-09-08;"Nitriansky kraj";17;0;0;0;NA;82089;17;2020-09-08;386
2020-09-07;"Nitriansky kraj";17;0;0;0;NA;82089;17;2020-09-07;369
2020-09-05;"Nitriansky kraj";22;0;0;0;NA;82089;22;2020-09-05;352
2020-09-04;"Nitriansky kraj";34;0;0;0;NA;82089;34;2020-09-04;330
2020-09-03;"Nitriansky kraj";15;0;0;0;NA;82089;15;2020-09-03;296
2020-09-02;"Nitriansky kraj";15;0;0;0;NA;82089;15;2020-09-02;281
2020-09-01;"Nitriansky kraj";2;0;0;0;NA;82089;2;2020-09-01;266
2020-08-31;"Nitriansky kraj";12;0;0;0;NA;82089;12;2020-08-31;264
2020-08-30;"Nitriansky kraj";1;0;0;0;NA;82089;1;2020-08-30;252
2020-08-29;"Nitriansky kraj";7;0;0;0;NA;82089;7;2020-08-29;251
2020-08-28;"Nitriansky kraj";12;0;0;0;NA;82089;12;2020-08-28;244
2020-08-27;"Nitriansky kraj";12;0;0;0;NA;82089;12;2020-08-27;232
2020-08-26;"Nitriansky kraj";4;0;0;0;NA;82089;4;2020-08-26;220
2020-08-25;"Nitriansky kraj";8;0;0;0;NA;82089;8;2020-08-25;216
2020-08-24;"Nitriansky kraj";1;0;0;0;NA;82089;1;2020-08-24;208
2020-08-23;"Nitriansky kraj";1;0;0;0;NA;82089;1;2020-08-23;207
2020-08-22;"Nitriansky kraj";2;0;0;0;NA;82089;2;2020-08-22;206
2020-08-20;"Nitriansky kraj";7;0;0;0;NA;82089;7;2020-08-20;204
2020-08-19;"Nitriansky kraj";1;0;0;0;NA;82089;1;2020-08-19;197
2020-08-18;"Nitriansky kraj";2;0;0;0;NA;82089;2;2020-08-18;196
2020-08-17;"Nitriansky kraj";1;0;0;0;NA;82089;1;2020-08-17;194
2020-08-15;"Nitriansky kraj";2;0;0;0;NA;82089;2;2020-08-15;193
2020-08-14;"Nitriansky kraj";1;0;0;0;NA;82089;1;2020-08-14;191
2020-08-13;"Nitriansky kraj";4;0;0;0;NA;82089;4;2020-08-13;190
2020-08-11;"Nitriansky kraj";1;0;0;0;NA;82089;1;2020-08-11;186
2020-08-07;"Nitriansky kraj";4;0;0;0;NA;82089;4;2020-08-07;185
2020-08-06;"Nitriansky kraj";4;0;0;0;NA;82089;4;2020-08-06;181
2020-08-04;"Nitriansky kraj";7;0;0;0;NA;82089;7;2020-08-04;177
2020-07-24;"Nitriansky kraj";1;0;0;0;NA;82089;1;2020-07-24;170
2020-07-23;"Nitriansky kraj";3;0;0;0;NA;82089;3;2020-07-23;169
2020-07-22;"Nitriansky kraj";2;0;0;0;NA;82089;2;2020-07-22;166
2020-07-21;"Nitriansky kraj";14;0;0;0;NA;82089;14;2020-07-21;164
2020-07-20;"Nitriansky kraj";11;0;0;0;NA;82089;11;2020-07-20;150
2020-07-16;"Nitriansky kraj";4;0;0;0;NA;82089;4;2020-07-16;139
2020-07-15;"Nitriansky kraj";5;0;0;0;NA;82089;5;2020-07-15;135
2020-07-09;"Nitriansky kraj";1;0;0;0;NA;82089;1;2020-07-09;130
2020-07-08;"Nitriansky kraj";2;0;0;0;NA;82089;2;2020-07-08;129
2020-07-01;"Nitriansky kraj";3;0;0;0;NA;82089;3;2020-07-01;127
2020-06-24;"Nitriansky kraj";1;0;0;0;NA;82089;1;2020-06-24;124
2020-06-10;"Nitriansky kraj";1;0;0;0;NA;82089;1;2020-06-10;123
2020-06-09;"Nitriansky kraj";1;0;0;0;NA;82089;1;2020-06-09;122
2020-06-02;"Nitriansky kraj";1;0;0;0;NA;82089;1;2020-06-02;121
2020-05-24;"Nitriansky kraj";2;0;0;0;NA;82089;2;2020-05-24;120
2020-05-22;"Nitriansky kraj";1;0;0;0;NA;82089;1;2020-05-22;118
2020-05-15;"Nitriansky kraj";1;0;0;0;NA;82089;1;2020-05-15;117
2020-05-11;"Nitriansky kraj";2;0;0;0;NA;82089;2;2020-05-11;116
2020-05-07;"Nitriansky kraj";1;0;0;0;NA;82089;1;2020-05-07;114
2020-05-06;"Nitriansky kraj";9;0;0;0;NA;82089;9;2020-05-06;113
2020-05-04;"Nitriansky kraj";5;0;0;0;NA;82089;5;2020-05-04;104
2020-05-03;"Nitriansky kraj";2;0;0;0;NA;82089;2;2020-05-03;99
2020-05-01;"Nitriansky kraj";1;0;0;0;NA;82089;1;2020-05-01;97
2020-04-28;"Nitriansky kraj";1;0;0;0;NA;82089;1;2020-04-28;96
2020-04-23;"Nitriansky kraj";3;0;0;0;NA;82089;3;2020-04-23;95
2020-04-22;"Nitriansky kraj";16;0;0;0;NA;82089;16;2020-04-22;92
2020-04-21;"Nitriansky kraj";6;0;0;0;NA;82089;6;2020-04-21;76
2020-04-20;"Nitriansky kraj";5;0;0;0;NA;82089;5;2020-04-20;70
2020-04-17;"Nitriansky kraj";7;0;0;0;NA;82089;7;2020-04-17;65
2020-04-15;"Nitriansky kraj";6;0;0;0;NA;82089;6;2020-04-15;58
2020-04-14;"Nitriansky kraj";2;0;0;0;NA;82089;2;2020-04-14;52
2020-04-13;"Nitriansky kraj";1;0;0;0;NA;82089;1;2020-04-13;50
2020-04-12;"Nitriansky kraj";3;0;0;0;NA;82089;3;2020-04-12;49
2020-04-11;"Nitriansky kraj";1;0;0;0;NA;82089;1;2020-04-11;46
2020-04-10;"Nitriansky kraj";1;0;0;0;NA;82089;1;2020-04-10;45
2020-04-08;"Nitriansky kraj";2;0;0;0;NA;82089;2;2020-04-08;44
2020-04-07;"Nitriansky kraj";3;0;0;0;NA;82089;3;2020-04-07;42
2020-04-06;"Nitriansky kraj";4;0;0;0;NA;82089;4;2020-04-06;39
2020-04-05;"Nitriansky kraj";5;0;0;0;NA;82089;5;2020-04-05;35
2020-04-02;"Nitriansky kraj";1;0;0;0;NA;82089;1;2020-04-02;30
2020-03-31;"Nitriansky kraj";3;0;0;0;NA;82089;3;2020-03-31;29
2020-03-30;"Nitriansky kraj";3;0;0;0;NA;82089;3;2020-03-30;26
2020-03-29;"Nitriansky kraj";3;0;0;0;NA;82089;3;2020-03-29;23
2020-03-28;"Nitriansky kraj";1;0;0;0;NA;82089;1;2020-03-28;20
2020-03-27;"Nitriansky kraj";1;0;0;0;NA;82089;1;2020-03-27;19
2020-03-26;"Nitriansky kraj";1;0;0;0;NA;82089;1;2020-03-26;18
2020-03-25;"Nitriansky kraj";1;0;0;0;NA;82089;1;2020-03-25;17
2020-03-23;"Nitriansky kraj";2;0;0;0;NA;82089;2;2020-03-23;16
2020-03-22;"Nitriansky kraj";2;0;0;0;NA;82089;2;2020-03-22;14
2020-03-21;"Nitriansky kraj";2;0;0;0;NA;82089;2;2020-03-21;12
2020-03-20;"Nitriansky kraj";1;0;0;0;NA;82089;1;2020-03-20;10
2020-03-19;"Nitriansky kraj";1;0;0;0;NA;82089;1;2020-03-19;9
2020-03-18;"Nitriansky kraj";2;0;0;0;NA;82089;2;2020-03-18;8
2020-03-17;"Nitriansky kraj";1;0;0;0;NA;82089;1;2020-03-17;6
2020-03-15;"Nitriansky kraj";4;0;0;0;NA;82089;4;2020-03-15;5
2020-03-14;"Nitriansky kraj";1;0;0;0;NA;82089;1;2020-03-14;1
2021-03-07;"Prešovský kraj";19;20663;187;20850;47426;86311;206;2021-03-07;86311
2021-03-06;"Prešovský kraj";193;90594;561;91155;NA;86311;754;2021-03-06;86105
2021-03-05;"Prešovský kraj";497;41791;359;42150;NA;86311;856;2021-03-05;85351
2021-03-04;"Prešovský kraj";372;20794;330;21124;NA;86311;702;2021-03-04;84495
2021-03-03;"Prešovský kraj";397;19635;311;19946;NA;86311;708;2021-03-03;83793
2021-03-02;"Prešovský kraj";421;20778;334;21112;NA;86311;755;2021-03-02;83085
2021-03-01;"Prešovský kraj";303;25607;372;25979;NA;86311;675;2021-03-01;82330
2021-02-28;"Prešovský kraj";75;35623;283;35906;NA;86311;358;2021-02-28;81655
2021-02-27;"Prešovský kraj";273;87262;714;87976;NA;86311;987;2021-02-27;81297
2021-02-26;"Prešovský kraj";455;41127;442;41569;NA;86311;897;2021-02-26;80310
2021-02-25;"Prešovský kraj";270;18995;331;19326;NA;86311;601;2021-02-25;79413
2021-02-24;"Prešovský kraj";328;18490;373;18863;NA;86311;701;2021-02-24;78812
2021-02-23;"Prešovský kraj";430;20969;336;21305;NA;86311;766;2021-02-23;78111
2021-02-22;"Prešovský kraj";351;26575;349;26924;NA;86311;700;2021-02-22;77345
2021-02-21;"Prešovský kraj";66;29260;273;29533;NA;86311;339;2021-02-21;76645
2021-02-20;"Prešovský kraj";129;59263;432;59695;NA;86311;561;2021-02-20;76306
2021-02-19;"Prešovský kraj";381;37789;419;38208;NA;86311;800;2021-02-19;75745
2021-02-18;"Prešovský kraj";268;16501;304;16805;NA;86311;572;2021-02-18;74945
2021-02-17;"Prešovský kraj";293;17509;251;17760;NA;86311;544;2021-02-17;74373
2021-02-16;"Prešovský kraj";422;18549;260;18809;NA;86311;682;2021-02-16;73829
2021-02-15;"Prešovský kraj";211;30371;297;30668;NA;86311;508;2021-02-15;73147
2021-02-14;"Prešovský kraj";27;32232;277;32509;NA;86311;304;2021-02-14;72639
2021-02-13;"Prešovský kraj";157;73549;386;73935;NA;86311;543;2021-02-13;72335
2021-02-12;"Prešovský kraj";308;38604;362;38966;NA;86311;670;2021-02-12;71792
2021-02-11;"Prešovský kraj";218;14898;224;15122;NA;86311;442;2021-02-11;71122
2021-02-10;"Prešovský kraj";220;18193;276;18469;NA;86311;496;2021-02-10;70680
2021-02-09;"Prešovský kraj";323;21029;370;21399;NA;86311;693;2021-02-09;70184
2021-02-08;"Prešovský kraj";161;37902;252;38154;NA;86311;413;2021-02-08;69491
2021-02-07;"Prešovský kraj";21;23785;153;23938;NA;86311;174;2021-02-07;69078
2021-02-06;"Prešovský kraj";176;67549;352;67901;NA;86311;528;2021-02-06;68904
2021-02-05;"Prešovský kraj";177;29828;256;30084;NA;86311;433;2021-02-05;68376
2021-02-04;"Prešovský kraj";176;12758;239;12997;NA;86311;415;2021-02-04;67943
2021-02-03;"Prešovský kraj";251;7986;225;8211;NA;86311;476;2021-02-03;67528
2021-02-02;"Prešovský kraj";249;11799;285;12084;NA;86311;534;2021-02-02;67052
2021-02-01;"Prešovský kraj";220;15488;292;15780;NA;86311;512;2021-02-01;66518
2021-01-31;"Prešovský kraj";42;1623;38;1661;NA;86311;80;2021-01-31;66006
2021-01-30;"Prešovský kraj";142;23939;215;24154;NA;86311;357;2021-01-30;65926
2021-01-29;"Prešovský kraj";185;17749;326;18075;NA;86311;511;2021-01-29;65569
2021-01-28;"Prešovský kraj";311;8441;150;8591;NA;86311;461;2021-01-28;65058
2021-01-27;"Prešovský kraj";153;9665;143;9808;NA;86311;296;2021-01-27;64597
2021-01-26;"Prešovský kraj";252;16491;148;16639;NA;86311;400;2021-01-26;64301
2021-01-25;"Prešovský kraj";196;28240;246;28486;NA;86311;442;2021-01-25;63901
2021-01-24;"Prešovský kraj";12;52958;386;53344;NA;86311;398;2021-01-24;63459
2021-01-23;"Prešovský kraj";189;90137;436;90573;NA;86311;625;2021-01-23;63061
2021-01-22;"Prešovský kraj";187;34597;258;34855;NA;86311;445;2021-01-22;62436
2021-01-21;"Prešovský kraj";187;20017;209;20226;NA;86311;396;2021-01-21;61991
2021-01-20;"Prešovský kraj";253;14479;195;14674;NA;86311;448;2021-01-20;61595
2021-01-19;"Prešovský kraj";281;12347;305;12652;NA;86311;586;2021-01-19;61147
2021-01-18;"Prešovský kraj";203;10434;336;10770;NA;86311;539;2021-01-18;60561
2021-01-17;"Prešovský kraj";107;14393;1008;15401;NA;86311;1115;2021-01-17;60022
2021-01-16;"Prešovský kraj";72;1583;76;1659;NA;86311;148;2021-01-16;58907
2021-01-15;"Prešovský kraj";159;6661;231;6892;NA;86311;390;2021-01-15;58759
2021-01-14;"Prešovský kraj";268;5530;252;5782;NA;86311;520;2021-01-14;58369
2021-01-13;"Prešovský kraj";342;5547;218;5765;NA;86311;560;2021-01-13;57849
2021-01-12;"Prešovský kraj";455;8489;409;8898;NA;86311;864;2021-01-12;57289
2021-01-11;"Prešovský kraj";343;7833;470;8303;NA;86311;813;2021-01-11;56425
2021-01-10;"Prešovský kraj";63;476;23;499;NA;86311;86;2021-01-10;55612
2021-01-09;"Prešovský kraj";439;2248;125;2373;NA;86311;564;2021-01-09;55526
2021-01-08;"Prešovský kraj";430;10867;572;11439;NA;86311;1002;2021-01-08;54962
2021-01-07;"Prešovský kraj";268;7688;639;8327;NA;86311;907;2021-01-07;53960
2021-01-06;"Prešovský kraj";315;1484;134;1618;NA;86311;449;2021-01-06;53053
2021-01-05;"Prešovský kraj";655;11591;1003;12594;NA;86311;1658;2021-01-05;52604
2021-01-04;"Prešovský kraj";371;17175;1810;18985;NA;86311;2181;2021-01-04;50946
2021-01-03;"Prešovský kraj";89;257;37;294;NA;86311;126;2021-01-03;48765
2021-01-02;"Prešovský kraj";65;1559;160;1719;NA;86311;225;2021-01-02;48639
2021-01-01;"Prešovský kraj";174;914;70;984;NA;86311;244;2021-01-01;48414
2020-12-31;"Prešovský kraj";640;11959;783;12742;NA;86311;1423;2020-12-31;48170
2020-12-30;"Prešovský kraj";729;9065;802;9867;NA;86311;1531;2020-12-30;46747
2020-12-29;"Prešovský kraj";435;8780;904;9684;NA;86311;1339;2020-12-29;45216
2020-12-28;"Prešovský kraj";393;9007;1119;10126;NA;86311;1512;2020-12-28;43877
2020-12-27;"Prešovský kraj";40;571;39;610;NA;86311;79;2020-12-27;42365
2020-12-26;"Prešovský kraj";64;176;12;188;NA;86311;76;2020-12-26;42286
2020-12-25;"Prešovský kraj";208;273;13;286;NA;86311;221;2020-12-25;42210
2020-12-24;"Prešovský kraj";452;1214;85;1299;NA;86311;537;2020-12-24;41989
2020-12-23;"Prešovský kraj";361;11370;635;12005;NA;86311;996;2020-12-23;41452
2020-12-22;"Prešovský kraj";439;9375;711;10086;NA;86311;1150;2020-12-22;40456
2020-12-21;"Prešovský kraj";432;9919;880;10799;NA;86311;1312;2020-12-21;39306
2020-12-20;"Prešovský kraj";184;396;20;416;NA;86311;204;2020-12-20;37994
2020-12-19;"Prešovský kraj";276;1658;151;1809;NA;86311;427;2020-12-19;37790
2020-12-18;"Prešovský kraj";396;8936;602;9538;NA;86311;998;2020-12-18;37363
2020-12-17;"Prešovský kraj";427;10826;891;11717;NA;86311;1318;2020-12-17;36365
2020-12-16;"Prešovský kraj";466;6017;508;6525;NA;86311;974;2020-12-16;35047
2020-12-15;"Prešovský kraj";411;5685;584;6269;NA;86311;995;2020-12-15;34073
2020-12-14;"Prešovský kraj";334;5767;508;6275;NA;86311;842;2020-12-14;33078
2020-12-13;"Prešovský kraj";89;29;8;37;NA;86311;97;2020-12-13;32236
2020-12-12;"Prešovský kraj";319;2474;166;2640;NA;86311;485;2020-12-12;32139
2020-12-11;"Prešovský kraj";560;6042;418;6460;NA;86311;978;2020-12-11;31654
2020-12-10;"Prešovský kraj";337;5180;440;5620;NA;86311;777;2020-12-10;30676
2020-12-09;"Prešovský kraj";358;3646;270;3916;NA;86311;628;2020-12-09;29899
2020-12-08;"Prešovský kraj";350;6436;647;7083;NA;86311;997;2020-12-08;29271
2020-12-07;"Prešovský kraj";309;3700;281;3981;NA;86311;590;2020-12-07;28274
2020-12-06;"Prešovský kraj";59;358;26;384;NA;86311;85;2020-12-06;27684
2020-12-05;"Prešovský kraj";218;984;87;1071;NA;86311;305;2020-12-05;27599
2020-12-04;"Prešovský kraj";352;4471;281;4752;NA;86311;633;2020-12-04;27294
2020-12-03;"Prešovský kraj";284;2900;202;3102;NA;86311;486;2020-12-03;26661
2020-12-02;"Prešovský kraj";232;3251;235;3486;NA;86311;467;2020-12-02;26175
2020-12-01;"Prešovský kraj";281;2341;213;2554;NA;86311;494;2020-12-01;25708
2020-11-30;"Prešovský kraj";196;5821;110;5931;NA;86311;306;2020-11-30;25214
2020-11-29;"Prešovský kraj";27;379;42;421;NA;86311;69;2020-11-29;24908
2020-11-28;"Prešovský kraj";199;682;62;744;NA;86311;261;2020-11-28;24839
2020-11-27;"Prešovský kraj";232;2135;119;2254;NA;86311;351;2020-11-27;24578
2020-11-26;"Prešovský kraj";263;2787;312;3099;NA;86311;575;2020-11-26;24227
2020-11-25;"Prešovský kraj";302;1642;78;1720;NA;86311;380;2020-11-25;23652
2020-11-24;"Prešovský kraj";365;1662;140;1802;NA;86311;505;2020-11-24;23272
2020-11-23;"Prešovský kraj";164;842;42;884;NA;86311;206;2020-11-23;22767
2020-11-22;"Prešovský kraj";46;30;1;31;NA;86311;47;2020-11-22;22561
2020-11-21;"Prešovský kraj";205;689;57;746;NA;86311;262;2020-11-21;22514
2020-11-20;"Prešovský kraj";363;2063;98;2161;NA;86311;461;2020-11-20;22252
2020-11-19;"Prešovský kraj";359;1973;229;2202;NA;86311;588;2020-11-19;21791
2020-11-18;"Prešovský kraj";270;373;32;405;NA;86311;302;2020-11-18;21203
2020-11-17;"Prešovský kraj";347;151;17;168;NA;86311;364;2020-11-17;20901
2020-11-16;"Prešovský kraj";226;382;51;433;NA;86311;277;2020-11-16;20537
2020-11-15;"Prešovský kraj";186;39;4;43;NA;86311;190;2020-11-15;20260
2020-11-14;"Prešovský kraj";261;54;4;58;NA;86311;265;2020-11-14;20070
2020-11-13;"Prešovský kraj";395;166;8;174;NA;86311;403;2020-11-13;19805
2020-11-12;"Prešovský kraj";397;229;50;279;NA;86311;447;2020-11-12;19402
2020-11-11;"Prešovský kraj";516;161;15;176;NA;86311;531;2020-11-11;18955
2020-11-10;"Prešovský kraj";437;197;9;206;NA;86311;446;2020-11-10;18424
2020-11-09;"Prešovský kraj";190;4106;945;5051;NA;86311;1135;2020-11-09;17978
2020-11-08;"Prešovský kraj";97;2817;32;2849;NA;86311;129;2020-11-08;16843
2020-11-07;"Prešovský kraj";416;8578;81;8659;NA;86311;497;2020-11-07;16714
2020-11-06;"Prešovský kraj";520;4791;76;4867;NA;86311;596;2020-11-06;16217
2020-11-05;"Prešovský kraj";397;180;5;185;NA;86311;402;2020-11-05;15621
2020-11-04;"Prešovský kraj";350;807;8;815;NA;86311;358;2020-11-04;15219
2020-11-03;"Prešovský kraj";565;98;12;110;NA;86311;577;2020-11-03;14861
2020-11-02;"Prešovský kraj";203;4158;1004;5162;NA;86311;1207;2020-11-02;14284
2020-11-01;"Prešovský kraj";386;2906;53;2959;NA;86311;439;2020-11-01;13077
2020-10-31;"Prešovský kraj";315;10497;170;10667;NA;86311;485;2020-10-31;12638
2020-10-30;"Prešovský kraj";552;2949;65;3014;NA;86311;617;2020-10-30;12153
2020-10-29;"Prešovský kraj";594;301;38;339;NA;86311;632;2020-10-29;11536
2020-10-28;"Prešovský kraj";617;291;46;337;NA;86311;663;2020-10-28;10904
2020-10-27;"Prešovský kraj";656;268;34;302;NA;86311;690;2020-10-27;10241
2020-10-26;"Prešovský kraj";137;363;57;420;NA;86311;194;2020-10-26;9551
2020-10-25;"Prešovský kraj";237;346;11;357;NA;86311;248;2020-10-25;9357
2020-10-24;"Prešovský kraj";719;200;12;212;NA;86311;731;2020-10-24;9109
2020-10-23;"Prešovský kraj";750;218;8;226;NA;86311;758;2020-10-23;8378
2020-10-22;"Prešovský kraj";646;396;30;426;NA;86311;676;2020-10-22;7620
2020-10-21;"Prešovský kraj";383;58;8;66;NA;86311;391;2020-10-21;6944
2020-10-20;"Prešovský kraj";493;65;7;72;NA;86311;500;2020-10-20;6553
2020-10-19;"Prešovský kraj";140;235;15;250;NA;86311;155;2020-10-19;6053
2020-10-18;"Prešovský kraj";209;0;0;0;NA;86311;209;2020-10-18;5898
2020-10-17;"Prešovský kraj";342;0;0;0;NA;86311;342;2020-10-17;5689
2020-10-16;"Prešovský kraj";388;57;3;60;NA;86311;391;2020-10-16;5347
2020-10-15;"Prešovský kraj";435;85;18;103;NA;86311;453;2020-10-15;4956
2020-10-14;"Prešovský kraj";451;54;10;64;NA;86311;461;2020-10-14;4503
2020-10-13;"Prešovský kraj";264;50;6;56;NA;86311;270;2020-10-13;4042
2020-10-12;"Prešovský kraj";214;334;35;369;NA;86311;249;2020-10-12;3772
2020-10-11;"Prešovský kraj";127;0;0;0;NA;86311;127;2020-10-11;3523
2020-10-10;"Prešovský kraj";248;0;0;0;NA;86311;248;2020-10-10;3396
2020-10-09;"Prešovský kraj";406;0;0;0;NA;86311;406;2020-10-09;3148
2020-10-08;"Prešovský kraj";245;0;0;0;NA;86311;245;2020-10-08;2742
2020-10-07;"Prešovský kraj";244;0;0;0;NA;86311;244;2020-10-07;2497
2020-10-06;"Prešovský kraj";166;0;0;0;NA;86311;166;2020-10-06;2253
2020-10-05;"Prešovský kraj";84;0;0;0;NA;86311;84;2020-10-05;2087
2020-10-04;"Prešovský kraj";118;0;0;0;NA;86311;118;2020-10-04;2003
2020-10-03;"Prešovský kraj";204;0;0;0;NA;86311;204;2020-10-03;1885
2020-10-02;"Prešovský kraj";149;0;0;0;NA;86311;149;2020-10-02;1681
2020-10-01;"Prešovský kraj";136;0;0;0;NA;86311;136;2020-10-01;1532
2020-09-30;"Prešovský kraj";121;0;0;0;NA;86311;121;2020-09-30;1396
2020-09-29;"Prešovský kraj";156;0;0;0;NA;86311;156;2020-09-29;1275
2020-09-28;"Prešovský kraj";51;0;0;0;NA;86311;51;2020-09-28;1119
2020-09-27;"Prešovský kraj";10;0;0;0;NA;86311;10;2020-09-27;1068
2020-09-26;"Prešovský kraj";72;0;0;0;NA;86311;72;2020-09-26;1058
2020-09-25;"Prešovský kraj";91;0;0;0;NA;86311;91;2020-09-25;986
2020-09-24;"Prešovský kraj";52;0;0;0;NA;86311;52;2020-09-24;895
2020-09-23;"Prešovský kraj";55;0;0;0;NA;86311;55;2020-09-23;843
2020-09-22;"Prešovský kraj";29;0;0;0;NA;86311;29;2020-09-22;788
2020-09-21;"Prešovský kraj";14;0;0;0;NA;86311;14;2020-09-21;759
2020-09-20;"Prešovský kraj";5;0;0;0;NA;86311;5;2020-09-20;745
2020-09-19;"Prešovský kraj";12;0;0;0;NA;86311;12;2020-09-19;740
2020-09-18;"Prešovský kraj";29;0;0;0;NA;86311;29;2020-09-18;728
2020-09-17;"Prešovský kraj";25;0;0;0;NA;86311;25;2020-09-17;699
2020-09-16;"Prešovský kraj";8;0;0;0;NA;86311;8;2020-09-16;674
2020-09-15;"Prešovský kraj";10;0;0;0;NA;86311;10;2020-09-15;666
2020-09-14;"Prešovský kraj";47;0;0;0;NA;86311;47;2020-09-14;656
2020-09-13;"Prešovský kraj";3;0;0;0;NA;86311;3;2020-09-13;609
2020-09-12;"Prešovský kraj";4;0;0;0;NA;86311;4;2020-09-12;606
2020-09-11;"Prešovský kraj";15;0;0;0;NA;86311;15;2020-09-11;602
2020-09-10;"Prešovský kraj";10;0;0;0;NA;86311;10;2020-09-10;587
2020-09-09;"Prešovský kraj";21;0;0;0;NA;86311;21;2020-09-09;577
2020-09-08;"Prešovský kraj";23;0;0;0;NA;86311;23;2020-09-08;556
2020-09-07;"Prešovský kraj";5;0;0;0;NA;86311;5;2020-09-07;533
2020-09-06;"Prešovský kraj";3;0;0;0;NA;86311;3;2020-09-06;528
2020-09-05;"Prešovský kraj";7;0;0;0;NA;86311;7;2020-09-05;525
2020-09-04;"Prešovský kraj";24;0;0;0;NA;86311;24;2020-09-04;518
2020-09-03;"Prešovský kraj";8;0;0;0;NA;86311;8;2020-09-03;494
2020-09-02;"Prešovský kraj";9;0;0;0;NA;86311;9;2020-09-02;486
2020-09-01;"Prešovský kraj";6;0;0;0;NA;86311;6;2020-09-01;477
2020-08-31;"Prešovský kraj";3;0;0;0;NA;86311;3;2020-08-31;471
2020-08-30;"Prešovský kraj";6;0;0;0;NA;86311;6;2020-08-30;468
2020-08-29;"Prešovský kraj";4;0;0;0;NA;86311;4;2020-08-29;462
2020-08-28;"Prešovský kraj";6;0;0;0;NA;86311;6;2020-08-28;458
2020-08-27;"Prešovský kraj";7;0;0;0;NA;86311;7;2020-08-27;452
2020-08-26;"Prešovský kraj";22;0;0;0;NA;86311;22;2020-08-26;445
2020-08-25;"Prešovský kraj";1;0;0;0;NA;86311;1;2020-08-25;423
2020-08-24;"Prešovský kraj";5;0;0;0;NA;86311;5;2020-08-24;422
2020-08-23;"Prešovský kraj";3;0;0;0;NA;86311;3;2020-08-23;417
2020-08-22;"Prešovský kraj";3;0;0;0;NA;86311;3;2020-08-22;414
2020-08-21;"Prešovský kraj";11;0;0;0;NA;86311;11;2020-08-21;411
2020-08-20;"Prešovský kraj";8;0;0;0;NA;86311;8;2020-08-20;400
2020-08-19;"Prešovský kraj";8;0;0;0;NA;86311;8;2020-08-19;392
2020-08-18;"Prešovský kraj";6;0;0;0;NA;86311;6;2020-08-18;384
2020-08-17;"Prešovský kraj";1;0;0;0;NA;86311;1;2020-08-17;378
2020-08-15;"Prešovský kraj";8;0;0;0;NA;86311;8;2020-08-15;377
2020-08-14;"Prešovský kraj";6;0;0;0;NA;86311;6;2020-08-14;369
2020-08-13;"Prešovský kraj";8;0;0;0;NA;86311;8;2020-08-13;363
2020-08-12;"Prešovský kraj";19;0;0;0;NA;86311;19;2020-08-12;355
2020-08-11;"Prešovský kraj";3;0;0;0;NA;86311;3;2020-08-11;336
2020-08-08;"Prešovský kraj";2;0;0;0;NA;86311;2;2020-08-08;333
2020-08-07;"Prešovský kraj";6;0;0;0;NA;86311;6;2020-08-07;331
2020-08-06;"Prešovský kraj";2;0;0;0;NA;86311;2;2020-08-06;325
2020-08-05;"Prešovský kraj";8;0;0;0;NA;86311;8;2020-08-05;323
2020-08-04;"Prešovský kraj";5;0;0;0;NA;86311;5;2020-08-04;315
2020-08-03;"Prešovský kraj";4;0;0;0;NA;86311;4;2020-08-03;310
2020-08-02;"Prešovský kraj";6;0;0;0;NA;86311;6;2020-08-02;306
2020-07-31;"Prešovský kraj";2;0;0;0;NA;86311;2;2020-07-31;300
2020-07-30;"Prešovský kraj";6;0;0;0;NA;86311;6;2020-07-30;298
2020-07-29;"Prešovský kraj";5;0;0;0;NA;86311;5;2020-07-29;292
2020-07-27;"Prešovský kraj";1;0;0;0;NA;86311;1;2020-07-27;287
2020-07-26;"Prešovský kraj";1;0;0;0;NA;86311;1;2020-07-26;286
2020-07-25;"Prešovský kraj";21;0;0;0;NA;86311;21;2020-07-25;285
2020-07-24;"Prešovský kraj";1;0;0;0;NA;86311;1;2020-07-24;264
2020-07-23;"Prešovský kraj";5;0;0;0;NA;86311;5;2020-07-23;263
2020-07-22;"Prešovský kraj";1;0;0;0;NA;86311;1;2020-07-22;258
2020-07-21;"Prešovský kraj";2;0;0;0;NA;86311;2;2020-07-21;257
2020-07-20;"Prešovský kraj";1;0;0;0;NA;86311;1;2020-07-20;255
2020-07-17;"Prešovský kraj";3;0;0;0;NA;86311;3;2020-07-17;254
2020-07-16;"Prešovský kraj";1;0;0;0;NA;86311;1;2020-07-16;251
2020-07-15;"Prešovský kraj";5;0;0;0;NA;86311;5;2020-07-15;250
2020-07-14;"Prešovský kraj";5;0;0;0;NA;86311;5;2020-07-14;245
2020-07-13;"Prešovský kraj";1;0;0;0;NA;86311;1;2020-07-13;240
2020-07-12;"Prešovský kraj";1;0;0;0;NA;86311;1;2020-07-12;239
2020-07-11;"Prešovský kraj";6;0;0;0;NA;86311;6;2020-07-11;238
2020-07-10;"Prešovský kraj";5;0;0;0;NA;86311;5;2020-07-10;232
2020-07-09;"Prešovský kraj";2;0;0;0;NA;86311;2;2020-07-09;227
2020-07-08;"Prešovský kraj";14;0;0;0;NA;86311;14;2020-07-08;225
2020-07-07;"Prešovský kraj";2;0;0;0;NA;86311;2;2020-07-07;211
2020-07-04;"Prešovský kraj";1;0;0;0;NA;86311;1;2020-07-04;209
2020-07-03;"Prešovský kraj";3;0;0;0;NA;86311;3;2020-07-03;208
2020-06-30;"Prešovský kraj";7;0;0;0;NA;86311;7;2020-06-30;205
2020-06-27;"Prešovský kraj";3;0;0;0;NA;86311;3;2020-06-27;198
2020-06-26;"Prešovský kraj";3;0;0;0;NA;86311;3;2020-06-26;195
2020-06-24;"Prešovský kraj";4;0;0;0;NA;86311;4;2020-06-24;192
2020-06-19;"Prešovský kraj";1;0;0;0;NA;86311;1;2020-06-19;188
2020-06-16;"Prešovský kraj";6;0;0;0;NA;86311;6;2020-06-16;187
2020-06-12;"Prešovský kraj";1;0;0;0;NA;86311;1;2020-06-12;181
2020-06-02;"Prešovský kraj";1;0;0;0;NA;86311;1;2020-06-02;180
2020-05-31;"Prešovský kraj";1;0;0;0;NA;86311;1;2020-05-31;179
2020-05-21;"Prešovský kraj";1;0;0;0;NA;86311;1;2020-05-21;178
2020-05-13;"Prešovský kraj";1;0;0;0;NA;86311;1;2020-05-13;177
2020-05-11;"Prešovský kraj";1;0;0;0;NA;86311;1;2020-05-11;176
2020-05-05;"Prešovský kraj";1;0;0;0;NA;86311;1;2020-05-05;175
2020-05-01;"Prešovský kraj";2;0;0;0;NA;86311;2;2020-05-01;174
2020-04-29;"Prešovský kraj";1;0;0;0;NA;86311;1;2020-04-29;172
2020-04-28;"Prešovský kraj";1;0;0;0;NA;86311;1;2020-04-28;171
2020-04-27;"Prešovský kraj";2;0;0;0;NA;86311;2;2020-04-27;170
2020-04-23;"Prešovský kraj";2;0;0;0;NA;86311;2;2020-04-23;168
2020-04-22;"Prešovský kraj";11;0;0;0;NA;86311;11;2020-04-22;166
2020-04-21;"Prešovský kraj";12;0;0;0;NA;86311;12;2020-04-21;155
2020-04-20;"Prešovský kraj";2;0;0;0;NA;86311;2;2020-04-20;143
2020-04-19;"Prešovský kraj";4;0;0;0;NA;86311;4;2020-04-19;141
2020-04-18;"Prešovský kraj";1;0;0;0;NA;86311;1;2020-04-18;137
2020-04-17;"Prešovský kraj";4;0;0;0;NA;86311;4;2020-04-17;136
2020-04-16;"Prešovský kraj";9;0;0;0;NA;86311;9;2020-04-16;132
2020-04-15;"Prešovský kraj";21;0;0;0;NA;86311;21;2020-04-15;123
2020-04-14;"Prešovský kraj";1;0;0;0;NA;86311;1;2020-04-14;102
2020-04-13;"Prešovský kraj";2;0;0;0;NA;86311;2;2020-04-13;101
2020-04-12;"Prešovský kraj";6;0;0;0;NA;86311;6;2020-04-12;99
2020-04-11;"Prešovský kraj";4;0;0;0;NA;86311;4;2020-04-11;93
2020-04-09;"Prešovský kraj";1;0;0;0;NA;86311;1;2020-04-09;89
2020-04-07;"Prešovský kraj";7;0;0;0;NA;86311;7;2020-04-07;88
2020-04-06;"Prešovský kraj";10;0;0;0;NA;86311;10;2020-04-06;81
2020-04-05;"Prešovský kraj";13;0;0;0;NA;86311;13;2020-04-05;71
2020-04-04;"Prešovský kraj";1;0;0;0;NA;86311;1;2020-04-04;58
2020-04-03;"Prešovský kraj";4;0;0;0;NA;86311;4;2020-04-03;57
2020-04-02;"Prešovský kraj";6;0;0;0;NA;86311;6;2020-04-02;53
2020-04-01;"Prešovský kraj";6;0;0;0;NA;86311;6;2020-04-01;47
2020-03-31;"Prešovský kraj";6;0;0;0;NA;86311;6;2020-03-31;41
2020-03-30;"Prešovský kraj";2;0;0;0;NA;86311;2;2020-03-30;35
2020-03-29;"Prešovský kraj";2;0;0;0;NA;86311;2;2020-03-29;33
2020-03-28;"Prešovský kraj";2;0;0;0;NA;86311;2;2020-03-28;31
2020-03-27;"Prešovský kraj";1;0;0;0;NA;86311;1;2020-03-27;29
2020-03-26;"Prešovský kraj";8;0;0;0;NA;86311;8;2020-03-26;28
2020-03-25;"Prešovský kraj";1;0;0;0;NA;86311;1;2020-03-25;20
2020-03-24;"Prešovský kraj";4;0;0;0;NA;86311;4;2020-03-24;19
2020-03-22;"Prešovský kraj";1;0;0;0;NA;86311;1;2020-03-22;15
2020-03-21;"Prešovský kraj";2;0;0;0;NA;86311;2;2020-03-21;14
2020-03-20;"Prešovský kraj";3;0;0;0;NA;86311;3;2020-03-20;12
2020-03-19;"Prešovský kraj";2;0;0;0;NA;86311;2;2020-03-19;9
2020-03-18;"Prešovský kraj";1;0;0;0;NA;86311;1;2020-03-18;7
2020-03-17;"Prešovský kraj";1;0;0;0;NA;86311;1;2020-03-17;6
2020-03-16;"Prešovský kraj";4;0;0;0;NA;86311;4;2020-03-16;5
2020-03-14;"Prešovský kraj";1;0;0;0;NA;86311;1;2020-03-14;1
2021-03-07;"Trenčiansky kraj";4;15484;119;15603;43690;80877;123;2021-03-07;80877
2021-03-06;"Trenčiansky kraj";260;73851;501;74352;NA;80877;761;2021-03-06;80754
2021-03-05;"Trenčiansky kraj";326;32475;411;32886;NA;80877;737;2021-03-05;79993
2021-03-04;"Trenčiansky kraj";323;16394;312;16706;NA;80877;635;2021-03-04;79256
2021-03-03;"Trenčiansky kraj";413;14047;341;14388;NA;80877;754;2021-03-03;78621
2021-03-02;"Trenčiansky kraj";612;18028;359;18387;NA;80877;971;2021-03-02;77867
2021-03-01;"Trenčiansky kraj";217;20771;431;21202;NA;80877;648;2021-03-01;76896
2021-02-28;"Trenčiansky kraj";45;28066;331;28397;NA;80877;376;2021-02-28;76248
2021-02-27;"Trenčiansky kraj";277;78322;672;78994;NA;80877;949;2021-02-27;75872
2021-02-26;"Trenčiansky kraj";420;32986;431;33417;NA;80877;851;2021-02-26;74923
2021-02-25;"Trenčiansky kraj";424;14044;329;14373;NA;80877;753;2021-02-25;74072
2021-02-24;"Trenčiansky kraj";427;11923;397;12320;NA;80877;824;2021-02-24;73319
2021-02-23;"Trenčiansky kraj";577;14961;390;15351;NA;80877;967;2021-02-23;72495
2021-02-22;"Trenčiansky kraj";160;20193;475;20668;NA;80877;635;2021-02-22;71528
2021-02-21;"Trenčiansky kraj";64;27659;377;28036;NA;80877;441;2021-02-21;70893
2021-02-20;"Trenčiansky kraj";274;78007;748;78755;NA;80877;1022;2021-02-20;70452
2021-02-19;"Trenčiansky kraj";272;30226;528;30754;NA;80877;800;2021-02-19;69430
2021-02-18;"Trenčiansky kraj";355;14176;409;14585;NA;80877;764;2021-02-18;68630
2021-02-17;"Trenčiansky kraj";363;11927;384;12311;NA;80877;747;2021-02-17;67866
2021-02-16;"Trenčiansky kraj";488;17315;400;17715;NA;80877;888;2021-02-16;67119
2021-02-15;"Trenčiansky kraj";151;21665;459;22124;NA;80877;610;2021-02-15;66231
2021-02-14;"Trenčiansky kraj";2;5241;51;5292;NA;80877;53;2021-02-14;65621
2021-02-13;"Trenčiansky kraj";274;61982;541;62523;NA;80877;815;2021-02-13;65568
2021-02-12;"Trenčiansky kraj";276;27508;404;27912;NA;80877;680;2021-02-12;64753
2021-02-11;"Trenčiansky kraj";291;11204;317;11521;NA;80877;608;2021-02-11;64073
2021-02-10;"Trenčiansky kraj";304;11254;311;11565;NA;80877;615;2021-02-10;63465
2021-02-09;"Trenčiansky kraj";514;18399;360;18759;NA;80877;874;2021-02-09;62850
2021-02-08;"Trenčiansky kraj";182;27755;434;28189;NA;80877;616;2021-02-08;61976
2021-02-07;"Trenčiansky kraj";31;28269;277;28546;NA;80877;308;2021-02-07;61360
2021-02-06;"Trenčiansky kraj";216;63430;558;63988;NA;80877;774;2021-02-06;61052
2021-02-05;"Trenčiansky kraj";202;18176;368;18544;NA;80877;570;2021-02-05;60278
2021-02-04;"Trenčiansky kraj";266;7427;331;7758;NA;80877;597;2021-02-04;59708
2021-02-03;"Trenčiansky kraj";162;6275;338;6613;NA;80877;500;2021-02-03;59111
2021-02-02;"Trenčiansky kraj";347;8224;399;8623;NA;80877;746;2021-02-02;58611
2021-02-01;"Trenčiansky kraj";167;18325;348;18673;NA;80877;515;2021-02-01;57865
2021-01-31;"Trenčiansky kraj";7;15791;135;15926;NA;80877;142;2021-01-31;57350
2021-01-30;"Trenčiansky kraj";228;37334;355;37689;NA;80877;583;2021-01-30;57208
2021-01-29;"Trenčiansky kraj";214;7411;216;7627;NA;80877;430;2021-01-29;56625
2021-01-28;"Trenčiansky kraj";307;5469;167;5636;NA;80877;474;2021-01-28;56195
2021-01-27;"Trenčiansky kraj";166;11801;204;12005;NA;80877;370;2021-01-27;55721
2021-01-26;"Trenčiansky kraj";303;14426;240;14666;NA;80877;543;2021-01-26;55351
2021-01-25;"Trenčiansky kraj";160;34160;368;34528;NA;80877;528;2021-01-25;54808
2021-01-24;"Trenčiansky kraj";51;27365;181;27546;NA;80877;232;2021-01-24;54280
2021-01-23;"Trenčiansky kraj";206;110039;709;110748;NA;80877;915;2021-01-23;54048
2021-01-22;"Trenčiansky kraj";148;14229;176;14405;NA;80877;324;2021-01-22;53133
2021-01-21;"Trenčiansky kraj";143;9172;197;9369;NA;80877;340;2021-01-21;52809
2021-01-20;"Trenčiansky kraj";181;7915;240;8155;NA;80877;421;2021-01-20;52469
2021-01-19;"Trenčiansky kraj";363;6684;275;6959;NA;80877;638;2021-01-19;52048
2021-01-18;"Trenčiansky kraj";72;4690;265;4955;NA;80877;337;2021-01-18;51410
2021-01-17;"Trenčiansky kraj";124;93;11;104;NA;80877;135;2021-01-17;51073
2021-01-16;"Trenčiansky kraj";39;793;62;855;NA;80877;101;2021-01-16;50938
2021-01-15;"Trenčiansky kraj";264;3920;220;4140;NA;80877;484;2021-01-15;50837
2021-01-14;"Trenčiansky kraj";275;3036;163;3199;NA;80877;438;2021-01-14;50353
2021-01-13;"Trenčiansky kraj";222;4092;236;4328;NA;80877;458;2021-01-13;49915
2021-01-12;"Trenčiansky kraj";508;4833;297;5130;NA;80877;805;2021-01-12;49457
2021-01-11;"Trenčiansky kraj";142;3932;295;4227;NA;80877;437;2021-01-11;48652
2021-01-10;"Trenčiansky kraj";89;4939;76;5015;NA;80877;165;2021-01-10;48215
2021-01-09;"Trenčiansky kraj";276;7974;121;8095;NA;80877;397;2021-01-09;48050
2021-01-08;"Trenčiansky kraj";489;6594;478;7072;NA;80877;967;2021-01-08;47653
2021-01-07;"Trenčiansky kraj";420;5834;503;6337;NA;80877;923;2021-01-07;46686
2021-01-06;"Trenčiansky kraj";221;1021;64;1085;NA;80877;285;2021-01-06;45763
2021-01-05;"Trenčiansky kraj";669;6118;800;6918;NA;80877;1469;2021-01-05;45478
2021-01-04;"Trenčiansky kraj";337;4920;704;5624;NA;80877;1041;2021-01-04;44009
2021-01-03;"Trenčiansky kraj";38;60;13;73;NA;80877;51;2021-01-03;42968
2021-01-02;"Trenčiansky kraj";129;140;23;163;NA;80877;152;2021-01-02;42917
2021-01-01;"Trenčiansky kraj";329;347;23;370;NA;80877;352;2021-01-01;42765
2020-12-31;"Trenčiansky kraj";597;4943;557;5500;NA;80877;1154;2020-12-31;42413
2020-12-30;"Trenčiansky kraj";836;7006;762;7768;NA;80877;1598;2020-12-30;41259
2020-12-29;"Trenčiansky kraj";459;6191;1018;7209;NA;80877;1477;2020-12-29;39661
2020-12-28;"Trenčiansky kraj";258;4195;777;4972;NA;80877;1035;2020-12-28;38184
2020-12-27;"Trenčiansky kraj";5;202;36;238;NA;80877;41;2020-12-27;37149
2020-12-26;"Trenčiansky kraj";174;74;10;84;NA;80877;184;2020-12-26;37108
2020-12-25;"Trenčiansky kraj";251;325;47;372;NA;80877;298;2020-12-25;36924
2020-12-24;"Trenčiansky kraj";552;2194;256;2450;NA;80877;808;2020-12-24;36626
2020-12-23;"Trenčiansky kraj";421;6552;661;7213;NA;80877;1082;2020-12-23;35818
2020-12-22;"Trenčiansky kraj";673;5760;694;6454;NA;80877;1367;2020-12-22;34736
2020-12-21;"Trenčiansky kraj";248;13673;996;14669;NA;80877;1244;2020-12-21;33369
2020-12-20;"Trenčiansky kraj";238;12480;291;12771;NA;80877;529;2020-12-20;32125
2020-12-19;"Trenčiansky kraj";341;1611;150;1761;NA;80877;491;2020-12-19;31596
2020-12-18;"Trenčiansky kraj";521;4847;575;5422;NA;80877;1096;2020-12-18;31105
2020-12-17;"Trenčiansky kraj";670;3843;524;4367;NA;80877;1194;2020-12-17;30009
2020-12-16;"Trenčiansky kraj";461;4459;647;5106;NA;80877;1108;2020-12-16;28815
2020-12-15;"Trenčiansky kraj";595;3805;670;4475;NA;80877;1265;2020-12-15;27707
2020-12-14;"Trenčiansky kraj";318;3194;613;3807;NA;80877;931;2020-12-14;26442
2020-12-13;"Trenčiansky kraj";77;24;4;28;NA;80877;81;2020-12-13;25511
2020-12-12;"Trenčiansky kraj";314;1002;120;1122;NA;80877;434;2020-12-12;25430
2020-12-11;"Trenčiansky kraj";751;4066;479;4545;NA;80877;1230;2020-12-11;24996
2020-12-10;"Trenčiansky kraj";271;3371;477;3848;NA;80877;748;2020-12-10;23766
2020-12-09;"Trenčiansky kraj";508;3805;470;4275;NA;80877;978;2020-12-09;23018
2020-12-08;"Trenčiansky kraj";546;3440;522;3962;NA;80877;1068;2020-12-08;22040
2020-12-07;"Trenčiansky kraj";258;3826;466;4292;NA;80877;724;2020-12-07;20972
2020-12-06;"Trenčiansky kraj";114;179;10;189;NA;80877;124;2020-12-06;20248
2020-12-05;"Trenčiansky kraj";223;751;64;815;NA;80877;287;2020-12-05;20124
2020-12-04;"Trenčiansky kraj";253;2519;215;2734;NA;80877;468;2020-12-04;19837
2020-12-03;"Trenčiansky kraj";503;1714;178;1892;NA;80877;681;2020-12-03;19369
2020-12-02;"Trenčiansky kraj";418;1844;232;2076;NA;80877;650;2020-12-02;18688
2020-12-01;"Trenčiansky kraj";321;5642;351;5993;NA;80877;672;2020-12-01;18038
2020-11-30;"Trenčiansky kraj";167;8494;489;8983;NA;80877;656;2020-11-30;17366
2020-11-29;"Trenčiansky kraj";29;18;2;20;NA;80877;31;2020-11-29;16710
2020-11-28;"Trenčiansky kraj";202;1051;93;1144;NA;80877;295;2020-11-28;16679
2020-11-27;"Trenčiansky kraj";330;1398;150;1548;NA;80877;480;2020-11-27;16384
2020-11-26;"Trenčiansky kraj";395;1252;122;1374;NA;80877;517;2020-11-26;15904
2020-11-25;"Trenčiansky kraj";322;1444;160;1604;NA;80877;482;2020-11-25;15387
2020-11-24;"Trenčiansky kraj";348;2553;308;2861;NA;80877;656;2020-11-24;14905
2020-11-23;"Trenčiansky kraj";159;1186;122;1308;NA;80877;281;2020-11-23;14249
2020-11-22;"Trenčiansky kraj";26;11;1;12;NA;80877;27;2020-11-22;13968
2020-11-21;"Trenčiansky kraj";255;1323;62;1385;NA;80877;317;2020-11-21;13941
2020-11-20;"Trenčiansky kraj";316;861;93;954;NA;80877;409;2020-11-20;13624
2020-11-19;"Trenčiansky kraj";316;740;113;853;NA;80877;429;2020-11-19;13215
2020-11-18;"Trenčiansky kraj";233;379;66;445;NA;80877;299;2020-11-18;12786
2020-11-17;"Trenčiansky kraj";222;106;15;121;NA;80877;237;2020-11-17;12487
2020-11-16;"Trenčiansky kraj";245;236;45;281;NA;80877;290;2020-11-16;12250
2020-11-15;"Trenčiansky kraj";109;29;6;35;NA;80877;115;2020-11-15;11960
2020-11-14;"Trenčiansky kraj";190;74;11;85;NA;80877;201;2020-11-14;11845
2020-11-13;"Trenčiansky kraj";308;131;13;144;NA;80877;321;2020-11-13;11644
2020-11-12;"Trenčiansky kraj";324;124;5;129;NA;80877;329;2020-11-12;11323
2020-11-11;"Trenčiansky kraj";366;113;10;123;NA;80877;376;2020-11-11;10994
2020-11-10;"Trenčiansky kraj";277;106;6;112;NA;80877;283;2020-11-10;10618
2020-11-09;"Trenčiansky kraj";115;1407;48;1455;NA;80877;163;2020-11-09;10335
2020-11-08;"Trenčiansky kraj";81;1223;8;1231;NA;80877;89;2020-11-08;10172
2020-11-07;"Trenčiansky kraj";319;3662;59;3721;NA;80877;378;2020-11-07;10083
2020-11-06;"Trenčiansky kraj";383;6893;84;6977;NA;80877;467;2020-11-06;9705
2020-11-05;"Trenčiansky kraj";399;98;15;113;NA;80877;414;2020-11-05;9238
2020-11-04;"Trenčiansky kraj";370;91;9;100;NA;80877;379;2020-11-04;8824
2020-11-03;"Trenčiansky kraj";575;97;8;105;NA;80877;583;2020-11-03;8445
2020-11-02;"Trenčiansky kraj";197;1833;68;1901;NA;80877;265;2020-11-02;7862
2020-11-01;"Trenčiansky kraj";257;804;23;827;NA;80877;280;2020-11-01;7597
2020-10-31;"Trenčiansky kraj";332;4719;82;4801;NA;80877;414;2020-10-31;7317
2020-10-30;"Trenčiansky kraj";299;5283;102;5385;NA;80877;401;2020-10-30;6903
2020-10-29;"Trenčiansky kraj";496;764;68;832;NA;80877;564;2020-10-29;6502
2020-10-28;"Trenčiansky kraj";269;192;33;225;NA;80877;302;2020-10-28;5938
2020-10-27;"Trenčiansky kraj";473;127;27;154;NA;80877;500;2020-10-27;5636
2020-10-26;"Trenčiansky kraj";177;103;31;134;NA;80877;208;2020-10-26;5136
2020-10-25;"Trenčiansky kraj";138;9;5;14;NA;80877;143;2020-10-25;4928
2020-10-24;"Trenčiansky kraj";395;128;6;134;NA;80877;401;2020-10-24;4785
2020-10-23;"Trenčiansky kraj";301;154;8;162;NA;80877;309;2020-10-23;4384
2020-10-22;"Trenčiansky kraj";273;82;12;94;NA;80877;285;2020-10-22;4075
2020-10-21;"Trenčiansky kraj";183;53;9;62;NA;80877;192;2020-10-21;3790
2020-10-20;"Trenčiansky kraj";212;47;6;53;NA;80877;218;2020-10-20;3598
2020-10-19;"Trenčiansky kraj";41;83;25;108;NA;80877;66;2020-10-19;3380
2020-10-18;"Trenčiansky kraj";104;0;0;0;NA;80877;104;2020-10-18;3314
2020-10-17;"Trenčiansky kraj";157;0;0;0;NA;80877;157;2020-10-17;3210
2020-10-16;"Trenčiansky kraj";225;42;6;48;NA;80877;231;2020-10-16;3053
2020-10-15;"Trenčiansky kraj";255;39;4;43;NA;80877;259;2020-10-15;2822
2020-10-14;"Trenčiansky kraj";162;42;7;49;NA;80877;169;2020-10-14;2563
2020-10-13;"Trenčiansky kraj";124;105;12;117;NA;80877;136;2020-10-13;2394
2020-10-12;"Trenčiansky kraj";55;0;0;0;NA;80877;55;2020-10-12;2258
2020-10-11;"Trenčiansky kraj";73;0;0;0;NA;80877;73;2020-10-11;2203
2020-10-10;"Trenčiansky kraj";180;0;0;0;NA;80877;180;2020-10-10;2130
2020-10-09;"Trenčiansky kraj";198;0;0;0;NA;80877;198;2020-10-09;1950
2020-10-08;"Trenčiansky kraj";115;0;0;0;NA;80877;115;2020-10-08;1752
2020-10-07;"Trenčiansky kraj";75;0;0;0;NA;80877;75;2020-10-07;1637
2020-10-06;"Trenčiansky kraj";72;0;0;0;NA;80877;72;2020-10-06;1562
2020-10-05;"Trenčiansky kraj";32;0;0;0;NA;80877;32;2020-10-05;1490
2020-10-04;"Trenčiansky kraj";37;0;0;0;NA;80877;37;2020-10-04;1458
2020-10-03;"Trenčiansky kraj";79;0;0;0;NA;80877;79;2020-10-03;1421
2020-10-02;"Trenčiansky kraj";69;0;0;0;NA;80877;69;2020-10-02;1342
2020-10-01;"Trenčiansky kraj";58;0;0;0;NA;80877;58;2020-10-01;1273
2020-09-30;"Trenčiansky kraj";76;0;0;0;NA;80877;76;2020-09-30;1215
2020-09-29;"Trenčiansky kraj";43;0;0;0;NA;80877;43;2020-09-29;1139
2020-09-28;"Trenčiansky kraj";7;0;0;0;NA;80877;7;2020-09-28;1096
2020-09-27;"Trenčiansky kraj";12;0;0;0;NA;80877;12;2020-09-27;1089
2020-09-26;"Trenčiansky kraj";37;0;0;0;NA;80877;37;2020-09-26;1077
2020-09-25;"Trenčiansky kraj";72;0;0;0;NA;80877;72;2020-09-25;1040
2020-09-24;"Trenčiansky kraj";41;0;0;0;NA;80877;41;2020-09-24;968
2020-09-23;"Trenčiansky kraj";32;0;0;0;NA;80877;32;2020-09-23;927
2020-09-22;"Trenčiansky kraj";26;0;0;0;NA;80877;26;2020-09-22;895
2020-09-21;"Trenčiansky kraj";23;0;0;0;NA;80877;23;2020-09-21;869
2020-09-20;"Trenčiansky kraj";21;0;0;0;NA;80877;21;2020-09-20;846
2020-09-19;"Trenčiansky kraj";20;0;0;0;NA;80877;20;2020-09-19;825
2020-09-18;"Trenčiansky kraj";41;0;0;0;NA;80877;41;2020-09-18;805
2020-09-17;"Trenčiansky kraj";20;0;0;0;NA;80877;20;2020-09-17;764
2020-09-16;"Trenčiansky kraj";14;0;0;0;NA;80877;14;2020-09-16;744
2020-09-15;"Trenčiansky kraj";8;0;0;0;NA;80877;8;2020-09-15;730
2020-09-14;"Trenčiansky kraj";5;0;0;0;NA;80877;5;2020-09-14;722
2020-09-13;"Trenčiansky kraj";12;0;0;0;NA;80877;12;2020-09-13;717
2020-09-12;"Trenčiansky kraj";2;0;0;0;NA;80877;2;2020-09-12;705
2020-09-11;"Trenčiansky kraj";27;0;0;0;NA;80877;27;2020-09-11;703
2020-09-10;"Trenčiansky kraj";15;0;0;0;NA;80877;15;2020-09-10;676
2020-09-09;"Trenčiansky kraj";11;0;0;0;NA;80877;11;2020-09-09;661
2020-09-08;"Trenčiansky kraj";12;0;0;0;NA;80877;12;2020-09-08;650
2020-09-07;"Trenčiansky kraj";6;0;0;0;NA;80877;6;2020-09-07;638
2020-09-06;"Trenčiansky kraj";1;0;0;0;NA;80877;1;2020-09-06;632
2020-09-05;"Trenčiansky kraj";3;0;0;0;NA;80877;3;2020-09-05;631
2020-09-04;"Trenčiansky kraj";9;0;0;0;NA;80877;9;2020-09-04;628
2020-09-03;"Trenčiansky kraj";10;0;0;0;NA;80877;10;2020-09-03;619
2020-09-02;"Trenčiansky kraj";5;0;0;0;NA;80877;5;2020-09-02;609
2020-09-01;"Trenčiansky kraj";1;0;0;0;NA;80877;1;2020-09-01;604
2020-08-31;"Trenčiansky kraj";12;0;0;0;NA;80877;12;2020-08-31;603
2020-08-29;"Trenčiansky kraj";1;0;0;0;NA;80877;1;2020-08-29;591
2020-08-28;"Trenčiansky kraj";12;0;0;0;NA;80877;12;2020-08-28;590
2020-08-27;"Trenčiansky kraj";10;0;0;0;NA;80877;10;2020-08-27;578
2020-08-26;"Trenčiansky kraj";15;0;0;0;NA;80877;15;2020-08-26;568
2020-08-25;"Trenčiansky kraj";12;0;0;0;NA;80877;12;2020-08-25;553
2020-08-24;"Trenčiansky kraj";4;0;0;0;NA;80877;4;2020-08-24;541
2020-08-23;"Trenčiansky kraj";5;0;0;0;NA;80877;5;2020-08-23;537
2020-08-22;"Trenčiansky kraj";6;0;0;0;NA;80877;6;2020-08-22;532
2020-08-21;"Trenčiansky kraj";6;0;0;0;NA;80877;6;2020-08-21;526
2020-08-20;"Trenčiansky kraj";20;0;0;0;NA;80877;20;2020-08-20;520
2020-08-19;"Trenčiansky kraj";17;0;0;0;NA;80877;17;2020-08-19;500
2020-08-18;"Trenčiansky kraj";9;0;0;0;NA;80877;9;2020-08-18;483
2020-08-17;"Trenčiansky kraj";4;0;0;0;NA;80877;4;2020-08-17;474
2020-08-15;"Trenčiansky kraj";9;0;0;0;NA;80877;9;2020-08-15;470
2020-08-14;"Trenčiansky kraj";15;0;0;0;NA;80877;15;2020-08-14;461
2020-08-13;"Trenčiansky kraj";23;0;0;0;NA;80877;23;2020-08-13;446
2020-08-12;"Trenčiansky kraj";6;0;0;0;NA;80877;6;2020-08-12;423
2020-08-11;"Trenčiansky kraj";7;0;0;0;NA;80877;7;2020-08-11;417
2020-08-10;"Trenčiansky kraj";9;0;0;0;NA;80877;9;2020-08-10;410
2020-08-09;"Trenčiansky kraj";1;0;0;0;NA;80877;1;2020-08-09;401
2020-08-08;"Trenčiansky kraj";4;0;0;0;NA;80877;4;2020-08-08;400
2020-08-07;"Trenčiansky kraj";4;0;0;0;NA;80877;4;2020-08-07;396
2020-08-06;"Trenčiansky kraj";13;0;0;0;NA;80877;13;2020-08-06;392
2020-08-05;"Trenčiansky kraj";39;0;0;0;NA;80877;39;2020-08-05;379
2020-08-04;"Trenčiansky kraj";9;0;0;0;NA;80877;9;2020-08-04;340
2020-08-02;"Trenčiansky kraj";2;0;0;0;NA;80877;2;2020-08-02;331
2020-08-01;"Trenčiansky kraj";6;0;0;0;NA;80877;6;2020-08-01;329
2020-07-31;"Trenčiansky kraj";16;0;0;0;NA;80877;16;2020-07-31;323
2020-07-30;"Trenčiansky kraj";4;0;0;0;NA;80877;4;2020-07-30;307
2020-07-29;"Trenčiansky kraj";5;0;0;0;NA;80877;5;2020-07-29;303
2020-07-28;"Trenčiansky kraj";11;0;0;0;NA;80877;11;2020-07-28;298
2020-07-27;"Trenčiansky kraj";4;0;0;0;NA;80877;4;2020-07-27;287
2020-07-26;"Trenčiansky kraj";1;0;0;0;NA;80877;1;2020-07-26;283
2020-07-25;"Trenčiansky kraj";7;0;0;0;NA;80877;7;2020-07-25;282
2020-07-24;"Trenčiansky kraj";5;0;0;0;NA;80877;5;2020-07-24;275
2020-07-23;"Trenčiansky kraj";10;0;0;0;NA;80877;10;2020-07-23;270
2020-07-22;"Trenčiansky kraj";11;0;0;0;NA;80877;11;2020-07-22;260
2020-07-21;"Trenčiansky kraj";6;0;0;0;NA;80877;6;2020-07-21;249
2020-07-20;"Trenčiansky kraj";13;0;0;0;NA;80877;13;2020-07-20;243
2020-07-17;"Trenčiansky kraj";1;0;0;0;NA;80877;1;2020-07-17;230
2020-07-15;"Trenčiansky kraj";2;0;0;0;NA;80877;2;2020-07-15;229
2020-07-14;"Trenčiansky kraj";8;0;0;0;NA;80877;8;2020-07-14;227
2020-07-13;"Trenčiansky kraj";1;0;0;0;NA;80877;1;2020-07-13;219
2020-07-10;"Trenčiansky kraj";3;0;0;0;NA;80877;3;2020-07-10;218
2020-07-09;"Trenčiansky kraj";2;0;0;0;NA;80877;2;2020-07-09;215
2020-07-08;"Trenčiansky kraj";1;0;0;0;NA;80877;1;2020-07-08;213
2020-07-07;"Trenčiansky kraj";9;0;0;0;NA;80877;9;2020-07-07;212
2020-07-06;"Trenčiansky kraj";1;0;0;0;NA;80877;1;2020-07-06;203
2020-07-05;"Trenčiansky kraj";1;0;0;0;NA;80877;1;2020-07-05;202
2020-07-03;"Trenčiansky kraj";2;0;0;0;NA;80877;2;2020-07-03;201
2020-07-02;"Trenčiansky kraj";10;0;0;0;NA;80877;10;2020-07-02;199
2020-07-01;"Trenčiansky kraj";1;0;0;0;NA;80877;1;2020-07-01;189
2020-06-30;"Trenčiansky kraj";6;0;0;0;NA;80877;6;2020-06-30;188
2020-06-29;"Trenčiansky kraj";1;0;0;0;NA;80877;1;2020-06-29;182
2020-06-25;"Trenčiansky kraj";2;0;0;0;NA;80877;2;2020-06-25;181
2020-06-24;"Trenčiansky kraj";1;0;0;0;NA;80877;1;2020-06-24;179
2020-06-10;"Trenčiansky kraj";1;0;0;0;NA;80877;1;2020-06-10;178
2020-05-27;"Trenčiansky kraj";2;0;0;0;NA;80877;2;2020-05-27;177
2020-05-15;"Trenčiansky kraj";1;0;0;0;NA;80877;1;2020-05-15;175
2020-05-14;"Trenčiansky kraj";2;0;0;0;NA;80877;2;2020-05-14;174
2020-05-13;"Trenčiansky kraj";1;0;0;0;NA;80877;1;2020-05-13;172
2020-05-12;"Trenčiansky kraj";1;0;0;0;NA;80877;1;2020-05-12;171
2020-05-11;"Trenčiansky kraj";3;0;0;0;NA;80877;3;2020-05-11;170
2020-05-09;"Trenčiansky kraj";2;0;0;0;NA;80877;2;2020-05-09;167
2020-05-07;"Trenčiansky kraj";6;0;0;0;NA;80877;6;2020-05-07;165
2020-05-05;"Trenčiansky kraj";2;0;0;0;NA;80877;2;2020-05-05;159
2020-04-29;"Trenčiansky kraj";2;0;0;0;NA;80877;2;2020-04-29;157
2020-04-28;"Trenčiansky kraj";1;0;0;0;NA;80877;1;2020-04-28;155
2020-04-26;"Trenčiansky kraj";1;0;0;0;NA;80877;1;2020-04-26;154
2020-04-23;"Trenčiansky kraj";11;0;0;0;NA;80877;11;2020-04-23;153
2020-04-22;"Trenčiansky kraj";1;0;0;0;NA;80877;1;2020-04-22;142
2020-04-21;"Trenčiansky kraj";11;0;0;0;NA;80877;11;2020-04-21;141
2020-04-20;"Trenčiansky kraj";15;0;0;0;NA;80877;15;2020-04-20;130
2020-04-19;"Trenčiansky kraj";2;0;0;0;NA;80877;2;2020-04-19;115
2020-04-18;"Trenčiansky kraj";3;0;0;0;NA;80877;3;2020-04-18;113
2020-04-17;"Trenčiansky kraj";4;0;0;0;NA;80877;4;2020-04-17;110
2020-04-16;"Trenčiansky kraj";10;0;0;0;NA;80877;10;2020-04-16;106
2020-04-15;"Trenčiansky kraj";4;0;0;0;NA;80877;4;2020-04-15;96
2020-04-13;"Trenčiansky kraj";1;0;0;0;NA;80877;1;2020-04-13;92
2020-04-12;"Trenčiansky kraj";2;0;0;0;NA;80877;2;2020-04-12;91
2020-04-11;"Trenčiansky kraj";3;0;0;0;NA;80877;3;2020-04-11;89
2020-04-08;"Trenčiansky kraj";2;0;0;0;NA;80877;2;2020-04-08;86
2020-04-07;"Trenčiansky kraj";18;0;0;0;NA;80877;18;2020-04-07;84
2020-04-05;"Trenčiansky kraj";3;0;0;0;NA;80877;3;2020-04-05;66
2020-04-04;"Trenčiansky kraj";5;0;0;0;NA;80877;5;2020-04-04;63
2020-04-03;"Trenčiansky kraj";4;0;0;0;NA;80877;4;2020-04-03;58
2020-04-02;"Trenčiansky kraj";1;0;0;0;NA;80877;1;2020-04-02;54
2020-04-01;"Trenčiansky kraj";3;0;0;0;NA;80877;3;2020-04-01;53
2020-03-31;"Trenčiansky kraj";1;0;0;0;NA;80877;1;2020-03-31;50
2020-03-30;"Trenčiansky kraj";3;0;0;0;NA;80877;3;2020-03-30;49
2020-03-29;"Trenčiansky kraj";6;0;0;0;NA;80877;6;2020-03-29;46
2020-03-28;"Trenčiansky kraj";9;0;0;0;NA;80877;9;2020-03-28;40
2020-03-27;"Trenčiansky kraj";2;0;0;0;NA;80877;2;2020-03-27;31
2020-03-26;"Trenčiansky kraj";6;0;0;0;NA;80877;6;2020-03-26;29
2020-03-25;"Trenčiansky kraj";3;0;0;0;NA;80877;3;2020-03-25;23
2020-03-24;"Trenčiansky kraj";1;0;0;0;NA;80877;1;2020-03-24;20
2020-03-21;"Trenčiansky kraj";2;0;0;0;NA;80877;2;2020-03-21;19
2020-03-20;"Trenčiansky kraj";2;0;0;0;NA;80877;2;2020-03-20;17
2020-03-19;"Trenčiansky kraj";8;0;0;0;NA;80877;8;2020-03-19;15
2020-03-16;"Trenčiansky kraj";1;0;0;0;NA;80877;1;2020-03-16;7
2020-03-15;"Trenčiansky kraj";5;0;0;0;NA;80877;5;2020-03-15;6
2020-03-12;"Trenčiansky kraj";1;0;0;0;NA;80877;1;2020-03-12;1
2021-03-07;"Trnavský kraj";30;45680;225;45905;39293;77323;255;2021-03-07;77323
2021-03-06;"Trnavský kraj";154;134608;525;135133;NA;77323;679;2021-03-06;77068
2021-03-05;"Trnavský kraj";299;28014;235;28249;NA;77323;534;2021-03-05;76389
2021-03-04;"Trnavský kraj";238;13729;171;13900;NA;77323;409;2021-03-04;75855
2021-03-03;"Trnavský kraj";413;11189;234;11423;NA;77323;647;2021-03-03;75446
2021-03-02;"Trnavský kraj";477;12410;201;12611;NA;77323;678;2021-03-02;74799
2021-03-01;"Trnavský kraj";189;17837;217;18054;NA;77323;406;2021-03-01;74121
2021-02-28;"Trnavský kraj";87;42516;295;42811;NA;77323;382;2021-02-28;73715
2021-02-27;"Trnavský kraj";264;139920;800;140720;NA;77323;1064;2021-02-27;73333
2021-02-26;"Trnavský kraj";362;27015;288;27303;NA;77323;650;2021-02-26;72269
2021-02-25;"Trnavský kraj";433;10490;227;10717;NA;77323;660;2021-02-25;71619
2021-02-24;"Trnavský kraj";407;9110;290;9400;NA;77323;697;2021-02-24;70959
2021-02-23;"Trnavský kraj";469;11506;298;11804;NA;77323;767;2021-02-23;70262
2021-02-22;"Trnavský kraj";206;20114;331;20445;NA;77323;537;2021-02-22;69495
2021-02-21;"Trnavský kraj";38;40845;264;41109;NA;77323;302;2021-02-21;68958
2021-02-20;"Trnavský kraj";273;134578;847;135425;NA;77323;1120;2021-02-20;68656
2021-02-19;"Trnavský kraj";335;27037;349;27386;NA;77323;684;2021-02-19;67536
2021-02-18;"Trnavský kraj";344;11204;354;11558;NA;77323;698;2021-02-18;66852
2021-02-17;"Trnavský kraj";431;8535;407;8942;NA;77323;838;2021-02-17;66154
2021-02-16;"Trnavský kraj";426;11924;307;12231;NA;77323;733;2021-02-16;65316
2021-02-15;"Trnavský kraj";146;17535;279;17814;NA;77323;425;2021-02-15;64583
2021-02-14;"Trnavský kraj";51;44658;333;44991;NA;77323;384;2021-02-14;64158
2021-02-13;"Trnavský kraj";218;136027;986;137013;NA;77323;1204;2021-02-13;63774
2021-02-12;"Trnavský kraj";300;23674;336;24010;NA;77323;636;2021-02-12;62570
2021-02-11;"Trnavský kraj";422;10134;386;10520;NA;77323;808;2021-02-11;61934
2021-02-10;"Trnavský kraj";511;9309;326;9635;NA;77323;837;2021-02-10;61126
2021-02-09;"Trnavský kraj";544;12961;380;13341;NA;77323;924;2021-02-09;60289
2021-02-08;"Trnavský kraj";220;34253;515;34768;NA;77323;735;2021-02-08;59365
2021-02-07;"Trnavský kraj";140;68837;627;69464;NA;77323;767;2021-02-07;58630
2021-02-06;"Trnavský kraj";348;111903;1473;113376;NA;77323;1821;2021-02-06;57863
2021-02-05;"Trnavský kraj";377;15958;392;16350;NA;77323;769;2021-02-05;56042
2021-02-04;"Trnavský kraj";456;7349;442;7791;NA;77323;898;2021-02-04;55273
2021-02-03;"Trnavský kraj";472;6280;400;6680;NA;77323;872;2021-02-03;54375
2021-02-02;"Trnavský kraj";446;14280;425;14705;NA;77323;871;2021-02-02;53503
2021-02-01;"Trnavský kraj";198;40275;720;40995;NA;77323;918;2021-02-01;52632
2021-01-31;"Trnavský kraj";19;62728;778;63506;NA;77323;797;2021-01-31;51714
2021-01-30;"Trnavský kraj";323;110455;1279;111734;NA;77323;1602;2021-01-30;50917
2021-01-29;"Trnavský kraj";421;9564;285;9849;NA;77323;706;2021-01-29;49315
2021-01-28;"Trnavský kraj";389;5815;286;6101;NA;77323;675;2021-01-28;48609
2021-01-27;"Trnavský kraj";433;5301;219;5520;NA;77323;652;2021-01-27;47934
2021-01-26;"Trnavský kraj";565;25345;650;25995;NA;77323;1215;2021-01-26;47282
2021-01-25;"Trnavský kraj";210;43441;632;44073;NA;77323;842;2021-01-25;46067
2021-01-24;"Trnavský kraj";91;55652;703;56355;NA;77323;794;2021-01-24;45225
2021-01-23;"Trnavský kraj";372;116896;1336;118232;NA;77323;1708;2021-01-23;44431
2021-01-22;"Trnavský kraj";217;32439;500;32939;NA;77323;717;2021-01-22;42723
2021-01-21;"Trnavský kraj";311;13834;378;14212;NA;77323;689;2021-01-21;42006
2021-01-20;"Trnavský kraj";503;8149;274;8423;NA;77323;777;2021-01-20;41317
2021-01-19;"Trnavský kraj";415;7020;347;7367;NA;77323;762;2021-01-19;40540
2021-01-18;"Trnavský kraj";247;6237;484;6721;NA;77323;731;2021-01-18;39778
2021-01-17;"Trnavský kraj";128;854;215;1069;NA;77323;343;2021-01-17;39047
2021-01-16;"Trnavský kraj";103;599;19;618;NA;77323;122;2021-01-16;38704
2021-01-15;"Trnavský kraj";278;5456;335;5791;NA;77323;613;2021-01-15;38582
2021-01-14;"Trnavský kraj";452;3994;337;4331;NA;77323;789;2021-01-14;37969
2021-01-13;"Trnavský kraj";457;4752;378;5130;NA;77323;835;2021-01-13;37180
2021-01-12;"Trnavský kraj";469;7177;483;7660;NA;77323;952;2021-01-12;36345
2021-01-11;"Trnavský kraj";370;4911;376;5287;NA;77323;746;2021-01-11;35393
2021-01-10;"Trnavský kraj";71;8;0;8;NA;77323;71;2021-01-10;34647
2021-01-09;"Trnavský kraj";417;1775;100;1875;NA;77323;517;2021-01-09;34576
2021-01-08;"Trnavský kraj";381;6550;532;7082;NA;77323;913;2021-01-08;34059
2021-01-07;"Trnavský kraj";501;4170;404;4574;NA;77323;905;2021-01-07;33146
2021-01-06;"Trnavský kraj";179;758;132;890;NA;77323;311;2021-01-06;32241
2021-01-05;"Trnavský kraj";611;6372;744;7116;NA;77323;1355;2021-01-05;31930
2021-01-04;"Trnavský kraj";302;5317;719;6036;NA;77323;1021;2021-01-04;30575
2021-01-03;"Trnavský kraj";60;51;7;58;NA;77323;67;2021-01-03;29554
2021-01-02;"Trnavský kraj";282;412;30;442;NA;77323;312;2021-01-02;29487
2021-01-01;"Trnavský kraj";143;449;76;525;NA;77323;219;2021-01-01;29175
2020-12-31;"Trnavský kraj";498;8488;858;9346;NA;77323;1356;2020-12-31;28956
2020-12-30;"Trnavský kraj";785;5321;612;5933;NA;77323;1397;2020-12-30;27600
2020-12-29;"Trnavský kraj";322;4999;593;5592;NA;77323;915;2020-12-29;26203
2020-12-28;"Trnavský kraj";213;5339;615;5954;NA;77323;828;2020-12-28;25288
2020-12-27;"Trnavský kraj";27;13;4;17;NA;77323;31;2020-12-27;24460
2020-12-26;"Trnavský kraj";148;44;1;45;NA;77323;149;2020-12-26;24429
2020-12-25;"Trnavský kraj";65;49;5;54;NA;77323;70;2020-12-25;24280
2020-12-24;"Trnavský kraj";333;1359;117;1476;NA;77323;450;2020-12-24;24210
2020-12-23;"Trnavský kraj";210;6417;375;6792;NA;77323;585;2020-12-23;23760
2020-12-22;"Trnavský kraj";311;5590;491;6081;NA;77323;802;2020-12-22;23175
2020-12-21;"Trnavský kraj";328;4527;399;4926;NA;77323;727;2020-12-21;22373
2020-12-20;"Trnavský kraj";134;110;12;122;NA;77323;146;2020-12-20;21646
2020-12-19;"Trnavský kraj";201;1046;86;1132;NA;77323;287;2020-12-19;21500
2020-12-18;"Trnavský kraj";341;4898;378;5276;NA;77323;719;2020-12-18;21213
2020-12-17;"Trnavský kraj";375;4996;407;5403;NA;77323;782;2020-12-17;20494
2020-12-16;"Trnavský kraj";312;5249;405;5654;NA;77323;717;2020-12-16;19712
2020-12-15;"Trnavský kraj";492;6623;632;7255;NA;77323;1124;2020-12-15;18995
2020-12-14;"Trnavský kraj";161;3505;292;3797;NA;77323;453;2020-12-14;17871
2020-12-13;"Trnavský kraj";7;0;0;0;NA;77323;7;2020-12-13;17418
2020-12-12;"Trnavský kraj";254;1456;114;1570;NA;77323;368;2020-12-12;17411
2020-12-11;"Trnavský kraj";384;4683;262;4945;NA;77323;646;2020-12-11;17043
2020-12-10;"Trnavský kraj";183;5194;320;5514;NA;77323;503;2020-12-10;16397
2020-12-09;"Trnavský kraj";521;4283;321;4604;NA;77323;842;2020-12-09;15894
2020-12-08;"Trnavský kraj";281;4090;304;4394;NA;77323;585;2020-12-08;15052
2020-12-07;"Trnavský kraj";178;2895;199;3094;NA;77323;377;2020-12-07;14467
2020-12-06;"Trnavský kraj";46;0;0;0;NA;77323;46;2020-12-06;14090
2020-12-05;"Trnavský kraj";129;2218;41;2259;NA;77323;170;2020-12-05;14044
2020-12-04;"Trnavský kraj";242;3948;158;4106;NA;77323;400;2020-12-04;13874
2020-12-03;"Trnavský kraj";248;2770;190;2960;NA;77323;438;2020-12-03;13474
2020-12-02;"Trnavský kraj";284;4516;176;4692;NA;77323;460;2020-12-02;13036
2020-12-01;"Trnavský kraj";253;3190;205;3395;NA;77323;458;2020-12-01;12576
2020-11-30;"Trnavský kraj";200;7360;186;7546;NA;77323;386;2020-11-30;12118
2020-11-29;"Trnavský kraj";17;708;34;742;NA;77323;51;2020-11-29;11732
2020-11-28;"Trnavský kraj";83;1453;77;1530;NA;77323;160;2020-11-28;11681
2020-11-27;"Trnavský kraj";148;1591;83;1674;NA;77323;231;2020-11-27;11521
2020-11-26;"Trnavský kraj";234;985;59;1044;NA;77323;293;2020-11-26;11290
2020-11-25;"Trnavský kraj";232;1029;72;1101;NA;77323;304;2020-11-25;10997
2020-11-24;"Trnavský kraj";295;1772;91;1863;NA;77323;386;2020-11-24;10693
2020-11-23;"Trnavský kraj";242;7207;125;7332;NA;77323;367;2020-11-23;10307
2020-11-22;"Trnavský kraj";10;54;3;57;NA;77323;13;2020-11-22;9940
2020-11-21;"Trnavský kraj";129;1214;23;1237;NA;77323;152;2020-11-21;9927
2020-11-20;"Trnavský kraj";246;1027;61;1088;NA;77323;307;2020-11-20;9775
2020-11-19;"Trnavský kraj";157;694;58;752;NA;77323;215;2020-11-19;9468
2020-11-18;"Trnavský kraj";235;716;75;791;NA;77323;310;2020-11-18;9253
2020-11-17;"Trnavský kraj";129;695;72;767;NA;77323;201;2020-11-17;8943
2020-11-16;"Trnavský kraj";187;682;32;714;NA;77323;219;2020-11-16;8742
2020-11-15;"Trnavský kraj";23;73;4;77;NA;77323;27;2020-11-15;8523
2020-11-14;"Trnavský kraj";86;389;10;399;NA;77323;96;2020-11-14;8496
2020-11-13;"Trnavský kraj";219;1312;21;1333;NA;77323;240;2020-11-13;8400
2020-11-12;"Trnavský kraj";162;420;18;438;NA;77323;180;2020-11-12;8160
2020-11-11;"Trnavský kraj";257;392;15;407;NA;77323;272;2020-11-11;7980
2020-11-10;"Trnavský kraj";189;889;30;919;NA;77323;219;2020-11-10;7708
2020-11-09;"Trnavský kraj";196;369;23;392;NA;77323;219;2020-11-09;7489
2020-11-08;"Trnavský kraj";55;306;4;310;NA;77323;59;2020-11-08;7270
2020-11-07;"Trnavský kraj";207;6070;74;6144;NA;77323;281;2020-11-07;7211
2020-11-06;"Trnavský kraj";260;1531;19;1550;NA;77323;279;2020-11-06;6930
2020-11-05;"Trnavský kraj";150;220;27;247;NA;77323;177;2020-11-05;6651
2020-11-04;"Trnavský kraj";188;212;10;222;NA;77323;198;2020-11-04;6474
2020-11-03;"Trnavský kraj";317;127;8;135;NA;77323;325;2020-11-03;6276
2020-11-02;"Trnavský kraj";281;1728;31;1759;NA;77323;312;2020-11-02;5951
2020-11-01;"Trnavský kraj";87;494;27;521;NA;77323;114;2020-11-01;5639
2020-10-31;"Trnavský kraj";259;5024;41;5065;NA;77323;300;2020-10-31;5525
2020-10-30;"Trnavský kraj";198;3784;27;3811;NA;77323;225;2020-10-30;5225
2020-10-29;"Trnavský kraj";273;1461;16;1477;NA;77323;289;2020-10-29;5000
2020-10-28;"Trnavský kraj";319;117;16;133;NA;77323;335;2020-10-28;4711
2020-10-27;"Trnavský kraj";199;461;36;497;NA;77323;235;2020-10-27;4376
2020-10-26;"Trnavský kraj";153;29;2;31;NA;77323;155;2020-10-26;4141
2020-10-25;"Trnavský kraj";95;19;1;20;NA;77323;96;2020-10-25;3986
2020-10-24;"Trnavský kraj";158;109;2;111;NA;77323;160;2020-10-24;3890
2020-10-23;"Trnavský kraj";201;89;4;93;NA;77323;205;2020-10-23;3730
2020-10-22;"Trnavský kraj";195;55;2;57;NA;77323;197;2020-10-22;3525
2020-10-21;"Trnavský kraj";134;73;3;76;NA;77323;137;2020-10-21;3328
2020-10-20;"Trnavský kraj";202;82;3;85;NA;77323;205;2020-10-20;3191
2020-10-19;"Trnavský kraj";67;55;0;55;NA;77323;67;2020-10-19;2986
2020-10-18;"Trnavský kraj";84;0;0;0;NA;77323;84;2020-10-18;2919
2020-10-17;"Trnavský kraj";123;0;0;0;NA;77323;123;2020-10-17;2835
2020-10-16;"Trnavský kraj";86;45;2;47;NA;77323;88;2020-10-16;2712
2020-10-15;"Trnavský kraj";155;66;2;68;NA;77323;157;2020-10-15;2624
2020-10-14;"Trnavský kraj";236;468;3;471;NA;77323;239;2020-10-14;2467
2020-10-13;"Trnavský kraj";138;16;2;18;NA;77323;140;2020-10-13;2228
2020-10-12;"Trnavský kraj";33;41;1;42;NA;77323;34;2020-10-12;2088
2020-10-11;"Trnavský kraj";31;0;0;0;NA;77323;31;2020-10-11;2054
2020-10-10;"Trnavský kraj";128;0;0;0;NA;77323;128;2020-10-10;2023
2020-10-09;"Trnavský kraj";156;0;0;0;NA;77323;156;2020-10-09;1895
2020-10-08;"Trnavský kraj";153;0;0;0;NA;77323;153;2020-10-08;1739
2020-10-07;"Trnavský kraj";80;0;0;0;NA;77323;80;2020-10-07;1586
2020-10-06;"Trnavský kraj";112;0;0;0;NA;77323;112;2020-10-06;1506
2020-10-05;"Trnavský kraj";33;0;0;0;NA;77323;33;2020-10-05;1394
2020-10-04;"Trnavský kraj";44;0;0;0;NA;77323;44;2020-10-04;1361
2020-10-03;"Trnavský kraj";60;0;0;0;NA;77323;60;2020-10-03;1317
2020-10-02;"Trnavský kraj";41;0;0;0;NA;77323;41;2020-10-02;1257
2020-10-01;"Trnavský kraj";53;0;0;0;NA;77323;53;2020-10-01;1216
2020-09-30;"Trnavský kraj";91;0;0;0;NA;77323;91;2020-09-30;1163
2020-09-29;"Trnavský kraj";40;0;0;0;NA;77323;40;2020-09-29;1072
2020-09-28;"Trnavský kraj";69;0;0;0;NA;77323;69;2020-09-28;1032
2020-09-27;"Trnavský kraj";30;0;0;0;NA;77323;30;2020-09-27;963
2020-09-26;"Trnavský kraj";46;0;0;0;NA;77323;46;2020-09-26;933
2020-09-25;"Trnavský kraj";32;0;0;0;NA;77323;32;2020-09-25;887
2020-09-24;"Trnavský kraj";42;0;0;0;NA;77323;42;2020-09-24;855
2020-09-23;"Trnavský kraj";43;0;0;0;NA;77323;43;2020-09-23;813
2020-09-22;"Trnavský kraj";55;0;0;0;NA;77323;55;2020-09-22;770
2020-09-21;"Trnavský kraj";41;0;0;0;NA;77323;41;2020-09-21;715
2020-09-20;"Trnavský kraj";17;0;0;0;NA;77323;17;2020-09-20;674
2020-09-19;"Trnavský kraj";4;0;0;0;NA;77323;4;2020-09-19;657
2020-09-18;"Trnavský kraj";33;0;0;0;NA;77323;33;2020-09-18;653
2020-09-17;"Trnavský kraj";42;0;0;0;NA;77323;42;2020-09-17;620
2020-09-16;"Trnavský kraj";49;0;0;0;NA;77323;49;2020-09-16;578
2020-09-15;"Trnavský kraj";5;0;0;0;NA;77323;5;2020-09-15;529
2020-09-14;"Trnavský kraj";26;0;0;0;NA;77323;26;2020-09-14;524
2020-09-13;"Trnavský kraj";9;0;0;0;NA;77323;9;2020-09-13;498
2020-09-12;"Trnavský kraj";12;0;0;0;NA;77323;12;2020-09-12;489
2020-09-11;"Trnavský kraj";16;0;0;0;NA;77323;16;2020-09-11;477
2020-09-10;"Trnavský kraj";32;0;0;0;NA;77323;32;2020-09-10;461
2020-09-09;"Trnavský kraj";14;0;0;0;NA;77323;14;2020-09-09;429
2020-09-08;"Trnavský kraj";11;0;0;0;NA;77323;11;2020-09-08;415
2020-09-07;"Trnavský kraj";7;0;0;0;NA;77323;7;2020-09-07;404
2020-09-06;"Trnavský kraj";5;0;0;0;NA;77323;5;2020-09-06;397
2020-09-05;"Trnavský kraj";7;0;0;0;NA;77323;7;2020-09-05;392
2020-09-04;"Trnavský kraj";16;0;0;0;NA;77323;16;2020-09-04;385
2020-09-03;"Trnavský kraj";8;0;0;0;NA;77323;8;2020-09-03;369
2020-09-02;"Trnavský kraj";7;0;0;0;NA;77323;7;2020-09-02;361
2020-09-01;"Trnavský kraj";1;0;0;0;NA;77323;1;2020-09-01;354
2020-08-31;"Trnavský kraj";6;0;0;0;NA;77323;6;2020-08-31;353
2020-08-30;"Trnavský kraj";1;0;0;0;NA;77323;1;2020-08-30;347
2020-08-29;"Trnavský kraj";3;0;0;0;NA;77323;3;2020-08-29;346
2020-08-28;"Trnavský kraj";14;0;0;0;NA;77323;14;2020-08-28;343
2020-08-27;"Trnavský kraj";6;0;0;0;NA;77323;6;2020-08-27;329
2020-08-26;"Trnavský kraj";4;0;0;0;NA;77323;4;2020-08-26;323
2020-08-25;"Trnavský kraj";7;0;0;0;NA;77323;7;2020-08-25;319
2020-08-24;"Trnavský kraj";1;0;0;0;NA;77323;1;2020-08-24;312
2020-08-23;"Trnavský kraj";6;0;0;0;NA;77323;6;2020-08-23;311
2020-08-22;"Trnavský kraj";3;0;0;0;NA;77323;3;2020-08-22;305
2020-08-21;"Trnavský kraj";4;0;0;0;NA;77323;4;2020-08-21;302
2020-08-20;"Trnavský kraj";23;0;0;0;NA;77323;23;2020-08-20;298
2020-08-19;"Trnavský kraj";13;0;0;0;NA;77323;13;2020-08-19;275
2020-08-18;"Trnavský kraj";20;0;0;0;NA;77323;20;2020-08-18;262
2020-08-17;"Trnavský kraj";3;0;0;0;NA;77323;3;2020-08-17;242
2020-08-15;"Trnavský kraj";7;0;0;0;NA;77323;7;2020-08-15;239
2020-08-14;"Trnavský kraj";6;0;0;0;NA;77323;6;2020-08-14;232
2020-08-13;"Trnavský kraj";10;0;0;0;NA;77323;10;2020-08-13;226
2020-08-12;"Trnavský kraj";2;0;0;0;NA;77323;2;2020-08-12;216
2020-08-11;"Trnavský kraj";30;0;0;0;NA;77323;30;2020-08-11;214
2020-08-08;"Trnavský kraj";13;0;0;0;NA;77323;13;2020-08-08;184
2020-08-07;"Trnavský kraj";4;0;0;0;NA;77323;4;2020-08-07;171
2020-08-06;"Trnavský kraj";4;0;0;0;NA;77323;4;2020-08-06;167
2020-08-04;"Trnavský kraj";1;0;0;0;NA;77323;1;2020-08-04;163
2020-08-03;"Trnavský kraj";2;0;0;0;NA;77323;2;2020-08-03;162
2020-08-02;"Trnavský kraj";1;0;0;0;NA;77323;1;2020-08-02;160
2020-07-31;"Trnavský kraj";7;0;0;0;NA;77323;7;2020-07-31;159
2020-07-30;"Trnavský kraj";6;0;0;0;NA;77323;6;2020-07-30;152
2020-07-28;"Trnavský kraj";1;0;0;0;NA;77323;1;2020-07-28;146
2020-07-27;"Trnavský kraj";2;0;0;0;NA;77323;2;2020-07-27;145
2020-07-24;"Trnavský kraj";1;0;0;0;NA;77323;1;2020-07-24;143
2020-07-23;"Trnavský kraj";2;0;0;0;NA;77323;2;2020-07-23;142
2020-07-22;"Trnavský kraj";1;0;0;0;NA;77323;1;2020-07-22;140
2020-07-21;"Trnavský kraj";2;0;0;0;NA;77323;2;2020-07-21;139
2020-07-15;"Trnavský kraj";1;0;0;0;NA;77323;1;2020-07-15;137
2020-07-08;"Trnavský kraj";3;0;0;0;NA;77323;3;2020-07-08;136
2020-07-07;"Trnavský kraj";4;0;0;0;NA;77323;4;2020-07-07;133
2020-07-02;"Trnavský kraj";3;0;0;0;NA;77323;3;2020-07-02;129
2020-06-18;"Trnavský kraj";2;0;0;0;NA;77323;2;2020-06-18;126
2020-05-25;"Trnavský kraj";1;0;0;0;NA;77323;1;2020-05-25;124
2020-05-23;"Trnavský kraj";2;0;0;0;NA;77323;2;2020-05-23;123
2020-05-20;"Trnavský kraj";2;0;0;0;NA;77323;2;2020-05-20;121
2020-05-15;"Trnavský kraj";1;0;0;0;NA;77323;1;2020-05-15;119
2020-05-11;"Trnavský kraj";2;0;0;0;NA;77323;2;2020-05-11;118
2020-04-28;"Trnavský kraj";1;0;0;0;NA;77323;1;2020-04-28;116
2020-04-25;"Trnavský kraj";2;0;0;0;NA;77323;2;2020-04-25;115
2020-04-24;"Trnavský kraj";4;0;0;0;NA;77323;4;2020-04-24;113
2020-04-23;"Trnavský kraj";5;0;0;0;NA;77323;5;2020-04-23;109
2020-04-22;"Trnavský kraj";10;0;0;0;NA;77323;10;2020-04-22;104
2020-04-21;"Trnavský kraj";5;0;0;0;NA;77323;5;2020-04-21;94
2020-04-19;"Trnavský kraj";1;0;0;0;NA;77323;1;2020-04-19;89
2020-04-18;"Trnavský kraj";4;0;0;0;NA;77323;4;2020-04-18;88
2020-04-17;"Trnavský kraj";7;0;0;0;NA;77323;7;2020-04-17;84
2020-04-16;"Trnavský kraj";5;0;0;0;NA;77323;5;2020-04-16;77
2020-04-15;"Trnavský kraj";5;0;0;0;NA;77323;5;2020-04-15;72
2020-04-14;"Trnavský kraj";1;0;0;0;NA;77323;1;2020-04-14;67
2020-04-10;"Trnavský kraj";2;0;0;0;NA;77323;2;2020-04-10;66
2020-04-09;"Trnavský kraj";3;0;0;0;NA;77323;3;2020-04-09;64
2020-04-08;"Trnavský kraj";4;0;0;0;NA;77323;4;2020-04-08;61
2020-04-07;"Trnavský kraj";6;0;0;0;NA;77323;6;2020-04-07;57
2020-04-06;"Trnavský kraj";6;0;0;0;NA;77323;6;2020-04-06;51
2020-04-05;"Trnavský kraj";1;0;0;0;NA;77323;1;2020-04-05;45
2020-04-04;"Trnavský kraj";1;0;0;0;NA;77323;1;2020-04-04;44
2020-04-03;"Trnavský kraj";3;0;0;0;NA;77323;3;2020-04-03;43
2020-04-02;"Trnavský kraj";4;0;0;0;NA;77323;4;2020-04-02;40
2020-03-31;"Trnavský kraj";3;0;0;0;NA;77323;3;2020-03-31;36
2020-03-30;"Trnavský kraj";4;0;0;0;NA;77323;4;2020-03-30;33
2020-03-29;"Trnavský kraj";1;0;0;0;NA;77323;1;2020-03-29;29
2020-03-28;"Trnavský kraj";3;0;0;0;NA;77323;3;2020-03-28;28
2020-03-27;"Trnavský kraj";5;0;0;0;NA;77323;5;2020-03-27;25
2020-03-26;"Trnavský kraj";5;0;0;0;NA;77323;5;2020-03-26;20
2020-03-25;"Trnavský kraj";1;0;0;0;NA;77323;1;2020-03-25;15
2020-03-23;"Trnavský kraj";2;0;0;0;NA;77323;2;2020-03-23;14
2020-03-22;"Trnavský kraj";1;0;0;0;NA;77323;1;2020-03-22;12
2020-03-21;"Trnavský kraj";5;0;0;0;NA;77323;5;2020-03-21;11
2020-03-17;"Trnavský kraj";3;0;0;0;NA;77323;3;2020-03-17;6
2020-03-16;"Trnavský kraj";1;0;0;0;NA;77323;1;2020-03-16;3
2020-03-13;"Trnavský kraj";1;0;0;0;NA;77323;1;2020-03-13;2
2020-03-12;"Trnavský kraj";1;0;0;0;NA;77323;1;2020-03-12;1
2021-03-07;"Žilinský kraj";48;27109;224;27333;45221;80749;272;2021-03-07;80749
2021-03-06;"Žilinský kraj";173;83229;547;83776;NA;80749;720;2021-03-06;80477
2021-03-05;"Žilinský kraj";369;49499;899;50398;NA;80749;1268;2021-03-05;79757
2021-03-04;"Žilinský kraj";467;29352;365;29717;NA;80749;832;2021-03-04;78489
2021-03-03;"Žilinský kraj";448;25999;391;26390;NA;80749;839;2021-03-03;77657
2021-03-02;"Žilinský kraj";551;25122;370;25492;NA;80749;921;2021-03-02;76818
2021-03-01;"Žilinský kraj";375;29970;426;30396;NA;80749;801;2021-03-01;75897
2021-02-28;"Žilinský kraj";61;26050;240;26290;NA;80749;301;2021-02-28;75096
2021-02-27;"Žilinský kraj";159;69354;540;69894;NA;80749;699;2021-02-27;74795
2021-02-26;"Žilinský kraj";459;46385;506;46891;NA;80749;965;2021-02-26;74096
2021-02-25;"Žilinský kraj";347;30388;387;30775;NA;80749;734;2021-02-25;73131
2021-02-24;"Žilinský kraj";339;18802;388;19190;NA;80749;727;2021-02-24;72397
2021-02-23;"Žilinský kraj";437;22497;421;22918;NA;80749;858;2021-02-23;71670
2021-02-22;"Žilinský kraj";345;28841;430;29271;NA;80749;775;2021-02-22;70812
2021-02-21;"Žilinský kraj";36;23433;268;23701;NA;80749;304;2021-02-21;70037
2021-02-20;"Žilinský kraj";152;72773;602;73375;NA;80749;754;2021-02-20;69733
2021-02-19;"Žilinský kraj";337;44398;415;44813;NA;80749;752;2021-02-19;68979
2021-02-18;"Žilinský kraj";263;22501;333;22834;NA;80749;596;2021-02-18;68227
2021-02-17;"Žilinský kraj";269;17477;343;17820;NA;80749;612;2021-02-17;67631
2021-02-16;"Žilinský kraj";321;23436;319;23755;NA;80749;640;2021-02-16;67019
2021-02-15;"Žilinský kraj";230;29719;299;30018;NA;80749;529;2021-02-15;66379
2021-02-14;"Žilinský kraj";30;20568;182;20750;NA;80749;212;2021-02-14;65850
2021-02-13;"Žilinský kraj";91;65371;418;65789;NA;80749;509;2021-02-13;65638
2021-02-12;"Žilinský kraj";242;41955;333;42288;NA;80749;575;2021-02-12;65129
2021-02-11;"Žilinský kraj";228;23949;303;24252;NA;80749;531;2021-02-11;64554
2021-02-10;"Žilinský kraj";259;17605;261;17866;NA;80749;520;2021-02-10;64023
2021-02-09;"Žilinský kraj";377;25054;274;25328;NA;80749;651;2021-02-09;63503
2021-02-08;"Žilinský kraj";160;40966;386;41352;NA;80749;546;2021-02-08;62852
2021-02-07;"Žilinský kraj";24;39137;207;39344;NA;80749;231;2021-02-07;62306
2021-02-06;"Žilinský kraj";71;67159;328;67487;NA;80749;399;2021-02-06;62075
2021-02-05;"Žilinský kraj";248;31472;316;31788;NA;80749;564;2021-02-05;61676
2021-02-04;"Žilinský kraj";238;11839;241;12080;NA;80749;479;2021-02-04;61112
2021-02-03;"Žilinský kraj";194;8904;256;9160;NA;80749;450;2021-02-03;60633
2021-02-02;"Žilinský kraj";216;9947;287;10234;NA;80749;503;2021-02-02;60183
2021-02-01;"Žilinský kraj";220;19009;353;19362;NA;80749;573;2021-02-01;59680
2021-01-31;"Žilinský kraj";11;42;1;43;NA;80749;12;2021-01-31;59107
2021-01-30;"Žilinský kraj";85;15492;158;15650;NA;80749;243;2021-01-30;59095
2021-01-29;"Žilinský kraj";209;22796;304;23100;NA;80749;513;2021-01-29;58852
2021-01-28;"Žilinský kraj";240;5607;174;5781;NA;80749;414;2021-01-28;58339
2021-01-27;"Žilinský kraj";256;6988;123;7111;NA;80749;379;2021-01-27;57925
2021-01-26;"Žilinský kraj";245;49413;342;49755;NA;80749;587;2021-01-26;57546
2021-01-25;"Žilinský kraj";159;18611;131;18742;NA;80749;290;2021-01-25;56959
2021-01-24;"Žilinský kraj";22;32538;138;32676;NA;80749;160;2021-01-24;56669
2021-01-23;"Žilinský kraj";91;88667;395;89062;NA;80749;486;2021-01-23;56509
2021-01-22;"Žilinský kraj";163;28042;228;28270;NA;80749;391;2021-01-22;56023
2021-01-21;"Žilinský kraj";116;19351;178;19529;NA;80749;294;2021-01-21;55632
2021-01-20;"Žilinský kraj";236;16958;165;17123;NA;80749;401;2021-01-20;55338
2021-01-19;"Žilinský kraj";245;17570;405;17975;NA;80749;650;2021-01-19;54937
2021-01-18;"Žilinský kraj";236;12487;334;12821;NA;80749;570;2021-01-18;54287
2021-01-17;"Žilinský kraj";95;113;2;115;NA;80749;97;2021-01-17;53717
2021-01-16;"Žilinský kraj";14;314;8;322;NA;80749;22;2021-01-16;53620
2021-01-15;"Žilinský kraj";248;7149;202;7351;NA;80749;450;2021-01-15;53598
2021-01-14;"Žilinský kraj";166;5637;253;5890;NA;80749;419;2021-01-14;53148
2021-01-13;"Žilinský kraj";247;11340;554;11894;NA;80749;801;2021-01-13;52729
2021-01-12;"Žilinský kraj";376;8924;426;9350;NA;80749;802;2021-01-12;51928
2021-01-11;"Žilinský kraj";351;10485;510;10995;NA;80749;861;2021-01-11;51126
2021-01-10;"Žilinský kraj";38;189;7;196;NA;80749;45;2021-01-10;50265
2021-01-09;"Žilinský kraj";192;1992;85;2077;NA;80749;277;2021-01-09;50220
2021-01-08;"Žilinský kraj";413;9352;511;9863;NA;80749;924;2021-01-08;49943
2021-01-07;"Žilinský kraj";438;23644;1880;25524;NA;80749;2318;2021-01-07;49019
2021-01-06;"Žilinský kraj";145;1338;89;1427;NA;80749;234;2021-01-06;46701
2021-01-05;"Žilinský kraj";717;11310;929;12239;NA;80749;1646;2021-01-05;46467
2021-01-04;"Žilinský kraj";479;9549;949;10498;NA;80749;1428;2021-01-04;44821
2021-01-03;"Žilinský kraj";13;33;4;37;NA;80749;17;2021-01-03;43393
2021-01-02;"Žilinský kraj";98;746;86;832;NA;80749;184;2021-01-02;43376
2021-01-01;"Žilinský kraj";118;552;36;588;NA;80749;154;2021-01-01;43192
2020-12-31;"Žilinský kraj";395;10348;833;11181;NA;80749;1228;2020-12-31;43038
2020-12-30;"Žilinský kraj";1038;12157;860;13017;NA;80749;1898;2020-12-30;41810
2020-12-29;"Žilinský kraj";256;10800;1070;11870;NA;80749;1326;2020-12-29;39912
2020-12-28;"Žilinský kraj";406;10770;1002;11772;NA;80749;1408;2020-12-28;38586
2020-12-27;"Žilinský kraj";40;662;80;742;NA;80749;120;2020-12-27;37178
2020-12-26;"Žilinský kraj";135;124;14;138;NA;80749;149;2020-12-26;37058
2020-12-25;"Žilinský kraj";66;111;10;121;NA;80749;76;2020-12-25;36909
2020-12-24;"Žilinský kraj";643;1018;75;1093;NA;80749;718;2020-12-24;36833
2020-12-23;"Žilinský kraj";228;17258;1012;18270;NA;80749;1240;2020-12-23;36115
2020-12-22;"Žilinský kraj";519;13188;1023;14211;NA;80749;1542;2020-12-22;34875
2020-12-21;"Žilinský kraj";444;12703;1107;13810;NA;80749;1551;2020-12-21;33333
2020-12-20;"Žilinský kraj";36;579;73;652;NA;80749;109;2020-12-20;31782
2020-12-19;"Žilinský kraj";208;2080;144;2224;NA;80749;352;2020-12-19;31673
2020-12-18;"Žilinský kraj";333;7027;402;7429;NA;80749;735;2020-12-18;31321
2020-12-17;"Žilinský kraj";500;4333;281;4614;NA;80749;781;2020-12-17;30586
2020-12-16;"Žilinský kraj";333;4365;305;4670;NA;80749;638;2020-12-16;29805
2020-12-15;"Žilinský kraj";528;4399;387;4786;NA;80749;915;2020-12-15;29167
2020-12-14;"Žilinský kraj";321;4401;358;4759;NA;80749;679;2020-12-14;28252
2020-12-13;"Žilinský kraj";26;515;64;579;NA;80749;90;2020-12-13;27573
2020-12-12;"Žilinský kraj";95;1061;53;1114;NA;80749;148;2020-12-12;27483
2020-12-11;"Žilinský kraj";455;4596;282;4878;NA;80749;737;2020-12-11;27335
2020-12-10;"Žilinský kraj";166;9407;849;10256;NA;80749;1015;2020-12-10;26598
2020-12-09;"Žilinský kraj";392;2559;163;2722;NA;80749;555;2020-12-09;25583
2020-12-08;"Žilinský kraj";331;3915;188;4103;NA;80749;519;2020-12-08;25028
2020-12-07;"Žilinský kraj";348;2274;121;2395;NA;80749;469;2020-12-07;24509
2020-12-06;"Žilinský kraj";15;134;4;138;NA;80749;19;2020-12-06;24040
2020-12-05;"Žilinský kraj";98;1237;45;1282;NA;80749;143;2020-12-05;24021
2020-12-04;"Žilinský kraj";228;2847;120;2967;NA;80749;348;2020-12-04;23878
2020-12-03;"Žilinský kraj";237;1412;119;1531;NA;80749;356;2020-12-03;23530
2020-12-02;"Žilinský kraj";181;1553;82;1635;NA;80749;263;2020-12-02;23174
2020-12-01;"Žilinský kraj";209;6529;309;6838;NA;80749;518;2020-12-01;22911
2020-11-30;"Žilinský kraj";203;5232;291;5523;NA;80749;494;2020-11-30;22393
2020-11-29;"Žilinský kraj";18;81;7;88;NA;80749;25;2020-11-29;21899
2020-11-28;"Žilinský kraj";99;349;15;364;NA;80749;114;2020-11-28;21874
2020-11-27;"Žilinský kraj";218;913;46;959;NA;80749;264;2020-11-27;21760
2020-11-26;"Žilinský kraj";190;1104;57;1161;NA;80749;247;2020-11-26;21496
2020-11-25;"Žilinský kraj";225;1217;49;1266;NA;80749;274;2020-11-25;21249
2020-11-24;"Žilinský kraj";213;2092;67;2159;NA;80749;280;2020-11-24;20975
2020-11-23;"Žilinský kraj";170;759;44;803;NA;80749;214;2020-11-23;20695
2020-11-22;"Žilinský kraj";11;0;0;0;NA;80749;11;2020-11-22;20481
2020-11-21;"Žilinský kraj";61;505;20;525;NA;80749;81;2020-11-21;20470
2020-11-20;"Žilinský kraj";251;1074;45;1119;NA;80749;296;2020-11-20;20389
2020-11-19;"Žilinský kraj";252;752;61;813;NA;80749;313;2020-11-19;20093
2020-11-18;"Žilinský kraj";346;348;15;363;NA;80749;361;2020-11-18;19780
2020-11-17;"Žilinský kraj";123;490;15;505;NA;80749;138;2020-11-17;19419
2020-11-16;"Žilinský kraj";227;206;13;219;NA;80749;240;2020-11-16;19281
2020-11-15;"Žilinský kraj";63;13;0;13;NA;80749;63;2020-11-15;19041
2020-11-14;"Žilinský kraj";189;1038;11;1049;NA;80749;200;2020-11-14;18978
2020-11-13;"Žilinský kraj";181;125;9;134;NA;80749;190;2020-11-13;18778
2020-11-12;"Žilinský kraj";334;79;2;81;NA;80749;336;2020-11-12;18588
2020-11-11;"Žilinský kraj";489;147;10;157;NA;80749;499;2020-11-11;18252
2020-11-10;"Žilinský kraj";374;519;9;528;NA;80749;383;2020-11-10;17753
2020-11-09;"Žilinský kraj";143;2335;30;2365;NA;80749;173;2020-11-09;17370
2020-11-08;"Žilinský kraj";59;2196;35;2231;NA;80749;94;2020-11-08;17197
2020-11-07;"Žilinský kraj";312;8175;88;8263;NA;80749;400;2020-11-07;17103
2020-11-06;"Žilinský kraj";503;4090;38;4128;NA;80749;541;2020-11-06;16703
2020-11-05;"Žilinský kraj";473;64;4;68;NA;80749;477;2020-11-05;16162
2020-11-04;"Žilinský kraj";423;168;10;178;NA;80749;433;2020-11-04;15685
2020-11-03;"Žilinský kraj";688;889;16;905;NA;80749;704;2020-11-03;15252
2020-11-02;"Žilinský kraj";472;1043;39;1082;NA;80749;511;2020-11-02;14548
2020-11-01;"Žilinský kraj";349;5096;130;5226;NA;80749;479;2020-11-01;14037
2020-10-31;"Žilinský kraj";661;7963;203;8166;NA;80749;864;2020-10-31;13558
2020-10-30;"Žilinský kraj";529;2575;61;2636;NA;80749;590;2020-10-30;12694
2020-10-29;"Žilinský kraj";740;503;17;520;NA;80749;757;2020-10-29;12104
2020-10-28;"Žilinský kraj";635;105;11;116;NA;80749;646;2020-10-28;11347
2020-10-27;"Žilinský kraj";355;154;24;178;NA;80749;379;2020-10-27;10701
2020-10-26;"Žilinský kraj";148;117;28;145;NA;80749;176;2020-10-26;10322
2020-10-25;"Žilinský kraj";436;0;0;0;NA;80749;436;2020-10-25;10146
2020-10-24;"Žilinský kraj";803;0;0;0;NA;80749;803;2020-10-24;9710
2020-10-23;"Žilinský kraj";659;102;13;115;NA;80749;672;2020-10-23;8907
2020-10-22;"Žilinský kraj";525;33;3;36;NA;80749;528;2020-10-22;8235
2020-10-21;"Žilinský kraj";478;74;14;88;NA;80749;492;2020-10-21;7707
2020-10-20;"Žilinský kraj";524;127;8;135;NA;80749;532;2020-10-20;7215
2020-10-19;"Žilinský kraj";70;80;12;92;NA;80749;82;2020-10-19;6683
2020-10-18;"Žilinský kraj";159;0;0;0;NA;80749;159;2020-10-18;6601
2020-10-17;"Žilinský kraj";509;0;0;0;NA;80749;509;2020-10-17;6442
2020-10-16;"Žilinský kraj";603;51;9;60;NA;80749;612;2020-10-16;5933
2020-10-15;"Žilinský kraj";679;61;3;64;NA;80749;682;2020-10-15;5321
2020-10-14;"Žilinský kraj";523;269;6;275;NA;80749;529;2020-10-14;4639
2020-10-13;"Žilinský kraj";367;458;40;498;NA;80749;407;2020-10-13;4110
2020-10-12;"Žilinský kraj";62;0;0;0;NA;80749;62;2020-10-12;3703
2020-10-11;"Žilinský kraj";50;0;0;0;NA;80749;50;2020-10-11;3641
2020-10-10;"Žilinský kraj";213;0;0;0;NA;80749;213;2020-10-10;3591
2020-10-09;"Žilinský kraj";543;0;0;0;NA;80749;543;2020-10-09;3378
2020-10-08;"Žilinský kraj";238;0;0;0;NA;80749;238;2020-10-08;2835
2020-10-07;"Žilinský kraj";168;0;0;0;NA;80749;168;2020-10-07;2597
2020-10-06;"Žilinský kraj";233;0;0;0;NA;80749;233;2020-10-06;2429
2020-10-05;"Žilinský kraj";33;0;0;0;NA;80749;33;2020-10-05;2196
2020-10-04;"Žilinský kraj";35;0;0;0;NA;80749;35;2020-10-04;2163
2020-10-03;"Žilinský kraj";155;0;0;0;NA;80749;155;2020-10-03;2128
2020-10-02;"Žilinský kraj";105;0;0;0;NA;80749;105;2020-10-02;1973
2020-10-01;"Žilinský kraj";147;0;0;0;NA;80749;147;2020-10-01;1868
2020-09-30;"Žilinský kraj";163;0;0;0;NA;80749;163;2020-09-30;1721
2020-09-29;"Žilinský kraj";105;0;0;0;NA;80749;105;2020-09-29;1558
2020-09-28;"Žilinský kraj";34;0;0;0;NA;80749;34;2020-09-28;1453
2020-09-27;"Žilinský kraj";108;0;0;0;NA;80749;108;2020-09-27;1419
2020-09-26;"Žilinský kraj";96;0;0;0;NA;80749;96;2020-09-26;1311
2020-09-25;"Žilinský kraj";69;0;0;0;NA;80749;69;2020-09-25;1215
2020-09-24;"Žilinský kraj";100;0;0;0;NA;80749;100;2020-09-24;1146
2020-09-23;"Žilinský kraj";65;0;0;0;NA;80749;65;2020-09-23;1046
2020-09-22;"Žilinský kraj";65;0;0;0;NA;80749;65;2020-09-22;981
2020-09-21;"Žilinský kraj";47;0;0;0;NA;80749;47;2020-09-21;916
2020-09-20;"Žilinský kraj";4;0;0;0;NA;80749;4;2020-09-20;869
2020-09-19;"Žilinský kraj";6;0;0;0;NA;80749;6;2020-09-19;865
2020-09-18;"Žilinský kraj";82;0;0;0;NA;80749;82;2020-09-18;859
2020-09-17;"Žilinský kraj";30;0;0;0;NA;80749;30;2020-09-17;777
2020-09-16;"Žilinský kraj";34;0;0;0;NA;80749;34;2020-09-16;747
2020-09-15;"Žilinský kraj";12;0;0;0;NA;80749;12;2020-09-15;713
2020-09-14;"Žilinský kraj";39;0;0;0;NA;80749;39;2020-09-14;701
2020-09-13;"Žilinský kraj";6;0;0;0;NA;80749;6;2020-09-13;662
2020-09-12;"Žilinský kraj";4;0;0;0;NA;80749;4;2020-09-12;656
2020-09-11;"Žilinský kraj";31;0;0;0;NA;80749;31;2020-09-11;652
2020-09-10;"Žilinský kraj";31;0;0;0;NA;80749;31;2020-09-10;621
2020-09-09;"Žilinský kraj";23;0;0;0;NA;80749;23;2020-09-09;590
2020-09-08;"Žilinský kraj";25;0;0;0;NA;80749;25;2020-09-08;567
2020-09-07;"Žilinský kraj";11;0;0;0;NA;80749;11;2020-09-07;542
2020-09-05;"Žilinský kraj";2;0;0;0;NA;80749;2;2020-09-05;531
2020-09-04;"Žilinský kraj";33;0;0;0;NA;80749;33;2020-09-04;529
2020-09-03;"Žilinský kraj";18;0;0;0;NA;80749;18;2020-09-03;496
2020-09-02;"Žilinský kraj";16;0;0;0;NA;80749;16;2020-09-02;478
2020-09-01;"Žilinský kraj";4;0;0;0;NA;80749;4;2020-09-01;462
2020-08-31;"Žilinský kraj";5;0;0;0;NA;80749;5;2020-08-31;458
2020-08-30;"Žilinský kraj";3;0;0;0;NA;80749;3;2020-08-30;453
2020-08-29;"Žilinský kraj";5;0;0;0;NA;80749;5;2020-08-29;450
2020-08-28;"Žilinský kraj";13;0;0;0;NA;80749;13;2020-08-28;445
2020-08-27;"Žilinský kraj";18;0;0;0;NA;80749;18;2020-08-27;432
2020-08-26;"Žilinský kraj";8;0;0;0;NA;80749;8;2020-08-26;414
2020-08-25;"Žilinský kraj";2;0;0;0;NA;80749;2;2020-08-25;406
2020-08-24;"Žilinský kraj";5;0;0;0;NA;80749;5;2020-08-24;404
2020-08-21;"Žilinský kraj";10;0;0;0;NA;80749;10;2020-08-21;399
2020-08-20;"Žilinský kraj";13;0;0;0;NA;80749;13;2020-08-20;389
2020-08-19;"Žilinský kraj";7;0;0;0;NA;80749;7;2020-08-19;376
2020-08-18;"Žilinský kraj";9;0;0;0;NA;80749;9;2020-08-18;369
2020-08-17;"Žilinský kraj";1;0;0;0;NA;80749;1;2020-08-17;360
2020-08-14;"Žilinský kraj";4;0;0;0;NA;80749;4;2020-08-14;359
2020-08-13;"Žilinský kraj";2;0;0;0;NA;80749;2;2020-08-13;355
2020-08-11;"Žilinský kraj";4;0;0;0;NA;80749;4;2020-08-11;353
2020-08-10;"Žilinský kraj";1;0;0;0;NA;80749;1;2020-08-10;349
2020-08-08;"Žilinský kraj";3;0;0;0;NA;80749;3;2020-08-08;348
2020-08-07;"Žilinský kraj";8;0;0;0;NA;80749;8;2020-08-07;345
2020-08-06;"Žilinský kraj";1;0;0;0;NA;80749;1;2020-08-06;337
2020-08-05;"Žilinský kraj";1;0;0;0;NA;80749;1;2020-08-05;336
2020-08-04;"Žilinský kraj";2;0;0;0;NA;80749;2;2020-08-04;335
2020-08-02;"Žilinský kraj";1;0;0;0;NA;80749;1;2020-08-02;333
2020-07-31;"Žilinský kraj";4;0;0;0;NA;80749;4;2020-07-31;332
2020-07-30;"Žilinský kraj";2;0;0;0;NA;80749;2;2020-07-30;328
2020-07-29;"Žilinský kraj";2;0;0;0;NA;80749;2;2020-07-29;326
2020-07-28;"Žilinský kraj";4;0;0;0;NA;80749;4;2020-07-28;324
2020-07-27;"Žilinský kraj";6;0;0;0;NA;80749;6;2020-07-27;320
2020-07-24;"Žilinský kraj";2;0;0;0;NA;80749;2;2020-07-24;314
2020-07-22;"Žilinský kraj";1;0;0;0;NA;80749;1;2020-07-22;312
2020-07-21;"Žilinský kraj";2;0;0;0;NA;80749;2;2020-07-21;311
2020-07-20;"Žilinský kraj";3;0;0;0;NA;80749;3;2020-07-20;309
2020-07-17;"Žilinský kraj";2;0;0;0;NA;80749;2;2020-07-17;306
2020-07-16;"Žilinský kraj";2;0;0;0;NA;80749;2;2020-07-16;304
2020-07-15;"Žilinský kraj";2;0;0;0;NA;80749;2;2020-07-15;302
2020-07-14;"Žilinský kraj";1;0;0;0;NA;80749;1;2020-07-14;300
2020-07-11;"Žilinský kraj";2;0;0;0;NA;80749;2;2020-07-11;299
2020-07-10;"Žilinský kraj";3;0;0;0;NA;80749;3;2020-07-10;297
2020-07-09;"Žilinský kraj";2;0;0;0;NA;80749;2;2020-07-09;294
2020-07-08;"Žilinský kraj";10;0;0;0;NA;80749;10;2020-07-08;292
2020-07-07;"Žilinský kraj";7;0;0;0;NA;80749;7;2020-07-07;282
2020-07-04;"Žilinský kraj";10;0;0;0;NA;80749;10;2020-07-04;275
2020-07-03;"Žilinský kraj";18;0;0;0;NA;80749;18;2020-07-03;265
2020-07-02;"Žilinský kraj";7;0;0;0;NA;80749;7;2020-07-02;247
2020-06-30;"Žilinský kraj";4;0;0;0;NA;80749;4;2020-06-30;240
2020-06-28;"Žilinský kraj";1;0;0;0;NA;80749;1;2020-06-28;236
2020-06-27;"Žilinský kraj";3;0;0;0;NA;80749;3;2020-06-27;235
2020-06-26;"Žilinský kraj";5;0;0;0;NA;80749;5;2020-06-26;232
2020-06-25;"Žilinský kraj";7;0;0;0;NA;80749;7;2020-06-25;227
2020-06-24;"Žilinský kraj";11;0;0;0;NA;80749;11;2020-06-24;220
2020-06-23;"Žilinský kraj";9;0;0;0;NA;80749;9;2020-06-23;209
2020-06-21;"Žilinský kraj";1;0;0;0;NA;80749;1;2020-06-21;200
2020-06-20;"Žilinský kraj";1;0;0;0;NA;80749;1;2020-06-20;199
2020-06-19;"Žilinský kraj";4;0;0;0;NA;80749;4;2020-06-19;198
2020-06-18;"Žilinský kraj";1;0;0;0;NA;80749;1;2020-06-18;194
2020-06-16;"Žilinský kraj";1;0;0;0;NA;80749;1;2020-06-16;193
2020-06-09;"Žilinský kraj";1;0;0;0;NA;80749;1;2020-06-09;192
2020-05-27;"Žilinský kraj";1;0;0;0;NA;80749;1;2020-05-27;191
2020-05-26;"Žilinský kraj";1;0;0;0;NA;80749;1;2020-05-26;190
2020-05-19;"Žilinský kraj";1;0;0;0;NA;80749;1;2020-05-19;189
2020-05-06;"Žilinský kraj";2;0;0;0;NA;80749;2;2020-05-06;188
2020-05-05;"Žilinský kraj";3;0;0;0;NA;80749;3;2020-05-05;186
2020-05-04;"Žilinský kraj";3;0;0;0;NA;80749;3;2020-05-04;183
2020-05-03;"Žilinský kraj";1;0;0;0;NA;80749;1;2020-05-03;180
2020-05-01;"Žilinský kraj";1;0;0;0;NA;80749;1;2020-05-01;179
2020-04-25;"Žilinský kraj";2;0;0;0;NA;80749;2;2020-04-25;178
2020-04-24;"Žilinský kraj";1;0;0;0;NA;80749;1;2020-04-24;176
2020-04-23;"Žilinský kraj";2;0;0;0;NA;80749;2;2020-04-23;175
2020-04-22;"Žilinský kraj";9;0;0;0;NA;80749;9;2020-04-22;173
2020-04-21;"Žilinský kraj";1;0;0;0;NA;80749;1;2020-04-21;164
2020-04-20;"Žilinský kraj";4;0;0;0;NA;80749;4;2020-04-20;163
2020-04-18;"Žilinský kraj";49;0;0;0;NA;80749;49;2020-04-18;159
2020-04-17;"Žilinský kraj";3;0;0;0;NA;80749;3;2020-04-17;110
2020-04-16;"Žilinský kraj";4;0;0;0;NA;80749;4;2020-04-16;107
2020-04-15;"Žilinský kraj";7;0;0;0;NA;80749;7;2020-04-15;103
2020-04-14;"Žilinský kraj";1;0;0;0;NA;80749;1;2020-04-14;96
2020-04-13;"Žilinský kraj";2;0;0;0;NA;80749;2;2020-04-13;95
2020-04-12;"Žilinský kraj";5;0;0;0;NA;80749;5;2020-04-12;93
2020-04-11;"Žilinský kraj";2;0;0;0;NA;80749;2;2020-04-11;88
2020-04-10;"Žilinský kraj";1;0;0;0;NA;80749;1;2020-04-10;86
2020-04-09;"Žilinský kraj";1;0;0;0;NA;80749;1;2020-04-09;85
2020-04-08;"Žilinský kraj";3;0;0;0;NA;80749;3;2020-04-08;84
2020-04-07;"Žilinský kraj";5;0;0;0;NA;80749;5;2020-04-07;81
2020-04-06;"Žilinský kraj";6;0;0;0;NA;80749;6;2020-04-06;76
2020-04-05;"Žilinský kraj";8;0;0;0;NA;80749;8;2020-04-05;70
2020-04-03;"Žilinský kraj";3;0;0;0;NA;80749;3;2020-04-03;62
2020-04-02;"Žilinský kraj";5;0;0;0;NA;80749;5;2020-04-02;59
2020-04-01;"Žilinský kraj";4;0;0;0;NA;80749;4;2020-04-01;54
2020-03-31;"Žilinský kraj";1;0;0;0;NA;80749;1;2020-03-31;50
2020-03-30;"Žilinský kraj";3;0;0;0;NA;80749;3;2020-03-30;49
2020-03-28;"Žilinský kraj";1;0;0;0;NA;80749;1;2020-03-28;46
2020-03-27;"Žilinský kraj";9;0;0;0;NA;80749;9;2020-03-27;45
2020-03-26;"Žilinský kraj";4;0;0;0;NA;80749;4;2020-03-26;36
2020-03-25;"Žilinský kraj";1;0;0;0;NA;80749;1;2020-03-25;32
2020-03-24;"Žilinský kraj";2;0;0;0;NA;80749;2;2020-03-24;31
2020-03-23;"Žilinský kraj";3;0;0;0;NA;80749;3;2020-03-23;29
2020-03-22;"Žilinský kraj";1;0;0;0;NA;80749;1;2020-03-22;26
2020-03-21;"Žilinský kraj";2;0;0;0;NA;80749;2;2020-03-21;25
2020-03-20;"Žilinský kraj";4;0;0;0;NA;80749;4;2020-03-20;23
2020-03-19;"Žilinský kraj";2;0;0;0;NA;80749;2;2020-03-19;19
2020-03-18;"Žilinský kraj";1;0;0;0;NA;80749;1;2020-03-18;17
2020-03-17;"Žilinský kraj";5;0;0;0;NA;80749;5;2020-03-17;16
2020-03-16;"Žilinský kraj";1;0;0;0;NA;80749;1;2020-03-16;11
2020-03-15;"Žilinský kraj";2;0;0;0;NA;80749;2;2020-03-15;10
2020-03-14;"Žilinský kraj";1;0;0;0;NA;80749;1;2020-03-14;8
2020-03-13;"Žilinský kraj";5;0;0;0;NA;80749;5;2020-03-13;7
2020-03-12;"Žilinský kraj";1;0;0;0;NA;80749;1;2020-03-12;2
2020-03-09;"Žilinský kraj";1;0;0;0;NA;80749;1;2020-03-09;1
