"Datum";"Region";"PCR_Pos";"Ag_Neg";"Ag_Pos";"Total";"Pocet.potvrdenych";"Potvrdenych";"newcases";"date";"positive"
2021-05-08;"Banskobystrický kraj";11;12293;27;12320;NA;44893;38;2021-05-08;44893
2021-05-07;"Banskobystrický kraj";41;20318;242;20560;NA;44893;283;2021-05-07;44855
2021-05-06;"Banskobystrický kraj";36;12084;69;12153;NA;44893;105;2021-05-06;44572
2021-05-05;"Banskobystrický kraj";34;12305;61;12366;NA;44893;95;2021-05-05;44467
2021-05-04;"Banskobystrický kraj";83;13788;47;13835;NA;44893;130;2021-05-04;44372
2021-05-03;"Banskobystrický kraj";30;20836;80;20916;NA;44893;110;2021-05-03;44242
2021-05-02;"Banskobystrický kraj";6;32598;60;32658;NA;44893;66;2021-05-02;44132
2021-05-01;"Banskobystrický kraj";54;36754;67;36821;NA;44893;121;2021-05-01;44066
2021-04-30;"Banskobystrický kraj";38;34755;85;34840;NA;44893;123;2021-04-30;43945
2021-04-29;"Banskobystrický kraj";55;16561;68;16629;NA;44893;123;2021-04-29;43822
2021-04-28;"Banskobystrický kraj";66;17529;67;17596;NA;44893;133;2021-04-28;43699
2021-04-27;"Banskobystrický kraj";70;18992;73;19065;NA;44893;143;2021-04-27;43566
2021-04-26;"Banskobystrický kraj";34;28464;101;28565;NA;44893;135;2021-04-26;43423
2021-04-25;"Banskobystrický kraj";14;40204;106;40310;NA;44893;120;2021-04-25;43288
2021-04-24;"Banskobystrický kraj";40;51625;98;51723;NA;44893;138;2021-04-24;43168
2021-04-23;"Banskobystrický kraj";78;37701;88;37789;NA;44893;166;2021-04-23;43030
2021-04-22;"Banskobystrický kraj";51;17285;57;17342;NA;44893;108;2021-04-22;42864
2021-04-21;"Banskobystrický kraj";76;19192;94;19286;NA;44893;170;2021-04-21;42756
2021-04-20;"Banskobystrický kraj";116;20973;98;21071;NA;44893;214;2021-04-20;42586
2021-04-19;"Banskobystrický kraj";48;31418;105;31523;NA;44893;153;2021-04-19;42372
2021-04-18;"Banskobystrický kraj";16;42953;90;43043;NA;44893;106;2021-04-18;42219
2021-04-17;"Banskobystrický kraj";42;64939;92;65031;NA;44893;134;2021-04-17;42113
2021-04-16;"Banskobystrický kraj";72;37303;100;37403;NA;44893;172;2021-04-16;41979
2021-04-15;"Banskobystrický kraj";67;20117;83;20200;NA;44893;150;2021-04-15;41807
2021-04-14;"Banskobystrický kraj";69;21257;86;21343;NA;44893;155;2021-04-14;41657
2021-04-13;"Banskobystrický kraj";130;22646;76;22722;NA;44893;206;2021-04-13;41502
2021-04-12;"Banskobystrický kraj";60;32247;130;32377;NA;44893;190;2021-04-12;41296
2021-04-11;"Banskobystrický kraj";0;41367;88;41455;NA;44893;88;2021-04-11;41106
2021-04-10;"Banskobystrický kraj";56;64862;142;65004;NA;44893;198;2021-04-10;41018
2021-04-09;"Banskobystrický kraj";106;31566;118;31684;NA;44893;224;2021-04-09;40820
2021-04-08;"Banskobystrický kraj";132;18406;110;18516;NA;44893;242;2021-04-08;40596
2021-04-07;"Banskobystrický kraj";226;25214;95;25309;NA;44893;321;2021-04-07;40354
2021-04-06;"Banskobystrický kraj";93;42487;187;42674;NA;44893;280;2021-04-06;40033
2021-04-05;"Banskobystrický kraj";15;11837;87;11924;NA;44893;102;2021-04-05;39753
2021-04-04;"Banskobystrický kraj";24;19683;79;19762;NA;44893;103;2021-04-04;39651
2021-04-03;"Banskobystrický kraj";5;72481;211;72692;NA;44893;216;2021-04-03;39548
2021-04-02;"Banskobystrický kraj";71;13455;66;13521;NA;44893;137;2021-04-02;39332
2021-04-01;"Banskobystrický kraj";171;38835;200;39035;NA;44893;371;2021-04-01;39195
2021-03-31;"Banskobystrický kraj";147;25543;161;25704;NA;44893;308;2021-03-31;38824
2021-03-30;"Banskobystrický kraj";167;21439;159;21598;NA;44893;326;2021-03-30;38516
2021-03-29;"Banskobystrický kraj";119;29551;218;29769;NA;44893;337;2021-03-29;38190
2021-03-28;"Banskobystrický kraj";25;40610;189;40799;NA;44893;214;2021-03-28;37853
2021-03-27;"Banskobystrický kraj";85;64121;260;64381;NA;44893;345;2021-03-27;37639
2021-03-26;"Banskobystrický kraj";122;43397;240;43637;NA;44893;362;2021-03-26;37294
2021-03-25;"Banskobystrický kraj";120;21589;240;21829;NA;44893;360;2021-03-25;36932
2021-03-24;"Banskobystrický kraj";200;19319;227;19546;NA;44893;427;2021-03-24;36572
2021-03-23;"Banskobystrický kraj";241;21398;257;21655;NA;44893;498;2021-03-23;36145
2021-03-22;"Banskobystrický kraj";65;30418;274;30692;NA;44893;339;2021-03-22;35647
2021-03-21;"Banskobystrický kraj";31;40039;280;40319;NA;44893;311;2021-03-21;35308
2021-03-20;"Banskobystrický kraj";119;67730;383;68113;NA;44893;502;2021-03-20;34997
2021-03-19;"Banskobystrický kraj";240;44041;307;44348;NA;44893;547;2021-03-19;34495
2021-03-18;"Banskobystrický kraj";160;21727;273;22000;NA;44893;433;2021-03-18;33948
2021-03-17;"Banskobystrický kraj";262;21573;245;21818;NA;44893;507;2021-03-17;33515
2021-03-16;"Banskobystrický kraj";340;23365;224;23589;NA;44893;564;2021-03-16;33008
2021-03-15;"Banskobystrický kraj";95;31133;364;31497;NA;44893;459;2021-03-15;32444
2021-03-14;"Banskobystrický kraj";39;40650;229;40879;NA;44893;268;2021-03-14;31985
2021-03-13;"Banskobystrický kraj";209;67167;391;67558;NA;44893;600;2021-03-13;31717
2021-03-12;"Banskobystrický kraj";206;41485;330;41815;NA;44893;536;2021-03-12;31117
2021-03-11;"Banskobystrický kraj";228;21337;272;21609;NA;44893;500;2021-03-11;30581
2021-03-10;"Banskobystrický kraj";260;20381;238;20619;NA;44893;498;2021-03-10;30081
2021-03-09;"Banskobystrický kraj";352;21790;284;22074;NA;44893;636;2021-03-09;29583
2021-03-08;"Banskobystrický kraj";191;31488;427;31915;NA;44893;618;2021-03-08;28947
2021-03-07;"Banskobystrický kraj";60;39083;295;39378;NA;44893;355;2021-03-07;28329
2021-03-06;"Banskobystrický kraj";164;70562;410;70972;NA;44893;574;2021-03-06;27974
2021-03-05;"Banskobystrický kraj";221;42137;388;42525;NA;44893;609;2021-03-05;27400
2021-03-04;"Banskobystrický kraj";226;21607;334;21941;NA;44893;560;2021-03-04;26791
2021-03-03;"Banskobystrický kraj";317;21949;331;22280;NA;44893;648;2021-03-03;26231
2021-03-02;"Banskobystrický kraj";291;22602;354;22956;NA;44893;645;2021-03-02;25583
2021-03-01;"Banskobystrický kraj";151;31773;434;32207;NA;44893;585;2021-03-01;24938
2021-02-28;"Banskobystrický kraj";45;38313;336;38649;NA;44893;381;2021-02-28;24353
2021-02-27;"Banskobystrický kraj";289;66667;529;67196;NA;44893;818;2021-02-27;23972
2021-02-26;"Banskobystrický kraj";326;39489;468;39957;NA;44893;794;2021-02-26;23154
2021-02-25;"Banskobystrický kraj";375;17731;366;18097;NA;44893;741;2021-02-25;22360
2021-02-24;"Banskobystrický kraj";332;16735;373;17108;NA;44893;705;2021-02-24;21619
2021-02-23;"Banskobystrický kraj";462;19480;439;19919;NA;44893;901;2021-02-23;20914
2021-02-22;"Banskobystrický kraj";67;28643;598;29241;NA;44893;665;2021-02-22;20013
2021-02-21;"Banskobystrický kraj";68;37464;437;37901;NA;44893;505;2021-02-21;19348
2021-02-20;"Banskobystrický kraj";280;68851;598;69449;NA;44893;878;2021-02-20;18843
2021-02-19;"Banskobystrický kraj";420;39632;511;40143;NA;44893;931;2021-02-19;17965
2021-02-18;"Banskobystrický kraj";241;18618;396;19014;NA;44893;637;2021-02-18;17034
2021-02-17;"Banskobystrický kraj";415;16312;389;16701;NA;44893;804;2021-02-17;16397
2021-02-16;"Banskobystrický kraj";338;19933;369;20302;NA;44893;707;2021-02-16;15593
2021-02-15;"Banskobystrický kraj";118;35835;591;36426;NA;44893;709;2021-02-15;14886
2021-02-14;"Banskobystrický kraj";60;31894;386;32280;NA;44893;446;2021-02-14;14177
2021-02-13;"Banskobystrický kraj";202;53889;492;54381;NA;44893;694;2021-02-13;13731
2021-02-12;"Banskobystrický kraj";312;36620;533;37153;NA;44893;845;2021-02-12;13037
2021-02-11;"Banskobystrický kraj";305;20743;384;21127;NA;44893;689;2021-02-11;12192
2021-02-10;"Banskobystrický kraj";333;14790;344;15134;NA;44893;677;2021-02-10;11503
2021-02-09;"Banskobystrický kraj";329;18504;362;18866;NA;44893;691;2021-02-09;10826
2021-02-08;"Banskobystrický kraj";103;46675;671;47346;NA;44893;774;2021-02-08;10135
2021-02-07;"Banskobystrický kraj";70;37239;333;37572;NA;44893;403;2021-02-07;9361
2021-02-06;"Banskobystrický kraj";178;69638;570;70208;NA;44893;748;2021-02-06;8958
2021-02-05;"Banskobystrický kraj";282;24252;360;24612;NA;44893;642;2021-02-05;8210
2021-02-04;"Banskobystrický kraj";240;13384;429;13813;NA;44893;669;2021-02-04;7568
2021-02-03;"Banskobystrický kraj";350;9289;253;9542;NA;44893;603;2021-02-03;6899
2021-02-02;"Banskobystrický kraj";277;15572;332;15904;NA;44893;609;2021-02-02;6296
2021-02-01;"Banskobystrický kraj";75;24723;496;25219;NA;44893;571;2021-02-01;5687
2021-01-31;"Banskobystrický kraj";34;19983;201;20184;NA;44893;235;2021-01-31;5116
2021-01-30;"Banskobystrický kraj";163;64086;525;64611;NA;44893;688;2021-01-30;4881
2021-01-29;"Banskobystrický kraj";196;17174;267;17441;NA;44893;463;2021-01-29;4193
2021-01-28;"Banskobystrický kraj";218;14033;368;14401;NA;44893;586;2021-01-28;3730
2021-01-27;"Banskobystrický kraj";191;8010;200;8210;NA;44893;391;2021-01-27;3144
2021-01-26;"Banskobystrický kraj";238;19616;283;19899;NA;44893;521;2021-01-26;2753
2021-01-25;"Banskobystrický kraj";82;33456;412;33868;NA;44893;494;2021-01-25;2232
2021-01-24;"Banskobystrický kraj";38;35586;277;35863;NA;44893;315;2021-01-24;1738
2021-01-23;"Banskobystrický kraj";142;88520;525;89045;NA;44893;667;2021-01-23;1423
2021-01-22;"Banskobystrický kraj";175;26917;359;27276;NA;44893;534;2021-01-22;756
2021-01-21;"Banskobystrický kraj";194;16851;285;17136;NA;44893;479;2021-01-21;222
2021-01-20;"Banskobystrický kraj";231;9148;188;9336;NA;44893;419;2021-01-20;-257
2021-01-19;"Banskobystrický kraj";213;10493;308;10801;NA;44893;521;2021-01-19;-676
2021-01-18;"Banskobystrický kraj";94;5870;349;6219;NA;44893;443;2021-01-18;-1197
2021-01-17;"Banskobystrický kraj";110;8154;77;8231;NA;44893;187;2021-01-17;-1640
2021-01-16;"Banskobystrický kraj";58;2274;57;2331;NA;44893;115;2021-01-16;-1827
2021-01-15;"Banskobystrický kraj";164;7673;217;7890;NA;44893;381;2021-01-15;-1942
2021-01-14;"Banskobystrický kraj";220;5760;325;6085;NA;44893;545;2021-01-14;-2323
2021-01-13;"Banskobystrický kraj";235;5974;217;6191;NA;44893;452;2021-01-13;-2868
2021-01-12;"Banskobystrický kraj";194;6808;299;7107;NA;44893;493;2021-01-12;-3320
2021-01-11;"Banskobystrický kraj";76;8231;481;8712;NA;44893;557;2021-01-11;-3813
2021-01-10;"Banskobystrický kraj";110;233;4;237;NA;44893;114;2021-01-10;-4370
2021-01-09;"Banskobystrický kraj";297;2378;81;2459;NA;44893;378;2021-01-09;-4484
2021-01-08;"Banskobystrický kraj";435;9677;443;10120;NA;44893;878;2021-01-08;-4862
2021-01-07;"Banskobystrický kraj";127;6322;366;6688;NA;44893;493;2021-01-07;-5740
2021-01-06;"Banskobystrický kraj";305;3124;185;3309;NA;44893;490;2021-01-06;-6233
2021-01-05;"Banskobystrický kraj";372;7349;533;7882;NA;44893;905;2021-01-05;-6723
2021-01-04;"Banskobystrický kraj";130;7083;700;7783;NA;44893;830;2021-01-04;-7628
2021-01-03;"Banskobystrický kraj";199;320;19;339;NA;44893;218;2021-01-03;-8458
2021-01-02;"Banskobystrický kraj";123;702;85;787;NA;44893;208;2021-01-02;-8676
2021-01-01;"Banskobystrický kraj";220;1958;132;2090;NA;44893;352;2021-01-01;-8884
2020-12-31;"Banskobystrický kraj";499;7379;633;8012;NA;44893;1132;2020-12-31;-9236
2020-12-30;"Banskobystrický kraj";593;7670;557;8227;NA;44893;1150;2020-12-30;-10368
2020-12-29;"Banskobystrický kraj";240;7955;664;8619;NA;44893;904;2020-12-29;-11518
2020-12-28;"Banskobystrický kraj";131;6098;711;6809;NA;44893;842;2020-12-28;-12422
2020-12-27;"Banskobystrický kraj";116;541;25;566;NA;44893;141;2020-12-27;-13264
2020-12-26;"Banskobystrický kraj";61;295;35;330;NA;44893;96;2020-12-26;-13405
2020-12-25;"Banskobystrický kraj";65;313;10;323;NA;44893;75;2020-12-25;-13501
2020-12-24;"Banskobystrický kraj";452;3685;135;3820;NA;44893;587;2020-12-24;-13576
2020-12-23;"Banskobystrický kraj";368;10116;507;10623;NA;44893;875;2020-12-23;-14163
2020-12-22;"Banskobystrický kraj";307;8449;624;9073;NA;44893;931;2020-12-22;-15038
2020-12-21;"Banskobystrický kraj";286;4896;448;5344;NA;44893;734;2020-12-21;-15969
2020-12-20;"Banskobystrický kraj";155;249;14;263;NA;44893;169;2020-12-20;-16703
2020-12-19;"Banskobystrický kraj";170;3084;138;3222;NA;44893;308;2020-12-19;-16872
2020-12-18;"Banskobystrický kraj";432;5965;324;6289;NA;44893;756;2020-12-18;-17180
2020-12-17;"Banskobystrický kraj";468;8703;656;9359;NA;44893;1124;2020-12-17;-17936
2020-12-16;"Banskobystrický kraj";379;10202;560;10762;NA;44893;939;2020-12-16;-19060
2020-12-15;"Banskobystrický kraj";336;5425;433;5858;NA;44893;769;2020-12-15;-19999
2020-12-14;"Banskobystrický kraj";148;3897;259;4156;NA;44893;407;2020-12-14;-20768
2020-12-13;"Banskobystrický kraj";122;142;1;143;NA;44893;123;2020-12-13;-21175
2020-12-12;"Banskobystrický kraj";137;2714;138;2852;NA;44893;275;2020-12-12;-21298
2020-12-11;"Banskobystrický kraj";468;6587;374;6961;NA;44893;842;2020-12-11;-21573
2020-12-10;"Banskobystrický kraj";280;5204;355;5559;NA;44893;635;2020-12-10;-22415
2020-12-09;"Banskobystrický kraj";323;3850;213;4063;NA;44893;536;2020-12-09;-23050
2020-12-08;"Banskobystrický kraj";256;3787;276;4063;NA;44893;532;2020-12-08;-23586
2020-12-07;"Banskobystrický kraj";175;2380;156;2536;NA;44893;331;2020-12-07;-24118
2020-12-06;"Banskobystrický kraj";121;507;11;518;NA;44893;132;2020-12-06;-24449
2020-12-05;"Banskobystrický kraj";109;1099;34;1133;NA;44893;143;2020-12-05;-24581
2020-12-04;"Banskobystrický kraj";339;3828;174;4002;NA;44893;513;2020-12-04;-24724
2020-12-03;"Banskobystrický kraj";240;3193;234;3427;NA;44893;474;2020-12-03;-25237
2020-12-02;"Banskobystrický kraj";217;4442;186;4628;NA;44893;403;2020-12-02;-25711
2020-12-01;"Banskobystrický kraj";215;2702;134;2836;NA;44893;349;2020-12-01;-26114
2020-11-30;"Banskobystrický kraj";74;4559;257;4816;NA;44893;331;2020-11-30;-26463
2020-11-29;"Banskobystrický kraj";19;208;7;215;NA;44893;26;2020-11-29;-26794
2020-11-28;"Banskobystrický kraj";81;1408;55;1463;NA;44893;136;2020-11-28;-26820
2020-11-27;"Banskobystrický kraj";219;2266;123;2389;NA;44893;342;2020-11-27;-26956
2020-11-26;"Banskobystrický kraj";208;2124;93;2217;NA;44893;301;2020-11-26;-27298
2020-11-25;"Banskobystrický kraj";170;1952;86;2038;NA;44893;256;2020-11-25;-27599
2020-11-24;"Banskobystrický kraj";166;2566;69;2635;NA;44893;235;2020-11-24;-27855
2020-11-23;"Banskobystrický kraj";66;10240;194;10434;NA;44893;260;2020-11-23;-28090
2020-11-22;"Banskobystrický kraj";38;104;1;105;NA;44893;39;2020-11-22;-28350
2020-11-21;"Banskobystrický kraj";52;904;14;918;NA;44893;66;2020-11-21;-28389
2020-11-20;"Banskobystrický kraj";127;2005;107;2112;NA;44893;234;2020-11-20;-28455
2020-11-19;"Banskobystrický kraj";170;1218;82;1300;NA;44893;252;2020-11-19;-28689
2020-11-18;"Banskobystrický kraj";153;698;65;763;NA;44893;218;2020-11-18;-28941
2020-11-17;"Banskobystrický kraj";52;578;35;613;NA;44893;87;2020-11-17;-29159
2020-11-16;"Banskobystrický kraj";106;470;25;495;NA;44893;131;2020-11-16;-29246
2020-11-15;"Banskobystrický kraj";52;301;4;305;NA;44893;56;2020-11-15;-29377
2020-11-14;"Banskobystrický kraj";73;305;2;307;NA;44893;75;2020-11-14;-29433
2020-11-13;"Banskobystrický kraj";157;552;11;563;NA;44893;168;2020-11-13;-29508
2020-11-12;"Banskobystrický kraj";218;952;44;996;NA;44893;262;2020-11-12;-29676
2020-11-11;"Banskobystrický kraj";224;437;9;446;NA;44893;233;2020-11-11;-29938
2020-11-10;"Banskobystrický kraj";263;463;18;481;NA;44893;281;2020-11-10;-30171
2020-11-09;"Banskobystrický kraj";80;2678;31;2709;NA;44893;111;2020-11-09;-30452
2020-11-08;"Banskobystrický kraj";82;981;16;997;NA;44893;98;2020-11-08;-30563
2020-11-07;"Banskobystrický kraj";164;8828;94;8922;NA;44893;258;2020-11-07;-30661
2020-11-06;"Banskobystrický kraj";227;2496;16;2512;NA;44893;243;2020-11-06;-30919
2020-11-05;"Banskobystrický kraj";240;290;33;323;NA;44893;273;2020-11-05;-31162
2020-11-04;"Banskobystrický kraj";254;1366;13;1379;NA;44893;267;2020-11-04;-31435
2020-11-03;"Banskobystrický kraj";246;1332;4;1336;NA;44893;250;2020-11-03;-31702
2020-11-02;"Banskobystrický kraj";90;2909;65;2974;NA;44893;155;2020-11-02;-31952
2020-11-01;"Banskobystrický kraj";101;2671;42;2713;NA;44893;143;2020-11-01;-32107
2020-10-31;"Banskobystrický kraj";199;13516;116;13632;NA;44893;315;2020-10-31;-32250
2020-10-30;"Banskobystrický kraj";254;2829;20;2849;NA;44893;274;2020-10-30;-32565
2020-10-29;"Banskobystrický kraj";372;969;42;1011;NA;44893;414;2020-10-29;-32839
2020-10-28;"Banskobystrický kraj";285;302;30;332;NA;44893;315;2020-10-28;-33253
2020-10-27;"Banskobystrický kraj";266;654;40;694;NA;44893;306;2020-10-27;-33568
2020-10-26;"Banskobystrický kraj";38;234;29;263;NA;44893;67;2020-10-26;-33874
2020-10-25;"Banskobystrický kraj";50;140;11;151;NA;44893;61;2020-10-25;-33941
2020-10-24;"Banskobystrický kraj";315;114;12;126;NA;44893;327;2020-10-24;-34002
2020-10-23;"Banskobystrický kraj";231;230;29;259;NA;44893;260;2020-10-23;-34329
2020-10-22;"Banskobystrický kraj";264;253;24;277;NA;44893;288;2020-10-22;-34589
2020-10-21;"Banskobystrický kraj";209;266;3;269;NA;44893;212;2020-10-21;-34877
2020-10-20;"Banskobystrický kraj";210;66;3;69;NA;44893;213;2020-10-20;-35089
2020-10-19;"Banskobystrický kraj";27;73;12;85;NA;44893;39;2020-10-19;-35302
2020-10-18;"Banskobystrický kraj";49;0;0;0;NA;44893;49;2020-10-18;-35341
2020-10-17;"Banskobystrický kraj";91;0;0;0;NA;44893;91;2020-10-17;-35390
2020-10-16;"Banskobystrický kraj";224;37;3;40;NA;44893;227;2020-10-16;-35481
2020-10-15;"Banskobystrický kraj";133;29;1;30;NA;44893;134;2020-10-15;-35708
2020-10-14;"Banskobystrický kraj";139;31;1;32;NA;44893;140;2020-10-14;-35842
2020-10-13;"Banskobystrický kraj";151;169;11;180;NA;44893;162;2020-10-13;-35982
2020-10-12;"Banskobystrický kraj";11;110;4;114;NA;44893;15;2020-10-12;-36144
2020-10-11;"Banskobystrický kraj";14;0;0;0;NA;44893;14;2020-10-11;-36159
2020-10-10;"Banskobystrický kraj";53;0;0;0;NA;44893;53;2020-10-10;-36173
2020-10-09;"Banskobystrický kraj";128;0;0;0;NA;44893;128;2020-10-09;-36226
2020-10-08;"Banskobystrický kraj";99;0;0;0;NA;44893;99;2020-10-08;-36354
2020-10-07;"Banskobystrický kraj";124;0;0;0;NA;44893;124;2020-10-07;-36453
2020-10-06;"Banskobystrický kraj";68;0;0;0;NA;44893;68;2020-10-06;-36577
2020-10-05;"Banskobystrický kraj";49;0;0;0;NA;44893;49;2020-10-05;-36645
2020-10-04;"Banskobystrický kraj";8;0;0;0;NA;44893;8;2020-10-04;-36694
2020-10-03;"Banskobystrický kraj";37;0;0;0;NA;44893;37;2020-10-03;-36702
2020-10-02;"Banskobystrický kraj";74;0;0;0;NA;44893;74;2020-10-02;-36739
2020-10-01;"Banskobystrický kraj";49;0;0;0;NA;44893;49;2020-10-01;-36813
2020-09-30;"Banskobystrický kraj";60;0;0;0;NA;44893;60;2020-09-30;-36862
2020-09-29;"Banskobystrický kraj";24;0;0;0;NA;44893;24;2020-09-29;-36922
2020-09-28;"Banskobystrický kraj";0;0;0;0;NA;44893;0;2020-09-28;-36946
2020-09-27;"Banskobystrický kraj";20;0;0;0;NA;44893;20;2020-09-27;-36946
2020-09-26;"Banskobystrický kraj";24;0;0;0;NA;44893;24;2020-09-26;-36966
2020-09-25;"Banskobystrický kraj";29;0;0;0;NA;44893;29;2020-09-25;-36990
2020-09-24;"Banskobystrický kraj";25;0;0;0;NA;44893;25;2020-09-24;-37019
2020-09-23;"Banskobystrický kraj";17;0;0;0;NA;44893;17;2020-09-23;-37044
2020-09-22;"Banskobystrický kraj";25;0;0;0;NA;44893;25;2020-09-22;-37061
2020-09-21;"Banskobystrický kraj";3;0;0;0;NA;44893;3;2020-09-21;-37086
2020-09-20;"Banskobystrický kraj";0;0;0;0;NA;44893;0;2020-09-20;-37089
2020-09-19;"Banskobystrický kraj";3;0;0;0;NA;44893;3;2020-09-19;-37089
2020-09-18;"Banskobystrický kraj";24;0;0;0;NA;44893;24;2020-09-18;-37092
2020-09-17;"Banskobystrický kraj";14;0;0;0;NA;44893;14;2020-09-17;-37116
2020-09-16;"Banskobystrický kraj";6;0;0;0;NA;44893;6;2020-09-16;-37130
2020-09-15;"Banskobystrický kraj";2;0;0;0;NA;44893;2;2020-09-15;-37136
2020-09-14;"Banskobystrický kraj";13;0;0;0;NA;44893;13;2020-09-14;-37138
2020-09-13;"Banskobystrický kraj";1;0;0;0;NA;44893;1;2020-09-13;-37151
2020-09-12;"Banskobystrický kraj";5;0;0;0;NA;44893;5;2020-09-12;-37152
2020-09-11;"Banskobystrický kraj";19;0;0;0;NA;44893;19;2020-09-11;-37157
2020-09-10;"Banskobystrický kraj";11;0;0;0;NA;44893;11;2020-09-10;-37176
2020-09-09;"Banskobystrický kraj";13;0;0;0;NA;44893;13;2020-09-09;-37187
2020-09-08;"Banskobystrický kraj";5;0;0;0;NA;44893;5;2020-09-08;-37200
2020-09-07;"Banskobystrický kraj";2;0;0;0;NA;44893;2;2020-09-07;-37205
2020-09-06;"Banskobystrický kraj";0;0;0;0;NA;44893;0;2020-09-06;-37207
2020-09-05;"Banskobystrický kraj";0;0;0;0;NA;44893;0;2020-09-05;-37207
2020-09-04;"Banskobystrický kraj";9;0;0;0;NA;44893;9;2020-09-04;-37207
2020-09-03;"Banskobystrický kraj";5;0;0;0;NA;44893;5;2020-09-03;-37216
2020-09-02;"Banskobystrický kraj";6;0;0;0;NA;44893;6;2020-09-02;-37221
2020-09-01;"Banskobystrický kraj";2;0;0;0;NA;44893;2;2020-09-01;-37227
2020-08-31;"Banskobystrický kraj";6;0;0;0;NA;44893;6;2020-08-31;-37229
2020-08-30;"Banskobystrický kraj";0;0;0;0;NA;44893;0;2020-08-30;-37235
2020-08-29;"Banskobystrický kraj";1;0;0;0;NA;44893;1;2020-08-29;-37235
2020-08-28;"Banskobystrický kraj";3;0;0;0;NA;44893;3;2020-08-28;-37236
2020-08-27;"Banskobystrický kraj";1;0;0;0;NA;44893;1;2020-08-27;-37239
2020-08-26;"Banskobystrický kraj";2;0;0;0;NA;44893;2;2020-08-26;-37240
2020-08-25;"Banskobystrický kraj";2;0;0;0;NA;44893;2;2020-08-25;-37242
2020-08-24;"Banskobystrický kraj";0;0;0;0;NA;44893;0;2020-08-24;-37244
2020-08-23;"Banskobystrický kraj";0;0;0;0;NA;44893;0;2020-08-23;-37244
2020-08-22;"Banskobystrický kraj";0;0;0;0;NA;44893;0;2020-08-22;-37244
2020-08-21;"Banskobystrický kraj";4;0;0;0;NA;44893;4;2020-08-21;-37244
2020-08-20;"Banskobystrický kraj";1;0;0;0;NA;44893;1;2020-08-20;-37248
2020-08-19;"Banskobystrický kraj";4;0;0;0;NA;44893;4;2020-08-19;-37249
2020-08-18;"Banskobystrický kraj";0;0;0;0;NA;44893;0;2020-08-18;-37253
2020-08-17;"Banskobystrický kraj";1;0;0;0;NA;44893;1;2020-08-17;-37253
2020-08-16;"Banskobystrický kraj";0;0;0;0;NA;44893;0;2020-08-16;-37254
2020-08-15;"Banskobystrický kraj";0;0;0;0;NA;44893;0;2020-08-15;-37254
2020-08-14;"Banskobystrický kraj";5;0;0;0;NA;44893;5;2020-08-14;-37254
2020-08-13;"Banskobystrický kraj";0;0;0;0;NA;44893;0;2020-08-13;-37259
2020-08-12;"Banskobystrický kraj";0;0;0;0;NA;44893;0;2020-08-12;-37259
2020-08-11;"Banskobystrický kraj";2;0;0;0;NA;44893;2;2020-08-11;-37259
2020-08-10;"Banskobystrický kraj";3;0;0;0;NA;44893;3;2020-08-10;-37261
2020-08-09;"Banskobystrický kraj";0;0;0;0;NA;44893;0;2020-08-09;-37264
2020-08-08;"Banskobystrický kraj";2;0;0;0;NA;44893;2;2020-08-08;-37264
2020-08-07;"Banskobystrický kraj";1;0;0;0;NA;44893;1;2020-08-07;-37266
2020-08-06;"Banskobystrický kraj";1;0;0;0;NA;44893;1;2020-08-06;-37267
2020-08-05;"Banskobystrický kraj";0;0;0;0;NA;44893;0;2020-08-05;-37268
2020-08-04;"Banskobystrický kraj";3;0;0;0;NA;44893;3;2020-08-04;-37268
2020-08-03;"Banskobystrický kraj";0;0;0;0;NA;44893;0;2020-08-03;-37271
2020-08-02;"Banskobystrický kraj";0;0;0;0;NA;44893;0;2020-08-02;-37271
2020-08-01;"Banskobystrický kraj";1;0;0;0;NA;44893;1;2020-08-01;-37271
2020-07-31;"Banskobystrický kraj";2;0;0;0;NA;44893;2;2020-07-31;-37272
2020-07-30;"Banskobystrický kraj";1;0;0;0;NA;44893;1;2020-07-30;-37274
2020-07-29;"Banskobystrický kraj";0;0;0;0;NA;44893;0;2020-07-29;-37275
2020-07-28;"Banskobystrický kraj";2;0;0;0;NA;44893;2;2020-07-28;-37275
2020-07-27;"Banskobystrický kraj";3;0;0;0;NA;44893;3;2020-07-27;-37277
2020-07-26;"Banskobystrický kraj";0;0;0;0;NA;44893;0;2020-07-26;-37280
2020-07-25;"Banskobystrický kraj";0;0;0;0;NA;44893;0;2020-07-25;-37280
2020-07-24;"Banskobystrický kraj";9;0;0;0;NA;44893;9;2020-07-24;-37280
2020-07-23;"Banskobystrický kraj";0;0;0;0;NA;44893;0;2020-07-23;-37289
2020-07-22;"Banskobystrický kraj";3;0;0;0;NA;44893;3;2020-07-22;-37289
2020-07-21;"Banskobystrický kraj";3;0;0;0;NA;44893;3;2020-07-21;-37292
2020-07-20;"Banskobystrický kraj";1;0;0;0;NA;44893;1;2020-07-20;-37295
2020-07-19;"Banskobystrický kraj";1;0;0;0;NA;44893;1;2020-07-19;-37296
2020-07-18;"Banskobystrický kraj";0;0;0;0;NA;44893;0;2020-07-18;-37297
2020-07-17;"Banskobystrický kraj";2;0;0;0;NA;44893;2;2020-07-17;-37297
2020-07-16;"Banskobystrický kraj";1;0;0;0;NA;44893;1;2020-07-16;-37299
2020-07-15;"Banskobystrický kraj";4;0;0;0;NA;44893;4;2020-07-15;-37300
2020-07-14;"Banskobystrický kraj";2;0;0;0;NA;44893;2;2020-07-14;-37304
2020-07-13;"Banskobystrický kraj";1;0;0;0;NA;44893;1;2020-07-13;-37306
2020-07-12;"Banskobystrický kraj";0;0;0;0;NA;44893;0;2020-07-12;-37307
2020-07-11;"Banskobystrický kraj";0;0;0;0;NA;44893;0;2020-07-11;-37307
2020-07-10;"Banskobystrický kraj";3;0;0;0;NA;44893;3;2020-07-10;-37307
2020-07-09;"Banskobystrický kraj";9;0;0;0;NA;44893;9;2020-07-09;-37310
2020-07-08;"Banskobystrický kraj";0;0;0;0;NA;44893;0;2020-07-08;-37319
2020-07-07;"Banskobystrický kraj";4;0;0;0;NA;44893;4;2020-07-07;-37319
2020-07-06;"Banskobystrický kraj";0;0;0;0;NA;44893;0;2020-07-06;-37323
2020-07-05;"Banskobystrický kraj";0;0;0;0;NA;44893;0;2020-07-05;-37323
2020-07-04;"Banskobystrický kraj";1;0;0;0;NA;44893;1;2020-07-04;-37323
2020-07-03;"Banskobystrický kraj";4;0;0;0;NA;44893;4;2020-07-03;-37324
2020-07-02;"Banskobystrický kraj";0;0;0;0;NA;44893;0;2020-07-02;-37328
2020-07-01;"Banskobystrický kraj";1;0;0;0;NA;44893;1;2020-07-01;-37328
2020-06-30;"Banskobystrický kraj";0;0;0;0;NA;44893;0;2020-06-30;-37329
2020-06-29;"Banskobystrický kraj";0;0;0;0;NA;44893;0;2020-06-29;-37329
2020-06-28;"Banskobystrický kraj";0;0;0;0;NA;44893;0;2020-06-28;-37329
2020-06-27;"Banskobystrický kraj";0;0;0;0;NA;44893;0;2020-06-27;-37329
2020-06-26;"Banskobystrický kraj";0;0;0;0;NA;44893;0;2020-06-26;-37329
2020-06-25;"Banskobystrický kraj";1;0;0;0;NA;44893;1;2020-06-25;-37329
2020-06-24;"Banskobystrický kraj";0;0;0;0;NA;44893;0;2020-06-24;-37330
2020-06-23;"Banskobystrický kraj";6;0;0;0;NA;44893;6;2020-06-23;-37330
2020-06-22;"Banskobystrický kraj";0;0;0;0;NA;44893;0;2020-06-22;-37336
2020-06-21;"Banskobystrický kraj";0;0;0;0;NA;44893;0;2020-06-21;-37336
2020-06-20;"Banskobystrický kraj";0;0;0;0;NA;44893;0;2020-06-20;-37336
2020-06-19;"Banskobystrický kraj";2;0;0;0;NA;44893;2;2020-06-19;-37336
2020-06-18;"Banskobystrický kraj";10;0;0;0;NA;44893;10;2020-06-18;-37338
2020-06-17;"Banskobystrický kraj";1;0;0;0;NA;44893;1;2020-06-17;-37348
2020-06-16;"Banskobystrický kraj";0;0;0;0;NA;44893;0;2020-06-16;-37349
2020-06-14;"Banskobystrický kraj";2;0;0;0;NA;44893;2;2020-06-14;-37349
2020-06-13;"Banskobystrický kraj";2;0;0;0;NA;44893;2;2020-06-13;-37351
2020-06-12;"Banskobystrický kraj";0;0;0;0;NA;44893;0;2020-06-12;-37353
2020-06-11;"Banskobystrický kraj";1;0;0;0;NA;44893;1;2020-06-11;-37353
2020-06-10;"Banskobystrický kraj";0;0;0;0;NA;44893;0;2020-06-10;-37354
2020-06-09;"Banskobystrický kraj";0;0;0;0;NA;44893;0;2020-06-09;-37354
2020-06-08;"Banskobystrický kraj";0;0;0;0;NA;44893;0;2020-06-08;-37354
2020-06-07;"Banskobystrický kraj";0;0;0;0;NA;44893;0;2020-06-07;-37354
2020-06-05;"Banskobystrický kraj";2;0;0;0;NA;44893;2;2020-06-05;-37354
2020-06-03;"Banskobystrický kraj";0;0;0;0;NA;44893;0;2020-06-03;-37356
2020-06-02;"Banskobystrický kraj";0;0;0;0;NA;44893;0;2020-06-02;-37356
2020-05-31;"Banskobystrický kraj";0;0;0;0;NA;44893;0;2020-05-31;-37356
2020-05-29;"Banskobystrický kraj";0;0;0;0;NA;44893;0;2020-05-29;-37356
2020-05-27;"Banskobystrický kraj";1;0;0;0;NA;44893;1;2020-05-27;-37356
2020-05-26;"Banskobystrický kraj";0;0;0;0;NA;44893;0;2020-05-26;-37357
2020-05-25;"Banskobystrický kraj";0;0;0;0;NA;44893;0;2020-05-25;-37357
2020-05-24;"Banskobystrický kraj";0;0;0;0;NA;44893;0;2020-05-24;-37357
2020-05-23;"Banskobystrický kraj";1;0;0;0;NA;44893;1;2020-05-23;-37357
2020-05-22;"Banskobystrický kraj";0;0;0;0;NA;44893;0;2020-05-22;-37358
2020-05-21;"Banskobystrický kraj";0;0;0;0;NA;44893;0;2020-05-21;-37358
2020-05-20;"Banskobystrický kraj";1;0;0;0;NA;44893;1;2020-05-20;-37358
2020-05-19;"Banskobystrický kraj";0;0;0;0;NA;44893;0;2020-05-19;-37359
2020-05-17;"Banskobystrický kraj";0;0;0;0;NA;44893;0;2020-05-17;-37359
2020-05-16;"Banskobystrický kraj";0;0;0;0;NA;44893;0;2020-05-16;-37359
2020-05-15;"Banskobystrický kraj";0;0;0;0;NA;44893;0;2020-05-15;-37359
2020-05-14;"Banskobystrický kraj";0;0;0;0;NA;44893;0;2020-05-14;-37359
2020-05-13;"Banskobystrický kraj";0;0;0;0;NA;44893;0;2020-05-13;-37359
2020-05-12;"Banskobystrický kraj";1;0;0;0;NA;44893;1;2020-05-12;-37359
2020-05-11;"Banskobystrický kraj";0;0;0;0;NA;44893;0;2020-05-11;-37360
2020-05-09;"Banskobystrický kraj";0;0;0;0;NA;44893;0;2020-05-09;-37360
2020-05-07;"Banskobystrický kraj";2;0;0;0;NA;44893;2;2020-05-07;-37360
2020-05-06;"Banskobystrický kraj";1;0;0;0;NA;44893;1;2020-05-06;-37362
2020-05-05;"Banskobystrický kraj";2;0;0;0;NA;44893;2;2020-05-05;-37363
2020-05-04;"Banskobystrický kraj";0;0;0;0;NA;44893;0;2020-05-04;-37365
2020-05-03;"Banskobystrický kraj";0;0;0;0;NA;44893;0;2020-05-03;-37365
2020-05-02;"Banskobystrický kraj";0;0;0;0;NA;44893;0;2020-05-02;-37365
2020-05-01;"Banskobystrický kraj";0;0;0;0;NA;44893;0;2020-05-01;-37365
2020-04-30;"Banskobystrický kraj";1;0;0;0;NA;44893;1;2020-04-30;-37365
2020-04-29;"Banskobystrický kraj";1;0;0;0;NA;44893;1;2020-04-29;-37366
2020-04-28;"Banskobystrický kraj";0;0;0;0;NA;44893;0;2020-04-28;-37367
2020-04-27;"Banskobystrický kraj";0;0;0;0;NA;44893;0;2020-04-27;-37367
2020-04-26;"Banskobystrický kraj";0;0;0;0;NA;44893;0;2020-04-26;-37367
2020-04-25;"Banskobystrický kraj";2;0;0;0;NA;44893;2;2020-04-25;-37367
2020-04-24;"Banskobystrický kraj";3;0;0;0;NA;44893;3;2020-04-24;-37369
2020-04-23;"Banskobystrický kraj";2;0;0;0;NA;44893;2;2020-04-23;-37372
2020-04-22;"Banskobystrický kraj";2;0;0;0;NA;44893;2;2020-04-22;-37374
2020-04-21;"Banskobystrický kraj";2;0;0;0;NA;44893;2;2020-04-21;-37376
2020-04-20;"Banskobystrický kraj";0;0;0;0;NA;44893;0;2020-04-20;-37378
2020-04-19;"Banskobystrický kraj";0;0;0;0;NA;44893;0;2020-04-19;-37378
2020-04-18;"Banskobystrický kraj";8;0;0;0;NA;44893;8;2020-04-18;-37378
2020-04-17;"Banskobystrický kraj";2;0;0;0;NA;44893;2;2020-04-17;-37386
2020-04-16;"Banskobystrický kraj";0;0;0;0;NA;44893;0;2020-04-16;-37388
2020-04-15;"Banskobystrický kraj";10;0;0;0;NA;44893;10;2020-04-15;-37388
2020-04-14;"Banskobystrický kraj";0;0;0;0;NA;44893;0;2020-04-14;-37398
2020-04-13;"Banskobystrický kraj";2;0;0;0;NA;44893;2;2020-04-13;-37398
2020-04-12;"Banskobystrický kraj";4;0;0;0;NA;44893;4;2020-04-12;-37400
2020-04-11;"Banskobystrický kraj";1;0;0;0;NA;44893;1;2020-04-11;-37404
2020-04-10;"Banskobystrický kraj";0;0;0;0;NA;44893;0;2020-04-10;-37405
2020-04-09;"Banskobystrický kraj";2;0;0;0;NA;44893;2;2020-04-09;-37405
2020-04-08;"Banskobystrický kraj";0;0;0;0;NA;44893;0;2020-04-08;-37407
2020-04-07;"Banskobystrický kraj";4;0;0;0;NA;44893;4;2020-04-07;-37407
2020-04-06;"Banskobystrický kraj";10;0;0;0;NA;44893;10;2020-04-06;-37411
2020-04-05;"Banskobystrický kraj";9;0;0;0;NA;44893;9;2020-04-05;-37421
2020-04-04;"Banskobystrický kraj";0;0;0;0;NA;44893;0;2020-04-04;-37430
2020-04-03;"Banskobystrický kraj";2;0;0;0;NA;44893;2;2020-04-03;-37430
2020-04-02;"Banskobystrický kraj";2;0;0;0;NA;44893;2;2020-04-02;-37432
2020-04-01;"Banskobystrický kraj";5;0;0;0;NA;44893;5;2020-04-01;-37434
2020-03-31;"Banskobystrický kraj";3;0;0;0;NA;44893;3;2020-03-31;-37439
2020-03-30;"Banskobystrický kraj";1;0;0;0;NA;44893;1;2020-03-30;-37442
2020-03-29;"Banskobystrický kraj";2;0;0;0;NA;44893;2;2020-03-29;-37443
2020-03-28;"Banskobystrický kraj";1;0;0;0;NA;44893;1;2020-03-28;-37445
2020-03-27;"Banskobystrický kraj";1;531;4;535;NA;44893;5;2020-03-27;-37446
2020-03-26;"Banskobystrický kraj";1;0;0;0;NA;44893;1;2020-03-26;-37451
2020-03-25;"Banskobystrický kraj";0;0;0;0;NA;44893;0;2020-03-25;-37452
2020-03-24;"Banskobystrický kraj";1;0;0;0;NA;44893;1;2020-03-24;-37452
2020-03-23;"Banskobystrický kraj";1;0;0;0;NA;44893;1;2020-03-23;-37453
2020-03-22;"Banskobystrický kraj";0;0;0;0;NA;44893;0;2020-03-22;-37454
2020-03-21;"Banskobystrický kraj";3;0;0;0;NA;44893;3;2020-03-21;-37454
2020-03-20;"Banskobystrický kraj";0;0;0;0;NA;44893;0;2020-03-20;-37457
2020-03-19;"Banskobystrický kraj";2;0;0;0;NA;44893;2;2020-03-19;-37457
2020-03-18;"Banskobystrický kraj";1;0;0;0;NA;44893;1;2020-03-18;-37459
2020-03-17;"Banskobystrický kraj";1;0;0;0;NA;44893;1;2020-03-17;-37460
2020-03-16;"Banskobystrický kraj";0;0;0;0;NA;44893;0;2020-03-16;-37461
2020-03-15;"Banskobystrický kraj";1;0;0;0;NA;44893;1;2020-03-15;-37461
2020-03-14;"Banskobystrický kraj";0;0;0;0;NA;44893;0;2020-03-14;-37462
2020-03-13;"Banskobystrický kraj";1;0;0;0;NA;44893;1;2020-03-13;-37462
2020-03-12;"Banskobystrický kraj";0;0;0;0;NA;44893;0;2020-03-12;-37463
2020-03-11;"Banskobystrický kraj";0;0;0;0;NA;44893;0;2020-03-11;-37463
2020-03-09;"Banskobystrický kraj";0;0;0;0;NA;44893;0;2020-03-09;-37463
2020-03-08;"Banskobystrický kraj";0;0;0;0;NA;44893;0;2020-03-08;-37463
2020-03-07;"Banskobystrický kraj";0;0;0;0;NA;44893;0;2020-03-07;-37463
2020-03-06;"Banskobystrický kraj";0;0;0;0;NA;44893;0;2020-03-06;-37463
2021-05-08;"Bratislavský kraj";5;17167;21;17188;NA;45560;26;2021-05-08;45560
2021-05-07;"Bratislavský kraj";32;21649;49;21698;NA;45560;81;2021-05-07;45534
2021-05-06;"Bratislavský kraj";19;18728;48;18776;NA;45560;67;2021-05-06;45453
2021-05-05;"Bratislavský kraj";29;14484;27;14511;NA;45560;56;2021-05-05;45386
2021-05-04;"Bratislavský kraj";46;17823;56;17879;NA;45560;102;2021-05-04;45330
2021-05-03;"Bratislavský kraj";37;21345;59;21404;NA;45560;96;2021-05-03;45228
2021-05-02;"Bratislavský kraj";38;34684;61;34745;NA;45560;99;2021-05-02;45132
2021-05-01;"Bratislavský kraj";11;39670;40;39710;NA;45560;51;2021-05-01;45033
2021-04-30;"Bratislavský kraj";43;43607;77;43684;NA;45560;120;2021-04-30;44982
2021-04-29;"Bratislavský kraj";48;28102;89;28191;NA;45560;137;2021-04-29;44862
2021-04-28;"Bratislavský kraj";40;26621;69;26690;NA;45560;109;2021-04-28;44725
2021-04-27;"Bratislavský kraj";41;28198;45;28243;NA;45560;86;2021-04-27;44616
2021-04-26;"Bratislavský kraj";59;32108;90;32198;NA;45560;149;2021-04-26;44530
2021-04-25;"Bratislavský kraj";8;47498;61;47559;NA;45560;69;2021-04-25;44381
2021-04-24;"Bratislavský kraj";28;66786;59;66845;NA;45560;87;2021-04-24;44312
2021-04-23;"Bratislavský kraj";70;46888;63;46951;NA;45560;133;2021-04-23;44225
2021-04-22;"Bratislavský kraj";39;28951;66;29017;NA;45560;105;2021-04-22;44092
2021-04-21;"Bratislavský kraj";48;29717;62;29779;NA;45560;110;2021-04-21;43987
2021-04-20;"Bratislavský kraj";58;34555;62;34617;NA;45560;120;2021-04-20;43877
2021-04-19;"Bratislavský kraj";48;39177;80;39257;NA;45560;128;2021-04-19;43757
2021-04-18;"Bratislavský kraj";35;61935;76;62011;NA;45560;111;2021-04-18;43629
2021-04-17;"Bratislavský kraj";13;78620;111;78731;NA;45560;124;2021-04-17;43518
2021-04-16;"Bratislavský kraj";62;46670;80;46750;NA;45560;142;2021-04-16;43394
2021-04-15;"Bratislavský kraj";34;31599;74;31673;NA;45560;108;2021-04-15;43252
2021-04-14;"Bratislavský kraj";65;33094;88;33182;NA;45560;153;2021-04-14;43144
2021-04-13;"Bratislavský kraj";82;34999;82;35081;NA;45560;164;2021-04-13;42991
2021-04-12;"Bratislavský kraj";77;43408;115;43523;NA;45560;192;2021-04-12;42827
2021-04-11;"Bratislavský kraj";42;59463;123;59586;NA;45560;165;2021-04-11;42635
2021-04-10;"Bratislavský kraj";14;76300;167;76467;NA;45560;181;2021-04-10;42470
2021-04-09;"Bratislavský kraj";72;41759;97;41856;NA;45560;169;2021-04-09;42289
2021-04-08;"Bratislavský kraj";71;29886;94;29980;NA;45560;165;2021-04-08;42120
2021-04-07;"Bratislavský kraj";96;37441;102;37543;NA;45560;198;2021-04-07;41955
2021-04-06;"Bratislavský kraj";94;54995;177;55172;NA;45560;271;2021-04-06;41757
2021-04-05;"Bratislavský kraj";85;18532;87;18619;NA;45560;172;2021-04-05;41486
2021-04-04;"Bratislavský kraj";37;27478;73;27551;NA;45560;110;2021-04-04;41314
2021-04-03;"Bratislavský kraj";52;79544;231;79775;NA;45560;283;2021-04-03;41204
2021-04-02;"Bratislavský kraj";33;23954;104;24058;NA;45560;137;2021-04-02;40921
2021-04-01;"Bratislavský kraj";119;56830;159;56989;NA;45560;278;2021-04-01;40784
2021-03-31;"Bratislavský kraj";105;44966;149;45115;NA;45560;254;2021-03-31;40506
2021-03-30;"Bratislavský kraj";100;38586;142;38728;NA;45560;242;2021-03-30;40252
2021-03-29;"Bratislavský kraj";153;39951;176;40127;NA;45560;329;2021-03-29;40010
2021-03-28;"Bratislavský kraj";59;53341;137;53478;NA;45560;196;2021-03-28;39681
2021-03-27;"Bratislavský kraj";53;78388;238;78626;NA;45560;291;2021-03-27;39485
2021-03-26;"Bratislavský kraj";114;55460;190;55650;NA;45560;304;2021-03-26;39194
2021-03-25;"Bratislavský kraj";76;36175;170;36345;NA;45560;246;2021-03-25;38890
2021-03-24;"Bratislavský kraj";120;30072;200;30272;NA;45560;320;2021-03-24;38644
2021-03-23;"Bratislavský kraj";138;35616;189;35805;NA;45560;327;2021-03-23;38324
2021-03-22;"Bratislavský kraj";110;42188;218;42406;NA;45560;328;2021-03-22;37997
2021-03-21;"Bratislavský kraj";54;61297;212;61509;NA;45560;266;2021-03-21;37669
2021-03-20;"Bratislavský kraj";59;71927;227;72154;NA;45560;286;2021-03-20;37403
2021-03-19;"Bratislavský kraj";139;53826;255;54081;NA;45560;394;2021-03-19;37117
2021-03-18;"Bratislavský kraj";142;33803;190;33993;NA;45560;332;2021-03-18;36723
2021-03-17;"Bratislavský kraj";177;30071;215;30286;NA;45560;392;2021-03-17;36391
2021-03-16;"Bratislavský kraj";258;36306;282;36588;NA;45560;540;2021-03-16;35999
2021-03-15;"Bratislavský kraj";180;37436;251;37687;NA;45560;431;2021-03-15;35459
2021-03-14;"Bratislavský kraj";75;51470;270;51740;NA;45560;345;2021-03-14;35028
2021-03-13;"Bratislavský kraj";110;79609;329;79938;NA;45560;439;2021-03-13;34683
2021-03-12;"Bratislavský kraj";152;54397;301;54698;NA;45560;453;2021-03-12;34244
2021-03-11;"Bratislavský kraj";178;34189;281;34470;NA;45560;459;2021-03-11;33791
2021-03-10;"Bratislavský kraj";164;30634;273;30907;NA;45560;437;2021-03-10;33332
2021-03-09;"Bratislavský kraj";242;37590;267;37857;NA;45560;509;2021-03-09;32895
2021-03-08;"Bratislavský kraj";255;40440;343;40783;NA;45560;598;2021-03-08;32386
2021-03-07;"Bratislavský kraj";142;51537;290;51827;NA;45560;432;2021-03-07;31788
2021-03-06;"Bratislavský kraj";79;71387;412;71799;NA;45560;491;2021-03-06;31356
2021-03-05;"Bratislavský kraj";238;50431;292;50723;NA;45560;530;2021-03-05;30865
2021-03-04;"Bratislavský kraj";204;34503;344;34847;NA;45560;548;2021-03-04;30335
2021-03-03;"Bratislavský kraj";250;30406;364;30770;NA;45560;614;2021-03-03;29787
2021-03-02;"Bratislavský kraj";267;39505;388;39893;NA;45560;655;2021-03-02;29173
2021-03-01;"Bratislavský kraj";320;37797;432;38229;NA;45560;752;2021-03-01;28518
2021-02-28;"Bratislavský kraj";184;49969;323;50292;NA;45560;507;2021-02-28;27766
2021-02-27;"Bratislavský kraj";151;76807;465;77272;NA;45560;616;2021-02-27;27259
2021-02-26;"Bratislavský kraj";277;47198;400;47598;NA;45560;677;2021-02-26;26643
2021-02-25;"Bratislavský kraj";277;28425;405;28830;NA;45560;682;2021-02-25;25966
2021-02-24;"Bratislavský kraj";217;26917;412;27329;NA;45560;629;2021-02-24;25284
2021-02-23;"Bratislavský kraj";257;30781;395;31176;NA;45560;652;2021-02-23;24655
2021-02-22;"Bratislavský kraj";353;36250;480;36730;NA;45560;833;2021-02-22;24003
2021-02-21;"Bratislavský kraj";185;50102;379;50481;NA;45560;564;2021-02-21;23170
2021-02-20;"Bratislavský kraj";167;74750;550;75300;NA;45560;717;2021-02-20;22606
2021-02-19;"Bratislavský kraj";280;44679;415;45094;NA;45560;695;2021-02-19;21889
2021-02-18;"Bratislavský kraj";263;26277;371;26648;NA;45560;634;2021-02-18;21194
2021-02-17;"Bratislavský kraj";264;22231;316;22547;NA;45560;580;2021-02-17;20560
2021-02-16;"Bratislavský kraj";289;27745;354;28099;NA;45560;643;2021-02-16;19980
2021-02-15;"Bratislavský kraj";248;36734;396;37130;NA;45560;644;2021-02-15;19337
2021-02-14;"Bratislavský kraj";153;43274;308;43582;NA;45560;461;2021-02-14;18693
2021-02-13;"Bratislavský kraj";173;68529;515;69044;NA;45560;688;2021-02-13;18232
2021-02-12;"Bratislavský kraj";282;35610;327;35937;NA;45560;609;2021-02-12;17544
2021-02-11;"Bratislavský kraj";337;24183;290;24473;NA;45560;627;2021-02-11;16935
2021-02-10;"Bratislavský kraj";314;22817;359;23176;NA;45560;673;2021-02-10;16308
2021-02-09;"Bratislavský kraj";287;36195;454;36649;NA;45560;741;2021-02-09;15635
2021-02-08;"Bratislavský kraj";484;31697;397;32094;NA;45560;881;2021-02-08;14894
2021-02-07;"Bratislavský kraj";243;46239;398;46637;NA;45560;641;2021-02-07;14013
2021-02-06;"Bratislavský kraj";116;62560;508;63068;NA;45560;624;2021-02-06;13372
2021-02-05;"Bratislavský kraj";327;27071;375;27446;NA;45560;702;2021-02-05;12748
2021-02-04;"Bratislavský kraj";555;16434;348;16782;NA;45560;903;2021-02-04;12046
2021-02-03;"Bratislavský kraj";161;12853;351;13204;NA;45560;512;2021-02-03;11143
2021-02-02;"Bratislavský kraj";397;25627;480;26107;NA;45560;877;2021-02-02;10631
2021-02-01;"Bratislavský kraj";221;35186;513;35699;NA;45560;734;2021-02-01;9754
2021-01-31;"Bratislavský kraj";180;35623;425;36048;NA;45560;605;2021-01-31;9020
2021-01-30;"Bratislavský kraj";310;49564;521;50085;NA;45560;831;2021-01-30;8415
2021-01-29;"Bratislavský kraj";344;16200;341;16541;NA;45560;685;2021-01-29;7584
2021-01-28;"Bratislavský kraj";307;10679;297;10976;NA;45560;604;2021-01-28;6899
2021-01-27;"Bratislavský kraj";336;22093;345;22438;NA;45560;681;2021-01-27;6295
2021-01-26;"Bratislavský kraj";297;22078;308;22386;NA;45560;605;2021-01-26;5614
2021-01-25;"Bratislavský kraj";356;22405;248;22653;NA;45560;604;2021-01-25;5009
2021-01-24;"Bratislavský kraj";175;37754;391;38145;NA;45560;566;2021-01-24;4405
2021-01-23;"Bratislavský kraj";396;79317;703;80020;NA;45560;1099;2021-01-23;3839
2021-01-22;"Bratislavský kraj";199;41863;365;42228;NA;45560;564;2021-01-22;2740
2021-01-21;"Bratislavský kraj";255;105639;1317;106956;NA;45560;1572;2021-01-21;2176
2021-01-20;"Bratislavský kraj";360;26667;450;27117;NA;45560;810;2021-01-20;604
2021-01-19;"Bratislavský kraj";375;14163;346;14509;NA;45560;721;2021-01-19;-206
2021-01-18;"Bratislavský kraj";357;11977;707;12684;NA;45560;1064;2021-01-18;-927
2021-01-17;"Bratislavský kraj";244;426;26;452;NA;45560;270;2021-01-17;-1991
2021-01-16;"Bratislavský kraj";70;2908;156;3064;NA;45560;226;2021-01-16;-2261
2021-01-15;"Bratislavský kraj";251;7744;256;8000;NA;45560;507;2021-01-15;-2487
2021-01-14;"Bratislavský kraj";363;8316;273;8589;NA;45560;636;2021-01-14;-2994
2021-01-13;"Bratislavský kraj";336;8040;329;8369;NA;45560;665;2021-01-13;-3630
2021-01-12;"Bratislavský kraj";450;9568;464;10032;NA;45560;914;2021-01-12;-4295
2021-01-11;"Bratislavský kraj";397;19291;380;19671;NA;45560;777;2021-01-11;-5209
2021-01-10;"Bratislavský kraj";252;1350;79;1429;NA;45560;331;2021-01-10;-5986
2021-01-09;"Bratislavský kraj";351;4946;291;5237;NA;45560;642;2021-01-09;-6317
2021-01-08;"Bratislavský kraj";556;9882;436;10318;NA;45560;992;2021-01-08;-6959
2021-01-07;"Bratislavský kraj";537;7161;412;7573;NA;45560;949;2021-01-07;-7951
2021-01-06;"Bratislavský kraj";271;3075;216;3291;NA;45560;487;2021-01-06;-8900
2021-01-05;"Bratislavský kraj";619;10730;844;11574;NA;45560;1463;2021-01-05;-9387
2021-01-04;"Bratislavský kraj";601;7381;606;7987;NA;45560;1207;2021-01-04;-10850
2021-01-03;"Bratislavský kraj";77;394;41;435;NA;45560;118;2021-01-03;-12057
2021-01-02;"Bratislavský kraj";185;384;57;441;NA;45560;242;2021-01-02;-12175
2021-01-01;"Bratislavský kraj";235;3210;131;3341;NA;45560;366;2021-01-01;-12417
2020-12-31;"Bratislavský kraj";925;14633;589;15222;NA;45560;1514;2020-12-31;-12783
2020-12-30;"Bratislavský kraj";650;9332;528;9860;NA;45560;1178;2020-12-30;-14297
2020-12-29;"Bratislavský kraj";303;10365;776;11141;NA;45560;1079;2020-12-29;-15475
2020-12-28;"Bratislavský kraj";255;7687;560;8247;NA;45560;815;2020-12-28;-16554
2020-12-27;"Bratislavský kraj";160;659;76;735;NA;45560;236;2020-12-27;-17369
2020-12-26;"Bratislavský kraj";75;426;27;453;NA;45560;102;2020-12-26;-17605
2020-12-25;"Bratislavský kraj";114;460;38;498;NA;45560;152;2020-12-25;-17707
2020-12-24;"Bratislavský kraj";536;3381;102;3483;NA;45560;638;2020-12-24;-17859
2020-12-23;"Bratislavský kraj";416;13159;500;13659;NA;45560;916;2020-12-23;-18497
2020-12-22;"Bratislavský kraj";327;15248;772;16020;NA;45560;1099;2020-12-22;-19413
2020-12-21;"Bratislavský kraj";392;14970;2007;16977;NA;45560;2399;2020-12-21;-20512
2020-12-20;"Bratislavský kraj";180;643;54;697;NA;45560;234;2020-12-20;-22911
2020-12-19;"Bratislavský kraj";396;3164;130;3294;NA;45560;526;2020-12-19;-23145
2020-12-18;"Bratislavský kraj";306;10672;401;11073;NA;45560;707;2020-12-18;-23671
2020-12-17;"Bratislavský kraj";502;10217;412;10629;NA;45560;914;2020-12-17;-24378
2020-12-16;"Bratislavský kraj";282;10546;452;10998;NA;45560;734;2020-12-16;-25292
2020-12-15;"Bratislavský kraj";423;10741;479;11220;NA;45560;902;2020-12-15;-26026
2020-12-14;"Bratislavský kraj";279;6526;293;6819;NA;45560;572;2020-12-14;-26928
2020-12-13;"Bratislavský kraj";125;123;10;133;NA;45560;135;2020-12-13;-27500
2020-12-12;"Bratislavský kraj";361;3863;157;4020;NA;45560;518;2020-12-12;-27635
2020-12-11;"Bratislavský kraj";326;7203;289;7492;NA;45560;615;2020-12-11;-28153
2020-12-10;"Bratislavský kraj";286;5104;209;5313;NA;45560;495;2020-12-10;-28768
2020-12-09;"Bratislavský kraj";382;4712;178;4890;NA;45560;560;2020-12-09;-29263
2020-12-08;"Bratislavský kraj";234;5793;207;6000;NA;45560;441;2020-12-08;-29823
2020-12-07;"Bratislavský kraj";272;4078;152;4230;NA;45560;424;2020-12-07;-30264
2020-12-06;"Bratislavský kraj";61;1586;52;1638;NA;45560;113;2020-12-06;-30688
2020-12-05;"Bratislavský kraj";266;2148;41;2189;NA;45560;307;2020-12-05;-30801
2020-12-04;"Bratislavský kraj";200;4789;99;4888;NA;45560;299;2020-12-04;-31108
2020-12-03;"Bratislavský kraj";213;5071;95;5166;NA;45560;308;2020-12-03;-31407
2020-12-02;"Bratislavský kraj";205;2831;95;2926;NA;45560;300;2020-12-02;-31715
2020-12-01;"Bratislavský kraj";255;3943;204;4147;NA;45560;459;2020-12-01;-32015
2020-11-30;"Bratislavský kraj";152;2153;121;2274;NA;45560;273;2020-11-30;-32474
2020-11-29;"Bratislavský kraj";52;201;24;225;NA;45560;76;2020-11-29;-32747
2020-11-28;"Bratislavský kraj";232;2624;33;2657;NA;45560;265;2020-11-28;-32823
2020-11-27;"Bratislavský kraj";54;2540;64;2604;NA;45560;118;2020-11-27;-33088
2020-11-26;"Bratislavský kraj";129;1976;60;2036;NA;45560;189;2020-11-26;-33206
2020-11-25;"Bratislavský kraj";140;1770;47;1817;NA;45560;187;2020-11-25;-33395
2020-11-24;"Bratislavský kraj";81;2988;67;3055;NA;45560;148;2020-11-24;-33582
2020-11-23;"Bratislavský kraj";67;7083;58;7141;NA;45560;125;2020-11-23;-33730
2020-11-22;"Bratislavský kraj";36;81;7;88;NA;45560;43;2020-11-22;-33855
2020-11-21;"Bratislavský kraj";109;2126;47;2173;NA;45560;156;2020-11-21;-33898
2020-11-20;"Bratislavský kraj";118;2876;48;2924;NA;45560;166;2020-11-20;-34054
2020-11-19;"Bratislavský kraj";173;987;29;1016;NA;45560;202;2020-11-19;-34220
2020-11-18;"Bratislavský kraj";118;616;75;691;NA;45560;193;2020-11-18;-34422
2020-11-17;"Bratislavský kraj";108;928;23;951;NA;45560;131;2020-11-17;-34615
2020-11-16;"Bratislavský kraj";82;651;9;660;NA;45560;91;2020-11-16;-34746
2020-11-15;"Bratislavský kraj";47;236;0;236;NA;45560;47;2020-11-15;-34837
2020-11-14;"Bratislavský kraj";53;1834;15;1849;NA;45560;68;2020-11-14;-34884
2020-11-13;"Bratislavský kraj";94;2096;21;2117;NA;45560;115;2020-11-13;-34952
2020-11-12;"Bratislavský kraj";141;1727;6;1733;NA;45560;147;2020-11-12;-35067
2020-11-11;"Bratislavský kraj";159;1429;12;1441;NA;45560;171;2020-11-11;-35214
2020-11-10;"Bratislavský kraj";136;805;14;819;NA;45560;150;2020-11-10;-35385
2020-11-09;"Bratislavský kraj";70;616;8;624;NA;45560;78;2020-11-09;-35535
2020-11-08;"Bratislavský kraj";82;869;6;875;NA;45560;88;2020-11-08;-35613
2020-11-07;"Bratislavský kraj";88;4039;17;4056;NA;45560;105;2020-11-07;-35701
2020-11-06;"Bratislavský kraj";281;6441;25;6466;NA;45560;306;2020-11-06;-35806
2020-11-05;"Bratislavský kraj";175;476;11;487;NA;45560;186;2020-11-05;-36112
2020-11-04;"Bratislavský kraj";65;411;10;421;NA;45560;75;2020-11-04;-36298
2020-11-03;"Bratislavský kraj";251;1085;12;1097;NA;45560;263;2020-11-03;-36373
2020-11-02;"Bratislavský kraj";202;3365;22;3387;NA;45560;224;2020-11-02;-36636
2020-11-01;"Bratislavský kraj";227;8694;39;8733;NA;45560;266;2020-11-01;-36860
2020-10-31;"Bratislavský kraj";173;22407;123;22530;NA;45560;296;2020-10-31;-37126
2020-10-30;"Bratislavský kraj";158;17350;138;17488;NA;45560;296;2020-10-30;-37422
2020-10-29;"Bratislavský kraj";262;116;4;120;NA;45560;266;2020-10-29;-37718
2020-10-28;"Bratislavský kraj";220;260;15;275;NA;45560;235;2020-10-28;-37984
2020-10-27;"Bratislavský kraj";256;145;4;149;NA;45560;260;2020-10-27;-38219
2020-10-26;"Bratislavský kraj";123;229;11;240;NA;45560;134;2020-10-26;-38479
2020-10-25;"Bratislavský kraj";152;33;2;35;NA;45560;154;2020-10-25;-38613
2020-10-24;"Bratislavský kraj";170;221;6;227;NA;45560;176;2020-10-24;-38767
2020-10-23;"Bratislavský kraj";151;144;8;152;NA;45560;159;2020-10-23;-38943
2020-10-22;"Bratislavský kraj";192;204;15;219;NA;45560;207;2020-10-22;-39102
2020-10-21;"Bratislavský kraj";66;90;6;96;NA;45560;72;2020-10-21;-39309
2020-10-20;"Bratislavský kraj";183;97;4;101;NA;45560;187;2020-10-20;-39381
2020-10-19;"Bratislavský kraj";148;168;4;172;NA;45560;152;2020-10-19;-39568
2020-10-18;"Bratislavský kraj";75;92;0;92;NA;45560;75;2020-10-18;-39720
2020-10-17;"Bratislavský kraj";136;0;0;0;NA;45560;136;2020-10-17;-39795
2020-10-16;"Bratislavský kraj";103;14;1;15;NA;45560;104;2020-10-16;-39931
2020-10-15;"Bratislavský kraj";135;6;1;7;NA;45560;136;2020-10-15;-40035
2020-10-14;"Bratislavský kraj";127;4;0;4;NA;45560;127;2020-10-14;-40171
2020-10-13;"Bratislavský kraj";86;108;8;116;NA;45560;94;2020-10-13;-40298
2020-10-12;"Bratislavský kraj";46;0;0;0;NA;45560;46;2020-10-12;-40392
2020-10-11;"Bratislavský kraj";80;0;0;0;NA;45560;80;2020-10-11;-40438
2020-10-10;"Bratislavský kraj";55;0;0;0;NA;45560;55;2020-10-10;-40518
2020-10-09;"Bratislavský kraj";148;0;0;0;NA;45560;148;2020-10-09;-40573
2020-10-08;"Bratislavský kraj";100;0;0;0;NA;45560;100;2020-10-08;-40721
2020-10-07;"Bratislavský kraj";107;0;0;0;NA;45560;107;2020-10-07;-40821
2020-10-06;"Bratislavský kraj";108;0;0;0;NA;45560;108;2020-10-06;-40928
2020-10-05;"Bratislavský kraj";30;0;0;0;NA;45560;30;2020-10-05;-41036
2020-10-04;"Bratislavský kraj";49;0;0;0;NA;45560;49;2020-10-04;-41066
2020-10-03;"Bratislavský kraj";82;0;0;0;NA;45560;82;2020-10-03;-41115
2020-10-02;"Bratislavský kraj";101;0;0;0;NA;45560;101;2020-10-02;-41197
2020-10-01;"Bratislavský kraj";72;0;0;0;NA;45560;72;2020-10-01;-41298
2020-09-30;"Bratislavský kraj";91;0;0;0;NA;45560;91;2020-09-30;-41370
2020-09-29;"Bratislavský kraj";74;0;0;0;NA;45560;74;2020-09-29;-41461
2020-09-28;"Bratislavský kraj";29;0;0;0;NA;45560;29;2020-09-28;-41535
2020-09-27;"Bratislavský kraj";48;0;0;0;NA;45560;48;2020-09-27;-41564
2020-09-26;"Bratislavský kraj";86;0;0;0;NA;45560;86;2020-09-26;-41612
2020-09-25;"Bratislavský kraj";97;0;0;0;NA;45560;97;2020-09-25;-41698
2020-09-24;"Bratislavský kraj";73;0;0;0;NA;45560;73;2020-09-24;-41795
2020-09-23;"Bratislavský kraj";55;0;0;0;NA;45560;55;2020-09-23;-41868
2020-09-22;"Bratislavský kraj";81;0;0;0;NA;45560;81;2020-09-22;-41923
2020-09-21;"Bratislavský kraj";32;0;0;0;NA;45560;32;2020-09-21;-42004
2020-09-20;"Bratislavský kraj";25;0;0;0;NA;45560;25;2020-09-20;-42036
2020-09-19;"Bratislavský kraj";59;0;0;0;NA;45560;59;2020-09-19;-42061
2020-09-18;"Bratislavský kraj";42;0;0;0;NA;45560;42;2020-09-18;-42120
2020-09-17;"Bratislavský kraj";52;0;0;0;NA;45560;52;2020-09-17;-42162
2020-09-16;"Bratislavský kraj";32;0;0;0;NA;45560;32;2020-09-16;-42214
2020-09-15;"Bratislavský kraj";26;0;0;0;NA;45560;26;2020-09-15;-42246
2020-09-14;"Bratislavský kraj";24;0;0;0;NA;45560;24;2020-09-14;-42272
2020-09-13;"Bratislavský kraj";11;0;0;0;NA;45560;11;2020-09-13;-42296
2020-09-12;"Bratislavský kraj";24;0;0;0;NA;45560;24;2020-09-12;-42307
2020-09-11;"Bratislavský kraj";50;0;0;0;NA;45560;50;2020-09-11;-42331
2020-09-10;"Bratislavský kraj";47;0;0;0;NA;45560;47;2020-09-10;-42381
2020-09-09;"Bratislavský kraj";40;0;0;0;NA;45560;40;2020-09-09;-42428
2020-09-08;"Bratislavský kraj";58;0;0;0;NA;45560;58;2020-09-08;-42468
2020-09-07;"Bratislavský kraj";39;0;0;0;NA;45560;39;2020-09-07;-42526
2020-09-06;"Bratislavský kraj";11;0;0;0;NA;45560;11;2020-09-06;-42565
2020-09-05;"Bratislavský kraj";37;0;0;0;NA;45560;37;2020-09-05;-42576
2020-09-04;"Bratislavský kraj";87;0;0;0;NA;45560;87;2020-09-04;-42613
2020-09-03;"Bratislavský kraj";51;0;0;0;NA;45560;51;2020-09-03;-42700
2020-09-02;"Bratislavský kraj";50;0;0;0;NA;45560;50;2020-09-02;-42751
2020-09-01;"Bratislavský kraj";16;0;0;0;NA;45560;16;2020-09-01;-42801
2020-08-31;"Bratislavský kraj";19;0;0;0;NA;45560;19;2020-08-31;-42817
2020-08-30;"Bratislavský kraj";9;0;0;0;NA;45560;9;2020-08-30;-42836
2020-08-29;"Bratislavský kraj";12;0;0;0;NA;45560;12;2020-08-29;-42845
2020-08-28;"Bratislavský kraj";35;0;0;0;NA;45560;35;2020-08-28;-42857
2020-08-27;"Bratislavský kraj";33;0;0;0;NA;45560;33;2020-08-27;-42892
2020-08-26;"Bratislavský kraj";27;0;0;0;NA;45560;27;2020-08-26;-42925
2020-08-25;"Bratislavský kraj";29;0;0;0;NA;45560;29;2020-08-25;-42952
2020-08-24;"Bratislavský kraj";6;0;0;0;NA;45560;6;2020-08-24;-42981
2020-08-23;"Bratislavský kraj";45;0;0;0;NA;45560;45;2020-08-23;-42987
2020-08-22;"Bratislavský kraj";13;0;0;0;NA;45560;13;2020-08-22;-43032
2020-08-21;"Bratislavský kraj";46;0;0;0;NA;45560;46;2020-08-21;-43045
2020-08-20;"Bratislavský kraj";41;0;0;0;NA;45560;41;2020-08-20;-43091
2020-08-19;"Bratislavský kraj";27;0;0;0;NA;45560;27;2020-08-19;-43132
2020-08-18;"Bratislavský kraj";47;0;0;0;NA;45560;47;2020-08-18;-43159
2020-08-17;"Bratislavský kraj";2;0;0;0;NA;45560;2;2020-08-17;-43206
2020-08-16;"Bratislavský kraj";3;0;0;0;NA;45560;3;2020-08-16;-43208
2020-08-15;"Bratislavský kraj";18;0;0;0;NA;45560;18;2020-08-15;-43211
2020-08-14;"Bratislavský kraj";16;0;0;0;NA;45560;16;2020-08-14;-43229
2020-08-13;"Bratislavský kraj";12;0;0;0;NA;45560;12;2020-08-13;-43245
2020-08-12;"Bratislavský kraj";10;0;0;0;NA;45560;10;2020-08-12;-43257
2020-08-11;"Bratislavský kraj";23;0;0;0;NA;45560;23;2020-08-11;-43267
2020-08-10;"Bratislavský kraj";2;0;0;0;NA;45560;2;2020-08-10;-43290
2020-08-09;"Bratislavský kraj";2;0;0;0;NA;45560;2;2020-08-09;-43292
2020-08-08;"Bratislavský kraj";1;0;0;0;NA;45560;1;2020-08-08;-43294
2020-08-07;"Bratislavský kraj";9;0;0;0;NA;45560;9;2020-08-07;-43295
2020-08-06;"Bratislavský kraj";15;0;0;0;NA;45560;15;2020-08-06;-43304
2020-08-05;"Bratislavský kraj";11;0;0;0;NA;45560;11;2020-08-05;-43319
2020-08-04;"Bratislavský kraj";21;0;0;0;NA;45560;21;2020-08-04;-43330
2020-08-03;"Bratislavský kraj";7;0;0;0;NA;45560;7;2020-08-03;-43351
2020-08-02;"Bratislavský kraj";0;0;0;0;NA;45560;0;2020-08-02;-43358
2020-08-01;"Bratislavský kraj";0;0;0;0;NA;45560;0;2020-08-01;-43358
2020-07-31;"Bratislavský kraj";14;0;0;0;NA;45560;14;2020-07-31;-43358
2020-07-30;"Bratislavský kraj";6;0;0;0;NA;45560;6;2020-07-30;-43372
2020-07-29;"Bratislavský kraj";7;0;0;0;NA;45560;7;2020-07-29;-43378
2020-07-28;"Bratislavský kraj";14;0;0;0;NA;45560;14;2020-07-28;-43385
2020-07-27;"Bratislavský kraj";3;0;0;0;NA;45560;3;2020-07-27;-43399
2020-07-26;"Bratislavský kraj";0;0;0;0;NA;45560;0;2020-07-26;-43402
2020-07-25;"Bratislavský kraj";8;0;0;0;NA;45560;8;2020-07-25;-43402
2020-07-24;"Bratislavský kraj";2;0;0;0;NA;45560;2;2020-07-24;-43410
2020-07-23;"Bratislavský kraj";8;0;0;0;NA;45560;8;2020-07-23;-43412
2020-07-22;"Bratislavský kraj";11;0;0;0;NA;45560;11;2020-07-22;-43420
2020-07-21;"Bratislavský kraj";8;0;0;0;NA;45560;8;2020-07-21;-43431
2020-07-20;"Bratislavský kraj";12;0;0;0;NA;45560;12;2020-07-20;-43439
2020-07-19;"Bratislavský kraj";0;0;0;0;NA;45560;0;2020-07-19;-43451
2020-07-18;"Bratislavský kraj";2;0;0;0;NA;45560;2;2020-07-18;-43451
2020-07-17;"Bratislavský kraj";2;0;0;0;NA;45560;2;2020-07-17;-43453
2020-07-16;"Bratislavský kraj";6;0;0;0;NA;45560;6;2020-07-16;-43455
2020-07-15;"Bratislavský kraj";3;0;0;0;NA;45560;3;2020-07-15;-43461
2020-07-14;"Bratislavský kraj";2;0;0;0;NA;45560;2;2020-07-14;-43464
2020-07-13;"Bratislavský kraj";2;0;0;0;NA;45560;2;2020-07-13;-43466
2020-07-12;"Bratislavský kraj";0;0;0;0;NA;45560;0;2020-07-12;-43468
2020-07-11;"Bratislavský kraj";0;0;0;0;NA;45560;0;2020-07-11;-43468
2020-07-10;"Bratislavský kraj";8;0;0;0;NA;45560;8;2020-07-10;-43468
2020-07-09;"Bratislavský kraj";2;0;0;0;NA;45560;2;2020-07-09;-43476
2020-07-08;"Bratislavský kraj";11;0;0;0;NA;45560;11;2020-07-08;-43478
2020-07-07;"Bratislavský kraj";5;0;0;0;NA;45560;5;2020-07-07;-43489
2020-07-06;"Bratislavský kraj";1;0;0;0;NA;45560;1;2020-07-06;-43494
2020-07-05;"Bratislavský kraj";0;0;0;0;NA;45560;0;2020-07-05;-43495
2020-07-04;"Bratislavský kraj";3;0;0;0;NA;45560;3;2020-07-04;-43495
2020-07-03;"Bratislavský kraj";1;0;0;0;NA;45560;1;2020-07-03;-43498
2020-07-02;"Bratislavský kraj";0;0;0;0;NA;45560;0;2020-07-02;-43499
2020-07-01;"Bratislavský kraj";7;0;0;0;NA;45560;7;2020-07-01;-43499
2020-06-30;"Bratislavský kraj";3;0;0;0;NA;45560;3;2020-06-30;-43506
2020-06-29;"Bratislavský kraj";1;0;0;0;NA;45560;1;2020-06-29;-43509
2020-06-28;"Bratislavský kraj";0;0;0;0;NA;45560;0;2020-06-28;-43510
2020-06-27;"Bratislavský kraj";1;0;0;0;NA;45560;1;2020-06-27;-43510
2020-06-26;"Bratislavský kraj";6;0;0;0;NA;45560;6;2020-06-26;-43511
2020-06-25;"Bratislavský kraj";0;0;0;0;NA;45560;0;2020-06-25;-43517
2020-06-24;"Bratislavský kraj";3;0;0;0;NA;45560;3;2020-06-24;-43517
2020-06-23;"Bratislavský kraj";0;0;0;0;NA;45560;0;2020-06-23;-43520
2020-06-22;"Bratislavský kraj";1;0;0;0;NA;45560;1;2020-06-22;-43520
2020-06-21;"Bratislavský kraj";0;0;0;0;NA;45560;0;2020-06-21;-43521
2020-06-20;"Bratislavský kraj";0;0;0;0;NA;45560;0;2020-06-20;-43521
2020-06-19;"Bratislavský kraj";3;0;0;0;NA;45560;3;2020-06-19;-43521
2020-06-18;"Bratislavský kraj";0;0;0;0;NA;45560;0;2020-06-18;-43524
2020-06-17;"Bratislavský kraj";0;0;0;0;NA;45560;0;2020-06-17;-43524
2020-06-16;"Bratislavský kraj";0;0;0;0;NA;45560;0;2020-06-16;-43524
2020-06-14;"Bratislavský kraj";2;0;0;0;NA;45560;2;2020-06-14;-43524
2020-06-13;"Bratislavský kraj";1;0;0;0;NA;45560;1;2020-06-13;-43526
2020-06-12;"Bratislavský kraj";2;0;0;0;NA;45560;2;2020-06-12;-43527
2020-06-11;"Bratislavský kraj";0;0;0;0;NA;45560;0;2020-06-11;-43529
2020-06-10;"Bratislavský kraj";0;0;0;0;NA;45560;0;2020-06-10;-43529
2020-06-09;"Bratislavský kraj";0;0;0;0;NA;45560;0;2020-06-09;-43529
2020-06-08;"Bratislavský kraj";1;0;0;0;NA;45560;1;2020-06-08;-43529
2020-06-07;"Bratislavský kraj";0;0;0;0;NA;45560;0;2020-06-07;-43530
2020-06-05;"Bratislavský kraj";0;0;0;0;NA;45560;0;2020-06-05;-43530
2020-06-03;"Bratislavský kraj";1;0;0;0;NA;45560;1;2020-06-03;-43530
2020-06-02;"Bratislavský kraj";0;0;0;0;NA;45560;0;2020-06-02;-43531
2020-05-31;"Bratislavský kraj";0;0;0;0;NA;45560;0;2020-05-31;-43531
2020-05-29;"Bratislavský kraj";0;0;0;0;NA;45560;0;2020-05-29;-43531
2020-05-27;"Bratislavský kraj";1;0;0;0;NA;45560;1;2020-05-27;-43531
2020-05-26;"Bratislavský kraj";0;0;0;0;NA;45560;0;2020-05-26;-43532
2020-05-25;"Bratislavský kraj";0;0;0;0;NA;45560;0;2020-05-25;-43532
2020-05-24;"Bratislavský kraj";0;0;0;0;NA;45560;0;2020-05-24;-43532
2020-05-23;"Bratislavský kraj";2;0;0;0;NA;45560;2;2020-05-23;-43532
2020-05-22;"Bratislavský kraj";0;0;0;0;NA;45560;0;2020-05-22;-43534
2020-05-21;"Bratislavský kraj";0;0;0;0;NA;45560;0;2020-05-21;-43534
2020-05-20;"Bratislavský kraj";0;0;0;0;NA;45560;0;2020-05-20;-43534
2020-05-19;"Bratislavský kraj";0;0;0;0;NA;45560;0;2020-05-19;-43534
2020-05-17;"Bratislavský kraj";0;0;0;0;NA;45560;0;2020-05-17;-43534
2020-05-16;"Bratislavský kraj";0;0;0;0;NA;45560;0;2020-05-16;-43534
2020-05-15;"Bratislavský kraj";0;0;0;0;NA;45560;0;2020-05-15;-43534
2020-05-14;"Bratislavský kraj";0;0;0;0;NA;45560;0;2020-05-14;-43534
2020-05-13;"Bratislavský kraj";0;0;0;0;NA;45560;0;2020-05-13;-43534
2020-05-12;"Bratislavský kraj";2;0;0;0;NA;45560;2;2020-05-12;-43534
2020-05-11;"Bratislavský kraj";0;0;0;0;NA;45560;0;2020-05-11;-43536
2020-05-09;"Bratislavský kraj";0;0;0;0;NA;45560;0;2020-05-09;-43536
2020-05-07;"Bratislavský kraj";1;0;0;0;NA;45560;1;2020-05-07;-43536
2020-05-06;"Bratislavský kraj";3;0;0;0;NA;45560;3;2020-05-06;-43537
2020-05-05;"Bratislavský kraj";0;0;0;0;NA;45560;0;2020-05-05;-43540
2020-05-04;"Bratislavský kraj";0;0;0;0;NA;45560;0;2020-05-04;-43540
2020-05-03;"Bratislavský kraj";2;0;0;0;NA;45560;2;2020-05-03;-43540
2020-05-02;"Bratislavský kraj";0;0;0;0;NA;45560;0;2020-05-02;-43542
2020-05-01;"Bratislavský kraj";0;0;0;0;NA;45560;0;2020-05-01;-43542
2020-04-30;"Bratislavský kraj";5;0;0;0;NA;45560;5;2020-04-30;-43542
2020-04-29;"Bratislavský kraj";0;0;0;0;NA;45560;0;2020-04-29;-43547
2020-04-28;"Bratislavský kraj";2;0;0;0;NA;45560;2;2020-04-28;-43547
2020-04-27;"Bratislavský kraj";0;0;0;0;NA;45560;0;2020-04-27;-43549
2020-04-26;"Bratislavský kraj";1;0;0;0;NA;45560;1;2020-04-26;-43549
2020-04-25;"Bratislavský kraj";0;0;0;0;NA;45560;0;2020-04-25;-43550
2020-04-24;"Bratislavský kraj";2;0;0;0;NA;45560;2;2020-04-24;-43550
2020-04-23;"Bratislavský kraj";6;0;0;0;NA;45560;6;2020-04-23;-43552
2020-04-22;"Bratislavský kraj";11;0;0;0;NA;45560;11;2020-04-22;-43558
2020-04-21;"Bratislavský kraj";4;0;0;0;NA;45560;4;2020-04-21;-43569
2020-04-20;"Bratislavský kraj";0;0;0;0;NA;45560;0;2020-04-20;-43573
2020-04-19;"Bratislavský kraj";4;0;0;0;NA;45560;4;2020-04-19;-43573
2020-04-18;"Bratislavský kraj";5;0;0;0;NA;45560;5;2020-04-18;-43577
2020-04-17;"Bratislavský kraj";6;0;0;0;NA;45560;6;2020-04-17;-43582
2020-04-16;"Bratislavský kraj";15;0;0;0;NA;45560;15;2020-04-16;-43588
2020-04-15;"Bratislavský kraj";11;0;0;0;NA;45560;11;2020-04-15;-43603
2020-04-14;"Bratislavský kraj";19;0;0;0;NA;45560;19;2020-04-14;-43614
2020-04-13;"Bratislavský kraj";53;0;0;0;NA;45560;53;2020-04-13;-43633
2020-04-12;"Bratislavský kraj";3;0;0;0;NA;45560;3;2020-04-12;-43686
2020-04-11;"Bratislavský kraj";1;0;0;0;NA;45560;1;2020-04-11;-43689
2020-04-10;"Bratislavský kraj";8;0;0;0;NA;45560;8;2020-04-10;-43690
2020-04-09;"Bratislavský kraj";3;0;0;0;NA;45560;3;2020-04-09;-43698
2020-04-08;"Bratislavský kraj";3;0;0;0;NA;45560;3;2020-04-08;-43701
2020-04-07;"Bratislavský kraj";24;0;0;0;NA;45560;24;2020-04-07;-43704
2020-04-06;"Bratislavský kraj";5;0;0;0;NA;45560;5;2020-04-06;-43728
2020-04-05;"Bratislavský kraj";6;0;0;0;NA;45560;6;2020-04-05;-43733
2020-04-04;"Bratislavský kraj";2;0;0;0;NA;45560;2;2020-04-04;-43739
2020-04-03;"Bratislavský kraj";1;0;0;0;NA;45560;1;2020-04-03;-43741
2020-04-02;"Bratislavský kraj";2;0;0;0;NA;45560;2;2020-04-02;-43742
2020-04-01;"Bratislavský kraj";5;0;0;0;NA;45560;5;2020-04-01;-43744
2020-03-31;"Bratislavský kraj";19;0;0;0;NA;45560;19;2020-03-31;-43749
2020-03-30;"Bratislavský kraj";6;0;0;0;NA;45560;6;2020-03-30;-43768
2020-03-29;"Bratislavský kraj";8;0;0;0;NA;45560;8;2020-03-29;-43774
2020-03-28;"Bratislavský kraj";4;0;0;0;NA;45560;4;2020-03-28;-43782
2020-03-27;"Bratislavský kraj";3;0;0;0;NA;45560;3;2020-03-27;-43786
2020-03-26;"Bratislavský kraj";15;0;0;0;NA;45560;15;2020-03-26;-43789
2020-03-25;"Bratislavský kraj";1;0;0;0;NA;45560;1;2020-03-25;-43804
2020-03-24;"Bratislavský kraj";4;0;0;0;NA;45560;4;2020-03-24;-43805
2020-03-23;"Bratislavský kraj";9;0;0;0;NA;45560;9;2020-03-23;-43809
2020-03-22;"Bratislavský kraj";2;0;0;0;NA;45560;2;2020-03-22;-43818
2020-03-21;"Bratislavský kraj";22;0;0;0;NA;45560;22;2020-03-21;-43820
2020-03-20;"Bratislavský kraj";3;0;0;0;NA;45560;3;2020-03-20;-43842
2020-03-19;"Bratislavský kraj";4;0;0;0;NA;45560;4;2020-03-19;-43845
2020-03-18;"Bratislavský kraj";3;0;0;0;NA;45560;3;2020-03-18;-43849
2020-03-17;"Bratislavský kraj";13;0;0;0;NA;45560;13;2020-03-17;-43852
2020-03-16;"Bratislavský kraj";1;0;0;0;NA;45560;1;2020-03-16;-43865
2020-03-15;"Bratislavský kraj";4;0;0;0;NA;45560;4;2020-03-15;-43866
2020-03-14;"Bratislavský kraj";9;0;0;0;NA;45560;9;2020-03-14;-43870
2020-03-13;"Bratislavský kraj";2;0;0;0;NA;45560;2;2020-03-13;-43879
2020-03-12;"Bratislavský kraj";8;0;0;0;NA;45560;8;2020-03-12;-43881
2020-03-11;"Bratislavský kraj";3;0;0;0;NA;45560;3;2020-03-11;-43889
2020-03-09;"Bratislavský kraj";0;0;0;0;NA;45560;0;2020-03-09;-43892
2020-03-08;"Bratislavský kraj";2;0;0;0;NA;45560;2;2020-03-08;-43892
2020-03-07;"Bratislavský kraj";2;0;0;0;NA;45560;2;2020-03-07;-43894
2020-03-06;"Bratislavský kraj";1;0;0;0;NA;45560;1;2020-03-06;-43896
2021-05-08;"Košický kraj";18;20597;23;20620;NA;43915;41;2021-05-08;43915
2021-05-07;"Košický kraj";51;22135;51;22186;NA;43915;102;2021-05-07;43874
2021-05-06;"Košický kraj";55;11632;42;11674;NA;43915;97;2021-05-06;43772
2021-05-05;"Košický kraj";23;11838;34;11872;NA;43915;57;2021-05-05;43675
2021-05-04;"Košický kraj";143;13284;38;13322;NA;43915;181;2021-05-04;43618
2021-05-03;"Košický kraj";37;16944;68;17012;NA;43915;105;2021-05-03;43437
2021-05-02;"Košický kraj";45;36095;56;36151;NA;43915;101;2021-05-02;43332
2021-05-01;"Košický kraj";54;51764;76;51840;NA;43915;130;2021-05-01;43231
2021-04-30;"Košický kraj";59;43832;87;43919;NA;43915;146;2021-04-30;43101
2021-04-29;"Košický kraj";76;16970;53;17023;NA;43915;129;2021-04-29;42955
2021-04-28;"Košický kraj";99;18007;52;18059;NA;43915;151;2021-04-28;42826
2021-04-27;"Košický kraj";108;20730;44;20774;NA;43915;152;2021-04-27;42675
2021-04-26;"Košický kraj";39;26016;96;26112;NA;43915;135;2021-04-26;42523
2021-04-25;"Košický kraj";23;48358;57;48415;NA;43915;80;2021-04-25;42388
2021-04-24;"Košický kraj";68;90343;114;90457;NA;43915;182;2021-04-24;42308
2021-04-23;"Košický kraj";110;41129;73;41202;NA;43915;183;2021-04-23;42126
2021-04-22;"Košický kraj";56;16849;45;16894;NA;43915;101;2021-04-22;41943
2021-04-21;"Košický kraj";114;19607;62;19669;NA;43915;176;2021-04-21;41842
2021-04-20;"Košický kraj";81;25524;64;25588;NA;43915;145;2021-04-20;41666
2021-04-19;"Košický kraj";93;29954;108;30062;NA;43915;201;2021-04-19;41521
2021-04-18;"Košický kraj";10;48982;77;49059;NA;43915;87;2021-04-18;41320
2021-04-17;"Košický kraj";187;83968;103;84071;NA;43915;290;2021-04-17;41233
2021-04-16;"Košický kraj";83;41662;128;41790;NA;43915;211;2021-04-16;40943
2021-04-15;"Košický kraj";104;18631;94;18725;NA;43915;198;2021-04-15;40732
2021-04-14;"Košický kraj";119;20190;65;20255;NA;43915;184;2021-04-14;40534
2021-04-13;"Košický kraj";81;23349;121;23470;NA;43915;202;2021-04-13;40350
2021-04-12;"Košický kraj";129;26573;124;26697;NA;43915;253;2021-04-12;40148
2021-04-11;"Košický kraj";29;47016;79;47095;NA;43915;108;2021-04-11;39895
2021-04-10;"Košický kraj";138;99954;187;100141;NA;43915;325;2021-04-10;39787
2021-04-09;"Košický kraj";168;35288;132;35420;NA;43915;300;2021-04-09;39462
2021-04-08;"Košický kraj";81;18708;91;18799;NA;43915;172;2021-04-08;39162
2021-04-07;"Košický kraj";232;28327;197;28524;NA;43915;429;2021-04-07;38990
2021-04-06;"Košický kraj";121;36654;164;36818;NA;43915;285;2021-04-06;38561
2021-04-05;"Košický kraj";19;14409;66;14475;NA;43915;85;2021-04-05;38276
2021-04-04;"Košický kraj";33;15200;68;15268;NA;43915;101;2021-04-04;38191
2021-04-03;"Košický kraj";138;96577;241;96818;NA;43915;379;2021-04-03;38090
2021-04-02;"Košický kraj";128;24457;86;24543;NA;43915;214;2021-04-02;37711
2021-04-01;"Košický kraj";165;46212;156;46368;NA;43915;321;2021-04-01;37497
2021-03-31;"Košický kraj";160;29693;126;29819;NA;43915;286;2021-03-31;37176
2021-03-30;"Košický kraj";229;24108;163;24271;NA;43915;392;2021-03-30;36890
2021-03-29;"Košický kraj";78;28729;192;28921;NA;43915;270;2021-03-29;36498
2021-03-28;"Košický kraj";39;44263;128;44391;NA;43915;167;2021-03-28;36228
2021-03-27;"Košický kraj";222;96635;267;96902;NA;43915;489;2021-03-27;36061
2021-03-26;"Košický kraj";233;45262;202;45464;NA;43915;435;2021-03-26;35572
2021-03-25;"Košický kraj";133;23789;174;23963;NA;43915;307;2021-03-25;35137
2021-03-24;"Košický kraj";165;20685;157;20842;NA;43915;322;2021-03-24;34830
2021-03-23;"Košický kraj";202;22480;190;22670;NA;43915;392;2021-03-23;34508
2021-03-22;"Košický kraj";169;26742;227;26969;NA;43915;396;2021-03-22;34116
2021-03-21;"Košický kraj";109;46792;167;46959;NA;43915;276;2021-03-21;33720
2021-03-20;"Košický kraj";126;101376;315;101691;NA;43915;441;2021-03-20;33444
2021-03-19;"Košický kraj";205;45598;257;45855;NA;43915;462;2021-03-19;33003
2021-03-18;"Košický kraj";274;23831;211;24042;NA;43915;485;2021-03-18;32541
2021-03-17;"Košický kraj";177;21559;197;21756;NA;43915;374;2021-03-17;32056
2021-03-16;"Košický kraj";386;23431;226;23657;NA;43915;612;2021-03-16;31682
2021-03-15;"Košický kraj";173;27796;294;28090;NA;43915;467;2021-03-15;31070
2021-03-14;"Košický kraj";145;44419;226;44645;NA;43915;371;2021-03-14;30603
2021-03-13;"Košický kraj";146;103822;480;104302;NA;43915;626;2021-03-13;30232
2021-03-12;"Košický kraj";366;47839;322;48161;NA;43915;688;2021-03-12;29606
2021-03-11;"Košický kraj";396;23225;261;23486;NA;43915;657;2021-03-11;28918
2021-03-10;"Košický kraj";121;22199;268;22467;NA;43915;389;2021-03-10;28261
2021-03-09;"Košický kraj";676;24524;301;24825;NA;43915;977;2021-03-09;27872
2021-03-08;"Košický kraj";559;29679;342;30021;NA;43915;901;2021-03-08;26895
2021-03-07;"Košický kraj";45;44273;299;44572;NA;43915;344;2021-03-07;25994
2021-03-06;"Košický kraj";177;105659;536;106195;NA;43915;713;2021-03-06;25650
2021-03-05;"Košický kraj";439;45564;422;45986;NA;43915;861;2021-03-05;24937
2021-03-04;"Košický kraj";417;23862;321;24183;NA;43915;738;2021-03-04;24076
2021-03-03;"Košický kraj";390;23141;297;23438;NA;43915;687;2021-03-03;23338
2021-03-02;"Košický kraj";464;24158;372;24530;NA;43915;836;2021-03-02;22651
2021-03-01;"Košický kraj";389;29980;512;30492;NA;43915;901;2021-03-01;21815
2021-02-28;"Košický kraj";265;43053;334;43387;NA;43915;599;2021-02-28;20914
2021-02-27;"Košický kraj";301;101274;787;102061;NA;43915;1088;2021-02-27;20315
2021-02-26;"Košický kraj";440;45466;492;45958;NA;43915;932;2021-02-26;19227
2021-02-25;"Košický kraj";331;19872;342;20214;NA;43915;673;2021-02-25;18295
2021-02-24;"Košický kraj";263;18815;506;19321;NA;43915;769;2021-02-24;17622
2021-02-23;"Košický kraj";642;21592;341;21933;NA;43915;983;2021-02-23;16853
2021-02-22;"Košický kraj";362;30830;434;31264;NA;43915;796;2021-02-22;15870
2021-02-21;"Košický kraj";170;40464;385;40849;NA;43915;555;2021-02-21;15074
2021-02-20;"Košický kraj";283;92550;770;93320;NA;43915;1053;2021-02-20;14519
2021-02-19;"Košický kraj";507;42016;586;42602;NA;43915;1093;2021-02-19;13466
2021-02-18;"Košický kraj";397;18442;345;18787;NA;43915;742;2021-02-18;12373
2021-02-17;"Košický kraj";322;18080;387;18467;NA;43915;709;2021-02-17;11631
2021-02-16;"Košický kraj";600;22111;463;22574;NA;43915;1063;2021-02-16;10922
2021-02-15;"Košický kraj";216;27633;419;28052;NA;43915;635;2021-02-15;9859
2021-02-14;"Košický kraj";241;56743;524;57267;NA;43915;765;2021-02-14;9224
2021-02-13;"Košický kraj";206;93779;765;94544;NA;43915;971;2021-02-13;8459
2021-02-12;"Košický kraj";448;50184;611;50795;NA;43915;1059;2021-02-12;7488
2021-02-11;"Košický kraj";435;14524;323;14847;NA;43915;758;2021-02-11;6429
2021-02-10;"Košický kraj";360;18475;431;18906;NA;43915;791;2021-02-10;5671
2021-02-09;"Košický kraj";545;24841;463;25304;NA;43915;1008;2021-02-09;4880
2021-02-08;"Košický kraj";237;24836;392;25228;NA;43915;629;2021-02-08;3872
2021-02-07;"Košický kraj";208;56897;612;57509;NA;43915;820;2021-02-07;3243
2021-02-06;"Košický kraj";318;104357;884;105241;NA;43915;1202;2021-02-06;2423
2021-02-05;"Košický kraj";384;43186;494;43680;NA;43915;878;2021-02-05;1221
2021-02-04;"Košický kraj";391;14508;371;14879;NA;43915;762;2021-02-04;343
2021-02-03;"Košický kraj";296;12599;339;12938;NA;43915;635;2021-02-03;-419
2021-02-02;"Košický kraj";473;43883;1212;45095;NA;43915;1685;2021-02-02;-1054
2021-02-01;"Košický kraj";415;21965;362;22327;NA;43915;777;2021-02-01;-2739
2021-01-31;"Košický kraj";142;54154;609;54763;NA;43915;751;2021-01-31;-3516
2021-01-30;"Košický kraj";320;76925;665;77590;NA;43915;985;2021-01-30;-4267
2021-01-29;"Košický kraj";311;37130;466;37596;NA;43915;777;2021-01-29;-5252
2021-01-28;"Košický kraj";540;9006;244;9250;NA;43915;784;2021-01-28;-6029
2021-01-27;"Košický kraj";265;7575;211;7786;NA;43915;476;2021-01-27;-6813
2021-01-26;"Košický kraj";530;14256;246;14502;NA;43915;776;2021-01-26;-7289
2021-01-25;"Košický kraj";226;26430;413;26843;NA;43915;639;2021-01-25;-8065
2021-01-24;"Košický kraj";150;44419;581;45000;NA;43915;731;2021-01-24;-8704
2021-01-23;"Košický kraj";232;82705;857;83562;NA;43915;1089;2021-01-23;-9435
2021-01-22;"Košický kraj";316;19993;265;20258;NA;43915;581;2021-01-22;-10524
2021-01-21;"Košický kraj";274;14047;158;14205;NA;43915;432;2021-01-21;-11105
2021-01-20;"Košický kraj";374;10843;201;11044;NA;43915;575;2021-01-20;-11537
2021-01-19;"Košický kraj";248;9717;181;9898;NA;43915;429;2021-01-19;-12112
2021-01-18;"Košický kraj";333;7659;262;7921;NA;43915;595;2021-01-18;-12541
2021-01-17;"Košický kraj";155;535;14;549;NA;43915;169;2021-01-17;-13136
2021-01-16;"Košický kraj";153;1403;47;1450;NA;43915;200;2021-01-16;-13305
2021-01-15;"Košický kraj";308;6443;213;6656;NA;43915;521;2021-01-15;-13505
2021-01-14;"Košický kraj";358;5471;221;5692;NA;43915;579;2021-01-14;-14026
2021-01-13;"Košický kraj";421;4897;226;5123;NA;43915;647;2021-01-13;-14605
2021-01-12;"Košický kraj";482;6689;258;6947;NA;43915;740;2021-01-12;-15252
2021-01-11;"Košický kraj";309;7945;304;8249;NA;43915;613;2021-01-11;-15992
2021-01-10;"Košický kraj";193;136;6;142;NA;43915;199;2021-01-10;-16605
2021-01-09;"Košický kraj";469;1134;45;1179;NA;43915;514;2021-01-09;-16804
2021-01-08;"Košický kraj";551;8222;388;8610;NA;43915;939;2021-01-08;-17318
2021-01-07;"Košický kraj";251;6566;434;7000;NA;43915;685;2021-01-07;-18257
2021-01-06;"Košický kraj";442;429;33;462;NA;43915;475;2021-01-06;-18942
2021-01-05;"Košický kraj";584;8100;560;8660;NA;43915;1144;2021-01-05;-19417
2021-01-04;"Košický kraj";407;7113;737;7850;NA;43915;1144;2021-01-04;-20561
2021-01-03;"Košický kraj";118;661;22;683;NA;43915;140;2021-01-03;-21705
2021-01-02;"Košický kraj";88;440;52;492;NA;43915;140;2021-01-02;-21845
2021-01-01;"Košický kraj";398;725;49;774;NA;43915;447;2021-01-01;-21985
2020-12-31;"Košický kraj";625;7877;461;8338;NA;43915;1086;2020-12-31;-22432
2020-12-30;"Košický kraj";590;6477;412;6889;NA;43915;1002;2020-12-30;-23518
2020-12-29;"Košický kraj";419;7573;605;8178;NA;43915;1024;2020-12-29;-24520
2020-12-28;"Košický kraj";356;8296;804;9100;NA;43915;1160;2020-12-28;-25544
2020-12-27;"Košický kraj";159;147;16;163;NA;43915;175;2020-12-27;-26704
2020-12-26;"Košický kraj";163;274;23;297;NA;43915;186;2020-12-26;-26879
2020-12-25;"Košický kraj";237;140;10;150;NA;43915;247;2020-12-25;-27065
2020-12-24;"Košický kraj";564;1470;90;1560;NA;43915;654;2020-12-24;-27312
2020-12-23;"Košický kraj";304;7942;354;8296;NA;43915;658;2020-12-23;-27966
2020-12-22;"Košický kraj";438;7920;459;8379;NA;43915;897;2020-12-22;-28624
2020-12-21;"Košický kraj";405;6984;509;7493;NA;43915;914;2020-12-21;-29521
2020-12-20;"Košický kraj";215;73;11;84;NA;43915;226;2020-12-20;-30435
2020-12-19;"Košický kraj";207;1309;63;1372;NA;43915;270;2020-12-19;-30661
2020-12-18;"Košický kraj";310;8484;326;8810;NA;43915;636;2020-12-18;-30931
2020-12-17;"Košický kraj";463;5292;255;5547;NA;43915;718;2020-12-17;-31567
2020-12-16;"Košický kraj";455;5898;316;6214;NA;43915;771;2020-12-16;-32285
2020-12-15;"Košický kraj";319;5086;338;5424;NA;43915;657;2020-12-15;-33056
2020-12-14;"Košický kraj";256;3401;264;3665;NA;43915;520;2020-12-14;-33713
2020-12-13;"Košický kraj";47;181;2;183;NA;43915;49;2020-12-13;-34233
2020-12-12;"Košický kraj";369;1587;118;1705;NA;43915;487;2020-12-12;-34282
2020-12-11;"Košický kraj";354;5461;258;5719;NA;43915;612;2020-12-11;-34769
2020-12-10;"Košický kraj";283;4064;176;4240;NA;43915;459;2020-12-10;-35381
2020-12-09;"Košický kraj";279;3786;166;3952;NA;43915;445;2020-12-09;-35840
2020-12-08;"Košický kraj";226;4105;355;4460;NA;43915;581;2020-12-08;-36285
2020-12-07;"Košický kraj";270;2383;106;2489;NA;43915;376;2020-12-07;-36866
2020-12-06;"Košický kraj";121;97;20;117;NA;43915;141;2020-12-06;-37242
2020-12-05;"Košický kraj";90;1096;48;1144;NA;43915;138;2020-12-05;-37383
2020-12-04;"Košický kraj";224;2680;82;2762;NA;43915;306;2020-12-04;-37521
2020-12-03;"Košický kraj";211;7717;173;7890;NA;43915;384;2020-12-03;-37827
2020-12-02;"Košický kraj";193;8132;496;8628;NA;43915;689;2020-12-02;-38211
2020-12-01;"Košický kraj";178;2237;124;2361;NA;43915;302;2020-12-01;-38900
2020-11-30;"Košický kraj";171;3754;62;3816;NA;43915;233;2020-11-30;-39202
2020-11-29;"Košický kraj";31;325;17;342;NA;43915;48;2020-11-29;-39435
2020-11-28;"Košický kraj";69;721;52;773;NA;43915;121;2020-11-28;-39483
2020-11-27;"Košický kraj";149;2921;78;2999;NA;43915;227;2020-11-27;-39604
2020-11-26;"Košický kraj";239;1234;60;1294;NA;43915;299;2020-11-26;-39831
2020-11-25;"Košický kraj";237;1785;123;1908;NA;43915;360;2020-11-25;-40130
2020-11-24;"Košický kraj";196;1976;67;2043;NA;43915;263;2020-11-24;-40490
2020-11-23;"Košický kraj";51;4115;63;4178;NA;43915;114;2020-11-23;-40753
2020-11-22;"Košický kraj";57;57;5;62;NA;43915;62;2020-11-22;-40867
2020-11-21;"Košický kraj";87;858;36;894;NA;43915;123;2020-11-21;-40929
2020-11-20;"Košický kraj";176;3084;49;3133;NA;43915;225;2020-11-20;-41052
2020-11-19;"Košický kraj";206;1736;48;1784;NA;43915;254;2020-11-19;-41277
2020-11-18;"Košický kraj";122;532;17;549;NA;43915;139;2020-11-18;-41531
2020-11-17;"Košický kraj";152;82;9;91;NA;43915;161;2020-11-17;-41670
2020-11-16;"Košický kraj";114;596;27;623;NA;43915;141;2020-11-16;-41831
2020-11-15;"Košický kraj";15;338;7;345;NA;43915;22;2020-11-15;-41972
2020-11-14;"Košický kraj";234;520;12;532;NA;43915;246;2020-11-14;-41994
2020-11-13;"Košický kraj";207;664;29;693;NA;43915;236;2020-11-13;-42240
2020-11-12;"Košický kraj";192;736;13;749;NA;43915;205;2020-11-12;-42476
2020-11-11;"Košický kraj";301;593;7;600;NA;43915;308;2020-11-11;-42681
2020-11-10;"Košický kraj";190;541;11;552;NA;43915;201;2020-11-10;-42989
2020-11-09;"Košický kraj";129;380;17;397;NA;43915;146;2020-11-09;-43190
2020-11-08;"Košický kraj";78;1306;8;1314;NA;43915;86;2020-11-08;-43336
2020-11-07;"Košický kraj";192;3909;22;3931;NA;43915;214;2020-11-07;-43422
2020-11-06;"Košický kraj";195;5310;34;5344;NA;43915;229;2020-11-06;-43636
2020-11-05;"Košický kraj";342;330;31;361;NA;43915;373;2020-11-05;-43865
2020-11-04;"Košický kraj";101;154;6;160;NA;43915;107;2020-11-04;-44238
2020-11-03;"Košický kraj";358;1122;13;1135;NA;43915;371;2020-11-03;-44345
2020-11-02;"Košický kraj";111;6125;56;6181;NA;43915;167;2020-11-02;-44716
2020-11-01;"Košický kraj";346;6522;34;6556;NA;43915;380;2020-11-01;-44883
2020-10-31;"Košický kraj";82;14035;106;14141;NA;43915;188;2020-10-31;-45263
2020-10-30;"Košický kraj";379;2835;27;2862;NA;43915;406;2020-10-30;-45451
2020-10-29;"Košický kraj";333;983;13;996;NA;43915;346;2020-10-29;-45857
2020-10-28;"Košický kraj";224;305;13;318;NA;43915;237;2020-10-28;-46203
2020-10-27;"Košický kraj";386;439;21;460;NA;43915;407;2020-10-27;-46440
2020-10-26;"Košický kraj";56;227;12;239;NA;43915;68;2020-10-26;-46847
2020-10-25;"Košický kraj";154;79;2;81;NA;43915;156;2020-10-25;-46915
2020-10-24;"Košický kraj";313;118;16;134;NA;43915;329;2020-10-24;-47071
2020-10-23;"Košický kraj";315;331;8;339;NA;43915;323;2020-10-23;-47400
2020-10-22;"Košický kraj";349;530;16;546;NA;43915;365;2020-10-22;-47723
2020-10-21;"Košický kraj";129;84;2;86;NA;43915;131;2020-10-21;-48088
2020-10-20;"Košický kraj";181;14;1;15;NA;43915;182;2020-10-20;-48219
2020-10-19;"Košický kraj";64;38;1;39;NA;43915;65;2020-10-19;-48401
2020-10-18;"Košický kraj";158;0;0;0;NA;43915;158;2020-10-18;-48466
2020-10-17;"Košický kraj";142;0;0;0;NA;43915;142;2020-10-17;-48624
2020-10-16;"Košický kraj";206;19;0;19;NA;43915;206;2020-10-16;-48766
2020-10-15;"Košický kraj";177;19;5;24;NA;43915;182;2020-10-15;-48972
2020-10-14;"Košický kraj";211;8;0;8;NA;43915;211;2020-10-14;-49154
2020-10-13;"Košický kraj";179;80;3;83;NA;43915;182;2020-10-13;-49365
2020-10-12;"Košický kraj";74;0;0;0;NA;43915;74;2020-10-12;-49547
2020-10-11;"Košický kraj";121;0;0;0;NA;43915;121;2020-10-11;-49621
2020-10-10;"Košický kraj";70;0;0;0;NA;43915;70;2020-10-10;-49742
2020-10-09;"Košický kraj";188;0;0;0;NA;43915;188;2020-10-09;-49812
2020-10-08;"Košický kraj";102;0;0;0;NA;43915;102;2020-10-08;-50000
2020-10-07;"Košický kraj";158;0;0;0;NA;43915;158;2020-10-07;-50102
2020-10-06;"Košický kraj";70;0;0;0;NA;43915;70;2020-10-06;-50260
2020-10-05;"Košický kraj";39;0;0;0;NA;43915;39;2020-10-05;-50330
2020-10-04;"Košický kraj";45;0;0;0;NA;43915;45;2020-10-04;-50369
2020-10-03;"Košický kraj";105;0;0;0;NA;43915;105;2020-10-03;-50414
2020-10-02;"Košický kraj";57;0;0;0;NA;43915;57;2020-10-02;-50519
2020-10-01;"Košický kraj";69;0;0;0;NA;43915;69;2020-10-01;-50576
2020-09-30;"Košický kraj";95;0;0;0;NA;43915;95;2020-09-30;-50645
2020-09-29;"Košický kraj";75;0;0;0;NA;43915;75;2020-09-29;-50740
2020-09-28;"Košický kraj";19;0;0;0;NA;43915;19;2020-09-28;-50815
2020-09-27;"Košický kraj";21;0;0;0;NA;43915;21;2020-09-27;-50834
2020-09-26;"Košický kraj";53;0;0;0;NA;43915;53;2020-09-26;-50855
2020-09-25;"Košický kraj";72;0;0;0;NA;43915;72;2020-09-25;-50908
2020-09-24;"Košický kraj";35;0;0;0;NA;43915;35;2020-09-24;-50980
2020-09-23;"Košický kraj";23;0;0;0;NA;43915;23;2020-09-23;-51015
2020-09-22;"Košický kraj";39;0;0;0;NA;43915;39;2020-09-22;-51038
2020-09-21;"Košický kraj";5;0;0;0;NA;43915;5;2020-09-21;-51077
2020-09-20;"Košický kraj";3;0;0;0;NA;43915;3;2020-09-20;-51082
2020-09-19;"Košický kraj";13;0;0;0;NA;43915;13;2020-09-19;-51085
2020-09-18;"Košický kraj";20;0;0;0;NA;43915;20;2020-09-18;-51098
2020-09-17;"Košický kraj";22;0;0;0;NA;43915;22;2020-09-17;-51118
2020-09-16;"Košický kraj";12;0;0;0;NA;43915;12;2020-09-16;-51140
2020-09-15;"Košický kraj";10;0;0;0;NA;43915;10;2020-09-15;-51152
2020-09-14;"Košický kraj";6;0;0;0;NA;43915;6;2020-09-14;-51162
2020-09-13;"Košický kraj";3;0;0;0;NA;43915;3;2020-09-13;-51168
2020-09-12;"Košický kraj";16;0;0;0;NA;43915;16;2020-09-12;-51171
2020-09-11;"Košický kraj";20;0;0;0;NA;43915;20;2020-09-11;-51187
2020-09-10;"Košický kraj";11;0;0;0;NA;43915;11;2020-09-10;-51207
2020-09-09;"Košický kraj";37;0;0;0;NA;43915;37;2020-09-09;-51218
2020-09-08;"Košický kraj";10;0;0;0;NA;43915;10;2020-09-08;-51255
2020-09-07;"Košický kraj";4;0;0;0;NA;43915;4;2020-09-07;-51265
2020-09-06;"Košický kraj";2;0;0;0;NA;43915;2;2020-09-06;-51269
2020-09-05;"Košický kraj";10;0;0;0;NA;43915;10;2020-09-05;-51271
2020-09-04;"Košický kraj";14;0;0;0;NA;43915;14;2020-09-04;-51281
2020-09-03;"Košický kraj";22;0;0;0;NA;43915;22;2020-09-03;-51295
2020-09-02;"Košický kraj";13;0;0;0;NA;43915;13;2020-09-02;-51317
2020-09-01;"Košický kraj";21;0;0;0;NA;43915;21;2020-09-01;-51330
2020-08-31;"Košický kraj";9;0;0;0;NA;43915;9;2020-08-31;-51351
2020-08-30;"Košický kraj";21;0;0;0;NA;43915;21;2020-08-30;-51360
2020-08-29;"Košický kraj";1;0;0;0;NA;43915;1;2020-08-29;-51381
2020-08-28;"Košický kraj";19;0;0;0;NA;43915;19;2020-08-28;-51382
2020-08-27;"Košický kraj";15;0;0;0;NA;43915;15;2020-08-27;-51401
2020-08-26;"Košický kraj";8;0;0;0;NA;43915;8;2020-08-26;-51416
2020-08-25;"Košický kraj";23;0;0;0;NA;43915;23;2020-08-25;-51424
2020-08-24;"Košický kraj";6;0;0;0;NA;43915;6;2020-08-24;-51447
2020-08-23;"Košický kraj";8;0;0;0;NA;43915;8;2020-08-23;-51453
2020-08-22;"Košický kraj";13;0;0;0;NA;43915;13;2020-08-22;-51461
2020-08-21;"Košický kraj";10;0;0;0;NA;43915;10;2020-08-21;-51474
2020-08-20;"Košický kraj";10;0;0;0;NA;43915;10;2020-08-20;-51484
2020-08-19;"Košický kraj";3;0;0;0;NA;43915;3;2020-08-19;-51494
2020-08-18;"Košický kraj";7;0;0;0;NA;43915;7;2020-08-18;-51497
2020-08-17;"Košický kraj";2;0;0;0;NA;43915;2;2020-08-17;-51504
2020-08-16;"Košický kraj";2;0;0;0;NA;43915;2;2020-08-16;-51506
2020-08-15;"Košický kraj";3;0;0;0;NA;43915;3;2020-08-15;-51508
2020-08-14;"Košický kraj";1;0;0;0;NA;43915;1;2020-08-14;-51511
2020-08-13;"Košický kraj";3;0;0;0;NA;43915;3;2020-08-13;-51512
2020-08-12;"Košický kraj";12;0;0;0;NA;43915;12;2020-08-12;-51515
2020-08-11;"Košický kraj";5;0;0;0;NA;43915;5;2020-08-11;-51527
2020-08-10;"Košický kraj";1;0;0;0;NA;43915;1;2020-08-10;-51532
2020-08-09;"Košický kraj";0;0;0;0;NA;43915;0;2020-08-09;-51533
2020-08-08;"Košický kraj";5;0;0;0;NA;43915;5;2020-08-08;-51533
2020-08-07;"Košický kraj";7;0;0;0;NA;43915;7;2020-08-07;-51538
2020-08-06;"Košický kraj";3;0;0;0;NA;43915;3;2020-08-06;-51545
2020-08-05;"Košický kraj";4;0;0;0;NA;43915;4;2020-08-05;-51548
2020-08-04;"Košický kraj";1;0;0;0;NA;43915;1;2020-08-04;-51552
2020-08-03;"Košický kraj";1;0;0;0;NA;43915;1;2020-08-03;-51553
2020-08-02;"Košický kraj";0;0;0;0;NA;43915;0;2020-08-02;-51554
2020-08-01;"Košický kraj";0;0;0;0;NA;43915;0;2020-08-01;-51554
2020-07-31;"Košický kraj";0;0;0;0;NA;43915;0;2020-07-31;-51554
2020-07-30;"Košický kraj";2;0;0;0;NA;43915;2;2020-07-30;-51554
2020-07-29;"Košický kraj";1;0;0;0;NA;43915;1;2020-07-29;-51556
2020-07-28;"Košický kraj";9;0;0;0;NA;43915;9;2020-07-28;-51557
2020-07-27;"Košický kraj";4;0;0;0;NA;43915;4;2020-07-27;-51566
2020-07-26;"Košický kraj";0;0;0;0;NA;43915;0;2020-07-26;-51570
2020-07-25;"Košický kraj";2;0;0;0;NA;43915;2;2020-07-25;-51570
2020-07-24;"Košický kraj";2;0;0;0;NA;43915;2;2020-07-24;-51572
2020-07-23;"Košický kraj";1;0;0;0;NA;43915;1;2020-07-23;-51574
2020-07-22;"Košický kraj";1;0;0;0;NA;43915;1;2020-07-22;-51575
2020-07-21;"Košický kraj";0;0;0;0;NA;43915;0;2020-07-21;-51576
2020-07-20;"Košický kraj";0;0;0;0;NA;43915;0;2020-07-20;-51576
2020-07-19;"Košický kraj";0;0;0;0;NA;43915;0;2020-07-19;-51576
2020-07-18;"Košický kraj";1;0;0;0;NA;43915;1;2020-07-18;-51576
2020-07-17;"Košický kraj";1;0;0;0;NA;43915;1;2020-07-17;-51577
2020-07-16;"Košický kraj";0;0;0;0;NA;43915;0;2020-07-16;-51578
2020-07-15;"Košický kraj";2;0;0;0;NA;43915;2;2020-07-15;-51578
2020-07-14;"Košický kraj";1;0;0;0;NA;43915;1;2020-07-14;-51580
2020-07-13;"Košický kraj";1;0;0;0;NA;43915;1;2020-07-13;-51581
2020-07-12;"Košický kraj";0;0;0;0;NA;43915;0;2020-07-12;-51582
2020-07-11;"Košický kraj";0;0;0;0;NA;43915;0;2020-07-11;-51582
2020-07-10;"Košický kraj";1;0;0;0;NA;43915;1;2020-07-10;-51582
2020-07-09;"Košický kraj";1;0;0;0;NA;43915;1;2020-07-09;-51583
2020-07-08;"Košický kraj";12;0;0;0;NA;43915;12;2020-07-08;-51584
2020-07-07;"Košický kraj";0;0;0;0;NA;43915;0;2020-07-07;-51596
2020-07-06;"Košický kraj";0;0;0;0;NA;43915;0;2020-07-06;-51596
2020-07-05;"Košický kraj";0;0;0;0;NA;43915;0;2020-07-05;-51596
2020-07-04;"Košický kraj";0;0;0;0;NA;43915;0;2020-07-04;-51596
2020-07-03;"Košický kraj";1;0;0;0;NA;43915;1;2020-07-03;-51596
2020-07-02;"Košický kraj";0;0;0;0;NA;43915;0;2020-07-02;-51597
2020-07-01;"Košický kraj";1;0;0;0;NA;43915;1;2020-07-01;-51597
2020-06-30;"Košický kraj";0;0;0;0;NA;43915;0;2020-06-30;-51598
2020-06-29;"Košický kraj";0;0;0;0;NA;43915;0;2020-06-29;-51598
2020-06-28;"Košický kraj";0;0;0;0;NA;43915;0;2020-06-28;-51598
2020-06-27;"Košický kraj";0;0;0;0;NA;43915;0;2020-06-27;-51598
2020-06-26;"Košický kraj";0;0;0;0;NA;43915;0;2020-06-26;-51598
2020-06-25;"Košický kraj";3;0;0;0;NA;43915;3;2020-06-25;-51598
2020-06-24;"Košický kraj";3;0;0;0;NA;43915;3;2020-06-24;-51601
2020-06-23;"Košický kraj";3;0;0;0;NA;43915;3;2020-06-23;-51604
2020-06-22;"Košický kraj";0;0;0;0;NA;43915;0;2020-06-22;-51607
2020-06-21;"Košický kraj";0;0;0;0;NA;43915;0;2020-06-21;-51607
2020-06-20;"Košický kraj";0;0;0;0;NA;43915;0;2020-06-20;-51607
2020-06-19;"Košický kraj";0;0;0;0;NA;43915;0;2020-06-19;-51607
2020-06-18;"Košický kraj";1;0;0;0;NA;43915;1;2020-06-18;-51607
2020-06-17;"Košický kraj";0;0;0;0;NA;43915;0;2020-06-17;-51608
2020-06-16;"Košický kraj";2;0;0;0;NA;43915;2;2020-06-16;-51608
2020-06-14;"Košický kraj";0;0;0;0;NA;43915;0;2020-06-14;-51610
2020-06-13;"Košický kraj";0;0;0;0;NA;43915;0;2020-06-13;-51610
2020-06-12;"Košický kraj";0;0;0;0;NA;43915;0;2020-06-12;-51610
2020-06-11;"Košický kraj";0;0;0;0;NA;43915;0;2020-06-11;-51610
2020-06-10;"Košický kraj";6;0;0;0;NA;43915;6;2020-06-10;-51610
2020-06-09;"Košický kraj";0;0;0;0;NA;43915;0;2020-06-09;-51616
2020-06-08;"Košický kraj";0;0;0;0;NA;43915;0;2020-06-08;-51616
2020-06-07;"Košický kraj";2;0;0;0;NA;43915;2;2020-06-07;-51616
2020-06-05;"Košický kraj";0;0;0;0;NA;43915;0;2020-06-05;-51618
2020-06-03;"Košický kraj";0;0;0;0;NA;43915;0;2020-06-03;-51618
2020-06-02;"Košický kraj";1;0;0;0;NA;43915;1;2020-06-02;-51618
2020-05-31;"Košický kraj";0;0;0;0;NA;43915;0;2020-05-31;-51619
2020-05-29;"Košický kraj";1;0;0;0;NA;43915;1;2020-05-29;-51619
2020-05-27;"Košický kraj";0;0;0;0;NA;43915;0;2020-05-27;-51620
2020-05-26;"Košický kraj";1;0;0;0;NA;43915;1;2020-05-26;-51620
2020-05-25;"Košický kraj";1;0;0;0;NA;43915;1;2020-05-25;-51621
2020-05-24;"Košický kraj";0;0;0;0;NA;43915;0;2020-05-24;-51622
2020-05-23;"Košický kraj";0;0;0;0;NA;43915;0;2020-05-23;-51622
2020-05-22;"Košický kraj";0;0;0;0;NA;43915;0;2020-05-22;-51622
2020-05-21;"Košický kraj";0;0;0;0;NA;43915;0;2020-05-21;-51622
2020-05-20;"Košický kraj";3;0;0;0;NA;43915;3;2020-05-20;-51622
2020-05-19;"Košický kraj";0;0;0;0;NA;43915;0;2020-05-19;-51625
2020-05-17;"Košický kraj";1;0;0;0;NA;43915;1;2020-05-17;-51625
2020-05-16;"Košický kraj";1;0;0;0;NA;43915;1;2020-05-16;-51626
2020-05-15;"Košický kraj";10;0;0;0;NA;43915;10;2020-05-15;-51627
2020-05-14;"Košický kraj";1;0;0;0;NA;43915;1;2020-05-14;-51637
2020-05-13;"Košický kraj";6;0;0;0;NA;43915;6;2020-05-13;-51638
2020-05-12;"Košický kraj";0;0;0;0;NA;43915;0;2020-05-12;-51644
2020-05-11;"Košický kraj";0;0;0;0;NA;43915;0;2020-05-11;-51644
2020-05-09;"Košický kraj";0;0;0;0;NA;43915;0;2020-05-09;-51644
2020-05-07;"Košický kraj";0;0;0;0;NA;43915;0;2020-05-07;-51644
2020-05-06;"Košický kraj";1;0;0;0;NA;43915;1;2020-05-06;-51644
2020-05-05;"Košický kraj";0;0;0;0;NA;43915;0;2020-05-05;-51645
2020-05-04;"Košický kraj";0;0;0;0;NA;43915;0;2020-05-04;-51645
2020-05-03;"Košický kraj";0;0;0;0;NA;43915;0;2020-05-03;-51645
2020-05-02;"Košický kraj";1;0;0;0;NA;43915;1;2020-05-02;-51645
2020-05-01;"Košický kraj";0;0;0;0;NA;43915;0;2020-05-01;-51646
2020-04-30;"Košický kraj";1;0;0;0;NA;43915;1;2020-04-30;-51646
2020-04-29;"Košický kraj";1;0;0;0;NA;43915;1;2020-04-29;-51647
2020-04-28;"Košický kraj";1;0;0;0;NA;43915;1;2020-04-28;-51648
2020-04-27;"Košický kraj";1;0;0;0;NA;43915;1;2020-04-27;-51649
2020-04-26;"Košický kraj";0;0;0;0;NA;43915;0;2020-04-26;-51650
2020-04-25;"Košický kraj";0;0;0;0;NA;43915;0;2020-04-25;-51650
2020-04-24;"Košický kraj";3;0;0;0;NA;43915;3;2020-04-24;-51650
2020-04-23;"Košický kraj";4;0;0;0;NA;43915;4;2020-04-23;-51653
2020-04-22;"Košický kraj";21;0;0;0;NA;43915;21;2020-04-22;-51657
2020-04-21;"Košický kraj";4;0;0;0;NA;43915;4;2020-04-21;-51678
2020-04-20;"Košický kraj";0;0;0;0;NA;43915;0;2020-04-20;-51682
2020-04-19;"Košický kraj";1;0;0;0;NA;43915;1;2020-04-19;-51682
2020-04-18;"Košický kraj";2;0;0;0;NA;43915;2;2020-04-18;-51683
2020-04-17;"Košický kraj";7;0;0;0;NA;43915;7;2020-04-17;-51685
2020-04-16;"Košický kraj";29;0;0;0;NA;43915;29;2020-04-16;-51692
2020-04-15;"Košický kraj";50;0;0;0;NA;43915;50;2020-04-15;-51721
2020-04-14;"Košický kraj";4;0;0;0;NA;43915;4;2020-04-14;-51771
2020-04-13;"Košický kraj";5;0;0;0;NA;43915;5;2020-04-13;-51775
2020-04-12;"Košický kraj";4;0;0;0;NA;43915;4;2020-04-12;-51780
2020-04-11;"Košický kraj";2;0;0;0;NA;43915;2;2020-04-11;-51784
2020-04-10;"Košický kraj";1;0;0;0;NA;43915;1;2020-04-10;-51786
2020-04-09;"Košický kraj";4;0;0;0;NA;43915;4;2020-04-09;-51787
2020-04-08;"Košický kraj";5;2;0;2;NA;43915;5;2020-04-08;-51791
2020-04-07;"Košický kraj";34;0;0;0;NA;43915;34;2020-04-07;-51796
2020-04-06;"Košický kraj";6;0;0;0;NA;43915;6;2020-04-06;-51830
2020-04-05;"Košický kraj";4;0;0;0;NA;43915;4;2020-04-05;-51836
2020-04-04;"Košický kraj";5;0;0;0;NA;43915;5;2020-04-04;-51840
2020-04-03;"Košický kraj";4;0;0;0;NA;43915;4;2020-04-03;-51845
2020-04-02;"Košický kraj";3;0;0;0;NA;43915;3;2020-04-02;-51849
2020-04-01;"Košický kraj";3;0;0;0;NA;43915;3;2020-04-01;-51852
2020-03-31;"Košický kraj";1;0;0;0;NA;43915;1;2020-03-31;-51855
2020-03-30;"Košický kraj";5;0;0;0;NA;43915;5;2020-03-30;-51856
2020-03-29;"Košický kraj";0;0;0;0;NA;43915;0;2020-03-29;-51861
2020-03-28;"Košický kraj";1;0;0;0;NA;43915;1;2020-03-28;-51861
2020-03-27;"Košický kraj";1;0;0;0;NA;43915;1;2020-03-27;-51862
2020-03-26;"Košický kraj";3;0;0;0;NA;43915;3;2020-03-26;-51863
2020-03-25;"Košický kraj";2;0;0;0;NA;43915;2;2020-03-25;-51866
2020-03-24;"Košický kraj";0;0;0;0;NA;43915;0;2020-03-24;-51868
2020-03-23;"Košický kraj";2;0;0;0;NA;43915;2;2020-03-23;-51868
2020-03-22;"Košický kraj";0;0;0;0;NA;43915;0;2020-03-22;-51870
2020-03-21;"Košický kraj";3;0;0;0;NA;43915;3;2020-03-21;-51870
2020-03-20;"Košický kraj";1;0;0;0;NA;43915;1;2020-03-20;-51873
2020-03-19;"Košický kraj";0;0;0;0;NA;43915;0;2020-03-19;-51874
2020-03-18;"Košický kraj";0;0;0;0;NA;43915;0;2020-03-18;-51874
2020-03-17;"Košický kraj";0;0;0;0;NA;43915;0;2020-03-17;-51874
2020-03-16;"Košický kraj";3;0;0;0;NA;43915;3;2020-03-16;-51874
2020-03-15;"Košický kraj";1;0;0;0;NA;43915;1;2020-03-15;-51877
2020-03-14;"Košický kraj";0;0;0;0;NA;43915;0;2020-03-14;-51878
2020-03-13;"Košický kraj";2;0;0;0;NA;43915;2;2020-03-13;-51878
2020-03-12;"Košický kraj";0;0;0;0;NA;43915;0;2020-03-12;-51880
2020-03-11;"Košický kraj";0;0;0;0;NA;43915;0;2020-03-11;-51880
2020-03-09;"Košický kraj";1;0;0;0;NA;43915;1;2020-03-09;-51880
2020-03-08;"Košický kraj";0;0;0;0;NA;43915;0;2020-03-08;-51881
2020-03-07;"Košický kraj";0;0;0;0;NA;43915;0;2020-03-07;-51881
2020-03-06;"Košický kraj";0;0;0;0;NA;43915;0;2020-03-06;-51881
2021-05-08;"Nitriansky kraj";0;19531;26;19557;NA;52927;26;2021-05-08;52927
2021-05-07;"Nitriansky kraj";32;13948;20;13968;NA;52927;52;2021-05-07;52901
2021-05-06;"Nitriansky kraj";30;9087;20;9107;NA;52927;50;2021-05-06;52849
2021-05-05;"Nitriansky kraj";19;8518;23;8541;NA;52927;42;2021-05-05;52799
2021-05-04;"Nitriansky kraj";46;8954;27;8981;NA;52927;73;2021-05-04;52757
2021-05-03;"Nitriansky kraj";32;14225;44;14269;NA;52927;76;2021-05-03;52684
2021-05-02;"Nitriansky kraj";4;31237;46;31283;NA;52927;50;2021-05-02;52608
2021-05-01;"Nitriansky kraj";23;55773;42;55815;NA;52927;65;2021-05-01;52558
2021-04-30;"Nitriansky kraj";28;31554;53;31607;NA;52927;81;2021-04-30;52493
2021-04-29;"Nitriansky kraj";27;13952;32;13984;NA;52927;59;2021-04-29;52412
2021-04-28;"Nitriansky kraj";36;14678;45;14723;NA;52927;81;2021-04-28;52353
2021-04-27;"Nitriansky kraj";51;13149;35;13184;NA;52927;86;2021-04-27;52272
2021-04-26;"Nitriansky kraj";38;20915;44;20959;NA;52927;82;2021-04-26;52186
2021-04-25;"Nitriansky kraj";7;43832;43;43875;NA;52927;50;2021-04-25;52104
2021-04-24;"Nitriansky kraj";23;87636;70;87706;NA;52927;93;2021-04-24;52054
2021-04-23;"Nitriansky kraj";54;34760;51;34811;NA;52927;105;2021-04-23;51961
2021-04-22;"Nitriansky kraj";32;15435;44;15479;NA;52927;76;2021-04-22;51856
2021-04-21;"Nitriansky kraj";38;14089;45;14134;NA;52927;83;2021-04-21;51780
2021-04-20;"Nitriansky kraj";67;16053;51;16104;NA;52927;118;2021-04-20;51697
2021-04-19;"Nitriansky kraj";35;24816;59;24875;NA;52927;94;2021-04-19;51579
2021-04-18;"Nitriansky kraj";0;39307;27;39334;NA;52927;27;2021-04-18;51485
2021-04-17;"Nitriansky kraj";34;89024;79;89103;NA;52927;113;2021-04-17;51458
2021-04-16;"Nitriansky kraj";46;32348;37;32385;NA;52927;83;2021-04-16;51345
2021-04-15;"Nitriansky kraj";75;16550;53;16603;NA;52927;128;2021-04-15;51262
2021-04-14;"Nitriansky kraj";43;14994;42;15036;NA;52927;85;2021-04-14;51134
2021-04-13;"Nitriansky kraj";110;15460;45;15505;NA;52927;155;2021-04-13;51049
2021-04-12;"Nitriansky kraj";29;21846;49;21895;NA;52927;78;2021-04-12;50894
2021-04-11;"Nitriansky kraj";1;37537;31;37568;NA;52927;32;2021-04-11;50816
2021-04-10;"Nitriansky kraj";35;90904;106;91010;NA;52927;141;2021-04-10;50784
2021-04-09;"Nitriansky kraj";69;30669;58;30727;NA;52927;127;2021-04-09;50643
2021-04-08;"Nitriansky kraj";71;15455;39;15494;NA;52927;110;2021-04-08;50516
2021-04-07;"Nitriansky kraj";64;18533;43;18576;NA;52927;107;2021-04-07;50406
2021-04-06;"Nitriansky kraj";65;32994;112;33106;NA;52927;177;2021-04-06;50299
2021-04-05;"Nitriansky kraj";37;12673;48;12721;NA;52927;85;2021-04-05;50122
2021-04-04;"Nitriansky kraj";5;17887;35;17922;NA;52927;40;2021-04-04;50037
2021-04-03;"Nitriansky kraj";26;85188;153;85341;NA;52927;179;2021-04-03;49997
2021-04-02;"Nitriansky kraj";32;18591;46;18637;NA;52927;78;2021-04-02;49818
2021-04-01;"Nitriansky kraj";63;24610;83;24693;NA;52927;146;2021-04-01;49740
2021-03-31;"Nitriansky kraj";73;21752;94;21846;NA;52927;167;2021-03-31;49594
2021-03-30;"Nitriansky kraj";125;17044;83;17127;NA;52927;208;2021-03-30;49427
2021-03-29;"Nitriansky kraj";81;25139;99;25238;NA;52927;180;2021-03-29;49219
2021-03-28;"Nitriansky kraj";6;45581;106;45687;NA;52927;112;2021-03-28;49039
2021-03-27;"Nitriansky kraj";39;103659;174;103833;NA;52927;213;2021-03-27;48927
2021-03-26;"Nitriansky kraj";90;40444;115;40559;NA;52927;205;2021-03-26;48714
2021-03-25;"Nitriansky kraj";95;19149;94;19243;NA;52927;189;2021-03-25;48509
2021-03-24;"Nitriansky kraj";90;14784;91;14875;NA;52927;181;2021-03-24;48320
2021-03-23;"Nitriansky kraj";167;16753;66;16819;NA;52927;233;2021-03-23;48139
2021-03-22;"Nitriansky kraj";101;23699;124;23823;NA;52927;225;2021-03-22;47906
2021-03-21;"Nitriansky kraj";27;42318;99;42417;NA;52927;126;2021-03-21;47681
2021-03-20;"Nitriansky kraj";36;99816;207;100023;NA;52927;243;2021-03-20;47555
2021-03-19;"Nitriansky kraj";76;37115;101;37216;NA;52927;177;2021-03-19;47312
2021-03-18;"Nitriansky kraj";103;20051;113;20164;NA;52927;216;2021-03-18;47135
2021-03-17;"Nitriansky kraj";87;15832;127;15959;NA;52927;214;2021-03-17;46919
2021-03-16;"Nitriansky kraj";172;18085;121;18206;NA;52927;293;2021-03-16;46705
2021-03-15;"Nitriansky kraj";130;24491;165;24656;NA;52927;295;2021-03-15;46412
2021-03-14;"Nitriansky kraj";3;45758;107;45865;NA;52927;110;2021-03-14;46117
2021-03-13;"Nitriansky kraj";65;112081;241;112322;NA;52927;306;2021-03-13;46007
2021-03-12;"Nitriansky kraj";127;40776;159;40935;NA;52927;286;2021-03-12;45701
2021-03-11;"Nitriansky kraj";131;18685;130;18815;NA;52927;261;2021-03-11;45415
2021-03-10;"Nitriansky kraj";96;17422;143;17565;NA;52927;239;2021-03-10;45154
2021-03-09;"Nitriansky kraj";260;17645;149;17794;NA;52927;409;2021-03-09;44915
2021-03-08;"Nitriansky kraj";145;27214;172;27386;NA;52927;317;2021-03-08;44506
2021-03-07;"Nitriansky kraj";48;46867;185;47052;NA;52927;233;2021-03-07;44189
2021-03-06;"Nitriansky kraj";86;110858;326;111184;NA;52927;412;2021-03-06;43956
2021-03-05;"Nitriansky kraj";133;39068;200;39268;NA;52927;333;2021-03-05;43544
2021-03-04;"Nitriansky kraj";176;18206;173;18379;NA;52927;349;2021-03-04;43211
2021-03-03;"Nitriansky kraj";172;17210;177;17387;NA;52927;349;2021-03-03;42862
2021-03-02;"Nitriansky kraj";274;20999;366;21365;NA;52927;640;2021-03-02;42513
2021-03-01;"Nitriansky kraj";133;27881;279;28160;NA;52927;412;2021-03-01;41873
2021-02-28;"Nitriansky kraj";80;40866;218;41084;NA;52927;298;2021-02-28;41461
2021-02-27;"Nitriansky kraj";101;106352;496;106848;NA;52927;597;2021-02-27;41163
2021-02-26;"Nitriansky kraj";109;36722;306;37028;NA;52927;415;2021-02-26;40566
2021-02-25;"Nitriansky kraj";188;15235;212;15447;NA;52927;400;2021-02-25;40151
2021-02-24;"Nitriansky kraj";125;13833;260;14093;NA;52927;385;2021-02-24;39751
2021-02-23;"Nitriansky kraj";273;15296;271;15567;NA;52927;544;2021-02-23;39366
2021-02-22;"Nitriansky kraj";154;26466;330;26796;NA;52927;484;2021-02-22;38822
2021-02-21;"Nitriansky kraj";22;43657;320;43977;NA;52927;342;2021-02-21;38338
2021-02-20;"Nitriansky kraj";128;108304;584;108888;NA;52927;712;2021-02-20;37996
2021-02-19;"Nitriansky kraj";173;36849;328;37177;NA;52927;501;2021-02-19;37284
2021-02-18;"Nitriansky kraj";202;17051;275;17326;NA;52927;477;2021-02-18;36783
2021-02-17;"Nitriansky kraj";198;12080;310;12390;NA;52927;508;2021-02-17;36306
2021-02-16;"Nitriansky kraj";284;14477;282;14759;NA;52927;566;2021-02-16;35798
2021-02-15;"Nitriansky kraj";122;27620;471;28091;NA;52927;593;2021-02-15;35232
2021-02-14;"Nitriansky kraj";8;50408;318;50726;NA;52927;326;2021-02-14;34639
2021-02-13;"Nitriansky kraj";127;110035;689;110724;NA;52927;816;2021-02-13;34313
2021-02-12;"Nitriansky kraj";162;33400;407;33807;NA;52927;569;2021-02-12;33497
2021-02-11;"Nitriansky kraj";195;12406;270;12676;NA;52927;465;2021-02-11;32928
2021-02-10;"Nitriansky kraj";186;17632;644;18276;NA;52927;830;2021-02-10;32463
2021-02-09;"Nitriansky kraj";260;18523;385;18908;NA;52927;645;2021-02-09;31633
2021-02-08;"Nitriansky kraj";177;37534;569;38103;NA;52927;746;2021-02-08;30988
2021-02-07;"Nitriansky kraj";20;52307;513;52820;NA;52927;533;2021-02-07;30242
2021-02-06;"Nitriansky kraj";129;101942;765;102707;NA;52927;894;2021-02-06;29709
2021-02-05;"Nitriansky kraj";244;26144;491;26635;NA;52927;735;2021-02-05;28815
2021-02-04;"Nitriansky kraj";308;15681;512;16193;NA;52927;820;2021-02-04;28080
2021-02-03;"Nitriansky kraj";191;13372;372;13744;NA;52927;563;2021-02-03;27260
2021-02-02;"Nitriansky kraj";327;17878;382;18260;NA;52927;709;2021-02-02;26697
2021-02-01;"Nitriansky kraj";221;24049;460;24509;NA;52927;681;2021-02-01;25988
2021-01-31;"Nitriansky kraj";9;45339;496;45835;NA;52927;505;2021-01-31;25307
2021-01-30;"Nitriansky kraj";152;98142;1077;99219;NA;52927;1229;2021-01-30;24802
2021-01-29;"Nitriansky kraj";302;22461;477;22938;NA;52927;779;2021-01-29;23573
2021-01-28;"Nitriansky kraj";269;11370;398;11768;NA;52927;667;2021-01-28;22794
2021-01-27;"Nitriansky kraj";235;6760;299;7059;NA;52927;534;2021-01-27;22127
2021-01-26;"Nitriansky kraj";345;16036;454;16490;NA;52927;799;2021-01-26;21593
2021-01-25;"Nitriansky kraj";201;21729;429;22158;NA;52927;630;2021-01-25;20794
2021-01-24;"Nitriansky kraj";12;78775;889;79664;NA;52927;901;2021-01-24;20164
2021-01-23;"Nitriansky kraj";277;97395;1434;98829;NA;52927;1711;2021-01-23;19263
2021-01-22;"Nitriansky kraj";139;35826;619;36445;NA;52927;758;2021-01-22;17552
2021-01-21;"Nitriansky kraj";305;14649;412;15061;NA;52927;717;2021-01-21;16794
2021-01-20;"Nitriansky kraj";326;11991;625;12616;NA;52927;951;2021-01-20;16077
2021-01-19;"Nitriansky kraj";344;11022;633;11655;NA;52927;977;2021-01-19;15126
2021-01-18;"Nitriansky kraj";367;8902;520;9422;NA;52927;887;2021-01-18;14149
2021-01-17;"Nitriansky kraj";97;15061;275;15336;NA;52927;372;2021-01-17;13262
2021-01-16;"Nitriansky kraj";64;36838;679;37517;NA;52927;743;2021-01-16;12890
2021-01-15;"Nitriansky kraj";373;15940;474;16414;NA;52927;847;2021-01-15;12147
2021-01-14;"Nitriansky kraj";627;10577;452;11029;NA;52927;1079;2021-01-14;11300
2021-01-13;"Nitriansky kraj";663;9234;484;9718;NA;52927;1147;2021-01-13;10221
2021-01-12;"Nitriansky kraj";642;9014;557;9571;NA;52927;1199;2021-01-12;9074
2021-01-11;"Nitriansky kraj";422;8625;556;9181;NA;52927;978;2021-01-11;7875
2021-01-10;"Nitriansky kraj";44;19841;730;20571;NA;52927;774;2021-01-10;6897
2021-01-09;"Nitriansky kraj";532;36823;1071;37894;NA;52927;1603;2021-01-09;6123
2021-01-08;"Nitriansky kraj";817;14297;711;15008;NA;52927;1528;2021-01-08;4520
2021-01-07;"Nitriansky kraj";438;10820;823;11643;NA;52927;1261;2021-01-07;2992
2021-01-06;"Nitriansky kraj";259;3192;197;3389;NA;52927;456;2021-01-06;1731
2021-01-05;"Nitriansky kraj";732;8901;1202;10103;NA;52927;1934;2021-01-05;1275
2021-01-04;"Nitriansky kraj";362;8692;1329;10021;NA;52927;1691;2021-01-04;-659
2021-01-03;"Nitriansky kraj";42;84;20;104;NA;52927;62;2021-01-03;-2350
2021-01-02;"Nitriansky kraj";249;1090;26;1116;NA;52927;275;2021-01-02;-2412
2021-01-01;"Nitriansky kraj";119;781;95;876;NA;52927;214;2021-01-01;-2687
2020-12-31;"Nitriansky kraj";786;7646;962;8608;NA;52927;1748;2020-12-31;-2901
2020-12-30;"Nitriansky kraj";1094;9619;1165;10784;NA;52927;2259;2020-12-30;-4649
2020-12-29;"Nitriansky kraj";607;8277;1286;9563;NA;52927;1893;2020-12-29;-6908
2020-12-28;"Nitriansky kraj";83;6981;1271;8252;NA;52927;1354;2020-12-28;-8801
2020-12-27;"Nitriansky kraj";22;60;8;68;NA;52927;30;2020-12-27;-10155
2020-12-26;"Nitriansky kraj";54;297;56;353;NA;52927;110;2020-12-26;-10185
2020-12-25;"Nitriansky kraj";35;60;11;71;NA;52927;46;2020-12-25;-10295
2020-12-24;"Nitriansky kraj";514;1861;176;2037;NA;52927;690;2020-12-24;-10341
2020-12-23;"Nitriansky kraj";349;15295;843;16138;NA;52927;1192;2020-12-23;-11031
2020-12-22;"Nitriansky kraj";673;10987;994;11981;NA;52927;1667;2020-12-22;-12223
2020-12-21;"Nitriansky kraj";128;7953;976;8929;NA;52927;1104;2020-12-21;-13890
2020-12-20;"Nitriansky kraj";77;50;10;60;NA;52927;87;2020-12-20;-14994
2020-12-19;"Nitriansky kraj";262;2259;159;2418;NA;52927;421;2020-12-19;-15081
2020-12-18;"Nitriansky kraj";512;8437;551;8988;NA;52927;1063;2020-12-18;-15502
2020-12-17;"Nitriansky kraj";586;6894;514;7408;NA;52927;1100;2020-12-17;-16565
2020-12-16;"Nitriansky kraj";357;8785;546;9331;NA;52927;903;2020-12-16;-17665
2020-12-15;"Nitriansky kraj";461;9365;769;10134;NA;52927;1230;2020-12-15;-18568
2020-12-14;"Nitriansky kraj";217;8089;827;8916;NA;52927;1044;2020-12-14;-19798
2020-12-13;"Nitriansky kraj";12;69;6;75;NA;52927;18;2020-12-13;-20842
2020-12-12;"Nitriansky kraj";341;1832;125;1957;NA;52927;466;2020-12-12;-20860
2020-12-11;"Nitriansky kraj";409;5431;416;5847;NA;52927;825;2020-12-11;-21326
2020-12-10;"Nitriansky kraj";360;5473;351;5824;NA;52927;711;2020-12-10;-22151
2020-12-09;"Nitriansky kraj";362;5506;529;6035;NA;52927;891;2020-12-09;-22862
2020-12-08;"Nitriansky kraj";340;8100;546;8646;NA;52927;886;2020-12-08;-23753
2020-12-07;"Nitriansky kraj";139;6243;573;6816;NA;52927;712;2020-12-07;-24639
2020-12-06;"Nitriansky kraj";15;89;4;93;NA;52927;19;2020-12-06;-25351
2020-12-05;"Nitriansky kraj";136;1388;19;1407;NA;52927;155;2020-12-05;-25370
2020-12-04;"Nitriansky kraj";232;2884;74;2958;NA;52927;306;2020-12-04;-25525
2020-12-03;"Nitriansky kraj";248;2471;110;2581;NA;52927;358;2020-12-03;-25831
2020-12-02;"Nitriansky kraj";252;3733;163;3896;NA;52927;415;2020-12-02;-26189
2020-12-01;"Nitriansky kraj";331;2891;131;3022;NA;52927;462;2020-12-01;-26604
2020-11-30;"Nitriansky kraj";91;4228;188;4416;NA;52927;279;2020-11-30;-27066
2020-11-29;"Nitriansky kraj";3;634;42;676;NA;52927;45;2020-11-29;-27345
2020-11-28;"Nitriansky kraj";135;892;31;923;NA;52927;166;2020-11-28;-27390
2020-11-27;"Nitriansky kraj";177;2069;73;2142;NA;52927;250;2020-11-27;-27556
2020-11-26;"Nitriansky kraj";191;2813;80;2893;NA;52927;271;2020-11-26;-27806
2020-11-25;"Nitriansky kraj";325;2478;91;2569;NA;52927;416;2020-11-25;-28077
2020-11-24;"Nitriansky kraj";147;1641;64;1705;NA;52927;211;2020-11-24;-28493
2020-11-23;"Nitriansky kraj";102;9891;212;10103;NA;52927;314;2020-11-23;-28704
2020-11-22;"Nitriansky kraj";7;1176;25;1201;NA;52927;32;2020-11-22;-29018
2020-11-21;"Nitriansky kraj";86;1083;38;1121;NA;52927;124;2020-11-21;-29050
2020-11-20;"Nitriansky kraj";264;4180;103;4283;NA;52927;367;2020-11-20;-29174
2020-11-19;"Nitriansky kraj";185;3065;134;3199;NA;52927;319;2020-11-19;-29541
2020-11-18;"Nitriansky kraj";188;2214;79;2293;NA;52927;267;2020-11-18;-29860
2020-11-17;"Nitriansky kraj";178;596;29;625;NA;52927;207;2020-11-17;-30127
2020-11-16;"Nitriansky kraj";139;1877;75;1952;NA;52927;214;2020-11-16;-30334
2020-11-15;"Nitriansky kraj";14;180;5;185;NA;52927;19;2020-11-15;-30548
2020-11-14;"Nitriansky kraj";114;1131;32;1163;NA;52927;146;2020-11-14;-30567
2020-11-13;"Nitriansky kraj";210;936;46;982;NA;52927;256;2020-11-13;-30713
2020-11-12;"Nitriansky kraj";256;1195;35;1230;NA;52927;291;2020-11-12;-30969
2020-11-11;"Nitriansky kraj";279;1247;22;1269;NA;52927;301;2020-11-11;-31260
2020-11-10;"Nitriansky kraj";192;2623;39;2662;NA;52927;231;2020-11-10;-31561
2020-11-09;"Nitriansky kraj";128;3136;43;3179;NA;52927;171;2020-11-09;-31792
2020-11-08;"Nitriansky kraj";43;1462;32;1494;NA;52927;75;2020-11-08;-31963
2020-11-07;"Nitriansky kraj";130;1046;4;1050;NA;52927;134;2020-11-07;-32038
2020-11-06;"Nitriansky kraj";210;2264;32;2296;NA;52927;242;2020-11-06;-32172
2020-11-05;"Nitriansky kraj";178;313;14;327;NA;52927;192;2020-11-05;-32414
2020-11-04;"Nitriansky kraj";211;297;16;313;NA;52927;227;2020-11-04;-32606
2020-11-03;"Nitriansky kraj";216;435;25;460;NA;52927;241;2020-11-03;-32833
2020-11-02;"Nitriansky kraj";171;4208;46;4254;NA;52927;217;2020-11-02;-33074
2020-11-01;"Nitriansky kraj";130;2546;27;2573;NA;52927;157;2020-11-01;-33291
2020-10-31;"Nitriansky kraj";261;10572;134;10706;NA;52927;395;2020-10-31;-33448
2020-10-30;"Nitriansky kraj";204;2661;44;2705;NA;52927;248;2020-10-30;-33843
2020-10-29;"Nitriansky kraj";293;841;39;880;NA;52927;332;2020-10-29;-34091
2020-10-28;"Nitriansky kraj";216;608;59;667;NA;52927;275;2020-10-28;-34423
2020-10-27;"Nitriansky kraj";296;550;47;597;NA;52927;343;2020-10-27;-34698
2020-10-26;"Nitriansky kraj";69;633;56;689;NA;52927;125;2020-10-26;-35041
2020-10-25;"Nitriansky kraj";50;62;8;70;NA;52927;58;2020-10-25;-35166
2020-10-24;"Nitriansky kraj";169;237;11;248;NA;52927;180;2020-10-24;-35224
2020-10-23;"Nitriansky kraj";282;762;41;803;NA;52927;323;2020-10-23;-35404
2020-10-22;"Nitriansky kraj";137;444;39;483;NA;52927;176;2020-10-22;-35727
2020-10-21;"Nitriansky kraj";146;208;3;211;NA;52927;149;2020-10-21;-35903
2020-10-20;"Nitriansky kraj";197;78;6;84;NA;52927;203;2020-10-20;-36052
2020-10-19;"Nitriansky kraj";148;79;1;80;NA;52927;149;2020-10-19;-36255
2020-10-18;"Nitriansky kraj";22;0;0;0;NA;52927;22;2020-10-18;-36404
2020-10-17;"Nitriansky kraj";67;0;0;0;NA;52927;67;2020-10-17;-36426
2020-10-16;"Nitriansky kraj";133;28;3;31;NA;52927;136;2020-10-16;-36493
2020-10-15;"Nitriansky kraj";106;31;2;33;NA;52927;108;2020-10-15;-36629
2020-10-14;"Nitriansky kraj";80;22;4;26;NA;52927;84;2020-10-14;-36737
2020-10-13;"Nitriansky kraj";101;82;2;84;NA;52927;103;2020-10-13;-36821
2020-10-12;"Nitriansky kraj";36;0;0;0;NA;52927;36;2020-10-12;-36924
2020-10-11;"Nitriansky kraj";8;0;0;0;NA;52927;8;2020-10-11;-36960
2020-10-10;"Nitriansky kraj";107;0;0;0;NA;52927;107;2020-10-10;-36968
2020-10-09;"Nitriansky kraj";120;0;0;0;NA;52927;120;2020-10-09;-37075
2020-10-08;"Nitriansky kraj";132;0;0;0;NA;52927;132;2020-10-08;-37195
2020-10-07;"Nitriansky kraj";81;0;0;0;NA;52927;81;2020-10-07;-37327
2020-10-06;"Nitriansky kraj";48;0;0;0;NA;52927;48;2020-10-06;-37408
2020-10-05;"Nitriansky kraj";20;0;0;0;NA;52927;20;2020-10-05;-37456
2020-10-04;"Nitriansky kraj";17;0;0;0;NA;52927;17;2020-10-04;-37476
2020-10-03;"Nitriansky kraj";96;0;0;0;NA;52927;96;2020-10-03;-37493
2020-10-02;"Nitriansky kraj";108;0;0;0;NA;52927;108;2020-10-02;-37589
2020-10-01;"Nitriansky kraj";95;0;0;0;NA;52927;95;2020-10-01;-37697
2020-09-30;"Nitriansky kraj";100;0;0;0;NA;52927;100;2020-09-30;-37792
2020-09-29;"Nitriansky kraj";50;0;0;0;NA;52927;50;2020-09-29;-37892
2020-09-28;"Nitriansky kraj";22;0;0;0;NA;52927;22;2020-09-28;-37942
2020-09-27;"Nitriansky kraj";16;0;0;0;NA;52927;16;2020-09-27;-37964
2020-09-26;"Nitriansky kraj";64;0;0;0;NA;52927;64;2020-09-26;-37980
2020-09-25;"Nitriansky kraj";90;0;0;0;NA;52927;90;2020-09-25;-38044
2020-09-24;"Nitriansky kraj";51;0;0;0;NA;52927;51;2020-09-24;-38134
2020-09-23;"Nitriansky kraj";70;0;0;0;NA;52927;70;2020-09-23;-38185
2020-09-22;"Nitriansky kraj";18;0;0;0;NA;52927;18;2020-09-22;-38255
2020-09-21;"Nitriansky kraj";10;0;0;0;NA;52927;10;2020-09-21;-38273
2020-09-20;"Nitriansky kraj";4;0;0;0;NA;52927;4;2020-09-20;-38283
2020-09-19;"Nitriansky kraj";14;0;0;0;NA;52927;14;2020-09-19;-38287
2020-09-18;"Nitriansky kraj";19;0;0;0;NA;52927;19;2020-09-18;-38301
2020-09-17;"Nitriansky kraj";30;0;0;0;NA;52927;30;2020-09-17;-38320
2020-09-16;"Nitriansky kraj";6;0;0;0;NA;52927;6;2020-09-16;-38350
2020-09-15;"Nitriansky kraj";19;0;0;0;NA;52927;19;2020-09-15;-38356
2020-09-14;"Nitriansky kraj";28;0;0;0;NA;52927;28;2020-09-14;-38375
2020-09-13;"Nitriansky kraj";3;0;0;0;NA;52927;3;2020-09-13;-38403
2020-09-12;"Nitriansky kraj";12;0;0;0;NA;52927;12;2020-09-12;-38406
2020-09-11;"Nitriansky kraj";23;0;0;0;NA;52927;23;2020-09-11;-38418
2020-09-10;"Nitriansky kraj";29;0;0;0;NA;52927;29;2020-09-10;-38441
2020-09-09;"Nitriansky kraj";19;0;0;0;NA;52927;19;2020-09-09;-38470
2020-09-08;"Nitriansky kraj";17;0;0;0;NA;52927;17;2020-09-08;-38489
2020-09-07;"Nitriansky kraj";17;0;0;0;NA;52927;17;2020-09-07;-38506
2020-09-06;"Nitriansky kraj";0;0;0;0;NA;52927;0;2020-09-06;-38523
2020-09-05;"Nitriansky kraj";22;0;0;0;NA;52927;22;2020-09-05;-38523
2020-09-04;"Nitriansky kraj";34;0;0;0;NA;52927;34;2020-09-04;-38545
2020-09-03;"Nitriansky kraj";15;0;0;0;NA;52927;15;2020-09-03;-38579
2020-09-02;"Nitriansky kraj";15;0;0;0;NA;52927;15;2020-09-02;-38594
2020-09-01;"Nitriansky kraj";2;0;0;0;NA;52927;2;2020-09-01;-38609
2020-08-31;"Nitriansky kraj";12;0;0;0;NA;52927;12;2020-08-31;-38611
2020-08-30;"Nitriansky kraj";1;0;0;0;NA;52927;1;2020-08-30;-38623
2020-08-29;"Nitriansky kraj";7;0;0;0;NA;52927;7;2020-08-29;-38624
2020-08-28;"Nitriansky kraj";12;0;0;0;NA;52927;12;2020-08-28;-38631
2020-08-27;"Nitriansky kraj";12;0;0;0;NA;52927;12;2020-08-27;-38643
2020-08-26;"Nitriansky kraj";4;0;0;0;NA;52927;4;2020-08-26;-38655
2020-08-25;"Nitriansky kraj";8;0;0;0;NA;52927;8;2020-08-25;-38659
2020-08-24;"Nitriansky kraj";1;0;0;0;NA;52927;1;2020-08-24;-38667
2020-08-23;"Nitriansky kraj";1;0;0;0;NA;52927;1;2020-08-23;-38668
2020-08-22;"Nitriansky kraj";2;0;0;0;NA;52927;2;2020-08-22;-38669
2020-08-21;"Nitriansky kraj";0;0;0;0;NA;52927;0;2020-08-21;-38671
2020-08-20;"Nitriansky kraj";7;0;0;0;NA;52927;7;2020-08-20;-38671
2020-08-19;"Nitriansky kraj";1;0;0;0;NA;52927;1;2020-08-19;-38678
2020-08-18;"Nitriansky kraj";2;0;0;0;NA;52927;2;2020-08-18;-38679
2020-08-17;"Nitriansky kraj";1;0;0;0;NA;52927;1;2020-08-17;-38681
2020-08-16;"Nitriansky kraj";0;0;0;0;NA;52927;0;2020-08-16;-38682
2020-08-15;"Nitriansky kraj";2;0;0;0;NA;52927;2;2020-08-15;-38682
2020-08-14;"Nitriansky kraj";1;0;0;0;NA;52927;1;2020-08-14;-38684
2020-08-13;"Nitriansky kraj";4;0;0;0;NA;52927;4;2020-08-13;-38685
2020-08-12;"Nitriansky kraj";0;0;0;0;NA;52927;0;2020-08-12;-38689
2020-08-11;"Nitriansky kraj";1;0;0;0;NA;52927;1;2020-08-11;-38689
2020-08-10;"Nitriansky kraj";0;0;0;0;NA;52927;0;2020-08-10;-38690
2020-08-09;"Nitriansky kraj";0;0;0;0;NA;52927;0;2020-08-09;-38690
2020-08-08;"Nitriansky kraj";0;0;0;0;NA;52927;0;2020-08-08;-38690
2020-08-07;"Nitriansky kraj";4;0;0;0;NA;52927;4;2020-08-07;-38690
2020-08-06;"Nitriansky kraj";4;0;0;0;NA;52927;4;2020-08-06;-38694
2020-08-05;"Nitriansky kraj";0;0;0;0;NA;52927;0;2020-08-05;-38698
2020-08-04;"Nitriansky kraj";7;0;0;0;NA;52927;7;2020-08-04;-38698
2020-08-03;"Nitriansky kraj";0;0;0;0;NA;52927;0;2020-08-03;-38705
2020-08-02;"Nitriansky kraj";0;0;0;0;NA;52927;0;2020-08-02;-38705
2020-08-01;"Nitriansky kraj";0;0;0;0;NA;52927;0;2020-08-01;-38705
2020-07-31;"Nitriansky kraj";0;0;0;0;NA;52927;0;2020-07-31;-38705
2020-07-30;"Nitriansky kraj";0;0;0;0;NA;52927;0;2020-07-30;-38705
2020-07-29;"Nitriansky kraj";0;0;0;0;NA;52927;0;2020-07-29;-38705
2020-07-28;"Nitriansky kraj";0;0;0;0;NA;52927;0;2020-07-28;-38705
2020-07-27;"Nitriansky kraj";0;0;0;0;NA;52927;0;2020-07-27;-38705
2020-07-26;"Nitriansky kraj";0;0;0;0;NA;52927;0;2020-07-26;-38705
2020-07-25;"Nitriansky kraj";0;0;0;0;NA;52927;0;2020-07-25;-38705
2020-07-24;"Nitriansky kraj";1;0;0;0;NA;52927;1;2020-07-24;-38705
2020-07-23;"Nitriansky kraj";3;0;0;0;NA;52927;3;2020-07-23;-38706
2020-07-22;"Nitriansky kraj";2;0;0;0;NA;52927;2;2020-07-22;-38709
2020-07-21;"Nitriansky kraj";14;0;0;0;NA;52927;14;2020-07-21;-38711
2020-07-20;"Nitriansky kraj";11;0;0;0;NA;52927;11;2020-07-20;-38725
2020-07-19;"Nitriansky kraj";0;0;0;0;NA;52927;0;2020-07-19;-38736
2020-07-18;"Nitriansky kraj";0;0;0;0;NA;52927;0;2020-07-18;-38736
2020-07-17;"Nitriansky kraj";0;0;0;0;NA;52927;0;2020-07-17;-38736
2020-07-16;"Nitriansky kraj";4;0;0;0;NA;52927;4;2020-07-16;-38736
2020-07-15;"Nitriansky kraj";5;0;0;0;NA;52927;5;2020-07-15;-38740
2020-07-14;"Nitriansky kraj";0;0;0;0;NA;52927;0;2020-07-14;-38745
2020-07-13;"Nitriansky kraj";0;0;0;0;NA;52927;0;2020-07-13;-38745
2020-07-12;"Nitriansky kraj";0;0;0;0;NA;52927;0;2020-07-12;-38745
2020-07-11;"Nitriansky kraj";0;0;0;0;NA;52927;0;2020-07-11;-38745
2020-07-10;"Nitriansky kraj";0;0;0;0;NA;52927;0;2020-07-10;-38745
2020-07-09;"Nitriansky kraj";1;0;0;0;NA;52927;1;2020-07-09;-38745
2020-07-08;"Nitriansky kraj";2;0;0;0;NA;52927;2;2020-07-08;-38746
2020-07-07;"Nitriansky kraj";0;0;0;0;NA;52927;0;2020-07-07;-38748
2020-07-06;"Nitriansky kraj";0;0;0;0;NA;52927;0;2020-07-06;-38748
2020-07-05;"Nitriansky kraj";0;0;0;0;NA;52927;0;2020-07-05;-38748
2020-07-04;"Nitriansky kraj";0;0;0;0;NA;52927;0;2020-07-04;-38748
2020-07-03;"Nitriansky kraj";0;0;0;0;NA;52927;0;2020-07-03;-38748
2020-07-02;"Nitriansky kraj";0;0;0;0;NA;52927;0;2020-07-02;-38748
2020-07-01;"Nitriansky kraj";3;0;0;0;NA;52927;3;2020-07-01;-38748
2020-06-30;"Nitriansky kraj";0;0;0;0;NA;52927;0;2020-06-30;-38751
2020-06-29;"Nitriansky kraj";0;0;0;0;NA;52927;0;2020-06-29;-38751
2020-06-28;"Nitriansky kraj";0;0;0;0;NA;52927;0;2020-06-28;-38751
2020-06-27;"Nitriansky kraj";0;0;0;0;NA;52927;0;2020-06-27;-38751
2020-06-26;"Nitriansky kraj";0;0;0;0;NA;52927;0;2020-06-26;-38751
2020-06-25;"Nitriansky kraj";0;0;0;0;NA;52927;0;2020-06-25;-38751
2020-06-24;"Nitriansky kraj";1;0;0;0;NA;52927;1;2020-06-24;-38751
2020-06-23;"Nitriansky kraj";0;0;0;0;NA;52927;0;2020-06-23;-38752
2020-06-22;"Nitriansky kraj";0;0;0;0;NA;52927;0;2020-06-22;-38752
2020-06-21;"Nitriansky kraj";0;0;0;0;NA;52927;0;2020-06-21;-38752
2020-06-20;"Nitriansky kraj";0;0;0;0;NA;52927;0;2020-06-20;-38752
2020-06-19;"Nitriansky kraj";0;0;0;0;NA;52927;0;2020-06-19;-38752
2020-06-18;"Nitriansky kraj";0;0;0;0;NA;52927;0;2020-06-18;-38752
2020-06-17;"Nitriansky kraj";0;0;0;0;NA;52927;0;2020-06-17;-38752
2020-06-16;"Nitriansky kraj";0;0;0;0;NA;52927;0;2020-06-16;-38752
2020-06-14;"Nitriansky kraj";0;0;0;0;NA;52927;0;2020-06-14;-38752
2020-06-13;"Nitriansky kraj";0;0;0;0;NA;52927;0;2020-06-13;-38752
2020-06-12;"Nitriansky kraj";0;0;0;0;NA;52927;0;2020-06-12;-38752
2020-06-11;"Nitriansky kraj";0;0;0;0;NA;52927;0;2020-06-11;-38752
2020-06-10;"Nitriansky kraj";1;0;0;0;NA;52927;1;2020-06-10;-38752
2020-06-09;"Nitriansky kraj";1;0;0;0;NA;52927;1;2020-06-09;-38753
2020-06-08;"Nitriansky kraj";0;0;0;0;NA;52927;0;2020-06-08;-38754
2020-06-07;"Nitriansky kraj";0;0;0;0;NA;52927;0;2020-06-07;-38754
2020-06-05;"Nitriansky kraj";0;0;0;0;NA;52927;0;2020-06-05;-38754
2020-06-03;"Nitriansky kraj";0;0;0;0;NA;52927;0;2020-06-03;-38754
2020-06-02;"Nitriansky kraj";1;0;0;0;NA;52927;1;2020-06-02;-38754
2020-05-31;"Nitriansky kraj";0;0;0;0;NA;52927;0;2020-05-31;-38755
2020-05-29;"Nitriansky kraj";0;0;0;0;NA;52927;0;2020-05-29;-38755
2020-05-27;"Nitriansky kraj";0;0;0;0;NA;52927;0;2020-05-27;-38755
2020-05-26;"Nitriansky kraj";0;0;0;0;NA;52927;0;2020-05-26;-38755
2020-05-25;"Nitriansky kraj";0;0;0;0;NA;52927;0;2020-05-25;-38755
2020-05-24;"Nitriansky kraj";2;0;0;0;NA;52927;2;2020-05-24;-38755
2020-05-23;"Nitriansky kraj";0;0;0;0;NA;52927;0;2020-05-23;-38757
2020-05-22;"Nitriansky kraj";1;0;0;0;NA;52927;1;2020-05-22;-38757
2020-05-21;"Nitriansky kraj";0;0;0;0;NA;52927;0;2020-05-21;-38758
2020-05-20;"Nitriansky kraj";0;0;0;0;NA;52927;0;2020-05-20;-38758
2020-05-19;"Nitriansky kraj";0;0;0;0;NA;52927;0;2020-05-19;-38758
2020-05-17;"Nitriansky kraj";0;0;0;0;NA;52927;0;2020-05-17;-38758
2020-05-16;"Nitriansky kraj";0;0;0;0;NA;52927;0;2020-05-16;-38758
2020-05-15;"Nitriansky kraj";1;0;0;0;NA;52927;1;2020-05-15;-38758
2020-05-14;"Nitriansky kraj";0;0;0;0;NA;52927;0;2020-05-14;-38759
2020-05-13;"Nitriansky kraj";0;0;0;0;NA;52927;0;2020-05-13;-38759
2020-05-12;"Nitriansky kraj";0;0;0;0;NA;52927;0;2020-05-12;-38759
2020-05-11;"Nitriansky kraj";2;0;0;0;NA;52927;2;2020-05-11;-38759
2020-05-09;"Nitriansky kraj";0;0;0;0;NA;52927;0;2020-05-09;-38761
2020-05-07;"Nitriansky kraj";1;0;0;0;NA;52927;1;2020-05-07;-38761
2020-05-06;"Nitriansky kraj";9;0;0;0;NA;52927;9;2020-05-06;-38762
2020-05-05;"Nitriansky kraj";0;0;0;0;NA;52927;0;2020-05-05;-38771
2020-05-04;"Nitriansky kraj";5;0;0;0;NA;52927;5;2020-05-04;-38771
2020-05-03;"Nitriansky kraj";2;0;0;0;NA;52927;2;2020-05-03;-38776
2020-05-02;"Nitriansky kraj";0;0;0;0;NA;52927;0;2020-05-02;-38778
2020-05-01;"Nitriansky kraj";1;0;0;0;NA;52927;1;2020-05-01;-38778
2020-04-30;"Nitriansky kraj";0;0;0;0;NA;52927;0;2020-04-30;-38779
2020-04-29;"Nitriansky kraj";0;0;0;0;NA;52927;0;2020-04-29;-38779
2020-04-28;"Nitriansky kraj";1;0;0;0;NA;52927;1;2020-04-28;-38779
2020-04-27;"Nitriansky kraj";0;0;0;0;NA;52927;0;2020-04-27;-38780
2020-04-26;"Nitriansky kraj";0;0;0;0;NA;52927;0;2020-04-26;-38780
2020-04-25;"Nitriansky kraj";0;0;0;0;NA;52927;0;2020-04-25;-38780
2020-04-24;"Nitriansky kraj";0;0;0;0;NA;52927;0;2020-04-24;-38780
2020-04-23;"Nitriansky kraj";3;0;0;0;NA;52927;3;2020-04-23;-38780
2020-04-22;"Nitriansky kraj";16;0;0;0;NA;52927;16;2020-04-22;-38783
2020-04-21;"Nitriansky kraj";6;0;0;0;NA;52927;6;2020-04-21;-38799
2020-04-20;"Nitriansky kraj";5;0;0;0;NA;52927;5;2020-04-20;-38805
2020-04-19;"Nitriansky kraj";0;0;0;0;NA;52927;0;2020-04-19;-38810
2020-04-18;"Nitriansky kraj";0;0;0;0;NA;52927;0;2020-04-18;-38810
2020-04-17;"Nitriansky kraj";7;0;0;0;NA;52927;7;2020-04-17;-38810
2020-04-16;"Nitriansky kraj";0;0;0;0;NA;52927;0;2020-04-16;-38817
2020-04-15;"Nitriansky kraj";6;0;0;0;NA;52927;6;2020-04-15;-38817
2020-04-14;"Nitriansky kraj";2;0;0;0;NA;52927;2;2020-04-14;-38823
2020-04-13;"Nitriansky kraj";1;0;0;0;NA;52927;1;2020-04-13;-38825
2020-04-12;"Nitriansky kraj";3;0;0;0;NA;52927;3;2020-04-12;-38826
2020-04-11;"Nitriansky kraj";1;0;0;0;NA;52927;1;2020-04-11;-38829
2020-04-10;"Nitriansky kraj";1;0;0;0;NA;52927;1;2020-04-10;-38830
2020-04-09;"Nitriansky kraj";0;0;0;0;NA;52927;0;2020-04-09;-38831
2020-04-08;"Nitriansky kraj";2;0;0;0;NA;52927;2;2020-04-08;-38831
2020-04-07;"Nitriansky kraj";3;0;0;0;NA;52927;3;2020-04-07;-38833
2020-04-06;"Nitriansky kraj";4;0;0;0;NA;52927;4;2020-04-06;-38836
2020-04-05;"Nitriansky kraj";5;0;0;0;NA;52927;5;2020-04-05;-38840
2020-04-04;"Nitriansky kraj";0;0;0;0;NA;52927;0;2020-04-04;-38845
2020-04-03;"Nitriansky kraj";0;0;0;0;NA;52927;0;2020-04-03;-38845
2020-04-02;"Nitriansky kraj";1;0;0;0;NA;52927;1;2020-04-02;-38845
2020-04-01;"Nitriansky kraj";0;0;0;0;NA;52927;0;2020-04-01;-38846
2020-03-31;"Nitriansky kraj";3;0;0;0;NA;52927;3;2020-03-31;-38846
2020-03-30;"Nitriansky kraj";3;0;0;0;NA;52927;3;2020-03-30;-38849
2020-03-29;"Nitriansky kraj";3;0;0;0;NA;52927;3;2020-03-29;-38852
2020-03-28;"Nitriansky kraj";1;0;0;0;NA;52927;1;2020-03-28;-38855
2020-03-27;"Nitriansky kraj";1;0;0;0;NA;52927;1;2020-03-27;-38856
2020-03-26;"Nitriansky kraj";1;0;0;0;NA;52927;1;2020-03-26;-38857
2020-03-25;"Nitriansky kraj";1;0;0;0;NA;52927;1;2020-03-25;-38858
2020-03-24;"Nitriansky kraj";0;0;0;0;NA;52927;0;2020-03-24;-38859
2020-03-23;"Nitriansky kraj";2;0;0;0;NA;52927;2;2020-03-23;-38859
2020-03-22;"Nitriansky kraj";2;0;0;0;NA;52927;2;2020-03-22;-38861
2020-03-21;"Nitriansky kraj";2;0;0;0;NA;52927;2;2020-03-21;-38863
2020-03-20;"Nitriansky kraj";1;0;0;0;NA;52927;1;2020-03-20;-38865
2020-03-19;"Nitriansky kraj";1;0;0;0;NA;52927;1;2020-03-19;-38866
2020-03-18;"Nitriansky kraj";2;0;0;0;NA;52927;2;2020-03-18;-38867
2020-03-17;"Nitriansky kraj";1;0;0;0;NA;52927;1;2020-03-17;-38869
2020-03-16;"Nitriansky kraj";0;0;0;0;NA;52927;0;2020-03-16;-38870
2020-03-15;"Nitriansky kraj";4;0;0;0;NA;52927;4;2020-03-15;-38870
2020-03-14;"Nitriansky kraj";1;0;0;0;NA;52927;1;2020-03-14;-38874
2020-03-13;"Nitriansky kraj";0;0;0;0;NA;52927;0;2020-03-13;-38875
2020-03-12;"Nitriansky kraj";0;0;0;0;NA;52927;0;2020-03-12;-38875
2020-03-11;"Nitriansky kraj";0;0;0;0;NA;52927;0;2020-03-11;-38875
2020-03-09;"Nitriansky kraj";0;0;0;0;NA;52927;0;2020-03-09;-38875
2020-03-08;"Nitriansky kraj";0;0;0;0;NA;52927;0;2020-03-08;-38875
2020-03-07;"Nitriansky kraj";0;0;0;0;NA;52927;0;2020-03-07;-38875
2020-03-06;"Nitriansky kraj";0;0;0;0;NA;52927;0;2020-03-06;-38875
2021-05-08;"Prešovský kraj";39;21685;47;21732;NA;52572;86;2021-05-08;52572
2021-05-07;"Prešovský kraj";81;22091;74;22165;NA;52572;155;2021-05-07;52486
2021-05-06;"Prešovský kraj";107;12837;66;12903;NA;52572;173;2021-05-06;52331
2021-05-05;"Prešovský kraj";60;12806;79;12885;NA;52572;139;2021-05-05;52158
2021-05-04;"Prešovský kraj";203;13096;67;13163;NA;52572;270;2021-05-04;52019
2021-05-03;"Prešovský kraj";68;18634;109;18743;NA;52572;177;2021-05-03;51749
2021-05-02;"Prešovský kraj";29;36175;102;36277;NA;52572;131;2021-05-02;51572
2021-05-01;"Prešovský kraj";70;56598;177;56775;NA;52572;247;2021-05-01;51441
2021-04-30;"Prešovský kraj";135;39269;118;39387;NA;52572;253;2021-04-30;51194
2021-04-29;"Prešovský kraj";110;16566;97;16663;NA;52572;207;2021-04-29;50941
2021-04-28;"Prešovský kraj";122;18578;88;18666;NA;52572;210;2021-04-28;50734
2021-04-27;"Prešovský kraj";154;19984;120;20104;NA;52572;274;2021-04-27;50524
2021-04-26;"Prešovský kraj";99;27398;123;27521;NA;52572;222;2021-04-26;50250
2021-04-25;"Prešovský kraj";9;52153;155;52308;NA;52572;164;2021-04-25;50028
2021-04-24;"Prešovský kraj";61;85871;247;86118;NA;52572;308;2021-04-24;49864
2021-04-23;"Prešovský kraj";171;39547;133;39680;NA;52572;304;2021-04-23;49556
2021-04-22;"Prešovský kraj";86;18109;125;18234;NA;52572;211;2021-04-22;49252
2021-04-21;"Prešovský kraj";144;21530;139;21669;NA;52572;283;2021-04-21;49041
2021-04-20;"Prešovský kraj";115;23345;127;23472;NA;52572;242;2021-04-20;48758
2021-04-19;"Prešovský kraj";106;29131;145;29276;NA;52572;251;2021-04-19;48516
2021-04-18;"Prešovský kraj";4;51540;129;51669;NA;52572;133;2021-04-18;48265
2021-04-17;"Prešovský kraj";119;97118;236;97354;NA;52572;355;2021-04-17;48132
2021-04-16;"Prešovský kraj";135;40982;146;41128;NA;52572;281;2021-04-16;47777
2021-04-15;"Prešovský kraj";112;20111;136;20247;NA;52572;248;2021-04-15;47496
2021-04-14;"Prešovský kraj";199;23327;130;23457;NA;52572;329;2021-04-14;47248
2021-04-13;"Prešovský kraj";180;23730;116;23846;NA;52572;296;2021-04-13;46919
2021-04-12;"Prešovský kraj";172;30152;175;30327;NA;52572;347;2021-04-12;46623
2021-04-11;"Prešovský kraj";11;49998;187;50185;NA;52572;198;2021-04-11;46276
2021-04-10;"Prešovský kraj";94;90181;297;90478;NA;52572;391;2021-04-10;46078
2021-04-09;"Prešovský kraj";255;37130;200;37330;NA;52572;455;2021-04-09;45687
2021-04-08;"Prešovský kraj";192;18891;157;19048;NA;52572;349;2021-04-08;45232
2021-04-07;"Prešovský kraj";314;27827;154;27981;NA;52572;468;2021-04-07;44883
2021-04-06;"Prešovský kraj";231;41672;268;41940;NA;52572;499;2021-04-06;44415
2021-04-05;"Prešovský kraj";54;18454;132;18586;NA;52572;186;2021-04-05;43916
2021-04-04;"Prešovský kraj";31;18702;91;18793;NA;52572;122;2021-04-04;43730
2021-04-03;"Prešovský kraj";104;90240;316;90556;NA;52572;420;2021-04-03;43608
2021-04-02;"Prešovský kraj";194;23520;134;23654;NA;52572;328;2021-04-02;43188
2021-04-01;"Prešovský kraj";256;42688;195;42883;NA;52572;451;2021-04-01;42860
2021-03-31;"Prešovský kraj";311;30144;227;30371;NA;52572;538;2021-03-31;42409
2021-03-30;"Prešovský kraj";374;20747;203;20950;NA;52572;577;2021-03-30;41871
2021-03-29;"Prešovský kraj";219;28188;229;28417;NA;52572;448;2021-03-29;41294
2021-03-28;"Prešovský kraj";26;46811;256;47067;NA;52572;282;2021-03-28;40846
2021-03-27;"Prešovský kraj";181;88639;373;89012;NA;52572;554;2021-03-27;40564
2021-03-26;"Prešovský kraj";310;47751;299;48050;NA;52572;609;2021-03-26;40010
2021-03-25;"Prešovský kraj";248;22279;213;22492;NA;52572;461;2021-03-25;39401
2021-03-24;"Prešovský kraj";381;19588;213;19801;NA;52572;594;2021-03-24;38940
2021-03-23;"Prešovský kraj";241;20315;255;20570;NA;52572;496;2021-03-23;38346
2021-03-22;"Prešovský kraj";299;28490;286;28776;NA;52572;585;2021-03-22;37850
2021-03-21;"Prešovský kraj";32;49439;266;49705;NA;52572;298;2021-03-21;37265
2021-03-20;"Prešovský kraj";180;92531;427;92958;NA;52572;607;2021-03-20;36967
2021-03-19;"Prešovský kraj";373;46196;320;46516;NA;52572;693;2021-03-19;36360
2021-03-18;"Prešovský kraj";251;21721;217;21938;NA;52572;468;2021-03-18;35667
2021-03-17;"Prešovský kraj";331;20887;231;21118;NA;52572;562;2021-03-17;35199
2021-03-16;"Prešovský kraj";461;21094;277;21371;NA;52572;738;2021-03-16;34637
2021-03-15;"Prešovský kraj";370;28789;324;29113;NA;52572;694;2021-03-15;33899
2021-03-14;"Prešovský kraj";52;50410;356;50766;NA;52572;408;2021-03-14;33205
2021-03-13;"Prešovský kraj";200;95300;532;95832;NA;52572;732;2021-03-13;32797
2021-03-12;"Prešovský kraj";425;47691;368;48059;NA;52572;793;2021-03-12;32065
2021-03-11;"Prešovský kraj";463;22059;253;22312;NA;52572;716;2021-03-11;31272
2021-03-10;"Prešovský kraj";325;20821;293;21114;NA;52572;618;2021-03-10;30556
2021-03-09;"Prešovský kraj";505;21489;288;21777;NA;52572;793;2021-03-09;29938
2021-03-08;"Prešovský kraj";314;28902;333;29235;NA;52572;647;2021-03-08;29145
2021-03-07;"Prešovský kraj";19;48024;385;48409;NA;52572;404;2021-03-07;28498
2021-03-06;"Prešovský kraj";193;96985;591;97576;NA;52572;784;2021-03-06;28094
2021-03-05;"Prešovský kraj";497;46044;397;46441;NA;52572;894;2021-03-05;27310
2021-03-04;"Prešovský kraj";372;22670;359;23029;NA;52572;731;2021-03-04;26416
2021-03-03;"Prešovský kraj";397;21424;330;21754;NA;52572;727;2021-03-03;25685
2021-03-02;"Prešovský kraj";421;22679;357;23036;NA;52572;778;2021-03-02;24958
2021-03-01;"Prešovský kraj";303;27716;406;28122;NA;52572;709;2021-03-01;24180
2021-02-28;"Prešovský kraj";75;45000;387;45387;NA;52572;462;2021-02-28;23471
2021-02-27;"Prešovský kraj";273;90231;734;90965;NA;52572;1007;2021-02-27;23009
2021-02-26;"Prešovský kraj";455;41700;439;42139;NA;52572;894;2021-02-26;22002
2021-02-25;"Prešovský kraj";270;19496;337;19833;NA;52572;607;2021-02-25;21108
2021-02-24;"Prešovský kraj";328;19026;377;19403;NA;52572;705;2021-02-24;20501
2021-02-23;"Prešovský kraj";430;21273;345;21618;NA;52572;775;2021-02-23;19796
2021-02-22;"Prešovský kraj";351;27175;356;27531;NA;52572;707;2021-02-22;19021
2021-02-21;"Prešovský kraj";66;31802;302;32104;NA;52572;368;2021-02-21;18314
2021-02-20;"Prešovský kraj";129;71413;517;71930;NA;52572;646;2021-02-20;17946
2021-02-19;"Prešovský kraj";381;38597;425;39022;NA;52572;806;2021-02-19;17300
2021-02-18;"Prešovský kraj";268;16960;322;17282;NA;52572;590;2021-02-18;16494
2021-02-17;"Prešovský kraj";293;17392;246;17638;NA;52572;539;2021-02-17;15904
2021-02-16;"Prešovský kraj";422;18862;265;19127;NA;52572;687;2021-02-16;15365
2021-02-15;"Prešovský kraj";211;31360;303;31663;NA;52572;514;2021-02-15;14678
2021-02-14;"Prešovský kraj";27;39271;318;39589;NA;52572;345;2021-02-14;14164
2021-02-13;"Prešovský kraj";157;73937;392;74329;NA;52572;549;2021-02-13;13819
2021-02-12;"Prešovský kraj";308;38720;362;39082;NA;52572;670;2021-02-12;13270
2021-02-11;"Prešovský kraj";218;16207;238;16445;NA;52572;456;2021-02-11;12600
2021-02-10;"Prešovský kraj";220;18499;279;18778;NA;52572;499;2021-02-10;12144
2021-02-09;"Prešovský kraj";323;21495;370;21865;NA;52572;693;2021-02-09;11645
2021-02-08;"Prešovský kraj";161;36971;261;37232;NA;52572;422;2021-02-08;10952
2021-02-07;"Prešovský kraj";21;34227;209;34436;NA;52572;230;2021-02-07;10530
2021-02-06;"Prešovský kraj";176;69164;360;69524;NA;52572;536;2021-02-06;10300
2021-02-05;"Prešovský kraj";177;31247;261;31508;NA;52572;438;2021-02-05;9764
2021-02-04;"Prešovský kraj";176;13073;237;13310;NA;52572;413;2021-02-04;9326
2021-02-03;"Prešovský kraj";251;8421;236;8657;NA;52572;487;2021-02-03;8913
2021-02-02;"Prešovský kraj";249;11779;264;12043;NA;52572;513;2021-02-02;8426
2021-02-01;"Prešovský kraj";220;16059;316;16375;NA;52572;536;2021-02-01;7913
2021-01-31;"Prešovský kraj";42;10587;107;10694;NA;52572;149;2021-01-31;7377
2021-01-30;"Prešovský kraj";142;23939;215;24154;NA;52572;357;2021-01-30;7228
2021-01-29;"Prešovský kraj";185;17924;326;18250;NA;52572;511;2021-01-29;6871
2021-01-28;"Prešovský kraj";311;7338;150;7488;NA;52572;461;2021-01-28;6360
2021-01-27;"Prešovský kraj";153;9886;150;10036;NA;52572;303;2021-01-27;5899
2021-01-26;"Prešovský kraj";252;16648;151;16799;NA;52572;403;2021-01-26;5596
2021-01-25;"Prešovský kraj";196;29649;251;29900;NA;52572;447;2021-01-25;5193
2021-01-24;"Prešovský kraj";12;45706;304;46010;NA;52572;316;2021-01-24;4746
2021-01-23;"Prešovský kraj";189;96726;487;97213;NA;52572;676;2021-01-23;4430
2021-01-22;"Prešovský kraj";187;35377;261;35638;NA;52572;448;2021-01-22;3754
2021-01-21;"Prešovský kraj";187;20434;212;20646;NA;52572;399;2021-01-21;3306
2021-01-20;"Prešovský kraj";253;14579;195;14774;NA;52572;448;2021-01-20;2907
2021-01-19;"Prešovský kraj";281;12329;305;12634;NA;52572;586;2021-01-19;2459
2021-01-18;"Prešovský kraj";203;10422;336;10758;NA;52572;539;2021-01-18;1873
2021-01-17;"Prešovský kraj";107;14391;1008;15399;NA;52572;1115;2021-01-17;1334
2021-01-16;"Prešovský kraj";72;1838;81;1919;NA;52572;153;2021-01-16;219
2021-01-15;"Prešovský kraj";159;7033;257;7290;NA;52572;416;2021-01-15;66
2021-01-14;"Prešovský kraj";268;5523;252;5775;NA;52572;520;2021-01-14;-350
2021-01-13;"Prešovský kraj";342;5649;226;5875;NA;52572;568;2021-01-13;-870
2021-01-12;"Prešovský kraj";455;8487;409;8896;NA;52572;864;2021-01-12;-1438
2021-01-11;"Prešovský kraj";343;8489;479;8968;NA;52572;822;2021-01-11;-2302
2021-01-10;"Prešovský kraj";63;476;23;499;NA;52572;86;2021-01-10;-3124
2021-01-09;"Prešovský kraj";439;2248;125;2373;NA;52572;564;2021-01-09;-3210
2021-01-08;"Prešovský kraj";430;10865;572;11437;NA;52572;1002;2021-01-08;-3774
2021-01-07;"Prešovský kraj";268;7789;648;8437;NA;52572;916;2021-01-07;-4776
2021-01-06;"Prešovský kraj";315;1484;134;1618;NA;52572;449;2021-01-06;-5692
2021-01-05;"Prešovský kraj";655;11591;1003;12594;NA;52572;1658;2021-01-05;-6141
2021-01-04;"Prešovský kraj";371;17192;1812;19004;NA;52572;2183;2021-01-04;-7799
2021-01-03;"Prešovský kraj";89;459;41;500;NA;52572;130;2021-01-03;-9982
2021-01-02;"Prešovský kraj";65;1556;160;1716;NA;52572;225;2021-01-02;-10112
2021-01-01;"Prešovský kraj";174;956;71;1027;NA;52572;245;2021-01-01;-10337
2020-12-31;"Prešovský kraj";640;11959;783;12742;NA;52572;1423;2020-12-31;-10582
2020-12-30;"Prešovský kraj";729;9065;802;9867;NA;52572;1531;2020-12-30;-12005
2020-12-29;"Prešovský kraj";435;9273;949;10222;NA;52572;1384;2020-12-29;-13536
2020-12-28;"Prešovský kraj";393;9046;1079;10125;NA;52572;1472;2020-12-28;-14920
2020-12-27;"Prešovský kraj";40;613;45;658;NA;52572;85;2020-12-27;-16392
2020-12-26;"Prešovský kraj";64;176;12;188;NA;52572;76;2020-12-26;-16477
2020-12-25;"Prešovský kraj";208;274;11;285;NA;52572;219;2020-12-25;-16553
2020-12-24;"Prešovský kraj";452;1214;85;1299;NA;52572;537;2020-12-24;-16772
2020-12-23;"Prešovský kraj";361;11369;635;12004;NA;52572;996;2020-12-23;-17309
2020-12-22;"Prešovský kraj";439;9371;710;10081;NA;52572;1149;2020-12-22;-18305
2020-12-21;"Prešovský kraj";432;9923;880;10803;NA;52572;1312;2020-12-21;-19454
2020-12-20;"Prešovský kraj";184;396;20;416;NA;52572;204;2020-12-20;-20766
2020-12-19;"Prešovský kraj";276;1658;151;1809;NA;52572;427;2020-12-19;-20970
2020-12-18;"Prešovský kraj";396;8845;595;9440;NA;52572;991;2020-12-18;-21397
2020-12-17;"Prešovský kraj";427;10826;891;11717;NA;52572;1318;2020-12-17;-22388
2020-12-16;"Prešovský kraj";466;6017;508;6525;NA;52572;974;2020-12-16;-23706
2020-12-15;"Prešovský kraj";411;5685;584;6269;NA;52572;995;2020-12-15;-24680
2020-12-14;"Prešovský kraj";334;5767;508;6275;NA;52572;842;2020-12-14;-25675
2020-12-13;"Prešovský kraj";89;29;8;37;NA;52572;97;2020-12-13;-26517
2020-12-12;"Prešovský kraj";319;2474;166;2640;NA;52572;485;2020-12-12;-26614
2020-12-11;"Prešovský kraj";560;5602;402;6004;NA;52572;962;2020-12-11;-27099
2020-12-10;"Prešovský kraj";337;5180;440;5620;NA;52572;777;2020-12-10;-28061
2020-12-09;"Prešovský kraj";358;4357;314;4671;NA;52572;672;2020-12-09;-28838
2020-12-08;"Prešovský kraj";350;6629;651;7280;NA;52572;1001;2020-12-08;-29510
2020-12-07;"Prešovský kraj";309;4345;327;4672;NA;52572;636;2020-12-07;-30511
2020-12-06;"Prešovský kraj";59;655;26;681;NA;52572;85;2020-12-06;-31147
2020-12-05;"Prešovský kraj";218;984;87;1071;NA;52572;305;2020-12-05;-31232
2020-12-04;"Prešovský kraj";352;5070;293;5363;NA;52572;645;2020-12-04;-31537
2020-12-03;"Prešovský kraj";284;2456;179;2635;NA;52572;463;2020-12-03;-32182
2020-12-02;"Prešovský kraj";232;2830;225;3055;NA;52572;457;2020-12-02;-32645
2020-12-01;"Prešovský kraj";281;1884;196;2080;NA;52572;477;2020-12-01;-33102
2020-11-30;"Prešovský kraj";196;5333;97;5430;NA;52572;293;2020-11-30;-33579
2020-11-29;"Prešovský kraj";27;379;42;421;NA;52572;69;2020-11-29;-33872
2020-11-28;"Prešovský kraj";199;772;77;849;NA;52572;276;2020-11-28;-33941
2020-11-27;"Prešovský kraj";232;2350;130;2480;NA;52572;362;2020-11-27;-34217
2020-11-26;"Prešovský kraj";263;3014;329;3343;NA;52572;592;2020-11-26;-34579
2020-11-25;"Prešovský kraj";302;2174;103;2277;NA;52572;405;2020-11-25;-35171
2020-11-24;"Prešovský kraj";365;1777;156;1933;NA;52572;521;2020-11-24;-35576
2020-11-23;"Prešovský kraj";164;1099;60;1159;NA;52572;224;2020-11-23;-36097
2020-11-22;"Prešovský kraj";46;44;1;45;NA;52572;47;2020-11-22;-36321
2020-11-21;"Prešovský kraj";205;754;62;816;NA;52572;267;2020-11-21;-36368
2020-11-20;"Prešovský kraj";363;2258;102;2360;NA;52572;465;2020-11-20;-36635
2020-11-19;"Prešovský kraj";359;2096;238;2334;NA;52572;597;2020-11-19;-37100
2020-11-18;"Prešovský kraj";270;488;43;531;NA;52572;313;2020-11-18;-37697
2020-11-17;"Prešovský kraj";347;205;23;228;NA;52572;370;2020-11-17;-38010
2020-11-16;"Prešovský kraj";226;540;58;598;NA;52572;284;2020-11-16;-38380
2020-11-15;"Prešovský kraj";186;39;4;43;NA;52572;190;2020-11-15;-38664
2020-11-14;"Prešovský kraj";261;54;4;58;NA;52572;265;2020-11-14;-38854
2020-11-13;"Prešovský kraj";395;166;8;174;NA;52572;403;2020-11-13;-39119
2020-11-12;"Prešovský kraj";397;229;50;279;NA;52572;447;2020-11-12;-39522
2020-11-11;"Prešovský kraj";516;161;15;176;NA;52572;531;2020-11-11;-39969
2020-11-10;"Prešovský kraj";437;197;9;206;NA;52572;446;2020-11-10;-40500
2020-11-09;"Prešovský kraj";190;4112;945;5057;NA;52572;1135;2020-11-09;-40946
2020-11-08;"Prešovský kraj";97;2817;32;2849;NA;52572;129;2020-11-08;-42081
2020-11-07;"Prešovský kraj";416;8578;81;8659;NA;52572;497;2020-11-07;-42210
2020-11-06;"Prešovský kraj";520;4791;76;4867;NA;52572;596;2020-11-06;-42707
2020-11-05;"Prešovský kraj";397;180;5;185;NA;52572;402;2020-11-05;-43303
2020-11-04;"Prešovský kraj";350;807;8;815;NA;52572;358;2020-11-04;-43705
2020-11-03;"Prešovský kraj";565;98;12;110;NA;52572;577;2020-11-03;-44063
2020-11-02;"Prešovský kraj";203;4158;1004;5162;NA;52572;1207;2020-11-02;-44640
2020-11-01;"Prešovský kraj";386;2906;53;2959;NA;52572;439;2020-11-01;-45847
2020-10-31;"Prešovský kraj";315;10497;170;10667;NA;52572;485;2020-10-31;-46286
2020-10-30;"Prešovský kraj";552;2949;65;3014;NA;52572;617;2020-10-30;-46771
2020-10-29;"Prešovský kraj";594;301;38;339;NA;52572;632;2020-10-29;-47388
2020-10-28;"Prešovský kraj";617;291;46;337;NA;52572;663;2020-10-28;-48020
2020-10-27;"Prešovský kraj";656;268;34;302;NA;52572;690;2020-10-27;-48683
2020-10-26;"Prešovský kraj";137;363;57;420;NA;52572;194;2020-10-26;-49373
2020-10-25;"Prešovský kraj";237;346;11;357;NA;52572;248;2020-10-25;-49567
2020-10-24;"Prešovský kraj";719;200;12;212;NA;52572;731;2020-10-24;-49815
2020-10-23;"Prešovský kraj";750;218;8;226;NA;52572;758;2020-10-23;-50546
2020-10-22;"Prešovský kraj";646;396;30;426;NA;52572;676;2020-10-22;-51304
2020-10-21;"Prešovský kraj";383;58;8;66;NA;52572;391;2020-10-21;-51980
2020-10-20;"Prešovský kraj";493;65;7;72;NA;52572;500;2020-10-20;-52371
2020-10-19;"Prešovský kraj";140;235;15;250;NA;52572;155;2020-10-19;-52871
2020-10-18;"Prešovský kraj";209;0;0;0;NA;52572;209;2020-10-18;-53026
2020-10-17;"Prešovský kraj";342;0;0;0;NA;52572;342;2020-10-17;-53235
2020-10-16;"Prešovský kraj";388;57;3;60;NA;52572;391;2020-10-16;-53577
2020-10-15;"Prešovský kraj";435;85;18;103;NA;52572;453;2020-10-15;-53968
2020-10-14;"Prešovský kraj";451;54;10;64;NA;52572;461;2020-10-14;-54421
2020-10-13;"Prešovský kraj";264;50;6;56;NA;52572;270;2020-10-13;-54882
2020-10-12;"Prešovský kraj";214;334;35;369;NA;52572;249;2020-10-12;-55152
2020-10-11;"Prešovský kraj";127;0;0;0;NA;52572;127;2020-10-11;-55401
2020-10-10;"Prešovský kraj";248;0;0;0;NA;52572;248;2020-10-10;-55528
2020-10-09;"Prešovský kraj";406;0;0;0;NA;52572;406;2020-10-09;-55776
2020-10-08;"Prešovský kraj";245;0;0;0;NA;52572;245;2020-10-08;-56182
2020-10-07;"Prešovský kraj";244;0;0;0;NA;52572;244;2020-10-07;-56427
2020-10-06;"Prešovský kraj";166;0;0;0;NA;52572;166;2020-10-06;-56671
2020-10-05;"Prešovský kraj";84;0;0;0;NA;52572;84;2020-10-05;-56837
2020-10-04;"Prešovský kraj";118;0;0;0;NA;52572;118;2020-10-04;-56921
2020-10-03;"Prešovský kraj";204;0;0;0;NA;52572;204;2020-10-03;-57039
2020-10-02;"Prešovský kraj";149;0;0;0;NA;52572;149;2020-10-02;-57243
2020-10-01;"Prešovský kraj";136;0;0;0;NA;52572;136;2020-10-01;-57392
2020-09-30;"Prešovský kraj";121;0;0;0;NA;52572;121;2020-09-30;-57528
2020-09-29;"Prešovský kraj";156;0;0;0;NA;52572;156;2020-09-29;-57649
2020-09-28;"Prešovský kraj";51;0;0;0;NA;52572;51;2020-09-28;-57805
2020-09-27;"Prešovský kraj";10;0;0;0;NA;52572;10;2020-09-27;-57856
2020-09-26;"Prešovský kraj";72;0;0;0;NA;52572;72;2020-09-26;-57866
2020-09-25;"Prešovský kraj";91;0;0;0;NA;52572;91;2020-09-25;-57938
2020-09-24;"Prešovský kraj";52;0;0;0;NA;52572;52;2020-09-24;-58029
2020-09-23;"Prešovský kraj";55;0;0;0;NA;52572;55;2020-09-23;-58081
2020-09-22;"Prešovský kraj";29;0;0;0;NA;52572;29;2020-09-22;-58136
2020-09-21;"Prešovský kraj";14;0;0;0;NA;52572;14;2020-09-21;-58165
2020-09-20;"Prešovský kraj";5;0;0;0;NA;52572;5;2020-09-20;-58179
2020-09-19;"Prešovský kraj";12;0;0;0;NA;52572;12;2020-09-19;-58184
2020-09-18;"Prešovský kraj";29;0;0;0;NA;52572;29;2020-09-18;-58196
2020-09-17;"Prešovský kraj";25;0;0;0;NA;52572;25;2020-09-17;-58225
2020-09-16;"Prešovský kraj";8;0;0;0;NA;52572;8;2020-09-16;-58250
2020-09-15;"Prešovský kraj";10;0;0;0;NA;52572;10;2020-09-15;-58258
2020-09-14;"Prešovský kraj";47;0;0;0;NA;52572;47;2020-09-14;-58268
2020-09-13;"Prešovský kraj";3;0;0;0;NA;52572;3;2020-09-13;-58315
2020-09-12;"Prešovský kraj";4;0;0;0;NA;52572;4;2020-09-12;-58318
2020-09-11;"Prešovský kraj";15;0;0;0;NA;52572;15;2020-09-11;-58322
2020-09-10;"Prešovský kraj";10;0;0;0;NA;52572;10;2020-09-10;-58337
2020-09-09;"Prešovský kraj";21;0;0;0;NA;52572;21;2020-09-09;-58347
2020-09-08;"Prešovský kraj";23;0;0;0;NA;52572;23;2020-09-08;-58368
2020-09-07;"Prešovský kraj";5;0;0;0;NA;52572;5;2020-09-07;-58391
2020-09-06;"Prešovský kraj";3;0;0;0;NA;52572;3;2020-09-06;-58396
2020-09-05;"Prešovský kraj";7;0;0;0;NA;52572;7;2020-09-05;-58399
2020-09-04;"Prešovský kraj";24;0;0;0;NA;52572;24;2020-09-04;-58406
2020-09-03;"Prešovský kraj";8;0;0;0;NA;52572;8;2020-09-03;-58430
2020-09-02;"Prešovský kraj";9;0;0;0;NA;52572;9;2020-09-02;-58438
2020-09-01;"Prešovský kraj";6;0;0;0;NA;52572;6;2020-09-01;-58447
2020-08-31;"Prešovský kraj";3;0;0;0;NA;52572;3;2020-08-31;-58453
2020-08-30;"Prešovský kraj";6;0;0;0;NA;52572;6;2020-08-30;-58456
2020-08-29;"Prešovský kraj";4;0;0;0;NA;52572;4;2020-08-29;-58462
2020-08-28;"Prešovský kraj";6;0;0;0;NA;52572;6;2020-08-28;-58466
2020-08-27;"Prešovský kraj";7;0;0;0;NA;52572;7;2020-08-27;-58472
2020-08-26;"Prešovský kraj";22;0;0;0;NA;52572;22;2020-08-26;-58479
2020-08-25;"Prešovský kraj";1;0;0;0;NA;52572;1;2020-08-25;-58501
2020-08-24;"Prešovský kraj";5;0;0;0;NA;52572;5;2020-08-24;-58502
2020-08-23;"Prešovský kraj";3;0;0;0;NA;52572;3;2020-08-23;-58507
2020-08-22;"Prešovský kraj";3;0;0;0;NA;52572;3;2020-08-22;-58510
2020-08-21;"Prešovský kraj";11;0;0;0;NA;52572;11;2020-08-21;-58513
2020-08-20;"Prešovský kraj";8;0;0;0;NA;52572;8;2020-08-20;-58524
2020-08-19;"Prešovský kraj";8;0;0;0;NA;52572;8;2020-08-19;-58532
2020-08-18;"Prešovský kraj";6;0;0;0;NA;52572;6;2020-08-18;-58540
2020-08-17;"Prešovský kraj";1;0;0;0;NA;52572;1;2020-08-17;-58546
2020-08-16;"Prešovský kraj";0;0;0;0;NA;52572;0;2020-08-16;-58547
2020-08-15;"Prešovský kraj";8;0;0;0;NA;52572;8;2020-08-15;-58547
2020-08-14;"Prešovský kraj";6;0;0;0;NA;52572;6;2020-08-14;-58555
2020-08-13;"Prešovský kraj";8;0;0;0;NA;52572;8;2020-08-13;-58561
2020-08-12;"Prešovský kraj";19;0;0;0;NA;52572;19;2020-08-12;-58569
2020-08-11;"Prešovský kraj";3;0;0;0;NA;52572;3;2020-08-11;-58588
2020-08-10;"Prešovský kraj";0;0;0;0;NA;52572;0;2020-08-10;-58591
2020-08-09;"Prešovský kraj";0;0;0;0;NA;52572;0;2020-08-09;-58591
2020-08-08;"Prešovský kraj";2;0;0;0;NA;52572;2;2020-08-08;-58591
2020-08-07;"Prešovský kraj";6;0;0;0;NA;52572;6;2020-08-07;-58593
2020-08-06;"Prešovský kraj";2;0;0;0;NA;52572;2;2020-08-06;-58599
2020-08-05;"Prešovský kraj";8;0;0;0;NA;52572;8;2020-08-05;-58601
2020-08-04;"Prešovský kraj";5;0;0;0;NA;52572;5;2020-08-04;-58609
2020-08-03;"Prešovský kraj";4;0;0;0;NA;52572;4;2020-08-03;-58614
2020-08-02;"Prešovský kraj";6;0;0;0;NA;52572;6;2020-08-02;-58618
2020-08-01;"Prešovský kraj";0;0;0;0;NA;52572;0;2020-08-01;-58624
2020-07-31;"Prešovský kraj";2;0;0;0;NA;52572;2;2020-07-31;-58624
2020-07-30;"Prešovský kraj";6;0;0;0;NA;52572;6;2020-07-30;-58626
2020-07-29;"Prešovský kraj";5;0;0;0;NA;52572;5;2020-07-29;-58632
2020-07-28;"Prešovský kraj";0;0;0;0;NA;52572;0;2020-07-28;-58637
2020-07-27;"Prešovský kraj";1;0;0;0;NA;52572;1;2020-07-27;-58637
2020-07-26;"Prešovský kraj";1;0;0;0;NA;52572;1;2020-07-26;-58638
2020-07-25;"Prešovský kraj";21;0;0;0;NA;52572;21;2020-07-25;-58639
2020-07-24;"Prešovský kraj";1;0;0;0;NA;52572;1;2020-07-24;-58660
2020-07-23;"Prešovský kraj";5;0;0;0;NA;52572;5;2020-07-23;-58661
2020-07-22;"Prešovský kraj";1;0;0;0;NA;52572;1;2020-07-22;-58666
2020-07-21;"Prešovský kraj";2;0;0;0;NA;52572;2;2020-07-21;-58667
2020-07-20;"Prešovský kraj";1;0;0;0;NA;52572;1;2020-07-20;-58669
2020-07-19;"Prešovský kraj";0;0;0;0;NA;52572;0;2020-07-19;-58670
2020-07-18;"Prešovský kraj";0;0;0;0;NA;52572;0;2020-07-18;-58670
2020-07-17;"Prešovský kraj";3;0;0;0;NA;52572;3;2020-07-17;-58670
2020-07-16;"Prešovský kraj";1;0;0;0;NA;52572;1;2020-07-16;-58673
2020-07-15;"Prešovský kraj";5;0;0;0;NA;52572;5;2020-07-15;-58674
2020-07-14;"Prešovský kraj";5;0;0;0;NA;52572;5;2020-07-14;-58679
2020-07-13;"Prešovský kraj";1;0;0;0;NA;52572;1;2020-07-13;-58684
2020-07-12;"Prešovský kraj";1;0;0;0;NA;52572;1;2020-07-12;-58685
2020-07-11;"Prešovský kraj";6;0;0;0;NA;52572;6;2020-07-11;-58686
2020-07-10;"Prešovský kraj";5;0;0;0;NA;52572;5;2020-07-10;-58692
2020-07-09;"Prešovský kraj";2;0;0;0;NA;52572;2;2020-07-09;-58697
2020-07-08;"Prešovský kraj";14;0;0;0;NA;52572;14;2020-07-08;-58699
2020-07-07;"Prešovský kraj";2;0;0;0;NA;52572;2;2020-07-07;-58713
2020-07-06;"Prešovský kraj";0;0;0;0;NA;52572;0;2020-07-06;-58715
2020-07-05;"Prešovský kraj";0;0;0;0;NA;52572;0;2020-07-05;-58715
2020-07-04;"Prešovský kraj";1;0;0;0;NA;52572;1;2020-07-04;-58715
2020-07-03;"Prešovský kraj";3;0;0;0;NA;52572;3;2020-07-03;-58716
2020-07-02;"Prešovský kraj";0;0;0;0;NA;52572;0;2020-07-02;-58719
2020-07-01;"Prešovský kraj";0;0;0;0;NA;52572;0;2020-07-01;-58719
2020-06-30;"Prešovský kraj";7;0;0;0;NA;52572;7;2020-06-30;-58719
2020-06-29;"Prešovský kraj";0;0;0;0;NA;52572;0;2020-06-29;-58726
2020-06-28;"Prešovský kraj";0;0;0;0;NA;52572;0;2020-06-28;-58726
2020-06-27;"Prešovský kraj";3;0;0;0;NA;52572;3;2020-06-27;-58726
2020-06-26;"Prešovský kraj";3;0;0;0;NA;52572;3;2020-06-26;-58729
2020-06-25;"Prešovský kraj";0;0;0;0;NA;52572;0;2020-06-25;-58732
2020-06-24;"Prešovský kraj";4;0;0;0;NA;52572;4;2020-06-24;-58732
2020-06-23;"Prešovský kraj";0;0;0;0;NA;52572;0;2020-06-23;-58736
2020-06-22;"Prešovský kraj";0;0;0;0;NA;52572;0;2020-06-22;-58736
2020-06-21;"Prešovský kraj";0;0;0;0;NA;52572;0;2020-06-21;-58736
2020-06-20;"Prešovský kraj";0;0;0;0;NA;52572;0;2020-06-20;-58736
2020-06-19;"Prešovský kraj";1;0;0;0;NA;52572;1;2020-06-19;-58736
2020-06-18;"Prešovský kraj";0;0;0;0;NA;52572;0;2020-06-18;-58737
2020-06-17;"Prešovský kraj";0;0;0;0;NA;52572;0;2020-06-17;-58737
2020-06-16;"Prešovský kraj";6;0;0;0;NA;52572;6;2020-06-16;-58737
2020-06-14;"Prešovský kraj";0;0;0;0;NA;52572;0;2020-06-14;-58743
2020-06-13;"Prešovský kraj";0;0;0;0;NA;52572;0;2020-06-13;-58743
2020-06-12;"Prešovský kraj";1;0;0;0;NA;52572;1;2020-06-12;-58743
2020-06-11;"Prešovský kraj";0;0;0;0;NA;52572;0;2020-06-11;-58744
2020-06-10;"Prešovský kraj";0;0;0;0;NA;52572;0;2020-06-10;-58744
2020-06-09;"Prešovský kraj";0;0;0;0;NA;52572;0;2020-06-09;-58744
2020-06-08;"Prešovský kraj";0;0;0;0;NA;52572;0;2020-06-08;-58744
2020-06-07;"Prešovský kraj";0;0;0;0;NA;52572;0;2020-06-07;-58744
2020-06-05;"Prešovský kraj";0;0;0;0;NA;52572;0;2020-06-05;-58744
2020-06-03;"Prešovský kraj";0;0;0;0;NA;52572;0;2020-06-03;-58744
2020-06-02;"Prešovský kraj";1;0;0;0;NA;52572;1;2020-06-02;-58744
2020-05-31;"Prešovský kraj";1;0;0;0;NA;52572;1;2020-05-31;-58745
2020-05-29;"Prešovský kraj";0;0;0;0;NA;52572;0;2020-05-29;-58746
2020-05-27;"Prešovský kraj";0;0;0;0;NA;52572;0;2020-05-27;-58746
2020-05-26;"Prešovský kraj";0;0;0;0;NA;52572;0;2020-05-26;-58746
2020-05-25;"Prešovský kraj";0;0;0;0;NA;52572;0;2020-05-25;-58746
2020-05-24;"Prešovský kraj";0;0;0;0;NA;52572;0;2020-05-24;-58746
2020-05-23;"Prešovský kraj";0;0;0;0;NA;52572;0;2020-05-23;-58746
2020-05-22;"Prešovský kraj";0;0;0;0;NA;52572;0;2020-05-22;-58746
2020-05-21;"Prešovský kraj";1;0;0;0;NA;52572;1;2020-05-21;-58746
2020-05-20;"Prešovský kraj";0;0;0;0;NA;52572;0;2020-05-20;-58747
2020-05-19;"Prešovský kraj";0;0;0;0;NA;52572;0;2020-05-19;-58747
2020-05-17;"Prešovský kraj";0;0;0;0;NA;52572;0;2020-05-17;-58747
2020-05-16;"Prešovský kraj";0;0;0;0;NA;52572;0;2020-05-16;-58747
2020-05-15;"Prešovský kraj";0;0;0;0;NA;52572;0;2020-05-15;-58747
2020-05-14;"Prešovský kraj";0;0;0;0;NA;52572;0;2020-05-14;-58747
2020-05-13;"Prešovský kraj";1;0;0;0;NA;52572;1;2020-05-13;-58747
2020-05-12;"Prešovský kraj";0;0;0;0;NA;52572;0;2020-05-12;-58748
2020-05-11;"Prešovský kraj";1;0;0;0;NA;52572;1;2020-05-11;-58748
2020-05-09;"Prešovský kraj";0;0;0;0;NA;52572;0;2020-05-09;-58749
2020-05-07;"Prešovský kraj";0;0;0;0;NA;52572;0;2020-05-07;-58749
2020-05-06;"Prešovský kraj";0;0;0;0;NA;52572;0;2020-05-06;-58749
2020-05-05;"Prešovský kraj";1;0;0;0;NA;52572;1;2020-05-05;-58749
2020-05-04;"Prešovský kraj";0;0;0;0;NA;52572;0;2020-05-04;-58750
2020-05-03;"Prešovský kraj";0;0;0;0;NA;52572;0;2020-05-03;-58750
2020-05-02;"Prešovský kraj";0;0;0;0;NA;52572;0;2020-05-02;-58750
2020-05-01;"Prešovský kraj";2;0;0;0;NA;52572;2;2020-05-01;-58750
2020-04-30;"Prešovský kraj";0;0;0;0;NA;52572;0;2020-04-30;-58752
2020-04-29;"Prešovský kraj";1;0;0;0;NA;52572;1;2020-04-29;-58752
2020-04-28;"Prešovský kraj";1;0;0;0;NA;52572;1;2020-04-28;-58753
2020-04-27;"Prešovský kraj";2;0;0;0;NA;52572;2;2020-04-27;-58754
2020-04-26;"Prešovský kraj";0;0;0;0;NA;52572;0;2020-04-26;-58756
2020-04-25;"Prešovský kraj";0;0;0;0;NA;52572;0;2020-04-25;-58756
2020-04-24;"Prešovský kraj";0;0;0;0;NA;52572;0;2020-04-24;-58756
2020-04-23;"Prešovský kraj";2;0;0;0;NA;52572;2;2020-04-23;-58756
2020-04-22;"Prešovský kraj";11;0;0;0;NA;52572;11;2020-04-22;-58758
2020-04-21;"Prešovský kraj";12;0;0;0;NA;52572;12;2020-04-21;-58769
2020-04-20;"Prešovský kraj";2;0;0;0;NA;52572;2;2020-04-20;-58781
2020-04-19;"Prešovský kraj";4;0;0;0;NA;52572;4;2020-04-19;-58783
2020-04-18;"Prešovský kraj";1;0;0;0;NA;52572;1;2020-04-18;-58787
2020-04-17;"Prešovský kraj";4;0;0;0;NA;52572;4;2020-04-17;-58788
2020-04-16;"Prešovský kraj";9;0;0;0;NA;52572;9;2020-04-16;-58792
2020-04-15;"Prešovský kraj";21;0;0;0;NA;52572;21;2020-04-15;-58801
2020-04-14;"Prešovský kraj";1;0;0;0;NA;52572;1;2020-04-14;-58822
2020-04-13;"Prešovský kraj";2;0;0;0;NA;52572;2;2020-04-13;-58823
2020-04-12;"Prešovský kraj";6;0;0;0;NA;52572;6;2020-04-12;-58825
2020-04-11;"Prešovský kraj";4;0;0;0;NA;52572;4;2020-04-11;-58831
2020-04-10;"Prešovský kraj";0;0;0;0;NA;52572;0;2020-04-10;-58835
2020-04-09;"Prešovský kraj";1;0;0;0;NA;52572;1;2020-04-09;-58835
2020-04-08;"Prešovský kraj";0;0;0;0;NA;52572;0;2020-04-08;-58836
2020-04-07;"Prešovský kraj";7;0;0;0;NA;52572;7;2020-04-07;-58836
2020-04-06;"Prešovský kraj";10;0;0;0;NA;52572;10;2020-04-06;-58843
2020-04-05;"Prešovský kraj";13;0;0;0;NA;52572;13;2020-04-05;-58853
2020-04-04;"Prešovský kraj";1;0;0;0;NA;52572;1;2020-04-04;-58866
2020-04-03;"Prešovský kraj";4;0;0;0;NA;52572;4;2020-04-03;-58867
2020-04-02;"Prešovský kraj";6;0;0;0;NA;52572;6;2020-04-02;-58871
2020-04-01;"Prešovský kraj";6;0;0;0;NA;52572;6;2020-04-01;-58877
2020-03-31;"Prešovský kraj";6;0;0;0;NA;52572;6;2020-03-31;-58883
2020-03-30;"Prešovský kraj";2;0;0;0;NA;52572;2;2020-03-30;-58889
2020-03-29;"Prešovský kraj";2;0;0;0;NA;52572;2;2020-03-29;-58891
2020-03-28;"Prešovský kraj";2;0;0;0;NA;52572;2;2020-03-28;-58893
2020-03-27;"Prešovský kraj";1;0;0;0;NA;52572;1;2020-03-27;-58895
2020-03-26;"Prešovský kraj";8;0;0;0;NA;52572;8;2020-03-26;-58896
2020-03-25;"Prešovský kraj";1;0;0;0;NA;52572;1;2020-03-25;-58904
2020-03-24;"Prešovský kraj";4;0;0;0;NA;52572;4;2020-03-24;-58905
2020-03-23;"Prešovský kraj";0;0;0;0;NA;52572;0;2020-03-23;-58909
2020-03-22;"Prešovský kraj";1;0;0;0;NA;52572;1;2020-03-22;-58909
2020-03-21;"Prešovský kraj";2;0;0;0;NA;52572;2;2020-03-21;-58910
2020-03-20;"Prešovský kraj";3;0;0;0;NA;52572;3;2020-03-20;-58912
2020-03-19;"Prešovský kraj";2;0;0;0;NA;52572;2;2020-03-19;-58915
2020-03-18;"Prešovský kraj";1;0;0;0;NA;52572;1;2020-03-18;-58917
2020-03-17;"Prešovský kraj";1;0;0;0;NA;52572;1;2020-03-17;-58918
2020-03-16;"Prešovský kraj";4;0;0;0;NA;52572;4;2020-03-16;-58919
2020-03-15;"Prešovský kraj";0;0;0;0;NA;52572;0;2020-03-15;-58923
2020-03-14;"Prešovský kraj";1;0;0;0;NA;52572;1;2020-03-14;-58923
2020-03-13;"Prešovský kraj";0;0;0;0;NA;52572;0;2020-03-13;-58924
2020-03-12;"Prešovský kraj";0;0;0;0;NA;52572;0;2020-03-12;-58924
2020-03-11;"Prešovský kraj";0;0;0;0;NA;52572;0;2020-03-11;-58924
2020-03-09;"Prešovský kraj";0;0;0;0;NA;52572;0;2020-03-09;-58924
2020-03-08;"Prešovský kraj";0;0;0;0;NA;52572;0;2020-03-08;-58924
2020-03-07;"Prešovský kraj";0;0;0;0;NA;52572;0;2020-03-07;-58924
2020-03-06;"Prešovský kraj";0;0;0;0;NA;52572;0;2020-03-06;-58924
2021-05-08;"Trenčiansky kraj";3;22706;32;22738;NA;46494;35;2021-05-08;46494
2021-05-07;"Trenčiansky kraj";45;21605;51;21656;NA;46494;96;2021-05-07;46459
2021-05-06;"Trenčiansky kraj";26;10061;42;10103;NA;46494;68;2021-05-06;46363
2021-05-05;"Trenčiansky kraj";73;9482;39;9521;NA;46494;112;2021-05-05;46295
2021-05-04;"Trenčiansky kraj";55;12065;52;12117;NA;46494;107;2021-05-04;46183
2021-05-03;"Trenčiansky kraj";60;14264;51;14315;NA;46494;111;2021-05-03;46076
2021-05-02;"Trenčiansky kraj";0;30207;65;30272;NA;46494;65;2021-05-02;45965
2021-05-01;"Trenčiansky kraj";71;56303;61;56364;NA;46494;132;2021-05-01;45900
2021-04-30;"Trenčiansky kraj";77;29601;62;29663;NA;46494;139;2021-04-30;45768
2021-04-29;"Trenčiansky kraj";49;12966;58;13024;NA;46494;107;2021-04-29;45629
2021-04-28;"Trenčiansky kraj";79;12536;52;12588;NA;46494;131;2021-04-28;45522
2021-04-27;"Trenčiansky kraj";107;15524;40;15564;NA;46494;147;2021-04-27;45391
2021-04-26;"Trenčiansky kraj";52;21472;66;21538;NA;46494;118;2021-04-26;45244
2021-04-25;"Trenčiansky kraj";0;34992;49;35041;NA;46494;49;2021-04-25;45126
2021-04-24;"Trenčiansky kraj";76;72312;97;72409;NA;46494;173;2021-04-24;45077
2021-04-23;"Trenčiansky kraj";143;29423;79;29502;NA;46494;222;2021-04-23;44904
2021-04-22;"Trenčiansky kraj";71;13847;64;13911;NA;46494;135;2021-04-22;44682
2021-04-21;"Trenčiansky kraj";79;12996;67;13063;NA;46494;146;2021-04-21;44547
2021-04-20;"Trenčiansky kraj";142;17652;80;17732;NA;46494;222;2021-04-20;44401
2021-04-19;"Trenčiansky kraj";102;22630;103;22733;NA;46494;205;2021-04-19;44179
2021-04-18;"Trenčiansky kraj";3;40879;97;40976;NA;46494;100;2021-04-18;43974
2021-04-17;"Trenčiansky kraj";77;81498;136;81634;NA;46494;213;2021-04-17;43874
2021-04-16;"Trenčiansky kraj";100;31408;90;31498;NA;46494;190;2021-04-16;43661
2021-04-15;"Trenčiansky kraj";71;14477;69;14546;NA;46494;140;2021-04-15;43471
2021-04-14;"Trenčiansky kraj";135;15550;72;15622;NA;46494;207;2021-04-14;43331
2021-04-13;"Trenčiansky kraj";189;18713;75;18788;NA;46494;264;2021-04-13;43124
2021-04-12;"Trenčiansky kraj";97;23743;91;23834;NA;46494;188;2021-04-12;42860
2021-04-11;"Trenčiansky kraj";1;34738;72;34810;NA;46494;73;2021-04-11;42672
2021-04-10;"Trenčiansky kraj";81;83093;145;83238;NA;46494;226;2021-04-10;42599
2021-04-09;"Trenčiansky kraj";120;28008;91;28099;NA;46494;211;2021-04-09;42373
2021-04-08;"Trenčiansky kraj";112;13282;85;13367;NA;46494;197;2021-04-08;42162
2021-04-07;"Trenčiansky kraj";204;17689;122;17811;NA;46494;326;2021-04-07;41965
2021-04-06;"Trenčiansky kraj";157;28532;178;28710;NA;46494;335;2021-04-06;41639
2021-04-05;"Trenčiansky kraj";15;9227;64;9291;NA;46494;79;2021-04-05;41304
2021-04-04;"Trenčiansky kraj";2;20291;85;20376;NA;46494;87;2021-04-04;41225
2021-04-03;"Trenčiansky kraj";86;80473;221;80694;NA;46494;307;2021-04-03;41138
2021-04-02;"Trenčiansky kraj";126;21620;81;21701;NA;46494;207;2021-04-02;40831
2021-04-01;"Trenčiansky kraj";159;32375;139;32514;NA;46494;298;2021-04-01;40624
2021-03-31;"Trenčiansky kraj";198;20100;130;20230;NA;46494;328;2021-03-31;40326
2021-03-30;"Trenčiansky kraj";272;17304;136;17440;NA;46494;408;2021-03-30;39998
2021-03-29;"Trenčiansky kraj";142;19478;170;19648;NA;46494;312;2021-03-29;39590
2021-03-28;"Trenčiansky kraj";3;34756;116;34872;NA;46494;119;2021-03-28;39278
2021-03-27;"Trenčiansky kraj";130;77314;293;77607;NA;46494;423;2021-03-27;39159
2021-03-26;"Trenčiansky kraj";211;35092;157;35249;NA;46494;368;2021-03-26;38736
2021-03-25;"Trenčiansky kraj";184;16579;176;16755;NA;46494;360;2021-03-25;38368
2021-03-24;"Trenčiansky kraj";259;13099;171;13270;NA;46494;430;2021-03-24;38008
2021-03-23;"Trenčiansky kraj";349;17588;174;17762;NA;46494;523;2021-03-23;37578
2021-03-22;"Trenčiansky kraj";141;21118;213;21331;NA;46494;354;2021-03-22;37055
2021-03-21;"Trenčiansky kraj";85;32709;164;32873;NA;46494;249;2021-03-21;36701
2021-03-20;"Trenčiansky kraj";128;80035;322;80357;NA;46494;450;2021-03-20;36452
2021-03-19;"Trenčiansky kraj";231;34784;232;35016;NA;46494;463;2021-03-19;36002
2021-03-18;"Trenčiansky kraj";262;16105;178;16283;NA;46494;440;2021-03-18;35539
2021-03-17;"Trenčiansky kraj";366;13436;163;13599;NA;46494;529;2021-03-17;35099
2021-03-16;"Trenčiansky kraj";450;15281;241;15522;NA;46494;691;2021-03-16;34570
2021-03-15;"Trenčiansky kraj";162;21235;261;21496;NA;46494;423;2021-03-15;33879
2021-03-14;"Trenčiansky kraj";42;33890;233;34123;NA;46494;275;2021-03-14;33456
2021-03-13;"Trenčiansky kraj";270;79187;453;79640;NA;46494;723;2021-03-13;33181
2021-03-12;"Trenčiansky kraj";366;34783;307;35090;NA;46494;673;2021-03-12;32458
2021-03-11;"Trenčiansky kraj";302;15557;213;15770;NA;46494;515;2021-03-11;31785
2021-03-10;"Trenčiansky kraj";402;13585;237;13822;NA;46494;639;2021-03-10;31270
2021-03-09;"Trenčiansky kraj";586;17982;285;18267;NA;46494;871;2021-03-09;30631
2021-03-08;"Trenčiansky kraj";174;21704;363;22067;NA;46494;537;2021-03-08;29760
2021-03-07;"Trenčiansky kraj";4;33991;318;34309;NA;46494;322;2021-03-07;29223
2021-03-06;"Trenčiansky kraj";260;79134;527;79661;NA;46494;787;2021-03-06;28901
2021-03-05;"Trenčiansky kraj";326;32946;416;33362;NA;46494;742;2021-03-05;28114
2021-03-04;"Trenčiansky kraj";323;16820;315;17135;NA;46494;638;2021-03-04;27372
2021-03-03;"Trenčiansky kraj";413;13953;346;14299;NA;46494;759;2021-03-03;26734
2021-03-02;"Trenčiansky kraj";612;17797;344;18141;NA;46494;956;2021-03-02;25975
2021-03-01;"Trenčiansky kraj";217;21127;445;21572;NA;46494;662;2021-03-01;25019
2021-02-28;"Trenčiansky kraj";45;30238;376;30614;NA;46494;421;2021-02-28;24357
2021-02-27;"Trenčiansky kraj";277;78732;686;79418;NA;46494;963;2021-02-27;23936
2021-02-26;"Trenčiansky kraj";420;32932;435;33367;NA;46494;855;2021-02-26;22973
2021-02-25;"Trenčiansky kraj";424;14029;328;14357;NA;46494;752;2021-02-25;22118
2021-02-24;"Trenčiansky kraj";427;12002;399;12401;NA;46494;826;2021-02-24;21366
2021-02-23;"Trenčiansky kraj";577;14904;390;15294;NA;46494;967;2021-02-23;20540
2021-02-22;"Trenčiansky kraj";160;19969;468;20437;NA;46494;628;2021-02-22;19573
2021-02-21;"Trenčiansky kraj";64;29478;392;29870;NA;46494;456;2021-02-21;18945
2021-02-20;"Trenčiansky kraj";274;77840;745;78585;NA;46494;1019;2021-02-20;18489
2021-02-19;"Trenčiansky kraj";272;30245;520;30765;NA;46494;792;2021-02-19;17470
2021-02-18;"Trenčiansky kraj";355;14378;410;14788;NA;46494;765;2021-02-18;16678
2021-02-17;"Trenčiansky kraj";363;11399;376;11775;NA;46494;739;2021-02-17;15913
2021-02-16;"Trenčiansky kraj";488;17761;406;18167;NA;46494;894;2021-02-16;15174
2021-02-15;"Trenčiansky kraj";151;21846;463;22309;NA;46494;614;2021-02-15;14280
2021-02-14;"Trenčiansky kraj";2;31255;324;31579;NA;46494;326;2021-02-14;13666
2021-02-13;"Trenčiansky kraj";274;63006;522;63528;NA;46494;796;2021-02-13;13340
2021-02-12;"Trenčiansky kraj";276;27966;412;28378;NA;46494;688;2021-02-12;12544
2021-02-11;"Trenčiansky kraj";291;11566;323;11889;NA;46494;614;2021-02-11;11856
2021-02-10;"Trenčiansky kraj";304;11402;317;11719;NA;46494;621;2021-02-10;11242
2021-02-09;"Trenčiansky kraj";514;18401;360;18761;NA;46494;874;2021-02-09;10621
2021-02-08;"Trenčiansky kraj";182;26972;430;27402;NA;46494;612;2021-02-08;9747
2021-02-07;"Trenčiansky kraj";31;36772;341;37113;NA;46494;372;2021-02-07;9135
2021-02-06;"Trenčiansky kraj";216;63931;560;64491;NA;46494;776;2021-02-06;8763
2021-02-05;"Trenčiansky kraj";202;18154;367;18521;NA;46494;569;2021-02-05;7987
2021-02-04;"Trenčiansky kraj";266;7013;279;7292;NA;46494;545;2021-02-04;7418
2021-02-03;"Trenčiansky kraj";162;6677;320;6997;NA;46494;482;2021-02-03;6873
2021-02-02;"Trenčiansky kraj";347;8058;380;8438;NA;46494;727;2021-02-02;6391
2021-02-01;"Trenčiansky kraj";167;8917;311;9228;NA;46494;478;2021-02-01;5664
2021-01-31;"Trenčiansky kraj";7;19103;159;19262;NA;46494;166;2021-01-31;5186
2021-01-30;"Trenčiansky kraj";228;38167;332;38499;NA;46494;560;2021-01-30;5020
2021-01-29;"Trenčiansky kraj";214;7586;235;7821;NA;46494;449;2021-01-29;4460
2021-01-28;"Trenčiansky kraj";307;5442;158;5600;NA;46494;465;2021-01-28;4011
2021-01-27;"Trenčiansky kraj";166;4842;181;5023;NA;46494;347;2021-01-27;3546
2021-01-26;"Trenčiansky kraj";303;14585;250;14835;NA;46494;553;2021-01-26;3199
2021-01-25;"Trenčiansky kraj";160;24302;207;24509;NA;46494;367;2021-01-25;2646
2021-01-24;"Trenčiansky kraj";51;38369;282;38651;NA;46494;333;2021-01-24;2279
2021-01-23;"Trenčiansky kraj";206;114125;749;114874;NA;46494;955;2021-01-23;1946
2021-01-22;"Trenčiansky kraj";148;21833;242;22075;NA;46494;390;2021-01-22;991
2021-01-21;"Trenčiansky kraj";143;8582;166;8748;NA;46494;309;2021-01-21;601
2021-01-20;"Trenčiansky kraj";181;8189;227;8416;NA;46494;408;2021-01-20;292
2021-01-19;"Trenčiansky kraj";363;6618;262;6880;NA;46494;625;2021-01-19;-116
2021-01-18;"Trenčiansky kraj";72;4970;321;5291;NA;46494;393;2021-01-18;-741
2021-01-17;"Trenčiansky kraj";124;156;11;167;NA;46494;135;2021-01-17;-1134
2021-01-16;"Trenčiansky kraj";39;1288;53;1341;NA;46494;92;2021-01-16;-1269
2021-01-15;"Trenčiansky kraj";264;4029;218;4247;NA;46494;482;2021-01-15;-1361
2021-01-14;"Trenčiansky kraj";275;3193;189;3382;NA;46494;464;2021-01-14;-1843
2021-01-13;"Trenčiansky kraj";222;3893;215;4108;NA;46494;437;2021-01-13;-2307
2021-01-12;"Trenčiansky kraj";508;4604;261;4865;NA;46494;769;2021-01-12;-2744
2021-01-11;"Trenčiansky kraj";142;4367;354;4721;NA;46494;496;2021-01-11;-3513
2021-01-10;"Trenčiansky kraj";89;4969;77;5046;NA;46494;166;2021-01-10;-4009
2021-01-09;"Trenčiansky kraj";276;8280;128;8408;NA;46494;404;2021-01-09;-4175
2021-01-08;"Trenčiansky kraj";489;6434;484;6918;NA;46494;973;2021-01-08;-4579
2021-01-07;"Trenčiansky kraj";420;6138;577;6715;NA;46494;997;2021-01-07;-5552
2021-01-06;"Trenčiansky kraj";221;1021;64;1085;NA;46494;285;2021-01-06;-6549
2021-01-05;"Trenčiansky kraj";669;5753;706;6459;NA;46494;1375;2021-01-05;-6834
2021-01-04;"Trenčiansky kraj";337;5248;782;6030;NA;46494;1119;2021-01-04;-8209
2021-01-03;"Trenčiansky kraj";38;114;15;129;NA;46494;53;2021-01-03;-9328
2021-01-02;"Trenčiansky kraj";129;196;23;219;NA;46494;152;2021-01-02;-9381
2021-01-01;"Trenčiansky kraj";329;347;23;370;NA;46494;352;2021-01-01;-9533
2020-12-31;"Trenčiansky kraj";597;4943;557;5500;NA;46494;1154;2020-12-31;-9885
2020-12-30;"Trenčiansky kraj";836;7012;762;7774;NA;46494;1598;2020-12-30;-11039
2020-12-29;"Trenčiansky kraj";459;6191;1018;7209;NA;46494;1477;2020-12-29;-12637
2020-12-28;"Trenčiansky kraj";258;4195;777;4972;NA;46494;1035;2020-12-28;-14114
2020-12-27;"Trenčiansky kraj";5;208;36;244;NA;46494;41;2020-12-27;-15149
2020-12-26;"Trenčiansky kraj";174;74;10;84;NA;46494;184;2020-12-26;-15190
2020-12-25;"Trenčiansky kraj";251;325;47;372;NA;46494;298;2020-12-25;-15374
2020-12-24;"Trenčiansky kraj";552;2194;256;2450;NA;46494;808;2020-12-24;-15672
2020-12-23;"Trenčiansky kraj";421;6552;661;7213;NA;46494;1082;2020-12-23;-16480
2020-12-22;"Trenčiansky kraj";673;5760;694;6454;NA;46494;1367;2020-12-22;-17562
2020-12-21;"Trenčiansky kraj";248;13321;956;14277;NA;46494;1204;2020-12-21;-18929
2020-12-20;"Trenčiansky kraj";238;12504;292;12796;NA;46494;530;2020-12-20;-20133
2020-12-19;"Trenčiansky kraj";341;1611;150;1761;NA;46494;491;2020-12-19;-20663
2020-12-18;"Trenčiansky kraj";521;5199;615;5814;NA;46494;1136;2020-12-18;-21154
2020-12-17;"Trenčiansky kraj";670;3843;524;4367;NA;46494;1194;2020-12-17;-22290
2020-12-16;"Trenčiansky kraj";461;4464;647;5111;NA;46494;1108;2020-12-16;-23484
2020-12-15;"Trenčiansky kraj";595;3805;670;4475;NA;46494;1265;2020-12-15;-24592
2020-12-14;"Trenčiansky kraj";318;3194;613;3807;NA;46494;931;2020-12-14;-25857
2020-12-13;"Trenčiansky kraj";77;49;6;55;NA;46494;83;2020-12-13;-26788
2020-12-12;"Trenčiansky kraj";314;1191;132;1323;NA;46494;446;2020-12-12;-26871
2020-12-11;"Trenčiansky kraj";751;4066;479;4545;NA;46494;1230;2020-12-11;-27317
2020-12-10;"Trenčiansky kraj";271;3354;473;3827;NA;46494;744;2020-12-10;-28547
2020-12-09;"Trenčiansky kraj";508;3788;466;4254;NA;46494;974;2020-12-09;-29291
2020-12-08;"Trenčiansky kraj";546;3440;522;3962;NA;46494;1068;2020-12-08;-30265
2020-12-07;"Trenčiansky kraj";258;3832;468;4300;NA;46494;726;2020-12-07;-31333
2020-12-06;"Trenčiansky kraj";114;187;11;198;NA;46494;125;2020-12-06;-32059
2020-12-05;"Trenčiansky kraj";223;616;56;672;NA;46494;279;2020-12-05;-32184
2020-12-04;"Trenčiansky kraj";253;2989;273;3262;NA;46494;526;2020-12-04;-32463
2020-12-03;"Trenčiansky kraj";503;1739;179;1918;NA;46494;682;2020-12-03;-32989
2020-12-02;"Trenčiansky kraj";418;1887;232;2119;NA;46494;650;2020-12-02;-33671
2020-12-01;"Trenčiansky kraj";321;5705;353;6058;NA;46494;674;2020-12-01;-34321
2020-11-30;"Trenčiansky kraj";167;11514;520;12034;NA;46494;687;2020-11-30;-34995
2020-11-29;"Trenčiansky kraj";29;30;5;35;NA;46494;34;2020-11-29;-35682
2020-11-28;"Trenčiansky kraj";202;1051;93;1144;NA;46494;295;2020-11-28;-35716
2020-11-27;"Trenčiansky kraj";330;1888;186;2074;NA;46494;516;2020-11-27;-36011
2020-11-26;"Trenčiansky kraj";395;1252;122;1374;NA;46494;517;2020-11-26;-36527
2020-11-25;"Trenčiansky kraj";322;1444;160;1604;NA;46494;482;2020-11-25;-37044
2020-11-24;"Trenčiansky kraj";348;2553;308;2861;NA;46494;656;2020-11-24;-37526
2020-11-23;"Trenčiansky kraj";159;1186;122;1308;NA;46494;281;2020-11-23;-38182
2020-11-22;"Trenčiansky kraj";26;30;7;37;NA;46494;33;2020-11-22;-38463
2020-11-21;"Trenčiansky kraj";255;1376;69;1445;NA;46494;324;2020-11-21;-38496
2020-11-20;"Trenčiansky kraj";316;861;93;954;NA;46494;409;2020-11-20;-38820
2020-11-19;"Trenčiansky kraj";316;740;113;853;NA;46494;429;2020-11-19;-39229
2020-11-18;"Trenčiansky kraj";233;379;66;445;NA;46494;299;2020-11-18;-39658
2020-11-17;"Trenčiansky kraj";222;106;15;121;NA;46494;237;2020-11-17;-39957
2020-11-16;"Trenčiansky kraj";245;236;45;281;NA;46494;290;2020-11-16;-40194
2020-11-15;"Trenčiansky kraj";109;29;6;35;NA;46494;115;2020-11-15;-40484
2020-11-14;"Trenčiansky kraj";190;74;11;85;NA;46494;201;2020-11-14;-40599
2020-11-13;"Trenčiansky kraj";308;131;13;144;NA;46494;321;2020-11-13;-40800
2020-11-12;"Trenčiansky kraj";324;124;5;129;NA;46494;329;2020-11-12;-41121
2020-11-11;"Trenčiansky kraj";366;113;10;123;NA;46494;376;2020-11-11;-41450
2020-11-10;"Trenčiansky kraj";277;106;6;112;NA;46494;283;2020-11-10;-41826
2020-11-09;"Trenčiansky kraj";115;1407;48;1455;NA;46494;163;2020-11-09;-42109
2020-11-08;"Trenčiansky kraj";81;1271;8;1279;NA;46494;89;2020-11-08;-42272
2020-11-07;"Trenčiansky kraj";319;3662;59;3721;NA;46494;378;2020-11-07;-42361
2020-11-06;"Trenčiansky kraj";383;6893;84;6977;NA;46494;467;2020-11-06;-42739
2020-11-05;"Trenčiansky kraj";399;98;15;113;NA;46494;414;2020-11-05;-43206
2020-11-04;"Trenčiansky kraj";370;91;9;100;NA;46494;379;2020-11-04;-43620
2020-11-03;"Trenčiansky kraj";575;97;8;105;NA;46494;583;2020-11-03;-43999
2020-11-02;"Trenčiansky kraj";197;1833;68;1901;NA;46494;265;2020-11-02;-44582
2020-11-01;"Trenčiansky kraj";257;808;24;832;NA;46494;281;2020-11-01;-44847
2020-10-31;"Trenčiansky kraj";332;4719;82;4801;NA;46494;414;2020-10-31;-45128
2020-10-30;"Trenčiansky kraj";299;5283;102;5385;NA;46494;401;2020-10-30;-45542
2020-10-29;"Trenčiansky kraj";496;764;68;832;NA;46494;564;2020-10-29;-45943
2020-10-28;"Trenčiansky kraj";269;192;33;225;NA;46494;302;2020-10-28;-46507
2020-10-27;"Trenčiansky kraj";473;127;27;154;NA;46494;500;2020-10-27;-46809
2020-10-26;"Trenčiansky kraj";177;107;36;143;NA;46494;213;2020-10-26;-47309
2020-10-25;"Trenčiansky kraj";138;9;5;14;NA;46494;143;2020-10-25;-47522
2020-10-24;"Trenčiansky kraj";395;128;6;134;NA;46494;401;2020-10-24;-47665
2020-10-23;"Trenčiansky kraj";301;154;8;162;NA;46494;309;2020-10-23;-48066
2020-10-22;"Trenčiansky kraj";273;82;12;94;NA;46494;285;2020-10-22;-48375
2020-10-21;"Trenčiansky kraj";183;53;9;62;NA;46494;192;2020-10-21;-48660
2020-10-20;"Trenčiansky kraj";212;47;6;53;NA;46494;218;2020-10-20;-48852
2020-10-19;"Trenčiansky kraj";41;83;25;108;NA;46494;66;2020-10-19;-49070
2020-10-18;"Trenčiansky kraj";104;0;0;0;NA;46494;104;2020-10-18;-49136
2020-10-17;"Trenčiansky kraj";157;0;0;0;NA;46494;157;2020-10-17;-49240
2020-10-16;"Trenčiansky kraj";225;42;6;48;NA;46494;231;2020-10-16;-49397
2020-10-15;"Trenčiansky kraj";255;39;4;43;NA;46494;259;2020-10-15;-49628
2020-10-14;"Trenčiansky kraj";162;42;7;49;NA;46494;169;2020-10-14;-49887
2020-10-13;"Trenčiansky kraj";124;105;12;117;NA;46494;136;2020-10-13;-50056
2020-10-12;"Trenčiansky kraj";55;0;0;0;NA;46494;55;2020-10-12;-50192
2020-10-11;"Trenčiansky kraj";73;0;0;0;NA;46494;73;2020-10-11;-50247
2020-10-10;"Trenčiansky kraj";180;0;0;0;NA;46494;180;2020-10-10;-50320
2020-10-09;"Trenčiansky kraj";198;0;0;0;NA;46494;198;2020-10-09;-50500
2020-10-08;"Trenčiansky kraj";115;0;0;0;NA;46494;115;2020-10-08;-50698
2020-10-07;"Trenčiansky kraj";75;0;0;0;NA;46494;75;2020-10-07;-50813
2020-10-06;"Trenčiansky kraj";72;0;0;0;NA;46494;72;2020-10-06;-50888
2020-10-05;"Trenčiansky kraj";32;0;0;0;NA;46494;32;2020-10-05;-50960
2020-10-04;"Trenčiansky kraj";37;0;0;0;NA;46494;37;2020-10-04;-50992
2020-10-03;"Trenčiansky kraj";79;0;0;0;NA;46494;79;2020-10-03;-51029
2020-10-02;"Trenčiansky kraj";69;0;0;0;NA;46494;69;2020-10-02;-51108
2020-10-01;"Trenčiansky kraj";58;0;0;0;NA;46494;58;2020-10-01;-51177
2020-09-30;"Trenčiansky kraj";76;0;0;0;NA;46494;76;2020-09-30;-51235
2020-09-29;"Trenčiansky kraj";43;0;0;0;NA;46494;43;2020-09-29;-51311
2020-09-28;"Trenčiansky kraj";7;0;0;0;NA;46494;7;2020-09-28;-51354
2020-09-27;"Trenčiansky kraj";12;0;0;0;NA;46494;12;2020-09-27;-51361
2020-09-26;"Trenčiansky kraj";37;0;0;0;NA;46494;37;2020-09-26;-51373
2020-09-25;"Trenčiansky kraj";72;0;0;0;NA;46494;72;2020-09-25;-51410
2020-09-24;"Trenčiansky kraj";41;0;0;0;NA;46494;41;2020-09-24;-51482
2020-09-23;"Trenčiansky kraj";32;0;0;0;NA;46494;32;2020-09-23;-51523
2020-09-22;"Trenčiansky kraj";26;0;0;0;NA;46494;26;2020-09-22;-51555
2020-09-21;"Trenčiansky kraj";23;0;0;0;NA;46494;23;2020-09-21;-51581
2020-09-20;"Trenčiansky kraj";21;0;0;0;NA;46494;21;2020-09-20;-51604
2020-09-19;"Trenčiansky kraj";20;0;0;0;NA;46494;20;2020-09-19;-51625
2020-09-18;"Trenčiansky kraj";41;0;0;0;NA;46494;41;2020-09-18;-51645
2020-09-17;"Trenčiansky kraj";20;0;0;0;NA;46494;20;2020-09-17;-51686
2020-09-16;"Trenčiansky kraj";14;0;0;0;NA;46494;14;2020-09-16;-51706
2020-09-15;"Trenčiansky kraj";8;0;0;0;NA;46494;8;2020-09-15;-51720
2020-09-14;"Trenčiansky kraj";5;0;0;0;NA;46494;5;2020-09-14;-51728
2020-09-13;"Trenčiansky kraj";12;0;0;0;NA;46494;12;2020-09-13;-51733
2020-09-12;"Trenčiansky kraj";2;0;0;0;NA;46494;2;2020-09-12;-51745
2020-09-11;"Trenčiansky kraj";27;0;0;0;NA;46494;27;2020-09-11;-51747
2020-09-10;"Trenčiansky kraj";15;0;0;0;NA;46494;15;2020-09-10;-51774
2020-09-09;"Trenčiansky kraj";11;0;0;0;NA;46494;11;2020-09-09;-51789
2020-09-08;"Trenčiansky kraj";12;0;0;0;NA;46494;12;2020-09-08;-51800
2020-09-07;"Trenčiansky kraj";6;0;0;0;NA;46494;6;2020-09-07;-51812
2020-09-06;"Trenčiansky kraj";1;0;0;0;NA;46494;1;2020-09-06;-51818
2020-09-05;"Trenčiansky kraj";3;0;0;0;NA;46494;3;2020-09-05;-51819
2020-09-04;"Trenčiansky kraj";9;0;0;0;NA;46494;9;2020-09-04;-51822
2020-09-03;"Trenčiansky kraj";10;0;0;0;NA;46494;10;2020-09-03;-51831
2020-09-02;"Trenčiansky kraj";5;0;0;0;NA;46494;5;2020-09-02;-51841
2020-09-01;"Trenčiansky kraj";1;0;0;0;NA;46494;1;2020-09-01;-51846
2020-08-31;"Trenčiansky kraj";12;0;0;0;NA;46494;12;2020-08-31;-51847
2020-08-30;"Trenčiansky kraj";0;0;0;0;NA;46494;0;2020-08-30;-51859
2020-08-29;"Trenčiansky kraj";1;0;0;0;NA;46494;1;2020-08-29;-51859
2020-08-28;"Trenčiansky kraj";12;0;0;0;NA;46494;12;2020-08-28;-51860
2020-08-27;"Trenčiansky kraj";10;0;0;0;NA;46494;10;2020-08-27;-51872
2020-08-26;"Trenčiansky kraj";15;0;0;0;NA;46494;15;2020-08-26;-51882
2020-08-25;"Trenčiansky kraj";12;0;0;0;NA;46494;12;2020-08-25;-51897
2020-08-24;"Trenčiansky kraj";4;0;0;0;NA;46494;4;2020-08-24;-51909
2020-08-23;"Trenčiansky kraj";5;0;0;0;NA;46494;5;2020-08-23;-51913
2020-08-22;"Trenčiansky kraj";6;0;0;0;NA;46494;6;2020-08-22;-51918
2020-08-21;"Trenčiansky kraj";6;0;0;0;NA;46494;6;2020-08-21;-51924
2020-08-20;"Trenčiansky kraj";20;0;0;0;NA;46494;20;2020-08-20;-51930
2020-08-19;"Trenčiansky kraj";17;0;0;0;NA;46494;17;2020-08-19;-51950
2020-08-18;"Trenčiansky kraj";9;0;0;0;NA;46494;9;2020-08-18;-51967
2020-08-17;"Trenčiansky kraj";4;0;0;0;NA;46494;4;2020-08-17;-51976
2020-08-16;"Trenčiansky kraj";0;0;0;0;NA;46494;0;2020-08-16;-51980
2020-08-15;"Trenčiansky kraj";9;0;0;0;NA;46494;9;2020-08-15;-51980
2020-08-14;"Trenčiansky kraj";15;0;0;0;NA;46494;15;2020-08-14;-51989
2020-08-13;"Trenčiansky kraj";23;0;0;0;NA;46494;23;2020-08-13;-52004
2020-08-12;"Trenčiansky kraj";6;0;0;0;NA;46494;6;2020-08-12;-52027
2020-08-11;"Trenčiansky kraj";7;0;0;0;NA;46494;7;2020-08-11;-52033
2020-08-10;"Trenčiansky kraj";9;0;0;0;NA;46494;9;2020-08-10;-52040
2020-08-09;"Trenčiansky kraj";1;0;0;0;NA;46494;1;2020-08-09;-52049
2020-08-08;"Trenčiansky kraj";4;0;0;0;NA;46494;4;2020-08-08;-52050
2020-08-07;"Trenčiansky kraj";4;0;0;0;NA;46494;4;2020-08-07;-52054
2020-08-06;"Trenčiansky kraj";13;0;0;0;NA;46494;13;2020-08-06;-52058
2020-08-05;"Trenčiansky kraj";39;0;0;0;NA;46494;39;2020-08-05;-52071
2020-08-04;"Trenčiansky kraj";9;0;0;0;NA;46494;9;2020-08-04;-52110
2020-08-03;"Trenčiansky kraj";0;0;0;0;NA;46494;0;2020-08-03;-52119
2020-08-02;"Trenčiansky kraj";2;0;0;0;NA;46494;2;2020-08-02;-52119
2020-08-01;"Trenčiansky kraj";6;0;0;0;NA;46494;6;2020-08-01;-52121
2020-07-31;"Trenčiansky kraj";16;0;0;0;NA;46494;16;2020-07-31;-52127
2020-07-30;"Trenčiansky kraj";4;0;0;0;NA;46494;4;2020-07-30;-52143
2020-07-29;"Trenčiansky kraj";5;0;0;0;NA;46494;5;2020-07-29;-52147
2020-07-28;"Trenčiansky kraj";11;0;0;0;NA;46494;11;2020-07-28;-52152
2020-07-27;"Trenčiansky kraj";4;0;0;0;NA;46494;4;2020-07-27;-52163
2020-07-26;"Trenčiansky kraj";1;0;0;0;NA;46494;1;2020-07-26;-52167
2020-07-25;"Trenčiansky kraj";7;0;0;0;NA;46494;7;2020-07-25;-52168
2020-07-24;"Trenčiansky kraj";5;0;0;0;NA;46494;5;2020-07-24;-52175
2020-07-23;"Trenčiansky kraj";10;0;0;0;NA;46494;10;2020-07-23;-52180
2020-07-22;"Trenčiansky kraj";11;0;0;0;NA;46494;11;2020-07-22;-52190
2020-07-21;"Trenčiansky kraj";6;0;0;0;NA;46494;6;2020-07-21;-52201
2020-07-20;"Trenčiansky kraj";13;0;0;0;NA;46494;13;2020-07-20;-52207
2020-07-19;"Trenčiansky kraj";0;0;0;0;NA;46494;0;2020-07-19;-52220
2020-07-18;"Trenčiansky kraj";0;0;0;0;NA;46494;0;2020-07-18;-52220
2020-07-17;"Trenčiansky kraj";1;0;0;0;NA;46494;1;2020-07-17;-52220
2020-07-16;"Trenčiansky kraj";0;0;0;0;NA;46494;0;2020-07-16;-52221
2020-07-15;"Trenčiansky kraj";2;0;0;0;NA;46494;2;2020-07-15;-52221
2020-07-14;"Trenčiansky kraj";8;0;0;0;NA;46494;8;2020-07-14;-52223
2020-07-13;"Trenčiansky kraj";1;0;0;0;NA;46494;1;2020-07-13;-52231
2020-07-12;"Trenčiansky kraj";0;0;0;0;NA;46494;0;2020-07-12;-52232
2020-07-11;"Trenčiansky kraj";0;0;0;0;NA;46494;0;2020-07-11;-52232
2020-07-10;"Trenčiansky kraj";3;0;0;0;NA;46494;3;2020-07-10;-52232
2020-07-09;"Trenčiansky kraj";2;0;0;0;NA;46494;2;2020-07-09;-52235
2020-07-08;"Trenčiansky kraj";1;0;0;0;NA;46494;1;2020-07-08;-52237
2020-07-07;"Trenčiansky kraj";9;0;0;0;NA;46494;9;2020-07-07;-52238
2020-07-06;"Trenčiansky kraj";1;0;0;0;NA;46494;1;2020-07-06;-52247
2020-07-05;"Trenčiansky kraj";1;0;0;0;NA;46494;1;2020-07-05;-52248
2020-07-04;"Trenčiansky kraj";0;0;0;0;NA;46494;0;2020-07-04;-52249
2020-07-03;"Trenčiansky kraj";2;0;0;0;NA;46494;2;2020-07-03;-52249
2020-07-02;"Trenčiansky kraj";10;0;0;0;NA;46494;10;2020-07-02;-52251
2020-07-01;"Trenčiansky kraj";1;0;0;0;NA;46494;1;2020-07-01;-52261
2020-06-30;"Trenčiansky kraj";6;0;0;0;NA;46494;6;2020-06-30;-52262
2020-06-29;"Trenčiansky kraj";1;0;0;0;NA;46494;1;2020-06-29;-52268
2020-06-28;"Trenčiansky kraj";0;0;0;0;NA;46494;0;2020-06-28;-52269
2020-06-27;"Trenčiansky kraj";0;0;0;0;NA;46494;0;2020-06-27;-52269
2020-06-26;"Trenčiansky kraj";0;0;0;0;NA;46494;0;2020-06-26;-52269
2020-06-25;"Trenčiansky kraj";2;0;0;0;NA;46494;2;2020-06-25;-52269
2020-06-24;"Trenčiansky kraj";1;0;0;0;NA;46494;1;2020-06-24;-52271
2020-06-23;"Trenčiansky kraj";0;0;0;0;NA;46494;0;2020-06-23;-52272
2020-06-22;"Trenčiansky kraj";0;0;0;0;NA;46494;0;2020-06-22;-52272
2020-06-21;"Trenčiansky kraj";0;0;0;0;NA;46494;0;2020-06-21;-52272
2020-06-20;"Trenčiansky kraj";0;0;0;0;NA;46494;0;2020-06-20;-52272
2020-06-19;"Trenčiansky kraj";0;0;0;0;NA;46494;0;2020-06-19;-52272
2020-06-18;"Trenčiansky kraj";0;0;0;0;NA;46494;0;2020-06-18;-52272
2020-06-17;"Trenčiansky kraj";0;0;0;0;NA;46494;0;2020-06-17;-52272
2020-06-16;"Trenčiansky kraj";0;0;0;0;NA;46494;0;2020-06-16;-52272
2020-06-14;"Trenčiansky kraj";0;0;0;0;NA;46494;0;2020-06-14;-52272
2020-06-13;"Trenčiansky kraj";0;0;0;0;NA;46494;0;2020-06-13;-52272
2020-06-12;"Trenčiansky kraj";0;0;0;0;NA;46494;0;2020-06-12;-52272
2020-06-11;"Trenčiansky kraj";0;0;0;0;NA;46494;0;2020-06-11;-52272
2020-06-10;"Trenčiansky kraj";1;0;0;0;NA;46494;1;2020-06-10;-52272
2020-06-09;"Trenčiansky kraj";0;0;0;0;NA;46494;0;2020-06-09;-52273
2020-06-08;"Trenčiansky kraj";0;0;0;0;NA;46494;0;2020-06-08;-52273
2020-06-07;"Trenčiansky kraj";0;0;0;0;NA;46494;0;2020-06-07;-52273
2020-06-05;"Trenčiansky kraj";0;0;0;0;NA;46494;0;2020-06-05;-52273
2020-06-03;"Trenčiansky kraj";0;0;0;0;NA;46494;0;2020-06-03;-52273
2020-06-02;"Trenčiansky kraj";0;0;0;0;NA;46494;0;2020-06-02;-52273
2020-05-31;"Trenčiansky kraj";0;0;0;0;NA;46494;0;2020-05-31;-52273
2020-05-29;"Trenčiansky kraj";0;0;0;0;NA;46494;0;2020-05-29;-52273
2020-05-27;"Trenčiansky kraj";2;0;0;0;NA;46494;2;2020-05-27;-52273
2020-05-26;"Trenčiansky kraj";0;0;0;0;NA;46494;0;2020-05-26;-52275
2020-05-25;"Trenčiansky kraj";0;0;0;0;NA;46494;0;2020-05-25;-52275
2020-05-24;"Trenčiansky kraj";0;0;0;0;NA;46494;0;2020-05-24;-52275
2020-05-23;"Trenčiansky kraj";0;0;0;0;NA;46494;0;2020-05-23;-52275
2020-05-22;"Trenčiansky kraj";0;0;0;0;NA;46494;0;2020-05-22;-52275
2020-05-21;"Trenčiansky kraj";0;0;0;0;NA;46494;0;2020-05-21;-52275
2020-05-20;"Trenčiansky kraj";0;0;0;0;NA;46494;0;2020-05-20;-52275
2020-05-19;"Trenčiansky kraj";0;0;0;0;NA;46494;0;2020-05-19;-52275
2020-05-17;"Trenčiansky kraj";0;0;0;0;NA;46494;0;2020-05-17;-52275
2020-05-16;"Trenčiansky kraj";0;0;0;0;NA;46494;0;2020-05-16;-52275
2020-05-15;"Trenčiansky kraj";1;0;0;0;NA;46494;1;2020-05-15;-52275
2020-05-14;"Trenčiansky kraj";2;0;0;0;NA;46494;2;2020-05-14;-52276
2020-05-13;"Trenčiansky kraj";1;0;0;0;NA;46494;1;2020-05-13;-52278
2020-05-12;"Trenčiansky kraj";1;0;0;0;NA;46494;1;2020-05-12;-52279
2020-05-11;"Trenčiansky kraj";3;0;0;0;NA;46494;3;2020-05-11;-52280
2020-05-09;"Trenčiansky kraj";2;0;0;0;NA;46494;2;2020-05-09;-52283
2020-05-07;"Trenčiansky kraj";6;0;0;0;NA;46494;6;2020-05-07;-52285
2020-05-06;"Trenčiansky kraj";0;0;0;0;NA;46494;0;2020-05-06;-52291
2020-05-05;"Trenčiansky kraj";2;0;0;0;NA;46494;2;2020-05-05;-52291
2020-05-04;"Trenčiansky kraj";0;0;0;0;NA;46494;0;2020-05-04;-52293
2020-05-03;"Trenčiansky kraj";0;0;0;0;NA;46494;0;2020-05-03;-52293
2020-05-02;"Trenčiansky kraj";0;0;0;0;NA;46494;0;2020-05-02;-52293
2020-05-01;"Trenčiansky kraj";0;0;0;0;NA;46494;0;2020-05-01;-52293
2020-04-30;"Trenčiansky kraj";0;0;0;0;NA;46494;0;2020-04-30;-52293
2020-04-29;"Trenčiansky kraj";2;0;0;0;NA;46494;2;2020-04-29;-52293
2020-04-28;"Trenčiansky kraj";1;0;0;0;NA;46494;1;2020-04-28;-52295
2020-04-27;"Trenčiansky kraj";0;0;0;0;NA;46494;0;2020-04-27;-52296
2020-04-26;"Trenčiansky kraj";1;0;0;0;NA;46494;1;2020-04-26;-52296
2020-04-25;"Trenčiansky kraj";0;0;0;0;NA;46494;0;2020-04-25;-52297
2020-04-24;"Trenčiansky kraj";0;0;0;0;NA;46494;0;2020-04-24;-52297
2020-04-23;"Trenčiansky kraj";11;0;0;0;NA;46494;11;2020-04-23;-52297
2020-04-22;"Trenčiansky kraj";1;0;0;0;NA;46494;1;2020-04-22;-52308
2020-04-21;"Trenčiansky kraj";11;0;0;0;NA;46494;11;2020-04-21;-52309
2020-04-20;"Trenčiansky kraj";15;0;0;0;NA;46494;15;2020-04-20;-52320
2020-04-19;"Trenčiansky kraj";2;0;0;0;NA;46494;2;2020-04-19;-52335
2020-04-18;"Trenčiansky kraj";3;0;0;0;NA;46494;3;2020-04-18;-52337
2020-04-17;"Trenčiansky kraj";4;0;0;0;NA;46494;4;2020-04-17;-52340
2020-04-16;"Trenčiansky kraj";10;0;0;0;NA;46494;10;2020-04-16;-52344
2020-04-15;"Trenčiansky kraj";4;0;0;0;NA;46494;4;2020-04-15;-52354
2020-04-14;"Trenčiansky kraj";0;0;0;0;NA;46494;0;2020-04-14;-52358
2020-04-13;"Trenčiansky kraj";1;0;0;0;NA;46494;1;2020-04-13;-52358
2020-04-12;"Trenčiansky kraj";2;0;0;0;NA;46494;2;2020-04-12;-52359
2020-04-11;"Trenčiansky kraj";3;0;0;0;NA;46494;3;2020-04-11;-52361
2020-04-10;"Trenčiansky kraj";0;0;0;0;NA;46494;0;2020-04-10;-52364
2020-04-09;"Trenčiansky kraj";0;0;0;0;NA;46494;0;2020-04-09;-52364
2020-04-08;"Trenčiansky kraj";2;0;0;0;NA;46494;2;2020-04-08;-52364
2020-04-07;"Trenčiansky kraj";18;0;0;0;NA;46494;18;2020-04-07;-52366
2020-04-06;"Trenčiansky kraj";0;0;0;0;NA;46494;0;2020-04-06;-52384
2020-04-05;"Trenčiansky kraj";3;0;0;0;NA;46494;3;2020-04-05;-52384
2020-04-04;"Trenčiansky kraj";5;0;0;0;NA;46494;5;2020-04-04;-52387
2020-04-03;"Trenčiansky kraj";4;0;0;0;NA;46494;4;2020-04-03;-52392
2020-04-02;"Trenčiansky kraj";1;0;0;0;NA;46494;1;2020-04-02;-52396
2020-04-01;"Trenčiansky kraj";3;0;0;0;NA;46494;3;2020-04-01;-52397
2020-03-31;"Trenčiansky kraj";1;0;0;0;NA;46494;1;2020-03-31;-52400
2020-03-30;"Trenčiansky kraj";3;0;0;0;NA;46494;3;2020-03-30;-52401
2020-03-29;"Trenčiansky kraj";6;0;0;0;NA;46494;6;2020-03-29;-52404
2020-03-28;"Trenčiansky kraj";9;0;0;0;NA;46494;9;2020-03-28;-52410
2020-03-27;"Trenčiansky kraj";2;0;0;0;NA;46494;2;2020-03-27;-52419
2020-03-26;"Trenčiansky kraj";6;0;0;0;NA;46494;6;2020-03-26;-52421
2020-03-25;"Trenčiansky kraj";3;0;0;0;NA;46494;3;2020-03-25;-52427
2020-03-24;"Trenčiansky kraj";1;0;0;0;NA;46494;1;2020-03-24;-52430
2020-03-23;"Trenčiansky kraj";0;0;0;0;NA;46494;0;2020-03-23;-52431
2020-03-22;"Trenčiansky kraj";0;0;0;0;NA;46494;0;2020-03-22;-52431
2020-03-21;"Trenčiansky kraj";2;0;0;0;NA;46494;2;2020-03-21;-52431
2020-03-20;"Trenčiansky kraj";2;0;0;0;NA;46494;2;2020-03-20;-52433
2020-03-19;"Trenčiansky kraj";8;0;0;0;NA;46494;8;2020-03-19;-52435
2020-03-18;"Trenčiansky kraj";0;0;0;0;NA;46494;0;2020-03-18;-52443
2020-03-17;"Trenčiansky kraj";0;0;0;0;NA;46494;0;2020-03-17;-52443
2020-03-16;"Trenčiansky kraj";1;0;0;0;NA;46494;1;2020-03-16;-52443
2020-03-15;"Trenčiansky kraj";5;0;0;0;NA;46494;5;2020-03-15;-52444
2020-03-14;"Trenčiansky kraj";0;0;0;0;NA;46494;0;2020-03-14;-52449
2020-03-13;"Trenčiansky kraj";0;0;0;0;NA;46494;0;2020-03-13;-52449
2020-03-12;"Trenčiansky kraj";1;0;0;0;NA;46494;1;2020-03-12;-52449
2020-03-11;"Trenčiansky kraj";0;0;0;0;NA;46494;0;2020-03-11;-52450
2020-03-09;"Trenčiansky kraj";0;0;0;0;NA;46494;0;2020-03-09;-52450
2020-03-08;"Trenčiansky kraj";0;0;0;0;NA;46494;0;2020-03-08;-52450
2020-03-07;"Trenčiansky kraj";0;0;0;0;NA;46494;0;2020-03-07;-52450
2020-03-06;"Trenčiansky kraj";0;0;0;0;NA;46494;0;2020-03-06;-52450
2021-05-08;"Trnavský kraj";4;17778;19;17797;NA;43882;23;2021-05-08;43882
2021-05-07;"Trnavský kraj";26;14257;26;14283;NA;43882;52;2021-05-07;43859
2021-05-06;"Trnavský kraj";22;8378;17;8395;NA;43882;39;2021-05-06;43807
2021-05-05;"Trnavský kraj";34;6218;22;6240;NA;43882;56;2021-05-05;43768
2021-05-04;"Trnavský kraj";51;8539;17;8556;NA;43882;68;2021-05-04;43712
2021-05-03;"Trnavský kraj";20;9439;22;9461;NA;43882;42;2021-05-03;43644
2021-05-02;"Trnavský kraj";0;24874;29;24903;NA;43882;29;2021-05-02;43602
2021-05-01;"Trnavský kraj";30;80256;63;80319;NA;43882;93;2021-05-01;43573
2021-04-30;"Trnavský kraj";45;26502;35;26537;NA;43882;80;2021-04-30;43480
2021-04-29;"Trnavský kraj";25;20151;27;20178;NA;43882;52;2021-04-29;43400
2021-04-28;"Trnavský kraj";46;8952;28;8980;NA;43882;74;2021-04-28;43348
2021-04-27;"Trnavský kraj";54;8574;33;8607;NA;43882;87;2021-04-27;43274
2021-04-26;"Trnavský kraj";53;15859;42;15901;NA;43882;95;2021-04-26;43187
2021-04-25;"Trnavský kraj";0;29711;24;29735;NA;43882;24;2021-04-25;43092
2021-04-24;"Trnavský kraj";46;124180;81;124261;NA;43882;127;2021-04-24;43068
2021-04-23;"Trnavský kraj";71;25289;52;25341;NA;43882;123;2021-04-23;42941
2021-04-22;"Trnavský kraj";40;10741;25;10766;NA;43882;65;2021-04-22;42818
2021-04-21;"Trnavský kraj";60;10553;45;10598;NA;43882;105;2021-04-21;42753
2021-04-20;"Trnavský kraj";57;13322;27;13349;NA;43882;84;2021-04-20;42648
2021-04-19;"Trnavský kraj";46;14320;18;14338;NA;43882;64;2021-04-19;42564
2021-04-18;"Trnavský kraj";7;40399;43;40442;NA;43882;50;2021-04-18;42500
2021-04-17;"Trnavský kraj";58;117519;89;117608;NA;43882;147;2021-04-17;42450
2021-04-16;"Trnavský kraj";67;25642;48;25690;NA;43882;115;2021-04-16;42303
2021-04-15;"Trnavský kraj";65;11211;36;11247;NA;43882;101;2021-04-15;42188
2021-04-14;"Trnavský kraj";78;18232;53;18285;NA;43882;131;2021-04-14;42087
2021-04-13;"Trnavský kraj";126;9689;44;9733;NA;43882;170;2021-04-13;41956
2021-04-12;"Trnavský kraj";40;15313;39;15352;NA;43882;79;2021-04-12;41786
2021-04-11;"Trnavský kraj";3;44034;43;44077;NA;43882;46;2021-04-11;41707
2021-04-10;"Trnavský kraj";60;123919;107;124026;NA;43882;167;2021-04-10;41661
2021-04-09;"Trnavský kraj";95;26196;34;26230;NA;43882;129;2021-04-09;41494
2021-04-08;"Trnavský kraj";85;11004;50;11054;NA;43882;135;2021-04-08;41365
2021-04-07;"Trnavský kraj";131;15924;79;16003;NA;43882;210;2021-04-07;41230
2021-04-06;"Trnavský kraj";92;20691;89;20780;NA;43882;181;2021-04-06;41020
2021-04-05;"Trnavský kraj";91;7502;17;7519;NA;43882;108;2021-04-05;40839
2021-04-04;"Trnavský kraj";9;28588;49;28637;NA;43882;58;2021-04-04;40731
2021-04-03;"Trnavský kraj";29;144073;189;144262;NA;43882;218;2021-04-03;40673
2021-04-02;"Trnavský kraj";91;17664;33;17697;NA;43882;124;2021-04-02;40455
2021-04-01;"Trnavský kraj";118;22156;70;22226;NA;43882;188;2021-04-01;40331
2021-03-31;"Trnavský kraj";140;15819;82;15901;NA;43882;222;2021-03-31;40143
2021-03-30;"Trnavský kraj";182;10482;79;10561;NA;43882;261;2021-03-30;39921
2021-03-29;"Trnavský kraj";126;19249;122;19371;NA;43882;248;2021-03-29;39660
2021-03-28;"Trnavský kraj";26;50792;134;50926;NA;43882;160;2021-03-28;39412
2021-03-27;"Trnavský kraj";64;129557;245;129802;NA;43882;309;2021-03-27;39252
2021-03-26;"Trnavský kraj";139;30217;130;30347;NA;43882;269;2021-03-26;38943
2021-03-25;"Trnavský kraj";135;14212;80;14292;NA;43882;215;2021-03-25;38674
2021-03-24;"Trnavský kraj";159;10521;89;10610;NA;43882;248;2021-03-24;38459
2021-03-23;"Trnavský kraj";221;12735;104;12839;NA;43882;325;2021-03-23;38211
2021-03-22;"Trnavský kraj";103;17068;110;17178;NA;43882;213;2021-03-22;37886
2021-03-21;"Trnavský kraj";31;49119;150;49269;NA;43882;181;2021-03-21;37673
2021-03-20;"Trnavský kraj";112;136522;317;136839;NA;43882;429;2021-03-20;37492
2021-03-19;"Trnavský kraj";174;29071;137;29208;NA;43882;311;2021-03-19;37063
2021-03-18;"Trnavský kraj";158;12217;136;12353;NA;43882;294;2021-03-18;36752
2021-03-17;"Trnavský kraj";245;10434;103;10537;NA;43882;348;2021-03-17;36458
2021-03-16;"Trnavský kraj";311;12811;135;12946;NA;43882;446;2021-03-16;36110
2021-03-15;"Trnavský kraj";127;18678;146;18824;NA;43882;273;2021-03-15;35664
2021-03-14;"Trnavský kraj";14;47608;164;47772;NA;43882;178;2021-03-14;35391
2021-03-13;"Trnavský kraj";155;139190;409;139599;NA;43882;564;2021-03-13;35213
2021-03-12;"Trnavský kraj";201;28559;181;28740;NA;43882;382;2021-03-12;34649
2021-03-11;"Trnavský kraj";204;13285;140;13425;NA;43882;344;2021-03-11;34267
2021-03-10;"Trnavský kraj";242;10583;135;10718;NA;43882;377;2021-03-10;33923
2021-03-09;"Trnavský kraj";442;12820;155;12975;NA;43882;597;2021-03-09;33546
2021-03-08;"Trnavský kraj";182;21825;166;21991;NA;43882;348;2021-03-08;32949
2021-03-07;"Trnavský kraj";30;45463;227;45690;NA;43882;257;2021-03-07;32601
2021-03-06;"Trnavský kraj";154;135630;531;136161;NA;43882;685;2021-03-06;32344
2021-03-05;"Trnavský kraj";299;28620;243;28863;NA;43882;542;2021-03-05;31659
2021-03-04;"Trnavský kraj";238;14489;175;14664;NA;43882;413;2021-03-04;31117
2021-03-03;"Trnavský kraj";413;11566;246;11812;NA;43882;659;2021-03-03;30704
2021-03-02;"Trnavský kraj";477;12347;191;12538;NA;43882;668;2021-03-02;30045
2021-03-01;"Trnavský kraj";189;18587;234;18821;NA;43882;423;2021-03-01;29377
2021-02-28;"Trnavský kraj";87;47709;321;48030;NA;43882;408;2021-02-28;28954
2021-02-27;"Trnavský kraj";264;140725;804;141529;NA;43882;1068;2021-02-27;28546
2021-02-26;"Trnavský kraj";362;26815;286;27101;NA;43882;648;2021-02-26;27478
2021-02-25;"Trnavský kraj";433;10490;227;10717;NA;43882;660;2021-02-25;26830
2021-02-24;"Trnavský kraj";407;9110;290;9400;NA;43882;697;2021-02-24;26170
2021-02-23;"Trnavský kraj";469;11322;284;11606;NA;43882;753;2021-02-23;25473
2021-02-22;"Trnavský kraj";206;19896;330;20226;NA;43882;536;2021-02-22;24720
2021-02-21;"Trnavský kraj";38;48221;329;48550;NA;43882;367;2021-02-21;24184
2021-02-20;"Trnavský kraj";273;135825;859;136684;NA;43882;1132;2021-02-20;23817
2021-02-19;"Trnavský kraj";335;26982;347;27329;NA;43882;682;2021-02-19;22685
2021-02-18;"Trnavský kraj";344;11263;348;11611;NA;43882;692;2021-02-18;22003
2021-02-17;"Trnavský kraj";431;8781;416;9197;NA;43882;847;2021-02-17;21311
2021-02-16;"Trnavský kraj";426;11413;295;11708;NA;43882;721;2021-02-16;20464
2021-02-15;"Trnavský kraj";146;18075;291;18366;NA;43882;437;2021-02-15;19743
2021-02-14;"Trnavský kraj";51;57642;495;58137;NA;43882;546;2021-02-14;19306
2021-02-13;"Trnavský kraj";218;137051;994;138045;NA;43882;1212;2021-02-13;18760
2021-02-12;"Trnavský kraj";300;23682;336;24018;NA;43882;636;2021-02-12;17548
2021-02-11;"Trnavský kraj";422;9901;360;10261;NA;43882;782;2021-02-11;16912
2021-02-10;"Trnavský kraj";511;9334;344;9678;NA;43882;855;2021-02-10;16130
2021-02-09;"Trnavský kraj";544;12752;369;13121;NA;43882;913;2021-02-09;15275
2021-02-08;"Trnavský kraj";220;33539;498;34037;NA;43882;718;2021-02-08;14362
2021-02-07;"Trnavský kraj";140;68646;623;69269;NA;43882;763;2021-02-07;13644
2021-02-06;"Trnavský kraj";348;112687;1482;114169;NA;43882;1830;2021-02-06;12881
2021-02-05;"Trnavský kraj";377;16063;373;16436;NA;43882;750;2021-02-05;11051
2021-02-04;"Trnavský kraj";456;7317;456;7773;NA;43882;912;2021-02-04;10301
2021-02-03;"Trnavský kraj";472;6584;434;7018;NA;43882;906;2021-02-03;9389
2021-02-02;"Trnavský kraj";446;14240;424;14664;NA;43882;870;2021-02-02;8483
2021-02-01;"Trnavský kraj";198;38882;679;39561;NA;43882;877;2021-02-01;7613
2021-01-31;"Trnavský kraj";19;64671;817;65488;NA;43882;836;2021-01-31;6736
2021-01-30;"Trnavský kraj";323;111483;1288;112771;NA;43882;1611;2021-01-30;5900
2021-01-29;"Trnavský kraj";421;9690;290;9980;NA;43882;711;2021-01-29;4289
2021-01-28;"Trnavský kraj";389;5815;286;6101;NA;43882;675;2021-01-28;3578
2021-01-27;"Trnavský kraj";433;5300;219;5519;NA;43882;652;2021-01-27;2903
2021-01-26;"Trnavský kraj";565;25392;636;26028;NA;43882;1201;2021-01-26;2251
2021-01-25;"Trnavský kraj";210;41420;607;42027;NA;43882;817;2021-01-25;1050
2021-01-24;"Trnavský kraj";91;66399;779;67178;NA;43882;870;2021-01-24;233
2021-01-23;"Trnavský kraj";372;117933;1349;119282;NA;43882;1721;2021-01-23;-637
2021-01-22;"Trnavský kraj";217;33122;507;33629;NA;43882;724;2021-01-22;-2358
2021-01-21;"Trnavský kraj";311;13922;378;14300;NA;43882;689;2021-01-21;-3082
2021-01-20;"Trnavský kraj";503;8118;274;8392;NA;43882;777;2021-01-20;-3771
2021-01-19;"Trnavský kraj";415;7013;347;7360;NA;43882;762;2021-01-19;-4548
2021-01-18;"Trnavský kraj";247;6234;484;6718;NA;43882;731;2021-01-18;-5310
2021-01-17;"Trnavský kraj";128;854;215;1069;NA;43882;343;2021-01-17;-6041
2021-01-16;"Trnavský kraj";103;898;24;922;NA;43882;127;2021-01-16;-6384
2021-01-15;"Trnavský kraj";278;5457;335;5792;NA;43882;613;2021-01-15;-6511
2021-01-14;"Trnavský kraj";452;4001;338;4339;NA;43882;790;2021-01-14;-7124
2021-01-13;"Trnavský kraj";457;4751;378;5129;NA;43882;835;2021-01-13;-7914
2021-01-12;"Trnavský kraj";469;7175;483;7658;NA;43882;952;2021-01-12;-8749
2021-01-11;"Trnavský kraj";370;5012;392;5404;NA;43882;762;2021-01-11;-9701
2021-01-10;"Trnavský kraj";71;13;0;13;NA;43882;71;2021-01-10;-10463
2021-01-09;"Trnavský kraj";417;1775;100;1875;NA;43882;517;2021-01-09;-10534
2021-01-08;"Trnavský kraj";381;6554;532;7086;NA;43882;913;2021-01-08;-11051
2021-01-07;"Trnavský kraj";501;4080;390;4470;NA;43882;891;2021-01-07;-11964
2021-01-06;"Trnavský kraj";179;758;132;890;NA;43882;311;2021-01-06;-12855
2021-01-05;"Trnavský kraj";611;5925;636;6561;NA;43882;1247;2021-01-05;-13166
2021-01-04;"Trnavský kraj";302;5239;689;5928;NA;43882;991;2021-01-04;-14413
2021-01-03;"Trnavský kraj";60;53;7;60;NA;43882;67;2021-01-03;-15404
2021-01-02;"Trnavský kraj";282;417;32;449;NA;43882;314;2021-01-02;-15471
2021-01-01;"Trnavský kraj";143;455;76;531;NA;43882;219;2021-01-01;-15785
2020-12-31;"Trnavský kraj";498;8488;858;9346;NA;43882;1356;2020-12-31;-16004
2020-12-30;"Trnavský kraj";785;5318;612;5930;NA;43882;1397;2020-12-30;-17360
2020-12-29;"Trnavský kraj";322;5364;639;6003;NA;43882;961;2020-12-29;-18757
2020-12-28;"Trnavský kraj";213;5334;615;5949;NA;43882;828;2020-12-28;-19718
2020-12-27;"Trnavský kraj";27;20;4;24;NA;43882;31;2020-12-27;-20546
2020-12-26;"Trnavský kraj";148;44;1;45;NA;43882;149;2020-12-26;-20577
2020-12-25;"Trnavský kraj";65;49;5;54;NA;43882;70;2020-12-25;-20726
2020-12-24;"Trnavský kraj";333;1359;117;1476;NA;43882;450;2020-12-24;-20796
2020-12-23;"Trnavský kraj";210;7259;414;7673;NA;43882;624;2020-12-23;-21246
2020-12-22;"Trnavský kraj";311;5590;491;6081;NA;43882;802;2020-12-22;-21870
2020-12-21;"Trnavský kraj";328;4527;399;4926;NA;43882;727;2020-12-21;-22672
2020-12-20;"Trnavský kraj";134;133;12;145;NA;43882;146;2020-12-20;-23399
2020-12-19;"Trnavský kraj";201;1407;103;1510;NA;43882;304;2020-12-19;-23545
2020-12-18;"Trnavský kraj";341;4898;378;5276;NA;43882;719;2020-12-18;-23849
2020-12-17;"Trnavský kraj";375;5271;443;5714;NA;43882;818;2020-12-17;-24568
2020-12-16;"Trnavský kraj";312;5249;405;5654;NA;43882;717;2020-12-16;-25386
2020-12-15;"Trnavský kraj";492;6623;632;7255;NA;43882;1124;2020-12-15;-26103
2020-12-14;"Trnavský kraj";161;3505;292;3797;NA;43882;453;2020-12-14;-27227
2020-12-13;"Trnavský kraj";7;7;0;7;NA;43882;7;2020-12-13;-27680
2020-12-12;"Trnavský kraj";254;1456;114;1570;NA;43882;368;2020-12-12;-27687
2020-12-11;"Trnavský kraj";384;4683;262;4945;NA;43882;646;2020-12-11;-28055
2020-12-10;"Trnavský kraj";183;5194;320;5514;NA;43882;503;2020-12-10;-28701
2020-12-09;"Trnavský kraj";521;4283;321;4604;NA;43882;842;2020-12-09;-29204
2020-12-08;"Trnavský kraj";281;4090;304;4394;NA;43882;585;2020-12-08;-30046
2020-12-07;"Trnavský kraj";178;2895;199;3094;NA;43882;377;2020-12-07;-30631
2020-12-06;"Trnavský kraj";46;0;0;0;NA;43882;46;2020-12-06;-31008
2020-12-05;"Trnavský kraj";129;2218;41;2259;NA;43882;170;2020-12-05;-31054
2020-12-04;"Trnavský kraj";242;3948;158;4106;NA;43882;400;2020-12-04;-31224
2020-12-03;"Trnavský kraj";248;2770;190;2960;NA;43882;438;2020-12-03;-31624
2020-12-02;"Trnavský kraj";284;4516;176;4692;NA;43882;460;2020-12-02;-32062
2020-12-01;"Trnavský kraj";253;3190;205;3395;NA;43882;458;2020-12-01;-32522
2020-11-30;"Trnavský kraj";200;7360;186;7546;NA;43882;386;2020-11-30;-32980
2020-11-29;"Trnavský kraj";17;738;36;774;NA;43882;53;2020-11-29;-33366
2020-11-28;"Trnavský kraj";83;1453;77;1530;NA;43882;160;2020-11-28;-33419
2020-11-27;"Trnavský kraj";148;1779;85;1864;NA;43882;233;2020-11-27;-33579
2020-11-26;"Trnavský kraj";234;1123;68;1191;NA;43882;302;2020-11-26;-33812
2020-11-25;"Trnavský kraj";232;1168;74;1242;NA;43882;306;2020-11-25;-34114
2020-11-24;"Trnavský kraj";295;1909;96;2005;NA;43882;391;2020-11-24;-34420
2020-11-23;"Trnavský kraj";242;7393;129;7522;NA;43882;371;2020-11-23;-34811
2020-11-22;"Trnavský kraj";10;82;9;91;NA;43882;19;2020-11-22;-35182
2020-11-21;"Trnavský kraj";129;1354;36;1390;NA;43882;165;2020-11-21;-35201
2020-11-20;"Trnavský kraj";246;1154;64;1218;NA;43882;310;2020-11-20;-35366
2020-11-19;"Trnavský kraj";157;823;64;887;NA;43882;221;2020-11-19;-35676
2020-11-18;"Trnavský kraj";235;822;82;904;NA;43882;317;2020-11-18;-35897
2020-11-17;"Trnavský kraj";129;705;74;779;NA;43882;203;2020-11-17;-36214
2020-11-16;"Trnavský kraj";187;732;32;764;NA;43882;219;2020-11-16;-36417
2020-11-15;"Trnavský kraj";23;73;4;77;NA;43882;27;2020-11-15;-36636
2020-11-14;"Trnavský kraj";86;397;12;409;NA;43882;98;2020-11-14;-36663
2020-11-13;"Trnavský kraj";219;1312;21;1333;NA;43882;240;2020-11-13;-36761
2020-11-12;"Trnavský kraj";162;420;18;438;NA;43882;180;2020-11-12;-37001
2020-11-11;"Trnavský kraj";257;392;15;407;NA;43882;272;2020-11-11;-37181
2020-11-10;"Trnavský kraj";189;889;30;919;NA;43882;219;2020-11-10;-37453
2020-11-09;"Trnavský kraj";196;369;23;392;NA;43882;219;2020-11-09;-37672
2020-11-08;"Trnavský kraj";55;400;4;404;NA;43882;59;2020-11-08;-37891
2020-11-07;"Trnavský kraj";207;6070;74;6144;NA;43882;281;2020-11-07;-37950
2020-11-06;"Trnavský kraj";260;1531;19;1550;NA;43882;279;2020-11-06;-38231
2020-11-05;"Trnavský kraj";150;220;27;247;NA;43882;177;2020-11-05;-38510
2020-11-04;"Trnavský kraj";188;212;10;222;NA;43882;198;2020-11-04;-38687
2020-11-03;"Trnavský kraj";317;127;8;135;NA;43882;325;2020-11-03;-38885
2020-11-02;"Trnavský kraj";281;1728;31;1759;NA;43882;312;2020-11-02;-39210
2020-11-01;"Trnavský kraj";87;494;27;521;NA;43882;114;2020-11-01;-39522
2020-10-31;"Trnavský kraj";259;5024;41;5065;NA;43882;300;2020-10-31;-39636
2020-10-30;"Trnavský kraj";198;3784;27;3811;NA;43882;225;2020-10-30;-39936
2020-10-29;"Trnavský kraj";273;1461;16;1477;NA;43882;289;2020-10-29;-40161
2020-10-28;"Trnavský kraj";319;117;16;133;NA;43882;335;2020-10-28;-40450
2020-10-27;"Trnavský kraj";199;461;36;497;NA;43882;235;2020-10-27;-40785
2020-10-26;"Trnavský kraj";153;29;2;31;NA;43882;155;2020-10-26;-41020
2020-10-25;"Trnavský kraj";95;19;1;20;NA;43882;96;2020-10-25;-41175
2020-10-24;"Trnavský kraj";158;109;2;111;NA;43882;160;2020-10-24;-41271
2020-10-23;"Trnavský kraj";201;89;4;93;NA;43882;205;2020-10-23;-41431
2020-10-22;"Trnavský kraj";195;55;2;57;NA;43882;197;2020-10-22;-41636
2020-10-21;"Trnavský kraj";134;73;3;76;NA;43882;137;2020-10-21;-41833
2020-10-20;"Trnavský kraj";202;82;3;85;NA;43882;205;2020-10-20;-41970
2020-10-19;"Trnavský kraj";67;55;0;55;NA;43882;67;2020-10-19;-42175
2020-10-18;"Trnavský kraj";84;0;0;0;NA;43882;84;2020-10-18;-42242
2020-10-17;"Trnavský kraj";123;0;0;0;NA;43882;123;2020-10-17;-42326
2020-10-16;"Trnavský kraj";86;45;2;47;NA;43882;88;2020-10-16;-42449
2020-10-15;"Trnavský kraj";155;66;2;68;NA;43882;157;2020-10-15;-42537
2020-10-14;"Trnavský kraj";236;468;3;471;NA;43882;239;2020-10-14;-42694
2020-10-13;"Trnavský kraj";138;16;2;18;NA;43882;140;2020-10-13;-42933
2020-10-12;"Trnavský kraj";33;41;1;42;NA;43882;34;2020-10-12;-43073
2020-10-11;"Trnavský kraj";31;0;0;0;NA;43882;31;2020-10-11;-43107
2020-10-10;"Trnavský kraj";128;0;0;0;NA;43882;128;2020-10-10;-43138
2020-10-09;"Trnavský kraj";156;0;0;0;NA;43882;156;2020-10-09;-43266
2020-10-08;"Trnavský kraj";153;0;0;0;NA;43882;153;2020-10-08;-43422
2020-10-07;"Trnavský kraj";80;0;0;0;NA;43882;80;2020-10-07;-43575
2020-10-06;"Trnavský kraj";112;0;0;0;NA;43882;112;2020-10-06;-43655
2020-10-05;"Trnavský kraj";33;0;0;0;NA;43882;33;2020-10-05;-43767
2020-10-04;"Trnavský kraj";44;0;0;0;NA;43882;44;2020-10-04;-43800
2020-10-03;"Trnavský kraj";60;0;0;0;NA;43882;60;2020-10-03;-43844
2020-10-02;"Trnavský kraj";41;0;0;0;NA;43882;41;2020-10-02;-43904
2020-10-01;"Trnavský kraj";53;0;0;0;NA;43882;53;2020-10-01;-43945
2020-09-30;"Trnavský kraj";91;0;0;0;NA;43882;91;2020-09-30;-43998
2020-09-29;"Trnavský kraj";40;0;0;0;NA;43882;40;2020-09-29;-44089
2020-09-28;"Trnavský kraj";69;0;0;0;NA;43882;69;2020-09-28;-44129
2020-09-27;"Trnavský kraj";30;0;0;0;NA;43882;30;2020-09-27;-44198
2020-09-26;"Trnavský kraj";46;0;0;0;NA;43882;46;2020-09-26;-44228
2020-09-25;"Trnavský kraj";32;0;0;0;NA;43882;32;2020-09-25;-44274
2020-09-24;"Trnavský kraj";42;0;0;0;NA;43882;42;2020-09-24;-44306
2020-09-23;"Trnavský kraj";43;0;0;0;NA;43882;43;2020-09-23;-44348
2020-09-22;"Trnavský kraj";55;0;0;0;NA;43882;55;2020-09-22;-44391
2020-09-21;"Trnavský kraj";41;0;0;0;NA;43882;41;2020-09-21;-44446
2020-09-20;"Trnavský kraj";17;0;0;0;NA;43882;17;2020-09-20;-44487
2020-09-19;"Trnavský kraj";4;0;0;0;NA;43882;4;2020-09-19;-44504
2020-09-18;"Trnavský kraj";33;0;0;0;NA;43882;33;2020-09-18;-44508
2020-09-17;"Trnavský kraj";42;0;0;0;NA;43882;42;2020-09-17;-44541
2020-09-16;"Trnavský kraj";49;0;0;0;NA;43882;49;2020-09-16;-44583
2020-09-15;"Trnavský kraj";5;0;0;0;NA;43882;5;2020-09-15;-44632
2020-09-14;"Trnavský kraj";26;0;0;0;NA;43882;26;2020-09-14;-44637
2020-09-13;"Trnavský kraj";9;0;0;0;NA;43882;9;2020-09-13;-44663
2020-09-12;"Trnavský kraj";12;0;0;0;NA;43882;12;2020-09-12;-44672
2020-09-11;"Trnavský kraj";16;0;0;0;NA;43882;16;2020-09-11;-44684
2020-09-10;"Trnavský kraj";32;0;0;0;NA;43882;32;2020-09-10;-44700
2020-09-09;"Trnavský kraj";14;0;0;0;NA;43882;14;2020-09-09;-44732
2020-09-08;"Trnavský kraj";11;0;0;0;NA;43882;11;2020-09-08;-44746
2020-09-07;"Trnavský kraj";7;0;0;0;NA;43882;7;2020-09-07;-44757
2020-09-06;"Trnavský kraj";5;0;0;0;NA;43882;5;2020-09-06;-44764
2020-09-05;"Trnavský kraj";7;0;0;0;NA;43882;7;2020-09-05;-44769
2020-09-04;"Trnavský kraj";16;0;0;0;NA;43882;16;2020-09-04;-44776
2020-09-03;"Trnavský kraj";8;0;0;0;NA;43882;8;2020-09-03;-44792
2020-09-02;"Trnavský kraj";7;0;0;0;NA;43882;7;2020-09-02;-44800
2020-09-01;"Trnavský kraj";1;0;0;0;NA;43882;1;2020-09-01;-44807
2020-08-31;"Trnavský kraj";6;0;0;0;NA;43882;6;2020-08-31;-44808
2020-08-30;"Trnavský kraj";1;0;0;0;NA;43882;1;2020-08-30;-44814
2020-08-29;"Trnavský kraj";3;0;0;0;NA;43882;3;2020-08-29;-44815
2020-08-28;"Trnavský kraj";14;0;0;0;NA;43882;14;2020-08-28;-44818
2020-08-27;"Trnavský kraj";6;0;0;0;NA;43882;6;2020-08-27;-44832
2020-08-26;"Trnavský kraj";4;0;0;0;NA;43882;4;2020-08-26;-44838
2020-08-25;"Trnavský kraj";7;0;0;0;NA;43882;7;2020-08-25;-44842
2020-08-24;"Trnavský kraj";1;0;0;0;NA;43882;1;2020-08-24;-44849
2020-08-23;"Trnavský kraj";6;0;0;0;NA;43882;6;2020-08-23;-44850
2020-08-22;"Trnavský kraj";3;0;0;0;NA;43882;3;2020-08-22;-44856
2020-08-21;"Trnavský kraj";4;0;0;0;NA;43882;4;2020-08-21;-44859
2020-08-20;"Trnavský kraj";23;0;0;0;NA;43882;23;2020-08-20;-44863
2020-08-19;"Trnavský kraj";13;0;0;0;NA;43882;13;2020-08-19;-44886
2020-08-18;"Trnavský kraj";20;0;0;0;NA;43882;20;2020-08-18;-44899
2020-08-17;"Trnavský kraj";3;0;0;0;NA;43882;3;2020-08-17;-44919
2020-08-16;"Trnavský kraj";0;0;0;0;NA;43882;0;2020-08-16;-44922
2020-08-15;"Trnavský kraj";7;0;0;0;NA;43882;7;2020-08-15;-44922
2020-08-14;"Trnavský kraj";6;0;0;0;NA;43882;6;2020-08-14;-44929
2020-08-13;"Trnavský kraj";10;0;0;0;NA;43882;10;2020-08-13;-44935
2020-08-12;"Trnavský kraj";2;0;0;0;NA;43882;2;2020-08-12;-44945
2020-08-11;"Trnavský kraj";30;0;0;0;NA;43882;30;2020-08-11;-44947
2020-08-10;"Trnavský kraj";0;0;0;0;NA;43882;0;2020-08-10;-44977
2020-08-09;"Trnavský kraj";0;0;0;0;NA;43882;0;2020-08-09;-44977
2020-08-08;"Trnavský kraj";13;0;0;0;NA;43882;13;2020-08-08;-44977
2020-08-07;"Trnavský kraj";4;0;0;0;NA;43882;4;2020-08-07;-44990
2020-08-06;"Trnavský kraj";4;0;0;0;NA;43882;4;2020-08-06;-44994
2020-08-05;"Trnavský kraj";0;0;0;0;NA;43882;0;2020-08-05;-44998
2020-08-04;"Trnavský kraj";1;0;0;0;NA;43882;1;2020-08-04;-44998
2020-08-03;"Trnavský kraj";2;0;0;0;NA;43882;2;2020-08-03;-44999
2020-08-02;"Trnavský kraj";1;0;0;0;NA;43882;1;2020-08-02;-45001
2020-08-01;"Trnavský kraj";0;0;0;0;NA;43882;0;2020-08-01;-45002
2020-07-31;"Trnavský kraj";7;0;0;0;NA;43882;7;2020-07-31;-45002
2020-07-30;"Trnavský kraj";6;0;0;0;NA;43882;6;2020-07-30;-45009
2020-07-29;"Trnavský kraj";0;0;0;0;NA;43882;0;2020-07-29;-45015
2020-07-28;"Trnavský kraj";1;0;0;0;NA;43882;1;2020-07-28;-45015
2020-07-27;"Trnavský kraj";2;0;0;0;NA;43882;2;2020-07-27;-45016
2020-07-26;"Trnavský kraj";0;0;0;0;NA;43882;0;2020-07-26;-45018
2020-07-25;"Trnavský kraj";0;0;0;0;NA;43882;0;2020-07-25;-45018
2020-07-24;"Trnavský kraj";1;0;0;0;NA;43882;1;2020-07-24;-45018
2020-07-23;"Trnavský kraj";2;0;0;0;NA;43882;2;2020-07-23;-45019
2020-07-22;"Trnavský kraj";1;0;0;0;NA;43882;1;2020-07-22;-45021
2020-07-21;"Trnavský kraj";2;0;0;0;NA;43882;2;2020-07-21;-45022
2020-07-20;"Trnavský kraj";0;0;0;0;NA;43882;0;2020-07-20;-45024
2020-07-19;"Trnavský kraj";0;0;0;0;NA;43882;0;2020-07-19;-45024
2020-07-18;"Trnavský kraj";0;0;0;0;NA;43882;0;2020-07-18;-45024
2020-07-17;"Trnavský kraj";0;0;0;0;NA;43882;0;2020-07-17;-45024
2020-07-16;"Trnavský kraj";0;0;0;0;NA;43882;0;2020-07-16;-45024
2020-07-15;"Trnavský kraj";1;0;0;0;NA;43882;1;2020-07-15;-45024
2020-07-14;"Trnavský kraj";0;0;0;0;NA;43882;0;2020-07-14;-45025
2020-07-13;"Trnavský kraj";0;0;0;0;NA;43882;0;2020-07-13;-45025
2020-07-12;"Trnavský kraj";0;0;0;0;NA;43882;0;2020-07-12;-45025
2020-07-11;"Trnavský kraj";0;0;0;0;NA;43882;0;2020-07-11;-45025
2020-07-10;"Trnavský kraj";0;0;0;0;NA;43882;0;2020-07-10;-45025
2020-07-09;"Trnavský kraj";0;0;0;0;NA;43882;0;2020-07-09;-45025
2020-07-08;"Trnavský kraj";3;0;0;0;NA;43882;3;2020-07-08;-45025
2020-07-07;"Trnavský kraj";4;0;0;0;NA;43882;4;2020-07-07;-45028
2020-07-06;"Trnavský kraj";0;0;0;0;NA;43882;0;2020-07-06;-45032
2020-07-05;"Trnavský kraj";0;0;0;0;NA;43882;0;2020-07-05;-45032
2020-07-04;"Trnavský kraj";0;0;0;0;NA;43882;0;2020-07-04;-45032
2020-07-03;"Trnavský kraj";0;0;0;0;NA;43882;0;2020-07-03;-45032
2020-07-02;"Trnavský kraj";3;0;0;0;NA;43882;3;2020-07-02;-45032
2020-07-01;"Trnavský kraj";0;0;0;0;NA;43882;0;2020-07-01;-45035
2020-06-30;"Trnavský kraj";0;0;0;0;NA;43882;0;2020-06-30;-45035
2020-06-29;"Trnavský kraj";0;0;0;0;NA;43882;0;2020-06-29;-45035
2020-06-28;"Trnavský kraj";0;0;0;0;NA;43882;0;2020-06-28;-45035
2020-06-27;"Trnavský kraj";0;0;0;0;NA;43882;0;2020-06-27;-45035
2020-06-26;"Trnavský kraj";0;0;0;0;NA;43882;0;2020-06-26;-45035
2020-06-25;"Trnavský kraj";0;0;0;0;NA;43882;0;2020-06-25;-45035
2020-06-24;"Trnavský kraj";0;0;0;0;NA;43882;0;2020-06-24;-45035
2020-06-23;"Trnavský kraj";0;0;0;0;NA;43882;0;2020-06-23;-45035
2020-06-22;"Trnavský kraj";0;0;0;0;NA;43882;0;2020-06-22;-45035
2020-06-21;"Trnavský kraj";0;0;0;0;NA;43882;0;2020-06-21;-45035
2020-06-20;"Trnavský kraj";0;0;0;0;NA;43882;0;2020-06-20;-45035
2020-06-19;"Trnavský kraj";0;0;0;0;NA;43882;0;2020-06-19;-45035
2020-06-18;"Trnavský kraj";2;0;0;0;NA;43882;2;2020-06-18;-45035
2020-06-17;"Trnavský kraj";0;0;0;0;NA;43882;0;2020-06-17;-45037
2020-06-16;"Trnavský kraj";0;0;0;0;NA;43882;0;2020-06-16;-45037
2020-06-14;"Trnavský kraj";0;0;0;0;NA;43882;0;2020-06-14;-45037
2020-06-13;"Trnavský kraj";0;0;0;0;NA;43882;0;2020-06-13;-45037
2020-06-12;"Trnavský kraj";0;0;0;0;NA;43882;0;2020-06-12;-45037
2020-06-11;"Trnavský kraj";0;0;0;0;NA;43882;0;2020-06-11;-45037
2020-06-10;"Trnavský kraj";0;0;0;0;NA;43882;0;2020-06-10;-45037
2020-06-09;"Trnavský kraj";0;0;0;0;NA;43882;0;2020-06-09;-45037
2020-06-08;"Trnavský kraj";0;0;0;0;NA;43882;0;2020-06-08;-45037
2020-06-07;"Trnavský kraj";0;0;0;0;NA;43882;0;2020-06-07;-45037
2020-06-05;"Trnavský kraj";0;0;0;0;NA;43882;0;2020-06-05;-45037
2020-06-03;"Trnavský kraj";0;0;0;0;NA;43882;0;2020-06-03;-45037
2020-06-02;"Trnavský kraj";0;0;0;0;NA;43882;0;2020-06-02;-45037
2020-05-31;"Trnavský kraj";0;0;0;0;NA;43882;0;2020-05-31;-45037
2020-05-29;"Trnavský kraj";0;0;0;0;NA;43882;0;2020-05-29;-45037
2020-05-27;"Trnavský kraj";0;0;0;0;NA;43882;0;2020-05-27;-45037
2020-05-26;"Trnavský kraj";0;0;0;0;NA;43882;0;2020-05-26;-45037
2020-05-25;"Trnavský kraj";1;0;0;0;NA;43882;1;2020-05-25;-45037
2020-05-24;"Trnavský kraj";0;0;0;0;NA;43882;0;2020-05-24;-45038
2020-05-23;"Trnavský kraj";2;0;0;0;NA;43882;2;2020-05-23;-45038
2020-05-22;"Trnavský kraj";0;0;0;0;NA;43882;0;2020-05-22;-45040
2020-05-21;"Trnavský kraj";0;0;0;0;NA;43882;0;2020-05-21;-45040
2020-05-20;"Trnavský kraj";2;0;0;0;NA;43882;2;2020-05-20;-45040
2020-05-19;"Trnavský kraj";0;0;0;0;NA;43882;0;2020-05-19;-45042
2020-05-17;"Trnavský kraj";0;0;0;0;NA;43882;0;2020-05-17;-45042
2020-05-16;"Trnavský kraj";0;0;0;0;NA;43882;0;2020-05-16;-45042
2020-05-15;"Trnavský kraj";1;0;0;0;NA;43882;1;2020-05-15;-45042
2020-05-14;"Trnavský kraj";0;0;0;0;NA;43882;0;2020-05-14;-45043
2020-05-13;"Trnavský kraj";0;0;0;0;NA;43882;0;2020-05-13;-45043
2020-05-12;"Trnavský kraj";0;0;0;0;NA;43882;0;2020-05-12;-45043
2020-05-11;"Trnavský kraj";2;0;0;0;NA;43882;2;2020-05-11;-45043
2020-05-09;"Trnavský kraj";0;0;0;0;NA;43882;0;2020-05-09;-45045
2020-05-07;"Trnavský kraj";0;0;0;0;NA;43882;0;2020-05-07;-45045
2020-05-06;"Trnavský kraj";0;0;0;0;NA;43882;0;2020-05-06;-45045
2020-05-05;"Trnavský kraj";0;0;0;0;NA;43882;0;2020-05-05;-45045
2020-05-04;"Trnavský kraj";0;0;0;0;NA;43882;0;2020-05-04;-45045
2020-05-03;"Trnavský kraj";0;0;0;0;NA;43882;0;2020-05-03;-45045
2020-05-02;"Trnavský kraj";0;0;0;0;NA;43882;0;2020-05-02;-45045
2020-05-01;"Trnavský kraj";0;0;0;0;NA;43882;0;2020-05-01;-45045
2020-04-30;"Trnavský kraj";0;0;0;0;NA;43882;0;2020-04-30;-45045
2020-04-29;"Trnavský kraj";0;0;0;0;NA;43882;0;2020-04-29;-45045
2020-04-28;"Trnavský kraj";1;0;0;0;NA;43882;1;2020-04-28;-45045
2020-04-27;"Trnavský kraj";0;0;0;0;NA;43882;0;2020-04-27;-45046
2020-04-26;"Trnavský kraj";0;0;0;0;NA;43882;0;2020-04-26;-45046
2020-04-25;"Trnavský kraj";2;0;0;0;NA;43882;2;2020-04-25;-45046
2020-04-24;"Trnavský kraj";4;0;0;0;NA;43882;4;2020-04-24;-45048
2020-04-23;"Trnavský kraj";5;0;0;0;NA;43882;5;2020-04-23;-45052
2020-04-22;"Trnavský kraj";10;0;0;0;NA;43882;10;2020-04-22;-45057
2020-04-21;"Trnavský kraj";5;0;0;0;NA;43882;5;2020-04-21;-45067
2020-04-20;"Trnavský kraj";0;0;0;0;NA;43882;0;2020-04-20;-45072
2020-04-19;"Trnavský kraj";1;0;0;0;NA;43882;1;2020-04-19;-45072
2020-04-18;"Trnavský kraj";4;0;0;0;NA;43882;4;2020-04-18;-45073
2020-04-17;"Trnavský kraj";7;0;0;0;NA;43882;7;2020-04-17;-45077
2020-04-16;"Trnavský kraj";5;0;0;0;NA;43882;5;2020-04-16;-45084
2020-04-15;"Trnavský kraj";5;0;0;0;NA;43882;5;2020-04-15;-45089
2020-04-14;"Trnavský kraj";1;0;0;0;NA;43882;1;2020-04-14;-45094
2020-04-13;"Trnavský kraj";0;0;0;0;NA;43882;0;2020-04-13;-45095
2020-04-12;"Trnavský kraj";0;0;0;0;NA;43882;0;2020-04-12;-45095
2020-04-11;"Trnavský kraj";0;0;0;0;NA;43882;0;2020-04-11;-45095
2020-04-10;"Trnavský kraj";2;0;0;0;NA;43882;2;2020-04-10;-45095
2020-04-09;"Trnavský kraj";3;0;0;0;NA;43882;3;2020-04-09;-45097
2020-04-08;"Trnavský kraj";4;0;0;0;NA;43882;4;2020-04-08;-45100
2020-04-07;"Trnavský kraj";6;0;0;0;NA;43882;6;2020-04-07;-45104
2020-04-06;"Trnavský kraj";6;0;0;0;NA;43882;6;2020-04-06;-45110
2020-04-05;"Trnavský kraj";1;0;0;0;NA;43882;1;2020-04-05;-45116
2020-04-04;"Trnavský kraj";1;0;0;0;NA;43882;1;2020-04-04;-45117
2020-04-03;"Trnavský kraj";3;0;0;0;NA;43882;3;2020-04-03;-45118
2020-04-02;"Trnavský kraj";4;0;0;0;NA;43882;4;2020-04-02;-45121
2020-04-01;"Trnavský kraj";0;0;0;0;NA;43882;0;2020-04-01;-45125
2020-03-31;"Trnavský kraj";3;0;0;0;NA;43882;3;2020-03-31;-45125
2020-03-30;"Trnavský kraj";4;0;0;0;NA;43882;4;2020-03-30;-45128
2020-03-29;"Trnavský kraj";1;0;0;0;NA;43882;1;2020-03-29;-45132
2020-03-28;"Trnavský kraj";3;0;0;0;NA;43882;3;2020-03-28;-45133
2020-03-27;"Trnavský kraj";5;0;0;0;NA;43882;5;2020-03-27;-45136
2020-03-26;"Trnavský kraj";5;0;0;0;NA;43882;5;2020-03-26;-45141
2020-03-25;"Trnavský kraj";1;0;0;0;NA;43882;1;2020-03-25;-45146
2020-03-24;"Trnavský kraj";0;0;0;0;NA;43882;0;2020-03-24;-45147
2020-03-23;"Trnavský kraj";2;0;0;0;NA;43882;2;2020-03-23;-45147
2020-03-22;"Trnavský kraj";1;0;0;0;NA;43882;1;2020-03-22;-45149
2020-03-21;"Trnavský kraj";5;0;0;0;NA;43882;5;2020-03-21;-45150
2020-03-20;"Trnavský kraj";0;0;0;0;NA;43882;0;2020-03-20;-45155
2020-03-19;"Trnavský kraj";0;0;0;0;NA;43882;0;2020-03-19;-45155
2020-03-18;"Trnavský kraj";0;0;0;0;NA;43882;0;2020-03-18;-45155
2020-03-17;"Trnavský kraj";3;0;0;0;NA;43882;3;2020-03-17;-45155
2020-03-16;"Trnavský kraj";1;0;0;0;NA;43882;1;2020-03-16;-45158
2020-03-15;"Trnavský kraj";0;0;0;0;NA;43882;0;2020-03-15;-45159
2020-03-14;"Trnavský kraj";0;0;0;0;NA;43882;0;2020-03-14;-45159
2020-03-13;"Trnavský kraj";1;0;0;0;NA;43882;1;2020-03-13;-45159
2020-03-12;"Trnavský kraj";1;0;0;0;NA;43882;1;2020-03-12;-45160
2020-03-11;"Trnavský kraj";0;0;0;0;NA;43882;0;2020-03-11;-45161
2020-03-09;"Trnavský kraj";0;0;0;0;NA;43882;0;2020-03-09;-45161
2020-03-08;"Trnavský kraj";0;0;0;0;NA;43882;0;2020-03-08;-45161
2020-03-07;"Trnavský kraj";0;0;0;0;NA;43882;0;2020-03-07;-45161
2020-03-06;"Trnavský kraj";0;0;0;0;NA;43882;0;2020-03-06;-45161
2021-05-08;"Žilinský kraj";0;20946;54;21000;NA;49200;54;2021-05-08;49200
2021-05-07;"Žilinský kraj";65;23642;72;23714;NA;49200;137;2021-05-07;49146
2021-05-06;"Žilinský kraj";67;16028;70;16098;NA;49200;137;2021-05-06;49009
2021-05-05;"Žilinský kraj";71;13022;73;13095;NA;49200;144;2021-05-05;48872
2021-05-04;"Žilinský kraj";81;16610;80;16690;NA;49200;161;2021-05-04;48728
2021-05-03;"Žilinský kraj";97;20275;109;20384;NA;49200;206;2021-05-03;48567
2021-05-02;"Žilinský kraj";8;28649;66;28715;NA;49200;74;2021-05-02;48361
2021-05-01;"Žilinský kraj";65;54345;101;54446;NA;49200;166;2021-05-01;48287
2021-04-30;"Žilinský kraj";84;43720;117;43837;NA;49200;201;2021-04-30;48121
2021-04-29;"Žilinský kraj";77;24578;101;24679;NA;49200;178;2021-04-29;47920
2021-04-28;"Žilinský kraj";76;19205;91;19296;NA;49200;167;2021-04-28;47742
2021-04-27;"Žilinský kraj";97;21812;110;21922;NA;49200;207;2021-04-27;47575
2021-04-26;"Žilinský kraj";114;27433;136;27569;NA;49200;250;2021-04-26;47368
2021-04-25;"Žilinský kraj";38;35209;82;35291;NA;49200;120;2021-04-25;47118
2021-04-24;"Žilinský kraj";93;79083;157;79240;NA;49200;250;2021-04-24;46998
2021-04-23;"Žilinský kraj";144;49437;154;49591;NA;49200;298;2021-04-23;46748
2021-04-22;"Žilinský kraj";110;24989;131;25120;NA;49200;241;2021-04-22;46450
2021-04-21;"Žilinský kraj";118;20576;145;20721;NA;49200;263;2021-04-21;46209
2021-04-20;"Žilinský kraj";128;23735;136;23871;NA;49200;264;2021-04-20;45946
2021-04-19;"Žilinský kraj";164;32727;210;32937;NA;49200;374;2021-04-19;45682
2021-04-18;"Žilinský kraj";18;36809;91;36900;NA;49200;109;2021-04-18;45308
2021-04-17;"Žilinský kraj";108;89316;156;89472;NA;49200;264;2021-04-17;45199
2021-04-16;"Žilinský kraj";185;46805;207;47012;NA;49200;392;2021-04-16;44935
2021-04-15;"Žilinský kraj";108;24749;130;24879;NA;49200;238;2021-04-15;44543
2021-04-14;"Žilinský kraj";135;23513;146;23659;NA;49200;281;2021-04-14;44305
2021-04-13;"Žilinský kraj";171;24624;134;24758;NA;49200;305;2021-04-13;44024
2021-04-12;"Žilinský kraj";266;30711;189;30900;NA;49200;455;2021-04-12;43719
2021-04-11;"Žilinský kraj";19;37044;107;37151;NA;49200;126;2021-04-11;43264
2021-04-10;"Žilinský kraj";111;86347;237;86584;NA;49200;348;2021-04-10;43138
2021-04-09;"Žilinský kraj";195;41804;205;42009;NA;49200;400;2021-04-09;42790
2021-04-08;"Žilinský kraj";179;24363;141;24504;NA;49200;320;2021-04-08;42390
2021-04-07;"Žilinský kraj";309;28515;174;28689;NA;49200;483;2021-04-07;42070
2021-04-06;"Žilinský kraj";308;38685;292;38977;NA;49200;600;2021-04-06;41587
2021-04-05;"Žilinský kraj";17;14747;140;14887;NA;49200;157;2021-04-05;40987
2021-04-04;"Žilinský kraj";17;16284;69;16353;NA;49200;86;2021-04-04;40830
2021-04-03;"Žilinský kraj";180;100258;396;100654;NA;49200;576;2021-04-03;40744
2021-04-02;"Žilinský kraj";73;22278;83;22361;NA;49200;156;2021-04-02;40168
2021-04-01;"Žilinský kraj";334;43178;240;43418;NA;49200;574;2021-04-01;40012
2021-03-31;"Žilinský kraj";170;31632;247;31879;NA;49200;417;2021-03-31;39438
2021-03-30;"Žilinský kraj";406;26323;243;26566;NA;49200;649;2021-03-30;39021
2021-03-29;"Žilinský kraj";297;28022;268;28290;NA;49200;565;2021-03-29;38372
2021-03-28;"Žilinský kraj";21;36206;239;36445;NA;49200;260;2021-03-28;37807
2021-03-27;"Žilinský kraj";151;89102;353;89455;NA;49200;504;2021-03-27;37547
2021-03-26;"Žilinský kraj";312;52263;333;52596;NA;49200;645;2021-03-26;37043
2021-03-25;"Žilinský kraj";281;27620;214;27834;NA;49200;495;2021-03-25;36398
2021-03-24;"Žilinský kraj";280;21268;260;21528;NA;49200;540;2021-03-24;35903
2021-03-23;"Žilinský kraj";418;23176;278;23454;NA;49200;696;2021-03-23;35363
2021-03-22;"Žilinský kraj";293;29289;314;29603;NA;49200;607;2021-03-22;34667
2021-03-21;"Žilinský kraj";32;33705;227;33932;NA;49200;259;2021-03-21;34060
2021-03-20;"Žilinský kraj";165;93015;497;93512;NA;49200;662;2021-03-20;33801
2021-03-19;"Žilinský kraj";357;51763;413;52176;NA;49200;770;2021-03-19;33139
2021-03-18;"Žilinský kraj";329;28451;294;28745;NA;49200;623;2021-03-18;32369
2021-03-17;"Žilinský kraj";395;21916;269;22185;NA;49200;664;2021-03-17;31746
2021-03-16;"Žilinský kraj";514;24341;317;24658;NA;49200;831;2021-03-16;31082
2021-03-15;"Žilinský kraj";341;29607;419;30026;NA;49200;760;2021-03-15;30251
2021-03-14;"Žilinský kraj";87;34121;267;34388;NA;49200;354;2021-03-14;29491
2021-03-13;"Žilinský kraj";113;93756;584;94340;NA;49200;697;2021-03-13;29137
2021-03-12;"Žilinský kraj";520;52109;411;52520;NA;49200;931;2021-03-12;28440
2021-03-11;"Žilinský kraj";399;28189;302;28491;NA;49200;701;2021-03-11;27509
2021-03-10;"Žilinský kraj";368;22414;378;22792;NA;49200;746;2021-03-10;26808
2021-03-09;"Žilinský kraj";537;24857;316;25173;NA;49200;853;2021-03-09;26062
2021-03-08;"Žilinský kraj";387;30839;458;31297;NA;49200;845;2021-03-08;25209
2021-03-07;"Žilinský kraj";48;33469;290;33759;NA;49200;338;2021-03-07;24364
2021-03-06;"Žilinský kraj";173;92410;589;92999;NA;49200;762;2021-03-06;24026
2021-03-05;"Žilinský kraj";369;51748;483;52231;NA;49200;852;2021-03-05;23264
2021-03-04;"Žilinský kraj";467;30036;377;30413;NA;49200;844;2021-03-04;22412
2021-03-03;"Žilinský kraj";448;26261;394;26655;NA;49200;842;2021-03-03;21568
2021-03-02;"Žilinský kraj";551;25669;378;26047;NA;49200;929;2021-03-02;20726
2021-03-01;"Žilinský kraj";375;30493;441;30934;NA;49200;816;2021-03-01;19797
2021-02-28;"Žilinský kraj";61;34802;327;35129;NA;49200;388;2021-02-28;18981
2021-02-27;"Žilinský kraj";159;83781;639;84420;NA;49200;798;2021-02-27;18593
2021-02-26;"Žilinský kraj";459;47494;508;48002;NA;49200;967;2021-02-26;17795
2021-02-25;"Žilinský kraj";347;30879;393;31272;NA;49200;740;2021-02-25;16828
2021-02-24;"Žilinský kraj";339;18745;395;19140;NA;49200;734;2021-02-24;16088
2021-02-23;"Žilinský kraj";437;22418;418;22836;NA;49200;855;2021-02-23;15354
2021-02-22;"Žilinský kraj";345;29268;438;29706;NA;49200;783;2021-02-22;14499
2021-02-21;"Žilinský kraj";36;28686;322;29008;NA;49200;358;2021-02-21;13716
2021-02-20;"Žilinský kraj";152;88723;667;89390;NA;49200;819;2021-02-20;13358
2021-02-19;"Žilinský kraj";337;44806;415;45221;NA;49200;752;2021-02-19;12539
2021-02-18;"Žilinský kraj";263;24679;339;25018;NA;49200;602;2021-02-18;11787
2021-02-17;"Žilinský kraj";269;17932;355;18287;NA;49200;624;2021-02-17;11185
2021-02-16;"Žilinský kraj";321;24298;325;24623;NA;49200;646;2021-02-16;10561
2021-02-15;"Žilinský kraj";230;30420;311;30731;NA;49200;541;2021-02-15;9915
2021-02-14;"Žilinský kraj";30;28574;231;28805;NA;49200;261;2021-02-14;9374
2021-02-13;"Žilinský kraj";91;69659;454;70113;NA;49200;545;2021-02-13;9113
2021-02-12;"Žilinský kraj";242;42686;335;43021;NA;49200;577;2021-02-12;8568
2021-02-11;"Žilinský kraj";228;23521;300;23821;NA;49200;528;2021-02-11;7991
2021-02-10;"Žilinský kraj";259;17438;261;17699;NA;49200;520;2021-02-10;7463
2021-02-09;"Žilinský kraj";377;24784;274;25058;NA;49200;651;2021-02-09;6943
2021-02-08;"Žilinský kraj";160;41375;390;41765;NA;49200;550;2021-02-08;6292
2021-02-07;"Žilinský kraj";24;46446;252;46698;NA;49200;276;2021-02-07;5742
2021-02-06;"Žilinský kraj";71;72880;367;73247;NA;49200;438;2021-02-06;5466
2021-02-05;"Žilinský kraj";248;31868;323;32191;NA;49200;571;2021-02-05;5028
2021-02-04;"Žilinský kraj";238;13242;258;13500;NA;49200;496;2021-02-04;4457
2021-02-03;"Žilinský kraj";194;9187;255;9442;NA;49200;449;2021-02-03;3961
2021-02-02;"Žilinský kraj";216;9280;272;9552;NA;49200;488;2021-02-02;3512
2021-02-01;"Žilinský kraj";220;19688;370;20058;NA;49200;590;2021-02-01;3024
2021-01-31;"Žilinský kraj";11;2652;27;2679;NA;49200;38;2021-01-31;2434
2021-01-30;"Žilinský kraj";85;18447;187;18634;NA;49200;272;2021-01-30;2396
2021-01-29;"Žilinský kraj";209;22892;304;23196;NA;49200;513;2021-01-29;2124
2021-01-28;"Žilinský kraj";240;5623;174;5797;NA;49200;414;2021-01-28;1611
2021-01-27;"Žilinský kraj";256;7065;121;7186;NA;49200;377;2021-01-27;1197
2021-01-26;"Žilinský kraj";245;49639;346;49985;NA;49200;591;2021-01-26;820
2021-01-25;"Žilinský kraj";159;21143;150;21293;NA;49200;309;2021-01-25;229
2021-01-24;"Žilinský kraj";22;67309;305;67614;NA;49200;327;2021-01-24;-80
2021-01-23;"Žilinský kraj";91;91232;408;91640;NA;49200;499;2021-01-23;-407
2021-01-22;"Žilinský kraj";163;31997;239;32236;NA;49200;402;2021-01-22;-906
2021-01-21;"Žilinský kraj";116;19874;181;20055;NA;49200;297;2021-01-21;-1308
2021-01-20;"Žilinský kraj";236;17501;168;17669;NA;49200;404;2021-01-20;-1605
2021-01-19;"Žilinský kraj";245;15578;283;15861;NA;49200;528;2021-01-19;-2009
2021-01-18;"Žilinský kraj";236;12506;327;12833;NA;49200;563;2021-01-18;-2537
2021-01-17;"Žilinský kraj";95;147;8;155;NA;49200;103;2021-01-17;-3100
2021-01-16;"Žilinský kraj";14;758;35;793;NA;49200;49;2021-01-16;-3203
2021-01-15;"Žilinský kraj";248;7244;205;7449;NA;49200;453;2021-01-15;-3252
2021-01-14;"Žilinský kraj";166;5572;248;5820;NA;49200;414;2021-01-14;-3705
2021-01-13;"Žilinský kraj";247;11316;555;11871;NA;49200;802;2021-01-13;-4119
2021-01-12;"Žilinský kraj";376;8754;413;9167;NA;49200;789;2021-01-12;-4921
2021-01-11;"Žilinský kraj";351;10385;513;10898;NA;49200;864;2021-01-11;-5710
2021-01-10;"Žilinský kraj";38;229;6;235;NA;49200;44;2021-01-10;-6574
2021-01-09;"Žilinský kraj";192;1983;85;2068;NA;49200;277;2021-01-09;-6618
2021-01-08;"Žilinský kraj";413;9245;497;9742;NA;49200;910;2021-01-08;-6895
2021-01-07;"Žilinský kraj";438;23485;1881;25366;NA;49200;2319;2021-01-07;-7805
2021-01-06;"Žilinský kraj";145;1412;96;1508;NA;49200;241;2021-01-06;-10124
2021-01-05;"Žilinský kraj";717;10702;845;11547;NA;49200;1562;2021-01-05;-10365
2021-01-04;"Žilinský kraj";479;9739;1012;10751;NA;49200;1491;2021-01-04;-11927
2021-01-03;"Žilinský kraj";13;1006;107;1113;NA;49200;120;2021-01-03;-13418
2021-01-02;"Žilinský kraj";98;789;91;880;NA;49200;189;2021-01-02;-13538
2021-01-01;"Žilinský kraj";118;615;37;652;NA;49200;155;2021-01-01;-13727
2020-12-31;"Žilinský kraj";395;10008;809;10817;NA;49200;1204;2020-12-31;-13882
2020-12-30;"Žilinský kraj";1038;12030;849;12879;NA;49200;1887;2020-12-30;-15086
2020-12-29;"Žilinský kraj";256;10584;1041;11625;NA;49200;1297;2020-12-29;-16973
2020-12-28;"Žilinský kraj";406;11177;1048;12225;NA;49200;1454;2020-12-28;-18270
2020-12-27;"Žilinský kraj";40;684;94;778;NA;49200;134;2020-12-27;-19724
2020-12-26;"Žilinský kraj";135;593;48;641;NA;49200;183;2020-12-26;-19858
2020-12-25;"Žilinský kraj";66;83;9;92;NA;49200;75;2020-12-25;-20041
2020-12-24;"Žilinský kraj";643;1060;80;1140;NA;49200;723;2020-12-24;-20116
2020-12-23;"Žilinský kraj";228;17281;1031;18312;NA;49200;1259;2020-12-23;-20839
2020-12-22;"Žilinský kraj";519;13746;1031;14777;NA;49200;1550;2020-12-22;-22098
2020-12-21;"Žilinský kraj";444;12608;1096;13704;NA;49200;1540;2020-12-21;-23648
2020-12-20;"Žilinský kraj";36;598;80;678;NA;49200;116;2020-12-20;-25188
2020-12-19;"Žilinský kraj";208;2076;145;2221;NA;49200;353;2020-12-19;-25304
2020-12-18;"Žilinský kraj";333;6925;400;7325;NA;49200;733;2020-12-18;-25657
2020-12-17;"Žilinský kraj";500;4243;279;4522;NA;49200;779;2020-12-17;-26390
2020-12-16;"Žilinský kraj";333;3999;280;4279;NA;49200;613;2020-12-16;-27169
2020-12-15;"Žilinský kraj";528;4139;378;4517;NA;49200;906;2020-12-15;-27782
2020-12-14;"Žilinský kraj";321;4300;355;4655;NA;49200;676;2020-12-14;-28688
2020-12-13;"Žilinský kraj";26;494;66;560;NA;49200;92;2020-12-13;-29364
2020-12-12;"Žilinský kraj";95;1116;61;1177;NA;49200;156;2020-12-12;-29456
2020-12-11;"Žilinský kraj";455;4507;269;4776;NA;49200;724;2020-12-11;-29612
2020-12-10;"Žilinský kraj";166;9341;838;10179;NA;49200;1004;2020-12-10;-30336
2020-12-09;"Žilinský kraj";392;2200;131;2331;NA;49200;523;2020-12-09;-31340
2020-12-08;"Žilinský kraj";331;3248;123;3371;NA;49200;454;2020-12-08;-31863
2020-12-07;"Žilinský kraj";348;2254;127;2381;NA;49200;475;2020-12-07;-32317
2020-12-06;"Žilinský kraj";15;128;6;134;NA;49200;21;2020-12-06;-32792
2020-12-05;"Žilinský kraj";98;1500;53;1553;NA;49200;151;2020-12-05;-32813
2020-12-04;"Žilinský kraj";228;2891;122;3013;NA;49200;350;2020-12-04;-32964
2020-12-03;"Žilinský kraj";237;1424;117;1541;NA;49200;354;2020-12-03;-33314
2020-12-02;"Žilinský kraj";181;1396;69;1465;NA;49200;250;2020-12-02;-33668
2020-12-01;"Žilinský kraj";209;6239;284;6523;NA;49200;493;2020-12-01;-33918
2020-11-30;"Žilinský kraj";203;5326;305;5631;NA;49200;508;2020-11-30;-34411
2020-11-29;"Žilinský kraj";18;81;7;88;NA;49200;25;2020-11-29;-34919
2020-11-28;"Žilinský kraj";99;349;15;364;NA;49200;114;2020-11-28;-34944
2020-11-27;"Žilinský kraj";218;914;46;960;NA;49200;264;2020-11-27;-35058
2020-11-26;"Žilinský kraj";190;1105;57;1162;NA;49200;247;2020-11-26;-35322
2020-11-25;"Žilinský kraj";225;1217;49;1266;NA;49200;274;2020-11-25;-35569
2020-11-24;"Žilinský kraj";213;2139;67;2206;NA;49200;280;2020-11-24;-35843
2020-11-23;"Žilinský kraj";170;759;44;803;NA;49200;214;2020-11-23;-36123
2020-11-22;"Žilinský kraj";11;67;2;69;NA;49200;13;2020-11-22;-36337
2020-11-21;"Žilinský kraj";61;505;20;525;NA;49200;81;2020-11-21;-36350
2020-11-20;"Žilinský kraj";251;1074;45;1119;NA;49200;296;2020-11-20;-36431
2020-11-19;"Žilinský kraj";252;752;61;813;NA;49200;313;2020-11-19;-36727
2020-11-18;"Žilinský kraj";346;348;15;363;NA;49200;361;2020-11-18;-37040
2020-11-17;"Žilinský kraj";123;490;15;505;NA;49200;138;2020-11-17;-37401
2020-11-16;"Žilinský kraj";227;247;15;262;NA;49200;242;2020-11-16;-37539
2020-11-15;"Žilinský kraj";63;13;0;13;NA;49200;63;2020-11-15;-37781
2020-11-14;"Žilinský kraj";189;1038;11;1049;NA;49200;200;2020-11-14;-37844
2020-11-13;"Žilinský kraj";181;125;9;134;NA;49200;190;2020-11-13;-38044
2020-11-12;"Žilinský kraj";334;79;2;81;NA;49200;336;2020-11-12;-38234
2020-11-11;"Žilinský kraj";489;147;10;157;NA;49200;499;2020-11-11;-38570
2020-11-10;"Žilinský kraj";374;519;9;528;NA;49200;383;2020-11-10;-39069
2020-11-09;"Žilinský kraj";143;2335;30;2365;NA;49200;173;2020-11-09;-39452
2020-11-08;"Žilinský kraj";59;2538;37;2575;NA;49200;96;2020-11-08;-39625
2020-11-07;"Žilinský kraj";312;8175;88;8263;NA;49200;400;2020-11-07;-39721
2020-11-06;"Žilinský kraj";503;4090;38;4128;NA;49200;541;2020-11-06;-40121
2020-11-05;"Žilinský kraj";473;64;4;68;NA;49200;477;2020-11-05;-40662
2020-11-04;"Žilinský kraj";423;178;10;188;NA;49200;433;2020-11-04;-41139
2020-11-03;"Žilinský kraj";688;889;16;905;NA;49200;704;2020-11-03;-41572
2020-11-02;"Žilinský kraj";472;1043;39;1082;NA;49200;511;2020-11-02;-42276
2020-11-01;"Žilinský kraj";349;5096;130;5226;NA;49200;479;2020-11-01;-42787
2020-10-31;"Žilinský kraj";661;7963;203;8166;NA;49200;864;2020-10-31;-43266
2020-10-30;"Žilinský kraj";529;2575;61;2636;NA;49200;590;2020-10-30;-44130
2020-10-29;"Žilinský kraj";740;503;17;520;NA;49200;757;2020-10-29;-44720
2020-10-28;"Žilinský kraj";635;105;11;116;NA;49200;646;2020-10-28;-45477
2020-10-27;"Žilinský kraj";355;154;24;178;NA;49200;379;2020-10-27;-46123
2020-10-26;"Žilinský kraj";148;117;28;145;NA;49200;176;2020-10-26;-46502
2020-10-25;"Žilinský kraj";436;0;0;0;NA;49200;436;2020-10-25;-46678
2020-10-24;"Žilinský kraj";803;0;0;0;NA;49200;803;2020-10-24;-47114
2020-10-23;"Žilinský kraj";659;102;13;115;NA;49200;672;2020-10-23;-47917
2020-10-22;"Žilinský kraj";525;33;3;36;NA;49200;528;2020-10-22;-48589
2020-10-21;"Žilinský kraj";478;74;14;88;NA;49200;492;2020-10-21;-49117
2020-10-20;"Žilinský kraj";524;127;8;135;NA;49200;532;2020-10-20;-49609
2020-10-19;"Žilinský kraj";70;80;12;92;NA;49200;82;2020-10-19;-50141
2020-10-18;"Žilinský kraj";159;0;0;0;NA;49200;159;2020-10-18;-50223
2020-10-17;"Žilinský kraj";509;0;0;0;NA;49200;509;2020-10-17;-50382
2020-10-16;"Žilinský kraj";603;51;9;60;NA;49200;612;2020-10-16;-50891
2020-10-15;"Žilinský kraj";679;61;3;64;NA;49200;682;2020-10-15;-51503
2020-10-14;"Žilinský kraj";523;269;6;275;NA;49200;529;2020-10-14;-52185
2020-10-13;"Žilinský kraj";367;458;40;498;NA;49200;407;2020-10-13;-52714
2020-10-12;"Žilinský kraj";62;0;0;0;NA;49200;62;2020-10-12;-53121
2020-10-11;"Žilinský kraj";50;0;0;0;NA;49200;50;2020-10-11;-53183
2020-10-10;"Žilinský kraj";213;0;0;0;NA;49200;213;2020-10-10;-53233
2020-10-09;"Žilinský kraj";543;0;0;0;NA;49200;543;2020-10-09;-53446
2020-10-08;"Žilinský kraj";238;0;0;0;NA;49200;238;2020-10-08;-53989
2020-10-07;"Žilinský kraj";168;0;0;0;NA;49200;168;2020-10-07;-54227
2020-10-06;"Žilinský kraj";233;0;0;0;NA;49200;233;2020-10-06;-54395
2020-10-05;"Žilinský kraj";33;0;0;0;NA;49200;33;2020-10-05;-54628
2020-10-04;"Žilinský kraj";35;0;0;0;NA;49200;35;2020-10-04;-54661
2020-10-03;"Žilinský kraj";155;0;0;0;NA;49200;155;2020-10-03;-54696
2020-10-02;"Žilinský kraj";105;0;0;0;NA;49200;105;2020-10-02;-54851
2020-10-01;"Žilinský kraj";147;0;0;0;NA;49200;147;2020-10-01;-54956
2020-09-30;"Žilinský kraj";163;0;0;0;NA;49200;163;2020-09-30;-55103
2020-09-29;"Žilinský kraj";105;0;0;0;NA;49200;105;2020-09-29;-55266
2020-09-28;"Žilinský kraj";34;0;0;0;NA;49200;34;2020-09-28;-55371
2020-09-27;"Žilinský kraj";108;0;0;0;NA;49200;108;2020-09-27;-55405
2020-09-26;"Žilinský kraj";96;0;0;0;NA;49200;96;2020-09-26;-55513
2020-09-25;"Žilinský kraj";69;0;0;0;NA;49200;69;2020-09-25;-55609
2020-09-24;"Žilinský kraj";100;0;0;0;NA;49200;100;2020-09-24;-55678
2020-09-23;"Žilinský kraj";65;0;0;0;NA;49200;65;2020-09-23;-55778
2020-09-22;"Žilinský kraj";65;0;0;0;NA;49200;65;2020-09-22;-55843
2020-09-21;"Žilinský kraj";47;0;0;0;NA;49200;47;2020-09-21;-55908
2020-09-20;"Žilinský kraj";4;0;0;0;NA;49200;4;2020-09-20;-55955
2020-09-19;"Žilinský kraj";6;0;0;0;NA;49200;6;2020-09-19;-55959
2020-09-18;"Žilinský kraj";82;0;0;0;NA;49200;82;2020-09-18;-55965
2020-09-17;"Žilinský kraj";30;0;0;0;NA;49200;30;2020-09-17;-56047
2020-09-16;"Žilinský kraj";34;0;0;0;NA;49200;34;2020-09-16;-56077
2020-09-15;"Žilinský kraj";12;0;0;0;NA;49200;12;2020-09-15;-56111
2020-09-14;"Žilinský kraj";39;0;0;0;NA;49200;39;2020-09-14;-56123
2020-09-13;"Žilinský kraj";6;0;0;0;NA;49200;6;2020-09-13;-56162
2020-09-12;"Žilinský kraj";4;0;0;0;NA;49200;4;2020-09-12;-56168
2020-09-11;"Žilinský kraj";31;0;0;0;NA;49200;31;2020-09-11;-56172
2020-09-10;"Žilinský kraj";31;0;0;0;NA;49200;31;2020-09-10;-56203
2020-09-09;"Žilinský kraj";23;0;0;0;NA;49200;23;2020-09-09;-56234
2020-09-08;"Žilinský kraj";25;0;0;0;NA;49200;25;2020-09-08;-56257
2020-09-07;"Žilinský kraj";11;0;0;0;NA;49200;11;2020-09-07;-56282
2020-09-06;"Žilinský kraj";0;0;0;0;NA;49200;0;2020-09-06;-56293
2020-09-05;"Žilinský kraj";2;0;0;0;NA;49200;2;2020-09-05;-56293
2020-09-04;"Žilinský kraj";33;0;0;0;NA;49200;33;2020-09-04;-56295
2020-09-03;"Žilinský kraj";18;0;0;0;NA;49200;18;2020-09-03;-56328
2020-09-02;"Žilinský kraj";16;0;0;0;NA;49200;16;2020-09-02;-56346
2020-09-01;"Žilinský kraj";4;0;0;0;NA;49200;4;2020-09-01;-56362
2020-08-31;"Žilinský kraj";5;0;0;0;NA;49200;5;2020-08-31;-56366
2020-08-30;"Žilinský kraj";3;0;0;0;NA;49200;3;2020-08-30;-56371
2020-08-29;"Žilinský kraj";5;0;0;0;NA;49200;5;2020-08-29;-56374
2020-08-28;"Žilinský kraj";13;0;0;0;NA;49200;13;2020-08-28;-56379
2020-08-27;"Žilinský kraj";18;0;0;0;NA;49200;18;2020-08-27;-56392
2020-08-26;"Žilinský kraj";8;0;0;0;NA;49200;8;2020-08-26;-56410
2020-08-25;"Žilinský kraj";2;0;0;0;NA;49200;2;2020-08-25;-56418
2020-08-24;"Žilinský kraj";5;0;0;0;NA;49200;5;2020-08-24;-56420
2020-08-23;"Žilinský kraj";0;0;0;0;NA;49200;0;2020-08-23;-56425
2020-08-22;"Žilinský kraj";0;0;0;0;NA;49200;0;2020-08-22;-56425
2020-08-21;"Žilinský kraj";10;0;0;0;NA;49200;10;2020-08-21;-56425
2020-08-20;"Žilinský kraj";13;0;0;0;NA;49200;13;2020-08-20;-56435
2020-08-19;"Žilinský kraj";7;0;0;0;NA;49200;7;2020-08-19;-56448
2020-08-18;"Žilinský kraj";9;0;0;0;NA;49200;9;2020-08-18;-56455
2020-08-17;"Žilinský kraj";1;0;0;0;NA;49200;1;2020-08-17;-56464
2020-08-16;"Žilinský kraj";0;0;0;0;NA;49200;0;2020-08-16;-56465
2020-08-15;"Žilinský kraj";0;0;0;0;NA;49200;0;2020-08-15;-56465
2020-08-14;"Žilinský kraj";4;0;0;0;NA;49200;4;2020-08-14;-56465
2020-08-13;"Žilinský kraj";2;0;0;0;NA;49200;2;2020-08-13;-56469
2020-08-12;"Žilinský kraj";0;0;0;0;NA;49200;0;2020-08-12;-56471
2020-08-11;"Žilinský kraj";4;0;0;0;NA;49200;4;2020-08-11;-56471
2020-08-10;"Žilinský kraj";1;0;0;0;NA;49200;1;2020-08-10;-56475
2020-08-09;"Žilinský kraj";0;0;0;0;NA;49200;0;2020-08-09;-56476
2020-08-08;"Žilinský kraj";3;0;0;0;NA;49200;3;2020-08-08;-56476
2020-08-07;"Žilinský kraj";8;0;0;0;NA;49200;8;2020-08-07;-56479
2020-08-06;"Žilinský kraj";1;0;0;0;NA;49200;1;2020-08-06;-56487
2020-08-05;"Žilinský kraj";1;0;0;0;NA;49200;1;2020-08-05;-56488
2020-08-04;"Žilinský kraj";2;0;0;0;NA;49200;2;2020-08-04;-56489
2020-08-03;"Žilinský kraj";0;0;0;0;NA;49200;0;2020-08-03;-56491
2020-08-02;"Žilinský kraj";1;0;0;0;NA;49200;1;2020-08-02;-56491
2020-08-01;"Žilinský kraj";0;0;0;0;NA;49200;0;2020-08-01;-56492
2020-07-31;"Žilinský kraj";4;0;0;0;NA;49200;4;2020-07-31;-56492
2020-07-30;"Žilinský kraj";2;0;0;0;NA;49200;2;2020-07-30;-56496
2020-07-29;"Žilinský kraj";2;0;0;0;NA;49200;2;2020-07-29;-56498
2020-07-28;"Žilinský kraj";4;0;0;0;NA;49200;4;2020-07-28;-56500
2020-07-27;"Žilinský kraj";6;0;0;0;NA;49200;6;2020-07-27;-56504
2020-07-26;"Žilinský kraj";0;0;0;0;NA;49200;0;2020-07-26;-56510
2020-07-25;"Žilinský kraj";0;0;0;0;NA;49200;0;2020-07-25;-56510
2020-07-24;"Žilinský kraj";2;0;0;0;NA;49200;2;2020-07-24;-56510
2020-07-23;"Žilinský kraj";0;0;0;0;NA;49200;0;2020-07-23;-56512
2020-07-22;"Žilinský kraj";1;0;0;0;NA;49200;1;2020-07-22;-56512
2020-07-21;"Žilinský kraj";2;0;0;0;NA;49200;2;2020-07-21;-56513
2020-07-20;"Žilinský kraj";3;0;0;0;NA;49200;3;2020-07-20;-56515
2020-07-19;"Žilinský kraj";0;0;0;0;NA;49200;0;2020-07-19;-56518
2020-07-18;"Žilinský kraj";0;0;0;0;NA;49200;0;2020-07-18;-56518
2020-07-17;"Žilinský kraj";2;0;0;0;NA;49200;2;2020-07-17;-56518
2020-07-16;"Žilinský kraj";2;0;0;0;NA;49200;2;2020-07-16;-56520
2020-07-15;"Žilinský kraj";2;0;0;0;NA;49200;2;2020-07-15;-56522
2020-07-14;"Žilinský kraj";1;0;0;0;NA;49200;1;2020-07-14;-56524
2020-07-13;"Žilinský kraj";0;0;0;0;NA;49200;0;2020-07-13;-56525
2020-07-12;"Žilinský kraj";0;0;0;0;NA;49200;0;2020-07-12;-56525
2020-07-11;"Žilinský kraj";2;0;0;0;NA;49200;2;2020-07-11;-56525
2020-07-10;"Žilinský kraj";3;0;0;0;NA;49200;3;2020-07-10;-56527
2020-07-09;"Žilinský kraj";2;0;0;0;NA;49200;2;2020-07-09;-56530
2020-07-08;"Žilinský kraj";10;0;0;0;NA;49200;10;2020-07-08;-56532
2020-07-07;"Žilinský kraj";7;0;0;0;NA;49200;7;2020-07-07;-56542
2020-07-06;"Žilinský kraj";0;0;0;0;NA;49200;0;2020-07-06;-56549
2020-07-05;"Žilinský kraj";0;0;0;0;NA;49200;0;2020-07-05;-56549
2020-07-04;"Žilinský kraj";10;0;0;0;NA;49200;10;2020-07-04;-56549
2020-07-03;"Žilinský kraj";18;0;0;0;NA;49200;18;2020-07-03;-56559
2020-07-02;"Žilinský kraj";7;0;0;0;NA;49200;7;2020-07-02;-56577
2020-07-01;"Žilinský kraj";0;0;0;0;NA;49200;0;2020-07-01;-56584
2020-06-30;"Žilinský kraj";4;0;0;0;NA;49200;4;2020-06-30;-56584
2020-06-29;"Žilinský kraj";0;0;0;0;NA;49200;0;2020-06-29;-56588
2020-06-28;"Žilinský kraj";1;0;0;0;NA;49200;1;2020-06-28;-56588
2020-06-27;"Žilinský kraj";3;0;0;0;NA;49200;3;2020-06-27;-56589
2020-06-26;"Žilinský kraj";5;0;0;0;NA;49200;5;2020-06-26;-56592
2020-06-25;"Žilinský kraj";7;0;0;0;NA;49200;7;2020-06-25;-56597
2020-06-24;"Žilinský kraj";11;0;0;0;NA;49200;11;2020-06-24;-56604
2020-06-23;"Žilinský kraj";9;0;0;0;NA;49200;9;2020-06-23;-56615
2020-06-22;"Žilinský kraj";0;0;0;0;NA;49200;0;2020-06-22;-56624
2020-06-21;"Žilinský kraj";1;0;0;0;NA;49200;1;2020-06-21;-56624
2020-06-20;"Žilinský kraj";1;0;0;0;NA;49200;1;2020-06-20;-56625
2020-06-19;"Žilinský kraj";4;0;0;0;NA;49200;4;2020-06-19;-56626
2020-06-18;"Žilinský kraj";1;0;0;0;NA;49200;1;2020-06-18;-56630
2020-06-17;"Žilinský kraj";0;0;0;0;NA;49200;0;2020-06-17;-56631
2020-06-16;"Žilinský kraj";1;0;0;0;NA;49200;1;2020-06-16;-56631
2020-06-14;"Žilinský kraj";0;0;0;0;NA;49200;0;2020-06-14;-56632
2020-06-13;"Žilinský kraj";0;0;0;0;NA;49200;0;2020-06-13;-56632
2020-06-12;"Žilinský kraj";0;0;0;0;NA;49200;0;2020-06-12;-56632
2020-06-11;"Žilinský kraj";0;0;0;0;NA;49200;0;2020-06-11;-56632
2020-06-10;"Žilinský kraj";0;0;0;0;NA;49200;0;2020-06-10;-56632
2020-06-09;"Žilinský kraj";1;0;0;0;NA;49200;1;2020-06-09;-56632
2020-06-08;"Žilinský kraj";0;0;0;0;NA;49200;0;2020-06-08;-56633
2020-06-07;"Žilinský kraj";0;0;0;0;NA;49200;0;2020-06-07;-56633
2020-06-05;"Žilinský kraj";0;0;0;0;NA;49200;0;2020-06-05;-56633
2020-06-03;"Žilinský kraj";0;0;0;0;NA;49200;0;2020-06-03;-56633
2020-06-02;"Žilinský kraj";0;0;0;0;NA;49200;0;2020-06-02;-56633
2020-05-31;"Žilinský kraj";0;0;0;0;NA;49200;0;2020-05-31;-56633
2020-05-29;"Žilinský kraj";0;0;0;0;NA;49200;0;2020-05-29;-56633
2020-05-27;"Žilinský kraj";1;0;0;0;NA;49200;1;2020-05-27;-56633
2020-05-26;"Žilinský kraj";1;0;0;0;NA;49200;1;2020-05-26;-56634
2020-05-25;"Žilinský kraj";0;0;0;0;NA;49200;0;2020-05-25;-56635
2020-05-24;"Žilinský kraj";0;0;0;0;NA;49200;0;2020-05-24;-56635
2020-05-23;"Žilinský kraj";0;0;0;0;NA;49200;0;2020-05-23;-56635
2020-05-22;"Žilinský kraj";0;0;0;0;NA;49200;0;2020-05-22;-56635
2020-05-21;"Žilinský kraj";0;0;0;0;NA;49200;0;2020-05-21;-56635
2020-05-20;"Žilinský kraj";0;0;0;0;NA;49200;0;2020-05-20;-56635
2020-05-19;"Žilinský kraj";1;0;0;0;NA;49200;1;2020-05-19;-56635
2020-05-17;"Žilinský kraj";0;0;0;0;NA;49200;0;2020-05-17;-56636
2020-05-16;"Žilinský kraj";0;0;0;0;NA;49200;0;2020-05-16;-56636
2020-05-15;"Žilinský kraj";0;0;0;0;NA;49200;0;2020-05-15;-56636
2020-05-14;"Žilinský kraj";0;0;0;0;NA;49200;0;2020-05-14;-56636
2020-05-13;"Žilinský kraj";0;0;0;0;NA;49200;0;2020-05-13;-56636
2020-05-12;"Žilinský kraj";0;0;0;0;NA;49200;0;2020-05-12;-56636
2020-05-11;"Žilinský kraj";0;0;0;0;NA;49200;0;2020-05-11;-56636
2020-05-09;"Žilinský kraj";0;0;0;0;NA;49200;0;2020-05-09;-56636
2020-05-07;"Žilinský kraj";0;0;0;0;NA;49200;0;2020-05-07;-56636
2020-05-06;"Žilinský kraj";2;0;0;0;NA;49200;2;2020-05-06;-56636
2020-05-05;"Žilinský kraj";3;0;0;0;NA;49200;3;2020-05-05;-56638
2020-05-04;"Žilinský kraj";3;0;0;0;NA;49200;3;2020-05-04;-56641
2020-05-03;"Žilinský kraj";1;0;0;0;NA;49200;1;2020-05-03;-56644
2020-05-02;"Žilinský kraj";0;0;0;0;NA;49200;0;2020-05-02;-56645
2020-05-01;"Žilinský kraj";1;0;0;0;NA;49200;1;2020-05-01;-56645
2020-04-30;"Žilinský kraj";0;0;0;0;NA;49200;0;2020-04-30;-56646
2020-04-29;"Žilinský kraj";0;0;0;0;NA;49200;0;2020-04-29;-56646
2020-04-28;"Žilinský kraj";0;0;0;0;NA;49200;0;2020-04-28;-56646
2020-04-27;"Žilinský kraj";0;0;0;0;NA;49200;0;2020-04-27;-56646
2020-04-26;"Žilinský kraj";0;0;0;0;NA;49200;0;2020-04-26;-56646
2020-04-25;"Žilinský kraj";2;0;0;0;NA;49200;2;2020-04-25;-56646
2020-04-24;"Žilinský kraj";1;0;0;0;NA;49200;1;2020-04-24;-56648
2020-04-23;"Žilinský kraj";2;0;0;0;NA;49200;2;2020-04-23;-56649
2020-04-22;"Žilinský kraj";9;0;0;0;NA;49200;9;2020-04-22;-56651
2020-04-21;"Žilinský kraj";1;0;0;0;NA;49200;1;2020-04-21;-56660
2020-04-20;"Žilinský kraj";4;0;0;0;NA;49200;4;2020-04-20;-56661
2020-04-19;"Žilinský kraj";0;0;0;0;NA;49200;0;2020-04-19;-56665
2020-04-18;"Žilinský kraj";49;0;0;0;NA;49200;49;2020-04-18;-56665
2020-04-17;"Žilinský kraj";3;0;0;0;NA;49200;3;2020-04-17;-56714
2020-04-16;"Žilinský kraj";4;0;0;0;NA;49200;4;2020-04-16;-56717
2020-04-15;"Žilinský kraj";7;0;0;0;NA;49200;7;2020-04-15;-56721
2020-04-14;"Žilinský kraj";1;0;0;0;NA;49200;1;2020-04-14;-56728
2020-04-13;"Žilinský kraj";2;0;0;0;NA;49200;2;2020-04-13;-56729
2020-04-12;"Žilinský kraj";5;0;0;0;NA;49200;5;2020-04-12;-56731
2020-04-11;"Žilinský kraj";2;0;0;0;NA;49200;2;2020-04-11;-56736
2020-04-10;"Žilinský kraj";1;0;0;0;NA;49200;1;2020-04-10;-56738
2020-04-09;"Žilinský kraj";1;0;0;0;NA;49200;1;2020-04-09;-56739
2020-04-08;"Žilinský kraj";3;0;0;0;NA;49200;3;2020-04-08;-56740
2020-04-07;"Žilinský kraj";5;0;0;0;NA;49200;5;2020-04-07;-56743
2020-04-06;"Žilinský kraj";6;0;0;0;NA;49200;6;2020-04-06;-56748
2020-04-05;"Žilinský kraj";8;0;0;0;NA;49200;8;2020-04-05;-56754
2020-04-04;"Žilinský kraj";0;0;0;0;NA;49200;0;2020-04-04;-56762
2020-04-03;"Žilinský kraj";3;0;0;0;NA;49200;3;2020-04-03;-56762
2020-04-02;"Žilinský kraj";5;0;0;0;NA;49200;5;2020-04-02;-56765
2020-04-01;"Žilinský kraj";4;0;0;0;NA;49200;4;2020-04-01;-56770
2020-03-31;"Žilinský kraj";1;0;0;0;NA;49200;1;2020-03-31;-56774
2020-03-30;"Žilinský kraj";3;0;0;0;NA;49200;3;2020-03-30;-56775
2020-03-29;"Žilinský kraj";0;0;0;0;NA;49200;0;2020-03-29;-56778
2020-03-28;"Žilinský kraj";1;0;0;0;NA;49200;1;2020-03-28;-56778
2020-03-27;"Žilinský kraj";9;0;0;0;NA;49200;9;2020-03-27;-56779
2020-03-26;"Žilinský kraj";4;0;0;0;NA;49200;4;2020-03-26;-56788
2020-03-25;"Žilinský kraj";1;0;0;0;NA;49200;1;2020-03-25;-56792
2020-03-24;"Žilinský kraj";2;0;0;0;NA;49200;2;2020-03-24;-56793
2020-03-23;"Žilinský kraj";3;0;0;0;NA;49200;3;2020-03-23;-56795
2020-03-22;"Žilinský kraj";1;0;0;0;NA;49200;1;2020-03-22;-56798
2020-03-21;"Žilinský kraj";2;0;0;0;NA;49200;2;2020-03-21;-56799
2020-03-20;"Žilinský kraj";4;0;0;0;NA;49200;4;2020-03-20;-56801
2020-03-19;"Žilinský kraj";2;219;0;219;NA;49200;2;2020-03-19;-56805
2020-03-18;"Žilinský kraj";1;0;0;0;NA;49200;1;2020-03-18;-56807
2020-03-17;"Žilinský kraj";5;0;0;0;NA;49200;5;2020-03-17;-56808
2020-03-16;"Žilinský kraj";1;0;0;0;NA;49200;1;2020-03-16;-56813
2020-03-15;"Žilinský kraj";2;0;0;0;NA;49200;2;2020-03-15;-56814
2020-03-14;"Žilinský kraj";1;0;0;0;NA;49200;1;2020-03-14;-56816
2020-03-13;"Žilinský kraj";5;0;0;0;NA;49200;5;2020-03-13;-56817
2020-03-12;"Žilinský kraj";1;0;0;0;NA;49200;1;2020-03-12;-56822
2020-03-11;"Žilinský kraj";0;0;0;0;NA;49200;0;2020-03-11;-56823
2020-03-09;"Žilinský kraj";1;0;0;0;NA;49200;1;2020-03-09;-56823
2020-03-08;"Žilinský kraj";0;0;0;0;NA;49200;0;2020-03-08;-56824
2020-03-07;"Žilinský kraj";0;0;0;0;NA;49200;0;2020-03-07;-56824
2020-03-06;"Žilinský kraj";0;0;0;0;NA;49200;0;2020-03-06;-56824
