"Datum";"Region";"PCR_Pos";"Ag_Neg";"Ag_Pos";"Total";"Pocet.potvrdenych";"Potvrdenych";"newcases";"date";"positive"
2021-06-06;"Banskobystrický kraj";1;6562;11;6573;37959;83584;12;2021-06-06;83584
2021-06-05;"Banskobystrický kraj";15;6980;9;6989;NA;83584;24;2021-06-05;83572
2021-06-04;"Banskobystrický kraj";2;8754;13;8767;NA;83584;15;2021-06-04;83548
2021-06-03;"Banskobystrický kraj";8;6367;24;6391;NA;83584;32;2021-06-03;83533
2021-06-02;"Banskobystrický kraj";7;6737;6;6743;NA;83584;13;2021-06-02;83501
2021-06-01;"Banskobystrický kraj";12;7087;14;7101;NA;83584;26;2021-06-01;83488
2021-05-31;"Banskobystrický kraj";4;9539;31;9570;NA;83584;35;2021-05-31;83462
2021-05-30;"Banskobystrický kraj";3;8959;19;8978;NA;83584;22;2021-05-30;83427
2021-05-29;"Banskobystrický kraj";11;9324;13;9337;NA;83584;24;2021-05-29;83405
2021-05-28;"Banskobystrický kraj";13;11754;27;11781;NA;83584;40;2021-05-28;83381
2021-05-27;"Banskobystrický kraj";7;8620;12;8632;NA;83584;19;2021-05-27;83341
2021-05-26;"Banskobystrický kraj";18;7905;17;7922;NA;83584;35;2021-05-26;83322
2021-05-25;"Banskobystrický kraj";27;8949;30;8979;NA;83584;57;2021-05-25;83287
2021-05-24;"Banskobystrický kraj";9;12349;44;12393;NA;83584;53;2021-05-24;83230
2021-05-23;"Banskobystrický kraj";0;9798;27;9825;NA;83584;27;2021-05-23;83177
2021-05-22;"Banskobystrický kraj";20;9608;26;9634;NA;83584;46;2021-05-22;83150
2021-05-21;"Banskobystrický kraj";22;12796;25;12821;NA;83584;47;2021-05-21;83104
2021-05-20;"Banskobystrický kraj";14;8839;25;8864;NA;83584;39;2021-05-20;83057
2021-05-19;"Banskobystrický kraj";42;8608;21;8629;NA;83584;63;2021-05-19;83018
2021-05-18;"Banskobystrický kraj";27;9501;25;9526;NA;83584;52;2021-05-18;82955
2021-05-17;"Banskobystrický kraj";11;13399;33;13432;NA;83584;44;2021-05-17;82903
2021-05-16;"Banskobystrický kraj";15;14072;26;14098;NA;83584;41;2021-05-16;82859
2021-05-15;"Banskobystrický kraj";11;15356;29;15385;NA;83584;40;2021-05-15;82818
2021-05-14;"Banskobystrický kraj";35;18452;45;18497;NA;83584;80;2021-05-14;82778
2021-05-13;"Banskobystrický kraj";37;10405;40;10445;NA;83584;77;2021-05-13;82698
2021-05-12;"Banskobystrický kraj";31;10835;45;10880;NA;83584;76;2021-05-12;82621
2021-05-11;"Banskobystrický kraj";42;11325;48;11373;NA;83584;90;2021-05-11;82545
2021-05-10;"Banskobystrický kraj";28;17621;68;17689;NA;83584;96;2021-05-10;82455
2021-05-09;"Banskobystrický kraj";25;21902;68;21970;NA;83584;93;2021-05-09;82359
2021-05-08;"Banskobystrický kraj";11;14048;26;14074;NA;83584;37;2021-05-08;82266
2021-05-07;"Banskobystrický kraj";41;21806;78;21884;NA;83584;119;2021-05-07;82229
2021-05-06;"Banskobystrický kraj";36;12251;70;12321;NA;83584;106;2021-05-06;82110
2021-05-05;"Banskobystrický kraj";34;12592;63;12655;NA;83584;97;2021-05-05;82004
2021-05-04;"Banskobystrický kraj";83;13788;47;13835;NA;83584;130;2021-05-04;81907
2021-05-03;"Banskobystrický kraj";30;20872;80;20952;NA;83584;110;2021-05-03;81777
2021-05-02;"Banskobystrický kraj";6;32623;60;32683;NA;83584;66;2021-05-02;81667
2021-05-01;"Banskobystrický kraj";54;36824;67;36891;NA;83584;121;2021-05-01;81601
2021-04-30;"Banskobystrický kraj";38;34953;86;35039;NA;83584;124;2021-04-30;81480
2021-04-29;"Banskobystrický kraj";55;16799;68;16867;NA;83584;123;2021-04-29;81356
2021-04-28;"Banskobystrický kraj";66;17919;67;17986;NA;83584;133;2021-04-28;81233
2021-04-27;"Banskobystrický kraj";70;18992;73;19065;NA;83584;143;2021-04-27;81100
2021-04-26;"Banskobystrický kraj";34;28514;101;28615;NA;83584;135;2021-04-26;80957
2021-04-25;"Banskobystrický kraj";14;40204;106;40310;NA;83584;120;2021-04-25;80822
2021-04-24;"Banskobystrický kraj";40;51625;98;51723;NA;83584;138;2021-04-24;80702
2021-04-23;"Banskobystrický kraj";78;37724;88;37812;NA;83584;166;2021-04-23;80564
2021-04-22;"Banskobystrický kraj";51;17192;57;17249;NA;83584;108;2021-04-22;80398
2021-04-21;"Banskobystrický kraj";76;19192;94;19286;NA;83584;170;2021-04-21;80290
2021-04-20;"Banskobystrický kraj";116;20973;98;21071;NA;83584;214;2021-04-20;80120
2021-04-19;"Banskobystrický kraj";48;31407;105;31512;NA;83584;153;2021-04-19;79906
2021-04-18;"Banskobystrický kraj";16;42953;90;43043;NA;83584;106;2021-04-18;79753
2021-04-17;"Banskobystrický kraj";42;64939;92;65031;NA;83584;134;2021-04-17;79647
2021-04-16;"Banskobystrický kraj";72;37303;100;37403;NA;83584;172;2021-04-16;79513
2021-04-15;"Banskobystrický kraj";67;20117;83;20200;NA;83584;150;2021-04-15;79341
2021-04-14;"Banskobystrický kraj";69;21257;86;21343;NA;83584;155;2021-04-14;79191
2021-04-13;"Banskobystrický kraj";130;22676;77;22753;NA;83584;207;2021-04-13;79036
2021-04-12;"Banskobystrický kraj";60;32247;130;32377;NA;83584;190;2021-04-12;78829
2021-04-11;"Banskobystrický kraj";0;41367;88;41455;NA;83584;88;2021-04-11;78639
2021-04-10;"Banskobystrický kraj";56;64628;141;64769;NA;83584;197;2021-04-10;78551
2021-04-09;"Banskobystrický kraj";106;31566;118;31684;NA;83584;224;2021-04-09;78354
2021-04-08;"Banskobystrický kraj";132;18406;110;18516;NA;83584;242;2021-04-08;78130
2021-04-07;"Banskobystrický kraj";226;25117;94;25211;NA;83584;320;2021-04-07;77888
2021-04-06;"Banskobystrický kraj";93;42487;187;42674;NA;83584;280;2021-04-06;77568
2021-04-05;"Banskobystrický kraj";15;11797;87;11884;NA;83584;102;2021-04-05;77288
2021-04-04;"Banskobystrický kraj";24;19683;79;19762;NA;83584;103;2021-04-04;77186
2021-04-03;"Banskobystrický kraj";5;72473;211;72684;NA;83584;216;2021-04-03;77083
2021-04-02;"Banskobystrický kraj";71;13455;66;13521;NA;83584;137;2021-04-02;76867
2021-04-01;"Banskobystrický kraj";171;38877;200;39077;NA;83584;371;2021-04-01;76730
2021-03-31;"Banskobystrický kraj";147;25543;161;25704;NA;83584;308;2021-03-31;76359
2021-03-30;"Banskobystrický kraj";167;21439;159;21598;NA;83584;326;2021-03-30;76051
2021-03-29;"Banskobystrický kraj";119;29491;218;29709;NA;83584;337;2021-03-29;75725
2021-03-28;"Banskobystrický kraj";25;40610;189;40799;NA;83584;214;2021-03-28;75388
2021-03-27;"Banskobystrický kraj";85;64156;260;64416;NA;83584;345;2021-03-27;75174
2021-03-26;"Banskobystrický kraj";122;43397;240;43637;NA;83584;362;2021-03-26;74829
2021-03-25;"Banskobystrický kraj";120;21589;240;21829;NA;83584;360;2021-03-25;74467
2021-03-24;"Banskobystrický kraj";200;19319;227;19546;NA;83584;427;2021-03-24;74107
2021-03-23;"Banskobystrický kraj";241;21398;257;21655;NA;83584;498;2021-03-23;73680
2021-03-22;"Banskobystrický kraj";65;30418;274;30692;NA;83584;339;2021-03-22;73182
2021-03-21;"Banskobystrický kraj";31;40039;280;40319;NA;83584;311;2021-03-21;72843
2021-03-20;"Banskobystrický kraj";119;67730;383;68113;NA;83584;502;2021-03-20;72532
2021-03-19;"Banskobystrický kraj";240;44041;307;44348;NA;83584;547;2021-03-19;72030
2021-03-18;"Banskobystrický kraj";160;21727;273;22000;NA;83584;433;2021-03-18;71483
2021-03-17;"Banskobystrický kraj";262;21573;245;21818;NA;83584;507;2021-03-17;71050
2021-03-16;"Banskobystrický kraj";340;23365;224;23589;NA;83584;564;2021-03-16;70543
2021-03-15;"Banskobystrický kraj";95;31133;364;31497;NA;83584;459;2021-03-15;69979
2021-03-14;"Banskobystrický kraj";39;40650;229;40879;NA;83584;268;2021-03-14;69520
2021-03-13;"Banskobystrický kraj";209;67167;391;67558;NA;83584;600;2021-03-13;69252
2021-03-12;"Banskobystrický kraj";206;41439;330;41769;NA;83584;536;2021-03-12;68652
2021-03-11;"Banskobystrický kraj";228;21337;272;21609;NA;83584;500;2021-03-11;68116
2021-03-10;"Banskobystrický kraj";260;20381;238;20619;NA;83584;498;2021-03-10;67616
2021-03-09;"Banskobystrický kraj";352;21790;284;22074;NA;83584;636;2021-03-09;67118
2021-03-08;"Banskobystrický kraj";191;31488;427;31915;NA;83584;618;2021-03-08;66482
2021-03-07;"Banskobystrický kraj";60;39083;295;39378;NA;83584;355;2021-03-07;65864
2021-03-06;"Banskobystrický kraj";164;70562;410;70972;NA;83584;574;2021-03-06;65509
2021-03-05;"Banskobystrický kraj";221;42137;388;42525;NA;83584;609;2021-03-05;64935
2021-03-04;"Banskobystrický kraj";226;21607;334;21941;NA;83584;560;2021-03-04;64326
2021-03-03;"Banskobystrický kraj";317;21949;331;22280;NA;83584;648;2021-03-03;63766
2021-03-02;"Banskobystrický kraj";291;22602;354;22956;NA;83584;645;2021-03-02;63118
2021-03-01;"Banskobystrický kraj";151;31773;434;32207;NA;83584;585;2021-03-01;62473
2021-02-28;"Banskobystrický kraj";45;38313;336;38649;NA;83584;381;2021-02-28;61888
2021-02-27;"Banskobystrický kraj";289;66667;529;67196;NA;83584;818;2021-02-27;61507
2021-02-26;"Banskobystrický kraj";326;39489;468;39957;NA;83584;794;2021-02-26;60689
2021-02-25;"Banskobystrický kraj";375;17731;366;18097;NA;83584;741;2021-02-25;59895
2021-02-24;"Banskobystrický kraj";332;16735;373;17108;NA;83584;705;2021-02-24;59154
2021-02-23;"Banskobystrický kraj";462;19480;439;19919;NA;83584;901;2021-02-23;58449
2021-02-22;"Banskobystrický kraj";67;28643;598;29241;NA;83584;665;2021-02-22;57548
2021-02-21;"Banskobystrický kraj";68;37464;437;37901;NA;83584;505;2021-02-21;56883
2021-02-20;"Banskobystrický kraj";280;68851;598;69449;NA;83584;878;2021-02-20;56378
2021-02-19;"Banskobystrický kraj";420;39632;511;40143;NA;83584;931;2021-02-19;55500
2021-02-18;"Banskobystrický kraj";241;18618;396;19014;NA;83584;637;2021-02-18;54569
2021-02-17;"Banskobystrický kraj";415;16312;389;16701;NA;83584;804;2021-02-17;53932
2021-02-16;"Banskobystrický kraj";338;19727;368;20095;NA;83584;706;2021-02-16;53128
2021-02-15;"Banskobystrický kraj";118;35835;591;36426;NA;83584;709;2021-02-15;52422
2021-02-14;"Banskobystrický kraj";60;31894;386;32280;NA;83584;446;2021-02-14;51713
2021-02-13;"Banskobystrický kraj";202;53889;492;54381;NA;83584;694;2021-02-13;51267
2021-02-12;"Banskobystrický kraj";312;36620;533;37153;NA;83584;845;2021-02-12;50573
2021-02-11;"Banskobystrický kraj";305;20825;386;21211;NA;83584;691;2021-02-11;49728
2021-02-10;"Banskobystrický kraj";333;14790;344;15134;NA;83584;677;2021-02-10;49037
2021-02-09;"Banskobystrický kraj";329;18504;362;18866;NA;83584;691;2021-02-09;48360
2021-02-08;"Banskobystrický kraj";103;46804;672;47476;NA;83584;775;2021-02-08;47669
2021-02-07;"Banskobystrický kraj";70;37363;333;37696;NA;83584;403;2021-02-07;46894
2021-02-06;"Banskobystrický kraj";178;69388;570;69958;NA;83584;748;2021-02-06;46491
2021-02-05;"Banskobystrický kraj";282;24577;363;24940;NA;83584;645;2021-02-05;45743
2021-02-04;"Banskobystrický kraj";240;13842;430;14272;NA;83584;670;2021-02-04;45098
2021-02-03;"Banskobystrický kraj";350;9429;255;9684;NA;83584;605;2021-02-03;44428
2021-02-02;"Banskobystrický kraj";277;15740;334;16074;NA;83584;611;2021-02-02;43823
2021-02-01;"Banskobystrický kraj";75;24723;496;25219;NA;83584;571;2021-02-01;43212
2021-01-31;"Banskobystrický kraj";34;19983;201;20184;NA;83584;235;2021-01-31;42641
2021-01-30;"Banskobystrický kraj";163;63496;525;64021;NA;83584;688;2021-01-30;42406
2021-01-29;"Banskobystrický kraj";196;17360;269;17629;NA;83584;465;2021-01-29;41718
2021-01-28;"Banskobystrický kraj";218;14229;372;14601;NA;83584;590;2021-01-28;41253
2021-01-27;"Banskobystrický kraj";191;8128;200;8328;NA;83584;391;2021-01-27;40663
2021-01-26;"Banskobystrický kraj";238;19798;283;20081;NA;83584;521;2021-01-26;40272
2021-01-25;"Banskobystrický kraj";82;33666;412;34078;NA;83584;494;2021-01-25;39751
2021-01-24;"Banskobystrický kraj";38;35587;278;35865;NA;83584;316;2021-01-24;39257
2021-01-23;"Banskobystrický kraj";142;89002;527;89529;NA;83584;669;2021-01-23;38941
2021-01-22;"Banskobystrický kraj";175;27148;361;27509;NA;83584;536;2021-01-22;38272
2021-01-21;"Banskobystrický kraj";194;17308;285;17593;NA;83584;479;2021-01-21;37736
2021-01-20;"Banskobystrický kraj";231;9150;188;9338;NA;83584;419;2021-01-20;37257
2021-01-19;"Banskobystrický kraj";213;10708;311;11019;NA;83584;524;2021-01-19;36838
2021-01-18;"Banskobystrický kraj";94;7415;402;7817;NA;83584;496;2021-01-18;36314
2021-01-17;"Banskobystrický kraj";110;8154;77;8231;NA;83584;187;2021-01-17;35818
2021-01-16;"Banskobystrický kraj";58;2274;57;2331;NA;83584;115;2021-01-16;35631
2021-01-15;"Banskobystrický kraj";164;7673;217;7890;NA;83584;381;2021-01-15;35516
2021-01-14;"Banskobystrický kraj";220;5760;325;6085;NA;83584;545;2021-01-14;35135
2021-01-13;"Banskobystrický kraj";235;5974;217;6191;NA;83584;452;2021-01-13;34590
2021-01-12;"Banskobystrický kraj";194;6808;299;7107;NA;83584;493;2021-01-12;34138
2021-01-11;"Banskobystrický kraj";76;8231;481;8712;NA;83584;557;2021-01-11;33645
2021-01-10;"Banskobystrický kraj";110;233;4;237;NA;83584;114;2021-01-10;33088
2021-01-09;"Banskobystrický kraj";297;2378;81;2459;NA;83584;378;2021-01-09;32974
2021-01-08;"Banskobystrický kraj";435;9677;443;10120;NA;83584;878;2021-01-08;32596
2021-01-07;"Banskobystrický kraj";127;6322;366;6688;NA;83584;493;2021-01-07;31718
2021-01-06;"Banskobystrický kraj";305;3124;185;3309;NA;83584;490;2021-01-06;31225
2021-01-05;"Banskobystrický kraj";372;7349;533;7882;NA;83584;905;2021-01-05;30735
2021-01-04;"Banskobystrický kraj";130;7083;700;7783;NA;83584;830;2021-01-04;29830
2021-01-03;"Banskobystrický kraj";199;320;19;339;NA;83584;218;2021-01-03;29000
2021-01-02;"Banskobystrický kraj";123;702;85;787;NA;83584;208;2021-01-02;28782
2021-01-01;"Banskobystrický kraj";220;1958;132;2090;NA;83584;352;2021-01-01;28574
2020-12-31;"Banskobystrický kraj";499;7379;633;8012;NA;83584;1132;2020-12-31;28222
2020-12-30;"Banskobystrický kraj";593;7670;557;8227;NA;83584;1150;2020-12-30;27090
2020-12-29;"Banskobystrický kraj";240;7955;664;8619;NA;83584;904;2020-12-29;25940
2020-12-28;"Banskobystrický kraj";131;6098;711;6809;NA;83584;842;2020-12-28;25036
2020-12-27;"Banskobystrický kraj";116;541;25;566;NA;83584;141;2020-12-27;24194
2020-12-26;"Banskobystrický kraj";61;295;35;330;NA;83584;96;2020-12-26;24053
2020-12-25;"Banskobystrický kraj";65;313;10;323;NA;83584;75;2020-12-25;23957
2020-12-24;"Banskobystrický kraj";452;3685;135;3820;NA;83584;587;2020-12-24;23882
2020-12-23;"Banskobystrický kraj";368;10116;507;10623;NA;83584;875;2020-12-23;23295
2020-12-22;"Banskobystrický kraj";307;8449;624;9073;NA;83584;931;2020-12-22;22420
2020-12-21;"Banskobystrický kraj";286;4896;448;5344;NA;83584;734;2020-12-21;21489
2020-12-20;"Banskobystrický kraj";155;249;14;263;NA;83584;169;2020-12-20;20755
2020-12-19;"Banskobystrický kraj";170;3084;138;3222;NA;83584;308;2020-12-19;20586
2020-12-18;"Banskobystrický kraj";432;5965;324;6289;NA;83584;756;2020-12-18;20278
2020-12-17;"Banskobystrický kraj";468;8703;656;9359;NA;83584;1124;2020-12-17;19522
2020-12-16;"Banskobystrický kraj";379;10202;560;10762;NA;83584;939;2020-12-16;18398
2020-12-15;"Banskobystrický kraj";336;5425;433;5858;NA;83584;769;2020-12-15;17459
2020-12-14;"Banskobystrický kraj";148;3897;259;4156;NA;83584;407;2020-12-14;16690
2020-12-13;"Banskobystrický kraj";122;142;1;143;NA;83584;123;2020-12-13;16283
2020-12-12;"Banskobystrický kraj";137;2714;138;2852;NA;83584;275;2020-12-12;16160
2020-12-11;"Banskobystrický kraj";468;6587;374;6961;NA;83584;842;2020-12-11;15885
2020-12-10;"Banskobystrický kraj";280;5204;355;5559;NA;83584;635;2020-12-10;15043
2020-12-09;"Banskobystrický kraj";323;3850;213;4063;NA;83584;536;2020-12-09;14408
2020-12-08;"Banskobystrický kraj";256;3787;276;4063;NA;83584;532;2020-12-08;13872
2020-12-07;"Banskobystrický kraj";175;2380;156;2536;NA;83584;331;2020-12-07;13340
2020-12-06;"Banskobystrický kraj";121;507;11;518;NA;83584;132;2020-12-06;13009
2020-12-05;"Banskobystrický kraj";109;1099;34;1133;NA;83584;143;2020-12-05;12877
2020-12-04;"Banskobystrický kraj";339;3828;174;4002;NA;83584;513;2020-12-04;12734
2020-12-03;"Banskobystrický kraj";240;3193;234;3427;NA;83584;474;2020-12-03;12221
2020-12-02;"Banskobystrický kraj";217;4442;186;4628;NA;83584;403;2020-12-02;11747
2020-12-01;"Banskobystrický kraj";215;2702;134;2836;NA;83584;349;2020-12-01;11344
2020-11-30;"Banskobystrický kraj";74;4559;257;4816;NA;83584;331;2020-11-30;10995
2020-11-29;"Banskobystrický kraj";19;208;7;215;NA;83584;26;2020-11-29;10664
2020-11-28;"Banskobystrický kraj";81;1408;55;1463;NA;83584;136;2020-11-28;10638
2020-11-27;"Banskobystrický kraj";219;2266;123;2389;NA;83584;342;2020-11-27;10502
2020-11-26;"Banskobystrický kraj";208;2124;93;2217;NA;83584;301;2020-11-26;10160
2020-11-25;"Banskobystrický kraj";170;1952;86;2038;NA;83584;256;2020-11-25;9859
2020-11-24;"Banskobystrický kraj";166;2566;69;2635;NA;83584;235;2020-11-24;9603
2020-11-23;"Banskobystrický kraj";66;10240;194;10434;NA;83584;260;2020-11-23;9368
2020-11-22;"Banskobystrický kraj";38;104;1;105;NA;83584;39;2020-11-22;9108
2020-11-21;"Banskobystrický kraj";52;904;14;918;NA;83584;66;2020-11-21;9069
2020-11-20;"Banskobystrický kraj";127;2005;107;2112;NA;83584;234;2020-11-20;9003
2020-11-19;"Banskobystrický kraj";170;1218;82;1300;NA;83584;252;2020-11-19;8769
2020-11-18;"Banskobystrický kraj";153;698;65;763;NA;83584;218;2020-11-18;8517
2020-11-17;"Banskobystrický kraj";52;578;35;613;NA;83584;87;2020-11-17;8299
2020-11-16;"Banskobystrický kraj";106;470;25;495;NA;83584;131;2020-11-16;8212
2020-11-15;"Banskobystrický kraj";52;301;4;305;NA;83584;56;2020-11-15;8081
2020-11-14;"Banskobystrický kraj";73;305;2;307;NA;83584;75;2020-11-14;8025
2020-11-13;"Banskobystrický kraj";157;552;11;563;NA;83584;168;2020-11-13;7950
2020-11-12;"Banskobystrický kraj";218;952;44;996;NA;83584;262;2020-11-12;7782
2020-11-11;"Banskobystrický kraj";224;437;9;446;NA;83584;233;2020-11-11;7520
2020-11-10;"Banskobystrický kraj";263;463;18;481;NA;83584;281;2020-11-10;7287
2020-11-09;"Banskobystrický kraj";80;2678;31;2709;NA;83584;111;2020-11-09;7006
2020-11-08;"Banskobystrický kraj";82;981;16;997;NA;83584;98;2020-11-08;6895
2020-11-07;"Banskobystrický kraj";164;8828;94;8922;NA;83584;258;2020-11-07;6797
2020-11-06;"Banskobystrický kraj";227;2496;16;2512;NA;83584;243;2020-11-06;6539
2020-11-05;"Banskobystrický kraj";240;290;33;323;NA;83584;273;2020-11-05;6296
2020-11-04;"Banskobystrický kraj";254;1366;13;1379;NA;83584;267;2020-11-04;6023
2020-11-03;"Banskobystrický kraj";246;1332;4;1336;NA;83584;250;2020-11-03;5756
2020-11-02;"Banskobystrický kraj";90;2909;65;2974;NA;83584;155;2020-11-02;5506
2020-11-01;"Banskobystrický kraj";101;2671;42;2713;NA;83584;143;2020-11-01;5351
2020-10-31;"Banskobystrický kraj";199;13516;116;13632;NA;83584;315;2020-10-31;5208
2020-10-30;"Banskobystrický kraj";254;2829;20;2849;NA;83584;274;2020-10-30;4893
2020-10-29;"Banskobystrický kraj";372;969;42;1011;NA;83584;414;2020-10-29;4619
2020-10-28;"Banskobystrický kraj";285;302;30;332;NA;83584;315;2020-10-28;4205
2020-10-27;"Banskobystrický kraj";266;654;40;694;NA;83584;306;2020-10-27;3890
2020-10-26;"Banskobystrický kraj";38;234;29;263;NA;83584;67;2020-10-26;3584
2020-10-25;"Banskobystrický kraj";50;140;11;151;NA;83584;61;2020-10-25;3517
2020-10-24;"Banskobystrický kraj";315;114;12;126;NA;83584;327;2020-10-24;3456
2020-10-23;"Banskobystrický kraj";231;230;29;259;NA;83584;260;2020-10-23;3129
2020-10-22;"Banskobystrický kraj";264;253;24;277;NA;83584;288;2020-10-22;2869
2020-10-21;"Banskobystrický kraj";209;266;3;269;NA;83584;212;2020-10-21;2581
2020-10-20;"Banskobystrický kraj";210;66;3;69;NA;83584;213;2020-10-20;2369
2020-10-19;"Banskobystrický kraj";27;73;12;85;NA;83584;39;2020-10-19;2156
2020-10-18;"Banskobystrický kraj";49;0;0;0;NA;83584;49;2020-10-18;2117
2020-10-17;"Banskobystrický kraj";91;0;0;0;NA;83584;91;2020-10-17;2068
2020-10-16;"Banskobystrický kraj";224;37;3;40;NA;83584;227;2020-10-16;1977
2020-10-15;"Banskobystrický kraj";133;29;1;30;NA;83584;134;2020-10-15;1750
2020-10-14;"Banskobystrický kraj";139;31;1;32;NA;83584;140;2020-10-14;1616
2020-10-13;"Banskobystrický kraj";151;169;11;180;NA;83584;162;2020-10-13;1476
2020-10-12;"Banskobystrický kraj";11;110;4;114;NA;83584;15;2020-10-12;1314
2020-10-11;"Banskobystrický kraj";14;0;0;0;NA;83584;14;2020-10-11;1299
2020-10-10;"Banskobystrický kraj";53;0;0;0;NA;83584;53;2020-10-10;1285
2020-10-09;"Banskobystrický kraj";128;0;0;0;NA;83584;128;2020-10-09;1232
2020-10-08;"Banskobystrický kraj";99;0;0;0;NA;83584;99;2020-10-08;1104
2020-10-07;"Banskobystrický kraj";124;0;0;0;NA;83584;124;2020-10-07;1005
2020-10-06;"Banskobystrický kraj";68;0;0;0;NA;83584;68;2020-10-06;881
2020-10-05;"Banskobystrický kraj";49;0;0;0;NA;83584;49;2020-10-05;813
2020-10-04;"Banskobystrický kraj";8;0;0;0;NA;83584;8;2020-10-04;764
2020-10-03;"Banskobystrický kraj";37;0;0;0;NA;83584;37;2020-10-03;756
2020-10-02;"Banskobystrický kraj";74;0;0;0;NA;83584;74;2020-10-02;719
2020-10-01;"Banskobystrický kraj";49;0;0;0;NA;83584;49;2020-10-01;645
2020-09-30;"Banskobystrický kraj";60;0;0;0;NA;83584;60;2020-09-30;596
2020-09-29;"Banskobystrický kraj";24;0;0;0;NA;83584;24;2020-09-29;536
2020-09-28;"Banskobystrický kraj";0;0;0;0;NA;83584;0;2020-09-28;512
2020-09-27;"Banskobystrický kraj";20;0;0;0;NA;83584;20;2020-09-27;512
2020-09-26;"Banskobystrický kraj";24;0;0;0;NA;83584;24;2020-09-26;492
2020-09-25;"Banskobystrický kraj";29;0;0;0;NA;83584;29;2020-09-25;468
2020-09-24;"Banskobystrický kraj";25;0;0;0;NA;83584;25;2020-09-24;439
2020-09-23;"Banskobystrický kraj";17;0;0;0;NA;83584;17;2020-09-23;414
2020-09-22;"Banskobystrický kraj";25;0;0;0;NA;83584;25;2020-09-22;397
2020-09-21;"Banskobystrický kraj";3;0;0;0;NA;83584;3;2020-09-21;372
2020-09-20;"Banskobystrický kraj";0;0;0;0;NA;83584;0;2020-09-20;369
2020-09-19;"Banskobystrický kraj";3;0;0;0;NA;83584;3;2020-09-19;369
2020-09-18;"Banskobystrický kraj";24;0;0;0;NA;83584;24;2020-09-18;366
2020-09-17;"Banskobystrický kraj";14;0;0;0;NA;83584;14;2020-09-17;342
2020-09-16;"Banskobystrický kraj";6;0;0;0;NA;83584;6;2020-09-16;328
2020-09-15;"Banskobystrický kraj";2;0;0;0;NA;83584;2;2020-09-15;322
2020-09-14;"Banskobystrický kraj";13;0;0;0;NA;83584;13;2020-09-14;320
2020-09-13;"Banskobystrický kraj";1;0;0;0;NA;83584;1;2020-09-13;307
2020-09-12;"Banskobystrický kraj";5;0;0;0;NA;83584;5;2020-09-12;306
2020-09-11;"Banskobystrický kraj";19;0;0;0;NA;83584;19;2020-09-11;301
2020-09-10;"Banskobystrický kraj";11;0;0;0;NA;83584;11;2020-09-10;282
2020-09-09;"Banskobystrický kraj";13;0;0;0;NA;83584;13;2020-09-09;271
2020-09-08;"Banskobystrický kraj";5;0;0;0;NA;83584;5;2020-09-08;258
2020-09-07;"Banskobystrický kraj";2;0;0;0;NA;83584;2;2020-09-07;253
2020-09-06;"Banskobystrický kraj";0;0;0;0;NA;83584;0;2020-09-06;251
2020-09-05;"Banskobystrický kraj";0;0;0;0;NA;83584;0;2020-09-05;251
2020-09-04;"Banskobystrický kraj";9;0;0;0;NA;83584;9;2020-09-04;251
2020-09-03;"Banskobystrický kraj";5;0;0;0;NA;83584;5;2020-09-03;242
2020-09-02;"Banskobystrický kraj";6;0;0;0;NA;83584;6;2020-09-02;237
2020-09-01;"Banskobystrický kraj";2;0;0;0;NA;83584;2;2020-09-01;231
2020-08-31;"Banskobystrický kraj";6;0;0;0;NA;83584;6;2020-08-31;229
2020-08-30;"Banskobystrický kraj";0;0;0;0;NA;83584;0;2020-08-30;223
2020-08-29;"Banskobystrický kraj";1;0;0;0;NA;83584;1;2020-08-29;223
2020-08-28;"Banskobystrický kraj";3;0;0;0;NA;83584;3;2020-08-28;222
2020-08-27;"Banskobystrický kraj";1;0;0;0;NA;83584;1;2020-08-27;219
2020-08-26;"Banskobystrický kraj";2;0;0;0;NA;83584;2;2020-08-26;218
2020-08-25;"Banskobystrický kraj";2;0;0;0;NA;83584;2;2020-08-25;216
2020-08-24;"Banskobystrický kraj";0;0;0;0;NA;83584;0;2020-08-24;214
2020-08-23;"Banskobystrický kraj";0;0;0;0;NA;83584;0;2020-08-23;214
2020-08-22;"Banskobystrický kraj";0;0;0;0;NA;83584;0;2020-08-22;214
2020-08-21;"Banskobystrický kraj";4;0;0;0;NA;83584;4;2020-08-21;214
2020-08-20;"Banskobystrický kraj";1;0;0;0;NA;83584;1;2020-08-20;210
2020-08-19;"Banskobystrický kraj";4;0;0;0;NA;83584;4;2020-08-19;209
2020-08-18;"Banskobystrický kraj";0;0;0;0;NA;83584;0;2020-08-18;205
2020-08-17;"Banskobystrický kraj";1;0;0;0;NA;83584;1;2020-08-17;205
2020-08-16;"Banskobystrický kraj";0;0;0;0;NA;83584;0;2020-08-16;204
2020-08-15;"Banskobystrický kraj";0;0;0;0;NA;83584;0;2020-08-15;204
2020-08-14;"Banskobystrický kraj";5;0;0;0;NA;83584;5;2020-08-14;204
2020-08-13;"Banskobystrický kraj";0;0;0;0;NA;83584;0;2020-08-13;199
2020-08-12;"Banskobystrický kraj";0;0;0;0;NA;83584;0;2020-08-12;199
2020-08-11;"Banskobystrický kraj";2;0;0;0;NA;83584;2;2020-08-11;199
2020-08-10;"Banskobystrický kraj";3;0;0;0;NA;83584;3;2020-08-10;197
2020-08-09;"Banskobystrický kraj";0;0;0;0;NA;83584;0;2020-08-09;194
2020-08-08;"Banskobystrický kraj";2;0;0;0;NA;83584;2;2020-08-08;194
2020-08-07;"Banskobystrický kraj";1;0;0;0;NA;83584;1;2020-08-07;192
2020-08-06;"Banskobystrický kraj";1;0;0;0;NA;83584;1;2020-08-06;191
2020-08-05;"Banskobystrický kraj";0;0;0;0;NA;83584;0;2020-08-05;190
2020-08-04;"Banskobystrický kraj";3;0;0;0;NA;83584;3;2020-08-04;190
2020-08-03;"Banskobystrický kraj";0;0;0;0;NA;83584;0;2020-08-03;187
2020-08-02;"Banskobystrický kraj";0;0;0;0;NA;83584;0;2020-08-02;187
2020-08-01;"Banskobystrický kraj";1;0;0;0;NA;83584;1;2020-08-01;187
2020-07-31;"Banskobystrický kraj";2;0;0;0;NA;83584;2;2020-07-31;186
2020-07-30;"Banskobystrický kraj";1;0;0;0;NA;83584;1;2020-07-30;184
2020-07-29;"Banskobystrický kraj";0;0;0;0;NA;83584;0;2020-07-29;183
2020-07-28;"Banskobystrický kraj";2;0;0;0;NA;83584;2;2020-07-28;183
2020-07-27;"Banskobystrický kraj";3;0;0;0;NA;83584;3;2020-07-27;181
2020-07-26;"Banskobystrický kraj";0;0;0;0;NA;83584;0;2020-07-26;178
2020-07-25;"Banskobystrický kraj";0;0;0;0;NA;83584;0;2020-07-25;178
2020-07-24;"Banskobystrický kraj";9;0;0;0;NA;83584;9;2020-07-24;178
2020-07-23;"Banskobystrický kraj";0;0;0;0;NA;83584;0;2020-07-23;169
2020-07-22;"Banskobystrický kraj";3;0;0;0;NA;83584;3;2020-07-22;169
2020-07-21;"Banskobystrický kraj";3;0;0;0;NA;83584;3;2020-07-21;166
2020-07-20;"Banskobystrický kraj";1;0;0;0;NA;83584;1;2020-07-20;163
2020-07-19;"Banskobystrický kraj";1;0;0;0;NA;83584;1;2020-07-19;162
2020-07-18;"Banskobystrický kraj";0;0;0;0;NA;83584;0;2020-07-18;161
2020-07-17;"Banskobystrický kraj";2;0;0;0;NA;83584;2;2020-07-17;161
2020-07-16;"Banskobystrický kraj";1;0;0;0;NA;83584;1;2020-07-16;159
2020-07-15;"Banskobystrický kraj";4;0;0;0;NA;83584;4;2020-07-15;158
2020-07-14;"Banskobystrický kraj";2;0;0;0;NA;83584;2;2020-07-14;154
2020-07-13;"Banskobystrický kraj";1;0;0;0;NA;83584;1;2020-07-13;152
2020-07-12;"Banskobystrický kraj";0;0;0;0;NA;83584;0;2020-07-12;151
2020-07-11;"Banskobystrický kraj";0;0;0;0;NA;83584;0;2020-07-11;151
2020-07-10;"Banskobystrický kraj";3;0;0;0;NA;83584;3;2020-07-10;151
2020-07-09;"Banskobystrický kraj";9;0;0;0;NA;83584;9;2020-07-09;148
2020-07-08;"Banskobystrický kraj";0;0;0;0;NA;83584;0;2020-07-08;139
2020-07-07;"Banskobystrický kraj";4;0;0;0;NA;83584;4;2020-07-07;139
2020-07-06;"Banskobystrický kraj";0;0;0;0;NA;83584;0;2020-07-06;135
2020-07-05;"Banskobystrický kraj";0;0;0;0;NA;83584;0;2020-07-05;135
2020-07-04;"Banskobystrický kraj";1;0;0;0;NA;83584;1;2020-07-04;135
2020-07-03;"Banskobystrický kraj";4;0;0;0;NA;83584;4;2020-07-03;134
2020-07-02;"Banskobystrický kraj";0;0;0;0;NA;83584;0;2020-07-02;130
2020-07-01;"Banskobystrický kraj";1;0;0;0;NA;83584;1;2020-07-01;130
2020-06-30;"Banskobystrický kraj";0;0;0;0;NA;83584;0;2020-06-30;129
2020-06-29;"Banskobystrický kraj";0;0;0;0;NA;83584;0;2020-06-29;129
2020-06-28;"Banskobystrický kraj";0;0;0;0;NA;83584;0;2020-06-28;129
2020-06-27;"Banskobystrický kraj";0;0;0;0;NA;83584;0;2020-06-27;129
2020-06-26;"Banskobystrický kraj";0;0;0;0;NA;83584;0;2020-06-26;129
2020-06-25;"Banskobystrický kraj";1;0;0;0;NA;83584;1;2020-06-25;129
2020-06-24;"Banskobystrický kraj";0;0;0;0;NA;83584;0;2020-06-24;128
2020-06-23;"Banskobystrický kraj";6;0;0;0;NA;83584;6;2020-06-23;128
2020-06-22;"Banskobystrický kraj";0;0;0;0;NA;83584;0;2020-06-22;122
2020-06-21;"Banskobystrický kraj";0;0;0;0;NA;83584;0;2020-06-21;122
2020-06-20;"Banskobystrický kraj";0;0;0;0;NA;83584;0;2020-06-20;122
2020-06-19;"Banskobystrický kraj";2;0;0;0;NA;83584;2;2020-06-19;122
2020-06-18;"Banskobystrický kraj";10;0;0;0;NA;83584;10;2020-06-18;120
2020-06-17;"Banskobystrický kraj";1;0;0;0;NA;83584;1;2020-06-17;110
2020-06-16;"Banskobystrický kraj";0;0;0;0;NA;83584;0;2020-06-16;109
2020-06-14;"Banskobystrický kraj";2;0;0;0;NA;83584;2;2020-06-14;109
2020-06-13;"Banskobystrický kraj";2;0;0;0;NA;83584;2;2020-06-13;107
2020-06-12;"Banskobystrický kraj";0;0;0;0;NA;83584;0;2020-06-12;105
2020-06-11;"Banskobystrický kraj";1;0;0;0;NA;83584;1;2020-06-11;105
2020-06-10;"Banskobystrický kraj";0;0;0;0;NA;83584;0;2020-06-10;104
2020-06-09;"Banskobystrický kraj";0;0;0;0;NA;83584;0;2020-06-09;104
2020-06-08;"Banskobystrický kraj";0;0;0;0;NA;83584;0;2020-06-08;104
2020-06-07;"Banskobystrický kraj";0;0;0;0;NA;83584;0;2020-06-07;104
2020-06-05;"Banskobystrický kraj";2;0;0;0;NA;83584;2;2020-06-05;104
2020-06-03;"Banskobystrický kraj";0;0;0;0;NA;83584;0;2020-06-03;102
2020-06-02;"Banskobystrický kraj";0;0;0;0;NA;83584;0;2020-06-02;102
2020-05-31;"Banskobystrický kraj";0;0;0;0;NA;83584;0;2020-05-31;102
2020-05-29;"Banskobystrický kraj";0;0;0;0;NA;83584;0;2020-05-29;102
2020-05-27;"Banskobystrický kraj";1;0;0;0;NA;83584;1;2020-05-27;102
2020-05-26;"Banskobystrický kraj";0;0;0;0;NA;83584;0;2020-05-26;101
2020-05-25;"Banskobystrický kraj";0;0;0;0;NA;83584;0;2020-05-25;101
2020-05-24;"Banskobystrický kraj";0;0;0;0;NA;83584;0;2020-05-24;101
2020-05-23;"Banskobystrický kraj";1;0;0;0;NA;83584;1;2020-05-23;101
2020-05-22;"Banskobystrický kraj";0;0;0;0;NA;83584;0;2020-05-22;100
2020-05-21;"Banskobystrický kraj";0;0;0;0;NA;83584;0;2020-05-21;100
2020-05-20;"Banskobystrický kraj";1;0;0;0;NA;83584;1;2020-05-20;100
2020-05-19;"Banskobystrický kraj";0;0;0;0;NA;83584;0;2020-05-19;99
2020-05-17;"Banskobystrický kraj";0;0;0;0;NA;83584;0;2020-05-17;99
2020-05-16;"Banskobystrický kraj";0;0;0;0;NA;83584;0;2020-05-16;99
2020-05-15;"Banskobystrický kraj";0;0;0;0;NA;83584;0;2020-05-15;99
2020-05-14;"Banskobystrický kraj";0;0;0;0;NA;83584;0;2020-05-14;99
2020-05-13;"Banskobystrický kraj";0;0;0;0;NA;83584;0;2020-05-13;99
2020-05-12;"Banskobystrický kraj";1;0;0;0;NA;83584;1;2020-05-12;99
2020-05-11;"Banskobystrický kraj";0;0;0;0;NA;83584;0;2020-05-11;98
2020-05-09;"Banskobystrický kraj";0;0;0;0;NA;83584;0;2020-05-09;98
2020-05-07;"Banskobystrický kraj";2;0;0;0;NA;83584;2;2020-05-07;98
2020-05-06;"Banskobystrický kraj";1;0;0;0;NA;83584;1;2020-05-06;96
2020-05-05;"Banskobystrický kraj";2;0;0;0;NA;83584;2;2020-05-05;95
2020-05-04;"Banskobystrický kraj";0;0;0;0;NA;83584;0;2020-05-04;93
2020-05-03;"Banskobystrický kraj";0;0;0;0;NA;83584;0;2020-05-03;93
2020-05-02;"Banskobystrický kraj";0;0;0;0;NA;83584;0;2020-05-02;93
2020-05-01;"Banskobystrický kraj";0;0;0;0;NA;83584;0;2020-05-01;93
2020-04-30;"Banskobystrický kraj";1;0;0;0;NA;83584;1;2020-04-30;93
2020-04-29;"Banskobystrický kraj";1;0;0;0;NA;83584;1;2020-04-29;92
2020-04-28;"Banskobystrický kraj";0;0;0;0;NA;83584;0;2020-04-28;91
2020-04-27;"Banskobystrický kraj";0;0;0;0;NA;83584;0;2020-04-27;91
2020-04-26;"Banskobystrický kraj";0;0;0;0;NA;83584;0;2020-04-26;91
2020-04-25;"Banskobystrický kraj";2;0;0;0;NA;83584;2;2020-04-25;91
2020-04-24;"Banskobystrický kraj";3;0;0;0;NA;83584;3;2020-04-24;89
2020-04-23;"Banskobystrický kraj";2;0;0;0;NA;83584;2;2020-04-23;86
2020-04-22;"Banskobystrický kraj";2;0;0;0;NA;83584;2;2020-04-22;84
2020-04-21;"Banskobystrický kraj";2;0;0;0;NA;83584;2;2020-04-21;82
2020-04-20;"Banskobystrický kraj";0;0;0;0;NA;83584;0;2020-04-20;80
2020-04-19;"Banskobystrický kraj";0;0;0;0;NA;83584;0;2020-04-19;80
2020-04-18;"Banskobystrický kraj";8;0;0;0;NA;83584;8;2020-04-18;80
2020-04-17;"Banskobystrický kraj";2;0;0;0;NA;83584;2;2020-04-17;72
2020-04-16;"Banskobystrický kraj";0;0;0;0;NA;83584;0;2020-04-16;70
2020-04-15;"Banskobystrický kraj";10;0;0;0;NA;83584;10;2020-04-15;70
2020-04-14;"Banskobystrický kraj";0;0;0;0;NA;83584;0;2020-04-14;60
2020-04-13;"Banskobystrický kraj";2;0;0;0;NA;83584;2;2020-04-13;60
2020-04-12;"Banskobystrický kraj";4;0;0;0;NA;83584;4;2020-04-12;58
2020-04-11;"Banskobystrický kraj";1;0;0;0;NA;83584;1;2020-04-11;54
2020-04-10;"Banskobystrický kraj";0;0;0;0;NA;83584;0;2020-04-10;53
2020-04-09;"Banskobystrický kraj";2;0;0;0;NA;83584;2;2020-04-09;53
2020-04-08;"Banskobystrický kraj";0;0;0;0;NA;83584;0;2020-04-08;51
2020-04-07;"Banskobystrický kraj";4;0;0;0;NA;83584;4;2020-04-07;51
2020-04-06;"Banskobystrický kraj";10;0;0;0;NA;83584;10;2020-04-06;47
2020-04-05;"Banskobystrický kraj";9;0;0;0;NA;83584;9;2020-04-05;37
2020-04-04;"Banskobystrický kraj";0;0;0;0;NA;83584;0;2020-04-04;28
2020-04-03;"Banskobystrický kraj";2;0;0;0;NA;83584;2;2020-04-03;28
2020-04-02;"Banskobystrický kraj";2;0;0;0;NA;83584;2;2020-04-02;26
2020-04-01;"Banskobystrický kraj";5;0;0;0;NA;83584;5;2020-04-01;24
2020-03-31;"Banskobystrický kraj";3;0;0;0;NA;83584;3;2020-03-31;19
2020-03-30;"Banskobystrický kraj";1;0;0;0;NA;83584;1;2020-03-30;16
2020-03-29;"Banskobystrický kraj";2;0;0;0;NA;83584;2;2020-03-29;15
2020-03-28;"Banskobystrický kraj";1;0;0;0;NA;83584;1;2020-03-28;13
2020-03-27;"Banskobystrický kraj";1;0;0;0;NA;83584;1;2020-03-27;12
2020-03-26;"Banskobystrický kraj";1;0;0;0;NA;83584;1;2020-03-26;11
2020-03-25;"Banskobystrický kraj";0;0;0;0;NA;83584;0;2020-03-25;10
2020-03-24;"Banskobystrický kraj";1;0;0;0;NA;83584;1;2020-03-24;10
2020-03-23;"Banskobystrický kraj";1;0;0;0;NA;83584;1;2020-03-23;9
2020-03-22;"Banskobystrický kraj";0;0;0;0;NA;83584;0;2020-03-22;8
2020-03-21;"Banskobystrický kraj";3;0;0;0;NA;83584;3;2020-03-21;8
2020-03-20;"Banskobystrický kraj";0;0;0;0;NA;83584;0;2020-03-20;5
2020-03-19;"Banskobystrický kraj";2;0;0;0;NA;83584;2;2020-03-19;5
2020-03-18;"Banskobystrický kraj";1;0;0;0;NA;83584;1;2020-03-18;3
2020-03-17;"Banskobystrický kraj";1;0;0;0;NA;83584;1;2020-03-17;2
2020-03-16;"Banskobystrický kraj";0;0;0;0;NA;83584;0;2020-03-16;1
2020-03-15;"Banskobystrický kraj";1;0;0;0;NA;83584;1;2020-03-15;1
2020-03-14;"Banskobystrický kraj";0;0;0;0;NA;83584;0;2020-03-14;0
2020-03-13;"Banskobystrický kraj";1;0;0;0;NA;83584;1;2020-03-13;0
2020-03-12;"Banskobystrický kraj";0;0;0;0;NA;83584;0;2020-03-12;-1
2020-03-11;"Banskobystrický kraj";0;0;0;0;NA;83584;0;2020-03-11;-1
2020-03-09;"Banskobystrický kraj";0;0;0;0;NA;83584;0;2020-03-09;-1
2020-03-08;"Banskobystrický kraj";0;0;0;0;NA;83584;0;2020-03-08;-1
2020-03-07;"Banskobystrický kraj";0;0;0;0;NA;83584;0;2020-03-07;-1
2020-03-06;"Banskobystrický kraj";0;0;0;0;NA;83584;0;2020-03-06;-1
2021-06-06;"Bratislavský kraj";3;8444;17;8461;44234;90649;20;2021-06-06;90649
2021-06-05;"Bratislavský kraj";2;9297;14;9311;NA;90649;16;2021-06-05;90629
2021-06-04;"Bratislavský kraj";10;12261;28;12289;NA;90649;38;2021-06-04;90613
2021-06-03;"Bratislavský kraj";12;9505;19;9524;NA;90649;31;2021-06-03;90575
2021-06-02;"Bratislavský kraj";10;8624;17;8641;NA;90649;27;2021-06-02;90544
2021-06-01;"Bratislavský kraj";3;8647;25;8672;NA;90649;28;2021-06-01;90517
2021-05-31;"Bratislavský kraj";18;11179;32;11211;NA;90649;50;2021-05-31;90489
2021-05-30;"Bratislavský kraj";1;11758;17;11775;NA;90649;18;2021-05-30;90439
2021-05-29;"Bratislavský kraj";4;12000;8;12008;NA;90649;12;2021-05-29;90421
2021-05-28;"Bratislavský kraj";14;15767;23;15790;NA;90649;37;2021-05-28;90409
2021-05-27;"Bratislavský kraj";5;11279;19;11298;NA;90649;24;2021-05-27;90372
2021-05-26;"Bratislavský kraj";20;10674;16;10690;NA;90649;36;2021-05-26;90348
2021-05-25;"Bratislavský kraj";19;11655;31;11686;NA;90649;50;2021-05-25;90312
2021-05-24;"Bratislavský kraj";12;12965;23;12988;NA;90649;35;2021-05-24;90262
2021-05-23;"Bratislavský kraj";7;13074;24;13098;NA;90649;31;2021-05-23;90227
2021-05-22;"Bratislavský kraj";6;13762;21;13783;NA;90649;27;2021-05-22;90196
2021-05-21;"Bratislavský kraj";15;18986;22;19008;NA;90649;37;2021-05-21;90169
2021-05-20;"Bratislavský kraj";15;14067;17;14084;NA;90649;32;2021-05-20;90132
2021-05-19;"Bratislavský kraj";21;11841;24;11865;NA;90649;45;2021-05-19;90100
2021-05-18;"Bratislavský kraj";14;12849;33;12882;NA;90649;47;2021-05-18;90055
2021-05-17;"Bratislavský kraj";15;13868;29;13897;NA;90649;44;2021-05-17;90008
2021-05-16;"Bratislavský kraj";12;19797;32;19829;NA;90649;44;2021-05-16;89964
2021-05-15;"Bratislavský kraj";1;17722;30;17752;NA;90649;31;2021-05-15;89920
2021-05-14;"Bratislavský kraj";15;22332;30;22362;NA;90649;45;2021-05-14;89889
2021-05-13;"Bratislavský kraj";9;15952;17;15969;NA;90649;26;2021-05-13;89844
2021-05-12;"Bratislavský kraj";11;14413;28;14441;NA;90649;39;2021-05-12;89818
2021-05-11;"Bratislavský kraj";29;16490;31;16521;NA;90649;60;2021-05-11;89779
2021-05-10;"Bratislavský kraj";27;19988;64;20052;NA;90649;91;2021-05-10;89719
2021-05-09;"Bratislavský kraj";9;29358;32;29390;NA;90649;41;2021-05-09;89628
2021-05-08;"Bratislavský kraj";5;19451;24;19475;NA;90649;29;2021-05-08;89587
2021-05-07;"Bratislavský kraj";32;27982;64;28046;NA;90649;96;2021-05-07;89558
2021-05-06;"Bratislavský kraj";19;20079;52;20131;NA;90649;71;2021-05-06;89462
2021-05-05;"Bratislavský kraj";29;15368;29;15397;NA;90649;58;2021-05-05;89391
2021-05-04;"Bratislavský kraj";46;18910;53;18963;NA;90649;99;2021-05-04;89333
2021-05-03;"Bratislavský kraj";37;22158;64;22222;NA;90649;101;2021-05-03;89234
2021-05-02;"Bratislavský kraj";38;43064;75;43139;NA;90649;113;2021-05-02;89133
2021-05-01;"Bratislavský kraj";11;39905;40;39945;NA;90649;51;2021-05-01;89020
2021-04-30;"Bratislavský kraj";43;46706;82;46788;NA;90649;125;2021-04-30;88969
2021-04-29;"Bratislavský kraj";48;30015;94;30109;NA;90649;142;2021-04-29;88844
2021-04-28;"Bratislavský kraj";40;28408;76;28484;NA;90649;116;2021-04-28;88702
2021-04-27;"Bratislavský kraj";41;29922;52;29974;NA;90649;93;2021-04-27;88586
2021-04-26;"Bratislavský kraj";59;34289;95;34384;NA;90649;154;2021-04-26;88493
2021-04-25;"Bratislavský kraj";8;57615;74;57689;NA;90649;82;2021-04-25;88339
2021-04-24;"Bratislavský kraj";28;74254;66;74320;NA;90649;94;2021-04-24;88257
2021-04-23;"Bratislavský kraj";70;47937;61;47998;NA;90649;131;2021-04-23;88163
2021-04-22;"Bratislavský kraj";39;30816;72;30888;NA;90649;111;2021-04-22;88032
2021-04-21;"Bratislavský kraj";48;30099;62;30161;NA;90649;110;2021-04-21;87921
2021-04-20;"Bratislavský kraj";58;34760;63;34823;NA;90649;121;2021-04-20;87811
2021-04-19;"Bratislavský kraj";48;39305;80;39385;NA;90649;128;2021-04-19;87690
2021-04-18;"Bratislavský kraj";35;62300;76;62376;NA;90649;111;2021-04-18;87562
2021-04-17;"Bratislavský kraj";13;79656;111;79767;NA;90649;124;2021-04-17;87451
2021-04-16;"Bratislavský kraj";62;46723;80;46803;NA;90649;142;2021-04-16;87327
2021-04-15;"Bratislavský kraj";34;31695;74;31769;NA;90649;108;2021-04-15;87185
2021-04-14;"Bratislavský kraj";65;33494;88;33582;NA;90649;153;2021-04-14;87077
2021-04-13;"Bratislavský kraj";82;35032;82;35114;NA;90649;164;2021-04-13;86924
2021-04-12;"Bratislavský kraj";77;42034;115;42149;NA;90649;192;2021-04-12;86760
2021-04-11;"Bratislavský kraj";42;61151;123;61274;NA;90649;165;2021-04-11;86568
2021-04-10;"Bratislavský kraj";14;77167;167;77334;NA;90649;181;2021-04-10;86403
2021-04-09;"Bratislavský kraj";72;41034;97;41131;NA;90649;169;2021-04-09;86222
2021-04-08;"Bratislavský kraj";71;28475;93;28568;NA;90649;164;2021-04-08;86053
2021-04-07;"Bratislavský kraj";96;37570;101;37671;NA;90649;197;2021-04-07;85889
2021-04-06;"Bratislavský kraj";94;55523;175;55698;NA;90649;269;2021-04-06;85692
2021-04-05;"Bratislavský kraj";85;18380;85;18465;NA;90649;170;2021-04-05;85423
2021-04-04;"Bratislavský kraj";37;29225;75;29300;NA;90649;112;2021-04-04;85253
2021-04-03;"Bratislavský kraj";52;79082;220;79302;NA;90649;272;2021-04-03;85141
2021-04-02;"Bratislavský kraj";33;23790;104;23894;NA;90649;137;2021-04-02;84869
2021-04-01;"Bratislavský kraj";119;56653;158;56811;NA;90649;277;2021-04-01;84732
2021-03-31;"Bratislavský kraj";105;45689;149;45838;NA;90649;254;2021-03-31;84455
2021-03-30;"Bratislavský kraj";100;39010;142;39152;NA;90649;242;2021-03-30;84201
2021-03-29;"Bratislavský kraj";153;40124;178;40302;NA;90649;331;2021-03-29;83959
2021-03-28;"Bratislavský kraj";59;53372;137;53509;NA;90649;196;2021-03-28;83628
2021-03-27;"Bratislavský kraj";53;79160;239;79399;NA;90649;292;2021-03-27;83432
2021-03-26;"Bratislavský kraj";114;55513;190;55703;NA;90649;304;2021-03-26;83140
2021-03-25;"Bratislavský kraj";76;36300;170;36470;NA;90649;246;2021-03-25;82836
2021-03-24;"Bratislavský kraj";120;30184;200;30384;NA;90649;320;2021-03-24;82590
2021-03-23;"Bratislavský kraj";138;36029;189;36218;NA;90649;327;2021-03-23;82270
2021-03-22;"Bratislavský kraj";110;42516;218;42734;NA;90649;328;2021-03-22;81943
2021-03-21;"Bratislavský kraj";54;61299;212;61511;NA;90649;266;2021-03-21;81615
2021-03-20;"Bratislavský kraj";59;72630;228;72858;NA;90649;287;2021-03-20;81349
2021-03-19;"Bratislavský kraj";139;53952;255;54207;NA;90649;394;2021-03-19;81062
2021-03-18;"Bratislavský kraj";142;34057;190;34247;NA;90649;332;2021-03-18;80668
2021-03-17;"Bratislavský kraj";177;30179;215;30394;NA;90649;392;2021-03-17;80336
2021-03-16;"Bratislavský kraj";258;36425;282;36707;NA;90649;540;2021-03-16;79944
2021-03-15;"Bratislavský kraj";180;38089;252;38341;NA;90649;432;2021-03-15;79404
2021-03-14;"Bratislavský kraj";75;52609;275;52884;NA;90649;350;2021-03-14;78972
2021-03-13;"Bratislavský kraj";110;79741;329;80070;NA;90649;439;2021-03-13;78622
2021-03-12;"Bratislavský kraj";152;54534;301;54835;NA;90649;453;2021-03-12;78183
2021-03-11;"Bratislavský kraj";178;34290;281;34571;NA;90649;459;2021-03-11;77730
2021-03-10;"Bratislavský kraj";164;30828;273;31101;NA;90649;437;2021-03-10;77271
2021-03-09;"Bratislavský kraj";242;37798;267;38065;NA;90649;509;2021-03-09;76834
2021-03-08;"Bratislavský kraj";255;40722;343;41065;NA;90649;598;2021-03-08;76325
2021-03-07;"Bratislavský kraj";142;52814;301;53115;NA;90649;443;2021-03-07;75727
2021-03-06;"Bratislavský kraj";79;71410;412;71822;NA;90649;491;2021-03-06;75284
2021-03-05;"Bratislavský kraj";238;50484;292;50776;NA;90649;530;2021-03-05;74793
2021-03-04;"Bratislavský kraj";204;34544;344;34888;NA;90649;548;2021-03-04;74263
2021-03-03;"Bratislavský kraj";250;30525;364;30889;NA;90649;614;2021-03-03;73715
2021-03-02;"Bratislavský kraj";267;39735;388;40123;NA;90649;655;2021-03-02;73101
2021-03-01;"Bratislavský kraj";320;38222;432;38654;NA;90649;752;2021-03-01;72446
2021-02-28;"Bratislavský kraj";184;50323;323;50646;NA;90649;507;2021-02-28;71694
2021-02-27;"Bratislavský kraj";151;76894;465;77359;NA;90649;616;2021-02-27;71187
2021-02-26;"Bratislavský kraj";277;47265;400;47665;NA;90649;677;2021-02-26;70571
2021-02-25;"Bratislavský kraj";277;28769;405;29174;NA;90649;682;2021-02-25;69894
2021-02-24;"Bratislavský kraj";217;27095;412;27507;NA;90649;629;2021-02-24;69212
2021-02-23;"Bratislavský kraj";257;31297;395;31692;NA;90649;652;2021-02-23;68583
2021-02-22;"Bratislavský kraj";353;36454;480;36934;NA;90649;833;2021-02-22;67931
2021-02-21;"Bratislavský kraj";185;54150;396;54546;NA;90649;581;2021-02-21;67098
2021-02-20;"Bratislavský kraj";167;74787;550;75337;NA;90649;717;2021-02-20;66517
2021-02-19;"Bratislavský kraj";280;44871;415;45286;NA;90649;695;2021-02-19;65800
2021-02-18;"Bratislavský kraj";263;26377;371;26748;NA;90649;634;2021-02-18;65105
2021-02-17;"Bratislavský kraj";264;22815;316;23131;NA;90649;580;2021-02-17;64471
2021-02-16;"Bratislavský kraj";289;28265;354;28619;NA;90649;643;2021-02-16;63891
2021-02-15;"Bratislavský kraj";248;36893;396;37289;NA;90649;644;2021-02-15;63248
2021-02-14;"Bratislavský kraj";153;47948;323;48271;NA;90649;476;2021-02-14;62604
2021-02-13;"Bratislavský kraj";173;68589;515;69104;NA;90649;688;2021-02-13;62128
2021-02-12;"Bratislavský kraj";282;35729;327;36056;NA;90649;609;2021-02-12;61440
2021-02-11;"Bratislavský kraj";337;24542;285;24827;NA;90649;622;2021-02-11;60831
2021-02-10;"Bratislavský kraj";314;23120;359;23479;NA;90649;673;2021-02-10;60209
2021-02-09;"Bratislavský kraj";287;36565;454;37019;NA;90649;741;2021-02-09;59536
2021-02-08;"Bratislavský kraj";484;31866;397;32263;NA;90649;881;2021-02-08;58795
2021-02-07;"Bratislavský kraj";243;51290;425;51715;NA;90649;668;2021-02-07;57914
2021-02-06;"Bratislavský kraj";116;62602;508;63110;NA;90649;624;2021-02-06;57246
2021-02-05;"Bratislavský kraj";327;27033;375;27408;NA;90649;702;2021-02-05;56622
2021-02-04;"Bratislavský kraj";555;17260;348;17608;NA;90649;903;2021-02-04;55920
2021-02-03;"Bratislavský kraj";161;13057;351;13408;NA;90649;512;2021-02-03;55017
2021-02-02;"Bratislavský kraj";397;25945;480;26425;NA;90649;877;2021-02-02;54505
2021-02-01;"Bratislavský kraj";221;35536;513;36049;NA;90649;734;2021-02-01;53628
2021-01-31;"Bratislavský kraj";180;35693;425;36118;NA;90649;605;2021-01-31;52894
2021-01-30;"Bratislavský kraj";310;49588;521;50109;NA;90649;831;2021-01-30;52289
2021-01-29;"Bratislavský kraj";344;16568;344;16912;NA;90649;688;2021-01-29;51458
2021-01-28;"Bratislavský kraj";307;10710;297;11007;NA;90649;604;2021-01-28;50770
2021-01-27;"Bratislavský kraj";336;22217;345;22562;NA;90649;681;2021-01-27;50166
2021-01-26;"Bratislavský kraj";297;22218;308;22526;NA;90649;605;2021-01-26;49485
2021-01-25;"Bratislavský kraj";356;23257;249;23506;NA;90649;605;2021-01-25;48880
2021-01-24;"Bratislavský kraj";175;37903;404;38307;NA;90649;579;2021-01-24;48275
2021-01-23;"Bratislavský kraj";396;79447;690;80137;NA;90649;1086;2021-01-23;47696
2021-01-22;"Bratislavský kraj";199;42028;365;42393;NA;90649;564;2021-01-22;46610
2021-01-21;"Bratislavský kraj";255;105732;1317;107049;NA;90649;1572;2021-01-21;46046
2021-01-20;"Bratislavský kraj";360;27258;450;27708;NA;90649;810;2021-01-20;44474
2021-01-19;"Bratislavský kraj";375;15309;346;15655;NA;90649;721;2021-01-19;43664
2021-01-18;"Bratislavský kraj";357;12533;707;13240;NA;90649;1064;2021-01-18;42943
2021-01-17;"Bratislavský kraj";244;482;26;508;NA;90649;270;2021-01-17;41879
2021-01-16;"Bratislavský kraj";70;3016;156;3172;NA;90649;226;2021-01-16;41609
2021-01-15;"Bratislavský kraj";251;7896;256;8152;NA;90649;507;2021-01-15;41383
2021-01-14;"Bratislavský kraj";363;8511;273;8784;NA;90649;636;2021-01-14;40876
2021-01-13;"Bratislavský kraj";336;8540;329;8869;NA;90649;665;2021-01-13;40240
2021-01-12;"Bratislavský kraj";450;10761;464;11225;NA;90649;914;2021-01-12;39575
2021-01-11;"Bratislavský kraj";397;20108;380;20488;NA;90649;777;2021-01-11;38661
2021-01-10;"Bratislavský kraj";252;1507;79;1586;NA;90649;331;2021-01-10;37884
2021-01-09;"Bratislavský kraj";351;5005;291;5296;NA;90649;642;2021-01-09;37553
2021-01-08;"Bratislavský kraj";556;10045;436;10481;NA;90649;992;2021-01-08;36911
2021-01-07;"Bratislavský kraj";537;7725;412;8137;NA;90649;949;2021-01-07;35919
2021-01-06;"Bratislavský kraj";271;3329;216;3545;NA;90649;487;2021-01-06;34970
2021-01-05;"Bratislavský kraj";619;10981;844;11825;NA;90649;1463;2021-01-05;34483
2021-01-04;"Bratislavský kraj";601;8494;606;9100;NA;90649;1207;2021-01-04;33020
2021-01-03;"Bratislavský kraj";77;433;41;474;NA;90649;118;2021-01-03;31813
2021-01-02;"Bratislavský kraj";185;462;57;519;NA;90649;242;2021-01-02;31695
2021-01-01;"Bratislavský kraj";235;3277;131;3408;NA;90649;366;2021-01-01;31453
2020-12-31;"Bratislavský kraj";925;14982;589;15571;NA;90649;1514;2020-12-31;31087
2020-12-30;"Bratislavský kraj";650;9526;528;10054;NA;90649;1178;2020-12-30;29573
2020-12-29;"Bratislavský kraj";303;10887;776;11663;NA;90649;1079;2020-12-29;28395
2020-12-28;"Bratislavský kraj";255;8447;560;9007;NA;90649;815;2020-12-28;27316
2020-12-27;"Bratislavský kraj";160;709;76;785;NA;90649;236;2020-12-27;26501
2020-12-26;"Bratislavský kraj";75;480;27;507;NA;90649;102;2020-12-26;26265
2020-12-25;"Bratislavský kraj";114;503;38;541;NA;90649;152;2020-12-25;26163
2020-12-24;"Bratislavský kraj";536;3461;102;3563;NA;90649;638;2020-12-24;26011
2020-12-23;"Bratislavský kraj";416;13293;500;13793;NA;90649;916;2020-12-23;25373
2020-12-22;"Bratislavský kraj";327;15783;772;16555;NA;90649;1099;2020-12-22;24457
2020-12-21;"Bratislavský kraj";392;15669;2007;17676;NA;90649;2399;2020-12-21;23358
2020-12-20;"Bratislavský kraj";180;775;54;829;NA;90649;234;2020-12-20;20959
2020-12-19;"Bratislavský kraj";396;3314;130;3444;NA;90649;526;2020-12-19;20725
2020-12-18;"Bratislavský kraj";306;10735;401;11136;NA;90649;707;2020-12-18;20199
2020-12-17;"Bratislavský kraj";502;10270;412;10682;NA;90649;914;2020-12-17;19492
2020-12-16;"Bratislavský kraj";282;10772;452;11224;NA;90649;734;2020-12-16;18578
2020-12-15;"Bratislavský kraj";423;10916;479;11395;NA;90649;902;2020-12-15;17844
2020-12-14;"Bratislavský kraj";279;7198;293;7491;NA;90649;572;2020-12-14;16942
2020-12-13;"Bratislavský kraj";125;139;10;149;NA;90649;135;2020-12-13;16370
2020-12-12;"Bratislavský kraj";361;3886;157;4043;NA;90649;518;2020-12-12;16235
2020-12-11;"Bratislavský kraj";326;7344;289;7633;NA;90649;615;2020-12-11;15717
2020-12-10;"Bratislavský kraj";286;5823;209;6032;NA;90649;495;2020-12-10;15102
2020-12-09;"Bratislavský kraj";382;4795;178;4973;NA;90649;560;2020-12-09;14607
2020-12-08;"Bratislavský kraj";234;6243;207;6450;NA;90649;441;2020-12-08;14047
2020-12-07;"Bratislavský kraj";272;4639;152;4791;NA;90649;424;2020-12-07;13606
2020-12-06;"Bratislavský kraj";61;1625;52;1677;NA;90649;113;2020-12-06;13182
2020-12-05;"Bratislavský kraj";266;2221;41;2262;NA;90649;307;2020-12-05;13069
2020-12-04;"Bratislavský kraj";200;4954;99;5053;NA;90649;299;2020-12-04;12762
2020-12-03;"Bratislavský kraj";213;5672;95;5767;NA;90649;308;2020-12-03;12463
2020-12-02;"Bratislavský kraj";205;3462;103;3565;NA;90649;308;2020-12-02;12155
2020-12-01;"Bratislavský kraj";255;3889;172;4061;NA;90649;427;2020-12-01;11847
2020-11-30;"Bratislavský kraj";152;2153;121;2274;NA;90649;273;2020-11-30;11420
2020-11-29;"Bratislavský kraj";52;201;24;225;NA;90649;76;2020-11-29;11147
2020-11-28;"Bratislavský kraj";232;2624;33;2657;NA;90649;265;2020-11-28;11071
2020-11-27;"Bratislavský kraj";54;2540;64;2604;NA;90649;118;2020-11-27;10806
2020-11-26;"Bratislavský kraj";129;1976;60;2036;NA;90649;189;2020-11-26;10688
2020-11-25;"Bratislavský kraj";140;1770;47;1817;NA;90649;187;2020-11-25;10499
2020-11-24;"Bratislavský kraj";81;2988;67;3055;NA;90649;148;2020-11-24;10312
2020-11-23;"Bratislavský kraj";67;7083;58;7141;NA;90649;125;2020-11-23;10164
2020-11-22;"Bratislavský kraj";36;81;7;88;NA;90649;43;2020-11-22;10039
2020-11-21;"Bratislavský kraj";109;2126;47;2173;NA;90649;156;2020-11-21;9996
2020-11-20;"Bratislavský kraj";118;2876;48;2924;NA;90649;166;2020-11-20;9840
2020-11-19;"Bratislavský kraj";173;987;29;1016;NA;90649;202;2020-11-19;9674
2020-11-18;"Bratislavský kraj";118;616;75;691;NA;90649;193;2020-11-18;9472
2020-11-17;"Bratislavský kraj";108;928;23;951;NA;90649;131;2020-11-17;9279
2020-11-16;"Bratislavský kraj";82;651;9;660;NA;90649;91;2020-11-16;9148
2020-11-15;"Bratislavský kraj";47;236;0;236;NA;90649;47;2020-11-15;9057
2020-11-14;"Bratislavský kraj";53;1834;15;1849;NA;90649;68;2020-11-14;9010
2020-11-13;"Bratislavský kraj";94;2096;21;2117;NA;90649;115;2020-11-13;8942
2020-11-12;"Bratislavský kraj";141;1727;6;1733;NA;90649;147;2020-11-12;8827
2020-11-11;"Bratislavský kraj";159;1429;12;1441;NA;90649;171;2020-11-11;8680
2020-11-10;"Bratislavský kraj";136;805;14;819;NA;90649;150;2020-11-10;8509
2020-11-09;"Bratislavský kraj";70;616;8;624;NA;90649;78;2020-11-09;8359
2020-11-08;"Bratislavský kraj";82;869;6;875;NA;90649;88;2020-11-08;8281
2020-11-07;"Bratislavský kraj";88;4039;17;4056;NA;90649;105;2020-11-07;8193
2020-11-06;"Bratislavský kraj";281;6441;25;6466;NA;90649;306;2020-11-06;8088
2020-11-05;"Bratislavský kraj";175;476;11;487;NA;90649;186;2020-11-05;7782
2020-11-04;"Bratislavský kraj";65;411;10;421;NA;90649;75;2020-11-04;7596
2020-11-03;"Bratislavský kraj";251;1085;12;1097;NA;90649;263;2020-11-03;7521
2020-11-02;"Bratislavský kraj";202;3365;22;3387;NA;90649;224;2020-11-02;7258
2020-11-01;"Bratislavský kraj";227;8694;39;8733;NA;90649;266;2020-11-01;7034
2020-10-31;"Bratislavský kraj";173;22407;123;22530;NA;90649;296;2020-10-31;6768
2020-10-30;"Bratislavský kraj";158;17350;138;17488;NA;90649;296;2020-10-30;6472
2020-10-29;"Bratislavský kraj";262;116;4;120;NA;90649;266;2020-10-29;6176
2020-10-28;"Bratislavský kraj";220;260;15;275;NA;90649;235;2020-10-28;5910
2020-10-27;"Bratislavský kraj";256;145;4;149;NA;90649;260;2020-10-27;5675
2020-10-26;"Bratislavský kraj";123;229;11;240;NA;90649;134;2020-10-26;5415
2020-10-25;"Bratislavský kraj";152;33;2;35;NA;90649;154;2020-10-25;5281
2020-10-24;"Bratislavský kraj";170;221;6;227;NA;90649;176;2020-10-24;5127
2020-10-23;"Bratislavský kraj";151;144;8;152;NA;90649;159;2020-10-23;4951
2020-10-22;"Bratislavský kraj";192;204;15;219;NA;90649;207;2020-10-22;4792
2020-10-21;"Bratislavský kraj";66;90;6;96;NA;90649;72;2020-10-21;4585
2020-10-20;"Bratislavský kraj";183;97;4;101;NA;90649;187;2020-10-20;4513
2020-10-19;"Bratislavský kraj";148;80;3;83;NA;90649;151;2020-10-19;4326
2020-10-18;"Bratislavský kraj";75;92;0;92;NA;90649;75;2020-10-18;4175
2020-10-17;"Bratislavský kraj";136;0;0;0;NA;90649;136;2020-10-17;4100
2020-10-16;"Bratislavský kraj";103;14;1;15;NA;90649;104;2020-10-16;3964
2020-10-15;"Bratislavský kraj";135;6;1;7;NA;90649;136;2020-10-15;3860
2020-10-14;"Bratislavský kraj";127;4;0;4;NA;90649;127;2020-10-14;3724
2020-10-13;"Bratislavský kraj";86;108;8;116;NA;90649;94;2020-10-13;3597
2020-10-12;"Bratislavský kraj";46;0;0;0;NA;90649;46;2020-10-12;3503
2020-10-11;"Bratislavský kraj";80;0;0;0;NA;90649;80;2020-10-11;3457
2020-10-10;"Bratislavský kraj";55;0;0;0;NA;90649;55;2020-10-10;3377
2020-10-09;"Bratislavský kraj";148;0;0;0;NA;90649;148;2020-10-09;3322
2020-10-08;"Bratislavský kraj";100;0;0;0;NA;90649;100;2020-10-08;3174
2020-10-07;"Bratislavský kraj";107;0;0;0;NA;90649;107;2020-10-07;3074
2020-10-06;"Bratislavský kraj";108;0;0;0;NA;90649;108;2020-10-06;2967
2020-10-05;"Bratislavský kraj";30;0;0;0;NA;90649;30;2020-10-05;2859
2020-10-04;"Bratislavský kraj";49;0;0;0;NA;90649;49;2020-10-04;2829
2020-10-03;"Bratislavský kraj";82;0;0;0;NA;90649;82;2020-10-03;2780
2020-10-02;"Bratislavský kraj";101;0;0;0;NA;90649;101;2020-10-02;2698
2020-10-01;"Bratislavský kraj";72;0;0;0;NA;90649;72;2020-10-01;2597
2020-09-30;"Bratislavský kraj";91;0;0;0;NA;90649;91;2020-09-30;2525
2020-09-29;"Bratislavský kraj";74;0;0;0;NA;90649;74;2020-09-29;2434
2020-09-28;"Bratislavský kraj";29;0;0;0;NA;90649;29;2020-09-28;2360
2020-09-27;"Bratislavský kraj";48;0;0;0;NA;90649;48;2020-09-27;2331
2020-09-26;"Bratislavský kraj";86;0;0;0;NA;90649;86;2020-09-26;2283
2020-09-25;"Bratislavský kraj";97;0;0;0;NA;90649;97;2020-09-25;2197
2020-09-24;"Bratislavský kraj";73;0;0;0;NA;90649;73;2020-09-24;2100
2020-09-23;"Bratislavský kraj";55;0;0;0;NA;90649;55;2020-09-23;2027
2020-09-22;"Bratislavský kraj";81;0;0;0;NA;90649;81;2020-09-22;1972
2020-09-21;"Bratislavský kraj";32;0;0;0;NA;90649;32;2020-09-21;1891
2020-09-20;"Bratislavský kraj";25;0;0;0;NA;90649;25;2020-09-20;1859
2020-09-19;"Bratislavský kraj";59;0;0;0;NA;90649;59;2020-09-19;1834
2020-09-18;"Bratislavský kraj";42;0;0;0;NA;90649;42;2020-09-18;1775
2020-09-17;"Bratislavský kraj";52;0;0;0;NA;90649;52;2020-09-17;1733
2020-09-16;"Bratislavský kraj";32;0;0;0;NA;90649;32;2020-09-16;1681
2020-09-15;"Bratislavský kraj";26;0;0;0;NA;90649;26;2020-09-15;1649
2020-09-14;"Bratislavský kraj";24;0;0;0;NA;90649;24;2020-09-14;1623
2020-09-13;"Bratislavský kraj";11;0;0;0;NA;90649;11;2020-09-13;1599
2020-09-12;"Bratislavský kraj";24;0;0;0;NA;90649;24;2020-09-12;1588
2020-09-11;"Bratislavský kraj";50;0;0;0;NA;90649;50;2020-09-11;1564
2020-09-10;"Bratislavský kraj";47;0;0;0;NA;90649;47;2020-09-10;1514
2020-09-09;"Bratislavský kraj";40;0;0;0;NA;90649;40;2020-09-09;1467
2020-09-08;"Bratislavský kraj";58;0;0;0;NA;90649;58;2020-09-08;1427
2020-09-07;"Bratislavský kraj";39;0;0;0;NA;90649;39;2020-09-07;1369
2020-09-06;"Bratislavský kraj";11;0;0;0;NA;90649;11;2020-09-06;1330
2020-09-05;"Bratislavský kraj";37;0;0;0;NA;90649;37;2020-09-05;1319
2020-09-04;"Bratislavský kraj";87;0;0;0;NA;90649;87;2020-09-04;1282
2020-09-03;"Bratislavský kraj";51;0;0;0;NA;90649;51;2020-09-03;1195
2020-09-02;"Bratislavský kraj";50;0;0;0;NA;90649;50;2020-09-02;1144
2020-09-01;"Bratislavský kraj";16;0;0;0;NA;90649;16;2020-09-01;1094
2020-08-31;"Bratislavský kraj";19;0;0;0;NA;90649;19;2020-08-31;1078
2020-08-30;"Bratislavský kraj";9;0;0;0;NA;90649;9;2020-08-30;1059
2020-08-29;"Bratislavský kraj";12;0;0;0;NA;90649;12;2020-08-29;1050
2020-08-28;"Bratislavský kraj";35;0;0;0;NA;90649;35;2020-08-28;1038
2020-08-27;"Bratislavský kraj";33;0;0;0;NA;90649;33;2020-08-27;1003
2020-08-26;"Bratislavský kraj";27;0;0;0;NA;90649;27;2020-08-26;970
2020-08-25;"Bratislavský kraj";29;0;0;0;NA;90649;29;2020-08-25;943
2020-08-24;"Bratislavský kraj";6;0;0;0;NA;90649;6;2020-08-24;914
2020-08-23;"Bratislavský kraj";45;0;0;0;NA;90649;45;2020-08-23;908
2020-08-22;"Bratislavský kraj";13;0;0;0;NA;90649;13;2020-08-22;863
2020-08-21;"Bratislavský kraj";46;0;0;0;NA;90649;46;2020-08-21;850
2020-08-20;"Bratislavský kraj";41;0;0;0;NA;90649;41;2020-08-20;804
2020-08-19;"Bratislavský kraj";27;0;0;0;NA;90649;27;2020-08-19;763
2020-08-18;"Bratislavský kraj";47;0;0;0;NA;90649;47;2020-08-18;736
2020-08-17;"Bratislavský kraj";2;0;0;0;NA;90649;2;2020-08-17;689
2020-08-16;"Bratislavský kraj";3;0;0;0;NA;90649;3;2020-08-16;687
2020-08-15;"Bratislavský kraj";18;0;0;0;NA;90649;18;2020-08-15;684
2020-08-14;"Bratislavský kraj";16;0;0;0;NA;90649;16;2020-08-14;666
2020-08-13;"Bratislavský kraj";12;0;0;0;NA;90649;12;2020-08-13;650
2020-08-12;"Bratislavský kraj";10;0;0;0;NA;90649;10;2020-08-12;638
2020-08-11;"Bratislavský kraj";23;0;0;0;NA;90649;23;2020-08-11;628
2020-08-10;"Bratislavský kraj";2;0;0;0;NA;90649;2;2020-08-10;605
2020-08-09;"Bratislavský kraj";2;0;0;0;NA;90649;2;2020-08-09;603
2020-08-08;"Bratislavský kraj";1;0;0;0;NA;90649;1;2020-08-08;601
2020-08-07;"Bratislavský kraj";9;0;0;0;NA;90649;9;2020-08-07;600
2020-08-06;"Bratislavský kraj";15;0;0;0;NA;90649;15;2020-08-06;591
2020-08-05;"Bratislavský kraj";11;0;0;0;NA;90649;11;2020-08-05;576
2020-08-04;"Bratislavský kraj";21;0;0;0;NA;90649;21;2020-08-04;565
2020-08-03;"Bratislavský kraj";7;0;0;0;NA;90649;7;2020-08-03;544
2020-08-02;"Bratislavský kraj";0;0;0;0;NA;90649;0;2020-08-02;537
2020-08-01;"Bratislavský kraj";0;0;0;0;NA;90649;0;2020-08-01;537
2020-07-31;"Bratislavský kraj";14;0;0;0;NA;90649;14;2020-07-31;537
2020-07-30;"Bratislavský kraj";6;0;0;0;NA;90649;6;2020-07-30;523
2020-07-29;"Bratislavský kraj";7;0;0;0;NA;90649;7;2020-07-29;517
2020-07-28;"Bratislavský kraj";14;0;0;0;NA;90649;14;2020-07-28;510
2020-07-27;"Bratislavský kraj";3;0;0;0;NA;90649;3;2020-07-27;496
2020-07-26;"Bratislavský kraj";0;0;0;0;NA;90649;0;2020-07-26;493
2020-07-25;"Bratislavský kraj";8;0;0;0;NA;90649;8;2020-07-25;493
2020-07-24;"Bratislavský kraj";2;0;0;0;NA;90649;2;2020-07-24;485
2020-07-23;"Bratislavský kraj";8;0;0;0;NA;90649;8;2020-07-23;483
2020-07-22;"Bratislavský kraj";11;0;0;0;NA;90649;11;2020-07-22;475
2020-07-21;"Bratislavský kraj";8;0;0;0;NA;90649;8;2020-07-21;464
2020-07-20;"Bratislavský kraj";12;0;0;0;NA;90649;12;2020-07-20;456
2020-07-19;"Bratislavský kraj";0;0;0;0;NA;90649;0;2020-07-19;444
2020-07-18;"Bratislavský kraj";2;0;0;0;NA;90649;2;2020-07-18;444
2020-07-17;"Bratislavský kraj";2;0;0;0;NA;90649;2;2020-07-17;442
2020-07-16;"Bratislavský kraj";6;0;0;0;NA;90649;6;2020-07-16;440
2020-07-15;"Bratislavský kraj";3;0;0;0;NA;90649;3;2020-07-15;434
2020-07-14;"Bratislavský kraj";2;0;0;0;NA;90649;2;2020-07-14;431
2020-07-13;"Bratislavský kraj";2;0;0;0;NA;90649;2;2020-07-13;429
2020-07-12;"Bratislavský kraj";0;0;0;0;NA;90649;0;2020-07-12;427
2020-07-11;"Bratislavský kraj";0;0;0;0;NA;90649;0;2020-07-11;427
2020-07-10;"Bratislavský kraj";8;0;0;0;NA;90649;8;2020-07-10;427
2020-07-09;"Bratislavský kraj";2;0;0;0;NA;90649;2;2020-07-09;419
2020-07-08;"Bratislavský kraj";11;0;0;0;NA;90649;11;2020-07-08;417
2020-07-07;"Bratislavský kraj";5;0;0;0;NA;90649;5;2020-07-07;406
2020-07-06;"Bratislavský kraj";1;0;0;0;NA;90649;1;2020-07-06;401
2020-07-05;"Bratislavský kraj";0;0;0;0;NA;90649;0;2020-07-05;400
2020-07-04;"Bratislavský kraj";3;0;0;0;NA;90649;3;2020-07-04;400
2020-07-03;"Bratislavský kraj";1;0;0;0;NA;90649;1;2020-07-03;397
2020-07-02;"Bratislavský kraj";0;0;0;0;NA;90649;0;2020-07-02;396
2020-07-01;"Bratislavský kraj";7;0;0;0;NA;90649;7;2020-07-01;396
2020-06-30;"Bratislavský kraj";3;0;0;0;NA;90649;3;2020-06-30;389
2020-06-29;"Bratislavský kraj";1;0;0;0;NA;90649;1;2020-06-29;386
2020-06-28;"Bratislavský kraj";0;0;0;0;NA;90649;0;2020-06-28;385
2020-06-27;"Bratislavský kraj";1;0;0;0;NA;90649;1;2020-06-27;385
2020-06-26;"Bratislavský kraj";6;0;0;0;NA;90649;6;2020-06-26;384
2020-06-25;"Bratislavský kraj";0;0;0;0;NA;90649;0;2020-06-25;378
2020-06-24;"Bratislavský kraj";3;0;0;0;NA;90649;3;2020-06-24;378
2020-06-23;"Bratislavský kraj";0;0;0;0;NA;90649;0;2020-06-23;375
2020-06-22;"Bratislavský kraj";1;0;0;0;NA;90649;1;2020-06-22;375
2020-06-21;"Bratislavský kraj";0;0;0;0;NA;90649;0;2020-06-21;374
2020-06-20;"Bratislavský kraj";0;0;0;0;NA;90649;0;2020-06-20;374
2020-06-19;"Bratislavský kraj";3;0;0;0;NA;90649;3;2020-06-19;374
2020-06-18;"Bratislavský kraj";0;0;0;0;NA;90649;0;2020-06-18;371
2020-06-17;"Bratislavský kraj";0;0;0;0;NA;90649;0;2020-06-17;371
2020-06-16;"Bratislavský kraj";0;0;0;0;NA;90649;0;2020-06-16;371
2020-06-14;"Bratislavský kraj";2;0;0;0;NA;90649;2;2020-06-14;371
2020-06-13;"Bratislavský kraj";1;0;0;0;NA;90649;1;2020-06-13;369
2020-06-12;"Bratislavský kraj";2;0;0;0;NA;90649;2;2020-06-12;368
2020-06-11;"Bratislavský kraj";0;0;0;0;NA;90649;0;2020-06-11;366
2020-06-10;"Bratislavský kraj";0;0;0;0;NA;90649;0;2020-06-10;366
2020-06-09;"Bratislavský kraj";0;0;0;0;NA;90649;0;2020-06-09;366
2020-06-08;"Bratislavský kraj";1;0;0;0;NA;90649;1;2020-06-08;366
2020-06-07;"Bratislavský kraj";0;0;0;0;NA;90649;0;2020-06-07;365
2020-06-05;"Bratislavský kraj";0;0;0;0;NA;90649;0;2020-06-05;365
2020-06-03;"Bratislavský kraj";1;0;0;0;NA;90649;1;2020-06-03;365
2020-06-02;"Bratislavský kraj";0;0;0;0;NA;90649;0;2020-06-02;364
2020-05-31;"Bratislavský kraj";0;0;0;0;NA;90649;0;2020-05-31;364
2020-05-29;"Bratislavský kraj";0;0;0;0;NA;90649;0;2020-05-29;364
2020-05-27;"Bratislavský kraj";1;0;0;0;NA;90649;1;2020-05-27;364
2020-05-26;"Bratislavský kraj";0;0;0;0;NA;90649;0;2020-05-26;363
2020-05-25;"Bratislavský kraj";0;0;0;0;NA;90649;0;2020-05-25;363
2020-05-24;"Bratislavský kraj";0;0;0;0;NA;90649;0;2020-05-24;363
2020-05-23;"Bratislavský kraj";2;0;0;0;NA;90649;2;2020-05-23;363
2020-05-22;"Bratislavský kraj";0;0;0;0;NA;90649;0;2020-05-22;361
2020-05-21;"Bratislavský kraj";0;0;0;0;NA;90649;0;2020-05-21;361
2020-05-20;"Bratislavský kraj";0;0;0;0;NA;90649;0;2020-05-20;361
2020-05-19;"Bratislavský kraj";0;0;0;0;NA;90649;0;2020-05-19;361
2020-05-17;"Bratislavský kraj";0;0;0;0;NA;90649;0;2020-05-17;361
2020-05-16;"Bratislavský kraj";0;0;0;0;NA;90649;0;2020-05-16;361
2020-05-15;"Bratislavský kraj";0;0;0;0;NA;90649;0;2020-05-15;361
2020-05-14;"Bratislavský kraj";0;0;0;0;NA;90649;0;2020-05-14;361
2020-05-13;"Bratislavský kraj";0;0;0;0;NA;90649;0;2020-05-13;361
2020-05-12;"Bratislavský kraj";2;0;0;0;NA;90649;2;2020-05-12;361
2020-05-11;"Bratislavský kraj";0;0;0;0;NA;90649;0;2020-05-11;359
2020-05-09;"Bratislavský kraj";0;0;0;0;NA;90649;0;2020-05-09;359
2020-05-07;"Bratislavský kraj";1;0;0;0;NA;90649;1;2020-05-07;359
2020-05-06;"Bratislavský kraj";3;0;0;0;NA;90649;3;2020-05-06;358
2020-05-05;"Bratislavský kraj";0;0;0;0;NA;90649;0;2020-05-05;355
2020-05-04;"Bratislavský kraj";0;0;0;0;NA;90649;0;2020-05-04;355
2020-05-03;"Bratislavský kraj";2;0;0;0;NA;90649;2;2020-05-03;355
2020-05-02;"Bratislavský kraj";0;0;0;0;NA;90649;0;2020-05-02;353
2020-05-01;"Bratislavský kraj";0;0;0;0;NA;90649;0;2020-05-01;353
2020-04-30;"Bratislavský kraj";5;0;0;0;NA;90649;5;2020-04-30;353
2020-04-29;"Bratislavský kraj";0;0;0;0;NA;90649;0;2020-04-29;348
2020-04-28;"Bratislavský kraj";2;0;0;0;NA;90649;2;2020-04-28;348
2020-04-27;"Bratislavský kraj";0;0;0;0;NA;90649;0;2020-04-27;346
2020-04-26;"Bratislavský kraj";1;0;0;0;NA;90649;1;2020-04-26;346
2020-04-25;"Bratislavský kraj";0;0;0;0;NA;90649;0;2020-04-25;345
2020-04-24;"Bratislavský kraj";2;0;0;0;NA;90649;2;2020-04-24;345
2020-04-23;"Bratislavský kraj";6;0;0;0;NA;90649;6;2020-04-23;343
2020-04-22;"Bratislavský kraj";11;0;0;0;NA;90649;11;2020-04-22;337
2020-04-21;"Bratislavský kraj";4;0;0;0;NA;90649;4;2020-04-21;326
2020-04-20;"Bratislavský kraj";0;0;0;0;NA;90649;0;2020-04-20;322
2020-04-19;"Bratislavský kraj";4;0;0;0;NA;90649;4;2020-04-19;322
2020-04-18;"Bratislavský kraj";5;0;0;0;NA;90649;5;2020-04-18;318
2020-04-17;"Bratislavský kraj";6;0;0;0;NA;90649;6;2020-04-17;313
2020-04-16;"Bratislavský kraj";15;0;0;0;NA;90649;15;2020-04-16;307
2020-04-15;"Bratislavský kraj";11;0;0;0;NA;90649;11;2020-04-15;292
2020-04-14;"Bratislavský kraj";19;0;0;0;NA;90649;19;2020-04-14;281
2020-04-13;"Bratislavský kraj";53;0;0;0;NA;90649;53;2020-04-13;262
2020-04-12;"Bratislavský kraj";3;0;0;0;NA;90649;3;2020-04-12;209
2020-04-11;"Bratislavský kraj";1;0;0;0;NA;90649;1;2020-04-11;206
2020-04-10;"Bratislavský kraj";8;0;0;0;NA;90649;8;2020-04-10;205
2020-04-09;"Bratislavský kraj";3;0;0;0;NA;90649;3;2020-04-09;197
2020-04-08;"Bratislavský kraj";3;0;0;0;NA;90649;3;2020-04-08;194
2020-04-07;"Bratislavský kraj";24;0;0;0;NA;90649;24;2020-04-07;191
2020-04-06;"Bratislavský kraj";5;0;0;0;NA;90649;5;2020-04-06;167
2020-04-05;"Bratislavský kraj";6;0;0;0;NA;90649;6;2020-04-05;162
2020-04-04;"Bratislavský kraj";2;0;0;0;NA;90649;2;2020-04-04;156
2020-04-03;"Bratislavský kraj";1;0;0;0;NA;90649;1;2020-04-03;154
2020-04-02;"Bratislavský kraj";2;0;0;0;NA;90649;2;2020-04-02;153
2020-04-01;"Bratislavský kraj";5;0;0;0;NA;90649;5;2020-04-01;151
2020-03-31;"Bratislavský kraj";19;0;0;0;NA;90649;19;2020-03-31;146
2020-03-30;"Bratislavský kraj";6;0;0;0;NA;90649;6;2020-03-30;127
2020-03-29;"Bratislavský kraj";8;0;0;0;NA;90649;8;2020-03-29;121
2020-03-28;"Bratislavský kraj";4;0;0;0;NA;90649;4;2020-03-28;113
2020-03-27;"Bratislavský kraj";3;0;0;0;NA;90649;3;2020-03-27;109
2020-03-26;"Bratislavský kraj";15;0;0;0;NA;90649;15;2020-03-26;106
2020-03-25;"Bratislavský kraj";1;0;0;0;NA;90649;1;2020-03-25;91
2020-03-24;"Bratislavský kraj";4;0;0;0;NA;90649;4;2020-03-24;90
2020-03-23;"Bratislavský kraj";9;0;0;0;NA;90649;9;2020-03-23;86
2020-03-22;"Bratislavský kraj";2;0;0;0;NA;90649;2;2020-03-22;77
2020-03-21;"Bratislavský kraj";22;0;0;0;NA;90649;22;2020-03-21;75
2020-03-20;"Bratislavský kraj";3;0;0;0;NA;90649;3;2020-03-20;53
2020-03-19;"Bratislavský kraj";4;0;0;0;NA;90649;4;2020-03-19;50
2020-03-18;"Bratislavský kraj";3;0;0;0;NA;90649;3;2020-03-18;46
2020-03-17;"Bratislavský kraj";13;0;0;0;NA;90649;13;2020-03-17;43
2020-03-16;"Bratislavský kraj";1;0;0;0;NA;90649;1;2020-03-16;30
2020-03-15;"Bratislavský kraj";4;0;0;0;NA;90649;4;2020-03-15;29
2020-03-14;"Bratislavský kraj";9;0;0;0;NA;90649;9;2020-03-14;25
2020-03-13;"Bratislavský kraj";2;0;0;0;NA;90649;2;2020-03-13;16
2020-03-12;"Bratislavský kraj";8;0;0;0;NA;90649;8;2020-03-12;14
2020-03-11;"Bratislavský kraj";3;0;0;0;NA;90649;3;2020-03-11;6
2020-03-09;"Bratislavský kraj";0;0;0;0;NA;90649;0;2020-03-09;3
2020-03-08;"Bratislavský kraj";2;0;0;0;NA;90649;2;2020-03-08;3
2020-03-07;"Bratislavský kraj";2;0;0;0;NA;90649;2;2020-03-07;1
2020-03-06;"Bratislavský kraj";1;0;0;0;NA;90649;1;2020-03-06;-1
2021-06-06;"Košický kraj";1;7165;6;7171;52684;97290;7;2021-06-06;97290
2021-06-05;"Košický kraj";21;8602;2;8604;NA;97290;23;2021-06-05;97283
2021-06-04;"Košický kraj";26;9886;16;9902;NA;97290;42;2021-06-04;97260
2021-06-03;"Košický kraj";23;6218;13;6231;NA;97290;36;2021-06-03;97218
2021-06-02;"Košický kraj";15;7114;24;7138;NA;97290;39;2021-06-02;97182
2021-06-01;"Košický kraj";13;7560;10;7570;NA;97290;23;2021-06-01;97143
2021-05-31;"Košický kraj";13;9256;18;9274;NA;97290;31;2021-05-31;97120
2021-05-30;"Košický kraj";3;11085;10;11095;NA;97290;13;2021-05-30;97089
2021-05-29;"Košický kraj";25;10626;22;10648;NA;97290;47;2021-05-29;97076
2021-05-28;"Košický kraj";17;13055;29;13084;NA;97290;46;2021-05-28;97029
2021-05-27;"Košický kraj";19;7809;24;7833;NA;97290;43;2021-05-27;96983
2021-05-26;"Košický kraj";35;8118;27;8145;NA;97290;62;2021-05-26;96940
2021-05-25;"Košický kraj";33;9238;12;9250;NA;97290;45;2021-05-25;96878
2021-05-24;"Košický kraj";10;10855;27;10882;NA;97290;37;2021-05-24;96833
2021-05-23;"Košický kraj";4;12151;15;12166;NA;97290;19;2021-05-23;96796
2021-05-22;"Košický kraj";27;12601;19;12620;NA;97290;46;2021-05-22;96777
2021-05-21;"Košický kraj";24;14910;27;14937;NA;97290;51;2021-05-21;96731
2021-05-20;"Košický kraj";20;9422;28;9450;NA;97290;48;2021-05-20;96680
2021-05-19;"Košický kraj";30;10421;21;10442;NA;97290;51;2021-05-19;96632
2021-05-18;"Košický kraj";34;10254;36;10290;NA;97290;70;2021-05-18;96581
2021-05-17;"Košický kraj";20;12686;38;12724;NA;97290;58;2021-05-17;96511
2021-05-16;"Košický kraj";37;17865;20;17885;NA;97290;57;2021-05-16;96453
2021-05-15;"Košický kraj";22;25602;28;25630;NA;97290;50;2021-05-15;96396
2021-05-14;"Košický kraj";32;21805;42;21847;NA;97290;74;2021-05-14;96346
2021-05-13;"Košický kraj";39;10169;32;10201;NA;97290;71;2021-05-13;96272
2021-05-12;"Košický kraj";85;10866;33;10899;NA;97290;118;2021-05-12;96201
2021-05-11;"Košický kraj";68;11166;32;11198;NA;97290;100;2021-05-11;96083
2021-05-10;"Košický kraj";25;17042;42;17084;NA;97290;67;2021-05-10;95983
2021-05-09;"Košický kraj";84;25594;55;25649;NA;97290;139;2021-05-09;95916
2021-05-08;"Košický kraj";18;23195;23;23218;NA;97290;41;2021-05-08;95777
2021-05-07;"Košický kraj";51;24493;57;24550;NA;97290;108;2021-05-07;95736
2021-05-06;"Košický kraj";55;11841;43;11884;NA;97290;98;2021-05-06;95628
2021-05-05;"Košický kraj";23;12123;35;12158;NA;97290;58;2021-05-05;95530
2021-05-04;"Košický kraj";143;13562;38;13600;NA;97290;181;2021-05-04;95472
2021-05-03;"Košický kraj";37;17041;69;17110;NA;97290;106;2021-05-03;95291
2021-05-02;"Košický kraj";45;36095;56;36151;NA;97290;101;2021-05-02;95185
2021-05-01;"Košický kraj";54;51722;76;51798;NA;97290;130;2021-05-01;95084
2021-04-30;"Košický kraj";59;44707;94;44801;NA;97290;153;2021-04-30;94954
2021-04-29;"Košický kraj";76;17302;53;17355;NA;97290;129;2021-04-29;94801
2021-04-28;"Košický kraj";99;17930;52;17982;NA;97290;151;2021-04-28;94672
2021-04-27;"Košický kraj";108;20670;43;20713;NA;97290;151;2021-04-27;94521
2021-04-26;"Košický kraj";39;25897;96;25993;NA;97290;135;2021-04-26;94370
2021-04-25;"Košický kraj";23;48355;57;48412;NA;97290;80;2021-04-25;94235
2021-04-24;"Košický kraj";68;90123;114;90237;NA;97290;182;2021-04-24;94155
2021-04-23;"Košický kraj";110;41232;72;41304;NA;97290;182;2021-04-23;93973
2021-04-22;"Košický kraj";56;16772;44;16816;NA;97290;100;2021-04-22;93791
2021-04-21;"Košický kraj";114;19519;61;19580;NA;97290;175;2021-04-21;93691
2021-04-20;"Košický kraj";81;25359;63;25422;NA;97290;144;2021-04-20;93516
2021-04-19;"Košický kraj";93;29950;108;30058;NA;97290;201;2021-04-19;93372
2021-04-18;"Košický kraj";10;48913;82;48995;NA;97290;92;2021-04-18;93171
2021-04-17;"Košický kraj";187;83856;103;83959;NA;97290;290;2021-04-17;93079
2021-04-16;"Košický kraj";83;41568;127;41695;NA;97290;210;2021-04-16;92789
2021-04-15;"Košický kraj";104;18522;93;18615;NA;97290;197;2021-04-15;92579
2021-04-14;"Košický kraj";119;20089;64;20153;NA;97290;183;2021-04-14;92382
2021-04-13;"Košický kraj";81;23175;120;23295;NA;97290;201;2021-04-13;92199
2021-04-12;"Košický kraj";129;26573;124;26697;NA;97290;253;2021-04-12;91998
2021-04-11;"Košický kraj";29;46948;79;47027;NA;97290;108;2021-04-11;91745
2021-04-10;"Košický kraj";138;99836;183;100019;NA;97290;321;2021-04-10;91637
2021-04-09;"Košický kraj";168;35206;133;35339;NA;97290;301;2021-04-09;91316
2021-04-08;"Košický kraj";81;18530;90;18620;NA;97290;171;2021-04-08;91015
2021-04-07;"Košický kraj";232;28027;194;28221;NA;97290;426;2021-04-07;90844
2021-04-06;"Košický kraj";121;36495;164;36659;NA;97290;285;2021-04-06;90418
2021-04-05;"Košický kraj";19;14361;66;14427;NA;97290;85;2021-04-05;90133
2021-04-04;"Košický kraj";33;15089;66;15155;NA;97290;99;2021-04-04;90048
2021-04-03;"Košický kraj";138;97664;241;97905;NA;97290;379;2021-04-03;89949
2021-04-02;"Košický kraj";128;24290;76;24366;NA;97290;204;2021-04-02;89570
2021-04-01;"Košický kraj";165;46151;156;46307;NA;97290;321;2021-04-01;89366
2021-03-31;"Košický kraj";160;29659;124;29783;NA;97290;284;2021-03-31;89045
2021-03-30;"Košický kraj";229;24038;163;24201;NA;97290;392;2021-03-30;88761
2021-03-29;"Košický kraj";78;28843;194;29037;NA;97290;272;2021-03-29;88369
2021-03-28;"Košický kraj";39;44263;128;44391;NA;97290;167;2021-03-28;88097
2021-03-27;"Košický kraj";222;96602;265;96867;NA;97290;487;2021-03-27;87930
2021-03-26;"Košický kraj";233;45252;202;45454;NA;97290;435;2021-03-26;87443
2021-03-25;"Košický kraj";133;23804;175;23979;NA;97290;308;2021-03-25;87008
2021-03-24;"Košický kraj";165;20677;155;20832;NA;97290;320;2021-03-24;86700
2021-03-23;"Košický kraj";202;22434;192;22626;NA;97290;394;2021-03-23;86380
2021-03-22;"Košický kraj";169;26890;228;27118;NA;97290;397;2021-03-22;85986
2021-03-21;"Košický kraj";109;46746;167;46913;NA;97290;276;2021-03-21;85589
2021-03-20;"Košický kraj";126;101334;311;101645;NA;97290;437;2021-03-20;85313
2021-03-19;"Košický kraj";205;45632;260;45892;NA;97290;465;2021-03-19;84876
2021-03-18;"Košický kraj";274;23823;212;24035;NA;97290;486;2021-03-18;84411
2021-03-17;"Košický kraj";177;21545;195;21740;NA;97290;372;2021-03-17;83925
2021-03-16;"Košický kraj";386;23431;226;23657;NA;97290;612;2021-03-16;83553
2021-03-15;"Košický kraj";173;27900;297;28197;NA;97290;470;2021-03-15;82941
2021-03-14;"Košický kraj";145;44354;220;44574;NA;97290;365;2021-03-14;82471
2021-03-13;"Košický kraj";146;103790;483;104273;NA;97290;629;2021-03-13;82106
2021-03-12;"Košický kraj";366;47871;321;48192;NA;97290;687;2021-03-12;81477
2021-03-11;"Košický kraj";396;23229;263;23492;NA;97290;659;2021-03-11;80790
2021-03-10;"Košický kraj";121;22191;269;22460;NA;97290;390;2021-03-10;80131
2021-03-09;"Košický kraj";676;24509;300;24809;NA;97290;976;2021-03-09;79741
2021-03-08;"Košický kraj";559;29836;344;30180;NA;97290;903;2021-03-08;78765
2021-03-07;"Košický kraj";45;44230;299;44529;NA;97290;344;2021-03-07;77862
2021-03-06;"Košický kraj";177;105598;532;106130;NA;97290;709;2021-03-06;77518
2021-03-05;"Košický kraj";439;45567;424;45991;NA;97290;863;2021-03-05;76809
2021-03-04;"Košický kraj";417;23862;320;24182;NA;97290;737;2021-03-04;75946
2021-03-03;"Košický kraj";390;23168;298;23466;NA;97290;688;2021-03-03;75209
2021-03-02;"Košický kraj";464;24150;368;24518;NA;97290;832;2021-03-02;74521
2021-03-01;"Košický kraj";389;30013;514;30527;NA;97290;903;2021-03-01;73689
2021-02-28;"Košický kraj";265;43053;334;43387;NA;97290;599;2021-02-28;72786
2021-02-27;"Košický kraj";301;100559;784;101343;NA;97290;1085;2021-02-27;72187
2021-02-26;"Košický kraj";440;45466;492;45958;NA;97290;932;2021-02-26;71102
2021-02-25;"Košický kraj";331;19872;342;20214;NA;97290;673;2021-02-25;70170
2021-02-24;"Košický kraj";263;18815;506;19321;NA;97290;769;2021-02-24;69497
2021-02-23;"Košický kraj";642;21592;341;21933;NA;97290;983;2021-02-23;68728
2021-02-22;"Košický kraj";362;30830;434;31264;NA;97290;796;2021-02-22;67745
2021-02-21;"Košický kraj";170;40464;385;40849;NA;97290;555;2021-02-21;66949
2021-02-20;"Košický kraj";283;92550;770;93320;NA;97290;1053;2021-02-20;66394
2021-02-19;"Košický kraj";507;42016;586;42602;NA;97290;1093;2021-02-19;65341
2021-02-18;"Košický kraj";397;18442;345;18787;NA;97290;742;2021-02-18;64248
2021-02-17;"Košický kraj";322;18080;387;18467;NA;97290;709;2021-02-17;63506
2021-02-16;"Košický kraj";600;22111;463;22574;NA;97290;1063;2021-02-16;62797
2021-02-15;"Košický kraj";216;27633;419;28052;NA;97290;635;2021-02-15;61734
2021-02-14;"Košický kraj";241;56743;524;57267;NA;97290;765;2021-02-14;61099
2021-02-13;"Košický kraj";206;93965;765;94730;NA;97290;971;2021-02-13;60334
2021-02-12;"Košický kraj";448;50184;611;50795;NA;97290;1059;2021-02-12;59363
2021-02-11;"Košický kraj";435;14524;323;14847;NA;97290;758;2021-02-11;58304
2021-02-10;"Košický kraj";360;18475;431;18906;NA;97290;791;2021-02-10;57546
2021-02-09;"Košický kraj";545;24841;463;25304;NA;97290;1008;2021-02-09;56755
2021-02-08;"Košický kraj";237;24836;392;25228;NA;97290;629;2021-02-08;55747
2021-02-07;"Košický kraj";208;56897;612;57509;NA;97290;820;2021-02-07;55118
2021-02-06;"Košický kraj";318;104357;884;105241;NA;97290;1202;2021-02-06;54298
2021-02-05;"Košický kraj";384;43186;494;43680;NA;97290;878;2021-02-05;53096
2021-02-04;"Košický kraj";391;14508;371;14879;NA;97290;762;2021-02-04;52218
2021-02-03;"Košický kraj";296;12599;339;12938;NA;97290;635;2021-02-03;51456
2021-02-02;"Košický kraj";473;43883;1212;45095;NA;97290;1685;2021-02-02;50821
2021-02-01;"Košický kraj";415;21965;362;22327;NA;97290;777;2021-02-01;49136
2021-01-31;"Košický kraj";142;54154;609;54763;NA;97290;751;2021-01-31;48359
2021-01-30;"Košický kraj";320;76722;661;77383;NA;97290;981;2021-01-30;47608
2021-01-29;"Košický kraj";311;37130;466;37596;NA;97290;777;2021-01-29;46627
2021-01-28;"Košický kraj";540;9006;244;9250;NA;97290;784;2021-01-28;45850
2021-01-27;"Košický kraj";265;7575;211;7786;NA;97290;476;2021-01-27;45066
2021-01-26;"Košický kraj";530;14256;246;14502;NA;97290;776;2021-01-26;44590
2021-01-25;"Košický kraj";226;26430;413;26843;NA;97290;639;2021-01-25;43814
2021-01-24;"Košický kraj";150;44419;581;45000;NA;97290;731;2021-01-24;43175
2021-01-23;"Košický kraj";232;82705;857;83562;NA;97290;1089;2021-01-23;42444
2021-01-22;"Košický kraj";316;19997;265;20262;NA;97290;581;2021-01-22;41355
2021-01-21;"Košický kraj";274;14047;158;14205;NA;97290;432;2021-01-21;40774
2021-01-20;"Košický kraj";374;10843;201;11044;NA;97290;575;2021-01-20;40342
2021-01-19;"Košický kraj";248;9717;181;9898;NA;97290;429;2021-01-19;39767
2021-01-18;"Košický kraj";333;7659;262;7921;NA;97290;595;2021-01-18;39338
2021-01-17;"Košický kraj";155;535;14;549;NA;97290;169;2021-01-17;38743
2021-01-16;"Košický kraj";153;1403;47;1450;NA;97290;200;2021-01-16;38574
2021-01-15;"Košický kraj";308;6443;213;6656;NA;97290;521;2021-01-15;38374
2021-01-14;"Košický kraj";358;5471;221;5692;NA;97290;579;2021-01-14;37853
2021-01-13;"Košický kraj";421;4897;226;5123;NA;97290;647;2021-01-13;37274
2021-01-12;"Košický kraj";482;6689;258;6947;NA;97290;740;2021-01-12;36627
2021-01-11;"Košický kraj";309;7945;304;8249;NA;97290;613;2021-01-11;35887
2021-01-10;"Košický kraj";193;136;6;142;NA;97290;199;2021-01-10;35274
2021-01-09;"Košický kraj";469;1134;45;1179;NA;97290;514;2021-01-09;35075
2021-01-08;"Košický kraj";551;8222;388;8610;NA;97290;939;2021-01-08;34561
2021-01-07;"Košický kraj";251;6566;434;7000;NA;97290;685;2021-01-07;33622
2021-01-06;"Košický kraj";442;429;33;462;NA;97290;475;2021-01-06;32937
2021-01-05;"Košický kraj";584;8100;560;8660;NA;97290;1144;2021-01-05;32462
2021-01-04;"Košický kraj";407;7113;737;7850;NA;97290;1144;2021-01-04;31318
2021-01-03;"Košický kraj";118;661;22;683;NA;97290;140;2021-01-03;30174
2021-01-02;"Košický kraj";88;440;52;492;NA;97290;140;2021-01-02;30034
2021-01-01;"Košický kraj";398;725;49;774;NA;97290;447;2021-01-01;29894
2020-12-31;"Košický kraj";625;7877;461;8338;NA;97290;1086;2020-12-31;29447
2020-12-30;"Košický kraj";590;6477;412;6889;NA;97290;1002;2020-12-30;28361
2020-12-29;"Košický kraj";419;7573;605;8178;NA;97290;1024;2020-12-29;27359
2020-12-28;"Košický kraj";356;8296;804;9100;NA;97290;1160;2020-12-28;26335
2020-12-27;"Košický kraj";159;147;16;163;NA;97290;175;2020-12-27;25175
2020-12-26;"Košický kraj";163;274;23;297;NA;97290;186;2020-12-26;25000
2020-12-25;"Košický kraj";237;140;10;150;NA;97290;247;2020-12-25;24814
2020-12-24;"Košický kraj";564;1470;90;1560;NA;97290;654;2020-12-24;24567
2020-12-23;"Košický kraj";304;7942;354;8296;NA;97290;658;2020-12-23;23913
2020-12-22;"Košický kraj";438;7920;459;8379;NA;97290;897;2020-12-22;23255
2020-12-21;"Košický kraj";405;6984;509;7493;NA;97290;914;2020-12-21;22358
2020-12-20;"Košický kraj";215;73;11;84;NA;97290;226;2020-12-20;21444
2020-12-19;"Košický kraj";207;1309;63;1372;NA;97290;270;2020-12-19;21218
2020-12-18;"Košický kraj";310;8484;326;8810;NA;97290;636;2020-12-18;20948
2020-12-17;"Košický kraj";463;5292;255;5547;NA;97290;718;2020-12-17;20312
2020-12-16;"Košický kraj";455;5898;316;6214;NA;97290;771;2020-12-16;19594
2020-12-15;"Košický kraj";319;5086;338;5424;NA;97290;657;2020-12-15;18823
2020-12-14;"Košický kraj";256;3401;264;3665;NA;97290;520;2020-12-14;18166
2020-12-13;"Košický kraj";47;181;2;183;NA;97290;49;2020-12-13;17646
2020-12-12;"Košický kraj";369;1587;118;1705;NA;97290;487;2020-12-12;17597
2020-12-11;"Košický kraj";354;5461;258;5719;NA;97290;612;2020-12-11;17110
2020-12-10;"Košický kraj";283;4064;176;4240;NA;97290;459;2020-12-10;16498
2020-12-09;"Košický kraj";279;3786;166;3952;NA;97290;445;2020-12-09;16039
2020-12-08;"Košický kraj";226;4105;355;4460;NA;97290;581;2020-12-08;15594
2020-12-07;"Košický kraj";270;2383;106;2489;NA;97290;376;2020-12-07;15013
2020-12-06;"Košický kraj";121;97;20;117;NA;97290;141;2020-12-06;14637
2020-12-05;"Košický kraj";90;1096;48;1144;NA;97290;138;2020-12-05;14496
2020-12-04;"Košický kraj";224;2680;82;2762;NA;97290;306;2020-12-04;14358
2020-12-03;"Košický kraj";211;7717;173;7890;NA;97290;384;2020-12-03;14052
2020-12-02;"Košický kraj";193;8132;496;8628;NA;97290;689;2020-12-02;13668
2020-12-01;"Košický kraj";178;2237;124;2361;NA;97290;302;2020-12-01;12979
2020-11-30;"Košický kraj";171;3754;62;3816;NA;97290;233;2020-11-30;12677
2020-11-29;"Košický kraj";31;325;17;342;NA;97290;48;2020-11-29;12444
2020-11-28;"Košický kraj";69;721;52;773;NA;97290;121;2020-11-28;12396
2020-11-27;"Košický kraj";149;2921;78;2999;NA;97290;227;2020-11-27;12275
2020-11-26;"Košický kraj";239;1234;60;1294;NA;97290;299;2020-11-26;12048
2020-11-25;"Košický kraj";237;1785;123;1908;NA;97290;360;2020-11-25;11749
2020-11-24;"Košický kraj";196;1976;67;2043;NA;97290;263;2020-11-24;11389
2020-11-23;"Košický kraj";51;4115;63;4178;NA;97290;114;2020-11-23;11126
2020-11-22;"Košický kraj";57;57;5;62;NA;97290;62;2020-11-22;11012
2020-11-21;"Košický kraj";87;858;36;894;NA;97290;123;2020-11-21;10950
2020-11-20;"Košický kraj";176;3084;49;3133;NA;97290;225;2020-11-20;10827
2020-11-19;"Košický kraj";206;1736;48;1784;NA;97290;254;2020-11-19;10602
2020-11-18;"Košický kraj";122;532;17;549;NA;97290;139;2020-11-18;10348
2020-11-17;"Košický kraj";152;82;9;91;NA;97290;161;2020-11-17;10209
2020-11-16;"Košický kraj";114;596;27;623;NA;97290;141;2020-11-16;10048
2020-11-15;"Košický kraj";15;338;7;345;NA;97290;22;2020-11-15;9907
2020-11-14;"Košický kraj";234;520;12;532;NA;97290;246;2020-11-14;9885
2020-11-13;"Košický kraj";207;664;29;693;NA;97290;236;2020-11-13;9639
2020-11-12;"Košický kraj";192;736;13;749;NA;97290;205;2020-11-12;9403
2020-11-11;"Košický kraj";301;593;7;600;NA;97290;308;2020-11-11;9198
2020-11-10;"Košický kraj";190;541;11;552;NA;97290;201;2020-11-10;8890
2020-11-09;"Košický kraj";129;380;17;397;NA;97290;146;2020-11-09;8689
2020-11-08;"Košický kraj";78;1306;8;1314;NA;97290;86;2020-11-08;8543
2020-11-07;"Košický kraj";192;3909;22;3931;NA;97290;214;2020-11-07;8457
2020-11-06;"Košický kraj";195;5310;34;5344;NA;97290;229;2020-11-06;8243
2020-11-05;"Košický kraj";342;330;31;361;NA;97290;373;2020-11-05;8014
2020-11-04;"Košický kraj";101;154;6;160;NA;97290;107;2020-11-04;7641
2020-11-03;"Košický kraj";358;1122;13;1135;NA;97290;371;2020-11-03;7534
2020-11-02;"Košický kraj";111;6125;56;6181;NA;97290;167;2020-11-02;7163
2020-11-01;"Košický kraj";346;6522;34;6556;NA;97290;380;2020-11-01;6996
2020-10-31;"Košický kraj";82;14035;106;14141;NA;97290;188;2020-10-31;6616
2020-10-30;"Košický kraj";379;2835;27;2862;NA;97290;406;2020-10-30;6428
2020-10-29;"Košický kraj";333;983;13;996;NA;97290;346;2020-10-29;6022
2020-10-28;"Košický kraj";224;305;13;318;NA;97290;237;2020-10-28;5676
2020-10-27;"Košický kraj";386;439;21;460;NA;97290;407;2020-10-27;5439
2020-10-26;"Košický kraj";56;212;12;224;NA;97290;68;2020-10-26;5032
2020-10-25;"Košický kraj";154;79;2;81;NA;97290;156;2020-10-25;4964
2020-10-24;"Košický kraj";313;118;16;134;NA;97290;329;2020-10-24;4808
2020-10-23;"Košický kraj";315;331;8;339;NA;97290;323;2020-10-23;4479
2020-10-22;"Košický kraj";349;530;16;546;NA;97290;365;2020-10-22;4156
2020-10-21;"Košický kraj";129;84;2;86;NA;97290;131;2020-10-21;3791
2020-10-20;"Košický kraj";181;14;1;15;NA;97290;182;2020-10-20;3660
2020-10-19;"Košický kraj";64;38;1;39;NA;97290;65;2020-10-19;3478
2020-10-18;"Košický kraj";158;0;0;0;NA;97290;158;2020-10-18;3413
2020-10-17;"Košický kraj";142;0;0;0;NA;97290;142;2020-10-17;3255
2020-10-16;"Košický kraj";206;19;0;19;NA;97290;206;2020-10-16;3113
2020-10-15;"Košický kraj";177;19;5;24;NA;97290;182;2020-10-15;2907
2020-10-14;"Košický kraj";211;8;0;8;NA;97290;211;2020-10-14;2725
2020-10-13;"Košický kraj";179;80;3;83;NA;97290;182;2020-10-13;2514
2020-10-12;"Košický kraj";74;0;0;0;NA;97290;74;2020-10-12;2332
2020-10-11;"Košický kraj";121;0;0;0;NA;97290;121;2020-10-11;2258
2020-10-10;"Košický kraj";70;0;0;0;NA;97290;70;2020-10-10;2137
2020-10-09;"Košický kraj";188;0;0;0;NA;97290;188;2020-10-09;2067
2020-10-08;"Košický kraj";102;0;0;0;NA;97290;102;2020-10-08;1879
2020-10-07;"Košický kraj";158;0;0;0;NA;97290;158;2020-10-07;1777
2020-10-06;"Košický kraj";70;0;0;0;NA;97290;70;2020-10-06;1619
2020-10-05;"Košický kraj";39;0;0;0;NA;97290;39;2020-10-05;1549
2020-10-04;"Košický kraj";45;0;0;0;NA;97290;45;2020-10-04;1510
2020-10-03;"Košický kraj";105;0;0;0;NA;97290;105;2020-10-03;1465
2020-10-02;"Košický kraj";57;0;0;0;NA;97290;57;2020-10-02;1360
2020-10-01;"Košický kraj";69;0;0;0;NA;97290;69;2020-10-01;1303
2020-09-30;"Košický kraj";95;0;0;0;NA;97290;95;2020-09-30;1234
2020-09-29;"Košický kraj";75;0;0;0;NA;97290;75;2020-09-29;1139
2020-09-28;"Košický kraj";19;0;0;0;NA;97290;19;2020-09-28;1064
2020-09-27;"Košický kraj";21;0;0;0;NA;97290;21;2020-09-27;1045
2020-09-26;"Košický kraj";53;0;0;0;NA;97290;53;2020-09-26;1024
2020-09-25;"Košický kraj";72;0;0;0;NA;97290;72;2020-09-25;971
2020-09-24;"Košický kraj";35;0;0;0;NA;97290;35;2020-09-24;899
2020-09-23;"Košický kraj";23;0;0;0;NA;97290;23;2020-09-23;864
2020-09-22;"Košický kraj";39;0;0;0;NA;97290;39;2020-09-22;841
2020-09-21;"Košický kraj";5;0;0;0;NA;97290;5;2020-09-21;802
2020-09-20;"Košický kraj";3;0;0;0;NA;97290;3;2020-09-20;797
2020-09-19;"Košický kraj";13;0;0;0;NA;97290;13;2020-09-19;794
2020-09-18;"Košický kraj";20;0;0;0;NA;97290;20;2020-09-18;781
2020-09-17;"Košický kraj";22;0;0;0;NA;97290;22;2020-09-17;761
2020-09-16;"Košický kraj";12;0;0;0;NA;97290;12;2020-09-16;739
2020-09-15;"Košický kraj";10;0;0;0;NA;97290;10;2020-09-15;727
2020-09-14;"Košický kraj";6;0;0;0;NA;97290;6;2020-09-14;717
2020-09-13;"Košický kraj";3;0;0;0;NA;97290;3;2020-09-13;711
2020-09-12;"Košický kraj";16;0;0;0;NA;97290;16;2020-09-12;708
2020-09-11;"Košický kraj";20;0;0;0;NA;97290;20;2020-09-11;692
2020-09-10;"Košický kraj";11;0;0;0;NA;97290;11;2020-09-10;672
2020-09-09;"Košický kraj";37;0;0;0;NA;97290;37;2020-09-09;661
2020-09-08;"Košický kraj";10;0;0;0;NA;97290;10;2020-09-08;624
2020-09-07;"Košický kraj";4;0;0;0;NA;97290;4;2020-09-07;614
2020-09-06;"Košický kraj";2;0;0;0;NA;97290;2;2020-09-06;610
2020-09-05;"Košický kraj";10;0;0;0;NA;97290;10;2020-09-05;608
2020-09-04;"Košický kraj";14;0;0;0;NA;97290;14;2020-09-04;598
2020-09-03;"Košický kraj";22;0;0;0;NA;97290;22;2020-09-03;584
2020-09-02;"Košický kraj";13;0;0;0;NA;97290;13;2020-09-02;562
2020-09-01;"Košický kraj";21;0;0;0;NA;97290;21;2020-09-01;549
2020-08-31;"Košický kraj";9;0;0;0;NA;97290;9;2020-08-31;528
2020-08-30;"Košický kraj";21;0;0;0;NA;97290;21;2020-08-30;519
2020-08-29;"Košický kraj";1;0;0;0;NA;97290;1;2020-08-29;498
2020-08-28;"Košický kraj";19;0;0;0;NA;97290;19;2020-08-28;497
2020-08-27;"Košický kraj";15;0;0;0;NA;97290;15;2020-08-27;478
2020-08-26;"Košický kraj";8;0;0;0;NA;97290;8;2020-08-26;463
2020-08-25;"Košický kraj";23;0;0;0;NA;97290;23;2020-08-25;455
2020-08-24;"Košický kraj";6;0;0;0;NA;97290;6;2020-08-24;432
2020-08-23;"Košický kraj";8;0;0;0;NA;97290;8;2020-08-23;426
2020-08-22;"Košický kraj";13;0;0;0;NA;97290;13;2020-08-22;418
2020-08-21;"Košický kraj";10;0;0;0;NA;97290;10;2020-08-21;405
2020-08-20;"Košický kraj";10;0;0;0;NA;97290;10;2020-08-20;395
2020-08-19;"Košický kraj";3;0;0;0;NA;97290;3;2020-08-19;385
2020-08-18;"Košický kraj";7;0;0;0;NA;97290;7;2020-08-18;382
2020-08-17;"Košický kraj";2;0;0;0;NA;97290;2;2020-08-17;375
2020-08-16;"Košický kraj";2;0;0;0;NA;97290;2;2020-08-16;373
2020-08-15;"Košický kraj";3;0;0;0;NA;97290;3;2020-08-15;371
2020-08-14;"Košický kraj";1;0;0;0;NA;97290;1;2020-08-14;368
2020-08-13;"Košický kraj";3;0;0;0;NA;97290;3;2020-08-13;367
2020-08-12;"Košický kraj";12;0;0;0;NA;97290;12;2020-08-12;364
2020-08-11;"Košický kraj";5;0;0;0;NA;97290;5;2020-08-11;352
2020-08-10;"Košický kraj";1;0;0;0;NA;97290;1;2020-08-10;347
2020-08-09;"Košický kraj";0;0;0;0;NA;97290;0;2020-08-09;346
2020-08-08;"Košický kraj";5;0;0;0;NA;97290;5;2020-08-08;346
2020-08-07;"Košický kraj";7;0;0;0;NA;97290;7;2020-08-07;341
2020-08-06;"Košický kraj";3;0;0;0;NA;97290;3;2020-08-06;334
2020-08-05;"Košický kraj";4;0;0;0;NA;97290;4;2020-08-05;331
2020-08-04;"Košický kraj";1;0;0;0;NA;97290;1;2020-08-04;327
2020-08-03;"Košický kraj";1;0;0;0;NA;97290;1;2020-08-03;326
2020-08-02;"Košický kraj";0;0;0;0;NA;97290;0;2020-08-02;325
2020-08-01;"Košický kraj";0;0;0;0;NA;97290;0;2020-08-01;325
2020-07-31;"Košický kraj";0;0;0;0;NA;97290;0;2020-07-31;325
2020-07-30;"Košický kraj";2;0;0;0;NA;97290;2;2020-07-30;325
2020-07-29;"Košický kraj";1;0;0;0;NA;97290;1;2020-07-29;323
2020-07-28;"Košický kraj";9;0;0;0;NA;97290;9;2020-07-28;322
2020-07-27;"Košický kraj";4;0;0;0;NA;97290;4;2020-07-27;313
2020-07-26;"Košický kraj";0;0;0;0;NA;97290;0;2020-07-26;309
2020-07-25;"Košický kraj";2;0;0;0;NA;97290;2;2020-07-25;309
2020-07-24;"Košický kraj";2;0;0;0;NA;97290;2;2020-07-24;307
2020-07-23;"Košický kraj";1;0;0;0;NA;97290;1;2020-07-23;305
2020-07-22;"Košický kraj";1;0;0;0;NA;97290;1;2020-07-22;304
2020-07-21;"Košický kraj";0;0;0;0;NA;97290;0;2020-07-21;303
2020-07-20;"Košický kraj";0;0;0;0;NA;97290;0;2020-07-20;303
2020-07-19;"Košický kraj";0;0;0;0;NA;97290;0;2020-07-19;303
2020-07-18;"Košický kraj";1;0;0;0;NA;97290;1;2020-07-18;303
2020-07-17;"Košický kraj";1;0;0;0;NA;97290;1;2020-07-17;302
2020-07-16;"Košický kraj";0;0;0;0;NA;97290;0;2020-07-16;301
2020-07-15;"Košický kraj";2;0;0;0;NA;97290;2;2020-07-15;301
2020-07-14;"Košický kraj";1;0;0;0;NA;97290;1;2020-07-14;299
2020-07-13;"Košický kraj";1;0;0;0;NA;97290;1;2020-07-13;298
2020-07-12;"Košický kraj";0;0;0;0;NA;97290;0;2020-07-12;297
2020-07-11;"Košický kraj";0;0;0;0;NA;97290;0;2020-07-11;297
2020-07-10;"Košický kraj";1;0;0;0;NA;97290;1;2020-07-10;297
2020-07-09;"Košický kraj";1;0;0;0;NA;97290;1;2020-07-09;296
2020-07-08;"Košický kraj";12;0;0;0;NA;97290;12;2020-07-08;295
2020-07-07;"Košický kraj";0;0;0;0;NA;97290;0;2020-07-07;283
2020-07-06;"Košický kraj";0;0;0;0;NA;97290;0;2020-07-06;283
2020-07-05;"Košický kraj";0;0;0;0;NA;97290;0;2020-07-05;283
2020-07-04;"Košický kraj";0;0;0;0;NA;97290;0;2020-07-04;283
2020-07-03;"Košický kraj";1;0;0;0;NA;97290;1;2020-07-03;283
2020-07-02;"Košický kraj";0;0;0;0;NA;97290;0;2020-07-02;282
2020-07-01;"Košický kraj";1;0;0;0;NA;97290;1;2020-07-01;282
2020-06-30;"Košický kraj";0;0;0;0;NA;97290;0;2020-06-30;281
2020-06-29;"Košický kraj";0;0;0;0;NA;97290;0;2020-06-29;281
2020-06-28;"Košický kraj";0;0;0;0;NA;97290;0;2020-06-28;281
2020-06-27;"Košický kraj";0;0;0;0;NA;97290;0;2020-06-27;281
2020-06-26;"Košický kraj";0;0;0;0;NA;97290;0;2020-06-26;281
2020-06-25;"Košický kraj";3;0;0;0;NA;97290;3;2020-06-25;281
2020-06-24;"Košický kraj";3;0;0;0;NA;97290;3;2020-06-24;278
2020-06-23;"Košický kraj";3;0;0;0;NA;97290;3;2020-06-23;275
2020-06-22;"Košický kraj";0;0;0;0;NA;97290;0;2020-06-22;272
2020-06-21;"Košický kraj";0;0;0;0;NA;97290;0;2020-06-21;272
2020-06-20;"Košický kraj";0;0;0;0;NA;97290;0;2020-06-20;272
2020-06-19;"Košický kraj";0;0;0;0;NA;97290;0;2020-06-19;272
2020-06-18;"Košický kraj";1;0;0;0;NA;97290;1;2020-06-18;272
2020-06-17;"Košický kraj";0;0;0;0;NA;97290;0;2020-06-17;271
2020-06-16;"Košický kraj";2;0;0;0;NA;97290;2;2020-06-16;271
2020-06-14;"Košický kraj";0;0;0;0;NA;97290;0;2020-06-14;269
2020-06-13;"Košický kraj";0;0;0;0;NA;97290;0;2020-06-13;269
2020-06-12;"Košický kraj";0;0;0;0;NA;97290;0;2020-06-12;269
2020-06-11;"Košický kraj";0;0;0;0;NA;97290;0;2020-06-11;269
2020-06-10;"Košický kraj";6;0;0;0;NA;97290;6;2020-06-10;269
2020-06-09;"Košický kraj";0;0;0;0;NA;97290;0;2020-06-09;263
2020-06-08;"Košický kraj";0;0;0;0;NA;97290;0;2020-06-08;263
2020-06-07;"Košický kraj";2;0;0;0;NA;97290;2;2020-06-07;263
2020-06-05;"Košický kraj";0;0;0;0;NA;97290;0;2020-06-05;261
2020-06-03;"Košický kraj";0;0;0;0;NA;97290;0;2020-06-03;261
2020-06-02;"Košický kraj";1;0;0;0;NA;97290;1;2020-06-02;261
2020-05-31;"Košický kraj";0;0;0;0;NA;97290;0;2020-05-31;260
2020-05-29;"Košický kraj";1;0;0;0;NA;97290;1;2020-05-29;260
2020-05-27;"Košický kraj";0;0;0;0;NA;97290;0;2020-05-27;259
2020-05-26;"Košický kraj";1;0;0;0;NA;97290;1;2020-05-26;259
2020-05-25;"Košický kraj";1;0;0;0;NA;97290;1;2020-05-25;258
2020-05-24;"Košický kraj";0;0;0;0;NA;97290;0;2020-05-24;257
2020-05-23;"Košický kraj";0;0;0;0;NA;97290;0;2020-05-23;257
2020-05-22;"Košický kraj";0;0;0;0;NA;97290;0;2020-05-22;257
2020-05-21;"Košický kraj";0;0;0;0;NA;97290;0;2020-05-21;257
2020-05-20;"Košický kraj";3;0;0;0;NA;97290;3;2020-05-20;257
2020-05-19;"Košický kraj";0;0;0;0;NA;97290;0;2020-05-19;254
2020-05-17;"Košický kraj";1;0;0;0;NA;97290;1;2020-05-17;254
2020-05-16;"Košický kraj";1;0;0;0;NA;97290;1;2020-05-16;253
2020-05-15;"Košický kraj";10;0;0;0;NA;97290;10;2020-05-15;252
2020-05-14;"Košický kraj";1;0;0;0;NA;97290;1;2020-05-14;242
2020-05-13;"Košický kraj";6;0;0;0;NA;97290;6;2020-05-13;241
2020-05-12;"Košický kraj";0;0;0;0;NA;97290;0;2020-05-12;235
2020-05-11;"Košický kraj";0;0;0;0;NA;97290;0;2020-05-11;235
2020-05-09;"Košický kraj";0;0;0;0;NA;97290;0;2020-05-09;235
2020-05-07;"Košický kraj";0;0;0;0;NA;97290;0;2020-05-07;235
2020-05-06;"Košický kraj";1;0;0;0;NA;97290;1;2020-05-06;235
2020-05-05;"Košický kraj";0;0;0;0;NA;97290;0;2020-05-05;234
2020-05-04;"Košický kraj";0;0;0;0;NA;97290;0;2020-05-04;234
2020-05-03;"Košický kraj";0;0;0;0;NA;97290;0;2020-05-03;234
2020-05-02;"Košický kraj";1;0;0;0;NA;97290;1;2020-05-02;234
2020-05-01;"Košický kraj";0;0;0;0;NA;97290;0;2020-05-01;233
2020-04-30;"Košický kraj";1;0;0;0;NA;97290;1;2020-04-30;233
2020-04-29;"Košický kraj";1;0;0;0;NA;97290;1;2020-04-29;232
2020-04-28;"Košický kraj";1;0;0;0;NA;97290;1;2020-04-28;231
2020-04-27;"Košický kraj";1;0;0;0;NA;97290;1;2020-04-27;230
2020-04-26;"Košický kraj";0;0;0;0;NA;97290;0;2020-04-26;229
2020-04-25;"Košický kraj";0;0;0;0;NA;97290;0;2020-04-25;229
2020-04-24;"Košický kraj";3;0;0;0;NA;97290;3;2020-04-24;229
2020-04-23;"Košický kraj";4;0;0;0;NA;97290;4;2020-04-23;226
2020-04-22;"Košický kraj";21;0;0;0;NA;97290;21;2020-04-22;222
2020-04-21;"Košický kraj";4;0;0;0;NA;97290;4;2020-04-21;201
2020-04-20;"Košický kraj";0;0;0;0;NA;97290;0;2020-04-20;197
2020-04-19;"Košický kraj";1;0;0;0;NA;97290;1;2020-04-19;197
2020-04-18;"Košický kraj";2;0;0;0;NA;97290;2;2020-04-18;196
2020-04-17;"Košický kraj";7;0;0;0;NA;97290;7;2020-04-17;194
2020-04-16;"Košický kraj";29;0;0;0;NA;97290;29;2020-04-16;187
2020-04-15;"Košický kraj";50;0;0;0;NA;97290;50;2020-04-15;158
2020-04-14;"Košický kraj";4;0;0;0;NA;97290;4;2020-04-14;108
2020-04-13;"Košický kraj";5;0;0;0;NA;97290;5;2020-04-13;104
2020-04-12;"Košický kraj";4;0;0;0;NA;97290;4;2020-04-12;99
2020-04-11;"Košický kraj";2;0;0;0;NA;97290;2;2020-04-11;95
2020-04-10;"Košický kraj";1;0;0;0;NA;97290;1;2020-04-10;93
2020-04-09;"Košický kraj";4;0;0;0;NA;97290;4;2020-04-09;92
2020-04-08;"Košický kraj";5;0;0;0;NA;97290;5;2020-04-08;88
2020-04-07;"Košický kraj";34;0;0;0;NA;97290;34;2020-04-07;83
2020-04-06;"Košický kraj";6;0;0;0;NA;97290;6;2020-04-06;49
2020-04-05;"Košický kraj";4;0;0;0;NA;97290;4;2020-04-05;43
2020-04-04;"Košický kraj";5;0;0;0;NA;97290;5;2020-04-04;39
2020-04-03;"Košický kraj";4;0;0;0;NA;97290;4;2020-04-03;34
2020-04-02;"Košický kraj";3;0;0;0;NA;97290;3;2020-04-02;30
2020-04-01;"Košický kraj";3;0;0;0;NA;97290;3;2020-04-01;27
2020-03-31;"Košický kraj";1;0;0;0;NA;97290;1;2020-03-31;24
2020-03-30;"Košický kraj";5;0;0;0;NA;97290;5;2020-03-30;23
2020-03-29;"Košický kraj";0;0;0;0;NA;97290;0;2020-03-29;18
2020-03-28;"Košický kraj";1;0;0;0;NA;97290;1;2020-03-28;18
2020-03-27;"Košický kraj";1;0;0;0;NA;97290;1;2020-03-27;17
2020-03-26;"Košický kraj";3;0;0;0;NA;97290;3;2020-03-26;16
2020-03-25;"Košický kraj";2;0;0;0;NA;97290;2;2020-03-25;13
2020-03-24;"Košický kraj";0;0;0;0;NA;97290;0;2020-03-24;11
2020-03-23;"Košický kraj";2;0;0;0;NA;97290;2;2020-03-23;11
2020-03-22;"Košický kraj";0;0;0;0;NA;97290;0;2020-03-22;9
2020-03-21;"Košický kraj";3;0;0;0;NA;97290;3;2020-03-21;9
2020-03-20;"Košický kraj";1;0;0;0;NA;97290;1;2020-03-20;6
2020-03-19;"Košický kraj";0;0;0;0;NA;97290;0;2020-03-19;5
2020-03-18;"Košický kraj";0;0;0;0;NA;97290;0;2020-03-18;5
2020-03-17;"Košický kraj";0;0;0;0;NA;97290;0;2020-03-17;5
2020-03-16;"Košický kraj";3;0;0;0;NA;97290;3;2020-03-16;5
2020-03-15;"Košický kraj";1;0;0;0;NA;97290;1;2020-03-15;2
2020-03-14;"Košický kraj";0;0;0;0;NA;97290;0;2020-03-14;1
2020-03-13;"Košický kraj";2;0;0;0;NA;97290;2;2020-03-13;1
2020-03-12;"Košický kraj";0;0;0;0;NA;97290;0;2020-03-12;-1
2020-03-11;"Košický kraj";0;0;0;0;NA;97290;0;2020-03-11;-1
2020-03-09;"Košický kraj";1;0;0;0;NA;97290;1;2020-03-09;-1
2020-03-08;"Košický kraj";0;0;0;0;NA;97290;0;2020-03-08;-2
2020-03-07;"Košický kraj";0;0;0;0;NA;97290;0;2020-03-07;-2
2020-03-06;"Košický kraj";0;0;0;0;NA;97290;0;2020-03-06;-2
2021-06-06;"Nitriansky kraj";0;6522;4;6526;39191;92538;4;2021-06-06;92538
2021-06-05;"Nitriansky kraj";6;7314;9;7323;NA;92538;15;2021-06-05;92534
2021-06-04;"Nitriansky kraj";9;6763;4;6767;NA;92538;13;2021-06-04;92519
2021-06-03;"Nitriansky kraj";2;5062;6;5068;NA;92538;8;2021-06-03;92506
2021-06-02;"Nitriansky kraj";11;4902;11;4913;NA;92538;22;2021-06-02;92498
2021-06-01;"Nitriansky kraj";3;4698;2;4700;NA;92538;5;2021-06-01;92476
2021-05-31;"Nitriansky kraj";8;8708;8;8716;NA;92538;16;2021-05-31;92471
2021-05-30;"Nitriansky kraj";1;9067;8;9075;NA;92538;9;2021-05-30;92455
2021-05-29;"Nitriansky kraj";2;12799;7;12806;NA;92538;9;2021-05-29;92446
2021-05-28;"Nitriansky kraj";10;8575;6;8581;NA;92538;16;2021-05-28;92437
2021-05-27;"Nitriansky kraj";4;6214;7;6221;NA;92538;11;2021-05-27;92421
2021-05-26;"Nitriansky kraj";11;8266;8;8274;NA;92538;19;2021-05-26;92410
2021-05-25;"Nitriansky kraj";15;7437;9;7446;NA;92538;24;2021-05-25;92391
2021-05-24;"Nitriansky kraj";14;9390;16;9406;NA;92538;30;2021-05-24;92367
2021-05-23;"Nitriansky kraj";1;9516;13;9529;NA;92538;14;2021-05-23;92337
2021-05-22;"Nitriansky kraj";7;16714;11;16725;NA;92538;18;2021-05-22;92323
2021-05-21;"Nitriansky kraj";18;10473;15;10488;NA;92538;33;2021-05-21;92305
2021-05-20;"Nitriansky kraj";8;7059;7;7066;NA;92538;15;2021-05-20;92272
2021-05-19;"Nitriansky kraj";20;6640;14;6654;NA;92538;34;2021-05-19;92257
2021-05-18;"Nitriansky kraj";23;7577;18;7595;NA;92538;41;2021-05-18;92223
2021-05-17;"Nitriansky kraj";22;9575;20;9595;NA;92538;42;2021-05-17;92182
2021-05-16;"Nitriansky kraj";4;13830;15;13845;NA;92538;19;2021-05-16;92140
2021-05-15;"Nitriansky kraj";5;25389;23;25412;NA;92538;28;2021-05-15;92121
2021-05-14;"Nitriansky kraj";18;13268;23;13291;NA;92538;41;2021-05-14;92093
2021-05-13;"Nitriansky kraj";24;8049;19;8068;NA;92538;43;2021-05-13;92052
2021-05-12;"Nitriansky kraj";10;7466;26;7492;NA;92538;36;2021-05-12;92009
2021-05-11;"Nitriansky kraj";36;8274;14;8288;NA;92538;50;2021-05-11;91973
2021-05-10;"Nitriansky kraj";16;13590;33;13623;NA;92538;49;2021-05-10;91923
2021-05-09;"Nitriansky kraj";8;21879;35;21914;NA;92538;43;2021-05-09;91874
2021-05-08;"Nitriansky kraj";0;24510;29;24539;NA;92538;29;2021-05-08;91831
2021-05-07;"Nitriansky kraj";32;14890;20;14910;NA;92538;52;2021-05-07;91802
2021-05-06;"Nitriansky kraj";30;9275;20;9295;NA;92538;50;2021-05-06;91750
2021-05-05;"Nitriansky kraj";19;8518;23;8541;NA;92538;42;2021-05-05;91700
2021-05-04;"Nitriansky kraj";46;8954;27;8981;NA;92538;73;2021-05-04;91658
2021-05-03;"Nitriansky kraj";32;14755;44;14799;NA;92538;76;2021-05-03;91585
2021-05-02;"Nitriansky kraj";4;31751;46;31797;NA;92538;50;2021-05-02;91509
2021-05-01;"Nitriansky kraj";23;60318;43;60361;NA;92538;66;2021-05-01;91459
2021-04-30;"Nitriansky kraj";28;31803;53;31856;NA;92538;81;2021-04-30;91393
2021-04-29;"Nitriansky kraj";27;13995;32;14027;NA;92538;59;2021-04-29;91312
2021-04-28;"Nitriansky kraj";36;14678;45;14723;NA;92538;81;2021-04-28;91253
2021-04-27;"Nitriansky kraj";51;13154;35;13189;NA;92538;86;2021-04-27;91172
2021-04-26;"Nitriansky kraj";38;21029;44;21073;NA;92538;82;2021-04-26;91086
2021-04-25;"Nitriansky kraj";7;43494;43;43537;NA;92538;50;2021-04-25;91004
2021-04-24;"Nitriansky kraj";23;92745;71;92816;NA;92538;94;2021-04-24;90954
2021-04-23;"Nitriansky kraj";54;35143;51;35194;NA;92538;105;2021-04-23;90860
2021-04-22;"Nitriansky kraj";32;15435;44;15479;NA;92538;76;2021-04-22;90755
2021-04-21;"Nitriansky kraj";38;14222;45;14267;NA;92538;83;2021-04-21;90679
2021-04-20;"Nitriansky kraj";67;16058;51;16109;NA;92538;118;2021-04-20;90596
2021-04-19;"Nitriansky kraj";35;24816;59;24875;NA;92538;94;2021-04-19;90478
2021-04-18;"Nitriansky kraj";0;39569;27;39596;NA;92538;27;2021-04-18;90384
2021-04-17;"Nitriansky kraj";34;92102;82;92184;NA;92538;116;2021-04-17;90357
2021-04-16;"Nitriansky kraj";46;32348;37;32385;NA;92538;83;2021-04-16;90241
2021-04-15;"Nitriansky kraj";75;16215;52;16267;NA;92538;127;2021-04-15;90158
2021-04-14;"Nitriansky kraj";43;14994;42;15036;NA;92538;85;2021-04-14;90031
2021-04-13;"Nitriansky kraj";110;14947;44;14991;NA;92538;154;2021-04-13;89946
2021-04-12;"Nitriansky kraj";29;22162;50;22212;NA;92538;79;2021-04-12;89792
2021-04-11;"Nitriansky kraj";1;37537;31;37568;NA;92538;32;2021-04-11;89713
2021-04-10;"Nitriansky kraj";35;95524;115;95639;NA;92538;150;2021-04-10;89681
2021-04-09;"Nitriansky kraj";69;30669;58;30727;NA;92538;127;2021-04-09;89531
2021-04-08;"Nitriansky kraj";71;15369;36;15405;NA;92538;107;2021-04-08;89404
2021-04-07;"Nitriansky kraj";64;18541;47;18588;NA;92538;111;2021-04-07;89297
2021-04-06;"Nitriansky kraj";65;33218;112;33330;NA;92538;177;2021-04-06;89186
2021-04-05;"Nitriansky kraj";37;12673;48;12721;NA;92538;85;2021-04-05;89009
2021-04-04;"Nitriansky kraj";5;17887;35;17922;NA;92538;40;2021-04-04;88924
2021-04-03;"Nitriansky kraj";26;85465;153;85618;NA;92538;179;2021-04-03;88884
2021-04-02;"Nitriansky kraj";32;18667;46;18713;NA;92538;78;2021-04-02;88705
2021-04-01;"Nitriansky kraj";63;24610;83;24693;NA;92538;146;2021-04-01;88627
2021-03-31;"Nitriansky kraj";73;21752;94;21846;NA;92538;167;2021-03-31;88481
2021-03-30;"Nitriansky kraj";125;17044;83;17127;NA;92538;208;2021-03-30;88314
2021-03-29;"Nitriansky kraj";81;25139;100;25239;NA;92538;181;2021-03-29;88106
2021-03-28;"Nitriansky kraj";6;45581;106;45687;NA;92538;112;2021-03-28;87925
2021-03-27;"Nitriansky kraj";39;103659;174;103833;NA;92538;213;2021-03-27;87813
2021-03-26;"Nitriansky kraj";90;40444;115;40559;NA;92538;205;2021-03-26;87600
2021-03-25;"Nitriansky kraj";95;19149;94;19243;NA;92538;189;2021-03-25;87395
2021-03-24;"Nitriansky kraj";90;14784;91;14875;NA;92538;181;2021-03-24;87206
2021-03-23;"Nitriansky kraj";167;16753;66;16819;NA;92538;233;2021-03-23;87025
2021-03-22;"Nitriansky kraj";101;23699;124;23823;NA;92538;225;2021-03-22;86792
2021-03-21;"Nitriansky kraj";27;42318;99;42417;NA;92538;126;2021-03-21;86567
2021-03-20;"Nitriansky kraj";36;99816;207;100023;NA;92538;243;2021-03-20;86441
2021-03-19;"Nitriansky kraj";76;37115;101;37216;NA;92538;177;2021-03-19;86198
2021-03-18;"Nitriansky kraj";103;20051;113;20164;NA;92538;216;2021-03-18;86021
2021-03-17;"Nitriansky kraj";87;15832;127;15959;NA;92538;214;2021-03-17;85805
2021-03-16;"Nitriansky kraj";172;18085;121;18206;NA;92538;293;2021-03-16;85591
2021-03-15;"Nitriansky kraj";130;24491;165;24656;NA;92538;295;2021-03-15;85298
2021-03-14;"Nitriansky kraj";3;45758;107;45865;NA;92538;110;2021-03-14;85003
2021-03-13;"Nitriansky kraj";65;112081;241;112322;NA;92538;306;2021-03-13;84893
2021-03-12;"Nitriansky kraj";127;40776;159;40935;NA;92538;286;2021-03-12;84587
2021-03-11;"Nitriansky kraj";131;18685;130;18815;NA;92538;261;2021-03-11;84301
2021-03-10;"Nitriansky kraj";96;17422;143;17565;NA;92538;239;2021-03-10;84040
2021-03-09;"Nitriansky kraj";260;17645;149;17794;NA;92538;409;2021-03-09;83801
2021-03-08;"Nitriansky kraj";145;27214;172;27386;NA;92538;317;2021-03-08;83392
2021-03-07;"Nitriansky kraj";48;46867;185;47052;NA;92538;233;2021-03-07;83075
2021-03-06;"Nitriansky kraj";86;110858;326;111184;NA;92538;412;2021-03-06;82842
2021-03-05;"Nitriansky kraj";133;39068;200;39268;NA;92538;333;2021-03-05;82430
2021-03-04;"Nitriansky kraj";176;18206;173;18379;NA;92538;349;2021-03-04;82097
2021-03-03;"Nitriansky kraj";172;17210;177;17387;NA;92538;349;2021-03-03;81748
2021-03-02;"Nitriansky kraj";274;20999;366;21365;NA;92538;640;2021-03-02;81399
2021-03-01;"Nitriansky kraj";133;27881;279;28160;NA;92538;412;2021-03-01;80759
2021-02-28;"Nitriansky kraj";80;40866;218;41084;NA;92538;298;2021-02-28;80347
2021-02-27;"Nitriansky kraj";101;106352;496;106848;NA;92538;597;2021-02-27;80049
2021-02-26;"Nitriansky kraj";109;36722;306;37028;NA;92538;415;2021-02-26;79452
2021-02-25;"Nitriansky kraj";188;15235;212;15447;NA;92538;400;2021-02-25;79037
2021-02-24;"Nitriansky kraj";125;13833;260;14093;NA;92538;385;2021-02-24;78637
2021-02-23;"Nitriansky kraj";273;15402;273;15675;NA;92538;546;2021-02-23;78252
2021-02-22;"Nitriansky kraj";154;26466;330;26796;NA;92538;484;2021-02-22;77706
2021-02-21;"Nitriansky kraj";22;43657;320;43977;NA;92538;342;2021-02-21;77222
2021-02-20;"Nitriansky kraj";128;108304;584;108888;NA;92538;712;2021-02-20;76880
2021-02-19;"Nitriansky kraj";173;36849;328;37177;NA;92538;501;2021-02-19;76168
2021-02-18;"Nitriansky kraj";202;17051;275;17326;NA;92538;477;2021-02-18;75667
2021-02-17;"Nitriansky kraj";198;12080;310;12390;NA;92538;508;2021-02-17;75190
2021-02-16;"Nitriansky kraj";284;14477;282;14759;NA;92538;566;2021-02-16;74682
2021-02-15;"Nitriansky kraj";122;27620;471;28091;NA;92538;593;2021-02-15;74116
2021-02-14;"Nitriansky kraj";8;50408;318;50726;NA;92538;326;2021-02-14;73523
2021-02-13;"Nitriansky kraj";127;110035;689;110724;NA;92538;816;2021-02-13;73197
2021-02-12;"Nitriansky kraj";162;33400;407;33807;NA;92538;569;2021-02-12;72381
2021-02-11;"Nitriansky kraj";195;12406;270;12676;NA;92538;465;2021-02-11;71812
2021-02-10;"Nitriansky kraj";186;17632;644;18276;NA;92538;830;2021-02-10;71347
2021-02-09;"Nitriansky kraj";260;18523;385;18908;NA;92538;645;2021-02-09;70517
2021-02-08;"Nitriansky kraj";177;37534;569;38103;NA;92538;746;2021-02-08;69872
2021-02-07;"Nitriansky kraj";20;52307;513;52820;NA;92538;533;2021-02-07;69126
2021-02-06;"Nitriansky kraj";129;101942;765;102707;NA;92538;894;2021-02-06;68593
2021-02-05;"Nitriansky kraj";244;26144;491;26635;NA;92538;735;2021-02-05;67699
2021-02-04;"Nitriansky kraj";308;15681;512;16193;NA;92538;820;2021-02-04;66964
2021-02-03;"Nitriansky kraj";191;13468;382;13850;NA;92538;573;2021-02-03;66144
2021-02-02;"Nitriansky kraj";327;17878;382;18260;NA;92538;709;2021-02-02;65571
2021-02-01;"Nitriansky kraj";221;24049;460;24509;NA;92538;681;2021-02-01;64862
2021-01-31;"Nitriansky kraj";9;45339;496;45835;NA;92538;505;2021-01-31;64181
2021-01-30;"Nitriansky kraj";152;98142;1077;99219;NA;92538;1229;2021-01-30;63676
2021-01-29;"Nitriansky kraj";302;22461;477;22938;NA;92538;779;2021-01-29;62447
2021-01-28;"Nitriansky kraj";269;11370;398;11768;NA;92538;667;2021-01-28;61668
2021-01-27;"Nitriansky kraj";235;6760;299;7059;NA;92538;534;2021-01-27;61001
2021-01-26;"Nitriansky kraj";345;16045;454;16499;NA;92538;799;2021-01-26;60467
2021-01-25;"Nitriansky kraj";201;21729;429;22158;NA;92538;630;2021-01-25;59668
2021-01-24;"Nitriansky kraj";12;78775;889;79664;NA;92538;901;2021-01-24;59038
2021-01-23;"Nitriansky kraj";277;97395;1434;98829;NA;92538;1711;2021-01-23;58137
2021-01-22;"Nitriansky kraj";139;35824;619;36443;NA;92538;758;2021-01-22;56426
2021-01-21;"Nitriansky kraj";305;14649;412;15061;NA;92538;717;2021-01-21;55668
2021-01-20;"Nitriansky kraj";326;11991;625;12616;NA;92538;951;2021-01-20;54951
2021-01-19;"Nitriansky kraj";344;11022;633;11655;NA;92538;977;2021-01-19;54000
2021-01-18;"Nitriansky kraj";367;8902;520;9422;NA;92538;887;2021-01-18;53023
2021-01-17;"Nitriansky kraj";97;15061;275;15336;NA;92538;372;2021-01-17;52136
2021-01-16;"Nitriansky kraj";64;36838;679;37517;NA;92538;743;2021-01-16;51764
2021-01-15;"Nitriansky kraj";373;15940;474;16414;NA;92538;847;2021-01-15;51021
2021-01-14;"Nitriansky kraj";627;10577;452;11029;NA;92538;1079;2021-01-14;50174
2021-01-13;"Nitriansky kraj";663;9234;484;9718;NA;92538;1147;2021-01-13;49095
2021-01-12;"Nitriansky kraj";642;9014;557;9571;NA;92538;1199;2021-01-12;47948
2021-01-11;"Nitriansky kraj";422;8625;556;9181;NA;92538;978;2021-01-11;46749
2021-01-10;"Nitriansky kraj";44;19841;730;20571;NA;92538;774;2021-01-10;45771
2021-01-09;"Nitriansky kraj";532;36823;1071;37894;NA;92538;1603;2021-01-09;44997
2021-01-08;"Nitriansky kraj";817;14297;711;15008;NA;92538;1528;2021-01-08;43394
2021-01-07;"Nitriansky kraj";438;10406;822;11228;NA;92538;1260;2021-01-07;41866
2021-01-06;"Nitriansky kraj";259;3192;197;3389;NA;92538;456;2021-01-06;40606
2021-01-05;"Nitriansky kraj";732;8901;1202;10103;NA;92538;1934;2021-01-05;40150
2021-01-04;"Nitriansky kraj";362;8692;1329;10021;NA;92538;1691;2021-01-04;38216
2021-01-03;"Nitriansky kraj";42;84;20;104;NA;92538;62;2021-01-03;36525
2021-01-02;"Nitriansky kraj";249;1090;26;1116;NA;92538;275;2021-01-02;36463
2021-01-01;"Nitriansky kraj";119;781;95;876;NA;92538;214;2021-01-01;36188
2020-12-31;"Nitriansky kraj";786;7646;962;8608;NA;92538;1748;2020-12-31;35974
2020-12-30;"Nitriansky kraj";1094;9619;1165;10784;NA;92538;2259;2020-12-30;34226
2020-12-29;"Nitriansky kraj";607;8277;1286;9563;NA;92538;1893;2020-12-29;31967
2020-12-28;"Nitriansky kraj";83;6981;1271;8252;NA;92538;1354;2020-12-28;30074
2020-12-27;"Nitriansky kraj";22;60;8;68;NA;92538;30;2020-12-27;28720
2020-12-26;"Nitriansky kraj";54;297;56;353;NA;92538;110;2020-12-26;28690
2020-12-25;"Nitriansky kraj";35;60;11;71;NA;92538;46;2020-12-25;28580
2020-12-24;"Nitriansky kraj";514;1861;176;2037;NA;92538;690;2020-12-24;28534
2020-12-23;"Nitriansky kraj";349;15295;843;16138;NA;92538;1192;2020-12-23;27844
2020-12-22;"Nitriansky kraj";673;10989;994;11983;NA;92538;1667;2020-12-22;26652
2020-12-21;"Nitriansky kraj";128;7953;976;8929;NA;92538;1104;2020-12-21;24985
2020-12-20;"Nitriansky kraj";77;50;10;60;NA;92538;87;2020-12-20;23881
2020-12-19;"Nitriansky kraj";262;2259;159;2418;NA;92538;421;2020-12-19;23794
2020-12-18;"Nitriansky kraj";512;8437;551;8988;NA;92538;1063;2020-12-18;23373
2020-12-17;"Nitriansky kraj";586;6894;514;7408;NA;92538;1100;2020-12-17;22310
2020-12-16;"Nitriansky kraj";357;8785;546;9331;NA;92538;903;2020-12-16;21210
2020-12-15;"Nitriansky kraj";461;9365;769;10134;NA;92538;1230;2020-12-15;20307
2020-12-14;"Nitriansky kraj";217;8089;827;8916;NA;92538;1044;2020-12-14;19077
2020-12-13;"Nitriansky kraj";12;69;6;75;NA;92538;18;2020-12-13;18033
2020-12-12;"Nitriansky kraj";341;1832;125;1957;NA;92538;466;2020-12-12;18015
2020-12-11;"Nitriansky kraj";409;5431;416;5847;NA;92538;825;2020-12-11;17549
2020-12-10;"Nitriansky kraj";360;5473;351;5824;NA;92538;711;2020-12-10;16724
2020-12-09;"Nitriansky kraj";362;5506;529;6035;NA;92538;891;2020-12-09;16013
2020-12-08;"Nitriansky kraj";340;8168;548;8716;NA;92538;888;2020-12-08;15122
2020-12-07;"Nitriansky kraj";139;6243;573;6816;NA;92538;712;2020-12-07;14234
2020-12-06;"Nitriansky kraj";15;89;4;93;NA;92538;19;2020-12-06;13522
2020-12-05;"Nitriansky kraj";136;1388;19;1407;NA;92538;155;2020-12-05;13503
2020-12-04;"Nitriansky kraj";232;2884;74;2958;NA;92538;306;2020-12-04;13348
2020-12-03;"Nitriansky kraj";248;2471;110;2581;NA;92538;358;2020-12-03;13042
2020-12-02;"Nitriansky kraj";252;3733;163;3896;NA;92538;415;2020-12-02;12684
2020-12-01;"Nitriansky kraj";331;2891;131;3022;NA;92538;462;2020-12-01;12269
2020-11-30;"Nitriansky kraj";91;4228;188;4416;NA;92538;279;2020-11-30;11807
2020-11-29;"Nitriansky kraj";3;634;42;676;NA;92538;45;2020-11-29;11528
2020-11-28;"Nitriansky kraj";135;892;31;923;NA;92538;166;2020-11-28;11483
2020-11-27;"Nitriansky kraj";177;2069;73;2142;NA;92538;250;2020-11-27;11317
2020-11-26;"Nitriansky kraj";191;2813;80;2893;NA;92538;271;2020-11-26;11067
2020-11-25;"Nitriansky kraj";325;2478;91;2569;NA;92538;416;2020-11-25;10796
2020-11-24;"Nitriansky kraj";147;1641;64;1705;NA;92538;211;2020-11-24;10380
2020-11-23;"Nitriansky kraj";102;9891;212;10103;NA;92538;314;2020-11-23;10169
2020-11-22;"Nitriansky kraj";7;1176;25;1201;NA;92538;32;2020-11-22;9855
2020-11-21;"Nitriansky kraj";86;1083;38;1121;NA;92538;124;2020-11-21;9823
2020-11-20;"Nitriansky kraj";264;4180;103;4283;NA;92538;367;2020-11-20;9699
2020-11-19;"Nitriansky kraj";185;3065;134;3199;NA;92538;319;2020-11-19;9332
2020-11-18;"Nitriansky kraj";188;2214;79;2293;NA;92538;267;2020-11-18;9013
2020-11-17;"Nitriansky kraj";178;596;29;625;NA;92538;207;2020-11-17;8746
2020-11-16;"Nitriansky kraj";139;1877;75;1952;NA;92538;214;2020-11-16;8539
2020-11-15;"Nitriansky kraj";14;180;5;185;NA;92538;19;2020-11-15;8325
2020-11-14;"Nitriansky kraj";114;1131;32;1163;NA;92538;146;2020-11-14;8306
2020-11-13;"Nitriansky kraj";210;936;46;982;NA;92538;256;2020-11-13;8160
2020-11-12;"Nitriansky kraj";256;1195;35;1230;NA;92538;291;2020-11-12;7904
2020-11-11;"Nitriansky kraj";279;1247;22;1269;NA;92538;301;2020-11-11;7613
2020-11-10;"Nitriansky kraj";192;2623;39;2662;NA;92538;231;2020-11-10;7312
2020-11-09;"Nitriansky kraj";128;3136;43;3179;NA;92538;171;2020-11-09;7081
2020-11-08;"Nitriansky kraj";43;1462;32;1494;NA;92538;75;2020-11-08;6910
2020-11-07;"Nitriansky kraj";130;1046;4;1050;NA;92538;134;2020-11-07;6835
2020-11-06;"Nitriansky kraj";210;2264;32;2296;NA;92538;242;2020-11-06;6701
2020-11-05;"Nitriansky kraj";178;313;14;327;NA;92538;192;2020-11-05;6459
2020-11-04;"Nitriansky kraj";211;297;16;313;NA;92538;227;2020-11-04;6267
2020-11-03;"Nitriansky kraj";216;435;25;460;NA;92538;241;2020-11-03;6040
2020-11-02;"Nitriansky kraj";171;4208;46;4254;NA;92538;217;2020-11-02;5799
2020-11-01;"Nitriansky kraj";130;2546;27;2573;NA;92538;157;2020-11-01;5582
2020-10-31;"Nitriansky kraj";261;10466;134;10600;NA;92538;395;2020-10-31;5425
2020-10-30;"Nitriansky kraj";204;2593;42;2635;NA;92538;246;2020-10-30;5030
2020-10-29;"Nitriansky kraj";293;841;39;880;NA;92538;332;2020-10-29;4784
2020-10-28;"Nitriansky kraj";216;608;59;667;NA;92538;275;2020-10-28;4452
2020-10-27;"Nitriansky kraj";296;550;47;597;NA;92538;343;2020-10-27;4177
2020-10-26;"Nitriansky kraj";69;633;56;689;NA;92538;125;2020-10-26;3834
2020-10-25;"Nitriansky kraj";50;62;8;70;NA;92538;58;2020-10-25;3709
2020-10-24;"Nitriansky kraj";169;237;11;248;NA;92538;180;2020-10-24;3651
2020-10-23;"Nitriansky kraj";282;762;41;803;NA;92538;323;2020-10-23;3471
2020-10-22;"Nitriansky kraj";137;444;39;483;NA;92538;176;2020-10-22;3148
2020-10-21;"Nitriansky kraj";146;208;3;211;NA;92538;149;2020-10-21;2972
2020-10-20;"Nitriansky kraj";197;78;6;84;NA;92538;203;2020-10-20;2823
2020-10-19;"Nitriansky kraj";148;79;1;80;NA;92538;149;2020-10-19;2620
2020-10-18;"Nitriansky kraj";22;0;0;0;NA;92538;22;2020-10-18;2471
2020-10-17;"Nitriansky kraj";67;0;0;0;NA;92538;67;2020-10-17;2449
2020-10-16;"Nitriansky kraj";133;28;3;31;NA;92538;136;2020-10-16;2382
2020-10-15;"Nitriansky kraj";106;31;2;33;NA;92538;108;2020-10-15;2246
2020-10-14;"Nitriansky kraj";80;22;4;26;NA;92538;84;2020-10-14;2138
2020-10-13;"Nitriansky kraj";101;82;2;84;NA;92538;103;2020-10-13;2054
2020-10-12;"Nitriansky kraj";36;0;0;0;NA;92538;36;2020-10-12;1951
2020-10-11;"Nitriansky kraj";8;0;0;0;NA;92538;8;2020-10-11;1915
2020-10-10;"Nitriansky kraj";107;0;0;0;NA;92538;107;2020-10-10;1907
2020-10-09;"Nitriansky kraj";120;0;0;0;NA;92538;120;2020-10-09;1800
2020-10-08;"Nitriansky kraj";132;0;0;0;NA;92538;132;2020-10-08;1680
2020-10-07;"Nitriansky kraj";81;0;0;0;NA;92538;81;2020-10-07;1548
2020-10-06;"Nitriansky kraj";48;0;0;0;NA;92538;48;2020-10-06;1467
2020-10-05;"Nitriansky kraj";20;0;0;0;NA;92538;20;2020-10-05;1419
2020-10-04;"Nitriansky kraj";17;0;0;0;NA;92538;17;2020-10-04;1399
2020-10-03;"Nitriansky kraj";96;0;0;0;NA;92538;96;2020-10-03;1382
2020-10-02;"Nitriansky kraj";108;0;0;0;NA;92538;108;2020-10-02;1286
2020-10-01;"Nitriansky kraj";95;0;0;0;NA;92538;95;2020-10-01;1178
2020-09-30;"Nitriansky kraj";100;0;0;0;NA;92538;100;2020-09-30;1083
2020-09-29;"Nitriansky kraj";50;0;0;0;NA;92538;50;2020-09-29;983
2020-09-28;"Nitriansky kraj";22;0;0;0;NA;92538;22;2020-09-28;933
2020-09-27;"Nitriansky kraj";16;0;0;0;NA;92538;16;2020-09-27;911
2020-09-26;"Nitriansky kraj";64;0;0;0;NA;92538;64;2020-09-26;895
2020-09-25;"Nitriansky kraj";90;0;0;0;NA;92538;90;2020-09-25;831
2020-09-24;"Nitriansky kraj";51;0;0;0;NA;92538;51;2020-09-24;741
2020-09-23;"Nitriansky kraj";70;0;0;0;NA;92538;70;2020-09-23;690
2020-09-22;"Nitriansky kraj";18;0;0;0;NA;92538;18;2020-09-22;620
2020-09-21;"Nitriansky kraj";10;0;0;0;NA;92538;10;2020-09-21;602
2020-09-20;"Nitriansky kraj";4;0;0;0;NA;92538;4;2020-09-20;592
2020-09-19;"Nitriansky kraj";14;0;0;0;NA;92538;14;2020-09-19;588
2020-09-18;"Nitriansky kraj";19;0;0;0;NA;92538;19;2020-09-18;574
2020-09-17;"Nitriansky kraj";30;0;0;0;NA;92538;30;2020-09-17;555
2020-09-16;"Nitriansky kraj";6;0;0;0;NA;92538;6;2020-09-16;525
2020-09-15;"Nitriansky kraj";19;0;0;0;NA;92538;19;2020-09-15;519
2020-09-14;"Nitriansky kraj";28;0;0;0;NA;92538;28;2020-09-14;500
2020-09-13;"Nitriansky kraj";3;0;0;0;NA;92538;3;2020-09-13;472
2020-09-12;"Nitriansky kraj";12;0;0;0;NA;92538;12;2020-09-12;469
2020-09-11;"Nitriansky kraj";23;0;0;0;NA;92538;23;2020-09-11;457
2020-09-10;"Nitriansky kraj";29;0;0;0;NA;92538;29;2020-09-10;434
2020-09-09;"Nitriansky kraj";19;0;0;0;NA;92538;19;2020-09-09;405
2020-09-08;"Nitriansky kraj";17;0;0;0;NA;92538;17;2020-09-08;386
2020-09-07;"Nitriansky kraj";17;0;0;0;NA;92538;17;2020-09-07;369
2020-09-06;"Nitriansky kraj";0;0;0;0;NA;92538;0;2020-09-06;352
2020-09-05;"Nitriansky kraj";22;0;0;0;NA;92538;22;2020-09-05;352
2020-09-04;"Nitriansky kraj";34;0;0;0;NA;92538;34;2020-09-04;330
2020-09-03;"Nitriansky kraj";15;0;0;0;NA;92538;15;2020-09-03;296
2020-09-02;"Nitriansky kraj";15;0;0;0;NA;92538;15;2020-09-02;281
2020-09-01;"Nitriansky kraj";2;0;0;0;NA;92538;2;2020-09-01;266
2020-08-31;"Nitriansky kraj";12;0;0;0;NA;92538;12;2020-08-31;264
2020-08-30;"Nitriansky kraj";1;0;0;0;NA;92538;1;2020-08-30;252
2020-08-29;"Nitriansky kraj";7;0;0;0;NA;92538;7;2020-08-29;251
2020-08-28;"Nitriansky kraj";12;0;0;0;NA;92538;12;2020-08-28;244
2020-08-27;"Nitriansky kraj";12;0;0;0;NA;92538;12;2020-08-27;232
2020-08-26;"Nitriansky kraj";4;0;0;0;NA;92538;4;2020-08-26;220
2020-08-25;"Nitriansky kraj";8;0;0;0;NA;92538;8;2020-08-25;216
2020-08-24;"Nitriansky kraj";1;0;0;0;NA;92538;1;2020-08-24;208
2020-08-23;"Nitriansky kraj";1;0;0;0;NA;92538;1;2020-08-23;207
2020-08-22;"Nitriansky kraj";2;0;0;0;NA;92538;2;2020-08-22;206
2020-08-21;"Nitriansky kraj";0;0;0;0;NA;92538;0;2020-08-21;204
2020-08-20;"Nitriansky kraj";7;0;0;0;NA;92538;7;2020-08-20;204
2020-08-19;"Nitriansky kraj";1;0;0;0;NA;92538;1;2020-08-19;197
2020-08-18;"Nitriansky kraj";2;0;0;0;NA;92538;2;2020-08-18;196
2020-08-17;"Nitriansky kraj";1;0;0;0;NA;92538;1;2020-08-17;194
2020-08-16;"Nitriansky kraj";0;0;0;0;NA;92538;0;2020-08-16;193
2020-08-15;"Nitriansky kraj";2;0;0;0;NA;92538;2;2020-08-15;193
2020-08-14;"Nitriansky kraj";1;0;0;0;NA;92538;1;2020-08-14;191
2020-08-13;"Nitriansky kraj";4;0;0;0;NA;92538;4;2020-08-13;190
2020-08-12;"Nitriansky kraj";0;0;0;0;NA;92538;0;2020-08-12;186
2020-08-11;"Nitriansky kraj";1;0;0;0;NA;92538;1;2020-08-11;186
2020-08-10;"Nitriansky kraj";0;0;0;0;NA;92538;0;2020-08-10;185
2020-08-09;"Nitriansky kraj";0;0;0;0;NA;92538;0;2020-08-09;185
2020-08-08;"Nitriansky kraj";0;0;0;0;NA;92538;0;2020-08-08;185
2020-08-07;"Nitriansky kraj";4;0;0;0;NA;92538;4;2020-08-07;185
2020-08-06;"Nitriansky kraj";4;0;0;0;NA;92538;4;2020-08-06;181
2020-08-05;"Nitriansky kraj";0;0;0;0;NA;92538;0;2020-08-05;177
2020-08-04;"Nitriansky kraj";7;0;0;0;NA;92538;7;2020-08-04;177
2020-08-03;"Nitriansky kraj";0;0;0;0;NA;92538;0;2020-08-03;170
2020-08-02;"Nitriansky kraj";0;0;0;0;NA;92538;0;2020-08-02;170
2020-08-01;"Nitriansky kraj";0;0;0;0;NA;92538;0;2020-08-01;170
2020-07-31;"Nitriansky kraj";0;0;0;0;NA;92538;0;2020-07-31;170
2020-07-30;"Nitriansky kraj";0;0;0;0;NA;92538;0;2020-07-30;170
2020-07-29;"Nitriansky kraj";0;0;0;0;NA;92538;0;2020-07-29;170
2020-07-28;"Nitriansky kraj";0;0;0;0;NA;92538;0;2020-07-28;170
2020-07-27;"Nitriansky kraj";0;0;0;0;NA;92538;0;2020-07-27;170
2020-07-26;"Nitriansky kraj";0;0;0;0;NA;92538;0;2020-07-26;170
2020-07-25;"Nitriansky kraj";0;0;0;0;NA;92538;0;2020-07-25;170
2020-07-24;"Nitriansky kraj";1;0;0;0;NA;92538;1;2020-07-24;170
2020-07-23;"Nitriansky kraj";3;0;0;0;NA;92538;3;2020-07-23;169
2020-07-22;"Nitriansky kraj";2;0;0;0;NA;92538;2;2020-07-22;166
2020-07-21;"Nitriansky kraj";14;0;0;0;NA;92538;14;2020-07-21;164
2020-07-20;"Nitriansky kraj";11;0;0;0;NA;92538;11;2020-07-20;150
2020-07-19;"Nitriansky kraj";0;0;0;0;NA;92538;0;2020-07-19;139
2020-07-18;"Nitriansky kraj";0;0;0;0;NA;92538;0;2020-07-18;139
2020-07-17;"Nitriansky kraj";0;0;0;0;NA;92538;0;2020-07-17;139
2020-07-16;"Nitriansky kraj";4;0;0;0;NA;92538;4;2020-07-16;139
2020-07-15;"Nitriansky kraj";5;0;0;0;NA;92538;5;2020-07-15;135
2020-07-14;"Nitriansky kraj";0;0;0;0;NA;92538;0;2020-07-14;130
2020-07-13;"Nitriansky kraj";0;0;0;0;NA;92538;0;2020-07-13;130
2020-07-12;"Nitriansky kraj";0;0;0;0;NA;92538;0;2020-07-12;130
2020-07-11;"Nitriansky kraj";0;0;0;0;NA;92538;0;2020-07-11;130
2020-07-10;"Nitriansky kraj";0;0;0;0;NA;92538;0;2020-07-10;130
2020-07-09;"Nitriansky kraj";1;0;0;0;NA;92538;1;2020-07-09;130
2020-07-08;"Nitriansky kraj";2;0;0;0;NA;92538;2;2020-07-08;129
2020-07-07;"Nitriansky kraj";0;0;0;0;NA;92538;0;2020-07-07;127
2020-07-06;"Nitriansky kraj";0;0;0;0;NA;92538;0;2020-07-06;127
2020-07-05;"Nitriansky kraj";0;0;0;0;NA;92538;0;2020-07-05;127
2020-07-04;"Nitriansky kraj";0;0;0;0;NA;92538;0;2020-07-04;127
2020-07-03;"Nitriansky kraj";0;0;0;0;NA;92538;0;2020-07-03;127
2020-07-02;"Nitriansky kraj";0;0;0;0;NA;92538;0;2020-07-02;127
2020-07-01;"Nitriansky kraj";3;0;0;0;NA;92538;3;2020-07-01;127
2020-06-30;"Nitriansky kraj";0;0;0;0;NA;92538;0;2020-06-30;124
2020-06-29;"Nitriansky kraj";0;0;0;0;NA;92538;0;2020-06-29;124
2020-06-28;"Nitriansky kraj";0;0;0;0;NA;92538;0;2020-06-28;124
2020-06-27;"Nitriansky kraj";0;0;0;0;NA;92538;0;2020-06-27;124
2020-06-26;"Nitriansky kraj";0;0;0;0;NA;92538;0;2020-06-26;124
2020-06-25;"Nitriansky kraj";0;0;0;0;NA;92538;0;2020-06-25;124
2020-06-24;"Nitriansky kraj";1;0;0;0;NA;92538;1;2020-06-24;124
2020-06-23;"Nitriansky kraj";0;0;0;0;NA;92538;0;2020-06-23;123
2020-06-22;"Nitriansky kraj";0;0;0;0;NA;92538;0;2020-06-22;123
2020-06-21;"Nitriansky kraj";0;0;0;0;NA;92538;0;2020-06-21;123
2020-06-20;"Nitriansky kraj";0;0;0;0;NA;92538;0;2020-06-20;123
2020-06-19;"Nitriansky kraj";0;0;0;0;NA;92538;0;2020-06-19;123
2020-06-18;"Nitriansky kraj";0;0;0;0;NA;92538;0;2020-06-18;123
2020-06-17;"Nitriansky kraj";0;0;0;0;NA;92538;0;2020-06-17;123
2020-06-16;"Nitriansky kraj";0;0;0;0;NA;92538;0;2020-06-16;123
2020-06-14;"Nitriansky kraj";0;0;0;0;NA;92538;0;2020-06-14;123
2020-06-13;"Nitriansky kraj";0;0;0;0;NA;92538;0;2020-06-13;123
2020-06-12;"Nitriansky kraj";0;0;0;0;NA;92538;0;2020-06-12;123
2020-06-11;"Nitriansky kraj";0;0;0;0;NA;92538;0;2020-06-11;123
2020-06-10;"Nitriansky kraj";1;0;0;0;NA;92538;1;2020-06-10;123
2020-06-09;"Nitriansky kraj";1;0;0;0;NA;92538;1;2020-06-09;122
2020-06-08;"Nitriansky kraj";0;0;0;0;NA;92538;0;2020-06-08;121
2020-06-07;"Nitriansky kraj";0;0;0;0;NA;92538;0;2020-06-07;121
2020-06-05;"Nitriansky kraj";0;0;0;0;NA;92538;0;2020-06-05;121
2020-06-03;"Nitriansky kraj";0;0;0;0;NA;92538;0;2020-06-03;121
2020-06-02;"Nitriansky kraj";1;0;0;0;NA;92538;1;2020-06-02;121
2020-05-31;"Nitriansky kraj";0;0;0;0;NA;92538;0;2020-05-31;120
2020-05-29;"Nitriansky kraj";0;0;0;0;NA;92538;0;2020-05-29;120
2020-05-27;"Nitriansky kraj";0;0;0;0;NA;92538;0;2020-05-27;120
2020-05-26;"Nitriansky kraj";0;0;0;0;NA;92538;0;2020-05-26;120
2020-05-25;"Nitriansky kraj";0;0;0;0;NA;92538;0;2020-05-25;120
2020-05-24;"Nitriansky kraj";2;0;0;0;NA;92538;2;2020-05-24;120
2020-05-23;"Nitriansky kraj";0;0;0;0;NA;92538;0;2020-05-23;118
2020-05-22;"Nitriansky kraj";1;0;0;0;NA;92538;1;2020-05-22;118
2020-05-21;"Nitriansky kraj";0;0;0;0;NA;92538;0;2020-05-21;117
2020-05-20;"Nitriansky kraj";0;0;0;0;NA;92538;0;2020-05-20;117
2020-05-19;"Nitriansky kraj";0;0;0;0;NA;92538;0;2020-05-19;117
2020-05-17;"Nitriansky kraj";0;0;0;0;NA;92538;0;2020-05-17;117
2020-05-16;"Nitriansky kraj";0;0;0;0;NA;92538;0;2020-05-16;117
2020-05-15;"Nitriansky kraj";1;0;0;0;NA;92538;1;2020-05-15;117
2020-05-14;"Nitriansky kraj";0;0;0;0;NA;92538;0;2020-05-14;116
2020-05-13;"Nitriansky kraj";0;0;0;0;NA;92538;0;2020-05-13;116
2020-05-12;"Nitriansky kraj";0;0;0;0;NA;92538;0;2020-05-12;116
2020-05-11;"Nitriansky kraj";2;0;0;0;NA;92538;2;2020-05-11;116
2020-05-09;"Nitriansky kraj";0;0;0;0;NA;92538;0;2020-05-09;114
2020-05-07;"Nitriansky kraj";1;0;0;0;NA;92538;1;2020-05-07;114
2020-05-06;"Nitriansky kraj";9;0;0;0;NA;92538;9;2020-05-06;113
2020-05-05;"Nitriansky kraj";0;0;0;0;NA;92538;0;2020-05-05;104
2020-05-04;"Nitriansky kraj";5;0;0;0;NA;92538;5;2020-05-04;104
2020-05-03;"Nitriansky kraj";2;0;0;0;NA;92538;2;2020-05-03;99
2020-05-02;"Nitriansky kraj";0;0;0;0;NA;92538;0;2020-05-02;97
2020-05-01;"Nitriansky kraj";1;0;0;0;NA;92538;1;2020-05-01;97
2020-04-30;"Nitriansky kraj";0;0;0;0;NA;92538;0;2020-04-30;96
2020-04-29;"Nitriansky kraj";0;0;0;0;NA;92538;0;2020-04-29;96
2020-04-28;"Nitriansky kraj";1;0;0;0;NA;92538;1;2020-04-28;96
2020-04-27;"Nitriansky kraj";0;0;0;0;NA;92538;0;2020-04-27;95
2020-04-26;"Nitriansky kraj";0;0;0;0;NA;92538;0;2020-04-26;95
2020-04-25;"Nitriansky kraj";0;0;0;0;NA;92538;0;2020-04-25;95
2020-04-24;"Nitriansky kraj";0;0;0;0;NA;92538;0;2020-04-24;95
2020-04-23;"Nitriansky kraj";3;0;0;0;NA;92538;3;2020-04-23;95
2020-04-22;"Nitriansky kraj";16;0;0;0;NA;92538;16;2020-04-22;92
2020-04-21;"Nitriansky kraj";6;0;0;0;NA;92538;6;2020-04-21;76
2020-04-20;"Nitriansky kraj";5;0;0;0;NA;92538;5;2020-04-20;70
2020-04-19;"Nitriansky kraj";0;0;0;0;NA;92538;0;2020-04-19;65
2020-04-18;"Nitriansky kraj";0;0;0;0;NA;92538;0;2020-04-18;65
2020-04-17;"Nitriansky kraj";7;0;0;0;NA;92538;7;2020-04-17;65
2020-04-16;"Nitriansky kraj";0;0;0;0;NA;92538;0;2020-04-16;58
2020-04-15;"Nitriansky kraj";6;0;0;0;NA;92538;6;2020-04-15;58
2020-04-14;"Nitriansky kraj";2;0;0;0;NA;92538;2;2020-04-14;52
2020-04-13;"Nitriansky kraj";1;0;0;0;NA;92538;1;2020-04-13;50
2020-04-12;"Nitriansky kraj";3;0;0;0;NA;92538;3;2020-04-12;49
2020-04-11;"Nitriansky kraj";1;0;0;0;NA;92538;1;2020-04-11;46
2020-04-10;"Nitriansky kraj";1;0;0;0;NA;92538;1;2020-04-10;45
2020-04-09;"Nitriansky kraj";0;0;0;0;NA;92538;0;2020-04-09;44
2020-04-08;"Nitriansky kraj";2;0;0;0;NA;92538;2;2020-04-08;44
2020-04-07;"Nitriansky kraj";3;0;0;0;NA;92538;3;2020-04-07;42
2020-04-06;"Nitriansky kraj";4;0;0;0;NA;92538;4;2020-04-06;39
2020-04-05;"Nitriansky kraj";5;0;0;0;NA;92538;5;2020-04-05;35
2020-04-04;"Nitriansky kraj";0;0;0;0;NA;92538;0;2020-04-04;30
2020-04-03;"Nitriansky kraj";0;0;0;0;NA;92538;0;2020-04-03;30
2020-04-02;"Nitriansky kraj";1;0;0;0;NA;92538;1;2020-04-02;30
2020-04-01;"Nitriansky kraj";0;0;0;0;NA;92538;0;2020-04-01;29
2020-03-31;"Nitriansky kraj";3;0;0;0;NA;92538;3;2020-03-31;29
2020-03-30;"Nitriansky kraj";3;0;0;0;NA;92538;3;2020-03-30;26
2020-03-29;"Nitriansky kraj";3;0;0;0;NA;92538;3;2020-03-29;23
2020-03-28;"Nitriansky kraj";1;0;0;0;NA;92538;1;2020-03-28;20
2020-03-27;"Nitriansky kraj";1;0;0;0;NA;92538;1;2020-03-27;19
2020-03-26;"Nitriansky kraj";1;0;0;0;NA;92538;1;2020-03-26;18
2020-03-25;"Nitriansky kraj";1;0;0;0;NA;92538;1;2020-03-25;17
2020-03-24;"Nitriansky kraj";0;0;0;0;NA;92538;0;2020-03-24;16
2020-03-23;"Nitriansky kraj";2;0;0;0;NA;92538;2;2020-03-23;16
2020-03-22;"Nitriansky kraj";2;0;0;0;NA;92538;2;2020-03-22;14
2020-03-21;"Nitriansky kraj";2;0;0;0;NA;92538;2;2020-03-21;12
2020-03-20;"Nitriansky kraj";1;0;0;0;NA;92538;1;2020-03-20;10
2020-03-19;"Nitriansky kraj";1;0;0;0;NA;92538;1;2020-03-19;9
2020-03-18;"Nitriansky kraj";2;0;0;0;NA;92538;2;2020-03-18;8
2020-03-17;"Nitriansky kraj";1;0;0;0;NA;92538;1;2020-03-17;6
2020-03-16;"Nitriansky kraj";0;0;0;0;NA;92538;0;2020-03-16;5
2020-03-15;"Nitriansky kraj";4;0;0;0;NA;92538;4;2020-03-15;5
2020-03-14;"Nitriansky kraj";1;0;0;0;NA;92538;1;2020-03-14;1
2020-03-13;"Nitriansky kraj";0;0;0;0;NA;92538;0;2020-03-13;0
2020-03-12;"Nitriansky kraj";0;0;0;0;NA;92538;0;2020-03-12;0
2020-03-11;"Nitriansky kraj";0;0;0;0;NA;92538;0;2020-03-11;0
2020-03-09;"Nitriansky kraj";0;0;0;0;NA;92538;0;2020-03-09;0
2020-03-08;"Nitriansky kraj";0;0;0;0;NA;92538;0;2020-03-08;0
2020-03-07;"Nitriansky kraj";0;0;0;0;NA;92538;0;2020-03-07;0
2020-03-06;"Nitriansky kraj";0;0;0;0;NA;92538;0;2020-03-06;0
2021-06-06;"Prešovský kraj";0;7165;4;7169;59859;113469;4;2021-06-06;113469
2021-06-05;"Prešovský kraj";17;10034;16;10050;NA;113469;33;2021-06-05;113465
2021-06-04;"Prešovský kraj";26;9641;16;9657;NA;113469;42;2021-06-04;113432
2021-06-03;"Prešovský kraj";14;6716;16;6732;NA;113469;30;2021-06-03;113390
2021-06-02;"Prešovský kraj";47;7368;14;7382;NA;113469;61;2021-06-02;113360
2021-06-01;"Prešovský kraj";15;6926;14;6940;NA;113469;29;2021-06-01;113299
2021-05-31;"Prešovský kraj";27;9894;22;9916;NA;113469;49;2021-05-31;113270
2021-05-30;"Prešovský kraj";2;9662;14;9676;NA;113469;16;2021-05-30;113221
2021-05-29;"Prešovský kraj";23;12709;24;12733;NA;113469;47;2021-05-29;113205
2021-05-28;"Prešovský kraj";30;12592;19;12611;NA;113469;49;2021-05-28;113158
2021-05-27;"Prešovský kraj";16;7606;37;7643;NA;113469;53;2021-05-27;113109
2021-05-26;"Prešovský kraj";32;8138;23;8161;NA;113469;55;2021-05-26;113056
2021-05-25;"Prešovský kraj";38;8689;20;8709;NA;113469;58;2021-05-25;113001
2021-05-24;"Prešovský kraj";17;13297;37;13334;NA;113469;54;2021-05-24;112943
2021-05-23;"Prešovský kraj";3;11933;20;11953;NA;113469;23;2021-05-23;112889
2021-05-22;"Prešovský kraj";11;14422;44;14466;NA;113469;55;2021-05-22;112866
2021-05-21;"Prešovský kraj";44;13801;24;13825;NA;113469;68;2021-05-21;112811
2021-05-20;"Prešovský kraj";13;9467;29;9496;NA;113469;42;2021-05-20;112743
2021-05-19;"Prešovský kraj";60;10722;36;10758;NA;113469;96;2021-05-19;112701
2021-05-18;"Prešovský kraj";44;9058;27;9085;NA;113469;71;2021-05-18;112605
2021-05-17;"Prešovský kraj";60;12851;47;12898;NA;113469;107;2021-05-17;112534
2021-05-16;"Prešovský kraj";20;16128;66;16194;NA;113469;86;2021-05-16;112427
2021-05-15;"Prešovský kraj";20;24585;81;24666;NA;113469;101;2021-05-15;112341
2021-05-14;"Prešovský kraj";49;18670;68;18738;NA;113469;117;2021-05-14;112240
2021-05-13;"Prešovský kraj";54;11164;71;11235;NA;113469;125;2021-05-13;112123
2021-05-12;"Prešovský kraj";59;10822;39;10861;NA;113469;98;2021-05-12;111998
2021-05-11;"Prešovský kraj";61;10728;48;10776;NA;113469;109;2021-05-11;111900
2021-05-10;"Prešovský kraj";79;15760;67;15827;NA;113469;146;2021-05-10;111791
2021-05-09;"Prešovský kraj";54;21532;85;21617;NA;113469;139;2021-05-09;111645
2021-05-08;"Prešovský kraj";39;22886;51;22937;NA;113469;90;2021-05-08;111506
2021-05-07;"Prešovský kraj";81;23540;66;23606;NA;113469;147;2021-05-07;111416
2021-05-06;"Prešovský kraj";107;12833;66;12899;NA;113469;173;2021-05-06;111269
2021-05-05;"Prešovský kraj";60;12806;81;12887;NA;113469;141;2021-05-05;111096
2021-05-04;"Prešovský kraj";203;13540;67;13607;NA;113469;270;2021-05-04;110955
2021-05-03;"Prešovský kraj";68;18435;109;18544;NA;113469;177;2021-05-03;110685
2021-05-02;"Prešovský kraj";29;36175;102;36277;NA;113469;131;2021-05-02;110508
2021-05-01;"Prešovský kraj";70;56652;183;56835;NA;113469;253;2021-05-01;110377
2021-04-30;"Prešovský kraj";135;39710;118;39828;NA;113469;253;2021-04-30;110124
2021-04-29;"Prešovský kraj";110;16585;97;16682;NA;113469;207;2021-04-29;109871
2021-04-28;"Prešovský kraj";122;18671;89;18760;NA;113469;211;2021-04-28;109664
2021-04-27;"Prešovský kraj";154;19984;120;20104;NA;113469;274;2021-04-27;109453
2021-04-26;"Prešovský kraj";99;27120;123;27243;NA;113469;222;2021-04-26;109179
2021-04-25;"Prešovský kraj";9;52257;155;52412;NA;113469;164;2021-04-25;108957
2021-04-24;"Prešovský kraj";61;85301;243;85544;NA;113469;304;2021-04-24;108793
2021-04-23;"Prešovský kraj";171;40362;137;40499;NA;113469;308;2021-04-23;108489
2021-04-22;"Prešovský kraj";86;18104;125;18229;NA;113469;211;2021-04-22;108181
2021-04-21;"Prešovský kraj";144;21548;139;21687;NA;113469;283;2021-04-21;107970
2021-04-20;"Prešovský kraj";115;23345;127;23472;NA;113469;242;2021-04-20;107687
2021-04-19;"Prešovský kraj";106;29131;145;29276;NA;113469;251;2021-04-19;107445
2021-04-18;"Prešovský kraj";4;51540;129;51669;NA;113469;133;2021-04-18;107194
2021-04-17;"Prešovský kraj";119;97970;238;98208;NA;113469;357;2021-04-17;107061
2021-04-16;"Prešovský kraj";135;40983;146;41129;NA;113469;281;2021-04-16;106704
2021-04-15;"Prešovský kraj";112;20178;136;20314;NA;113469;248;2021-04-15;106423
2021-04-14;"Prešovský kraj";199;23331;130;23461;NA;113469;329;2021-04-14;106175
2021-04-13;"Prešovský kraj";180;23907;116;24023;NA;113469;296;2021-04-13;105846
2021-04-12;"Prešovský kraj";172;30152;175;30327;NA;113469;347;2021-04-12;105550
2021-04-11;"Prešovský kraj";11;49807;187;49994;NA;113469;198;2021-04-11;105203
2021-04-10;"Prešovský kraj";94;90181;297;90478;NA;113469;391;2021-04-10;105005
2021-04-09;"Prešovský kraj";255;37163;200;37363;NA;113469;455;2021-04-09;104614
2021-04-08;"Prešovský kraj";192;18891;157;19048;NA;113469;349;2021-04-08;104159
2021-04-07;"Prešovský kraj";314;27797;154;27951;NA;113469;468;2021-04-07;103810
2021-04-06;"Prešovský kraj";231;41675;268;41943;NA;113469;499;2021-04-06;103342
2021-04-05;"Prešovský kraj";54;18454;132;18586;NA;113469;186;2021-04-05;102843
2021-04-04;"Prešovský kraj";31;18569;91;18660;NA;113469;122;2021-04-04;102657
2021-04-03;"Prešovský kraj";104;90608;317;90925;NA;113469;421;2021-04-03;102535
2021-04-02;"Prešovský kraj";194;23381;134;23515;NA;113469;328;2021-04-02;102114
2021-04-01;"Prešovský kraj";256;42824;195;43019;NA;113469;451;2021-04-01;101786
2021-03-31;"Prešovský kraj";311;30160;227;30387;NA;113469;538;2021-03-31;101335
2021-03-30;"Prešovský kraj";374;20747;203;20950;NA;113469;577;2021-03-30;100797
2021-03-29;"Prešovský kraj";219;28188;229;28417;NA;113469;448;2021-03-29;100220
2021-03-28;"Prešovský kraj";26;46811;256;47067;NA;113469;282;2021-03-28;99772
2021-03-27;"Prešovský kraj";181;88413;372;88785;NA;113469;553;2021-03-27;99490
2021-03-26;"Prešovský kraj";310;47751;299;48050;NA;113469;609;2021-03-26;98937
2021-03-25;"Prešovský kraj";248;22279;213;22492;NA;113469;461;2021-03-25;98328
2021-03-24;"Prešovský kraj";381;19588;213;19801;NA;113469;594;2021-03-24;97867
2021-03-23;"Prešovský kraj";241;20329;255;20584;NA;113469;496;2021-03-23;97273
2021-03-22;"Prešovský kraj";299;28490;286;28776;NA;113469;585;2021-03-22;96777
2021-03-21;"Prešovský kraj";32;49439;266;49705;NA;113469;298;2021-03-21;96192
2021-03-20;"Prešovský kraj";180;92531;427;92958;NA;113469;607;2021-03-20;95894
2021-03-19;"Prešovský kraj";373;46196;320;46516;NA;113469;693;2021-03-19;95287
2021-03-18;"Prešovský kraj";251;21721;217;21938;NA;113469;468;2021-03-18;94594
2021-03-17;"Prešovský kraj";331;20887;231;21118;NA;113469;562;2021-03-17;94126
2021-03-16;"Prešovský kraj";461;21051;277;21328;NA;113469;738;2021-03-16;93564
2021-03-15;"Prešovský kraj";370;28789;324;29113;NA;113469;694;2021-03-15;92826
2021-03-14;"Prešovský kraj";52;50410;356;50766;NA;113469;408;2021-03-14;92132
2021-03-13;"Prešovský kraj";200;95300;532;95832;NA;113469;732;2021-03-13;91724
2021-03-12;"Prešovský kraj";425;47691;368;48059;NA;113469;793;2021-03-12;90992
2021-03-11;"Prešovský kraj";463;22059;253;22312;NA;113469;716;2021-03-11;90199
2021-03-10;"Prešovský kraj";325;20821;293;21114;NA;113469;618;2021-03-10;89483
2021-03-09;"Prešovský kraj";505;21489;288;21777;NA;113469;793;2021-03-09;88865
2021-03-08;"Prešovský kraj";314;28902;333;29235;NA;113469;647;2021-03-08;88072
2021-03-07;"Prešovský kraj";19;48024;385;48409;NA;113469;404;2021-03-07;87425
2021-03-06;"Prešovský kraj";193;96985;591;97576;NA;113469;784;2021-03-06;87021
2021-03-05;"Prešovský kraj";497;46044;397;46441;NA;113469;894;2021-03-05;86237
2021-03-04;"Prešovský kraj";372;22670;359;23029;NA;113469;731;2021-03-04;85343
2021-03-03;"Prešovský kraj";397;21621;333;21954;NA;113469;730;2021-03-03;84612
2021-03-02;"Prešovský kraj";421;22679;357;23036;NA;113469;778;2021-03-02;83882
2021-03-01;"Prešovský kraj";303;27716;406;28122;NA;113469;709;2021-03-01;83104
2021-02-28;"Prešovský kraj";75;45000;387;45387;NA;113469;462;2021-02-28;82395
2021-02-27;"Prešovský kraj";273;90231;734;90965;NA;113469;1007;2021-02-27;81933
2021-02-26;"Prešovský kraj";455;41700;439;42139;NA;113469;894;2021-02-26;80926
2021-02-25;"Prešovský kraj";270;19496;337;19833;NA;113469;607;2021-02-25;80032
2021-02-24;"Prešovský kraj";328;19026;377;19403;NA;113469;705;2021-02-24;79425
2021-02-23;"Prešovský kraj";430;21273;345;21618;NA;113469;775;2021-02-23;78720
2021-02-22;"Prešovský kraj";351;27175;356;27531;NA;113469;707;2021-02-22;77945
2021-02-21;"Prešovský kraj";66;31802;302;32104;NA;113469;368;2021-02-21;77238
2021-02-20;"Prešovský kraj";129;71413;517;71930;NA;113469;646;2021-02-20;76870
2021-02-19;"Prešovský kraj";381;38597;425;39022;NA;113469;806;2021-02-19;76224
2021-02-18;"Prešovský kraj";268;16960;322;17282;NA;113469;590;2021-02-18;75418
2021-02-17;"Prešovský kraj";293;17392;246;17638;NA;113469;539;2021-02-17;74828
2021-02-16;"Prešovský kraj";422;18862;265;19127;NA;113469;687;2021-02-16;74289
2021-02-15;"Prešovský kraj";211;31360;303;31663;NA;113469;514;2021-02-15;73602
2021-02-14;"Prešovský kraj";27;39271;318;39589;NA;113469;345;2021-02-14;73088
2021-02-13;"Prešovský kraj";157;74009;392;74401;NA;113469;549;2021-02-13;72743
2021-02-12;"Prešovský kraj";308;38720;362;39082;NA;113469;670;2021-02-12;72194
2021-02-11;"Prešovský kraj";218;16207;238;16445;NA;113469;456;2021-02-11;71524
2021-02-10;"Prešovský kraj";220;18499;279;18778;NA;113469;499;2021-02-10;71068
2021-02-09;"Prešovský kraj";323;21495;370;21865;NA;113469;693;2021-02-09;70569
2021-02-08;"Prešovský kraj";161;36971;261;37232;NA;113469;422;2021-02-08;69876
2021-02-07;"Prešovský kraj";21;34227;209;34436;NA;113469;230;2021-02-07;69454
2021-02-06;"Prešovský kraj";176;69164;360;69524;NA;113469;536;2021-02-06;69224
2021-02-05;"Prešovský kraj";177;31247;261;31508;NA;113469;438;2021-02-05;68688
2021-02-04;"Prešovský kraj";176;13071;237;13308;NA;113469;413;2021-02-04;68250
2021-02-03;"Prešovský kraj";251;8421;236;8657;NA;113469;487;2021-02-03;67837
2021-02-02;"Prešovský kraj";249;11779;264;12043;NA;113469;513;2021-02-02;67350
2021-02-01;"Prešovský kraj";220;16059;316;16375;NA;113469;536;2021-02-01;66837
2021-01-31;"Prešovský kraj";42;10587;107;10694;NA;113469;149;2021-01-31;66301
2021-01-30;"Prešovský kraj";142;23939;215;24154;NA;113469;357;2021-01-30;66152
2021-01-29;"Prešovský kraj";185;17924;326;18250;NA;113469;511;2021-01-29;65795
2021-01-28;"Prešovský kraj";311;7338;150;7488;NA;113469;461;2021-01-28;65284
2021-01-27;"Prešovský kraj";153;9723;147;9870;NA;113469;300;2021-01-27;64823
2021-01-26;"Prešovský kraj";252;16648;151;16799;NA;113469;403;2021-01-26;64523
2021-01-25;"Prešovský kraj";196;29649;251;29900;NA;113469;447;2021-01-25;64120
2021-01-24;"Prešovský kraj";12;45706;304;46010;NA;113469;316;2021-01-24;63673
2021-01-23;"Prešovský kraj";189;96726;487;97213;NA;113469;676;2021-01-23;63357
2021-01-22;"Prešovský kraj";187;35377;261;35638;NA;113469;448;2021-01-22;62681
2021-01-21;"Prešovský kraj";187;20434;212;20646;NA;113469;399;2021-01-21;62233
2021-01-20;"Prešovský kraj";253;14779;195;14974;NA;113469;448;2021-01-20;61834
2021-01-19;"Prešovský kraj";281;12329;305;12634;NA;113469;586;2021-01-19;61386
2021-01-18;"Prešovský kraj";203;10422;336;10758;NA;113469;539;2021-01-18;60800
2021-01-17;"Prešovský kraj";107;14391;1008;15399;NA;113469;1115;2021-01-17;60261
2021-01-16;"Prešovský kraj";72;1838;81;1919;NA;113469;153;2021-01-16;59146
2021-01-15;"Prešovský kraj";159;7033;257;7290;NA;113469;416;2021-01-15;58993
2021-01-14;"Prešovský kraj";268;5523;252;5775;NA;113469;520;2021-01-14;58577
2021-01-13;"Prešovský kraj";342;5649;226;5875;NA;113469;568;2021-01-13;58057
2021-01-12;"Prešovský kraj";455;8487;409;8896;NA;113469;864;2021-01-12;57489
2021-01-11;"Prešovský kraj";343;8489;479;8968;NA;113469;822;2021-01-11;56625
2021-01-10;"Prešovský kraj";63;476;23;499;NA;113469;86;2021-01-10;55803
2021-01-09;"Prešovský kraj";439;2248;125;2373;NA;113469;564;2021-01-09;55717
2021-01-08;"Prešovský kraj";430;10865;572;11437;NA;113469;1002;2021-01-08;55153
2021-01-07;"Prešovský kraj";268;7789;648;8437;NA;113469;916;2021-01-07;54151
2021-01-06;"Prešovský kraj";315;1484;134;1618;NA;113469;449;2021-01-06;53235
2021-01-05;"Prešovský kraj";655;11591;1003;12594;NA;113469;1658;2021-01-05;52786
2021-01-04;"Prešovský kraj";371;17192;1812;19004;NA;113469;2183;2021-01-04;51128
2021-01-03;"Prešovský kraj";89;459;41;500;NA;113469;130;2021-01-03;48945
2021-01-02;"Prešovský kraj";65;1556;160;1716;NA;113469;225;2021-01-02;48815
2021-01-01;"Prešovský kraj";174;956;71;1027;NA;113469;245;2021-01-01;48590
2020-12-31;"Prešovský kraj";640;11959;783;12742;NA;113469;1423;2020-12-31;48345
2020-12-30;"Prešovský kraj";729;9065;802;9867;NA;113469;1531;2020-12-30;46922
2020-12-29;"Prešovský kraj";435;9273;949;10222;NA;113469;1384;2020-12-29;45391
2020-12-28;"Prešovský kraj";393;9046;1079;10125;NA;113469;1472;2020-12-28;44007
2020-12-27;"Prešovský kraj";40;613;45;658;NA;113469;85;2020-12-27;42535
2020-12-26;"Prešovský kraj";64;176;12;188;NA;113469;76;2020-12-26;42450
2020-12-25;"Prešovský kraj";208;274;11;285;NA;113469;219;2020-12-25;42374
2020-12-24;"Prešovský kraj";452;1214;85;1299;NA;113469;537;2020-12-24;42155
2020-12-23;"Prešovský kraj";361;11369;635;12004;NA;113469;996;2020-12-23;41618
2020-12-22;"Prešovský kraj";439;9371;710;10081;NA;113469;1149;2020-12-22;40622
2020-12-21;"Prešovský kraj";432;9923;880;10803;NA;113469;1312;2020-12-21;39473
2020-12-20;"Prešovský kraj";184;396;20;416;NA;113469;204;2020-12-20;38161
2020-12-19;"Prešovský kraj";276;1658;151;1809;NA;113469;427;2020-12-19;37957
2020-12-18;"Prešovský kraj";396;8845;595;9440;NA;113469;991;2020-12-18;37530
2020-12-17;"Prešovský kraj";427;10826;891;11717;NA;113469;1318;2020-12-17;36539
2020-12-16;"Prešovský kraj";466;6017;508;6525;NA;113469;974;2020-12-16;35221
2020-12-15;"Prešovský kraj";411;5685;584;6269;NA;113469;995;2020-12-15;34247
2020-12-14;"Prešovský kraj";334;5767;508;6275;NA;113469;842;2020-12-14;33252
2020-12-13;"Prešovský kraj";89;29;8;37;NA;113469;97;2020-12-13;32410
2020-12-12;"Prešovský kraj";319;2474;166;2640;NA;113469;485;2020-12-12;32313
2020-12-11;"Prešovský kraj";560;5602;402;6004;NA;113469;962;2020-12-11;31828
2020-12-10;"Prešovský kraj";337;5202;443;5645;NA;113469;780;2020-12-10;30866
2020-12-09;"Prešovský kraj";358;4357;314;4671;NA;113469;672;2020-12-09;30086
2020-12-08;"Prešovský kraj";350;6629;651;7280;NA;113469;1001;2020-12-08;29414
2020-12-07;"Prešovský kraj";309;4345;327;4672;NA;113469;636;2020-12-07;28413
2020-12-06;"Prešovský kraj";59;655;26;681;NA;113469;85;2020-12-06;27777
2020-12-05;"Prešovský kraj";218;984;87;1071;NA;113469;305;2020-12-05;27692
2020-12-04;"Prešovský kraj";352;5070;293;5363;NA;113469;645;2020-12-04;27387
2020-12-03;"Prešovský kraj";284;2456;179;2635;NA;113469;463;2020-12-03;26742
2020-12-02;"Prešovský kraj";232;2830;225;3055;NA;113469;457;2020-12-02;26279
2020-12-01;"Prešovský kraj";281;1884;196;2080;NA;113469;477;2020-12-01;25822
2020-11-30;"Prešovský kraj";196;5333;97;5430;NA;113469;293;2020-11-30;25345
2020-11-29;"Prešovský kraj";27;379;42;421;NA;113469;69;2020-11-29;25052
2020-11-28;"Prešovský kraj";199;772;77;849;NA;113469;276;2020-11-28;24983
2020-11-27;"Prešovský kraj";232;2350;130;2480;NA;113469;362;2020-11-27;24707
2020-11-26;"Prešovský kraj";263;3014;329;3343;NA;113469;592;2020-11-26;24345
2020-11-25;"Prešovský kraj";302;2174;103;2277;NA;113469;405;2020-11-25;23753
2020-11-24;"Prešovský kraj";365;1777;156;1933;NA;113469;521;2020-11-24;23348
2020-11-23;"Prešovský kraj";164;1099;60;1159;NA;113469;224;2020-11-23;22827
2020-11-22;"Prešovský kraj";46;44;1;45;NA;113469;47;2020-11-22;22603
2020-11-21;"Prešovský kraj";205;754;62;816;NA;113469;267;2020-11-21;22556
2020-11-20;"Prešovský kraj";363;2258;102;2360;NA;113469;465;2020-11-20;22289
2020-11-19;"Prešovský kraj";359;2096;238;2334;NA;113469;597;2020-11-19;21824
2020-11-18;"Prešovský kraj";270;488;43;531;NA;113469;313;2020-11-18;21227
2020-11-17;"Prešovský kraj";347;205;23;228;NA;113469;370;2020-11-17;20914
2020-11-16;"Prešovský kraj";226;540;58;598;NA;113469;284;2020-11-16;20544
2020-11-15;"Prešovský kraj";186;39;4;43;NA;113469;190;2020-11-15;20260
2020-11-14;"Prešovský kraj";261;54;4;58;NA;113469;265;2020-11-14;20070
2020-11-13;"Prešovský kraj";395;166;8;174;NA;113469;403;2020-11-13;19805
2020-11-12;"Prešovský kraj";397;229;50;279;NA;113469;447;2020-11-12;19402
2020-11-11;"Prešovský kraj";516;161;15;176;NA;113469;531;2020-11-11;18955
2020-11-10;"Prešovský kraj";437;197;9;206;NA;113469;446;2020-11-10;18424
2020-11-09;"Prešovský kraj";190;4110;945;5055;NA;113469;1135;2020-11-09;17978
2020-11-08;"Prešovský kraj";97;2817;32;2849;NA;113469;129;2020-11-08;16843
2020-11-07;"Prešovský kraj";416;8578;81;8659;NA;113469;497;2020-11-07;16714
2020-11-06;"Prešovský kraj";520;4791;76;4867;NA;113469;596;2020-11-06;16217
2020-11-05;"Prešovský kraj";397;180;5;185;NA;113469;402;2020-11-05;15621
2020-11-04;"Prešovský kraj";350;807;8;815;NA;113469;358;2020-11-04;15219
2020-11-03;"Prešovský kraj";565;98;12;110;NA;113469;577;2020-11-03;14861
2020-11-02;"Prešovský kraj";203;4158;1004;5162;NA;113469;1207;2020-11-02;14284
2020-11-01;"Prešovský kraj";386;2906;53;2959;NA;113469;439;2020-11-01;13077
2020-10-31;"Prešovský kraj";315;10497;170;10667;NA;113469;485;2020-10-31;12638
2020-10-30;"Prešovský kraj";552;2949;65;3014;NA;113469;617;2020-10-30;12153
2020-10-29;"Prešovský kraj";594;301;38;339;NA;113469;632;2020-10-29;11536
2020-10-28;"Prešovský kraj";617;291;46;337;NA;113469;663;2020-10-28;10904
2020-10-27;"Prešovský kraj";656;268;34;302;NA;113469;690;2020-10-27;10241
2020-10-26;"Prešovský kraj";137;363;57;420;NA;113469;194;2020-10-26;9551
2020-10-25;"Prešovský kraj";237;346;11;357;NA;113469;248;2020-10-25;9357
2020-10-24;"Prešovský kraj";719;200;12;212;NA;113469;731;2020-10-24;9109
2020-10-23;"Prešovský kraj";750;218;8;226;NA;113469;758;2020-10-23;8378
2020-10-22;"Prešovský kraj";646;396;30;426;NA;113469;676;2020-10-22;7620
2020-10-21;"Prešovský kraj";383;58;8;66;NA;113469;391;2020-10-21;6944
2020-10-20;"Prešovský kraj";493;65;7;72;NA;113469;500;2020-10-20;6553
2020-10-19;"Prešovský kraj";140;235;15;250;NA;113469;155;2020-10-19;6053
2020-10-18;"Prešovský kraj";209;0;0;0;NA;113469;209;2020-10-18;5898
2020-10-17;"Prešovský kraj";342;0;0;0;NA;113469;342;2020-10-17;5689
2020-10-16;"Prešovský kraj";388;57;3;60;NA;113469;391;2020-10-16;5347
2020-10-15;"Prešovský kraj";435;85;18;103;NA;113469;453;2020-10-15;4956
2020-10-14;"Prešovský kraj";451;54;10;64;NA;113469;461;2020-10-14;4503
2020-10-13;"Prešovský kraj";264;50;6;56;NA;113469;270;2020-10-13;4042
2020-10-12;"Prešovský kraj";214;334;35;369;NA;113469;249;2020-10-12;3772
2020-10-11;"Prešovský kraj";127;0;0;0;NA;113469;127;2020-10-11;3523
2020-10-10;"Prešovský kraj";248;0;0;0;NA;113469;248;2020-10-10;3396
2020-10-09;"Prešovský kraj";406;0;0;0;NA;113469;406;2020-10-09;3148
2020-10-08;"Prešovský kraj";245;0;0;0;NA;113469;245;2020-10-08;2742
2020-10-07;"Prešovský kraj";244;0;0;0;NA;113469;244;2020-10-07;2497
2020-10-06;"Prešovský kraj";166;0;0;0;NA;113469;166;2020-10-06;2253
2020-10-05;"Prešovský kraj";84;0;0;0;NA;113469;84;2020-10-05;2087
2020-10-04;"Prešovský kraj";118;0;0;0;NA;113469;118;2020-10-04;2003
2020-10-03;"Prešovský kraj";204;0;0;0;NA;113469;204;2020-10-03;1885
2020-10-02;"Prešovský kraj";149;0;0;0;NA;113469;149;2020-10-02;1681
2020-10-01;"Prešovský kraj";136;0;0;0;NA;113469;136;2020-10-01;1532
2020-09-30;"Prešovský kraj";121;0;0;0;NA;113469;121;2020-09-30;1396
2020-09-29;"Prešovský kraj";156;0;0;0;NA;113469;156;2020-09-29;1275
2020-09-28;"Prešovský kraj";51;0;0;0;NA;113469;51;2020-09-28;1119
2020-09-27;"Prešovský kraj";10;0;0;0;NA;113469;10;2020-09-27;1068
2020-09-26;"Prešovský kraj";72;0;0;0;NA;113469;72;2020-09-26;1058
2020-09-25;"Prešovský kraj";91;0;0;0;NA;113469;91;2020-09-25;986
2020-09-24;"Prešovský kraj";52;0;0;0;NA;113469;52;2020-09-24;895
2020-09-23;"Prešovský kraj";55;0;0;0;NA;113469;55;2020-09-23;843
2020-09-22;"Prešovský kraj";29;0;0;0;NA;113469;29;2020-09-22;788
2020-09-21;"Prešovský kraj";14;0;0;0;NA;113469;14;2020-09-21;759
2020-09-20;"Prešovský kraj";5;0;0;0;NA;113469;5;2020-09-20;745
2020-09-19;"Prešovský kraj";12;0;0;0;NA;113469;12;2020-09-19;740
2020-09-18;"Prešovský kraj";29;0;0;0;NA;113469;29;2020-09-18;728
2020-09-17;"Prešovský kraj";25;0;0;0;NA;113469;25;2020-09-17;699
2020-09-16;"Prešovský kraj";8;0;0;0;NA;113469;8;2020-09-16;674
2020-09-15;"Prešovský kraj";10;0;0;0;NA;113469;10;2020-09-15;666
2020-09-14;"Prešovský kraj";47;0;0;0;NA;113469;47;2020-09-14;656
2020-09-13;"Prešovský kraj";3;0;0;0;NA;113469;3;2020-09-13;609
2020-09-12;"Prešovský kraj";4;0;0;0;NA;113469;4;2020-09-12;606
2020-09-11;"Prešovský kraj";15;0;0;0;NA;113469;15;2020-09-11;602
2020-09-10;"Prešovský kraj";10;0;0;0;NA;113469;10;2020-09-10;587
2020-09-09;"Prešovský kraj";21;0;0;0;NA;113469;21;2020-09-09;577
2020-09-08;"Prešovský kraj";23;0;0;0;NA;113469;23;2020-09-08;556
2020-09-07;"Prešovský kraj";5;0;0;0;NA;113469;5;2020-09-07;533
2020-09-06;"Prešovský kraj";3;0;0;0;NA;113469;3;2020-09-06;528
2020-09-05;"Prešovský kraj";7;0;0;0;NA;113469;7;2020-09-05;525
2020-09-04;"Prešovský kraj";24;0;0;0;NA;113469;24;2020-09-04;518
2020-09-03;"Prešovský kraj";8;0;0;0;NA;113469;8;2020-09-03;494
2020-09-02;"Prešovský kraj";9;0;0;0;NA;113469;9;2020-09-02;486
2020-09-01;"Prešovský kraj";6;0;0;0;NA;113469;6;2020-09-01;477
2020-08-31;"Prešovský kraj";3;0;0;0;NA;113469;3;2020-08-31;471
2020-08-30;"Prešovský kraj";6;0;0;0;NA;113469;6;2020-08-30;468
2020-08-29;"Prešovský kraj";4;0;0;0;NA;113469;4;2020-08-29;462
2020-08-28;"Prešovský kraj";6;0;0;0;NA;113469;6;2020-08-28;458
2020-08-27;"Prešovský kraj";7;0;0;0;NA;113469;7;2020-08-27;452
2020-08-26;"Prešovský kraj";22;0;0;0;NA;113469;22;2020-08-26;445
2020-08-25;"Prešovský kraj";1;0;0;0;NA;113469;1;2020-08-25;423
2020-08-24;"Prešovský kraj";5;0;0;0;NA;113469;5;2020-08-24;422
2020-08-23;"Prešovský kraj";3;0;0;0;NA;113469;3;2020-08-23;417
2020-08-22;"Prešovský kraj";3;0;0;0;NA;113469;3;2020-08-22;414
2020-08-21;"Prešovský kraj";11;0;0;0;NA;113469;11;2020-08-21;411
2020-08-20;"Prešovský kraj";8;0;0;0;NA;113469;8;2020-08-20;400
2020-08-19;"Prešovský kraj";8;0;0;0;NA;113469;8;2020-08-19;392
2020-08-18;"Prešovský kraj";6;0;0;0;NA;113469;6;2020-08-18;384
2020-08-17;"Prešovský kraj";1;0;0;0;NA;113469;1;2020-08-17;378
2020-08-16;"Prešovský kraj";0;0;0;0;NA;113469;0;2020-08-16;377
2020-08-15;"Prešovský kraj";8;0;0;0;NA;113469;8;2020-08-15;377
2020-08-14;"Prešovský kraj";6;0;0;0;NA;113469;6;2020-08-14;369
2020-08-13;"Prešovský kraj";8;0;0;0;NA;113469;8;2020-08-13;363
2020-08-12;"Prešovský kraj";19;0;0;0;NA;113469;19;2020-08-12;355
2020-08-11;"Prešovský kraj";3;0;0;0;NA;113469;3;2020-08-11;336
2020-08-10;"Prešovský kraj";0;0;0;0;NA;113469;0;2020-08-10;333
2020-08-09;"Prešovský kraj";0;0;0;0;NA;113469;0;2020-08-09;333
2020-08-08;"Prešovský kraj";2;0;0;0;NA;113469;2;2020-08-08;333
2020-08-07;"Prešovský kraj";6;0;0;0;NA;113469;6;2020-08-07;331
2020-08-06;"Prešovský kraj";2;0;0;0;NA;113469;2;2020-08-06;325
2020-08-05;"Prešovský kraj";8;0;0;0;NA;113469;8;2020-08-05;323
2020-08-04;"Prešovský kraj";5;0;0;0;NA;113469;5;2020-08-04;315
2020-08-03;"Prešovský kraj";4;0;0;0;NA;113469;4;2020-08-03;310
2020-08-02;"Prešovský kraj";6;0;0;0;NA;113469;6;2020-08-02;306
2020-08-01;"Prešovský kraj";0;0;0;0;NA;113469;0;2020-08-01;300
2020-07-31;"Prešovský kraj";2;0;0;0;NA;113469;2;2020-07-31;300
2020-07-30;"Prešovský kraj";6;0;0;0;NA;113469;6;2020-07-30;298
2020-07-29;"Prešovský kraj";5;0;0;0;NA;113469;5;2020-07-29;292
2020-07-28;"Prešovský kraj";0;0;0;0;NA;113469;0;2020-07-28;287
2020-07-27;"Prešovský kraj";1;0;0;0;NA;113469;1;2020-07-27;287
2020-07-26;"Prešovský kraj";1;0;0;0;NA;113469;1;2020-07-26;286
2020-07-25;"Prešovský kraj";21;0;0;0;NA;113469;21;2020-07-25;285
2020-07-24;"Prešovský kraj";1;0;0;0;NA;113469;1;2020-07-24;264
2020-07-23;"Prešovský kraj";5;0;0;0;NA;113469;5;2020-07-23;263
2020-07-22;"Prešovský kraj";1;0;0;0;NA;113469;1;2020-07-22;258
2020-07-21;"Prešovský kraj";2;0;0;0;NA;113469;2;2020-07-21;257
2020-07-20;"Prešovský kraj";1;0;0;0;NA;113469;1;2020-07-20;255
2020-07-19;"Prešovský kraj";0;0;0;0;NA;113469;0;2020-07-19;254
2020-07-18;"Prešovský kraj";0;0;0;0;NA;113469;0;2020-07-18;254
2020-07-17;"Prešovský kraj";3;0;0;0;NA;113469;3;2020-07-17;254
2020-07-16;"Prešovský kraj";1;0;0;0;NA;113469;1;2020-07-16;251
2020-07-15;"Prešovský kraj";5;0;0;0;NA;113469;5;2020-07-15;250
2020-07-14;"Prešovský kraj";5;0;0;0;NA;113469;5;2020-07-14;245
2020-07-13;"Prešovský kraj";1;0;0;0;NA;113469;1;2020-07-13;240
2020-07-12;"Prešovský kraj";1;0;0;0;NA;113469;1;2020-07-12;239
2020-07-11;"Prešovský kraj";6;0;0;0;NA;113469;6;2020-07-11;238
2020-07-10;"Prešovský kraj";5;0;0;0;NA;113469;5;2020-07-10;232
2020-07-09;"Prešovský kraj";2;0;0;0;NA;113469;2;2020-07-09;227
2020-07-08;"Prešovský kraj";14;0;0;0;NA;113469;14;2020-07-08;225
2020-07-07;"Prešovský kraj";2;0;0;0;NA;113469;2;2020-07-07;211
2020-07-06;"Prešovský kraj";0;0;0;0;NA;113469;0;2020-07-06;209
2020-07-05;"Prešovský kraj";0;0;0;0;NA;113469;0;2020-07-05;209
2020-07-04;"Prešovský kraj";1;0;0;0;NA;113469;1;2020-07-04;209
2020-07-03;"Prešovský kraj";3;0;0;0;NA;113469;3;2020-07-03;208
2020-07-02;"Prešovský kraj";0;0;0;0;NA;113469;0;2020-07-02;205
2020-07-01;"Prešovský kraj";0;0;0;0;NA;113469;0;2020-07-01;205
2020-06-30;"Prešovský kraj";7;0;0;0;NA;113469;7;2020-06-30;205
2020-06-29;"Prešovský kraj";0;0;0;0;NA;113469;0;2020-06-29;198
2020-06-28;"Prešovský kraj";0;0;0;0;NA;113469;0;2020-06-28;198
2020-06-27;"Prešovský kraj";3;0;0;0;NA;113469;3;2020-06-27;198
2020-06-26;"Prešovský kraj";3;0;0;0;NA;113469;3;2020-06-26;195
2020-06-25;"Prešovský kraj";0;0;0;0;NA;113469;0;2020-06-25;192
2020-06-24;"Prešovský kraj";4;0;0;0;NA;113469;4;2020-06-24;192
2020-06-23;"Prešovský kraj";0;0;0;0;NA;113469;0;2020-06-23;188
2020-06-22;"Prešovský kraj";0;0;0;0;NA;113469;0;2020-06-22;188
2020-06-21;"Prešovský kraj";0;0;0;0;NA;113469;0;2020-06-21;188
2020-06-20;"Prešovský kraj";0;0;0;0;NA;113469;0;2020-06-20;188
2020-06-19;"Prešovský kraj";1;0;0;0;NA;113469;1;2020-06-19;188
2020-06-18;"Prešovský kraj";0;0;0;0;NA;113469;0;2020-06-18;187
2020-06-17;"Prešovský kraj";0;0;0;0;NA;113469;0;2020-06-17;187
2020-06-16;"Prešovský kraj";6;0;0;0;NA;113469;6;2020-06-16;187
2020-06-14;"Prešovský kraj";0;0;0;0;NA;113469;0;2020-06-14;181
2020-06-13;"Prešovský kraj";0;0;0;0;NA;113469;0;2020-06-13;181
2020-06-12;"Prešovský kraj";1;0;0;0;NA;113469;1;2020-06-12;181
2020-06-11;"Prešovský kraj";0;0;0;0;NA;113469;0;2020-06-11;180
2020-06-10;"Prešovský kraj";0;0;0;0;NA;113469;0;2020-06-10;180
2020-06-09;"Prešovský kraj";0;0;0;0;NA;113469;0;2020-06-09;180
2020-06-08;"Prešovský kraj";0;0;0;0;NA;113469;0;2020-06-08;180
2020-06-07;"Prešovský kraj";0;0;0;0;NA;113469;0;2020-06-07;180
2020-06-05;"Prešovský kraj";0;0;0;0;NA;113469;0;2020-06-05;180
2020-06-03;"Prešovský kraj";0;0;0;0;NA;113469;0;2020-06-03;180
2020-06-02;"Prešovský kraj";1;0;0;0;NA;113469;1;2020-06-02;180
2020-05-31;"Prešovský kraj";1;0;0;0;NA;113469;1;2020-05-31;179
2020-05-29;"Prešovský kraj";0;0;0;0;NA;113469;0;2020-05-29;178
2020-05-27;"Prešovský kraj";0;0;0;0;NA;113469;0;2020-05-27;178
2020-05-26;"Prešovský kraj";0;0;0;0;NA;113469;0;2020-05-26;178
2020-05-25;"Prešovský kraj";0;0;0;0;NA;113469;0;2020-05-25;178
2020-05-24;"Prešovský kraj";0;0;0;0;NA;113469;0;2020-05-24;178
2020-05-23;"Prešovský kraj";0;0;0;0;NA;113469;0;2020-05-23;178
2020-05-22;"Prešovský kraj";0;0;0;0;NA;113469;0;2020-05-22;178
2020-05-21;"Prešovský kraj";1;0;0;0;NA;113469;1;2020-05-21;178
2020-05-20;"Prešovský kraj";0;0;0;0;NA;113469;0;2020-05-20;177
2020-05-19;"Prešovský kraj";0;0;0;0;NA;113469;0;2020-05-19;177
2020-05-17;"Prešovský kraj";0;0;0;0;NA;113469;0;2020-05-17;177
2020-05-16;"Prešovský kraj";0;0;0;0;NA;113469;0;2020-05-16;177
2020-05-15;"Prešovský kraj";0;0;0;0;NA;113469;0;2020-05-15;177
2020-05-14;"Prešovský kraj";0;0;0;0;NA;113469;0;2020-05-14;177
2020-05-13;"Prešovský kraj";1;0;0;0;NA;113469;1;2020-05-13;177
2020-05-12;"Prešovský kraj";0;0;0;0;NA;113469;0;2020-05-12;176
2020-05-11;"Prešovský kraj";1;0;0;0;NA;113469;1;2020-05-11;176
2020-05-09;"Prešovský kraj";0;0;0;0;NA;113469;0;2020-05-09;175
2020-05-07;"Prešovský kraj";0;0;0;0;NA;113469;0;2020-05-07;175
2020-05-06;"Prešovský kraj";0;0;0;0;NA;113469;0;2020-05-06;175
2020-05-05;"Prešovský kraj";1;0;0;0;NA;113469;1;2020-05-05;175
2020-05-04;"Prešovský kraj";0;0;0;0;NA;113469;0;2020-05-04;174
2020-05-03;"Prešovský kraj";0;0;0;0;NA;113469;0;2020-05-03;174
2020-05-02;"Prešovský kraj";0;0;0;0;NA;113469;0;2020-05-02;174
2020-05-01;"Prešovský kraj";2;0;0;0;NA;113469;2;2020-05-01;174
2020-04-30;"Prešovský kraj";0;0;0;0;NA;113469;0;2020-04-30;172
2020-04-29;"Prešovský kraj";1;0;0;0;NA;113469;1;2020-04-29;172
2020-04-28;"Prešovský kraj";1;0;0;0;NA;113469;1;2020-04-28;171
2020-04-27;"Prešovský kraj";2;0;0;0;NA;113469;2;2020-04-27;170
2020-04-26;"Prešovský kraj";0;0;0;0;NA;113469;0;2020-04-26;168
2020-04-25;"Prešovský kraj";0;0;0;0;NA;113469;0;2020-04-25;168
2020-04-24;"Prešovský kraj";0;0;0;0;NA;113469;0;2020-04-24;168
2020-04-23;"Prešovský kraj";2;0;0;0;NA;113469;2;2020-04-23;168
2020-04-22;"Prešovský kraj";11;0;0;0;NA;113469;11;2020-04-22;166
2020-04-21;"Prešovský kraj";12;0;0;0;NA;113469;12;2020-04-21;155
2020-04-20;"Prešovský kraj";2;0;0;0;NA;113469;2;2020-04-20;143
2020-04-19;"Prešovský kraj";4;0;0;0;NA;113469;4;2020-04-19;141
2020-04-18;"Prešovský kraj";1;0;0;0;NA;113469;1;2020-04-18;137
2020-04-17;"Prešovský kraj";4;0;0;0;NA;113469;4;2020-04-17;136
2020-04-16;"Prešovský kraj";9;0;0;0;NA;113469;9;2020-04-16;132
2020-04-15;"Prešovský kraj";21;0;0;0;NA;113469;21;2020-04-15;123
2020-04-14;"Prešovský kraj";1;0;0;0;NA;113469;1;2020-04-14;102
2020-04-13;"Prešovský kraj";2;0;0;0;NA;113469;2;2020-04-13;101
2020-04-12;"Prešovský kraj";6;0;0;0;NA;113469;6;2020-04-12;99
2020-04-11;"Prešovský kraj";4;0;0;0;NA;113469;4;2020-04-11;93
2020-04-10;"Prešovský kraj";0;0;0;0;NA;113469;0;2020-04-10;89
2020-04-09;"Prešovský kraj";1;0;0;0;NA;113469;1;2020-04-09;89
2020-04-08;"Prešovský kraj";0;0;0;0;NA;113469;0;2020-04-08;88
2020-04-07;"Prešovský kraj";7;0;0;0;NA;113469;7;2020-04-07;88
2020-04-06;"Prešovský kraj";10;0;0;0;NA;113469;10;2020-04-06;81
2020-04-05;"Prešovský kraj";13;0;0;0;NA;113469;13;2020-04-05;71
2020-04-04;"Prešovský kraj";1;0;0;0;NA;113469;1;2020-04-04;58
2020-04-03;"Prešovský kraj";4;0;0;0;NA;113469;4;2020-04-03;57
2020-04-02;"Prešovský kraj";6;0;0;0;NA;113469;6;2020-04-02;53
2020-04-01;"Prešovský kraj";6;0;0;0;NA;113469;6;2020-04-01;47
2020-03-31;"Prešovský kraj";6;0;0;0;NA;113469;6;2020-03-31;41
2020-03-30;"Prešovský kraj";2;0;0;0;NA;113469;2;2020-03-30;35
2020-03-29;"Prešovský kraj";2;0;0;0;NA;113469;2;2020-03-29;33
2020-03-28;"Prešovský kraj";2;0;0;0;NA;113469;2;2020-03-28;31
2020-03-27;"Prešovský kraj";1;0;0;0;NA;113469;1;2020-03-27;29
2020-03-26;"Prešovský kraj";8;0;0;0;NA;113469;8;2020-03-26;28
2020-03-25;"Prešovský kraj";1;0;0;0;NA;113469;1;2020-03-25;20
2020-03-24;"Prešovský kraj";4;0;0;0;NA;113469;4;2020-03-24;19
2020-03-23;"Prešovský kraj";0;0;0;0;NA;113469;0;2020-03-23;15
2020-03-22;"Prešovský kraj";1;0;0;0;NA;113469;1;2020-03-22;15
2020-03-21;"Prešovský kraj";2;0;0;0;NA;113469;2;2020-03-21;14
2020-03-20;"Prešovský kraj";3;0;0;0;NA;113469;3;2020-03-20;12
2020-03-19;"Prešovský kraj";2;0;0;0;NA;113469;2;2020-03-19;9
2020-03-18;"Prešovský kraj";1;0;0;0;NA;113469;1;2020-03-18;7
2020-03-17;"Prešovský kraj";1;0;0;0;NA;113469;1;2020-03-17;6
2020-03-16;"Prešovský kraj";4;0;0;0;NA;113469;4;2020-03-16;5
2020-03-15;"Prešovský kraj";0;0;0;0;NA;113469;0;2020-03-15;1
2020-03-14;"Prešovský kraj";1;0;0;0;NA;113469;1;2020-03-14;1
2020-03-13;"Prešovský kraj";0;0;0;0;NA;113469;0;2020-03-13;0
2020-03-12;"Prešovský kraj";0;0;0;0;NA;113469;0;2020-03-12;0
2020-03-11;"Prešovský kraj";0;0;0;0;NA;113469;0;2020-03-11;0
2020-03-09;"Prešovský kraj";0;0;0;0;NA;113469;0;2020-03-09;0
2020-03-08;"Prešovský kraj";0;0;0;0;NA;113469;0;2020-03-08;0
2020-03-07;"Prešovský kraj";0;0;0;0;NA;113469;0;2020-03-07;0
2020-03-06;"Prešovský kraj";0;0;0;0;NA;113469;0;2020-03-06;0
2021-06-06;"Trenčiansky kraj";0;5308;9;5317;53119;100317;9;2021-06-06;100317
2021-06-05;"Trenčiansky kraj";7;6102;5;6107;NA;100317;12;2021-06-05;100308
2021-06-04;"Trenčiansky kraj";16;7143;2;7145;NA;100317;18;2021-06-04;100296
2021-06-03;"Trenčiansky kraj";9;4479;16;4495;NA;100317;25;2021-06-03;100278
2021-06-02;"Trenčiansky kraj";28;4411;8;4419;NA;100317;36;2021-06-02;100253
2021-06-01;"Trenčiansky kraj";22;4846;18;4864;NA;100317;40;2021-06-01;100217
2021-05-31;"Trenčiansky kraj";30;6114;24;6138;NA;100317;54;2021-05-31;100177
2021-05-30;"Trenčiansky kraj";0;8154;16;8170;NA;100317;16;2021-05-30;100123
2021-05-29;"Trenčiansky kraj";13;7800;14;7814;NA;100317;27;2021-05-29;100107
2021-05-28;"Trenčiansky kraj";22;8996;24;9020;NA;100317;46;2021-05-28;100080
2021-05-27;"Trenčiansky kraj";6;5115;12;5127;NA;100317;18;2021-05-27;100034
2021-05-26;"Trenčiansky kraj";26;5067;15;5082;NA;100317;41;2021-05-26;100016
2021-05-25;"Trenčiansky kraj";18;6348;25;6373;NA;100317;43;2021-05-25;99975
2021-05-24;"Trenčiansky kraj";19;9107;36;9143;NA;100317;55;2021-05-24;99932
2021-05-23;"Trenčiansky kraj";0;9082;26;9108;NA;100317;26;2021-05-23;99877
2021-05-22;"Trenčiansky kraj";11;11314;21;11335;NA;100317;32;2021-05-22;99851
2021-05-21;"Trenčiansky kraj";23;11571;26;11597;NA;100317;49;2021-05-21;99819
2021-05-20;"Trenčiansky kraj";23;6319;25;6344;NA;100317;48;2021-05-20;99770
2021-05-19;"Trenčiansky kraj";16;5693;32;5725;NA;100317;48;2021-05-19;99722
2021-05-18;"Trenčiansky kraj";26;7777;28;7805;NA;100317;54;2021-05-18;99674
2021-05-17;"Trenčiansky kraj";37;7669;43;7712;NA;100317;80;2021-05-17;99620
2021-05-16;"Trenčiansky kraj";25;15615;41;15656;NA;100317;66;2021-05-16;99540
2021-05-15;"Trenčiansky kraj";3;21237;32;21269;NA;100317;35;2021-05-15;99474
2021-05-14;"Trenčiansky kraj";41;18666;42;18708;NA;100317;83;2021-05-14;99439
2021-05-13;"Trenčiansky kraj";41;8194;24;8218;NA;100317;65;2021-05-13;99356
2021-05-12;"Trenčiansky kraj";41;7408;31;7439;NA;100317;72;2021-05-12;99291
2021-05-11;"Trenčiansky kraj";66;10497;32;10529;NA;100317;98;2021-05-11;99219
2021-05-10;"Trenčiansky kraj";48;13974;58;14032;NA;100317;106;2021-05-10;99121
2021-05-09;"Trenčiansky kraj";52;17737;39;17776;NA;100317;91;2021-05-09;99015
2021-05-08;"Trenčiansky kraj";3;24000;33;24033;NA;100317;36;2021-05-08;98924
2021-05-07;"Trenčiansky kraj";45;23538;56;23594;NA;100317;101;2021-05-07;98888
2021-05-06;"Trenčiansky kraj";26;10777;44;10821;NA;100317;70;2021-05-06;98787
2021-05-05;"Trenčiansky kraj";73;9374;41;9415;NA;100317;114;2021-05-05;98717
2021-05-04;"Trenčiansky kraj";55;12732;53;12785;NA;100317;108;2021-05-04;98603
2021-05-03;"Trenčiansky kraj";60;15330;51;15381;NA;100317;111;2021-05-03;98495
2021-05-02;"Trenčiansky kraj";0;31152;65;31217;NA;100317;65;2021-05-02;98384
2021-05-01;"Trenčiansky kraj";71;56982;60;57042;NA;100317;131;2021-05-01;98319
2021-04-30;"Trenčiansky kraj";77;29420;61;29481;NA;100317;138;2021-04-30;98188
2021-04-29;"Trenčiansky kraj";49;13183;59;13242;NA;100317;108;2021-04-29;98050
2021-04-28;"Trenčiansky kraj";79;12536;52;12588;NA;100317;131;2021-04-28;97942
2021-04-27;"Trenčiansky kraj";107;15526;40;15566;NA;100317;147;2021-04-27;97811
2021-04-26;"Trenčiansky kraj";52;21066;63;21129;NA;100317;115;2021-04-26;97664
2021-04-25;"Trenčiansky kraj";0;34560;48;34608;NA;100317;48;2021-04-25;97549
2021-04-24;"Trenčiansky kraj";76;72398;100;72498;NA;100317;176;2021-04-24;97501
2021-04-23;"Trenčiansky kraj";143;29958;79;30037;NA;100317;222;2021-04-23;97325
2021-04-22;"Trenčiansky kraj";71;13847;64;13911;NA;100317;135;2021-04-22;97103
2021-04-21;"Trenčiansky kraj";79;12996;67;13063;NA;100317;146;2021-04-21;96968
2021-04-20;"Trenčiansky kraj";142;17739;80;17819;NA;100317;222;2021-04-20;96822
2021-04-19;"Trenčiansky kraj";102;22630;103;22733;NA;100317;205;2021-04-19;96600
2021-04-18;"Trenčiansky kraj";3;40879;97;40976;NA;100317;100;2021-04-18;96395
2021-04-17;"Trenčiansky kraj";77;81498;136;81634;NA;100317;213;2021-04-17;96295
2021-04-16;"Trenčiansky kraj";100;31954;90;32044;NA;100317;190;2021-04-16;96082
2021-04-15;"Trenčiansky kraj";71;14477;69;14546;NA;100317;140;2021-04-15;95892
2021-04-14;"Trenčiansky kraj";135;15549;72;15621;NA;100317;207;2021-04-14;95752
2021-04-13;"Trenčiansky kraj";189;18713;75;18788;NA;100317;264;2021-04-13;95545
2021-04-12;"Trenčiansky kraj";97;23743;91;23834;NA;100317;188;2021-04-12;95281
2021-04-11;"Trenčiansky kraj";1;34735;75;34810;NA;100317;76;2021-04-11;95093
2021-04-10;"Trenčiansky kraj";81;83093;145;83238;NA;100317;226;2021-04-10;95017
2021-04-09;"Trenčiansky kraj";120;28008;91;28099;NA;100317;211;2021-04-09;94791
2021-04-08;"Trenčiansky kraj";112;13282;85;13367;NA;100317;197;2021-04-08;94580
2021-04-07;"Trenčiansky kraj";204;17689;122;17811;NA;100317;326;2021-04-07;94383
2021-04-06;"Trenčiansky kraj";157;28532;178;28710;NA;100317;335;2021-04-06;94057
2021-04-05;"Trenčiansky kraj";15;9227;64;9291;NA;100317;79;2021-04-05;93722
2021-04-04;"Trenčiansky kraj";2;20291;85;20376;NA;100317;87;2021-04-04;93643
2021-04-03;"Trenčiansky kraj";86;80473;221;80694;NA;100317;307;2021-04-03;93556
2021-04-02;"Trenčiansky kraj";126;21620;81;21701;NA;100317;207;2021-04-02;93249
2021-04-01;"Trenčiansky kraj";159;32370;139;32509;NA;100317;298;2021-04-01;93042
2021-03-31;"Trenčiansky kraj";198;20100;130;20230;NA;100317;328;2021-03-31;92744
2021-03-30;"Trenčiansky kraj";272;17304;136;17440;NA;100317;408;2021-03-30;92416
2021-03-29;"Trenčiansky kraj";142;19479;170;19649;NA;100317;312;2021-03-29;92008
2021-03-28;"Trenčiansky kraj";3;34759;116;34875;NA;100317;119;2021-03-28;91696
2021-03-27;"Trenčiansky kraj";130;77314;293;77607;NA;100317;423;2021-03-27;91577
2021-03-26;"Trenčiansky kraj";211;35092;157;35249;NA;100317;368;2021-03-26;91154
2021-03-25;"Trenčiansky kraj";184;16579;176;16755;NA;100317;360;2021-03-25;90786
2021-03-24;"Trenčiansky kraj";259;13099;171;13270;NA;100317;430;2021-03-24;90426
2021-03-23;"Trenčiansky kraj";349;17588;174;17762;NA;100317;523;2021-03-23;89996
2021-03-22;"Trenčiansky kraj";141;21118;213;21331;NA;100317;354;2021-03-22;89473
2021-03-21;"Trenčiansky kraj";85;32711;164;32875;NA;100317;249;2021-03-21;89119
2021-03-20;"Trenčiansky kraj";128;80035;322;80357;NA;100317;450;2021-03-20;88870
2021-03-19;"Trenčiansky kraj";231;34784;232;35016;NA;100317;463;2021-03-19;88420
2021-03-18;"Trenčiansky kraj";262;16105;178;16283;NA;100317;440;2021-03-18;87957
2021-03-17;"Trenčiansky kraj";366;13436;163;13599;NA;100317;529;2021-03-17;87517
2021-03-16;"Trenčiansky kraj";450;15281;241;15522;NA;100317;691;2021-03-16;86988
2021-03-15;"Trenčiansky kraj";162;21235;261;21496;NA;100317;423;2021-03-15;86297
2021-03-14;"Trenčiansky kraj";42;33892;233;34125;NA;100317;275;2021-03-14;85874
2021-03-13;"Trenčiansky kraj";270;79187;453;79640;NA;100317;723;2021-03-13;85599
2021-03-12;"Trenčiansky kraj";366;34787;307;35094;NA;100317;673;2021-03-12;84876
2021-03-11;"Trenčiansky kraj";302;15557;213;15770;NA;100317;515;2021-03-11;84203
2021-03-10;"Trenčiansky kraj";402;13585;237;13822;NA;100317;639;2021-03-10;83688
2021-03-09;"Trenčiansky kraj";586;17982;285;18267;NA;100317;871;2021-03-09;83049
2021-03-08;"Trenčiansky kraj";174;21704;363;22067;NA;100317;537;2021-03-08;82178
2021-03-07;"Trenčiansky kraj";4;33991;318;34309;NA;100317;322;2021-03-07;81641
2021-03-06;"Trenčiansky kraj";260;79661;529;80190;NA;100317;789;2021-03-06;81319
2021-03-05;"Trenčiansky kraj";326;32946;416;33362;NA;100317;742;2021-03-05;80530
2021-03-04;"Trenčiansky kraj";323;16820;315;17135;NA;100317;638;2021-03-04;79788
2021-03-03;"Trenčiansky kraj";413;13953;346;14299;NA;100317;759;2021-03-03;79150
2021-03-02;"Trenčiansky kraj";612;17797;344;18141;NA;100317;956;2021-03-02;78391
2021-03-01;"Trenčiansky kraj";217;21127;445;21572;NA;100317;662;2021-03-01;77435
2021-02-28;"Trenčiansky kraj";45;30238;376;30614;NA;100317;421;2021-02-28;76773
2021-02-27;"Trenčiansky kraj";277;78735;686;79421;NA;100317;963;2021-02-27;76352
2021-02-26;"Trenčiansky kraj";420;32932;435;33367;NA;100317;855;2021-02-26;75389
2021-02-25;"Trenčiansky kraj";424;14029;328;14357;NA;100317;752;2021-02-25;74534
2021-02-24;"Trenčiansky kraj";427;11997;398;12395;NA;100317;825;2021-02-24;73782
2021-02-23;"Trenčiansky kraj";577;14904;390;15294;NA;100317;967;2021-02-23;72957
2021-02-22;"Trenčiansky kraj";160;19969;468;20437;NA;100317;628;2021-02-22;71990
2021-02-21;"Trenčiansky kraj";64;29478;392;29870;NA;100317;456;2021-02-21;71362
2021-02-20;"Trenčiansky kraj";274;77840;745;78585;NA;100317;1019;2021-02-20;70906
2021-02-19;"Trenčiansky kraj";272;30245;520;30765;NA;100317;792;2021-02-19;69887
2021-02-18;"Trenčiansky kraj";355;14378;410;14788;NA;100317;765;2021-02-18;69095
2021-02-17;"Trenčiansky kraj";363;11413;376;11789;NA;100317;739;2021-02-17;68330
2021-02-16;"Trenčiansky kraj";488;17761;406;18167;NA;100317;894;2021-02-16;67591
2021-02-15;"Trenčiansky kraj";151;21846;463;22309;NA;100317;614;2021-02-15;66697
2021-02-14;"Trenčiansky kraj";2;31255;324;31579;NA;100317;326;2021-02-14;66083
2021-02-13;"Trenčiansky kraj";274;63006;522;63528;NA;100317;796;2021-02-13;65757
2021-02-12;"Trenčiansky kraj";276;27966;412;28378;NA;100317;688;2021-02-12;64961
2021-02-11;"Trenčiansky kraj";291;11566;323;11889;NA;100317;614;2021-02-11;64273
2021-02-10;"Trenčiansky kraj";304;11402;317;11719;NA;100317;621;2021-02-10;63659
2021-02-09;"Trenčiansky kraj";514;18401;360;18761;NA;100317;874;2021-02-09;63038
2021-02-08;"Trenčiansky kraj";182;26972;430;27402;NA;100317;612;2021-02-08;62164
2021-02-07;"Trenčiansky kraj";31;36772;341;37113;NA;100317;372;2021-02-07;61552
2021-02-06;"Trenčiansky kraj";216;63931;560;64491;NA;100317;776;2021-02-06;61180
2021-02-05;"Trenčiansky kraj";202;18154;367;18521;NA;100317;569;2021-02-05;60404
2021-02-04;"Trenčiansky kraj";266;7248;311;7559;NA;100317;577;2021-02-04;59835
2021-02-03;"Trenčiansky kraj";162;6718;320;7038;NA;100317;482;2021-02-03;59258
2021-02-02;"Trenčiansky kraj";347;8058;380;8438;NA;100317;727;2021-02-02;58776
2021-02-01;"Trenčiansky kraj";167;8917;311;9228;NA;100317;478;2021-02-01;58049
2021-01-31;"Trenčiansky kraj";7;19103;159;19262;NA;100317;166;2021-01-31;57571
2021-01-30;"Trenčiansky kraj";228;38167;332;38499;NA;100317;560;2021-01-30;57405
2021-01-29;"Trenčiansky kraj";214;7586;235;7821;NA;100317;449;2021-01-29;56845
2021-01-28;"Trenčiansky kraj";307;5442;158;5600;NA;100317;465;2021-01-28;56396
2021-01-27;"Trenčiansky kraj";166;4842;181;5023;NA;100317;347;2021-01-27;55931
2021-01-26;"Trenčiansky kraj";303;14585;250;14835;NA;100317;553;2021-01-26;55584
2021-01-25;"Trenčiansky kraj";160;24302;207;24509;NA;100317;367;2021-01-25;55031
2021-01-24;"Trenčiansky kraj";51;38369;282;38651;NA;100317;333;2021-01-24;54664
2021-01-23;"Trenčiansky kraj";206;114125;749;114874;NA;100317;955;2021-01-23;54331
2021-01-22;"Trenčiansky kraj";148;21833;242;22075;NA;100317;390;2021-01-22;53376
2021-01-21;"Trenčiansky kraj";143;8582;166;8748;NA;100317;309;2021-01-21;52986
2021-01-20;"Trenčiansky kraj";181;8189;227;8416;NA;100317;408;2021-01-20;52677
2021-01-19;"Trenčiansky kraj";363;6618;262;6880;NA;100317;625;2021-01-19;52269
2021-01-18;"Trenčiansky kraj";72;4970;321;5291;NA;100317;393;2021-01-18;51644
2021-01-17;"Trenčiansky kraj";124;156;11;167;NA;100317;135;2021-01-17;51251
2021-01-16;"Trenčiansky kraj";39;1288;53;1341;NA;100317;92;2021-01-16;51116
2021-01-15;"Trenčiansky kraj";264;4029;218;4247;NA;100317;482;2021-01-15;51024
2021-01-14;"Trenčiansky kraj";275;3193;189;3382;NA;100317;464;2021-01-14;50542
2021-01-13;"Trenčiansky kraj";222;3893;215;4108;NA;100317;437;2021-01-13;50078
2021-01-12;"Trenčiansky kraj";508;4604;261;4865;NA;100317;769;2021-01-12;49641
2021-01-11;"Trenčiansky kraj";142;4367;354;4721;NA;100317;496;2021-01-11;48872
2021-01-10;"Trenčiansky kraj";89;4969;77;5046;NA;100317;166;2021-01-10;48376
2021-01-09;"Trenčiansky kraj";276;8280;128;8408;NA;100317;404;2021-01-09;48210
2021-01-08;"Trenčiansky kraj";489;6434;484;6918;NA;100317;973;2021-01-08;47806
2021-01-07;"Trenčiansky kraj";420;6138;577;6715;NA;100317;997;2021-01-07;46833
2021-01-06;"Trenčiansky kraj";221;1021;64;1085;NA;100317;285;2021-01-06;45836
2021-01-05;"Trenčiansky kraj";669;5753;706;6459;NA;100317;1375;2021-01-05;45551
2021-01-04;"Trenčiansky kraj";337;5248;782;6030;NA;100317;1119;2021-01-04;44176
2021-01-03;"Trenčiansky kraj";38;114;15;129;NA;100317;53;2021-01-03;43057
2021-01-02;"Trenčiansky kraj";129;196;23;219;NA;100317;152;2021-01-02;43004
2021-01-01;"Trenčiansky kraj";329;347;23;370;NA;100317;352;2021-01-01;42852
2020-12-31;"Trenčiansky kraj";597;4943;557;5500;NA;100317;1154;2020-12-31;42500
2020-12-30;"Trenčiansky kraj";836;7012;762;7774;NA;100317;1598;2020-12-30;41346
2020-12-29;"Trenčiansky kraj";459;6191;1018;7209;NA;100317;1477;2020-12-29;39748
2020-12-28;"Trenčiansky kraj";258;4195;777;4972;NA;100317;1035;2020-12-28;38271
2020-12-27;"Trenčiansky kraj";5;208;36;244;NA;100317;41;2020-12-27;37236
2020-12-26;"Trenčiansky kraj";174;74;10;84;NA;100317;184;2020-12-26;37195
2020-12-25;"Trenčiansky kraj";251;325;47;372;NA;100317;298;2020-12-25;37011
2020-12-24;"Trenčiansky kraj";552;2194;256;2450;NA;100317;808;2020-12-24;36713
2020-12-23;"Trenčiansky kraj";421;6552;661;7213;NA;100317;1082;2020-12-23;35905
2020-12-22;"Trenčiansky kraj";673;5760;694;6454;NA;100317;1367;2020-12-22;34823
2020-12-21;"Trenčiansky kraj";248;13321;956;14277;NA;100317;1204;2020-12-21;33456
2020-12-20;"Trenčiansky kraj";238;12504;292;12796;NA;100317;530;2020-12-20;32252
2020-12-19;"Trenčiansky kraj";341;1611;150;1761;NA;100317;491;2020-12-19;31722
2020-12-18;"Trenčiansky kraj";521;5199;615;5814;NA;100317;1136;2020-12-18;31231
2020-12-17;"Trenčiansky kraj";670;3843;524;4367;NA;100317;1194;2020-12-17;30095
2020-12-16;"Trenčiansky kraj";461;4464;647;5111;NA;100317;1108;2020-12-16;28901
2020-12-15;"Trenčiansky kraj";595;3805;670;4475;NA;100317;1265;2020-12-15;27793
2020-12-14;"Trenčiansky kraj";318;3194;613;3807;NA;100317;931;2020-12-14;26528
2020-12-13;"Trenčiansky kraj";77;49;6;55;NA;100317;83;2020-12-13;25597
2020-12-12;"Trenčiansky kraj";314;1191;132;1323;NA;100317;446;2020-12-12;25514
2020-12-11;"Trenčiansky kraj";751;4066;479;4545;NA;100317;1230;2020-12-11;25068
2020-12-10;"Trenčiansky kraj";271;3354;473;3827;NA;100317;744;2020-12-10;23838
2020-12-09;"Trenčiansky kraj";508;3788;466;4254;NA;100317;974;2020-12-09;23094
2020-12-08;"Trenčiansky kraj";546;3440;522;3962;NA;100317;1068;2020-12-08;22120
2020-12-07;"Trenčiansky kraj";258;3832;468;4300;NA;100317;726;2020-12-07;21052
2020-12-06;"Trenčiansky kraj";114;187;11;198;NA;100317;125;2020-12-06;20326
2020-12-05;"Trenčiansky kraj";223;616;56;672;NA;100317;279;2020-12-05;20201
2020-12-04;"Trenčiansky kraj";253;2989;273;3262;NA;100317;526;2020-12-04;19922
2020-12-03;"Trenčiansky kraj";503;1739;179;1918;NA;100317;682;2020-12-03;19396
2020-12-02;"Trenčiansky kraj";418;1887;232;2119;NA;100317;650;2020-12-02;18714
2020-12-01;"Trenčiansky kraj";321;5633;317;5950;NA;100317;638;2020-12-01;18064
2020-11-30;"Trenčiansky kraj";167;11424;491;11915;NA;100317;658;2020-11-30;17426
2020-11-29;"Trenčiansky kraj";29;30;5;35;NA;100317;34;2020-11-29;16768
2020-11-28;"Trenčiansky kraj";202;1051;93;1144;NA;100317;295;2020-11-28;16734
2020-11-27;"Trenčiansky kraj";330;1888;186;2074;NA;100317;516;2020-11-27;16439
2020-11-26;"Trenčiansky kraj";395;1252;122;1374;NA;100317;517;2020-11-26;15923
2020-11-25;"Trenčiansky kraj";322;1444;160;1604;NA;100317;482;2020-11-25;15406
2020-11-24;"Trenčiansky kraj";348;2553;308;2861;NA;100317;656;2020-11-24;14924
2020-11-23;"Trenčiansky kraj";159;1186;122;1308;NA;100317;281;2020-11-23;14268
2020-11-22;"Trenčiansky kraj";26;30;7;37;NA;100317;33;2020-11-22;13987
2020-11-21;"Trenčiansky kraj";255;1376;69;1445;NA;100317;324;2020-11-21;13954
2020-11-20;"Trenčiansky kraj";316;861;93;954;NA;100317;409;2020-11-20;13630
2020-11-19;"Trenčiansky kraj";316;740;113;853;NA;100317;429;2020-11-19;13221
2020-11-18;"Trenčiansky kraj";233;379;66;445;NA;100317;299;2020-11-18;12792
2020-11-17;"Trenčiansky kraj";222;106;15;121;NA;100317;237;2020-11-17;12493
2020-11-16;"Trenčiansky kraj";245;236;45;281;NA;100317;290;2020-11-16;12256
2020-11-15;"Trenčiansky kraj";109;29;6;35;NA;100317;115;2020-11-15;11966
2020-11-14;"Trenčiansky kraj";190;74;11;85;NA;100317;201;2020-11-14;11851
2020-11-13;"Trenčiansky kraj";308;131;13;144;NA;100317;321;2020-11-13;11650
2020-11-12;"Trenčiansky kraj";324;124;5;129;NA;100317;329;2020-11-12;11329
2020-11-11;"Trenčiansky kraj";366;113;10;123;NA;100317;376;2020-11-11;11000
2020-11-10;"Trenčiansky kraj";277;106;6;112;NA;100317;283;2020-11-10;10624
2020-11-09;"Trenčiansky kraj";115;1407;48;1455;NA;100317;163;2020-11-09;10341
2020-11-08;"Trenčiansky kraj";81;1271;8;1279;NA;100317;89;2020-11-08;10178
2020-11-07;"Trenčiansky kraj";319;3662;59;3721;NA;100317;378;2020-11-07;10089
2020-11-06;"Trenčiansky kraj";383;6893;84;6977;NA;100317;467;2020-11-06;9711
2020-11-05;"Trenčiansky kraj";399;98;15;113;NA;100317;414;2020-11-05;9244
2020-11-04;"Trenčiansky kraj";370;91;9;100;NA;100317;379;2020-11-04;8830
2020-11-03;"Trenčiansky kraj";575;97;8;105;NA;100317;583;2020-11-03;8451
2020-11-02;"Trenčiansky kraj";197;1833;68;1901;NA;100317;265;2020-11-02;7868
2020-11-01;"Trenčiansky kraj";257;808;24;832;NA;100317;281;2020-11-01;7603
2020-10-31;"Trenčiansky kraj";332;4719;82;4801;NA;100317;414;2020-10-31;7322
2020-10-30;"Trenčiansky kraj";299;5283;102;5385;NA;100317;401;2020-10-30;6908
2020-10-29;"Trenčiansky kraj";496;764;68;832;NA;100317;564;2020-10-29;6507
2020-10-28;"Trenčiansky kraj";269;192;33;225;NA;100317;302;2020-10-28;5943
2020-10-27;"Trenčiansky kraj";473;127;27;154;NA;100317;500;2020-10-27;5641
2020-10-26;"Trenčiansky kraj";177;107;36;143;NA;100317;213;2020-10-26;5141
2020-10-25;"Trenčiansky kraj";138;9;5;14;NA;100317;143;2020-10-25;4928
2020-10-24;"Trenčiansky kraj";395;128;6;134;NA;100317;401;2020-10-24;4785
2020-10-23;"Trenčiansky kraj";301;154;8;162;NA;100317;309;2020-10-23;4384
2020-10-22;"Trenčiansky kraj";273;82;12;94;NA;100317;285;2020-10-22;4075
2020-10-21;"Trenčiansky kraj";183;53;9;62;NA;100317;192;2020-10-21;3790
2020-10-20;"Trenčiansky kraj";212;47;6;53;NA;100317;218;2020-10-20;3598
2020-10-19;"Trenčiansky kraj";41;83;25;108;NA;100317;66;2020-10-19;3380
2020-10-18;"Trenčiansky kraj";104;0;0;0;NA;100317;104;2020-10-18;3314
2020-10-17;"Trenčiansky kraj";157;0;0;0;NA;100317;157;2020-10-17;3210
2020-10-16;"Trenčiansky kraj";225;42;6;48;NA;100317;231;2020-10-16;3053
2020-10-15;"Trenčiansky kraj";255;39;4;43;NA;100317;259;2020-10-15;2822
2020-10-14;"Trenčiansky kraj";162;42;7;49;NA;100317;169;2020-10-14;2563
2020-10-13;"Trenčiansky kraj";124;105;12;117;NA;100317;136;2020-10-13;2394
2020-10-12;"Trenčiansky kraj";55;0;0;0;NA;100317;55;2020-10-12;2258
2020-10-11;"Trenčiansky kraj";73;0;0;0;NA;100317;73;2020-10-11;2203
2020-10-10;"Trenčiansky kraj";180;0;0;0;NA;100317;180;2020-10-10;2130
2020-10-09;"Trenčiansky kraj";198;0;0;0;NA;100317;198;2020-10-09;1950
2020-10-08;"Trenčiansky kraj";115;0;0;0;NA;100317;115;2020-10-08;1752
2020-10-07;"Trenčiansky kraj";75;0;0;0;NA;100317;75;2020-10-07;1637
2020-10-06;"Trenčiansky kraj";72;0;0;0;NA;100317;72;2020-10-06;1562
2020-10-05;"Trenčiansky kraj";32;0;0;0;NA;100317;32;2020-10-05;1490
2020-10-04;"Trenčiansky kraj";37;0;0;0;NA;100317;37;2020-10-04;1458
2020-10-03;"Trenčiansky kraj";79;0;0;0;NA;100317;79;2020-10-03;1421
2020-10-02;"Trenčiansky kraj";69;0;0;0;NA;100317;69;2020-10-02;1342
2020-10-01;"Trenčiansky kraj";58;0;0;0;NA;100317;58;2020-10-01;1273
2020-09-30;"Trenčiansky kraj";76;0;0;0;NA;100317;76;2020-09-30;1215
2020-09-29;"Trenčiansky kraj";43;0;0;0;NA;100317;43;2020-09-29;1139
2020-09-28;"Trenčiansky kraj";7;0;0;0;NA;100317;7;2020-09-28;1096
2020-09-27;"Trenčiansky kraj";12;0;0;0;NA;100317;12;2020-09-27;1089
2020-09-26;"Trenčiansky kraj";37;0;0;0;NA;100317;37;2020-09-26;1077
2020-09-25;"Trenčiansky kraj";72;0;0;0;NA;100317;72;2020-09-25;1040
2020-09-24;"Trenčiansky kraj";41;0;0;0;NA;100317;41;2020-09-24;968
2020-09-23;"Trenčiansky kraj";32;0;0;0;NA;100317;32;2020-09-23;927
2020-09-22;"Trenčiansky kraj";26;0;0;0;NA;100317;26;2020-09-22;895
2020-09-21;"Trenčiansky kraj";23;0;0;0;NA;100317;23;2020-09-21;869
2020-09-20;"Trenčiansky kraj";21;0;0;0;NA;100317;21;2020-09-20;846
2020-09-19;"Trenčiansky kraj";20;0;0;0;NA;100317;20;2020-09-19;825
2020-09-18;"Trenčiansky kraj";41;0;0;0;NA;100317;41;2020-09-18;805
2020-09-17;"Trenčiansky kraj";20;0;0;0;NA;100317;20;2020-09-17;764
2020-09-16;"Trenčiansky kraj";14;0;0;0;NA;100317;14;2020-09-16;744
2020-09-15;"Trenčiansky kraj";8;0;0;0;NA;100317;8;2020-09-15;730
2020-09-14;"Trenčiansky kraj";5;0;0;0;NA;100317;5;2020-09-14;722
2020-09-13;"Trenčiansky kraj";12;0;0;0;NA;100317;12;2020-09-13;717
2020-09-12;"Trenčiansky kraj";2;0;0;0;NA;100317;2;2020-09-12;705
2020-09-11;"Trenčiansky kraj";27;0;0;0;NA;100317;27;2020-09-11;703
2020-09-10;"Trenčiansky kraj";15;0;0;0;NA;100317;15;2020-09-10;676
2020-09-09;"Trenčiansky kraj";11;0;0;0;NA;100317;11;2020-09-09;661
2020-09-08;"Trenčiansky kraj";12;0;0;0;NA;100317;12;2020-09-08;650
2020-09-07;"Trenčiansky kraj";6;0;0;0;NA;100317;6;2020-09-07;638
2020-09-06;"Trenčiansky kraj";1;0;0;0;NA;100317;1;2020-09-06;632
2020-09-05;"Trenčiansky kraj";3;0;0;0;NA;100317;3;2020-09-05;631
2020-09-04;"Trenčiansky kraj";9;0;0;0;NA;100317;9;2020-09-04;628
2020-09-03;"Trenčiansky kraj";10;0;0;0;NA;100317;10;2020-09-03;619
2020-09-02;"Trenčiansky kraj";5;0;0;0;NA;100317;5;2020-09-02;609
2020-09-01;"Trenčiansky kraj";1;0;0;0;NA;100317;1;2020-09-01;604
2020-08-31;"Trenčiansky kraj";12;0;0;0;NA;100317;12;2020-08-31;603
2020-08-30;"Trenčiansky kraj";0;0;0;0;NA;100317;0;2020-08-30;591
2020-08-29;"Trenčiansky kraj";1;0;0;0;NA;100317;1;2020-08-29;591
2020-08-28;"Trenčiansky kraj";12;0;0;0;NA;100317;12;2020-08-28;590
2020-08-27;"Trenčiansky kraj";10;0;0;0;NA;100317;10;2020-08-27;578
2020-08-26;"Trenčiansky kraj";15;0;0;0;NA;100317;15;2020-08-26;568
2020-08-25;"Trenčiansky kraj";12;0;0;0;NA;100317;12;2020-08-25;553
2020-08-24;"Trenčiansky kraj";4;0;0;0;NA;100317;4;2020-08-24;541
2020-08-23;"Trenčiansky kraj";5;0;0;0;NA;100317;5;2020-08-23;537
2020-08-22;"Trenčiansky kraj";6;0;0;0;NA;100317;6;2020-08-22;532
2020-08-21;"Trenčiansky kraj";6;0;0;0;NA;100317;6;2020-08-21;526
2020-08-20;"Trenčiansky kraj";20;0;0;0;NA;100317;20;2020-08-20;520
2020-08-19;"Trenčiansky kraj";17;0;0;0;NA;100317;17;2020-08-19;500
2020-08-18;"Trenčiansky kraj";9;0;0;0;NA;100317;9;2020-08-18;483
2020-08-17;"Trenčiansky kraj";4;0;0;0;NA;100317;4;2020-08-17;474
2020-08-16;"Trenčiansky kraj";0;0;0;0;NA;100317;0;2020-08-16;470
2020-08-15;"Trenčiansky kraj";9;0;0;0;NA;100317;9;2020-08-15;470
2020-08-14;"Trenčiansky kraj";15;0;0;0;NA;100317;15;2020-08-14;461
2020-08-13;"Trenčiansky kraj";23;0;0;0;NA;100317;23;2020-08-13;446
2020-08-12;"Trenčiansky kraj";6;0;0;0;NA;100317;6;2020-08-12;423
2020-08-11;"Trenčiansky kraj";7;0;0;0;NA;100317;7;2020-08-11;417
2020-08-10;"Trenčiansky kraj";9;0;0;0;NA;100317;9;2020-08-10;410
2020-08-09;"Trenčiansky kraj";1;0;0;0;NA;100317;1;2020-08-09;401
2020-08-08;"Trenčiansky kraj";4;0;0;0;NA;100317;4;2020-08-08;400
2020-08-07;"Trenčiansky kraj";4;0;0;0;NA;100317;4;2020-08-07;396
2020-08-06;"Trenčiansky kraj";13;0;0;0;NA;100317;13;2020-08-06;392
2020-08-05;"Trenčiansky kraj";39;0;0;0;NA;100317;39;2020-08-05;379
2020-08-04;"Trenčiansky kraj";9;0;0;0;NA;100317;9;2020-08-04;340
2020-08-03;"Trenčiansky kraj";0;0;0;0;NA;100317;0;2020-08-03;331
2020-08-02;"Trenčiansky kraj";2;0;0;0;NA;100317;2;2020-08-02;331
2020-08-01;"Trenčiansky kraj";6;0;0;0;NA;100317;6;2020-08-01;329
2020-07-31;"Trenčiansky kraj";16;0;0;0;NA;100317;16;2020-07-31;323
2020-07-30;"Trenčiansky kraj";4;0;0;0;NA;100317;4;2020-07-30;307
2020-07-29;"Trenčiansky kraj";5;0;0;0;NA;100317;5;2020-07-29;303
2020-07-28;"Trenčiansky kraj";11;0;0;0;NA;100317;11;2020-07-28;298
2020-07-27;"Trenčiansky kraj";4;0;0;0;NA;100317;4;2020-07-27;287
2020-07-26;"Trenčiansky kraj";1;0;0;0;NA;100317;1;2020-07-26;283
2020-07-25;"Trenčiansky kraj";7;0;0;0;NA;100317;7;2020-07-25;282
2020-07-24;"Trenčiansky kraj";5;0;0;0;NA;100317;5;2020-07-24;275
2020-07-23;"Trenčiansky kraj";10;0;0;0;NA;100317;10;2020-07-23;270
2020-07-22;"Trenčiansky kraj";11;0;0;0;NA;100317;11;2020-07-22;260
2020-07-21;"Trenčiansky kraj";6;0;0;0;NA;100317;6;2020-07-21;249
2020-07-20;"Trenčiansky kraj";13;0;0;0;NA;100317;13;2020-07-20;243
2020-07-19;"Trenčiansky kraj";0;0;0;0;NA;100317;0;2020-07-19;230
2020-07-18;"Trenčiansky kraj";0;0;0;0;NA;100317;0;2020-07-18;230
2020-07-17;"Trenčiansky kraj";1;0;0;0;NA;100317;1;2020-07-17;230
2020-07-16;"Trenčiansky kraj";0;0;0;0;NA;100317;0;2020-07-16;229
2020-07-15;"Trenčiansky kraj";2;0;0;0;NA;100317;2;2020-07-15;229
2020-07-14;"Trenčiansky kraj";8;0;0;0;NA;100317;8;2020-07-14;227
2020-07-13;"Trenčiansky kraj";1;0;0;0;NA;100317;1;2020-07-13;219
2020-07-12;"Trenčiansky kraj";0;0;0;0;NA;100317;0;2020-07-12;218
2020-07-11;"Trenčiansky kraj";0;0;0;0;NA;100317;0;2020-07-11;218
2020-07-10;"Trenčiansky kraj";3;0;0;0;NA;100317;3;2020-07-10;218
2020-07-09;"Trenčiansky kraj";2;0;0;0;NA;100317;2;2020-07-09;215
2020-07-08;"Trenčiansky kraj";1;0;0;0;NA;100317;1;2020-07-08;213
2020-07-07;"Trenčiansky kraj";9;0;0;0;NA;100317;9;2020-07-07;212
2020-07-06;"Trenčiansky kraj";1;0;0;0;NA;100317;1;2020-07-06;203
2020-07-05;"Trenčiansky kraj";1;0;0;0;NA;100317;1;2020-07-05;202
2020-07-04;"Trenčiansky kraj";0;0;0;0;NA;100317;0;2020-07-04;201
2020-07-03;"Trenčiansky kraj";2;0;0;0;NA;100317;2;2020-07-03;201
2020-07-02;"Trenčiansky kraj";10;0;0;0;NA;100317;10;2020-07-02;199
2020-07-01;"Trenčiansky kraj";1;0;0;0;NA;100317;1;2020-07-01;189
2020-06-30;"Trenčiansky kraj";6;0;0;0;NA;100317;6;2020-06-30;188
2020-06-29;"Trenčiansky kraj";1;0;0;0;NA;100317;1;2020-06-29;182
2020-06-28;"Trenčiansky kraj";0;0;0;0;NA;100317;0;2020-06-28;181
2020-06-27;"Trenčiansky kraj";0;0;0;0;NA;100317;0;2020-06-27;181
2020-06-26;"Trenčiansky kraj";0;0;0;0;NA;100317;0;2020-06-26;181
2020-06-25;"Trenčiansky kraj";2;0;0;0;NA;100317;2;2020-06-25;181
2020-06-24;"Trenčiansky kraj";1;0;0;0;NA;100317;1;2020-06-24;179
2020-06-23;"Trenčiansky kraj";0;0;0;0;NA;100317;0;2020-06-23;178
2020-06-22;"Trenčiansky kraj";0;0;0;0;NA;100317;0;2020-06-22;178
2020-06-21;"Trenčiansky kraj";0;0;0;0;NA;100317;0;2020-06-21;178
2020-06-20;"Trenčiansky kraj";0;0;0;0;NA;100317;0;2020-06-20;178
2020-06-19;"Trenčiansky kraj";0;0;0;0;NA;100317;0;2020-06-19;178
2020-06-18;"Trenčiansky kraj";0;0;0;0;NA;100317;0;2020-06-18;178
2020-06-17;"Trenčiansky kraj";0;0;0;0;NA;100317;0;2020-06-17;178
2020-06-16;"Trenčiansky kraj";0;0;0;0;NA;100317;0;2020-06-16;178
2020-06-14;"Trenčiansky kraj";0;0;0;0;NA;100317;0;2020-06-14;178
2020-06-13;"Trenčiansky kraj";0;0;0;0;NA;100317;0;2020-06-13;178
2020-06-12;"Trenčiansky kraj";0;0;0;0;NA;100317;0;2020-06-12;178
2020-06-11;"Trenčiansky kraj";0;0;0;0;NA;100317;0;2020-06-11;178
2020-06-10;"Trenčiansky kraj";1;0;0;0;NA;100317;1;2020-06-10;178
2020-06-09;"Trenčiansky kraj";0;0;0;0;NA;100317;0;2020-06-09;177
2020-06-08;"Trenčiansky kraj";0;0;0;0;NA;100317;0;2020-06-08;177
2020-06-07;"Trenčiansky kraj";0;0;0;0;NA;100317;0;2020-06-07;177
2020-06-05;"Trenčiansky kraj";0;0;0;0;NA;100317;0;2020-06-05;177
2020-06-03;"Trenčiansky kraj";0;0;0;0;NA;100317;0;2020-06-03;177
2020-06-02;"Trenčiansky kraj";0;0;0;0;NA;100317;0;2020-06-02;177
2020-05-31;"Trenčiansky kraj";0;0;0;0;NA;100317;0;2020-05-31;177
2020-05-29;"Trenčiansky kraj";0;0;0;0;NA;100317;0;2020-05-29;177
2020-05-27;"Trenčiansky kraj";2;0;0;0;NA;100317;2;2020-05-27;177
2020-05-26;"Trenčiansky kraj";0;0;0;0;NA;100317;0;2020-05-26;175
2020-05-25;"Trenčiansky kraj";0;0;0;0;NA;100317;0;2020-05-25;175
2020-05-24;"Trenčiansky kraj";0;0;0;0;NA;100317;0;2020-05-24;175
2020-05-23;"Trenčiansky kraj";0;0;0;0;NA;100317;0;2020-05-23;175
2020-05-22;"Trenčiansky kraj";0;0;0;0;NA;100317;0;2020-05-22;175
2020-05-21;"Trenčiansky kraj";0;0;0;0;NA;100317;0;2020-05-21;175
2020-05-20;"Trenčiansky kraj";0;0;0;0;NA;100317;0;2020-05-20;175
2020-05-19;"Trenčiansky kraj";0;0;0;0;NA;100317;0;2020-05-19;175
2020-05-17;"Trenčiansky kraj";0;0;0;0;NA;100317;0;2020-05-17;175
2020-05-16;"Trenčiansky kraj";0;0;0;0;NA;100317;0;2020-05-16;175
2020-05-15;"Trenčiansky kraj";1;0;0;0;NA;100317;1;2020-05-15;175
2020-05-14;"Trenčiansky kraj";2;0;0;0;NA;100317;2;2020-05-14;174
2020-05-13;"Trenčiansky kraj";1;0;0;0;NA;100317;1;2020-05-13;172
2020-05-12;"Trenčiansky kraj";1;0;0;0;NA;100317;1;2020-05-12;171
2020-05-11;"Trenčiansky kraj";3;0;0;0;NA;100317;3;2020-05-11;170
2020-05-09;"Trenčiansky kraj";2;0;0;0;NA;100317;2;2020-05-09;167
2020-05-07;"Trenčiansky kraj";6;0;0;0;NA;100317;6;2020-05-07;165
2020-05-06;"Trenčiansky kraj";0;0;0;0;NA;100317;0;2020-05-06;159
2020-05-05;"Trenčiansky kraj";2;0;0;0;NA;100317;2;2020-05-05;159
2020-05-04;"Trenčiansky kraj";0;0;0;0;NA;100317;0;2020-05-04;157
2020-05-03;"Trenčiansky kraj";0;0;0;0;NA;100317;0;2020-05-03;157
2020-05-02;"Trenčiansky kraj";0;0;0;0;NA;100317;0;2020-05-02;157
2020-05-01;"Trenčiansky kraj";0;0;0;0;NA;100317;0;2020-05-01;157
2020-04-30;"Trenčiansky kraj";0;0;0;0;NA;100317;0;2020-04-30;157
2020-04-29;"Trenčiansky kraj";2;0;0;0;NA;100317;2;2020-04-29;157
2020-04-28;"Trenčiansky kraj";1;0;0;0;NA;100317;1;2020-04-28;155
2020-04-27;"Trenčiansky kraj";0;0;0;0;NA;100317;0;2020-04-27;154
2020-04-26;"Trenčiansky kraj";1;0;0;0;NA;100317;1;2020-04-26;154
2020-04-25;"Trenčiansky kraj";0;0;0;0;NA;100317;0;2020-04-25;153
2020-04-24;"Trenčiansky kraj";0;0;0;0;NA;100317;0;2020-04-24;153
2020-04-23;"Trenčiansky kraj";11;0;0;0;NA;100317;11;2020-04-23;153
2020-04-22;"Trenčiansky kraj";1;0;0;0;NA;100317;1;2020-04-22;142
2020-04-21;"Trenčiansky kraj";11;0;0;0;NA;100317;11;2020-04-21;141
2020-04-20;"Trenčiansky kraj";15;0;0;0;NA;100317;15;2020-04-20;130
2020-04-19;"Trenčiansky kraj";2;0;0;0;NA;100317;2;2020-04-19;115
2020-04-18;"Trenčiansky kraj";3;0;0;0;NA;100317;3;2020-04-18;113
2020-04-17;"Trenčiansky kraj";4;0;0;0;NA;100317;4;2020-04-17;110
2020-04-16;"Trenčiansky kraj";10;0;0;0;NA;100317;10;2020-04-16;106
2020-04-15;"Trenčiansky kraj";4;0;0;0;NA;100317;4;2020-04-15;96
2020-04-14;"Trenčiansky kraj";0;0;0;0;NA;100317;0;2020-04-14;92
2020-04-13;"Trenčiansky kraj";1;0;0;0;NA;100317;1;2020-04-13;92
2020-04-12;"Trenčiansky kraj";2;0;0;0;NA;100317;2;2020-04-12;91
2020-04-11;"Trenčiansky kraj";3;0;0;0;NA;100317;3;2020-04-11;89
2020-04-10;"Trenčiansky kraj";0;0;0;0;NA;100317;0;2020-04-10;86
2020-04-09;"Trenčiansky kraj";0;0;0;0;NA;100317;0;2020-04-09;86
2020-04-08;"Trenčiansky kraj";2;0;0;0;NA;100317;2;2020-04-08;86
2020-04-07;"Trenčiansky kraj";18;0;0;0;NA;100317;18;2020-04-07;84
2020-04-06;"Trenčiansky kraj";0;0;0;0;NA;100317;0;2020-04-06;66
2020-04-05;"Trenčiansky kraj";3;0;0;0;NA;100317;3;2020-04-05;66
2020-04-04;"Trenčiansky kraj";5;0;0;0;NA;100317;5;2020-04-04;63
2020-04-03;"Trenčiansky kraj";4;0;0;0;NA;100317;4;2020-04-03;58
2020-04-02;"Trenčiansky kraj";1;0;0;0;NA;100317;1;2020-04-02;54
2020-04-01;"Trenčiansky kraj";3;0;0;0;NA;100317;3;2020-04-01;53
2020-03-31;"Trenčiansky kraj";1;0;0;0;NA;100317;1;2020-03-31;50
2020-03-30;"Trenčiansky kraj";3;0;0;0;NA;100317;3;2020-03-30;49
2020-03-29;"Trenčiansky kraj";6;0;0;0;NA;100317;6;2020-03-29;46
2020-03-28;"Trenčiansky kraj";9;0;0;0;NA;100317;9;2020-03-28;40
2020-03-27;"Trenčiansky kraj";2;0;0;0;NA;100317;2;2020-03-27;31
2020-03-26;"Trenčiansky kraj";6;0;0;0;NA;100317;6;2020-03-26;29
2020-03-25;"Trenčiansky kraj";3;0;0;0;NA;100317;3;2020-03-25;23
2020-03-24;"Trenčiansky kraj";1;0;0;0;NA;100317;1;2020-03-24;20
2020-03-23;"Trenčiansky kraj";0;0;0;0;NA;100317;0;2020-03-23;19
2020-03-22;"Trenčiansky kraj";0;0;0;0;NA;100317;0;2020-03-22;19
2020-03-21;"Trenčiansky kraj";2;0;0;0;NA;100317;2;2020-03-21;19
2020-03-20;"Trenčiansky kraj";2;0;0;0;NA;100317;2;2020-03-20;17
2020-03-19;"Trenčiansky kraj";8;0;0;0;NA;100317;8;2020-03-19;15
2020-03-18;"Trenčiansky kraj";0;0;0;0;NA;100317;0;2020-03-18;7
2020-03-17;"Trenčiansky kraj";0;0;0;0;NA;100317;0;2020-03-17;7
2020-03-16;"Trenčiansky kraj";1;0;0;0;NA;100317;1;2020-03-16;7
2020-03-15;"Trenčiansky kraj";5;0;0;0;NA;100317;5;2020-03-15;6
2020-03-14;"Trenčiansky kraj";0;0;0;0;NA;100317;0;2020-03-14;1
2020-03-13;"Trenčiansky kraj";0;0;0;0;NA;100317;0;2020-03-13;1
2020-03-12;"Trenčiansky kraj";1;0;0;0;NA;100317;1;2020-03-12;1
2020-03-11;"Trenčiansky kraj";0;0;0;0;NA;100317;0;2020-03-11;0
2020-03-09;"Trenčiansky kraj";0;0;0;0;NA;100317;0;2020-03-09;0
2020-03-08;"Trenčiansky kraj";0;0;0;0;NA;100317;0;2020-03-08;0
2020-03-07;"Trenčiansky kraj";0;0;0;0;NA;100317;0;2020-03-07;0
2020-03-06;"Trenčiansky kraj";0;0;0;0;NA;100317;0;2020-03-06;0
2021-06-06;"Trnavský kraj";0;4132;2;4134;45658;89946;2;2021-06-06;89946
2021-06-05;"Trnavský kraj";20;5562;8;5570;NA;89946;28;2021-06-05;89944
2021-06-04;"Trnavský kraj";9;5874;8;5882;NA;89946;17;2021-06-04;89916
2021-06-03;"Trnavský kraj";14;4266;11;4277;NA;89946;25;2021-06-03;89899
2021-06-02;"Trnavský kraj";4;4147;12;4159;NA;89946;16;2021-06-02;89874
2021-06-01;"Trnavský kraj";18;3603;5;3608;NA;89946;23;2021-06-01;89858
2021-05-31;"Trnavský kraj";14;5503;16;5519;NA;89946;30;2021-05-31;89835
2021-05-30;"Trnavský kraj";0;6746;7;6753;NA;89946;7;2021-05-30;89805
2021-05-29;"Trnavský kraj";11;8964;4;8968;NA;89946;15;2021-05-29;89798
2021-05-28;"Trnavský kraj";14;7160;11;7171;NA;89946;25;2021-05-28;89783
2021-05-27;"Trnavský kraj";22;4753;8;4761;NA;89946;30;2021-05-27;89758
2021-05-26;"Trnavský kraj";6;4869;8;4877;NA;89946;14;2021-05-26;89728
2021-05-25;"Trnavský kraj";19;5021;27;5048;NA;89946;46;2021-05-25;89714
2021-05-24;"Trnavský kraj";15;6520;22;6542;NA;89946;37;2021-05-24;89668
2021-05-23;"Trnavský kraj";0;7920;8;7928;NA;89946;8;2021-05-23;89631
2021-05-22;"Trnavský kraj";13;13381;21;13402;NA;89946;34;2021-05-22;89623
2021-05-21;"Trnavský kraj";16;8520;19;8539;NA;89946;35;2021-05-21;89589
2021-05-20;"Trnavský kraj";15;5509;11;5520;NA;89946;26;2021-05-20;89554
2021-05-19;"Trnavský kraj";18;5431;13;5444;NA;89946;31;2021-05-19;89528
2021-05-18;"Trnavský kraj";26;5768;15;5783;NA;89946;41;2021-05-18;89497
2021-05-17;"Trnavský kraj";17;6259;24;6283;NA;89946;41;2021-05-17;89456
2021-05-16;"Trnavský kraj";10;9984;8;9992;NA;89946;18;2021-05-16;89415
2021-05-15;"Trnavský kraj";11;18525;14;18539;NA;89946;25;2021-05-15;89397
2021-05-14;"Trnavský kraj";34;10279;21;10300;NA;89946;55;2021-05-14;89372
2021-05-13;"Trnavský kraj";26;6913;12;6925;NA;89946;38;2021-05-13;89317
2021-05-12;"Trnavský kraj";34;6621;26;6647;NA;89946;60;2021-05-12;89279
2021-05-11;"Trnavský kraj";32;6393;13;6406;NA;89946;45;2021-05-11;89219
2021-05-10;"Trnavský kraj";58;9135;24;9159;NA;89946;82;2021-05-10;89174
2021-05-09;"Trnavský kraj";21;12570;12;12582;NA;89946;33;2021-05-09;89092
2021-05-08;"Trnavský kraj";4;23028;22;23050;NA;89946;26;2021-05-08;89059
2021-05-07;"Trnavský kraj";26;15397;30;15427;NA;89946;56;2021-05-07;89033
2021-05-06;"Trnavský kraj";22;8397;22;8419;NA;89946;44;2021-05-06;88977
2021-05-05;"Trnavský kraj";34;6273;22;6295;NA;89946;56;2021-05-05;88933
2021-05-04;"Trnavský kraj";51;8538;17;8555;NA;89946;68;2021-05-04;88877
2021-05-03;"Trnavský kraj";20;8954;22;8976;NA;89946;42;2021-05-03;88809
2021-05-02;"Trnavský kraj";0;25657;29;25686;NA;89946;29;2021-05-02;88767
2021-05-01;"Trnavský kraj";30;81347;64;81411;NA;89946;94;2021-05-01;88738
2021-04-30;"Trnavský kraj";45;26843;35;26878;NA;89946;80;2021-04-30;88644
2021-04-29;"Trnavský kraj";25;20323;28;20351;NA;89946;53;2021-04-29;88564
2021-04-28;"Trnavský kraj";46;8867;28;8895;NA;89946;74;2021-04-28;88511
2021-04-27;"Trnavský kraj";54;8744;37;8781;NA;89946;91;2021-04-27;88437
2021-04-26;"Trnavský kraj";53;16113;42;16155;NA;89946;95;2021-04-26;88346
2021-04-25;"Trnavský kraj";0;30183;24;30207;NA;89946;24;2021-04-25;88251
2021-04-24;"Trnavský kraj";46;125410;82;125492;NA;89946;128;2021-04-24;88227
2021-04-23;"Trnavský kraj";71;25622;53;25675;NA;89946;124;2021-04-23;88099
2021-04-22;"Trnavský kraj";40;10901;25;10926;NA;89946;65;2021-04-22;87975
2021-04-21;"Trnavský kraj";60;10728;45;10773;NA;89946;105;2021-04-21;87910
2021-04-20;"Trnavský kraj";57;13499;28;13527;NA;89946;85;2021-04-20;87805
2021-04-19;"Trnavský kraj";46;14584;18;14602;NA;89946;64;2021-04-19;87720
2021-04-18;"Trnavský kraj";7;40843;43;40886;NA;89946;50;2021-04-18;87656
2021-04-17;"Trnavský kraj";58;118094;89;118183;NA;89946;147;2021-04-17;87606
2021-04-16;"Trnavský kraj";67;25962;48;26010;NA;89946;115;2021-04-16;87459
2021-04-15;"Trnavský kraj";65;11373;36;11409;NA;89946;101;2021-04-15;87344
2021-04-14;"Trnavský kraj";78;18442;53;18495;NA;89946;131;2021-04-14;87243
2021-04-13;"Trnavský kraj";126;9831;44;9875;NA;89946;170;2021-04-13;87112
2021-04-12;"Trnavský kraj";40;15575;40;15615;NA;89946;80;2021-04-12;86942
2021-04-11;"Trnavský kraj";3;44417;44;44461;NA;89946;47;2021-04-11;86862
2021-04-10;"Trnavský kraj";60;123822;107;123929;NA;89946;167;2021-04-10;86815
2021-04-09;"Trnavský kraj";95;26084;34;26118;NA;89946;129;2021-04-09;86648
2021-04-08;"Trnavský kraj";85;10893;52;10945;NA;89946;137;2021-04-08;86519
2021-04-07;"Trnavský kraj";131;15964;81;16045;NA;89946;212;2021-04-07;86382
2021-04-06;"Trnavský kraj";92;20579;90;20669;NA;89946;182;2021-04-06;86170
2021-04-05;"Trnavský kraj";91;7517;17;7534;NA;89946;108;2021-04-05;85988
2021-04-04;"Trnavský kraj";9;28831;49;28880;NA;89946;58;2021-04-04;85880
2021-04-03;"Trnavský kraj";29;144077;186;144263;NA;89946;215;2021-04-03;85822
2021-04-02;"Trnavský kraj";91;17538;33;17571;NA;89946;124;2021-04-02;85607
2021-04-01;"Trnavský kraj";118;22027;69;22096;NA;89946;187;2021-04-01;85483
2021-03-31;"Trnavský kraj";140;15819;82;15901;NA;89946;222;2021-03-31;85296
2021-03-30;"Trnavský kraj";182;10482;79;10561;NA;89946;261;2021-03-30;85074
2021-03-29;"Trnavský kraj";126;19249;122;19371;NA;89946;248;2021-03-29;84813
2021-03-28;"Trnavský kraj";26;50792;134;50926;NA;89946;160;2021-03-28;84565
2021-03-27;"Trnavský kraj";64;129602;245;129847;NA;89946;309;2021-03-27;84405
2021-03-26;"Trnavský kraj";139;30217;130;30347;NA;89946;269;2021-03-26;84096
2021-03-25;"Trnavský kraj";135;14212;80;14292;NA;89946;215;2021-03-25;83827
2021-03-24;"Trnavský kraj";159;10521;89;10610;NA;89946;248;2021-03-24;83612
2021-03-23;"Trnavský kraj";221;12735;104;12839;NA;89946;325;2021-03-23;83364
2021-03-22;"Trnavský kraj";103;17068;110;17178;NA;89946;213;2021-03-22;83039
2021-03-21;"Trnavský kraj";31;49119;150;49269;NA;89946;181;2021-03-21;82826
2021-03-20;"Trnavský kraj";112;136963;317;137280;NA;89946;429;2021-03-20;82645
2021-03-19;"Trnavský kraj";174;29071;137;29208;NA;89946;311;2021-03-19;82216
2021-03-18;"Trnavský kraj";158;12217;136;12353;NA;89946;294;2021-03-18;81905
2021-03-17;"Trnavský kraj";245;10434;103;10537;NA;89946;348;2021-03-17;81611
2021-03-16;"Trnavský kraj";311;12811;135;12946;NA;89946;446;2021-03-16;81263
2021-03-15;"Trnavský kraj";127;18678;146;18824;NA;89946;273;2021-03-15;80817
2021-03-14;"Trnavský kraj";14;47608;164;47772;NA;89946;178;2021-03-14;80544
2021-03-13;"Trnavský kraj";155;139224;409;139633;NA;89946;564;2021-03-13;80366
2021-03-12;"Trnavský kraj";201;28559;181;28740;NA;89946;382;2021-03-12;79802
2021-03-11;"Trnavský kraj";204;13285;140;13425;NA;89946;344;2021-03-11;79420
2021-03-10;"Trnavský kraj";242;10583;135;10718;NA;89946;377;2021-03-10;79076
2021-03-09;"Trnavský kraj";442;12820;155;12975;NA;89946;597;2021-03-09;78699
2021-03-08;"Trnavský kraj";182;21825;166;21991;NA;89946;348;2021-03-08;78102
2021-03-07;"Trnavský kraj";30;45463;227;45690;NA;89946;257;2021-03-07;77754
2021-03-06;"Trnavský kraj";154;135635;531;136166;NA;89946;685;2021-03-06;77497
2021-03-05;"Trnavský kraj";299;27951;239;28190;NA;89946;538;2021-03-05;76812
2021-03-04;"Trnavský kraj";238;14489;175;14664;NA;89946;413;2021-03-04;76274
2021-03-03;"Trnavský kraj";413;11566;246;11812;NA;89946;659;2021-03-03;75861
2021-03-02;"Trnavský kraj";477;12347;191;12538;NA;89946;668;2021-03-02;75202
2021-03-01;"Trnavský kraj";189;18587;234;18821;NA;89946;423;2021-03-01;74534
2021-02-28;"Trnavský kraj";87;47709;321;48030;NA;89946;408;2021-02-28;74111
2021-02-27;"Trnavský kraj";264;140224;800;141024;NA;89946;1064;2021-02-27;73703
2021-02-26;"Trnavský kraj";362;26815;286;27101;NA;89946;648;2021-02-26;72639
2021-02-25;"Trnavský kraj";433;10490;227;10717;NA;89946;660;2021-02-25;71991
2021-02-24;"Trnavský kraj";407;9110;290;9400;NA;89946;697;2021-02-24;71331
2021-02-23;"Trnavský kraj";469;11322;284;11606;NA;89946;753;2021-02-23;70634
2021-02-22;"Trnavský kraj";206;19896;330;20226;NA;89946;536;2021-02-22;69881
2021-02-21;"Trnavský kraj";38;48221;329;48550;NA;89946;367;2021-02-21;69345
2021-02-20;"Trnavský kraj";273;135835;859;136694;NA;89946;1132;2021-02-20;68978
2021-02-19;"Trnavský kraj";335;26339;347;26686;NA;89946;682;2021-02-19;67846
2021-02-18;"Trnavský kraj";344;11263;348;11611;NA;89946;692;2021-02-18;67164
2021-02-17;"Trnavský kraj";431;8781;416;9197;NA;89946;847;2021-02-17;66472
2021-02-16;"Trnavský kraj";426;11413;295;11708;NA;89946;721;2021-02-16;65625
2021-02-15;"Trnavský kraj";146;18075;291;18366;NA;89946;437;2021-02-15;64904
2021-02-14;"Trnavský kraj";51;57642;495;58137;NA;89946;546;2021-02-14;64467
2021-02-13;"Trnavský kraj";218;137051;994;138045;NA;89946;1212;2021-02-13;63921
2021-02-12;"Trnavský kraj";300;23682;336;24018;NA;89946;636;2021-02-12;62709
2021-02-11;"Trnavský kraj";422;9911;360;10271;NA;89946;782;2021-02-11;62073
2021-02-10;"Trnavský kraj";511;9334;344;9678;NA;89946;855;2021-02-10;61291
2021-02-09;"Trnavský kraj";544;12752;369;13121;NA;89946;913;2021-02-09;60436
2021-02-08;"Trnavský kraj";220;33539;498;34037;NA;89946;718;2021-02-08;59523
2021-02-07;"Trnavský kraj";140;68646;623;69269;NA;89946;763;2021-02-07;58805
2021-02-06;"Trnavský kraj";348;112687;1482;114169;NA;89946;1830;2021-02-06;58042
2021-02-05;"Trnavský kraj";377;16063;373;16436;NA;89946;750;2021-02-05;56212
2021-02-04;"Trnavský kraj";456;7317;456;7773;NA;89946;912;2021-02-04;55462
2021-02-03;"Trnavský kraj";472;6584;434;7018;NA;89946;906;2021-02-03;54550
2021-02-02;"Trnavský kraj";446;14240;424;14664;NA;89946;870;2021-02-02;53644
2021-02-01;"Trnavský kraj";198;38882;679;39561;NA;89946;877;2021-02-01;52774
2021-01-31;"Trnavský kraj";19;64673;817;65490;NA;89946;836;2021-01-31;51897
2021-01-30;"Trnavský kraj";323;111483;1288;112771;NA;89946;1611;2021-01-30;51061
2021-01-29;"Trnavský kraj";421;9690;290;9980;NA;89946;711;2021-01-29;49450
2021-01-28;"Trnavský kraj";389;5815;286;6101;NA;89946;675;2021-01-28;48739
2021-01-27;"Trnavský kraj";433;5300;219;5519;NA;89946;652;2021-01-27;48064
2021-01-26;"Trnavský kraj";565;25392;636;26028;NA;89946;1201;2021-01-26;47412
2021-01-25;"Trnavský kraj";210;41420;607;42027;NA;89946;817;2021-01-25;46211
2021-01-24;"Trnavský kraj";91;66399;779;67178;NA;89946;870;2021-01-24;45394
2021-01-23;"Trnavský kraj";372;117640;1349;118989;NA;89946;1721;2021-01-23;44524
2021-01-22;"Trnavský kraj";217;33122;507;33629;NA;89946;724;2021-01-22;42803
2021-01-21;"Trnavský kraj";311;13922;378;14300;NA;89946;689;2021-01-21;42079
2021-01-20;"Trnavský kraj";503;8118;274;8392;NA;89946;777;2021-01-20;41390
2021-01-19;"Trnavský kraj";415;7013;347;7360;NA;89946;762;2021-01-19;40613
2021-01-18;"Trnavský kraj";247;6234;484;6718;NA;89946;731;2021-01-18;39851
2021-01-17;"Trnavský kraj";128;854;215;1069;NA;89946;343;2021-01-17;39120
2021-01-16;"Trnavský kraj";103;898;24;922;NA;89946;127;2021-01-16;38777
2021-01-15;"Trnavský kraj";278;5457;335;5792;NA;89946;613;2021-01-15;38650
2021-01-14;"Trnavský kraj";452;4001;338;4339;NA;89946;790;2021-01-14;38037
2021-01-13;"Trnavský kraj";457;4751;378;5129;NA;89946;835;2021-01-13;37247
2021-01-12;"Trnavský kraj";469;7175;483;7658;NA;89946;952;2021-01-12;36412
2021-01-11;"Trnavský kraj";370;5012;392;5404;NA;89946;762;2021-01-11;35460
2021-01-10;"Trnavský kraj";71;13;0;13;NA;89946;71;2021-01-10;34698
2021-01-09;"Trnavský kraj";417;1775;100;1875;NA;89946;517;2021-01-09;34627
2021-01-08;"Trnavský kraj";381;6554;532;7086;NA;89946;913;2021-01-08;34110
2021-01-07;"Trnavský kraj";501;4080;390;4470;NA;89946;891;2021-01-07;33197
2021-01-06;"Trnavský kraj";179;758;132;890;NA;89946;311;2021-01-06;32306
2021-01-05;"Trnavský kraj";611;5925;636;6561;NA;89946;1247;2021-01-05;31995
2021-01-04;"Trnavský kraj";302;5239;689;5928;NA;89946;991;2021-01-04;30748
2021-01-03;"Trnavský kraj";60;53;7;60;NA;89946;67;2021-01-03;29757
2021-01-02;"Trnavský kraj";282;417;32;449;NA;89946;314;2021-01-02;29690
2021-01-01;"Trnavský kraj";143;455;76;531;NA;89946;219;2021-01-01;29376
2020-12-31;"Trnavský kraj";498;8488;858;9346;NA;89946;1356;2020-12-31;29157
2020-12-30;"Trnavský kraj";785;5318;612;5930;NA;89946;1397;2020-12-30;27801
2020-12-29;"Trnavský kraj";322;5364;639;6003;NA;89946;961;2020-12-29;26404
2020-12-28;"Trnavský kraj";213;5334;615;5949;NA;89946;828;2020-12-28;25443
2020-12-27;"Trnavský kraj";27;20;4;24;NA;89946;31;2020-12-27;24615
2020-12-26;"Trnavský kraj";148;44;1;45;NA;89946;149;2020-12-26;24584
2020-12-25;"Trnavský kraj";65;49;5;54;NA;89946;70;2020-12-25;24435
2020-12-24;"Trnavský kraj";333;1359;117;1476;NA;89946;450;2020-12-24;24365
2020-12-23;"Trnavský kraj";210;7259;414;7673;NA;89946;624;2020-12-23;23915
2020-12-22;"Trnavský kraj";311;5590;491;6081;NA;89946;802;2020-12-22;23291
2020-12-21;"Trnavský kraj";328;4527;399;4926;NA;89946;727;2020-12-21;22489
2020-12-20;"Trnavský kraj";134;133;12;145;NA;89946;146;2020-12-20;21762
2020-12-19;"Trnavský kraj";201;1407;103;1510;NA;89946;304;2020-12-19;21616
2020-12-18;"Trnavský kraj";341;4898;378;5276;NA;89946;719;2020-12-18;21312
2020-12-17;"Trnavský kraj";375;5271;443;5714;NA;89946;818;2020-12-17;20593
2020-12-16;"Trnavský kraj";312;5249;405;5654;NA;89946;717;2020-12-16;19775
2020-12-15;"Trnavský kraj";492;6623;632;7255;NA;89946;1124;2020-12-15;19058
2020-12-14;"Trnavský kraj";161;3505;292;3797;NA;89946;453;2020-12-14;17934
2020-12-13;"Trnavský kraj";7;7;0;7;NA;89946;7;2020-12-13;17481
2020-12-12;"Trnavský kraj";254;1456;114;1570;NA;89946;368;2020-12-12;17474
2020-12-11;"Trnavský kraj";384;4683;262;4945;NA;89946;646;2020-12-11;17106
2020-12-10;"Trnavský kraj";183;5194;320;5514;NA;89946;503;2020-12-10;16460
2020-12-09;"Trnavský kraj";521;4283;321;4604;NA;89946;842;2020-12-09;15957
2020-12-08;"Trnavský kraj";281;4090;304;4394;NA;89946;585;2020-12-08;15115
2020-12-07;"Trnavský kraj";178;2895;199;3094;NA;89946;377;2020-12-07;14530
2020-12-06;"Trnavský kraj";46;0;0;0;NA;89946;46;2020-12-06;14153
2020-12-05;"Trnavský kraj";129;2218;41;2259;NA;89946;170;2020-12-05;14107
2020-12-04;"Trnavský kraj";242;3948;158;4106;NA;89946;400;2020-12-04;13937
2020-12-03;"Trnavský kraj";248;2770;190;2960;NA;89946;438;2020-12-03;13537
2020-12-02;"Trnavský kraj";284;4516;176;4692;NA;89946;460;2020-12-02;13099
2020-12-01;"Trnavský kraj";253;3190;205;3395;NA;89946;458;2020-12-01;12639
2020-11-30;"Trnavský kraj";200;7360;186;7546;NA;89946;386;2020-11-30;12181
2020-11-29;"Trnavský kraj";17;738;36;774;NA;89946;53;2020-11-29;11795
2020-11-28;"Trnavský kraj";83;1453;77;1530;NA;89946;160;2020-11-28;11742
2020-11-27;"Trnavský kraj";148;1779;85;1864;NA;89946;233;2020-11-27;11582
2020-11-26;"Trnavský kraj";234;1123;68;1191;NA;89946;302;2020-11-26;11349
2020-11-25;"Trnavský kraj";232;1168;74;1242;NA;89946;306;2020-11-25;11047
2020-11-24;"Trnavský kraj";295;1909;96;2005;NA;89946;391;2020-11-24;10741
2020-11-23;"Trnavský kraj";242;7393;129;7522;NA;89946;371;2020-11-23;10350
2020-11-22;"Trnavský kraj";10;82;9;91;NA;89946;19;2020-11-22;9979
2020-11-21;"Trnavský kraj";129;1354;36;1390;NA;89946;165;2020-11-21;9960
2020-11-20;"Trnavský kraj";246;1154;64;1218;NA;89946;310;2020-11-20;9795
2020-11-19;"Trnavský kraj";157;823;64;887;NA;89946;221;2020-11-19;9485
2020-11-18;"Trnavský kraj";235;822;82;904;NA;89946;317;2020-11-18;9264
2020-11-17;"Trnavský kraj";129;705;74;779;NA;89946;203;2020-11-17;8947
2020-11-16;"Trnavský kraj";187;732;32;764;NA;89946;219;2020-11-16;8744
2020-11-15;"Trnavský kraj";23;73;4;77;NA;89946;27;2020-11-15;8525
2020-11-14;"Trnavský kraj";86;397;12;409;NA;89946;98;2020-11-14;8498
2020-11-13;"Trnavský kraj";219;1312;21;1333;NA;89946;240;2020-11-13;8400
2020-11-12;"Trnavský kraj";162;420;18;438;NA;89946;180;2020-11-12;8160
2020-11-11;"Trnavský kraj";257;392;15;407;NA;89946;272;2020-11-11;7980
2020-11-10;"Trnavský kraj";189;889;30;919;NA;89946;219;2020-11-10;7708
2020-11-09;"Trnavský kraj";196;369;23;392;NA;89946;219;2020-11-09;7489
2020-11-08;"Trnavský kraj";55;400;4;404;NA;89946;59;2020-11-08;7270
2020-11-07;"Trnavský kraj";207;6070;74;6144;NA;89946;281;2020-11-07;7211
2020-11-06;"Trnavský kraj";260;1531;19;1550;NA;89946;279;2020-11-06;6930
2020-11-05;"Trnavský kraj";150;220;27;247;NA;89946;177;2020-11-05;6651
2020-11-04;"Trnavský kraj";188;212;10;222;NA;89946;198;2020-11-04;6474
2020-11-03;"Trnavský kraj";317;127;8;135;NA;89946;325;2020-11-03;6276
2020-11-02;"Trnavský kraj";281;1728;31;1759;NA;89946;312;2020-11-02;5951
2020-11-01;"Trnavský kraj";87;494;27;521;NA;89946;114;2020-11-01;5639
2020-10-31;"Trnavský kraj";259;5024;41;5065;NA;89946;300;2020-10-31;5525
2020-10-30;"Trnavský kraj";198;3784;27;3811;NA;89946;225;2020-10-30;5225
2020-10-29;"Trnavský kraj";273;1461;16;1477;NA;89946;289;2020-10-29;5000
2020-10-28;"Trnavský kraj";319;117;16;133;NA;89946;335;2020-10-28;4711
2020-10-27;"Trnavský kraj";199;461;36;497;NA;89946;235;2020-10-27;4376
2020-10-26;"Trnavský kraj";153;29;2;31;NA;89946;155;2020-10-26;4141
2020-10-25;"Trnavský kraj";95;19;1;20;NA;89946;96;2020-10-25;3986
2020-10-24;"Trnavský kraj";158;109;2;111;NA;89946;160;2020-10-24;3890
2020-10-23;"Trnavský kraj";201;89;4;93;NA;89946;205;2020-10-23;3730
2020-10-22;"Trnavský kraj";195;55;2;57;NA;89946;197;2020-10-22;3525
2020-10-21;"Trnavský kraj";134;73;3;76;NA;89946;137;2020-10-21;3328
2020-10-20;"Trnavský kraj";202;82;3;85;NA;89946;205;2020-10-20;3191
2020-10-19;"Trnavský kraj";67;55;0;55;NA;89946;67;2020-10-19;2986
2020-10-18;"Trnavský kraj";84;0;0;0;NA;89946;84;2020-10-18;2919
2020-10-17;"Trnavský kraj";123;0;0;0;NA;89946;123;2020-10-17;2835
2020-10-16;"Trnavský kraj";86;45;2;47;NA;89946;88;2020-10-16;2712
2020-10-15;"Trnavský kraj";155;66;2;68;NA;89946;157;2020-10-15;2624
2020-10-14;"Trnavský kraj";236;468;3;471;NA;89946;239;2020-10-14;2467
2020-10-13;"Trnavský kraj";138;16;2;18;NA;89946;140;2020-10-13;2228
2020-10-12;"Trnavský kraj";33;41;1;42;NA;89946;34;2020-10-12;2088
2020-10-11;"Trnavský kraj";31;0;0;0;NA;89946;31;2020-10-11;2054
2020-10-10;"Trnavský kraj";128;0;0;0;NA;89946;128;2020-10-10;2023
2020-10-09;"Trnavský kraj";156;0;0;0;NA;89946;156;2020-10-09;1895
2020-10-08;"Trnavský kraj";153;0;0;0;NA;89946;153;2020-10-08;1739
2020-10-07;"Trnavský kraj";80;0;0;0;NA;89946;80;2020-10-07;1586
2020-10-06;"Trnavský kraj";112;0;0;0;NA;89946;112;2020-10-06;1506
2020-10-05;"Trnavský kraj";33;0;0;0;NA;89946;33;2020-10-05;1394
2020-10-04;"Trnavský kraj";44;0;0;0;NA;89946;44;2020-10-04;1361
2020-10-03;"Trnavský kraj";60;0;0;0;NA;89946;60;2020-10-03;1317
2020-10-02;"Trnavský kraj";41;0;0;0;NA;89946;41;2020-10-02;1257
2020-10-01;"Trnavský kraj";53;0;0;0;NA;89946;53;2020-10-01;1216
2020-09-30;"Trnavský kraj";91;0;0;0;NA;89946;91;2020-09-30;1163
2020-09-29;"Trnavský kraj";40;0;0;0;NA;89946;40;2020-09-29;1072
2020-09-28;"Trnavský kraj";69;0;0;0;NA;89946;69;2020-09-28;1032
2020-09-27;"Trnavský kraj";30;0;0;0;NA;89946;30;2020-09-27;963
2020-09-26;"Trnavský kraj";46;0;0;0;NA;89946;46;2020-09-26;933
2020-09-25;"Trnavský kraj";32;0;0;0;NA;89946;32;2020-09-25;887
2020-09-24;"Trnavský kraj";42;0;0;0;NA;89946;42;2020-09-24;855
2020-09-23;"Trnavský kraj";43;0;0;0;NA;89946;43;2020-09-23;813
2020-09-22;"Trnavský kraj";55;0;0;0;NA;89946;55;2020-09-22;770
2020-09-21;"Trnavský kraj";41;0;0;0;NA;89946;41;2020-09-21;715
2020-09-20;"Trnavský kraj";17;0;0;0;NA;89946;17;2020-09-20;674
2020-09-19;"Trnavský kraj";4;0;0;0;NA;89946;4;2020-09-19;657
2020-09-18;"Trnavský kraj";33;0;0;0;NA;89946;33;2020-09-18;653
2020-09-17;"Trnavský kraj";42;0;0;0;NA;89946;42;2020-09-17;620
2020-09-16;"Trnavský kraj";49;0;0;0;NA;89946;49;2020-09-16;578
2020-09-15;"Trnavský kraj";5;0;0;0;NA;89946;5;2020-09-15;529
2020-09-14;"Trnavský kraj";26;0;0;0;NA;89946;26;2020-09-14;524
2020-09-13;"Trnavský kraj";9;0;0;0;NA;89946;9;2020-09-13;498
2020-09-12;"Trnavský kraj";12;0;0;0;NA;89946;12;2020-09-12;489
2020-09-11;"Trnavský kraj";16;0;0;0;NA;89946;16;2020-09-11;477
2020-09-10;"Trnavský kraj";32;0;0;0;NA;89946;32;2020-09-10;461
2020-09-09;"Trnavský kraj";14;0;0;0;NA;89946;14;2020-09-09;429
2020-09-08;"Trnavský kraj";11;0;0;0;NA;89946;11;2020-09-08;415
2020-09-07;"Trnavský kraj";7;0;0;0;NA;89946;7;2020-09-07;404
2020-09-06;"Trnavský kraj";5;0;0;0;NA;89946;5;2020-09-06;397
2020-09-05;"Trnavský kraj";7;0;0;0;NA;89946;7;2020-09-05;392
2020-09-04;"Trnavský kraj";16;0;0;0;NA;89946;16;2020-09-04;385
2020-09-03;"Trnavský kraj";8;0;0;0;NA;89946;8;2020-09-03;369
2020-09-02;"Trnavský kraj";7;0;0;0;NA;89946;7;2020-09-02;361
2020-09-01;"Trnavský kraj";1;0;0;0;NA;89946;1;2020-09-01;354
2020-08-31;"Trnavský kraj";6;0;0;0;NA;89946;6;2020-08-31;353
2020-08-30;"Trnavský kraj";1;0;0;0;NA;89946;1;2020-08-30;347
2020-08-29;"Trnavský kraj";3;0;0;0;NA;89946;3;2020-08-29;346
2020-08-28;"Trnavský kraj";14;0;0;0;NA;89946;14;2020-08-28;343
2020-08-27;"Trnavský kraj";6;0;0;0;NA;89946;6;2020-08-27;329
2020-08-26;"Trnavský kraj";4;0;0;0;NA;89946;4;2020-08-26;323
2020-08-25;"Trnavský kraj";7;0;0;0;NA;89946;7;2020-08-25;319
2020-08-24;"Trnavský kraj";1;0;0;0;NA;89946;1;2020-08-24;312
2020-08-23;"Trnavský kraj";6;0;0;0;NA;89946;6;2020-08-23;311
2020-08-22;"Trnavský kraj";3;0;0;0;NA;89946;3;2020-08-22;305
2020-08-21;"Trnavský kraj";4;0;0;0;NA;89946;4;2020-08-21;302
2020-08-20;"Trnavský kraj";23;0;0;0;NA;89946;23;2020-08-20;298
2020-08-19;"Trnavský kraj";13;0;0;0;NA;89946;13;2020-08-19;275
2020-08-18;"Trnavský kraj";20;0;0;0;NA;89946;20;2020-08-18;262
2020-08-17;"Trnavský kraj";3;0;0;0;NA;89946;3;2020-08-17;242
2020-08-16;"Trnavský kraj";0;0;0;0;NA;89946;0;2020-08-16;239
2020-08-15;"Trnavský kraj";7;0;0;0;NA;89946;7;2020-08-15;239
2020-08-14;"Trnavský kraj";6;0;0;0;NA;89946;6;2020-08-14;232
2020-08-13;"Trnavský kraj";10;0;0;0;NA;89946;10;2020-08-13;226
2020-08-12;"Trnavský kraj";2;0;0;0;NA;89946;2;2020-08-12;216
2020-08-11;"Trnavský kraj";30;0;0;0;NA;89946;30;2020-08-11;214
2020-08-10;"Trnavský kraj";0;0;0;0;NA;89946;0;2020-08-10;184
2020-08-09;"Trnavský kraj";0;0;0;0;NA;89946;0;2020-08-09;184
2020-08-08;"Trnavský kraj";13;0;0;0;NA;89946;13;2020-08-08;184
2020-08-07;"Trnavský kraj";4;0;0;0;NA;89946;4;2020-08-07;171
2020-08-06;"Trnavský kraj";4;0;0;0;NA;89946;4;2020-08-06;167
2020-08-05;"Trnavský kraj";0;0;0;0;NA;89946;0;2020-08-05;163
2020-08-04;"Trnavský kraj";1;0;0;0;NA;89946;1;2020-08-04;163
2020-08-03;"Trnavský kraj";2;0;0;0;NA;89946;2;2020-08-03;162
2020-08-02;"Trnavský kraj";1;0;0;0;NA;89946;1;2020-08-02;160
2020-08-01;"Trnavský kraj";0;0;0;0;NA;89946;0;2020-08-01;159
2020-07-31;"Trnavský kraj";7;0;0;0;NA;89946;7;2020-07-31;159
2020-07-30;"Trnavský kraj";6;0;0;0;NA;89946;6;2020-07-30;152
2020-07-29;"Trnavský kraj";0;0;0;0;NA;89946;0;2020-07-29;146
2020-07-28;"Trnavský kraj";1;0;0;0;NA;89946;1;2020-07-28;146
2020-07-27;"Trnavský kraj";2;0;0;0;NA;89946;2;2020-07-27;145
2020-07-26;"Trnavský kraj";0;0;0;0;NA;89946;0;2020-07-26;143
2020-07-25;"Trnavský kraj";0;0;0;0;NA;89946;0;2020-07-25;143
2020-07-24;"Trnavský kraj";1;0;0;0;NA;89946;1;2020-07-24;143
2020-07-23;"Trnavský kraj";2;0;0;0;NA;89946;2;2020-07-23;142
2020-07-22;"Trnavský kraj";1;0;0;0;NA;89946;1;2020-07-22;140
2020-07-21;"Trnavský kraj";2;0;0;0;NA;89946;2;2020-07-21;139
2020-07-20;"Trnavský kraj";0;0;0;0;NA;89946;0;2020-07-20;137
2020-07-19;"Trnavský kraj";0;0;0;0;NA;89946;0;2020-07-19;137
2020-07-18;"Trnavský kraj";0;0;0;0;NA;89946;0;2020-07-18;137
2020-07-17;"Trnavský kraj";0;0;0;0;NA;89946;0;2020-07-17;137
2020-07-16;"Trnavský kraj";0;0;0;0;NA;89946;0;2020-07-16;137
2020-07-15;"Trnavský kraj";1;0;0;0;NA;89946;1;2020-07-15;137
2020-07-14;"Trnavský kraj";0;0;0;0;NA;89946;0;2020-07-14;136
2020-07-13;"Trnavský kraj";0;0;0;0;NA;89946;0;2020-07-13;136
2020-07-12;"Trnavský kraj";0;0;0;0;NA;89946;0;2020-07-12;136
2020-07-11;"Trnavský kraj";0;0;0;0;NA;89946;0;2020-07-11;136
2020-07-10;"Trnavský kraj";0;0;0;0;NA;89946;0;2020-07-10;136
2020-07-09;"Trnavský kraj";0;0;0;0;NA;89946;0;2020-07-09;136
2020-07-08;"Trnavský kraj";3;0;0;0;NA;89946;3;2020-07-08;136
2020-07-07;"Trnavský kraj";4;0;0;0;NA;89946;4;2020-07-07;133
2020-07-06;"Trnavský kraj";0;0;0;0;NA;89946;0;2020-07-06;129
2020-07-05;"Trnavský kraj";0;0;0;0;NA;89946;0;2020-07-05;129
2020-07-04;"Trnavský kraj";0;0;0;0;NA;89946;0;2020-07-04;129
2020-07-03;"Trnavský kraj";0;0;0;0;NA;89946;0;2020-07-03;129
2020-07-02;"Trnavský kraj";3;0;0;0;NA;89946;3;2020-07-02;129
2020-07-01;"Trnavský kraj";0;0;0;0;NA;89946;0;2020-07-01;126
2020-06-30;"Trnavský kraj";0;0;0;0;NA;89946;0;2020-06-30;126
2020-06-29;"Trnavský kraj";0;0;0;0;NA;89946;0;2020-06-29;126
2020-06-28;"Trnavský kraj";0;0;0;0;NA;89946;0;2020-06-28;126
2020-06-27;"Trnavský kraj";0;0;0;0;NA;89946;0;2020-06-27;126
2020-06-26;"Trnavský kraj";0;0;0;0;NA;89946;0;2020-06-26;126
2020-06-25;"Trnavský kraj";0;0;0;0;NA;89946;0;2020-06-25;126
2020-06-24;"Trnavský kraj";0;0;0;0;NA;89946;0;2020-06-24;126
2020-06-23;"Trnavský kraj";0;0;0;0;NA;89946;0;2020-06-23;126
2020-06-22;"Trnavský kraj";0;0;0;0;NA;89946;0;2020-06-22;126
2020-06-21;"Trnavský kraj";0;0;0;0;NA;89946;0;2020-06-21;126
2020-06-20;"Trnavský kraj";0;0;0;0;NA;89946;0;2020-06-20;126
2020-06-19;"Trnavský kraj";0;0;0;0;NA;89946;0;2020-06-19;126
2020-06-18;"Trnavský kraj";2;0;0;0;NA;89946;2;2020-06-18;126
2020-06-17;"Trnavský kraj";0;0;0;0;NA;89946;0;2020-06-17;124
2020-06-16;"Trnavský kraj";0;0;0;0;NA;89946;0;2020-06-16;124
2020-06-14;"Trnavský kraj";0;0;0;0;NA;89946;0;2020-06-14;124
2020-06-13;"Trnavský kraj";0;0;0;0;NA;89946;0;2020-06-13;124
2020-06-12;"Trnavský kraj";0;0;0;0;NA;89946;0;2020-06-12;124
2020-06-11;"Trnavský kraj";0;0;0;0;NA;89946;0;2020-06-11;124
2020-06-10;"Trnavský kraj";0;0;0;0;NA;89946;0;2020-06-10;124
2020-06-09;"Trnavský kraj";0;0;0;0;NA;89946;0;2020-06-09;124
2020-06-08;"Trnavský kraj";0;0;0;0;NA;89946;0;2020-06-08;124
2020-06-07;"Trnavský kraj";0;0;0;0;NA;89946;0;2020-06-07;124
2020-06-05;"Trnavský kraj";0;0;0;0;NA;89946;0;2020-06-05;124
2020-06-03;"Trnavský kraj";0;0;0;0;NA;89946;0;2020-06-03;124
2020-06-02;"Trnavský kraj";0;0;0;0;NA;89946;0;2020-06-02;124
2020-05-31;"Trnavský kraj";0;0;0;0;NA;89946;0;2020-05-31;124
2020-05-29;"Trnavský kraj";0;0;0;0;NA;89946;0;2020-05-29;124
2020-05-27;"Trnavský kraj";0;0;0;0;NA;89946;0;2020-05-27;124
2020-05-26;"Trnavský kraj";0;0;0;0;NA;89946;0;2020-05-26;124
2020-05-25;"Trnavský kraj";1;0;0;0;NA;89946;1;2020-05-25;124
2020-05-24;"Trnavský kraj";0;0;0;0;NA;89946;0;2020-05-24;123
2020-05-23;"Trnavský kraj";2;0;0;0;NA;89946;2;2020-05-23;123
2020-05-22;"Trnavský kraj";0;0;0;0;NA;89946;0;2020-05-22;121
2020-05-21;"Trnavský kraj";0;0;0;0;NA;89946;0;2020-05-21;121
2020-05-20;"Trnavský kraj";2;0;0;0;NA;89946;2;2020-05-20;121
2020-05-19;"Trnavský kraj";0;0;0;0;NA;89946;0;2020-05-19;119
2020-05-17;"Trnavský kraj";0;0;0;0;NA;89946;0;2020-05-17;119
2020-05-16;"Trnavský kraj";0;0;0;0;NA;89946;0;2020-05-16;119
2020-05-15;"Trnavský kraj";1;0;0;0;NA;89946;1;2020-05-15;119
2020-05-14;"Trnavský kraj";0;0;0;0;NA;89946;0;2020-05-14;118
2020-05-13;"Trnavský kraj";0;0;0;0;NA;89946;0;2020-05-13;118
2020-05-12;"Trnavský kraj";0;0;0;0;NA;89946;0;2020-05-12;118
2020-05-11;"Trnavský kraj";2;0;0;0;NA;89946;2;2020-05-11;118
2020-05-09;"Trnavský kraj";0;0;0;0;NA;89946;0;2020-05-09;116
2020-05-07;"Trnavský kraj";0;0;0;0;NA;89946;0;2020-05-07;116
2020-05-06;"Trnavský kraj";0;0;0;0;NA;89946;0;2020-05-06;116
2020-05-05;"Trnavský kraj";0;0;0;0;NA;89946;0;2020-05-05;116
2020-05-04;"Trnavský kraj";0;0;0;0;NA;89946;0;2020-05-04;116
2020-05-03;"Trnavský kraj";0;0;0;0;NA;89946;0;2020-05-03;116
2020-05-02;"Trnavský kraj";0;0;0;0;NA;89946;0;2020-05-02;116
2020-05-01;"Trnavský kraj";0;0;0;0;NA;89946;0;2020-05-01;116
2020-04-30;"Trnavský kraj";0;0;0;0;NA;89946;0;2020-04-30;116
2020-04-29;"Trnavský kraj";0;0;0;0;NA;89946;0;2020-04-29;116
2020-04-28;"Trnavský kraj";1;0;0;0;NA;89946;1;2020-04-28;116
2020-04-27;"Trnavský kraj";0;0;0;0;NA;89946;0;2020-04-27;115
2020-04-26;"Trnavský kraj";0;0;0;0;NA;89946;0;2020-04-26;115
2020-04-25;"Trnavský kraj";2;0;0;0;NA;89946;2;2020-04-25;115
2020-04-24;"Trnavský kraj";4;0;0;0;NA;89946;4;2020-04-24;113
2020-04-23;"Trnavský kraj";5;0;0;0;NA;89946;5;2020-04-23;109
2020-04-22;"Trnavský kraj";10;0;0;0;NA;89946;10;2020-04-22;104
2020-04-21;"Trnavský kraj";5;0;0;0;NA;89946;5;2020-04-21;94
2020-04-20;"Trnavský kraj";0;0;0;0;NA;89946;0;2020-04-20;89
2020-04-19;"Trnavský kraj";1;0;0;0;NA;89946;1;2020-04-19;89
2020-04-18;"Trnavský kraj";4;0;0;0;NA;89946;4;2020-04-18;88
2020-04-17;"Trnavský kraj";7;0;0;0;NA;89946;7;2020-04-17;84
2020-04-16;"Trnavský kraj";5;0;0;0;NA;89946;5;2020-04-16;77
2020-04-15;"Trnavský kraj";5;0;0;0;NA;89946;5;2020-04-15;72
2020-04-14;"Trnavský kraj";1;0;0;0;NA;89946;1;2020-04-14;67
2020-04-13;"Trnavský kraj";0;0;0;0;NA;89946;0;2020-04-13;66
2020-04-12;"Trnavský kraj";0;0;0;0;NA;89946;0;2020-04-12;66
2020-04-11;"Trnavský kraj";0;0;0;0;NA;89946;0;2020-04-11;66
2020-04-10;"Trnavský kraj";2;0;0;0;NA;89946;2;2020-04-10;66
2020-04-09;"Trnavský kraj";3;0;0;0;NA;89946;3;2020-04-09;64
2020-04-08;"Trnavský kraj";4;0;0;0;NA;89946;4;2020-04-08;61
2020-04-07;"Trnavský kraj";6;0;0;0;NA;89946;6;2020-04-07;57
2020-04-06;"Trnavský kraj";6;0;0;0;NA;89946;6;2020-04-06;51
2020-04-05;"Trnavský kraj";1;0;0;0;NA;89946;1;2020-04-05;45
2020-04-04;"Trnavský kraj";1;0;0;0;NA;89946;1;2020-04-04;44
2020-04-03;"Trnavský kraj";3;0;0;0;NA;89946;3;2020-04-03;43
2020-04-02;"Trnavský kraj";4;0;0;0;NA;89946;4;2020-04-02;40
2020-04-01;"Trnavský kraj";0;0;0;0;NA;89946;0;2020-04-01;36
2020-03-31;"Trnavský kraj";3;0;0;0;NA;89946;3;2020-03-31;36
2020-03-30;"Trnavský kraj";4;0;0;0;NA;89946;4;2020-03-30;33
2020-03-29;"Trnavský kraj";1;0;0;0;NA;89946;1;2020-03-29;29
2020-03-28;"Trnavský kraj";3;0;0;0;NA;89946;3;2020-03-28;28
2020-03-27;"Trnavský kraj";5;0;0;0;NA;89946;5;2020-03-27;25
2020-03-26;"Trnavský kraj";5;0;0;0;NA;89946;5;2020-03-26;20
2020-03-25;"Trnavský kraj";1;0;0;0;NA;89946;1;2020-03-25;15
2020-03-24;"Trnavský kraj";0;0;0;0;NA;89946;0;2020-03-24;14
2020-03-23;"Trnavský kraj";2;0;0;0;NA;89946;2;2020-03-23;14
2020-03-22;"Trnavský kraj";1;0;0;0;NA;89946;1;2020-03-22;12
2020-03-21;"Trnavský kraj";5;0;0;0;NA;89946;5;2020-03-21;11
2020-03-20;"Trnavský kraj";0;0;0;0;NA;89946;0;2020-03-20;6
2020-03-19;"Trnavský kraj";0;0;0;0;NA;89946;0;2020-03-19;6
2020-03-18;"Trnavský kraj";0;0;0;0;NA;89946;0;2020-03-18;6
2020-03-17;"Trnavský kraj";3;0;0;0;NA;89946;3;2020-03-17;6
2020-03-16;"Trnavský kraj";1;0;0;0;NA;89946;1;2020-03-16;3
2020-03-15;"Trnavský kraj";0;0;0;0;NA;89946;0;2020-03-15;2
2020-03-14;"Trnavský kraj";0;0;0;0;NA;89946;0;2020-03-14;2
2020-03-13;"Trnavský kraj";1;0;0;0;NA;89946;1;2020-03-13;2
2020-03-12;"Trnavský kraj";1;0;0;0;NA;89946;1;2020-03-12;1
2020-03-11;"Trnavský kraj";0;0;0;0;NA;89946;0;2020-03-11;0
2020-03-09;"Trnavský kraj";0;0;0;0;NA;89946;0;2020-03-09;0
2020-03-08;"Trnavský kraj";0;0;0;0;NA;89946;0;2020-03-08;0
2020-03-07;"Trnavský kraj";0;0;0;0;NA;89946;0;2020-03-07;0
2020-03-06;"Trnavský kraj";0;0;0;0;NA;89946;0;2020-03-06;0
2021-06-06;"Žilinský kraj";10;7234;23;7257;57732;108235;33;2021-06-06;108235
2021-06-05;"Žilinský kraj";8;8328;8;8336;NA;108235;16;2021-06-05;108202
2021-06-04;"Žilinský kraj";19;11404;34;11438;NA;108235;53;2021-06-04;108186
2021-06-03;"Žilinský kraj";12;6931;33;6964;NA;108235;45;2021-06-03;108133
2021-06-02;"Žilinský kraj";17;7083;28;7111;NA;108235;45;2021-06-02;108088
2021-06-01;"Žilinský kraj";38;8172;42;8214;NA;108235;80;2021-06-01;108043
2021-05-31;"Žilinský kraj";31;9614;59;9673;NA;108235;90;2021-05-31;107963
2021-05-30;"Žilinský kraj";21;9025;35;9060;NA;108235;56;2021-05-30;107873
2021-05-29;"Žilinský kraj";13;11195;23;11218;NA;108235;36;2021-05-29;107817
2021-05-28;"Žilinský kraj";28;13257;30;13287;NA;108235;58;2021-05-28;107781
2021-05-27;"Žilinský kraj";17;8267;39;8306;NA;108235;56;2021-05-27;107723
2021-05-26;"Žilinský kraj";20;8329;25;8354;NA;108235;45;2021-05-26;107667
2021-05-25;"Žilinský kraj";21;9872;38;9910;NA;108235;59;2021-05-25;107622
2021-05-24;"Žilinský kraj";36;11437;57;11494;NA;108235;93;2021-05-24;107563
2021-05-23;"Žilinský kraj";4;10922;56;10978;NA;108235;60;2021-05-23;107470
2021-05-22;"Žilinský kraj";21;11893;28;11921;NA;108235;49;2021-05-22;107410
2021-05-21;"Žilinský kraj";28;15596;50;15646;NA;108235;78;2021-05-21;107361
2021-05-20;"Žilinský kraj";30;9491;30;9521;NA;108235;60;2021-05-20;107283
2021-05-19;"Žilinský kraj";46;8627;41;8668;NA;108235;87;2021-05-19;107223
2021-05-18;"Žilinský kraj";52;10545;44;10589;NA;108235;96;2021-05-18;107136
2021-05-17;"Žilinský kraj";51;12627;84;12711;NA;108235;135;2021-05-17;107040
2021-05-16;"Žilinský kraj";13;13986;42;14028;NA;108235;55;2021-05-16;106905
2021-05-15;"Žilinský kraj";30;18303;35;18338;NA;108235;65;2021-05-15;106850
2021-05-14;"Žilinský kraj";34;21043;82;21125;NA;108235;116;2021-05-14;106785
2021-05-13;"Žilinský kraj";64;11821;51;11872;NA;108235;115;2021-05-13;106669
2021-05-12;"Žilinský kraj";57;10263;50;10313;NA;108235;107;2021-05-12;106554
2021-05-11;"Žilinský kraj";70;11756;51;11807;NA;108235;121;2021-05-11;106447
2021-05-10;"Žilinský kraj";69;16075;72;16147;NA;108235;141;2021-05-10;106326
2021-05-09;"Žilinský kraj";58;20298;77;20375;NA;108235;135;2021-05-09;106185
2021-05-08;"Žilinský kraj";0;23997;63;24060;NA;108235;63;2021-05-08;106050
2021-05-07;"Žilinský kraj";65;26190;87;26277;NA;108235;152;2021-05-07;105987
2021-05-06;"Žilinský kraj";67;16529;72;16601;NA;108235;139;2021-05-06;105835
2021-05-05;"Žilinský kraj";71;13032;73;13105;NA;108235;144;2021-05-05;105696
2021-05-04;"Žilinský kraj";81;16713;80;16793;NA;108235;161;2021-05-04;105552
2021-05-03;"Žilinský kraj";97;20391;111;20502;NA;108235;208;2021-05-03;105391
2021-05-02;"Žilinský kraj";8;29166;66;29232;NA;108235;74;2021-05-02;105183
2021-05-01;"Žilinský kraj";65;54670;103;54773;NA;108235;168;2021-05-01;105109
2021-04-30;"Žilinský kraj";84;43812;117;43929;NA;108235;201;2021-04-30;104941
2021-04-29;"Žilinský kraj";77;24553;101;24654;NA;108235;178;2021-04-29;104740
2021-04-28;"Žilinský kraj";76;19205;91;19296;NA;108235;167;2021-04-28;104562
2021-04-27;"Žilinský kraj";97;21795;110;21905;NA;108235;207;2021-04-27;104395
2021-04-26;"Žilinský kraj";114;27412;136;27548;NA;108235;250;2021-04-26;104188
2021-04-25;"Žilinský kraj";38;35750;82;35832;NA;108235;120;2021-04-25;103938
2021-04-24;"Žilinský kraj";93;78854;157;79011;NA;108235;250;2021-04-24;103818
2021-04-23;"Žilinský kraj";144;49219;153;49372;NA;108235;297;2021-04-23;103568
2021-04-22;"Žilinský kraj";110;25209;132;25341;NA;108235;242;2021-04-22;103271
2021-04-21;"Žilinský kraj";118;20616;145;20761;NA;108235;263;2021-04-21;103029
2021-04-20;"Žilinský kraj";128;23778;136;23914;NA;108235;264;2021-04-20;102766
2021-04-19;"Žilinský kraj";164;32773;210;32983;NA;108235;374;2021-04-19;102502
2021-04-18;"Žilinský kraj";18;36767;91;36858;NA;108235;109;2021-04-18;102128
2021-04-17;"Žilinský kraj";108;89377;156;89533;NA;108235;264;2021-04-17;102019
2021-04-16;"Žilinský kraj";185;46876;207;47083;NA;108235;392;2021-04-16;101755
2021-04-15;"Žilinský kraj";108;24825;130;24955;NA;108235;238;2021-04-15;101363
2021-04-14;"Žilinský kraj";135;23108;145;23253;NA;108235;280;2021-04-14;101125
2021-04-13;"Žilinský kraj";171;25050;135;25185;NA;108235;306;2021-04-13;100845
2021-04-12;"Žilinský kraj";266;30726;189;30915;NA;108235;455;2021-04-12;100539
2021-04-11;"Žilinský kraj";19;37126;107;37233;NA;108235;126;2021-04-11;100084
2021-04-10;"Žilinský kraj";111;86284;237;86521;NA;108235;348;2021-04-10;99958
2021-04-09;"Žilinský kraj";195;41752;205;41957;NA;108235;400;2021-04-09;99610
2021-04-08;"Žilinský kraj";179;24382;141;24523;NA;108235;320;2021-04-08;99210
2021-04-07;"Žilinský kraj";309;28651;174;28825;NA;108235;483;2021-04-07;98890
2021-04-06;"Žilinský kraj";308;38818;294;39112;NA;108235;602;2021-04-06;98407
2021-04-05;"Žilinský kraj";17;14747;140;14887;NA;108235;157;2021-04-05;97805
2021-04-04;"Žilinský kraj";17;16284;69;16353;NA;108235;86;2021-04-04;97648
2021-04-03;"Žilinský kraj";180;100430;401;100831;NA;108235;581;2021-04-03;97562
2021-04-02;"Žilinský kraj";73;22411;83;22494;NA;108235;156;2021-04-02;96981
2021-04-01;"Žilinský kraj";334;43264;240;43504;NA;108235;574;2021-04-01;96825
2021-03-31;"Žilinský kraj";170;31632;247;31879;NA;108235;417;2021-03-31;96251
2021-03-30;"Žilinský kraj";406;26323;243;26566;NA;108235;649;2021-03-30;95834
2021-03-29;"Žilinský kraj";297;28022;268;28290;NA;108235;565;2021-03-29;95185
2021-03-28;"Žilinský kraj";21;36206;239;36445;NA;108235;260;2021-03-28;94620
2021-03-27;"Žilinský kraj";151;89107;353;89460;NA;108235;504;2021-03-27;94360
2021-03-26;"Žilinský kraj";312;52263;333;52596;NA;108235;645;2021-03-26;93856
2021-03-25;"Žilinský kraj";281;27620;214;27834;NA;108235;495;2021-03-25;93211
2021-03-24;"Žilinský kraj";280;21268;260;21528;NA;108235;540;2021-03-24;92716
2021-03-23;"Žilinský kraj";418;23187;278;23465;NA;108235;696;2021-03-23;92176
2021-03-22;"Žilinský kraj";293;29289;314;29603;NA;108235;607;2021-03-22;91480
2021-03-21;"Žilinský kraj";32;33705;227;33932;NA;108235;259;2021-03-21;90873
2021-03-20;"Žilinský kraj";165;93015;497;93512;NA;108235;662;2021-03-20;90614
2021-03-19;"Žilinský kraj";357;51982;413;52395;NA;108235;770;2021-03-19;89952
2021-03-18;"Žilinský kraj";329;28451;294;28745;NA;108235;623;2021-03-18;89182
2021-03-17;"Žilinský kraj";395;21916;269;22185;NA;108235;664;2021-03-17;88559
2021-03-16;"Žilinský kraj";514;24341;317;24658;NA;108235;831;2021-03-16;87895
2021-03-15;"Žilinský kraj";341;29607;419;30026;NA;108235;760;2021-03-15;87064
2021-03-14;"Žilinský kraj";87;34121;267;34388;NA;108235;354;2021-03-14;86304
2021-03-13;"Žilinský kraj";113;93386;581;93967;NA;108235;694;2021-03-13;85950
2021-03-12;"Žilinský kraj";520;52109;411;52520;NA;108235;931;2021-03-12;85256
2021-03-11;"Žilinský kraj";399;28189;302;28491;NA;108235;701;2021-03-11;84325
2021-03-10;"Žilinský kraj";368;22414;378;22792;NA;108235;746;2021-03-10;83624
2021-03-09;"Žilinský kraj";537;24857;316;25173;NA;108235;853;2021-03-09;82878
2021-03-08;"Žilinský kraj";387;30839;458;31297;NA;108235;845;2021-03-08;82025
2021-03-07;"Žilinský kraj";48;33469;290;33759;NA;108235;338;2021-03-07;81180
2021-03-06;"Žilinský kraj";173;92410;589;92999;NA;108235;762;2021-03-06;80842
2021-03-05;"Žilinský kraj";369;51748;483;52231;NA;108235;852;2021-03-05;80080
2021-03-04;"Žilinský kraj";467;30036;377;30413;NA;108235;844;2021-03-04;79228
2021-03-03;"Žilinský kraj";448;26261;394;26655;NA;108235;842;2021-03-03;78384
2021-03-02;"Žilinský kraj";551;25669;378;26047;NA;108235;929;2021-03-02;77542
2021-03-01;"Žilinský kraj";375;30493;441;30934;NA;108235;816;2021-03-01;76613
2021-02-28;"Žilinský kraj";61;34802;327;35129;NA;108235;388;2021-02-28;75797
2021-02-27;"Žilinský kraj";159;83781;639;84420;NA;108235;798;2021-02-27;75409
2021-02-26;"Žilinský kraj";459;47494;508;48002;NA;108235;967;2021-02-26;74611
2021-02-25;"Žilinský kraj";347;30879;393;31272;NA;108235;740;2021-02-25;73644
2021-02-24;"Žilinský kraj";339;18745;395;19140;NA;108235;734;2021-02-24;72904
2021-02-23;"Žilinský kraj";437;22418;418;22836;NA;108235;855;2021-02-23;72170
2021-02-22;"Žilinský kraj";345;29288;438;29726;NA;108235;783;2021-02-22;71315
2021-02-21;"Žilinský kraj";36;28686;322;29008;NA;108235;358;2021-02-21;70532
2021-02-20;"Žilinský kraj";152;89085;669;89754;NA;108235;821;2021-02-20;70174
2021-02-19;"Žilinský kraj";337;44806;415;45221;NA;108235;752;2021-02-19;69353
2021-02-18;"Žilinský kraj";263;24679;339;25018;NA;108235;602;2021-02-18;68601
2021-02-17;"Žilinský kraj";269;17932;355;18287;NA;108235;624;2021-02-17;67999
2021-02-16;"Žilinský kraj";321;24298;325;24623;NA;108235;646;2021-02-16;67375
2021-02-15;"Žilinský kraj";230;30420;311;30731;NA;108235;541;2021-02-15;66729
2021-02-14;"Žilinský kraj";30;28574;231;28805;NA;108235;261;2021-02-14;66188
2021-02-13;"Žilinský kraj";91;69659;454;70113;NA;108235;545;2021-02-13;65927
2021-02-12;"Žilinský kraj";242;42689;335;43024;NA;108235;577;2021-02-12;65382
2021-02-11;"Žilinský kraj";228;23521;300;23821;NA;108235;528;2021-02-11;64805
2021-02-10;"Žilinský kraj";259;17875;267;18142;NA;108235;526;2021-02-10;64277
2021-02-09;"Žilinský kraj";377;24784;274;25058;NA;108235;651;2021-02-09;63751
2021-02-08;"Žilinský kraj";160;41375;390;41765;NA;108235;550;2021-02-08;63100
2021-02-07;"Žilinský kraj";24;46446;252;46698;NA;108235;276;2021-02-07;62550
2021-02-06;"Žilinský kraj";71;72880;367;73247;NA;108235;438;2021-02-06;62274
2021-02-05;"Žilinský kraj";248;31868;323;32191;NA;108235;571;2021-02-05;61836
2021-02-04;"Žilinský kraj";238;13242;258;13500;NA;108235;496;2021-02-04;61265
2021-02-03;"Žilinský kraj";194;9187;255;9442;NA;108235;449;2021-02-03;60769
2021-02-02;"Žilinský kraj";216;9280;272;9552;NA;108235;488;2021-02-02;60320
2021-02-01;"Žilinský kraj";220;19688;370;20058;NA;108235;590;2021-02-01;59832
2021-01-31;"Žilinský kraj";11;2652;27;2679;NA;108235;38;2021-01-31;59242
2021-01-30;"Žilinský kraj";85;18447;187;18634;NA;108235;272;2021-01-30;59204
2021-01-29;"Žilinský kraj";209;22892;304;23196;NA;108235;513;2021-01-29;58932
2021-01-28;"Žilinský kraj";240;5623;174;5797;NA;108235;414;2021-01-28;58419
2021-01-27;"Žilinský kraj";256;7065;121;7186;NA;108235;377;2021-01-27;58005
2021-01-26;"Žilinský kraj";245;49441;346;49787;NA;108235;591;2021-01-26;57628
2021-01-25;"Žilinský kraj";159;21147;150;21297;NA;108235;309;2021-01-25;57037
2021-01-24;"Žilinský kraj";22;67309;305;67614;NA;108235;327;2021-01-24;56728
2021-01-23;"Žilinský kraj";91;90991;408;91399;NA;108235;499;2021-01-23;56401
2021-01-22;"Žilinský kraj";163;31997;239;32236;NA;108235;402;2021-01-22;55902
2021-01-21;"Žilinský kraj";116;19874;181;20055;NA;108235;297;2021-01-21;55500
2021-01-20;"Žilinský kraj";236;17089;165;17254;NA;108235;401;2021-01-20;55203
2021-01-19;"Žilinský kraj";245;15578;283;15861;NA;108235;528;2021-01-19;54802
2021-01-18;"Žilinský kraj";236;12506;327;12833;NA;108235;563;2021-01-18;54274
2021-01-17;"Žilinský kraj";95;147;8;155;NA;108235;103;2021-01-17;53711
2021-01-16;"Žilinský kraj";14;758;35;793;NA;108235;49;2021-01-16;53608
2021-01-15;"Žilinský kraj";248;7244;205;7449;NA;108235;453;2021-01-15;53559
2021-01-14;"Žilinský kraj";166;5572;248;5820;NA;108235;414;2021-01-14;53106
2021-01-13;"Žilinský kraj";247;11316;555;11871;NA;108235;802;2021-01-13;52692
2021-01-12;"Žilinský kraj";376;8754;413;9167;NA;108235;789;2021-01-12;51890
2021-01-11;"Žilinský kraj";351;10385;513;10898;NA;108235;864;2021-01-11;51101
2021-01-10;"Žilinský kraj";38;229;6;235;NA;108235;44;2021-01-10;50237
2021-01-09;"Žilinský kraj";192;1983;85;2068;NA;108235;277;2021-01-09;50193
2021-01-08;"Žilinský kraj";413;9245;497;9742;NA;108235;910;2021-01-08;49916
2021-01-07;"Žilinský kraj";438;23485;1881;25366;NA;108235;2319;2021-01-07;49006
2021-01-06;"Žilinský kraj";145;1412;96;1508;NA;108235;241;2021-01-06;46687
2021-01-05;"Žilinský kraj";717;10702;845;11547;NA;108235;1562;2021-01-05;46446
2021-01-04;"Žilinský kraj";479;9739;1012;10751;NA;108235;1491;2021-01-04;44884
2021-01-03;"Žilinský kraj";13;1006;107;1113;NA;108235;120;2021-01-03;43393
2021-01-02;"Žilinský kraj";98;789;91;880;NA;108235;189;2021-01-02;43273
2021-01-01;"Žilinský kraj";118;615;37;652;NA;108235;155;2021-01-01;43084
2020-12-31;"Žilinský kraj";395;10008;809;10817;NA;108235;1204;2020-12-31;42929
2020-12-30;"Žilinský kraj";1038;12030;849;12879;NA;108235;1887;2020-12-30;41725
2020-12-29;"Žilinský kraj";256;10584;1041;11625;NA;108235;1297;2020-12-29;39838
2020-12-28;"Žilinský kraj";406;11177;1048;12225;NA;108235;1454;2020-12-28;38541
2020-12-27;"Žilinský kraj";40;684;94;778;NA;108235;134;2020-12-27;37087
2020-12-26;"Žilinský kraj";135;593;48;641;NA;108235;183;2020-12-26;36953
2020-12-25;"Žilinský kraj";66;83;9;92;NA;108235;75;2020-12-25;36770
2020-12-24;"Žilinský kraj";643;1060;80;1140;NA;108235;723;2020-12-24;36695
2020-12-23;"Žilinský kraj";228;17281;1031;18312;NA;108235;1259;2020-12-23;35972
2020-12-22;"Žilinský kraj";519;13746;1031;14777;NA;108235;1550;2020-12-22;34713
2020-12-21;"Žilinský kraj";444;12608;1096;13704;NA;108235;1540;2020-12-21;33163
2020-12-20;"Žilinský kraj";36;598;80;678;NA;108235;116;2020-12-20;31623
2020-12-19;"Žilinský kraj";208;2076;145;2221;NA;108235;353;2020-12-19;31507
2020-12-18;"Žilinský kraj";333;6925;400;7325;NA;108235;733;2020-12-18;31154
2020-12-17;"Žilinský kraj";500;4243;279;4522;NA;108235;779;2020-12-17;30421
2020-12-16;"Žilinský kraj";333;3999;280;4279;NA;108235;613;2020-12-16;29642
2020-12-15;"Žilinský kraj";528;4139;378;4517;NA;108235;906;2020-12-15;29029
2020-12-14;"Žilinský kraj";321;4300;355;4655;NA;108235;676;2020-12-14;28123
2020-12-13;"Žilinský kraj";26;494;66;560;NA;108235;92;2020-12-13;27447
2020-12-12;"Žilinský kraj";95;1116;61;1177;NA;108235;156;2020-12-12;27355
2020-12-11;"Žilinský kraj";455;4507;269;4776;NA;108235;724;2020-12-11;27199
2020-12-10;"Žilinský kraj";166;9341;838;10179;NA;108235;1004;2020-12-10;26475
2020-12-09;"Žilinský kraj";392;2200;131;2331;NA;108235;523;2020-12-09;25471
2020-12-08;"Žilinský kraj";331;3248;123;3371;NA;108235;454;2020-12-08;24948
2020-12-07;"Žilinský kraj";348;2254;127;2381;NA;108235;475;2020-12-07;24494
2020-12-06;"Žilinský kraj";15;128;6;134;NA;108235;21;2020-12-06;24019
2020-12-05;"Žilinský kraj";98;1500;53;1553;NA;108235;151;2020-12-05;23998
2020-12-04;"Žilinský kraj";228;2891;122;3013;NA;108235;350;2020-12-04;23847
2020-12-03;"Žilinský kraj";237;1424;117;1541;NA;108235;354;2020-12-03;23497
2020-12-02;"Žilinský kraj";181;1396;69;1465;NA;108235;250;2020-12-02;23143
2020-12-01;"Žilinský kraj";209;6239;284;6523;NA;108235;493;2020-12-01;22893
2020-11-30;"Žilinský kraj";203;5326;305;5631;NA;108235;508;2020-11-30;22400
2020-11-29;"Žilinský kraj";18;81;7;88;NA;108235;25;2020-11-29;21892
2020-11-28;"Žilinský kraj";99;349;15;364;NA;108235;114;2020-11-28;21867
2020-11-27;"Žilinský kraj";218;904;46;950;NA;108235;264;2020-11-27;21753
2020-11-26;"Žilinský kraj";190;1041;54;1095;NA;108235;244;2020-11-26;21489
2020-11-25;"Žilinský kraj";225;1217;49;1266;NA;108235;274;2020-11-25;21245
2020-11-24;"Žilinský kraj";213;2139;67;2206;NA;108235;280;2020-11-24;20971
2020-11-23;"Žilinský kraj";170;759;44;803;NA;108235;214;2020-11-23;20691
2020-11-22;"Žilinský kraj";11;67;2;69;NA;108235;13;2020-11-22;20477
2020-11-21;"Žilinský kraj";61;505;20;525;NA;108235;81;2020-11-21;20464
2020-11-20;"Žilinský kraj";251;1074;45;1119;NA;108235;296;2020-11-20;20383
2020-11-19;"Žilinský kraj";252;752;61;813;NA;108235;313;2020-11-19;20087
2020-11-18;"Žilinský kraj";346;348;15;363;NA;108235;361;2020-11-18;19774
2020-11-17;"Žilinský kraj";123;490;15;505;NA;108235;138;2020-11-17;19413
2020-11-16;"Žilinský kraj";227;247;15;262;NA;108235;242;2020-11-16;19275
2020-11-15;"Žilinský kraj";63;13;0;13;NA;108235;63;2020-11-15;19033
2020-11-14;"Žilinský kraj";189;1038;11;1049;NA;108235;200;2020-11-14;18970
2020-11-13;"Žilinský kraj";181;125;9;134;NA;108235;190;2020-11-13;18770
2020-11-12;"Žilinský kraj";334;79;2;81;NA;108235;336;2020-11-12;18580
2020-11-11;"Žilinský kraj";489;147;10;157;NA;108235;499;2020-11-11;18244
2020-11-10;"Žilinský kraj";374;519;9;528;NA;108235;383;2020-11-10;17745
2020-11-09;"Žilinský kraj";143;2335;30;2365;NA;108235;173;2020-11-09;17362
2020-11-08;"Žilinský kraj";59;2538;37;2575;NA;108235;96;2020-11-08;17189
2020-11-07;"Žilinský kraj";312;8175;88;8263;NA;108235;400;2020-11-07;17093
2020-11-06;"Žilinský kraj";503;4090;38;4128;NA;108235;541;2020-11-06;16693
2020-11-05;"Žilinský kraj";473;64;4;68;NA;108235;477;2020-11-05;16152
2020-11-04;"Žilinský kraj";423;178;10;188;NA;108235;433;2020-11-04;15675
2020-11-03;"Žilinský kraj";688;889;16;905;NA;108235;704;2020-11-03;15242
2020-11-02;"Žilinský kraj";472;1043;39;1082;NA;108235;511;2020-11-02;14538
2020-11-01;"Žilinský kraj";349;5096;130;5226;NA;108235;479;2020-11-01;14027
2020-10-31;"Žilinský kraj";661;7963;203;8166;NA;108235;864;2020-10-31;13548
2020-10-30;"Žilinský kraj";529;2575;61;2636;NA;108235;590;2020-10-30;12684
2020-10-29;"Žilinský kraj";740;503;17;520;NA;108235;757;2020-10-29;12094
2020-10-28;"Žilinský kraj";635;105;11;116;NA;108235;646;2020-10-28;11337
2020-10-27;"Žilinský kraj";355;154;24;178;NA;108235;379;2020-10-27;10691
2020-10-26;"Žilinský kraj";148;117;28;145;NA;108235;176;2020-10-26;10312
2020-10-25;"Žilinský kraj";436;0;0;0;NA;108235;436;2020-10-25;10136
2020-10-24;"Žilinský kraj";803;0;0;0;NA;108235;803;2020-10-24;9700
2020-10-23;"Žilinský kraj";659;102;13;115;NA;108235;672;2020-10-23;8897
2020-10-22;"Žilinský kraj";525;33;3;36;NA;108235;528;2020-10-22;8225
2020-10-21;"Žilinský kraj";478;74;14;88;NA;108235;492;2020-10-21;7697
2020-10-20;"Žilinský kraj";524;127;8;135;NA;108235;532;2020-10-20;7205
2020-10-19;"Žilinský kraj";70;80;12;92;NA;108235;82;2020-10-19;6673
2020-10-18;"Žilinský kraj";159;0;0;0;NA;108235;159;2020-10-18;6591
2020-10-17;"Žilinský kraj";509;0;0;0;NA;108235;509;2020-10-17;6432
2020-10-16;"Žilinský kraj";603;51;9;60;NA;108235;612;2020-10-16;5923
2020-10-15;"Žilinský kraj";679;61;3;64;NA;108235;682;2020-10-15;5311
2020-10-14;"Žilinský kraj";523;269;6;275;NA;108235;529;2020-10-14;4629
2020-10-13;"Žilinský kraj";367;458;40;498;NA;108235;407;2020-10-13;4100
2020-10-12;"Žilinský kraj";62;0;0;0;NA;108235;62;2020-10-12;3693
2020-10-11;"Žilinský kraj";50;0;0;0;NA;108235;50;2020-10-11;3631
2020-10-10;"Žilinský kraj";213;0;0;0;NA;108235;213;2020-10-10;3581
2020-10-09;"Žilinský kraj";543;0;0;0;NA;108235;543;2020-10-09;3368
2020-10-08;"Žilinský kraj";238;0;0;0;NA;108235;238;2020-10-08;2825
2020-10-07;"Žilinský kraj";168;0;0;0;NA;108235;168;2020-10-07;2587
2020-10-06;"Žilinský kraj";233;0;0;0;NA;108235;233;2020-10-06;2419
2020-10-05;"Žilinský kraj";33;0;0;0;NA;108235;33;2020-10-05;2186
2020-10-04;"Žilinský kraj";35;0;0;0;NA;108235;35;2020-10-04;2153
2020-10-03;"Žilinský kraj";155;0;0;0;NA;108235;155;2020-10-03;2118
2020-10-02;"Žilinský kraj";105;0;0;0;NA;108235;105;2020-10-02;1963
2020-10-01;"Žilinský kraj";147;0;0;0;NA;108235;147;2020-10-01;1858
2020-09-30;"Žilinský kraj";163;0;0;0;NA;108235;163;2020-09-30;1711
2020-09-29;"Žilinský kraj";105;0;0;0;NA;108235;105;2020-09-29;1548
2020-09-28;"Žilinský kraj";34;0;0;0;NA;108235;34;2020-09-28;1443
2020-09-27;"Žilinský kraj";108;0;0;0;NA;108235;108;2020-09-27;1409
2020-09-26;"Žilinský kraj";96;0;0;0;NA;108235;96;2020-09-26;1301
2020-09-25;"Žilinský kraj";69;0;0;0;NA;108235;69;2020-09-25;1205
2020-09-24;"Žilinský kraj";100;0;0;0;NA;108235;100;2020-09-24;1136
2020-09-23;"Žilinský kraj";65;0;0;0;NA;108235;65;2020-09-23;1036
2020-09-22;"Žilinský kraj";65;0;0;0;NA;108235;65;2020-09-22;971
2020-09-21;"Žilinský kraj";47;0;0;0;NA;108235;47;2020-09-21;906
2020-09-20;"Žilinský kraj";4;0;0;0;NA;108235;4;2020-09-20;859
2020-09-19;"Žilinský kraj";6;0;0;0;NA;108235;6;2020-09-19;855
2020-09-18;"Žilinský kraj";82;0;0;0;NA;108235;82;2020-09-18;849
2020-09-17;"Žilinský kraj";30;0;0;0;NA;108235;30;2020-09-17;767
2020-09-16;"Žilinský kraj";34;0;0;0;NA;108235;34;2020-09-16;737
2020-09-15;"Žilinský kraj";12;0;0;0;NA;108235;12;2020-09-15;703
2020-09-14;"Žilinský kraj";39;0;0;0;NA;108235;39;2020-09-14;691
2020-09-13;"Žilinský kraj";6;0;0;0;NA;108235;6;2020-09-13;652
2020-09-12;"Žilinský kraj";4;0;0;0;NA;108235;4;2020-09-12;646
2020-09-11;"Žilinský kraj";31;0;0;0;NA;108235;31;2020-09-11;642
2020-09-10;"Žilinský kraj";31;0;0;0;NA;108235;31;2020-09-10;611
2020-09-09;"Žilinský kraj";23;0;0;0;NA;108235;23;2020-09-09;580
2020-09-08;"Žilinský kraj";25;0;0;0;NA;108235;25;2020-09-08;557
2020-09-07;"Žilinský kraj";11;0;0;0;NA;108235;11;2020-09-07;532
2020-09-06;"Žilinský kraj";0;0;0;0;NA;108235;0;2020-09-06;521
2020-09-05;"Žilinský kraj";2;0;0;0;NA;108235;2;2020-09-05;521
2020-09-04;"Žilinský kraj";33;0;0;0;NA;108235;33;2020-09-04;519
2020-09-03;"Žilinský kraj";18;0;0;0;NA;108235;18;2020-09-03;486
2020-09-02;"Žilinský kraj";16;0;0;0;NA;108235;16;2020-09-02;468
2020-09-01;"Žilinský kraj";4;0;0;0;NA;108235;4;2020-09-01;452
2020-08-31;"Žilinský kraj";5;0;0;0;NA;108235;5;2020-08-31;448
2020-08-30;"Žilinský kraj";3;0;0;0;NA;108235;3;2020-08-30;443
2020-08-29;"Žilinský kraj";5;0;0;0;NA;108235;5;2020-08-29;440
2020-08-28;"Žilinský kraj";13;0;0;0;NA;108235;13;2020-08-28;435
2020-08-27;"Žilinský kraj";18;0;0;0;NA;108235;18;2020-08-27;422
2020-08-26;"Žilinský kraj";8;0;0;0;NA;108235;8;2020-08-26;404
2020-08-25;"Žilinský kraj";2;0;0;0;NA;108235;2;2020-08-25;396
2020-08-24;"Žilinský kraj";5;0;0;0;NA;108235;5;2020-08-24;394
2020-08-23;"Žilinský kraj";0;0;0;0;NA;108235;0;2020-08-23;389
2020-08-22;"Žilinský kraj";0;0;0;0;NA;108235;0;2020-08-22;389
2020-08-21;"Žilinský kraj";10;0;0;0;NA;108235;10;2020-08-21;389
2020-08-20;"Žilinský kraj";13;0;0;0;NA;108235;13;2020-08-20;379
2020-08-19;"Žilinský kraj";7;0;0;0;NA;108235;7;2020-08-19;366
2020-08-18;"Žilinský kraj";9;0;0;0;NA;108235;9;2020-08-18;359
2020-08-17;"Žilinský kraj";1;0;0;0;NA;108235;1;2020-08-17;350
2020-08-16;"Žilinský kraj";0;0;0;0;NA;108235;0;2020-08-16;349
2020-08-15;"Žilinský kraj";0;0;0;0;NA;108235;0;2020-08-15;349
2020-08-14;"Žilinský kraj";4;0;0;0;NA;108235;4;2020-08-14;349
2020-08-13;"Žilinský kraj";2;0;0;0;NA;108235;2;2020-08-13;345
2020-08-12;"Žilinský kraj";0;0;0;0;NA;108235;0;2020-08-12;343
2020-08-11;"Žilinský kraj";4;0;0;0;NA;108235;4;2020-08-11;343
2020-08-10;"Žilinský kraj";1;0;0;0;NA;108235;1;2020-08-10;339
2020-08-09;"Žilinský kraj";0;0;0;0;NA;108235;0;2020-08-09;338
2020-08-08;"Žilinský kraj";3;0;0;0;NA;108235;3;2020-08-08;338
2020-08-07;"Žilinský kraj";8;0;0;0;NA;108235;8;2020-08-07;335
2020-08-06;"Žilinský kraj";1;0;0;0;NA;108235;1;2020-08-06;327
2020-08-05;"Žilinský kraj";1;0;0;0;NA;108235;1;2020-08-05;326
2020-08-04;"Žilinský kraj";2;0;0;0;NA;108235;2;2020-08-04;325
2020-08-03;"Žilinský kraj";0;0;0;0;NA;108235;0;2020-08-03;323
2020-08-02;"Žilinský kraj";1;0;0;0;NA;108235;1;2020-08-02;323
2020-08-01;"Žilinský kraj";0;0;0;0;NA;108235;0;2020-08-01;322
2020-07-31;"Žilinský kraj";4;0;0;0;NA;108235;4;2020-07-31;322
2020-07-30;"Žilinský kraj";2;0;0;0;NA;108235;2;2020-07-30;318
2020-07-29;"Žilinský kraj";2;0;0;0;NA;108235;2;2020-07-29;316
2020-07-28;"Žilinský kraj";4;0;0;0;NA;108235;4;2020-07-28;314
2020-07-27;"Žilinský kraj";6;0;0;0;NA;108235;6;2020-07-27;310
2020-07-26;"Žilinský kraj";0;0;0;0;NA;108235;0;2020-07-26;304
2020-07-25;"Žilinský kraj";0;0;0;0;NA;108235;0;2020-07-25;304
2020-07-24;"Žilinský kraj";2;0;0;0;NA;108235;2;2020-07-24;304
2020-07-23;"Žilinský kraj";0;0;0;0;NA;108235;0;2020-07-23;302
2020-07-22;"Žilinský kraj";1;0;0;0;NA;108235;1;2020-07-22;302
2020-07-21;"Žilinský kraj";2;0;0;0;NA;108235;2;2020-07-21;301
2020-07-20;"Žilinský kraj";3;0;0;0;NA;108235;3;2020-07-20;299
2020-07-19;"Žilinský kraj";0;0;0;0;NA;108235;0;2020-07-19;296
2020-07-18;"Žilinský kraj";0;0;0;0;NA;108235;0;2020-07-18;296
2020-07-17;"Žilinský kraj";2;0;0;0;NA;108235;2;2020-07-17;296
2020-07-16;"Žilinský kraj";2;0;0;0;NA;108235;2;2020-07-16;294
2020-07-15;"Žilinský kraj";2;0;0;0;NA;108235;2;2020-07-15;292
2020-07-14;"Žilinský kraj";1;0;0;0;NA;108235;1;2020-07-14;290
2020-07-13;"Žilinský kraj";0;0;0;0;NA;108235;0;2020-07-13;289
2020-07-12;"Žilinský kraj";0;0;0;0;NA;108235;0;2020-07-12;289
2020-07-11;"Žilinský kraj";2;0;0;0;NA;108235;2;2020-07-11;289
2020-07-10;"Žilinský kraj";3;0;0;0;NA;108235;3;2020-07-10;287
2020-07-09;"Žilinský kraj";2;0;0;0;NA;108235;2;2020-07-09;284
2020-07-08;"Žilinský kraj";10;0;0;0;NA;108235;10;2020-07-08;282
2020-07-07;"Žilinský kraj";7;0;0;0;NA;108235;7;2020-07-07;272
2020-07-06;"Žilinský kraj";0;0;0;0;NA;108235;0;2020-07-06;265
2020-07-05;"Žilinský kraj";0;0;0;0;NA;108235;0;2020-07-05;265
2020-07-04;"Žilinský kraj";10;0;0;0;NA;108235;10;2020-07-04;265
2020-07-03;"Žilinský kraj";18;0;0;0;NA;108235;18;2020-07-03;255
2020-07-02;"Žilinský kraj";7;0;0;0;NA;108235;7;2020-07-02;237
2020-07-01;"Žilinský kraj";0;0;0;0;NA;108235;0;2020-07-01;230
2020-06-30;"Žilinský kraj";4;0;0;0;NA;108235;4;2020-06-30;230
2020-06-29;"Žilinský kraj";0;0;0;0;NA;108235;0;2020-06-29;226
2020-06-28;"Žilinský kraj";1;0;0;0;NA;108235;1;2020-06-28;226
2020-06-27;"Žilinský kraj";3;0;0;0;NA;108235;3;2020-06-27;225
2020-06-26;"Žilinský kraj";5;0;0;0;NA;108235;5;2020-06-26;222
2020-06-25;"Žilinský kraj";7;0;0;0;NA;108235;7;2020-06-25;217
2020-06-24;"Žilinský kraj";11;0;0;0;NA;108235;11;2020-06-24;210
2020-06-23;"Žilinský kraj";9;0;0;0;NA;108235;9;2020-06-23;199
2020-06-22;"Žilinský kraj";0;0;0;0;NA;108235;0;2020-06-22;190
2020-06-21;"Žilinský kraj";1;0;0;0;NA;108235;1;2020-06-21;190
2020-06-20;"Žilinský kraj";1;0;0;0;NA;108235;1;2020-06-20;189
2020-06-19;"Žilinský kraj";4;0;0;0;NA;108235;4;2020-06-19;188
2020-06-18;"Žilinský kraj";1;0;0;0;NA;108235;1;2020-06-18;184
2020-06-17;"Žilinský kraj";0;0;0;0;NA;108235;0;2020-06-17;183
2020-06-16;"Žilinský kraj";1;0;0;0;NA;108235;1;2020-06-16;183
2020-06-14;"Žilinský kraj";0;0;0;0;NA;108235;0;2020-06-14;182
2020-06-13;"Žilinský kraj";0;0;0;0;NA;108235;0;2020-06-13;182
2020-06-12;"Žilinský kraj";0;0;0;0;NA;108235;0;2020-06-12;182
2020-06-11;"Žilinský kraj";0;0;0;0;NA;108235;0;2020-06-11;182
2020-06-10;"Žilinský kraj";0;0;0;0;NA;108235;0;2020-06-10;182
2020-06-09;"Žilinský kraj";1;0;0;0;NA;108235;1;2020-06-09;182
2020-06-08;"Žilinský kraj";0;0;0;0;NA;108235;0;2020-06-08;181
2020-06-07;"Žilinský kraj";0;0;0;0;NA;108235;0;2020-06-07;181
2020-06-05;"Žilinský kraj";0;0;0;0;NA;108235;0;2020-06-05;181
2020-06-03;"Žilinský kraj";0;0;0;0;NA;108235;0;2020-06-03;181
2020-06-02;"Žilinský kraj";0;0;0;0;NA;108235;0;2020-06-02;181
2020-05-31;"Žilinský kraj";0;0;0;0;NA;108235;0;2020-05-31;181
2020-05-29;"Žilinský kraj";0;0;0;0;NA;108235;0;2020-05-29;181
2020-05-27;"Žilinský kraj";1;0;0;0;NA;108235;1;2020-05-27;181
2020-05-26;"Žilinský kraj";1;0;0;0;NA;108235;1;2020-05-26;180
2020-05-25;"Žilinský kraj";0;0;0;0;NA;108235;0;2020-05-25;179
2020-05-24;"Žilinský kraj";0;0;0;0;NA;108235;0;2020-05-24;179
2020-05-23;"Žilinský kraj";0;0;0;0;NA;108235;0;2020-05-23;179
2020-05-22;"Žilinský kraj";0;0;0;0;NA;108235;0;2020-05-22;179
2020-05-21;"Žilinský kraj";0;0;0;0;NA;108235;0;2020-05-21;179
2020-05-20;"Žilinský kraj";0;0;0;0;NA;108235;0;2020-05-20;179
2020-05-19;"Žilinský kraj";1;0;0;0;NA;108235;1;2020-05-19;179
2020-05-17;"Žilinský kraj";0;0;0;0;NA;108235;0;2020-05-17;178
2020-05-16;"Žilinský kraj";0;0;0;0;NA;108235;0;2020-05-16;178
2020-05-15;"Žilinský kraj";0;0;0;0;NA;108235;0;2020-05-15;178
2020-05-14;"Žilinský kraj";0;0;0;0;NA;108235;0;2020-05-14;178
2020-05-13;"Žilinský kraj";0;0;0;0;NA;108235;0;2020-05-13;178
2020-05-12;"Žilinský kraj";0;0;0;0;NA;108235;0;2020-05-12;178
2020-05-11;"Žilinský kraj";0;0;0;0;NA;108235;0;2020-05-11;178
2020-05-09;"Žilinský kraj";0;0;0;0;NA;108235;0;2020-05-09;178
2020-05-07;"Žilinský kraj";0;0;0;0;NA;108235;0;2020-05-07;178
2020-05-06;"Žilinský kraj";2;0;0;0;NA;108235;2;2020-05-06;178
2020-05-05;"Žilinský kraj";3;0;0;0;NA;108235;3;2020-05-05;176
2020-05-04;"Žilinský kraj";3;0;0;0;NA;108235;3;2020-05-04;173
2020-05-03;"Žilinský kraj";1;0;0;0;NA;108235;1;2020-05-03;170
2020-05-02;"Žilinský kraj";0;0;0;0;NA;108235;0;2020-05-02;169
2020-05-01;"Žilinský kraj";1;0;0;0;NA;108235;1;2020-05-01;169
2020-04-30;"Žilinský kraj";0;0;0;0;NA;108235;0;2020-04-30;168
2020-04-29;"Žilinský kraj";0;0;0;0;NA;108235;0;2020-04-29;168
2020-04-28;"Žilinský kraj";0;0;0;0;NA;108235;0;2020-04-28;168
2020-04-27;"Žilinský kraj";0;0;0;0;NA;108235;0;2020-04-27;168
2020-04-26;"Žilinský kraj";0;0;0;0;NA;108235;0;2020-04-26;168
2020-04-25;"Žilinský kraj";2;0;0;0;NA;108235;2;2020-04-25;168
2020-04-24;"Žilinský kraj";1;0;0;0;NA;108235;1;2020-04-24;166
2020-04-23;"Žilinský kraj";2;0;0;0;NA;108235;2;2020-04-23;165
2020-04-22;"Žilinský kraj";9;0;0;0;NA;108235;9;2020-04-22;163
2020-04-21;"Žilinský kraj";1;0;0;0;NA;108235;1;2020-04-21;154
2020-04-20;"Žilinský kraj";4;0;0;0;NA;108235;4;2020-04-20;153
2020-04-19;"Žilinský kraj";0;0;0;0;NA;108235;0;2020-04-19;149
2020-04-18;"Žilinský kraj";49;0;0;0;NA;108235;49;2020-04-18;149
2020-04-17;"Žilinský kraj";3;0;0;0;NA;108235;3;2020-04-17;100
2020-04-16;"Žilinský kraj";4;0;0;0;NA;108235;4;2020-04-16;97
2020-04-15;"Žilinský kraj";7;0;0;0;NA;108235;7;2020-04-15;93
2020-04-14;"Žilinský kraj";1;0;0;0;NA;108235;1;2020-04-14;86
2020-04-13;"Žilinský kraj";2;0;0;0;NA;108235;2;2020-04-13;85
2020-04-12;"Žilinský kraj";5;0;0;0;NA;108235;5;2020-04-12;83
2020-04-11;"Žilinský kraj";2;0;0;0;NA;108235;2;2020-04-11;78
2020-04-10;"Žilinský kraj";1;0;0;0;NA;108235;1;2020-04-10;76
2020-04-09;"Žilinský kraj";1;0;0;0;NA;108235;1;2020-04-09;75
2020-04-08;"Žilinský kraj";3;0;0;0;NA;108235;3;2020-04-08;74
2020-04-07;"Žilinský kraj";5;0;0;0;NA;108235;5;2020-04-07;71
2020-04-06;"Žilinský kraj";6;0;0;0;NA;108235;6;2020-04-06;66
2020-04-05;"Žilinský kraj";8;0;0;0;NA;108235;8;2020-04-05;60
2020-04-04;"Žilinský kraj";0;0;0;0;NA;108235;0;2020-04-04;52
2020-04-03;"Žilinský kraj";3;0;0;0;NA;108235;3;2020-04-03;52
2020-04-02;"Žilinský kraj";5;0;0;0;NA;108235;5;2020-04-02;49
2020-04-01;"Žilinský kraj";4;0;0;0;NA;108235;4;2020-04-01;44
2020-03-31;"Žilinský kraj";1;0;0;0;NA;108235;1;2020-03-31;40
2020-03-30;"Žilinský kraj";3;0;0;0;NA;108235;3;2020-03-30;39
2020-03-29;"Žilinský kraj";0;0;0;0;NA;108235;0;2020-03-29;36
2020-03-28;"Žilinský kraj";1;0;0;0;NA;108235;1;2020-03-28;36
2020-03-27;"Žilinský kraj";9;0;0;0;NA;108235;9;2020-03-27;35
2020-03-26;"Žilinský kraj";4;0;0;0;NA;108235;4;2020-03-26;26
2020-03-25;"Žilinský kraj";1;0;0;0;NA;108235;1;2020-03-25;22
2020-03-24;"Žilinský kraj";2;0;0;0;NA;108235;2;2020-03-24;21
2020-03-23;"Žilinský kraj";3;0;0;0;NA;108235;3;2020-03-23;19
2020-03-22;"Žilinský kraj";1;0;0;0;NA;108235;1;2020-03-22;16
2020-03-21;"Žilinský kraj";2;0;0;0;NA;108235;2;2020-03-21;15
2020-03-20;"Žilinský kraj";4;0;0;0;NA;108235;4;2020-03-20;13
2020-03-19;"Žilinský kraj";2;0;0;0;NA;108235;2;2020-03-19;9
2020-03-18;"Žilinský kraj";1;0;0;0;NA;108235;1;2020-03-18;7
2020-03-17;"Žilinský kraj";5;0;0;0;NA;108235;5;2020-03-17;6
2020-03-16;"Žilinský kraj";1;0;0;0;NA;108235;1;2020-03-16;1
2020-03-15;"Žilinský kraj";2;0;0;0;NA;108235;2;2020-03-15;0
2020-03-14;"Žilinský kraj";1;0;0;0;NA;108235;1;2020-03-14;-2
2020-03-13;"Žilinský kraj";5;0;0;0;NA;108235;5;2020-03-13;-3
2020-03-12;"Žilinský kraj";1;0;0;0;NA;108235;1;2020-03-12;-8
2020-03-11;"Žilinský kraj";0;0;0;0;NA;108235;0;2020-03-11;-9
2020-03-09;"Žilinský kraj";1;0;0;0;NA;108235;1;2020-03-09;-9
2020-03-08;"Žilinský kraj";0;0;0;0;NA;108235;0;2020-03-08;-10
2020-03-07;"Žilinský kraj";0;0;0;0;NA;108235;0;2020-03-07;-10
2020-03-06;"Žilinský kraj";0;0;0;0;NA;108235;0;2020-03-06;-10
