"Datum";"Region";"PCR_Pos";"Ag_Neg";"Ag_Pos";"Total";"Pocet.potvrdenych";"Potvrdenych";"newcases";"date";"positive"
2021-04-13;"Banskobystrický kraj";130;18217;59;18276;36216;78887;189;2021-04-13;78887
2021-04-12;"Banskobystrický kraj";60;32204;130;32334;NA;78887;190;2021-04-12;78698
2021-04-11;"Banskobystrický kraj";0;40748;88;40836;NA;78887;88;2021-04-11;78508
2021-04-10;"Banskobystrický kraj";56;63957;139;64096;NA;78887;195;2021-04-10;78420
2021-04-09;"Banskobystrický kraj";106;31387;118;31505;NA;78887;224;2021-04-09;78225
2021-04-08;"Banskobystrický kraj";132;18605;107;18712;NA;78887;239;2021-04-08;78001
2021-04-07;"Banskobystrický kraj";226;24938;94;25032;NA;78887;320;2021-04-07;77762
2021-04-06;"Banskobystrický kraj";93;42360;187;42547;NA;78887;280;2021-04-06;77442
2021-04-05;"Banskobystrický kraj";15;11797;87;11884;NA;78887;102;2021-04-05;77162
2021-04-04;"Banskobystrický kraj";24;19524;78;19602;NA;78887;102;2021-04-04;77060
2021-04-03;"Banskobystrický kraj";5;71600;211;71811;NA;78887;216;2021-04-03;76958
2021-04-02;"Banskobystrický kraj";71;13488;66;13554;NA;78887;137;2021-04-02;76742
2021-04-01;"Banskobystrický kraj";171;38873;200;39073;NA;78887;371;2021-04-01;76605
2021-03-31;"Banskobystrický kraj";147;25543;161;25704;NA;78887;308;2021-03-31;76234
2021-03-30;"Banskobystrický kraj";167;21436;159;21595;NA;78887;326;2021-03-30;75926
2021-03-29;"Banskobystrický kraj";119;29551;218;29769;NA;78887;337;2021-03-29;75600
2021-03-28;"Banskobystrický kraj";25;40163;187;40350;NA;78887;212;2021-03-28;75263
2021-03-27;"Banskobystrický kraj";85;63806;255;64061;NA;78887;340;2021-03-27;75051
2021-03-26;"Banskobystrický kraj";122;43397;240;43637;NA;78887;362;2021-03-26;74711
2021-03-25;"Banskobystrický kraj";120;21339;239;21578;NA;78887;359;2021-03-25;74349
2021-03-24;"Banskobystrický kraj";200;19321;225;19546;NA;78887;425;2021-03-24;73990
2021-03-23;"Banskobystrický kraj";241;21352;257;21609;NA;78887;498;2021-03-23;73565
2021-03-22;"Banskobystrický kraj";65;30412;274;30686;NA;78887;339;2021-03-22;73067
2021-03-21;"Banskobystrický kraj";31;39836;280;40116;NA;78887;311;2021-03-21;72728
2021-03-20;"Banskobystrický kraj";119;67048;380;67428;NA;78887;499;2021-03-20;72417
2021-03-19;"Banskobystrický kraj";240;44043;301;44344;NA;78887;541;2021-03-19;71918
2021-03-18;"Banskobystrický kraj";160;21727;273;22000;NA;78887;433;2021-03-18;71377
2021-03-17;"Banskobystrický kraj";262;21558;245;21803;NA;78887;507;2021-03-17;70944
2021-03-16;"Banskobystrický kraj";340;23605;224;23829;NA;78887;564;2021-03-16;70437
2021-03-15;"Banskobystrický kraj";95;31129;364;31493;NA;78887;459;2021-03-15;69873
2021-03-14;"Banskobystrický kraj";39;40322;229;40551;NA;78887;268;2021-03-14;69414
2021-03-13;"Banskobystrický kraj";209;66359;391;66750;NA;78887;600;2021-03-13;69146
2021-03-12;"Banskobystrický kraj";206;41489;330;41819;NA;78887;536;2021-03-12;68546
2021-03-11;"Banskobystrický kraj";228;21337;272;21609;NA;78887;500;2021-03-11;68010
2021-03-10;"Banskobystrický kraj";260;20381;238;20619;NA;78887;498;2021-03-10;67510
2021-03-09;"Banskobystrický kraj";352;21790;284;22074;NA;78887;636;2021-03-09;67012
2021-03-08;"Banskobystrický kraj";191;31483;427;31910;NA;78887;618;2021-03-08;66376
2021-03-07;"Banskobystrický kraj";60;38878;295;39173;NA;78887;355;2021-03-07;65758
2021-03-06;"Banskobystrický kraj";164;69938;410;70348;NA;78887;574;2021-03-06;65403
2021-03-05;"Banskobystrický kraj";221;42137;388;42525;NA;78887;609;2021-03-05;64829
2021-03-04;"Banskobystrický kraj";226;21607;334;21941;NA;78887;560;2021-03-04;64220
2021-03-03;"Banskobystrický kraj";317;21948;331;22279;NA;78887;648;2021-03-03;63660
2021-03-02;"Banskobystrický kraj";291;22602;354;22956;NA;78887;645;2021-03-02;63012
2021-03-01;"Banskobystrický kraj";151;31773;434;32207;NA;78887;585;2021-03-01;62367
2021-02-28;"Banskobystrický kraj";45;38313;336;38649;NA;78887;381;2021-02-28;61782
2021-02-27;"Banskobystrický kraj";289;66106;524;66630;NA;78887;813;2021-02-27;61401
2021-02-26;"Banskobystrický kraj";326;39551;468;40019;NA;78887;794;2021-02-26;60588
2021-02-25;"Banskobystrický kraj";375;17767;368;18135;NA;78887;743;2021-02-25;59794
2021-02-24;"Banskobystrický kraj";332;16760;374;17134;NA;78887;706;2021-02-24;59051
2021-02-23;"Banskobystrický kraj";462;19527;439;19966;NA;78887;901;2021-02-23;58345
2021-02-22;"Banskobystrický kraj";67;28684;601;29285;NA;78887;668;2021-02-22;57444
2021-02-21;"Banskobystrický kraj";68;37464;437;37901;NA;78887;505;2021-02-21;56776
2021-02-20;"Banskobystrický kraj";280;68890;599;69489;NA;78887;879;2021-02-20;56271
2021-02-19;"Banskobystrický kraj";420;39666;513;40179;NA;78887;933;2021-02-19;55392
2021-02-18;"Banskobystrický kraj";241;18661;398;19059;NA;78887;639;2021-02-18;54459
2021-02-17;"Banskobystrický kraj";415;16338;389;16727;NA;78887;804;2021-02-17;53820
2021-02-16;"Banskobystrický kraj";338;19955;369;20324;NA;78887;707;2021-02-16;53016
2021-02-15;"Banskobystrický kraj";118;35844;591;36435;NA;78887;709;2021-02-15;52309
2021-02-14;"Banskobystrický kraj";60;31894;386;32280;NA;78887;446;2021-02-14;51600
2021-02-13;"Banskobystrický kraj";202;53554;490;54044;NA;78887;692;2021-02-13;51154
2021-02-12;"Banskobystrický kraj";312;36620;533;37153;NA;78887;845;2021-02-12;50462
2021-02-11;"Banskobystrický kraj";305;20743;384;21127;NA;78887;689;2021-02-11;49617
2021-02-10;"Banskobystrický kraj";333;14790;344;15134;NA;78887;677;2021-02-10;48928
2021-02-09;"Banskobystrický kraj";329;18637;362;18999;NA;78887;691;2021-02-09;48251
2021-02-08;"Banskobystrický kraj";103;47426;675;48101;NA;78887;778;2021-02-08;47560
2021-02-07;"Banskobystrický kraj";70;36488;329;36817;NA;78887;399;2021-02-07;46782
2021-02-06;"Banskobystrický kraj";178;69655;570;70225;NA;78887;748;2021-02-06;46383
2021-02-05;"Banskobystrický kraj";282;24252;360;24612;NA;78887;642;2021-02-05;45635
2021-02-04;"Banskobystrický kraj";240;13393;429;13822;NA;78887;669;2021-02-04;44993
2021-02-03;"Banskobystrický kraj";350;9313;253;9566;NA;78887;603;2021-02-03;44324
2021-02-02;"Banskobystrický kraj";277;16050;338;16388;NA;78887;615;2021-02-02;43721
2021-02-01;"Banskobystrický kraj";75;24677;495;25172;NA;78887;570;2021-02-01;43106
2021-01-31;"Banskobystrický kraj";34;36111;302;36413;NA;78887;336;2021-01-31;42536
2021-01-30;"Banskobystrický kraj";163;49490;430;49920;NA;78887;593;2021-01-30;42200
2021-01-29;"Banskobystrický kraj";196;16974;269;17243;NA;78887;465;2021-01-29;41607
2021-01-28;"Banskobystrický kraj";218;14013;362;14375;NA;78887;580;2021-01-28;41142
2021-01-27;"Banskobystrický kraj";191;10775;203;10978;NA;78887;394;2021-01-27;40562
2021-01-26;"Banskobystrický kraj";238;19616;283;19899;NA;78887;521;2021-01-26;40168
2021-01-25;"Banskobystrický kraj";82;33456;412;33868;NA;78887;494;2021-01-25;39647
2021-01-24;"Banskobystrický kraj";38;35327;277;35604;NA;78887;315;2021-01-24;39153
2021-01-23;"Banskobystrický kraj";142;83829;506;84335;NA;78887;648;2021-01-23;38838
2021-01-22;"Banskobystrický kraj";175;27176;359;27535;NA;78887;534;2021-01-22;38190
2021-01-21;"Banskobystrický kraj";194;16592;285;16877;NA;78887;479;2021-01-21;37656
2021-01-20;"Banskobystrický kraj";231;9148;188;9336;NA;78887;419;2021-01-20;37177
2021-01-19;"Banskobystrický kraj";213;10493;308;10801;NA;78887;521;2021-01-19;36758
2021-01-18;"Banskobystrický kraj";94;5870;349;6219;NA;78887;443;2021-01-18;36237
2021-01-17;"Banskobystrický kraj";110;8154;77;8231;NA;78887;187;2021-01-17;35794
2021-01-16;"Banskobystrický kraj";58;2274;57;2331;NA;78887;115;2021-01-16;35607
2021-01-15;"Banskobystrický kraj";164;7664;217;7881;NA;78887;381;2021-01-15;35492
2021-01-14;"Banskobystrický kraj";220;5760;325;6085;NA;78887;545;2021-01-14;35111
2021-01-13;"Banskobystrický kraj";235;5974;217;6191;NA;78887;452;2021-01-13;34566
2021-01-12;"Banskobystrický kraj";194;6808;299;7107;NA;78887;493;2021-01-12;34114
2021-01-11;"Banskobystrický kraj";76;8231;481;8712;NA;78887;557;2021-01-11;33621
2021-01-10;"Banskobystrický kraj";110;233;4;237;NA;78887;114;2021-01-10;33064
2021-01-09;"Banskobystrický kraj";297;2380;83;2463;NA;78887;380;2021-01-09;32950
2021-01-08;"Banskobystrický kraj";435;9677;443;10120;NA;78887;878;2021-01-08;32570
2021-01-07;"Banskobystrický kraj";127;6317;366;6683;NA;78887;493;2021-01-07;31692
2021-01-06;"Banskobystrický kraj";305;3124;185;3309;NA;78887;490;2021-01-06;31199
2021-01-05;"Banskobystrický kraj";372;7349;533;7882;NA;78887;905;2021-01-05;30709
2021-01-04;"Banskobystrický kraj";130;7083;700;7783;NA;78887;830;2021-01-04;29804
2021-01-03;"Banskobystrický kraj";199;320;19;339;NA;78887;218;2021-01-03;28974
2021-01-02;"Banskobystrický kraj";123;702;85;787;NA;78887;208;2021-01-02;28756
2021-01-01;"Banskobystrický kraj";220;1958;132;2090;NA;78887;352;2021-01-01;28548
2020-12-31;"Banskobystrický kraj";499;7378;633;8011;NA;78887;1132;2020-12-31;28196
2020-12-30;"Banskobystrický kraj";593;7670;557;8227;NA;78887;1150;2020-12-30;27064
2020-12-29;"Banskobystrický kraj";240;7955;664;8619;NA;78887;904;2020-12-29;25914
2020-12-28;"Banskobystrický kraj";131;6098;711;6809;NA;78887;842;2020-12-28;25010
2020-12-27;"Banskobystrický kraj";116;541;25;566;NA;78887;141;2020-12-27;24168
2020-12-26;"Banskobystrický kraj";61;295;35;330;NA;78887;96;2020-12-26;24027
2020-12-25;"Banskobystrický kraj";65;313;10;323;NA;78887;75;2020-12-25;23931
2020-12-24;"Banskobystrický kraj";452;3685;135;3820;NA;78887;587;2020-12-24;23856
2020-12-23;"Banskobystrický kraj";368;10116;507;10623;NA;78887;875;2020-12-23;23269
2020-12-22;"Banskobystrický kraj";307;8449;624;9073;NA;78887;931;2020-12-22;22394
2020-12-21;"Banskobystrický kraj";286;4896;448;5344;NA;78887;734;2020-12-21;21463
2020-12-20;"Banskobystrický kraj";155;249;14;263;NA;78887;169;2020-12-20;20729
2020-12-19;"Banskobystrický kraj";170;3059;138;3197;NA;78887;308;2020-12-19;20560
2020-12-18;"Banskobystrický kraj";432;5965;324;6289;NA;78887;756;2020-12-18;20252
2020-12-17;"Banskobystrický kraj";468;8714;656;9370;NA;78887;1124;2020-12-17;19496
2020-12-16;"Banskobystrický kraj";379;10202;560;10762;NA;78887;939;2020-12-16;18372
2020-12-15;"Banskobystrický kraj";336;5425;433;5858;NA;78887;769;2020-12-15;17433
2020-12-14;"Banskobystrický kraj";148;3897;259;4156;NA;78887;407;2020-12-14;16664
2020-12-13;"Banskobystrický kraj";122;142;1;143;NA;78887;123;2020-12-13;16257
2020-12-12;"Banskobystrický kraj";137;2714;138;2852;NA;78887;275;2020-12-12;16134
2020-12-11;"Banskobystrický kraj";468;6587;374;6961;NA;78887;842;2020-12-11;15859
2020-12-10;"Banskobystrický kraj";280;5204;355;5559;NA;78887;635;2020-12-10;15017
2020-12-09;"Banskobystrický kraj";323;3850;213;4063;NA;78887;536;2020-12-09;14382
2020-12-08;"Banskobystrický kraj";256;3787;276;4063;NA;78887;532;2020-12-08;13846
2020-12-07;"Banskobystrický kraj";175;2380;156;2536;NA;78887;331;2020-12-07;13314
2020-12-06;"Banskobystrický kraj";121;507;11;518;NA;78887;132;2020-12-06;12983
2020-12-05;"Banskobystrický kraj";109;1099;34;1133;NA;78887;143;2020-12-05;12851
2020-12-04;"Banskobystrický kraj";339;3828;174;4002;NA;78887;513;2020-12-04;12708
2020-12-03;"Banskobystrický kraj";240;3193;234;3427;NA;78887;474;2020-12-03;12195
2020-12-02;"Banskobystrický kraj";217;4442;186;4628;NA;78887;403;2020-12-02;11721
2020-12-01;"Banskobystrický kraj";215;2702;134;2836;NA;78887;349;2020-12-01;11318
2020-11-30;"Banskobystrický kraj";74;4484;257;4741;NA;78887;331;2020-11-30;10969
2020-11-29;"Banskobystrický kraj";19;111;4;115;NA;78887;23;2020-11-29;10638
2020-11-28;"Banskobystrický kraj";81;1279;48;1327;NA;78887;129;2020-11-28;10615
2020-11-27;"Banskobystrický kraj";219;1930;120;2050;NA;78887;339;2020-11-27;10486
2020-11-26;"Banskobystrický kraj";208;1867;91;1958;NA;78887;299;2020-11-26;10147
2020-11-25;"Banskobystrický kraj";170;1825;84;1909;NA;78887;254;2020-11-25;9848
2020-11-24;"Banskobystrický kraj";166;2262;67;2329;NA;78887;233;2020-11-24;9594
2020-11-23;"Banskobystrický kraj";66;9948;191;10139;NA;78887;257;2020-11-23;9361
2020-11-22;"Banskobystrický kraj";38;104;1;105;NA;78887;39;2020-11-22;9104
2020-11-21;"Banskobystrický kraj";52;904;14;918;NA;78887;66;2020-11-21;9065
2020-11-20;"Banskobystrický kraj";127;1872;105;1977;NA;78887;232;2020-11-20;8999
2020-11-19;"Banskobystrický kraj";170;1112;82;1194;NA;78887;252;2020-11-19;8767
2020-11-18;"Banskobystrický kraj";153;587;62;649;NA;78887;215;2020-11-18;8515
2020-11-17;"Banskobystrický kraj";52;578;35;613;NA;78887;87;2020-11-17;8300
2020-11-16;"Banskobystrický kraj";106;425;25;450;NA;78887;131;2020-11-16;8213
2020-11-15;"Banskobystrický kraj";52;301;4;305;NA;78887;56;2020-11-15;8082
2020-11-14;"Banskobystrický kraj";73;305;2;307;NA;78887;75;2020-11-14;8026
2020-11-13;"Banskobystrický kraj";157;552;11;563;NA;78887;168;2020-11-13;7951
2020-11-12;"Banskobystrický kraj";218;952;44;996;NA;78887;262;2020-11-12;7783
2020-11-11;"Banskobystrický kraj";224;437;9;446;NA;78887;233;2020-11-11;7521
2020-11-10;"Banskobystrický kraj";263;463;18;481;NA;78887;281;2020-11-10;7288
2020-11-09;"Banskobystrický kraj";80;2678;31;2709;NA;78887;111;2020-11-09;7007
2020-11-08;"Banskobystrický kraj";82;981;16;997;NA;78887;98;2020-11-08;6896
2020-11-07;"Banskobystrický kraj";164;8828;94;8922;NA;78887;258;2020-11-07;6798
2020-11-06;"Banskobystrický kraj";227;2496;16;2512;NA;78887;243;2020-11-06;6540
2020-11-05;"Banskobystrický kraj";240;290;33;323;NA;78887;273;2020-11-05;6297
2020-11-04;"Banskobystrický kraj";254;1366;13;1379;NA;78887;267;2020-11-04;6024
2020-11-03;"Banskobystrický kraj";246;1332;4;1336;NA;78887;250;2020-11-03;5757
2020-11-02;"Banskobystrický kraj";90;2909;65;2974;NA;78887;155;2020-11-02;5507
2020-11-01;"Banskobystrický kraj";101;2671;42;2713;NA;78887;143;2020-11-01;5352
2020-10-31;"Banskobystrický kraj";199;13516;116;13632;NA;78887;315;2020-10-31;5209
2020-10-30;"Banskobystrický kraj";254;2829;20;2849;NA;78887;274;2020-10-30;4894
2020-10-29;"Banskobystrický kraj";372;969;42;1011;NA;78887;414;2020-10-29;4620
2020-10-28;"Banskobystrický kraj";285;302;30;332;NA;78887;315;2020-10-28;4206
2020-10-27;"Banskobystrický kraj";266;654;40;694;NA;78887;306;2020-10-27;3891
2020-10-26;"Banskobystrický kraj";38;234;29;263;NA;78887;67;2020-10-26;3585
2020-10-25;"Banskobystrický kraj";50;140;11;151;NA;78887;61;2020-10-25;3518
2020-10-24;"Banskobystrický kraj";315;114;12;126;NA;78887;327;2020-10-24;3457
2020-10-23;"Banskobystrický kraj";231;230;29;259;NA;78887;260;2020-10-23;3130
2020-10-22;"Banskobystrický kraj";264;253;24;277;NA;78887;288;2020-10-22;2870
2020-10-21;"Banskobystrický kraj";209;266;3;269;NA;78887;212;2020-10-21;2582
2020-10-20;"Banskobystrický kraj";210;66;3;69;NA;78887;213;2020-10-20;2370
2020-10-19;"Banskobystrický kraj";27;73;12;85;NA;78887;39;2020-10-19;2157
2020-10-18;"Banskobystrický kraj";49;0;0;0;NA;78887;49;2020-10-18;2118
2020-10-17;"Banskobystrický kraj";91;0;0;0;NA;78887;91;2020-10-17;2069
2020-10-16;"Banskobystrický kraj";224;37;3;40;NA;78887;227;2020-10-16;1978
2020-10-15;"Banskobystrický kraj";133;29;1;30;NA;78887;134;2020-10-15;1751
2020-10-14;"Banskobystrický kraj";139;31;1;32;NA;78887;140;2020-10-14;1617
2020-10-13;"Banskobystrický kraj";151;169;11;180;NA;78887;162;2020-10-13;1477
2020-10-12;"Banskobystrický kraj";11;110;4;114;NA;78887;15;2020-10-12;1315
2020-10-11;"Banskobystrický kraj";14;0;0;0;NA;78887;14;2020-10-11;1300
2020-10-10;"Banskobystrický kraj";53;0;0;0;NA;78887;53;2020-10-10;1286
2020-10-09;"Banskobystrický kraj";128;0;0;0;NA;78887;128;2020-10-09;1233
2020-10-08;"Banskobystrický kraj";99;0;0;0;NA;78887;99;2020-10-08;1105
2020-10-07;"Banskobystrický kraj";124;0;0;0;NA;78887;124;2020-10-07;1006
2020-10-06;"Banskobystrický kraj";68;0;0;0;NA;78887;68;2020-10-06;882
2020-10-05;"Banskobystrický kraj";49;0;0;0;NA;78887;49;2020-10-05;814
2020-10-04;"Banskobystrický kraj";8;0;0;0;NA;78887;8;2020-10-04;765
2020-10-03;"Banskobystrický kraj";37;0;0;0;NA;78887;37;2020-10-03;757
2020-10-02;"Banskobystrický kraj";74;0;0;0;NA;78887;74;2020-10-02;720
2020-10-01;"Banskobystrický kraj";49;0;0;0;NA;78887;49;2020-10-01;646
2020-09-30;"Banskobystrický kraj";60;0;0;0;NA;78887;60;2020-09-30;597
2020-09-29;"Banskobystrický kraj";24;0;0;0;NA;78887;24;2020-09-29;537
2020-09-28;"Banskobystrický kraj";0;0;0;0;NA;78887;0;2020-09-28;513
2020-09-27;"Banskobystrický kraj";20;0;0;0;NA;78887;20;2020-09-27;513
2020-09-26;"Banskobystrický kraj";24;0;0;0;NA;78887;24;2020-09-26;493
2020-09-25;"Banskobystrický kraj";29;0;0;0;NA;78887;29;2020-09-25;469
2020-09-24;"Banskobystrický kraj";25;0;0;0;NA;78887;25;2020-09-24;440
2020-09-23;"Banskobystrický kraj";17;0;0;0;NA;78887;17;2020-09-23;415
2020-09-22;"Banskobystrický kraj";25;0;0;0;NA;78887;25;2020-09-22;398
2020-09-21;"Banskobystrický kraj";3;0;0;0;NA;78887;3;2020-09-21;373
2020-09-20;"Banskobystrický kraj";0;0;0;0;NA;78887;0;2020-09-20;370
2020-09-19;"Banskobystrický kraj";3;0;0;0;NA;78887;3;2020-09-19;370
2020-09-18;"Banskobystrický kraj";24;0;0;0;NA;78887;24;2020-09-18;367
2020-09-17;"Banskobystrický kraj";14;0;0;0;NA;78887;14;2020-09-17;343
2020-09-16;"Banskobystrický kraj";6;0;0;0;NA;78887;6;2020-09-16;329
2020-09-15;"Banskobystrický kraj";2;0;0;0;NA;78887;2;2020-09-15;323
2020-09-14;"Banskobystrický kraj";13;0;0;0;NA;78887;13;2020-09-14;321
2020-09-13;"Banskobystrický kraj";1;0;0;0;NA;78887;1;2020-09-13;308
2020-09-12;"Banskobystrický kraj";5;0;0;0;NA;78887;5;2020-09-12;307
2020-09-11;"Banskobystrický kraj";19;0;0;0;NA;78887;19;2020-09-11;302
2020-09-10;"Banskobystrický kraj";11;0;0;0;NA;78887;11;2020-09-10;283
2020-09-09;"Banskobystrický kraj";13;0;0;0;NA;78887;13;2020-09-09;272
2020-09-08;"Banskobystrický kraj";5;0;0;0;NA;78887;5;2020-09-08;259
2020-09-07;"Banskobystrický kraj";2;0;0;0;NA;78887;2;2020-09-07;254
2020-09-06;"Banskobystrický kraj";0;0;0;0;NA;78887;0;2020-09-06;252
2020-09-05;"Banskobystrický kraj";0;0;0;0;NA;78887;0;2020-09-05;252
2020-09-04;"Banskobystrický kraj";9;0;0;0;NA;78887;9;2020-09-04;252
2020-09-03;"Banskobystrický kraj";5;0;0;0;NA;78887;5;2020-09-03;243
2020-09-02;"Banskobystrický kraj";6;0;0;0;NA;78887;6;2020-09-02;238
2020-09-01;"Banskobystrický kraj";2;0;0;0;NA;78887;2;2020-09-01;232
2020-08-31;"Banskobystrický kraj";6;0;0;0;NA;78887;6;2020-08-31;230
2020-08-30;"Banskobystrický kraj";0;0;0;0;NA;78887;0;2020-08-30;224
2020-08-29;"Banskobystrický kraj";1;0;0;0;NA;78887;1;2020-08-29;224
2020-08-28;"Banskobystrický kraj";3;0;0;0;NA;78887;3;2020-08-28;223
2020-08-27;"Banskobystrický kraj";1;0;0;0;NA;78887;1;2020-08-27;220
2020-08-26;"Banskobystrický kraj";2;0;0;0;NA;78887;2;2020-08-26;219
2020-08-25;"Banskobystrický kraj";2;0;0;0;NA;78887;2;2020-08-25;217
2020-08-24;"Banskobystrický kraj";0;0;0;0;NA;78887;0;2020-08-24;215
2020-08-23;"Banskobystrický kraj";0;0;0;0;NA;78887;0;2020-08-23;215
2020-08-22;"Banskobystrický kraj";0;0;0;0;NA;78887;0;2020-08-22;215
2020-08-21;"Banskobystrický kraj";4;0;0;0;NA;78887;4;2020-08-21;215
2020-08-20;"Banskobystrický kraj";1;0;0;0;NA;78887;1;2020-08-20;211
2020-08-19;"Banskobystrický kraj";4;0;0;0;NA;78887;4;2020-08-19;210
2020-08-18;"Banskobystrický kraj";0;0;0;0;NA;78887;0;2020-08-18;206
2020-08-17;"Banskobystrický kraj";1;0;0;0;NA;78887;1;2020-08-17;206
2020-08-16;"Banskobystrický kraj";0;0;0;0;NA;78887;0;2020-08-16;205
2020-08-15;"Banskobystrický kraj";0;0;0;0;NA;78887;0;2020-08-15;205
2020-08-14;"Banskobystrický kraj";5;0;0;0;NA;78887;5;2020-08-14;205
2020-08-13;"Banskobystrický kraj";0;0;0;0;NA;78887;0;2020-08-13;200
2020-08-12;"Banskobystrický kraj";0;0;0;0;NA;78887;0;2020-08-12;200
2020-08-11;"Banskobystrický kraj";2;0;0;0;NA;78887;2;2020-08-11;200
2020-08-10;"Banskobystrický kraj";3;0;0;0;NA;78887;3;2020-08-10;198
2020-08-09;"Banskobystrický kraj";0;0;0;0;NA;78887;0;2020-08-09;195
2020-08-08;"Banskobystrický kraj";2;0;0;0;NA;78887;2;2020-08-08;195
2020-08-07;"Banskobystrický kraj";1;0;0;0;NA;78887;1;2020-08-07;193
2020-08-06;"Banskobystrický kraj";1;0;0;0;NA;78887;1;2020-08-06;192
2020-08-05;"Banskobystrický kraj";0;0;0;0;NA;78887;0;2020-08-05;191
2020-08-04;"Banskobystrický kraj";3;0;0;0;NA;78887;3;2020-08-04;191
2020-08-03;"Banskobystrický kraj";0;0;0;0;NA;78887;0;2020-08-03;188
2020-08-02;"Banskobystrický kraj";0;0;0;0;NA;78887;0;2020-08-02;188
2020-08-01;"Banskobystrický kraj";1;0;0;0;NA;78887;1;2020-08-01;188
2020-07-31;"Banskobystrický kraj";2;0;0;0;NA;78887;2;2020-07-31;187
2020-07-30;"Banskobystrický kraj";1;0;0;0;NA;78887;1;2020-07-30;185
2020-07-29;"Banskobystrický kraj";0;0;0;0;NA;78887;0;2020-07-29;184
2020-07-28;"Banskobystrický kraj";2;0;0;0;NA;78887;2;2020-07-28;184
2020-07-27;"Banskobystrický kraj";3;0;0;0;NA;78887;3;2020-07-27;182
2020-07-26;"Banskobystrický kraj";0;0;0;0;NA;78887;0;2020-07-26;179
2020-07-25;"Banskobystrický kraj";0;0;0;0;NA;78887;0;2020-07-25;179
2020-07-24;"Banskobystrický kraj";9;0;0;0;NA;78887;9;2020-07-24;179
2020-07-23;"Banskobystrický kraj";0;0;0;0;NA;78887;0;2020-07-23;170
2020-07-22;"Banskobystrický kraj";3;0;0;0;NA;78887;3;2020-07-22;170
2020-07-21;"Banskobystrický kraj";3;0;0;0;NA;78887;3;2020-07-21;167
2020-07-20;"Banskobystrický kraj";1;0;0;0;NA;78887;1;2020-07-20;164
2020-07-19;"Banskobystrický kraj";1;0;0;0;NA;78887;1;2020-07-19;163
2020-07-18;"Banskobystrický kraj";0;0;0;0;NA;78887;0;2020-07-18;162
2020-07-17;"Banskobystrický kraj";2;0;0;0;NA;78887;2;2020-07-17;162
2020-07-16;"Banskobystrický kraj";1;0;0;0;NA;78887;1;2020-07-16;160
2020-07-15;"Banskobystrický kraj";4;0;0;0;NA;78887;4;2020-07-15;159
2020-07-14;"Banskobystrický kraj";2;0;0;0;NA;78887;2;2020-07-14;155
2020-07-13;"Banskobystrický kraj";1;0;0;0;NA;78887;1;2020-07-13;153
2020-07-12;"Banskobystrický kraj";0;0;0;0;NA;78887;0;2020-07-12;152
2020-07-11;"Banskobystrický kraj";0;0;0;0;NA;78887;0;2020-07-11;152
2020-07-10;"Banskobystrický kraj";3;0;0;0;NA;78887;3;2020-07-10;152
2020-07-09;"Banskobystrický kraj";9;0;0;0;NA;78887;9;2020-07-09;149
2020-07-08;"Banskobystrický kraj";0;0;0;0;NA;78887;0;2020-07-08;140
2020-07-07;"Banskobystrický kraj";4;0;0;0;NA;78887;4;2020-07-07;140
2020-07-06;"Banskobystrický kraj";0;0;0;0;NA;78887;0;2020-07-06;136
2020-07-05;"Banskobystrický kraj";0;0;0;0;NA;78887;0;2020-07-05;136
2020-07-04;"Banskobystrický kraj";1;0;0;0;NA;78887;1;2020-07-04;136
2020-07-03;"Banskobystrický kraj";4;0;0;0;NA;78887;4;2020-07-03;135
2020-07-02;"Banskobystrický kraj";0;0;0;0;NA;78887;0;2020-07-02;131
2020-07-01;"Banskobystrický kraj";1;0;0;0;NA;78887;1;2020-07-01;131
2020-06-30;"Banskobystrický kraj";0;0;0;0;NA;78887;0;2020-06-30;130
2020-06-29;"Banskobystrický kraj";0;0;0;0;NA;78887;0;2020-06-29;130
2020-06-28;"Banskobystrický kraj";0;0;0;0;NA;78887;0;2020-06-28;130
2020-06-27;"Banskobystrický kraj";0;0;0;0;NA;78887;0;2020-06-27;130
2020-06-26;"Banskobystrický kraj";0;0;0;0;NA;78887;0;2020-06-26;130
2020-06-25;"Banskobystrický kraj";1;0;0;0;NA;78887;1;2020-06-25;130
2020-06-24;"Banskobystrický kraj";0;0;0;0;NA;78887;0;2020-06-24;129
2020-06-23;"Banskobystrický kraj";6;0;0;0;NA;78887;6;2020-06-23;129
2020-06-22;"Banskobystrický kraj";0;0;0;0;NA;78887;0;2020-06-22;123
2020-06-21;"Banskobystrický kraj";0;0;0;0;NA;78887;0;2020-06-21;123
2020-06-20;"Banskobystrický kraj";0;0;0;0;NA;78887;0;2020-06-20;123
2020-06-19;"Banskobystrický kraj";2;0;0;0;NA;78887;2;2020-06-19;123
2020-06-18;"Banskobystrický kraj";10;0;0;0;NA;78887;10;2020-06-18;121
2020-06-17;"Banskobystrický kraj";1;0;0;0;NA;78887;1;2020-06-17;111
2020-06-16;"Banskobystrický kraj";0;0;0;0;NA;78887;0;2020-06-16;110
2020-06-14;"Banskobystrický kraj";2;0;0;0;NA;78887;2;2020-06-14;110
2020-06-13;"Banskobystrický kraj";2;0;0;0;NA;78887;2;2020-06-13;108
2020-06-12;"Banskobystrický kraj";0;0;0;0;NA;78887;0;2020-06-12;106
2020-06-11;"Banskobystrický kraj";1;0;0;0;NA;78887;1;2020-06-11;106
2020-06-10;"Banskobystrický kraj";0;0;0;0;NA;78887;0;2020-06-10;105
2020-06-09;"Banskobystrický kraj";0;0;0;0;NA;78887;0;2020-06-09;105
2020-06-08;"Banskobystrický kraj";0;0;0;0;NA;78887;0;2020-06-08;105
2020-06-07;"Banskobystrický kraj";0;0;0;0;NA;78887;0;2020-06-07;105
2020-06-05;"Banskobystrický kraj";2;0;0;0;NA;78887;2;2020-06-05;105
2020-06-03;"Banskobystrický kraj";0;0;0;0;NA;78887;0;2020-06-03;103
2020-06-02;"Banskobystrický kraj";0;0;0;0;NA;78887;0;2020-06-02;103
2020-05-31;"Banskobystrický kraj";0;0;0;0;NA;78887;0;2020-05-31;103
2020-05-29;"Banskobystrický kraj";0;0;0;0;NA;78887;0;2020-05-29;103
2020-05-27;"Banskobystrický kraj";1;0;0;0;NA;78887;1;2020-05-27;103
2020-05-26;"Banskobystrický kraj";0;0;0;0;NA;78887;0;2020-05-26;102
2020-05-25;"Banskobystrický kraj";0;0;0;0;NA;78887;0;2020-05-25;102
2020-05-24;"Banskobystrický kraj";0;0;0;0;NA;78887;0;2020-05-24;102
2020-05-23;"Banskobystrický kraj";1;0;0;0;NA;78887;1;2020-05-23;102
2020-05-22;"Banskobystrický kraj";0;0;0;0;NA;78887;0;2020-05-22;101
2020-05-21;"Banskobystrický kraj";0;0;0;0;NA;78887;0;2020-05-21;101
2020-05-20;"Banskobystrický kraj";1;0;0;0;NA;78887;1;2020-05-20;101
2020-05-19;"Banskobystrický kraj";0;0;0;0;NA;78887;0;2020-05-19;100
2020-05-17;"Banskobystrický kraj";0;0;0;0;NA;78887;0;2020-05-17;100
2020-05-16;"Banskobystrický kraj";0;0;0;0;NA;78887;0;2020-05-16;100
2020-05-15;"Banskobystrický kraj";0;0;0;0;NA;78887;0;2020-05-15;100
2020-05-14;"Banskobystrický kraj";0;0;0;0;NA;78887;0;2020-05-14;100
2020-05-13;"Banskobystrický kraj";0;0;0;0;NA;78887;0;2020-05-13;100
2020-05-12;"Banskobystrický kraj";1;0;0;0;NA;78887;1;2020-05-12;100
2020-05-11;"Banskobystrický kraj";0;0;0;0;NA;78887;0;2020-05-11;99
2020-05-09;"Banskobystrický kraj";0;0;0;0;NA;78887;0;2020-05-09;99
2020-05-07;"Banskobystrický kraj";2;0;0;0;NA;78887;2;2020-05-07;99
2020-05-06;"Banskobystrický kraj";1;0;0;0;NA;78887;1;2020-05-06;97
2020-05-05;"Banskobystrický kraj";2;0;0;0;NA;78887;2;2020-05-05;96
2020-05-04;"Banskobystrický kraj";0;0;0;0;NA;78887;0;2020-05-04;94
2020-05-03;"Banskobystrický kraj";0;0;0;0;NA;78887;0;2020-05-03;94
2020-05-02;"Banskobystrický kraj";0;0;0;0;NA;78887;0;2020-05-02;94
2020-05-01;"Banskobystrický kraj";0;0;0;0;NA;78887;0;2020-05-01;94
2020-04-30;"Banskobystrický kraj";1;0;0;0;NA;78887;1;2020-04-30;94
2020-04-29;"Banskobystrický kraj";1;0;0;0;NA;78887;1;2020-04-29;93
2020-04-28;"Banskobystrický kraj";0;0;0;0;NA;78887;0;2020-04-28;92
2020-04-27;"Banskobystrický kraj";0;0;0;0;NA;78887;0;2020-04-27;92
2020-04-26;"Banskobystrický kraj";0;0;0;0;NA;78887;0;2020-04-26;92
2020-04-25;"Banskobystrický kraj";2;0;0;0;NA;78887;2;2020-04-25;92
2020-04-24;"Banskobystrický kraj";3;0;0;0;NA;78887;3;2020-04-24;90
2020-04-23;"Banskobystrický kraj";2;0;0;0;NA;78887;2;2020-04-23;87
2020-04-22;"Banskobystrický kraj";2;0;0;0;NA;78887;2;2020-04-22;85
2020-04-21;"Banskobystrický kraj";2;0;0;0;NA;78887;2;2020-04-21;83
2020-04-20;"Banskobystrický kraj";0;0;0;0;NA;78887;0;2020-04-20;81
2020-04-19;"Banskobystrický kraj";0;0;0;0;NA;78887;0;2020-04-19;81
2020-04-18;"Banskobystrický kraj";8;0;0;0;NA;78887;8;2020-04-18;81
2020-04-17;"Banskobystrický kraj";2;0;0;0;NA;78887;2;2020-04-17;73
2020-04-16;"Banskobystrický kraj";0;0;0;0;NA;78887;0;2020-04-16;71
2020-04-15;"Banskobystrický kraj";10;0;0;0;NA;78887;10;2020-04-15;71
2020-04-14;"Banskobystrický kraj";0;0;0;0;NA;78887;0;2020-04-14;61
2020-04-13;"Banskobystrický kraj";2;0;0;0;NA;78887;2;2020-04-13;61
2020-04-12;"Banskobystrický kraj";4;0;0;0;NA;78887;4;2020-04-12;59
2020-04-11;"Banskobystrický kraj";1;0;0;0;NA;78887;1;2020-04-11;55
2020-04-10;"Banskobystrický kraj";0;0;0;0;NA;78887;0;2020-04-10;54
2020-04-09;"Banskobystrický kraj";2;0;0;0;NA;78887;2;2020-04-09;54
2020-04-08;"Banskobystrický kraj";0;0;0;0;NA;78887;0;2020-04-08;52
2020-04-07;"Banskobystrický kraj";4;0;0;0;NA;78887;4;2020-04-07;52
2020-04-06;"Banskobystrický kraj";10;0;0;0;NA;78887;10;2020-04-06;48
2020-04-05;"Banskobystrický kraj";9;0;0;0;NA;78887;9;2020-04-05;38
2020-04-04;"Banskobystrický kraj";0;0;0;0;NA;78887;0;2020-04-04;29
2020-04-03;"Banskobystrický kraj";2;0;0;0;NA;78887;2;2020-04-03;29
2020-04-02;"Banskobystrický kraj";2;0;0;0;NA;78887;2;2020-04-02;27
2020-04-01;"Banskobystrický kraj";5;0;0;0;NA;78887;5;2020-04-01;25
2020-03-31;"Banskobystrický kraj";3;0;0;0;NA;78887;3;2020-03-31;20
2020-03-30;"Banskobystrický kraj";1;0;0;0;NA;78887;1;2020-03-30;17
2020-03-29;"Banskobystrický kraj";2;0;0;0;NA;78887;2;2020-03-29;16
2020-03-28;"Banskobystrický kraj";1;0;0;0;NA;78887;1;2020-03-28;14
2020-03-27;"Banskobystrický kraj";1;0;0;0;NA;78887;1;2020-03-27;13
2020-03-26;"Banskobystrický kraj";1;0;0;0;NA;78887;1;2020-03-26;12
2020-03-25;"Banskobystrický kraj";0;0;0;0;NA;78887;0;2020-03-25;11
2020-03-24;"Banskobystrický kraj";1;0;0;0;NA;78887;1;2020-03-24;11
2020-03-23;"Banskobystrický kraj";1;0;0;0;NA;78887;1;2020-03-23;10
2020-03-22;"Banskobystrický kraj";0;0;0;0;NA;78887;0;2020-03-22;9
2020-03-21;"Banskobystrický kraj";3;0;0;0;NA;78887;3;2020-03-21;9
2020-03-20;"Banskobystrický kraj";0;0;0;0;NA;78887;0;2020-03-20;6
2020-03-19;"Banskobystrický kraj";2;0;0;0;NA;78887;2;2020-03-19;6
2020-03-18;"Banskobystrický kraj";1;0;0;0;NA;78887;1;2020-03-18;4
2020-03-17;"Banskobystrický kraj";1;0;0;0;NA;78887;1;2020-03-17;3
2020-03-16;"Banskobystrický kraj";0;0;0;0;NA;78887;0;2020-03-16;2
2020-03-15;"Banskobystrický kraj";1;0;0;0;NA;78887;1;2020-03-15;2
2020-03-14;"Banskobystrický kraj";0;0;0;0;NA;78887;0;2020-03-14;1
2020-03-13;"Banskobystrický kraj";1;0;0;0;NA;78887;1;2020-03-13;1
2020-03-12;"Banskobystrický kraj";0;0;0;0;NA;78887;0;2020-03-12;0
2020-03-11;"Banskobystrický kraj";0;0;0;0;NA;78887;0;2020-03-11;0
2020-03-09;"Banskobystrický kraj";0;0;0;0;NA;78887;0;2020-03-09;0
2020-03-08;"Banskobystrický kraj";0;0;0;0;NA;78887;0;2020-03-08;0
2020-03-07;"Banskobystrický kraj";0;0;0;0;NA;78887;0;2020-03-07;0
2020-03-06;"Banskobystrický kraj";0;0;0;0;NA;78887;0;2020-03-06;0
2021-04-13;"Bratislavský kraj";82;26292;61;26353;42942;86799;143;2021-04-13;86799
2021-04-12;"Bratislavský kraj";77;37176;99;37275;NA;86799;176;2021-04-12;86656
2021-04-11;"Bratislavský kraj";42;56367;122;56489;NA;86799;164;2021-04-11;86480
2021-04-10;"Bratislavský kraj";14;67033;152;67185;NA;86799;166;2021-04-10;86316
2021-04-09;"Bratislavský kraj";72;35745;84;35829;NA;86799;156;2021-04-09;86150
2021-04-08;"Bratislavský kraj";71;26162;78;26240;NA;86799;149;2021-04-08;85994
2021-04-07;"Bratislavský kraj";96;32330;85;32415;NA;86799;181;2021-04-07;85845
2021-04-06;"Bratislavský kraj";94;48760;151;48911;NA;86799;245;2021-04-06;85664
2021-04-05;"Bratislavský kraj";85;17017;79;17096;NA;86799;164;2021-04-05;85419
2021-04-04;"Bratislavský kraj";37;26969;72;27041;NA;86799;109;2021-04-04;85255
2021-04-03;"Bratislavský kraj";52;71522;208;71730;NA;86799;260;2021-04-03;85146
2021-04-02;"Bratislavský kraj";33;22158;96;22254;NA;86799;129;2021-04-02;84886
2021-04-01;"Bratislavský kraj";119;49337;132;49469;NA;86799;251;2021-04-01;84757
2021-03-31;"Bratislavský kraj";105;44074;148;44222;NA;86799;253;2021-03-31;84506
2021-03-30;"Bratislavský kraj";100;38585;142;38727;NA;86799;242;2021-03-30;84253
2021-03-29;"Bratislavský kraj";153;40546;178;40724;NA;86799;331;2021-03-29;84011
2021-03-28;"Bratislavský kraj";59;53341;137;53478;NA;86799;196;2021-03-28;83680
2021-03-27;"Bratislavský kraj";53;77771;236;78007;NA;86799;289;2021-03-27;83484
2021-03-26;"Bratislavský kraj";114;55610;190;55800;NA;86799;304;2021-03-26;83195
2021-03-25;"Bratislavský kraj";76;36175;170;36345;NA;86799;246;2021-03-25;82891
2021-03-24;"Bratislavský kraj";120;30072;200;30272;NA;86799;320;2021-03-24;82645
2021-03-23;"Bratislavský kraj";138;36073;189;36262;NA;86799;327;2021-03-23;82325
2021-03-22;"Bratislavský kraj";110;42187;218;42405;NA;86799;328;2021-03-22;81998
2021-03-21;"Bratislavský kraj";54;61297;212;61509;NA;86799;266;2021-03-21;81670
2021-03-20;"Bratislavský kraj";59;71618;226;71844;NA;86799;285;2021-03-20;81404
2021-03-19;"Bratislavský kraj";139;53793;255;54048;NA;86799;394;2021-03-19;81119
2021-03-18;"Bratislavský kraj";142;33856;190;34046;NA;86799;332;2021-03-18;80725
2021-03-17;"Bratislavský kraj";177;29916;210;30126;NA;86799;387;2021-03-17;80393
2021-03-16;"Bratislavský kraj";258;36130;282;36412;NA;86799;540;2021-03-16;80006
2021-03-15;"Bratislavský kraj";180;37238;251;37489;NA;86799;431;2021-03-15;79466
2021-03-14;"Bratislavský kraj";75;51470;270;51740;NA;86799;345;2021-03-14;79035
2021-03-13;"Bratislavský kraj";110;79295;327;79622;NA;86799;437;2021-03-13;78690
2021-03-12;"Bratislavský kraj";152;54260;300;54560;NA;86799;452;2021-03-12;78253
2021-03-11;"Bratislavský kraj";178;34648;281;34929;NA;86799;459;2021-03-11;77801
2021-03-10;"Bratislavský kraj";164;30611;273;30884;NA;86799;437;2021-03-10;77342
2021-03-09;"Bratislavský kraj";242;39154;267;39421;NA;86799;509;2021-03-09;76905
2021-03-08;"Bratislavský kraj";255;40466;342;40808;NA;86799;597;2021-03-08;76396
2021-03-07;"Bratislavský kraj";142;51537;290;51827;NA;86799;432;2021-03-07;75799
2021-03-06;"Bratislavský kraj";79;71458;413;71871;NA;86799;492;2021-03-06;75367
2021-03-05;"Bratislavský kraj";238;51388;306;51694;NA;86799;544;2021-03-05;74875
2021-03-04;"Bratislavský kraj";204;34442;342;34784;NA;86799;546;2021-03-04;74331
2021-03-03;"Bratislavský kraj";250;30009;354;30363;NA;86799;604;2021-03-03;73785
2021-03-02;"Bratislavský kraj";267;39736;394;40130;NA;86799;661;2021-03-02;73181
2021-03-01;"Bratislavský kraj";320;38279;434;38713;NA;86799;754;2021-03-01;72520
2021-02-28;"Bratislavský kraj";184;49725;320;50045;NA;86799;504;2021-02-28;71766
2021-02-27;"Bratislavský kraj";151;78721;468;79189;NA;86799;619;2021-02-27;71262
2021-02-26;"Bratislavský kraj";277;47566;409;47975;NA;86799;686;2021-02-26;70643
2021-02-25;"Bratislavský kraj";277;27924;404;28328;NA;86799;681;2021-02-25;69957
2021-02-24;"Bratislavský kraj";217;27176;427;27603;NA;86799;644;2021-02-24;69276
2021-02-23;"Bratislavský kraj";257;30790;389;31179;NA;86799;646;2021-02-23;68632
2021-02-22;"Bratislavský kraj";353;36311;491;36802;NA;86799;844;2021-02-22;67986
2021-02-21;"Bratislavský kraj";185;50102;379;50481;NA;86799;564;2021-02-21;67142
2021-02-20;"Bratislavský kraj";167;76746;563;77309;NA;86799;730;2021-02-20;66578
2021-02-19;"Bratislavský kraj";280;44959;417;45376;NA;86799;697;2021-02-19;65848
2021-02-18;"Bratislavský kraj";263;26672;385;27057;NA;86799;648;2021-02-18;65151
2021-02-17;"Bratislavský kraj";264;22335;321;22656;NA;86799;585;2021-02-17;64503
2021-02-16;"Bratislavský kraj";289;27522;350;27872;NA;86799;639;2021-02-16;63918
2021-02-15;"Bratislavský kraj";248;36601;391;36992;NA;86799;639;2021-02-15;63279
2021-02-14;"Bratislavský kraj";153;45008;324;45332;NA;86799;477;2021-02-14;62640
2021-02-13;"Bratislavský kraj";173;70114;529;70643;NA;86799;702;2021-02-13;62163
2021-02-12;"Bratislavský kraj";282;35474;332;35806;NA;86799;614;2021-02-12;61461
2021-02-11;"Bratislavský kraj";337;24124;289;24413;NA;86799;626;2021-02-11;60847
2021-02-10;"Bratislavský kraj";314;22750;353;23103;NA;86799;667;2021-02-10;60221
2021-02-09;"Bratislavský kraj";287;36052;453;36505;NA;86799;740;2021-02-09;59554
2021-02-08;"Bratislavský kraj";484;33468;401;33869;NA;86799;885;2021-02-08;58814
2021-02-07;"Bratislavský kraj";243;50382;430;50812;NA;86799;673;2021-02-07;57929
2021-02-06;"Bratislavský kraj";116;65118;530;65648;NA;86799;646;2021-02-06;57256
2021-02-05;"Bratislavský kraj";327;27423;376;27799;NA;86799;703;2021-02-05;56610
2021-02-04;"Bratislavský kraj";555;16331;350;16681;NA;86799;905;2021-02-04;55907
2021-02-03;"Bratislavský kraj";161;12936;358;13294;NA;86799;519;2021-02-03;55002
2021-02-02;"Bratislavský kraj";397;26902;485;27387;NA;86799;882;2021-02-02;54483
2021-02-01;"Bratislavský kraj";221;37667;507;38174;NA;86799;728;2021-02-01;53601
2021-01-31;"Bratislavský kraj";180;35621;425;36046;NA;86799;605;2021-01-31;52873
2021-01-30;"Bratislavský kraj";310;45888;499;46387;NA;86799;809;2021-01-30;52268
2021-01-29;"Bratislavský kraj";344;16341;341;16682;NA;86799;685;2021-01-29;51459
2021-01-28;"Bratislavský kraj";307;10643;301;10944;NA;86799;608;2021-01-28;50774
2021-01-27;"Bratislavský kraj";336;21988;341;22329;NA;86799;677;2021-01-27;50166
2021-01-26;"Bratislavský kraj";297;22078;308;22386;NA;86799;605;2021-01-26;49489
2021-01-25;"Bratislavský kraj";356;22622;248;22870;NA;86799;604;2021-01-25;48884
2021-01-24;"Bratislavský kraj";175;37754;391;38145;NA;86799;566;2021-01-24;48280
2021-01-23;"Bratislavský kraj";396;79317;703;80020;NA;86799;1099;2021-01-23;47714
2021-01-22;"Bratislavský kraj";199;41866;365;42231;NA;86799;564;2021-01-22;46615
2021-01-21;"Bratislavský kraj";255;105639;1317;106956;NA;86799;1572;2021-01-21;46051
2021-01-20;"Bratislavský kraj";360;27082;457;27539;NA;86799;817;2021-01-20;44479
2021-01-19;"Bratislavský kraj";375;13748;339;14087;NA;86799;714;2021-01-19;43662
2021-01-18;"Bratislavský kraj";357;11977;707;12684;NA;86799;1064;2021-01-18;42948
2021-01-17;"Bratislavský kraj";244;426;26;452;NA;86799;270;2021-01-17;41884
2021-01-16;"Bratislavský kraj";70;2908;156;3064;NA;86799;226;2021-01-16;41614
2021-01-15;"Bratislavský kraj";251;7744;256;8000;NA;86799;507;2021-01-15;41388
2021-01-14;"Bratislavský kraj";363;8316;273;8589;NA;86799;636;2021-01-14;40881
2021-01-13;"Bratislavský kraj";336;8040;329;8369;NA;86799;665;2021-01-13;40245
2021-01-12;"Bratislavský kraj";450;9644;464;10108;NA;86799;914;2021-01-12;39580
2021-01-11;"Bratislavský kraj";397;19215;380;19595;NA;86799;777;2021-01-11;38666
2021-01-10;"Bratislavský kraj";252;1352;79;1431;NA;86799;331;2021-01-10;37889
2021-01-09;"Bratislavský kraj";351;4946;291;5237;NA;86799;642;2021-01-09;37558
2021-01-08;"Bratislavský kraj";556;9880;436;10316;NA;86799;992;2021-01-08;36916
2021-01-07;"Bratislavský kraj";537;7161;412;7573;NA;86799;949;2021-01-07;35924
2021-01-06;"Bratislavský kraj";271;3075;216;3291;NA;86799;487;2021-01-06;34975
2021-01-05;"Bratislavský kraj";619;10730;844;11574;NA;86799;1463;2021-01-05;34488
2021-01-04;"Bratislavský kraj";601;7381;606;7987;NA;86799;1207;2021-01-04;33025
2021-01-03;"Bratislavský kraj";77;394;41;435;NA;86799;118;2021-01-03;31818
2021-01-02;"Bratislavský kraj";185;384;57;441;NA;86799;242;2021-01-02;31700
2021-01-01;"Bratislavský kraj";235;3210;131;3341;NA;86799;366;2021-01-01;31458
2020-12-31;"Bratislavský kraj";925;14638;589;15227;NA;86799;1514;2020-12-31;31092
2020-12-30;"Bratislavský kraj";650;9327;528;9855;NA;86799;1178;2020-12-30;29578
2020-12-29;"Bratislavský kraj";303;10365;776;11141;NA;86799;1079;2020-12-29;28400
2020-12-28;"Bratislavský kraj";255;7687;560;8247;NA;86799;815;2020-12-28;27321
2020-12-27;"Bratislavský kraj";160;659;76;735;NA;86799;236;2020-12-27;26506
2020-12-26;"Bratislavský kraj";75;426;27;453;NA;86799;102;2020-12-26;26270
2020-12-25;"Bratislavský kraj";114;460;38;498;NA;86799;152;2020-12-25;26168
2020-12-24;"Bratislavský kraj";536;3381;102;3483;NA;86799;638;2020-12-24;26016
2020-12-23;"Bratislavský kraj";416;13159;500;13659;NA;86799;916;2020-12-23;25378
2020-12-22;"Bratislavský kraj";327;15248;772;16020;NA;86799;1099;2020-12-22;24462
2020-12-21;"Bratislavský kraj";392;14970;2007;16977;NA;86799;2399;2020-12-21;23363
2020-12-20;"Bratislavský kraj";180;643;54;697;NA;86799;234;2020-12-20;20964
2020-12-19;"Bratislavský kraj";396;3164;130;3294;NA;86799;526;2020-12-19;20730
2020-12-18;"Bratislavský kraj";306;10672;401;11073;NA;86799;707;2020-12-18;20204
2020-12-17;"Bratislavský kraj";502;10217;412;10629;NA;86799;914;2020-12-17;19497
2020-12-16;"Bratislavský kraj";282;10546;452;10998;NA;86799;734;2020-12-16;18583
2020-12-15;"Bratislavský kraj";423;10741;479;11220;NA;86799;902;2020-12-15;17849
2020-12-14;"Bratislavský kraj";279;6526;293;6819;NA;86799;572;2020-12-14;16947
2020-12-13;"Bratislavský kraj";125;123;10;133;NA;86799;135;2020-12-13;16375
2020-12-12;"Bratislavský kraj";361;3863;157;4020;NA;86799;518;2020-12-12;16240
2020-12-11;"Bratislavský kraj";326;7203;289;7492;NA;86799;615;2020-12-11;15722
2020-12-10;"Bratislavský kraj";286;5104;209;5313;NA;86799;495;2020-12-10;15107
2020-12-09;"Bratislavský kraj";382;4712;178;4890;NA;86799;560;2020-12-09;14612
2020-12-08;"Bratislavský kraj";234;5793;207;6000;NA;86799;441;2020-12-08;14052
2020-12-07;"Bratislavský kraj";272;4078;152;4230;NA;86799;424;2020-12-07;13611
2020-12-06;"Bratislavský kraj";61;1586;52;1638;NA;86799;113;2020-12-06;13187
2020-12-05;"Bratislavský kraj";266;2148;41;2189;NA;86799;307;2020-12-05;13074
2020-12-04;"Bratislavský kraj";200;4789;99;4888;NA;86799;299;2020-12-04;12767
2020-12-03;"Bratislavský kraj";213;5071;95;5166;NA;86799;308;2020-12-03;12468
2020-12-02;"Bratislavský kraj";205;2831;95;2926;NA;86799;300;2020-12-02;12160
2020-12-01;"Bratislavský kraj";255;3943;204;4147;NA;86799;459;2020-12-01;11860
2020-11-30;"Bratislavský kraj";152;2153;121;2274;NA;86799;273;2020-11-30;11401
2020-11-29;"Bratislavský kraj";52;193;24;217;NA;86799;76;2020-11-29;11128
2020-11-28;"Bratislavský kraj";232;2611;33;2644;NA;86799;265;2020-11-28;11052
2020-11-27;"Bratislavský kraj";54;2287;56;2343;NA;86799;110;2020-11-27;10787
2020-11-26;"Bratislavský kraj";129;1850;53;1903;NA;86799;182;2020-11-26;10677
2020-11-25;"Bratislavský kraj";140;1660;40;1700;NA;86799;180;2020-11-25;10495
2020-11-24;"Bratislavský kraj";81;2988;67;3055;NA;86799;148;2020-11-24;10315
2020-11-23;"Bratislavský kraj";67;7077;58;7135;NA;86799;125;2020-11-23;10167
2020-11-22;"Bratislavský kraj";36;81;7;88;NA;86799;43;2020-11-22;10042
2020-11-21;"Bratislavský kraj";109;2126;47;2173;NA;86799;156;2020-11-21;9999
2020-11-20;"Bratislavský kraj";118;2869;48;2917;NA;86799;166;2020-11-20;9843
2020-11-19;"Bratislavský kraj";173;987;29;1016;NA;86799;202;2020-11-19;9677
2020-11-18;"Bratislavský kraj";118;616;75;691;NA;86799;193;2020-11-18;9475
2020-11-17;"Bratislavský kraj";108;928;23;951;NA;86799;131;2020-11-17;9282
2020-11-16;"Bratislavský kraj";82;651;9;660;NA;86799;91;2020-11-16;9151
2020-11-15;"Bratislavský kraj";47;236;0;236;NA;86799;47;2020-11-15;9060
2020-11-14;"Bratislavský kraj";53;1834;15;1849;NA;86799;68;2020-11-14;9013
2020-11-13;"Bratislavský kraj";94;2096;21;2117;NA;86799;115;2020-11-13;8945
2020-11-12;"Bratislavský kraj";141;1727;6;1733;NA;86799;147;2020-11-12;8830
2020-11-11;"Bratislavský kraj";159;1429;12;1441;NA;86799;171;2020-11-11;8683
2020-11-10;"Bratislavský kraj";136;805;14;819;NA;86799;150;2020-11-10;8512
2020-11-09;"Bratislavský kraj";70;609;8;617;NA;86799;78;2020-11-09;8362
2020-11-08;"Bratislavský kraj";82;869;6;875;NA;86799;88;2020-11-08;8284
2020-11-07;"Bratislavský kraj";88;4039;17;4056;NA;86799;105;2020-11-07;8196
2020-11-06;"Bratislavský kraj";281;6441;25;6466;NA;86799;306;2020-11-06;8091
2020-11-05;"Bratislavský kraj";175;476;11;487;NA;86799;186;2020-11-05;7785
2020-11-04;"Bratislavský kraj";65;411;10;421;NA;86799;75;2020-11-04;7599
2020-11-03;"Bratislavský kraj";251;1081;12;1093;NA;86799;263;2020-11-03;7524
2020-11-02;"Bratislavský kraj";202;3365;22;3387;NA;86799;224;2020-11-02;7261
2020-11-01;"Bratislavský kraj";227;8694;39;8733;NA;86799;266;2020-11-01;7037
2020-10-31;"Bratislavský kraj";173;22407;123;22530;NA;86799;296;2020-10-31;6771
2020-10-30;"Bratislavský kraj";158;17350;138;17488;NA;86799;296;2020-10-30;6475
2020-10-29;"Bratislavský kraj";262;116;4;120;NA;86799;266;2020-10-29;6179
2020-10-28;"Bratislavský kraj";220;260;15;275;NA;86799;235;2020-10-28;5913
2020-10-27;"Bratislavský kraj";256;145;4;149;NA;86799;260;2020-10-27;5678
2020-10-26;"Bratislavský kraj";123;229;11;240;NA;86799;134;2020-10-26;5418
2020-10-25;"Bratislavský kraj";152;33;2;35;NA;86799;154;2020-10-25;5284
2020-10-24;"Bratislavský kraj";170;221;6;227;NA;86799;176;2020-10-24;5130
2020-10-23;"Bratislavský kraj";151;144;8;152;NA;86799;159;2020-10-23;4954
2020-10-22;"Bratislavský kraj";192;204;15;219;NA;86799;207;2020-10-22;4795
2020-10-21;"Bratislavský kraj";66;90;6;96;NA;86799;72;2020-10-21;4588
2020-10-20;"Bratislavský kraj";183;97;4;101;NA;86799;187;2020-10-20;4516
2020-10-19;"Bratislavský kraj";148;80;3;83;NA;86799;151;2020-10-19;4329
2020-10-18;"Bratislavský kraj";75;92;0;92;NA;86799;75;2020-10-18;4178
2020-10-17;"Bratislavský kraj";136;0;0;0;NA;86799;136;2020-10-17;4103
2020-10-16;"Bratislavský kraj";103;14;1;15;NA;86799;104;2020-10-16;3967
2020-10-15;"Bratislavský kraj";135;6;1;7;NA;86799;136;2020-10-15;3863
2020-10-14;"Bratislavský kraj";127;4;0;4;NA;86799;127;2020-10-14;3727
2020-10-13;"Bratislavský kraj";86;108;8;116;NA;86799;94;2020-10-13;3600
2020-10-12;"Bratislavský kraj";46;0;0;0;NA;86799;46;2020-10-12;3506
2020-10-11;"Bratislavský kraj";80;0;0;0;NA;86799;80;2020-10-11;3460
2020-10-10;"Bratislavský kraj";55;0;0;0;NA;86799;55;2020-10-10;3380
2020-10-09;"Bratislavský kraj";148;0;0;0;NA;86799;148;2020-10-09;3325
2020-10-08;"Bratislavský kraj";100;0;0;0;NA;86799;100;2020-10-08;3177
2020-10-07;"Bratislavský kraj";107;0;0;0;NA;86799;107;2020-10-07;3077
2020-10-06;"Bratislavský kraj";108;0;0;0;NA;86799;108;2020-10-06;2970
2020-10-05;"Bratislavský kraj";30;0;0;0;NA;86799;30;2020-10-05;2862
2020-10-04;"Bratislavský kraj";49;0;0;0;NA;86799;49;2020-10-04;2832
2020-10-03;"Bratislavský kraj";82;0;0;0;NA;86799;82;2020-10-03;2783
2020-10-02;"Bratislavský kraj";101;0;0;0;NA;86799;101;2020-10-02;2701
2020-10-01;"Bratislavský kraj";72;0;0;0;NA;86799;72;2020-10-01;2600
2020-09-30;"Bratislavský kraj";91;0;0;0;NA;86799;91;2020-09-30;2528
2020-09-29;"Bratislavský kraj";74;0;0;0;NA;86799;74;2020-09-29;2437
2020-09-28;"Bratislavský kraj";29;0;0;0;NA;86799;29;2020-09-28;2363
2020-09-27;"Bratislavský kraj";48;0;0;0;NA;86799;48;2020-09-27;2334
2020-09-26;"Bratislavský kraj";86;0;0;0;NA;86799;86;2020-09-26;2286
2020-09-25;"Bratislavský kraj";97;0;0;0;NA;86799;97;2020-09-25;2200
2020-09-24;"Bratislavský kraj";73;0;0;0;NA;86799;73;2020-09-24;2103
2020-09-23;"Bratislavský kraj";55;0;0;0;NA;86799;55;2020-09-23;2030
2020-09-22;"Bratislavský kraj";81;0;0;0;NA;86799;81;2020-09-22;1975
2020-09-21;"Bratislavský kraj";32;0;0;0;NA;86799;32;2020-09-21;1894
2020-09-20;"Bratislavský kraj";25;0;0;0;NA;86799;25;2020-09-20;1862
2020-09-19;"Bratislavský kraj";59;0;0;0;NA;86799;59;2020-09-19;1837
2020-09-18;"Bratislavský kraj";42;0;0;0;NA;86799;42;2020-09-18;1778
2020-09-17;"Bratislavský kraj";52;0;0;0;NA;86799;52;2020-09-17;1736
2020-09-16;"Bratislavský kraj";32;0;0;0;NA;86799;32;2020-09-16;1684
2020-09-15;"Bratislavský kraj";26;0;0;0;NA;86799;26;2020-09-15;1652
2020-09-14;"Bratislavský kraj";24;0;0;0;NA;86799;24;2020-09-14;1626
2020-09-13;"Bratislavský kraj";11;0;0;0;NA;86799;11;2020-09-13;1602
2020-09-12;"Bratislavský kraj";24;0;0;0;NA;86799;24;2020-09-12;1591
2020-09-11;"Bratislavský kraj";50;0;0;0;NA;86799;50;2020-09-11;1567
2020-09-10;"Bratislavský kraj";47;0;0;0;NA;86799;47;2020-09-10;1517
2020-09-09;"Bratislavský kraj";40;0;0;0;NA;86799;40;2020-09-09;1470
2020-09-08;"Bratislavský kraj";58;0;0;0;NA;86799;58;2020-09-08;1430
2020-09-07;"Bratislavský kraj";39;0;0;0;NA;86799;39;2020-09-07;1372
2020-09-06;"Bratislavský kraj";11;0;0;0;NA;86799;11;2020-09-06;1333
2020-09-05;"Bratislavský kraj";37;0;0;0;NA;86799;37;2020-09-05;1322
2020-09-04;"Bratislavský kraj";87;0;0;0;NA;86799;87;2020-09-04;1285
2020-09-03;"Bratislavský kraj";51;0;0;0;NA;86799;51;2020-09-03;1198
2020-09-02;"Bratislavský kraj";50;0;0;0;NA;86799;50;2020-09-02;1147
2020-09-01;"Bratislavský kraj";16;0;0;0;NA;86799;16;2020-09-01;1097
2020-08-31;"Bratislavský kraj";19;0;0;0;NA;86799;19;2020-08-31;1081
2020-08-30;"Bratislavský kraj";9;0;0;0;NA;86799;9;2020-08-30;1062
2020-08-29;"Bratislavský kraj";12;0;0;0;NA;86799;12;2020-08-29;1053
2020-08-28;"Bratislavský kraj";35;0;0;0;NA;86799;35;2020-08-28;1041
2020-08-27;"Bratislavský kraj";33;0;0;0;NA;86799;33;2020-08-27;1006
2020-08-26;"Bratislavský kraj";27;0;0;0;NA;86799;27;2020-08-26;973
2020-08-25;"Bratislavský kraj";29;0;0;0;NA;86799;29;2020-08-25;946
2020-08-24;"Bratislavský kraj";6;0;0;0;NA;86799;6;2020-08-24;917
2020-08-23;"Bratislavský kraj";45;0;0;0;NA;86799;45;2020-08-23;911
2020-08-22;"Bratislavský kraj";13;0;0;0;NA;86799;13;2020-08-22;866
2020-08-21;"Bratislavský kraj";46;0;0;0;NA;86799;46;2020-08-21;853
2020-08-20;"Bratislavský kraj";41;0;0;0;NA;86799;41;2020-08-20;807
2020-08-19;"Bratislavský kraj";27;0;0;0;NA;86799;27;2020-08-19;766
2020-08-18;"Bratislavský kraj";47;0;0;0;NA;86799;47;2020-08-18;739
2020-08-17;"Bratislavský kraj";2;0;0;0;NA;86799;2;2020-08-17;692
2020-08-16;"Bratislavský kraj";3;0;0;0;NA;86799;3;2020-08-16;690
2020-08-15;"Bratislavský kraj";18;0;0;0;NA;86799;18;2020-08-15;687
2020-08-14;"Bratislavský kraj";16;0;0;0;NA;86799;16;2020-08-14;669
2020-08-13;"Bratislavský kraj";12;0;0;0;NA;86799;12;2020-08-13;653
2020-08-12;"Bratislavský kraj";10;0;0;0;NA;86799;10;2020-08-12;641
2020-08-11;"Bratislavský kraj";23;0;0;0;NA;86799;23;2020-08-11;631
2020-08-10;"Bratislavský kraj";2;0;0;0;NA;86799;2;2020-08-10;608
2020-08-09;"Bratislavský kraj";2;0;0;0;NA;86799;2;2020-08-09;606
2020-08-08;"Bratislavský kraj";1;0;0;0;NA;86799;1;2020-08-08;604
2020-08-07;"Bratislavský kraj";9;0;0;0;NA;86799;9;2020-08-07;603
2020-08-06;"Bratislavský kraj";15;0;0;0;NA;86799;15;2020-08-06;594
2020-08-05;"Bratislavský kraj";11;0;0;0;NA;86799;11;2020-08-05;579
2020-08-04;"Bratislavský kraj";21;0;0;0;NA;86799;21;2020-08-04;568
2020-08-03;"Bratislavský kraj";7;0;0;0;NA;86799;7;2020-08-03;547
2020-08-02;"Bratislavský kraj";0;0;0;0;NA;86799;0;2020-08-02;540
2020-08-01;"Bratislavský kraj";0;0;0;0;NA;86799;0;2020-08-01;540
2020-07-31;"Bratislavský kraj";14;0;0;0;NA;86799;14;2020-07-31;540
2020-07-30;"Bratislavský kraj";6;0;0;0;NA;86799;6;2020-07-30;526
2020-07-29;"Bratislavský kraj";7;0;0;0;NA;86799;7;2020-07-29;520
2020-07-28;"Bratislavský kraj";14;0;0;0;NA;86799;14;2020-07-28;513
2020-07-27;"Bratislavský kraj";3;0;0;0;NA;86799;3;2020-07-27;499
2020-07-26;"Bratislavský kraj";0;0;0;0;NA;86799;0;2020-07-26;496
2020-07-25;"Bratislavský kraj";8;0;0;0;NA;86799;8;2020-07-25;496
2020-07-24;"Bratislavský kraj";2;0;0;0;NA;86799;2;2020-07-24;488
2020-07-23;"Bratislavský kraj";8;0;0;0;NA;86799;8;2020-07-23;486
2020-07-22;"Bratislavský kraj";11;0;0;0;NA;86799;11;2020-07-22;478
2020-07-21;"Bratislavský kraj";8;0;0;0;NA;86799;8;2020-07-21;467
2020-07-20;"Bratislavský kraj";12;0;0;0;NA;86799;12;2020-07-20;459
2020-07-19;"Bratislavský kraj";0;0;0;0;NA;86799;0;2020-07-19;447
2020-07-18;"Bratislavský kraj";2;0;0;0;NA;86799;2;2020-07-18;447
2020-07-17;"Bratislavský kraj";2;0;0;0;NA;86799;2;2020-07-17;445
2020-07-16;"Bratislavský kraj";6;0;0;0;NA;86799;6;2020-07-16;443
2020-07-15;"Bratislavský kraj";3;0;0;0;NA;86799;3;2020-07-15;437
2020-07-14;"Bratislavský kraj";2;0;0;0;NA;86799;2;2020-07-14;434
2020-07-13;"Bratislavský kraj";2;0;0;0;NA;86799;2;2020-07-13;432
2020-07-12;"Bratislavský kraj";0;0;0;0;NA;86799;0;2020-07-12;430
2020-07-11;"Bratislavský kraj";0;0;0;0;NA;86799;0;2020-07-11;430
2020-07-10;"Bratislavský kraj";8;0;0;0;NA;86799;8;2020-07-10;430
2020-07-09;"Bratislavský kraj";2;0;0;0;NA;86799;2;2020-07-09;422
2020-07-08;"Bratislavský kraj";11;0;0;0;NA;86799;11;2020-07-08;420
2020-07-07;"Bratislavský kraj";5;0;0;0;NA;86799;5;2020-07-07;409
2020-07-06;"Bratislavský kraj";1;0;0;0;NA;86799;1;2020-07-06;404
2020-07-05;"Bratislavský kraj";0;0;0;0;NA;86799;0;2020-07-05;403
2020-07-04;"Bratislavský kraj";3;0;0;0;NA;86799;3;2020-07-04;403
2020-07-03;"Bratislavský kraj";1;0;0;0;NA;86799;1;2020-07-03;400
2020-07-02;"Bratislavský kraj";0;0;0;0;NA;86799;0;2020-07-02;399
2020-07-01;"Bratislavský kraj";7;0;0;0;NA;86799;7;2020-07-01;399
2020-06-30;"Bratislavský kraj";3;0;0;0;NA;86799;3;2020-06-30;392
2020-06-29;"Bratislavský kraj";1;0;0;0;NA;86799;1;2020-06-29;389
2020-06-28;"Bratislavský kraj";0;0;0;0;NA;86799;0;2020-06-28;388
2020-06-27;"Bratislavský kraj";1;0;0;0;NA;86799;1;2020-06-27;388
2020-06-26;"Bratislavský kraj";6;0;0;0;NA;86799;6;2020-06-26;387
2020-06-25;"Bratislavský kraj";0;0;0;0;NA;86799;0;2020-06-25;381
2020-06-24;"Bratislavský kraj";3;0;0;0;NA;86799;3;2020-06-24;381
2020-06-23;"Bratislavský kraj";0;0;0;0;NA;86799;0;2020-06-23;378
2020-06-22;"Bratislavský kraj";1;0;0;0;NA;86799;1;2020-06-22;378
2020-06-21;"Bratislavský kraj";0;0;0;0;NA;86799;0;2020-06-21;377
2020-06-20;"Bratislavský kraj";0;0;0;0;NA;86799;0;2020-06-20;377
2020-06-19;"Bratislavský kraj";3;0;0;0;NA;86799;3;2020-06-19;377
2020-06-18;"Bratislavský kraj";0;0;0;0;NA;86799;0;2020-06-18;374
2020-06-17;"Bratislavský kraj";0;0;0;0;NA;86799;0;2020-06-17;374
2020-06-16;"Bratislavský kraj";0;0;0;0;NA;86799;0;2020-06-16;374
2020-06-14;"Bratislavský kraj";2;0;0;0;NA;86799;2;2020-06-14;374
2020-06-13;"Bratislavský kraj";1;0;0;0;NA;86799;1;2020-06-13;372
2020-06-12;"Bratislavský kraj";2;0;0;0;NA;86799;2;2020-06-12;371
2020-06-11;"Bratislavský kraj";0;0;0;0;NA;86799;0;2020-06-11;369
2020-06-10;"Bratislavský kraj";0;0;0;0;NA;86799;0;2020-06-10;369
2020-06-09;"Bratislavský kraj";0;0;0;0;NA;86799;0;2020-06-09;369
2020-06-08;"Bratislavský kraj";1;0;0;0;NA;86799;1;2020-06-08;369
2020-06-07;"Bratislavský kraj";0;0;0;0;NA;86799;0;2020-06-07;368
2020-06-05;"Bratislavský kraj";0;0;0;0;NA;86799;0;2020-06-05;368
2020-06-03;"Bratislavský kraj";1;0;0;0;NA;86799;1;2020-06-03;368
2020-06-02;"Bratislavský kraj";0;0;0;0;NA;86799;0;2020-06-02;367
2020-05-31;"Bratislavský kraj";0;0;0;0;NA;86799;0;2020-05-31;367
2020-05-29;"Bratislavský kraj";0;0;0;0;NA;86799;0;2020-05-29;367
2020-05-27;"Bratislavský kraj";1;0;0;0;NA;86799;1;2020-05-27;367
2020-05-26;"Bratislavský kraj";0;0;0;0;NA;86799;0;2020-05-26;366
2020-05-25;"Bratislavský kraj";0;0;0;0;NA;86799;0;2020-05-25;366
2020-05-24;"Bratislavský kraj";0;0;0;0;NA;86799;0;2020-05-24;366
2020-05-23;"Bratislavský kraj";2;0;0;0;NA;86799;2;2020-05-23;366
2020-05-22;"Bratislavský kraj";0;0;0;0;NA;86799;0;2020-05-22;364
2020-05-21;"Bratislavský kraj";0;0;0;0;NA;86799;0;2020-05-21;364
2020-05-20;"Bratislavský kraj";0;0;0;0;NA;86799;0;2020-05-20;364
2020-05-19;"Bratislavský kraj";0;0;0;0;NA;86799;0;2020-05-19;364
2020-05-17;"Bratislavský kraj";0;0;0;0;NA;86799;0;2020-05-17;364
2020-05-16;"Bratislavský kraj";0;0;0;0;NA;86799;0;2020-05-16;364
2020-05-15;"Bratislavský kraj";0;0;0;0;NA;86799;0;2020-05-15;364
2020-05-14;"Bratislavský kraj";0;0;0;0;NA;86799;0;2020-05-14;364
2020-05-13;"Bratislavský kraj";0;0;0;0;NA;86799;0;2020-05-13;364
2020-05-12;"Bratislavský kraj";2;0;0;0;NA;86799;2;2020-05-12;364
2020-05-11;"Bratislavský kraj";0;0;0;0;NA;86799;0;2020-05-11;362
2020-05-09;"Bratislavský kraj";0;0;0;0;NA;86799;0;2020-05-09;362
2020-05-07;"Bratislavský kraj";1;0;0;0;NA;86799;1;2020-05-07;362
2020-05-06;"Bratislavský kraj";3;0;0;0;NA;86799;3;2020-05-06;361
2020-05-05;"Bratislavský kraj";0;0;0;0;NA;86799;0;2020-05-05;358
2020-05-04;"Bratislavský kraj";0;0;0;0;NA;86799;0;2020-05-04;358
2020-05-03;"Bratislavský kraj";2;0;0;0;NA;86799;2;2020-05-03;358
2020-05-02;"Bratislavský kraj";0;0;0;0;NA;86799;0;2020-05-02;356
2020-05-01;"Bratislavský kraj";0;0;0;0;NA;86799;0;2020-05-01;356
2020-04-30;"Bratislavský kraj";5;0;0;0;NA;86799;5;2020-04-30;356
2020-04-29;"Bratislavský kraj";0;0;0;0;NA;86799;0;2020-04-29;351
2020-04-28;"Bratislavský kraj";2;0;0;0;NA;86799;2;2020-04-28;351
2020-04-27;"Bratislavský kraj";0;0;0;0;NA;86799;0;2020-04-27;349
2020-04-26;"Bratislavský kraj";1;0;0;0;NA;86799;1;2020-04-26;349
2020-04-25;"Bratislavský kraj";0;0;0;0;NA;86799;0;2020-04-25;348
2020-04-24;"Bratislavský kraj";2;0;0;0;NA;86799;2;2020-04-24;348
2020-04-23;"Bratislavský kraj";6;0;0;0;NA;86799;6;2020-04-23;346
2020-04-22;"Bratislavský kraj";11;0;0;0;NA;86799;11;2020-04-22;340
2020-04-21;"Bratislavský kraj";4;0;0;0;NA;86799;4;2020-04-21;329
2020-04-20;"Bratislavský kraj";0;0;0;0;NA;86799;0;2020-04-20;325
2020-04-19;"Bratislavský kraj";4;0;0;0;NA;86799;4;2020-04-19;325
2020-04-18;"Bratislavský kraj";5;0;0;0;NA;86799;5;2020-04-18;321
2020-04-17;"Bratislavský kraj";6;0;0;0;NA;86799;6;2020-04-17;316
2020-04-16;"Bratislavský kraj";15;0;0;0;NA;86799;15;2020-04-16;310
2020-04-15;"Bratislavský kraj";11;0;0;0;NA;86799;11;2020-04-15;295
2020-04-14;"Bratislavský kraj";19;0;0;0;NA;86799;19;2020-04-14;284
2020-04-13;"Bratislavský kraj";53;0;0;0;NA;86799;53;2020-04-13;265
2020-04-12;"Bratislavský kraj";3;0;0;0;NA;86799;3;2020-04-12;212
2020-04-11;"Bratislavský kraj";1;0;0;0;NA;86799;1;2020-04-11;209
2020-04-10;"Bratislavský kraj";8;0;0;0;NA;86799;8;2020-04-10;208
2020-04-09;"Bratislavský kraj";3;0;0;0;NA;86799;3;2020-04-09;200
2020-04-08;"Bratislavský kraj";3;0;0;0;NA;86799;3;2020-04-08;197
2020-04-07;"Bratislavský kraj";24;0;0;0;NA;86799;24;2020-04-07;194
2020-04-06;"Bratislavský kraj";5;0;0;0;NA;86799;5;2020-04-06;170
2020-04-05;"Bratislavský kraj";6;0;0;0;NA;86799;6;2020-04-05;165
2020-04-04;"Bratislavský kraj";2;0;0;0;NA;86799;2;2020-04-04;159
2020-04-03;"Bratislavský kraj";1;0;0;0;NA;86799;1;2020-04-03;157
2020-04-02;"Bratislavský kraj";2;0;0;0;NA;86799;2;2020-04-02;156
2020-04-01;"Bratislavský kraj";5;0;0;0;NA;86799;5;2020-04-01;154
2020-03-31;"Bratislavský kraj";19;0;0;0;NA;86799;19;2020-03-31;149
2020-03-30;"Bratislavský kraj";6;0;0;0;NA;86799;6;2020-03-30;130
2020-03-29;"Bratislavský kraj";8;0;0;0;NA;86799;8;2020-03-29;124
2020-03-28;"Bratislavský kraj";4;0;0;0;NA;86799;4;2020-03-28;116
2020-03-27;"Bratislavský kraj";3;0;0;0;NA;86799;3;2020-03-27;112
2020-03-26;"Bratislavský kraj";15;0;0;0;NA;86799;15;2020-03-26;109
2020-03-25;"Bratislavský kraj";1;0;0;0;NA;86799;1;2020-03-25;94
2020-03-24;"Bratislavský kraj";4;0;0;0;NA;86799;4;2020-03-24;93
2020-03-23;"Bratislavský kraj";9;0;0;0;NA;86799;9;2020-03-23;89
2020-03-22;"Bratislavský kraj";2;0;0;0;NA;86799;2;2020-03-22;80
2020-03-21;"Bratislavský kraj";22;0;0;0;NA;86799;22;2020-03-21;78
2020-03-20;"Bratislavský kraj";3;0;0;0;NA;86799;3;2020-03-20;56
2020-03-19;"Bratislavský kraj";4;0;0;0;NA;86799;4;2020-03-19;53
2020-03-18;"Bratislavský kraj";3;0;0;0;NA;86799;3;2020-03-18;49
2020-03-17;"Bratislavský kraj";13;0;0;0;NA;86799;13;2020-03-17;46
2020-03-16;"Bratislavský kraj";1;0;0;0;NA;86799;1;2020-03-16;33
2020-03-15;"Bratislavský kraj";4;0;0;0;NA;86799;4;2020-03-15;32
2020-03-14;"Bratislavský kraj";9;0;0;0;NA;86799;9;2020-03-14;28
2020-03-13;"Bratislavský kraj";2;0;0;0;NA;86799;2;2020-03-13;19
2020-03-12;"Bratislavský kraj";8;0;0;0;NA;86799;8;2020-03-12;17
2020-03-11;"Bratislavský kraj";3;0;0;0;NA;86799;3;2020-03-11;9
2020-03-09;"Bratislavský kraj";0;0;0;0;NA;86799;0;2020-03-09;6
2020-03-08;"Bratislavský kraj";2;0;0;0;NA;86799;2;2020-03-08;6
2020-03-07;"Bratislavský kraj";2;0;0;0;NA;86799;2;2020-03-07;4
2020-03-06;"Bratislavský kraj";1;0;0;0;NA;86799;1;2020-03-06;2
2021-04-13;"Košický kraj";81;20313;110;20423;50025;92186;191;2021-04-13;92186
2021-04-12;"Košický kraj";129;26803;123;26926;NA;92186;252;2021-04-12;91995
2021-04-11;"Košický kraj";29;46454;77;46531;NA;92186;106;2021-04-11;91743
2021-04-10;"Košický kraj";138;99241;185;99426;NA;92186;323;2021-04-10;91637
2021-04-09;"Košický kraj";168;35038;129;35167;NA;92186;297;2021-04-09;91314
2021-04-08;"Košický kraj";81;18213;89;18302;NA;92186;170;2021-04-08;91017
2021-04-07;"Košický kraj";232;27911;193;28104;NA;92186;425;2021-04-07;90847
2021-04-06;"Košický kraj";121;36474;163;36637;NA;92186;284;2021-04-06;90422
2021-04-05;"Košický kraj";19;14794;67;14861;NA;92186;86;2021-04-05;90138
2021-04-04;"Košický kraj";33;14994;68;15062;NA;92186;101;2021-04-04;90052
2021-04-03;"Košický kraj";138;96413;238;96651;NA;92186;376;2021-04-03;89951
2021-04-02;"Košický kraj";128;24165;86;24251;NA;92186;214;2021-04-02;89575
2021-04-01;"Košický kraj";165;46076;146;46222;NA;92186;311;2021-04-01;89361
2021-03-31;"Košický kraj";160;29808;127;29935;NA;92186;287;2021-03-31;89050
2021-03-30;"Košický kraj";229;24108;163;24271;NA;92186;392;2021-03-30;88763
2021-03-29;"Košický kraj";78;28676;232;28908;NA;92186;310;2021-03-29;88371
2021-03-28;"Košický kraj";39;44263;128;44391;NA;92186;167;2021-03-28;88061
2021-03-27;"Košický kraj";222;96675;267;96942;NA;92186;489;2021-03-27;87894
2021-03-26;"Košický kraj";233;45260;202;45462;NA;92186;435;2021-03-26;87405
2021-03-25;"Košický kraj";133;23793;174;23967;NA;92186;307;2021-03-25;86970
2021-03-24;"Košický kraj";165;20685;157;20842;NA;92186;322;2021-03-24;86663
2021-03-23;"Košický kraj";202;22480;190;22670;NA;92186;392;2021-03-23;86341
2021-03-22;"Košický kraj";169;26742;227;26969;NA;92186;396;2021-03-22;85949
2021-03-21;"Košický kraj";109;46792;167;46959;NA;92186;276;2021-03-21;85553
2021-03-20;"Košický kraj";126;101376;315;101691;NA;92186;441;2021-03-20;85277
2021-03-19;"Košický kraj";205;45707;258;45965;NA;92186;463;2021-03-19;84836
2021-03-18;"Košický kraj";274;23831;211;24042;NA;92186;485;2021-03-18;84373
2021-03-17;"Košický kraj";177;21559;197;21756;NA;92186;374;2021-03-17;83888
2021-03-16;"Košický kraj";386;23441;226;23667;NA;92186;612;2021-03-16;83514
2021-03-15;"Košický kraj";173;27794;294;28088;NA;92186;467;2021-03-15;82902
2021-03-14;"Košický kraj";145;44419;226;44645;NA;92186;371;2021-03-14;82435
2021-03-13;"Košický kraj";146;103822;481;104303;NA;92186;627;2021-03-13;82064
2021-03-12;"Košický kraj";366;47841;320;48161;NA;92186;686;2021-03-12;81437
2021-03-11;"Košický kraj";396;23225;261;23486;NA;92186;657;2021-03-11;80751
2021-03-10;"Košický kraj";121;22199;268;22467;NA;92186;389;2021-03-10;80094
2021-03-09;"Košický kraj";676;24524;301;24825;NA;92186;977;2021-03-09;79705
2021-03-08;"Košický kraj";559;29429;338;29767;NA;92186;897;2021-03-08;78728
2021-03-07;"Košický kraj";45;44274;299;44573;NA;92186;344;2021-03-07;77831
2021-03-06;"Košický kraj";177;105659;536;106195;NA;92186;713;2021-03-06;77487
2021-03-05;"Košický kraj";439;45564;422;45986;NA;92186;861;2021-03-05;76774
2021-03-04;"Košický kraj";417;23537;319;23856;NA;92186;736;2021-03-04;75913
2021-03-03;"Košický kraj";390;23141;297;23438;NA;92186;687;2021-03-03;75177
2021-03-02;"Košický kraj";464;24158;372;24530;NA;92186;836;2021-03-02;74490
2021-03-01;"Košický kraj";389;29980;512;30492;NA;92186;901;2021-03-01;73654
2021-02-28;"Košický kraj";265;43053;334;43387;NA;92186;599;2021-02-28;72753
2021-02-27;"Košický kraj";301;101274;787;102061;NA;92186;1088;2021-02-27;72154
2021-02-26;"Košický kraj";440;45466;492;45958;NA;92186;932;2021-02-26;71066
2021-02-25;"Košický kraj";331;19872;342;20214;NA;92186;673;2021-02-25;70134
2021-02-24;"Košický kraj";263;18815;506;19321;NA;92186;769;2021-02-24;69461
2021-02-23;"Košický kraj";642;21592;341;21933;NA;92186;983;2021-02-23;68692
2021-02-22;"Košický kraj";362;30830;434;31264;NA;92186;796;2021-02-22;67709
2021-02-21;"Košický kraj";170;40464;385;40849;NA;92186;555;2021-02-21;66913
2021-02-20;"Košický kraj";283;92550;770;93320;NA;92186;1053;2021-02-20;66358
2021-02-19;"Košický kraj";507;42016;586;42602;NA;92186;1093;2021-02-19;65305
2021-02-18;"Košický kraj";397;18442;345;18787;NA;92186;742;2021-02-18;64212
2021-02-17;"Košický kraj";322;18080;387;18467;NA;92186;709;2021-02-17;63470
2021-02-16;"Košický kraj";600;22137;463;22600;NA;92186;1063;2021-02-16;62761
2021-02-15;"Košický kraj";216;27633;419;28052;NA;92186;635;2021-02-15;61698
2021-02-14;"Košický kraj";241;56743;524;57267;NA;92186;765;2021-02-14;61063
2021-02-13;"Košický kraj";206;93559;765;94324;NA;92186;971;2021-02-13;60298
2021-02-12;"Košický kraj";448;50169;611;50780;NA;92186;1059;2021-02-12;59327
2021-02-11;"Košický kraj";435;14524;323;14847;NA;92186;758;2021-02-11;58268
2021-02-10;"Košický kraj";360;18475;431;18906;NA;92186;791;2021-02-10;57510
2021-02-09;"Košický kraj";545;24920;464;25384;NA;92186;1009;2021-02-09;56719
2021-02-08;"Košický kraj";237;27685;418;28103;NA;92186;655;2021-02-08;55710
2021-02-07;"Košický kraj";208;56897;612;57509;NA;92186;820;2021-02-07;55055
2021-02-06;"Košický kraj";318;101420;857;102277;NA;92186;1175;2021-02-06;54235
2021-02-05;"Košický kraj";384;43337;499;43836;NA;92186;883;2021-02-05;53060
2021-02-04;"Košický kraj";391;14721;370;15091;NA;92186;761;2021-02-04;52177
2021-02-03;"Košický kraj";296;32758;1111;33869;NA;92186;1407;2021-02-03;51416
2021-02-02;"Košický kraj";473;23465;438;23903;NA;92186;911;2021-02-02;50009
2021-02-01;"Košický kraj";415;21891;363;22254;NA;92186;778;2021-02-01;49098
2021-01-31;"Košický kraj";142;54144;609;54753;NA;92186;751;2021-01-31;48320
2021-01-30;"Košický kraj";320;76985;673;77658;NA;92186;993;2021-01-30;47569
2021-01-29;"Košický kraj";311;37131;456;37587;NA;92186;767;2021-01-29;46576
2021-01-28;"Košický kraj";540;9025;247;9272;NA;92186;787;2021-01-28;45809
2021-01-27;"Košický kraj";265;7484;207;7691;NA;92186;472;2021-01-27;45022
2021-01-26;"Košický kraj";530;14256;246;14502;NA;92186;776;2021-01-26;44550
2021-01-25;"Košický kraj";226;26430;413;26843;NA;92186;639;2021-01-25;43774
2021-01-24;"Košický kraj";150;45108;595;45703;NA;92186;745;2021-01-24;43135
2021-01-23;"Košický kraj";232;82016;843;82859;NA;92186;1075;2021-01-23;42390
2021-01-22;"Košický kraj";316;19997;265;20262;NA;92186;581;2021-01-22;41315
2021-01-21;"Košický kraj";274;14047;158;14205;NA;92186;432;2021-01-21;40734
2021-01-20;"Košický kraj";374;10843;201;11044;NA;92186;575;2021-01-20;40302
2021-01-19;"Košický kraj";248;9853;182;10035;NA;92186;430;2021-01-19;39727
2021-01-18;"Košický kraj";333;7523;261;7784;NA;92186;594;2021-01-18;39297
2021-01-17;"Košický kraj";155;535;14;549;NA;92186;169;2021-01-17;38703
2021-01-16;"Košický kraj";153;1403;47;1450;NA;92186;200;2021-01-16;38534
2021-01-15;"Košický kraj";308;6443;213;6656;NA;92186;521;2021-01-15;38334
2021-01-14;"Košický kraj";358;5471;221;5692;NA;92186;579;2021-01-14;37813
2021-01-13;"Košický kraj";421;4897;226;5123;NA;92186;647;2021-01-13;37234
2021-01-12;"Košický kraj";482;6689;258;6947;NA;92186;740;2021-01-12;36587
2021-01-11;"Košický kraj";309;7945;304;8249;NA;92186;613;2021-01-11;35847
2021-01-10;"Košický kraj";193;136;6;142;NA;92186;199;2021-01-10;35234
2021-01-09;"Košický kraj";469;1134;45;1179;NA;92186;514;2021-01-09;35035
2021-01-08;"Košický kraj";551;8222;388;8610;NA;92186;939;2021-01-08;34521
2021-01-07;"Košický kraj";251;6566;434;7000;NA;92186;685;2021-01-07;33582
2021-01-06;"Košický kraj";442;429;33;462;NA;92186;475;2021-01-06;32897
2021-01-05;"Košický kraj";584;8100;560;8660;NA;92186;1144;2021-01-05;32422
2021-01-04;"Košický kraj";407;7113;737;7850;NA;92186;1144;2021-01-04;31278
2021-01-03;"Košický kraj";118;661;22;683;NA;92186;140;2021-01-03;30134
2021-01-02;"Košický kraj";88;440;52;492;NA;92186;140;2021-01-02;29994
2021-01-01;"Košický kraj";398;725;49;774;NA;92186;447;2021-01-01;29854
2020-12-31;"Košický kraj";625;7877;461;8338;NA;92186;1086;2020-12-31;29407
2020-12-30;"Košický kraj";590;6477;412;6889;NA;92186;1002;2020-12-30;28321
2020-12-29;"Košický kraj";419;7573;605;8178;NA;92186;1024;2020-12-29;27319
2020-12-28;"Košický kraj";356;8296;804;9100;NA;92186;1160;2020-12-28;26295
2020-12-27;"Košický kraj";159;147;16;163;NA;92186;175;2020-12-27;25135
2020-12-26;"Košický kraj";163;274;23;297;NA;92186;186;2020-12-26;24960
2020-12-25;"Košický kraj";237;140;10;150;NA;92186;247;2020-12-25;24774
2020-12-24;"Košický kraj";564;1470;90;1560;NA;92186;654;2020-12-24;24527
2020-12-23;"Košický kraj";304;7942;354;8296;NA;92186;658;2020-12-23;23873
2020-12-22;"Košický kraj";438;7920;459;8379;NA;92186;897;2020-12-22;23215
2020-12-21;"Košický kraj";405;6984;509;7493;NA;92186;914;2020-12-21;22318
2020-12-20;"Košický kraj";215;73;11;84;NA;92186;226;2020-12-20;21404
2020-12-19;"Košický kraj";207;1309;63;1372;NA;92186;270;2020-12-19;21178
2020-12-18;"Košický kraj";310;8484;326;8810;NA;92186;636;2020-12-18;20908
2020-12-17;"Košický kraj";463;5292;255;5547;NA;92186;718;2020-12-17;20272
2020-12-16;"Košický kraj";455;5898;316;6214;NA;92186;771;2020-12-16;19554
2020-12-15;"Košický kraj";319;5086;338;5424;NA;92186;657;2020-12-15;18783
2020-12-14;"Košický kraj";256;3401;264;3665;NA;92186;520;2020-12-14;18126
2020-12-13;"Košický kraj";47;181;2;183;NA;92186;49;2020-12-13;17606
2020-12-12;"Košický kraj";369;1587;118;1705;NA;92186;487;2020-12-12;17557
2020-12-11;"Košický kraj";354;5461;258;5719;NA;92186;612;2020-12-11;17070
2020-12-10;"Košický kraj";283;4064;176;4240;NA;92186;459;2020-12-10;16458
2020-12-09;"Košický kraj";279;3786;166;3952;NA;92186;445;2020-12-09;15999
2020-12-08;"Košický kraj";226;4105;355;4460;NA;92186;581;2020-12-08;15554
2020-12-07;"Košický kraj";270;2383;106;2489;NA;92186;376;2020-12-07;14973
2020-12-06;"Košický kraj";121;97;20;117;NA;92186;141;2020-12-06;14597
2020-12-05;"Košický kraj";90;1096;48;1144;NA;92186;138;2020-12-05;14456
2020-12-04;"Košický kraj";224;2680;82;2762;NA;92186;306;2020-12-04;14318
2020-12-03;"Košický kraj";211;7717;173;7890;NA;92186;384;2020-12-03;14012
2020-12-02;"Košický kraj";193;8132;496;8628;NA;92186;689;2020-12-02;13628
2020-12-01;"Košický kraj";178;2237;124;2361;NA;92186;302;2020-12-01;12939
2020-11-30;"Košický kraj";171;3645;58;3703;NA;92186;229;2020-11-30;12637
2020-11-29;"Košický kraj";31;325;17;342;NA;92186;48;2020-11-29;12408
2020-11-28;"Košický kraj";69;721;52;773;NA;92186;121;2020-11-28;12360
2020-11-27;"Košický kraj";149;2729;74;2803;NA;92186;223;2020-11-27;12239
2020-11-26;"Košický kraj";239;1090;55;1145;NA;92186;294;2020-11-26;12016
2020-11-25;"Košický kraj";237;1664;122;1786;NA;92186;359;2020-11-25;11722
2020-11-24;"Košický kraj";196;1871;64;1935;NA;92186;260;2020-11-24;11363
2020-11-23;"Košický kraj";51;3919;54;3973;NA;92186;105;2020-11-23;11103
2020-11-22;"Košický kraj";57;57;5;62;NA;92186;62;2020-11-22;10998
2020-11-21;"Košický kraj";87;858;36;894;NA;92186;123;2020-11-21;10936
2020-11-20;"Košický kraj";176;2989;45;3034;NA;92186;221;2020-11-20;10813
2020-11-19;"Košický kraj";206;1648;40;1688;NA;92186;246;2020-11-19;10592
2020-11-18;"Košický kraj";122;532;17;549;NA;92186;139;2020-11-18;10346
2020-11-17;"Košický kraj";152;82;9;91;NA;92186;161;2020-11-17;10207
2020-11-16;"Košický kraj";114;531;24;555;NA;92186;138;2020-11-16;10046
2020-11-15;"Košický kraj";15;338;7;345;NA;92186;22;2020-11-15;9908
2020-11-14;"Košický kraj";234;520;12;532;NA;92186;246;2020-11-14;9886
2020-11-13;"Košický kraj";207;664;29;693;NA;92186;236;2020-11-13;9640
2020-11-12;"Košický kraj";192;736;13;749;NA;92186;205;2020-11-12;9404
2020-11-11;"Košický kraj";301;593;7;600;NA;92186;308;2020-11-11;9199
2020-11-10;"Košický kraj";190;541;11;552;NA;92186;201;2020-11-10;8891
2020-11-09;"Košický kraj";129;380;17;397;NA;92186;146;2020-11-09;8690
2020-11-08;"Košický kraj";78;1306;8;1314;NA;92186;86;2020-11-08;8544
2020-11-07;"Košický kraj";192;3909;22;3931;NA;92186;214;2020-11-07;8458
2020-11-06;"Košický kraj";195;5310;34;5344;NA;92186;229;2020-11-06;8244
2020-11-05;"Košický kraj";342;330;31;361;NA;92186;373;2020-11-05;8015
2020-11-04;"Košický kraj";101;154;6;160;NA;92186;107;2020-11-04;7642
2020-11-03;"Košický kraj";358;1122;13;1135;NA;92186;371;2020-11-03;7535
2020-11-02;"Košický kraj";111;6125;56;6181;NA;92186;167;2020-11-02;7164
2020-11-01;"Košický kraj";346;6522;34;6556;NA;92186;380;2020-11-01;6997
2020-10-31;"Košický kraj";82;14035;106;14141;NA;92186;188;2020-10-31;6617
2020-10-30;"Košický kraj";379;2835;27;2862;NA;92186;406;2020-10-30;6429
2020-10-29;"Košický kraj";333;983;13;996;NA;92186;346;2020-10-29;6023
2020-10-28;"Košický kraj";224;305;13;318;NA;92186;237;2020-10-28;5677
2020-10-27;"Košický kraj";386;439;21;460;NA;92186;407;2020-10-27;5440
2020-10-26;"Košický kraj";56;212;12;224;NA;92186;68;2020-10-26;5033
2020-10-25;"Košický kraj";154;79;2;81;NA;92186;156;2020-10-25;4965
2020-10-24;"Košický kraj";313;118;16;134;NA;92186;329;2020-10-24;4809
2020-10-23;"Košický kraj";315;331;8;339;NA;92186;323;2020-10-23;4480
2020-10-22;"Košický kraj";349;530;16;546;NA;92186;365;2020-10-22;4157
2020-10-21;"Košický kraj";129;84;2;86;NA;92186;131;2020-10-21;3792
2020-10-20;"Košický kraj";181;14;1;15;NA;92186;182;2020-10-20;3661
2020-10-19;"Košický kraj";64;38;1;39;NA;92186;65;2020-10-19;3479
2020-10-18;"Košický kraj";158;0;0;0;NA;92186;158;2020-10-18;3414
2020-10-17;"Košický kraj";142;0;0;0;NA;92186;142;2020-10-17;3256
2020-10-16;"Košický kraj";206;19;0;19;NA;92186;206;2020-10-16;3114
2020-10-15;"Košický kraj";177;19;5;24;NA;92186;182;2020-10-15;2908
2020-10-14;"Košický kraj";211;8;0;8;NA;92186;211;2020-10-14;2726
2020-10-13;"Košický kraj";179;80;3;83;NA;92186;182;2020-10-13;2515
2020-10-12;"Košický kraj";74;0;0;0;NA;92186;74;2020-10-12;2333
2020-10-11;"Košický kraj";121;0;0;0;NA;92186;121;2020-10-11;2259
2020-10-10;"Košický kraj";70;0;0;0;NA;92186;70;2020-10-10;2138
2020-10-09;"Košický kraj";188;0;0;0;NA;92186;188;2020-10-09;2068
2020-10-08;"Košický kraj";102;0;0;0;NA;92186;102;2020-10-08;1880
2020-10-07;"Košický kraj";158;0;0;0;NA;92186;158;2020-10-07;1778
2020-10-06;"Košický kraj";70;0;0;0;NA;92186;70;2020-10-06;1620
2020-10-05;"Košický kraj";39;0;0;0;NA;92186;39;2020-10-05;1550
2020-10-04;"Košický kraj";45;0;0;0;NA;92186;45;2020-10-04;1511
2020-10-03;"Košický kraj";105;0;0;0;NA;92186;105;2020-10-03;1466
2020-10-02;"Košický kraj";57;0;0;0;NA;92186;57;2020-10-02;1361
2020-10-01;"Košický kraj";69;0;0;0;NA;92186;69;2020-10-01;1304
2020-09-30;"Košický kraj";95;0;0;0;NA;92186;95;2020-09-30;1235
2020-09-29;"Košický kraj";75;0;0;0;NA;92186;75;2020-09-29;1140
2020-09-28;"Košický kraj";19;0;0;0;NA;92186;19;2020-09-28;1065
2020-09-27;"Košický kraj";21;0;0;0;NA;92186;21;2020-09-27;1046
2020-09-26;"Košický kraj";53;0;0;0;NA;92186;53;2020-09-26;1025
2020-09-25;"Košický kraj";72;0;0;0;NA;92186;72;2020-09-25;972
2020-09-24;"Košický kraj";35;0;0;0;NA;92186;35;2020-09-24;900
2020-09-23;"Košický kraj";23;0;0;0;NA;92186;23;2020-09-23;865
2020-09-22;"Košický kraj";39;0;0;0;NA;92186;39;2020-09-22;842
2020-09-21;"Košický kraj";5;0;0;0;NA;92186;5;2020-09-21;803
2020-09-20;"Košický kraj";3;0;0;0;NA;92186;3;2020-09-20;798
2020-09-19;"Košický kraj";13;0;0;0;NA;92186;13;2020-09-19;795
2020-09-18;"Košický kraj";20;0;0;0;NA;92186;20;2020-09-18;782
2020-09-17;"Košický kraj";22;0;0;0;NA;92186;22;2020-09-17;762
2020-09-16;"Košický kraj";12;0;0;0;NA;92186;12;2020-09-16;740
2020-09-15;"Košický kraj";10;0;0;0;NA;92186;10;2020-09-15;728
2020-09-14;"Košický kraj";6;0;0;0;NA;92186;6;2020-09-14;718
2020-09-13;"Košický kraj";3;0;0;0;NA;92186;3;2020-09-13;712
2020-09-12;"Košický kraj";16;0;0;0;NA;92186;16;2020-09-12;709
2020-09-11;"Košický kraj";20;0;0;0;NA;92186;20;2020-09-11;693
2020-09-10;"Košický kraj";11;0;0;0;NA;92186;11;2020-09-10;673
2020-09-09;"Košický kraj";37;0;0;0;NA;92186;37;2020-09-09;662
2020-09-08;"Košický kraj";10;0;0;0;NA;92186;10;2020-09-08;625
2020-09-07;"Košický kraj";4;0;0;0;NA;92186;4;2020-09-07;615
2020-09-06;"Košický kraj";2;0;0;0;NA;92186;2;2020-09-06;611
2020-09-05;"Košický kraj";10;0;0;0;NA;92186;10;2020-09-05;609
2020-09-04;"Košický kraj";14;0;0;0;NA;92186;14;2020-09-04;599
2020-09-03;"Košický kraj";22;0;0;0;NA;92186;22;2020-09-03;585
2020-09-02;"Košický kraj";13;0;0;0;NA;92186;13;2020-09-02;563
2020-09-01;"Košický kraj";21;0;0;0;NA;92186;21;2020-09-01;550
2020-08-31;"Košický kraj";9;0;0;0;NA;92186;9;2020-08-31;529
2020-08-30;"Košický kraj";21;0;0;0;NA;92186;21;2020-08-30;520
2020-08-29;"Košický kraj";1;0;0;0;NA;92186;1;2020-08-29;499
2020-08-28;"Košický kraj";19;0;0;0;NA;92186;19;2020-08-28;498
2020-08-27;"Košický kraj";15;0;0;0;NA;92186;15;2020-08-27;479
2020-08-26;"Košický kraj";8;0;0;0;NA;92186;8;2020-08-26;464
2020-08-25;"Košický kraj";23;0;0;0;NA;92186;23;2020-08-25;456
2020-08-24;"Košický kraj";6;0;0;0;NA;92186;6;2020-08-24;433
2020-08-23;"Košický kraj";8;0;0;0;NA;92186;8;2020-08-23;427
2020-08-22;"Košický kraj";13;0;0;0;NA;92186;13;2020-08-22;419
2020-08-21;"Košický kraj";10;0;0;0;NA;92186;10;2020-08-21;406
2020-08-20;"Košický kraj";10;0;0;0;NA;92186;10;2020-08-20;396
2020-08-19;"Košický kraj";3;0;0;0;NA;92186;3;2020-08-19;386
2020-08-18;"Košický kraj";7;0;0;0;NA;92186;7;2020-08-18;383
2020-08-17;"Košický kraj";2;0;0;0;NA;92186;2;2020-08-17;376
2020-08-16;"Košický kraj";2;0;0;0;NA;92186;2;2020-08-16;374
2020-08-15;"Košický kraj";3;0;0;0;NA;92186;3;2020-08-15;372
2020-08-14;"Košický kraj";1;0;0;0;NA;92186;1;2020-08-14;369
2020-08-13;"Košický kraj";3;0;0;0;NA;92186;3;2020-08-13;368
2020-08-12;"Košický kraj";12;0;0;0;NA;92186;12;2020-08-12;365
2020-08-11;"Košický kraj";5;0;0;0;NA;92186;5;2020-08-11;353
2020-08-10;"Košický kraj";1;0;0;0;NA;92186;1;2020-08-10;348
2020-08-09;"Košický kraj";0;0;0;0;NA;92186;0;2020-08-09;347
2020-08-08;"Košický kraj";5;0;0;0;NA;92186;5;2020-08-08;347
2020-08-07;"Košický kraj";7;0;0;0;NA;92186;7;2020-08-07;342
2020-08-06;"Košický kraj";3;0;0;0;NA;92186;3;2020-08-06;335
2020-08-05;"Košický kraj";4;0;0;0;NA;92186;4;2020-08-05;332
2020-08-04;"Košický kraj";1;0;0;0;NA;92186;1;2020-08-04;328
2020-08-03;"Košický kraj";1;0;0;0;NA;92186;1;2020-08-03;327
2020-08-02;"Košický kraj";0;0;0;0;NA;92186;0;2020-08-02;326
2020-08-01;"Košický kraj";0;0;0;0;NA;92186;0;2020-08-01;326
2020-07-31;"Košický kraj";0;0;0;0;NA;92186;0;2020-07-31;326
2020-07-30;"Košický kraj";2;0;0;0;NA;92186;2;2020-07-30;326
2020-07-29;"Košický kraj";1;0;0;0;NA;92186;1;2020-07-29;324
2020-07-28;"Košický kraj";9;0;0;0;NA;92186;9;2020-07-28;323
2020-07-27;"Košický kraj";4;0;0;0;NA;92186;4;2020-07-27;314
2020-07-26;"Košický kraj";0;0;0;0;NA;92186;0;2020-07-26;310
2020-07-25;"Košický kraj";2;0;0;0;NA;92186;2;2020-07-25;310
2020-07-24;"Košický kraj";2;0;0;0;NA;92186;2;2020-07-24;308
2020-07-23;"Košický kraj";1;0;0;0;NA;92186;1;2020-07-23;306
2020-07-22;"Košický kraj";1;0;0;0;NA;92186;1;2020-07-22;305
2020-07-21;"Košický kraj";0;0;0;0;NA;92186;0;2020-07-21;304
2020-07-20;"Košický kraj";0;0;0;0;NA;92186;0;2020-07-20;304
2020-07-19;"Košický kraj";0;0;0;0;NA;92186;0;2020-07-19;304
2020-07-18;"Košický kraj";1;0;0;0;NA;92186;1;2020-07-18;304
2020-07-17;"Košický kraj";1;0;0;0;NA;92186;1;2020-07-17;303
2020-07-16;"Košický kraj";0;0;0;0;NA;92186;0;2020-07-16;302
2020-07-15;"Košický kraj";2;0;0;0;NA;92186;2;2020-07-15;302
2020-07-14;"Košický kraj";1;0;0;0;NA;92186;1;2020-07-14;300
2020-07-13;"Košický kraj";1;0;0;0;NA;92186;1;2020-07-13;299
2020-07-12;"Košický kraj";0;0;0;0;NA;92186;0;2020-07-12;298
2020-07-11;"Košický kraj";0;0;0;0;NA;92186;0;2020-07-11;298
2020-07-10;"Košický kraj";1;0;0;0;NA;92186;1;2020-07-10;298
2020-07-09;"Košický kraj";1;0;0;0;NA;92186;1;2020-07-09;297
2020-07-08;"Košický kraj";12;0;0;0;NA;92186;12;2020-07-08;296
2020-07-07;"Košický kraj";0;0;0;0;NA;92186;0;2020-07-07;284
2020-07-06;"Košický kraj";0;0;0;0;NA;92186;0;2020-07-06;284
2020-07-05;"Košický kraj";0;0;0;0;NA;92186;0;2020-07-05;284
2020-07-04;"Košický kraj";0;0;0;0;NA;92186;0;2020-07-04;284
2020-07-03;"Košický kraj";1;0;0;0;NA;92186;1;2020-07-03;284
2020-07-02;"Košický kraj";0;0;0;0;NA;92186;0;2020-07-02;283
2020-07-01;"Košický kraj";1;0;0;0;NA;92186;1;2020-07-01;283
2020-06-30;"Košický kraj";0;0;0;0;NA;92186;0;2020-06-30;282
2020-06-29;"Košický kraj";0;0;0;0;NA;92186;0;2020-06-29;282
2020-06-28;"Košický kraj";0;0;0;0;NA;92186;0;2020-06-28;282
2020-06-27;"Košický kraj";0;0;0;0;NA;92186;0;2020-06-27;282
2020-06-26;"Košický kraj";0;0;0;0;NA;92186;0;2020-06-26;282
2020-06-25;"Košický kraj";3;0;0;0;NA;92186;3;2020-06-25;282
2020-06-24;"Košický kraj";3;0;0;0;NA;92186;3;2020-06-24;279
2020-06-23;"Košický kraj";3;0;0;0;NA;92186;3;2020-06-23;276
2020-06-22;"Košický kraj";0;0;0;0;NA;92186;0;2020-06-22;273
2020-06-21;"Košický kraj";0;0;0;0;NA;92186;0;2020-06-21;273
2020-06-20;"Košický kraj";0;0;0;0;NA;92186;0;2020-06-20;273
2020-06-19;"Košický kraj";0;0;0;0;NA;92186;0;2020-06-19;273
2020-06-18;"Košický kraj";1;0;0;0;NA;92186;1;2020-06-18;273
2020-06-17;"Košický kraj";0;0;0;0;NA;92186;0;2020-06-17;272
2020-06-16;"Košický kraj";2;0;0;0;NA;92186;2;2020-06-16;272
2020-06-14;"Košický kraj";0;0;0;0;NA;92186;0;2020-06-14;270
2020-06-13;"Košický kraj";0;0;0;0;NA;92186;0;2020-06-13;270
2020-06-12;"Košický kraj";0;0;0;0;NA;92186;0;2020-06-12;270
2020-06-11;"Košický kraj";0;0;0;0;NA;92186;0;2020-06-11;270
2020-06-10;"Košický kraj";6;0;0;0;NA;92186;6;2020-06-10;270
2020-06-09;"Košický kraj";0;0;0;0;NA;92186;0;2020-06-09;264
2020-06-08;"Košický kraj";0;0;0;0;NA;92186;0;2020-06-08;264
2020-06-07;"Košický kraj";2;0;0;0;NA;92186;2;2020-06-07;264
2020-06-05;"Košický kraj";0;0;0;0;NA;92186;0;2020-06-05;262
2020-06-03;"Košický kraj";0;0;0;0;NA;92186;0;2020-06-03;262
2020-06-02;"Košický kraj";1;0;0;0;NA;92186;1;2020-06-02;262
2020-05-31;"Košický kraj";0;0;0;0;NA;92186;0;2020-05-31;261
2020-05-29;"Košický kraj";1;0;0;0;NA;92186;1;2020-05-29;261
2020-05-27;"Košický kraj";0;0;0;0;NA;92186;0;2020-05-27;260
2020-05-26;"Košický kraj";1;0;0;0;NA;92186;1;2020-05-26;260
2020-05-25;"Košický kraj";1;0;0;0;NA;92186;1;2020-05-25;259
2020-05-24;"Košický kraj";0;0;0;0;NA;92186;0;2020-05-24;258
2020-05-23;"Košický kraj";0;0;0;0;NA;92186;0;2020-05-23;258
2020-05-22;"Košický kraj";0;0;0;0;NA;92186;0;2020-05-22;258
2020-05-21;"Košický kraj";0;0;0;0;NA;92186;0;2020-05-21;258
2020-05-20;"Košický kraj";3;0;0;0;NA;92186;3;2020-05-20;258
2020-05-19;"Košický kraj";0;0;0;0;NA;92186;0;2020-05-19;255
2020-05-17;"Košický kraj";1;0;0;0;NA;92186;1;2020-05-17;255
2020-05-16;"Košický kraj";1;0;0;0;NA;92186;1;2020-05-16;254
2020-05-15;"Košický kraj";10;0;0;0;NA;92186;10;2020-05-15;253
2020-05-14;"Košický kraj";1;0;0;0;NA;92186;1;2020-05-14;243
2020-05-13;"Košický kraj";6;0;0;0;NA;92186;6;2020-05-13;242
2020-05-12;"Košický kraj";0;0;0;0;NA;92186;0;2020-05-12;236
2020-05-11;"Košický kraj";0;0;0;0;NA;92186;0;2020-05-11;236
2020-05-09;"Košický kraj";0;0;0;0;NA;92186;0;2020-05-09;236
2020-05-07;"Košický kraj";0;0;0;0;NA;92186;0;2020-05-07;236
2020-05-06;"Košický kraj";1;0;0;0;NA;92186;1;2020-05-06;236
2020-05-05;"Košický kraj";0;0;0;0;NA;92186;0;2020-05-05;235
2020-05-04;"Košický kraj";0;0;0;0;NA;92186;0;2020-05-04;235
2020-05-03;"Košický kraj";0;0;0;0;NA;92186;0;2020-05-03;235
2020-05-02;"Košický kraj";1;0;0;0;NA;92186;1;2020-05-02;235
2020-05-01;"Košický kraj";0;0;0;0;NA;92186;0;2020-05-01;234
2020-04-30;"Košický kraj";1;0;0;0;NA;92186;1;2020-04-30;234
2020-04-29;"Košický kraj";1;0;0;0;NA;92186;1;2020-04-29;233
2020-04-28;"Košický kraj";1;0;0;0;NA;92186;1;2020-04-28;232
2020-04-27;"Košický kraj";1;0;0;0;NA;92186;1;2020-04-27;231
2020-04-26;"Košický kraj";0;0;0;0;NA;92186;0;2020-04-26;230
2020-04-25;"Košický kraj";0;0;0;0;NA;92186;0;2020-04-25;230
2020-04-24;"Košický kraj";3;0;0;0;NA;92186;3;2020-04-24;230
2020-04-23;"Košický kraj";4;0;0;0;NA;92186;4;2020-04-23;227
2020-04-22;"Košický kraj";21;0;0;0;NA;92186;21;2020-04-22;223
2020-04-21;"Košický kraj";4;0;0;0;NA;92186;4;2020-04-21;202
2020-04-20;"Košický kraj";0;0;0;0;NA;92186;0;2020-04-20;198
2020-04-19;"Košický kraj";1;0;0;0;NA;92186;1;2020-04-19;198
2020-04-18;"Košický kraj";2;0;0;0;NA;92186;2;2020-04-18;197
2020-04-17;"Košický kraj";7;0;0;0;NA;92186;7;2020-04-17;195
2020-04-16;"Košický kraj";29;0;0;0;NA;92186;29;2020-04-16;188
2020-04-15;"Košický kraj";50;0;0;0;NA;92186;50;2020-04-15;159
2020-04-14;"Košický kraj";4;0;0;0;NA;92186;4;2020-04-14;109
2020-04-13;"Košický kraj";5;0;0;0;NA;92186;5;2020-04-13;105
2020-04-12;"Košický kraj";4;0;0;0;NA;92186;4;2020-04-12;100
2020-04-11;"Košický kraj";2;0;0;0;NA;92186;2;2020-04-11;96
2020-04-10;"Košický kraj";1;0;0;0;NA;92186;1;2020-04-10;94
2020-04-09;"Košický kraj";4;0;0;0;NA;92186;4;2020-04-09;93
2020-04-08;"Košický kraj";5;0;0;0;NA;92186;5;2020-04-08;89
2020-04-07;"Košický kraj";34;0;0;0;NA;92186;34;2020-04-07;84
2020-04-06;"Košický kraj";6;0;0;0;NA;92186;6;2020-04-06;50
2020-04-05;"Košický kraj";4;0;0;0;NA;92186;4;2020-04-05;44
2020-04-04;"Košický kraj";5;0;0;0;NA;92186;5;2020-04-04;40
2020-04-03;"Košický kraj";4;0;0;0;NA;92186;4;2020-04-03;35
2020-04-02;"Košický kraj";3;0;0;0;NA;92186;3;2020-04-02;31
2020-04-01;"Košický kraj";3;0;0;0;NA;92186;3;2020-04-01;28
2020-03-31;"Košický kraj";1;0;0;0;NA;92186;1;2020-03-31;25
2020-03-30;"Košický kraj";5;0;0;0;NA;92186;5;2020-03-30;24
2020-03-29;"Košický kraj";0;0;0;0;NA;92186;0;2020-03-29;19
2020-03-28;"Košický kraj";1;0;0;0;NA;92186;1;2020-03-28;19
2020-03-27;"Košický kraj";1;0;0;0;NA;92186;1;2020-03-27;18
2020-03-26;"Košický kraj";3;0;0;0;NA;92186;3;2020-03-26;17
2020-03-25;"Košický kraj";2;0;0;0;NA;92186;2;2020-03-25;14
2020-03-24;"Košický kraj";0;0;0;0;NA;92186;0;2020-03-24;12
2020-03-23;"Košický kraj";2;0;0;0;NA;92186;2;2020-03-23;12
2020-03-22;"Košický kraj";0;0;0;0;NA;92186;0;2020-03-22;10
2020-03-21;"Košický kraj";3;0;0;0;NA;92186;3;2020-03-21;10
2020-03-20;"Košický kraj";1;0;0;0;NA;92186;1;2020-03-20;7
2020-03-19;"Košický kraj";0;0;0;0;NA;92186;0;2020-03-19;6
2020-03-18;"Košický kraj";0;0;0;0;NA;92186;0;2020-03-18;6
2020-03-17;"Košický kraj";0;0;0;0;NA;92186;0;2020-03-17;6
2020-03-16;"Košický kraj";3;0;0;0;NA;92186;3;2020-03-16;6
2020-03-15;"Košický kraj";1;0;0;0;NA;92186;1;2020-03-15;3
2020-03-14;"Košický kraj";0;0;0;0;NA;92186;0;2020-03-14;2
2020-03-13;"Košický kraj";2;0;0;0;NA;92186;2;2020-03-13;2
2020-03-12;"Košický kraj";0;0;0;0;NA;92186;0;2020-03-12;0
2020-03-11;"Košický kraj";0;0;0;0;NA;92186;0;2020-03-11;0
2020-03-09;"Košický kraj";1;0;0;0;NA;92186;1;2020-03-09;0
2020-03-08;"Košický kraj";0;0;0;0;NA;92186;0;2020-03-08;-1
2020-03-07;"Košický kraj";0;0;0;0;NA;92186;0;2020-03-07;-1
2020-03-06;"Košický kraj";0;0;0;0;NA;92186;0;2020-03-06;-1
2021-04-13;"Nitriansky kraj";110;12604;81;12685;38055;89891;191;2021-04-13;89891
2021-04-12;"Nitriansky kraj";29;21050;49;21099;NA;89891;78;2021-04-12;89700
2021-04-11;"Nitriansky kraj";1;35423;31;35454;NA;89891;32;2021-04-11;89622
2021-04-10;"Nitriansky kraj";35;84538;96;84634;NA;89891;131;2021-04-10;89590
2021-04-09;"Nitriansky kraj";69;29568;56;29624;NA;89891;125;2021-04-09;89459
2021-04-08;"Nitriansky kraj";71;14622;36;14658;NA;89891;107;2021-04-08;89334
2021-04-07;"Nitriansky kraj";64;18716;43;18759;NA;89891;107;2021-04-07;89227
2021-04-06;"Nitriansky kraj";65;32896;112;33008;NA;89891;177;2021-04-06;89120
2021-04-05;"Nitriansky kraj";37;12467;48;12515;NA;89891;85;2021-04-05;88943
2021-04-04;"Nitriansky kraj";5;17887;35;17922;NA;89891;40;2021-04-04;88858
2021-04-03;"Nitriansky kraj";26;82283;147;82430;NA;89891;173;2021-04-03;88818
2021-04-02;"Nitriansky kraj";32;17062;39;17101;NA;89891;71;2021-04-02;88645
2021-04-01;"Nitriansky kraj";63;24600;83;24683;NA;89891;146;2021-04-01;88574
2021-03-31;"Nitriansky kraj";73;21634;94;21728;NA;89891;167;2021-03-31;88428
2021-03-30;"Nitriansky kraj";125;16918;83;17001;NA;89891;208;2021-03-30;88261
2021-03-29;"Nitriansky kraj";81;25119;99;25218;NA;89891;180;2021-03-29;88053
2021-03-28;"Nitriansky kraj";6;45527;106;45633;NA;89891;112;2021-03-28;87873
2021-03-27;"Nitriansky kraj";39;103659;174;103833;NA;89891;213;2021-03-27;87761
2021-03-26;"Nitriansky kraj";90;40680;115;40795;NA;89891;205;2021-03-26;87548
2021-03-25;"Nitriansky kraj";95;19037;94;19131;NA;89891;189;2021-03-25;87343
2021-03-24;"Nitriansky kraj";90;14672;91;14763;NA;89891;181;2021-03-24;87154
2021-03-23;"Nitriansky kraj";167;16745;66;16811;NA;89891;233;2021-03-23;86973
2021-03-22;"Nitriansky kraj";101;23681;124;23805;NA;89891;225;2021-03-22;86740
2021-03-21;"Nitriansky kraj";27;42100;99;42199;NA;89891;126;2021-03-21;86515
2021-03-20;"Nitriansky kraj";36;99816;207;100023;NA;89891;243;2021-03-20;86389
2021-03-19;"Nitriansky kraj";76;36822;98;36920;NA;89891;174;2021-03-19;86146
2021-03-18;"Nitriansky kraj";103;19755;111;19866;NA;89891;214;2021-03-18;85972
2021-03-17;"Nitriansky kraj";87;15804;127;15931;NA;89891;214;2021-03-17;85758
2021-03-16;"Nitriansky kraj";172;18193;124;18317;NA;89891;296;2021-03-16;85544
2021-03-15;"Nitriansky kraj";130;24469;165;24634;NA;89891;295;2021-03-15;85248
2021-03-14;"Nitriansky kraj";3;45687;107;45794;NA;89891;110;2021-03-14;84953
2021-03-13;"Nitriansky kraj";65;112256;242;112498;NA;89891;307;2021-03-13;84843
2021-03-12;"Nitriansky kraj";127;40267;155;40422;NA;89891;282;2021-03-12;84536
2021-03-11;"Nitriansky kraj";131;18879;132;19011;NA;89891;263;2021-03-11;84254
2021-03-10;"Nitriansky kraj";96;17389;143;17532;NA;89891;239;2021-03-10;83991
2021-03-09;"Nitriansky kraj";260;17535;149;17684;NA;89891;409;2021-03-09;83752
2021-03-08;"Nitriansky kraj";145;27025;172;27197;NA;89891;317;2021-03-08;83343
2021-03-07;"Nitriansky kraj";48;46862;185;47047;NA;89891;233;2021-03-07;83026
2021-03-06;"Nitriansky kraj";86;110858;326;111184;NA;89891;412;2021-03-06;82793
2021-03-05;"Nitriansky kraj";133;38797;200;38997;NA;89891;333;2021-03-05;82381
2021-03-04;"Nitriansky kraj";176;18206;173;18379;NA;89891;349;2021-03-04;82048
2021-03-03;"Nitriansky kraj";172;17161;177;17338;NA;89891;349;2021-03-03;81699
2021-03-02;"Nitriansky kraj";274;20896;366;21262;NA;89891;640;2021-03-02;81350
2021-03-01;"Nitriansky kraj";133;27858;279;28137;NA;89891;412;2021-03-01;80710
2021-02-28;"Nitriansky kraj";80;40866;218;41084;NA;89891;298;2021-02-28;80298
2021-02-27;"Nitriansky kraj";101;106352;496;106848;NA;89891;597;2021-02-27;80000
2021-02-26;"Nitriansky kraj";109;36677;310;36987;NA;89891;419;2021-02-26;79403
2021-02-25;"Nitriansky kraj";188;15210;208;15418;NA;89891;396;2021-02-25;78984
2021-02-24;"Nitriansky kraj";125;13844;260;14104;NA;89891;385;2021-02-24;78588
2021-02-23;"Nitriansky kraj";273;15343;271;15614;NA;89891;544;2021-02-23;78203
2021-02-22;"Nitriansky kraj";154;26466;330;26796;NA;89891;484;2021-02-22;77659
2021-02-21;"Nitriansky kraj";22;43657;320;43977;NA;89891;342;2021-02-21;77175
2021-02-20;"Nitriansky kraj";128;108306;584;108890;NA;89891;712;2021-02-20;76833
2021-02-19;"Nitriansky kraj";173;36883;325;37208;NA;89891;498;2021-02-19;76121
2021-02-18;"Nitriansky kraj";202;16938;285;17223;NA;89891;487;2021-02-18;75623
2021-02-17;"Nitriansky kraj";198;12079;300;12379;NA;89891;498;2021-02-17;75136
2021-02-16;"Nitriansky kraj";284;14490;281;14771;NA;89891;565;2021-02-16;74638
2021-02-15;"Nitriansky kraj";122;27603;471;28074;NA;89891;593;2021-02-15;74073
2021-02-14;"Nitriansky kraj";8;50408;318;50726;NA;89891;326;2021-02-14;73480
2021-02-13;"Nitriansky kraj";127;110035;689;110724;NA;89891;816;2021-02-13;73154
2021-02-12;"Nitriansky kraj";162;33400;407;33807;NA;89891;569;2021-02-12;72338
2021-02-11;"Nitriansky kraj";195;12410;270;12680;NA;89891;465;2021-02-11;71769
2021-02-10;"Nitriansky kraj";186;17633;644;18277;NA;89891;830;2021-02-10;71304
2021-02-09;"Nitriansky kraj";260;18523;385;18908;NA;89891;645;2021-02-09;70474
2021-02-08;"Nitriansky kraj";177;39292;585;39877;NA;89891;762;2021-02-08;69829
2021-02-07;"Nitriansky kraj";20;52307;513;52820;NA;89891;533;2021-02-07;69067
2021-02-06;"Nitriansky kraj";129;101903;778;102681;NA;89891;907;2021-02-06;68534
2021-02-05;"Nitriansky kraj";244;32647;616;33263;NA;89891;860;2021-02-05;67627
2021-02-04;"Nitriansky kraj";308;15681;512;16193;NA;89891;820;2021-02-04;66767
2021-02-03;"Nitriansky kraj";191;13370;372;13742;NA;89891;563;2021-02-03;65947
2021-02-02;"Nitriansky kraj";327;17867;383;18250;NA;89891;710;2021-02-02;65384
2021-02-01;"Nitriansky kraj";221;24048;459;24507;NA;89891;680;2021-02-01;64674
2021-01-31;"Nitriansky kraj";9;45339;496;45835;NA;89891;505;2021-01-31;63994
2021-01-30;"Nitriansky kraj";152;90392;930;91322;NA;89891;1082;2021-01-30;63489
2021-01-29;"Nitriansky kraj";302;23757;488;24245;NA;89891;790;2021-01-29;62407
2021-01-28;"Nitriansky kraj";269;11370;398;11768;NA;89891;667;2021-01-28;61617
2021-01-27;"Nitriansky kraj";235;6759;299;7058;NA;89891;534;2021-01-27;60950
2021-01-26;"Nitriansky kraj";345;16036;454;16490;NA;89891;799;2021-01-26;60416
2021-01-25;"Nitriansky kraj";201;21729;429;22158;NA;89891;630;2021-01-25;59617
2021-01-24;"Nitriansky kraj";12;78657;887;79544;NA;89891;899;2021-01-24;58987
2021-01-23;"Nitriansky kraj";277;96435;1424;97859;NA;89891;1701;2021-01-23;58088
2021-01-22;"Nitriansky kraj";139;35406;614;36020;NA;89891;753;2021-01-22;56387
2021-01-21;"Nitriansky kraj";305;14649;412;15061;NA;89891;717;2021-01-21;55634
2021-01-20;"Nitriansky kraj";326;11991;625;12616;NA;89891;951;2021-01-20;54917
2021-01-19;"Nitriansky kraj";344;11022;633;11655;NA;89891;977;2021-01-19;53966
2021-01-18;"Nitriansky kraj";367;8672;511;9183;NA;89891;878;2021-01-18;52989
2021-01-17;"Nitriansky kraj";97;15061;275;15336;NA;89891;372;2021-01-17;52111
2021-01-16;"Nitriansky kraj";64;36547;678;37225;NA;89891;742;2021-01-16;51739
2021-01-15;"Nitriansky kraj";373;15940;474;16414;NA;89891;847;2021-01-15;50997
2021-01-14;"Nitriansky kraj";627;10577;452;11029;NA;89891;1079;2021-01-14;50150
2021-01-13;"Nitriansky kraj";663;9234;484;9718;NA;89891;1147;2021-01-13;49071
2021-01-12;"Nitriansky kraj";642;9014;557;9571;NA;89891;1199;2021-01-12;47924
2021-01-11;"Nitriansky kraj";422;8625;556;9181;NA;89891;978;2021-01-11;46725
2021-01-10;"Nitriansky kraj";44;19841;730;20571;NA;89891;774;2021-01-10;45747
2021-01-09;"Nitriansky kraj";532;36823;1071;37894;NA;89891;1603;2021-01-09;44973
2021-01-08;"Nitriansky kraj";817;14297;711;15008;NA;89891;1528;2021-01-08;43370
2021-01-07;"Nitriansky kraj";438;10820;823;11643;NA;89891;1261;2021-01-07;41842
2021-01-06;"Nitriansky kraj";259;3192;197;3389;NA;89891;456;2021-01-06;40581
2021-01-05;"Nitriansky kraj";732;8901;1202;10103;NA;89891;1934;2021-01-05;40125
2021-01-04;"Nitriansky kraj";362;8692;1329;10021;NA;89891;1691;2021-01-04;38191
2021-01-03;"Nitriansky kraj";42;84;20;104;NA;89891;62;2021-01-03;36500
2021-01-02;"Nitriansky kraj";249;1090;26;1116;NA;89891;275;2021-01-02;36438
2021-01-01;"Nitriansky kraj";119;781;95;876;NA;89891;214;2021-01-01;36163
2020-12-31;"Nitriansky kraj";786;7646;962;8608;NA;89891;1748;2020-12-31;35949
2020-12-30;"Nitriansky kraj";1094;9619;1165;10784;NA;89891;2259;2020-12-30;34201
2020-12-29;"Nitriansky kraj";607;8277;1286;9563;NA;89891;1893;2020-12-29;31942
2020-12-28;"Nitriansky kraj";83;6981;1271;8252;NA;89891;1354;2020-12-28;30049
2020-12-27;"Nitriansky kraj";22;60;8;68;NA;89891;30;2020-12-27;28695
2020-12-26;"Nitriansky kraj";54;297;56;353;NA;89891;110;2020-12-26;28665
2020-12-25;"Nitriansky kraj";35;60;11;71;NA;89891;46;2020-12-25;28555
2020-12-24;"Nitriansky kraj";514;1861;176;2037;NA;89891;690;2020-12-24;28509
2020-12-23;"Nitriansky kraj";349;15295;843;16138;NA;89891;1192;2020-12-23;27819
2020-12-22;"Nitriansky kraj";673;10987;994;11981;NA;89891;1667;2020-12-22;26627
2020-12-21;"Nitriansky kraj";128;7953;976;8929;NA;89891;1104;2020-12-21;24960
2020-12-20;"Nitriansky kraj";77;50;10;60;NA;89891;87;2020-12-20;23856
2020-12-19;"Nitriansky kraj";262;2259;159;2418;NA;89891;421;2020-12-19;23769
2020-12-18;"Nitriansky kraj";512;8437;551;8988;NA;89891;1063;2020-12-18;23348
2020-12-17;"Nitriansky kraj";586;6894;514;7408;NA;89891;1100;2020-12-17;22285
2020-12-16;"Nitriansky kraj";357;8785;546;9331;NA;89891;903;2020-12-16;21185
2020-12-15;"Nitriansky kraj";461;9365;769;10134;NA;89891;1230;2020-12-15;20282
2020-12-14;"Nitriansky kraj";217;8089;827;8916;NA;89891;1044;2020-12-14;19052
2020-12-13;"Nitriansky kraj";12;69;6;75;NA;89891;18;2020-12-13;18008
2020-12-12;"Nitriansky kraj";341;1832;125;1957;NA;89891;466;2020-12-12;17990
2020-12-11;"Nitriansky kraj";409;5431;416;5847;NA;89891;825;2020-12-11;17524
2020-12-10;"Nitriansky kraj";360;5473;351;5824;NA;89891;711;2020-12-10;16699
2020-12-09;"Nitriansky kraj";362;5506;529;6035;NA;89891;891;2020-12-09;15988
2020-12-08;"Nitriansky kraj";340;8611;589;9200;NA;89891;929;2020-12-08;15097
2020-12-07;"Nitriansky kraj";139;6243;573;6816;NA;89891;712;2020-12-07;14168
2020-12-06;"Nitriansky kraj";15;89;4;93;NA;89891;19;2020-12-06;13456
2020-12-05;"Nitriansky kraj";136;1388;19;1407;NA;89891;155;2020-12-05;13437
2020-12-04;"Nitriansky kraj";232;2884;74;2958;NA;89891;306;2020-12-04;13282
2020-12-03;"Nitriansky kraj";248;2471;110;2581;NA;89891;358;2020-12-03;12976
2020-12-02;"Nitriansky kraj";252;3733;163;3896;NA;89891;415;2020-12-02;12618
2020-12-01;"Nitriansky kraj";331;2891;131;3022;NA;89891;462;2020-12-01;12203
2020-11-30;"Nitriansky kraj";91;4228;188;4416;NA;89891;279;2020-11-30;11741
2020-11-29;"Nitriansky kraj";3;634;42;676;NA;89891;45;2020-11-29;11462
2020-11-28;"Nitriansky kraj";135;892;31;923;NA;89891;166;2020-11-28;11417
2020-11-27;"Nitriansky kraj";177;1553;59;1612;NA;89891;236;2020-11-27;11251
2020-11-26;"Nitriansky kraj";191;2433;59;2492;NA;89891;250;2020-11-26;11015
2020-11-25;"Nitriansky kraj";325;2154;74;2228;NA;89891;399;2020-11-25;10765
2020-11-24;"Nitriansky kraj";147;1390;58;1448;NA;89891;205;2020-11-24;10366
2020-11-23;"Nitriansky kraj";102;9585;209;9794;NA;89891;311;2020-11-23;10161
2020-11-22;"Nitriansky kraj";7;1176;25;1201;NA;89891;32;2020-11-22;9850
2020-11-21;"Nitriansky kraj";86;1083;38;1121;NA;89891;124;2020-11-21;9818
2020-11-20;"Nitriansky kraj";264;4020;101;4121;NA;89891;365;2020-11-20;9694
2020-11-19;"Nitriansky kraj";185;2953;133;3086;NA;89891;318;2020-11-19;9329
2020-11-18;"Nitriansky kraj";188;2109;77;2186;NA;89891;265;2020-11-18;9011
2020-11-17;"Nitriansky kraj";178;596;29;625;NA;89891;207;2020-11-17;8746
2020-11-16;"Nitriansky kraj";139;1836;75;1911;NA;89891;214;2020-11-16;8539
2020-11-15;"Nitriansky kraj";14;180;5;185;NA;89891;19;2020-11-15;8325
2020-11-14;"Nitriansky kraj";114;1131;32;1163;NA;89891;146;2020-11-14;8306
2020-11-13;"Nitriansky kraj";210;936;46;982;NA;89891;256;2020-11-13;8160
2020-11-12;"Nitriansky kraj";256;1195;35;1230;NA;89891;291;2020-11-12;7904
2020-11-11;"Nitriansky kraj";279;1247;22;1269;NA;89891;301;2020-11-11;7613
2020-11-10;"Nitriansky kraj";192;2623;39;2662;NA;89891;231;2020-11-10;7312
2020-11-09;"Nitriansky kraj";128;3136;43;3179;NA;89891;171;2020-11-09;7081
2020-11-08;"Nitriansky kraj";43;1462;32;1494;NA;89891;75;2020-11-08;6910
2020-11-07;"Nitriansky kraj";130;1046;4;1050;NA;89891;134;2020-11-07;6835
2020-11-06;"Nitriansky kraj";210;2264;32;2296;NA;89891;242;2020-11-06;6701
2020-11-05;"Nitriansky kraj";178;312;14;326;NA;89891;192;2020-11-05;6459
2020-11-04;"Nitriansky kraj";211;297;16;313;NA;89891;227;2020-11-04;6267
2020-11-03;"Nitriansky kraj";216;435;25;460;NA;89891;241;2020-11-03;6040
2020-11-02;"Nitriansky kraj";171;4208;46;4254;NA;89891;217;2020-11-02;5799
2020-11-01;"Nitriansky kraj";130;2546;27;2573;NA;89891;157;2020-11-01;5582
2020-10-31;"Nitriansky kraj";261;10466;134;10600;NA;89891;395;2020-10-31;5425
2020-10-30;"Nitriansky kraj";204;2593;42;2635;NA;89891;246;2020-10-30;5030
2020-10-29;"Nitriansky kraj";293;841;39;880;NA;89891;332;2020-10-29;4784
2020-10-28;"Nitriansky kraj";216;608;59;667;NA;89891;275;2020-10-28;4452
2020-10-27;"Nitriansky kraj";296;550;47;597;NA;89891;343;2020-10-27;4177
2020-10-26;"Nitriansky kraj";69;633;56;689;NA;89891;125;2020-10-26;3834
2020-10-25;"Nitriansky kraj";50;62;8;70;NA;89891;58;2020-10-25;3709
2020-10-24;"Nitriansky kraj";169;237;11;248;NA;89891;180;2020-10-24;3651
2020-10-23;"Nitriansky kraj";282;762;41;803;NA;89891;323;2020-10-23;3471
2020-10-22;"Nitriansky kraj";137;444;39;483;NA;89891;176;2020-10-22;3148
2020-10-21;"Nitriansky kraj";146;208;3;211;NA;89891;149;2020-10-21;2972
2020-10-20;"Nitriansky kraj";197;78;6;84;NA;89891;203;2020-10-20;2823
2020-10-19;"Nitriansky kraj";148;79;1;80;NA;89891;149;2020-10-19;2620
2020-10-18;"Nitriansky kraj";22;0;0;0;NA;89891;22;2020-10-18;2471
2020-10-17;"Nitriansky kraj";67;0;0;0;NA;89891;67;2020-10-17;2449
2020-10-16;"Nitriansky kraj";133;28;3;31;NA;89891;136;2020-10-16;2382
2020-10-15;"Nitriansky kraj";106;31;2;33;NA;89891;108;2020-10-15;2246
2020-10-14;"Nitriansky kraj";80;22;4;26;NA;89891;84;2020-10-14;2138
2020-10-13;"Nitriansky kraj";101;82;2;84;NA;89891;103;2020-10-13;2054
2020-10-12;"Nitriansky kraj";36;0;0;0;NA;89891;36;2020-10-12;1951
2020-10-11;"Nitriansky kraj";8;0;0;0;NA;89891;8;2020-10-11;1915
2020-10-10;"Nitriansky kraj";107;0;0;0;NA;89891;107;2020-10-10;1907
2020-10-09;"Nitriansky kraj";120;0;0;0;NA;89891;120;2020-10-09;1800
2020-10-08;"Nitriansky kraj";132;0;0;0;NA;89891;132;2020-10-08;1680
2020-10-07;"Nitriansky kraj";81;0;0;0;NA;89891;81;2020-10-07;1548
2020-10-06;"Nitriansky kraj";48;0;0;0;NA;89891;48;2020-10-06;1467
2020-10-05;"Nitriansky kraj";20;0;0;0;NA;89891;20;2020-10-05;1419
2020-10-04;"Nitriansky kraj";17;0;0;0;NA;89891;17;2020-10-04;1399
2020-10-03;"Nitriansky kraj";96;0;0;0;NA;89891;96;2020-10-03;1382
2020-10-02;"Nitriansky kraj";108;0;0;0;NA;89891;108;2020-10-02;1286
2020-10-01;"Nitriansky kraj";95;0;0;0;NA;89891;95;2020-10-01;1178
2020-09-30;"Nitriansky kraj";100;0;0;0;NA;89891;100;2020-09-30;1083
2020-09-29;"Nitriansky kraj";50;0;0;0;NA;89891;50;2020-09-29;983
2020-09-28;"Nitriansky kraj";22;0;0;0;NA;89891;22;2020-09-28;933
2020-09-27;"Nitriansky kraj";16;0;0;0;NA;89891;16;2020-09-27;911
2020-09-26;"Nitriansky kraj";64;0;0;0;NA;89891;64;2020-09-26;895
2020-09-25;"Nitriansky kraj";90;0;0;0;NA;89891;90;2020-09-25;831
2020-09-24;"Nitriansky kraj";51;0;0;0;NA;89891;51;2020-09-24;741
2020-09-23;"Nitriansky kraj";70;0;0;0;NA;89891;70;2020-09-23;690
2020-09-22;"Nitriansky kraj";18;0;0;0;NA;89891;18;2020-09-22;620
2020-09-21;"Nitriansky kraj";10;0;0;0;NA;89891;10;2020-09-21;602
2020-09-20;"Nitriansky kraj";4;0;0;0;NA;89891;4;2020-09-20;592
2020-09-19;"Nitriansky kraj";14;0;0;0;NA;89891;14;2020-09-19;588
2020-09-18;"Nitriansky kraj";19;0;0;0;NA;89891;19;2020-09-18;574
2020-09-17;"Nitriansky kraj";30;0;0;0;NA;89891;30;2020-09-17;555
2020-09-16;"Nitriansky kraj";6;0;0;0;NA;89891;6;2020-09-16;525
2020-09-15;"Nitriansky kraj";19;0;0;0;NA;89891;19;2020-09-15;519
2020-09-14;"Nitriansky kraj";28;0;0;0;NA;89891;28;2020-09-14;500
2020-09-13;"Nitriansky kraj";3;0;0;0;NA;89891;3;2020-09-13;472
2020-09-12;"Nitriansky kraj";12;0;0;0;NA;89891;12;2020-09-12;469
2020-09-11;"Nitriansky kraj";23;0;0;0;NA;89891;23;2020-09-11;457
2020-09-10;"Nitriansky kraj";29;0;0;0;NA;89891;29;2020-09-10;434
2020-09-09;"Nitriansky kraj";19;0;0;0;NA;89891;19;2020-09-09;405
2020-09-08;"Nitriansky kraj";17;0;0;0;NA;89891;17;2020-09-08;386
2020-09-07;"Nitriansky kraj";17;0;0;0;NA;89891;17;2020-09-07;369
2020-09-06;"Nitriansky kraj";0;0;0;0;NA;89891;0;2020-09-06;352
2020-09-05;"Nitriansky kraj";22;0;0;0;NA;89891;22;2020-09-05;352
2020-09-04;"Nitriansky kraj";34;0;0;0;NA;89891;34;2020-09-04;330
2020-09-03;"Nitriansky kraj";15;0;0;0;NA;89891;15;2020-09-03;296
2020-09-02;"Nitriansky kraj";15;0;0;0;NA;89891;15;2020-09-02;281
2020-09-01;"Nitriansky kraj";2;0;0;0;NA;89891;2;2020-09-01;266
2020-08-31;"Nitriansky kraj";12;0;0;0;NA;89891;12;2020-08-31;264
2020-08-30;"Nitriansky kraj";1;0;0;0;NA;89891;1;2020-08-30;252
2020-08-29;"Nitriansky kraj";7;0;0;0;NA;89891;7;2020-08-29;251
2020-08-28;"Nitriansky kraj";12;0;0;0;NA;89891;12;2020-08-28;244
2020-08-27;"Nitriansky kraj";12;0;0;0;NA;89891;12;2020-08-27;232
2020-08-26;"Nitriansky kraj";4;0;0;0;NA;89891;4;2020-08-26;220
2020-08-25;"Nitriansky kraj";8;0;0;0;NA;89891;8;2020-08-25;216
2020-08-24;"Nitriansky kraj";1;0;0;0;NA;89891;1;2020-08-24;208
2020-08-23;"Nitriansky kraj";1;0;0;0;NA;89891;1;2020-08-23;207
2020-08-22;"Nitriansky kraj";2;0;0;0;NA;89891;2;2020-08-22;206
2020-08-21;"Nitriansky kraj";0;0;0;0;NA;89891;0;2020-08-21;204
2020-08-20;"Nitriansky kraj";7;0;0;0;NA;89891;7;2020-08-20;204
2020-08-19;"Nitriansky kraj";1;0;0;0;NA;89891;1;2020-08-19;197
2020-08-18;"Nitriansky kraj";2;0;0;0;NA;89891;2;2020-08-18;196
2020-08-17;"Nitriansky kraj";1;0;0;0;NA;89891;1;2020-08-17;194
2020-08-16;"Nitriansky kraj";0;0;0;0;NA;89891;0;2020-08-16;193
2020-08-15;"Nitriansky kraj";2;0;0;0;NA;89891;2;2020-08-15;193
2020-08-14;"Nitriansky kraj";1;0;0;0;NA;89891;1;2020-08-14;191
2020-08-13;"Nitriansky kraj";4;0;0;0;NA;89891;4;2020-08-13;190
2020-08-12;"Nitriansky kraj";0;0;0;0;NA;89891;0;2020-08-12;186
2020-08-11;"Nitriansky kraj";1;0;0;0;NA;89891;1;2020-08-11;186
2020-08-10;"Nitriansky kraj";0;0;0;0;NA;89891;0;2020-08-10;185
2020-08-09;"Nitriansky kraj";0;0;0;0;NA;89891;0;2020-08-09;185
2020-08-08;"Nitriansky kraj";0;0;0;0;NA;89891;0;2020-08-08;185
2020-08-07;"Nitriansky kraj";4;0;0;0;NA;89891;4;2020-08-07;185
2020-08-06;"Nitriansky kraj";4;0;0;0;NA;89891;4;2020-08-06;181
2020-08-05;"Nitriansky kraj";0;0;0;0;NA;89891;0;2020-08-05;177
2020-08-04;"Nitriansky kraj";7;0;0;0;NA;89891;7;2020-08-04;177
2020-08-03;"Nitriansky kraj";0;0;0;0;NA;89891;0;2020-08-03;170
2020-08-02;"Nitriansky kraj";0;0;0;0;NA;89891;0;2020-08-02;170
2020-08-01;"Nitriansky kraj";0;0;0;0;NA;89891;0;2020-08-01;170
2020-07-31;"Nitriansky kraj";0;0;0;0;NA;89891;0;2020-07-31;170
2020-07-30;"Nitriansky kraj";0;0;0;0;NA;89891;0;2020-07-30;170
2020-07-29;"Nitriansky kraj";0;0;0;0;NA;89891;0;2020-07-29;170
2020-07-28;"Nitriansky kraj";0;0;0;0;NA;89891;0;2020-07-28;170
2020-07-27;"Nitriansky kraj";0;0;0;0;NA;89891;0;2020-07-27;170
2020-07-26;"Nitriansky kraj";0;0;0;0;NA;89891;0;2020-07-26;170
2020-07-25;"Nitriansky kraj";0;0;0;0;NA;89891;0;2020-07-25;170
2020-07-24;"Nitriansky kraj";1;0;0;0;NA;89891;1;2020-07-24;170
2020-07-23;"Nitriansky kraj";3;0;0;0;NA;89891;3;2020-07-23;169
2020-07-22;"Nitriansky kraj";2;0;0;0;NA;89891;2;2020-07-22;166
2020-07-21;"Nitriansky kraj";14;0;0;0;NA;89891;14;2020-07-21;164
2020-07-20;"Nitriansky kraj";11;0;0;0;NA;89891;11;2020-07-20;150
2020-07-19;"Nitriansky kraj";0;0;0;0;NA;89891;0;2020-07-19;139
2020-07-18;"Nitriansky kraj";0;0;0;0;NA;89891;0;2020-07-18;139
2020-07-17;"Nitriansky kraj";0;0;0;0;NA;89891;0;2020-07-17;139
2020-07-16;"Nitriansky kraj";4;0;0;0;NA;89891;4;2020-07-16;139
2020-07-15;"Nitriansky kraj";5;0;0;0;NA;89891;5;2020-07-15;135
2020-07-14;"Nitriansky kraj";0;0;0;0;NA;89891;0;2020-07-14;130
2020-07-13;"Nitriansky kraj";0;0;0;0;NA;89891;0;2020-07-13;130
2020-07-12;"Nitriansky kraj";0;0;0;0;NA;89891;0;2020-07-12;130
2020-07-11;"Nitriansky kraj";0;0;0;0;NA;89891;0;2020-07-11;130
2020-07-10;"Nitriansky kraj";0;0;0;0;NA;89891;0;2020-07-10;130
2020-07-09;"Nitriansky kraj";1;0;0;0;NA;89891;1;2020-07-09;130
2020-07-08;"Nitriansky kraj";2;0;0;0;NA;89891;2;2020-07-08;129
2020-07-07;"Nitriansky kraj";0;0;0;0;NA;89891;0;2020-07-07;127
2020-07-06;"Nitriansky kraj";0;0;0;0;NA;89891;0;2020-07-06;127
2020-07-05;"Nitriansky kraj";0;0;0;0;NA;89891;0;2020-07-05;127
2020-07-04;"Nitriansky kraj";0;0;0;0;NA;89891;0;2020-07-04;127
2020-07-03;"Nitriansky kraj";0;0;0;0;NA;89891;0;2020-07-03;127
2020-07-02;"Nitriansky kraj";0;0;0;0;NA;89891;0;2020-07-02;127
2020-07-01;"Nitriansky kraj";3;0;0;0;NA;89891;3;2020-07-01;127
2020-06-30;"Nitriansky kraj";0;0;0;0;NA;89891;0;2020-06-30;124
2020-06-29;"Nitriansky kraj";0;0;0;0;NA;89891;0;2020-06-29;124
2020-06-28;"Nitriansky kraj";0;0;0;0;NA;89891;0;2020-06-28;124
2020-06-27;"Nitriansky kraj";0;0;0;0;NA;89891;0;2020-06-27;124
2020-06-26;"Nitriansky kraj";0;0;0;0;NA;89891;0;2020-06-26;124
2020-06-25;"Nitriansky kraj";0;0;0;0;NA;89891;0;2020-06-25;124
2020-06-24;"Nitriansky kraj";1;0;0;0;NA;89891;1;2020-06-24;124
2020-06-23;"Nitriansky kraj";0;0;0;0;NA;89891;0;2020-06-23;123
2020-06-22;"Nitriansky kraj";0;0;0;0;NA;89891;0;2020-06-22;123
2020-06-21;"Nitriansky kraj";0;0;0;0;NA;89891;0;2020-06-21;123
2020-06-20;"Nitriansky kraj";0;0;0;0;NA;89891;0;2020-06-20;123
2020-06-19;"Nitriansky kraj";0;0;0;0;NA;89891;0;2020-06-19;123
2020-06-18;"Nitriansky kraj";0;0;0;0;NA;89891;0;2020-06-18;123
2020-06-17;"Nitriansky kraj";0;0;0;0;NA;89891;0;2020-06-17;123
2020-06-16;"Nitriansky kraj";0;0;0;0;NA;89891;0;2020-06-16;123
2020-06-14;"Nitriansky kraj";0;0;0;0;NA;89891;0;2020-06-14;123
2020-06-13;"Nitriansky kraj";0;0;0;0;NA;89891;0;2020-06-13;123
2020-06-12;"Nitriansky kraj";0;0;0;0;NA;89891;0;2020-06-12;123
2020-06-11;"Nitriansky kraj";0;0;0;0;NA;89891;0;2020-06-11;123
2020-06-10;"Nitriansky kraj";1;0;0;0;NA;89891;1;2020-06-10;123
2020-06-09;"Nitriansky kraj";1;0;0;0;NA;89891;1;2020-06-09;122
2020-06-08;"Nitriansky kraj";0;0;0;0;NA;89891;0;2020-06-08;121
2020-06-07;"Nitriansky kraj";0;0;0;0;NA;89891;0;2020-06-07;121
2020-06-05;"Nitriansky kraj";0;0;0;0;NA;89891;0;2020-06-05;121
2020-06-03;"Nitriansky kraj";0;0;0;0;NA;89891;0;2020-06-03;121
2020-06-02;"Nitriansky kraj";1;0;0;0;NA;89891;1;2020-06-02;121
2020-05-31;"Nitriansky kraj";0;0;0;0;NA;89891;0;2020-05-31;120
2020-05-29;"Nitriansky kraj";0;0;0;0;NA;89891;0;2020-05-29;120
2020-05-27;"Nitriansky kraj";0;0;0;0;NA;89891;0;2020-05-27;120
2020-05-26;"Nitriansky kraj";0;0;0;0;NA;89891;0;2020-05-26;120
2020-05-25;"Nitriansky kraj";0;0;0;0;NA;89891;0;2020-05-25;120
2020-05-24;"Nitriansky kraj";2;0;0;0;NA;89891;2;2020-05-24;120
2020-05-23;"Nitriansky kraj";0;0;0;0;NA;89891;0;2020-05-23;118
2020-05-22;"Nitriansky kraj";1;0;0;0;NA;89891;1;2020-05-22;118
2020-05-21;"Nitriansky kraj";0;0;0;0;NA;89891;0;2020-05-21;117
2020-05-20;"Nitriansky kraj";0;0;0;0;NA;89891;0;2020-05-20;117
2020-05-19;"Nitriansky kraj";0;0;0;0;NA;89891;0;2020-05-19;117
2020-05-17;"Nitriansky kraj";0;0;0;0;NA;89891;0;2020-05-17;117
2020-05-16;"Nitriansky kraj";0;0;0;0;NA;89891;0;2020-05-16;117
2020-05-15;"Nitriansky kraj";1;0;0;0;NA;89891;1;2020-05-15;117
2020-05-14;"Nitriansky kraj";0;0;0;0;NA;89891;0;2020-05-14;116
2020-05-13;"Nitriansky kraj";0;0;0;0;NA;89891;0;2020-05-13;116
2020-05-12;"Nitriansky kraj";0;0;0;0;NA;89891;0;2020-05-12;116
2020-05-11;"Nitriansky kraj";2;0;0;0;NA;89891;2;2020-05-11;116
2020-05-09;"Nitriansky kraj";0;0;0;0;NA;89891;0;2020-05-09;114
2020-05-07;"Nitriansky kraj";1;0;0;0;NA;89891;1;2020-05-07;114
2020-05-06;"Nitriansky kraj";9;0;0;0;NA;89891;9;2020-05-06;113
2020-05-05;"Nitriansky kraj";0;0;0;0;NA;89891;0;2020-05-05;104
2020-05-04;"Nitriansky kraj";5;0;0;0;NA;89891;5;2020-05-04;104
2020-05-03;"Nitriansky kraj";2;0;0;0;NA;89891;2;2020-05-03;99
2020-05-02;"Nitriansky kraj";0;0;0;0;NA;89891;0;2020-05-02;97
2020-05-01;"Nitriansky kraj";1;0;0;0;NA;89891;1;2020-05-01;97
2020-04-30;"Nitriansky kraj";0;0;0;0;NA;89891;0;2020-04-30;96
2020-04-29;"Nitriansky kraj";0;0;0;0;NA;89891;0;2020-04-29;96
2020-04-28;"Nitriansky kraj";1;0;0;0;NA;89891;1;2020-04-28;96
2020-04-27;"Nitriansky kraj";0;0;0;0;NA;89891;0;2020-04-27;95
2020-04-26;"Nitriansky kraj";0;0;0;0;NA;89891;0;2020-04-26;95
2020-04-25;"Nitriansky kraj";0;0;0;0;NA;89891;0;2020-04-25;95
2020-04-24;"Nitriansky kraj";0;0;0;0;NA;89891;0;2020-04-24;95
2020-04-23;"Nitriansky kraj";3;0;0;0;NA;89891;3;2020-04-23;95
2020-04-22;"Nitriansky kraj";16;0;0;0;NA;89891;16;2020-04-22;92
2020-04-21;"Nitriansky kraj";6;0;0;0;NA;89891;6;2020-04-21;76
2020-04-20;"Nitriansky kraj";5;0;0;0;NA;89891;5;2020-04-20;70
2020-04-19;"Nitriansky kraj";0;0;0;0;NA;89891;0;2020-04-19;65
2020-04-18;"Nitriansky kraj";0;0;0;0;NA;89891;0;2020-04-18;65
2020-04-17;"Nitriansky kraj";7;0;0;0;NA;89891;7;2020-04-17;65
2020-04-16;"Nitriansky kraj";0;0;0;0;NA;89891;0;2020-04-16;58
2020-04-15;"Nitriansky kraj";6;0;0;0;NA;89891;6;2020-04-15;58
2020-04-14;"Nitriansky kraj";2;0;0;0;NA;89891;2;2020-04-14;52
2020-04-13;"Nitriansky kraj";1;0;0;0;NA;89891;1;2020-04-13;50
2020-04-12;"Nitriansky kraj";3;0;0;0;NA;89891;3;2020-04-12;49
2020-04-11;"Nitriansky kraj";1;0;0;0;NA;89891;1;2020-04-11;46
2020-04-10;"Nitriansky kraj";1;0;0;0;NA;89891;1;2020-04-10;45
2020-04-09;"Nitriansky kraj";0;0;0;0;NA;89891;0;2020-04-09;44
2020-04-08;"Nitriansky kraj";2;0;0;0;NA;89891;2;2020-04-08;44
2020-04-07;"Nitriansky kraj";3;0;0;0;NA;89891;3;2020-04-07;42
2020-04-06;"Nitriansky kraj";4;0;0;0;NA;89891;4;2020-04-06;39
2020-04-05;"Nitriansky kraj";5;0;0;0;NA;89891;5;2020-04-05;35
2020-04-04;"Nitriansky kraj";0;0;0;0;NA;89891;0;2020-04-04;30
2020-04-03;"Nitriansky kraj";0;0;0;0;NA;89891;0;2020-04-03;30
2020-04-02;"Nitriansky kraj";1;0;0;0;NA;89891;1;2020-04-02;30
2020-04-01;"Nitriansky kraj";0;0;0;0;NA;89891;0;2020-04-01;29
2020-03-31;"Nitriansky kraj";3;0;0;0;NA;89891;3;2020-03-31;29
2020-03-30;"Nitriansky kraj";3;0;0;0;NA;89891;3;2020-03-30;26
2020-03-29;"Nitriansky kraj";3;0;0;0;NA;89891;3;2020-03-29;23
2020-03-28;"Nitriansky kraj";1;0;0;0;NA;89891;1;2020-03-28;20
2020-03-27;"Nitriansky kraj";1;0;0;0;NA;89891;1;2020-03-27;19
2020-03-26;"Nitriansky kraj";1;0;0;0;NA;89891;1;2020-03-26;18
2020-03-25;"Nitriansky kraj";1;0;0;0;NA;89891;1;2020-03-25;17
2020-03-24;"Nitriansky kraj";0;0;0;0;NA;89891;0;2020-03-24;16
2020-03-23;"Nitriansky kraj";2;0;0;0;NA;89891;2;2020-03-23;16
2020-03-22;"Nitriansky kraj";2;0;0;0;NA;89891;2;2020-03-22;14
2020-03-21;"Nitriansky kraj";2;0;0;0;NA;89891;2;2020-03-21;12
2020-03-20;"Nitriansky kraj";1;0;0;0;NA;89891;1;2020-03-20;10
2020-03-19;"Nitriansky kraj";1;0;0;0;NA;89891;1;2020-03-19;9
2020-03-18;"Nitriansky kraj";2;0;0;0;NA;89891;2;2020-03-18;8
2020-03-17;"Nitriansky kraj";1;0;0;0;NA;89891;1;2020-03-17;6
2020-03-16;"Nitriansky kraj";0;0;0;0;NA;89891;0;2020-03-16;5
2020-03-15;"Nitriansky kraj";4;0;0;0;NA;89891;4;2020-03-15;5
2020-03-14;"Nitriansky kraj";1;0;0;0;NA;89891;1;2020-03-14;1
2020-03-13;"Nitriansky kraj";0;0;0;0;NA;89891;0;2020-03-13;0
2020-03-12;"Nitriansky kraj";0;0;0;0;NA;89891;0;2020-03-12;0
2020-03-11;"Nitriansky kraj";0;0;0;0;NA;89891;0;2020-03-11;0
2020-03-09;"Nitriansky kraj";0;0;0;0;NA;89891;0;2020-03-09;0
2020-03-08;"Nitriansky kraj";0;0;0;0;NA;89891;0;2020-03-08;0
2020-03-07;"Nitriansky kraj";0;0;0;0;NA;89891;0;2020-03-07;0
2020-03-06;"Nitriansky kraj";0;0;0;0;NA;89891;0;2020-03-06;0
2021-04-13;"Prešovský kraj";180;21378;102;21480;56386;105658;282;2021-04-13;105658
2021-04-12;"Prešovský kraj";172;30010;174;30184;NA;105658;346;2021-04-12;105376
2021-04-11;"Prešovský kraj";11;48518;177;48695;NA;105658;188;2021-04-11;105030
2021-04-10;"Prešovský kraj";94;89270;282;89552;NA;105658;376;2021-04-10;104842
2021-04-09;"Prešovský kraj";255;37051;200;37251;NA;105658;455;2021-04-09;104466
2021-04-08;"Prešovský kraj";192;18891;157;19048;NA;105658;349;2021-04-08;104011
2021-04-07;"Prešovský kraj";314;27700;154;27854;NA;105658;468;2021-04-07;103662
2021-04-06;"Prešovský kraj";231;41670;268;41938;NA;105658;499;2021-04-06;103194
2021-04-05;"Prešovský kraj";54;18340;132;18472;NA;105658;186;2021-04-05;102695
2021-04-04;"Prešovský kraj";31;18546;91;18637;NA;105658;122;2021-04-04;102509
2021-04-03;"Prešovský kraj";104;89525;316;89841;NA;105658;420;2021-04-03;102387
2021-04-02;"Prešovský kraj";194;23775;134;23909;NA;105658;328;2021-04-02;101967
2021-04-01;"Prešovský kraj";256;42433;195;42628;NA;105658;451;2021-04-01;101639
2021-03-31;"Prešovský kraj";311;30252;227;30479;NA;105658;538;2021-03-31;101188
2021-03-30;"Prešovský kraj";374;20639;203;20842;NA;105658;577;2021-03-30;100650
2021-03-29;"Prešovský kraj";219;28178;229;28407;NA;105658;448;2021-03-29;100073
2021-03-28;"Prešovský kraj";26;46811;256;47067;NA;105658;282;2021-03-28;99625
2021-03-27;"Prešovský kraj";181;88461;373;88834;NA;105658;554;2021-03-27;99343
2021-03-26;"Prešovský kraj";310;47750;299;48049;NA;105658;609;2021-03-26;98789
2021-03-25;"Prešovský kraj";248;22119;211;22330;NA;105658;459;2021-03-25;98180
2021-03-24;"Prešovský kraj";381;19538;213;19751;NA;105658;594;2021-03-24;97721
2021-03-23;"Prešovský kraj";241;20329;255;20584;NA;105658;496;2021-03-23;97127
2021-03-22;"Prešovský kraj";299;28490;286;28776;NA;105658;585;2021-03-22;96631
2021-03-21;"Prešovský kraj";32;50646;274;50920;NA;105658;306;2021-03-21;96046
2021-03-20;"Prešovský kraj";180;91329;419;91748;NA;105658;599;2021-03-20;95740
2021-03-19;"Prešovský kraj";373;46196;320;46516;NA;105658;693;2021-03-19;95141
2021-03-18;"Prešovský kraj";251;21721;217;21938;NA;105658;468;2021-03-18;94448
2021-03-17;"Prešovský kraj";331;20741;230;20971;NA;105658;561;2021-03-17;93980
2021-03-16;"Prešovský kraj";461;21098;277;21375;NA;105658;738;2021-03-16;93419
2021-03-15;"Prešovský kraj";370;28311;324;28635;NA;105658;694;2021-03-15;92681
2021-03-14;"Prešovský kraj";52;48681;350;49031;NA;105658;402;2021-03-14;91987
2021-03-13;"Prešovský kraj";200;94977;531;95508;NA;105658;731;2021-03-13;91585
2021-03-12;"Prešovský kraj";425;47501;368;47869;NA;105658;793;2021-03-12;90854
2021-03-11;"Prešovský kraj";463;22059;253;22312;NA;105658;716;2021-03-11;90061
2021-03-10;"Prešovský kraj";325;20858;293;21151;NA;105658;618;2021-03-10;89345
2021-03-09;"Prešovský kraj";505;21278;287;21565;NA;105658;792;2021-03-09;88727
2021-03-08;"Prešovský kraj";314;28898;333;29231;NA;105658;647;2021-03-08;87935
2021-03-07;"Prešovský kraj";19;45968;370;46338;NA;105658;389;2021-03-07;87288
2021-03-06;"Prešovský kraj";193;96748;591;97339;NA;105658;784;2021-03-06;86899
2021-03-05;"Prešovský kraj";497;45967;393;46360;NA;105658;890;2021-03-05;86115
2021-03-04;"Prešovský kraj";372;22814;359;23173;NA;105658;731;2021-03-04;85225
2021-03-03;"Prešovský kraj";397;21424;330;21754;NA;105658;727;2021-03-03;84494
2021-03-02;"Prešovský kraj";421;22619;357;22976;NA;105658;778;2021-03-02;83767
2021-03-01;"Prešovský kraj";303;27716;406;28122;NA;105658;709;2021-03-01;82989
2021-02-28;"Prešovský kraj";75;45000;387;45387;NA;105658;462;2021-02-28;82280
2021-02-27;"Prešovský kraj";273;89847;733;90580;NA;105658;1006;2021-02-27;81818
2021-02-26;"Prešovský kraj";455;41460;439;41899;NA;105658;894;2021-02-26;80812
2021-02-25;"Prešovský kraj";270;19393;335;19728;NA;105658;605;2021-02-25;79918
2021-02-24;"Prešovský kraj";328;18867;375;19242;NA;105658;703;2021-02-24;79313
2021-02-23;"Prešovský kraj";430;21133;344;21477;NA;105658;774;2021-02-23;78610
2021-02-22;"Prešovský kraj";351;26921;352;27273;NA;105658;703;2021-02-22;77836
2021-02-21;"Prešovský kraj";66;31802;302;32104;NA;105658;368;2021-02-21;77133
2021-02-20;"Prešovský kraj";129;71121;511;71632;NA;105658;640;2021-02-20;76765
2021-02-19;"Prešovský kraj";381;38424;423;38847;NA;105658;804;2021-02-19;76125
2021-02-18;"Prešovský kraj";268;16869;321;17190;NA;105658;589;2021-02-18;75321
2021-02-17;"Prešovský kraj";293;17392;243;17635;NA;105658;536;2021-02-17;74732
2021-02-16;"Prešovský kraj";422;18649;263;18912;NA;105658;685;2021-02-16;74196
2021-02-15;"Prešovský kraj";211;31155;301;31456;NA;105658;512;2021-02-15;73511
2021-02-14;"Prešovský kraj";27;39271;318;39589;NA;105658;345;2021-02-14;72999
2021-02-13;"Prešovský kraj";157;73937;392;74329;NA;105658;549;2021-02-13;72654
2021-02-12;"Prešovský kraj";308;38720;362;39082;NA;105658;670;2021-02-12;72105
2021-02-11;"Prešovský kraj";218;16207;238;16445;NA;105658;456;2021-02-11;71435
2021-02-10;"Prešovský kraj";220;18499;279;18778;NA;105658;499;2021-02-10;70979
2021-02-09;"Prešovský kraj";323;21495;370;21865;NA;105658;693;2021-02-09;70480
2021-02-08;"Prešovský kraj";161;37215;261;37476;NA;105658;422;2021-02-08;69787
2021-02-07;"Prešovský kraj";21;33991;209;34200;NA;105658;230;2021-02-07;69365
2021-02-06;"Prešovský kraj";176;69490;361;69851;NA;105658;537;2021-02-06;69135
2021-02-05;"Prešovský kraj";177;30629;259;30888;NA;105658;436;2021-02-05;68598
2021-02-04;"Prešovský kraj";176;13073;237;13310;NA;105658;413;2021-02-04;68162
2021-02-03;"Prešovský kraj";251;8421;236;8657;NA;105658;487;2021-02-03;67749
2021-02-02;"Prešovský kraj";249;11976;275;12251;NA;105658;524;2021-02-02;67262
2021-02-01;"Prešovský kraj";220;16059;316;16375;NA;105658;536;2021-02-01;66738
2021-01-31;"Prešovský kraj";42;10587;107;10694;NA;105658;149;2021-01-31;66202
2021-01-30;"Prešovský kraj";142;23939;215;24154;NA;105658;357;2021-01-30;66053
2021-01-29;"Prešovský kraj";185;17924;326;18250;NA;105658;511;2021-01-29;65696
2021-01-28;"Prešovský kraj";311;8535;157;8692;NA;105658;468;2021-01-28;65185
2021-01-27;"Prešovský kraj";153;9886;150;10036;NA;105658;303;2021-01-27;64717
2021-01-26;"Prešovský kraj";252;16648;151;16799;NA;105658;403;2021-01-26;64414
2021-01-25;"Prešovský kraj";196;29649;251;29900;NA;105658;447;2021-01-25;64011
2021-01-24;"Prešovský kraj";12;45706;304;46010;NA;105658;316;2021-01-24;63564
2021-01-23;"Prešovský kraj";189;96051;483;96534;NA;105658;672;2021-01-23;63248
2021-01-22;"Prešovský kraj";187;34855;258;35113;NA;105658;445;2021-01-22;62576
2021-01-21;"Prešovský kraj";187;20545;212;20757;NA;105658;399;2021-01-21;62131
2021-01-20;"Prešovský kraj";253;14468;195;14663;NA;105658;448;2021-01-20;61732
2021-01-19;"Prešovský kraj";281;12329;305;12634;NA;105658;586;2021-01-19;61284
2021-01-18;"Prešovský kraj";203;10422;336;10758;NA;105658;539;2021-01-18;60698
2021-01-17;"Prešovský kraj";107;14391;1008;15399;NA;105658;1115;2021-01-17;60159
2021-01-16;"Prešovský kraj";72;1838;85;1923;NA;105658;157;2021-01-16;59044
2021-01-15;"Prešovský kraj";159;7033;257;7290;NA;105658;416;2021-01-15;58887
2021-01-14;"Prešovský kraj";268;5523;252;5775;NA;105658;520;2021-01-14;58471
2021-01-13;"Prešovský kraj";342;5649;226;5875;NA;105658;568;2021-01-13;57951
2021-01-12;"Prešovský kraj";455;8487;409;8896;NA;105658;864;2021-01-12;57383
2021-01-11;"Prešovský kraj";343;8351;479;8830;NA;105658;822;2021-01-11;56519
2021-01-10;"Prešovský kraj";63;476;23;499;NA;105658;86;2021-01-10;55697
2021-01-09;"Prešovský kraj";439;2248;125;2373;NA;105658;564;2021-01-09;55611
2021-01-08;"Prešovský kraj";430;10865;572;11437;NA;105658;1002;2021-01-08;55047
2021-01-07;"Prešovský kraj";268;7789;648;8437;NA;105658;916;2021-01-07;54045
2021-01-06;"Prešovský kraj";315;1484;134;1618;NA;105658;449;2021-01-06;53129
2021-01-05;"Prešovský kraj";655;11591;1003;12594;NA;105658;1658;2021-01-05;52680
2021-01-04;"Prešovský kraj";371;17185;1812;18997;NA;105658;2183;2021-01-04;51022
2021-01-03;"Prešovský kraj";89;459;41;500;NA;105658;130;2021-01-03;48839
2021-01-02;"Prešovský kraj";65;1556;160;1716;NA;105658;225;2021-01-02;48709
2021-01-01;"Prešovský kraj";174;956;71;1027;NA;105658;245;2021-01-01;48484
2020-12-31;"Prešovský kraj";640;11959;783;12742;NA;105658;1423;2020-12-31;48239
2020-12-30;"Prešovský kraj";729;9065;802;9867;NA;105658;1531;2020-12-30;46816
2020-12-29;"Prešovský kraj";435;9273;949;10222;NA;105658;1384;2020-12-29;45285
2020-12-28;"Prešovský kraj";393;9046;1079;10125;NA;105658;1472;2020-12-28;43901
2020-12-27;"Prešovský kraj";40;613;45;658;NA;105658;85;2020-12-27;42429
2020-12-26;"Prešovský kraj";64;176;12;188;NA;105658;76;2020-12-26;42344
2020-12-25;"Prešovský kraj";208;274;11;285;NA;105658;219;2020-12-25;42268
2020-12-24;"Prešovský kraj";452;1214;85;1299;NA;105658;537;2020-12-24;42049
2020-12-23;"Prešovský kraj";361;11369;635;12004;NA;105658;996;2020-12-23;41512
2020-12-22;"Prešovský kraj";439;9371;710;10081;NA;105658;1149;2020-12-22;40516
2020-12-21;"Prešovský kraj";432;9911;880;10791;NA;105658;1312;2020-12-21;39367
2020-12-20;"Prešovský kraj";184;396;20;416;NA;105658;204;2020-12-20;38055
2020-12-19;"Prešovský kraj";276;1658;151;1809;NA;105658;427;2020-12-19;37851
2020-12-18;"Prešovský kraj";396;8845;595;9440;NA;105658;991;2020-12-18;37424
2020-12-17;"Prešovský kraj";427;10826;891;11717;NA;105658;1318;2020-12-17;36433
2020-12-16;"Prešovský kraj";466;6017;508;6525;NA;105658;974;2020-12-16;35115
2020-12-15;"Prešovský kraj";411;5685;584;6269;NA;105658;995;2020-12-15;34141
2020-12-14;"Prešovský kraj";334;5767;508;6275;NA;105658;842;2020-12-14;33146
2020-12-13;"Prešovský kraj";89;29;8;37;NA;105658;97;2020-12-13;32304
2020-12-12;"Prešovský kraj";319;2474;166;2640;NA;105658;485;2020-12-12;32207
2020-12-11;"Prešovský kraj";560;5602;402;6004;NA;105658;962;2020-12-11;31722
2020-12-10;"Prešovský kraj";337;5180;440;5620;NA;105658;777;2020-12-10;30760
2020-12-09;"Prešovský kraj";358;4357;314;4671;NA;105658;672;2020-12-09;29983
2020-12-08;"Prešovský kraj";350;6629;651;7280;NA;105658;1001;2020-12-08;29311
2020-12-07;"Prešovský kraj";309;4345;327;4672;NA;105658;636;2020-12-07;28310
2020-12-06;"Prešovský kraj";59;655;26;681;NA;105658;85;2020-12-06;27674
2020-12-05;"Prešovský kraj";218;984;87;1071;NA;105658;305;2020-12-05;27589
2020-12-04;"Prešovský kraj";352;5070;293;5363;NA;105658;645;2020-12-04;27284
2020-12-03;"Prešovský kraj";284;2456;179;2635;NA;105658;463;2020-12-03;26639
2020-12-02;"Prešovský kraj";232;2830;225;3055;NA;105658;457;2020-12-02;26176
2020-12-01;"Prešovský kraj";281;1884;196;2080;NA;105658;477;2020-12-01;25719
2020-11-30;"Prešovský kraj";196;5333;97;5430;NA;105658;293;2020-11-30;25242
2020-11-29;"Prešovský kraj";27;379;42;421;NA;105658;69;2020-11-29;24949
2020-11-28;"Prešovský kraj";199;690;64;754;NA;105658;263;2020-11-28;24880
2020-11-27;"Prešovský kraj";232;2211;121;2332;NA;105658;353;2020-11-27;24617
2020-11-26;"Prešovský kraj";263;2893;314;3207;NA;105658;577;2020-11-26;24264
2020-11-25;"Prešovský kraj";302;2048;85;2133;NA;105658;387;2020-11-25;23687
2020-11-24;"Prešovský kraj";365;1707;140;1847;NA;105658;505;2020-11-24;23300
2020-11-23;"Prešovský kraj";164;1017;57;1074;NA;105658;221;2020-11-23;22795
2020-11-22;"Prešovský kraj";46;44;1;45;NA;105658;47;2020-11-22;22574
2020-11-21;"Prešovský kraj";205;700;57;757;NA;105658;262;2020-11-21;22527
2020-11-20;"Prešovský kraj";363;2158;99;2257;NA;105658;462;2020-11-20;22265
2020-11-19;"Prešovský kraj";359;2048;233;2281;NA;105658;592;2020-11-19;21803
2020-11-18;"Prešovský kraj";270;398;36;434;NA;105658;306;2020-11-18;21211
2020-11-17;"Prešovský kraj";347;163;19;182;NA;105658;366;2020-11-17;20905
2020-11-16;"Prešovský kraj";226;409;53;462;NA;105658;279;2020-11-16;20539
2020-11-15;"Prešovský kraj";186;39;4;43;NA;105658;190;2020-11-15;20260
2020-11-14;"Prešovský kraj";261;54;4;58;NA;105658;265;2020-11-14;20070
2020-11-13;"Prešovský kraj";395;166;8;174;NA;105658;403;2020-11-13;19805
2020-11-12;"Prešovský kraj";397;229;50;279;NA;105658;447;2020-11-12;19402
2020-11-11;"Prešovský kraj";516;161;15;176;NA;105658;531;2020-11-11;18955
2020-11-10;"Prešovský kraj";437;197;9;206;NA;105658;446;2020-11-10;18424
2020-11-09;"Prešovský kraj";190;4112;945;5057;NA;105658;1135;2020-11-09;17978
2020-11-08;"Prešovský kraj";97;2817;32;2849;NA;105658;129;2020-11-08;16843
2020-11-07;"Prešovský kraj";416;8578;81;8659;NA;105658;497;2020-11-07;16714
2020-11-06;"Prešovský kraj";520;4791;76;4867;NA;105658;596;2020-11-06;16217
2020-11-05;"Prešovský kraj";397;180;5;185;NA;105658;402;2020-11-05;15621
2020-11-04;"Prešovský kraj";350;807;8;815;NA;105658;358;2020-11-04;15219
2020-11-03;"Prešovský kraj";565;98;12;110;NA;105658;577;2020-11-03;14861
2020-11-02;"Prešovský kraj";203;4158;1004;5162;NA;105658;1207;2020-11-02;14284
2020-11-01;"Prešovský kraj";386;2906;53;2959;NA;105658;439;2020-11-01;13077
2020-10-31;"Prešovský kraj";315;10497;170;10667;NA;105658;485;2020-10-31;12638
2020-10-30;"Prešovský kraj";552;2949;65;3014;NA;105658;617;2020-10-30;12153
2020-10-29;"Prešovský kraj";594;301;38;339;NA;105658;632;2020-10-29;11536
2020-10-28;"Prešovský kraj";617;291;46;337;NA;105658;663;2020-10-28;10904
2020-10-27;"Prešovský kraj";656;268;34;302;NA;105658;690;2020-10-27;10241
2020-10-26;"Prešovský kraj";137;363;57;420;NA;105658;194;2020-10-26;9551
2020-10-25;"Prešovský kraj";237;346;11;357;NA;105658;248;2020-10-25;9357
2020-10-24;"Prešovský kraj";719;200;12;212;NA;105658;731;2020-10-24;9109
2020-10-23;"Prešovský kraj";750;218;8;226;NA;105658;758;2020-10-23;8378
2020-10-22;"Prešovský kraj";646;396;30;426;NA;105658;676;2020-10-22;7620
2020-10-21;"Prešovský kraj";383;58;8;66;NA;105658;391;2020-10-21;6944
2020-10-20;"Prešovský kraj";493;65;7;72;NA;105658;500;2020-10-20;6553
2020-10-19;"Prešovský kraj";140;235;15;250;NA;105658;155;2020-10-19;6053
2020-10-18;"Prešovský kraj";209;0;0;0;NA;105658;209;2020-10-18;5898
2020-10-17;"Prešovský kraj";342;0;0;0;NA;105658;342;2020-10-17;5689
2020-10-16;"Prešovský kraj";388;57;3;60;NA;105658;391;2020-10-16;5347
2020-10-15;"Prešovský kraj";435;85;18;103;NA;105658;453;2020-10-15;4956
2020-10-14;"Prešovský kraj";451;54;10;64;NA;105658;461;2020-10-14;4503
2020-10-13;"Prešovský kraj";264;50;6;56;NA;105658;270;2020-10-13;4042
2020-10-12;"Prešovský kraj";214;334;35;369;NA;105658;249;2020-10-12;3772
2020-10-11;"Prešovský kraj";127;0;0;0;NA;105658;127;2020-10-11;3523
2020-10-10;"Prešovský kraj";248;0;0;0;NA;105658;248;2020-10-10;3396
2020-10-09;"Prešovský kraj";406;0;0;0;NA;105658;406;2020-10-09;3148
2020-10-08;"Prešovský kraj";245;0;0;0;NA;105658;245;2020-10-08;2742
2020-10-07;"Prešovský kraj";244;0;0;0;NA;105658;244;2020-10-07;2497
2020-10-06;"Prešovský kraj";166;0;0;0;NA;105658;166;2020-10-06;2253
2020-10-05;"Prešovský kraj";84;0;0;0;NA;105658;84;2020-10-05;2087
2020-10-04;"Prešovský kraj";118;0;0;0;NA;105658;118;2020-10-04;2003
2020-10-03;"Prešovský kraj";204;0;0;0;NA;105658;204;2020-10-03;1885
2020-10-02;"Prešovský kraj";149;0;0;0;NA;105658;149;2020-10-02;1681
2020-10-01;"Prešovský kraj";136;0;0;0;NA;105658;136;2020-10-01;1532
2020-09-30;"Prešovský kraj";121;0;0;0;NA;105658;121;2020-09-30;1396
2020-09-29;"Prešovský kraj";156;0;0;0;NA;105658;156;2020-09-29;1275
2020-09-28;"Prešovský kraj";51;0;0;0;NA;105658;51;2020-09-28;1119
2020-09-27;"Prešovský kraj";10;0;0;0;NA;105658;10;2020-09-27;1068
2020-09-26;"Prešovský kraj";72;0;0;0;NA;105658;72;2020-09-26;1058
2020-09-25;"Prešovský kraj";91;0;0;0;NA;105658;91;2020-09-25;986
2020-09-24;"Prešovský kraj";52;0;0;0;NA;105658;52;2020-09-24;895
2020-09-23;"Prešovský kraj";55;0;0;0;NA;105658;55;2020-09-23;843
2020-09-22;"Prešovský kraj";29;0;0;0;NA;105658;29;2020-09-22;788
2020-09-21;"Prešovský kraj";14;0;0;0;NA;105658;14;2020-09-21;759
2020-09-20;"Prešovský kraj";5;0;0;0;NA;105658;5;2020-09-20;745
2020-09-19;"Prešovský kraj";12;0;0;0;NA;105658;12;2020-09-19;740
2020-09-18;"Prešovský kraj";29;0;0;0;NA;105658;29;2020-09-18;728
2020-09-17;"Prešovský kraj";25;0;0;0;NA;105658;25;2020-09-17;699
2020-09-16;"Prešovský kraj";8;0;0;0;NA;105658;8;2020-09-16;674
2020-09-15;"Prešovský kraj";10;0;0;0;NA;105658;10;2020-09-15;666
2020-09-14;"Prešovský kraj";47;0;0;0;NA;105658;47;2020-09-14;656
2020-09-13;"Prešovský kraj";3;0;0;0;NA;105658;3;2020-09-13;609
2020-09-12;"Prešovský kraj";4;0;0;0;NA;105658;4;2020-09-12;606
2020-09-11;"Prešovský kraj";15;0;0;0;NA;105658;15;2020-09-11;602
2020-09-10;"Prešovský kraj";10;0;0;0;NA;105658;10;2020-09-10;587
2020-09-09;"Prešovský kraj";21;0;0;0;NA;105658;21;2020-09-09;577
2020-09-08;"Prešovský kraj";23;0;0;0;NA;105658;23;2020-09-08;556
2020-09-07;"Prešovský kraj";5;0;0;0;NA;105658;5;2020-09-07;533
2020-09-06;"Prešovský kraj";3;0;0;0;NA;105658;3;2020-09-06;528
2020-09-05;"Prešovský kraj";7;0;0;0;NA;105658;7;2020-09-05;525
2020-09-04;"Prešovský kraj";24;0;0;0;NA;105658;24;2020-09-04;518
2020-09-03;"Prešovský kraj";8;0;0;0;NA;105658;8;2020-09-03;494
2020-09-02;"Prešovský kraj";9;0;0;0;NA;105658;9;2020-09-02;486
2020-09-01;"Prešovský kraj";6;0;0;0;NA;105658;6;2020-09-01;477
2020-08-31;"Prešovský kraj";3;0;0;0;NA;105658;3;2020-08-31;471
2020-08-30;"Prešovský kraj";6;0;0;0;NA;105658;6;2020-08-30;468
2020-08-29;"Prešovský kraj";4;0;0;0;NA;105658;4;2020-08-29;462
2020-08-28;"Prešovský kraj";6;0;0;0;NA;105658;6;2020-08-28;458
2020-08-27;"Prešovský kraj";7;0;0;0;NA;105658;7;2020-08-27;452
2020-08-26;"Prešovský kraj";22;0;0;0;NA;105658;22;2020-08-26;445
2020-08-25;"Prešovský kraj";1;0;0;0;NA;105658;1;2020-08-25;423
2020-08-24;"Prešovský kraj";5;0;0;0;NA;105658;5;2020-08-24;422
2020-08-23;"Prešovský kraj";3;0;0;0;NA;105658;3;2020-08-23;417
2020-08-22;"Prešovský kraj";3;0;0;0;NA;105658;3;2020-08-22;414
2020-08-21;"Prešovský kraj";11;0;0;0;NA;105658;11;2020-08-21;411
2020-08-20;"Prešovský kraj";8;0;0;0;NA;105658;8;2020-08-20;400
2020-08-19;"Prešovský kraj";8;0;0;0;NA;105658;8;2020-08-19;392
2020-08-18;"Prešovský kraj";6;0;0;0;NA;105658;6;2020-08-18;384
2020-08-17;"Prešovský kraj";1;0;0;0;NA;105658;1;2020-08-17;378
2020-08-16;"Prešovský kraj";0;0;0;0;NA;105658;0;2020-08-16;377
2020-08-15;"Prešovský kraj";8;0;0;0;NA;105658;8;2020-08-15;377
2020-08-14;"Prešovský kraj";6;0;0;0;NA;105658;6;2020-08-14;369
2020-08-13;"Prešovský kraj";8;0;0;0;NA;105658;8;2020-08-13;363
2020-08-12;"Prešovský kraj";19;0;0;0;NA;105658;19;2020-08-12;355
2020-08-11;"Prešovský kraj";3;0;0;0;NA;105658;3;2020-08-11;336
2020-08-10;"Prešovský kraj";0;0;0;0;NA;105658;0;2020-08-10;333
2020-08-09;"Prešovský kraj";0;0;0;0;NA;105658;0;2020-08-09;333
2020-08-08;"Prešovský kraj";2;0;0;0;NA;105658;2;2020-08-08;333
2020-08-07;"Prešovský kraj";6;0;0;0;NA;105658;6;2020-08-07;331
2020-08-06;"Prešovský kraj";2;0;0;0;NA;105658;2;2020-08-06;325
2020-08-05;"Prešovský kraj";8;0;0;0;NA;105658;8;2020-08-05;323
2020-08-04;"Prešovský kraj";5;0;0;0;NA;105658;5;2020-08-04;315
2020-08-03;"Prešovský kraj";4;0;0;0;NA;105658;4;2020-08-03;310
2020-08-02;"Prešovský kraj";6;0;0;0;NA;105658;6;2020-08-02;306
2020-08-01;"Prešovský kraj";0;0;0;0;NA;105658;0;2020-08-01;300
2020-07-31;"Prešovský kraj";2;0;0;0;NA;105658;2;2020-07-31;300
2020-07-30;"Prešovský kraj";6;0;0;0;NA;105658;6;2020-07-30;298
2020-07-29;"Prešovský kraj";5;0;0;0;NA;105658;5;2020-07-29;292
2020-07-28;"Prešovský kraj";0;0;0;0;NA;105658;0;2020-07-28;287
2020-07-27;"Prešovský kraj";1;0;0;0;NA;105658;1;2020-07-27;287
2020-07-26;"Prešovský kraj";1;0;0;0;NA;105658;1;2020-07-26;286
2020-07-25;"Prešovský kraj";21;0;0;0;NA;105658;21;2020-07-25;285
2020-07-24;"Prešovský kraj";1;0;0;0;NA;105658;1;2020-07-24;264
2020-07-23;"Prešovský kraj";5;0;0;0;NA;105658;5;2020-07-23;263
2020-07-22;"Prešovský kraj";1;0;0;0;NA;105658;1;2020-07-22;258
2020-07-21;"Prešovský kraj";2;0;0;0;NA;105658;2;2020-07-21;257
2020-07-20;"Prešovský kraj";1;0;0;0;NA;105658;1;2020-07-20;255
2020-07-19;"Prešovský kraj";0;0;0;0;NA;105658;0;2020-07-19;254
2020-07-18;"Prešovský kraj";0;0;0;0;NA;105658;0;2020-07-18;254
2020-07-17;"Prešovský kraj";3;0;0;0;NA;105658;3;2020-07-17;254
2020-07-16;"Prešovský kraj";1;0;0;0;NA;105658;1;2020-07-16;251
2020-07-15;"Prešovský kraj";5;0;0;0;NA;105658;5;2020-07-15;250
2020-07-14;"Prešovský kraj";5;0;0;0;NA;105658;5;2020-07-14;245
2020-07-13;"Prešovský kraj";1;0;0;0;NA;105658;1;2020-07-13;240
2020-07-12;"Prešovský kraj";1;0;0;0;NA;105658;1;2020-07-12;239
2020-07-11;"Prešovský kraj";6;0;0;0;NA;105658;6;2020-07-11;238
2020-07-10;"Prešovský kraj";5;0;0;0;NA;105658;5;2020-07-10;232
2020-07-09;"Prešovský kraj";2;0;0;0;NA;105658;2;2020-07-09;227
2020-07-08;"Prešovský kraj";14;0;0;0;NA;105658;14;2020-07-08;225
2020-07-07;"Prešovský kraj";2;0;0;0;NA;105658;2;2020-07-07;211
2020-07-06;"Prešovský kraj";0;0;0;0;NA;105658;0;2020-07-06;209
2020-07-05;"Prešovský kraj";0;0;0;0;NA;105658;0;2020-07-05;209
2020-07-04;"Prešovský kraj";1;0;0;0;NA;105658;1;2020-07-04;209
2020-07-03;"Prešovský kraj";3;0;0;0;NA;105658;3;2020-07-03;208
2020-07-02;"Prešovský kraj";0;0;0;0;NA;105658;0;2020-07-02;205
2020-07-01;"Prešovský kraj";0;0;0;0;NA;105658;0;2020-07-01;205
2020-06-30;"Prešovský kraj";7;0;0;0;NA;105658;7;2020-06-30;205
2020-06-29;"Prešovský kraj";0;0;0;0;NA;105658;0;2020-06-29;198
2020-06-28;"Prešovský kraj";0;0;0;0;NA;105658;0;2020-06-28;198
2020-06-27;"Prešovský kraj";3;0;0;0;NA;105658;3;2020-06-27;198
2020-06-26;"Prešovský kraj";3;0;0;0;NA;105658;3;2020-06-26;195
2020-06-25;"Prešovský kraj";0;0;0;0;NA;105658;0;2020-06-25;192
2020-06-24;"Prešovský kraj";4;0;0;0;NA;105658;4;2020-06-24;192
2020-06-23;"Prešovský kraj";0;0;0;0;NA;105658;0;2020-06-23;188
2020-06-22;"Prešovský kraj";0;0;0;0;NA;105658;0;2020-06-22;188
2020-06-21;"Prešovský kraj";0;0;0;0;NA;105658;0;2020-06-21;188
2020-06-20;"Prešovský kraj";0;0;0;0;NA;105658;0;2020-06-20;188
2020-06-19;"Prešovský kraj";1;0;0;0;NA;105658;1;2020-06-19;188
2020-06-18;"Prešovský kraj";0;0;0;0;NA;105658;0;2020-06-18;187
2020-06-17;"Prešovský kraj";0;0;0;0;NA;105658;0;2020-06-17;187
2020-06-16;"Prešovský kraj";6;0;0;0;NA;105658;6;2020-06-16;187
2020-06-14;"Prešovský kraj";0;0;0;0;NA;105658;0;2020-06-14;181
2020-06-13;"Prešovský kraj";0;0;0;0;NA;105658;0;2020-06-13;181
2020-06-12;"Prešovský kraj";1;0;0;0;NA;105658;1;2020-06-12;181
2020-06-11;"Prešovský kraj";0;0;0;0;NA;105658;0;2020-06-11;180
2020-06-10;"Prešovský kraj";0;0;0;0;NA;105658;0;2020-06-10;180
2020-06-09;"Prešovský kraj";0;0;0;0;NA;105658;0;2020-06-09;180
2020-06-08;"Prešovský kraj";0;0;0;0;NA;105658;0;2020-06-08;180
2020-06-07;"Prešovský kraj";0;0;0;0;NA;105658;0;2020-06-07;180
2020-06-05;"Prešovský kraj";0;0;0;0;NA;105658;0;2020-06-05;180
2020-06-03;"Prešovský kraj";0;0;0;0;NA;105658;0;2020-06-03;180
2020-06-02;"Prešovský kraj";1;0;0;0;NA;105658;1;2020-06-02;180
2020-05-31;"Prešovský kraj";1;0;0;0;NA;105658;1;2020-05-31;179
2020-05-29;"Prešovský kraj";0;0;0;0;NA;105658;0;2020-05-29;178
2020-05-27;"Prešovský kraj";0;0;0;0;NA;105658;0;2020-05-27;178
2020-05-26;"Prešovský kraj";0;0;0;0;NA;105658;0;2020-05-26;178
2020-05-25;"Prešovský kraj";0;0;0;0;NA;105658;0;2020-05-25;178
2020-05-24;"Prešovský kraj";0;0;0;0;NA;105658;0;2020-05-24;178
2020-05-23;"Prešovský kraj";0;0;0;0;NA;105658;0;2020-05-23;178
2020-05-22;"Prešovský kraj";0;0;0;0;NA;105658;0;2020-05-22;178
2020-05-21;"Prešovský kraj";1;0;0;0;NA;105658;1;2020-05-21;178
2020-05-20;"Prešovský kraj";0;0;0;0;NA;105658;0;2020-05-20;177
2020-05-19;"Prešovský kraj";0;0;0;0;NA;105658;0;2020-05-19;177
2020-05-17;"Prešovský kraj";0;0;0;0;NA;105658;0;2020-05-17;177
2020-05-16;"Prešovský kraj";0;0;0;0;NA;105658;0;2020-05-16;177
2020-05-15;"Prešovský kraj";0;0;0;0;NA;105658;0;2020-05-15;177
2020-05-14;"Prešovský kraj";0;0;0;0;NA;105658;0;2020-05-14;177
2020-05-13;"Prešovský kraj";1;0;0;0;NA;105658;1;2020-05-13;177
2020-05-12;"Prešovský kraj";0;0;0;0;NA;105658;0;2020-05-12;176
2020-05-11;"Prešovský kraj";1;0;0;0;NA;105658;1;2020-05-11;176
2020-05-09;"Prešovský kraj";0;0;0;0;NA;105658;0;2020-05-09;175
2020-05-07;"Prešovský kraj";0;0;0;0;NA;105658;0;2020-05-07;175
2020-05-06;"Prešovský kraj";0;0;0;0;NA;105658;0;2020-05-06;175
2020-05-05;"Prešovský kraj";1;0;0;0;NA;105658;1;2020-05-05;175
2020-05-04;"Prešovský kraj";0;0;0;0;NA;105658;0;2020-05-04;174
2020-05-03;"Prešovský kraj";0;0;0;0;NA;105658;0;2020-05-03;174
2020-05-02;"Prešovský kraj";0;0;0;0;NA;105658;0;2020-05-02;174
2020-05-01;"Prešovský kraj";2;0;0;0;NA;105658;2;2020-05-01;174
2020-04-30;"Prešovský kraj";0;0;0;0;NA;105658;0;2020-04-30;172
2020-04-29;"Prešovský kraj";1;0;0;0;NA;105658;1;2020-04-29;172
2020-04-28;"Prešovský kraj";1;0;0;0;NA;105658;1;2020-04-28;171
2020-04-27;"Prešovský kraj";2;0;0;0;NA;105658;2;2020-04-27;170
2020-04-26;"Prešovský kraj";0;0;0;0;NA;105658;0;2020-04-26;168
2020-04-25;"Prešovský kraj";0;0;0;0;NA;105658;0;2020-04-25;168
2020-04-24;"Prešovský kraj";0;0;0;0;NA;105658;0;2020-04-24;168
2020-04-23;"Prešovský kraj";2;0;0;0;NA;105658;2;2020-04-23;168
2020-04-22;"Prešovský kraj";11;0;0;0;NA;105658;11;2020-04-22;166
2020-04-21;"Prešovský kraj";12;0;0;0;NA;105658;12;2020-04-21;155
2020-04-20;"Prešovský kraj";2;0;0;0;NA;105658;2;2020-04-20;143
2020-04-19;"Prešovský kraj";4;0;0;0;NA;105658;4;2020-04-19;141
2020-04-18;"Prešovský kraj";1;0;0;0;NA;105658;1;2020-04-18;137
2020-04-17;"Prešovský kraj";4;0;0;0;NA;105658;4;2020-04-17;136
2020-04-16;"Prešovský kraj";9;0;0;0;NA;105658;9;2020-04-16;132
2020-04-15;"Prešovský kraj";21;0;0;0;NA;105658;21;2020-04-15;123
2020-04-14;"Prešovský kraj";1;0;0;0;NA;105658;1;2020-04-14;102
2020-04-13;"Prešovský kraj";2;0;0;0;NA;105658;2;2020-04-13;101
2020-04-12;"Prešovský kraj";6;0;0;0;NA;105658;6;2020-04-12;99
2020-04-11;"Prešovský kraj";4;0;0;0;NA;105658;4;2020-04-11;93
2020-04-10;"Prešovský kraj";0;0;0;0;NA;105658;0;2020-04-10;89
2020-04-09;"Prešovský kraj";1;0;0;0;NA;105658;1;2020-04-09;89
2020-04-08;"Prešovský kraj";0;0;0;0;NA;105658;0;2020-04-08;88
2020-04-07;"Prešovský kraj";7;0;0;0;NA;105658;7;2020-04-07;88
2020-04-06;"Prešovský kraj";10;0;0;0;NA;105658;10;2020-04-06;81
2020-04-05;"Prešovský kraj";13;0;0;0;NA;105658;13;2020-04-05;71
2020-04-04;"Prešovský kraj";1;0;0;0;NA;105658;1;2020-04-04;58
2020-04-03;"Prešovský kraj";4;0;0;0;NA;105658;4;2020-04-03;57
2020-04-02;"Prešovský kraj";6;0;0;0;NA;105658;6;2020-04-02;53
2020-04-01;"Prešovský kraj";6;0;0;0;NA;105658;6;2020-04-01;47
2020-03-31;"Prešovský kraj";6;0;0;0;NA;105658;6;2020-03-31;41
2020-03-30;"Prešovský kraj";2;0;0;0;NA;105658;2;2020-03-30;35
2020-03-29;"Prešovský kraj";2;0;0;0;NA;105658;2;2020-03-29;33
2020-03-28;"Prešovský kraj";2;0;0;0;NA;105658;2;2020-03-28;31
2020-03-27;"Prešovský kraj";1;0;0;0;NA;105658;1;2020-03-27;29
2020-03-26;"Prešovský kraj";8;0;0;0;NA;105658;8;2020-03-26;28
2020-03-25;"Prešovský kraj";1;0;0;0;NA;105658;1;2020-03-25;20
2020-03-24;"Prešovský kraj";4;0;0;0;NA;105658;4;2020-03-24;19
2020-03-23;"Prešovský kraj";0;0;0;0;NA;105658;0;2020-03-23;15
2020-03-22;"Prešovský kraj";1;0;0;0;NA;105658;1;2020-03-22;15
2020-03-21;"Prešovský kraj";2;0;0;0;NA;105658;2;2020-03-21;14
2020-03-20;"Prešovský kraj";3;0;0;0;NA;105658;3;2020-03-20;12
2020-03-19;"Prešovský kraj";2;0;0;0;NA;105658;2;2020-03-19;9
2020-03-18;"Prešovský kraj";1;0;0;0;NA;105658;1;2020-03-18;7
2020-03-17;"Prešovský kraj";1;0;0;0;NA;105658;1;2020-03-17;6
2020-03-16;"Prešovský kraj";4;0;0;0;NA;105658;4;2020-03-16;5
2020-03-15;"Prešovský kraj";0;0;0;0;NA;105658;0;2020-03-15;1
2020-03-14;"Prešovský kraj";1;0;0;0;NA;105658;1;2020-03-14;1
2020-03-13;"Prešovský kraj";0;0;0;0;NA;105658;0;2020-03-13;0
2020-03-12;"Prešovský kraj";0;0;0;0;NA;105658;0;2020-03-12;0
2020-03-11;"Prešovský kraj";0;0;0;0;NA;105658;0;2020-03-11;0
2020-03-09;"Prešovský kraj";0;0;0;0;NA;105658;0;2020-03-09;0
2020-03-08;"Prešovský kraj";0;0;0;0;NA;105658;0;2020-03-08;0
2020-03-07;"Prešovský kraj";0;0;0;0;NA;105658;0;2020-03-07;0
2020-03-06;"Prešovský kraj";0;0;0;0;NA;105658;0;2020-03-06;0
2021-04-13;"Trenčiansky kraj";189;14974;63;15037;50754;95538;252;2021-04-13;95538
2021-04-12;"Trenčiansky kraj";97;23427;90;23517;NA;95538;187;2021-04-12;95286
2021-04-11;"Trenčiansky kraj";1;33002;71;33073;NA;95538;72;2021-04-11;95099
2021-04-10;"Trenčiansky kraj";81;78368;141;78509;NA;95538;222;2021-04-10;95027
2021-04-09;"Trenčiansky kraj";120;27959;91;28050;NA;95538;211;2021-04-09;94805
2021-04-08;"Trenčiansky kraj";112;13278;85;13363;NA;95538;197;2021-04-08;94594
2021-04-07;"Trenčiansky kraj";204;17688;122;17810;NA;95538;326;2021-04-07;94397
2021-04-06;"Trenčiansky kraj";157;28619;178;28797;NA;95538;335;2021-04-06;94071
2021-04-05;"Trenčiansky kraj";15;9225;64;9289;NA;95538;79;2021-04-05;93736
2021-04-04;"Trenčiansky kraj";2;20384;85;20469;NA;95538;87;2021-04-04;93657
2021-04-03;"Trenčiansky kraj";86;80159;217;80376;NA;95538;303;2021-04-03;93570
2021-04-02;"Trenčiansky kraj";126;21531;80;21611;NA;95538;206;2021-04-02;93267
2021-04-01;"Trenčiansky kraj";159;32360;139;32499;NA;95538;298;2021-04-01;93061
2021-03-31;"Trenčiansky kraj";198;20100;130;20230;NA;95538;328;2021-03-31;92763
2021-03-30;"Trenčiansky kraj";272;17284;136;17420;NA;95538;408;2021-03-30;92435
2021-03-29;"Trenčiansky kraj";142;19478;170;19648;NA;95538;312;2021-03-29;92027
2021-03-28;"Trenčiansky kraj";3;34656;116;34772;NA;95538;119;2021-03-28;91715
2021-03-27;"Trenčiansky kraj";130;77314;293;77607;NA;95538;423;2021-03-27;91596
2021-03-26;"Trenčiansky kraj";211;35054;157;35211;NA;95538;368;2021-03-26;91173
2021-03-25;"Trenčiansky kraj";184;16549;176;16725;NA;95538;360;2021-03-25;90805
2021-03-24;"Trenčiansky kraj";259;13099;171;13270;NA;95538;430;2021-03-24;90445
2021-03-23;"Trenčiansky kraj";349;17588;174;17762;NA;95538;523;2021-03-23;90015
2021-03-22;"Trenčiansky kraj";141;21118;213;21331;NA;95538;354;2021-03-22;89492
2021-03-21;"Trenčiansky kraj";85;32709;164;32873;NA;95538;249;2021-03-21;89138
2021-03-20;"Trenčiansky kraj";128;80035;322;80357;NA;95538;450;2021-03-20;88889
2021-03-19;"Trenčiansky kraj";231;34784;232;35016;NA;95538;463;2021-03-19;88439
2021-03-18;"Trenčiansky kraj";262;16105;178;16283;NA;95538;440;2021-03-18;87976
2021-03-17;"Trenčiansky kraj";366;13436;163;13599;NA;95538;529;2021-03-17;87536
2021-03-16;"Trenčiansky kraj";450;15281;241;15522;NA;95538;691;2021-03-16;87007
2021-03-15;"Trenčiansky kraj";162;21129;261;21390;NA;95538;423;2021-03-15;86316
2021-03-14;"Trenčiansky kraj";42;33876;233;34109;NA;95538;275;2021-03-14;85893
2021-03-13;"Trenčiansky kraj";270;79187;453;79640;NA;95538;723;2021-03-13;85618
2021-03-12;"Trenčiansky kraj";366;34783;307;35090;NA;95538;673;2021-03-12;84895
2021-03-11;"Trenčiansky kraj";302;15557;213;15770;NA;95538;515;2021-03-11;84222
2021-03-10;"Trenčiansky kraj";402;13452;236;13688;NA;95538;638;2021-03-10;83707
2021-03-09;"Trenčiansky kraj";586;17982;285;18267;NA;95538;871;2021-03-09;83069
2021-03-08;"Trenčiansky kraj";174;21700;362;22062;NA;95538;536;2021-03-08;82198
2021-03-07;"Trenčiansky kraj";4;33991;318;34309;NA;95538;322;2021-03-07;81662
2021-03-06;"Trenčiansky kraj";260;79406;529;79935;NA;95538;789;2021-03-06;81340
2021-03-05;"Trenčiansky kraj";326;32674;414;33088;NA;95538;740;2021-03-05;80551
2021-03-04;"Trenčiansky kraj";323;16820;315;17135;NA;95538;638;2021-03-04;79811
2021-03-03;"Trenčiansky kraj";413;13953;346;14299;NA;95538;759;2021-03-03;79173
2021-03-02;"Trenčiansky kraj";612;17793;348;18141;NA;95538;960;2021-03-02;78414
2021-03-01;"Trenčiansky kraj";217;21127;445;21572;NA;95538;662;2021-03-01;77454
2021-02-28;"Trenčiansky kraj";45;30238;376;30614;NA;95538;421;2021-02-28;76792
2021-02-27;"Trenčiansky kraj";277;78732;686;79418;NA;95538;963;2021-02-27;76371
2021-02-26;"Trenčiansky kraj";420;32932;435;33367;NA;95538;855;2021-02-26;75408
2021-02-25;"Trenčiansky kraj";424;14029;328;14357;NA;95538;752;2021-02-25;74553
2021-02-24;"Trenčiansky kraj";427;12002;399;12401;NA;95538;826;2021-02-24;73801
2021-02-23;"Trenčiansky kraj";577;14904;390;15294;NA;95538;967;2021-02-23;72975
2021-02-22;"Trenčiansky kraj";160;19943;468;20411;NA;95538;628;2021-02-22;72008
2021-02-21;"Trenčiansky kraj";64;29478;392;29870;NA;95538;456;2021-02-21;71380
2021-02-20;"Trenčiansky kraj";274;77840;745;78585;NA;95538;1019;2021-02-20;70924
2021-02-19;"Trenčiansky kraj";272;30245;520;30765;NA;95538;792;2021-02-19;69905
2021-02-18;"Trenčiansky kraj";355;14353;410;14763;NA;95538;765;2021-02-18;69113
2021-02-17;"Trenčiansky kraj";363;11377;376;11753;NA;95538;739;2021-02-17;68348
2021-02-16;"Trenčiansky kraj";488;17748;406;18154;NA;95538;894;2021-02-16;67609
2021-02-15;"Trenčiansky kraj";151;21806;463;22269;NA;95538;614;2021-02-15;66715
2021-02-14;"Trenčiansky kraj";2;31255;324;31579;NA;95538;326;2021-02-14;66101
2021-02-13;"Trenčiansky kraj";274;63006;522;63528;NA;95538;796;2021-02-13;65775
2021-02-12;"Trenčiansky kraj";276;27966;412;28378;NA;95538;688;2021-02-12;64979
2021-02-11;"Trenčiansky kraj";291;11566;323;11889;NA;95538;614;2021-02-11;64291
2021-02-10;"Trenčiansky kraj";304;11402;317;11719;NA;95538;621;2021-02-10;63677
2021-02-09;"Trenčiansky kraj";514;18401;360;18761;NA;95538;874;2021-02-09;63056
2021-02-08;"Trenčiansky kraj";182;27473;432;27905;NA;95538;614;2021-02-08;62182
2021-02-07;"Trenčiansky kraj";31;36772;341;37113;NA;95538;372;2021-02-07;61568
2021-02-06;"Trenčiansky kraj";216;63430;558;63988;NA;95538;774;2021-02-06;61196
2021-02-05;"Trenčiansky kraj";202;18176;368;18544;NA;95538;570;2021-02-05;60422
2021-02-04;"Trenčiansky kraj";266;7023;279;7302;NA;95538;545;2021-02-04;59852
2021-02-03;"Trenčiansky kraj";162;6655;320;6975;NA;95538;482;2021-02-03;59307
2021-02-02;"Trenčiansky kraj";347;8088;384;8472;NA;95538;731;2021-02-02;58825
2021-02-01;"Trenčiansky kraj";167;9355;311;9666;NA;95538;478;2021-02-01;58094
2021-01-31;"Trenčiansky kraj";7;19852;165;20017;NA;95538;172;2021-01-31;57616
2021-01-30;"Trenčiansky kraj";228;36940;321;37261;NA;95538;549;2021-01-30;57444
2021-01-29;"Trenčiansky kraj";214;7586;235;7821;NA;95538;449;2021-01-29;56895
2021-01-28;"Trenčiansky kraj";307;5442;158;5600;NA;95538;465;2021-01-28;56446
2021-01-27;"Trenčiansky kraj";166;11912;217;12129;NA;95538;383;2021-01-27;55981
2021-01-26;"Trenčiansky kraj";303;14585;250;14835;NA;95538;553;2021-01-26;55598
2021-01-25;"Trenčiansky kraj";160;24609;212;24821;NA;95538;372;2021-01-25;55045
2021-01-24;"Trenčiansky kraj";51;38679;284;38963;NA;95538;335;2021-01-24;54673
2021-01-23;"Trenčiansky kraj";206;113508;742;114250;NA;95538;948;2021-01-23;54338
2021-01-22;"Trenčiansky kraj";148;14763;206;14969;NA;95538;354;2021-01-22;53390
2021-01-21;"Trenčiansky kraj";143;8580;166;8746;NA;95538;309;2021-01-21;53036
2021-01-20;"Trenčiansky kraj";181;8189;227;8416;NA;95538;408;2021-01-20;52727
2021-01-19;"Trenčiansky kraj";363;6618;262;6880;NA;95538;625;2021-01-19;52319
2021-01-18;"Trenčiansky kraj";72;5053;323;5376;NA;95538;395;2021-01-18;51694
2021-01-17;"Trenčiansky kraj";124;156;11;167;NA;95538;135;2021-01-17;51299
2021-01-16;"Trenčiansky kraj";39;1203;51;1254;NA;95538;90;2021-01-16;51164
2021-01-15;"Trenčiansky kraj";264;4029;218;4247;NA;95538;482;2021-01-15;51074
2021-01-14;"Trenčiansky kraj";275;3193;189;3382;NA;95538;464;2021-01-14;50592
2021-01-13;"Trenčiansky kraj";222;3889;215;4104;NA;95538;437;2021-01-13;50128
2021-01-12;"Trenčiansky kraj";508;4604;261;4865;NA;95538;769;2021-01-12;49691
2021-01-11;"Trenčiansky kraj";142;4367;354;4721;NA;95538;496;2021-01-11;48922
2021-01-10;"Trenčiansky kraj";89;4969;77;5046;NA;95538;166;2021-01-10;48426
2021-01-09;"Trenčiansky kraj";276;8280;128;8408;NA;95538;404;2021-01-09;48260
2021-01-08;"Trenčiansky kraj";489;6434;484;6918;NA;95538;973;2021-01-08;47856
2021-01-07;"Trenčiansky kraj";420;6138;577;6715;NA;95538;997;2021-01-07;46883
2021-01-06;"Trenčiansky kraj";221;1021;64;1085;NA;95538;285;2021-01-06;45886
2021-01-05;"Trenčiansky kraj";669;5753;706;6459;NA;95538;1375;2021-01-05;45601
2021-01-04;"Trenčiansky kraj";337;5243;782;6025;NA;95538;1119;2021-01-04;44226
2021-01-03;"Trenčiansky kraj";38;114;15;129;NA;95538;53;2021-01-03;43107
2021-01-02;"Trenčiansky kraj";129;196;23;219;NA;95538;152;2021-01-02;43054
2021-01-01;"Trenčiansky kraj";329;347;23;370;NA;95538;352;2021-01-01;42902
2020-12-31;"Trenčiansky kraj";597;4943;557;5500;NA;95538;1154;2020-12-31;42550
2020-12-30;"Trenčiansky kraj";836;7012;762;7774;NA;95538;1598;2020-12-30;41396
2020-12-29;"Trenčiansky kraj";459;6191;1018;7209;NA;95538;1477;2020-12-29;39798
2020-12-28;"Trenčiansky kraj";258;4195;777;4972;NA;95538;1035;2020-12-28;38321
2020-12-27;"Trenčiansky kraj";5;208;36;244;NA;95538;41;2020-12-27;37286
2020-12-26;"Trenčiansky kraj";174;74;10;84;NA;95538;184;2020-12-26;37245
2020-12-25;"Trenčiansky kraj";251;325;47;372;NA;95538;298;2020-12-25;37061
2020-12-24;"Trenčiansky kraj";552;2194;256;2450;NA;95538;808;2020-12-24;36763
2020-12-23;"Trenčiansky kraj";421;6552;661;7213;NA;95538;1082;2020-12-23;35955
2020-12-22;"Trenčiansky kraj";673;5760;694;6454;NA;95538;1367;2020-12-22;34873
2020-12-21;"Trenčiansky kraj";248;13321;956;14277;NA;95538;1204;2020-12-21;33506
2020-12-20;"Trenčiansky kraj";238;12504;292;12796;NA;95538;530;2020-12-20;32302
2020-12-19;"Trenčiansky kraj";341;1611;150;1761;NA;95538;491;2020-12-19;31772
2020-12-18;"Trenčiansky kraj";521;5199;615;5814;NA;95538;1136;2020-12-18;31281
2020-12-17;"Trenčiansky kraj";670;3843;524;4367;NA;95538;1194;2020-12-17;30145
2020-12-16;"Trenčiansky kraj";461;4464;647;5111;NA;95538;1108;2020-12-16;28951
2020-12-15;"Trenčiansky kraj";595;3805;670;4475;NA;95538;1265;2020-12-15;27843
2020-12-14;"Trenčiansky kraj";318;3194;613;3807;NA;95538;931;2020-12-14;26578
2020-12-13;"Trenčiansky kraj";77;49;6;55;NA;95538;83;2020-12-13;25647
2020-12-12;"Trenčiansky kraj";314;1191;132;1323;NA;95538;446;2020-12-12;25564
2020-12-11;"Trenčiansky kraj";751;4066;479;4545;NA;95538;1230;2020-12-11;25118
2020-12-10;"Trenčiansky kraj";271;3354;473;3827;NA;95538;744;2020-12-10;23888
2020-12-09;"Trenčiansky kraj";508;3788;466;4254;NA;95538;974;2020-12-09;23144
2020-12-08;"Trenčiansky kraj";546;3440;522;3962;NA;95538;1068;2020-12-08;22170
2020-12-07;"Trenčiansky kraj";258;3832;468;4300;NA;95538;726;2020-12-07;21102
2020-12-06;"Trenčiansky kraj";114;187;11;198;NA;95538;125;2020-12-06;20376
2020-12-05;"Trenčiansky kraj";223;616;56;672;NA;95538;279;2020-12-05;20251
2020-12-04;"Trenčiansky kraj";253;2989;273;3262;NA;95538;526;2020-12-04;19972
2020-12-03;"Trenčiansky kraj";503;1739;179;1918;NA;95538;682;2020-12-03;19446
2020-12-02;"Trenčiansky kraj";418;1887;232;2119;NA;95538;650;2020-12-02;18764
2020-12-01;"Trenčiansky kraj";321;5705;353;6058;NA;95538;674;2020-12-01;18114
2020-11-30;"Trenčiansky kraj";167;11514;520;12034;NA;95538;687;2020-11-30;17440
2020-11-29;"Trenčiansky kraj";29;30;5;35;NA;95538;34;2020-11-29;16753
2020-11-28;"Trenčiansky kraj";202;1051;93;1144;NA;95538;295;2020-11-28;16719
2020-11-27;"Trenčiansky kraj";330;1584;171;1755;NA;95538;501;2020-11-27;16424
2020-11-26;"Trenčiansky kraj";395;1252;122;1374;NA;95538;517;2020-11-26;15923
2020-11-25;"Trenčiansky kraj";322;1444;160;1604;NA;95538;482;2020-11-25;15406
2020-11-24;"Trenčiansky kraj";348;2553;308;2861;NA;95538;656;2020-11-24;14924
2020-11-23;"Trenčiansky kraj";159;1186;122;1308;NA;95538;281;2020-11-23;14268
2020-11-22;"Trenčiansky kraj";26;30;7;37;NA;95538;33;2020-11-22;13987
2020-11-21;"Trenčiansky kraj";255;1376;69;1445;NA;95538;324;2020-11-21;13954
2020-11-20;"Trenčiansky kraj";316;861;93;954;NA;95538;409;2020-11-20;13630
2020-11-19;"Trenčiansky kraj";316;740;113;853;NA;95538;429;2020-11-19;13221
2020-11-18;"Trenčiansky kraj";233;379;66;445;NA;95538;299;2020-11-18;12792
2020-11-17;"Trenčiansky kraj";222;106;15;121;NA;95538;237;2020-11-17;12493
2020-11-16;"Trenčiansky kraj";245;236;45;281;NA;95538;290;2020-11-16;12256
2020-11-15;"Trenčiansky kraj";109;29;6;35;NA;95538;115;2020-11-15;11966
2020-11-14;"Trenčiansky kraj";190;74;11;85;NA;95538;201;2020-11-14;11851
2020-11-13;"Trenčiansky kraj";308;131;13;144;NA;95538;321;2020-11-13;11650
2020-11-12;"Trenčiansky kraj";324;124;5;129;NA;95538;329;2020-11-12;11329
2020-11-11;"Trenčiansky kraj";366;113;10;123;NA;95538;376;2020-11-11;11000
2020-11-10;"Trenčiansky kraj";277;106;6;112;NA;95538;283;2020-11-10;10624
2020-11-09;"Trenčiansky kraj";115;1407;48;1455;NA;95538;163;2020-11-09;10341
2020-11-08;"Trenčiansky kraj";81;1271;8;1279;NA;95538;89;2020-11-08;10178
2020-11-07;"Trenčiansky kraj";319;3662;59;3721;NA;95538;378;2020-11-07;10089
2020-11-06;"Trenčiansky kraj";383;6893;84;6977;NA;95538;467;2020-11-06;9711
2020-11-05;"Trenčiansky kraj";399;98;15;113;NA;95538;414;2020-11-05;9244
2020-11-04;"Trenčiansky kraj";370;91;9;100;NA;95538;379;2020-11-04;8830
2020-11-03;"Trenčiansky kraj";575;97;8;105;NA;95538;583;2020-11-03;8451
2020-11-02;"Trenčiansky kraj";197;1833;68;1901;NA;95538;265;2020-11-02;7868
2020-11-01;"Trenčiansky kraj";257;808;24;832;NA;95538;281;2020-11-01;7603
2020-10-31;"Trenčiansky kraj";332;4719;82;4801;NA;95538;414;2020-10-31;7322
2020-10-30;"Trenčiansky kraj";299;5283;102;5385;NA;95538;401;2020-10-30;6908
2020-10-29;"Trenčiansky kraj";496;764;68;832;NA;95538;564;2020-10-29;6507
2020-10-28;"Trenčiansky kraj";269;192;33;225;NA;95538;302;2020-10-28;5943
2020-10-27;"Trenčiansky kraj";473;127;27;154;NA;95538;500;2020-10-27;5641
2020-10-26;"Trenčiansky kraj";177;107;36;143;NA;95538;213;2020-10-26;5141
2020-10-25;"Trenčiansky kraj";138;9;5;14;NA;95538;143;2020-10-25;4928
2020-10-24;"Trenčiansky kraj";395;128;6;134;NA;95538;401;2020-10-24;4785
2020-10-23;"Trenčiansky kraj";301;154;8;162;NA;95538;309;2020-10-23;4384
2020-10-22;"Trenčiansky kraj";273;82;12;94;NA;95538;285;2020-10-22;4075
2020-10-21;"Trenčiansky kraj";183;53;9;62;NA;95538;192;2020-10-21;3790
2020-10-20;"Trenčiansky kraj";212;47;6;53;NA;95538;218;2020-10-20;3598
2020-10-19;"Trenčiansky kraj";41;83;25;108;NA;95538;66;2020-10-19;3380
2020-10-18;"Trenčiansky kraj";104;0;0;0;NA;95538;104;2020-10-18;3314
2020-10-17;"Trenčiansky kraj";157;0;0;0;NA;95538;157;2020-10-17;3210
2020-10-16;"Trenčiansky kraj";225;42;6;48;NA;95538;231;2020-10-16;3053
2020-10-15;"Trenčiansky kraj";255;39;4;43;NA;95538;259;2020-10-15;2822
2020-10-14;"Trenčiansky kraj";162;42;7;49;NA;95538;169;2020-10-14;2563
2020-10-13;"Trenčiansky kraj";124;105;12;117;NA;95538;136;2020-10-13;2394
2020-10-12;"Trenčiansky kraj";55;0;0;0;NA;95538;55;2020-10-12;2258
2020-10-11;"Trenčiansky kraj";73;0;0;0;NA;95538;73;2020-10-11;2203
2020-10-10;"Trenčiansky kraj";180;0;0;0;NA;95538;180;2020-10-10;2130
2020-10-09;"Trenčiansky kraj";198;0;0;0;NA;95538;198;2020-10-09;1950
2020-10-08;"Trenčiansky kraj";115;0;0;0;NA;95538;115;2020-10-08;1752
2020-10-07;"Trenčiansky kraj";75;0;0;0;NA;95538;75;2020-10-07;1637
2020-10-06;"Trenčiansky kraj";72;0;0;0;NA;95538;72;2020-10-06;1562
2020-10-05;"Trenčiansky kraj";32;0;0;0;NA;95538;32;2020-10-05;1490
2020-10-04;"Trenčiansky kraj";37;0;0;0;NA;95538;37;2020-10-04;1458
2020-10-03;"Trenčiansky kraj";79;0;0;0;NA;95538;79;2020-10-03;1421
2020-10-02;"Trenčiansky kraj";69;0;0;0;NA;95538;69;2020-10-02;1342
2020-10-01;"Trenčiansky kraj";58;0;0;0;NA;95538;58;2020-10-01;1273
2020-09-30;"Trenčiansky kraj";76;0;0;0;NA;95538;76;2020-09-30;1215
2020-09-29;"Trenčiansky kraj";43;0;0;0;NA;95538;43;2020-09-29;1139
2020-09-28;"Trenčiansky kraj";7;0;0;0;NA;95538;7;2020-09-28;1096
2020-09-27;"Trenčiansky kraj";12;0;0;0;NA;95538;12;2020-09-27;1089
2020-09-26;"Trenčiansky kraj";37;0;0;0;NA;95538;37;2020-09-26;1077
2020-09-25;"Trenčiansky kraj";72;0;0;0;NA;95538;72;2020-09-25;1040
2020-09-24;"Trenčiansky kraj";41;0;0;0;NA;95538;41;2020-09-24;968
2020-09-23;"Trenčiansky kraj";32;0;0;0;NA;95538;32;2020-09-23;927
2020-09-22;"Trenčiansky kraj";26;0;0;0;NA;95538;26;2020-09-22;895
2020-09-21;"Trenčiansky kraj";23;0;0;0;NA;95538;23;2020-09-21;869
2020-09-20;"Trenčiansky kraj";21;0;0;0;NA;95538;21;2020-09-20;846
2020-09-19;"Trenčiansky kraj";20;0;0;0;NA;95538;20;2020-09-19;825
2020-09-18;"Trenčiansky kraj";41;0;0;0;NA;95538;41;2020-09-18;805
2020-09-17;"Trenčiansky kraj";20;0;0;0;NA;95538;20;2020-09-17;764
2020-09-16;"Trenčiansky kraj";14;0;0;0;NA;95538;14;2020-09-16;744
2020-09-15;"Trenčiansky kraj";8;0;0;0;NA;95538;8;2020-09-15;730
2020-09-14;"Trenčiansky kraj";5;0;0;0;NA;95538;5;2020-09-14;722
2020-09-13;"Trenčiansky kraj";12;0;0;0;NA;95538;12;2020-09-13;717
2020-09-12;"Trenčiansky kraj";2;0;0;0;NA;95538;2;2020-09-12;705
2020-09-11;"Trenčiansky kraj";27;0;0;0;NA;95538;27;2020-09-11;703
2020-09-10;"Trenčiansky kraj";15;0;0;0;NA;95538;15;2020-09-10;676
2020-09-09;"Trenčiansky kraj";11;0;0;0;NA;95538;11;2020-09-09;661
2020-09-08;"Trenčiansky kraj";12;0;0;0;NA;95538;12;2020-09-08;650
2020-09-07;"Trenčiansky kraj";6;0;0;0;NA;95538;6;2020-09-07;638
2020-09-06;"Trenčiansky kraj";1;0;0;0;NA;95538;1;2020-09-06;632
2020-09-05;"Trenčiansky kraj";3;0;0;0;NA;95538;3;2020-09-05;631
2020-09-04;"Trenčiansky kraj";9;0;0;0;NA;95538;9;2020-09-04;628
2020-09-03;"Trenčiansky kraj";10;0;0;0;NA;95538;10;2020-09-03;619
2020-09-02;"Trenčiansky kraj";5;0;0;0;NA;95538;5;2020-09-02;609
2020-09-01;"Trenčiansky kraj";1;0;0;0;NA;95538;1;2020-09-01;604
2020-08-31;"Trenčiansky kraj";12;0;0;0;NA;95538;12;2020-08-31;603
2020-08-30;"Trenčiansky kraj";0;0;0;0;NA;95538;0;2020-08-30;591
2020-08-29;"Trenčiansky kraj";1;0;0;0;NA;95538;1;2020-08-29;591
2020-08-28;"Trenčiansky kraj";12;0;0;0;NA;95538;12;2020-08-28;590
2020-08-27;"Trenčiansky kraj";10;0;0;0;NA;95538;10;2020-08-27;578
2020-08-26;"Trenčiansky kraj";15;0;0;0;NA;95538;15;2020-08-26;568
2020-08-25;"Trenčiansky kraj";12;0;0;0;NA;95538;12;2020-08-25;553
2020-08-24;"Trenčiansky kraj";4;0;0;0;NA;95538;4;2020-08-24;541
2020-08-23;"Trenčiansky kraj";5;0;0;0;NA;95538;5;2020-08-23;537
2020-08-22;"Trenčiansky kraj";6;0;0;0;NA;95538;6;2020-08-22;532
2020-08-21;"Trenčiansky kraj";6;0;0;0;NA;95538;6;2020-08-21;526
2020-08-20;"Trenčiansky kraj";20;0;0;0;NA;95538;20;2020-08-20;520
2020-08-19;"Trenčiansky kraj";17;0;0;0;NA;95538;17;2020-08-19;500
2020-08-18;"Trenčiansky kraj";9;0;0;0;NA;95538;9;2020-08-18;483
2020-08-17;"Trenčiansky kraj";4;0;0;0;NA;95538;4;2020-08-17;474
2020-08-16;"Trenčiansky kraj";0;0;0;0;NA;95538;0;2020-08-16;470
2020-08-15;"Trenčiansky kraj";9;0;0;0;NA;95538;9;2020-08-15;470
2020-08-14;"Trenčiansky kraj";15;0;0;0;NA;95538;15;2020-08-14;461
2020-08-13;"Trenčiansky kraj";23;0;0;0;NA;95538;23;2020-08-13;446
2020-08-12;"Trenčiansky kraj";6;0;0;0;NA;95538;6;2020-08-12;423
2020-08-11;"Trenčiansky kraj";7;0;0;0;NA;95538;7;2020-08-11;417
2020-08-10;"Trenčiansky kraj";9;0;0;0;NA;95538;9;2020-08-10;410
2020-08-09;"Trenčiansky kraj";1;0;0;0;NA;95538;1;2020-08-09;401
2020-08-08;"Trenčiansky kraj";4;0;0;0;NA;95538;4;2020-08-08;400
2020-08-07;"Trenčiansky kraj";4;0;0;0;NA;95538;4;2020-08-07;396
2020-08-06;"Trenčiansky kraj";13;0;0;0;NA;95538;13;2020-08-06;392
2020-08-05;"Trenčiansky kraj";39;0;0;0;NA;95538;39;2020-08-05;379
2020-08-04;"Trenčiansky kraj";9;0;0;0;NA;95538;9;2020-08-04;340
2020-08-03;"Trenčiansky kraj";0;0;0;0;NA;95538;0;2020-08-03;331
2020-08-02;"Trenčiansky kraj";2;0;0;0;NA;95538;2;2020-08-02;331
2020-08-01;"Trenčiansky kraj";6;0;0;0;NA;95538;6;2020-08-01;329
2020-07-31;"Trenčiansky kraj";16;0;0;0;NA;95538;16;2020-07-31;323
2020-07-30;"Trenčiansky kraj";4;0;0;0;NA;95538;4;2020-07-30;307
2020-07-29;"Trenčiansky kraj";5;0;0;0;NA;95538;5;2020-07-29;303
2020-07-28;"Trenčiansky kraj";11;0;0;0;NA;95538;11;2020-07-28;298
2020-07-27;"Trenčiansky kraj";4;0;0;0;NA;95538;4;2020-07-27;287
2020-07-26;"Trenčiansky kraj";1;0;0;0;NA;95538;1;2020-07-26;283
2020-07-25;"Trenčiansky kraj";7;0;0;0;NA;95538;7;2020-07-25;282
2020-07-24;"Trenčiansky kraj";5;0;0;0;NA;95538;5;2020-07-24;275
2020-07-23;"Trenčiansky kraj";10;0;0;0;NA;95538;10;2020-07-23;270
2020-07-22;"Trenčiansky kraj";11;0;0;0;NA;95538;11;2020-07-22;260
2020-07-21;"Trenčiansky kraj";6;0;0;0;NA;95538;6;2020-07-21;249
2020-07-20;"Trenčiansky kraj";13;0;0;0;NA;95538;13;2020-07-20;243
2020-07-19;"Trenčiansky kraj";0;0;0;0;NA;95538;0;2020-07-19;230
2020-07-18;"Trenčiansky kraj";0;0;0;0;NA;95538;0;2020-07-18;230
2020-07-17;"Trenčiansky kraj";1;0;0;0;NA;95538;1;2020-07-17;230
2020-07-16;"Trenčiansky kraj";0;0;0;0;NA;95538;0;2020-07-16;229
2020-07-15;"Trenčiansky kraj";2;0;0;0;NA;95538;2;2020-07-15;229
2020-07-14;"Trenčiansky kraj";8;0;0;0;NA;95538;8;2020-07-14;227
2020-07-13;"Trenčiansky kraj";1;0;0;0;NA;95538;1;2020-07-13;219
2020-07-12;"Trenčiansky kraj";0;0;0;0;NA;95538;0;2020-07-12;218
2020-07-11;"Trenčiansky kraj";0;0;0;0;NA;95538;0;2020-07-11;218
2020-07-10;"Trenčiansky kraj";3;0;0;0;NA;95538;3;2020-07-10;218
2020-07-09;"Trenčiansky kraj";2;0;0;0;NA;95538;2;2020-07-09;215
2020-07-08;"Trenčiansky kraj";1;0;0;0;NA;95538;1;2020-07-08;213
2020-07-07;"Trenčiansky kraj";9;0;0;0;NA;95538;9;2020-07-07;212
2020-07-06;"Trenčiansky kraj";1;0;0;0;NA;95538;1;2020-07-06;203
2020-07-05;"Trenčiansky kraj";1;0;0;0;NA;95538;1;2020-07-05;202
2020-07-04;"Trenčiansky kraj";0;0;0;0;NA;95538;0;2020-07-04;201
2020-07-03;"Trenčiansky kraj";2;0;0;0;NA;95538;2;2020-07-03;201
2020-07-02;"Trenčiansky kraj";10;0;0;0;NA;95538;10;2020-07-02;199
2020-07-01;"Trenčiansky kraj";1;0;0;0;NA;95538;1;2020-07-01;189
2020-06-30;"Trenčiansky kraj";6;0;0;0;NA;95538;6;2020-06-30;188
2020-06-29;"Trenčiansky kraj";1;0;0;0;NA;95538;1;2020-06-29;182
2020-06-28;"Trenčiansky kraj";0;0;0;0;NA;95538;0;2020-06-28;181
2020-06-27;"Trenčiansky kraj";0;0;0;0;NA;95538;0;2020-06-27;181
2020-06-26;"Trenčiansky kraj";0;0;0;0;NA;95538;0;2020-06-26;181
2020-06-25;"Trenčiansky kraj";2;0;0;0;NA;95538;2;2020-06-25;181
2020-06-24;"Trenčiansky kraj";1;0;0;0;NA;95538;1;2020-06-24;179
2020-06-23;"Trenčiansky kraj";0;0;0;0;NA;95538;0;2020-06-23;178
2020-06-22;"Trenčiansky kraj";0;0;0;0;NA;95538;0;2020-06-22;178
2020-06-21;"Trenčiansky kraj";0;0;0;0;NA;95538;0;2020-06-21;178
2020-06-20;"Trenčiansky kraj";0;0;0;0;NA;95538;0;2020-06-20;178
2020-06-19;"Trenčiansky kraj";0;0;0;0;NA;95538;0;2020-06-19;178
2020-06-18;"Trenčiansky kraj";0;0;0;0;NA;95538;0;2020-06-18;178
2020-06-17;"Trenčiansky kraj";0;0;0;0;NA;95538;0;2020-06-17;178
2020-06-16;"Trenčiansky kraj";0;0;0;0;NA;95538;0;2020-06-16;178
2020-06-14;"Trenčiansky kraj";0;0;0;0;NA;95538;0;2020-06-14;178
2020-06-13;"Trenčiansky kraj";0;0;0;0;NA;95538;0;2020-06-13;178
2020-06-12;"Trenčiansky kraj";0;0;0;0;NA;95538;0;2020-06-12;178
2020-06-11;"Trenčiansky kraj";0;0;0;0;NA;95538;0;2020-06-11;178
2020-06-10;"Trenčiansky kraj";1;0;0;0;NA;95538;1;2020-06-10;178
2020-06-09;"Trenčiansky kraj";0;0;0;0;NA;95538;0;2020-06-09;177
2020-06-08;"Trenčiansky kraj";0;0;0;0;NA;95538;0;2020-06-08;177
2020-06-07;"Trenčiansky kraj";0;0;0;0;NA;95538;0;2020-06-07;177
2020-06-05;"Trenčiansky kraj";0;0;0;0;NA;95538;0;2020-06-05;177
2020-06-03;"Trenčiansky kraj";0;0;0;0;NA;95538;0;2020-06-03;177
2020-06-02;"Trenčiansky kraj";0;0;0;0;NA;95538;0;2020-06-02;177
2020-05-31;"Trenčiansky kraj";0;0;0;0;NA;95538;0;2020-05-31;177
2020-05-29;"Trenčiansky kraj";0;0;0;0;NA;95538;0;2020-05-29;177
2020-05-27;"Trenčiansky kraj";2;0;0;0;NA;95538;2;2020-05-27;177
2020-05-26;"Trenčiansky kraj";0;0;0;0;NA;95538;0;2020-05-26;175
2020-05-25;"Trenčiansky kraj";0;0;0;0;NA;95538;0;2020-05-25;175
2020-05-24;"Trenčiansky kraj";0;0;0;0;NA;95538;0;2020-05-24;175
2020-05-23;"Trenčiansky kraj";0;0;0;0;NA;95538;0;2020-05-23;175
2020-05-22;"Trenčiansky kraj";0;0;0;0;NA;95538;0;2020-05-22;175
2020-05-21;"Trenčiansky kraj";0;0;0;0;NA;95538;0;2020-05-21;175
2020-05-20;"Trenčiansky kraj";0;0;0;0;NA;95538;0;2020-05-20;175
2020-05-19;"Trenčiansky kraj";0;0;0;0;NA;95538;0;2020-05-19;175
2020-05-17;"Trenčiansky kraj";0;0;0;0;NA;95538;0;2020-05-17;175
2020-05-16;"Trenčiansky kraj";0;0;0;0;NA;95538;0;2020-05-16;175
2020-05-15;"Trenčiansky kraj";1;0;0;0;NA;95538;1;2020-05-15;175
2020-05-14;"Trenčiansky kraj";2;0;0;0;NA;95538;2;2020-05-14;174
2020-05-13;"Trenčiansky kraj";1;0;0;0;NA;95538;1;2020-05-13;172
2020-05-12;"Trenčiansky kraj";1;0;0;0;NA;95538;1;2020-05-12;171
2020-05-11;"Trenčiansky kraj";3;0;0;0;NA;95538;3;2020-05-11;170
2020-05-09;"Trenčiansky kraj";2;0;0;0;NA;95538;2;2020-05-09;167
2020-05-07;"Trenčiansky kraj";6;0;0;0;NA;95538;6;2020-05-07;165
2020-05-06;"Trenčiansky kraj";0;0;0;0;NA;95538;0;2020-05-06;159
2020-05-05;"Trenčiansky kraj";2;0;0;0;NA;95538;2;2020-05-05;159
2020-05-04;"Trenčiansky kraj";0;0;0;0;NA;95538;0;2020-05-04;157
2020-05-03;"Trenčiansky kraj";0;0;0;0;NA;95538;0;2020-05-03;157
2020-05-02;"Trenčiansky kraj";0;0;0;0;NA;95538;0;2020-05-02;157
2020-05-01;"Trenčiansky kraj";0;0;0;0;NA;95538;0;2020-05-01;157
2020-04-30;"Trenčiansky kraj";0;0;0;0;NA;95538;0;2020-04-30;157
2020-04-29;"Trenčiansky kraj";2;0;0;0;NA;95538;2;2020-04-29;157
2020-04-28;"Trenčiansky kraj";1;0;0;0;NA;95538;1;2020-04-28;155
2020-04-27;"Trenčiansky kraj";0;0;0;0;NA;95538;0;2020-04-27;154
2020-04-26;"Trenčiansky kraj";1;0;0;0;NA;95538;1;2020-04-26;154
2020-04-25;"Trenčiansky kraj";0;0;0;0;NA;95538;0;2020-04-25;153
2020-04-24;"Trenčiansky kraj";0;0;0;0;NA;95538;0;2020-04-24;153
2020-04-23;"Trenčiansky kraj";11;0;0;0;NA;95538;11;2020-04-23;153
2020-04-22;"Trenčiansky kraj";1;0;0;0;NA;95538;1;2020-04-22;142
2020-04-21;"Trenčiansky kraj";11;0;0;0;NA;95538;11;2020-04-21;141
2020-04-20;"Trenčiansky kraj";15;0;0;0;NA;95538;15;2020-04-20;130
2020-04-19;"Trenčiansky kraj";2;0;0;0;NA;95538;2;2020-04-19;115
2020-04-18;"Trenčiansky kraj";3;0;0;0;NA;95538;3;2020-04-18;113
2020-04-17;"Trenčiansky kraj";4;0;0;0;NA;95538;4;2020-04-17;110
2020-04-16;"Trenčiansky kraj";10;0;0;0;NA;95538;10;2020-04-16;106
2020-04-15;"Trenčiansky kraj";4;0;0;0;NA;95538;4;2020-04-15;96
2020-04-14;"Trenčiansky kraj";0;0;0;0;NA;95538;0;2020-04-14;92
2020-04-13;"Trenčiansky kraj";1;0;0;0;NA;95538;1;2020-04-13;92
2020-04-12;"Trenčiansky kraj";2;0;0;0;NA;95538;2;2020-04-12;91
2020-04-11;"Trenčiansky kraj";3;0;0;0;NA;95538;3;2020-04-11;89
2020-04-10;"Trenčiansky kraj";0;0;0;0;NA;95538;0;2020-04-10;86
2020-04-09;"Trenčiansky kraj";0;0;0;0;NA;95538;0;2020-04-09;86
2020-04-08;"Trenčiansky kraj";2;0;0;0;NA;95538;2;2020-04-08;86
2020-04-07;"Trenčiansky kraj";18;0;0;0;NA;95538;18;2020-04-07;84
2020-04-06;"Trenčiansky kraj";0;0;0;0;NA;95538;0;2020-04-06;66
2020-04-05;"Trenčiansky kraj";3;0;0;0;NA;95538;3;2020-04-05;66
2020-04-04;"Trenčiansky kraj";5;0;0;0;NA;95538;5;2020-04-04;63
2020-04-03;"Trenčiansky kraj";4;0;0;0;NA;95538;4;2020-04-03;58
2020-04-02;"Trenčiansky kraj";1;0;0;0;NA;95538;1;2020-04-02;54
2020-04-01;"Trenčiansky kraj";3;0;0;0;NA;95538;3;2020-04-01;53
2020-03-31;"Trenčiansky kraj";1;0;0;0;NA;95538;1;2020-03-31;50
2020-03-30;"Trenčiansky kraj";3;0;0;0;NA;95538;3;2020-03-30;49
2020-03-29;"Trenčiansky kraj";6;0;0;0;NA;95538;6;2020-03-29;46
2020-03-28;"Trenčiansky kraj";9;0;0;0;NA;95538;9;2020-03-28;40
2020-03-27;"Trenčiansky kraj";2;0;0;0;NA;95538;2;2020-03-27;31
2020-03-26;"Trenčiansky kraj";6;0;0;0;NA;95538;6;2020-03-26;29
2020-03-25;"Trenčiansky kraj";3;0;0;0;NA;95538;3;2020-03-25;23
2020-03-24;"Trenčiansky kraj";1;0;0;0;NA;95538;1;2020-03-24;20
2020-03-23;"Trenčiansky kraj";0;0;0;0;NA;95538;0;2020-03-23;19
2020-03-22;"Trenčiansky kraj";0;0;0;0;NA;95538;0;2020-03-22;19
2020-03-21;"Trenčiansky kraj";2;0;0;0;NA;95538;2;2020-03-21;19
2020-03-20;"Trenčiansky kraj";2;0;0;0;NA;95538;2;2020-03-20;17
2020-03-19;"Trenčiansky kraj";8;0;0;0;NA;95538;8;2020-03-19;15
2020-03-18;"Trenčiansky kraj";0;0;0;0;NA;95538;0;2020-03-18;7
2020-03-17;"Trenčiansky kraj";0;0;0;0;NA;95538;0;2020-03-17;7
2020-03-16;"Trenčiansky kraj";1;0;0;0;NA;95538;1;2020-03-16;7
2020-03-15;"Trenčiansky kraj";5;0;0;0;NA;95538;5;2020-03-15;6
2020-03-14;"Trenčiansky kraj";0;0;0;0;NA;95538;0;2020-03-14;1
2020-03-13;"Trenčiansky kraj";0;0;0;0;NA;95538;0;2020-03-13;1
2020-03-12;"Trenčiansky kraj";1;0;0;0;NA;95538;1;2020-03-12;1
2020-03-11;"Trenčiansky kraj";0;0;0;0;NA;95538;0;2020-03-11;0
2020-03-09;"Trenčiansky kraj";0;0;0;0;NA;95538;0;2020-03-09;0
2020-03-08;"Trenčiansky kraj";0;0;0;0;NA;95538;0;2020-03-08;0
2020-03-07;"Trenčiansky kraj";0;0;0;0;NA;95538;0;2020-03-07;0
2020-03-06;"Trenčiansky kraj";0;0;0;0;NA;95538;0;2020-03-06;0
2021-04-13;"Trnavský kraj";126;9052;42;9094;44156;87082;168;2021-04-13;87082
2021-04-12;"Trnavský kraj";40;14856;36;14892;NA;87082;76;2021-04-12;86914
2021-04-11;"Trnavský kraj";3;35079;40;35119;NA;87082;43;2021-04-11;86838
2021-04-10;"Trnavský kraj";60;123247;106;123353;NA;87082;166;2021-04-10;86795
2021-04-09;"Trnavský kraj";95;25722;34;25756;NA;87082;129;2021-04-09;86629
2021-04-08;"Trnavský kraj";85;10434;46;10480;NA;87082;131;2021-04-08;86500
2021-04-07;"Trnavský kraj";131;15556;80;15636;NA;87082;211;2021-04-07;86369
2021-04-06;"Trnavský kraj";92;19988;92;20080;NA;87082;184;2021-04-06;86158
2021-04-05;"Trnavský kraj";91;7157;13;7170;NA;87082;104;2021-04-05;85974
2021-04-04;"Trnavský kraj";9;28542;49;28591;NA;87082;58;2021-04-04;85870
2021-04-03;"Trnavský kraj";29;143866;180;144046;NA;87082;209;2021-04-03;85812
2021-04-02;"Trnavský kraj";91;16945;31;16976;NA;87082;122;2021-04-02;85603
2021-04-01;"Trnavský kraj";118;21562;59;21621;NA;87082;177;2021-04-01;85481
2021-03-31;"Trnavský kraj";140;15819;82;15901;NA;87082;222;2021-03-31;85304
2021-03-30;"Trnavský kraj";182;10482;79;10561;NA;87082;261;2021-03-30;85082
2021-03-29;"Trnavský kraj";126;19249;122;19371;NA;87082;248;2021-03-29;84821
2021-03-28;"Trnavský kraj";26;50792;134;50926;NA;87082;160;2021-03-28;84573
2021-03-27;"Trnavský kraj";64;129557;245;129802;NA;87082;309;2021-03-27;84413
2021-03-26;"Trnavský kraj";139;30217;130;30347;NA;87082;269;2021-03-26;84104
2021-03-25;"Trnavský kraj";135;14212;80;14292;NA;87082;215;2021-03-25;83835
2021-03-24;"Trnavský kraj";159;10521;89;10610;NA;87082;248;2021-03-24;83620
2021-03-23;"Trnavský kraj";221;12735;104;12839;NA;87082;325;2021-03-23;83372
2021-03-22;"Trnavský kraj";103;17067;110;17177;NA;87082;213;2021-03-22;83047
2021-03-21;"Trnavský kraj";31;49119;150;49269;NA;87082;181;2021-03-21;82834
2021-03-20;"Trnavský kraj";112;136522;317;136839;NA;87082;429;2021-03-20;82653
2021-03-19;"Trnavský kraj";174;29073;137;29210;NA;87082;311;2021-03-19;82224
2021-03-18;"Trnavský kraj";158;12217;136;12353;NA;87082;294;2021-03-18;81913
2021-03-17;"Trnavský kraj";245;10725;103;10828;NA;87082;348;2021-03-17;81619
2021-03-16;"Trnavský kraj";311;12876;136;13012;NA;87082;447;2021-03-16;81271
2021-03-15;"Trnavský kraj";127;18321;145;18466;NA;87082;272;2021-03-15;80824
2021-03-14;"Trnavský kraj";14;48275;166;48441;NA;87082;180;2021-03-14;80552
2021-03-13;"Trnavský kraj";155;139195;412;139607;NA;87082;567;2021-03-13;80372
2021-03-12;"Trnavský kraj";201;28238;179;28417;NA;87082;380;2021-03-12;79805
2021-03-11;"Trnavský kraj";204;13263;142;13405;NA;87082;346;2021-03-11;79425
2021-03-10;"Trnavský kraj";242;10564;136;10700;NA;87082;378;2021-03-10;79079
2021-03-09;"Trnavský kraj";442;12876;156;13032;NA;87082;598;2021-03-09;78701
2021-03-08;"Trnavský kraj";182;21459;163;21622;NA;87082;345;2021-03-08;78103
2021-03-07;"Trnavský kraj";30;46117;228;46345;NA;87082;258;2021-03-07;77758
2021-03-06;"Trnavský kraj";154;135576;529;136105;NA;87082;683;2021-03-06;77500
2021-03-05;"Trnavský kraj";299;28822;247;29069;NA;87082;546;2021-03-05;76817
2021-03-04;"Trnavský kraj";238;14067;175;14242;NA;87082;413;2021-03-04;76271
2021-03-03;"Trnavský kraj";413;11546;242;11788;NA;87082;655;2021-03-03;75858
2021-03-02;"Trnavský kraj";477;12352;196;12548;NA;87082;673;2021-03-02;75203
2021-03-01;"Trnavský kraj";189;18224;229;18453;NA;87082;418;2021-03-01;74530
2021-02-28;"Trnavský kraj";87;47709;321;48030;NA;87082;408;2021-02-28;74112
2021-02-27;"Trnavský kraj";264;140725;804;141529;NA;87082;1068;2021-02-27;73704
2021-02-26;"Trnavský kraj";362;26951;287;27238;NA;87082;649;2021-02-26;72636
2021-02-25;"Trnavský kraj";433;10490;227;10717;NA;87082;660;2021-02-25;71987
2021-02-24;"Trnavský kraj";407;9110;290;9400;NA;87082;697;2021-02-24;71327
2021-02-23;"Trnavský kraj";469;11322;284;11606;NA;87082;753;2021-02-23;70630
2021-02-22;"Trnavský kraj";206;19909;330;20239;NA;87082;536;2021-02-22;69877
2021-02-21;"Trnavský kraj";38;48221;329;48550;NA;87082;367;2021-02-21;69341
2021-02-20;"Trnavský kraj";273;135812;859;136671;NA;87082;1132;2021-02-20;68974
2021-02-19;"Trnavský kraj";335;26982;347;27329;NA;87082;682;2021-02-19;67842
2021-02-18;"Trnavský kraj";344;11263;348;11611;NA;87082;692;2021-02-18;67160
2021-02-17;"Trnavský kraj";431;8780;416;9196;NA;87082;847;2021-02-17;66468
2021-02-16;"Trnavský kraj";426;11413;295;11708;NA;87082;721;2021-02-16;65621
2021-02-15;"Trnavský kraj";146;18075;291;18366;NA;87082;437;2021-02-15;64900
2021-02-14;"Trnavský kraj";51;57642;495;58137;NA;87082;546;2021-02-14;64463
2021-02-13;"Trnavský kraj";218;137051;994;138045;NA;87082;1212;2021-02-13;63917
2021-02-12;"Trnavský kraj";300;23682;336;24018;NA;87082;636;2021-02-12;62705
2021-02-11;"Trnavský kraj";422;9901;360;10261;NA;87082;782;2021-02-11;62069
2021-02-10;"Trnavský kraj";511;9334;344;9678;NA;87082;855;2021-02-10;61287
2021-02-09;"Trnavský kraj";544;12752;369;13121;NA;87082;913;2021-02-09;60432
2021-02-08;"Trnavský kraj";220;34323;507;34830;NA;87082;727;2021-02-08;59519
2021-02-07;"Trnavský kraj";140;68646;623;69269;NA;87082;763;2021-02-07;58792
2021-02-06;"Trnavský kraj";348;111903;1473;113376;NA;87082;1821;2021-02-06;58029
2021-02-05;"Trnavský kraj";377;16448;400;16848;NA;87082;777;2021-02-05;56208
2021-02-04;"Trnavský kraj";456;7318;456;7774;NA;87082;912;2021-02-04;55431
2021-02-03;"Trnavský kraj";472;6584;434;7018;NA;87082;906;2021-02-03;54519
2021-02-02;"Trnavský kraj";446;14219;424;14643;NA;87082;870;2021-02-02;53613
2021-02-01;"Trnavský kraj";198;40071;690;40761;NA;87082;888;2021-02-01;52743
2021-01-31;"Trnavský kraj";19;64460;814;65274;NA;87082;833;2021-01-31;51855
2021-01-30;"Trnavský kraj";323;110592;1280;111872;NA;87082;1603;2021-01-30;51022
2021-01-29;"Trnavský kraj";421;9690;290;9980;NA;87082;711;2021-01-29;49419
2021-01-28;"Trnavský kraj";389;5815;286;6101;NA;87082;675;2021-01-28;48708
2021-01-27;"Trnavský kraj";433;5300;219;5519;NA;87082;652;2021-01-27;48033
2021-01-26;"Trnavský kraj";565;25392;636;26028;NA;87082;1201;2021-01-26;47381
2021-01-25;"Trnavský kraj";210;41851;607;42458;NA;87082;817;2021-01-25;46180
2021-01-24;"Trnavský kraj";91;67152;791;67943;NA;87082;882;2021-01-24;45363
2021-01-23;"Trnavský kraj";372;117177;1347;118524;NA;87082;1719;2021-01-23;44481
2021-01-22;"Trnavský kraj";217;33122;507;33629;NA;87082;724;2021-01-22;42762
2021-01-21;"Trnavský kraj";311;13835;378;14213;NA;87082;689;2021-01-21;42038
2021-01-20;"Trnavský kraj";503;8117;274;8391;NA;87082;777;2021-01-20;41349
2021-01-19;"Trnavský kraj";415;7013;347;7360;NA;87082;762;2021-01-19;40572
2021-01-18;"Trnavský kraj";247;6234;484;6718;NA;87082;731;2021-01-18;39810
2021-01-17;"Trnavský kraj";128;854;215;1069;NA;87082;343;2021-01-17;39079
2021-01-16;"Trnavský kraj";103;898;24;922;NA;87082;127;2021-01-16;38736
2021-01-15;"Trnavský kraj";278;5457;335;5792;NA;87082;613;2021-01-15;38609
2021-01-14;"Trnavský kraj";452;4001;338;4339;NA;87082;790;2021-01-14;37996
2021-01-13;"Trnavský kraj";457;4751;378;5129;NA;87082;835;2021-01-13;37206
2021-01-12;"Trnavský kraj";469;7175;483;7658;NA;87082;952;2021-01-12;36371
2021-01-11;"Trnavský kraj";370;5012;392;5404;NA;87082;762;2021-01-11;35419
2021-01-10;"Trnavský kraj";71;13;0;13;NA;87082;71;2021-01-10;34657
2021-01-09;"Trnavský kraj";417;1775;100;1875;NA;87082;517;2021-01-09;34586
2021-01-08;"Trnavský kraj";381;6554;532;7086;NA;87082;913;2021-01-08;34069
2021-01-07;"Trnavský kraj";501;4080;390;4470;NA;87082;891;2021-01-07;33156
2021-01-06;"Trnavský kraj";179;758;132;890;NA;87082;311;2021-01-06;32265
2021-01-05;"Trnavský kraj";611;5925;636;6561;NA;87082;1247;2021-01-05;31954
2021-01-04;"Trnavský kraj";302;5239;689;5928;NA;87082;991;2021-01-04;30707
2021-01-03;"Trnavský kraj";60;53;7;60;NA;87082;67;2021-01-03;29716
2021-01-02;"Trnavský kraj";282;417;32;449;NA;87082;314;2021-01-02;29649
2021-01-01;"Trnavský kraj";143;455;76;531;NA;87082;219;2021-01-01;29335
2020-12-31;"Trnavský kraj";498;8488;858;9346;NA;87082;1356;2020-12-31;29116
2020-12-30;"Trnavský kraj";785;5318;612;5930;NA;87082;1397;2020-12-30;27760
2020-12-29;"Trnavský kraj";322;5357;636;5993;NA;87082;958;2020-12-29;26363
2020-12-28;"Trnavský kraj";213;5334;615;5949;NA;87082;828;2020-12-28;25405
2020-12-27;"Trnavský kraj";27;20;4;24;NA;87082;31;2020-12-27;24577
2020-12-26;"Trnavský kraj";148;44;1;45;NA;87082;149;2020-12-26;24546
2020-12-25;"Trnavský kraj";65;49;5;54;NA;87082;70;2020-12-25;24397
2020-12-24;"Trnavský kraj";333;1359;117;1476;NA;87082;450;2020-12-24;24327
2020-12-23;"Trnavský kraj";210;7259;414;7673;NA;87082;624;2020-12-23;23877
2020-12-22;"Trnavský kraj";311;5590;491;6081;NA;87082;802;2020-12-22;23253
2020-12-21;"Trnavský kraj";328;4527;399;4926;NA;87082;727;2020-12-21;22451
2020-12-20;"Trnavský kraj";134;133;12;145;NA;87082;146;2020-12-20;21724
2020-12-19;"Trnavský kraj";201;1407;103;1510;NA;87082;304;2020-12-19;21578
2020-12-18;"Trnavský kraj";341;4898;378;5276;NA;87082;719;2020-12-18;21274
2020-12-17;"Trnavský kraj";375;5271;443;5714;NA;87082;818;2020-12-17;20555
2020-12-16;"Trnavský kraj";312;5249;405;5654;NA;87082;717;2020-12-16;19737
2020-12-15;"Trnavský kraj";492;6623;632;7255;NA;87082;1124;2020-12-15;19020
2020-12-14;"Trnavský kraj";161;3505;292;3797;NA;87082;453;2020-12-14;17896
2020-12-13;"Trnavský kraj";7;7;0;7;NA;87082;7;2020-12-13;17443
2020-12-12;"Trnavský kraj";254;1456;114;1570;NA;87082;368;2020-12-12;17436
2020-12-11;"Trnavský kraj";384;4683;262;4945;NA;87082;646;2020-12-11;17068
2020-12-10;"Trnavský kraj";183;5194;320;5514;NA;87082;503;2020-12-10;16422
2020-12-09;"Trnavský kraj";521;4283;321;4604;NA;87082;842;2020-12-09;15919
2020-12-08;"Trnavský kraj";281;4090;304;4394;NA;87082;585;2020-12-08;15077
2020-12-07;"Trnavský kraj";178;2895;199;3094;NA;87082;377;2020-12-07;14492
2020-12-06;"Trnavský kraj";46;0;0;0;NA;87082;46;2020-12-06;14115
2020-12-05;"Trnavský kraj";129;2218;41;2259;NA;87082;170;2020-12-05;14069
2020-12-04;"Trnavský kraj";242;3948;158;4106;NA;87082;400;2020-12-04;13899
2020-12-03;"Trnavský kraj";248;2770;190;2960;NA;87082;438;2020-12-03;13499
2020-12-02;"Trnavský kraj";284;4516;176;4692;NA;87082;460;2020-12-02;13061
2020-12-01;"Trnavský kraj";253;3190;205;3395;NA;87082;458;2020-12-01;12601
2020-11-30;"Trnavský kraj";200;7360;186;7546;NA;87082;386;2020-11-30;12143
2020-11-29;"Trnavský kraj";17;738;36;774;NA;87082;53;2020-11-29;11757
2020-11-28;"Trnavský kraj";83;1453;77;1530;NA;87082;160;2020-11-28;11704
2020-11-27;"Trnavský kraj";148;1591;83;1674;NA;87082;231;2020-11-27;11544
2020-11-26;"Trnavský kraj";234;985;59;1044;NA;87082;293;2020-11-26;11313
2020-11-25;"Trnavský kraj";232;1029;72;1101;NA;87082;304;2020-11-25;11020
2020-11-24;"Trnavský kraj";295;1772;91;1863;NA;87082;386;2020-11-24;10716
2020-11-23;"Trnavský kraj";242;7207;125;7332;NA;87082;367;2020-11-23;10330
2020-11-22;"Trnavský kraj";10;82;9;91;NA;87082;19;2020-11-22;9963
2020-11-21;"Trnavský kraj";129;1354;36;1390;NA;87082;165;2020-11-21;9944
2020-11-20;"Trnavský kraj";246;1027;61;1088;NA;87082;307;2020-11-20;9779
2020-11-19;"Trnavský kraj";157;694;58;752;NA;87082;215;2020-11-19;9472
2020-11-18;"Trnavský kraj";235;736;75;811;NA;87082;310;2020-11-18;9257
2020-11-17;"Trnavský kraj";129;705;74;779;NA;87082;203;2020-11-17;8947
2020-11-16;"Trnavský kraj";187;682;32;714;NA;87082;219;2020-11-16;8744
2020-11-15;"Trnavský kraj";23;73;4;77;NA;87082;27;2020-11-15;8525
2020-11-14;"Trnavský kraj";86;397;12;409;NA;87082;98;2020-11-14;8498
2020-11-13;"Trnavský kraj";219;1312;21;1333;NA;87082;240;2020-11-13;8400
2020-11-12;"Trnavský kraj";162;420;18;438;NA;87082;180;2020-11-12;8160
2020-11-11;"Trnavský kraj";257;392;15;407;NA;87082;272;2020-11-11;7980
2020-11-10;"Trnavský kraj";189;889;30;919;NA;87082;219;2020-11-10;7708
2020-11-09;"Trnavský kraj";196;369;23;392;NA;87082;219;2020-11-09;7489
2020-11-08;"Trnavský kraj";55;400;4;404;NA;87082;59;2020-11-08;7270
2020-11-07;"Trnavský kraj";207;6070;74;6144;NA;87082;281;2020-11-07;7211
2020-11-06;"Trnavský kraj";260;1531;19;1550;NA;87082;279;2020-11-06;6930
2020-11-05;"Trnavský kraj";150;220;27;247;NA;87082;177;2020-11-05;6651
2020-11-04;"Trnavský kraj";188;212;10;222;NA;87082;198;2020-11-04;6474
2020-11-03;"Trnavský kraj";317;127;8;135;NA;87082;325;2020-11-03;6276
2020-11-02;"Trnavský kraj";281;1728;31;1759;NA;87082;312;2020-11-02;5951
2020-11-01;"Trnavský kraj";87;494;27;521;NA;87082;114;2020-11-01;5639
2020-10-31;"Trnavský kraj";259;5024;41;5065;NA;87082;300;2020-10-31;5525
2020-10-30;"Trnavský kraj";198;3784;27;3811;NA;87082;225;2020-10-30;5225
2020-10-29;"Trnavský kraj";273;1461;16;1477;NA;87082;289;2020-10-29;5000
2020-10-28;"Trnavský kraj";319;117;16;133;NA;87082;335;2020-10-28;4711
2020-10-27;"Trnavský kraj";199;461;36;497;NA;87082;235;2020-10-27;4376
2020-10-26;"Trnavský kraj";153;29;2;31;NA;87082;155;2020-10-26;4141
2020-10-25;"Trnavský kraj";95;19;1;20;NA;87082;96;2020-10-25;3986
2020-10-24;"Trnavský kraj";158;109;2;111;NA;87082;160;2020-10-24;3890
2020-10-23;"Trnavský kraj";201;89;4;93;NA;87082;205;2020-10-23;3730
2020-10-22;"Trnavský kraj";195;55;2;57;NA;87082;197;2020-10-22;3525
2020-10-21;"Trnavský kraj";134;73;3;76;NA;87082;137;2020-10-21;3328
2020-10-20;"Trnavský kraj";202;82;3;85;NA;87082;205;2020-10-20;3191
2020-10-19;"Trnavský kraj";67;55;0;55;NA;87082;67;2020-10-19;2986
2020-10-18;"Trnavský kraj";84;0;0;0;NA;87082;84;2020-10-18;2919
2020-10-17;"Trnavský kraj";123;0;0;0;NA;87082;123;2020-10-17;2835
2020-10-16;"Trnavský kraj";86;45;2;47;NA;87082;88;2020-10-16;2712
2020-10-15;"Trnavský kraj";155;66;2;68;NA;87082;157;2020-10-15;2624
2020-10-14;"Trnavský kraj";236;468;3;471;NA;87082;239;2020-10-14;2467
2020-10-13;"Trnavský kraj";138;16;2;18;NA;87082;140;2020-10-13;2228
2020-10-12;"Trnavský kraj";33;41;1;42;NA;87082;34;2020-10-12;2088
2020-10-11;"Trnavský kraj";31;0;0;0;NA;87082;31;2020-10-11;2054
2020-10-10;"Trnavský kraj";128;0;0;0;NA;87082;128;2020-10-10;2023
2020-10-09;"Trnavský kraj";156;0;0;0;NA;87082;156;2020-10-09;1895
2020-10-08;"Trnavský kraj";153;0;0;0;NA;87082;153;2020-10-08;1739
2020-10-07;"Trnavský kraj";80;0;0;0;NA;87082;80;2020-10-07;1586
2020-10-06;"Trnavský kraj";112;0;0;0;NA;87082;112;2020-10-06;1506
2020-10-05;"Trnavský kraj";33;0;0;0;NA;87082;33;2020-10-05;1394
2020-10-04;"Trnavský kraj";44;0;0;0;NA;87082;44;2020-10-04;1361
2020-10-03;"Trnavský kraj";60;0;0;0;NA;87082;60;2020-10-03;1317
2020-10-02;"Trnavský kraj";41;0;0;0;NA;87082;41;2020-10-02;1257
2020-10-01;"Trnavský kraj";53;0;0;0;NA;87082;53;2020-10-01;1216
2020-09-30;"Trnavský kraj";91;0;0;0;NA;87082;91;2020-09-30;1163
2020-09-29;"Trnavský kraj";40;0;0;0;NA;87082;40;2020-09-29;1072
2020-09-28;"Trnavský kraj";69;0;0;0;NA;87082;69;2020-09-28;1032
2020-09-27;"Trnavský kraj";30;0;0;0;NA;87082;30;2020-09-27;963
2020-09-26;"Trnavský kraj";46;0;0;0;NA;87082;46;2020-09-26;933
2020-09-25;"Trnavský kraj";32;0;0;0;NA;87082;32;2020-09-25;887
2020-09-24;"Trnavský kraj";42;0;0;0;NA;87082;42;2020-09-24;855
2020-09-23;"Trnavský kraj";43;0;0;0;NA;87082;43;2020-09-23;813
2020-09-22;"Trnavský kraj";55;0;0;0;NA;87082;55;2020-09-22;770
2020-09-21;"Trnavský kraj";41;0;0;0;NA;87082;41;2020-09-21;715
2020-09-20;"Trnavský kraj";17;0;0;0;NA;87082;17;2020-09-20;674
2020-09-19;"Trnavský kraj";4;0;0;0;NA;87082;4;2020-09-19;657
2020-09-18;"Trnavský kraj";33;0;0;0;NA;87082;33;2020-09-18;653
2020-09-17;"Trnavský kraj";42;0;0;0;NA;87082;42;2020-09-17;620
2020-09-16;"Trnavský kraj";49;0;0;0;NA;87082;49;2020-09-16;578
2020-09-15;"Trnavský kraj";5;0;0;0;NA;87082;5;2020-09-15;529
2020-09-14;"Trnavský kraj";26;0;0;0;NA;87082;26;2020-09-14;524
2020-09-13;"Trnavský kraj";9;0;0;0;NA;87082;9;2020-09-13;498
2020-09-12;"Trnavský kraj";12;0;0;0;NA;87082;12;2020-09-12;489
2020-09-11;"Trnavský kraj";16;0;0;0;NA;87082;16;2020-09-11;477
2020-09-10;"Trnavský kraj";32;0;0;0;NA;87082;32;2020-09-10;461
2020-09-09;"Trnavský kraj";14;0;0;0;NA;87082;14;2020-09-09;429
2020-09-08;"Trnavský kraj";11;0;0;0;NA;87082;11;2020-09-08;415
2020-09-07;"Trnavský kraj";7;0;0;0;NA;87082;7;2020-09-07;404
2020-09-06;"Trnavský kraj";5;0;0;0;NA;87082;5;2020-09-06;397
2020-09-05;"Trnavský kraj";7;0;0;0;NA;87082;7;2020-09-05;392
2020-09-04;"Trnavský kraj";16;0;0;0;NA;87082;16;2020-09-04;385
2020-09-03;"Trnavský kraj";8;0;0;0;NA;87082;8;2020-09-03;369
2020-09-02;"Trnavský kraj";7;0;0;0;NA;87082;7;2020-09-02;361
2020-09-01;"Trnavský kraj";1;0;0;0;NA;87082;1;2020-09-01;354
2020-08-31;"Trnavský kraj";6;0;0;0;NA;87082;6;2020-08-31;353
2020-08-30;"Trnavský kraj";1;0;0;0;NA;87082;1;2020-08-30;347
2020-08-29;"Trnavský kraj";3;0;0;0;NA;87082;3;2020-08-29;346
2020-08-28;"Trnavský kraj";14;0;0;0;NA;87082;14;2020-08-28;343
2020-08-27;"Trnavský kraj";6;0;0;0;NA;87082;6;2020-08-27;329
2020-08-26;"Trnavský kraj";4;0;0;0;NA;87082;4;2020-08-26;323
2020-08-25;"Trnavský kraj";7;0;0;0;NA;87082;7;2020-08-25;319
2020-08-24;"Trnavský kraj";1;0;0;0;NA;87082;1;2020-08-24;312
2020-08-23;"Trnavský kraj";6;0;0;0;NA;87082;6;2020-08-23;311
2020-08-22;"Trnavský kraj";3;0;0;0;NA;87082;3;2020-08-22;305
2020-08-21;"Trnavský kraj";4;0;0;0;NA;87082;4;2020-08-21;302
2020-08-20;"Trnavský kraj";23;0;0;0;NA;87082;23;2020-08-20;298
2020-08-19;"Trnavský kraj";13;0;0;0;NA;87082;13;2020-08-19;275
2020-08-18;"Trnavský kraj";20;0;0;0;NA;87082;20;2020-08-18;262
2020-08-17;"Trnavský kraj";3;0;0;0;NA;87082;3;2020-08-17;242
2020-08-16;"Trnavský kraj";0;0;0;0;NA;87082;0;2020-08-16;239
2020-08-15;"Trnavský kraj";7;0;0;0;NA;87082;7;2020-08-15;239
2020-08-14;"Trnavský kraj";6;0;0;0;NA;87082;6;2020-08-14;232
2020-08-13;"Trnavský kraj";10;0;0;0;NA;87082;10;2020-08-13;226
2020-08-12;"Trnavský kraj";2;0;0;0;NA;87082;2;2020-08-12;216
2020-08-11;"Trnavský kraj";30;0;0;0;NA;87082;30;2020-08-11;214
2020-08-10;"Trnavský kraj";0;0;0;0;NA;87082;0;2020-08-10;184
2020-08-09;"Trnavský kraj";0;0;0;0;NA;87082;0;2020-08-09;184
2020-08-08;"Trnavský kraj";13;0;0;0;NA;87082;13;2020-08-08;184
2020-08-07;"Trnavský kraj";4;0;0;0;NA;87082;4;2020-08-07;171
2020-08-06;"Trnavský kraj";4;0;0;0;NA;87082;4;2020-08-06;167
2020-08-05;"Trnavský kraj";0;0;0;0;NA;87082;0;2020-08-05;163
2020-08-04;"Trnavský kraj";1;0;0;0;NA;87082;1;2020-08-04;163
2020-08-03;"Trnavský kraj";2;0;0;0;NA;87082;2;2020-08-03;162
2020-08-02;"Trnavský kraj";1;0;0;0;NA;87082;1;2020-08-02;160
2020-08-01;"Trnavský kraj";0;0;0;0;NA;87082;0;2020-08-01;159
2020-07-31;"Trnavský kraj";7;0;0;0;NA;87082;7;2020-07-31;159
2020-07-30;"Trnavský kraj";6;0;0;0;NA;87082;6;2020-07-30;152
2020-07-29;"Trnavský kraj";0;0;0;0;NA;87082;0;2020-07-29;146
2020-07-28;"Trnavský kraj";1;0;0;0;NA;87082;1;2020-07-28;146
2020-07-27;"Trnavský kraj";2;0;0;0;NA;87082;2;2020-07-27;145
2020-07-26;"Trnavský kraj";0;0;0;0;NA;87082;0;2020-07-26;143
2020-07-25;"Trnavský kraj";0;0;0;0;NA;87082;0;2020-07-25;143
2020-07-24;"Trnavský kraj";1;0;0;0;NA;87082;1;2020-07-24;143
2020-07-23;"Trnavský kraj";2;0;0;0;NA;87082;2;2020-07-23;142
2020-07-22;"Trnavský kraj";1;0;0;0;NA;87082;1;2020-07-22;140
2020-07-21;"Trnavský kraj";2;0;0;0;NA;87082;2;2020-07-21;139
2020-07-20;"Trnavský kraj";0;0;0;0;NA;87082;0;2020-07-20;137
2020-07-19;"Trnavský kraj";0;0;0;0;NA;87082;0;2020-07-19;137
2020-07-18;"Trnavský kraj";0;0;0;0;NA;87082;0;2020-07-18;137
2020-07-17;"Trnavský kraj";0;0;0;0;NA;87082;0;2020-07-17;137
2020-07-16;"Trnavský kraj";0;0;0;0;NA;87082;0;2020-07-16;137
2020-07-15;"Trnavský kraj";1;0;0;0;NA;87082;1;2020-07-15;137
2020-07-14;"Trnavský kraj";0;0;0;0;NA;87082;0;2020-07-14;136
2020-07-13;"Trnavský kraj";0;0;0;0;NA;87082;0;2020-07-13;136
2020-07-12;"Trnavský kraj";0;0;0;0;NA;87082;0;2020-07-12;136
2020-07-11;"Trnavský kraj";0;0;0;0;NA;87082;0;2020-07-11;136
2020-07-10;"Trnavský kraj";0;0;0;0;NA;87082;0;2020-07-10;136
2020-07-09;"Trnavský kraj";0;0;0;0;NA;87082;0;2020-07-09;136
2020-07-08;"Trnavský kraj";3;0;0;0;NA;87082;3;2020-07-08;136
2020-07-07;"Trnavský kraj";4;0;0;0;NA;87082;4;2020-07-07;133
2020-07-06;"Trnavský kraj";0;0;0;0;NA;87082;0;2020-07-06;129
2020-07-05;"Trnavský kraj";0;0;0;0;NA;87082;0;2020-07-05;129
2020-07-04;"Trnavský kraj";0;0;0;0;NA;87082;0;2020-07-04;129
2020-07-03;"Trnavský kraj";0;0;0;0;NA;87082;0;2020-07-03;129
2020-07-02;"Trnavský kraj";3;0;0;0;NA;87082;3;2020-07-02;129
2020-07-01;"Trnavský kraj";0;0;0;0;NA;87082;0;2020-07-01;126
2020-06-30;"Trnavský kraj";0;0;0;0;NA;87082;0;2020-06-30;126
2020-06-29;"Trnavský kraj";0;0;0;0;NA;87082;0;2020-06-29;126
2020-06-28;"Trnavský kraj";0;0;0;0;NA;87082;0;2020-06-28;126
2020-06-27;"Trnavský kraj";0;0;0;0;NA;87082;0;2020-06-27;126
2020-06-26;"Trnavský kraj";0;0;0;0;NA;87082;0;2020-06-26;126
2020-06-25;"Trnavský kraj";0;0;0;0;NA;87082;0;2020-06-25;126
2020-06-24;"Trnavský kraj";0;0;0;0;NA;87082;0;2020-06-24;126
2020-06-23;"Trnavský kraj";0;0;0;0;NA;87082;0;2020-06-23;126
2020-06-22;"Trnavský kraj";0;0;0;0;NA;87082;0;2020-06-22;126
2020-06-21;"Trnavský kraj";0;0;0;0;NA;87082;0;2020-06-21;126
2020-06-20;"Trnavský kraj";0;0;0;0;NA;87082;0;2020-06-20;126
2020-06-19;"Trnavský kraj";0;0;0;0;NA;87082;0;2020-06-19;126
2020-06-18;"Trnavský kraj";2;0;0;0;NA;87082;2;2020-06-18;126
2020-06-17;"Trnavský kraj";0;0;0;0;NA;87082;0;2020-06-17;124
2020-06-16;"Trnavský kraj";0;0;0;0;NA;87082;0;2020-06-16;124
2020-06-14;"Trnavský kraj";0;0;0;0;NA;87082;0;2020-06-14;124
2020-06-13;"Trnavský kraj";0;0;0;0;NA;87082;0;2020-06-13;124
2020-06-12;"Trnavský kraj";0;0;0;0;NA;87082;0;2020-06-12;124
2020-06-11;"Trnavský kraj";0;0;0;0;NA;87082;0;2020-06-11;124
2020-06-10;"Trnavský kraj";0;0;0;0;NA;87082;0;2020-06-10;124
2020-06-09;"Trnavský kraj";0;0;0;0;NA;87082;0;2020-06-09;124
2020-06-08;"Trnavský kraj";0;0;0;0;NA;87082;0;2020-06-08;124
2020-06-07;"Trnavský kraj";0;0;0;0;NA;87082;0;2020-06-07;124
2020-06-05;"Trnavský kraj";0;0;0;0;NA;87082;0;2020-06-05;124
2020-06-03;"Trnavský kraj";0;0;0;0;NA;87082;0;2020-06-03;124
2020-06-02;"Trnavský kraj";0;0;0;0;NA;87082;0;2020-06-02;124
2020-05-31;"Trnavský kraj";0;0;0;0;NA;87082;0;2020-05-31;124
2020-05-29;"Trnavský kraj";0;0;0;0;NA;87082;0;2020-05-29;124
2020-05-27;"Trnavský kraj";0;0;0;0;NA;87082;0;2020-05-27;124
2020-05-26;"Trnavský kraj";0;0;0;0;NA;87082;0;2020-05-26;124
2020-05-25;"Trnavský kraj";1;0;0;0;NA;87082;1;2020-05-25;124
2020-05-24;"Trnavský kraj";0;0;0;0;NA;87082;0;2020-05-24;123
2020-05-23;"Trnavský kraj";2;0;0;0;NA;87082;2;2020-05-23;123
2020-05-22;"Trnavský kraj";0;0;0;0;NA;87082;0;2020-05-22;121
2020-05-21;"Trnavský kraj";0;0;0;0;NA;87082;0;2020-05-21;121
2020-05-20;"Trnavský kraj";2;0;0;0;NA;87082;2;2020-05-20;121
2020-05-19;"Trnavský kraj";0;0;0;0;NA;87082;0;2020-05-19;119
2020-05-17;"Trnavský kraj";0;0;0;0;NA;87082;0;2020-05-17;119
2020-05-16;"Trnavský kraj";0;0;0;0;NA;87082;0;2020-05-16;119
2020-05-15;"Trnavský kraj";1;0;0;0;NA;87082;1;2020-05-15;119
2020-05-14;"Trnavský kraj";0;0;0;0;NA;87082;0;2020-05-14;118
2020-05-13;"Trnavský kraj";0;0;0;0;NA;87082;0;2020-05-13;118
2020-05-12;"Trnavský kraj";0;0;0;0;NA;87082;0;2020-05-12;118
2020-05-11;"Trnavský kraj";2;0;0;0;NA;87082;2;2020-05-11;118
2020-05-09;"Trnavský kraj";0;0;0;0;NA;87082;0;2020-05-09;116
2020-05-07;"Trnavský kraj";0;0;0;0;NA;87082;0;2020-05-07;116
2020-05-06;"Trnavský kraj";0;0;0;0;NA;87082;0;2020-05-06;116
2020-05-05;"Trnavský kraj";0;0;0;0;NA;87082;0;2020-05-05;116
2020-05-04;"Trnavský kraj";0;0;0;0;NA;87082;0;2020-05-04;116
2020-05-03;"Trnavský kraj";0;0;0;0;NA;87082;0;2020-05-03;116
2020-05-02;"Trnavský kraj";0;0;0;0;NA;87082;0;2020-05-02;116
2020-05-01;"Trnavský kraj";0;0;0;0;NA;87082;0;2020-05-01;116
2020-04-30;"Trnavský kraj";0;0;0;0;NA;87082;0;2020-04-30;116
2020-04-29;"Trnavský kraj";0;0;0;0;NA;87082;0;2020-04-29;116
2020-04-28;"Trnavský kraj";1;0;0;0;NA;87082;1;2020-04-28;116
2020-04-27;"Trnavský kraj";0;0;0;0;NA;87082;0;2020-04-27;115
2020-04-26;"Trnavský kraj";0;0;0;0;NA;87082;0;2020-04-26;115
2020-04-25;"Trnavský kraj";2;0;0;0;NA;87082;2;2020-04-25;115
2020-04-24;"Trnavský kraj";4;0;0;0;NA;87082;4;2020-04-24;113
2020-04-23;"Trnavský kraj";5;0;0;0;NA;87082;5;2020-04-23;109
2020-04-22;"Trnavský kraj";10;0;0;0;NA;87082;10;2020-04-22;104
2020-04-21;"Trnavský kraj";5;0;0;0;NA;87082;5;2020-04-21;94
2020-04-20;"Trnavský kraj";0;0;0;0;NA;87082;0;2020-04-20;89
2020-04-19;"Trnavský kraj";1;0;0;0;NA;87082;1;2020-04-19;89
2020-04-18;"Trnavský kraj";4;0;0;0;NA;87082;4;2020-04-18;88
2020-04-17;"Trnavský kraj";7;0;0;0;NA;87082;7;2020-04-17;84
2020-04-16;"Trnavský kraj";5;0;0;0;NA;87082;5;2020-04-16;77
2020-04-15;"Trnavský kraj";5;0;0;0;NA;87082;5;2020-04-15;72
2020-04-14;"Trnavský kraj";1;0;0;0;NA;87082;1;2020-04-14;67
2020-04-13;"Trnavský kraj";0;0;0;0;NA;87082;0;2020-04-13;66
2020-04-12;"Trnavský kraj";0;0;0;0;NA;87082;0;2020-04-12;66
2020-04-11;"Trnavský kraj";0;0;0;0;NA;87082;0;2020-04-11;66
2020-04-10;"Trnavský kraj";2;0;0;0;NA;87082;2;2020-04-10;66
2020-04-09;"Trnavský kraj";3;0;0;0;NA;87082;3;2020-04-09;64
2020-04-08;"Trnavský kraj";4;0;0;0;NA;87082;4;2020-04-08;61
2020-04-07;"Trnavský kraj";6;0;0;0;NA;87082;6;2020-04-07;57
2020-04-06;"Trnavský kraj";6;0;0;0;NA;87082;6;2020-04-06;51
2020-04-05;"Trnavský kraj";1;0;0;0;NA;87082;1;2020-04-05;45
2020-04-04;"Trnavský kraj";1;0;0;0;NA;87082;1;2020-04-04;44
2020-04-03;"Trnavský kraj";3;0;0;0;NA;87082;3;2020-04-03;43
2020-04-02;"Trnavský kraj";4;0;0;0;NA;87082;4;2020-04-02;40
2020-04-01;"Trnavský kraj";0;0;0;0;NA;87082;0;2020-04-01;36
2020-03-31;"Trnavský kraj";3;0;0;0;NA;87082;3;2020-03-31;36
2020-03-30;"Trnavský kraj";4;0;0;0;NA;87082;4;2020-03-30;33
2020-03-29;"Trnavský kraj";1;0;0;0;NA;87082;1;2020-03-29;29
2020-03-28;"Trnavský kraj";3;0;0;0;NA;87082;3;2020-03-28;28
2020-03-27;"Trnavský kraj";5;0;0;0;NA;87082;5;2020-03-27;25
2020-03-26;"Trnavský kraj";5;0;0;0;NA;87082;5;2020-03-26;20
2020-03-25;"Trnavský kraj";1;0;0;0;NA;87082;1;2020-03-25;15
2020-03-24;"Trnavský kraj";0;0;0;0;NA;87082;0;2020-03-24;14
2020-03-23;"Trnavský kraj";2;0;0;0;NA;87082;2;2020-03-23;14
2020-03-22;"Trnavský kraj";1;0;0;0;NA;87082;1;2020-03-22;12
2020-03-21;"Trnavský kraj";5;0;0;0;NA;87082;5;2020-03-21;11
2020-03-20;"Trnavský kraj";0;0;0;0;NA;87082;0;2020-03-20;6
2020-03-19;"Trnavský kraj";0;0;0;0;NA;87082;0;2020-03-19;6
2020-03-18;"Trnavský kraj";0;0;0;0;NA;87082;0;2020-03-18;6
2020-03-17;"Trnavský kraj";3;0;0;0;NA;87082;3;2020-03-17;6
2020-03-16;"Trnavský kraj";1;0;0;0;NA;87082;1;2020-03-16;3
2020-03-15;"Trnavský kraj";0;0;0;0;NA;87082;0;2020-03-15;2
2020-03-14;"Trnavský kraj";0;0;0;0;NA;87082;0;2020-03-14;2
2020-03-13;"Trnavský kraj";1;0;0;0;NA;87082;1;2020-03-13;2
2020-03-12;"Trnavský kraj";1;0;0;0;NA;87082;1;2020-03-12;1
2020-03-11;"Trnavský kraj";0;0;0;0;NA;87082;0;2020-03-11;0
2020-03-09;"Trnavský kraj";0;0;0;0;NA;87082;0;2020-03-09;0
2020-03-08;"Trnavský kraj";0;0;0;0;NA;87082;0;2020-03-08;0
2020-03-07;"Trnavský kraj";0;0;0;0;NA;87082;0;2020-03-07;0
2020-03-06;"Trnavský kraj";0;0;0;0;NA;87082;0;2020-03-06;0
2021-04-13;"Žilinský kraj";171;22096;109;22205;54573;100808;280;2021-04-13;100808
2021-04-12;"Žilinský kraj";266;29662;183;29845;NA;100808;449;2021-04-12;100528
2021-04-11;"Žilinský kraj";19;37043;107;37150;NA;100808;126;2021-04-11;100079
2021-04-10;"Žilinský kraj";111;86174;233;86407;NA;100808;344;2021-04-10;99953
2021-04-09;"Žilinský kraj";195;39073;197;39270;NA;100808;392;2021-04-09;99609
2021-04-08;"Žilinský kraj";179;24149;137;24286;NA;100808;316;2021-04-08;99217
2021-04-07;"Žilinský kraj";309;29181;178;29359;NA;100808;487;2021-04-07;98901
2021-04-06;"Žilinský kraj";308;38858;289;39147;NA;100808;597;2021-04-06;98414
2021-04-05;"Žilinský kraj";17;14747;140;14887;NA;100808;157;2021-04-05;97817
2021-04-04;"Žilinský kraj";17;16284;69;16353;NA;100808;86;2021-04-04;97660
2021-04-03;"Žilinský kraj";180;100913;401;101314;NA;100808;581;2021-04-03;97574
2021-04-02;"Žilinský kraj";73;22481;84;22565;NA;100808;157;2021-04-02;96993
2021-04-01;"Žilinský kraj";334;42183;240;42423;NA;100808;574;2021-04-01;96836
2021-03-31;"Žilinský kraj";170;31629;247;31876;NA;100808;417;2021-03-31;96262
2021-03-30;"Žilinský kraj";406;26013;226;26239;NA;100808;632;2021-03-30;95845
2021-03-29;"Žilinský kraj";297;28022;268;28290;NA;100808;565;2021-03-29;95213
2021-03-28;"Žilinský kraj";21;36206;239;36445;NA;100808;260;2021-03-28;94648
2021-03-27;"Žilinský kraj";151;89102;353;89455;NA;100808;504;2021-03-27;94388
2021-03-26;"Žilinský kraj";312;51997;332;52329;NA;100808;644;2021-03-26;93884
2021-03-25;"Žilinský kraj";281;27623;214;27837;NA;100808;495;2021-03-25;93240
2021-03-24;"Žilinský kraj";280;21425;261;21686;NA;100808;541;2021-03-24;92745
2021-03-23;"Žilinský kraj";418;23111;260;23371;NA;100808;678;2021-03-23;92204
2021-03-22;"Žilinský kraj";293;29289;314;29603;NA;100808;607;2021-03-22;91526
2021-03-21;"Žilinský kraj";32;33505;227;33732;NA;100808;259;2021-03-21;90919
2021-03-20;"Žilinský kraj";165;93424;497;93921;NA;100808;662;2021-03-20;90660
2021-03-19;"Žilinský kraj";357;51763;413;52176;NA;100808;770;2021-03-19;89998
2021-03-18;"Žilinský kraj";329;28453;294;28747;NA;100808;623;2021-03-18;89228
2021-03-17;"Žilinský kraj";395;21911;269;22180;NA;100808;664;2021-03-17;88605
2021-03-16;"Žilinský kraj";514;24277;304;24581;NA;100808;818;2021-03-16;87941
2021-03-15;"Žilinský kraj";341;29607;419;30026;NA;100808;760;2021-03-15;87123
2021-03-14;"Žilinský kraj";87;34121;267;34388;NA;100808;354;2021-03-14;86363
2021-03-13;"Žilinský kraj";113;93756;582;94338;NA;100808;695;2021-03-13;86009
2021-03-12;"Žilinský kraj";520;52106;410;52516;NA;100808;930;2021-03-12;85314
2021-03-11;"Žilinský kraj";399;28766;314;29080;NA;100808;713;2021-03-11;84384
2021-03-10;"Žilinský kraj";368;22352;370;22722;NA;100808;738;2021-03-10;83671
2021-03-09;"Žilinský kraj";537;24770;316;25086;NA;100808;853;2021-03-09;82933
2021-03-08;"Žilinský kraj";387;30820;458;31278;NA;100808;845;2021-03-08;82080
2021-03-07;"Žilinský kraj";48;33469;286;33755;NA;100808;334;2021-03-07;81235
2021-03-06;"Žilinský kraj";173;92392;586;92978;NA;100808;759;2021-03-06;80901
2021-03-05;"Žilinský kraj";369;51742;483;52225;NA;100808;852;2021-03-05;80142
2021-03-04;"Žilinský kraj";467;30138;377;30515;NA;100808;844;2021-03-04;79290
2021-03-03;"Žilinský kraj";448;26246;394;26640;NA;100808;842;2021-03-03;78446
2021-03-02;"Žilinský kraj";551;25586;378;25964;NA;100808;929;2021-03-02;77604
2021-03-01;"Žilinský kraj";375;30780;441;31221;NA;100808;816;2021-03-01;76675
2021-02-28;"Žilinský kraj";61;34802;327;35129;NA;100808;388;2021-02-28;75859
2021-02-27;"Žilinský kraj";159;83781;639;84420;NA;100808;798;2021-02-27;75471
2021-02-26;"Žilinský kraj";459;47494;508;48002;NA;100808;967;2021-02-26;74673
2021-02-25;"Žilinský kraj";347;30879;393;31272;NA;100808;740;2021-02-25;73706
2021-02-24;"Žilinský kraj";339;18745;395;19140;NA;100808;734;2021-02-24;72966
2021-02-23;"Žilinský kraj";437;22418;418;22836;NA;100808;855;2021-02-23;72232
2021-02-22;"Žilinský kraj";345;29268;438;29706;NA;100808;783;2021-02-22;71377
2021-02-21;"Žilinský kraj";36;28686;322;29008;NA;100808;358;2021-02-21;70594
2021-02-20;"Žilinský kraj";152;88723;667;89390;NA;100808;819;2021-02-20;70236
2021-02-19;"Žilinský kraj";337;44806;415;45221;NA;100808;752;2021-02-19;69417
2021-02-18;"Žilinský kraj";263;24679;339;25018;NA;100808;602;2021-02-18;68665
2021-02-17;"Žilinský kraj";269;17932;355;18287;NA;100808;624;2021-02-17;68063
2021-02-16;"Žilinský kraj";321;24298;325;24623;NA;100808;646;2021-02-16;67439
2021-02-15;"Žilinský kraj";230;30420;311;30731;NA;100808;541;2021-02-15;66793
2021-02-14;"Žilinský kraj";30;28574;231;28805;NA;100808;261;2021-02-14;66252
2021-02-13;"Žilinský kraj";91;69659;454;70113;NA;100808;545;2021-02-13;65991
2021-02-12;"Žilinský kraj";242;42686;335;43021;NA;100808;577;2021-02-12;65446
2021-02-11;"Žilinský kraj";228;23525;300;23825;NA;100808;528;2021-02-11;64869
2021-02-10;"Žilinský kraj";259;17434;261;17695;NA;100808;520;2021-02-10;64341
2021-02-09;"Žilinský kraj";377;24921;276;25197;NA;100808;653;2021-02-09;63821
2021-02-08;"Žilinský kraj";160;41238;388;41626;NA;100808;548;2021-02-08;63168
2021-02-07;"Žilinský kraj";24;46446;252;46698;NA;100808;276;2021-02-07;62620
2021-02-06;"Žilinský kraj";71;72880;367;73247;NA;100808;438;2021-02-06;62344
2021-02-05;"Žilinský kraj";248;31983;323;32306;NA;100808;571;2021-02-05;61906
2021-02-04;"Žilinský kraj";238;13135;258;13393;NA;100808;496;2021-02-04;61335
2021-02-03;"Žilinský kraj";194;9248;260;9508;NA;100808;454;2021-02-03;60839
2021-02-02;"Žilinský kraj";216;9378;274;9652;NA;100808;490;2021-02-02;60385
2021-02-01;"Žilinský kraj";220;19503;363;19866;NA;100808;583;2021-02-01;59895
2021-01-31;"Žilinský kraj";11;2652;27;2679;NA;100808;38;2021-01-31;59312
2021-01-30;"Žilinský kraj";85;18447;187;18634;NA;100808;272;2021-01-30;59274
2021-01-29;"Žilinský kraj";209;22890;304;23194;NA;100808;513;2021-01-29;59002
2021-01-28;"Žilinský kraj";240;5625;175;5800;NA;100808;415;2021-01-28;58489
2021-01-27;"Žilinský kraj";256;7136;123;7259;NA;100808;379;2021-01-27;58074
2021-01-26;"Žilinský kraj";245;49569;343;49912;NA;100808;588;2021-01-26;57695
2021-01-25;"Žilinský kraj";159;22123;153;22276;NA;100808;312;2021-01-25;57107
2021-01-24;"Žilinský kraj";22;67338;306;67644;NA;100808;328;2021-01-24;56795
2021-01-23;"Žilinský kraj";91;91257;408;91665;NA;100808;499;2021-01-23;56467
2021-01-22;"Žilinský kraj";163;31043;235;31278;NA;100808;398;2021-01-22;55968
2021-01-21;"Žilinský kraj";116;19841;183;20024;NA;100808;299;2021-01-21;55570
2021-01-20;"Žilinský kraj";236;17484;171;17655;NA;100808;407;2021-01-20;55271
2021-01-19;"Žilinský kraj";245;15619;279;15898;NA;100808;524;2021-01-19;54864
2021-01-18;"Žilinský kraj";236;12537;334;12871;NA;100808;570;2021-01-18;54340
2021-01-17;"Žilinský kraj";95;117;2;119;NA;100808;97;2021-01-17;53770
2021-01-16;"Žilinský kraj";14;758;37;795;NA;100808;51;2021-01-16;53673
2021-01-15;"Žilinský kraj";248;7256;203;7459;NA;100808;451;2021-01-15;53622
2021-01-14;"Žilinský kraj";166;5610;249;5859;NA;100808;415;2021-01-14;53171
2021-01-13;"Žilinský kraj";247;11307;553;11860;NA;100808;800;2021-01-13;52756
2021-01-12;"Žilinský kraj";376;8798;418;9216;NA;100808;794;2021-01-12;51956
2021-01-11;"Žilinský kraj";351;10348;510;10858;NA;100808;861;2021-01-11;51162
2021-01-10;"Žilinský kraj";38;189;7;196;NA;100808;45;2021-01-10;50301
2021-01-09;"Žilinský kraj";192;1992;85;2077;NA;100808;277;2021-01-09;50256
2021-01-08;"Žilinský kraj";413;9234;500;9734;NA;100808;913;2021-01-08;49979
2021-01-07;"Žilinský kraj";438;23513;1881;25394;NA;100808;2319;2021-01-07;49066
2021-01-06;"Žilinský kraj";145;1338;89;1427;NA;100808;234;2021-01-06;46747
2021-01-05;"Žilinský kraj";717;11147;915;12062;NA;100808;1632;2021-01-05;46513
2021-01-04;"Žilinský kraj";479;9376;959;10335;NA;100808;1438;2021-01-04;44881
2021-01-03;"Žilinský kraj";13;1030;98;1128;NA;100808;111;2021-01-03;43443
2021-01-02;"Žilinský kraj";98;746;86;832;NA;100808;184;2021-01-02;43332
2021-01-01;"Žilinský kraj";118;552;36;588;NA;100808;154;2021-01-01;43148
2020-12-31;"Žilinský kraj";395;10040;814;10854;NA;100808;1209;2020-12-31;42994
2020-12-30;"Žilinský kraj";1038;12026;846;12872;NA;100808;1884;2020-12-30;41785
2020-12-29;"Žilinský kraj";256;10593;1044;11637;NA;100808;1300;2020-12-29;39901
2020-12-28;"Žilinský kraj";406;11231;1061;12292;NA;100808;1467;2020-12-28;38601
2020-12-27;"Žilinský kraj";40;672;80;752;NA;100808;120;2020-12-27;37134
2020-12-26;"Žilinský kraj";135;518;48;566;NA;100808;183;2020-12-26;37014
2020-12-25;"Žilinský kraj";66;111;10;121;NA;100808;76;2020-12-25;36831
2020-12-24;"Žilinský kraj";643;1018;75;1093;NA;100808;718;2020-12-24;36755
2020-12-23;"Žilinský kraj";228;17323;1035;18358;NA;100808;1263;2020-12-23;36037
2020-12-22;"Žilinský kraj";519;13749;1032;14781;NA;100808;1551;2020-12-22;34774
2020-12-21;"Žilinský kraj";444;12622;1100;13722;NA;100808;1544;2020-12-21;33223
2020-12-20;"Žilinský kraj";36;579;73;652;NA;100808;109;2020-12-20;31679
2020-12-19;"Žilinský kraj";208;2080;144;2224;NA;100808;352;2020-12-19;31570
2020-12-18;"Žilinský kraj";333;6899;402;7301;NA;100808;735;2020-12-18;31218
2020-12-17;"Žilinský kraj";500;4248;280;4528;NA;100808;780;2020-12-17;30483
2020-12-16;"Žilinský kraj";333;4000;285;4285;NA;100808;618;2020-12-16;29703
2020-12-15;"Žilinský kraj";528;4182;377;4559;NA;100808;905;2020-12-15;29085
2020-12-14;"Žilinský kraj";321;4273;355;4628;NA;100808;676;2020-12-14;28180
2020-12-13;"Žilinský kraj";26;529;67;596;NA;100808;93;2020-12-13;27504
2020-12-12;"Žilinský kraj";95;1061;53;1114;NA;100808;148;2020-12-12;27411
2020-12-11;"Žilinský kraj";455;4513;274;4787;NA;100808;729;2020-12-11;27263
2020-12-10;"Žilinský kraj";166;9342;840;10182;NA;100808;1006;2020-12-10;26534
2020-12-09;"Žilinský kraj";392;2258;129;2387;NA;100808;521;2020-12-09;25528
2020-12-08;"Žilinský kraj";331;3218;127;3345;NA;100808;458;2020-12-08;25007
2020-12-07;"Žilinský kraj";348;2289;121;2410;NA;100808;469;2020-12-07;24549
2020-12-06;"Žilinský kraj";15;147;4;151;NA;100808;19;2020-12-06;24080
2020-12-05;"Žilinský kraj";98;1417;53;1470;NA;100808;151;2020-12-05;24061
2020-12-04;"Žilinský kraj";228;2884;123;3007;NA;100808;351;2020-12-04;23910
2020-12-03;"Žilinský kraj";237;1415;119;1534;NA;100808;356;2020-12-03;23559
2020-12-02;"Žilinský kraj";181;1724;92;1816;NA;100808;273;2020-12-02;23203
2020-12-01;"Žilinský kraj";209;6567;312;6879;NA;100808;521;2020-12-01;22930
2020-11-30;"Žilinský kraj";203;5332;301;5633;NA;100808;504;2020-11-30;22409
2020-11-29;"Žilinský kraj";18;81;7;88;NA;100808;25;2020-11-29;21905
2020-11-28;"Žilinský kraj";99;349;15;364;NA;100808;114;2020-11-28;21880
2020-11-27;"Žilinský kraj";218;913;46;959;NA;100808;264;2020-11-27;21766
2020-11-26;"Žilinský kraj";190;1104;57;1161;NA;100808;247;2020-11-26;21502
2020-11-25;"Žilinský kraj";225;1217;49;1266;NA;100808;274;2020-11-25;21255
2020-11-24;"Žilinský kraj";213;2092;67;2159;NA;100808;280;2020-11-24;20981
2020-11-23;"Žilinský kraj";170;759;44;803;NA;100808;214;2020-11-23;20701
2020-11-22;"Žilinský kraj";11;67;2;69;NA;100808;13;2020-11-22;20487
2020-11-21;"Žilinský kraj";61;505;20;525;NA;100808;81;2020-11-21;20474
2020-11-20;"Žilinský kraj";251;1074;45;1119;NA;100808;296;2020-11-20;20393
2020-11-19;"Žilinský kraj";252;752;61;813;NA;100808;313;2020-11-19;20097
2020-11-18;"Žilinský kraj";346;348;15;363;NA;100808;361;2020-11-18;19784
2020-11-17;"Žilinský kraj";123;490;15;505;NA;100808;138;2020-11-17;19423
2020-11-16;"Žilinský kraj";227;247;15;262;NA;100808;242;2020-11-16;19285
2020-11-15;"Žilinský kraj";63;13;0;13;NA;100808;63;2020-11-15;19043
2020-11-14;"Žilinský kraj";189;1038;11;1049;NA;100808;200;2020-11-14;18980
2020-11-13;"Žilinský kraj";181;125;9;134;NA;100808;190;2020-11-13;18780
2020-11-12;"Žilinský kraj";334;79;2;81;NA;100808;336;2020-11-12;18590
2020-11-11;"Žilinský kraj";489;147;10;157;NA;100808;499;2020-11-11;18254
2020-11-10;"Žilinský kraj";374;519;9;528;NA;100808;383;2020-11-10;17755
2020-11-09;"Žilinský kraj";143;2335;30;2365;NA;100808;173;2020-11-09;17372
2020-11-08;"Žilinský kraj";59;2538;37;2575;NA;100808;96;2020-11-08;17199
2020-11-07;"Žilinský kraj";312;8175;88;8263;NA;100808;400;2020-11-07;17103
2020-11-06;"Žilinský kraj";503;4090;38;4128;NA;100808;541;2020-11-06;16703
2020-11-05;"Žilinský kraj";473;64;4;68;NA;100808;477;2020-11-05;16162
2020-11-04;"Žilinský kraj";423;168;10;178;NA;100808;433;2020-11-04;15685
2020-11-03;"Žilinský kraj";688;889;16;905;NA;100808;704;2020-11-03;15252
2020-11-02;"Žilinský kraj";472;1043;39;1082;NA;100808;511;2020-11-02;14548
2020-11-01;"Žilinský kraj";349;5096;130;5226;NA;100808;479;2020-11-01;14037
2020-10-31;"Žilinský kraj";661;7963;203;8166;NA;100808;864;2020-10-31;13558
2020-10-30;"Žilinský kraj";529;2575;61;2636;NA;100808;590;2020-10-30;12694
2020-10-29;"Žilinský kraj";740;503;17;520;NA;100808;757;2020-10-29;12104
2020-10-28;"Žilinský kraj";635;105;11;116;NA;100808;646;2020-10-28;11347
2020-10-27;"Žilinský kraj";355;154;24;178;NA;100808;379;2020-10-27;10701
2020-10-26;"Žilinský kraj";148;117;28;145;NA;100808;176;2020-10-26;10322
2020-10-25;"Žilinský kraj";436;0;0;0;NA;100808;436;2020-10-25;10146
2020-10-24;"Žilinský kraj";803;0;0;0;NA;100808;803;2020-10-24;9710
2020-10-23;"Žilinský kraj";659;102;13;115;NA;100808;672;2020-10-23;8907
2020-10-22;"Žilinský kraj";525;33;3;36;NA;100808;528;2020-10-22;8235
2020-10-21;"Žilinský kraj";478;74;14;88;NA;100808;492;2020-10-21;7707
2020-10-20;"Žilinský kraj";524;127;8;135;NA;100808;532;2020-10-20;7215
2020-10-19;"Žilinský kraj";70;80;12;92;NA;100808;82;2020-10-19;6683
2020-10-18;"Žilinský kraj";159;0;0;0;NA;100808;159;2020-10-18;6601
2020-10-17;"Žilinský kraj";509;0;0;0;NA;100808;509;2020-10-17;6442
2020-10-16;"Žilinský kraj";603;51;9;60;NA;100808;612;2020-10-16;5933
2020-10-15;"Žilinský kraj";679;61;3;64;NA;100808;682;2020-10-15;5321
2020-10-14;"Žilinský kraj";523;269;6;275;NA;100808;529;2020-10-14;4639
2020-10-13;"Žilinský kraj";367;458;40;498;NA;100808;407;2020-10-13;4110
2020-10-12;"Žilinský kraj";62;0;0;0;NA;100808;62;2020-10-12;3703
2020-10-11;"Žilinský kraj";50;0;0;0;NA;100808;50;2020-10-11;3641
2020-10-10;"Žilinský kraj";213;0;0;0;NA;100808;213;2020-10-10;3591
2020-10-09;"Žilinský kraj";543;0;0;0;NA;100808;543;2020-10-09;3378
2020-10-08;"Žilinský kraj";238;0;0;0;NA;100808;238;2020-10-08;2835
2020-10-07;"Žilinský kraj";168;0;0;0;NA;100808;168;2020-10-07;2597
2020-10-06;"Žilinský kraj";233;0;0;0;NA;100808;233;2020-10-06;2429
2020-10-05;"Žilinský kraj";33;0;0;0;NA;100808;33;2020-10-05;2196
2020-10-04;"Žilinský kraj";35;0;0;0;NA;100808;35;2020-10-04;2163
2020-10-03;"Žilinský kraj";155;0;0;0;NA;100808;155;2020-10-03;2128
2020-10-02;"Žilinský kraj";105;0;0;0;NA;100808;105;2020-10-02;1973
2020-10-01;"Žilinský kraj";147;0;0;0;NA;100808;147;2020-10-01;1868
2020-09-30;"Žilinský kraj";163;0;0;0;NA;100808;163;2020-09-30;1721
2020-09-29;"Žilinský kraj";105;0;0;0;NA;100808;105;2020-09-29;1558
2020-09-28;"Žilinský kraj";34;0;0;0;NA;100808;34;2020-09-28;1453
2020-09-27;"Žilinský kraj";108;0;0;0;NA;100808;108;2020-09-27;1419
2020-09-26;"Žilinský kraj";96;0;0;0;NA;100808;96;2020-09-26;1311
2020-09-25;"Žilinský kraj";69;0;0;0;NA;100808;69;2020-09-25;1215
2020-09-24;"Žilinský kraj";100;0;0;0;NA;100808;100;2020-09-24;1146
2020-09-23;"Žilinský kraj";65;0;0;0;NA;100808;65;2020-09-23;1046
2020-09-22;"Žilinský kraj";65;0;0;0;NA;100808;65;2020-09-22;981
2020-09-21;"Žilinský kraj";47;0;0;0;NA;100808;47;2020-09-21;916
2020-09-20;"Žilinský kraj";4;0;0;0;NA;100808;4;2020-09-20;869
2020-09-19;"Žilinský kraj";6;0;0;0;NA;100808;6;2020-09-19;865
2020-09-18;"Žilinský kraj";82;0;0;0;NA;100808;82;2020-09-18;859
2020-09-17;"Žilinský kraj";30;0;0;0;NA;100808;30;2020-09-17;777
2020-09-16;"Žilinský kraj";34;0;0;0;NA;100808;34;2020-09-16;747
2020-09-15;"Žilinský kraj";12;0;0;0;NA;100808;12;2020-09-15;713
2020-09-14;"Žilinský kraj";39;0;0;0;NA;100808;39;2020-09-14;701
2020-09-13;"Žilinský kraj";6;0;0;0;NA;100808;6;2020-09-13;662
2020-09-12;"Žilinský kraj";4;0;0;0;NA;100808;4;2020-09-12;656
2020-09-11;"Žilinský kraj";31;0;0;0;NA;100808;31;2020-09-11;652
2020-09-10;"Žilinský kraj";31;0;0;0;NA;100808;31;2020-09-10;621
2020-09-09;"Žilinský kraj";23;0;0;0;NA;100808;23;2020-09-09;590
2020-09-08;"Žilinský kraj";25;0;0;0;NA;100808;25;2020-09-08;567
2020-09-07;"Žilinský kraj";11;0;0;0;NA;100808;11;2020-09-07;542
2020-09-06;"Žilinský kraj";0;0;0;0;NA;100808;0;2020-09-06;531
2020-09-05;"Žilinský kraj";2;0;0;0;NA;100808;2;2020-09-05;531
2020-09-04;"Žilinský kraj";33;0;0;0;NA;100808;33;2020-09-04;529
2020-09-03;"Žilinský kraj";18;0;0;0;NA;100808;18;2020-09-03;496
2020-09-02;"Žilinský kraj";16;0;0;0;NA;100808;16;2020-09-02;478
2020-09-01;"Žilinský kraj";4;0;0;0;NA;100808;4;2020-09-01;462
2020-08-31;"Žilinský kraj";5;0;0;0;NA;100808;5;2020-08-31;458
2020-08-30;"Žilinský kraj";3;0;0;0;NA;100808;3;2020-08-30;453
2020-08-29;"Žilinský kraj";5;0;0;0;NA;100808;5;2020-08-29;450
2020-08-28;"Žilinský kraj";13;0;0;0;NA;100808;13;2020-08-28;445
2020-08-27;"Žilinský kraj";18;0;0;0;NA;100808;18;2020-08-27;432
2020-08-26;"Žilinský kraj";8;0;0;0;NA;100808;8;2020-08-26;414
2020-08-25;"Žilinský kraj";2;0;0;0;NA;100808;2;2020-08-25;406
2020-08-24;"Žilinský kraj";5;0;0;0;NA;100808;5;2020-08-24;404
2020-08-23;"Žilinský kraj";0;0;0;0;NA;100808;0;2020-08-23;399
2020-08-22;"Žilinský kraj";0;0;0;0;NA;100808;0;2020-08-22;399
2020-08-21;"Žilinský kraj";10;0;0;0;NA;100808;10;2020-08-21;399
2020-08-20;"Žilinský kraj";13;0;0;0;NA;100808;13;2020-08-20;389
2020-08-19;"Žilinský kraj";7;0;0;0;NA;100808;7;2020-08-19;376
2020-08-18;"Žilinský kraj";9;0;0;0;NA;100808;9;2020-08-18;369
2020-08-17;"Žilinský kraj";1;0;0;0;NA;100808;1;2020-08-17;360
2020-08-16;"Žilinský kraj";0;0;0;0;NA;100808;0;2020-08-16;359
2020-08-15;"Žilinský kraj";0;0;0;0;NA;100808;0;2020-08-15;359
2020-08-14;"Žilinský kraj";4;0;0;0;NA;100808;4;2020-08-14;359
2020-08-13;"Žilinský kraj";2;0;0;0;NA;100808;2;2020-08-13;355
2020-08-12;"Žilinský kraj";0;0;0;0;NA;100808;0;2020-08-12;353
2020-08-11;"Žilinský kraj";4;0;0;0;NA;100808;4;2020-08-11;353
2020-08-10;"Žilinský kraj";1;0;0;0;NA;100808;1;2020-08-10;349
2020-08-09;"Žilinský kraj";0;0;0;0;NA;100808;0;2020-08-09;348
2020-08-08;"Žilinský kraj";3;0;0;0;NA;100808;3;2020-08-08;348
2020-08-07;"Žilinský kraj";8;0;0;0;NA;100808;8;2020-08-07;345
2020-08-06;"Žilinský kraj";1;0;0;0;NA;100808;1;2020-08-06;337
2020-08-05;"Žilinský kraj";1;0;0;0;NA;100808;1;2020-08-05;336
2020-08-04;"Žilinský kraj";2;0;0;0;NA;100808;2;2020-08-04;335
2020-08-03;"Žilinský kraj";0;0;0;0;NA;100808;0;2020-08-03;333
2020-08-02;"Žilinský kraj";1;0;0;0;NA;100808;1;2020-08-02;333
2020-08-01;"Žilinský kraj";0;0;0;0;NA;100808;0;2020-08-01;332
2020-07-31;"Žilinský kraj";4;0;0;0;NA;100808;4;2020-07-31;332
2020-07-30;"Žilinský kraj";2;0;0;0;NA;100808;2;2020-07-30;328
2020-07-29;"Žilinský kraj";2;0;0;0;NA;100808;2;2020-07-29;326
2020-07-28;"Žilinský kraj";4;0;0;0;NA;100808;4;2020-07-28;324
2020-07-27;"Žilinský kraj";6;0;0;0;NA;100808;6;2020-07-27;320
2020-07-26;"Žilinský kraj";0;0;0;0;NA;100808;0;2020-07-26;314
2020-07-25;"Žilinský kraj";0;0;0;0;NA;100808;0;2020-07-25;314
2020-07-24;"Žilinský kraj";2;0;0;0;NA;100808;2;2020-07-24;314
2020-07-23;"Žilinský kraj";0;0;0;0;NA;100808;0;2020-07-23;312
2020-07-22;"Žilinský kraj";1;0;0;0;NA;100808;1;2020-07-22;312
2020-07-21;"Žilinský kraj";2;0;0;0;NA;100808;2;2020-07-21;311
2020-07-20;"Žilinský kraj";3;0;0;0;NA;100808;3;2020-07-20;309
2020-07-19;"Žilinský kraj";0;0;0;0;NA;100808;0;2020-07-19;306
2020-07-18;"Žilinský kraj";0;0;0;0;NA;100808;0;2020-07-18;306
2020-07-17;"Žilinský kraj";2;0;0;0;NA;100808;2;2020-07-17;306
2020-07-16;"Žilinský kraj";2;0;0;0;NA;100808;2;2020-07-16;304
2020-07-15;"Žilinský kraj";2;0;0;0;NA;100808;2;2020-07-15;302
2020-07-14;"Žilinský kraj";1;0;0;0;NA;100808;1;2020-07-14;300
2020-07-13;"Žilinský kraj";0;0;0;0;NA;100808;0;2020-07-13;299
2020-07-12;"Žilinský kraj";0;0;0;0;NA;100808;0;2020-07-12;299
2020-07-11;"Žilinský kraj";2;0;0;0;NA;100808;2;2020-07-11;299
2020-07-10;"Žilinský kraj";3;0;0;0;NA;100808;3;2020-07-10;297
2020-07-09;"Žilinský kraj";2;0;0;0;NA;100808;2;2020-07-09;294
2020-07-08;"Žilinský kraj";10;0;0;0;NA;100808;10;2020-07-08;292
2020-07-07;"Žilinský kraj";7;0;0;0;NA;100808;7;2020-07-07;282
2020-07-06;"Žilinský kraj";0;0;0;0;NA;100808;0;2020-07-06;275
2020-07-05;"Žilinský kraj";0;0;0;0;NA;100808;0;2020-07-05;275
2020-07-04;"Žilinský kraj";10;0;0;0;NA;100808;10;2020-07-04;275
2020-07-03;"Žilinský kraj";18;0;0;0;NA;100808;18;2020-07-03;265
2020-07-02;"Žilinský kraj";7;0;0;0;NA;100808;7;2020-07-02;247
2020-07-01;"Žilinský kraj";0;0;0;0;NA;100808;0;2020-07-01;240
2020-06-30;"Žilinský kraj";4;0;0;0;NA;100808;4;2020-06-30;240
2020-06-29;"Žilinský kraj";0;0;0;0;NA;100808;0;2020-06-29;236
2020-06-28;"Žilinský kraj";1;0;0;0;NA;100808;1;2020-06-28;236
2020-06-27;"Žilinský kraj";3;0;0;0;NA;100808;3;2020-06-27;235
2020-06-26;"Žilinský kraj";5;0;0;0;NA;100808;5;2020-06-26;232
2020-06-25;"Žilinský kraj";7;0;0;0;NA;100808;7;2020-06-25;227
2020-06-24;"Žilinský kraj";11;0;0;0;NA;100808;11;2020-06-24;220
2020-06-23;"Žilinský kraj";9;0;0;0;NA;100808;9;2020-06-23;209
2020-06-22;"Žilinský kraj";0;0;0;0;NA;100808;0;2020-06-22;200
2020-06-21;"Žilinský kraj";1;0;0;0;NA;100808;1;2020-06-21;200
2020-06-20;"Žilinský kraj";1;0;0;0;NA;100808;1;2020-06-20;199
2020-06-19;"Žilinský kraj";4;0;0;0;NA;100808;4;2020-06-19;198
2020-06-18;"Žilinský kraj";1;0;0;0;NA;100808;1;2020-06-18;194
2020-06-17;"Žilinský kraj";0;0;0;0;NA;100808;0;2020-06-17;193
2020-06-16;"Žilinský kraj";1;0;0;0;NA;100808;1;2020-06-16;193
2020-06-14;"Žilinský kraj";0;0;0;0;NA;100808;0;2020-06-14;192
2020-06-13;"Žilinský kraj";0;0;0;0;NA;100808;0;2020-06-13;192
2020-06-12;"Žilinský kraj";0;0;0;0;NA;100808;0;2020-06-12;192
2020-06-11;"Žilinský kraj";0;0;0;0;NA;100808;0;2020-06-11;192
2020-06-10;"Žilinský kraj";0;0;0;0;NA;100808;0;2020-06-10;192
2020-06-09;"Žilinský kraj";1;0;0;0;NA;100808;1;2020-06-09;192
2020-06-08;"Žilinský kraj";0;0;0;0;NA;100808;0;2020-06-08;191
2020-06-07;"Žilinský kraj";0;0;0;0;NA;100808;0;2020-06-07;191
2020-06-05;"Žilinský kraj";0;0;0;0;NA;100808;0;2020-06-05;191
2020-06-03;"Žilinský kraj";0;0;0;0;NA;100808;0;2020-06-03;191
2020-06-02;"Žilinský kraj";0;0;0;0;NA;100808;0;2020-06-02;191
2020-05-31;"Žilinský kraj";0;0;0;0;NA;100808;0;2020-05-31;191
2020-05-29;"Žilinský kraj";0;0;0;0;NA;100808;0;2020-05-29;191
2020-05-27;"Žilinský kraj";1;0;0;0;NA;100808;1;2020-05-27;191
2020-05-26;"Žilinský kraj";1;0;0;0;NA;100808;1;2020-05-26;190
2020-05-25;"Žilinský kraj";0;0;0;0;NA;100808;0;2020-05-25;189
2020-05-24;"Žilinský kraj";0;0;0;0;NA;100808;0;2020-05-24;189
2020-05-23;"Žilinský kraj";0;0;0;0;NA;100808;0;2020-05-23;189
2020-05-22;"Žilinský kraj";0;0;0;0;NA;100808;0;2020-05-22;189
2020-05-21;"Žilinský kraj";0;0;0;0;NA;100808;0;2020-05-21;189
2020-05-20;"Žilinský kraj";0;0;0;0;NA;100808;0;2020-05-20;189
2020-05-19;"Žilinský kraj";1;0;0;0;NA;100808;1;2020-05-19;189
2020-05-17;"Žilinský kraj";0;0;0;0;NA;100808;0;2020-05-17;188
2020-05-16;"Žilinský kraj";0;0;0;0;NA;100808;0;2020-05-16;188
2020-05-15;"Žilinský kraj";0;0;0;0;NA;100808;0;2020-05-15;188
2020-05-14;"Žilinský kraj";0;0;0;0;NA;100808;0;2020-05-14;188
2020-05-13;"Žilinský kraj";0;0;0;0;NA;100808;0;2020-05-13;188
2020-05-12;"Žilinský kraj";0;0;0;0;NA;100808;0;2020-05-12;188
2020-05-11;"Žilinský kraj";0;0;0;0;NA;100808;0;2020-05-11;188
2020-05-09;"Žilinský kraj";0;0;0;0;NA;100808;0;2020-05-09;188
2020-05-07;"Žilinský kraj";0;0;0;0;NA;100808;0;2020-05-07;188
2020-05-06;"Žilinský kraj";2;0;0;0;NA;100808;2;2020-05-06;188
2020-05-05;"Žilinský kraj";3;0;0;0;NA;100808;3;2020-05-05;186
2020-05-04;"Žilinský kraj";3;0;0;0;NA;100808;3;2020-05-04;183
2020-05-03;"Žilinský kraj";1;0;0;0;NA;100808;1;2020-05-03;180
2020-05-02;"Žilinský kraj";0;0;0;0;NA;100808;0;2020-05-02;179
2020-05-01;"Žilinský kraj";1;0;0;0;NA;100808;1;2020-05-01;179
2020-04-30;"Žilinský kraj";0;0;0;0;NA;100808;0;2020-04-30;178
2020-04-29;"Žilinský kraj";0;0;0;0;NA;100808;0;2020-04-29;178
2020-04-28;"Žilinský kraj";0;0;0;0;NA;100808;0;2020-04-28;178
2020-04-27;"Žilinský kraj";0;0;0;0;NA;100808;0;2020-04-27;178
2020-04-26;"Žilinský kraj";0;0;0;0;NA;100808;0;2020-04-26;178
2020-04-25;"Žilinský kraj";2;0;0;0;NA;100808;2;2020-04-25;178
2020-04-24;"Žilinský kraj";1;0;0;0;NA;100808;1;2020-04-24;176
2020-04-23;"Žilinský kraj";2;0;0;0;NA;100808;2;2020-04-23;175
2020-04-22;"Žilinský kraj";9;0;0;0;NA;100808;9;2020-04-22;173
2020-04-21;"Žilinský kraj";1;0;0;0;NA;100808;1;2020-04-21;164
2020-04-20;"Žilinský kraj";4;0;0;0;NA;100808;4;2020-04-20;163
2020-04-19;"Žilinský kraj";0;0;0;0;NA;100808;0;2020-04-19;159
2020-04-18;"Žilinský kraj";49;0;0;0;NA;100808;49;2020-04-18;159
2020-04-17;"Žilinský kraj";3;0;0;0;NA;100808;3;2020-04-17;110
2020-04-16;"Žilinský kraj";4;0;0;0;NA;100808;4;2020-04-16;107
2020-04-15;"Žilinský kraj";7;0;0;0;NA;100808;7;2020-04-15;103
2020-04-14;"Žilinský kraj";1;0;0;0;NA;100808;1;2020-04-14;96
2020-04-13;"Žilinský kraj";2;0;0;0;NA;100808;2;2020-04-13;95
2020-04-12;"Žilinský kraj";5;0;0;0;NA;100808;5;2020-04-12;93
2020-04-11;"Žilinský kraj";2;0;0;0;NA;100808;2;2020-04-11;88
2020-04-10;"Žilinský kraj";1;0;0;0;NA;100808;1;2020-04-10;86
2020-04-09;"Žilinský kraj";1;0;0;0;NA;100808;1;2020-04-09;85
2020-04-08;"Žilinský kraj";3;0;0;0;NA;100808;3;2020-04-08;84
2020-04-07;"Žilinský kraj";5;0;0;0;NA;100808;5;2020-04-07;81
2020-04-06;"Žilinský kraj";6;0;0;0;NA;100808;6;2020-04-06;76
2020-04-05;"Žilinský kraj";8;0;0;0;NA;100808;8;2020-04-05;70
2020-04-04;"Žilinský kraj";0;0;0;0;NA;100808;0;2020-04-04;62
2020-04-03;"Žilinský kraj";3;0;0;0;NA;100808;3;2020-04-03;62
2020-04-02;"Žilinský kraj";5;0;0;0;NA;100808;5;2020-04-02;59
2020-04-01;"Žilinský kraj";4;0;0;0;NA;100808;4;2020-04-01;54
2020-03-31;"Žilinský kraj";1;0;0;0;NA;100808;1;2020-03-31;50
2020-03-30;"Žilinský kraj";3;0;0;0;NA;100808;3;2020-03-30;49
2020-03-29;"Žilinský kraj";0;0;0;0;NA;100808;0;2020-03-29;46
2020-03-28;"Žilinský kraj";1;0;0;0;NA;100808;1;2020-03-28;46
2020-03-27;"Žilinský kraj";9;0;0;0;NA;100808;9;2020-03-27;45
2020-03-26;"Žilinský kraj";4;0;0;0;NA;100808;4;2020-03-26;36
2020-03-25;"Žilinský kraj";1;0;0;0;NA;100808;1;2020-03-25;32
2020-03-24;"Žilinský kraj";2;0;0;0;NA;100808;2;2020-03-24;31
2020-03-23;"Žilinský kraj";3;0;0;0;NA;100808;3;2020-03-23;29
2020-03-22;"Žilinský kraj";1;0;0;0;NA;100808;1;2020-03-22;26
2020-03-21;"Žilinský kraj";2;0;0;0;NA;100808;2;2020-03-21;25
2020-03-20;"Žilinský kraj";4;0;0;0;NA;100808;4;2020-03-20;23
2020-03-19;"Žilinský kraj";2;0;0;0;NA;100808;2;2020-03-19;19
2020-03-18;"Žilinský kraj";1;0;0;0;NA;100808;1;2020-03-18;17
2020-03-17;"Žilinský kraj";5;0;0;0;NA;100808;5;2020-03-17;16
2020-03-16;"Žilinský kraj";1;0;0;0;NA;100808;1;2020-03-16;11
2020-03-15;"Žilinský kraj";2;0;0;0;NA;100808;2;2020-03-15;10
2020-03-14;"Žilinský kraj";1;0;0;0;NA;100808;1;2020-03-14;8
2020-03-13;"Žilinský kraj";5;0;0;0;NA;100808;5;2020-03-13;7
2020-03-12;"Žilinský kraj";1;0;0;0;NA;100808;1;2020-03-12;2
2020-03-11;"Žilinský kraj";0;0;0;0;NA;100808;0;2020-03-11;1
2020-03-09;"Žilinský kraj";1;0;0;0;NA;100808;1;2020-03-09;1
2020-03-08;"Žilinský kraj";0;0;0;0;NA;100808;0;2020-03-08;0
2020-03-07;"Žilinský kraj";0;0;0;0;NA;100808;0;2020-03-07;0
2020-03-06;"Žilinský kraj";0;0;0;0;NA;100808;0;2020-03-06;0
