"Datum";"Region";"PCR_Pos";"Ag_Neg";"Ag_Pos";"Total";"Pocet.potvrdenych";"Potvrdenych";"newcases";"date";"positive"
2021-03-30;"Banskobystrický kraj";167;16958;115;17073;34980;149997;282;2021-03-30;149997
2021-03-30;"Banskobystrický kraj";167;16958;115;17073;76562;149997;282;2021-03-30;149715
2021-03-29;"Banskobystrický kraj";119;25599;175;25774;NA;149997;294;2021-03-29;149433
2021-03-28;"Banskobystrický kraj";25;16183;79;16262;NA;149997;104;2021-03-28;149139
2021-03-27;"Banskobystrický kraj";85;53830;190;54020;NA;149997;275;2021-03-27;149035
2021-03-26;"Banskobystrický kraj";122;40560;222;40782;NA;149997;344;2021-03-26;148760
2021-03-25;"Banskobystrický kraj";120;20863;238;21101;NA;149997;358;2021-03-25;148416
2021-03-24;"Banskobystrický kraj";200;19303;225;19528;NA;149997;425;2021-03-24;148058
2021-03-23;"Banskobystrický kraj";241;21353;256;21609;NA;149997;497;2021-03-23;147633
2021-03-22;"Banskobystrický kraj";65;29464;270;29734;NA;149997;335;2021-03-22;147136
2021-03-21;"Banskobystrický kraj";31;24593;203;24796;NA;149997;234;2021-03-21;146801
2021-03-20;"Banskobystrický kraj";119;54447;305;54752;NA;149997;424;2021-03-20;146567
2021-03-19;"Banskobystrický kraj";240;44507;281;44788;NA;149997;521;2021-03-19;146143
2021-03-18;"Banskobystrický kraj";160;19711;228;19939;NA;149997;388;2021-03-18;145622
2021-03-17;"Banskobystrický kraj";262;21558;245;21803;NA;149997;507;2021-03-17;145234
2021-03-16;"Banskobystrický kraj";340;23603;224;23827;NA;149997;564;2021-03-16;144727
2021-03-15;"Banskobystrický kraj";95;29134;322;29456;NA;149997;417;2021-03-15;144163
2021-03-14;"Banskobystrický kraj";39;15312;67;15379;NA;149997;106;2021-03-14;143746
2021-03-13;"Banskobystrický kraj";209;67401;394;67795;NA;149997;603;2021-03-13;143640
2021-03-12;"Banskobystrický kraj";206;41408;331;41739;NA;149997;537;2021-03-12;143037
2021-03-11;"Banskobystrický kraj";228;20458;254;20712;NA;149997;482;2021-03-11;142500
2021-03-10;"Banskobystrický kraj";260;20162;237;20399;NA;149997;497;2021-03-10;142018
2021-03-09;"Banskobystrický kraj";352;21790;284;22074;NA;149997;636;2021-03-09;141521
2021-03-08;"Banskobystrický kraj";191;31483;427;31910;NA;149997;618;2021-03-08;140885
2021-03-07;"Banskobystrický kraj";60;34334;240;34574;NA;149997;300;2021-03-07;140267
2021-03-06;"Banskobystrický kraj";164;58886;308;59194;NA;149997;472;2021-03-06;139967
2021-03-05;"Banskobystrický kraj";221;42157;388;42545;NA;149997;609;2021-03-05;139495
2021-03-04;"Banskobystrický kraj";226;22050;341;22391;NA;149997;567;2021-03-04;138886
2021-03-03;"Banskobystrický kraj";317;21993;332;22325;NA;149997;649;2021-03-03;138319
2021-03-02;"Banskobystrický kraj";291;22645;354;22999;NA;149997;645;2021-03-02;137670
2021-03-01;"Banskobystrický kraj";151;31999;440;32439;NA;149997;591;2021-03-01;137025
2021-02-28;"Banskobystrický kraj";45;17816;143;17959;NA;149997;188;2021-02-28;136434
2021-02-27;"Banskobystrický kraj";289;66106;524;66630;NA;149997;813;2021-02-27;136246
2021-02-26;"Banskobystrický kraj";326;39739;471;40210;NA;149997;797;2021-02-26;135433
2021-02-25;"Banskobystrický kraj";375;17767;368;18135;NA;149997;743;2021-02-25;134636
2021-02-24;"Banskobystrický kraj";332;16760;374;17134;NA;149997;706;2021-02-24;133893
2021-02-23;"Banskobystrický kraj";462;19527;439;19966;NA;149997;901;2021-02-23;133187
2021-02-22;"Banskobystrický kraj";67;23474;495;23969;NA;149997;562;2021-02-22;132286
2021-02-21;"Banskobystrický kraj";68;27076;290;27366;NA;149997;358;2021-02-21;131724
2021-02-20;"Banskobystrický kraj";280;68890;599;69489;NA;149997;879;2021-02-20;131366
2021-02-19;"Banskobystrický kraj";420;38789;494;39283;NA;149997;914;2021-02-19;130487
2021-02-18;"Banskobystrický kraj";241;19040;404;19444;NA;149997;645;2021-02-18;129573
2021-02-17;"Banskobystrický kraj";415;16076;386;16462;NA;149997;801;2021-02-17;128928
2021-02-16;"Banskobystrický kraj";338;19955;369;20324;NA;149997;707;2021-02-16;128127
2021-02-15;"Banskobystrický kraj";118;34215;554;34769;NA;149997;672;2021-02-15;127420
2021-02-14;"Banskobystrický kraj";60;15826;139;15965;NA;149997;199;2021-02-14;126748
2021-02-13;"Banskobystrický kraj";202;45853;422;46275;NA;149997;624;2021-02-13;126549
2021-02-12;"Banskobystrický kraj";312;36801;534;37335;NA;149997;846;2021-02-12;125925
2021-02-11;"Banskobystrický kraj";305;21236;390;21626;NA;149997;695;2021-02-11;125079
2021-02-10;"Banskobystrický kraj";333;14643;343;14986;NA;149997;676;2021-02-10;124384
2021-02-09;"Banskobystrický kraj";329;17900;353;18253;NA;149997;682;2021-02-09;123708
2021-02-08;"Banskobystrický kraj";103;41737;596;42333;NA;149997;699;2021-02-08;123026
2021-02-07;"Banskobystrický kraj";70;24168;146;24314;NA;149997;216;2021-02-07;122327
2021-02-06;"Banskobystrický kraj";178;63434;553;63987;NA;149997;731;2021-02-06;122111
2021-02-05;"Banskobystrický kraj";282;23814;350;24164;NA;149997;632;2021-02-05;121380
2021-02-04;"Banskobystrický kraj";240;13541;439;13980;NA;149997;679;2021-02-04;120748
2021-02-03;"Banskobystrický kraj";350;9165;243;9408;NA;149997;593;2021-02-03;120069
2021-02-02;"Banskobystrický kraj";277;15057;329;15386;NA;149997;606;2021-02-02;119476
2021-02-01;"Banskobystrický kraj";75;19091;382;19473;NA;149997;457;2021-02-01;118870
2021-01-31;"Banskobystrický kraj";34;24292;213;24505;NA;149997;247;2021-01-31;118413
2021-01-30;"Banskobystrický kraj";163;46244;387;46631;NA;149997;550;2021-01-30;118166
2021-01-29;"Banskobystrický kraj";196;16654;265;16919;NA;149997;461;2021-01-29;117616
2021-01-28;"Banskobystrický kraj";218;13977;361;14338;NA;149997;579;2021-01-28;117155
2021-01-27;"Banskobystrický kraj";191;10744;202;10946;NA;149997;393;2021-01-27;116576
2021-01-26;"Banskobystrický kraj";238;19581;281;19862;NA;149997;519;2021-01-26;116183
2021-01-25;"Banskobystrický kraj";82;31411;381;31792;NA;149997;463;2021-01-25;115664
2021-01-24;"Banskobystrický kraj";38;29266;238;29504;NA;149997;276;2021-01-24;115201
2021-01-23;"Banskobystrický kraj";142;83829;506;84335;NA;149997;648;2021-01-23;114925
2021-01-22;"Banskobystrický kraj";175;27129;359;27488;NA;149997;534;2021-01-22;114277
2021-01-21;"Banskobystrický kraj";194;16543;283;16826;NA;149997;477;2021-01-21;113743
2021-01-20;"Banskobystrický kraj";231;8474;180;8654;NA;149997;411;2021-01-20;113266
2021-01-19;"Banskobystrický kraj";213;10333;307;10640;NA;149997;520;2021-01-19;112855
2021-01-18;"Banskobystrický kraj";94;5565;337;5902;NA;149997;431;2021-01-18;112335
2021-01-17;"Banskobystrický kraj";110;8150;77;8227;NA;149997;187;2021-01-17;111904
2021-01-16;"Banskobystrický kraj";58;1403;35;1438;NA;149997;93;2021-01-16;111717
2021-01-15;"Banskobystrický kraj";164;6894;209;7103;NA;149997;373;2021-01-15;111624
2021-01-14;"Banskobystrický kraj";220;5727;324;6051;NA;149997;544;2021-01-14;111251
2021-01-13;"Banskobystrický kraj";235;5715;200;5915;NA;149997;435;2021-01-13;110707
2021-01-12;"Banskobystrický kraj";194;6724;297;7021;NA;149997;491;2021-01-12;110272
2021-01-11;"Banskobystrický kraj";76;8000;473;8473;NA;149997;549;2021-01-11;109781
2021-01-10;"Banskobystrický kraj";110;212;4;216;NA;149997;114;2021-01-10;109232
2021-01-09;"Banskobystrický kraj";297;2380;83;2463;NA;149997;380;2021-01-09;109118
2021-01-08;"Banskobystrický kraj";435;9413;430;9843;NA;149997;865;2021-01-08;108738
2021-01-07;"Banskobystrický kraj";127;5297;331;5628;NA;149997;458;2021-01-07;107873
2021-01-06;"Banskobystrický kraj";305;3124;185;3309;NA;149997;490;2021-01-06;107415
2021-01-05;"Banskobystrický kraj";372;7255;526;7781;NA;149997;898;2021-01-05;106925
2021-01-04;"Banskobystrický kraj";130;6892;692;7584;NA;149997;822;2021-01-04;106027
2021-01-03;"Banskobystrický kraj";199;267;13;280;NA;149997;212;2021-01-03;105205
2021-01-02;"Banskobystrický kraj";123;682;84;766;NA;149997;207;2021-01-02;104993
2021-01-01;"Banskobystrický kraj";220;1688;115;1803;NA;149997;335;2021-01-01;104786
2020-12-31;"Banskobystrický kraj";499;7335;631;7966;NA;149997;1130;2020-12-31;104451
2020-12-30;"Banskobystrický kraj";593;7584;554;8138;NA;149997;1147;2020-12-30;103321
2020-12-29;"Banskobystrický kraj";240;7891;662;8553;NA;149997;902;2020-12-29;102174
2020-12-28;"Banskobystrický kraj";131;5790;701;6491;NA;149997;832;2020-12-28;101272
2020-12-27;"Banskobystrický kraj";116;540;25;565;NA;149997;141;2020-12-27;100440
2020-12-26;"Banskobystrický kraj";61;279;32;311;NA;149997;93;2020-12-26;100299
2020-12-25;"Banskobystrický kraj";65;249;6;255;NA;149997;71;2020-12-25;100206
2020-12-24;"Banskobystrický kraj";452;3583;131;3714;NA;149997;583;2020-12-24;100135
2020-12-23;"Banskobystrický kraj";368;10035;506;10541;NA;149997;874;2020-12-23;99552
2020-12-22;"Banskobystrický kraj";307;8319;611;8930;NA;149997;918;2020-12-22;98678
2020-12-21;"Banskobystrický kraj";286;4896;448;5344;NA;149997;734;2020-12-21;97760
2020-12-20;"Banskobystrický kraj";155;249;14;263;NA;149997;169;2020-12-20;97026
2020-12-19;"Banskobystrický kraj";170;3059;138;3197;NA;149997;308;2020-12-19;96857
2020-12-18;"Banskobystrický kraj";432;6543;414;6957;NA;149997;846;2020-12-18;96549
2020-12-17;"Banskobystrický kraj";468;8629;655;9284;NA;149997;1123;2020-12-17;95703
2020-12-16;"Banskobystrický kraj";379;10132;560;10692;NA;149997;939;2020-12-16;94580
2020-12-15;"Banskobystrický kraj";336;5376;432;5808;NA;149997;768;2020-12-15;93641
2020-12-14;"Banskobystrický kraj";148;3771;258;4029;NA;149997;406;2020-12-14;92873
2020-12-13;"Banskobystrický kraj";122;119;1;120;NA;149997;123;2020-12-13;92467
2020-12-12;"Banskobystrický kraj";137;2714;138;2852;NA;149997;275;2020-12-12;92344
2020-12-11;"Banskobystrický kraj";468;6524;373;6897;NA;149997;841;2020-12-11;92069
2020-12-10;"Banskobystrický kraj";280;5160;354;5514;NA;149997;634;2020-12-10;91228
2020-12-09;"Banskobystrický kraj";323;3739;210;3949;NA;149997;533;2020-12-09;90594
2020-12-08;"Banskobystrický kraj";256;3740;273;4013;NA;149997;529;2020-12-08;90061
2020-12-07;"Banskobystrický kraj";175;2006;138;2144;NA;149997;313;2020-12-07;89532
2020-12-06;"Banskobystrický kraj";121;507;11;518;NA;149997;132;2020-12-06;89219
2020-12-05;"Banskobystrický kraj";109;1095;34;1129;NA;149997;143;2020-12-05;89087
2020-12-04;"Banskobystrický kraj";339;3586;168;3754;NA;149997;507;2020-12-04;88944
2020-12-03;"Banskobystrický kraj";240;2836;217;3053;NA;149997;457;2020-12-03;88437
2020-12-02;"Banskobystrický kraj";217;4165;174;4339;NA;149997;391;2020-12-02;87980
2020-12-01;"Banskobystrický kraj";215;2576;126;2702;NA;149997;341;2020-12-01;87589
2020-11-30;"Banskobystrický kraj";74;3891;222;4113;NA;149997;296;2020-11-30;87248
2020-11-29;"Banskobystrický kraj";19;39;2;41;NA;149997;21;2020-11-29;86952
2020-11-28;"Banskobystrický kraj";81;671;14;685;NA;149997;95;2020-11-28;86931
2020-11-27;"Banskobystrický kraj";219;1285;98;1383;NA;149997;317;2020-11-27;86836
2020-11-26;"Banskobystrický kraj";208;1470;77;1547;NA;149997;285;2020-11-26;86519
2020-11-25;"Banskobystrický kraj";170;1760;84;1844;NA;149997;254;2020-11-25;86234
2020-11-24;"Banskobystrický kraj";166;2262;67;2329;NA;149997;233;2020-11-24;85980
2020-11-23;"Banskobystrický kraj";66;9948;191;10139;NA;149997;257;2020-11-23;85747
2020-11-22;"Banskobystrický kraj";38;72;1;73;NA;149997;39;2020-11-22;85490
2020-11-21;"Banskobystrický kraj";52;885;14;899;NA;149997;66;2020-11-21;85451
2020-11-20;"Banskobystrický kraj";127;1872;105;1977;NA;149997;232;2020-11-20;85385
2020-11-19;"Banskobystrický kraj";170;1112;82;1194;NA;149997;252;2020-11-19;85153
2020-11-18;"Banskobystrický kraj";153;587;62;649;NA;149997;215;2020-11-18;84901
2020-11-17;"Banskobystrický kraj";52;578;35;613;NA;149997;87;2020-11-17;84686
2020-11-16;"Banskobystrický kraj";106;351;22;373;NA;149997;128;2020-11-16;84599
2020-11-15;"Banskobystrický kraj";52;64;2;66;NA;149997;54;2020-11-15;84471
2020-11-14;"Banskobystrický kraj";73;305;2;307;NA;149997;75;2020-11-14;84417
2020-11-13;"Banskobystrický kraj";157;552;11;563;NA;149997;168;2020-11-13;84342
2020-11-12;"Banskobystrický kraj";218;952;44;996;NA;149997;262;2020-11-12;84174
2020-11-11;"Banskobystrický kraj";224;437;9;446;NA;149997;233;2020-11-11;83912
2020-11-10;"Banskobystrický kraj";263;463;18;481;NA;149997;281;2020-11-10;83679
2020-11-09;"Banskobystrický kraj";80;2678;31;2709;NA;149997;111;2020-11-09;83398
2020-11-08;"Banskobystrický kraj";82;783;16;799;NA;149997;98;2020-11-08;83287
2020-11-07;"Banskobystrický kraj";164;8828;94;8922;NA;149997;258;2020-11-07;83189
2020-11-06;"Banskobystrický kraj";227;2496;16;2512;NA;149997;243;2020-11-06;82931
2020-11-05;"Banskobystrický kraj";240;263;33;296;NA;149997;273;2020-11-05;82688
2020-11-04;"Banskobystrický kraj";254;1366;13;1379;NA;149997;267;2020-11-04;82415
2020-11-03;"Banskobystrický kraj";246;1332;4;1336;NA;149997;250;2020-11-03;82148
2020-11-02;"Banskobystrický kraj";90;2247;65;2312;NA;149997;155;2020-11-02;81898
2020-11-01;"Banskobystrický kraj";101;2671;42;2713;NA;149997;143;2020-11-01;81743
2020-10-31;"Banskobystrický kraj";199;13516;116;13632;NA;149997;315;2020-10-31;81600
2020-10-30;"Banskobystrický kraj";254;2829;20;2849;NA;149997;274;2020-10-30;81285
2020-10-29;"Banskobystrický kraj";372;969;42;1011;NA;149997;414;2020-10-29;81011
2020-10-28;"Banskobystrický kraj";285;302;30;332;NA;149997;315;2020-10-28;80597
2020-10-27;"Banskobystrický kraj";266;654;40;694;NA;149997;306;2020-10-27;80282
2020-10-26;"Banskobystrický kraj";38;232;29;261;NA;149997;67;2020-10-26;79976
2020-10-25;"Banskobystrický kraj";50;140;11;151;NA;149997;61;2020-10-25;79909
2020-10-24;"Banskobystrický kraj";315;114;12;126;NA;149997;327;2020-10-24;79848
2020-10-23;"Banskobystrický kraj";231;230;29;259;NA;149997;260;2020-10-23;79521
2020-10-22;"Banskobystrický kraj";264;253;24;277;NA;149997;288;2020-10-22;79261
2020-10-21;"Banskobystrický kraj";209;266;3;269;NA;149997;212;2020-10-21;78973
2020-10-20;"Banskobystrický kraj";210;66;3;69;NA;149997;213;2020-10-20;78761
2020-10-19;"Banskobystrický kraj";27;71;12;83;NA;149997;39;2020-10-19;78548
2020-10-18;"Banskobystrický kraj";49;0;0;0;NA;149997;49;2020-10-18;78509
2020-10-17;"Banskobystrický kraj";91;0;0;0;NA;149997;91;2020-10-17;78460
2020-10-16;"Banskobystrický kraj";224;37;3;40;NA;149997;227;2020-10-16;78369
2020-10-15;"Banskobystrický kraj";133;29;1;30;NA;149997;134;2020-10-15;78142
2020-10-14;"Banskobystrický kraj";139;31;1;32;NA;149997;140;2020-10-14;78008
2020-10-13;"Banskobystrický kraj";151;169;11;180;NA;149997;162;2020-10-13;77868
2020-10-12;"Banskobystrický kraj";11;13;0;13;NA;149997;11;2020-10-12;77706
2020-10-11;"Banskobystrický kraj";14;0;0;0;NA;149997;14;2020-10-11;77695
2020-10-10;"Banskobystrický kraj";53;0;0;0;NA;149997;53;2020-10-10;77681
2020-10-09;"Banskobystrický kraj";128;0;0;0;NA;149997;128;2020-10-09;77628
2020-10-08;"Banskobystrický kraj";99;0;0;0;NA;149997;99;2020-10-08;77500
2020-10-07;"Banskobystrický kraj";124;0;0;0;NA;149997;124;2020-10-07;77401
2020-10-06;"Banskobystrický kraj";68;0;0;0;NA;149997;68;2020-10-06;77277
2020-10-05;"Banskobystrický kraj";49;0;0;0;NA;149997;49;2020-10-05;77209
2020-10-04;"Banskobystrický kraj";8;0;0;0;NA;149997;8;2020-10-04;77160
2020-10-03;"Banskobystrický kraj";37;0;0;0;NA;149997;37;2020-10-03;77152
2020-10-02;"Banskobystrický kraj";74;0;0;0;NA;149997;74;2020-10-02;77115
2020-10-01;"Banskobystrický kraj";49;0;0;0;NA;149997;49;2020-10-01;77041
2020-09-30;"Banskobystrický kraj";60;0;0;0;NA;149997;60;2020-09-30;76992
2020-09-29;"Banskobystrický kraj";24;0;0;0;NA;149997;24;2020-09-29;76932
2020-09-27;"Banskobystrický kraj";20;0;0;0;NA;149997;20;2020-09-27;76908
2020-09-26;"Banskobystrický kraj";24;0;0;0;NA;149997;24;2020-09-26;76888
2020-09-25;"Banskobystrický kraj";29;0;0;0;NA;149997;29;2020-09-25;76864
2020-09-24;"Banskobystrický kraj";25;0;0;0;NA;149997;25;2020-09-24;76835
2020-09-23;"Banskobystrický kraj";17;0;0;0;NA;149997;17;2020-09-23;76810
2020-09-22;"Banskobystrický kraj";25;0;0;0;NA;149997;25;2020-09-22;76793
2020-09-21;"Banskobystrický kraj";3;0;0;0;NA;149997;3;2020-09-21;76768
2020-09-19;"Banskobystrický kraj";3;0;0;0;NA;149997;3;2020-09-19;76765
2020-09-18;"Banskobystrický kraj";24;0;0;0;NA;149997;24;2020-09-18;76762
2020-09-17;"Banskobystrický kraj";14;0;0;0;NA;149997;14;2020-09-17;76738
2020-09-16;"Banskobystrický kraj";6;0;0;0;NA;149997;6;2020-09-16;76724
2020-09-15;"Banskobystrický kraj";2;0;0;0;NA;149997;2;2020-09-15;76718
2020-09-14;"Banskobystrický kraj";13;0;0;0;NA;149997;13;2020-09-14;76716
2020-09-13;"Banskobystrický kraj";1;0;0;0;NA;149997;1;2020-09-13;76703
2020-09-12;"Banskobystrický kraj";5;0;0;0;NA;149997;5;2020-09-12;76702
2020-09-11;"Banskobystrický kraj";19;0;0;0;NA;149997;19;2020-09-11;76697
2020-09-10;"Banskobystrický kraj";11;0;0;0;NA;149997;11;2020-09-10;76678
2020-09-09;"Banskobystrický kraj";13;0;0;0;NA;149997;13;2020-09-09;76667
2020-09-08;"Banskobystrický kraj";5;0;0;0;NA;149997;5;2020-09-08;76654
2020-09-07;"Banskobystrický kraj";2;0;0;0;NA;149997;2;2020-09-07;76649
2020-09-04;"Banskobystrický kraj";9;0;0;0;NA;149997;9;2020-09-04;76647
2020-09-03;"Banskobystrický kraj";5;0;0;0;NA;149997;5;2020-09-03;76638
2020-09-02;"Banskobystrický kraj";6;0;0;0;NA;149997;6;2020-09-02;76633
2020-09-01;"Banskobystrický kraj";2;0;0;0;NA;149997;2;2020-09-01;76627
2020-08-31;"Banskobystrický kraj";6;0;0;0;NA;149997;6;2020-08-31;76625
2020-08-29;"Banskobystrický kraj";1;0;0;0;NA;149997;1;2020-08-29;76619
2020-08-28;"Banskobystrický kraj";3;0;0;0;NA;149997;3;2020-08-28;76618
2020-08-27;"Banskobystrický kraj";1;0;0;0;NA;149997;1;2020-08-27;76615
2020-08-26;"Banskobystrický kraj";2;0;0;0;NA;149997;2;2020-08-26;76614
2020-08-25;"Banskobystrický kraj";2;0;0;0;NA;149997;2;2020-08-25;76612
2020-08-21;"Banskobystrický kraj";4;0;0;0;NA;149997;4;2020-08-21;76610
2020-08-20;"Banskobystrický kraj";1;0;0;0;NA;149997;1;2020-08-20;76606
2020-08-19;"Banskobystrický kraj";4;0;0;0;NA;149997;4;2020-08-19;76605
2020-08-17;"Banskobystrický kraj";1;0;0;0;NA;149997;1;2020-08-17;76601
2020-08-14;"Banskobystrický kraj";5;0;0;0;NA;149997;5;2020-08-14;76600
2020-08-11;"Banskobystrický kraj";2;0;0;0;NA;149997;2;2020-08-11;76595
2020-08-10;"Banskobystrický kraj";3;0;0;0;NA;149997;3;2020-08-10;76593
2020-08-08;"Banskobystrický kraj";2;0;0;0;NA;149997;2;2020-08-08;76590
2020-08-07;"Banskobystrický kraj";1;0;0;0;NA;149997;1;2020-08-07;76588
2020-08-06;"Banskobystrický kraj";1;0;0;0;NA;149997;1;2020-08-06;76587
2020-08-04;"Banskobystrický kraj";3;0;0;0;NA;149997;3;2020-08-04;76586
2020-08-01;"Banskobystrický kraj";1;0;0;0;NA;149997;1;2020-08-01;76583
2020-07-31;"Banskobystrický kraj";2;0;0;0;NA;149997;2;2020-07-31;76582
2020-07-30;"Banskobystrický kraj";1;0;0;0;NA;149997;1;2020-07-30;76580
2020-07-28;"Banskobystrický kraj";2;0;0;0;NA;149997;2;2020-07-28;76579
2020-07-27;"Banskobystrický kraj";3;0;0;0;NA;149997;3;2020-07-27;76577
2020-07-24;"Banskobystrický kraj";9;0;0;0;NA;149997;9;2020-07-24;76574
2020-07-22;"Banskobystrický kraj";3;0;0;0;NA;149997;3;2020-07-22;76565
2020-07-21;"Banskobystrický kraj";3;0;0;0;NA;149997;3;2020-07-21;76562
2020-07-20;"Banskobystrický kraj";1;0;0;0;NA;149997;1;2020-07-20;76559
2020-07-19;"Banskobystrický kraj";1;0;0;0;NA;149997;1;2020-07-19;76558
2020-07-17;"Banskobystrický kraj";2;0;0;0;NA;149997;2;2020-07-17;76557
2020-07-16;"Banskobystrický kraj";1;0;0;0;NA;149997;1;2020-07-16;76555
2020-07-15;"Banskobystrický kraj";4;0;0;0;NA;149997;4;2020-07-15;76554
2020-07-14;"Banskobystrický kraj";2;0;0;0;NA;149997;2;2020-07-14;76550
2020-07-13;"Banskobystrický kraj";1;0;0;0;NA;149997;1;2020-07-13;76548
2020-07-10;"Banskobystrický kraj";3;0;0;0;NA;149997;3;2020-07-10;76547
2020-07-09;"Banskobystrický kraj";9;0;0;0;NA;149997;9;2020-07-09;76544
2020-07-07;"Banskobystrický kraj";4;0;0;0;NA;149997;4;2020-07-07;76535
2020-07-04;"Banskobystrický kraj";1;0;0;0;NA;149997;1;2020-07-04;76531
2020-07-03;"Banskobystrický kraj";4;0;0;0;NA;149997;4;2020-07-03;76530
2020-07-01;"Banskobystrický kraj";1;0;0;0;NA;149997;1;2020-07-01;76526
2020-06-25;"Banskobystrický kraj";1;0;0;0;NA;149997;1;2020-06-25;76525
2020-06-23;"Banskobystrický kraj";6;0;0;0;NA;149997;6;2020-06-23;76524
2020-06-19;"Banskobystrický kraj";2;0;0;0;NA;149997;2;2020-06-19;76518
2020-06-18;"Banskobystrický kraj";10;0;0;0;NA;149997;10;2020-06-18;76516
2020-06-17;"Banskobystrický kraj";1;0;0;0;NA;149997;1;2020-06-17;76506
2020-06-14;"Banskobystrický kraj";2;0;0;0;NA;149997;2;2020-06-14;76505
2020-06-13;"Banskobystrický kraj";2;0;0;0;NA;149997;2;2020-06-13;76503
2020-06-11;"Banskobystrický kraj";1;0;0;0;NA;149997;1;2020-06-11;76501
2020-06-05;"Banskobystrický kraj";2;0;0;0;NA;149997;2;2020-06-05;76500
2020-05-27;"Banskobystrický kraj";1;0;0;0;NA;149997;1;2020-05-27;76498
2020-05-23;"Banskobystrický kraj";1;0;0;0;NA;149997;1;2020-05-23;76497
2020-05-20;"Banskobystrický kraj";1;0;0;0;NA;149997;1;2020-05-20;76496
2020-05-12;"Banskobystrický kraj";1;0;0;0;NA;149997;1;2020-05-12;76495
2020-05-07;"Banskobystrický kraj";2;0;0;0;NA;149997;2;2020-05-07;76494
2020-05-06;"Banskobystrický kraj";1;0;0;0;NA;149997;1;2020-05-06;76492
2020-05-05;"Banskobystrický kraj";2;0;0;0;NA;149997;2;2020-05-05;76491
2020-04-30;"Banskobystrický kraj";1;0;0;0;NA;149997;1;2020-04-30;76489
2020-04-29;"Banskobystrický kraj";1;0;0;0;NA;149997;1;2020-04-29;76488
2020-04-25;"Banskobystrický kraj";2;0;0;0;NA;149997;2;2020-04-25;76487
2020-04-24;"Banskobystrický kraj";3;0;0;0;NA;149997;3;2020-04-24;76485
2020-04-23;"Banskobystrický kraj";2;0;0;0;NA;149997;2;2020-04-23;76482
2020-04-22;"Banskobystrický kraj";2;0;0;0;NA;149997;2;2020-04-22;76480
2020-04-21;"Banskobystrický kraj";2;0;0;0;NA;149997;2;2020-04-21;76478
2020-04-18;"Banskobystrický kraj";8;0;0;0;NA;149997;8;2020-04-18;76476
2020-04-17;"Banskobystrický kraj";2;0;0;0;NA;149997;2;2020-04-17;76468
2020-04-15;"Banskobystrický kraj";10;0;0;0;NA;149997;10;2020-04-15;76466
2020-04-13;"Banskobystrický kraj";2;0;0;0;NA;149997;2;2020-04-13;76456
2020-04-12;"Banskobystrický kraj";4;0;0;0;NA;149997;4;2020-04-12;76454
2020-04-11;"Banskobystrický kraj";1;0;0;0;NA;149997;1;2020-04-11;76450
2020-04-09;"Banskobystrický kraj";2;0;0;0;NA;149997;2;2020-04-09;76449
2020-04-07;"Banskobystrický kraj";4;0;0;0;NA;149997;4;2020-04-07;76447
2020-04-06;"Banskobystrický kraj";10;0;0;0;NA;149997;10;2020-04-06;76443
2020-04-05;"Banskobystrický kraj";9;0;0;0;NA;149997;9;2020-04-05;76433
2020-04-03;"Banskobystrický kraj";2;0;0;0;NA;149997;2;2020-04-03;76424
2020-04-02;"Banskobystrický kraj";2;0;0;0;NA;149997;2;2020-04-02;76422
2020-04-01;"Banskobystrický kraj";5;0;0;0;NA;149997;5;2020-04-01;76420
2020-03-31;"Banskobystrický kraj";3;0;0;0;NA;149997;3;2020-03-31;76415
2020-03-30;"Banskobystrický kraj";1;0;0;0;NA;149997;1;2020-03-30;76412
2020-03-29;"Banskobystrický kraj";2;0;0;0;NA;149997;2;2020-03-29;76411
2020-03-28;"Banskobystrický kraj";1;0;0;0;NA;149997;1;2020-03-28;76409
2020-03-27;"Banskobystrický kraj";1;0;0;0;NA;149997;1;2020-03-27;76408
2020-03-26;"Banskobystrický kraj";1;0;0;0;NA;149997;1;2020-03-26;76407
2020-03-24;"Banskobystrický kraj";1;0;0;0;NA;149997;1;2020-03-24;76406
2020-03-23;"Banskobystrický kraj";1;0;0;0;NA;149997;1;2020-03-23;76405
2020-03-21;"Banskobystrický kraj";3;0;0;0;NA;149997;3;2020-03-21;76404
2020-03-19;"Banskobystrický kraj";2;0;0;0;NA;149997;2;2020-03-19;76401
2020-03-18;"Banskobystrický kraj";1;0;0;0;NA;149997;1;2020-03-18;76399
2020-03-17;"Banskobystrický kraj";1;0;0;0;NA;149997;1;2020-03-17;76398
2020-03-15;"Banskobystrický kraj";1;0;0;0;NA;149997;1;2020-03-15;76397
2020-03-13;"Banskobystrický kraj";1;0;0;0;NA;149997;1;2020-03-13;76396
2021-03-30;"Bratislavský kraj";100;31472;111;31583;41963;83786;211;2021-03-30;83786
2021-03-29;"Bratislavský kraj";153;37909;161;38070;NA;83786;314;2021-03-29;83575
2021-03-28;"Bratislavský kraj";59;52836;136;52972;NA;83786;195;2021-03-28;83261
2021-03-27;"Bratislavský kraj";53;71174;217;71391;NA;83786;270;2021-03-27;83066
2021-03-26;"Bratislavský kraj";114;53243;186;53429;NA;83786;300;2021-03-26;82796
2021-03-25;"Bratislavský kraj";76;34094;173;34267;NA;83786;249;2021-03-25;82496
2021-03-24;"Bratislavský kraj";120;28831;192;29023;NA;83786;312;2021-03-24;82247
2021-03-23;"Bratislavský kraj";138;34826;183;35009;NA;83786;321;2021-03-23;81935
2021-03-22;"Bratislavský kraj";110;41456;210;41666;NA;83786;320;2021-03-22;81614
2021-03-21;"Bratislavský kraj";54;61298;211;61509;NA;83786;265;2021-03-21;81294
2021-03-20;"Bratislavský kraj";59;68419;208;68627;NA;83786;267;2021-03-20;81029
2021-03-19;"Bratislavský kraj";139;51511;244;51755;NA;83786;383;2021-03-19;80762
2021-03-18;"Bratislavský kraj";142;32294;182;32476;NA;83786;324;2021-03-18;80379
2021-03-17;"Bratislavský kraj";177;28792;198;28990;NA;83786;375;2021-03-17;80055
2021-03-16;"Bratislavský kraj";258;35347;271;35618;NA;83786;529;2021-03-16;79680
2021-03-15;"Bratislavský kraj";180;37347;249;37596;NA;83786;429;2021-03-15;79151
2021-03-14;"Bratislavský kraj";75;51473;268;51741;NA;83786;343;2021-03-14;78722
2021-03-13;"Bratislavský kraj";110;76426;316;76742;NA;83786;426;2021-03-13;78379
2021-03-12;"Bratislavský kraj";152;53023;289;53312;NA;83786;441;2021-03-12;77953
2021-03-11;"Bratislavský kraj";178;32887;262;33149;NA;83786;440;2021-03-11;77512
2021-03-10;"Bratislavský kraj";164;29990;262;30252;NA;83786;426;2021-03-10;77072
2021-03-09;"Bratislavský kraj";242;38457;251;38708;NA;83786;493;2021-03-09;76646
2021-03-08;"Bratislavský kraj";255;39915;336;40251;NA;83786;591;2021-03-08;76153
2021-03-07;"Bratislavský kraj";142;51234;291;51525;NA;83786;433;2021-03-07;75562
2021-03-06;"Bratislavský kraj";79;69511;394;69905;NA;83786;473;2021-03-06;75129
2021-03-05;"Bratislavský kraj";238;50259;300;50559;NA;83786;538;2021-03-05;74656
2021-03-04;"Bratislavský kraj";204;33828;326;34154;NA;83786;530;2021-03-04;74118
2021-03-03;"Bratislavský kraj";250;29438;351;29789;NA;83786;601;2021-03-03;73588
2021-03-02;"Bratislavský kraj";267;39015;386;39401;NA;83786;653;2021-03-02;72987
2021-03-01;"Bratislavský kraj";320;37696;425;38121;NA;83786;745;2021-03-01;72334
2021-02-28;"Bratislavský kraj";184;49969;323;50292;NA;83786;507;2021-02-28;71589
2021-02-27;"Bratislavský kraj";151;78721;468;79189;NA;83786;619;2021-02-27;71082
2021-02-26;"Bratislavský kraj";277;47566;409;47975;NA;83786;686;2021-02-26;70463
2021-02-25;"Bratislavský kraj";277;27924;404;28328;NA;83786;681;2021-02-25;69777
2021-02-24;"Bratislavský kraj";217;27176;427;27603;NA;83786;644;2021-02-24;69096
2021-02-23;"Bratislavský kraj";257;30989;392;31381;NA;83786;649;2021-02-23;68452
2021-02-22;"Bratislavský kraj";353;36311;491;36802;NA;83786;844;2021-02-22;67803
2021-02-21;"Bratislavský kraj";185;49903;376;50279;NA;83786;561;2021-02-21;66959
2021-02-20;"Bratislavský kraj";167;76746;563;77309;NA;83786;730;2021-02-20;66398
2021-02-19;"Bratislavský kraj";280;44959;417;45376;NA;83786;697;2021-02-19;65668
2021-02-18;"Bratislavský kraj";263;26487;379;26866;NA;83786;642;2021-02-18;64971
2021-02-17;"Bratislavský kraj";264;22335;321;22656;NA;83786;585;2021-02-17;64329
2021-02-16;"Bratislavský kraj";289;27522;350;27872;NA;83786;639;2021-02-16;63744
2021-02-15;"Bratislavský kraj";248;36218;387;36605;NA;83786;635;2021-02-15;63105
2021-02-14;"Bratislavský kraj";153;45008;324;45332;NA;83786;477;2021-02-14;62470
2021-02-13;"Bratislavský kraj";173;70114;529;70643;NA;83786;702;2021-02-13;61993
2021-02-12;"Bratislavský kraj";282;35474;332;35806;NA;83786;614;2021-02-12;61291
2021-02-11;"Bratislavský kraj";337;24124;289;24413;NA;83786;626;2021-02-11;60677
2021-02-10;"Bratislavský kraj";314;22750;353;23103;NA;83786;667;2021-02-10;60051
2021-02-09;"Bratislavský kraj";287;35458;438;35896;NA;83786;725;2021-02-09;59384
2021-02-08;"Bratislavský kraj";484;33468;401;33869;NA;83786;885;2021-02-08;58659
2021-02-07;"Bratislavský kraj";243;50382;430;50812;NA;83786;673;2021-02-07;57774
2021-02-06;"Bratislavský kraj";116;65118;530;65648;NA;83786;646;2021-02-06;57101
2021-02-05;"Bratislavský kraj";327;27423;376;27799;NA;83786;703;2021-02-05;56455
2021-02-04;"Bratislavský kraj";555;16331;350;16681;NA;83786;905;2021-02-04;55752
2021-02-03;"Bratislavský kraj";161;12936;358;13294;NA;83786;519;2021-02-03;54847
2021-02-02;"Bratislavský kraj";397;26902;485;27387;NA;83786;882;2021-02-02;54328
2021-02-01;"Bratislavský kraj";221;37667;507;38174;NA;83786;728;2021-02-01;53446
2021-01-31;"Bratislavský kraj";180;35621;425;36046;NA;83786;605;2021-01-31;52718
2021-01-30;"Bratislavský kraj";310;46158;504;46662;NA;83786;814;2021-01-30;52113
2021-01-29;"Bratislavský kraj";344;16341;341;16682;NA;83786;685;2021-01-29;51299
2021-01-28;"Bratislavský kraj";307;10643;301;10944;NA;83786;608;2021-01-28;50614
2021-01-27;"Bratislavský kraj";336;21988;341;22329;NA;83786;677;2021-01-27;50006
2021-01-26;"Bratislavský kraj";297;22068;308;22376;NA;83786;605;2021-01-26;49329
2021-01-25;"Bratislavský kraj";356;22370;248;22618;NA;83786;604;2021-01-25;48724
2021-01-24;"Bratislavský kraj";175;37754;391;38145;NA;83786;566;2021-01-24;48120
2021-01-23;"Bratislavský kraj";396;79317;703;80020;NA;83786;1099;2021-01-23;47554
2021-01-22;"Bratislavský kraj";199;41727;364;42091;NA;83786;563;2021-01-22;46455
2021-01-21;"Bratislavský kraj";255;105639;1317;106956;NA;83786;1572;2021-01-21;45892
2021-01-20;"Bratislavský kraj";360;27082;457;27539;NA;83786;817;2021-01-20;44320
2021-01-19;"Bratislavský kraj";375;13748;339;14087;NA;83786;714;2021-01-19;43503
2021-01-18;"Bratislavský kraj";357;11802;707;12509;NA;83786;1064;2021-01-18;42789
2021-01-17;"Bratislavský kraj";244;426;26;452;NA;83786;270;2021-01-17;41725
2021-01-16;"Bratislavský kraj";70;2908;156;3064;NA;83786;226;2021-01-16;41455
2021-01-15;"Bratislavský kraj";251;7744;256;8000;NA;83786;507;2021-01-15;41229
2021-01-14;"Bratislavský kraj";363;8316;273;8589;NA;83786;636;2021-01-14;40722
2021-01-13;"Bratislavský kraj";336;8040;329;8369;NA;83786;665;2021-01-13;40086
2021-01-12;"Bratislavský kraj";450;9644;464;10108;NA;83786;914;2021-01-12;39421
2021-01-11;"Bratislavský kraj";397;19215;380;19595;NA;83786;777;2021-01-11;38507
2021-01-10;"Bratislavský kraj";252;1352;79;1431;NA;83786;331;2021-01-10;37730
2021-01-09;"Bratislavský kraj";351;4946;291;5237;NA;83786;642;2021-01-09;37399
2021-01-08;"Bratislavský kraj";556;9880;436;10316;NA;83786;992;2021-01-08;36757
2021-01-07;"Bratislavský kraj";537;7161;412;7573;NA;83786;949;2021-01-07;35765
2021-01-06;"Bratislavský kraj";271;3075;216;3291;NA;83786;487;2021-01-06;34816
2021-01-05;"Bratislavský kraj";619;10730;844;11574;NA;83786;1463;2021-01-05;34329
2021-01-04;"Bratislavský kraj";601;7381;606;7987;NA;83786;1207;2021-01-04;32866
2021-01-03;"Bratislavský kraj";77;394;41;435;NA;83786;118;2021-01-03;31659
2021-01-02;"Bratislavský kraj";185;384;57;441;NA;83786;242;2021-01-02;31541
2021-01-01;"Bratislavský kraj";235;3210;131;3341;NA;83786;366;2021-01-01;31299
2020-12-31;"Bratislavský kraj";925;14638;589;15227;NA;83786;1514;2020-12-31;30933
2020-12-30;"Bratislavský kraj";650;9327;528;9855;NA;83786;1178;2020-12-30;29419
2020-12-29;"Bratislavský kraj";303;10365;776;11141;NA;83786;1079;2020-12-29;28241
2020-12-28;"Bratislavský kraj";255;7687;560;8247;NA;83786;815;2020-12-28;27162
2020-12-27;"Bratislavský kraj";160;659;76;735;NA;83786;236;2020-12-27;26347
2020-12-26;"Bratislavský kraj";75;426;27;453;NA;83786;102;2020-12-26;26111
2020-12-25;"Bratislavský kraj";114;460;38;498;NA;83786;152;2020-12-25;26009
2020-12-24;"Bratislavský kraj";536;3381;102;3483;NA;83786;638;2020-12-24;25857
2020-12-23;"Bratislavský kraj";416;13159;500;13659;NA;83786;916;2020-12-23;25219
2020-12-22;"Bratislavský kraj";327;15248;772;16020;NA;83786;1099;2020-12-22;24303
2020-12-21;"Bratislavský kraj";392;14970;2007;16977;NA;83786;2399;2020-12-21;23204
2020-12-20;"Bratislavský kraj";180;643;54;697;NA;83786;234;2020-12-20;20805
2020-12-19;"Bratislavský kraj";396;3164;130;3294;NA;83786;526;2020-12-19;20571
2020-12-18;"Bratislavský kraj";306;10672;401;11073;NA;83786;707;2020-12-18;20045
2020-12-17;"Bratislavský kraj";502;10217;412;10629;NA;83786;914;2020-12-17;19338
2020-12-16;"Bratislavský kraj";282;10546;452;10998;NA;83786;734;2020-12-16;18424
2020-12-15;"Bratislavský kraj";423;10741;479;11220;NA;83786;902;2020-12-15;17690
2020-12-14;"Bratislavský kraj";279;6526;293;6819;NA;83786;572;2020-12-14;16788
2020-12-13;"Bratislavský kraj";125;123;10;133;NA;83786;135;2020-12-13;16216
2020-12-12;"Bratislavský kraj";361;3863;157;4020;NA;83786;518;2020-12-12;16081
2020-12-11;"Bratislavský kraj";326;7203;289;7492;NA;83786;615;2020-12-11;15563
2020-12-10;"Bratislavský kraj";286;5104;209;5313;NA;83786;495;2020-12-10;14948
2020-12-09;"Bratislavský kraj";382;4712;178;4890;NA;83786;560;2020-12-09;14453
2020-12-08;"Bratislavský kraj";234;5793;207;6000;NA;83786;441;2020-12-08;13893
2020-12-07;"Bratislavský kraj";272;4078;152;4230;NA;83786;424;2020-12-07;13452
2020-12-06;"Bratislavský kraj";61;1586;52;1638;NA;83786;113;2020-12-06;13028
2020-12-05;"Bratislavský kraj";266;2148;41;2189;NA;83786;307;2020-12-05;12915
2020-12-04;"Bratislavský kraj";200;4789;99;4888;NA;83786;299;2020-12-04;12608
2020-12-03;"Bratislavský kraj";213;5071;95;5166;NA;83786;308;2020-12-03;12309
2020-12-02;"Bratislavský kraj";205;2831;95;2926;NA;83786;300;2020-12-02;12001
2020-12-01;"Bratislavský kraj";255;3943;204;4147;NA;83786;459;2020-12-01;11701
2020-11-30;"Bratislavský kraj";152;2153;121;2274;NA;83786;273;2020-11-30;11242
2020-11-29;"Bratislavský kraj";52;7;3;10;NA;83786;55;2020-11-29;10969
2020-11-28;"Bratislavský kraj";232;1509;18;1527;NA;83786;250;2020-11-28;10914
2020-11-27;"Bratislavský kraj";54;1198;29;1227;NA;83786;83;2020-11-27;10664
2020-11-26;"Bratislavský kraj";129;1114;25;1139;NA;83786;154;2020-11-26;10581
2020-11-25;"Bratislavský kraj";140;1133;31;1164;NA;83786;171;2020-11-25;10427
2020-11-24;"Bratislavský kraj";81;2988;67;3055;NA;83786;148;2020-11-24;10256
2020-11-23;"Bratislavský kraj";67;405;13;418;NA;83786;80;2020-11-23;10108
2020-11-22;"Bratislavský kraj";36;81;7;88;NA;83786;43;2020-11-22;10028
2020-11-21;"Bratislavský kraj";109;2126;47;2173;NA;83786;156;2020-11-21;9985
2020-11-20;"Bratislavský kraj";118;2869;48;2917;NA;83786;166;2020-11-20;9829
2020-11-19;"Bratislavský kraj";173;987;29;1016;NA;83786;202;2020-11-19;9663
2020-11-18;"Bratislavský kraj";118;616;75;691;NA;83786;193;2020-11-18;9461
2020-11-17;"Bratislavský kraj";108;928;23;951;NA;83786;131;2020-11-17;9268
2020-11-16;"Bratislavský kraj";82;651;9;660;NA;83786;91;2020-11-16;9137
2020-11-15;"Bratislavský kraj";47;236;0;236;NA;83786;47;2020-11-15;9046
2020-11-14;"Bratislavský kraj";53;1834;15;1849;NA;83786;68;2020-11-14;8999
2020-11-13;"Bratislavský kraj";94;2096;21;2117;NA;83786;115;2020-11-13;8931
2020-11-12;"Bratislavský kraj";141;1727;6;1733;NA;83786;147;2020-11-12;8816
2020-11-11;"Bratislavský kraj";159;1429;12;1441;NA;83786;171;2020-11-11;8669
2020-11-10;"Bratislavský kraj";136;805;14;819;NA;83786;150;2020-11-10;8498
2020-11-09;"Bratislavský kraj";70;466;1;467;NA;83786;71;2020-11-09;8348
2020-11-08;"Bratislavský kraj";82;869;6;875;NA;83786;88;2020-11-08;8277
2020-11-07;"Bratislavský kraj";88;4039;17;4056;NA;83786;105;2020-11-07;8189
2020-11-06;"Bratislavský kraj";281;6441;25;6466;NA;83786;306;2020-11-06;8084
2020-11-05;"Bratislavský kraj";175;476;11;487;NA;83786;186;2020-11-05;7778
2020-11-04;"Bratislavský kraj";65;411;10;421;NA;83786;75;2020-11-04;7592
2020-11-03;"Bratislavský kraj";251;944;5;949;NA;83786;256;2020-11-03;7517
2020-11-02;"Bratislavský kraj";202;3365;22;3387;NA;83786;224;2020-11-02;7261
2020-11-01;"Bratislavský kraj";227;8694;39;8733;NA;83786;266;2020-11-01;7037
2020-10-31;"Bratislavský kraj";173;22407;123;22530;NA;83786;296;2020-10-31;6771
2020-10-30;"Bratislavský kraj";158;17350;138;17488;NA;83786;296;2020-10-30;6475
2020-10-29;"Bratislavský kraj";262;116;4;120;NA;83786;266;2020-10-29;6179
2020-10-28;"Bratislavský kraj";220;260;15;275;NA;83786;235;2020-10-28;5913
2020-10-27;"Bratislavský kraj";256;145;4;149;NA;83786;260;2020-10-27;5678
2020-10-26;"Bratislavský kraj";123;229;11;240;NA;83786;134;2020-10-26;5418
2020-10-25;"Bratislavský kraj";152;33;2;35;NA;83786;154;2020-10-25;5284
2020-10-24;"Bratislavský kraj";170;221;6;227;NA;83786;176;2020-10-24;5130
2020-10-23;"Bratislavský kraj";151;144;8;152;NA;83786;159;2020-10-23;4954
2020-10-22;"Bratislavský kraj";192;204;15;219;NA;83786;207;2020-10-22;4795
2020-10-21;"Bratislavský kraj";66;90;6;96;NA;83786;72;2020-10-21;4588
2020-10-20;"Bratislavský kraj";183;97;4;101;NA;83786;187;2020-10-20;4516
2020-10-19;"Bratislavský kraj";148;80;3;83;NA;83786;151;2020-10-19;4329
2020-10-18;"Bratislavský kraj";75;92;0;92;NA;83786;75;2020-10-18;4178
2020-10-17;"Bratislavský kraj";136;0;0;0;NA;83786;136;2020-10-17;4103
2020-10-16;"Bratislavský kraj";103;14;1;15;NA;83786;104;2020-10-16;3967
2020-10-15;"Bratislavský kraj";135;6;1;7;NA;83786;136;2020-10-15;3863
2020-10-14;"Bratislavský kraj";127;4;0;4;NA;83786;127;2020-10-14;3727
2020-10-13;"Bratislavský kraj";86;108;8;116;NA;83786;94;2020-10-13;3600
2020-10-12;"Bratislavský kraj";46;0;0;0;NA;83786;46;2020-10-12;3506
2020-10-11;"Bratislavský kraj";80;0;0;0;NA;83786;80;2020-10-11;3460
2020-10-10;"Bratislavský kraj";55;0;0;0;NA;83786;55;2020-10-10;3380
2020-10-09;"Bratislavský kraj";148;0;0;0;NA;83786;148;2020-10-09;3325
2020-10-08;"Bratislavský kraj";100;0;0;0;NA;83786;100;2020-10-08;3177
2020-10-07;"Bratislavský kraj";107;0;0;0;NA;83786;107;2020-10-07;3077
2020-10-06;"Bratislavský kraj";108;0;0;0;NA;83786;108;2020-10-06;2970
2020-10-05;"Bratislavský kraj";30;0;0;0;NA;83786;30;2020-10-05;2862
2020-10-04;"Bratislavský kraj";49;0;0;0;NA;83786;49;2020-10-04;2832
2020-10-03;"Bratislavský kraj";82;0;0;0;NA;83786;82;2020-10-03;2783
2020-10-02;"Bratislavský kraj";101;0;0;0;NA;83786;101;2020-10-02;2701
2020-10-01;"Bratislavský kraj";72;0;0;0;NA;83786;72;2020-10-01;2600
2020-09-30;"Bratislavský kraj";91;0;0;0;NA;83786;91;2020-09-30;2528
2020-09-29;"Bratislavský kraj";74;0;0;0;NA;83786;74;2020-09-29;2437
2020-09-28;"Bratislavský kraj";29;0;0;0;NA;83786;29;2020-09-28;2363
2020-09-27;"Bratislavský kraj";48;0;0;0;NA;83786;48;2020-09-27;2334
2020-09-26;"Bratislavský kraj";86;0;0;0;NA;83786;86;2020-09-26;2286
2020-09-25;"Bratislavský kraj";97;0;0;0;NA;83786;97;2020-09-25;2200
2020-09-24;"Bratislavský kraj";73;0;0;0;NA;83786;73;2020-09-24;2103
2020-09-23;"Bratislavský kraj";55;0;0;0;NA;83786;55;2020-09-23;2030
2020-09-22;"Bratislavský kraj";81;0;0;0;NA;83786;81;2020-09-22;1975
2020-09-21;"Bratislavský kraj";32;0;0;0;NA;83786;32;2020-09-21;1894
2020-09-20;"Bratislavský kraj";25;0;0;0;NA;83786;25;2020-09-20;1862
2020-09-19;"Bratislavský kraj";59;0;0;0;NA;83786;59;2020-09-19;1837
2020-09-18;"Bratislavský kraj";42;0;0;0;NA;83786;42;2020-09-18;1778
2020-09-17;"Bratislavský kraj";52;0;0;0;NA;83786;52;2020-09-17;1736
2020-09-16;"Bratislavský kraj";32;0;0;0;NA;83786;32;2020-09-16;1684
2020-09-15;"Bratislavský kraj";26;0;0;0;NA;83786;26;2020-09-15;1652
2020-09-14;"Bratislavský kraj";24;0;0;0;NA;83786;24;2020-09-14;1626
2020-09-13;"Bratislavský kraj";11;0;0;0;NA;83786;11;2020-09-13;1602
2020-09-12;"Bratislavský kraj";24;0;0;0;NA;83786;24;2020-09-12;1591
2020-09-11;"Bratislavský kraj";50;0;0;0;NA;83786;50;2020-09-11;1567
2020-09-10;"Bratislavský kraj";47;0;0;0;NA;83786;47;2020-09-10;1517
2020-09-09;"Bratislavský kraj";40;0;0;0;NA;83786;40;2020-09-09;1470
2020-09-08;"Bratislavský kraj";58;0;0;0;NA;83786;58;2020-09-08;1430
2020-09-07;"Bratislavský kraj";39;0;0;0;NA;83786;39;2020-09-07;1372
2020-09-06;"Bratislavský kraj";11;0;0;0;NA;83786;11;2020-09-06;1333
2020-09-05;"Bratislavský kraj";37;0;0;0;NA;83786;37;2020-09-05;1322
2020-09-04;"Bratislavský kraj";87;0;0;0;NA;83786;87;2020-09-04;1285
2020-09-03;"Bratislavský kraj";51;0;0;0;NA;83786;51;2020-09-03;1198
2020-09-02;"Bratislavský kraj";50;0;0;0;NA;83786;50;2020-09-02;1147
2020-09-01;"Bratislavský kraj";16;0;0;0;NA;83786;16;2020-09-01;1097
2020-08-31;"Bratislavský kraj";19;0;0;0;NA;83786;19;2020-08-31;1081
2020-08-30;"Bratislavský kraj";9;0;0;0;NA;83786;9;2020-08-30;1062
2020-08-29;"Bratislavský kraj";12;0;0;0;NA;83786;12;2020-08-29;1053
2020-08-28;"Bratislavský kraj";35;0;0;0;NA;83786;35;2020-08-28;1041
2020-08-27;"Bratislavský kraj";33;0;0;0;NA;83786;33;2020-08-27;1006
2020-08-26;"Bratislavský kraj";27;0;0;0;NA;83786;27;2020-08-26;973
2020-08-25;"Bratislavský kraj";29;0;0;0;NA;83786;29;2020-08-25;946
2020-08-24;"Bratislavský kraj";6;0;0;0;NA;83786;6;2020-08-24;917
2020-08-23;"Bratislavský kraj";45;0;0;0;NA;83786;45;2020-08-23;911
2020-08-22;"Bratislavský kraj";13;0;0;0;NA;83786;13;2020-08-22;866
2020-08-21;"Bratislavský kraj";46;0;0;0;NA;83786;46;2020-08-21;853
2020-08-20;"Bratislavský kraj";41;0;0;0;NA;83786;41;2020-08-20;807
2020-08-19;"Bratislavský kraj";27;0;0;0;NA;83786;27;2020-08-19;766
2020-08-18;"Bratislavský kraj";47;0;0;0;NA;83786;47;2020-08-18;739
2020-08-17;"Bratislavský kraj";2;0;0;0;NA;83786;2;2020-08-17;692
2020-08-16;"Bratislavský kraj";3;0;0;0;NA;83786;3;2020-08-16;690
2020-08-15;"Bratislavský kraj";18;0;0;0;NA;83786;18;2020-08-15;687
2020-08-14;"Bratislavský kraj";16;0;0;0;NA;83786;16;2020-08-14;669
2020-08-13;"Bratislavský kraj";12;0;0;0;NA;83786;12;2020-08-13;653
2020-08-12;"Bratislavský kraj";10;0;0;0;NA;83786;10;2020-08-12;641
2020-08-11;"Bratislavský kraj";23;0;0;0;NA;83786;23;2020-08-11;631
2020-08-10;"Bratislavský kraj";2;0;0;0;NA;83786;2;2020-08-10;608
2020-08-09;"Bratislavský kraj";2;0;0;0;NA;83786;2;2020-08-09;606
2020-08-08;"Bratislavský kraj";1;0;0;0;NA;83786;1;2020-08-08;604
2020-08-07;"Bratislavský kraj";9;0;0;0;NA;83786;9;2020-08-07;603
2020-08-06;"Bratislavský kraj";15;0;0;0;NA;83786;15;2020-08-06;594
2020-08-05;"Bratislavský kraj";11;0;0;0;NA;83786;11;2020-08-05;579
2020-08-04;"Bratislavský kraj";21;0;0;0;NA;83786;21;2020-08-04;568
2020-08-03;"Bratislavský kraj";7;0;0;0;NA;83786;7;2020-08-03;547
2020-07-31;"Bratislavský kraj";14;0;0;0;NA;83786;14;2020-07-31;540
2020-07-30;"Bratislavský kraj";6;0;0;0;NA;83786;6;2020-07-30;526
2020-07-29;"Bratislavský kraj";7;0;0;0;NA;83786;7;2020-07-29;520
2020-07-28;"Bratislavský kraj";14;0;0;0;NA;83786;14;2020-07-28;513
2020-07-27;"Bratislavský kraj";3;0;0;0;NA;83786;3;2020-07-27;499
2020-07-25;"Bratislavský kraj";8;0;0;0;NA;83786;8;2020-07-25;496
2020-07-24;"Bratislavský kraj";2;0;0;0;NA;83786;2;2020-07-24;488
2020-07-23;"Bratislavský kraj";8;0;0;0;NA;83786;8;2020-07-23;486
2020-07-22;"Bratislavský kraj";11;0;0;0;NA;83786;11;2020-07-22;478
2020-07-21;"Bratislavský kraj";8;0;0;0;NA;83786;8;2020-07-21;467
2020-07-20;"Bratislavský kraj";12;0;0;0;NA;83786;12;2020-07-20;459
2020-07-18;"Bratislavský kraj";2;0;0;0;NA;83786;2;2020-07-18;447
2020-07-17;"Bratislavský kraj";2;0;0;0;NA;83786;2;2020-07-17;445
2020-07-16;"Bratislavský kraj";6;0;0;0;NA;83786;6;2020-07-16;443
2020-07-15;"Bratislavský kraj";3;0;0;0;NA;83786;3;2020-07-15;437
2020-07-14;"Bratislavský kraj";2;0;0;0;NA;83786;2;2020-07-14;434
2020-07-13;"Bratislavský kraj";2;0;0;0;NA;83786;2;2020-07-13;432
2020-07-10;"Bratislavský kraj";8;0;0;0;NA;83786;8;2020-07-10;430
2020-07-09;"Bratislavský kraj";2;0;0;0;NA;83786;2;2020-07-09;422
2020-07-08;"Bratislavský kraj";11;0;0;0;NA;83786;11;2020-07-08;420
2020-07-07;"Bratislavský kraj";5;0;0;0;NA;83786;5;2020-07-07;409
2020-07-06;"Bratislavský kraj";1;0;0;0;NA;83786;1;2020-07-06;404
2020-07-04;"Bratislavský kraj";3;0;0;0;NA;83786;3;2020-07-04;403
2020-07-03;"Bratislavský kraj";1;0;0;0;NA;83786;1;2020-07-03;400
2020-07-01;"Bratislavský kraj";7;0;0;0;NA;83786;7;2020-07-01;399
2020-06-30;"Bratislavský kraj";3;0;0;0;NA;83786;3;2020-06-30;392
2020-06-29;"Bratislavský kraj";1;0;0;0;NA;83786;1;2020-06-29;389
2020-06-27;"Bratislavský kraj";1;0;0;0;NA;83786;1;2020-06-27;388
2020-06-26;"Bratislavský kraj";6;0;0;0;NA;83786;6;2020-06-26;387
2020-06-24;"Bratislavský kraj";3;0;0;0;NA;83786;3;2020-06-24;381
2020-06-22;"Bratislavský kraj";1;0;0;0;NA;83786;1;2020-06-22;378
2020-06-19;"Bratislavský kraj";3;0;0;0;NA;83786;3;2020-06-19;377
2020-06-14;"Bratislavský kraj";2;0;0;0;NA;83786;2;2020-06-14;374
2020-06-13;"Bratislavský kraj";1;0;0;0;NA;83786;1;2020-06-13;372
2020-06-12;"Bratislavský kraj";2;0;0;0;NA;83786;2;2020-06-12;371
2020-06-08;"Bratislavský kraj";1;0;0;0;NA;83786;1;2020-06-08;369
2020-06-03;"Bratislavský kraj";1;0;0;0;NA;83786;1;2020-06-03;368
2020-05-27;"Bratislavský kraj";1;0;0;0;NA;83786;1;2020-05-27;367
2020-05-23;"Bratislavský kraj";2;0;0;0;NA;83786;2;2020-05-23;366
2020-05-12;"Bratislavský kraj";2;0;0;0;NA;83786;2;2020-05-12;364
2020-05-07;"Bratislavský kraj";1;0;0;0;NA;83786;1;2020-05-07;362
2020-05-06;"Bratislavský kraj";3;0;0;0;NA;83786;3;2020-05-06;361
2020-05-03;"Bratislavský kraj";2;0;0;0;NA;83786;2;2020-05-03;358
2020-04-30;"Bratislavský kraj";5;0;0;0;NA;83786;5;2020-04-30;356
2020-04-28;"Bratislavský kraj";2;0;0;0;NA;83786;2;2020-04-28;351
2020-04-26;"Bratislavský kraj";1;0;0;0;NA;83786;1;2020-04-26;349
2020-04-24;"Bratislavský kraj";2;0;0;0;NA;83786;2;2020-04-24;348
2020-04-23;"Bratislavský kraj";6;0;0;0;NA;83786;6;2020-04-23;346
2020-04-22;"Bratislavský kraj";11;0;0;0;NA;83786;11;2020-04-22;340
2020-04-21;"Bratislavský kraj";4;0;0;0;NA;83786;4;2020-04-21;329
2020-04-19;"Bratislavský kraj";4;0;0;0;NA;83786;4;2020-04-19;325
2020-04-18;"Bratislavský kraj";5;0;0;0;NA;83786;5;2020-04-18;321
2020-04-17;"Bratislavský kraj";6;0;0;0;NA;83786;6;2020-04-17;316
2020-04-16;"Bratislavský kraj";15;0;0;0;NA;83786;15;2020-04-16;310
2020-04-15;"Bratislavský kraj";11;0;0;0;NA;83786;11;2020-04-15;295
2020-04-14;"Bratislavský kraj";19;0;0;0;NA;83786;19;2020-04-14;284
2020-04-13;"Bratislavský kraj";53;0;0;0;NA;83786;53;2020-04-13;265
2020-04-12;"Bratislavský kraj";3;0;0;0;NA;83786;3;2020-04-12;212
2020-04-11;"Bratislavský kraj";1;0;0;0;NA;83786;1;2020-04-11;209
2020-04-10;"Bratislavský kraj";8;0;0;0;NA;83786;8;2020-04-10;208
2020-04-09;"Bratislavský kraj";3;0;0;0;NA;83786;3;2020-04-09;200
2020-04-08;"Bratislavský kraj";3;0;0;0;NA;83786;3;2020-04-08;197
2020-04-07;"Bratislavský kraj";24;0;0;0;NA;83786;24;2020-04-07;194
2020-04-06;"Bratislavský kraj";5;0;0;0;NA;83786;5;2020-04-06;170
2020-04-05;"Bratislavský kraj";6;0;0;0;NA;83786;6;2020-04-05;165
2020-04-04;"Bratislavský kraj";2;0;0;0;NA;83786;2;2020-04-04;159
2020-04-03;"Bratislavský kraj";1;0;0;0;NA;83786;1;2020-04-03;157
2020-04-02;"Bratislavský kraj";2;0;0;0;NA;83786;2;2020-04-02;156
2020-04-01;"Bratislavský kraj";5;0;0;0;NA;83786;5;2020-04-01;154
2020-03-31;"Bratislavský kraj";19;0;0;0;NA;83786;19;2020-03-31;149
2020-03-30;"Bratislavský kraj";6;0;0;0;NA;83786;6;2020-03-30;130
2020-03-29;"Bratislavský kraj";8;0;0;0;NA;83786;8;2020-03-29;124
2020-03-28;"Bratislavský kraj";4;0;0;0;NA;83786;4;2020-03-28;116
2020-03-27;"Bratislavský kraj";3;0;0;0;NA;83786;3;2020-03-27;112
2020-03-26;"Bratislavský kraj";15;0;0;0;NA;83786;15;2020-03-26;109
2020-03-25;"Bratislavský kraj";1;0;0;0;NA;83786;1;2020-03-25;94
2020-03-24;"Bratislavský kraj";4;0;0;0;NA;83786;4;2020-03-24;93
2020-03-23;"Bratislavský kraj";9;0;0;0;NA;83786;9;2020-03-23;89
2020-03-22;"Bratislavský kraj";2;0;0;0;NA;83786;2;2020-03-22;80
2020-03-21;"Bratislavský kraj";22;0;0;0;NA;83786;22;2020-03-21;78
2020-03-20;"Bratislavský kraj";3;0;0;0;NA;83786;3;2020-03-20;56
2020-03-19;"Bratislavský kraj";4;0;0;0;NA;83786;4;2020-03-19;53
2020-03-18;"Bratislavský kraj";3;0;0;0;NA;83786;3;2020-03-18;49
2020-03-17;"Bratislavský kraj";13;0;0;0;NA;83786;13;2020-03-17;46
2020-03-16;"Bratislavský kraj";1;0;0;0;NA;83786;1;2020-03-16;33
2020-03-15;"Bratislavský kraj";4;0;0;0;NA;83786;4;2020-03-15;32
2020-03-14;"Bratislavský kraj";9;0;0;0;NA;83786;9;2020-03-14;28
2020-03-13;"Bratislavský kraj";2;0;0;0;NA;83786;2;2020-03-13;19
2020-03-12;"Bratislavský kraj";8;0;0;0;NA;83786;8;2020-03-12;17
2020-03-11;"Bratislavský kraj";3;0;0;0;NA;83786;3;2020-03-11;9
2020-03-08;"Bratislavský kraj";2;0;0;0;NA;83786;2;2020-03-08;6
2020-03-07;"Bratislavský kraj";2;0;0;0;NA;83786;2;2020-03-07;4
2020-03-06;"Bratislavský kraj";1;0;0;0;NA;83786;1;2020-03-06;2
2021-03-30;"Košický kraj";229;21262;140;21402;48403;88202;369;2021-03-30;88202
2021-03-29;"Košický kraj";78;25215;214;25429;NA;88202;292;2021-03-29;87833
2021-03-28;"Košický kraj";39;30828;76;30904;NA;88202;115;2021-03-28;87541
2021-03-27;"Košický kraj";222;93726;252;93978;NA;88202;474;2021-03-27;87426
2021-03-26;"Košický kraj";233;44385;191;44576;NA;88202;424;2021-03-26;86952
2021-03-25;"Košický kraj";133;22932;160;23092;NA;88202;293;2021-03-25;86528
2021-03-24;"Košický kraj";165;20175;153;20328;NA;88202;318;2021-03-24;86235
2021-03-23;"Košický kraj";202;21894;186;22080;NA;88202;388;2021-03-23;85917
2021-03-22;"Košický kraj";169;24012;210;24222;NA;88202;379;2021-03-22;85529
2021-03-21;"Košický kraj";109;40321;146;40467;NA;88202;255;2021-03-21;85150
2021-03-20;"Košický kraj";126;97970;306;98276;NA;88202;432;2021-03-20;84895
2021-03-19;"Košický kraj";205;45707;258;45965;NA;88202;463;2021-03-19;84463
2021-03-18;"Košický kraj";274;23820;211;24031;NA;88202;485;2021-03-18;84000
2021-03-17;"Košický kraj";177;21760;200;21960;NA;88202;377;2021-03-17;83515
2021-03-16;"Košický kraj";386;23441;226;23667;NA;88202;612;2021-03-16;83138
2021-03-15;"Košický kraj";173;24981;276;25257;NA;88202;449;2021-03-15;82526
2021-03-14;"Košický kraj";145;44419;226;44645;NA;88202;371;2021-03-14;82077
2021-03-13;"Košický kraj";146;103379;478;103857;NA;88202;624;2021-03-13;81706
2021-03-12;"Košický kraj";366;47353;316;47669;NA;88202;682;2021-03-12;81082
2021-03-11;"Košický kraj";396;23225;261;23486;NA;88202;657;2021-03-11;80400
2021-03-10;"Košický kraj";121;22094;268;22362;NA;88202;389;2021-03-10;79743
2021-03-09;"Košický kraj";676;24524;301;24825;NA;88202;977;2021-03-09;79354
2021-03-08;"Košický kraj";559;29679;342;30021;NA;88202;901;2021-03-08;78377
2021-03-07;"Košický kraj";45;35061;229;35290;NA;88202;274;2021-03-07;77476
2021-03-06;"Košický kraj";177;105496;537;106033;NA;88202;714;2021-03-06;77202
2021-03-05;"Košický kraj";439;45557;422;45979;NA;88202;861;2021-03-05;76488
2021-03-04;"Košický kraj";417;23862;321;24183;NA;88202;738;2021-03-04;75627
2021-03-03;"Košický kraj";390;23134;297;23431;NA;88202;687;2021-03-03;74889
2021-03-02;"Košický kraj";464;24157;372;24529;NA;88202;836;2021-03-02;74202
2021-03-01;"Košický kraj";389;29980;512;30492;NA;88202;901;2021-03-01;73366
2021-02-28;"Košický kraj";265;37636;288;37924;NA;88202;553;2021-02-28;72465
2021-02-27;"Košický kraj";301;101274;787;102061;NA;88202;1088;2021-02-27;71912
2021-02-26;"Košický kraj";440;45466;492;45958;NA;88202;932;2021-02-26;70824
2021-02-25;"Košický kraj";331;19872;342;20214;NA;88202;673;2021-02-25;69892
2021-02-24;"Košický kraj";263;18815;506;19321;NA;88202;769;2021-02-24;69219
2021-02-23;"Košický kraj";642;21592;341;21933;NA;88202;983;2021-02-23;68450
2021-02-22;"Košický kraj";362;31190;439;31629;NA;88202;801;2021-02-22;67467
2021-02-21;"Košický kraj";170;40104;380;40484;NA;88202;550;2021-02-21;66666
2021-02-20;"Košický kraj";283;92550;770;93320;NA;88202;1053;2021-02-20;66116
2021-02-19;"Košický kraj";507;41792;585;42377;NA;88202;1092;2021-02-19;65063
2021-02-18;"Košický kraj";397;18442;345;18787;NA;88202;742;2021-02-18;63971
2021-02-17;"Košický kraj";322;18080;387;18467;NA;88202;709;2021-02-17;63229
2021-02-16;"Košický kraj";600;22137;463;22600;NA;88202;1063;2021-02-16;62520
2021-02-15;"Košický kraj";216;24866;369;25235;NA;88202;585;2021-02-15;61457
2021-02-14;"Košický kraj";241;56663;524;57187;NA;88202;765;2021-02-14;60872
2021-02-13;"Košický kraj";206;93191;765;93956;NA;88202;971;2021-02-13;60107
2021-02-12;"Košický kraj";448;50169;611;50780;NA;88202;1059;2021-02-12;59136
2021-02-11;"Košický kraj";435;14524;323;14847;NA;88202;758;2021-02-11;58077
2021-02-10;"Košický kraj";360;18475;431;18906;NA;88202;791;2021-02-10;57319
2021-02-09;"Košický kraj";545;24920;464;25384;NA;88202;1009;2021-02-09;56528
2021-02-08;"Košický kraj";237;27337;413;27750;NA;88202;650;2021-02-08;55519
2021-02-07;"Košický kraj";208;56897;612;57509;NA;88202;820;2021-02-07;54869
2021-02-06;"Košický kraj";318;101420;857;102277;NA;88202;1175;2021-02-06;54049
2021-02-05;"Košický kraj";384;43337;499;43836;NA;88202;883;2021-02-05;52874
2021-02-04;"Košický kraj";391;14733;370;15103;NA;88202;761;2021-02-04;51991
2021-02-03;"Košický kraj";296;32746;1111;33857;NA;88202;1407;2021-02-03;51230
2021-02-02;"Košický kraj";473;23465;438;23903;NA;88202;911;2021-02-02;49823
2021-02-01;"Košický kraj";415;19335;321;19656;NA;88202;736;2021-02-01;48912
2021-01-31;"Košický kraj";142;53674;585;54259;NA;88202;727;2021-01-31;48176
2021-01-30;"Košický kraj";320;76985;673;77658;NA;88202;993;2021-01-30;47449
2021-01-29;"Košický kraj";311;37131;456;37587;NA;88202;767;2021-01-29;46456
2021-01-28;"Košický kraj";540;9025;247;9272;NA;88202;787;2021-01-28;45689
2021-01-27;"Košický kraj";265;7484;207;7691;NA;88202;472;2021-01-27;44902
2021-01-26;"Košický kraj";530;14210;245;14455;NA;88202;775;2021-01-26;44430
2021-01-25;"Košický kraj";226;26430;413;26843;NA;88202;639;2021-01-25;43655
2021-01-24;"Košický kraj";150;45108;595;45703;NA;88202;745;2021-01-24;43016
2021-01-23;"Košický kraj";232;82016;843;82859;NA;88202;1075;2021-01-23;42271
2021-01-22;"Košický kraj";316;19997;265;20262;NA;88202;581;2021-01-22;41196
2021-01-21;"Košický kraj";274;14047;158;14205;NA;88202;432;2021-01-21;40615
2021-01-20;"Košický kraj";374;10843;201;11044;NA;88202;575;2021-01-20;40183
2021-01-19;"Košický kraj";248;9853;182;10035;NA;88202;430;2021-01-19;39608
2021-01-18;"Košický kraj";333;5770;212;5982;NA;88202;545;2021-01-18;39178
2021-01-17;"Košický kraj";155;535;14;549;NA;88202;169;2021-01-17;38633
2021-01-16;"Košický kraj";153;1403;47;1450;NA;88202;200;2021-01-16;38464
2021-01-15;"Košický kraj";308;6443;213;6656;NA;88202;521;2021-01-15;38264
2021-01-14;"Košický kraj";358;5471;221;5692;NA;88202;579;2021-01-14;37743
2021-01-13;"Košický kraj";421;4897;226;5123;NA;88202;647;2021-01-13;37164
2021-01-12;"Košický kraj";482;6689;258;6947;NA;88202;740;2021-01-12;36517
2021-01-11;"Košický kraj";309;7945;304;8249;NA;88202;613;2021-01-11;35777
2021-01-10;"Košický kraj";193;134;6;140;NA;88202;199;2021-01-10;35164
2021-01-09;"Košický kraj";469;1134;45;1179;NA;88202;514;2021-01-09;34965
2021-01-08;"Košický kraj";551;8222;388;8610;NA;88202;939;2021-01-08;34451
2021-01-07;"Košický kraj";251;6403;428;6831;NA;88202;679;2021-01-07;33512
2021-01-06;"Košický kraj";442;429;33;462;NA;88202;475;2021-01-06;32833
2021-01-05;"Košický kraj";584;8100;560;8660;NA;88202;1144;2021-01-05;32358
2021-01-04;"Košický kraj";407;7113;737;7850;NA;88202;1144;2021-01-04;31214
2021-01-03;"Košický kraj";118;661;22;683;NA;88202;140;2021-01-03;30070
2021-01-02;"Košický kraj";88;440;52;492;NA;88202;140;2021-01-02;29930
2021-01-01;"Košický kraj";398;725;49;774;NA;88202;447;2021-01-01;29790
2020-12-31;"Košický kraj";625;7877;461;8338;NA;88202;1086;2020-12-31;29343
2020-12-30;"Košický kraj";590;6477;412;6889;NA;88202;1002;2020-12-30;28257
2020-12-29;"Košický kraj";419;7573;605;8178;NA;88202;1024;2020-12-29;27255
2020-12-28;"Košický kraj";356;8296;804;9100;NA;88202;1160;2020-12-28;26231
2020-12-27;"Košický kraj";159;147;16;163;NA;88202;175;2020-12-27;25071
2020-12-26;"Košický kraj";163;274;23;297;NA;88202;186;2020-12-26;24896
2020-12-25;"Košický kraj";237;140;10;150;NA;88202;247;2020-12-25;24710
2020-12-24;"Košický kraj";564;1470;90;1560;NA;88202;654;2020-12-24;24463
2020-12-23;"Košický kraj";304;7942;354;8296;NA;88202;658;2020-12-23;23809
2020-12-22;"Košický kraj";438;7920;459;8379;NA;88202;897;2020-12-22;23151
2020-12-21;"Košický kraj";405;6984;509;7493;NA;88202;914;2020-12-21;22254
2020-12-20;"Košický kraj";215;48;8;56;NA;88202;223;2020-12-20;21340
2020-12-19;"Košický kraj";207;1148;59;1207;NA;88202;266;2020-12-19;21117
2020-12-18;"Košický kraj";310;8484;326;8810;NA;88202;636;2020-12-18;20851
2020-12-17;"Košický kraj";463;5292;255;5547;NA;88202;718;2020-12-17;20215
2020-12-16;"Košický kraj";455;5898;316;6214;NA;88202;771;2020-12-16;19497
2020-12-15;"Košický kraj";319;5086;338;5424;NA;88202;657;2020-12-15;18726
2020-12-14;"Košický kraj";256;2893;239;3132;NA;88202;495;2020-12-14;18069
2020-12-13;"Košický kraj";47;181;2;183;NA;88202;49;2020-12-13;17574
2020-12-12;"Košický kraj";369;1587;118;1705;NA;88202;487;2020-12-12;17525
2020-12-11;"Košický kraj";354;5461;258;5719;NA;88202;612;2020-12-11;17038
2020-12-10;"Košický kraj";283;4064;176;4240;NA;88202;459;2020-12-10;16426
2020-12-09;"Košický kraj";279;3786;166;3952;NA;88202;445;2020-12-09;15967
2020-12-08;"Košický kraj";226;4105;355;4460;NA;88202;581;2020-12-08;15522
2020-12-07;"Košický kraj";270;2111;103;2214;NA;88202;373;2020-12-07;14941
2020-12-06;"Košický kraj";121;97;20;117;NA;88202;141;2020-12-06;14568
2020-12-05;"Košický kraj";90;1096;48;1144;NA;88202;138;2020-12-05;14427
2020-12-04;"Košický kraj";224;2680;82;2762;NA;88202;306;2020-12-04;14289
2020-12-03;"Košický kraj";211;7717;173;7890;NA;88202;384;2020-12-03;13983
2020-12-02;"Košický kraj";193;8132;496;8628;NA;88202;689;2020-12-02;13599
2020-12-01;"Košický kraj";178;2237;124;2361;NA;88202;302;2020-12-01;12910
2020-11-30;"Košický kraj";171;3645;58;3703;NA;88202;229;2020-11-30;12608
2020-11-29;"Košický kraj";31;287;16;303;NA;88202;47;2020-11-29;12379
2020-11-28;"Košický kraj";69;721;52;773;NA;88202;121;2020-11-28;12332
2020-11-27;"Košický kraj";149;2729;74;2803;NA;88202;223;2020-11-27;12211
2020-11-26;"Košický kraj";239;1090;55;1145;NA;88202;294;2020-11-26;11988
2020-11-25;"Košický kraj";237;1664;122;1786;NA;88202;359;2020-11-25;11694
2020-11-24;"Košický kraj";196;1871;64;1935;NA;88202;260;2020-11-24;11335
2020-11-23;"Košický kraj";51;3737;54;3791;NA;88202;105;2020-11-23;11075
2020-11-22;"Košický kraj";57;28;3;31;NA;88202;60;2020-11-22;10970
2020-11-21;"Košický kraj";87;858;36;894;NA;88202;123;2020-11-21;10910
2020-11-20;"Košický kraj";176;2989;45;3034;NA;88202;221;2020-11-20;10787
2020-11-19;"Košický kraj";206;1648;40;1688;NA;88202;246;2020-11-19;10566
2020-11-18;"Košický kraj";122;443;16;459;NA;88202;138;2020-11-18;10320
2020-11-17;"Košický kraj";152;82;9;91;NA;88202;161;2020-11-17;10182
2020-11-16;"Košický kraj";114;531;24;555;NA;88202;138;2020-11-16;10021
2020-11-15;"Košický kraj";15;338;7;345;NA;88202;22;2020-11-15;9883
2020-11-14;"Košický kraj";234;520;12;532;NA;88202;246;2020-11-14;9861
2020-11-13;"Košický kraj";207;664;29;693;NA;88202;236;2020-11-13;9615
2020-11-12;"Košický kraj";192;736;13;749;NA;88202;205;2020-11-12;9379
2020-11-11;"Košický kraj";301;593;7;600;NA;88202;308;2020-11-11;9174
2020-11-10;"Košický kraj";190;541;11;552;NA;88202;201;2020-11-10;8866
2020-11-09;"Košický kraj";129;380;5;385;NA;88202;134;2020-11-09;8665
2020-11-08;"Košický kraj";78;1298;8;1306;NA;88202;86;2020-11-08;8531
2020-11-07;"Košický kraj";192;3909;22;3931;NA;88202;214;2020-11-07;8445
2020-11-06;"Košický kraj";195;5310;34;5344;NA;88202;229;2020-11-06;8231
2020-11-05;"Košický kraj";342;330;31;361;NA;88202;373;2020-11-05;8002
2020-11-04;"Košický kraj";101;154;6;160;NA;88202;107;2020-11-04;7629
2020-11-03;"Košický kraj";358;1122;13;1135;NA;88202;371;2020-11-03;7522
2020-11-02;"Košický kraj";111;4368;51;4419;NA;88202;162;2020-11-02;7151
2020-11-01;"Košický kraj";346;6522;34;6556;NA;88202;380;2020-11-01;6989
2020-10-31;"Košický kraj";82;13810;105;13915;NA;88202;187;2020-10-31;6609
2020-10-30;"Košický kraj";379;2835;27;2862;NA;88202;406;2020-10-30;6422
2020-10-29;"Košický kraj";333;983;13;996;NA;88202;346;2020-10-29;6016
2020-10-28;"Košický kraj";224;305;13;318;NA;88202;237;2020-10-28;5670
2020-10-27;"Košický kraj";386;439;21;460;NA;88202;407;2020-10-27;5433
2020-10-26;"Košický kraj";56;191;7;198;NA;88202;63;2020-10-26;5026
2020-10-25;"Košický kraj";154;79;2;81;NA;88202;156;2020-10-25;4963
2020-10-24;"Košický kraj";313;113;15;128;NA;88202;328;2020-10-24;4807
2020-10-23;"Košický kraj";315;331;8;339;NA;88202;323;2020-10-23;4479
2020-10-22;"Košický kraj";349;530;16;546;NA;88202;365;2020-10-22;4156
2020-10-21;"Košický kraj";129;84;2;86;NA;88202;131;2020-10-21;3791
2020-10-20;"Košický kraj";181;14;1;15;NA;88202;182;2020-10-20;3660
2020-10-19;"Košický kraj";64;10;0;10;NA;88202;64;2020-10-19;3478
2020-10-18;"Košický kraj";158;0;0;0;NA;88202;158;2020-10-18;3414
2020-10-17;"Košický kraj";142;0;0;0;NA;88202;142;2020-10-17;3256
2020-10-16;"Košický kraj";206;19;0;19;NA;88202;206;2020-10-16;3114
2020-10-15;"Košický kraj";177;19;5;24;NA;88202;182;2020-10-15;2908
2020-10-14;"Košický kraj";211;8;0;8;NA;88202;211;2020-10-14;2726
2020-10-13;"Košický kraj";179;80;3;83;NA;88202;182;2020-10-13;2515
2020-10-12;"Košický kraj";74;0;0;0;NA;88202;74;2020-10-12;2333
2020-10-11;"Košický kraj";121;0;0;0;NA;88202;121;2020-10-11;2259
2020-10-10;"Košický kraj";70;0;0;0;NA;88202;70;2020-10-10;2138
2020-10-09;"Košický kraj";188;0;0;0;NA;88202;188;2020-10-09;2068
2020-10-08;"Košický kraj";102;0;0;0;NA;88202;102;2020-10-08;1880
2020-10-07;"Košický kraj";158;0;0;0;NA;88202;158;2020-10-07;1778
2020-10-06;"Košický kraj";70;0;0;0;NA;88202;70;2020-10-06;1620
2020-10-05;"Košický kraj";39;0;0;0;NA;88202;39;2020-10-05;1550
2020-10-04;"Košický kraj";45;0;0;0;NA;88202;45;2020-10-04;1511
2020-10-03;"Košický kraj";105;0;0;0;NA;88202;105;2020-10-03;1466
2020-10-02;"Košický kraj";57;0;0;0;NA;88202;57;2020-10-02;1361
2020-10-01;"Košický kraj";69;0;0;0;NA;88202;69;2020-10-01;1304
2020-09-30;"Košický kraj";95;0;0;0;NA;88202;95;2020-09-30;1235
2020-09-29;"Košický kraj";75;0;0;0;NA;88202;75;2020-09-29;1140
2020-09-28;"Košický kraj";19;0;0;0;NA;88202;19;2020-09-28;1065
2020-09-27;"Košický kraj";21;0;0;0;NA;88202;21;2020-09-27;1046
2020-09-26;"Košický kraj";53;0;0;0;NA;88202;53;2020-09-26;1025
2020-09-25;"Košický kraj";72;0;0;0;NA;88202;72;2020-09-25;972
2020-09-24;"Košický kraj";35;0;0;0;NA;88202;35;2020-09-24;900
2020-09-23;"Košický kraj";23;0;0;0;NA;88202;23;2020-09-23;865
2020-09-22;"Košický kraj";39;0;0;0;NA;88202;39;2020-09-22;842
2020-09-21;"Košický kraj";5;0;0;0;NA;88202;5;2020-09-21;803
2020-09-20;"Košický kraj";3;0;0;0;NA;88202;3;2020-09-20;798
2020-09-19;"Košický kraj";13;0;0;0;NA;88202;13;2020-09-19;795
2020-09-18;"Košický kraj";20;0;0;0;NA;88202;20;2020-09-18;782
2020-09-17;"Košický kraj";22;0;0;0;NA;88202;22;2020-09-17;762
2020-09-16;"Košický kraj";12;0;0;0;NA;88202;12;2020-09-16;740
2020-09-15;"Košický kraj";10;0;0;0;NA;88202;10;2020-09-15;728
2020-09-14;"Košický kraj";6;0;0;0;NA;88202;6;2020-09-14;718
2020-09-13;"Košický kraj";3;0;0;0;NA;88202;3;2020-09-13;712
2020-09-12;"Košický kraj";16;0;0;0;NA;88202;16;2020-09-12;709
2020-09-11;"Košický kraj";20;0;0;0;NA;88202;20;2020-09-11;693
2020-09-10;"Košický kraj";11;0;0;0;NA;88202;11;2020-09-10;673
2020-09-09;"Košický kraj";37;0;0;0;NA;88202;37;2020-09-09;662
2020-09-08;"Košický kraj";10;0;0;0;NA;88202;10;2020-09-08;625
2020-09-07;"Košický kraj";4;0;0;0;NA;88202;4;2020-09-07;615
2020-09-06;"Košický kraj";2;0;0;0;NA;88202;2;2020-09-06;611
2020-09-05;"Košický kraj";10;0;0;0;NA;88202;10;2020-09-05;609
2020-09-04;"Košický kraj";14;0;0;0;NA;88202;14;2020-09-04;599
2020-09-03;"Košický kraj";22;0;0;0;NA;88202;22;2020-09-03;585
2020-09-02;"Košický kraj";13;0;0;0;NA;88202;13;2020-09-02;563
2020-09-01;"Košický kraj";21;0;0;0;NA;88202;21;2020-09-01;550
2020-08-31;"Košický kraj";9;0;0;0;NA;88202;9;2020-08-31;529
2020-08-30;"Košický kraj";21;0;0;0;NA;88202;21;2020-08-30;520
2020-08-29;"Košický kraj";1;0;0;0;NA;88202;1;2020-08-29;499
2020-08-28;"Košický kraj";19;0;0;0;NA;88202;19;2020-08-28;498
2020-08-27;"Košický kraj";15;0;0;0;NA;88202;15;2020-08-27;479
2020-08-26;"Košický kraj";8;0;0;0;NA;88202;8;2020-08-26;464
2020-08-25;"Košický kraj";23;0;0;0;NA;88202;23;2020-08-25;456
2020-08-24;"Košický kraj";6;0;0;0;NA;88202;6;2020-08-24;433
2020-08-23;"Košický kraj";8;0;0;0;NA;88202;8;2020-08-23;427
2020-08-22;"Košický kraj";13;0;0;0;NA;88202;13;2020-08-22;419
2020-08-21;"Košický kraj";10;0;0;0;NA;88202;10;2020-08-21;406
2020-08-20;"Košický kraj";10;0;0;0;NA;88202;10;2020-08-20;396
2020-08-19;"Košický kraj";3;0;0;0;NA;88202;3;2020-08-19;386
2020-08-18;"Košický kraj";7;0;0;0;NA;88202;7;2020-08-18;383
2020-08-17;"Košický kraj";2;0;0;0;NA;88202;2;2020-08-17;376
2020-08-16;"Košický kraj";2;0;0;0;NA;88202;2;2020-08-16;374
2020-08-15;"Košický kraj";3;0;0;0;NA;88202;3;2020-08-15;372
2020-08-14;"Košický kraj";1;0;0;0;NA;88202;1;2020-08-14;369
2020-08-13;"Košický kraj";3;0;0;0;NA;88202;3;2020-08-13;368
2020-08-12;"Košický kraj";12;0;0;0;NA;88202;12;2020-08-12;365
2020-08-11;"Košický kraj";5;0;0;0;NA;88202;5;2020-08-11;353
2020-08-10;"Košický kraj";1;0;0;0;NA;88202;1;2020-08-10;348
2020-08-08;"Košický kraj";5;0;0;0;NA;88202;5;2020-08-08;347
2020-08-07;"Košický kraj";7;0;0;0;NA;88202;7;2020-08-07;342
2020-08-06;"Košický kraj";3;0;0;0;NA;88202;3;2020-08-06;335
2020-08-05;"Košický kraj";4;0;0;0;NA;88202;4;2020-08-05;332
2020-08-04;"Košický kraj";1;0;0;0;NA;88202;1;2020-08-04;328
2020-08-03;"Košický kraj";1;0;0;0;NA;88202;1;2020-08-03;327
2020-07-30;"Košický kraj";2;0;0;0;NA;88202;2;2020-07-30;326
2020-07-29;"Košický kraj";1;0;0;0;NA;88202;1;2020-07-29;324
2020-07-28;"Košický kraj";9;0;0;0;NA;88202;9;2020-07-28;323
2020-07-27;"Košický kraj";4;0;0;0;NA;88202;4;2020-07-27;314
2020-07-25;"Košický kraj";2;0;0;0;NA;88202;2;2020-07-25;310
2020-07-24;"Košický kraj";2;0;0;0;NA;88202;2;2020-07-24;308
2020-07-23;"Košický kraj";1;0;0;0;NA;88202;1;2020-07-23;306
2020-07-22;"Košický kraj";1;0;0;0;NA;88202;1;2020-07-22;305
2020-07-18;"Košický kraj";1;0;0;0;NA;88202;1;2020-07-18;304
2020-07-17;"Košický kraj";1;0;0;0;NA;88202;1;2020-07-17;303
2020-07-15;"Košický kraj";2;0;0;0;NA;88202;2;2020-07-15;302
2020-07-14;"Košický kraj";1;0;0;0;NA;88202;1;2020-07-14;300
2020-07-13;"Košický kraj";1;0;0;0;NA;88202;1;2020-07-13;299
2020-07-10;"Košický kraj";1;0;0;0;NA;88202;1;2020-07-10;298
2020-07-09;"Košický kraj";1;0;0;0;NA;88202;1;2020-07-09;297
2020-07-08;"Košický kraj";12;0;0;0;NA;88202;12;2020-07-08;296
2020-07-03;"Košický kraj";1;0;0;0;NA;88202;1;2020-07-03;284
2020-07-01;"Košický kraj";1;0;0;0;NA;88202;1;2020-07-01;283
2020-06-25;"Košický kraj";3;0;0;0;NA;88202;3;2020-06-25;282
2020-06-24;"Košický kraj";3;0;0;0;NA;88202;3;2020-06-24;279
2020-06-23;"Košický kraj";3;0;0;0;NA;88202;3;2020-06-23;276
2020-06-18;"Košický kraj";1;0;0;0;NA;88202;1;2020-06-18;273
2020-06-16;"Košický kraj";2;0;0;0;NA;88202;2;2020-06-16;272
2020-06-10;"Košický kraj";6;0;0;0;NA;88202;6;2020-06-10;270
2020-06-07;"Košický kraj";2;0;0;0;NA;88202;2;2020-06-07;264
2020-06-02;"Košický kraj";1;0;0;0;NA;88202;1;2020-06-02;262
2020-05-29;"Košický kraj";1;0;0;0;NA;88202;1;2020-05-29;261
2020-05-26;"Košický kraj";1;0;0;0;NA;88202;1;2020-05-26;260
2020-05-25;"Košický kraj";1;0;0;0;NA;88202;1;2020-05-25;259
2020-05-20;"Košický kraj";3;0;0;0;NA;88202;3;2020-05-20;258
2020-05-17;"Košický kraj";1;0;0;0;NA;88202;1;2020-05-17;255
2020-05-16;"Košický kraj";1;0;0;0;NA;88202;1;2020-05-16;254
2020-05-15;"Košický kraj";10;0;0;0;NA;88202;10;2020-05-15;253
2020-05-14;"Košický kraj";1;0;0;0;NA;88202;1;2020-05-14;243
2020-05-13;"Košický kraj";6;0;0;0;NA;88202;6;2020-05-13;242
2020-05-06;"Košický kraj";1;0;0;0;NA;88202;1;2020-05-06;236
2020-05-02;"Košický kraj";1;0;0;0;NA;88202;1;2020-05-02;235
2020-04-30;"Košický kraj";1;0;0;0;NA;88202;1;2020-04-30;234
2020-04-29;"Košický kraj";1;0;0;0;NA;88202;1;2020-04-29;233
2020-04-28;"Košický kraj";1;0;0;0;NA;88202;1;2020-04-28;232
2020-04-27;"Košický kraj";1;0;0;0;NA;88202;1;2020-04-27;231
2020-04-24;"Košický kraj";3;0;0;0;NA;88202;3;2020-04-24;230
2020-04-23;"Košický kraj";4;0;0;0;NA;88202;4;2020-04-23;227
2020-04-22;"Košický kraj";21;0;0;0;NA;88202;21;2020-04-22;223
2020-04-21;"Košický kraj";4;0;0;0;NA;88202;4;2020-04-21;202
2020-04-19;"Košický kraj";1;0;0;0;NA;88202;1;2020-04-19;198
2020-04-18;"Košický kraj";2;0;0;0;NA;88202;2;2020-04-18;197
2020-04-17;"Košický kraj";7;0;0;0;NA;88202;7;2020-04-17;195
2020-04-16;"Košický kraj";29;0;0;0;NA;88202;29;2020-04-16;188
2020-04-15;"Košický kraj";50;0;0;0;NA;88202;50;2020-04-15;159
2020-04-14;"Košický kraj";4;0;0;0;NA;88202;4;2020-04-14;109
2020-04-13;"Košický kraj";5;0;0;0;NA;88202;5;2020-04-13;105
2020-04-12;"Košický kraj";4;0;0;0;NA;88202;4;2020-04-12;100
2020-04-11;"Košický kraj";2;0;0;0;NA;88202;2;2020-04-11;96
2020-04-10;"Košický kraj";1;0;0;0;NA;88202;1;2020-04-10;94
2020-04-09;"Košický kraj";4;0;0;0;NA;88202;4;2020-04-09;93
2020-04-08;"Košický kraj";5;0;0;0;NA;88202;5;2020-04-08;89
2020-04-07;"Košický kraj";34;0;0;0;NA;88202;34;2020-04-07;84
2020-04-06;"Košický kraj";6;0;0;0;NA;88202;6;2020-04-06;50
2020-04-05;"Košický kraj";4;0;0;0;NA;88202;4;2020-04-05;44
2020-04-04;"Košický kraj";5;0;0;0;NA;88202;5;2020-04-04;40
2020-04-03;"Košický kraj";4;0;0;0;NA;88202;4;2020-04-03;35
2020-04-02;"Košický kraj";3;0;0;0;NA;88202;3;2020-04-02;31
2020-04-01;"Košický kraj";3;0;0;0;NA;88202;3;2020-04-01;28
2020-03-31;"Košický kraj";1;0;0;0;NA;88202;1;2020-03-31;25
2020-03-30;"Košický kraj";5;0;0;0;NA;88202;5;2020-03-30;24
2020-03-28;"Košický kraj";1;0;0;0;NA;88202;1;2020-03-28;19
2020-03-27;"Košický kraj";1;0;0;0;NA;88202;1;2020-03-27;18
2020-03-26;"Košický kraj";3;0;0;0;NA;88202;3;2020-03-26;17
2020-03-25;"Košický kraj";2;0;0;0;NA;88202;2;2020-03-25;14
2020-03-23;"Košický kraj";2;0;0;0;NA;88202;2;2020-03-23;12
2020-03-21;"Košický kraj";3;0;0;0;NA;88202;3;2020-03-21;10
2020-03-20;"Košický kraj";1;0;0;0;NA;88202;1;2020-03-20;7
2020-03-16;"Košický kraj";3;0;0;0;NA;88202;3;2020-03-16;6
2020-03-15;"Košický kraj";1;0;0;0;NA;88202;1;2020-03-15;3
2020-03-13;"Košický kraj";2;0;0;0;NA;88202;2;2020-03-13;2
2020-03-09;"Košický kraj";1;0;0;0;NA;88202;1;2020-03-09;0
2021-03-30;"Nitriansky kraj";125;13991;66;14057;37375;159625;191;2021-03-30;159625
2021-03-30;"Nitriansky kraj";125;13991;66;14057;72328;159625;191;2021-03-30;159434
2021-03-29;"Nitriansky kraj";81;23344;98;23442;NA;159625;179;2021-03-29;159243
2021-03-28;"Nitriansky kraj";6;15329;27;15356;NA;159625;33;2021-03-28;159064
2021-03-27;"Nitriansky kraj";39;87383;146;87529;NA;159625;185;2021-03-27;159031
2021-03-26;"Nitriansky kraj";90;40409;115;40524;NA;159625;205;2021-03-26;158846
2021-03-25;"Nitriansky kraj";95;18723;94;18817;NA;159625;189;2021-03-25;158641
2021-03-24;"Nitriansky kraj";90;14781;91;14872;NA;159625;181;2021-03-24;158452
2021-03-23;"Nitriansky kraj";167;16979;67;17046;NA;159625;234;2021-03-23;158271
2021-03-22;"Nitriansky kraj";101;23719;124;23843;NA;159625;225;2021-03-22;158037
2021-03-21;"Nitriansky kraj";27;26335;81;26416;NA;159625;108;2021-03-21;157812
2021-03-20;"Nitriansky kraj";36;98669;204;98873;NA;159625;240;2021-03-20;157704
2021-03-19;"Nitriansky kraj";76;36691;98;36789;NA;159625;174;2021-03-19;157464
2021-03-18;"Nitriansky kraj";103;19338;110;19448;NA;159625;213;2021-03-18;157290
2021-03-17;"Nitriansky kraj";87;15832;127;15959;NA;159625;214;2021-03-17;157077
2021-03-16;"Nitriansky kraj";172;18468;124;18592;NA;159625;296;2021-03-16;156863
2021-03-15;"Nitriansky kraj";130;24165;165;24330;NA;159625;295;2021-03-15;156567
2021-03-14;"Nitriansky kraj";3;13797;28;13825;NA;159625;31;2021-03-14;156272
2021-03-13;"Nitriansky kraj";65;111706;238;111944;NA;159625;303;2021-03-13;156241
2021-03-12;"Nitriansky kraj";127;40499;155;40654;NA;159625;282;2021-03-12;155938
2021-03-11;"Nitriansky kraj";131;18879;132;19011;NA;159625;263;2021-03-11;155656
2021-03-10;"Nitriansky kraj";96;17251;143;17394;NA;159625;239;2021-03-10;155393
2021-03-09;"Nitriansky kraj";260;17665;149;17814;NA;159625;409;2021-03-09;155154
2021-03-08;"Nitriansky kraj";145;27441;172;27613;NA;159625;317;2021-03-08;154745
2021-03-07;"Nitriansky kraj";48;37382;136;37518;NA;159625;184;2021-03-07;154428
2021-03-06;"Nitriansky kraj";86;110090;321;110411;NA;159625;407;2021-03-06;154244
2021-03-05;"Nitriansky kraj";133;38819;198;39017;NA;159625;331;2021-03-05;153837
2021-03-04;"Nitriansky kraj";176;17773;172;17945;NA;159625;348;2021-03-04;153506
2021-03-03;"Nitriansky kraj";172;16976;174;17150;NA;159625;346;2021-03-03;153158
2021-03-02;"Nitriansky kraj";274;20994;366;21360;NA;159625;640;2021-03-02;152812
2021-03-01;"Nitriansky kraj";133;27880;280;28160;NA;159625;413;2021-03-01;152172
2021-02-28;"Nitriansky kraj";80;40866;218;41084;NA;159625;298;2021-02-28;151759
2021-02-27;"Nitriansky kraj";101;98476;485;98961;NA;159625;586;2021-02-27;151461
2021-02-26;"Nitriansky kraj";109;36677;310;36987;NA;159625;419;2021-02-26;150875
2021-02-25;"Nitriansky kraj";188;15210;208;15418;NA;159625;396;2021-02-25;150456
2021-02-24;"Nitriansky kraj";125;13834;260;14094;NA;159625;385;2021-02-24;150060
2021-02-23;"Nitriansky kraj";273;15336;271;15607;NA;159625;544;2021-02-23;149675
2021-02-22;"Nitriansky kraj";154;24892;324;25216;NA;159625;478;2021-02-22;149131
2021-02-21;"Nitriansky kraj";22;38123;281;38404;NA;159625;303;2021-02-21;148653
2021-02-20;"Nitriansky kraj";128;108306;584;108890;NA;159625;712;2021-02-20;148350
2021-02-19;"Nitriansky kraj";173;36883;325;37208;NA;159625;498;2021-02-19;147638
2021-02-18;"Nitriansky kraj";202;16938;285;17223;NA;159625;487;2021-02-18;147140
2021-02-17;"Nitriansky kraj";198;11548;290;11838;NA;159625;488;2021-02-17;146653
2021-02-16;"Nitriansky kraj";284;14523;281;14804;NA;159625;565;2021-02-16;146165
2021-02-15;"Nitriansky kraj";122;26177;460;26637;NA;159625;582;2021-02-15;145600
2021-02-14;"Nitriansky kraj";8;34601;198;34799;NA;159625;206;2021-02-14;145018
2021-02-13;"Nitriansky kraj";127;110035;689;110724;NA;159625;816;2021-02-13;144812
2021-02-12;"Nitriansky kraj";162;33400;407;33807;NA;159625;569;2021-02-12;143996
2021-02-11;"Nitriansky kraj";195;12410;270;12680;NA;159625;465;2021-02-11;143427
2021-02-10;"Nitriansky kraj";186;17633;644;18277;NA;159625;830;2021-02-10;142962
2021-02-09;"Nitriansky kraj";260;18494;385;18879;NA;159625;645;2021-02-09;142132
2021-02-08;"Nitriansky kraj";177;39580;592;40172;NA;159625;769;2021-02-08;141487
2021-02-07;"Nitriansky kraj";20;49686;502;50188;NA;159625;522;2021-02-07;140718
2021-02-06;"Nitriansky kraj";129;101903;778;102681;NA;159625;907;2021-02-06;140196
2021-02-05;"Nitriansky kraj";244;32379;613;32992;NA;159625;857;2021-02-05;139289
2021-02-04;"Nitriansky kraj";308;15680;512;16192;NA;159625;820;2021-02-04;138432
2021-02-03;"Nitriansky kraj";191;11493;362;11855;NA;159625;553;2021-02-03;137612
2021-02-02;"Nitriansky kraj";327;17769;371;18140;NA;159625;698;2021-02-02;137059
2021-02-01;"Nitriansky kraj";221;24048;459;24507;NA;159625;680;2021-02-01;136361
2021-01-31;"Nitriansky kraj";9;22797;242;23039;NA;159625;251;2021-01-31;135681
2021-01-30;"Nitriansky kraj";152;90392;930;91322;NA;159625;1082;2021-01-30;135430
2021-01-29;"Nitriansky kraj";302;23757;488;24245;NA;159625;790;2021-01-29;134348
2021-01-28;"Nitriansky kraj";269;11370;398;11768;NA;159625;667;2021-01-28;133558
2021-01-27;"Nitriansky kraj";235;6759;299;7058;NA;159625;534;2021-01-27;132891
2021-01-26;"Nitriansky kraj";345;16036;454;16490;NA;159625;799;2021-01-26;132357
2021-01-25;"Nitriansky kraj";201;21729;429;22158;NA;159625;630;2021-01-25;131558
2021-01-24;"Nitriansky kraj";12;64769;642;65411;NA;159625;654;2021-01-24;130928
2021-01-23;"Nitriansky kraj";277;96435;1431;97866;NA;159625;1708;2021-01-23;130274
2021-01-22;"Nitriansky kraj";139;35406;614;36020;NA;159625;753;2021-01-22;128566
2021-01-21;"Nitriansky kraj";305;14649;412;15061;NA;159625;717;2021-01-21;127813
2021-01-20;"Nitriansky kraj";326;12185;638;12823;NA;159625;964;2021-01-20;127096
2021-01-19;"Nitriansky kraj";344;11022;633;11655;NA;159625;977;2021-01-19;126132
2021-01-18;"Nitriansky kraj";367;8672;511;9183;NA;159625;878;2021-01-18;125155
2021-01-17;"Nitriansky kraj";97;15061;275;15336;NA;159625;372;2021-01-17;124277
2021-01-16;"Nitriansky kraj";64;36174;646;36820;NA;159625;710;2021-01-16;123905
2021-01-15;"Nitriansky kraj";373;15940;474;16414;NA;159625;847;2021-01-15;123195
2021-01-14;"Nitriansky kraj";627;10577;452;11029;NA;159625;1079;2021-01-14;122348
2021-01-13;"Nitriansky kraj";663;9234;484;9718;NA;159625;1147;2021-01-13;121269
2021-01-12;"Nitriansky kraj";642;9014;557;9571;NA;159625;1199;2021-01-12;120122
2021-01-11;"Nitriansky kraj";422;8624;556;9180;NA;159625;978;2021-01-11;118923
2021-01-10;"Nitriansky kraj";44;19841;730;20571;NA;159625;774;2021-01-10;117945
2021-01-09;"Nitriansky kraj";532;36823;1071;37894;NA;159625;1603;2021-01-09;117171
2021-01-08;"Nitriansky kraj";817;14293;711;15004;NA;159625;1528;2021-01-08;115568
2021-01-07;"Nitriansky kraj";438;10820;823;11643;NA;159625;1261;2021-01-07;114040
2021-01-06;"Nitriansky kraj";259;3192;197;3389;NA;159625;456;2021-01-06;112779
2021-01-05;"Nitriansky kraj";732;8901;1202;10103;NA;159625;1934;2021-01-05;112323
2021-01-04;"Nitriansky kraj";362;8692;1329;10021;NA;159625;1691;2021-01-04;110389
2021-01-03;"Nitriansky kraj";42;84;20;104;NA;159625;62;2021-01-03;108698
2021-01-02;"Nitriansky kraj";249;1090;26;1116;NA;159625;275;2021-01-02;108636
2021-01-01;"Nitriansky kraj";119;671;94;765;NA;159625;213;2021-01-01;108361
2020-12-31;"Nitriansky kraj";786;7646;962;8608;NA;159625;1748;2020-12-31;108148
2020-12-30;"Nitriansky kraj";1094;9619;1165;10784;NA;159625;2259;2020-12-30;106400
2020-12-29;"Nitriansky kraj";607;8277;1286;9563;NA;159625;1893;2020-12-29;104141
2020-12-28;"Nitriansky kraj";83;6981;1271;8252;NA;159625;1354;2020-12-28;102248
2020-12-27;"Nitriansky kraj";22;36;2;38;NA;159625;24;2020-12-27;100894
2020-12-26;"Nitriansky kraj";54;297;56;353;NA;159625;110;2020-12-26;100870
2020-12-25;"Nitriansky kraj";35;47;5;52;NA;159625;40;2020-12-25;100760
2020-12-24;"Nitriansky kraj";514;1861;176;2037;NA;159625;690;2020-12-24;100720
2020-12-23;"Nitriansky kraj";349;15295;843;16138;NA;159625;1192;2020-12-23;100030
2020-12-22;"Nitriansky kraj";673;10987;994;11981;NA;159625;1667;2020-12-22;98838
2020-12-21;"Nitriansky kraj";128;7953;976;8929;NA;159625;1104;2020-12-21;97171
2020-12-20;"Nitriansky kraj";77;50;10;60;NA;159625;87;2020-12-20;96067
2020-12-19;"Nitriansky kraj";262;2259;159;2418;NA;159625;421;2020-12-19;95980
2020-12-18;"Nitriansky kraj";512;8437;551;8988;NA;159625;1063;2020-12-18;95559
2020-12-17;"Nitriansky kraj";586;6894;514;7408;NA;159625;1100;2020-12-17;94496
2020-12-16;"Nitriansky kraj";357;8785;546;9331;NA;159625;903;2020-12-16;93396
2020-12-15;"Nitriansky kraj";461;9365;769;10134;NA;159625;1230;2020-12-15;92493
2020-12-14;"Nitriansky kraj";217;8089;827;8916;NA;159625;1044;2020-12-14;91263
2020-12-13;"Nitriansky kraj";12;9;1;10;NA;159625;13;2020-12-13;90219
2020-12-12;"Nitriansky kraj";341;1832;125;1957;NA;159625;466;2020-12-12;90206
2020-12-11;"Nitriansky kraj";409;5587;427;6014;NA;159625;836;2020-12-11;89740
2020-12-10;"Nitriansky kraj";360;5636;364;6000;NA;159625;724;2020-12-10;88904
2020-12-09;"Nitriansky kraj";362;5726;542;6268;NA;159625;904;2020-12-09;88180
2020-12-08;"Nitriansky kraj";340;8766;611;9377;NA;159625;951;2020-12-08;87276
2020-12-07;"Nitriansky kraj";139;6243;573;6816;NA;159625;712;2020-12-07;86325
2020-12-06;"Nitriansky kraj";15;89;4;93;NA;159625;19;2020-12-06;85613
2020-12-05;"Nitriansky kraj";136;618;14;632;NA;159625;150;2020-12-05;85594
2020-12-04;"Nitriansky kraj";232;3047;86;3133;NA;159625;318;2020-12-04;85444
2020-12-03;"Nitriansky kraj";248;2599;127;2726;NA;159625;375;2020-12-03;85126
2020-12-02;"Nitriansky kraj";252;3733;163;3896;NA;159625;415;2020-12-02;84751
2020-12-01;"Nitriansky kraj";331;2941;133;3074;NA;159625;464;2020-12-01;84336
2020-11-30;"Nitriansky kraj";91;4836;207;5043;NA;159625;298;2020-11-30;83872
2020-11-29;"Nitriansky kraj";3;620;42;662;NA;159625;45;2020-11-29;83574
2020-11-28;"Nitriansky kraj";135;892;31;923;NA;159625;166;2020-11-28;83529
2020-11-27;"Nitriansky kraj";177;1229;43;1272;NA;159625;220;2020-11-27;83363
2020-11-26;"Nitriansky kraj";191;2262;57;2319;NA;159625;248;2020-11-26;83143
2020-11-25;"Nitriansky kraj";325;1993;66;2059;NA;159625;391;2020-11-25;82895
2020-11-24;"Nitriansky kraj";147;1141;50;1191;NA;159625;197;2020-11-24;82504
2020-11-23;"Nitriansky kraj";102;9562;206;9768;NA;159625;308;2020-11-23;82307
2020-11-22;"Nitriansky kraj";7;0;0;0;NA;159625;7;2020-11-22;81999
2020-11-21;"Nitriansky kraj";86;1083;38;1121;NA;159625;124;2020-11-21;81992
2020-11-20;"Nitriansky kraj";264;4020;101;4121;NA;159625;365;2020-11-20;81868
2020-11-19;"Nitriansky kraj";185;2953;133;3086;NA;159625;318;2020-11-19;81503
2020-11-18;"Nitriansky kraj";188;2109;77;2186;NA;159625;265;2020-11-18;81185
2020-11-17;"Nitriansky kraj";178;596;29;625;NA;159625;207;2020-11-17;80920
2020-11-16;"Nitriansky kraj";139;1836;75;1911;NA;159625;214;2020-11-16;80713
2020-11-15;"Nitriansky kraj";14;10;1;11;NA;159625;15;2020-11-15;80499
2020-11-14;"Nitriansky kraj";114;1131;32;1163;NA;159625;146;2020-11-14;80484
2020-11-13;"Nitriansky kraj";210;936;46;982;NA;159625;256;2020-11-13;80338
2020-11-12;"Nitriansky kraj";256;1195;35;1230;NA;159625;291;2020-11-12;80082
2020-11-11;"Nitriansky kraj";279;1247;22;1269;NA;159625;301;2020-11-11;79791
2020-11-10;"Nitriansky kraj";192;2623;39;2662;NA;159625;231;2020-11-10;79490
2020-11-09;"Nitriansky kraj";128;3136;43;3179;NA;159625;171;2020-11-09;79259
2020-11-08;"Nitriansky kraj";43;1462;32;1494;NA;159625;75;2020-11-08;79088
2020-11-07;"Nitriansky kraj";130;1046;4;1050;NA;159625;134;2020-11-07;79013
2020-11-06;"Nitriansky kraj";210;2264;32;2296;NA;159625;242;2020-11-06;78879
2020-11-05;"Nitriansky kraj";178;295;12;307;NA;159625;190;2020-11-05;78637
2020-11-04;"Nitriansky kraj";211;297;16;313;NA;159625;227;2020-11-04;78447
2020-11-03;"Nitriansky kraj";216;435;25;460;NA;159625;241;2020-11-03;78220
2020-11-02;"Nitriansky kraj";171;4208;46;4254;NA;159625;217;2020-11-02;77979
2020-11-01;"Nitriansky kraj";130;2546;27;2573;NA;159625;157;2020-11-01;77762
2020-10-31;"Nitriansky kraj";261;10402;134;10536;NA;159625;395;2020-10-31;77605
2020-10-30;"Nitriansky kraj";204;2380;21;2401;NA;159625;225;2020-10-30;77210
2020-10-29;"Nitriansky kraj";293;841;39;880;NA;159625;332;2020-10-29;76985
2020-10-28;"Nitriansky kraj";216;608;59;667;NA;159625;275;2020-10-28;76653
2020-10-27;"Nitriansky kraj";296;550;47;597;NA;159625;343;2020-10-27;76378
2020-10-26;"Nitriansky kraj";69;633;56;689;NA;159625;125;2020-10-26;76035
2020-10-25;"Nitriansky kraj";50;40;6;46;NA;159625;56;2020-10-25;75910
2020-10-24;"Nitriansky kraj";169;237;11;248;NA;159625;180;2020-10-24;75854
2020-10-23;"Nitriansky kraj";282;762;41;803;NA;159625;323;2020-10-23;75674
2020-10-22;"Nitriansky kraj";137;444;39;483;NA;159625;176;2020-10-22;75351
2020-10-21;"Nitriansky kraj";146;208;3;211;NA;159625;149;2020-10-21;75175
2020-10-20;"Nitriansky kraj";197;78;6;84;NA;159625;203;2020-10-20;75026
2020-10-19;"Nitriansky kraj";148;79;1;80;NA;159625;149;2020-10-19;74823
2020-10-18;"Nitriansky kraj";22;0;0;0;NA;159625;22;2020-10-18;74674
2020-10-17;"Nitriansky kraj";67;0;0;0;NA;159625;67;2020-10-17;74652
2020-10-16;"Nitriansky kraj";133;28;3;31;NA;159625;136;2020-10-16;74585
2020-10-15;"Nitriansky kraj";106;31;2;33;NA;159625;108;2020-10-15;74449
2020-10-14;"Nitriansky kraj";80;22;4;26;NA;159625;84;2020-10-14;74341
2020-10-13;"Nitriansky kraj";101;82;2;84;NA;159625;103;2020-10-13;74257
2020-10-12;"Nitriansky kraj";36;0;0;0;NA;159625;36;2020-10-12;74154
2020-10-11;"Nitriansky kraj";8;0;0;0;NA;159625;8;2020-10-11;74118
2020-10-10;"Nitriansky kraj";107;0;0;0;NA;159625;107;2020-10-10;74110
2020-10-09;"Nitriansky kraj";120;0;0;0;NA;159625;120;2020-10-09;74003
2020-10-08;"Nitriansky kraj";132;0;0;0;NA;159625;132;2020-10-08;73883
2020-10-07;"Nitriansky kraj";81;0;0;0;NA;159625;81;2020-10-07;73751
2020-10-06;"Nitriansky kraj";48;0;0;0;NA;159625;48;2020-10-06;73670
2020-10-05;"Nitriansky kraj";20;0;0;0;NA;159625;20;2020-10-05;73622
2020-10-04;"Nitriansky kraj";17;0;0;0;NA;159625;17;2020-10-04;73602
2020-10-03;"Nitriansky kraj";96;0;0;0;NA;159625;96;2020-10-03;73585
2020-10-02;"Nitriansky kraj";108;0;0;0;NA;159625;108;2020-10-02;73489
2020-10-01;"Nitriansky kraj";95;0;0;0;NA;159625;95;2020-10-01;73381
2020-09-30;"Nitriansky kraj";100;0;0;0;NA;159625;100;2020-09-30;73286
2020-09-29;"Nitriansky kraj";50;0;0;0;NA;159625;50;2020-09-29;73186
2020-09-28;"Nitriansky kraj";22;0;0;0;NA;159625;22;2020-09-28;73136
2020-09-27;"Nitriansky kraj";16;0;0;0;NA;159625;16;2020-09-27;73114
2020-09-26;"Nitriansky kraj";64;0;0;0;NA;159625;64;2020-09-26;73098
2020-09-25;"Nitriansky kraj";90;0;0;0;NA;159625;90;2020-09-25;73034
2020-09-24;"Nitriansky kraj";51;0;0;0;NA;159625;51;2020-09-24;72944
2020-09-23;"Nitriansky kraj";70;0;0;0;NA;159625;70;2020-09-23;72893
2020-09-22;"Nitriansky kraj";18;0;0;0;NA;159625;18;2020-09-22;72823
2020-09-21;"Nitriansky kraj";10;0;0;0;NA;159625;10;2020-09-21;72805
2020-09-20;"Nitriansky kraj";4;0;0;0;NA;159625;4;2020-09-20;72795
2020-09-19;"Nitriansky kraj";14;0;0;0;NA;159625;14;2020-09-19;72791
2020-09-18;"Nitriansky kraj";19;0;0;0;NA;159625;19;2020-09-18;72777
2020-09-17;"Nitriansky kraj";30;0;0;0;NA;159625;30;2020-09-17;72758
2020-09-16;"Nitriansky kraj";6;0;0;0;NA;159625;6;2020-09-16;72728
2020-09-15;"Nitriansky kraj";19;0;0;0;NA;159625;19;2020-09-15;72722
2020-09-14;"Nitriansky kraj";28;0;0;0;NA;159625;28;2020-09-14;72703
2020-09-13;"Nitriansky kraj";3;0;0;0;NA;159625;3;2020-09-13;72675
2020-09-12;"Nitriansky kraj";12;0;0;0;NA;159625;12;2020-09-12;72672
2020-09-11;"Nitriansky kraj";23;0;0;0;NA;159625;23;2020-09-11;72660
2020-09-10;"Nitriansky kraj";29;0;0;0;NA;159625;29;2020-09-10;72637
2020-09-09;"Nitriansky kraj";19;0;0;0;NA;159625;19;2020-09-09;72608
2020-09-08;"Nitriansky kraj";17;0;0;0;NA;159625;17;2020-09-08;72589
2020-09-07;"Nitriansky kraj";17;0;0;0;NA;159625;17;2020-09-07;72572
2020-09-05;"Nitriansky kraj";22;0;0;0;NA;159625;22;2020-09-05;72555
2020-09-04;"Nitriansky kraj";34;0;0;0;NA;159625;34;2020-09-04;72533
2020-09-03;"Nitriansky kraj";15;0;0;0;NA;159625;15;2020-09-03;72499
2020-09-02;"Nitriansky kraj";15;0;0;0;NA;159625;15;2020-09-02;72484
2020-09-01;"Nitriansky kraj";2;0;0;0;NA;159625;2;2020-09-01;72469
2020-08-31;"Nitriansky kraj";12;0;0;0;NA;159625;12;2020-08-31;72467
2020-08-30;"Nitriansky kraj";1;0;0;0;NA;159625;1;2020-08-30;72455
2020-08-29;"Nitriansky kraj";7;0;0;0;NA;159625;7;2020-08-29;72454
2020-08-28;"Nitriansky kraj";12;0;0;0;NA;159625;12;2020-08-28;72447
2020-08-27;"Nitriansky kraj";12;0;0;0;NA;159625;12;2020-08-27;72435
2020-08-26;"Nitriansky kraj";4;0;0;0;NA;159625;4;2020-08-26;72423
2020-08-25;"Nitriansky kraj";8;0;0;0;NA;159625;8;2020-08-25;72419
2020-08-24;"Nitriansky kraj";1;0;0;0;NA;159625;1;2020-08-24;72411
2020-08-23;"Nitriansky kraj";1;0;0;0;NA;159625;1;2020-08-23;72410
2020-08-22;"Nitriansky kraj";2;0;0;0;NA;159625;2;2020-08-22;72409
2020-08-20;"Nitriansky kraj";7;0;0;0;NA;159625;7;2020-08-20;72407
2020-08-19;"Nitriansky kraj";1;0;0;0;NA;159625;1;2020-08-19;72400
2020-08-18;"Nitriansky kraj";2;0;0;0;NA;159625;2;2020-08-18;72399
2020-08-17;"Nitriansky kraj";1;0;0;0;NA;159625;1;2020-08-17;72397
2020-08-15;"Nitriansky kraj";2;0;0;0;NA;159625;2;2020-08-15;72396
2020-08-14;"Nitriansky kraj";1;0;0;0;NA;159625;1;2020-08-14;72394
2020-08-13;"Nitriansky kraj";4;0;0;0;NA;159625;4;2020-08-13;72393
2020-08-11;"Nitriansky kraj";1;0;0;0;NA;159625;1;2020-08-11;72389
2020-08-07;"Nitriansky kraj";4;0;0;0;NA;159625;4;2020-08-07;72388
2020-08-06;"Nitriansky kraj";4;0;0;0;NA;159625;4;2020-08-06;72384
2020-08-04;"Nitriansky kraj";7;0;0;0;NA;159625;7;2020-08-04;72380
2020-07-24;"Nitriansky kraj";1;0;0;0;NA;159625;1;2020-07-24;72373
2020-07-23;"Nitriansky kraj";3;0;0;0;NA;159625;3;2020-07-23;72372
2020-07-22;"Nitriansky kraj";2;0;0;0;NA;159625;2;2020-07-22;72369
2020-07-21;"Nitriansky kraj";14;0;0;0;NA;159625;14;2020-07-21;72367
2020-07-20;"Nitriansky kraj";11;0;0;0;NA;159625;11;2020-07-20;72353
2020-07-16;"Nitriansky kraj";4;0;0;0;NA;159625;4;2020-07-16;72342
2020-07-15;"Nitriansky kraj";5;0;0;0;NA;159625;5;2020-07-15;72338
2020-07-09;"Nitriansky kraj";1;0;0;0;NA;159625;1;2020-07-09;72333
2020-07-08;"Nitriansky kraj";2;0;0;0;NA;159625;2;2020-07-08;72332
2020-07-01;"Nitriansky kraj";3;0;0;0;NA;159625;3;2020-07-01;72330
2020-06-24;"Nitriansky kraj";1;0;0;0;NA;159625;1;2020-06-24;72327
2020-06-10;"Nitriansky kraj";1;0;0;0;NA;159625;1;2020-06-10;72326
2020-06-09;"Nitriansky kraj";1;0;0;0;NA;159625;1;2020-06-09;72325
2020-06-02;"Nitriansky kraj";1;0;0;0;NA;159625;1;2020-06-02;72324
2020-05-24;"Nitriansky kraj";2;0;0;0;NA;159625;2;2020-05-24;72323
2020-05-22;"Nitriansky kraj";1;0;0;0;NA;159625;1;2020-05-22;72321
2020-05-15;"Nitriansky kraj";1;0;0;0;NA;159625;1;2020-05-15;72320
2020-05-11;"Nitriansky kraj";2;0;0;0;NA;159625;2;2020-05-11;72319
2020-05-07;"Nitriansky kraj";1;0;0;0;NA;159625;1;2020-05-07;72317
2020-05-06;"Nitriansky kraj";9;0;0;0;NA;159625;9;2020-05-06;72316
2020-05-04;"Nitriansky kraj";5;0;0;0;NA;159625;5;2020-05-04;72307
2020-05-03;"Nitriansky kraj";2;0;0;0;NA;159625;2;2020-05-03;72302
2020-05-01;"Nitriansky kraj";1;0;0;0;NA;159625;1;2020-05-01;72300
2020-04-28;"Nitriansky kraj";1;0;0;0;NA;159625;1;2020-04-28;72299
2020-04-23;"Nitriansky kraj";3;0;0;0;NA;159625;3;2020-04-23;72298
2020-04-22;"Nitriansky kraj";16;0;0;0;NA;159625;16;2020-04-22;72295
2020-04-21;"Nitriansky kraj";6;0;0;0;NA;159625;6;2020-04-21;72279
2020-04-20;"Nitriansky kraj";5;0;0;0;NA;159625;5;2020-04-20;72273
2020-04-17;"Nitriansky kraj";7;0;0;0;NA;159625;7;2020-04-17;72268
2020-04-15;"Nitriansky kraj";6;0;0;0;NA;159625;6;2020-04-15;72261
2020-04-14;"Nitriansky kraj";2;0;0;0;NA;159625;2;2020-04-14;72255
2020-04-13;"Nitriansky kraj";1;0;0;0;NA;159625;1;2020-04-13;72253
2020-04-12;"Nitriansky kraj";3;0;0;0;NA;159625;3;2020-04-12;72252
2020-04-11;"Nitriansky kraj";1;0;0;0;NA;159625;1;2020-04-11;72249
2020-04-10;"Nitriansky kraj";1;0;0;0;NA;159625;1;2020-04-10;72248
2020-04-08;"Nitriansky kraj";2;0;0;0;NA;159625;2;2020-04-08;72247
2020-04-07;"Nitriansky kraj";3;0;0;0;NA;159625;3;2020-04-07;72245
2020-04-06;"Nitriansky kraj";4;0;0;0;NA;159625;4;2020-04-06;72242
2020-04-05;"Nitriansky kraj";5;0;0;0;NA;159625;5;2020-04-05;72238
2020-04-02;"Nitriansky kraj";1;0;0;0;NA;159625;1;2020-04-02;72233
2020-03-31;"Nitriansky kraj";3;0;0;0;NA;159625;3;2020-03-31;72232
2020-03-30;"Nitriansky kraj";3;0;0;0;NA;159625;3;2020-03-30;72229
2020-03-29;"Nitriansky kraj";3;0;0;0;NA;159625;3;2020-03-29;72226
2020-03-28;"Nitriansky kraj";1;0;0;0;NA;159625;1;2020-03-28;72223
2020-03-27;"Nitriansky kraj";1;0;0;0;NA;159625;1;2020-03-27;72222
2020-03-26;"Nitriansky kraj";1;0;0;0;NA;159625;1;2020-03-26;72221
2020-03-25;"Nitriansky kraj";1;0;0;0;NA;159625;1;2020-03-25;72220
2020-03-23;"Nitriansky kraj";2;0;0;0;NA;159625;2;2020-03-23;72219
2020-03-22;"Nitriansky kraj";2;0;0;0;NA;159625;2;2020-03-22;72217
2020-03-21;"Nitriansky kraj";2;0;0;0;NA;159625;2;2020-03-21;72215
2020-03-20;"Nitriansky kraj";1;0;0;0;NA;159625;1;2020-03-20;72213
2020-03-19;"Nitriansky kraj";1;0;0;0;NA;159625;1;2020-03-19;72212
2020-03-18;"Nitriansky kraj";2;0;0;0;NA;159625;2;2020-03-18;72211
2020-03-17;"Nitriansky kraj";1;0;0;0;NA;159625;1;2020-03-17;72209
2020-03-15;"Nitriansky kraj";4;0;0;0;NA;159625;4;2020-03-15;72208
2020-03-14;"Nitriansky kraj";1;0;0;0;NA;159625;1;2020-03-14;72204
2021-03-30;"Prešovský kraj";374;17557;222;17779;53987;99343;596;2021-03-30;99343
2021-03-29;"Prešovský kraj";219;23130;193;23323;NA;99343;412;2021-03-29;98747
2021-03-28;"Prešovský kraj";26;37653;212;37865;NA;99343;238;2021-03-28;98335
2021-03-27;"Prešovský kraj";181;86346;361;86707;NA;99343;542;2021-03-27;98097
2021-03-26;"Prešovský kraj";310;46848;294;47142;NA;99343;604;2021-03-26;97555
2021-03-25;"Prešovský kraj";248;21337;207;21544;NA;99343;455;2021-03-25;96951
2021-03-24;"Prešovský kraj";381;18800;198;18998;NA;99343;579;2021-03-24;96496
2021-03-23;"Prešovský kraj";241;19875;253;20128;NA;99343;494;2021-03-23;95917
2021-03-22;"Prešovský kraj";299;28080;283;28363;NA;99343;582;2021-03-22;95423
2021-03-21;"Prešovský kraj";32;40795;235;41030;NA;99343;267;2021-03-21;94841
2021-03-20;"Prešovský kraj";180;84983;401;85384;NA;99343;581;2021-03-20;94574
2021-03-19;"Prešovský kraj";373;46089;320;46409;NA;99343;693;2021-03-19;93993
2021-03-18;"Prešovský kraj";251;21641;217;21858;NA;99343;468;2021-03-18;93300
2021-03-17;"Prešovský kraj";331;21016;230;21246;NA;99343;561;2021-03-17;92832
2021-03-16;"Prešovský kraj";461;20755;274;21029;NA;99343;735;2021-03-16;92271
2021-03-15;"Prešovský kraj";370;28382;316;28698;NA;99343;686;2021-03-15;91536
2021-03-14;"Prešovský kraj";52;38690;295;38985;NA;99343;347;2021-03-14;90850
2021-03-13;"Prešovský kraj";200;89172;519;89691;NA;99343;719;2021-03-13;90503
2021-03-12;"Prešovský kraj";425;47011;367;47378;NA;99343;792;2021-03-12;89784
2021-03-11;"Prešovský kraj";463;21770;253;22023;NA;99343;716;2021-03-11;88992
2021-03-10;"Prešovský kraj";325;20574;293;20867;NA;99343;618;2021-03-10;88276
2021-03-09;"Prešovský kraj";505;21685;290;21975;NA;99343;795;2021-03-09;87658
2021-03-08;"Prešovský kraj";314;27796;328;28124;NA;99343;642;2021-03-08;86863
2021-03-07;"Prešovský kraj";19;22329;193;22522;NA;99343;212;2021-03-07;86221
2021-03-06;"Prešovský kraj";193;95102;589;95691;NA;99343;782;2021-03-06;86009
2021-03-05;"Prešovský kraj";497;44705;375;45080;NA;99343;872;2021-03-05;85227
2021-03-04;"Prešovský kraj";372;22246;357;22603;NA;99343;729;2021-03-04;84355
2021-03-03;"Prešovský kraj";397;21108;326;21434;NA;99343;723;2021-03-03;83626
2021-03-02;"Prešovský kraj";421;22315;355;22670;NA;99343;776;2021-03-02;82903
2021-03-01;"Prešovský kraj";303;27410;406;27816;NA;99343;709;2021-03-01;82127
2021-02-28;"Prešovský kraj";75;35933;283;36216;NA;99343;358;2021-02-28;81418
2021-02-27;"Prešovský kraj";273;88154;721;88875;NA;99343;994;2021-02-27;81060
2021-02-26;"Prešovský kraj";455;40897;438;41335;NA;99343;893;2021-02-26;80066
2021-02-25;"Prešovský kraj";270;19310;335;19645;NA;99343;605;2021-02-25;79173
2021-02-24;"Prešovský kraj";328;18591;372;18963;NA;99343;700;2021-02-24;78568
2021-02-23;"Prešovský kraj";430;20754;338;21092;NA;99343;768;2021-02-23;77868
2021-02-22;"Prešovský kraj";351;26801;351;27152;NA;99343;702;2021-02-22;77100
2021-02-21;"Prešovský kraj";66;29477;273;29750;NA;99343;339;2021-02-21;76398
2021-02-20;"Prešovský kraj";129;58956;425;59381;NA;99343;554;2021-02-20;76059
2021-02-19;"Prešovský kraj";381;38024;419;38443;NA;99343;800;2021-02-19;75505
2021-02-18;"Prešovský kraj";268;16637;310;16947;NA;99343;578;2021-02-18;74705
2021-02-17;"Prešovský kraj";293;17293;241;17534;NA;99343;534;2021-02-17;74127
2021-02-16;"Prešovský kraj";422;18356;258;18614;NA;99343;680;2021-02-16;73593
2021-02-15;"Prešovský kraj";211;30475;297;30772;NA;99343;508;2021-02-15;72913
2021-02-14;"Prešovský kraj";27;32234;273;32507;NA;99343;300;2021-02-14;72405
2021-02-13;"Prešovský kraj";157;73367;389;73756;NA;99343;546;2021-02-13;72105
2021-02-12;"Prešovský kraj";308;38563;361;38924;NA;99343;669;2021-02-12;71559
2021-02-11;"Prešovský kraj";218;15096;221;15317;NA;99343;439;2021-02-11;70890
2021-02-10;"Prešovský kraj";220;18149;277;18426;NA;99343;497;2021-02-10;70451
2021-02-09;"Prešovský kraj";323;21180;368;21548;NA;99343;691;2021-02-09;69954
2021-02-08;"Prešovský kraj";161;36854;255;37109;NA;99343;416;2021-02-08;69263
2021-02-07;"Prešovský kraj";21;24174;157;24331;NA;99343;178;2021-02-07;68847
2021-02-06;"Prešovský kraj";176;68507;355;68862;NA;99343;531;2021-02-06;68669
2021-02-05;"Prešovský kraj";177;29963;253;30216;NA;99343;430;2021-02-05;68138
2021-02-04;"Prešovský kraj";176;12754;230;12984;NA;99343;406;2021-02-04;67708
2021-02-03;"Prešovský kraj";251;8121;229;8350;NA;99343;480;2021-02-03;67302
2021-02-02;"Prešovský kraj";249;11854;272;12126;NA;99343;521;2021-02-02;66822
2021-02-01;"Prešovský kraj";220;15863;314;16177;NA;99343;534;2021-02-01;66301
2021-01-31;"Prešovský kraj";42;1623;38;1661;NA;99343;80;2021-01-31;65767
2021-01-30;"Prešovský kraj";142;23939;215;24154;NA;99343;357;2021-01-30;65687
2021-01-29;"Prešovský kraj";185;17924;326;18250;NA;99343;511;2021-01-29;65330
2021-01-28;"Prešovský kraj";311;8535;157;8692;NA;99343;468;2021-01-28;64819
2021-01-27;"Prešovský kraj";153;9742;144;9886;NA;99343;297;2021-01-27;64351
2021-01-26;"Prešovský kraj";252;16648;151;16799;NA;99343;403;2021-01-26;64054
2021-01-25;"Prešovský kraj";196;28381;248;28629;NA;99343;444;2021-01-25;63651
2021-01-24;"Prešovský kraj";12;29196;232;29428;NA;99343;244;2021-01-24;63207
2021-01-23;"Prešovský kraj";189;89996;436;90432;NA;99343;625;2021-01-23;62963
2021-01-22;"Prešovský kraj";187;34855;258;35113;NA;99343;445;2021-01-22;62338
2021-01-21;"Prešovský kraj";187;20172;210;20382;NA;99343;397;2021-01-21;61893
2021-01-20;"Prešovský kraj";253;14480;195;14675;NA;99343;448;2021-01-20;61496
2021-01-19;"Prešovský kraj";281;12346;305;12651;NA;99343;586;2021-01-19;61048
2021-01-18;"Prešovský kraj";203;10422;336;10758;NA;99343;539;2021-01-18;60462
2021-01-17;"Prešovský kraj";107;14391;1008;15399;NA;99343;1115;2021-01-17;59923
2021-01-16;"Prešovský kraj";72;1583;76;1659;NA;99343;148;2021-01-16;58808
2021-01-15;"Prešovský kraj";159;6664;232;6896;NA;99343;391;2021-01-15;58660
2021-01-14;"Prešovský kraj";268;5526;252;5778;NA;99343;520;2021-01-14;58269
2021-01-13;"Prešovský kraj";342;5547;218;5765;NA;99343;560;2021-01-13;57749
2021-01-12;"Prešovský kraj";455;8487;409;8896;NA;99343;864;2021-01-12;57189
2021-01-11;"Prešovský kraj";343;8351;479;8830;NA;99343;822;2021-01-11;56325
2021-01-10;"Prešovský kraj";63;476;23;499;NA;99343;86;2021-01-10;55503
2021-01-09;"Prešovský kraj";439;2248;125;2373;NA;99343;564;2021-01-09;55417
2021-01-08;"Prešovský kraj";430;10865;572;11437;NA;99343;1002;2021-01-08;54853
2021-01-07;"Prešovský kraj";268;7687;639;8326;NA;99343;907;2021-01-07;53851
2021-01-06;"Prešovský kraj";315;1484;134;1618;NA;99343;449;2021-01-06;52944
2021-01-05;"Prešovský kraj";655;11591;1003;12594;NA;99343;1658;2021-01-05;52495
2021-01-04;"Prešovský kraj";371;17185;1812;18997;NA;99343;2183;2021-01-04;50837
2021-01-03;"Prešovský kraj";89;257;37;294;NA;99343;126;2021-01-03;48654
2021-01-02;"Prešovský kraj";65;1556;160;1716;NA;99343;225;2021-01-02;48528
2021-01-01;"Prešovský kraj";174;914;70;984;NA;99343;244;2021-01-01;48303
2020-12-31;"Prešovský kraj";640;11959;783;12742;NA;99343;1423;2020-12-31;48059
2020-12-30;"Prešovský kraj";729;9065;802;9867;NA;99343;1531;2020-12-30;46636
2020-12-29;"Prešovský kraj";435;8777;904;9681;NA;99343;1339;2020-12-29;45105
2020-12-28;"Prešovský kraj";393;9046;1079;10125;NA;99343;1472;2020-12-28;43766
2020-12-27;"Prešovský kraj";40;571;39;610;NA;99343;79;2020-12-27;42294
2020-12-26;"Prešovský kraj";64;176;12;188;NA;99343;76;2020-12-26;42215
2020-12-25;"Prešovský kraj";208;267;10;277;NA;99343;218;2020-12-25;42139
2020-12-24;"Prešovský kraj";452;1214;85;1299;NA;99343;537;2020-12-24;41921
2020-12-23;"Prešovský kraj";361;11369;635;12004;NA;99343;996;2020-12-23;41384
2020-12-22;"Prešovský kraj";439;9371;710;10081;NA;99343;1149;2020-12-22;40388
2020-12-21;"Prešovský kraj";432;9911;880;10791;NA;99343;1312;2020-12-21;39239
2020-12-20;"Prešovský kraj";184;396;20;416;NA;99343;204;2020-12-20;37927
2020-12-19;"Prešovský kraj";276;1658;151;1809;NA;99343;427;2020-12-19;37723
2020-12-18;"Prešovský kraj";396;8845;595;9440;NA;99343;991;2020-12-18;37296
2020-12-17;"Prešovský kraj";427;10826;891;11717;NA;99343;1318;2020-12-17;36305
2020-12-16;"Prešovský kraj";466;6017;508;6525;NA;99343;974;2020-12-16;34987
2020-12-15;"Prešovský kraj";411;5685;584;6269;NA;99343;995;2020-12-15;34013
2020-12-14;"Prešovský kraj";334;5767;508;6275;NA;99343;842;2020-12-14;33018
2020-12-13;"Prešovský kraj";89;29;8;37;NA;99343;97;2020-12-13;32176
2020-12-12;"Prešovský kraj";319;2474;166;2640;NA;99343;485;2020-12-12;32079
2020-12-11;"Prešovský kraj";560;5602;402;6004;NA;99343;962;2020-12-11;31594
2020-12-10;"Prešovský kraj";337;5180;440;5620;NA;99343;777;2020-12-10;30632
2020-12-09;"Prešovský kraj";358;3832;277;4109;NA;99343;635;2020-12-09;29855
2020-12-08;"Prešovský kraj";350;6629;651;7280;NA;99343;1001;2020-12-08;29220
2020-12-07;"Prešovský kraj";309;3809;285;4094;NA;99343;594;2020-12-07;28219
2020-12-06;"Prešovský kraj";59;358;26;384;NA;99343;85;2020-12-06;27625
2020-12-05;"Prešovský kraj";218;984;87;1071;NA;99343;305;2020-12-05;27540
2020-12-04;"Prešovský kraj";352;4585;285;4870;NA;99343;637;2020-12-04;27235
2020-12-03;"Prešovský kraj";284;2456;179;2635;NA;99343;463;2020-12-03;26598
2020-12-02;"Prešovský kraj";232;2830;225;3055;NA;99343;457;2020-12-02;26135
2020-12-01;"Prešovský kraj";281;1884;196;2080;NA;99343;477;2020-12-01;25678
2020-11-30;"Prešovský kraj";196;5333;97;5430;NA;99343;293;2020-11-30;25201
2020-11-29;"Prešovský kraj";27;379;42;421;NA;99343;69;2020-11-29;24908
2020-11-28;"Prešovský kraj";199;682;62;744;NA;99343;261;2020-11-28;24839
2020-11-27;"Prešovský kraj";232;2135;119;2254;NA;99343;351;2020-11-27;24578
2020-11-26;"Prešovský kraj";263;2787;312;3099;NA;99343;575;2020-11-26;24227
2020-11-25;"Prešovský kraj";302;1642;78;1720;NA;99343;380;2020-11-25;23652
2020-11-24;"Prešovský kraj";365;1662;140;1802;NA;99343;505;2020-11-24;23272
2020-11-23;"Prešovský kraj";164;842;42;884;NA;99343;206;2020-11-23;22767
2020-11-22;"Prešovský kraj";46;30;1;31;NA;99343;47;2020-11-22;22561
2020-11-21;"Prešovský kraj";205;689;57;746;NA;99343;262;2020-11-21;22514
2020-11-20;"Prešovský kraj";363;2063;98;2161;NA;99343;461;2020-11-20;22252
2020-11-19;"Prešovský kraj";359;1973;229;2202;NA;99343;588;2020-11-19;21791
2020-11-18;"Prešovský kraj";270;373;32;405;NA;99343;302;2020-11-18;21203
2020-11-17;"Prešovský kraj";347;151;17;168;NA;99343;364;2020-11-17;20901
2020-11-16;"Prešovský kraj";226;382;51;433;NA;99343;277;2020-11-16;20537
2020-11-15;"Prešovský kraj";186;39;4;43;NA;99343;190;2020-11-15;20260
2020-11-14;"Prešovský kraj";261;54;4;58;NA;99343;265;2020-11-14;20070
2020-11-13;"Prešovský kraj";395;166;8;174;NA;99343;403;2020-11-13;19805
2020-11-12;"Prešovský kraj";397;229;50;279;NA;99343;447;2020-11-12;19402
2020-11-11;"Prešovský kraj";516;161;15;176;NA;99343;531;2020-11-11;18955
2020-11-10;"Prešovský kraj";437;197;9;206;NA;99343;446;2020-11-10;18424
2020-11-09;"Prešovský kraj";190;4106;945;5051;NA;99343;1135;2020-11-09;17978
2020-11-08;"Prešovský kraj";97;2817;32;2849;NA;99343;129;2020-11-08;16843
2020-11-07;"Prešovský kraj";416;8578;81;8659;NA;99343;497;2020-11-07;16714
2020-11-06;"Prešovský kraj";520;4791;76;4867;NA;99343;596;2020-11-06;16217
2020-11-05;"Prešovský kraj";397;180;5;185;NA;99343;402;2020-11-05;15621
2020-11-04;"Prešovský kraj";350;807;8;815;NA;99343;358;2020-11-04;15219
2020-11-03;"Prešovský kraj";565;98;12;110;NA;99343;577;2020-11-03;14861
2020-11-02;"Prešovský kraj";203;4158;1004;5162;NA;99343;1207;2020-11-02;14284
2020-11-01;"Prešovský kraj";386;2906;53;2959;NA;99343;439;2020-11-01;13077
2020-10-31;"Prešovský kraj";315;10497;170;10667;NA;99343;485;2020-10-31;12638
2020-10-30;"Prešovský kraj";552;2949;65;3014;NA;99343;617;2020-10-30;12153
2020-10-29;"Prešovský kraj";594;301;38;339;NA;99343;632;2020-10-29;11536
2020-10-28;"Prešovský kraj";617;291;46;337;NA;99343;663;2020-10-28;10904
2020-10-27;"Prešovský kraj";656;268;34;302;NA;99343;690;2020-10-27;10241
2020-10-26;"Prešovský kraj";137;363;57;420;NA;99343;194;2020-10-26;9551
2020-10-25;"Prešovský kraj";237;346;11;357;NA;99343;248;2020-10-25;9357
2020-10-24;"Prešovský kraj";719;200;12;212;NA;99343;731;2020-10-24;9109
2020-10-23;"Prešovský kraj";750;218;8;226;NA;99343;758;2020-10-23;8378
2020-10-22;"Prešovský kraj";646;396;30;426;NA;99343;676;2020-10-22;7620
2020-10-21;"Prešovský kraj";383;58;8;66;NA;99343;391;2020-10-21;6944
2020-10-20;"Prešovský kraj";493;65;7;72;NA;99343;500;2020-10-20;6553
2020-10-19;"Prešovský kraj";140;235;15;250;NA;99343;155;2020-10-19;6053
2020-10-18;"Prešovský kraj";209;0;0;0;NA;99343;209;2020-10-18;5898
2020-10-17;"Prešovský kraj";342;0;0;0;NA;99343;342;2020-10-17;5689
2020-10-16;"Prešovský kraj";388;57;3;60;NA;99343;391;2020-10-16;5347
2020-10-15;"Prešovský kraj";435;85;18;103;NA;99343;453;2020-10-15;4956
2020-10-14;"Prešovský kraj";451;54;10;64;NA;99343;461;2020-10-14;4503
2020-10-13;"Prešovský kraj";264;50;6;56;NA;99343;270;2020-10-13;4042
2020-10-12;"Prešovský kraj";214;334;35;369;NA;99343;249;2020-10-12;3772
2020-10-11;"Prešovský kraj";127;0;0;0;NA;99343;127;2020-10-11;3523
2020-10-10;"Prešovský kraj";248;0;0;0;NA;99343;248;2020-10-10;3396
2020-10-09;"Prešovský kraj";406;0;0;0;NA;99343;406;2020-10-09;3148
2020-10-08;"Prešovský kraj";245;0;0;0;NA;99343;245;2020-10-08;2742
2020-10-07;"Prešovský kraj";244;0;0;0;NA;99343;244;2020-10-07;2497
2020-10-06;"Prešovský kraj";166;0;0;0;NA;99343;166;2020-10-06;2253
2020-10-05;"Prešovský kraj";84;0;0;0;NA;99343;84;2020-10-05;2087
2020-10-04;"Prešovský kraj";118;0;0;0;NA;99343;118;2020-10-04;2003
2020-10-03;"Prešovský kraj";204;0;0;0;NA;99343;204;2020-10-03;1885
2020-10-02;"Prešovský kraj";149;0;0;0;NA;99343;149;2020-10-02;1681
2020-10-01;"Prešovský kraj";136;0;0;0;NA;99343;136;2020-10-01;1532
2020-09-30;"Prešovský kraj";121;0;0;0;NA;99343;121;2020-09-30;1396
2020-09-29;"Prešovský kraj";156;0;0;0;NA;99343;156;2020-09-29;1275
2020-09-28;"Prešovský kraj";51;0;0;0;NA;99343;51;2020-09-28;1119
2020-09-27;"Prešovský kraj";10;0;0;0;NA;99343;10;2020-09-27;1068
2020-09-26;"Prešovský kraj";72;0;0;0;NA;99343;72;2020-09-26;1058
2020-09-25;"Prešovský kraj";91;0;0;0;NA;99343;91;2020-09-25;986
2020-09-24;"Prešovský kraj";52;0;0;0;NA;99343;52;2020-09-24;895
2020-09-23;"Prešovský kraj";55;0;0;0;NA;99343;55;2020-09-23;843
2020-09-22;"Prešovský kraj";29;0;0;0;NA;99343;29;2020-09-22;788
2020-09-21;"Prešovský kraj";14;0;0;0;NA;99343;14;2020-09-21;759
2020-09-20;"Prešovský kraj";5;0;0;0;NA;99343;5;2020-09-20;745
2020-09-19;"Prešovský kraj";12;0;0;0;NA;99343;12;2020-09-19;740
2020-09-18;"Prešovský kraj";29;0;0;0;NA;99343;29;2020-09-18;728
2020-09-17;"Prešovský kraj";25;0;0;0;NA;99343;25;2020-09-17;699
2020-09-16;"Prešovský kraj";8;0;0;0;NA;99343;8;2020-09-16;674
2020-09-15;"Prešovský kraj";10;0;0;0;NA;99343;10;2020-09-15;666
2020-09-14;"Prešovský kraj";47;0;0;0;NA;99343;47;2020-09-14;656
2020-09-13;"Prešovský kraj";3;0;0;0;NA;99343;3;2020-09-13;609
2020-09-12;"Prešovský kraj";4;0;0;0;NA;99343;4;2020-09-12;606
2020-09-11;"Prešovský kraj";15;0;0;0;NA;99343;15;2020-09-11;602
2020-09-10;"Prešovský kraj";10;0;0;0;NA;99343;10;2020-09-10;587
2020-09-09;"Prešovský kraj";21;0;0;0;NA;99343;21;2020-09-09;577
2020-09-08;"Prešovský kraj";23;0;0;0;NA;99343;23;2020-09-08;556
2020-09-07;"Prešovský kraj";5;0;0;0;NA;99343;5;2020-09-07;533
2020-09-06;"Prešovský kraj";3;0;0;0;NA;99343;3;2020-09-06;528
2020-09-05;"Prešovský kraj";7;0;0;0;NA;99343;7;2020-09-05;525
2020-09-04;"Prešovský kraj";24;0;0;0;NA;99343;24;2020-09-04;518
2020-09-03;"Prešovský kraj";8;0;0;0;NA;99343;8;2020-09-03;494
2020-09-02;"Prešovský kraj";9;0;0;0;NA;99343;9;2020-09-02;486
2020-09-01;"Prešovský kraj";6;0;0;0;NA;99343;6;2020-09-01;477
2020-08-31;"Prešovský kraj";3;0;0;0;NA;99343;3;2020-08-31;471
2020-08-30;"Prešovský kraj";6;0;0;0;NA;99343;6;2020-08-30;468
2020-08-29;"Prešovský kraj";4;0;0;0;NA;99343;4;2020-08-29;462
2020-08-28;"Prešovský kraj";6;0;0;0;NA;99343;6;2020-08-28;458
2020-08-27;"Prešovský kraj";7;0;0;0;NA;99343;7;2020-08-27;452
2020-08-26;"Prešovský kraj";22;0;0;0;NA;99343;22;2020-08-26;445
2020-08-25;"Prešovský kraj";1;0;0;0;NA;99343;1;2020-08-25;423
2020-08-24;"Prešovský kraj";5;0;0;0;NA;99343;5;2020-08-24;422
2020-08-23;"Prešovský kraj";3;0;0;0;NA;99343;3;2020-08-23;417
2020-08-22;"Prešovský kraj";3;0;0;0;NA;99343;3;2020-08-22;414
2020-08-21;"Prešovský kraj";11;0;0;0;NA;99343;11;2020-08-21;411
2020-08-20;"Prešovský kraj";8;0;0;0;NA;99343;8;2020-08-20;400
2020-08-19;"Prešovský kraj";8;0;0;0;NA;99343;8;2020-08-19;392
2020-08-18;"Prešovský kraj";6;0;0;0;NA;99343;6;2020-08-18;384
2020-08-17;"Prešovský kraj";1;0;0;0;NA;99343;1;2020-08-17;378
2020-08-15;"Prešovský kraj";8;0;0;0;NA;99343;8;2020-08-15;377
2020-08-14;"Prešovský kraj";6;0;0;0;NA;99343;6;2020-08-14;369
2020-08-13;"Prešovský kraj";8;0;0;0;NA;99343;8;2020-08-13;363
2020-08-12;"Prešovský kraj";19;0;0;0;NA;99343;19;2020-08-12;355
2020-08-11;"Prešovský kraj";3;0;0;0;NA;99343;3;2020-08-11;336
2020-08-08;"Prešovský kraj";2;0;0;0;NA;99343;2;2020-08-08;333
2020-08-07;"Prešovský kraj";6;0;0;0;NA;99343;6;2020-08-07;331
2020-08-06;"Prešovský kraj";2;0;0;0;NA;99343;2;2020-08-06;325
2020-08-05;"Prešovský kraj";8;0;0;0;NA;99343;8;2020-08-05;323
2020-08-04;"Prešovský kraj";5;0;0;0;NA;99343;5;2020-08-04;315
2020-08-03;"Prešovský kraj";4;0;0;0;NA;99343;4;2020-08-03;310
2020-08-02;"Prešovský kraj";6;0;0;0;NA;99343;6;2020-08-02;306
2020-07-31;"Prešovský kraj";2;0;0;0;NA;99343;2;2020-07-31;300
2020-07-30;"Prešovský kraj";6;0;0;0;NA;99343;6;2020-07-30;298
2020-07-29;"Prešovský kraj";5;0;0;0;NA;99343;5;2020-07-29;292
2020-07-27;"Prešovský kraj";1;0;0;0;NA;99343;1;2020-07-27;287
2020-07-26;"Prešovský kraj";1;0;0;0;NA;99343;1;2020-07-26;286
2020-07-25;"Prešovský kraj";21;0;0;0;NA;99343;21;2020-07-25;285
2020-07-24;"Prešovský kraj";1;0;0;0;NA;99343;1;2020-07-24;264
2020-07-23;"Prešovský kraj";5;0;0;0;NA;99343;5;2020-07-23;263
2020-07-22;"Prešovský kraj";1;0;0;0;NA;99343;1;2020-07-22;258
2020-07-21;"Prešovský kraj";2;0;0;0;NA;99343;2;2020-07-21;257
2020-07-20;"Prešovský kraj";1;0;0;0;NA;99343;1;2020-07-20;255
2020-07-17;"Prešovský kraj";3;0;0;0;NA;99343;3;2020-07-17;254
2020-07-16;"Prešovský kraj";1;0;0;0;NA;99343;1;2020-07-16;251
2020-07-15;"Prešovský kraj";5;0;0;0;NA;99343;5;2020-07-15;250
2020-07-14;"Prešovský kraj";5;0;0;0;NA;99343;5;2020-07-14;245
2020-07-13;"Prešovský kraj";1;0;0;0;NA;99343;1;2020-07-13;240
2020-07-12;"Prešovský kraj";1;0;0;0;NA;99343;1;2020-07-12;239
2020-07-11;"Prešovský kraj";6;0;0;0;NA;99343;6;2020-07-11;238
2020-07-10;"Prešovský kraj";5;0;0;0;NA;99343;5;2020-07-10;232
2020-07-09;"Prešovský kraj";2;0;0;0;NA;99343;2;2020-07-09;227
2020-07-08;"Prešovský kraj";14;0;0;0;NA;99343;14;2020-07-08;225
2020-07-07;"Prešovský kraj";2;0;0;0;NA;99343;2;2020-07-07;211
2020-07-04;"Prešovský kraj";1;0;0;0;NA;99343;1;2020-07-04;209
2020-07-03;"Prešovský kraj";3;0;0;0;NA;99343;3;2020-07-03;208
2020-06-30;"Prešovský kraj";7;0;0;0;NA;99343;7;2020-06-30;205
2020-06-27;"Prešovský kraj";3;0;0;0;NA;99343;3;2020-06-27;198
2020-06-26;"Prešovský kraj";3;0;0;0;NA;99343;3;2020-06-26;195
2020-06-24;"Prešovský kraj";4;0;0;0;NA;99343;4;2020-06-24;192
2020-06-19;"Prešovský kraj";1;0;0;0;NA;99343;1;2020-06-19;188
2020-06-16;"Prešovský kraj";6;0;0;0;NA;99343;6;2020-06-16;187
2020-06-12;"Prešovský kraj";1;0;0;0;NA;99343;1;2020-06-12;181
2020-06-02;"Prešovský kraj";1;0;0;0;NA;99343;1;2020-06-02;180
2020-05-31;"Prešovský kraj";1;0;0;0;NA;99343;1;2020-05-31;179
2020-05-21;"Prešovský kraj";1;0;0;0;NA;99343;1;2020-05-21;178
2020-05-13;"Prešovský kraj";1;0;0;0;NA;99343;1;2020-05-13;177
2020-05-11;"Prešovský kraj";1;0;0;0;NA;99343;1;2020-05-11;176
2020-05-05;"Prešovský kraj";1;0;0;0;NA;99343;1;2020-05-05;175
2020-05-01;"Prešovský kraj";2;0;0;0;NA;99343;2;2020-05-01;174
2020-04-29;"Prešovský kraj";1;0;0;0;NA;99343;1;2020-04-29;172
2020-04-28;"Prešovský kraj";1;0;0;0;NA;99343;1;2020-04-28;171
2020-04-27;"Prešovský kraj";2;0;0;0;NA;99343;2;2020-04-27;170
2020-04-23;"Prešovský kraj";2;0;0;0;NA;99343;2;2020-04-23;168
2020-04-22;"Prešovský kraj";11;0;0;0;NA;99343;11;2020-04-22;166
2020-04-21;"Prešovský kraj";12;0;0;0;NA;99343;12;2020-04-21;155
2020-04-20;"Prešovský kraj";2;0;0;0;NA;99343;2;2020-04-20;143
2020-04-19;"Prešovský kraj";4;0;0;0;NA;99343;4;2020-04-19;141
2020-04-18;"Prešovský kraj";1;0;0;0;NA;99343;1;2020-04-18;137
2020-04-17;"Prešovský kraj";4;0;0;0;NA;99343;4;2020-04-17;136
2020-04-16;"Prešovský kraj";9;0;0;0;NA;99343;9;2020-04-16;132
2020-04-15;"Prešovský kraj";21;0;0;0;NA;99343;21;2020-04-15;123
2020-04-14;"Prešovský kraj";1;0;0;0;NA;99343;1;2020-04-14;102
2020-04-13;"Prešovský kraj";2;0;0;0;NA;99343;2;2020-04-13;101
2020-04-12;"Prešovský kraj";6;0;0;0;NA;99343;6;2020-04-12;99
2020-04-11;"Prešovský kraj";4;0;0;0;NA;99343;4;2020-04-11;93
2020-04-09;"Prešovský kraj";1;0;0;0;NA;99343;1;2020-04-09;89
2020-04-07;"Prešovský kraj";7;0;0;0;NA;99343;7;2020-04-07;88
2020-04-06;"Prešovský kraj";10;0;0;0;NA;99343;10;2020-04-06;81
2020-04-05;"Prešovský kraj";13;0;0;0;NA;99343;13;2020-04-05;71
2020-04-04;"Prešovský kraj";1;0;0;0;NA;99343;1;2020-04-04;58
2020-04-03;"Prešovský kraj";4;0;0;0;NA;99343;4;2020-04-03;57
2020-04-02;"Prešovský kraj";6;0;0;0;NA;99343;6;2020-04-02;53
2020-04-01;"Prešovský kraj";6;0;0;0;NA;99343;6;2020-04-01;47
2020-03-31;"Prešovský kraj";6;0;0;0;NA;99343;6;2020-03-31;41
2020-03-30;"Prešovský kraj";2;0;0;0;NA;99343;2;2020-03-30;35
2020-03-29;"Prešovský kraj";2;0;0;0;NA;99343;2;2020-03-29;33
2020-03-28;"Prešovský kraj";2;0;0;0;NA;99343;2;2020-03-28;31
2020-03-27;"Prešovský kraj";1;0;0;0;NA;99343;1;2020-03-27;29
2020-03-26;"Prešovský kraj";8;0;0;0;NA;99343;8;2020-03-26;28
2020-03-25;"Prešovský kraj";1;0;0;0;NA;99343;1;2020-03-25;20
2020-03-24;"Prešovský kraj";4;0;0;0;NA;99343;4;2020-03-24;19
2020-03-22;"Prešovský kraj";1;0;0;0;NA;99343;1;2020-03-22;15
2020-03-21;"Prešovský kraj";2;0;0;0;NA;99343;2;2020-03-21;14
2020-03-20;"Prešovský kraj";3;0;0;0;NA;99343;3;2020-03-20;12
2020-03-19;"Prešovský kraj";2;0;0;0;NA;99343;2;2020-03-19;9
2020-03-18;"Prešovský kraj";1;0;0;0;NA;99343;1;2020-03-18;7
2020-03-17;"Prešovský kraj";1;0;0;0;NA;99343;1;2020-03-17;6
2020-03-16;"Prešovský kraj";4;0;0;0;NA;99343;4;2020-03-16;5
2020-03-14;"Prešovský kraj";1;0;0;0;NA;99343;1;2020-03-14;1
2021-03-30;"Trenčiansky kraj";272;14575;406;14981;49207;91141;678;2021-03-30;91141
2021-03-29;"Trenčiansky kraj";142;19573;170;19743;NA;91141;312;2021-03-29;90463
2021-03-28;"Trenčiansky kraj";3;11955;38;11993;NA;91141;41;2021-03-28;90151
2021-03-27;"Trenčiansky kraj";130;70491;257;70748;NA;91141;387;2021-03-27;90110
2021-03-26;"Trenčiansky kraj";211;35102;158;35260;NA;91141;369;2021-03-26;89723
2021-03-25;"Trenčiansky kraj";184;16569;176;16745;NA;91141;360;2021-03-25;89354
2021-03-24;"Trenčiansky kraj";259;13128;171;13299;NA;91141;430;2021-03-24;88994
2021-03-23;"Trenčiansky kraj";349;17263;171;17434;NA;91141;520;2021-03-23;88564
2021-03-22;"Trenčiansky kraj";141;21116;213;21329;NA;91141;354;2021-03-22;88044
2021-03-21;"Trenčiansky kraj";85;21983;130;22113;NA;91141;215;2021-03-21;87690
2021-03-20;"Trenčiansky kraj";128;80035;322;80357;NA;91141;450;2021-03-20;87475
2021-03-19;"Trenčiansky kraj";231;34777;232;35009;NA;91141;463;2021-03-19;87025
2021-03-18;"Trenčiansky kraj";262;15764;172;15936;NA;91141;434;2021-03-18;86562
2021-03-17;"Trenčiansky kraj";366;13412;163;13575;NA;91141;529;2021-03-17;86128
2021-03-16;"Trenčiansky kraj";450;15237;236;15473;NA;91141;686;2021-03-16;85599
2021-03-15;"Trenčiansky kraj";162;21113;261;21374;NA;91141;423;2021-03-15;84913
2021-03-14;"Trenčiansky kraj";42;25282;169;25451;NA;91141;211;2021-03-14;84490
2021-03-13;"Trenčiansky kraj";270;79187;453;79640;NA;91141;723;2021-03-13;84279
2021-03-12;"Trenčiansky kraj";366;34763;307;35070;NA;91141;673;2021-03-12;83556
2021-03-11;"Trenčiansky kraj";302;15557;213;15770;NA;91141;515;2021-03-11;82883
2021-03-10;"Trenčiansky kraj";402;13445;236;13681;NA;91141;638;2021-03-10;82368
2021-03-09;"Trenčiansky kraj";586;17982;285;18267;NA;91141;871;2021-03-09;81730
2021-03-08;"Trenčiansky kraj";174;21687;362;22049;NA;91141;536;2021-03-08;80859
2021-03-07;"Trenčiansky kraj";4;15404;126;15530;NA;91141;130;2021-03-07;80323
2021-03-06;"Trenčiansky kraj";260;79406;529;79935;NA;91141;789;2021-03-06;80193
2021-03-05;"Trenčiansky kraj";326;32674;414;33088;NA;91141;740;2021-03-05;79404
2021-03-04;"Trenčiansky kraj";323;16820;315;17135;NA;91141;638;2021-03-04;78664
2021-03-03;"Trenčiansky kraj";413;14117;346;14463;NA;91141;759;2021-03-03;78026
2021-03-02;"Trenčiansky kraj";612;18306;358;18664;NA;91141;970;2021-03-02;77267
2021-03-01;"Trenčiansky kraj";217;20404;435;20839;NA;91141;652;2021-03-01;76297
2021-02-28;"Trenčiansky kraj";45;28672;358;29030;NA;91141;403;2021-02-28;75645
2021-02-27;"Trenčiansky kraj";277;78732;686;79418;NA;91141;963;2021-02-27;75242
2021-02-26;"Trenčiansky kraj";420;32932;435;33367;NA;91141;855;2021-02-26;74279
2021-02-25;"Trenčiansky kraj";424;14029;328;14357;NA;91141;752;2021-02-25;73424
2021-02-24;"Trenčiansky kraj";427;11990;397;12387;NA;91141;824;2021-02-24;72672
2021-02-23;"Trenčiansky kraj";577;14956;390;15346;NA;91141;967;2021-02-23;71848
2021-02-22;"Trenčiansky kraj";160;19929;468;20397;NA;91141;628;2021-02-22;70881
2021-02-21;"Trenčiansky kraj";64;27642;381;28023;NA;91141;445;2021-02-21;70253
2021-02-20;"Trenčiansky kraj";274;77840;745;78585;NA;91141;1019;2021-02-20;69808
2021-02-19;"Trenčiansky kraj";272;30431;523;30954;NA;91141;795;2021-02-19;68789
2021-02-18;"Trenčiansky kraj";355;14167;407;14574;NA;91141;762;2021-02-18;67994
2021-02-17;"Trenčiansky kraj";363;11377;376;11753;NA;91141;739;2021-02-17;67232
2021-02-16;"Trenčiansky kraj";488;17891;416;18307;NA;91141;904;2021-02-16;66493
2021-02-15;"Trenčiansky kraj";151;22000;467;22467;NA;91141;618;2021-02-15;65589
2021-02-14;"Trenčiansky kraj";2;5241;51;5292;NA;91141;53;2021-02-14;64971
2021-02-13;"Trenčiansky kraj";274;60942;526;61468;NA;91141;800;2021-02-13;64918
2021-02-12;"Trenčiansky kraj";276;27864;409;28273;NA;91141;685;2021-02-12;64118
2021-02-11;"Trenčiansky kraj";291;11204;317;11521;NA;91141;608;2021-02-11;63433
2021-02-10;"Trenčiansky kraj";304;11402;317;11719;NA;91141;621;2021-02-10;62825
2021-02-09;"Trenčiansky kraj";514;18401;360;18761;NA;91141;874;2021-02-09;62204
2021-02-08;"Trenčiansky kraj";182;27479;432;27911;NA;91141;614;2021-02-08;61330
2021-02-07;"Trenčiansky kraj";31;28383;277;28660;NA;91141;308;2021-02-07;60716
2021-02-06;"Trenčiansky kraj";216;63430;558;63988;NA;91141;774;2021-02-06;60408
2021-02-05;"Trenčiansky kraj";202;18176;368;18544;NA;91141;570;2021-02-05;59634
2021-02-04;"Trenčiansky kraj";266;7130;278;7408;NA;91141;544;2021-02-04;59064
2021-02-03;"Trenčiansky kraj";162;6018;319;6337;NA;91141;481;2021-02-03;58520
2021-02-02;"Trenčiansky kraj";347;8076;384;8460;NA;91141;731;2021-02-02;58039
2021-02-01;"Trenčiansky kraj";167;9355;311;9666;NA;91141;478;2021-02-01;57308
2021-01-31;"Trenčiansky kraj";7;15791;135;15926;NA;91141;142;2021-01-31;56830
2021-01-30;"Trenčiansky kraj";228;36939;321;37260;NA;91141;549;2021-01-30;56688
2021-01-29;"Trenčiansky kraj";214;7586;235;7821;NA;91141;449;2021-01-29;56139
2021-01-28;"Trenčiansky kraj";307;5442;158;5600;NA;91141;465;2021-01-28;55690
2021-01-27;"Trenčiansky kraj";166;11691;185;11876;NA;91141;351;2021-01-27;55225
2021-01-26;"Trenčiansky kraj";303;14351;228;14579;NA;91141;531;2021-01-26;54874
2021-01-25;"Trenčiansky kraj";160;24406;199;24605;NA;91141;359;2021-01-25;54343
2021-01-24;"Trenčiansky kraj";51;27365;181;27546;NA;91141;232;2021-01-24;53984
2021-01-23;"Trenčiansky kraj";206;113508;742;114250;NA;91141;948;2021-01-23;53752
2021-01-22;"Trenčiansky kraj";148;13970;167;14137;NA;91141;315;2021-01-22;52804
2021-01-21;"Trenčiansky kraj";143;8580;166;8746;NA;91141;309;2021-01-21;52489
2021-01-20;"Trenčiansky kraj";181;8188;227;8415;NA;91141;408;2021-01-20;52180
2021-01-19;"Trenčiansky kraj";363;6618;262;6880;NA;91141;625;2021-01-19;51772
2021-01-18;"Trenčiansky kraj";72;5056;323;5379;NA;91141;395;2021-01-18;51147
2021-01-17;"Trenčiansky kraj";124;93;11;104;NA;91141;135;2021-01-17;50752
2021-01-16;"Trenčiansky kraj";39;457;28;485;NA;91141;67;2021-01-16;50617
2021-01-15;"Trenčiansky kraj";264;4030;218;4248;NA;91141;482;2021-01-15;50550
2021-01-14;"Trenčiansky kraj";275;3195;189;3384;NA;91141;464;2021-01-14;50068
2021-01-13;"Trenčiansky kraj";222;3888;215;4103;NA;91141;437;2021-01-13;49604
2021-01-12;"Trenčiansky kraj";508;4604;261;4865;NA;91141;769;2021-01-12;49167
2021-01-11;"Trenčiansky kraj";142;4367;354;4721;NA;91141;496;2021-01-11;48398
2021-01-10;"Trenčiansky kraj";89;4939;76;5015;NA;91141;165;2021-01-10;47902
2021-01-09;"Trenčiansky kraj";276;7974;121;8095;NA;91141;397;2021-01-09;47737
2021-01-08;"Trenčiansky kraj";489;6434;484;6918;NA;91141;973;2021-01-08;47340
2021-01-07;"Trenčiansky kraj";420;5834;503;6337;NA;91141;923;2021-01-07;46367
2021-01-06;"Trenčiansky kraj";221;1021;64;1085;NA;91141;285;2021-01-06;45444
2021-01-05;"Trenčiansky kraj";669;4963;597;5560;NA;91141;1266;2021-01-05;45159
2021-01-04;"Trenčiansky kraj";337;4640;652;5292;NA;91141;989;2021-01-04;43893
2021-01-03;"Trenčiansky kraj";38;60;13;73;NA;91141;51;2021-01-03;42904
2021-01-02;"Trenčiansky kraj";129;140;23;163;NA;91141;152;2021-01-02;42853
2021-01-01;"Trenčiansky kraj";329;347;23;370;NA;91141;352;2021-01-01;42701
2020-12-31;"Trenčiansky kraj";597;4943;557;5500;NA;91141;1154;2020-12-31;42349
2020-12-30;"Trenčiansky kraj";836;7006;762;7768;NA;91141;1598;2020-12-30;41195
2020-12-29;"Trenčiansky kraj";459;6191;1018;7209;NA;91141;1477;2020-12-29;39597
2020-12-28;"Trenčiansky kraj";258;4195;777;4972;NA;91141;1035;2020-12-28;38120
2020-12-27;"Trenčiansky kraj";5;202;36;238;NA;91141;41;2020-12-27;37085
2020-12-26;"Trenčiansky kraj";174;74;10;84;NA;91141;184;2020-12-26;37044
2020-12-25;"Trenčiansky kraj";251;325;47;372;NA;91141;298;2020-12-25;36860
2020-12-24;"Trenčiansky kraj";552;2194;256;2450;NA;91141;808;2020-12-24;36562
2020-12-23;"Trenčiansky kraj";421;6552;661;7213;NA;91141;1082;2020-12-23;35754
2020-12-22;"Trenčiansky kraj";673;5760;694;6454;NA;91141;1367;2020-12-22;34672
2020-12-21;"Trenčiansky kraj";248;13321;956;14277;NA;91141;1204;2020-12-21;33305
2020-12-20;"Trenčiansky kraj";238;12480;291;12771;NA;91141;529;2020-12-20;32101
2020-12-19;"Trenčiansky kraj";341;1611;150;1761;NA;91141;491;2020-12-19;31572
2020-12-18;"Trenčiansky kraj";521;5199;615;5814;NA;91141;1136;2020-12-18;31081
2020-12-17;"Trenčiansky kraj";670;3843;524;4367;NA;91141;1194;2020-12-17;29945
2020-12-16;"Trenčiansky kraj";461;4459;647;5106;NA;91141;1108;2020-12-16;28751
2020-12-15;"Trenčiansky kraj";595;3805;670;4475;NA;91141;1265;2020-12-15;27643
2020-12-14;"Trenčiansky kraj";318;3194;613;3807;NA;91141;931;2020-12-14;26378
2020-12-13;"Trenčiansky kraj";77;24;4;28;NA;91141;81;2020-12-13;25447
2020-12-12;"Trenčiansky kraj";314;1002;120;1122;NA;91141;434;2020-12-12;25366
2020-12-11;"Trenčiansky kraj";751;4066;479;4545;NA;91141;1230;2020-12-11;24932
2020-12-10;"Trenčiansky kraj";271;3371;477;3848;NA;91141;748;2020-12-10;23702
2020-12-09;"Trenčiansky kraj";508;3805;470;4275;NA;91141;978;2020-12-09;22954
2020-12-08;"Trenčiansky kraj";546;3440;522;3962;NA;91141;1068;2020-12-08;21976
2020-12-07;"Trenčiansky kraj";258;3826;466;4292;NA;91141;724;2020-12-07;20908
2020-12-06;"Trenčiansky kraj";114;179;10;189;NA;91141;124;2020-12-06;20184
2020-12-05;"Trenčiansky kraj";223;464;37;501;NA;91141;260;2020-12-05;20060
2020-12-04;"Trenčiansky kraj";253;2519;215;2734;NA;91141;468;2020-12-04;19800
2020-12-03;"Trenčiansky kraj";503;1714;178;1892;NA;91141;681;2020-12-03;19332
2020-12-02;"Trenčiansky kraj";418;1844;232;2076;NA;91141;650;2020-12-02;18651
2020-12-01;"Trenčiansky kraj";321;5642;351;5993;NA;91141;672;2020-12-01;18001
2020-11-30;"Trenčiansky kraj";167;8678;452;9130;NA;91141;619;2020-11-30;17329
2020-11-29;"Trenčiansky kraj";29;18;2;20;NA;91141;31;2020-11-29;16710
2020-11-28;"Trenčiansky kraj";202;1051;93;1144;NA;91141;295;2020-11-28;16679
2020-11-27;"Trenčiansky kraj";330;1398;150;1548;NA;91141;480;2020-11-27;16384
2020-11-26;"Trenčiansky kraj";395;1252;122;1374;NA;91141;517;2020-11-26;15904
2020-11-25;"Trenčiansky kraj";322;1444;160;1604;NA;91141;482;2020-11-25;15387
2020-11-24;"Trenčiansky kraj";348;2553;308;2861;NA;91141;656;2020-11-24;14905
2020-11-23;"Trenčiansky kraj";159;1186;122;1308;NA;91141;281;2020-11-23;14249
2020-11-22;"Trenčiansky kraj";26;11;1;12;NA;91141;27;2020-11-22;13968
2020-11-21;"Trenčiansky kraj";255;1323;62;1385;NA;91141;317;2020-11-21;13941
2020-11-20;"Trenčiansky kraj";316;861;93;954;NA;91141;409;2020-11-20;13624
2020-11-19;"Trenčiansky kraj";316;740;113;853;NA;91141;429;2020-11-19;13215
2020-11-18;"Trenčiansky kraj";233;379;66;445;NA;91141;299;2020-11-18;12786
2020-11-17;"Trenčiansky kraj";222;106;15;121;NA;91141;237;2020-11-17;12487
2020-11-16;"Trenčiansky kraj";245;236;45;281;NA;91141;290;2020-11-16;12250
2020-11-15;"Trenčiansky kraj";109;29;6;35;NA;91141;115;2020-11-15;11960
2020-11-14;"Trenčiansky kraj";190;74;11;85;NA;91141;201;2020-11-14;11845
2020-11-13;"Trenčiansky kraj";308;131;13;144;NA;91141;321;2020-11-13;11644
2020-11-12;"Trenčiansky kraj";324;124;5;129;NA;91141;329;2020-11-12;11323
2020-11-11;"Trenčiansky kraj";366;113;10;123;NA;91141;376;2020-11-11;10994
2020-11-10;"Trenčiansky kraj";277;106;6;112;NA;91141;283;2020-11-10;10618
2020-11-09;"Trenčiansky kraj";115;1407;48;1455;NA;91141;163;2020-11-09;10335
2020-11-08;"Trenčiansky kraj";81;1223;8;1231;NA;91141;89;2020-11-08;10172
2020-11-07;"Trenčiansky kraj";319;3662;59;3721;NA;91141;378;2020-11-07;10083
2020-11-06;"Trenčiansky kraj";383;6893;84;6977;NA;91141;467;2020-11-06;9705
2020-11-05;"Trenčiansky kraj";399;98;15;113;NA;91141;414;2020-11-05;9238
2020-11-04;"Trenčiansky kraj";370;91;9;100;NA;91141;379;2020-11-04;8824
2020-11-03;"Trenčiansky kraj";575;97;8;105;NA;91141;583;2020-11-03;8445
2020-11-02;"Trenčiansky kraj";197;1833;68;1901;NA;91141;265;2020-11-02;7862
2020-11-01;"Trenčiansky kraj";257;804;23;827;NA;91141;280;2020-11-01;7597
2020-10-31;"Trenčiansky kraj";332;4719;82;4801;NA;91141;414;2020-10-31;7317
2020-10-30;"Trenčiansky kraj";299;5283;102;5385;NA;91141;401;2020-10-30;6903
2020-10-29;"Trenčiansky kraj";496;764;68;832;NA;91141;564;2020-10-29;6502
2020-10-28;"Trenčiansky kraj";269;192;33;225;NA;91141;302;2020-10-28;5938
2020-10-27;"Trenčiansky kraj";473;127;27;154;NA;91141;500;2020-10-27;5636
2020-10-26;"Trenčiansky kraj";177;103;31;134;NA;91141;208;2020-10-26;5136
2020-10-25;"Trenčiansky kraj";138;9;5;14;NA;91141;143;2020-10-25;4928
2020-10-24;"Trenčiansky kraj";395;128;6;134;NA;91141;401;2020-10-24;4785
2020-10-23;"Trenčiansky kraj";301;154;8;162;NA;91141;309;2020-10-23;4384
2020-10-22;"Trenčiansky kraj";273;82;12;94;NA;91141;285;2020-10-22;4075
2020-10-21;"Trenčiansky kraj";183;53;9;62;NA;91141;192;2020-10-21;3790
2020-10-20;"Trenčiansky kraj";212;47;6;53;NA;91141;218;2020-10-20;3598
2020-10-19;"Trenčiansky kraj";41;83;25;108;NA;91141;66;2020-10-19;3380
2020-10-18;"Trenčiansky kraj";104;0;0;0;NA;91141;104;2020-10-18;3314
2020-10-17;"Trenčiansky kraj";157;0;0;0;NA;91141;157;2020-10-17;3210
2020-10-16;"Trenčiansky kraj";225;42;6;48;NA;91141;231;2020-10-16;3053
2020-10-15;"Trenčiansky kraj";255;39;4;43;NA;91141;259;2020-10-15;2822
2020-10-14;"Trenčiansky kraj";162;42;7;49;NA;91141;169;2020-10-14;2563
2020-10-13;"Trenčiansky kraj";124;105;12;117;NA;91141;136;2020-10-13;2394
2020-10-12;"Trenčiansky kraj";55;0;0;0;NA;91141;55;2020-10-12;2258
2020-10-11;"Trenčiansky kraj";73;0;0;0;NA;91141;73;2020-10-11;2203
2020-10-10;"Trenčiansky kraj";180;0;0;0;NA;91141;180;2020-10-10;2130
2020-10-09;"Trenčiansky kraj";198;0;0;0;NA;91141;198;2020-10-09;1950
2020-10-08;"Trenčiansky kraj";115;0;0;0;NA;91141;115;2020-10-08;1752
2020-10-07;"Trenčiansky kraj";75;0;0;0;NA;91141;75;2020-10-07;1637
2020-10-06;"Trenčiansky kraj";72;0;0;0;NA;91141;72;2020-10-06;1562
2020-10-05;"Trenčiansky kraj";32;0;0;0;NA;91141;32;2020-10-05;1490
2020-10-04;"Trenčiansky kraj";37;0;0;0;NA;91141;37;2020-10-04;1458
2020-10-03;"Trenčiansky kraj";79;0;0;0;NA;91141;79;2020-10-03;1421
2020-10-02;"Trenčiansky kraj";69;0;0;0;NA;91141;69;2020-10-02;1342
2020-10-01;"Trenčiansky kraj";58;0;0;0;NA;91141;58;2020-10-01;1273
2020-09-30;"Trenčiansky kraj";76;0;0;0;NA;91141;76;2020-09-30;1215
2020-09-29;"Trenčiansky kraj";43;0;0;0;NA;91141;43;2020-09-29;1139
2020-09-28;"Trenčiansky kraj";7;0;0;0;NA;91141;7;2020-09-28;1096
2020-09-27;"Trenčiansky kraj";12;0;0;0;NA;91141;12;2020-09-27;1089
2020-09-26;"Trenčiansky kraj";37;0;0;0;NA;91141;37;2020-09-26;1077
2020-09-25;"Trenčiansky kraj";72;0;0;0;NA;91141;72;2020-09-25;1040
2020-09-24;"Trenčiansky kraj";41;0;0;0;NA;91141;41;2020-09-24;968
2020-09-23;"Trenčiansky kraj";32;0;0;0;NA;91141;32;2020-09-23;927
2020-09-22;"Trenčiansky kraj";26;0;0;0;NA;91141;26;2020-09-22;895
2020-09-21;"Trenčiansky kraj";23;0;0;0;NA;91141;23;2020-09-21;869
2020-09-20;"Trenčiansky kraj";21;0;0;0;NA;91141;21;2020-09-20;846
2020-09-19;"Trenčiansky kraj";20;0;0;0;NA;91141;20;2020-09-19;825
2020-09-18;"Trenčiansky kraj";41;0;0;0;NA;91141;41;2020-09-18;805
2020-09-17;"Trenčiansky kraj";20;0;0;0;NA;91141;20;2020-09-17;764
2020-09-16;"Trenčiansky kraj";14;0;0;0;NA;91141;14;2020-09-16;744
2020-09-15;"Trenčiansky kraj";8;0;0;0;NA;91141;8;2020-09-15;730
2020-09-14;"Trenčiansky kraj";5;0;0;0;NA;91141;5;2020-09-14;722
2020-09-13;"Trenčiansky kraj";12;0;0;0;NA;91141;12;2020-09-13;717
2020-09-12;"Trenčiansky kraj";2;0;0;0;NA;91141;2;2020-09-12;705
2020-09-11;"Trenčiansky kraj";27;0;0;0;NA;91141;27;2020-09-11;703
2020-09-10;"Trenčiansky kraj";15;0;0;0;NA;91141;15;2020-09-10;676
2020-09-09;"Trenčiansky kraj";11;0;0;0;NA;91141;11;2020-09-09;661
2020-09-08;"Trenčiansky kraj";12;0;0;0;NA;91141;12;2020-09-08;650
2020-09-07;"Trenčiansky kraj";6;0;0;0;NA;91141;6;2020-09-07;638
2020-09-06;"Trenčiansky kraj";1;0;0;0;NA;91141;1;2020-09-06;632
2020-09-05;"Trenčiansky kraj";3;0;0;0;NA;91141;3;2020-09-05;631
2020-09-04;"Trenčiansky kraj";9;0;0;0;NA;91141;9;2020-09-04;628
2020-09-03;"Trenčiansky kraj";10;0;0;0;NA;91141;10;2020-09-03;619
2020-09-02;"Trenčiansky kraj";5;0;0;0;NA;91141;5;2020-09-02;609
2020-09-01;"Trenčiansky kraj";1;0;0;0;NA;91141;1;2020-09-01;604
2020-08-31;"Trenčiansky kraj";12;0;0;0;NA;91141;12;2020-08-31;603
2020-08-29;"Trenčiansky kraj";1;0;0;0;NA;91141;1;2020-08-29;591
2020-08-28;"Trenčiansky kraj";12;0;0;0;NA;91141;12;2020-08-28;590
2020-08-27;"Trenčiansky kraj";10;0;0;0;NA;91141;10;2020-08-27;578
2020-08-26;"Trenčiansky kraj";15;0;0;0;NA;91141;15;2020-08-26;568
2020-08-25;"Trenčiansky kraj";12;0;0;0;NA;91141;12;2020-08-25;553
2020-08-24;"Trenčiansky kraj";4;0;0;0;NA;91141;4;2020-08-24;541
2020-08-23;"Trenčiansky kraj";5;0;0;0;NA;91141;5;2020-08-23;537
2020-08-22;"Trenčiansky kraj";6;0;0;0;NA;91141;6;2020-08-22;532
2020-08-21;"Trenčiansky kraj";6;0;0;0;NA;91141;6;2020-08-21;526
2020-08-20;"Trenčiansky kraj";20;0;0;0;NA;91141;20;2020-08-20;520
2020-08-19;"Trenčiansky kraj";17;0;0;0;NA;91141;17;2020-08-19;500
2020-08-18;"Trenčiansky kraj";9;0;0;0;NA;91141;9;2020-08-18;483
2020-08-17;"Trenčiansky kraj";4;0;0;0;NA;91141;4;2020-08-17;474
2020-08-15;"Trenčiansky kraj";9;0;0;0;NA;91141;9;2020-08-15;470
2020-08-14;"Trenčiansky kraj";15;0;0;0;NA;91141;15;2020-08-14;461
2020-08-13;"Trenčiansky kraj";23;0;0;0;NA;91141;23;2020-08-13;446
2020-08-12;"Trenčiansky kraj";6;0;0;0;NA;91141;6;2020-08-12;423
2020-08-11;"Trenčiansky kraj";7;0;0;0;NA;91141;7;2020-08-11;417
2020-08-10;"Trenčiansky kraj";9;0;0;0;NA;91141;9;2020-08-10;410
2020-08-09;"Trenčiansky kraj";1;0;0;0;NA;91141;1;2020-08-09;401
2020-08-08;"Trenčiansky kraj";4;0;0;0;NA;91141;4;2020-08-08;400
2020-08-07;"Trenčiansky kraj";4;0;0;0;NA;91141;4;2020-08-07;396
2020-08-06;"Trenčiansky kraj";13;0;0;0;NA;91141;13;2020-08-06;392
2020-08-05;"Trenčiansky kraj";39;0;0;0;NA;91141;39;2020-08-05;379
2020-08-04;"Trenčiansky kraj";9;0;0;0;NA;91141;9;2020-08-04;340
2020-08-02;"Trenčiansky kraj";2;0;0;0;NA;91141;2;2020-08-02;331
2020-08-01;"Trenčiansky kraj";6;0;0;0;NA;91141;6;2020-08-01;329
2020-07-31;"Trenčiansky kraj";16;0;0;0;NA;91141;16;2020-07-31;323
2020-07-30;"Trenčiansky kraj";4;0;0;0;NA;91141;4;2020-07-30;307
2020-07-29;"Trenčiansky kraj";5;0;0;0;NA;91141;5;2020-07-29;303
2020-07-28;"Trenčiansky kraj";11;0;0;0;NA;91141;11;2020-07-28;298
2020-07-27;"Trenčiansky kraj";4;0;0;0;NA;91141;4;2020-07-27;287
2020-07-26;"Trenčiansky kraj";1;0;0;0;NA;91141;1;2020-07-26;283
2020-07-25;"Trenčiansky kraj";7;0;0;0;NA;91141;7;2020-07-25;282
2020-07-24;"Trenčiansky kraj";5;0;0;0;NA;91141;5;2020-07-24;275
2020-07-23;"Trenčiansky kraj";10;0;0;0;NA;91141;10;2020-07-23;270
2020-07-22;"Trenčiansky kraj";11;0;0;0;NA;91141;11;2020-07-22;260
2020-07-21;"Trenčiansky kraj";6;0;0;0;NA;91141;6;2020-07-21;249
2020-07-20;"Trenčiansky kraj";13;0;0;0;NA;91141;13;2020-07-20;243
2020-07-17;"Trenčiansky kraj";1;0;0;0;NA;91141;1;2020-07-17;230
2020-07-15;"Trenčiansky kraj";2;0;0;0;NA;91141;2;2020-07-15;229
2020-07-14;"Trenčiansky kraj";8;0;0;0;NA;91141;8;2020-07-14;227
2020-07-13;"Trenčiansky kraj";1;0;0;0;NA;91141;1;2020-07-13;219
2020-07-10;"Trenčiansky kraj";3;0;0;0;NA;91141;3;2020-07-10;218
2020-07-09;"Trenčiansky kraj";2;0;0;0;NA;91141;2;2020-07-09;215
2020-07-08;"Trenčiansky kraj";1;0;0;0;NA;91141;1;2020-07-08;213
2020-07-07;"Trenčiansky kraj";9;0;0;0;NA;91141;9;2020-07-07;212
2020-07-06;"Trenčiansky kraj";1;0;0;0;NA;91141;1;2020-07-06;203
2020-07-05;"Trenčiansky kraj";1;0;0;0;NA;91141;1;2020-07-05;202
2020-07-03;"Trenčiansky kraj";2;0;0;0;NA;91141;2;2020-07-03;201
2020-07-02;"Trenčiansky kraj";10;0;0;0;NA;91141;10;2020-07-02;199
2020-07-01;"Trenčiansky kraj";1;0;0;0;NA;91141;1;2020-07-01;189
2020-06-30;"Trenčiansky kraj";6;0;0;0;NA;91141;6;2020-06-30;188
2020-06-29;"Trenčiansky kraj";1;0;0;0;NA;91141;1;2020-06-29;182
2020-06-25;"Trenčiansky kraj";2;0;0;0;NA;91141;2;2020-06-25;181
2020-06-24;"Trenčiansky kraj";1;0;0;0;NA;91141;1;2020-06-24;179
2020-06-10;"Trenčiansky kraj";1;0;0;0;NA;91141;1;2020-06-10;178
2020-05-27;"Trenčiansky kraj";2;0;0;0;NA;91141;2;2020-05-27;177
2020-05-15;"Trenčiansky kraj";1;0;0;0;NA;91141;1;2020-05-15;175
2020-05-14;"Trenčiansky kraj";2;0;0;0;NA;91141;2;2020-05-14;174
2020-05-13;"Trenčiansky kraj";1;0;0;0;NA;91141;1;2020-05-13;172
2020-05-12;"Trenčiansky kraj";1;0;0;0;NA;91141;1;2020-05-12;171
2020-05-11;"Trenčiansky kraj";3;0;0;0;NA;91141;3;2020-05-11;170
2020-05-09;"Trenčiansky kraj";2;0;0;0;NA;91141;2;2020-05-09;167
2020-05-07;"Trenčiansky kraj";6;0;0;0;NA;91141;6;2020-05-07;165
2020-05-05;"Trenčiansky kraj";2;0;0;0;NA;91141;2;2020-05-05;159
2020-04-29;"Trenčiansky kraj";2;0;0;0;NA;91141;2;2020-04-29;157
2020-04-28;"Trenčiansky kraj";1;0;0;0;NA;91141;1;2020-04-28;155
2020-04-26;"Trenčiansky kraj";1;0;0;0;NA;91141;1;2020-04-26;154
2020-04-23;"Trenčiansky kraj";11;0;0;0;NA;91141;11;2020-04-23;153
2020-04-22;"Trenčiansky kraj";1;0;0;0;NA;91141;1;2020-04-22;142
2020-04-21;"Trenčiansky kraj";11;0;0;0;NA;91141;11;2020-04-21;141
2020-04-20;"Trenčiansky kraj";15;0;0;0;NA;91141;15;2020-04-20;130
2020-04-19;"Trenčiansky kraj";2;0;0;0;NA;91141;2;2020-04-19;115
2020-04-18;"Trenčiansky kraj";3;0;0;0;NA;91141;3;2020-04-18;113
2020-04-17;"Trenčiansky kraj";4;0;0;0;NA;91141;4;2020-04-17;110
2020-04-16;"Trenčiansky kraj";10;0;0;0;NA;91141;10;2020-04-16;106
2020-04-15;"Trenčiansky kraj";4;0;0;0;NA;91141;4;2020-04-15;96
2020-04-13;"Trenčiansky kraj";1;0;0;0;NA;91141;1;2020-04-13;92
2020-04-12;"Trenčiansky kraj";2;0;0;0;NA;91141;2;2020-04-12;91
2020-04-11;"Trenčiansky kraj";3;0;0;0;NA;91141;3;2020-04-11;89
2020-04-08;"Trenčiansky kraj";2;0;0;0;NA;91141;2;2020-04-08;86
2020-04-07;"Trenčiansky kraj";18;0;0;0;NA;91141;18;2020-04-07;84
2020-04-05;"Trenčiansky kraj";3;0;0;0;NA;91141;3;2020-04-05;66
2020-04-04;"Trenčiansky kraj";5;0;0;0;NA;91141;5;2020-04-04;63
2020-04-03;"Trenčiansky kraj";4;0;0;0;NA;91141;4;2020-04-03;58
2020-04-02;"Trenčiansky kraj";1;0;0;0;NA;91141;1;2020-04-02;54
2020-04-01;"Trenčiansky kraj";3;0;0;0;NA;91141;3;2020-04-01;53
2020-03-31;"Trenčiansky kraj";1;0;0;0;NA;91141;1;2020-03-31;50
2020-03-30;"Trenčiansky kraj";3;0;0;0;NA;91141;3;2020-03-30;49
2020-03-29;"Trenčiansky kraj";6;0;0;0;NA;91141;6;2020-03-29;46
2020-03-28;"Trenčiansky kraj";9;0;0;0;NA;91141;9;2020-03-28;40
2020-03-27;"Trenčiansky kraj";2;0;0;0;NA;91141;2;2020-03-27;31
2020-03-26;"Trenčiansky kraj";6;0;0;0;NA;91141;6;2020-03-26;29
2020-03-25;"Trenčiansky kraj";3;0;0;0;NA;91141;3;2020-03-25;23
2020-03-24;"Trenčiansky kraj";1;0;0;0;NA;91141;1;2020-03-24;20
2020-03-21;"Trenčiansky kraj";2;0;0;0;NA;91141;2;2020-03-21;19
2020-03-20;"Trenčiansky kraj";2;0;0;0;NA;91141;2;2020-03-20;17
2020-03-19;"Trenčiansky kraj";8;0;0;0;NA;91141;8;2020-03-19;15
2020-03-16;"Trenčiansky kraj";1;0;0;0;NA;91141;1;2020-03-16;7
2020-03-15;"Trenčiansky kraj";5;0;0;0;NA;91141;5;2020-03-15;6
2020-03-12;"Trenčiansky kraj";1;0;0;0;NA;91141;1;2020-03-12;1
2021-03-30;"Trnavský kraj";182;9545;59;9604;43046;157883;241;2021-03-30;157883
2021-03-30;"Trnavský kraj";182;9545;59;9604;73529;157883;241;2021-03-30;157642
2021-03-29;"Trnavský kraj";126;14552;83;14635;NA;157883;209;2021-03-29;157401
2021-03-28;"Trnavský kraj";26;43455;100;43555;NA;157883;126;2021-03-28;157192
2021-03-27;"Trnavský kraj";64;119000;233;119233;NA;157883;297;2021-03-27;157066
2021-03-26;"Trnavský kraj";139;29822;122;29944;NA;157883;261;2021-03-26;156769
2021-03-25;"Trnavský kraj";135;14209;80;14289;NA;157883;215;2021-03-25;156508
2021-03-24;"Trnavský kraj";159;10521;89;10610;NA;157883;248;2021-03-24;156293
2021-03-23;"Trnavský kraj";221;12582;103;12685;NA;157883;324;2021-03-23;156045
2021-03-22;"Trnavský kraj";103;15718;97;15815;NA;157883;200;2021-03-22;155721
2021-03-21;"Trnavský kraj";31;29502;87;29589;NA;157883;118;2021-03-21;155521
2021-03-20;"Trnavský kraj";112;136522;317;136839;NA;157883;429;2021-03-20;155403
2021-03-19;"Trnavský kraj";174;25301;109;25410;NA;157883;283;2021-03-19;154974
2021-03-18;"Trnavský kraj";158;11736;133;11869;NA;157883;291;2021-03-18;154691
2021-03-17;"Trnavský kraj";245;10359;102;10461;NA;157883;347;2021-03-17;154400
2021-03-16;"Trnavský kraj";311;12763;135;12898;NA;157883;446;2021-03-16;154053
2021-03-15;"Trnavský kraj";127;18321;145;18466;NA;157883;272;2021-03-15;153607
2021-03-14;"Trnavský kraj";14;46499;152;46651;NA;157883;166;2021-03-14;153335
2021-03-13;"Trnavský kraj";155;139193;412;139605;NA;157883;567;2021-03-13;153169
2021-03-12;"Trnavský kraj";201;28226;179;28405;NA;157883;380;2021-03-12;152602
2021-03-11;"Trnavský kraj";204;13263;142;13405;NA;157883;346;2021-03-11;152222
2021-03-10;"Trnavský kraj";242;10459;136;10595;NA;157883;378;2021-03-10;151876
2021-03-09;"Trnavský kraj";442;12875;156;13031;NA;157883;598;2021-03-09;151498
2021-03-08;"Trnavský kraj";182;21498;162;21660;NA;157883;344;2021-03-08;150900
2021-03-07;"Trnavský kraj";30;46118;227;46345;NA;157883;257;2021-03-07;150556
2021-03-06;"Trnavský kraj";154;135576;529;136105;NA;157883;683;2021-03-06;150299
2021-03-05;"Trnavský kraj";299;28822;247;29069;NA;157883;546;2021-03-05;149616
2021-03-04;"Trnavský kraj";238;14223;179;14402;NA;157883;417;2021-03-04;149070
2021-03-03;"Trnavský kraj";413;11390;239;11629;NA;157883;652;2021-03-03;148653
2021-03-02;"Trnavský kraj";477;12352;196;12548;NA;157883;673;2021-03-02;148001
2021-03-01;"Trnavský kraj";189;18104;229;18333;NA;157883;418;2021-03-01;147328
2021-02-28;"Trnavský kraj";87;42516;295;42811;NA;157883;382;2021-02-28;146910
2021-02-27;"Trnavský kraj";264;140724;804;141528;NA;157883;1068;2021-02-27;146528
2021-02-26;"Trnavský kraj";362;26913;285;27198;NA;157883;647;2021-02-26;145460
2021-02-25;"Trnavský kraj";433;10490;227;10717;NA;157883;660;2021-02-25;144813
2021-02-24;"Trnavský kraj";407;9110;290;9400;NA;157883;697;2021-02-24;144153
2021-02-23;"Trnavský kraj";469;11322;284;11606;NA;157883;753;2021-02-23;143456
2021-02-22;"Trnavský kraj";206;19909;330;20239;NA;157883;536;2021-02-22;142703
2021-02-21;"Trnavský kraj";38;40845;264;41109;NA;157883;302;2021-02-21;142167
2021-02-20;"Trnavský kraj";273;135812;859;136671;NA;157883;1132;2021-02-20;141865
2021-02-19;"Trnavský kraj";335;26982;347;27329;NA;157883;682;2021-02-19;140733
2021-02-18;"Trnavský kraj";344;11263;348;11611;NA;157883;692;2021-02-18;140051
2021-02-17;"Trnavský kraj";431;8780;416;9196;NA;157883;847;2021-02-17;139359
2021-02-16;"Trnavský kraj";426;11412;295;11707;NA;157883;721;2021-02-16;138512
2021-02-15;"Trnavský kraj";146;18075;291;18366;NA;157883;437;2021-02-15;137791
2021-02-14;"Trnavský kraj";51;44426;335;44761;NA;157883;386;2021-02-14;137354
2021-02-13;"Trnavský kraj";218;137051;994;138045;NA;157883;1212;2021-02-13;136968
2021-02-12;"Trnavský kraj";300;23682;336;24018;NA;157883;636;2021-02-12;135756
2021-02-11;"Trnavský kraj";422;9898;360;10258;NA;157883;782;2021-02-11;135120
2021-02-10;"Trnavský kraj";511;9333;344;9677;NA;157883;855;2021-02-10;134338
2021-02-09;"Trnavský kraj";544;12752;369;13121;NA;157883;913;2021-02-09;133483
2021-02-08;"Trnavský kraj";220;34323;507;34830;NA;157883;727;2021-02-08;132570
2021-02-07;"Trnavský kraj";140;68646;623;69269;NA;157883;763;2021-02-07;131843
2021-02-06;"Trnavský kraj";348;111903;1473;113376;NA;157883;1821;2021-02-06;131080
2021-02-05;"Trnavský kraj";377;16448;400;16848;NA;157883;777;2021-02-05;129259
2021-02-04;"Trnavský kraj";456;7315;454;7769;NA;157883;910;2021-02-04;128482
2021-02-03;"Trnavský kraj";472;6585;434;7019;NA;157883;906;2021-02-03;127572
2021-02-02;"Trnavský kraj";446;14219;424;14643;NA;157883;870;2021-02-02;126666
2021-02-01;"Trnavský kraj";198;40071;690;40761;NA;157883;888;2021-02-01;125796
2021-01-31;"Trnavský kraj";19;62815;778;63593;NA;157883;797;2021-01-31;124908
2021-01-30;"Trnavský kraj";323;110582;1280;111862;NA;157883;1603;2021-01-30;124111
2021-01-29;"Trnavský kraj";421;9645;285;9930;NA;157883;706;2021-01-29;122508
2021-01-28;"Trnavský kraj";389;5815;286;6101;NA;157883;675;2021-01-28;121802
2021-01-27;"Trnavský kraj";433;5301;219;5520;NA;157883;652;2021-01-27;121127
2021-01-26;"Trnavský kraj";565;25387;636;26023;NA;157883;1201;2021-01-26;120475
2021-01-25;"Trnavský kraj";210;41855;607;42462;NA;157883;817;2021-01-25;119274
2021-01-24;"Trnavský kraj";91;55823;710;56533;NA;157883;801;2021-01-24;118457
2021-01-23;"Trnavský kraj";372;117177;1347;118524;NA;157883;1719;2021-01-23;117656
2021-01-22;"Trnavský kraj";217;32439;500;32939;NA;157883;717;2021-01-22;115937
2021-01-21;"Trnavský kraj";311;13834;378;14212;NA;157883;689;2021-01-21;115220
2021-01-20;"Trnavský kraj";503;8149;274;8423;NA;157883;777;2021-01-20;114531
2021-01-19;"Trnavský kraj";415;7017;347;7364;NA;157883;762;2021-01-19;113754
2021-01-18;"Trnavský kraj";247;6237;484;6721;NA;157883;731;2021-01-18;112992
2021-01-17;"Trnavský kraj";128;854;215;1069;NA;157883;343;2021-01-17;112261
2021-01-16;"Trnavský kraj";103;599;19;618;NA;157883;122;2021-01-16;111918
2021-01-15;"Trnavský kraj";278;5456;335;5791;NA;157883;613;2021-01-15;111796
2021-01-14;"Trnavský kraj";452;4000;338;4338;NA;157883;790;2021-01-14;111183
2021-01-13;"Trnavský kraj";457;4752;378;5130;NA;157883;835;2021-01-13;110393
2021-01-12;"Trnavský kraj";469;7177;483;7660;NA;157883;952;2021-01-12;109558
2021-01-11;"Trnavský kraj";370;5103;392;5495;NA;157883;762;2021-01-11;108606
2021-01-10;"Trnavský kraj";71;13;0;13;NA;157883;71;2021-01-10;107844
2021-01-09;"Trnavský kraj";417;1775;100;1875;NA;157883;517;2021-01-09;107773
2021-01-08;"Trnavský kraj";381;6550;532;7082;NA;157883;913;2021-01-08;107256
2021-01-07;"Trnavský kraj";501;4074;390;4464;NA;157883;891;2021-01-07;106343
2021-01-06;"Trnavský kraj";179;758;132;890;NA;157883;311;2021-01-06;105452
2021-01-05;"Trnavský kraj";611;5922;636;6558;NA;157883;1247;2021-01-05;105141
2021-01-04;"Trnavský kraj";302;5239;689;5928;NA;157883;991;2021-01-04;103894
2021-01-03;"Trnavský kraj";60;53;7;60;NA;157883;67;2021-01-03;102903
2021-01-02;"Trnavský kraj";282;417;32;449;NA;157883;314;2021-01-02;102836
2021-01-01;"Trnavský kraj";143;449;76;525;NA;157883;219;2021-01-01;102522
2020-12-31;"Trnavský kraj";498;8488;858;9346;NA;157883;1356;2020-12-31;102303
2020-12-30;"Trnavský kraj";785;5318;612;5930;NA;157883;1397;2020-12-30;100947
2020-12-29;"Trnavský kraj";322;4999;593;5592;NA;157883;915;2020-12-29;99550
2020-12-28;"Trnavský kraj";213;5339;615;5954;NA;157883;828;2020-12-28;98635
2020-12-27;"Trnavský kraj";27;13;4;17;NA;157883;31;2020-12-27;97807
2020-12-26;"Trnavský kraj";148;44;1;45;NA;157883;149;2020-12-26;97776
2020-12-25;"Trnavský kraj";65;49;5;54;NA;157883;70;2020-12-25;97627
2020-12-24;"Trnavský kraj";333;1359;117;1476;NA;157883;450;2020-12-24;97557
2020-12-23;"Trnavský kraj";210;6417;375;6792;NA;157883;585;2020-12-23;97107
2020-12-22;"Trnavský kraj";311;5590;491;6081;NA;157883;802;2020-12-22;96522
2020-12-21;"Trnavský kraj";328;4527;399;4926;NA;157883;727;2020-12-21;95720
2020-12-20;"Trnavský kraj";134;110;12;122;NA;157883;146;2020-12-20;94993
2020-12-19;"Trnavský kraj";201;1046;86;1132;NA;157883;287;2020-12-19;94847
2020-12-18;"Trnavský kraj";341;4898;378;5276;NA;157883;719;2020-12-18;94560
2020-12-17;"Trnavský kraj";375;4996;407;5403;NA;157883;782;2020-12-17;93841
2020-12-16;"Trnavský kraj";312;5249;405;5654;NA;157883;717;2020-12-16;93059
2020-12-15;"Trnavský kraj";492;6623;632;7255;NA;157883;1124;2020-12-15;92342
2020-12-14;"Trnavský kraj";161;3505;292;3797;NA;157883;453;2020-12-14;91218
2020-12-13;"Trnavský kraj";7;0;0;0;NA;157883;7;2020-12-13;90765
2020-12-12;"Trnavský kraj";254;1456;114;1570;NA;157883;368;2020-12-12;90758
2020-12-11;"Trnavský kraj";384;4683;262;4945;NA;157883;646;2020-12-11;90390
2020-12-10;"Trnavský kraj";183;5194;320;5514;NA;157883;503;2020-12-10;89744
2020-12-09;"Trnavský kraj";521;4283;321;4604;NA;157883;842;2020-12-09;89241
2020-12-08;"Trnavský kraj";281;4090;304;4394;NA;157883;585;2020-12-08;88399
2020-12-07;"Trnavský kraj";178;2895;199;3094;NA;157883;377;2020-12-07;87814
2020-12-06;"Trnavský kraj";46;0;0;0;NA;157883;46;2020-12-06;87437
2020-12-05;"Trnavský kraj";129;2218;41;2259;NA;157883;170;2020-12-05;87391
2020-12-04;"Trnavský kraj";242;3948;158;4106;NA;157883;400;2020-12-04;87221
2020-12-03;"Trnavský kraj";248;2770;190;2960;NA;157883;438;2020-12-03;86821
2020-12-02;"Trnavský kraj";284;4516;176;4692;NA;157883;460;2020-12-02;86383
2020-12-01;"Trnavský kraj";253;3190;205;3395;NA;157883;458;2020-12-01;85923
2020-11-30;"Trnavský kraj";200;7360;186;7546;NA;157883;386;2020-11-30;85465
2020-11-29;"Trnavský kraj";17;708;34;742;NA;157883;51;2020-11-29;85079
2020-11-28;"Trnavský kraj";83;1453;77;1530;NA;157883;160;2020-11-28;85028
2020-11-27;"Trnavský kraj";148;1591;83;1674;NA;157883;231;2020-11-27;84868
2020-11-26;"Trnavský kraj";234;985;59;1044;NA;157883;293;2020-11-26;84637
2020-11-25;"Trnavský kraj";232;1029;72;1101;NA;157883;304;2020-11-25;84344
2020-11-24;"Trnavský kraj";295;1772;91;1863;NA;157883;386;2020-11-24;84040
2020-11-23;"Trnavský kraj";242;7207;125;7332;NA;157883;367;2020-11-23;83654
2020-11-22;"Trnavský kraj";10;54;3;57;NA;157883;13;2020-11-22;83287
2020-11-21;"Trnavský kraj";129;1214;23;1237;NA;157883;152;2020-11-21;83274
2020-11-20;"Trnavský kraj";246;1027;61;1088;NA;157883;307;2020-11-20;83122
2020-11-19;"Trnavský kraj";157;694;58;752;NA;157883;215;2020-11-19;82815
2020-11-18;"Trnavský kraj";235;716;75;791;NA;157883;310;2020-11-18;82600
2020-11-17;"Trnavský kraj";129;695;72;767;NA;157883;201;2020-11-17;82290
2020-11-16;"Trnavský kraj";187;682;32;714;NA;157883;219;2020-11-16;82089
2020-11-15;"Trnavský kraj";23;73;4;77;NA;157883;27;2020-11-15;81870
2020-11-14;"Trnavský kraj";86;389;10;399;NA;157883;96;2020-11-14;81843
2020-11-13;"Trnavský kraj";219;1312;21;1333;NA;157883;240;2020-11-13;81747
2020-11-12;"Trnavský kraj";162;420;18;438;NA;157883;180;2020-11-12;81507
2020-11-11;"Trnavský kraj";257;392;15;407;NA;157883;272;2020-11-11;81327
2020-11-10;"Trnavský kraj";189;889;30;919;NA;157883;219;2020-11-10;81055
2020-11-09;"Trnavský kraj";196;369;23;392;NA;157883;219;2020-11-09;80836
2020-11-08;"Trnavský kraj";55;306;4;310;NA;157883;59;2020-11-08;80617
2020-11-07;"Trnavský kraj";207;6070;74;6144;NA;157883;281;2020-11-07;80558
2020-11-06;"Trnavský kraj";260;1531;19;1550;NA;157883;279;2020-11-06;80277
2020-11-05;"Trnavský kraj";150;220;27;247;NA;157883;177;2020-11-05;79998
2020-11-04;"Trnavský kraj";188;212;10;222;NA;157883;198;2020-11-04;79821
2020-11-03;"Trnavský kraj";317;127;8;135;NA;157883;325;2020-11-03;79623
2020-11-02;"Trnavský kraj";281;1728;31;1759;NA;157883;312;2020-11-02;79298
2020-11-01;"Trnavský kraj";87;494;27;521;NA;157883;114;2020-11-01;78986
2020-10-31;"Trnavský kraj";259;5024;41;5065;NA;157883;300;2020-10-31;78872
2020-10-30;"Trnavský kraj";198;3784;27;3811;NA;157883;225;2020-10-30;78572
2020-10-29;"Trnavský kraj";273;1461;16;1477;NA;157883;289;2020-10-29;78347
2020-10-28;"Trnavský kraj";319;117;16;133;NA;157883;335;2020-10-28;78058
2020-10-27;"Trnavský kraj";199;461;36;497;NA;157883;235;2020-10-27;77723
2020-10-26;"Trnavský kraj";153;29;2;31;NA;157883;155;2020-10-26;77488
2020-10-25;"Trnavský kraj";95;19;1;20;NA;157883;96;2020-10-25;77333
2020-10-24;"Trnavský kraj";158;109;2;111;NA;157883;160;2020-10-24;77237
2020-10-23;"Trnavský kraj";201;89;4;93;NA;157883;205;2020-10-23;77077
2020-10-22;"Trnavský kraj";195;55;2;57;NA;157883;197;2020-10-22;76872
2020-10-21;"Trnavský kraj";134;73;3;76;NA;157883;137;2020-10-21;76675
2020-10-20;"Trnavský kraj";202;82;3;85;NA;157883;205;2020-10-20;76538
2020-10-19;"Trnavský kraj";67;55;0;55;NA;157883;67;2020-10-19;76333
2020-10-18;"Trnavský kraj";84;0;0;0;NA;157883;84;2020-10-18;76266
2020-10-17;"Trnavský kraj";123;0;0;0;NA;157883;123;2020-10-17;76182
2020-10-16;"Trnavský kraj";86;45;2;47;NA;157883;88;2020-10-16;76059
2020-10-15;"Trnavský kraj";155;66;2;68;NA;157883;157;2020-10-15;75971
2020-10-14;"Trnavský kraj";236;468;3;471;NA;157883;239;2020-10-14;75814
2020-10-13;"Trnavský kraj";138;16;2;18;NA;157883;140;2020-10-13;75575
2020-10-12;"Trnavský kraj";33;41;1;42;NA;157883;34;2020-10-12;75435
2020-10-11;"Trnavský kraj";31;0;0;0;NA;157883;31;2020-10-11;75401
2020-10-10;"Trnavský kraj";128;0;0;0;NA;157883;128;2020-10-10;75370
2020-10-09;"Trnavský kraj";156;0;0;0;NA;157883;156;2020-10-09;75242
2020-10-08;"Trnavský kraj";153;0;0;0;NA;157883;153;2020-10-08;75086
2020-10-07;"Trnavský kraj";80;0;0;0;NA;157883;80;2020-10-07;74933
2020-10-06;"Trnavský kraj";112;0;0;0;NA;157883;112;2020-10-06;74853
2020-10-05;"Trnavský kraj";33;0;0;0;NA;157883;33;2020-10-05;74741
2020-10-04;"Trnavský kraj";44;0;0;0;NA;157883;44;2020-10-04;74708
2020-10-03;"Trnavský kraj";60;0;0;0;NA;157883;60;2020-10-03;74664
2020-10-02;"Trnavský kraj";41;0;0;0;NA;157883;41;2020-10-02;74604
2020-10-01;"Trnavský kraj";53;0;0;0;NA;157883;53;2020-10-01;74563
2020-09-30;"Trnavský kraj";91;0;0;0;NA;157883;91;2020-09-30;74510
2020-09-29;"Trnavský kraj";40;0;0;0;NA;157883;40;2020-09-29;74419
2020-09-28;"Trnavský kraj";69;0;0;0;NA;157883;69;2020-09-28;74379
2020-09-27;"Trnavský kraj";30;0;0;0;NA;157883;30;2020-09-27;74310
2020-09-26;"Trnavský kraj";46;0;0;0;NA;157883;46;2020-09-26;74280
2020-09-25;"Trnavský kraj";32;0;0;0;NA;157883;32;2020-09-25;74234
2020-09-24;"Trnavský kraj";42;0;0;0;NA;157883;42;2020-09-24;74202
2020-09-23;"Trnavský kraj";43;0;0;0;NA;157883;43;2020-09-23;74160
2020-09-22;"Trnavský kraj";55;0;0;0;NA;157883;55;2020-09-22;74117
2020-09-21;"Trnavský kraj";41;0;0;0;NA;157883;41;2020-09-21;74062
2020-09-20;"Trnavský kraj";17;0;0;0;NA;157883;17;2020-09-20;74021
2020-09-19;"Trnavský kraj";4;0;0;0;NA;157883;4;2020-09-19;74004
2020-09-18;"Trnavský kraj";33;0;0;0;NA;157883;33;2020-09-18;74000
2020-09-17;"Trnavský kraj";42;0;0;0;NA;157883;42;2020-09-17;73967
2020-09-16;"Trnavský kraj";49;0;0;0;NA;157883;49;2020-09-16;73925
2020-09-15;"Trnavský kraj";5;0;0;0;NA;157883;5;2020-09-15;73876
2020-09-14;"Trnavský kraj";26;0;0;0;NA;157883;26;2020-09-14;73871
2020-09-13;"Trnavský kraj";9;0;0;0;NA;157883;9;2020-09-13;73845
2020-09-12;"Trnavský kraj";12;0;0;0;NA;157883;12;2020-09-12;73836
2020-09-11;"Trnavský kraj";16;0;0;0;NA;157883;16;2020-09-11;73824
2020-09-10;"Trnavský kraj";32;0;0;0;NA;157883;32;2020-09-10;73808
2020-09-09;"Trnavský kraj";14;0;0;0;NA;157883;14;2020-09-09;73776
2020-09-08;"Trnavský kraj";11;0;0;0;NA;157883;11;2020-09-08;73762
2020-09-07;"Trnavský kraj";7;0;0;0;NA;157883;7;2020-09-07;73751
2020-09-06;"Trnavský kraj";5;0;0;0;NA;157883;5;2020-09-06;73744
2020-09-05;"Trnavský kraj";7;0;0;0;NA;157883;7;2020-09-05;73739
2020-09-04;"Trnavský kraj";16;0;0;0;NA;157883;16;2020-09-04;73732
2020-09-03;"Trnavský kraj";8;0;0;0;NA;157883;8;2020-09-03;73716
2020-09-02;"Trnavský kraj";7;0;0;0;NA;157883;7;2020-09-02;73708
2020-09-01;"Trnavský kraj";1;0;0;0;NA;157883;1;2020-09-01;73701
2020-08-31;"Trnavský kraj";6;0;0;0;NA;157883;6;2020-08-31;73700
2020-08-30;"Trnavský kraj";1;0;0;0;NA;157883;1;2020-08-30;73694
2020-08-29;"Trnavský kraj";3;0;0;0;NA;157883;3;2020-08-29;73693
2020-08-28;"Trnavský kraj";14;0;0;0;NA;157883;14;2020-08-28;73690
2020-08-27;"Trnavský kraj";6;0;0;0;NA;157883;6;2020-08-27;73676
2020-08-26;"Trnavský kraj";4;0;0;0;NA;157883;4;2020-08-26;73670
2020-08-25;"Trnavský kraj";7;0;0;0;NA;157883;7;2020-08-25;73666
2020-08-24;"Trnavský kraj";1;0;0;0;NA;157883;1;2020-08-24;73659
2020-08-23;"Trnavský kraj";6;0;0;0;NA;157883;6;2020-08-23;73658
2020-08-22;"Trnavský kraj";3;0;0;0;NA;157883;3;2020-08-22;73652
2020-08-21;"Trnavský kraj";4;0;0;0;NA;157883;4;2020-08-21;73649
2020-08-20;"Trnavský kraj";23;0;0;0;NA;157883;23;2020-08-20;73645
2020-08-19;"Trnavský kraj";13;0;0;0;NA;157883;13;2020-08-19;73622
2020-08-18;"Trnavský kraj";20;0;0;0;NA;157883;20;2020-08-18;73609
2020-08-17;"Trnavský kraj";3;0;0;0;NA;157883;3;2020-08-17;73589
2020-08-15;"Trnavský kraj";7;0;0;0;NA;157883;7;2020-08-15;73586
2020-08-14;"Trnavský kraj";6;0;0;0;NA;157883;6;2020-08-14;73579
2020-08-13;"Trnavský kraj";10;0;0;0;NA;157883;10;2020-08-13;73573
2020-08-12;"Trnavský kraj";2;0;0;0;NA;157883;2;2020-08-12;73563
2020-08-11;"Trnavský kraj";30;0;0;0;NA;157883;30;2020-08-11;73561
2020-08-08;"Trnavský kraj";13;0;0;0;NA;157883;13;2020-08-08;73531
2020-08-07;"Trnavský kraj";4;0;0;0;NA;157883;4;2020-08-07;73518
2020-08-06;"Trnavský kraj";4;0;0;0;NA;157883;4;2020-08-06;73514
2020-08-04;"Trnavský kraj";1;0;0;0;NA;157883;1;2020-08-04;73510
2020-08-03;"Trnavský kraj";2;0;0;0;NA;157883;2;2020-08-03;73509
2020-08-02;"Trnavský kraj";1;0;0;0;NA;157883;1;2020-08-02;73507
2020-07-31;"Trnavský kraj";7;0;0;0;NA;157883;7;2020-07-31;73506
2020-07-30;"Trnavský kraj";6;0;0;0;NA;157883;6;2020-07-30;73499
2020-07-28;"Trnavský kraj";1;0;0;0;NA;157883;1;2020-07-28;73493
2020-07-27;"Trnavský kraj";2;0;0;0;NA;157883;2;2020-07-27;73492
2020-07-24;"Trnavský kraj";1;0;0;0;NA;157883;1;2020-07-24;73490
2020-07-23;"Trnavský kraj";2;0;0;0;NA;157883;2;2020-07-23;73489
2020-07-22;"Trnavský kraj";1;0;0;0;NA;157883;1;2020-07-22;73487
2020-07-21;"Trnavský kraj";2;0;0;0;NA;157883;2;2020-07-21;73486
2020-07-15;"Trnavský kraj";1;0;0;0;NA;157883;1;2020-07-15;73484
2020-07-08;"Trnavský kraj";3;0;0;0;NA;157883;3;2020-07-08;73483
2020-07-07;"Trnavský kraj";4;0;0;0;NA;157883;4;2020-07-07;73480
2020-07-02;"Trnavský kraj";3;0;0;0;NA;157883;3;2020-07-02;73476
2020-06-18;"Trnavský kraj";2;0;0;0;NA;157883;2;2020-06-18;73473
2020-05-25;"Trnavský kraj";1;0;0;0;NA;157883;1;2020-05-25;73471
2020-05-23;"Trnavský kraj";2;0;0;0;NA;157883;2;2020-05-23;73470
2020-05-20;"Trnavský kraj";2;0;0;0;NA;157883;2;2020-05-20;73468
2020-05-15;"Trnavský kraj";1;0;0;0;NA;157883;1;2020-05-15;73466
2020-05-11;"Trnavský kraj";2;0;0;0;NA;157883;2;2020-05-11;73465
2020-04-28;"Trnavský kraj";1;0;0;0;NA;157883;1;2020-04-28;73463
2020-04-25;"Trnavský kraj";2;0;0;0;NA;157883;2;2020-04-25;73462
2020-04-24;"Trnavský kraj";4;0;0;0;NA;157883;4;2020-04-24;73460
2020-04-23;"Trnavský kraj";5;0;0;0;NA;157883;5;2020-04-23;73456
2020-04-22;"Trnavský kraj";10;0;0;0;NA;157883;10;2020-04-22;73451
2020-04-21;"Trnavský kraj";5;0;0;0;NA;157883;5;2020-04-21;73441
2020-04-19;"Trnavský kraj";1;0;0;0;NA;157883;1;2020-04-19;73436
2020-04-18;"Trnavský kraj";4;0;0;0;NA;157883;4;2020-04-18;73435
2020-04-17;"Trnavský kraj";7;0;0;0;NA;157883;7;2020-04-17;73431
2020-04-16;"Trnavský kraj";5;0;0;0;NA;157883;5;2020-04-16;73424
2020-04-15;"Trnavský kraj";5;0;0;0;NA;157883;5;2020-04-15;73419
2020-04-14;"Trnavský kraj";1;0;0;0;NA;157883;1;2020-04-14;73414
2020-04-10;"Trnavský kraj";2;0;0;0;NA;157883;2;2020-04-10;73413
2020-04-09;"Trnavský kraj";3;0;0;0;NA;157883;3;2020-04-09;73411
2020-04-08;"Trnavský kraj";4;0;0;0;NA;157883;4;2020-04-08;73408
2020-04-07;"Trnavský kraj";6;0;0;0;NA;157883;6;2020-04-07;73404
2020-04-06;"Trnavský kraj";6;0;0;0;NA;157883;6;2020-04-06;73398
2020-04-05;"Trnavský kraj";1;0;0;0;NA;157883;1;2020-04-05;73392
2020-04-04;"Trnavský kraj";1;0;0;0;NA;157883;1;2020-04-04;73391
2020-04-03;"Trnavský kraj";3;0;0;0;NA;157883;3;2020-04-03;73390
2020-04-02;"Trnavský kraj";4;0;0;0;NA;157883;4;2020-04-02;73387
2020-03-31;"Trnavský kraj";3;0;0;0;NA;157883;3;2020-03-31;73383
2020-03-30;"Trnavský kraj";4;0;0;0;NA;157883;4;2020-03-30;73380
2020-03-29;"Trnavský kraj";1;0;0;0;NA;157883;1;2020-03-29;73376
2020-03-28;"Trnavský kraj";3;0;0;0;NA;157883;3;2020-03-28;73375
2020-03-27;"Trnavský kraj";5;0;0;0;NA;157883;5;2020-03-27;73372
2020-03-26;"Trnavský kraj";5;0;0;0;NA;157883;5;2020-03-26;73367
2020-03-25;"Trnavský kraj";1;0;0;0;NA;157883;1;2020-03-25;73362
2020-03-23;"Trnavský kraj";2;0;0;0;NA;157883;2;2020-03-23;73361
2020-03-22;"Trnavský kraj";1;0;0;0;NA;157883;1;2020-03-22;73359
2020-03-21;"Trnavský kraj";5;0;0;0;NA;157883;5;2020-03-21;73358
2020-03-17;"Trnavský kraj";3;0;0;0;NA;157883;3;2020-03-17;73353
2020-03-16;"Trnavský kraj";1;0;0;0;NA;157883;1;2020-03-16;73350
2020-03-13;"Trnavský kraj";1;0;0;0;NA;157883;1;2020-03-13;73349
2020-03-12;"Trnavský kraj";1;0;0;0;NA;157883;1;2020-03-12;73348
2021-03-30;"Žilinský kraj";406;22057;177;22234;52224;94261;583;2021-03-30;94261
2021-03-29;"Žilinský kraj";297;27503;264;27767;NA;94261;561;2021-03-29;93678
2021-03-28;"Žilinský kraj";21;19783;134;19917;NA;94261;155;2021-03-28;93117
2021-03-27;"Žilinský kraj";151;83525;348;83873;NA;94261;499;2021-03-27;92962
2021-03-26;"Žilinský kraj";312;51604;332;51936;NA;94261;644;2021-03-26;92463
2021-03-25;"Žilinský kraj";281;27425;214;27639;NA;94261;495;2021-03-25;91819
2021-03-24;"Žilinský kraj";280;21425;261;21686;NA;94261;541;2021-03-24;91324
2021-03-23;"Žilinský kraj";418;23171;278;23449;NA;94261;696;2021-03-23;90783
2021-03-22;"Žilinský kraj";293;29289;314;29603;NA;94261;607;2021-03-22;90087
2021-03-21;"Žilinský kraj";32;20978;125;21103;NA;94261;157;2021-03-21;89480
2021-03-20;"Žilinský kraj";165;84622;470;85092;NA;94261;635;2021-03-20;89323
2021-03-19;"Žilinský kraj";357;51763;413;52176;NA;94261;770;2021-03-19;88688
2021-03-18;"Žilinský kraj";329;28453;294;28747;NA;94261;623;2021-03-18;87918
2021-03-17;"Žilinský kraj";395;21916;269;22185;NA;94261;664;2021-03-17;87295
2021-03-16;"Žilinský kraj";514;24341;317;24658;NA;94261;831;2021-03-16;86631
2021-03-15;"Žilinský kraj";341;29592;419;30011;NA;94261;760;2021-03-15;85800
2021-03-14;"Žilinský kraj";87;31386;248;31634;NA;94261;335;2021-03-14;85040
2021-03-13;"Žilinský kraj";113;81469;503;81972;NA;94261;616;2021-03-13;84705
2021-03-12;"Žilinský kraj";520;51226;405;51631;NA;94261;925;2021-03-12;84089
2021-03-11;"Žilinský kraj";399;28478;309;28787;NA;94261;708;2021-03-11;83164
2021-03-10;"Žilinský kraj";368;22359;370;22729;NA;94261;738;2021-03-10;82456
2021-03-09;"Žilinský kraj";537;24850;316;25166;NA;94261;853;2021-03-09;81718
2021-03-08;"Žilinský kraj";387;30823;458;31281;NA;94261;845;2021-03-08;80865
2021-03-07;"Žilinský kraj";48;27903;228;28131;NA;94261;276;2021-03-07;80020
2021-03-06;"Žilinský kraj";173;84792;556;85348;NA;94261;729;2021-03-06;79744
2021-03-05;"Žilinský kraj";369;51742;483;52225;NA;94261;852;2021-03-05;79015
2021-03-04;"Žilinský kraj";467;30138;377;30515;NA;94261;844;2021-03-04;78163
2021-03-03;"Žilinský kraj";448;26278;395;26673;NA;94261;843;2021-03-03;77319
2021-03-02;"Žilinský kraj";551;25665;378;26043;NA;94261;929;2021-03-02;76476
2021-03-01;"Žilinský kraj";375;31025;441;31466;NA;94261;816;2021-03-01;75547
2021-02-28;"Žilinský kraj";61;26038;240;26278;NA;94261;301;2021-02-28;74731
2021-02-27;"Žilinský kraj";159;69790;541;70331;NA;94261;700;2021-02-27;74430
2021-02-26;"Žilinský kraj";459;47494;508;48002;NA;94261;967;2021-02-26;73730
2021-02-25;"Žilinský kraj";347;30274;389;30663;NA;94261;736;2021-02-25;72763
2021-02-24;"Žilinský kraj";339;18745;395;19140;NA;94261;734;2021-02-24;72027
2021-02-23;"Žilinský kraj";437;22418;418;22836;NA;94261;855;2021-02-23;71293
2021-02-22;"Žilinský kraj";345;29268;438;29706;NA;94261;783;2021-02-22;70438
2021-02-21;"Žilinský kraj";36;23909;273;24182;NA;94261;309;2021-02-21;69655
2021-02-20;"Žilinský kraj";152;73122;602;73724;NA;94261;754;2021-02-20;69346
2021-02-19;"Žilinský kraj";337;44806;415;45221;NA;94261;752;2021-02-19;68592
2021-02-18;"Žilinský kraj";263;22728;335;23063;NA;94261;598;2021-02-18;67840
2021-02-17;"Žilinský kraj";269;17932;355;18287;NA;94261;624;2021-02-17;67242
2021-02-16;"Žilinský kraj";321;23049;316;23365;NA;94261;637;2021-02-16;66618
2021-02-15;"Žilinský kraj";230;30405;311;30716;NA;94261;541;2021-02-15;65981
2021-02-14;"Žilinský kraj";30;20662;184;20846;NA;94261;214;2021-02-14;65440
2021-02-13;"Žilinský kraj";91;66387;429;66816;NA;94261;520;2021-02-13;65226
2021-02-12;"Žilinský kraj";242;42686;335;43021;NA;94261;577;2021-02-12;64706
2021-02-11;"Žilinský kraj";228;23345;296;23641;NA;94261;524;2021-02-11;64129
2021-02-10;"Žilinský kraj";259;17434;261;17695;NA;94261;520;2021-02-10;63605
2021-02-09;"Žilinský kraj";377;24917;276;25193;NA;94261;653;2021-02-09;63085
2021-02-08;"Žilinský kraj";160;41238;388;41626;NA;94261;548;2021-02-08;62432
2021-02-07;"Žilinský kraj";24;39435;208;39643;NA;94261;232;2021-02-07;61884
2021-02-06;"Žilinský kraj";71;67677;331;68008;NA;94261;402;2021-02-06;61652
2021-02-05;"Žilinský kraj";248;31983;323;32306;NA;94261;571;2021-02-05;61250
2021-02-04;"Žilinský kraj";238;11919;246;12165;NA;94261;484;2021-02-04;60679
2021-02-03;"Žilinský kraj";194;8962;259;9221;NA;94261;453;2021-02-03;60195
2021-02-02;"Žilinský kraj";216;9378;274;9652;NA;94261;490;2021-02-02;59742
2021-02-01;"Žilinský kraj";220;19483;363;19846;NA;94261;583;2021-02-01;59252
2021-01-31;"Žilinský kraj";11;42;1;43;NA;94261;12;2021-01-31;58669
2021-01-30;"Žilinský kraj";85;15492;158;15650;NA;94261;243;2021-01-30;58657
2021-01-29;"Žilinský kraj";209;22890;304;23194;NA;94261;513;2021-01-29;58414
2021-01-28;"Žilinský kraj";240;5625;175;5800;NA;94261;415;2021-01-28;57901
2021-01-27;"Žilinský kraj";256;7136;123;7259;NA;94261;379;2021-01-27;57486
2021-01-26;"Žilinský kraj";245;49569;343;49912;NA;94261;588;2021-01-26;57107
2021-01-25;"Žilinský kraj";159;18637;131;18768;NA;94261;290;2021-01-25;56519
2021-01-24;"Žilinský kraj";22;31984;138;32122;NA;94261;160;2021-01-24;56229
2021-01-23;"Žilinský kraj";91;88667;395;89062;NA;94261;486;2021-01-23;56069
2021-01-22;"Žilinský kraj";163;27943;229;28172;NA;94261;392;2021-01-22;55583
2021-01-21;"Žilinský kraj";116;18697;172;18869;NA;94261;288;2021-01-21;55191
2021-01-20;"Žilinský kraj";236;17484;171;17655;NA;94261;407;2021-01-20;54903
2021-01-19;"Žilinský kraj";245;14087;247;14334;NA;94261;492;2021-01-19;54496
2021-01-18;"Žilinský kraj";236;12537;334;12871;NA;94261;570;2021-01-18;54004
2021-01-17;"Žilinský kraj";95;113;2;115;NA;94261;97;2021-01-17;53434
2021-01-16;"Žilinský kraj";14;314;8;322;NA;94261;22;2021-01-16;53337
2021-01-15;"Žilinský kraj";248;7256;203;7459;NA;94261;451;2021-01-15;53315
2021-01-14;"Žilinský kraj";166;5610;249;5859;NA;94261;415;2021-01-14;52864
2021-01-13;"Žilinský kraj";247;11307;553;11860;NA;94261;800;2021-01-13;52449
2021-01-12;"Žilinský kraj";376;8798;418;9216;NA;94261;794;2021-01-12;51649
2021-01-11;"Žilinský kraj";351;10348;510;10858;NA;94261;861;2021-01-11;50855
2021-01-10;"Žilinský kraj";38;189;7;196;NA;94261;45;2021-01-10;49994
2021-01-09;"Žilinský kraj";192;1992;85;2077;NA;94261;277;2021-01-09;49949
2021-01-08;"Žilinský kraj";413;9234;500;9734;NA;94261;913;2021-01-08;49672
2021-01-07;"Žilinský kraj";438;23513;1881;25394;NA;94261;2319;2021-01-07;48759
2021-01-06;"Žilinský kraj";145;1338;89;1427;NA;94261;234;2021-01-06;46440
2021-01-05;"Žilinský kraj";717;11147;915;12062;NA;94261;1632;2021-01-05;46206
2021-01-04;"Žilinský kraj";479;9376;959;10335;NA;94261;1438;2021-01-04;44574
2021-01-03;"Žilinský kraj";13;33;4;37;NA;94261;17;2021-01-03;43136
2021-01-02;"Žilinský kraj";98;746;86;832;NA;94261;184;2021-01-02;43119
2021-01-01;"Žilinský kraj";118;552;36;588;NA;94261;154;2021-01-01;42935
2020-12-31;"Žilinský kraj";395;10040;814;10854;NA;94261;1209;2020-12-31;42781
2020-12-30;"Žilinský kraj";1038;12026;846;12872;NA;94261;1884;2020-12-30;41572
2020-12-29;"Žilinský kraj";256;10593;1044;11637;NA;94261;1300;2020-12-29;39688
2020-12-28;"Žilinský kraj";406;10481;991;11472;NA;94261;1397;2020-12-28;38388
2020-12-27;"Žilinský kraj";40;662;80;742;NA;94261;120;2020-12-27;36991
2020-12-26;"Žilinský kraj";135;124;14;138;NA;94261;149;2020-12-26;36871
2020-12-25;"Žilinský kraj";66;111;10;121;NA;94261;76;2020-12-25;36722
2020-12-24;"Žilinský kraj";643;1018;75;1093;NA;94261;718;2020-12-24;36646
2020-12-23;"Žilinský kraj";228;17146;997;18143;NA;94261;1225;2020-12-23;35928
2020-12-22;"Žilinský kraj";519;13103;1002;14105;NA;94261;1521;2020-12-22;34703
2020-12-21;"Žilinský kraj";444;12622;1100;13722;NA;94261;1544;2020-12-21;33182
2020-12-20;"Žilinský kraj";36;579;73;652;NA;94261;109;2020-12-20;31638
2020-12-19;"Žilinský kraj";208;2080;144;2224;NA;94261;352;2020-12-19;31529
2020-12-18;"Žilinský kraj";333;6899;402;7301;NA;94261;735;2020-12-18;31177
2020-12-17;"Žilinský kraj";500;4248;280;4528;NA;94261;780;2020-12-17;30442
2020-12-16;"Žilinský kraj";333;4000;285;4285;NA;94261;618;2020-12-16;29662
2020-12-15;"Žilinský kraj";528;4182;377;4559;NA;94261;905;2020-12-15;29044
2020-12-14;"Žilinský kraj";321;4273;355;4628;NA;94261;676;2020-12-14;28139
2020-12-13;"Žilinský kraj";26;529;66;595;NA;94261;92;2020-12-13;27463
2020-12-12;"Žilinský kraj";95;1061;53;1114;NA;94261;148;2020-12-12;27371
2020-12-11;"Žilinský kraj";455;4513;274;4787;NA;94261;729;2020-12-11;27223
2020-12-10;"Žilinský kraj";166;9342;840;10182;NA;94261;1006;2020-12-10;26494
2020-12-09;"Žilinský kraj";392;2258;129;2387;NA;94261;521;2020-12-09;25488
2020-12-08;"Žilinský kraj";331;3218;127;3345;NA;94261;458;2020-12-08;24967
2020-12-07;"Žilinský kraj";348;2289;121;2410;NA;94261;469;2020-12-07;24509
2020-12-06;"Žilinský kraj";15;147;4;151;NA;94261;19;2020-12-06;24040
2020-12-05;"Žilinský kraj";98;1237;45;1282;NA;94261;143;2020-12-05;24021
2020-12-04;"Žilinský kraj";228;2884;123;3007;NA;94261;351;2020-12-04;23878
2020-12-03;"Žilinský kraj";237;1415;119;1534;NA;94261;356;2020-12-03;23527
2020-12-02;"Žilinský kraj";181;1538;82;1620;NA;94261;263;2020-12-02;23171
2020-12-01;"Žilinský kraj";209;6534;309;6843;NA;94261;518;2020-12-01;22908
2020-11-30;"Žilinský kraj";203;5235;291;5526;NA;94261;494;2020-11-30;22390
2020-11-29;"Žilinský kraj";18;81;7;88;NA;94261;25;2020-11-29;21896
2020-11-28;"Žilinský kraj";99;349;15;364;NA;94261;114;2020-11-28;21871
2020-11-27;"Žilinský kraj";218;913;46;959;NA;94261;264;2020-11-27;21757
2020-11-26;"Žilinský kraj";190;1104;57;1161;NA;94261;247;2020-11-26;21493
2020-11-25;"Žilinský kraj";225;1217;49;1266;NA;94261;274;2020-11-25;21246
2020-11-24;"Žilinský kraj";213;2092;67;2159;NA;94261;280;2020-11-24;20972
2020-11-23;"Žilinský kraj";170;759;44;803;NA;94261;214;2020-11-23;20692
2020-11-22;"Žilinský kraj";11;0;0;0;NA;94261;11;2020-11-22;20478
2020-11-21;"Žilinský kraj";61;505;20;525;NA;94261;81;2020-11-21;20467
2020-11-20;"Žilinský kraj";251;1074;45;1119;NA;94261;296;2020-11-20;20386
2020-11-19;"Žilinský kraj";252;752;61;813;NA;94261;313;2020-11-19;20090
2020-11-18;"Žilinský kraj";346;348;15;363;NA;94261;361;2020-11-18;19777
2020-11-17;"Žilinský kraj";123;490;15;505;NA;94261;138;2020-11-17;19416
2020-11-16;"Žilinský kraj";227;206;13;219;NA;94261;240;2020-11-16;19278
2020-11-15;"Žilinský kraj";63;13;0;13;NA;94261;63;2020-11-15;19038
2020-11-14;"Žilinský kraj";189;1038;11;1049;NA;94261;200;2020-11-14;18975
2020-11-13;"Žilinský kraj";181;125;9;134;NA;94261;190;2020-11-13;18775
2020-11-12;"Žilinský kraj";334;79;2;81;NA;94261;336;2020-11-12;18585
2020-11-11;"Žilinský kraj";489;147;10;157;NA;94261;499;2020-11-11;18249
2020-11-10;"Žilinský kraj";374;519;9;528;NA;94261;383;2020-11-10;17750
2020-11-09;"Žilinský kraj";143;2335;30;2365;NA;94261;173;2020-11-09;17367
2020-11-08;"Žilinský kraj";59;2196;35;2231;NA;94261;94;2020-11-08;17194
2020-11-07;"Žilinský kraj";312;8175;88;8263;NA;94261;400;2020-11-07;17100
2020-11-06;"Žilinský kraj";503;4090;38;4128;NA;94261;541;2020-11-06;16700
2020-11-05;"Žilinský kraj";473;64;4;68;NA;94261;477;2020-11-05;16159
2020-11-04;"Žilinský kraj";423;76;7;83;NA;94261;430;2020-11-04;15682
2020-11-03;"Žilinský kraj";688;889;16;905;NA;94261;704;2020-11-03;15252
2020-11-02;"Žilinský kraj";472;1043;39;1082;NA;94261;511;2020-11-02;14548
2020-11-01;"Žilinský kraj";349;5096;130;5226;NA;94261;479;2020-11-01;14037
2020-10-31;"Žilinský kraj";661;7963;203;8166;NA;94261;864;2020-10-31;13558
2020-10-30;"Žilinský kraj";529;2575;61;2636;NA;94261;590;2020-10-30;12694
2020-10-29;"Žilinský kraj";740;503;17;520;NA;94261;757;2020-10-29;12104
2020-10-28;"Žilinský kraj";635;105;11;116;NA;94261;646;2020-10-28;11347
2020-10-27;"Žilinský kraj";355;154;24;178;NA;94261;379;2020-10-27;10701
2020-10-26;"Žilinský kraj";148;117;28;145;NA;94261;176;2020-10-26;10322
2020-10-25;"Žilinský kraj";436;0;0;0;NA;94261;436;2020-10-25;10146
2020-10-24;"Žilinský kraj";803;0;0;0;NA;94261;803;2020-10-24;9710
2020-10-23;"Žilinský kraj";659;102;13;115;NA;94261;672;2020-10-23;8907
2020-10-22;"Žilinský kraj";525;33;3;36;NA;94261;528;2020-10-22;8235
2020-10-21;"Žilinský kraj";478;74;14;88;NA;94261;492;2020-10-21;7707
2020-10-20;"Žilinský kraj";524;127;8;135;NA;94261;532;2020-10-20;7215
2020-10-19;"Žilinský kraj";70;80;12;92;NA;94261;82;2020-10-19;6683
2020-10-18;"Žilinský kraj";159;0;0;0;NA;94261;159;2020-10-18;6601
2020-10-17;"Žilinský kraj";509;0;0;0;NA;94261;509;2020-10-17;6442
2020-10-16;"Žilinský kraj";603;51;9;60;NA;94261;612;2020-10-16;5933
2020-10-15;"Žilinský kraj";679;61;3;64;NA;94261;682;2020-10-15;5321
2020-10-14;"Žilinský kraj";523;269;6;275;NA;94261;529;2020-10-14;4639
2020-10-13;"Žilinský kraj";367;458;40;498;NA;94261;407;2020-10-13;4110
2020-10-12;"Žilinský kraj";62;0;0;0;NA;94261;62;2020-10-12;3703
2020-10-11;"Žilinský kraj";50;0;0;0;NA;94261;50;2020-10-11;3641
2020-10-10;"Žilinský kraj";213;0;0;0;NA;94261;213;2020-10-10;3591
2020-10-09;"Žilinský kraj";543;0;0;0;NA;94261;543;2020-10-09;3378
2020-10-08;"Žilinský kraj";238;0;0;0;NA;94261;238;2020-10-08;2835
2020-10-07;"Žilinský kraj";168;0;0;0;NA;94261;168;2020-10-07;2597
2020-10-06;"Žilinský kraj";233;0;0;0;NA;94261;233;2020-10-06;2429
2020-10-05;"Žilinský kraj";33;0;0;0;NA;94261;33;2020-10-05;2196
2020-10-04;"Žilinský kraj";35;0;0;0;NA;94261;35;2020-10-04;2163
2020-10-03;"Žilinský kraj";155;0;0;0;NA;94261;155;2020-10-03;2128
2020-10-02;"Žilinský kraj";105;0;0;0;NA;94261;105;2020-10-02;1973
2020-10-01;"Žilinský kraj";147;0;0;0;NA;94261;147;2020-10-01;1868
2020-09-30;"Žilinský kraj";163;0;0;0;NA;94261;163;2020-09-30;1721
2020-09-29;"Žilinský kraj";105;0;0;0;NA;94261;105;2020-09-29;1558
2020-09-28;"Žilinský kraj";34;0;0;0;NA;94261;34;2020-09-28;1453
2020-09-27;"Žilinský kraj";108;0;0;0;NA;94261;108;2020-09-27;1419
2020-09-26;"Žilinský kraj";96;0;0;0;NA;94261;96;2020-09-26;1311
2020-09-25;"Žilinský kraj";69;0;0;0;NA;94261;69;2020-09-25;1215
2020-09-24;"Žilinský kraj";100;0;0;0;NA;94261;100;2020-09-24;1146
2020-09-23;"Žilinský kraj";65;0;0;0;NA;94261;65;2020-09-23;1046
2020-09-22;"Žilinský kraj";65;0;0;0;NA;94261;65;2020-09-22;981
2020-09-21;"Žilinský kraj";47;0;0;0;NA;94261;47;2020-09-21;916
2020-09-20;"Žilinský kraj";4;0;0;0;NA;94261;4;2020-09-20;869
2020-09-19;"Žilinský kraj";6;0;0;0;NA;94261;6;2020-09-19;865
2020-09-18;"Žilinský kraj";82;0;0;0;NA;94261;82;2020-09-18;859
2020-09-17;"Žilinský kraj";30;0;0;0;NA;94261;30;2020-09-17;777
2020-09-16;"Žilinský kraj";34;0;0;0;NA;94261;34;2020-09-16;747
2020-09-15;"Žilinský kraj";12;0;0;0;NA;94261;12;2020-09-15;713
2020-09-14;"Žilinský kraj";39;0;0;0;NA;94261;39;2020-09-14;701
2020-09-13;"Žilinský kraj";6;0;0;0;NA;94261;6;2020-09-13;662
2020-09-12;"Žilinský kraj";4;0;0;0;NA;94261;4;2020-09-12;656
2020-09-11;"Žilinský kraj";31;0;0;0;NA;94261;31;2020-09-11;652
2020-09-10;"Žilinský kraj";31;0;0;0;NA;94261;31;2020-09-10;621
2020-09-09;"Žilinský kraj";23;0;0;0;NA;94261;23;2020-09-09;590
2020-09-08;"Žilinský kraj";25;0;0;0;NA;94261;25;2020-09-08;567
2020-09-07;"Žilinský kraj";11;0;0;0;NA;94261;11;2020-09-07;542
2020-09-05;"Žilinský kraj";2;0;0;0;NA;94261;2;2020-09-05;531
2020-09-04;"Žilinský kraj";33;0;0;0;NA;94261;33;2020-09-04;529
2020-09-03;"Žilinský kraj";18;0;0;0;NA;94261;18;2020-09-03;496
2020-09-02;"Žilinský kraj";16;0;0;0;NA;94261;16;2020-09-02;478
2020-09-01;"Žilinský kraj";4;0;0;0;NA;94261;4;2020-09-01;462
2020-08-31;"Žilinský kraj";5;0;0;0;NA;94261;5;2020-08-31;458
2020-08-30;"Žilinský kraj";3;0;0;0;NA;94261;3;2020-08-30;453
2020-08-29;"Žilinský kraj";5;0;0;0;NA;94261;5;2020-08-29;450
2020-08-28;"Žilinský kraj";13;0;0;0;NA;94261;13;2020-08-28;445
2020-08-27;"Žilinský kraj";18;0;0;0;NA;94261;18;2020-08-27;432
2020-08-26;"Žilinský kraj";8;0;0;0;NA;94261;8;2020-08-26;414
2020-08-25;"Žilinský kraj";2;0;0;0;NA;94261;2;2020-08-25;406
2020-08-24;"Žilinský kraj";5;0;0;0;NA;94261;5;2020-08-24;404
2020-08-21;"Žilinský kraj";10;0;0;0;NA;94261;10;2020-08-21;399
2020-08-20;"Žilinský kraj";13;0;0;0;NA;94261;13;2020-08-20;389
2020-08-19;"Žilinský kraj";7;0;0;0;NA;94261;7;2020-08-19;376
2020-08-18;"Žilinský kraj";9;0;0;0;NA;94261;9;2020-08-18;369
2020-08-17;"Žilinský kraj";1;0;0;0;NA;94261;1;2020-08-17;360
2020-08-14;"Žilinský kraj";4;0;0;0;NA;94261;4;2020-08-14;359
2020-08-13;"Žilinský kraj";2;0;0;0;NA;94261;2;2020-08-13;355
2020-08-11;"Žilinský kraj";4;0;0;0;NA;94261;4;2020-08-11;353
2020-08-10;"Žilinský kraj";1;0;0;0;NA;94261;1;2020-08-10;349
2020-08-08;"Žilinský kraj";3;0;0;0;NA;94261;3;2020-08-08;348
2020-08-07;"Žilinský kraj";8;0;0;0;NA;94261;8;2020-08-07;345
2020-08-06;"Žilinský kraj";1;0;0;0;NA;94261;1;2020-08-06;337
2020-08-05;"Žilinský kraj";1;0;0;0;NA;94261;1;2020-08-05;336
2020-08-04;"Žilinský kraj";2;0;0;0;NA;94261;2;2020-08-04;335
2020-08-02;"Žilinský kraj";1;0;0;0;NA;94261;1;2020-08-02;333
2020-07-31;"Žilinský kraj";4;0;0;0;NA;94261;4;2020-07-31;332
2020-07-30;"Žilinský kraj";2;0;0;0;NA;94261;2;2020-07-30;328
2020-07-29;"Žilinský kraj";2;0;0;0;NA;94261;2;2020-07-29;326
2020-07-28;"Žilinský kraj";4;0;0;0;NA;94261;4;2020-07-28;324
2020-07-27;"Žilinský kraj";6;0;0;0;NA;94261;6;2020-07-27;320
2020-07-24;"Žilinský kraj";2;0;0;0;NA;94261;2;2020-07-24;314
2020-07-22;"Žilinský kraj";1;0;0;0;NA;94261;1;2020-07-22;312
2020-07-21;"Žilinský kraj";2;0;0;0;NA;94261;2;2020-07-21;311
2020-07-20;"Žilinský kraj";3;0;0;0;NA;94261;3;2020-07-20;309
2020-07-17;"Žilinský kraj";2;0;0;0;NA;94261;2;2020-07-17;306
2020-07-16;"Žilinský kraj";2;0;0;0;NA;94261;2;2020-07-16;304
2020-07-15;"Žilinský kraj";2;0;0;0;NA;94261;2;2020-07-15;302
2020-07-14;"Žilinský kraj";1;0;0;0;NA;94261;1;2020-07-14;300
2020-07-11;"Žilinský kraj";2;0;0;0;NA;94261;2;2020-07-11;299
2020-07-10;"Žilinský kraj";3;0;0;0;NA;94261;3;2020-07-10;297
2020-07-09;"Žilinský kraj";2;0;0;0;NA;94261;2;2020-07-09;294
2020-07-08;"Žilinský kraj";10;0;0;0;NA;94261;10;2020-07-08;292
2020-07-07;"Žilinský kraj";7;0;0;0;NA;94261;7;2020-07-07;282
2020-07-04;"Žilinský kraj";10;0;0;0;NA;94261;10;2020-07-04;275
2020-07-03;"Žilinský kraj";18;0;0;0;NA;94261;18;2020-07-03;265
2020-07-02;"Žilinský kraj";7;0;0;0;NA;94261;7;2020-07-02;247
2020-06-30;"Žilinský kraj";4;0;0;0;NA;94261;4;2020-06-30;240
2020-06-28;"Žilinský kraj";1;0;0;0;NA;94261;1;2020-06-28;236
2020-06-27;"Žilinský kraj";3;0;0;0;NA;94261;3;2020-06-27;235
2020-06-26;"Žilinský kraj";5;0;0;0;NA;94261;5;2020-06-26;232
2020-06-25;"Žilinský kraj";7;0;0;0;NA;94261;7;2020-06-25;227
2020-06-24;"Žilinský kraj";11;0;0;0;NA;94261;11;2020-06-24;220
2020-06-23;"Žilinský kraj";9;0;0;0;NA;94261;9;2020-06-23;209
2020-06-21;"Žilinský kraj";1;0;0;0;NA;94261;1;2020-06-21;200
2020-06-20;"Žilinský kraj";1;0;0;0;NA;94261;1;2020-06-20;199
2020-06-19;"Žilinský kraj";4;0;0;0;NA;94261;4;2020-06-19;198
2020-06-18;"Žilinský kraj";1;0;0;0;NA;94261;1;2020-06-18;194
2020-06-16;"Žilinský kraj";1;0;0;0;NA;94261;1;2020-06-16;193
2020-06-09;"Žilinský kraj";1;0;0;0;NA;94261;1;2020-06-09;192
2020-05-27;"Žilinský kraj";1;0;0;0;NA;94261;1;2020-05-27;191
2020-05-26;"Žilinský kraj";1;0;0;0;NA;94261;1;2020-05-26;190
2020-05-19;"Žilinský kraj";1;0;0;0;NA;94261;1;2020-05-19;189
2020-05-06;"Žilinský kraj";2;0;0;0;NA;94261;2;2020-05-06;188
2020-05-05;"Žilinský kraj";3;0;0;0;NA;94261;3;2020-05-05;186
2020-05-04;"Žilinský kraj";3;0;0;0;NA;94261;3;2020-05-04;183
2020-05-03;"Žilinský kraj";1;0;0;0;NA;94261;1;2020-05-03;180
2020-05-01;"Žilinský kraj";1;0;0;0;NA;94261;1;2020-05-01;179
2020-04-25;"Žilinský kraj";2;0;0;0;NA;94261;2;2020-04-25;178
2020-04-24;"Žilinský kraj";1;0;0;0;NA;94261;1;2020-04-24;176
2020-04-23;"Žilinský kraj";2;0;0;0;NA;94261;2;2020-04-23;175
2020-04-22;"Žilinský kraj";9;0;0;0;NA;94261;9;2020-04-22;173
2020-04-21;"Žilinský kraj";1;0;0;0;NA;94261;1;2020-04-21;164
2020-04-20;"Žilinský kraj";4;0;0;0;NA;94261;4;2020-04-20;163
2020-04-18;"Žilinský kraj";49;0;0;0;NA;94261;49;2020-04-18;159
2020-04-17;"Žilinský kraj";3;0;0;0;NA;94261;3;2020-04-17;110
2020-04-16;"Žilinský kraj";4;0;0;0;NA;94261;4;2020-04-16;107
2020-04-15;"Žilinský kraj";7;0;0;0;NA;94261;7;2020-04-15;103
2020-04-14;"Žilinský kraj";1;0;0;0;NA;94261;1;2020-04-14;96
2020-04-13;"Žilinský kraj";2;0;0;0;NA;94261;2;2020-04-13;95
2020-04-12;"Žilinský kraj";5;0;0;0;NA;94261;5;2020-04-12;93
2020-04-11;"Žilinský kraj";2;0;0;0;NA;94261;2;2020-04-11;88
2020-04-10;"Žilinský kraj";1;0;0;0;NA;94261;1;2020-04-10;86
2020-04-09;"Žilinský kraj";1;0;0;0;NA;94261;1;2020-04-09;85
2020-04-08;"Žilinský kraj";3;0;0;0;NA;94261;3;2020-04-08;84
2020-04-07;"Žilinský kraj";5;0;0;0;NA;94261;5;2020-04-07;81
2020-04-06;"Žilinský kraj";6;0;0;0;NA;94261;6;2020-04-06;76
2020-04-05;"Žilinský kraj";8;0;0;0;NA;94261;8;2020-04-05;70
2020-04-03;"Žilinský kraj";3;0;0;0;NA;94261;3;2020-04-03;62
2020-04-02;"Žilinský kraj";5;0;0;0;NA;94261;5;2020-04-02;59
2020-04-01;"Žilinský kraj";4;0;0;0;NA;94261;4;2020-04-01;54
2020-03-31;"Žilinský kraj";1;0;0;0;NA;94261;1;2020-03-31;50
2020-03-30;"Žilinský kraj";3;0;0;0;NA;94261;3;2020-03-30;49
2020-03-28;"Žilinský kraj";1;0;0;0;NA;94261;1;2020-03-28;46
2020-03-27;"Žilinský kraj";9;0;0;0;NA;94261;9;2020-03-27;45
2020-03-26;"Žilinský kraj";4;0;0;0;NA;94261;4;2020-03-26;36
2020-03-25;"Žilinský kraj";1;0;0;0;NA;94261;1;2020-03-25;32
2020-03-24;"Žilinský kraj";2;0;0;0;NA;94261;2;2020-03-24;31
2020-03-23;"Žilinský kraj";3;0;0;0;NA;94261;3;2020-03-23;29
2020-03-22;"Žilinský kraj";1;0;0;0;NA;94261;1;2020-03-22;26
2020-03-21;"Žilinský kraj";2;0;0;0;NA;94261;2;2020-03-21;25
2020-03-20;"Žilinský kraj";4;0;0;0;NA;94261;4;2020-03-20;23
2020-03-19;"Žilinský kraj";2;0;0;0;NA;94261;2;2020-03-19;19
2020-03-18;"Žilinský kraj";1;0;0;0;NA;94261;1;2020-03-18;17
2020-03-17;"Žilinský kraj";5;0;0;0;NA;94261;5;2020-03-17;16
2020-03-16;"Žilinský kraj";1;0;0;0;NA;94261;1;2020-03-16;11
2020-03-15;"Žilinský kraj";2;0;0;0;NA;94261;2;2020-03-15;10
2020-03-14;"Žilinský kraj";1;0;0;0;NA;94261;1;2020-03-14;8
2020-03-13;"Žilinský kraj";5;0;0;0;NA;94261;5;2020-03-13;7
2020-03-12;"Žilinský kraj";1;0;0;0;NA;94261;1;2020-03-12;2
2020-03-09;"Žilinský kraj";1;0;0;0;NA;94261;1;2020-03-09;1
